Maxent_result_files_1/Bombus_handlirschianus_2.asc
NCOLS 594 
NROWS 330 
XLLCORNER -15 
YLLCORNER 23 
CELLSIZE 0.166666666666667 
NODATA_value -9999 
[rows 140 to 159 of 330, columns 450 to 494 of 594]
0.000296412167517701 0.000407615727453958 0.000384105362172704 0.000232770786533365 0.000142872736614663 0.000189908166066743 0.000199872476514429 0.00185156264342368 0.00174959170253715 0.0284646020270884 0.00298619011882693 0.00015276493759302 0.005727817886509 0.00156017254339531 0.00252153981127776 0.00119074902904686 0.00148787851212546 0.00187003945466131 0.0023494103748817 0.00474991522496566 0.00285086981020868 0.00313613732578233 0.00149911453190725 0.000650489851977909 0.00119755211126176 0.00147175224556122 0.00683850809000433 0.00188940357766114 0.000646975873678457 0.000697481603128836 0.000101732760595041 0.00112368813133799 9.84726659225998e-05 0.00342654017731547 0.00572541215224192 0.00502875950187445 0.00135371089563705 0.00218553708982654 0.00249686077004299 0.00143392747268081 0.00175265762372874 0.00353013545973226 0.00211621359921992 0.00298798071453348 0.00121215707622468
0.000310994870233117 0.000435031751112547 0.00037857333663851 0.000192135634279111 0.000274219339189585 0.00162702944362536 0.000196984440844972 0.00572265451774001 0.000215958106855396 0.000221696402877569 0.00272354694316164 0.00285094760474749 7.36531870643375e-05 0.000731640912999865 0.000615697037210339 0.00141764950240031 0.00100168923090678 0.000906298421614338 0.00193079435266554 0.0019778842193773 0.00126138798950706 0.00011137230831082 9.49252309510484e-05 0.00103613101891824 0.00112460657546762 0.00383361817803234 0.00133630461350549 0.0017660835350398 0.00562737537547946 8.06532705610152e-05 0.000948819940094836 0.00166099072084762 0.014051109040156 0.014403564017266 0.0101028355769813 0.00747898377012461 0.0038448890671134 0.00375135438516736 0.00195644037448801 0.0137464945670217 0.0132445588242263 0.0130297947209328 0.00209371102973819 0.00163741314318031 0.00117139090434648
0.000222661759471521 0.000213624249226996 0.00220702624646947 0.000151553104660707 0.000131599216183531 0.000994792998972116 0.000165526058844989 0.000140483880386455 0.0001450573123293 0.000688239959708881 0.00216987633612007 0.0015917089607683 0.00172279195103329 0.000131364612389007 0.00141729781171307 0.00170823665393982 0.0024390212027356 0.00153717545617837 0.00154476832249202 0.00143222562473966 0.00249894088483416 0.00270712320343591 8.79820076079341e-05 0.00166355443943758 0.00151828986709006 0.00204278090968728 0.00671197597403079 0.00591194941662252 0.0120956475846469 0.00211845902958885 0.000998453282227274 0.00228713524411432 0.00213736236910336 0.0134150348603725 0.00341479262569919 0.00961767081171274 0.00378559675300494 0.0133567235432565 0.0131788196973503 0.0127969508524984 0.0129793208092451 0.00232142183813266 0.0128043569158763 0.00200305905309506 0.00102942390803946
0.000885787809966132 0.00212612015166087 0.0015936513984343 0.00299505073926412 0.00175317166431341 0.00178407079802128 0.000142324017724604 0.000131260818670853 0.000118291188846342 0.000294469490472693 0.000676576721889432 0.00152318196196575 0.00130041559968959 0.00169300228881184 0.00187399590504356 0.000477450641847099 0.00203803510521539 0.00149729553377256 0.00215414656559005 0.00194910534191877 0.00144980891782325 0.00100393103930401 0.00530240419320762 0.00587230926612392 0.00101988914611866 0.00377820690628141 0.0136850863229483 0.0084184939507395 0.0121067621279508 0.00131779763323721 0.0016602972347755 0.0013386868609814 0.00399382147006691 0.0129418706521392 0.0040056967176497 0.00611924433615059 0.0131511837244034 0.013410783931613 0.0130205925554037 0.00608947169966996 0.00771053461357951 0.00293322802172042 0.00282808582414873 0.0016465186025016 0.00148061198997311
0.00329381600022316 0.000206332590460079 0.00173700920349802 0.00229035126976669 0.00193581925705075 0.000158803697559051 0.0016503885097336 0.00198707172239665 0.00201945487642661 0.00164426083792932 0.0018875790090533 0.000567192770904512 0.000530689437073306 0.000107398204636411 0.0012759927980369 0.00127431129076285 0.00122798628726741 0.000496436911271303 0.00189165035844781 0.00117465337971225 0.000416029089319636 7.78838675614679e-05 0.0115951117826626 0.00744024554733187 0.000780191204103176 0.00167824114032555 0.0153391120489687 0.0146797193214297 0.00615581744350493 0.00527841639705002 0.0021826978190802 0.000942326930817217 0.0021542199072428 0.000855575609239167 0.00130074438347947 0.00624610034283251 0.0039585052873008 0.00392927371431142 0.00269444010336883 0.00154295075917616 0.00242742806440219 0.0014350352488691 0.00135949554678518 0.00242037456482649 0.00217141938046552
0.000199518025692669 0.00122997198777739 0.000177334860200062 0.000119540781997785 0.000163170703308424 0.00210454154876061 0.000681974325561896 0.00242943203775212 0.00195624694461003 0.000791087959078141 0.00144633459858596 0.00134918462426867 0.0028622497280594 0.00116745301202172 9.82698382358649e-05 0.00141428441856988 0.00164222296734806 0.0160910101141781 0.00258815187262371 0.00134762160305399 0.00182998638483696 0.00212542508961633 0.0121762100607157 0.0129685398191214 0.00208360503893346 0.0138791174162179 0.0123389279935509 0.0125972452107817 0.0134220248553902 0.0046385936671868 0.0109492492862046 0.0114562781061977 0.00172557809564751 0.00201767580583692 0.0024183253699448 0.0121444361750036 0.00165584684582427 0.00105761461163638 0.0140381942503154 0.0133646064903587 0.0133479479234666 0.00680713437031955 0.00164235723786987 0.0144302702974528 0.00727623798884451
0.00228527096915059 7.08254763594596e-05 0.000759103804739425 0.000141109044488985 0.00146791900406242 0.000697161536663771 0.00145571642497089 0.00133102358522592 0.00400335026206449 0.00165221607021522 0.00339286046801135 0.0182663668412715 0.00159886335895862 0.00181555399612989 0.00285126659437083 0.00191190447076224 0.0108020863728598 0.0108107882551849 0.0140577026177198 0.0020316255511716 0.0029179492557887 0.00186815779889002 0.00743284877389669 0.0136371585540473 0.0055168068036437 0.00779298404231668 0.00120967989496421 0.0116515871603042 0.0115409025922418 0.00436014357255772 0.00893239579163492 0.0114785209530964 0.00267838918953203 0.00191460099304095 0.00146117199328728 0.00154781860182993 0.0028160726535134 0.0128980424255133 0.00131870652548969 0.00224662474938668 7.99359544544132e-05 0.000895969813791453 0.00131353472534101 0.00655657441820949 0.000434452111949213
0.00179597499663942 0.00193419985589571 0.00274359105969779 0.00273956151213497 0.00185191482305527 0.000122562951946748 0.00161696072900668 0.00722081363201141 0.0177031903527677 0.0108878744766116 0.0225157406181097 0.0191838399972767 0.0143566886428744 0.00938995915930718 0.0128330175299197 0.0156572667416185 0.00500068315304816 0.00512877854052931 0.00863504600711167 0.0131685701198876 0.00282450490631163 0.0137022128794342 0.0113501276122406 0.0118316255044192 0.00418492150492966 0.00587100833654404 0.00334554039291106 0.00209315601387061 0.0106800164794549 0.0125272984150797 0.0114906900329515 0.0111551206093282 0.00267884005443193 0.00339809855213389 0.002785524452338 0.00144041552266572 0.00134400045208167 0.00128941382281482 0.00229470081394538 0.00125363598635886 8.22030164272292e-05 7.83099849286373e-05 0.00128903689619619 0.00106077332602581 7.03839675225026e-05
0.00147205975954421 0.000163202447220101 0.00341896587051451 0.00913565524388105 0.00276676855864935 0.00172806655464228 0.00399398586014286 0.0186294054612517 0.0195624244399369 0.0193341274745762 0.0191523530054837 0.0185121906455606 0.0193217217456549 0.0099562854738906 0.0101538768736646 0.0165380140766501 0.0147820439655334 0.0149176608305424 0.0079347048420459 0.00708254354540259 0.0127095084637403 0.00915645693894476 0.0168858507182449 0.0122900419868529 0.00618009504396468 0.00421531169558875 0.0102828325470909 0.0108030390460044 0.0102958414237946 0.00892970729619265 0.00590742656495422 0.0119025822728872 0.00143333271262236 0.0137283604126424 0.0014598090085201 0.00187162262154743 0.0127985253464431 0.000912093325314345 0.000933491420437349 0.000909856204816606 0.00107675172039308 0.000980162738414947 9.04385666217422e-05 9.54046627157368e-05 9.67254807619611e-05
0.000583393653141684 0.00211274230387062 0.00369102493859828 0.00533722044201568 0.0231403382495046 0.00415972417686135 0.0185457199346274 0.0180158001370728 0.0179393246769905 0.0180096581578255 0.016341982036829 0.0165703320410103 0.0156274843495339 0.0150658042170107 0.0160430232528597 0.0153612997848541 0.0135065807029605 0.0137812952045351 0.0183136068750173 0.00854167812503874 0.0131786376237869 0.0119523810921237 0.0184106144588441 0.013188291201368 0.0130783651955426 0.0100543886423111 0.0100205223308876 0.0112834063125774 0.0113054380286485 0.0114349261624739 0.0112706565763801 0.0108389647677541 0.00466565180104226 0.000971321274118964 0.00319549143314362 0.00577537647914141 0.00103057295054896 0.00101743117556907 8.08011081971927e-05 0.000385467118394445 0.000979399825882865 9.40609132157988e-05 9.77675495960284e-05 0.000503911099076504 0.000109801294092904
0.00490205297246575 0.0135539511218667 0.0235003663226962 0.0348767917603254 0.0230636451393366 0.02024354217574 0.0175054267048836 0.0201194950379431 0.0189268478192389 0.0187913385219872 0.01639409000054 0.0158772843424231 0.0151292805559933 0.0136479972861707 0.0138188189826906 0.0130429728887975 0.00955621739849448 0.014635775052011 0.021559949638322 0.0115770140197128 0.0107842544093728 0.0106005285168067 0.0114450037013739 0.0158456742763519 0.0143919483758509 0.0110632372321561 0.0113704531220719 0.0102399344090372 0.00989686951506883 0.0109042390016839 0.0159435752779245 0.0125207904260606 0.0110834782477468 0.00268068083096296 0.00214732466847636 7.16760554496432e-05 0.00104579975013621 7.82122411692399e-05 0.000882135113351978 0.00471582292811945 0.00135900566820055 0.00219995184452273 0.000105083015660057 0.000113654770393623 0.000116012928629061
0.00472894385457039 0.0072588070994243 0.0232700182124972 0.0230497539974749 0.0218737515620887 0.0204559371806681 0.0181726553943008 0.0195730184670538 0.01784833134152 0.0213855633512139 0.0184374380391091 0.0161383036989719 0.0168617187999189 0.0150372370611876 0.014718238869682 0.0148059227969497 0.0148765558376908 0.0157188454177231 0.0117730037309229 0.0123582951724529 0.0108177935471758 0.0139949993696064 0.0128314366564155 0.0124811362475157 0.01219767103903 0.0107683445094153 0.010798101592809 0.0105097651248798 0.00381533046020195 0.00180624882923439 0.0114417930366471 0.0117100033443421 0.00523284630617127 0.0110730930697173 0.0033673454541713 0.00347517320187762 0.000834556618065108 0.000902826254605316 0.00202827262692153 0.0127014991827309 0.00134882582642604 0.00123667635780293 0.00010728378983913 0.000117514865632984 0.00011712015075318
0.0373130446299911 0.0324710978195071 0.0263261632062495 0.0239876653067768 0.025783565081656 0.0221451503224671 0.0196114016696811 0.0181836399715394 0.0188895285595208 0.016872080322355 0.0159194364678115 0.0166181437205523 0.0256769340485334 0.0296997799538076 0.024462753906846 0.0254950015805662 0.0147722001187503 0.00665066700894386 0.0133294131606817 0.0130158098880202 0.0137728088069707 0.00917727050837129 0.0115324902813882 0.0176016199402511 0.0150493871420622 0.0150345784146339 0.0134480809327215 0.00350984163815156 0.0171511134598404 0.0108076516771689 0.0103263323195279 0.0107593223685399 0.0105595553992316 0.0112809936050326 0.00876601219642907 0.00177156608551741 0.00105067282274831 0.000861604689998785 0.00302969081676565 0.012450959533453 0.0130011316854507 0.00475039114244282 0.00159571395197418 0.00127125887374859 0.00207667091162875
0.0304136114194989 0.0130696554668248 0.0274467542767525 0.0224754888564348 0.0227022522129118 0.0210526612121612 0.020347601454705 0.020462599163875 0.0192101709544659 0.016177893569693 0.018524846015498 0.0064645905746147 0.00916837197728455 0.0174292969051749 0.015732451621443 0.00669203859288245 0.00196631908183917 0.0126383451279253 0.019719426240772 0.0129272488877177 0.00404557744041085 0.00495039403904229 0.00949964175815694 0.00481728578306502 0.00347962568921503 0.00403203602181748 0.00573464469052851 0.00291603039950132 0.0127369581721723 0.00944296517409384 0.0102300581987947 0.00966879641637206 0.00997727732174098 0.00140566320042126 0.00975934881716967 0.00202941821189597 0.000766398031555582 0.00128114250255749 0.000951466252445243 0.00246124181430787 0.0131352993194014 0.00337616797769442 0.00210568948532455 0.00132410932565108 0.00151320493314415
0.0309410560876131 0.0304484771564603 0.0284589984454215 0.0272282426245511 0.0240828554145992 0.0242203893139958 0.0379337221384048 0.0339106405153871 0.0310608417727053 0.0191486074123532 0.0195873781107366 0.0219075343571603 0.0180924377404153 0.0184719821438193 0.0193021262064576 0.0191804401576519 0.00457822631578892 0.00442935815081 0.00419468174222857 0.0154912626370788 0.00882480714935809 0.00629624186549336 0.00358030640054494 0.0125149324070662 0.00301923615625128 0.00302707030205056 0.00258429135428742 0.0108311577001587 0.00298960547661409 0.010089276637882 0.00974598156753928 0.00952174568083137 0.00956757119856775 0.00416086363838986 0.00862138895317912 0.00130586458544713 0.00157238902756944 0.0100994248175994 0.0125699250027537 0.0135277453809977 0.0127893215045333 0.00592239194083959 0.0155842722859234 0.00123647227155743 0.00164386151591316
0.0295419008471072 0.0294571825303137 0.0272200079634786 0.0340284653007984 0.0289665630087256 0.00939265671186149 0.029233408998698 0.011588705284521 0.00719316070899367 0.00610417912248522 0.00617615100927651 0.00575291502755135 0.0221254684962332 0.0172427043318748 0.0154777355492115 0.00469243652187288 0.00436545123811811 0.00416531972587109 0.00394126796163619 0.00374447396025062 0.00352167470846325 0.00349080520682037 0.00338110224111006 0.00318107939092442 0.00315381466643885 0.00290559193817899 0.00253794034942985 0.00247257252922282 0.00272368261357769 0.00936953509226441 0.00898702028207481 0.0089073819341138 0.00906340207438916 0.00920668181497604 0.00950422601308674 0.0100208271527663 0.00994324735365808 0.0107960957568139 0.0115187982562929 0.0138634007424116 0.0129325360525399 0.00272348739672452 0.00570043283514679 0.0149402311071754 0.00534755495609716
0.0104150173719972 0.0101671014446765 0.0390067223459482 0.00963570717722178 0.033426596596837 0.0099879328161478 0.00882525565102696 0.00738555162679404 0.00637271986342967 0.00573605766985565 0.024809932988137 0.00516321850009263 0.00471065050223842 0.0213417120277882 0.00463852011598647 0.0045252695446834 0.0042447134735994 0.00398872725199908 0.00385056320810691 0.00368151924340054 0.00358560098102316 0.00343133744318038 0.00336431066971272 0.00340412944788113 0.00295216157101095 0.00263302030507475 0.00239536103326827 0.00910407309420407 0.00872411457821727 0.00855783841107041 0.00311693936819211 0.00850299755111337 0.00858901077881455 0.00863893383648246 0.00905824741348624 0.00897164465859532 0.00764871111605316 0.010218916204758 0.0129638663958758 0.0121798695065081 0.0121513893362135 0.0136164668947458 0.0140823039226234 0.0156464589294046 0.0155634809751064
0.0102112832479179 0.00933361765928566 0.00883642151020467 0.00915387831628323 0.03177151940763 0.00867154691368341 0.0273584682494402 0.0295451721176505 0.00644058706238866 0.00546384518966079 0.0051428334787488 0.00493995721917599 0.00480174249969423 0.0203462067060173 0.0130271398928016 0.0158630254678428 0.0153568222187459 0.00385295354062691 0.00363416727632284 0.0110655387397856 0.00883636192884296 0.00968853561207652 0.00334887084318325 0.00290936302626506 0.00242255687480792 0.00239381699357182 0.00230022767209448 0.00236769372131675 0.00276176315965131 0.0114589268807322 0.0112290197517723 0.00839273226447403 0.0089545730734244 0.00866580274887383 0.00873841340653598 0.00916502377949655 0.00939435756299645 0.0102762948488817 0.0120095946360379 0.0129440984223038 0.0129691990558058 0.0128665298689157 0.0139655221719295 0.0120827427599579 0.0136584754567593
0.00889483741484582 0.00916428696364164 0.00911680902354419 0.00930721517652273 0.0384651364758611 0.0235083848237991 0.0193437037058175 0.0183260575868189 0.0242829084396362 0.0162384187337011 0.0183139968663454 0.0208984085358679 0.00447826771996915 0.012678389204666 0.0117886032909155 0.00390036845346913 0.00369965462014079 0.00344301233999431 0.0111927803140134 0.0105399223510176 0.00290281657362357 0.00287023863056675 0.00277132778428495 0.00269092427333817 0.0024757707840763 0.00233150707790628 0.00212037377641536 0.00217244668747298 0.00270931198028848 0.00867458216380328 0.00950495004653931 0.00879834131337702 0.00838478219229728 0.00952418516390026 0.0100327505962923 0.00948489012662321 0.00891803470440209 0.0103480314370245 0.00342063186690211 0.018290457688272 0.0130629343446344 0.0140143623575568 0.012960832612589 0.0113400413421914 0.00962731137406081
0.0246547654271126 0.00937402225099504 0.00941770700737834 0.00923402230255306 0.0339036198332906 0.00669567962177098 0.00609214906580746 0.00581487722229213 0.005318847973831 0.0221564946696162 0.00469784049782902 0.00200944455282297 0.0040829217643477 0.00362101730424911 0.00347529908176512 0.00334229884902015 0.00318431264022365 0.00288432182278484 0.00282471243990585 0.00273936702869833 0.00262744963401929 0.0025813888059929 0.00244775265455246 0.00232702399371192 0.00210668500512838 0.00199060675222427 0.00213439766084775 0.00213318279129453 0.00248161975760013 0.00250130482017994 0.0106605251785368 0.00260959906736389 0.0131339729297906 0.0092022197553888 0.00851805098354816 0.00859154185745865 0.00877672089263797 0.00935911103151739 0.00925924405455589 0.00349093633703887 0.0134535158053041 0.0115025920327753 0.00376718292245641 0.00910561892669648 0.00937734493054449
