Maxent_result_files_1/Bombus_polaris_3.asc
NCOLS 594 
NROWS 330 
XLLCORNER -15 
YLLCORNER 23 
CELLSIZE 0.166666666666667 
NODATA_value -9999 
[rows 240 to 259 of 330, columns 440 to 483 of 594]
2.81086265374597e-13 1.37667655053519e-15 1.73194791841524e-15 6.9244610045871e-14 1.11022302462516e-17 0 7.7715611723761e-16 2.19602114270856e-14 7.56061879769732e-15 2.64566146768175e-14 2.25042207091519e-14 2.96166424718081e-12 1.93178806284777e-15 1.58950630435584e-13 1.76181291777766e-13 1.01596508983448e-13 1.02429176251917e-13 2.81097367604843e-13 3.58602036953926e-15 4.85167461761193e-15 1.27675647831893e-15 4.74065231514942e-15 1.01807451358127e-13 2.55351295663786e-15 4.13113987463021e-13 2.94042568071973e-13 2.53941312422512e-13 1.58528745686226e-13 9.68447544380524e-14 8.53761505936745e-15 4.72955008490317e-15 3.84502429895406e-12 7.12975234407054e-12 2.58737475888893e-13 1.80044867903462e-13 2.99427149741405e-14 2.16537898722891e-13 1.37166944469413e-12 1.1291834134397e-11 7.02771174587724e-15 3.11306536104894e-14 5.340172748447e-15 2.28570495863778e-12 5.92859095149834e-15
9.67298718901333e-10 4.3743641264804e-09 1.75822689740812e-12 3.07120995302057e-13 1.32027722088424e-13 5.9974247790251e-14 6.32827124036339e-16 1.0547118733939e-15 2.08721928629529e-14 2.3259172365897e-13 1.67143410223503e-11 1.01119113082859e-13 1.67037494946953e-12 6.49180709189068e-13 1.25999211064709e-13 3.88578058618805e-16 5.44009282066327e-16 2.20845564058436e-13 2.00284233642378e-14 8.16924305979683e-13 7.52764517386595e-13 4.48052706047974e-13 7.38642480513363e-13 1.28996813231197e-13 9.82547376793264e-15 1.94289029309402e-15 5.39790434572751e-14 4.22051282811253e-13 6.62558896635801e-13 3.73034936274053e-15 1.12510001315513e-13 2.24782970015269e-11 3.4440228446897e-13 3.06754621703931e-14 2.95252711168814e-13 7.32414129345216e-14 1.30340183090993e-14 3.33066907387547e-17 1.55431223447522e-16 8.10462807976364e-16 4.08144629204799e-12 4.94049245958195e-15 6.55031584528842e-16 6.77236045021345e-15
1.66644466516153e-05 2.60333795667478e-06 3.84123875663001e-07 2.59873234043084e-12 2.28483898467857e-14 2.40834907572207e-11 9.43689570931383e-16 7.12541137204425e-14 0 4.44089209850063e-17 1.41442413337245e-13 2.04680716819894e-13 8.27127255575988e-13 1.02173824956253e-13 1.19682042054592e-13 1.66211489016632e-13 8.00359778452275e-14 6.67088606576272e-13 5.38158406726552e-13 2.65565347490337e-14 1.0013989637514e-12 1.16646692305267e-12 8.52173887011531e-13 1.28960175871384e-12 1.59983137848485e-14 1.37031830327317e-11 8.95231666575569e-12 2.45403697363145e-13 1.12054809875417e-13 9.43689570931383e-16 1.4432899320127e-16 1.02140518265514e-15 5.96744875736022e-14 5.58442181386454e-15 1.36557432028894e-15 9.81770220676026e-14 2.26652030477226e-13 2.0229373731695e-13 1.1687317780229e-13 0 3.25295346215171e-15 6.5758509748548e-14 1.17683640610267e-15 2.99760216648792e-16
1.6259733506363e-05 0.000115973754769616 8.67481544717164e-05 3.88192256117748e-11 9.71078772948886e-13 2.95996560595313e-13 6.81521505896399e-13 9.14823772291129e-14 1.77635683940025e-15 1.4432899320127e-15 1.65423230669148e-15 2.04281036531029e-15 1.44650957878412e-13 2.33257857473745e-13 7.22977233635902e-14 6.27498053518139e-14 5.03708186272434e-14 1.39777078800307e-13 1.03683062135929e-11 5.09920994318236e-12 1.08912878715728e-14 3.13415959851682e-14 2.93431945408429e-14 1.70463643200947e-13 2.1094237467878e-15 3.27982085934764e-13 1.5633960792627e-11 1.60475854826814e-11 1.64261604318483e-11 1.46005763035362e-11 5.76818592890049e-12 5.48450174164827e-15 1.11244347067441e-14 4.23772128499422e-14 8.31557045444242e-15 3.65485419706602e-14 2.26030305583436e-13 2.84794410276845e-13 2.96251911890977e-13 2.64810395833592e-13 4.34874358745674e-14 9.99200722162641e-17 5.10702591327572e-16 5.76316772082919e-14
8.71363636800737e-10 6.32752234563938e-07 1.33814038337454e-05 7.64455546179432e-06 6.16636963712835e-11 1.95838345540267e-11 1.41675364773164e-09 3.48409856520959e-10 4.14113854318998e-11 2.12907469432366e-13 2.87769807982841e-14 9.20374887414255e-14 1.29984911723113e-13 1.14108722470974e-13 9.86322135076989e-14 5.81645842601119e-14 1.85418347342647e-13 3.99680288865056e-16 1.11022302462516e-17 3.38851169345844e-13 6.3904437297424e-14 4.29045687866392e-13 2.74080758089212e-13 3.34177130412172e-15 1.48381307241152e-13 5.04374320087209e-14 1.67142522045083e-11 3.3528702036989e-11 6.29079011105205e-11 6.87835788326652e-11 3.83481357779658e-11 1.25583210497382e-11 5.602296404561e-12 3.50305340290902e-12 6.7612582199672e-15 1.19015908239817e-14 3.39617223232835e-13 3.48410189587867e-13 3.15159010000343e-13 2.36732855540822e-13 2.73470135425669e-13 3.64241969919021e-13 1.55409018987029e-13 7.35855820721554e-14
1.25933644623544e-09 9.58679480245195e-10 1.5890883456593e-05 0.000199177565434394 0.00051622775351019 0.000539081569284272 1.77494892371177e-05 3.40433492507231e-10 2.95337885924951e-08 2.9545313973145e-10 1.68854374926752e-11 9.10382880192628e-16 1.69864122767649e-15 1.61615165694684e-13 1.34758870729001e-13 1.79356529628194e-13 2.76445533131664e-15 1.13242748511766e-15 4.44089209850063e-17 1.40794043090864e-12 3.01118019407909e-12 3.66527919126725e-12 3.15591996979947e-13 8.18134449076524e-13 7.7715611723761e-15 2.51860310385155e-11 3.93536425669083e-11 6.66091515277856e-11 1.05311048770318e-10 1.28802946086637e-10 1.33105693134183e-10 1.07432285290088e-10 5.29516985814382e-11 6.86994683363196e-11 3.87245790989255e-13 1.29263821868619e-11 2.54762877460735e-13 2.69628763760466e-13 3.01236813271544e-13 6.95443702625198e-14 3.16924264609497e-13 4.87887508171525e-13 6.89448498292222e-15 4.64073224293315e-15
6.69420843080193e-07 3.90858478915845e-10 2.78411194098993e-10 8.63833331532504e-09 4.98099636916272e-05 0.000725795193335144 0.00213001380675532 0.000549505058135769 1.28835975673147e-05 2.31940155837052e-07 4.86789830667078e-11 2.0448398529993e-11 2.10427231195354e-12 2.42028619368284e-15 2.39808173319034e-15 4.19859924605248e-11 9.6623820056152e-13 1.13239417842692e-12 1.98763228098642e-13 2.66522359737564e-12 4.28643787131477e-12 5.56354962100158e-12 1.1263068255829e-11 1.25680355012037e-11 7.21533943703889e-14 1.09512399149025e-12 1.00596952989918e-10 1.27506016855961e-10 2.3770837520587e-10 4.02666655574535e-10 4.95542529233006e-10 3.9055572109703e-10 5.32573751765852e-10 4.65115668202287e-10 3.33353222803368e-10 1.09141351511965e-10 4.78258210812044e-11 2.24769092227461e-11 2.96818125633536e-13 3.10462766606179e-13 3.73000408337987e-11 7.9068973590779e-13 2.58548737974706e-13 3.64852592582565e-12
6.39325592466378e-11 8.47101244794146e-07 4.39089916870472e-08 2.1729978927354e-09 2.53657486126713e-09 1.39559641287867e-08 3.27399887645186e-08 0.000162970011926278 0.000662249815408678 1.31669609403362e-06 1.04922910804106e-08 1.42922118584465e-11 1.47653000936998e-12 5.29454258213491e-13 3.31479288462333e-13 8.80031603145426e-12 1.78521641913676e-12 6.16617867876812e-13 1.10890296944888e-11 2.7693181081645e-12 4.06638056560382e-12 5.86820592118897e-12 1.4702594697269e-11 2.00898964131113e-11 6.83980427851338e-11 1.01421093745557e-12 1.48239975850117e-10 5.15655695920714e-10 7.3576864600966e-10 9.67624191883232e-10 1.5784342166647e-09 2.09047539279084e-09 3.14969800241371e-09 2.63192528882072e-09 3.99614349388955e-09 2.28680384628532e-09 8.34543867345161e-10 1.26186150417595e-10 1.1505130181888e-12 1.09737774423024e-12 1.38777878078145e-15 5.23470156110761e-13 7.52731210695856e-13 9.77029568360876e-13
2.52705801200293e-06 3.09237144078267e-06 5.22337935057182e-06 6.36299580077493e-05 4.13429805945498e-09 6.66007793359569e-10 3.29929764619763e-09 9.03609070901368e-09 1.20710098483245e-05 5.90102578343799e-05 6.6709036072865e-10 1.06133768440486e-11 2.42930786598095e-11 1.53655976831146e-12 5.33706412397805e-13 4.61664040329879e-13 2.85327317328665e-14 4.00901534192144e-14 1.58898116886519e-11 3.20121706920418e-12 8.93721763262079e-12 1.38710709585155e-11 2.08314920868702e-11 5.50720580250186e-11 4.53008741629901e-12 1.57069135475751e-11 5.34212785119337e-10 2.78593824676321e-09 1.01592856349697e-10 6.74466481553893e-09 7.51783149066654e-09 8.80161304950278e-09 2.0152799840023e-08 1.91591890796872e-08 1.49969482388101e-08 7.32738720810033e-09 9.00755070532e-10 2.47970732836222e-10 1.5587072743628e-10 9.87920856232449e-13 2.69183897394498e-11 9.44966327409702e-13 1.01039177025086e-12 1.15698561842237e-12
1.67398270800589e-09 1.84454007623458e-10 4.65335034838255e-08 3.75651435066127e-06 4.16127542424149e-09 1.55374879629022e-10 2.82263329820509e-08 1.77267704737361e-08 3.23494864229446e-10 1.18932573123232e-06 1.29355071688986e-05 2.17793693413348e-07 8.4551410872713e-09 2.91923485384871e-11 3.10408365677972e-12 3.07373015928647e-12 4.39648317751562e-15 3.29736238313671e-15 8.36194447018101e-12 2.47624143412395e-13 1.24231958054111e-11 1.15463083538714e-11 4.77857087233247e-11 1.07826392259369e-10 1.0391665306031e-10 5.15143483426073e-15 3.24961202391449e-10 7.37624210600529e-09 2.15140497861199e-08 3.36847214899016e-08 3.0011817175879e-08 3.45990268324492e-08 3.97548629127442e-08 5.6790094304926e-08 2.55492372258637e-08 3.45225135145455e-09 4.02434918722605e-10 6.82085943282118e-11 2.39331110485352e-11 4.61319871192245e-13 3.84648757290051e-11 8.13267231336567e-11 6.22733198341052e-11 4.46206627202628e-11
1.15463194561016e-13 1.80444059694196e-10 8.41364492520924e-09 9.32195600711339e-09 9.19889728834278e-08 2.65643176475816e-06 3.03877845109213e-10 3.71310328296515e-06 2.74969738089936e-09 1.2893428547045e-10 1.77853584082399e-09 4.69794772195442e-08 4.81638306015775e-08 6.91820156717426e-11 5.2419957263794e-12 1.7871704116601e-12 9.98856553025007e-13 9.32920407592519e-14 4.7938653047197e-11 2.93619017988078e-11 2.335984738977e-11 4.14335787901621e-11 2.43099840258054e-10 5.2674417050369e-10 1.33618394126955e-10 8.03135336013838e-14 2.4891200212096e-14 5.30456234493215e-10 4.69459269236694e-09 2.20613922241597e-08 1.30610680604271e-08 1.15801608824295e-07 5.88208737939411e-08 4.14967741613204e-08 2.31825509899863e-09 3.62818941557208e-10 1.29948773963662e-10 7.53280771093046e-11 1.10226605620767e-10 1.9831769559886e-11 4.7907500189126e-09 5.15012921198377e-10 9.96003279851721e-13 2.90050539142328e-10
1.73761549593365e-10 1.4773737788687e-12 9.62370516610633e-11 8.03375455049604e-10 1.08460257108867e-08 1.3911180490378e-05 4.27347643694453e-07 1.28207445998507e-06 6.72760325226562e-10 1.31878586939749e-09 1.1450396186774e-12 6.25194562786646e-11 4.35960256783829e-10 9.4929619720574e-13 2.05892747295877e-11 3.8711034378025e-12 1.81905601692733e-12 1.57776669507115e-10 1.45751566371644e-10 8.32612534473753e-11 9.77082859066059e-11 4.85800843996742e-11 1.00574548689281e-11 6.01694549740017e-10 1.66253566469265e-10 6.08503358812129e-11 6.6167293866215e-12 3.60915042296739e-10 2.69063915592227e-10 1.0510530779051e-09 8.4657203469618e-10 2.5906533029918e-09 2.20631514169511e-09 2.95613334921896e-09 5.77956535963153e-09 3.95662224095261e-09 1.50255921038678e-09 4.69826055837785e-10 9.71459979126621e-10 1.34287025943536e-12 1.5681027831782e-08 1.05793851457037e-10 6.32617624951593e-11 4.96751517697902e-10
5.94368076978213e-10 9.61294991386197e-09 3.76264575052687e-12 2.40694297826138e-10 3.00565846655942e-09 2.12492913265194e-09 5.06196342321408e-06 5.69722257477423e-06 1.9108972874049e-06 1.14568750908539e-07 1.03331777334681e-07 2.64039167974239e-08 1.05809232264775e-08 1.39966260803703e-10 9.84537996684409e-09 9.20530042192169e-09 1.70285225919997e-09 5.60681501227123e-12 4.70955563436348e-10 1.93540894422028e-09 2.90482812248527e-09 3.96253903023336e-09 2.03454635361311e-09 1.47427026142566e-09 2.78217060500907e-10 3.8381553491007e-11 2.15893969368608e-13 7.36241068111099e-12 1.1438627822713e-12 1.60576996144357e-10 1.66287428271517e-10 3.22719195811061e-10 6.72626165876267e-10 2.04439756235075e-09 1.04519444654727e-08 7.57368876502795e-09 2.40722997091325e-12 5.97975413629825e-10 6.29236662774701e-12 2.82901924109069e-11 2.20241491710738e-10 1.32348848547181e-09 1.25439444220721e-07 0.000212146023078519
1.80880548494855e-07 3.09570648140411e-06 6.7036613435878e-07 6.25041100987822e-08 6.55900777690732e-08 3.74945402503712e-08 1.02875227558918e-08 3.19588076236332e-07 1.69386657700166e-08 9.3333895134462e-05 1.7640876895042e-06 4.70468511082345e-07 5.29670237225943e-08 5.99336714146581e-07 9.6163348173306e-08 6.69884148152278e-11 3.70782515801693e-11 1.1299994273628e-11 1.17504504126842e-08 5.94851921054129e-09 3.2084634948859e-11 7.1676220514405e-12 3.28064995169797e-09 1.24824135472323e-09 5.22662502167037e-10 7.2011741014677e-11 3.80980902381367e-10 1.35714417481836e-10 1.65377489480534e-11 4.30100399739786e-13 8.1640616489409e-11 5.10926978503079e-10 6.07372530048167e-09 1.48106782282831e-08 1.9442236709466e-11 1.92649340924334e-11 1.24376258181513e-09 1.44152597636449e-09 3.67180081281004e-06 9.86522509052179e-06 1.02321147332773e-08 3.57528546768293e-09 8.81292041108539e-05 6.16575817995457e-05
9.82341219479821e-10 1.28201424065555e-07 7.6216590099154e-07 6.53875165135265e-07 2.42625475788127e-07 1.79894859009266e-09 1.48906266872473e-08 1.58512217820483e-06 7.37371244541318e-07 1.21125734025229e-05 6.16354415283737e-09 3.06578349373865e-09 5.47757222912892e-09 3.44488271979415e-06 3.971182407847e-06 1.85035808564216e-07 2.02583111397203e-09 8.01184674159572e-12 5.02256791712341e-11 2.9469226947576e-09 5.90213988793664e-10 3.24379423322085e-10 5.96636359206926e-09 1.20176888995793e-08 4.66408967003673e-10 4.36838121231631e-10 7.91893783880226e-10 5.48950240819579e-10 2.89625212701594e-10 5.88255999467435e-10 1.16177253373095e-09 4.71694059811512e-08 1.16752015832944e-09 7.04595268796737e-09 2.59841064442767e-08 1.74724016310801e-07 3.08570666973651e-07 7.96091871535509e-08 4.55978897662135e-06 0.000533769638334514 0.000161978326250001 6.28383504519547e-07 0.000383333965080634 8.8519523899544e-06
2.15631745792422e-10 1.36457300969894e-07 7.02954974562964e-08 5.76754261794044e-08 3.35504550019738e-07 7.18798126568831e-06 9.02532359958741e-10 5.80810268546728e-08 3.68912707937596e-08 9.59573145858039e-05 3.14725188064413e-05 6.95306390241512e-10 3.96186639051166e-11 2.24295249040551e-11 4.96297169250148e-08 1.19086573673322e-06 6.24452326514202e-09 1.53641876998734e-11 5.40079092559154e-13 2.2455259873766e-10 4.23346712130623e-09 5.88982862481657e-11 1.02884023522876e-10 4.21821829688085e-09 1.3763381212506e-09 2.32560527502201e-09 4.22556897250459e-09 1.65817718444927e-09 1.23851130906516e-08 2.10648585174944e-07 2.37741893061028e-08 2.24016004302108e-08 1.20850118321414e-05 1.04021615925376e-05 1.27167712207665e-05 0.00102034632251107 0.00256863601165007 3.52156695910821e-06 6.39885502096149e-07 2.39430289489917e-05 4.72913345146431e-06 7.42905388142478e-06 9.79032991119677e-06 6.35602405907321e-07
3.43391981516561e-14 3.04201108747293e-15 3.14997583572563e-11 3.89456467075888e-11 8.51390177247779e-09 1.77905989939831e-10 4.68850513968278e-12 4.98858787612022e-10 3.4453065822504e-08 2.22985643603124e-05 1.73892534395592e-05 6.60887476240379e-05 4.84316961979481e-07 3.56680712187973e-08 3.01091374055318e-12 3.74099640154668e-12 3.45440287485843e-10 1.27409365280329e-09 1.0979116848997e-08 3.42204042880212e-13 9.16571485376494e-11 3.5998125702541e-09 5.08470461291211e-09 6.11364997515906e-09 1.10043608336774e-08 1.00099466382453e-08 1.0555469676099e-08 2.66032101903235e-09 7.46352726288535e-09 6.46858725472654e-08 4.97002611288266e-09 1.73868453900994e-07 3.76702569138132e-10 6.06660499613554e-10 1.4179374885348e-08 9.68051032671169e-05 1.16377322054939e-05 1.85750844455823e-06 4.60278506874134e-06 1.14088090300002e-05 4.40978347171495e-07 1.63697282857811e-06 1.91674092368088e-05 4.16346235583398e-05
1.04571906689443e-13 1.99840144432528e-16 9.40358901857508e-15 1.15829568159143e-12 8.15741918458457e-12 4.34208224930899e-14 1.81643589058922e-13 3.96640498223633e-12 1.66167323278899e-07 4.16027905355554e-06 1.17710416256966e-05 1.08237022677926e-08 6.02187734788373e-08 4.25184478736185e-09 9.02509178501987e-12 6.10955730451224e-14 7.4022121765438e-12 1.57671715683705e-09 1.80510619673946e-08 5.74640335315735e-13 3.22937018237823e-09 6.99559964401075e-09 5.82699806184195e-09 6.99204899534678e-09 9.01255589047523e-09 1.07645988900451e-08 4.14268683801566e-08 1.20228119160348e-07 5.53054710916712e-09 4.03957434169655e-10 1.89067609568383e-08 1.26095140662308e-08 1.37483352964596e-05 3.71241948293743e-09 5.47112888327206e-10 2.88772762369049e-09 2.90033601147988e-06 4.54781462620457e-05 1.44455011279021e-05 7.68047453904019e-06 1.13869589318805e-06 4.41219597968612e-08 1.18095715464506e-06 2.94307285031437e-07
9.10382880192628e-16 7.7715611723761e-17 2.1094237467878e-16 1.13664633261124e-13 1.28586030712086e-13 1.7967960452836e-12 1.81830106527059e-12 6.32727203964123e-12 2.59424370874228e-11 6.19982393201823e-09 4.69482809554722e-05 1.40048620367317e-08 5.95722027263434e-11 4.90911755690604e-12 1.66603397744325e-12 7.59881046974442e-13 6.49963416421429e-12 5.1680926205222e-10 7.06981783116234e-09 4.59720972401101e-10 2.49450071709845e-10 1.63352942283979e-10 1.53818935366701e-10 7.67668262291465e-11 4.40847691685065e-11 1.19371994589113e-07 1.32295200350185e-09 1.26328516536489e-09 1.16276444028784e-10 6.10517192356497e-12 4.3655760750827e-08 2.92071839380625e-08 1.43858821022302e-07 1.14274961808825e-06 9.11023840466374e-07 7.08828157258701e-05 0.000116750663713239 8.54011515383224e-07 7.07498774199511e-06 1.0965742916369e-06 2.19905570872925e-06 2.30606468321071e-07 5.53297279282106e-07 1.18544041782798e-07
6.5847327590518e-14 1.48436818392383e-14 5.32907051820075e-16 6.81676937119846e-15 1.765254609154e-15 6.3726801613484e-15 2.4455992786443e-13 1.15030207581412e-13 8.26538837372937e-13 1.70974345792274e-14 2.55917509406345e-13 2.45146007454844e-06 9.61252910824939e-08 4.38312719452938e-12 1.33743127683772e-11 1.74971148680925e-14 5.74660319330178e-12 1.55796486822624e-12 2.40043918076083e-09 1.38136280192214e-08 5.37340473172332e-07 1.59655580406204e-06 7.35439763051016e-06 2.24585235688579e-05 2.70251104731334e-05 4.3181139841586e-08 6.81745166553505e-05 0.000381870398313311 0.000391126352769022 7.47764619291047e-07 2.71132771789695e-09 1.31631745170502e-08 1.10749168258373e-06 1.36373196113482e-07 8.23121897420176e-05 5.10367542415624e-05 1.95817491572825e-06 1.25952936400608e-06 2.1364002378732e-06 1.12800019038128e-05 9.49270748971109e-06 4.51289145786404e-07 2.45349227159242e-06 6.68036320806697e-06
