Maxent_result_files_1/Bombus_sylvestris_2.asc
NCOLS 594 
NROWS 330 
XLLCORNER -15 
YLLCORNER 23 
CELLSIZE 0.166666666666667 
NODATA_value -9999 
[rows 140 to 159 of 330, columns 135 to 179 of 594]
-9999 -9999 -9999 -9999 -9999 -9999 -9999 -9999 0.579049003124237 0.493533492088318 0.376702591776848 0.421447402238846 0.686995047330856 0.462497973442078 0.503948420286179 -9999 -9999 -9999 -9999 -9999 -9999 -9999 -9999 -9999 -9999 -9999 -9999 -9999 -9999 -9999 -9999 -9999 -9999 -9999 0.651580995321274 -9999 -9999 -9999 -9999 -9999 -9999 -9999 -9999 -9999 -9999
-9999 -9999 -9999 -9999 -9999 -9999 -9999 -9999 0.758976513147354 0.586207222938538 0.436692723631859 0.450212493538857 0.507912421226501 0.637548661231995 0.784547793865204 0.868254148960114 -9999 -9999 -9999 -9999 -9999 0.83398871421814 -9999 -9999 -9999 -9999 -9999 -9999 -9999 -9999 0.811415147781372 -9999 -9999 -9999 0.553937357664108 0.391307330131531 0.705689662694931 -9999 -9999 -9999 -9999 -9999 -9999 -9999 -9999
-9999 -9999 -9999 -9999 -9999 -9999 -9999 -9999 0.535371086001396 0.61358694434166 0.483144018054008 0.526522740721703 0.759854233264923 0.719808530807495 0.667404896020889 0.778921461105347 0.669121938943863 0.534774398803711 0.55152579843998 0.500728288292885 0.41712466776371 -9999 -9999 -9999 -9999 -9999 -9999 -9999 0.532567776739597 0.66720820069313 0.29129076898098 0.316701635718346 0.453139817714691 0.853256809711456 0.494508865475655 -9999 -9999 -9999 -9999 -9999 -9999 -9999 -9999 -9999 -9999
-9999 -9999 -9999 -9999 -9999 -9999 -9999 -9999 -9999 0.414549684524536 0.445276066660881 0.426350861787796 0.513327792286873 0.600614672899246 0.765432208776474 0.6774582862854 0.513585177063942 0.507298612594605 0.456880533695221 0.894529956579208 -9999 -9999 -9999 -9999 -9999 0.416555497050285 0.498111426830292 0.808786678314209 0.321210616827011 0.357210305333138 0.267845256626606 0.273220585286617 0.285234551131725 0.27464759349823 0.278896631300449 0.727419543266296 0.491022795438766 0.625275227427483 -9999 -9999 -9999 -9999 -9999 -9999 -9999
-9999 -9999 -9999 -9999 -9999 -9999 -9999 -9999 -9999 0.492266720533371 0.652633857727051 0.57819846868515 0.721876156330109 0.58463459610939 0.606519448757172 0.63345553278923 0.615186750888824 0.592575263977051 0.636498999595642 0.949237650632858 0.742592984437943 0.380183178186417 0.849249178171158 0.740308824181557 0.293101899325848 0.483629795908928 0.416741681098938 0.263901224732399 0.272119414806366 0.312149226665497 0.213347251713276 0.244292351603508 0.502205142378807 0.422362545132637 0.240300583839416 0.258723151683807 0.307485336065292 0.644086402654648 0.650352954864502 0.66132418513298 -9999 -9999 0.753793352842331 0.641619062423706 0.432147324085236
-9999 -9999 -9999 -9999 -9999 -9999 0.823082959651947 0.61695436835289 0.372120073437691 0.620174551010132 0.385963723063469 0.76304184794426 0.727120894193649 0.802601939439774 0.922201156616211 0.954153740406036 0.705195558071136 0.529941082000732 0.408041736483574 0.614771324396133 0.437847128510475 0.412070074677467 0.322243157029152 0.550223356485367 0.368517026305199 0.609248381853104 0.371565362811089 0.39325886964798 0.631561809778214 0.328961780667305 0.404340475797653 0.506855967640877 0.402158835530281 0.230281800031662 0.212455002963543 0.174788689613342 0.25831576436758 0.22632447630167 0.459386366605759 -9999 -9999 -9999 0.466878466308117 0.451883798837662 0.507052037119865
0.5804334461689 0.698171406984329 0.81932532787323 0.928800854086876 -9999 -9999 0.889521840214729 0.597821962833404 0.723956483602524 0.603975248336792 0.561128485202789 0.748978018760681 0.828977710008621 0.975489163398743 0.99929341673851 0.999999874830246 0.968051743507385 0.743822002410889 0.565589562058449 0.80970795750618 0.445615455508232 0.454090210795403 0.346363067626953 0.837057155370712 0.692770195007324 0.454091539978981 0.409794673323631 0.402769675850868 0.520956692099571 0.526425695419312 0.487965252995491 0.455975076556206 0.263564084470272 0.172661915421486 0.477449125051498 0.18245488256216 0.180684888362885 0.252916577458382 0.369520279765129 0.506106618046761 0.413015204668045 0.424727737903595 0.67303464114666 0.598647236824036 0.552354007959366
0.582043528556824 0.621018916368484 0.802190017700195 0.97538737654686 0.967155796289444 0.786734348535538 0.661974209547043 0.641374361515045 0.583672952651977 0.792445468902588 0.545921581983566 0.435389131307602 0.639540326595306 0.892877930402756 0.985465157032013 0.927948594093323 0.7480189204216 0.696111619472504 0.530679649114609 0.601895493268967 0.433904156088829 0.379218444228172 0.572675651311874 0.611443698406219 0.683677208423614 0.564788839221001 0.523220068216324 0.431085950136185 0.54616906940937 0.631689894199371 0.391283017396927 0.670090103149414 0.548166996240616 0.658498430252075 0.388569411635399 0.293592637777328 0.249103873968124 0.110902372002602 0.0833220779895782 0.081070950999856 0.158727023005486 0.278602007031441 0.759683940559626 0.562128329277039 0.332261496782303
0.566000419855118 0.423700362443924 0.693732541799545 0.716521245241165 0.80363227725029 0.642152863740921 0.962370419502258 0.866479736566544 0.637332957983017 0.552217584848404 0.615642231702805 0.507032346725464 0.696732890605926 0.778172314167023 0.845012927055359 0.778792905807495 0.635269916057587 0.950294744968414 0.719573509693146 0.696603399515152 0.635567516088486 0.551504555344582 0.533396050333977 0.52941797375679 0.600833815336227 0.248803576827049 0.317816239595413 0.287303499877453 0.218381749093533 0.350747627019882 0.417292392253876 0.551206523180008 0.738281935453415 0.740652626752853 0.707267105579376 0.581621545553207 0.35125804245472 0.197064924240112 0.150900543481112 0.092541865259409 0.0945084542036057 0.256259161233902 0.32429906129837 0.120239666849375 0.187941631674767
0.648233366012573 0.458226755261421 0.643604797124863 0.681740128993988 0.957241755723953 0.616258615255356 0.810730481147766 0.992441546916962 0.987749606370926 0.561923223733902 0.648149037361145 0.770949798822403 0.471378952264786 0.793627667427063 0.859954476356506 0.903342336416245 0.732893693447113 0.615353351831436 0.547315567731857 0.523483261466026 0.65478852391243 0.514187094569206 0.488338845968246 0.396503862738609 0.532023131847382 0.550892075896263 0.481371971964836 0.278941331803799 0.480437085032463 0.372764557600021 0.463760909438133 0.606181079149246 0.680099302530289 0.488034880161285 0.446586674451828 0.5733258664608 0.698744583129883 0.439627382159233 0.372116523981094 0.178537274897099 0.380548790097237 0.234752613306046 0.248957486450672 0.167256233096123 0.201988612115383
0.809066647291183 0.752976429462433 0.71451900601387 0.808336758613586 0.678669160604477 0.665896904468536 0.600690621137619 0.588637745380402 0.502801790833473 0.412760651111603 0.685317784547806 0.664712798595428 0.844179970026016 0.881857734918594 0.79846613407135 0.904464858770371 0.831952905654907 0.450323906540871 0.647344940900803 0.442164021730423 0.499770265817642 0.395227140188217 0.255004946887493 0.257372625172138 0.292112164199352 0.395374378561974 0.318601134419441 0.399585488438606 0.26874842196703 0.288491487503052 0.225611659884453 0.360319530963898 0.367570608854294 0.250269396603107 0.277080661058426 0.528005331754684 0.578274619579315 0.823451691865921 0.499634701013565 0.274844123423099 0.304242041707039 0.272700382769108 0.244325000047684 0.202102245390415 0.284130564332008
0.499422147870064 0.608550506830215 0.616347897052765 0.456122967600822 0.595441609621048 0.499260279536247 0.459456050395966 0.416639474034309 0.477505332231522 0.48070767223835 0.56402176618576 0.487964749336243 0.70904158949852 0.697815883159637 0.854491090774536 0.789858669042587 0.775182765722275 0.773212844133377 0.710722190141678 0.523853647708893 0.392866432666779 0.265362539887428 0.194366596639156 0.203928330540657 0.221669386327267 0.213009771704674 0.13431743606925 0.271936130523682 0.250952322781086 0.326544559001923 0.327812713384628 0.177626436948776 0.200053678452969 0.414399927854538 0.751327154040337 0.568111199140549 0.793464031815529 0.470486879348755 0.528800147771835 0.348856040835381 0.168629951775074 0.187020596861839 0.163409227132797 0.34232272207737 0.411826267838478
0.604588317871094 0.778548628091812 0.634508633613586 0.657087588310242 0.654826760292053 0.657021880149841 0.399141386151314 0.404519462585449 0.462795224785805 0.650648981332779 0.817314863204956 0.715600949525833 0.501797819137573 0.705213820934296 0.776370823383331 0.889270335435867 0.630744206905365 0.657753825187683 0.68074751496315 0.587063109874725 0.44693643450737 0.366702091693878 0.459307971596718 0.354671943187714 0.450070098042488 0.260783599317074 0.338364765048027 0.194831694662571 0.452498418092728 0.62518335878849 0.234290088713169 0.239236588776112 0.210912147164345 0.619654431939125 0.999713724851608 0.999904155731201 0.998435646295547 0.734815287590027 0.655695670843124 0.410799288749695 0.181936006247997 0.0706638313829899 0.156192222982645 0.242560335993767 0.133114106208086
0.47743521630764 0.532745829224586 0.877120596170425 0.766787749528885 0.568302780389786 0.553611832857132 0.544448256492615 0.428690963983536 0.510657551884651 0.454186001420021 0.724482643604279 0.775386208295822 0.892901819944382 0.999996477365494 0.925214910507202 0.684411162137985 0.496919733285904 0.548101952672005 0.692403560876846 0.834214842319489 0.4334792137146 0.222976653277874 0.35989944934845 0.304794463515282 0.626609236001968 0.264138855040073 0.315392512083054 0.484787985682487 0.40608796775341 0.48867566883564 0.566281262040138 0.217796228826046 0.332258643209934 0.80225844681263 0.841567404568195 0.99985163807869 0.763339726999402 0.72760117650032 0.631873208284378 0.52335838675499 0.20735192745924 0.180558387935162 0.312679061293602 0.197514416277409 0.423050147294998
0.848253220319748 0.860824120044708 0.93364229798317 0.999217516183853 0.580462163686752 0.788227725028992 0.889051288366318 0.919825321435928 0.960603046417236 0.869247961044312 0.821658563613892 0.837790608406067 0.777090781927109 0.770693212747574 0.796829545497894 0.318610036373138 0.603332030773163 0.76728863120079 0.917423063516617 0.603278791904449 0.516298216581345 0.686561441421509 0.366347059607506 0.347864264249802 0.337973281741142 0.242618900537491 0.470720392465591 0.340685537457466 0.446862557530403 0.236946406960487 0.328291949629784 0.322537398338318 0.353715774416924 0.399413859844208 0.467757940292358 0.30293704867363 0.329512119293213 0.738091802597046 0.465890598297119 0.390987554192543 0.306739974021912 0.244870106875896 0.410969883203506 0.265428312122822 0.442668843269348
0.822581499814987 0.578204429149628 0.54529128074646 0.682424747943878 0.692369115352631 0.92781172990799 0.997768890857696 0.935002613067627 0.812505340576172 0.622758603096008 0.677187502384186 0.925611263513565 0.828018027544022 0.39125848710537 0.786655831336975 0.514134699106216 0.681122064590454 0.841274273395538 0.470563685894012 0.211661748588085 0.249329423904419 0.160409159958363 0.222009015083313 0.11667323410511 0.38284747004509 0.384651762247086 0.182357271015644 0.286609154939652 0.456835982203484 0.675535136461258 0.554772076010704 0.133686766773462 0.268464805185795 0.447089430689812 0.484354516863823 0.438252833485603 0.570844534039497 0.624306756258011 0.23759151250124 0.145337610691786 0.175326383113861 0.59589849114418 0.410943433642387 0.14651418402791 0.303818911314011
0.992855775356293 0.746707195043564 0.55374476313591 0.667762184143066 0.814661157131195 0.959903973340988 0.995912170410156 0.988381910324097 0.971856117248535 0.758486741781235 0.815196192264557 0.807647699117661 0.881077295541763 0.767768323421478 0.479849782586098 0.640533149242401 0.825260013341904 0.617931878566742 0.683221364021301 0.48979075551033 0.237154473364353 0.18778755068779 0.0890794217586517 0.0886767402291298 0.0987220004200935 0.0910883381962776 0.151809252798557 0.274485096335411 0.552852374315262 0.517741256952286 0.619080039858818 0.440773007273674 0.211568146944046 0.255816319584847 0.178233261406422 0.160115551948547 0.190511846542358 0.173385980725288 0.28788179308176 0.224995584785938 0.242261666059494 0.324892929196358 0.491739436984062 0.375904822349548 0.483433839678764
0.652171576023102 0.835330706834793 0.832235288619995 0.74513378739357 0.544273912906647 0.683762443065643 0.729689967632294 0.999840986728668 0.896301394701004 0.848624360561371 0.778766518831253 0.914025437831879 0.831983387470245 0.673394221067429 0.730362838506699 0.716404473781586 0.733049267530441 0.981715977191925 0.986898422241211 0.966926860809326 0.893331778049469 0.788491839170456 0.326203498244286 0.282115107774734 0.0914926171302795 0.125003002583981 0.169647912681103 0.139066481590271 0.553205686807632 0.633864343166351 0.554660922288895 0.269524791836739 0.239456099271774 0.294314314424992 0.22274864166975 0.200794924795628 0.226914818584919 0.231884498894215 0.35227444767952 0.358954766392708 0.43795992732048 0.492826615273952 0.317092305421829 0.566750326752663 0.493695905804634
0.99999977350235 0.967291086912155 0.702395927906036 0.556639194488525 0.563281071186066 0.751372164487839 0.838395422697067 0.838288432359695 0.940632063150406 0.806774038076401 0.563496360182762 0.790753942728043 0.716883909702301 0.806159114837646 0.8863365650177 0.422119632363319 0.474939805269241 0.648893451690674 0.619442486763001 0.726906788349152 0.58172504901886 0.757077383995056 0.402668529748917 0.527345839142799 0.245361192524433 0.120272145420313 0.287856765091419 0.102400999516249 0.413089251518249 0.329730027914047 0.43352273106575 0.381925332546234 0.460947063565254 0.251717884838581 0.285570919513702 0.295818977057934 0.48986094892025 0.681409651041031 0.539628100395203 0.568646582961083 0.539461523294449 0.746463271975517 0.681896418333054 0.678494518995285 0.448271837830544
0.997049468755722 0.985477960109711 0.919756853580475 0.898563939332962 0.871710270643234 0.920132756233215 0.871773254871368 0.916289669275284 0.934736824035645 0.876230549812317 0.750105267763138 0.896005755662918 0.919937705993652 0.815421396493912 0.562363308668137 0.73295287489891 0.619672977924347 0.454990524053574 0.392435106635094 0.42018835246563 0.625187581777573 0.273153398931026 0.163514937460423 0.209014968574047 0.199382063746452 0.139438186585903 0.478100012242794 0.182176297903061 0.43146932721138 0.655783441662788 0.239034354686737 0.291028770804405 0.348568519949913 0.454666623473167 0.276702085137367 0.277428668737412 0.420562690496445 0.540348541736603 0.751050251722336 0.757531982660294 0.623238176107407 0.829847258329391 0.717821449041367 0.745904296636581 0.675017160177231
