Maxent_result_files_1/Bombus_armeniacus_2.asc
NCOLS 594 
NROWS 330 
XLLCORNER -15 
YLLCORNER 23 
CELLSIZE 0.166666666666667 
NODATA_value -9999 
[rows 168 to 188 of 330, columns 282 to 328 of 594]
0.315555596351624 0.304926720261574 0.353434985876083 0.341427263617516 0.372782018780708 0.398178294301033 0.409218147397041 0.410928994417191 0.409137398004532 0.476789325475693 0.477289661765099 0.598571503162384 0.45110884308815 0.479917296767235 0.481566879153252 0.757363790273666 0.203938740491867 0.268891635537148 0.30647756755352 0.656376338005066 0.485495340824127 0.490732899308205 0.700619864463806 0.85441997051239 0.672608226537704 0.822690939903259 0.562978231906891 0.433913922309875 0.970759218931198 0.921156975626946 0.431142099201679 0.429796668887138 0.43389145731926 0.435168051719666 0.501522183418274 0.380620869994164 0.453286200761795 0.453979209065437 0.455970081686974 0.454522213339806 0.456477898359299 0.374097245931625 0.458336001634598 0.456317272782326 0.452851709723473 0.451782274246216 0.445035016536713
0.318604201078415 0.297033888101578 0.320961555838585 0.345492082834244 0.326315820217133 0.30366525799036 0.373338982462883 0.351339080929756 0.370643705129623 0.408559575676918 0.29540531039238 0.290717041492462 0.471243724226952 0.462732365727425 0.460784614086151 0.424168056249619 0.253095081448555 0.461266982555389 0.438394400477409 0.802327287197113 0.479230457544327 0.460757929086685 0.386962521076202 0.44885430932045 0.364166754484177 0.622410401701927 0.982656264305115 0.997272926568985 0.395903512835503 0.453142860531807 0.459039893746376 0.452267131209373 0.45193484723568 0.535995852947235 0.543669882416725 0.447785487771034 0.445278033614159 0.447815814614296 0.448615661263466 0.454131570458412 0.458239424228668 0.402721789479256 0.450023046135902 0.446514388918877 0.449410310387611 0.451201528310776 0.439820805191994
0.301535751670599 0.28165190666914 0.211919176578522 0.362014928460121 0.108156033884734 0.337030643224716 0.360260534286499 0.361244365572929 0.501356115937233 0.38536265194416 0.311859929561615 0.354569943249226 0.451524391770363 0.44320604801178 0.519004809856415 0.590617084503174 0.392325714230537 0.445018330216408 0.45304868221283 0.461169874668121 0.466884371638298 0.472341242432594 0.473774048686028 0.385462665557861 0.439553037285805 0.682320725917816 1 0.800549727678299 0.457252615690231 0.470237013697624 0.491911572217941 0.440877196192741 0.43779091835022 0.4477603495121 0.292033914476633 0.444221132993698 0.436852952837944 0.435969498753548 0.443258836865425 0.451018026471138 0.447847986221313 0.452468687295914 0.448641017079353 0.447315672039986 0.446150723099709 0.443502771854401 0.437324103713036
0.994425427913666 0.163326784595847 0.672547160089016 0.821102511882782 0.431659734994173 0.270857603847981 0.308933332562447 0.339661872386932 0.366140174865723 0.382771199941635 0.349487242102623 0.393964672088623 0.433241388201714 0.423166471719742 0.184908450394869 0.513691988587379 0.430279096961021 0.438730105757713 0.489215630292892 0.455515491962433 0.444834664463997 0.343376624584198 0.436385446786881 0.465651977062225 0.469499814510345 0.512803000211716 0.432200044393539 0.323931869864464 0.375310496985912 0.49552449285984 0.442676112055779 0.428494819998741 0.423847782611847 0.335826030373573 0.267503787577152 0.442587754130363 0.497882148623466 0.473870855569839 0.441696390509605 0.442161363363266 0.443909990787506 0.445340991020203 0.44640240073204 0.452670791745186 0.446463876962662 0.436134779453278 0.435606735944748
0.465189602971077 0.94044046998024 0.557674925029278 0.891360324621201 0.910303390026093 0.723501038551331 0.71783452630043 0.6188277810812 0.551168251037598 0.469738161563873 0.582545447349548 0.428764623403549 0.417564901709557 0.31981029510498 0.249035616219044 0.410655903816223 0.360767695307732 0.359161254763603 0.3579604357481 0.415036341547966 0.320150892436504 0.462754082679749 0.46043960750103 0.459697949886322 0.454157400131226 0.452640399336815 0.44873254597187 0.448484840989113 0.451156923174858 0.978231060504913 0.516115525364876 0.736878424882889 0.677769660949707 0.239522654935718 0.429151180386543 0.434490612149239 0.432287374138832 0.368738640844822 0.43524357676506 0.435275885462761 0.437243169546127 0.441718074679375 0.443201342225075 0.445533549785614 0.443704095482826 0.473465830087662 0.438528373837471
0.301833565533161 0.375944712758064 0.581172707676888 0.957451146841049 0.197179292887449 0.974375212192535 0.825015062093735 0.370425390452147 0.740094771981239 0.090005812048912 0.130387927591801 0.424657472968102 0.416519662737846 0.322144156694412 0.399144849181175 0.365847057104111 0.374278956651688 0.409095016121864 0.342975255846977 0.429039883613586 0.441391775012016 0.454894581437111 0.455072343349457 0.496483567357063 0.642648136615753 0.482708752155304 0.529080042243004 0.429820874333382 0.423948854207993 0.362096199393272 0.620607376098633 0.356656086444855 0.999999594688415 0.675926166772842 0.44418583214283 0.293047691881657 0.502574849128723 0.883696159720421 0.857447189092636 0.894589811563492 0.41977167725563 0.405128747224808 0.43333820104599 0.433352345228195 0.436785972118378 0.422703722119331 0.433573338389397
0.413682672381401 0.444897821545601 0.244994613528252 0.297216987609863 0.414423725008965 0.378170150518417 0.220371623337269 0.257234588265419 0.473982086777687 0.161252867430449 0.0391301662661135 0.272478930652142 0.262709918618202 0.09377072872594 0.325209560990334 0.349726064503193 0.390488219261169 0.398260647058487 0.412342748045921 0.432340914011002 0.444030839204788 0.441312137246132 0.449258252978325 0.391539561748505 0.763068270683289 0.512423419952393 0.476181399822235 0.472015157341957 0.428028982877731 0.420001092553139 0.46282747387886 0.351282626390457 0.748784601688385 0.968204361200333 0.930057406425476 0.902072429656982 0.997242420911789 0.947668319940567 0.950142455101013 0.735608102381229 0.57909754216671 0.591534945368767 0.310913349688053 0.704821884632111 0.378039082884788 0.436239939928055 0.42655394077301
0.395998004078865 0.638273513317108 0.414229792356491 0.26675281226635 0.335254997014999 0.304679796099663 0.379224705696106 0.342579254508019 0.330526402592659 0.389123272895813 0.40849606692791 0.462216433882713 0.527009350061417 0.329800797998905 0.254439221322536 0.359360179305077 0.379267847537994 0.385335460305214 0.396739453077316 0.46825188100338 0.727866780757904 0.773558914661407 0.445199692249298 0.43953044116497 0.440733072161675 0.43989260494709 0.434800314903259 0.432148340344429 0.424929255247116 0.426055026054382 0.425362712144852 0.42057341337204 0.416840273141861 0.578782290220261 0.424127578735352 0.420379894971848 0.402224260568619 0.418053093552589 0.473616674542427 0.508074676990509 0.805925458669662 0.372579002380371 0.45602311193943 0.376281906664372 0.543900880217552 0.601422601938248 0.522431972622871
0.26605625897646 0.371714894473553 0.273065543174744 0.274832439422607 0.289612109959126 0.303313839435577 0.372074466943741 0.324136626720428 0.366059097647667 0.389190465211868 0.407762295007706 0.496875691413879 0.498146763443947 0.406923788785934 0.354111815989017 0.783843186497688 0.340743768960238 0.539279370009899 0.814245675504208 0.724184167385101 0.409749376773834 0.67638837993145 0.558976295590401 0.710152876377106 0.248502260446548 0.422125163674355 0.425980624556541 0.421057197451591 0.4300940990448 0.432813149690628 0.432145246863365 0.430885779857635 0.45659536421299 0.491036811470985 0.700866574048996 0.487526315450668 0.468725216388702 0.406453350186348 0.474890634417534 0.833260530233383 0.511526986956596 0.454711025953293 0.412902966141701 0.460050669312477 0.429153734445572 0.16228991523385 0.265810575336218
0.262458918988705 0.30348749756813 0.257012085616589 0.268524879217148 0.29564328789711 0.306712344288826 0.323014530539513 0.334984523057938 0.39905059337616 0.442480885982513 0.446598342061043 0.301219676434994 0.813992041349411 0.464160060882568 0.4025315284729 0.44741892516613 0.467962127923965 0.704057337343693 0.925408732891083 0.722518759965897 0.416557341814041 0.443177542090416 0.41616393327713 0.415344083309174 0.355511790513992 0.421559128165245 0.450806066393852 0.610987770557404 0.425011456012726 0.427652624249458 0.463184815645218 0.465051460266113 0.42446274459362 0.419959217309952 0.660740339756012 0.554535502195358 0.546542921662331 0.708893924951553 0.482413053512573 0.450236946344376 0.633305740356445 0.351884289085865 0.448560345172882 0.414946493506432 0.415973296761513 0.461638361215591 0.470204898715019
0.255395577847958 0.257189349830151 0.260220730304718 0.283203831315041 0.30207345187664 0.317346394062042 0.319520044326782 0.578399023413658 0.350405797362328 0.2083840534091 0.360702240467072 0.378770214319229 0.424187132716179 0.412042301893234 0.401356774568558 0.377053171396255 0.361575689911842 0.364472764730453 0.683205455541611 0.468336293101311 0.415841525793076 0.455029985308647 0.412551414966583 0.423111468553543 0.427912044525146 0.424069049954414 0.427408409118652 0.42805702984333 0.434267228841782 0.426403483748436 0.49040841460228 0.513149589300156 0.463138651847839 0.422665309906006 0.473988470435143 0.45033110678196 0.756262737512589 0.513189044594765 0.407041215896606 0.425744366645813 0.449897915124893 0.493469661474228 0.418670484423637 0.438408958911896 0.400156211853027 0.400960975885391 0.794634246826172
0.257946082949638 0.272739318013191 0.275128464400768 0.290917219221592 0.344092729687691 0.305415967106819 0.308057940006256 0.141551272571087 0.636680147051811 0.654170188307762 0.355765962600708 0.382562896609306 0.397507020831108 0.387463161349297 0.386644706130028 0.369307672977447 0.361100396513939 0.36401401758194 0.556154870986938 0.424867847561836 0.407558012008667 0.400570407509804 0.40837208032608 0.407493689656258 0.415586090087891 0.425912243127823 0.435203343629837 0.382376393675804 0.413920494914055 0.415240496397018 0.421167784929276 0.799517458677292 0.383370713889599 0.419187670946121 0.967206650972366 0.883729502558708 0.880841267108917 0.405972194671631 0.464253395795822 0.707695043087006 0.584856697916985 0.364675085246563 0.410763847827911 0.464694646000862 0.665603655576706 0.405551761388779 0.404564675688744
0.265061216056347 0.265444529056549 0.275970493257046 0.288879378139973 0.305164685845375 0.305845901370049 0.461625593900681 0.430355150997639 0.726037082076073 0.307189418375492 0.336616790294647 0.352368441224098 0.371684345602989 0.356927785277367 0.359502848982811 0.365973389148712 0.355613127350807 0.393684974312782 0.919389319419861 0.77194299697876 0.445467960834503 0.383014586567879 0.37688235938549 0.387378531694412 0.404674836993217 0.387061098217964 0.378694617748261 0.304612624645233 0.40499464571476 0.405774933099747 0.410444888472557 0.697634023427963 0.432147598266602 0.730038720369339 0.603651684522629 0.529229965806007 0.412862846255302 0.409625521302223 0.334844717383385 0.354304870963097 0.34287685751915 0.350151415169239 0.376851400732994 0.52567203938961 0.535799598693848 0.366510316729546 0.371165335178375
0.263051401078701 0.26033361107111 0.271945010125637 0.29049803763628 0.291326366364956 0.297155651450157 0.340585887432098 0.0816528789699078 0.0930928856134415 0.26171986758709 0.330271366238594 0.503095528483391 0.69825187921524 0.697931033372879 0.344919967651367 0.354118916392326 0.342675966024399 0.363083991408348 0.685927677154541 0.550517027080059 0.38118921816349 0.376882874965668 0.362920531630516 0.380163589119911 0.375530633330345 0.361685708165169 0.370897209644318 0.367801102995872 0.378370481729507 0.381745755672455 0.530219101905823 0.386259537935257 0.607140153646469 0.740865576267242 0.707960104942322 0.676543116569519 0.627240261435509 0.361351796984673 0.404894649982452 0.362576571106911 0.335964511334896 0.321367318928242 0.324107880890369 0.296794421970844 0.330169069766998 0.337449830770493 0.345484648644924
0.258525168895721 0.269336898624897 0.26502845287323 0.276742731034756 0.29602427482605 0.310978430509567 0.198671837151051 0.16575184315443 0.315194192528725 0.178802105784416 0.376388785243034 0.72914719581604 0.933072733879089 0.732376044988632 0.920457696914673 0.998998302221298 0.899354732036591 0.850768220424652 0.587968564033508 0.535131883621216 0.6736392557621 0.379870355129242 0.408611798286438 0.366157993674278 0.356158381700516 0.376577296853066 0.344269639253616 0.350995609164238 0.36706879734993 0.368986910581589 0.364604187011719 0.36737833917141 0.71187898516655 0.415756884217262 0.377651646733284 0.359829252958298 0.674616599082947 0.337963232398033 0.334009158611298 0.329476320743561 0.320116700232029 0.313991022109985 0.292732347548008 0.29441154897213 0.303244996070862 0.311994341015816 0.30968459546566
0.251686602830887 0.261373406648636 0.298634985089302 0.278175619244576 0.298957242071629 0.318150895833969 0.331585019826889 0.279949291050434 0.314488464593887 0.334747189283371 0.35034476518631 0.716775858402252 0.648222011327743 0.826807767152786 0.389153930544853 0.648358792066574 0.598593398928642 0.882015311717987 0.869675195217133 0.801394802331924 0.379098880290985 0.375512409210205 0.366330707073212 0.365538266301155 0.346775501966476 0.382561659812927 0.334180656075478 0.279906103014946 0.360715645551682 0.368409541249275 0.362998023629189 0.362319079041481 0.368082535266876 0.36938259601593 0.358037310838699 0.316669312119484 0.3328164473176 0.319229891896248 0.314801441133022 0.313702088594437 0.311544297635555 0.292375509440899 0.284332440793514 0.286679801344872 0.288990017771721 0.291908927261829 0.355341765284538
0.244286698102951 0.263261450827122 0.283957447111607 0.303685322403908 0.315782007575035 0.331868863105774 0.327453964948654 0.337416049838066 0.3413379997015 0.354869237542152 0.665404099225998 0.774153989553451 0.666462135314941 0.338396653532982 0.345367148518562 0.335375365614891 0.337284928560257 0.341150858998299 0.35225778222084 0.365624514222145 0.376417261362076 0.375587227940559 0.41417370736599 0.347881400585175 0.340098044276237 0.342626494169235 0.347019010782242 0.332632857561111 0.356480485200882 0.358353391289711 0.359101110696793 0.561219584941864 0.28646125048399 0.317515470087528 0.346036610007286 0.317683893442154 0.306160940229893 0.302027624845505 0.561275881528854 0.630479127168655 0.553099146485329 0.720222389698029 -9999 0.258848795294762 0.177209177240729 0.369100239872932 0.824720278382301
0.412898856401443 0.286857964098454 0.311043536663055 0.330751591920853 0.351798793673515 0.341097724437714 0.351676306128502 0.350562858581543 0.348281189799309 0.435443620383739 0.778035312891006 0.657219883799553 0.345226612687111 0.347921526432037 0.356864994764328 0.353193005919456 0.343990531563759 0.340006998181343 0.34204081594944 0.35648227930069 0.35081747174263 0.348815530538559 0.362006503343582 0.356310221552849 0.352681720256805 0.352481529116631 0.334551191329956 0.332181142270565 0.337755680084229 0.335353416204453 0.337295469641685 0.333208408951759 0.645283317565918 -9999 -9999 -9999 -9999 -9999 -9999 -9999 -9999 -9999 -9999 -9999 0.619766490533948 0.141143732517958 0.448248606920242
0.608457249403 0.309465928375721 0.320492428541183 0.324298006296158 0.319013023376465 0.322061714529991 0.320613598823547 0.319546538591385 0.68744530081749 0.632451248168945 0.534247186779976 0.321085673570633 0.334645280241966 0.3572838306427 0.366711613535881 0.360379412770271 0.347037735581398 0.337529808282852 0.33548444211483 0.36709271967411 0.351167905330658 0.333963304758072 0.338068199157715 0.338432016968727 0.336702644824982 0.32889070212841 0.320488439500332 0.311447660624981 0.313251431286335 0.589786565303802 0.56422972381115 -9999 -9999 -9999 -9999 -9999 -9999 -9999 -9999 -9999 -9999 0.408469972014427 0.252836237847805 0.248503451049328 0.246339870989323 0.246804989874363 0.249355539679527
0.549076914787292 0.293541392683983 0.291824133694172 0.349858525395393 0.402417205274105 0.513260224461556 0.321894626319408 0.502537477016449 0.59241293668747 0.619860845804215 0.292063608765602 0.307369112968445 0.320726148784161 0.339864534139633 0.345246860384941 0.340500351786613 0.327837859094143 0.318694242835045 0.313530583679676 0.641665813326836 0.675818139314652 0.313636681437492 0.312646961212158 0.579886996746063 0.627375322580338 0.57952401638031 0.382179579138756 -9999 -9999 -9999 -9999 -9999 -9999 -9999 -9999 -9999 -9999 -9999 -9999 0.219743337482214 0.132399627566338 0.249771028757095 0.392962175607681 0.258738671243191 0.243489909172058 0.246712730824947 0.244022680819035
-9999 0.231455650925636 0.670959356427193 0.917381900548935 0.159827014803886 0.204309433698654 0.0642375005409122 0.210826394706964 0.266449299454689 0.270584160089493 0.275252741575241 0.28479900509119 0.295303891599178 0.309856127202511 0.30005798637867 0.302622114121914 0.294758750498295 0.287362262606621 0.28799347281456 0.502077996730804 0.726111447811127 0.58645293712616 -9999 -9999 -9999 -9999 -9999 -9999 -9999 -9999 -9999 -9999 -9999 -9999 -9999 0.377542904019356 0.351677334308624 0.244996979832649 0.211186534166336 0.114958668500185 0.164932441711426 0.212818385660648 0.150289265811443 0.241785803437233 0.240371502935886 0.28319139033556 0.24080194234848
