Maxent_result_files_1/Bombus_ruderarius_3.asc
NCOLS 594 
NROWS 330 
XLLCORNER -15 
YLLCORNER 23 
CELLSIZE 0.166666666666667 
NODATA_value -9999 
[rows 120 to 139 of 330, columns 322 to 367 of 594]
0.0165347144007683 0.0104865375906229 0.0139675168320537 0.0091768098063767 0.0105196671560407 0.0157477671280503 0.00978028178215027 0.00969285815954208 0.00912668853998184 0.00918028261512518 0.0128891836851835 0.00981621174141765 0.00564456013962626 0.00871242936700583 0.00768266897648573 0.0086718981154263 0.0103064972907305 0.00703237373381853 0.00721695255488157 0.00339782410301268 0.00411579133942723 0.0066745582036674 0.00899106506258249 0.00401250068098307 0.00888957921415567 0.00692788269370794 0.00342286098748446 0.0052796870470047 0.00218142028898001 0.00638845879584551 0.00636487575247884 0.00447233561426401 0.002236292604357 0.00213664812035859 0.00876444280147553 0.00223842170089483 0.00235921423882246 0.00405459911562502 0.00925025381147862 0.00591656723991036 0.00548733901232481 0.0062448438256979 0.00640298034995794 0.00552164483815432 0.00179910818114877 0.00180244329385459
0.00833147261291742 0.0135067837312818 0.0101037153974175 0.0167908724397421 0.00912350490689278 0.0118425725027919 0.13652126789093 0.0244735367596149 0.00893174987286329 0.0176753241568804 0.0103212667629123 0.0087001783773303 0.0122220767661929 0.0412024619057775 0.0208507515490055 0.00628256285563111 0.00667702490463853 0.00713362460955977 0.0068908117711544 0.00497451797127724 0.00705109545961022 0.00662536537274718 0.00626956690102816 0.00320332041010261 0.00322585911490023 0.00756186172366142 0.00199749018065631 0.00426672669127584 0.00272203660570085 0.00649386094883084 0.00622255010530353 0.00462855817750096 0.00203747018240392 0.00214631678536534 0.00382168414071202 0.00224450970999897 0.00233538909815252 0.00224618348293006 0.00425326358526945 0.00557049121707678 0.00554348146542907 0.00683779530227184 0.00608921591192484 0.00520499581471086 0.00524764023721218 0.00451623257249594
0.0147148407995701 0.0134031908586621 0.00702586630359292 0.0141517398878932 0.0105498926714063 0.00969370473176241 0.0152447407133877 0.399999994039536 0.0121244477108121 0.0142133677378297 0.0093467591330409 0.00777196437120438 0.00793864987790585 0.00718718133866787 0.00760796368122101 0.00955692157149315 0.0095795476809144 0.0066572168841958 0.00616396376863122 0.00533172488212585 0.0073415762744844 0.00709589701145887 0.00684829792007804 0.0018184877699241 0.00187200682703406 0.00330063197761774 0.00589114492759109 0.00671937586739659 0.00880899708718061 0.0082238607108593 0.00424023140221834 0.00630711037665606 0.00261780447326601 0.00213143951259553 0.00219189068302512 0.00218309960328043 0.00210207141935825 0.00198860489763319 0.00628724647685885 0.00190377756953239 0.00243730349466205 0.00840984992682934 0.00530505888164043 0.00571239432319999 0.00496638510376215 0.00473845032975078
0.0162509448826313 0.0121034696698189 0.011380448192358 0.0117694847285748 0.0148257605731487 0.0135879259556532 0.0100547218695283 0.00929302740842104 0.0106829680502415 0.00806595645844936 0.0080994101241231 0.0161137342453003 0.0113818941637874 0.00819595996290445 0.0116789134219289 0.00840693060308695 0.00777637045830488 0.00630795704200864 0.00881906226277351 0.00778847970068455 0.00233020005834987 0.0112905219197273 0.0074582165107131 0.00733387339860201 0.00592188239097595 0.00561848040670157 0.00420622806996107 0.00543646896257997 0.0106009935960174 0.00403209822252393 0.00503702061250806 0.00512199979275465 0.00375990313477814 0.00875534908846021 0.00202416419051588 0.00314944111742079 0.00886137206107378 0.00591673087328672 0.00527832275256515 0.00186533499509096 0.00281152026727796 0.0067734275944531 0.00472513325512409 0.00473870933055878 0.00626279981806874 0.00543638039380312
0.0135466355830431 0.0126369148492813 0.0122742161154747 0.0134410543367267 0.0219822090119123 0.0115076350048184 0.0090604355558753 0.00986679866909981 0.00831973478198051 0.0116371635347605 0.0173071950674057 0.00755598451942205 0.00727409888058901 0.00892235059291124 0.00829904200509191 0.00654522590339184 0.00609395299106836 0.00654406482353806 0.00621583666652441 0.0088940529152751 0.00563725745305419 0.00676420014351606 0.00577992927283049 0.0058485078625381 0.00631976667791605 0.0116135649383068 0.00440260199829936 0.00355550171807408 0.00669226394966245 0.00728623112663627 0.00553854368627071 0.0061123987659812 0.00815441366285086 0.0056876290589571 0.00665354104712605 0.00579655962064862 0.0029825369361788 0.00655145747587085 0.0063172435387969 0.00166700477711856 0.00578509066253901 0.00731468740850687 0.00356680694967508 0.00490102111361921 0.00430809212848544 0.00487159844487906
0.016366614587605 0.0164144694805145 0.0123033341020346 0.0114546913653612 0.0119188692420721 0.0106643443927169 0.00978435091674328 0.00890392009168863 0.00887318179011345 0.010454616509378 0.0062444806098938 0.00567549541592598 0.00819263346493244 0.0544386378955096 0.00257127566728741 0.00535798091441393 0.00572978137061 0.00588236888870597 0.00720267556607723 0.00775148067623377 0.00542075652629137 0.00561985224485397 0.00547927431762218 0.00501376977190375 0.00679464116692543 0.00544235557317734 0.00269151711836457 0.00853390470147133 0.00499595738947392 0.00504220332950354 0.00497423224151135 0.00460911528207362 0.00492076412774622 0.00751074254512787 0.00396605245769024 0.00492138424888253 0.00590329058468342 0.00690156277269125 0.00706486403942108 0.00461282301694155 0.00293968101032078 0.00303017110563815 0.0016322075156495 0.00163796837441623 0.00164394250605255 0.00163902547210455
0.0114631731063128 0.0105916021391749 0.0146394303068519 0.0113013744354248 0.0108574084937572 0.0106581987813115 0.0107148215174675 0.00990031138062477 0.0104886077344418 0.00690696518868208 0.00555624533444643 0.00389874405227602 0.00505439797416329 0.00507349285762757 0.000682637418503873 0.00552959376946092 0.00720646623522043 0.00624817553907633 0.00616330821067095 0.00680721858516335 0.00533167170360684 0.00570741267874837 0.00518306754529476 0.00535922851413488 0.00472548734396696 0.00529555641114712 0.00860719159245491 0.00158320430200547 0.00954571235924959 0.00495131285861135 0.00477105518803 0.00471220375038683 0.0061698853969574 0.00550199272111058 0.00512607134878635 0.00537949036806822 0.00497690448537469 0.00505005298182368 0.00489022377878427 0.00443945433944464 0.00594912841916084 0.00406600446440279 0.00564514463767409 0.00641556158661842 0.00446027684956789 0.00150769220199436
0.0156406603753567 0.0331834770739079 0.0125274559482932 0.0111806403845549 0.0129341775551438 0.00899041201919317 0.00781062887981534 0.00884732026606798 0.00739888679236174 0.00667058099061251 0.00879632867872715 0.00852797878906131 0.00390197210945189 0.00523317093029618 0.00394702134653926 0.00385610582306981 0.00664740223437548 0.0057227399200201 0.00480628861114383 0.0045390285551548 0.00815230114385486 0.00818914258852601 0.00555335199460387 0.00566799249500036 0.00638252487406135 0.00532505512237549 0.00500039905309677 0.00208378916140646 0.017901748418808 0.00560189597308636 0.00611131647601724 0.0045656144618988 0.00464804600924253 0.00470185321755707 0.00883890455588698 0.00734407650306821 0.00415972373448312 0.00575582897290587 0.00654529854655266 0.00496479347348213 0.00553459706716239 0.0076438800431788 0.00382852894254029 0.00137662754859775 0.00141699214000255 0.00109024860430509
0.0122158300131559 0.0138372911140323 0.0158295277506113 0.0123528001829982 0.011285556294024 0.00831661000847816 0.015726113319397 0.00723831849172711 0.00834319870918989 0.00869664903730154 0.010921835526824 0.0115595502778888 0.00313492631539702 0.00562112582847476 0.00525580737739801 0.00478221504017711 0.00581762054935098 0.00867093168199062 0.00529756331816316 0.00723234144970775 0.00703244227916002 0.00620946828275919 0.00423142914660275 0.00483589065261185 0.00612910259515047 0.00515771424397826 0.00812533050775528 0.0110487936064601 0.00853980244137347 0.0378877691924572 0.00394745795056224 0.00411307951435447 0.00449195532128215 0.00518556963652372 0.00147082128096372 0.00300318780355155 0.00244307327084243 0.00142952562309802 0.00131339496001601 0.00149755217134953 0.00225621173158288 0.00412463126704097 0.0059667719528079 0.00361182657070458 0.00539606502279639 0.00329296244308352
0.0140260184183717 0.011358923651278 0.0114543709903955 0.0115139974281192 0.0144979136064649 0.0102299492806196 0.0121870355680585 0.0093517679721117 0.00730710532516241 0.00678313877433538 0.00505076115950942 0.00638358825817704 0.00567955365404487 0.00504011726006866 0.00868503181263804 0.0192471039481461 0.00736928367987275 0.00589112536981702 0.0064004035666585 0.010810630954802 0.00549048110842705 0.00255835650023073 0.00112562188878655 0.0023902976885438 0.00721367402002215 0.00681785475462675 0.00860295090824366 0.00474091563373804 0.00757244182750583 0.00573315401561558 0.00495400263462216 0.0215750655625015 0.526424103975296 0.00901089794933796 0.00619296533986926 0.00240850104019046 0.0013157979818061 0.00123499156907201 0.000949257100000978 0.00525103136897087 0.00246696560643613 0.00415847063995898 0.0012394429417327 0.00197490837890655 0.00145711654331535 0.00383051605895162
0.0130416017025709 0.017029581964016 0.0113107433542609 0.00952521646395326 0.0111651998013258 0.00991284623742104 0.00997678469866514 0.00902759619057178 0.00759543012827635 0.00725109158083796 0.0139570729807019 0.00671562114730477 0.00683802785351872 0.00793387573212385 0.00459188790991902 0.00706396317109466 0.00736485132947564 0.00498483506962657 0.00560655863955617 0.00520663838833571 0.0443576768040657 0.0172182664275169 0.00519207818433642 0.00350678311660886 0.00679605035111308 0.0126692641526461 0.00777037395164371 0.00921396780759096 0.0162821287289262 0.0261075454764068 0.00603343438124284 0.0373164340853731 0.00637442916631699 0.0089509928599 0.0074810323305428 0.00381471193395555 0.0045741225592792 0.00191674416419119 0.00124086521100253 0.0026327165775001 0.00272839535027742 0.00614985842257738 0.0090396586805582 0.0105582201853395 0.00520830750465393 0.00374375786632299
0.0123935611918569 0.0107725229114294 0.00890848189592361 0.0111394079402089 0.0108868142589927 0.00848125610500574 0.00804934054613113 0.0143558211624622 0.0123746519908309 0.0103061242029071 0.00160462261119392 0.00974436532706022 0.00562228728085756 0.00666378624737263 0.003807473462075 0.00746489968150854 0.0100109029561281 0.00341739994473755 0.00451873769052327 0.00573424557223916 0.0060249038040638 0.00571091948077083 0.00571397636085749 0.00727760130539537 0.0069553998298943 0.00762589946389198 0.00715664457529783 0.00662986980751157 0.00702024716883898 0.00818969793617725 0.00462513379752636 0.00395007692277431 0.0100382979959249 0.00871772784739733 0.00360720176249742 0.00785045828670263 0.0053261362016201 0.00848297383636236 0.0187495909631252 0.00400543417781591 0.00585284139961004 0.00366099025122821 0.00240872488357127 0.00243190885521472 0.00407315883785486 0.00521043287590146
0.0112577917054296 0.015842467546463 0.0126848962157965 0.00768486652523279 0.0100785966962576 0.00777037190273404 0.00808755168691278 0.0121412450447679 0.104161101114005 0.00589565457776189 0.00741331046447158 0.00722479494288564 0.00692300219088793 0.00647966228425503 0.00608129473403096 0.00479148477315903 0.00314248288050294 0.00814692135900259 0.00502083841711283 0.00576260332018137 0.00713661853224039 0.0052003076300025 0.00647940328344703 0.0153492357581854 0.00794878713786602 0.00593683253973722 0.0123871369287372 0.00658532809466124 0.00407743118703365 0.00423283847048879 0.00430767242796719 0.00370926870964468 0.00364135284908116 0.00344740180298686 0.00411507226526737 0.00383691135793924 0.00271428595297039 0.00302673764526844 0.00283281253650784 0.00297796833328903 0.0023802905343473 0.00275849592871964 0.00245354231446981 0.00390814342536032 0.0051680295728147 0.00291371261700988
0.00944880321621895 0.00979986758902669 0.0126531701534986 0.00821441430598497 0.0124897951260209 0.00823996784165502 0.00762747228145599 0.00321575817652047 0.00934044346213341 0.00802112128585577 0.00847412701696157 0.0041859186720103 0.00625819694250822 0.00714361518621445 0.00676296474412084 0.00776204504072666 0.00781564367935061 0.00549074988812208 0.00603408701717854 0.00997420009225607 0.00933935660868883 0.0131615970283747 0.00762056801468134 0.00491229202598333 0.00494306003674865 0.00456344177946448 0.00569391623139381 0.00597406104207039 0.00585573948919773 0.00479495236650109 0.00618782471865416 0.004379000980407 0.00411562118679285 0.00339269409887493 0.00305552994832396 0.0037980092689395 0.00293311686255038 0.00333525673486292 0.00285951509140432 0.00268110730685294 0.00261016138829291 0.00206565593834966 0.00202869065105915 0.00343234320171177 0.00474386080168188 0.00481672356836498
0.00834900420159101 0.0114326488226652 0.00978522766381502 0.0156121782958508 0.0107199978083372 0.00785223944112659 0.00784536907449365 0.0121261324733496 0.00869761230424046 0.00545256501063704 0.004849475575611 0.00361032232176512 0.00690091708675027 0.0187862154096365 0.0142168356105685 0.00721125472337008 0.00582248037680984 0.00633337693288922 0.00570168811827898 0.0113249093294144 0.0725340506061912 0.00671536447480321 0.0067545585334301 0.00435430705547333 0.00660118507221341 0.00238532843068242 0.0051600135397166 0.00577356796711683 0.00443466734141111 0.00435876287519932 0.00424461392685771 0.00413316311314702 0.00401867520995438 0.00402944823727012 0.00250280611217022 0.00308359363116324 0.00240829242393374 0.00347718731500208 0.00413468051701784 0.00404171054251492 0.00409361566416919 0.00316168013960123 0.00407999032177031 0.00412844461388886 0.00388583475723863 0.00426010196097195
0.0075908662751317 0.00793159417808056 0.00918627623468637 0.00932593699544668 0.00832848250865936 0.0160042023286223 0.0105567900463939 0.0108068371191621 0.00707475189119577 0.0123201120644808 0.00703032119199634 0.00236242930404842 0.00800851806998253 0.00551852732896805 0.0073027434758842 0.00363081148825586 0.00867612892761827 0.00662176478654146 0.00512496819719672 0.00683559216558933 0.0463585026562214 0.00983755588531494 0.0090505313128233 0.00219090438913554 0.00542505169287324 0.00453722490929067 0.00473942402750254 0.00436762887984514 0.00419408129528165 0.00435904851183295 0.0055770443752408 0.00376271023415029 0.00502792606130242 0.00256048822775483 0.00263521880842745 0.00359645574353635 0.0029980699531734 0.00238497317768633 0.00277806306257844 0.00254588960669935 0.00258653904311359 0.00240024644881487 0.0020914941560477 0.00227477005682886 0.0023153146263212 0.00359553559683263
0.00765322456136346 0.0126984274014831 0.00788960438221693 0.00819863956421614 0.00792878093197942 0.0127054298296571 0.00784734124317765 0.00962083302438259 0.0140425853431225 0.011325803771615 0.00644829766824842 0.00664602275937796 0.00655657835304737 0.00312568545341492 0.00674735335633159 0.00217364327982068 0.00370360477827489 0.00648235008120537 0.00682625938206911 0.00811842605471611 0.00481730699539185 0.0131683878600597 0.00426374236121774 0.00448127128183842 0.00538947740569711 0.00480916416272521 0.00355531731620431 0.00303554581478238 0.00296869808807969 0.00301326462067664 0.00293791890144348 0.00390294222161174 0.00449359901249409 0.00434101652354002 0.0044912745244801 0.00290517364628613 0.00266799652017653 0.00383453210815787 0.00441845683380961 0.00268043586984277 0.00256667998619378 0.00217611510306597 0.00228038146160543 0.00246898159384727 0.00247643091715872 0.00384785616770387
0.00968685150146484 0.0246737688779831 0.0148929221555591 0.015221899189055 0.00901581663638353 0.00609864927828312 0.0068115184083581 0.00683607300743461 0.00690591093152761 0.00900166388601065 0.0109924323856831 0.00642964281141758 0.00670897029340267 0.00577653655782342 0.0103083033114672 0.00596554884687066 0.00567129133269191 0.00605288706719875 0.00819167271256447 0.00490381843410432 0.00231404569931328 0.00603642594069242 0.0045622571837157 0.00553314862772822 0.0057416882365942 0.00445010159164667 0.00521203866228461 0.0041923625394702 0.00393622908741236 0.00441027591004968 0.00424453895539045 0.00458439281210303 0.00448896484449506 0.00409056781791151 0.00402400428429246 0.00251413667574525 0.00351998368278146 0.00239805593155324 0.00331128523685038 0.00223084907047451 0.00258352970704436 0.00293326610699296 0.00245039435103536 0.00249178679659963 0.00248218351043761 0.00264003789052367
0.00998723283410072 0.0113339552655816 0.017232521250844 0.00865869615226984 0.0107351802289486 0.0190078344196081 0.00920863132923841 0.00792745817452669 0.00377277871593833 0.00569701660424471 0.00599357187747955 0.0101646164432168 0.00613930355757475 0.00523790027946234 0.00707036405801773 0.00746791074052453 0.00816228613257408 0.0100365910679102 0.00606795120984316 0.00758319338783622 0.00355163333006203 0.00465596057474613 0.00253665405325592 0.00538566429167986 0.005742415972054 0.00474757151678205 0.00409654444083571 0.00236191160511225 0.00599470008491731 0.00233312328346074 0.00449375841708388 0.00425924314185977 0.00554874949157238 0.00509919403120875 0.00558610074222088 0.00438911551609635 0.00408284431323409 0.00465169101953506 0.00480032381601632 0.00453733941540122 0.00453162882477045 0.004820087691769 0.00464223120361567 0.00523045612499118 0.00559452041052282 0.00551619166508317
0.00839305929839611 0.0111275708302855 0.00920611452311277 0.00572052309289575 0.00620565619319677 0.0145185956731439 0.0116612194105983 0.00939569901674986 0.0085542812012136 0.00404223566874862 0.00800589313730598 0.00589936235919595 0.00923647005110979 0.00920195002108812 0.00956852529197931 0.00499026449397206 0.0086614279076457 0.00747000509873033 0.0097474716603756 0.00804991824552417 0.00470947008579969 0.00548407360911369 0.00561922853812575 0.00343521987088025 0.00423059668391943 0.00395231824368238 0.0038732691667974 0.00534948781132698 0.004905816167593 0.00504752863198519 0.00510450741276145 0.00384010430425406 0.00495970482006669 0.00505262343212962 0.0038072781637311 0.00291196769103408 0.00355202169157565 0.00361677212640643 0.00364757752977312 0.00425487896427512 0.00431036408990622 0.0059132119640708 0.00334512144327164 0.00344353248365223 0.00359561815857887 0.00287677100859582
