Maxent_result_files_1/Bombus_sulfureus_2.asc
NCOLS 594 
NROWS 330 
XLLCORNER -15 
YLLCORNER 23 
CELLSIZE 0.166666666666667 
NODATA_value -9999 
[rows 40 to 59 of 330, columns 225 to 269 of 594]
-9999 -9999 -9999 -9999 -9999 -9999 -9999 -9999 -9999 -9999 -9999 -9999 -9999 -9999 -9999 -9999 -9999 -9999 -9999 -9999 -9999 -9999 -9999 -9999 -9999 -9999 -9999 -9999 -9999 -9999 -9999 -9999 -9999 -9999 -9999 -9999 -9999 -9999 -9999 -9999 -9999 -9999 -9999 -9999 -9999
-9999 -9999 -9999 -9999 -9999 -9999 -9999 -9999 -9999 -9999 -9999 -9999 -9999 -9999 -9999 -9999 -9999 -9999 0.106495340913534 0.145267508551478 0.0387419414240867 -9999 -9999 -9999 -9999 -9999 -9999 -9999 -9999 -9999 0.0441158977802843 -9999 -9999 -9999 -9999 -9999 -9999 -9999 -9999 -9999 -9999 -9999 -9999 -9999 -9999
-9999 -9999 -9999 -9999 -9999 -9999 -9999 -9999 -9999 -9999 -9999 -9999 -9999 0.112121961638331 0.0300517236813903 -9999 -9999 0.0367508243769407 0.1440086055547 0.0982320272363722 -9999 -9999 -9999 -9999 0.110208387672901 -9999 -9999 -9999 -9999 0.0898677584715188 0.0598791227675974 0.00703856360632926 1.60218154491076e-05 0.000154316368571017 0.0126835368806496 0.0560668028891087 -9999 -9999 -9999 -9999 -9999 -9999 -9999 -9999 -9999
-9999 -9999 -9999 0.0543572464492172 0.113159522414207 -9999 -9999 -9999 -9999 -9999 -9999 0.0520213698968291 0.078026195243001 0.0240823018364608 0.0839155483990908 0.0309928566217422 0.00521201562369242 0.0315263294614851 0.118577289953828 -9999 -9999 -9999 0.0434119369834661 0.105797443538904 0.127505937218666 -9999 -9999 -9999 0.079387235827744 0.0940746873617172 0.0110996753908694 0.00485414202557877 0.147587609291077 0.0599619906395674 -9999 -9999 -9999 0.00488440631888807 0.00114663192653097 0.0247407182119787 0.160718947649002 -9999 -9999 -9999 -9999
0.0033483431514469 0.0175889639242087 0.00589027258101851 -9999 -9999 0.0468631893512793 -9999 0.238854036480188 0.179461760818958 -9999 0.0926970968022943 0.0290184767916799 8.20089923763589e-05 9.7560278167208e-08 2.4798589515207e-09 6.91475799357022e-06 0.0517930503934622 -9999 -9999 -9999 0.00409627982298844 1.31599339937338e-05 8.2099799769253e-06 0.000486799996724585 0.0530474335886538 -9999 -9999 0.000910625713004265 4.02024110783827e-06 8.08286949904868e-07 0.000204133857005218 0.000489981675491435 0.0310055065900087 0.236268799006939 -9999 -9999 0.1507403627038 0.0102615003474057 0.0618665292859077 0.000497152841853676 8.81160791323055e-05 0.0381916776299477 0.000420175386534538 3.64551080451747e-05 0.0289027853868902
-9999 -9999 0.0315792094916105 0.0193944672122598 0.0123759078618605 0.0828963002189994 0.0726402736268938 0.0122901109047234 0.00235262269852683 5.55497255390947e-05 1.18711254373238e-05 7.60357088402941e-09 2.15341666720548e-10 1.86449300443314e-11 2.85171442016008e-11 6.09506268006044e-05 -9999 -9999 0.00210843026870862 8.80205204278894e-09 4.06153666254738e-11 1.07465103482696e-08 1.91746821820438e-07 3.44591764012137e-08 0.00385533137887251 0.000203003485603404 4.42949439275253e-05 4.00067590156095e-07 5.09793207648102e-11 6.2933713795843e-11 1.67602198786199e-10 1.8009302937827e-10 2.09145046046189e-06 6.24974196838934e-07 2.33046596576969e-05 7.19554114736454e-08 4.89649787382973e-10 3.6018786842007e-10 7.89746351648191e-09 8.77143468969166e-11 4.26650470508605e-10 2.53812129180631e-06 0.0889739632606506 0.00631454040994868 2.50584205332416e-05
0.123462810367346 0.0728154264390469 0.0480738076963462 -9999 -9999 0.0082124990032753 2.61412208750755e-06 2.35641541057596e-08 3.09587135927103e-09 3.32369021194268e-11 1.34456445977094e-11 2.05191752478129e-11 9.61400070664808e-11 6.22227269708731e-11 3.0785688721835e-06 -9999 -9999 0.0811598757281899 2.13096009758829e-05 0.0138858675956726 9.98784360945137e-05 0.00355726720881648 2.39772977408848e-05 5.98944163357373e-05 0.000192421619249217 5.26778703102693e-07 1.32611732706067e-10 4.9512971500576e-11 4.74475903011751e-11 5.50893108908213e-11 6.85263401578595e-11 1.49216572431499e-10 2.77995682029797e-10 3.3745292116194e-10 7.5649597697236e-11 5.7729154789854e-12 3.2410775174796e-10 1.3479082294765e-10 5.96329652324812e-12 2.40782505045445e-11 1.95582938733452e-10 4.13735046222996e-10 2.89513978346534e-09 0.0102890422334895 0.00367777897045016
0.0108953181887045 0.00703132621129043 0.00970248866360635 -9999 -9999 0.000176179131085519 1.34320077060934e-08 2.04188332908473e-11 2.08536821144634e-10 1.85590431911464e-11 1.72449055035884e-11 3.39699962137452e-07 0.000165734310121479 1.75528638720834e-05 7.44904414204939e-05 0.000753289584099548 0.000772624162345892 0.105911668017507 0.00131943415035494 1.14032634610517e-06 0.146725778281689 0.277591589093208 0.107222917675972 0.0911078326404095 0.000368400565275806 2.62069620471372e-07 7.35929095441179e-11 7.27096827191076e-11 7.19981296803951e-11 8.28479063130771e-11 6.60069332525381e-11 7.37558125685212e-11 1.60744895172371e-10 2.20966012154378e-10 6.05099859107838e-11 7.99255439609681e-11 1.4865040642853e-09 8.75788660323451e-05 2.84355935605163e-05 5.66802887789208e-05 -9999 -9999 -9999 0.021439593937248 0.0108560520922765
0.0319640187546611 1.68754941256566e-05 0.000371338710465352 0.000114623504543943 0.000108166959989831 3.96432603224639e-05 6.22527707161424e-10 2.23913110275475e-11 2.4628399319937e-11 4.49737025398633e-11 2.54511411945657e-11 4.42368683479799e-06 0.00404782025725581 0.0058142218971625 8.31790450517289e-08 2.22969629604108e-06 5.93097610179782e-07 3.14039402260491e-09 5.68878388840233e-11 6.16474733816652e-08 0.00809008413925767 0.00030751226877328 2.54202549228921e-05 1.81175019431379e-09 2.42934616867529e-10 6.03860272896384e-10 1.18761376288745e-09 1.79789628740323e-09 1.13150899760939e-10 7.18168635671646e-11 7.71941066624038e-11 9.05813091200969e-11 1.93389071423411e-10 7.02889035864018e-10 5.48126766197754e-11 9.46274503199618e-11 5.7887583615468e-11 6.21573215120463e-10 3.87070024920888e-09 1.0777138693685e-07 2.21953345036496e-08 0.000259768332853128 0.0329635248985142 -9999 -9999
1.50454570035929e-07 1.69763925139677e-10 1.05011932483023e-10 1.97895322351371e-10 8.65065585831104e-10 5.58349955159798e-10 1.33292190618306e-09 9.30314869584947e-10 5.14317366473449e-11 2.04020417227113e-09 1.41307605250329e-07 1.22854426631847e-10 2.48088571908056e-10 8.61472004842767e-11 1.67892133529079e-10 4.9645673350085e-09 1.47245399206852e-09 7.62332641457419e-11 5.22367482602704e-11 1.04891995089673e-10 1.45499736703414e-09 6.16842266154549e-10 1.48929024668121e-10 2.2381322350995e-10 8.72776517724105e-11 1.00002917058362e-10 4.64603727712287e-09 5.76725578071979e-08 1.09393905045607e-10 4.68012428811448e-10 2.46067244358272e-10 8.4299722757919e-11 9.23060405888521e-11 6.87761847473212e-11 7.45686290493097e-11 1.35458733119265e-10 6.08037065141787e-11 5.87720561107119e-10 7.45169229987574e-08 5.7278801701699e-10 3.62065799563993e-10 1.16443021433987e-06 7.28138893691721e-05 8.73707631470211e-06 0.00136879924539244
8.23503931712821e-11 8.07718780748701e-11 4.13141809652018e-10 4.6782449025784e-10 1.16565879171304e-10 1.5244157047789e-10 2.06256578483277e-10 1.66027526171675e-09 7.91039234115942e-11 1.51765565670203e-09 3.29690841294195e-06 1.08271536181093e-10 8.29359803056207e-11 1.01215202885641e-10 1.30583244217775e-10 2.32124708343662e-10 1.26013975476624e-08 4.81249040618081e-10 1.50628354234073e-10 1.07881281685707e-10 1.47084701529465e-08 2.71273503660296e-10 2.07657679940354e-10 1.7342499658568e-09 1.45489620351213e-10 1.36040401166326e-10 3.66629815395925e-10 1.58352325918543e-08 8.64183369309046e-10 1.18306512364441e-09 1.14581089061261e-10 2.56394405706573e-10 3.15983583742963e-10 1.7165089349902e-10 7.96907206890296e-11 1.15539287359745e-08 1.00010926217919e-05 4.35218113580049e-05 5.51144203711829e-05 2.49247481683312e-05 9.55553422983257e-06 1.57691580060515e-07 1.79057019322748e-08 6.21720627425049e-07 2.06184467373305e-05
5.96471205760452e-11 7.69709074255331e-11 1.02095121246037e-09 1.78648706938844e-10 1.48454859516534e-10 2.34725328063234e-10 1.52495449601275e-10 1.61273816523533e-10 1.3116281394332e-10 2.18506601701307e-10 2.47242293305305e-10 1.61571456214205e-10 1.65019253817178e-10 1.75010228531391e-10 3.63367969047346e-10 7.90010651341433e-08 5.69697307262196e-07 8.70633719562974e-09 1.9048416954881e-09 7.25417113045523e-09 4.05961633653806e-07 1.3205955218254e-10 2.5393850355826e-10 1.71954628314097e-10 1.85712956124462e-10 1.50601242587811e-10 1.44212597419369e-10 1.65684388431231e-10 6.64409572026514e-08 1.06329664384397e-07 1.06622286401015e-06 4.57121076813394e-06 0.000548649566917447 6.31337477785543e-07 3.5125468329511e-06 2.16505933668287e-05 7.23599434749866e-06 5.36807095107505e-05 3.31885009956068e-05 2.75090273305523e-05 5.48956022301539e-06 2.44677477638788e-05 8.5497182266181e-05 3.44148146070533e-05 3.36782979815098e-05
1.08530273656982e-10 3.85279197434585e-10 1.54803170282491e-10 3.23448900996226e-10 5.66393776324503e-10 2.72835209980116e-10 1.71674208182537e-10 5.10525077768165e-10 2.01675409705615e-10 3.92545684846368e-10 2.37848785111794e-10 2.24254637082311e-10 1.95484817222535e-10 7.49161388480246e-10 1.09712358087322e-09 2.89467150249578e-10 1.58211443945788e-10 1.5912676731844e-10 1.23889054570725e-10 2.33681196544211e-06 1.83479642590356e-10 1.79044501447123e-10 1.83298720646263e-10 1.51570230810805e-09 3.45413676550166e-09 6.25545631161017e-07 4.63512070361105e-06 1.81888551779252e-05 2.32515016222123e-05 3.15885109500869e-05 3.25456420398496e-05 2.70183716679639e-05 2.74651194615672e-05 0.000519946922668169 0.000315085507554613 0.0165247118507978 1.3738404475383e-05 5.18371121862593e-06 5.19388616605498e-06 1.77603314874375e-05 0.00025273573000959 1.03024256904005e-05 2.74965367149438e-05 8.78146942227431e-05 0.000119604278779661
1.20514398460614e-10 3.69742598760325e-09 4.81109008187985e-10 1.39724620762394e-10 1.56939905515685e-10 2.19145801505505e-10 2.53109033732102e-10 2.28586927164542e-10 2.16062856495114e-10 2.80636158755954e-10 1.77245296217876e-10 1.6476552344713e-10 1.65192715062545e-10 1.53924462065191e-10 1.94571725398163e-10 1.84867099406461e-10 1.01734975999079e-10 4.27199930985722e-10 1.11618539966329e-09 1.8792076605223e-05 4.96405069272399e-09 1.60281976580023e-10 8.75763539465169e-10 3.69022579160827e-10 2.30982289739501e-08 1.52409004483545e-06 0.000233116558229085 0.000142704067610211 4.00652070833729e-05 4.98284951959249e-05 0.00628534885472618 0.152514440752566 0.204318393021822 0.0325019368785433 0.0160737803293159 2.51898305855036e-05 6.00960079280011e-06 1.23135336827174e-05 1.10693665960948e-05 7.89898929776101e-06 2.80539521170908e-05 1.00533131607961e-05 1.75072811050114e-05 1.18171862517613e-08 0.000107119072549722
1.33573929694819e-10 2.01996441795416e-10 1.56861201805469e-10 1.38218214651431e-10 4.61564619858024e-10 2.07821915232387e-10 2.90930457502725e-10 4.27447433004602e-10 4.88154328071033e-10 2.30207419793516e-10 1.96812877106822e-10 2.8534603568886e-10 1.94843086109842e-10 1.62380153767572e-10 1.51323031882811e-10 1.66809999146977e-10 1.95572691374934e-09 1.55404347634835e-07 3.30101874801425e-07 1.58625215632924e-05 1.24983374501397e-05 2.52669883053613e-05 1.9758785713242e-05 6.81695235698498e-05 0.000160478122575114 5.97447869395751e-05 2.87089631129778e-05 9.75759647104724e-05 0.000287588268417949 0.0735814045183361 0.135428897105157 0.298556265234947 0.00249843954497919 0.00729444982571295 4.98845717970653e-05 3.63875901892019e-06 5.90395124581145e-06 4.98852432642138e-06 6.73396675896498e-06 9.479874955165e-06 1.00339043775266e-05 1.0633478865818e-05 9.21697864797011e-05 9.24216121859445e-05 3.44703694045378e-05
1.35032252046585e-10 2.01205652139436e-10 2.02228578327635e-10 2.90848989337178e-10 1.88562832015293e-10 9.55162112736829e-09 2.35819508365154e-10 1.63945078623939e-08 8.95100182862763e-10 1.8240091659294e-10 2.17743933994541e-10 2.032076285019e-10 2.80480239034375e-10 2.18536777563116e-10 1.60103064139605e-10 1.49364742796365e-10 9.51861072184812e-09 1.68810659516794e-05 2.08370409012559e-05 1.31020370630619e-07 2.21015889469101e-05 2.94457179954577e-05 2.54037629388471e-05 2.20861726475619e-05 4.08964943488854e-05 2.42799450660414e-05 2.91433383475592e-05 2.02439956988876e-05 8.31197718785148e-05 5.56674863460671e-05 0.000390637289729057 1.58110625699592e-05 1.97175323775056e-05 3.19736990605946e-05 3.0565423474016e-05 2.41905087194239e-05 5.02055184306016e-06 6.20907245826308e-06 4.45642563707826e-06 2.43811951236017e-06 1.74741850624827e-05 2.73008294421118e-05 3.63673812764365e-06 1.43685513160019e-05 9.24826350052754e-06
3.9254890449314e-10 2.7442733641081e-10 1.97493787990055e-10 1.67636315939745e-10 1.64262070612153e-10 7.88198318835143e-09 6.29552909803266e-10 2.61076837926311e-10 4.64133775857078e-10 1.5219541182887e-10 1.62915880785874e-10 1.61154434241695e-10 1.36124789218428e-10 1.30065846981609e-10 1.59603796845431e-10 5.01869212854444e-10 7.41040584117947e-08 1.65001931007325e-09 2.74647530307259e-07 2.89892454023999e-06 1.05375061909552e-07 5.36079035606818e-08 9.11213810574907e-06 1.08240514165914e-05 1.28945675271552e-05 4.05998790020679e-07 9.57484441528322e-06 1.68658859653448e-05 1.47309944345864e-05 1.44280281002551e-05 1.74622331968521e-05 1.05224286620853e-05 2.03487780183309e-05 1.19908912183497e-05 8.53303996990462e-06 1.07093077328813e-05 2.19687351190601e-05 1.11794734696247e-05 1.11486878243028e-05 1.33965137812275e-05 8.98807278417735e-06 1.06073564648312e-05 1.23612651315108e-05 5.60359790642284e-06 3.10355181930566e-06
1.62180254159594e-07 4.37781191191533e-06 7.63437380442156e-06 1.43940504400142e-06 3.20505754458633e-07 3.24534978606295e-06 5.80922538446771e-06 1.67527152527214e-05 2.74991142788394e-05 3.14160863519319e-06 1.88666771663293e-06 1.47111037214209e-06 1.20534584535648e-09 2.59558730175691e-08 5.56265911111353e-09 3.44918536288041e-08 1.81327868105541e-05 2.25050745314093e-05 2.77351217306432e-05 3.30701898946018e-05 2.69828522903026e-06 1.26957374913417e-05 1.5959362698581e-05 3.40900175781478e-05 2.37665532675124e-05 8.70598288118529e-06 1.60025435427702e-05 9.8428703324771e-06 5.74013842502552e-06 6.26727320778286e-06 6.7645266030425e-06 6.78995405536398e-06 1.23822469774382e-05 1.32255282395022e-05 1.87561216719701e-05 1.42314491949236e-05 3.84476790429744e-05 4.95012272139661e-05 5.32807232133337e-05 1.10113974026049e-05 1.74970104026784e-05 3.92983255778745e-05 1.515586942058e-05 2.50406064048581e-05 0.000273208019700633
6.34270103248014e-06 3.02156741316395e-05 2.94470464649699e-05 2.44706719818133e-05 2.17282356673287e-05 2.69136839615491e-05 1.30351588666144e-05 5.32054525095305e-06 1.5644374801127e-05 8.69384351606328e-05 4.78161832250024e-05 5.10451628056074e-05 1.4385725258137e-05 1.25353264353034e-06 3.45591786270916e-05 3.8395022480131e-05 2.90172218711859e-05 5.48831408480055e-05 2.01712850209645e-05 4.53612217480526e-05 1.50762928830872e-05 3.31691932784039e-05 6.30790604576603e-06 3.08536835361917e-05 7.52937583421431e-06 7.4344781518576e-06 5.93059685786157e-06 5.29390991377277e-06 4.67268563325574e-06 5.4304886868195e-06 3.83346621024572e-06 5.51456881456858e-06 4.87321897697512e-06 2.78215730872944e-05 7.6759233158441e-05 2.19139343521135e-05 5.35022553236786e-05 0.000107941620274232 0.000494818561196553 0.000113015379685066 4.80072755230765e-05 1.68752617263124e-05 9.24564097012359e-06 8.98300599398993e-06 7.68860319944054e-06
2.16928575103026e-09 7.90813291295933e-07 2.36565668562339e-05 1.76660658106176e-05 1.81638644223048e-05 1.65136426865886e-05 1.72165069088459e-05 2.77206335737912e-05 3.25825147224124e-05 2.23968230592675e-05 0.000129741465633693 4.67106757194413e-05 4.66847264190662e-05 4.09828604091445e-05 8.07397417467826e-05 4.03656797591023e-05 4.44369090893293e-05 1.69515079790017e-05 1.57400480582659e-05 1.33005549717291e-05 1.12062789720202e-05 1.5471057954386e-05 2.93154215910363e-05 0.00142512730672024 0.00112388561028638 0.00481704600060766 6.65137843465224e-06 7.68313965864298e-06 1.13462435361811e-05 0.000323567505529354 1.48345130436267e-06 1.52971381964573e-05 9.62637491674911e-06 9.13121768277847e-06 3.35408804481574e-06 6.74312892456896e-06 2.13862558100963e-05 7.70929247559948e-06 1.01803857947225e-05 7.90862348782895e-06 1.1357326214112e-05 1.08259123896781e-05 3.40868458621912e-05 9.85222143370379e-06 6.48981310234831e-05
