Maxent_result_files_1/Bombus_polaris_3.asc
NCOLS 594 
NROWS 330 
XLLCORNER -15 
YLLCORNER 23 
CELLSIZE 0.166666666666667 
NODATA_value -9999 
[rows 120 to 139 of 330, columns 352 to 395 of 594]
9.22675082648539e-07 3.78434797099203e-07 2.11633849084181e-05 2.9743215161615e-05 8.08865890178367e-07 3.23649385858937e-05 3.52294569113787e-05 7.39668928062542e-07 8.31681587953881e-07 9.85048450630188e-07 1.45210338757806e-06 8.35232315488099e-07 3.08792061503027e-06 2.55507126283305e-06 2.54187682880769e-05 2.68289516947462e-05 8.76803985150332e-07 3.4134014578302e-05 9.9618385291933e-07 8.67926100411864e-07 1.13903578782271e-06 7.75606870817569e-07 1.99805460852076e-06 9.24562920090466e-07 6.31383817406572e-07 7.69820689505707e-07 6.47723148183843e-07 2.62158509372057e-06 2.41690719433585e-06 3.81115742786875e-07 6.28515928724482e-07 8.06696368726989e-07 1.13282479272669e-06 7.32821894988689e-07 6.08293644965841e-07 2.20999614235495e-06 7.20010894745826e-06 1.46941863576444e-05 1.03923780599757e-05 1.49563694833432e-05 9.94176511497358e-06 2.93711004193398e-06 1.96547753041898e-06 2.05075749768469e-06
5.63846515433397e-07 2.24384581715142e-07 2.50432741490059e-05 2.73549695746445e-05 6.10959029145874e-07 2.95944222762468e-05 3.09936560227486e-05 2.86532831896058e-05 5.48446045911533e-07 8.90024620403551e-07 2.18794243593834e-06 4.47477588849665e-07 5.70484216488865e-07 1.86233564889449e-06 3.36911189080524e-06 1.00751946668254e-05 1.19736026249484e-05 1.77820755936864e-05 1.39022628999896e-06 2.71218462053469e-06 9.91708082835885e-06 2.31821115441733e-06 2.25110584679555e-06 1.42657655413103e-06 3.24251706231848e-06 1.04677492771543e-06 1.31495628053813e-05 1.9470744503991e-05 9.6777494057676e-06 3.24242120868234e-06 4.82616284003257e-07 8.37572894774041e-07 1.06299824480516e-06 1.30364165578101e-06 1.34265210220974e-06 2.62109548092582e-06 3.94693450207484e-06 1.65095357189671e-06 7.92444980852736e-06 1.71021923009107e-05 1.74495181269663e-05 7.71702509254624e-06 5.56287254447341e-06 2.81252940830257e-06
2.44423289252893e-07 6.43881511663835e-07 4.6571412869123e-05 2.62748363594856e-05 2.74409811324872e-05 2.53868604051521e-05 2.21640446104732e-05 1.94569391171129e-05 5.1485683059127e-07 1.9194469424777e-05 4.03479549806018e-05 6.19663916090474e-07 7.15121395344909e-06 1.48940912112039e-05 6.82061120578226e-06 8.87431549401185e-06 1.1925198227658e-05 3.84738208509816e-06 1.59531344969821e-06 9.58470987910687e-07 1.66061382707028e-06 8.62834265902279e-07 8.52314023624956e-07 1.78093511209454e-06 3.92183185269346e-06 1.63504995406072e-05 1.5839757293179e-05 1.41260340157601e-05 1.16030183605176e-05 1.00754947183646e-05 8.54466009627686e-06 3.74573637600406e-06 1.69105644509671e-06 4.34050908104666e-07 5.37521532439911e-07 4.7681742820771e-06 4.00252565375681e-06 7.02999459250009e-06 8.92571192032676e-06 1.53838601953282e-05 1.35112515945224e-05 1.853962669216e-05 5.36371113089018e-06 2.01506742616431e-06
5.2947813173887e-07 4.24950050259554e-07 4.73430293013166e-07 6.20876068069265e-07 2.16991789687038e-05 4.42989354709766e-07 5.52961676802965e-07 1.52649920934778e-06 1.40655110456578e-06 1.76627082117853e-05 3.47269391909322e-07 4.30322644540126e-07 3.41237065377697e-06 8.31909573939527e-07 7.98659388756562e-07 1.36116965911981e-06 3.16518114082953e-06 1.33307919014669e-05 1.1397211533648e-05 7.59867187909435e-06 8.32079548942488e-06 7.09817678519187e-06 1.53367612178101e-05 2.17685180714966e-05 2.68253823037412e-05 2.54418633062414e-05 3.05426119851404e-05 2.80366043256208e-05 2.01897936321416e-05 1.92935316206899e-05 1.77391091483514e-05 2.78767254314971e-05 2.52993079755015e-05 8.75980049137581e-06 4.43879966667282e-06 4.36499602951557e-07 1.56218755478221e-06 7.05736381831912e-06 1.31759305244117e-06 9.3477910825257e-07 8.08008975017316e-07 3.90440420883209e-07 1.3714240012197e-05 1.21523662024892e-05
6.1206903403388e-07 8.32166618991437e-07 4.68395335495586e-07 1.30294749709492e-06 5.06998854277185e-07 4.166183245502e-07 3.78963476066474e-07 6.10810577228449e-07 1.16435784391911e-06 1.26213166170897e-05 2.91190861290147e-07 3.57134896233902e-07 3.58718256343593e-07 6.89325546332498e-07 7.83392095087265e-06 3.25627933364103e-06 2.99402604895249e-06 1.92744316898086e-05 3.96540154170566e-06 1.03067662941214e-05 1.31469677533858e-05 1.27813313469005e-05 1.04076253755636e-05 1.78117341100403e-05 2.59793277066933e-05 2.50641448772626e-05 2.00915933923795e-05 3.39437984223423e-05 1.87253651830588e-05 1.70159788680735e-05 2.83363652769708e-05 1.74109455159055e-05 1.54093739425321e-05 1.91071398376153e-05 1.92056058921253e-05 1.65211672928933e-05 1.66762796048658e-05 1.01423703682713e-05 3.21136728020921e-07 1.12966910319146e-05 1.09644399998166e-05 1.16340943362658e-05 3.41883918331121e-07 2.64223067691916e-07
3.03694404841792e-06 5.28146294875853e-07 5.91607180844278e-07 4.33894236451238e-07 3.71672819454716e-07 6.28569001648316e-07 3.57129914618781e-07 3.76886707975643e-07 1.4427867682798e-06 3.07379347752601e-07 1.9913762105972e-07 2.44031289131641e-07 1.23675140638602e-05 1.32013943049292e-05 1.35295634241195e-05 1.41936666848697e-05 1.41616109790021e-06 1.45195882346627e-05 1.72897375236403e-05 2.06958755015307e-05 6.36903368267383e-06 1.80006652406917e-05 1.75400716031504e-05 6.32406934784058e-06 7.76509824085281e-07 1.57239992645941e-05 2.82594367121192e-05 2.62329361063962e-05 2.82417084449094e-05 3.4001369959924e-05 1.99976911318345e-05 2.17946541326341e-05 2.10955770441501e-05 1.55151696183964e-05 1.46275079046632e-05 8.55451822339148e-06 1.84884007175867e-05 1.74635462961703e-05 2.45206306779266e-06 8.0205920625076e-07 3.45041929428191e-07 9.87629976992865e-06 2.35058779374242e-07 2.46181181040583e-07
1.27071130897605e-06 4.83660812733433e-07 4.4228599946905e-07 4.99190048230957e-07 8.94213449598169e-07 7.61162212015165e-07 2.26799046600945e-06 2.41863826921929e-06 1.71901133008134e-06 9.20800120418619e-07 8.93601749751838e-07 1.99897434640661e-06 2.92500257970119e-07 2.54991257264692e-07 2.4050181597346e-07 1.03897973348532e-05 4.52737999445674e-07 2.70987743355988e-06 2.13056546307655e-06 3.18302694779504e-06 6.97230308297492e-06 2.25513850594439e-05 1.50704275512226e-05 3.51415729085147e-06 1.89326651387489e-06 1.00975926386582e-05 1.74809817401922e-05 1.72254178721687e-05 1.78402846842118e-05 2.80174886739815e-05 1.70360649548229e-05 1.89255199686045e-05 2.80291289129764e-05 1.17996499085393e-05 2.15935802131639e-05 1.60535736675627e-05 1.5806087426995e-05 1.39302942500308e-05 7.8558817236285e-06 1.12992911251553e-05 7.86314749001704e-07 2.25360076955283e-07 2.1798072249446e-07 3.1317990201174e-07
3.06452262321955e-07 4.49479024666743e-07 7.55339391567134e-07 3.98973042869955e-07 2.79054745089269e-07 5.82142580185518e-07 4.28077509440072e-07 3.12417251002728e-07 3.82338451565545e-07 2.14181353719312e-07 3.54247435740973e-07 3.83651718394162e-07 1.91373345259649e-07 7.62487544494483e-06 8.33945856065776e-06 5.04348225692786e-06 8.87051263253058e-06 2.23452377934308e-07 3.15132009909291e-07 4.25609969934015e-07 4.78936203052172e-07 4.9540829625272e-07 5.65480719316724e-07 5.46880315699383e-07 4.89324081662801e-06 1.22172317048808e-05 1.47311371868852e-05 1.83528975057357e-05 7.99902977064448e-06 2.07149075258428e-05 7.70226763471271e-06 6.6498131261028e-06 1.34715847245559e-05 1.96981053605327e-05 1.61084979978909e-05 1.43695579325254e-05 6.13119229679882e-06 1.63834344277802e-06 3.99269926241175e-06 1.21171922270236e-05 5.25091676450984e-06 6.42885242196911e-07 1.11287222370748e-07 5.24914120614284e-07
1.09382455711682e-05 2.24537452311324e-06 1.84959145785868e-06 1.66652194355521e-07 1.0109907270095e-05 1.31238118816768e-07 1.78861351951554e-07 8.93968355130115e-06 5.58942481130309e-06 5.89910582785569e-06 1.50387468256241e-07 1.73466955333268e-07 1.99043880932948e-07 1.53765448107634e-07 1.9467189193989e-07 1.17713762870508e-07 6.81134060015465e-06 7.25951851411333e-06 8.51735800820874e-06 9.97985305863924e-06 1.10676598723325e-05 1.17715449630573e-05 2.3891604486237e-05 6.25739688153715e-07 1.05417591527157e-05 1.0038026704251e-05 1.63449817858208e-06 1.08236008315998e-06 6.09924569339171e-07 4.19889302261112e-07 7.34102190502739e-07 5.80979695197215e-07 2.6378477253175e-06 5.16497906044577e-07 3.2547562049956e-07 8.39142797381953e-07 5.27656534943244e-07 6.50202608190042e-06 1.31065392970697e-05 7.52923250146864e-06 6.82048172677696e-06 1.0400968695734e-05 7.15591730049425e-07 2.07823206643809e-07
5.32032897808676e-06 3.02221993201401e-06 1.14751277064951e-06 7.86749158443456e-07 1.43461526658228e-07 1.66364660758589e-07 7.50209867664831e-06 3.4893225421162e-06 4.15123075850898e-06 6.27990397017442e-08 3.98875246387931e-08 1.29478849908438e-07 8.45108365059577e-06 9.90953854953513e-06 1.02535764697098e-05 8.83779320837164e-09 1.54582964317918e-08 1.27114989767474e-07 3.95993785873294e-08 9.63841294776557e-07 3.26610682961359e-06 7.37271067468015e-06 9.1594378757498e-06 3.18180787435174e-05 2.08911145265001e-05 1.2869827018247e-05 3.48234913749579e-07 2.16534058605444e-05 1.23299905739782e-05 1.52112590647846e-06 3.05587111043337e-05 1.84308655448717e-05 2.20992975830114e-06 2.78611930095707e-06 1.13276046313615e-05 1.12218032771949e-05 1.24816002283978e-05 1.1159941702843e-05 9.68597156969508e-06 6.56732393586879e-06 8.12934942615584e-06 7.00699648668035e-06 8.44171625828949e-06 4.33949991784921e-07
1.19523019677104e-05 2.1490093999077e-05 7.76837412895803e-06 3.32877715436553e-07 5.33562154192424e-07 6.9704398892867e-07 2.30308393422973e-07 1.37347613593519e-07 2.20741445543515e-06 2.01284063372498e-07 1.48203205840858e-07 1.03049605293393e-08 2.83001243328584e-08 2.55586661501717e-08 3.10325265484579e-08 2.52071740760584e-06 8.37136434483909e-07 2.94951896648854e-06 1.2702010359078e-07 4.22612089989727e-08 1.92831188883247e-07 3.44735837831678e-07 2.79551501103259e-05 8.8166153506819e-07 7.79769059100488e-07 3.36824988256268e-07 4.89724595009733e-07 1.62362401425753e-06 7.61192436371516e-07 4.8237997489764e-07 2.75078884133251e-06 1.55485341242212e-06 2.09730689419985e-06 7.9660487045885e-06 7.51176653963626e-06 6.42019765351165e-06 1.12774448524533e-05 9.2684792297959e-06 4.4496678067496e-06 5.1511174499197e-06 3.66889015221972e-06 5.59617520163869e-06 5.16570796520455e-06 4.88837823127142e-06
6.51053774589627e-06 1.21692544574614e-05 3.23542925343645e-05 3.24212623070252e-05 2.08668510026655e-07 3.75522216089497e-07 3.76344338948176e-07 2.0195078836549e-06 1.1596760032262e-06 2.84025861674309e-07 7.94124150615971e-07 1.3955491112938e-06 3.03952351714543e-06 1.05697492926993e-06 5.95796166180662e-08 1.82043176266689e-06 2.16873526028394e-05 7.87405638718042e-06 7.11557356574133e-06 1.15048296720488e-05 8.47553601488471e-05 5.39761041552289e-05 9.24376345210476e-06 5.37755204277346e-06 4.17594437749358e-06 1.48809010624973e-07 2.96115920551676e-06 3.57036614495598e-07 9.90539972178794e-07 1.70085574993095e-06 1.54865644418578e-05 8.48689884058729e-06 8.34784505912012e-06 6.84646400230804e-06 6.31259157657382e-06 5.20457975436983e-06 5.53818851471988e-06 7.35809786931441e-06 8.90258388714926e-06 9.29838416823259e-06 8.37895161893698e-06 2.62224891933727e-06 3.25749207332748e-06 7.03038371590026e-06
6.66560934803329e-07 9.03434685675109e-06 1.12048458916547e-05 1.10099895110238e-05 1.35312003990862e-05 1.25798470598681e-05 7.10965060122248e-06 9.69701000457235e-06 9.15900712357143e-06 9.35756790951814e-06 5.92909255523466e-06 8.27270991479168e-06 7.13717042764017e-06 2.32784067122793e-05 6.46386567950685e-06 6.09777204729767e-07 5.58501919272203e-06 5.82609797312728e-06 1.40023014125745e-05 9.15594650194862e-06 1.07921066302197e-05 1.57098498583252e-05 1.21370926052577e-05 1.60920039320445e-05 1.82577722398491e-05 2.88056845787477e-06 3.8780077602496e-07 3.91518608466868e-07 2.61208360976539e-06 1.52370424664205e-06 6.30210120284858e-06 4.76195757143083e-06 3.8331417839288e-05 1.26785392449591e-05 8.88454173679776e-06 5.54834522432657e-06 7.06860786880981e-06 7.22838912334822e-06 8.18672124882624e-06 4.37619796080924e-06 5.58915938100313e-06 6.51908007487378e-06 6.18415433084607e-06 6.99312930176887e-06
4.12201288035874e-07 2.87549170714385e-06 6.60787823427711e-06 1.11990573536502e-05 8.35151657767597e-06 1.33411067452016e-05 6.48966425842445e-06 1.06954596105879e-05 9.61205861003123e-06 3.34752329607113e-06 8.67550575591736e-06 6.74352719585158e-06 6.54584066808184e-06 4.24571809176655e-06 1.43961992648656e-05 3.09623834027661e-05 2.27592963369716e-05 7.62640350941979e-06 8.57850064761578e-06 1.22812501977876e-05 1.08865791190738e-05 1.16030304624815e-05 1.22413845673464e-05 1.27575629761623e-05 1.30655552297299e-05 1.06921020787354e-05 1.16802821807482e-05 1.29878613392975e-05 4.95444428456615e-06 1.74067720681848e-08 2.68322037300095e-07 8.89757948243641e-06 1.57678301206943e-06 9.77717027208502e-06 7.14064329372377e-06 6.32395618467285e-06 6.18959364349081e-06 3.58891339722334e-06 4.01495284432229e-06 6.6330625253741e-06 4.85480135212768e-06 1.03449717570925e-05 8.62269282583261e-06 1.57022245993232e-05
8.21946652465044e-06 4.7169935289304e-06 7.40413089985736e-06 1.31584189873024e-05 7.80284870955939e-06 7.93083031780384e-06 7.43539030310103e-06 5.53280216877283e-06 3.16924208902947e-06 2.85317887687597e-05 3.01221640143012e-05 1.6617473295355e-05 2.81366956869533e-05 2.66035881168136e-05 9.64337091886591e-06 7.12733480554562e-06 1.8872899966027e-05 3.04436672536212e-05 2.52187933369896e-05 9.50550550555818e-06 9.64703783523646e-06 1.14979568067497e-05 8.20019413822592e-05 8.18272950709797e-05 5.66035386555086e-05 4.15212462485215e-05 8.4477869421562e-06 1.49789996100935e-05 6.01171900100894e-06 8.13525705822826e-06 6.25900361654885e-06 1.01863515737932e-06 2.21512755160802e-07 4.67418598901759e-06 6.55097586417241e-06 1.70369264424153e-05 1.64152364334313e-05 3.89312267081721e-06 3.56223748916307e-06 3.18833219665748e-06 1.01401347137653e-05 1.13751486821911e-05 5.41748717637347e-06 8.45949046066608e-06
8.28157998057577e-05 1.68206065609411e-05 2.25942062456852e-05 8.55775811601234e-06 8.26026337961139e-06 1.0801396049942e-05 6.52831861245318e-06 7.47569939036907e-06 7.59544311890181e-06 6.94296461851707e-06 6.18516416359682e-06 6.17431165395033e-06 7.11737874397045e-06 7.56837598316906e-06 7.39076381748305e-06 7.52381852393569e-06 1.37998927414174e-05 2.92854082317717e-06 1.50185571783368e-06 2.23973585207204e-06 1.23244717357807e-05 1.74245041165477e-05 1.53027933315286e-05 3.86486869047076e-05 4.68488729666205e-05 1.86592480929448e-05 1.17057876018123e-05 3.09256106334033e-05 1.828674932014e-06 5.71251075598411e-06 2.95078279464178e-05 6.23878262295818e-06 4.25985335894552e-08 7.72285466155154e-07 2.29196686518662e-08 6.23563209956046e-07 5.37316984150493e-07 8.60645491229661e-07 5.1116749366642e-08 3.3913835295607e-07 5.13685446179579e-08 4.13021359690902e-07 7.03010272218307e-08 1.89150387086556e-07
1.45277837901858e-05 1.73783572037678e-05 4.67082865540647e-06 7.01913954941347e-06 1.17584961415673e-05 8.48363969083721e-06 8.11278543153549e-06 1.14702836356173e-05 1.41834247983752e-05 6.00500698446638e-06 7.17430716861145e-06 7.8415642569496e-06 7.89770841151949e-06 8.70080588555311e-06 8.15796657320789e-06 1.17795063182768e-05 2.87644197669579e-06 5.0103482545083e-07 7.17294957297554e-07 1.36026804966605e-06 7.3443502515147e-06 2.54619150137358e-06 1.24677688802421e-05 1.69647829643793e-05 8.82059734053087e-06 8.63080027642127e-06 3.7027645305443e-05 3.33618362674315e-05 2.18599202753467e-05 4.4045892806821e-06 4.44836355910638e-06 4.39838869557008e-06 3.68921469373618e-06 5.86109266009771e-08 3.50608801991115e-08 5.21584976609368e-07 2.32093444196835e-07 2.83542027545991e-07 1.13005362436525e-06 1.5249367396386e-06 1.58077759184749e-06 2.36022474471298e-06 2.38659356233129e-06 1.80316292626159e-06
7.84480007496313e-06 2.75788181056669e-06 9.43949332921079e-07 7.14370425214383e-06 1.03737177013841e-05 6.6507318173592e-06 6.64236009129127e-06 6.82443674691058e-06 1.02724893217498e-05 6.97574597765538e-06 6.9709755784686e-06 1.0504581789661e-05 9.16084639044357e-06 8.63975098042147e-06 8.24589974683931e-06 9.04968602384315e-06 3.03845697885663e-05 5.62438572160318e-06 5.29615602573585e-07 3.32804643665696e-07 7.95903120831554e-07 4.03627458425149e-06 1.16359505909713e-05 8.61663551674496e-06 7.63294078112153e-06 6.67926303705713e-06 5.76213850180807e-06 5.10075439521529e-06 2.62062350088854e-05 2.04259316717526e-05 4.38701358902449e-06 5.65436977240097e-07 1.15149746449106e-07 1.64264728041985e-08 5.53983308115846e-08 3.01855052385891e-06 2.06483638649502e-06 1.60123074626206e-06 7.62811649224204e-06 3.58704511427277e-06 3.72905009982105e-06 3.89686940280853e-06 1.38178942052924e-06 7.53882914068527e-06
2.11575505772998e-06 1.18256728072197e-06 1.52655963896464e-06 8.0043591822232e-06 9.63209971516221e-07 2.58508953947967e-05 2.60404475511677e-05 1.22633440469144e-05 2.29379006555064e-05 2.00425128809911e-05 1.68502219821676e-05 1.57056453190307e-05 1.32301692815417e-05 5.65536315775717e-05 1.42326319632957e-05 2.13488579220211e-05 1.46604689184926e-05 2.70191442723444e-05 2.20792392156e-06 1.32639374896826e-06 7.31959452195952e-06 5.19954491551289e-07 3.09456619334014e-06 1.02396457108966e-05 1.13124107734563e-05 1.06934031460781e-05 6.53799802741162e-06 4.51489574260222e-06 1.45639994059366e-05 2.12282145753306e-05 4.76953139241232e-06 5.7174529644044e-08 4.92650206079803e-06 6.50875964680608e-06 2.54231564866814e-06 1.66236986554047e-06 1.84196976893425e-06 1.46265495830633e-06 5.21473077839119e-06 2.04422159448825e-06 6.50586434574052e-06 4.86325873225724e-06 1.9222841720179e-06 4.01460382732921e-06
8.69071539000288e-06 6.14236878213603e-06 4.3095070225263e-06 1.34653836880716e-06 1.70689137917179e-05 6.50083807158808e-06 8.27668462193287e-06 9.03420166871172e-06 5.12844029465498e-06 4.89909365342101e-06 4.48609517036402e-06 1.50253366300035e-05 9.6114834867933e-06 1.06396220999727e-05 1.04989433253877e-05 7.83933406083292e-06 8.15883517617522e-06 1.39189652117011e-05 3.42387373848396e-06 3.41422423133508e-07 2.53679929187456e-06 3.87192360875588e-06 3.64264147037829e-05 7.06230749898395e-06 5.85271677167043e-06 5.18682978274398e-06 4.59437770921056e-06 3.8475853312292e-06 7.70594053562945e-06 1.6233238869745e-05 2.06766180781415e-06 2.39122970313588e-08 5.82543015070769e-07 1.66361831892559e-06 1.45892314158402e-06 1.47452070939913e-06 7.66674191652328e-06 5.76650907078147e-06 3.91814127738144e-06 8.11423318225479e-06 4.34446511690112e-06 4.48698318535889e-06 1.26739678618648e-06 3.58203203560947e-06
