Maxent_result_files_1/Bombus_brodmannicus_3.asc
NCOLS 594 
NROWS 330 
XLLCORNER -15 
YLLCORNER 23 
CELLSIZE 0.166666666666667 
NODATA_value -9999 
[rows 160 to 179 of 330, columns 484 to 527 of 594]
0.00292262374423444 0.00203614391502924 0.00310054550645873 0.000509144623356406 0.00215822863392532 0.000396768396603875 0.00124550755717792 0.00346614563604817 0.00149156621191651 0.00150777073577046 0.00241552116349339 0.000353910696139792 0.000364876854291651 0.000330345982365543 0.000311607785988599 0.00077729826734867 0.000585393159417436 0.000299234377598623 0.000310140645160573 0.00032627417895128 0.00222371648414992 0.000589191674953327 0.00185533522744663 0.000374602917872835 0.00044004787778249 0.00122285350807942 0.00123372055531945 0.000217439714469947 0.000899719394510612 0.00153529662638903 0.00105757597193588 0.00145551383611746 0.00161787358229049 0.00113222171494272 0.00871992733009392 0.000795141473645344 0.00172414057306014 0.00254773078486323 0.00273007189389318 0.000744612418930046 0.00281479808036238 0.00382352323504165 0.00066937331284862 0.00690399901941419
0.000455616059480235 0.00181834959657863 0.00151150912279263 0.000897527399865794 0.00299144915770739 0.000422045101004187 0.000878663526964374 0.00136362860794179 0.00314136090455577 0.00276861586607993 0.00035599908005679 0.000357276965223718 0.000946227798704058 0.000330999590369174 0.000317337039450649 0.000328796172107104 0.000377460286108544 0.00161965182633139 0.00108033950382378 0.000330771395238116 0.000287370906153228 0.000437656685244292 0.000257291808520677 0.000788872374687344 0.00133761078177486 0.000244882651168155 0.000229854661301943 0.00107956134015694 0.00116499390860554 0.00181032598484308 0.000391581599251367 0.00170540958060883 0.00116220541822258 0.000422110307772527 0.000378468083727057 0.000781302538234741 0.00251475983532146 0.002751405374147 0.00111680197005626 0.00204057390801609 0.00319054700667039 0.00524135318119079 0.00701250550337136 0.000553436159043486
0.000783852639142424 0.00302181345177814 0.00362650479655713 0.000448464740475174 0.00044742590180249 0.000220789559170953 0.000250156641777721 0.00214175252476707 0.000791846285574138 0.0020867389277555 0.000524066260550171 0.000422965924371965 0.000400710258691106 0.000358506230986677 0.000389979065221269 0.000369502865942195 0.000388998656126205 0.000458180840360001 0.000381305941118626 0.000326547603617655 0.000307441068434855 0.00026175485982094 0.000253911290201358 0.000510112207848579 0.000420273211784661 0.000252432191336993 0.000274893650930608 0.000293077265814645 0.000253207983769244 0.000357709324453026 0.00166130442521535 0.00177029581391253 0.00192793495953083 0.00210442863753997 0.000746368461113889 0.000260271625484165 0.00256214307737537 0.0010794725647429 0.00021209559045019 0.000396789632759464 0.000374975067825289 0.000418055731097411 0.00179003200901207 0.000315707746585758
0.000868639469263144 0.000694702603504993 0.00360845718532801 0.00375525213312358 0.00124171297065914 0.000515752106730361 0.000384902647783747 0.00408445026259869 0.00119855079683475 0.00167838148772717 9.47758908296237e-05 0.000525756855495274 0.000408941144996788 0.00039065936289262 0.000394068969762884 0.000391787827538792 0.000382912981149275 0.000401950106606819 0.000335451211140025 0.000308990996563807 0.000257807522575604 4.10953936579972e-05 4.57474031463789e-05 4.5691539071413e-05 0.000222139254765352 0.000225779147149296 0.000226235880836612 0.000216261935929651 0.000211819321339135 0.00118137512472458 0.00196957078878768 0.00202451738878153 0.00119478123087902 0.00108379618031904 0.000456914678215981 0.000343030894873664 0.000910966776427813 0.00309599182801321 0.00280161530245095 0.00111060688504949 0.00364719474455342 0.00257993841660209 0.00173683846369386 0.00699972494039685
0.0002405867096968 0.000361846841406077 0.000487628421979025 0.000548014474043157 0.00462143416516483 0.000290955793389003 0.00388062868732959 0.0054706800263375 0.00272895768284798 0.00463637956418097 0.000609505595639348 0.000545404455624521 0.000461040341178887 0.000416297749325167 0.00039819240628276 0.000374776481476147 0.000355694576865062 0.00063821689109318 7.55328856484994e-05 0.000110013839957901 4.03151721229733e-05 2.70857394980339e-05 7.73840874444431e-05 6.59122290699088e-05 0.000239332208002452 0.000224515800800873 0.000225088339357171 0.000241216478025308 0.000617366435471922 0.00025789743376663 0.000282553624856519 0.00110540669993497 0.000297883575694868 0.000307282114954432 0.000601451873080805 0.000317800820630509 0.000402081363426987 0.000482822679623496 0.00292963151005097 0.0018236318777781 0.00076184072822798 0.00612380125094205 0.00553863688837737 0.00218800851725973
0.000190277338697342 0.000266768102301285 0.000382624706253409 0.000506410980597138 0.00111233763745986 0.000767751017701812 0.00694099403917789 0.00620177811942995 0.00084318770095706 0.00159781614784151 0.000645985209848732 0.000628608130500652 0.000517021676932927 0.000451198659720831 0.000451983956736512 0.000424363042111509 0.000406358778127469 0.000390149831946474 4.83691559338695e-05 0.000600092353124637 1.13304181780904e-05 0.000166535160678904 1.00244858572296e-05 2.69470104740321e-05 0.000265418572962517 4.85635861423361e-05 0.000256540617556311 0.000243772150133736 0.000248034789547091 0.000272915697132703 0.000292029583215481 0.00083211570745334 0.00117605326813646 0.00222587981261313 0.000294873714301502 0.00031954765872797 0.000396381273458246 0.000452038917865138 0.00126876150607131 0.00255518294288777 0.00734064867720008 0.000709377481689444 0.00242986826924607 0.00290431477478705
0.000263055158575298 0.000298601907707052 0.000369598463294096 0.000479244111920707 0.000619531547999941 0.000849092524731532 0.000986928804195486 0.00066376985705574 0.00734229362569749 0.00156438936246559 0.000773446899256669 0.000680385381565429 0.000615866581210867 0.00058761764812516 0.000526592023379635 0.00048238942399621 0.00044857312750537 0.000364280234498438 0.000113861870795517 0.000604187727731187 4.15748265368165e-05 8.02042164650629e-05 0.000256296139559709 0.000436938017810462 0.000245645688846707 0.000247698699968169 0.000224575540050864 0.000475116714369506 0.000280773345002672 0.000288311645999784 0.000321417076338548 0.000324168211227516 0.000348181436856976 0.000319699948158814 0.00032215640967479 0.00035482801758917 0.00183487924805377 0.000856896978802979 0.000593568390468136 0.0048807161510922 0.00204360262141563 0.000306311335907594 0.00536422438453883 0.0026724434341304
0.000185886150939041 0.000264110700663878 0.000334485236089677 0.000462968333158642 0.000627288386749569 0.000843756482936442 0.00106163313612342 0.00127122949634213 0.00119694627646822 0.000943729199934751 0.000804627721663564 0.000762095005484298 0.000827615280286409 0.000720523498603143 0.000640553628909402 0.000571929977741092 0.000535089585173409 0.00044979077501921 0.000185479816900624 0.000384237994148862 0.000335288974747527 7.66086568091851e-05 0.00027388365851948 0.000276263979321811 0.000320347852539271 0.000259293179988163 0.000216012036253233 0.00024783927219687 0.000249059506313642 0.000235044455621392 0.000266633502178593 0.000312337610375835 0.000373412245244253 0.000400087407615501 0.000365382138261339 0.000457817419373896 0.000555316630925517 0.0010836360452231 0.000782108627026901 0.00656161662191153 0.00396910981507972 0.00586285891477019 0.00144650249858387 0.000704863580176607
8.53146260851645e-05 9.76706582150655e-05 0.000129115906747757 0.000214283549576066 0.000344371968822088 0.000486737625033129 0.000659592048032209 0.000779702626459766 0.000789115455700085 0.000836548377992585 0.000839062422164716 0.000887830858118832 0.00105667111929506 0.000955153984250501 0.00087002218933776 0.000832224701298401 0.00073997946747113 0.000558707508025691 0.00056732310767984 0.000419629068346694 0.000383106028311886 0.000165328329785552 0.000324785710836295 0.000331507304508705 0.000319861419848166 0.000284321518120123 0.000284271570126293 0.000305232717073523 0.000291259589721449 0.000278696519671939 0.000279825931647792 0.000361137920117471 0.000407197816821281 0.000429470479139127 0.000421718720463105 0.000505558085569646 0.000744181530899368 0.000881166197359562 0.0019003945752047 0.000876487730420195 0.00150719479424879 0.000707006652373821 0.00111298137926497 0.00126471671974286
0.000102520620384894 0.000114081588435511 0.000100837577883794 0.000186989613939659 0.000254981314355973 0.000438618427870097 0.000812180586217437 0.000784304887929466 0.00070926470507402 0.000938681326806545 0.000800652991165407 0.000912314929882996 0.000882428087061271 0.00115121700509917 0.00120835214911494 0.000935613521141931 0.000738672353327274 0.00073802227852866 0.000735814197105356 0.000512695814541075 0.000410482157894876 0.000371181000082288 0.000304774689720944 0.000297028306522407 0.000313642148103099 0.000297006883192807 0.000325594052264933 0.000364126569184009 0.000326939632941503 0.000355767107976135 0.000360970907786395 0.000352781475521624 0.000401402341958601 0.000770561507670209 0.000454414947307669 0.000502909089846071 0.00064497318235226 0.00080976418685168 0.00108994650654495 0.000986563158221543 0.000989217573078349 0.000679956898966338 0.000608009826464695 0.00102858977988944
9.68599115367397e-05 0.000118740207835799 0.000107262110213924 0.000125018871040083 0.000205479605938308 0.000415658572455868 0.000660001955111511 0.000597402159473859 0.000542210771527607 0.000718900143692736 0.00072359020850854 0.000862527279241476 0.000985405751271173 0.00113113892148249 0.00116998047451489 0.000970232862164266 0.00100929289474152 0.000851529694045894 0.000667851907201111 0.000522643805015832 0.000431992636003997 0.00037071231927257 0.000361535992124118 0.000358432796201669 0.000340837423573248 0.000338947276759427 0.000415181889547966 0.000395916080742609 0.000401006195170339 0.00050217285315739 0.000571870530257002 0.000506145558028948 0.000445366583880968 0.000468875112710521 0.000514196416770574 0.000479847898532171 0.000537177576916292 0.000694315251894295 0.000697512499755248 0.000909593497635797 0.000991172724752687 0.00748834568075836 0.00642155157402158 0.000871002487838268
9.88088897429407e-05 0.000124463740030478 0.000117245353794715 0.000116492403867596 0.000203842924020137 0.000388043637940427 0.000498272609547712 0.000491317124397028 0.000572785169788403 0.000627482376876287 0.000655388114682864 0.000747387287265155 0.000700478810176719 0.000651475301128812 0.000641690586053301 0.000856733141699806 0.00110735106281936 0.000838931513135321 0.000705783115699887 0.000544738897588104 0.000544340915803332 0.000374349160119891 0.000398380303522572 0.000432769503095187 0.00035245533217676 0.000384907556872349 0.000513540547399316 0.000480047968449071 0.00045678746100748 0.000615034729707986 0.000746587369940244 0.000566924134909641 0.000511763215763494 0.00059307934861863 0.000735326178255491 0.000630869253654964 0.000680052765528671 0.000619105581426993 0.000713101183646359 0.000790012718061917 0.0010793668217957 0.010264437738806 0.00141262245597318 0.00120455187279731
6.28198266895197e-05 0.00011942892215302 0.000113106486060133 0.000156918660286465 0.000205537159490632 0.000239593940932536 0.000271808292382048 0.000376976800180273 0.000415086498105666 0.000340451960801147 0.000319979463529307 0.000462889211485162 0.000385159475990804 0.000592492360738106 0.000561009159719106 0.000424231245415285 0.000553261021559592 0.000716307709808461 0.000701618321181741 0.000639045334537514 0.000512792578956578 0.000405241051339544 0.00044293340324657 0.00044454310555011 0.000444096337014344 0.000493123891646974 0.000600319720979314 0.000688931715558283 0.000578428774315398 0.000637017468397971 0.000683625611418392 0.000754944075015373 0.000678775197593495 0.000636798198684119 0.000683591139386408 0.000859225462772884 0.000732504241750576 0.000636462660622783 0.000762205931823701 0.00102695328532718 0.00117755873943679 0.00116381332918536 0.000929817656287923 0.00106636880955193
7.56189570893184e-05 0.000112940716826415 0.000102033032999316 0.000143926400778582 0.000234037687550881 0.000244926432787906 0.000365059145042324 0.000338902733710711 0.000265777220920427 0.000241289537007106 0.00033477329852758 0.000288057779471274 0.000227391512453323 0.000259672672837041 0.00046267680809251 0.000403377656039083 0.000430297675484326 0.000515019225713331 0.000620647793402895 0.000600967233185656 0.000560599064920098 0.000525595743965823 0.00042305011593271 0.00043875179690076 0.000493942003231496 0.000520395557396114 0.000566299205820542 0.00063956849189708 0.000528581338585354 0.000605550919135567 0.00095929243543651 0.00128308506100439 0.00101441869337577 0.00105183746200055 0.000953349441988394 0.000843171559972689 0.000910958522581495 0.000925869078491814 0.000980224195518531 0.00132254337368067 0.00176578185637482 0.0021114562463481 0.00159199425834231 0.0013464089774061
9.13311732801958e-05 9.89220081464737e-05 0.000181309816980502 0.000194919666682836 0.000182226690958487 0.000210064267957932 0.000211757919532829 0.000234866237224196 0.000232946599135175 0.000273513212960097 0.000222773093628348 0.000270666967480793 0.000248197393739247 0.00017558872277732 0.000245044812254491 0.000314814921148354 0.000246879001497291 0.000266504488536157 0.000277404737425968 0.000286821805639192 0.000372198347758967 0.000553386221872643 0.000464532783371396 0.000437150277139153 0.000440842147509102 0.000384614037466235 0.000436534300388303 0.000503588847641367 0.000492510072945151 0.000689600438636262 0.000967462532571517 0.00125729331339244 0.00158503191778436 0.00157556938938797 0.00150798318209127 0.0010794049827382 0.00112909670569934 0.00111044638324529 0.00112566220632289 0.000962096906732768 0.0012057433166774 0.00192704810178839 0.00148062694934197 0.00293636053102091
0.000109506794615299 0.000103829641011544 0.000122266016114736 0.000174264813540503 0.000160197335753764 0.000226156797361909 0.000227495093349717 0.000252520715730498 0.000267054256255506 0.000240711852893583 0.000148210444785946 0.000184388358320575 0.000212689885665895 0.000199715949929669 0.000130280695339025 0.000156722497376904 0.000214640457124915 0.00020104507166252 5.16392671670474e-05 0.000289744284236804 0.000321988365612924 0.00031765137318871 0.000350204750429839 0.000375921719387407 0.000409107409359422 0.000327709621342365 0.00035405282760621 0.00039940395145095 0.000448862787743565 0.000647075475717429 0.000828644171997439 0.00100906013976783 0.000868480728240684 0.00101031092344783 0.000738794464268722 0.000417651628231397 0.000704797264188528 0.00072060584789142 0.000739213457563892 0.000823775143362582 0.000973213042016141 0.00104828631447162 0.00124785865482409 0.00156918363063596
0.000105961188455694 0.00012028817418468 0.000176250004005851 0.000217351455285097 0.000245230221844395 0.000254398547622259 0.000248559751707944 0.000349868037665146 0.00022703933500452 0.000156614770094166 0.000111276802726934 9.9057581701345e-05 0.000122549143816286 0.000139106368987996 9.73390710896638e-05 0.000101907226780895 0.000129737505812955 0.000104919123759828 0.000155503055793815 0.000198219975209213 0.00020520054276858 0.000198569268468418 0.000211699169813073 0.000271800615882967 0.000278530593641335 0.000306260744400788 0.000294264323019888 0.000332118842925411 0.000303954445553245 0.000396745707985247 0.000512097487808205 0.000635096050973516 0.000610279539250769 0.000554302219825331 0.000553018474602141 0.000563985983899329 0.000646460209100041 0.000794916847371496 0.000954358311719261 0.00100467558950186 0.000992014200892299 0.00110801661212463 0.00133805215300526 0.0022647951671388
8.32430150694563e-05 0.000142687283732812 0.000247751254573814 0.000378118262597127 0.000325542563587078 0.000320915950942435 0.000288589473711909 0.000261055904775276 0.000210186592812534 0.000164905533893034 0.00014830459786026 0.000121803117326635 9.17468894840567e-05 8.98529870028142e-05 9.59997018981085e-05 0.000121832369404729 0.00012446849304979 0.000191777371583157 0.000235300666827243 0.000201686872242135 0.000238180301676039 0.00021878095685679 0.000207144055821118 0.000201382870000089 0.00019845818169415 0.00021008857365814 0.000228031181177357 0.000290180291631259 0.000406627466873033 0.000462214544677408 0.00042450179316802 0.000459454744122922 0.000604283870779909 0.000631589849945158 0.000770884976373054 0.000807232424267568 0.000857286703831051 0.000926356330455746 0.000979679872398265 0.0014989537128713 0.00144079516176134 0.000977881433209404 0.000626612394989934 0.000605641318543348
0.00010430329166411 0.000138446270830173 0.000261233803030336 0.000487550003890647 0.000511466139869299 0.00062062210708973 0.000495593201776501 0.000292105574771995 0.000243637100356864 0.000176022466257564 0.00015125748468563 0.000130419844026619 8.66261127157486e-05 7.73446018683899e-05 0.000100269638460304 0.000125566516908293 0.00011546037185326 0.000149572095870099 0.000164334260261967 0.000169660526444204 0.000183206574001815 0.000187293334965943 0.000142996813519858 0.000130724612608901 0.000130698810244212 0.000166440865723416 0.000250485244396259 0.000229504638264189 0.000292893212463241 0.000399416199070401 0.000487862075533485 0.000538303471694235 0.000488610804313794 0.000790311233140528 0.000979910643945914 0.000960676412796602 0.000958617974538356 0.00101542963820975 0.00113114964624401 0.00305423535173759 0.00223822117550299 0.00165686398977414 0.000715387883246876 0.000395237283373717
0.000101852855368634 0.000148321343112912 0.000265250682059559 0.000376832190522691 0.000546550150465919 0.000590224844927434 0.00056229818801512 0.000432640641520265 0.000228769524983363 0.000192374430480413 9.99008496364695e-05 5.09688431066024e-05 4.72650389838236e-05 6.73426168759761e-05 8.1102722651849e-05 7.25781402252323e-05 9.25787784581189e-05 8.6323870709748e-05 0.000104061330966942 0.00012555702469399 0.000139322792529128 0.000121813971782103 0.000121343389400863 0.00013638794698636 0.000145517248529359 0.000174474653613288 0.000239666122797644 0.000286948098801076 0.000361355779750738 0.000432951420225436 0.000324214582360582 0.000574457288894337 0.000484724857960828 0.000706799424369819 0.00105480657221051 0.0012186683859909 0.00205666151596233 0.00138232874451205 0.00127976330113597 0.0022608409752138 0.00289887727703899 0.00208836137899198 0.0010103072389029 0.000727214459038805
