Maxent_result_files_1/Bombus_pratorum_2.asc
NCOLS 594 
NROWS 330 
XLLCORNER -15 
YLLCORNER 23 
CELLSIZE 0.166666666666667 
NODATA_value -9999 
[rows 220 to 239 of 330, columns 506 to 551 of 594]
0.00457011731341481 0.00264190577436239 0.0155045110732317 0.0552730303257704 0.0503292758017778 0.0565965585410595 0.0555680476129055 0.0470138866454363 0.0737374458462 0.112085411697626 0.0947224512696266 0.0210740795359015 0.00566965830512345 0.00856299167498946 0.00659475410357118 0.00320174247026443 0.00190919284941629 0.00395248914137483 0.0387024119496346 0.0749900005757809 0.0712573058903217 0.05369594655931 0.0409609869122505 0.0660234231501818 0.0670547876507044 0.0628347858786583 0.0265002369880676 0.00855044322088361 0.0117218373343349 0.0104167537763715 0.00522585832513869 0.00152073267381638 0.000740004988620058 0.0011853426869493 0.000434091460192576 0.000474292162107304 0.000773196952650324 0.000460941038909368 0.000313520499912556 0.000115293090857449 0.000196678725478705 0.000325052012340166 0.000117301329009933 6.79077213135315e-05 8.79599461768521e-05 0.000102161624454311
0.00117059703334235 0.000854644645005465 0.0103071199730039 0.0354480478912592 0.0581373296678066 0.0585639029741287 0.0459894087165594 0.0829662390053272 0.0894076697528362 0.0366731429472566 0.00641571343876421 0.00321542085148394 0.00107064775656909 0.00178280007676221 0.001347528322367 0.000634453116799705 0.00125023598084226 0.000626166744041257 0.00262946246657521 0.00211351098259911 0.00699967374093831 0.017304327711463 0.0236206341534853 0.0632239181548357 0.0491386201232672 0.0726405117660761 0.0791361190378666 0.0200286285951734 0.0127179309725761 0.0056864757090807 0.0035309559898451 0.00187929379753768 0.00151774298865348 0.00102174420026131 0.000732074154075235 0.000682370085269213 0.00080375048564747 0.000366123681305908 0.356643433123827 0.452391631901264 0.000358861932181753 0.000141253242327366 2.38166813687712e-05 1.26754088341841e-05 2.95093570457539e-05 6.83217967889505e-05
0.000571017447509803 0.00239856707630679 0.00225810961565003 0.00437457060907036 0.0342153824865818 0.0374544989317656 0.0672475554049015 0.012107808329165 0.00295983387622982 0.00107222871156409 0.00146231316612102 0.000298394483979791 0.000877093608141877 0.000806944363284856 0.000437429142766632 0.000719826322165318 0.000680067174835131 0.000953346444293857 0.00209707877365872 0.00159784031566232 0.00158588405465707 0.00833414029330015 0.0156338288448751 0.0249026950448751 0.021600953862071 0.0501667909324169 0.0862571723759174 0.0555714771151543 0.0133622484281659 0.00464075687341392 0.00352202844806015 0.00317555852234364 0.00224587289849296 0.00133062074310146 0.000588327119476162 0.000596322031924501 0.0006673014635453 0.000641495664604008 0.000725866603897885 0.000188708210771438 4.81724888231838e-05 1.20796492865338e-05 1.11240486148745e-05 2.09012845516554e-05 0.00014756211094209 0.000130549134337343
0.00053288443305064 0.0019672786234878 0.0132510975003242 0.0397169148549438 0.0474855400621891 0.0513708524405956 0.00795283555053175 0.000381590420147404 0.000188672381045762 0.000201595891849138 0.000130541160615394 7.15390324330656e-05 7.60976614401443e-05 6.32977335044416e-05 0.000213918121153256 0.000114684417712851 0.000658398601808585 0.00163496035384014 0.00163798436406069 0.00246342376340181 0.0052872633561492 0.00637336331419647 0.00866125230677426 0.0235046144574881 0.0196978945285082 0.0332656759768724 0.0606218446046114 0.029234236292541 0.014459343533963 0.0039113292703405 0.00162750546587631 0.000325015260023065 0.000232186008361168 0.000169775019458029 0.000264378220890649 0.000602898240322247 0.000295581760292407 0.000134262362553272 9.50729103351478e-05 2.15724426197994e-05 2.47437308644294e-05 5.85491896345047e-05 0.000146776553447125 0.000269173353444785 0.000235386806889437 0.000148446494131349
0.0006093588686781 0.00320575267542154 0.0131038788706064 0.0182060929015279 0.00459011187776923 0.000310764451569412 0.000274264488689369 0.000114688723624568 0.000124441885054694 0.00121732589614112 0.00201737225870602 0.000274943740805611 5.76242708120844e-05 0.000160267807950731 0.000543249466863927 0.000233409069915069 0.000686668092384934 0.00107930149533786 0.00211499904980883 0.00596473002806306 0.00884312656708062 0.0101973591372371 0.014842923078686 0.0407997526228428 0.0434319239109755 0.051296353712678 0.0432316191494465 0.0333897864446044 0.0114561460912228 0.00459456155076623 0.00237537239445373 0.00259823817759752 0.00101748540764675 0.000484321278054267 0.000338326270866673 0.000166008650558069 0.000290904157736804 0.000259031087625772 1.87497078513843e-05 1.70736817381112e-05 0.000129721018311102 0.000223453719809186 0.000303965485363733 0.00027137878787471 5.46878920431482e-05 4.82818724776735e-05
0.000168142109760083 0.000674392789369449 0.000457311805803329 0.000309915519028436 2.80959819974669e-05 0.000133891695077182 0.00015851571552048 0.000369882161612622 0.000627442353288643 0.000874311497318558 0.000728690164396539 0.000975936505710706 0.000586509829736315 0.000494103723031003 0.00227831650408916 0.000857654030551203 0.000532075329101644 0.00111827233922668 0.00471249062102288 0.00785673903301358 0.0300190970301628 0.0430568736046553 0.0554692875593901 0.0507397104054689 0.0580321364104748 0.0418831162154675 0.0226544551551342 0.00856739496812224 0.0123608122579753 0.00448662813287228 0.00222815570887178 0.00146977447438985 0.000994705874472857 0.0009478906809818 0.0010087349335663 0.000301548720744904 0.000110378301178571 0.000249355047708377 0.000367001262202393 0.000263507250929251 0.000296532447100617 0.000379604153567925 0.000125486325123347 6.43848832623917e-05 5.26999292560504e-05 5.69929454286466e-05
0.000862097600474954 0.000518971562269144 0.00059684393927455 0.000204280027537607 0.000371703119890299 0.000239330421754858 0.000707211002008989 0.000405691971536726 0.000527464876358863 0.000366076033969875 0.000627355408505537 0.00036151111999061 0.000357303509372286 0.000535934319486842 0.000590782464132644 0.00137897983659059 0.00526273283176124 0.00912757981568575 0.0730553708970547 0.0682863384485245 0.0653583887964487 0.0558498661965132 0.0635794572532177 0.0444655019789934 0.0484247121959925 0.0310910312458873 0.0141240812838078 0.00396951863076538 0.00350236736703664 0.00316388646606356 0.00192083300789818 0.000564275085343979 0.000235015373618808 0.000670678802998736 0.00115887050633319 0.000164786578898202 0.000718489795690402 9.74439437413821e-05 0.000226663041394204 0.000379472997155972 0.000123639585945057 7.20642106898595e-05 3.85507592909562e-05 5.32909362846112e-05 9.85536980806501e-05 3.38980417382118e-05
0.000687462746282108 0.000663804064970464 0.000766008559730835 0.000993520423071459 0.0016870217397809 0.00359322421718389 0.00221268348395824 0.00252813476836309 0.00158499404205941 0.000981886580120772 0.00224824111210182 0.00773393358103931 0.0304412793368101 0.0128161210566759 0.0071109504904598 0.0293274916708469 0.0431388877332211 0.14346821308136 0.0916135609149933 0.0914497397840023 0.0964138530194759 0.0893290877342224 0.0520139444619417 0.0344375006854534 0.0372269246727228 0.028363879583776 0.00518564912490547 0.0033667768118903 0.00344992473255843 0.000268955667706905 0.000196107130977907 0.000120528343177284 0.000166902531054802 0.000154508743071347 0.000146897335798712 0.000111762157757767 0.000111524605745217 9.01874951523496e-05 9.56091917032609e-05 5.9724123639171e-05 0.00011031128524337 5.83059640121064e-05 5.36605824891012e-05 6.34516713034827e-05 3.46144501691015e-05 3.86652247016173e-05
0.00216224984033033 0.00227623953251168 0.00444743519183248 0.00298273861408234 0.0124125664122403 0.0130272188223898 0.00569602521136403 0.0098167518619448 0.0233701463788748 0.010166700091213 0.0133108431473374 0.0542171638458967 0.109373886138201 0.204922987520695 0.156117708981037 0.11060553342104 0.137412140518427 0.154643258452415 0.0890803284943104 0.109872140735388 0.090609285235405 0.0611642472445965 0.0380536815151572 0.0218691946938634 0.0135903215035796 0.00306515332777053 0.00260593813145533 0.00110271738958545 0.000389062314934563 0.000678804591007065 0.000665542733622715 0.00030969459694461 0.00024009638291318 0.000215439438761678 0.000266495015239343 0.00014849547551421 0.000272191314434167 7.06329334207112e-05 7.00231070368318e-05 6.49006209641811e-05 5.71686082366796e-05 3.73908344954543e-05 2.74371768227866e-05 2.26815736368735e-05 1.54193178332207e-05 2.00997151523552e-05
0.0127585566602647 0.0263510933145881 0.0307203294709325 0.0285066967830062 0.0376432046294212 0.0694684874266386 0.0806196592748165 0.0945156954228878 0.118037406355143 0.0961217224597931 0.120709075033665 0.118179277330637 0.111162986606359 0.143856492638588 0.134856293350458 0.121926765888929 0.095872163772583 0.139326075464487 0.0649851486086845 0.0951083533465862 0.0562026999890804 0.0159153896383941 0.0127545421011746 0.00613658614456654 0.00182504905387759 0.00170917158247903 0.0018873930326663 0.000342591923981672 0.000296905142022297 0.000421135851502186 0.000497339796856977 0.000612482381984591 0.000755849138658959 0.000304339174181223 0.000228179146870389 0.000306723196990788 0.000102464468363905 0.000160708745897864 8.05581288659596e-05 4.16863134887535e-05 2.9482555191862e-05 2.22355180085287e-05 1.66206812764358e-05 1.00133913974787e-05 7.36842961259754e-06 6.33326737897733e-06
0.059429332241416 0.0486577928066254 0.150530844926834 0.154626344144344 0.150445269048214 0.160584150254726 0.215000796318054 0.214067968726158 0.150174186378717 0.0141840944066644 0.0174735687673092 0.0464371800422668 0.101933201402426 0.116963905096054 0.0707969576120377 0.0427530836313963 0.0245530297979712 0.00573917049914598 0.000836054465617053 0.000581761475768872 0.00196738445665687 0.00043258816585876 0.000296184846956749 0.000328088559035677 0.00244631598470733 0.00257576258154586 0.000258727702021133 0.000538770489220042 0.000661106404731981 0.000685891261673532 0.000476539976079948 0.000831185343849938 0.000559521102695726 0.000412165805028053 0.000186102322186343 0.00013383535824687 0.000124558935203822 0.00013162865434424 4.67750137431722e-05 1.82167618959284e-05 1.24565518945019e-05 7.71908121350862e-06 8.70310718710243e-06 8.94167104661392e-06 3.41887148351816e-06 4.96883860705566e-06
0.060125096514821 0.0139707714319229 0.0611189547926188 0.0369314379990101 0.0529141496866941 0.0235673336312175 0.0752781923860311 0.101191704720259 0.100070289522409 0.0709762487560511 0.13321979790926 0.0476611092686653 0.071816785633564 0.0948136731982231 0.0277369357645512 0.0406051121652126 0.0426704302430153 0.034168135933578 0.0289944458752871 0.0576551359146833 0.0661376442760229 0.042559059150517 0.10757544785738 0.00280992453917861 0.00952182991895825 0.0183075295295566 0.00479606043081731 0.00300800151308067 0.00126035516441334 0.000684779457515106 0.000424984123674221 0.000643183634383604 0.000334110126277665 0.000392691671731882 0.000126135669415817 4.85988364744117e-05 4.78464905427245e-05 1.94954053313268e-05 8.98343495236986e-06 0.000151125681804842 9.98514300590614e-05 3.80430359427919e-06 3.484269711862e-06 2.46738700013793e-06 2.1745352768221e-06 3.41983770226761e-06
0.0755345419049263 0.0608498431742191 0.0699478082358837 0.0643297459930181 0.0690423749387264 0.0367408290505409 0.0562308594584465 0.0558525685220957 0.051877947896719 0.0517104923725128 0.0335415886715055 0.0489746693521738 0.0235572518780828 0.0368040982633829 0.0704059790819883 0.0149405441246927 0.00999280344694853 0.00736811205279082 0.00650698188692331 0.00900049763731658 0.012960556615144 0.0260704851709306 0.0291080415248871 0.00560189059469849 0.004992289992515 0.00965121889021248 0.00436498983763158 0.00103815233451314 0.00094966490578372 0.00196911973762326 0.00255649674218148 0.0012940611486556 0.000567828978819307 0.000334901380119845 0.000135908592528722 3.38643698341912e-05 2.51368716362776e-05 8.68547605250569e-06 7.78057457182513e-06 2.50372244408936e-05 3.09016345454438e-05 1.19912858281168e-05 3.81727547278388e-06 2.30885844700879e-06 2.86819570192165e-06 2.88610892198449e-06
0.0308151425793767 0.067867274954915 0.061276650801301 0.0664842985570431 0.030905675329268 0.0141872488893569 0.0369661491364241 0.0176115289330482 0.0158020306378603 0.00505526182241738 0.0320008877664804 0.0511537723243237 0.0515314426273108 0.0574177473783493 0.00900748544372618 0.0119384637102485 0.078078294172883 0.013290096912533 0.0113694022875279 0.0131624195724726 0.0190282232128084 0.0222422311082482 0.00467086816206574 0.00430027655092999 0.000506208853039425 0.000751011399552226 0.0132158408407122 0.00383409440983087 0.00268206013715826 0.000854772435559426 0.000458196521503851 0.000443607547640568 0.00467178260441869 0.000678659311961383 0.000191129478480434 0.000127029199029494 4.3222732938375e-05 2.25109510211041e-05 7.71560034991126e-06 8.67184905928298e-06 6.54395327046586e-06 3.29423112361837e-06 2.92155052079579e-06 3.41180605119007e-06 3.00792278835615e-06 2.72620241901222e-06
0.0300979487597942 0.0198801660910249 0.024283342063427 0.0172345726750791 0.00261734146624804 0.0220252184197307 0.025587478838861 0.0506448049098253 0.0444511547684669 0.0410195976495743 0.0332238968461752 0.0664138555526733 0.0580240081995726 0.0047912732232362 0.017978463601321 0.0268031107261777 0.0576550982892513 0.0181609999854118 0.0185059230774641 0.0173629128374159 0.0199715504422784 0.0209028164856136 0.0157807528041303 0.00273058334714733 0.00113024204038084 0.00333154369145632 0.00698421860579401 0.00412839991040528 0.00126393819227815 0.00105124954425264 0.000553915622003842 0.000445387856598245 0.000594604500656715 0.00151760921289679 0.0015960505901603 9.97228074993473e-05 6.72439033223782e-05 6.12303751040599e-05 2.5089646487686e-05 1.06151746877003e-05 4.97738890885557e-06 4.40834742789775e-06 2.7440283361102e-06 1.24759761490623e-06 1.22880035036133e-06 1.27639558513692e-06
0.0111258888617158 0.0115363359451294 0.00715285767801106 0.00850239880383015 0.0130292151123285 0.0152587017044425 0.0344295360147953 0.0189458391629159 0.0150484647601843 0.0222294762730598 0.0381784368306398 0.0236335253342986 0.0324905034154654 0.00624395287595689 0.00776346810162067 0.0119464750867337 0.0137610863894224 0.0786849945783615 0.0156048934906721 0.0097277257591486 0.0170892587862909 0.0164286351762712 0.0080495257396251 0.00338501592632383 0.00299911850597709 0.00307503103394993 0.00435376203386113 0.00146934836520813 0.00128901602001861 0.000955132639501244 0.00144220103393309 0.000524832581140799 0.000455280640017008 0.00033340517184115 0.000656852674728725 0.000222027233758126 0.000164971548656467 3.06506241486204e-05 2.54650446549931e-05 3.55375320850726e-05 9.61520811415539e-06 4.46727735834429e-06 3.59458749130681e-06 2.27580711396058e-06 1.37463936624727e-06 9.3944050263417e-07
0.00436006465461105 0.00531175397336483 0.0123942053876817 0.00435800733976066 0.0112925020046532 0.0107629934325814 0.0140037364326417 0.0315539954230189 0.0291329571977258 0.0231179820373654 0.037691892310977 0.0504726808518171 0.0740100119262934 0.084693481773138 0.00910235783085227 0.00288904297631234 0.00997176142409444 0.0125268435105681 0.0593551527708769 0.0127165941055864 0.00624339699279517 0.00710921008139849 0.00272265584790148 0.00753989792428911 0.0101923491340131 0.00322080050827935 0.00188334221602418 0.0013563502317993 0.000812572325230576 0.000867776387894992 0.000715749338269234 0.000471237600868335 0.000294115279393736 0.000242901126330253 0.00104054529801942 0.00511288566049188 0.000590529033797793 0.00018753456097329 5.27578424225794e-05 4.27194438998413e-05 3.26655252138153e-05 1.47035335658074e-05 4.71411963758328e-06 3.91682713143382e-06 2.37764611767943e-06 1.63616105908204e-06
0.00206415997818112 0.00218333952361718 0.00149227413348854 0.00285192464943975 0.00570094338618219 0.00950272250920534 0.0127866786904633 0.0173970223404467 0.0137329299002886 0.0082784550730139 0.0125588390976191 0.00339230592362583 0.00613263626582921 0.00266612697159871 0.00512573202140629 0.00820894588250667 0.0140508041717112 0.0165716861374676 0.0183880904689431 0.0118057743180543 0.00772349878679961 0.00535506051965058 0.00376177401049063 0.0138991849496961 0.0102414342574775 0.00516155272489414 0.00361255089519545 0.00134627811785322 0.000487116508884355 0.000570112910645548 0.00035262478486402 0.000323179957922548 0.000523098718258552 0.000415838661865564 0.000323309435407282 0.000686608580872416 0.000215563884194125 0.000143014513923845 6.43258423224324e-05 4.77562290143396e-05 3.9782478233974e-05 7.90675601365365e-06 1.5690534632995e-05 4.72283271619744e-06 2.51826937187616e-06 3.22114147479624e-06
0.000940029369667172 0.000764996180078015 0.00109874192858115 0.00105320436996408 0.00245632713194936 0.00878686676733196 0.013105702586472 0.00677294041961432 0.0150545005686581 0.0125079356133938 0.0306740909814835 0.0145697048865259 0.000829082709969953 0.00156949910451658 0.00702180860098451 0.0122389176860452 0.0155283343046904 0.00455882358364761 0.00445803694892675 0.00339390990557149 0.00441555448342115 0.00399150012526661 0.00302759286714718 0.00372750136302784 0.00171780625823885 0.00217330165323801 0.00146266451338306 0.000939781960914843 0.000387205505103338 0.000388576526893303 0.000498142842116067 0.00085047495958861 0.000419342215900542 0.000302729979375727 0.00336676400038414 0.00280818590545096 0.000405071286513703 0.000105605729368108 2.8962413125555e-05 1.64361856150208e-05 2.04390609724214e-05 9.94935010112385e-06 8.14398795228044e-06 1.74079211092248e-05 4.85146697997152e-06 2.80491652517867e-06
0.000720325333531946 0.000609503532177769 0.000682880554813892 0.000808612367836758 0.00377084340434521 0.00721115632914007 0.00707948091439903 0.00898353629745543 0.0246674727648497 0.0209437143057585 0.0268230883404613 0.00230521576013416 0.012295191641897 0.00306542388861999 0.00510684240143746 0.00216950160101987 0.00351145884487778 0.00763198030181229 0.0130841626320034 0.0122055198997259 0.00965806320309639 0.00722743808291852 0.0083449280122295 0.00699175756890327 0.0040715814800933 0.00147250923328102 0.000953259741072543 0.000475266613648273 0.00052270459709689 0.000269433102948824 0.000211262424636516 0.000178972602225258 0.000452523540297989 0.000635863878414966 0.000476931314187823 0.000573065416392637 6.20648721451289e-05 7.74277770688059e-05 4.77597251119732e-05 8.00625868578209e-05 2.15047717119887e-05 2.93116694592754e-05 1.13640914833013e-05 2.46167841851275e-05 1.05081023548337e-05 4.78438582831586e-06
