Maxent_result_files_1/Bombus_schrencki_2.asc
NCOLS 594 
NROWS 330 
XLLCORNER -15 
YLLCORNER 23 
CELLSIZE 0.166666666666667 
NODATA_value -9999 
[rows 220 to 239 of 330, columns 225 to 269 of 594]
9.45684959788196e-05 0.000172957819995645 0.000145038653408847 0.000626597013979335 0.000110351355579041 0.000677332954364829 0.00399507143301889 0.00254979777964763 0.00169082428328693 0.00226089570787735 0.00380865151528269 0.00245125557557913 0.00727071699220687 0.00969964663963765 0.00069801656245545 0.00100641941680806 0.00685237820725888 0.00344478610204533 0.00036816312422161 0.000732707274437416 0.000549036968732253 0.00279895715939347 0.000513335836876649 0.00038766336729168 0.000315473967202706 0.000734351619030349 0.000324164016637951 0.000300952170800883 0.000277875747997314 0.000274785921646981 0.000308200414292514 0.000889942194044124 0.00100640288146678 0.000310091705796367 0.000125829621629236 0.000517284445595578 0.00131160454839119 0.00657765616197139 0.00997346830554307 -9999 -9999 -9999 -9999 -9999 -9999
9.14959633291801e-05 4.32140665225234e-05 0.000161567724353517 0.000133255715991254 0.000643524530823925 0.000172423177173187 0.000563080029678531 0.000311919831983687 0.000275633303544964 0.000995867924393678 0.000416146761199343 0.00782114292378537 0.0105490125482902 0.00207067310693674 0.000240387899839334 0.000285324599462911 0.000397932920532185 0.000300557110585942 0.000115240226341484 0.000317875677501434 0.000337320535254548 0.00146457317750901 0.00173665182373952 0.000161482349358266 0.000186757142728311 0.000381213402579306 0.000422841222462012 0.000225582360872068 0.000373985926853493 0.000290241837865324 0.000267771436847397 0.000730602997646201 0.000406034922343679 0.00419022305577528 0.017168236602447 0.00138362115867494 0.000414750312120304 0.0168255029711872 0.110571315512061 0.0766583286225796 0.0273261807626113 0.00107794303185074 0.000742863414052408 0.000482946019474184 0.000173559044651483
9.17122815735638e-05 4.39002783878095e-05 0.000134226330737874 0.000101139725120447 0.000296627769057523 0.000304753408818215 0.000247178438394258 0.000199138511948149 0.000582418343037716 0.00623966857674532 0.0103284204960801 -9999 -9999 0.000507660365656193 -9999 -9999 -9999 0.00314379699011624 0.000108102177136971 0.0018997487204615 0.000946311591542326 0.000648256928252522 0.000371970721243997 0.00011794788078987 0.000460020692116814 0.00018188945532529 0.000375325413187966 0.000141421802436525 0.000124017592861492 0.00182339578968822 -9999 -9999 -9999 -9999 -9999 -9999 -9999 -9999 -9999 -9999 0.0707315880805254 0.00482876772293821 0.00186660747858696 0.00061806199446437 0.000252704586273467
0.000240217485043104 0.000174856100420584 0.000452600891003385 4.46859208523165e-05 1.42940602131603e-05 0.000124943563332636 0.00407038944540545 0.0069327048084233 -9999 0.00574165135476505 -9999 -9999 0.00105051651298709 -9999 -9999 -9999 -9999 -9999 -9999 -9999 -9999 0.00084088193543721 0.000380084417884063 8.43402799091564e-05 0.000646733790927101 0.00146062088315375 0.000126508856101282 0.000107450766881811 5.11814837864222e-05 -9999 -9999 -9999 -9999 -9999 -9999 -9999 -9999 -9999 -9999 -9999 -9999 0.0247667429037392 0.00916779904509895 0.0112976869335398 0.0155917407944798
0.000234864747017127 0.000684438957432576 -9999 0.000169775584754461 0.000136577725743336 0.000200033329292637 0.000175772832699295 0.00432873644749634 -9999 -9999 -9999 -9999 -9999 -9999 -9999 -9999 -9999 -9999 -9999 -9999 -9999 -9999 -9999 -9999 -9999 -9999 0.000879731200257083 -9999 -9999 -9999 -9999 -9999 -9999 -9999 -9999 -9999 -9999 -9999 0.0245090795098804 0.00230361607973464 0.0010117849233211 0.000119156371056306 0.000624876933579799 0.00434076585806906 0.0441432887688279
0.000484505695112603 -9999 0.00158788286989875 9.7039182151093e-05 0.00011554065049495 0.000541407970013097 0.00164963706338312 0.000299918631935725 -9999 -9999 -9999 -9999 -9999 -9999 -9999 -9999 -9999 -9999 0.0323407475138083 -9999 -9999 -9999 -9999 0.0322028327675071 0.000146027769596913 0.00141761561644671 -9999 0.0104265302055865 0.000433101773796807 -9999 -9999 -9999 0.00425669836404268 -9999 -9999 -9999 -9999 -9999 -9999 0.00608665672771167 0.000313634793928941 0.000182068422691373 4.1325550273541e-05 0.00560738836647943 0.000803023926710011
0.001633445992411 -9999 -9999 -9999 -9999 -9999 0.000520043630240252 -9999 -9999 -9999 0.00379736454051454 -9999 -9999 -9999 -9999 -9999 -9999 -9999 -9999 -9999 -9999 -9999 -9999 6.64378215333272e-05 0.000232588486323948 0.000487590220291168 0.000130031599474023 7.05679842212703e-05 0.000318984517434728 0.000966092426097021 6.78842397064727e-05 8.92690199179924e-05 2.00545027610133e-05 3.03279772424503e-05 0.000102291987377612 3.92772396025975e-05 2.26955369384996e-05 6.1400250706356e-05 0.00232050839695148 0.0102814695797861 0.00122667144460138 0.000726405449677259 0.00168905440768867 0.000393204739521025 0.00190973479911918
-9999 -9999 -9999 -9999 -9999 0.000223562235510144 -9999 -9999 0.000438973394921049 -9999 -9999 -9999 -9999 -9999 -9999 -9999 -9999 -9999 -9999 -9999 -9999 -9999 -9999 6.69054882564524e-05 0.00012459522622521 0.000932328926865011 0.000245703670952935 4.97115224789013e-05 0.000232607594807632 0.000421832008578349 0.00198516200180165 4.61537138107815e-05 3.99236509110779e-05 1.83271005710139e-05 9.94538627310249e-05 0.000117289990771496 0.000172665857644461 0.000636515299265739 0.00510794472647831 0.00560356548521668 0.0684254493564367 0.0110041449312121 0.00165817869128659 0.000703293052356457 0.0126214195042849
0.000752227065095212 -9999 -9999 -9999 -9999 -9999 -9999 -9999 -9999 -9999 -9999 -9999 -9999 -9999 -9999 0.000938921869055775 1.51793813387258e-05 -9999 -9999 -9999 -9999 -9999 7.61744059332159e-06 3.21405573942002e-06 9.48042919844738e-05 2.67919506768521e-05 0.000820418243529275 0.00116813048662152 0.000412556534138275 0.000639456993667409 7.95611274497787e-06 0.000190880016452866 5.99898355631012e-05 9.17867419730101e-05 9.80480939688277e-05 0.000128228068570024 0.000367004558211192 0.00521469534141943 0.000178513637911237 0.000104723356707837 0.00135852068196982 0.00699940093327314 0.00530282566323876 0.0229745294433087 0.00447046193294227
0.000212563617969863 0.00065992065356113 -9999 -9999 -9999 -9999 -9999 -9999 -9999 -9999 -9999 -9999 -9999 -9999 -9999 -9999 -9999 -9999 -9999 -9999 -9999 -9999 2.54785541642377e-06 1.60936525389843e-05 8.13087894130149e-05 0.000287098929402418 0.00300805803854018 0.00188457959156949 0.000786298859748058 9.96812923403922e-05 1.28855570778796e-05 9.63020427661831e-05 8.92328720510704e-05 2.21537819015794e-05 3.12853530886059e-05 0.00080666159192333 0.00203310700017028 2.0952291811227e-05 0.000489284563082037 0.00102943064994179 0.000137497496689321 0.000713348784483969 0.000725737234461121 0.000253448409057455 0.000611742067849264
0.000467927439603955 2.01021100565413e-05 0.00419217487506103 -9999 -9999 -9999 -9999 -9999 -9999 -9999 -9999 -9999 -9999 -9999 -9999 -9999 -9999 -9999 -9999 -9999 -9999 -9999 8.62920729005623e-07 6.26254840696561e-07 7.17187730515434e-05 0.0173522762022912 0.000749308404556359 1.32953561511329e-06 1.47640684872385e-05 3.44772397056659e-05 7.85542535595596e-05 2.69712347289897e-05 0.000322076876909705 6.80736836329743e-05 2.08339516660772e-06 1.56663352413489e-05 8.66406610839476e-05 2.37220815506589e-05 0.000242689972947119 0.000174903513470781 0.00881862662499771 0.00188683038577437 0.0128316503949463 0.000518497705343179 0.00083302164421184
0.000307855222126818 4.63358260731184e-05 0.000166242224031521 0.00244715777516831 -9999 -9999 -9999 -9999 -9999 -9999 -9999 -9999 -9999 -9999 -9999 -9999 -9999 -9999 -9999 -9999 -9999 -9999 -9999 -9999 -9999 -9999 2.74039677705673e-06 1.78402590549354e-06 0.000114069347364421 1.48116419268263e-05 1.49973026054795e-05 1.92218525398857e-05 2.69466933332296e-05 3.78953727249609e-05 0.000124087410222273 6.95328250913008e-05 0.0041154891718179 0.000328686972352443 0.000229953630332602 0.000447551454271888 0.000157886161105125 0.000127995302682393 0.00050117797072744 0.000144146298043779 0.000405608288929216
2.97347488640298e-05 0.000113629030875018 -9999 -9999 0.000201878950792889 -9999 -9999 -9999 -9999 -9999 -9999 -9999 -9999 -9999 -9999 -9999 -9999 -9999 -9999 -9999 0.000107731136921529 1.59770024161787e-06 3.46523729444215e-07 7.78972533623801e-06 -9999 0.000338933607235958 7.47875008855203e-07 8.96601328577162e-06 2.03449629623265e-06 4.59268079850972e-06 8.32823411087702e-06 1.15129567603844e-06 3.041288803729e-06 5.71091291476478e-05 0.000184008848373196 8.16889463749249e-05 1.49746479564783e-05 0.000982795839809114 0.000124040900755062 0.00161154862144031 0.000143537031999585 5.40028344403254e-05 0.000574717175913975 0.00010061085849884 7.72760406107409e-05
0.00170569983310997 0.000817757053300738 3.86348690767591e-05 -9999 -9999 -9999 -9999 -9999 -9999 -9999 -9999 -9999 -9999 -9999 -9999 -9999 -9999 -9999 -9999 -9999 -9999 -9999 4.87003844682477e-06 3.11103288197501e-06 -9999 -9999 1.26554581818539e-06 5.84582279472556e-07 4.12178796125318e-06 1.35400829393006e-06 2.06724597120456e-06 2.20304276638217e-05 9.41946612975641e-07 1.02114781270757e-05 5.83780741635564e-05 5.62937638733274e-05 0.000290006729846937 0.000152803740820673 0.000401941305244691 7.98079429387144e-05 0.000410239673510659 0.000171374196361285 0.000703598841209896 0.00173522207769565 0.000207968501490541
3.9254977082237e-05 2.50536285307135e-05 8.65207401830048e-06 0.000151860658434089 0.00011675411460601 0.00476653589721536 -9999 -9999 -9999 -9999 -9999 -9999 -9999 -9999 -9999 -9999 -9999 -9999 -9999 -9999 -9999 -9999 -9999 -9999 -9999 -9999 -9999 3.77917249139159e-07 3.84324924596058e-07 3.40814289678804e-07 1.48099694641246e-06 5.73783487709534e-06 1.15025740171859e-05 1.30258997472765e-06 3.99460505718707e-05 0.000145038036680489 0.00014832243687124 0.000279393289019936 0.000196641812817688 0.00030370517688425 0.000241046191695204 0.00113916599439108 0.00296485917642713 0.0140955365262926 0.000720505161734764
9.84609524493862e-05 3.40841565048322e-05 0.000395725035741634 -9999 -9999 0.00017393817215634 0.00312522775493562 -9999 -9999 -9999 -9999 -9999 -9999 -9999 -9999 -9999 -9999 -9999 -9999 -9999 -9999 -9999 -9999 -9999 -9999 -9999 1.38402729106701e-05 4.59677093722632e-07 4.32953640938649e-07 2.55022908888236e-06 4.13973594959316e-06 2.0308772963773e-06 3.11589692572056e-06 4.84577079760129e-06 6.15795551084375e-05 8.41902262891381e-05 0.000151932362405205 0.000514085338727455 8.67383714421521e-05 0.000856866878166329 0.00450188435497694 0.00905090977903455 0.00124500897800317 0.00396239275578409 0.000471150992962066
4.26065875672066e-05 1.46465181160238e-05 2.50224337889904e-06 8.5908384015454e-07 8.60114933516343e-06 -9999 1.14894627358808e-05 1.72007971421806e-06 3.78892133085174e-05 1.12665087890207e-06 -9999 -9999 -9999 -9999 -9999 -9999 -9999 -9999 -9999 -9999 5.68242793661966e-05 -9999 -9999 9.52143297894281e-07 -9999 -9999 7.59193722110751e-07 8.48000956068518e-06 4.68249536922372e-07 7.42475388619823e-06 7.72900201013727e-06 4.97593742920799e-06 7.59511488297449e-06 3.14770287985766e-06 1.08905124974967e-05 0.000119255692152365 0.00125620946564595 0.000103437993857369 8.33400398278172e-05 0.000355704046887695 0.00109754725926905 0.000867022323654965 0.000869158224668354 0.000318536737177055 0.00018529773078626
1.49699327835151e-05 1.00546430019222e-05 9.25445292523364e-06 7.2212951408801e-06 5.06105560020842e-06 5.74220744766762e-06 1.45764032339457e-05 4.20876558052896e-05 0.000226611506400332 3.2802192293957e-06 -9999 -9999 -9999 -9999 -9999 -9999 -9999 -9999 -9999 -9999 -9999 4.43358599113708e-06 -9999 -9999 1.85146466957775e-07 -9999 -9999 0.00118749727043905 6.46217257781245e-05 2.07503439639822e-06 2.1751934104941e-05 1.7668068767307e-05 9.68686774172056e-07 1.32324656419769e-05 1.05739182231446e-05 1.33875405907702e-06 1.77487700852907e-05 6.2928543502494e-05 0.000107407579298524 0.000114096013157905 0.000340889466679073 0.000357323711705249 0.000617070549560594 0.00236263106780825 0.00207891713362187
-9999 -9999 0.000216091876518476 3.13762032874365e-05 1.34734134974224e-05 2.17096741266687e-05 4.55879337266651e-06 2.50970904289716e-06 3.39959648911758e-06 -9999 3.86987761402224e-05 -9999 -9999 -9999 -9999 -9999 -9999 -9999 -9999 -9999 -9999 1.16564785294315e-05 -9999 1.81843246537028e-05 3.5704480505494e-08 3.89155695801335e-07 9.66138151703433e-08 6.45399185472684e-07 1.66181487450956e-06 1.15746720688037e-06 1.66829749161934e-06 4.46693810118859e-07 6.76231120735338e-06 1.33672079769553e-06 5.88279790747492e-06 3.9578015821462e-05 1.30085652529033e-05 1.99905207125539e-05 0.000362678736928501 0.00195948630571365 0.00363571989582852 0.001027904485818 0.00190426546032541 0.000370468861547124 0.000234185380577401
0.000218265534567763 -9999 -9999 -9999 8.11498680945988e-06 2.09472360381824e-06 1.71907002879834e-05 0.00162475435063243 4.29045625537583e-05 -9999 -9999 5.99950234203561e-06 -9999 -9999 -9999 -9999 -9999 -9999 -9999 -9999 -9999 -9999 -9999 -9999 -9999 -9999 9.55483073283858e-06 7.62841743018328e-07 4.32242376113834e-08 1.32157132739508e-06 2.12345162076133e-07 1.0925202964529e-06 9.57922674160727e-07 1.70507114489737e-06 7.00905018788944e-06 2.10469288788318e-06 1.54767950334644e-05 2.73351680789347e-05 0.000294337374270981 0.000164102838061808 0.00765291583957151 0.00463611601153389 0.000646917610720266 0.00150530646569678 0.000269003617904673
