Maxent_result_files_1/Bombus_polaris_2.asc
NCOLS 594 
NROWS 330 
XLLCORNER -15 
YLLCORNER 23 
CELLSIZE 0.166666666666667 
NODATA_value -9999 
[rows 60 to 79 of 330, columns 376 to 422 of 594]
-9999 -9999 -9999 -9999 -9999 -9999 -9999 -9999 -9999 -9999 -9999 0.808770899474621 0.0201683804665478 0.00969749790229244 8.3885490727198e-05 0.000433278217118349 0.0130193819034574 0.0136199160013184 0.0126039592391844 0.0121641371623031 0.00959109645660092 0.00835735981766096 0.00643542779214196 0.00442989174033324 0.00290588072993774 0.00030884063775658 0.0001065121182526 3.40084216534864e-05 0.00039619038374864 7.73307894896824e-07 0.00065259505117865 8.27340668934085e-05 9.5989882709091e-14 6.92756962905605e-13 0.000278909740632116 3.37889490843679e-05 0.00024533675075683 0.00281872125011274 0.0096974856409954 0.00782938545409522 0.0117248928765612 0.00922836273677596 0.00699491924496645 0.00837506674627999 0.0111104893907028 0.0127351502951483 0.0104188985726111
-9999 -9999 -9999 -9999 -9999 -9999 -9999 0.261641969159245 0.0447557813689457 0.0439629097555212 0.0470008168462073 0.0547994317863186 0.047166171049912 0.0279533048551343 0.0183810394050226 0.015171544292437 0.0162466416661111 0.00331318788124224 0.00297844322090705 0.00953343244014731 0.00904316037855217 0.00603965066119079 0.00541200489194633 0.00391818587558207 0.00269781972695147 0.00178854343337974 1.75017002854716e-06 4.97057760617814e-07 8.81116610798927e-05 0.000181811215543348 0.100000603415531 2.58829672800109e-06 0.000314705716209573 9.22488336618788e-07 7.08535299963842e-05 0.00408169217011551 0.00520957039508474 0.0052202231981493 0.00597512180281399 0.00902278888655133 0.0106448176678076 0.0115977511137332 0.0100695370010095 0.0106569020927167 0.00880088363693973 0.00271605381392622 0.00770707444191249
-9999 0.326759084698278 0.98460807800293 0.902712774276733 0.846602189540863 0.137375859904569 0.107944941430469 0.157028138055466 0.00261034382736416 0.00613128785448739 0.030860941755418 0.0257336852939716 0.0215182715899186 0.00626184985111778 0.00110050337976715 0.0417810006096261 7.83114241471594e-06 0.00951581117450004 0.0107078937238057 0.00137359791542933 0.00026880216952041 0.00509685206363759 0.00375428224588967 0.00264670641840186 0.00214736294071819 0.000162300870881615 5.28295649449007e-08 0.600000000002028 5.85632445904594e-05 1.06581410364015e-15 2.02232518208945e-05 0.000372036920566643 0.325774076343191 0.00512543739108712 0.00531071769684545 0.00345816686552141 0.00390542305776904 0.0140367780252745 0.00530726399036627 0.00392843761269157 0.00662851546916334 0.00805967205098934 0.00654630628964634 0.00661297383756534 0.00600134393657679 0.00603314420737154 0.00529115330545863
-9999 0.997249454259872 0.167050872789696 0.176471553556621 0.183338472910691 0.159196494224307 0.157181903423043 0.120263961331511 0.109717531094793 0.245661126449704 0.0927528172265738 0.00656129270498237 7.33235915549746e-05 8.68362715067406e-10 0.00029537082046015 1.23640151315385e-05 2.22273276562213e-08 5.63192753988417e-08 6.30189249823943e-06 0.00595181164245275 5.42293459158127e-05 0.000339723607017883 0.000342862683800627 0.000283393944508226 2.14875344337617e-06 2.37101274734641e-05 0.700034159045502 0.700000000000527 0.4 0.00057582055593528 0.000321166018012997 0.00550856152883625 0.00267732264828811 6.12252934306667e-06 0.00313694658407021 0.00370935743100312 0.00538206885750091 0.00451375698463181 0.00427796147645623 0.0037578367899247 0.0109384034933669 0.00472020199156145 0.00588251688714694 0.00635339418563827 0.00768604039989205 0.00733646248495688 0.00499193313717035
-9999 0.000455183826149663 0.0740246447385289 0.135329376743175 0.0296840329971624 0.112429071035876 0.0955009984729259 0.0874550886306679 0.0936589635675773 0.0790130417502951 0.0497567178681493 0.0307782556883467 1.77023397707199e-07 9.95559323868633e-09 0.5 6.18299855759119e-12 2.1094237467878e-16 2.77555756156289e-16 2.17092827741183e-06 0.00281435802001346 1.27078114176005e-07 7.75540565522981e-07 8.46049514967473e-05 0.00022198721440374 0.00361748759437414 1.99395733076813e-05 0.700000001093007 3.38662857934935e-07 1.13536240768042e-05 0.000429360971466397 7.69425698821102e-08 0.000189237302258483 8.41663042949747e-06 4.66902801976588e-07 0.00487961128196162 0.272392613184638 0.00758648797639003 0.0943530550517608 0.00422709276434029 0.00507476815151318 0.000458761825024945 0.00501320477894955 0.00448986843369488 0.00698012919663987 0.0090054139738434 0.00328822680433448 0.00324965446490042
0.0342399041634053 6.78568312650896e-14 6.05073102732945e-10 0.00482382550363606 0.00983859309670207 0.0753134170988994 0.0756337440123389 0.0638468806562742 0.0609084580374656 0.0515583734344546 0.0396458487884956 0.0286964853314112 0.0104451396194428 1.64341914672406e-06 1.06745180573853e-05 0.000105815622555383 3.53240108241781e-07 4.68967531475073e-11 0 2.88246648771917e-11 0.00490739691860664 0.00362936977025011 0.00357309562537007 0.00313662971285048 0.374524522747379 0.543511789198965 0.00426060940076134 0.801162283667856 0.700026350769271 1.11022302462516e-17 0 3.33066907387547e-17 2.45601535828754e-06 7.11507519568499e-12 2.1462424475871e-06 3.11049126455742e-08 0.00296673052854624 2.23615486127926e-09 0.00409283142304453 0.00408675010158754 0.00478000291421875 0.00616740075246994 0.00451336970446703 0.00640965001524901 0.00340394713726729 0.00216067167131473 0.00231797330967314
0 0 1.11022302462516e-16 0.000281216051916999 1.4495071809506e-13 0.00904646403202785 0.195444722101092 0.0468937169522178 0.0368357403260235 4.89941411217387e-05 0.000185613207804636 0.239405765850097 0.823323464393616 0.70707669146359 0.0460300567618106 0.000649740808342725 0.00746688893094003 3.74558807980208e-05 0.00095138241227245 2.37201690678202e-07 4.37450022094943e-08 0.0195468496103786 0.000127595323013741 1.7276216850437e-05 0.400097450037117 1.79856129989275e-15 0 0.816570490598679 2.13180122391243e-05 1.45550238528358e-14 0 0 0 2.22475758115959e-07 1.25455201782643e-15 3.1863400806742e-15 1.77174428794835e-08 2.34015140598842e-11 0.23726258444658 0.00687268815464276 0.00529980150029917 0.00400024457700539 0.00274473080834439 0.00301108714859803 0.00574389965699282 0.00382956527643651 0.00338047541725904
0 0 0 0 0.000161359163969621 8.98892071887758e-13 0.00589958886575576 0.0297328616875099 4.07181439676663e-08 0.000147671411468764 1.48406410828472e-05 0.0287108115922539 0.73514327415499 0.00197918657969789 0.00127490514103585 0.0780352706928056 0.0106661174990662 0.000600628965140526 0.10025923079229 0.15465280120261 0.551666494100944 0.0172855423723377 0.0161263658901589 0.00405558761627726 0.0349780470540281 0 1.3979097324146e-09 0 0.433114581980681 2.63459351546036e-07 0 0 1.43218770176645e-15 5.41666711484368e-13 0.498823988717049 0.000271753032046718 0.875782264769077 0.61158327460289 0.289162926515564 9.47263544270882e-09 6.3994920473931e-12 0.0113588698456397 2.81572863713109e-05 0.00367739543318943 0.0294452699790781 0.258404246141436 0.0029395963611116
0 0 0 0 0 4.21884749357559e-16 2.67880052695624e-08 0.0558063859843969 0.0747257809271105 0.198535239323974 0.0031678406668005 0.0844697733711655 0.000888167596699629 0.00117028991354252 0.000777743054198188 0.000863867977439714 1.04214831531113e-05 0.00134531099225007 0.0022221534551893 0.0154581858652705 0.00245658749799044 0 3.05635191013565e-05 8.81353420112418e-05 1.76893523162747e-07 0.000641839773112818 3.10389905999742e-09 7.78026280068289e-09 0.700000022537303 0.00571354541639335 0 0 0 0 0 0 5.70148256485936e-05 0.435674021498484 0.0582345262053423 0.000695116613520363 0 0.000421332999739388 4.76471524879507e-07 0.00394092600769576 2.32460181481819e-07 0.0014630982546511 0.000472517223078406
0 0 6.29905350102433e-11 2.22044604925031e-17 4.44089209850063e-17 0 0 0 0 3.33066907387547e-17 7.8159700933611e-15 8.90991155230503e-05 0.0934875133007608 0.000240353328284604 0.00105994741267379 1.3363596340632e-09 9.64006652282023e-14 2.71207469078938e-05 1.34462094654175e-05 0 4.18554080283684e-15 7.89557308422673e-13 4.06220915607491e-05 1.59121924214745e-07 0.000549694127427092 0.13351059751003 8.43769498715119e-15 8.50938208785124e-12 0.700000000000001 0.911948779225349 0 0 0 0 0 0 1.64331268148743e-08 2.73242631012582e-06 4.77392358323447e-06 0.832379326224327 1.59604749860875e-08 1.02759427000887e-07 0.0373862759794065 6.28526674520402e-05 6.45039577307216e-15 1.48286571910461e-09 1.83649783491724e-08
0 0 0 0 0 0 0 0 0 0 1.49880108324396e-14 4.28211466285688e-11 2.53130849614536e-15 0.00294251189286011 0.111193520476127 0.000234209395078799 5.89118143157208e-10 0.0499642469905666 2.00950367457153e-15 0 1.28216270933734e-10 0.00867722713432758 0.000303793037814615 0.000388169543929884 0.0579704044095706 1.2824660726718e-07 0 0 0.6 0.0450920443983309 0 0 0 0 0 0 1.71542313001538e-05 0.000395562417965023 0.182624732283875 0.000835973078829366 0.217836830439065 0.279533299431205 0.233822490740567 1.72492142791469e-10 7.18284264052405e-05 0.000572686564055047 4.33653113418586e-14
0 0 0 0 0 0 0 1.4432899320127e-16 0 0 0 0 8.58424442640171e-14 7.54237783340272e-12 4.15522379670907e-07 3.77906750372858e-05 6.51442709997951e-08 2.21461995146832e-06 6.39886104225607e-07 0.00179342660294717 4.27521415627963e-06 3.33066907387547e-17 1.11610054531752e-11 0.000577355247276046 0.00920392315397258 5.34643096461451e-10 3.01886162734633e-09 0 0 0.700000004053427 0 5.73480696175466e-07 0 0 0 0 0 1.37700961744258e-13 4.89644815471202e-07 1.76742416602593e-05 0.0228631838699584 3.42250379778419e-05 9.88418184854512e-05 0.0725403758726316 0.0105245197428958 0 0
0 0 0 0 0 0 0 0 0 0 0 0 0 3.04201108747293e-15 0 0 1.82700032880234e-10 0.000204740544835602 9.14958066045024e-07 2.34434693879848e-13 2.55007883787073e-07 1.27307830499745e-08 0.0989936928501892 7.81091857859906e-12 2.01530180432563e-08 8.19658341200125e-11 2.37587727269783e-15 0.6 0.7 0.700001221691921 8.66573543589766e-06 0.0655041976107896 2.27181856504721e-07 5.74568761013694e-08 8.96098861780104e-11 0 0 0 0.00310132196384529 2.1488518775481e-08 6.58336545833471e-08 2.46385529451776e-05 2.61352644301494e-05 0.000105657500112721 0.771982227428816 9.88098491916389e-16 0
0 0 0 0 0 0 0 0 0 0 0 0 0 0 0 0 0 0 0 0 0 2.25375273998907e-15 1.11022302462516e-17 6.19858796402362e-08 3.77014064412151e-10 3.12736722407614e-08 1.2596590437397e-13 0.700000000120941 0 0 8.28866242308379e-09 9.51936973692113e-10 0.000747296562258271 1.36242124249009e-09 1.18171117280408e-07 1.68890029983215e-05 7.46474958290832e-08 2.44063973287023e-07 1.04473245721159e-08 5.53008177228698e-07 0 1.29965376061136e-05 0.000206844557423913 3.64197560998036e-13 0 5.44609701780274e-10 1.14002649959866e-05
0 0 0 0 0 0 0 4.05579192452876e-10 0 0 0 0 0 0 0 9.32578159806852e-08 0 0 0 0 2.73558953267639e-14 0 0 0 0 0 3.23335802576707e-12 0 1.11022302462516e-17 0 3.37728167343343e-06 2.60975901444915e-07 7.0725484246914e-09 6.56607064941639e-08 5.50150279647887e-06 9.61858870418553e-06 5.56321826161721e-08 0 0 0 0 0 0 0 1.22790666523542e-14 4.19454726507951e-10 0.00122990620663918
0 0 0 0 0 0 2.03823965483352e-09 1.04711292969739e-09 0 0 0 0 4.55191440096314e-16 2.78334577608064e-10 6.40598685208715e-15 0 0 0 0 0 0 0 0 3.31956684362922e-15 0 0 0.700000235881622 0.500213460872996 6.58499262007339e-08 0 7.59842563125002e-07 1.78937598072082e-10 1.60946700411557e-11 1.11022302462516e-17 9.81048698278641e-08 2.92627577724858e-10 0.700437017065555 0 0 0 0 0 0 0 0 5.31448425933334e-08 1.83186799063151e-15
0 3.77475828372553e-16 0 1.14795029767745e-05 3.46440542919879e-10 3.55231399851164e-12 1.12826525899834e-10 2.1316282072803e-15 7.66053886991358e-14 9.11382080914791e-14 6.53375575865312e-11 9.37802357992012e-10 2.98649993624167e-14 0 0 0.000636447289171371 4.44089209850063e-17 0 5.55111512312578e-17 0 0 0 0 0 1.11495923604821e-11 9.0869496103263e-07 0 0 0 0 0 8.54871728961371e-16 2.4757973449141e-14 0 0 0 0 0 0 0 0 0 0 0 1.0112714110555e-09 0.000387821541252165 0
3.67883501439792e-13 1.97900165144205e-09 3.26910720716e-12 2.56304644175032e-10 2.52119392030181e-10 2.17459236340201e-07 1.20096012024007e-09 6.03856382008772e-08 4.95270491285282e-14 0 9.97622651155439e-11 1.23288017572776e-09 0 0 1.11022302462516e-17 0 9.83347123617584e-07 2.09246300540977e-06 6.06292793747798e-14 1.11022302462516e-17 7.88258347483861e-15 4.07562872339895e-14 5.99520433297585e-16 0 9.91693073950639e-06 2.92289636938392e-11 1.18793863634892e-15 0 0 0 0 0 0 0 0 0 0 0 0 0 8.14537326476739e-13 0 0.00170893736943297 6.03392823039783e-08 0 5.79758463459257e-14 0
4.80963193716377e-09 2.82297134361897e-06 5.94007210086289e-10 1.09422471084031e-12 1.85519599682493e-11 1.24344978758018e-15 6.53921361504217e-14 1.47504231051698e-13 1.34851019240045e-12 2.16509314698854e-08 2.42028619368284e-15 1.07103215185589e-13 0 0 0 0 1.4432899320127e-16 8.44867576634933e-05 0.0003993697424442 9.48125521839316e-05 0.000262050105403233 2.36295331856873e-08 2.32837780900219e-06 8.81233770073653e-06 1.28699728652038e-10 1.01656525260951e-06 3.12300657789866e-06 1.02887635781146e-06 5.55111512312578e-17 2.24500862344712e-11 1.45239376081463e-13 7.00550728538474e-15 0 0 0 0 0 7.32139904258133e-12 1.77635683940025e-16 5.37347943918576e-15 2.14316242530543e-10 8.32405144812753e-11 0 1.03472785895065e-14 0 1.46035072923212e-10 4.14134948556466e-11
6.14619466432487e-14 6.90865681463038e-07 3.4170601637129e-06 5.44466313368019e-08 3.4778635527033e-09 4.50151027564516e-13 1.99673610978834e-13 7.30526750203353e-15 9.45910016980633e-15 7.32747196252603e-16 5.77315972805081e-16 0 0 2.43276510047963e-12 2.2346112737992e-10 4.9960036108132e-16 0 8.45956638073631e-13 1.60964485486526e-05 3.11731233493262e-07 8.57910831264519e-10 3.36941585743489e-13 1.65725722034438e-10 2.90980366768334e-07 6.42930153560428e-14 7.6283388172893e-08 6.04371049277574e-06 5.60290262074936e-08 9.69762702029975e-08 2.11254575954722e-07 7.31667938292935e-06 4.04598576864146e-13 4.05462754904384e-07 9.86669634883697e-12 3.28848059893971e-14 1.11022302462516e-17 1.37601041672042e-13 1.25712773524356e-12 8.50457268409821e-06 2.72575268023267e-08 8.17433543076618e-10 0 0 1.09781580675539e-05 6.13803898819043e-09 1.41392062502632e-09 1.16177933917605e-07
