Maxent_result_files_1/Bombus_flavidus_2.asc
NCOLS 594 
NROWS 330 
XLLCORNER -15 
YLLCORNER 23 
CELLSIZE 0.166666666666667 
NODATA_value -9999 
[rows 180 to 199 of 330, columns 495 to 539 of 594]
0.000254476078271182 0.000255194453143304 0.000210003753954879 0.000186033946556563 0.000145704107927713 0.000133251562590431 0.000110430145849705 0.000103495215654448 8.22275954817542e-05 5.76271700879261e-05 4.77297160827561e-05 4.3423783029084e-05 3.90837672263444e-05 4.40768927013835e-05 5.14090777578247e-05 6.89492723608964e-05 9.31125077983097e-05 0.000118636988469234 0.000154989467381483 0.000168048980054891 0.000180823700316068 0.000188517123586962 0.00016132024604758 0.00013824451980895 0.000240931497739894 0.000382807773223703 0.000321704156442593 0.000563447542140239 0.000305067367150968 0.00032171681804698 0.000345496171848936 0.000200260908175665 0.000146185871311388 0.000104189450532743 8.00250820887527e-05 5.85365701915919e-05 4.02659990770715e-05 3.23961302509446e-05 2.2668391392866e-05 1.60974683589998e-05 1.66180794608284e-05 1.6540963121825e-05 1.44312555272696e-05 1.70726106186514e-05 1.62902439973633e-05
0.000114697525663132 0.000231357093662155 0.000111522866779978 0.000117023625506363 8.66025195449538e-05 2.04197956577001e-07 6.97351712744876e-05 5.44343562609129e-05 5.36114550314437e-05 4.926254481461e-05 4.10571873310062e-05 3.18862522828312e-05 3.36655732262159e-05 3.39939331041705e-05 3.51394251982384e-05 4.9708906389867e-05 7.25276047177203e-05 0.000108701666411548 0.000134577642108979 0.000153029842891783 0.000152063035824312 0.000144208196826412 0.000154953665332869 0.000139168374073506 0.00015355796165295 0.000180708692562348 0.00021370611895577 0.000255545634217924 0.000267962402847388 0.000324040376477797 0.000322280343402781 0.000248897645263924 0.000137915956943857 0.000147684042336493 7.23700916690717e-05 4.1527649903017e-05 2.57096420371639e-05 2.05095544236311e-05 1.77831510785875e-05 1.89464624087421e-05 1.79145849180884e-05 1.64748417454952e-05 1.43068450074058e-05 1.28258249787905e-05 1.31194670884849e-05
5.51112088359673e-05 5.92691217605079e-05 5.27253498603386e-05 4.8554321084282e-05 4.38277540929732e-05 4.81311056091727e-05 3.80820712621244e-05 3.79217758407435e-05 3.71742736419378e-05 2.87192654162993e-05 2.54060773993814e-05 2.14033125820023e-05 1.86658077893753e-05 1.90024627956475e-05 2.38692922710726e-05 3.01169057934203e-05 4.54251314337739e-05 5.2492576350005e-05 6.98471002451129e-05 8.8734004114599e-05 7.55470838143424e-05 0.000102807674002747 0.000147671658771742 0.000135100201367777 0.000141104514506196 0.00017215760354361 0.000229604703019959 0.000195329948718381 0.000169496542162051 0.000239272861881545 0.000186368389415748 0.000132766003348195 7.2948136584472e-05 5.87161567022321e-05 3.90235156954688e-05 2.44151690014682e-05 2.11749318803633e-05 1.53495676178839e-05 1.46882255676495e-05 1.47565831704721e-05 1.34220905219973e-05 1.47588711660873e-05 1.19306310163214e-05 1.15430030568353e-05 1.13632790483376e-05
2.80017810016631e-05 2.63251801126074e-05 2.26130599429553e-05 2.46527585886724e-05 3.01015532677695e-05 3.27518940288485e-05 9.87357978599057e-08 2.93398727304606e-05 1.62904135947883e-05 1.66026022926147e-05 1.68335964826127e-05 1.65077320149365e-05 1.64069446803694e-05 1.42799179176478e-05 1.5084886601624e-05 2.16976748900422e-05 2.09335539906874e-05 2.71216771919214e-05 3.13414354579322e-05 4.81352815299374e-05 5.58901953084501e-05 5.81359064149467e-05 7.45480422693845e-05 8.50001045535009e-05 0.000112173331527288 0.000132364932579776 0.000152363433966229 0.000117535381230027 0.000109550707965411 0.000113840191627901 9.37539457979142e-05 6.96498206195884e-05 5.08203604695723e-05 2.86288085192155e-05 2.03885425190897e-05 1.69012448283823e-05 1.65779296370072e-05 1.32739765169365e-05 1.15422569517687e-05 9.48046997044649e-06 8.62441287881044e-06 8.04484332677102e-06 9.32021880979406e-06 1.89326795343447e-05 1.27171940818904e-05
1.43304819403944e-05 1.51539870734574e-05 1.36201582288109e-05 1.56106054001626e-05 1.51263091469289e-05 1.63554307203384e-05 1.36276728261997e-06 1.05810239025672e-05 9.19516251807195e-06 9.96947478340004e-06 9.93096502344137e-06 1.05745301212323e-05 9.08617900337028e-06 9.21435610004018e-06 9.86929432285066e-06 9.8388584722997e-06 1.33257933027764e-05 1.50900032142687e-05 2.49782082612171e-05 2.88797317720579e-05 3.46847448845722e-05 4.23658130216609e-05 5.77887496412188e-05 6.93336862639171e-05 7.29374767772129e-05 7.12626652145332e-05 7.32531924342084e-05 7.09391567980333e-05 6.53593458167734e-05 6.43159137176497e-05 6.27012024907003e-05 6.83647737425019e-05 3.50658536246939e-05 2.50267884056576e-05 1.73246930871951e-05 1.43278659029633e-05 1.1746164297044e-05 1.00399288708086e-05 9.93606798391777e-06 8.51615138377504e-06 7.52880960671609e-06 8.38947643645449e-06 9.22170554957802e-06 1.0615978747941e-05 9.94874357600484e-06
7.25477401712915e-06 6.14457556968873e-06 6.11797599732178e-06 7.85060686603334e-06 6.07684391167318e-06 6.94644187899662e-06 6.16426191957231e-06 6.13983521162709e-06 6.22092045869938e-06 4.79739294546588e-06 5.71592894461626e-06 6.14238703944281e-06 4.62808510817148e-06 4.09127944808185e-06 4.21265572514429e-06 5.44108248556885e-06 6.28591582158e-06 9.7163324070948e-06 1.38529261519249e-05 2.09076872402569e-05 3.27658033981493e-05 3.42155110889308e-05 4.2696069608894e-05 3.27954531826435e-05 3.13388742643639e-05 3.63930219890562e-05 3.49721981539375e-05 3.70934314524618e-05 4.28448759905109e-05 3.78714354404508e-05 3.5314159560329e-05 3.55716217201874e-05 1.99538581417968e-05 1.51726819621167e-05 1.36663463264686e-05 1.06248471418491e-05 8.4626449415981e-06 8.38836915331154e-06 8.37099195667435e-06 7.12854025962661e-06 6.91454244790002e-06 7.71879337559955e-06 7.62476510643984e-06 8.61030734733426e-06 1.05721740433662e-05
2.6595732103285e-06 2.46338871600083e-06 3.69456824561576e-06 4.4630619336905e-06 3.34754301895002e-06 2.73243029365045e-06 2.86847912398525e-06 2.69045244052357e-06 2.81851259653632e-06 3.20623579671553e-06 4.03217996972627e-06 3.01949113118427e-06 3.11671147089632e-06 2.50900198422999e-06 2.63644897284809e-06 2.73674914723632e-06 5.0581740426936e-06 6.18032481606301e-06 8.65596693926385e-06 1.08716225163619e-05 1.42421123674907e-05 1.82203336988707e-05 1.82556816882951e-05 1.81488686979314e-05 2.0037814087015e-05 2.36189072415627e-05 2.31298261752499e-05 2.39387904828803e-05 2.52474678600123e-05 2.10220706655662e-05 2.24657269022543e-05 2.25614636200078e-05 1.57637980442438e-05 1.02599647279877e-05 8.45263821307451e-06 7.16026489913091e-06 6.55396183094625e-06 5.83541684376909e-06 5.15467185835394e-06 6.43420087506064e-06 7.19459618804263e-06 8.27239468408347e-06 6.88471139725921e-06 7.44692942595826e-06 9.66654524536814e-08
1.35813285725428e-06 1.37842884937456e-06 1.52075456770762e-06 1.50578909664523e-06 1.23294231060278e-06 1.29029072974962e-06 1.45061727037099e-06 1.65546228246827e-06 2.11610195040013e-06 2.25826824520325e-06 2.23344446779183e-06 1.78646444196628e-06 1.52820092349515e-06 1.53442031344264e-06 1.84873583690681e-06 2.35231538137093e-06 2.83475706944758e-06 4.39055306209468e-06 4.90830918121743e-06 6.45367895723004e-06 8.0974394419453e-06 8.69979623130401e-06 9.27758289410718e-06 9.87694885390411e-06 1.38189701398783e-05 1.65753858071938e-05 2.23497284192575e-05 1.91839968990415e-05 1.71969943849604e-05 1.89314404385854e-05 2.03075262592556e-05 1.44252690977176e-05 1.33236688344862e-05 7.88451698865433e-06 6.30705299854428e-06 6.2546296084931e-06 6.20135695029722e-06 4.78718782124243e-06 4.61530865799586e-06 4.74616717643928e-06 4.65048189529638e-06 4.90465163350828e-06 3.14530004930091e-08 6.73893781111268e-08 1.13668311818582e-07
5.54664575602715e-07 6.29391918682831e-07 7.95156087785021e-07 9.45459258616666e-07 1.01396499319062e-06 9.68794107769622e-07 9.77823236858466e-07 8.60947638892107e-07 8.87492927958977e-07 9.76390477969158e-07 1.12048500656714e-06 8.87520616021931e-07 7.2017186341089e-07 6.82649290617565e-07 9.95193372399506e-07 1.07530612298845e-06 1.60695179672876e-06 1.75125644764629e-06 2.33700043271723e-06 2.97779284001987e-06 3.77281753721759e-06 5.0839088381327e-06 4.74614608966251e-06 6.21685391380966e-06 8.57377477343491e-06 1.13695740004083e-05 1.08180359116528e-05 1.11511695319422e-05 1.4262106735341e-05 1.26569711794033e-05 1.31668448625e-05 1.24766344051785e-05 6.45904412470699e-06 5.3809210643907e-06 5.43723563363185e-06 4.73436800187965e-06 4.64879547541486e-06 4.41013546018665e-06 4.24607770685981e-06 3.45310778846475e-06 1.7386112050044e-08 1.05063871247424e-07 6.75523364357389e-08 1.80907027830468e-05 2.05255466949161e-05
2.47538188691276e-07 2.44895397616407e-07 2.79152125037818e-07 3.14447981308863e-07 3.37849227916021e-07 3.84405184861158e-07 3.78046790205921e-07 3.52685394655605e-07 3.16453632198677e-07 4.02200826132848e-07 3.69040550463051e-07 3.9671238916128e-07 4.24871661197646e-07 3.81420520623177e-07 3.79861577715079e-07 5.43994315871377e-07 6.85925487564631e-07 9.72393347897782e-07 1.14816135421414e-06 1.3821270187564e-06 1.94810240988774e-06 2.66388356181535e-06 3.0871817104261e-06 3.193553465064e-06 5.20686882768962e-06 5.09153839265419e-06 6.18806247650872e-06 6.44296503226061e-06 6.57464153549503e-06 7.84478634636709e-06 9.29380035055161e-06 7.3924352919974e-06 4.85756400450121e-06 4.19768003223631e-06 4.39267302578816e-06 3.92882663188265e-06 3.6312864226451e-06 3.61879126345999e-06 1.43565411003799e-08 8.28402290986574e-08 1.03500321180228e-07 1.22365924714929e-05 1.72478879874483e-05 1.40095504521209e-05 4.37890398718999e-08
1.06743058370107e-07 1.02182496497516e-07 1.28495997586686e-07 1.55644658483833e-07 1.9116857982171e-07 1.99658839428185e-07 1.2777353841642e-09 1.27319436105111e-09 1.51634900202868e-07 6.04748695565149e-10 4.82274791213655e-09 1.60493780687609e-07 1.74957892284944e-07 1.95516060486067e-07 2.15248348911512e-07 2.17460003459902e-07 2.32323118043443e-07 3.17692701268246e-07 5.23695143661573e-07 7.09559528544457e-07 9.51315232855521e-07 1.09791399278691e-06 1.44607022736221e-06 1.93290478892605e-06 2.34375679021293e-06 3.49667657197905e-06 4.77738716678777e-06 3.96350524578537e-06 4.86029063376803e-06 4.88085206307165e-06 6.32362024598487e-06 6.81940034062967e-06 5.67864942420115e-06 3.59516188832565e-06 3.77170734788823e-06 3.90600721201784e-06 3.18309007035777e-06 1.57511170550961e-08 3.16666427635504e-08 4.53494822361122e-08 1.05834942351279e-05 9.96247864861743e-06 1.11669567465444e-05 3.62817274113247e-08 1.20770141032178e-07
5.34492613613047e-08 6.8668445929454e-08 1.18651038993889e-08 8.95860384431124e-08 8.10473289036828e-08 9.98078957037407e-08 4.91570795180252e-10 8.05837652162467e-10 8.62728846251493e-08 8.39901585503178e-08 8.74177660259434e-08 1.05387606075258e-07 9.91401308603201e-08 1.07850696562384e-07 1.08674554910593e-07 1.03534870266042e-07 1.14090749059326e-07 1.45851689681287e-07 2.10608805695234e-07 3.3896074937978e-07 4.25106573076484e-07 5.38573210362436e-07 7.68580067589397e-07 1.0952047348689e-06 1.29296175755966e-06 2.11443693032276e-06 2.7962935563064e-06 4.26233128426601e-06 3.09404291926052e-06 3.58041487588112e-06 3.72130684604954e-06 4.43039494981701e-06 3.73799833028876e-06 2.73436085658219e-06 2.71915283155399e-06 3.07441670714947e-06 1.45682418573045e-08 4.05692666238799e-08 1.44158134401939e-06 1.07393014899815e-05 2.29132933975418e-06 3.57823022536508e-06 0.000289847295834988 7.947055656643e-06 3.03409895572315e-06
1.13546638758066e-10 3.36845818682541e-08 5.00435092032347e-08 7.19556559669598e-08 6.82556991704608e-08 5.86787749945472e-08 7.33900030525092e-08 6.33161794993953e-08 5.25944280682644e-08 4.21182107745999e-08 4.71236374588457e-08 4.72701861542468e-08 4.79446556567176e-08 4.52202803091772e-08 4.68758839300421e-08 4.8704842459113e-08 5.66661681022929e-08 8.90108408868606e-08 1.5003308561079e-07 1.88370003006977e-07 2.34525195030866e-07 3.52064866782076e-07 5.00405066372611e-07 8.12524861582009e-07 1.08787603070315e-07 1.22698005279309e-06 1.81516942394655e-06 2.38500655870277e-06 2.10431647322817e-06 1.95475338591322e-06 2.65042815094096e-06 3.10554312741296e-06 3.26456692493204e-06 2.44638228560357e-06 2.16557245558135e-07 1.87059156123714e-06 1.41653986429624e-08 3.15699079878051e-08 9.66878367825164e-06 7.68707928897605e-06 7.97055066459329e-07 5.50988574499201e-07 8.41642670890152e-08 2.84394622186435e-06 2.728286249154e-06
1.6742390063218e-08 1.97313729022319e-08 2.17191561957542e-08 3.08214447297672e-08 3.84042180168187e-08 3.43805671931818e-08 3.73024130029265e-08 3.97113936512206e-08 3.51014021959806e-08 2.73925025440214e-08 2.9238391208164e-08 3.53292493482371e-08 3.48249320603067e-08 3.68503081160654e-08 3.52855551444264e-08 2.99523414626357e-08 3.68147909379779e-08 4.74698709340693e-08 5.657891289923e-08 1.15825467206232e-07 1.66461428474651e-07 2.1879078807574e-07 2.96554337442245e-07 4.46410810461817e-07 5.6349360068042e-07 4.41035983023141e-07 7.21871244035999e-07 8.48895712113329e-07 1.00503892714876e-06 1.41518764859017e-06 1.57211123454903e-06 2.03954861871525e-06 2.3187348767717e-06 2.22452102263127e-06 1.8051981730105e-06 1.79820741486036e-07 2.47601158132049e-08 6.02150698596482e-06 6.53866039819206e-06 5.38122872610902e-06 8.04118201355175e-06 9.02118541756813e-08 1.2319791137827e-05 1.13212972781884e-05 8.87784318850393e-06
1.0142186246398e-08 1.15984481685594e-08 1.25917781090834e-08 1.43766740845486e-08 1.59227395823969e-08 1.80214360878672e-08 1.89929679539347e-08 1.76095988568825e-08 1.82040850504883e-08 1.36771240999423e-08 1.22631490517833e-08 1.34240361604476e-08 1.38544711258959e-08 1.67685891727665e-08 1.74883130865666e-08 1.60449786679173e-08 1.72121610853004e-08 2.47112282303341e-08 3.97878935576301e-08 5.06628592078506e-08 9.22849473283804e-08 1.3244995559214e-07 1.76048746580726e-07 1.7012474379241e-07 2.31075788059698e-07 2.7730667122583e-07 3.3339457634618e-07 5.34601623314313e-07 7.25567105097635e-07 8.34752132128358e-07 1.02511204351785e-06 1.38184744518099e-06 1.41813613411257e-06 1.55480996193447e-06 1.10077612789361e-06 7.23520785506082e-09 1.58312570275321e-08 8.70336654190673e-08 4.20495302690949e-06 5.79427856917114e-08 1.48981696828088e-06 7.63696512876777e-05 1.29993977694198e-05 1.51247053295833e-05 9.04518043820524e-06
5.375033884647e-09 5.92854890735239e-09 7.24366949755861e-09 6.93932692419352e-09 9.08622195261444e-09 9.50641160235577e-09 9.4598335831364e-09 9.43445963574874e-09 9.65189028701019e-09 9.4936494776654e-09 9.3123611377699e-09 8.59856471580045e-09 9.27270671358116e-09 1.02805045476551e-08 9.72586100544959e-09 9.23042828837595e-09 1.04647705945204e-08 1.33860545759035e-08 2.19702241621711e-08 3.62925296037986e-08 4.5514414770409e-08 5.40132593540576e-08 7.89179397830964e-08 1.09427307903864e-07 1.14301656151117e-07 1.75246613698388e-07 2.28476480834683e-07 3.2451393994215e-07 3.7349552569621e-07 4.64388278076377e-07 6.41920601740509e-07 9.41311171986925e-07 1.20013607077807e-06 1.21566984995214e-06 1.1934975229666e-06 1.06309747880395e-06 4.20490446906285e-09 1.63542057562971e-08 1.2667828519497e-08 1.07582834474318e-07 1.06516711007032e-08 1.14807183286825e-06 3.53616680753843e-06 1.85167283305532e-05 1.78941019390422e-05
2.80491183612952e-09 3.01389893042625e-09 2.71397453399658e-09 2.46828747441086e-09 2.99675406711941e-09 3.82294659262428e-09 4.61468394608033e-09 5.34135604635111e-09 6.61012209413059e-09 6.62578241161782e-09 5.87281491215563e-09 4.97971819335419e-09 5.25541523632711e-09 5.10517875751404e-09 5.45093107318095e-09 5.73846270501832e-09 5.95519233925756e-09 7.93693153422481e-09 9.92718141024085e-09 1.32310880918141e-08 1.97644309585243e-08 2.83869836970041e-08 3.57752653168397e-08 5.07731145016344e-08 5.50189342418683e-08 7.39808802774356e-08 8.99927359743202e-08 1.0811887072304e-07 1.68008378875761e-07 3.01527839929872e-07 4.26397021935365e-07 4.87319603537095e-07 6.64974695707699e-07 7.5944877340195e-07 9.41405736865075e-07 9.29466314625316e-07 9.25606530954859e-07 4.00934724309465e-09 7.60409049060939e-09 4.16193159602507e-08 2.58230519548874e-05 7.06715544895875e-07 7.45586773120976e-07 7.06370732572736e-07 6.90236716183179e-07
1.10173759004795e-11 7.37994110266982e-12 1.02391317646777e-11 1.57512225484879e-11 1.47296523866913e-09 1.60713862218387e-09 1.76388185169074e-09 2.32167659541815e-09 2.8927508610721e-09 3.13920541783474e-09 2.62599274547526e-09 2.62401806949697e-09 3.13587525946346e-09 3.06288412410538e-09 2.52169958248061e-09 3.20365238781761e-09 3.41674522008617e-09 6.33772623270801e-10 5.31107812173914e-09 7.21009997262101e-09 9.371980824735e-09 1.28664425003144e-08 1.44121746314951e-08 2.08835525539186e-08 2.95192509214282e-08 3.4861480391335e-08 4.39053693290781e-08 6.08122241230191e-08 7.34083688613829e-08 1.10278710041545e-07 1.77177174076615e-07 2.97646912217342e-07 3.71979051161375e-07 5.89487490176843e-07 7.5964499017811e-07 8.53628619479352e-07 8.15259134989699e-07 6.95994329902305e-07 5.36697891295734e-07 1.60749839883678e-08 7.20854406166538e-09 4.33365580776446e-07 3.93154433564469e-07 3.38572581692898e-07 4.61924967476435e-07
3.90348264822649e-10 2.68433497652154e-11 5.27342292055977e-10 5.08891306871817e-10 7.05151625979283e-10 8.82477790842273e-10 1.15448725024336e-09 1.24500263432026e-09 9.71566116447775e-10 1.01122487050631e-09 1.2042783659183e-09 1.06653483822328e-09 1.13449158956058e-09 9.74800817843402e-10 9.09856656683417e-10 7.00396696196037e-10 1.23692767139971e-09 2.90918678036434e-10 3.4981800345335e-09 4.41642695747646e-09 8.88847311308894e-09 7.33102606398361e-09 7.2858577282453e-09 1.04997370242721e-08 1.42173575135018e-08 1.95590379892252e-08 2.58759404569986e-08 2.7979151706603e-08 3.93039762514036e-08 4.90770816208297e-08 6.88746298105336e-08 9.43641845996268e-08 2.18650343430937e-07 3.57505240278222e-07 4.8840088350266e-07 6.07942864894184e-07 4.92581660727076e-07 3.82391384767811e-07 2.88658471914172e-07 6.67316740754487e-09 5.90231794550533e-09 1.6572800098924e-08 3.51689171673719e-08 2.30773078790936e-07 2.10305462344795e-07
1.81238357654934e-12 2.28440599769897e-12 2.70376598887623e-10 2.29092766979022e-10 2.42669639938242e-10 3.63837560080071e-10 3.66758934333689e-10 7.39115557646386e-10 6.80699840938104e-10 5.62480650945218e-10 4.91664620128063e-10 4.65933980287048e-10 4.53853898907397e-10 5.12993558743347e-10 6.79400380398931e-10 7.96581789419548e-10 9.78212022495484e-10 1.28488419903761e-09 1.81608634797215e-09 2.32342163286603e-09 2.62909924941823e-09 3.85093159582794e-09 5.67902431747314e-09 4.72463170808624e-09 7.54024441773638e-09 1.62921548363393e-08 2.32449805848134e-08 2.20725030364299e-08 7.30779837643247e-08 3.42975676859147e-08 2.78652589891237e-10 5.21908383177561e-10 2.39262654133654e-10 1.86137649682561e-07 3.07542404553995e-07 4.54583606701586e-07 4.29084914155275e-07 2.40466698475661e-07 3.20541018838938e-07 1.85538180486056e-07 1.62764896372014e-07 1.31579531714721e-09 3.69428845292674e-09 3.39652638237098e-09 1.10113425844105e-07
