Maxent_result_files_1/Bombus_melanurus_2.asc
NCOLS 594 
NROWS 330 
XLLCORNER -15 
YLLCORNER 23 
CELLSIZE 0.166666666666667 
NODATA_value -9999 
[rows 160 to 179 of 330, columns 276 to 321 of 594]
0.0175933329388499 0.0196704905945808 0.0188174303853884 0.0120961307547987 0.0129419990233146 0.0126642098883167 0.0122665049042553 0.00933326607337221 0.0106274486752227 0.0109110948862508 0.00966546839335933 0.0158179989666678 0.00787390697514638 0.00613209808943793 0.00650284147704951 0.0139418716426007 0.0142815481522121 0.0150551746948622 0.0171938259154558 0.0119150679791346 0.0145661828573793 0.0143014998291619 0.0139550960739143 0.0132340216776356 0.0120211459463462 0.0111458824132569 0.0109894785098732 0.0104121581534855 0.00930791780119762 0.00888255188474432 0.00919142336351797 0.00897133748512715 0.00744299283833243 0.00870526334038004 0.0083459455461707 0.00817896091612056 0.00803982771467418 0.00786912001785822 0.00751996816252358 0.0980281056836247 0.0938373580574989 0.0333146740682423 0.00532211735844612 0.00465929653728381 0.00674611210124567 0.00661135760019533
0.0233467916958034 0.0304115856066346 0.0229129613842815 0.0132357514463365 0.0105836728471331 0.0182129551423714 0.00872250789543614 0.0101062565925531 0.00971999512985349 0.0167112159077078 0.0106563202687539 0.0143401916371658 0.0135156092699617 0.0134274695883505 0.0130579492310062 0.0130078495829366 0.0136050587985665 0.0138561221421696 0.0143147113849409 0.0119734816486016 0.011856676673051 0.0133712793234736 0.00791823446052149 0.0178240044042468 0.0165759064257145 0.00703406564425677 0.00549017348093912 0.00566651563858613 0.00492402210948057 0.00748657463700511 0.00605221028672531 0.00874058030312881 0.0057237594097387 0.00821296466747299 0.00811360023799352 0.00781955377897248 0.00769483846961521 0.00750163474585861 0.00725466969306581 0.00719730642740615 0.00713827119907364 0.0393469963455573 0.00461190793430433 0.00721567774889991 0.00625248092692345 0.00584858978400007
0.017648561752867 0.0216961199650541 0.0195486037060618 0.0115142123191617 0.0178037009667605 0.00866286201635376 0.0174210337689146 0.0103112605283968 0.00834758521523327 0.0111204176675528 0.0134912109584548 0.0138480579014868 0.0135421443963423 0.0131351882824674 0.0112544757663272 0.0129782395903021 0.0121483382070437 0.0106549183488823 0.0102433497435413 0.0144221695605665 0.0140644035069272 0.0135177493211813 0.027143151697237 0.0167216052068397 0.0461405480280519 0.00805087990593165 0.00973773174919188 0.00915923897409812 0.00873131090775132 0.00839812342892401 0.0156208374304697 0.00577659342670813 0.00822225724696182 0.0139025439100806 0.00748559548519552 0.00712147733429447 0.00706477118656039 0.00693526371032931 0.00682071390911005 0.0069368684431538 0.00674652579473332 0.0081476001709234 0.00726530134561472 0.00686830947524868 0.00651555301155895 0.00604392010718584
0.0171199210337363 0.0206092017004266 0.0260742794023827 0.0255169418640435 0.0225825188681483 0.0191939941141754 0.0177952218335122 0.0195036853896454 0.00921287559904158 0.00930329749826342 0.0132379641872831 0.024577587551903 0.0130582473473623 0.0128738200990483 0.0101761383237317 0.0105133418575861 0.00679363765520975 0.013074503862299 0.0135289078229107 0.0133833816740662 0.00659950611297973 0.00908395897131413 0.00623269437346607 0.00978897388558835 0.00614538285299204 0.00556573402136564 0.00600727848359384 0.00881061556283385 0.0159912193776108 0.00538236193824559 0.00540646424051374 0.00687270106282085 0.00747200441546738 0.00702882561599836 0.0067855765344575 0.00613937135785818 0.0161690292879939 0.00627279845066369 0.00654893688624725 0.00652576833381318 0.00369565810542554 0.00630020301323384 0.00666320825112052 0.0117739575216547 0.0101922236150131 0.00541961930575781
0.0184577172156423 0.0188853732775897 0.0152024836977944 0.0264973622281104 0.0244538004975766 0.0207433957839385 0.0185330430860631 0.0164254349190742 0.0138318960089236 0.00972639470128342 0.0133180566481315 0.0135924614965916 0.0131341829663143 0.0125538414460607 0.00773014501319267 0.0124578194576316 0.0124102906323969 0.0126910076942295 0.0109125616494566 0.0126128123141825 0.0112751096719876 0.00683481385931373 0.005997450085124 0.0102109438274056 0.00966416678857058 0.00954691116930917 0.00743425543769263 0.00820969620253891 0.00480976501712576 0.00495264456840232 0.0083004686050117 0.00725393926841207 0.00673310908023268 0.174037473928183 0.0146712423185818 0.0240412621758878 0.00969390079844743 0.00755003282101825 0.00603308969293721 0.00640583883505315 0.00336084790760651 0.00659695682115853 0.0061557651439216 0.00515284431166947 0.00535186738707125 0.00510242495802231
0.0238750790711492 0.0235853813588619 0.0174492265214212 0.0296378906816244 0.039038314926438 0.0205598038388416 0.028943372075446 0.00600122343166731 0.014936513453722 0.00983266168041155 0.012448304228019 0.0126650116872042 0.0127383163780905 0.00695847626193427 0.0102001278311946 0.0128420776454732 0.011908692214638 0.00721791175892577 0.00853618601104245 0.00802655520383269 0.0134698270587251 0.0114516946137883 0.00962776949163526 0.0125865076552145 0.00413978600408882 0.00703045092523098 0.00796409542090259 0.00445246982271783 0.0079007331514731 0.00772320767864585 0.00710276287281886 0.00657399750198238 0.00645150943892077 0.00353090082353447 0.0110999484313652 0.00909366442356259 0.00888671602588147 0.00496547847287729 0.0055207647383213 0.00585191260324791 0.0058676696557086 0.00382072588836309 0.0146694282535464 0.019255729438737 0.00630526418681257 0.00506665916182101
0.0188188062631525 0.0371066913474351 0.0156350311357528 0.0159941473044455 0.0444757473189384 0.0231693706708029 0.0192155874567106 0.016563311603386 0.0145676165819168 0.00714827633928508 0.00580308445496485 0.00574151669861749 0.0109391851699911 0.0117465870571323 0.00555797825218178 0.0112428831169382 0.0106229942641221 0.00538914075586945 0.00691024416591972 0.0109037874382921 0.0104195426683873 0.0101363136083819 0.00623280621366575 0.00631548099336214 0.00883093074662611 0.00853775715222582 0.00566358640207909 0.00841996693052352 0.00384974260814488 0.00309571260586381 0.0070445247925818 0.00488701975555159 0.0146070557180792 0.00579068748047575 0.0135860725305974 0.00530131867853925 0.00509700243128464 0.00510910876328126 0.0055400853510946 0.00564568397821859 0.0056095560779795 0.0046921233762987 0.00773669250775129 0.00618857385125011 0.00406514143105596 0.0046271617844468
0.0479018011130393 0.0483824144117534 0.106233984231949 0.0683387228753418 0.0150735429255292 0.0233289242489263 0.0193573611555621 0.0167834801366553 0.0152423757244833 0.0129128581495024 0.0115319368895143 0.00813170177862048 0.0105787898413837 0.00980992134427652 0.0101840673596598 0.00978628860320896 0.00939582439605147 0.00878348971018568 0.0116434754687361 0.0100383061449975 0.00933659034781158 0.00923423378262669 0.00579343187855557 0.0084266465739347 0.00425330232828855 0.00631569814868271 0.00893750292016193 0.00964281044434756 0.00611818467150442 0.00286941204103641 0.00929846812505275 0.065315386292059 0.0140063786297105 0.00339361996448133 0.0152585230069235 0.02813090889249 0.00498025037813932 0.0100376558548305 0.00420052565750666 0.0050725856795907 0.00499430582858622 0.00490125113283284 0.00371541859058198 0.00465979500440881 0.0043583459162619 0.00430593742639758
0.180355116911232 0.196443449705839 0.241841290146112 0.115416730195284 0.0243866175645962 0.0216907374793664 0.0199130533845164 0.0163828468997963 0.0151197760482319 0.0125817789579742 0.0108069933834486 0.00969270409550518 0.00911173347849399 0.00957810005638748 0.00977096218848601 0.0076984387007542 0.00883644234854728 0.0322558400221169 0.00697871242882684 0.00878380076028407 0.00876807071035728 0.00573088296223432 0.00703994069481269 0.00565431783907115 0.00478667722200043 0.00411386958439834 0.008146263967501 0.00778391464264132 0.00696521938079968 0.00759683551732451 0.0123591636482161 0.132925909932237 0.0139431650284678 0.00338624054566026 0.0356896723620594 0.0234961436130106 0.00937422403367236 0.00983492124360055 0.00359953088045586 0.00533271277090535 0.00749985108850524 0.00328198526112828 0.00463904459611513 0.00460180282825604 0.00437946905731224 0.00420360706921201
0.0189761923276819 0.0189220692962408 0.103611816465855 0.174239532276988 0.0123670595348813 0.0205816383240744 0.0174515773891471 0.0162503550760448 0.0143479056772776 0.0124849055078812 0.00692850474151783 0.00555113132577389 0.00999393982347101 0.00556920780218206 0.00969784848857671 0.00913797472603619 0.0193935996852815 0.0181799244135618 0.00812538478057831 0.00764008712139912 0.00748057682067156 0.00573252751491964 0.00538864131085575 0.00728811973240226 0.00594326332793571 0.00554208056419156 0.00774690952966921 0.00609032834763639 0.00405716596287675 0.00931917509296909 0.0042083092906978 0.0131523720221594 0.0122748995665461 0.0217905509984121 0.00453046365873888 0.00577004324295558 0.00504790831473656 0.00481802342110313 0.00480226250365376 0.0173832640051842 0.0158011785009876 0.00459754016483203 0.0045114416803699 0.00454411054961383 0.00441764901624993 0.00442759400466457
0.0354556232923642 0.0513751223217696 0.0482791680842638 0.0304681687615812 0.0323011019267142 0.109991957433522 0.21353424936533 0.0115352956578135 0.00538268781383522 0.0127116787596606 0.0387500231154263 0.0103516720817424 0.0109188442234881 0.00912733183940873 0.0250032014446333 0.00903701223433018 0.0053392966685351 0.00702694653882645 0.0069186826236546 0.00650444225757383 0.00693937569158152 0.0339155038527679 0.00340372555074282 0.00620144780259579 0.00652612752164714 0.00673190832603723 0.0067347182543017 0.00704151293612085 0.00682477845111862 0.00372707342612557 0.0041372464154847 0.0230156405363232 0.0124623726122081 0.00725973845692351 0.00673218606389128 0.00579567944514565 0.00503166478592902 0.00462432475760579 0.00446015523048118 0.00545099578448571 0.00843705594306812 0.00457142147351988 0.00425975930411369 0.00417638368089683 0.00432200620998628 0.00446350843412802
0.0153377298731357 0.0147766248090193 0.0176228192169219 0.028683109767735 0.0640924883307889 0.10413367189467 0.705103874206543 0.284249372035265 0.318964825570583 0.174529035389423 0.322539636492729 0.0422117749229074 0.0110043638385832 0.0114899295731448 0.0107833292684518 0.00901354874367826 0.00384253934607841 0.00365621369855944 0.00613416804117151 0.00564527736860327 0.00925731126917526 0.00602479149820283 0.00570315177319571 0.00572185646742582 0.00566696418682113 0.006238262768602 0.00304752752417699 0.00755398795008659 0.00442629038006999 0.00634902864112519 0.00650043248897418 0.00602187936310656 0.00416260547935963 0.00405451111146249 0.00693093286827207 0.00388684368517715 0.00309190297557507 0.00442307707271539 0.00428577520069666 0.0159321900922805 0.00315129965310916 0.00451413496630266 0.00381066804402508 0.0042618824285455 0.00431072755600326 0.00425062542199157
0.0293895499780774 0.0345318459672853 0.0180308903800324 0.0508578902110457 0.034956710645929 0.0190836273599416 0.0731956917792559 0.0360966645181179 0.101172795891762 0.615496653318405 0.81796755194664 0.288712501525879 0.112119901180267 0.0297009770525619 0.0117892677197233 0.01024555003969 0.0058549388195388 0.0062107810867019 0.00549883609637618 0.00512520759366453 0.00377512482809834 0.00509293263894506 0.00287787989655044 0.00305591265787371 0.00307995809998829 0.00394604295725003 0.00378300517913885 0.00625448322389275 0.0061104922380764 0.00605477303615771 0.00570357121760026 0.00572111154324375 0.00550840978394262 0.00547508682357147 0.00560747081763111 0.0635904304683208 0.00963170861359686 0.0112727204192197 0.0109116839244962 0.0297201891429722 0.00443606835906394 0.00444713647011667 0.00418621934368275 0.00380108242970891 0.00421518442453817 0.00413930499635171
0.0180435453890823 0.0301389830186963 0.0262407899135724 0.0260351368226111 0.0270135166589171 0.0249408544739708 0.016423946339637 0.0269816409796476 0.0247201381716877 0.0367638763971627 0.0491506911814213 0.30670118778944 0.0667525583878159 0.0388403566554189 0.171432758681476 0.0445382467005402 0.0632158199325204 0.00646506255725399 0.00574238517438062 0.00451474282308482 0.00480340015492402 0.00286241445865016 0.00331473926489707 0.00492139583802782 0.00578128055785783 0.00543871575500816 0.00571618599933572 0.00598603166872635 0.00587098707328551 0.0057481984666083 0.00691979443654418 0.00542463862220757 0.0113680197508074 0.004876283404883 0.00468184184865095 0.0061010857054498 0.00252654635405634 0.0028612730326131 0.0395188965834677 0.00704865389270708 0.00366772597189993 0.00386208795534913 0.0192750392714515 0.0535343174822629 0.0761615795083344 0.0274090292397887
0.0156106754671782 0.0246055686613545 0.0166657318361104 0.0568149415310472 0.0422435266431421 0.0271437488496304 0.02260632221587 0.0199064146261662 0.00988698934670538 0.0528129136189818 0.0117304538958706 0.00519768170197494 0.00186688466637861 0.0044385987566784 0.00665598447667435 0.0121172334300354 0.0253461807966232 0.0280335205607116 0.0251937623135746 0.0063151734881103 0.00268367577227764 0.00395725129346829 0.00440516456728801 0.00468081767321564 0.00507260011509061 0.00543994188774377 0.00575221584876999 0.00559673692914657 0.0057547744247131 0.00305274907150306 0.0150506122969091 0.00501906491699629 0.00549085072125308 0.00555575339240022 0.00488158418447711 0.00467193304211833 0.0043289007327985 0.00255910100822803 0.00283511616871692 0.0344539372599684 0.0193981094984338 0.0138524996815249 0.00673886860022321 0.00477115510147996 0.078578871791251 0.0086330232617911
0.0261445595882833 0.0252881574677303 0.027758155320771 0.0299450282007456 0.0200124129303731 0.0271202862262726 0.0178980283788405 0.0308089841622859 0.0170621726196259 0.0606433842331171 0.0116882166475989 0.0111182145308703 0.0107681817491539 0.00930064351996407 0.00472014942788519 0.00795957475202158 0.0084190295310691 0.00818317799712531 0.0420729828998446 0.0548471493646503 0.0111102386144921 0.00504844370298088 0.00435389119083993 0.00443003542604856 0.00475539730396122 0.00507547591114417 0.0279351024422795 0.0265113250352442 0.00591865020105615 0.0110125164675992 0.0053852652257774 0.00543261276907288 0.00524054875713773 0.0051433940185234 0.00976728053065017 0.00489573362283409 0.00481875790283084 0.00468102276208811 0.00445613067713566 0.0237127380794846 0.0042737235839013 0.00406060541863553 0.00353047046810389 0.00388177086424548 0.0031611541780876 0.00526201401371509
0.025067258765921 0.0221404134528711 0.0237991041503847 0.0236730595584959 0.0225845501059666 0.0239208857761696 0.0205955449491739 0.0597950264811516 0.0175851284642704 0.0151923238998279 0.0132672134204768 0.0119789355783723 0.00929138174979016 0.00826524393050931 0.00975008478853851 0.00882116138236597 0.0087929395318497 0.00344100349466316 0.00813053834717721 0.0115006342006382 0.0243613343685865 0.0282562232110649 0.0104624573141336 0.012956952676177 0.0325173143763095 0.00904115029843524 0.00574016551836394 0.0243821107549593 0.00335718836868182 0.0273384475847706 0.00507598629337735 0.00532572391093709 0.00528924789978191 0.00510596074163914 0.00534603494452313 0.00525155169889331 0.00510401268256828 0.00493222379591316 0.0045672076928895 0.006721862021368 0.0108863134053536 0.00563419957179576 0.00358524661860429 0.00353345698968042 0.00380883147008717 0.156110197724774
0.0193932429770939 0.0181094233645126 0.0170139882829972 0.017285668477416 0.018280096934177 0.0192028095247224 0.0185584248742089 0.0161967744585127 0.0168772708624601 0.0152586086187512 0.0132378448848613 0.0124752995325252 0.0121848665759899 0.0117273272713646 0.0105390049866401 0.00832528829341754 0.00875268520321697 0.00326347992522642 0.0184858472552151 0.00746019182843156 0.00574700897559524 0.0048502866178751 0.0149567370302975 0.00814361777011072 0.129695078125224 0.0106788153061643 0.00663367618108168 0.00702541381469928 0.00692475469550118 0.0134633273351938 0.00582890099030919 0.00569257424795069 0.0038343101303326 0.00685049542807974 0.00542334922938608 0.00523730035638437 0.00847021981608123 0.00526232655975036 0.00464558364474215 0.00431268228567205 0.0164087876793928 0.0159256372484379 0.0144916110788472 0.0217335013439879 0.00370734187308699 0.00730462200590409
0.016786874178797 0.0158537322888151 0.015462122426834 0.0151537872501649 0.0155834597186185 0.015738446591422 0.015392882283777 0.0151428559329361 0.014345005096402 0.0136355857132003 0.0131368832080625 0.0120847268495709 0.0117272087140009 0.0192765801213682 0.00895477012963966 0.0395895670168102 0.0191274978220463 0.0103673279285431 0.00792622387525626 0.00667671624105424 0.00618773233145475 0.00548724657273851 0.00490343456040136 0.00460030419635586 0.0253165512112901 0.0212817321997136 0.00643408311298117 0.00616071720723994 0.0067830556712579 0.00660677545238286 0.00625012505915947 0.00597700570360757 0.00608316457946785 0.00575623012264259 0.0058067747449968 0.00536105923820287 0.00445502952788956 0.0202588658547029 0.00483628345536999 0.00453202877542935 0.00409340538317338 0.003166235491517 0.0526669702725485 0.0193372122885194 0.00371246909198817 0.00731456209323369
0.0157918662764132 0.015184528066311 0.0153737024636939 0.0153707209974527 0.0144208679441363 0.0134565663873218 0.0133451973553747 0.0127521345741116 0.0130632283166051 0.0125043700798415 0.0118568932637572 0.0119553327327594 0.0111821856582537 0.0125013707322069 0.0720717637334019 0.0448006091173738 0.00927679833257571 0.00845286280964501 0.0070412719855085 0.00642339335172437 0.00612107131164521 0.00544278980232775 0.00507368924445473 0.00501871524611488 0.0624795634299517 0.0137580118724145 0.00646280764485709 0.00719644660130143 0.00705366654437967 0.00675778770819306 0.00629294697428122 0.00641117531922646 0.00661648233653978 0.00342715201841202 0.0054075590625871 0.00531813682173379 0.00530567409587093 0.0158014349406585 0.0090260861441493 0.00857857667724602 0.276285338168964 0.502986598573625 0.0613240284845233 0.0102271820884198 0.0131895265774801 0.0149971013946924
