Maxent_result_files_1/Bombus_sylvarum_2.asc
NCOLS 594 
NROWS 330 
XLLCORNER -15 
YLLCORNER 23 
CELLSIZE 0.166666666666667 
NODATA_value -9999 
[rows 210 to 230 of 330, columns 322 to 367 of 594]
-9999 -9999 -9999 -9999 -9999 -9999 -9999 -9999 -9999 -9999 -9999 -9999 -9999 -9999 0.568870931863785 0.139611168950796 0.19017304033041 0.327462914586067 0.381790378689766 0.0595416661351919 0.42048787176609 0.464708417654037 0.0632692262530327 0.142751265317202 0.124064575135708 0.256677204370499 0.161177948862314 0.217659942805767 0.0480112770572305 0.254700747132301 0.550002491474152 0.667842990159988 0.516979971528053 0.473100361227989 0.257894714176655 0.186006523668766 0.249317410588264 0.142016139626503 0.164688555896282 0.337704047560692 0.127304349839687 0.0293108478188515 0.0443618036806583 0.0624777056276798 0.0631823640316725 0.0741827189922333
-9999 -9999 -9999 -9999 -9999 -9999 -9999 -9999 -9999 -9999 -9999 -9999 -9999 -9999 -9999 -9999 0.629650014638901 0.140157073736191 0.185721416771412 0.2016964584589 0.290529918670654 0.296162942051888 0.323892828822136 0.320295605063438 0.258889620006084 0.206585130095482 0.267791455984116 0.216048140823841 0.283008337020874 0.52685663998127 0.103709874302149 0.32889482229948 0.318370884656906 0.255630227923393 0.157117854058743 0.490815705060959 0.216457562148571 0.428943678736687 0.301756185293198 0.650240695476532 0.412054911255836 0.207722660899162 0.147862565517426 0.170008726418018 0.482294660806656 0.311568415164947
-9999 -9999 -9999 -9999 -9999 -9999 -9999 -9999 -9999 -9999 -9999 -9999 -9999 -9999 -9999 -9999 -9999 0.177538277208805 0.185353946685791 0.230414511263371 0.212739826738834 0.170569683611393 0.200726783275604 0.22984684407711 0.168666173517704 0.146104064583778 0.322649037837982 0.176612547039986 0.320444294810295 0.418738415837288 0.358829383552074 0.315711209177971 0.252441132068634 0.460961258411407 0.142383693158627 0.560316327214241 0.202498643100262 0.555703914165497 0.311646048724651 0.200394199043512 0.263154947757721 0.143267126381397 0.668881189823151 0.469595095515251 0.164842276275158 0.470517560839653
-9999 -9999 -9999 -9999 -9999 -9999 -9999 -9999 -9999 -9999 -9999 -9999 -9999 -9999 -9999 -9999 -9999 0.32956337928772 0.161084025353193 0.193162935972214 0.178222630918026 0.198310612142086 0.168537646532059 0.183601813018322 0.111420772224665 0.203381368517876 0.395762267708778 0.283068999648094 0.235568343102932 0.301704448461533 0.349969750642776 0.501078671216965 0.502270379662514 0.326580461859703 0.553842085599899 0.762882041931152 0.757957726716995 0.395941758155823 0.584919130802155 0.158232916891575 0.331379136443138 0.278376096487045 0.319045685231686 0.548365539312363 0.29334329366684 0.351011535525322
-9999 -9999 -9999 -9999 -9999 -9999 -9999 -9999 -9999 -9999 -9999 -9999 -9999 -9999 -9999 -9999 -9999 -9999 0.0730783939361572 0.187801720201969 0.190535250306129 0.199882373213768 0.202441892027855 0.230294904112816 0.372515475749969 0.253322196006775 0.168890495598316 0.342038354277611 0.405706417560577 0.186311613023281 0.225964181125164 0.474813544750214 0.467780655622482 0.351374599337578 0.437166932225227 0.505371922254562 0.402023476362228 0.288054624199867 0.258155383169651 0.186018092185259 0.306984163820744 0.301345816254616 0.397175568342209 0.375789541006088 0.160471725463867 0.235398769378662
-9999 -9999 -9999 -9999 -9999 -9999 -9999 -9999 -9999 -9999 -9999 -9999 -9999 -9999 -9999 -9999 -9999 -9999 0.184265360236168 0.145938681066036 0.21406367868185 0.251762503385544 0.24679116755724 0.357406902313232 0.461548528075218 0.294169729948044 0.232503974437714 0.216294613480568 0.209587472677231 0.323708099126816 0.369752559065819 0.438148137927055 0.487024489045143 0.336539116501808 0.315811976790428 0.235995204746723 0.207975724339485 0.234834894537926 0.108551809936762 0.107541116327047 0.12681622132659 0.151497182250023 0.223820168524981 0.272882632911205 0.323853245377541 0.205158691108227
-9999 -9999 -9999 -9999 -9999 -9999 -9999 -9999 -9999 -9999 -9999 -9999 -9999 -9999 -9999 -9999 -9999 -9999 -9999 0.158837556093931 0.246930313110352 0.379993677139282 0.356665867567062 0.584894153475761 0.655366343259811 0.484913006424904 0.563003832101822 0.368668982386589 0.489585757255554 0.70191957950592 0.500346568226814 0.480401039123535 0.390864518284798 0.415564602613449 0.446963205933571 0.513455072045326 0.14746940433979 0.14019883275032 0.147213925421238 0.117386824637651 0.169650416076183 0.15192257463932 0.145428948104382 0.0733296684920788 0.109151060879231 0.179337987303734
-9999 -9999 -9999 -9999 -9999 -9999 -9999 -9999 -9999 -9999 -9999 -9999 -9999 -9999 -9999 -9999 -9999 -9999 0.325121119618416 0.124795899540186 0.386853915452957 0.606949365139008 0.629104149341583 0.707703584432602 0.83600315451622 0.776722770929337 0.678726744651794 0.746547853946686 0.651134955883026 0.764437675476074 0.835529893636703 0.85996128320694 0.831887567043304 0.480659881234169 0.385590150952339 0.162228493392468 0.52325621843338 0.362991777062416 0.126418758183718 0.135950338840485 0.173087672144175 0.0585693757981062 0.0665169097483158 0.135772439837456 0.119213320314884 0.111358983069658
-9999 -9999 -9999 -9999 -9999 -9999 -9999 -9999 -9999 -9999 -9999 -9999 -9999 -9999 -9999 -9999 -9999 0.410901409387589 0.210316650569439 0.255547188222408 0.423148134350777 0.580719286203384 0.634921669960022 0.617477649450302 0.779468905925751 0.817122304439545 0.229122124612331 0.693705087900162 0.653861677646637 0.469363188743591 0.547738239169121 0.77234719991684 0.610799145698547 0.231070090830326 0.193284386396408 0.178439153730869 0.15487843900919 0.218129393458366 0.246935878694057 0.17295451015234 0.174140009284019 0.135784319043159 0.138691426068544 0.13499598428607 0.107085967808962 0.148300773650408
-9999 -9999 -9999 -9999 -9999 -9999 -9999 -9999 -9999 -9999 -9999 -9999 -9999 -9999 -9999 -9999 -9999 0.227719265222549 0.345177081227303 0.639404219388962 0.496662318706512 0.732781094312668 0.735800343751907 0.510955822467804 0.648991698026657 0.529997077584267 0.525916421413422 0.617141437530518 0.251294986903667 0.523849430680275 0.487078592181206 0.481796646118164 0.339559838175774 0.221349148452282 0.136204033344984 0.182051567733288 0.164451695978642 0.10368690341711 0.17342836856842 0.139625953137875 0.0933702893555164 0.117685405164957 0.125739379227161 0.147575517743826 0.0944169633090496 0.129035492241383
-9999 -9999 -9999 -9999 -9999 -9999 -9999 -9999 -9999 -9999 -9999 -9999 -9999 -9999 -9999 0.258121865987778 0.639703297615051 0.640994983911514 0.638212516903877 0.675333613157272 0.593353009223938 0.615126943588257 0.733660352230072 0.424493557214737 0.261341440677643 0.243862369656563 0.521324172616005 0.333490437269211 0.415422013401985 0.376792624592781 0.341267943382263 0.218823879957199 0.614652860164642 0.357047763466835 0.124505423754454 0.098361374437809 0.0964366525411606 0.133662716299295 0.119414872676134 0.0814561016857624 0.0611089531332254 0.0544576048851013 0.054079232364893 0.0441146291792393 0.0537436116486788 0.0397846028208733
-9999 -9999 -9999 -9999 0.492452105879784 -9999 -9999 -9999 -9999 -9999 -9999 -9999 0.45512567460537 0.262505149841309 0.508639433979988 0.760958951711655 0.391875657439232 0.512547466158867 0.708157420158386 0.518914389610291 0.815081697702408 0.617902940511703 0.384025982022285 0.227277241647243 0.226962387561798 0.170540341734886 0.293235796689987 0.312913203239441 0.258882592618465 0.275569406151772 0.183013460040092 0.257497403025627 0.507131686806679 0.446259951591492 0.45251772403717 0.388440901041031 0.178521822392941 0.10532161295414 0.149818842113018 0.0725855231285095 0.0844215638935566 0.0748101435601711 0.0470177795737982 0.0119640443474054 0.019675543345511 0.0235056109726429
0.509457808732986 0.448149147629738 0.591314911842346 0.66454216837883 0.831660890579224 0.723085922002792 0.858325511217117 0.571737378835678 0.744363880157471 0.643914747238159 0.482925942540169 0.542220965027809 0.447679707407951 0.765098190307617 0.596953791379929 0.284514769911766 0.908445572853088 0.415140670537949 0.451127669215202 0.456077316403389 0.309130603075027 0.48398876786232 0.30440725684166 0.240065221488476 0.195946615934372 0.163039776682854 0.269189010560513 0.224437910318375 0.240587162971497 0.186933539807796 0.179471433162689 0.228160808980465 0.470981287956238 0.588553351163864 0.429072350263596 0.20466271340847 0.184848919510841 0.312855336070061 0.241020080447197 0.12591108828783 0.244747512042522 0.0962989456951618 0.128700201958418 0.0777866795659065 0.144691284000874 0.0521811168640852
0.576459410786629 0.67635104060173 0.637703657150269 0.865452164411545 0.882439601421356 0.619322276115417 0.697741949558258 0.705646753311157 0.794997721910477 0.765092778205872 0.802112156152725 0.760864967107773 0.562172156572342 0.413774761557579 0.247813180088997 0.480745062232018 0.167633253335953 0.129300283640623 0.0968117244541645 0.0893704824149609 0.106716918945313 0.42394911646843 0.600946101546288 0.493934068083763 0.214284232258797 0.250981704890728 0.177525767683983 0.0748939394950867 0.0645766720175743 0.0497542683035135 0.0742319896817207 0.165166434645653 0.250570584833622 0.44515018761158 0.519175785779953 0.45827964246273 0.460168665647507 0.280648548901081 0.220268876850605 0.283613327145576 0.122209247201681 0.156320364028215 0.404164469242096 0.311339411139488 0.06046620644629 0.0442935109138489
0.630133444070816 0.495239195227623 0.93898714184761 0.330192437767982 0.566728854179382 0.41251622736454 0.40987460911274 0.782948458194733 0.753162962198257 0.774197870492935 0.596629512310028 0.579007309675217 0.369350409507751 0.603977930545807 0.536208572983742 0.427382791042328 0.539031156897545 0.34071604013443 0.577801018953323 0.734548622369766 0.23933537453413 0.321092700958252 0.452823951840401 0.276234669983387 0.197442196309566 0.159692578017712 0.137326748669147 0.119581336528063 0.144132773578167 0.046512159332633 0.046950102597475 0.181350460648537 0.222959062457085 0.189578863978386 0.281631448864937 0.250484545528889 0.360917493700981 0.534511268138885 0.455996099114418 0.699208909273148 0.628509771823883 0.341802656650543 0.490940076112747 0.236509802937508 0.262557850778103 0.123631096631289
0.28474515080452 0.625016272068024 0.260527090728283 0.578540033102036 0.685328167676926 0.303324526548386 0.477757576107979 0.332249391078949 0.493809813261032 0.38321695625782 0.241917614638805 0.17686762958765 0.23505824804306 0.607483971118927 0.37455378472805 0.461407548189163 0.538244676589966 0.694173538684845 0.505229640007019 0.482416296005249 0.462457904219627 0.224759872257709 0.274787536263466 0.334121197462082 0.152804538607597 0.111263060569763 0.144482474029064 0.184716801345348 0.183911503851414 0.0318212889134884 0.0399471797049046 0.161707308888435 0.183837223052979 0.346568951010704 0.205997370183468 0.137213671207428 0.26012751609087 0.309139600396156 0.730982708930969 0.641049557924271 0.826447278261185 0.614150255918503 0.456952142715454 0.350959917902946 0.504627624154091 0.203684581816196
0.272560359537601 0.317708274722099 0.245100620388985 0.528288927674293 0.42544978260994 0.385459405183792 0.18424423635006 0.155291174352169 0.106129270046949 0.168875168263912 0.205084607005119 0.328542312979698 0.225089801847935 0.27593802511692 0.306255829334259 0.286781008541584 0.418537449836731 0.405801391601562 0.315857672691345 0.425640004873276 0.169666972756386 0.182336920499802 0.210223390161991 0.280062235891819 0.11926908865571 0.271935573220253 0.162990991771221 0.259537199139595 0.13149786517024 0.0601426109671593 0.0415326718240976 0.0332789115607739 0.0392573576420546 0.0668020039796829 0.17934310734272 0.364496147632599 0.149099031090736 0.143615706264973 0.482963785529137 0.745036727190018 0.686638939380646 0.752306109666824 0.577307236194611 0.364946600794792 0.694053864479065 0.543966341018677
0.269992856681347 0.216870714724064 0.160478952527046 0.115145965665579 0.126321795582771 0.112132896482944 0.143398874998093 0.151593801379204 0.187706279754639 0.194428262114525 0.148237454891205 0.161597768962383 0.157814119756222 0.163929481804371 0.205155922472477 0.190535564720631 0.238292706012726 0.170871551334858 0.162292075157166 0.157002024352551 0.0794655807316303 0.0799355499446392 0.103356999903917 0.1607536226511 0.17834567129612 0.241404861211777 0.38567918241024 0.194563727080822 0.0987763397395611 0.0666480034589767 0.0330548344179988 0.0266387734562159 0.0340194256976247 0.0330844702199101 0.231813028454781 0.105940125882626 0.0807374268770218 0.175125695765018 0.219584242999554 0.650700443983078 0.677757674455643 0.350488263368607 0.290429583191872 0.428585270047188 0.711158281564713 0.544481617212295
0.192088589072227 0.340362450480461 0.202504716813564 0.189265725016594 0.184125860035419 0.265747363865376 0.244347600638866 0.145318605750799 0.135838253796101 0.0922378800809383 0.115276906639338 0.0999533094465733 0.175099983811378 0.168255807459354 0.184756962954998 0.51457799077034 0.189294590055943 0.247882035374641 0.166515442728996 0.0845115795731544 0.142577903717756 0.244343192875385 0.217705304920673 0.149206499755383 0.14504652172327 0.145874387025833 0.213732561469078 0.176367652416229 0.143238444626331 0.192754866182804 0.0593490589410067 0.0184423176571727 0.0223258458077908 0.0150370883755386 0.0120928179472685 0.0346281949430704 0.0513452295213938 0.07733955681324 0.317307636141777 0.40196413397789 0.266713385283947 0.155362367630005 0.155049306154251 0.196189950406551 0.37114452123642 0.624585819244385
0.114719866961241 0.0720900893211365 0.0955185867846012 0.168408198654652 0.103976475447416 0.217782993614674 0.326843059062958 0.133366329222918 0.131158408522606 0.084300222992897 0.0564366221427917 0.0860048182308674 0.0995026588439941 0.105669888854027 0.153785529732704 0.150514172017574 0.112498772144318 0.106606392562389 0.194244800508022 0.194289474189281 0.123050045222044 0.160501691699028 0.162359058856964 0.242213280498981 0.183397729694843 0.150607766956091 0.238410346210003 0.158146789669991 0.145173810422421 0.257238943874836 0.230490076541901 0.190107618272305 0.0509737234562635 0.271700243651867 0.0472370855510235 0.00733676101081073 0.013286963570863 0.0414751034229994 0.0374930121004581 0.0445099800825119 0.140788291394711 0.226636548340321 0.275620378553867 0.125429774820805 0.147182221710682 0.786064440011978
0.0498089704662561 0.0363067014142871 0.0618336703628302 0.0869627460837364 0.178128187358379 0.209157395362854 0.141209398210049 0.0781564727425575 0.0530994523316622 0.0629840884357691 0.0862809106707573 0.0897907637059689 0.0872566409409046 0.0827867239713669 0.0930544778704643 0.0982902847230434 0.10364253371954 0.103318778425455 0.102631942927837 0.110991374403238 0.120528639107943 0.117214439064264 0.106512748450041 0.093985553085804 0.0932113982737064 0.109649424999952 0.100900387018919 0.177669806778431 0.171947431564331 0.192441765964031 0.128727100789547 0.0553669687360525 0.0615428451448679 0.0896329782903194 0.0287945596501231 0.0124921042472124 0.00934748812578618 0.0271861530840397 0.0326995391398668 0.117723729461432 0.221559071540833 0.328138956427574 0.339825427532196 0.446232107281685 0.596852117776871 0.694259780645371
