Maxent_result_files_1/Bombus_hyperboreus_2.asc
NCOLS 594 
NROWS 330 
XLLCORNER -15 
YLLCORNER 23 
CELLSIZE 0.166666666666667 
NODATA_value -9999 
[rows 260 to 279 of 330, columns 352 to 395 of 594]
1.05277297990369e-10 3.25481641638703e-11 5.42256239910444e-11 5.29151833461583e-11 1.13360087983239e-10 2.21994733706765e-10 7.7725081926161e-11 1.64537961033773e-10 2.31814090145832e-10 1.98471477030893e-09 4.92787777250925e-09 3.29760804662627e-08 2.01968510860073e-07 1.34945558309951e-06 7.79105847797723e-05 2.98237822852876e-05 6.87886030590334e-05 9.06944227225814e-06 1.5585423276443e-05 7.06100208547333e-06 0.000108471105608032 0.000130010217580434 3.53754666246431e-05 5.54929140548666e-05 0.000193140320197926 2.01757326728114e-05 1.22350274287086e-05 2.05871591907325e-05 9.26954712497263e-05 1.36560928730489e-05 1.1711001275283e-06 7.26741760281868e-06 3.16344423829662e-06 2.95959800340029e-05 3.65846493198818e-06 1.48535525694715e-06 0.000107126693194459 4.7703930896148e-05 6.2489211063621e-05 7.34562967552588e-07 2.99158225769425e-07 7.8313834750432e-08 5.81654333586812e-09 3.49783987330099e-09
8.51178683092257e-11 1.90073734529506e-11 3.73938657816097e-12 6.97937263538506e-12 2.1554873441687e-10 1.54879997715796e-10 2.57316168372768e-11 2.76181366665185e-10 3.41817951721168e-10 9.03620034353736e-10 1.14794089789427e-09 1.66981070304217e-08 5.16291146057668e-08 3.22423772103342e-07 2.00995064628007e-05 2.3530107238301e-05 2.27065062670784e-05 1.01471654713858e-05 7.39781069523104e-06 6.91364042889608e-06 2.42825730098595e-05 0.000238610249215299 1.53596391452737e-05 7.82786395654433e-06 6.16632337198553e-05 3.35966242118957e-05 2.01828261817028e-05 5.39745590657503e-05 1.25296189667612e-05 1.48567347430628e-05 2.21773066034769e-06 9.61426919077191e-07 4.44632095138786e-05 3.51542285741857e-05 1.1987237454214e-05 6.00338992011729e-06 1.08725554793132e-05 9.34652574149375e-06 4.5800180802047e-05 5.32957018975821e-05 2.47542747193741e-06 9.09955239492e-08 5.30526768927064e-07 1.24031283410542e-07
1.03231756476418e-11 9.67491753378624e-11 1.11088160892336e-10 8.19059042811432e-11 4.29480651042979e-10 7.48654138682525e-11 5.7606841519231e-11 3.37858008236935e-10 2.09693308272918e-09 3.58521945464929e-10 4.73684158563969e-10 2.70899520593559e-09 1.86623375009187e-07 1.06278331205578e-06 8.18899287206021e-06 1.17719722656062e-05 3.85015877737427e-05 2.4643515116729e-05 1.01704163564698e-05 2.96708616498442e-05 3.10321139444181e-05 1.84680997938891e-06 9.09984978149092e-06 4.7875574172096e-05 0.000130782151423148 5.79759636082144e-05 2.74319697005865e-05 3.99210473984724e-06 0.000131635993182044 9.93005333018715e-06 5.93279535507918e-05 6.76564247669376e-05 9.07575941511141e-07 2.43033741462284e-05 4.82231940850397e-05 3.45697101966636e-06 9.47287599106783e-07 5.96776781847108e-07 8.68104376978707e-06 7.73737451704726e-06 2.23597585482516e-06 5.53372521838735e-07 5.99362505539602e-05 2.42256763783644e-05
2.70407918279147e-11 9.64107904621869e-11 3.84917209217406e-10 1.55935453438616e-10 6.40003272600609e-11 5.73467384690218e-11 3.53203433167693e-10 1.41534975961477e-09 6.41612829532789e-10 2.04009109605607e-10 2.25956220401002e-10 4.77651274088942e-10 2.15151610072351e-07 9.66592036033553e-07 1.18647830434138e-05 1.39837699079215e-05 3.45614324663401e-05 6.53824499606825e-06 5.10446089424521e-06 3.5314089863725e-05 6.88834766431334e-06 9.60243575987008e-06 3.19850720545745e-05 2.40764243106817e-05 6.36633779869555e-05 1.30881334136745e-05 1.67094704977444e-05 0.000175420995856257 3.9965389663621e-05 6.0830708983417e-05 4.5734846474943e-05 8.87696483387046e-06 9.66299508686763e-07 6.95292150680871e-05 1.80923695857871e-05 6.04367377690096e-06 4.09414430388999e-06 1.07602440334587e-06 1.16973857981151e-05 3.05224224230738e-06 4.21504458493871e-05 1.2857938730737e-06 4.54970787422404e-06 2.90455836278625e-05
3.23680193758946e-11 2.99789193469735e-11 1.05994268917442e-10 2.10768570374498e-09 3.05886227458529e-10 1.97874328033976e-10 6.02036787089588e-10 6.01457450510878e-10 2.64182586917627e-10 3.49091200391172e-11 3.31771055073204e-11 1.6565863125706e-10 6.79310812046197e-09 2.17729700913161e-07 3.80832163942024e-06 3.33781132003663e-06 6.19312031314712e-06 1.38619682154228e-05 3.55008127876921e-06 2.59908508746687e-05 4.88423174805908e-06 7.77627451130636e-06 2.33008282693348e-05 2.64050281983064e-05 5.3459335823014e-05 2.84458377896257e-05 5.86364626752101e-05 4.5144514344031e-05 7.85820979530172e-05 0.000160941737658504 1.3447162053204e-05 0.00014167621498018 9.29876393591655e-06 2.32474107740188e-05 2.39168356060304e-05 5.27539469999283e-05 2.55596775722289e-06 6.09031643383773e-06 1.97475175298223e-05 6.22298502017671e-06 4.03930240501227e-06 5.52390971397809e-07 1.0469125571011e-06 2.6012244280782e-06
5.55567813975699e-12 9.69246904958254e-12 3.12677106428794e-11 6.03490724060407e-10 2.71154276809682e-10 2.7112803113738e-10 3.25757743002697e-10 4.51039527948893e-10 7.94410659477052e-10 1.77015513358469e-11 3.47285977753131e-11 6.24089668832539e-11 1.76198977630548e-10 2.3977312713086e-08 7.4221751013015e-07 1.52342396010363e-06 6.48686413828869e-06 1.22107824889195e-06 5.64294489882045e-06 3.00093312555205e-06 4.71811079949536e-07 1.81891939727841e-06 4.38815129485404e-06 4.06680183614005e-05 5.45400355821402e-06 5.92196562541503e-05 9.45646575267745e-05 2.44368171435028e-05 0.000110489877974373 0.000126797939310563 1.77958328553274e-05 1.20928541610166e-05 7.34146842120253e-05 1.70198669668054e-05 5.40984284380652e-07 3.22691098033623e-06 5.03423327566921e-06 3.16922626127925e-06 8.82841493314856e-06 5.84793429490027e-06 2.17607860212965e-05 7.30430302557927e-06 1.85240109054519e-05 1.44068179375179e-06
1.19992682456882e-11 1.04024122649093e-11 3.74054232032961e-11 1.15759749563793e-09 2.68530486735585e-10 1.15708809200754e-10 1.38220135337264e-10 8.53814130508113e-11 3.75128816898496e-11 1.47311163267716e-11 1.556826889626e-11 2.0137358447414e-11 1.17596266058229e-11 5.54356827109359e-10 4.64888004758635e-09 1.69360537183305e-07 2.51545056493274e-06 1.39509814885974e-06 1.36094724152436e-06 1.14855835567917e-06 1.87797361522746e-06 5.00084834784698e-06 4.89162301124946e-06 2.67365681899667e-06 4.81659551834213e-06 5.78572813892952e-06 2.90207530686315e-05 3.82548939621863e-05 1.82224623103022e-05 4.22310833101847e-05 7.74736817760413e-05 1.59436066738294e-05 1.43987869416939e-05 4.33778374749894e-06 2.82481693547609e-06 8.87930446511476e-06 3.29028175605206e-07 1.95665887838814e-06 2.05719966960061e-05 2.87479569963667e-06 3.66339486457257e-07 7.00409907705701e-07 1.56470463401615e-06 6.98372752907517e-06
5.22385579238005e-11 4.85507856140543e-11 9.17650955223337e-11 1.84621933296825e-09 3.85602338948132e-10 2.58291976695801e-10 2.81524137335509e-11 5.50738010751672e-11 1.23964616349781e-11 1.11170850303211e-11 1.38400513272074e-11 9.88078507901946e-12 3.85368736921521e-11 6.98120561359872e-11 7.72292940709463e-10 2.41145586832303e-09 2.28098922949727e-07 2.61071445304406e-06 6.42853948721323e-06 1.06370812882339e-06 8.86612463746328e-07 3.55661401485463e-07 1.00663470876672e-06 1.42297339523756e-06 1.4200830055322e-06 1.36633356809801e-06 8.25335519000214e-06 3.05153454528417e-06 2.24962874684209e-06 2.17174676309995e-05 6.54946501057907e-05 6.3158883403247e-05 3.01305580304501e-05 5.4777809504003e-05 1.22349957011991e-05 9.25095443822244e-06 3.78422640427978e-06 5.81951042066819e-06 2.31504199462718e-06 2.79186187732705e-05 1.47151263183432e-06 1.39320169154189e-05 7.9394180048098e-06 2.23097369399738e-05
2.92913915345139e-11 5.77616954267057e-11 1.12638542937304e-10 2.67973676582045e-10 2.50454290640079e-09 3.36099648112764e-10 3.14727688355276e-11 2.4164836798235e-11 9.45085121273337e-12 2.61904720133543e-11 7.43071160158593e-12 9.68081170782398e-12 8.80118200541347e-12 3.38435945934634e-11 2.04003591797175e-11 2.48443177142121e-10 9.6900292123614e-09 2.3989668778146e-07 4.58820759230427e-07 5.28609979506545e-06 2.72976627641031e-06 1.57450201365705e-07 5.58398932648529e-08 1.75333139074141e-07 1.82177157193042e-07 2.10616479967563e-07 1.80412109195394e-05 8.62722763038448e-05 9.35592988085432e-05 3.72282551689196e-05 1.81168224883232e-05 2.16912458571583e-05 0.000103824788448037 5.43545146683755e-05 2.674918478629e-06 7.00371793893595e-07 1.72887020738699e-05 1.31631259582266e-06 9.56487262460115e-07 8.65620471888207e-06 4.76543831471332e-06 8.36574651685851e-06 8.34764495891704e-06 1.23758397286622e-05
6.59201582209334e-12 1.416793349307e-11 8.36276603521924e-12 1.00120878254728e-10 3.78023878866429e-10 9.63250745833477e-10 1.75443071182002e-10 3.98899357989535e-11 3.19243409485637e-11 6.45571374136011e-12 5.75826053506034e-12 5.98501248560979e-12 8.05941979820091e-12 1.87603044210505e-11 1.48141388045531e-11 3.5011049615008e-11 7.53579643131275e-11 7.76834552240757e-10 8.70463495727947e-09 4.71717128469606e-08 1.56296821252067e-07 6.35159197948099e-07 5.23801359508802e-08 1.90180384029848e-07 1.31029461836185e-08 3.05807557721138e-08 1.74292821655264e-06 2.80900629069603e-05 6.75869540529561e-05 2.39242049574484e-06 6.46611141423836e-06 3.43124753837243e-05 5.47182301589899e-05 4.06902578504287e-05 2.02383294656272e-05 5.03899642025907e-06 6.94086571777497e-06 4.227377591004e-06 2.4741805473294e-06 1.62428569019379e-06 5.86799822244188e-06 9.06795854405118e-06 2.10186249418598e-06 8.25505416246486e-07
5.46155343172927e-12 4.83657558447703e-12 1.27104438085723e-11 1.08438502621766e-10 3.06332037514068e-10 7.58489715479982e-11 1.56135449014272e-10 1.06591901971598e-10 1.85368098648553e-10 2.01765937291043e-11 1.70159442092199e-11 5.08768582818675e-12 6.45031805746044e-12 8.20445933413794e-12 7.9976802958015e-12 4.71465311235875e-11 4.34481339794957e-11 6.0262117518306e-11 9.14064823831495e-10 1.63190707613836e-09 1.36111729664989e-09 5.91849750430917e-08 1.28547681754743e-07 1.34829595721531e-07 1.26671321842853e-07 5.70837846991523e-08 1.13333556628348e-07 3.8843573266778e-07 7.58377595144744e-07 5.09797507070031e-06 1.42186465654781e-06 1.53371978443007e-06 1.75969881304194e-06 1.26868261862256e-05 0.000121261286228957 7.30660134593108e-05 4.3506463809706e-05 4.63824797662937e-06 5.10795098094263e-06 4.61833777922749e-06 5.04985754673726e-05 3.38311139422842e-06 2.18081915875246e-05 7.66113099501808e-06
3.19947512927854e-11 2.53965848351356e-11 2.32304731007105e-11 9.02070751429562e-11 1.06429109969497e-10 5.78446734955662e-11 6.05283712040716e-11 6.21325213501223e-11 1.93052426267215e-09 1.37506173114588e-10 4.31031987879749e-11 2.31466290578908e-11 5.22750731590804e-12 7.58136886602756e-12 3.30373173262899e-11 9.21656084784672e-12 4.36890301713788e-11 1.75356618115075e-11 8.59412541132087e-12 1.23462018386533e-11 9.76456915324775e-11 4.58533211400436e-10 5.76112899608461e-09 2.06141137493177e-09 1.29224022593633e-09 9.04284676028766e-09 4.73974436365765e-09 1.54311532218898e-08 2.10747118423171e-08 1.49058607323838e-07 9.34337841540511e-07 2.12755541610821e-05 2.42783350282716e-05 2.07467059707866e-05 6.74222359457133e-05 5.03375021474461e-06 4.38731251534818e-05 3.91988582350677e-05 4.61795163131384e-06 3.97384268744361e-06 8.6743577455195e-06 5.33362208692267e-06 3.41635046456901e-06 9.14720087514809e-06
7.91066989691558e-11 2.62178612153718e-11 4.81852113765058e-11 1.70595626514114e-10 9.67146140951058e-11 1.41041422985211e-10 5.93503246548721e-11 5.20247733781787e-11 9.37213640028745e-11 2.14715067947679e-10 2.52337906125888e-10 1.36274402873227e-10 1.54383583694795e-10 9.18031650698481e-11 1.56729473843598e-10 6.4431571189516e-11 9.56636103666142e-11 7.99545540886015e-11 1.80982340225455e-11 8.15741918458457e-12 4.72033523379878e-11 2.86478063493689e-11 5.03605268598051e-11 7.37953698148885e-11 1.08355036054775e-10 2.69195432611724e-10 1.21967713706539e-09 3.54925755452484e-10 5.00224972554975e-09 4.1261260930181e-08 8.00849640936185e-08 3.2888629781791e-07 8.49694346050089e-07 1.21852293219926e-05 0.000284501536975767 0.000158142427653729 1.48713046359106e-05 3.08468696474051e-05 6.29669987866066e-06 2.57257464304494e-06 3.5272204397474e-06 2.04789359178337e-06 2.17349355697394e-05 8.48119170830941e-06
2.95246049830666e-12 3.19506643364775e-12 2.97115665404135e-12 2.17933338042542e-11 8.86987261417005e-11 4.6454864399692e-10 3.02961766784904e-10 2.21730678262588e-10 1.25010968243799e-10 1.97332639118031e-10 1.28337174221116e-10 8.28309643097214e-11 2.26715701767688e-10 5.08735076287792e-10 5.28489119133724e-10 6.77886302646868e-11 1.30455535263252e-10 2.05636252470498e-10 2.06909456235138e-10 8.82186546036223e-12 7.93231036411157e-12 7.22352178073038e-12 2.87850743241336e-11 3.53418405651951e-11 4.50318782263537e-11 4.5388603986396e-11 2.90077373232833e-10 5.02887886888459e-10 3.20388724439624e-09 8.8873680637036e-10 1.96803598861983e-08 4.75887104389727e-08 2.5811293247191e-08 8.15787610908281e-08 2.49164221712839e-06 7.46166353973177e-06 2.99770443715097e-05 0.000110307752073879 1.51498328790467e-05 1.19747088664912e-06 1.35394657490018e-06 5.28726611888075e-06 7.34745962233774e-05 1.3463700005989e-05
3.97956112507813e-12 3.43731709762096e-12 2.94740898354462e-12 2.90342194730897e-12 4.31786828514191e-11 8.17803713637488e-11 5.15188647298714e-10 5.81966586032934e-10 1.49054746323429e-10 1.00479424780531e-10 9.90681026102891e-10 7.91646925790701e-10 3.51158757627701e-10 9.67390068051799e-10 4.02237576579978e-10 2.23918372732612e-10 1.29225807832256e-10 5.09586373098614e-11 1.19812937349195e-10 9.87737669433386e-12 1.00841779371308e-11 8.76104744307327e-12 2.95952484741235e-11 3.082680777311e-11 3.38269634525545e-11 7.884990438356e-11 5.48305512104719e-11 2.50987186589668e-10 9.42204136933356e-10 2.46153031291385e-10 3.45628992093339e-10 1.60728536036103e-09 1.31078645715377e-09 4.01777117464697e-08 1.81567201718025e-08 3.94308822704303e-08 2.30913060461635e-07 1.50622013419976e-05 7.48518043565127e-05 5.42229070172873e-06 6.97035072789731e-05 9.42763993307949e-06 3.48308340612391e-05 1.25008943932414e-05
4.79637440875536e-12 3.17225135049171e-12 8.71637206856235e-12 5.14440712251485e-12 5.3269266775402e-11 9.24727294737693e-11 1.51929213654256e-10 2.72356970310028e-10 2.30931629374709e-10 1.64813451775103e-10 1.37491928953182e-10 6.27765595062613e-10 5.64298197058832e-10 3.6899439725957e-09 1.90537556843395e-09 1.1054684945222e-10 5.77018210989877e-11 4.96115037940115e-11 1.14467368916849e-10 5.80682057993442e-11 4.44218439810129e-11 3.16590198501387e-11 4.13289513723214e-11 6.37540020775873e-12 3.16706216807461e-11 1.21743803926933e-10 1.73919245671783e-10 3.45968120818441e-10 2.02497651979883e-10 2.71692612852092e-10 3.25400328904379e-10 2.51757104052785e-10 2.20919459392732e-09 5.69415772311288e-09 6.40966612008853e-09 9.58890729041428e-09 5.69095634284089e-08 3.47887994446294e-06 8.20157005598787e-05 0.000119953593105038 1.67814176428749e-05 7.38547844134629e-06 1.24137103933109e-05 1.49011615050654e-05
8.88679130284231e-12 6.16030559896785e-12 3.52731177599708e-12 5.71378500069386e-12 3.15421022634155e-11 9.09835429219186e-11 2.15279716275774e-10 2.06707273520124e-10 1.91417826034268e-10 3.58535201527843e-11 2.78703404799074e-10 1.95183935680632e-10 1.41187816993238e-10 1.98174808785367e-09 3.32731897589866e-10 9.86527270985249e-10 3.65049546147134e-11 8.33272340017288e-12 2.48366882615869e-11 2.08641603993698e-10 1.65505664728727e-10 1.34888911151876e-10 7.64691532317841e-11 8.51146930713753e-12 3.22434523525317e-11 2.23458695991496e-11 2.41006548051814e-11 1.50172407842319e-10 1.77029857439948e-10 5.78454972810505e-10 4.02657551745733e-10 3.26317295407108e-10 4.34073799127077e-10 2.05111869711061e-09 3.62656147334661e-09 4.1904410941207e-09 1.02450483541183e-08 2.93889825808691e-08 8.4803673685574e-07 9.1315156602434e-06 0.00041086336123044 2.36275770063799e-05 5.09181362517097e-05 2.56335900758131e-05
7.33548777276383e-12 4.69282390724857e-12 3.9099168347434e-12 3.75386388640209e-12 1.89041005071999e-11 6.26776630596737e-11 8.23262569227268e-11 7.86351317394463e-11 1.58242496883787e-10 7.02630953419714e-11 3.3948666100514e-11 7.75847053269274e-11 4.59097204696945e-11 3.72418407224018e-10 7.23741921948573e-10 1.31811184189701e-09 7.1591730321785e-10 8.29291746384797e-11 7.06734337718728e-11 1.47411649553675e-10 3.08944614335616e-10 3.49918383157899e-10 7.88820775365906e-10 9.45125755436038e-11 4.36130798142642e-11 3.03571878745856e-10 4.31832347658201e-11 2.95818036732953e-11 9.40877264987705e-11 9.66775792754504e-10 8.13746969807738e-10 2.68729283270375e-10 4.05324662722251e-11 2.99472546760882e-10 4.48383785656148e-10 8.57525735975528e-09 9.33022751281598e-09 2.40714217603077e-07 8.45621724243628e-07 1.83665340748318e-06 1.38210846479248e-05 1.29241310205863e-05 4.25970785616236e-05 2.86811332799175e-05
6.39797104184936e-12 4.35691482891798e-12 4.34857705400304e-12 3.8004821512061e-12 8.13122902343366e-12 1.67788560823112e-11 1.03270503259978e-11 1.32139632569306e-11 4.14486667210667e-11 8.1099460480516e-11 2.52628584718195e-11 3.77273767782071e-12 2.34179231561882e-11 2.4030574197198e-10 7.33968008592711e-09 1.73575511741575e-09 7.89012499780028e-10 1.17770970753384e-10 9.25777565718988e-11 3.49111828334969e-10 5.53492629506991e-10 3.5612435222987e-10 4.85447215758938e-10 9.34658617168793e-10 6.66152810691045e-10 2.90738764174847e-09 3.58385143783835e-10 1.43842726618715e-10 1.38547584516147e-10 2.05206893699739e-09 1.99145255841415e-10 1.4831177397312e-10 7.44039829747578e-11 1.55587764893994e-11 1.00406982728174e-10 6.08101347054912e-10 3.06504841507405e-09 6.9393388812955e-09 1.42433784780849e-05 6.56046659439635e-06 6.50058504914064e-08 7.34906022337167e-07 8.08887140180126e-07 9.37995160534832e-06
7.31197324910227e-12 5.64880364706255e-12 4.96657159843039e-12 4.60167459692684e-12 4.40344427588002e-12 4.3128722815311e-12 3.24612337010421e-11 9.1071927776909e-11 2.34520403097349e-11 1.21689036625128e-10 5.61856339231781e-11 9.09584629837923e-12 4.33343361194716e-12 1.01155606113679e-10 2.64177890674233e-10 2.48192078000642e-10 2.70570921223623e-10 2.11469952660082e-10 1.53787682588558e-10 2.53410870065807e-10 2.3811869143131e-10 2.75847289454845e-10 4.03745148425116e-10 4.18237056099002e-10 1.99746352791408e-10 6.42462971711666e-11 9.6672558846933e-11 3.39410621830183e-10 5.80610948208715e-10 1.60346946831424e-10 2.24757068512105e-10 5.17799803034791e-11 2.75235612079427e-11 2.188286218896e-11 2.74499201147194e-11 2.55638143986658e-10 7.58569829173439e-10 2.14578519397435e-09 7.32564710470562e-07 1.96419677841675e-05 6.66506462370098e-06 6.47116621504962e-06 1.94683562354081e-05 7.94016944301035e-06
