Maxent_result_files_1/Bombus_quadricolor_3.asc
NCOLS 594 
NROWS 330 
XLLCORNER -15 
YLLCORNER 23 
CELLSIZE 0.166666666666667 
NODATA_value -9999 
[rows 160 to 179 of 330, columns 322 to 367 of 594]
0.0117347727240478 0.0103392757673824 0.00888507864437997 0.0746554244309664 0.0110281295143068 0.00669113621331974 0.00637808191953546 0.0254860395580494 0.00555032328702509 0.00312106624382977 0.0388139776691389 0.0246037740767207 0.00578464607074487 0.00560620724252026 0.00695698416722017 0.00548321481223582 0.00549370490378998 0.0239315502345562 0.00405694169450044 0.00849677042569965 0.0141321139410138 0.0289155242964625 0.018830583896488 0.00111372706014663 0.00622852179721605 0.00648234668542358 0.00614615792049413 0.00582787503501905 0.00573264271126099 0.00563278194889634 0.00990096698515117 0.00567909675272027 0.00553246236358618 0.0053802544965837 0.00495478175155277 0.00438435736999718 0.00620791697665268 0.00607432791831322 0.00346716656349599 0.00393574880479708 0.00382587045778902 0.00374993092711335 0.000952452803171866 0.0015039954578564 0.00191471265071606 0.00180804065033797
0.0350620200010496 0.012942266953506 0.0101736766360972 0.00691079970922157 0.00628153658472002 0.00988688375800848 0.0273901697162103 0.0132412808769445 0.00965286909513452 0.0505412929637714 0.00563512245699833 0.00513818627122191 0.0067656880710274 0.00615462508420421 0.00520471781361564 0.00485629950491813 0.00543374920488908 0.0230686522088945 0.0275219152193188 0.00654142524144561 0.00493871511650354 0.0296547690954867 0.0055279391662534 0.00544201716453721 0.00534965833303183 0.00563941585326297 0.00555348442725041 0.00541837288626432 0.00521874292769802 0.00497951291721144 0.00479622546738341 0.00505450784827453 0.00507610697664411 0.00505021106590213 0.0044791640660943 0.00409315301032756 0.00401050104620939 0.00391872607837254 0.00374798657180264 0.00397487452879197 0.00350308612056907 0.00221307486566564 0.0036285721231252 0.00388230696431524 0.000694924850317502 0.000897403670681651
0.0102361020166427 0.0102097705472261 0.0190302646718919 0.00671855883546684 0.0181934067979455 0.02478187084198 0.00235680943442276 0.00801129103302927 0.00463814660906792 0.00541423202204072 0.00573914917185903 0.0112763678655028 0.00593443720929514 0.00641242171709528 0.00594932030314474 0.00575178141054167 0.00564769114087547 0.00523801325422326 0.00468522179096382 0.00782905523171884 0.00499662181828171 0.0044151161045356 0.00484651525982791 0.00467253652153552 0.00455433138910912 0.00475091311729443 0.00444664703740472 0.00433397358641407 0.00454676733685808 0.00436384024692451 0.00419118789121082 0.00666226810633681 0.00610339896829757 0.00406304089060185 0.00377488745429382 0.00627006727736443 0.00731520792190103 0.00394352914262797 0.00388828393999265 0.00369082124371776 0.00184760694631967 0.00147695833556893 0.00106584859582686 0.00203116375615071 0.00182945436697839 0.000596902056386916
0.00974843204021454 0.00721016690566429 0.00676735495033931 0.00696213926887026 0.00733484546327787 0.00641859539220029 0.00992275535996754 0.00517347762361169 0.00670990337202824 0.00841597900725901 0.0074848554097116 0.00862777726724744 0.00576320946782012 0.00556319838385413 0.00541346822967839 0.00568546236043623 0.00592143512917716 0.00560395768012825 0.00442444629967973 0.00946797830983996 0.011723477113992 0.00389381663814614 0.00396623902243949 0.00409551217864692 0.00394343314419423 0.0069539405626486 0.0045525179790566 0.00336048517744167 0.00357377434500421 0.00359418288660578 0.00389257922196258 0.0036805489337306 0.00361310813737781 0.00422253660631995 0.00365929954421524 0.0172557489946485 0.00982613088563085 0.00249709937737048 0.00394693549422218 0.00402563935176605 0.00143840068188652 0.00129249051789881 0.00359873266691011 0.000999088729369202 0.00477003533596871 0.00181651444798092
0.0207925522699952 0.00732075836799169 0.00762460579251112 0.00674242426780118 0.0068167348673736 0.00631233611697049 0.00634260871447623 0.00534295905381441 0.00946241191967232 0.00644361395388842 0.00425299992784858 0.00568754762240467 0.00578522852166827 0.00538171058704506 0.00461949238087982 0.00561294569125259 0.00530459231204077 0.00539720387088991 0.00460059908236587 0.00441460699289298 0.00327610458288632 0.00353141995027766 0.00473852137933868 0.00894864201545715 0.0123234516009688 0.00315586197167725 0.00318735368279075 0.00324140465176086 0.00335610512714339 0.0034290602958535 0.00331300355051827 0.00366219466604019 0.00387342377758006 0.00377453701467854 0.0102264389141315 0.00603689820242366 0.00306318723258059 0.00320166284280194 0.00383289405591896 0.00161399490245291 0.0013819584776471 0.000988091624393617 0.0034116091845986 0.00154600590412519 0.00297043827686139 0.00271046493044196
0.00743407482357696 0.00705867475281785 0.00639767895064409 0.005673286384744 0.00606165576378359 0.00496090843897612 0.00549041010326299 0.00553188779855667 0.00760221485979855 0.00429187718624675 0.00513344359337609 0.00569204791588938 0.00502373970512124 0.00688064903952181 0.0115782096982002 0.0048762606327923 0.00502906788006676 0.00478490214576617 0.00419096584685228 0.0049771091469978 0.00321839826926738 0.00472476820295284 0.00549147834535688 0.00294213845391429 0.00303222368492762 0.00308089032854149 0.00292104580623906 0.00310015988171823 0.00295753361882625 0.00301385777849248 0.00325699816998437 0.00333288596098882 0.00366771403247181 0.00428613058166985 0.00858630706351917 0.00192732009577465 0.00339763176161796 0.00189016967943383 0.00161844470787917 0.00107202022855533 0.000959849663401657 0.0014436422535641 0.00165303611950236 0.00259134977968642 0.00248614629053918 0.00285799653174763
0.00764691497975178 0.00658440793264141 0.00543082482064392 0.00502593073582744 0.00467807221744785 0.0217132983729243 0.00478220964422995 0.0066451265313102 0.00732963437745582 0.00456375667890363 0.00428665234971568 0.00644019710412387 0.00512720011463301 0.00418929800128005 0.00492882466785467 0.00493959145941432 0.00510818480363433 0.00517456373333722 0.00423029579311098 0.00352455051903213 0.00414865863345959 0.00258331377817411 0.00258681278075112 0.00277964747530497 0.0029018484948871 0.0024411284240621 0.00250577663022424 0.00223365234090549 0.00129529453551536 0.00126787405634672 0.0103136606980115 0.00369160903172183 0.00193213878401961 0.00276345048855733 0.00204748857055135 0.00218813579640855 0.00152084197616205 0.00105368841516267 0.000752221703776712 0.000802365777781233 0.00107870936254555 0.00110090754496923 0.000357784433933972 0.00135061355927064 0.000825204458396911 0.00203430314722937
0.00682510955472146 0.00575580418130492 0.00575981504875038 0.00577361551475697 0.00493300860657442 0.00423076831691169 0.0062289584428072 0.00389595661234701 0.00818859043299653 0.00364281124202535 0.0118843347355408 0.00637595089629173 0.00613343323362798 0.00588612462460674 0.00467867974706451 0.00543887575333883 0.0050009331836403 0.0046113705701277 0.00469627160094994 0.00369802942350006 0.00331420477947884 0.00313153102390444 0.00319674356337263 0.00210008012314429 0.0020153974361226 0.00203807700768568 0.00194326472341677 0.00811628177762031 0.0020447751667164 0.0024524021991609 0.00358359545262452 0.00218093997803868 0.000834185930108244 0.00111346797555414 0.000986520287414017 0.00122858875458456 0.000823286055035588 0.000636316779193091 0.00116042609982347 0.00197998634539545 0.0426329494919628 0.000957426750238444 0.00205685976034147 0.000791444087280979 0.002005689532416 0.00195397783099907
0.00569396934576432 0.00922232024575891 0.0052901456822994 0.00506131951758242 0.00447043159048839 0.00451133326272455 0.0044562165770305 0.0042008351626432 0.00384195520157746 0.0036962176341925 0.0045201150345541 0.00390832333359867 0.00205327837684308 0.00350158442743123 0.0102682991418994 0.00716052081697036 0.00302719151426416 0.00438547766525197 0.00447296161357507 0.00381130964784919 0.00368878064860727 0.00420997558941671 0.0019322560155997 0.000447329550733278 0.00111617086972142 0.00170444039497992 0.00100778775446599 0.000518580872257013 0.0012499674841032 0.000777084419425211 0.00156335245984911 0.00097630754119864 0.000926009593330601 0.0014771140084294 0.000714299719782696 0.000605099338405601 0.000696668422138558 0.00103031822653126 0.00300905883832456 0.000926068104789657 0.00184088834769227 0.000623514115373358 0.000984162107465636 0.000668253045932943 0.000675661609056988 0.00068061430583839
0.00587707013127279 0.0072816717136881 0.00435279439212479 0.00414632470427705 0.00441433848127417 0.00465240153772015 0.00411681144901337 0.00374010797817945 0.0041775433566567 0.00410329584911011 0.00379181076756332 0.00441169968109421 0.00481358923460995 0.0063724447064299 0.00692754232965669 0.00546240018447861 0.00913612961703478 0.00672442052714928 0.00734615923513431 0.00266948307866031 0.00395751648466103 0.00314049252710387 0.000954167189412836 0.000755427256953389 0.000842614849690859 0.00143765190912841 0.000440046251122794 0.00311362431252746 0.00676710511881424 0.00217617287416942 0.000779473758302629 0.000608143649639903 0.000646674917087209 0.00117389046765779 0.000605991040167986 0.000514628346589352 0.000853617526702077 0.00101269015622165 0.00249953575512336 0.00249522685953707 0.000786041988485664 0.00101218897290778 0.00141140082532729 0.00141803564647489 0.00154627509691636 0.0015019530970676
0.00521957041307957 0.00494635130926149 0.00391617581179027 0.00408412356769183 0.00427592740442151 0.00425257872111224 0.00398992267625786 0.00398269062334791 0.00427153937314628 0.0040287075728628 0.00414238259411093 0.00455587368333141 0.00443391719765778 0.00439211873235621 0.00451154620459988 0.00766529896330113 0.00374479813612805 0.00661217807591754 0.00860444536950951 0.00348699898318845 0.00197337691788562 0.0016259284385912 0.000743129797830755 0.000934274318237272 0.000211978834546311 0.000741864579837204 0.000653647593397544 0.00200142352405237 0.000904547775780884 0.0004271577083931 0.00101517700756872 0.000821635777069174 0.000844182807025939 0.00083563528475965 0.000720649976075083 0.000788140722832509 0.000921331169513984 0.00153324557267069 0.00199361764298374 0.000574932586732757 0.000582811116601079 0.00145409501019458 0.000503020106361873 0.000494749932386185 0.000473800795725765 0.000460446522902203
0.00475342391074065 0.00422274720347318 0.00384345078420658 0.00422837101735283 0.00399349417586876 0.00340762706257305 0.00373159916402308 0.00341755322441752 0.00732541498728097 0.00333597846840501 0.00391668417612117 0.00401704169679071 0.0041638854107152 0.00445219139571833 0.00456914912480109 0.00494500918576257 0.00458019398927476 0.00403339820045225 0.00370466568913237 0.00365692656375405 0.00300609568722354 0.0026335577401694 0.00198844789945651 0.00192256239247843 0.00127822388145384 0.000472817938623304 0.000496268489650964 0.000768749360907073 0.00161915656937737 0.00107289533852688 0.00192348057950653 0.00075746437743458 0.000624099595362404 0.0010593567355059 0.00158644710789986 0.00200410443430883 0.000699129798436715 0.00130609253922671 0.000694814117832721 0.000530715517925273 0.000483649662692187 0.000457520329291583 0.00044031930942765 0.000402611495701422 0.000379072453642948 0.000353341184381861
0.00463603835990689 0.00797256641089916 0.00406203845690989 0.00412960771296973 0.00364740693856636 0.00416696660686284 0.00348611243417665 0.00286840228691094 0.0034605687372423 0.00364441951446715 0.00362882901488497 0.00443013592562096 0.0036432584979881 0.00425688242847571 0.00403973794135055 0.00416284340986834 0.00475495447968388 0.00378037154279358 0.00399623601761991 0.00265378735454123 0.00278315685998063 0.00204362061572034 0.00142521021747237 0.00095262927938391 0.00130245819238679 0.000844310013145266 0.000422213691088602 0.000555085634858266 0.000936325235039703 0.000716045583535418 0.000737256287825261 0.000666862474957242 0.00151880537978286 0.00203638811326527 0.000766102411307656 0.00216889398434432 0.00196222369704628 0.00175241584984178 0.0013102018713198 0.000465932028782845 0.00104055319075087 0.000409024072632747 0.000367713634477695 0.000326347509326297 0.00029993195012139 0.0002718439758155
0.00542993246461343 0.00433875032657696 0.00356563385158442 0.00315766536507365 0.00351371763185888 0.00273752785267529 0.00293366674252109 0.00285668733269837 0.00365559806544375 0.00377058138673707 0.00393950730307751 0.00271825874224305 0.00395038868898361 0.00363506134388594 0.00324722431287867 0.00333475222852702 0.00321260559829977 0.00346575339378052 0.00340166722487751 0.00247342145976219 0.0014031197944683 0.00126211046838467 0.000783793428543245 0.000875976033608161 0.000461122993154062 0.000526212483967825 0.000420944085650354 0.000557967270723059 0.00145912593006869 0.00156310593984017 0.000736584370156912 0.000791683512044239 0.000584419667817393 0.00170656323234653 0.00155934590852667 0.001701577820495 0.00180216406297404 0.000837666816369165 0.000463353601344352 0.000412341105902669 0.000383455229120955 0.000346669367309005 0.000303317795714975 0.000273700248681052 0.000248231487557859 0.000229680109669061
0.0218929181341085 0.0143929519736957 0.00559172393458098 0.00270856401154536 0.00453508105019438 0.00308019804431829 0.00245158090299373 0.00245637390082987 0.00274973508459553 0.00308242015561166 0.0117602961137891 0.00319430882782097 0.00367011517490887 0.00366173276997142 0.00284198910002935 0.00245092266735139 0.00237015975370607 0.0035440898484234 0.00297077436597508 0.0023854685951032 0.000923368608455055 0.00068387355352193 0.00106849577121051 0.000490941354298791 0.000468799235991391 0.000503940310963902 0.000639396153510208 0.000444134256913609 0.000429097466344119 0.000462476163750125 7.98198572283582e-05 0.00220846611373418 0.000831041841735214 0.000524469841054431 0.000564592410841058 0.0132546439766884 0.00499093178659678 0.00114186657156097 0.000943332219821968 0.000349239839033544 0.000325014207373897 0.000301383266196353 0.000270881213282337 0.000234606532717407 0.000211407437882372 0.000190245650378529
0.00876846571918577 0.0184509048944165 0.00714536924995741 0.0608821030706167 0.0270274562761188 0.00403699487572968 0.00431975984255004 0.00244227411057931 0.00251051316658977 0.00270211688178694 0.00255165771286272 0.00299327161466145 0.00492340385254266 0.00306251394454335 0.00229445432782054 0.00202515322866716 0.00200424410646622 0.00193111601425615 0.00179227785480869 0.00197266446245488 0.000879451507798601 0.000708484354844341 0.00083581916628761 0.000502431104066448 0.000341715216237648 0.000319930358781384 0.000306120051148739 0.00055428775050359 0.00409581967396662 0.0124773673946038 0.000580557895591482 0.00111553985489081 0.00129037829592562 0.000910594196466263 0.0574005181901157 0.269943157956004 0.021965919341892 0.00184157373732887 0.000431508646243373 0.00083496729057515 0.000282750901214968 0.000247697764825716 0.000234062600588913 0.000214391044687545 0.000195609328147839 0.000173565091813543
0.0345335341989994 0.00461747096851468 0.0023145634016597 0.0583726769778877 0.0721894873306155 0.0104555830359459 0.0121216942190927 0.00859861206263304 0.00209367500042905 0.00195623537481007 0.00204691607897516 0.00198470069322116 0.00242916140638805 0.0031642190745222 0.00263411211041955 0.0017561036711049 0.0017095586640548 0.00159391563378 0.0015032146337588 0.00154469211723391 0.000788919550615086 0.000522407701316951 0.000352310173184378 0.00031548084662063 0.000516842439537868 0.000511614087736234 0.000368106749994812 0.000399291559640425 0.000756585388415609 0.000595107239132631 0.000876854505395386 0.000930189765404066 0.00155827412745566 0.00110065454000505 0.0973579715937376 0.15352547056973 0.000368619803339243 0.000982312472492097 0.000394871173136191 0.000215154687119357 0.000189648538508924 0.000133850912362099 0.000474652028060518 0.000483613970709484 0.000162786795635839 0.000143798649469318
0.0483950225403532 0.0134584492072463 0.00319501201156527 0.00241362950983692 0.0024690299322975 0.00397180328145623 0.00425464333966374 0.00915650327224284 0.0131463469937444 0.00951368967071176 0.00157954308019157 0.00168992151915859 0.00184115203782351 0.00160505426863438 0.00175083315398563 0.00157955001147636 0.00136134339681639 0.00157032574948452 0.00307528658304364 0.00219538335222751 0.00107871667639658 0.000766581771313213 0.000447690585447913 0.000283407297819493 0.000332787720534899 0.000411347872045242 0.000553700699328452 0.00214745526827755 0.000254777698935138 0.000507457486465057 0.000348854161575218 0.000376712854722427 0.000802265620899334 0.000949502431694782 0.00110178543982329 0.00652982073370367 0.00376699960324913 0.000347856158373272 0.000312842511833411 0.00121698550059932 0.000866607627204985 0.000188538707996422 0.000379310596566351 0.000226663412585093 0.000237143543927232 0.000142470559148933
0.00543034090660512 0.0158012409694493 0.0034129464075626 0.00337836220860481 0.00249256276283241 0.00236446144962201 0.00618462944403291 0.00253324672812596 0.00154063665883273 0.00723783215507865 0.00204513206863099 0.00149721793731628 0.00543208811432123 0.00232538218842819 0.00218125652754679 0.00153426205915848 0.00151423310913357 0.00133338199902964 0.00132727937951085 0.00131450812099461 0.000734869301276175 0.000446250174660157 0.000389916661015199 0.000248536270192179 0.00029193622280943 0.000307052172448774 0.000514366367164598 0.000280111311702758 0.000588090444114186 0.000857453510616324 0.000832402182732039 0.000793433315914172 0.00104052790902642 0.000987653491756646 0.000776199106076092 0.000233680011160686 0.000146023224135661 0.000187945092693553 0.000440632656227535 0.000159240933589899 0.000143284284672518 0.000363759293259136 8.78988198092401e-05 0.000533522793585917 0.00127208480698755 0.00181828663335182
0.0882385931909084 0.0426521746441722 0.0115982989431359 0.00696215610951185 0.00820450144819915 0.0105933133512735 0.00807937891222537 0.0144898378290236 0.00473598181270063 0.00433261301368475 0.00208478175702869 0.00196624210586567 0.00249429501127452 0.0014757925574318 0.00163160355733405 0.00144695304214091 0.00146189327363677 0.00129550312645197 0.00138831506706634 0.00122012455058225 0.000589614166541397 0.000384467658465004 0.000225111154578705 0.000483761691935314 0.00208518859379865 0.000713182583876915 0.000392380859201036 0.000200388061198931 0.000432595360304333 0.000360746665861456 0.000573849885722666 0.000855504995433876 0.000301229790807156 0.000293320963055521 0.000244624256515635 0.000495890873344251 0.000144061810715357 0.000388717258783799 0.000127340044241464 0.000124145519259855 0.000121600955765189 0.000120181644638251 0.000104695183870263 9.95206592165232e-05 7.45562399768085e-05 0.000144983592079828
