Maxent_result_files_1/Bombus_rupestris_3.asc
NCOLS 594 
NROWS 330 
XLLCORNER -15 
YLLCORNER 23 
CELLSIZE 0.166666666666667 
NODATA_value -9999 
[rows 180 to 199 of 330, columns 230 to 275 of 594]
0.061562904715538 0.226946821808815 0.341192829608917 0.350021776556969 0.242309561371803 0.402079078555107 0.905995690822601 0.701093119382858 0.592009228467941 0.307364144921303 0.617382645606995 0.326363477110863 0.210020139813423 0.173972950875759 0.134756605327129 0.0597965639084578 0.0694697499275208 0.0334885170683265 0.0619593854993582 0.0335599513724446 0.0339576562866569 0.0500176347792149 0.0622085832059383 0.0521992426365614 0.0889039605855942 0.078617187589407 0.0896928764879703 0.0799750104546547 0.0377269262447953 0.103074070811272 0.114050054550171 0.115351871401072 0.118797763437033 0.0872450321912766 0.125444443523884 0.0622310809791088 0.0982212781906128 0.164876380562782 0.0741039201617241 0.0739419877529144 0.0410193800926208 0.0801102384924889 0.0338517587631941 0.032090519182384 0.0318670436739922 0.0387603234499693
0.0780617408454418 0.279588627815247 0.276637397706509 0.261198434233665 0.20210382938385 0.167776009440422 0.443407598137856 0.516476213932037 0.800334089994431 0.679955315589905 0.504522982239723 0.450613042712212 0.341584059596062 0.199305574595928 0.163201304525137 0.074542310833931 0.0556691832840443 0.0683019768446684 0.0450696919113398 0.0684675194323063 0.0818678855895996 0.0339966489002109 0.0529703367501497 0.0550947587937117 0.0601456739008427 0.0740260370075703 0.0820197157561779 0.212916891276836 0.0903670653700828 0.0441356882452965 0.0912182532250881 0.050801943987608 0.0871984630823135 0.2620232462883 0.240845288336277 0.0558710884302855 0.118583204597235 0.319335153698921 0.0542862717062235 0.0970928587019444 0.0400208722800016 0.036986823938787 0.0345441726967692 0.0302272344008088 0.0271559033542871 0.0245219331234694
0.0438121411949396 0.105767993628979 0.0897587902843952 0.152939098328352 0.200877518951893 0.35855818092823 0.351705011725426 0.726581448316574 0.499941843748093 0.73907562494278 0.510252061486244 0.394357281923294 0.366315427422523 0.469881734251976 0.246437254548073 0.235421149432659 0.0698419518768787 0.0841709159314632 0.0793154045939446 0.0266093662008643 0.0268288269639015 0.106386840343475 0.0620997104793787 0.0693683993071318 0.034994550794363 0.0306128682568669 0.0665609382092953 0.0360641214996576 0.0732855781912804 0.0396183365955949 0.0819008477032185 0.0760306239128113 0.0503540955483913 0.0974090903997421 0.125258449465036 0.0498960483819246 0.0481795314699411 0.111538512259722 0.0480313152074814 0.0484252765774727 0.0389103887602687 0.0331795997917652 0.0294463001191616 0.0281545864418149 0.0249308131635189 0.0230037454515696
0.0480311293154955 0.0543353263288736 0.0550445541739464 0.0826781496405602 0.129705282300711 0.156520338356495 0.243948702514172 0.412978383898735 0.48473384976387 0.324272093176842 0.465562823414803 0.417238122224808 0.512810730934143 0.356956684589386 0.217969325184822 0.178687965869904 0.193733641505241 0.13633469119668 0.0412423465400934 0.0263688113540411 0.0359506618231535 0.0609166417270899 0.026970768161118 0.0285082593560219 0.0591292917728424 0.0698189299553633 0.0613203018903732 0.0811115741729736 0.0741768792271614 0.0703782841563225 0.0649908941239119 0.0695414464920759 0.136687211692333 0.111594421416521 0.221262589097023 0.118003869056702 0.0489435981959105 0.075589619576931 0.041458148136735 0.0364178577437997 0.0316560432314873 0.030009451508522 0.0266113171353936 0.0516792114824057 0.0228827623650432 0.0208858849480748
0.0447861362248659 0.0507261630147696 0.0361380983144045 0.0675661787390709 0.0558958727866411 0.0992243893444538 0.0954181455075741 0.157615089416504 0.316134083271027 0.353343966603279 0.402506130933762 0.373442786931992 0.273647566139698 0.283241483569145 0.241780649125576 0.189640442281961 0.148358423262835 0.230818186700344 0.0539577078074217 0.042017051205039 0.0857928067445755 0.0746024116873741 0.0500977221876383 0.0241775142028928 0.0526217464357615 0.109645650535822 0.0518490273505449 0.076185666769743 0.0497956421226263 0.0809508047997951 0.0795301362872124 0.0470524504780769 0.0531584706157446 0.0679713997989893 0.206301805377007 0.104185503721237 0.0599453825503588 0.0652208477258682 0.0578501928597689 0.0327521406114101 0.029511921107769 0.0280969263985753 0.026246371306479 0.0233782455325127 0.020095138810575 0.0183607511222363
0.0589262414723635 0.0698863405734301 0.0636681992560625 0.135984772443771 0.054622619971633 0.0820619389414787 0.114134462922812 0.148639384657145 0.27745838612318 0.274836021661758 0.405453088879585 0.626794564723969 0.328908163309097 0.282500173151493 0.339054691791534 0.322018027305603 0.335606715083122 0.254271878302097 0.0399691449478269 0.0423776362091303 0.0807745188474655 0.0636774051934481 0.0269286762923002 0.0253196457400918 0.0359286883845925 0.107049987465143 0.0421077117323875 0.0751000627875328 0.0867007978260517 0.0470447152853012 0.0254215136170387 0.0833818085491657 0.401179379224777 0.268544901907444 0.0890345759689808 0.0540080185979605 0.0728208035230637 0.0401417754590511 0.0496590502560139 0.0307583380490541 0.0292897116392851 0.0249248212203383 0.0217513686046004 0.020880239829421 0.0187073966488242 0.0237615531310439
0.0684631627053022 0.0810731530189514 0.0712547838687897 0.0499105256050825 0.0758439853787422 0.0562460660934448 0.0708503749221563 0.0643184464424849 0.106880115717649 0.122970721870661 0.212327602505684 0.305587205290794 0.194781272113323 0.315786573290825 0.266348665952682 0.480359664559364 0.350040209293365 0.174331622570753 0.175287486612797 0.0781605526804924 0.0518392577767372 0.140970793366432 0.0377127096056938 0.0578090790659189 0.0383372185751796 0.0342948852106929 0.0697178438305855 0.0640160765498877 0.0809614159166813 0.056677158176899 0.0627541940659285 0.0650062654167414 0.0676710367202759 0.145006836950779 0.0529145415872335 0.106986010819674 0.128076506406069 0.179366888105869 0.0721015505492687 0.0279179759323597 0.0624691385775804 0.02466991096735 0.0360807102173567 0.018117561750114 0.017259972076863 0.0343855379149318
0.0566914889961481 0.357059648633003 0.124992996454239 0.0506388038396835 0.0484287548810244 0.0498511791229248 0.0549975834786892 0.0859867557883263 0.191074708104134 0.0982375010848045 0.125407664477825 0.310722410678864 0.146179695427418 0.285232207179069 0.136112725734711 0.301740987598896 0.378748229146004 0.111319594830275 0.199899366497993 0.0399888444691896 0.0672678153961897 0.0595619067549705 0.0877851560711861 0.0273579150438309 0.0487187277525663 0.0352138074114919 0.0680981263518333 0.0751452758908272 0.0864122025668621 0.0838106639683247 0.0640374679118395 0.0651469625532627 0.045334742218256 0.0555716119706631 0.0363040540367365 0.0407162692397833 0.0938364155590534 0.125372149795294 0.0684470377862453 0.0579553261399269 0.0285541279241443 0.0256159847602248 0.0674479939043522 0.0349356178194284 0.0309980170801282 0.0145175081677735
0.102512513101101 0.0529688715934753 0.167418237030506 0.0911120012402535 0.0434879079461098 0.0450578607618809 0.108677391707897 0.255986419320107 0.0643785890191793 0.165353637933731 0.150659304112196 0.16160027757287 0.359235802292824 0.386014968156815 0.183532325923443 0.210339269042015 0.407529792189598 0.3832573980093 0.264057520031929 0.0604425199329853 0.0290281493216753 0.225230354070663 0.0436976954340935 0.100448491424322 0.0644972763955593 0.0350484753027558 0.103595885634422 0.0587616387754679 0.0388679139316082 0.0382791865617037 0.0396718010306358 0.0437251154333353 0.0383174553513527 0.0413927603513002 0.0426498454064131 0.0358485676348209 0.0421647846698761 0.0489207204431295 0.0580593604594469 0.299072554707527 0.069228783249855 0.0265144208446145 0.0409174121916294 0.10978914424777 0.482585462927818 0.473575866222382
0.136913354694843 0.0676532987505198 0.0334975933656096 0.0879350021481514 0.0963628202676773 0.0977075144648552 0.064123173430562 0.069651023671031 0.0532118406146765 0.0411291938275099 0.0881154153496027 0.235901111364365 0.285728421807289 0.352610579133034 0.192961125075817 0.183793380856514 0.142763735353947 0.366383990645409 0.447863325476646 0.0917846314609051 0.0282855311408639 0.0321151420474052 0.0352843057364225 0.0653855964541435 0.0475388068705797 0.0433872185647488 0.038748330809176 0.0897280767560005 0.0327319487929344 0.0825867235660553 0.0667514141649008 0.0904044598340988 0.0874676771461964 0.0782300990074873 0.0388089729472995 0.0688333306461573 0.0422257963567972 0.040111506357789 0.0414930954575539 0.0430117130279541 0.186548200249672 0.176240588724613 0.0423197899013758 0.147478875517845 0.970661288499832 -9999
0.107849878072739 0.0345689421519637 0.0710718479007482 0.0973857782781124 0.0497598703950644 0.0706951569765806 0.126054648309946 0.0363456407561898 0.0827533517032862 0.0505529463291168 0.0620763890445232 0.183714990317822 0.128082558512688 0.13279625326395 0.235640013217926 0.148618037998676 0.187615410983562 0.222909961640835 0.163101721554995 0.105006362497807 0.177778415381908 0.0424530666321516 0.0984686635434628 0.104791601002216 0.0367594672366977 0.0705489594489336 0.0747963808476925 0.0419989656656981 0.0325700065121055 0.0357244485989213 0.0479606293141842 0.0653704646974802 0.079246811568737 0.034158861450851 0.0373169770464301 0.0403793297708035 0.0430047556757927 0.0415630158036947 0.0398830439895391 0.0369766652584076 0.0619259167462587 0.0946241468191147 0.121421509236097 0.225259134173393 -9999 -9999
0.0595050804316998 0.106302607059479 0.052127668261528 0.0458325870335102 0.0397471122443676 0.0676612570881844 0.0872926220297813 0.0472952589392662 0.0492733743041754 0.0835503067821264 0.092136836796999 0.0599540036171675 0.0687398999929428 0.0751481503248215 0.139057938009501 0.131861793249846 0.142815110832453 0.144422389566898 0.108787867426872 0.201004377007484 0.10664509832859 0.0409555621445179 0.0479476027190685 0.0619662310928106 0.0272076483815908 0.0254282576963305 0.0611694287508726 0.0386584477499127 0.0470692552626133 0.0792026549577713 0.0397366158664227 0.0648860745131969 0.0656913690268993 0.0811885133385658 0.0391839545220137 0.041472602263093 0.0906811133027077 0.0386021494865417 0.0347207393497229 0.0338841607794166 0.0313138034194708 0.0274877421557903 0.360958591103554 -9999 -9999 -9999
0.0474500428885221 0.0430948620662093 0.053156790882349 0.0615798406302929 0.0632625237107277 0.0397885570302606 0.0566690433770418 0.0675109766423702 0.0643544066697359 0.1423912294209 0.0668167505413294 0.084784123301506 0.0902949135750532 0.0849064700305462 0.176639397442341 0.123251713067293 0.117963784188032 0.502881240844727 0.39540011882782 0.171708029508591 0.125829065591097 0.0579869203269482 0.0641511093825102 0.0235446287319064 0.0367569860070944 0.0431748352944851 0.0299432633444667 0.0253868313506246 0.0477101787924767 0.0769347563385963 0.0307470312342048 0.028812899440527 0.0877417117357254 0.088397566229105 0.0369924686849117 0.0366741880774498 0.0858061797916889 0.0804563738405704 0.0343552200123668 0.0573181983083487 0.0545067250728607 0.103294396400452 -9999 -9999 -9999 -9999
0.112305378913879 0.188848862051964 0.17419591024518 0.162544816732407 0.25699612647295 0.0747634224593639 0.0543021589517593 0.119227521121502 0.195212790369987 0.205342756211758 0.146683917939663 0.103901349008083 0.122020794451237 0.181051000952721 0.0615560948848724 0.0969685763120651 0.192109981179237 0.191085396707058 0.223842702805996 0.33612694144249 0.204490573704243 0.0689794700592756 0.0357830937951803 0.0274330381304026 0.0289320601150393 0.0154755950905383 0.0181990969926119 0.022163063660264 0.0458665691316128 0.0381735349074006 0.0557766426354647 0.0644383002072573 0.0335996704176068 0.033879990875721 0.0788412384688854 0.0901242434978485 0.0365259405225515 0.0592548944056034 0.0549586739391088 0.268975453078747 -9999 -9999 -9999 -9999 -9999 -9999
0.576250332593918 0.769869649410248 0.57254878282547 0.610788077116013 0.415359917283058 0.0936693869531155 0.310245957970619 0.567955592274666 0.640854746103287 0.321375095844269 0.320443257689476 0.401252320408821 0.345010551810265 0.809125655889511 0.413448977470398 0.172620104253292 0.185909321904182 0.120993237942457 0.157651124894619 0.26454706788063 0.089124321192503 0.0508802060037851 0.0375292740762234 0.0317312121391296 0.0267805265262723 0.0289058558642864 0.0146262057125568 0.0179725173860788 0.0495203398168087 0.0219305217266083 0.0522070828825235 0.0684865206480026 0.0265159433707595 0.0812272869050503 0.0798799149692059 0.0969122044742107 0.0640251882374287 0.0897481665015221 -9999 -9999 -9999 -9999 -9999 -9999 -9999 -9999
0.360452324151993 0.832075601816177 0.83195219039917 0.326550181210041 0.139772685617208 0.124963661283255 0.195599710941315 0.249479591846466 0.32151031345129 0.136473874747753 0.427143266797066 0.479453840851784 0.631955832242966 0.499530011415482 0.202333261072636 0.191638910770416 0.143234071135521 0.135801720619202 0.116864868998528 0.109331247210503 0.099709989875555 0.0620656251907349 0.0459626711905003 0.027778791077435 0.0117792377248406 0.0256283024325967 0.0258183766156435 0.117172922939062 0.214147691428661 0.225544576346874 0.0888188719749451 0.101780873537064 0.19282254576683 0.156739293038845 0.0681521687656641 0.103498910367489 0.0821881681680679 0.0404168128967285 -9999 -9999 -9999 -9999 -9999 -9999 -9999 -9999
0.26088013201952 0.385398691892624 0.39810126721859 0.401776024699211 0.296857222914696 0.107067367434502 0.0839580997824669 0.078877642378211 0.0902675308287144 0.0968867860734463 0.226629665493965 0.246813763678074 0.198814503848553 0.315567591786385 0.214102208614349 0.161056865751743 0.127463298290968 0.067326296120882 0.0306869901716709 0.0436407573521137 0.0857849203050137 0.0447618301957846 0.0137725073844194 0.00770932473242283 0.0287396568804979 0.0111618470400572 0.0186446690931916 0.158731055259705 0.0373150952160358 0.0268853340297937 0.0329978255555034 0.375074142217636 0.496721458435059 0.177125951647758 0.0813810020685196 0.086371086537838 0.0491193942725658 0.0372961450368166 -9999 -9999 -9999 -9999 -9999 -9999 -9999 -9999
0.0915721580386162 0.0800896532833576 0.0977401226758957 0.0911027386784554 0.0739159371703863 0.0433559872210026 0.147259269654751 0.0863410398364067 0.0926110327243805 0.040881435200572 0.0479958020150661 0.0697426304221153 0.133293192833662 0.061733004450798 0.110586179792881 0.0446257703006268 0.0610235191881657 0.0412063784897327 0.0349054891616106 0.0165432916022837 0.0423987928777933 0.0378098387271166 0.0133104520849884 0.0294724319130182 0.0115227496251464 0.0110057174228132 0.0105504464358091 0.0293700890615582 0.0134587412700057 0.0332622608169913 0.0143717153929174 0.0170974223874509 0.0465796895325184 0.0941211055964231 0.113465540111065 0.14614293128252 0.0251572346314788 0.022469334024936 -9999 -9999 -9999 -9999 -9999 -9999 -9999 -9999
0.0257776962593198 0.0325586646795273 0.0404189335182309 0.0388944426551461 0.0336027281358838 0.0398514742031693 0.0408202335238457 0.0519512075930834 0.0471759147942066 0.185374075174332 0.0508931595832109 0.0416153188794851 0.123278726637363 0.0522674344480038 0.0155885444022715 0.0530188236385584 0.179012188315392 0.0303267423063517 0.0343498723581433 0.015140085760504 0.0145183686167002 0.014053497929126 0.0139359159395099 0.0134209793061018 0.0123276903294027 0.0119659905321896 0.0277040502056479 0.0685340221971273 0.024210667796433 0.0326957056298852 0.01061937417835 0.0163046681322157 0.0383274426683784 0.0793857954442501 0.047780204936862 0.0698917981237173 0.0316862087696791 0.329723121225834 -9999 -9999 -9999 -9999 -9999 -9999 -9999 -9999
0.0195626780390739 0.0276927033439279 0.0386645276099443 0.045533038303256 0.0399519555270672 0.130536414682865 0.0360599476844072 0.0752881273627281 0.0717435248196125 0.0819932281970978 0.0523234762251377 0.0396263297647238 0.033250479772687 0.0351844118908048 0.0237987214699388 0.0342179846018553 0.0284078534692526 0.0296714900061488 0.0294788476079702 0.0354349743574858 0.0304036121815443 0.0148801843635738 0.0149504756554961 0.0144803185947239 0.0134673381224275 0.0207162652164698 0.0312446666881442 0.134165339916945 0.0336070174351335 0.0300358448177576 0.0225909834727645 0.0348959581926465 0.0630194522440433 0.0435162516310811 0.074970742687583 -9999 -9999 -9999 -9999 -9999 -9999 -9999 -9999 -9999 -9999 -9999
