Maxent_result_files_1/Bombus_polaris_3.asc
NCOLS 594 
NROWS 330 
XLLCORNER -15 
YLLCORNER 23 
CELLSIZE 0.166666666666667 
NODATA_value -9999 
[rows 180 to 199 of 330, columns 88 to 131 of 594]
5.59065040928175e-09 9.08382625786075e-09 2.37795207636005e-08 7.30448080132895e-08 3.2326313870179e-08 1.54631806026373e-08 6.47840052714344e-09 1.13923632305557e-08 1.64448440398424e-07 1.15335744255152e-07 1.17570522517596e-07 8.22516004195251e-09 7.82447872493819e-08 2.52086480218017e-06 1.90688277523776e-07 1.40950641469573e-07 1.83250102703258e-07 1.53385700363273e-08 1.05789419759805e-06 1.62106823298203e-08 2.11039352771003e-08 3.01102608568637e-07 7.9211978765148e-08 1.51716769916099e-06 2.66551187400044e-07 8.26134338904883e-07 2.70891976739129e-07 7.32685569104774e-07 6.61633596177324e-07 1.57361560546576e-06 1.27405949967851e-06 1.90530562571567e-06 2.74984643056086e-06 1.24378149681803e-06 1.79695601598695e-07 9.88649554845011e-07 8.33140654865616e-07 4.35010893817811e-07 7.47293271707861e-07 2.10379850109632e-06 1.08758197097103e-06 4.41441446241697e-07 2.78020962412029e-06 6.37175555766589e-06
4.69437094752223e-09 1.25248653781718e-08 5.40865341402963e-09 8.46422154587856e-09 1.16350713885716e-07 6.43254836063534e-09 3.98862926798138e-08 4.73019678981501e-09 4.47884183729652e-07 7.38017620349751e-09 6.5315523789522e-08 1.07669028248658e-08 3.27893534324275e-08 9.17946883061127e-08 8.10250893046316e-09 7.50787356729177e-09 7.64003931252866e-07 1.19192217964414e-06 1.78225868074922e-07 3.02026940124378e-08 1.46529086686442e-07 2.41844742399078e-07 4.39605080782002e-08 7.25619531016797e-08 8.71102444732763e-08 2.71433688148193e-07 4.06820199172486e-07 6.72419513136902e-07 8.13707307933953e-07 1.07347968762994e-06 2.12011967049008e-06 1.67245461737409e-06 2.06423159045954e-06 6.40193305390113e-07 1.34299122747095e-06 4.74198987321373e-07 5.64539112968276e-07 7.49886349460382e-07 4.33889042650293e-07 6.07791568185689e-07 5.0395915870638e-06 1.72089845982271e-06 2.94632579311838e-06 1.04722299390403e-05
7.35440668364618e-09 4.50141333763199e-08 7.6972956675192e-09 2.76970095525186e-08 6.11349986079368e-08 3.28546130967666e-08 1.08002741527891e-08 6.67068164483808e-08 6.41822480718091e-08 5.76546729169625e-07 5.29024334894324e-07 4.87349447464425e-08 4.19789942807114e-09 1.56474511125992e-09 5.46478037044551e-08 7.11427383670582e-09 1.42006561243413e-07 1.33228224652449e-07 4.74501904823565e-07 4.66836359702683e-07 4.60414489911187e-07 1.71279160987581e-07 1.94614749060573e-07 3.32908165312507e-07 3.25694966918366e-07 2.57130007519368e-07 5.79720318505395e-07 5.07851383702018e-07 1.41445945547325e-06 1.00628688404214e-07 1.4443216175053e-06 2.38742389253588e-06 2.48152945747648e-06 7.12229434274292e-07 3.63413862247697e-07 3.01589864115659e-07 2.60602902701912e-07 2.75915729974763e-07 3.8811505441938e-06 1.22750310802555e-06 5.05206804746194e-07 6.54811849276626e-07 8.99862205914204e-06 6.80245499173893e-07
3.46821320551527e-09 7.78150422986457e-09 4.35214033700504e-09 4.36979479601085e-08 5.55144565872467e-09 5.69530731842072e-07 4.50381876238026e-08 1.05278614012105e-06 4.6640210626947e-08 5.51246228552849e-08 6.014538062038e-08 2.65676886934685e-08 4.27258316859636e-07 3.12936636936989e-08 4.0125061162577e-09 8.21018164565146e-10 1.45814756924434e-07 1.27441992003874e-07 1.90846890846252e-08 6.6204917146262e-07 1.45724914379919e-07 5.44339521124648e-07 2.3566592998181e-07 5.25307549836818e-07 4.37269788799988e-07 5.11826829718842e-07 8.45829862239356e-07 1.08792004880343e-06 1.07874510408834e-06 1.86360682885578e-07 2.43320914368184e-06 6.7186326673685e-06 2.27654335720473e-06 1.74043797707135e-07 2.26085698784573e-07 1.66013478271054e-06 2.39233430465724e-07 3.57827258457011e-07 3.62650084118066e-07 4.32260862215372e-08 1.01319999727956e-06 5.07131389593241e-07 5.6089381788027e-06 1.07842702730565e-05
7.57540551399316e-09 3.90243328096673e-08 9.46504347343335e-08 7.85472028530521e-09 5.60921839753981e-08 4.44179163450187e-09 2.4542072230016e-08 2.43193521987095e-09 4.57345090021377e-08 5.87202778845608e-08 2.95058102839363e-08 4.95643098119558e-08 6.18055816525853e-09 5.61768790263706e-08 8.66426564405387e-07 4.85331172694892e-08 9.19754157613362e-08 1.91244217939701e-07 9.18323387333331e-09 1.97213998021084e-08 3.47067333139606e-07 7.49625018103828e-07 4.18109130517763e-07 3.53235417682729e-07 3.81421984796404e-07 2.28926678502717e-07 1.19084743133158e-07 1.96642716829842e-06 6.43258113619538e-07 1.35607722668851e-06 2.51691080102034e-06 9.09063654130904e-06 1.79136160238791e-06 3.74750708442839e-07 1.89444531202287e-06 1.97202412255404e-07 1.8698876079748e-07 9.05950367546815e-07 3.70764388462064e-06 5.33537407765294e-07 2.11164018004695e-06 3.38744407599734e-06 1.06082480968439e-06 1.53822134425496e-06
3.37096457414532e-09 5.54092854931909e-09 4.99201142645234e-09 3.40319684655199e-09 3.90811695227811e-09 2.29710891419543e-09 3.6191960539611e-09 5.62893414102206e-09 5.56881850855007e-08 5.46311730298399e-09 3.15383692384152e-08 4.91878448749539e-08 1.71994868347625e-08 4.61090824410704e-09 4.63638978098757e-08 4.87291037187809e-08 8.51163032145053e-07 6.48460516949889e-08 4.45168187757083e-08 1.27861545373698e-07 2.2172762360384e-06 2.29634506450083e-06 5.2341401075573e-07 2.25357788097291e-07 4.03641676283151e-07 5.9288688074588e-07 2.14238158591229e-07 8.80838240213677e-07 8.38899080823907e-07 8.15645436347268e-07 4.68619783209334e-06 1.68176013120025e-06 3.2540176855278e-07 2.94891157026633e-07 1.19763382118165e-06 3.17928850701588e-07 6.20824895580796e-07 1.39998846448997e-07 6.54156686330509e-07 4.94612853429999e-07 1.71655505312174e-06 3.74062895787119e-06 1.85822740144115e-05 7.74508342098912e-05
1.24276217317032e-08 2.68555828686345e-09 5.60594553000726e-09 5.02304633887007e-08 6.22077732659321e-09 5.1052946981045e-09 5.09418862648658e-09 4.6351011362411e-09 4.78645062695904e-08 1.97163742998718e-08 4.24866765769139e-08 4.0952794821969e-08 3.87608877217005e-09 3.31051920987591e-08 4.52270132900168e-08 4.7289990645627e-08 6.71581928401999e-08 7.4119721338306e-08 8.88311965097088e-09 8.10820465435569e-08 1.30816124316313e-06 1.01129307321646e-06 1.52358337823788e-06 1.65360210802046e-07 3.2568975240066e-07 7.48301815134411e-07 1.51753533561561e-07 1.32773824679244e-06 1.18268583486625e-06 2.47517031759514e-07 4.21012886253624e-07 1.84560488725172e-07 8.99125149778079e-08 9.09318503050649e-08 1.15103854148035e-07 8.98800607163075e-08 4.3076005250553e-07 1.04566386482929e-07 2.93246058618024e-06 1.66560486434264e-06 1.29421668702889e-05 4.24133818341943e-06 1.34602117896065e-07 9.78761738323897e-09
6.26442642204239e-09 1.86429693571633e-08 4.42933810740342e-09 4.14237945056684e-09 6.56920990937948e-09 2.89388346841335e-08 4.647964690907e-09 4.00764663677222e-09 3.74411600612135e-09 4.2699508429056e-08 4.02891864204058e-08 4.50337438562265e-08 4.55449222092064e-07 4.37671572428577e-08 4.41229443759461e-08 5.99704546688784e-08 7.22556806387331e-08 4.56372421486773e-07 1.17074571792664e-07 1.06153489898286e-07 9.29250011383331e-09 2.6157932379034e-07 2.51795461914117e-07 1.55727090944691e-07 2.64663189863956e-07 3.01160727023131e-08 4.80464038776773e-08 1.56316787203181e-07 2.72818508473271e-07 2.11066592747944e-07 1.47018839576907e-06 1.47542960938774e-06 9.39357686524644e-08 6.44573692198946e-09 6.75399530414289e-08 6.74124310695579e-07 4.38259863333457e-07 5.66828349057857e-07 8.1677497689725e-06 1.39526269435919e-06 7.14879765268961e-06 7.07895846940865e-07 1.35891770014496e-07 5.5455782508318e-07
9.19033040669426e-08 6.56082234096189e-09 1.92384405295343e-08 1.50115389263572e-07 5.16710136078125e-07 8.75443325609737e-09 2.03025052325501e-09 2.3072924681955e-09 2.88181996155323e-08 1.8002322232924e-08 2.75161467500062e-08 7.25937785439612e-09 4.00834937464012e-09 4.65839502528098e-09 5.74322592816756e-09 5.76638681248909e-09 6.38355663884482e-08 9.3292823066804e-08 2.30242460086405e-07 1.26053602000908e-07 1.17795265830445e-07 1.36194192720263e-06 2.36283378736157e-06 1.38012778849728e-07 1.1956289636128e-08 3.15367375491871e-07 1.89335354150444e-07 1.23363095994033e-07 4.00025869806697e-07 1.91653739489706e-07 1.31196809594059e-07 2.19016833669095e-07 6.66254904913011e-08 1.05011087936369e-08 9.30897110729134e-08 4.5767887408843e-07 1.10688842358542e-07 7.10165630692927e-06 7.74836969412718e-06 7.515978381889e-06 8.27155030869164e-07 1.78335443479227e-07 6.74058803284972e-07 1.41711497221308e-06
4.61113257577139e-09 5.00744916642759e-09 5.68246990684251e-08 3.34145252578466e-09 2.98706468448984e-09 8.34755079504035e-09 1.77695019365487e-08 1.54116308603847e-09 2.80599686819372e-09 3.28744219624255e-09 2.97365139068084e-08 1.16373928826796e-08 6.79673420878046e-09 4.71321637274258e-09 9.97369150601557e-09 1.59585346382052e-08 2.30474677787029e-08 2.91877519631445e-07 1.44958551928642e-07 2.95415954676415e-07 3.4189301278964e-08 2.58669639152664e-08 2.17065046048681e-07 2.24782027447024e-07 2.43730240101492e-08 2.59864382678998e-08 1.89316979948284e-07 1.36088386304412e-07 6.7132711212281e-08 2.68329384589538e-07 1.7762690909251e-07 3.97305771615564e-09 4.81859042666954e-09 7.00971619638224e-09 2.94264228539731e-08 3.58139185863138e-08 3.84682050658114e-08 8.16271841870275e-06 4.83638541481923e-06 1.78304244968786e-07 1.6416996651003e-10 5.00993602159383e-10 1.04010581258862e-09 5.84548488946623e-08
3.41172262663392e-09 4.99907608642047e-09 4.19716128519099e-09 3.39007503180611e-09 2.87752884853276e-09 2.65850131908607e-09 2.93079209789937e-09 3.79792488569564e-09 4.0408960733096e-09 5.73951571825049e-09 5.42960502114553e-09 7.54957337756323e-09 2.58491519522508e-08 9.64954037785404e-09 1.11863280638502e-08 2.36303839917795e-07 4.19334073131772e-08 1.99945543588598e-07 1.15308616166487e-06 7.42444307277879e-07 6.91915902306661e-07 1.62063687358938e-08 2.52023648716904e-07 1.87446852262241e-08 8.28115085838021e-08 2.59374488265074e-07 2.61553436819995e-07 6.1349381952347e-08 1.11717157569302e-07 1.17104396402112e-07 1.36208536744009e-06 2.80794932194794e-08 5.08948299060563e-09 3.36752653318229e-08 1.34979504018418e-08 1.84189173380034e-07 4.80582789421646e-06 6.48138597512116e-06 3.62886035565335e-07 2.05796692398508e-07 2.47243134054997e-07 4.91827994864025e-07 5.24681083646783e-07 4.57128484967484e-06
3.86102291582979e-08 3.07798444176832e-08 3.53661541163675e-09 2.71810574048459e-09 2.96296124302486e-09 2.03931345144071e-09 3.38471393135364e-09 1.50405256804653e-08 7.0717048628044e-08 2.21553331569702e-08 8.73236823961676e-08 7.26780445603481e-08 1.52012972509663e-07 2.80315110767759e-07 1.41147812582343e-07 1.14382458360485e-07 6.8913597215392e-07 1.24726306527378e-07 1.92094208983917e-06 2.30758769337314e-06 1.10541390863084e-06 1.75580140526765e-07 2.3974371548996e-06 1.61778263985113e-07 1.81838176835925e-06 7.64882525716715e-07 4.26213227444627e-07 5.57923528710091e-08 1.368851222594e-07 1.39809020893722e-07 2.75803244353945e-08 4.95208470896458e-09 4.84938732281393e-08 7.39630708790351e-08 1.87404210549857e-07 2.40403908691178e-07 2.70909242921391e-05 4.35853578695244e-07 2.66019712213961e-07 3.16785196909919e-06 4.38725342222224e-07 1.65308574910483e-05 9.96681170040148e-07 5.61715139468788e-06
2.18987797895309e-09 2.36207647885678e-09 1.74266074903784e-09 1.80101941138489e-09 2.79339973818793e-08 3.00384787044194e-09 1.88600328687727e-09 4.42378097487151e-09 3.75942488251013e-09 6.47043985280149e-08 4.25427712502646e-08 1.12652110406675e-07 7.27188694260583e-08 2.39902263166059e-07 5.89780117277172e-07 5.63736456715702e-07 3.86640368077451e-07 2.08652827176081e-06 3.81465716614571e-07 4.88688903956813e-06 8.1607552720353e-06 9.55100467603387e-08 3.90129328842193e-08 9.02850708861536e-08 9.23293055166141e-07 5.86439258754012e-07 4.12239205105358e-08 5.94989823188286e-08 2.63266491273839e-07 4.26600059388882e-08 4.97352277140095e-08 3.54229519938798e-08 7.3546538259528e-08 4.14616049271288e-08 2.04249846286197e-06 1.2396069898557e-06 1.61284095572256e-06 5.7110855875564e-07 4.1488237472187e-07 1.51963327369442e-06 7.28698896295121e-06 1.23486817954821e-05 2.3281620264326e-05 0.100266928258208
1.3033874313173e-09 1.95105879230439e-09 1.85532466057126e-09 2.66082975208803e-08 9.65313717848915e-10 1.55436248316931e-09 5.75823672077647e-09 4.71319527739489e-08 2.62890810343031e-08 2.43587884862784e-08 6.28622138787449e-09 1.54215267222924e-08 1.36333705880176e-08 3.65714045269527e-08 1.49151491513067e-07 1.05413280184763e-06 6.6378410821244e-07 5.75750880216219e-07 1.88409763097752e-06 5.55496324921023e-06 5.34811282202341e-05 4.93191918771174e-07 1.26934717270544e-07 2.61432983439391e-07 1.18596222762335e-06 4.10569160180785e-07 4.57349213278668e-08 8.9962884486372e-08 1.52755561355633e-07 1.00004270082721e-06 3.080243454745e-08 1.47075586254264e-07 1.66614404495391e-08 3.72151977789947e-08 2.8831627707504e-08 1.29902816525806e-07 6.7782001825778e-07 1.04838393610862e-07 1.57912812284167e-06 1.28765565029498e-06 6.46654893760035e-06 2.80994392440448e-05 0.00268902005500422 4.90560563775944e-05
1.25882945178901e-09 9.60665291760421e-10 3.28671162508343e-09 3.4091004796899e-09 2.53079152301439e-08 1.44403106472346e-08 4.3112819869684e-09 8.48353568838611e-08 6.85130880917484e-08 9.98189915168979e-09 3.32206963604698e-08 2.58609186953862e-08 2.50212345509482e-08 3.26044908405265e-08 9.76802635221929e-08 1.2426201424276e-06 2.41869453887489e-07 8.9756862493573e-07 7.75455891357524e-06 3.48007994062982e-05 5.28012329610306e-06 1.21570726449249e-05 4.05972662775866e-07 8.31893690644847e-07 6.54535313060478e-07 2.78112143377029e-06 3.67941738055322e-07 5.87714156563557e-08 4.98079501198845e-08 1.17744689409616e-07 3.10463147745743e-08 2.78969271572116e-08 4.84132844702501e-08 5.74399905972633e-08 3.38715082204288e-08 1.43410918362896e-08 6.9134093190204e-07 1.36968317735464e-06 2.31686472005777e-05 1.52442339500514e-06 6.0121382006173e-07 2.25022185573742e-07 0.000383054342819433 0.000450071892191772
5.56375900906403e-10 1.4013909033217e-09 9.57871493234563e-10 7.53365470007594e-10 8.07432576355183e-10 2.67334233639005e-09 1.7817521458241e-09 2.4524447916896e-09 1.91972737706436e-09 4.16134621206155e-09 5.43424405474724e-09 6.62862343903115e-09 2.22189130427708e-08 2.53997834986919e-08 2.72664508083054e-07 3.40252034281008e-07 6.95607945910837e-07 4.12654196413342e-06 1.83770923399607e-05 8.57550897276349e-06 1.92118757325943e-05 1.79995087767892e-07 1.94246543294696e-07 4.27897603572092e-07 1.03769378938523e-06 1.93285937371002e-06 2.16887810680078e-06 2.92178111127583e-07 2.4235162905839e-06 1.4629094902574e-06 5.90062991356888e-08 1.06823134304879e-07 3.37254349014326e-07 2.51019696551058e-07 4.58959776383772e-07 2.47546098302021e-06 5.77738608509293e-08 1.09710562288257e-05 3.08301586382509e-07 1.96834621837283e-06 1.0933881208075e-05 6.16354388038864e-07 6.93190303763913e-05 0.113378455850111
1.56346525725937e-09 8.42901948239216e-10 6.7444144713491e-10 8.78868189335691e-10 1.52125081420706e-09 2.27393289753408e-09 1.33930044499131e-08 1.30118720242933e-09 2.22055203114024e-09 2.84800022454235e-09 1.19556849975666e-09 1.8208542296172e-08 6.82788079409136e-09 1.11257390267294e-07 1.6003405151066e-07 4.3692060627265e-07 1.80688949358299e-06 1.32461837722531e-05 3.02772378176996e-05 9.24976499447894e-06 1.36251080732563e-05 2.61661138836189e-06 1.37454574877793e-07 3.30593334041396e-07 1.66004148240972e-06 1.10588163835246e-06 1.10402533781695e-07 2.74924667920118e-07 1.61174809818476e-06 1.04243585852259e-07 4.65574010677372e-08 2.69530129326512e-09 1.59566980462156e-07 2.86394213244723e-07 2.36977021406126e-07 5.98210766833418e-06 1.48424034968286e-05 1.97222682840614e-07 2.7339407239424e-06 3.00312613035203e-06 4.65795055796692e-05 0.00461182088641294 0.000544839825374765 0.000889790005749092
1.02257831091634e-09 1.31870682151813e-09 1.38583676756454e-09 6.3176722742142e-10 6.30309815452534e-10 1.5254954521815e-09 7.88818810271152e-10 1.74796404017741e-09 1.1816492895278e-09 1.18574028373786e-09 2.42315069121091e-09 3.58415765511211e-08 6.87646904973249e-09 3.51978406087916e-08 3.56836563075724e-08 5.52206484538686e-07 2.39184475656629e-06 2.314950663731e-05 9.42791823263178e-05 5.36391605976405e-06 7.39311262805131e-06 4.06137020547703e-06 3.11648078366034e-07 8.78757067823699e-07 1.9063360838345e-06 2.63644892477544e-06 1.77426134655434e-06 1.69668770411135e-06 3.47939089806459e-07 6.1608401757951e-08 6.78229182149437e-08 2.44198490428893e-08 1.61718412994283e-08 1.70916551578415e-08 1.16779944683287e-06 3.2155798429967e-06 2.86217597568195e-06 1.2749945745405e-06 2.8954900517475e-05 0.000332582427714057 0.000191717749839959 0.00574215786806053 9.48742322575247e-05 4.43586104679206e-06
3.03349979580148e-09 1.11699649529839e-09 2.04715476792572e-09 7.02038849276221e-10 3.13479155966689e-09 1.11998406437941e-08 2.5983710627564e-09 1.11305887839919e-09 9.3417865776324e-09 1.22293905002735e-09 1.65826609888065e-08 3.57492139224647e-09 3.17469464050646e-09 7.59864362542828e-09 5.01427230048535e-07 6.77672719717748e-08 6.19876077045944e-07 9.51592226883236e-07 5.55747831469944e-06 1.27875500709251e-05 3.69613567556826e-06 2.65060614310642e-06 5.41103649993602e-06 2.53655476853964e-06 3.73798156374505e-06 1.87093729948629e-06 9.28622653759703e-06 2.17002155409318e-06 4.31036271564267e-08 1.5763160599036e-08 9.46304208326865e-09 5.19273514187901e-09 1.71866513243302e-08 9.03871181634486e-07 7.33295517818533e-07 1.70797305054649e-07 4.04209330824301e-06 5.14658422617886e-06 1.22320154337108e-05 1.24667448790916e-05 0.00158143336536452 2.21827672384878e-05 3.59254665909248e-06 3.89867207675199e-05
3.19633897127858e-10 4.90979301659422e-10 1.51363942491045e-09 6.61011323455085e-10 6.27612939396727e-10 3.36307925952184e-10 2.94487256802256e-10 3.4646535307381e-09 1.05712480991116e-08 6.90488769494735e-09 8.16145417914527e-10 4.24870291393375e-08 1.18921791136817e-07 2.12785099762414e-08 2.43626709162115e-07 1.1135469124568e-08 1.23276291663643e-07 1.05572944306687e-06 6.36456133307206e-07 7.58494762180817e-06 1.05210274512046e-05 1.06086725963905e-05 8.50370350349294e-06 2.20104230947982e-05 6.12694211667986e-06 5.51598558331534e-06 2.08006925959126e-06 5.61381520753912e-06 2.55194823828298e-07 3.62305177414868e-08 1.72269695730698e-08 4.63460834154716e-09 2.18779213856379e-08 6.36182089230886e-09 4.05636344069649e-08 5.65751195247266e-07 4.77438637547234e-07 3.1369171665574e-06 1.98682049813215e-05 1.82554584171157e-05 3.03832722217678e-05 1.34294868598839e-05 2.48529595495484e-05 5.92049047888565e-05
