Maxent_result_files_1/Bombus_veteranus_3.asc
NCOLS 594 
NROWS 330 
XLLCORNER -15 
YLLCORNER 23 
CELLSIZE 0.166666666666667 
NODATA_value -9999 
[rows 220 to 239 of 330, columns 423 to 469 of 594]
7.4532735379762e-05 3.54870455339551e-05 2.73264645329618e-06 3.21102943416918e-05 7.02759287378285e-05 9.21226222999394e-05 0.00011260378305451 0.000104702889802866 7.4592280361685e-05 5.14730905706529e-05 3.5362454400456e-05 1.76183818439313e-05 3.2142882446351e-05 1.18103966087801e-05 1.41286304824462e-05 3.40829450351521e-06 2.68695107479289e-06 1.69293056387687e-05 4.31550190569396e-06 1.19108411581692e-05 3.54365968178172e-06 2.62276690818908e-06 2.59327836147349e-06 6.99621905368986e-06 2.73406325277392e-06 3.53661396275129e-06 2.52773558031549e-06 3.73973657588067e-06 4.67079908048618e-06 5.45408277048409e-06 1.05497641925467e-05 1.82109914931061e-05 1.11827589080349e-05 4.19573169892828e-05 4.03303958592005e-05 6.33931113043218e-06 6.18037822732731e-06 3.1475934520131e-06 1.92199626098954e-06 3.36592950134218e-06 3.54311127921392e-06 1.71472049714794e-06 1.44193671189896e-06 2.03232582407509e-06 1.28982684941548e-06 8.17631473637448e-07 6.97847026742693e-07
4.12321794556192e-06 3.5339690384717e-06 1.29118549807572e-06 1.28418503209105e-06 4.20996417233255e-05 3.34903001203202e-05 2.41427978835418e-05 5.80024152441183e-05 5.67667342693312e-05 4.12063691328513e-05 3.30805369230802e-05 9.14044021556038e-06 7.35289545445994e-06 1.77893985892297e-05 1.46853913975065e-05 6.3509913161397e-06 4.59700299870747e-06 9.89476920949528e-06 4.4539524310494e-06 1.62721700007751e-06 1.55806505404144e-06 2.01662916197165e-06 2.04721261525265e-06 2.47219595621573e-06 2.77742403795855e-06 2.71646111968948e-06 1.77829052745437e-06 2.69350708776983e-06 1.69962813743041e-06 2.4397104880336e-06 1.67912793358482e-06 2.63007932517212e-06 2.98556811912931e-06 2.60033198173915e-06 3.2698087920835e-06 6.41092165096779e-06 1.18020559057186e-05 2.45402648033632e-06 3.89765535828701e-06 2.56596393910513e-06 5.35292563199619e-06 9.98920181700669e-06 7.58523638069164e-06 1.48332154594755e-06 1.38665946565197e-06 1.46145168287148e-06 1.52727452586987e-06
7.23362186363374e-06 5.19352395258466e-06 1.18628835934942e-05 7.08728648532997e-06 2.46683401883274e-06 2.47209581516472e-06 8.95311277417932e-06 2.83678176856483e-05 1.69536219800648e-05 3.37171712089912e-05 2.80575670331018e-05 1.2931029596075e-05 1.66468846146017e-05 1.58855254994705e-06 4.84188676637132e-06 5.81649237574311e-06 1.3760311844635e-06 3.12632971599669e-06 6.49533869818697e-06 1.13071868099723e-06 1.1090188934304e-06 1.1591900545227e-06 1.11790752157503e-06 1.23770205391338e-06 2.01562519350773e-06 2.04384948006009e-06 1.66993842185548e-06 1.2656348303608e-06 1.52079700228569e-06 1.40261189471857e-06 3.94294416992125e-06 1.95760984524895e-06 2.51377226732075e-06 1.91079827800422e-06 1.78601910647558e-06 1.61585701334843e-06 2.17167655591766e-06 4.63682804365817e-06 3.49030214010782e-06 1.77128054019704e-06 1.00586090411525e-05 1.20873099149321e-05 2.36816896972414e-06 1.46234369253762e-06 3.27177607459816e-06 1.16854077418793e-06 5.63543733278493e-07
5.85852721997071e-05 1.24128395782463e-05 6.00738119374e-06 6.090884266996e-06 1.22812115250781e-06 1.7737620794378e-06 1.38553406941355e-05 1.41998350954964e-05 3.63748118843432e-06 2.29813509804444e-06 1.93068906810367e-05 1.94005120647489e-05 1.30850137793459e-05 1.48505278048106e-06 9.99194367068412e-06 6.2108774045555e-06 7.31611567061918e-06 6.93707638674823e-06 8.15573330328334e-06 1.84505771585464e-06 9.45634076288115e-07 9.1936900616929e-07 9.00584080909539e-07 1.01412143749258e-06 1.56113325715523e-06 1.36917717554752e-06 1.05666125023163e-06 1.36875760858857e-06 1.07361409504847e-06 1.7827451301855e-06 2.10589874427569e-06 1.54805343868247e-06 3.84186938617859e-06 2.12375091450667e-06 1.54148511910535e-06 1.37645004656406e-06 1.23601436712306e-06 1.06476570067571e-06 2.17636084016704e-06 1.67231576142512e-06 1.10894168301456e-06 1.06025866443815e-05 4.74257794849109e-06 1.90737864045332e-06 6.20753598923329e-06 7.25910390428908e-06 3.00789969287507e-06
3.61731514203711e-05 2.71196875473834e-05 2.2762892422179e-05 1.72749029843544e-05 3.89940743161787e-06 3.17214164624602e-06 7.08236293576192e-06 9.74530994426459e-06 8.10752503639378e-06 1.39749620871044e-06 2.08540481025921e-06 3.22602952564921e-06 1.59822406203602e-05 4.79334119063424e-06 2.58209031471779e-06 6.97144159857999e-06 3.17374382348135e-06 1.67326857081207e-06 1.42223886427928e-06 6.64243782466656e-07 6.21547809487311e-07 8.38150941717686e-07 8.80700113725652e-07 8.46108801511036e-07 1.10972648315055e-06 1.05001420820372e-06 8.13210627370609e-07 1.08959699218758e-06 1.12522131416881e-06 1.27200358406299e-06 9.59015812895814e-07 1.20966466283789e-06 1.50608807985009e-06 1.46409059311736e-06 1.55982101546215e-06 1.04708842059154e-06 1.01221453405742e-06 9.13329682816766e-07 8.78306616414193e-07 1.71795961705357e-06 9.76224441728846e-07 7.01836002008349e-06 8.98071575647919e-06 7.5255129559082e-06 5.98779415668105e-06 5.76256186377577e-06 6.72272426527343e-07
1.49998776578286e-05 7.44507146919204e-06 2.3357750797004e-05 2.27619095312548e-05 7.00123473507119e-06 1.46893614214605e-06 1.51512556101352e-06 6.37806010672648e-07 6.55324579383887e-06 1.21787156786013e-06 1.05775467091007e-05 8.92445282261178e-06 3.96950056256173e-06 1.78397824015519e-06 9.7962324900891e-07 3.15301342652674e-06 8.62997876538429e-07 1.30906288688948e-06 1.27232982265468e-06 4.53253963428324e-07 5.94332982473134e-07 6.16784268459014e-07 8.24030405510712e-07 4.05284805538031e-07 1.82591581960878e-06 8.20028702719355e-07 9.21680205578923e-07 8.41847131027862e-07 8.67236471435717e-07 9.30055296066712e-07 1.02958840102474e-06 1.06283654304207e-06 1.10935684460856e-06 1.07079592339687e-06 8.03573979624161e-07 8.30509634397458e-07 1.07966118889635e-06 1.02392320400213e-06 8.8582715704888e-07 6.91056791310984e-06 1.49037065284574e-06 1.14836593070322e-06 7.40567206776177e-06 6.47544493403984e-06 5.78696171942283e-06 4.77578237223497e-06 9.93816045991025e-07
3.16857687039374e-06 8.62354631863127e-06 2.50969453190919e-05 1.95730131963501e-05 3.03736829891932e-06 1.26067193946255e-06 1.00535765454879e-06 9.81668185318085e-07 1.18397695132444e-06 1.57745899400652e-06 2.17052596553913e-06 5.17686266903183e-06 6.99579409229045e-06 6.5271392941213e-06 6.67399535814184e-06 6.53251131552679e-06 2.52567004963566e-06 1.07351088729501e-06 7.87198308671577e-07 7.26512357118736e-07 3.43068015240533e-07 3.17555880258169e-07 3.27260745791591e-07 5.49728977716768e-07 1.32868711375522e-06 1.59760949358656e-07 5.23516919770373e-07 6.71744570013288e-07 7.3128098563302e-07 7.78624510644477e-07 9.60538159233693e-07 8.69129311809047e-07 8.73096303166676e-07 8.90212157855785e-07 9.49446513232033e-07 7.7692254478734e-07 5.25439466514399e-07 9.95232065292839e-07 1.49718745205973e-06 1.43571945159238e-06 7.03595451341243e-06 8.78590290653847e-07 6.00226462665887e-06 1.74671818626848e-06 6.24071544734761e-06 3.77105163806846e-06 3.10942300529859e-06
1.03023638530431e-05 9.29782777348009e-06 1.22808151900244e-05 1.86886112487628e-06 2.92069627221281e-06 2.44020036461734e-06 1.66566816801605e-06 6.22108731818116e-07 6.70478345909942e-07 6.39792972378928e-07 9.3917784624864e-07 1.20644501180323e-06 3.1607027381142e-06 7.78398625698173e-06 6.55053527225391e-06 4.45321891220374e-06 4.42058662883937e-06 3.61437321316771e-06 3.20247861509415e-06 8.89723824570865e-07 2.5135388000308e-06 8.14494958945033e-07 4.13547164157535e-07 3.02552480491158e-07 3.5393212414192e-07 4.5472246057443e-07 4.06480323533742e-07 5.44995572226981e-07 6.1288163806239e-07 5.62048424512795e-07 8.66761192241938e-07 7.18464804094765e-07 7.25424487768578e-07 6.35793543324326e-07 4.79243107065486e-07 4.78275282489449e-07 3.18555466094494e-07 4.90512206852145e-07 3.48241836434227e-07 1.76551378672229e-06 4.91987887016876e-06 4.1082529094183e-07 4.74089411000023e-06 1.37308051080254e-06 3.89039234960364e-06 3.01683735415281e-06 2.72547329132067e-06
3.67759596429096e-06 7.96951617303421e-06 8.04234132374404e-06 8.2277282672294e-06 3.88604637464596e-06 1.33364359271582e-06 5.79729838534604e-07 1.50451776903537e-06 1.6967414580904e-06 4.70674255836911e-07 1.13230181568724e-06 1.96314837808131e-06 1.07167861074231e-06 1.04247777699129e-06 4.35331519383908e-06 5.67052118185529e-06 4.8861284767554e-06 4.25097084644221e-06 3.32079151803555e-06 2.54949177360686e-06 2.37738803434695e-06 2.5734380301401e-06 2.55236185466856e-06 6.49385188467022e-07 3.37795910354544e-07 4.22840099645327e-07 3.94403501502438e-07 2.78687449650761e-07 3.4208867560892e-07 5.50956552558546e-07 2.86452073794408e-07 5.99271183432393e-07 4.87070684584978e-07 4.88868028014622e-07 6.53049912102688e-07 6.95869570677132e-07 2.79008753523158e-07 4.29630254927815e-07 2.80593724255596e-07 6.76723510650845e-07 3.74484959593246e-06 5.80164191887889e-07 3.00476150982831e-07 1.36729404971447e-06 3.29989163674327e-06 2.71001676992455e-06 1.62059096737721e-06
3.54413707555068e-06 2.07074759828174e-06 2.45315784468403e-06 1.58003878709678e-06 1.72824139781369e-06 1.22612898962871e-06 9.43036079092963e-07 1.23144872077319e-06 1.93725659869415e-06 1.46415797530608e-06 5.3968553629602e-06 5.723217736886e-06 4.97465539410769e-06 3.76954628791282e-06 3.76832001620642e-06 5.25060745530936e-06 4.7833738335612e-06 4.32716119576071e-06 3.37230942477618e-06 2.8397200139807e-06 2.5755163278518e-06 2.20133075572448e-06 2.20670791577504e-06 9.76869588953377e-07 1.83023601607601e-07 2.02334999244158e-07 3.05883973794607e-07 3.24945662555365e-07 1.54675728225584e-07 4.99410806753531e-07 7.75824705101513e-07 8.69914902068558e-07 3.06166784014295e-07 5.50505427554526e-07 5.63473443548901e-07 5.80011234774247e-07 5.83816895982636e-07 5.47876993550744e-07 5.42468336561797e-07 2.25554101263015e-07 1.60656689445204e-06 4.86077861694412e-07 2.81154107995008e-07 3.52771128575569e-07 2.95541484547357e-06 2.60954024042803e-06 1.196449170493e-06
3.01949845606941e-06 2.15278500945715e-06 2.14963604321383e-06 2.38187700460912e-06 2.22578138391327e-06 1.48383804230434e-06 1.1472392941414e-06 1.91900096524478e-06 4.94399513684129e-07 2.74077274298179e-06 6.78996784131414e-07 4.71757921332028e-06 5.13376708113356e-06 6.25911968654691e-06 4.40922410689382e-06 4.50123227437871e-06 4.39997343164578e-06 3.9394260966219e-06 2.69948782261054e-06 2.95119764359697e-06 1.57871193096071e-06 2.2595780365009e-06 1.04029365672886e-06 4.05005270920356e-07 1.73468043129787e-07 2.32683398593281e-07 2.23618326344877e-07 1.69947458772413e-07 2.41745271978289e-07 1.62655383917354e-07 3.0193820492741e-07 1.82023051564784e-07 3.86623564452293e-07 4.56533842907447e-07 4.62894276154202e-07 5.8637779432047e-07 4.78938460446443e-07 3.77704881771024e-07 4.34485599498657e-07 2.60306697441592e-07 2.06513732905478e-06 2.17680260448105e-06 3.59488853973744e-06 1.06312919569973e-06 2.71890577607792e-07 3.81303621566076e-07 1.80780654090995e-06
4.54053706278046e-07 5.52386126173587e-07 3.88904707904203e-07 6.28313026140859e-07 1.03758328862114e-06 9.53790856783598e-07 2.54898048268615e-07 1.94799683583824e-07 1.5105928525827e-06 2.32743536088265e-07 2.0281421129198e-07 3.41511720591825e-07 2.73199253797429e-07 9.28663757804316e-07 1.37273299856133e-06 2.61430382124672e-06 3.68850596714765e-06 3.58626177785482e-06 3.32723612928021e-06 2.88481106736072e-06 2.56423905966585e-06 2.11479931522263e-06 1.91782426099962e-06 1.93823321978925e-06 1.8583193309496e-06 6.47068733883316e-07 1.8049739765047e-07 1.63330609836976e-07 1.88897564612489e-07 4.16926481250357e-07 3.2578448951881e-07 2.46247914503783e-07 2.28653025402537e-07 2.27642393468841e-07 2.61273193302713e-07 5.82341694155275e-07 6.37225947741626e-07 2.08184339953732e-06 3.00989077004488e-06 2.2330205297294e-06 3.07409687820837e-06 3.0194315627341e-06 2.58859250834576e-06 2.36352298088605e-06 3.42282561405227e-07 1.02743558159091e-06 1.24964118413118e-06
1.25724600366084e-06 7.02578921618624e-07 4.99533643960604e-07 4.1612907466515e-07 4.35940290799408e-07 7.45652724276624e-07 1.73257518554237e-07 2.00430989849565e-07 1.58620928658593e-07 1.11881234943212e-07 1.71376353819142e-07 1.10610961314706e-06 8.89957004801545e-07 2.13686993077999e-07 6.57374388879362e-07 2.05990120321076e-06 1.41211963864407e-06 1.94535821265163e-06 2.83481301721622e-06 2.50213807930777e-06 2.32313474270995e-06 1.84351680445616e-06 1.72388387227329e-06 1.65607351618746e-06 2.22838965555638e-06 2.21572400960213e-06 1.94784524865099e-06 1.18094899335119e-06 3.25905683951078e-07 7.16523058486018e-07 2.7950152343692e-07 1.65845847845958e-06 1.66049782706068e-06 2.54783907394085e-07 5.98034195320452e-07 9.42631459110999e-07 2.10670686584535e-07 1.8765742083815e-06 1.6559395078275e-06 2.08019642968793e-06 1.67354524478469e-06 2.83472475075541e-06 1.85077049081883e-06 1.84497646955606e-06 1.27885483038881e-06 8.13861893789181e-07 5.49184572946615e-06
8.61742799429521e-07 1.36061823923228e-06 9.2856934656993e-07 6.64408383954651e-07 1.90914836366574e-06 4.40842504190186e-07 2.70627423759606e-07 8.85251363769157e-08 1.00209940612217e-07 1.42443844453055e-07 8.75852677495459e-08 8.39281803166614e-08 2.06787840539846e-07 2.1606157503129e-07 3.43351678111503e-07 4.41498274028618e-07 7.90010352602621e-07 2.09613031074696e-06 1.96807533257015e-06 1.8858372413888e-06 1.79729448746002e-06 1.72490017007476e-06 1.57428077613986e-06 1.47530058711709e-06 1.42880525118017e-06 1.42591285907656e-06 1.96964686551837e-06 8.84903303699502e-07 8.74215521662336e-07 2.09861166666769e-07 1.66460146999725e-07 4.1265167851634e-07 2.88142758790855e-06 4.57748436133443e-07 1.36051896220124e-06 1.81912399739304e-06 6.49804067620607e-07 1.05265056333792e-06 6.58783859819323e-07 2.2016451566742e-06 1.71544975842153e-06 2.66797036374555e-06 2.73139800128774e-06 1.65772271998321e-07 3.86731858981193e-07 8.040728260994e-07 1.64768243848812e-06
2.20505176002916e-06 1.61442983426241e-06 1.01491148143396e-06 5.61599549087077e-07 3.98668468051255e-06 1.27618954479658e-06 6.93291212883196e-07 1.17253233611336e-07 3.6549243702666e-07 1.21226243265937e-07 8.6468548587959e-08 9.32065077563493e-08 1.27962177742802e-07 2.82928611738953e-07 7.82183906267164e-07 1.89208884648906e-06 1.52903031676033e-06 1.79728554599023e-06 1.72816294821132e-06 1.75759561216182e-06 1.68800183359963e-06 1.63845722909173e-06 1.42360880204251e-06 1.3317197044671e-06 1.26729308362883e-06 1.22973833640572e-06 1.24054807884022e-06 1.29440654745849e-06 5.77283067570988e-07 1.22655558243423e-07 3.88334728995687e-07 1.27774721931928e-06 1.8368201267549e-06 2.44224761445366e-06 1.89018286960163e-06 1.08248019046187e-06 2.25989628006573e-06 1.6829119886097e-06 6.78331809922383e-07 1.19137029059857e-06 1.67244429576385e-06 6.53186489785185e-07 1.42404841767529e-06 1.71790788385806e-06 1.27368802509409e-06 1.21911597830149e-06 1.10100138499547e-06
9.22147339110779e-07 1.14170264851055e-06 1.52360422589481e-06 1.89799037570992e-06 2.56257600312892e-06 1.62298156283214e-05 6.84700519286707e-06 1.29019573478217e-06 2.00525548166297e-07 1.01299463395321e-07 1.76372473603692e-07 1.55075341012889e-07 4.919334259057e-07 9.54663346419693e-07 9.5399236670346e-07 1.82976350515673e-06 1.43168740578403e-06 1.09753116248612e-06 1.30501023818397e-06 1.60515592142474e-06 1.65557869991062e-06 1.58535939362991e-06 1.95050315028311e-06 9.77127633916552e-08 5.46952159652392e-07 8.51600830742427e-08 7.78284068303492e-08 1.56826941406507e-06 1.61742547106769e-06 1.22110646927354e-07 1.73021111748994e-07 3.32903809407981e-07 3.4709221807816e-07 1.60324921694155e-07 1.07022502149334e-07 3.78224036978736e-07 1.58367600420206e-06 8.94137474460877e-07 1.30035928123107e-06 2.90235148270312e-07 8.18664311452721e-08 1.33098206589466e-07 9.73555643213331e-07 9.54346111825544e-07 9.82154264761448e-07 9.26361792608077e-07 6.38887993886783e-07
5.95762307966652e-06 2.66464567175717e-06 3.29932827298762e-06 3.40922546229194e-06 1.04569792938491e-05 3.59844393642561e-05 5.45939570656628e-05 0.000134621315373806 1.03221067547565e-05 2.10920325116604e-07 1.85917060946394e-07 8.63570427611649e-08 7.0121337714113e-08 2.10690595991991e-07 6.07588293632944e-07 3.27873661376543e-07 7.0087087635784e-07 1.19579455031271e-06 7.5693838823554e-07 1.85984554263996e-06 1.73165993828661e-06 1.5570465222936e-06 1.65705689596507e-06 2.0636996111989e-06 1.33807618567516e-06 9.89330848710779e-07 6.98456823045035e-08 9.2107094928906e-07 1.63413325822148e-06 1.22163021956112e-06 9.46588716033148e-07 1.06290646044727e-06 1.54148829665246e-06 1.67643014492569e-07 1.74554496368273e-07 2.10008811762918e-07 1.61342976667811e-07 5.94413378962599e-07 1.07310532939664e-06 1.04112851033733e-06 4.42241538678445e-07 3.86675051800012e-07 8.11064035133313e-07 6.33629204571662e-07 6.38337328950911e-07 5.02193533691297e-07 1.51355797584074e-07
2.04213020538191e-06 2.87260775735376e-06 3.47515839393964e-06 3.51809226231126e-06 6.29767305326823e-06 1.32507962462114e-05 3.97105643060058e-05 0.000188423747749766 0.000768449204042554 9.17394710995723e-05 6.15924645899213e-06 1.77449330962531e-07 1.3053935674634e-06 1.0457077870285e-07 1.33135236168869e-07 9.50969223367792e-08 1.45333390833002e-07 3.89183537663484e-07 9.27910275549948e-07 1.60845610821525e-06 5.93561352957295e-07 1.13303505600015e-06 1.54072027385155e-06 8.25946727900373e-07 4.26925301155734e-07 2.89209097559251e-07 1.47642383296898e-07 7.06969263575274e-08 1.25278546079244e-06 1.07005321297038e-06 4.47941434345012e-07 5.08859091041813e-07 4.63258268723621e-07 8.32045705578821e-07 1.61565824186027e-07 1.80878509326021e-07 1.84182221119045e-07 1.13356042419355e-07 1.19215477312196e-07 6.22728131816075e-07 5.75564088833858e-08 4.22755586981793e-08 4.21528641325608e-08 9.48977588066668e-08 3.69172552083796e-08 1.43175648759097e-07 3.55051356315528e-08
5.51606531473681e-07 9.03812551200645e-07 2.39816903899737e-06 1.3506774621419e-05 2.12594003642153e-05 6.95132337568793e-05 4.80897439047112e-05 4.57189558801474e-05 0.000128939459682442 0.000505932181840762 0.000889604658004828 2.939661644632e-05 2.43327658608905e-06 1.19011082233555e-06 4.07621514320056e-08 4.65622609624461e-07 7.77858790712571e-08 6.63194688499402e-08 1.60661157622144e-07 3.39334111743028e-07 5.7174553802497e-08 3.07036358293544e-07 9.85569482736537e-07 3.13271235086177e-07 5.89836869124838e-08 8.56346815680809e-08 9.31995060682311e-08 8.84702881620569e-08 9.88056989115194e-08 1.56244609073042e-07 8.07423727877676e-08 2.57309761053648e-07 1.32571470956577e-07 1.37347625184248e-07 1.27375272285235e-07 1.04485733132265e-07 1.31092295774238e-07 1.38409533789741e-07 9.18211462419549e-08 2.91976454036558e-07 1.13178496974342e-07 5.3876376071571e-08 4.05797546676467e-08 3.19467378773197e-08 3.48266000926856e-08 3.42735398284333e-08 3.14282067037652e-08
2.55410056126948e-07 1.12951194353172e-06 3.01487810361323e-06 5.13464719915646e-06 3.60868663847214e-05 3.62096860044403e-05 2.51256553383428e-05 5.21765201483504e-05 0.000147528714296641 0.000109783743755543 6.67808377329493e-05 0.000380532498820685 0.000233278112864355 9.11560698568792e-06 1.57358666115215e-06 1.59556287258056e-06 4.73708595905009e-07 6.89678651966119e-08 8.77557898348868e-08 1.24641045928797e-07 4.22293505053517e-08 2.94077777240886e-08 4.24543710408898e-08 9.44057447327395e-07 6.84237782877517e-08 3.60437946156367e-08 4.411281704364e-08 5.17817456469061e-08 8.447253563304e-08 8.42706096904067e-08 9.68322627414864e-08 7.55752814995958e-08 6.84845597120898e-08 8.10468105072459e-08 8.63495561276295e-08 8.99685595356914e-08 1.05676983608305e-07 8.82225783982449e-08 1.78824611651862e-07 8.87535556159946e-08 2.54602983318364e-07 7.66858427425632e-08 5.9312029598857e-08 3.67458335759352e-08 1.64837964167219e-08 2.47824559984622e-08 2.61177015126179e-08
