Maxent_result_files_1/Bombus_vestalis_3.asc
NCOLS 594 
NROWS 330 
XLLCORNER -15 
YLLCORNER 23 
CELLSIZE 0.166666666666667 
NODATA_value -9999 
[rows 80 to 99 of 330, columns 225 to 269 of 594]
-9999 -9999 -9999 -9999 -9999 -9999 -9999 -9999 -9999 -9999 -9999 1.89525454288741e-05 0.000110322988439293 3.4167721241829e-05 8.45274079210867e-06 2.51574232834173e-05 0.00013631446454383 2.53980218985816e-05 0.000110431837538272 0.000174638328007859 6.5662093930996e-07 3.06687017541663e-06 1.67571830047564e-06 3.25519546549913e-05 1.27171680048832e-05 1.35732899906316e-06 9.91076490208798e-07 2.06077617548317e-07 6.0828980599581e-05 2.73800304029237e-07 5.53203679373837e-05 6.78049883845233e-05 3.55224092800199e-05 0.000136610627669143 3.92038855352439e-05 5.40457622264512e-05 6.20102127868449e-06 3.94161253552738e-05 9.19868866731122e-06 0.000101553003787558 2.46720263021416e-05 9.60627858148655e-07 3.60316192882237e-07 1.30889084744013e-06 6.81930151813503e-07
-9999 -9999 -9999 -9999 -9999 -9999 -9999 -9999 -9999 0.000244510197603631 0.000213204140254675 3.49330900462519e-05 3.43869694916066e-05 1.10812612092559e-05 2.89344465272734e-05 2.21081821564439e-05 1.44832595196931e-06 1.11411525494987e-05 0.00021504591086341 0.000400750108565262 1.57194483847434e-06 7.41541466595663e-06 2.00623878043871e-07 0.00056648411759852 8.86753887243685e-06 1.4414037110555e-07 3.43482862028566e-06 7.48487472446158e-08 2.26230608291189e-07 1.33327471075972e-05 5.86769823485156e-06 2.83380397831934e-06 2.62785331869964e-05 9.17462366942345e-05 1.79235611994955e-05 0.000227927566265862 4.05012785449799e-05 1.34565979124091e-06 1.11182185378311e-06 3.01743813224675e-06 5.83210397735456e-06 1.01650810393039e-05 1.79613319687633e-05 1.41015116241761e-06 2.55786551406345e-07
-9999 -9999 -9999 -9999 -9999 -9999 -9999 -9999 0.000101508062107314 0.000772854300521431 6.02152123519772e-05 4.91579409754195e-05 4.79852351418231e-05 0.000225448692708596 0.00010325103176001 1.92026311424343e-05 0.000114609276033661 2.81298727259127e-05 3.45964140251454e-06 0.000624557151786576 0.000446827868654509 0.000121391294669593 1.96570403886653e-05 0.000383114542819385 9.20547017813078e-07 3.3056440713608e-07 7.69198180705644e-08 9.08562542534241e-08 1.5334967201408e-06 2.90202325459177e-06 5.46721489058655e-07 5.57199932700314e-06 6.82424968090345e-07 5.13550779714933e-06 1.97695260311548e-05 0.000198293690323226 3.65419524655408e-05 1.54563847445388e-05 0.000203380825018939 1.45820892385018e-05 7.77985103923129e-05 0.000121321495498705 2.33958080571028e-06 3.16923325840435e-06 4.04173505899053e-06
-9999 -9999 -9999 -9999 -9999 -9999 -9999 0.000774867707878002 0.000604638720869843 4.74071900498529e-05 9.20961606425408e-06 2.61607938227826e-05 6.74142394586852e-05 0.000142416301787307 0.000116750574397884 0.000225621787649288 9.83714284757298e-05 0.000581607268395601 5.05084563883429e-05 1.14439223466434e-06 5.43701739843527e-05 1.98477651792928e-05 7.06414662090538e-06 1.03233055028795e-06 2.61231944023166e-05 1.08689882210911e-05 2.10139832233835e-05 7.53529602093295e-06 1.44265456412995e-05 1.0820407180745e-05 6.09826949187209e-06 1.65678406546021e-05 9.88689608334425e-06 1.15283570949032e-05 1.75646702160748e-06 3.94818326299173e-07 6.79762499657954e-06 1.37988365054298e-06 5.14652941546956e-05 7.15992712230218e-07 1.13576999183351e-07 0.000177895503020409 2.12372708858766e-06 1.87421153100331e-05 1.47660293350782e-05
-9999 -9999 -9999 -9999 8.56749730360207e-06 0.000351365054484631 0.000103469624309582 4.70408079308982e-05 0.000196988715651969 0.00145596037509677 6.35389380931883e-05 0.000187870035279047 0.000807259279827122 0.000368610390432877 0.000512330688434304 5.33383375113772e-05 0.000349047244708345 9.64433061199088e-05 0.000237561188259861 0.000350533654273022 4.06963292334694e-05 1.0136649927972e-05 0.000133715083939023 3.33716523073235e-06 7.11967361439747e-05 3.86852989322506e-06 3.47971871065056e-05 3.08350740397145e-05 4.39561081293505e-05 1.52407762698203e-05 1.30069546884215e-06 2.051558701055e-05 8.20592543959719e-07 1.13532061050137e-06 1.4514352653805e-05 2.67220411274138e-06 5.28739700484948e-06 5.40828155237705e-06 7.81048052544975e-06 8.9999700549015e-06 8.82316001025174e-06 5.29412066043733e-06 3.09982678459164e-07 2.56669213740679e-06 1.80886499947519e-06
-9999 8.83520369825419e-05 0.000180027580609021 0.000241668082253454 6.47653495207123e-05 4.02162742830114e-05 2.83053551811463e-05 4.71223055683367e-05 9.49601582078685e-07 6.16877417996875e-05 0.000162082409042341 0.00212133644454298 0.000117325652263389 0.000224534413064248 1.2910749819639e-05 0.00191604104693397 0.00248100872704526 0.000488861628764425 4.21926392846217e-05 7.21656849236751e-05 0.000228869005513843 2.07735781486917e-05 4.19123881783889e-05 0.000245107372029452 1.34656271711719e-05 0.00100510066040442 0.00110182828175311 5.16999753926939e-05 0.000380865794977581 2.82672993535016e-05 4.77136960171265e-05 2.03547460841946e-06 2.32042070535954e-07 2.88156235512815e-05 4.52898081334752e-05 6.7276464335464e-06 2.8738234186676e-05 1.09235196902091e-05 1.21817799993096e-05 4.15321084119569e-06 2.55914105480315e-06 2.3325206939262e-06 6.66108189761871e-06 2.52868669008421e-06 1.73401734002709e-06
8.33903231068689e-05 0.000857477312456467 0.000117169556870067 0.000144457226269878 4.65706415525347e-05 4.38419080182939e-05 4.04390167886959e-05 4.86226251496191e-05 5.39725317594275e-06 6.30493025255419e-06 2.47038832640101e-05 4.28318820922868e-05 1.02740503734822e-05 2.5187645405822e-06 2.55706738698791e-05 0.000428896693483694 0.00194670798664447 0.000554972499230644 0.000113160898308706 0.000130777584490716 7.10276858626457e-06 2.40211538766744e-05 0.000381770141939342 2.94572748316568e-05 0.000315479250821227 0.000881313120407867 3.62626137757616e-05 9.0738815572422e-08 0.000109353606057994 2.57497746588342e-05 9.01897654102868e-05 3.88486287192791e-05 7.71066021343358e-06 6.67793239017556e-06 2.26266138270148e-06 3.14504704306273e-06 4.37395413541708e-06 5.71884154396685e-06 4.55678458877173e-06 3.19912814461532e-07 1.64051708679835e-05 1.08738449739576e-05 4.78407500281719e-06 1.18944457312864e-05 5.59905932391302e-06
0.000269105421830318 0.00223570745438337 5.50162574654678e-05 5.57556630155886e-05 1.54960991608277e-05 2.91955743023209e-05 9.7621397912917e-06 0.000174033783969207 3.32430058733735e-06 8.05742240572727e-07 0.000174971760816334 1.69749091810445e-05 1.69698037552735e-05 3.29425234895098e-06 3.05242347167223e-05 1.3332749381334e-05 1.75626375948923e-05 1.34644147465224e-05 0.000148451334462152 0.000842531451780815 3.68760488299813e-05 2.59686850313301e-05 4.36199357864098e-05 4.32408617143665e-05 2.59255814398784e-05 0.000146901172593061 6.38870074908482e-05 4.36548312791274e-05 1.57367054498536e-06 1.13476674641788e-05 4.638523560061e-05 0.000221548502850055 2.06941207068212e-06 1.32169292101025e-05 1.30690058597338e-07 8.67400028710108e-06 7.76813575384949e-06 1.46566870000697e-05 3.30535252146547e-06 2.59587297364305e-06 3.24356507199752e-06 2.27466017008737e-06 4.34628205425724e-07 7.96452973190753e-06 1.94599489816483e-05
0.00110074794374668 0.00186468481697375 0.000811038281608489 0.000277642297442071 2.7471460043671e-06 4.54060346328333e-05 8.99173460311431e-07 0.000196812210924691 0.000460988745362556 1.40647472733235e-05 5.8887500244964e-07 2.83111024600657e-05 1.03350143490388e-05 1.73253152979669e-05 3.03221624108119e-05 9.18767116672825e-05 2.59687231846328e-05 2.87222403130727e-05 2.62719609054329e-05 2.15485491025902e-05 2.04047544684727e-05 6.39144934666547e-05 7.80453896368272e-05 8.43061434807169e-05 9.55673926910094e-06 2.48506342359178e-05 0.000117154637609929 0.000186337611557974 5.27933116245549e-07 8.91027079887863e-06 0.000462710437932401 0.000120854602300824 2.68578443183287e-05 3.02183374856213e-07 8.37543811371688e-07 1.83674014067492e-05 9.61624130013661e-06 6.45586488303707e-06 3.71541388858532e-05 3.64836189419293e-06 5.72136441334692e-08 3.77042853187959e-06 2.00507713721265e-06 2.23946661437324e-08 1.63637225787383e-06
2.82642681781908e-05 0.000872565181543905 0.000194488686065597 0.00028425962664187 5.9080618484586e-05 2.2710219855071e-05 3.55891192157287e-05 3.6648261470873e-06 0.00148852261845605 0.000245615276526223 9.80369557055383e-06 1.04934535556822e-05 0.000242062258257647 2.80143270629196e-05 2.18614843333853e-05 1.03420375126007e-05 6.57776674870547e-06 3.29164616687194e-05 7.56502395233838e-06 1.94825842754653e-05 1.80336882294796e-05 9.38870306981698e-05 4.0057264322968e-05 4.12860518736125e-05 1.02176236083551e-05 0.000217893234275834 4.59545918602089e-05 4.36924415225803e-05 2.34252865993767e-06 2.29737665335961e-07 7.64533807000589e-06 1.03517596361513e-06 5.93041720549081e-05 2.35544083011519e-06 2.69049765620366e-05 3.53882448678178e-06 2.47860603280969e-05 8.15135922493937e-06 1.28379094803677e-05 4.72559996183008e-06 2.92664917651564e-06 8.05129010359451e-06 5.74590195583369e-06 1.44360801357379e-05 8.39875064002627e-06
0.000364046410959418 0.000157077512267278 0.000536921312414052 0.000507469317381037 0.000217909230559599 7.37985346859205e-05 1.53721283254526e-05 7.64916902880941e-05 0.000149764306479483 4.05310145652038e-05 2.53333307682624e-05 2.34909208529643e-07 0.000104178430956381 4.84685063838697e-05 3.69784836948384e-05 4.72507085760299e-05 6.61977646814194e-06 6.58966519040405e-05 5.83087685754435e-05 8.06771407951601e-05 1.19331516543753e-06 4.87570637233148e-05 1.41516794656127e-05 5.05980996877042e-05 1.39747807679669e-05 1.08995877553753e-05 4.65942559912946e-07 1.94248190837243e-05 1.76822305775204e-05 1.55384231675271e-05 5.24021302794608e-08 1.69413268480412e-07 4.68819951038313e-07 1.5141923995543e-06 2.06944138653853e-05 7.03516770499846e-05 5.9550774977879e-07 8.1709603591662e-06 2.02823291260756e-05 9.0941943199141e-06 6.64128265270847e-06 7.3197777680889e-06 6.98569381256675e-06 1.14346874852345e-05 5.4050565779562e-06
0.000317498220829293 0.00484557706067493 4.59114216937451e-05 1.07698911619991e-06 1.92599998172227e-05 9.61279317380104e-05 0.0015769533087223 1.46112384300068e-05 1.40392331331896e-05 1.63701502742697e-05 2.59503181041509e-05 1.00666758498846e-05 2.45758785240469e-05 9.71853635746811e-05 0.000152128126546813 1.84742777946667e-05 2.10596225542758e-06 6.62775312321173e-07 2.32671491176006e-05 2.92135816835071e-05 7.42814336263109e-06 3.45423873568507e-05 1.58502406520711e-05 1.97772241790517e-05 1.56847816469963e-05 1.27998705920618e-05 1.30820446884172e-05 3.09584832393739e-05 5.50659674900089e-05 5.83094200010237e-05 2.33918362255281e-05 5.05476652845616e-07 1.0256924974783e-05 1.24866312489758e-05 4.93975028348359e-07 2.83892407423991e-05 2.92166170311248e-05 1.51524008742854e-05 9.94712356714445e-06 5.84931051434978e-06 8.4124517059081e-07 6.39034952314432e-06 9.69098846326233e-06 4.95094592878331e-06 1.62824048970833e-05
0.00289219188598508 0.00194035712847835 0.000169956020613427 0.000517267158102186 0.00182556348154321 1.85364143248989e-05 0.000357173716656689 8.4619218705484e-05 9.48819604218443e-06 4.11342512506962e-05 6.17585922555008e-05 9.12537992917351e-05 3.15771039367974e-05 2.43538522227027e-05 4.14752655160555e-05 1.86709798754237e-05 0.000146978182510793 1.03412656926594e-06 3.10092547124441e-05 1.22718539387279e-05 1.966050883766e-05 0.000156368214811664 2.63141094592356e-05 2.31932229780796e-05 1.20444536605646e-05 1.82451689852314e-05 4.98771466936887e-05 6.50118584417214e-05 1.64352633873932e-05 1.29427245610714e-05 9.24968659319347e-06 4.30905703296958e-07 6.75185600812256e-05 5.79607170038798e-05 1.84779793926282e-05 1.23801988252126e-06 1.84284895794917e-05 1.5411910567309e-05 1.57439063741549e-05 2.26573198460756e-05 1.27967480167968e-07 2.18270091068007e-07 1.441971129168e-07 3.4575247354951e-06 2.7635905240686e-06
0.00021186599142311 0.000201193385964871 0.00229933480841282 0.000146668206070899 9.25873211599537e-05 4.0156958039006e-05 0.000239546491138753 8.98591975783347e-05 2.58766658589593e-05 2.7643003340927e-05 4.34142712947505e-05 3.46023221936775e-05 3.97013245219569e-05 6.22835360445606e-05 4.9868113364937e-05 4.3653741477101e-05 0.000126756705321895 9.93770178865816e-05 0.000133760451353737 0.000283801397563366 1.66672680279589e-06 5.36810094331486e-07 8.13524320619763e-07 2.26023790332874e-06 1.95088331338411e-05 0.00010810694166139 3.21830483699159e-05 3.55987582679518e-05 2.77392570751545e-05 2.74600620286947e-05 7.93879322600333e-06 6.49050804213402e-05 1.7557741557539e-05 1.60015230221688e-06 8.97953549610975e-05 2.02629234763663e-05 2.46610311933182e-05 9.4717625870544e-06 1.15666410124504e-05 2.03443694772432e-05 1.84131520654773e-05 1.41973158118702e-07 8.86647743669755e-08 6.47720877680058e-06 1.76833227669704e-06
0.000113838525248866 0.000125841834051244 3.46728540989716e-05 6.13061562944495e-05 0.000343963694194827 3.10237539451919e-05 0.000233130988272023 3.53650051692966e-05 4.22236274062016e-05 6.98185633154935e-05 5.23960766258824e-05 5.33954502316192e-05 6.15790747360734e-05 3.57586865902704e-05 5.33005479610438e-05 4.25261971486179e-05 2.00715626306192e-05 0.000174545584559382 6.65515897708246e-05 2.39864380091603e-07 8.04328569756763e-06 8.4646384266307e-07 5.47467972410232e-05 9.71490737811109e-05 5.15592082592775e-05 4.70839686386171e-05 1.7245134085897e-05 1.73529577978115e-06 2.97214692182024e-05 6.23294155047915e-05 1.48391784705382e-05 9.71182663306536e-05 1.52175496168638e-06 8.95390248842887e-06 9.87078426533117e-06 1.66545276442776e-05 8.34523655157682e-06 5.84150554914231e-06 8.62816119479248e-05 4.32307757023409e-06 1.35029762304839e-05 5.15661400477541e-06 1.83732810910442e-05 4.06870287861238e-07 1.73077669842314e-05
0.000204768080220674 3.73963393940357e-05 2.66504201590578e-05 1.11603827008366e-05 0.000121686297097767 8.50376567541389e-05 4.97491671922035e-05 0.000298544736870099 4.46149398158013e-05 5.26209818417556e-05 5.19165034347679e-05 5.83960179938003e-05 3.34339016262675e-05 4.22552275267662e-05 2.99938393709454e-05 0.000303878502381849 5.91172560234554e-05 7.1477360870631e-05 4.26528838033846e-05 1.46321100373825e-06 3.27503419157438e-05 1.15848130917584e-05 0.000112289713069913 5.48368147065048e-05 2.77305396139127e-05 6.1005508996459e-05 3.48864423585837e-05 5.32311463530277e-07 2.26661314854937e-06 1.06957211983172e-05 8.13746323274245e-05 2.98000310067437e-05 1.59282168510799e-05 1.24357454751589e-05 6.94195660344121e-05 4.08896366366207e-07 3.13324587448704e-06 7.70093981827813e-07 1.47026154536434e-05 2.09051528599957e-05 1.0659467716323e-05 1.10650936449019e-06 3.5250406256182e-07 7.2086150225914e-06 5.33688631776386e-07
6.08367127824749e-05 9.35710316298355e-05 0.000510159515033592 5.27326172232279e-05 3.53599457412201e-05 3.70251046206249e-05 7.8116512941051e-05 0.000113936504567391 5.58419566004886e-05 7.8620567364851e-05 0.000201797143654403 7.47097967177979e-05 4.39982768057234e-05 4.09281931297301e-06 8.70026344273356e-05 0.00219686675627599 0.00116332880570553 7.24752453606925e-05 2.8389190845246e-05 1.39437678967624e-06 0.000128102113239947 4.70123146442347e-05 0.000499068522367452 7.09508794898284e-05 2.08917107556772e-05 7.89737919149047e-07 1.15402396545505e-05 3.08300544020312e-05 0.000104553181972733 4.36882728990895e-05 4.41721844936183e-05 8.27670808121184e-06 3.02140912481263e-05 1.63851506840729e-05 1.57572757188973e-05 1.72121217019594e-05 1.80264399887164e-05 5.28497503182734e-06 4.4259030005378e-07 3.82361330821368e-05 3.31646027689203e-06 3.59119415094256e-06 3.78638831115552e-06 1.00556103461713e-06 3.29688284182339e-05
0.000369137997768121 0.000195758656263934 0.00014068822547415 5.88903044445033e-06 5.46475528153678e-06 6.29661254606617e-05 2.67130817974248e-05 9.59081713517662e-05 0.00030264927790995 0.00011433354102337 7.90438321018883e-05 0.000658324557298329 0.000159691241697146 3.97744408473955e-05 0.000214691194469196 0.0004779295220942 6.21770300313074e-05 5.14679859406897e-05 1.93483970633679e-05 3.22470215451176e-05 0.000158404057583539 2.85790215230008e-05 2.63058723248832e-05 3.1072782303454e-05 2.68382504145848e-05 1.12161589385096e-06 7.76150966430578e-07 2.79050708741124e-05 7.64127107686363e-06 3.4386664037811e-05 4.44330139089288e-05 7.39719635930669e-05 2.04928178845876e-05 8.13913527281329e-05 4.27572427724954e-05 6.45233032514625e-07 7.09402007714743e-06 7.42526400472343e-06 3.11312536211972e-06 1.33085061634119e-05 3.66258918802487e-06 4.80782344425279e-07 0.000128341044364788 0.0110414991533617 2.45177510350914e-05
0.000156370451986731 0.000306832613023289 0.000925062324677128 0.000986870697670383 0.000300624671763217 0.000949977842174121 0.000669742026366293 6.9238811647665e-06 6.285933466188e-06 4.03394965360349e-06 3.63668343652535e-06 7.532016593359e-06 5.43340838703443e-06 0.000392257282146602 0.000125085405670688 0.000387024577503325 5.67474886338459e-05 3.35211287165293e-05 2.43037312429806e-05 7.79826345933543e-06 2.71860462817131e-06 1.85508679351187e-05 7.79103443164786e-05 6.41382854155381e-05 3.58132392193511e-05 3.2166346682061e-05 3.82542983970779e-05 3.93476315821317e-05 2.16674094417613e-06 3.48675152054057e-05 1.08456061980178e-06 4.77494319284233e-07 8.95625221346563e-06 1.37766900479619e-05 1.22063540175077e-05 1.24543579204328e-05 7.65372467412817e-06 7.5374008019935e-06 1.80558652573382e-05 1.01576994893549e-05 3.60187738806417e-05 3.62497032710962e-06 8.62802736264712e-05 0.000269698973352206 0.000243561732077069
0.0018807647509675 0.000195114060625201 0.000131426503139664 2.90872920231777e-05 0.00123599388170987 4.36054112924467e-06 3.88368339372391e-06 1.43610702219021e-09 9.46455375014921e-06 3.03099363918591e-06 6.10038468948915e-06 0.000197492278675782 0.000102851753945288 3.22621859595529e-05 6.50072506687138e-05 9.17721725272713e-05 7.51614299588255e-05 6.03565798030559e-05 1.42840352168605e-06 2.41639628484336e-06 0.000108703287151002 0.000101284611901065 0.000170714269006567 7.15033321284864e-05 3.02479989841231e-05 3.46840192378295e-05 2.67476591943705e-05 0.000200889728785114 0.00015792254803273 1.95937178887107e-05 4.75955420142782e-07 1.03908463643165e-05 6.8145444856782e-06 3.96871339347626e-07 1.01860518498142e-05 3.36264048428347e-07 9.69324685229367e-07 3.87261248761206e-05 5.06570543166163e-05 2.35629455573871e-06 6.45269371943868e-05 6.42985877220781e-05 2.38272100432368e-05 0.00217148732226633 0.000205448254655494
