Maxent_result_files_1/Bombus_barbutellus_3.asc
NCOLS 594 
NROWS 330 
XLLCORNER -15 
YLLCORNER 23 
CELLSIZE 0.166666666666667 
NODATA_value -9999 
[rows 240 to 259 of 330, columns 276 to 321 of 594]
0.0764916274696588 0.400666463375092 0.0833503790199757 0.106063459813595 0.236497378349304 0.141667301207781 0.121823781728745 0.0999345667660236 0.726220732927322 0.340445829927921 0.0227162662893534 0.0269238609820604 0.0263967094942927 0.0151823985390365 0.0136278841644526 0.0127165234647691 0.00734624760225415 0.013719407748431 0.02652891818434 0.00785836218856275 0.0164246712811291 0.0870966203510761 0.306067231297493 0.0252040408551693 0.0266980832442641 0.0336734464392066 0.0343146810308099 0.0903503753244877 0.10392869785428 0.141466896981001 0.082038114219904 0.162017899006605 0.190913102030754 0.0309313515201211 0.0319698102772236 0.0166012562811375 0.0190518707968295 0.0143871678039432 0.00873026745393872 0.00470366086810827 0.00416174761485308 0.00968490461818874 0.0160566314123571 0.00750318937934935 0.00139934576582164 0.000456654906156473
0.327632540464401 0.130481902509928 0.251414436101913 0.103178592771292 0.160355566442013 0.241884055733681 0.158120645582676 0.122164488583803 0.097599495947361 0.0580206099897623 0.0231746407225728 0.0313167663291097 0.015289853233844 0.0130784920416772 0.0142792482860386 0.0125254427082837 0.0165187228471041 0.00914943674579263 0.00827934104017913 0.0124258340336382 0.0133326796814799 0.0286250151693821 0.0724510472267866 0.0260810773819685 0.0351944502443075 0.208778862655163 0.0536294348537922 0.087549002468586 0.03625298589468 0.127010783553123 0.150554754585028 0.288629069924355 0.332468524575233 0.0282436968758702 0.00363992876373231 0.00179632093640976 0.0170906993560493 0.0119088265113533 0.00874713826924562 0.0035323619376868 0.00154501523356885 0.00109216467244551 0.000445133891480509 0.00105179480160587 0.000220187779632397 0.000802993326215074
0.140481206029654 0.135785925388336 0.240850038826466 0.11299083083868 0.124622551351786 0.101138583570719 0.0578383054584265 0.155179847031832 0.0394497938454151 0.0307015433907509 0.0574975054711103 0.0282714199274778 0.0152923061512411 0.0135285499505699 0.0101820497773588 0.00585868721827865 0.00590075762011111 0.00595717611722648 0.0263966601341963 0.0227075178176165 0.0405144298449159 0.0651543080806732 0.0172426302917302 0.0732909195125103 0.0751795884221792 0.0531768042594194 0.0165144776925445 0.0446971941739321 0.0328876636922359 0.0643430229276419 0.128813825547695 0.177693749964237 0.173070462793112 0.0398548763245344 0.00131105220061727 0.0172537051141262 0.00696373623795807 0.00406356658786535 0.00106929632020183 0.000718863023212179 0.000429687267751433 0.000318637651798781 0.000115142723007011 0.000158015548367985 0.000313658161030617 0.000797004014020786
0.165757030248642 0.0379141539335251 0.0500588811933994 0.0824682362377644 0.0447327399626374 0.156242319941521 0.223658414185047 0.0372096823528409 0.0497378662228584 0.0375964576378465 0.0242875792086124 0.0191564753651619 0.035355406627059 0.0181233081035316 0.0122694278135896 0.0115616855211556 0.0157324280589819 0.0274639457464218 0.0587735757231712 0.0863017775118351 0.0968643955886364 0.0328750373795629 0.113030732423067 0.0674554791301489 0.0623729325830936 0.0329008027911186 0.00834268494509161 0.0104327282868326 0.00501439995132387 0.00701183183118701 0.00753470077179372 0.0287404675036669 0.0561502821743488 0.126689502596855 0.00268832386936992 0.000697558934916742 0.000637829920742661 0.00132244115811773 0.000566658418392763 0.000331988793914206 0.000273643656692002 0.000140460748662008 0.000105301776784472 0.000165342658146983 0.000278346029517706 0.000210820212669205
0.02705880086869 0.0441754296422005 0.0902954258024693 0.0969381533563137 0.0663250580430031 0.222382512688637 0.117202740162611 0.0227457301691175 0.0301105514168739 0.0960319980978966 0.065374231338501 0.0466201942414045 0.0168470565229654 0.0458715822547674 0.0152260297909379 0.0128196640871465 0.0248955896124244 0.0133371317759156 0.0383601956069469 0.0515672273933887 0.197279696166515 0.405105099081993 0.0411028563976288 0.0568995200097561 0.012084680236876 0.00998830902390182 0.0115278333425522 0.00231804470531642 0.000982030382147059 0.000963964976835996 0.00229077002732083 0.0238361824303865 0.0274499762803316 0.114697843790054 0.00284368109423667 0.000682306991075166 0.00137441527331248 0.0015650543384254 0.000449182544252835 0.00031897878361633 0.000102200069159153 1.9952712864324e-05 1.87581963473349e-05 6.20878334302688e-05 5.0246972568857e-05 2.46866617999331e-05
0.016210157610476 0.00841343393549323 0.017079534381628 0.0298101363703609 0.0312954179942608 0.0567673660814762 0.0391749124974012 0.0321778329089284 0.0279213896021247 0.0248103100806475 0.0117945523932576 0.0166142708621919 0.0363138526678085 0.029269559495151 0.0301174763590097 0.0143158785067499 0.0597519654780626 0.0401523254811764 0.0335507331416011 0.0398103198036551 0.104330402612686 0.0472315846011043 0.0122929089702666 0.00192316216416657 0.00090471074800007 0.0203471944667399 0.0104778687004 0.00102241052663885 0.00227536302991211 0.0010660115221981 0.00131055401870981 0.0170865419320762 0.209820187091827 0.0566016342490911 0.00079299891658593 0.00158279382740147 0.00161369639681652 0.00104886388289742 0.0026004766812548 4.69752796561806e-05 3.00245872494997e-05 0.000104460557849961 3.20124161589774e-05 4.62562082248041e-05 3.43930510098289e-05 3.53842560798512e-05
0.00252340298611671 0.00201805405085906 0.0140771113336086 0.0133778939489275 0.0201494670473039 0.0949715666472912 0.0394092235714197 0.0387719223275781 0.0308578753843904 0.0323156153783202 0.0339417325332761 0.0474017355591059 0.0115635450929403 0.0117605239152908 0.0157127890735865 0.0175370262004435 0.0398778561502695 0.0363764770328999 0.0390435999259353 0.150612536072731 0.0479984873905778 0.0202097912319005 0.00498530727345496 0.00616271968465298 0.00163729431806132 0.00347368211951107 0.00346734162885696 0.00174959693686105 0.00321667704265565 0.0143828172236681 0.0744468651711941 0.234137862920761 0.18892108052969 0.00400083579588681 0.000516520254313946 0.000507195680984296 0.000392045523039997 0.000265445820696186 0.00023056446807459 0.000102291580333258 2.87860806565732e-05 2.33362043218222e-05 7.70448583352845e-05 2.78466942290834e-05 4.64949811430415e-05 4.58420149698213e-06
-9999 -9999 -9999 0.00741908522322774 0.0184405915439129 0.0235706564970314 0.0178007659502327 0.108335023373365 0.0371905237436295 0.028127083927393 0.0672376740723848 0.0294906340539455 0.059136762842536 0.00376529369968921 0.00826310124248266 0.05977568551898 0.0603468146175146 0.0149130279198289 0.0427413767203689 0.0322169883176684 0.0107323474250734 -9999 -9999 0.0586938198655844 0.000598489648837131 0.00089754585060291 0.000664455577498302 0.000824057057616301 -9999 -9999 -9999 0.0683421801775694 0.0588896311819553 0.000920474372105673 0.000475999705668073 0.000405294889060315 0.000742205762071535 0.000203122214588802 5.83295799515326e-05 5.35740035047638e-05 2.44846721216163e-05 2.02258463104954e-05 8.8546959523228e-05 3.35130191160715e-05 1.98052238374657e-05 1.17169505756465e-05
-9999 -9999 -9999 -9999 -9999 0.362201368808746 0.0419685486704111 0.0731533508747816 0.0793833080679178 0.0619441952556372 0.0511237766593695 0.0181371977552772 0.02286590449512 0.00271236456464976 0.000869334919843823 0.00218220272799954 0.0222012955695391 0.0327667063102126 0.020192726328969 0.0725760322064161 -9999 -9999 -9999 -9999 -9999 -9999 0.143046662956476 -9999 -9999 -9999 -9999 0.10422752648592 0.0122298458591104 0.000515536322200205 0.000602836103644222 0.000530047266511247 0.000281229315442033 7.40677303838311e-05 4.00239692680771e-05 3.07956850519986e-05 4.55492333912844e-06 3.03759761663969e-05 2.23002887651091e-05 1.94409170035215e-05 2.05283365630748e-06 1.7378478048613e-06
-9999 -9999 -9999 -9999 -9999 -9999 -9999 0.0113562850747257 0.0139549951069057 0.0327696390450001 0.0356084682047367 0.0596903715282679 0.0409066319465637 0.0215333441272378 0.00612429138273001 0.00559198842383921 0.00938215972855687 0.0102931669913232 0.0705207332968712 -9999 -9999 -9999 -9999 -9999 -9999 -9999 -9999 -9999 -9999 0.0467102497816086 0.00668873670510948 0.00766900847665966 0.000815731243346818 0.000486554937378969 0.000263461557187839 0.000341496682085563 0.000138945435901405 7.22520217095735e-05 6.15830962487962e-05 6.30813105090056e-05 4.36463287769584e-06 2.20993032371553e-06 1.78266516286385e-06 2.21652341679146e-05 1.71349934703358e-06 1.3541800854e-06
-9999 -9999 -9999 -9999 -9999 -9999 -9999 -9999 0.0113459176849574 0.0275972440838814 0.0232994423247874 0.0100864664651453 0.0101124045439064 0.00523831353057176 0.00857389299198985 0.00608922922983766 0.00726224994286895 -9999 -9999 -9999 -9999 -9999 -9999 -9999 -9999 -9999 -9999 -9999 -9999 0.0246140874922276 0.0244106490164995 0.00103569212951697 0.000500816039857455 0.000545476871775463 0.000484116932784673 0.000228919193614274 0.000977372087072581 0.000329802648047917 2.53832479756966e-05 4.42484228187823e-05 2.57501970736485e-05 6.29019014013466e-06 4.56146817668923e-05 1.78003558175988e-05 4.56277723515086e-06 3.98943307118316e-06
-9999 -9999 -9999 -9999 -9999 -9999 -9999 -9999 -9999 0.283305636048317 0.00974815259687603 0.321490615606308 -9999 -9999 -9999 -9999 -9999 -9999 -9999 -9999 -9999 -9999 -9999 -9999 -9999 -9999 -9999 -9999 -9999 -9999 0.00436954281758517 0.000874559499789029 0.000449680848396383 0.000377130204287823 0.000144834176899167 0.000129394621762913 9.04748976608971e-05 3.51668724761112e-05 0.000203876207524445 3.1611434496881e-05 3.74717748854891e-05 9.57683864726277e-06 5.74136916839052e-05 3.34732427518247e-06 1.16639834573107e-06 8.95448599180781e-07
-9999 -9999 -9999 -9999 -9999 -9999 -9999 -9999 -9999 -9999 -9999 -9999 -9999 -9999 -9999 -9999 -9999 -9999 -9999 -9999 -9999 -9999 -9999 -9999 -9999 -9999 -9999 -9999 -9999 0.183893267810345 0.0105886226054281 0.000899019301868975 0.000331383860611822 0.000631384528242052 0.000172745585587109 5.36336152435979e-05 3.66852389561245e-05 1.20465771487943e-05 1.85900366886926e-05 1.68524384207558e-05 1.10570962988277e-05 1.46381292779552e-05 2.54324360867031e-05 3.41389011737192e-05 6.74643715683487e-05 3.20976827424602e-05
-9999 -9999 -9999 -9999 -9999 -9999 -9999 -9999 -9999 -9999 -9999 -9999 -9999 -9999 -9999 -9999 -9999 -9999 -9999 -9999 -9999 -9999 -9999 -9999 -9999 -9999 -9999 -9999 -9999 0.00755028920248151 0.0087534514721483 0.00157616189680994 0.00035132519697072 0.000944190970039926 0.000147725956776412 4.58531374533777e-05 0.000121529152966104 1.16588972559839e-05 2.09328723599356e-06 1.80578729214176e-06 1.41565202511629e-06 1.30802442299682e-06 4.84716913433658e-06 3.73441316696699e-06 7.38728690521384e-06 9.25918160987749e-07
-9999 -9999 -9999 -9999 -9999 -9999 -9999 -9999 -9999 -9999 -9999 -9999 -9999 -9999 -9999 -9999 -9999 -9999 -9999 -9999 -9999 -9999 -9999 -9999 -9999 -9999 -9999 -9999 -9999 0.00135191658046097 0.00225287619978189 0.00254843496950343 0.000387584292911924 0.000478819922136609 0.000106249829332228 3.41388281412947e-05 9.73121013885247e-06 6.32089324881235e-06 1.75726822249089e-06 2.5281976718361e-06 1.31416820181585e-06 1.353743425625e-06 1.24136672070563e-06 1.25660504295411e-06 1.10846798975217e-06 1.43719312859503e-06
-9999 -9999 -9999 -9999 -9999 -9999 -9999 -9999 -9999 -9999 -9999 -9999 -9999 -9999 -9999 -9999 -9999 0.0229347387328744 0.000890897965291515 -9999 -9999 -9999 -9999 -9999 -9999 -9999 -9999 -9999 -9999 0.0479149393737316 0.00168035271344706 0.00176650542998686 0.00025651235046098 0.000183823301631492 7.51357882109005e-05 3.86738014640287e-05 2.62303036606681e-06 2.30561380476502e-06 2.49664748253053e-06 2.74172469971745e-06 1.77170642245983e-06 1.64612168305212e-06 1.56166582314654e-06 1.33620700353276e-06 1.12147035906673e-06 9.45270875263304e-07
-9999 -9999 -9999 -9999 -9999 -9999 -9999 -9999 -9999 -9999 -9999 -9999 0.000115251688112039 0.000499430694617331 0.00116131179966033 6.42462702671764e-05 0.00013831665928592 0.0143960888497531 -9999 -9999 -9999 -9999 -9999 -9999 -9999 -9999 -9999 -9999 -9999 -9999 0.00140375128248706 0.0125358307734132 0.000176404809462838 0.000195519207773032 0.000145408175740158 7.75318861997221e-05 2.05718248253106e-05 4.39440786976775e-06 3.58827894615388e-06 2.44962731130727e-06 3.758041805213e-06 2.04842075390843e-06 1.94013905456814e-06 1.75368078885185e-06 1.52240754118793e-06 1.2952491147189e-06
-9999 -9999 -9999 -9999 -9999 -9999 -9999 -9999 -9999 0.00128767022979446 0.00116829199250788 0.000440761368372478 0.000264543473895174 0.000873887585476041 0.000810845772502944 0.000178990321728634 0.000175357745320071 0.00148041538195685 -9999 -9999 -9999 -9999 -9999 -9999 -9999 -9999 -9999 -9999 -9999 0.0349411496892571 0.00109021904063411 0.00616053477860987 0.000398090934322681 0.000356875828583725 0.000591487754718401 9.5895293270587e-05 3.92029471186106e-05 5.38736949238228e-06 4.29664335115376e-06 3.79921896183077e-06 3.52530470308921e-06 3.88843805012584e-06 3.8275031329249e-06 2.83659420574622e-06 2.20176747234291e-06 2.32721286010928e-06
-9999 -9999 -9999 -9999 -9999 -9999 -9999 -9999 0.00103653182159178 0.00533961248584092 0.0183768139220774 0.0135640791617334 0.00113353422784712 0.000951167457969859 0.000323622136784252 0.000697001043590717 -9999 -9999 -9999 -9999 -9999 -9999 -9999 -9999 -9999 -9999 -9999 -9999 -9999 0.0508748861029744 0.000739692160277627 0.00154769119108096 0.000740943927667104 0.000396835614810698 0.000234697709674947 6.88571351929568e-05 5.72446868318366e-05 5.72422391087457e-06 5.76251561597019e-06 7.37123382350546e-06 7.26900543668307e-06 1.02102040727914e-05 7.03109071764629e-06 6.33327140349138e-06 7.32932758182869e-06 4.13812415445136e-06
-9999 -9999 -9999 -9999 -9999 -9999 -9999 -9999 -9999 0.000447460991563275 0.000837932553258725 0.00106913496274501 0.00656519855838269 0.0111681843642145 -9999 -9999 -9999 -9999 -9999 -9999 -9999 -9999 -9999 -9999 -9999 -9999 -9999 -9999 -9999 -9999 0.000501526010339148 0.000888837093953043 0.000848588184453547 0.00133832638966851 0.00199660756625235 5.01276248542126e-05 1.00796460174024e-05 1.00375727015489e-05 8.53924848343013e-06 5.25864172686852e-06 5.05713471739e-06 5.92368141951738e-06 5.79765362545004e-06 4.0756178805168e-06 3.10227239879168e-06 1.670994191727e-06
