Maxent_result_files_1/Bombus_subterraneus_2.asc
NCOLS 594 
NROWS 330 
XLLCORNER -15 
YLLCORNER 23 
CELLSIZE 0.166666666666667 
NODATA_value -9999 
[rows 231 to 251 of 330, columns 460 to 505 of 594]
1.40340989682741e-06 1.28335493627674e-06 1.18244638542819e-06 2.3622608591678e-06 2.28506402125683e-06 2.17341761307166e-06 2.12239625368982e-06 2.76082428909419e-06 9.68067999058686e-06 4.39090479208426e-06 8.69370104006339e-07 3.19905889890615e-06 7.89556851747974e-06 3.44308706354823e-06 4.66495877193829e-07 2.53778393444204e-07 6.0812820181777e-07 3.77081655555944e-07 2.03936223912571e-06 2.26538034624468e-06 2.13607610390909e-06 2.06452250206546e-07 1.44802594193028e-07 2.27678207032067e-07 3.42687343390935e-06 3.34722928430065e-07 2.33202711399372e-06 2.06488883058853e-06 5.80776486032164e-06 1.72268152184074e-05 9.88792530051796e-05 0.000142950158216593 0 0.00273315281311941 0.00241333456332349 0.00963241215795279 0.00556010538712177 0.0116322461515665 0.00862213931977749 0.0188286419377771 0.0166424066922538 0.0541860595469032 0.0554036331996031 0.0355357602363794 0.0308204308156833 0.0521794498395138
1.25911092254682e-06 1.3408668126047e-06 1.26166735310296e-06 1.31462822507977e-06 2.31243100786704e-06 1.07151392967353e-06 1.75065225751503e-06 2.43149244822938e-06 5.63461907785445e-06 3.13564442173231e-05 9.82661191166745e-06 1.19431714285523e-05 5.10482853488536e-07 1.13801340440034e-06 1.46993796154016e-06 5.73463530695317e-07 2.40767398618225e-07 2.96557067691605e-07 2.67055393932125e-07 5.65282873021822e-07 2.44662794317563e-06 8.72985587285768e-07 2.28217660125374e-07 1.36264746664061e-06 5.24372809991291e-06 7.99672098472648e-07 6.99718347618727e-06 5.12009940507596e-06 3.83109305914786e-06 7.64159369452955e-06 1.63624610195257e-05 0.000605013730819337 0.000828500659205433 0.00941940117627382 0.01993250064568 0.0337190701626241 0.0321028983496944 0.0844728291034698 0.0485056810081005 0.0681268729269505 0.0617810800671577 0.0263760146546701 0.0443762704730034 0.0761300705373287 0.0527082685381174 0.0149395907530561
8.91262425295469e-07 7.19391964065785e-07 1.24682346483995e-06 1.05861402062146e-06 1.88984695765893e-06 1.88257196982455e-06 2.48704161487368e-07 4.94157802788386e-07 1.07610624151544e-06 5.28485642457e-06 8.36692479859735e-06 4.20068093411885e-05 7.76186999534856e-06 7.93438344326436e-07 5.51206412036098e-07 2.42431387063036e-06 3.73465821057462e-07 1.96591728951478e-07 1.91162016083268e-07 1.78515796267487e-07 1.16327586834331e-06 1.24234081440022e-06 4.87785841869481e-06 5.6646394625659e-06 6.44285050839244e-06 1.97944537987382e-06 4.08686472608277e-07 1.1947206281171e-06 3.04009675105021e-06 4.74598268851878e-05 0.000211746094646514 0.000455898667587462 0.000593441090057922 0.00437988443301467 0.0386182249910576 0.0586335591971874 0.0763635709881783 0.0819029182195663 0.0732198238372803 0.0588884510099888 0.0487368255853653 0.0528955731540918 0.0524334644898772 0.0201982637634501 0.0060868205036968 0.0262245312682353
1.15982965200878e-06 5.87819685460289e-07 1.08535744007821e-06 8.95424682312296e-07 6.59885685527772e-07 9.19642776264773e-07 1.35228551227939e-06 1.42806050519306e-06 1.37088574388988e-06 1.30002750744485e-06 6.90215498611035e-07 1.02156151807753e-06 4.95689850517067e-06 1.78054751426293e-06 1.5467291039073e-07 1.91005715877157e-07 1.64235759581022e-07 1.99011630475088e-07 2.58920563189768e-07 1.73389695312665e-07 9.77869373675055e-07 2.53911062912948e-06 8.41883621983675e-06 1.4736003595317e-05 2.01330276382805e-05 4.76464736465232e-06 5.07509232079428e-06 7.39542922474357e-06 1.80422875928343e-05 2.31654381877888e-05 8.7300179848171e-05 0.000182304937734479 0.000588505857740529 0.00218774671667694 0.0220179622992873 0.0470323674380779 0.0474176600575447 0.0478894159197807 0.0518652461469173 0.0138649014756083 0.013287358591333 0.0139707638882101 0.026736575737596 0.0197111560031772 0.0170442848590028 0.0212361186742783
1.01946214803306e-06 9.47500139969471e-07 4.37356145777112e-07 2.3092573678829e-07 2.07936923923846e-07 1.26419158346103e-06 1.19297001708318e-06 1.20234660564433e-06 1.14047678638762e-06 6.54652567078085e-07 1.0550327277703e-06 5.43455928436742e-07 6.84116130478252e-07 3.67548416775332e-06 1.9617260252236e-06 1.11881470238329e-06 1.6850623163478e-07 2.23503126439706e-07 4.14957306127395e-07 3.77236660065172e-07 1.7438066298725e-07 1.77331638084866e-06 5.2444749485403e-06 2.74254896339698e-06 1.56224763600221e-05 1.48592009736603e-06 2.20527526408887e-06 4.57864126417462e-06 2.70452557238343e-06 2.73739952518781e-06 7.21186252121697e-05 0.0153338767588302 0.00639869067817926 0.016680146753791 0.0370304761454463 0.0317372309044004 0.00155656996656821 0.0114661322906613 0.0508571848680731 0.0111700613051653 0.0182297050952917 0.00936819463988465 0.00194565351448546 0.00829206857888494 0.0138523928821699 0.00384001889669889
8.28955931975184e-07 1.47277546038715e-06 1.16511792012108e-06 6.24163942153366e-07 4.48372830708088e-07 8.75251402310262e-07 9.11956751858956e-07 9.00251321400702e-07 4.49379570000019e-07 2.67104173568011e-07 4.65779636005248e-07 9.06559785129879e-08 1.05492706459209e-07 3.69896574303752e-07 2.01299700819391e-06 1.08478623631614e-06 8.79166175127288e-07 1.11768827715242e-07 1.02901685983259e-07 9.57506896548388e-08 8.57800198095227e-08 1.30572127321482e-07 7.9966394004316e-07 1.98312188217642e-06 2.74696668469687e-06 7.32837756700633e-07 1.11483408895552e-06 4.40641031502764e-06 2.91885701608763e-07 2.66155986139438e-06 2.16038348867187e-05 0.000541395363688935 0.00825992738328694 0.0140210889279864 0.0145032916218043 0.107801659405231 0.000593041884894774 0.00102690526546212 0.000412784123545862 0.00118267332727555 0.000638223101850599 0.000602904386323644 0.0026169105579072 0 0.000855271412288594 0.0017069466994144
2.27462451218852e-07 2.12072010119524e-07 6.81000028712742e-07 1.27002713923297e-07 1.06257502818785e-07 1.0280174946864e-07 2.00098517666447e-07 7.91390134424752e-08 2.71601153634116e-07 8.03268283555703e-08 7.48711151299375e-08 8.20826431158217e-08 8.99407373022854e-08 9.07140460637557e-08 1.35622055472684e-06 1.53913821492324e-06 1.04018666391426e-06 2.05722394619468e-07 7.71441145186458e-08 7.62137669307883e-08 7.91091568363989e-08 6.54808097078074e-08 3.38035921476632e-07 1.39059316452972e-06 2.12164052681985e-07 1.0280570152954e-07 1.42811453018865e-07 2.46854075269809e-07 4.84023705737968e-07 6.39452217114922e-06 4.63985745227546e-05 9.0134478341497e-05 0.000296836175039061 0.0048296800814569 0.0146025229245424 0.00486841164529324 1.43184254739026e-05 6.836285326699e-05 3.40251509896916e-05 7.24509929455053e-06 2.15619403206802e-05 2.90834279439878e-05 0.000448704954214918 0.000113811884511961 9.14517280762084e-05 0
2.2463693057917e-07 1.95904863886653e-07 5.20021597383291e-07 1.4621384164526e-07 1.15712691273195e-07 1.05514496995252e-07 8.10025420960869e-08 6.56450311997681e-08 6.42290733154915e-08 6.54318820125788e-08 6.17049632056776e-08 6.41177224869338e-08 6.97732156162978e-08 8.2901663578383e-08 8.57865929959623e-08 7.42190100710971e-08 2.14556686870537e-06 3.35563628937052e-06 1.99216465333052e-06 3.06946995221047e-07 3.95328367708281e-08 4.6583554769164e-08 8.53781093601569e-08 1.02619456188169e-07 6.07841371236262e-08 9.62847740204609e-08 1.81470337556888e-07 3.0832836106498e-07 6.6549006945138e-07 6.63762607473473e-06 2.58987493680252e-05 1.11118923399545e-05 0.000136341578854626 0.000346157627063803 2.15739472650966e-05 1.05883063042711e-05 1.09763971863686e-05 2.8101471411901e-05 1.87749975655294e-06 2.22359708246245e-06 6.39896923360084e-06 0.000295254348020535 1.747435744619e-05 6.32191099998125e-05 0 0.00048670797405066
2.2431380254373e-07 1.41070143575561e-06 8.91917890732952e-07 3.4766961451993e-07 4.7960740849895e-07 1.02900773901737e-07 6.95081729285008e-08 5.59046501091842e-08 5.34486536696299e-08 5.45748450764272e-08 5.19128599663077e-08 2.68361112998328e-08 2.66770577739273e-08 3.12143197844783e-08 5.60139445049401e-08 2.80606209868139e-07 1.174181759378e-07 1.04132313527572e-06 8.77794237741369e-07 1.3827017859569e-06 1.58720129697087e-06 6.76361686768878e-08 1.47494698266026e-07 9.46469918261528e-07 8.4016079038296e-08 6.5849014962982e-08 1.57965145364258e-07 3.02361359594272e-07 6.5941479121534e-07 9.54124919871902e-06 2.2733324527735e-05 1.8175482227889e-05 2.18724422182959e-06 1.86837095270675e-06 5.03420482722561e-07 3.67042274262985e-06 3.67575142547594e-05 1.78304275539887e-06 4.05988825491477e-07 1.40978951037596e-05 2.7667977207102e-06 9.55026180236018e-06 1.53263223552358e-06 6.04884357926494e-06 4.58855176077577e-14 6.07822410216841e-06
1.08049806033517e-06 1.68724669158404e-06 1.20510679213481e-06 1.18869651148934e-06 1.62175642581808e-07 8.99999552217423e-08 6.80881574788295e-08 5.54677317965435e-08 3.74220718857288e-08 6.1152340125048e-08 6.23607448346775e-08 2.56288218203338e-08 2.59201118901764e-08 3.24840379928304e-08 5.58336044176322e-08 3.901645135862e-08 4.5059430398009e-08 3.1498355801407e-08 2.57809169346146e-08 6.16017628130017e-08 9.76872204461188e-07 1.58975717674537e-06 8.8057880198722e-08 6.40963013331941e-07 8.18092533827475e-08 7.79386440830088e-08 8.03354687217706e-08 1.51813214377405e-07 2.92136740398519e-07 1.41571080433778e-05 7.05689666347098e-06 2.7913943401181e-07 1.16227640190036e-07 6.6591911456193e-07 1.75136299667145e-06 1.1406254227353e-06 1.54881990379607e-06 2.06807892377814e-07 3.25013525497297e-06 1.48231416208233e-07 4.66485415699935e-06 1.3740662852868e-06 0 0 7.00640329309721e-07 7.35964916609433e-07
2.28482076809478e-06 1.73284356539405e-06 2.8634461020971e-06 8.58219556398865e-07 4.4943342490944e-07 5.82058434961397e-07 1.01951711406478e-07 6.31309064247354e-08 5.48140164036148e-08 7.75231122629449e-08 8.38297626093443e-08 3.28352879330751e-08 4.08242452065721e-08 6.61078992991726e-08 3.88740260093279e-08 5.33932930868453e-08 8.08168716504021e-08 3.37289309815247e-07 5.33344897846177e-07 3.11130769858892e-07 2.41154201385818e-08 1.14204216146163e-06 1.1455317102893e-06 9.69870837108644e-07 5.83198529802154e-08 4.28049833023358e-08 1.10775758277448e-07 6.13047006381429e-08 4.02824714029748e-07 1.88144371975341e-05 1.76053469971293e-06 3.1432715358326e-07 1.69151127453748e-06 4.93895776259023e-06 2.11059466614927e-06 1.26980822443556e-06 1.38798950011232e-07 1.08122893460738e-07 1.21609428225256e-06 2.51723926325553e-07 3.27747392958599e-07 2.07925923128016e-06 1.11370022963575e-05 1.10792610572563e-06 2.25965160771668e-07 8.35401856469353e-08
2.09040358684076e-06 2.07366270914555e-06 3.96101336450627e-06 5.51219427880056e-06 9.94203872473065e-07 4.05433103645159e-08 3.33605407520921e-08 4.35661879238935e-08 4.12825395534888e-08 6.47458476499274e-08 5.91055621002035e-08 6.97836573748667e-08 4.54091871326945e-08 6.90649483048311e-08 6.21851425797182e-08 4.15109183804496e-08 4.30407621321294e-08 4.08689151409902e-08 3.8624432241452e-08 2.50401003654144e-07 1.33501031052141e-07 8.93697986059649e-08 2.31485012047727e-07 1.03679474543483e-06 1.13689624385849e-06 6.65536567634462e-07 3.68715888210414e-07 3.39863657883299e-08 1.9354527120985e-07 2.97009790350966e-07 7.75977041178599e-08 1.42707117944951e-06 5.54853812104739e-06 1.33170034768426e-06 1.14745265635818e-06 1.06168798985617e-06 5.39817633482542e-08 7.66763636805834e-08 1.04545046447635e-06 1.79248189524639e-07 9.05467016920625e-07 1.27087525321201e-06 5.25217991498295e-07 3.27787081222386e-07 3.84626420091294e-07 4.79359214899944e-07
5.64127186031271e-07 2.30323921854847e-06 1.21899365161937e-06 1.68982168595733e-06 2.07088145222079e-06 6.88436693319083e-08 3.28942918237374e-08 3.2153580797889e-08 2.85969270041875e-08 2.57439308537499e-08 2.30433236714234e-08 4.98650083335939e-08 4.79752867654781e-08 3.50440935048546e-08 4.81883549618978e-08 4.47216117471783e-08 4.26939347430988e-08 4.16663419433583e-08 4.06539091057923e-08 4.27884906617493e-08 1.03401444473405e-07 3.95294480048936e-07 2.98623580974322e-07 3.42759093774347e-08 1.08025538614331e-07 3.14667972201033e-07 5.4317401154691e-07 3.06713373421363e-07 1.55856198946758e-07 5.91607781519343e-07 6.90556521742991e-07 6.59529928270786e-06 5.34382440378067e-06 4.52556053387454e-07 4.7599353510952e-07 8.96753233781133e-08 3.08673250515312e-08 4.29214009578516e-07 1.10206301457971e-06 2.09556879333661e-06 2.87564808676422e-07 1.43405029207067e-07 5.26787499255388e-07 1.52872981684649e-07 3.93047933000545e-07 1.31384759480824e-06
6.93414186847541e-08 8.91639372224695e-08 1.08267767118253e-07 6.69942704445425e-07 1.669649839664e-06 6.55605903121526e-08 3.28580151309765e-08 3.28206200772563e-08 3.65070658703281e-08 3.61960826200658e-08 3.01046857109633e-08 2.49509137129067e-08 2.46595133313043e-08 2.21141440825967e-08 4.79698907485115e-08 4.88299421896876e-08 4.31697354641436e-08 4.18784455891164e-08 4.04527357611428e-08 3.99451774435455e-08 4.438724945377e-08 4.38946841763155e-08 3.89055925809068e-08 2.90811407510638e-08 1.13565750248235e-07 2.01710020653056e-07 1.94520841312329e-07 9.02360939303293e-08 1.18836749740669e-07 8.50444355493529e-08 2.70465472707038e-07 1.67843289045067e-07 5.34296898724307e-07 1.10906719017478e-06 7.76413680803056e-07 3.41612110710265e-07 3.32360433663581e-07 3.44934931240104e-07 1.3516884281195e-06 7.86638484839841e-07 3.92602625520766e-08 1.03894661929171e-07 1.53002979352834e-07 1.38076268001441e-06 3.19756384890013e-06 5.56399852902345e-07
2.7031898963692e-08 3.00060336133612e-08 4.11618981455142e-08 4.43343164180376e-08 2.89015488696975e-07 3.53982916423412e-08 3.30632438427791e-08 3.65485667286336e-08 4.00464289063152e-08 4.23952161821006e-08 4.25176657103954e-08 4.10729559696676e-08 3.37045210851983e-08 3.48829693352926e-08 3.15044671572728e-08 2.11661694504706e-08 2.91987452549769e-08 3.75463043655877e-08 3.77440037002685e-08 2.06608336339453e-07 4.42564105362919e-08 4.81387656403598e-08 3.67506438658793e-07 3.1890505686194e-07 2.89051393720374e-07 7.08474286681415e-08 1.04094075914496e-07 3.0915989812641e-08 1.26996131311063e-07 1.00414033876728e-07 7.20854587132891e-08 1.07660425630041e-07 2.05995189406227e-07 3.08188410036436e-07 1.67503544001857e-07 1.52408556441941e-07 4.57097199868528e-08 7.98435549120846e-08 3.6083224578265e-07 1.82584121133367e-07 3.19092365863582e-07 1.37753942541785e-07 1.30784221641367e-07 3.17531764437717e-07 4.50807798024755e-07 6.02629878132532e-07
2.31241201409382e-08 2.56545720001e-08 2.8357841275195e-08 2.73196933964215e-08 8.42617178697935e-08 5.14319532629592e-08 3.88591608668776e-08 4.11404614930611e-08 4.95941816058831e-08 5.68439070924853e-08 5.93997172337879e-08 5.57248685417733e-08 6.00858496291323e-08 5.76977211785845e-08 5.17462568794258e-08 3.74936371838608e-08 2.88379101487379e-08 2.30378607413151e-08 3.3290333489866e-08 3.96288622361851e-08 1.60292428286191e-07 5.21814728093872e-08 7.56665888612673e-08 8.0385554912521e-08 3.28731500132129e-08 8.5929780235805e-08 1.39881566341149e-07 4.35293548961546e-07 1.1387423524134e-07 3.53319605128632e-08 2.06780372513649e-07 3.94066501119283e-07 1.17766028340238e-07 1.50317329494776e-07 1.87507287530142e-07 1.84145104442646e-07 1.52614475212864e-07 4.65335904364927e-08 2.61989224781267e-07 9.36535071938138e-08 8.73300567860724e-08 3.18384268838123e-07 1.20356128430199e-07 1.73416584425823e-08 5.82286540096177e-08 4.72846225685331e-07
2.05009557219249e-08 2.30528587996659e-08 2.73631761804616e-08 2.64032044894336e-08 5.3138345890158e-08 6.5763319923029e-08 4.20793045630141e-08 5.97007795644089e-08 6.53476537770814e-08 6.99579282947838e-08 8.05920669755267e-08 8.74777689396922e-08 9.93272724514327e-08 9.32253462870847e-08 1.06884365713711e-07 9.11610919196448e-08 6.7135357850745e-08 4.09883170071623e-08 5.47157929187136e-08 5.09434755713301e-08 1.35463380557255e-07 4.82161651715884e-08 5.01510641681691e-08 8.34713717479119e-08 1.067805418975e-07 7.04865965373003e-08 3.03249041877507e-08 2.81562347548281e-08 2.68583573814762e-07 6.93380412553068e-07 6.7663314098354e-07 2.09046069130636e-06 9.21983464718945e-07 1.06359266738298e-07 2.75834186047597e-08 2.87742037974326e-08 2.21590220772505e-07 8.83477561330892e-08 1.75314000649962e-08 1.78774603787346e-08 2.51580235088866e-08 2.13147916572343e-07 5.48942926137386e-07 7.57249050309383e-07 9.8546828724011e-07 1.8198697432581e-06
2.26226274935293e-08 2.46673593884417e-08 2.90395461344239e-08 3.39732046161778e-08 4.49041960393082e-08 1.25039165510543e-07 5.9483475078892e-08 9.48476655437958e-08 1.65393319662144e-07 1.22569445437648e-07 1.26199902439339e-07 1.33394725310154e-07 1.77964974312772e-07 1.74029848665214e-07 1.61386904551364e-07 1.28457361370238e-07 6.71919471617599e-08 4.66250321906614e-08 4.02709366631449e-08 5.35595017225887e-08 2.44110761160599e-08 4.79517246354533e-08 5.19077244076627e-08 5.3741472205715e-08 2.92119518086054e-07 4.39805565854989e-08 4.46707059564844e-08 3.71717407410266e-08 6.26458643959715e-08 2.56176838320243e-07 3.8824350254707e-07 4.09092955233614e-07 4.77343525329133e-07 2.82552842350015e-06 3.0611935358138e-06 8.14537504822965e-07 6.07149671694174e-07 3.03600671269777e-07 5.93977017016023e-08 3.46685058549845e-08 2.45238388485447e-08 2.22536922889205e-08 1.56612330359795e-07 2.97668046811417e-07 1.50759539749856e-06 6.13574759427138e-06
2.61302448456568e-08 2.79763744948092e-08 3.48428256691236e-08 4.00517529475231e-08 3.67983257087978e-08 3.12023493442837e-07 4.85553671936145e-08 1.2457613109973e-07 1.77383747512749e-07 2.09419101082631e-07 2.0023110494094e-07 2.10743628059618e-07 2.23787931474817e-07 2.59157894788586e-07 1.91055070786206e-07 9.80235711267596e-08 5.18005347949213e-08 3.18293252865587e-08 2.35937250403495e-08 8.83516940053397e-08 2.69772508554311e-08 3.29280341104798e-08 2.94164283265452e-08 2.64666227156596e-08 2.58144375209213e-08 3.58772798692009e-08 3.65686445125135e-08 4.57124933461728e-08 6.51640139626153e-08 2.16899999117004e-07 5.90336228678545e-08 4.59530857854773e-07 1.33622856083093e-05 6.04947712417925e-05 4.57991067378316e-05 1.80094946813369e-06 2.85143422029677e-07 4.19462468048692e-07 2.48201836257067e-06 5.4608293282854e-07 4.07608904406942e-08 2.12289140710809e-08 1.59328390392233e-07 2.93696640607521e-07 3.75281351807644e-06 4.11452554089919e-05
2.80143995001758e-08 3.37759722968123e-08 4.90562592658783e-08 5.94350512139741e-08 3.67550322843968e-08 1.37212831452516e-07 1.17215046913088e-07 5.22588882390096e-08 1.01265795748873e-07 1.70695169288138e-07 1.67870064160525e-07 3.50979615859615e-07 2.60729284207173e-07 2.2684939082751e-07 8.22696732072359e-08 4.76372143953796e-08 3.59678273276209e-08 3.17775469271808e-08 3.60977328472956e-08 6.38059112745282e-07 1.18632841861199e-07 5.73095091382925e-08 1.1850717660522e-07 4.78180196328282e-08 4.19931309503241e-08 3.61309372109986e-07 7.67343220786643e-07 6.00734836098127e-07 4.24922973252251e-07 1.53176780415265e-07 1.56439414400467e-07 4.26225172400763e-07 6.08890319142574e-07 3.90975019399775e-06 6.62836678202439e-06 2.12811175970273e-06 8.3844790879084e-07 1.99149502009277e-06 1.28148306430376e-05 1.44168422480107e-06 4.60368789845234e-07 3.23490160325513e-08 5.93730469411469e-07 8.44762614349293e-07 2.6714938621808e-05 0.000307517761393683
4.03962458150886e-08 3.78871392481273e-08 6.78112228591488e-08 5.81961034251677e-08 3.75475290637084e-08 2.69735037639052e-08 2.35731412434603e-07 7.02745742486854e-08 4.33143400258018e-08 6.72378888566527e-08 6.23641250641072e-08 8.02112850806225e-08 7.72102435320221e-08 8.6500658014188e-08 1.10646918471957e-07 9.90505341746939e-08 7.44475795677602e-08 6.30133313972436e-08 9.11288040139624e-08 4.75673142830146e-07 1.98926013439404e-07 1.45402110547366e-06 3.39676385010534e-06 6.53617853458854e-06 1.64129394306656e-06 1.14772983579314e-06 1.08931878912699e-06 1.64462956036004e-06 1.18494487821863e-06 6.35374772173236e-07 8.88876286353479e-07 2.67235132014321e-06 1.48195205156298e-06 1.9492617184369e-06 7.09248638486315e-06 6.78564572353935e-06 6.97969917382579e-06 1.43521764584875e-05 4.87954591790185e-06 6.26834660124587e-06 1.06593249256548e-05 7.35196064738375e-07 1.43904054823452e-06 2.75936678235666e-06 1.80183732027217e-05 0.000523847715521697
