Maxent_result_files_1/Bombus_brodmannicus_3.asc
NCOLS 594 
NROWS 330 
XLLCORNER -15 
YLLCORNER 23 
CELLSIZE 0.166666666666667 
NODATA_value -9999 
[rows 40 to 59 of 330, columns 528 to 571 of 594]
-9999 -9999 -9999 6.92041761674034e-09 1.34580796506967e-09 3.39669437021683e-10 3.96715371664413e-10 4.85915641057488e-11 8.15147283006468e-11 3.23993831763403e-10 2.52660115052095e-12 1.51297085970725e-11 3.54436768823518e-10 4.24506974017191e-10 3.10204556486227e-09 1.15863790339787e-08 -9999 -9999 -9999 -9999 -9999 -9999 -9999 -9999 -9999 -9999 -9999 -9999 -9999 -9999 -9999 2.4470075998817e-08 1.58158264262909e-11 1.8819390490421e-13 8.34635027757713e-11 9.99165861159668e-11 1.11713871486785e-10 1.95701710392626e-10 4.99971497536222e-10 1.76347447755632e-10 3.42348371873413e-13 2.82662782069565e-13 4.55657733766657e-13 5.60519186620922e-11
-9999 -9999 -9999 -9999 2.62290563562972e-06 2.7982092865031e-09 4.52656190308431e-10 4.43048930875989e-12 8.30604474089114e-12 8.74011973905908e-13 8.54549764284229e-13 8.40605363094937e-13 7.04802882722788e-13 4.49595916052203e-13 6.50113296529753e-13 5.19484455452357e-13 5.12578868239188e-13 5.08648678732015e-13 5.51914070001658e-13 1.37709843528455e-12 1.91568916285689e-10 1.48630951990469e-10 6.722701284545e-11 1.6822443438258e-11 6.0178528826782e-13 4.5949910543186e-13 8.10307376752917e-13 4.59070559344354e-12 2.46644260570861e-11 -9999 -9999 -9999 4.55694615375535e-10 1.01045838363234e-12 1.8313128791192e-13 2.1520563109334e-13 7.80508990771978e-13 6.57757071031995e-11 1.14665976713724e-10 2.12074802163897e-12 3.88468146539367e-12 8.73046079874484e-13 5.41788836017076e-12 3.6847491724501e-11
-9999 -9999 -9999 -9999 -9999 5.9059124480898e-07 3.33449931000374e-09 1.1394218901728e-10 1.02016173286756e-12 1.57044377502302e-12 6.58850751733553e-13 8.00737254280648e-13 6.24200691135002e-13 6.0524918410465e-13 5.4088955536713e-13 4.45765646617247e-13 4.19464463163877e-13 4.10926848104509e-13 3.58246765586046e-13 3.27626814566884e-13 3.63054031282672e-13 5.78515013671677e-13 2.73769895642317e-13 2.42672548722567e-13 2.42439401887395e-13 2.38520314610469e-13 1.73916436807531e-13 1.62181379437243e-13 1.88349336127658e-13 2.17470486063576e-13 2.95230617730624e-11 3.8665948220995e-11 8.61191872258971e-09 7.83060172260264e-11 1.02158526082974e-10 4.26816704202082e-10 1.0188874188799e-10 2.41529019007203e-13 2.57038834661216e-13 2.79765099975293e-13 3.13049253186648e-11 1.47400314176593e-11 9.78143122054576e-12 6.9536487679045e-12
-9999 -9999 -9999 -9999 -9999 -9999 -9999 5.79633504527166e-09 3.7334817459822e-10 6.2121419119876e-13 4.81644613081755e-11 6.87661039222576e-13 5.43143308107119e-13 5.03852515265635e-13 4.53803661315533e-13 4.08095779391715e-13 2.353346739703e-10 2.49328746537714e-10 3.23652216138726e-13 2.91477952885089e-13 2.73281397511482e-13 2.47835085787074e-13 2.65976130009449e-13 3.30735439035834e-13 2.00039984576961e-13 1.75226499976588e-13 4.24393853393212e-13 9.58754187152522e-12 1.06515130049445e-11 7.26663174077657e-13 1.82609483090346e-13 2.98705504775398e-13 1.73083769539062e-13 1.81998860426802e-13 1.92323934555816e-13 2.10076400719572e-13 2.33646435532364e-13 2.55317988973047e-13 2.75912626079844e-13 4.19944079510515e-12 3.91353616180368e-13 3.39284156325448e-13 3.47111228649055e-13 3.84658971341878e-13
-9999 -9999 -9999 -9999 -9999 -9999 -9999 -9999 5.37454447613328e-10 1.45502498938299e-12 1.96602734092721e-12 2.31857866239693e-12 5.45841150056958e-13 4.96647167835817e-13 5.73596725672587e-13 3.99458244260131e-13 3.46134232387385e-13 3.2976954500441e-13 2.70916622469031e-13 3.16069392880536e-13 3.22941673402966e-13 2.31847874232471e-13 9.07163233421215e-13 3.41682238058638e-13 2.00983674147892e-13 1.93800531178567e-13 1.94233518158171e-13 1.87627691161651e-13 1.83775217266202e-13 2.08588701866574e-13 1.93278726356994e-13 1.92157401102122e-13 1.87272419793771e-13 1.92690308153942e-13 2.1076473899484e-13 2.22311058450941e-13 2.46969111827866e-13 2.656763697928e-13 2.8519409056571e-13 3.71658259723517e-13 3.26871862910139e-13 3.64086538695574e-13 3.88600263079297e-13 4.09416944791019e-13
-9999 -9999 -9999 -9999 -9999 -9999 -9999 9.11883583087913e-09 3.73033826051028e-12 5.41078293281316e-13 5.10758102478803e-13 5.10247399887476e-13 4.79394302033143e-13 4.64273064437748e-13 4.18420853520729e-13 4.3692827134123e-13 3.30990790331498e-13 3.69082542306387e-13 2.54851695302705e-13 4.07240907662754e-13 2.61402011147993e-13 2.18891571535096e-13 2.03381755881082e-13 2.0158319458119e-13 1.86084481157422e-13 1.85651494177819e-13 1.88771220877015e-13 1.77668990630764e-13 1.74193992563687e-13 1.86617388209243e-13 1.87938553608546e-13 1.92956761679852e-13 2.76756395578559e-13 1.99040783854798e-13 2.15971684980332e-13 2.33257857473745e-13 2.48090437082737e-13 2.56872301207522e-13 2.85593770854575e-13 3.425371097876e-13 3.66129349060884e-13 4.50028903031807e-13 4.70201655389246e-13 1.11283204873303e-12
-9999 -9999 -9999 -9999 -9999 -9999 8.46836045731436e-11 7.5032202673242e-13 5.52136114606583e-13 5.95412608106471e-13 5.16431342134638e-13 4.83502127224256e-13 4.44255743303756e-13 4.18676204816393e-13 3.76543241031868e-13 3.47899486996539e-13 3.18789439290867e-13 2.76956235722992e-13 9.683698287688e-13 2.24442686658222e-13 2.1254109583424e-13 1.99606997597357e-13 1.91502369517593e-13 6.13123996018317e-12 2.63977728565123e-13 1.84963155902551e-13 1.81465953374982e-13 1.68876024275733e-13 1.93756122257582e-13 2.036260049465e-13 1.8623991238087e-13 2.44138043115072e-13 3.11861647617206e-13 2.05602201930333e-13 2.27473595515448e-13 3.26638716074967e-13 2.49456011403026e-13 2.80053757961696e-13 3.78064246575605e-13 4.19941859064465e-13 4.44400072296958e-13 9.39004429767465e-13 5.84898796063271e-13 6.50435261206894e-13
-9999 -9999 -9999 -9999 -9999 2.76619072092643e-10 6.96087631979481e-13 1.66699987147467e-12 2.11106687686424e-12 5.75517411505189e-13 5.59718937864773e-13 5.17841325375912e-13 4.65705252139514e-13 4.16744416753545e-13 1.04960484748062e-12 1.74593828283776e-10 1.96545002495441e-12 2.99593683195098e-13 2.49078535574654e-13 2.37398989355597e-13 2.16615614334614e-13 1.9302337506133e-13 1.7430501486615e-13 1.70841119029319e-13 1.65856217648752e-13 1.52144963294631e-13 1.5674128661658e-13 3.52029516648145e-13 4.09361433639788e-13 4.60953497594119e-13 1.88304927206673e-13 1.98707716947411e-13 2.17692530668501e-13 2.27573515587665e-13 2.51820786445478e-13 3.51829676503712e-13 2.93964852460249e-13 6.72906175225307e-14 4.47253345470244e-13 4.30744329094068e-13 4.73310279858197e-13 5.32263122465793e-13 5.70177238756742e-13 6.32682795043138e-13
-9999 -9999 -9999 -9999 9.70156142088285e-09 4.2432343194676e-10 8.46955838795793e-13 7.77744535440661e-13 7.24653670403086e-13 6.49336140412515e-13 6.09179373611823e-13 1.00889296916762e-12 9.55424628301671e-13 7.5272010846561e-13 4.29156710168854e-13 4.06430444854777e-13 3.20066195769186e-13 2.9206637108814e-13 2.45492515205115e-13 2.28050911488253e-13 2.10342854245482e-13 1.88526971811598e-13 1.68964842117703e-13 1.58228985469577e-13 1.55175872151858e-13 1.43240974637138e-13 1.48114853715242e-13 1.66644475996236e-13 1.97275529245644e-13 2.41817676993605e-13 2.4837909506914e-13 2.21866969241091e-13 2.51521026228829e-13 2.508659946443e-13 2.62256882876954e-13 3.72701869366665e-13 1.16828768881305e-13 3.64652752438133e-13 4.0947245594225e-13 4.59399185359643e-13 5.20461451714027e-13 6.25388629771351e-13 6.91002810526697e-13 7.41751104982313e-13
-9999 -9999 -9999 1.54213130154623e-08 5.35920086086605e-10 1.21057608382102e-12 1.12143627717387e-12 1.946676153608e-12 8.2386319988359e-13 6.93367585569149e-13 6.40543174057484e-13 5.90227866581472e-13 5.57054402605672e-13 4.97857310932659e-13 4.42512693155095e-13 3.92563759277209e-13 3.25395266287387e-13 2.66131561232896e-13 2.32625030349709e-13 2.20945484130652e-13 1.85773618710527e-13 1.62170277206997e-13 1.52067247682908e-13 1.42841294348273e-13 1.46271883494364e-13 1.53033141714332e-13 1.51356704947148e-13 1.64135371960583e-13 1.83331128056352e-13 2.05413464016146e-13 2.32314167902814e-13 4.79050132895509e-13 3.59257068538454e-13 3.26849658449646e-13 3.32267546809817e-13 3.51307871682138e-13 3.71880304328442e-13 4.08806322127475e-13 4.52549109297706e-13 5.18352027967239e-13 5.78126435613058e-13 7.06423808338741e-13 8.02358179896601e-13 8.62143689772665e-13
-9999 -9999 -9999 -9999 5.34680576369517e-08 9.44930256263632e-10 2.24014140570716e-11 2.76667577736589e-12 8.74722516641668e-13 7.29449833869467e-13 6.66466881682481e-13 6.18871620616801e-13 5.44397860124946e-13 4.87965223783249e-13 4.42479386464356e-13 3.4688918404413e-13 3.12516679201735e-13 2.68352007282147e-13 2.25475194071123e-13 2.05413464016146e-13 2.02149408323748e-13 1.67399427652981e-13 1.54487533876591e-13 1.36468614186924e-13 1.34148248065458e-13 1.40909506285425e-13 1.51623158473058e-13 1.68265401612189e-13 1.8872681195603e-13 2.07955874742538e-13 2.40896191883166e-13 2.92266211232572e-13 3.31712435297504e-13 3.33133520769024e-13 3.60478313865542e-13 3.96682686698568e-13 4.20186108129883e-13 4.62019311697759e-13 5.07383024483943e-13 5.79591930005563e-13 6.40321129452559e-13 7.66675611885148e-13 8.59101678685192e-13 9.40070243871105e-13
-9999 -9999 -9999 -9999 -9999 1.73243032586257e-08 4.76971795393411e-12 1.0132561456544e-12 9.08717545655691e-13 7.93387577857629e-13 6.65045796210961e-13 6.20037354792657e-13 5.34305932831103e-13 4.62629934361303e-13 4.07884837017036e-13 3.65030228266505e-13 3.37807559702696e-13 2.86404233662552e-13 2.39797071088788e-13 2.12763140439165e-13 1.73971947958762e-13 1.53610457687137e-13 1.42541534131624e-13 1.31816779713745e-13 1.29896093881143e-13 1.45694567521559e-13 1.60182977992918e-13 1.93955962402015e-13 2.0335955142059e-13 2.40374387061593e-13 2.82185386168976e-13 3.26005888950931e-13 3.73800990161044e-13 4.13613587824102e-13 4.2312819914514e-13 4.52782256132878e-13 4.77118344832661e-13 5.25868237843952e-13 6.01041438841321e-13 6.92523816070434e-13 7.49922346443554e-13 8.27093948885249e-13 9.9289465538277e-13 1.04805053524615e-12
-9999 -9999 -9999 -9999 -9999 1.05238606717961e-09 1.85326198831604e-12 1.01243458061617e-12 9.48974232528599e-13 9.2006402496736e-13 8.62587778982515e-13 6.74194033933873e-13 7.12774284039597e-13 7.59570184527547e-13 4.9556481140911e-11 -9999 -9999 -9999 2.63688182400301e-11 2.82642798055122e-12 1.05702113728512e-12 1.66289204628356e-13 1.53477230924182e-13 1.23678844943242e-13 1.30873090142813e-13 1.50635059981141e-13 1.70086167372574e-13 1.93034477291576e-13 2.33346675315715e-13 2.64355204393496e-13 3.14626102948523e-13 3.63498120492522e-13 4.15933953945569e-13 4.66948701927095e-13 5.22992760210172e-13 5.62538904347321e-13 6.12798700672101e-13 7.04358793512938e-13 8.00082222696119e-13 8.72490968362172e-13 9.31932309100603e-13 9.99422766767566e-13 1.05341291245509e-12 1.10922382390299e-12
-9999 -9999 -9999 -9999 -9999 -9999 -9999 -9999 -9999 -9999 -9999 -9999 -9999 -9999 -9999 -9999 -9999 -9999 -9999 -9999 -9999 -9999 -9999 1.19415144439472e-11 9.63251700625278e-13 2.07811545749337e-13 1.88971061021448e-13 2.38298270005544e-13 5.39901456875214e-14 1.10644826634143e-13 3.56392693134921e-13 5.0576209886799e-13 4.964029187704e-13 5.6603610687489e-13 6.30606677987089e-13 6.89093226924342e-13 7.60358442875031e-13 8.4785511944574e-13 9.14446296462756e-13 9.82414150030308e-13 1.07850395281162e-12 1.11948228465053e-12 1.20607968057129e-12 1.32962529875158e-12
-9999 -9999 -9999 -9999 -9999 -9999 -9999 -9999 -9999 -9999 -9999 -9999 -9999 -9999 -9999 -9999 1.04403701461919e-08 4.52674047135559e-09 7.00532098996121e-10 1.02715058680758e-11 1.6226420207488e-11 6.04194472231256e-12 -9999 -9999 -9999 -9999 -9999 1.32413069398041e-10 3.57158747021913e-12 3.85969034510936e-13 4.47020198635073e-13 5.00077756981909e-13 6.03628258488698e-13 6.71995792345115e-13 6.86817269723861e-13 7.44060368873534e-13 8.02424793278078e-13 9.05620023416986e-13 9.62874224796906e-13 1.02794439627019e-12 1.18607346166755e-12 1.30641053530667e-12 1.37844180514435e-12 1.47356571389423e-12
-9999 -9999 -9999 -9999 -9999 -9999 -9999 -9999 -9999 6.11424537555472e-08 3.48672132277628e-09 2.4476509707938e-11 9.50903800145397e-12 1.48874246264086e-12 1.03062225420558e-11 1.21146426224072e-12 5.66624525077941e-13 4.8482329262356e-13 4.09938749612593e-13 3.66395802586794e-13 3.08042480412496e-13 2.78455036806236e-13 -9999 -9999 -9999 -9999 -9999 -9999 1.92313229785412e-09 4.84279283341493e-13 5.49926770787579e-13 6.07236483318729e-13 6.59594601160052e-13 7.47346629026424e-13 7.86204434888305e-13 8.76543282402054e-13 9.88731319040426e-13 1.08797415521167e-12 1.14024345521102e-12 1.24246168908826e-12 1.41198164271827e-12 1.4967471706484e-12 1.58638657765664e-12 1.65544244978832e-12
4.13782230701543e-11 2.02589232056738e-09 9.43689247856483e-08 -9999 -9999 -9999 -9999 -9999 -9999 1.8231527398882e-12 1.30366828443584e-12 1.19615428673114e-12 1.08866249348694e-12 9.58078061330525e-13 8.50453041323362e-13 7.19180270891684e-13 6.25022256173224e-13 5.43043388034903e-13 5.01909624972541e-13 4.45743442156754e-13 3.7470027081099e-13 3.40905081941401e-13 3.09352543581554e-13 1.13959952585674e-11 -9999 -9999 -9999 -9999 -9999 2.27817875675385e-11 6.62980781385159e-13 7.61224416834239e-13 8.54571968744722e-13 8.91653417767202e-13 9.8300256823336e-13 1.09451336882671e-12 1.21047616374881e-12 1.41483491589156e-12 1.52166057532099e-12 1.58174584541371e-12 1.9312662580262e-12 2.2167934154993e-12 1.94579907741854e-12 1.8508528043526e-12
3.88649112892381e-12 8.99935681530906e-12 3.06083044687711e-08 -9999 -9999 -9999 -9999 -9999 1.97623643005684e-08 1.83422166344371e-12 1.52720058821387e-12 1.34178224087123e-12 1.22747367825582e-12 1.05214725820701e-12 9.2175156396479e-13 8.49786907508587e-13 7.58693108338093e-13 6.50901554877237e-13 5.71354075162844e-13 5.42565992134314e-13 4.83280082619331e-13 4.32787139459379e-13 4.06241706940591e-13 9.74664793318425e-14 2.22932783344731e-14 -9999 -9999 -9999 -9999 -9999 5.53534995617611e-12 1.07018838235717e-12 1.11007869563196e-12 1.0310197140484e-12 1.11860520846108e-12 1.51464396580536e-12 1.38036249097695e-12 1.53199675168025e-12 1.71835878859383e-12 1.79952719392418e-12 1.95818916637336e-12 2.05880867909514e-12 2.2013835199175e-12 2.28428387316626e-12
2.26700941352576e-09 -9999 -9999 -9999 -9999 -9999 -9999 -9999 -9999 3.90237913094893e-09 2.69979594236247e-12 1.84576798289982e-12 1.48958623213957e-12 2.54343213157426e-12 1.05937481009732e-12 9.48785494614412e-13 8.82738326879462e-13 8.14837086693387e-13 7.38575867131885e-13 6.47193409974989e-13 6.36313224333662e-13 5.70554714585114e-13 5.62772051182492e-13 5.41278133425749e-13 2.35556418815008e-10 -9999 -9999 -9999 -9999 -9999 9.8862509290143e-09 2.06663575141874e-12 1.15273346423805e-12 1.23785426353606e-12 9.56013046504722e-14 5.0363047066071e-13 5.61795054920822e-13 2.28560503856556e-12 1.96286320530703e-12 2.14254169961237e-12 2.22162288565642e-12 2.37756481169527e-12 2.43000064514831e-12 2.57229793021452e-12
-9999 -9999 -9999 -9999 -9999 -9999 -9999 -9999 -9999 -9999 -9999 7.96694932247988e-12 1.53670409730466e-12 1.4024337247065e-12 1.28907995389227e-12 4.31890079255481e-12 2.60763632908834e-12 1.00578434469867e-12 1.02164943172056e-12 9.74376135332022e-13 7.63400453962504e-13 6.91391388585316e-13 6.92879087438314e-13 7.09399206044736e-13 1.22750698494656e-12 -9999 -9999 7.20462911552033e-11 1.97514893329753e-11 1.63293156774102e-11 7.32902516453748e-11 3.04178016108381e-11 1.31733512986898e-12 2.86015655603933e-13 4.16211509701725e-13 1.88391524602594e-12 2.10514938814299e-12 2.3059221199162e-12 2.47454279289627e-12 2.51519916005805e-12 2.73975286901873e-12 3.00858227220147e-12 3.25740545648046e-12 3.01266789293209e-12
