Maxent_result_files_1/Bombus_norvegicus_3.asc
NCOLS 594 
NROWS 330 
XLLCORNER -15 
YLLCORNER 23 
CELLSIZE 0.166666666666667 
NODATA_value -9999 
[rows 140 to 159 of 330, columns 270 to 314 of 594]
0.0378533732146025 0.0338524708524346 0.155712269991636 0.03105464335531 0.0403610076755285 0.0351195376366377 0.0262537010014057 0.0342264069244266 0.0552832998335362 0.0501406390219927 0.0274443503469229 0.0345752438530326 0.00969677853863686 0.00742179779335856 0.0208853234536946 0.0596645388752222 0.0197866796515882 0.0353802526369691 0.0164494288153946 0.0207981463521719 0.0089093811577186 0.0389696901664138 0.0880543991923332 0.10988446995616 0.0918852634727955 0.100496838241816 0.112498392909765 0.091888128221035 0.0639295909553766 0.0340940238907933 0.0202685070224106 0.0257354740053415 0.0371116667985916 0.034440928325057 0.0308788916096091 0.0258608726784587 0.0708416365087032 0.578689777851105 0.0707471821457148 0.0713730961084366 0.0471398681402206 0.0287600442767143 0.0810615256428719 0.0212842260487378 0.0132694330532104
0.0656202480196953 0.0425850266590714 0.0688630167394877 0.0155671505257487 0.0549151115119457 0.029912631586194 0.02687998265028 0.0393277192488313 0.0307934664189816 0.0459570780396461 0.0309910910204053 0.0205424376763403 0.0107436262071133 0.00913144799415022 0.0112638934049755 0.0144651324488223 0.0305235728621483 0.0700541578233242 0.0778388261795044 0.094914273917675 0.0563913837075233 0.0336488744243979 0.0377970535308123 0.0543830633163452 0.0377924934029579 0.0340430608019233 0.0565634876489639 0.042239074036479 0.0592401850968599 0.0403229188174009 0.034385646507144 0.04168392829597 0.0265137139707804 0.0156465242151171 0.0100306858774275 0.0143543562851846 0.0158765496686101 0.0802189163863659 0.0670085344463587 0.0202231394127011 0.0151704580988735 0.0139519543386996 0.0141451984178275 0.0120046744123101 0.0211415378376842
0.0621426694095135 0.036453465744853 0.0390738686546683 0.0353273596614599 0.0494080781936646 0.0673291750252247 0.00943989744409919 0.0309955636039376 0.00982434740290046 0.00754077867604792 0.0344535186886787 0.0148449753411114 0.00491560749942437 0.00963571849279106 0.0198699489235878 0.0176441783085465 0.0237638063728809 0.0522840563207865 0.0680622506886721 0.415194982290268 0.108785407990217 0.0759048521518707 0.0640565618872642 0.0827644884586334 0.0423670314252377 0.0248534664511681 0.00831739772111178 0.0242183405905962 0.0528812550008297 0.0677657410502434 0.0250124417245388 0.0064271483104676 0.0042682952596806 0.00457839061273262 0.00511486505856737 0.0139943427406251 0.0197101118974388 0.0330034531652927 0.0234843811020255 0.018879060447216 0.0149791484698653 0.00451664661522955 0.00496187247335911 0.0123593688942492 0.0138752524740994
0.0322124786674976 0.0212916097603738 0.0479480523616076 0.0340514333918691 0.0372208885848522 0.0649694360792637 0.0273693330585957 0.0635801043361425 0.0268924241885543 0.00847361530177295 0.0382002498954535 0.027463829703629 0.0250401765108109 0.0308868600055575 0.0552169948816299 0.0460543058812618 0.0485963847488165 0.0600226446986198 0.0410677153617144 0.0375984996557236 0.0212771802209318 0.0461517993360758 0.0328193424269557 0.0326781827956438 0.080378419905901 0.0782180428504944 0.0468890037387609 0.0481200348585844 0.042967502400279 0.061357880756259 0.0246594345197082 0.022565184533596 0.00380525272339582 0.0180026517249644 0.0132446140050888 0.0843008928000927 0.0486931506544352 0.0193217830732465 0.0326994134113193 0.0113686967175454 0.0118517191614956 0.0081511287484318 0.00442814021371305 0.00520818340592086 0.00277801868505776
0.0617860950529575 0.208162424713373 0.343133640289307 0.0253312047570944 0.0298633962869644 0.0453952889889479 0.0512989394366741 0.055313291028142 0.0276558389887214 0.0103170856367797 0.0199674817733467 0.0521012604236603 0.0868222430348396 0.0449773631989956 0.0391314644366503 0.0372523391619325 0.0210913803428411 0.032550105266273 0.0784593462944031 0.0662586826831102 0.0379473485052586 0.0186437891796231 0.0709569670259953 0.0903138555586338 0.031812952645123 0.0681673936545849 0.12188935726881 0.0837900564074516 0.0330192683264613 0.0396899670362473 0.0791321195662022 0.0855207346379757 0.0424093872308731 0.0444248221814632 0.0283352619037032 0.018655536416918 0.00342710034456104 0.0308608854189515 0.0134283608756959 0.00621903275605291 0.00447574600111693 0.00440582234878093 0.00297319027595222 0.00282704328419641 0.00276208922732621
0.0804365295916796 0.0719975356012583 0.0610838536173105 0.0307533498853445 0.0417140876874328 0.0394374737516046 0.0835088700056076 0.0802923135459423 0.0448739916086197 0.0298151915892959 0.0504360320046544 0.0388169514015317 0.056703794002533 0.0537512082606554 0.0832335166633129 0.108602925390005 0.107535306364298 0.0625154491513968 0.0274512777104974 0.0145264843013138 0.0171540159732103 0.0111942619550973 0.0455883599817753 0.0764842219650745 0.0889373868703842 0.11460819169879 0.0995561517775059 0.0856473013758659 0.035496997833252 0.0815086528658867 0.10199024900794 0.0924943804740906 0.0636260379105806 0.0342684492468834 0.0370437582954764 0.0058018337469548 0.00507426407421008 0.00749811204150319 0.00592863322235644 0.00772439606953412 0.00315979238948785 0.0026278248638846 0.00251399138360284 0.00218613025499508 0.00251923085888848
0.0536708455532789 0.0849356047809124 0.0618701715022325 0.0704809185117483 0.0947853118181229 0.0552486456930637 0.0904974073171616 0.0570143766701221 0.0603972084820271 0.0701846741139889 0.0332314264029264 0.0374600047245622 0.0170743491500616 0.0206933921203017 0.0576342862099409 0.0425495022907853 0.0650622621178627 0.0661435324698687 0.119497014582157 0.074759316444397 0.0241518640890718 0.0214249676093459 0.0493731655180454 0.104170218110085 0.132070425897837 0.106236847490072 0.0622812282294035 0.067784808203578 0.0632285296916962 0.0288090134039521 0.0828302904963493 0.0750542528927326 0.101254132390022 0.0731073401868343 0.0438299704343081 0.00276404687901959 0.00396991471061483 0.00993871269747615 0.00686463457532227 0.00359934899024665 0.00281517992843874 0.00274965452845208 0.00241674520075321 0.00250364023959264 0.00224655668716878
0.182548859715462 0.126795091480017 0.141438675671816 0.0521850049495697 0.0480881996452808 0.0448303014039993 0.151351011544466 0.134963684529066 0.133186610788107 0.0709763452410698 0.0991135537624359 0.0220443128608167 0.0234561393968761 0.0118330655153841 0.0124194452073425 0.0332410899922252 0.0555589340627193 0.0668926686048508 0.107391363382339 0.113564123213291 0.115541888028383 0.0526312008500099 0.0311231868341565 0.0589224599301815 0.0811394989490509 0.14483967423439 0.0967635199427605 0.0957757465541363 0.0510408848524094 0.0279113706201315 0.0412890430539846 0.0889579840004444 0.111794877052307 0.0570887610316277 0.00538700819015503 0.00320812804857269 0.00308557989192195 0.00309652073774487 0.00774111640639603 0.00213893714826554 0.00236006322666071 0.00184615322505124 0.00232533253147267 0.00256983611034229 0.00236722125555389
0.159061716496944 0.203998909890652 0.0431505136191845 0.0311199333518744 0.0303154120221734 0.0789046619087458 0.14063251838088 0.063387143611908 0.0463609434664249 0.0177054961211979 0.0412986820563674 0.045008160173893 0.0935794837772846 0.0607708055526018 0.057493444532156 0.067415027320385 0.114847303926945 0.120747537910938 0.117108532786369 0.0520701300352812 0.0262227339670062 0.0102274366188794 0.0248086199164391 0.0165020243264735 0.0153810364194214 0.987976825237274 0.658562442660332 0.114258477836847 0.116386153548956 0.113414871692657 0.0896094217896461 0.0749724462628365 0.0261821042746305 0.00356987140839919 0.00323721336899325 0.00300383816938847 0.00296320617781021 0.00399119128705934 0.00262012658640742 0.0136473448015749 0.00175781864090823 0.00211055747931823 0.00217060730792582 0.00214959211880341 0.0019664192746859
0.223658679425716 0.068904772028327 0.0615687523037195 0.0315013621002436 0.00815651626326144 0.10361729413271 0.190170551836491 0.137000678479671 0.0345396282151341 0.028729497268796 0.0325215645134449 0.0340567732229829 0.018617844581604 0.0103571464773268 0.0228013115003705 0.0409043833613396 0.0415541540831327 0.0258592788130045 0.00936322712805122 0.00438998016761616 0.00540078862104565 0.0147957268636674 0.0533662594854832 0.0254993543028831 0.0294006442651153 0.0935035824775696 0.0933691270649433 0.0811207473278046 0.0446576829999685 0.020469681546092 0.00499200788326561 0.00400928356684744 0.00395753551274538 0.00358147004153579 0.00325757614336908 0.00292357221478596 0.0191004140302539 0.00269772385363467 0.00243037992622703 0.00219909315928817 0.00216339325997978 0.00186383312393446 0.00192259512841702 0.00173752809059806 0.00178122541692574
0.209150078892708 0.0441181614995003 0.0101549313636497 0.0412972746416926 0.0305078206583858 0.0332065917551517 0.12105450257659 0.0751359593123198 0.0626352276653051 0.123737651854753 0.0360813908278942 0.0143545649945736 0.0522880434989929 0.0616331860423088 0.0698365114629269 0.0756229504942894 0.0786625523120165 0.0276937892660499 0.0474261211231351 0.00574936564080417 0.0240089282393455 0.0378587914630771 0.0202320314012468 0.0328469950705767 0.097064746171236 0.0833471372723579 0.0551822151988745 0.0329181367531419 0.0195882441475987 0.0146853013895452 0.007275630091317 0.00582930836826563 0.00426842761225998 0.00925503796897829 0.00744952918030322 0.00316587784327567 0.163186185061932 0.00274790267576464 0.002499802474631 0.00230502205085941 0.00211106413044035 0.00175244623969775 0.00174417329544667 0.00164528714085463 0.00162615300214384
0.0462250206619501 0.151484119147062 0.00885426425375044 0.0200088365003467 0.0178773498162627 0.0148681760765612 0.288081882894039 0.125418838858604 0.0765260118991136 0.0224291902966797 0.0173053451813757 0.0687574747949839 0.0659732978790998 0.0869523070752621 0.0369181396439672 0.0431504976004362 0.0372166015207768 0.0282420789822936 0.00605922437971458 0.00579220580402762 0.0438427891582251 0.0895530305802822 0.0354213608428836 0.0158006362617016 0.0490238603204489 0.0442894224077463 0.086688793450594 0.0623105853796005 0.0138851208612323 0.00420029041124508 0.00402486751554534 0.00393847465747967 0.00379541303263977 0.00351270899409428 0.00338829852407798 0.00333994121756405 0.00300139127648436 0.00265624413732439 0.00245491342502646 0.00215358198038302 0.00192010804312304 0.00180477159155998 0.00169779039861169 0.00156660756329075 0.00144946201471612
0.0828368004411459 0.130547558516264 0.0356706604361534 0.0292789375409484 0.0118752689799294 0.00882352674379945 0.0332633355632424 0.0822901539504528 0.0624389655888081 0.0479578970000148 0.0511107873171568 0.0899379327893257 0.037873544357717 0.022761110868305 0.022558974288404 0.0245724130421877 0.0210614031180739 0.00756029835902154 0.0087811463046819 0.00889316583052278 0.00473033569287509 0.0180278727784753 0.0504738222807646 0.0636418923735619 0.111402873694897 0.108994077146053 0.0913623996078968 0.0269402602687478 0.0275453547015786 0.0158894223161042 0.0114521722309291 0.0208518344908953 0.0037866479717195 0.00351320730987936 0.00345226358622313 0.00317867510602809 0.00309784463024698 0.00286731144879013 0.00251451781950891 0.00227712480118498 0.00197763912146911 0.00177419724932406 0.00159878310805652 0.00149595754046459 0.00142582933767699
0.101517982780933 0.146036142110825 1 0.111519774794579 0.0899953410029411 1 0.549095565080643 0.0870588377118111 0.0800014346837997 0.0771715018898249 0.0601887702941895 0.161535894870758 0.0788591649383306 0.0342584131285548 0.0140550663229078 0.0483089536428452 0.0145059276372194 0.00875600189901888 0.020804403629154 0.0125739715062082 0.0200033689849079 0.0684613455086946 0.139969139546156 0.0528109692037106 0.0540937535464764 0.0498324986547232 0.042879824899137 0.0140553710050881 0.00478833977831528 0.00487705218838528 0.0033436082303524 0.00273224633419886 0.0249093919992447 0.0024031739885686 0.00332130059832707 0.00323490306618623 0.00298196338699199 0.00282264713314362 0.00251203688676469 0.0022117790998891 0.00198734578152653 0.0018977233878104 0.00169483436329756 0.00158433717151638 0.00148324500769377
0.0380012005567551 0.00877442909404635 0.0241043458692729 0.0449173169210553 0.0744587827473879 0.0919288963079452 0.124650106579065 0.0543372351676226 0.0215398267842829 0.0088915215106681 0.0113585639977828 0.0413884058594704 0.0277894487604499 0.0440840436145663 0.0328857325017452 0.0260011585429311 0.0278799880295992 0.00884798974730074 0.0196551876142621 0.0272082291543484 0.0157844256609678 0.0322262207046151 0.063397990167141 0.0520686931908131 0.0104847448412329 0.0159727267920971 0.00759738606866449 0.00569514068774879 0.00424570688046515 0.00234769093804061 0.00227559820050374 0.00364615658763796 0.0368868965655565 0.00445016087032855 0.00487398746190593 0.00295850655529648 0.00284435854991898 0.0027032841462642 0.00245318824308924 0.00220661328639835 0.00201437189825811 0.00182355760480277 0.00168326577404514 0.00156028870551381 0.0014912696700776
0.140696752816439 0.12795120254159 0.0563616912811995 0.0132404529023916 0.101129978150129 0.112438405305147 0.178601993620396 0.0440881937742233 0.0318379625678062 0.0221296647563577 0.037826264090836 0.0323873175308108 0.0478316370397806 0.0687376085668802 0.156240531802177 0.0491320665925741 0.0439219586551189 0.0556966312229633 0.0593637216836214 0.0259410383179784 0.0240989236161113 0.0217853190377355 0.0345900576561689 0.0485346332192421 0.042217393964529 0.0107127215713263 0.0231208745390177 0.0113663059659302 0.00564290976617485 0.00270930612459779 0.00820192622486502 0.00378859542543069 0.00324255764717236 0.00309962931205519 0.00303519684821367 0.00290294010774232 0.00277396127930842 0.00256849257857539 0.00235142482561059 0.00225943240220658 0.00207390351570211 0.00193635778850876 0.00177959374268539 0.00171093762328383 0.00157928822736721
0.0472924493253231 0.0220688089728355 0.118953239172697 0.0856158025562763 0.0341169195249677 0.0777304284274578 0.0542231120169163 0.215287518501282 0.150987114012241 0.046079233288765 0.0234769609756768 0.0541634704917669 0.0369418716058135 0.0594578597694635 0.0201089760288596 0.0504116341471672 0.063394420593977 0.0435693364590406 0.0479399621486664 0.0242331961169839 0.0953099191188812 0.0736051701009273 0.0528426565229893 0.0369313525035977 0.0265895545482636 0.00537818112643436 0.00421998734818771 0.00402481548953801 0.00241020593093708 0.00661427418235689 0.012645789142698 0.00328870401717722 0.00382924890145659 0.00317732951953076 0.00302836989285424 0.00292172924382612 0.00273328593466431 0.00255979634821415 0.00239248956786469 0.00229515797109343 0.00217055580578744 0.00955939190462232 0.00192538648261689 0.00181312612257898 0.00178277232043911
0.0538526937365532 0.0487000502645969 0.0248212417587638 0.0204812536016107 0.0430295698344707 0.0529094930738211 0.0347628969699144 0.0188994697295129 0.0476351585239172 0.0302869774401188 0.0349823551252484 0.0226666967384517 0.0255925811827183 0.0185000395402312 0.054089218005538 0.0219703605398536 0.060534305870533 0.00754857733845711 0.0139232154935598 0.0227158933877945 0.0595977216959 0.0492700129747391 0.0292705092579126 0.0233069150708616 0.00289610043982975 0.00320242556044832 0.00922651728615165 0.00369559846585616 0.00356620153179392 0.000637170908157714 0.0107534631621093 0.0164340162649751 0.00260714649921283 0.0531416554003954 0.0151569588575512 0.00323365305084735 0.130876038223505 0.0677661802619696 0.00177524851460475 0.00233438173891045 0.00222076802747324 0.00216720683965832 0.00209573034080677 0.00200653512438294 0.00191289860813413
0.132450757920742 0.134775879979134 0.0498862233012915 0.0222759179770947 0.249986407160759 0.0315356004983187 0.0239068903960288 0.195469976961613 0.0357387544587255 0.0246739687398076 0.0167753780726343 0.00625418946146965 0.00611519042868167 0.0258128333836794 0.00811871800106019 0.0325984777882695 0.0419956913217902 0.00952568678185344 0.0174665870144963 0.0295707028359175 0.0717072572559118 0.0309682102873921 0.00409424083773047 0.00566302499501035 0.00637017963454127 0.00389382425928488 0.00378899060888216 0.00365673763444647 0.0109250647947192 0.00296800642972812 0.00344259417615831 0.0202609087340534 0.00506264134310186 0.0170864962041378 0.00473245597677305 0.00280904120882042 0.0191782512702048 0.00326963319675997 0.00246089079300873 0.00198189489019569 0.00231912103481591 0.00225353303248994 0.00223827424342744 0.00212416957947426 0.00202985170471948
0.476960134506226 0.470694124698639 0.0648213423788548 0.0234112472273409 0.13460800126195 0.0306417502462864 0.0288906255736947 0.0923577513545752 0.0079183092340827 0.00617923371028155 0.0197483385913074 0.0231274017132819 0.0081698460271582 0.0064573401468806 0.0199169772677124 0.00616889619268477 0.00641409537056461 0.0175490608438849 0.015821589063853 0.0196897150017321 0.0118364308960736 0.0135786750353873 0.00301174161722884 0.00583605942083523 0.00440302375936881 0.00437747200485319 0.0122431744355708 0.0119114772882313 0.00420264074346051 0.00444497091230005 0.00349152847193182 0.00325877550058067 0.00308306604274549 0.00300293045584112 0.00294997784076259 0.00286757575813681 0.00278551588417031 0.00268679258879274 0.00264770379872061 0.00250164933386259 0.0023359571932815 0.002277044049697 0.00227232788456604 0.00224503857316449 0.00210962924174964
