Maxent_result_files_1/Bombus_niveatus_2.asc
NCOLS 594 
NROWS 330 
XLLCORNER -15 
YLLCORNER 23 
CELLSIZE 0.166666666666667 
NODATA_value -9999 
[rows 180 to 199 of 330, columns 230 to 275 of 594]
0.00645336827728897 0.0443991398438811 0.0168520295992494 0.0132040906697512 0.057353750616312 0.0784464370459318 0.00487571004778147 0.00117954119341448 0.000253084342330112 0.00098570586706046 0.000962197946500964 0.00159816060913727 0.000530628363776486 0.00371647608699277 0.0155405378900468 0.0775831323117018 0.0594393226318061 0.0572121506556869 0.0801909826695919 0.0858090590685606 0.0866402130573988 0.0550019593909383 0.158674321323633 0.562014970183373 0.0778575472533703 0.0870087843388319 0.0787030924111605 0.0794140364974737 0.0686615575104952 0.095888290181756 0.0772899750620127 0.0725670505315065 0.0792946640402079 0.0610042881220579 0.0619858838617802 0.0475034851580858 0.0347374323755503 0.0368730641901493 0.0218804081901908 0.0187553197145462 0.0171268907375634 0.015024774428457 0.0130345597863197 0.0121450886130333 0.00965332668274641 0.0120472182054073
0.0109167284332216 0.0488381635397673 0.113016010820866 0.0204568701796234 0.0305625684559345 0.0195375068113208 0.0223385344259441 0.00627555975224823 0.000495125424640719 0.000367646145241451 0.000213349076148006 0.000894244873779826 0.000306486371846404 0.000999224736005999 0.00132198923965916 0.0527321647852659 0.0628174353390932 0.0435604633763432 0.0586748344823718 0.0913517698645592 0.119589502364397 0.0368950204923749 0.0782359980046749 0.0739031836390495 0.0712281625717878 0.0838754385709763 0.0763413857668638 0.163697643578053 0.0741085760295391 0.0686196953058243 0.0694096434861422 0.0557405851781368 0.0544627610594034 0.0890668582171202 0.0847987651824951 0.0425792207941413 0.0367175824940205 0.0526968523859978 0.0197014041244984 0.0210299639962614 0.015545133780688 0.0139433574862778 0.0123202849179506 0.0120736106298864 0.012266350723803 0.0122288036625832
0.0137235231697559 0.0254538624547422 0.0166022123768926 0.0150732127949595 0.0849573355168104 0.137028161436319 0.0259999526664615 0.0455177487805486 0.0322847847826779 0.00502103473991156 0.000675088880234398 0.00180642023915425 0.00131239493493922 0.00145212786155753 0.00400031598983333 0.00883966842666268 0.0489728543907404 0.113812472298741 0.0875207006931305 0.0686228673905134 0.0155038432218134 0.0427739752456546 0.0973428174853325 0.0893165610730648 0.067598158493638 0.0748411279171705 0.0796005267649889 0.0673314828425646 0.073711859062314 0.058644076064229 0.0618689764291048 0.0554104452952743 0.0485955035313964 0.0389798913151026 0.0261029263958335 0.0359304843470454 0.0302908789366484 0.0274690015241504 0.0222711142152548 0.0148891123011708 0.0156563699245453 0.013617580011487 0.0127328608185053 0.0123628512956202 0.0120475496165454 0.0118820148985833
0.0111472046934068 0.0130874048918486 0.0133497222792357 0.022724901791662 0.0274708798155189 0.0251016814261675 0.0318492241203785 0.0221488520503044 0.0332459733821452 0.0138569829985499 0.000904606310359668 0.00213279200252146 0.00031560114439344 0.000157059315097285 0.00122098903229926 0.000966923171654344 0.00681775747798383 0.0254335069097579 0.0674737263470888 0.0448999544605613 0.0258321746252477 0.0800974164158106 0.0833279844373465 0.0434864118695259 0.001589477120433 0.0712910927832127 0.0714647058397531 0.0679900784045458 0.0522430397570133 0.0430348595604301 0.0370479475706816 0.036376147530973 0.0476274995133281 0.0343505101278424 0.0745770327746868 0.0188583589158952 0.026255604531616 0.0212732800282538 0.0201186581514776 0.0182825909927487 0.0153218894265592 0.0138051019050181 0.0126827384345233 0.012238719407469 0.0110150450374931 0.0115838152356446
0.0175071639940143 0.0194868228398263 0.0141104655805975 0.0224112667143345 0.0387955712154508 0.047460213676095 0.0332228014245629 0.0412287792190909 0.0430550349876285 0.00980343436822295 0.000361127916221449 0.000672036893956829 0.000869933344074525 3.4323691568261e-05 0.000679564810707234 0.000215135626058327 0.0118361637927592 0.0182911849580705 0.0617459174245596 0.0716918531805277 0.109773251786828 0.0903958402574062 0.0966918472200632 0.0818681679666042 0.0830178365111351 0.174270843714476 0.0764658700674772 0.0649286542087793 0.0270485949702561 0.0377609219402075 0.0305177571251988 0.0248649887740612 0.0158529446925968 0.022106165997684 0.0639836888760328 0.0242930646054447 0.0208637939766049 0.0163675460964441 0.0162909801118076 0.0169863991439342 0.0153419954702258 0.0134739891625941 0.0123971824534237 0.0114585170987993 0.0107739768456668 0.010605477495119
0.0457718010991812 0.0595813076943159 0.0548046611249447 0.0662339951843023 0.0506890781223774 0.0506385296583176 0.0365508811548352 0.0666283208876848 0.0435222001746297 0.00118237945716828 0.000194802865917154 0.00170473187608877 0.00035057972818322 5.09222461118952e-05 8.98032936675008e-05 0.00145643559517339 0.00858433055691421 0.00407351839821786 0.0616867687553167 0.073513563349843 0.081363544985652 0.0954599644988775 0.0706716813147068 0.0181603047531098 0.0534314151853323 0.0570370338857174 0.0408176813274622 0.0542790811508894 0.0389714647084475 0.0297234816476703 0.0106441817013547 0.00830665107350797 0.0465797131881118 0.0534626580774784 0.0189306207001209 0.0151298915036023 0.017926240991801 0.0186503295786679 0.0171415330842137 0.0165862331166863 0.0154773605056107 0.0134401682764292 0.0117201387416571 0.0106052636634558 0.00989878289401531 0.00904031484387815
0.0704392738640308 0.0747157827019691 0.0720834020525217 0.0609327811747789 0.0658735767006874 0.0735344741493464 0.0633594702929258 0.0644426584243774 0.0781382605433464 0.0574586398899555 0.00859023742377758 0.00065063497168012 0.00586304641328752 0.000652195222210139 0.000773394390125759 0.00113555663847364 0.00314112002961338 0.0129363536834717 0.0377726532518864 0.0800215069204569 0.0757455557584763 0.148940373957157 0.0547113722190261 0.0907495524734259 0.0969976842403412 0.0631389051675797 0.0620324291288853 0.0452046232298017 0.0392946312204003 0.0267141001299024 0.02317163227126 0.0164157518185675 0.0138494037557393 0.0358824476599693 0.0153302912600338 0.0192260009236634 0.0139558914117515 0.0642668221145868 0.0190292092971504 0.0159111843444407 0.0165677269920707 0.0129883765242994 0.0259771641343832 0.00952510559000075 0.00875968122854829 0.0111954007297754
0.0650431782007217 0.0819500591605902 0.0987852729856968 0.0839012287557125 0.0785747978836298 0.0773634787648916 0.0779649630188942 0.0717386595904827 0.0703906040638685 0.0435036776587367 0.312513836473227 0.00017260779877688 0.0160970405675471 0.00832509780302644 7.26295925687737e-05 0.00123873261618428 6.22218085709392e-05 0.000175729761758703 0.053352664411068 0.0645093962550163 0.0499153727665544 0.08454195484519 0.0834501855075359 0.0522844646126032 0.0676576193422079 0.0704696778208017 0.0948599077761173 0.0438360448926687 0.0366171838715672 0.0291375113651156 0.0217273134738207 0.0191334414295852 0.0152510546147823 0.01506755836308 0.016466832626611 0.0164108836092055 0.0228733158670366 0.0232950904406607 0.016852938849479 0.0143975499086082 0.0128882478922606 0.0115570908877999 0.0424359699711204 0.326548367738724 0.0408216981217265 0.00730944969691336
0.0197925174143165 0.0606911534443498 0.13076208755374 0.0965207871049643 0.082124388217926 0.0804766826331615 0.085572948679328 0.0862075477838516 0.0914029754698276 0.0568274680525064 0.0386191081255674 0.0177361709065735 0.000911192627972923 0.00086276744841598 0.0161700179800391 0.00313948169350624 0.00258992253802717 0.000576956155418884 0.00608636962715536 0.0417941650375724 0.0170577513519675 0.102506607398391 0.0617356749251485 0.0786134846508503 0.0682059597223997 0.0522714395076036 0.068361434713006 0.0383509121835232 0.0297887658700347 0.0265325032174587 0.0235301854088902 0.0203289256431162 0.0186479072086513 0.0180265450850129 0.0174036130309105 0.0159867686219513 0.0153915485367179 0.0141465665772557 0.0090702404268086 0.0115697508212179 0.0111969576217234 0.0104406819678843 0.0158369991928339 0.223590601980686 0.416585457324982 0.00992940338328481
0.042177364602685 0.0347188800573349 0.0488935932517052 0.0953318882733583 0.0897336591035128 0.0919546894729137 0.0780069835484028 0.0764737643301487 0.0795994874089956 0.025208583008498 0.0527853226289153 0.050435746461153 0.0118132003117353 0.000502371314360062 0.00928693781606853 0.00564449650701135 0.00152658225269988 0.00130278414580971 0.0111632407642901 0.0424774369224906 0.0483545193448663 0.0201453275978565 0.118619224429131 0.0708780981600285 0.0634360257536173 0.0661125686019659 0.0540328305214643 0.0460643531754613 0.0321897942572832 0.0276954959146678 0.0201620955020189 0.0226644605398178 0.0211814259178936 0.0195797353051603 0.0166236188262701 0.0139275652356446 0.0144314738921821 0.0130463567562401 0.0117376367561519 0.0107912086416036 0.210752563178539 0.130834332853556 0.013030556216836 0.0171597658656538 0.0107963351532817 -9999
0.0471983971074224 0.0320025803521276 0.0874567598104477 0.0881581954658031 0.0796231634914875 0.0864417154341936 0.0988655313849449 0.0433109647594392 0.0451308276504278 0.0609979871660471 0.0333557267673314 0.111343291401863 0.0575053740292788 0.0973727241158485 0.00268222881713882 0.0239465126767755 0.00950595992617309 0.000488448217220139 0.0221322551369667 0.0503461187705398 0.129353022575378 0.0300682623870671 0.102360044419765 0.103766199946404 0.0687827251851559 0.0616019960492849 0.0512013403698802 0.0353334259241819 0.0116976775694638 0.026526190713048 0.0200219484046102 0.0273877707310021 0.0220836057327688 0.0197127504274249 0.0171268041245639 0.0156210332177579 0.0143656447529793 0.0135242102667689 0.0119233990553766 0.0110566176939756 0.0828133285045624 0.310783694684505 0.674047207832336 0.033309256657958 -9999 -9999
0.0295769777148962 0.122096329927444 0.0736969422549009 0.0893194880336523 0.0700720520690084 0.0539150292053819 0.0689090793952346 0.0419000583700836 0.0481963383033872 0.0566086390987039 0.0554970750585198 0.0804231930524111 0.0236340617295355 0.0349648813717067 0.0366276616230607 0.117507088184357 0.0357612162828445 0.0372470246627927 0.180478456616402 0.0372857665643096 0.264209850132465 0.0251753092743456 0.0571640770882368 0.0276590155437589 0.0610129415988922 0.0520064495503902 0.0442716540768743 0.0372154295444489 0.0148440311662853 0.0251254819333553 0.0207250919193029 0.0200346034020185 0.0207166279666126 0.0208357803523541 0.0168494740501046 0.015576630551368 0.0160640118643641 0.0150829150341451 0.0135271228849888 0.0117121119983494 0.0103159578982741 0.00858381753787398 0.40834699422121 -9999 -9999 -9999
0.0320094684138894 0.0426584418863058 0.0669415149837732 0.0834324400871992 0.0988301005214453 0.0421102702617645 0.0802005335688591 0.0839542429894209 0.0529646458104253 0.0968218564987183 0.0623390438035131 0.0399212712422013 0.0118540858849883 0.0437017362564802 0.029820600990206 0.0382452555000782 0.0841809973120689 0.00341282784938812 0.000617907202104107 0.233539605885744 0.0632043018937111 0.0121436539571732 0.0698734998703003 0.0759017251431942 0.0645996615290642 0.0536925809457898 0.0405785590410233 0.034281699359417 0.0863480266183615 0.0284808810800314 0.0177601963281631 0.0238739289343357 0.0168678754009306 0.0264026120305061 0.0155603798106313 0.0147957488894463 0.0159220754168928 0.0180994791910052 0.0135037870146334 0.0935698725283146 0.293423700332642 0.0468381185084581 -9999 -9999 -9999 -9999
0.305422104150057 0.0952955763787031 0.0266298778355122 0.0550657797604799 0.0514934217557311 0.0575916759669781 0.0488926650956273 0.0519697949290276 0.0412105776369572 0.0508217085152864 0.0476901745423675 0.0346983244642615 0.0317518237046897 0.156888876855373 0.0671161644160748 0.0371287364512682 0.0226695789024234 0.00113023553276435 0.000132454369713741 0.00177091450896114 0.100421217083931 0.008121642540209 0.0504439629614353 0.118955620378256 0.0675464909523726 0.0374801469966769 0.0340115094557405 0.028491123020649 0.0327140837907791 0.0303924769163132 0.019215068873018 0.0235109383240342 0.0146783388219774 0.0149807950481772 0.0162162221036851 0.050465565174818 0.0152457534335554 0.109749034047127 0.350210976600647 0.133326240628958 -9999 -9999 -9999 -9999 -9999 -9999
0.00773280747234821 0.000461498857202969 0.00223196002043551 0.00044343833324092 0.0119285277789459 0.33473227918148 0.227627059817314 0.019731261767447 0.0193389866035432 0.00615396985085681 0.00193049370136578 0.0156061928719282 0.0274173436686397 0.000871976691996679 0.00912924776785076 0.266602486371994 0.083324158936739 0.0980984412133694 0.0109623278491199 0.029477358981967 0.386080420017242 0.0324618619866669 0.0591929346323013 0.0473677521571517 0.0405429448932409 0.0331939721480012 0.0296110296621919 0.0242882308550179 0.0211662960238755 0.0167854955419898 0.0104880830738693 0.473020929098129 0.0134198682382703 0.0395951421931386 0.0866895865648985 0.118597400188446 0.0286352334544063 0.13545366153121 -9999 -9999 -9999 -9999 -9999 -9999 -9999 -9999
0.0138979307375848 0.0119597762124613 0.0066735171014443 0.0253279095515609 0.25103409960866 0.453162948787212 0.0856181874871254 0.0732399642467499 0.11965768262744 0.136418611183763 0.0389246627688408 0.00943338107317686 0.0207060238346457 0.00501138141844422 0.0948566064238548 0.117254011332989 0.239601038396358 0.154535377770662 0.10745572000742 0.0671000730246305 0.0623972985893488 0.0605858646333218 0.075505979731679 0.0403284287080169 0.0300519056618214 0.0284420493990183 0.0255792173556983 0.0983498498797417 0.134896310418844 0.0811556454747915 0.175165969133377 0.424316072463989 0.0622311476618052 0.231504463404417 0.147043048590422 0.01243622363545 0.0730583650991321 0.158412782102823 -9999 -9999 -9999 -9999 -9999 -9999 -9999 -9999
0.0206005000509322 0.184008267521858 0.122523845732212 0.124544680863619 0.326277348399162 0.49075468480587 0.0939595922827721 0.0335168352350593 0.0286629578098655 0.0212391433306038 0.0534265194088221 0.208648952841759 0.0955766096711159 0.0435222506523132 0.0629873938858509 0.0676674775779247 0.0546005576848984 0.0259536842815578 0.0211428263224661 0.0194474649615586 0.0866403456777334 0.0632900271564722 0.0403348710387945 0.0474645167589188 0.0570369375869632 0.02052346393466 0.0160468520596623 0.0164203288964927 0.017987160012126 0.00937564824707806 0.00150702559622005 0.085984087921679 0.157518661022186 0.0495629135519266 0.0638619795441628 0.0596925750374794 0.388079458475113 0.714496609568596 -9999 -9999 -9999 -9999 -9999 -9999 -9999 -9999
0.036341580376029 0.0417949197813869 0.0320469621568918 0.0377477560192347 0.0281347062438726 0.0170938781928271 0.0170417352579534 0.0160822900012135 0.00981524460949004 0.0209451660048217 0.0201351013034582 0.0234202610794455 0.0321211040951312 0.0130837772972882 0.0459351303055882 0.0342267221771181 0.0629699993878603 0.038402783870697 0.0479727877303958 0.0410378593951464 0.0713698353618383 0.0567091178148985 0.0331548323854804 0.0274580556899309 0.0217331247404218 0.017511863540858 0.0153149503283203 0.0285618308931589 0.00563004703726619 0.0123457339592278 0.00709586145821959 0.00847550397738814 0.00990361869335175 0.00652201154734939 0.0348976992070675 0.601605242490768 0.49026095867157 0.255464244633913 -9999 -9999 -9999 -9999 -9999 -9999 -9999 -9999
0.00709230310749263 0.0120417657773942 0.0150144890882075 0.0135140608996153 0.0126944748684764 0.018146026879549 0.0282200885936618 0.0238761297427118 0.00956373673398048 0.0664539948105812 0.0225601308047771 0.0160847514402121 0.0617993459105492 0.0497335916385055 0.031962681747973 0.0836038988083601 0.158671119064093 0.0611128689721227 0.0514621296897531 0.0408120844513178 0.0359217273071408 0.0312731796875596 0.0268925365060568 0.0238222636282444 0.0194845841266215 0.0164283049292862 0.00907457466237247 0.0354340246878564 0.0121278425678611 0.311080382764339 0.00366031334269792 0.00438050719676539 0.0157594949938357 0.0740452460944653 0.330255171656609 0.820406344532967 0.136965452879667 0.0230214627459645 -9999 -9999 -9999 -9999 -9999 -9999 -9999 -9999
0.00568893603049219 0.0197984512895346 0.0124361714348197 0.0181321950629354 0.0201693145558238 0.0464620100334287 0.0248009141534567 0.0316570488736033 0.0343460654839873 0.118636075407267 0.0403528869152069 0.0363919857889414 0.0386484818533063 0.0560431865975261 0.0417523510754108 0.0469583906233311 0.0225895340554416 0.0219680616632104 0.0366935161873698 0.0348749542608857 0.0283608970232308 0.0246430179104209 0.0216143979690969 0.0190470847301185 0.0156604326330125 0.0207874075509608 0.0447683021426201 0.0265888582915068 0.0237513350322843 0.303148010373116 0.010035460582003 0.0497545996680856 0.123900847136974 0.134436751902103 0.00252256022067741 -9999 -9999 -9999 -9999 -9999 -9999 -9999 -9999 -9999 -9999 -9999
