Maxent_result_files_1/Bombus_rupestris_2.asc
NCOLS 594 
NROWS 330 
XLLCORNER -15 
YLLCORNER 23 
CELLSIZE 0.166666666666667 
NODATA_value -9999 
[rows 168 to 188 of 330, columns 368 to 413 of 594]
0.00678470931015909 0.00659688361920416 0.00648570000194013 0.00652838014066219 0.00604915590956807 0.00565452831797302 0.00523680956102908 0.00474860302638262 0.00467359945178032 0.00463228893931955 0.0047553847078234 0.0048544749384746 0.00469540518242866 0.00455423765815794 0.00443235686980188 0.00433489675633609 0.00417938351165503 0.00403414333704859 0.00392596027813852 0.00384877976030111 0.00377047040965408 0.00737416986376047 0.00367592172697186 0.00364293230231851 0.00361860538832843 0.00360778297763318 0.00785560724325478 0.00698047366458923 0.00352453151717782 0.0073983964510262 0.00754906977526844 0.00333181107416749 0.0032737020868808 0.00326884856913239 0.00324924630112946 0.00315406052395701 0.0031700334046036 0.00316619139630347 0.00312565173953772 0.00311808425467461 0.00310102838557214 0.00307536812033504 0.00309337161015719 0.0031631981022656 0.00316941165365279 0.00313013589475304
0.00657939482480288 0.00638398611918092 0.00625982596538961 0.00594133748672903 0.0056774437893182 0.00539559284225106 0.00485534979961813 0.00470198101829737 0.00451283538714051 0.00437081975396723 0.00442353182006627 0.00438391091302037 0.00435447255149484 0.00426332685165107 0.0084427934139967 0.00408995416946709 0.00395955229178071 0.00382026573643088 0.00367891734931618 0.00771311582066119 0.00358103660400957 0.00761972772888839 0.00354386414401233 0.00350064444355667 0.00736613683402538 0.00338239092379808 0.00756531618535519 0.0033232367830351 0.00325662193354219 0.00323001137003303 0.00715081780217588 0.00709406191017479 0.00312657090835273 0.00317142107523978 0.00315030345227569 0.00304743777960539 0.00303348642773926 0.00291144158691168 0.00286574363708496 0.00290120623540133 0.00289331354433671 0.00289838900789618 0.00292906120885164 0.00293317539617419 0.00297739198431373 0.00290549416095018
0.00631848429329693 0.00608226908370852 0.00589264230802655 0.0056540944846347 0.00536925629712641 0.00523994234390557 0.00486777490004897 0.00459829950705171 0.00443105658050627 0.0043291442329064 0.00422865233849734 0.00414352922234684 0.00408014545682818 0.00399630158208311 0.00391396763734519 0.00382433952763677 0.00378199624828994 0.00365787798073143 0.00357451774179935 0.0078529273159802 0.00687866280786693 0.00335074381437153 0.00334627274423838 0.0032962110824883 0.00652681398205459 0.00321140591986477 0.00313222298864275 0.00302635198459029 0.00300637646578252 0.00301104977261275 0.00298854007851332 0.00304647106677294 0.00290401017991826 0.00284976644907147 0.00279891578247771 0.00281807241262868 0.00270791290095076 0.00263827777234837 0.00269329092698172 0.00270004030317068 0.00271751546533778 0.00285838340641931 0.00278620844474062 0.00277205385500565 0.00278079488780349 0.00271632660878822
0.00592973590828478 0.00589061276987195 0.0057177048875019 0.0053053418872878 0.00524948828388005 0.00520995431579649 0.00484658407513052 0.00462944866158068 0.00437252069823444 0.00416197846643627 0.00227116962196305 0.00133792666601948 0.003856883617118 0.00378225820604712 0.00364330995362252 0.003594333329238 0.00352094448171556 0.00336600760929286 0.00325581850484014 0.00737828565761447 0.00172744403535035 0.00318000405095518 0.0068887188564986 0.00704122353345156 0.00669420908670872 0.00303839512635022 0.00588524069171399 0.00285953127313405 0.00280717489076778 0.0028224480105564 0.00283916463376954 0.00279849207727239 0.00287412003381178 0.00263786884024739 0.00259155160747468 0.00250165107427165 0.00248746502911672 0.00250498481327668 0.00258684585569426 0.00253065886208788 0.00250408507417887 0.00259139811387286 0.00270092372084036 0.00253933249041438 0.00253304918296635 0.00257513255346566
0.00550689101219177 0.00306629857514054 0.00315243349177763 0.00501661482267082 0.00499248295091093 0.00495888877194375 0.00472510033287108 0.00435039068106562 0.00414291522465646 0.00403891522437334 0.00385463193524629 0.00384353988338262 0.00373216245789081 0.00362316209357232 0.00343527165241539 0.0033197587588802 0.0032675561029464 0.00321957662235945 0.0031102801207453 0.00310288437176496 0.00312910750508308 0.00306142047047615 0.00293155038962141 0.00297545600915328 0.00766947926022112 0.00303029228234664 0.00568233944941312 0.00271411683643237 0.00264701867708936 0.00261474206345156 0.00259130970807746 0.00259649904910475 0.00258753640810028 0.00264736289391294 0.00239730194443837 0.00237462364602834 0.00236657538916916 0.00240823483327404 0.00240649750921875 0.00240733630489558 0.00233696381328627 0.00243552528554574 0.00238162288442254 0.00240590736502781 0.00243458049371839 0.00248590966220945
0.00547784001100808 0.00122402830165811 0.00132087705133017 0.00466156369075179 0.00474250852130353 0.00631526107899845 0.00442229157779366 0.00435784203000367 0.0041422322858125 0.00396611536853015 0.000973578628327232 0.00139787522493862 0.00367813499178737 0.00346400043927133 0.00331261120736599 0.00323303092736751 0.00313234673812985 0.00304499613121152 0.00294035730184987 0.00292271771468222 0.0029331793426536 0.00289265883620828 0.00284053422510624 0.00277012174483389 0.00273450189270079 0.00266296605113894 0.00259431123267859 0.00259257188299671 0.00256202212767676 0.00252417173469439 0.00246397687587887 0.00243671770440415 0.00242366569582373 0.00239842457231134 0.00230866774218157 0.00229675367008895 0.00229863674612716 0.00228000639472157 0.00227159082423896 0.00230444632470608 0.00230871125822887 0.00235189547529444 0.00230821153381839 0.00227936919545755 0.00231756966095418 0.0023243434377946
0.00523282838985324 0.00511852521449327 0.00488263296429068 0.00456429640762508 0.00448360252194107 0.00447404903825372 0.00438834051601589 0.00402976663317531 0.0038918791571632 0.00378811222035438 0.00362628190778196 0.0034913829062134 0.00336102619767189 0.00334112697746605 0.00331655268091708 0.00317268918734044 0.00303878670092672 0.00295574906049296 0.00288984746439382 0.00287402234971523 0.00285688354633749 0.00295157496584579 0.00284614509437233 0.00264512244611979 0.00259627152699977 0.00255084866657853 0.00252422005869448 0.0025047370349057 0.0025079017621465 0.00243379176827148 0.00237976348726079 0.00231928848661482 0.00234585688449442 0.00231964812846854 0.00223480560816824 0.00222244377946481 0.00221507879905403 0.00218759287381545 0.0021578713436611 0.00213828909909353 0.00220650946721435 0.0023147338652052 0.00228756467113271 0.00236687796423212 0.00234269496286288 0.00223746522096917
0.00508410276379436 0.00476969494484365 0.00465351343154907 0.00444222898222506 0.00425230490509421 0.00143411556782667 0.000951137729862239 0.00401435445528477 0.00381124024279416 0.00368095643352717 0.00360122360289097 0.00349413945805281 0.00343216527253389 0.0033130276016891 0.00330105083994567 0.0032556360354647 0.00312489394564182 0.00302057274384424 0.00294673522002995 0.00290836261119694 0.00282873433316126 0.00284181499155238 0.00287480286788195 0.00264861843315884 0.00258206331636757 0.00253079647663981 0.00252116488991305 0.00248453407548368 0.00245278023649007 0.00237153744092211 0.00231237943517044 0.00225141737610102 0.00232920770067722 0.00225904531544074 0.00218790011713281 0.00215078130131587 0.00212466317461804 0.00207049058517441 0.00209433475974947 0.00212944678496569 0.00230037531582639 0.00223559625446796 0.002239835052751 0.00221846760250628 0.00212267318274826 0.00213641937589273
0.00498637361451983 0.00480494750663638 0.0046232012566179 0.00439844196662307 0.0041588100604713 0.00106772213475779 0.00142717660055496 0.00101383099681698 0.00379121035803109 0.00368545958772302 0.00367171962279826 0.00362199787050486 0.00357026890851557 0.00355841291602701 0.00339504168368876 0.00330590566154569 0.00324484994634986 0.00320984269492328 0.00308283447520807 0.00302258036099374 0.0028939162264578 0.00286953599425033 0.00284290575655177 0.00268586887978017 0.0025966044398956 0.00256483794655651 0.0025153044029139 0.00249065882526338 0.00247173981042579 0.00236151549033821 0.00228812262648717 0.0023326221620664 0.00236381110735238 0.000567640118242707 0.00216643125750124 0.00210523161804304 0.00207757003372535 0.00204076204681769 0.0019944088999182 0.00197907869005576 0.0020666555617936 0.00211421296698973 0.00214093555696309 0.00209066640818492 0.00204647757345811 0.00208312001777813
0.00490336702205241 0.00480124896857888 0.00475049999076873 0.00442776782438159 0.00414184050168842 0.00402218108065426 0.00121804576483555 0.00141801719437353 0.00125354725751095 0.00370840991381556 0.00366881599184126 0.00366662277374417 0.00362710801418871 0.00352704396937042 0.00347930686548352 0.00333234486170113 0.00327861194964498 0.00320348471868783 0.00321261137723923 0.00316578734200448 0.00306431928183883 0.00293978357221931 0.0027971911127679 0.00273605644470081 0.00262429820140824 0.00252954629249871 0.00248126290971413 0.00239911221433431 0.00242149094119668 0.00233493617270142 0.00238135535037145 0.00243319842265919 0.00225380134070292 0.000674404145684093 0.00121658084390219 0.00206475014565513 0.00205433091614395 0.00202635201858357 0.0019488318823278 0.00191477414919063 0.00193340837722644 0.00197663392173126 0.00198161832522601 0.00198682482587174 0.00199524945346639 0.00198426701826975
0.00491755439434201 0.00477071735076606 0.00464455208275467 0.00112424017279409 0.0042049833573401 0.00407665011007339 0.00389062624890357 0.00383298993110657 0.00369892853777856 0.00361356276553124 0.00356439175084233 0.00351212806999683 0.00335434502921998 0.00338220752310008 0.00346347044687718 0.00349881870206445 0.00335767541546375 0.00324028329923749 0.00313343963352963 0.00308618547860533 0.00309191066771746 0.00297688021091744 0.00297004672465846 0.00293685297947377 0.00276388919446617 0.00255649453029037 0.00253753905417398 0.0023415542091243 0.00234089818550274 0.00232822253601626 0.00237996567739174 0.00241106362082064 0.00221240270184353 0.0021542432019487 0.0020903802709654 0.00202613361179829 0.00198417209321633 0.00199199524940923 0.00192557495320216 0.00189542996231467 0.00189091977663338 0.00192196905845776 0.00193187615368515 0.00190041911555454 0.00191115525085479 0.0019205720978789
0.0110216127708554 0.00461643408052623 0.00455959429964423 0.00255668692989275 0.0042606963776052 0.00409276399295777 0.0039155381033197 0.00379560373257846 0.00369627196341753 0.00360597989056259 0.00356382047757506 0.00345602445304394 0.00335087624844164 0.00322356889955699 0.00317675137193874 0.00325860960874706 0.0032642955891788 0.00322326172608882 0.00321545787155628 0.00311338806059212 0.00308835046598688 0.00303035018732771 0.00288817143300548 0.00286338103469461 0.00274906936101615 0.00263246893882751 0.00257311640307307 0.00249361012829468 0.00238107070326805 0.00228930485900491 0.00234936431515962 0.00237671425566077 0.00223087023478001 0.00213835969334468 0.00206670890329406 0.00202732575125992 0.00195114164380357 0.00198889974271879 0.00197731659281999 0.0018994580488652 0.00183757431805134 0.00184902710607275 0.00183510448550805 0.0018384805181995 0.00182825127849355 0.00188647985924035
0.00755045837722719 0.0112824451643974 0.00457419806625694 0.00438300922978669 0.0042557334061712 0.00415329006500542 0.00400229408405721 0.00391847735736519 0.00370932326186448 0.00363664538599551 0.00359124343376607 0.00346938171423972 0.00330569462385029 0.00332209574989974 0.00343748787418008 0.00334255383349955 0.00329977869987488 0.00320893183816224 0.00317348128883168 0.00301463425857946 0.00294837648980319 0.00297326870495453 0.00291863702004775 0.00278049898333848 0.0028036841773428 0.00264531916473061 0.0026456878404133 0.00249491634313017 0.00232955818064511 0.0023239214788191 0.00235295954626054 0.00236388061894104 0.00227297152159736 0.00216446376871318 0.00210116613889113 0.00202459190040827 0.00200433143181726 0.00197084709070623 0.00192336258478463 0.00184195465408266 0.00183197408914566 0.0018313103588298 0.00180905539309606 0.0018022499512881 0.00178944466169924 0.00181300461990759
0.00884533682838082 0.00336320486385375 0.0106858360115439 0.0095681875012815 0.0042972770286724 0.0041711657308042 0.00405794160906225 0.00392176723107696 0.00385536849498749 0.00373179139569402 0.00363584246952087 0.00352677744813263 0.00352672906592488 0.00335907395929098 0.00343588567338884 0.00354195539839566 0.00345667232759297 0.00331626653205603 0.00316551356809214 0.00313186756102368 0.00301120599033311 0.00289467975962907 0.00286760347662494 0.00268854640889913 0.00279395011020824 0.00275508488994092 0.00261057979660109 0.00248427530750632 0.00237764414632693 0.00230136759346351 0.00233161635696888 0.00241905563743785 0.00229889213806018 0.00215564669342712 0.00209505900274962 0.00198117243126035 0.00192868327721953 0.00203159194206819 0.00192837784998119 0.00191184990108013 0.00187118315370753 0.00180546989431605 0.00180526751792058 0.00179181569255888 0.00177375896601006 0.00177365951240063
0.00486638026777655 0.00171516385162249 0.0072677286574617 0.0109027597121894 0.00993164912797511 0.00424332281108946 0.0040911846794188 0.00398998288437724 0.00395688998978585 0.00384969240985811 0.00371431589592248 0.0036367513705045 0.00364794877823442 0.00348194078542292 0.00333980056457221 0.00346717648208141 0.00336687301751226 0.00342891048640013 0.00332930851727724 0.0031534462235868 0.00301100339274853 0.00293535179225728 0.00278149169171229 0.00266497465781868 0.00266504492610693 0.00259290682151914 0.00251495715929195 0.0024902616511099 0.00251170977717265 0.00244305296801031 0.00248365121660754 0.00237992278998718 0.00230506000807509 0.00215770560316741 0.00206228875322267 0.00198118233820423 0.00198351388098672 0.00200042227515951 0.00186666038352996 0.00259037747746333 0.00187558251200244 0.00182496613124385 0.00250118997646496 0.00180521088186651 0.0017538916086778 0.00177271851571277
0.00495311564300209 0.00484832853544503 0.00342662921757437 0.00393157554790378 0.00278303354280069 0.0116942759603262 0.00849409000948071 0.00416317519266158 0.00414096764288843 0.00399007932282984 0.00378774679265916 0.00361229567788541 0.00358093639370054 0.00357572436332703 0.00345452381297946 0.0034620575606823 0.00340427414048463 0.00340457600541413 0.00328359610866755 0.0031395499361679 0.00302290455438197 0.00288406106410548 0.00280834821751341 0.00275462632998824 0.00267985595855862 0.00251521973405033 0.00256444367114454 0.00260546748759225 0.00261604206170887 0.00253947490127757 0.00241616144776344 0.00225094313500449 0.00227999937487766 0.00224307418102399 0.00208830826450139 0.0019786779768765 0.00193165029631928 0.00187612631125376 0.00185524893458933 0.00103528728359379 0.00102319151628762 0.00180252019781619 0.00178385042818263 0.00174509246135131 0.00171867578756064 0.00171462038997561
0.00504540661349893 0.00494854636490345 0.00481200378853828 0.00932607031427324 0.00349054374964908 0.00217666710377671 0.0109713164623827 0.00424523404799402 0.00410190222319216 0.00395288371946663 0.0037840785458684 0.00364384166896343 0.00360051083844155 0.00356780695728958 0.00359860267490149 0.00348890365567058 0.00344367309007794 0.00335163807030767 0.00322903849883005 0.00310366463381797 0.00297215738100931 0.00292992345057428 0.00278652828419581 0.00261155889602378 0.00255112421000376 0.0025475058122538 0.00260100110899657 0.0026239535654895 0.00254959872690961 0.00239157890900969 0.0023470122483559 0.00225073292385787 0.00442009917460382 0.00304734756937251 0.00204680185997859 0.00198705922812223 0.0019576923106797 0.00108000268228352 0.000473632865032414 0.000440474483912112 0.000479313214600552 0.00102630355977453 0.00175122960936278 0.00171644722577184 0.000985163421137258 0.00170333245769143
0.00512746714521199 0.00501568508334458 0.00483410239685327 0.00471819979138672 0.011636368278414 0.0026013137481641 0.00244027546141297 0.00292657354730181 0.0095585388597101 0.00399748787749559 0.00387334392871708 0.0036437266971916 0.00355501091107726 0.00351977071259171 0.00351081078406423 0.00342575774993747 0.00329145542345941 0.0032763478695415 0.00319331537466496 0.00314512137556449 0.00288673848845065 0.00276728728786111 0.00267393368994817 0.00270675661740825 0.00263565025525168 0.00258921992499381 0.00262889416189864 0.000627864633861464 0.000687025309889577 0.000745889107929543 0.0016538426221814 0.00062533450400224 0.0023507607053034 0.0114419914782047 0.00101476846612059 0.00204904237762094 0.000514864671276882 0.00195963024161756 0.00190041282912716 0.00188470085849985 0.00182619978440925 0.00102817951119505 0.00174919061828405 0.00171326855197549 0.00173500824021176 0.00174234954174608
0.00282493333797902 0.00302042714320123 0.0046670007519424 0.00316424078773707 0.0045909260166809 0.00400858484208584 0.00857619605958462 0.00340952322585508 0.00203775971604045 0.00926213362254202 0.00392337653320283 0.00377629916183651 0.00361430961638689 0.00350004122592509 0.00342524592997506 0.00336451745824888 0.00318564345361665 0.00317684921901673 0.00318266968242824 0.00309573818231001 0.00292475100141019 0.00280077701900154 0.00271537483204156 0.00269401516998187 0.000753042844007723 0.000825975526822731 0.00126194750191644 -9999 -9999 -9999 -9999 -9999 0.000885228547849692 0.00140340173093136 0.000771538159460761 0.000937584630446509 0.00124283387267496 0.000778456695843488 0.000582275219494477 0.000643381933332421 0.000571290240623057 0.000432604859088315 0.00178210749290884 0.00180290261050686 0.00102877125900704 0.00173092214390635
0.001950436423067 0.0017393694142811 0.00305060181999579 0.00185669435886666 0.00459527825005353 0.00368837884161621 0.00169883595081046 0.00603396841324866 0.0133000346366316 0.00478918151929975 0.0170530711300671 0.00889372755773365 0.00371707400772721 0.00357828557025641 0.00344063257798553 0.00334015210391954 0.00320089727174491 0.00318258935585618 0.00306641316274181 0.00215214530471712 0.00303283341927454 0.00296236803987995 0.000886735686799511 0.00105501785001252 -9999 -9999 -9999 -9999 -9999 -9999 -9999 -9999 -9999 -9999 -9999 -9999 -9999 -9999 0.00142868837283459 0.000785854308924172 0.000754875940037891 0.00195936900563538 0.00180557115236297 0.00177586831850931 0.000438452902744757 0.00168559735175222
0.00463095968589187 0.00365573577582836 0.00329797139856964 0.00451801049057394 0.00193500127643347 0.0028269492322579 0.00354446992278099 0.00427984804846346 0.00420660700183362 0.00949605696368963 0.0110354361589998 0.0104050990194082 0.00990524846129119 0.00900556743144989 0.00841477192007005 0.00835711085237563 0.00823890934698284 0.00838556424714625 0.0101736453827471 0.00394172305241227 0.00483307505492121 0.000611213884258177 -9999 -9999 -9999 -9999 -9999 -9999 -9999 -9999 -9999 -9999 -9999 -9999 -9999 -9999 -9999 -9999 -9999 -9999 0.000809090977418236 0.000562515272758901 0.0017945991945453 0.00178251733304933 0.00057739241165109 0.000552472549316008
