Maxent_result_files_1/Bombus_terrestris_2.asc
NCOLS 594 
NROWS 330 
XLLCORNER -15 
YLLCORNER 23 
CELLSIZE 0.166666666666667 
NODATA_value -9999 
[rows 189 to 209 of 330, columns 414 to 459 of 594]
0.00158740894403309 0.00156247180420905 0.00220580657478422 0.0021724485908635 0.00216156671522185 0.000515106756938621 0.000976210832595825 0.00093569447635673 0.0010437598102726 0.00262697021244094 0.00255974639439955 0.00240161741385236 0.00239233138272539 0.00259076658403501 0.00187396859982982 0.00275236320449039 0.00276424430776387 0.00281002996489406 0.00268390022683889 0.00269171614199877 0.0026683124480769 0.00259010476293042 0.0024694389430806 0.00238761107902974 0.00238147877389565 0.00228976528160274 0.00227911209221929 0.00224743792787194 0.00225043906830251 0.00220952833769843 0.00216420947108418 0.000915653852280229 0.00149831781163812 0.000498957405216061 0.00205237818881869 0.000969959003850818 0.00092537056771107 0.000590772644500248 0.000433282370795496 0.0018057573470287 0.000707533134846017 0.000746554476791061 0.000807238757261075 0.000349982116313186 0.000227529186668107 0.000537569963489659
0.00223244809312746 0.00225824250373989 0.000295730457582977 0.000730996075435542 0.00223059947602451 0.00129210877930745 0.00227632557507604 0.00239856727421284 0.0011845376691781 0.00244926426094025 0.0024273807532154 0.00241200361633673 0.0025636748643592 0.00156370179029182 0.00269281972432509 0.00264749523485079 0.00267683685524389 0.00266077389242128 0.00266975712729618 0.00255853231064975 0.00248288003494963 0.00242073789704591 0.00246150073362514 0.00239015310071409 0.00236101123737171 0.00230455480050296 0.002344424452167 0.00228410795098171 0.0023844228242524 0.00226583577459678 0.00214774993946776 0.00212122171651572 0.000590124010341242 0.00038760528259445 0.00107755225035362 0.000726806753664277 0.000567908506491221 0.000321485844324343 0.000291686107811984 0.000364479888230562 0.000414963465300389 0.00100664774072357 0.000421724672196433 0.000340720916574355 0.00100468708551489 0.00172586792614311
0.00216294350102544 0.00105041179922409 0.000663727763458155 0.000626000919146463 0.000935866817599162 0.00232772768940777 0.000538769815466367 0.000356480662594549 0.000357557823008392 0.00168912685476243 0.00240874165901914 0.00238177023129538 0.000790847765165381 0.000978366960771382 0.00105472433497198 0.00265925844432786 0.00265380480559543 0.002620415459387 0.00254032185766846 0.00245393845252693 0.00235743685625494 0.00237044375389814 0.00135012393584475 0.00241222507320344 0.00241152821108699 0.00242370601044968 0.00242656405316666 0.00233402859885246 0.00225605051964521 0.00228444716194645 0.0021846178220585 0.000723760639084503 0.000667570170480758 0.000312968573416583 0.000442586612189189 0.000668035072158091 0.000316748931072652 0.000242919716401957 0.000245180728961714 0.000329079884977546 0.000271940138190985 0.000228944224363659 0.000297571902046911 0.000363270801608451 0.000728344757226296 0.000728835965855978
0.00217344034463167 0.00221720839617774 0.00222187851322815 0.00218757236143574 0.0021809785743244 0.000291352608473971 0.000338167615700513 0.000431047365418635 0.000597554811974987 0.00173920310335234 0.000380891058011912 0.0024925377452746 0.000747960657463409 0.000419126014458016 0.000577444941154681 0.000661963716265746 0.00256056449143216 0.00175858567235991 0.00173603825969622 0.000425550367799588 0.00241485207807273 0.000696506930398755 0.000536173951695673 0.00242939181625843 0.00246316586853936 0.00247996888356283 0.002430861198809 0.00240054139867425 0.000481360731646419 0.00052418784762267 0.000434555212268606 0.000411464157514274 0.000297489498916548 0.000291647815902252 0.000725824775872752 0.000544262363109738 0.000285500663449056 0.000263036986871157 0.00022033897912479 0.000232995749684051 0.000181720319960732 0.000356786313932389 0.000321144875488244 0.000451906476519071 0.00115353874280117 0.00065452485869173
0.000364170652756002 0.000240405218210071 0.000560636911541224 0.000527518219314516 0.000454294463270344 0.000251067061617505 0.000214852405770216 0.000262663904868532 0.000471667002420872 0.00263489235658199 0.00264796888222918 0.00260459521086887 0.000570593698648736 0.000513752791448496 0.000673983932938427 0.000595920675550587 0.00273453029803932 0.000579890047083609 0.000474044927977957 0.000590910547180101 0.00265943056438118 0.000870598829351366 0.0005719889246393 0.00257035701069981 0.00251430311473086 0.00251378403045237 0.00247566632460803 0.000572244235081598 0.00113523928448558 0.000439274343079887 0.000269596840371378 0.000254429665801581 0.000300897836859804 0.000434048484021332 0.000606974217225797 0.000391788323759101 0.000296531867934391 0.000240116591157857 0.000197777136781951 0.000191422272473574 0.000287875533103943 0.00024561689060647 0.000290698309254367 0.000217525468906388 0.00116304898983799 0.0010283638315741
0.000189594115363434 0.000203093373420415 0.000194107302377233 0.000242081242322456 0.000331344529695343 0.00103517324896529 0.000285346791497432 0.000201376790209906 0.000301554119505454 0.000565498482319526 0.000486793406889774 0.000597778457449749 0.00256774516310543 0.00150666271802038 0.000447842603898607 0.000396570525481366 0.000545943205361254 0.000833224016241729 0.000414014933630824 0.000405311187205371 0.000482091031153686 0.00097088401671499 0.00265871017472818 0.00259383955271915 0.00258580796653405 0.00258122778031975 0.00252853481797501 0.000617242397856899 0.000655927459592931 0.000296788770356216 0.000260282565432135 0.000217956928099738 0.000349859373818617 0.000990530953276902 0.000318578585574869 0.000299533022916876 0.000252966459083837 0.000225692935782718 0.000226994830154581 0.000231445873214398 0.000208883523737313 0.000193534449499566 0.000239336708909832 0.000202734824415529 0.000218842735193903 0.000255081708019134
0.000274847910623066 0.000233516069420148 0.000186776144983014 0.000186609117372427 0.000267477273882832 0.000919562857598066 0.000239028321811929 0.000306333678599913 0.000490944576449692 0.000429693484329618 0.000409791414858773 0.000305422570090741 0.000482146203285083 0.000415826631069649 0.000369538283848669 0.000488241028506309 0.000489817676134407 0.000611872351146303 0.00104557120939717 0.00165716680930927 0.00284781192895025 0.00162709687137976 0.00277812834829092 0.00270294026704505 0.00268121042754501 0.0025917487917468 0.000882620626362041 0.000781902991002426 0.000276887064683251 0.000254435384704266 0.000253041907853913 0.000250716845039278 0.00024340332893189 0.000256608372728806 0.00260594296269119 0.000348864596162457 0.000218919658800587 0.00021743343459093 0.000224632983736228 0.000237845914671198 0.000229345493426081 0.000172095448942855 0.000193594288430177 0.000164157924155006 0.000150260262307711 0.000215337044937769
0.000259343435755 0.000638190435711294 0.000191173635539599 0.00018302278695046 0.000153565799701028 0.000216617627302185 0.0002137115719961 0.000376199114543851 0.000276612884772476 0.00026846861874219 0.000234701625595335 0.000227600707148667 0.000280213791120332 0.000296012355829589 0.000282729005266447 0.000576769333565608 0.00217553401598707 0.00318558264989406 0.00312771296594292 0.00302404554095119 0.00294602527283132 0.000960290950024501 0.00288021103478968 0.0027529455255717 0.00270331325009465 0.0026901105651632 0.000915900064865127 0.00106591189978644 0.000255655015644152 0.000266756440396421 0.00025339088315377 0.00031022270268295 0.000311110165785067 0.000466799369314685 0.00270969099365175 0.000302372519217897 0.000228998623788357 0.000233553296129685 0.000233122913050465 0.000235768794664182 0.000235347436682787 0.000243616335501429 0.000241906866722275 0.000210450171289267 0.000180110168730607 0.000263318013458047
0.000519642140716314 0.000414164422545582 0.000294130774273071 0.000185274398972979 0.000194449490663828 0.000263491031364538 0.000238239383907057 0.000248816421662923 0.000367593271948863 0.000317823118530214 0.000284048436151352 0.000249068121775053 0.000322423744364642 0.000342417191131972 0.000475475221173838 0.000674302811967209 0.00333033865317702 0.000919083313783631 0.00330975516699254 0.00150678515201434 0.00177712884033099 0.00170641870936379 0.0012381621170789 0.00285902398172766 0.000873810553457588 0.000655318604549393 0.00131858367822133 0.000729187109391205 0.000248701591044664 0.000258725423191208 0.000258004589704797 0.000210996349778725 0.000244738139736 0.000709185429150239 0.00277415731688961 0.00044108685106039 0.000244840020604897 0.00024615165166324 0.000255823055340443 0.000246464676456526 0.00023869872384239 0.000253470374445897 0.000255467867827974 0.000246414862340316 0.000201364124950487 0.000312860442500096
0.00030805505666649 0.000245748614543118 0.000271794905711431 0.000456059613497928 0.000523975573014468 0.000402856868458912 0.000252973158785608 0.000283320005109999 0.000265707506332546 0.000341076952463482 0.0002699911914533 0.000322543911170214 0.000299255990830716 0.000593287197989412 0.000769993686117232 0.00058299918891862 0.0013024479849264 0.000850861793151125 0.000692170939873904 0.000672526456764899 0.000393844780046493 0.000375321498722769 0.000637074242695235 0.000576665860717185 0.00289272903464735 0.000707682446227409 0.00402815348934382 0.000573268672451377 0.000234738380822819 0.000260706020344514 0.000217358806548873 0.000217485440225573 0.000300001645518933 0.00273727589519694 0.00279051951365545 0.000331317774544004 0.000238493905635551 0.000251607981044799 0.000219483026012313 0.000250841249362566 0.000239390568458475 0.000242974833236076 0.000254538338049315 0.000218844946357422 0.000283556331123691 0.000264518149197102
0.00140962075674906 0.00293444730341434 0.00152010754682124 0.000471919073606841 0.000447236106265336 0.000620260165305808 0.000884643010795116 0.000322894696728326 0.000235114576935302 0.000225587707245722 0.000387977191712707 0.000471037943498231 0.000310522534709889 0.000280133825435769 0.000464322924381122 0.00337678655050695 0.000807731138775125 0.000554959985311143 0.000351189656066708 0.000437435420462862 0.000262785598170012 0.00027526184276212 0.000255195684439968 0.0002719068506849 0.000350985053228214 0.000876849354244769 0.00391897393856198 0.00046233412285801 0.000219310782267712 0.000255587430729065 0.000265618653793354 0.000280387366365176 0.00280476352199912 0.00276294572977349 0.00280535472556949 0.000251863310404588 0.000239992109709419 0.000247232319088653 0.000237950510927476 0.000251566169026773 0.00024725642579142 0.00023231490777107 0.000230556914175395 0.000210432971653063 0.000214786453580018 0.000225974612112623
0.000624523271108046 0.0011518364190124 0.000616070194519125 0.000515133325825445 0.000539638212649152 0.000451550201978534 0.000248396013921592 0.000236464558111038 0.000328681447717827 0.000285231557791121 0.000315293310268316 0.000436576223000884 0.000278365638223477 0.000390804644848686 0.000444154004799202 0.000345441600074992 0.000317806731618475 0.000315757970383856 0.00030069524073042 0.000248192077560816 0.000274625974998344 0.000274987114244141 0.000273008030490018 0.000264280712872278 0.000264901819173247 0.000343875790713355 0.00373407867737114 0.000287601593299769 0.00025726799358381 0.000266802258556709 0.000270558544434607 0.000311242387397215 0.0028151358361356 0.00271102893166244 0.000876999890897423 0.000244970792846289 0.000240824272623286 0.000248653942253441 0.000254514627158642 0.000255417423613835 0.000252378518052865 0.000244410693994723 0.000211638348991983 0.000245715222263243 0.000221930709085427 0.000220639538747491
0.000443562265718356 0.000594558840384707 0.00275427262531593 0.000699427624931559 0.000697531158220954 0.000427447847323492 0.000266314895998221 0.000243588925513905 0.000311336970480625 0.000217087857890874 0.000312662539363373 0.000380174990277737 0.000258185551501811 0.00028101032221457 0.000277804149664007 0.000243042173678987 0.000297696427151095 0.000296814143075608 0.000292274414096028 0.000282619682548102 0.000270706485025585 0.000266564586490858 0.000336586567573249 0.000260379101382569 0.000258864810166415 0.000384145203861408 0.000296269850514364 0.000194562676915666 0.000257447440526448 0.000260521304153372 0.000214214461448137 0.000252562839887105 0.000443500973051414 0.00282848825445399 0.000365792516095098 0.000263736558554228 0.000243891893478576 0.000255843203922268 0.000205178235773928 0.000237943019601516 0.0002443514065817 0.000235407936270349 0.000208772846235661 0.000219435436883941 0.000191782237379812 0.000193725167628145
0.00214263288071379 0.00304185911081731 0.0028868290130049 0.000561362225562334 0.000351874731131829 0.000356301308784168 0.000283453374868259 0.000317851662111934 0.000269668255350552 0.000291365971497726 0.000213802524376661 0.00023856248735683 0.000266310766164679 0.00021001496934332 0.000257640026393346 0.000264057995809708 0.0002723212382989 0.000273177211056463 0.000272027921164408 0.000263857380195987 0.000263342951075174 0.000259682798059657 0.000587736896704882 0.000250726628291886 0.000251440636930056 0.000299919190001674 0.000260976648132782 0.000235051625350025 0.000228312674153131 0.000264185499690939 0.000221528242400382 0.000247779459459707 0.000251999968895689 0.000391364286770113 0.000268345915537793 0.00025350826617796 0.000246357290598098 0.00026875044713961 0.000218429499363992 0.000246959540527314 0.00023881158704171 0.000213991603231989 0.000239197723567486 0.000168184016365558 0.000185549579327926 0.000175453029805794
0.00186367683345452 0.00126221015816554 0.0020301531534642 0.000316394200490322 0.000323056458728388 0.000347689953923691 0.000315831287298352 0.000353019400790799 0.000267680551041849 0.000236589150154032 0.000216582806024235 0.000237868761178106 0.000237099496007431 0.00024049737257883 0.000395286834100261 0.000248906997148879 0.000252979400102049 0.000251798940007575 0.000258006637159269 0.000254632018913981 0.000249275697569828 0.000312394517823122 0.000606840671389364 0.00024755544582149 0.000247060328547377 0.000317597514367662 0.000274303799960762 0.000666966670542024 0.000269431759079453 0.00026065917336382 0.000325406104093418 0.00027775239868788 0.00026534550706856 0.000410756663768552 0.000355845084413886 0.000270957920292858 0.000223090362851508 0.000306725305563305 0.000212403810292017 0.000234033234301023 0.000210773809521925 0.00019390286761336 0.000168619580654195 0.000164422809757525 0.000160743514425121 0.000205755470960867
0.000777085445588455 0.00074420647288207 0.00177115492988378 0.000393223976425361 0.000321493501542136 0.000340431703079958 0.000316258896782529 0.000290310221316759 0.000315486195904668 0.000201963748259004 0.000224722146231215 0.000243681570282206 0.000244728852703702 0.000242448372591753 0.000245513560366817 0.00024439476110274 0.000244476280931849 0.000253712348057888 0.000257376478111837 0.000249321751471143 0.000431307652615942 0.000321409053867683 0.000249226564483251 0.000249212780909147 0.000253160945430864 0.000258708767069038 0.000457404277403839 0.000523111913935281 0.000494690090999939 0.000338500653742813 0.000489489448955283 0.000412880345538724 0.000516062407405116 0.00208291647722945 0.000772781303385273 0.000394925074942876 0.000260294498002622 0.000261429956299253 0.000205203307996271 0.000202352194901323 0.00018692033845582 0.000219983149145264 0.000228802012861706 0.00020568284962792 0.000193172878789483 0.000183533481322229
0.00066034865740221 0.00144925191998482 0.000492004165425897 0.000351637553831097 0.000295556036871858 0.000301633249910083 0.000302000714873429 0.000335308861394878 0.000308363717340399 0.000289913777669426 0.000246338514261879 0.000254406165913679 0.000248051459493581 0.000241304830706213 0.000241817327332683 0.000248019563150592 0.000247725282679312 0.000251358454988804 0.000246761484595481 0.000242891133530065 0.000225634309754241 0.000258192676119506 0.000259020148951095 0.000256461357639637 0.000262278786976822 0.000266430756892078 0.000410682558140252 0.000495584146119654 0.00122008433681913 0.00256031105527654 0.00133563105482608 0.00199857441475615 0.00135047372314148 0.00190469750668854 0.000981090991990641 0.000615145164192654 0.000354898875229992 0.000176738025766099 0.000279517061426304 0.000178135249734623 0.000172905086947139 0.000205546793586109 0.000183471179479966 0.000239430493093096 0.00022898506722413 0.000177523164893501
0.000356339813151862 0.000409494328778237 0.000483006786089391 0.000345998379634693 0.000278265804809052 0.000318969697400462 0.000284253964491654 0.00030099267460173 0.000278777731000446 0.000324730423744768 0.000241560237191152 0.000253433434409089 0.00025128963025054 0.000248585804365575 0.000247448385925964 0.000251482773455791 0.00025326873146696 0.000247824596590363 0.0002402420330327 0.000245947734219953 0.000242163221992087 0.000251493413816206 0.000246499698550906 0.000254180685442407 0.000266841062693857 0.000265808774565812 0.000340996333397925 0.000644060704507865 0.00116027971962467 0.00144217543420382 0.00391153576783836 0.00282314708456397 0.00186659432947636 0.000590836486662738 0.00260790653992444 0.0321876609697938 0.000525908009149134 0.000252890186675359 0.000194748378999066 0.000197801867034286 0.000210595286625903 0.000158450383605668 0.000167710315872682 0.000172502367786365 0.000180886907764943 0.00017737108428264
0.000335007706598844 0.000276299359393306 0.000241633379482664 0.000252002212801017 0.000268170132767409 0.000266136381833348 0.000269195564032998 0.000323638992267661 0.000298064258822706 0.000251562931225635 0.000239238844369538 0.000254749457235448 0.000257369158498477 0.000257023870653938 0.00026019685465144 0.000259482635010499 0.000252313107193913 0.000244601028680336 0.000240041888901033 0.000240718486020342 0.000229361692618113 0.000226270344865043 0.000232739603961818 0.000251435725658666 0.000265314005082473 0.00025980426435126 0.000501086117583327 0.0016573945642449 0.00214959472650662 0.00135223653633147 0.00172623053658754 0.00913482336327434 0.00108598751830868 0.00128559762379155 0.00202825869200751 0.00152798764174804 0.000284854817437008 0.000245342525886372 0.000168388860765845 0.000155321393685881 0.000179405618837336 0.00018046547047561 0.000183886265585897 0.000167124841391342 0.000178308645263314 0.00017775081214495
0.000264685860020109 0.000269536592531949 0.000252088258275762 0.000257304088154342 0.000291846084292047 0.000301477604079992 0.000270652971812524 0.000326684006722644 0.000258411369577516 0.000257605455408338 0.000258016629959457 0.000259879999794066 0.000261008276720531 0.000264891979168169 0.0002697118659853 0.000263947311032098 0.000249280271236785 0.000242190131393727 0.000243124598637223 0.00023883382382337 0.000244830873270985 0.000226187088992447 0.000239900364249479 0.000254603842040524 0.000258125556865707 0.000255889454274438 0.000231097788491752 0.000799784268019721 0.00175518381875008 0.00329504830297083 0.00111894358415157 0.00206655765650794 0.000361071660881862 0.00130132430931553 0.000599564966978505 0.000622788211330771 0.000696860137395561 0.000203658202372026 0.000266454435768537 0.000231495115440339 0.000220814679050818 0.000178071267146152 0.000181658355722902 0.000209168062428944 0.00017297592930845 0.000169170707522426
0.000246327136119362 0.000223520233703312 0.000229251803830266 0.000220012370846234 0.000223733999882825 0.000411171399173327 0.000278126524062827 0.000294144442887045 0.000260455836541951 0.000250748718099203 0.000305193416716065 0.000299746563541703 0.000253442616667598 0.000257077539572492 0.000266913026280235 0.000272054017113987 0.00027935975958826 0.000264810502994806 0.000283429033879656 0.000243997455982026 0.000243395303550642 0.000235812932078261 0.000227812949742656 0.000240103382384405 0.000247109004703816 0.000245469661604147 0.000244410817686003 0.000325730441545602 0.00276463903719559 0.0134982410818338 0.000891323853284121 0.00217005250742659 0.0010524736251682 0.00224043973721564 0.0089301856700331 0.00830070585943759 0.00293945954181254 0.00144734259229153 0.00335116966161877 0.000227419250586536 0.000191201198322233 0.00020724975183839 0.000168782807304524 0.000208665679383557 0.000197716688126093 0.000157976863556542
