Maxent_result_files_1/Bombus_distinguendus_2.asc
NCOLS 594 
NROWS 330 
XLLCORNER -15 
YLLCORNER 23 
CELLSIZE 0.166666666666667 
NODATA_value -9999 
[rows 273 to 293 of 330, columns 368 to 413 of 594]
3.69623331941682e-11 3.4506864032835e-11 6.00823835128494e-11 4.3220382828224e-11 3.67303298887123e-11 3.35360295089515e-11 2.04881223098141e-11 1.95725435858662e-11 2.55611198873851e-11 3.26721316667999e-11 3.6204039766119e-11 6.4964789103783e-11 8.91904683442135e-10 4.54781323711018e-11 2.22582574593844e-10 2.61801746948009e-10 2.98914015761653e-10 9.38590383192661e-10 1.27090524126849e-07 3.21537853009701e-07 6.20114539131578e-06 0.000856849359115586 0.00072471781168133 0.000302648299839348 0.000611759163439274 0.000202314300258877 0.000840169662842527 0.000214105388295138 5.22936084053072e-06 2.13443453844775e-06 2.87450194491612e-06 4.24485940584418e-06 3.07755868789172e-06 8.19543805619105e-07 2.48627573284921e-07 3.72377439816773e-07 4.16462876273727e-07 1.72880271875897e-07 3.16504761510572e-08 9.18005849115389e-08 2.0770253783553e-07 5.84179232099302e-08 5.12707801547663e-08 2.84432017050307e-08 5.17689072720984e-09 3.124597791615e-09
3.40266481657636e-11 2.30600094575095e-11 3.82884168814712e-11 4.65872562749325e-11 5.98357141612382e-11 3.65033003824067e-11 1.82993287189959e-11 1.8724621853039e-11 1.93659310809835e-11 3.25510507437343e-11 2.95736324318341e-11 4.19376555704787e-10 9.26424559288819e-10 7.57978790844049e-11 5.84910231360425e-11 2.44319564579598e-11 2.39597564011262e-11 2.64306188046959e-10 1.16855416454342e-09 2.59952651626705e-09 5.18498803891987e-09 0.000157775804379778 0.00110994450988257 0.000467695551924408 0.00117611376335844 0.000461832867972323 0.000345645658671856 0.000331150408601388 0.00183016926748678 1.93752447557927e-05 3.65060869853551e-06 1.75895036136353e-06 9.19188249781655e-07 1.35458065528837e-06 6.68664074510161e-07 7.97080164716135e-07 3.61267440496249e-07 1.42394807056689e-07 4.81069594826522e-08 9.33150181126052e-08 1.27449266074109e-07 3.60806210153441e-07 3.96453239659422e-07 7.85938095759775e-06 1.16710890196714e-07 5.79216018481432e-09
3.42561756738746e-11 3.30824923011619e-11 2.38044250977509e-11 3.65801056112502e-11 3.4139424620605e-11 2.78340017700884e-11 3.12553094516943e-11 2.57064591835388e-11 1.65538471819104e-11 2.10521600152447e-11 2.36559549726678e-11 8.94702090192823e-11 1.04370811992993e-10 1.37421318768816e-10 7.3066230843466e-11 3.60340757232791e-11 1.99531058342473e-11 6.38404551445149e-11 1.64467328644946e-10 2.84600454314443e-10 3.3413436684171e-09 1.0397354299807e-05 0.000511075081885792 0.00108330132788979 0.000249119250331564 0.00011542755892151 0.000495539829717018 0.000247905413561966 0.000222454594040755 0.000183742430817801 0.000144314711360494 7.26569408016076e-06 7.52451028347423e-06 5.63438393328397e-06 6.11760669926298e-06 1.1621315593402e-06 3.87655299505241e-07 1.70602061189129e-07 9.06816058687809e-08 1.39592477665929e-07 1.35957981584056e-07 3.25954783875204e-06 5.00552773701202e-06 3.17190172154369e-06 7.71046813952125e-07 2.11826304941098e-08
2.48711717887318e-11 4.03647559821252e-11 2.02292627093925e-11 2.3755963862726e-11 1.16880960465693e-10 1.39920697250773e-10 3.70700470320173e-11 3.30736438236556e-11 1.74333214530975e-11 1.26956001267331e-11 1.35006450463493e-11 2.10060191463413e-11 3.5733893621881e-11 3.12952219694296e-11 2.62356136815356e-11 2.01995087323326e-11 1.76937908769048e-11 1.77049486183023e-11 5.97602856089452e-11 1.67640956671988e-10 5.18987997022435e-10 1.26127250976715e-08 6.11140546880051e-07 0.000130513944895938 0.00171894353115931 0.000149597170457128 0.000393045500095468 0.00162698219535767 0.00234097079373896 0.00066341693745926 0.000369381216296483 0.000980706643895246 2.92386217552121e-05 7.51215065974975e-06 4.43940472905524e-05 1.20743621891961e-06 5.42161853900325e-07 2.29756986414031e-07 8.84853049498702e-08 4.36935921221959e-08 1.2014804369187e-07 1.04726933329857e-06 1.96966873772908e-05 3.5698083229363e-05 2.65932132606395e-05 2.21469031913557e-07
3.15830361863334e-11 3.47827655566846e-11 3.58521212717733e-11 4.35889435657089e-11 4.86632734109094e-11 4.0736969353361e-11 2.54426035795063e-11 4.15831036271186e-11 2.18476348123886e-11 3.98729937955977e-11 1.31950783632817e-11 1.23404508833858e-11 1.21464949209837e-11 1.52148660337303e-10 3.25050975025221e-10 1.676707661602e-11 1.13277942581647e-11 1.50739309923154e-11 2.33094432644521e-11 1.26549704049239e-10 3.79241116288398e-10 3.91932591159438e-08 1.02813593207962e-06 2.85308172411902e-06 2.50858316974245e-05 1.83966587144369e-05 9.72749901848147e-05 0.000363232355448417 0.000968589598778635 0.000331112642015796 0.00021449862242906 0.000930310966214165 0.000354695292082852 1.87621988516185e-05 1.0192151830779e-05 5.73475017517922e-06 1.47497875104818e-06 2.44245016745026e-07 2.25323364588803e-07 2.08834065063002e-07 9.59079011764175e-08 1.57290606139782e-07 1.19135468708009e-06 1.11571239358454e-05 0.000903792586177588 4.95873238833156e-05
5.08845743318886e-11 3.48689743745467e-11 3.24279492147639e-11 2.06727523988093e-11 3.73891251292946e-11 6.48860631891068e-11 2.30162777725695e-11 6.24013840599957e-11 9.52903977946562e-11 1.15943799006146e-10 2.39872233187555e-11 5.62392576952675e-11 1.21114007711753e-11 4.65462446364029e-11 1.58261292959594e-11 1.17526099963072e-11 9.51494438794498e-12 6.20590245858921e-12 1.6264789515219e-11 4.65013139105963e-11 1.91180737907359e-10 8.20900492026766e-10 9.257769852411e-05 9.37051579441572e-06 1.70537396315673e-08 3.55837333021469e-07 2.9610935116331e-06 3.72965079577625e-05 3.36453493527955e-05 0.000106791303187492 0.000554075208492577 0.000517882159329019 0.000954782689223066 0.000193142417265335 2.7702445822797e-05 1.4620017100242e-05 3.6127214912085e-06 5.44053673934286e-07 8.77648659525221e-07 9.0945459305658e-07 2.07521008377398e-07 5.2553487517315e-08 8.66156190326706e-08 3.55203594892828e-07 3.73834898709902e-05 0.000431874211062677
1.86616611053125e-11 3.67394781264352e-11 3.4683100835764e-11 2.25383378626987e-11 1.79722792204018e-11 2.82166845444465e-11 2.43368547536704e-11 3.98614918850626e-11 3.4091318656948e-11 2.66807242965683e-11 2.96096369645227e-11 1.78392300931307e-11 1.06026565305228e-10 4.2164582936266e-11 3.62816110488495e-11 9.72788516406808e-12 7.3597017369309e-12 6.43031183855669e-12 7.11083414373093e-12 1.90838012059658e-11 4.705467127053e-11 1.9172313736604e-10 1.34045371458225e-07 0.000369836649042554 4.03005483885277e-05 7.09740434174932e-06 3.7042548763111e-05 0.000181116271414794 6.32614388450747e-05 0.000428301157080568 0.000840645708376542 0.000618886956362985 0.000851723202504229 0.000388666699291207 9.5108130335575e-05 6.6239055377082e-05 2.08256075893587e-05 2.53030268595467e-06 1.02785782303272e-06 9.71632616142415e-07 1.02175897040979e-06 2.30853469673775e-07 8.23803093297215e-08 9.66324600781832e-08 2.67388822550174e-07 5.51997763977852e-06
3.9707725996152e-11 3.58643559295047e-11 3.48068573963189e-11 2.57685317528455e-11 3.85997567242669e-11 2.44071651778199e-11 2.54302023883213e-11 2.15343298748394e-11 3.21330184682722e-11 3.09845926693697e-11 2.40806152795869e-11 1.99842808967787e-11 1.91047955233614e-11 3.78903242115314e-11 3.88140630747102e-11 8.82082185071908e-12 8.61208881985931e-12 7.2663985939414e-12 8.73742189710924e-12 1.08678954724439e-11 1.61004209964233e-11 2.47327824887122e-10 1.80466788191058e-07 7.42574018204323e-06 1.9662845252455e-06 2.48144456989507e-05 8.71763397299552e-05 0.000113175802107435 0.000177592335967347 1.87763522035311e-05 4.68126491636189e-05 3.4331965254597e-05 0.000217187104863115 0.000654482416575775 0.000515408211504109 0.000376634965505218 2.65123537246836e-05 2.23147084398079e-05 1.31447798594309e-05 8.42164283199054e-07 5.36465617528847e-07 2.47651414753136e-07 9.94878737614613e-08 2.66897013379008e-08 2.17521306744572e-08 3.47524360222451e-07
2.98144398058753e-11 1.78200343370349e-11 2.23468132887206e-11 6.68582522678207e-11 2.13671524917913e-11 2.84390955229696e-11 6.53731069277796e-11 3.4478730981391e-11 2.44006814753561e-11 2.73841949116616e-11 2.29363972259478e-11 1.24851462501852e-11 1.49701917528944e-11 1.33005939595421e-11 1.11547437953163e-11 1.20133791803312e-11 6.94089230535155e-12 7.52368167766804e-12 4.39260849915968e-12 4.44996262061181e-12 8.3861140254271e-12 6.22549012341267e-11 1.41510404061407e-08 1.34969056375667e-06 1.29624000351214e-06 4.12032916119465e-08 9.09176582823967e-06 6.93366338964552e-05 6.71620615321444e-05 1.4779523650077e-05 0.000538443290861324 4.20173936163337e-05 0.000101198971242411 0.000288070115493611 0.000130897907365579 0.000134325830003945 7.87999670137651e-05 8.63307235704269e-05 6.57145662898984e-06 2.34706766377712e-06 2.14288366606752e-07 4.12147400652429e-07 8.80321826102204e-08 8.30466106993555e-09 6.19593899520154e-09 4.40857370165304e-08
5.0688153674372e-11 3.62153307342794e-11 4.01074617961683e-11 6.06196204344656e-12 1.62647117996073e-11 4.49711379246764e-11 2.46605513787301e-11 3.55402263174653e-11 2.82645351568078e-11 2.42800224370399e-11 1.12383102823799e-11 1.80951809092278e-11 9.82148806727423e-12 1.05517816706424e-11 1.48486001272374e-11 9.20175047269822e-12 1.04007469303724e-11 6.63741284157027e-12 6.25997031988845e-12 4.75227635021724e-12 6.30632213116655e-12 1.93689841943012e-11 1.80432579988121e-10 8.43755487700548e-10 1.19927101582817e-10 4.33637326047176e-10 8.35085050310269e-07 2.02671306396951e-05 0.000115415590698831 3.70743284996422e-06 0.000822418936277103 0.000710411777254194 0.000722638342995197 0.00013561515862841 0.000257047539344057 0.000134725417592563 0.000122331277816556 0.000138173538289266 5.16947122378042e-05 5.60534813303093e-06 3.81083998490794e-06 4.87943776761313e-07 3.99890204505482e-08 7.29451923309199e-09 6.505167804427e-09 1.58372538416884e-08
2.08848827121244e-11 1.40976563756112e-11 1.75880976449605e-11 1.94421256871635e-11 2.19372742193968e-11 2.38389863405075e-11 2.69533728669558e-11 3.16279002987585e-11 3.81618181499732e-11 2.42524444971082e-11 2.10667150390975e-11 1.34891764425049e-11 2.381249641914e-11 3.54834606142163e-11 1.22546861547335e-11 1.10615405723991e-11 7.72600872167573e-12 5.97306648586482e-12 4.76639838709048e-12 3.94058119468355e-12 3.23527871159968e-12 8.98053853504166e-12 2.11828998786245e-11 3.95018129317748e-11 9.63856772173699e-11 1.76036718535499e-10 9.17738529615519e-10 1.25686895578236e-05 0.00034356877731625 3.15426799716079e-05 1.57357163317329e-05 0.000441060814773664 0.00128665256779641 0.000117755239625694 4.9593245739743e-05 0.000240678734553901 0.000170555022486951 0.000118037600623211 0.00136649475898594 0.000378785220402733 0.000181588264240418 2.70422138783033e-05 8.44305077407626e-06 2.10906742381667e-07 1.54795639062399e-07 2.53869066657586e-08
2.6606228331616e-11 5.78071701617944e-11 2.2489932138825e-11 2.28858487716366e-11 2.22010854145083e-11 3.5850078461408e-11 4.92489715675504e-11 2.37154407223272e-11 6.84790002480895e-11 6.00531624428413e-11 2.80018119802605e-11 1.17042153746638e-11 1.62764579592078e-11 2.52351139984341e-11 2.27442842337666e-11 9.2198693124601e-12 1.42867495611654e-11 2.87491475070567e-11 7.60222995666027e-12 5.22788479173641e-12 4.42491598917627e-12 7.26444460141806e-12 1.77911019250132e-11 5.825241400359e-11 7.34236560440138e-11 1.01474317837358e-10 1.22556879089686e-09 1.98681664804745e-06 7.52720673489193e-06 9.34970171329041e-06 2.26333642785903e-05 1.21619719394395e-05 0.000266454952361528 1.60315534230904e-05 1.07975320592812e-05 0.000160550553846406 1.82190725302789e-05 0.000164534111405013 7.68985271861311e-05 6.05028093559667e-05 2.44123335505719e-05 0.000156441113358596 0.000136024298325443 1.23765849821211e-05 1.12840992301244e-06 9.50554118972491e-08
2.62388666349977e-11 2.47486475757341e-11 2.3727153575237e-11 2.33151498107986e-11 3.18330917181697e-11 2.18269180507491e-11 2.3967816620285e-11 8.04894373374054e-11 9.23302434507889e-11 1.09561804073621e-11 4.31018776225756e-11 2.35042318941225e-11 1.47030831953998e-11 1.07235109680914e-11 8.81152928400297e-12 1.83995041425078e-11 6.43395114963141e-11 3.69607344730127e-11 7.2335359924125e-12 7.13507031235849e-12 3.87130327794694e-12 5.01207964020978e-12 1.03275277218984e-11 1.71252678704548e-11 2.86760948320364e-11 7.1234340648374e-11 1.57829445068813e-09 2.08299571480275e-07 6.25348062222031e-09 1.88342427098753e-08 4.38743718578216e-08 2.38347786762461e-05 0.000117064173537074 0.00117405379423872 2.79879333447752e-05 5.32931774614553e-05 0.00043284450948704 0.000108030391311331 0.000618867822049651 8.67194496095181e-05 2.85366197203984e-05 1.36747551550798e-05 7.34156274120323e-05 0.000170626002363861 1.04244532394659e-05 4.1866665156931e-07
2.35111374813357e-11 2.39994468742566e-11 2.24649632230012e-11 2.10351069895864e-11 2.06723971274414e-11 2.01292094104133e-11 2.10564787828105e-11 2.28414065439608e-11 5.1892645736018e-11 1.89725790633588e-11 1.45807255158559e-11 2.09334993783727e-11 4.00737221184499e-12 1.02950759028886e-11 1.0649325865586e-11 -9999 -9999 1.13457576667031e-11 8.29707413885217e-12 7.91477994255274e-12 5.16079401435832e-12 6.92973789462315e-11 8.76376082814545e-11 1.52033274858354e-11 2.0324186777998e-11 3.53099771643883e-11 7.66317009848194e-11 6.39571728910937e-11 1.00969610450363e-10 2.88135582060534e-10 2.06328547580625e-09 7.49195250282497e-08 1.0306513573255e-05 0.000161003391258419 5.09184014390485e-05 9.54838042730444e-06 7.045039548359e-06 9.39914969663169e-06 3.43639360835368e-05 7.07208067069587e-05 8.44736557326087e-06 3.09816342678459e-06 6.66419787194172e-06 4.25594724219991e-05 8.28152973554097e-05 1.87067764272797e-05
2.17513784761536e-11 2.18567719478813e-11 2.14344209048534e-11 2.06003880620642e-11 1.94449012447251e-11 1.91969218299448e-11 1.85621185089246e-11 1.98008720531107e-11 2.33551622486061e-11 2.22070806188412e-11 1.55649049204953e-11 1.27349131240351e-11 8.33874080896635e-12 7.1753269992314e-12 1.05274566841729e-11 4.63892743773897e-08 -9999 -9999 -9999 1.42671430225505e-11 -9999 -9999 -9999 9.63830126821108e-12 9.08544350863849e-12 3.94720811591753e-11 5.58467161404508e-11 2.03162264789114e-10 2.84696544117224e-10 3.38566474855639e-10 6.48916231860142e-10 8.29258049450665e-08 2.54592621455885e-06 3.36806670588885e-06 1.46020251946766e-05 3.89100489712746e-06 3.73417944243837e-07 4.08065617329978e-07 5.68896970989385e-06 2.81262669452609e-06 7.24211441678335e-06 2.11225018915684e-06 6.03735967210639e-06 8.82683502823056e-06 1.52677850564942e-05 4.02683385345881e-05
2.02888039702032e-11 1.90471083350019e-11 1.99691263524926e-11 2.01446304082253e-11 1.88859372585171e-11 1.75519709877392e-11 1.59840252145216e-11 1.38312139519314e-11 1.45537470963575e-11 1.23652643679861e-11 1.38861588894201e-11 9.57591783645739e-11 -9999 -9999 -9999 -9999 -9999 -9999 -9999 -9999 -9999 -9999 -9999 1.63732105651349e-10 9.24894605347504e-12 9.85926895680222e-12 2.82586620770076e-11 5.82700998563723e-11 9.7791563735683e-11 1.2635344770473e-09 9.41553279787399e-10 5.58650141257999e-08 5.37911365427135e-05 1.48794857040002e-05 1.02171968578091e-05 2.27647552947019e-05 3.16767126529172e-07 1.59011269573739e-07 8.48686387655562e-07 2.28361499763352e-06 7.25001859578356e-06 1.36861605895433e-05 8.69272601233817e-07 2.76415134067065e-05 1.7173658216052e-05 1.03081543329608e-05
2.01868965987728e-11 1.80471637634128e-11 1.68576042014479e-11 1.79353976115237e-11 1.76034631316213e-11 1.59881996530942e-11 1.6752788045693e-11 1.38035360919275e-11 1.1482181871969e-11 1.07978626040506e-11 9.52893319805526e-12 9.49538225825108e-12 -9999 -9999 -9999 -9999 -9999 -9999 -9999 -9999 -9999 -9999 -9999 -9999 1.33528077483902e-11 7.22755189030977e-12 1.05617403711733e-11 1.75530368018428e-11 3.33735594715279e-11 4.60492755038899e-11 3.55740448210184e-10 6.34880059635634e-10 2.01750029571457e-07 0.000101861375515 2.47627564249342e-05 3.77391126221482e-05 1.32966794879508e-05 5.41775399343081e-07 3.42777107675829e-07 1.10400561581514e-07 1.40946749027648e-07 1.1513851454481e-07 2.05059764368798e-07 3.29649289909639e-07 7.41481047228376e-08 2.45181516334014e-07
2.11957340567892e-11 1.97216687425339e-11 1.84297799243893e-11 1.74132930297333e-11 1.71459180187128e-11 1.65625846371142e-11 1.54752655134871e-11 1.48741019501131e-11 1.91432425467042e-11 6.88385803915281e-10 5.80320849152827e-09 -9999 -9999 -9999 -9999 -9999 -9999 -9999 -9999 -9999 -9999 -9999 -9999 -9999 -9999 6.67597865877667e-11 1.15615628182297e-11 1.2228695833727e-11 7.45493666798325e-12 2.60724664080669e-11 8.28478174952352e-11 1.29875097343302e-09 2.67603035286612e-09 4.62222644448396e-07 0.000147198640843271 3.5573254725918e-06 6.00574430595913e-06 1.08306842695471e-06 1.66013806790488e-07 1.7466545223499e-07 1.0408536468276e-07 1.64824102810712e-07 1.58770885150261e-07 2.31764163771686e-07 9.93658657577612e-08 7.14247093469567e-08
2.19770535103692e-11 2.04400829595386e-11 1.90815030443048e-11 1.74450121015468e-11 1.58061008725952e-11 1.49397827442499e-11 1.47060141841848e-11 2.47389553287292e-11 3.81696785289876e-11 -9999 -9999 -9999 -9999 -9999 -9999 -9999 -9999 -9999 -9999 -9999 -9999 -9999 -9999 -9999 -9999 -9999 1.58592250443235e-11 1.03931641071142e-11 2.90590107532296e-11 3.33710614697225e-11 8.17699574717778e-11 9.24996634843467e-11 7.18988646397634e-11 1.9781680737907e-10 3.55431979726095e-07 1.46389844786654e-05 8.4297237447073e-07 3.02413261721313e-07 2.74604341399254e-07 1.35644262400092e-07 1.09944599842038e-06 8.15760823413836e-07 4.51190619799036e-07 1.39051115297661e-06 4.89957618299286e-07 7.61039414598486e-08
2.11602402266919e-11 1.91769933266528e-11 1.79556924884139e-11 1.80040093944456e-11 1.63743130165983e-11 1.40939260262485e-11 3.43985173678618e-11 1.56965662689856e-11 1.78904002723357e-11 2.55141685556737e-11 9.2126250628155e-08 -9999 -9999 -9999 -9999 -9999 -9999 -9999 -9999 -9999 -9999 -9999 -9999 -9999 -9999 -9999 3.96978894201538e-11 1.80658488169172e-11 2.36242359008543e-11 3.65440677718709e-11 1.44322986894707e-09 4.69545746728528e-10 1.33649624700638e-10 4.72887839997327e-11 1.34613782343251e-09 1.64717562931571e-06 2.81917629596506e-06 1.87846157984062e-06 7.42816653154232e-07 1.29103229795646e-07 2.36798562536222e-08 3.17822912165866e-07 7.95770250761052e-07 2.58079985542281e-06 4.82304173488046e-07 1.73731913832853e-07
2.06964334559245e-11 2.4647606178263e-11 1.88439819304165e-11 1.78490222602079e-11 1.69741443123428e-11 1.55933044254652e-11 1.30760180461209e-11 1.17792775533587e-11 3.13374104443653e-11 7.67342855922948e-12 2.77898370981688e-11 -9999 -9999 -9999 -9999 -9999 -9999 -9999 -9999 -9999 -9999 -9999 -9999 -9999 -9999 -9999 -9999 7.68503483072891e-11 1.60802926529868e-11 1.05146780171594e-11 1.90601379124189e-10 1.99437222292431e-10 3.23098114929365e-10 5.82654147152084e-11 3.80304199243398e-10 6.91386765916402e-07 1.20401338468135e-06 7.54475913300467e-07 1.68741573247644e-06 1.01913145300614e-07 1.47943146266982e-07 1.78153476682041e-07 1.48267452573236e-06 1.73370441991505e-07 6.96673900435485e-07 2.25064536039099e-06
