Maxent_result_files_1/Bombus_barbutellus_3.asc
NCOLS 594 
NROWS 330 
XLLCORNER -15 
YLLCORNER 23 
CELLSIZE 0.166666666666667 
NODATA_value -9999 
[rows 200 to 219 of 330, columns 184 to 229 of 594]
0.265742962062359 0.193017700314522 0.0974768564105034 0.159636414051056 0.24121268093586 0.217709371447563 0.102471312135458 0.200636214017868 0.147234274446964 0.145783772319555 0.107313753664494 0.0981924563646317 0.170430268347263 0.0929459430277348 0.154407761991024 0.0736391715705395 0.182481079548597 0.540513554215431 0.157977321743965 0.122118743509054 0.123421509563923 0.242579810321331 0.0639309134334326 0.10534033626318 0.0936452887952328 0.129097540676594 0.0895220667123795 0.201625280082226 0.124625448137522 0.107348144799471 0.10526667162776 0.376713216304779 0.133558683097363 0.235565143823624 0.0916832208633423 0.128889725357294 0.181681737303734 0.103403704613447 0.114355479180813 0.0868551343679428 0.037485065869987 0.178560760617256 0.152912180125713 0.0527836855500936 0.045342081040144 0.111100012809038
0.348366376757622 0.453355291485786 0.228601022064686 0.19119418412447 0.663282829523087 0.806155866384506 0.195775470137596 0.180955857038498 0.133139219135046 0.210624805092812 0.265914687514305 0.180074419081211 0.14447680786252 0.184185411036015 0.10893204882741 0.124722373485565 0.109961871057749 0.383744329214096 0.16749701499939 0.0955907136201859 0.107041916251183 0.0658545158803463 0.158736053109169 0.0855858542025089 0.114496562629938 0.0906323216855526 0.0887808807194233 0.249079079926014 0.159876671433449 0.0872998043894768 0.19366849809885 0.223107732832432 0.301822489500046 0.0965463757514954 0.101094771921635 0.0917440757155418 0.0936738558113575 0.100069575756788 0.0720299102365971 0.129946821182966 0.0961090348660946 0.0780764780938625 0.0331480972468853 0.0238845687359571 0.0282423608005047 0.0323628505691886
0.347780373692513 0.423036921024322 0.299266554415226 0.278326778113842 0.429002293944359 0.582046961784363 0.532950937747955 0.587221169471741 0.209597980976105 0.160642831027508 0.164240215718746 0.17271900177002 0.308192837238312 0.293970137834549 0.157655557990074 0.273511382937431 0.415214997529984 0.358810678124428 0.10139357894659 0.14610261619091 0.0760202400386333 0.0678567543625832 0.175401909649372 0.205802093446255 0.19059837013483 0.37634536921978 0.160945853590965 0.147275009006262 0.162916305661201 0.146230159699917 0.102498351037502 0.0948805145919323 0.190751804411411 0.15633934289217 0.140358439832926 0.102622062712908 0.0920548178255558 0.0953603088855743 0.0766933061182499 0.0720587462186813 0.0524568919092417 0.0974497824907303 0.0918735511600971 0.0230344178155065 0.0235730649903417 0.0264276292175055
0.11692541539669 0.0982664942741394 0.155724668502808 0.268957796692848 0.438451191782951 0.464921912550926 0.680121719837189 0.672209399938583 0.695700323581696 0.468852257728577 0.22393860667944 0.174572694301605 0.211589170992374 0.107068545371294 0.443632960319519 0.174988301098347 0.288068941235542 0.28063538223505 0.340094295144081 0.321778309345245 0.159741686284542 0.128163778036833 0.0923347771167755 0.154240866005421 0.292246997356415 0.150775250792503 0.322876739501953 0.284831202030182 0.319046410918236 0.134698734432459 0.119647423177958 0.472360789775848 0.090046551823616 0.104548756033182 0.14660524725914 0.111440570652485 0.0675794828683138 0.092570935934782 0.41670209467411 0.117931758612394 0.0496550358831882 0.045880739018321 0.0614703815430403 0.259154435992241 0.047510176897049 0.0235252907499671
0.0919735319912434 0.143188761919737 0.0849839381873608 0.165993025898933 0.411782184243202 0.532524278759956 0.644470226764679 0.626375865936279 0.701251119375229 0.542944568395615 0.518146049976349 0.300580936670303 0.556678193807602 0.216799101233482 0.155748915672302 0.412951591610908 0.50519991517067 0.490503111481667 0.271197474002838 0.20642397403717 0.209290863573551 0.214198464155197 0.189742283523083 0.196999125182629 0.340393191576004 0.319628420472145 0.304085975885391 0.224502268433571 0.506696832180023 0.121997971087694 0.128561017662287 0.125282737612724 0.0814083367586136 0.112610860168934 0.366791161894798 0.110079424083233 0.0978934727609158 0.0832398541271687 0.083187772333622 0.158188180625439 0.074959758669138 0.0768964022397995 0.0436465475708246 0.344546169042587 0.0792435526847839 0.0970460638403892
0.130826880037785 0.148193991184235 0.0920789875090122 0.102361103147268 0.432096508145332 0.308977738022804 0.375356104969978 0.545656365156174 0.645405066013336 0.655301755666733 0.456222078204155 0.245895335078239 0.179937133193016 0.192938174307346 0.233985017240047 0.612646323442459 0.254972556233406 0.442372909188271 0.13797155842185 0.1923489138484 0.109151119738817 0.206500078737736 0.200582778453827 0.473562362790108 0.550250619649887 0.262549911439419 0.149779826402664 0.155504740774632 0.122851476818323 0.269995519518852 0.310250568389893 0.0807817734777927 0.12816109135747 0.0642220724374056 0.171024079620838 0.118609847873449 0.0639562737196684 0.128805692493916 0.14693818539381 0.10792963206768 0.108738055080175 0.0868977218866348 0.0663856644183397 0.0801306035369635 0.036810247041285 0.0882142819464207
-9999 -9999 0.229444366693497 0.209532576799393 0.418515267968178 0.145563700795174 0.148765632510185 0.577908217906952 0.663561677932739 0.542857006192207 0.463360720872879 0.480342066287994 0.345889186859131 0.169562874734402 0.190474985539913 0.437096720933914 0.371216067671776 0.154335086047649 0.151736497879028 0.177819776535034 0.148922304809093 0.096830577403307 0.113092353194952 0.518908876180649 0.264993311464787 0.217925702035427 0.184337909519672 0.170268028974533 0.101166865974665 0.128350588679314 0.105269781500101 0.127754314988852 0.132546298205853 0.299889954924583 0.225826489925385 0.0729390297085047 0.139841311424971 0.153390946984291 0.275480134785175 0.232674071192741 0.0691176921129227 0.136139887571335 0.196033598482609 0.06266317255795 0.0317684115841985 0.0461710397154093
-9999 -9999 -9999 -9999 -9999 -9999 0.182700335979462 0.156382949650288 0.337730768322945 0.128162461519241 0.281357201933861 0.344593548774719 0.301356878876686 0.337988048791885 0.278594197332859 0.312253096699715 0.528118243813515 0.530609115958214 0.0935145832598209 0.172875759005547 0.206459897756577 0.220882181823254 0.469630369544029 0.218316611647606 0.238669297099113 0.364097768068314 0.244009026885033 0.149425202608109 0.202584038674831 0.264315946400166 0.143417297303677 0.130421771854162 0.184218926727772 0.0896277040243149 0.0990064866840839 0.0939109198749065 0.112873683124781 0.403345787525177 0.307752147316933 0.239210519194603 0.112435258179903 0.226054163277149 0.151536487787962 0.17228706330061 0.138393953442574 0.240010525286198
-9999 -9999 -9999 -9999 -9999 0.0685328315943479 -9999 -9999 0.944992959499359 0.255915160477161 0.166551133990288 0.128289325535297 0.30535381436348 0.262229336798191 0.586232912540436 0.456314730644226 0.432443419098854 0.381085103750229 0.457735228538513 0.366431084275246 0.669274801015854 0.423568454384804 0.414496466517448 0.307441321015358 0.177958671748638 0.401810356974602 0.419105431437492 0.315838712453842 0.295632693171501 0.275339879095554 0.202275711297989 0.187593922019005 0.0979159317910671 0.144908770918846 0.104492207616568 0.125919032841921 0.11133519038558 0.242227782309055 0.0981912150979042 0.300851574540138 0.275295257568359 0.615478050708771 0.356886377930641 0.244673191010952 0.169517982006073 0.133549334853888
-9999 -9999 -9999 -9999 -9999 -9999 -9999 -9999 -9999 -9999 0.163444983959198 0.227974346280098 0.148615697771311 0.0842570193111896 0.256060425937176 0.566606205701828 0.67616868019104 0.616722697019577 0.566049697995186 0.597633883357048 0.773659288883209 0.629319602251053 0.48011215031147 0.377957782149315 0.350983700156212 0.426170048117638 0.497850960493088 0.259294827282429 0.170549058914185 0.279301474988461 0.23096619695425 0.321420249342918 0.305527752637863 0.140927063673735 0.0643087271600962 0.0952462635934353 0.0760033160448074 0.149655878543854 0.106333459168673 0.161250248551369 0.35333354473114 0.280850711464882 0.539449208974838 0.4717738956213 0.425097817182541 0.343809559941292
-9999 -9999 -9999 -9999 -9999 -9999 -9999 -9999 -9999 -9999 -9999 0.081123823672533 0.127606997638941 0.145931904017925 0.203529961407185 0.642370527982712 0.453992906212807 0.459837287664413 0.672261428833008 0.541396248340607 0.671286088228226 0.699597352743149 0.57648903131485 0.302042672038078 0.314917355775833 0.467568242549896 0.540914264321327 0.389477851986885 0.429270932078362 0.152643740177155 0.211905901134014 0.81253907084465 0.364217156171799 0.177044922113419 0.0884455755352974 0.101995758712292 0.0868050165474415 0.148877413570881 0.0827805675566196 0.0573637645691633 0.10075036585331 0.123452348262072 0.145503333956003 0.414837443828583 0.545488935709 0.206487818062305
-9999 -9999 -9999 -9999 -9999 -9999 -9999 -9999 -9999 -9999 -9999 -9999 -9999 0.0936875484883785 0.135004115104675 0.149243162572384 0.21809010207653 0.634439438581467 0.664404261112213 0.732244861125946 0.634225803613663 0.321395337581635 0.098812910169363 0.207231768965721 0.385480663180351 0.546209889650345 0.692178869247437 0.69193879365921 0.528907477855682 0.138790290057659 0.194581852853298 0.215621307492256 0.248987740278244 0.161316707730293 0.102161759883165 0.087557927519083 0.0805711455643177 0.0883769579231739 0.0856200277805328 0.160663978755474 0.142322539538145 0.153703036904335 0.15866984128952 0.455840557813644 0.730642235279083 0.990804636478424
-9999 -9999 -9999 -9999 -9999 -9999 -9999 -9999 -9999 -9999 -9999 -9999 -9999 -9999 -9999 0.446013540029526 0.313714374601841 0.724973303079605 0.689780950546265 0.39815462231636 0.143473987281322 0.494069907069206 0.37202011346817 0.402673962712288 0.356385597586632 0.450776210427284 0.561516529321671 0.439385470747948 0.0921500734984875 0.06623326651752 0.116090250015259 0.218225637078285 0.464052802324295 0.173138681054115 0.316214674711227 0.17289013415575 0.149393901228905 0.204890668392181 0.0771745003759861 0.120064573734999 0.227038112282753 0.166980443894863 0.139755169302225 0.747642010450363 0.996396517753601 0.828319764137268
-9999 -9999 -9999 -9999 -9999 -9999 -9999 -9999 -9999 -9999 -9999 -9999 -9999 -9999 -9999 -9999 -9999 0.166651098430157 0.11443509683013 0.559427016973496 0.0722253635525703 0.065576883777976 0.195723217725754 0.56637699007988 0.449568319320679 0.350583323836327 0.491955786943436 0.336551931500435 0.135359294712543 0.0989200800657272 0.0702687304466963 0.142436380684376 0.136157846450806 0.101198101043701 0.198479273915291 0.116310498118401 0.157260574400425 0.149673994630575 0.181153425574303 0.292630439996719 0.123731964826584 0.231403955817223 0.187232864648104 0.266294710338116 0.469018748402595 0.193870175629854
-9999 -9999 -9999 -9999 -9999 -9999 -9999 -9999 -9999 -9999 -9999 -9999 -9999 -9999 -9999 -9999 -9999 -9999 -9999 0.732001173496246 0.0289259050041437 0.0174906561151147 0.0213738966733217 0.353399562835693 0.333893349766731 0.334341424703598 0.205165652930737 0.14880038574338 0.228989280760288 0.13267909809947 0.403999349474907 0.260744076967239 0.295070548355579 0.121197506785393 0.0928282581269741 0.0875562332570553 0.0393162865191698 0.095735190063715 0.317787024378777 0.348524805903435 0.112011574953794 0.199400779604912 0.326568546891212 0.206794692575932 0.587186658382416 0.400319403409958
-9999 -9999 -9999 -9999 -9999 -9999 -9999 -9999 -9999 -9999 -9999 -9999 -9999 -9999 -9999 -9999 -9999 -9999 -9999 -9999 -9999 0.0679749693721533 0.00846344316378236 0.0813969206064939 0.132975934073329 0.303867143392563 0.31399150788784 0.337429097294807 0.298544019460678 0.344140392541885 0.638695561885834 0.750659358501434 0.478610613942146 0.157196637988091 0.587370431423187 0.200693091750145 0.0929691322147846 0.047371244058013 0.127644167840481 0.285537189245224 0.158433060348034 0.335981723666191 0.170610471069813 0.203698691725731 0.396467703580856 0.339160558581352
0.257125292718411 0.0357604945078492 0.0445104341953993 -9999 -9999 -9999 -9999 -9999 -9999 -9999 -9999 -9999 -9999 -9999 -9999 -9999 -9999 -9999 -9999 -9999 -9999 0.660797518491745 0.0231205351650715 0.0199541640467942 0.127428627759218 0.473205173015595 0.554325249791145 0.485470086336136 0.581534898281097 0.620415908098221 0.559859636425972 0.413987818360329 0.285293070971966 0.229533277451992 0.254572394490242 0.0242827109992504 0.0307156667113304 0.0346421476453543 0.0386147733777761 0.0443403646349907 0.133801470696926 0.117777071893215 0.20448053330183 0.267424133419991 0.142655670642853 0.300181430578232
0.033963013254106 0.0122996706049889 0.0223142572678626 -9999 -9999 -9999 -9999 -9999 -9999 -9999 -9999 -9999 -9999 -9999 -9999 -9999 -9999 -9999 -9999 -9999 -9999 -9999 -9999 -9999 0.42291331589222 0.179764983057976 0.574176675081253 0.654306381940842 0.553182291984558 0.451577231287956 0.353423485159874 0.583816760778427 0.187243441492319 0.339585041999817 0.149489105865359 0.164451695978642 0.0717870939522982 0.018551042303443 0.0233938781544566 0.0606661174446344 0.098638180270791 0.0918390892446041 0.154957315325737 0.28826011121273 0.113842390477657 0.285560335218906
0.0100230904296041 -9999 -9999 -9999 -9999 -9999 -9999 -9999 -9999 -9999 -9999 -9999 -9999 -9999 -9999 -9999 -9999 -9999 -9999 -9999 -9999 -9999 -9999 0.142127141356468 0.31306089758873 0.36915275156498 0.1849584877491 0.596643114089966 0.17509041428566 0.521635237336159 0.294575192034245 0.475062105059624 0.235277101397514 0.115690754726529 0.270853164792061 0.109578762948513 0.040322607755661 0.0168669015169144 0.015006136521697 0.0578758396208286 0.0514188509434462 0.0433234177529812 0.0939048901200294 0.173481629788876 0.180664323270321 0.106927525997162
0.0125552458688617 0.0152853253297508 -9999 -9999 -9999 -9999 -9999 -9999 -9999 -9999 -9999 -9999 -9999 -9999 -9999 -9999 -9999 -9999 -9999 -9999 -9999 -9999 -9999 0.0740131340920925 0.169066475331783 0.441019588708878 0.552793017029762 0.537799417972565 0.593700504302978 0.451676425337791 0.126075092703104 0.131101661175489 0.189252123981714 0.191227875649929 0.0724737752228975 0.363773009181023 0.0726889938116074 0.0315689722076058 0.041479934938252 0.0265501373447478 0.0189687218517065 0.103110161423683 0.0203621339052916 0.108567320555449 0.0974916838109493 0.0150997244752944
