Maxent_result_files_1/Bombus_cryptarum_2.asc
NCOLS 594 
NROWS 330 
XLLCORNER -15 
YLLCORNER 23 
CELLSIZE 0.166666666666667 
NODATA_value -9999 
[rows 240 to 259 of 330, columns 276 to 321 of 594]
0.198178464174271 0.212304997444153 0.00318643550090201 0.0171832638792694 0.0543882351368666 0.0406375696882606 0.0838441170752049 0.026526677235961 0.201916438341141 0.0676905274391174 0.00402490466367453 0.00313390865921974 0.00494746719487011 0.00244291586568579 0.00214135713176802 0.000870227384439204 0.000272895245871041 0.00239730873145163 0.00350056176539511 0.00375397147145122 0.0037941045477055 0.0151998407207429 0.115335526317358 0.227424311637878 0.19787889122963 0.518630287051201 0.150080959498882 0.10939839631319 0.196066746115685 0.0514376915991306 0.0455433864146471 0.138511794060469 0.22317958176136 0.0835448406636715 0.0590793542563915 0.0279390497133136 0.0682551883161068 0.0598256297409534 0.0168260687962174 0.00514042892027646 0.00150293474434875 0.0112504135817289 0.00260235255118459 0.00104684237740003 0.000215269094042014 8.03716789960163e-05
0.0738176666200161 0.26480827331543 0.0522117964923382 0.00925965253263712 0.0123515826649964 0.0304174162447453 0.0663737881928682 0.0367237165570259 0.0136550455354154 0.00708252936601639 0.00351688195951283 0.00429307532031089 0.00265789382392541 0.00220522847957909 0.00237022594083101 0.000360444401303539 0.000543549951271416 0.000388498013967364 0.000261539350617568 0.00238414949271828 0.00274546910077333 0.00508135915733874 0.0214558443054557 0.098445488512516 0.253253707289696 0.600063782930374 0.124433755874634 0.112504971027374 0.050044852308929 0.0397075021639466 0.10378667935729 0.257707622647285 0.115047729760408 0.025747250393033 0.00370839214883745 0.000318289667848148 0.0120524531695992 0.0204380211420357 0.0011335828632582 0.000973146362230182 0.000207223467441509 0.000161355942691443 5.65177258977201e-05 6.33375942925341e-05 1.68887703011933e-05 8.4649375276058e-05
0.0724650740623474 0.0834965873509645 0.0718123864382505 0.0179935787804425 0.0185515183024108 0.0122243621852249 0.115539203584194 0.0174632517620921 0.00704096457920969 0.00482000929769129 0.00741288722492754 0.00382777177728713 0.00251631680876017 0.00231084882980213 0.00186901184497401 0.000218874486449749 0.000217508837431524 0.000623311047093011 0.00262549109756947 0.00318221704801545 0.00660315114073455 0.0120230886153877 0.0218297948129475 0.0808632325381041 0.153568701446056 0.0404003914445639 0.0358329895883799 0.0147784215863794 0.00650179451331496 0.00991159658879042 0.0199756981804967 0.0305935797281563 0.0320805771276355 0.0105566682294011 0.000298533352906816 0.00246390134561807 0.000828219397226349 0.000756446865852922 0.000150781460979488 0.000123666731087724 7.02306748280534e-05 3.70493009540951e-05 2.74694809377252e-05 3.42985262129503e-06 1.34510402382659e-05 8.57369854202261e-05
0.0761543456465006 0.0161545287352055 0.0384705103933811 0.0405749958008528 0.0488349767401814 0.0153894770890474 0.0168283876031637 0.0227780735120177 0.00621303501538932 0.00375529176089913 0.0045592486159876 0.00320677234558389 0.00449257865548134 0.0025160959456116 0.00192572992527857 0.00210227087372914 0.00435172643046826 0.00464990409091115 0.0137847633101046 0.0226494023576379 0.199319961667061 0.201042287051678 0.397514796257019 0.09780153632164 0.0393044849857688 0.0148932967334986 0.00551887799520046 0.000613161353976466 0.000936348128016107 0.000512308983888943 0.0010231863707304 0.00126308515900746 0.0169365427922457 0.0243329691700637 0.000876251139561646 7.14975023583975e-05 6.76466730510583e-05 0.000157402353943326 8.07411783171119e-05 4.79475911561167e-05 3.86721338145435e-05 3.73981883967645e-05 2.18575052713277e-05 1.16911088753113e-05 3.39200136295403e-05 8.33889729676685e-06
0.0459149230271578 0.0285670387558639 0.0469598261639476 0.0839839924126864 0.0453262016177177 0.0673262126743794 0.0144919587299228 0.00987360985018313 0.011988870613277 0.00649343924596906 0.00547200755681843 0.00520694539882243 0.00237814808497205 0.00437737267930061 0.00245076887076721 0.0109906103461981 0.0135781908407807 0.0194570230320096 0.0952852383255959 0.496241879463196 0.56657552421093 0.323481965065002 0.0359629725106061 0.00816285787150264 0.00089910751557909 0.00101913317630533 0.00100274533615448 0.000551352900220081 3.56429821295023e-05 3.64178372365132e-05 0.000564217833743896 0.00173526059952565 0.00174280354985967 0.0113019411219284 0.000235536362015409 5.07463382746209e-05 0.00012210817731102 0.000202604898368008 7.10497984982794e-05 7.87985834904248e-05 9.02417610632256e-05 3.65084936674975e-05 2.53099617111729e-05 4.68202322736033e-05 2.56349699384373e-05 3.3369365200997e-05
0.00609490193310194 0.00424638406257145 0.0243014890234917 0.01143718524836 0.0218531070277095 0.116760034114122 0.108256031572819 0.0375609077513218 0.0161284775473177 0.00918173203244805 0.00447387006133795 0.00468625733628869 0.00477448056917638 0.00482320850715041 0.00657861926592886 0.0244120901450515 0.0222093353047967 0.0555279284715652 0.263927000761032 0.262224520742893 0.061515873670578 0.0315972628071904 0.001086834675516 0.000254828015022213 1.97381529687846e-05 0.00335419522598386 0.00241329729324207 0.000351882071117871 0.000772239500656724 0.000214810048419167 0.000397491773765068 0.00629742522723973 0.0164970236830413 0.00355655607418157 6.49330706437468e-05 0.000701760937226936 0.000142914794560056 0.000545298065117095 0.00239233723841608 4.65507719127345e-05 6.95312017342076e-05 7.91864062193781e-05 2.24008934310405e-05 1.95314306438377e-05 1.52434654410172e-05 4.67996002043947e-05
0.000263274264580104 0.000183108293276746 0.00191763948387234 0.0039657416054979 0.0168915586313233 0.0483491448685527 0.13419723957777 0.154543913155794 0.0537228066474199 0.0268053679727018 0.0270841857418418 0.00682452041655779 0.00168520802399144 0.00451847964432091 0.014355537109077 0.0112624106928706 0.0268194576725364 0.0309973193332553 0.0261860370635986 0.0246055951341987 0.0267916859593242 0.00154621148831211 0.000687961129005998 0.000827935899724252 0.000284783831739333 0.000874341608141549 0.000961229894892313 0.000302587322948966 0.000435503531480208 0.00427895293105394 0.0360089747235179 0.0102512166369706 0.00760900760069489 0.000286742727621458 1.15118989427287e-05 6.13547636021394e-05 5.49826150745503e-05 5.68394654692384e-05 5.5722249817336e-05 3.31996307068039e-05 3.69482956557476e-05 2.53663903095003e-05 4.34355844845413e-05 1.88255188732001e-05 1.68710890193324e-05 5.27380905168684e-06
-9999 -9999 -9999 0.00086723544227425 0.00257590408727992 0.0143843595054932 0.036716235242784 0.0524762898683548 0.0536255937069654 0.0418848058208823 0.00673656836152077 0.0325467621907592 0.00910394741222262 0.00030132752872305 0.000637810648186132 0.00538685894571245 0.00634183492511511 0.00557313458994031 0.00926342951133847 0.0146352944895625 0.000932430918328464 -9999 -9999 0.0100150558166206 3.15675259116688e-05 0.000157134608889464 1.56737812631036e-05 4.07088607573769e-05 -9999 -9999 -9999 0.00660165133886039 0.00312471200013533 0.000145860476914095 6.14935335761402e-05 6.20102357061114e-05 0.000243955165205989 2.69314685283462e-05 1.21030399441224e-05 9.8043314210372e-06 8.97330587577017e-06 1.07607486597772e-05 1.30645947137964e-05 2.78195812825288e-05 1.46636930367094e-05 1.03565783319937e-05
-9999 -9999 -9999 -9999 -9999 0.0851357001811266 0.0120008115191013 0.0332062833942473 0.035019581951201 0.0253731368109584 0.00963821052573621 0.00199944666819647 0.00275376233039424 0.000246334791154368 4.15379601690802e-05 0.000124787907407153 0.0043160603614524 0.00361983045004308 0.00425897951936349 0.00919576436281204 -9999 -9999 -9999 -9999 -9999 -9999 0.030448679253459 -9999 -9999 -9999 -9999 0.0162430755328387 0.000523030341719277 6.30077975074528e-05 4.65660221379949e-05 4.74529595521744e-05 3.9229960020748e-05 9.26490320125595e-06 6.77490727412078e-06 9.14365405151329e-06 4.20304548356398e-06 3.24283960253524e-05 1.07314946717452e-05 2.31144819871076e-06 1.02271088922024e-06 1.73922309363306e-06
-9999 -9999 -9999 -9999 -9999 -9999 -9999 0.00223081077929237 0.0186381509061903 0.0611379832029343 0.0455315552651882 0.0100739403162152 0.00551735269837081 0.00209810589440167 0.000914019846823066 0.000366108788875863 0.00147193653974682 0.000610674155177549 0.00596359451301396 -9999 -9999 -9999 -9999 -9999 -9999 -9999 -9999 -9999 -9999 0.0233659917488694 0.00347322530578822 0.000476396849262528 0.000144844076567097 5.82142720304546e-05 2.86987728941313e-05 2.77544979326194e-05 1.87043933692621e-05 9.88450415206898e-06 1.15582087346411e-05 2.94539140668348e-05 3.94895246245142e-06 1.02325017277138e-06 1.39542506256696e-06 1.05587677277086e-06 1.80538338492298e-06 9.07024545204749e-07
-9999 -9999 -9999 -9999 -9999 -9999 -9999 -9999 0.00896280803717673 0.0397803775966167 0.027659838879481 0.00736617865040898 0.0112502030446194 0.00447158119059168 0.00163602846150752 0.000777133164228871 0.00139486826374196 -9999 -9999 -9999 -9999 -9999 -9999 -9999 -9999 -9999 -9999 -9999 -9999 0.00418299536686391 0.00197076856857166 0.000223394165368518 9.44761350183398e-06 4.7975098277675e-05 3.28390087815933e-05 5.55612798052607e-05 0.000229735638276907 7.27719424503448e-05 2.0836657813561e-05 1.24073497318022e-05 1.36667654260236e-05 2.74380622649062e-06 1.44710803695602e-06 6.96783913678445e-07 1.50630376367644e-06 8.97920778086814e-07
-9999 -9999 -9999 -9999 -9999 -9999 -9999 -9999 -9999 0.215932600945234 0.00406738939345814 0.118385439366102 -9999 -9999 -9999 -9999 -9999 -9999 -9999 -9999 -9999 -9999 -9999 -9999 -9999 -9999 -9999 -9999 -9999 -9999 0.000285384444578085 0.000131720347417286 3.35503732912912e-05 3.70002882846165e-05 2.45284698394244e-05 1.60902386596717e-05 1.29996582927561e-05 8.74171596478845e-06 1.39653252972494e-05 5.83038380952416e-07 6.83773145437883e-07 3.42147954235372e-07 6.91748757608579e-07 1.08805191469941e-06 1.1660772968547e-06 5.71264154203277e-07
-9999 -9999 -9999 -9999 -9999 -9999 -9999 -9999 -9999 -9999 -9999 -9999 -9999 -9999 -9999 -9999 -9999 -9999 -9999 -9999 -9999 -9999 -9999 -9999 -9999 -9999 -9999 -9999 -9999 0.0400409907102585 0.000673206988722086 0.00012544119526865 1.86986233302378e-05 3.60811942300643e-05 1.89192882317002e-05 8.39177810121328e-06 5.24491060787113e-06 2.25940663716173e-06 8.93928954610601e-06 9.3885325282983e-07 1.18327179414734e-06 5.77968975967735e-07 6.21908463038778e-07 4.91103274047333e-07 7.03235697319116e-07 1.00769649158394e-06
-9999 -9999 -9999 -9999 -9999 -9999 -9999 -9999 -9999 -9999 -9999 -9999 -9999 -9999 -9999 -9999 -9999 -9999 -9999 -9999 -9999 -9999 -9999 -9999 -9999 -9999 -9999 -9999 -9999 0.00042573781174724 0.000357958099266398 0.000200135092745768 3.05701378238155e-05 6.04265867877984e-05 2.58404899796005e-05 9.07094181457069e-06 1.75584304088261e-05 2.41122508439773e-06 1.31478393106121e-06 1.29560045269983e-06 7.18688101741804e-07 7.07966551338757e-07 7.34072968411326e-07 7.42313599788602e-07 6.84733278966121e-07 5.18993327691675e-07
-9999 -9999 -9999 -9999 -9999 -9999 -9999 -9999 -9999 -9999 -9999 -9999 -9999 -9999 -9999 -9999 -9999 -9999 -9999 -9999 -9999 -9999 -9999 -9999 -9999 -9999 -9999 -9999 -9999 0.000538252125261351 0.000270736719539855 0.000290373379539233 3.2833718614711e-05 0.000134058593175723 2.70475450633967e-05 4.91885209612519e-06 2.07522543744787e-06 1.99401975029545e-06 8.09043644878216e-07 7.34679460867582e-07 6.71825420983652e-07 7.29589612635806e-07 7.39072324407175e-07 7.42877057247071e-07 6.58642375528373e-07 7.67014664582177e-07
-9999 -9999 -9999 -9999 -9999 -9999 -9999 -9999 -9999 -9999 -9999 -9999 -9999 -9999 -9999 -9999 -9999 0.00299802938243374 0.000254712869354989 -9999 -9999 -9999 -9999 -9999 -9999 -9999 -9999 -9999 -9999 0.00430672352667898 0.000286410904664081 0.00021967416832922 9.9887331316495e-06 1.50554125411873e-05 1.19359952350351e-05 1.1275261931587e-05 7.52678319182465e-07 1.96392110760613e-06 1.08240453915442e-06 8.98398632909192e-07 8.58665943281878e-07 8.47788821989326e-07 8.6119257893813e-07 7.81813831807199e-07 6.78440127188651e-07 5.89420338314994e-07
-9999 -9999 -9999 -9999 -9999 -9999 -9999 -9999 -9999 -9999 -9999 -9999 1.83513810043223e-05 0.00021407900203485 0.000318868264730554 5.79999879846582e-05 2.81774218819919e-05 0.000860496144741774 -9999 -9999 -9999 -9999 -9999 -9999 -9999 -9999 -9999 -9999 -9999 -9999 0.000218752084765583 0.000564634526381269 1.64174095516501e-05 1.99642950974521e-05 1.71269536167529e-05 9.07310432012309e-06 2.16067341600734e-06 1.93941555597377e-06 2.64430554075545e-06 2.07370984171007e-06 1.27649526593387e-06 1.11639861506418e-06 1.0461986276411e-06 9.97566290639185e-07 9.00679079496314e-07 8.04975564872024e-07
-9999 -9999 -9999 -9999 -9999 -9999 -9999 -9999 -9999 0.00645456535276026 0.00328696384676732 9.8963601703872e-05 5.07031962115434e-05 0.000185085706471 0.00012257682683412 1.19021519367379e-05 1.10420973669534e-05 0.000155247175280238 -9999 -9999 -9999 -9999 -9999 -9999 -9999 -9999 -9999 -9999 -9999 0.00414505749940872 0.000155515054939315 0.000364843467832543 2.83325291093206e-05 2.05964216547727e-05 5.65606052987278e-05 1.77542295205058e-05 4.15744481543356e-06 2.87765820417007e-06 2.92930825569471e-06 1.77923740896091e-06 1.74397718293307e-06 2.07760644457267e-06 2.1370051738856e-06 1.64847346670882e-06 1.31707749240206e-06 1.45004954292816e-06
-9999 -9999 -9999 -9999 -9999 -9999 -9999 -9999 0.000137432546762284 0.000741495449619833 0.0103122906846693 0.0175613857107237 0.00190225800324697 0.000628871633671224 6.02304873609683e-05 6.11539797318983e-05 -9999 -9999 -9999 -9999 -9999 -9999 -9999 -9999 -9999 -9999 -9999 -9999 -9999 0.00813670610077679 6.77125666697975e-05 0.000187623082456412 8.21309185994323e-05 3.00083567708498e-05 2.43663044784626e-05 3.60090269168722e-05 3.65446494470234e-05 1.89641741297208e-06 3.17627002601739e-06 4.88733295291865e-06 3.72832169261983e-06 5.49179993711846e-06 4.00480061877317e-06 4.08719121907097e-06 4.49405120299673e-06 2.59453566577861e-06
-9999 -9999 -9999 -9999 -9999 -9999 -9999 -9999 -9999 4.66285851871362e-05 9.88908414001344e-05 0.0001058411970007 0.00182134165079333 0.000709746411303058 -9999 -9999 -9999 -9999 -9999 -9999 -9999 -9999 -9999 -9999 -9999 -9999 -9999 -9999 -9999 -9999 7.01338547514752e-05 0.000170980414259247 9.03141699382104e-06 0.000158195025142049 0.000273120067140553 3.3673844473725e-06 5.78210830859405e-06 7.41095676630721e-06 3.76133778274834e-06 2.34104163929771e-06 2.30693873781718e-06 2.83465249424353e-06 2.96764611320555e-06 2.12718983245708e-06 1.72586885902604e-06 9.91390022253569e-07
