Maxent_result_files_1/Bombus_balteatus_2.asc
NCOLS 594 
NROWS 330 
XLLCORNER -15 
YLLCORNER 23 
CELLSIZE 0.166666666666667 
NODATA_value -9999 
[rows 160 to 179 of 330, columns 176 to 219 of 594]
4.10995726340957e-10 8.87316442543806e-11 7.41411387839008e-10 1.16034420960531e-09 1.61700115519636e-09 2.79875300712717e-10 3.11894067239749e-09 3.09677645748963e-09 2.50552966152284e-09 2.71597728751516e-09 1.31486662446889e-08 1.23364719550878e-09 1.34055433420599e-10 8.79083827953764e-10 9.13357878218335e-10 1.22869749930032e-09 1.87996823663994e-09 2.32789887366636e-10 2.10263257915955e-09 3.90019516682827e-10 2.49791570761104e-09 2.33622255985111e-09 2.44869599042019e-09 2.39982114180748e-09 3.03241487475958e-10 1.94422088428681e-09 1.92887892325189e-09 2.22655363035784e-09 3.33052274648082e-10 9.98924587491956e-10 8.60374083089255e-10 2.62581243415383e-09 3.92499033274873e-10 2.92300095239284e-10 3.85980747363845e-10 3.33848548805804e-10 2.81215234432253e-09 1.98805723661266e-08 2.48272269409711e-10 2.79241053613433e-09 2.48088560805826e-10 2.18745066504766e-10 2.351426275915e-10 1.99112315524275e-10
8.23154722162656e-10 3.2728433407847e-09 2.30428057745868e-09 2.07725885381649e-09 2.00246264014936e-09 2.2579666913991e-09 2.74132252453541e-09 5.44618417031018e-10 4.45294345841063e-10 3.25610594043013e-09 3.59822838191803e-10 9.8544483684293e-10 1.29942334670119e-10 2.30239449727776e-10 1.14719123089913e-09 9.23542486930273e-10 4.81149997622055e-10 1.03539720130996e-09 1.201360044778e-09 1.78098690239992e-09 1.52606494108198e-09 1.96244598349438e-10 2.4059968461998e-10 2.29048383593167e-09 2.82321362954363e-09 4.4126227116692e-10 4.14467460352341e-10 2.61523124267526e-09 2.42715465503807e-09 3.8468248586554e-10 2.41378161902617e-09 5.93990368003006e-10 5.19445719771028e-10 1.71893516087707e-09 2.35869590525795e-10 3.79805820127643e-10 8.75898265029207e-10 3.06690207674265e-09 7.76217018438885e-09 1.90803876032319e-09 1.65261238027625e-09 7.69726837823725e-11 3.2562804674896e-10 1.86521084133417e-09
8.8146249077603e-09 8.26358750316558e-09 4.99876025017443e-09 1.48294565516238e-09 7.35810767871214e-10 2.23525903786381e-08 6.00214388191134e-09 1.173285878453e-08 6.685372688775e-09 1.68872826833422e-09 1.41036784473414e-09 3.46025563757735e-09 2.33205440514084e-09 1.36472559919554e-09 1.22205209285298e-09 9.86971060434882e-11 3.91490950768514e-11 7.67977592630587e-10 9.32134724962452e-08 5.7608147141508e-10 1.57925406085724e-10 5.60728796727972e-10 1.35045044036275e-09 1.85604768221381e-09 3.75266021590548e-09 5.35110644683812e-10 4.59428358690062e-09 1.74976969580243e-09 3.03539456902868e-09 3.32170885242178e-09 3.85124030444217e-09 3.06824321505417e-10 3.71017072620106e-10 1.89262684413549e-09 1.87724924494148e-09 3.13897805526153e-09 5.63440406553539e-09 2.587284930744e-09 6.88636440093759e-09 7.28300564301065e-10 6.17795059554283e-10 4.17084189408001e-10 1.9964094821745e-09 2.15223938671016e-10
2.52009560364197e-07 4.59444962075395e-09 4.94525966843185e-09 4.86942023369963e-09 1.34977099719436e-08 5.15732769046373e-08 2.26411557280315e-08 8.18844774310157e-05 1.27694930840416e-07 9.67697468823303e-09 3.22381738193656e-08 8.13851861458659e-09 6.18951684350222e-09 4.21791496174606e-09 3.48134909788911e-10 1.16529728089176e-09 1.3847382129839e-09 2.32823549328742e-10 2.25904402961774e-09 1.44461143047891e-09 1.59711077696301e-09 1.16545396666723e-09 7.15753156743659e-10 2.16816326004121e-09 2.09243252724534e-09 3.83894038780142e-10 2.23320484327161e-09 1.65237954430353e-09 3.40053206704383e-09 4.10171137055215e-09 2.29665111373123e-09 5.17772580366227e-10 1.80900311397281e-09 3.35119021421804e-10 2.62377166659888e-09 3.58268559264019e-10 2.84960152141522e-09 4.5001549153767e-09 4.52565462882859e-10 3.27923987963885e-10 5.69753300094789e-09 9.24862697537776e-10 8.10352662750091e-10 8.72265371043568e-11
2.39634527776644e-09 1.05903993352641e-09 5.613147691097e-09 2.66690055594765e-09 3.67604042761371e-09 3.40692399847242e-09 6.28724805551428e-09 2.19961458269857e-08 2.78964829902861e-08 1.59075291383814e-08 2.98534379772342e-08 3.24923240757613e-08 2.40352752478579e-08 1.20343646603516e-08 2.25982863533147e-09 2.7169608785016e-10 1.64853470219217e-07 2.9044692206881e-10 1.64309810202212e-10 1.28751315164877e-09 3.37542482853337e-10 1.40014151384094e-09 8.14841805141242e-10 1.04484954022155e-09 1.84363619926131e-09 5.80891912349557e-10 1.19714200330634e-08 5.85264018360121e-09 5.62751264476802e-09 5.74096907790533e-09 5.49938781180259e-09 5.94303140033503e-10 3.65843779714936e-09 2.15432455208386e-09 2.58945648257125e-09 2.04257805114239e-09 3.52469375908271e-10 2.53249722304005e-09 4.23495197798829e-09 2.50154930103719e-10 2.45839855139707e-09 8.08460620671525e-10 1.52467900527142e-09 2.07386751105432e-09
9.46085310093991e-10 8.01989252785518e-10 5.53245371737177e-10 1.9916474136572e-09 1.14759324265634e-09 3.09524428310226e-10 3.08290175610182e-09 2.67670130504882e-09 7.82245973551809e-09 9.66025753834643e-09 6.49173720335128e-09 1.18693655570823e-08 9.81515112519205e-09 1.3469008197653e-08 5.54351176074164e-10 3.82895639639003e-09 3.70591769494055e-09 2.72072678830781e-09 2.47009702691869e-09 1.37190362403672e-09 3.9553803565795e-10 2.06969061888884e-09 1.87640711857284e-09 7.62692791367314e-08 2.25484142468702e-10 2.2196118609763e-09 1.78484588220229e-09 2.16043264389398e-09 5.10392705876939e-09 1.86914805855309e-09 3.42277761689047e-09 3.39513146485615e-09 8.96581774378902e-09 3.22904968208526e-08 1.77474853002568e-07 3.28796745385773e-10 3.25308158188875e-10 2.58407417685902e-10 1.12636578952774e-09 2.68957422999705e-10 1.75316026140848e-09 1.4646418522446e-10 1.4932359349018e-09 1.52171564238301e-10
9.88171722227094e-10 1.17684513245564e-09 1.05913151582371e-09 8.34545199612791e-10 9.00071850384876e-10 1.37419142731687e-10 1.6562805904563e-09 2.7373845412626e-10 1.69311703546171e-09 2.98313752589152e-09 4.20757175767506e-09 7.57624040170768e-09 1.16300977071049e-08 2.25173137609058e-06 6.38485625481522e-09 2.64640167002561e-08 3.07347836447924e-07 1.31252954505001e-08 2.17185663453634e-08 3.41608735743293e-09 2.46762589251048e-09 6.7115157875719e-11 2.11751394196824e-10 3.08651101343926e-09 9.35732691331737e-10 1.2452362474491e-09 1.60210500421698e-09 1.06142429401324e-08 1.21471038161403e-07 3.56198031070676e-09 2.60910072436005e-09 2.6993289048427e-09 5.6949296511899e-08 5.39422351231167e-10 2.07015629083429e-09 1.27035848507262e-10 2.99506797141191e-10 1.05668396255254e-10 1.45634360126934e-10 1.0250211235352e-09 9.91860760191088e-10 1.66058822248516e-10 1.54720887213244e-09 1.89645421588835e-10
4.78019812621966e-10 6.2967029368366e-10 1.10428055588585e-09 9.80790515470176e-10 1.33697150017653e-09 4.78938991799183e-09 7.81640030478314e-10 9.85863490843286e-10 1.79389609833436e-09 1.7661890727716e-09 1.61548544541645e-09 4.98817223082426e-09 1.24329939787948e-08 4.31181854665397e-09 8.41553907782178e-08 4.84264353062258e-09 6.17302899685868e-08 0.000215757074586609 4.98078974731087e-08 5.9152840847787e-09 3.31147107512919e-09 5.11099773614632e-10 4.12655520865002e-10 2.1307799635828e-09 1.44226899312372e-09 1.15900496977517e-09 1.09261802938576e-09 8.00339661211069e-10 0.000188589296167052 0.0922114929988338 5.2366921976521e-08 1.78243668713662e-09 9.62855621455816e-08 9.77581537942029e-10 5.52006373943925e-10 8.5381358649883e-10 7.12790382273454e-11 1.218667944336e-10 6.15036910289746e-11 1.31753266074952e-09 1.31902996303168e-09 1.91579607733416e-10 1.03235966242288e-07 3.46789885696808e-10
2.76102602003725e-08 1.11625707566176e-09 1.34855951960944e-09 8.91782125922447e-10 3.59890226508952e-09 1.66741597196207e-09 1.16688089191186e-09 2.02352826716989e-09 1.3218233063661e-09 1.68677845024945e-09 3.10151682114679e-09 5.31968191719301e-09 5.98601740398053e-09 7.0077713076877e-09 7.00478819393169e-10 3.57721469113059e-09 1.32859026669152e-08 3.68022361828535e-06 4.56632096357268e-08 1.64967647320324e-08 3.53655417173471e-09 1.73352882049116e-09 1.40094658096501e-09 0.000448572260271263 1.8528082512681e-09 2.49314330291739e-09 4.40758751718562e-10 0.00607289612499384 0.498640573215152 4.96218681700356e-09 1.43164866628354e-09 1.53355992349447e-09 1.6943049518936e-09 1.53932476765206e-09 1.10300838462862e-09 1.82186532526885e-10 1.32750243020396e-09 1.29982757890446e-09 1.25531599559636e-09 9.12250970319661e-08 2.21197793415229e-10 3.21461168795167e-10 1.50313855584727e-08 5.17536047350831e-10
1.01602035673665e-09 1.92596268933087e-09 2.33026079543563e-09 1.18257549308609e-09 3.16277607437243e-09 1.38588071019186e-09 3.53477628278753e-09 1.06541928612813e-09 4.75878935146667e-09 1.89769417624497e-08 4.58175538620154e-09 1.88897413599953e-08 1.47103135672566e-08 1.00543925185548e-08 3.51826452416049e-09 2.69979948397392e-09 1.96352960557533e-09 2.3245815716777e-09 1.96595937751454e-08 9.46715724703395e-09 4.63638558656498e-09 3.24074234114846e-09 1.99602562256374e-09 9.44652911368138e-05 1.43211986824987e-07 3.61260658054974e-09 3.39182992803444e-09 1.67038120002516e-09 3.33002847519026e-09 1.76439050036947e-09 4.37858393986801e-10 1.86356762243989e-09 1.96753047188025e-09 3.02692589881914e-09 3.88453511579456e-09 5.665680780087e-09 3.1778059406129e-09 2.45860587444469e-10 1.21201088831846e-08 2.30931536115975e-09 3.46256728844807e-09 3.43536156188762e-09 2.31897491209665e-09 1.91707879326763e-07
3.52213018750547e-09 4.17908090355468e-09 5.37362365715666e-10 3.45811927981998e-09 6.61467713936048e-10 2.62092038072481e-09 7.44749067971284e-09 5.67078004554133e-09 2.65757650330656e-09 3.41386380497966e-08 4.58582899320881e-08 1.91887599809704e-08 1.57566469871639e-09 3.20957681543277e-09 5.6903774026118e-09 6.3056928567562e-10 2.13012107952437e-10 1.00399415448038e-09 1.05891596180463e-07 5.89193265287946e-09 3.08624019673687e-09 2.39827433468065e-09 2.22543971029054e-09 3.52964243388598e-09 9.23757771387201e-09 7.55112656181112e-08 7.1913055843531e-09 2.14175760460122e-09 1.06072351901965e-08 5.31347983834252e-08 8.91923491730395e-09 2.40613072910456e-08 1.54912037642063e-09 1.35620265684366e-08 4.50899780846115e-09 4.12590418497061e-09 5.28437404945237e-10 1.74157415155918e-09 1.88365696374149e-09 9.56553880548938e-10 3.95569671463036e-09 1.50105813756518e-07 3.15746917500803e-10 2.12379121511397e-08
2.47543452402965e-09 2.5040673090615e-09 2.89615202930804e-09 1.39624682926609e-09 1.16424647700342e-08 8.53696179303753e-09 1.7033973565006e-09 9.37065027795114e-09 1.38498193136272e-08 1.28054308157211e-08 1.39282190003698e-08 9.29919719006023e-10 2.621915773382e-09 1.30356221372807e-09 7.32274257897458e-09 2.56753352134709e-08 1.11628642995854e-09 1.84846863371391e-09 9.84647896551394e-10 1.47088218271918e-09 1.59868520643869e-09 1.22639072230868e-09 3.11141787889824e-09 5.58267542638546e-08 7.23775363274726e-05 8.08481099199287e-06 7.52900310985183e-09 1.44241911748111e-08 8.95534391087693e-09 5.11520564905332e-08 6.57650241153718e-08 6.94045132809684e-08 1.09359443289936e-07 1.3811057641977e-08 1.01877403524409e-07 3.0128633732307e-08 3.52434418082748e-07 2.98562812250935e-09 3.38822853884757e-08 2.40478882362893e-09 1.07543536065346e-07 2.45539193977073e-08 3.84542086950823e-08 4.931602914926e-08
1.39302629431626e-09 2.28486956022067e-09 2.78712587453711e-09 8.11696854174926e-10 9.41949670485442e-09 1.65546132468997e-08 1.57897476427138e-08 2.04084690258455e-09 1.468567134566e-09 6.54640823771757e-09 6.2390046351446e-09 3.88833037989755e-09 7.36986860427891e-10 3.20967079692203e-08 5.34194485646289e-08 9.93660431714005e-10 1.11283461334821e-09 1.14840000842165e-09 1.18262506454414e-09 7.92722087972209e-10 8.96658358673363e-10 1.70156166934277e-10 2.45714009139419e-09 3.20051865121407e-08 4.95398604583031e-08 1.33408378788502e-09 2.48818673442841e-09 3.56371104992537e-07 4.44767073137786e-07 8.612883510839e-08 3.01362091725821e-08 3.67741846596381e-07 0.00347875671686779 5.49068021781229e-06 0.000305275928183568 3.20491756511387e-07 3.43584308337697e-08 2.44867960685902e-08 3.39774431368234e-08 9.68339157414455e-08 5.9385360628994e-08 2.07105424354648e-07 1.66540541535198e-07 1.88439994797118e-07
1.36210169809914e-09 2.41770754527693e-09 4.0064030981668e-10 5.83211099414171e-09 4.268489828263e-09 1.30215673022072e-08 5.47046037358001e-09 5.87778293814623e-09 8.64663860511428e-09 3.80300124724897e-10 2.93600233014502e-10 7.09422964817463e-10 3.01792005941159e-08 4.17504464333973e-10 2.77014866600922e-10 3.20114689644768e-08 3.55437652421742e-08 3.33588270673424e-08 7.49113393094802e-08 7.73836639211822e-10 1.27433696928136e-10 7.73467396353311e-08 1.21138917663632e-07 8.66316759551289e-08 3.93941020360167e-08 1.55857114991775e-09 1.46182267286576e-06 5.30372336593476e-07 4.37582082424282e-07 2.63049131354887e-07 6.23189784887401e-08 5.05010449125543e-08 2.04950939108883e-07 1.97993000494723e-07 1.72443502799435e-07 1.14991867605774e-07 3.77300992004947e-08 2.22356113854794e-08 1.27899091151296e-07 6.36365360651148e-07 2.64784946868435e-07 1.85690133935879e-07 1.79135240852002e-07 9.60589300991188e-08
1.96345231184836e-09 3.1446441117744e-09 2.17152801296194e-09 7.09229996953553e-09 7.2661493599746e-09 1.46330302319697e-09 6.70833588678477e-09 3.43086564713602e-09 2.71909705862328e-10 7.29980222935467e-09 5.30424471012481e-10 3.00092062310853e-11 2.27849961120796e-11 2.85115209219811e-10 1.35938719392215e-08 4.36587009877698e-09 3.67230967857068e-10 5.07113129266656e-10 5.95920457424626e-10 7.53255172680767e-08 1.38423807416466e-08 9.44697285287788e-08 6.54620250672977e-08 5.88536881007684e-08 2.81407592006566e-08 2.98117281605226e-07 2.38934095175836e-08 8.16487983890113e-09 1.16231789002441e-06 7.36909418370679e-06 3.0341248080834e-05 2.83237820752902e-07 3.75680735871242e-06 3.78581213988927e-07 1.76829760845099e-07 3.76397768830916e-07 2.49479568459332e-07 5.83009919230548e-09 3.32676765024686e-08 2.13835523688033e-07 3.41093135958204e-08 1.10234701478085e-07 1.12715433686628e-07 1.18169778240418e-07
4.21767403224749e-09 8.25397261650096e-10 1.55005019930599e-09 5.41931484132618e-09 9.29069534638671e-09 8.94356702030308e-09 9.54341601300257e-09 4.32172154729571e-09 1.8701593162973e-09 3.1360949470649e-08 1.53393971968896e-09 8.27848900541994e-13 4.09882683349849e-11 1.42020297411172e-08 9.33299851846314e-09 1.45931566830626e-10 1.80294357221555e-10 2.77383322977443e-08 7.57804934914397e-08 1.19306867218949e-07 4.20861536398753e-08 3.55103518479005e-08 8.70727837609664e-09 3.96979897843153e-08 8.24223091999698e-09 6.1855640176578e-08 2.42687614404602e-07 2.82313512867116e-07 2.33671669391811e-07 1.87722158651038e-07 4.79687322885169e-07 8.54817084228188e-07 1.44091635911892e-07 0.00111314576120037 4.93781982049413e-06 4.11834882951823e-07 5.4950391551456e-07 3.09414455212931e-06 1.81230068960758e-06 4.42474799022818e-08 5.14823585207047e-08 6.4649789233151e-08 9.27646071069432e-09 3.88526192329763e-08
1.58838893260516e-08 1.90287101520248e-08 4.51903726328418e-08 1.16079821310677e-09 1.11517289957952e-08 6.55622147682777e-09 4.49425630044686e-10 4.28699031829183e-10 4.55597337634117e-10 4.68660776853369e-11 1.51538163239984e-08 1.52148532661656e-09 1.85454879453317e-08 1.20368201739218e-08 2.17714728467655e-09 1.14604314926936e-10 1.32252586659831e-10 2.25651897833856e-08 7.30932859793754e-09 3.98994491890292e-09 1.73706615758107e-10 2.32781730669096e-08 2.4480666760418e-08 1.52337048531237e-08 2.66393538117526e-08 2.855845805394e-08 1.01432820787117e-07 1.09650238677705e-07 1.17247382769303e-07 1.61633404283101e-07 8.43505904957187e-07 9.05855900179553e-08 5.36396156491925e-08 2.58519698226323e-07 5.36788002936106e-08 4.84502995834468e-08 1.2985743613747e-08 1.75796211376866e-07 1.81709214563952e-08 5.3794927046269e-08 3.70674055005793e-08 2.80599134372395e-08 1.88793138500287e-07 3.6995001950757e-09
2.27960037513242e-09 2.6809564568353e-10 3.93642640705849e-10 2.29637451276687e-09 6.24946661087478e-09 1.19867721304345e-09 2.4859572733682e-09 2.7395488100268e-10 2.03549932464853e-10 1.70274684574423e-08 1.92835225565346e-10 1.11319853335345e-10 1.94437088651966e-10 1.18272635019068e-09 8.06202666847611e-09 1.01488917270132e-10 8.64499413166797e-09 1.15670249845046e-07 2.43613751838012e-08 4.56599980047656e-11 1.56051693789294e-10 1.41498118222394e-08 1.10633969541141e-08 3.49250220965658e-09 2.82589435407488e-08 1.01328297863468e-07 1.1857028416884e-07 2.26157450677889e-07 1.10371984096691e-07 7.35366696758e-08 5.19175743729505e-08 9.12922674900507e-08 4.14534530812638e-08 6.00249567828115e-09 3.2096336910481e-08 8.47760617261883e-10 3.71886376138164e-09 6.73522477789845e-09 3.28899266710536e-09 4.58819786608444e-09 2.82498729964331e-08 3.39598755338955e-08 3.80055826587622e-08 2.57974362427582e-08
6.90469825759266e-10 5.89657778160557e-10 9.1973850757654e-11 8.40046587846643e-11 1.74966727772841e-09 5.41048084112816e-10 3.99069011169928e-10 6.35350283495484e-10 2.70204569829957e-10 2.97161295570447e-11 4.57478435134107e-09 3.38728604987182e-07 1.80578085817729e-10 1.30191368796773e-10 1.24994559147495e-10 1.81032810964155e-10 1.31268285352704e-08 1.34299915188762e-08 9.38755295720739e-11 3.25186433336455e-11 5.19615461769263e-11 1.75980319205848e-09 3.76133093560327e-09 2.63553290302809e-11 6.46050231090101e-09 1.14158046349289e-09 8.96175045284053e-10 2.17087277376571e-08 1.78890742219551e-09 3.06186549448029e-09 2.35262153314153e-08 3.04378031557029e-08 3.18887418582214e-08 5.1673260648144e-08 4.35212113014671e-09 2.52876444672978e-08 4.63275505735439e-09 2.90417213832939e-08 2.98748177307573e-09 4.55761361983775e-10 7.05244505017077e-09 2.3241331548185e-08 1.89216066037723e-08 2.27336162117453e-09
7.38024952262606e-10 8.68302252321485e-10 7.01303304317946e-10 4.69634842126254e-10 4.36157954197824e-10 5.59539004019172e-10 6.86577239505937e-11 3.67132269030179e-10 3.51692897027078e-11 1.15630162111913e-09 8.66319066483712e-09 5.84167958450621e-09 7.01794955482171e-11 1.91868665400108e-10 8.00946240442357e-09 9.17631082231196e-11 6.88096799539295e-09 1.18804687820884e-07 6.474554226088e-12 2.56499599338156e-11 2.50605203255816e-11 2.16696660615412e-11 2.027829015816e-11 1.93499438694289e-11 4.0952248259174e-10 1.27897248347608e-11 2.23395446585783e-10 3.2701447771899e-09 3.26677473960757e-09 7.1710367866018e-09 6.95010901052839e-09 4.47895104338514e-09 3.6474233877648e-08 5.62188830044441e-08 5.74189377156031e-09 6.01114978904249e-09 1.50934717313422e-07 4.35196273596006e-07 1.74060137525522e-08 2.33425834217371e-11 2.80682033171331e-11 4.01417018514039e-09 8.71239679289815e-09 3.13105652516299e-11
