Maxent_result_files_1/Bombus_mocsaryi_3.asc
NCOLS 594 
NROWS 330 
XLLCORNER -15 
YLLCORNER 23 
CELLSIZE 0.166666666666667 
NODATA_value -9999 
[rows 180 to 199 of 330, columns 506 to 551 of 594]
0.00012593791135318 0.000211672912837457 0.000126248864369793 0.000108107105470601 9.5174947885901e-05 9.02789970823492e-05 8.87186331860912e-05 6.50733850775187e-05 6.7686617636642e-05 9.06622265995805e-05 0.000133590269017114 0.000201786316333352 0.000385567630746664 0.000276935350802887 0.000550891473176307 0.00081764758697318 0.000836716952017014 0.000971056490834599 0.0011979027542111 0.00121616478354554 0.00123230799053999 0.00117672599026264 0.00120731632614479 0.0011582329234443 0.00110757230204399 0.00111749260713623 0.00111545283461965 0.00105505774454286 0.000942596313507238 0.000937521171454136 0.000942651070272405 0.000944329353387729 0.00100665490408574 0.00101922997355359 0.0010213423618552 0.000981603376931162 0.000999127168961422 0.0010266631506056 0.00113568821725494 0.00124193191377344 0.0012465550300476 0.00137984266639251 0.00142192863304444 0.0015862305376686 0.00166953925581765 0.00182037116574065
0.000194052557299074 0.000136919748774744 0.000186672718291447 0.000212238880385485 0.00012625105547186 0.000112099653873754 8.48877064533848e-05 8.23810047320683e-05 9.7209206599036e-05 0.000130069160408908 0.000156895869670526 0.000187283424307416 0.0003538814782587 0.00043388388630774 0.000460920895238814 0.00063978725393099 0.000673241027652693 0.000825658974918042 0.00112163935118588 0.00110864095404395 0.00108718441351812 0.00109862071603857 0.00112831193746388 0.00104877627045425 0.00100398605636656 0.000957498558545922 0.000907186952645134 0.000885571502840321 0.00082922470601261 0.000821317199006444 0.000762053239122906 0.000795341452703724 0.000839518193788535 0.0008465649968457 0.000885298481716745 0.000830448083434021 0.000870190998466569 0.000920340864377067 0.000933796762910788 0.000952996235810133 0.00108869967525607 0.00116744093675152 0.00128862767678584 0.00144385019921174 0.00154054470003757 0.00173615941439493
0.000267734845738232 0.000348003817452991 0.000381377537451044 0.000351573984835341 0.000298089637817611 0.00022741589132238 0.000288264881146461 0.00019227394170116 0.000224442219450793 0.000313724291117978 0.000172378039490562 0.000224567894242966 0.000376947442418896 0.000408343422623148 0.000528334256068774 0.000639221119581634 0.00065245805271843 0.000716072139675816 0.000894788404002611 0.00092216020284468 0.000963976945240574 0.000941961464650376 0.000958761791207508 0.000904962352615257 0.000898340931598796 0.000854908912242536 0.00077707671398457 0.000710738752604811 0.000712713536267984 0.000693051969028602 0.000695312712832674 0.000673469096727786 0.000706748004540714 0.000695732055100962 0.000679888125159778 0.00068067648107899 0.000706520075345907 0.000769476224377286 0.000919024847098626 0.000832282856390521 0.00093221548549991 0.00100296878108566 0.00112944035718101 0.00126907654757815 0.00139339441138873 0.00157132919030118
0.000319283398312109 0.0003371202204562 0.000428731014062578 0.000470679192176249 0.000388522188131901 0.000451318108207488 0.000442140241011657 0.000487430811153899 0.000336405172720333 0.00031155235847109 0.000374297882535757 0.000409886577654106 0.000435951227154874 0.000406567845038808 0.000501030110081047 0.00051706606609514 0.00055689338259981 0.000612880096105073 0.000713093799276976 0.000837140968542371 0.000896019538959081 0.00084796206028841 0.000809864223447221 0.000803346465090726 0.000762166511503892 0.00073864151527232 0.000681849137708923 0.000622643070983031 0.000594569659915578 0.000572752153630063 0.000548852241172426 0.000568470162852464 0.000641063380317064 0.000578567959746579 0.000549616228363448 0.000581531605075725 0.000579596622810641 0.000684235026528768 0.000691940899287147 0.000745279538750765 0.000825275859006069 0.000917294605369534 0.00099554094922496 0.00115586138490471 0.00127310073676199 0.00144840385000862
0.000391809231086881 0.000494563449410634 0.00052364821331139 0.000539867500356195 0.000565735518011934 0.000572698653832049 0.000603124086683238 0.000512941332181072 0.000577914678979141 0.000539357415618724 0.000493068044488609 0.000374321366916774 0.000347367431368184 0.000420891752037278 0.000444785197487363 0.000431971760644956 0.000493648616156861 0.000602641408113414 0.000640120910793485 0.000771972879374516 0.000823615385615994 0.000769180918996426 0.000744934481008386 0.000699627376980061 0.000669490497239167 0.000640665072205593 0.000584027086460992 0.00056373915858785 0.000544575359299415 0.00048612778741699 0.000458549545874121 0.000457491911038233 0.00045073433611833 0.000456214367841312 0.000450373522653535 0.000478311808637955 0.000508072134198301 0.000545293435698113 0.000593214529908437 0.000646563256759691 0.00072604800652698 0.000818503528898873 0.000957712842136971 0.00110957567667356 0.00119180561559915 0.00125960128752922
0.000490772199646017 0.000525353341981827 0.000522551938502147 0.000541189316209056 0.00055654876105109 0.000573266030551167 0.000596987803965021 0.000631352188065648 0.000610882740784291 0.000528461737758334 0.000513034530467849 0.00039236339080162 0.000460130516921708 0.000521384627791122 0.000510606449643092 0.000519820001591143 0.000563823132779362 0.000507419747646054 0.000589921206574218 0.000674837078167911 0.000734451932021329 0.000672596086224075 0.000650542059338477 0.000627587964299892 0.000586173174451687 0.000544070393652873 0.000508949410777859 0.000480066740783514 0.000447926146443933 0.000425315201800913 0.000407661290682881 0.000395062744382813 0.000384747602356583 0.000374137712151423 0.00038172477838998 0.000396186362877415 0.000434934901477391 0.000483935162992566 0.000539056153957063 0.000602394372617709 0.000684114708928973 0.000748694057256216 0.000896535401261644 0.000948377223812713 0.0010767198054964 0.0011613985270742
0.000477378926643723 0.000497613345532955 0.000502446279733704 0.00051348829933886 0.000537032523607195 0.000558505559456535 0.00057159662255799 0.000609605792033108 0.000645646826797019 0.000661816027241002 0.000642212931779795 0.000601897479646141 0.000589711591601372 0.000571593734184717 0.000541502648047754 0.000587023986281565 0.000596362090436742 0.000577869698190625 0.000585582721760147 0.00059671178487406 0.000619595387252048 0.000584645586150145 0.000562194997564802 0.000553305848370655 0.000517642138311203 0.000481029121874599 0.000457359330221152 0.000430897091428051 0.000404016548645814 0.000385134707221368 0.000359928009538635 0.000359985328668699 0.000342850298829944 3.77785020773569e-05 0.000341758968897921 0.000358901130402955 0.000400824268899669 0.000444644274512029 0.000483307135618816 0.000540788299713313 0.000608237237793219 0.000684190280480834 0.000773799476064596 0.000829620983313362 0.000906759147801495 0.00101036827390999
0.000472593689437417 0.000478703372436939 0.000481688076433784 0.000487658617112174 0.000505132283433341 0.000546124312222673 0.000575354181182774 0.00062108188858474 0.000637517717586888 0.000647839880730316 0.000638951781093056 0.000598524562064995 0.000584952492863522 0.000571646214120847 0.000578506586225558 0.000573028613052884 0.000583024495335849 0.000581324401173333 0.000592223638159339 0.000583278969588719 0.000556901291201939 0.000527858443638252 0.000520586130278389 0.00048994315593518 0.000462775894538936 0.00042955705721397 0.000414857176610894 0.000393852436081943 0.000372541207343602 0.000361176927390261 0.000350167526494261 3.68150623955898e-05 2.30482752687777e-05 2.34627222903683e-05 8.58227185233318e-05 3.40402864310363e-05 4.04444889795741e-05 5.86412192546959e-05 0.00010555566898347 2.55140438486734e-05 3.28451537669139e-05 6.19114677959942e-05 4.73453706860028e-05 0.000106610650323091 0.000767192513922055 0.000929127623385284
0.000452550326099299 0.000474608550030098 0.000477329981185903 0.00047667212243141 0.00049773426540014 0.000525252445459046 0.000542575865438266 0.00056919738990473 0.000583713272408204 0.000593765614212316 0.000571325736927975 0.000587412835102441 0.000578979382862599 0.000572120458582504 0.000570877835161809 0.000566456610522437 0.00056111750054697 0.000543971624119877 0.000551186088341638 0.000560189054885996 0.000524320870772499 0.000500405453203712 0.0004767911833369 0.000441414257693395 0.000416263528086347 0.000401005320327386 0.000387376711478282 0.000366294414288859 0.00035317921724527 7.91580845543649e-05 2.60310577491207e-05 3.44576190499879e-05 0.000309162678843222 0.000305845064485766 0.000310271967168774 2.8157127940176e-05 0.000278545262797547 7.83691460110925e-05 0.000360085627162099 6.62307870151424e-05 3.34507866277534e-05 3.50213059178373e-05 0.000169272966377321 0.000140574541399019 5.23528690507646e-05 6.07680282683987e-05
0.000432727993438675 0.000453641329522725 0.000482046483102749 0.000496294313143153 0.000521649902111676 0.00051243629959572 0.000508141422187691 0.000529378219334831 0.000532529530710235 0.00053316031671784 0.00054521817864952 0.000547575722430338 0.000548506100494706 0.000532162059244001 0.000551501501013263 0.000525211460444552 0.000535197607496229 0.000529949708379718 0.000522246043146879 0.000521279280656017 0.000507607639792695 0.00048668077097318 0.000454821744642686 0.000418298337808665 0.000392649325476668 0.000381938167902263 0.000363180200156421 6.91596905880942e-05 3.21105320746806e-05 2.78099013613087e-05 0.000317142364519896 0.000311199550480978 0.000314675154208999 3.15079857656997e-05 6.73053825146486e-05 8.55568160318398e-08 0.000442036392026068 2.73628056001507e-05 9.90836094217684e-05 5.66135200642748e-05 0.000640568631570204 0.000145034387537635 9.40460548008559e-05 0.000918573607941653 0.000271275070235788 0.000190031524289225
0.000429669701497914 0.000423023938856204 0.000443592664623793 0.000457811463411417 0.000457233486986297 0.000472527901729336 0.000496090667911631 0.000493988938205803 0.000485990792640223 0.000494566219822445 0.000497231604458648 0.000505099366409922 0.000499444612387379 0.000507913669025584 0.000511223441844777 0.000509858132681984 0.000527199083171581 0.000524711820344237 0.000507375196684734 0.000489170217133506 0.000482420397838723 0.000476049050575966 0.000447938802699355 0.000419946979627639 0.000397542152131791 0.000373159859282168 4.87324971800263e-05 2.47125757184108e-05 2.36664132383879e-05 0.000311229474675656 0.000307382349274121 0.000315592146682775 3.49481950891572e-05 2.08047614357221e-05 7.16374582339085e-05 0.000493474057657295 3.80174256633836e-05 8.41120596533074e-05 0.000641218885630224 5.15814626623978e-05 3.49915153037728e-05 4.46818285013251e-05 5.01202755231134e-05 0.000108704232297896 0.000125368934095604 0.000124813007096236
0.000358996976456183 0.000355997724977897 0.000362648845816693 0.00035802660624995 0.000355591490733786 0.000363121940722522 0.000391987408556815 0.000450173618992267 0.000459508849917256 0.000471897207626171 0.000491137456629076 0.000490236693440238 0.000479336798616714 0.000490494082305304 0.000502989924098074 0.000513847579259163 0.000514447328077949 0.000502798149955197 0.000486046970763709 0.000482849537820584 0.000459661821969348 0.000440012957733416 0.00042717370124592 0.000397225965934922 0.000399254848070996 3.09319604383518e-05 4.1385244894343e-05 9.66400644099252e-05 0.000309808044312376 0.000101964690463774 0.000475968217636846 0.0003793329058567 0.00201435394717464 0.000422358136574985 0.000457477243980975 0.000108873777526242 3.90750800761452e-05 4.8244276308651e-05 0.00012773676062352 0.00078696916334593 6.7025163980361e-05 8.72164283919119e-05 0.00104920398825925 0.000125861428705321 0.00129386678472656 0.00136874582185555
0.000280497527455736 0.000276459969018106 0.000270927030283019 0.000277661306949994 0.000273131297899454 0.000291302761092993 0.000345963606946498 0.00041331788925163 0.000444219407472701 0.000462554343084776 0.000482166716983556 0.000490511533189419 0.000470275335010228 0.00014041085117924 0.000478831771806654 0.000503664491225209 0.000496077511070325 0.000495271357158344 0.000494421451048765 0.000499530671640969 0.000485221650433232 0.000455993478772143 0.000425455370987038 0.000125317235392686 0.000394618509517386 2.56259111814927e-05 3.7763614292885e-05 0.00031186215787784 0.000304859135019342 5.6282037905131e-05 0.000364350812079905 5.48809560136476e-05 0.000426400529477178 0.000463593020958797 0.000511252920932748 0.000160213542585552 0.000132448896738424 7.63798179150399e-05 4.86670767543274e-05 0.000891596843939624 0.000980558537230536 0.00106097483467238 0.000118361863223981 0.000117500159058181 0.00134786664239073 0.00150634785877628
0.000270077975937966 0.00026506622064062 0.000268866516603339 0.000254817611516955 0.000237518238623124 0.000258825510854876 0.000288191070012545 0.000311911990320368 0.0003970719690642 0.000444567840804666 0.000468137985490102 0.000481102429921521 0.000471702226195703 0.000463779905339834 0.000465414278096432 0.000496380901904558 0.00047821125781411 0.000489599062666457 0.000499119941241588 0.000524702827078727 0.000510627141284203 0.000479575866847881 0.00045916725312054 0.000437947283944595 0.000120950584761204 2.63926685949656e-05 0.000337132697575271 0.000315683235862707 0.000310502642059873 0.000267387729682156 0.000310023001230242 8.04593120249941e-05 0.000135237441395475 5.58219260710757e-05 0.000557332537573529 0.0006327508150207 0.000199519432567286 0.000140072604017405 0.000108666206006092 0.000987165646165522 0.00107397703704919 0.00117328859487316 0.00125352896739059 0.00132973058698553 0.00143942520808196 0.00159704103716649
0.000197704285062628 0.000196287027551989 0.000212942922564707 0.00020711922539931 0.000196895391127327 0.000204325127413085 0.000243788933744327 0.000287572334673314 0.000311997938274544 0.000383246294632045 0.000422992391577282 0.00044939466820324 0.000437331155944776 0.000449896068448652 0.00045421228678606 0.000465304859562821 0.000491664676110304 0.000512019214829706 0.000522893541483427 0.000528786010727345 0.000531101351953112 0.000521977392236295 0.000490085898491088 0.000459439356518487 3.2614190004665e-05 9.02330696206377e-05 9.50831179245881e-05 0.000343419619173346 8.90296182106454e-05 0.000338336841780984 4.75422640397571e-05 0.000122445894317547 0.00013972066493797 0.000279905605915154 6.55486733535326e-05 0.000709324988383742 0.000782077445182949 0.000867950178599131 0.000222086658959597 0.00104881336883409 0.00120136679397547 0.00129287916806788 0.00136795023208833 0.00147034668207198 0.00156289936076064 0.00167362985594082
0.000177245968552597 0.000180842096347078 0.000186425035406046 0.000182804773589851 0.000177067894753691 0.000182712843479749 0.000201615302262326 0.000245324798811453 0.000300468985346924 0.000321892310489602 0.000336531605194068 0.00038306326196107 0.000425354211984086 0.00044264394223319 0.000469068642223647 0.00048135939759959 0.000486855462531821 0.000493068957985088 0.000536180018843879 0.000559937862453808 0.000572816371914087 0.00056142564617403 0.000543590823144768 0.000547848376481852 0.000487874753935103 5.74404694816621e-05 3.09968876642586e-05 3.6315661409958e-05 0.000250727120372574 0.000130142415127921 4.7657742732099e-05 6.88873487320052e-05 0.000209056885510606 0.000553429533858996 0.00017561212681303 0.00084088084367977 0.000868302203161875 0.000963008248527331 6.57026772159952e-05 0.000325753390416139 0.00132589281492983 0.00148802175117453 0.00153092008331441 0.00161412104189367 0.00171707482149941 0.00185061086631322
0.000154822733748006 0.000156335835617938 0.000155649202241648 0.000160400241173875 0.000168106300691306 0.000167901379086288 0.00018418558703388 0.000195569556217379 0.00022427917473351 0.000256143996125502 0.000288110960059385 0.000311047053151015 0.000356722147807886 0.000387575994136569 0.000427661267167423 0.000456193178206377 0.000490066740758266 0.000502820286146743 0.000540999034819833 0.000566734667518176 0.0006028943088495 0.000617700430211698 0.000611109673445753 0.000589533962465794 0.000571641242186161 0.00054198676989472 5.57320044435983e-05 3.75432519419405e-05 0.000108622970956951 0.000236068548240231 0.000503574826416298 0.00058627897851693 0.000716125165399717 8.89623921580096e-05 0.0001860491417915 0.000136813391145552 0.00103407119886469 0.0010849735017473 0.00123164030756016 0.00137743145023705 0.00152543614130991 0.00168880996534426 0.00180884953661007 0.00184646424113453 0.00195491318572749 0.0020434384501641
0.000131504614665801 0.00013701104297752 0.000136332873768197 0.000132633054022335 0.000140167740011066 0.000143407669725093 4.93245690165622e-05 0.000170784661736434 0.000190071848942353 0.000208010749634013 0.00023311157264061 0.000252298393206729 0.000290626390165016 0.000335811321292567 0.000361629234566863 0.000407909876594204 0.000461871582047024 0.000478481013169585 0.000508785790680122 0.000539700348508632 0.000599953193886904 0.000627974096460093 0.000639651145866083 0.000667914969289996 0.000652644440469885 0.000616814319619152 0.00058437350562599 0.000563012011753017 0.000278169359393132 6.51202065593437e-05 0.000675243695695826 0.000746593139137985 0.00082202030780536 0.000941259122373594 0.00103153902800841 0.000164481512774728 0.00124180330240051 0.00135085564852488 0.00145266161507607 0.00163516798838828 0.000302181899724019 0.00194577511720127 0.0021924578355538 0.00224537214344309 0.00227276972600521 0.00234213649619051
0.000108994088805048 0.000110276335055914 0.000106210586270095 0.0001122864891272 0.000109851202614664 2.18913685092303e-05 6.11636807633431e-05 2.42845354136989e-05 0.000175897758117571 3.24029202090514e-05 0.000218237265914922 0.000218114612403042 0.000247229104456892 0.000282868377939849 0.000329887325347045 0.000369621890263261 0.000378174769184625 0.000437239061193395 0.000495432339539548 0.000541724249251274 0.000585465516996919 0.000649962148327177 0.000720527537214366 0.00076634389879473 0.000786099428296438 0.000752422801360808 0.000725432056970021 0.000710574791992258 0.000380654311010176 5.78593285013085e-05 7.06032642824539e-05 0.000264749597204172 0.000950234548599838 0.00103069917313405 0.0012337605096036 0.00133315152179421 0.0014772464228372 0.00167106946373679 0.00188774959242437 0.00212145691839396 0.000930122950558143 0.000370969771483942 0.00260703419698984 0.00272733709389286 0.00278615476763662 0.00270736154907354
9.01184139735278e-05 9.12400557268711e-05 9.78570924672795e-05 0.00010932937943835 0.000112571978320375 0.000122922511178558 0.000126181962718874 0.0001410146599369 0.000148758107008007 0.000153400593097786 0.000181803961106652 3.37524752254126e-05 0.000211477091102097 0.000256235453935005 0.000341877572645899 0.000410849671789038 5.33647782162916e-05 5.11357555808445e-05 0.000493702053472589 0.000137994524942542 4.38399120781696e-05 0.000134381165884179 0.000850458365857776 0.000845718753680558 0.000922011202237627 0.00093772989084755 0.000893351085687755 9.40646415358515e-05 0.000954566071413865 0.000114147914530349 7.51935281982696e-05 0.000301665855795363 0.000316746434509696 0.00138203176684328 0.00152634822206892 0.00176206135074608 0.00192815294449247 0.00217127267769683 0.00238567042670184 0.00261419093130826 0.00285817173062242 0.000251381712740795 0.00331439906731248 0.000453443687729305 0.000961035765067209 0.00327428976452211
