Maxent_result_files_1/Bombus_pratorum_3.asc
NCOLS 594 
NROWS 330 
XLLCORNER -15 
YLLCORNER 23 
CELLSIZE 0.166666666666667 
NODATA_value -9999 
[rows 220 to 239 of 330, columns 276 to 321 of 594]
-9999 -9999 0.999969160556793 0.00475029756780714 0.0104646572377533 0.0216590998694301 0.00467922657262534 0.00537755475379527 0.0307392815127969 0.116885935515165 0.0716980010271072 0.0488587122410536 0.054726991429925 0.675886130332947 0.353554967045784 0.373015463352203 0.319305217266083 0.374628761410713 0.892891484498978 0.734315979480743 0.508118373155594 0.359165561199188 0.279146096110344 0.132707040011883 0.207904003560543 0.0131219826638699 0.0147641281597316 0.0153053523041308 0.0360636092722416 0.0260019216686487 0.0140555470250547 0.0124625584110618 1 0.0117386260069907 0.0065715744625777 0.0059416544623673 -9999 -9999 -9999 -9999 -9999 -9999 -9999 -9999 -9999 -9999
1 0.999390870332718 0.00669176343362778 0.00454176536295563 0.0191672216169536 0.111937180906534 0.00839076503179967 0.00819954797625542 0.38925254046917 0.103464312106371 0.0863111287355423 0.0760506939142942 0.12838029935956 0.0703328222036362 0.800583916902542 0.614717054367065 0.379517474770546 0.0699389457702637 0.999045163393021 0.110173864662647 0.852966165542603 0.0154773042537272 0.00278628170490265 0.19880188703537 0.042311891540885 0.0865599162876606 0.0709061972796917 0.00448174274060875 0.00486157911363989 0.0503355458378792 0.0264824490994215 0.0327263625338674 0.0183822267688811 0.0109072694554925 0.00445138132199645 0.00597743783146143 0.0170852418988943 0.0193029797635972 1 -9999 1 -9999 -9999 -9999 -9999 -9999
0.00374505056533962 0.00501553458161652 0.0136060045100749 0.141253413259983 0.0413368675857782 0.307643631100655 0.14085007160902 0.621448439359665 0.153103265911341 0.0502886667847633 0.0796818751841784 0.179247212409973 0.0101000336464494 0.0412365714088082 0.0247118788771331 0.00965104657225311 0.0502089649438858 0.0207883466035128 0.395575375854969 0.173917172849178 0.0264431974850595 0.0153512286953628 0.019504121504724 0.0566934037953615 0.0317519685253501 0.263299316167831 0.366129133105278 0.170787173509598 0.0841525323688984 0.378655222058296 0.109662306308746 0.108459687978029 0.0653873007744551 0.0237482901662588 0.0155942509882152 0.0607437394559383 0.0539994023740292 0.0675490934401751 0.0533622402697802 0.0111530160997063 0.0101025154814124 0.00185946446144953 0.00447250180877745 0.999999856948853 -9999 0.711758249998093
0.0225244292989373 0.00747971262317151 0.0895144589245319 0.175464121997356 0.0596471302211285 0.193793557584286 0.284023123979568 0.966248393058777 0.0904050014913082 0.179958207160234 0.0136880775913596 0.0564266080036759 0.0021520187438 0.00444686553673819 0.00289992064936087 0.00104506399075035 0.0190992614254355 0.00125838887761347 0.0153680900577456 0.025044119078666 0.952169793844223 0.121808470785618 0.0202457419596612 0.0231149297207594 0.0356829715892673 0.139035399258137 0.0139180898666382 0.0231523089110851 0.020126914139837 0.999996119737625 0.0914144746959209 0.00983697059564292 0.0278554446995258 0.0145470003597438 0.0547417141497135 0.120311786979437 0.242643669247627 0.0798927456140518 0.0705406073480845 0.0761645615100861 0.0540580723434687 0.152583181113005 0.300887459516525 0.244800974428654 0.0270401252433658 0.16637951284647
0.0890811607241631 0.314663583040237 0.403130376338959 0.18438124358654 0.80916348695755 0.549694138765335 0.799412155151367 0.122777837142348 0.0752952080219984 0.043316538259387 0.0848016493022442 0.0473960597068071 0.00391457232180983 0.00324596554273739 0.00510472562164068 0.00102092707529664 0.000195433900080388 0.000739232043270022 0.00290498224785551 0.0113349139224738 0.000933497754158452 0.0083136344794184 0.0131253044586629 0.870080178976059 0.166173864901066 0.122531800717115 0.02759097982198 0.0125943221151829 0.0135736618191004 0.0115227102302015 0.00249368716031313 0.0046921678353101 0.0105212118010968 0.00785366101190448 0.0192984883673489 0.0120750966016203 0.125653659552336 0.221051448583603 0.101205089688301 0.0539674255996943 0.20070998519659 0.299686545133591 0.0897031091153622 0.249357491731644 0.476241078972816 0.116843905299902
0.337937121093273 0.173422653228045 0.198904296755791 0.0044312349986285 0.00564115177839994 0.0192572224885225 0.451723745465279 0.0122410253155977 0.00377515032887459 0.999930912256241 0.0244599996134639 0.0184123650193214 0.0015612072951626 0.000162207344328635 0.000228812562272651 1.82596774720878e-05 0.000195248267846182 0.000811931790667586 0.000583815615391359 0.00269737769849598 0.00868183928541839 0.0136932484339923 0.0431794879958034 0.0754418786615133 0.0418443128466606 0.0220798744820058 0.00285336510278285 0.00554164065979421 0.0127244854345918 0.00275152884423733 0.164402482658625 0.00718068042770028 0.00497329740319401 0.146593348681927 0.012074845097959 0.100047606229782 0.012350788898766 0.0803029417991638 0.102191217243671 0.206256794929504 0.0493553537875414 0.050300289131701 0.0337022680789232 0.00915946597233415 0.0161721106618643 0.00264183352701366
0.0896686531603336 0.00247529641492292 0.00369643429294229 0.000852894777199253 0.000772071717074141 0.00442139715887606 0.00812524515204132 0.00475844978354871 7.45386169000994e-05 0.00759415477514267 0.0066809989977628 0.00687287079636008 0.143068067729473 0.000197274745733012 1.54118501086486e-05 8.00075431470759e-06 0.000299054643255658 0.000533208451815881 0.000314856879413128 0.00208456147229299 0.122557954490185 0.0197056786157191 0.0722113709896803 0.0524098936468363 0.0235189930535853 0.00566879252437502 0.000540298674604856 0.00838612476363778 0.0136510118842125 0.0273339960724115 0.00489232947584242 0.022308449074626 0.01643404699862 0.977741426229477 0.054999933950603 0.0648677743971348 0.00610655792988837 0.0596193835139275 0.0400848608464003 0.0522714648395777 0.00928254323080182 0.0328642318025231 0.238257783651352 0.0125284342560917 0.104091317206621 0.00828890400007367
0.00318588762311265 7.75265209085774e-05 0.00256330649135634 0.000396397487202194 0.000663051960873418 0.000287503702566028 0.000272769980074372 0.000333327715634368 0.0027954205754213 0.021554346755147 0.0296841003000736 0.999855452775955 0.00454523572698236 0.0215356251457706 4.69079926915583e-05 5.89017956372118e-05 0.000176058578290395 0.00108060441270936 0.000427068515273277 0.000719221934559755 0.0206461621448398 0.0198732786811888 0.0797807306051254 0.035141984000802 0.0549045994877815 0.124316463619471 0.0149508376605809 0.00666583639103919 0.0129117382224649 0.027985760755837 0.00114995625044685 0.00348267363151535 0.000732044767937623 0.00093679052661173 0.000126396835912601 0.000680999225005507 0.00180670761037618 0.0308247366920114 0.037893139757216 0.0116647231858224 0.116577461361885 0.0524619318544865 0.114288198947906 0.0529343783855438 0.0274134978652 0.000187426371121546
0.0338180346414447 0.00472769697662443 0.000355313457839657 0.000331025187915657 9.99752843199531e-05 0.000592757904087193 0.000244029888563091 0.000329779667663388 0.000748112724977545 0.471623554825783 1 1 0.00457520473864861 0.00103832024033181 0.00010750819783425 0.137714246660471 0.000809820010908879 0.000387771740497556 0.000567637085623574 0.000141542444907827 0.00361957559362054 0.0069767055567354 0.00169618114014156 0.00519767124205828 0.0423764305189252 0.00728784438688308 0.0145355507731438 0.00107376345986268 0.000244713319989387 0.000535961896821391 0.000453910029318649 1.41188884072108e-05 0.000186274394218344 0.00015425776146003 8.83956701727584e-05 0.000113708311255323 0.000310974095918937 0.00451852648984641 0.0126845067832619 0.000571349401434418 0.000816361786564812 0.0013421039795503 0.00584044149145484 0.00243471644353122 0.00222959514358081 0.0060572100803256
0.00850067539140582 0.0222666424699128 0.00169037277228199 0.000501587839971762 0.0011283759115031 0.000371290899056476 0.000198196120618377 8.59806732478319e-05 0.000248446295154281 0.000240245616441825 0.000267925158550497 0.000130826374515891 6.00241432039184e-05 5.04059624290676e-05 4.67437980660179e-05 0.000339580004947493 0.000693668059830088 0.000347145032719709 0.000270885749341687 0.000156849123595748 0.000217263015656499 0.00133908874704503 0.0100634892005473 0.0178172588348389 0.0230924922041595 0.0390994185581803 0.00727849914692342 0.000487039414292667 0.00171652188291773 0.000653807120397687 0.000999048000085168 0.000761183573922608 0.000217043453449151 0.000123472620907705 3.9015718812152e-05 0.00683926024939865 0.117783991247416 0.000102363983023679 0.000187513279524865 0.000358225578384008 0.000800192664610222 0.000971139123430476 0.000518795069365297 0.000405805232003331 0.0002383107872447 0.000285809852357488
0.00215610068989918 0.000357874123437796 0.000430847970710602 0.00288463623728603 0.00381596144870855 0.00260669217677787 0.000391988395131193 0.000216511521284701 0.000178785455500474 2.05144628125709e-05 6.85302560668788e-05 2.13817779240344e-05 1.51771746459417e-05 0.000394478610542137 0.000115050340536982 0.000164847205087426 0.000399190593452658 0.000246924918610603 0.000169121106955572 0.00159992284898181 5.41548093679012e-05 2.83758445220883e-05 0.000479312079551164 0.00482039181515574 0.00441195722669363 0.0056138209765777 0.00462977315764874 0.00395199011545628 0.012221677461639 0.00792302894406021 0.00313005291973241 0.000207508209132357 5.2276585574873e-05 3.55968370968185e-05 5.27439719007816e-05 6.78855605656281e-05 6.24507989414269e-05 0.000115307347005 0.000465804841951467 0.000556204520398751 0.000289503269596025 0.000368692081246991 0.000350544706452638 0.000235174565023044 1.41464212902065e-05 1.05712508002398e-05
0.00149845355190337 0.0010536425979808 0.000385835328779649 0.0068822393193841 0.00562283664476126 0.00319404808105901 0.000144968987297034 0.00021450991553138 0.000130174578953302 8.09139226021216e-06 7.44608747481834e-05 4.15813159634126e-05 9.89471420780319e-06 0.000105351467209402 0.000429453734250274 0.000997764192288742 0.00166611920576543 5.4989935051708e-05 0.00102629962202627 0.00357089993776754 0.00617057227063924 0.00217306157574058 0.000776755536207929 0.00434106378816068 0.003286790009588 0.00493422092404217 0.0049152932362631 0.00108652638446074 0.022945143468678 0.000539399548142683 0.000358550585224293 0.000401878181583015 0.00249279766576365 4.81846228467475e-05 7.08185601979494e-05 7.87573962952592e-05 0.00164919563685544 0.000195837946012034 0.000199093790070037 0.000126503166029579 4.83686694678909e-05 4.02629800191789e-05 2.96439535304671e-05 4.3727146294259e-05 8.50016924687225e-06 8.19325028714957e-05
0.0104653703281656 0.000880348280770704 0.0010840130969882 0.000313516278401949 0.00249400194734335 0.0057194022461772 8.47099930979312e-05 9.63808819506085e-05 9.1247935051797e-05 5.52422428881982e-05 0.000100753294827882 3.64393679319619e-06 3.26723785292415e-05 7.42353881832969e-06 5.14900699272403e-05 0.000439951260341331 5.42715450137621e-05 0.000255139284854522 0.000709721270686714 0.000550876223132946 7.28689456330755e-08 0.00133611963246949 0.000981460648472421 0.000696075696032494 0.00140682552009821 0.00612427871674299 0.00348211375530809 0.00100828995928168 0.000213615407847101 0.000548077508574352 0.000331913401169004 1.7032600044331e-05 0.000511679438932333 8.31555948025198e-05 0.000100910787477915 0.000123080960474908 8.5124196812103e-05 5.76916553654883e-05 7.40390030841809e-05 5.78783980017761e-05 0.000116801114563714 0.00028464948918554 0.000158454728443758 4.01975564273016e-05 0.000211416261299746 9.60315359407105e-05
0.0197597071528435 0.0512450741603971 0.0302264316938817 0.00066162295115646 0.00051542820292525 0.000191706800978864 0.000143871732871048 7.55992467020405e-05 0.00020303622004576 0.000575842417310923 8.50649252242874e-05 0.000377652510360349 0.000250239428714849 2.64725636744956e-08 1.22239629973819e-08 0.000965807819738984 8.47475637783646e-05 1.34707915094623e-05 0.0006072092539398 0.00214609376853332 0.00072791954735294 0.00276251178001985 0.00139887294499204 0.000712472383747809 0.000680577714229003 0.00112293655402027 0.000331015547999414 2.66092215952085e-05 3.17003688451223e-05 0.000144905464367184 0.000461482242826605 5.03714863043569e-05 0.000731136814283673 0.00106509677425493 0.000717172524309717 0.000133775142603554 0.000147548801032826 0.000122064432798652 0.000140994648972992 0.000109764297849324 6.95567146976828e-05 0.000657937157666311 0.000551923121383879 0.000203892569697928 8.67526081492542e-05 1.28854186414173e-06
0.0109187441878021 0.00132787383627146 0.00734308580867946 0.00773780078161508 0.0146629211958498 0.000402733219380025 0.000188185758452164 0.00024939216527855 0.00389137332094833 0.0127427638974041 0.000490775477373973 0.000643417582614347 9.69430925579218e-06 6.07431472898767e-09 8.88297246870451e-09 0.000226186073268764 0.000240043509256793 0.000215682086127345 4.47025755420327e-05 8.14730874481029e-05 0.000399409478995949 0.000661290675634518 0.000604010101233143 0.00106111858622171 0.000604235495848116 0.000245560742769158 7.47028592741117e-05 0.000319231519824825 0.000438481286983006 0.000773135435883887 7.72919314840692e-05 0.000506375875556842 0.000167437532945769 0.0029035079642199 0.000420824858883861 0.000482863371144049 0.000569338165223598 0.000374142934742849 0.000138233121833764 4.47163618446211e-05 2.95053965601255e-05 1.44690809520398e-05 9.46517313423101e-05 1.41480398724525e-05 7.00581799151223e-07 1.25607704148933e-05
0.00938288569450378 0.00556787326931953 0.00196886530611664 0.042895601503551 0.0510457649827003 0.000511180263129063 0.000274863655795343 0.000328303317655809 0.00179692071396858 0.00250593578675762 0.00108755983528681 0.000117573166426155 8.60730587248781e-08 1.02814917135596e-08 9.00616257126785e-09 9.41842615009847e-10 4.74111833455026e-06 0.000370973936514929 9.12195315322606e-05 0.000157617754302919 0.00011306184460409 3.83186856538487e-06 4.78511504297785e-05 0.000149695601430722 1.21883119390986e-05 0.000166142743546516 1 0.999881732463837 5.03394963743631e-05 7.88693183494615e-05 0.000349257625930477 4.16286083577688e-06 0.000369483526446857 0.000757876236457378 0.00218830722733401 0.000384702396695502 0.000357502378028585 3.23684814418357e-07 3.6399848511337e-06 5.28687359292235e-05 8.95668223165558e-05 0.000123765136959264 6.44680915229401e-07 3.28742515876002e-07 1.02669348578388e-07 1.22289917499074e-06
0.0190875896252692 0.00376665634103119 0.00338358851149678 0.00157788285287097 0.0105470372829586 0.0187194976955652 0.000518736231606454 0.000205445523170056 0.00219728297670372 0.0029982547624968 0.00165156314033084 0.038788793515414 3.66353116287854e-08 3.45632168441412e-09 9.16633557945801e-10 3.26895732705168e-10 5.27904144842495e-09 7.4992409463448e-05 0.000123716603411594 5.55251742298424e-05 2.41889591961808e-05 0.00023665608241572 0.00340412026271224 0.000585510887322016 1.1837225315503e-05 4.7074017675186e-05 0.0951470293104649 0.125697233714163 6.21520395725383e-05 6.94603802912752e-05 0.000296622203313746 0.000342934634682024 0.00171260630013421 0.001463760813931 0.000654670340009034 0.000562589125183877 0.000772260004305281 0.000627410331799183 3.35943891514034e-05 4.13549030326976e-06 4.90703558853056e-06 9.00788276339881e-05 3.01421079029751e-07 4.59144771980391e-07 2.62297989106486e-08 6.3836255321803e-07
0.0262518212199211 0.0877112317830324 0.10969598069787 0.00909959310665727 0.0091040697414428 0.002767600689549 0.00111076487228274 1.48578302287206e-05 0.000136665496393107 0.000505758397048339 0.00176345142535865 0.00249255674425513 0.00587868627626449 1.88365719111516e-07 2.35126944581054e-09 9.76940730534892e-09 0.000181331540079555 0.000131273081206018 0.000582424204912968 1.98641077986395e-05 7.40586661777343e-05 0.000157135827612365 0.00076743136451114 8.50803377034026e-05 0.00165492432424799 4.81878787468304e-06 0.0177804759703577 4.13231979109696e-05 5.98391250605346e-05 0.00125995958514977 0.000795460367226042 0.00287367562996224 0.00193665640545078 0.00249675110680982 0.000991821874049492 0.00146723254001699 0.000791834422852844 2.02317651655903e-05 7.12955050403252e-05 3.99555639887694e-05 2.92854243184593e-06 1.65851453857613e-05 1.72396751736414e-06 2.21779492676433e-05 2.60082091699587e-05 1.3398112912455e-07
0.0171923008747399 0.0107936072163284 0.00387595514766872 0.0183322257362306 0.0116744849830866 0.0111402438953519 0.00135153159499168 0.00106096514500678 0.00102774209808558 0.000287011028558481 0.00066425942350179 0.00255530050490051 0.00034398318384774 0.000500233401544392 0.00235434968490154 0.000233583596127573 0.00162002912838943 3.01429491628369e-05 7.94107816091127e-06 9.07776184249087e-06 6.94084305905562e-06 3.60721553988697e-05 0.0003133185513434 0.00024831954651745 0.000405925874656532 0.000612533080857247 0.00115251167444512 0.000663477346824948 0.000197242057038238 0.00436215722002089 0.00178816964034922 0.000617415708256885 0.00122472518414725 0.00272125349147245 0.000739891856210306 0.000150270470112446 0.000707788989529945 0.00226824538549408 8.57227707911079e-06 0.000102329240689869 0.000564609951106831 0.000113679330024752 6.81269852975674e-06 0.000108073803858133 0.000525704129540827 0.000391903366835322
0.0828863598406315 0.0126684085465968 0.00413697436451912 0.00187089546816424 0.00132786997710355 0.000295069740968756 0.000371071074914653 0.0115854508709162 0.00787082551978529 0.00652793585322797 0.000267882335174363 0.00144133378635161 0.00386626508552581 0.00209149667061865 0.000298036419553682 4.93770991170095e-06 2.35049789125696e-06 8.96732548426371e-05 2.63506293549653e-06 0.000109691251054755 4.82882825053821e-05 0.000170276961580385 2.02869106942671e-05 4.8685872934584e-05 0.000243173295166343 0.0051246921881102 0.00490673914318904 0.000251462547021219 0.00226393806515262 0.00457585309632122 0.00466277538798749 0.0148972689639777 0.00440606651827693 0.000549902608327102 0.000490539702877868 0.000815343903377652 0.000131775211775675 1.80225858002814e-05 0.00168168129166588 0.000407729030121118 9.95895563391969e-05 0.00189789462019689 2.01575076971494e-05 5.03002332834512e-06 6.03088383286377e-06 1.16582847624613e-06
