Maxent_result_files_1/Bombus_wurflenii_3.asc
NCOLS 594 
NROWS 330 
XLLCORNER -15 
YLLCORNER 23 
CELLSIZE 0.166666666666667 
NODATA_value -9999 
[rows 140 to 159 of 330, columns 360 to 404 of 594]
0.000726561425835826 0.00060754477744922 0.000550899302470498 0.00107368315802887 0.000679922610288486 0.000652494409587234 0.000819218132528476 0.00126280547701754 0.00173000393551774 0.000422359532967675 0.000171136837889208 5.38976253665169e-05 0.000684253650251776 0.00112400121870451 0.000511707687110174 0.000361124175833538 0.000134314512979472 0.000245328744495055 0.00019142506425851 0.000339714428992011 8.24290304990427e-06 1.15906170972124e-07 1.03007265366273e-06 2.12322514414609e-06 1.45926002915076e-05 8.24245651074307e-06 6.98633471984067e-05 0.000158366066534654 8.15769340988481e-05 6.3233600485546e-05 1.87300334800966e-05 4.04768693442747e-05 4.61694951809477e-05 3.75497946151881e-05 7.00836335454369e-05 1.04952473975573e-05 5.56704191694735e-05 1.76354561972403e-05 6.56587151752319e-05 0.000114715638119378 8.94096237971098e-05 0.000177273410736234 0.000262289407692151 0.000484509824309498 0.00250015569617972
0.000629299102001823 0.000559899897780269 0.000526276446180418 0.000658842115080915 0.00114842660550494 0.00106139794224873 0.000719487958122045 0.00137518439441919 0.00146116806427017 0.000343634553428274 0.000248787961027119 0.000697292920085602 0.000290235025750008 0.000238444168644492 0.000258950431452831 0.000266729963914258 0.00023296351719182 0.000203080967185088 0.000137828117294703 0.000390946640982293 2.03230871420601e-06 2.27271934072348e-07 7.14423033514322e-06 4.00699657802761e-05 0.000126882663971628 7.19696403393755e-05 0.000185413708459237 0.000145054740642081 3.15715672513761e-05 3.60198262569611e-05 1.47935417658118e-06 1.87895824637962e-05 0.00010979195467371 5.27088130183984e-05 0.000157366925122915 3.36510996930883e-05 2.35850170156482e-05 3.20945044222753e-05 5.0454580468795e-05 3.24381675454788e-05 6.39667079667561e-05 0.000256463680125307 0.000197388788728858 0.000161810834470089 0.000392425798054319
0.00070832320197951 0.000740700593451038 0.000348931582993828 0.000991980280377902 0.00103226328501478 0.000860847975127399 0.000409831260913052 7.91628441220382e-05 0.000301084671082208 0.000116424648149405 0.000641849270323291 0.000416124587354716 0.000464672262023669 5.4837274728925e-05 0.000565893693419639 0.000103745199521654 0.000244213564292295 0.000160141262313118 0.000168586917425273 0.000346691938466392 4.4780637697972e-08 8.09370238812335e-06 0.000197050707720337 7.17736593287555e-05 6.6570697890711e-05 8.96290914170095e-05 4.65320757712107e-06 4.79055727737432e-05 5.37040955350676e-06 1.37740868467517e-05 7.0362513361033e-05 5.6683979164518e-05 5.96604624661268e-05 6.9611586695828e-05 5.33507878571982e-05 2.16039595670736e-05 9.23596900975099e-05 2.81130252915318e-05 8.19234981463524e-05 5.01196332152176e-05 7.37192085580318e-05 9.84294289082754e-05 0.000168090505030705 0.000541522970888764 0.000110803483403288
0.00178762816358358 0.00190715110511519 0.000655829929746687 0.000346372052445076 0.000362403792678379 0.000109191949013621 0.000275413121562451 0.000222955841309158 0.000167193511879304 2.10853550015599e-05 6.66496340272715e-05 7.75674554461148e-05 7.04829406458884e-05 3.73771006707102e-05 0.000109132044599392 0.000173502245888812 0.000116525140401791 8.71346353960689e-05 0.000155238652223488 3.52838713297388e-05 2.99250454416367e-09 9.21555320019252e-06 2.64196771482261e-07 3.54387721927196e-05 3.89068345612031e-05 3.76993066311115e-06 4.69079612486212e-07 2.53686923315399e-05 3.52748554178106e-05 4.04286653065356e-05 7.67911842558533e-05 9.28904297325062e-05 4.69300150143681e-05 6.07548958214466e-05 9.72361483945861e-05 4.63368462988001e-05 6.35200556644122e-05 6.86988130837562e-05 4.51055239864218e-05 6.09621296462137e-05 9.63188989771879e-05 5.97521733652684e-05 0.000121992565982509 9.76527242528391e-05 0.000338072345766705
0.000444377839448862 0.000417329951596912 0.000595811948005576 0.000173468800494447 9.76670380623545e-05 2.14950300687633e-05 2.82757046988991e-05 0.000179587075399468 0.000360876391641796 2.50788441917393e-05 2.50733030043193e-05 8.36234994494589e-05 0.000181903538032202 6.33605052371422e-06 4.09486181524699e-05 2.16838694541366e-05 5.35414032128756e-05 0.000124936941210763 1.63360843089322e-05 4.0317912134924e-05 2.16279606320313e-05 1.52754657392506e-05 3.27073419612134e-05 1.02391040499583e-06 1.97159421304605e-06 5.30514213181732e-07 1.47574962738872e-05 4.78562928037718e-05 5.0408882816555e-05 4.59250897620223e-05 4.91343673274969e-05 3.47484837220691e-05 4.64174097942305e-05 5.99724458879791e-05 0.000136806992668426 3.09874616505112e-05 2.78239939689229e-05 5.82340126129566e-05 7.67874149460113e-05 9.92582110484364e-05 9.78771182417404e-05 3.01943270642369e-05 2.39545682234166e-05 8.09348764960305e-05 0.000189574923570035
0.000323671892692801 0.000289420587068889 5.44158736374811e-05 0.000102245086236508 0.000413066137116402 0.00017885062698042 0.000131719153432641 7.79215984948678e-05 4.30061210863641e-05 3.14147959215916e-05 0.000130711753445212 4.50960673333611e-05 0.000188230945786927 4.39491662973523e-06 7.53746580812731e-06 3.19082536407222e-05 2.5940217255993e-05 6.01863615884213e-05 1.43783530802466e-05 1.97014365312498e-05 2.6365465055278e-05 1.99438543859287e-05 0.000114323652451276 2.27734533808643e-07 1.32260668692652e-06 1.20409049031878e-05 8.19502884041867e-06 4.93012066726806e-05 1.70120254097128e-05 9.266479719372e-06 8.33811113807315e-06 5.73689751036e-05 5.37106987394509e-05 9.77762962065753e-05 1.62580328378681e-05 7.71162625824218e-05 5.10588602992357e-05 4.94403841003077e-05 0.000103891024446057 8.95802870218176e-05 9.28619660044205e-05 6.36478822343633e-05 4.78985455629299e-05 0.000103752003815316 0.000442906770331319
0.000190416832629126 0.000322567706461996 3.30656197547796e-05 7.69200923969038e-05 2.41263302086736e-05 1.64661193139182e-05 1.92610467820487e-05 6.51208247290924e-05 3.93849222746212e-05 2.61724025222065e-05 1.06498045624903e-05 6.75141409374191e-06 6.3306164520327e-05 3.96921274159467e-06 5.19334307682584e-06 4.15246158809168e-06 1.21477323773433e-05 1.07500784451986e-05 1.68858718097908e-05 6.51773211757245e-06 1.44426368933637e-05 7.64204535244062e-06 1.48338590406638e-05 1.75514544196176e-06 7.90448094676322e-06 9.03541189245516e-06 1.94345047020761e-05 3.0966354870543e-06 1.06738858448807e-05 8.71517054292781e-06 2.12514895338245e-05 1.11234097403212e-05 0.000100071096494503 2.63067000560113e-05 5.71312146348646e-05 3.79259206056304e-05 6.55991041639936e-05 3.46872462614556e-05 5.04635105244233e-05 0.000107812396890949 1.09965243154875e-05 2.4438437731078e-05 5.27970416442258e-05 3.48622058481851e-05 0.000191826781519922
3.22986374158063e-05 8.55632615639479e-06 3.95178887629299e-05 0.000116019724737271 2.65597758698277e-05 5.32831307282322e-05 0.000138968695682706 3.52791270415764e-05 2.57227963629703e-05 2.28422040891019e-05 2.1764631219412e-05 1.0699641256906e-05 3.75991981854895e-05 5.21096977763591e-06 7.17563101204632e-07 4.44962668098015e-06 1.12444245132792e-05 5.66824829775214e-06 6.23157297923171e-06 3.88384014513576e-06 9.21158421078871e-06 1.16478141990228e-05 1.8180822235081e-05 2.3792244383003e-05 2.13310524088683e-06 8.32365242331434e-07 2.32402091569384e-05 4.65828612504993e-05 1.77655452375802e-06 1.53977948684769e-06 4.6169439087862e-06 1.60832248980114e-05 4.69775828605634e-05 2.93753914775152e-05 9.32531122089131e-05 3.78936736524338e-05 1.8393490336166e-05 3.69957476323179e-05 0.000142518404391012 2.49255960170558e-05 1.5452115349035e-05 2.17496275581652e-05 2.69063405539782e-05 2.85155307210516e-05 3.27949542224815e-05
0.000169300273410045 0.000321595300920308 0.000370460106933024 8.99596019735327e-05 5.34938277269248e-05 7.77304761868436e-05 8.87897367647383e-06 5.41031080501853e-05 3.30283741050152e-06 4.99264615427819e-06 9.23221657558315e-06 3.52171178974459e-06 4.58271115348907e-06 3.33745667830954e-06 1.78947524318573e-06 6.2665279756402e-07 5.80496671318542e-06 2.35288799217415e-06 1.3092955441607e-05 1.69764878137357e-05 0.000386619076016359 6.02239062573062e-05 8.78682953953103e-06 6.45244075485607e-06 9.75279809267704e-07 2.73190434718629e-09 4.98530305037548e-07 1.54144878251827e-05 4.76565812590479e-07 3.83310949647608e-10 3.88518106575475e-12 2.05430114030847e-09 1.28848866552289e-05 2.36235859119915e-05 8.43429504584492e-06 9.88941162631818e-06 1.78089021119376e-05 1.39295724238764e-05 2.15806915548455e-05 4.09018628488411e-05 1.99241605059797e-05 6.10813491221052e-05 4.82402865600307e-05 4.76491537483525e-05 0.000101783023637836
5.51298913964438e-08 1.88424015050259e-05 1.0141631901206e-05 0.000170221166627016 2.93723507638788e-05 6.53410737868398e-05 6.15195574482641e-06 4.19272655562963e-05 8.39288855786435e-05 0.000109239898301894 1.07297655176808e-05 2.15527592786202e-06 2.80167033110956e-06 2.46439918214492e-06 1.12654829763414e-05 5.29283714740814e-06 1.45068910569535e-05 8.93983608420967e-06 1.02113422599359e-05 5.25767398357857e-05 3.56363485281008e-06 4.16955122872764e-07 1.17510190591474e-06 2.68048446230296e-06 5.70770896501926e-06 1.98892894331948e-05 2.15493751554163e-07 1.98295325937181e-08 1.72659737618375e-07 5.90784924270338e-06 5.47362355405312e-06 3.90393258271615e-06 3.82238209567731e-05 1.45548915952531e-05 5.75308018824217e-06 5.24943380924015e-06 2.39867914615388e-06 4.43598335095885e-06 2.73123234251216e-06 5.50709427216134e-06 4.99145622825381e-06 2.99257615665738e-07 6.73854099630944e-07 4.29138759372449e-07 3.95590470336771e-07
8.64373014337616e-05 0.000100200986707932 5.14854082211968e-05 5.80492125664023e-05 6.60843388686772e-05 1.35360313834099e-05 5.25263882082072e-05 1.61306704740127e-05 7.97167897417239e-06 1.84131457672265e-06 2.88454052679299e-06 1.21405643938033e-06 1.0344044244448e-05 5.73525700247046e-06 8.76936067015777e-06 2.30940600545182e-06 1.8336269761221e-06 3.20912744200541e-06 1.14395663331379e-05 1.64807174314774e-05 2.34667102283481e-07 3.8336794450089e-08 2.32995483202103e-05 1.64509585829364e-05 1.20524004614708e-05 1.88036788586032e-05 3.98174760448455e-05 2.59963847383915e-05 4.12661821428628e-05 1.68965111242869e-05 9.38745758958248e-06 8.49698951697064e-06 1.77539733158483e-05 7.09063588146819e-06 8.79437734511157e-06 9.14753609322361e-06 1.58934703051727e-06 4.34190870919338e-06 1.09264502498263e-05 6.75977669288841e-06 1.10715684968454e-05 1.3125400005265e-05 2.7094913193082e-07 1.21859070532082e-05 4.12301756114175e-05
0.00011439067639003 7.57205776608316e-05 0.00010798380972119 3.86697651265422e-05 3.5584272336564e-05 2.18404917177395e-05 1.7495967404102e-05 2.13963471651368e-05 6.61181825307722e-06 4.00844676278211e-06 4.17258517018126e-06 9.55976609020581e-06 9.33078244997887e-06 1.40688541421241e-06 1.59336427032031e-05 1.50393663886916e-06 1.86824489105675e-06 1.19824821467773e-05 1.03812208408272e-05 4.2183767448023e-07 2.46970704109728e-08 3.00915157254167e-06 1.91703893960948e-05 2.05129496862355e-05 2.48762467890629e-05 2.24247700316482e-05 1.75408810264344e-05 1.72920231761964e-05 1.44457012538624e-05 1.18080495894901e-05 1.14458422785901e-05 7.90453741501551e-06 5.27632402054223e-06 4.44503456265011e-06 9.71983795352571e-06 6.48163590994955e-06 4.42292777051989e-06 3.50577683434494e-06 1.21703298646025e-05 8.54904424159031e-06 1.86721503268927e-05 2.32692693316494e-05 8.92083626240492e-06 2.28406323003583e-05 4.89701237711415e-06
0.000206238824466709 0.000202338607050478 4.24316494900268e-05 6.84205138895777e-05 5.80145137064392e-05 3.60480950803321e-05 1.25546100662177e-05 3.82727323994914e-05 4.4740748080585e-06 9.97016252313188e-06 4.21338014575667e-06 5.59879539423491e-06 2.44531312318941e-06 4.37177102696751e-07 8.37687084640493e-06 4.17056440369379e-06 1.55025285039301e-05 1.19226669539785e-05 7.62282277264603e-06 1.28598846949046e-07 4.53100821573571e-07 1.34212658849719e-05 1.6343071774827e-05 1.57453553583764e-05 3.3653987065918e-05 1.67419479112141e-05 1.59430378516845e-05 1.5212412836263e-05 1.29764451685332e-05 1.05582581682029e-05 8.00743773652357e-06 6.42446848360123e-06 5.05083608004497e-06 5.56446968857927e-06 5.55954823084903e-06 2.74582552037828e-06 6.42149321947727e-06 3.93871883943575e-06 4.3680233716259e-06 1.5678687577747e-05 2.19409184865071e-05 2.2649128914054e-05 1.74955980583036e-05 2.31414965128351e-05 1.13944190616166e-05
0.000219944805576233 0.000119990953680826 9.9805308127543e-05 9.4662917763344e-05 1.91953026387637e-05 1.99795357275434e-05 8.54376726238115e-06 9.79961555458431e-06 5.87333662451783e-06 8.38888543057692e-06 6.37892781014671e-06 1.18681444973845e-05 2.99425612411142e-06 2.09880101920135e-06 3.9679483393229e-06 5.12758229831434e-07 2.75413372037292e-06 1.33637824433208e-06 5.04998564920811e-07 7.46164079146183e-07 9.84373489245627e-06 1.2225443697389e-05 2.71882591732719e-05 1.46026058700954e-05 2.67082573827793e-05 1.95719343082601e-05 1.38269253966428e-05 2.13341148537438e-05 9.63288121056394e-06 1.62987499152223e-05 5.36111830342634e-06 7.33158390175959e-06 4.06359480393803e-06 8.2063598597415e-06 5.75015936874479e-06 1.10433778672814e-05 9.24084351936472e-06 5.03354616512297e-06 1.13108910454685e-05 6.29095064823559e-06 6.91314552341282e-06 1.47084271702624e-05 1.81096302185324e-05 2.74093376447126e-05 2.48958619522455e-05
8.8767414126778e-05 6.12223126154276e-05 0.000206437683664262 1.40860898682149e-05 2.40851657508756e-05 1.85956100267504e-05 2.53756648362469e-05 3.78251038455346e-06 7.5855964269067e-06 2.58850897353113e-05 2.66776217472398e-06 1.53222173366885e-06 2.18899471065015e-06 6.73660387917607e-07 4.25297344719411e-07 1.55625076558863e-06 1.14371528525226e-05 2.01249824627325e-07 4.89090060451503e-08 3.76781202859888e-07 3.46097374972487e-06 9.08370241177181e-06 1.79163476786925e-05 1.42101233905123e-05 1.1496243109832e-05 1.10423316300512e-05 1.15519239670903e-05 1.95957252799417e-05 1.36768769834816e-05 1.70486286151572e-05 1.38178417500967e-05 7.71606610214803e-06 1.38222357008999e-05 4.48916873665439e-06 5.19455356879916e-06 1.15579045314007e-05 1.93044165257561e-06 3.48614852327955e-06 1.18795380785741e-05 1.38498854994396e-05 1.51065556110552e-05 8.03460657152755e-06 2.06110013095895e-05 1.2591820882335e-05 1.61150432631985e-05
6.74384666126571e-05 6.28923762633349e-05 5.70111160413944e-05 2.83699773717672e-05 4.39063611338497e-05 2.01002792437066e-05 2.74854406598024e-05 1.08909414166192e-05 1.09060672684791e-05 1.11949987626758e-06 1.57275156311698e-06 6.09477604029962e-06 8.0470181956116e-06 1.15673873040123e-06 7.7926940633688e-07 5.36149824537091e-10 2.22559814400114e-07 8.9862008678665e-07 1.46051607998743e-05 1.4011776102052e-05 1.51092049009094e-05 1.11642385945743e-05 3.5063248105871e-05 1.45930649523507e-05 1.19109010938701e-05 1.35652120434315e-05 1.45266034451197e-05 1.10567034198539e-05 4.53272645017933e-07 6.501025666239e-07 7.90433114161715e-07 6.18861751178201e-07 2.17770910694526e-05 1.81485001121473e-05 8.64472135617689e-06 1.03054828059612e-05 1.13029324495528e-06 4.41836248228356e-06 1.43074832976708e-06 4.06187461976515e-07 3.18609869509601e-06 1.83362179541291e-05 1.38636019983096e-05 5.32205916670137e-06 2.34885110785399e-05
0.000260531705862377 5.82338399908622e-05 4.99065587064251e-05 2.42137353779981e-05 1.04046179558281e-05 4.34345517533075e-05 3.27274942719669e-05 1.81459535724571e-05 1.61723566634464e-05 1.45903839211314e-05 7.34965317406022e-06 2.87384386865597e-06 4.29617517028191e-07 4.23833285800868e-08 2.53621366255175e-06 1.09414057476442e-06 1.83134695816989e-05 1.35198499947364e-05 6.1914241427985e-06 4.1706407955644e-06 2.46429602270837e-06 4.74572067332701e-07 1.13469552900369e-06 1.29822855342354e-05 8.47747344323579e-07 5.75942784735162e-06 2.74995608151585e-06 3.69810620526323e-07 5.37079188234202e-07 3.68795253535836e-07 1.6015783224077e-07 6.09099162574012e-07 5.45034365018182e-07 7.82546825917052e-07 7.8381150245832e-07 2.0112031336339e-06 4.41493657632464e-07 4.8994101504718e-07 2.86307630048555e-07 5.4023727642516e-07 1.17948902982334e-06 9.90431885838916e-07 1.08753283711849e-05 1.04365935840178e-05 2.15656556520116e-05
7.6231146522332e-05 7.0470694481628e-05 7.8415324605885e-05 4.40954561781837e-05 2.36355450397241e-05 2.09029354664381e-05 5.90388892760529e-06 7.42505389084158e-07 3.04180491905726e-10 1.1347238042525e-07 4.51344327245806e-07 2.11265836469465e-07 4.5415811428029e-06 3.0057556898555e-06 2.62234561887453e-06 4.98323094006992e-06 5.79560266089629e-07 6.61513793431823e-07 6.08818757541485e-07 7.1024624759275e-07 6.78652097008126e-07 2.20071756551476e-07 3.17879283073808e-07 5.44042055139471e-07 1.01751643057924e-06 3.25531510014798e-07 2.35216445076958e-07 2.14739884185633e-07 2.01493376827955e-07 1.85924253059966e-07 1.69435568686538e-07 1.20316787111108e-07 4.83017216197368e-06 1.84897891930547e-07 3.29216673122801e-07 2.11231506952458e-07 2.45923785691104e-07 1.17014825832484e-05 3.94700998285202e-07 2.20530179362299e-07 4.85617064782673e-07 3.73575118146618e-06 4.7163095686642e-07 3.16958753288077e-07 5.32231002381423e-07
6.8117924456601e-05 6.14953025433351e-05 5.6160539497796e-05 4.52154914455605e-05 6.44046464003622e-05 9.78016749286326e-05 7.95209820658727e-07 9.09254171954643e-09 4.75604912608674e-07 1.24083313153278e-06 5.24597824096418e-06 1.03179871302927e-05 9.69807788351318e-06 4.97399837513512e-06 5.54094140170491e-06 9.33380576384479e-07 1.46017407303134e-06 6.03390746789501e-07 5.88119003452903e-07 3.30662392045156e-07 6.64470125855132e-07 5.27049233767229e-07 4.4454628707058e-07 4.27151849891061e-07 8.73034055715038e-08 1.46689584035187e-07 5.56731551455414e-06 7.78971644521675e-08 2.20860188093752e-07 1.13367593090885e-08 3.15011308416047e-07 2.18749208258373e-07 5.2550508286231e-06 1.25281221530216e-07 1.18073330357404e-07 1.30199745429493e-09 6.254088069646e-09 3.99730873468229e-07 2.14129605602409e-07 1.83792020003182e-07 3.28292640716654e-07 3.18283065681157e-07 2.37677338610354e-07 1.24737740048175e-07 1.20647241708127e-07
6.79152002703631e-05 5.31793406480574e-05 9.1758882990689e-05 3.81961186576518e-05 6.11267116255476e-05 1.35232070626046e-06 1.59663012921918e-08 7.38217224807158e-06 5.11115970311948e-06 5.65017155906844e-07 3.12250102183498e-06 8.52180107813183e-07 3.39192834175606e-07 1.35909965308656e-06 1.60566025897424e-06 1.10886225854756e-06 7.30761553313641e-07 6.19008139324251e-07 1.20395763588022e-05 5.93112886235758e-06 7.3737579242561e-07 1.51390791991446e-07 1.7374273575399e-07 8.88575796276214e-09 7.20512151275443e-08 4.65362609447517e-08 3.24184967759322e-10 1.78260561867205e-09 2.80298747545871e-09 3.06598346710985e-10 3.33138783226161e-10 4.49390125112359e-09 6.96976876213284e-10 1.02334666629567e-08 2.27448913148187e-08 1.49363227341937e-08 6.54201804950461e-09 2.15676132508946e-08 2.2836936031112e-08 1.16596708949146e-05 1.14087674319308e-05 1.38627427404003e-07 2.71429202847173e-07 4.95585539539434e-07 2.74647690190477e-07
