Maxent_result_files_1/Bombus_portschinsky_3.asc
NCOLS 594 
NROWS 330 
XLLCORNER -15 
YLLCORNER 23 
CELLSIZE 0.166666666666667 
NODATA_value -9999 
[rows 300 to 319 of 330, columns 315 to 359 of 594]
4.72934247319756e-11 5.82723758135728e-11 5.48512124609601e-11 3.74014708093284e-11 3.345300703117e-11 3.34177241434475e-11 3.34588023953586e-11 3.60805052501689e-11 3.5936686959559e-11 5.27428323238155e-11 6.10376194032369e-11 6.50200560059488e-11 6.80997258584171e-11 7.2445727195003e-11 7.2613126622656e-11 6.87277235122963e-11 6.20494655656501e-11 5.96927729468177e-11 5.13278308744702e-11 3.86575993438498e-11 2.90732105057145e-11 2.78949863208311e-11 2.53049026177621e-11 2.14397499753716e-11 3.7582559286875e-11 7.58104912179647e-11 2.9203706120029e-11 2.814560806641e-11 1.90100823971306e-11 3.4349700861469e-11 8.14722733721851e-12 8.09958766723185e-12 8.76605454891433e-12 7.08177960717649e-12 5.83567638656746e-12 4.68138861009493e-12 3.03291836090125e-12 2.48182585593781e-12 2.125843945322e-12 1.54469770308197e-12 1.63117297447002e-12 1.34214861446935e-12 1.19353416039303e-12 1.0496714608621e-12 6.75282052498005e-13
3.77473385881899e-11 4.37287650534302e-11 3.7674352526551e-11 2.63657540244822e-11 2.30015229085723e-11 2.5315538554338e-11 2.32447061598862e-11 5.43272538067185e-11 3.49567486068736e-11 4.61508831151036e-11 5.56791723838046e-11 5.92978666169586e-11 6.35057451070509e-11 6.39990616058128e-11 6.36420693922446e-11 5.79708947512358e-11 4.95607110906349e-11 4.94535190576073e-11 3.44134165608523e-11 3.12847858729981e-11 3.04994696165295e-11 3.02766589577175e-11 2.80095613369724e-11 2.53794207871749e-11 4.07280098535523e-11 1.80640502556173e-11 3.07493697171424e-11 1.40511158264189e-11 1.1672662836304e-11 1.8809154234134e-11 1.56011203955586e-11 6.66660060488766e-12 6.79756251287245e-12 6.36471986226184e-12 5.32330846070295e-12 4.55554483025367e-12 3.28178595410122e-12 2.84143819584415e-12 2.05957473298213e-12 1.83343340509623e-12 1.57491797381226e-12 1.44467771079348e-12 1.14570575249218e-12 9.30722166003761e-13 5.67823565944536e-13
3.43959749571354e-11 2.91070501035051e-11 3.66359498293889e-11 3.55217077974146e-11 3.15309556242482e-11 2.67671218523446e-11 1.60239810309548e-10 2.27994179091695e-11 3.1592262139668e-11 4.25152357763636e-11 4.93168172965852e-11 5.05791186711235e-11 5.14190690026339e-11 5.18441067853814e-11 5.75203551456127e-11 6.8502603589593e-11 3.31878191595081e-11 3.66966457221451e-11 2.81142331637341e-11 2.834398271645e-11 3.10369174805203e-11 3.02887603886859e-11 3.16034309832958e-11 3.10061309960474e-11 1.62206281739685e-10 6.32722985116629e-11 2.01840988367508e-11 1.68143610146387e-11 1.43130396423885e-11 2.11569761709995e-11 2.17011963954405e-11 1.97339589114165e-11 6.38310515554963e-12 5.55091528298135e-12 4.77082817695873e-12 3.87592180572938e-12 3.09938741338556e-12 2.68655098167869e-12 2.27327046076198e-12 1.69467773147858e-12 1.4733658737498e-12 1.05607744771419e-12 7.58071383444303e-13 5.85653747720016e-13 4.8473447478159e-13
1.68239631115341e-09 4.35463554104842e-11 4.30247393268246e-11 3.80198872385051e-11 3.1545099865582e-11 2.86930146309317e-11 2.7581414929756e-11 2.80133360952561e-11 2.83878254236924e-11 3.54125839763242e-11 3.72683217619851e-11 3.61919050284598e-11 4.28728941237466e-11 3.60361296358747e-11 3.87747056684873e-11 7.35563610021472e-11 3.25753091168224e-11 3.12112002909259e-11 3.28629012891213e-11 4.1547010276588e-11 3.07043057645728e-11 2.83356116348443e-11 3.11004333397591e-11 4.27369917233023e-11 4.47133330361282e-11 1.18006981963958e-10 2.5044533114027e-11 1.8552170910624e-11 1.52654888729842e-11 2.43287723300512e-11 2.68565614192084e-11 2.43383535547537e-11 2.80398038121632e-11 1.00898067678656e-11 4.40901759546364e-12 6.17241813216651e-12 4.85371742797724e-12 2.51950682539359e-12 1.9903412251665e-12 1.55173651705809e-12 4.28811430808196e-12 2.65693023138169e-12 5.48694423230245e-13 5.51958478922643e-13 6.19160278603204e-13
3.72273695092851e-08 4.59196347613044e-11 4.52647586079991e-11 3.54097418053811e-11 2.98577496060659e-11 2.48847276118624e-11 2.27487917392466e-11 2.46602960274345e-11 2.78471246062395e-11 3.40053762926118e-11 3.27336935335154e-11 3.13036374599562e-11 3.70362851498385e-11 3.79773990033527e-11 3.32585958773279e-11 4.7539605585456e-11 3.20493187544457e-11 3.13324921563662e-11 1.3273631083166e-10 3.89338672412975e-11 3.14216319630134e-11 3.62361252115306e-11 4.40627645481584e-11 5.91503290792161e-11 4.18722834183427e-11 3.26945359674369e-11 2.45122699915612e-11 1.81473946980759e-11 1.02678976432458e-11 8.49031955851842e-12 1.95437555028377e-11 2.05683137188828e-11 1.62176716500539e-11 1.05644382131231e-11 9.01480001758159e-12 1.25361609981667e-11 4.52423654095924e-12 4.75575134828432e-12 1.66215929908731e-12 1.37003741684794e-12 1.09294795436199e-12 7.41628980449605e-13 5.73596725672587e-13 7.61046781150299e-13 7.26041449183867e-13
1.01491747050986e-07 1.48709797809232e-09 2.61788035693655e-11 2.29137486762454e-11 2.48343123843142e-11 2.70002353808252e-11 2.69785638273845e-11 2.56675347642954e-11 2.61873855933459e-11 3.32875615960404e-11 3.71505715079934e-11 4.79798201169501e-11 5.21070298020732e-11 4.49691506254624e-11 3.99005051221479e-11 3.7838188138295e-11 2.9179947347302e-11 2.48394527169182e-11 2.61815236157759e-11 2.97302293894575e-11 4.09985378979627e-11 5.3052184867397e-11 7.14657444333966e-11 7.28382909542802e-11 4.62079263741089e-11 3.30201532783292e-11 2.3240143143255e-11 3.20029780453979e-11 1.0849954268366e-11 8.32822699692315e-12 8.21628320935019e-12 1.61823554556406e-11 5.96273030950556e-12 1.65456426337585e-11 7.99265098549995e-12 2.93207680357455e-12 4.11016776169504e-12 1.60573776497586e-12 1.43576261990575e-12 9.73809921589463e-13 9.28312982040325e-13 6.41475761398169e-13 5.74740255387951e-13 7.27806703793021e-13 8.09263767109769e-13
9.45061033874595e-08 8.64867349958942e-09 7.75060016167117e-12 9.96780435968958e-12 1.4846146534353e-11 2.59993693241256e-11 3.03831404480093e-11 2.69751887493896e-11 2.65075628114175e-11 3.1263502897616e-11 3.24637650095383e-11 3.49757778295157e-11 4.1438263931326e-11 4.19377088611839e-11 3.42328165814365e-11 2.97405100546655e-11 2.09481876289885e-11 1.8149248770527e-11 2.90064749997043e-11 4.24844492918908e-11 4.19059786871401e-11 3.63997831875906e-11 3.49987594461254e-11 4.75303019165096e-11 4.08242661897873e-11 2.38512765093901e-11 2.82496470660476e-11 3.15566461850381e-11 1.61644808649442e-11 1.08292042000357e-11 8.42537151157785e-12 7.61900542656235e-12 1.18298260076699e-11 9.49201828248647e-12 6.22355500468075e-12 2.19589901817585e-12 1.50739420945456e-12 2.48733256213995e-12 2.18089990511316e-12 3.19272386306579e-12 6.39521768874829e-13 5.50082202011026e-13 5.76161340859471e-13 7.3515638021604e-13 8.2261975009601e-13
7.32583307350154e-09 3.27261205024243e-08 1.60275237526264e-11 8.84186057703573e-12 1.38478117861496e-11 2.10434447645014e-11 3.12321390971704e-11 2.98718161317879e-11 2.7510271838338e-11 2.795309539394e-11 3.3740554794548e-11 4.03535316273462e-11 3.42194161895293e-11 2.89024248978365e-11 2.67281419219501e-11 2.47948694909184e-10 1.83459580860301e-11 1.72686198673944e-11 2.73846945120226e-11 2.86578871744325e-11 2.84365753167037e-11 2.14203987880524e-11 7.37734540123824e-11 5.42916711587793e-11 1.56251900307325e-11 1.15776166431658e-11 2.3211244037924e-11 2.60031218779488e-11 2.15010009796401e-11 1.4407963710994e-11 8.65808535976953e-12 6.23899820695328e-12 1.00748853704147e-11 5.36840571996322e-12 2.77029510442617e-12 6.54498677477022e-12 4.89389639923843e-12 1.28771437957198e-12 3.78107545273565e-12 1.48282497391961e-12 1.97751814923208e-12 5.19206899696201e-13 5.87896398229759e-13 6.98197055726268e-13 8.34954327899595e-13
2.30237973131153e-10 1.89722232368794e-09 5.0454885824891e-10 2.5578428264339e-13 1.74386061146947e-12 5.54687407117171e-12 2.21988316617683e-11 2.98695734812782e-11 2.79926859469981e-11 2.62762589464671e-11 2.61260679756958e-11 3.47761819341486e-11 3.41128014724745e-11 3.44563155785238e-11 1.05431130492661e-10 5.70569691493716e-10 3.41636052780814e-11 7.47329842454292e-10 1.12609699343125e-11 1.01999297896782e-11 1.57032831182846e-11 1.87323601075207e-11 1.21282539566892e-11 1.10682130127771e-11 6.67159660849848e-12 6.19719831007615e-12 1.21386789508904e-11 1.37957423262947e-11 1.69878666689272e-11 1.22556520487649e-11 9.55715506734123e-12 6.73477940082989e-12 4.90637530603522e-12 4.62999638628503e-12 6.78833655953781e-12 3.14520631761184e-12 9.59894386198812e-12 4.64810412381667e-12 7.72293340389751e-13 5.90216764351226e-13 4.26580992751724e-13 5.27400345617934e-13 5.5516702346381e-13 6.93745061397522e-13 8.20310486204789e-13
1.28075328120758e-12 1.14974696430181e-13 1.15951692691851e-13 7.62301333168125e-13 8.90398865749376e-14 2.804867449413e-13 7.27276017187251e-12 3.45396489187522e-11 3.16106918418768e-11 1.77131975753753e-11 1.12466813639855e-11 1.42291067817268e-11 2.6289281862546e-11 1.15945553158525e-10 7.3622905105708e-09 2.0633895925215e-09 4.14990486419242e-11 1.25976562515007e-11 1.03426267550333e-11 5.69114755322175e-12 7.4079742340416e-12 8.07403033320497e-12 1.19434573342403e-11 7.51209094929095e-12 4.84546847090428e-12 3.58724161486634e-12 3.79904996350433e-12 7.64016627741171e-12 8.13478173711246e-12 2.80028555899037e-11 9.97806282043712e-12 6.60687060616283e-12 3.46097595027572e-12 3.02876612678915e-12 2.65697797097175e-11 5.2692405994037e-12 2.7512436773236e-12 1.56132884399085e-12 2.16492379578881e-12 4.72866190648347e-13 5.10191888736244e-13 4.3230974355879e-13 5.49116307979602e-13 6.4002136923591e-13 7.02660152285262e-13
3.0931812666779e-12 2.31939545347615e-10 6.71316335854044e-12 2.8066438062524e-14 1.32116539930394e-14 7.70716823694784e-14 4.92167862020665e-11 4.07814892966485e-12 9.75410863190973e-12 1.10611630965707e-11 7.76335662422412e-12 7.20667969744682e-13 2.08932871004208e-12 1.91417437456209e-11 3.48975792707762e-10 1.42973780148381e-08 7.11720127277715e-11 5.82859316367035e-12 3.95306010148033e-12 3.6288305693688e-12 2.22467599897413e-12 3.31702443290283e-12 5.25258725403432e-12 2.58333354707929e-12 2.24669172155245e-12 2.25210960991262e-12 2.43361997220859e-12 3.21909165990064e-12 2.49906761951024e-12 3.87684329083982e-12 3.10566017347469e-12 2.17078577335883e-12 2.48036036154531e-12 2.38101760530185e-12 1.90291116197727e-12 3.74861253149561e-12 4.08982847588391e-12 6.1090688063814e-12 2.34973152046791e-12 3.00273139686169e-12 2.78326250935379e-12 4.27990975992998e-13 4.30833146936038e-13 3.60927954190515e-12 6.28256335843957e-12
3.22986082323951e-13 1.55055072115218e-09 1.48511891673309e-10 7.27529148036865e-14 2.98527869091458e-13 1.2214673716926e-13 3.37962990926144e-13 1.11747278097596e-12 1.34899647008524e-10 7.12219172527284e-13 5.80686609907843e-12 1.05682129714069e-13 3.9341863100617e-13 1.15217717588934e-09 2.41799590239289e-08 1.2892687661914e-08 7.96420707160905e-12 4.10651512794402e-12 1.67925673366653e-12 3.85889098453163e-12 1.32100996808049e-12 1.56535895357024e-12 1.4344081478157e-12 1.0205059020052e-12 1.24015242519704e-12 3.10161896166505e-12 1.19091403405491e-12 1.37678757283766e-12 1.38665745552657e-12 2.1618262735501e-12 9.37261379618803e-13 7.86903875393818e-13 1.68050018345411e-12 1.19401155629362e-12 1.78069781142653e-12 1.45792267147726e-12 4.39538405672124e-12 2.22130092097927e-12 4.41287006935909e-12 3.892586253329e-12 2.484223937671e-12 4.07274214353492e-13 3.27982085934764e-13 8.97482088646484e-13 3.79003495254437e-12
4.82613948804556e-14 6.28673779701217e-12 6.4416150191704e-11 5.01076957704072e-13 3.45279360658424e-15 2.37707631356443e-12 5.76043657218861e-12 6.94374557852484e-12 1.58879354117403e-11 8.51383408217998e-12 9.32476318382669e-14 7.47291117875193e-14 2.04847250273588e-13 7.51183837355285e-10 3.38557219148328e-08 1.38011259420701e-08 1.54929735707299e-11 2.60499399828973e-12 1.24062982109763e-12 8.765543846323e-13 8.37496738625987e-13 7.05413505386332e-13 6.73383571125896e-13 7.74613706511218e-13 1.52945434095386e-12 2.25790497410117e-12 7.23066051477872e-13 5.05073760592722e-13 1.55416790548202e-12 1.19215748384249e-12 5.20772314160922e-13 4.26669810593694e-13 6.32782715115354e-13 9.31010823990164e-13 6.56064091941744e-13 1.87813098406764e-12 1.59334767602104e-12 3.84249299045791e-12 5.61128921106047e-13 6.25621776606522e-13 3.26201288203265e-12 3.52851081686367e-13 3.98014954328119e-13 4.07474054497925e-13 3.72168962314845e-13
6.08402217494586e-15 8.12683254025615e-15 4.45199432874688e-15 2.96429547574917e-15 3.67483821150927e-15 1.55431223447522e-15 6.01740879346835e-15 7.04991620636974e-15 7.34967642301854e-15 1.23145937891422e-13 1.80544468264543e-13 5.17463849547539e-13 1.07802655691103e-13 2.32937835686897e-10 1.83750914484193e-10 1.28115629216552e-10 3.7305603051152e-12 2.02124983417207e-12 1.27103882974211e-12 6.83431089498754e-13 1.25767174452562e-12 7.76256836587663e-13 6.44362341262195e-13 5.41144906662794e-13 1.61954893940219e-12 1.59936508481451e-12 3.19022586126039e-13 2.35367281220533e-13 2.44793074699601e-13 2.78677081411161e-13 2.21322959959025e-13 1.63424829224823e-13 1.56097357262297e-13 2.44781972469355e-13 3.42026407196272e-13 4.59821070109001e-13 5.47772938119806e-13 5.47895062652515e-13 1.27355903600801e-12 6.22324414223385e-13 4.76041428498775e-13 3.3003599853032e-13 3.56081830688026e-13 3.46933592965115e-13 4.11692901991501e-13
2.24265050974282e-15 2.08721928629529e-15 2.25375273998907e-15 1.37667655053519e-15 8.43769498715119e-16 8.65973959207622e-16 1.36557432028894e-15 1.14352971536391e-15 3.31956684362922e-14 4.1365000313931e-11 6.47246700680171e-12 1.9719781363392e-13 9.28812582401406e-14 8.55326920401467e-13 3.0251072757892e-09 1.85137780994715e-08 1.04488023788818e-09 4.1683212437249e-12 1.98360217140703e-12 1.31612498677214e-12 9.90119097821207e-13 1.8357315667572e-12 3.60647067765285e-12 5.95223870192285e-13 5.82023318429492e-13 3.67994523742254e-13 1.95210514419841e-13 1.72928338315614e-13 3.0320190802513e-13 1.66078262253677e-13 2.82562861997349e-13 1.08923980945974e-13 2.27218244219785e-13 5.23003862440419e-13 4.61919391625543e-13 5.99276184232167e-13 7.42306216494626e-13 6.62381260951861e-13 5.23747711866918e-13 1.02539088331355e-12 1.49142920236045e-12 7.98294763626473e-13 4.05886435572711e-13 3.82671672127799e-13 4.66027216816656e-13
4.6296300126869e-15 2.77000644643977e-14 6.19504447740837e-15 1.16240350678254e-14 3.44169137633799e-15 9.2148511043888e-16 8.43769498715119e-16 7.7715611723761e-16 4.48530101948563e-15 5.7683935406061e-11 7.56627316356173e-11 1.17563736523607e-12 4.54696169605029e-11 1.43901879301467e-10 5.79339681783253e-09 7.36493601660726e-09 5.76933167906191e-10 9.12181441492521e-13 1.28798083309789e-12 1.87392323880431e-12 2.14865902847805e-12 1.23910881555389e-12 9.83380044061732e-13 4.69502214883732e-13 5.23625587334209e-13 3.53173046363509e-13 1.46671563783229e-13 2.69972932898099e-13 6.82331968704375e-13 4.3239856140076e-13 3.75621755921429e-13 1.47115652993079e-13 1.69897429458388e-13 3.02169400612229e-13 5.04007946489082e-13 7.89612819573904e-13 3.58606477846024e-12 9.57078860608362e-13 7.08777481150946e-13 4.28068691604722e-13 1.42639233757791e-12 2.14650519581028e-12 9.22140142023409e-13 4.48374670725116e-13 4.54647430814248e-13
1.75415237890775e-15 8.52318216004733e-14 4.22639701014305e-13 1.89470661382529e-13 1.96509475358653e-15 3.15303338993544e-15 5.82867087928207e-15 1.15463194561016e-15 9.7577501634305e-14 4.62064497774861e-11 3.41308759033154e-11 1.53033141714332e-13 2.9710911508829e-11 5.19539966603588e-13 3.41167649686724e-10 4.77397099629684e-10 9.73754410438232e-13 1.64590563400679e-13 1.78412840057263e-13 6.78990197400253e-13 1.99877892015365e-12 9.65283408760342e-13 6.15574258233664e-13 2.74602562910786e-13 2.38586927991946e-13 3.56736862272555e-13 1.74993353141417e-13 2.03437267032314e-13 2.66286992456344e-13 4.94282392793366e-13 1.35069733175897e-13 1.17983400826915e-13 8.99835761458689e-14 2.4811264154323e-13 3.01492164567208e-13 8.35720381786587e-13 9.13058517681975e-13 1.08427711253967e-12 7.48467954281296e-13 4.82747175567511e-13 1.0304201936151e-12 1.38425937379338e-12 1.81159531820185e-12 4.780398299431e-13 4.35229630113554e-13
9.2148511043888e-16 8.32508506576346e-12 8.10943534546027e-12 1.11133324764978e-14 2.61346499996762e-14 1.29452004671293e-14 4.7839510131098e-14 7.02129465679491e-12 2.22710738739806e-14 3.24515969651884e-12 6.08042505234607e-12 2.08943973234454e-14 3.43409300995745e-11 6.07673578123524e-11 2.09977479848078e-11 1.83097981221181e-13 1.37456712678841e-13 6.26720897400901e-14 5.52002887843628e-14 1.46971323999878e-13 6.32194296912303e-13 9.38460420485399e-13 3.88655774230529e-13 2.07300843158009e-13 2.08888462083223e-13 2.55417909045264e-13 1.93778326718075e-13 1.11710640737783e-13 9.52016243616072e-14 2.12074802163897e-13 9.44910816258471e-14 1.61204383175573e-13 2.45037323765018e-13 2.60147459130167e-13 2.66042743390926e-13 7.25741688967219e-13 7.57127693873372e-13 3.16895398810857e-12 4.73221462016227e-13 4.58866278307823e-13 4.14468459553063e-13 5.30497867856639e-13 3.92141874527852e-13 9.21729359504298e-13 4.74331685040852e-13
1.69864122767649e-15 3.1936620015216e-11 9.77203873375743e-12 9.771072839726e-14 4.98490138056695e-15 2.28206342711701e-13 5.80357983892554e-13 1.75481207342898e-10 2.45576892154986e-12 1.63757896132211e-14 5.21804821573824e-15 1.39221967287995e-14 3.61299878903765e-13 2.85997892035539e-12 6.94269197687447e-11 6.73572309040083e-14 4.28213020597923e-14 3.06976666308856e-14 4.0423220326602e-14 4.52304860232289e-14 2.40429898212824e-13 5.71742653221463e-13 7.96285259951901e-13 3.01736413632625e-13 1.95832239313631e-13 1.77369230414115e-13 1.7071899449661e-13 6.14730488734949e-14 4.55080417793852e-14 1.2436718321851e-13 1.25921495452985e-13 1.44562140036442e-13 5.76927394746463e-13 1.9835244557953e-13 1.96951344122454e-12 3.64042129774589e-13 7.06357194957263e-13 7.47835127157259e-13 4.52904380665586e-13 3.95861121660346e-13 3.51063622616721e-13 4.32076596723618e-13 3.83604259468484e-13 3.28626015289046e-13 4.42079706175491e-13
4.77395900588817e-16 3.87578857896642e-14 1.09579012530503e-14 1.0902390101819e-14 2.4535928844216e-15 1.99840144432528e-16 1.67643676718399e-15 1.47626355584407e-13 1.6914369904697e-11 1.62758695410048e-14 6.3726801613484e-15 5.14255305006372e-14 2.87436741075453e-14 1.62980740014973e-14 5.76740877278326e-12 5.33684207937313e-14 1.00364161426114e-14 1.33115740652556e-14 1.05582209641852e-14 1.67310609811011e-14 4.34985381048136e-14 2.14606110660043e-13 8.73223715558424e-13 5.38280531259261e-13 3.46878081813884e-13 1.90558679946662e-13 8.43436431807731e-14 8.02025112989213e-14 5.04041253179821e-14 6.80455691792758e-14 4.95714580495132e-14 1.99296135150462e-13 5.20709031448519e-12 3.59179352926731e-13 4.44189129922279e-13 5.1583182170134e-13 1.11238795952318e-12 1.80268022731411e-12 4.40747438545941e-13 3.6427527660976e-13 3.58613139184172e-13 4.01667588079135e-13 3.74478226206065e-13 2.94586577354039e-13 3.09285930200076e-13
