Maxent_result_files_1/Bombus_flavidus_2.asc
NCOLS 594 
NROWS 330 
XLLCORNER -15 
YLLCORNER 23 
CELLSIZE 0.166666666666667 
NODATA_value -9999 
[rows 160 to 179 of 330, columns 90 to 134 of 594]
0.00653744456358254 0.0273375239223242 0.0071057076449506 0.0109620837960392 0.00162898198759649 0.0117619588272646 0.00441010599024594 0.0147998272237601 -9999 -9999 -9999 -9999 -9999 -9999 -9999 -9999 -9999 -9999 0.00389366933959536 0.00234277555719018 0.000983311510935891 0.000861833311500959 0.00184282804548275 0.00100814614124829 0.00107010482315673 4.75059789798782e-05 0.197723304480314 0.0638956358656287 0.106701767444611 0.0276584623381495 0.0637756980955601 0.54146645963192 0.0977219186723232 0.0672802738845348 0.00492618014104664 0.0570067631080747 0.195244710147381 0.0144230004865676 0.00858310319017619 0.0148060176987201 0.274608682096004 0.153653276152909 0.351765946298838 0.511941789090633 0.0751513082534075
0.00542257315537427 0.00777722006314434 0.00145675726980699 0.00107626862882171 0.00117026120060473 0.00152653296681819 0.00224833659594879 -9999 -9999 -9999 -9999 -9999 -9999 -9999 -9999 0.0065936092287302 0.00200376395368949 0.00132666890422115 0.00121673295798246 0.00149834363546688 0.00122048878401984 0.000762364281399641 0.0166940574534237 0.000664532249356853 0.0027404522348661 0.0186477690935135 0.0153580383164808 0.00564303303835914 0.00973232062533498 0.151660761237144 0.0131374836433679 0.54183603823185 0.298135630786419 0.242019204050302 0.0588232409209013 0.00913731679320335 0.00262716748402454 0.00544762655626982 0.00356946148676798 0.0035372695478145 0.0151991041377187 0.44855567663908 0.407382536679506 0.0587899290025234 0.0443767974153161
0.000734876522983541 0.000525933709513993 0.00147254074254306 0.00189553186064586 -9999 -9999 -9999 -9999 -9999 -9999 0.00247941033449024 0.00544143912266009 0.00140160612791078 0.00155734180880245 0.00133127968001645 0.0127047288544418 0.00132840499136364 0.00111414572020294 0.00100093160872348 0.00120608100842219 0.000781141531479079 0.000728218788572121 0.000634168012766168 0.000996786274481565 0.00220505017205141 0.00391668520169333 0.0361271153204143 0.0118872128427029 0.0188288688659668 0.00193042218743358 0.00124581103154924 0.00282257625367492 0.0152655680663884 0.523865488171577 0.0221752310171723 0.00972917152103037 0.0307693452574313 0.00842118097934872 0.00676169360522181 0.00149447790463455 0.00716664205538109 0.0834999649319798 0.161260709352791 0.0363887241110206 0.0207678346894681
-9999 -9999 -9999 -9999 -9999 -9999 -9999 -9999 -9999 -9999 0.00180892668577144 0.00139277341659181 0.00157709590130253 0.00198331433348358 0.000820630931775668 0.00212709796614945 0.00126609345170436 0.0012747295666486 0.00222609821648803 0.00189771876903251 0.000731919773534173 0.00104668681742623 0.00118375419988297 0.0020953101105988 0.00293654087581672 0.0160240648780018 0.54268964342773 0.0458396382629871 0.0074052203213796 0.00278449210163672 0.00168790447933134 0.00157358190481318 0.00140188964869594 0.00386373627698049 0.0319418192841113 0.0169377806829289 0.740418446063995 0.952886390686035 0.690653325617313 0.00186631590186153 0.00053947410924593 0.0146002472378314 0.0932328377151862 0.193605844303966 0.058330968208611
-9999 -9999 -9999 -9999 -9999 -9999 -9999 -9999 -9999 -9999 0.00938051188168174 0.000940556869318243 0.0135792438028147 0.0121860518098401 0.00162072742969031 0.0119817028753459 0.00173334624560084 0.00208975905552506 0.00446053975028917 0.00122111972450512 0.00182442612422165 0.00214549923548475 0.00422550023649819 0.00438338829553686 0.00721988118020818 0.00907217704225332 0.00981677490053698 0.011337620858103 0.00706693077227101 0.00675192048074678 0.0062615193426609 0.0182093758136034 0.0590274525806308 0.632237434387207 0.124646967276931 0.558115473389626 0.795778715610504 0.417971050739288 0.288138819485903 0.429510694742203 0.335750579833984 0.276293921470642 0.161813216656446 0.322622271999717 0.118239532411098
-9999 -9999 -9999 -9999 -9999 -9999 -9999 -9999 -9999 0.00246516847691964 0.000578475299334968 0.00067912579033873 0.00110576407168992 0.00105511317960918 0.00219187731272541 0.00420525134541094 0.00355945808114484 0.0064229414332658 0.00977649809792638 0.005442946520634 0.0234725946560502 0.0820809867233038 0.0119017265737057 0.0579515857622027 0.0129405804211274 0.0636780012398958 0.494025968015194 0.0537180546671152 0.0543068101629615 0.516907657682896 0.0629304792732 0.0353314599953592 0.0478323588147759 0.2298752784729 0.324448142945766 0.308988012373447 0.395540010929108 0.0847278695553541 0.0869504746049643 0.0644923325628042 0.147438926994801 0.144497596472502 0.112112905457616 0.228443650901318 0.0536615102551877
-9999 -9999 -9999 -9999 -9999 -9999 -9999 -9999 -9999 0.00294210564752575 0.000814535057725152 0.000879255431209458 0.000635007793243858 0.0121425894685672 0.00249717925325967 0.0384840086655458 0.00611792202107608 0.00530705465353094 0.00716675773728639 0.00646165953949094 0.00803577121114358 0.00778427242767066 0.193675480037928 0.0190915121231228 0.0479505356401205 0.0313586149830371 0.0605558263137937 0.130218683183193 0.287152054905891 0.304059506952763 0.415970078110695 0.399594320356846 0.500739362835884 0.302324975281954 0.429568558931351 0.164870996773243 0.0787111517041922 0.0397933404892683 0.0609552416950464 0.0472291495651007 0.0414429752156138 0.0271001950837672 0.133064433187246 0.0572504075244069 0.0266194332391024
-9999 -9999 -9999 -9999 -9999 -9999 -9999 -9999 0.00341676701791584 0.00066907156506204 0.00109821103760623 0.00314235063269734 0.000992080442665611 0.0191164346484584 0.00288584046356846 0.00587932236958295 0.0842653665808029 0.009049086534651 0.00854895045631565 0.010031452239491 0.0142388373846188 0.0140586666879244 0.0446595407091081 0.0403840370941907 0.498980578780174 0.486150678992271 0.968721514940262 0.477319371700287 0.710108029842377 0.606876447796822 0.492970269918442 0.482072207331657 0.49971861988306 0.257393696904182 0.13364325389266 0.0270876935683191 0.0459723591804504 0.0323049115948379 0.0433565860614181 0.0262835945002735 0.0160117288120091 0.0195757579058409 0.117501171678305 0.105753394961357 0.184558671712875
-9999 -9999 -9999 -9999 -9999 -9999 0.00292246506433003 0.00132226422356325 0.000991442125086905 0.0016234932190855 0.0104524596692499 0.000826707718806574 0.00134022425336298 0.00412431941367686 0.00444522062898614 0.0636969572049566 0.00664938495319802 0.0122397909581196 0.136822767578997 0.0253711054567248 0.018670563318301 0.0225420837523416 0.0195479370187968 0.0241362041328102 0.184450557082891 0.371277159452438 0.62159426510334 0.613716155290604 0.468700525164604 0.481790688633919 0.609279835224152 0.51962004005909 0.461739407479763 0.0704584708437324 0.0187083155848086 0.0124656685627997 0.0369700246490538 0.0497840739786625 0.052438529394567 0.0284510035067797 0.0606623988598585 0.111189762502909 0.120389915257692 0.40393680036068 0.108235114440322
-9999 -9999 0.00123079977638554 0.000833437946130289 0.000950606870901538 0.0132247302462929 0.0122665350314492 0.00115043542100466 0.00104305904023931 0.001107866311213 0.000998004717257572 0.00122296137924423 0.0021456629227032 0.0470629836025182 0.0594708155083936 0.0907513651414774 0.112623956718016 0.0106598764454247 0.0161325658671558 0.0202545206760988 0.0228917400119826 0.152084409748204 0.0104956871073227 0.00611632984655444 0.0121437834342942 0.0751113753765821 0.0982531175017357 0.0119387470185757 0.144724810123444 0.46672531068325 0.270514839887619 0.137287233769894 0.0489882715046406 0.0214473196305335 0.038130631390959 0.0061343805398792 0.0210200385190547 0.0576516181230545 0.0564801536500454 0.125420423597097 0.254606579244137 0.0161101312376559 0.040131220035255 0.104532895982265 0.1979263484478
-9999 0.00119735926709836 0.0124500189442188 0.00102751816812088 0.00209795579576166 0.000865488857016317 0.00169106364483014 0.0113295249000657 0.000917729623324703 0.00128850373803289 0.014525867375778 0.0014684022666188 0.0348759026644984 0.0561845766205806 0.00490812273346819 0.0981128712068312 0.00972548097197432 0.0179095653118566 0.0398158580996096 0.0656237415969372 0.320475696027279 0.0762359807267785 0.0542561791837215 0.0111557987867855 0.00994715095730498 0.150588920153677 0.015846659312956 0.00832197432173416 0.0760398328304291 0.0742655031383038 0.0429554803296924 0.00725664281053469 0.00786807348486036 0.0221543695777655 0.0191775404848158 0.00210147119069006 0.00462879647966474 0.0112577541731298 0.0140999973518774 0.0465487165376544 0.0388273980468512 0.0225416959263384 0.0196433965116739 0.0343812386505306 0.0723627466708422
-9999 0.00914714888203889 0.00104315992975899 0.00372436637117062 0.01060100577306 0.0477968382649124 0.250168338418007 0.000961963030567858 0.000818042759419768 0.00127972848858917 0.00164931746257935 0.00427141363616101 0.00415146173909306 0.00469224337721244 0.00848831675248221 0.0113490176736377 0.0339989559724927 0.628008152544498 0.0227191835292615 0.0314988308819011 0.0443946728948504 0.0461351081961766 0.0361761087086052 0.01504715209594 0.155513788154349 0.224048731499352 0.178992757829838 0.105191163020208 0.088999367505312 0.0165902562206611 0.0268935915082693 0.0164370425976813 0.00385153017705306 0.00103688428207533 0.0004605392627127 0.00665539028123021 0.0119161369744688 0.00541245125932619 0.0107794460840523 0.0202667062636465 0.0666774464771152 0.00950411534868181 0.0337449245154858 0.0398922893218696 0.0127112113172188
0.000742222960252548 0.00116452567090164 0.0123678269017546 0.000794921868873644 0.0012606859956577 0.0016386616131058 0.00680649224668741 0.00369630308123305 0.00815350516932085 0.0215760941515327 0.00265308058005758 0.0482703601534013 0.00408042802591808 0.00516395720769651 0.044147858582437 0.323256957530975 0.0235035007819533 0.0548893725499511 0.154326024651527 0.0429490998387337 0.0219096259970684 0.0222511156345718 0.0191900439443998 0.0158187654335052 0.00957995555363595 0.0157289837719873 0.0137600180285517 0.0560634782537818 0.0278777833562344 0.190628708899021 0.0510793218389154 0.0136488837655634 0.0730521004647016 0.0049918569624424 0.000780562710133381 0.00237068107817322 0.0780263507738709 0.0132420981070027 0.0173420463688672 0.00194130360032432 0.146282657515258 0.0860759572591633 0.0710562428925186 0.0131117215380073 0.00276390609215014
0.000741238376940601 0.00144000279833563 0.000853674978134222 0.000651638153431122 0.00101008351775818 0.00768990309406945 0.00156233584712027 0.000867768816533498 0.00212203038390726 0.00759737292537466 0.0114271351369098 0.0105009601684287 0.0198722904548049 0.195423004031181 0.0645293645560741 0.107603987678885 0.0190723933745176 0.0121526221832028 0.0195992726250552 0.166779721877538 0.0245092589175329 0.0323668709024787 0.0407885765656829 0.195076479762793 0.0411140518262982 0.00159077935022651 0.00211742313404102 0.00823886701546144 0.12001456299331 0.0911364136263728 0.0314397726207972 0.00233091157570016 0.00562914955662563 0.0101368320640177 0.00170245011540828 0.00425109934876673 0.0495721701532602 0.00560557096032426 0.00233743805729318 0.00291751480253879 0.00694220662117004 0.00129117597389268 0.00192081318527926 0.00100268167007016 0.0239315241575241
0.000852847971691517 0.00106413564062677 0.000978239980031503 0.000609253310176427 0.00075222731102258 0.00143278026516782 0.000639970733755035 0.000364734144568502 0.000978264574951027 0.00241766721592285 0.0136624149978161 0.0142109192442149 0.684417302161455 0.156114006135613 0.0986230308189988 0.170509858429432 0.0398508304264396 0.025948027567938 0.0128876149770804 0.00947889438248239 0.00935722478898242 0.00544500283431262 0.00978658290114254 0.0103107149712741 0.000955346461705631 0.000451658869860694 0.00031292377243517 0.0374329302285332 0.0944137122831307 0.0284358467906713 0.00793933934764937 0.000861248205183074 0.00107364997238619 0.000730787817155942 0.00426871341187507 0.00452866950072348 0.0185571391135454 0.00181318677423405 0.00110690300243732 0.000909906568631413 0.000991506268474041 0.0038561372552067 0.00228378344327211 0.0127486707642674 0.0103993045631796
0.00126286903832806 0.000664478864564444 0.00420142633956857 0.000847476578928763 0.00119919576391112 0.000770470809220569 0.000722417904034955 0.00123799246284761 0.0144740654155612 0.00432284138805699 0.119882638007402 0.0751772286370397 0.0448453541845083 0.206339034438133 0.386881055682898 0.3882124312222 0.216991067677736 0.0427987944334745 0.0090374214516487 0.0542316725070123 0.0316220113512827 0.00147268869623076 0.000911798124434426 0.00793113351683132 0.0115228404691152 0.000856047076376853 0.00945445478064357 0.00405589334550314 0.0063181992736645 0.00950110935373232 0.00512699708924629 0.000809887372452067 0.000341131033201236 0.000391381646477384 0.00164217348210514 0.00197252249345183 0.0204611553810537 0.0037932709150482 0.0019497041037539 0.0012992555522942 0.00199945978238247 0.0136082542594522 0.0020810688380152 0.0153825333341956 0.00224320094566792
0.00773793507833034 0.00645318221686466 0.00652706204818969 0.00272617431473918 0.00406500683166087 0.00512839454459026 0.00377985002414789 0.00648875101469457 0.0854237971943803 0.00434569838980678 0.00621445791330189 0.0430481413379312 0.0053864117275225 0.0585086072795093 0.117639839276671 0.136721634492278 0.0241928616072983 0.0164687464595772 0.00773236866807565 0.00376334640895948 0.0010942986846203 0.000301884164218791 0.000263179781359213 0.0033397809287635 0.000972023918438936 0.0180742420838214 0.00291236539342208 0.00463641003152588 0.0284470502054319 0.0281997232697904 0.00215923260257114 0.000359510623093229 0.000231460014947515 0.000323465901965392 0.000669701876176987 0.00354967513121665 0.0103364442940801 0.00468102301238105 0.00854973539244384 0.0137177587952465 0.00172484240902122 0.0129583010915667 0.0449911914765835 0.0613514877855778 0.0061942155007273
0.000625772301646066 0.00116336736973608 0.000594593587447889 0.00103221316021518 0.00218075175362173 0.00424804376089014 0.00678145347337704 0.121033706166781 0.00990175509359687 0.00443269283277914 0.0344132720463676 0.0407431554165669 0.00582382270076778 0.0066280210739933 0.0174544190056622 0.190090136229992 0.691477014124393 0.0358080027624965 0.0140508264303207 0.00327809925365727 0.000869895658252062 0.000313667241425719 0.00322936382563057 0.000519782871197094 0.00196160777923069 0.00314829707640456 0.00709141512634233 0.00717187496484257 0.00315001683775336 0.00360344692016952 0.000618534598470433 0.000331883668695809 0.000495855106419185 0.0013648977939738 0.0011434264597483 0.00302617653796915 0.00144279571541119 0.00921570095233619 0.00845032872166485 0.00354539112886414 0.0379062803462148 0.0511167865246534 0.0929023921489716 0.0750216778367758 0.0146398204378784
0.0043579257251622 0.00420392827554679 0.000404558724949311 0.000831539937644266 0.0257727822725428 0.00321729150309693 0.00489831715676701 0.0849192713270895 0.0861441054614261 0.0502375093870796 0.0234347256598994 0.0208501487053582 0.0328597942832857 0.0510612707468681 0.00551953692920506 0.0171613645623438 0.0772793676704168 0.00532072456553578 0.00469482075568521 0.00426578058395535 0.00208115452551283 0.00141156096142367 0.00192600055888761 0.0039483299216954 0.00502893586526625 0.00934645641827956 0.022426777286455 0.00361258765915409 0.00151955344626913 0.000439514955724007 0.000412857244373299 0.000522185476438608 0.00205504815094173 0.00240731100784615 0.00269638619502075 0.00576190777355805 0.00307091510330793 0.00552878932794556 0.0295191097073257 0.0210342919453979 0.0471250288188457 0.125387078523636 0.0769163336604834 0.0300345748662949 0.00412619834532961
0.000353707082285837 0.000461866344267037 0.0028296474047238 0.00685870721863466 0.00103178489443962 0.00139847517566523 0.0295895071147243 0.0026205633796053 0.00227829393115826 0.0508639650186524 0.0120080437642173 0.00101684555993415 0.00219167885079514 0.00976406722329557 0.0460659875476267 0.00425399995001499 0.0558153164573014 0.00524007632484427 0.00694332030543592 0.00637117010774091 0.0241302707698196 0.0104397299932316 0.00418594646907877 0.00886718704132363 0.0219413883518428 0.00842549361987039 0.0040932450996479 0.00404711662558839 0.00332140731625259 0.000355069401848596 0.00048293476793333 0.000882892112713307 0.00192959410924232 0.00182236110558733 0.0233114308677614 0.0175803408026695 0.0691431934945285 0.0180740451440215 0.0452316304668784 0.109255286306143 0.0887887731194496 0.595281049609184 0.379373149573803 0.0175929114222527 0.000896500225644559
