Maxent_result_files_1/Bombus_cryptarum_3.asc
NCOLS 594 
NROWS 330 
XLLCORNER -15 
YLLCORNER 23 
CELLSIZE 0.166666666666667 
NODATA_value -9999 
[rows 300 to 319 of 330, columns 92 to 137 of 594]
8.77248936825836e-09 1.0577927456179e-08 1.06428206692044e-08 1.06704059144036e-08 1.15348857687714e-08 1.38439843033744e-08 2.24284930072649e-08 2.574054260851e-08 1.58221256540969e-08 1.89360298441521e-08 1.05518247250913e-08 8.33039718317607e-09 8.72228436143985e-09 1.9988389643455e-08 1.68705114322876e-08 7.64383745188724e-09 7.80653779397511e-09 1.62900182121284e-08 3.7768445615427e-08 2.45418369626549e-08 3.31629976813019e-08 2.31538723527436e-08 1.68175720904884e-08 1.7160463416932e-08 1.59992061932179e-08 2.15393514579887e-08 2.59292933457722e-08 3.08042369279171e-08 2.93352756419729e-08 2.78853442670091e-08 2.25707106227269e-08 2.19896590825108e-08 1.89182406407085e-08 1.76677820928894e-08 1.8302313042895e-08 1.45538632478903e-08 1.52810328835074e-08 1.25030375053292e-08 1.32376765549225e-08 1.30857586211341e-08 1.38948020089735e-08 1.59047916059585e-08 1.9244108218075e-08 1.86111416722312e-08 1.77569459580695e-08 2.03535257647935e-08
8.48877992343233e-09 8.98559169293378e-09 8.67659138981125e-09 1.10187457380562e-08 1.21443210931993e-08 1.00903903121896e-08 2.04928055858034e-08 1.76440149046719e-08 2.78716299706439e-08 1.409735330693e-08 8.46006851240588e-09 6.65215647011053e-09 6.63375566700708e-09 6.99531883530113e-09 6.98332848214633e-09 6.54263719868098e-09 6.32320279470022e-09 9.35681379043984e-09 1.16065053012981e-08 1.45785156613343e-08 1.79823549939506e-08 1.5330071045927e-08 1.37283577950065e-08 1.39425303302687e-08 1.54582021960614e-08 1.70620097161844e-08 2.0808118139648e-08 2.43736371419168e-08 2.87897665374182e-08 2.64766497393154e-08 1.9752138102902e-08 2.06043094919117e-08 1.7825925102688e-08 1.95467167007912e-08 2.17283734560425e-08 1.62100973977175e-08 1.59097862773017e-08 1.37825052592966e-08 1.40368300094451e-08 1.45310354748851e-08 1.7027927778912e-08 1.90275249112304e-08 1.82978300844461e-08 1.74817424203333e-08 1.75129048707312e-08 1.95090489873984e-08
6.37924152391278e-09 8.15434915146795e-09 8.44251742959656e-09 9.33611373765686e-09 1.10834798117132e-08 1.26942284794929e-08 1.28127084053631e-08 1.26544412615281e-08 1.49672616300833e-08 1.05737576472364e-08 7.71423348533418e-09 5.66674039914616e-09 5.76443784927605e-09 6.25690127487033e-09 6.96301689639967e-09 6.0744683172409e-09 5.72478656701847e-09 6.92044505035128e-09 8.16474602371997e-09 9.24994795203915e-09 1.20534813130568e-08 1.24006338642069e-08 1.24816392110816e-08 1.33402372259894e-08 1.59864326332304e-08 1.76170052879066e-08 1.76090834358433e-08 1.89907127245981e-08 2.37004030290144e-08 2.3497562173791e-08 2.27433632149499e-08 2.17840332661368e-08 2.04341064402591e-08 2.03200281045923e-08 2.09138861784197e-08 1.69542176631232e-08 1.56823235952785e-08 1.42317948426118e-08 1.35078205509842e-08 1.37401275246418e-08 1.56877288381985e-08 1.60148754924094e-08 1.63288255028426e-08 1.91973856922267e-08 1.91832673412939e-08 1.80950912365141e-08
3.84092003757885e-09 4.71593315509722e-09 6.56454722802735e-09 8.82522099843186e-09 9.04705366178149e-09 1.16381934422982e-08 1.2382790259835e-08 1.26505264708143e-08 1.01333969548811e-08 7.76059474461022e-09 6.26037490736309e-09 5.24361523090988e-09 3.62947657484014e-09 4.31944574552645e-09 4.94796996708402e-09 4.42452244842073e-09 4.96550424111675e-09 5.80433502372912e-09 6.43267159539107e-09 6.87897813156368e-09 1.08142788945997e-08 1.15657234234234e-08 1.22958088932812e-08 1.36635797787221e-08 1.67381599802674e-08 1.77350694130496e-08 1.88778259357925e-08 1.81198646864722e-08 1.84365366973083e-08 2.43628849760924e-08 2.34877732152583e-08 2.56888920358023e-08 2.09960762220796e-08 2.04382924584579e-08 2.2380194075744e-08 1.80158627571814e-08 1.6157611926193e-08 1.46531025091434e-08 1.58735019462064e-08 1.45440817944653e-08 1.49864170628788e-08 1.65029064636002e-08 1.87769141013483e-08 2.05988501922327e-08 1.91586360553941e-08 1.66014331726139e-08
2.66758161115988e-09 3.25566423819978e-09 4.39494313164701e-09 6.56161809331479e-09 7.71802800558774e-09 8.28406833131012e-09 9.33158736948769e-09 9.5958607615465e-09 8.64418538970568e-09 5.82283539163342e-09 4.94725974631294e-09 3.57795651995119e-09 2.90058603802379e-09 2.93652453464688e-09 3.78273941059604e-09 4.1561165620152e-09 4.52878208268004e-09 5.58670485428792e-09 6.94417471303055e-09 4.71248348121733e-09 6.90555645999069e-09 1.03414180441241e-08 1.17364475027415e-08 1.51937829651061e-08 1.91669879745504e-08 2.03515734154003e-08 2.05020786681054e-08 2.03693080624845e-08 1.95918639644965e-08 1.92699571965882e-08 1.91136419247506e-08 1.86394626289221e-08 1.89524085980608e-08 1.95940206393352e-08 2.04164058548173e-08 1.6796293489385e-08 1.81097074003489e-08 1.95379620149261e-08 1.72792029795588e-08 1.63506905681565e-08 1.64643470301762e-08 1.91285799200358e-08 2.01114699893701e-08 1.98516023841577e-08 1.77574853377216e-08 1.59133713095727e-08
2.53374364822534e-09 3.16063313299253e-09 3.33131734420178e-09 3.77269523399448e-09 5.68495550634651e-09 7.82373059671215e-09 8.46228790374326e-09 8.1457960154907e-09 6.95863534572183e-09 5.63753361770836e-09 4.61261552286985e-09 2.93149688967986e-09 2.78973655287729e-09 3.22252168283299e-09 3.54707496708073e-09 3.99499362480071e-09 4.13937562004918e-09 4.29479205532601e-09 4.82327361384094e-09 5.39757480932934e-09 7.14556046554904e-09 9.60243488057344e-09 1.12345295288918e-08 1.49031051388526e-08 1.90918602815948e-08 2.08390427580696e-08 2.21364191532736e-08 2.25776432882796e-08 2.10853509208242e-08 2.03663527376108e-08 1.86137454893931e-08 1.82969992601478e-08 1.82026263506607e-08 2.20284338325882e-08 1.92182600278201e-08 1.76905087800883e-08 2.24834219020309e-08 2.32892477747271e-08 1.89626852442615e-08 2.28561745974076e-08 1.57905610365106e-08 1.76149447916885e-08 1.91460170273494e-08 2.04358716171527e-08 1.6858483864457e-08 1.58979559183869e-08
2.31133718830989e-09 2.91056602153006e-09 3.35243891536052e-09 2.96721388570731e-09 4.52243192894386e-09 7.18449445491487e-09 7.15104745419026e-09 6.77412612670736e-09 6.34208702221528e-09 3.74954970405739e-09 4.81408168884201e-09 4.03512647739746e-09 2.76914911001569e-09 2.78675580389631e-09 3.09395076225627e-09 3.04430556319346e-09 3.47803812417169e-09 3.75036407485041e-09 4.3697771068274e-09 6.03884869887494e-09 8.54073335387895e-09 9.53872897335728e-09 1.16720043852325e-08 1.42953155091163e-08 1.87696190812048e-08 1.89089657598451e-08 2.07091745751953e-08 1.95023541760264e-08 2.10723870686103e-08 2.09068281686875e-08 4.0225713526798e-08 2.04798729308564e-08 1.89764191360631e-08 2.66789934366685e-08 1.55091639419958e-08 1.72915036844579e-08 2.06759296128567e-08 2.18018971653855e-08 2.13667642023907e-08 2.21572327929742e-08 2.12942608990296e-08 1.59422026135836e-08 1.85233539506946e-08 1.63396656427395e-08 1.64580977179973e-08 1.62953438853641e-08
1.8991668904178e-09 2.23608788152418e-09 2.58797887564555e-09 2.9146680957659e-09 3.90264739413837e-09 5.6572393214438e-09 6.24827578565856e-09 6.66976662788699e-09 5.39700081292338e-09 3.24961674236235e-09 3.18087749473506e-09 3.36810054291092e-09 3.23971645066479e-09 3.02759886050552e-09 2.85109471587219e-09 3.08920701241888e-09 3.1773087938447e-09 3.814181726014e-09 4.02782361907938e-09 5.45865103118715e-09 8.74241695703049e-09 8.74432148911808e-09 1.02245130140233e-08 1.24992454497708e-08 1.32595544211078e-08 1.38284997674987e-08 1.65801573803748e-08 1.99036238934802e-08 4.25725321995252e-08 2.37545211279055e-08 3.73918978113785e-08 2.39149280156781e-08 3.77491606640135e-08 4.52763776692677e-08 2.36136248665808e-08 1.56391190553329e-08 1.83350997495779e-08 2.13672807003462e-08 2.37703935757061e-08 2.09524075756029e-08 1.99495120978277e-08 2.3742894406098e-08 1.62732639474861e-08 1.61316190294691e-08 1.91140956951052e-08 1.81851864455851e-08
1.807557037381e-09 2.1030348240636e-09 2.71825015829563e-09 2.93827921993284e-09 3.11565889754561e-09 3.4702300366618e-09 3.24091236070245e-09 4.14574029550252e-09 3.96351631515302e-09 3.58223495311449e-09 2.7525095980252e-09 3.1253235444062e-09 3.2102875691109e-09 2.87163239853783e-09 3.00661369134758e-09 3.17960885398705e-09 3.64077884507097e-09 4.97376264618765e-09 4.70752223868942e-09 5.61738187077054e-09 7.05443736759293e-09 7.20549898636236e-09 7.90621156321336e-09 9.02721672968454e-09 1.04892957764058e-08 1.06646400710453e-08 1.9106747117803e-08 2.51757915514794e-08 4.08843919386115e-08 2.24370518053796e-08 2.89183721191577e-08 4.28037406074999e-08 6.64848769149628e-08 5.45081430214367e-08 2.57842094453231e-08 1.93932587433387e-08 1.55901238807488e-08 1.80220208978454e-08 2.27274468800331e-08 1.98425739617036e-08 1.89971706920922e-08 2.92312037242226e-08 1.59697644774859e-08 1.65134079854745e-08 1.20667750791448e-08 1.29887874344981e-08
2.22369935798383e-09 2.42608774181363e-09 3.15251611482381e-09 3.01928195778345e-09 2.53441121422782e-09 2.84970287367514e-09 3.11576026090776e-09 3.23362936427429e-09 3.50583019281814e-09 3.7223665039221e-09 3.23018057857283e-09 2.76545393251837e-09 3.6571708994515e-09 3.77779347804363e-09 3.75916927586317e-09 4.15427166000626e-09 4.60434208537919e-09 4.78581927421118e-09 5.18099591007015e-09 9.81628234253407e-09 7.11094916283628e-09 6.94635488018847e-09 7.31207805415579e-09 8.74051212518268e-09 9.29085564038701e-09 1.02481365060747e-08 1.67681766582994e-08 2.29666188400479e-08 2.43276163436335e-08 2.18264338824881e-08 4.8702231258968e-08 6.31261497296975e-08 7.13112723982334e-08 4.4690678513426e-08 2.97185662967436e-08 1.94640807693602e-08 2.14434582090917e-08 1.34720989586334e-08 1.65570251176028e-08 1.77626571895573e-08 2.60168062649058e-08 3.68935156980221e-08 2.2139021693679e-08 3.63806214709328e-08 1.96671113950053e-08 1.52691891242007e-08
3.294411976551e-09 3.34488543529687e-09 3.14099841691728e-09 3.57014555696367e-09 3.55219849090815e-09 3.34409061553131e-09 3.17018411521985e-09 3.22267543761967e-09 3.14492105690789e-09 3.49070437000165e-09 4.18874560592641e-09 3.30432577966278e-09 3.489540767454e-09 4.15751139071219e-09 4.13958807232717e-09 5.44567100302373e-09 5.93310544028114e-09 5.79493548702459e-09 5.66859791328866e-09 9.67697174614202e-09 9.04241729271504e-09 7.31963063493879e-09 7.80039917103181e-09 8.49773625910544e-09 9.53318834984174e-09 2.89966782252016e-08 6.07731995394545e-08 2.57541825310348e-08 2.07632925519619e-08 2.08182662442269e-08 9.63546948895555e-08 5.08058997983341e-08 7.4756312606894e-08 1.01891866410853e-07 6.69278792608807e-08 4.3465095200812e-08 3.12729850682203e-08 2.44076548860939e-08 1.72248254548535e-08 1.72078550741972e-08 5.82233149470923e-08 5.61104365859322e-08 2.08514978394803e-08 6.44337300848008e-08 9.1831932724773e-08 3.75409749064914e-08
5.14623254010971e-09 4.68279734988641e-09 4.45391170611487e-09 3.97314439126717e-09 3.81122727821648e-09 3.51601810999469e-09 3.36628080965795e-09 3.44042396793753e-09 3.39721358821876e-09 3.9497584092274e-09 5.08944506538711e-09 5.02418182612985e-09 4.86873747984617e-09 5.00512560286381e-09 5.15943939793928e-09 6.15326326558474e-09 6.69593430702164e-09 5.99469354156668e-09 5.9338104763107e-09 1.1401272803635e-08 1.2153401185433e-08 7.37201486522565e-09 7.68026168218583e-09 1.08434888290709e-08 1.65432527010623e-08 2.94545746792885e-08 5.79719144688795e-08 4.5361388156806e-08 2.12232329932505e-08 2.14670006437601e-08 2.89371035577801e-08 3.68078462820165e-08 4.45083071176633e-08 5.44993240758629e-08 6.25627992967281e-08 7.71638637875327e-08 5.98917923255726e-08 5.70483327355653e-08 5.38575301911592e-08 5.74778265205467e-08 6.43219670415363e-08 1.12549779363036e-07 9.90971373848737e-08 1.23213295299962e-07 2.33875105770665e-07 1.1154609635966e-07
5.83067700787865e-09 5.51399246262463e-09 5.05210010492974e-09 4.28743439639945e-09 3.8328484497363e-09 3.45019709468986e-09 3.51755523597674e-09 3.49928654941323e-09 3.6630670052773e-09 4.5220521438516e-09 5.37262283550888e-09 5.17017094692207e-09 5.84471814280008e-09 5.49436742769416e-09 5.34656988682158e-09 5.93663334047534e-09 6.67270858567548e-09 6.32926585586446e-09 7.08262103410462e-09 1.09784195179152e-08 2.09302168263648e-08 1.00453162010794e-08 1.00810435110787e-08 1.89443750686635e-08 2.19392165989873e-08 6.40399596241181e-08 1.39904122065104e-07 3.26527558214273e-08 2.14006126819655e-08 2.38001165553392e-08 3.32182407469794e-08 4.90548592302353e-08 4.51785613142519e-08 4.87737884302675e-08 5.06830832969207e-08 5.91409275774168e-08 1.4302730186877e-07 6.70850513362353e-08 6.26228184419375e-08 6.24014670602691e-08 1.84748134834933e-07 1.2102231683464e-07 1.10753010718057e-07 2.14983145951919e-07 2.22038085695431e-07 1.55024364811851e-07
5.77450485206299e-09 5.1167397430163e-09 4.3633246460395e-09 4.34491522760538e-09 3.94950017135187e-09 3.4186113717638e-09 3.48429236574077e-09 3.77564145503939e-09 4.1316197685326e-09 4.78084742905338e-09 5.39151244760561e-09 5.48646528208963e-09 5.90515818466031e-09 6.40666156792591e-09 5.82686020544898e-09 5.86506826438793e-09 6.26812109993935e-09 8.32299790198832e-09 9.43999560742981e-09 1.0927813776096e-08 1.84345456899493e-08 1.40487701916214e-08 1.41572863987527e-08 2.33956446660244e-08 9.34743026981266e-08 2.87472065885197e-07 2.52476911200006e-07 8.26158682576406e-08 3.03242554511307e-08 6.5304902796548e-08 3.35242181015438e-08 5.09311841145887e-08 5.66686338743239e-08 6.65290051493628e-08 5.30459593250932e-08 5.11143515402601e-08 1.16057315446838e-07 1.68546040280049e-07 9.67306253540912e-08 8.34804511073983e-08 6.81246344669262e-08 8.32242005310846e-08 9.72331718251951e-08 1.00404063974047e-07 9.26809692769481e-08 1.11428403037905e-07
5.33066930596959e-09 5.07857875753359e-09 4.22863992710631e-09 3.66610514168642e-09 3.55129761153705e-09 3.39269001781162e-09 3.48156549145884e-09 3.45427242365304e-09 3.80711578928938e-09 4.41165248776798e-09 4.78363098022072e-09 5.44739120478255e-09 5.94869632442041e-09 6.1503465431656e-09 6.14128782272516e-09 6.52315946814142e-09 7.11126464381096e-09 9.38186426324705e-09 9.85804698983017e-09 9.74461183966824e-09 1.57682282342364e-08 2.42167157660234e-08 2.74671522526582e-08 3.53540663744489e-08 2.44143678074238e-07 2.90205526010112e-07 1.28946015376385e-07 4.21786080062603e-08 4.09767653919424e-08 3.92129983373124e-08 3.6404430303616e-08 5.63014812660079e-08 7.54180135675853e-08 6.66606525756563e-08 1.5770582590946e-07 5.34712801592008e-08 6.35588729425152e-08 8.38397980151839e-08 1.09033894846178e-07 1.61568336531914e-07 1.24869825812723e-07 1.21620484661022e-07 1.77320809413573e-07 1.76946732954875e-07 1.70004133037693e-07 2.69912267913952e-07
5.5336354831681e-09 6.02789183012931e-09 4.94173931775421e-09 5.29504933233227e-09 5.04990630423308e-09 3.90627298285651e-09 3.99425392760833e-09 3.64221058868353e-09 3.7296650767793e-09 4.14740232157484e-09 4.63132034944636e-09 5.34121779027785e-09 5.33880363251527e-09 6.05642017648122e-09 6.1760080605211e-09 6.56272914900669e-09 7.39115120218514e-09 1.11983121997561e-08 1.10905645889225e-08 1.12659561679607e-08 1.69755954293471e-08 3.14291777936404e-08 6.37174195627921e-08 1.10950140985722e-07 8.24865241444428e-08 8.54592945742638e-08 4.90073187253692e-08 4.04227344819041e-08 4.12450526066088e-08 5.04760821140593e-08 4.40070586082975e-08 4.21398575922716e-08 1.2615214308731e-07 6.8810990616619e-08 9.54496857552556e-08 6.26101355427622e-08 7.62504337448178e-08 8.82578645500232e-08 1.12271537755504e-07 1.44611992736188e-07 1.42160576555028e-07 2.21842460490507e-07 2.5953123019562e-07 2.03587735114752e-07 1.75735956364775e-07 4.79931708774473e-07
5.96407425668133e-09 5.73231223599535e-09 5.58864519106805e-09 6.11992994059563e-09 5.61271574772704e-09 4.46065477888169e-09 3.97417670994216e-09 4.07533170543317e-09 4.05149068738453e-09 3.9389734474149e-09 4.39561963494484e-09 5.25374600490736e-09 4.96409637840145e-09 5.75103680233724e-09 6.05939517450693e-09 7.37250658300326e-09 7.89972568471242e-09 9.23278570263975e-09 1.69548393214036e-08 1.17583519809727e-08 1.76983993460667e-08 3.06072703848415e-08 4.29769282384029e-08 5.99404794132674e-08 6.75146684114836e-08 5.08087628636744e-08 4.1453107746392e-08 4.12176677122567e-08 4.88862166636572e-08 5.81132737709211e-08 5.5502970075505e-08 3.56949828916875e-08 1.0479060805757e-07 1.42417906134895e-07 1.45628211978277e-07 6.16630200123147e-08 7.38871969163668e-08 9.1604880103624e-08 1.02510521982069e-07 1.37884245043907e-07 1.31259149327434e-07 1.33567852911298e-07 1.75854954642674e-07 1.35674473256131e-07 2.0245947247588e-07 3.75263157259553e-07
6.10547797874617e-09 5.76618461867184e-09 5.63873463477194e-09 5.35098704235182e-09 4.97387032671881e-09 4.33453185566535e-09 4.48189427793011e-09 5.01028679655846e-09 4.63686977703048e-09 4.17080817660675e-09 4.21565388153411e-09 4.58708157013987e-09 4.97596125415001e-09 6.08119310463451e-09 6.46311335561478e-09 1.76826060904745e-08 8.95504691511562e-09 9.46743995422494e-09 1.12965587550917e-08 1.32700249344531e-08 1.57756300689371e-08 4.4659073794584e-08 3.79505464165319e-08 4.35834585865713e-08 3.94832042061033e-08 4.51974178750092e-08 4.42251620103029e-08 5.01587793189096e-08 5.70551198508795e-08 6.45727471715318e-08 1.19760642736111e-07 4.92822125108816e-08 1.16876251166076e-07 1.12874291158249e-07 1.48030871116589e-07 7.66256135875665e-08 7.22117592388827e-08 8.00246039212027e-08 9.03272468821825e-08 9.88199003959522e-08 1.02961214820674e-07 1.51313954033228e-07 1.82853323638099e-07 1.51010399473961e-07 3.71734730464368e-07 3.3673224599795e-07
6.18571134314294e-09 5.89442991083544e-09 5.75806158309433e-09 5.1834151193475e-09 5.47730258926293e-09 5.20140294169025e-09 5.21051751745105e-09 6.4302130287075e-09 7.41429594386389e-09 5.62638522438874e-09 4.45315928576662e-09 4.86213990180673e-09 5.18123475234944e-09 7.10897541944533e-09 1.34770639870219e-08 1.88952822943733e-08 1.4449003771233e-08 1.06887934281374e-08 1.26425444224587e-08 1.4974075868146e-08 1.66525583655819e-08 5.33866015284268e-08 3.29243856511674e-08 3.39866079279716e-08 4.11470007399828e-08 5.29379576508227e-08 4.96027317886671e-08 5.25165549714046e-08 6.28714381001316e-08 7.44312021572213e-08 1.52483250293045e-07 5.67854731237105e-08 4.9779990007881e-08 6.78168622036957e-08 7.30824997408064e-08 6.59126672242216e-08 6.90035421024859e-08 7.12810619862836e-08 8.42685107249608e-08 9.10848729773761e-08 1.05144761253229e-07 1.56855772193154e-07 1.43638934391177e-07 1.39658895292882e-07 2.88453866570393e-07 3.3387499680515e-07
5.98607374779903e-09 6.04453214148037e-09 6.10511863285979e-09 5.72424867506527e-09 5.70441505143293e-09 5.88693477299174e-09 6.30961541903119e-09 6.27044807188781e-09 7.32853029372649e-09 7.30347664568143e-09 5.93968010331736e-09 5.70188225523793e-09 5.87824532383152e-09 8.22187556925869e-09 1.62929342240048e-08 1.72454711178105e-08 2.44488508660545e-08 1.15363849140238e-08 1.3503370366319e-08 1.51074064702605e-08 2.03761381767364e-08 2.73404311301739e-08 3.11974232003465e-08 3.17456839593611e-08 5.32428606647706e-08 5.28275041711268e-08 4.49935709245786e-08 5.48434426872468e-08 6.72549013258639e-08 8.04705438728348e-08 2.08404514889793e-07 1.32446557277177e-07 8.69633059563668e-08 6.39809455749152e-08 1.08716046876012e-07 7.78073507401444e-08 7.57433836096055e-08 7.19874603927195e-08 8.14522852721211e-08 8.75317498039152e-08 9.79602460038365e-08 1.22338993113757e-07 1.00525729829215e-07 1.01950760234004e-07 9.24378148914329e-08 9.90493578267859e-08
