Maxent_result_files_1/Bombus_handlirschianus_2.asc
NCOLS 594 
NROWS 330 
XLLCORNER -15 
YLLCORNER 23 
CELLSIZE 0.166666666666667 
NODATA_value -9999 
[rows 300 to 319 of 330, columns 0 to 44 of 594]
-9999 -9999 -9999 -9999 -9999 -9999 -9999 -9999 -9999 -9999 -9999 -9999 6.05821133259354e-09 5.88068482798576e-12 4.81622519643565e-12 4.74814632056564e-12 1.34264777074122e-10 8.52824477703962e-12 1.20500609490648e-11 1.65100599858192e-11 2.11919148895845e-11 5.60161916851598e-12 1.27248434012017e-11 3.85109277800666e-11 8.65311711173433e-11 2.55935916904093e-10 4.4564362200461e-10 1.80412096373317e-10 5.88781723376286e-10 6.2518840104886e-10 7.90448229093244e-10 8.79361450323302e-10 1.10554752019709e-09 1.43194064383678e-09 1.58241639791612e-09 2.0343889906016e-09 2.55362432310946e-09 2.8117847605813e-09 3.0548216289894e-09 3.32139019620925e-09 2.69855809920116e-09 2.12026882717709e-09 1.59682072009559e-09 1.71425946771109e-09 1.71976006768659e-09
-9999 -9999 -9999 -9999 -9999 -9999 -9999 -9999 -9999 -9999 -9999 -9999 4.71699346249466e-12 4.38310499006889e-12 5.23481258341008e-12 7.70917774062241e-12 9.38791266946737e-12 1.25173205134388e-11 2.36544672738148e-11 3.08609693355777e-11 2.93926882832807e-11 7.7437167789185e-12 3.08464032094946e-11 6.25743235005416e-11 1.48928303023155e-10 2.77689760075361e-10 4.95106078357566e-10 6.33583185916109e-10 9.54029799604683e-10 1.22875571939574e-09 1.34805908658109e-09 1.41413487586561e-09 1.59412815170512e-09 1.79673206313069e-09 1.95536740132951e-09 2.25806398024275e-09 2.78181678803335e-09 3.33720141520999e-09 2.8204254931552e-09 2.14359806571807e-09 2.7477421671307e-09 2.68468287600854e-09 1.583214270795e-09 1.45526706241128e-09 1.7813813757428e-09
-9999 -9999 -9999 -9999 -9999 -9999 -9999 -9999 -9999 -9999 -9999 4.02510247354826e-12 5.63645796702872e-12 8.51477777175091e-12 9.46612788155221e-12 1.34481425995148e-11 1.45128131734396e-11 1.75799708124202e-11 2.9886471075713e-11 3.48678530492919e-11 3.4300917661767e-11 2.74177014425447e-11 4.65762539647585e-11 1.49142020955395e-10 2.45654052655198e-10 3.55409557339925e-10 5.71567504437098e-10 7.07348069006741e-10 9.31109356283599e-10 1.13071659813002e-09 1.35743594142923e-09 1.52627570582098e-09 1.77259322775569e-09 2.01958668677449e-09 2.30693694147632e-09 2.63184690707519e-09 2.7870673990904e-09 2.41475854867446e-09 2.01276254552241e-09 1.8610456953283e-09 1.78430885622305e-09 1.47344944023686e-09 1.51566341699549e-09 1.69658105342307e-09 3.29827513079195e-09
-9999 -9999 -9999 -9999 -9999 -9999 -9999 -9999 -9999 -9999 3.02445976041454e-09 5.49251755188607e-12 7.59686757945133e-12 8.62930837897124e-12 1.37920341813924e-11 1.48865586524494e-11 2.10413797496756e-11 2.6457447344086e-11 3.31741967229959e-11 3.71351838168721e-11 4.20323109651122e-11 3.79443254594491e-11 5.80153147744511e-11 1.68071911943457e-10 2.32995323035112e-10 3.7881831005393e-10 6.04699168516021e-10 9.14507103377815e-10 1.1576512970457e-09 1.33793327528053e-09 1.39289990652713e-09 1.51666290637564e-09 1.97378096089551e-09 2.20406213280455e-09 2.07021814135899e-09 1.77681966917476e-09 2.01350616180207e-09 2.16620735793427e-09 1.91719123909806e-09 1.9971251430384e-09 1.89046638343626e-09 1.57265809264118e-09 1.84331950814354e-09 2.0787127130717e-09 2.19023977843236e-09
-9999 -9999 -9999 -9999 -9999 -9999 -9999 -9999 -9999 -9999 1.4073930909575e-11 1.13579812222042e-11 1.07237330126964e-11 1.22638232902261e-11 1.64347979669799e-11 2.12465378623961e-11 3.11079384474056e-11 4.34238311974866e-11 5.44845946137684e-11 5.46578005078402e-11 5.82093484524648e-11 4.84023821023527e-11 7.15540626750055e-11 1.59764645957239e-10 2.07063977075705e-10 3.01902702837253e-10 1.1824958068285e-08 1.70626826556664e-08 1.03227444370191e-09 1.51228876088538e-09 1.57775830178508e-09 1.84187074481201e-09 2.05896480975909e-09 2.1475394351711e-09 1.90657709620012e-09 1.86043519478929e-09 1.83020532062983e-09 1.89000500805392e-09 1.9618686786238e-09 1.98434050302509e-09 1.56217133673309e-09 1.55669696022542e-09 1.63948324916063e-09 1.65523342809948e-09 1.72309436718976e-09
-9999 -9999 -9999 -9999 -9999 -9999 -9999 -9999 -9999 8.88003697241402e-09 1.66764047015988e-11 1.40588651831308e-11 1.50097934081828e-11 1.52003964970504e-11 2.21199725203292e-11 2.8153046560675e-11 4.60291138537627e-11 6.04943650728274e-11 6.02085603595981e-11 5.80913761538682e-11 6.01405036881886e-11 6.22383478088295e-11 1.02658048728443e-10 1.83293047406607e-10 2.40473663204455e-10 4.55556240508415e-09 3.55528972928454e-10 5.94199937031803e-09 2.19100426690488e-10 1.11706420669044e-08 5.56003750817879e-09 1.86436035498616e-09 1.87336789414516e-09 1.82320742947439e-09 1.80379936542963e-09 1.75387530054749e-09 1.78641407222457e-09 1.83862322034045e-09 1.65834337373383e-09 1.84973262262744e-09 1.70972763724464e-09 1.73809406867065e-09 1.21412092601858e-09 1.09832102301866e-09 1.28230344120794e-09
-9999 -9999 -9999 -9999 -9999 -9999 -9999 -9999 -9999 1.90460358595601e-10 1.49761758549971e-11 1.53478785236416e-11 1.50155221589898e-11 1.53704049488113e-11 2.56512922014451e-11 3.15446224696814e-11 3.96683907943895e-11 4.53052151350164e-11 4.72647254667891e-11 4.88696305644964e-11 5.89598259104207e-11 8.30087887315756e-11 1.43910905414657e-10 1.93226645794908e-10 2.49688159037476e-10 3.18136927912605e-10 3.932504544224e-10 4.62196514394719e-10 2.94472854989181e-09 4.12187688425547e-09 3.30971527962021e-10 1.82131539849806e-09 1.67182920840503e-09 1.4513715562714e-09 1.51871809572768e-09 1.49795170711897e-09 1.33948923064509e-09 1.45515283156428e-09 1.66941347412575e-09 1.9075386048506e-09 1.66377144283913e-09 1.08099467155398e-09 1.06077980843722e-09 1.07536233251437e-09 1.19129986986266e-09
-9999 -9999 -9999 -9999 -9999 -9999 -9999 -9999 -9999 1.27956423234821e-11 1.97589944406218e-11 2.19319673533391e-11 2.86327406229248e-11 3.42356365479191e-11 3.42235240147204e-11 4.14820955363382e-11 5.90583693060864e-11 7.91505638808587e-11 8.33212498996261e-11 1.21309273737324e-10 1.03749120405894e-10 1.25253174498852e-10 1.55423551806422e-10 2.10580042292463e-10 2.8363683624022e-10 3.42470363179359e-10 3.78567244219141e-10 4.44384218312166e-10 5.55877244234892e-10 6.67095223505498e-10 1.27389345738749e-09 1.4771300516081e-09 1.44126425238866e-09 1.43896816684475e-09 1.3736973003553e-09 1.22162311377849e-09 1.25045783727629e-09 1.2631171997235e-09 1.32693601662126e-09 1.41085382265871e-09 1.26685315571251e-09 1.05040853792815e-09 1.09316233842804e-09 1.06461708337946e-09 1.17625374995711e-09
-9999 -9999 -9999 -9999 -9999 -9999 -9999 3.40619457084301e-09 1.25076171642036e-11 2.01478944639177e-11 2.6164892474867e-11 2.78588374591493e-11 4.2454117998858e-11 4.39552949593747e-11 5.03335817469974e-11 6.39975072935783e-11 9.31718702190665e-11 1.51350465493749e-10 2.12259343435051e-10 1.53968204852362e-10 1.74711389799853e-10 2.02481864608473e-10 2.19335272166887e-10 2.58325649760138e-10 3.15848025511656e-10 3.79832332253471e-10 4.15447831692006e-10 4.80021611348747e-10 5.17737608340951e-10 7.05302760639626e-10 1.03854325139707e-09 1.19276749588337e-09 1.30271623488554e-09 1.39838275403648e-09 1.22738599284133e-09 1.24556971403678e-09 1.30852672031168e-09 1.08862927561404e-09 1.31207394948873e-09 1.34314466215812e-09 1.11943118108471e-09 1.08418545252675e-09 1.38309796948732e-09 1.43546702302544e-09 1.6204236841233e-09
-9999 -9999 -9999 -9999 -9999 2.08629036269059e-10 9.65255653184727e-12 1.53123291823931e-11 1.76716308253333e-11 2.66391575465263e-11 3.41350725463485e-11 3.68802655081879e-11 5.68675329049029e-11 5.01701125088516e-11 7.03067382090694e-11 1.02910269195178e-10 1.63011049103545e-10 2.06781591849392e-10 2.68759503541105e-10 2.32299923741408e-10 2.05812000775296e-10 2.04708772155726e-10 2.17588247419798e-10 2.70924371825743e-10 3.25126492395356e-10 4.19687573582905e-10 4.8986380507543e-10 6.75685596362996e-10 7.91945053979504e-10 8.20388479372269e-10 8.64839566627751e-10 1.0166458119798e-09 1.00140924441661e-09 1.05099513536544e-09 1.11158841020753e-09 1.16548658501969e-09 1.20944325665562e-09 1.20536652881142e-09 1.23587139411185e-09 1.29665366221943e-09 1.22044082617734e-09 1.2232370116827e-09 1.65074487412653e-09 1.64217659470722e-09 1.44794752854338e-09
-9999 -9999 -9999 -9999 1.36345690293638e-10 7.71565034085597e-12 9.11556385929657e-12 1.29142363469725e-11 2.04669503567345e-11 2.85814483191871e-11 4.95297469704781e-11 4.28944546548848e-11 7.68555885599653e-11 9.21604681458632e-11 1.20816889825903e-10 1.80228632018498e-10 2.23553575651181e-10 2.7304235539205e-10 3.03779135180093e-10 2.79417922133263e-10 2.02318162223492e-10 2.06253447654348e-10 2.23045260039356e-10 3.09522152353026e-10 4.42570491365757e-10 5.4322404352547e-10 6.70615207809533e-10 7.46363093551139e-10 7.09149383659735e-10 7.54658968649125e-10 7.63290008976014e-10 7.37903294023567e-10 7.108858279814e-10 8.55432324975425e-10 1.07183009134815e-09 1.01374462158077e-09 1.03933367467945e-09 9.97472515695819e-10 9.98872129454043e-10 1.12129411311557e-09 1.14190376043766e-09 1.19902052730936e-09 1.49675991600873e-09 1.63835806032964e-09 1.72542428122924e-09
-9999 -9999 -9999 1.40216493971224e-10 8.80429062988242e-12 8.81341666314483e-12 1.27935773086563e-11 1.8950496727399e-11 2.59482546560719e-11 4.12314182796081e-11 5.57678347945512e-11 6.03482597227867e-11 9.45389544426689e-11 1.334928390051e-10 1.4884917742819e-10 1.85931503526859e-10 2.30593577565941e-10 2.75091693868745e-10 2.77039424734227e-10 2.54249266085083e-10 2.46249620694527e-10 3.05560776681091e-10 3.38469507976669e-10 3.97717769828887e-10 4.64803773247979e-10 5.94586280211473e-10 7.76032094140788e-10 7.74632602507097e-10 6.07561501109188e-10 5.20122567237991e-10 5.13070230745427e-10 5.29076127353534e-10 5.67470881396304e-10 8.27732116182034e-10 8.76451911047127e-10 8.83491058090158e-10 8.48201509029423e-10 7.70020858187337e-10 9.05087671476679e-10 1.08048039404451e-09 1.19352533411998e-09 1.25756450808367e-09 1.52973586020622e-09 1.87143948116031e-09 1.73580754214697e-09
-9999 -9999 -9999 6.03210925653741e-11 1.22546972569637e-11 1.38277389538644e-11 2.15966688976721e-11 2.87954771138743e-11 3.76032427418238e-11 5.55164025861643e-11 4.6826675870193e-11 8.15786438401744e-11 1.36038891263013e-10 1.81190473735882e-10 1.92132310061766e-10 1.62292757011073e-10 1.89838433861667e-10 2.2780097808095e-10 2.81440881710893e-10 2.90431267924163e-10 2.72799227651888e-10 3.27797422539078e-10 4.15149825627736e-10 4.4760479767092e-10 4.80647588396721e-10 5.74274960918331e-10 6.10804917755559e-10 5.50048295799854e-10 4.30765811909595e-10 4.10679279472248e-10 3.98051036576419e-10 4.17472834080002e-10 5.0416835151168e-10 5.76732861468088e-10 7.02639568750385e-10 7.1203505314088e-10 5.337435937669e-10 5.90591486826497e-10 8.51832582249301e-10 1.02246960898e-09 1.05996119659224e-09 1.11522791002017e-09 1.15082364748886e-09 1.49741223864908e-09 1.63815138121137e-09
-9999 -9999 4.84655571231229e-10 1.13159370762617e-11 1.47181378196137e-11 1.97570737547892e-11 2.56974330703486e-11 3.0635827208414e-11 3.75377062766802e-11 4.10735556677366e-11 5.73790681634989e-11 9.49721190579567e-11 1.3010152954962e-10 1.44932377210694e-10 1.25713484067091e-10 1.57552337842759e-10 1.4935280789885e-10 2.41463449235368e-10 2.22057860987945e-10 2.05861161450827e-10 2.69565147981154e-10 2.85902179708586e-10 3.05231695474362e-10 3.1991395088582e-10 3.13562575904314e-10 2.75445566355614e-10 3.08768854928587e-10 3.30942118154098e-10 3.52750317844652e-10 3.51175144519544e-10 3.77062925327465e-10 3.8298548776794e-10 3.85924925350167e-10 3.92529331261215e-10 5.16686715634762e-10 5.23914367445144e-10 4.80846962247483e-10 4.97604113469663e-10 6.5421138506494e-10 8.82916817435131e-10 6.38115393858385e-10 6.67144528510022e-10 8.71087191267606e-10 1.17211627070901e-09 1.23771061177891e-09
-9999 -9999 9.47945055784771e-12 1.13843601212693e-11 1.57254986810074e-11 2.14747442051078e-11 2.87090684558677e-11 3.3384162101413e-11 3.58482910023383e-11 4.18120205125661e-11 6.87421564116164e-11 8.39275204889134e-11 1.0662132288175e-10 1.03059372147385e-10 1.13756137842813e-10 2.44757214495905e-10 2.00289818064192e-10 2.0004896628123e-10 1.5887878790366e-10 1.98182836808058e-10 2.44026954199228e-10 2.50094855935856e-10 2.27974805699915e-10 2.05355188409584e-10 1.78854442367538e-10 1.67436609022076e-10 1.81472326055143e-10 2.09438466569623e-10 2.17080076136966e-10 2.72284805813428e-10 3.1939593192476e-10 2.92532398304957e-10 3.0417529606197e-10 2.63950494794329e-10 3.05603609085381e-10 3.55472995483552e-10 4.10370881720468e-10 4.59000193409054e-10 4.63081684110023e-10 6.68035127215916e-10 5.96025795385202e-10 5.57073742690761e-10 8.61333160351308e-10 1.00409563996706e-09 8.80141526327094e-10
-9999 2.44882952804559e-09 9.22899534572252e-12 1.27029720076166e-11 1.79268266897736e-11 2.11264117311316e-11 3.44652750783325e-11 4.5872949883119e-11 5.72593528147536e-11 4.59388860285515e-11 5.62620838806538e-11 6.67573551993428e-11 7.54795448365542e-11 8.61567150955977e-11 1.34779254423734e-10 2.00445093856416e-10 2.38996744617026e-10 2.17458739903975e-10 1.4785371815762e-10 1.42577161188484e-10 1.68999125804703e-10 1.70644309793744e-10 9.63549573462785e-11 8.65167382180232e-11 1.11562981075508e-10 1.32419963883024e-10 1.53370283140219e-10 1.7207514302342e-10 1.48793843912642e-10 1.60786672864788e-10 2.474246474371e-10 2.3946267191377e-10 1.69639069458327e-10 1.60591773212815e-10 2.55568499696324e-10 3.39225258993991e-10 3.94161980832308e-10 4.00876642991932e-10 3.54917262246346e-10 4.50016623965155e-10 5.3264848087764e-10 5.31501642697663e-10 7.59056739685349e-10 6.51007037166806e-10 6.53208853673703e-10
-9999 1.23695653719835e-10 9.59462509442233e-12 1.3545986554675e-11 1.84577353401494e-11 3.00211411286e-11 4.03308275664926e-11 5.2284343521336e-11 5.74675973474825e-11 4.42312630966057e-11 4.3394410287334e-11 4.88967311085275e-11 6.33089913826268e-11 8.37970026701385e-11 1.24924270927806e-10 1.76545666974448e-10 1.781981229243e-10 1.36334243894254e-10 1.18858900499674e-10 7.72772179580272e-11 6.86890211376578e-11 7.17217285561844e-11 7.24210913460865e-11 7.81947839811892e-11 8.95911345111244e-11 1.03536468287757e-10 1.47552481344349e-10 1.44369949328649e-10 1.16152565343697e-10 1.09779185741843e-10 1.68911806763816e-10 1.45226464187687e-10 1.29987198782544e-10 1.44505674093409e-10 1.89455240384717e-10 2.31394636784898e-10 2.28200514040822e-10 2.10066886108251e-10 2.69459721202736e-10 3.64722640977533e-10 4.88145079913238e-10 4.10607770007232e-10 3.92886390088165e-10 6.10301975623173e-10 6.32738461625593e-10
-9999 1.88011683999179e-10 1.13309250870941e-11 1.33825062142989e-11 1.64206315211857e-11 2.85111267928073e-11 3.34191563311492e-11 4.73698968939118e-11 4.12478606826028e-11 2.98938096499057e-11 3.47054607274799e-11 4.97717533853859e-11 4.99751018345762e-11 7.01367852684598e-11 1.03507558080196e-10 9.31713928231659e-11 1.07491660017445e-10 4.93116880662114e-11 5.06481967477157e-11 4.04868250036827e-11 3.75880770953074e-11 3.76394915235778e-11 4.39433045507087e-11 6.88843093676894e-11 7.63920149360331e-11 7.89862952821352e-11 8.75765127084094e-11 9.83443437796438e-11 8.25503887469381e-11 8.38356162269349e-11 1.06438868829883e-10 1.1360494767132e-10 1.22717946915429e-10 1.04801656242159e-10 1.06025188628678e-10 1.54787482831154e-10 1.68353520013653e-10 1.70693548184886e-10 1.66537095225294e-10 1.78887138435613e-10 3.55735962909165e-10 3.21246407253284e-10 3.09915981766551e-10 4.30159130537788e-10 5.75826775151e-10
-9999 1.59757540529881e-10 1.35400690659537e-11 1.66940794521508e-11 1.77211800789223e-11 2.29783858607391e-11 3.19639981150033e-11 4.11889078399952e-11 3.37965655461403e-11 2.84696377583771e-11 3.23595483742167e-11 3.38523875598185e-11 3.04613778645546e-11 3.90713350562066e-11 3.40963368650193e-11 2.97319280306851e-11 3.32091021348901e-11 2.82294632114599e-11 2.73327249722399e-11 3.01915936695707e-11 3.45664052936456e-11 3.09773096063282e-11 3.16577097869697e-11 4.60018578785082e-11 6.35262842330064e-11 6.49710840683326e-11 5.59184698545323e-11 4.88259543907077e-11 5.13204145846657e-11 8.21756218627456e-11 7.19627246681398e-11 9.08219499606844e-11 8.27660051605506e-11 6.75851374865033e-11 7.15129400141734e-11 1.17903076191084e-10 1.16238241254507e-10 9.03482733072281e-11 8.81566375454668e-11 1.06011366352021e-10 1.62777924472834e-10 2.8542763708117e-10 2.82163692411075e-10 2.6695815558142e-10 4.37227920535577e-10
-9999 1.01424979526143e-11 1.47916123793834e-11 1.67597269395969e-11 1.58431823216176e-11 2.27927121621008e-11 3.01971447846938e-11 3.36586314375609e-11 3.06449310372159e-11 2.07892925097042e-11 2.22181495423968e-11 2.19682050328629e-11 1.868183385767e-11 1.88797089073489e-11 2.09589345878669e-11 1.44436906879264e-11 1.61952118382658e-11 1.61188062897111e-11 1.82835413475857e-11 1.67146185781064e-11 2.02712846508746e-11 2.31230701253082e-11 2.89656854057796e-11 3.69869801453149e-11 3.39115957537217e-11 3.90767973534878e-11 4.18995504958275e-11 4.57338056314427e-11 5.16386045035233e-11 7.51809614563115e-11 7.85639442391073e-11 4.80963047166938e-11 5.76375724925526e-11 5.43916134354561e-11 5.08603048565703e-11 6.71333766355531e-11 7.88578424781861e-11 7.48112016779601e-11 7.47166661874132e-11 9.24192167239823e-11 1.43396527985118e-10 2.06240624578413e-10 2.49056075762866e-10 2.37314101703134e-10 3.09380265850479e-10
