Maxent_result_files_1/Bombus_portschinsky_3.asc
NCOLS 594 
NROWS 330 
XLLCORNER -15 
YLLCORNER 23 
CELLSIZE 0.166666666666667 
NODATA_value -9999 
[rows 180 to 199 of 330, columns 360 to 404 of 594]
0.00862908931449056 0.0233358735218644 0.0157614666502923 0.0054826574632898 0.00481623425148428 0.00572262355126441 0.000745913015271071 0.000288957445445703 0.000896695564733818 0.0141176103614271 0.00380013464018703 0.00342608712380752 0.00327149335062131 0.00313750571804121 0.0029017899883911 0.00268938492517918 0.00240059387870133 0.00227656166534871 0.00224030247190967 0.00208186921663582 0.00184487674850971 0.00177629058598541 0.00173213481903076 0.00161380143836141 0.00156681253574789 0.0015412115608342 0.00153734829509631 0.00147012984962203 0.00141887820791453 0.00138861554441974 0.00132171517470852 0.00118361755157821 0.00111483327636961 0.0010298168141162 0.00102584539563395 0.000904407259076834 0.000775415558018722 0.00076944827742409 0.000814006509608589 0.000827521263272502 0.000722401158418506 0.000602346094092354 0.000518134755839128 0.000444853637600318 0.000399082260264549
0.020460596634075 0.023107548430562 0.0121249385876581 0.00285425131733064 0.00496130271349102 0.00498515372164547 0.00456445903982967 0.0121042103040963 0.0375621765851974 0.000222018094791565 0.017956109624356 0.0110221955692396 0.00361401016125455 0.00342154884710908 0.00321439070394263 0.00293478005332872 0.00276145002571866 0.00253593287197873 0.00239146135281771 0.00224103902000934 0.0020808783301618 0.00189001032267697 0.00182616412057541 0.00181852616369724 0.00176523678237572 0.00164744875510223 0.0015308981644921 0.00151955911424011 0.00148352264077403 0.00130136586376466 0.00120045988005586 0.00108918541227467 0.00112386121763848 0.00108985152328387 0.00101195962051861 0.000881616934202611 0.000800577097106725 0.000785002874908969 0.000809737824602053 0.000938805527403019 0.000759252041461878 0.000621164351468906 0.000534551181772258 0.000446007000573445 0.000394249726377893
0.00724807421211153 0.0066351116867736 0.00604524328373373 0.00526061598211527 0.00514015986118466 0.00516848992556334 0.00508061018772423 0.00476957708597183 0.00454762331210077 0.000464995294169057 0.000726003851741552 0.0168355329893529 0.0100153172854334 0.00370590351521969 0.0034254745580256 0.00325441944878548 0.00311018858337775 0.00286880742060021 0.00262690699892119 0.00245620597852394 0.00228608911274932 0.00203905167873017 0.00190729688038118 0.00191458244808018 0.00182827120879665 0.00180912418290973 0.00170600710553117 0.00160662379348651 0.00153252094169147 0.00138409350765869 0.00123572295997292 0.00107251379231457 0.00107669865246862 0.00100746504904237 0.000917508339625783 0.000890340071055107 0.000959473609691486 0.000939217593986541 0.000964492573984899 0.000885646691313013 0.000791212593321688 0.000635891003184952 0.000533701406675391 0.000449630393995903 0.000414754169469234
0.00662308898754418 0.00633515410590917 0.00561401925515384 0.00536525477655232 0.00533918547444046 0.00550187279004604 0.00509804564062506 0.00522633465006947 0.00507145114243031 0.0049387690378353 0.000940887676551938 0.000165634766381118 0.00040715377763263 0.00896499666851014 0.0111511203926057 0.00361840352416039 0.00331868845969439 0.00315993655240163 0.00293042254634202 0.00264686085283756 0.00246953594032675 0.00233032692340203 0.00211033228551969 0.00205731755122542 0.00192715698503889 0.0018603186821565 0.00178090694826096 0.00166832087561488 0.00152617828571238 0.00133865898824297 0.00126202457468025 0.00117331835499499 0.00113247020926792 0.000995158695150167 0.00103833317698445 0.00112020838132594 0.00114655360812321 0.0010488305328181 0.000956539122853428 0.000752861745422706 0.000761663977755234 0.000742595383781008 0.000574955501360819 0.000475949411338661 0.000418825444648974
0.00553029528819025 0.00546082064975053 0.00173627254262101 0.0053195723798126 0.00534937493503094 0.00544258488807827 0.00543714866507798 0.00359561621735338 0.00552400629967451 0.00541653495747596 0.00517165083438158 0.013677592901513 5.79223676140828e-05 4.59300508737215e-06 0.00879187958780676 0.00383026390336454 0.00357531075133011 0.00339626758359373 0.00317984331632033 0.00283086308045313 0.0026532935211435 0.00250103698344901 0.0023903014138341 0.00219090554746799 0.00207918779342435 0.00198394536855631 0.00184750424232334 0.00174669182160869 0.00157186462311074 0.00143287958344445 0.00130847748951055 0.00123067313688807 0.00116171499539632 0.00109136508253869 0.0012013717670925 0.00125372918555513 0.00117095303721726 0.000956914605922066 0.000892245949944481 0.000754828954814002 0.00193622015067376 0.00130769619718194 0.000538233947008848 0.000492840091465041 0.000458835627068765
0.00253934198990464 0.00150478501163889 0.00252364952466451 0.00358357549412176 0.00528423576615751 0.00538866561837494 0.00256212075473741 0.00591179756447673 0.00596958894748241 0.00570996452588588 0.00543816145509481 0.00519994804635644 0.00912702693603933 0.000200231815870211 4.76958611216105e-05 0.00105949941498693 0.0132662374991924 0.00359662598930299 0.00345021634129807 0.00286816325969994 0.00257795933866873 0.00255334543762729 0.00250479693058878 0.00232777289347723 0.00214482292649336 0.00207272716797888 0.00192063472932205 0.00184232978499494 0.0015866145666223 0.00142439911141992 0.00129019668092951 0.00131572410464287 0.00127235453110188 0.00126357584958896 0.0013499237713404 1.82913821845432e-05 0.000105687866380322 3.67158765584463e-05 3.50436565668133e-06 9.00250357517507e-05 0.000904867536155507 0.00295257733669132 0.000137103350425605 0.000559789669932798 4.62595575299929e-05
0.00748365863692015 0.000873504421906546 0.000812745656003244 0.00158412579330616 0.00512878482695669 0.000997623677540105 0.0018762565072393 0.00349494753172621 0.00231011883006431 0.00236148437252268 0.00368200324010104 0.00224733403301798 0.00480013841297477 0.00274331456166692 0.0102299160556868 0.000583049932902213 0.000819856041925959 0.0124027299694717 0.00369428163394332 0.00315782480174676 0.002917258546222 0.00270512765273452 0.00250961027340964 0.00229583564214408 0.00212000795872882 0.00201252528349869 0.00198746502865106 0.00194188448949717 0.00169012942933477 0.00153001642902382 0.00144577083410695 0.00144197168410756 0.000134600015007891 0.00014467971814156 3.40455940204265e-05 -9999 -9999 -9999 -9999 -9999 6.62428605210153e-05 1.41943731705396e-05 2.68596162641188e-05 1.07240156239641e-05 2.6980318580172e-06
0.00247428969596513 0.00186842811235692 0.000581881107063964 0.000831056947936304 0.00168280992947984 0.00027070906580775 0.000208056605333695 0.00217121628229506 0.00164984562143218 0.00144546196534066 0.00224859036388807 0.0014951889475924 0.00367699828930199 0.00236639979411848 0.00127827859396348 0.00532896691584028 0.00215618255315349 0.00247358382330276 0.0520106889307499 0.00823528631590307 0.00324426121078432 0.00299272984266281 0.00264486949890852 0.00244906001025811 0.0021387561399024 0.00214235396124423 0.00197834888240322 0.000939404160453705 0.00156858034024481 0.00193161494098604 0.000157889870024519 5.71389280594303e-05 -9999 -9999 -9999 -9999 -9999 -9999 -9999 -9999 -9999 -9999 -9999 -9999 -9999
0.00150350845506182 0.00144010542862816 0.000128858991593006 0.00022155908482091 0.000206990712104016 0.000149214588600444 0.000360796196764568 0.000750126098864712 0.00409965814324096 0.00263695380999707 0.00235485156299546 0.00339565832982771 0.00150902791356202 0.00196607825200772 0.00244896108197281 0.00350685666780919 0.00431323772063479 0.000855349844641751 0.00108001253101975 0.000471141208981862 0.00826909118331969 0.0104456576518714 0.00955198786687106 0.00970224342308939 0.00953092218842357 0.0140245704911649 0.00152602382586338 0.000413818510241981 0.00202002448640997 0.000381536352506373 -9999 -9999 -9999 -9999 -9999 -9999 -9999 -9999 -9999 -9999 -9999 -9999 -9999 -9999 -9999
0.00731506895972416 0.000737376825418323 4.22114360389969e-05 8.3978862130607e-05 0.000138465726922732 3.88553740776842e-05 0.000170673603497562 0.000515698834351497 0.000698598980670795 0.00510587797034532 0.00398003503214568 0.00328748209867626 0.00295610271568876 0.00373554781544954 0.00483695650473237 0.0048051206744276 0.00453472356311977 0.00286240204004571 0.00092361175629776 0.0285834668204188 0.00581803851528093 0.0134183845482767 0.01782107623294 0.00305770966224372 0.00091516254178714 2.13799525909053e-05 2.84884009488451e-05 2.51833919087119e-06 0.000128714828861121 -9999 -9999 -9999 -9999 -9999 -9999 -9999 -9999 -9999 -9999 -9999 -9999 -9999 -9999 -9999 -9999
0.0057556176383514 0.0015105912956642 6.70491390337702e-05 0.000486507643654477 0.000220228793477872 0.00013541302869271 0.00104825536982389 0.00119063268502941 0.00103575875546085 0.00144137832394335 0.00214557483268436 0.00347065695095807 0.00523042320273817 0.0173126401379704 0.0450700242072344 0.0298927115742117 0.00132827915076632 0.00736910146079026 0.0304340910166502 0.01313377446495 0.0198792260140181 0.0141481773462147 0.0179689398501068 0.0283189198933542 0.00606673408765346 -9999 -9999 -9999 -9999 -9999 -9999 -9999 -9999 -9999 -9999 -9999 -9999 -9999 -9999 -9999 -9999 -9999 -9999 -9999 -9999
0.00233749562466983 0.00367471081553958 0.000431511131318985 0.00132423722243402 0.000326305599446641 0.000334465724154143 0.00175405925110681 0.00373764364048839 0.0019070824055234 0.000595605117996456 0.000404842911666492 0.00087865502355271 0.00414378404384479 0.0189880043268204 0.033331385999918 0.000456520457373699 0.166082535125315 0.0905096692033112 0.0101569966645911 0.0165933754295111 0.0253971636295319 0.26837423145771 0.00048109293638845 -9999 -9999 -9999 -9999 -9999 -9999 -9999 -9999 -9999 -9999 -9999 -9999 -9999 -9999 -9999 -9999 -9999 -9999 -9999 -9999 -9999 -9999
0.00284942307625897 0.0012176154210465 0.000433405249350471 0.000197887368267402 0.0010865127434954 0.00151570939196972 0.00133234358800109 0.00161803835799219 0.00302942747366615 0.00368930623517372 0.0027252280007815 0.00100981125287944 0.00170467016141629 0.00600052369991317 0.00155154526000842 0.0187170083401725 0.00843628391157836 0.0240921285934746 0.0097343927831389 0.00917226730380207 0.00992425188887864 0.00156410950585268 0.000135472867987119 -9999 -9999 -9999 -9999 -9999 -9999 -9999 -9999 -9999 -9999 -9999 -9999 -9999 -9999 -9999 -9999 -9999 -9999 -9999 -9999 -9999 -9999
0.00544981963466853 0.000722412146569695 0.00103969383926596 0.000306536561038229 0.000981795399275143 0.00161840396467596 0.00400955509394407 0.00519712360110134 0.00281905630254187 0.00156071221863385 0.00135198943607975 0.00155726363300346 0.00324198599846568 0.0610441125929356 0.116212681867182 0.00184679808735382 0.0412822549697012 0.00653073589783162 0.0395091844256967 0.0272029502317309 0.00942414194578305 -9999 -9999 -9999 -9999 -9999 -9999 -9999 -9999 -9999 -9999 -9999 -9999 -9999 -9999 -9999 -9999 -9999 -9999 -9999 -9999 -9999 -9999 -9999 -9999
0.0054002839140594 0.00317413033044431 0.00279069647367578 0.00227983638469595 0.00171858373651048 0.0019555125880288 0.0028234842378879 0.00225188208860345 0.00159343065752182 0.0017145302525023 0.00166247123270296 0.00147867022606079 0.00202218280755915 0.00160406588256592 0.00258662112173624 0.00232123199966736 -9999 0.00045898174867034 -9999 -9999 -9999 -9999 -9999 -9999 -9999 -9999 -9999 -9999 -9999 -9999 -9999 -9999 -9999 -9999 -9999 -9999 -9999 -9999 -9999 -9999 -9999 -9999 -9999 -9999 -9999
0.00643976095598191 0.00552470036782324 0.0214621273800731 0.00561321971472353 0.0031051485275384 0.00300310113525484 0.00348522975400556 0.00250248092925176 0.00228898209752515 0.00313125544053037 0.00232651289261412 0.0024816441378789 0.00239768001483753 0.00303670318389777 0.00295989427249879 -9999 -9999 -9999 -9999 -9999 -9999 -9999 -9999 -9999 -9999 -9999 -9999 -9999 -9999 -9999 -9999 -9999 -9999 -9999 -9999 -9999 -9999 -9999 -9999 -9999 4.09253670113685e-05 -9999 -9999 -9999 2.87719803282016e-05
0.0152527918107808 0.00583003486972302 0.019008232280612 0.0055998443858698 0.0058940069982782 0.00484945749631152 0.00395067005883902 0.00488994251936674 0.00496184737421572 0.00264487765380181 0.00389977342274506 0.00267634378978983 0.0109257703064941 0.00917405587970279 0.000343679591969703 -9999 -9999 -9999 -9999 -9999 -9999 -9999 -9999 -9999 -9999 -9999 -9999 -9999 -9999 -9999 -9999 -9999 -9999 -9999 -9999 -9999 -9999 -9999 6.99403914950381e-05 2.11995037915358e-06 3.1697210323145e-08 3.24480168956143e-08 6.44705177137439e-06 2.11368768304965e-05 3.67824328350252e-05
0.00798544900026172 0.00636886917054653 0.0139729332644492 0.0165626490488648 0.0143505043815821 0.00612355931079946 0.00260867325996514 0.00305326027737465 0.00406424420070834 0.00510970065370202 0.00461420129286125 0.00697008833521977 0.0182893922552466 0.0577453771606088 -9999 -9999 -9999 -9999 -9999 -9999 -9999 -9999 -9999 -9999 -9999 -9999 -9999 -9999 -9999 -9999 -9999 -9999 -9999 -9999 -9999 -9999 -9999 0.000127364566651522 2.88519825062394e-06 3.62437612810851e-08 2.95078069978416e-08 3.64176048428533e-08 6.93753757445847e-06 1.74100039998848e-05 1.74025374576559e-05
0.0963611952960491 0.0296578389592469 0.0161711383145303 0.0119189676828682 0.00642646813066676 0.00261392498505302 0.0044278530345764 0.00257770082680508 0.00427838857576717 0.00710221333429217 0.00561300732661039 0.00630782855441794 0.00083622248548636 -9999 -9999 -9999 -9999 -9999 -9999 -9999 -9999 -9999 -9999 -9999 -9999 -9999 -9999 -9999 -9999 -9999 -9999 -9999 -9999 -9999 -9999 6.61681191559183e-05 9.94203666778049e-05 6.58627926895861e-05 2.46742076342343e-05 7.58546716497221e-06 1.58853667812764e-05 7.68291858435077e-06 3.28177492008308e-06 5.07018874316145e-06 1.33530924472325e-05
0.080805491283536 0.0292762842960656 0.00491252990905195 0.0338998844381422 0.0155453385785222 0.00321261533536017 0.00642157839611173 0.00290757611801382 0.00697301849722862 0.00730220733676106 0.00355920342553873 0.00906713402364403 -9999 -9999 -9999 -9999 -9999 -9999 -9999 -9999 -9999 -9999 -9999 -9999 -9999 -9999 -9999 -9999 -9999 -9999 -9999 -9999 -9999 -9999 -9999 -9999 -9999 8.12740960554947e-05 1.82877966835804e-05 8.58454311014611e-06 6.46129674919393e-06 1.1722044553153e-05 4.9145026196129e-06 1.11079103248812e-08 1.03097875903124e-08
