Maxent_result_files_1/Bombus_veteranus_2.asc
NCOLS 594 
NROWS 330 
XLLCORNER -15 
YLLCORNER 23 
CELLSIZE 0.166666666666667 
NODATA_value -9999 
[rows 168 to 188 of 330, columns 460 to 505 of 594]
0.0031914857099764 0.00314259239239618 0.00308183868182823 0.00299987189937383 0.0029997990000993 0.00297022655140609 0.00281050045741722 0.00275294557213783 0.00274408782133833 0.00290237390436232 0.00291100983740762 0.00287091265199706 0.00271507827565074 0.00259081816184334 0.00259296104777604 0.00267825807677582 0.00261065576341935 0.00269088487839326 0.00541574154049158 0.0064633502624929 0.0060639978852123 0.00289184802677482 0.00307966078398749 0.00297716638306156 0.00313798682764173 0.00312463023001328 0.00335845897207037 0.00377279052045196 0.0042975896387361 0.00465360666858032 0.00484474470140412 0.00476538656512275 0.0046770028071478 0.0046230666921474 0.00459192326525226 0.00462746276753023 0.00467185055604205 0.0045540067134425 0.00449890029849485 0.00454257969977334 0.00445541235385463 0.0042513833148405 0.00428494879743084 0.00403049495071173 0.00395486563211307 0.00226818120572716
0.00313548092963174 0.00301165879936889 0.00290526195894927 0.0028092194115743 0.00281248434912413 0.00280254739336669 0.00274525375571102 0.00271977937081829 0.00266656521125697 0.00265003887470812 0.00273151947185397 0.00267802114249207 0.00256160121061839 0.0026521080522798 0.00261349772335961 0.00488402780611068 0.00260137930163182 0.0026610009255819 0.00164761111955158 0.00278153610415757 0.00293117203982547 0.00294085185742006 0.00306752818869427 0.0032016830984503 0.00326940790982917 0.00327683428768069 0.00319564109668136 0.00378160913242027 0.00430924175307155 0.00476000054040924 0.00505514638498425 0.00487991926493123 0.00489685581997037 0.00499305537668988 0.0047682250966318 0.00493467246415094 0.0048290605423972 0.00473257007542998 0.00477361161028966 0.00458381706848741 0.00441065590130165 0.00444590942934155 0.00447053642710671 0.00417169543216005 0.00397096006199718 0.0038921132334508
0.00303799958201125 0.0029363080393523 0.00160893761785701 0.00151463454240002 0.00273037700681016 0.00272109572542831 0.0027308828313835 0.00265916743665002 0.00266334008192644 0.00265956922667101 0.00259921576362103 0.00480153448879719 0.00257894354872406 0.00259209569194354 0.00263081244775094 0.00266028526239097 0.00265955072827637 0.00268876266200095 0.00269422677811235 0.00283002842916176 0.00298655573278666 0.00310234673088416 0.00324838398955762 0.00327267327811569 0.00331067569786683 0.00338034949963912 0.00326011554570869 0.00352942984318361 0.00404955057892948 0.00472179938806221 0.00518973367288709 0.0051211410202086 0.00509797891136259 0.00520734268939123 0.00513011234579608 0.00531017088796943 0.00519861865323037 0.0052341868984513 0.004960977868177 0.00463970133569092 0.00461855011526495 0.00450922637246549 0.00432154135778546 0.0041163805522956 0.00396018200553954 0.00384976874338463
0.00285562637727708 0.00281127946218476 0.00270052737323567 0.00268028136342764 0.00267567033297382 0.00265548548777588 0.00267605585395359 0.00266181953484192 0.00265126833110116 0.00255815330310725 0.00265316902077757 0.00254885393078439 0.00258706975728273 0.00261324941529892 0.00266171606490388 0.00266410813201219 0.0026633067522198 0.00264592514140531 0.00272718960186467 0.00291890647495165 0.00308983123395592 0.00315698757767677 0.00315819752868265 0.00315210091648623 0.00328602589434013 0.00337077304720879 0.00327839438105002 0.00347695262171328 0.004002453351859 0.00466943641658872 0.00500674028880894 0.00513726002536714 0.0053146404447034 0.00562221626751125 0.00535458830418065 0.00555632108589634 0.00547072725603357 0.00522091800812632 0.00504497023066506 0.00479420827468857 0.00467050432926044 0.0044413686497137 0.00431697983294725 0.00412991653429344 0.00414179088547826 0.00384066767292097
0.00276331217028201 0.00166656274232082 0.00261939857737161 0.00262626532930881 0.00263292760355398 0.00263065817998722 0.00251472855452448 0.00256651925155893 0.00252702191355638 0.00253383308299817 0.00263437469257042 0.00257925605983473 0.00260326716233976 0.00258530149585567 0.00264220382086933 0.00264702284475788 0.00269057442201301 0.00273797104600817 0.00286176122026518 0.00292620544787496 0.00295944844838232 0.0029664647532627 0.00308502038242295 0.00316461217589676 0.00324351924937218 0.00345062427222729 0.00330765985418111 0.00354304944630712 0.00389109818497673 0.00446415812475607 0.00481639142381027 0.00496615073643625 0.0056063536554575 0.00526534753153101 0.00536500393645838 0.00538716744631529 0.00525701999431476 0.00540734751848504 0.00500802947208285 0.00464950021123514 0.00432737768860534 0.00427806620718911 0.00424442349467427 0.00421247597550973 0.00406413092277944 0.00385542461881414
0.00275356316706166 0.00148489949060604 0.00257050093496218 0.00153798295068555 0.00149050057516433 0.00251923113828525 0.00255106466938741 0.00256310544791631 0.00255744879250415 0.00248941579484381 0.00248315302305855 0.00245849040802568 0.00245569271501154 0.00248778581735678 0.00255110240541399 0.00263177476590499 0.00271188821643591 0.00277373648714274 0.00290048341266811 0.00287840334931388 0.00291751101613045 0.00285480705788359 0.0028219094616361 0.00294212140142918 0.00312953066313639 0.00341509886784479 0.00338548930594698 0.00341254760278389 0.00384286368498579 0.00440511946799234 0.00506825691554695 0.00528694083914161 0.00533117795130238 0.00506988946581259 0.00518291528569534 0.00528707134071738 0.00483276688028127 0.00484585433732718 0.00486582019366324 0.0045690054888837 0.00426999219926074 0.00442116849590093 0.00417076853336766 0.00411212901817635 0.00408116762991995 0.0040619477047585
0.00263989350642078 0.00144236245541833 0.00245003715390339 0.00143276661401615 0.00250226259813644 0.00256759215262718 0.00251538884476759 0.0025235052627977 0.00135326816234738 0.00242891153902747 0.0015566534770187 0.0024188675743062 0.00250927535817027 0.00248583186184987 0.00255052850116044 0.00271531138569117 0.00283760000020266 0.0028591237263754 0.00284426080761477 0.00281952022342011 0.00286886671092361 0.00285133221186697 0.00283200967824087 0.00282371651846915 0.00296868188306689 0.00317669264040887 0.00347000842448324 0.00358137211296707 0.00362143131205812 0.00425529868807644 0.00478453905088827 0.00514223764184862 0.00536476579727605 0.00519107944564894 0.00507458439096808 0.00509667145088315 0.00482435940066353 0.00463401263114065 0.00452074295608327 0.00448337928391993 0.0042496704380028 0.00415479104267433 0.00405113612068817 0.00404571060789749 0.00403750388650224 0.00408589754952118
0.00239292182959616 0.00237211686908267 0.00132587919943035 0.00243520275689661 0.0024959018744994 0.00260242687072605 0.00250775522436015 0.0024930416373536 0.00251342395204119 0.00246003934880719 0.00244611791567877 0.00246171679464169 0.00257612011628225 0.00248535331920721 0.0025710606307257 0.00265842051012442 0.00272964605828747 0.00277758069569245 0.00272041677962989 0.0027249573264271 0.00280815241858363 0.00284869931638241 0.00284345661057159 0.00282236429629847 0.00294812206411734 0.00303375946823508 0.00324498426634818 0.00357742573833093 0.00378953533945605 0.00420620999066159 0.00471966379554942 0.00572140879230574 0.00555313235381618 0.00507619832642376 0.00478143598884344 0.00480205627391115 0.00481169379781932 0.00464912994066253 0.00437703827628866 0.00439205642323941 0.0043691040482372 0.00409172291401774 0.0027807894279249 0.00397649216465652 0.00390540577936918 0.0038411507033743
0.00239565714728087 0.00237835505395196 0.00144740493851714 0.00240735373226926 0.00249326648772694 0.00268730320967734 0.00139245641767047 0.00144121533376165 0.00246434695436619 0.00248245506663807 0.00246170914033428 0.00249828123487532 0.00249576011556201 0.00251394991646521 0.00251125285285525 0.00252390249515884 0.00257334968191572 0.00267684775171801 0.00265444084070623 0.00266038121189922 0.00271776479203254 0.00281379425432533 0.00283398174215108 0.00273296555969864 0.00291785740992054 0.00308750659460202 0.00326829311670735 0.00359214012278244 0.00378830078989267 0.00416702342918143 0.00487662988016382 0.00594603662611917 0.00525352417025715 0.00488477954640985 0.00475983743090183 0.00460087120300159 0.00465465591987595 0.00457028588280082 0.0043554087751545 0.00430682359728962 0.0041556905140169 0.00219025131082162 0.00400208989158273 0.00396827613003552 0.00378216659883037 0.00361160726752132
0.00238897228846326 0.002391947444994 0.00243594145285897 0.00242332314956002 0.0025469406042248 0.00157866650843062 0.00150386646855623 0.00167056071804836 0.00156112447148189 0.00173012250452302 0.00191226325114258 0.002361705416115 0.00247061058180407 0.00247693040291779 0.00248889535432681 0.00249916780157946 0.00250100130797364 0.00260121911996976 0.00261760317953303 0.00264903400093317 0.00265854042954743 0.00268700239248574 0.00279041457688436 0.00272634855937213 0.00280586546286941 0.00309869754128158 0.00350330743240193 0.00387177143711597 0.00406999045517296 0.0045326421270147 0.00477510660421103 0.00482704497408122 0.00486440521199256 0.00463633555918932 0.00446200069272891 0.00437393070897087 0.00418762903427705 0.00410176183795556 0.00410802421392873 0.00409049389418215 0.00404889546334744 0.00405560871586204 0.0039504419779405 0.00381740463199094 0.00357268168590963 0.00340959657914937
0.00240654808585532 0.00240518727805465 0.00241871910402551 0.00241079282714054 0.0023881328990683 0.00129365940229036 0.00134710913989693 0.00135026663192548 0.00218171667074785 0.00223193620331585 0.00212865336798131 0.00156929498771206 0.0013899230514653 0.00139497953350656 0.00241504440200515 0.00240163681446575 0.00244053984060884 0.00252426062943414 0.00257090777740814 0.0025929729337804 0.00260314706829377 0.00263665198581293 0.00264630818273872 0.00270775124663487 0.0029216957394965 0.00310880077304319 0.0035280772135593 0.00402521900832653 0.00431695494335145 0.00456442454596981 0.00448972138110548 0.0043902829871513 0.00442646744195372 0.00426188869168982 0.00389318378875032 0.00411430915119126 0.00387963006505743 0.00373565700137988 0.00403492818586528 0.00410315060289577 0.00394254294224083 0.00404188866959885 0.00385377946076915 0.00356425625504926 0.00339620698941872 0.00327933926600963
0.00238454746431671 0.00240413742722012 0.00239972399431281 0.0023884627094958 0.00236717577790841 0.00231491504237056 0.00137026762240566 0.00161575814709067 0.00709287200588733 0.00697192377410829 0.00189254887518473 0.00225664334720932 0.00235490390332416 0.00235617072321475 0.00235875249491073 0.00232230526744388 0.00235478542745113 0.00235959572019055 0.00241185030899942 0.00247421379317529 0.0025274331914261 0.00256452712928876 0.0026043379039038 0.00276414261898026 0.00292850143741816 0.00317734549753368 0.00356742714066058 0.00383581317728385 0.00414401188027114 0.00426267881412059 0.00418237474514171 0.00393835580907762 0.00375563548877835 0.00386395660461858 0.00365134684834629 0.00345650663366541 0.00356724922312424 0.00377876969287172 0.00378390430705622 0.00354978622635826 0.00347196850925684 0.00341334686381742 0.00336193770635873 0.00328997550532222 0.00315253898734227 0.00298835565336049
0.00239372612559237 0.00241488697938621 0.00236299817333929 0.00151745670009404 0.00231102555990219 0.00236062376061454 0.00235462544369511 0.00152576630935073 0.00221173404715955 0.00130421420908533 0.00224094990990125 0.00223800446256064 0.00227622952661477 0.00229814003105275 0.00230961792985909 0.002291321370285 0.00228874007007107 0.00230644177063368 0.00234490816364996 0.00239643052918836 0.00243323381873779 0.00253152560908347 0.00259225331828929 0.00271944628329948 0.00288997997995466 0.00302927723387256 0.00340696010971442 0.00352000261191279 0.00367455993546173 0.00406989970942959 0.0037876918213442 0.00355948883807287 0.00339632972609252 0.00351229363586754 0.00342108061304316 0.00608208389021456 0.00359019833849743 0.00350458456669003 0.00347628869349137 0.00332262851297855 0.00328195231268182 0.00320165266748518 0.00322206860873848 0.003122860530857 0.00302895446075127 0.00293985641328618
0.00239367013564333 0.00238344000536017 0.00231310269446112 0.00227321339771152 0.00225475851912051 0.00225762038026005 0.00226088662748225 0.00229305562679656 0.00224437912693247 0.00225844141677953 0.00228357468149625 0.00227646932471544 0.00228635834064335 0.00232153687975369 0.00229447188321501 0.00226306287222542 0.00227148164412938 0.00222737772855908 0.00230309351463802 0.00236638911883347 0.0024235034477897 0.00250931530026719 0.00256869071163237 0.00265524171991274 0.00281297033652663 0.00286555443890393 0.00302755985176191 0.00326619991101325 0.00361747996648774 0.00377586535178125 0.00361857512034476 0.00331977827008814 0.00323400805937126 0.00320019846549258 0.0032868463313207 0.00325564377708361 0.00991678591817617 0.00317591824568808 0.0031755757634528 0.0031549105187878 0.00186124744359404 0.00311029334552586 0.00298711467767134 0.00299181678565219 0.00295704085147008 0.00293151414953172
0.00132261572871357 0.00234266704064794 0.00232798223150894 0.00224995401222259 0.00221989506389946 0.00229577314457856 0.00227010021917522 0.00228893787716515 0.0022280570003204 0.00220661272178404 0.0021986506995745 0.00225983142154291 0.00228293167892843 0.00231431170250289 0.00230999274062924 0.00225390569539741 0.00223120552836917 0.00221949582919478 0.00228946267161518 0.00237791636027396 0.00241728419205174 0.00242498830193654 0.00254203869844787 0.00260006808093749 0.00269610930699855 0.00281429917085916 0.00291004939936101 0.00306583642959595 0.00330897575477138 0.00341578869847581 0.00341247068718076 0.0031174638425 0.0030536791193299 0.00310727189062163 0.00300562320044264 0.00301988165592775 0.00299335701856762 0.00294485235353932 0.00293829169822857 0.00289706024341285 0.00292715989053249 0.00289005589438602 0.0028874026844278 0.00286116410279647 0.00281884592259303 0.00282134239096195
0.00158074087230489 0.00236288068117574 0.00226375748752616 0.00123623051913455 0.00225835074670613 0.00226017722161487 0.00225323212798685 0.00218101760838181 0.00132134589366615 0.00216213224339299 0.00221232993644662 0.0022258672688622 0.00218462345073931 0.00228346786461771 0.00230866749188863 0.00224484949721955 0.00220058674458414 0.00221057673916221 0.00228386064991355 0.0023429571185261 0.00235119978897274 0.00236494653508998 0.00247432357864454 0.00254551551188342 0.00260441979044117 0.00272870133630931 0.00282832015072927 0.0029542195959948 0.00308741936460137 0.00304356695851311 0.00288275034399703 0.00280135361244902 0.00276281621772796 0.00282733918866143 0.00284368275897577 0.00283093233592808 0.00278828819282353 0.00274018150521442 0.00277618549298495 0.00282280372921377 0.00284637600416318 0.00164190267096274 0.00283819506876171 0.00271977640222758 0.00275380141101778 0.00276657262584195
0.00137068330077454 0.00229785474948585 0.00224791059154086 0.0013895902375225 0.00168814767966978 0.0022138835513033 0.00216017783386633 0.00118987006135285 0.00214108591317199 0.00216632345691323 0.00224548083497211 0.00217819340759888 0.00218993339221925 0.00220903655863367 0.00225198625121266 0.00229132905369624 0.00223882991704158 0.00223060774151236 0.00231167507590726 0.00233429335057735 0.00232755462056957 0.00243104604887776 0.00239777701208368 0.00245397468097508 0.00253773158183321 0.00260789431631565 0.00269185078795999 0.00278481513960287 0.00286358436569571 0.00282331487396732 0.00266982409521006 0.00263539048610255 0.00262089134193957 0.00265287451911718 0.00262583040166646 0.00272326727863401 0.00269038313999772 0.00261369537329301 0.00269745228579268 0.00270841997116804 0.00271447974955663 0.00145642800489441 0.00264578725327738 0.00261139916838147 0.00266010846244171 0.00268634917447343
0.00231014657765627 0.00135445849737152 0.00127795187290758 0.00135552063002251 0.00224734068615362 0.00141440248698927 0.00214153745328076 0.00119432196370326 0.00220616474398412 0.00134781780070625 0.00219190561329015 0.00222873667371459 0.00228813056601211 0.00226357029750943 0.00223990787635557 0.00143738859333098 0.00122199188917875 0.00168504829052836 0.00236221445375122 0.00236034479457885 0.00235864735441282 0.00237656970857643 0.00241379064391367 0.00246312423259951 0.00247409782023169 0.00250388598651625 0.00257123467745259 0.00262048338190652 0.00269310420844704 0.00262060273671523 0.00256164088496007 0.00252792212995701 0.00256510559702292 0.00255120622459799 0.0025944501394406 0.00257552881375887 0.00248943834449165 0.0024907419399824 0.00252850757678971 0.0025085138855502 0.002528693433851 0.00251656434847973 0.00254881061264314 0.00258154401672073 0.00262476287898608 0.00264561817166395
0.00227306365850382 0.00282433547545224 0.00306362239061855 0.00127896968624555 0.00214852971839719 0.00209667184390128 0.00213309618993662 0.00224460580502637 0.00231698043644428 0.00145734621910378 0.00219499939121306 0.00220187735976651 0.00218940412160009 0.00122073583770543 0.00138446129276417 0.00158453106996603 0.00162207916728221 0.00146389786968939 0.00220343675464392 0.00230858194408938 0.00203249249607325 0.00242252260213718 0.00243694103555754 0.0024505955632776 0.00242671160376631 0.0024456782033667 0.00248867372865789 0.00255735177197494 0.00258992115268484 0.00259337102761492 0.00263049372006208 0.00257940739975311 0.00251656622276641 0.00250362773076631 0.00251302842516452 0.00250977256218903 0.0024366274359636 0.00246282253647223 0.0024591755005531 0.00244665806530975 0.00252771094092168 0.0025379866536241 0.00254816209780984 0.00259706198121421 0.00269443261204287 0.0027210260159336
0.0125397415831685 0.00642906168941408 0.00161681282916106 0.00161581078427844 0.0021523276460357 0.00209610763704404 0.00210264403140172 0.00211925943149254 0.00213916616048664 0.00212864000932313 0.00214233256410807 0.00214830334880389 0.00219982999260537 0.00225160262198187 0.00217249083216302 0.00125614664866589 0.00213382867514156 0.0020068647689186 0.00205048394855112 0.00127445055404678 0.00142477090121247 0.00237885325914249 0.00245624097879045 0.00246217888197862 0.00242845545290038 0.00238586838240735 0.0024113095831126 0.00246333137038164 0.00249353774124756 0.00252278069965541 0.00252827811636962 0.00249253397341818 0.00248009393690154 0.00141340366681106 0.00252373995026574 0.00241898754029535 0.00245239934884012 0.00251086009084247 0.00249594371416606 0.00251243138336577 0.00253401212394238 0.00254753725603223 0.00267529624397866 0.00262906465213746 0.00260444744490087 0.00263541884487495
0.00130451144650578 0.00627263518981636 0.00139678674167953 0.00124392369179986 0.0017402425641194 0.00133082460961305 0.00116272521554492 0.0020061670918949 0.00206249374896288 0.00203580743982457 0.00211716862977482 0.00215660916292109 0.00223786613787524 0.00235439300886355 0.00223274828167632 0.00220584580674767 0.00216006597620435 0.00123198804212734 0.00185696932021528 0.00579639270436019 0.00215610226150602 0.00140795585466549 0.00139137124060653 0.00227512969286181 0.00225945285055786 0.00223618021700531 0.00231654543895274 0.00239778969553299 0.00241373029421084 0.00241809021681547 0.00245058760046959 0.00249183602281846 0.00254899394349195 0.00253460768726654 0.00247635567793623 0.00241219237213954 0.00246203857241198 0.00250033095944673 0.00247288686805405 0.00248894830001518 0.00252048495458439 0.00254568583914079 0.00259243137552403 0.00257944571785629 0.00264357510604896 0.00265004236716777
