Maxent_result_files_1/Bombus_haematurus_3.asc
NCOLS 594 
NROWS 330 
XLLCORNER -15 
YLLCORNER 23 
CELLSIZE 0.166666666666667 
NODATA_value -9999 
[rows 200 to 219 of 330, columns 540 to 584 of 594]
0.000728951588826021 0.000846400764567079 0.000862349032831844 0.000833567764493637 0.000758263864554465 0.000705102008942049 0.000664838129159762 0.000618123117601499 0.0006091828312492 0.00127613681688672 0.000791308854240924 0.000685220399464015 0.000959201148361899 0.00111662845883984 0.00187005285115447 0.00282514083082788 0.00181264090642799 0.00153888200584333 0.0011570529997698 0.00115062406985089 0.0032198145519942 0.00178594896860886 0.000969533619354479 0.000655434235522989 0.00161706441431306 0.000662281181575963 0.000214058956044028 0.000756596723658731 0.00772549065295607 0.0062629284337163 0.00115099360555178 0.000312863077124348 0.00352626227249857 0.000544595555038541 0.00255729381606216 0.00706373731954955 0.137408574856818 0.0865906246006489 0.0408772591501474 0.0256117645185441 0.0079086329205893 0.00115093373897253 0.000345708678287338 0.000326144488644786 0.000262702347754384
0.00083550892668427 0.000855126858368749 0.000840696546219988 0.000847317969601136 0.000819307469646446 0.000877530695288442 0.000939795354497619 0.00080938676619553 0.000744206427043537 0.000738486244517844 0.000871094038302545 0.00115230869123479 0.00120457361190347 0.00200032730353996 0.00212860025640111 0.00228843383665662 0.0020089396770345 0.000602829244598979 0.000197719483912806 0.00119819811516209 0.0016141475236509 0.00070818397362018 0.00075013768801 0.00233142440556549 0.00202788165770471 0.00287954888190143 0.00307625526329502 0.0234084676019847 0.0110512155340984 0.00972715797834098 0.0124757757177576 0.0224419807083905 0.0118805150967091 0.010246068215929 0.0130087807308882 0.0174965388141572 0.0468164524063468 0.00494581379462034 0.00354159203416202 0.011629414773779 0.0484825244428066 0.0137083969195373 0.00169707766035572 0.00133830951381242 0.00109429493694506
0.00207650177762844 0.00195420358213596 0.00135375726531493 0.00111179551604437 0.00095881021261448 0.000810474767058622 0.000822767478530295 0.000838708191440674 0.000740842889354099 0.000671736124786548 0.000812119263719069 0.000673192639806075 0.000597933246172033 0.00074611167437979 0.0012149480622611 0.00286419141921215 0.00243088432762306 0.00102633365022484 0.000728067138697952 0.00113799604878295 0.00348535412922502 0.00773528867866844 0.00601087666582316 0.00208444880554453 0.00383344473084435 0.0104169084923342 0.00898327636532486 0.0105907683260739 0.0134645482990891 0.00747544013429433 0.010472114966251 0.00729975148569792 0.0164144621230662 0.0178944097366184 0.0170374173671007 0.00380350820487365 0.0046734701259993 0.0114350698888302 0.0114788751583546 0.00848961456213146 0.00827050874941051 0.00362757011171198 0.00578490784100723 0.0707600305788219 0.00796166299842298
0.00547981893178076 0.00463816173723899 0.00345489632454701 0.00283075419720262 0.00250570978096221 0.00163356162374839 0.00116018532135058 0.000650764181045815 0.000651354734873166 0.000892239830864128 0.000901314444490708 0.00119752346072346 0.00121639497665456 0.00100847000576323 0.000685541905113496 0.000986289528373163 0.00193588953407016 0.00254399367258884 0.00417674724012613 0.0072164254495874 0.0194965099450201 0.00627091455971822 0.00356072402792051 0.00482284002937376 0.0083206404815428 0.0201487210462801 0.0102950121276081 0.00596953039348591 0.00448909946717322 0.0115494348108768 0.0101985508110374 0.00564625558909029 0.00633293080609292 0.014900085888803 0.0091855980688706 0.00473118212539703 0.00277505460544489 0.00527924933703616 0.00236168989213184 0.00449060167884454 0.00943380142562091 0.0100990242674015 0.00994187874021009 0.0456296596676111 0.0312136007472873
0.00320107960724272 0.00405534825404175 0.00570412127999589 0.00305639858124778 0.0026708502555266 0.00198648388322908 0.00155077938106842 0.000646058243728476 0.000720177283074008 0.000959624547977 0.000889920786721632 0.000998009071918204 0.00281446866865735 0.00629522098461166 0.0129752501379699 0.0069878009846434 0.00579416381660849 0.00975018850294873 0.0208570669405162 0.00644627893198049 0.0090909716906026 0.00724808621453121 0.00422459356486797 0.00315974110271782 0.00719487559981644 0.0186611195240403 0.00330247259989846 0.00676916515221819 0.00741867254255339 0.0148062602151185 0.0200236741453409 0.00330843240371905 0.00201069730392192 0.0046830675099045 0.00515649341978133 0.0112579177133739 0.0192122967913747 0.00913003558525816 0.0122767283115536 0.0111084029776976 0.0116145855747163 0.00338607338489965 0.00294306179857813 0.0028018546057865 0.00925353784114122
0.00114659088285407 0.00162773440824822 0.0024058895156486 0.00248557383602019 0.00129315432131989 0.00172267848392949 0.000879197935864795 0.000420681075047469 0.000372505091218045 0.000911944743711501 0.000720426182670053 0.000758411971037276 0.00336488127359189 0.00391238874872215 0.0121351262088865 0.0114614110440016 0.0240439718123525 0.0419619049876928 0.00350962683442049 0.0110244803596288 0.00771274035796523 0.00869382594246417 0.00256465786951594 0.00403114283690229 0.0056900741357822 0.0104319666046649 0.00713377016363665 0.00756060467101634 0.00515242113615386 0.00945469620637596 0.00857537670526654 0.00976612899685279 0.00404597326996736 0.00134191528777592 0.0101061860565096 0.00879364414140582 0.0027030493482016 0.00439080244395882 0.00614594514481723 0.0107973117846996 0.00414569982676767 0.0133309788070619 0.0201239058980718 0.00574005388189107 0.00774715377483517
0.00211244999663904 0.00258313360973261 0.00138571779680206 0.00101877351553412 0.000700463481189217 0.000541099225665675 0.000443447993893642 0.00036640392645495 0.000309843979266589 0.000514786353596719 0.000337001281513949 0.000553446385310963 0.000889462299528532 0.00327714760787785 0.00565393953584135 0.0162055847235024 0.0218965083360672 0.0137752563692629 0.00560160751920193 0.00518305303994566 0.00314428987330757 0.00720957128796726 0.00849346846807748 0.00427063988172449 0.00405000583268702 0.00288916790159419 0.0124343428760767 0.0110425452934578 0.0112529619131237 0.00646584189962596 0.00549313684459776 0.00491251961793751 0.00245589052210562 0.00238358118804172 0.00555179880466312 0.00754327040631324 0.00829541618004441 0.0104357429547235 0.0188909824006259 0.00717048875521868 0.00402774149551988 0.00427815106231719 0.0116354189813137 0.0102344835642725 0.015044291364029
0.0045054126821924 0.00119325203995686 0.00142445844976464 0.000600527098140447 0.00101027083655936 0.000617677191621624 0.000432474869376165 0.000392109146923758 0.000367315288167447 0.000452415958716301 0.000287138899875572 0.000124126491118659 0.00318740993971005 0.0129987900145352 0.0470503116026521 0.0586860854178667 0.0625418081879616 0.0615224607288837 0.0190132440067828 0.0120687159360386 0.00157026498636696 0.00192640829482116 0.00324043637374416 0.00409597272519022 0.00663079238729551 0.00333484914735891 0.00745173380710185 0.0139999209903181 0.157935310155153 0.276362963020802 0.087594750104472 0.143617966398597 0.0680404156446457 0.154405955225229 0.143190445494838 0.0378487590838631 0.0261904189479537 0.0175228475635322 0.0544436109117669 0.12808989554178 0.0980235960334539 0.0312321522738785 0.0401691241422668 0.00865904573583975 0.00645510340109468
0.00842173960991204 0.0132797705475241 0.00620357361622155 0.00250729746185243 0.00169146922416985 0.00197546457056887 0.000710928523039911 0.00060140051500639 0.000482250537606888 0.000455068948213011 0.000196061928363633 0.0333970594918355 0.0398921679705381 0.0267572980374098 0.012018418032676 0.0082979338709265 0.0163102365564555 0.00456545336928684 0.00262981106643565 0.0200136253610253 0.00238118765701074 0.00386136856395751 0.00595662720734254 0.0039778703590855 0.00497500471537933 0.00496675547910854 0.132364512979984 0.0435713301587384 0.0381590064615011 0.0158762307371944 0.0212451695231721 0.00213201455771923 0.000308550189583912 0.0019733423825528 0.0585813077166677 0.0476080857217312 0.100586020946503 0.0581890098750591 0.017322207428515 0.0142970799468458 0.0117986038327217 0.0220345240086317 0.0151467062998563 0.0238002363592386 0.00832062046974897
0.0113750571850687 0.0270171950571239 0.0301989252213389 0.0308440288994461 0.0156529833097011 0.0231686133891344 0.0168677203822881 0.0258394974283874 0.0313248694874346 0.136695604026318 0.0467586178332567 0.0203516458161175 0.00464678346179426 8.58325804756532e-05 0.000186392498426358 0.000466280924774765 0.00174563894106541 0.00686862751026638 0.0489165460690856 0.0635979218408465 0.0312325499951839 0.0101647958159447 0.00721552825998515 0.0117926677921787 0.00684785326011479 0.00250224253977649 0.0566825103014708 0.0456428174860775 0.0030790614662692 0.00497975101461634 0.00829388079000637 0.0232742092106491 0.0487638113554567 0.0121221127454191 0.00192656186991371 0.000102711330691818 1.75643138959458e-05 2.35363582078207e-05 0.00403407905250788 0.00847446573898196 0.00614167405292392 0.010206090263091 0.0430471893399954 0.0384213903918862 0.0124410185730085
0.0258543611504138 0.0138665586709976 0.0456647934392095 0.138951952010393 0.0773657366633415 0.0661647502332926 0.186312893405557 0.00775536600267515 0.0184178359457292 0.00567208535503596 0.000252563468893641 0.00013084374418213 0.000116581035581476 0.000109519293005178 0.00123029410970048 0.0011810977019195 0.00127486324636266 0.00256966698507313 0.00530424501048401 0.0338879322633147 0.0589295485988259 0.0248790508601815 0.0108766577206552 0.00117915520677343 9.67523063991393e-05 0.00130588692845777 0.00108724937599618 0.00165020785643719 0.00280756143620238 0.00213933230843395 0.00111114009050652 0.00146869428281207 0.00297795364749618 6.93316666911414e-05 1.03479586414323e-05 1.85486914006106e-06 1.39856117243653e-05 0.000416630351537606 0.00324508686317131 0.00504101773258299 0.0087276350823231 0.023522937274538 0.00267454877030104 0.0135586500633508 0.00394806840777164
0.0297355558723211 0.101984125003219 0.0935192920267582 0.110691367834806 0.0808139495551586 0.257492990791798 0.319680005311966 0.0897319793701172 0.166601699218154 0.00382662356132641 0.00172890402245685 0.0131961066654185 0.0337725616060197 0.0249715706333518 0.0764993039891124 0.155869867652655 0.135498482920229 0.287670622766018 0.062152158562094 0.0034526000963524 0.0133223705925047 0.0192871069535613 0.0162940274458379 0.00598266462329775 0.000966574810445309 0.000345618862047559 0.00059678971338144 0.00415760317409877 0.00260298090579454 0.0110481045441702 0.00918497935635969 0.000330259373731678 6.07965836934454e-05 9.84525690910232e-05 8.23766587927821e-05 0.000379316689941334 0.00847793110879138 0.0115757634863257 0.0238335646223277 0.0166534640593454 0.00819457361940295 0.262425557698589 0.0556533551774919 0.0518279415089637 0.047741544386372
0.0753640750423074 0.0280005050357431 0.324261498451233 0.0437348177656531 0.30842474848032 0.480573214590549 0.139245995506644 0.137464341148734 0.605178347229958 0.672065114974976 0.700843027234077 0.722184360027313 0.474811179935932 0.563773655891418 0.475057852268219 0.422642295062542 0.229983866214752 0.2046297095716 0.0984705731272697 0.0072698793374002 0.00544287983793765 0.0622226193547249 0.0526135556399822 0.00458120577968657 0.000815855768451001 0.000988821196369827 0.00050733858915919 0.00135294971769326 0.0242081271950155 0.0684152200818062 0.0407624989748001 0.0129727518884465 0.0105762360748486 0.0292595267063007 0.0544626162387431 0.00627655508869793 0.14339192584157 0.0620078851934522 0.0404343216621783 0.00131578449036169 0.00120582573235879 0.0433410426834598 0.120257843099535 0.0436472272966057 0.0053967946296325
0.000510959594976157 0.00188132643379504 0.00896308106603101 0.00374844850739464 0.114871597662568 0.413628214597702 0.390420001000166 0.319259806349874 0.80496808886528 0.688882258534431 0.651916867494583 0.618235811591148 0.584187912940979 0.544047221541405 0.497793507575989 0.442526787519455 0.382114759087563 0.546152955293655 0.0362294329330325 0.0548865109682083 0.024745671171695 0.00965280788950622 0.00212771582300775 0.000670508483926824 0.000701143695550854 0.000568829993972031 0.00041190040865331 0.000258123857656756 0.000444834238442127 0.000331343063862732 0.000835012489187648 0.000655822595490463 0.00038104793338789 3.7262156183715e-05 0.000359776425830205 5.05023160428664e-05 3.30717645965706e-05 2.28157231958903e-05 8.40020756641025e-05 1.85188850323925e-05 4.71107136888804e-05 0.000939574715812341 0.00128606957969168 0.0473175098886713 0.0883881238289177
0.00206869765825104 0.486941494047642 0.416793577373028 0.717075404524803 0.433153299987316 0.212766622006893 0.176833376660943 0.566448427736759 0.202573975920677 0.545648056268692 0.778482884168625 0.673749285936356 0.6435741096735 0.634248515963554 0.805458182096481 0.489509506523609 0.770754623413086 0.185519191995263 0.0530714012682438 0.00596414180763531 0.00103747036064306 0.000297964090805181 0.000111446530070225 0.000709455032665573 0.00368601840746123 0.00060636532780336 0.000359125455861431 0.000831904110964388 2.54870664321061e-05 1.86446853405187e-06 2.92041242633267e-08 1.46471664796977e-09 1.90202314565013e-08 2.34536449017497e-07 2.10928879837979e-06 4.22423915846792e-08 6.97850868291994e-07 6.08424280926556e-05 0.00624082639988046 0.0126885529025458 0.0428677855990827 0.0296650197822601 0.0968956520780921 0.171648110449314 0.0232638409826905
0.00156659410495195 0.00593223068863153 0.014462972828187 0.169454184174538 0.0834970332682133 0.00406224169710185 0.00132218291328172 0.0231401293538511 0.146625214442611 0.318744660168886 0.299830009415746 0.341193399578333 0.249641107022762 0.217900052666664 0.521530816704035 0.218853246420622 0.0171862483723089 0.00310087109173764 0.00102587565434078 9.640582047723e-05 0.000224295060388613 9.74898680965453e-05 6.39089609080656e-05 0.00019367907641481 0.0147933968924917 0.0100645034341142 0.00058158259416814 1.06830832891092e-06 2.69454464030261e-07 5.15742560325272e-08 8.49417280956999e-10 3.89121401767056e-11 7.54104056976956e-09 1.5202641068246e-08 0.000802346762111483 0.000331887321772228 3.15345257373423e-07 0.00487516736029647 0.0902935822494328 0.0621958039700985 0.116008226200938 0.0581206317991018 0.023343282029964 0.0213813217887946 0.000681091519589927
0.000310817919762485 6.54869868867536e-05 0.000419627080191276 0.0154523727716878 0.277601640671492 0.0133992548799142 0.00836975728161633 0.00672099817311391 0.00106014063640032 0.000966184757817246 0.00035044679116254 0.0021230296282738 0.0024862984122592 0.000567994891207491 0.000859996188955847 0.00215509102235956 0.000523813801055439 0.000147573706510684 0.000120009521344855 8.64759010426042e-06 2.72991295901193e-05 0.00218902993365191 0.00235205230710562 0.0401456118212081 0.0970587506890297 0.0164621526258998 0.0751262713340111 0.00129497345515119 9.69300164754827e-07 2.18814805386103e-08 1.4966681394224e-08 1.13401641521627e-08 2.32838364979671e-06 6.77296766227187e-07 1.19596747879314e-05 0.0350261982530355 0.0181929663784103 0.0297708665719256 0.0297148358862614 0.00145908222268645 0.00405065876011577 0.000193407865504014 2.18157235735816e-05 1.57607386697123e-07 7.76012960557182e-08
7.03250628248497e-05 0.000108430370801216 0.000392134091816843 0.00101080262829782 0.00351631116645876 0.00129535804298939 0.00042548371166049 0.00036848552445008 0.000620200284538441 0.000521965485677356 0.000349928598370752 0.000241562651171989 0.000510347361341701 0.000472478425672307 0.000463966922688996 0.000613525552216743 0.000746729246930045 0.000503557121646736 0.000244627137954012 1.44371450488734e-05 0.000708478935121093 0.00444288113831135 0.00350327101623407 0.000137374921814626 3.2889887620513e-06 0.000271699174072637 0.0179013672639485 0.0842224045074545 0.145725227938965 0.000128464700128461 0.000162106833704456 0.000593603162269574 0.264858504757285 0.185425796546042 0.105829130392522 0.0013883900966448 0.00331391826839535 0.000373292145309279 0.000358736963096362 6.41570047292817e-06 0.000679192033385334 0.00175388568895869 0.000737692271832202 9.49194884327653e-06 8.31845970772349e-07
0.00509415152482688 0.003200995788211 0.00250577655097004 0.00365548425470479 0.0039107563206926 0.00343207611877006 0.00463923668430652 0.00139090073462285 0.00117465312032436 0.00115819747879868 0.000783021211464074 0.00112639865074016 0.00115598524243978 0.00026493049022065 0.000380425509956694 0.00088878403439594 0.000681824919593055 0.000425549547890114 0.000608502864088223 0.00117713230138179 0.000365836593482527 2.24331603888572e-05 3.8984473860193e-08 1.21936010728518e-06 0.00023537200171404 0.000182136846706271 0.0242888637319993 2.60127570982149e-05 2.04295494086182e-05 0.00781394371078932 0.00182511691364198 0.0147419482465921 0.000337303051207982 3.32121050348633e-05 3.93429661869504e-05 1.27252776493947e-07 1.26426379893019e-05 2.58411745733156e-05 1.1911025475797e-05 6.3318110619548e-06 1.36952719174133e-06 8.82181208083921e-08 8.55144889122528e-08 1.61041257662475e-07 2.79721125025389e-05
0.000854630465619266 0.00106466015713522 0.00125232882564887 0.00202274870243855 0.00178717218223028 0.00721326658967882 0.00613853298127651 0.00261982808879111 0.0024396623877692 0.00203540939255618 0.00127659569916432 0.000951591820557951 0.000871842971537262 0.00101432825213124 0.000945215853971604 0.000534125020567444 0.000267998937033553 0.00164183054002933 0.0102676603011787 3.20323944251299e-05 1.49172521147989e-05 1.9862143371796e-06 0.00157075201968837 0.0125477813242469 3.04065115486196e-06 3.73820863686092e-07 2.78662100299698e-05 2.45735643389366e-07 3.1110282563418e-07 1.63391253295231e-05 1.64425083752917e-06 2.71400543283562e-07 1.09118925006868e-07 1.3632472528613e-07 2.03220502044132e-06 2.16502635908e-07 1.04896860619874e-07 9.75615128240293e-08 1.01935056484592e-07 1.0092224762559e-07 8.65178066078443e-08 7.17019195128898e-08 6.3769995994889e-08 1.05991865893884e-05 0.00125018744147383
