Maxent_result_files_1/Bombus_subterraneus_2.asc
NCOLS 594 
NROWS 330 
XLLCORNER -15 
YLLCORNER 23 
CELLSIZE 0.166666666666667 
NODATA_value -9999 
[rows 210 to 230 of 330, columns 46 to 91 of 594]
0.174292294681072 0.18602394759655 0.196102982759476 0.240073046088219 0.224577522277832 0.355377691984177 0 0.369610089063644 0.398458540439606 0.286016071850281 0 0.39779247045517 0.392856556177139 0.399831980466843 7.76490196585655e-08 0 0.399751001596451 0.398909974098206 0.393182915449142 0.089232228975365 0.378519833087921 0.336646416783333 0.340243703126907 0.0858485132455826 0.289102536439896 0.289577370882034 0.0783552542328834 0 0.118565325438976 0.106919276714325 0.126909650862217 0.112091407179832 0.11260314360261 0.0103732034185583 0 0.298812580108643 0.140971979498863 0.151762838661671 0.178815186023712 0.399900507926941 0.206237226724625 0.399403744935989 0.399168545007706 0.395156472921371 0.397278326749802 0.391640961170197
0.300430798530579 0.102908084541559 0.299422666430473 0.112093050032854 0 0.118619781732559 0.336013385653496 0.0969456395799853 0.198455719929188 0.0655750834751643 0 0.295260943472385 0.284719893336296 0.231280294177122 0 1.11022302462516e-16 0.398340076208115 0.249098801612854 0 0.393089115619659 0.237885797023773 0.153114509225998 0.2218914732337 0.0703308865427971 0.31856597661972 0.0744166653603315 0.119127701222897 0.0839976586401463 0.291109570860863 0.122313165664673 0.13116998821497 0.294717088341713 0.231217238306999 0.111126708984375 0 0.254521438479424 0.259507218003273 0.13469311222434 0.268159162998199 0.350580060482025 0.39989954829216 0.399990427494049 0.399997633695602 0.399920326471329 0.399801057577133 0.256013405347994
0.124520467966795 0.256643626093864 0.19589429423213 0 0 0.0180885776411742 0.0111390890025968 0.000482154493181897 0.11807143362239 0.0108091744795274 0 0.133689559996128 0.172432340681553 0.29564089179039 0.0977851450443268 0.213868391513824 0.31527818441391 0.284010577201843 0.165976477932418 0.285182172060013 0.295517438650131 0.257423624396324 0.279254892468452 0.0617409750819206 0.0885178931057453 0.0630652740597725 0.278981870412827 0.281046772003174 0.0928353235125542 0.314078050851822 0.269706383347511 0.0377349581569433 0.0317678868770599 0.0358827069401741 0.2745366320014 0.102253876050963 0.226482985913754 0.0935652147978544 0.226475122570992 0.241233479976654 0.251949745416641 0 0.377015167474747 0.398148268461227 0.374256896972656 0.399882805347443
0.0464462039759383 0 0 0.00153147807868663 0.0495059194974601 0.0439915324444883 0.000929497437071325 0.0104424926885258 0.239599405229092 0.105808340897624 0.088603538274765 0.0173489676788449 0.00691709369421005 0.00634479457512498 0.0782441839575767 0.0289172099903226 0.05039515607059 0.0472945839166641 0.0474363785237074 0.0841696128249168 0.0735173221677542 0.128077262639999 0.116116560995579 0.119999495148659 0.140091934800148 0.119924648106098 0.103888143599033 0.268341919779778 0.276216000318527 0 0.100440320372581 0.0085031128488481 0.0222641514614224 0.085315652936697 0.0928882032632828 0.275904773920774 0.151163263618946 0.0579135971143842 0.219993390142918 0.0177199379563928 0.0269277764395074 0.00270986404491964 0.0708099177209078 0.124597970955074 0 0.0595830105200548
0.0662458545004483 0.218413656949997 0.209338648989797 0.0117200577147372 0.0148232960160534 0.00175814827541786 0.0092349078208842 0.000174419450883256 0.00247613161336631 0.074284739792347 0.0426601190119982 0.00599208902567625 0.00869749579578638 0.0192837520036846 0.0560430679470301 0.026393879733218 0.063797465339303 0.0620331790298223 0.0659692734479904 0.076248749345541 0.0784891612827778 0.0886661656200886 0.285761684179306 0.39155541062355 0.392884755134583 0.378936123847961 0.345426595211029 0.366068041324615 0.32631473839283 0.00776028246557701 0.00192007631234219 0.000559382475330494 0 0.00723940245807171 0.00272570610977709 0.00183616217691451 0.0198003197088838 0.097758630849421 0.0128681390611746 0.0576383746229112 0.0639939233165933 0.232511086761951 0.218933503329754 0.00718110062880442 0.00119555628657216 0.00639101234562035
0.00065333359227816 0.027189878657282 0.0959887037693989 0.211842211335897 0.0200777527934406 0.00188908082623975 0.000129353679413491 0.000104269710756555 0.000563167408131449 0.0593565557152033 0.0174735290929675 0.0140493709594011 0.0196912193205208 0.0213878598064184 0.0184800075683597 0.0206032160941842 0.0209666132926941 0.0610949262976646 0.059764701500535 0.0616808984428644 0.064040744304657 0.0509983053430915 0.127315268467009 0.00583493882088852 0.200083057503434 0.358327949047089 0.0456108141632285 0.262118808925152 0.399097627401352 0.198127692457552 0.00373439406976284 2.1305008450756e-05 0.00615314194001257 0 0.00277504334226251 0.00842258390039206 0.0333790541626513 0.014899530634284 0.0110682047437876 0.00103217393625528 0.00302060871813987 0.00548642980471801 0.0058397282846272 0.0213695457030553 0.154405238106847 0.0437913205474615
0.0123739499775183 0.000161648306092532 0.00229708737941174 0.000678208086174148 0.000181836515577749 0.000100437914872542 3.23802560419195e-05 6.29862009447924e-05 0.00692999334387423 0.00427518703509122 0.0188664238899946 0.054422352463007 0.0515110321342945 0.0177456160541624 0.0581818796694279 0.0555928766727447 7.90711940368283e-13 0.0411485403776169 0.0464222107082605 0.0358988009393215 0.066637822240591 0.211910170316696 0.132959809624845 0.0345483024731038 0.00940821517651987 0.140907539124601 0.374924314022064 0.398424673080444 0.212210191786289 0.298755568265915 0.0167657405138016 0.00133253756010276 0.000892686564475298 0.000793534843251109 0.00152105832239613 0.00379798300564289 0.00408279825933278 0.00735166566446424 0.00105370926700061 0.00274701043963432 0.00588748753070831 0.00362868229858577 0.00425829784944654 0.0127717551775277 0.00559179927089826 0.0125125830993056
0.0898667971603572 0.00116817926173098 0.0558422253754245 0.120417865365744 0.000935211683597004 5.68290299018837e-05 0.000356092046729728 4.25287457352153e-05 0.000328976229673117 0.00251878013368696 0.0181318851187825 0.00401101626921445 0.0217972496400328 0.109419141337276 0.0833832371979952 0 0.0140132768079638 0.0486439004540443 0.0540889602154493 0.0565789379179478 0.141394144296646 0 0.163410852936431 0.225200095772743 0.199626848101616 0.00866920201639516 0.0038260631564347 9.47391458685609e-05 0.0284561994718388 0 0.16677762940526 0.132869312912226 0.0444260012358427 0.000382596288282322 7.99911401206166e-05 0.00519288117066026 0.00198830590816215 0.00114073719695749 0.00120379229774699 0.000698583747725934 0.000673906068550423 0.00032297259895131 0.00166176396887749 0.000691027668653987 0.00182674385723658 0.00965746270958334
0.0737688403748323 0.015007542937667 0.0614644741976008 0.000677477368360968 1.5472011912443e-05 0.0211694853929657 3.79321086543039e-05 5.03026384763738e-05 0.000841772690182552 3.89577259340967e-14 0.00762661993503571 0.00709773334674537 0.0129615587182343 0.0193430363509364 0.00723157282918692 0 0.00239098749589175 0.0431150537915528 0.225933137536049 0.0206257723271847 0.160810446739197 0 0.0933617599308491 0.0971355341443996 0.173412230610847 0.0047437303699553 0.0398449917403923 0.0785077732056379 0.0121218628027259 0.276780344545841 0.212586709856987 0.12500554472208 0.00449793558124725 1.12044081591156e-05 7.30231432612527e-05 0.00056445341615472 0.000757179490756243 0.0025093175470829 0.000950183762324741 0.000898719881661236 0.000510114201460965 0.00359467482194304 0.000550379924243316 0.00824807547032833 0.00082541931187734 0.00128788731526583
0.00620409634904275 0.000742719590206464 0.00316685379673887 0.00665771544465912 0.00218017108743425 0.000915813914853203 0.000171778288850644 0.00198404882103205 0.00245383125729859 0.0178517371416092 0.00657945282291621 0.0253186360001564 0.00406419364735484 0.00311536982189864 0.0041509379632771 0.00142863617511466 0.00176307441433892 0.0125583614688367 0.0411867471411824 0.00832732231356204 0.0380549680441618 0.0660252569809927 0.121647614240646 0.236896499991417 0.0571992877870798 0.0347223028540611 0.106648721173406 0.240530827641487 0.109915223984706 0.0474176280200481 0.0385060720145702 0.0262862630188465 0.000237189968834173 0.000154569726873888 4.8247858068784e-05 6.12715496811855e-05 0.00516152195632458 0.00739473104476929 0.000683791900519282 0.00060956878005527 0.000410843621648382 0.000450590407126583 0.000569397007348016 0.000568771059624851 0.000104963275862247 0.00015213125225273
0.000904094998259097 0.000367125799326684 1.47542225932162e-05 9.73197977180984e-05 0.0216250130903292 6.28966172416701e-05 0.00235444011411801 0.013191299373284 0.0280326627194881 0.0239409115165472 0.0818072430789471 0.0445554129779339 0.0385659974068403 0.0370907504111528 0.00887600742280483 0.00345098769757897 0.00173540508840233 0.00206050581109594 0.0047797405772144 0.00152600499932305 0.00301649135071784 0.0693385206162929 0.135679508950341 0.213466850435361 0.0202480447980419 0.00723399789922901 0.00128595686438757 0.0253746989183128 0.199617446213961 0.00490482458844781 0.0404646347276866 0.00435905596241355 0.00468080453574657 0.000164525902619062 0.00024474590572936 0.00044382474034137 9.61447444919106e-05 5.83343635971012e-05 0.0083881750702858 0.00117117775371298 0.000705982116051018 0.000384845602093264 0.000366276226850459 0.000795263268810231 5.93402113736374e-05 0.0001611769257579
0.000115266323701058 2.95709027113844e-06 1.05588335827633e-05 0.000186393035985977 0.0215026467572901 0.0356626282903221 0.0480099221280398 0.0109399267355911 0.0108176881913096 0.0137309186160564 0.0573161497712135 0.0503969267010689 0.0424056690186262 0.041664282605052 0.0387937802821398 0.00834703026339412 0.0153025858104229 0.00345743850339204 0.0562351629137993 0.115495730936527 0.0382692521205172 0.105285329394974 0.0582686412006012 0.00190422890623935 0.00052878610543895 3.54655273080096e-05 0.000103854713399287 0.000627217444979777 0.00722750189042216 0.00890261509593984 0.00576525458777724 0.00180617048242535 0.0120446748034738 0.000644235919025959 0.00147694602783304 0.000319459440652281 0.0366547513753176 7.80746650327124e-05 0.0273548532277346 0.0105921395123005 0.000213692541001365 0.000572973251109943 0.000924309814581647 0.000579227233538404 0.0038612284231931 0.00294335937360302
0.0565909782428626 0.000133370309049774 0.000996983735279611 0.0117930641399236 0.0230048639733133 0.0221884862634841 0.0109643413869662 0.0418935445661191 0.014224137365818 0 0.0425598569214344 0.0342541730031371 0.0343321833759546 0.0503283139318228 0.0472069296985865 0.0089227385353297 0.0224759448785335 0.0094512929674238 0.0963066686410457 0 0.197618639201391 0.0340646182727419 2.3602971895087e-05 0.000123200523947986 0.00020593071829742 0.0329529739916325 0.0533780746328745 0.126525791361928 0.020227880240418 0.00276301610964511 4.78673756823977e-05 0.00064158468244967 0.00207746209944162 0.0019058114150539 0.0356332652270794 0.0019766996963881 0.0175409913063049 0.0341249318793416 0.00142636497387993 4.53584376145955e-05 0.000176710421806092 0.00879767527803779 0.000860184960765764 0.0033392416323295 0.0026291772327113 0.00170662052405532
0.0190460304186722 0.0109002215939363 0.00448566361882639 0.0207249230314709 0.000307454619956649 0.0396160082757823 0.0390583623203235 0.0847616300379741 0.0969257588963956 0.125261244177818 0.0379521992057562 0.0298822481185198 0.0224002173170447 0.0992432370781899 0.100441360473633 0 0.0114230679086177 0.0369108103215694 0.0328919357496488 0.0266248257886531 0 0 0.000311969754693564 0.0113953178748488 0.0235186953097582 0.0229239195585251 0.199588443338871 0.018616420996841 5.96398147889698e-05 0.000210372373441448 0.000401014064164074 5.15485035285312e-05 0.00250973649556823 0.0199524383187963 0.00770422895885758 0.031717449426651 0.0268113939091563 0.0646374702453613 0.00220034951344132 0.00126584535087204 3.31403199039348e-05 0.0031915975218908 2.38541264939163e-05 0.000189166770142213 0.0061659870990015 0.00220584394438414
0.00145687420154005 0.000445785225024076 0.00680708795809856 0.00500741314644699 0 0.00202368677754816 0.000136971571555711 0.00129406488267705 0.00165312426398374 0.0902513995150414 0.00887221268428426 0.170186553895473 0.0162141837470699 0.0718397278937459 0.0620618887245655 0 0.0178924737498164 0.0026075966422346 8.99772294717383e-05 0 0 0 0 0.00423374501988292 0.00317193982401491 0 0.0594179470092058 0.000496514215456045 0.00609910125785973 0.00745231552155019 0.000657853540403019 0.00259224115338336 0.000557351694576125 0.00096218619825239 0.00551303124034632 0.0109212162089534 0.0316622376441956 0.00811848565936089 0.0352497804909945 0.0528991416096687 0.00102141778447259 0.0113203289746323 0.00325253120013969 0.0038254312747333 0.00108810392646194 0.00746229175128974
0.00135161691869149 0.000212445000217876 0.00278146875209566 0.00574996005192513 0.00334326762626981 0.000729248367133573 7.9796829595602e-05 0.000292645711400952 0.00804388840317927 0.0657786125364498 0.0260192922108232 0.0233387846499689 0.0989998074468758 0.0128879199795971 0.00267408965222007 7.75875256070258e-05 0.000241657771786663 1.62220861571138e-05 1.23394098263008e-05 1.78514869730861e-07 0 0 0.00220568028955768 0 0.00192667141091079 0.0128529247827828 0.00892006673384458 0.000259097535308683 0.0057710190070793 0.0341860495216679 0.022138437256217 0.00259512983634689 0.00413745236731135 0.0034445760311327 6.61710678511285e-05 0.00131905833296373 0.0177515409886837 0 0.000161424560699086 0.00177999026766317 0.0340307557231267 0.00260617799519539 0.00237090651695122 0.000582575496774884 0.000396764964177632 0.00126336570571581
0.00135969933471645 9.22383165743668e-05 3.10593307403906e-05 0.00107455852266867 9.43661774726934e-05 0.000638889439869694 5.22735416780051e-05 0.000203703827641744 0.00134470510154499 0.0974642715356396 0.0197922532567999 0.00977058871832828 0.0744317443097824 0.0137012864477932 0.0052988602661207 0.00286443288965756 0.000331173998144818 5.03789852119074e-05 0.00201460847165436 0.000478120989282615 0.00122252865694463 0.00143158732680604 0.000673749920679256 0.00169658614322543 0.00767643414437771 0.00388094857335091 0.0160401847213507 0.0700440336018801 0.0250773150473833 0.0372053202595112 0.0431295624002814 0.00174220446362865 0.000155372649194652 0.000763478590189481 0.000515912988533307 0.000556052220381964 8.50156692841386e-05 0.000162151598899918 0.000246618312943625 0.000129534951774057 0.000269349488517301 0.00077069991104437 0.000207505356273996 0.000842092346192835 0.000325336568850665 0
0.000238294506743852 0.000155431280290941 0.000270601386546332 0.00591440205474313 0.0123028628987655 0.00749381066172771 0.0169455639201544 0 0.00176887112038148 0.00251378377462562 0.0354236498431419 0.00963722413948744 0.00251715115722431 0.000970223686733451 0.000774042296702415 0.00237535378624845 0.0046177257085219 0.00139291935483925 0.000623138490482233 0.00177053609513678 0.00126586519181728 0.000586424022912979 0.000952900247648358 0.000860997021663934 0.000924668810330331 0.00133389427792281 0.0163890111260116 0.0528751373291016 0.0621668864041567 0.0250611455179751 0.0179043649579398 0 1.30830360055456e-05 0.000365354950342145 0.000559538894699596 0.000167639460550584 0.000377737048009774 0.000286515144578814 1.77820824492136e-05 9.73850104065588e-05 1.96271264999215e-05 0.000216721664209618 0 0 0 -9999
0.00925200031488222 0.00279471942340024 0.00122655013110489 0.00154277929112615 0.0108599020923799 0.0204074867817695 0.0128959214595703 0.000131914585423232 0.0008700973485956 0.0107982950818041 0.0065173183654224 0.00139807519117312 0.00386458807915915 0.0173301316797733 0 0 0.00949698472395539 0.00205638011154292 0.000930287275696173 0.000586201129772235 0.000380917169968598 0.000417820242000744 0.000734655431006104 0.00221778620034456 0.00396520798094571 0.0141612576320767 0.00668953666463494 0.00399132436141372 0.0381040275096893 0.078620589338243 0.000166096451378017 0.000571149018355754 0.000514723325630462 5.59860288005476e-05 7.26556046328763e-06 0.000189649996854468 1.25017220061641e-05 3.48188087284096e-05 0.000362420312204226 0.000171343905151455 6.2633392420941e-05 0.000130731505644055 0 0 -9999 -9999
8.61142132634995e-05 0.00136160085682557 0.00137354281032458 0.0003791458613705 0.000547110317877775 0.000971878229194412 0.000155762712464991 0.00210480541895528 0.00097649808033351 0.00138110025111955 0.00123879704315739 4.14618074501383e-05 0.00524815422106153 0.00872062178095803 0.000245237509443541 0.00427184607833624 0.00222530820174143 0.00497864992357791 0.00300484364852309 0.00342335002496839 0.000688041286775842 0.00031111107673496 0.000618126516928896 0.00127868764102459 0.00229494925588369 0.00110129994573072 0.00163765114266425 0.0022137739462778 0.00345912729389966 0.00568267563357949 0.0159261703491211 0.0032901931564993 0.000142451699737101 3.06555230582539e-06 2.30316289230315e-06 2.03481430410157e-05 0.000225776836959368 6.58151317093347e-06 6.52812438205475e-06 0.00107773071512014 0.001036222884278 1.64898147897441e-05 0 -9999 -9999 -9999
4.67532338007004e-05 0.000354153211810637 0.00342990269827861 0.00267826542291827 0.00325299490651183 0.0034901745247403 0.00251479822719745 0.00123233781282791 0.00917446363506969 0.0177378660941031 0.00197954004939884 0.000445371747835055 0.000250229930818457 4.07555646044777e-05 4.31304391331766e-06 4.31057776598687e-06 3.64885308080654e-06 0.000445409006245123 0.00235679326870013 0.000669256217375391 0.00222177105024457 0.000845523423049599 0.000774920952972025 0.000664983305614442 0.000625233736354858 0.00071819273289293 0.00112709369277582 0.00378553299233317 0.0101959444582462 0.00276380830910057 0.003985257120803 0.00492825149558485 0.00081129630561918 0.000199866065577226 5.5074670351507e-05 0.000361529427027563 0.0173926127143204 0.00224466880945329 4.8430489750384e-05 0.00119488561116583 0.00196085380157456 0 -9999 -9999 -9999 -9999
