Maxent_result_files_1/Bombus_modestus_3.asc
NCOLS 594 
NROWS 330 
XLLCORNER -15 
YLLCORNER 23 
CELLSIZE 0.166666666666667 
NODATA_value -9999 
[rows 147 to 167 of 330, columns 368 to 413 of 594]
0.00807232846273109 0.0322238082066178 0.0296513380482793 0.0137249550782144 0.00170707060024142 0.0019827724492643 0.00159361708210781 0.00333408708684146 0.000877117928757798 0.00026780918269651 0.000888289909926243 0.00519551835022867 0.000233830771685462 1.89660083783627e-06 0.00151377598567706 0.000170177649397374 1.92697733226055e-05 5.77688786229658e-07 0.00196010234576534 0.00879793474450707 0.00296739727491513 0.00161354417796247 4.17244158597896e-05 0.000880526333639864 0.00103874793121577 6.1056331490672e-06 0.00108603669868899 4.64141447082511e-05 2.58774294344954e-06 0.000446880411618622 0.00043460234428494 5.45761001327083e-06 3.70475861366515e-06 8.72849647847174e-06 1.91864614033865e-05 2.49335189039357e-05 3.29427199868837e-05 0.000218816603955929 4.74472161954398e-05 3.38828456622031e-05 3.25121781615145e-05 5.99904485136027e-05 0.000200151598453291 0.000381190975569989 0.000410395264111252 0.000350804749142874
0.00534669412299991 0.00431286158272997 0.0105561880860478 0.00637050932273269 0.000769433197274338 0.000526008382803411 0.000193783818758675 0.000223374517372577 0.000216826890937227 0.000168683882293408 0.000348580515674257 0.000158658266445855 0.000982579331866873 3.9013266883936e-06 8.49917098889819e-05 1.73115556719949e-05 1.91069544598577e-05 0.000123672277379683 9.59184019772019e-06 2.60772766190742e-06 0.00223204681678908 0.00087412252323702 0.000533843734774564 0.96321205496788 5.81484967369761e-05 0.000485070429203915 0.000768323637930735 0.000117089115883573 0.000648771220880917 9.27734898115151e-07 2.32577826722036e-06 6.05488617646532e-06 6.85893724976516e-06 1.84376357141858e-05 0.000118332746751548 3.03359123314584e-05 4.93749708794122e-05 4.46419145771593e-05 4.98733119114414e-05 7.23982447024207e-05 8.77119997961473e-05 8.35381396098178e-05 4.20026801310258e-05 4.84440915307638e-05 7.8204694615136e-05 0.000134353272940602
0.00101402102591237 0.0294193158391863 0.0116609252523631 0.00284127092454582 0.000473518345461343 0.000172265472065192 2.97598982186287e-05 5.12316983190431e-05 0.000623397858623775 0.000121916040370706 0.00127798671346682 4.24494977346868e-07 0.00455363197015686 3.50520640157725e-07 0.000169125251545665 5.36991239408202e-07 5.41529040865019e-07 8.87358302179564e-06 2.06809184333245e-07 6.70251596779359e-08 1.91553461026395e-07 4.67757784374134e-05 0.00346710688099847 0.000392337411176413 2.17869680901872e-06 7.11667471464672e-07 1.38923493339105e-06 8.08945821518137e-05 0.000312480587672326 8.14954928728184e-05 0.000156085754861124 8.75807343618362e-05 0.000195182788593229 0.00075445503462106 0.000732848014740739 0.000402077418402769 0.000775134580908343 0.000127424227321171 2.57496625087783e-05 4.10519097045814e-05 4.84991772170873e-05 8.95705995804019e-05 8.09718394124914e-05 4.78859980064472e-05 8.30150724389633e-05 9.93529922387437e-05
0.00160829394881148 0.00178165743127465 0.00155184452887625 0.000617804896319285 0.000760079361498356 0.000635505402169656 0.000180055908913346 5.61300244044105e-05 2.40621311945688e-05 7.33346327706386e-05 6.45414666688993e-07 5.95668974001651e-07 9.59061000616046e-08 1.90077121486887e-08 5.35750429331294e-07 1.99734538020024e-07 8.95386952692867e-08 4.02280072286931e-07 6.32795944943698e-07 2.26677803338848e-07 7.35023199460727e-07 3.96963305748788e-07 2.60282693520519e-07 2.29552391117771e-07 3.28613595501626e-07 2.4170860233319e-07 0.000176621243974751 9.16603684515849e-05 5.01985990922549e-05 7.01765740296345e-08 1.47685325857516e-07 2.20466595468594e-07 6.51567882982818e-05 7.37906905669661e-05 0.00053404250938911 0.00033387169278285 1.70881969871695e-05 1.73485382777727e-05 9.86122295649761e-06 7.13577818471922e-06 7.29941980028848e-06 1.19439701053992e-05 1.11677604817451e-05 1.95560130473504e-05 2.70273604159765e-05 2.4073928347057e-05
8.91567707671514e-06 8.41087913772132e-07 0.000454211065880372 4.81376718630688e-07 0.000367529201366779 4.9653143469186e-05 1.07429320731711e-05 2.7147512588499e-05 1.73930289193436e-05 1.59358357390005e-05 1.13345317864777e-07 2.52139359313563e-07 3.34602345830604e-12 8.74983445253719e-08 3.73186361857236e-07 4.89233747580364e-07 1.08459875270972e-06 8.57066937243189e-07 5.57373812060114e-07 4.59580279998928e-07 4.93634484699523e-07 3.07699461332689e-07 1.70547817279765e-07 1.6647733167563e-07 7.79832584729689e-08 6.28940201696793e-08 1.13452909433764e-07 1.73437891626271e-07 6.88247438818124e-08 4.31084807517301e-08 1.28294186563238e-07 3.9059861288715e-07 5.70912253750055e-07 1.05524796272238e-06 9.91135255234976e-07 0.00343282093381276 0.00021413642243715 1.19174715488946e-05 3.22210867426342e-05 0.000360347049354459 1.28005110519025e-05 1.26048831776804e-05 1.18584476501149e-05 1.20640107735048e-05 7.36385163574438e-06 7.59079533696472e-06
0.0002466191449912 3.71588142940027e-06 9.75448257389822e-08 5.49284493889246e-08 1.68818307898277e-05 0.000213312437603008 6.14651773922503e-09 1.41801711542655e-05 3.05620107221571e-08 9.84627297473395e-06 5.29003363123337e-06 6.58269994069372e-11 5.11584387075104e-09 1.35845632442955e-07 2.9381131770867e-07 2.5824291866039e-07 2.57265892744663e-07 3.85880659947713e-07 3.5822422429499e-07 4.10457887922711e-07 3.96313793638026e-07 2.59881433073428e-07 1.43857852996643e-07 1.11023712157099e-07 7.0473671243132e-08 9.96055206980984e-08 8.83289140607424e-08 8.99795274733606e-08 3.32426182358958e-08 3.09468260462076e-08 1.14288986530209e-07 5.03795179107591e-07 1.00688914101976e-06 8.26544862375655e-07 4.23084388656569e-07 5.74826223675995e-07 7.5499585757699e-07 2.07339321023348e-06 2.96744251500058e-05 9.23703530133935e-05 3.51144698061967e-06 4.82431895170166e-06 5.17386145597598e-06 7.15365478221042e-06 7.92074843777302e-06 7.56395939890409e-06
1.51041790275031e-07 0.000111157577651966 5.24268731760813e-09 2.50560636683161e-09 2.10915842064452e-05 4.86121137788231e-09 3.87975715998579e-09 1.042139291485e-06 3.90179574090155e-06 5.19008038768476e-09 1.5305164678181e-06 6.0303039339793e-09 6.83756901986854e-08 1.60587265074508e-07 2.13832631257294e-07 3.15852901089375e-07 2.18949224972675e-07 3.30403298742787e-07 3.08139808236074e-07 1.95148659276612e-07 1.28014538935961e-07 4.22695260016148e-08 3.72060372622052e-08 3.25455029370758e-08 3.2133185245975e-08 3.85894980525769e-08 9.05886981428239e-08 6.39673204405611e-08 3.50209582777872e-08 5.55444697014629e-08 9.32619511173627e-08 1.20784294166398e-07 2.16082463311285e-07 1.97330166407106e-07 3.22383599893339e-07 9.12584384704651e-07 5.91123153059758e-07 1.32161712742551e-06 8.25407226012764e-07 1.19868654578914e-06 2.5854180553897e-06 1.43436431786492e-06 1.69214586819288e-06 2.29972244943921e-06 2.36869428341668e-06 4.37267490085436e-06
1.29510469104588e-05 2.02653858472068e-08 1.57782694909514e-08 3.02368393656494e-09 3.73846552603752e-09 4.84566547998e-09 3.83872262865737e-09 4.74640789533964e-06 5.09510326152096e-09 3.21243516232528e-09 1.86469617524665e-11 5.94410738408158e-09 5.17707780645083e-08 9.23113642525841e-08 8.16958658056421e-08 7.51107332108703e-08 8.87227497470278e-08 1.36954456175786e-07 1.28811759381175e-07 6.83950608926231e-08 2.41106692500104e-08 5.38513198367063e-08 4.80825998683265e-08 9.31150546890081e-08 9.07845971731547e-08 3.82664212317252e-08 5.93854481478751e-08 1.00685716986071e-07 4.76033560459221e-08 4.86409135413979e-08 1.05733211486214e-07 1.32421826681828e-07 2.18048497968582e-07 1.88064242079289e-07 3.70098204138802e-07 7.49146350687013e-07 1.26415035822669e-06 1.33800996089395e-06 1.2746259938079e-06 1.05297960365514e-06 1.3484459008839e-06 1.49899623181904e-06 7.2844419514162e-07 1.10627357359228e-06 4.52866096368743e-06 4.10101865151447e-06
1.58695256713415e-08 5.761984611663e-09 2.15737651076964e-09 1.93831738437566e-09 2.14074021842592e-09 7.67197416706722e-10 3.27782820885858e-09 1.32648103612354e-10 1.76993375511358e-10 7.10233760692347e-11 1.21842265277117e-08 2.28982636074626e-08 4.07548740644081e-08 7.29440146729488e-08 3.10409067116879e-07 6.78201767634334e-08 3.91301191893234e-08 2.8466157553364e-08 3.87165341678042e-05 1.70774774432836e-08 4.20973561565674e-09 2.6453012458294e-08 5.56549401897755e-08 2.81612468011616e-08 2.06229226162868e-07 1.88343862550511e-07 1.53364242538867e-07 5.32167327427224e-08 4.62201310891253e-08 5.14888124913959e-08 7.34854384343286e-08 1.10015899390525e-08 1.14765597647448e-07 1.83819406729402e-07 2.51490251035324e-07 2.76826290857013e-07 4.49527346579881e-07 5.09162441109101e-07 6.268739274784e-07 9.33314856843559e-07 1.9562632587955e-06 2.37319550279169e-06 1.85054226913284e-06 1.00752286378292e-06 1.06787147337029e-06 1.30104414538534e-06
9.78550883656837e-09 1.13834113135702e-08 3.02611499192196e-09 2.90052424301024e-09 8.99639318596712e-09 1.26866950278526e-08 3.65634112986513e-09 8.13224576567961e-10 3.58451727189291e-09 2.40919812988238e-09 7.15013184215962e-09 1.49169919083647e-08 2.04237347034564e-08 7.77637357840533e-09 0.000191239247072872 1.35670764542795e-06 2.32121519672113e-08 1.55428431347637e-08 5.98091434156345e-09 2.62379028503901e-09 6.85067930161765e-09 1.5614819992571e-09 3.82905929185995e-12 5.00472546738351e-09 1.18947535487912e-08 5.93171466722886e-08 7.37356751212559e-08 6.27246025564077e-08 1.71102512380727e-08 2.22220176371302e-08 1.00661508017907e-09 2.83850516979989e-08 4.4338521898446e-08 5.80359891810822e-08 1.11147151282687e-07 2.21447566484123e-07 2.45658795827719e-07 1.45916466665064e-07 6.64444703257772e-08 1.89230359493031e-07 3.3791612839007e-07 3.48979615882872e-07 3.10481897702886e-07 4.70016022802167e-07 4.91670756541662e-07 1.12934123693842e-06
6.0041998932725e-07 1.16644889303075e-09 0.000192429670367744 2.67087422178847e-09 4.19912471461004e-10 5.01644215056274e-10 7.63561791572442e-10 1.01713187872221e-09 8.45621450640266e-10 1.43453183776288e-09 6.93716639688091e-10 6.20032675202609e-09 1.04067647277439e-08 2.20269025241748e-11 5.87733206547369e-10 2.16382112006031e-08 1.6576309858074e-08 1.91219827749833e-09 2.20604878808928e-10 1.21939625064016e-10 5.67600633161192e-11 4.06240707739869e-11 2.81649592537292e-11 3.41894290656342e-12 2.85793610999008e-13 1.85219395376635e-11 2.83523071686886e-10 8.88397355680581e-11 1.65437930021994e-10 5.12034858957122e-13 2.72626627939587e-09 7.26134374851028e-11 4.91041410866089e-09 5.52553888089058e-08 8.36286093708338e-09 7.06709890607726e-10 1.42407019620983e-08 5.50273871913198e-08 4.72283937069662e-08 4.22861986870693e-08 4.09054605965409e-08 4.83656582450642e-08 1.18397188286767e-07 1.43599717616905e-07 2.00622765356151e-07 1.80820869399856e-07
2.08016193159466e-10 4.05360678357169e-10 2.86080747979867e-10 2.92016000269513e-10 2.98305447010705e-10 3.44447226297007e-10 6.95721213972433e-10 9.77335556928693e-10 1.90612161610204e-09 4.40833358705817e-10 9.25896248560321e-11 7.02896629789507e-12 7.40746404215287e-09 3.27677986966535e-09 4.59385322004735e-09 3.49201124683063e-09 1.3659962050383e-12 8.8202001258253e-12 7.99360577730113e-15 8.05966404726632e-13 3.84803300335079e-14 1.09912079437891e-15 6.81676937119846e-15 1.37334588146132e-14 1.17472698235588e-13 2.33590924381133e-14 3.27515792264421e-14 1.48769885299771e-15 2.67230682027275e-14 1.05515596260375e-13 3.94101529188617e-11 2.41281550295014e-11 7.33842064892798e-10 4.58935012215278e-10 8.88356055384065e-13 1.93892679689611e-12 4.68609595571934e-12 8.15262268805128e-10 5.85651971150014e-06 1.55959141068251e-05 1.34846909915609e-05 4.90693152755739e-05 3.22878581783925e-05 1.58652234972578e-05 1.05011077110362e-05 8.23343622379014e-05
1.33463695650704e-10 9.01250074569759e-11 6.46354303412977e-11 7.64083463167253e-11 6.73365807557502e-12 1.48408929590005e-10 2.63040578207807e-10 4.43302650143806e-10 7.94478172139179e-10 6.5234352364385e-10 3.71598409820706e-09 1.17304810198782e-08 4.3246108694106e-09 8.81716921696807e-13 6.5533578563759e-12 2.52020626589911e-15 1.91502369517593e-13 1.24344978758018e-15 1.11022302462516e-17 1.33226762955019e-16 9.99200722162641e-17 1.11022302462516e-17 1.11022302462516e-17 7.43849426498855e-16 1.88737914186277e-16 3.530509218308e-15 9.08162434143378e-15 7.31636973227978e-15 6.99440505513849e-15 9.00390872971002e-15 8.1823436914874e-15 7.78821451774547e-14 4.90052443069544e-14 8.73954242308628e-12 9.70329372407264e-12 7.69515276133337e-07 1.4860886965451e-10 8.06782033109244e-06 5.46818163527085e-08 9.23850865808262e-09 4.20763424102688e-13 6.96244173425953e-12 1.5749125559239e-09 7.29588278680637e-11 1.77051373562165e-11 3.9157010967017e-12
8.83081385794071e-11 4.86520823628211e-11 7.53599405101113e-12 8.83650930205704e-12 2.89889889870665e-11 5.06738873085055e-11 7.56390949874231e-11 3.75454334289316e-11 1.34801314555233e-10 7.41340988597017e-11 7.55917328731925e-11 1.15404350520265e-09 6.05941963272016e-11 7.34634575394466e-14 8.88178419700125e-16 1.57651669496772e-15 5.44009282066327e-16 7.105427357601e-16 1.33226762955019e-16 4.44089209850063e-17 0 0 1.11022302462516e-17 3.33066907387547e-17 4.44089209850063e-17 7.54951656745106e-16 1.98729921407903e-15 4.44089209850063e-17 8.88178419700125e-17 6.15063555642337e-15 1.91220937972858e-09 1.01138319941185e-11 9.22435461347959e-12 5.6488147492928e-14 2.8643754035329e-15 1.99840144432528e-16 2.94209101525666e-15 6.89448498292222e-15 4.09672296086683e-15 5.55111512312578e-16 7.54951656745106e-16 1.18238752122579e-14 1.22666321544784e-12 2.64654964610145e-13 5.95977600603703e-11 9.49351708356971e-14
3.295030914785e-13 2.30673924406233e-11 1.86151316583505e-11 6.93801682771777e-12 3.1034064207347e-13 9.68136681933629e-13 8.91309248629568e-13 3.28834737217676e-12 2.68556288318678e-12 6.169509347842e-14 1.0946799022804e-14 4.57430759936983e-12 1.10467190950203e-14 1.25455201782643e-15 1.33226762955019e-16 4.55191440096314e-16 1.54321000422897e-15 0 0 0 0 0 0 1.11022302462516e-17 1.88737914186277e-16 1.11022302462516e-17 1.11022302462516e-17 3.77475828372553e-16 2.75335310107039e-15 1.20307097617456e-12 4.17582635137137e-12 5.21804821573824e-16 4.44089209850063e-17 1.0325074129014e-15 8.88178419700125e-17 1.88737914186277e-16 1.66533453693773e-16 2.22044604925031e-16 1.4432899320127e-16 1.22124532708767e-16 2.79776202205539e-15 4.32986979603811e-16 1.13242748511766e-15 1.40110145707695e-14 2.96429547574917e-15 2.4535928844216e-15
3.38840067115598e-13 1.44273482050039e-13 7.51065876158918e-14 4.80304684913335e-13 7.41628980449605e-15 9.69846425391552e-13 1.11610720665567e-12 3.54161144855425e-15 4.10782519111308e-16 2.44249065417534e-16 4.44089209850063e-17 8.88178419700125e-17 1.11022302462516e-17 1.11022302462516e-17 0 4.44089209850063e-17 0 0 8.88178419700125e-17 1.11022302462516e-17 0 0 0 0 0 0 1.33226762955019e-16 2.1094237467878e-16 1.25455201782643e-15 3.906427403777e-11 1.66533453693773e-16 1.55431223447522e-16 2.22044604925031e-17 3.33066907387547e-17 3.33066907387547e-17 4.44089209850063e-17 5.55111512312578e-16 1.77635683940025e-16 8.88178419700125e-17 4.44089209850063e-17 8.43769498715119e-16 5.55111512312578e-17 1.88737914186277e-16 2.88657986402541e-16 1.33226762955019e-16 3.99680288865056e-16
1.11022302462516e-17 3.77586850675016e-14 5.55111512312578e-17 6.55031584528842e-16 6.66133814775094e-17 2.66453525910038e-16 1.11022302462516e-17 6.66133814775094e-17 1.55431223447522e-16 0 4.44089209850063e-17 0 0 1.11022302462516e-17 7.7715611723761e-17 3.33066907387547e-17 0 0 0 0 0 1.11022302462516e-17 0 0 0 1.11022302462516e-17 1.4432899320127e-16 6.66133814775094e-17 7.21644966006352e-15 3.24407167795471e-14 0 0 0 0 1.11022302462516e-17 1.11022302462516e-17 1.11022302462516e-17 3.33066907387547e-17 3.33066907387547e-17 4.44089209850063e-17 8.88178419700125e-16 3.33066907387547e-17 3.33066907387547e-17 4.44089209850063e-17 1.11022302462516e-16 5.55111512312578e-17
3.33066907387547e-17 0 2.22044604925031e-17 2.22044604925031e-17 7.7715611723761e-17 1.22124532708767e-16 0 5.55111512312578e-17 0 0 0 1.11022302462516e-17 0 1.11022302462516e-17 0 0 0 0 0 0 2.22044604925031e-17 1.11022302462516e-17 0 0 0 0 0 0 5.06261699229071e-14 5.55111512312578e-17 0 1.11022302462516e-17 2.22044604925031e-17 0 0 0 0 1.11022302462516e-17 1.11022302462516e-17 1.11022302462516e-17 2.22044604925031e-17 3.33066907387547e-17 4.44089209850063e-17 3.33066907387547e-17 3.33066907387547e-17 3.33066907387547e-17
1.11022302462516e-17 0 0 1.11022302462516e-16 6.66133814775094e-17 4.44089209850063e-17 0 0 0 0 0 0 0 0 0 0 0 0 0 0 0 0 0 0 0 0 0 0 1.65090163761761e-14 0 0 0 0 0 0 0 0 0 0 0 0 1.11022302462516e-17 1.11022302462516e-17 1.11022302462516e-17 3.33066907387547e-17 3.33066907387547e-17
2.22044604925031e-17 0 1.11022302462516e-17 0 3.33066907387547e-17 0 0 0 0 0 0 0 0 0 0 0 0 0 0 0 0 0 0 0 0 0 0 0 8.88178419700125e-17 3.33066907387547e-17 0 0 0 0 0 0 1.11022302462516e-17 0 0 0 0 0 0 3.33066907387547e-17 0 1.11022302462516e-17
0 0 0 6.66133814775094e-17 1.11022302462516e-17 0 0 0 0 0 0 0 0 0 0 0 0 0 0 0 0 0 0 0 0 0 0 0 0 3.33066907387547e-17 0 0 0 0 0 0 0 0 0 0 1.11022302462516e-17 0 0 0 0 0
