Maxent_result_files_1/Bombus_campestris_2.asc
NCOLS 594 
NROWS 330 
XLLCORNER -15 
YLLCORNER 23 
CELLSIZE 0.166666666666667 
NODATA_value -9999 
[rows 63 to 83 of 330, columns 230 to 275 of 594]
0.00965963038615882 0.00616492750123143 0.00933361477218568 0.00511643318459392 0.00777932885102928 0.00764688886702061 0.00464135089423507 0.00750319417566061 0.00772851519286633 0.00379937007091939 0.00725053688511252 0.00721854537259787 0.00418278526049107 0.00652801485266536 0.00407788312295452 0.0042116479948163 0.0069439189741388 0.00401726238196716 0.00381409857654944 0.00534700492862612 0.00312516543781385 0.00532162624876946 0.00358166773803532 0.00573858546558768 0.00654164315201342 0.00368669214658439 0.00447596271988004 0.00218239292735234 0.004672259115614 0.00684555107727647 0.0058427480282262 0.00543409478850663 0.00658628768287599 0.00691282544285059 0.0050731428200379 0.00596088729798794 0.00557603072375059 0.00248961683828384 0.00215518412878737 0.003762339532841 0.00669541384559125 0.00227118224138394 0.00315263520460576 0.00422709691338241 0.00397615872789174 0.00934277325868607
0.00663286186754704 0.00994281708262861 0.00227152074221522 0.00427334462292492 0.00918816812336445 0.00966824959032237 0.00547519845422357 0.0105581973213702 0.00881296708248556 0.00491319592110813 0.00875051454640925 0.0040548466029577 0.00849162810482085 0.00565275924745947 0.0048757643904537 0.00370358616346493 0.00590568787883967 0.00535685806535184 0.00530899432487786 0.00169891785481013 0.00424553051125258 0.00641907411627471 0.0068019897909835 0.00817255896981806 0.00203140319208615 0.00168819425161928 0.00814586342312396 0.00876096342690289 0.00938298916444182 0.00696106425020844 0.00386104501085356 0.0130679274443537 0.00311023513786495 0.00558121239300817 0.0050207254011184 0.00337570646079257 0.00455527163576335 0.00314149906625971 0.00198394404142164 0.0037122456356883 0.00602064128033817 0.00102058713091537 0.000772238528588787 0.00307949760463089 0.00376254786970094 0.00376190087990835
0.00675924040842801 0.0128555357921869 0.0106294851284474 0.0114082567859441 0.0157288991846144 0.0121410997584462 0.00644269925542176 0.0106710221152753 0.0111848170869052 0.0109486092347652 0.0105372716207057 0.0105218732263893 0.0105589702259749 0.00699395888950676 0.0105714498087764 0.00588429735507816 0.00594750503078103 0.00604544158559293 0.00326949818991125 0.00610483679920435 0.00178362309816293 0.000852998974733055 0.01072834036313 0.00605842662043869 0.00701760542578995 0.00851185009814799 0.00168727985001169 0.00962108443491161 0.010246092453599 0.00863675829023123 0.0109994860365987 0.00884150778874755 0.00307442102348432 0.00692248602863401 0.00127690564841032 0.00575029938481748 0.00485639369580895 0.00398038730490953 0.00117695013177581 0.00308261322788894 0.00429552402347326 0.00544218732975423 0.0030722857802175 0.0026241194922477 0.00480855186469853 0.00261160833761096
0.00317738993326202 0.00862682303413749 0.00760400318540633 0.0059648789698258 0.012607051525265 0.0139186122454703 0.0123812190257013 0.00739428689703345 0.00987001894973218 0.0137256437912583 0.00792500814422965 0.0070829862030223 0.0121488173492253 0.013890634290874 0.00718024598900229 0.00845043160952628 0.00632169384043664 0.0120921500958502 0.00662074468564242 0.00685648615472019 0.00601012904662639 0.00453510074876249 0.0080872121732682 0.00944601083174348 0.00516647088807076 0.00570172213483602 0.00332016266183928 0.00956170619465411 0.0103814817033708 0.00484263398684561 0.00638548512943089 0.00816616802476347 0.0103506486862898 0.0100711390376091 0.0106166132725775 0.00750800599344075 0.00723351349588484 0.0114184110425413 0.00534943819511682 0.0040493143023923 0.00996831296943128 0.00519386339001358 0.00769328675232828 0.00758288218639791 0.0118995707016438 0.0106086095795035
0.00920621664263308 0.0110250918660313 0.0166846760548651 0.01002013576217 0.0163134748116136 0.00979861170053482 0.00966928256675601 0.0178075828589499 0.0159278063103557 0.00928231170400977 0.0150908516719937 0.011533452803269 0.0154864635318518 0.00832368754781783 0.00379657151643187 0.00916806724853814 0.00870527559891343 0.00827486496418714 0.00852178088389337 0.00776888965629041 0.00585024571046233 0.00516237858682871 0.00534321072045714 0.00393516710028052 0.00574818605091423 0.00786201101727784 0.0104911618400365 0.0105882603209466 0.00976625280454755 0.0108954075723886 0.0117919959127903 0.00581517114769667 0.00944293113425374 0.0103950458113104 0.00480752643197775 0.00758562770206481 0.0103127568028867 0.00905521255917847 0.00988290272653103 0.0097318768966943 0.0129889250732958 0.0184684188105166 0.0217124301940203 0.0106671423651278 0.0111487286165357 0.0116892277728766
0.0168891566805542 0.00936835180036724 0.0126069616992027 0.0189571469090879 0.0115219269879162 0.0115968810860068 0.0209337456151843 0.0236438709311187 0.0125743911601603 0.0108069775160402 0.016917029954493 0.0108255684375763 0.00599382224027067 0.0145568449981511 0.0273988892324269 0.0116637995932251 0.0102785177994519 0.00803437693975866 0.00810650838539004 0.00827672742307186 0.00898130997084081 0.0110567902680486 0.00696625742129982 0.00625864055473357 0.00696553811430931 0.00851592631079257 0.0065990032395348 0.00654950777534395 0.0112843176349998 0.0119776061736047 0.0119950652122498 0.00941439447924495 0.0111408551689237 0.010399978980422 0.0100421242881566 0.00606141991447657 0.00196260989177972 0.00989121655002236 0.00959145845845342 0.00975513863377273 0.00936956098303199 0.0131263218820095 0.0235869934782386 0.0202498663216829 0.00939374901354313 0.00523835178464651
0.018150800652802 0.00676824289839715 0.0153117430396378 0.0233183128759265 0.0140233785379678 0.0169735975563526 0.0167941566556692 0.0146223179996014 0.0155956670641899 0.0152062837034464 0.0134732431732118 0.0252395756542683 0.0187143922783434 0.0250498772598803 0.0330622537061572 0.0235184060409665 0.0141514495480806 0.0229189202189445 0.0199015368707478 0.0179956242442131 0.0121567796450108 0.00856974851340056 0.0166415233165026 0.0135726817883551 0.0128705894574523 0.0126063847448677 0.0128025553189218 0.011696906760335 0.01245685829781 0.00714498166926205 0.0126785599160939 0.0128021767362952 0.0120951912365854 0.0112791787832975 0.0109393403865397 0.0132525552995503 0.00640914356335998 0.00278668110258877 0.00594657473266125 0.0126035025343299 0.0137632977217436 0.0140239576809108 0.036798014305532 0.0454522725194693 0.0278939949348569 0.0229862879961729
0.0267741460353136 0.0183720417320728 0.018152832146734 0.0261940631084144 0.0153831698931754 0.0160717880353332 0.0152013499289751 0.0165807927027345 0.0140339159872383 0.0166266959160566 0.0329189015552402 0.013062818069011 0.0192752287723124 0.0266873643733561 0.0167331653647125 0.0226284264586866 0.0139958488754928 0.00448303658049554 0.0209827393293381 0.0141783190425485 0.0122188527602702 0.00952091035433114 0.0148931099101901 0.0145439055748284 0.0137121693696827 0.0132523638661951 0.0130304773338139 0.0138378042727709 0.00803703027777374 0.00743403553497046 0.0139315844513476 0.0139769252855331 0.00573014300316572 0.0104801863897592 0.00668952371925116 0.00678847436793148 0.0108010638970882 0.0109809276647866 0.0126656049396843 0.0117132917512208 0.00807772055268288 0.0149679044261575 0.0259409574791789 0.0681270055472851 0.0568655297160149 0.012964850384742
0.0280115347355604 0.0278936265967786 0.00810294798575342 0.0180672470480204 0.0220796410925686 0.0305748786777258 0.0184409242123365 0.0381808673962951 0.0254804401658475 0.0321940379217267 0.0137040161527693 0.0248961862176657 0.00604173983447254 0.00416869630571455 0.0120486587751657 0.0138952088076621 0.0157517116516829 0.0228754161857069 0.0157815328333527 0.0187933866865933 0.00629976999480277 0.0022204322507605 0.00913912763353437 0.00838925847783685 0.0146128891035914 0.0136802998837084 0.0154495396651328 0.00801297035068274 0.00865708203054965 0.0147776745725423 0.0080652586184442 0.0138633877504617 0.0138270965777338 0.0132134827785194 0.0128972192760557 0.0124476093798876 0.0114609739743173 0.00593018743675202 0.0103118006139994 0.00634438889101148 0.00553156428504735 0.0106227609328926 0.0128096278756857 0.0104558730963618 0.0345220156013966 0.0266155617311597
0.0176550385542214 0.0202549265697598 0.0203523943200707 0.0101653573103249 0.0247636219486594 0.0345316933467984 0.0342698885127902 0.0348624417558312 0.0296559830196202 0.0288527448661625 0.0265935303643346 0.0120260744355619 0.0101048255339265 0.0121097090188414 0.00770516763441265 0.024338895175606 0.0234160308726132 0.00300636045867577 0.00658602805342525 0.00495939974207431 0.0144070167094469 0.0155237502418458 0.00798444417305291 0.00924754915758967 0.0172607836313546 0.0176489622332156 0.0169009466655552 0.0165008556097746 0.0167261332273483 0.0098671087063849 0.00751284533180296 0.0158988616894931 0.014918506052345 0.0137287794612348 0.00803797673434019 0.00920784315094352 0.0085998376365751 0.011088552698493 0.00518951916601509 0.00673849303275347 0.00986266196705401 0.00978595344349742 0.00862231170758605 0.0111223421990871 0.00694212932139635 0.00811455640941858
-9999 -9999 -9999 -9999 -9999 -9999 -9999 0.0414983931928873 0.0134206076152623 0.0356811599805951 0.0089660486439243 0.0119799758773297 0.0185629149898887 0.019678342808038 0.0107107230462134 0.0120266208890826 0.00493238214403391 0.000966848744428717 0.00762816888745874 0.00670568535570055 0.0187874375842512 0.0163813033141196 0.020213214866817 0.0198004483245313 0.0214927766472101 0.0197538438253105 0.0188172127120197 0.0185970149002969 0.0189774302765727 0.0190763384103775 0.0166650581173599 0.01732311937958 0.0165223160758615 0.0148091504350305 0.0140253142919391 0.0059844063129276 0.00653717189561576 0.00766498222947121 0.00709244993049651 0.0106693245470524 0.0108860391657799 0.00637005150783807 0.00655574244447052 0.0145769769325852 0.00596850444562733 0.00639836068730801
-9999 -9999 -9999 -9999 -9999 -9999 -9999 -9999 -9999 -9999 -9999 0.0232590834610164 0.00829521054401994 0.0255422079004347 0.0229044057428837 0.0136653709691018 0.00970959179103375 0.00894825318828225 0.012220895756036 0.0205511656589806 0.0134828448761255 0.0103718474507332 0.0163757494650781 0.0169739689212292 0.0238917908631265 0.0224382161162794 0.0230590942315757 0.0223956128582358 0.0159822484012693 0.0194159657694399 0.0190693101845682 0.00961627536453307 0.00718366375658661 0.00865831603296101 0.00531939717475325 0.00556220454163849 0.00827933317050338 0.0123014448676258 0.0125202741473913 0.0116431233473122 0.00958974128589034 0.00148721135919914 0.00745128975249827 0.00631337801460177 0.00695694708265364 0.00280448583653197
-9999 -9999 -9999 -9999 -9999 -9999 -9999 -9999 -9999 -9999 -9999 -9999 0.0585970364511013 0.0371158855035901 0.0302622429095209 0.0324009515345097 0.0313828742131591 0.0109509205445647 0.0113647150807083 0.00953536415472627 0.00974095682613552 0.0128307417035103 0.0147194197401404 0.0105564442463219 0.0292263755574822 0.0260355358012021 0.0280985455960035 0.0250077659264207 0.0101402545813471 0.019940852932632 0.0136895685456693 0.00513327461667359 0.0111539962701499 0.0100459082983434 0.0164157597348094 0.01479736934416 0.0165263933129609 0.00838784803636372 0.0139107810799032 0.00427368476521224 0.0046852208673954 0.00780665180645883 0.0119211266748607 0.0121110958512872 0.0132675913162529 0.00999303432181478
-9999 -9999 -9999 -9999 -9999 -9999 -9999 -9999 -9999 -9999 -9999 -9999 0.0684029135853052 0.0534312020987272 0.0389175642281771 0.0273298879154027 0.035227070748806 0.0121295594144613 0.0145677480846643 0.0145327679812908 0.00919885071925819 0.0146076249890029 0.00834302669391036 0.0132686639670283 0.0276171273551881 0.0284172014333308 0.0298889509402215 0.0288607442751527 0.0156026487238705 0.0229109892621636 0.0234437733888626 0.0187270194292068 0.0100934020243585 0.0216480436734855 0.0106126400176436 0.0132416140288115 0.0155185510404408 0.0152290549129248 0.0116757487878203 0.0103219160810113 0.0275551058351994 0.038807281665504 0.0261011706665158 0.0341084403917193 0.00993408793583512 0.0184133759699762
-9999 -9999 -9999 -9999 -9999 -9999 -9999 -9999 0.112012945115566 -9999 -9999 -9999 0.176257514953613 0.269544915854931 0.0918969325721264 0.0693287026137114 0.049374015815556 0.0484549209475517 0.0326354626566172 0.0383905274793506 0.0192926692776382 0.0153043485246599 0.0165882114320993 0.0130972321145236 0.0112951715476811 0.0220758755691349 0.0313417255878449 0.0409009285271168 0.0384689012542367 0.0193692014552653 0.0169629379175603 0.0266422328539193 0.0157413128763437 0.016265316400677 0.0103007095400244 0.0150244344957173 0.0133816039189696 0.0113207547925413 0.00506655219942331 0.0225369031541049 0.0834843952208757 0.0835898693650961 0.0201303325593472 0.0124002855271101 0.0104554529301822 0.0096202315762639
-9999 -9999 -9999 -9999 -9999 -9999 -9999 -9999 -9999 -9999 -9999 -9999 0.0816125981509686 0.183111894130707 0.0405300632119179 0.0653444621711969 0.0269619244150817 0.0281567976810038 0.0418841879814863 0.068896222487092 0.0345968924462795 0.0427939176559448 0.0365055462345481 0.0196349703706801 0.022093294095248 0.0447543660178781 0.0431945148855448 0.0435795210301876 0.0378468921408057 0.0196293566375971 0.0177841383032501 0.0273804225958884 0.0150632140692323 0.0145888917613775 0.0188572191633284 0.0226737433113158 0.0239916447550058 0.0151857010088861 0.0266519399359822 0.0606919396668673 0.0666708257049322 0.0347723785787821 0.0206290874630213 0.0208316640928388 0.0170272809453309 0.00957110598683357
-9999 -9999 -9999 -9999 -9999 -9999 -9999 0.0969231948256493 0.0438033293932676 0.0399500895291567 0.0322360411286354 0.0539098456501961 0.0613235834985971 0.043799851834774 0.0716159295290709 0.0477419385686517 0.124173971265554 0.0279729422181845 0.0514916114509106 0.0820541009306908 0.0313274718821049 0.0153740853071213 0.00472345184534788 0.0118728963658214 0.0409945975989103 0.0486524686217308 0.043718683347106 0.0382241228595376 0.0503031920641661 0.0449914375320077 0.0555468276143074 0.0267140029929578 0.0413966646417975 0.0226425492204726 0.0125625691376626 0.0225641553290188 0.0175848782062531 0.0193553945049644 0.0176795888692141 0.0292036015540361 0.0260482894256711 0.014414575882256 0.0238709295168519 0.0444995362311602 0.0356422567740083 0.00805591298267245
-9999 -9999 -9999 -9999 -9999 -9999 0.164669126272202 0.0548295985907316 0.0577000126242638 0.0602999206632376 0.030565713532269 0.0476908817887306 0.0547304701060057 0.0326789734885097 0.0462194032967091 0.0683572039008141 0.0791770830750465 0.0344823444262147 0.0527732625603676 0.0387658640742302 0.0272734710946679 0.0250965779647231 0.0151416742242873 0.039507969468832 0.0274166353046894 0.0359776170924306 0.0448902061209083 0.0238573548384011 0.0236558573320508 0.0472773995250464 0.0245046952739358 0.0239807524718344 0.04204929061234 0.0466516260057688 0.0413829490542412 0.0320878187194467 0.0165122667327523 0.0225793277844787 0.0161899142898619 0.0160745865665376 0.0298147412016988 0.0062670421320945 0.0147582876496017 0.0302062572911382 0.0866581413894892 0.0128899461124092
-9999 -9999 -9999 -9999 0.145459172874689 0.0437877405434847 0.0382378349080682 0.0577787984162569 0.0506389256566763 0.041037661395967 0.039245868101716 0.0440961442887783 0.0440880358219147 0.075567465275526 0.0591771643608809 0.0559627458453178 0.0440870370715857 0.0451804958283901 0.0420053843408823 0.0578096058219671 0.0118423490785062 0.0496342889964581 0.022058432828635 0.0262841686606407 0.0380094338208437 0.0375287286937237 0.0363232946023345 0.0448989968746901 0.0644250497221947 0.0457377284765244 0.0396342204883695 0.0430468916893005 0.0461412865668535 0.0100575517863035 0.0338311798870563 0.0234860622324049 0.039369978569448 0.040619820356369 0.0152411658316851 0.0212014494463801 0.0292298505082726 0.0110299066174775 0.0461117267608643 0.0701710809022188 0.0488140573725104 0.014468970708549
-9999 -9999 -9999 0.242467068135738 0.0974690720438957 0.0472652144730091 0.0412456434220076 0.0253692246973515 0.0505835458636284 0.0373638123273849 0.0498388461768627 0.0526174534112215 0.0567035540938377 0.0400203585624695 0.0410472601652145 0.0362871730700135 0.0498661376535893 0.0469617277383804 0.044501881301403 0.0158573294989765 0.0397379970178008 0.0142119725234807 0.0540743969380856 0.0466183438897133 0.0439392752945423 0.029475000500679 0.123302140086889 0.029563164524734 0.0629717167466879 0.0354932975023985 0.0585697662085295 0.0675332996994257 0.0451251903548837 0.0231001668609679 0.0214113652706146 0.0381966939195991 0.0350734211504459 0.0215528005734086 0.0155958876013756 0.022513367049396 0.0327022144570947 0.0358249073848128 0.0299333848059177 0.0590801496058702 0.0405613487586379 0.0271541683003306
-9999 -9999 0.091550163179636 0.0756509371101856 0.0648815654218197 0.0577370245009661 0.0506714556366205 0.100754354894161 0.0508107166737318 0.0393709257245064 0.0569230407476425 0.0587829198688269 0.0531228896230459 0.0250343656167388 0.0403859309852123 0.030909400805831 0.0517317868769169 0.0612240936607122 0.0209208010695875 0.0600709974765778 0.0421013358980417 0.0566301304847002 0.0514794439077377 0.0401444513350725 0.0675894532352686 0.0966063298285007 0.0772974796593189 0.0812202408909798 0.050453008338809 0.0372802950441837 0.0307878416031599 0.0586193095892668 0.0838934853672981 0.0289979225024581 0.0220897085033357 0.0807505663484335 0.0386493779718876 0.0218037358485162 0.020535057131201 0.0232495760545135 0.0204822388477623 0.0241023134440184 0.0290975861251354 0.0324595162644982 0.0310019696131349 0.0185113144107163
