Maxent_result_files_1/Bombus_alagesianus_2.asc
NCOLS 594 
NROWS 330 
XLLCORNER -15 
YLLCORNER 23 
CELLSIZE 0.166666666666667 
NODATA_value -9999 
[rows 100 to 119 of 330, columns 360 to 404 of 594]
0.000172117029433139 0.000180669253313681 0.000197358864534181 0.000173437761259265 0.000177613044070313 0.000164551518901135 0.000135417169803986 0.000119656178503647 8.7141210315167e-05 0.0226731460075825 0.0014670462696813 0.00300797587260604 0.00092138359323144 0.000802763727551792 0.000782989166327752 0.000226168739754939 0.000484722224064171 0.000126329030535999 0.000193527812734828 0.00125390601460822 0.00091876758961007 0.000152145690299221 0.00017888570400828 0.000234598611859838 0.000164086381482775 7.57812291340087e-05 0.000175624310941203 0.000139941766610718 0.00013348666652746 9.80073080427246e-05 0.000670662504853681 0.000660859644995071 0.000374463960179128 0.000258070799463894 0.000185332011460559 0.000164208693968249 0.000164081532784621 0.000154688291149796 0.000803195305343252 0.000454312611691421 5.83776914936607e-05 4.1249455716752e-05 0.000211893425148446 0.000208082189237757 3.584347015817e-05
9.31356082219281e-05 0.000178329284972278 0.000188371303374879 8.17317983091925e-05 0.000161095489602303 0.000156636061365134 0.000144749804894673 0.000114230180770392 0.000508519884897396 0.000877731424407102 9.368356440973e-05 0.000133702644961886 0.000133813960565021 0.000136460614521638 0.000136794563513831 0.000139230050990591 0.000717001361772418 0.00106127824401483 0.000982542609563097 0.00107894716202281 0.000667420111130923 0.000123548592455336 0.000130720228480641 0.000149569794666604 0.00015626183594577 0.000116094073382556 0.000109869728112244 0.000155021759564988 0.000137545128745842 0.000619319643010385 0.00088151287054643 0.000962193694431335 0.00120005620701704 0.000128273805603385 0.000146492471321835 0.000168125317941303 0.000751144220703281 0.000155963026554673 0.000223541051673237 0.000121417863738316 0.000245934067424969 0.00243593812338077 5.96527795096335e-05 0.000359428758383729 0.000391122815926792
0.000208585183281684 0.000101311644903035 0.000168628288884065 0.000176280604500789 0.000154048157128273 0.000150800405754126 0.000140116041438887 0.000118523183846264 0.00427049858262762 0.00037864996411372 0.000104076173374779 0.000124411057913676 0.000125806689902674 0.000130195365272812 6.25607965048403e-05 0.000854618402081542 0.000829396065091714 0.000125254552767728 0.000134664244251326 0.0004400976918987 0.000592530038557015 0.000163991590306978 0.000256653005635599 0.000221087718091439 9.39989899052307e-05 0.000180316501791822 0.000132066620790283 0.000630924914730713 0.00069979758845875 0.000398746751307044 0.000369795488950331 0.00081817037134897 0.000134746755793458 0.000105200194957433 9.67008641964639e-05 0.000122381460823817 0.000126978780463105 0.000123376481133164 0.000185492823220557 0.000286762217001524 0.000328389467176748 2.71594824425847e-05 0.000153986635268666 0.000158258225928876 0.00106936881202273
8.34165337437298e-05 0.000159849866395234 0.000174310737929773 0.000106966528073826 6.20648972471827e-05 0.000139745320484508 0.000118630764336558 0.00753300562500954 0.00395220306236297 0.000109840401273686 0.000122854243818438 0.000443739938782528 0.000510720536112785 0.000404755515046418 0.000546266915625893 0.000982506579020992 0.000107755496355821 0.000115308401291259 0.00038727496721549 0.000136245131216128 6.78154114211793e-05 0.000322309191687964 0.000287547140032984 0.000840307731414214 0.000129508455574978 0.000158088958050939 0.000156976964717614 9.65186074608937e-05 0.000114283777293167 0.000116672147123609 0.000381976664357353 0.000904594224994071 0.000128507801491651 0.000145644209624152 5.17985855367442e-05 5.11494701640913e-05 7.67284369430854e-05 9.626898327042e-05 8.6638654147464e-05 0.000208202650446765 0.000287255756484228 0.000104800424446694 0.000322290288750082 0.000151326306058763 0.000262542748066608
1.93178285371687e-05 8.31261575513054e-05 0.000191511021694168 3.11418179080647e-05 6.35277772744303e-05 6.2708852783544e-05 0.000656496270676144 0.0112974495394155 0.000700827286345884 0.000455903465626761 0.000102634822542313 0.000380760061671026 0.000446174877288286 0.000438824250886682 0.000393615193024743 0.000115560033736983 0.000126104968512664 0.000552420580061153 0.000723577378084883 0.000179437654878711 0.000533013018139172 0.00345624113106169 0.000909530950593762 0.0004869729760685 0.000578108112677 8.95434370249859e-05 4.80526052342611e-05 0.000129641028979677 0.000270789404748939 0.000235267024254426 0.000161994431982748 0.000114260567352176 8.61327480379259e-05 0.000128882866920321 0.000140033637944725 0.000155570921924664 0.000279094228608301 0.000138344087281439 0.00013751663855146 0.000263570163224358 0.000133539833768737 0.000121513799422246 0.000209963760426035 0.000261479396067443 0.000247194507978321
8.50416288812994e-05 0.000178508891985985 0.000174054106537369 7.14287050868734e-05 6.18203859630739e-05 0.000282768420584034 0.000124407064140541 0.00011977623362327 0.000782681311829947 0.00098133698629681 0.000697951790061779 0.000862765547935851 0.00119694833701942 0.000117871305337758 0.0001205825850775 5.76136596464494e-05 0.000122351428944967 0.000119976945279632 0.00011861544844578 0.000561882712645456 0.000134928385887179 0.000103891390790523 0.000250675333518302 0.000132089627732057 0.000110321246393141 9.14128995646024e-05 9.69737926425296e-05 0.000608167322934605 0.000104987131817325 9.51807784076664e-05 0.000129200323863188 0.000113272041926393 0.000179851493157912 0.000288583994552027 0.000161558318359312 0.000366338588355575 0.000274682810413651 0.000146438719457365 0.000130091313985758 0.000112971408452722 0.000104819888838392 0.000218217018118594 3.13373114295246e-05 0.000267771179278498 0.00023222177514981
0.000169976453253184 7.72759402025258e-05 0.000163260153931333 0.000158491361798951 0.000151891194400378 0.000143419493906549 0.000126073397768778 0.000127328945382033 0.000123695460206363 0.000438617478357628 0.000494765624171123 0.000889353090315126 0.00018080402733176 0.000909928174223751 0.000712811268749647 0.000524504369241185 0.000198437830840703 0.000137797013667296 5.83938296585984e-05 0.000238285992963938 5.60318948373606e-05 5.57544107323338e-05 0.000156745585991303 0.00020712154910143 0.000170066412101733 8.72131904543494e-05 8.19516146293608e-05 0.00052843734738417 9.53120417761966e-05 9.58418444497511e-05 0.000107909009784635 0.000119820329928189 0.000127186535974033 0.000215560910874046 9.69903940131189e-05 7.23252045645495e-05 8.75853387697134e-05 2.78189211940116e-05 8.26763027362176e-05 0.000188848115794826 8.1063715970231e-05 0.000302679173182696 0.000358883471926674 0.000319396303530084 5.91761354371556e-05
7.99070219727582e-05 0.00103505107108504 0.000638801947934553 0.000931240961654112 0.000856095962808467 0.000828070909483358 0.000716814614133909 0.000747680602944456 0.000693148237769492 0.000403938340605237 0.000104103356352425 4.88158941152506e-05 4.73743118163839e-05 0.000187947812810307 0.000176119579555234 0.000110216203029267 0.000114942338041146 0.00012046811170876 0.000125074567040429 0.000125502775699715 0.000124809522822034 0.000115480875501817 0.000122639305118355 9.85106167718186e-05 0.000118829197162995 8.82872260262957e-05 0.000540445451042615 0.000539830926572904 8.34561247756937e-05 8.48602810947341e-05 0.000139979674713686 1.38839832970916e-05 0.000108404603997769 0.000107133221354161 0.000102088891253516 4.65028656435607e-05 9.86137711151969e-05 0.00010098554630531 0.00010709952457546 9.8134215841128e-05 7.74492149503203e-05 8.24500752059976e-05 9.32808357902104e-05 8.62215136294253e-05 0.000100342577025003
0.00135631576413289 0.00104522272013128 0.000630580488359556 0.000613948373938911 0.000938788981875405 0.000574865346425213 0.000115575048403116 0.000727518391795456 0.000742415120475926 0.000817570282379165 0.000296662692562677 0.000103829725048854 0.000101674673715024 0.000540175402420573 0.000399741093860939 0.000109631145460298 0.000115725910291076 0.000137408660521032 0.000133065306727076 0.00095028878422454 0.000128978933935286 0.000123608374269679 0.000463807691994589 0.000103206331004912 9.59276047069579e-05 9.0312707288831e-05 9.08126434296719e-05 2.20351302232302e-05 8.7359149074473e-05 0.000136717412897269 0.00011383076380298 0.000165083574756864 8.79044806424645e-05 0.000110115887218853 8.58840823639184e-05 8.97325477126287e-05 9.27625174881541e-05 9.59744320425671e-05 7.84251802542712e-05 8.14428092780872e-05 9.08152624106151e-05 8.97322188393446e-05 8.58998022522428e-05 8.36123323097127e-05 0.000333628806401975
0.00126609434955753 0.00124667708296329 0.000892713709617965 0.000658450060291216 0.00013651988847414 0.000630474885110743 0.000138419563154457 0.000120064351722249 0.000109343801887007 9.89474912785227e-05 0.000106519034670782 0.000109992030775174 0.000111033930079429 0.000109998051993898 9.92260009297752e-05 0.000392942798498552 0.000110649331691093 0.000113513831456657 0.000118279895468731 0.000124320955364965 0.000718171935295686 0.000577076425543055 0.000115291687325225 0.000118821800424485 0.000112705870560603 0.000104991273292399 0.000673545530298725 0.000390140108356718 0.000113494159086258 0.000114090359056718 9.71025287071825e-05 2.96481461646181e-05 8.08661256087362e-05 8.18807144241873e-05 3.61453462573991e-05 0.000190656037011649 2.64129326751572e-05 7.83245332058868e-05 8.18843296656269e-05 8.28358319267863e-05 8.02423362983973e-05 8.41314405988669e-05 0.000562872772570699 0.000551717585767619 9.76686562353279e-05
0.00016291097017529 0.00101873176754452 0.000909081162535585 0.00103387054987252 0.000613187564886175 0.00013186907817726 0.000121610802307259 2.81915098184982e-05 0.000111213469062932 9.7445517712913e-05 2.33925199154328e-05 9.94248464849079e-05 0.000110277799103642 2.00371197479399e-05 0.000113975045678671 9.41216130740941e-05 0.000109127224277472 0.000440872530452907 0.000116496696136892 0.000117524417692039 0.000122318159628776 0.00012634096419788 0.000128777497593546 0.000131056853206246 0.000139554845372913 0.000112403587263543 0.000716841526445933 0.000612547021592036 9.46165948334965e-05 0.000102751275517221 9.3359957827488e-05 8.66726093590842e-05 8.03203114628559e-05 0.000291280706733232 8.40601400341257e-05 8.32211684610229e-05 8.55192341987277e-05 8.27832476716139e-05 0.000572830525925383 9.01608696949552e-05 8.9500726062397e-05 9.61226563958917e-05 9.5332887940458e-05 9.58817352511687e-05 0.000655452869250439
0.000158379919230356 0.000152110887938761 0.000486990528588649 0.000855417820275761 0.000125360899619409 0.000833122557378374 0.000116780145981465 0.00011211635901418 0.000102981682721293 0.000390588278241921 8.55688462252147e-05 8.94744780453038e-05 8.89763134182431e-05 8.86446823642473e-05 8.92704658326693e-05 9.56881824095035e-05 0.000509578993660398 9.52315655013081e-05 0.00010750970832305 0.000116356165017351 0.000548912091471721 0.000122654612459883 0.000125787633442087 0.000156582971249009 0.000730973409372382 0.000118678153194196 0.000696874179993756 0.000666302381432615 9.01044049896882e-05 9.65974411883508e-05 9.08867192265461e-05 9.06093706362299e-05 0.000391371342993807 0.000506784798926674 0.000222518271766603 0.000484945633797906 8.29838858408039e-05 8.45798416776233e-05 7.35660798454774e-05 0.00029058230938972 8.20692488559871e-05 7.89887784776511e-05 8.33157890156144e-05 0.000236691690952284 3.51971506461268e-05
0.000153697377027129 0.000148861554043833 0.000138411750958767 0.000139078629945288 0.000130446649927762 0.000117948874321883 0.000117624874474132 0.000108731034197262 0.000101960008578317 0.000561303328140639 0.000531494684400968 7.87488379501156e-05 8.33078800496878e-05 8.13827376987319e-05 8.26642077299766e-05 9.95454560325015e-05 0.000673424015985802 0.000590286726946943 8.91458930709632e-05 0.00048334322636947 0.000664869742467999 0.000464158708928153 0.000113192200660706 0.000592151653836481 0.000388697128801141 0.000108024313522037 0.000469464925117791 0.000495086124283262 0.000365311735367868 0.000351161762955599 9.07238010768197e-05 9.65713221376063e-05 0.000483304029330611 7.70530747104203e-05 0.000256801155774156 0.000245628948323429 7.70756376368809e-05 7.81050148361828e-05 7.87785300417454e-05 8.92900476173963e-05 9.30714819332934e-05 0.000101958186132833 4.29861409429577e-05 0.000191646546591073 9.85985858278582e-05
0.000143876840593293 0.000145197709207423 0.000143540776480222 0.000131857981614303 0.000132670919629163 0.00049918058939511 0.000810281914891675 0.00076372875191737 0.000680314970668405 0.000554147613001987 0.000594131299294531 0.000440725652151741 0.000264065898227273 6.85957787936786e-05 7.53505388274789e-05 7.80287260568002e-05 0.000300693359167781 0.000359561806544662 0.000455588850309141 8.4808650535706e-05 9.92865843727486e-05 0.000108460282353917 0.000112991478090407 0.000398443294398021 0.000768185971537605 0.000600565242348239 0.000554646804812364 0.000111423094494967 0.000106962654535891 0.000626635880325921 0.000316454839048674 8.58932586197625e-05 8.08829408924794e-05 0.0003964452247601 0.000462620201869868 0.000508516127592884 0.000543390263919719 8.74128194482182e-05 8.31267689136439e-05 8.42030456624343e-05 4.229786727592e-05 4.60576641671651e-05 0.000101634736347478 0.000165923267195467 0.000371938775060698
0.000144209065911127 0.00015167737401498 0.000149772405711701 0.000626168368034996 0.000842056580586359 0.000847514078486711 0.000644689303589985 0.000546979522914626 0.000541927915764973 0.000705752460635267 0.000782269102637656 0.000376820798555855 0.000365721412526909 0.0002265362367325 0.000216882257518591 6.79264561767923e-05 0.000443923931743484 0.000577055488247424 0.000432721080142073 0.000530699847149663 0.000533786835148931 9.48633576626889e-05 0.00010119218222826 0.000100190592456784 0.000579526071669534 0.000625655188923702 0.000518851084052585 0.00069565674639307 9.81638308076072e-05 0.000595213609631173 0.000566243886714801 0.000461803094367497 0.000463452600524761 0.000514931583893485 0.000482956453924999 0.00108184500422794 0.000292834482388571 8.29395057735383e-05 0.000129175975598628 9.42088836382027e-05 0.000562137027736753 0.000113162677553191 0.000117245041838032 0.000114161600322404 0.000604592129820958
0.000898011101526208 0.000518861474120058 0.00103351172292605 0.000715155922807753 0.000107240104262019 0.000387911227880977 0.000104347078377032 8.68614451974281e-05 0.000482256221584976 7.010708523012e-05 0.000271394502487965 5.67858405702282e-05 5.20247629538062e-05 0.000220329259900609 0.000303152596461587 0.000228933199832682 0.000451226890436374 0.000505162857007235 0.000561242396361195 0.000624763919040561 0.000511411667685024 0.000670570888905786 0.000634163231006823 0.000638426363002509 0.000839580301544629 0.000733417415176518 0.00140448959427886 0.000316007219953462 0.000535386550473049 0.000662760777049698 0.000548707562847994 0.000207681298343232 0.000546063348883763 0.000520723088993691 0.00044401966733858 0.000301564048277214 8.42104340335936e-05 9.13507781660883e-05 9.05155067812302e-05 0.000101986238041718 0.00011346533356118 0.000123578582133632 0.000147682322131004 0.000519941517268308 0.000809956452576444
0.000794843208859675 0.000134343165700557 0.000951539789093658 0.000407363747945055 0.000400899957458023 0.000415104678540956 9.86208988251747e-05 9.51929527218454e-05 0.000610939724720083 0.000486608504434116 0.000460551067953929 0.000494432161212899 0.000329545728163794 0.000327132630627602 0.000322280744148884 0.000436547004210297 0.000385545509925578 0.000380982378555927 0.000649968491052277 0.000838298199232668 0.000643885563476942 0.000644558912608773 0.000670792907476425 0.000400214848923497 0.000469403289025649 0.00111849991953932 0.000714545912342146 0.000286269836942665 0.000386148753750604 0.000282468188379426 0.00078110798203852 0.000438091476098634 0.000566356143099256 0.000482973706675693 0.000472759042168036 0.000429386273026466 7.9467802970612e-05 8.55116806633305e-05 9.40868769248482e-05 9.95795995549997e-05 0.000122853001448675 0.000129223888507113 0.000193706962090801 0.000143979022686835 0.000925141479820013
0.000927841145312414 0.000135450733796461 0.00054266946244752 0.0010439686011523 0.00012144878928666 0.000699854441336356 0.000108470298800967 0.000644915737211704 0.000587422074750066 6.73757125696284e-05 0.000370110833318904 0.00030666943785036 0.000333563207823318 0.000335699228162412 0.000409347047389019 0.00057724461221369 0.000536917816498317 0.000610282253182959 0.000727895011368673 0.00079681195638841 0.000427350572863361 0.000290014132770011 0.00102154285123106 0.00128885277081281 0.000830418666009791 0.000723899345030077 0.000517699579359032 0.000423183983366471 0.000749582346179523 0.000509190105367452 0.000425610748061445 0.000571596410009079 0.000694631270016544 0.000766335712978616 0.000894144288031384 0.00078984668944031 0.000796036588144489 0.00069130968186073 0.000597298215143383 0.000893760719918646 0.000580105328117497 0.000774998959968798 0.000858251377940178 0.000961389526491985 0.000166203959088307
0.000145427141978871 0.000581875443458557 0.000122995709534734 0.000121955556460307 0.000988017517374828 0.000776636941009201 0.000103964477784757 8.71746215125313e-05 8.59181001942488e-05 7.37741404009284e-05 0.000383439613506198 0.000319516475428827 0.000336247336235829 0.000273782901058439 0.000427856495662127 0.000447827979223803 0.000362500037590507 0.000379477944807149 0.000469010282540694 0.000333813136967365 0.000193037761346204 0.000162224879750283 0.000586289138300344 0.000645281752804294 0.000500307630863972 0.000538371261791326 0.000532940673292615 0.000462821920518763 0.000488384228083305 0.000522493422613479 0.000780984229641035 0.000697347088134848 0.000597141424077563 0.000656237805378623 0.000614668594789691 0.000736286447499879 0.000760639428335708 0.000758617249084637 0.000812451078672893 0.000834387860959396 0.000858174901804887 0.00100533851946238 0.00121756185253616 0.00235749018611386 0.000787442942964844
0.000152221264215768 0.000147979067696724 0.00110148975509219 0.00140526244067587 0.00115475030033849 0.00106343192164786 0.000100592096350738 0.000441307091386989 8.60062242281856e-05 6.9584014636348e-05 6.33013200058485e-05 5.96020200646308e-05 0.000278769878786989 0.00026718939334387 3.94797162698524e-05 0.000291759986430407 4.15900408370362e-05 0.000183682746137492 4.53377332632954e-05 0.000150979353202274 0.000141599000198767 4.90658095259278e-05 0.000242452190286713 0.000453216847381555 0.000673086906317621 0.000466511346166953 0.000514463204308413 0.000450870762870181 0.000702390700462274 0.000748230909812264 0.0007147805110435 0.00056053128791973 0.000474604268674739 0.000534580618841574 0.000631373148644343 0.000613547745160758 0.000664008865715004 0.000772319853422232 0.000791861652396619 0.000803990988060832 0.000725353791494854 0.000988329129177146 0.0011297878343612 0.00134506798931398 0.0014431347080972
