Maxent_result_files_1/Bombus_rupestris_2.asc
NCOLS 594 
NROWS 330 
XLLCORNER -15 
YLLCORNER 23 
CELLSIZE 0.166666666666667 
NODATA_value -9999 
[rows 147 to 167 of 330, columns 506 to 551 of 594]
0.000928151933476329 0.0013259258994367 0.00144352323259227 0.00143804889521562 0.00144218979403377 0.00137600502930582 0.00113076018751599 0.000994458323111758 0.00153421581489965 0.00163794078398496 0.00142063745879568 0.00116089880466461 0.00158869572915137 0.00156072020181455 0.00188700119033456 0.00156800826080143 0.00206891291309148 0.00193213088205084 0.00194528526626527 0.0022021890617907 0.0021449827007018 0.00233551063574851 0.000556851734290831 0.000565310314414091 0.000597465105238371 0.00066746752418112 0.000303673717280617 0.00032734159467509 0.00309749878942966 0.0028840834274888 0.00246286012697965 0.00216405848041177 0.00178398017305881 0.000725861804676242 0.00135038989246823 0.00136964115081355 0.00137160737067461 0.00133387793321162 0.00147688121651299 0.00138962312485091 0.00134763355599716 0.00149980549467728 0.00127147172461264 0.00131733352318406 0.00116140499594621 0.00135616621701047
0.00316521791974083 0.00117146354168653 0.00135391674702987 0.00144789600744843 0.00110753284534439 0.00105973265599459 0.00106619180296548 0.00118685186607763 0.00125331674935296 0.00132388768834062 0.00122610576800071 0.00106759111513384 0.00149921043775976 0.00163857120787725 0.00160636339569464 0.00180451944470406 0.00168075449764729 0.00173468365101144 0.00180142867611721 0.00185435303719714 0.000873816362582147 0.000343290625460213 0.000328865357732866 0.000474513549124822 0.000425863765121903 0.00298069587443024 0.00309044681489468 0.00309207460377365 0.00291507788933814 0.00285927571821958 0.00263162270421162 0.00209884606301784 0.00180508987978101 0.00159323171246797 0.00145794656127691 0.00123010330135003 0.00111711871577427 0.00106113303336315 0.00140489780460484 0.00150433020899072 0.0015600748185534 0.00128749910509214 0.00139990855241194 0.00146784897660837 0.00134190444950946 0.000697037306963466
0.00144922934123315 0.00142057496123016 0.0014922445290722 0.00175242547411472 0.00219555892981589 0.00423958683386445 0.0077781961299479 0.00296255294233561 0.00153026049956679 0.00182738858275115 0.00166844663908705 0.00126097562606446 0.00143174724653363 0.00186476659728214 0.000359020307223545 0.00140980337746441 0.0016602995339781 0.00072476111818105 0.000753832777263597 0.000813193892827257 0.000856986484723166 0.000980321114184335 0.00107758058002219 0.000298436549928738 0.000319453793781577 0.00263874701922759 0.00270941768540069 0.00232413647463545 0.00111609277082607 0.0026022782898508 0.0021973758819513 0.00193473087856546 0.00165121082682163 0.00153926814673468 0.000647527878754772 0.000535401323577389 0.000529234085115604 0.000508318748325109 0.00118191514047794 0.00109807795379311 0.00174316475167871 0.00118604652234353 0.00118445142870769 0.00134362340904772 0.00120201832614839 0.00125796044594608
0.00292200593976304 0.00205664922250435 0.00188106597634032 0.00189223354682326 0.00464547094888985 0.0082256528083235 0.00400713959243149 0.00316247672308236 0.00148417211603373 0.00165785208810121 0.00194635906955227 0.00143891471670941 0.0014611667371355 0.00143737996113487 0.00156611350830644 0.00184167496627197 0.00181599411880597 0.000777057034429163 0.000825854187132791 0.000880010414402932 0.000995343341492116 0.00104646303807385 0.000289027641701978 0.00118561744457111 0.00117764208698645 0.00121934150811285 0.00120723030995578 0.00113861576537602 0.00110346982255578 0.000254228313860949 0.000954898202326149 0.000885177217423916 0.00075925276032649 0.000694962817942724 0.000650941740605049 0.000578950584167615 0.000532603898318484 0.000535301168565638 0.00124460169463418 0.00113308668369427 0.00137726304237731 0.00117243207059801 0.00163982771337032 0.00139297545538284 0.00125549137592316 0.00131927454494871
0.00187004558974877 0.00227980022318661 0.00237517724744976 0.0026259770267643 0.00243512290762737 0.00220144834602252 0.00291223055683076 0.00311613923404366 0.00206893520662561 0.00167373716831207 0.00197749979561195 0.00149813392781653 0.000687038330943324 0.00147709147422574 0.000820255710277706 0.000818102370249107 0.00084270250517875 0.000869199208682403 0.000914373935665935 0.000936170999193564 0.00103126119356602 0.0010623537003994 0.00110972322290763 0.00027596685977187 0.0012487139494624 0.00264921603957191 0.00306915745604783 0.00118068050360307 0.00115020480006933 0.00109990842174739 0.00101290211896412 0.000908064027316868 0.000804243853781372 0.000752252840902656 0.000727412872947752 0.00135677870712243 0.000565228326013312 0.000546864085481502 0.00124745509237982 0.00130394974839874 0.0012847195204813 0.0005519240105059 0.00169028178788722 0.00144852414960042 0.00126817552372813 0.00140097957337275
0.00224006092175841 0.00223963664611802 0.00236705307615921 0.002016450103838 0.00215044019278139 0.00199980540201068 0.00527649975847453 0.00476660144049674 0.00220136097632349 0.00212214369093999 0.00202066061319783 0.00226348097203299 0.00167751793051139 0.00150734569760971 0.00180645834188908 0.000846424314659089 0.0008979948295746 0.000880060944473371 0.000960142997791991 0.000972393818665296 0.00101746174041182 0.00108951602014713 0.00116976933204569 0.00125214189174585 0.00132996083702892 0.0014807982603088 0.0013057749834843 0.00118827034602873 0.00115001397789456 0.00107243060483597 0.00100544453598559 0.000892891641706228 0.000798431987641379 0.0015973103698343 0.000719297202886082 0.00150690792943351 0.000595946836983785 0.000574619614053518 0.000551675324095413 0.000550745401415043 0.000561311669298448 0.00114053194411099 0.000588521602912806 0.00181457131402567 0.00133715003030375 0.0014855390007142
0.00343262375099584 0.00218957492616028 0.00253630453953519 0.00232809642329812 0.00202228258131072 0.0023446929641068 0.00547283766791224 0.00322778068948537 0.00227394273970276 0.00219932576874271 0.00474141496233642 0.0020203756634146 0.00186779628274962 0.000836233654990792 0.000845287059200928 0.00193131158594042 0.00233240482630208 0.00102666983148083 0.0011109835060779 0.00115723974304274 0.00119556338759139 0.00121123347198591 0.00125150724197738 0.00133458310156129 0.00141908945515752 0.00136965737910941 0.00130730048986152 0.00129849198274314 0.00256105444859713 0.00109666683129035 0.001042905903887 0.000964850565651432 0.000878105213632807 0.000800044514471665 0.0017325023189187 0.000719746272079647 0.000647956220200285 0.000217281527875457 0.000354518939275295 0.000629614005447365 0.000625556247541681 0.0012857865600381 0.00132156771724112 0.0013414820714388 0.00170299598830752 0.00295098484493792
0.00313968213740736 0.00233546515228227 0.00221226590219885 0.00255464708898216 0.00227568023838103 0.00221944901859388 0.00272321468219161 0.0024217338883318 0.00234087096760049 0.00240596076473594 0.0024384023854509 0.00213872420135885 0.00210041692480445 0.00202297809300944 0.00238491611089557 0.00207253497792408 0.00109461176325567 0.00114366267807782 0.00118921617977321 0.00125280492356978 0.00126981499488465 0.00135643660905771 0.00140658287564293 0.00138732682680711 0.00141363027505577 0.00140360782388598 0.001400260720402 0.00139399818144739 0.00125610635732301 0.00120685624424368 0.00111059777555056 0.00108166572754271 0.00192406115820631 0.00187822000589222 0.00192850604653358 0.000800212030299008 0.00075301147880964 0.000699140096548945 0.000214836654049577 0.000159071251619025 0.000647678258246742 0.000672058304189704 0.000658840060350485 0.000678967908606864 0.00181814744137228 0.0550752152688801
0.00254366666777059 0.00235425020800903 0.00220145480707288 0.00247212406247854 0.00231988608138636 0.00243656549137086 0.00409984439611435 0.00228630233323202 0.00238982861628756 0.00530389845371246 0.00239620872307569 0.00319249726599082 0.00231728991493583 0.00223643380450085 0.00234140965621918 0.00233482456533238 0.00246393465204164 0.00123282823478803 0.00135031214449555 0.00141567754326388 0.000820185706834309 0.0015242792898789 0.00159319390077144 0.00161051875911653 0.00159618940670043 0.00160374151309952 0.00154673696961254 0.00149902476696298 0.00137590675149113 0.00128234996227548 0.00126005299971439 0.00114412443363108 0.00107639493653551 0.00218638221267611 0.00212882480118424 0.000852946861414239 0.000917900947388262 0.000818092451663688 0.000775559368776157 0.000682384814717807 0.000719692488200963 0.000711915860301815 0.000725039071403444 0.000785136403283104 0.00184344246517867 0.00521394584793597
0.00281367736170068 0.00261382199823856 0.00244325835956261 0.00242586201056838 0.00236766806337982 0.00260627646930516 0.00459553289692849 0.00328800110146403 0.00260352848563343 0.00237804892240092 0.00240542469546199 0.00226258793845773 0.00229665475198999 0.00257492379751056 0.00263830308103934 0.00275113087845966 0.00288832219084725 0.00308888368308544 0.00141496333526447 0.00151751865632832 0.0015894727432169 0.00164925412973389 0.00171530599473044 0.00177737668855116 0.00164139808621258 0.00155115772504359 0.0014772163820453 0.00160639254609123 0.00145331709645689 0.00137221649056301 0.00129289804608561 0.00125513082020916 0.00113084549084306 0.000997244007885456 0.00096838508034125 0.00091204127529636 0.00100009068264626 0.000862703815801069 0.000240596002549864 0.000758525601122528 0.000760454381816089 0.000758163927821442 0.000796820415416732 0.00187204526737332 0.00195610708324239 0.000862141168909147
0.00309865861199796 0.0030964151956141 0.00290302829816937 0.00285476603312418 0.00278849211754277 0.00262235584668815 0.00261963070370257 0.00266009169863537 0.00272077471017838 0.00265621653525159 0.00245744279818609 0.0026422580354847 0.00277362311026081 0.00260067303897813 0.00286113322945312 0.00292477189796045 0.00306439169216901 0.00339875938370824 0.00353222205303609 0.00318441621493548 0.00168786800932139 0.0018467194866389 0.00190462173195556 0.00188905453542247 0.00190724658314139 0.000971012632362545 0.00165914968820289 0.00159583205822855 0.00152176329866052 0.00136849145637825 0.00127740693860687 0.00120919409673661 0.00114509193226695 0.0010441301681567 0.000960084301186725 0.00870276340283454 0.00686755336355418 0.00102699127746746 0.0008837052853778 0.00079914316884242 0.000822215364314616 0.000824568083044142 0.000847065076231956 0.000843182078097016 0.000833526952192187 0.000856502039823681
0.00354075720533729 0.00306920699076727 0.0033129615476355 0.00261803653556854 0.00297666836995631 0.00292775605339557 0.00266428980976343 0.00274712449172512 0.00270944909425452 0.00285589884733781 0.00294516094727442 0.00287506594322622 0.00290422004181892 0.00267514253500849 0.00279022057075053 0.00288300206884742 0.00149412063183263 0.0034292132826522 0.00390159629750997 0.00181934052379802 0.00381628854665905 0.00201728802639991 0.00875711366534233 0.00555781729053706 0.00227031633257866 0.00199144905200228 0.00406819260679185 0.00164096140069887 0.0014612979372032 0.001314378506504 0.00129544899682514 0.00127178091788664 0.00115836837794632 0.00106179934227839 0.000986115931300446 0.000988486793357879 0.00118728277157061 0.00097637977451086 0.000912959361448884 0.000860624440247193 0.000851838116068393 0.000867652118904516 0.000858381437137723 0.000881423597456887 0.000895687227603048 0.000911372690461576
0.00374867622740567 0.00157001371262595 0.00319522288627923 0.00147985422518104 0.00325057462323457 0.00326447773259133 0.003151407209225 0.00296893492341042 0.0027949983952567 0.00262691670795903 0.00279578594490886 0.0012397465412505 0.00262336015002802 0.00292489854618907 0.00143930020276457 0.00338126823771745 0.00159364826977253 0.00344747223425657 0.00180422838311642 0.0035825441358611 0.00197400205070153 0.0043111638398841 0.00569826799910516 0.00685216854326427 0.00273137493059039 0.00221397666027769 0.00191219132393599 0.00178033837582916 0.00156813332578167 0.00153769284952432 0.0014988167444244 0.00129263260751031 0.00125705702230334 0.0011126677505672 0.00103572269435972 0.00103778225602582 0.00101446923799813 0.00105738064157777 0.00101608294062316 0.000987315585371107 0.00091972152586095 0.000945806707022712 0.00095284798881039 0.000941118045011535 0.000961599469883367 0.000979563943110406
0.00421137204393744 0.0033286650897935 0.00356089456472546 0.00351249708328396 0.00326434804592282 0.00144331476185471 0.00310112873557955 0.00316289290785789 0.00292728879721835 0.00284914009971544 0.0029863508651033 0.00322429293300956 0.0511645812541246 0.00319248066516593 0.00359139458741993 0.00375689149368554 0.00385754404123873 0.00357463883701712 0.00438074409030378 0.00468109219800681 0.00223774338373914 0.00581229692324996 0.00640259641222656 0.00729477605782449 0.00595766226761043 0.00482347053475678 0.00403609494678676 0.00182673404924572 0.00199063062900677 0.00172775858081877 0.00145267798798159 0.0014066569856368 0.00130871664732695 0.00122848052415065 0.00112742719938979 0.00105917595210485 0.00104469257639721 0.0010404275089968 0.00108272298821248 0.00101489530061372 0.000990307703614235 0.000993523094803095 0.000982488563749939 0.00100708317477256 0.000974404579028487 0.000950827554333955
0.0019290066557005 0.0039479071740061 0.00400209338404238 0.00177812913898379 0.00170431497972459 0.00377880362793803 0.00380372020881623 0.00344738606363535 0.00287182831671089 0.00338588515296578 0.00334558293689042 0.00361628420650959 0.0081713829189539 0.00366168962791562 0.00420015761628747 0.00434274314902723 0.00427441068459302 0.00470704494509846 0.00522375521250069 0.00546273528598249 0.00607777629047632 0.0070218495093286 0.00665761926211417 0.00585433896631002 0.00245012937812135 0.00538402220699936 0.00218555437168106 0.00199276400962844 0.00189282045466825 0.00169845928903669 0.00156960495514795 0.00148698501288891 0.00135334715014324 0.00123738961410709 0.00118748300010338 0.00120081534259953 0.00117368479259312 0.00117576052434742 0.00122019076952711 0.00120408400543965 0.00115022096433677 0.00110724840778857 0.00108624723507091 0.00107490965747274 0.00106450351886451 0.0010829373379238
0.00202969082165509 0.00414565971586853 0.0037827363004908 0.00191258874256164 0.00193346047308296 0.00191462854854763 0.00177664178190753 0.00328266220167279 0.00386168591212481 0.00389294850174338 0.00403858134523034 0.00402281205169857 0.0021011043631006 0.0019448115315754 0.00416158332955092 0.00482265739701688 0.00507935080677271 0.0029187562642619 0.00568718947470188 0.00600072587840259 0.00656100697815418 0.00619509159587324 0.00618283459916711 0.00601061012130231 0.00590465073473752 0.00576600281056017 0.00234724044566974 0.00203359372681007 0.00196866800542921 0.00187598768388852 0.00190575399901718 0.00169220778625458 0.00146676568547264 0.0014380041626282 0.00145215296652168 0.00145447381073609 0.00142626171582378 0.00463904505595565 0.00905435825698078 0.00138221972738393 0.00124938685330562 0.00115336317685433 0.0011104102304671 0.00114742467412725 0.00120348560158163 0.00115957481903024
0.000585530494572595 0.000522502008243464 0.00197223073337227 0.00199034083634615 0.0019533219281584 0.00192099004052579 0.00186448014574125 0.0041478072758764 0.004469204088673 0.00438502314500511 0.00437592770904303 0.00394724053330719 0.00357720081228763 0.00194727397756651 0.00436172774061561 0.00481033662799746 0.00496790339238942 0.00477485023438931 0.00521581980865449 0.00580560564994812 0.00593797585461289 0.0065021799877286 0.0070874223485589 0.007209437713027 0.00627245358191431 0.00267241246765479 0.00257811901392415 0.0023897131672129 0.00215498921461403 0.0019409351865761 0.00180108112981543 0.00161542036803439 0.00150833900552243 0.00140656714793295 0.00144303161650896 0.00138599118217826 0.00143236657604575 0.00988249243237078 0.00620909801218659 0.00131860094261356 0.00129547857213765 0.00117817586287856 0.0012269827304408 0.0013021063641645 0.00147228329442441 0.00130824297084473
0.000546050556295086 0.00053215990337776 0.00210652444511652 0.00206296152900904 0.00204060858814046 0.00208390146726742 0.00453674274031073 0.00206878078170121 0.00208909600041807 0.00447113257832825 0.00208183971699327 0.00202882746234536 0.00425233421847224 0.00208758027292788 0.00224673704942688 0.00233198882779106 0.00523469094187021 0.00518768667243421 0.00274123034905642 0.006500748032704 0.00645660436712205 0.00616889458615333 0.00702675562351942 0.00693561998195946 0.00268139203544706 0.00555549128912389 0.0038016838254407 0.0024188707000576 0.0022526482003741 0.00202386102173477 0.00202042919117957 0.00190124794607982 0.00182931334711611 0.00155400014482439 0.00347663734573871 0.00131985588232055 0.00132926004007459 0.00129237332730554 0.00138405793695711 0.00142340497695841 0.00145139175001532 0.00146875300561078 0.00132065204670653 0.00126550541608594 0.00138707434525713 0.00131544641917571
0.00163477900787257 0.00442609828896821 0.00220159280579537 0.0023823622148484 0.00217432535719126 0.00211974899284542 0.00212280823616311 0.00218113414011896 0.00216959934914485 0.00477915094234049 0.00496018307749182 0.00486585868056864 0.00209132279269397 0.00215667311567813 0.00228943410329521 0.0023743569268845 0.00525369544047862 0.00568750910460949 0.00705661154352129 0.00700812987051904 0.00703620095737278 0.00681213671341538 0.00673176944255829 0.00619342632126063 0.00548814134672284 0.00266275920439512 0.00257741528330371 0.00249338343273848 0.00225220422726125 0.00466143789235502 0.00458148159086704 0.00214804171118885 0.00210191183723509 0.00204154156381264 0.0019082925398834 0.00148808824596927 0.00141803991282359 0.00126506185624748 0.00123776859254576 0.00144400135613978 0.00158745474182069 0.00173788208048791 0.00167622092412785 0.00145069860736839 0.00146767117548734 0.00150957903824747
0.00215292256325483 0.00480212424881756 0.00216076244832948 0.00216121700359508 0.00208763503469527 0.00445138185750693 0.00222978190286085 0.00222754025598988 0.00229920112760738 0.0022835700889118 0.0023359578452073 0.00227013509720564 0.00225487718125805 0.00230709305033088 0.00545754805207252 0.00516997342929244 0.00272619337774813 0.00671053966507316 0.00742584047839046 0.00613502371124923 0.00621921075507998 0.00609682681970298 0.00660658283159137 0.00290241029579192 0.00630881886463612 0.00261713758809492 0.00244656208669767 0.00237720515578985 0.00231222291477025 0.00225218780105934 0.00205191759159788 0.00181429232470691 0.00180141152814031 0.00184446492930874 0.00170113660860807 0.00127613184740767 0.00109916670480743 0.00131016641389579 0.00146346199326217 0.00131035220692866 0.00143741790670902 0.00133349644602276 0.00153906214982271 0.00147739099338651 0.00158700143219903 0.00173960952088237
0.00220121290767565 0.00224218226503581 0.00235413989285007 0.00220103792380542 0.00207598531851545 0.00215423598419875 0.00216406179824844 0.00211156698642299 0.00217962558381259 0.00230126158567145 0.00244905218714848 0.0024859958793968 0.00239216950722039 0.00260957567952573 0.00275971122318879 0.00564834990072995 0.003035236033611 0.00719027235172689 0.00683859293349087 0.00641471557319164 0.00586312473751605 0.0190271286293864 0.0661533880978823 0.00685261785984039 0.00298240534029901 0.00276827968191355 0.00261232955381274 0.00246753022074699 0.00247952073113993 0.00216428098501638 0.00201355858007446 0.00164766039233655 0.0014218894764781 0.00138326679589227 0.00121977680828422 0.00117637540097348 0.00110702494275756 0.000939766253577545 0.000939853355521336 0.00187398494454101 0.00116625486989506 0.00132030509412289 0.00130017494084314 0.00152307259850204 0.0018608154845424 0.00203246277524158
