Maxent_result_files_1/Bombus_norvegicus_3.asc
NCOLS 594 
NROWS 330 
XLLCORNER -15 
YLLCORNER 23 
CELLSIZE 0.166666666666667 
NODATA_value -9999 
[rows 200 to 219 of 330, columns 495 to 539 of 594]
9.78236028004176e-06 6.42649989686106e-06 6.03592172865319e-06 5.25401106870049e-06 4.90428509465346e-06 5.2247213488954e-06 5.80785438160092e-06 7.33863217874386e-06 8.56733232694751e-06 8.74095100016348e-06 9.66683558090153e-06 9.5853877837726e-06 9.91993133538926e-06 1.1306463488836e-05 1.37113860091631e-05 1.51184478681898e-05 1.74031926462703e-05 1.88537669600919e-05 2.06193216399697e-05 2.31873558277584e-05 2.46664420046727e-05 2.65641208443412e-05 3.05147661947558e-05 3.30795420723007e-05 3.69857934856554e-05 8.75460592055788e-06 5.1788152404697e-05 1.25839560723762e-05 5.49106658581877e-05 8.5517714251182e-05 0.00012227708411956 8.67224640387576e-05 7.49993036151864e-05 7.77361405198462e-05 8.87181828147732e-05 6.05989016548847e-05 0.000157908045002841 0.00015873326738074 0.000165562746406067 0.000165933518655947 0.000166963308220147 0.000191278664351557 0.000180902466308908 1.89285234114323e-05 0.000121457604836905
1.29187583297607e-05 1.02695948172027e-06 5.21274841958075e-06 5.23767780578055e-06 4.81771646718698e-06 4.41638910615438e-06 4.28441432518412e-06 4.45984586008308e-06 5.1429769087008e-06 6.94367560072351e-06 8.16675390069577e-06 8.75851065984534e-06 8.96232120339846e-06 1.11316040374732e-05 1.25804675008112e-05 1.29460510379431e-05 1.37976860060007e-05 1.59506795171183e-05 1.92297025478183e-05 2.20859212731739e-05 2.46488515585952e-05 2.72282733021711e-05 2.68645384039701e-05 3.06808298773831e-05 3.4066636726493e-05 3.92817651118094e-05 4.15843381233572e-05 4.63659510387515e-05 5.22091975653893e-05 9.12910643819487e-05 0.00011998455192952 0.000118141780876613 9.97318467852892e-05 3.49443515915482e-05 2.8471145333242e-05 2.21804055399843e-05 0.000110672192749917 0.000148841568443459 0.000206847907611518 0.000253410112054553 0.000228699894796591 0.000186955949902767 0.000173612125581712 0.00015164174947131 0.000138120010160492
1.54203375586803e-05 2.17681597405317e-05 1.06477507415548e-05 7.10121740894465e-06 5.54140881376952e-06 4.51421895490967e-06 4.44571072648614e-06 3.62221178988875e-06 3.14394648626148e-06 4.83432453393107e-06 6.42252449551961e-06 6.80375212596118e-06 6.96948221730054e-06 7.54594211684889e-06 8.74120171374671e-06 9.67834769198816e-06 1.01030757377885e-05 1.1613461106208e-05 1.33519336486643e-05 1.67671453255025e-05 1.9135810998705e-05 2.11840976589883e-05 2.33461282732605e-05 2.62052039033733e-05 3.11152244194091e-05 3.39640499078087e-05 3.77994006157678e-05 4.01123226765776e-05 4.51498266556882e-05 5.39803521860449e-05 5.64461773137737e-05 5.88878643611679e-05 5.73375199564907e-05 6.53450497338781e-05 7.67899244237924e-05 7.47963986214017e-05 6.91071943947463e-05 7.85995976912091e-05 0.000299697766604368 0.000429727297159843 0.000336809223517776 0.000257974933629157 0.000242431804508669 0.000211610549740726 0.000194957084750058
9.57519971507281e-06 2.01939883481828e-05 4.00524140786729e-05 2.85779889054538e-05 1.03605339973001e-05 7.49785442621942e-06 5.15933343194774e-06 3.91949837421635e-06 3.4138481453283e-06 3.86923857718102e-06 4.72046731374576e-06 4.59439868336631e-06 4.80325169291973e-06 2.66198047711441e-06 6.82548024997232e-06 8.62490255713055e-06 9.68308756910119e-06 1.37247373459104e-05 1.06115807739116e-05 1.34445848743781e-05 1.44995792197733e-05 1.74482462171e-05 1.99899570816342e-05 2.34116004776297e-05 2.6946862180921e-05 3.21447673741204e-05 3.40802537721174e-05 3.45663966072607e-05 4.05776013394643e-05 5.01831097608374e-05 5.08056415128522e-05 5.25603992173274e-05 5.42810351362277e-05 5.37543069185631e-05 5.90335850574775e-05 6.35166859865421e-05 0.000168333257533959 5.52443381820922e-05 7.995747946552e-05 0.000203897143364884 0.000328397670091363 0.000380200175277423 0.000351095541554969 0.000311788119870471 0.00032019858044805
4.86716970158341e-06 1.74529011019331e-05 1.97541683519376e-05 3.42569310305407e-05 6.39480491372524e-05 5.61817199923098e-05 1.97424603811669e-05 1.07861547121502e-05 5.82785511369366e-06 4.71786485150005e-06 4.65097718915786e-06 4.58525055364589e-06 6.16187156765591e-07 2.40289859050335e-06 5.29921816223577e-06 6.28165157650074e-06 7.43357261399069e-06 1.22810123002637e-05 1.6938134422162e-05 1.2947368463756e-05 1.48319102208916e-05 1.45900528195853e-05 1.70306947438803e-05 1.99748591512616e-05 2.23668496346363e-05 2.848511967386e-05 3.27527850458864e-05 3.27667461533565e-05 4.04558018999523e-05 4.52246634267794e-05 4.31519082667364e-05 4.64175541310397e-05 4.73109475933597e-05 4.69397356027912e-05 5.0515650127636e-05 5.30368679392268e-05 8.9134222616849e-05 0.000105848498424166 8.66712814968196e-05 0.000100969898994663 0.000167465005142731 0.000394061877159402 0.000583272631047294 0.00051981757133035 0.000572734174784273
9.41296023029281e-06 1.39493466804197e-05 5.76662795538141e-05 3.56462075615127e-05 1.93627416138042e-05 7.10033335053595e-05 0.000270409088989254 0.000161893017866532 1.39124207407804e-05 6.76018172498516e-06 5.67622751077579e-06 4.84565938450032e-06 1.48956106045262e-06 9.3337024225093e-07 1.49572265399911e-05 5.38371355105483e-06 6.45568280788211e-06 8.16119841147156e-06 9.18526623081561e-06 1.06583233900892e-05 1.33281125044959e-05 1.53417593537597e-05 1.68503349868843e-05 1.84268172688462e-05 2.13995373542275e-05 2.64074420556426e-05 2.93049399715528e-05 3.33030505316856e-05 4.05570258408261e-05 4.27401152592211e-05 4.65656493361166e-05 4.85968799694092e-05 4.77199204397039e-05 4.69283534584974e-05 4.60007807305374e-05 5.19916346092941e-05 7.5218085112283e-05 0.00102950930595398 0.000114236542867729 0.000109236213029362 0.000303254113532603 0.000465900806011632 0.000789346231613308 0.00073424716538284 0.000632879993645474
9.16485467428174e-07 1.42977644372877e-05 1.25067060707806e-05 1.17294038091131e-05 5.34516273091867e-06 1.22952217907368e-05 1.57496985593752e-05 1.95292162970873e-05 2.38898697261902e-05 1.16742318823526e-05 7.72642506490229e-06 7.92872508554865e-06 1.00731035445278e-05 1.00450952231768e-05 7.73264371218829e-06 6.31637811920882e-06 5.52100235609032e-06 3.4985025649803e-06 5.30351354086633e-06 9.06225507151248e-06 1.08395006236606e-05 1.30706570871553e-05 1.76387372903264e-05 1.75889123511297e-05 1.90525672678632e-05 2.28068512569735e-05 2.57597279414767e-05 3.04602418509603e-05 3.8430732274719e-05 4.50487216767215e-05 4.75463524708175e-05 4.85400695652061e-05 5.03302171637188e-05 5.6981166562764e-05 5.12709617396467e-05 4.83304927911377e-05 5.91125457503949e-05 0.00189361925586127 0.000306985861243447 0.000112140417695628 0.000413650683185551 0.000763924268539995 0.00123496588785201 0.00152003366965801 0.000524565918021835
8.10706917491188e-06 1.48457432260329e-05 1.10250723992067e-05 1.46548303291638e-05 6.11965126608993e-06 2.59157709933788e-05 1.56904897039567e-05 4.3035175622208e-06 5.17834617994595e-06 6.82064224974965e-06 9.94995516521158e-06 1.08304275727278e-05 1.08794757352371e-05 1.98277013623738e-05 1.96291824067885e-05 1.7086173829739e-05 8.62684439653094e-06 8.36435567634908e-06 4.74807137038624e-06 9.32056072997511e-06 9.90489725154475e-06 1.66003369940881e-05 1.46461701206135e-05 1.66482847816951e-05 1.73508289663005e-05 2.00280858734914e-05 2.40280408434046e-05 2.8802637143599e-05 3.13348406052683e-05 3.92160211958981e-05 4.57665125395579e-05 5.16178615725948e-05 5.50560926058097e-05 6.40587890302413e-05 7.33430439140648e-05 6.77010448271176e-05 6.04320051934337e-05 5.87078971875599e-05 0.000203536776825786 0.000149203479668358 0.00010609069831844 0.000165839429973857 0.000375596150115598 0.000720371925854124 0.000884691823739559
1.4266469179347e-05 9.95230709577299e-06 6.25764943151808e-06 1.47702136018779e-05 1.27760655232123e-05 5.91052890968058e-06 3.28803875504491e-06 1.58246604769374e-05 2.0600542302418e-05 2.25134834863638e-06 3.2050843401521e-06 5.45171747035056e-06 9.75330033270438e-06 3.47401482940768e-05 0.00011270685645286 5.17383621627232e-05 2.61049457549234e-05 1.12294442715211e-05 9.63814607075619e-06 1.03021694030758e-05 1.07357899651106e-05 1.26174434626591e-05 1.59124017955037e-05 2.50608399255725e-05 4.58311593320104e-05 1.95836992588738e-05 2.41032829308097e-05 2.9265233570186e-05 3.75437169168435e-05 4.94697234898922e-05 5.35819159267703e-05 5.84934361540945e-05 5.45915601833258e-05 6.22614823441836e-05 6.54897376080044e-05 0.000103050573306973 0.00011168273340445 0.000123307828835095 0.000170073824119754 0.000515139813069254 0.000480413431068882 0.00039921264979057 0.000250134114321554 0.000181763126602164 0.000535825325641781
4.41705568619e-06 9.37593190428743e-06 7.52145833757822e-06 2.80007349715561e-06 1.27151763990696e-05 2.63808156262257e-06 3.72492813767167e-06 5.91930044038236e-06 2.3436267042598e-06 1.84990747698066e-06 1.83244730465049e-06 3.12112542815157e-06 5.54663122329657e-06 2.99120729323477e-05 9.39432815357577e-05 0.000208076494891429 0.000105405710201012 3.41771677994984e-05 1.44550676850486e-05 3.29451198012975e-05 1.14529054371815e-05 9.1187216094113e-05 0.000110661776125198 0.000189350689470302 0.00018363804629189 0.000116891043035139 4.0834052288119e-05 4.68135844130302e-05 5.8537874429021e-05 7.69787700846791e-05 8.994073868962e-05 8.32569634440006e-05 0.000187824148451909 0.000156128175513004 0.000559778456226923 0.000679958050022833 0.000561188558640424 0.000244298998586601 0.000436398123565596 0.000644912166171707 0.000453083284082822 0.00057887360744644 0.00068396236456465 0.000732398840773385 0.000231229911150876
4.2018627368634e-06 6.87552380895795e-06 7.6622841788776e-06 5.9597390873023e-06 6.02516643084527e-06 1.07615809383788e-05 2.94083739618145e-06 1.04951787136542e-06 3.53677405655617e-06 4.5444258603311e-06 1.37297765263611e-06 2.51506874064944e-06 4.41742157590852e-06 1.31464161313488e-05 9.33977498789318e-05 0.000246340691955993 0.000207906505966093 0.000276326650055125 0.000318471602804493 3.06271264889801e-05 1.57343629325624e-05 0.000139051148289582 0.000161474262858974 0.00168061135145763 0.000269702424338902 0.000426239406806417 0.000858751602936536 0.000234050704239053 0.000619561914936639 0.000176815145823639 0.000163276496823528 0.000488284437597031 0.00092946775839664 0.000521927038789727 0.000395878461858956 0.000324190128594637 0.000146267884701956 0.000159570638425066 0.000295065472164424 0.000361664928641403 0.000564481593028177 0.00051146181212971 0.0152895017985429 0.000506148005661089 0.000614915742335143
6.26893224762171e-06 1.4654247593171e-06 8.36512835178382e-07 5.56697344791246e-06 5.84336851261469e-06 5.83281112085388e-06 3.30892904685243e-06 7.8929532719485e-06 7.22728550499596e-06 4.51069316795838e-06 7.6150877703185e-06 7.01887363447895e-06 1.55218998315831e-05 2.9461086523952e-05 0.000205624918453395 0.000800446115317754 0.00100369788415264 0.000816838693572208 0.000402786042832304 0.000269968646171037 0.000130276614800096 8.94773940672167e-05 6.47295431917883e-05 0.000607279472751543 0.0010348558134865 0.000272193662385689 0.00620960821397603 0.00921313334256411 0.00353758509736508 0.00650876944418997 0.0186863027513027 0.020946654304862 0.00816802959889174 0.014997711032629 0.0255334980785847 0.0076171868480742 0.00601766407489777 0.00529429372982122 0.00512969358824193 0.00199442747980356 0.00383953161071986 0.00672484538517892 0.0114850755082443 0.00301694665104151 0.0015841037267819
3.98717202898524e-07 3.87783428124067e-07 5.5966669378904e-07 4.54234593689762e-06 1.47699684589497e-06 5.29805794258209e-06 7.16243828264851e-06 7.12899366135389e-06 8.98135911029385e-06 8.74321804076317e-06 5.00579362778808e-06 1.19071785320557e-05 2.04567313630832e-05 5.06898621097207e-05 0.000143633009065525 0.000232174308621325 0.000711608698475175 0.000803511906997301 0.0031709976028651 0.00316805189359002 0.000650096609024331 0.000892819339060225 0.000776730821235105 0.000757972165592946 0.00263146496145055 0.00353674960788339 0.0044117477722466 0.0042436070041731 0.0576798319350928 0.0419305109418929 0.00916356449015438 0.00924748885445297 0.0142343319021165 0.00401272308081388 0.00243472519796342 0.00384948134887964 0.00233980535995215 0.0276781437918544 0.163509245961905 0.0263390311971307 0.0164303478784859 0.00212215859210119 0.00529144646134228 0.00272810192545876 0.00164914789493196
3.43996041465289e-06 2.05593007365223e-06 3.7949357434286e-07 6.02216698553093e-07 5.85869320275378e-06 6.38310559679667e-06 4.02711094693586e-06 1.0175474199059e-05 6.56696934129286e-06 5.76243878640526e-06 8.77248940014397e-06 1.7161455571113e-05 0.000152503115509717 0.000161059308356926 0.00051158900023438 0.000124796292584506 0.000976485246792436 0.00472613393794745 0.0309464121237397 0.00600176407024264 0.0063027523458004 0.00851911045610905 0.0129546588286757 0.0135564244352281 0.0110089790076017 0.0107400501146913 0.0112477416871116 0.0197879231534898 0.0081777059007436 0.025628166552633 0.0160079267807305 0.0102807374671102 0.0161726538091898 0.00928186867386103 0.00157253884826787 0.000674512289697304 0.000426863598113414 0.00138434049440548 0.0010738966288045 0.00217989309458062 0.000715293324901722 0.00214959912700579 0.00413672747090459 0.00168034383677877 0.000311613957455847
6.77403052122827e-06 3.51304786363471e-06 5.21022126349635e-06 2.30564357366347e-06 4.87766025116798e-06 6.78772435094288e-06 7.56111471673648e-06 6.76650295190484e-06 1.34059214815352e-05 8.63041154843813e-06 1.77983403773396e-05 2.99220067972783e-05 0.000260218256187272 0.000333622729249328 0.000212476401975437 0.000531438030884601 0.000933912850450724 0.0145438238047063 0.00286815164145082 0.00210851605515927 0.00222567962482572 0.00147719130618498 0.00140624758205377 0.00288664272520691 0.00457746020983905 0.00317852890584618 0.0219927177764475 0.0119465288706124 0.0069290712941438 0.00125575576093979 0.000557179606403224 0.000732729147421196 0.000648352640564553 0.000429683011316229 0.000414177430502605 0.000381883679074235 0.000428100972203538 0.000604262293200009 0.000326703296741471 0.000374545823433436 0.000567681883694604 0.000276478817977477 0.000257830243208446 0.000212045200169086 0.00023501959949499
3.38145132445788e-06 3.4708317912191e-06 3.55880982851886e-06 1.55694802970174e-06 7.49433643250086e-06 1.13719893306552e-05 1.30102625917061e-05 1.56314220475906e-05 1.11527962417313e-05 6.21858446265833e-06 1.85751962817449e-05 9.51377631281503e-05 0.000196216777840164 0.000166010903194547 0.000488000994664617 0.00473276921547949 0.00526455098297447 0.0054645708296448 0.00455067111179233 0.00277100706007332 0.00181423530448228 0.00138543143984862 0.00194358434528112 0.00212153693428263 0.00264769262867048 0.00166459656320512 0.00113897687988356 0.00498533104546368 0.00151896828901954 0.00340226122643799 0.00144732919870876 0.001183124887757 0.00164304287172854 0.000595427094958723 0.000611717629362829 0.000468039413681254 0.000390092869929504 0.000530234538018703 0.000361824379069731 0.000549337206757627 0.000663046570844017 0.000504606534377672 0.000548475995310582 0.000361998971493449 0.000281666631053668
4.62277868109595e-06 2.70712432097753e-06 1.27122859225892e-06 1.37297498099542e-06 1.02455483329322e-05 1.24053906347399e-05 1.79631808805425e-05 2.34041518524464e-05 3.40635429893155e-05 1.13803873773577e-05 7.23789655239671e-05 4.71971628940082e-05 6.60842342767864e-05 0.0002691546913411 0.00327035469235852 0.0166671820916235 0.0107137358747423 0.00727371666580439 0.00274482175009325 0.00207290856633335 0.00296640226151794 0.00332301312591881 0.00374031893443316 0.00223940273281187 0.00183461653068662 0.00188882204238325 0.0194852162152529 0.00571003255899996 0.00285975426668301 0.0156934142578393 0.00275854895589873 0.00151804200140759 0.00587993846274912 0.0083590769674629 0.0072903168387711 0.00556312743574381 0.0193385578691959 0.00152347559342161 0.00062848515517544 0.00151178608648479 0.00145546032581478 0.000892613007454202 0.000832295935833827 0.000406093968194909 0.000612274039303884
1.33687959760209e-06 4.90721836285957e-06 9.96453096036021e-07 1.71698112580998e-06 9.71990316429583e-06 1.12520971924823e-05 9.8341537068336e-06 1.12659629849077e-05 7.51765005588823e-06 1.26411254768755e-05 6.39886991848471e-05 2.1997000499141e-05 0.000224931581760757 0.00255307293264195 0.00533111784607172 0.0152946008369327 0.00557020446285605 0.00489021746907383 0.00354897985234857 0.00212451588595286 0.00332242348231375 0.00254249551799148 0.00307116480544209 0.00213909680023789 0.0204255734570324 0.0794520266354084 0.051465966925025 0.0216271671466529 0.0444993363693357 0.0032864834414795 0.0315365675836802 0.0406020555645227 0.010169968334958 0.00969657204113901 0.00538266145158559 0.0197683230042458 0.0800489693880081 0.0149772339500487 0.0122346672229469 0.0172942262142897 0.00306764520937577 0.00144125805236399 0.000493665965041146 0.000384552852483466 0.000113156092265854
6.66183167652434e-07 2.49781660954795e-06 1.20021581437868e-06 1.61688874982246e-06 8.21904707208887e-06 8.80908760336752e-06 6.97312746069656e-06 7.01615997513727e-06 3.93880342244302e-06 8.33099247756763e-06 7.54010973196273e-06 5.90712441521646e-06 0.000168038382616942 0.000721052800508914 0.00177998061990365 0.00645201888401061 0.0207450807094574 0.00262405487010255 0.00393521613441408 0.00344770515803248 0.00400740830227733 0.00750427427701652 0.00586593560874462 0.0585640288889408 0.025840844027698 0.0161371243186295 0.012447649333626 0.00354699711315334 0.0263764327391982 0.0484531968832016 0.0696711778640747 0.128530164808035 0.0090173402801156 0.0115193521138281 0.00644428802188486 0.0113887423183769 0.000699037476442754 0.00226617337903008 0.0186330388300121 0.00217913690721616 0.00284223731141537 0.000699396236450411 0.00047656397218816 0.000326740789751057 0.000252823359915055
6.06125786362099e-07 3.54643701427904e-07 1.60408182523497e-06 2.01149732106387e-06 6.17319064986077e-06 6.93958013471274e-06 5.44542260740855e-06 6.04700542226055e-06 2.68756414243398e-06 1.26119251262935e-05 0.000619130124687861 0.000116155914111005 0.000326240587673965 0.00052000334544573 0.0022660594782792 0.00320261092856526 0.00309094323311001 0.00218602125532925 0.00220393678173423 0.00232074724044651 0.00577375772409141 0.0280238995328546 0.0187336526811123 0.00484790530754253 0.00248290879535489 0.00155935386428609 0.00142396886949427 0.000210809856798733 0.000118362753346446 0.249709656834602 0.18076790869236 0.00217865821905434 0.0118661672342569 0.0447832146659493 0.0172070622444153 0.0019215309759602 0.00431184454355389 0.00820522157009691 0.000937638647155836 0.000781541591277346 0.00115524351131171 0.00102281045983545 0.000682132158544846 0.000385716346499976 0.000292160490062088
