Maxent_result_files_1/Bombus_armeniacus_2.asc
NCOLS 594 
NROWS 330 
XLLCORNER -15 
YLLCORNER 23 
CELLSIZE 0.166666666666667 
NODATA_value -9999 
[rows 231 to 251 of 330, columns 47 to 93 of 594]
0.000466172819869826 0.000808433401107322 0.000941571484145243 0.0009655570043833 0.0105823314050212 0.00691952253691852 0.00454378097783774 0.0191346788778901 0.00213168721820693 0.00166593202156946 0.00180495192034869 0.00178738685499411 0.00138438472640701 0.000904680458188523 0.0016958943073405 0.000658244860824198 0.00308290747925639 0.0172095248475671 0.00294318718952127 0.00695330193266273 0.0159478667657822 0.00889156144112349 0.0201143673621118 0.0215141030959785 0.0241277230903506 0.02340451721102 0.0273721278645098 0.0228126473724842 0.031997031904757 0.0392964212223887 0.0354036284610629 0.0387893060222268 0.0646268676966429 0.0165512585546821 0.00671886136988178 0.00686864396557212 0.00902212387882173 0.00279084877402056 0.00133223951270338 0.000373313052114099 0.000535627795034088 -9999 -9999 -9999 -9999 -9999 -9999
0.000555255749350181 0.000524046218924923 0.000303851023272728 0.000560292871523416 0.00109098580869613 0.00161588639311958 0.00153099967283197 0.00189745729439892 0.00333527036709711 0.00298169446759857 0.00163686398009304 0.00132672209583689 0.00430231673526578 0.00114204520650674 0.00177783317922149 0.0044840429443866 0.0077193705830723 0.0242072221823037 0.00954335832502693 0.0182143854908645 0.0226864914409816 0.00960226790048182 0.0226077734492719 0.0215438003651798 0.0238276347517967 0.0245190990157425 0.026972786989063 0.0316440101712942 0.0324840966612101 0.0346661303192377 0.034570880420506 0.0325164914131165 0.0291570261120796 0.0288443813100457 0.0143278571078554 0.00548424215521663 0.00295892701251432 0.00228518058138434 0.00330654232529923 0.000675003905053018 0.000395155943260761 -9999 -9999 -9999 -9999 -9999 -9999
0.000494809815427288 0.00263856846140698 0.00161191212828271 0.00192805899423547 0.00225408367114142 0.00134212004486471 0.000862325233174488 0.000184989672561642 0.000440262969641481 0.000944989777053706 0.00208014094678219 0.00288941394537687 0.00608381631609518 0.0052479517122265 0.00727883938816376 0.00575845218845643 0.00470148494932801 0.00252159508527257 0.0030981597257778 0.0117757440544665 0.021576585713774 0.0211795108392835 0.024438199121505 0.0268721304833889 0.0260667474940419 0.0253773706965148 0.0315030329860747 0.0459291640669107 0.0411309542134404 0.0288343851454556 0.0272153981029987 0.0309652823954821 0.0315908001735806 0.0297028733417392 0.0223082302603871 0.00995701407082379 0.00445431182160974 0.00302197333658114 0.000667976042313967 0.000417246243159752 0.000786222737224307 0.000356502567592543 -9999 -9999 -9999 -9999 -9999
0.000125970172121015 0.000403397597983712 0.000218719390613842 0.000676576352270786 0.00145137872605119 0.00127560833643656 0.000510755450522993 0.000746322622580919 0.00264515757444315 0.00182818855973892 0.00259850959992036 0.0104568931041285 0.00463044398929924 0.0034362440201221 0.00430786334327422 0.0119232753786491 0.0150736553128809 0.0110656453063712 0.00430823047063313 0.0250885738059878 0.0248401603661478 0.0224427002482116 0.0261071356013417 0.0221850514411926 0.0251632937695831 0.0235988525208086 0.0363111867569387 0.0471875064074993 0.0384867344982922 0.0335414061322808 0.0261445589363575 0.0307093972340226 0.0397521736100316 0.0513863477855921 0.0564125385135412 0.0374262019991875 0.00931105664931238 0.00407268217531964 0.00224254632194061 0.00132452224352164 0.00127171494823415 0.000892595711047761 6.81482869367756e-05 -9999 -9999 -9999 -9999
0.000126878065202618 0.000303944564075209 0.00264212153851986 0.00806194928009063 0.0084220846532844 0.00175284638535231 0.00318215492879972 0.00117225123394746 0.00253440850647166 0.00239520411123522 0.00493303386610933 0.00408161031664349 0.00202388488687575 0.00336929033510387 0.00328992566501256 0.00533463358297013 0.00717857326380908 0.0116617520805448 0.00981569966534153 0.00895976875908673 0.0224330339580774 0.0208308769389987 0.0239953331649303 0.0270341381430626 0.0308096265420318 0.0364195853471756 0.0858664438128471 0.0447172431275249 0.0185395943466574 0.0191572309471667 0.0226657468825579 0.0333830535411835 0.0419702718034387 0.0471588686108589 0.0531976420432329 0.0218720058910549 0.0108471683226526 0.00673405542038381 0.00972826040815562 0.0125873108627275 0.00327904269215651 0.00588282831013203 0.00216659632424125 0.00137326550029684 -9999 -9999 -9999
7.64370784054336e-05 0.000134419252935913 0.000895255857903976 0.00298472174908966 0.0169909356161952 0.00439908102853224 0.0019098902674159 0.00406999067636207 0.00166463413625024 0.00309725420083851 0.00257676008332055 0.00537386446958408 0.00980901431757957 0.00506851730169728 0.00455871172016487 0.00514150055241771 0.0164741432410665 0.00859337247675285 0.0131106542306952 0.0109345040982589 0.0068543245899491 0.00708442432805896 0.0168035894166678 0.0182923011248931 0.00962976403534412 0.0526101665571332 0.0027507750026416 0.0171634383965284 0.0192933430429548 0.00956708213780075 0.00863968492485583 0.0167268642224371 0.012666935287416 0.00989833418279886 0.0148298530839384 0.0151352942921221 0.00471331487642601 0.00275463864672929 0.00296304592629895 0.00351523922290653 0.00196982676861808 0.00299441667157225 0.000266117625142215 -9999 -9999 -9999 -9999
0.000138491733014234 0.000146765324097942 0.000418202051878325 0.000523617083672434 0.00128168176743202 0.00628440923755988 0.00244896822259761 0.00177069925703108 0.00247350616264157 0.00311912266770378 0.00385423395782709 0.00521641311934218 0.00395674533210695 0.00569326591212302 0.00668517363956198 0.00335262403823435 0.00327720607747324 0.00156581741466653 0.00357171364303213 0.00154536840418586 0.00290656433207914 0.0105547404033132 0.00655738455243409 0.00502466520993039 0.00272273654700257 0.000937605404760688 0.00276046838844195 0.00995996274286881 0.026705938950181 0.00618255289737135 0.00420652191387489 0.00730819597374648 0.0021540380170336 0.00413345624692738 0.00481771982740611 0.00376938235713169 0.00515435031848028 0.00179355171276256 0.00150313195190392 0.000491994379262906 0.000387281605799217 -9999 -9999 -9999 -9999 -9999 -9999
0.000303341055405326 0.000323117528751027 0.000645741258995258 0.000660907978453906 0.00106313297146698 0.00167761598713696 0.00134708940167911 0.00169125330721727 0.00203493019798771 0.00224621363449842 0.00190278204972856 0.00289166398288216 0.00231742770847632 0.000678416991286213 0.000743281708855648 0.0029344812646741 0.0012343476730166 0.0011490656688693 0.000834609453886515 0.00211411168274935 0.00179599369585048 0.00185939203656744 0.000239766605227487 0.00228824943769723 0.00981631521135569 0.0109382505295798 0.00669031533179805 0.0312185054179281 0.0130239110440016 0.0107152184937149 0.012462932150811 0.00290690808324143 0.00315735611366108 0.00229288338450715 0.00283335651620291 0.00110664435196668 0.00212841085740365 0.00131332187447697 0.000356677496165503 8.01514825070626e-05 -9999 -9999 -9999 -9999 -9999 -9999 -9999
0.000219476247366401 0.000210691108441097 0.000174084477657743 0.000488854353898205 0.00030237369974202 0.00179629347549053 0.0010092261400132 0.00100435679050861 0.00163567738345591 0.000327259406913072 0.000670026523584966 0.000495242414399399 0.00115530718030641 0.00130987990050926 0.000408983233137405 0.000375421148055466 0.000764777666336158 0.000818929414162994 0.00287452552438481 0.000906100316205993 0.000825272084330209 0.00361277270130813 0.00644162077223882 0.00713864851277322 0.00786850759759545 0.0519602774176747 0.0540994207374752 0.0813343443907797 0.0367836400866508 0.0258286886848509 0.0200049816165119 0.00650149220600724 0.00187668127473444 0.00365633841138333 0.000931800501712132 0.000754451172542758 0.000373224337818101 0.000373627647059038 0.000956067605875433 -9999 -9999 -9999 -9999 -9999 -9999 -9999 -9999
0.000156915120260237 0.000129864887639997 0.000158564155572094 0.000177651592457551 0.000107662137088482 0.000345764514349867 0.000524656976631377 0.000520559089636663 0.00035680781074916 0.000839220370107796 0.000367333980102558 0.00048095230886247 0.001182799077651 0.00257558843804873 0.0031817902054172 0.000350014680952881 0.00170505468267947 0.00189352490706369 0.0020733753888635 0.00307374750846066 0.0022853046131786 0.00265143174328841 0.00321080517605878 0.00319220725214109 0.00502570155076683 0.0404939888045192 0.0641089912503958 0.0966757476329803 0.0307193348184228 0.0675152618438006 0.0219053984619677 0.0113168909214437 0.00497592315077782 0.00212532827281393 0.000645603552402463 0.000366401289647911 0.000188338711086544 0.000583196469233371 0.000158359231863869 -9999 -9999 -9999 -9999 -9999 -9999 -9999 -9999
0.000310537320910953 0.000242197125771781 0.000123402211829671 0.000290389904330368 0.000275073809098103 0.000199970576068154 0.000480292102292879 0.000129896662838291 0.0003394173385459 0.00042887156814686 0.000213985161190067 0.000143399578337267 0.000230102757996065 0.000927344424417242 0.00126683296839474 0.00153128319943789 0.00189780368818901 0.00201155086397193 0.00228393166908063 0.0039277529460378 0.00809417875716463 0.0227771638892591 0.0565806056372821 0.00359068866819143 0.00408570383442566 0.0151492570759729 0.0274014368653297 0.0284146582707763 0.0487242577597499 0.0237450944259763 0.00872074922081083 0.00215842739562504 0.00169313204241917 0.0011825910769403 0.000696322173462249 0.00202553539420478 0.000414263030688744 0.000557023000146728 -9999 -9999 -9999 -9999 -9999 -9999 -9999 -9999 -9999
0.00049128487080452 6.27903085842263e-05 9.46261261560721e-05 0.00012279782386031 0.000161357092656544 0.000184220203664154 0.000188033868471393 0.000154958598068333 6.53211443932378e-05 9.52230730035808e-05 0.000363587806350552 0.000452293669513892 0.00058258413700969 0.000718692965165246 0.00106587898917496 0.00146288013784215 0.00212842995824758 0.00232857079827227 0.00235459273681045 0.00538114486262202 0.0530831278767437 0.0126177572645247 0.0282786195166409 0.0235762615688145 0.0139138272032142 0.0123880371917039 0.00756107388297096 0.0167273133527488 0.0156164270360023 0.0187498662620783 0.00767460300121456 0.00332510463776998 0.00165798071539029 0.00102559379010927 0.00062311730653164 0.000262330468103755 9.30747220991179e-05 1.92702310414461e-05 -9999 -9999 -9999 -9999 -9999 -9999 -9999 -9999 -9999
7.54595990656526e-05 0.000106083311220573 3.01804218906909e-05 6.56194496968965e-05 5.51421025193122e-05 0.00017092373327614 0.000291240103979362 0.000890069459273946 0.000221411640086444 0.000559936818171991 0.000226602349357563 0.000320507715878193 0.000421206376631744 0.000548697410704335 0.000784359997487627 0.00114907686802326 0.00229000115068629 0.00828612721525133 0.00459056950639933 0.0192777230869979 0.00830555381253362 0.0106243826448917 0.0150057080201805 0.0188181372359395 0.0167969235219061 0.016796138882637 0.00636476846411824 0.00883976849727333 0.0046337072562892 0.00247120223939419 0.00215723722358234 0.00156527427607216 0.00186846475116909 0.00024631217966089 -9999 -9999 -9999 -9999 -9999 -9999 -9999 -9999 -9999 -9999 -9999 -9999 -9999
5.42820750979445e-06 1.1760198100319e-05 5.94330572312174e-05 6.64219337522809e-05 6.75541838063509e-05 8.87728643647279e-05 7.75964611420932e-05 0.000171061332184763 0.000136710294282238 0.000127913574760896 0.000196463083193521 0.000648611690849066 0.000427685356407892 0.00085390303429449 0.000894765292468946 0.00105305352044525 0.00367647844250314 0.0015954569389578 0.00205474609392695 0.00497831346001476 0.00221825841581449 0.00215313052176498 0.00371488299570046 0.00519057367928326 0.0397131824865937 0.0332086159382015 0.0041798671009019 0.00508982806932181 0.00282054857816547 0.0030904145038221 0.00236170982534532 0.000441862161096651 -9999 -9999 -9999 -9999 -9999 -9999 -9999 -9999 -9999 -9999 -9999 -9999 -9999 -9999 -9999
-9999 -9999 -9999 2.96250469546067e-05 3.53060033376096e-05 0.000104212724727404 2.93779412231743e-05 4.76480316137895e-05 0.000109844626786071 0.000119120409726747 7.46505884308135e-05 8.96268446012982e-05 0.000626488903071731 0.000784520476008765 0.000957364794157911 0.000654340152686927 0.00102176630607573 0.0127632822375745 0.026004683971405 0.00269302016822621 0.00185904514801223 0.00200019298354164 0.000233824266979354 0.000739311606594129 0.00233383928134572 0.0152829674072564 0.000994612362410407 0.0011904180428246 0.00509851158130914 0.00165004722948652 0.00114583863614826 0.000189606998901581 -9999 -9999 -9999 -9999 -9999 -9999 -9999 -9999 -9999 -9999 -9999 -9999 -9999 -9999 -9999
-9999 -9999 -9999 -9999 1.79264852988581e-06 2.02700718546112e-05 5.0694849642241e-05 8.30682480227551e-05 0.0001025138215482 3.81221247153007e-05 0.000216930426086037 0.00038175259687705 0.000486555136740208 0.00036486542376224 0.000578200839663623 0.000336724130465882 0.000578310543642147 0.000395979638051358 0.0017591963900486 0.00289574638009071 0.00143052963539958 0.000657901159138419 0.00495410432340577 0.00140585317276418 0.0010099239894771 0.00118368682742585 0.0021599734260235 0.00179963763221167 3.27712884882203e-05 0.00108281011052895 0.000469532486022217 -9999 -9999 -9999 -9999 -9999 -9999 -9999 -9999 -9999 -9999 -9999 -9999 -9999 -9999 -9999 -9999
-9999 -9999 -9999 -9999 -9999 3.4837490738937e-05 5.57310966541991e-05 5.53789194782439e-05 7.78812452153943e-05 2.75788283488509e-05 0.00115002913498756 0.00233663458784576 0.00219606430619024 0.000929364264811738 8.07320860985783e-05 9.05487189811538e-05 3.46260334026738e-05 0.000105965474904224 4.13663731706038e-05 4.45696551651054e-05 5.86028422731033e-05 4.08128641538497e-05 9.15547205295297e-05 -9999 -9999 1.86729993401968e-05 6.64429690004908e-05 -9999 -9999 -9999 -9999 -9999 -9999 -9999 -9999 -9999 -9999 -9999 -9999 -9999 -9999 -9999 -9999 -9999 -9999 -9999 -9999
-9999 -9999 -9999 -9999 -9999 5.12149573523857e-06 1.89405869832626e-05 3.19929678425979e-05 0.000190556995949009 0.000423744631325462 0.000960012189716508 0.000911481682760496 0.000244408164599008 0.000293183765643334 5.71043744457711e-05 5.31569866325299e-05 -9999 -9999 -9999 -9999 -9999 -9999 -9999 -9999 -9999 -9999 -9999 -9999 -9999 -9999 -9999 -9999 -9999 -9999 -9999 -9999 -9999 -9999 -9999 -9999 -9999 -9999 -9999 -9999 -9999 -9999 -9999
-9999 -9999 -9999 -9999 -9999 -9999 9.57826617877799e-06 6.4120564275072e-06 1.5551210246656e-06 0.000377677714686797 1.19175884321976e-05 7.344634468609e-06 -9999 -9999 -9999 -9999 -9999 -9999 -9999 -9999 -9999 -9999 -9999 -9999 -9999 -9999 -9999 -9999 -9999 -9999 -9999 -9999 -9999 -9999 -9999 -9999 -9999 -9999 -9999 -9999 -9999 -9999 -9999 -9999 -9999 -9999 -9999
-9999 -9999 -9999 -9999 -9999 -9999 -9999 6.1649570056943e-06 1.01601495998693e-05 1.85332288921813e-05 3.82749622076517e-05 -9999 -9999 -9999 -9999 -9999 -9999 -9999 -9999 -9999 -9999 -9999 -9999 -9999 -9999 -9999 -9999 -9999 -9999 -9999 -9999 -9999 -9999 -9999 -9999 -9999 -9999 -9999 -9999 -9999 -9999 -9999 -9999 -9999 -9999 -9999 0.000222509774175705
-9999 -9999 -9999 -9999 -9999 -9999 -9999 -9999 1.95234285627066e-06 2.20673162289131e-05 -9999 -9999 -9999 -9999 -9999 -9999 -9999 -9999 -9999 -9999 -9999 -9999 -9999 -9999 -9999 -9999 -9999 -9999 -9999 -9999 -9999 -9999 -9999 -9999 -9999 -9999 -9999 -9999 -9999 -9999 -9999 -9999 -9999 -9999 0.000314225946203806 0.000610328174661845 0.00114076849713456
