Maxent_result_files_1/Bombus_schrencki_2.asc
NCOLS 594 
NROWS 330 
XLLCORNER -15 
YLLCORNER 23 
CELLSIZE 0.166666666666667 
NODATA_value -9999 
[rows 240 to 259 of 330, columns 540 to 584 of 594]
0.00207232927496079 0.00118662776785641 0.00145099996152567 0.0002852329110965 2.91304801010028e-05 1.47617408060796e-05 2.44493308287019e-05 5.46091000956039e-05 3.41802319667295e-05 4.42316313296942e-05 0.000102405282950713 0.000101642675713265 6.50433215469093e-05 5.69881151477603e-05 6.8742305984415e-05 7.43366454571515e-05 8.01529838781789e-05 6.07122657584114e-05 6.23590008217434e-05 7.00906404745183e-05 5.96609734429876e-05 6.23964160922697e-05 6.28947354016418e-05 5.62693309348106e-05 4.66576122562401e-05 4.12185584764302e-05 4.22323067596153e-05 3.49784983768586e-05 3.39913775633249e-05 3.04703582969523e-05 2.89500668259279e-05 2.43901359510801e-05 4.45998616214638e-05 3.02973547036345e-05 2.77514709750903e-05 2.23409974864808e-05 2.24381885573166e-05 2.25110723818034e-05 2.3204754222661e-05 1.95157391033263e-05 1.70082685770012e-05 1.37427054198724e-05 1.10092099134818e-05 1.18438572826562e-05 1.24613729383327e-05
0.00164466500755225 0.000816969420884561 0.00174971770175034 0.000948911855812185 5.17259134198866e-05 5.56283247448164e-06 2.56147210507152e-05 4.8436439476518e-05 4.40156468783925e-06 1.51130806727906e-05 6.32983268928911e-05 0.000153109678876717 0.000113971556174874 0.000172200358292685 0.000194623204697564 0.000149209906885517 9.1447086788321e-05 8.88912010850618e-05 9.97723077489354e-05 0.000167341196902271 0.000178445860501597 9.7911258262684e-05 6.33487580216752e-05 5.74135004853815e-05 4.63098971749787e-05 4.34464745467267e-05 3.58860680762518e-05 3.33386690954285e-05 3.28166810049879e-05 3.23153794624886e-05 2.38591513863184e-05 3.18651923294055e-05 1.97036984872057e-05 2.35780841308042e-05 2.27969921525073e-05 2.0080095606545e-05 2.19104717643859e-05 2.2664961522878e-05 2.38241302554343e-05 2.17747387637246e-05 1.97824265057989e-05 1.44636018490019e-05 1.33035638896217e-05 1.39749742970707e-05 1.53660437661074e-05
0.00221838406168899 0.00167830445334403 0.00115678877791652 0.000649972231349238 0.000505395110576501 2.07061368655559e-05 1.05949723646859e-05 2.80008273989552e-05 5.42013773952021e-06 3.23235979493575e-06 9.57727678951414e-05 0.000164389390829456 0.000143302534002032 0.000133858476328896 0.000231918608187698 0.000241728282981057 0.000177075455576414 0.000188158356559143 0.000266727080179408 0.00030684722623846 0.000182456129982711 0.000106925402860725 8.56774811609284e-05 6.21119165089112e-05 4.40769575334343e-05 4.05752765800571e-05 3.9873496666587e-05 3.17297283459084e-05 3.3277460664749e-05 2.29667144623136e-05 2.32868718853752e-05 2.06207587922336e-05 1.56432341498203e-05 2.21535436821796e-05 2.25006093842239e-05 1.99797495042731e-05 2.08349739239111e-05 2.24084096885235e-05 2.40662936334957e-05 2.07214552062851e-05 2.11701968964917e-05 2.22571878339295e-05 1.92766506302178e-05 1.77629974643878e-05 1.88640041756116e-05
0.00150314242500826 0.00252688878390472 0.00226696365134558 0.000678165111412454 0.000364889770935406 0.000561559585821669 4.56596780566088e-05 5.83456077038136e-05 1.95171263925431e-05 7.40372325935823e-06 3.22695633940384e-05 0.000307750136016693 0.000216271743465768 0.000522950061895244 0.000297188229251333 0.000246941721616167 0.000273169393949502 0.000268646643735337 0.000469983971925103 0.000223493934572616 0.000164065348690201 0.000247993120046885 0.000199330632358397 0.000130812749284814 6.1479932446673e-05 3.62666427065506e-05 4.7853996881031e-05 1.40953490117113e-05 2.20621803407539e-05 2.53034312720501e-05 2.97767440940788e-05 2.6035331438834e-05 2.72395983756724e-05 2.67359917302201e-05 2.44603973897028e-05 2.12444575822701e-05 1.88807161009663e-05 1.98536562436402e-05 2.14965744021356e-05 2.1222865080972e-05 2.5008364605128e-05 2.79808409572979e-05 2.80304031207379e-05 2.70115987177633e-05 2.97441749466998e-05
0.00250231494637774 0.00267963100450288 0.00252532052545575 0.00138362624966248 0.00119515415835849 0.000818607717883424 0.000660021413386858 4.85816311879717e-05 4.31389074861954e-05 3.97709095864229e-05 1.15207664407535e-05 9.1679232241404e-06 0.000174390684060199 0.000408595790759136 0.000544985935994191 0.000193212071917515 0.000264571503521438 0.000341410310102219 0.000322448923270713 0.000456246552130324 0.000475479714259564 0.000378373676539923 0.000108527317479457 0.000105892519331974 0.00012387272486194 9.54406322875911e-05 8.71730978019514e-05 3.48560666054709e-05 3.77142346792425e-05 3.85383023683517e-05 7.80688897066284e-05 8.12720639942199e-05 6.36514755342432e-05 3.89937807540264e-05 3.18534347343302e-05 3.49911057696772e-05 3.18718339372026e-05 2.683665971972e-05 2.83864289031044e-05 2.82018188727307e-05 3.08722754766677e-05 3.23473193930113e-05 3.20696731705539e-05 2.92704872890681e-05 3.19592122309587e-05
0.00224560564565763 0.00187365668616621 0.0016183537816687 0.00162290276348358 0.00106019029726667 0.00140547938681266 0.000840256915034843 0.000119742361619046 4.55276531283744e-05 6.47272009217659e-06 1.942714022789e-05 4.10722030665056e-05 5.84840574759937e-06 2.52518305046578e-05 1.36407908826186e-05 2.50241561658981e-06 1.56067170280494e-05 5.08764771154802e-05 0.000319241413308191 0.000454281830752734 0.000533696810271067 0.000498178244924929 0.000416875360679114 0.000396621884647175 0.000267461206385633 0.000186693766590906 9.78838264927617e-05 7.26134736737549e-05 2.38380867870092e-05 0.000113905336093012 3.53034923421092e-05 6.28939044077015e-05 6.95440374670397e-05 7.02604917705685e-05 0.000107247410960554 6.6288798370806e-05 3.46655993894274e-05 3.53534571331693e-05 3.83508390768839e-05 3.17106039801729e-05 2.73380720784644e-05 2.81115236361984e-05 2.75933138595974e-05 2.8365384753215e-05 2.95913577360807e-05
0.00434496369380213 0.00242090050096522 0.00101658766316177 0.000682123607703033 0.000828756169562439 0.0020226030057529 0.00100840956274624 0.000290062607530217 0.000160089267421881 4.04108596029573e-05 1.54350944683301e-05 5.11453419221652e-05 8.48235496277994e-05 1.42603848445333e-05 2.91591945767777e-05 5.67065747418383e-05 4.89805317840819e-05 3.93318027363421e-05 4.32608965326153e-05 4.01080378765073e-05 8.48013974632522e-06 7.31708313992385e-06 7.60467204372617e-05 0.000131882028608743 0.000245112961874838 0.000265600089551299 0.000183837315307755 0.000123218149747117 0.0001127005475837 0.000144309570350742 0.000124272685116011 8.19907911136397e-05 6.4758164489831e-05 5.90818173350272e-05 8.67664302859339e-05 9.31241633225e-05 4.93086148424027e-05 2.57035288768748e-05 9.05616707882473e-06 3.45368728346784e-05 3.77128289017037e-05 4.05596097436955e-05 3.69596543691841e-05 3.53643045173158e-05 3.94832634015074e-05
0.00560132578793855 0.00580827574594878 0.00157509629398191 0.000806880716686464 0.00205373924145533 0.00178857641103605 0.00260349772252084 0.000394178025834435 0.000203339506290945 0.000324599692987704 7.68035823938362e-05 8.15247836271737e-05 8.18067989939664e-05 5.96875224573523e-05 7.05516676248408e-05 5.04360233975376e-05 3.90994685083967e-05 2.96386068271204e-05 1.89111548717591e-05 1.91659997284432e-05 1.8807604504012e-05 1.00557099415255e-05 3.95006000886156e-06 9.07079759429052e-06 0.000172327767222669 0.000273467564966268 0.000244139235201146 0.000326794402462838 0.000196915968035682 0.000156495877217822 0.000114653345963234 0.000156753516785102 0.000142745279026713 0.000128021953878488 0.000100895547211621 9.35204064262507e-05 7.48549429317791e-05 7.93823582625919e-05 0.00011171585442753 9.25749982684465e-05 0.00010100550525749 0.000114987082542939 8.05776646757295e-05 8.25854668164538e-05 8.47295994844899e-05
0.0103576637273363 0.00878325862067868 0.00275726976069564 0.00215982104900831 0.00147458028941401 0.00331024058614275 0.00284268725517904 0.00243768475302204 0.00264760829122679 0.000128317328484684 0.000242903750847745 8.36624426170829e-05 7.28065234000042e-05 3.83799847398336e-05 1.73685455423289e-05 2.36217809929329e-05 3.32666416340999e-05 2.35373097144276e-05 2.90612083119868e-05 3.67800543855878e-05 5.56784643748642e-05 0.000114974050597993 3.64621300207091e-05 2.34757060411539e-05 0.00021036530024503 2.10005255098622e-05 1.46890383007303e-05 2.58693073874383e-05 0.000103979828236334 0.00015114455973162 3.33738180842147e-06 5.72670792067242e-06 1.6237314753198e-05 0.000171057388388363 0.000117055046348469 0.000125133651545184 0.000109252436413954 0.000114740828212234 0.000177148359853163 0.00016548026496821 0.000113577856564007 0.000136503396015542 0.000185349404637236 0.000121107073800886 0.000108323393442333
0.00316010832830216 0.00493347532137705 0.00828093280288158 0.00270695073550087 0.00214058118403955 0.00472431459602376 0.00367574136253097 0.00063457627823027 0.000533989718837802 0.000696908772579263 0.000779729652140304 0.000220061219846457 0.000208929775681099 0.000127310919657475 9.82491414220021e-05 2.42729828187294e-05 2.72632539608963e-05 5.60955701573107e-05 2.8994119111303e-05 9.65770973646585e-06 3.13915099290796e-05 2.83931537815363e-05 7.11573538172416e-06 1.71127295345741e-05 6.52914181529241e-06 3.47843961705507e-06 5.96095384821638e-06 3.23736368414984e-06 2.07191124445671e-05 0.000191911694128066 0.00020144417399024 2.81743697854608e-05 3.61459593364088e-05 0.00037724868470832 0.000230314664077014 0.000206121337305376 0.000230991379066836 0.000182938134912547 0.000192832609354809 0.000207817838781921 0.000106667649993142 0.000103457837826681 4.16023103753105e-05 2.14851373229408e-05 4.48358393782655e-05
0.00535973987953184 0.000581813366426331 0.00186960008886672 0.00590457682446868 0.0040273955961311 0.00230799812752593 0.000473472960106847 0.00162753480308311 0.000242946602486427 0.000404509487577798 0.000275174314435844 0.000241218987764569 3.53220026859447e-05 2.05454552121509e-05 1.79292815506216e-05 5.8200787444207e-05 2.1252838219965e-05 1.72600793423072e-05 2.22923865379698e-05 3.1571596304758e-05 1.83874914590376e-05 2.79688731041006e-05 2.72066844413388e-05 1.0921260275687e-05 8.91688903070786e-06 1.09174416506264e-05 6.6183250957863e-06 9.04115848925358e-06 6.20859774613791e-06 1.84073939522023e-05 4.07996094793361e-06 2.21902847954425e-06 4.22707616394291e-05 0.000200167827370024 0.000228679916654073 0.000316662933801126 0.000234360548574841 0.0001559993967021 0.000108032531375102 6.57462366916661e-05 7.96305476740144e-06 7.28686385969013e-06 4.62525154154569e-06 1.55414569054102e-05 4.0316301535448e-06
0.00796358343068277 0.00763593870033219 0.00631595046179427 0.00200157292740641 0.000742704639213798 0.00117476818882096 0.00102749522515069 0.000984138933154099 0.00312313536269357 0.000493512952061792 0.000121794521173513 0.000126322010621038 2.16348666830513e-05 3.16112601630891e-05 2.67029357644333e-05 4.91784745889845e-05 3.54595324509432e-05 2.20053563424472e-05 8.15377791631988e-06 3.77772645610008e-06 4.74783811599266e-06 6.96063302374483e-06 5.75708856009882e-06 7.92619907326042e-06 1.72959808772077e-05 2.67159767169955e-06 9.04117575184493e-07 1.71721584774076e-06 1.02658435078951e-05 1.1077331132725e-05 6.45569989625727e-06 4.63091735012355e-06 4.79666080508423e-06 4.72139708662667e-06 3.5581285715125e-06 1.11158474680906e-05 1.16879067405762e-05 1.89282206946473e-05 1.37450946496642e-05 8.48806220581366e-06 3.00646607890087e-05 2.56374132902693e-05 2.18141811160422e-05 7.1062100426289e-06 1.86861763197044e-05
0.00674917337273655 0.00270867302897386 0.00296012694161618 0.00631141016219772 0.00249687493119382 0.00629216584875394 0.000619195601234423 0.00046054915110858 0.000131695072565208 7.06052724122941e-05 0.000580893036044472 9.23812790333045e-05 1.88012989237762e-05 6.24012146706043e-06 1.94038034475597e-05 2.42039653908677e-05 1.35098698976321e-05 1.11233556484791e-05 1.99526008572093e-05 9.45674929440088e-06 4.97851213143718e-06 7.06988424807875e-06 4.49781253646364e-06 2.91933228724339e-06 3.93037466421831e-06 7.00292593354135e-06 1.44798247796452e-06 1.20951649876799e-06 3.04140838123246e-06 3.61091466287711e-06 2.65367108433168e-05 1.66114109553916e-05 6.71660812630037e-06 2.2367780966448e-05 7.18682835589846e-06 6.03641426715207e-06 4.18892577411789e-06 4.04671985134719e-06 1.06383589480785e-05 4.70663742149213e-06 9.0272735985053e-06 5.49805579446172e-06 2.75343577428089e-05 2.56411414071067e-05 1.32218706610843e-05
0.000987637591606472 0.00118409556016559 0.000766004157776479 0.00207691908872221 0.00596995739470003 0.00946424143912736 0.0021230320612176 0.00564435121377755 0.00104137752003908 0.000101558320585937 0.00010209408407249 0.000142252203704629 2.67915425018472e-05 1.02048287448309e-05 4.38061306121673e-06 9.35236316390586e-06 1.57783865990524e-05 1.08339488489761e-05 7.50049710873668e-06 4.23433375651427e-06 3.50674413587271e-06 1.96782575903054e-06 9.34222316040234e-07 1.94425016106781e-06 2.06262645146005e-06 1.38709735082454e-06 4.94103018793268e-06 1.05961598275695e-06 4.2033694791499e-07 1.02157965683469e-06 2.16146073301893e-06 1.63781392104045e-06 3.38712877012703e-07 4.22175014347381e-06 1.25092291231255e-05 1.57865803323887e-05 2.87064901838274e-06 2.37254935588904e-06 1.33055466367438e-05 9.47870015046703e-06 1.19320573414683e-05 8.09849729961343e-06 1.19888900201204e-05 8.65261848339571e-06 8.78616322907977e-07
0.00211529416847043 0.000931403816503007 0.00160625088392408 0.00399925478850491 0.00554234385926975 0.00326887764749699 0.00603130827257701 0.00216576738735057 0.00386820884268673 0.000119088834014747 5.88979104241716e-05 3.76636943432374e-05 1.78364095262395e-05 1.05209970506781e-05 4.61013803005894e-06 1.15095569611867e-05 9.78000403542012e-06 4.18786330365073e-06 2.7152020647403e-06 2.86626776024868e-06 4.19072931512332e-06 4.68594243754339e-06 2.23205126017589e-06 2.73970866824236e-06 3.55189729859262e-06 8.02034705955634e-06 6.66526521424515e-06 5.98940116933733e-06 1.59129750929576e-06 6.24697442985767e-07 8.60711050709728e-07 6.7682817801451e-07 1.00766809107977e-06 4.50841185506423e-07 1.28116187214644e-06 2.40478845792147e-06 2.65435816713122e-06 3.21562723990532e-06 2.249542626509e-06 2.99101796463752e-06 2.05319592336828e-06 1.95010556693909e-06 9.15329120907416e-06 8.38769699174069e-07 1.4900581917332e-06
0.000728579990027356 0.00154332127531234 0.0023097181430785 0.00444121745240409 0.0148344926419668 0.00173475210376637 0.00372811501765682 0.00464695644077437 0.00517033876167261 0.00262774622469806 0.000769483562396545 4.49410003037443e-05 0.000127123169167476 1.17814314516629e-05 6.25009571093571e-06 1.18484814200848e-05 1.00822210090001e-05 8.80288905396043e-06 7.08143328544963e-06 6.117053186383e-06 3.02159402898461e-06 2.29931888160451e-06 5.22745289330828e-06 4.14920910616345e-06 4.37030112729886e-06 4.36233379357276e-06 6.3146577909734e-06 1.02907883775316e-05 5.83385197039377e-06 3.90790075206482e-06 1.24396016751849e-06 3.54325490237173e-06 7.84772428819025e-07 5.04365049425193e-07 3.30951302585092e-07 2.3651803984226e-07 2.0453814366661e-07 2.35185880415045e-07 2.83430988878841e-07 3.78891657737412e-07 7.74742425269093e-07 1.68256460020277e-06 1.16527296576407e-06 2.34039710373946e-06 4.0147639007948e-06
0.000197166833640949 0.000403362616361846 0.000213808378657632 0.00377268556621857 0.00157253539582598 0.00694629239151254 0.00576524694770342 0.00825890801206697 0.011275992001174 0.0109258363576373 0.00335142267176707 0.00052978625317337 0.000168048959505995 0.000721703048930067 1.35587825613293e-05 4.93097362030959e-06 2.08816046594507e-05 5.7655502941234e-06 7.7421444844461e-06 3.18301686197398e-06 1.6003385572394e-06 1.26670832047981e-06 1.47260511416114e-06 1.04577229497194e-06 2.04284082048201e-06 2.46354056558928e-06 5.38579825715146e-06 9.4966561782428e-06 2.56385990642372e-06 6.48194950780834e-07 5.24829898687074e-06 3.06471313602508e-06 4.11066509791169e-06 2.0925310596831e-06 4.52744279633155e-07 3.34257730505438e-07 3.01228537902265e-07 1.26739817847277e-06 6.56533704224138e-07 1.03432875596665e-06 8.63440849407926e-07 7.45635437771064e-07 2.13844257512807e-06 2.38775546053116e-06 1.5066447544787e-06
6.54755886444036e-05 4.5237428969358e-05 3.35713692038553e-05 8.3711285424215e-05 0.000734448997718573 0.00286969791050069 0.00555491474515293 0.0035357779754122 0.00463152651063865 0.00382760672364384 0.00233849457272299 0.000388552892189864 9.42730883267018e-05 0.00102290491977328 0.000109277310966149 1.0718407797583e-05 2.06528830624109e-05 1.72710405518473e-05 1.03694008993571e-05 4.94213924784326e-06 2.49863522903127e-06 1.48651510217812e-06 2.73284051250933e-06 9.19055874126773e-07 1.32715322993526e-06 1.91244280165481e-06 2.21119928274227e-06 6.2788055819496e-06 2.78558755777425e-06 3.87969839605873e-06 1.17119751024575e-05 1.09392183997414e-05 9.25086734504532e-06 6.17558196776002e-06 3.59869819384073e-06 8.12378524084334e-07 7.07151201018164e-07 5.30976080859169e-07 2.45043087454544e-06 4.88301278469549e-06 3.3551258217912e-06 6.73176291030586e-06 2.16128382264369e-06 3.01460401561648e-06 3.36638285980406e-06
5.9707084483307e-05 2.59439792102967e-05 1.86596633511726e-05 0.000177810684135693 0.000817638889293448 0.00248563454442774 0.0014646410716523 0.00360820324713131 0.00199745065347088 0.00655849375325488 0.0193725279765204 0.00188103269738349 0.00128727370893102 0.000209386729403604 0.00164936691817275 4.85530208365503e-05 3.83008677627972e-06 7.68492291447487e-06 4.5547261724721e-05 2.56841801239416e-06 8.95782993803884e-07 1.66915176369464e-06 2.17625067815419e-06 1.80271993595049e-06 1.71052680317807e-06 1.6976742207131e-06 1.19398949195437e-06 2.70981871048903e-06 5.05568728890182e-06 5.62736005988995e-06 5.91369502487282e-06 8.40604374481302e-06 7.51927411357656e-06 7.27792298125252e-06 6.42525260818871e-06 6.15324359987124e-07 1.77181365679235e-07 8.14822825079276e-07 4.33144413305442e-06 1.05576442879229e-06 4.001614171667e-06 1.17883035084532e-06 1.62941096928382e-06 3.52061614647958e-06 2.37001141680793e-06
0.000197355991622317 4.81555190845029e-05 5.64959833582179e-05 0.000489483752608066 0.00172855326090939 0.00508653934084577 0.00422275061137043 0.00334209183347411 0.00307632844451291 0.00117107734618003 0.000704180587695191 0.00848789357114583 0.00405231855620514 0.0107150613126578 0.000876560111873914 0.00227273566451913 7.03397923658144e-06 3.09344200499773e-06 3.8851052434552e-05 2.61076683941042e-05 7.90478234584668e-06 4.68016320605003e-06 2.35783688076197e-06 2.42211501300105e-06 1.52585663842908e-06 1.81014984244054e-06 2.01842857543433e-06 1.50664206418627e-06 6.92389379031155e-07 1.61331362780182e-06 2.69075627432613e-06 1.94000252835558e-06 3.16075868180832e-06 1.41202825557629e-06 2.27973154218741e-06 1.6789862099631e-06 3.57017088026268e-06 6.74175885935213e-06 6.04444984775299e-06 3.48136513745878e-06 4.56843875711321e-06 7.97910692185155e-07 4.87420012613704e-06 1.73226880975097e-06 1.49523837730259e-06
