Maxent_result_files_1/Bombus_wurflenii_2.asc
NCOLS 594 
NROWS 330 
XLLCORNER -15 
YLLCORNER 23 
CELLSIZE 0.166666666666667 
NODATA_value -9999 
[rows 180 to 199 of 330, columns 540 to 584 of 594]
1.99249541310564e-09 1.17134766330906e-09 5.8396322222265e-10 7.4675404748703e-10 2.95825952623119e-10 2.09445849552736e-10 6.12493122886804e-10 4.73760974895043e-10 1.36331107514209e-09 1.28455407422123e-09 3.16349316742404e-09 2.3630975398703e-09 5.26739994954895e-09 3.48644006997745e-09 2.81388992107168e-09 2.09165417208723e-09 1.30337313164475e-09 8.13724654324943e-10 9.61068702398649e-10 8.73142058654963e-10 7.82228815054964e-10 7.55379880867935e-10 1.64419688974959e-09 4.92794790529771e-09 2.85769373720157e-09 4.56737679899177e-09 6.49661529017465e-09 1.06735019378412e-08 1.99093556751961e-08 1.78977569653682e-08 8.55305904989834e-09 5.12647330142002e-09 3.75557647203095e-09 3.77568234455339e-09 1.21323001867069e-08 1.31193165220367e-08 3.32214735832004e-08 6.50449503258876e-08 6.12620522755236e-08 4.39781878580625e-08 7.54905394861893e-09 2.53067267141915e-09 1.58823700857624e-09 5.96460258961429e-10 2.77658995795349e-10
4.32966191787898e-09 8.70908911654311e-10 3.81962927953339e-10 3.26366256242494e-10 3.96971400196122e-10 1.49154195661083e-09 8.32722257815277e-10 5.55926782386251e-10 6.74155420377076e-10 9.05715880072933e-10 1.62865007036217e-09 4.62380483901015e-09 4.86941116317752e-09 2.44290740969433e-09 5.11597042507361e-09 2.1077320000451e-09 2.58123351581929e-09 2.15629913924431e-09 3.24773240523157e-09 2.7371749866667e-09 2.38032390464937e-09 2.26931777813633e-09 1.00419047521783e-09 2.76433106405349e-09 1.94715237267218e-09 2.9954555835765e-09 3.68937580486062e-09 3.9020840780779e-09 4.43204171141076e-09 4.33691105250489e-09 5.39960769430081e-09 4.85570021968584e-09 5.61329729364957e-09 5.12828820520284e-09 1.64268751379204e-08 4.39231835902554e-08 7.49968526836398e-08 4.79161503363912e-08 5.61009186217376e-08 1.2595543283922e-07 2.99270376036276e-07 6.27121634400041e-08 8.75735222116703e-09 2.28121264100878e-08 5.36154740604644e-09
2.73209058709867e-09 1.15823067803333e-09 7.83876685783724e-10 3.52526086100369e-10 5.4497877322035e-10 1.42443102868484e-09 1.02173819405138e-09 6.71071065383444e-10 8.28603030633701e-10 1.38845842601043e-09 1.90427149604488e-09 2.45165092671584e-09 1.76830836640107e-09 1.94523326335627e-09 2.94860644789452e-09 3.44980716215915e-09 4.13633899354338e-09 4.27223197929649e-09 5.88077463392622e-09 3.38519442477647e-09 2.25563373534854e-09 1.6024141125115e-09 9.06518915488874e-10 1.12773967941848e-09 1.06842183988931e-09 1.4367046663466e-09 2.30907329923369e-09 3.48438476960311e-09 6.16438585732126e-09 4.24122765796398e-09 3.28176478214814e-09 3.51773293827407e-09 5.32984048007279e-09 1.46498809860951e-08 5.83495508910126e-08 1.34870738044413e-07 6.1612667714428e-07 3.00817735965353e-07 3.71942801269398e-07 3.12572819325396e-06 6.68076945657958e-06 3.77855372857283e-07 1.76619460123817e-07 5.70759559392897e-08 1.74980508860223e-08
1.39071112403855e-09 1.19494516503948e-09 7.74165831440854e-10 4.71116434752616e-10 1.11267319802266e-09 1.55088316633467e-09 1.1990049064714e-09 6.86189771670342e-10 1.25900114777977e-09 1.79565753377631e-09 2.37176085438051e-09 3.81124233284069e-09 2.14569471079784e-09 1.06585920089941e-09 2.40420340302805e-09 2.58339746261882e-09 4.03629797363081e-09 5.10579433177227e-09 5.24502776766411e-09 3.8326120610499e-09 3.13609894719846e-09 1.8352662056742e-09 1.28612555050367e-09 1.72788723329376e-09 1.0970271469013e-09 1.31255618596171e-09 2.80392212781422e-09 3.67626920017017e-09 3.47179071047421e-09 3.65387951006824e-09 4.82703104154325e-09 5.39656281883794e-09 6.3347126544322e-09 1.95763517285563e-08 4.16365149802367e-08 2.40507568705084e-07 9.47732944496238e-06 5.0773458679032e-05 0.000151887493848335 0.000740218430291861 0.000118842934170971 1.78922244685964e-05 2.17346754993741e-06 1.2307069024331e-06 1.50998374124356e-06
1.22405882096999e-09 1.54980674960115e-09 7.95310695078655e-10 9.02271324321191e-10 1.41183512658571e-09 1.3038096602358e-09 9.57088075459467e-10 1.13553211278372e-09 2.52878877837759e-09 2.61151527070069e-09 2.19476538054764e-09 2.03612439131362e-09 2.12884988526341e-09 2.73109519444148e-09 4.59451381384923e-09 5.76981177280444e-09 7.03972237170447e-09 8.03295193696485e-09 9.32016351873344e-09 8.86294390101128e-09 3.3617486461246e-09 3.19652418978578e-09 3.49127652343739e-09 3.013616789449e-09 2.0619754126372e-09 1.4511213675128e-09 2.20397888828217e-09 2.77411111859749e-09 2.8284054431893e-09 3.25585387539462e-09 4.73116225085946e-09 4.29949874591884e-09 3.49556686929375e-09 1.1927282228541e-08 1.9312319021747e-08 7.44771288530011e-08 1.69888542416174e-06 1.86830331756482e-06 4.24110409085188e-06 3.55168967303143e-06 4.39167178228672e-05 6.05604333941301e-05 0.000194736119738081 0.000690375486738049 0.000169581786212802
1.2159358298014e-09 1.39646887387102e-09 8.59345850034998e-10 1.26547744505601e-09 1.1062259996919e-09 9.22854970220044e-10 7.77592945588879e-10 1.96306516597744e-09 2.9213048202692e-09 2.53126317684149e-09 1.89465753086537e-09 1.80449775122327e-09 3.43724085860586e-09 4.28288088327733e-09 3.82418907651783e-09 5.65715122524679e-09 8.52349008040321e-09 8.2546490531854e-09 1.29315133490238e-08 9.40594211407131e-09 6.77604448107161e-09 6.71186844991567e-09 4.94298513231684e-09 3.20164961209457e-09 2.2021725554211e-09 1.42959509785712e-09 2.08524822964407e-09 2.28802771840009e-08 2.49445186728536e-09 2.40957838126832e-09 3.55320737277509e-09 3.49456608095267e-09 4.1273519824081e-09 6.37487148624771e-09 4.33736681015873e-09 4.47794629154785e-09 7.15764952863296e-09 6.55515578484866e-09 1.3699572798398e-08 3.96944756508866e-08 8.2774616605441e-09 1.79359951602009e-07 1.52532078914192e-06 1.64268846674531e-05 7.28063712813309e-05
1.28362428464257e-09 8.3421246577231e-10 8.23094681301484e-10 8.36338442944395e-10 1.0257594329488e-09 1.29176891405791e-09 2.06608669062192e-09 2.80330961777153e-09 2.76894260853311e-09 1.62594268049432e-09 1.84979457307222e-09 3.15468250411399e-09 5.73904457290553e-09 5.48878738015901e-09 4.36448199803152e-09 4.98226522260836e-09 7.18410481104215e-09 5.92013670308589e-09 6.49614668724041e-09 8.79641141038334e-09 1.18202472587647e-08 8.69067880993057e-09 7.29535321042363e-09 4.97426316803384e-09 3.09000652842784e-09 2.02575136665217e-09 2.63408683753852e-09 3.52655463720097e-09 2.49671623375747e-09 2.72217668406682e-09 1.661132220665e-09 2.6541479458686e-09 3.23742656016535e-09 2.91710947619706e-09 4.72668200135473e-09 2.31977066444955e-09 2.47107767581412e-09 2.71135639495768e-09 1.21371234174106e-09 1.72818038768341e-09 1.77851507410232e-08 9.62983368602011e-09 1.88206247253575e-08 5.13786401978855e-08 9.47336856516046e-08
3.90925710691548e-09 1.18296604734169e-09 5.79326397964763e-10 5.39493838491722e-10 3.8024011494997e-09 3.37233748592958e-08 3.1621526019876e-08 1.69611216960241e-08 3.98136497103962e-09 1.05645594494774e-09 2.19881564067492e-09 2.45630831230414e-09 3.73794761809876e-09 4.65261164039887e-09 2.96340828542796e-09 3.78272465573204e-09 3.79423904517395e-09 3.19339275023367e-09 3.18735802196102e-09 4.95672604072794e-09 4.09458499328608e-09 1.16172110264934e-08 2.7605741437231e-08 4.32701208863406e-08 2.70855837536388e-08 1.90342898109819e-09 1.90978811653864e-09 1.74110278416961e-09 1.47289175300713e-09 1.12470101010231e-09 1.30951460786122e-09 2.54645565744838e-09 4.51333256323849e-09 2.37682753478907e-09 2.5751171750521e-09 4.03469144760749e-09 1.56900604730836e-09 8.24887402828267e-10 1.00943060576952e-09 7.06085268031842e-10 1.09072189058423e-09 2.88492143507568e-09 2.77982422081102e-08 1.26903202168904e-08 5.17111313769192e-09
2.45110955532368e-08 1.33025214399396e-08 9.18460221210893e-09 2.93135091755659e-09 1.47159379459971e-08 2.70715944106215e-09 2.27793727769487e-08 1.72227978989525e-08 5.44880131014835e-09 4.36286543559206e-09 7.64211568471396e-09 3.99384865512609e-08 7.54063779195846e-09 3.15956836249853e-09 3.12338042096627e-09 2.84951174878145e-08 5.05393164207391e-08 4.49871342067532e-08 2.52272001288745e-08 5.5317030178692e-09 6.94854155325331e-08 2.67588928259954e-07 1.10804609032567e-07 4.5705386175765e-08 8.68915611684784e-09 9.2803188467272e-10 1.70044071046149e-09 6.22403255601256e-09 6.77270359794591e-09 3.20386202012912e-09 2.14893258743132e-09 1.92569065138315e-09 3.10950358795026e-09 2.17772776478498e-09 1.24214148078394e-08 1.91294276086218e-08 5.6594107844532e-09 8.33972255698256e-09 7.56853680838887e-09 9.35627997300514e-10 6.09155859088162e-10 6.35335350995803e-10 1.2876433586051e-09 6.60607396563151e-09 9.60570024632901e-09
7.50303746910319e-09 1.54451449407844e-09 4.75750878692338e-09 4.84892992425046e-10 2.30926155975197e-09 9.89387172189993e-10 1.19868723835737e-09 1.06569738589357e-09 5.96560956189762e-10 8.86980311420871e-10 8.30214874625312e-10 1.03749077107196e-09 7.80715153636535e-09 7.91825117696376e-09 3.21758727439558e-09 8.78940592530242e-09 1.11230781807414e-08 7.79569689690618e-08 6.64817207951529e-08 3.79878984047011e-08 2.93649692784115e-08 5.13892954856487e-08 6.53320693877468e-08 4.62127850431315e-08 2.22579997766204e-09 2.24100746848421e-09 3.92567331974902e-09 9.52874057436048e-09 1.19455054736761e-08 1.38320550013837e-08 7.21664792369125e-09 2.4796248054848e-09 2.54223010420773e-09 2.99119634616929e-09 5.05747551615698e-09 6.06659427582201e-08 3.70918493697303e-08 4.57873241099804e-08 2.50524762268611e-08 2.82591232747542e-08 1.04302419146052e-08 1.77065162532131e-10 4.70032213151228e-10 1.02770537635521e-09 1.01274152397579e-09
3.79874964817617e-10 6.28001928237865e-10 7.52704254480818e-10 3.69814978640193e-10 7.00583535628851e-10 1.1696450252785e-09 8.06772050276905e-09 4.43661822835395e-09 4.0815106072678e-09 1.47056630206421e-09 1.74925037788043e-09 2.03646027818749e-09 1.42172776884664e-09 2.84252172910726e-09 1.68688536472672e-09 1.56279990060071e-09 1.71212030108947e-09 1.39235308838082e-09 1.18686694916548e-09 4.07508718991423e-09 1.59070420169272e-09 1.83574304646328e-09 1.82193615749782e-09 1.56432711229115e-09 2.63194116500998e-09 7.2803891359996e-09 1.7431297005821e-08 1.35417593249976e-08 1.53375730782557e-08 7.024222226093e-09 3.94187379404443e-09 2.83368302156362e-09 3.27164966229532e-09 5.33218205145403e-09 3.88484238111886e-09 1.69045833864345e-07 2.5259161038349e-07 4.46002036014193e-07 4.22153163870398e-08 5.64723496232489e-07 1.75128176183037e-07 9.54315641954473e-08 1.2811307015248e-09 2.79350353959984e-10 1.51712308271712e-09
7.78401720857858e-10 4.0709015047824e-10 9.29879251376775e-10 7.19464787746205e-10 3.8424877724097e-10 7.38409566825027e-10 1.03364689030272e-09 1.18402441184884e-09 8.52121706529374e-10 1.65451206068923e-09 9.42014866112117e-10 1.05204089884126e-09 1.50849606139758e-09 1.98919272165199e-09 1.44336491647579e-09 1.60772347657101e-09 1.45047950317334e-09 1.1844671465866e-09 1.94201534853278e-09 3.39662064030577e-09 3.82630159778685e-09 1.48928812615523e-09 1.42109423117986e-09 1.75375810540501e-09 2.96572527647143e-09 5.0365544179698e-09 1.07689689277102e-08 5.07574392516474e-09 2.91114462536157e-09 2.38432877885941e-09 2.6446674850078e-09 2.34048728176006e-09 4.21798859173705e-09 6.02156461360082e-09 1.04955791280226e-08 2.69939037522704e-07 4.97740724747509e-08 1.01317538714341e-07 5.39214791928089e-08 6.51338102564125e-07 5.94247891783084e-07 2.61339397944482e-07 2.23065139515199e-07 1.05642866676803e-09 5.53924165425101e-09
7.52053919139684e-10 5.80226344748525e-10 4.43718151110772e-10 5.74269909403569e-10 1.99688975355272e-09 8.54896164970142e-10 8.66880189853703e-10 9.08311537095585e-10 1.87643649507407e-09 1.72939059739363e-09 1.19008325416559e-09 1.22979455507988e-09 1.52973745892737e-09 2.07353244574548e-09 1.71380951652367e-09 1.94725853219779e-09 1.96839238242319e-09 1.38317877151906e-09 1.15183093063465e-09 1.80793123805145e-09 2.21192888449906e-09 1.94136908771014e-09 1.63032468636359e-09 1.96243309380506e-09 2.6252223728207e-09 4.46204317938736e-09 3.72979458429512e-09 3.76172097915628e-09 2.09267658757284e-09 1.7581832101321e-09 2.59975918570632e-09 7.64037700884401e-09 5.16023781482744e-09 2.10449389137501e-08 3.96085847569339e-06 3.98728959680739e-06 5.14135751473077e-05 5.67540440897574e-05 1.19961246980438e-06 3.05759886742862e-08 6.00417303964207e-07 5.54508538108678e-07 2.61668189338593e-07 8.24912416153012e-10 9.41143156740765e-09
9.78493941428127e-10 8.86954720780153e-10 7.15145753726887e-10 5.09142061844159e-10 6.21047779869599e-10 1.07025192042087e-09 1.08385324049109e-09 1.20888776766748e-09 1.36370447156864e-09 1.43965072085805e-09 1.54264158114259e-09 1.63815928599931e-09 1.85384081419215e-09 2.87789519992643e-09 2.78192815450495e-09 3.13126211626269e-09 8.52112801430494e-09 4.46462810055337e-09 1.83828461342017e-09 1.2881929967179e-09 1.42242170264595e-09 1.60164438378629e-09 1.8880553898093e-09 3.66342675084397e-09 3.15423409613658e-09 5.02002706070925e-09 2.98543906263049e-09 2.77181989583042e-09 4.16333176822548e-09 3.94818605586877e-09 9.24953477143831e-09 2.55045773167595e-08 7.61174953733956e-08 2.21416287793375e-07 4.57732810446032e-06 5.43828562513227e-05 7.09979498424218e-05 0.000507236199337058 0.00161397367774043 0.000616247285506688 6.29701964044216e-05 3.14682217728013e-08 2.917103099076e-08 3.13429806553245e-09 3.27686687784379e-08
2.31393996186213e-09 1.1690448054047e-09 1.18472939236725e-09 1.20005583248428e-09 8.38742508779689e-10 1.45542466967186e-09 1.38741481636728e-09 1.48171619418491e-09 1.64994923279593e-09 1.76382293215482e-09 1.92776119511961e-09 2.17409509284394e-09 2.22616631795347e-09 2.44793598724868e-09 3.48401975047707e-09 4.32094796609661e-09 1.05335600353307e-08 1.7293508924876e-08 7.42918732088427e-09 2.03885611727017e-09 1.91781107661271e-09 2.60517204475619e-09 3.18069435234492e-09 4.02472692950795e-09 4.18594741091738e-09 6.31326950717437e-09 7.82621724093602e-09 1.07301174168128e-08 1.69057918109061e-08 5.74282878806898e-08 1.5324840929587e-08 2.18618131064829e-07 5.44990266604373e-07 9.77539273208094e-06 9.97475963231409e-05 0.000152924606663873 0.000618135448894464 0.000112946963508875 0.00127746841171756 0.0749500950798392 0.0112785995006561 4.87519810576487e-05 1.46218375851603e-08 2.27865422086637e-09 1.27611781253201e-08
1.29734762488454e-08 2.30160696057524e-09 1.75782263189816e-09 1.54676121910668e-09 3.23657897149943e-09 1.33081072828389e-09 1.86383551925573e-09 1.81286236022871e-09 1.84568319516742e-09 1.99585057369944e-09 2.13311215357947e-09 2.28582422989732e-09 2.41291291391832e-09 2.71563922460416e-09 3.07433715152072e-09 3.76207617280855e-09 6.71891686732096e-09 1.37003854039364e-08 8.57205505466752e-09 7.15747150437096e-09 7.32016646187716e-09 7.01166050776081e-09 1.42128765423521e-08 5.10064760983475e-08 3.76037042948418e-08 1.91123816506433e-07 1.32244201056508e-07 1.0952285651733e-07 1.78051595778328e-07 1.24627194963978e-06 4.26577112193627e-06 4.31266952887199e-06 0.000132903851408628 0.0013589149544714 0.000939475442282855 0.00421434207819402 0.000168077612215711 0.00153202936053276 0.0131209053797647 0.0193050004076213 0.000720073451520875 0.000638323600287549 4.18407424618294e-07 3.39661835324634e-09 3.2487648127244e-10
5.6189755626157e-09 4.18478847130643e-09 3.20738537951115e-09 2.54586823844605e-09 2.22254155080037e-09 1.99934819811176e-09 2.36022813515646e-09 2.40766894199496e-09 2.27309387978991e-09 2.28733272322756e-09 2.39753770170381e-09 2.29537641116551e-09 2.61074544205542e-09 3.01538125579981e-09 3.37729700872202e-09 3.74569896210986e-09 4.49666569535267e-09 2.36817056409322e-08 4.30707712695266e-07 9.50418473033565e-08 4.97279539657391e-08 9.28397264399194e-08 3.7279369804466e-07 1.83450988018308e-06 1.03443171397544e-06 3.77207241708533e-07 1.26960786275276e-06 0.000152101352796308 0.00274342574412003 0.00282996402820572 0.00171034122759011 0.00349380335537717 0.00145321786403656 0.000117696086817887 0.000221490575131611 0.00174524780595675 0.000240014889277518 0.000234945915872231 4.91224226607301e-05 0.000139981729262217 0.000453536205168348 0.00468165049096569 0.000476625785086071 5.99947907460319e-06 1.59833088986261e-09
9.38776125725127e-09 1.23591866740824e-08 1.40345371324457e-08 5.05497184111192e-09 3.6104290113137e-09 3.37990364585039e-09 7.49181666703791e-09 4.48256655127821e-09 2.57875933939999e-09 2.16017839171911e-09 2.2246057662656e-09 2.32041343917189e-09 3.20329078817849e-09 3.90653955850695e-09 4.46040546719928e-09 4.75909273101038e-09 5.10116181517972e-09 2.7704536642581e-08 5.80729434984661e-08 3.4011999172634e-07 1.0634506084628e-07 6.58898769145821e-07 5.32804786416818e-05 0.000879222681396641 0.000793616879673209 8.72889945640054e-05 0.000180875287151139 0.00871426768135279 0.00121469488367438 0.000219900762385805 0.00245863528107293 0.00153056454728357 0.00214912249939516 0.00176148289465345 0.000356641556572868 0.000126680386711087 1.18566206026571e-05 1.21362377214496e-06 1.43234105909329e-07 3.40553908628749e-07 1.66679886892673e-08 2.53906759062339e-08 6.92614068320552e-09 1.09945186288485e-10 4.29257618339562e-10
7.27950253409659e-09 7.57339470025542e-09 6.68224044986232e-09 4.99998830116866e-09 5.93844222684936e-09 5.63957927024461e-09 5.02134657187625e-08 1.32664534246985e-08 3.44826738274406e-09 2.51660452477154e-09 1.97419476322125e-09 2.8639540516906e-09 3.89626259034159e-09 5.00647001633325e-09 5.7948382203854e-09 9.07795669746747e-09 1.11699463123394e-08 1.25942872464258e-08 7.53842603984367e-07 1.18685104837368e-06 8.28971641340104e-06 4.44688668039817e-06 0.000159229587006848 0.00711042906623334 0.000810902968805749 0.000271390112902736 0.000751740965642966 0.000327026078593917 0.000166665263532195 0.000194586478028214 0.000951650178467389 0.0014578802336473 0.000488435425722855 8.30844654046814e-05 3.02235785738958e-05 8.95147125447693e-05 2.06078870377269e-06 1.24873258400271e-06 8.44641520725276e-08 1.43359528159692e-07 3.71809194876782e-08 8.94009691831954e-09 3.03060974093938e-09 1.3510223917379e-08 7.9645248174387e-10
4.43727040666531e-09 4.74020652729834e-09 4.99530374842294e-09 5.1161522240939e-09 5.54209091951918e-09 5.74971316114059e-09 6.91799817431615e-09 1.17438683555626e-08 5.30245775065552e-09 4.94417835561478e-09 9.26644678767019e-09 3.1123721155879e-09 4.05462058372663e-09 7.05051317329008e-09 1.58226896362912e-08 4.95414491763491e-08 7.62951231969566e-08 1.36201371048195e-07 4.19261535800075e-07 6.2271365344202e-07 6.71136055530042e-07 5.5881930711621e-05 0.000928756743087433 0.00118755655712448 0.00131986558262724 0.000153237636914128 7.37347478207084e-05 6.81777075442369e-05 8.64637278937153e-05 0.00017475653985457 0.000220153654663591 6.29333098459028e-05 0.000345012515754206 0.000267033539785189 0.000817132138763554 0.00652673377189785 0.000167427072665305 0.0113303842023015 2.37888900983307e-05 3.52008039961049e-07 4.13392613141106e-08 1.48191490190186e-09 4.10752099000433e-10 2.66197427434278e-09 9.98006365326987e-09
