Maxent_result_files_1/Bombus_terrestris_2.asc
NCOLS 594 
NROWS 330 
XLLCORNER -15 
YLLCORNER 23 
CELLSIZE 0.166666666666667 
NODATA_value -9999 
[rows 84 to 104 of 330, columns 460 to 505 of 594]
0.000257793391938321 0.000440270901890472 0.000391400660737418 0.000801854286692105 0.000405618987861089 0.000323372632556129 0.000274408038239926 0.000242030403751414 0.000276586283871438 0.000300627840624657 0.000400417755008675 0.000494710591738112 0.000310083975637099 0.000419255231099669 0.000264822482131422 0.000243719873105874 0.00026128535027965 0.000221864902414382 0.000372135575162247 0.00030743080060347 0.00022334821333061 0.000279720658727456 0.000251363600546028 0.000336564575263765 0.000245075928251026 0.000162657552573364 0.000258361369924387 0.000190621094952803 0.00038951346068643 0.000393083748349454 0.000319685875729192 0.000294370112533215 0.000375606954912655 0.000399479929183144 0.000610118202166632 0.000726506492355838 0.000370096875121817 0.000294175854651257 0.000333347602281719 0.00022487620881293 0.000260327859723475 0.000149758414409007 0.000142663439328317 0.000221933242573868 0.000145838091339101 0.000150804201985011
0.000263848492613761 0.000247516235685907 0.000268455233162967 0.000821809947956353 0.000443461061513517 0.000522356771398336 0.000494140890077688 0.000423311645863578 0.000468412943882868 0.000787883816519752 0.000921772449510172 0.000339345996326301 0.000401482333836611 0.00063411602168344 0.000470101746032014 0.000266735711920774 0.000289098737994209 0.000405449949903414 0.000370193991693668 0.000713236580486409 0.000177486262691673 0.000556737979059108 0.000344518237398006 0.000302064216521103 0.000278520172287244 0.000226990369992563 0.00023313633428188 0.000219732075493084 0.000249167777656112 0.000310447501396993 0.000493496931449044 0.000219181618740549 0.000241606392955873 0.000167459862859687 0.000181265287392307 0.000223805160203483 0.000243643767316826 0.000252817118598614 0.000150632163422415 0.00014172833361954 0.000370039985864423 0.000245945900678635 0.00016893166830414 0.000199162395438179 0.000127616475947434 0.000161251772078685
0.000755084812408313 0.00100983588199597 0.000889389385702089 0.000447599845938385 0.000641541241202503 0.000426620946382172 0.00102100826334208 0.00114307999028824 0.000528575235512108 0.00145364092895761 0.0010392278782092 0.00102069196291268 0.00108668773318641 0.00120910393889062 0.000606511044315994 0.00036219428293407 0.000279816296097124 0.000231878027989296 0.000433721720764879 0.000538315922312904 0.00048591211962048 0.000309526885394007 0.000230843531608116 0.000340049754595384 0.000545926009363029 0.000297771714394912 0.000376822377438657 0.000450509590154979 0.000331218758947216 0.000374694213678595 0.00038563190610148 0.000228354429418687 0.000254888086055871 0.000356128645944409 0.000218504157965072 0.000230558485054644 0.000598919461481273 0.000186179528827779 0.000192264394718222 0.000220063544111326 0.000237170743639581 0.000255223824933637 0.000179004695382901 0.000223907082545338 0.000282291200710461 0.000193752556515392
0.000955049163894728 0.00240962936077267 0.00315888999029994 0.00109615054680035 0.000609244091901928 0.000872557869297452 0.00119263907545246 0.000694208679487929 0.000394707237137482 0.000295851084229071 0.000232200908794766 0.000975307292537764 0.00110271614976227 0.00109035984496586 0.000377782905707136 0.000525710283545777 0.000496698115603067 0.000396948699199129 0.000275965968467062 0.000264501274068607 0.00036058350087842 0.000315049495839048 0.000273177189956186 0.000409164975280873 0.00182668586494401 0.00195427706930786 0.000830094335833564 0.000799094361718744 0.000554239776101895 0.000497413752600551 0.000304660684196278 0.000823864160338417 0.000485045812092721 0.000633116537937895 0.000379726671962999 0.000210888109722873 0.000436380456085317 0.000658307649428025 0.000319085767841898 0.000260543153854087 0.000262495795323048 0.00021082044695504 0.000237441061472055 0.000226969781215303 0.00029960458050482 0.000243297898850869
0.000882103299954906 0.000800838496070355 0.00162574857240543 0.0014444915461354 0.0011268729576841 0.000632268673507497 0.000580496585462242 0.000550975988153368 0.000730933298473246 0.000306539602752309 0.00043758632382378 0.000444102591427509 0.000640303260297514 0.00051429136947263 0.000486053712666035 0.000434610352385789 0.000413793836196419 0.000338439060578821 0.000275525837787427 0.000299081180855865 0.000432644545799121 0.000319107474206248 0.00144438350107521 0.000780711352126673 0.00115607640473172 0.00123767454642802 0.000577721316949464 0.000750930886715651 0.00116471207584254 0.000366221838339698 0.00060316244198475 0.000487077829893678 0.000264807691564783 0.000496253414894454 0.000586761420709081 0.000311159943521488 0.000235544741735794 0.000390518717176747 0.000400406835251488 0.000652472669025883 0.000345274530991446 0.000507284805644304 0.000730883024516515 0.000264894408610417 0.000256255223939661 0.000285592779255239
0.00112063210981432 0.000519813633582089 0.000903014227515087 0.000496238344931044 0.00192869603633881 0.000593321977066807 0.000844207406044006 0.000699170256848447 0.00208208891563118 0.000536375446245074 0.000809998851036653 0.000786867929855362 0.000628095360298175 0.000294401241990272 0.000368977041216567 0.000224065693328157 0.000345175674010534 0.000402158898941707 0.000466018920997158 0.000458314498246182 0.000611040173680522 0.00059672424395103 0.0015723139513284 0.00119174479623325 0.000886782212182879 0.0014876157976687 0.00137510750209913 0.000508086747140624 0.000514205676154234 0.000304506839893293 0.00053943642124068 0.000479157667723484 0.000972527120029554 0.00076265578973107 0.000648758790339343 0.000398937212594319 0.000666064482356887 0.000457238027593121 0.000347058718034532 0.000258060000487603 0.000204969833430368 0.000198945074953372 0.000239034435071517 0.000203347546266741 0.000241984277818119 0.000260721275117248
0.000800075469305739 0.00114016366715077 0.00112884643604048 0.000531586876604706 0.000482144302804954 0.000587346017709933 0.000645805677049793 0.00055954619019758 0.00152002999093384 0.00186474793590605 0.000563311963924207 0.00124089524615556 0.00191055277828127 0.00122734987526201 0.000523246827651747 0.000439952104352415 0.00041781855688896 0.000495342047361191 0.000820950797060505 0.00039454800717067 0.000407761343376478 0.000651857517368626 0.00149342849617824 0.00121548793977126 0.000895279768155888 0.00102573080221191 0.000744770065648481 0.000964419677620754 0.00073398414242547 0.000872173468815163 0.000612241483759135 0.000613363270531408 0.000935892498819157 0.000807170738698915 0.00071986197726801 0.00050496089970693 0.000871524104150012 0.000260637998871971 0.000266029505291954 0.000245779172109906 0.00016497795113537 0.000226767812273465 0.000167985773077817 0.000243997282814234 0.000191908048873302 0.000282789852644783
0.000890641790465452 0.00162730297306553 0.000824122026097029 0.000774636748246849 0.000360782141797245 0.000745057771564461 0.000823923174175434 0.000710356721538119 0.000357326908851974 0.000468419301614631 0.00105439588078298 0.000788730051135644 0.00121318074525334 0.0012932121171616 0.000639493003836833 0.000290321344800759 0.00037868031358812 0.000377494933491107 0.000919298833468929 0.000751122931251302 0.000442777185526211 0.000347453678841703 0.000676947853935417 0.00136715945554897 0.00287480482365936 0.00186205086065456 0.00124163084547035 0.00163030073745176 0.00108164703706279 0.000868370180251077 0.00088753123418428 0.00123162816162221 0.000803061740589328 0.00053697407420259 0.000376913536456414 0.00133300726884045 0.000568199050030671 0.000442510092398152 0.000322298007085919 0.000268872013839427 0.000265260112064425 0.000335353890841361 0.000263735649059527 0.000226828680752078 0.000208100576128345 0.000334132149873767
0.00209404597990215 0.00244027938460931 0.00201049541356042 0.000864250271115452 0.000624457937374245 0.000476303984760307 0.000770747510250658 0.00226555924164131 0.00163823473267257 0.000942169106565416 0.00167320866603404 0.00250634636031464 0.00152827297570184 0.00117191125755198 0.000940003150026314 0.000736478174803778 0.00055465956684202 0.00035479901562212 0.000523930406779982 0.000758911692537367 0.00101500102318823 0.000405009885434993 0.000307249500474427 0.000605929258745164 0.00173165472806431 0.00223054207162932 0.00157890303526074 0.00336912283673882 0.00298032569698989 0.00221002772450447 0.00259742152411491 0.000894127372885123 0.000855039979796857 0.00167256117565557 0.000614857199252583 0.000766716769430786 0.000398274330655113 0.000433685048483312 0.000246748561767163 0.000402743567246944 0.000238307341351174 0.000285697866638657 0.000337069878878538 0.00023505832941737 0.000182503108226228 0.000152632006938802
0.00135719465324655 0.00101938760781195 0.00147240410442464 0.00218744819285348 0.00270912188570946 0.0021304308436811 0.00162954470142722 0.00186686185188591 0.00033797907672124 0.000341087403648999 0.000326986760046566 0.00163306565955281 0.00279058788437396 0.00140153979009483 0.00067240308271721 0.000837030168622732 0.00138286644942127 0.00056303026212845 0.00258936829632148 0.00123503159265965 0.000722777863848023 0.000766663774265908 0.000499331267201342 0.000516067871649284 0.000645046244608238 0.000576882608584128 0.000841250692610629 0.000865928948041983 0.0010746279702289 0.00315987570211291 0.00323343791533262 0.00222883585374802 0.00161992068169639 0.000962553109275177 0.000946056580869481 0.000437350943684578 0.000637835808447562 0.000496168222161941 0.000467175495577976 0.000753537481068633 0.000551533620455302 0.000359768039197661 0.000378987239673734 0.000308359037444461 0.000201408776047174 0.000375945551786572
0.00338906419929117 0.000998640665784478 0.000545801888802089 0.00152816532645375 0.00197425150545314 0.00213029350852594 0.00178617466008291 0.00114889890537597 0.00070651326677762 0.000474934479279909 0.000556544557912275 0.00157360249431804 0.00224173872265965 0.00148280857829377 0.00106117255054414 0.000905500000226311 0.00106621140730567 0.00108769218204543 0.000688961934065446 0.00263664767844602 0.00288610232528299 0.00208265057881363 0.00120691357296892 0.000678304964094423 0.000487750805041287 0.000378190755145624 0.000462279193743598 0.000596471776952967 0.00130882182129426 0.000955396940116771 0.00104885308537632 0.000716064601147082 0.00107281179516576 0.00157566119451076 0.00105779797304422 0.00116135992575437 0.000592178283841349 0.000312492211378412 0.000427269285137299 0.00044001020869473 0.000246329471701756 0.000391257627052255 0.000692707151756622 0.00040012042154558 0.000372597138630226 0.000259658510913141
0.00448578861542046 0.00254455277463421 0.00219927683938295 0.00366483950056136 0.00291753620840609 0.00346160889603198 0.0026839513448067 0.00233307253802195 0.00255404937779531 0.00158293383428827 0.00170170330093242 0.00162550486857072 0.00185827853856608 0.00446800317149609 0.00430899255443364 0.00278347298735753 0.00152035686187446 0.00285215331241488 0.00213590490166098 0.00220770841697231 0.00163734537782148 0.00275443270802498 0.011757237650454 0.00305592187214643 0.00395987131632864 0.00238543811719865 0.000876308331498876 0.00107685525435954 0.00111394856794504 0.000442839592869859 0.000427219949779101 0.00047130218881648 0.000515733215434011 0.000751226821739692 0.000744915675022639 0.00164306340739131 0.00167600231943652 0.000953536597080529 0.000382585408806335 0.000482359697343782 0.000558559456840158 0.000900350348092616 0.00079760299413465 0.000420037904405035 0.000330416862561833 0.000304449236864457
0.00445320277940482 0.00401952303946018 0.00299344703089446 0.00260828967439011 0.00529003385454416 0.00361530215013772 0.00189574657706544 0.000799968047067523 0.00226734658936039 0.00232743690721691 0.00196329730097204 0.00100492365600076 0.00086463188927155 0.000614285595656838 0.00408110716380179 0.00356729091145098 0.00413984733168036 0.00222260404843837 0.00381125353742391 0.00530763911083341 0.00436956705525517 0.00468725233804435 0.00367144211195409 0.00197704758029431 0.00220255017047748 0.00320163439027965 0.00649746335111558 0.00534505425021052 0.00164460054365918 0.000844033079920337 0.000669898767955601 0.00102643010905012 0.00050122203247156 0.00149365736870095 0.000682906915608328 0.00273233526386321 0.00313758624251932 0.00243281603325158 0.00226344007533044 0.000563973226235248 0.000482603543787263 0.000737030783784576 0.00046060114109423 0.000310343538876623 0.000587372839800082 0.000314880712539889
0.00375293607357889 0.00419944275636226 0.00267022411571816 0.00292656939709559 0.00276858016150072 0.00218677218072116 0.000901018103468232 0.00102293739619199 0.00213316314038821 0.00135770139750093 0.00231531036552042 0.00410216758027673 0.00213373123551719 0.00520393745973706 0.00231449471903034 0.00339481153059751 0.00231693270616233 0.0059113837312907 0.0022357237408869 0.00227097336319275 0.00362993632443249 0.0023154417751357 0.00302906695287675 0.00288059720769525 0.00297310291789472 0.00326802802737802 0.00467639565467834 0.00406716344878078 0.00107040501316078 0.00230118740582839 0.00134233739227057 0.00231152417836711 0.00102935198810883 0.00131902049761266 0.000751152908196673 0.00178683266276494 0.00355985353235155 0.00289994487538934 0.0012811264838092 0.00285525538492948 0.00158831774024293 0.000494510908902157 0.000436231456114911 0.000444695190526545 0.000525186190498062 0.000306548205844592
0.00364062762819231 0.00385113040683791 0.00338653430808336 0.00520519986748695 0.00312684620730579 0.0020381860784255 0.000965539950993843 0.00359978785272688 0.00211351074976847 0.00198305761441588 0.00331048804800957 0.0041869482723996 0.0051957379328087 0.0036290775751695 0.004101019538939 0.00390295304823667 0.00508498069830239 0.00327157804276794 0.00320284909103066 0.000909217714797705 0.00228818526957184 0.00277234737295657 0.00162973204860464 0.000812594266608357 0.00195401425007731 0.00202484199544415 0.00218721573473886 0.00093693666276522 0.00315136159770191 0.000909854608471505 0.00127827052492648 0.000728002056712285 0.000593631676747464 0.000657970766769722 0.000460459598980378 0.000936436071060598 0.000890613775118254 0.00117498598410748 0.000990489817922935 0.00342190542723984 0.00445082746446133 0.00279257940128446 0.00170727932127193 0.000709737415309064 0.000358317837526556 0.000393886235542595
0.00176868768176064 0.00458917110227048 0.00270754969678819 0.00405720584094524 0.00352362031117082 0.00226125310873613 0.00255576850613579 0.00281065145973116 0.00294080588500947 0.00362636442296207 0.00326680783182383 0.0033210595138371 0.00322593403980136 0.00248320421669632 0.004917190852575 0.00183393965708092 0.00170508013106883 0.00214172571431845 0.00241852432955056 0.00156192152062431 0.00178988489788026 0.00130365061340854 0.00100930960325059 0.000872201594756916 0.000445898232283071 0.000755393161671236 0.0029059337452054 0.00484828499611467 0.00210356089519337 0.00356085593812168 0.00113323764526285 0.00181209063157439 0.00137078432599083 0.00117093086591922 0.000790798955131322 0.00186290685087442 0.000999403765308671 0.000968798709800467 0.000795603115693666 0.000803680426906794 0.00119332748581655 0.00214393479982391 0.00364169080276042 0.00289550784509629 0.000734236664720811 0.000470042825327255
0.0035928389756009 0.00361939745489508 0.00226735215401277 0.00154991650488228 0.00240461316425353 0.00180964188184589 0.00339418521616608 0.00201437288778834 0.00458987704478204 0.00495213165413588 0.0022834550938569 0.00162548877997324 0.00264124410459772 0.000920416339067742 0.000404346402501687 0.000867682887474075 0.00253105441806838 0.00124017277848907 0.00107894944958389 0.000995927629992366 0.000813836877932772 0.00161891106981784 0.000831667179591022 0.00090029300772585 0.000784906151238829 0.00205161633202806 0.00188011365244165 0.00377865070477128 0.0042630143230781 0.00379653701093048 0.00313035622239113 0.00214493805542588 0.00266927923075855 0.00240987822180614 0.00131064112647437 0.00130409249686636 0.00140640955651179 0.0010624157206621 0.000547946474398486 0.000878794625168666 0.00183181881438941 0.00177215344738215 0.00234478894853964 0.001235263000126 0.000416494203818729 0.000975280586862937
0.00385387879796326 0.00410802783444524 0.00442989796865731 0.00304075365420431 0.00281128211645409 0.00296272763516754 0.00470908950082958 0.00444875208195299 0.00185654601082206 0.00101537028967869 0.000968744262354448 0.000653877347940579 0.00108544775284827 0.000833584199426696 0.00144871298252838 0.000532132781518158 0.000626183761050925 0.00236198115744628 0.000512302326387726 0.00141974828438833 0.000771490164333954 0.0010657393722795 0.00110873960657045 0.000803963444195688 0.00162469582865015 0.000957563245901838 0.00140610189409927 0.00132596732582897 0.00373300018254668 0.00322787465993315 0.00252321446314454 0.000970544171286747 0.00177805006387644 0.00103495637886226 0.000618523784214631 0.000848598522134125 0.00126002219622023 0.00160312615334988 0.00159729424631223 0.000875117932446301 0.00224692020565271 0.00164314574794844 0.00261021677870303 0.000988218138809316 0.0020195389050059 0.0013444556214381
0.00318118694704026 0.00237248574849218 0.00330910198390484 0.00293440291425213 0.0031386312097311 0.00505121133755893 0.00142359082819894 0.00214177469024435 0.00544035381171852 0.00145266050240025 0.0017415619106032 0.000667678375612013 0.000638981666998006 0.000872788170818239 0.000916322349803522 0.00057083313295152 0.000777076423401013 0.000596988617326133 0.000480918283574283 0.000608969127642922 0.000795519904932007 0.00127337016747333 0.000942915794439614 0.000741753092734143 0.000528457130712923 0.00111920483177528 0.00051181171729695 0.000892062377533875 0.00175291660707444 0.00275482947472483 0.00303166105877608 0.00286232833750546 0.0011794057500083 0.000678987664286979 0.000791663437848911 0.00141277667135 0.00247874900233001 0.0011935546353925 0.00118198638083413 0.00201289503602311 0.00142058560159057 0.00134556455304846 0.00118515819194727 0.00251501533202827 0.00160699256230146 0.00172879460733384
0.00319054538849741 0.00246304553584196 0.00193818029947579 0.00330415770877153 0.00388921687845141 0.00281735395547003 0.00176584081491455 0.00180159407900646 0.00195919806137681 0.00121591022470966 0.000660115855862387 0.00100127341574989 0.00088597719441168 0.00102632374619134 0.000703505537239835 0.000698418047977611 0.000726188492262736 0.000776093685999513 0.000745842000469565 0.00195606069173664 0.000890122709097341 0.000833077827701345 0.000377760177070741 0.0013406194630079 0.000953964528162032 0.0011044145503547 0.00031820482108742 0.000388696495792829 0.000615901124547236 0.000979034922784194 0.00132208645809442 0.00102689734776504 0.000527914466510992 0.00107545344508253 0.00125542106106877 0.00118959327810444 0.00107255017501302 0.00074872710974887 0.000317675087717362 0.00038398925535148 0.000516068322758656 0.000393637958040927 0.000455744983628392 0.000502807865268551 0.000538698068703525 0.000459677075559739
0.00420634576585144 0.00445653311908245 0.0046385231660679 0.00292299133725464 0.00275251462589949 0.00341706774197519 0.00249411428812891 0.00272173075936735 0.00291794922668487 0.00319109780248255 0.00254371810005978 0.00207155811367556 0.000823814934119582 0.00079013473005034 0.000977582100313157 0.000780851335730404 0.000879572966368869 0.000906237243907526 0.000471522909356281 0.000826991989742964 0.000730596546782181 0.000426635825715493 0.000385575235122815 0.00053047803521622 0.00111802098108456 0.000789490283932537 0.000646253279410303 0.000374007430218626 0.000528544434928335 0.000657589238835499 0.000458851459552534 0.000922072952380404 0.000427330247475766 0.00139395849546418 0.000801930000307038 0.000641310648643412 0.000740259676240385 0.000859817949822173 0.000365703224088065 0.00032088606239995 0.000372392931603827 0.000308332797430921 0.000292741865268908 0.000296932284254581 0.000446948179160245 0.000427026982652023
