Maxent_result_files_1/Bombus_haematurus_3.asc
NCOLS 594 
NROWS 330 
XLLCORNER -15 
YLLCORNER 23 
CELLSIZE 0.166666666666667 
NODATA_value -9999 
[rows 100 to 119 of 330, columns 450 to 494 of 594]
7.47504724785131e-09 2.68743064468779e-09 9.99168318083221e-09 1.04690677238395e-08 1.39928646225584e-08 1.01597266155551e-08 3.73049936497338e-09 1.63950424347803e-09 3.9841547394559e-09 3.64028770460934e-09 1.2007279281967e-09 1.20629883859635e-10 1.90539617417329e-10 5.74142247078413e-09 9.68589219940696e-10 6.06591216145702e-09 6.12587314208213e-09 4.12948653050194e-10 5.17635045937936e-11 1.46332057582299e-11 1.02890107545051e-10 9.72055769210556e-12 1.93296711969992e-11 1.71600178511255e-11 9.00295948902397e-11 4.25193880104757e-11 2.45102804719011e-10 3.85252274526238e-11 2.29136265517127e-11 2.51914289428612e-10 4.75535166799546e-12 4.3345804723316e-11 2.52720494531289e-09 4.08353361125435e-09 1.14740821244297e-07 2.58296461996821e-10 2.44355311540545e-09 2.28107743804884e-10 2.03504990636816e-11 1.23302301702211e-10 1.49667300775036e-10 4.76098305224326e-10 9.28486620921376e-10 2.97987601260985e-10 6.96135982192203e-10
1.19715324098379e-08 1.89844985287735e-09 3.86914656980153e-09 9.58460767419567e-09 2.10872025396824e-09 7.45177933803021e-09 9.08798232224228e-09 7.44518841022668e-09 8.52698174291788e-09 9.70189313331815e-09 7.70119399362557e-09 7.15859374000871e-09 5.25609579193898e-09 3.86468579360866e-09 1.42465700347927e-09 8.53337067674431e-10 5.73644243218041e-10 3.03833254111652e-09 9.23889409421008e-11 6.08547323643904e-11 3.02133873475441e-10 1.46597944894467e-10 2.58215449022714e-11 1.26813692880035e-10 6.66752884348476e-08 7.13733727675248e-10 6.32724639348936e-10 2.14181516966505e-10 1.00136758218738e-08 8.22822258328415e-08 2.20513238602393e-07 6.08281577108016e-08 3.97364194881789e-09 1.80856867260104e-08 4.41727226352384e-08 3.2485659140491e-08 3.54386483492064e-09 1.959951252406e-08 1.3818435284918e-10 1.36630995406506e-10 7.47317985272389e-11 2.61711308180423e-10 2.0384557375408e-10 8.35173124436039e-08 1.66567643344884e-08
1.29108862934046e-08 1.42580524387093e-08 1.46870104522634e-08 1.27096595470277e-08 1.37112220466307e-09 1.99251292132274e-09 1.04135574718889e-08 8.58886213261911e-09 1.06800742805113e-08 9.5285231704878e-09 3.72794184411163e-09 1.16647433712203e-08 1.1363545049381e-08 6.78496060446676e-09 2.63226855867771e-09 8.64398996824889e-11 7.06347758061554e-11 2.77573652951446e-10 2.57106447243416e-11 5.64514435197339e-11 1.13924560896095e-09 1.42781837464412e-09 8.46501013729295e-10 1.04769484199352e-09 6.32513608156415e-10 4.36668251557748e-09 7.12481275755295e-08 3.4467664544735e-08 1.10613987969188e-09 1.07115790348722e-08 1.32372108740952e-07 1.43842650413006e-07 1.50136624110786e-07 3.42126734609316e-08 2.60543778107802e-08 6.28135318425649e-08 2.61724296457544e-08 3.78048829574595e-08 1.70353553485825e-10 9.34540222985447e-11 3.23027715687374e-11 3.43779782419062e-11 3.10275849457753e-10 1.1374589812263e-07 3.96644954658854e-08
1.67075942969497e-08 1.71888237421314e-08 6.43813599099374e-09 1.55445995186909e-08 1.21761447924307e-08 1.40066716336484e-08 6.58186349866696e-10 1.49680118965989e-08 7.06697771413189e-09 9.21172262913217e-09 1.44830305415233e-08 6.01058079974237e-09 1.93215573762728e-08 2.21378773312964e-08 1.70716752734279e-08 8.49645620526474e-10 7.86029386024012e-10 5.89194582012453e-10 3.20012139010117e-10 1.54457995282797e-09 2.22792650994563e-10 2.20697095043576e-09 4.92813659880298e-09 1.35220840080663e-09 5.65841056232585e-09 1.43934047969196e-07 4.72743821422483e-08 1.06760476237255e-08 5.78225016756306e-09 2.08478654073474e-07 1.62494554656334e-07 9.38706393949218e-08 7.37096235381429e-08 5.28115153497488e-08 3.38796512955319e-08 1.88639599008056e-07 2.46324350916538e-08 9.06493690555621e-08 5.66126255874266e-08 8.17226585958508e-08 7.80506914654922e-09 6.63475496764931e-11 2.48164708782639e-09 1.15720052540347e-08 2.92105115651253e-09
2.37420808013589e-08 2.79249542156634e-08 3.05388459853617e-08 2.0530085320658e-08 3.45335902096622e-09 2.43682590772565e-09 1.01719296763392e-08 4.63617099155655e-09 1.15680447443367e-08 4.11850086257104e-09 1.62037740558674e-08 1.75679560010522e-08 2.45892955996752e-08 1.55351653208236e-08 3.78234390474574e-08 3.91789078513227e-08 6.09858583189293e-08 2.76927565767693e-08 2.51596075306892e-08 1.21827267163255e-09 3.67352068764149e-09 5.52158690991789e-09 4.55771480556422e-09 8.5638417290923e-08 6.94600740924756e-08 4.36305513273894e-08 6.90619106125112e-08 3.08743133392575e-08 4.74950666795593e-08 5.58456196730894e-08 5.67454335076434e-08 3.68183388554932e-08 2.97818695593755e-08 7.64975494860209e-07 6.17645135037037e-09 1.24772915499616e-07 2.77050122066136e-08 3.46249701355106e-08 4.92152107844923e-08 2.57342605780586e-08 8.42319377691858e-08 3.96971960303638e-08 8.08960116671642e-09 1.51435364248442e-10 1.78799316796763e-08
3.07083160899779e-08 5.10270466547169e-08 1.78928360350383e-08 3.29792971598408e-08 2.4822183286588e-08 3.8818682823738e-09 1.52545110543301e-08 3.15011468021709e-08 2.75966294593921e-08 3.02248728600851e-08 2.77852183483418e-08 3.16707823522222e-08 3.47708718262396e-08 3.39197951060299e-08 3.96385047563008e-08 3.52030929073877e-08 9.75837628480747e-09 6.38470217140252e-08 3.79796236771313e-07 3.93736008241774e-08 2.12198253413121e-08 2.60473852486953e-08 3.40561267409001e-08 8.07628158794316e-09 1.61532035192202e-08 1.09742253395773e-08 5.52547071430709e-09 3.1393048383066e-09 1.47278420259411e-07 6.74198871397636e-08 5.73452615837411e-08 6.25185977209952e-08 1.31181996199103e-07 4.89399011538438e-08 7.36059790895638e-09 1.17092090246018e-07 5.81890854833844e-08 4.23485080225383e-08 4.7854533513636e-08 7.34793082157736e-08 4.87178067776206e-08 1.37137737832305e-09 9.06566099967421e-10 3.02635105864368e-10 5.5078891780802e-09
7.34215473308097e-08 5.37860544991275e-08 4.49437919103346e-08 4.48540721231794e-08 4.12310538600025e-08 1.43723299594889e-08 3.75931941354324e-08 5.69446254594652e-08 9.91828777330284e-08 1.21162282207266e-08 1.390717289107e-08 2.92826755732278e-08 2.6564158850384e-08 3.64851003631372e-08 4.53025857050093e-08 4.36529590919221e-08 9.37822596469573e-08 1.02640552590572e-07 1.04287263624769e-07 2.38472592117844e-08 6.46088059497174e-08 1.2498277901507e-08 8.22942844536101e-08 2.77234646350877e-08 7.86005973640869e-09 5.39258283582811e-09 2.95713035058931e-08 2.89586856161428e-08 5.78568685405401e-08 1.34345964220017e-07 7.60224532658782e-08 2.1266850076529e-07 1.99681712409472e-07 7.98130515455853e-08 7.49132268440533e-09 2.26708483275218e-07 2.86590960385524e-07 1.25353327407041e-07 8.88150725186776e-09 8.1483397140758e-09 5.97441462746318e-08 2.84223297342123e-08 2.88508268608822e-08 8.95488582175474e-09 1.14714898691304e-09
1.51250773061662e-07 9.36252798400261e-08 6.70081124809485e-08 3.37195678934421e-08 4.24871716031561e-08 9.47827919262068e-08 8.03736560861523e-08 1.01597079016358e-07 1.66700447667978e-08 2.00228408520076e-08 4.14602172149614e-08 2.2987747372305e-08 8.02675050692869e-07 6.19397587886539e-08 2.40976635534906e-08 4.91225065069045e-08 9.25564838993864e-08 8.75103523867438e-08 3.30749269892294e-06 6.68887962351761e-08 8.23274136863006e-08 8.40181828110076e-08 6.28949279324331e-08 7.82947854105487e-08 1.62947671689118e-08 1.35348207557229e-06 9.36854522848307e-08 1.1720389703207e-08 1.1399125670053e-07 2.90711027473023e-09 2.63850693738021e-08 4.31072985529468e-08 2.63430803304487e-07 3.54075661590514e-07 1.19579945234705e-07 2.0635072477404e-07 1.92850677604994e-07 1.28430432955184e-07 1.29382317259896e-07 1.64390304924211e-08 2.20013590901402e-08 3.64385162821002e-08 7.85806780534415e-08 8.11732614236504e-08 1.48506657415837e-08
9.57878226293118e-08 1.20291983662923e-07 1.29544912574886e-07 1.15760931507225e-07 1.08770494033905e-07 6.04821514649245e-08 1.15101701592124e-07 1.62445728157934e-07 3.11705270705787e-08 7.50183591691211e-08 0.0965000209853525 5.74293029842465e-07 1.82539024606854e-07 3.23765032739232e-07 1.17188652826172e-07 1.80298732743722e-07 1.35268126477683e-07 6.06344455977848e-08 1.09907634282536e-07 2.75162225982228e-07 4.42882214124474e-08 5.42853491047879e-08 1.39176208335812e-07 3.32541127967545e-08 3.85119097945363e-08 3.03443282945182e-08 4.88253783625936e-08 2.62127962002978e-08 2.9426035697e-08 1.16642363767738e-08 1.79475474926249e-08 1.29614025401459e-08 1.53903674915412e-08 8.72183943956273e-09 2.93780439086788e-08 1.58572540787105e-07 2.25660011210493e-07 3.17171197217192e-07 1.43462546908779e-07 1.99408849077543e-07 3.26610033463126e-08 1.92381196750802e-07 1.22161271431942e-08 3.42452495250001e-09 6.10154362146176e-08
4.97046852387939e-07 4.99090946348701e-07 1.93916998902921e-07 2.54442230485097e-07 2.60262835105607e-07 8.95895702512917e-08 1.63619207871335e-07 8.76374223857113e-08 5.51774110846281e-07 1.15681199197581e-07 2.59722417439434e-07 7.08691185291599e-08 9.15938871859367e-08 6.55128694404539e-07 1.08662761277856e-06 4.29819605685111e-08 2.22527189919219e-07 1.10203004588527e-07 1.32241057038129e-07 2.7463092315827e-07 6.13453424946897e-08 6.69643880346626e-09 1.7794448359254e-07 1.43183234513344e-07 5.15352990060336e-08 4.04078897009441e-08 7.52667821402042e-08 2.68997901065049e-08 5.25653939931203e-08 1.33083938935741e-07 2.63834904856708e-07 9.68804913625831e-08 6.1035846732338e-08 7.41841341778127e-07 6.32218210672164e-08 3.52362633515568e-08 1.40134672754755e-07 1.50875944759932e-07 1.0302224797698e-07 1.80566854468545e-08 4.12724381959606e-07 3.09576070334217e-09 7.65530974611295e-08 1.78660119232177e-07 1.09959453276076e-07
2.3453933275519e-07 2.45842778312522e-07 2.49476183000752e-07 2.3631012808778e-06 3.77799399942091e-07 2.27895712345827e-07 2.03343693172542e-07 1.17082633677157e-07 1.76347549807332e-07 7.39450401354702e-08 1.56337577195131e-07 1.583161548524e-07 6.65200440508329e-08 6.31494172953495e-08 1.82276316973429e-07 1.39656847331082e-07 6.16044856460718e-08 4.55300103752165e-07 7.68980578769174e-08 4.00389282440017e-07 2.11934580107709e-07 6.36822770960776e-08 1.55091183051681e-07 1.41654794649781e-07 9.22699393335336e-08 8.14252966385709e-08 1.27253915138681e-07 2.07095543047764e-08 2.0246762255649e-08 3.50164698126321e-08 6.62892579939012e-08 7.77141558216954e-08 3.47553153812186e-08 3.21538479397532e-08 2.33931380266839e-08 8.89299356376938e-10 2.17760353748986e-08 1.44434155835427e-07 8.92373987149142e-08 6.58510989293148e-08 5.83410544763296e-08 1.45663000994389e-08 3.98764798070772e-08 3.71296994039483e-08 1.60628275569508e-08
3.27970171554171e-07 3.18963919809789e-07 1.89892679713921e-07 3.15259702787785e-07 4.3749737095311e-07 3.21412269066457e-07 3.64855566914457e-07 2.55369507229375e-07 4.74489498714092e-07 7.68714173204899e-07 1.44829905135424e-07 1.87660739570106e-07 3.15212775348073e-07 6.58395461705652e-08 1.3426427258878e-07 1.47662585536779e-07 1.42283484816375e-07 3.12200400642837e-07 2.05920413520744e-07 6.17672631708643e-08 1.22494338139489e-07 1.92566376622239e-08 4.89000306247433e-08 1.72577103896288e-07 1.42661462776417e-07 8.18521850298737e-08 1.18873679255671e-07 4.58120785307159e-08 4.88930290920564e-08 1.74834093868981e-08 1.86657306722182e-08 1.43220560966384e-08 1.36017095364593e-08 3.77850401189761e-08 3.86311845179677e-08 3.69903783603576e-08 3.76211718222663e-08 4.54664380811209e-08 5.15835480996429e-08 2.10281906554144e-08 1.33989371731147e-07 2.27353970871924e-08 2.90403068925471e-08 2.93337922729897e-08 4.24797989673209e-08
4.87239267599193e-07 4.28983658906645e-07 4.6395881696526e-07 3.96740701980036e-07 1.9089515133075e-07 1.85939759766995e-07 1.73613535281447e-07 2.79198325614516e-07 3.62325281955123e-07 2.00156087970527e-07 1.84755117516033e-07 6.75027508023618e-07 1.6424578348051e-06 2.79594561547469e-07 1.63181701395843e-07 1.62007814275e-07 1.64267194691092e-07 1.65339315394419e-07 1.49289247097784e-07 1.2845023782404e-07 1.50948819666041e-07 1.54700592069901e-07 8.74054020716386e-08 0.0975878998007737 1.71779747759615e-07 2.09959947206073e-07 1.95237726074993e-07 8.558562791805e-08 1.63475497916288e-08 3.18391593312484e-08 1.56854939037387e-08 5.15474175344366e-08 3.3522420750387e-08 5.9892306936149e-08 6.72243787303017e-08 1.23128596207778e-07 1.39348875549672e-07 3.46620899094319e-08 4.25526761382855e-08 4.9723418049652e-08 3.87004047475159e-08 1.61395916808971e-07 4.44648513342472e-08 7.24628456794108e-08 6.8294188260154e-08
6.80018219512135e-07 5.98201695112266e-07 7.09258424080872e-07 4.00285694368563e-07 6.35904726919989e-07 4.11824964530183e-07 4.08725466272131e-07 3.82238244078792e-07 5.10143702570076e-07 2.08081420005612e-07 7.92751763611932e-07 5.68206631967882e-07 3.69621653817376e-07 4.62494450204076e-07 1.32701672139746e-07 2.2806230015604e-07 2.14448490076791e-07 1.14963540465141e-07 1.68501718977865e-07 1.44787507849742e-07 1.84542320980086e-07 1.52161127608963e-07 1.30604788228794e-07 3.10181874074722e-08 1.37336533412302e-07 1.10950830001233e-07 1.16510064707143e-07 1.600689123471e-08 4.61167290133346e-08 1.08676719960954e-06 1.31323258090177e-07 1.2988425934779e-07 4.28201192193001e-07 9.60610915257121e-08 2.13784876335055e-07 8.65881050415851e-08 3.21929871649473e-08 8.93335422302854e-09 4.91876516406364e-07 2.5892614132772e-07 1.45988352695525e-07 3.37244835613149e-08 1.68830782598661e-07 1.80460899112944e-07 2.13728441877947e-07
7.29130613663642e-07 6.60991134182609e-07 8.26837904099875e-07 4.66784635122508e-07 4.86591646620127e-07 4.13164765333818e-07 1.13114423072602e-07 4.27882854836525e-07 5.74710679401846e-07 3.95577067813235e-07 3.80719318648914e-07 1.26733299854465e-07 5.44965799065267e-07 1.69087617507557e-07 2.74674684597187e-07 2.64272253147624e-07 2.49623925441256e-07 1.84744741105192e-07 1.46260397748676e-07 1.70255097398098e-07 1.51721114427517e-07 1.31926876623112e-07 1.52720766521952e-07 8.13577337055449e-08 1.1652660329986e-07 3.70899301049832e-08 3.74800899205496e-08 4.85520888382496e-08 1.70626044848632e-07 1.23753534198023e-08 1.10347757775742e-07 8.13741252514433e-07 9.46723919925674e-08 1.73429023142546e-07 4.57938483577891e-08 2.26403269110165e-07 4.04411060195287e-08 6.48789872492728e-08 7.86009966891044e-08 4.60917997768817e-08 1.21259884977576e-07 3.42605539493945e-07 8.54392258275993e-08 1.19611786719709e-07 1.11331888630328e-07
1.15656830814714e-06 8.64382300846955e-07 7.37315585652709e-07 1.15742054163093e-06 4.37482083270879e-07 5.64391013568866e-07 2.81618676467588e-07 7.16840231618221e-07 4.85819514040031e-07 6.21982186643777e-07 1.07601610181973e-06 8.8098263333336e-07 3.77239735271928e-07 4.54330114152413e-07 2.59307660144259e-07 1.91110026648289e-07 1.62882105492201e-07 2.63292048963137e-07 2.50955475600279e-07 2.12114392983409e-07 8.76074272682104e-08 8.44390049881127e-08 3.75858082435343e-07 6.7218946213643e-07 8.86707757885574e-08 6.12583243686515e-08 4.08073257407437e-08 5.41476835813626e-08 6.26273883419515e-08 2.12463513782346e-08 3.98595451756023e-08 1.34778127547364e-08 5.28521132858728e-08 1.85463443047595e-08 2.315776923556e-08 6.38607428271598e-08 3.40190078995661e-08 5.40366503098966e-08 9.91873154720935e-09 7.75414401132934e-08 4.82892512199129e-08 8.35146954258903e-08 2.72755064090191e-08 7.84866156511299e-08 5.07552921469312e-08
1.42959901268114e-06 1.06876846288628e-06 0.100301914550512 2.4589704327127e-05 7.25697451642304e-07 9.95181489571451e-07 7.80451487969458e-07 7.44699329402465e-07 6.65650853903799e-07 6.03540803822966e-07 3.23162505466712e-07 5.81437442193078e-07 7.54236174316247e-07 5.73352951249717e-07 3.10467767405953e-07 3.72346989685468e-07 2.41238794274068e-07 3.73673248788009e-07 4.61721999656106e-07 2.42915651593734e-07 2.07631501059069e-07 1.24769784726197e-07 7.65911759792459e-08 7.23517353584668e-08 8.99757134575907e-08 6.72304169668792e-08 6.3121846016756e-08 1.78742315060099e-08 2.57618190446784e-08 7.53010733767212e-08 3.34788806455322e-08 2.34563988454894e-08 6.32953568668881e-08 2.78565209677062e-08 5.30530665621143e-08 5.57371818477037e-08 3.67217278451903e-07 1.31942155534581e-08 1.75400605262332e-08 8.36142721283295e-08 1.35963943148631e-07 1.06369119778904e-07 2.27286848231145e-08 3.12284452297362e-08 5.39246799657889e-08
2.73263434337423e-05 1.11401804616662e-06 0.0102102984564581 1.05278016064858e-06 5.34978881816528e-07 8.4857860684906e-07 5.94785348440041e-07 1.11037220733579e-06 8.98713901165138e-07 1.11939595370814e-06 5.96720938972339e-07 1.29059079512217e-06 7.024178319881e-07 1.0083975830355e-06 6.23184839554369e-07 8.73572534487721e-07 9.37003504475342e-07 5.91109832370762e-07 1.62783991086712e-07 1.12530390650178e-07 4.29877371033172e-07 1.46913910725743e-06 1.62101104095314e-07 1.21075201686693e-07 7.10014014693172e-08 3.34211192409839e-07 5.20521080460412e-08 1.60078207400716e-07 2.92362446252525e-08 1.48407079736401e-08 1.77447755600468e-08 5.80657458115752e-08 9.05086375846409e-09 1.62045956986212e-08 1.00797625357529e-08 4.3149743911286e-08 2.19293315950608e-08 6.57941797488348e-08 4.10977617049113e-08 3.08718320907175e-08 2.95514940296115e-08 1.83611087933855e-07 3.86210580849422e-08 2.4780213569997e-08 1.71411757232676e-08
1.25556031917995e-06 1.24485611365799e-06 1.28241868537771e-06 1.59131702162085e-06 1.25811047766433e-06 1.69923585104925e-06 9.507303442291e-07 1.55106154835494e-06 1.05342011664789e-06 1.05778514623012e-06 1.66683994677896e-06 8.70008391729016e-07 7.92917639103052e-07 8.46015321087634e-07 8.18662135060322e-07 7.55661429252541e-07 8.64041610526556e-07 1.49916165170794e-07 7.80980332137915e-07 1.12175315658547e-07 3.05513474607722e-07 2.68370509814986e-07 3.18866861448441e-07 1.85579409262004e-07 1.1031466646827e-07 8.09966048009869e-08 7.81306190411613e-08 7.16382508869629e-08 9.09909321222813e-09 1.88976294612786e-08 8.38969506089526e-09 1.70762267770463e-08 5.80588602749899e-09 1.91303213936678e-08 2.34124668452296e-07 2.70753951525649e-07 1.76796084550013e-08 1.9169317884149e-07 5.59817476153412e-08 2.96821635936695e-08 2.95859236221219e-08 4.06304482947206e-08 5.75747903797108e-08 1.95606409070237e-08 5.52404162412756e-09
1.41516047378332e-06 1.64637487642949e-06 1.47501483027668e-06 8.07848512067721e-06 2.29046066806404e-06 1.26515049885256e-06 1.3111126357046e-06 1.31869406558849e-06 1.38915868035383e-06 1.15654438772594e-06 1.18312330386061e-06 1.86030179634145e-06 2.1085880945293e-06 1.11502234858563e-06 9.58464489286826e-07 1.03589199085263e-06 8.74440279119426e-07 3.93983240698503e-07 2.65491316753241e-07 2.17210905084642e-07 1.85621964554628e-07 5.23340236213699e-07 3.06362299795637e-07 2.92537779245094e-07 2.12747062633412e-07 1.04587328797479e-07 1.79544621659034e-07 1.73796865610143e-07 2.25849181578752e-08 4.02031828716787e-08 1.78085955204743e-08 3.75802943208825e-08 6.38514237039089e-08 1.41972949307956e-07 4.70495875148913e-08 1.30444180790334e-08 5.59586012194302e-08 1.99915860088495e-08 4.89557086869041e-08 3.17293979978928e-08 2.36519060781148e-08 1.31850617979268e-08 8.04447508162554e-08 1.69058207988293e-08 8.07783888667757e-08
