Maxent_result_files_1/Bombus_haematurus_3.asc
NCOLS 594 
NROWS 330 
XLLCORNER -15 
YLLCORNER 23 
CELLSIZE 0.166666666666667 
NODATA_value -9999 
[rows 300 to 319 of 330, columns 90 to 134 of 594]
5.06397442222806e-05 4.47411839559209e-05 5.62879671633709e-05 6.00637038587593e-05 6.09358557085216e-05 6.56044609968376e-05 6.65002557070693e-05 0.000146898700404563 0.0316757545078872 0.0526205093570752 0.108459030251834 0.124267382724793 9.95701859210385e-05 5.37944266397972e-05 5.12563594384119e-05 3.26545232383069e-05 4.37681695984793e-05 3.68479503777053e-05 5.0153504616901e-05 3.3395596756236e-05 4.23862547904719e-05 4.56212068456807e-05 6.11935338383773e-05 5.91815705774934e-05 5.72711242966761e-05 5.8224590793543e-05 5.60593838599743e-05 5.9040077849204e-05 6.02964598328981e-05 6.11053574175457e-05 6.03968223913398e-05 5.92468833019666e-05 5.73164402339899e-05 5.71169024624396e-05 5.62196031751228e-05 5.51855929188605e-05 5.4201029251999e-05 5.15629953042662e-05 5.17375197887304e-05 4.82417965031345e-05 4.83718229588703e-05 4.81916849821573e-05 4.92060909891734e-05 5.15062371960084e-05 5.41875228009303e-05
4.97942937727203e-05 5.14949884745874e-05 5.66654641261266e-05 5.84633067774121e-05 5.97023436057498e-05 6.39096160739427e-05 0.000102171524849837 0.00593297929735854 0.0219393986830255 0.028248717734823 0.042075460543856 0.00912336583569413 5.46428328561888e-05 5.05531815178983e-05 4.7755033847352e-05 4.78833925626532e-05 4.77570113616821e-05 4.73480240543722e-05 4.70331805445312e-05 6.23150812316453e-05 8.3914742936031e-05 6.30355207249522e-05 5.8847808122664e-05 5.68796740481048e-05 5.44876811545691e-05 5.41821707884083e-05 5.49828715520562e-05 5.60359820156009e-05 5.74832698475802e-05 5.89464837503328e-05 6.04357131123834e-05 5.9869039523619e-05 5.66072064430045e-05 5.6807042346918e-05 5.57858163119818e-05 5.60267660148384e-05 5.75776964069519e-05 5.30924354279705e-05 5.29385908521363e-05 5.11148219629831e-05 5.04751728840347e-05 5.07803661093931e-05 5.34564393092296e-05 5.44694377822452e-05 5.36125848157099e-05
4.85118938740925e-05 4.91973991302075e-05 5.22709167853463e-05 5.70752319617895e-05 5.76860576074978e-05 6.03046427386289e-05 6.2363186316361e-05 7.47036230677622e-05 8.568897483201e-05 0.000138597901604953 0.000146295787089912 5.86285176723322e-05 5.42931968993798e-05 4.73596216579608e-05 4.6850775652274e-05 4.61931593235931e-05 4.72894049380557e-05 4.6713357369299e-05 4.61845479549083e-05 4.80516365314543e-05 5.03592946188292e-05 5.1641238223965e-05 5.50803943951905e-05 5.43817860489071e-05 5.333251774573e-05 5.31612098711776e-05 5.61494403882534e-05 5.76868171265232e-05 5.70451533349114e-05 5.6838716409402e-05 5.90188563364791e-05 5.78932338612503e-05 5.73469616938382e-05 5.70001219784899e-05 5.66372124922054e-05 5.75996306906745e-05 5.84769517445238e-05 5.3944866067468e-05 5.26911547240161e-05 5.18025670317002e-05 5.01551142406242e-05 5.06700323967379e-05 5.28653686160396e-05 5.34137811882829e-05 5.3722526627098e-05
4.19370656345563e-05 4.16913740991731e-05 4.36755313785397e-05 4.77029230751214e-05 5.35011453393963e-05 5.84343884838745e-05 5.88487307140895e-05 6.35026493000623e-05 6.14678289821313e-05 6.04861686042568e-05 5.74619638427976e-05 5.41439322660153e-05 5.1771562993963e-05 4.63223079350428e-05 4.07666740102286e-05 4.08041208174836e-05 4.29578623879934e-05 4.33230475209712e-05 4.38045419286937e-05 4.49392590780917e-05 4.78360070701456e-05 4.85181292788184e-05 5.42642872460419e-05 5.42229601705913e-05 5.40273460501339e-05 5.48763767255878e-05 5.73401980545896e-05 5.72218373235955e-05 5.77183214772958e-05 5.70418210372736e-05 5.662531566486e-05 5.8906215326715e-05 5.79088483391388e-05 5.94994919993042e-05 5.79302827645733e-05 5.83823550186935e-05 5.89604473134386e-05 5.5611940115341e-05 5.4462157368107e-05 5.27494828020281e-05 5.31612098711776e-05 5.34760542905133e-05 5.37547169187746e-05 5.52511692148983e-05 5.7452630426269e-05
3.70423980712076e-05 3.745032236111e-05 3.7396753396024e-05 4.04176799747802e-05 4.50958889814501e-05 5.25911769727827e-05 5.74926354602212e-05 6.08646212640451e-05 6.15644806202908e-05 5.87769247431424e-05 5.70387636798841e-05 5.12560848619614e-05 4.90074502522475e-05 4.18195529164223e-05 4.65730046926183e-05 4.00607786104956e-05 4.18794694269309e-05 4.1994941784651e-05 4.1456860890321e-05 4.45895979282795e-05 4.91314994178538e-05 4.51152545792866e-05 4.87580689878087e-05 5.320139853211e-05 5.42106120519747e-05 5.69534108763037e-05 5.97019360611739e-05 5.93064116401365e-05 5.8666883251135e-05 5.84433482799795e-05 5.8029481988342e-05 5.82638876039709e-05 5.79478576582915e-05 5.78165459046431e-05 5.8291480763728e-05 5.81729642362916e-05 5.8286096646043e-05 5.58908540369885e-05 5.66497182262538e-05 5.78486637095921e-05 5.57379523343116e-05 5.6537997443229e-05 5.75419513552333e-05 5.90949602155888e-05 5.93540380577906e-05
3.64911867563933e-05 3.69323456652637e-05 3.7240816072881e-05 4.11484652431682e-05 4.19321265326289e-05 4.38281022979936e-05 5.13086804858176e-05 6.11230469985458e-05 6.14122631304781e-05 5.75275032133504e-05 5.44357806575135e-05 5.10945437781629e-05 4.80577315101982e-05 3.90324657018937e-05 3.78280480163085e-05 3.94977037103672e-05 4.10274934438348e-05 4.1318733474327e-05 4.09751242841594e-05 4.29144498411915e-05 4.54616589195211e-05 4.69535747470218e-05 5.01395317769493e-05 5.23216926012537e-05 5.36630766873714e-05 5.73877025090042e-05 6.05725794230239e-05 6.10423930083925e-05 6.07076543019502e-05 6.02836981670407e-05 5.98808841459686e-05 5.97563871451712e-05 5.77693401282886e-05 5.75696176383644e-05 5.79236799239879e-05 6.00014859628573e-05 6.03492641857883e-05 6.11443340858386e-05 6.0965927059442e-05 6.11093993938994e-05 5.87509875003889e-05 6.1422511771525e-05 5.75295090129657e-05 5.86593907428323e-05 5.95363948377781e-05
3.43993814567511e-05 3.58917772246059e-05 3.60714147063845e-05 3.95893199311104e-05 4.13233971812588e-05 4.00012218051415e-05 5.18283791279828e-05 5.50669044059759e-05 5.5890376734169e-05 5.51104352780385e-05 5.2734320070158e-05 4.50990672106855e-05 4.78090529213659e-05 4.37566840446379e-05 3.83189392323402e-05 3.82265040570928e-05 3.88559626571805e-05 3.85332478799683e-05 4.10517785894626e-05 4.19955828874663e-05 4.40517936112883e-05 4.91208383209596e-05 5.28800243955629e-05 5.35878933078493e-05 5.45805235560692e-05 5.67756951568299e-05 6.02563775828457e-05 6.11489689617883e-05 6.18625282186258e-05 6.17781994151301e-05 6.27273875579704e-05 6.1025051127217e-05 3.18140223043883e-05 6.01300798734883e-05 5.84854177759553e-05 6.38851416624675e-05 6.13719725151896e-05 6.29812329862034e-05 6.31440979304898e-05 6.23108823674556e-05 6.04802573434426e-05 6.1470111086237e-05 6.10576135841256e-05 5.7642661704449e-05 6.13378777416074e-05
3.80224276341323e-05 4.57051869489078e-05 3.40961188157962e-05 3.67273744359409e-05 3.75593684566411e-05 3.92899551570736e-05 4.41350342953228e-05 5.07838940393412e-05 5.23297950167034e-05 5.4563812136621e-05 5.00504212141095e-05 4.40544989032787e-05 4.31864588790631e-05 4.36406440712744e-05 4.31150570875616e-05 4.06787485189852e-05 3.96901981275732e-05 4.06086847306142e-05 4.08962069286645e-05 4.22732387960423e-05 4.32447871389741e-05 4.72540170449065e-05 5.35550582753785e-05 5.45943243196234e-05 5.54968785763776e-05 5.87184518735739e-05 5.86350517551182e-05 5.8577465279086e-05 6.00621434386994e-05 6.09005135629559e-05 3.28386671753833e-05 6.37546335383377e-05 4.56971998573863e-05 6.38590398921224e-05 7.14079113095067e-05 7.37791171559365e-05 6.3528092141496e-05 6.18308873526985e-05 6.36223312540096e-05 6.40685850157752e-05 6.90218841555179e-05 6.3625176971982e-05 6.02427247031301e-05 6.43530058368924e-05 5.906162359679e-05
2.74312179953995e-05 3.07674739815411e-05 3.45999671480968e-05 3.63792903954163e-05 3.86201511446416e-05 4.0843528449841e-05 4.23464609866642e-05 4.40944531419518e-05 4.371153190732e-05 4.81485597447318e-05 4.80872959997214e-05 4.56066209153505e-05 4.1389556690774e-05 4.28365594871138e-05 4.29860048370756e-05 4.06243585985067e-05 4.06531006774458e-05 4.12797904573381e-05 4.23715631313826e-05 4.62998023067485e-05 4.58673806861043e-05 4.72902035653533e-05 5.05078633977973e-05 5.06107307955972e-05 5.18347744218772e-05 5.32882135303225e-05 5.53847958144615e-05 5.54844691578182e-05 6.28209023489035e-05 8.71690321218921e-05 5.57790356651822e-05 6.49234442789748e-05 6.91391803229635e-05 7.48636820389947e-05 8.57420936881681e-05 8.03581511718221e-05 6.57756061627879e-05 6.32196807600849e-05 6.16981511484482e-05 6.58839349853224e-05 7.37649563234299e-05 6.69108561851317e-05 6.35283216070093e-05 5.09330938257335e-05 5.73845770304615e-05
3.32553985572304e-05 3.53073091446277e-05 3.63420813755511e-05 3.84827043944824e-05 4.11845391681709e-05 4.11823144077061e-05 3.97583597077755e-05 4.16040724758204e-05 4.40689876086253e-05 4.51197185157071e-05 4.6118432737785e-05 4.6541631945729e-05 4.2666684021242e-05 4.03972560889088e-05 4.43542991433787e-05 4.4408102030502e-05 4.42511505298171e-05 4.48939316811447e-05 4.56943527751719e-05 4.59302096714964e-05 4.6521112199116e-05 5.3734418725071e-05 5.02588990457298e-05 5.025804584875e-05 4.98689319101686e-05 5.21647777532053e-05 5.27484437952808e-05 5.48008310033765e-05 6.15377075519064e-05 6.88761650053493e-05 6.69837620989711e-05 6.58322329400107e-05 6.02976984737325e-05 8.55592257721582e-05 8.64470923261251e-05 7.88047620517318e-05 6.99016835824295e-05 6.33981112514448e-05 6.68425642288639e-05 5.8290916695114e-05 6.9250176056812e-05 6.76449220918585e-05 6.93230109391152e-05 4.05602966566221e-05 6.17868053268467e-05
3.4788359198501e-05 3.78204515072866e-05 3.98823911382351e-05 4.16243247400416e-05 4.1668145740914e-05 4.37083900578727e-05 4.41870683516754e-05 4.50070432634675e-05 4.56426353593997e-05 4.44105362021219e-05 4.40685821558873e-05 4.50288978299795e-05 4.49644049695053e-05 4.15834090745193e-05 4.25786972300557e-05 4.46521195044625e-05 4.48612302079709e-05 4.86158924104529e-05 4.95229513035156e-05 4.87329806674097e-05 4.81944146486057e-05 5.55013932171278e-05 5.43372439096856e-05 5.17837590450654e-05 5.17255865815969e-05 5.25952585121558e-05 5.34081558726029e-05 4.17204016684991e-05 4.37096999121422e-05 7.26423320884351e-05 6.3858798603178e-05 6.55319349789352e-05 5.08283611452498e-05 9.4054059991322e-05 9.29995096157654e-05 9.30156445974717e-05 8.88123295226251e-05 6.8342834674695e-05 7.49309452658053e-05 6.88269347847381e-05 6.39477557342616e-05 6.34883976999845e-05 6.29502318588493e-05 3.87959596537257e-05 9.54645507590612e-05
4.43109562183963e-05 4.38637903243944e-05 4.60517132523819e-05 4.60653481241025e-05 4.57711347280565e-05 4.52074792065105e-05 4.46573195858946e-05 4.57427790024667e-05 4.57518375242216e-05 4.54652885764517e-05 4.40974874891253e-05 4.45671827947081e-05 5.11518254825205e-05 5.18990195814695e-05 4.92495118578518e-05 4.79408109640644e-05 4.7832427708272e-05 4.96918417411507e-05 5.04950784488756e-05 4.81313356431201e-05 4.70185825179215e-05 5.80779091251316e-05 5.83339046897891e-05 5.11067188199377e-05 5.37434667421621e-05 5.66517093830043e-05 6.80013177770888e-05 8.64746003571781e-05 7.10298967533163e-05 4.53567242402642e-05 6.78201397931844e-05 6.95916454787948e-05 8.18285718196421e-05 7.03845367752365e-05 7.98003906311351e-05 9.51154856011272e-05 9.22594979783753e-05 8.8940446403285e-05 6.21758515080728e-05 6.56692187476437e-05 6.24208943918347e-05 6.37967369584658e-05 5.31499602402619e-05 4.79226781862963e-05 4.80300779599929e-05
4.61471814105607e-05 4.73355040412571e-05 4.75090188956528e-05 4.71453369755182e-05 4.74042299629218e-05 4.56065684829809e-05 4.41106607013353e-05 4.32684387760673e-05 4.60353913695144e-05 4.43969147909229e-05 4.43618448116467e-05 4.81126216982375e-05 5.54991390345094e-05 5.95597893152444e-05 6.1706657470495e-05 5.54503345483681e-05 5.32467687662574e-05 5.11176428517501e-05 4.98943464663171e-05 4.85429385207681e-05 5.09450597292016e-05 6.03696710641088e-05 7.58331070755958e-05 5.58487730813795e-05 5.75793942516611e-05 7.81995069701225e-05 7.86567468821886e-05 6.06803384471277e-05 7.97840039012954e-05 5.45697542293055e-05 8.09432647656649e-05 7.30341833332204e-05 8.66853815750801e-05 5.4298124723573e-05 5.60759317522752e-05 4.84124544527731e-05 4.4783843713958e-05 7.84206848038593e-05 5.45606234481966e-05 8.73741757459356e-05 8.71748885401757e-05 8.68920844368404e-05 4.36354634985037e-05 8.10782048574765e-05 7.56419180106605e-05
4.44239500211552e-05 4.64726487734879e-05 4.65914926280675e-05 4.52739653610479e-05 4.38957647929783e-05 4.46450229446782e-05 4.36014748629532e-05 4.22102796619583e-05 4.53157631454815e-05 4.50227357760014e-05 4.74773866699252e-05 4.86377428842388e-05 5.22274231116171e-05 5.9198521739745e-05 6.01151589762594e-05 6.13695491665567e-05 5.97661169194907e-05 5.9902473094553e-05 5.52676314327982e-05 5.7935178574553e-05 6.07432704782696e-05 5.9128010434506e-05 7.94032588601112e-05 7.05907070368994e-05 6.97307266818825e-05 8.92923562787473e-05 7.26699889128213e-05 5.62236175028374e-05 8.83433860508376e-05 3.26211393712583e-05 3.53904481926293e-05 2.15991759660028e-05 5.07202839798992e-05 4.33556161624438e-05 4.43548316070519e-05 4.65614520180679e-05 5.89326778026589e-05 6.29303282039473e-05 5.44190922482812e-05 5.16102955771203e-05 8.12729867902817e-05 7.73614117861143e-05 7.64701318985317e-05 7.89819543570047e-05 7.64105199777987e-05
4.28022173764475e-05 4.51060872364906e-05 4.5273547357283e-05 4.43035220996535e-05 4.23404595494503e-05 4.18297110172716e-05 4.17379991176858e-05 4.17222008309182e-05 4.69811196580849e-05 4.61059810731967e-05 4.6113781263557e-05 4.67146440769284e-05 4.82486052533204e-05 5.68916698284738e-05 5.83983207434358e-05 5.86939030654321e-05 5.83782148169121e-05 5.84240220632637e-05 5.57101006961602e-05 6.08563862442679e-05 5.79391958126507e-05 5.33814825757872e-05 7.18918692655279e-05 5.80094789256691e-05 6.25969936663751e-05 5.79599468437664e-05 4.7924906721164e-05 7.37395608666702e-05 5.45009809684416e-05 4.02733890041418e-05 3.32504016114399e-05 2.68684525053686e-05 5.30007316228875e-05 4.51977156444627e-05 5.56941970899061e-05 5.16167977366422e-05 3.43946918292204e-05 5.42567427146423e-05 5.4146546881384e-05 7.10887194145471e-05 7.99598225057707e-05 5.99144624175096e-05 7.59429125537281e-05 7.27902726794127e-05 7.30065497918986e-05
3.9769891236574e-05 4.38577259956219e-05 4.51049996172514e-05 4.81832830246276e-05 4.50932262538117e-05 4.80493458780984e-05 5.18228353030281e-05 4.49034204848431e-05 5.05390876696765e-05 4.81230221339501e-05 4.42849864612072e-05 4.55994716048735e-05 4.67632098661852e-05 5.58998946871725e-05 5.45642187717021e-05 5.9522243009269e-05 5.45546537978225e-05 5.47071733308258e-05 5.54508202185389e-05 6.25048000983952e-05 5.87328442634316e-05 5.76567096686631e-05 6.77863810778945e-05 4.28928176916088e-05 6.40241751170834e-05 3.7069241534482e-05 5.51573655684479e-05 5.46023788956518e-05 4.08719506594935e-05 4.28441812800884e-05 4.74711290735286e-05 3.77036289137322e-05 4.91589126795589e-05 4.97970308970253e-05 2.58194919297239e-05 4.1707917353051e-05 3.89387690120202e-05 4.27501177910017e-05 4.38098285485466e-05 4.83994596834236e-05 7.77649687734083e-05 7.6916609032196e-05 7.8391768875008e-05 7.64631728088716e-05 7.81203092628857e-05
4.21597550484876e-05 4.73678859179927e-05 5.10308582306607e-05 5.12341264766292e-05 5.03022312841495e-05 5.28495555045083e-05 5.67107936149114e-05 5.11415378696256e-05 5.07676896631892e-05 5.24384363416175e-05 4.96272351938387e-05 4.71647091217164e-05 4.65405989416468e-05 3.43966517903027e-05 5.05875847920834e-05 4.76102879474638e-05 5.177805742278e-05 5.45080156371114e-05 5.56557846721262e-05 4.49122818281467e-05 2.87193047370238e-05 5.93433976973756e-05 5.78580778892501e-05 4.8640542809153e-05 4.36857656495704e-05 7.03299199813046e-05 4.19231981140911e-05 3.22683839840465e-05 4.0233919662569e-05 5.47171600373986e-05 5.99176076320873e-05 4.3454963088152e-05 4.96219311571622e-05 4.91038405925792e-05 4.7223396722984e-05 2.9946662925795e-05 4.54602433819673e-05 4.07628221182676e-05 4.6909019783925e-05 5.89439731811581e-05 7.11942266207188e-05 7.65281989515643e-05 7.53906013414962e-05 7.08493793354137e-05 7.49202181395958e-05
4.31590778134705e-05 4.89170133278094e-05 5.00005352023436e-05 4.89648616621707e-05 4.81554806810891e-05 4.79674148209597e-05 4.84248844713875e-05 4.74531270356238e-05 4.76963642086048e-05 5.06526761455461e-05 4.83448183786095e-05 4.61535340036789e-05 4.77063825201185e-05 4.68670119971648e-05 5.39796639714041e-05 4.99369996759924e-05 5.07934267261589e-05 2.45050849116524e-05 5.16063446411863e-05 5.34738465830742e-05 5.41127053111268e-05 5.28530669726024e-05 5.14211417794286e-05 2.12489211207867e-05 3.03909413560177e-05 3.51894897903549e-05 3.45153281159583e-05 4.70239539026807e-05 5.65092324904981e-05 5.76019064283173e-05 4.73945076009841e-05 5.28564223714056e-05 4.18113786508911e-05 4.06552176173136e-05 2.56197665294167e-05 3.61019001502427e-05 1.81358018835454e-05 4.49554650003847e-05 7.23021295925719e-05 7.07959727151319e-05 6.87625766659039e-05 6.66301624733023e-05 6.36685883364407e-05 7.17752114724135e-05 7.53193446143996e-05
4.27012319050846e-05 4.32833709510305e-05 4.5731935870208e-05 4.37175053775718e-05 4.3061131509603e-05 4.07134552006028e-05 4.22396676640346e-05 4.18338144754671e-05 4.13079244935943e-05 4.73078476716182e-05 4.69728583993856e-05 4.05932490593841e-05 3.70329184988805e-05 4.10927801112848e-05 4.4362394419295e-05 4.3339080093574e-05 3.40417393999814e-05 2.13024983395371e-05 2.50079192255726e-05 4.44807674284675e-05 4.70709574074135e-05 4.57480302884505e-05 4.87943133521185e-05 2.1007847317378e-05 5.04872474266449e-05 5.23245900694747e-05 5.17742921147146e-05 5.70743158277764e-05 5.70570337004028e-05 5.4518132492376e-05 3.33041967223835e-05 3.16552956974192e-05 4.2700974336185e-05 5.48970190720865e-05 5.40119321158272e-05 4.78434902106528e-05 6.46722521196352e-05 6.29147079052927e-05 6.40954312075337e-05 6.42114788206527e-05 6.59350094792899e-05 6.30276055744616e-05 6.89224867528537e-05 7.32316790163168e-05 6.86208413753775e-05
3.84061298063898e-05 3.78454972633335e-05 4.10068614201009e-05 4.07014581014664e-05 4.04405478548142e-05 3.80252888589894e-05 3.72524068552593e-05 3.78875779460941e-05 3.99849413952325e-05 3.95712238969281e-05 3.86062969482737e-05 3.72032093309826e-05 3.84036426567036e-05 3.81516575544083e-05 3.89708035072545e-05 3.65176718332805e-05 9.55766023253091e-05 4.05390325340704e-05 2.78587056072865e-05 3.82518157039158e-05 4.06471585847612e-05 4.21530235144019e-05 3.59449395546108e-05 3.84337987270555e-05 5.62232114134531e-05 3.96951503262244e-05 6.10674894232943e-05 6.34977501249523e-05 6.13535406955634e-05 6.4253096934408e-05 6.37879769783467e-05 5.34010707269772e-05 4.75682909382158e-05 3.11845487431128e-05 2.69568653948227e-05 5.99278727349883e-05 2.70368671863253e-05 5.81628295549308e-05 5.95066663663602e-05 5.74191935811541e-05 5.69570733205182e-05 5.72834996091842e-05 5.72261243178218e-05 6.0978383589827e-05 5.57688244953169e-05
