Maxent_result_files_1/Bombus_sulfureus_2.asc
NCOLS 594 
NROWS 330 
XLLCORNER -15 
YLLCORNER 23 
CELLSIZE 0.166666666666667 
NODATA_value -9999 
[rows 100 to 119 of 330, columns 315 to 359 of 594]
0.00301157501289708 0.00298278799346008 0.00329937051337765 0.00372821897035465 0.00358352027687943 0.00455291482667235 0.00192878713132814 0.0363625635392964 0.00676415022026049 0.00243153114242887 0.00246894203119155 0.00234583558112718 0.0020627467815757 0.00252411693054455 0.00324446545264436 0.0020524370925159 0.00171359451669559 0.00260572919805782 0.00191267748659811 0.00194286241367081 0.00193145841876685 0.00196414430974983 0.00318606854325481 0.00298599057514366 0.00226580697244572 0.00275068032660784 0.00293858583518158 0.00309709316488806 0.0020223506315233 0.00159330766309722 0.00186499869196268 0.00314180371096882 0.00216734477135105 0.00476105788075074 0.00350832251006068 0.00350045318882621 0.00282710880346713 0.00349375203186355 0.0034395834458337 0.00328649733255588 0.0033568135853784 0.00326122224123537 0.00317433987975164 0.00259328455867944 0.00381247271307075
0.00382559864228824 0.00324378629084094 0.00378127866551949 0.00347621644614264 0.00362435696915782 0.00526496762795432 0.00516468419591547 0.00551475926622516 0.00687584856059402 0.00301580010782345 0.00262676399361226 0.00378164111052683 0.00214266450484502 0.00299693394426868 0.00157047606871856 0.00208709853177425 0.00145907484538839 0.00140396345664158 0.00186230534354763 0.00186069835453964 0.00191703178352327 0.00201647615704132 0.00293839199475769 0.00237554611844644 0.00231916091506719 0.0034379889630145 0.00228162026569407 0.00151774640762596 0.00292363112530438 0.00301015239674598 0.00191402111940988 0.00216866799246418 0.00201700687184712 0.00216762355157698 0.00260794339046697 0.00281812576558877 0.00306177468919486 0.00232697540186564 0.00330300180903578 0.00335930954624928 0.00336009649017797 0.00314176422270975 0.0030324389850648 0.00283367645170074 0.00260399885391962
0.00415108269189659 0.0042045127847814 0.00389973715246015 0.00371878218356869 0.00406654862435971 0.00553258521485986 0.0121141878633352 0.00435606086757616 0.00394719880496268 0.00543252718634903 0.00420101393538061 0.00371737334526188 0.00771506448909349 0.002173714867331 0.00197206907087093 0.00240816981258831 0.00258716422094949 0.00219239489206302 0.00151610709472152 0.00149974961736916 0.00196655240179098 0.00303958685053658 0.00234125276620034 0.00246748698082229 0.00257464215501386 0.00261458189561381 0.00391176219400222 0.00220971073540568 0.00300232021018019 0.00278666202939348 0.00189464505347132 0.00204253485062509 0.00198723422590774 0.00143159270901378 0.00291060334202484 0.00403981643285078 0.00337153664986545 0.00308113693372434 0.00328338675426494 0.00316123900356615 0.0031108885368667 0.00335030287060363 0.00298821984324604 0.00300706713114778 0.00204129174971968
0.00407565006462391 0.00472597422412946 0.00658123146549769 0.00439675257621275 0.00491050183700281 0.006764470039343 0.00620890965728904 0.00404305072406714 0.0156350048724562 0.0121404442004859 0.0046800149630144 0.00420597965949128 0.00496605998669111 0.0033382644482117 0.00448248440407042 0.002709683620742 0.00186272456794541 0.00171397244430409 0.00236888255694794 0.00337954969381826 0.00341190992676275 0.00320751773306256 0.00246831336517062 0.00234620503470069 0.00314635176382581 0.00320118160598213 0.00343354722008371 0.00101210248467396 0.00195487874825631 0.00194334005809651 0.00275582903586837 0.00403788103867555 0.00213113213358156 0.00271191072442889 0.00381889519958349 0.0031755988518853 0.00313302816521173 0.0035977167854071 0.00324502256480628 0.00304404367361712 0.00427137293918349 0.00209746226291827 0.00272278586453467 0.00293564407002123 0.00301832249770086
0.0047595582818758 0.00481639033096144 0.00484051382336474 0.00783131938314909 0.00556632705047377 0.0107178338716039 0.00438187937343173 0.0112925977700797 0.0144589089788497 0.0512635631486773 0.00515931994887069 0.0042381639676023 0.00369421868526842 0.00430985162274737 0.00484775736840675 0.00286391895806446 0.00339268792995426 0.00269466073968942 0.00330912074568914 0.00258426115196926 0.00178014206603621 0.00365638046623644 0.00179541356628761 0.00239969602789643 0.00252493260923075 0.00236552202077291 0.00241188007239543 0.00388357384108531 0.00289562961825141 0.00273012100387859 0.00364268086286756 0.00404121444425982 0.00298273853968567 0.00414954021925951 0.0020507212037046 0.00327756783481163 0.00161215149164491 0.00185292964561086 0.00306255972773215 0.00437990385162266 0.00475616175281175 0.00217233422727077 0.00216994123402401 0.00350027006643359 0.00283632410537393
0.0117510866490193 0.0113368417645688 0.0052302649426565 0.00507935577461467 0.0054968830461803 0.00565182442878722 0.00836647635733243 0.0086760539568786 0.0117851670482196 0.012061904836446 0.00558135668907198 0.00685848845459986 0.0032707671521166 0.00423773596285173 0.00341163269404206 0.00362926782381692 0.00306331415777095 0.00199397714950464 0.00271130046003236 0.00278087706828956 0.00244164576697585 0.00262546685698908 0.0026047435358123 0.00267680369270238 0.00268449934374075 0.00156059244000062 0.00271687925423976 0.00260016077463661 0.0025293876105934 0.00249798856639245 0.00180230070845937 0.00272499436141516 0.00264808023748628 0.00353231330082053 0.00239045964581237 0.00368659128180298 0.00118235135887517 0.00414532596769277 0.00383607454205048 0.00272169152813149 0.00416323945701151 0.00296197115112591 0.0028264932172533 0.0027999817935779 0.00273224356278661
0.0971803909167647 0.102599216252565 0.120724011212587 0.00858521801783354 0.00563230890147679 0.00855217475291283 0.00702382175841194 0.0094401193135127 0.0222424811916426 0.00520346545235952 0.00645229836700309 0.00823795724281808 0.00645248059372534 0.0047219702079019 0.0056903834836703 0.00458347548483289 0.00467733516925364 0.00318547560946172 0.00445500396417628 0.00286721950251376 0.00372176810997189 0.00375119928030472 0.00269890297513484 0.00261444401567132 0.00328336915390537 0.00258394217380555 0.00253344831016875 0.00193288538575871 0.00327709194061754 0.00370358143918565 0.00181160753850236 0.00260341422163037 0.00267910884722369 0.00282483962091646 0.00300679643441981 0.00295995092910744 0.00292240114558808 0.00401451457910298 0.00291902376411599 0.00385093705626787 0.00417028765295981 0.00180834908715042 0.00313510198448057 0.00310490149640827 0.00304033791690017
0.0950576197355986 0.245493403077126 0.107418814301491 0.00943162155163009 0.00588239158169017 0.0085156331428152 0.00741319425906113 0.00725041007390246 0.00819237480463926 0.00987853820915916 0.00825654775326257 0.00883476789458655 0.00743462079262827 0.00674834678793559 0.00436444400420441 0.00448390275523707 0.00427121377215371 0.00376140162461525 0.00408777185330109 0.00357170813367702 0.00374833896912605 0.00270698629637991 0.00273484191238822 0.00359636162029346 0.00225489383192325 0.00350505836522643 0.00248226506264473 0.00253566633673472 0.0036421152533876 0.00303450780811545 0.00256349257979309 0.0032120932948601 0.00234536326443049 0.0036542068424751 0.00272696673855535 0.00266359425258997 0.0029008987798079 0.00287218125668005 0.00307949316011218 0.00298344290149544 0.0030755606954699 0.00376060239068465 0.0038844779250212 0.00452691580212559 0.00289666716307693
0.00898357160040177 0.0103292731793772 0.0130023761448683 0.0153031871130224 0.0126581442716997 0.00613681673567044 0.00939364732112153 0.00604208690056112 0.00889594888358261 0.00698374272760702 0.00397405107069062 0.00779226912127342 0.00762587453791639 0.00708630822045961 0.00688771492532396 0.00403150850015663 0.00520641396396968 0.00437327642321179 0.00490949873747013 0.00474729078941891 0.00298390471889434 0.00356753202086111 0.00307126765255816 0.00238750087301014 0.00349323793143412 0.00255462480490678 0.00259299954777816 0.00255566790274315 0.00305678571694443 0.00287287295013812 0.0032693202372684 0.00305010364754708 0.00239260837970505 0.00259469024786085 0.00205794528610568 0.00401352846893133 0.00290017430852458 0.00411372495891555 0.00314077375551278 0.00303365695326647 0.00343739068557625 0.00354442629113692 0.00249120847402082 0.0040925247449195 0.00356785511539783
0.00679467438458232 0.00936879851215053 0.0110944766420289 0.0109110152261565 0.00861981223206385 0.0163727484294213 0.0236139982007444 0.00875513781356858 0.00903102897500503 0.0130986934178509 0.0375211821869016 0.0243708532303572 0.00941379625874106 0.00637361579792923 0.00592706545066903 0.00592676003325323 0.00394289018331619 0.00530719717826287 0.00488923124503344 0.00317952060304378 0.00279521898410167 0.00298722155275755 0.00297403964686964 0.00283101887289376 0.00283019428679836 0.00268390163819276 0.00313894655955664 0.00286629409965826 0.00243932419452904 0.00221879478540359 0.00227619150082319 0.00293570414141868 0.00261653205052426 0.0037951622321998 0.00285497585209669 0.00289315715635894 0.00406560403480398 0.00294131666832982 0.00302939578432415 0.00306288589708856 0.00371943739773997 0.00492356399772689 0.00321736764144589 0.00313007133499923 0.00297189016400807
0.00804817182324769 0.00905942138560931 0.0105921767302789 0.00828594506456284 0.00605773499664792 0.0118347355222795 0.0103373900579754 0.00597676042525563 0.00870239527284866 0.0108528010379814 0.00404476387484465 0.0135204008314759 0.0748370472341776 0.0118148969544563 0.00395680417132098 0.00595596114580985 0.00568402238386625 0.00474911200035422 0.00446248504340474 0.00441416626636055 0.00186669983595493 0.00333895200128609 0.00313227017359168 0.00336787713822559 0.00317309237943846 0.0034759297474011 0.00259017299358675 0.00461554077919573 0.00471530878276099 0.00313764201528102 0.00321748062924598 0.00347780434694869 0.00269346639888681 0.00284612223731529 0.00289488155121944 0.00295948381572089 0.00305469097402238 0.00335091664455831 0.00315500380966114 0.00315779435513832 0.00313650872758444 0.00347046897968539 0.00324946682922018 0.00302738192294782 0.00307543621001969
0.00646960506855976 0.00620600390466279 0.0032677052935469 0.00555093163711717 0.00701880607339263 0.00577881485660328 0.00146679266617866 0.0054043792115408 0.0093438155570766 0.00898355941462796 0.00635601397079881 0.00532811790617416 0.000122153964912286 0.00122510484652594 0.003798535423266 0.00548602449271129 0.006503582278674 0.00583482928414014 0.00461322847222618 0.00301371571677009 0.00390471221835469 0.00407395723868831 0.00289778243168257 0.00280594306132116 0.0031739679070597 0.00393520465004258 0.00410795545030851 0.00367772898753174 0.00236596966715297 0.00239098574238596 0.00292196806003631 0.0032171780403587 0.00406331634458184 0.00273817153611162 0.0028369550818752 0.00288482609739731 0.00307144022899593 0.00322236912270455 0.00311976305183634 0.00318301954866911 0.00316824280853325 0.00322576321268571 0.00315706830770068 0.00303120081825909 0.00320323225951142
0.000584911221267248 8.78136510436889e-05 0.00263115215202561 0.00359794790128944 0.00136933040630538 0.00437680986942723 3.43158251212117e-05 0.00656821911834413 0.00836381419976533 0.00611128087657562 0.00869738432811573 0.00673099624327733 0.0011455309795565 2.28124721814993e-05 0.000684234824620944 0.0110672404516663 0.00363873792812228 0.00532249703792331 0.00380245398519037 0.00206669543913449 0.00276798228514963 0.00294489035804872 0.00266319257680152 0.00269550682878616 0.00244145426095201 0.00239877534786501 0.00232205087741022 0.0028957177146367 0.00222969208316499 0.00224291749491385 0.00352250868400006 0.00248816742769122 0.00274622768210975 0.00291628806171502 0.00295259435879416 0.00412692728696129 0.00466869134343142 0.00322272209559742 0.0035175731205527 0.00345444619215414 0.00326588171064941 0.00356988311232271 0.00315592550778092 0.0030504395142998 0.00314049347889522
0.00081615322314974 0.0234863012563437 0.0108200945658609 0.00128322651726194 0.00356933449656935 0.00435594427908654 0.0047250963303668 0.00205555328648188 0.00398331547330599 0.00689703269890742 0.00830738679142087 0.00738335541755077 0.00663334653363563 0.00510535921785049 0.00292544961921521 0.00172239005478332 0.000376072902145097 0.00356399274314754 0.00510237031630822 0.00313029763183295 0.00415322203807591 0.002678671798094 0.0024371079132834 0.00242543152962753 0.00236388205557887 0.00232341986265965 0.00235977838256076 0.00235241661812324 0.00284603012569278 0.0024478317654939 0.00303945655468851 0.0024298893107698 0.0025869654973576 0.00280072430323344 0.00411692297111585 0.00303290439806005 0.00338309153630689 0.00337011939591321 0.00317184676259785 0.00318641956691863 0.00324405727587873 0.00343734325469995 0.00338832972611272 0.0031743432597068 0.00296707782799785
0.00341649754118407 0.0046357878629351 0.014736015861854 0.0316250616684556 0.000389298259688076 0.00385796953341924 0.00169169163236802 0.00578400052145298 0.00647174991318025 0.00661160731651762 0.00664471694908571 0.00676384375256021 0.00704918283081497 0.00638079594573355 0.00561768793995725 0.00458005322507233 0.00327613968693186 0.00482316006891779 0.00302846292834147 0.00308789802766114 0.00361534121966542 0.00317479519871995 0.00333724208630883 0.00311153738512075 0.00223434777344664 0.00224019564830087 0.00330316920553742 0.00326482157634018 0.00233698666834243 0.00348418015710195 0.0032729203474446 0.00371563711742056 0.00272622229185799 0.0027308192647979 0.00316853769927548 0.00342409768163634 0.00343811571237893 0.00342547824366193 0.00350199817821704 0.00318548085397197 0.00422899953700835 0.00537025275043561 0.00344655817079911 0.00326188474682567 0.00302772121649468
0.00565809735853691 0.00669553783081938 0.00247482640079397 0.0187403271906078 0.051825956441462 0.00881429468281567 0.00452389930433128 0.00575140337459743 0.00429329115977453 0.0060278796536295 0.00255265182204312 0.000672442474751733 0.000316496410960099 0.00547695440473035 0.00471060180934728 0.00567956414561195 0.00477820827545656 0.00482273725792766 0.00348248486097873 0.00410185627697501 0.00228111013821035 0.00232210274625686 0.00319643907023419 0.00331015662031859 0.00320001673608203 0.00291707339856657 0.00303431069787621 0.00345062608848821 0.00242234637462388 0.00336293002310413 0.00502649038680829 0.00340882978089212 0.0036553433710651 0.00409360353532975 0.00317479054920113 0.00494839092498296 0.00345011492881895 0.00342254923361907 0.00350514272031432 0.00370194213173818 0.00353084116359241 0.00448055793804087 0.00413024906865758 0.00445096648345498 0.00389250079315389
0.00692552222171798 0.0121075078845024 0.0093684982159175 0.0128924597986043 0.12234108299017 0.120519100874662 0.044959194585681 0.00839683038648218 0.00594868555563153 0.00498502735717921 0.00536071914975764 0.00523838513327064 0.00206821415558807 0.00199666067128419 0.00559081159990456 0.00496777608605044 0.0046807156293653 0.00483990670581988 0.00305280937482166 0.0027680083643645 0.00269139801330311 0.00250748305807065 0.00289904665587528 0.0019420543598244 0.00294872605300043 0.00286233705719496 0.0026757244955661 0.00281551273074001 0.00322014015346213 0.00319473150029808 0.00354392348999681 0.00247895855573006 0.00269624900156487 0.00284183611292974 0.00320176500244997 0.00462985959366051 0.00494272127780278 0.00349009189649223 0.00329447498297668 0.00459898121607694 0.00343500932922325 0.00318876797264238 0.00419493409772258 0.00325271893889294 0.00364401306178479
0.00230694641140872 0.0261812465265393 0.0472830555401742 0.0680269861593843 0.0683870380744338 0.12464654892683 0.126704153418541 0.128286374360323 0.0419751925393939 0.0022301263648842 0.00170309555323911 0.00456408076788648 0.00514208800159395 0.0055254500832234 0.00487364553337102 0.00520319978022599 0.00428236488369294 0.00390808668089448 0.00425616460670426 0.00331045018392615 0.00302239552875108 0.00324013229474076 0.000225498717190931 0.000297085733473068 0.00383106174522254 0.00253120502366073 0.000334507895968272 0.00132834909163648 0.00182372543495148 0.0037170094816247 0.00287497517674638 0.00238972062616085 0.00343723312325892 0.00387166346627055 0.00410669513057655 0.0041005989893165 0.00343632856092881 0.00325934924367175 0.00315564205302508 0.00296153198542015 0.00317018125751929 0.00303697900762927 0.00422243546090613 0.00135327983407478 0.00312702643441298
0.00464720311720157 0.000943234918668168 0.000733294880774338 0.0151530941482633 0.0382460217922926 0.047709271684289 0.0456885352730751 0.044454968161881 0.00432597543112934 0.00438592018690542 0.00435895648333826 0.00525056496881007 0.00335413256034371 0.00425602716022695 0.0047181062749587 0.00394534848564945 0.00428598048165441 0.00451845999377838 0.00394936319462431 0.00308772988391866 0.000778305505082244 0.0030185043831807 0.00158356334504788 0.00211780538556923 0.00132756481580145 0.00013881088780181 0.00104690914777166 0.00114012841622753 0.00276368764079962 0.00318599302572693 0.00322217478314997 0.00318534539783286 0.00199421401885047 0.00370429864105972 0.00424152665182191 0.00309043261277111 0.00439522909455263 0.00231210836354876 0.00374910713617282 0.00314721415670647 0.00296888511384168 0.00385220742537058 0.00277532279033039 0.00335993463158957 0.00271369693855377
0.00352999383248971 0.0023201438911201 0.00176022314408328 0.000925310931052081 0.00253555363742635 0.01019516014494 0.0100237786537036 0.00522643266012892 0.000835912923503201 0.00325920946052065 0.00424939944095968 0.00463085584196961 0.00386863367348269 0.00297413553707884 0.00380195480647672 0.0029164712090278 0.00397858822107082 0.000966007354145404 0.00207062538756873 0.000216377467586426 0.00347537261714024 0.00280845635097648 0.00274859401633876 0.00151487143357372 0.00126674666971667 0.00231352243190486 0.00196952337391849 0.00253530680220138 0.00284749116653984 0.00267172181247588 0.00281510322201939 0.0013062381909549 0.00282019164351368 0.0026553970281384 0.0026998508386896 0.0028307610502452 0.00356571487591282 0.00160198139219574 0.00407600772414298 0.0023352287884336 0.00259998556430219 0.00287977876378136 0.00170275346372364 0.00256076789864892 0.00271038398950623
