Maxent_result_files_1/Bombus_semenoviellus_2.asc
NCOLS 594 
NROWS 330 
XLLCORNER -15 
YLLCORNER 23 
CELLSIZE 0.166666666666667 
NODATA_value -9999 
[rows 260 to 279 of 330, columns 460 to 505 of 594]
4.20667394462448e-05 4.9106532529597e-05 5.41689808253976e-05 0.000134828785942986 0.000159463242127866 0.000705379282287932 0.00105560569388828 0.0040546804138148 0.000154090313095845 4.48234716613483e-05 0.00029067107081221 0.000194195168222244 2.71749881883165e-05 3.80272133814641e-05 3.92336704335472e-05 0.00011147817577557 0.000101277794788901 0.000144045861116515 0.000170428873376816 0.000732096038604979 0.00102246970060236 0.000983702512368723 0.000662281754458149 0.0032156900889221 0.00298861774662104 0.000188574920857443 0.000121206833262022 0.000379141199416466 0.00130878972559431 0.00087977708713538 5.69998123489013e-05 0.000917529584282306 0.000624201044776385 0.000195182195235688 5.10556448798605e-05 3.87063676473343e-05 4.05796692829918e-05 5.5890920770274e-05 3.95829360914091e-05 0.000192311936046607 0.000625216400017692 0.00186556802603768 0.00380963769256368 0.000710847576860374 0.468498452031054 0.145305763196666
0.000285092692164579 0.00162584660479723 0.00155115768948946 0.00230045191758563 4.56881326754699e-05 0.000370235400835117 0.0024427988582253 0.000504903634461962 0.00281796984024109 0.00100805038243497 6.20150667747454e-05 1.80217646854608e-05 3.03774072327068e-05 3.54858051211271e-05 0.000167129574021452 0.000179720944225581 0.000198297979692885 0.000207761863243405 0.000222615355906797 0.000285721261961669 0.000614899494755239 0.000203826555574693 6.35577637404516e-05 0.000166991599229016 0.000163777887826466 0.000127193433444006 9.90565368717666e-05 8.45782598718259e-05 7.25664952668237e-05 7.04333981039529e-05 6.24548692827243e-05 5.88351093306905e-05 6.37985129586127e-05 5.55421584360394e-05 7.45716047617195e-05 9.457488790936e-05 0.000259650746395401 0.000248715814981182 0.000140609354048404 6.42603990524626e-05 0.000817402174752857 0.0028444805805009 0.000227699141574611 0.000925341204383312 0.091602629567933 0.0147905223569467
4.9089575740846e-05 6.58684285365974e-05 0.0001901458270823 0.000247863727374476 8.96928235668226e-05 0.000444870760591098 0.000920357546303086 0.00062914481880828 0.000241822571939432 4.29608630808098e-05 5.16956754435527e-05 3.62458568348489e-05 0.000132415653676299 0.000131172500428889 0.000158269275060685 0.000117664749751545 0.000105540081855082 0.000124503282169286 0.000245879141237282 0.00012749312100877 0.000139827785482494 0.000151008085097981 0.000177994012111782 0.00016497288359707 0.00116720198505789 0.000261698806791699 0.000277148488224022 0.000150716754434388 0.000110013872088732 0.000185534011194655 7.06467802229049e-05 0.000178041435199283 0.000608656209406888 0.00106775528138598 0.000129712425219708 6.73569913584138e-05 0.000497414361144877 0.00138383883003002 0.00233657777328544 0.00867718731601146 0.00067150391377454 0.00489219970619088 0.0019988167176808 0.00065697435751767 0.00293740851434343 0.00844889773243267
3.25537372986129e-05 2.7975646755829e-05 3.34110246980601e-05 5.89673821182246e-05 0.000765518110636609 0.000726804452825014 0.000117160544812711 2.36046682345004e-05 3.57647681045958e-05 2.65176344614426e-05 5.23233892987252e-05 0.00010696365648345 0.000149933743238506 0.000148053585549479 9.33831945980956e-05 8.5695826966159e-05 8.92050421098634e-05 0.000102329741213669 0.000946746860924463 0.000502439598866289 0.00015660869873706 0.000632119566975575 0.000155891090029359 0.000203351990344292 0.000241421828619304 0.000319890767143072 0.00032437283868898 0.000245295284324065 0.000205830059273682 0.000144653029227193 0.00140582600072395 0.00107027049186926 0.000511333523439106 0.000207206549274019 0.000176278324774604 0.000929273376198125 6.71550279658262e-05 0.000669977537575073 0.00552441787325403 0.00250047334000953 0.000590309222275442 0.00119697569650966 0.00249929576329 0.00454432643346081 0.00899991150160986 0.00538438661988039
2.75819860976689e-05 3.62718074287116e-05 0.000149746630322489 0.000273473052059225 0.00081782641140048 0.000459173328242468 0.000608164709881642 5.15644901776247e-05 5.76538173093666e-05 0.00221333823124551 0.0045565063860181 0.000454400254365706 1.56538578318655e-05 0.000104207266135337 0.00126594949733772 0.00127281478579278 0.00130772139527267 0.000465322890841691 0.0016586992110149 0.00150539180768308 0.00161688524545696 0.00264396951704983 0.00181806827144726 0.000180603770564192 0.000290707086375086 0.00021994261213365 0.000216967386487754 0.000821136109649956 0.00205757445566381 0.00186455333655858 0.000220712669092649 0.000136705207960963 0.00234334404522087 0.000182004947499514 0.00014388635275937 6.20160686843674e-05 0.000772683051882694 0.000140258001830773 0.00010815416353982 0.000464678751776404 0.00151132216991718 0.00340303265776596 0.0038973968308805 0.0016942618991834 0.00198760077645801 0.0353699794635759
2.60091527289563e-05 0.000549110268790542 7.54245653871055e-05 4.38475566631347e-05 0.000890663478423748 0.00182770959148597 0.000797072448092717 0.00012302443981842 0.00119822955009744 0.00557156534840415 0.000464336637766416 1.41004251707488e-05 4.23764895834955e-05 0.000240460514755991 2.23554619196764e-05 0.000160445115439245 0.00267056786339428 0.00207065092345052 0.00867123344141874 0.00109901107523456 0.00637329613690554 0.0027898917929747 3.68861866984482e-05 0.000227529715631869 6.54319683191185e-05 0.000170121301951198 0.000598670277722879 0.00216819983027591 0.00302996161935325 0.00639742503190607 0.00745095581763167 0.00024787989972701 0.0013729708769489 5.68548973758243e-05 8.34866848423932e-05 0.000692516651631792 0.00113953392167403 0.00114872973755809 0.00200704532723113 0.00249591736855876 0.00249170802551362 0.00375716328273938 0.0025235672980898 0.00512490829664785 0.0197918518508232 0.0648401694819768
0.000272457576325635 0.000552460931035625 2.86005131341804e-05 0.00180188553566722 0.00504166415261125 0.0189065991311168 0.00152879018212981 0.00148237081112201 2.63943133491873e-05 2.10519300382184e-05 9.51164732295173e-05 0.000351150575596004 3.24631703799372e-05 0.000142918477650333 0.000868303953335181 0.0063500980035883 0.000828964792775588 0.00198662491586674 0.0168999067987897 0.000773219681257986 0.000495763484730471 3.49770669391902e-05 2.62082372816663e-05 8.24649754158302e-05 0.000120772378486822 2.33393247686564e-05 8.0615088336089e-05 7.34994633794783e-05 0.000564579575133706 0.000645673975073313 0.000135612814168773 0.000934618422203926 0.00113347966996145 0.000487246472243186 0.000924100152586504 9.50146228111848e-05 0.00514811253088254 0.000434397955414634 0.000688527068297173 0.00296862116563261 0.00140463261026582 0.00321474521879281 0.0120168583449413 0.00375269533697065 0.00290580722783034 0.0121153040552599
0.00021498035786891 0.000506996461925269 0.000139785210562149 0.000108527917439272 6.48562658578822e-05 0.000288880217160781 0.000136129444278998 0.000891780413282317 0.00060701413069747 0.000513524919665131 0.000536286427348664 0.0009209132872119 0.00227254189558443 0.000370461472552774 0.00355945489231898 0.011442531751436 0.000569899403230367 0.001141645285702 0.00624685354111989 0.00661576591318849 0.000135610821917176 2.9881331171222e-05 0.000261210058314376 0.0114145013077945 0.000533089035104817 0.00306836521167771 0.000329361940890149 0.000728341444981717 0.000611406654695812 6.24337478412618e-05 3.91731430152364e-05 0.000124285159046522 0.00247422429718985 0.000568548048461537 0.00101190715029702 7.63183840277848e-05 0.00105244569646743 0.000300345330404284 0.00235162838536206 0.00130396347413466 0.000961199788234879 0.000527279361041622 0.0046459297884212 0.00160700669572407 0.00453007273969952 0.00513864332414053
0.000100895687375591 9.26922770467908e-05 0.000125953432614345 0.000176740953279797 0.000128670694648125 0.000423261148303311 8.28570975377141e-05 0.000964402807997233 0.00462953675290407 0.000706010778438326 0.00160461208644733 0.00172176354640214 0.0019737601773727 0.00254534015552963 0.000299771414214911 0.0179977248310024 0.00313614524939112 0.00108567455473243 0.000560114722857663 0.000130951609065899 0.0014713216126971 0.0278489422383018 0.0206623503462197 0.000229654358861831 0.00118253396180718 0.00157542226106546 0.000908598054213172 0.000289921258736148 0.00502032910843299 0.000154840514500521 0.000300279482343058 0.000286110039570886 3.50220362344666e-05 0.00136132148769263 0.000658322459550331 0.00218376554805729 0.00274430473679378 0.00565070266038674 0.00113943408853174 0.000440621184632128 0.000795928447052674 0.000900441162059451 0.00105578706217102 0.00291375824980378 0.02234220847713 0.0101729937964888
0.00012571910542003 0.000108541069882184 3.43041600140093e-05 0.000430230801742937 0.000185337454376011 7.66243891468399e-05 0.000659970668394294 0.0033908044024372 0.00374754870130687 0.00430742093909373 0.000924790173689871 0.00124898637084243 0.00588808165948649 0.00516603526102699 0.0140329903159 0.0105292112079951 0.0296596416994362 0.00134448621562488 0.00180534203972538 0.00256842707567557 0.000350981594131516 0.0315358972162358 0.00214522749506614 0.000314384595547423 0.000150353803977288 0.00100811984635688 0.000776018584031013 0.0145215335958255 0.00904050247070893 0.00126263528581951 0.0470469712680824 0.000253712677407592 0.000199313561498027 0.00317908396946219 0.0022298536495172 0.00370110171394629 0.00206887577037378 0.000466695074828749 0.00222881762790621 0.00196795106969603 0.000872861002457626 0.00411623709314881 0.00117111710209201 0.0146844892929948 0.0875515052319315 0.00265921059946475
3.61039609854674e-05 3.84419621366372e-05 0.000116838106641071 8.28040747915537e-05 3.09805178855038e-05 5.30099426142794e-05 3.46187312223689e-05 1.69487783153732e-05 4.9573377802159e-05 0.000677802680633022 0.000301365860577718 0.00814647648160189 0.00613193396784482 0.0116328025105759 0.0123357749329443 0.0264502938385249 0.00431744084685377 0.0169978428239119 0.00141532313641051 9.96871191640491e-05 0.000217355868477875 0.000418500674469868 0.000391986029256697 0.000480783703254861 0.000110314632478847 0.000715796061660912 0.000302835975649995 0.000385851522671843 0.0258870855589976 0.0429234636550973 0.0652315363466187 0.000125466989180367 0.0152115771918034 0.0149333808622487 0.00281920045145156 0.00216852442351865 0.000601806216994305 0.000246933961772022 0.000248653654825759 0.000569172956802788 0.00081152930245878 0.000464045642379673 0.00412380480574939 0.057732009537267 0.00300869500909984 0.000449133692517101
2.39558100705639e-05 4.82714136947005e-05 4.88761086009148e-05 1.30626454758698e-05 8.9360433201735e-05 1.33051654065297e-05 1.27437912176287e-05 1.81324178037179e-05 1.9020910310763e-05 3.70184904644244e-05 4.26676266398029e-05 0.00150420923871479 0.00086018659334286 0.0270863401105771 0.000491738202774228 0.000925490322938294 0.000922814229514657 0.000584283247137307 0.000200792194964272 0.00077839305093903 0.00129896872822961 0.00169191196017664 6.26806135891722e-05 0.000334047743705224 0.00108979393891673 0.00190826061652842 0.000990301807969729 0.000224362014481005 0.000688896545577111 0.0297487413957697 0.00536988166616084 0.0040831608292712 0.0162020804311851 0.00903973483397635 0.00259081895487725 0.000313179740908609 0.00075327780587422 0.000169429015952227 0.00125195790834596 0.000363008045105317 0.000294921847380003 0.000734016976596763 0.0058460254428228 0.0217326820851667 0.0103192233412301 0.00514530437105805
8.34934972521406e-05 8.3879624614136e-05 1.03645656364226e-05 8.37251315605414e-05 1.76492807737683e-05 1.73371804967015e-05 1.87048993606997e-05 1.71050297971043e-05 4.06708156071911e-05 5.48787671500239e-05 0.000254737000762617 0.000225287117210371 0.000729355347090177 0.00273955783163728 0.00407887286353343 0.0014160843610739 0.0002750498174656 0.000115710844913686 5.61975816614879e-05 0.000266183315972768 0.000287464870183562 0.000419488557695757 0.000242508208004644 0.000601737369377986 0.000278206016522042 0.000801757303334227 5.32731242022466e-05 0.00108523478206819 0.0248762448853086 0.0126509297740995 0.00209712181091106 0.00339938883075774 0.00115787741727331 0.000794416521358698 0.000239218573828559 0.000189102974638944 0.000173713309074941 0.00113301779534254 0.00144660701993189 0.000538444977750663 0.000239401140581119 0.00071105358456407 0.00459481040986702 0.000884626712803538 0.000506985011837768 0.00217351098502263
1.11860176906453e-05 1.07821233365057e-05 0.000264500740561602 8.76051036573067e-05 1.16064864199461e-05 2.84404210864064e-05 5.29288421639684e-05 2.23530493574153e-05 2.33325988835187e-05 1.65721942061325e-05 5.97963907772225e-05 2.29614237908904e-05 4.69935790743392e-05 0.000145962095351493 0.000275538220515159 0.000128613122620092 5.53809770135527e-05 3.13711859611265e-05 7.40064841255883e-05 3.30147866222763e-05 4.50086394860438e-05 0.000231604742498093 0.00010700981841697 0.000169283953925481 0.000159878530309143 0.000814382481616605 0.000818127559217885 0.0106494224182825 0.00702622633943975 0.0013931674015339 0.000173210549852598 0.000704031092296731 0.000670928087568257 0.000180986030182506 0.0002869729760274 0.000340482310086898 0.000173387989625029 0.000761489225332124 0.000181627643341109 0.000233714018125308 0.000503538369630974 0.000964025486314313 0.00102396456008194 0.000322004964454514 0.000752881913222225 0.00216998479709432
8.74550979933497e-06 6.12006900122308e-05 6.36459771037545e-05 6.1359151772078e-05 6.66615540169113e-05 2.27672404208068e-05 9.13863808780224e-06 6.54896950522232e-05 7.47431998965098e-05 8.26536003346145e-05 9.31516386367015e-05 1.51713674421683e-05 0.000116634263207516 6.17034101257352e-05 3.31890722138795e-05 3.13324885597099e-05 3.14786403537548e-05 2.49380285218481e-05 3.64238121231319e-05 5.20773487092674e-05 0.000169949042819439 0.000238269334903407 0.000445491287376498 0.000604856166526702 0.000938478764474837 0.000877310553750021 0.000934199136017355 4.8582425503263e-05 0.000681142374108035 0.000359639942588874 0.000183050303957799 0.00014725713125745 0.000143187684678825 0.000243748884524919 0.000404249724044803 0.000162676646824433 0.000176831409174483 0.000216411495707636 0.000323070128852265 0.000432007138532953 0.000932179180355774 0.0240223343209436 0.000351650112800628 0.00163225063178913 0.000282363791153495 0.000556605338727678
5.84496858284655e-05 6.07229076373894e-05 5.76228680544855e-05 5.81012781471824e-05 5.96131098354435e-05 5.8138630771376e-05 5.67506782780391e-05 6.61742242752839e-05 7.37728551660322e-05 7.4097155199615e-05 7.92232777626634e-05 9.09948882686695e-05 0.00011035383598994 0.000130687234411653 0.000130756384553621 1.81257908832722e-05 2.78436954154526e-05 0.000143361434510414 3.64166495781415e-05 8.24530818238189e-05 4.13744693117724e-05 5.94363459085145e-05 0.000310092763166381 8.87876924642983e-05 0.000101601779062921 0.000506075284075536 0.000500163805195974 0.000415475106672059 0.00037987678962228 0.000185842615916254 8.67024093403779e-05 9.66129438044083e-05 0.000167226860341207 0.000479407569338264 0.000197101846502745 0.000191749201973312 0.000325509770777366 0.000780873563184059 0.00074049706899757 0.000938532282671645 0.000694022501779301 0.0013606968409448 0.00085220056443589 0.00529245524612634 0.000252177841579249 0.000117875861416517
5.41616559067926e-05 5.62148765445691e-05 5.47444967327504e-05 5.34797511202889e-05 5.00689733856641e-05 4.958291330589e-05 5.49241724607352e-05 5.86723672217904e-05 5.96800886957016e-05 6.33274242380688e-05 6.94340261503612e-05 8.46693375370133e-05 9.6621206113845e-05 0.00010111443443015 0.000103265010977438 0.000104820492865265 0.000116342978478512 0.000160491621365777 8.99771009404082e-05 3.5577232810613e-05 6.82495010007167e-05 0.000255183577624329 9.87796053637524e-05 6.29579525534996e-05 6.68840870575726e-05 6.29977754000088e-05 5.85393804472756e-05 0.000101408904660127 8.61178691386466e-05 8.67141512345571e-05 0.000106152584328512 0.000135396015873179 0.00030488316995374 0.000187901903052667 0.000193069113080346 0.000215889770435762 0.000291336595593705 0.000536939955074445 0.00192748570744925 0.00103004658915324 0.000304254302606566 0.00111315647017705 0.00035860492387414 0.00104468708877619 0.000374356109021856 0.000105216335644076
5.078535637979e-05 5.0946645733374e-05 4.94074709761927e-05 4.72089649332985e-05 4.58771827562043e-05 4.25100576414983e-05 4.2803695239757e-05 4.58106520047186e-05 5.13986748557627e-05 6.23828411614458e-05 6.56686664550321e-05 7.55317918859744e-05 8.31661358621449e-05 8.8860586826689e-05 9.26339064283965e-05 7.17621786336276e-05 0.000238304042693116 0.000184843965691606 9.82846610447341e-05 1.97337527282349e-05 2.69230099185891e-05 3.65037120624856e-05 5.35590587491974e-05 9.70704559140278e-05 9.9195237273797e-05 3.52471471600002e-05 4.4928898416341e-05 6.01574265080229e-05 0.000145375881450338 0.000115464978493218 7.48249066442996e-05 0.000429081237975026 0.000265721343125414 0.000170763675813479 0.00012743525177541 0.000394960895576446 0.000239336220792552 0.0003416989304867 0.000305477272429044 0.000279823043355698 0.000173108502255692 0.000169435817431207 0.00025292296964059 0.000816397521960255 0.000437752432520533 0.000406138468941819
5.32376672097934e-05 4.80947517218167e-05 4.43002452687691e-05 4.1312062504939e-05 3.94061575063609e-05 3.94657328941728e-05 4.27490816720444e-05 4.65959785211356e-05 5.26221344553379e-05 6.01652987170631e-05 6.55813853805975e-05 6.82763616168369e-05 7.69825959136661e-05 9.52524404103983e-05 0.000441331002062384 0.00487053218876099 0.000313443852806472 3.11302182336881e-05 9.11432980473581e-05 0.000260630675649054 1.77171480933769e-05 6.39779467870749e-05 0.000455780976609277 0.000123169695676206 0.000404567735059658 0.000230390334553909 3.00106216887808e-05 3.52757413336735e-05 4.24420019156879e-05 6.70630399908445e-05 9.28832668803947e-05 0.000319931392187556 0.000174669554159967 0.00019558177770822 0.000176674290692791 0.000252236908892911 0.000259958783644265 0.000191815518258576 0.000201245454584686 0.000216751691212291 0.000133735814343072 0.000139758449730842 0.000215274769489193 0.000496996458930532 0.000528603527236982 0.000371152770354133
0.000243163909502186 9.04370966330337e-05 4.25732041566595e-05 3.95471743779519e-05 3.90164977358887e-05 3.72164061967273e-05 4.17242215983715e-05 4.9983735138881e-05 5.90686104060767e-05 6.07987499512186e-05 6.0005148257769e-05 6.57792610834873e-05 7.19044117852175e-05 7.43087686238653e-05 0.000693424680628141 0.000586178139397475 4.92764600273921e-05 0.000101751149664109 0.000107848815159972 9.56572112901899e-05 0.000103976240733261 0.000205949687199281 0.000257265262528206 0.000141949864959745 9.83214324980275e-05 0.0001455247628388 2.61122422327342e-05 3.12821635011451e-05 6.46621253475921e-05 4.82047617903159e-05 0.000308125228283984 0.000316191579942071 0.000145654256961247 0.00014135210863262 0.000171486209129457 0.00024903153477851 0.00026940248935281 0.000262382976569953 0.000203655741079656 0.000188241873146877 0.000117055005090438 0.0001245556830206 0.000265222855732539 0.00150748957108817 4.897221056821e-05 2.67822644166582e-05
