Maxent_result_files_1/Bombus_balteatus_3.asc
NCOLS 594 
NROWS 330 
XLLCORNER -15 
YLLCORNER 23 
CELLSIZE 0.166666666666667 
NODATA_value -9999 
[rows 200 to 219 of 330, columns 440 to 483 of 594]
3.33610916669613e-13 7.80486786311485e-15 2.46469511466785e-15 2.75335310107039e-15 3.08642000845794e-15 2.50466314355435e-14 7.23976434358065e-14 1.03206332369155e-13 4.41301439835229e-12 2.09832151654155e-15 2.04281036531029e-15 2.22044604925031e-16 2.20934381900406e-15 1.92068583260152e-15 1.73194791841524e-15 1.34336985979644e-15 1.17683640610267e-15 3.75255382323303e-15 1.02094999121505e-12 7.57560680852976e-13 9.06299479908057e-12 5.9369076321758e-11 2.84101187020269e-11 3.40731365344737e-09 2.15713047424515e-10 7.20234760720473e-11 4.81065187685203e-12 2.40807374041196e-14 6.02962124673923e-14 4.48530101948563e-15 1.58761892521397e-15 5.77315972805081e-16 7.66053886991358e-16 1.77635683940025e-16 6.23945339839338e-15 2.06945571790129e-14 2.68673971959288e-15 2.228772721935e-13 8.81295036947449e-14 1.29118937763906e-14 4.45199432874688e-15 4.34097202628436e-15 5.1236792586451e-14 4.69800864877357e-12
1.35336186701807e-14 1.69864122767649e-15 2.77555756156289e-15 2.91988655476416e-15 2.4757973449141e-15 2.16493489801906e-15 8.87179218977963e-14 6.61803944979056e-14 8.65196803090384e-14 3.13082892944294e-15 1.95399252334028e-15 2.07611705604904e-15 1.7874590696465e-15 1.43218770176645e-15 1.32116539930394e-15 1.13242748511766e-15 1.01030295240889e-15 9.75219904830737e-14 1.27418187112482e-11 9.68869429129882e-12 1.46294532044067e-11 7.64516228102252e-12 1.14785958515995e-12 6.63024080083119e-12 4.2036407688073e-11 7.51312345670385e-12 3.97336608060073e-12 5.60662627435704e-15 9.10382880192628e-16 1.34448008282106e-14 1.13353770814228e-14 1.99840144432528e-16 1.45439216225896e-15 1.46549439250521e-14 5.36237720893951e-15 1.98285832198053e-14 2.23961960088559e-12 8.58701998396327e-13 1.21449628132098e-11 6.09273742568917e-12 3.99025257280528e-13 4.44810854816069e-13 5.35682609381638e-14 2.01838545876853e-14
4.29656310529936e-15 1.52100554373646e-15 3.03090885722668e-15 3.39728245535298e-15 1.93178806284777e-15 1.68753899743024e-15 1.82076576038526e-15 9.779954623923e-14 4.35207425653061e-15 2.22044604925031e-15 1.95399252334028e-15 7.88258347483861e-16 1.47659662275146e-15 1.34336985979644e-15 1.15463194561016e-15 9.2148511043888e-16 2.23154827949656e-15 3.24451576716456e-13 1.29269484006045e-11 5.21385157270515e-12 3.03188585348835e-12 5.39568389967826e-15 4.50472992241657e-13 1.12621023617976e-13 3.19080317723319e-12 2.00950367457153e-15 5.98410210272959e-15 9.10382880192628e-16 7.21644966006352e-15 6.43929354282591e-16 6.17284001691587e-15 7.50621786949068e-14 1.33670852164869e-14 1.13242748511766e-15 6.98197055726268e-13 3.48224782342754e-12 3.46325190747621e-12 2.81097367604843e-13 2.50799381262823e-14 1.28475008409623e-13 8.91903217947743e-12 2.25597318603832e-14 1.26123556043467e-12 3.90121268623034e-13
3.95239396766556e-15 2.21622720175674e-13 3.08642000845794e-15 3.14193115968919e-15 1.01918473660589e-14 4.80726569662693e-15 2.18713935851156e-15 1.20325971408874e-13 1.89626092605977e-14 1.89848137210902e-15 1.84297022087776e-15 7.32747196252603e-16 1.33226762955019e-15 1.21014309684142e-15 9.76996261670138e-16 6.0063065632221e-15 1.64668279012403e-13 2.75268696725561e-13 4.63072913348128e-12 1.74259273677535e-11 3.25540705503613e-12 4.77173855983892e-14 2.37587727269783e-15 2.23154827949656e-15 3.33066907387547e-16 2.88657986402541e-16 8.26005930321117e-15 1.10578213252666e-14 1.26565424807268e-15 6.66133814775094e-16 3.78586051397178e-15 1.84297022087776e-15 2.04725125740879e-14 2.8780089422753e-12 4.90500084993073e-11 5.46201306406147e-11 8.91441365169499e-11 1.16497367308455e-11 6.99440505513849e-15 2.33146835171283e-15 2.64233079860787e-15 2.88657986402541e-15 3.13082892944294e-15 3.39728245535298e-15
2.27695640120373e-13 4.44011494238339e-13 3.71924713249427e-15 9.95870053088765e-15 7.93822785283282e-12 1.24489307751219e-13 9.94093696249365e-14 8.1823436914874e-15 2.84994250421278e-13 8.10462807976364e-15 1.45439216225896e-15 6.77236045021345e-16 7.21644966006352e-16 1.0325074129014e-15 7.88258347483861e-16 1.49880108324396e-15 2.37587727269783e-15 5.46562795022965e-14 3.21365156707998e-13 1.31925581570158e-12 2.25375273998907e-15 1.83186799063151e-15 1.97619698383278e-15 2.88657986402541e-16 3.44169137633799e-16 8.65973959207622e-16 6.03961325396085e-15 4.32986979603811e-15 2.38843389510635e-12 1.56054613675849e-11 1.62157631766746e-10 3.33810534769441e-11 3.93551857769125e-11 3.61168506213261e-10 6.45344366834166e-10 1.09091236044634e-10 2.12462269999492e-12 1.89848137210902e-15 2.04281036531029e-15 2.20934381900406e-15 2.44249065417534e-15 6.57252030578093e-15 2.97539770599542e-15 3.33066907387547e-15
1.6064927166326e-14 2.9197755324617e-13 4.01453315035383e-12 9.99200722162641e-17 6.07958128284736e-14 3.43836070726411e-14 1.72996172942419e-11 2.91928703433086e-11 7.0663475071342e-13 3.12583292583213e-12 1.94289029309402e-15 1.08801856413265e-15 3.8968828164343e-15 2.1316282072803e-15 1.54321000422897e-15 1.45439216225896e-15 5.55111512312578e-16 1.93178806284777e-15 1.23234755733392e-15 3.99680288865056e-16 8.65973959207622e-16 3.66373598126302e-16 3.66373598126302e-16 3.77475828372553e-16 7.99360577730113e-16 5.55111512312578e-16 1.75768288812606e-12 2.6526025820317e-11 4.35639302409641e-12 2.64851984788095e-10 1.90910443009784e-10 2.09062100964275e-11 2.95431399344182e-09 1.66262559275765e-12 2.91783264216861e-12 3.57824880836688e-14 6.1828320241375e-14 1.87627691161651e-15 1.87627691161651e-15 2.12052597703405e-15 2.38697950294409e-15 7.29416527178728e-15 3.03090885722668e-15 3.29736238313671e-15
2.77555756156289e-15 1.71738179233216e-12 3.9313996502699e-12 1.0325074129014e-15 2.88202794962444e-12 3.21853654838833e-14 4.9737991503207e-15 1.58928425975091e-13 5.58331159083991e-14 1.40698563910746e-13 3.05089287166993e-14 4.2410519540681e-15 2.19653295552291e-11 1.59205981731247e-14 4.00790511889682e-15 6.47437659040406e-13 2.66453525910038e-16 3.21964677141295e-16 4.77395900588817e-16 4.32986979603811e-16 4.55191440096314e-16 3.5527136788005e-16 3.44169137633799e-16 6.10622663543836e-16 1.21014309684142e-15 1.97442062699338e-12 2.4433904899368e-10 2.31051811017124e-10 8.74306282927506e-10 1.48225781648748e-09 2.40530928508065e-11 1.97097893561704e-11 1.07488018485924e-11 5.0986437294398e-12 2.5584201424067e-12 3.56714657812063e-14 1.7874590696465e-15 1.83186799063151e-15 1.92068583260152e-15 2.25375273998907e-15 2.4980018054066e-15 2.8643754035329e-15 3.1863400806742e-15 3.60822483003176e-15
1.0946799022804e-14 1.74220193827068e-11 1.47104550762833e-14 1.7874590696465e-15 5.36237720893951e-15 1.11022302462516e-16 1.01585406753202e-14 1.39943723276303e-11 3.41993100505533e-13 1.40742972831731e-12 8.5043083686287e-15 7.97140131680862e-15 4.27138324710086e-12 2.45659048658808e-13 1.26728627591888e-12 4.03010957938932e-15 1.00364161426114e-14 2.44249065417534e-16 5.10702591327572e-16 4.88498130835069e-16 4.21884749357559e-16 1.66533453693773e-16 4.66293670342566e-16 2.19824158875781e-15 8.13571432445315e-13 5.02979879968279e-12 3.45536821377834e-11 4.52380355397963e-12 8.36072322485393e-12 2.30458208072548e-11 2.12368567176213e-11 1.46539780310206e-11 5.11897191302069e-12 1.23229204618269e-12 3.47950968038191e-10 2.46483788934881e-10 1.51323398256409e-14 2.05391259555654e-15 2.19824158875781e-15 2.40918396343659e-15 2.77555756156289e-15 3.19744231092045e-15 3.45279360658424e-15 1.19126930542279e-14
2.19824158875781e-15 1.28008714739281e-12 3.66262575823839e-14 1.2179146580138e-14 3.26516591542259e-14 1.22124532708767e-13 1.08091313677505e-13 2.68451927354363e-14 6.66133814775094e-17 1.18349774425042e-14 5.67446423183071e-11 6.01996230642499e-13 3.33233440841241e-12 1.17683640610267e-15 1.25455201782643e-15 3.77475828372553e-16 4.32986979603811e-16 8.65973959207622e-16 3.66373598126302e-16 3.33066907387547e-16 2.99760216648792e-16 8.10462807976364e-16 1.33226762955019e-16 1.48991929904696e-14 2.70292677129191e-12 8.82958151038338e-12 1.93335181197796e-10 4.223780214474e-10 3.52197160324863e-09 4.89285723048738e-11 2.88655422897577e-09 1.61599542636282e-09 7.51314566116434e-12 1.79940506939147e-12 7.7802986275799e-12 1.50213175231784e-14 1.65221170078667e-12 7.68274333040608e-15 2.42028619368284e-15 2.55351295663786e-15 2.97539770599542e-15 3.29736238313671e-15 9.40358901857508e-15 4.35207425653061e-15
1.80966353013901e-15 8.64863736182997e-15 1.03628217118512e-13 3.71702668644502e-14 6.77236045021345e-16 1.6109336087311e-14 8.17124146124115e-15 3.80251385934116e-14 2.90878432451791e-15 4.86277684785819e-15 5.38206923472728e-11 3.0050129051773e-11 6.33971763974728e-12 2.51422216379638e-12 1.84963155902551e-14 9.32587340685132e-16 2.77555756156289e-16 6.99440505513849e-16 3.67483821150927e-15 1.77635683940025e-16 1.55431223447522e-16 2.88657986402541e-16 1.08801856413265e-15 1.62203583897735e-14 1.9930279648861e-12 6.89781398666156e-10 1.63588920187863e-11 1.36376310244657e-10 1.53479606801454e-10 9.41594757719599e-10 3.52832207894949e-12 1.37473588068815e-11 2.41102693365747e-12 7.29101223839734e-12 1.00128350055684e-11 2.05455652491082e-12 1.12766906923412e-11 1.85518267414864e-14 4.56998883180404e-12 2.69007038866675e-14 3.11972669919669e-15 1.05582209641852e-14 4.10782519111308e-15 4.52970994047064e-15
1.58761892521397e-15 1.54321000422897e-15 3.13893355752271e-13 4.66293670342566e-16 2.39808173319034e-15 1.23234755733392e-15 2.36477504245158e-15 3.67483821150927e-15 4.74065231514942e-15 2.88657986402541e-15 3.48610029732299e-15 2.33146835171283e-16 1.4538037440559e-12 1.1768697127934e-12 9.65894031423886e-16 7.21644966006352e-16 9.99200722162641e-17 3.10862446895044e-16 2.42028619368284e-15 2.06501482580279e-15 1.33226762955019e-16 1.55431223447522e-16 8.14903700074865e-15 1.99240623999231e-13 3.1692981572462e-12 2.94728241811981e-11 3.86114473727162e-12 2.0628149188795e-10 4.31349278517956e-10 4.64172034142507e-12 3.92025301110266e-12 1.83565607159153e-11 1.68859370930363e-12 1.60452762187901e-12 8.28003221542417e-12 2.74686939860658e-12 1.78896897295999e-12 1.46190837213567e-12 9.36138944140907e-12 8.48765502325932e-14 1.18760556944153e-13 5.41899858319539e-14 1.63202784619898e-14 7.33302307764916e-14
3.24185123190546e-15 9.03721542044877e-15 9.72000258059325e-13 1.11022302462516e-17 5.10702591327572e-16 5.30353538863437e-14 7.88258347483861e-16 5.36570787801338e-14 2.09724682065371e-11 1.79521175702746e-11 7.63833440942108e-15 9.99200722162641e-17 1.86517468137026e-15 3.77475828372553e-16 2.50910403565285e-15 4.44089209850063e-17 3.33066907387547e-17 1.66533453693773e-16 1.23234755733392e-14 2.70894418008538e-15 1.34336985979644e-15 2.0327073357862e-13 6.61848353900041e-13 9.24735954477285e-11 5.90240523123953e-11 2.19752771535298e-11 4.83590945066226e-13 3.91719989778494e-12 4.90926237439737e-09 4.28711134370374e-09 3.4321867681264e-09 5.86750315001439e-11 3.40893785422125e-09 2.35431674155961e-12 1.30250255025999e-12 3.3412383970699e-12 5.25135490647699e-14 7.74509345546903e-12 3.07420755518706e-14 5.87530024631633e-14 1.5413226250871e-13 2.44348985489751e-13 3.67150754243539e-14 8.02580224501526e-14
1.83830728417433e-12 4.54791759807449e-12 6.66133814775094e-17 2.60647059491248e-13 1.05748743095546e-13 4.9960036108132e-15 3.25295346215171e-15 1.19192611336416e-10 1.06658217813305e-09 1.58539847916472e-14 1.11022302462516e-15 3.66373598126302e-16 5.55111512312578e-17 1.66533453693773e-16 1.99840144432528e-16 3.33066907387547e-17 3.33066907387547e-17 6.66133814775094e-17 3.78586051397178e-15 6.60171917132857e-13 5.55111512312578e-17 2.24220642053297e-13 3.17951220907275e-12 2.68052247065498e-12 3.10129499858647e-10 2.74193889815422e-10 1.68209335349445e-10 8.72983241251291e-10 2.7962698823103e-11 2.82361909409445e-09 7.96839150218887e-11 1.10142195364205e-10 3.81115553560463e-09 3.46668911355152e-09 4.43542980121947e-12 1.51418877436527e-12 2.09274819695793e-12 6.88443746454936e-12 5.17585974080248e-14 4.60409488312052e-14 4.26958468580096e-13 1.68609570749823e-13 4.03677091753707e-14 2.3347990207867e-14
5.87740967006312e-13 1.84230619648673e-10 1.2657996872889e-10 3.93278946742015e-08 6.06585741302901e-08 9.86299930616496e-13 1.10929265773052e-11 1.25992583033252e-10 2.14273043752655e-15 1.67643676718399e-15 9.88098491916389e-16 4.04121180963557e-15 6.81676937119846e-15 3.66373598126302e-16 1.66533453693773e-16 8.88178419700125e-17 5.55111512312578e-17 2.22044604925031e-17 6.66133814775094e-17 3.64819285891826e-13 2.11863859789219e-13 3.34292593606733e-12 1.35216282615147e-12 1.41989753288385e-12 1.13368203713549e-12 1.95127247692994e-12 1.78684844698296e-12 2.38958852705196e-12 4.29637436738517e-12 3.57012197582662e-11 2.80383205542023e-10 2.48508214006904e-11 6.88055390440923e-11 4.96758523205187e-11 1.07786446434943e-11 2.28680407943216e-12 7.90388865468117e-12 3.30893090705331e-12 1.6767032207099e-12 1.55382373634438e-12 1.01518793371724e-13 6.01629857044372e-14 9.65894031423886e-14 1.20935150782486e-11
1.80744308408975e-14 2.36206387782545e-11 4.50127214390861e-09 1.98694993791548e-10 6.6618844662969e-09 1.13957265845954e-10 1.25248585947091e-09 3.1149571810829e-10 6.80746070624849e-10 1.75490288967239e-11 4.44544401290159e-13 4.39015490627526e-13 1.13883347196975e-12 2.92432744686266e-14 1.58761892521397e-15 4.44089209850063e-17 2.22044604925031e-17 2.22044604925031e-17 2.55351295663786e-16 3.36075611784281e-13 2.02948768901479e-14 1.9853008126347e-13 1.51687551408486e-12 2.39807063096009e-12 3.12949666181339e-13 2.62246002691313e-11 4.66882088545617e-13 2.1511681325137e-13 9.28823684631652e-13 4.73254768706965e-13 6.45972164647901e-13 3.92325893994183e-10 1.04352038121647e-10 1.94918081675155e-11 9.50898249030274e-12 8.49891268472902e-12 9.90388882016191e-12 1.69420699691614e-11 1.38237643554362e-11 1.42767464517135e-11 7.20936643716641e-12 1.55250257094508e-12 2.27756702386728e-12 1.6254553258932e-12
2.38453701228991e-13 1.1527445664683e-13 5.69211344725318e-13 1.80475634437016e-12 2.70055866558039e-11 6.21554807622715e-11 2.81763834486526e-11 2.90307000661016e-11 5.14706610665883e-11 6.84050593946495e-12 8.19677659080753e-14 9.02611319020252e-15 1.54289914178207e-12 3.29613003557938e-12 7.41852135277554e-12 1.20015108961979e-14 1.12445608380085e-12 2.89768209427166e-15 5.4204418731274e-13 2.12974082813844e-13 3.44169137633799e-16 1.24561472247819e-12 5.63160629241111e-12 5.23383558714841e-12 1.26133548050689e-12 1.36045619214542e-12 3.50197648657513e-13 8.3499873682058e-14 1.17017506795492e-14 2.45581333047085e-13 2.34027908163625e-11 4.24888257910538e-10 5.54301049504602e-13 1.00164321281682e-12 2.55359067224958e-12 1.46080925134129e-12 2.93242097271218e-12 4.19198009637967e-12 9.71945857131118e-12 1.20677245973866e-11 6.85016487977919e-12 8.49520453982677e-12 1.75752745690261e-12 3.18539639110327e-12
1.71862524211974e-14 6.61570798143884e-13 5.61871660309521e-12 4.83502127224256e-14 1.4705318296393e-09 3.81445985908613e-12 1.99059512207e-08 0.458352220921224 7.11496247540744e-06 7.28429678298337e-07 1.38797751070285e-10 1.04360964314765e-15 2.19813056645535e-13 2.38919994899334e-14 3.0364599723498e-14 1.69682534689741e-10 5.18085574441329e-13 2.94070323647588e-12 3.10086401000831e-12 1.80633286106513e-14 1.73117076229801e-13 5.86375392686023e-13 5.02942132385442e-13 2.33824071216304e-13 6.55764331725095e-13 9.21429599287649e-13 1.01427866106008e-11 1.86761717202444e-13 4.20774526332934e-15 5.03030950227412e-13 2.24442686658222e-13 2.24542606730438e-13 2.38187247703081e-13 3.1845637238348e-13 1.24416033031594e-12 1.19928511566059e-12 8.70425953536369e-13 2.51521026228829e-12 2.0636492514825e-12 7.34334815177817e-13 1.80797743443151e-10 1.14146969654172e-10 1.01303410104947e-12 1.18693277428861e-11
1.22124532708767e-16 2.60902410786912e-15 1.08900888307062e-11 1.9075658053147e-09 4.21433998809562e-12 1.6567081040364e-12 2.61607402407549e-12 6.09014738639502e-10 1.11777737066276e-09 0.204782440333339 9.13564002225087e-11 1.38777878078145e-15 0 1.77635683940025e-16 9.45263756157999e-11 9.42579347906758e-15 4.24364987594572e-12 8.51907433485621e-13 3.71569441881547e-13 1.96442861977175e-13 1.84185999785313e-13 1.94166904776694e-13 1.96742622193824e-13 4.34285940542622e-13 1.91402449445377e-13 2.22954987805224e-13 3.68603036982051e-11 5.177280826274e-12 6.32871532957324e-13 7.20756787586652e-14 3.75444120237489e-13 3.3362201889986e-13 3.81539244642681e-13 8.84781137244772e-13 2.74215095075192e-12 2.29998542433663e-10 2.95814484019274e-12 6.01656091614444e-10 3.06586978027212e-12 9.49973433250761e-13 3.5704772471945e-14 6.3876348654901e-12 1.26131549649244e-10 5.62438984275104e-14
7.7715611723761e-17 1.39918077124435e-12 2.01658689746864e-12 9.05719943489203e-14 9.2148511043888e-16 1.47659662275146e-15 1.09912079437891e-15 7.67352847930169e-13 3.10040313422633e-09 3.03035554164666e-05 1.24027899062185e-10 2.01303418378984e-12 3.43058914609173e-15 1.13242748511766e-15 4.07451850037432e-15 9.98090499138016e-15 1.483428935245e-11 5.82811576776976e-13 2.33235653013253e-13 3.54161144855425e-15 1.22124532708767e-16 1.91535676208332e-13 8.22342194339853e-14 2.71549449593067e-13 1.56163970643775e-13 5.72519809338701e-13 2.10297335101473e-12 2.0264900868483e-12 5.49571499419699e-13 2.27906582495052e-13 6.78945788479268e-13 1.96193061796635e-12 1.80490167256409e-10 3.26948468298838e-12 6.74513778164965e-11 1.78357993929623e-09 4.91720220097136e-11 6.5905169099878e-10 7.53040962919726e-12 9.48581213577881e-11 7.80236986130944e-12 7.01608771080942e-12 5.89388537974855e-12 7.52531370551424e-13
1.33226762955019e-16 2.00950367457153e-15 8.88178419700125e-17 6.66133814775094e-17 6.66133814775094e-17 8.54871728961371e-16 3.77475828372553e-16 9.68114477473137e-15 8.52873327517045e-14 2.20754525770417e-12 1.25222054947471e-10 1.53640433708802e-12 6.78468392578679e-13 6.88338275267597e-16 3.10862446895044e-16 3.03979064142368e-14 2.78443934575989e-14 1.21558318966208e-13 2.11941575400942e-14 3.90798504668055e-15 1.84519066692701e-13 1.82887038846502e-13 6.77236045021345e-15 9.10382880192628e-16 5.62327961972642e-14 8.78186412478499e-15 2.28894680986969e-13 2.00538474715017e-12 1.63236091310637e-12 1.04540931467056e-11 2.01491046070146e-12 8.78186412478499e-15 2.8786084627086e-12 7.73758834782257e-13 4.12655798420758e-11 3.51962903266667e-10 5.17257880972011e-10 3.93834964640405e-12 1.03318475996872e-10 2.5912416656837e-11 9.50395318000119e-13 8.8333784731276e-13 7.20312698376802e-13 7.24031945509296e-13
