Maxent_result_files_1/Bombus_polaris_2.asc
NCOLS 594 
NROWS 330 
XLLCORNER -15 
YLLCORNER 23 
CELLSIZE 0.166666666666667 
NODATA_value -9999 
[rows 80 to 99 of 330, columns 235 to 281 of 594]
-9999 4.15587466306988e-07 1.48547840694846e-13 3.34354766096112e-13 5.25153254216093e-12 4.77101691487292e-12 4.89608353859694e-15 7.7715611723761e-17 3.72224473466076e-13 0 3.11957126797324e-12 4.4343491101273e-10 5.1147974744481e-14 1.51758938748969e-11 7.62778729068714e-13 7.96084309584444e-12 2.22044604925031e-16 3.7561953547538e-12 2.15875833875501e-09 4.11594726816844e-06 0.00144907668710422 0.0933481788916236 2.93445145632232e-05 4.37893204039419e-06 2.34084597261486e-09 9.7582050029299e-08 5.89738847311949e-08 4.22227919294471e-11 5.63968760580735e-11 0.000321889495161998 0.000238169410960665 0 2.23421281475567e-13 1.35137456780399e-12 2.22044604925031e-17 1.11022302462516e-16 0 6.36845021162458e-12 1.7430501486615e-15 9.08248587450089e-11 8.35997937542743e-15 0 0 0 8.37552249777218e-14 0 0
1.09912079437891e-15 6.09845507426598e-14 3.09441361423524e-13 5.39579492198072e-13 1.16762155499828e-13 1.11022302462516e-17 9.99939131496319e-11 1.28064225890512e-13 4.44089209850063e-17 0 2.02364358603546e-10 3.56858986805264e-13 7.7715611723761e-17 7.7715611723761e-16 1.14230847003682e-13 4.44089209850063e-15 2.0596726825528e-06 0.00467207534803293 1.70959430512152e-07 9.72908412200102e-07 6.83110967469869e-07 3.57178455637763e-06 1.88253714473952e-05 1.58411500705835e-07 0.015085884090536 0.000397610489978428 4.87817782236388e-05 3.48610029732299e-15 2.84883228118815e-14 0.111286765593368 6.2582050652793e-12 1.24344978758018e-15 3.91137336286373e-07 3.4200163701037e-09 1.10233323580289e-09 0.00439565497826291 1.57548007972963e-09 2.20268248085631e-14 2.66644595292576e-11 4.42830216940138e-11 7.66053886991358e-16 0 0 0 1.89882554124665e-12 1.22575254390966e-09 2.27125651619531e-11
1.5825118993007e-13 1.30229160788531e-13 5.93636251267071e-14 1.49102952207159e-13 8.65973959207622e-16 2.71649369665283e-13 3.23929771894882e-13 1.49713574870702e-12 3.53206575098852e-11 4.10782519111308e-16 0 1.84896542521074e-13 2.46969111827866e-13 0 1.94662397312584e-11 5.17683673706415e-12 6.07116478201775e-09 1.29038614038457e-07 3.27548396140687e-06 9.96732084423968e-08 2.94441647442634e-06 3.07385524944692e-07 2.48729606079356e-06 2.82830314723981e-11 0.10021617995083 4.16896769921404e-06 1.96019264686598e-07 5.21825915811291e-12 2.76434000623493e-05 0.000109099104714416 0.00241148825616221 0.000179032744862195 2.86399326476783e-10 0.000132896608719202 6.25100748941065e-11 1.9239145186134e-05 1.01119113082859e-13 7.12763181809351e-15 6.8219874194142e-13 1.55152002356829e-11 0 0 0 0 0 5.55111512312578e-17 1.11022302462516e-17
8.79063488667953e-13 2.77555756156289e-16 3.33066907387547e-17 2.33146835171283e-16 4.04121180963557e-14 0 2.75846012698366e-13 0 3.88578058618805e-16 8.07337185992907e-10 5.1103565823496e-14 1.3837819778928e-13 8.10784772653506e-13 2.12310169445118e-12 2.4052981828504e-12 2.59584764794596e-10 2.98857605329772e-12 1.11022302462516e-17 2.10240003184481e-10 3.97967103715757e-11 1.81605136484464e-09 2.65135651822401e-07 1.22471205721286e-07 4.19800095019518e-07 1.10244116842129e-05 4.96629349311384e-08 4.55498071483262e-08 1.9417387031595e-09 1.94676944309524e-07 4.2515796976339e-07 1.62916036217098e-10 0.0985091651738898 0 8.68902595130283e-07 2.00982452902565e-11 4.11137790479188e-13 6.66133814775094e-17 1.11022302462516e-17 7.54951656745106e-16 3.33066907387547e-17 3.84531406716349e-11 0 0 7.99360577730113e-16 4.33095014862328e-07 1.22017951298403e-12 0
4.89397411485015e-13 1.11022302462516e-17 4.87387907810444e-15 3.89910326248355e-14 1.50275458743465e-11 7.70542607497759e-10 1.55431223447522e-16 1.03372865822848e-13 0 0 4.66626737249953e-14 1.2310208408195e-11 8.07798272717264e-14 3.14289576586191e-09 4.98601160359158e-14 1.95600202701485e-12 7.06872116396085e-11 4.53459492177899e-13 5.85033133049251e-12 6.77502498547255e-13 3.33968771526472e-09 2.92159341164222e-10 5.7857865694233e-06 3.79936846872653e-08 1.13858369843456e-08 2.63728333171898e-08 1.56688042207698e-08 1.76954609232283e-07 2.10963796987151e-08 2.97066593546447e-11 3.21787041457355e-13 8.29781552802444e-08 1.41775480244632e-14 9.57757539943316e-11 0 0 2.04170014228566e-14 2.14273043752655e-14 0 1.4432899320127e-16 5.15952613966419e-11 3.99118563665368e-07 3.04167802056554e-13 2.41699049663424e-10 5.68234348463648e-13 1.31283872661925e-12 2.22044604925031e-17
2.49023024423423e-14 0 2.22044604925031e-17 1.11022302462516e-17 4.48052706047974e-13 7.7715611723761e-17 2.22044604925031e-17 2.07500683302442e-14 1.02062802653791e-13 1.89459559152283e-13 1.3274936705443e-13 8.5120133164196e-12 4.8105963657008e-14 0 1.56795003647403e-09 0 0 7.21644966006352e-16 0 4.59289273280206e-12 7.75831621169232e-12 1.01319563849955e-10 4.09136073908911e-09 2.12672023391924e-07 1.25512203963396e-09 1.93137710602365e-08 3.9047409750026e-11 2.53475562761452e-10 8.41576297538893e-10 6.24058150711093e-09 6.49678277842014e-09 0.00140243237684373 0.000164059237782499 3.84742604442323e-10 1.45310374843888e-10 2.46669284997836e-10 3.66262575823839e-14 5.295763827462e-14 1.2257417303374e-12 1.33226762955019e-16 3.00588476574992e-06 2.90852020246035e-10 2.22044604925031e-17 0 1.11022302462516e-17 1.28638655283453e-11 7.88650256211554e-12
2.09676720430707e-13 5.37681010825963e-14 1.57696078417757e-13 5.24753598518668e-07 1.5620837956476e-14 1.11022302462516e-16 6.66133814775094e-17 4.44089209850063e-17 3.28326255072398e-13 9.73809921589463e-13 3.55071890623115e-07 6.09877703894313e-12 1.13797860024079e-13 2.27995400337022e-13 0 0 3.61555230199428e-13 2.07316053213447e-11 0 7.84206033443979e-13 3.36823902102879e-12 3.00592883917261e-13 1.15000040490365e-08 5.7521295671048e-08 1.56972423948076e-10 2.94408680878711e-08 1.88964856762119e-08 7.98231067911104e-09 1.1109573483381e-09 3.80000508837242e-10 1.01315422718073e-10 8.59247910600658e-09 3.8851978967358e-09 2.00068044871049e-06 1.0476892122413e-06 8.70448305545501e-08 5.49515988268468e-13 1.50783829866441e-12 1.36630561320406e-07 7.43266291614031e-07 8.80406858527749e-14 0 0 2.56572540990874e-14 0 0 2.22044604925031e-17
3.88578058618805e-16 9.12220299298383e-11 6.79224454458449e-12 1.27078325640184e-10 3.51338513837618e-11 2.43250630749259e-10 1.82620185640303e-10 8.05240651935435e-11 1.11022302462516e-17 0 3.61976004725761e-12 6.62685473162838e-10 1.5625167826272e-12 1.34111610705645e-12 1.78398074091035e-11 2.03622674277426e-12 1.05625508339813e-12 1.47992729182533e-13 2.55351295663786e-16 1.11022302462516e-17 2.99071878373525e-13 0 1.2842662489021e-10 1.66533453693773e-16 5.19650988906051e-13 1.02102519772274e-09 1.70779419317313e-07 2.00741686995354e-07 3.60763978801693e-08 4.50052625056152e-08 1.88523363772508e-05 4.20743977552762e-06 3.86744094527103e-09 1.46614452134486e-08 9.74596339742284e-08 2.01742422767381e-10 1.95399252334028e-15 6.19504447740837e-15 0 1.24344978758018e-15 1.39394051856812e-12 0 0 5.15676390477893e-13 4.37427871702312e-14 1.58211221901183e-12 1.54921298012312e-11
2.16543449838014e-12 6.30095975395761e-13 4.41444457655038e-09 1.72920566754442e-09 2.62803301342984e-10 3.33066907387547e-17 2.67108335449961e-11 2.77506007062556e-10 7.16964265734532e-12 7.9362928451232e-10 2.95822810691959e-11 4.17912371375451e-12 1.56719082156087e-13 1.5183965196286e-12 5.46124177058793e-07 1.09976361351016e-11 7.66321450740293e-12 0 4.62595437511482e-09 1.23433652188254e-10 0 6.70141719893991e-13 1.32799327090538e-12 1.76419490127699e-10 3.7755321091737e-11 2.08387254119202e-09 2.70193382112538e-09 1.21310910872197e-08 6.74988953619504e-12 1.32733374624827e-08 1.79519951459817e-08 3.20206329335049e-06 8.77292551326736e-07 0.30260297949476 2.22077587752612e-07 6.63691324120919e-14 3.13633765887111e-06 5.57904362519679e-05 0.00317689989352432 9.27584919985236e-10 5.48679495171456e-09 8.27116153345742e-15 4.44089209850063e-17 0 1.48769885299771e-15 2.07212025316039e-13 0
1.51420320726459e-11 1.07397424287115e-12 3.44169137633799e-16 1.29800337145269e-10 9.0008674735742e-09 1.65557567655128e-09 1.11730821927836e-08 3.27515792264421e-12 3.14117676314396e-09 1.20211618437338e-11 6.64283326123893e-09 1.13287712544263e-11 1.09815839755001e-09 3.00581781687015e-12 4.31701622294334e-07 1.11022302462516e-16 2.01461436422079e-10 1.06690254408903e-09 8.47422132466136e-13 8.30137070195747e-12 5.55111512312578e-17 1.33983935057813e-10 1.83408843668076e-14 5.55111512312578e-17 1.18541748950207e-07 2.95018809381986e-09 1.31870474540108e-09 1.81017752232115e-08 0.000243509761020944 0.00303092782614397 0.00254862717792467 2.08943973234454e-14 1.53276886738496e-09 5.60946286087827e-09 2.71825719289076e-07 1.93929509340052e-08 3.93853242908193e-07 0.00247996129945807 3.21964677141295e-16 0 0 5.78237275405957e-07 9.9718222568157e-11 0 0 0 0
9.0145103714967e-09 1.23473709034982e-10 2.4715251178975e-08 4.06413791509408e-12 1.04088959673732e-12 8.79821326904562e-11 1.16751374124036e-07 8.04894925422461e-06 9.7914461636317e-06 4.9643462851634e-08 2.5652097113138e-10 2.19075799057222e-08 1.00170227668173e-10 4.31747637641422e-11 3.90640220171434e-10 9.37031927605858e-09 3.71269703869359e-09 1.54652735062655e-11 9.12329989333216e-11 4.78639683443305e-11 5.32508915995766e-07 2.66403387805259e-07 8.53628723263e-11 1.48898507967843e-09 3.09834956579991e-09 2.49907872174049e-12 2.51689002972455e-11 1.4098723255529e-08 1.29131704995622e-08 4.69067151787073e-10 1.29384504221619e-09 8.5265128291212e-14 1.11910480882216e-14 2.46169418183229e-11 1.8714632865624e-08 6.84625023339436e-11 3.80009057554531e-09 6.30431737924653e-09 7.15427701525329e-09 2.53526246969393e-06 0 1.39804612331318e-11 0 0 3.98570065840431e-15 6.47037978751541e-14 7.7715611723761e-16
2.27313004774743e-07 1.66098138498771e-07 5.37056485320875e-05 6.2993270599776e-10 1.0139822315125e-11 2.64233079860787e-15 1.12391554552005e-07 1.71046210306614e-08 3.69937011890364e-07 4.61852238275995e-07 5.79240758402655e-07 6.04042371676883e-12 1.36535218686618e-09 1.77112054799977e-08 1.07914458480352e-09 9.49999934274359e-10 4.62566238967899e-07 2.07045824929253e-11 2.30915646686203e-06 7.25977316040627e-09 2.09495643055391e-11 1.75275435876365e-07 1.15950484769201e-09 4.04659250552442e-10 3.88366006021101e-12 1.16098797242614e-11 3.50045588071168e-08 7.43267991598628e-10 9.66234883548189e-08 4.96269692007445e-15 2.92654789291191e-14 2.18137575436206e-07 8.04721391745034e-09 0.000224718784398836 9.55190859741606e-10 1.02197492912737e-08 5.74474093850696e-09 3.44878809588334e-07 6.19060572804031e-09 1.19915188889763e-13 0 6.45065112436782e-12 8.39974578781266e-10 9.99567095760767e-13 1.23012711128467e-14 1.0653700144303e-12 3.18292059375835e-12
6.42920894300403e-10 8.53545092449615e-07 2.78982046808096e-05 2.53065354172133e-07 1.54550590780733e-06 8.23393514037818e-08 6.37310260120927e-10 1.14929288308474e-11 3.76208451169369e-08 1.53923951984325e-07 1.35284415825332e-07 3.81916720471054e-15 1.60204149945997e-10 2.9744952056987e-10 0.0230976259661478 8.08265732121782e-10 5.70988809567297e-09 1.08369347939785e-09 3.38738328498067e-09 4.44299497193157e-09 3.02804742391416e-09 1.98343166335491e-09 7.52850004559491e-12 2.28195240481455e-13 0.155016376971443 1.75619851994213e-11 9.32320554092314e-11 1.10791517293762e-08 6.99189595110283e-11 7.35812966112803e-11 4.34319247233361e-14 2.1877319955621e-10 4.59354776438659e-13 5.67614844015907e-12 7.03881397612349e-14 4.07793310408522e-07 2.85728563887977e-06 1.82037095783016e-05 2.46755470501014e-09 6.87305474755817e-09 2.69962931787049e-08 1.82561172845652e-09 2.82989076616502e-11 0 2.19299023385133e-12 8.21411950102657e-07 1.17821855605271e-08
5.7351867034261e-06 2.10657172028395e-07 2.70404038937855e-08 1.70752501693627e-07 9.60657328045178e-06 2.19935535471505e-06 3.98281204461171e-08 6.11549714202297e-09 3.73692199673314e-07 6.58806342812568e-14 1.55847335037151e-11 5.01768449012729e-10 9.83334524917723e-12 3.32101013356123e-11 8.87878892630312e-10 8.16068118414392e-08 3.71676433661428e-06 5.44410606595491e-09 4.49960924076009e-10 2.01208827377286e-11 2.36194059866079e-09 4.10225409197551e-11 1.16997694865617e-09 6.04302163864645e-12 1.55238511201361e-07 1.21643353623302e-07 1.09609765708285e-11 2.68898467936651e-09 1.22779775901805e-08 1.41876362880211e-09 5.32930921615105e-11 6.25563614686797e-08 7.5618041648351e-07 1.23116133210477e-07 2.55351295663786e-16 1.11022302462516e-17 4.43461933841149e-12 1.42492070365208e-09 3.54995647100509e-08 3.85765597243903e-10 1.2433262808198e-08 4.08760036929579e-10 2.1457036147865e-11 5.40380495905879e-10 3.58686501611416e-08 1.02588848527319e-10 5.67130169493169e-09
0.018906926746422 2.74378012399268e-07 1.75795677570534e-08 6.17241435740823e-09 3.79493469562231e-06 7.3837573431268e-06 1.7799175355826e-08 2.8511375249618e-08 5.52382494301007e-08 0.00173333955608788 5.48944889322556e-08 1.37450937298667e-09 5.19440934709792e-11 1.67008735729723e-09 9.20615594868224e-10 1.19511477381096e-09 1.95339030506503e-09 2.22828422380417e-11 3.38826243728718e-09 1.43454292889089e-10 6.01817462531073e-10 1.85407245112401e-15 8.88178419700125e-17 1.81064994109192e-09 2.5273654813418e-08 2.37125998836518e-09 2.31650991722176e-09 2.36279889875846e-08 7.03825233872024e-07 3.82706454304937e-09 4.22244461617538e-12 9.56853041245154e-08 3.12971870641832e-13 4.57118787267063e-12 5.25138821316773e-12 5.09413178306772e-11 1.3522183373027e-12 2.21224039087531e-11 2.59653742951116e-11 6.20950421748034e-08 7.49575565484051e-07 3.16753039506512e-06 5.55017271235414e-06 1.21714274303741e-07 1.60254864933762e-09 1.09993765540217e-07 5.57916829180272e-08
6.60260845997129e-11 1.51016343874488e-10 9.94649518304414e-10 1.35812556756321e-08 1.32228700256976e-06 2.88789536728729e-10 1.01920525574783e-08 8.34318525377853e-10 9.53992107532997e-11 9.10801660758409e-09 5.35422250980133e-10 2.16344635983745e-08 5.46269401713317e-08 1.29939936588386e-10 9.70570712688357e-10 3.07779263186703e-09 9.46552169978077e-11 4.84184581317493e-11 2.80845458000556e-11 1.04513079302038e-09 1.13508558108322e-10 1.76176355726199e-09 1.0891025858939e-10 3.50427531436992e-09 1.02140518265514e-15 1.25131107253651e-08 9.09446771268918e-07 1.41076772486315e-10 2.46818110394287e-10 5.34879895930374e-10 1.88103773668402e-09 2.170509438848e-10 2.91378032812872e-12 1.81495518614128e-10 1.10647931927943e-09 0 1.11022302462516e-17 2.9672725387897e-10 1.33294919546501e-10 8.65765237278993e-12 1.56972352893803e-09 1.94141347442667e-10 4.85740731193118e-08 6.88145662078865e-06 1.46583311675386e-06 1.11578270911572e-07 6.22661582383444e-07
5.62199996778645e-08 4.49284599524091e-09 1.38831263152284e-09 8.51518078270885e-11 8.2497221720601e-09 5.09015052330142e-12 8.54871728961371e-16 1.48057566207171e-11 1.06494041262062e-06 7.78299424908369e-11 4.52532455952337e-12 3.48368460745263e-09 6.18544274688659e-09 1.39555692002524e-08 1.29464714504479e-09 3.25197158090873e-10 1.03020233455098e-09 3.81645171021461e-10 6.92533475010748e-11 4.51588794136981e-09 4.03690307848592e-09 2.00254764659569e-08 7.95690224819623e-10 2.2280714495615e-09 1.18729622355929e-08 2.05726435886788e-09 7.17521597692894e-12 5.89352105562213e-08 1.26563648450428e-11 3.69603125882634e-11 5.10615993931651e-12 1.95395290003564e-07 1.08516571661887e-07 6.45141828847784e-11 2.85327317328665e-15 1.71947633909042e-10 3.61887186883791e-12 1.73467733177723e-08 7.76888964271194e-10 3.80518301312804e-07 2.27382729178771e-07 7.79154518681935e-14 1.81632486828676e-14 1.03543063012523e-11 2.33229571724003e-05 1.5979212511108e-05 1.83472115168337e-05
2.19127328495716e-06 5.55111512312578e-16 5.95071070197406e-10 2.93544322182981e-10 3.56275573376585e-08 7.05591141070272e-13 4.5311147056637e-10 4.86947961952922e-08 2.27753657433549e-07 1.2227120427255e-10 1.12084864722917e-09 2.2754128581326e-10 9.26073662199656e-10 1.62219981891809e-10 2.13248888325523e-08 1.4665049552498e-08 4.00525612676006e-10 7.34010485725634e-10 9.93315207864498e-11 7.70168706587526e-11 1.16035100816703e-07 3.51058659919801e-10 1.36183220256214e-10 2.74915153863908e-08 3.46938241913008e-08 4.60437676874648e-10 2.60738010904316e-07 1.9523854952741e-07 3.53038895384294e-07 5.61563098688822e-08 3.40844903023996e-07 8.80233963496124e-10 0 0 1.56908819270996e-11 4.69947498316081e-07 2.60411092011248e-06 1.02071138874393e-07 1.97952765290665e-14 8.10308404819438e-08 1.72056722647085e-08 4.10782519111308e-16 3.16673573332871e-06 4.26057014391024e-07 0.000333938482678386 9.81273392142157e-07 1.19486528102231e-05
2.84504309000511e-11 1.43180056699777e-10 0 6.99440505513849e-16 3.4112591307256e-09 1.28459483050847e-09 3.04036529286122e-10 1.0695245364678e-06 1.3172495556546e-07 9.89880259982812e-09 4.47353265542461e-12 1.32565748600655e-08 1.31235022848841e-12 5.67614844015907e-12 3.29140048549448e-12 6.34070573823919e-12 5.08362241191662e-12 1.4322306673975e-10 2.28775887123334e-12 2.26390017843414e-11 8.08823008568993e-12 2.91722876966105e-09 5.59894929530458e-08 3.716659835451e-09 9.13566182703107e-09 9.29436132501849e-09 3.68951400098183e-08 1.67932985184471e-08 6.22328201416167e-08 1.44076373054247e-09 2.61433097392683e-12 0 1.11022302462516e-17 0 1.11642143196811e-08 5.00170221215956e-06 5.25135490647699e-15 9.32587340685132e-16 5.10147479815259e-14 1.70614671627933e-05 0.00139252909924082 1.3180827069359e-06 0.0288164938232161 1.54515226751584e-05 1.10916417063622e-05 2.24850498113938e-06 2.02035778997356e-05
3.5527136788005e-16 2.44249065417534e-16 1.71000470783333e-08 1.06248343456627e-14 8.90596696390134e-10 1.39969130064088e-08 2.96495542784214e-08 1.21039610267992e-07 1.38102240754279e-10 3.90788512660833e-11 1.12487243186798e-08 3.94819541504887e-09 3.85494192123303e-11 3.65627528253754e-11 6.20567930376126e-11 9.69587743426814e-12 8.26391390873482e-09 2.20868408437047e-06 3.6751646175337e-06 2.9142408708438e-09 6.74948874568315e-10 3.84560414512514e-08 3.1448732773498e-07 4.10189151389684e-07 2.55631099921327e-07 9.99279790026009e-09 2.41670314871101e-09 1.94074597459348e-07 7.22138587816445e-09 2.71770383974967e-12 8.27737878239532e-13 1.77080572427712e-13 8.64297522440438e-13 0 3.47843753800703e-11 9.55269197078223e-13 7.96029908656237e-15 0.000284306093306796 6.11041010512015e-07 7.09301805057461e-07 0.000142584522720834 0.000182657147609711 6.08691925452209e-07 5.05567064534862e-07 1.33209082620045e-07 2.714517499669e-12 7.14046599792351e-06
