Maxent_result_files_1/Bombus_wurflenii_2.asc
NCOLS 594 
NROWS 330 
XLLCORNER -15 
YLLCORNER 23 
CELLSIZE 0.166666666666667 
NODATA_value -9999 
[rows 100 to 119 of 330, columns 450 to 494 of 594]
1.68473158282723e-05 2.85328115751327e-05 6.95993892350089e-06 8.26190969291929e-06 1.10928390313347e-05 8.2683071923384e-06 7.23222397027712e-06 2.6731227876553e-06 2.99712720241985e-07 1.10771974846102e-06 3.6492869028848e-07 6.94114423538394e-07 4.3463997769777e-07 2.19434191173207e-07 1.42378783607455e-06 9.64846540796316e-07 3.34400614292463e-06 2.70760363818567e-07 5.90540220173352e-06 3.52553223819996e-05 5.64772544748848e-06 2.94688640565255e-06 5.59641491904017e-07 2.47570276002307e-05 5.02736202747656e-06 0.000246711428917479 0.00023166654536908 2.27728571644548e-05 2.33420087624836e-05 2.93666502102496e-06 2.30333687341044e-05 4.14311138854373e-06 4.76270596152517e-06 1.66003202934917e-06 3.85942320235699e-06 2.42812545252491e-06 3.23985132979487e-06 8.37544801868262e-07 2.92215709691845e-06 6.27667930075404e-07 2.08608336720317e-06 7.85344487752582e-07 6.40879389379734e-07 4.14584184937894e-07 1.29350823119267e-07
2.02050273401255e-05 3.25981432979461e-05 4.59058913406807e-06 3.58716023924899e-06 1.18501329325227e-05 9.76057008301723e-06 7.18179369414429e-06 1.11490187180152e-06 1.3912852040221e-06 4.70499805942382e-06 2.79875083606385e-06 4.02732042630305e-06 3.6099618228036e-06 3.08123831587182e-06 5.54485338000177e-07 1.43640911574039e-06 1.35215956902357e-06 2.37783909255995e-06 1.23887706990899e-05 1.97081497503859e-06 2.78881004760478e-06 7.68728056073087e-06 5.20257820539882e-06 7.27428437983235e-06 1.45922178660385e-06 3.21611989875237e-06 1.02805155819397e-05 6.97850988871096e-06 7.43304758543673e-06 1.11890475977816e-06 2.08382818129849e-06 1.19619137350924e-06 2.0316758011063e-06 6.61198865259394e-06 1.69995108194598e-06 1.485371399923e-06 1.86647245357108e-06 1.89913584449641e-06 6.6977338946117e-07 1.80627348242979e-06 1.07669971995961e-06 4.15635386730173e-06 1.10049992159134e-06 1.83954911676665e-06 1.88166530001865e-07
5.58368757310745e-06 7.37103096071223e-06 4.85501401499278e-06 1.42349502141315e-06 2.3204370052099e-06 9.09385530576401e-06 6.58274595934927e-06 2.12930869565753e-05 1.17923725895253e-06 1.42246923076073e-06 4.67155005026143e-06 7.62185488412115e-07 1.15932149213904e-06 3.07274832067606e-07 3.36043704010081e-06 9.8368833079121e-07 1.93412466273912e-06 1.06443083591756e-07 1.71697196265086e-06 4.48017651706323e-06 7.99055805345006e-07 3.02507982041789e-06 3.36593717875644e-07 5.49831995755312e-07 1.81264048251251e-06 5.30328464520835e-07 9.6493668166886e-07 1.11241164830744e-06 8.40719064854056e-07 3.57785638982477e-06 3.49485050037401e-06 4.57097485195845e-07 4.6273414007203e-07 2.06075570758912e-06 1.50664248224075e-06 5.02956580561431e-07 4.37989931256766e-07 1.79136878699637e-06 6.44884242007038e-07 2.42037127122785e-06 1.03196365671465e-05 7.72848400742987e-07 9.00773748924166e-07 6.60226703530498e-07 9.27572269660004e-07
2.14482326441612e-06 3.71826662899366e-06 2.53855999687858e-06 2.13916083851018e-06 5.36908071353537e-06 5.7851386600305e-06 1.22941894460382e-05 2.51043962862241e-06 3.67543353831934e-06 7.25396653251664e-06 9.56970296783766e-07 9.40474001254188e-07 3.18085145067926e-07 1.84075794962268e-07 2.16475867631516e-07 5.05847842191542e-07 6.55030073204443e-07 2.07293038023693e-07 1.0219836184433e-06 1.09159897760946e-06 1.75920889091685e-06 6.64430477925748e-07 2.2622169986164e-07 1.02616829913416e-06 3.85057107266107e-07 3.66563548936938e-07 2.40923194283482e-07 8.19627813086754e-07 3.74452550033766e-07 2.90073831266113e-07 4.65113766523473e-07 1.22263649338095e-07 1.09390893214822e-06 8.87965244089628e-07 7.02429053944797e-07 1.42325063876569e-06 2.86760588963375e-07 1.11061113727828e-06 1.53368081043936e-06 1.78440551081849e-06 3.87659030209875e-07 1.0249674579299e-06 6.76835890445204e-07 7.30307691299004e-07 1.61417092225946e-07
2.77778993620359e-06 3.77744090940269e-06 1.53703765306545e-06 1.25508680923758e-06 1.96564692771517e-06 1.71576761545111e-06 2.1229749847862e-06 6.39170311842463e-06 3.83467778419799e-06 6.16916147464508e-06 2.84926745166558e-06 3.79576171098961e-06 3.47791044532642e-06 3.41804561365677e-07 7.20227560258024e-08 9.8893114675036e-08 1.28198486137876e-07 3.76769751841977e-08 2.36048013135814e-07 2.27241216244067e-07 3.05861006566488e-07 1.48743341288338e-07 5.4166048641946e-07 1.00963975402379e-07 3.17744174394008e-07 2.531654278215e-07 5.79986429727342e-07 2.77663883352375e-07 2.82592822031802e-07 1.12564559806572e-07 4.03341805110813e-07 5.50322736714293e-08 2.03675466181608e-07 2.73417404059728e-06 7.20252160846257e-07 2.96702616608968e-07 3.68938216155357e-07 5.41261893971523e-07 1.3816903834396e-07 5.92630522788795e-07 9.33458765928208e-07 3.74301234984387e-07 3.89028214087261e-07 5.32559474208938e-07 1.7845988455889e-07
1.76514125485028e-06 2.8861174399708e-06 3.71430753034474e-06 7.12283177506379e-07 2.93668800566138e-07 2.31132414896251e-07 4.49406024216614e-07 1.33741950847366e-07 6.89968293343668e-07 8.23468471011779e-07 1.05307249711473e-06 9.21246326868186e-07 1.00510216114458e-06 1.06055545359141e-06 1.69932960716324e-05 6.04434946467336e-06 6.59085337133547e-06 1.56629653247364e-07 4.88321705915951e-07 1.91485804279523e-07 2.94516699739233e-07 4.32141051831536e-08 1.0082427648328e-07 6.18905724181218e-07 3.6811213348642e-07 3.98785343236341e-07 8.16981190521204e-07 5.48842235970071e-07 1.39607718363521e-07 2.11260435101224e-07 1.65816134778396e-07 2.90063440999688e-07 4.53975802372497e-07 2.10208906636922e-07 4.27939560943003e-07 1.31230747797417e-06 2.37480167974979e-07 8.39558686394071e-07 1.97482261299342e-07 6.27840408640168e-07 1.59040300786728e-06 6.36718301549877e-07 6.5629571164294e-07 9.99907193399707e-07 1.87766350556728e-07
4.16068300239658e-06 2.00424686482847e-06 1.49499497013039e-06 1.06945595490515e-06 1.03057713118915e-06 9.26444720050768e-08 1.67732709996926e-06 9.80534328398619e-08 1.70840720237209e-07 6.22659995741515e-07 9.24662064960557e-07 2.37031308003566e-07 3.8281082730407e-07 2.30801125411517e-07 1.01052268490776e-06 9.73081485255989e-07 1.55154308174588e-06 2.69856450785255e-07 3.65716462891186e-08 1.82411915972125e-07 9.30857036784971e-08 1.60137579285902e-07 4.58031861771957e-08 1.07949342442737e-07 5.00499215050354e-07 2.65235408569708e-07 1.34204187318687e-07 4.16495046406951e-07 2.94254901955782e-07 1.6720773814427e-07 1.14013353158526e-07 8.33055774585034e-08 7.73321181668507e-07 1.13456509698295e-07 3.0971440843075e-07 1.17328765281144e-07 9.44260044377643e-08 1.10872304581733e-07 3.48814146278187e-07 6.26546248128079e-07 1.2142672876081e-07 2.57970810935149e-07 3.25030271230986e-07 3.60201539706395e-07 7.23521642242986e-07
4.51338825939729e-06 2.15085177757146e-06 1.33851227133164e-06 6.25088586758693e-07 4.46157481803766e-07 1.51381767565795e-07 9.21804882381139e-07 1.25673779027835e-07 1.31969429340018e-07 1.27521748254367e-06 2.60743881419501e-07 1.43492501258891e-07 1.74495524163376e-07 4.33955959522336e-07 4.83127969630459e-07 3.79503036995743e-08 1.12483021652565e-07 1.31469753217317e-07 3.71359579105501e-06 3.75436594168832e-07 1.06792963538993e-07 1.78871821887583e-07 4.83191906486269e-08 2.7659509216349e-08 8.91414171633187e-07 3.92568454543607e-07 3.63698704930471e-08 4.35961521816353e-07 6.29985748012984e-08 4.55389578046805e-08 3.60649401898172e-08 4.61491656000845e-08 8.0929683665687e-08 1.50262850340255e-07 1.26173717163169e-07 2.09791172167684e-07 1.9051014863436e-07 1.12466059363214e-06 1.40206688570288e-06 3.22437095512385e-07 1.98657119732104e-07 1.86935030122015e-07 2.30149658619894e-07 1.77460832873066e-07 2.38422537535143e-07
3.301067040411e-05 2.80477673584301e-06 1.95916170184773e-06 3.95057140849531e-06 9.82494623968932e-07 5.97167111493491e-07 9.04401478862837e-07 1.95868228658469e-07 1.15140556857796e-06 3.18831251888696e-07 1.7943916901686e-06 9.84026192085707e-08 2.19892928754462e-07 6.74364878605616e-08 6.29969242549322e-08 1.01406372365886e-07 7.63874783871188e-08 3.81179054720349e-07 2.34769609974705e-07 1.04144312444987e-06 6.24942338589562e-07 4.20698690106747e-07 4.36956638871777e-08 6.49775794414609e-07 9.72007216049065e-08 9.27201313061232e-08 1.44342197394565e-07 4.34363708112784e-08 1.34481952152044e-07 1.62605374498526e-07 1.24687277391899e-07 4.20034220383059e-07 3.34943115909425e-08 5.30925433395169e-08 9.39715860681645e-08 1.40840587636859e-07 7.37661930116928e-07 5.97143300495873e-07 9.07893661405978e-07 4.69093100718965e-07 6.21204899076133e-08 9.7430076806404e-08 5.21043613144201e-08 7.19000286864002e-08 9.20947834437413e-08
2.1968477176415e-05 2.39504935507284e-05 1.56478650410463e-06 2.25365048436288e-06 1.15956599984202e-06 1.12489749213296e-06 1.02824199359475e-06 6.22680695272493e-07 1.6686611523653e-07 1.64503762078994e-07 1.06076201156213e-07 3.07355291795375e-07 5.14690486852487e-07 1.11719742790228e-07 2.32814550571447e-07 1.32811279929257e-07 1.7911462428799e-07 1.38809768657211e-07 1.05895294399971e-07 1.20956303817366e-07 8.6124103049201e-08 8.43144840700916e-07 6.61553687386629e-08 1.71641829815883e-07 6.07712387079573e-08 9.83760626738217e-08 1.37195872262907e-07 8.4332214367322e-08 6.94202400097765e-07 4.20218075305456e-06 4.89209378429223e-07 4.68996817915013e-07 1.75228674947903e-07 4.73313545690246e-08 1.20488572186161e-07 8.61719357203583e-08 1.51174995721703e-07 1.38027049878531e-07 3.25755318897336e-07 7.16628264285646e-07 4.27801330360467e-07 1.40224456934845e-07 6.16751193671661e-08 6.0820284542018e-08 3.32214703391287e-07
3.24733711067893e-06 2.49524119055877e-06 1.51522473998966e-06 2.41068865761918e-05 2.03226801147594e-06 1.13353532569249e-06 1.17972824327239e-06 8.72037688637306e-07 1.09486303401241e-06 8.83384411309862e-07 5.37026969738008e-07 8.13288616541286e-07 1.04532965679027e-06 7.59191173926865e-07 1.91650625680495e-07 1.32629804454609e-06 3.83388464442191e-07 3.97298617116348e-08 1.67943472817456e-07 3.49987240522154e-08 7.72230571044474e-08 5.52940563025572e-07 5.91927936444137e-08 2.10551941215442e-07 5.88703596982043e-08 1.50911184704228e-07 1.19701896750257e-07 2.23264394350053e-07 2.67006065612918e-07 3.73879793258425e-07 5.77420588676603e-08 1.40427158434875e-07 4.24671585008696e-07 3.68073784429157e-07 9.37245980026091e-07 2.82430574998216e-06 2.42828622631919e-07 7.89505975262728e-08 1.27255896842371e-07 1.45461641065658e-08 6.26270059367329e-08 3.90035854058723e-08 2.33590162324049e-08 2.36255788932382e-08 8.15727488001627e-08
3.32602198795939e-06 2.03432329897169e-06 6.22206833611472e-07 1.21980479761419e-06 1.14140964555531e-06 1.32515570356873e-06 1.15553834163507e-06 1.02595290911722e-06 2.5756422097345e-07 1.81819064337674e-07 9.13218812570449e-07 1.31603423447757e-07 6.11432739816564e-07 5.5326099968056e-07 7.00865403757689e-07 7.89819662472269e-07 8.2746153395874e-07 8.74091786329245e-07 3.7950929296926e-07 2.84517570747766e-07 4.16300693295568e-07 6.82503225490905e-07 3.06983650748549e-06 6.69255572738336e-08 3.08262378162283e-05 7.77685664576921e-07 9.19871238735936e-08 1.9240816531152e-07 7.71844861358062e-08 4.06530957519635e-07 4.19530320527883e-07 8.83981866195427e-07 3.02882988023612e-07 1.133702026479e-07 5.57316434424138e-07 5.38788458470663e-07 1.454291103542e-07 5.46484609564857e-08 1.34952478703099e-07 7.46773251236732e-08 7.91926685117517e-08 1.16776130010265e-07 7.09595123993267e-08 3.05359667507332e-07 1.01903656801738e-07
4.62777444738549e-06 2.15295851120345e-06 2.78999476392983e-06 1.62460083856786e-06 7.47153585223259e-07 8.33916190146056e-07 6.92781097200168e-07 5.5597140189434e-07 4.97301099500191e-07 6.10315478155599e-07 4.66948550936763e-07 2.15028893251201e-06 2.20830459252142e-08 3.3705178168475e-07 1.73411213211239e-07 1.04445395407993e-06 8.49877527642207e-07 7.50315265563017e-07 6.45549301481196e-07 6.14834169709866e-07 2.34852183211842e-07 4.26939656605896e-07 4.65722693689941e-06 7.34259881174371e-07 2.17838818872274e-08 1.59238328034661e-07 1.34302857013324e-07 1.12067893454082e-07 4.10478166656958e-07 1.28531634402407e-07 4.5851110748174e-07 6.61023840109465e-08 1.82388859926164e-07 3.91341682615121e-08 6.2130749967082e-07 1.80931353099822e-07 2.20866231526173e-08 5.16866597077836e-08 1.09883201471206e-07 3.95250110862833e-08 1.26425651458817e-07 1.91722856968113e-07 2.23284746070362e-07 5.76390784434722e-08 1.98280603669332e-07
4.84895076624525e-06 1.02450886174665e-06 2.38037642787958e-06 2.15986828209225e-06 1.76714623734142e-06 1.62763757245443e-06 1.44893458156048e-06 1.33906694870234e-06 1.39182236083002e-06 1.9095307408179e-06 1.94590926980709e-06 6.4963471260171e-07 2.42589507593038e-07 1.69432643204459e-07 3.69701026237124e-07 9.08185712944487e-07 9.93398752768826e-07 1.50295594636418e-06 8.34801932114715e-07 6.97631643120644e-07 6.9292847300062e-07 6.11707273634465e-07 4.42582712345541e-07 4.40628956255296e-06 3.67949219359787e-07 2.72010139923395e-07 1.63698529043188e-07 1.22784453537861e-07 6.29911756089285e-08 7.56229088239024e-08 2.0500185939909e-07 2.28934716162144e-07 9.34257679219286e-08 1.81907534368975e-07 3.80124439658402e-07 4.66705142798673e-07 1.87476875979087e-07 8.86718458303903e-07 4.10791758387319e-08 7.03939610602333e-08 5.18764218693235e-08 3.33051773715454e-08 9.03937517193754e-07 9.33633383937149e-08 2.83048558813448e-07
5.17563869664173e-06 3.21004945078585e-06 3.1564652203997e-06 2.89568759370695e-06 2.77599985736288e-06 3.89592916576476e-06 2.66059011551079e-06 1.63845333958079e-06 1.61788370007798e-06 1.37524444525638e-06 1.12123687969756e-06 2.63074057613721e-06 1.82574203932973e-07 4.99994307290308e-07 8.28114048090356e-07 8.14619982136833e-07 9.02104237354706e-07 1.40329254350036e-06 2.17473862740292e-07 7.370246272842e-07 6.18175672428833e-07 5.12743361724688e-07 5.29816541217087e-07 2.15293410832373e-07 1.14563808040202e-06 8.97352899542625e-08 3.00278772868978e-07 2.77028761530573e-07 8.23773207869749e-08 6.72753358799128e-08 2.21503501407483e-07 3.17384056458536e-07 3.22274013342394e-07 7.35092367420975e-08 1.08596082881718e-07 1.13322791683856e-07 1.31399201031002e-07 3.02410366614936e-07 2.08368723519925e-07 5.6653344202573e-07 6.70760958776384e-08 2.13635021140135e-07 4.41176992538317e-07 1.421401893964e-07 2.09154109143128e-07
3.2717019280426e-06 4.14031358104694e-06 3.30552254013128e-06 4.19346032742851e-07 1.92747706790897e-06 1.48425458732504e-06 6.7151194912185e-06 5.58543250690491e-06 2.63586597668564e-06 4.57155866797621e-06 5.5598080962227e-06 5.13317048671524e-06 6.11015403961801e-07 6.09285407904281e-07 2.29268029272589e-07 4.01575095487772e-07 5.06161249447246e-07 7.51296064294138e-07 8.34877381450383e-07 7.93335245674598e-07 3.55869076962279e-07 3.57453191668355e-07 2.49921442474488e-07 8.72225886183742e-08 4.39106876637396e-08 5.13565286741624e-08 2.06247602996257e-07 2.5095308266998e-07 6.08403927682133e-08 6.48714903572767e-08 2.2860065431729e-07 9.02038509220659e-08 9.0635424276897e-08 5.87195187051748e-07 6.67226188966197e-07 1.06916813535918e-07 2.57455750585223e-07 5.74613921244804e-07 2.06056351146344e-06 9.84428444539276e-08 4.25591539343628e-08 1.95900249799763e-08 1.87828623587905e-07 8.07203352160002e-08 3.24818846930697e-08
9.2443341031867e-06 5.07046234474728e-06 7.74541887949454e-05 0.000897025958099107 2.88037538211938e-06 2.15733908390803e-06 2.96964142023626e-06 3.04304081453211e-06 1.89331059630149e-06 1.72547758978681e-06 8.40365650134345e-07 1.35974729360555e-06 1.45844682961638e-06 1.64334580574632e-06 1.62292004404208e-06 6.08807329882666e-07 5.0591252573895e-07 7.59352550616654e-07 9.41016010358453e-07 7.07956245804553e-07 6.79796550073775e-07 1.40360089062597e-07 3.10207277109953e-07 1.45256139916228e-07 2.84613741818873e-07 2.05359693783436e-07 2.25129277353631e-07 1.43909553571575e-06 8.2250634676484e-07 9.25334862245109e-07 1.28748555727753e-07 1.29057616593542e-07 4.97540744603953e-08 1.03840821807921e-07 6.6208966842396e-08 6.42747732371163e-08 1.03176706822694e-07 1.82708175344715e-07 1.19981229431687e-06 2.17730469431743e-08 2.14541942078483e-07 1.20449363905095e-07 3.55493489312408e-08 6.2401155176417e-08 6.09099596537988e-08
1.6461461518702e-05 4.84744429058992e-06 2.03409010879341e-06 4.02926956724059e-06 2.50662603491492e-06 4.51241501195909e-06 1.63580772834848e-05 3.24292907976087e-06 3.23627429850148e-06 7.58868429784343e-06 8.70238716288441e-06 6.38968169823784e-06 1.25538646429391e-06 1.38367506536952e-06 9.4875058458399e-07 7.38368582986482e-07 7.53477934622992e-07 1.34768579158617e-06 5.6173405937443e-06 2.89541852396269e-06 1.31869219366365e-07 1.42808119996118e-07 8.38737713060311e-08 3.6406619869922e-07 2.14489066152623e-07 1.24174943394451e-07 6.98906215568229e-08 8.9565482497278e-08 1.63591079882508e-07 3.24770420689902e-07 1.31323643959291e-06 1.86450056993692e-07 2.3069775068052e-07 1.25451585546443e-06 1.07863470422132e-07 2.6624319424684e-07 1.06561247292802e-07 2.76212250938102e-07 2.26824814069104e-05 1.11022898573232e-05 7.46020138109316e-08 1.99788221522113e-08 1.14040301379958e-07 3.89728143979085e-08 4.79645416717744e-08
1.72253259734134e-05 7.01667043472298e-06 4.99770323756366e-06 6.03171080797438e-06 5.95532164879842e-06 4.49805843913964e-06 7.26024087271071e-05 3.95280354155147e-06 2.36486707052563e-06 3.23402847470788e-06 8.33596836855577e-06 1.56575517920032e-06 1.04708356616356e-06 1.24734796003168e-06 1.19573761878655e-06 1.2197169887429e-06 1.15216340645929e-06 8.69763605351181e-06 4.32009443329662e-06 3.10418547542213e-06 5.18819433459328e-07 5.20169763262857e-07 1.19770320949897e-07 6.48295821292777e-07 3.10378733736627e-07 2.3746654047585e-07 2.64197034383073e-07 1.88268553369397e-07 1.32731103690276e-06 2.45579304092303e-07 2.29578734707303e-06 3.59092592105981e-08 8.01971107051713e-06 3.67129537437449e-07 1.15066810302267e-07 6.77406798388347e-07 1.25811134363829e-06 2.65606450255973e-07 9.17669236741858e-06 7.35465065737628e-08 7.36150215452369e-08 1.0945076599711e-06 8.26742258652757e-08 9.11531985003933e-08 2.10495303463176e-06
9.25335430110863e-06 8.91689782065441e-06 1.01734612826476e-05 2.40309748733125e-05 1.95754024844064e-05 4.21270460435608e-06 7.80248371938796e-06 3.69394361428021e-06 2.78923479726245e-06 2.02047958453022e-06 3.51253934240958e-06 8.52120490435482e-07 6.71848971478539e-06 5.74015692933472e-07 1.29054227357983e-06 1.24645474244289e-06 1.47190273196429e-06 5.0276833803764e-06 3.93623990930791e-06 4.93138205683863e-06 4.71954535896657e-06 1.06783395949606e-05 4.8695427722123e-06 1.38440786656702e-06 3.33662181795091e-07 2.53485208023818e-07 8.06637514116915e-08 5.31370019984934e-08 1.34073329416395e-07 9.10313866508972e-08 9.86777292766305e-08 4.06673021302595e-07 1.6852192885608e-07 2.48731486252041e-07 8.42580892879141e-07 7.1025354344556e-07 3.77487902269991e-07 4.31860569278797e-06 2.37685306458957e-07 1.81165890467128e-06 9.18798159688095e-07 5.32127267938165e-07 6.41248989907694e-08 5.99642822862734e-07 1.23174650479285e-08
