Maxent_result_files_1/Bombus_pascuorum_3.asc
NCOLS 594 
NROWS 330 
XLLCORNER -15 
YLLCORNER 23 
CELLSIZE 0.166666666666667 
NODATA_value -9999 
[rows 210 to 230 of 330, columns 47 to 93 of 594]
0.999855256080627 1 0.999999958276749 0.999913877248764 1 1 1 0.999990504980087 0.993340867757797 0 0.999999767541885 0.892139446735382 1 0.646348024904728 1 1 0.999957340955734 0.92998041510582 0.70597482919693 0.00568390424014069 0.99990690946579 0.0630901554599404 0.00960929007269442 0.0235023180954158 0.017547385301441 0.0404681079089642 0.999988877773285 0.185552580654621 0.000121471177408239 0.00346768805757165 0.0116377131082118 0.0256118458230048 1.0030644076453e-07 3.22292340870778e-07 2.22509723202258e-08 0.00105042803552351 1.46465124757356e-06 0.00310160325607285 0.999996811151505 0.0662028778344393 0.998360496759415 0.999997693300247 0.0247619987931103 0.999201583862305 0.406797583401203 4.36983670937252e-06 7.29072167814593e-05
0.999999994039536 0.999987858533859 1 0.998025864362717 0.738641920685768 0.751062241196632 0.948297503590584 0.773293226957321 0.576026368141174 0.984715068340302 0.982579696178436 0.85231471657753 1 1 0.999857234954834 0.625149741768837 1 1 1 1 0.963136422634125 0.999997109174728 0.00568158589303494 0.0391205139458179 0.0106613583862782 0.00232549144784571 0.00113321760145482 0.0276728614233434 3.06126373690319e-06 0.202748503535986 8.22147015422381e-07 0.0093317731982097 8.25685243448504e-06 0.00217027891631005 0.000194777157230419 0.00484628747217357 0.0226282354444265 0.0303950631059706 0.0241275163367391 0.626947259902954 1 0.895248357832315 1 0.99998939037323 0.973386073112488 1 0.764111885428429
1 0.232259511947632 0.000844890561711509 1.84571599115557e-09 0.703712940216064 1 0.251993092894554 0.742109155654907 0.847631335258484 0 0.00728677674196661 0.0567825870588422 0.2948665112257 0.816639226675034 0.993157285451889 0.999769884347916 0.181600756570697 0.0690114334225655 0.121630850806832 0.878650259971619 0.997777670621872 0.22296890988946 0.0169252494350076 0.0029199171345681 0.0222727470565587 0.00120361683220835 0.0013630986737553 5.87607756301622e-06 0.00819893062580377 0.00014707567061123 1.23488530277882e-05 4.5191656328214e-07 2.49598361250492e-06 0.374782854318619 0.00883884974755347 0.000109792037255829 0.00811202691402286 0.00583463723305613 0.00981380571611226 0.0264389145188034 0.66087227165699 0.00148303590831347 0.90017505948199 0.0621700479649007 0.0252927576191723 0.704297626018524 0.810128593444824
0.246113880723715 2.13207420607375e-09 7.89800558287368e-11 0.907066607475281 0.983128792047501 0.00126010788444546 0.805020219087601 0.0442926704883575 0.0165628338698298 0.00294339770334773 0.000414373053354211 0.000201958610705333 0.000300997415070015 0.0018935081869131 0.0175899796187878 0.00330720150959678 0.00956815695390105 0.00724935728358105 0.000682742601202335 0.012930847518146 1.02899910814358e-12 8.81781974082507e-07 0.0370295040309429 0.0751300567761064 1.50107048013659e-07 4.28023653284981e-06 8.44101431539457e-05 4.06858809355981e-05 3.88578058618805e-16 4.38653306034098e-07 2.01348996142769e-07 3.12188846218753e-08 8.41481188840199e-08 2.61230920572952e-07 2.52530995737743e-05 0.00866079495754093 0.0571515344083309 0.00523400363745168 0.0147621994838119 0.122903627902269 1.53043482754356e-05 0.592854702472687 0.287344790995121 0.116933359205723 0.026343793887645 0.0112725799903274 0.00491954459575936
0.136959854885936 0.574240690469742 9.37132838771504e-05 0.46792229115963 0.870650625228882 0.763204777240753 0.112488667294383 0.0466347478330135 0.000455719727324322 0.000610209541628137 0.000157689373691028 0.000194001639101771 0.000282074897404527 0.000120434816017223 0.000208311872665945 0.000103225043540078 8.61306084971147e-05 0.000126534840455861 0.00047669395498815 0.000388524048685213 0.00086137125181267 0.0397803325206041 0.873275995254517 0.00868576895445585 0.00486991154029965 0.0328974222764373 0.08246537335217 0.350550194829702 1.16768372748766e-11 0 4.62462591030999e-05 1.2594307339242e-07 3.17424617590767e-08 9.61260533394181e-09 3.41182739838075e-09 2.12369274077417e-07 9.26682243118648e-06 6.85359364524629e-05 0.000102343698426921 8.6820567810264e-05 0.011493325070478 0.0429298754781485 9.14174813260615e-05 7.14329680406856e-08 2.91182147748259e-05 0.00528089563013054 0.0437495881691575
0.496957163512707 0.897304612398148 0.734481394290924 0.006902874505613 0.999995487928391 0.645209729671478 0.0161274028592743 0.00232042070565512 2.96870529268745e-05 0.000136919458054763 0.00012563754708026 0.000144984648613899 0.000154691820443986 8.81421453868825e-05 2.5759561981431e-05 4.83230488956821e-10 9.28445113913767e-05 8.11613716450665e-05 0.00012435973249012 0.00012818616369259 0.000762111585208913 0.980774360895157 0.0114876381121576 0.999841719865799 0.416376487910748 4.69639682705747e-05 0.388563984632492 0.145428460091352 0.409055195748806 1.38082878464729e-12 2.81692447146042e-12 1.35555903506557e-06 8.19268342056034e-10 0 1.41212784798839e-09 3.03539021695443e-09 2.06294641369453e-09 6.79863326857877e-08 2.51739159518038e-09 1.72102272544272e-08 6.60402954544281e-11 1.07023898110459e-07 5.41477627546971e-07 1.01567468824726e-05 0.00350197396764997 0.0196664423681796 0.0721824508160353
0.00104782628332032 0.0352123918943107 0.0120523164747283 0.0423935948871076 0.88963029384613 0.0661044297739863 0.135476781800389 0.000124802290793014 0.000214543014408264 8.332048982993e-05 2.03537240849982e-05 1.92462953805261e-05 0.000128411262539885 9.34867722662602e-05 0.000314671241449105 0.0020966082913219 0.000485106423366233 0.000206567405257374 0.000948482577223331 0.000276921651857265 0.00187287155131344 0.0219671095721424 0.157316841930151 0.116536426544189 0.332038044929504 0.978021895885468 0.68158872127533 0.960859596729279 0.999560880661011 1 0.0180553483311087 0.00472726598381996 8.61360946888823e-06 1.47482022594403e-08 1.07082933631375e-09 1.10585032242483e-09 1.14613737389746e-08 6.34797060472536e-09 2.26298583205775e-09 6.65744818162395e-09 6.24995923903526e-09 1.10857082069593e-08 7.24509905403181e-09 5.91478555023173e-10 1.82126536074634e-12 5.40101531907311e-06 0.00130007728585042
3.48517178561103e-08 0.00741369490278885 0.000899185576417949 0.000222300213499693 0.00056126387353288 0.00251445075846277 0.00283166069129948 0.000322292229793675 0.000162915854389212 3.77495371367331e-05 0.000100006056436541 2.8973941221011e-05 0.000128625672641647 0.000640670186839998 1.45439216225896e-15 0.000120403140772396 3.94676099404023e-05 8.22366943566521e-05 0.000138414822413324 5.66177309451632e-05 5.73474601139878e-13 0.00144661574013298 0.0067938681517262 0.0275194061920047 0.0683881688863039 0.928090876340866 0.636474323272705 0.16292972266674 0.000576141351484694 0.300017151236534 0.507945930957794 0.747008323669434 0 5.01057480484235e-07 4.53639492636881e-10 1.62116986501815e-11 1.88959958791202e-14 0 6.92591095585726e-11 1.28741197047422e-07 3.1810799006049e-08 9.23387777351792e-10 9.12295716748446e-10 5.35352406849654e-10 7.44320205470217e-10 8.51886361452614e-10 2.16280948706071e-09
4.38021270066091e-07 2.06974366427914e-06 2.9759543167529e-06 7.33054762780405e-08 5.42345092071628e-06 7.31021397371023e-06 3.75330321276124e-05 4.74521556952823e-05 7.3740613615314e-11 4.04674638502911e-05 8.10397320037737e-05 4.83633044950693e-05 1.99550923639435e-05 0.00134973348322092 4.96100938107702e-12 8.17589919734019e-05 0.00502066529588774 0.000895927941019181 0.000313929731237295 0.00147442135130404 0.00181699149325141 0.00171727907581953 0.00263079774158541 0.000196250866974879 0.060146289691329 0.354151649028063 0.0564039575867355 0.749181687831879 0.374984519183636 0.588515508174896 0.0235890542156994 0.00372954754857346 0.00145026381360367 1.8427453142067e-06 9.2951495944682e-09 5.32892063809243e-11 4.33407354449855e-10 0 7.13984427136438e-14 3.17024184681713e-13 1.24918431154697e-10 9.06664759936504e-09 1.64308031624927e-09 1.4557165362028e-09 9.87852133427225e-11 1.21368060046478e-10 0
5.34519444261861e-09 9.01746399661896e-08 2.83003136480886e-09 1.01826373910541e-07 1.9119938710066e-08 1.39841509472216e-07 6.66400192130823e-06 0.00119797693914734 1.56054045305609e-05 7.2593484128447e-05 2.007851681185e-06 6.78685686583691e-07 2.42660745243484e-05 2.46528310405836e-06 2.84005695107226e-05 0.000184437552297823 0.0072227488795761 0.0589813619852066 0.0016925485469983 0.00189643373742001 0.0643220756202936 0.0289461235515773 0.0349998586811125 0.02421407350339 0.0297210889868438 0.0266002476681024 0.0093542400514707 0.00230224436381832 0.0151699794456363 0.000124516237610806 0.000125912082080504 8.05416432740458e-05 5.52314312329827e-06 3.46416994601029e-07 3.43422892346013e-08 2.15570103989648e-09 2.10521268195762e-09 4.9125629864033e-08 1.39754352534993e-10 0 0 2.96356161832989e-11 8.76542949335146e-11 5.37210276263522e-11 3.89579501991477e-10 3.02599056922759e-12 3.08706132878811e-09
5.20119503022443e-12 3.19268045334553e-10 2.17349932940536e-08 2.47672396702647e-08 2.40852793265134e-09 1.8722278172234e-10 1.10469866356766e-06 0.00261539431521669 0.000114828645791931 0.000362794724060223 9.69893079343365e-06 5.10605711525613e-06 4.12595848118258e-06 7.2791618592305e-06 1.53737400751197e-05 2.44681031858818e-05 0.000351830379804596 0.00770345571218059 0.0238136180210859 0.0424455237109214 0.00568235748214647 0.264818309247494 0.99288341999054 0.657646936178207 0.0388357980176806 0.29303327947855 0.0283142064232379 0.175521942973137 0.0664145769551396 2.54477563089495e-05 1.8587324825603e-05 1.33159967097285e-06 1.39423178353582e-06 7.62112970775775e-07 0.000248751508115674 5.48058625099657e-05 1.87908263683312e-05 7.47735883876999e-08 4.14484135902171e-10 1.10181863632874e-12 0 0 0 0 9.14213149627585e-13 3.69398844846103e-11 1.261746263026e-12
1.55431223447522e-16 1.14401399464725e-10 1.99135425926755e-09 2.6825495380578e-09 2.38734254587314e-11 4.08381599870111e-08 1.83710431315376e-05 0.000214456681442243 7.8610474611196e-05 6.28214932476112e-05 2.9656046456239e-05 1.08759599982022e-05 1.16305259723504e-05 8.56790896364146e-06 0.000750905823952053 0.0016604600707069 0.00040359114009334 0.000447523162256402 0.00494759039138444 0.574836146831512 0.350039398670197 0.164934802055359 1.5880663450929e-11 0.113438763655722 0.999915283918381 0.00133029303833609 0.0115585708990693 0.00370972122764215 0.0198333293199539 0.801747626066208 0.133778580278158 0.00602482571266592 0.00389103747438639 0.123126158118248 3.97646273540886e-05 0.000836532238827203 0.0193245024420321 2.96692737506987e-06 2.36552157986125e-06 1.37735943317452e-08 4.23664537896329e-09 2.33262764659514e-10 6.62306653964606e-11 8.39081937265007e-10 6.2534619371668e-09 5.56009058456652e-06 0
8.00870481043603e-13 7.63075158616289e-12 2.26611618359129e-11 1.90405665678739e-09 5.09515063473742e-09 3.43856667583964e-09 2.46533983840891e-06 0.000161384219245519 1.22124532708767e-16 0 3.63092363727446e-05 9.73237685911954e-05 6.55907544569345e-05 4.96023076493657e-05 0.000149512928146578 0.00604051919654012 0.0101611282210797 0.0107484280597419 1.13782140275021e-05 0.080112100020051 0.624725431203842 0.000785089679993689 9.0694010759762e-05 0.00012246227020114 7.77506747397183e-05 2.16869073256021e-05 0.000768220956524601 0.0146864918526262 0.00639052700717002 0.370001524686813 0.845471864938736 0.399810071289539 0.335018120706081 0.00105104847025359 0.00304721135180444 0.000191046220015778 0.0713847737759352 0.000999871149542742 8.81074405697291e-05 5.49706018944107e-06 1.49876867272525e-06 1.48450496484376e-07 1.63603710809923e-06 1.21880991441614e-06 0.000213561394411954 1.19898069042002e-06 1.78906170877902e-08
1.49366466972722e-09 8.98436902652122e-10 2.73927880378721e-11 2.00414193685106e-08 3.11677572639724e-11 2.75771277258308e-08 1.13918837278959e-06 0.00164658482281084 0.15202718237415 0.00605944006820209 0.00770452503347769 0.00541974719963037 0.0541736340150237 0.0238304042257369 0.0106791792903095 0.00127484106633347 0.0833333097398281 0.134676589071751 0.0655994707718492 0.438185219466686 2.57202467879303e-08 4.18772411245882e-06 2.00403546912753e-07 6.88271055926393e-07 4.86194657556283e-07 0.000900377197831403 0.00164492402545875 3.27449499081922e-05 0.0232549861073494 0.88920590877533 1 0.334490115940571 0.184063999354839 0.0410997062921524 0.000103905623916489 0.0195206854259595 0.161975318193436 0.607824659347534 0.126166024431586 0.100602068379521 0.00215940249327105 3.69661458080373e-05 0.114762892015278 0.524146249890327 0.841030395030975 0 0
7.81861198784206e-08 5.74872467851151e-08 2.88907220369339e-10 0 2.10987707971455e-08 1.46321816316686e-06 4.80372006336438e-05 0.000122785272196779 0.026708389702253 0.034936845023185 0.478035666048527 0.889060038328171 0.4480877161026 0.970529282093048 1.15907651920821e-08 0.0318434309214354 0.0406093237921596 0.999999433755875 0 5.67757541247715e-07 0 0 5.15809617240848e-14 3.82704978818538e-13 1.57769564079757e-09 8.33740592582899e-06 5.74147240968159e-05 0.0010119969585503 0.00936784667428583 0.293502242863178 1 0.970250570774078 0.999979954957962 0.951631385087967 0.0138608284294605 0.000305124113128841 0.00404866828466766 0.324183322489262 0.246773243695498 0.667301538586617 0.190274881571531 0.00363816270255484 0.0901942733675241 0.19996063709259 8.79635423722824e-08 0 -9999
4.04436067729108e-06 1.11329282681538e-08 1.06775945862836e-09 1.01534635588152e-08 7.01502800293241e-09 4.59363560523229e-09 4.31664164080026e-08 1.31762115529455e-05 0.0255210768722463 0.113597454852425 0.364412427693605 0.972311609983444 0.903849500417709 0.966399371623993 0.324960049986839 1.92460093417779e-09 3.35597312928204e-07 2.07933647011771e-07 1.50353293149053e-09 0 1 1 0 3.31013435772576e-08 9.88686930103455e-08 3.69232672414732e-07 3.70861933662869e-07 7.287003760581e-06 2.79766510669077e-06 0.00178447497310117 0.998908132314682 1 0.99999965429306 1 0.0575013380497694 0.000608244844806904 0.000127206921615652 0.806737017631531 0.999951350688934 0.818149775266647 0.999999994039536 0.62792526781559 0.00075989836914232 9.08143412581275e-08 0 1 -9999
2.00384222115435e-07 9.28030494229404e-08 6.1639823165649e-07 3.86078442105031e-08 9.41277056298873e-12 1.11022302462516e-16 0 2.23637382390507e-06 0.105836789589375 0.101651694672182 0.321397545933723 0.119749233499169 0.318201231956482 0.177068858314306 7.17749650959831e-05 7.83389450376148e-06 4.95747884965425e-09 1.4521717162097e-14 8.5949247718986e-11 2.22044604925031e-17 0 1.36680045059734e-10 4.35995684000545e-13 1.10011570741975e-08 2.0939329303804e-08 1.91416605455075e-08 6.23227521345804e-07 2.58968929744974e-07 3.28008271566205e-06 0.00194259046111256 0.214485605806112 1 0.997467178106308 0.937625902891159 0.579737266898155 0.000830774141650181 0.00123045271757292 0.00151653083739802 0.00846992991864681 0.889413052797318 0.922283792495728 0.00364751298329793 8.78392358849567e-09 0 8.24123347298311e-07 -9999 -9999
0 0 0 0 0 0 0 3.80186848669695e-09 1.01910752112744e-06 3.68353605151306e-07 0 0 0 1.54654067330284e-14 1.84065615416174e-08 0 0 2.22044604925031e-17 6.08402217494586e-14 8.79296635503124e-14 4.00018906887567e-12 1.48769885299771e-15 1.42974776462523e-10 2.33729968712737e-10 1.29216226607554e-09 1.2019083084347e-08 1.81515330339721e-06 4.87093581398312e-06 0.000421803375138552 0.000753460805208306 0.0352231003344059 0.999033850431442 0.881045418977737 0.441783392429352 0.0765188407152891 7.09257859057288e-06 0.260617372393608 0.999999862909317 8.63912991007965e-05 0.0097660610859748 8.17693142607823e-05 2.36534458686322e-11 0 1.77635683940025e-16 -9999 -9999 -9999
0 0 0 0 0 0 0 0 0 0 0 0 0 0 0 0 0 0 0 0 0 6.86757095635926e-11 4.72908214810275e-09 1.20863405839167e-08 9.49906929781363e-09 9.97016551762542e-08 1.61266287146411e-07 5.45348977065707e-07 2.73889551181128e-05 6.55396093407035e-05 0.00534636483062059 7.67492892919108e-05 8.5906636877553e-05 0.128276055678725 6.5899774835998e-05 0.00296438845107332 0.000972169364104047 0.204560098052025 0.0411454518325627 2.73939735402351e-06 1.59594713400324e-07 0 0 -9999 -9999 -9999 -9999
0 0 0 0 0 0 0 0 0 0 0 0 0 0 9.31366095358044e-14 5.49560397189452e-14 0 2.59192667328989e-13 1.86781257127677e-11 1.50804913001679e-10 1.22216459175206e-11 2.14129713960176e-11 7.73519304164694e-10 2.74022030621879e-09 4.04087741046055e-10 3.62058747427341e-09 1.35827953329226e-08 6.1792858396803e-08 4.22554754431204e-07 3.0672911318641e-07 3.05008036249887e-06 0.000230459880822309 0.000284488029319618 7.790413104658e-06 0.000281337303204054 1.29664391735673e-05 1.43681299917375e-05 1.5805621224052e-07 2.17744389185981e-10 6.43305053671384e-10 0 0 -9999 -9999 -9999 -9999 -9999
0 0 0 0 0 0 0 0 0 2.01949568179316e-13 6.26968138988104e-06 2.92509986721257e-07 1.44293155202035e-10 4.15469705528082e-08 5.93984886336329e-05 0.000151594886915518 8.74367188452574e-07 3.02522336514954e-08 1.11481967435267e-08 2.69516299278294e-09 6.32569574499087e-10 7.72784503055846e-11 8.89411988502786e-11 7.73242581075806e-11 2.46866405095858e-10 5.93455595776504e-10 8.86718757309168e-09 2.92654658284874e-09 2.03175664403865e-08 6.69737412950511e-07 8.1009714858471e-08 1.75860017446183e-06 1.2461244054407e-06 9.04741475071802e-09 5.15583087707938e-06 8.0608249941605e-08 5.42809145031242e-05 2.41752410756746e-07 0 0 0 -9999 -9999 -9999 -9999 -9999 -9999
