Maxent_result_files_1/Bombus_polaris_2.asc
NCOLS 594 
NROWS 330 
XLLCORNER -15 
YLLCORNER 23 
CELLSIZE 0.166666666666667 
NODATA_value -9999 
[rows 220 to 239 of 330, columns 235 to 281 of 594]
6.12349726480943e-11 1.66061118300753e-08 2.10279871293295e-10 8.15034550960547e-09 3.4549716110277e-08 5.87705543231287e-08 1.84236836897611e-10 1.96334022817268e-08 4.35201511130856e-06 7.71038504820965e-08 1.3164912271546e-06 2.97150586359152e-09 9.35595321327476e-08 1.79353820795036e-08 1.7973404853322e-08 1.4092555273848e-07 2.11665263649685e-08 1.92186112135673e-08 2.04021642358221e-08 2.51799306183464e-08 3.9030523046879e-08 4.92240476335226e-07 5.73258654990028e-07 3.04188847488618e-07 8.07737753338866e-07 1.13878164331727e-07 7.54949425196827e-09 6.93013245456342e-08 3.57799423422733e-10 -9999 -9999 -9999 -9999 -9999 -9999 -9999 -9999 -9999 -9999 -9999 -9999 -9999 -9999 2.08422527014918e-09 7.09843961388401e-11 2.10437336445324e-09 2.92230779974645e-07
3.64253992191088e-08 1.31924471347133e-12 8.29891710907305e-13 4.22665014099266e-11 1.67377531667956e-07 5.07812680794473e-12 2.65648541275532e-08 0.000345638409271487 6.4089061591055e-08 1.07895808620917e-07 5.87947994423743e-07 2.20079510171445e-13 9.11748146981139e-09 1.87262405471067e-08 2.31912715364935e-08 7.67637251763986e-08 8.18730394147593e-08 2.28755743125753e-08 8.10126028816249e-08 3.89619146612397e-08 3.7419161258434e-08 2.49427729026586e-07 1.09726379970976e-07 6.47251684193773e-06 8.33866754013091e-07 2.92186956398766e-06 1.60627239220723e-07 1.67508298010155e-08 1.24410082236182e-10 7.50920992054205e-11 3.01980662698043e-15 2.72115663335626e-14 5.55111512312578e-17 1.36773925518696e-12 8.99129336540128e-09 1.55777878074748e-07 1.23077039559938e-07 2.09895574254659e-09 1.01868338875377e-08 3.53183935430934e-09 -9999 8.48166581413068e-09 1.24705246129508e-11 1.19485532579233e-12 1.62492685973348e-10 7.88501375303952e-11 1.11022302462516e-17
3.07367464813524e-11 -9999 -9999 2.83357875496826e-08 -9999 -9999 -9999 4.30916195282016e-08 2.14080443372566e-09 4.61240374893812e-08 1.03004552565178e-07 1.26082918106007e-08 2.56814920773785e-08 1.97073787400193e-08 3.80518413867215e-07 3.46311894117157e-07 6.73588724797725e-09 2.81197606977202e-08 4.07573009009177e-08 2.33786446618423e-06 -9999 -9999 -9999 -9999 -9999 -9999 -9999 -9999 -9999 -9999 2.1950167613527e-07 4.82336155556595e-05 1.12465592394528e-14 5.93413746696747e-08 1.26400983024855e-07 5.0125255826039e-07 9.53585020835312e-08 9.41579292312866e-08 6.00478740842014e-08 8.38551450499381e-14 5.11065634256624e-11 4.54299944880887e-06 1.89889467350213e-07 7.48868145272752e-10 1.22901688826005e-14 6.55850929121016e-12 3.8968828164343e-15
-9999 -9999 7.33931637686425e-10 -9999 -9999 -9999 -9999 -9999 -9999 -9999 -9999 1.85391479945451e-11 6.09214977354e-09 2.35215025146118e-07 1.86151517311828e-08 2.53735044086767e-10 2.05752794169012e-07 4.12853410580727e-07 3.1658039264526e-07 -9999 -9999 -9999 -9999 -9999 -9999 -9999 -9999 -9999 -9999 -9999 -9999 5.52394367880904e-07 2.00529574328812e-05 2.69170241651295e-10 6.16954387577806e-10 7.7314510960047e-08 1.19864707048833e-10 1.32779203925182e-06 9.53614670595737e-07 8.69512658097094e-08 4.30435687093222e-12 5.02549446501632e-11 3.41444172935468e-10 3.26416671470042e-13 1.15011842716228e-08 6.37396289970837e-08 4.41744973933567e-10
-9999 -9999 -9999 -9999 -9999 -9999 -9999 -9999 -9999 -9999 -9999 -9999 -9999 -9999 -9999 -9999 1.59193932613988e-07 -9999 -9999 -9999 -9999 -9999 -9999 -9999 -9999 -9999 -9999 -9999 5.02610620776944e-05 2.32911856468121e-10 6.5114979141967e-07 6.85344369033558e-09 1.54713235889226e-08 6.06257858026815e-08 3.07751445438598e-09 1.33677982017133e-09 3.40772201568029e-09 1.29328880937862e-11 2.01079508599378e-10 3.54637211819053e-09 1.6540391278852e-11 2.61457522299224e-13 1.87951810781684e-09 3.28481686295845e-12 2.15869953024139e-09 3.21333457620199e-09 1.36477490286779e-07
-9999 -9999 -9999 -9999 -9999 -9999 -9999 -9999 2.22800316751481e-08 -9999 -9999 -9999 -9999 1.08866233805571e-09 2.55389259629091e-08 2.22678126665654e-06 -9999 1.01882203451531e-08 1.04227344821517e-07 -9999 -9999 -9999 1.9136124795871e-09 -9999 -9999 -9999 -9999 -9999 -9999 3.63489032206843e-08 2.50838273885279e-07 2.55351295663786e-14 2.27817764653082e-14 5.08689734779466e-10 5.71298564011613e-13 6.90392187863154e-13 4.38515890266444e-12 1.09792175351231e-12 6.07365935323401e-11 1.32471811298274e-13 6.35111963021018e-12 4.41549286023246e-10 7.80001618849724e-12 8.64762705887756e-12 1.12435998289584e-09 3.36636566117932e-05 6.99959518679627e-08
1.2875844834781e-11 -9999 -9999 -9999 -9999 -9999 -9999 -9999 -9999 -9999 -9999 -9999 -9999 3.95734345293164e-10 4.34124015624704e-09 1.4167751416494e-10 5.69170238717831e-09 9.57198833306805e-08 4.37645640782858e-07 1.22468465368897e-09 2.9417683067301e-09 4.0220476271724e-08 2.43455144932625e-10 6.72459421480198e-11 1.57361022767866e-07 2.07225444026626e-07 1.90378575126715e-09 1.70009757938239e-08 3.03630158793311e-07 6.22871208721954e-08 3.54520768519606e-08 2.80275849529055e-08 2.32518057974307e-06 5.55899714693719e-07 1.56373949948829e-06 9.91928206239834e-11 3.66753960534538e-11 7.68855106247912e-09 2.11848712916574e-07 7.28956933704339e-09 5.82167647422693e-13 3.86801701779405e-14 1.78580061849232e-10 7.72240049684569e-12 1.07536202165193e-13 5.90350535123463e-10 3.89545489110077e-07
-9999 -9999 -9999 -9999 -9999 -9999 -9999 -9999 -9999 -9999 -9999 -9999 -9999 2.2337953320406e-08 4.17103018790499e-12 6.30873131512999e-13 2.9110794397269e-08 3.33742506342105e-07 9.79984782212284e-10 6.19477724672635e-10 3.64602219748988e-08 6.52267668965756e-07 3.73547585086342e-08 2.93391847927538e-08 7.06270175676593e-08 1.22006876955849e-06 1.79714909620543e-11 2.20986562382564e-12 5.04152275482284e-14 8.49653680745632e-14 3.90798504668055e-15 2.15431503103325e-07 9.04075054248832e-06 1.62472015522441e-06 6.07257215912149e-07 1.00954182746804e-07 4.55735560400683e-11 4.16766621214038e-12 3.64287489063031e-11 6.77042866215061e-11 8.65214788703383e-11 2.03326244729851e-12 1.15966125591171e-12 1.55662371881249e-11 1.55509383148456e-11 4.03460154174695e-11 4.2851479068462e-07
-9999 -9999 -9999 -9999 -9999 2.61489229824718e-08 1.78066870137883e-09 -9999 -9999 -9999 -9999 -9999 1.15018377822018e-08 8.1601392309949e-14 1.79812831291315e-11 1.30259562025614e-09 2.81941026081256e-11 9.22595333463505e-15 3.45574679982974e-12 1.83924875329922e-11 3.22655531737048e-08 3.21934812141933e-09 1.46272665946245e-07 4.96902586344383e-07 1.53720375950517e-07 3.19257406578011e-07 4.81950812591947e-11 3.21964677141295e-16 7.4149397732981e-11 3.33399974294935e-14 6.8942629383173e-13 5.70430369606356e-12 2.30804104273119e-07 1.35358990682732e-10 3.86485732306596e-11 1.54037227417803e-10 1.54087812698211e-07 1.50990331349021e-14 3.28319295991308e-06 1.66354066410968e-08 1.7672605875374e-07 3.48215479739622e-07 2.68549124293749e-07 3.92535212168088e-07 4.48928286878036e-08 5.56621415626069e-13 1.84515481338465e-08
-9999 -9999 -9999 -9999 -9999 -9999 -9999 -9999 -9999 -9999 -9999 -9999 8.69630967237356e-10 2.75678665762058e-07 7.38660244081757e-12 1.36113342819044e-14 6.34317487424596e-11 0 8.37330205172293e-14 4.12365381841084e-09 1.26717904724849e-08 8.69640321976561e-08 8.09743522123263e-08 8.90685080912057e-08 9.51398813064941e-09 4.16349887899514e-10 1.81291648360116e-12 5.49549294959206e-13 2.75630329671372e-10 1.63067337410894e-12 2.69708033684424e-11 1.31836241923367e-10 9.05941988094128e-15 7.5551538358809e-10 2.23036256130627e-11 3.4989455777179e-12 2.74649081255518e-11 1.36834478192682e-09 5.0762656955694e-07 1.42455288454357e-08 1.3200727023488e-06 2.76687639189088e-07 2.48209775610686e-07 4.16718118900761e-09 1.21097087912858e-10 3.34398760903909e-09 3.93306701984564e-08
-9999 -9999 -9999 -9999 -9999 -9999 -9999 -9999 -9999 -9999 -9999 -9999 1.2958974338062e-09 9.03505381621983e-11 4.59076532344227e-10 8.99239238627558e-11 1.55589082977414e-06 1.1014466971826e-07 1.416829176204e-09 7.77306321309013e-08 7.32233659150872e-08 2.48137441127838e-07 5.91084289469634e-07 4.41623037916727e-08 4.72840411269715e-10 2.48658572954419e-08 4.32207925005201e-10 1.20479737297785e-11 0.500000003461638 1.17214793426967e-10 1.11022302462516e-17 1.43940156007716e-06 3.20205695292231e-10 1.04211858809045e-08 6.79801215319742e-11 3.10688030857875e-11 1.43363380056272e-09 6.03210055905024e-08 1.34578237442895e-11 4.97609667604593e-07 4.99241943341389e-09 2.6309254774759e-11 2.59850807537987e-11 6.62499499703983e-11 1.81736903304142e-10 7.48477954060078e-09 5.25584885613384e-09
-9999 -9999 -9999 -9999 -9999 -9999 -9999 -9999 -9999 -9999 -9999 -9999 -9999 -9999 -9999 -9999 9.60836948338262e-08 4.28129753871076e-12 3.55260254547574e-10 1.98874898105217e-08 1.62923499491541e-07 6.24097652446309e-09 3.23281209579918e-09 5.42750718923735e-08 2.38336464120081e-08 6.85673740008497e-14 4.38538094726937e-15 0 1.34359301462439e-11 0 1.76978431909447e-12 1.42174005901552e-10 5.60483881528739e-12 1.59311104885873e-07 7.68072793562169e-06 1.23276315733278e-07 0.00722936782985926 0.321938413381577 4.930350572252e-11 3.96985178063858e-10 5.73508009305002e-08 2.21926333121569e-07 9.63131719800003e-07 6.24612240818223e-09 3.35431271647479e-10 2.83780902110564e-09 6.8630397809244e-09
-9999 -9999 -9999 -9999 -9999 -9999 -9999 -9999 -9999 -9999 5.60560908802188e-10 5.32888844162471e-10 1.24420207470166e-10 7.61709939567368e-10 -9999 5.15442989481585e-06 1.0351215884441e-09 9.91318138687802e-14 1.62705898754112e-09 2.07838599664001e-09 4.90450770929129e-07 2.75821514840402e-05 0.000106288061397208 1.23903204030107e-08 4.44492237647864e-06 2.43344044914551e-10 7.24849114064341e-10 2.2858681614224e-11 1.0069543787683e-08 2.29816166097407e-15 2.47385145701884e-10 0.235467372788299 2.54365262186695e-10 1.50967882639463e-10 2.08073114293938e-08 7.71988695191794e-11 1.35692568292711e-11 0.00116858360124752 7.08609794286552e-08 4.91463140178894e-05 1.82138334414716e-09 5.18038175689739e-09 6.26785847108735e-06 6.07275610542413e-07 6.75796602012113e-09 2.14132778175724e-10 9.47918439297979e-09
-9999 -9999 -9999 -9999 -9999 -9999 -9999 -9999 -9999 -9999 -9999 -9999 1.15463194561016e-15 1.61315405478035e-14 -9999 -9999 3.47881540241346e-09 7.19191035591926e-07 4.24884051164476e-08 3.61721675403714e-06 2.15117839097445e-09 4.50693652602752e-06 1.10335688363605e-09 5.78031100761933e-10 1.60307257957015e-07 1.53290713456045e-12 4.41068034096048e-08 1.34079076730131e-09 2.12326714752464e-06 1.09288788019413e-09 1.23836912946373e-09 4.70747831826657e-08 1.94157763200309e-09 2.59377643285763e-07 9.4381746862382e-11 4.95611884332447e-07 6.09593048039869e-08 3.85336984543017e-11 8.86467262928292e-09 0.0104094148613513 6.04287716017393e-05 6.99280400251467e-10 7.53652830698393e-08 9.90616887253104e-07 5.27109621311084e-06 9.41216926864108e-07 7.54772468098963e-06
-9999 -9999 -9999 -9999 -9999 -9999 -9999 -9999 -9999 -9999 -9999 -9999 -9999 -9999 -9999 -9999 -9999 2.25385687890878e-10 1.13868681150819e-10 3.09300840495297e-10 8.45423628561548e-06 1.52200233416444e-08 8.32226603275643e-07 4.6098440842357e-09 2.4995291691976e-08 7.31771310213958e-12 4.22962553869866e-11 9.31360544242921e-12 1.43611036396152e-09 7.78705003812163e-09 1.19916402807618e-08 4.04106422768891e-09 4.51494397424312e-12 0.154138498555238 8.11443655587496e-05 5.42550449011969e-11 8.37516178631148e-10 3.53317297641098e-10 2.52102450026825e-11 2.41647790666377e-10 2.15529467605946e-05 1.03095965098277e-10 5.55828161274974e-11 1.29553123784376e-10 1.44599472395868e-09 2.52747407780696e-08 2.70531647235117e-06
-9999 -9999 -9999 -9999 -9999 -9999 -9999 -9999 -9999 -9999 -9999 -9999 -9999 -9999 -9999 -9999 1.94503837147586e-08 1.4165953153622e-06 5.99203494600076e-09 2.7115339902295e-07 1.76258048933953e-08 3.88168034937131e-08 2.28165206408448e-06 9.85069026349095e-11 2.2059032933619e-09 6.87322754266972e-11 2.01537120325668e-11 8.88013362843054e-09 1.53239782640924e-06 3.04431787001569e-08 2.37795952040543e-08 9.32976579104405e-08 6.13158189111118e-08 5.58766977132308e-10 1.20218767829527e-07 5.36974482898245e-05 4.47082169330315e-07 2.65343065297685e-08 1.06859722990293e-06 1.72753283145255e-07 2.69627533633354e-09 7.88882337232621e-08 2.41899543063084e-08 0.000116467006923859 2.32014383372281e-08 1.00054075449219e-06 1.95010073639423e-05
-9999 -9999 -9999 -9999 -9999 -9999 -9999 -9999 -9999 -9999 1.86806678279083e-05 -9999 -9999 3.44990702672021e-13 -9999 -9999 2.87920098873684e-10 4.28449401512765e-09 4.1656789129263e-12 8.47502566114766e-07 3.06079864458297e-06 3.41050876451199e-07 8.71988221646802e-06 1.22074209518708e-08 5.89433435607134e-06 1.32016922826939e-07 9.78936235795924e-07 9.53285041682683e-07 3.24944048024633e-07 2.94996078331611e-07 1.96190398451535e-06 0.000285854876074154 2.90273447063782e-05 9.89799464612417e-11 2.99260505265409e-11 3.7544589326366e-09 2.98937830045531e-10 9.17641518327628e-11 1.44811568514314e-08 9.24351817310765e-11 1.11619782202865e-05 1.884006965156e-05 5.81534338834899e-06 2.16235624961314e-09 2.16330395019781e-07 1.27356174495219e-09 1.71187939712603e-08
-9999 -9999 -9999 -9999 -9999 -9999 -9999 -9999 -9999 -9999 -9999 6.43767628094594e-10 -9999 -9999 5.99761795783138e-11 -9999 -9999 7.28688155104962e-07 3.49279513200962e-08 5.77925407529989e-10 4.22779798880946e-07 1.5708873735143e-08 4.52970994047064e-15 3.61107624358148e-07 1.12466980937143e-06 7.88249019478826e-06 3.84359137370893e-05 8.50035305610675e-07 1.55374779353679e-06 2.42820792006881e-07 4.70990467704269e-05 3.67311831173112e-06 2.40318336262035e-06 5.99739058415594e-10 6.11476647094378e-11 1.30851447677216e-08 6.07947261187292e-05 0.000185521851418813 7.50953779160568e-09 1.54099862648138e-08 1.373740229349e-08 2.40472983303874e-07 7.34787786171864e-12 0.000303872415679507 8.20821849711883e-08 6.59307628794181e-05 6.5331506293731e-08
8.19742385083089e-11 -9999 -9999 -9999 -9999 -9999 -9999 -9999 -9999 -9999 -9999 1.04478536151476e-06 -9999 3.90219514656565e-07 4.39648317751562e-15 5.32788203555512e-09 2.50099940757309e-13 3.66726116429739e-07 1.71802438309054e-07 1.40637347323391e-08 8.08573585864281e-10 8.79827680710932e-09 1.02559844472605e-07 1.38390621184925e-09 5.59434910618606e-09 4.75391093601729e-08 1.11414530934439e-09 5.21552542327441e-06 7.739262819495e-08 9.16676453188714e-08 1.13156040093543e-11 1.95177440875938e-10 5.06730281069068e-09 4.07450375973895e-05 8.16676564596719e-08 1.87532913420441e-08 8.6572042370392e-07 1.56696222752828e-07 2.89889756643902e-10 1.50092516193467e-08 8.88392322373477e-08 7.71544000599533e-06 3.00651570306343e-10 7.53225872784924e-09 7.98885233521673e-08 1.98627194558654e-07 0.000132612290326506
-9999 9.43104851103271e-06 -9999 -9999 -9999 -9999 -9999 -9999 -9999 -9999 -9999 -9999 -9999 -9999 -9999 -9999 4.6461582359214e-10 5.76738656832276e-13 9.1252672085318e-12 2.7342122510543e-08 7.42797726660527e-09 8.09737672025079e-08 0.00073870491978596 6.26369607292787e-09 2.46016393923298e-09 3.50370655866072e-07 1.3757345262988e-10 1.77119507949186e-10 1.08084808547737e-08 2.83606138573589e-10 4.60601223828405e-10 1.5655277518789e-08 2.38798095665516e-05 4.17015014242406e-07 2.60121371269406e-06 1.62352856278858e-06 3.93185483460456e-07 1.16573344310922e-09 1.72356999783574e-08 1.079062394993e-11 1.34381394900629e-13 6.48476286002619e-09 2.04319498209315e-07 2.03059791203941e-14 4.74936012739846e-10 2.60680366181987e-13 1.38086098111501e-11
