Maxent_result_files_1/Bombus_semenoviellus_3.asc
NCOLS 594 
NROWS 330 
XLLCORNER -15 
YLLCORNER 23 
CELLSIZE 0.166666666666667 
NODATA_value -9999 
[rows 273 to 293 of 330, columns 336 to 383 of 594]
6.16351414350902e-13 8.31523738753503e-13 5.48705525460491e-13 5.22637488842292e-13 4.40547598401508e-13 1.19904086659517e-15 4.41524594663179e-13 4.8455683909765e-13 3.93318710933954e-13 3.78985731686043e-13 3.0400126860286e-13 2.13751238931081e-13 1.57374113740616e-13 1.71984648744683e-13 2.28816965375245e-13 5.55111512312578e-16 1.95432559024766e-13 1.00897068477934e-13 7.9747319858825e-14 0 0 0 0 0 0 7.49400541621981e-15 0 0 0 0 0 0 0 0 0 1.83460473390795e-07 1.06226197480463e-06 9.18085895462717e-07 0 0 0 0 0 0 0 0 0 0
6.57729426478682e-13 7.44837524990771e-13 5.54856161016914e-13 4.18576284744176e-13 3.95727894897391e-13 4.55313564629023e-13 4.42446079773617e-13 2.64033239716355e-13 2.56927812358754e-13 2.93332025336213e-13 3.83937326375872e-13 2.8634872251132e-13 1.57818202950466e-13 1.63269398001376e-13 1.63502544836547e-13 1.80988557474393e-13 1.40054634556463e-13 1.22846177674774e-13 5.92859095149834e-15 0 0 0 0 0 0 0 0 0 0 0 0 0 0 0 0 5.42420031113267e-10 7.41664956016574e-07 9.59978261283467e-07 0 0 0 0 0 0 0 0 0 0
5.37359046148822e-13 5.28410648570343e-13 5.53779244683028e-13 5.024758387151e-13 4.69713157258411e-13 3.5704772471945e-13 3.12538883662228e-13 8.77076189453874e-16 1.96687111042593e-13 2.73381317583699e-13 2.901123785648e-13 2.01128003141093e-13 1.77458048256085e-13 1.41620049021185e-13 9.81992265280951e-14 9.22262266556118e-14 1.09889874977398e-13 1.44206868668562e-13 0 0 0 0 0 0 0 0 0 0 0 0 0 0 0 0 0 0 0 0 0 8.22773952069422e-07 0 0 0 0 0 0 0 0
8.36897218192689e-13 5.65691937737256e-13 5.1689763580498e-13 4.41191527755791e-13 4.72977212950809e-13 4.61064519896581e-13 2.6256774532385e-13 1.41342493265029e-13 1.40620848299022e-13 1.69342317946075e-13 3.548272786702e-14 1.75182091055603e-13 1.52600154734728e-13 1.22468701846401e-13 9.74997860225813e-14 9.3780538890087e-14 7.57616192004207e-14 7.18314296932476e-14 1.48692169688047e-13 0 0 0 0 0 0 0 0 0 0 0 0 0 0 2.13384865332955e-14 0 0 0 0 0 9.4785349807891e-07 0 0 0 0 0 0 0 0
5.11679587589242e-13 6.57329746189816e-13 6.14597261971994e-13 4.65993910125917e-13 5.16686693430302e-13 4.76685357853057e-13 3.37241345960138e-13 2.02626804224337e-13 1.78246306603569e-13 1.78890235957851e-13 2.52109444431881e-13 2.13351558642216e-13 1.35480515695008e-13 1.1456391391107e-13 1.47626355584407e-13 1.41076039739119e-13 1.16529008664656e-13 1.51878509768721e-13 1.66999747364116e-13 2.61390908917747e-13 0 0 0 0 0 0 0 0 0 0 0 0 0 0 0 0 0 0 0 0 0 0 0 0 0 0 0 0
5.05351316348879e-13 4.58888482768316e-13 6.58639809358874e-13 3.30069305221059e-13 2.58970622724064e-13 2.29916086169624e-13 2.29616325952975e-13 1.91635596280548e-13 1.52655665885959e-13 1.93101090673053e-13 1.78090875380121e-13 1.23734356094474e-13 1.08635322959572e-13 7.4718009557273e-14 8.40993941153556e-14 9.56901224924422e-14 1.2303491558896e-13 1.56874513379535e-13 1.85984561085206e-13 1.89959159513364e-13 0 0 0 0 0 0 0 2.67341704329738e-14 0 0 0 0 0 0 0 0 0 0 0 0 0 0 0 0 0 0 0 0
4.1803227546211e-13 5.83044723612147e-13 3.51085827077213e-13 5.59496893259848e-13 3.53206353054247e-13 2.52808884937394e-13 2.10975681369518e-13 2.02837746599016e-13 1.44573242266688e-13 1.05593311872099e-13 9.26814180957081e-14 7.49622586226906e-14 5.46895861930352e-14 2.55351295663786e-16 4.0467629247587e-14 5.27911048209262e-14 7.14206471741363e-14 7.72271135929259e-14 1.13120623979057e-13 1.26698651570223e-13 1.47870604649825e-13 1.10644826634143e-13 0 0 0 0 0 0 1.64424029946986e-14 0 0 0 0 0 0 0 0 0 0 0 0 0 0 0 0 0 8.88178419700125e-17 0
3.87523346745411e-13 5.25690602160012e-13 4.21884749357559e-15 7.13562542387081e-13 4.50794956918799e-13 3.44158035403552e-13 2.68818300952489e-13 2.27196039759292e-13 1.29174448915137e-13 8.45878922461907e-14 7.4584782794318e-14 5.17808018685173e-14 2.35700348127921e-14 2.32036612146658e-14 2.36921593455008e-14 2.19380069665931e-14 2.54019028034236e-14 3.75255382323303e-14 5.6754601018838e-14 8.05244759760626e-14 6.84341472378946e-14 5.39901456875214e-14 3.62598839842576e-14 3.23630011678233e-14 0 0 0 0 0 0 0 0 0 0 0 0 0 0 0 0 0 5.85598236568785e-13 2.77555756156289e-16 0 0 0 0 5.04438702808585e-07
1.09912079437891e-15 3.61055629838347e-13 2.49511522554258e-13 6.17439432915035e-13 5.80857584253636e-13 5.73696645744803e-13 2.67164068645798e-13 2.7414737147069e-13 1.75148784364865e-13 8.70525873608585e-14 7.74824648885897e-14 6.31827923314177e-14 2.04947170345804e-14 1.48991929904696e-14 8.77076189453874e-15 7.18314296932476e-15 8.74855743404623e-15 1.38888900380607e-14 1.66422431391311e-14 2.99871238951255e-14 4.74065231514942e-14 4.15001366604884e-14 3.2041036490682e-14 2.39031017201796e-14 1.20681242776755e-14 1.28563826251593e-14 2.32480701356508e-14 2.74558153989801e-14 0 0 0 0 0 0 0 0 0 0 0 0 0 4.07895939247282e-14 3.70303787633475e-13 0 0 0 0 4.56731756381945e-07
9.71445146547012e-15 4.80304684913335e-13 5.16975351416704e-13 6.4431793234121e-13 6.78168632362031e-13 4.88331597381375e-13 4.48419079646101e-13 3.12594394813459e-13 2.57172061424171e-13 1.40676359450254e-13 1.00253139123652e-13 6.11399819661074e-14 1.65312208366686e-14 7.92699239582362e-15 4.40758540776187e-15 3.67483821150927e-15 6.77236045021345e-16 6.66133814775094e-15 1.37667655053519e-14 2.04170014228566e-14 2.59015031645049e-14 2.53574938824386e-14 1.91624494050302e-14 2.02615701994091e-14 1.45106149318508e-14 1.06470388061553e-14 1.32338584535319e-14 0 3.07420755518706e-14 2.35700348127921e-14 2.39364084109184e-14 0 0 0 0 0 0 0 0 0 1.41997524849558e-14 1.83519865970538e-14 0 0 0 0 0 0
2.58226773297565e-13 4.01823019302583e-13 5.09670083914671e-13 5.09869924059103e-13 6.60704824184677e-13 3.97282207131866e-13 3.48343576206389e-13 3.43880479647396e-13 2.93243207494243e-13 2.26874075082151e-13 1.38500322321988e-13 7.15649761673376e-14 2.12607709215717e-14 8.69304628281498e-15 3.46389583683049e-15 1.82076576038526e-15 1.94289029309402e-15 4.44089209850063e-15 1.03028696685215e-14 1.77080572427712e-14 2.27484697745695e-14 6.19504447740837e-15 2.48689957516035e-14 2.23265850252119e-14 2.23931984066894e-14 1.52655665885959e-14 1.43662859386495e-14 1.71751501909512e-14 1.88959958791202e-14 2.50577336657898e-14 2.82107670557252e-14 2.66009436700188e-14 0 0 0 0 0 0 0 0 0 1.90514271025677e-14 8.86513085163187e-13 0 0 0 0 0
3.40327765968595e-13 4.41358061209485e-13 4.48019399357236e-13 4.3648418213138e-13 5.16153786378482e-13 4.35429470257986e-13 3.1185054538696e-13 4.11859435445194e-13 2.57716070706238e-13 2.25752749827279e-13 1.84940951442059e-13 8.04356581340926e-14 3.58268970046538e-14 1.25677246387568e-14 4.07451850037432e-15 2.68673971959288e-15 2.54241072639161e-15 4.38538094726937e-15 1.07358566481253e-14 2.76223488526739e-14 3.76587649952853e-14 2.66453525910038e-16 3.26072502332408e-14 2.96096480667529e-14 2.18380868943768e-14 2.45581333047085e-14 2.54685161849011e-14 1.96731519963578e-14 1.5887291482386e-14 1.85518267414864e-14 2.28372876165395e-14 2.40030217923959e-14 2.29705143794945e-14 0 0 1.2667644710973e-14 9.89208714941014e-15 3.66373598126302e-16 1.21123888696673e-11 0 2.79208545173049e-11 0 7.81619213796603e-12 0 0 0 0 0
2.81752399189372e-13 4.35607105941926e-13 4.64539517963658e-13 5.98732174950101e-13 5.10969044853482e-13 3.96982446915217e-13 3.03357339248578e-13 2.99760216648792e-16 3.02269320684445e-13 2.45692355349547e-13 1.8339774143783e-13 1.25288668328949e-13 6.25721696678738e-14 3.3850700020821e-14 1.52877710490884e-14 1.08801856413265e-14 1.13797860024079e-14 1.32560629140244e-14 2.07722727907367e-14 3.32178728967847e-14 4.76951811378967e-14 5.27800025906799e-14 4.4086956307865e-14 4.15778522722121e-14 3.49942297361849e-14 4.11892742135933e-14 4.15667500419659e-14 3.39506200930373e-14 3.41726646979623e-14 3.83137965798142e-14 2.92099677778879e-14 3.67816888058314e-14 4.72843986187854e-14 4.01678690309382e-14 3.05866443284231e-14 2.61013433089374e-14 1.16573417585641e-15 2.42583730880597e-14 4.21884749357559e-14 7.27196081129478e-15 0.100031786705949 0 0 1.38766775847898e-11 0 0 1.89182003396127e-14 3.34693828207833e-11
2.35311770069302e-13 4.22917256770461e-13 4.91151563863923e-13 5.71098723867181e-13 5.45496980919324e-13 3.52318174634547e-13 4.27802238078812e-13 4.133249298377e-13 2.88968848849436e-13 2.37410091585843e-13 1.97186711403674e-13 1.34448008282106e-13 1.13309361893243e-13 6.26498852795976e-14 3.99902333469981e-14 2.93320923105966e-14 3.25850457727483e-14 3.8880010322373e-14 3.75921516138078e-14 4.86055640180894e-14 7.09987624247788e-14 7.32747196252603e-14 6.96331881044898e-14 8.20898904407841e-14 7.2908346027134e-14 7.2952754948119e-14 7.76601005725297e-14 5.55777646127353e-14 6.09401418216748e-14 5.1103565823496e-14 3.06643599401468e-14 3.68594044175552e-14 7.13984427136438e-14 7.02882196890187e-14 5.86197757002083e-14 4.70179450928754e-14 4.04898337080795e-14 4.25104396128972e-14 6.1739502399405e-14 4.37538894004774e-14 3.17523785042795e-15 0 4.74953409934642e-14 0 0 0 9.73665592596262e-15 -9999
3.85980136741182e-13 4.19853041222495e-13 4.61641835869386e-13 4.57545112908519e-13 5.15620879326661e-13 4.8748782788266e-13 5.23658894024948e-13 4.50572912313874e-13 3.73001629583314e-13 2.51609844070799e-13 2.40063524614698e-13 2.21556106794196e-13 1.42208467224236e-13 1.19160237233018e-13 1.00497388189069e-13 1.06292752377612e-13 1.07192033027559e-13 1.18394183346027e-13 1.09878772747152e-13 1.40643052759515e-13 1.35125244327128e-13 1.79978254521984e-13 1.42974521111228e-13 1.58117963167115e-13 1.29285471217599e-13 1.1349809980743e-13 1.28419497258392e-13 9.53792600455472e-14 8.5442763975152e-14 6.32716101733877e-14 3.09530179265494e-14 4.67292871064728e-14 8.67528271442097e-14 9.7843955160215e-14 9.52238288220997e-14 8.1379347705024e-14 8.39328606616618e-14 7.83151321570585e-14 7.39297512097892e-14 9.91762227897652e-14 3.44058115331336e-14 3.70814490224802e-15 8.97060203897126e-15 4.56190640818477e-14 0 0 3.31215499471682e-11 4.73731576189351e-10
5.16953146956212e-13 5.67002000906314e-13 5.34983168876124e-13 6.94233559528357e-13 8.31135160694885e-13 5.90505422337628e-13 5.28166399504926e-13 4.69257965818315e-13 4.31132907152687e-13 4.12425649187753e-13 3.55926399464579e-13 3.01902947086319e-13 3.43169936911636e-14 1.77546866098055e-13 7.66053886991358e-15 2.75224287804576e-13 3.05155900548471e-13 2.60746979563464e-13 2.66153765693389e-13 2.59192667328989e-13 2.81563661275186e-13 3.10917958046275e-13 2.9313218519178e-13 2.13384865332955e-13 2.09832151654155e-13 1.8410828417359e-13 1.69353420176321e-13 1.67710290099876e-13 1.08613118499079e-13 1.02096109344529e-13 9.05053809674428e-14 1.01807451358127e-13 1.19393384068189e-13 1.16973097874506e-13 1.66355818009833e-13 1.3479217741974e-13 1.13753451103094e-13 1.1820544543184e-13 1.04816155754861e-13 9.34807786734382e-14 0 4.22217816264947e-14 1.34559030584569e-13 1.40520928226806e-13 -9999 -9999 -9999 -9999
3.59756668899536e-13 4.50084414183038e-13 5.31252819513384e-13 9.33675359249264e-13 1.0745404566137e-12 5.00322006047327e-13 4.71378491795349e-13 5.1325610428421e-13 4.83602047296472e-13 5.05040453901984e-13 4.20685708490964e-13 4.36650715585074e-13 4.23239221447602e-13 3.76532138801622e-13 4.57411886145564e-14 5.02931030155196e-13 1.06137321154165e-14 4.25892654476456e-13 3.89144272361364e-13 4.36506386591873e-13 3.79418718665647e-13 4.42756942220512e-13 4.96824803519758e-13 4.9880100050359e-13 3.7784220197068e-13 3.72912811741344e-13 3.04944958173792e-13 2.75324207876793e-13 2.30171437465287e-13 1.54021240206248e-13 1.58306701081301e-13 1.66555658154266e-13 1.20004006731733e-13 1.05682129714069e-13 1.08513198426863e-13 1.14008802398757e-13 2.01982874870055e-13 1.79867232219522e-13 1.73439040906942e-13 1.45139456009247e-13 1.04349862084518e-13 9.34252675222069e-14 2.19824158875781e-15 3.30513394430909e-14 -9999 -9999 -9999 -9999
4.38493685805952e-13 6.08069150587198e-13 9.32343091619714e-13 9.10771458251247e-13 7.42284012034133e-13 5.26767518493898e-13 4.98145968919061e-13 5.98565641496407e-13 5.80269166050584e-13 5.91771076585701e-13 5.38524780324678e-13 5.14110976013171e-13 4.57045512547438e-13 3.9949155095087e-13 4.20330437123084e-14 4.5852210917019e-15 4.43878267475384e-13 5.88940007872907e-13 6.53566090136337e-13 6.91702251032211e-13 7.36621874608545e-13 7.08799685611439e-13 5.30953059296735e-13 6.19726492345762e-13 6.69397870467492e-13 6.62969679154912e-13 6.07336403390946e-13 4.79660755559053e-13 4.16833234595515e-13 3.9549474806222e-13 3.79896114566236e-13 2.69662070451204e-13 2.56683563293336e-13 2.47590836721656e-13 2.02704519836061e-13 2.41440201165233e-13 2.59914312294995e-13 3.17046389142206e-13 2.55706567031666e-13 2.48767673127759e-13 2.93098878501041e-15 2.22044604925031e-15 1.15019105351166e-12 -9999 -9999 -9999 -9999 -9999
5.17286213863599e-13 6.20437035081522e-13 6.71662725437727e-13 6.85373979791848e-13 5.10980147083728e-13 4.57922588736892e-13 5.20905540923877e-13 5.64159829963273e-13 5.4311000141638e-13 4.90207874292992e-13 4.21429557917463e-13 3.63142849124642e-13 3.38440386826733e-13 3.55304674570789e-13 3.90654175674854e-13 4.90429918897917e-13 6.44462261334411e-13 6.56008580790513e-13 7.44881933911756e-13 7.79354358826367e-13 6.70385968959408e-13 8.28748181191941e-13 9.83657599817889e-13 9.26525522970678e-13 1.09123821090407e-12 1.361699641933e-12 1.17772458452237e-12 8.26017032551363e-13 7.58004770062826e-13 6.58528787056412e-13 5.53923573676229e-13 5.55799850587846e-13 5.07671682470345e-13 4.6331827263657e-13 4.91873208829929e-13 3.81472631261204e-13 2.80875322999918e-13 2.87747603522348e-13 3.90965038121749e-13 8.88178419700125e-17 0 -9999 -9999 -9999 -9999 -9999 -9999 -9999
5.18973752861029e-13 5.23692200715686e-13 4.51361170661357e-13 5.52713430579388e-13 4.36262137526455e-13 4.24604795767891e-13 4.0973890946816e-13 4.61386484573723e-13 4.67770266965317e-13 4.28335145130632e-13 4.32698321617409e-13 4.48130421659698e-13 4.38782343792354e-13 4.06508160466501e-13 3.85547149761578e-13 4.11148892709434e-13 4.58755256005361e-13 6.33060270871511e-13 6.7971184236626e-13 9.08906283569877e-13 9.4885210799589e-13 9.73443547991337e-13 1.24509291765662e-12 1.65475411151306e-12 1.81514803188065e-12 1.79455339477386e-12 1.50016665756425e-12 1.37179156922684e-12 1.23561161302632e-12 1.03586028643576e-12 9.87232517957182e-13 8.90765239347502e-13 8.65474358846541e-13 8.678169294285e-13 8.59146087606177e-13 7.18625159379371e-13 4.67093030920296e-13 3.13071790714048e-13 1.88737914186277e-16 1.4166445794217e-13 8.77076189453874e-16 0.200002563315145 0.116111974111821 -9999 -9999 -9999 -9999 -9999
4.80593342899738e-13 4.56057414055522e-13 4.95503638120454e-13 3.49476003691507e-13 3.02913250038728e-13 3.34032801418971e-13 3.85680376524533e-13 4.14113188185183e-13 3.86723986167681e-13 3.52817774995629e-13 3.80395714927317e-13 4.02444744196373e-13 3.93829413525282e-13 3.56059626227534e-13 3.75621755921429e-13 4.21507273529187e-13 5.25735011080997e-13 6.62558896635801e-13 7.50111084357741e-13 8.75854944126786e-13 1.12452269718233e-12 1.36652911209012e-12 1.63555835541729e-12 1.92776905549863e-12 1.97810656743513e-12 2.17986739770026e-12 2.37029285088397e-12 2.45209408333835e-12 2.19145812607735e-12 2.03423944356018e-12 1.86541893043568e-12 1.70672365129576e-12 1.64531721580374e-12 6.09956529729061e-14 1.10592646151986e-12 9.55391321610932e-13 9.67670388263286e-13 6.30684393598813e-13 3.26794147298415e-13 4.03088673550656e-13 1.46549439250521e-15 2.0987656057514e-13 0.176355171203613 -9999 -9999 -9999 -9999 -9999
