Maxent_result_files_1/Bombus_lapidarius_2.asc
NCOLS 594 
NROWS 330 
XLLCORNER -15 
YLLCORNER 23 
CELLSIZE 0.166666666666667 
NODATA_value -9999 
[rows 300 to 319 of 330, columns 414 to 459 of 594]
7.34740612529095e-07 1.02014088838587e-06 1.08779098297873e-06 7.30985213692747e-07 5.19857439940097e-07 4.28985037359553e-07 8.26341165804934e-07 1.47492686721762e-06 3.84020302135468e-06 5.00938546110774e-06 7.53929325583158e-06 6.93775713443756e-05 0.000433959267684259 0.00298744117608294 0.00109696592553519 0.000284017360536382 0.000103724856671761 5.30078876181506e-05 1.667982564868e-05 6.21820098558601e-06 6.18889591805782e-06 1.38916782475462e-05 1.73137772634391e-06 2.94613299587354e-06 2.20757857931631e-06 1.26258301165194e-06 7.49520992648911e-07 4.73464849459759e-07 6.2071312436629e-07 4.05540652703706e-07 2.780050551765e-07 3.70019799889043e-07 3.67006474455422e-07 3.79445254772293e-07 4.33521561005179e-07 2.00825919494108e-06 2.06718719404364e-06 1.01694215448589e-06 1.6577810365348e-06 3.61629947862596e-06 3.14937988914465e-06 3.02143152408618e-06 3.27837281819399e-06 4.41192448832339e-06 3.52321610650463e-06 2.53560800960173e-06
1.6528122841919e-06 1.2681852751939e-06 2.13981306274036e-06 3.398300225399e-06 5.12667043039983e-07 6.98634484308513e-07 9.7562072198798e-07 5.44120266567916e-06 1.1157117410221e-05 1.91686450307316e-05 1.14185697384528e-05 8.11957947007613e-05 0.000101013258972671 4.46326308519929e-05 7.73269322962733e-05 0.000148997941141715 9.31626829697052e-05 5.5408603111573e-05 1.84827724297176e-05 1.08007186099712e-05 2.83163725725899e-05 2.06810350846354e-05 3.7395441239596e-06 2.25540757838871e-06 3.40417751942823e-06 9.95713429574607e-07 7.98174680305408e-07 6.64930080596093e-07 3.2824391236197e-07 4.54584756059973e-07 4.72523858263685e-07 4.17260287877141e-07 4.19348235958239e-07 9.04350150676692e-07 7.3766933006425e-07 1.01376265879693e-06 9.90009836598915e-07 6.00984528986714e-07 1.37575920353683e-06 1.59939270849563e-06 2.13122624961315e-06 2.53317615133142e-06 3.49985242973361e-06 5.05657848162144e-06 2.94739011246215e-06 2.38549091564622e-06
6.17017071817827e-06 1.54322934577067e-05 3.1602144417775e-06 1.79833277798025e-06 2.52423479878416e-06 1.84287907813996e-06 1.68457121674237e-06 4.17629465800928e-06 7.40626028346014e-06 7.9905740221875e-06 7.23589869267016e-06 1.11718532934901e-05 1.60783605679171e-05 1.45103793784074e-05 6.1295970408537e-05 3.4531899200374e-05 0.00011025659769075 2.22484382902621e-05 4.2557597043924e-05 3.49527137586847e-05 1.94342239410616e-05 1.98017146885832e-05 7.71065781464131e-06 4.91431843840928e-06 1.79910189075372e-06 1.08684976929396e-06 6.71201410540334e-07 4.60772147548028e-07 4.29549341518509e-07 4.97791253106783e-07 3.37837860708845e-07 1.20426760119585e-06 5.77874974982961e-07 4.7404518284111e-07 5.42694481886485e-07 6.84296551067831e-07 6.22800971816773e-07 6.97757413981037e-07 8.65963584839591e-07 9.17697748903379e-07 1.32500774210342e-06 2.0952654107731e-06 2.97528603212527e-06 4.1789373801393e-06 3.04038949385799e-06 1.87162115805606e-06
2.98355258792071e-06 4.11189330407069e-06 1.44770925089688e-05 5.26333667494328e-06 6.33487834420521e-06 3.01137755513992e-06 2.32099856475543e-05 0.000106153609885951 5.8839218581852e-06 7.93659542068781e-06 1.57687966748199e-05 3.72564967960898e-06 4.36540169175714e-05 3.59063076757593e-05 1.68245534268863e-06 1.75932352561858e-06 1.20716159983658e-06 3.00096065757316e-06 5.52472294657491e-05 2.82831325421284e-05 2.90776209112664e-05 2.68917315679573e-05 1.42948295888345e-05 6.55027647553652e-06 2.30943978891673e-06 1.35593530643519e-06 7.48704027486724e-07 5.11911550571398e-07 4.7985119566718e-07 4.48284389431564e-07 4.64821847945274e-07 4.85081840650992e-07 9.27459413446741e-07 1.2326624762693e-06 4.86607452110377e-07 7.90420734109176e-07 5.82497963463879e-07 7.87542279923059e-07 9.16865231781472e-07 1.13667187431332e-06 5.9566094234853e-07 9.66095290877433e-07 5.18794781463328e-06 4.35337583333251e-06 4.63915496498046e-06 1.46511239367264e-06
3.09090337395901e-05 1.09608324919463e-05 1.56971668275219e-05 6.61737037717103e-06 1.75710304688437e-06 6.13297820564185e-06 2.75782356879972e-06 3.22772738741151e-06 1.93310281986214e-06 1.91700123082228e-06 3.5169298485016e-06 1.86829049511061e-06 2.10155835418391e-06 9.94175382373896e-07 9.07069303224262e-07 7.80442905323753e-07 7.0066483743858e-07 1.05566442130112e-06 1.85119409252366e-05 2.7494554342411e-05 1.11819986614137e-05 2.392459919065e-05 1.2350435576991e-05 7.79814223506037e-06 3.47741733719431e-06 1.55198509474985e-06 1.00930757724882e-06 4.53627522034594e-07 4.86585590930844e-07 5.49666211746569e-07 6.04715956775692e-07 5.70793381005075e-07 5.46407042190111e-07 5.0977756727022e-07 5.72429525291796e-07 5.93684888450241e-07 6.67879388860371e-07 8.0776185393816e-07 1.96534182457242e-06 2.99461768218379e-06 3.61443939862482e-06 9.41388275155219e-07 1.50736705268884e-06 3.74013418245056e-06 3.13193822707447e-06 4.10282525997729e-06
5.92248563862086e-06 3.77558610580309e-06 4.59505573644492e-06 5.60926125672267e-06 9.23849133869226e-06 1.01966388228902e-05 2.53496406912745e-05 8.06560676664958e-06 1.31440529457905e-05 4.16447455791058e-06 6.18557862352986e-07 4.67294046746503e-07 -9999 -9999 -9999 -9999 -9999 4.31068568751414e-07 1.84806676344351e-06 7.87051587849419e-06 1.49205812704167e-05 2.27802257541043e-05 6.4438858498761e-05 2.87628343357937e-05 5.88735650239869e-06 2.69882625616447e-06 1.05760825874768e-06 7.84320936020322e-07 6.74758856256119e-07 7.32645744250249e-07 8.18411378489259e-07 7.49607778338657e-07 7.59216630719095e-07 9.0814305533371e-07 9.26591715177949e-07 9.84019431093941e-07 1.06805814796829e-06 1.18686432024617e-06 1.27736413375601e-06 2.41511594971655e-06 3.43353376841549e-06 2.3711506948132e-06 4.79089356666407e-06 7.4947638676548e-06 4.42762112822237e-06 2.49363096189725e-06
2.56940420513274e-06 3.74316022657695e-06 7.94334732745483e-06 4.31886480214416e-06 1.48324755627982e-05 5.55863620093078e-06 1.07265055646621e-06 5.25432071185605e-07 4.78255155655916e-07 1.06223350542223e-06 -9999 0.000120654263713504 9.55613903386165e-07 -9999 -9999 -9999 -9999 -9999 9.39733244109675e-07 2.05729391922205e-06 1.13637665890565e-05 8.9387528350926e-05 0.000170370878186077 0.000171895499806851 2.1156534239708e-05 9.65449128784712e-06 1.67399468438134e-06 2.51208659776125e-06 2.7826510546447e-06 1.8463079381803e-06 1.61288288431649e-06 2.08947026294481e-06 2.81814090712373e-06 2.5866499537841e-06 2.87342111846556e-06 2.08090348010614e-06 2.20656947220732e-06 2.56349118394894e-06 4.58892552330781e-06 6.1014728380826e-06 5.56441417742803e-06 1.1140320867753e-05 1.23745161303646e-05 7.72113430507204e-06 5.92828309038396e-06 5.84119887783174e-06
0.000180243887825782 1.46856973216813e-05 4.03674617999172e-07 5.20871115661237e-07 5.63515515317192e-07 1.02325397790537e-06 1.20648993657824e-06 -9999 -9999 4.36868531821233e-06 2.56832967515663e-07 8.88018792899459e-07 -9999 -9999 -9999 -9999 -9999 -9999 3.1393667480728e-06 5.3830664569432e-06 1.66010457178345e-05 0.00013943027552159 0.000309169013053179 0.000116594784049084 2.49816072482645e-05 3.01187189052143e-05 9.52126501942985e-06 1.28436078568939e-05 7.32824230453843e-06 6.16928752776857e-06 5.87630075870038e-06 6.90119686339585e-06 1.37929662287206e-05 8.41423988902079e-06 7.91339616341702e-06 6.19762238756039e-06 6.67106465641609e-06 1.31406782941212e-05 2.53117864644992e-05 4.33030136832713e-05 3.46798528539693e-05 3.30080399692179e-05 8.89484830253196e-06 4.86734822402468e-06 4.00768887480751e-06 4.35316976457045e-06
-9999 -9999 -9999 4.96479690248464e-06 4.4155437572968e-07 8.31044159582461e-05 -9999 -9999 -9999 -9999 -9999 -9999 -9999 -9999 -9999 -9999 -9999 -9999 4.01294006493913e-05 4.42256318251566e-06 2.00226807919535e-05 0.000102809751842869 0.0002408717686194 6.29968970315531e-05 4.22281353166909e-05 2.70533299044473e-05 1.91046369877768e-05 3.79849443561397e-05 3.65506320804343e-05 2.56492942526165e-05 2.76139262950892e-05 3.29055400015932e-05 2.94365906711391e-05 2.37858431887616e-05 2.8465963009694e-05 3.48047552051867e-05 3.74637100776454e-05 7.82621462803945e-05 5.39778174243111e-05 5.24532887538953e-05 2.91283496153483e-05 2.84190180991573e-05 2.92197209205369e-05 8.85144366264967e-06 9.41704569470403e-06 1.0150452034452e-05
-9999 -9999 -9999 -9999 -9999 -9999 -9999 -9999 -9999 -9999 -9999 -9999 -9999 -9999 -9999 -9999 -9999 -9999 1.99593455732838e-05 1.0036195021712e-06 1.24488267601919e-05 0.000125151203610585 0.000235861128021497 5.42977746590623e-05 4.85134833070333e-05 8.89133239979856e-05 4.30994935413764e-05 2.41168906995881e-05 3.02941098652809e-05 2.34138257610539e-05 2.22127932829608e-05 2.70667203494668e-05 2.4469120012327e-05 2.60413891282951e-05 3.41273437697964e-05 4.20070705331455e-05 4.07136652938789e-05 5.75268253669492e-05 4.37056759437837e-05 4.99255659633491e-05 3.369803773694e-05 3.17494643468308e-05 1.75965378900855e-05 7.39650251517787e-06 7.46232606019248e-06 6.21254518975434e-06
-9999 -9999 -9999 -9999 -9999 -9999 -9999 -9999 -9999 -9999 -9999 -9999 -9999 -9999 -9999 -9999 -9999 -9999 -9999 7.40602692772541e-07 6.04461925206579e-06 9.89511547231814e-05 4.19841975599411e-05 5.46988425412565e-05 4.53502194432076e-05 7.52945135900518e-05 3.77829643639416e-05 3.50362231529289e-05 4.08283080560068e-05 2.88830555746244e-05 2.33606059509839e-05 1.85249787364228e-05 2.17708726495403e-05 2.08243872066305e-05 1.93503841501297e-05 2.95268962872797e-05 2.78449194411223e-05 4.27266746555688e-05 3.64777733011579e-05 3.43786240136978e-05 0.000104955295500986 3.19990276921089e-05 1.6370184846437e-05 7.41306436111699e-06 4.63721310026699e-06 3.50301459732805e-06
-9999 -9999 -9999 -9999 -9999 -9999 -9999 -9999 -9999 -9999 -9999 -9999 -9999 1.30999225802952e-05 -9999 -9999 -9999 -9999 -9999 1.20774665486323e-06 2.42394379199595e-06 1.41815286610836e-05 1.44962834156104e-05 1.62340703923292e-05 5.57425644728937e-05 9.86916162219131e-05 6.56189875371638e-05 4.20042280438793e-05 5.30259172592196e-05 3.68831857031182e-05 2.53913834512787e-05 2.51417022809619e-05 3.07109906771075e-05 2.52480296694557e-05 2.10729877153426e-05 2.1319794586816e-05 2.17493678292158e-05 2.54571335972287e-05 3.03277385228284e-05 2.96613631235232e-05 5.19665232786792e-05 3.93997286209924e-05 2.27743247478429e-05 1.46992325255724e-05 1.17187151147391e-05 3.80050947939026e-06
-9999 -9999 -9999 -9999 -9999 -9999 -9999 -9999 -9999 -9999 -9999 -9999 4.30700362983316e-06 7.99802393885329e-05 -9999 -9999 -9999 -9999 -9999 -9999 7.70850285469749e-07 3.0138029622151e-06 6.59653044010611e-06 9.10317694149398e-06 6.34033442139525e-06 1.46338477577501e-05 1.21831412030815e-05 1.95693697946808e-05 2.49441141818352e-05 2.14853055126696e-05 2.10833215874118e-05 2.67184663016451e-05 1.92250468217026e-05 1.88795842291256e-05 2.85873341454135e-05 2.50081392550783e-05 2.52292251843755e-05 2.68274413429026e-05 3.06187828755355e-05 2.11628509532602e-05 2.12412051951105e-05 1.35674217290216e-05 8.135136337728e-06 6.64964671415191e-06 4.62329881543155e-06 5.18244023623993e-06
-9999 -9999 -9999 -9999 -9999 -9999 -9999 -9999 -9999 -9999 -9999 7.69572210153058e-06 2.29723576694596e-06 4.36454976806999e-05 -9999 -9999 -9999 -9999 -9999 -9999 -9999 -9999 5.32139209070692e-06 2.60741254152208e-06 2.09296959603478e-06 2.70682622840468e-06 2.99020797029925e-06 3.73640881470294e-06 5.64952327621881e-06 9.75738108479618e-06 1.05656323938774e-05 9.76553870657426e-06 1.50995982437507e-05 2.34702357374772e-05 2.46723697046036e-05 2.99235741294979e-05 3.02596774417907e-05 2.56151123494419e-05 2.56706894560921e-05 2.91108157853159e-05 2.10722692258969e-05 1.29268027109219e-05 8.12692353946431e-06 7.44499272542498e-06 1.1956380654965e-05 6.38744832457405e-06
-9999 -9999 -9999 -9999 -9999 -9999 -9999 -9999 -9999 -9999 2.1544773538551e-07 6.3629496391826e-07 3.91922367555253e-06 3.50988720114742e-06 -9999 -9999 -9999 -9999 -9999 -9999 -9999 -9999 -9999 -9999 -9999 -9999 -9999 -9999 6.12150361789077e-05 2.92375983494964e-06 3.94433645176662e-06 5.28797333956277e-06 5.46316800082991e-06 1.44444213901807e-05 2.00317596295463e-05 1.20755892680791e-05 3.42965888307845e-05 1.23608298707722e-05 1.05914785649475e-05 1.43775405831548e-05 1.58852664810638e-05 1.33278327808739e-05 1.1311845460682e-05 7.43437006605063e-06 6.24279141661077e-06 6.75611516669505e-06
-9999 -9999 -9999 -9999 -9999 -9999 -9999 -9999 -9999 2.43307896141687e-07 2.25559256006314e-07 4.57482034388335e-07 1.08050428657691e-06 2.16142412909903e-06 -9999 -9999 -9999 -9999 -9999 -9999 -9999 -9999 -9999 -9999 -9999 -9999 -9999 -9999 -9999 -9999 -9999 -9999 -9999 0.000391723815823752 0.000106705272852992 8.89884491144244e-06 2.48337722723591e-05 2.30816915632204e-05 3.61410088231651e-05 0.000109507216563998 6.97969702940782e-06 9.03107594183439e-06 1.28634272925865e-05 4.96222576700234e-06 3.73580721415578e-06 2.38765792843765e-06
-9999 -9999 -9999 -9999 -9999 -9999 -9999 -9999 3.73956797683483e-07 6.15083131005889e-07 3.86478530689516e-07 5.43541778696977e-07 1.53802764728539e-06 3.20829438180681e-06 -9999 -9999 -9999 -9999 -9999 -9999 -9999 -9999 -9999 -9999 -9999 -9999 -9999 -9999 -9999 -9999 -9999 -9999 -9999 -9999 -9999 -9999 -9999 -9999 -9999 -9999 -9999 0.000111013923637415 7.24331543828782e-06 2.23562947496703e-06 1.58325883221622e-06 9.75713676654166e-07
-9999 -9999 -9999 -9999 -9999 -9999 -9999 2.31725201271793e-07 1.97011835068039e-07 4.31288681213005e-07 4.59641382200004e-07 5.87497049586716e-07 2.44712164487737e-06 1.715523454493e-06 -9999 -9999 -9999 -9999 -9999 -9999 -9999 -9999 -9999 -9999 -9999 -9999 -9999 -9999 -9999 -9999 -9999 -9999 -9999 -9999 -9999 -9999 -9999 -9999 -9999 -9999 -9999 -9999 -9999 -9999 -9999 -9999
-9999 -9999 -9999 -9999 -9999 8.44340197296844e-06 1.68985310844416e-07 2.1638874064811e-07 3.64805988417594e-07 5.41065767389881e-07 4.54777857727962e-07 8.96294453411883e-07 1.93905072123357e-06 1.7667732111093e-06 -9999 -9999 -9999 -9999 -9999 -9999 -9999 -9999 -9999 -9999 -9999 -9999 -9999 -9999 -9999 -9999 -9999 -9999 -9999 -9999 -9999 -9999 -9999 -9999 -9999 -9999 -9999 -9999 -9999 -9999 -9999 -9999
-9999 -9999 -9999 -9999 2.54379782804737e-07 1.56939351125818e-07 2.55549587868664e-07 3.30927013436622e-07 4.65240210401063e-07 5.16901842839701e-07 4.88797741748925e-07 8.25648204916263e-07 2.20339082872556e-06 2.04009126711924e-06 2.10642680738005e-06 -9999 -9999 -9999 -9999 -9999 -9999 -9999 -9999 -9999 -9999 -9999 -9999 -9999 -9999 -9999 -9999 -9999 -9999 -9999 -9999 -9999 -9999 -9999 -9999 -9999 -9999 -9999 -9999 -9999 -9999 -9999
