Maxent_result_files_1/Bombus_deuteronymus_3.asc
NCOLS 594 
NROWS 330 
XLLCORNER -15 
YLLCORNER 23 
CELLSIZE 0.166666666666667 
NODATA_value -9999 
[rows 300 to 319 of 330, columns 405 to 449 of 594]
3.31573097867022e-09 1.39273865329415e-08 4.95065037853237e-09 2.88177304241799e-09 9.13795474843937e-09 1.34730058221066e-08 6.26297520511798e-09 7.23369382171768e-09 4.06408453557106e-09 8.02946757971768e-09 1.28035892998923e-08 1.14377684212741e-08 5.49349330469795e-09 2.26557563820506e-09 9.29430576945833e-10 1.02492405673615e-09 1.74910308459175e-09 4.27817781201156e-09 5.51230847634088e-09 6.93282942165752e-09 2.09453514798952e-07 3.67628649655671e-07 9.85995575319976e-06 2.90282168862177e-06 3.15260331262834e-07 2.69611376779721e-08 6.67093829065379e-09 1.04195176930943e-09 7.40785877084704e-10 1.47365604163951e-09 5.18347178513068e-09 2.46269777903763e-09 3.89164611647175e-10 1.19543388521492e-09 6.80533673858008e-10 1.2983644159803e-10 1.07220188283463e-10 1.35395550326933e-10 8.52530224193515e-10 5.87693671505463e-11 4.62019400515601e-10 3.19007242843838e-10 9.5199723659789e-10 4.06524902629712e-10 2.98337852200348e-08
2.01109813247058e-08 1.04580571758106e-08 1.04394146660525e-08 3.50746169885952e-09 6.18009252661977e-09 4.31641637987923e-09 4.10222646962666e-09 1.00278057857395e-08 1.61068697934752e-08 3.94166249861883e-08 1.69595423926694e-08 4.12294014040526e-08 1.95338444086701e-08 7.52217221844376e-10 8.86062156979506e-10 1.1702067759245e-09 4.10944167583693e-09 8.85583517629129e-09 1.01547264819146e-08 3.41456534158624e-09 4.19837078879937e-08 3.61469062681863e-08 4.61499034543067e-09 8.89319977659397e-09 9.86292718607729e-09 4.96401284522108e-09 2.23214176031661e-09 6.52860610017569e-10 5.11411979431386e-10 8.03057353948589e-10 1.02873237040058e-08 8.67132943227489e-10 1.32642341554856e-09 4.89117901736336e-09 2.38368635940844e-10 1.19425236366766e-10 5.31405675019414e-10 7.3666628352953e-11 2.05096739591681e-10 1.66506175514058e-10 5.24649612643202e-10 2.46399589620694e-10 9.23711596101384e-10 6.89557433375398e-10 7.31492999506145e-10
1.04850539628387e-07 7.8467871844623e-08 3.30607974774466e-08 8.82453576878106e-09 1.70932210608044e-09 1.35103972453976e-09 2.14985238500276e-09 1.00851870854513e-08 9.94583615465672e-09 3.37726504540115e-08 8.76142109973443e-08 1.12013502473474e-08 4.11113170173394e-09 6.61973231785851e-09 1.4107580881273e-09 8.23296009144769e-10 2.02208738642184e-09 1.88162925240931e-09 1.35159545777697e-09 4.52336212930504e-10 1.64867997032303e-10 3.80016995649157e-10 3.0897413516584e-10 1.65255844564172e-09 1.05650039827765e-09 6.03001453214347e-09 5.2665760641446e-10 5.02230825816241e-09 5.02878236829929e-09 5.45538858531813e-10 1.27283685813495e-09 2.15491802180168e-09 1.10316218382422e-09 2.77152834016192e-10 1.35292987923918e-10 9.45896472259733e-11 7.41256278580238e-11 7.18106574204569e-11 8.80887807142017e-11 5.99145177915261e-11 2.05045957990535e-10 2.31782548709703e-10 1.60370849933145e-10 1.55215940100817e-10 2.67423461153271e-10
-9999 3.43683770331893e-10 9.36761423986354e-09 3.20488489080617e-09 7.47484918406371e-09 2.6432086741579e-09 1.24331194228944e-08 4.42159176827772e-08 3.32086983689805e-08 3.95196728675273e-09 4.41406697859747e-09 1.7817282582655e-08 5.27637773473089e-09 4.17497361127062e-09 1.11860298801503e-09 1.44837628113237e-08 7.83420659900003e-08 5.13399678325754e-10 3.03972602644365e-10 4.08850775457381e-10 9.95980298235111e-11 2.35159518524597e-09 1.40849305552138e-09 2.26659913060701e-11 2.53170595598817e-11 1.52989065860254e-11 2.86757728673592e-11 1.92192004533354e-09 1.67590865629563e-09 1.18518874714368e-09 8.59874216274648e-10 2.3153464923098e-09 7.23923632151013e-10 2.4337780679673e-10 1.30696986566647e-10 9.21048570745597e-11 6.5465954879329e-11 6.08538441859707e-11 5.66823699088559e-11 6.08812555924487e-11 8.17736545144498e-11 1.12506060023776e-10 4.83995954425609e-10 1.08532260956196e-10 2.76577383218068e-10
-9999 -9999 4.52038717568826e-10 7.41329628795029e-09 5.0877051904763e-09 1.52991219692922e-09 1.00368275468554e-08 1.3449398039711e-09 1.42537487590744e-08 2.50745955554521e-08 6.02589054210512e-09 1.37659242227528e-08 4.11547667056311e-09 6.07689898401986e-10 1.28620092354481e-09 1.88157756042528e-10 1.13813369839733e-10 4.51362280884382e-11 3.66290220377152e-11 9.9316066481947e-11 2.5998170283259e-11 3.62067265058386e-11 1.446355368806e-10 8.12857892107388e-11 3.82579523616755e-12 3.45867778861475e-12 1.02522879075195e-11 9.18732645516229e-11 4.40998171313822e-10 6.54667520194607e-10 2.22052634057945e-09 6.67804789244997e-10 2.03025969369719e-09 6.23320506321079e-10 1.71174574514765e-10 8.95675089651604e-11 4.95746443895939e-11 5.41226952144314e-11 6.17243145484281e-11 7.03726188433507e-11 8.66843374858206e-11 8.82876549646028e-11 1.30860122737886e-10 1.30463895242627e-10 1.19080045823949e-10
-9999 -9999 -9999 -9999 1.775486957456e-09 4.50018511344297e-10 1.84232700206621e-09 4.71152219461146e-09 1.24505046272816e-09 1.20958816296479e-09 9.11997144470433e-10 1.44634748622252e-09 1.17507106267567e-09 2.59030628058099e-09 1.5427229271836e-09 2.04144541271489e-09 1.58788937554277e-10 2.24615459565314e-10 4.35614877503099e-11 7.94104781931537e-12 6.46782627455877e-12 -9999 -9999 -9999 -9999 -9999 1.52240442474749e-11 3.59147267481319e-11 1.85246507022896e-10 1.49311574215716e-10 7.62485363736687e-10 5.51930128267486e-09 1.82419441330239e-08 1.44795988532564e-09 4.33500213503635e-10 1.11196130081481e-10 8.05252309277194e-11 6.42350284074666e-11 6.41241615362276e-11 3.8173619820725e-10 7.77049202760338e-11 8.39134428609611e-11 9.00190810781965e-11 7.58908047515661e-11 9.71154823226072e-11
-9999 -9999 -9999 -9999 -9999 -9999 5.06183761572743e-11 7.11695369304266e-11 1.5957668519917e-10 2.50011900071456e-10 1.91205451471888e-10 4.14031564588413e-10 1.33860156292798e-10 6.26523233293597e-10 1.46150946900292e-10 2.36313857371329e-11 9.26148047142306e-12 5.94093663153217e-12 1.85773507688225e-10 -9999 2.52594922756089e-10 1.57596380390146e-11 -9999 -9999 -9999 -9999 -9999 4.37760938609699e-12 7.69687646950956e-12 3.56847662530413e-11 1.86520043854443e-09 5.15987210292224e-08 2.43138856603764e-07 2.33708107089115e-08 2.37542309378114e-08 1.96443128430701e-09 1.27749242295749e-09 2.62207211498833e-10 8.52177350907368e-10 1.1414734713e-10 2.60171084676131e-10 6.66558674922157e-10 1.37919808906872e-09 1.83743908976908e-10 1.88298554526511e-10
-9999 -9999 -9999 -9999 -9999 -9999 -9999 3.19067972043285e-10 1.81278247968208e-10 9.22267684444478e-10 2.01078087513906e-10 6.29251095674022e-12 7.58744178597226e-12 6.49191811419314e-12 1.24404375689835e-11 1.43995704249278e-11 -9999 -9999 1.83794579555752e-10 4.35169678070224e-12 8.08183409084506e-11 -9999 -9999 -9999 -9999 -9999 -9999 6.28890273191018e-11 8.9959817373142e-12 2.4655089081449e-11 2.88427415284787e-09 2.6162747417402e-07 3.52348088483723e-09 1.42240548228756e-09 1.30604703940662e-08 4.13146992173097e-09 5.79540682110746e-09 3.59529792604008e-09 1.25133885475748e-09 1.41700891020946e-09 2.39766428933308e-09 1.24904007137161e-09 3.52151623417285e-09 3.21712292361553e-09 3.61113769997701e-09
-9999 -9999 -9999 -9999 -9999 -9999 -9999 -9999 -9999 -9999 -9999 -9999 1.36786315607651e-10 7.5756401152205e-12 6.52397691425222e-10 -9999 -9999 -9999 -9999 -9999 -9999 -9999 -9999 -9999 -9999 -9999 -9999 2.38374631145177e-10 5.29495336465402e-12 1.64212088371585e-11 2.07617967262763e-10 6.67084975702892e-08 3.75667053020834e-10 2.60439048105354e-10 1.53998713781078e-10 1.08769993012459e-10 3.91769550134313e-10 3.36430128200504e-10 2.06482013709319e-09 2.49795046869394e-09 1.92784703756388e-09 7.89910146181683e-09 5.89637565440171e-09 1.00085193466271e-09 1.68309099990438e-08
-9999 -9999 -9999 -9999 -9999 -9999 -9999 -9999 -9999 -9999 -9999 -9999 -9999 -9999 -9999 -9999 -9999 -9999 -9999 -9999 -9999 -9999 -9999 -9999 -9999 -9999 -9999 1.27894927981487e-10 1.40122358160966e-12 9.33961796789617e-12 2.13163797724292e-10 2.976918800357e-09 9.94990090319448e-11 7.43906158895413e-11 3.62452823310377e-10 1.05560293839346e-10 4.01568445163036e-11 4.86329310156464e-11 3.28957527884199e-11 3.86650267358846e-11 6.31398378025949e-11 6.1284011199092e-11 8.76872796595762e-11 1.63979019252025e-10 1.17802443355686e-09
-9999 -9999 -9999 -9999 -9999 -9999 -9999 -9999 -9999 -9999 -9999 -9999 -9999 -9999 -9999 -9999 -9999 -9999 -9999 -9999 -9999 -9999 -9999 -9999 -9999 -9999 -9999 -9999 2.35710340135142e-12 2.51559884034691e-12 1.13972042914412e-10 1.77321157757149e-11 3.34050676009667e-11 1.99566363434656e-11 6.95462909483524e-11 2.50242937482881e-11 3.3387315134803e-11 3.37861405519391e-11 1.95555904802802e-11 1.35528144262764e-11 1.30821242727563e-11 2.21245133324999e-11 2.51272225249011e-11 2.78636003159249e-11 5.62491053734959e-11
-9999 -9999 -9999 -9999 -9999 -9999 -9999 -9999 -9999 -9999 -9999 -9999 -9999 -9999 -9999 -9999 -9999 -9999 -9999 -9999 -9999 -9999 2.13447348684781e-10 -9999 -9999 -9999 -9999 -9999 9.34127220020287e-12 1.01261221630011e-12 3.01013658443594e-12 2.03208561089241e-12 1.8732237982988e-12 1.95858107510105e-11 5.84766790545643e-11 3.23905124943735e-11 9.0212837200454e-12 1.46040068926823e-11 9.11800634995075e-12 7.21053217134227e-12 8.70598038105186e-12 1.3171874702067e-11 1.23277721364445e-11 1.67246883009398e-11 2.31626939850571e-11
-9999 -9999 -9999 -9999 -9999 -9999 -9999 -9999 -9999 -9999 -9999 -9999 -9999 -9999 -9999 -9999 -9999 -9999 -9999 -9999 -9999 2.27293117660565e-10 2.3325625875259e-09 -9999 -9999 -9999 -9999 -9999 -9999 5.44952971637258e-13 8.74833538944131e-13 1.20331522523998e-12 1.07306385999095e-12 6.00774985315411e-13 1.59495749940675e-12 1.27394761406663e-12 2.25623963956423e-12 3.18477466620948e-12 3.05614422657641e-12 3.54773987965018e-12 5.24709165006243e-12 4.59090543358798e-12 5.57323076577632e-12 1.15639164910419e-11 1.17327370041664e-11
-9999 -9999 -9999 -9999 -9999 -9999 -9999 -9999 -9999 -9999 -9999 -9999 -9999 -9999 -9999 -9999 -9999 -9999 -9999 -9999 1.44113998512552e-10 1.72285408162054e-11 3.3391733822441e-10 -9999 -9999 -9999 -9999 -9999 -9999 -9999 -9999 1.03001718265716e-11 1.9099499759534e-12 4.2446046677469e-13 4.34419167305578e-13 4.0600856010542e-13 5.18085574441329e-13 7.10109748780496e-13 1.24419363700667e-12 1.49996681741982e-12 1.70962133339003e-12 2.42251774196234e-12 4.03126421133493e-12 5.18709519781169e-12 7.15562054054431e-12
-9999 -9999 -9999 -9999 -9999 -9999 -9999 -9999 -9999 -9999 -9999 -9999 -9999 -9999 -9999 -9999 -9999 -9999 -9999 4.88753482130733e-12 8.21884782453708e-12 1.65306879296168e-11 1.3612804217189e-10 -9999 -9999 -9999 -9999 -9999 -9999 -9999 -9999 -9999 -9999 -9999 -9999 -9999 -9999 1.43727807433436e-11 9.39381905595838e-13 4.43900471935876e-13 8.54838422270632e-13 1.02798880519117e-12 1.0419665130712e-12 1.41914258122711e-12 9.14723852218913e-13
-9999 -9999 -9999 -9999 -9999 -9999 -9999 -9999 -9999 -9999 -9999 -9999 -9999 -9999 -9999 -9999 -9999 -9999 3.33518768158569e-12 4.64140947897818e-12 5.67657032490843e-12 6.13177064678894e-11 6.2686422719338e-11 -9999 -9999 -9999 -9999 -9999 -9999 -9999 -9999 -9999 -9999 -9999 -9999 -9999 -9999 -9999 -9999 -9999 -9999 -9999 5.06590436266663e-11 6.87859769143984e-12 1.60067514798357e-12
-9999 -9999 -9999 -9999 -9999 -9999 -9999 -9999 -9999 -9999 -9999 -9999 -9999 -9999 -9999 -9999 -9999 1.86994975059918e-11 4.63290517060955e-12 7.56900098153324e-12 7.19929671433306e-12 7.00275837317577e-11 5.32326627222801e-11 -9999 -9999 -9999 -9999 -9999 -9999 -9999 -9999 -9999 -9999 -9999 -9999 -9999 -9999 -9999 -9999 -9999 -9999 -9999 -9999 -9999 -9999
-9999 -9999 -9999 -9999 -9999 -9999 -9999 -9999 -9999 -9999 -9999 -9999 -9999 -9999 -9999 -9999 3.3869906879147e-12 1.80446768638376e-12 3.64137608954707e-12 8.11946065937264e-12 8.43972669528625e-12 2.8058100287609e-11 1.85691129139798e-11 -9999 -9999 -9999 -9999 -9999 -9999 -9999 -9999 -9999 -9999 -9999 -9999 -9999 -9999 -9999 -9999 -9999 -9999 -9999 -9999 -9999 -9999
-9999 -9999 -9999 -9999 -9999 -9999 -9999 -9999 -9999 -9999 -9999 -9999 -9999 -9999 4.93360463593717e-11 1.34049438216266e-12 1.28681509892203e-12 2.63353783225284e-12 4.84371431852537e-12 7.63432650430218e-12 4.59904780925058e-11 4.62847760118734e-11 2.51878518042759e-12 -9999 -9999 -9999 -9999 -9999 -9999 -9999 -9999 -9999 -9999 -9999 -9999 -9999 -9999 -9999 -9999 -9999 -9999 -9999 -9999 -9999 -9999
-9999 -9999 -9999 -9999 -9999 -9999 -9999 -9999 -9999 -9999 -9999 -9999 -9999 1.33335564811432e-12 9.21185350222231e-13 1.37021505253188e-12 2.06179517903138e-12 3.3992808567973e-12 5.49105205749356e-12 8.0752848852228e-12 7.88231035997455e-11 1.55474189078575e-11 1.67714619969672e-11 6.41979802651349e-12 -9999 -9999 -9999 -9999 -9999 -9999 -9999 -9999 -9999 -9999 -9999 -9999 -9999 -9999 -9999 -9999 -9999 -9999 -9999 -9999 -9999
