Maxent_result_files_1/Bombus_balteatus_3.asc
NCOLS 594 
NROWS 330 
XLLCORNER -15 
YLLCORNER 23 
CELLSIZE 0.166666666666667 
NODATA_value -9999 
[rows 160 to 179 of 330, columns 396 to 439 of 594]
4.87867746201687e-11 5.53646017920073e-13 2.78088818639333e-10 3.74145159298678e-15 2.69495536997511e-13 7.77267139540072e-14 4.43595604693314e-11 5.33840638361482e-11 4.66607419369325e-11 3.58515994669517e-11 4.41535363826517e-11 2.11913752128146e-05 3.36630732342691e-06 6.58864851565966e-11 7.54618589837719e-14 6.04516436908398e-14 1.56430424169685e-14 2.8466118351389e-14 3.41948691584548e-14 1.44533385260104e-11 7.50510764646606e-14 8.45545855554519e-14 8.96038798714471e-13 3.91074950201187e-11 4.88201701287494e-11 3.38521766174438e-11 2.19155915637259e-11 1.35681099688867e-10 2.37741271114089e-11 6.46167119811025e-11 6.08211481178955e-11 1.93722815566844e-13 7.74380559676047e-14 7.30992932851393e-11 1.20592424934785e-13 1.61659574615669e-13 6.35713703900365e-14 2.2903900998017e-14 3.95017352161631e-14 2.09499084746767e-14 2.95763413760142e-14 4.0689673852512e-14 2.84272605455271e-13 5.01650003935872e-05
2.91910939864692e-13 2.68673971959288e-14 1.64868119156836e-14 1.78008385809392e-11 3.28321592135694e-11 2.2751289741052e-11 4.12655465353851e-11 5.61473423310588e-11 4.8615556025311e-11 4.83880491231048e-11 3.59426266527407e-11 3.21759063837135e-11 1.84041781814415e-11 5.51850787289254e-11 7.28932358917689e-11 1.67109659443554e-11 1.4661705183272e-11 9.82983694441941e-12 3.16524584320632e-14 1.7655388262483e-11 2.25530261133144e-11 7.68940466855383e-14 3.44169137633799e-14 8.54993853494079e-13 1.72907244078147e-12 4.75319783532768e-13 3.77302633580712e-12 1.36967326369586e-11 3.64569041622076e-11 3.85232623578702e-11 3.35920180560834e-13 4.30755431324314e-11 5.07000663674262e-11 5.06994002336114e-11 1.41175959811335e-13 9.48130463029884e-15 3.03179703564638e-13 1.30506716544687e-13 1.01687436249165e-11 2.67441624401954e-13 8.04911692853238e-15 3.11750625314744e-14 3.69565411606487e-10 1.80011971995242e-10
3.40394379350073e-14 4.55191440096314e-16 1.32629129900863e-11 1.71910485846638e-11 2.42682984818998e-11 2.60597210477442e-11 2.47614040382871e-11 3.09638648055e-11 4.03045929964208e-11 4.66969907186865e-11 3.22881055225821e-11 2.28581154004814e-11 2.07745487479372e-11 2.51072052037671e-11 3.70722452736061e-11 3.46133233186663e-11 1.91560878270991e-11 1.52685197818414e-11 1.53741686048647e-11 8.16431366956749e-12 2.67563748934663e-14 2.01172412062078e-14 2.15503948020057e-11 1.05179198683913e-12 1.67799107941846e-13 5.99378546795037e-11 2.26507701484024e-12 5.05794961469519e-11 1.22976073768655e-12 1.95927163382237e-11 2.41607733819649e-11 4.6939163667048e-11 7.53930251562451e-13 2.30446439708487e-11 5.01306440803262e-11 1.63602464908763e-13 4.30211422042248e-14 8.03438426899561e-12 8.53364823250047e-11 4.64472904582181e-13 5.35915756216809e-13 1.01707531285911e-13 1.40126799053064e-12 2.11158951435308e-09
1.82076576038526e-14 2.17270645919143e-14 1.34259603434828e-11 1.37438616043539e-11 1.55886969999131e-11 1.48298928692725e-11 1.63933977503916e-11 1.6290890858528e-11 1.9258561412272e-11 1.96740290725472e-11 2.29302909993123e-11 2.31048735699346e-11 1.38433486895906e-11 1.45213840951897e-11 1.48183132431257e-11 1.71055059006164e-11 2.44721021225303e-11 1.66822222702478e-11 2.15178985740749e-11 2.67512456630925e-11 3.16255133192556e-11 2.46647480217632e-11 9.98219285008872e-12 9.21515086460545e-12 1.52791446161871e-11 3.99241861792632e-11 3.24091198322662e-11 6.44594821963551e-11 6.38683328446632e-11 4.25034896167631e-11 3.59577922992571e-11 1.04504738196454e-11 2.91242252536961e-11 2.99091529321061e-11 4.26641610928868e-11 1.37534428290564e-13 2.89035462230913e-13 1.09431108619162e-10 3.06300995678299e-10 2.22631357793546e-11 7.41317007779685e-12 6.23980200842311e-11 7.91460119664578e-10 2.99108803281101e-09
8.33777491493492e-15 2.09587902588737e-13 1.05827457907992e-11 3.82671708765159e-09 4.39700831300627e-11 1.08571041046446e-11 1.1120149245869e-11 1.15136788991776e-11 1.21655907570073e-11 1.37750255646552e-11 1.40059630560074e-11 1.37665656652075e-11 1.62365232370121e-11 1.63607793979281e-11 1.63531299612885e-11 1.33305810834372e-11 1.2438117202862e-11 1.39709466218108e-11 2.14758544281324e-11 2.97215141387142e-11 4.35180669278168e-11 2.89316237633841e-11 1.81798465170857e-11 1.98883021162999e-11 1.92717175551138e-11 1.68739910932914e-11 4.10426581609613e-11 6.64823196494524e-11 4.34527858139688e-11 1.13923870337374e-11 5.3207727113147e-11 5.46340861440342e-11 2.85113044284913e-11 3.28280180816876e-11 2.42685871398862e-11 2.31766161817859e-11 1.11156639448495e-10 3.15363291036874e-11 9.89240911408729e-11 8.56346660249585e-11 4.4245819830202e-08 2.43522757514825e-11 8.60168469785094e-10 8.99067020831978e-10
5.55111512312578e-16 9.16452469468254e-12 8.83175754751164e-12 1.16486154055906e-11 1.46129552902607e-11 1.02474362329019e-11 9.07615094192238e-12 8.77422579037557e-12 9.13200626229127e-12 9.22694143312697e-12 9.98505722549225e-12 1.04914188447935e-11 1.05970676678169e-11 1.11731845997554e-11 1.22816756764621e-11 1.19269705223246e-11 1.53615897779957e-11 1.47082790391551e-11 1.52233892158904e-11 1.76179515420927e-11 2.07977635113821e-11 2.6890578652683e-11 3.87560983305946e-11 2.70055089401922e-11 1.92329818737846e-11 1.82006409943369e-11 1.00994990148706e-11 2.69938960073546e-11 4.23769019874953e-11 4.40426251024917e-11 6.70334565633368e-11 4.00659727617381e-11 5.21434562195111e-11 4.61888860492365e-11 3.65017460701722e-11 2.90378054934592e-11 8.98455921840569e-06 5.01426344889921e-11 4.95145147105802e-11 1.34856348310564e-10 3.09887393523667e-10 4.4684330680056e-10 3.07466230253795e-10 6.45849895786199e-10
2.72004641033163e-15 9.18154441365004e-15 7.76907427280094e-12 7.98383581468443e-12 7.76549935466164e-12 8.10226330472119e-12 7.69984076498531e-12 7.55900897431161e-12 4.02006206101646e-12 7.7593931280262e-12 7.74098563027792e-12 7.59361462598918e-12 8.89198714659756e-12 8.62916404997804e-12 8.12245826153912e-12 7.50371986768528e-12 8.48691117383282e-12 9.76179137524014e-12 1.40469080811556e-11 1.460345178117e-11 1.80163217677887e-11 1.71302194651446e-11 2.55691912087741e-11 2.29317898003956e-11 2.46894948929821e-11 2.62846966414543e-11 1.7617562964034e-11 1.84049442353285e-11 2.80620415793464e-11 2.18067897073126e-11 3.66514707472731e-11 1.80622516943174e-11 2.55097720724962e-11 4.62242688570313e-11 5.14624232117455e-11 4.39690728271103e-11 2.8682114759615e-05 1.77784753517374e-05 4.11104816855357e-11 8.17573453382181e-11 1.09399989067782e-10 2.98838498391518e-10 4.50745685220966e-10 3.88636245407525e-10
7.68509700321829e-12 2.12052597703405e-15 1.0857981180834e-14 6.03589400682836e-12 6.03854743985721e-12 6.06622529986112e-12 6.33711971786965e-12 6.53915810389094e-12 6.1801674888784e-12 6.52737863759967e-12 6.15019146721352e-12 5.87335735602323e-12 1.90812921019301e-12 5.57174306692332e-12 5.90656412668977e-12 6.44517772485642e-12 6.78134215448267e-12 8.23888735013156e-12 9.99141880342336e-12 1.00037311767665e-11 1.22290844117856e-11 1.19195431302899e-11 1.12596709733737e-11 1.28628885320836e-11 1.95445104544945e-11 3.18007398192321e-11 2.15847117956969e-11 1.54871893087716e-11 1.45998879652609e-11 1.38121070136776e-11 4.21938040062742e-12 1.45887413260937e-11 2.47589837520934e-11 2.09906203529897e-11 3.12518122491667e-11 5.2016402296573e-11 4.00069199990583e-11 2.69840705335866e-11 3.1298486025122e-11 5.76284686637507e-11 8.23797252635927e-11 1.77538606038752e-10 2.48604592467672e-10 1.86206849939197e-10
5.98222582581798e-12 3.10743653031409e-12 7.40518757424979e-15 4.79618567084117e-12 4.56656934488819e-12 4.75752770512372e-12 4.7882475762151e-12 4.50357529047096e-12 4.76952921601992e-12 4.96048757625545e-12 4.50430803766721e-12 4.29070112772933e-12 4.06743527747722e-12 4.1464276456793e-12 4.16331413788384e-12 4.62715421534199e-12 4.8713255651478e-12 5.02958785730812e-12 4.90535390085256e-12 6.82818246389161e-12 8.31367197307031e-12 9.69684332829956e-12 7.24188486955768e-12 1.16372023128974e-11 1.70873648563941e-11 1.86530013657205e-11 1.73023928518035e-11 1.36042510590073e-11 1.65007008057216e-11 1.88662863109812e-11 1.78764780756069e-11 1.38143829708781e-11 1.39865785619975e-11 2.42773579017808e-11 2.52033172110089e-11 3.27928240118069e-11 3.98118094047106e-11 5.51282903121231e-05 2.0086543539577e-11 3.10689474147807e-11 6.63081145546585e-11 8.75859607063489e-11 1.66293256942396e-10 1.3800851572654e-10
4.20095069841864e-12 3.84139386966353e-12 3.96571664396106e-14 1.52360346561409e-12 3.35054206601626e-12 3.84641207773484e-12 4.14933643000381e-12 3.84785536766685e-12 3.94875243614479e-12 2.65480970540466e-12 2.61003441082153e-12 2.89750445858772e-12 2.48776554911956e-12 2.54749554784439e-12 3.04665181971586e-12 3.17038617581034e-12 3.25551807733859e-12 3.3119285092198e-12 3.95150578924586e-12 5.074352049661e-12 6.80412393094798e-12 7.57368612269715e-12 4.41479075519169e-12 3.07042169467309e-12 7.37058192257223e-12 1.1066769722845e-11 1.4750023424881e-11 1.5585899237891e-11 1.80570114416412e-11 2.06292982696255e-11 2.26410001857857e-11 2.0692936253397e-11 1.6529211332994e-11 1.60860880171754e-11 2.82794787587193e-11 3.54519857914681e-11 3.19196891140905e-11 1.87390658545894e-11 2.02365790791248e-11 2.73138400785911e-11 3.90083076950987e-11 6.88392565173501e-11 9.56147494513004e-11 5.38931121951691e-11
2.47133424835511e-12 2.5967783479075e-12 2.462763326605e-12 2.81495937670684e-12 2.21835882996402e-12 2.07741601698785e-12 1.8767765119776e-12 2.13244977231852e-12 1.66605618190374e-12 1.42740264053032e-12 1.71219705080716e-12 1.71408442994903e-12 1.68673963685251e-12 2.41010544854703e-12 2.32626140572734e-12 2.37462272068001e-12 2.41853204130393e-12 2.0571433445582e-12 2.21620499729624e-12 2.67844635359893e-12 4.73586725391328e-12 6.58441079437466e-12 4.38747926878591e-12 4.80501194388694e-12 6.93386459360568e-12 5.38988853548972e-12 8.2809981094556e-12 9.5775276598431e-12 1.13589804229264e-11 1.55559454206866e-11 1.39729117165643e-11 1.62462709951683e-11 1.70131575494281e-11 1.65510272154279e-11 1.745327216085e-11 1.96033966837206e-11 1.89538384987031e-11 1.97886151909188e-11 1.47664436234152e-11 1.84087634025332e-11 2.18883910996226e-11 4.52541559781139e-11 4.44934533661012e-11 3.05923286703091e-11
1.67456049027237e-12 1.72367675688179e-12 1.86943793778482e-12 1.79789516607798e-12 2.04148919991098e-12 1.30802035869237e-12 1.23357990489126e-12 1.09064979270102e-12 1.06382680442607e-12 1.08115738584047e-12 1.26763044505651e-12 1.11072262498624e-12 1.05724318189004e-12 1.39837030843637e-12 2.00626182333963e-12 1.2863266007912e-12 1.3671952459049e-12 1.3877676785512e-12 2.03929095832223e-12 2.75087730372547e-12 3.24524851436081e-12 3.49228423957015e-12 3.36162209180202e-12 3.60457219628074e-12 3.66890962055777e-12 4.43657333093483e-12 3.47656348154146e-12 5.50642864638462e-12 5.76182435096939e-12 9.53316314777908e-12 6.99018620764491e-12 6.00813843121273e-12 8.32943714001999e-12 1.06842534819407e-11 8.67531602111171e-12 1.26036070469127e-11 1.04817154955583e-11 1.3980605562125e-11 1.05776486786113e-05 1.41673117681762e-11 1.68272951128756e-11 1.66015756697391e-11 3.48560846852308e-11 4.28533764029737e-11
1.17059695270427e-12 1.15371046049972e-12 1.09917630553014e-12 1.11494147247981e-12 1.12906350935305e-12 1.37979627723439e-12 7.77833353282631e-13 7.94797561098903e-13 7.41273709081725e-13 8.16036127559983e-13 8.05167044148902e-13 8.1583628741555e-13 6.76436684443615e-13 9.64228696886948e-13 8.4373619202438e-13 8.69559979577161e-13 9.70590274818051e-13 1.07726050302404e-12 1.47031276043208e-12 1.76076930813451e-12 2.35264030479243e-12 1.77463599371208e-12 2.33075780897707e-12 2.91313639877444e-12 2.72184497163153e-12 2.93071122925426e-12 3.20088400229679e-12 3.31640270800904e-12 3.63250540758031e-12 3.52938789305313e-12 3.24346105529116e-12 5.83132431231093e-12 5.6390447866761e-12 4.98638907941995e-12 6.21276363688139e-12 9.19270215504753e-12 7.01432245620026e-12 8.7976625984254e-12 7.49629247565054e-12 5.7825189081484e-12 6.26179108564884e-12 1.04318442772922e-11 2.61653476663071e-11 2.77313505492316e-11
9.51494438794498e-13 9.11160036309866e-13 8.47977243978448e-13 7.8204109854596e-13 7.94997401243336e-13 7.15594250522145e-13 6.36690700162035e-13 6.42597086653041e-13 6.04827299355293e-13 6.08868511164928e-13 5.91438009678313e-13 6.8139938136369e-13 6.95410395934459e-13 7.51487760908276e-13 6.61637411525362e-13 5.94135851628153e-13 6.63757937502396e-13 6.96254165433174e-13 9.66227098331274e-13 1.19653176255952e-12 2.12145856437473e-12 1.73150382920539e-12 8.8992702096391e-12 2.36083597116021e-11 1.7246870598342e-12 2.87270207621759e-12 3.6246783352567e-12 3.84636766881385e-12 4.5050962960147e-12 3.32068816888409e-12 3.10306225159707e-12 2.84005041706337e-12 3.32448513162831e-12 4.36243263735037e-12 5.65211211167593e-12 6.60507204486294e-12 3.07823766476645e-12 4.42369474384918e-12 4.61106708371517e-12 4.36846114837408e-12 3.88201693013457e-12 5.92746962624346e-12 8.96365204283711e-12 7.0932815177116e-12
8.13382694531128e-13 7.67153007785737e-13 6.60549392961229e-13 6.37412345128041e-13 6.43418651691263e-13 6.07536243535378e-13 5.20627985167721e-13 5.23692200715686e-13 5.01731989288601e-13 4.53947990308734e-13 3.99602573253333e-13 3.64142049846805e-13 4.60520510614515e-13 6.15452133700956e-13 5.89606141687682e-13 7.58992868554742e-13 7.34046157191415e-13 5.72231151352298e-13 7.018052805563e-13 5.57687229729709e-13 7.43372030598266e-13 1.30424560040865e-12 2.60555754749703e-10 1.78751236035168e-10 8.4453555260211e-13 9.84168302409216e-13 1.53266288549503e-12 1.55294666015493e-12 2.07091011006355e-12 3.06793479509793e-12 3.76497721887858e-12 2.42326159138884e-12 3.33832961274538e-12 4.16473522335536e-12 4.47938353076438e-12 3.84455800528372e-12 3.38290506718408e-12 2.59251509149294e-12 3.26170201958575e-12 3.81267240001648e-12 2.99715807727807e-12 3.38162831070576e-12 2.87710966162535e-12 2.84805512507091e-12
8.41482439284391e-13 7.20123960462615e-13 5.96966920340947e-13 5.28199706195665e-13 5.52513590434955e-13 5.62894175715201e-13 4.86344298167296e-13 4.21529477989679e-13 3.67905705900284e-13 3.14537285106553e-13 3.43003403457942e-13 3.45257156197931e-13 4.82403006429877e-13 4.75985917347543e-13 4.78983519514031e-13 4.83446616073024e-13 3.33510996597397e-13 3.67395003308957e-13 5.23459053880515e-13 5.7290838739732e-13 5.55389068068735e-13 8.28059842916673e-13 1.01811892250225e-12 8.70781224904249e-13 6.1917138083345e-13 6.58262333530502e-13 1.12395281970379e-10 1.15695231173163e-12 1.77033943060678e-12 2.41708875137192e-12 2.86018986273007e-12 2.44143594230195e-12 3.17172954567013e-12 3.42480488413344e-12 4.00488531226984e-12 2.93870483503156e-12 4.81181083866744e-10 3.30330207631846e-12 3.03100877729889e-12 3.5618841209839e-12 2.13491446743319e-12 1.7479240277396e-12 1.54278811947961e-12 2.4263258069368e-12
7.04281077901214e-13 6.42319530896884e-13 5.38191713417291e-13 5.36015676289026e-13 5.63593616220714e-13 6.95611124257312e-11 4.37583302925759e-13 3.56037421767041e-13 3.29491989248254e-13 2.70727884554844e-13 2.50965914716517e-13 2.25519602992108e-13 2.82673884299811e-13 3.51341178372877e-13 3.4742209109595e-13 3.0009328355618e-13 2.6585400547674e-13 3.11384251716618e-13 4.09283718028064e-13 4.95536944811192e-13 4.76430006557393e-13 6.72983890837031e-13 1.03532737938394e-12 7.82440778834825e-13 6.71496191984033e-13 9.19808673671696e-13 1.02364783316489e-12 9.93494175816068e-13 1.73553393878478e-12 1.22507559652263e-12 1.14690479335877e-12 1.6421863868743e-12 1.76907377635871e-12 2.32824870494142e-12 3.70715680375611e-12 3.09043901580708e-12 1.95249372225703e-12 2.48576714767523e-12 3.74256325930133e-10 2.02124983417207e-12 1.51950674265322e-12 1.31987754059537e-12 1.44582124050885e-12 2.18617346448013e-12
6.51989573441369e-13 5.77382586186559e-13 5.78048720001334e-13 5.95634652711396e-13 5.77715653093946e-13 5.18231013657555e-12 7.23814674863377e-11 3.28770344282248e-13 3.19499982026628e-13 2.74402722766354e-13 2.20534701611541e-13 1.78801418115881e-13 1.81454851144736e-13 2.16260342966734e-13 2.07500683302442e-13 2.08266737189433e-13 2.22499796365128e-13 2.27029506305598e-13 2.76734191118067e-13 3.28659321979785e-13 3.16358050866938e-13 3.27415872192205e-13 3.1836755454151e-13 4.45621317624045e-13 5.03141972529875e-13 7.31548155386008e-13 1.30045973989468e-12 1.00949248960092e-12 8.00204347228828e-13 1.67171465559335e-10 1.15242260179116e-12 1.49842360741559e-12 1.74632530658414e-12 2.06552552839412e-12 2.8026359011335e-12 2.92132984469617e-12 2.10708117620584e-12 7.93493049044969e-12 3.06768233038213e-10 1.85256254781052e-12 1.39847022850859e-12 1.1906697849895e-12 1.22958310200261e-12 1.93389748659456e-12
5.97244476097103e-13 5.58220136781529e-13 6.16307005429917e-13 6.1478599988618e-13 5.50681722444324e-13 4.72533123740959e-13 3.80306897085347e-13 3.02591285361586e-13 2.48168152694461e-13 2.25441887380384e-13 1.9515500326861e-13 1.7448265055009e-13 1.5674128661658e-13 1.6198153929281e-13 1.68287606072681e-13 1.61659574615669e-13 1.75659486956192e-13 1.96342941904959e-13 2.17348361530867e-13 2.35544916904473e-13 2.60502730498047e-13 2.44315678799012e-13 2.36188846258756e-13 2.3383517344655e-13 3.09496872574755e-13 5.54956081089131e-13 9.77506964261465e-13 1.1959314649701e-10 1.86862747497685e-12 7.76279041048156e-13 1.30708777135169e-12 1.49955603490071e-12 2.02241556834792e-12 1.91773263935602e-12 1.53145274239819e-12 1.88778992438188e-12 2.03922445596305e-10 3.20530046948875e-11 1.49359413725847e-12 1.03499431247656e-12 9.6668228977137e-13 1.04763975272704e-12 1.07094333401392e-12 1.47595269339718e-12
6.19748696806255e-13 6.09345907065517e-13 7.39619476775033e-13 7.20279391686063e-13 5.53879164755244e-13 4.57667237441228e-13 3.66007224528175e-13 2.94342328288621e-13 2.21878071471338e-13 1.96742622193824e-13 1.74416037168612e-13 1.51334500486655e-13 1.41497924488476e-13 1.47282186446773e-13 1.44606548957427e-13 1.5200063430143e-13 1.49458223575039e-13 1.72162284428623e-13 2.00761629542967e-13 2.34234853735416e-13 2.30271357537504e-13 2.62190269495477e-13 3.09374748042046e-13 2.78699285871653e-13 2.64976929287286e-13 2.83884027396653e-13 3.41826567051839e-13 3.81084053202585e-13 5.44020384296573e-13 6.11732886568461e-13 8.13427103452113e-13 1.06397113341927e-12 1.15786269461182e-12 9.78128689155255e-13 9.31399402048782e-13 1.26657573318312e-12 1.63120628116076e-12 1.72751812854699e-12 1.27622357126711e-12 9.05453489963293e-13 7.68018981744945e-13 7.27173876668985e-13 7.19946324778675e-13 8.33533242428075e-13
