Maxent_result_files_1/Bombus_ruderatus_2.asc
NCOLS 594 
NROWS 330 
XLLCORNER -15 
YLLCORNER 23 
CELLSIZE 0.166666666666667 
NODATA_value -9999 
[rows 40 to 59 of 330, columns 225 to 269 of 594]
-9999 -9999 -9999 -9999 -9999 -9999 -9999 -9999 -9999 -9999 -9999 -9999 -9999 -9999 -9999 -9999 -9999 -9999 -9999 -9999 -9999 -9999 -9999 -9999 -9999 -9999 -9999 -9999 -9999 -9999 -9999 -9999 -9999 -9999 -9999 -9999 -9999 -9999 -9999 -9999 -9999 -9999 -9999 -9999 -9999
-9999 -9999 -9999 -9999 -9999 -9999 -9999 -9999 -9999 -9999 -9999 -9999 -9999 -9999 -9999 -9999 -9999 -9999 0.0010162825579755 0.00108186105499044 0.00240810164250433 -9999 -9999 -9999 -9999 -9999 -9999 -9999 -9999 -9999 0.000459816993679851 -9999 -9999 -9999 -9999 -9999 -9999 -9999 -9999 -9999 -9999 -9999 -9999 -9999 -9999
-9999 -9999 -9999 -9999 -9999 -9999 -9999 -9999 -9999 -9999 -9999 -9999 -9999 0.000676108780317009 0.00285762618295848 -9999 -9999 0.00153222572989762 0.000871967617422342 0.0042221893556416 -9999 -9999 -9999 -9999 0.000374251184985042 -9999 -9999 -9999 -9999 0.000789117906242609 0.000642171502113342 0.00029385398956947 0.00031335061066784 0.00352186411619186 0.00624430812895298 0.00495141232386231 -9999 -9999 -9999 -9999 -9999 -9999 -9999 -9999 -9999
-9999 -9999 -9999 0.00392474527470768 0.00308422613888979 -9999 -9999 -9999 -9999 -9999 -9999 0.00170681108720601 0.00173874190077186 0.000249875185545534 0.000857663154602051 0.000177990039810538 0.00054386091651395 0.000541395472828299 0.00169337624683976 -9999 -9999 -9999 0.00332297869026661 0.00175938894972205 0.00233993490692228 -9999 -9999 -9999 0.00135664595291018 0.000316411111271009 0.000369025021791458 0.00374575504101813 0.000601748598273843 0.000957936642225832 -9999 -9999 -9999 0.00450674407184124 0.00329225985333323 0.00281372615136206 0.0010736501775682 -9999 -9999 -9999 -9999
0.00688694212585688 0.00435035536065698 0.00329619105905294 -9999 -9999 0.00385465025901794 -9999 0.00104261229280382 0.000315074843820184 -9999 0.000917691295035183 0.000202790717594326 0.000704055663663894 0.000209114054450765 0.000121600661077537 0.000344952486921102 0.000751815643161535 -9999 -9999 -9999 0.00043513422133401 0.000566508946940303 0.000237970449961722 0.000709806627128273 0.000953801872674376 -9999 -9999 0.000152878031076398 0.000707130623050034 0.000192958785919473 0.00191850014962256 0.000511064718011767 0.00743393022567034 0.00346805704757571 -9999 -9999 0.00171245282981545 0.00286444462835789 0.00162075224798173 0.000387368572410196 0.000470722292084247 0.000325308681931347 0.000456357654184103 0.00294712553732097 0.00309114437550306
-9999 -9999 0.00165553945116699 0.0026747259311378 0.0019104476319626 0.00260086474008858 0.00114023697096854 0.00149937742389739 0.000228764017811045 0.000156501124729402 0.000397032732143998 0.00019090235218755 5.8983843337046e-05 4.96293519972824e-05 3.49015626852633e-05 0.00265074716880918 -9999 -9999 0.000887808506377041 9.79630487563554e-05 2.22637730985298e-05 4.1772877011681e-05 8.74549863510765e-05 0.000352039452991448 0.00195129490457475 0.000987154792528599 0.00135548522230238 0.00022567416599486 1.90141648090503e-05 2.74515150522348e-05 6.22984807705507e-05 7.79159450758016e-05 0.00055762801785022 0.000765973830129951 0.000124626362230629 0.000142763636540622 7.1892289997777e-05 0.000546552470768802 0.000114562205271795 0.00010041548848676 0.000144219977664761 0.000215735475649126 0.00159334137570113 0.0028654782101512 0.000492767442483455
0.00085761935915798 0.00461190063506365 0.00204315402079374 -9999 -9999 0.0019739325158298 0.000706796464510262 8.06439005827997e-05 3.05629380818573e-05 1.05133513898181e-05 1.4078951699048e-05 1.10203215172078e-05 2.27491266741708e-05 3.78949516743887e-05 0.000791139504872262 -9999 -9999 0.00140649690292776 0.000386797921964899 0.000182332136319019 0.000165213926811703 0.000239800626877695 0.00128226431552321 0.00195333063602447 0.000211028574267402 6.94790142006241e-05 1.92020112081082e-05 1.20728315778251e-05 9.30017399696226e-06 1.20982504995482e-05 1.18576297609252e-05 1.11801666207612e-05 1.86974776624993e-05 1.06594678072724e-05 5.70590018469375e-06 0.00023347595715677 9.86668628684129e-06 0.000124314021377359 0.000306188218382886 3.98586969822645e-05 7.04658970789751e-05 7.06147729943041e-05 9.295507115894e-05 0.00153173862490803 0.00286346836946905
0.00754226092249155 0.000553013558965176 0.00254672504961491 -9999 -9999 0.000673260551411658 0.00014484849452856 2.62840075265558e-05 3.44578498697956e-05 1.36393647608202e-05 7.92723899394332e-06 3.68282235285733e-05 0.00135338206309825 0.00047226098831743 0.000429871922824532 0.00108470267150551 0.00151192487683147 0.000131566448544618 7.94759500422515e-05 3.44400497851893e-05 6.55369840387721e-05 7.25971854990348e-05 0.00141640363726765 0.00139896403998137 0.000121822598157451 2.89078452624381e-05 1.33080694467935e-05 1.01145983535389e-05 7.79626338953676e-06 5.75873204979871e-06 5.48855850865948e-06 5.43896458111703e-06 6.97322780069953e-06 1.79268457941362e-05 7.38699482099037e-06 8.90942237674608e-06 2.14988041989272e-05 0.000556813983712345 0.000114758870040532 2.50224584590342e-05 -9999 -9999 -9999 0.000264917057938874 0.000658060191199183
0.00128789781592786 0.00199046824127436 0.00812411718070507 0.00297874989919364 0.000497488107066601 0.000150688836583868 7.09393119905144e-05 7.14787597644317e-06 7.89857281233708e-06 6.64619778945053e-06 6.07314314038376e-06 2.19343368371483e-05 0.000777387269772589 0.00192002351395786 0.000377615151228383 0.000471404229756445 0.000143120231223293 1.07949977973476e-05 2.83363431208272e-06 1.08165035271668e-05 0.000304301991127431 5.81080836127512e-05 2.79825137113221e-05 1.60480125487084e-05 1.07547507468553e-05 1.72425463460968e-05 1.63450737090898e-05 9.86722616289626e-06 6.3804320689087e-06 5.88547072766232e-06 6.0062619013479e-06 8.12266789580463e-06 7.36043866709224e-06 1.57365577251767e-05 5.79245192966482e-06 5.77711389269098e-06 9.11584256755305e-06 1.36382608616259e-05 2.63677564362297e-05 0.000105284724850208 0.00022588597930735 0.00314213358797133 0.00341196970548481 -9999 -9999
5.63575493288226e-05 5.50530530745164e-05 4.06018567446154e-05 7.300183060579e-05 5.85608991968911e-05 3.84014092560392e-05 5.0547270802781e-05 2.61440258327639e-05 7.17925840945099e-06 6.14747750660172e-06 6.41246988379862e-06 7.65771860642417e-06 7.71276991144987e-06 7.41193880458013e-06 1.01056079074624e-05 3.46567092492478e-05 2.76590861176373e-05 3.65746950592438e-06 4.55095969300601e-06 6.27762506155705e-06 2.04210147785489e-05 1.01152280876704e-05 4.9250984829996e-06 6.37582852505147e-06 5.54854973415786e-06 5.48736211385403e-06 2.13453738979297e-05 5.42840978596359e-05 5.32164021933568e-06 5.4037925110606e-06 8.75597397680394e-06 6.32408214187308e-06 6.5005926444428e-06 6.25965330982581e-06 4.58857853118388e-06 7.59052832108864e-06 7.00003697602369e-06 8.84641940501751e-06 0.000161007096176036 2.43613780185115e-05 1.41512136906385e-05 0.000359090918209404 0.000676843745168298 0.000995871797204018 0.00201312287244946
9.38096800382482e-06 5.70092624911922e-06 1.58552260472788e-05 3.6503919181996e-05 1.30768690723926e-05 6.52761445962824e-06 9.92994337138953e-06 2.0426513037819e-05 6.26967603238882e-06 6.74215125400224e-06 1.92649888049345e-05 4.21561198891141e-06 4.81828078591207e-06 5.00085270687123e-06 4.65644820906164e-06 2.22981076376527e-06 1.41030690429034e-05 4.88384407617559e-06 2.57598662756209e-06 2.51729090905428e-06 2.00895185116678e-05 6.42939980934898e-06 4.75445517622575e-06 5.92944597883616e-06 4.63613869214896e-06 4.2800113078556e-06 4.32983747487015e-06 1.95233671547612e-05 7.72434232203523e-06 8.10950523373322e-06 5.32114950146934e-06 1.02961737866281e-05 7.35337071091635e-06 6.52032595098717e-06 6.78081937621755e-06 4.6905102499295e-05 0.000802527740597725 0.000431773453601636 0.00101922217872925 0.00192201858153567 0.0010603615315631 0.000224445015192032 9.24929408938624e-05 0.000463667523581535 0.00185759284067899
6.52460298624646e-06 6.68527995912882e-06 1.61782239956665e-05 5.17161615789519e-06 3.55754000338493e-06 3.58094230250572e-06 3.58917613993981e-06 4.22533121309243e-06 3.71569940398331e-06 2.2974858438829e-06 3.02997318613052e-06 1.84063605956908e-06 2.08095259495167e-06 1.53767882693501e-06 3.6111612644163e-06 4.72241394163575e-05 5.22980742971413e-05 6.87908604959375e-06 4.72939104838588e-06 7.69576272432459e-06 5.74470512219705e-05 1.18725866968816e-06 3.68877076653007e-06 2.0454912828427e-06 2.62129292423197e-06 3.52065712831973e-06 3.54885282831674e-06 3.23115239098115e-06 5.77853843424236e-06 2.04373347514775e-05 0.000144946816726588 0.000142202567076311 0.000192656193394214 0.000185658317059278 0.000217397906817496 0.00074222933180863 0.000726452609524131 0.00059501260984689 0.00138623693492264 0.000329077718197368 0.000765532461809926 0.00175591700244695 0.00104823628207669 0.00202748487936333 0.00248502732720226
2.08467354241293e-06 3.04157574646524e-06 3.23391052461375e-06 1.88593571692763e-06 1.99850237549981e-06 9.46978582305746e-07 1.60538155569157e-06 2.93623384095554e-06 1.7840156829152e-06 1.98468571852572e-06 1.58755473194105e-06 1.16906514904258e-06 1.51640139165465e-06 3.86883589271747e-06 3.7966410673107e-06 2.09564836950449e-06 1.62125661518076e-06 1.48235176311573e-06 1.29485990782996e-06 6.09001464908943e-05 1.92391494238109e-06 2.69763143023738e-06 2.98384663892648e-06 7.99147828729474e-06 1.19794622150948e-05 8.40694818180054e-05 0.000174202825292014 0.000355631834827364 0.000383984876680188 0.000717207242269069 0.000561146414838731 0.000231817649910226 0.000138060888275504 0.000163613283075392 7.44761025998741e-05 9.90173837635666e-05 0.000240189972100779 0.000920210537151456 0.000875811802688986 0.000529762520454824 0.00165103739127517 0.00142688132764306 0.00112842321977951 0.00111759116407484 0.000428666349034756
3.59668224518828e-06 2.43017666434753e-06 1.17140892825773e-06 7.23440297178968e-07 7.96245552692199e-07 9.32459977320832e-07 1.10071936205713e-06 1.18682420406913e-06 1.3472136515702e-06 7.58097127118162e-07 1.26188878084577e-06 1.28862296833177e-06 1.53459942566769e-06 1.72606881960746e-06 1.85827793757198e-06 1.77539119476933e-06 2.45447196220994e-06 2.45088497194956e-06 3.5412974511928e-06 0.000222996593220159 7.58355627112905e-06 2.67567079390574e-06 6.28524544481479e-06 5.10012819177064e-06 3.14141962007852e-05 0.000177881552372128 0.000259932127664797 0.000244803541863803 0.000235720128694084 0.000633609347278252 0.000162774813361466 5.81034342758358e-05 3.42470360919833e-05 5.58390718651935e-05 4.40413277829066e-05 0.000289168569725007 0.00124644145253114 0.000809394236421213 0.00216459297807887 0.000718783019692637 0.00241848463192582 0.00090305836929474 0.00196337826782837 5.59529318707064e-05 0.000489052210468799
3.01550824133301e-06 1.81920152044768e-06 9.53195421971031e-07 6.47071470893934e-07 1.07602176058208e-06 7.11510318751607e-07 8.40429208892601e-07 9.71930501236784e-07 1.44572667295506e-06 1.42533741609441e-06 1.54069865629936e-06 1.9489300029818e-06 1.79741387000831e-06 1.91413311085853e-06 1.92408681414236e-06 1.99971711936087e-06 4.77313415103708e-06 3.00490224617533e-05 4.29431020165794e-05 0.000232509596389718 0.00031404911132995 0.000304772474919446 0.000438115998986177 0.000382500034174882 0.000248874939279631 0.000663352612173185 0.000503722729627043 0.000286394314025529 9.91237000562251e-05 2.10935559152858e-05 3.15965202389634e-05 4.31724216468865e-05 7.73538762587123e-05 6.6532293567434e-05 0.000320541404653341 0.000253948544559535 0.00206911113345996 0.00133162632118911 0.0022777819132898 0.000653069069085177 0.00162778220837936 0.00105440226034261 0.00117435450665653 0.000392680359072983 0.00160577604547143
3.63007488886069e-06 3.1969055726222e-06 1.62488961450435e-06 1.29824787791222e-06 8.82446676087056e-07 2.12099662348919e-06 3.02997425194462e-07 1.71985036558908e-06 3.02797111544351e-06 1.67971691098501e-06 2.01710258806997e-06 2.28157030051079e-06 2.44782170284452e-06 1.43494207804906e-06 2.52786935561744e-06 2.38357010857726e-06 1.3749399658991e-05 0.000219871438457631 0.000468750752042979 3.58075281837955e-05 0.000206916576280491 9.58495762461098e-05 0.000666643917793408 0.000393762852763757 0.00144711165921763 0.000305284385103732 0.00120555316680111 0.00105159586270758 0.000869947654427961 0.000485286730690859 0.000734430737793446 0.000758911005686969 0.000407356156210881 0.00101344581926242 0.00146460676332936 0.00159631065325812 0.00149260823382065 0.000591037402045913 0.00111056625610217 0.00146886365255341 0.00288759052054957 0.00358056002296507 0.0006053848471538 0.00257731918245554 0.00158144817687571
8.33681770018302e-06 5.31675245838414e-06 3.00086555853341e-06 2.3135567744248e-06 1.86099148322683e-06 5.88905613767565e-06 2.62221681168739e-06 1.89986983514245e-06 2.97859294278169e-06 2.02467692815844e-06 2.51289156949497e-06 3.16782418394723e-06 2.2442125782618e-06 2.1201994400144e-06 2.58752304489462e-06 5.46992291674542e-06 3.0858918762533e-05 8.63368541104137e-06 4.92092687636614e-05 0.000152349041309208 8.19869957922492e-05 4.32967659435235e-05 0.000373182416660711 0.000523598585277796 0.000696022808551788 0.000228095264174044 0.00169263007119298 0.000355705652327742 0.00142186931916513 0.0017576654732693 0.00111358083377127 0.0011388057959266 0.000868194215581752 0.00114708128239727 0.000847804389195517 0.00272679580375552 0.00209269456099719 0.000991283846087754 0.00121115084912162 0.00250747320242226 0.00346516652498394 0.00386991067789495 0.00271041973028332 0.101966107299086 0.00158441797066189
0.000104496875428595 0.000340455706464127 0.000349183712387457 0.000148394069401547 9.18494159122929e-05 0.000102203080314212 0.000281588610960171 0.000254505887278356 0.000362153281457722 4.52584172307979e-05 9.74061986198649e-05 0.000136437255423516 4.47644470114028e-06 1.80198756424943e-05 1.1756820276787e-05 2.59314256254584e-05 0.000307197927031666 0.000419427867745981 0.000294534777640365 0.000594512681709602 0.00018331585888518 0.00096149894525297 0.000983330039889552 0.0012180449673906 0.00109299841278698 0.00221167191339191 0.00197569068404846 0.0022702022222802 0.00252480879426002 0.00155566589673981 0.001126280403696 0.00206807921640575 0.00157274746452458 0.00144189694692614 0.000301240669796243 0.000912758155027404 0.000642610996146686 0.000438599748304114 0.000599256901477929 0.00119182058988372 0.000941679764946457 0.0013518970226869 0.0023922010557726 0.00125198408786673 0.000251480244332924
0.000766862800810486 0.00147819035919383 0.00136929387808777 0.00121174302184954 0.00105653736682143 0.00119546612259001 0.000971619319170713 0.000435304071288556 0.00061233612941578 0.000960356666473672 0.000453615188598633 0.000457378540886566 0.000267513043945655 0.000107807846507058 0.000566151057137176 0.000524347525788471 0.0005565773579292 0.000279533606953919 0.000787373253842816 0.000926571298623458 0.0010785581311211 0.000451049681578297 0.000421475587063469 0.00181333616492338 0.00231912927119993 0.00302517644595355 0.00155770077253692 0.00152699333848432 0.00239510311512277 0.00202898879069835 0.00107513614930212 0.000656953162979335 0.000562580488622189 0.000623021568753757 0.000632365079945885 0.000224599445937201 0.00065903146751225 0.000458638970303582 0.000428577225102345 0.000584394065663218 0.000385458208620548 0.0013466915988829 0.00148274001548998 0.000493636529427022 0.00163624212145805
5.50594901142176e-05 0.00051154822576791 0.00181976476451382 0.00171672222204506 0.00199716707575135 0.000541276748117525 0.00148417324526235 0.00138342392165214 0.000923052354482934 0.001136646757368 0.000345760458731093 0.000697723726625554 0.000776952004525811 0.00111957723274827 0.000679190369555727 0.000724438644829206 0.00126915953587741 0.00112410524161533 0.0017876666970551 0.0011350046726875 0.00109080825641286 0.000515706048463471 0.000142844778019935 0.000132291007321328 0.000126792982337065 0.000210556795354933 0.000803573545999825 0.00142823911737651 0.000756046152673662 0.00035130464239046 0.00261156635824591 0.00158419385552406 0.000373864537687041 0.00175169841386378 0.000480089231859893 0.00188112437026575 0.00237423888174817 0.00249498875346035 0.00204090295592323 0.00280352286063135 0.000498271541437134 0.00212906418601051 0.000921583455055952 0.00202363132266328 0.000592224221327342
