Maxent_result_files_1/Bombus_modestus_3.asc
NCOLS 594 
NROWS 330 
XLLCORNER -15 
YLLCORNER 23 
CELLSIZE 0.166666666666667 
NODATA_value -9999 
[rows 105 to 125 of 330, columns 230 to 275 of 594]
0.0019361703452887 0.00460517424914997 0.000547329838815358 0.000639545428839483 0.000317784748796157 0.00030891246032354 0.000185295719263223 0.000840460902111317 0.000592536899051765 0.00170065522352161 0.00525976561598327 0.00115970162826216 0.00104128648602 0.00154935833311356 0.000443755457001771 0.00096831827963797 0.000957432240399214 0.000967603483354651 0.000853312631153358 -9999 -9999 -9999 -9999 -9999 -9999 -9999 -9999 -9999 -9999 -9999 -9999 0.000730094815162374 0.0349892244907096 0.00162531591922743 0.00478121286723763 0.00421205906604882 0.00208275352051714 0.00267618028592551 0.00318161817849614 0.00121633196258699 0.0021584704891211 0.00138160869373678 0.00317259671428474 0.000378575767831535 0.00061891029617982 2.09145955554213e-08
0.000972115923235606 0.000451282411364673 9.7751264641488e-05 3.21212895439515e-05 0.00018641133253503 0.000353127007151954 0.000177168158464092 0.00723920406462639 0.0751351176380013 0.96321205496788 0.96321205496788 0.000742195688763192 0.000270952172099648 -9999 -9999 -9999 -9999 -9999 -9999 -9999 -9999 -9999 -9999 -9999 -9999 -9999 -9999 -9999 -9999 -9999 -9999 -9999 -9999 -9999 0.00145590503052517 0.00130153746340511 0.0155934020222048 0.000771256721986902 0.000958096928752639 0.000729909991741806 0.00136218858206121 0.00114843823430419 0.00116378074744716 0.000340269115440606 0.000741807735130351 0.000155449277518471
0.000104071573977893 0.00017119442404141 0.00266251192290383 0.000366959095712716 0.000273288468406818 0.00064635125585113 0.000420789483548134 0.000433156866304807 -9999 -9999 -9999 -9999 -9999 -9999 -9999 -9999 -9999 -9999 -9999 -9999 -9999 -9999 -9999 -9999 -9999 -9999 -9999 -9999 -9999 -9999 -9999 -9999 -9999 -9999 -9999 -9999 -9999 -9999 -9999 -9999 0.00232135832811764 0.963212043046951 0.96321132183075 0.00403840052313171 0.00261536925827386 0.00148550623598567
1.69026042732612e-05 -9999 -9999 -9999 -9999 -9999 -9999 -9999 -9999 -9999 -9999 -9999 -9999 -9999 -9999 -9999 -9999 -9999 -9999 -9999 -9999 -9999 -9999 -9999 -9999 -9999 -9999 -9999 -9999 -9999 -9999 -9999 -9999 -9999 0.00233960277622032 0.000290030806029051 0.000556084781261745 0.00307008899270613 0.0184616858990921 -9999 -9999 0.96321205496788 0.96321205496788 0.0407218778156675 0.00177798437289312 0.00126542630750919
-9999 -9999 -9999 -9999 -9999 -9999 -9999 -9999 -9999 -9999 -9999 -9999 -9999 -9999 -9999 -9999 -9999 -9999 -9999 -9999 -9999 -9999 -9999 -9999 -9999 -9999 -9999 -9999 0.00226019278706064 -9999 -9999 0.000401165854407282 0.00439655531779977 0.000332803229662204 0.000420321184469685 0.000182288501207495 0.000602715339209681 0.00281134229453528 0.00716391647420096 0.010387775588606 0.174850808735937 0.0156345430761576 0.160821051878156 0.120199778187089 0.0123349041445181 0.000178737200184287
-9999 -9999 -9999 -9999 -9999 -9999 -9999 -9999 -9999 -9999 -9999 -9999 -9999 0.00149608039884921 0.000247154574833464 0.000851033508046206 0.0026115558507913 -9999 -9999 -9999 -9999 -9999 -9999 -9999 -9999 -9999 -9999 -9999 0.0586752304137235 0.000817056210200917 0.000471395805539032 3.50869793198427e-05 0.00133869285511992 0.00323875827816664 0.00112163590565615 0.00835685864440166 0.0109759583960113 0.00762259056209587 0.0178420319512952 0.0137838266629842 0.06587597221951 0.0275183301302604 0.00865569245506776 0.0038712666995707 0.00056070125719998 0.00216828292213904
-9999 -9999 -9999 -9999 -9999 -9999 0.000396158956830739 0.00188500780066136 0.576328110694885 0.0226951969382505 0.000778922315368558 0.000119024082375097 6.94334375660355e-05 3.5557590527957e-05 3.34472072123226e-05 8.56218007338594e-05 0.00245569558715744 0.00109620103742145 0.00162684058160494 0.00104812096385274 0.000595573677151151 0.00644971571665778 0.00669787222341824 0.00695918257593995 0.026566316893863 0.0487684784870107 -9999 -9999 0.15932433983362 0.00105372935603327 0.000666596970387445 0.00124735293777576 0.000819029853056463 0.00360523820722847 0.0113096068693267 0.00643070236037602 0.0155901126061508 0.01089095536081 0.00581712498278648 0.00964735897869104 0.00511271139039309 0.000694365680556075 0.000261633737318334 0.000471913478213537 0.000185443713041877 0.003199669868809
-9999 -9999 0.0152725443654774 0.000313870627018176 0.000171919929715136 4.67534326319297e-05 0.000133450996559581 0.000139605079781313 0.000167177391613937 0.000290731221697316 0.0004514273152326 0.000254323251530941 0.000188242462602362 9.8786930302186e-05 0.000924788390291553 0.000789014310382186 0.00236319205780831 0.00181226271632227 0.00199940452957037 0.000981067380010359 0.00189234697251379 0.000193309001264197 0.000286519016829345 0.000961778716583694 0.000842652098992858 0.000269570938792185 7.08891735285988e-05 0.000128362095752266 2.50094193802397e-05 6.56079306471824e-05 0.000201458316308845 0.000371668168870087 9.86530034865041e-05 0.000109210188271902 0.00153181650968008 0.00018963628336337 0.000267866753924295 0.000535499853356214 0.00028915627710262 0.00100644060635204 0.00355267331497089 0.000160263050108256 0.000240763795795118 0.0016887700600023 0.00119230074894858 0.00099489060274891
-9999 0.000183638149666343 9.15477850992108e-05 5.66060557343651e-05 8.00279905109891e-06 3.63007787789416e-05 1.88321647684675e-05 4.52299629877251e-05 0.000183336002608092 0.000182348958390532 0.0002104140617746 0.000153591661722263 5.03687527093621e-05 0.000387102996894217 0.00221202060488963 0.00234888065106134 0.00114230971067713 0.00172338313856812 0.00148275782154883 0.00161078113219446 0.000153317093483807 5.69692336248373e-05 0.000591930584077716 0.000113837887190726 0.000285310543235084 7.80225268671053e-05 0.000313869798802102 0.000251156699956567 0.000119315837372369 0.000389622015634927 0.000179238401288018 0.000529252003687475 0.000131658441991789 4.36558387495012e-05 0.000604623700378681 4.680696435857e-05 6.62229697127259e-05 0.000171389487668172 0.000152892107387714 0.000822403870645871 0.00127244499615244 0.007160665378251 0.00109639365804242 0.001479408556213 0.00120300467709171 0.000378790801340756
-9999 3.80075156970916e-05 4.88109011474447e-05 4.83421699400743e-05 7.84162418874024e-05 5.40994804690165e-05 4.14259913752657e-05 6.82507025958401e-05 0.000178780457345518 1.99507442104285e-05 0.000170333136536249 0.000101153417109101 0.000137919833198907 0.000147338734805746 0.00125034618484676 0.00116605801458931 0.000508515653811514 0.000405434526574666 0.000359095392693831 0.000564184326787753 0.000390287672374612 0.000252274524689966 2.2863989900257e-07 3.19064775711198e-09 6.3948846218409e-15 6.49480469405717e-15 3.82536432454117e-05 0.000307891033733654 4.5786183504859e-05 0.000169569984268847 0.000100138467884037 3.33892520679946e-05 0.000115198292752439 0.000363602529657925 0.000199996217838105 6.83145060726531e-05 0.000232259530672074 0.000281994201783764 0.000100637199684783 0.000180362543420642 0.000503988958785584 0.00148655796638195 0.00201138053002978 0.00500077114102169 0.00260662884438716 0.0158531342836795
-9999 7.85350982969169e-06 1.10431393267052e-05 6.27337416235441e-05 6.55939534442318e-05 0.000251128588691629 9.11455743828449e-05 7.9282612360454e-05 0.000137962616325993 7.19698945630842e-05 4.42197603051864e-05 4.81042576114254e-05 0.000307229286625255 0.000638532674868664 0.000339889681582584 0.000565579027609075 0.00031081705964553 0.00031589392421747 0.000891049682886802 0.00137672950276624 0.00178685654728667 0.000137291662968941 2.85283791385815e-06 2.24265050974282e-15 3.5527136788005e-15 3.88578058618805e-15 8.68613311832966e-08 0.000363455724804851 8.66400430719949e-05 2.94398696161213e-05 2.78467931434268e-05 3.85156148176691e-05 3.43283810637196e-05 3.01055352528667e-05 4.60257982066281e-05 0.000599384928909785 7.1899047815549e-05 9.147989699132e-05 3.34572648581499e-05 0.000802648890044111 0.000381789560128709 0.000412135364473443 0.00124006474088674 0.00286774804762899 0.000632556102368653 0.00160563837389418
-9999 0.000194764307452222 4.17623679732859e-05 1.97318295557802e-05 0.000707096596348578 0.000139953579826857 0.000105624185777831 0.000189621399426421 0.000150449502859917 0.000186402162906596 0.000229576483900562 1.70089920544791e-06 0.000186070372507618 0.000350259053735869 0.000240803362311404 0.00077702721110029 0.000626788367456754 0.000215095904377005 0.000162961845659826 0.0012796533851315 0.00172502956123139 0.000355195286020127 0.000699416373402073 1.80903246904673e-07 1.96509475358653e-15 2.14273043752655e-15 1.41126432762206e-08 0.0028701545167678 0.000147546097583773 4.55248356124649e-05 3.5075975200094e-05 2.08176449369213e-05 2.33966253818219e-05 5.46881619349904e-05 2.56217803392467e-05 6.89716161055287e-05 9.8433691948685e-05 0.000900268024196293 0.00087166766423934 0.00234055012006138 0.00390424971974426 0.00103524469610647 0.000207577852324903 0.00103016241513387 0.0013176908460423 0.000673517308200644
-9999 -9999 0.000731864979795238 1.79074168733973e-05 0.000480789583569408 2.78582548811079e-05 0.00624543729101079 0.00084204973244435 5.28315521333367e-05 1.46010499140092e-05 2.34720865300297e-05 0.000427186599378615 0.000763088427496683 0.00243415159744842 0.000854450904679283 0.000153297647460793 1.44762636843487e-05 0.000284603048637244 0.000485574614222983 0.0014970213252198 0.00457435978580918 0.00066187616980713 0.000510612300416824 0.000366249397988128 1.10062762659346e-07 6.93209630808767e-09 7.89003853616244e-06 1.76290918738831e-05 3.40625735598898e-05 1.79754544518573e-05 2.47728523733892e-05 2.45478344892858e-05 8.44822712565474e-05 2.73652672847291e-05 6.31651112731113e-05 0.00021709619222392 7.12558501572147e-05 0.000442921871083968 0.000381932250593309 3.23057829109352e-05 0.000110215704945915 0.000741228479876099 0.000963632073080589 0.000826258007970182 0.000837186589501471 0.00155194544208825
-9999 -9999 -9999 -9999 -9999 -9999 -9999 0.000187266251468543 3.13816027544545e-05 1.90376228218714e-05 3.47200185749408e-05 0.000224193415837881 0.000269854491404686 0.000435442606281811 0.000264023725517326 5.55437437040673e-05 1.24465139761387e-07 0.000307608454430763 0.00157426571976274 0.00149151011959674 0.00197482422050541 0.00103231134709318 0.000429742039864323 0.000253583807744473 0.000104698300396677 7.75439062947747e-06 0.000582782268996951 8.29796978415676e-05 2.03944152762148e-05 0.000103608001020206 2.31690258138073e-05 6.81222535344972e-05 3.0935851719982e-05 5.19655566369792e-05 0.00013434358842872 8.01416196715365e-05 0.000111649825202065 8.20610387982867e-05 0.000408968098937379 0.000304985279338155 0.00019716433140502 0.000267199189954681 0.000363978159799672 0.00308416245870831 0.00942855034427339 0.000157573825413238
-9999 -9999 -9999 -9999 -9999 -9999 -9999 0.000684404537118866 8.30413271530439e-05 0.000806292885889093 0.000684952839905861 0.00069947727084525 0.00196587717072703 0.000801664354487741 0.000710454397272997 0.000360881676085612 5.96366861246977e-05 0.00119965153974277 0.000168641236865819 0.000143262023871582 0.000233830734957152 0.000368846123450695 0.000278200032891363 0.000451717523149142 0.000841848591534244 2.64189814396243e-06 7.29757663520125e-08 2.51213718716059e-09 0.000154755817132468 0.000378541609167371 0.000278404030040136 6.86705423483147e-05 0.00028419002279847 7.76524880702567e-05 1.17289784317798e-05 2.1135742037437e-05 4.93845511694957e-05 8.84593371722531e-05 0.000149267470889924 0.0004119381851865 0.0011989269376727 0.00194738831344239 0.00285441463506686 0.00148037498254325 0.00214030685433499 0.00189817821697034
-9999 -9999 -9999 -9999 -9999 -9999 0.000288096588640996 4.95853949946778e-05 0.00033787467533557 0.000639010516286476 0.004859277083915 0.0054764317473655 0.00137085911829899 0.00035745532860485 0.000332889769174649 0.000211279888620908 9.4547494711783e-05 0.000823140293494262 0.000696646443867621 0.000542850433964759 0.000292794785981698 0.00060471854498374 0.000468435813132118 0.000302991302053179 0.000168013135306921 0.000176786463244838 0.000294433103492508 2.81360579283962e-06 8.30217864333793e-07 0.00166650818368907 0.000451692818757721 5.22802679141066e-05 5.89869860224468e-05 8.66429561133586e-05 5.29459695140844e-05 0.000118939544038099 0.000277728401241717 0.000285624886250702 0.000305443263811611 0.000979935232680873 0.000928897263008821 0.000798818625014519 0.000608231382443591 0.00119274335710315 0.00232605414589671 0.000818427667400101
-9999 -9999 -9999 -9999 -9999 -9999 3.99336964992836e-05 0.000134571006016948 0.00039453541316874 0.0015133323502198 0.004273448276831 0.000424064334814034 0.00067589758221942 0.00078298530660561 0.00051629672351865 3.98513084859609e-05 0.000126535457170451 8.15216176581091e-05 8.19163246171595e-05 0.000120393427793475 0.000146054202532753 3.84023899479224e-05 5.70225814991776e-05 0.000157757692355087 0.000515741692040805 0.0012441112667446 0.000689621575578769 0.000696900120576061 0.00133767475672073 0.00213374708456229 0.00552949655244959 0.000241444576260008 0.000654259247100697 0.000568191737208679 0.00036847232737145 0.000110858427611404 0.000199502601610391 0.000809238344021423 0.000525456593788931 0.000676244169306983 0.00138385531453196 0.000753973268160735 0.000578356639208266 0.000606566712818335 0.000503837355819314 0.00050881131808751
-9999 -9999 -9999 -9999 -9999 -9999 6.10283935011058e-05 0.000300329687827805 0.00256888804445907 0.00196909760263679 0.000865946116053351 0.00200926293859993 0.0019937387033508 0.000552333040167241 9.31381470421044e-05 5.51575873703136e-05 2.85198911108231e-05 4.53235459363821e-05 2.2024687253408e-05 0.000145904199629499 6.9141421534491e-05 0.000309113956285145 0.000169702403105809 0.000204876835602619 0.000848331150832848 0.000662827559325052 4.78206650580848e-05 0.000488342451041035 0.000838627292274197 0.00050288135536789 0.000335580062653662 0.000459435020665921 0.000258562968920195 0.000564722197759693 0.000519878639772742 0.000185211435442767 0.000398521029634225 0.00417457757046122 0.000622136993354161 0.00054091039502282 0.00187587067474624 0.000675701295108411 0.000391451450924052 0.000137671768691661 0.000584960904382115 0.000643304962713387
-9999 -9999 -9999 -9999 -9999 -9999 0.00260598504668856 0.000503487693377025 0.000472645692392248 0.000661220470954049 0.000295773210734751 5.86000364314998e-05 0.000171671560659004 0.00103055361169169 0.000815426473317871 0.000140449082315541 0.00024090358560529 0.000117812881911616 2.6883113147258e-05 0.000138432489518148 4.0836944691458e-05 0.000626320477119435 0.000763193002569551 0.000672304194589657 0.000468640231669326 0.000211680723058638 0.000207439645282736 0.000907028391968368 0.000490560798722584 0.000443757928368171 0.000907378595185548 0.000390607662350817 0.00039963516669701 0.000181792853347673 0.00023056756576274 0.00042520674888209 0.000303949823674543 0.000128057845628859 0.000854268912308953 0.0012718159264864 0.000374230402441356 0.000470286621758476 0.000421237977900546 0.000260732124903029 0.0116352321427257 0.000690535872092823
-9999 -9999 -9999 -9999 -9999 -9999 0.000107847438155706 0.00015976200912835 6.80708474876779e-05 0.000168463739643876 3.55807279791343e-05 0.000140606620512429 0.000657505238842759 0.000995929963050912 0.000601451656657304 0.000429018925769853 0.000202323814692962 4.74176320649722e-05 7.88676695214763e-05 9.42467374324463e-05 0.000236038371691816 0.000270832932117582 0.000118159478842461 0.000257228937333842 0.000140169340560536 0.00014673582055118 0.000347728321930418 0.000387484951185968 0.000187703921125149 0.000366537032237346 0.000751472272406772 0.000520287961870025 0.000213334397523113 0.000176804458045332 0.000211573328842718 0.000439302833333954 0.000766411341047046 0.000325853330877379 0.00060053163447833 0.0010699681909216 0.000354993069935006 0.000731767240392855 0.00115060408124918 0.000117674553905545 1.61784319726577e-06 0.000256472835816623
-9999 -9999 -9999 -9999 -9999 6.98138396881487e-05 8.5996407294342e-05 5.82589091925989e-05 7.95251040630163e-05 0.00106721003055981 0.000716386495089694 0.000200621120102795 0.000296412854307704 0.000510650541806967 0.000607473140823345 0.000998711173346578 0.000277268074945081 0.000130265105647975 0.000254189871699362 0.000195713106078932 0.000142460245559906 1.57964292970103e-05 2.53766556181589e-05 0.000311037189795105 0.000527544715857609 0.000795404857529292 0.000768603414916669 0.000319738471611331 0.000259857014610532 0.000440921351158963 0.000818230777254314 0.000677385011795906 0.000484624018653079 0.000497032766517691 0.00041300597634546 0.000511206277556653 0.000877089330344916 0.00156211616115343 0.000364066676570474 0.001034834349025 0.000280624742001834 0.000614880299121978 0.000550352336469473 0.000530461411158001 0.000371642729705002 3.12967897562189e-05
