Maxent_result_files_1/Bombus_magnus_3.asc
NCOLS 594 
NROWS 330 
XLLCORNER -15 
YLLCORNER 23 
CELLSIZE 0.166666666666667 
NODATA_value -9999 
[rows 60 to 79 of 330, columns 225 to 269 of 594]
7.77042692293728e-06 1.62092561595273e-15 1.16147091944185e-12 1.19707577184158e-12 1.12912371186269e-07 3.29116067732116e-11 3.42349482096438e-12 4.10319421151328e-07 8.88178419700125e-17 6.02184968556685e-14 1.11022302462516e-17 5.65558710974301e-13 4.53541648681721e-12 3.71979114177634e-10 3.79910547465556e-12 1.54987134237672e-14 5.20694598549198e-15 1.4432899320127e-16 1.11022302462516e-17 1.25896490565935e-08 1.2690616502109e-08 0.00280070031256804 0.00107350340525629 5.19193672139373e-06 1.72675843773673e-06 1.96134146196347e-05 6.45790088071863e-12 4.03677091753707e-14 0 0 2.22044604925031e-17 2.09909867265878e-13 7.80310197141087e-05 4.69135604674875e-06 2.33920183223546e-10 1.72140837294554e-06 1.39921407793508e-13 5.93364930523421e-09 0.0824272382468328 0.00068502065204612 0.0349534179297642 0.0104600300736448 8.14264931703335e-07 1.19155927680303e-08 2.86106449642887e-10
1.19850795954335e-12 3.0704221387623e-10 2.55614640565227e-11 9.7409424970607e-11 1.97116331146496e-07 9.20822403105426e-07 3.42284860010977e-08 8.90398865749376e-15 9.48589616966977e-07 9.94398785536532e-11 4.97712981939458e-14 1.66533453693773e-16 1.84072412867664e-10 1.27418631201692e-11 1.04811946335381e-06 6.43929354282591e-15 3.33066907387547e-17 1.28785870856518e-15 1.36823775642725e-09 2.01113015130261e-11 1.20629606303879e-10 6.99440505513849e-16 4.83945383766837e-10 0.000165247190978934 2.90187786022855e-09 1.53255186319257e-13 3.19030357687211e-12 5.49560397189452e-15 4.77984318791869e-13 9.12003144451501e-05 3.11306536104894e-14 5.98843197252563e-13 1.23678844943242e-14 0.201192339723032 1.66348024721152e-05 0.188681413072603 1.62316352323222e-05 1.22237198141306e-10 0.299182041055721 0.103707574053366 1.33445615494443e-06 1.79852981105122e-05 2.84723670196385e-09 1.60645687948713e-05 9.70565849911509e-12
5.65492097592823e-13 9.4232271041772e-08 2.04846006002235e-07 8.50357399717616e-08 7.11909692163726e-06 1.10700337785374e-12 7.32469640496447e-13 2.50499621046174e-11 1.11133324764978e-14 4.51638726417514e-13 1.53481399811639e-09 5.44009282066327e-16 3.48038264874617e-12 1.22124532708767e-16 8.8928864272475e-15 0 2.1094237467878e-16 1.04705578429787e-08 1.36931987970712e-10 9.99200722162641e-17 6.32827124036339e-15 9.72555369571637e-13 0.000121536464602745 1.68708380599014e-12 4.51895980413397e-08 6.29052365752614e-14 9.01306016598547e-08 6.86413837991395e-09 3.68260977268164e-14 6.14782669217107e-12 0.0017573006006827 1.55320201145059e-14 1.94289029309402e-14 6.56030785251005e-14 1.88664504613412e-06 1.76689368136529e-08 9.51414058647515e-11 5.39132696486533e-08 9.8640489809565e-07 0.295704452259296 1.71310575892925e-05 6.17698095894958e-08 7.6101347445956e-13 0.236379727101992 0.0152401770626122
1.33566158133647e-11 2.87878192966051e-06 3.03926328548698e-11 2.9876101592663e-13 1.38234423907591e-11 1.89426252461544e-13 5.84775983192287e-10 9.04609720464577e-14 1.62827529237575e-11 0 1.93955962402015e-14 1.70189418113864e-12 3.19744231092045e-15 3.77586850675016e-14 2.3075763522229e-12 7.88258347483861e-16 1.88737914186277e-16 4.51860771022439e-15 5.55111512312578e-17 4.07451850037432e-15 2.90124591018071e-12 2.4535928844216e-15 3.70888098011335e-11 2.80214496051201e-10 5.37124789090626e-12 3.87325727047028e-12 3.36569156988986e-09 2.59994491320636e-06 2.5606321618632e-09 0 2.56884707393268e-05 2.70006239588838e-14 6.1794959149708e-10 2.21397493588515e-05 5.43343148251552e-14 6.64324151244955e-13 2.75787170878061e-12 3.58773011299718e-12 7.36817717950089e-11 1.50536996867956e-07 4.55903088170118e-08 3.49421486300905e-08 5.80559003632297e-06 1.03070836310337e-08 1.16311360542909e-10
2.14856021862886e-11 2.64286863125629e-05 4.48752146553488e-14 1.03857456545953e-07 1.35897125441709e-08 1.06379571818138e-11 2.59318122530772e-12 5.88415460800462e-10 0.00038465554474385 2.76856315650775e-13 4.94615459700754e-13 7.46358530534508e-13 1.15130127653629e-14 2.95041768794135e-13 4.43201031430362e-14 2.99982261253717e-14 1.70975167357312e-10 1.59872115546023e-15 0 4.52929915795153e-11 0 1.11022302462516e-17 3.46611628287974e-14 1.50879309046559e-14 4.67386318669938e-07 0.000197586309603848 1.07219324785301e-07 3.57590674071595e-08 2.22044604925031e-16 0 0 3.1951744172698e-08 4.15523171426457e-13 5.98410210272959e-15 2.2047919046031e-13 1.35372799193734e-06 2.74225087082414e-15 1.17749292538605e-09 5.23026066900911e-14 1.33636803723025e-07 2.82740442170137e-10 3.04520464400326e-10 5.19451148761618e-13 0 4.77730632830742e-11
3.59234864077962e-13 3.24219839864526e-10 3.95766752703253e-12 7.63280549875844e-11 1.66427871484132e-11 5.57509594045769e-12 6.30400435297496e-08 5.99520433297585e-16 7.04991620636974e-15 6.47146336518745e-11 1.2097451929094e-10 1.29090052869429e-08 9.39637256891501e-13 1.73028258387831e-13 2.36877184534023e-13 6.26076968046618e-13 2.46469511466785e-14 3.42614825399323e-14 9.13486519760198e-10 2.50751863717369e-11 9.72676383881321e-12 3.36002337064656e-12 3.81278186800671e-10 1.00699504290702e-10 2.55351295663786e-16 3.93506515150577e-09 0 7.86892773163572e-13 3.57811669182695e-11 0 1.71862524211974e-14 0 2.38142838782096e-14 2.14972484258169e-13 4.28315766298759e-08 4.05231403988182e-14 1.17118348352818e-10 1.11022302462516e-16 3.13651504768586e-10 0.0813734415638869 8.95661322886099e-13 4.73319047566978e-06 1.55686941116784e-10 1.07609143817911e-11 5.32847832523942e-10
5.12168905586474e-07 4.93512319899025e-10 0.00475459871719214 6.56088460992965e-07 1.3472813975568e-10 1.16638703251404e-08 1.235335833627e-10 1.12640429653643e-06 9.67411928343154e-11 9.25393095485561e-13 1.10700337785374e-12 1.11022302462516e-16 4.07010314340539e-11 1.91870638266423e-09 1.48043799441666e-12 1.39475098137609e-12 1.20307652728968e-11 1.59844804059617e-11 2.87606605198221e-12 5.37431210645423e-12 1.68791304600013e-08 1.95077191206261e-06 3.4154346018056e-12 2.12979078817455e-11 1.69447591513716e-09 4.85244939230078e-08 1.41253742669267e-07 9.49795797566821e-14 8.17024226051899e-13 3.85214404818868e-10 8.48632275562977e-13 0 1.11022302462516e-16 2.89940293995983e-12 1.0053971259727e-05 5.02796693169216e-12 0 7.28306304154103e-14 2.4762303318937e-12 6.96287472123913e-13 6.74576383641323e-10 4.64548399747855e-12 3.5438318946035e-14 1.70358405160442e-10 7.64090234750547e-08
1.15112319676314e-10 8.90891524996107e-09 8.70465033386836e-11 3.1102204367528e-09 3.48121531601464e-13 1.22469474550524e-07 1.06108505903979e-07 1.00992557565904e-05 0.000927316983860027 4.39657007467176e-08 1.60854587205606e-08 3.0415860911015e-07 1.13431912418527e-08 1.43831763166347e-09 1.32033495248152e-11 2.76541012311782e-12 1.65496975434998e-07 1.02746999797176e-10 5.95878901776814e-13 0.000162712516895447 4.91700014038088e-12 1.11155517090733e-06 5.63475599513197e-11 7.40441843394279e-09 2.8046828770556e-08 5.6729986373738e-06 0.000254905047716192 3.35278826923968e-10 1.5609760527413e-05 1.45109001958854e-07 3.44621930992162e-09 5.62326851749617e-12 1.6172951866622e-12 1.03972386256146e-13 5.91870996657917e-13 9.8655528191216e-13 6.82010004027234e-14 5.6488147492928e-14 1.58828505902875e-13 1.41604195036393e-10 9.8728887953925e-09 2.18786100347756e-12 1.0325074129014e-15 1.78157488761599e-13 3.56470408746645e-13
1.22124532708767e-16 1.18990262087948e-11 6.12143669087573e-13 1.51586421193173e-10 1.55348267583122e-10 1.59539048638635e-14 1.10473969971991e-09 6.56137415145919e-06 3.85133707885288e-06 1.19774745854784e-07 2.32332185882145e-06 0.000284405244090302 0.000341585610381046 5.03663902516549e-05 7.06847379072784e-08 2.76570011337185e-09 1.02910907807674e-06 0.116980560977181 0.200987790949864 0.0616396131826736 9.84356335997916e-08 8.79052066693475e-09 0.000275211079605875 2.7874843433473e-09 3.3155660191464e-06 4.07833689042292e-10 1.12175457811503e-10 1.08364818895978e-08 6.923209457943e-08 0.00142087664217789 1.54237096572363e-07 0.000286160702395366 4.87345803712458e-09 1.62351243560011e-12 3.38306049840753e-12 4.11393141774852e-13 1.47487977386618e-10 1.62370117351429e-13 1.33941746582877e-12 1.64477986785982e-11 1.85065307523047e-10 0.000226972348092158 1.77010628377161e-12 2.28450591777118e-13 1.14713794019394e-12
2.89707732248345e-09 1.91763112056265e-09 1.84494682642367e-08 1.8742267382521e-07 1.70264926158126e-07 0.0018668280519875 0.385257978310258 5.63200312873047e-06 5.49483358813774e-10 4.82472377426602e-06 8.89258485292643e-08 0.00050482060177407 2.44324915854577e-10 1.82379632859053e-05 7.11956049670448e-12 0.000749172376977059 0.00288910598402481 5.48087234235384e-05 1.62368097955667e-07 1.27816413009185e-10 1.93134064296885e-10 2.99173856799229e-09 7.08062497523088e-12 1.27071131394985e-11 3.25405891121733e-10 0.000195288739248634 1.6501657151835e-09 2.74114064779951e-14 2.74760214580283e-12 1.39850353519932e-12 5.31692467831135e-12 7.07074399031171e-12 1.74876779723832e-12 6.47641495987727e-11 3.47609718787112e-12 9.81530412502707e-12 1.43454137457866e-12 5.85087533977457e-14 7.06106284553698e-12 8.58091375732783e-14 1.04157049651832e-10 2.56750019023144e-09 3.03400552459365e-09 3.71245034713752e-11 1.89722348942212e-10
0.0269443291914797 4.90952389853305e-11 8.7933497322501e-06 3.91488841344767e-11 0.0530704542424591 6.66039290386777e-10 0.0137075390711503 0.00110862600801828 1.07700249224463e-06 3.02615541605267e-06 1.13119496547576e-08 1.50578154423098e-07 3.33274758881341e-05 0.00154001160193948 7.54638343146041e-05 3.35540723983563e-08 0.00013566599068745 0.000130946695211331 1.98422389630082e-11 5.99627334785246e-08 7.19961756878718e-11 8.33472069139418e-11 0.0948177140923831 3.09435144174586e-11 1.6360852106434e-08 1.57331643269032e-08 7.78036711723829e-09 6.04049033015031e-12 2.735256465769e-12 5.18050047304541e-12 6.62097043857557e-12 1.73457914698361e-12 1.04799546818413e-10 7.0832228971085e-15 8.98170426921752e-15 1.56930024530766e-13 8.93363161225125e-12 1.16394788600482e-05 2.22044604925031e-17 2.56849930213576e-10 6.61452115302552e-11 2.08388861722142e-14 6.14475137439285e-13 6.88289314432211e-11 4.68419858457025e-11
5.00932628710871e-14 0.000132082153596558 1.7601989543703e-07 2.94418711632716e-11 6.84387724270152e-10 6.52322806882211e-10 2.4097154223135e-07 4.60075889820999e-06 6.22999227413157e-06 0.248803818895453 0.000136362512702071 0.000162516140710434 9.68173677117212e-06 0.000456754574015161 0.00092933601394809 0.00458202923592994 0.000343247775449729 2.95870946431798e-07 0 1.11211040376702e-13 1.13467135687273e-10 1.43108403125591e-06 3.60362406581771e-11 1.11022302462516e-17 4.82436091076011e-11 6.71938728658006e-08 7.36077865326479e-15 4.61921468852822e-09 2.70353420761538e-09 1.60595980958078e-11 2.40404363083258e-12 1.80830905804896e-12 1.65486837566675e-09 7.44117555795398e-08 2.85014989387378e-10 0 2.14746962434731e-09 2.01563262469673e-07 3.98912014532016e-12 1.06723407888865e-11 2.25535146114453e-12 3.81805698168591e-13 1.84183152951434e-08 1.82798221004532e-13 2.73399447525691e-10
1.20485558385841e-06 3.79962727947714e-13 1.03655306560313e-11 7.49005276854398e-06 2.70018547877671e-06 4.7672759604489e-06 3.12621195985852e-07 7.43836209714521e-06 2.10377831544317e-07 0.181345777354625 0.186758642877447 0.000315846323481095 2.97765193427502e-05 0.000166008754921854 4.04125954922563e-11 1.24099075460293e-10 7.7715611723761e-17 1.26822284118866e-08 5.48690846646771e-08 7.70532593286077e-10 5.36354061164701e-10 8.65750804379672e-12 0 8.85080897461421e-13 0 2.74780198594726e-14 1.03932751294167e-11 0 8.8662410746565e-14 2.70561351101151e-14 4.76946260263844e-12 2.01202166039138e-11 3.40034667090094e-12 5.32459021318488e-10 1.13207160731266e-06 9.51995149378604e-12 1.96493932236308e-12 1.68776104203516e-12 1.3274936705443e-12 5.41590193803287e-08 2.1317566045731e-09 1.59102730989957e-12 1.00530694879808e-13 3.14003255730277e-08 7.03881397612349e-15
-9999 -9999 -9999 7.87984943649844e-06 -9999 -9999 -9999 -9999 -9999 -9999 -9999 -9999 0.000356893234661526 0.103384849829765 7.56554430492939e-05 6.29318819278524e-13 0 2.82927580252945e-09 1.84267394676141e-09 2.22044604925031e-17 5.69544411632705e-14 0 0 0 4.44089209850063e-17 5.71777980518107e-10 8.65973959207622e-16 5.11309994344344e-11 1.47415413209728e-13 2.3096369261566e-11 6.07186523282621e-12 2.09143147245072e-11 9.6078700551061e-13 2.43931208565584e-11 2.01108241171255e-11 7.05549907387137e-10 1.34777522475815e-10 5.1033954839852e-12 2.26496599253778e-13 1.49293577500487e-11 1.0959779750408e-10 3.54606677355207e-11 4.32188829169178e-10 4.2386760767954e-12 6.8818284404415e-13
-9999 -9999 -9999 -9999 -9999 -9999 -9999 -9999 -9999 -9999 -9999 -9999 -9999 -9999 -9999 -9999 0.213271587449481 0.103964344839092 3.28426175144614e-13 3.24026920451859e-06 1.61048951952125e-13 0.00153172168258086 0 0 2.48134846003722e-14 0 0 0 2.1316282072803e-15 6.91729784563222e-11 1.21445487000216e-10 3.01619318410218e-10 1.78652315163674e-11 0 5.70437030944504e-11 4.41943925899579e-11 0 3.33066907387547e-17 3.65485419706602e-14 4.76749417721578e-11 6.05737682235485e-14 2.17542983627084e-11 8.96505092384814e-14 5.75950398484792e-13 1.23800969475951e-13
-9999 -9999 -9999 -9999 -9999 -9999 -9999 -9999 -9999 -9999 -9999 -9999 -9999 -9999 -9999 -9999 -9999 3.54203633090577e-10 5.1486266583467e-09 3.50326216813634e-08 0.000216127865170879 5.97931926193951e-11 0 0 0 0 0 5.94502225226279e-13 0 6.88099404744236e-07 2.15055206975734e-10 3.9190872769268e-15 1.5404344466674e-13 5.88418203051333e-16 0 0 1.27675647831893e-15 2.53685961126848e-14 8.60894844301185e-10 1.48020484758149e-12 6.65756338946721e-12 5.01452102064093e-11 6.53251674975763e-11 1.62952984439357e-12 1.54821711007003e-12
-9999 -9999 -9999 -9999 -9999 -9999 -9999 -9999 -9999 -9999 -9999 -9999 -9999 -9999 -9999 -9999 -9999 1.77452836203074e-08 0.102416748289712 7.29962399859119e-07 1.96466398705297e-10 2.21965780200506e-09 0 4.37669394614981e-05 0 0 0 0 0 2.85361106838744e-06 7.55855156242546e-10 6.61137811164281e-14 4.3818017571029e-07 0.00020389598049757 4.72983208155142e-11 5.23260990092922e-11 4.21884749357559e-16 0 3.75378797803361e-06 1.1884451756039e-09 1.25124787420106e-08 3.85879628250763e-10 1.18144161120881e-11 7.46069872548105e-15 2.77555756156289e-16
-9999 -9999 -9999 -9999 -9999 -9999 -9999 -9999 -9999 -9999 -9999 -9999 -9999 4.04633411510757e-05 -9999 -9999 -9999 0.100429567347603 0.000145008727645235 4.29873244978118e-06 0.00120428252015086 0.000293793281024701 7.87217863597034e-06 6.84502232672912e-11 1.47918233217581e-11 0 0 0 0 3.33066907387547e-17 1.92347669286663e-06 9.14608737514477e-06 2.91213803254031e-06 1.86417586936938e-05 7.54618692533349e-08 2.01236087737922e-07 9.31477117660506e-15 1.7715440225885e-11 2.36848862744665e-10 6.21200104578001e-08 9.03783497818722e-08 2.41428942001631e-06 1.39702441422918e-06 0 6.35672292581546e-11
-9999 -9999 -9999 -9999 -9999 -9999 -9999 -9999 -9999 -9999 -9999 -9999 -9999 -9999 -9999 -9999 -9999 0.0100268250105785 6.13052939741121e-05 9.12921353706242e-06 9.43921851792595e-10 0 0 0 3.59270655972299e-05 1.66533453693773e-16 1.65349955949523e-12 5.34211239444637e-07 1.53992374407608e-12 0 1.26139993694707e-07 1.48694479086275e-06 3.62586516367003e-11 1.09467478951353e-05 1.68169922432071e-12 5.17952347678374e-13 2.18778994920399e-11 3.11684373096588e-06 3.3464231385949e-12 8.43786198545526e-07 1.11989617579411e-10 3.59454637055556e-08 7.56487708084563e-06 8.69347260845643e-10 3.77475828372553e-16
-9999 -9999 -9999 -9999 -9999 -9999 -9999 -9999 -9999 -9999 -9999 -9999 0.0233070329672209 0.0130929427613592 7.01659650051534e-05 1.33892896769794e-14 4.40758540776187e-15 2.3795861947562e-09 5.92565680190837e-08 3.443482575749e-08 0 1.37818762557806e-07 6.66133814775094e-17 0 1.13158603598507e-09 0 4.52861304012231e-10 2.66930921810626e-13 3.03076452823348e-12 4.89262307041827e-06 2.86940058796925e-05 1.32485061977716e-06 2.66675570514963e-13 1.0531102841993e-07 7.4931397728728e-05 5.59135777677966e-09 0.000256886224750696 7.06046701104413e-09 5.91097326640977e-10 0 7.81188114196141e-11 8.69892939459049e-08 1.16845550390821e-07 1.28087540574029e-12 2.88889623334398e-10
