Maxent_result_files_1/Bombus_subterraneus_2.asc
NCOLS 594 
NROWS 330 
XLLCORNER -15 
YLLCORNER 23 
CELLSIZE 0.166666666666667 
NODATA_value -9999 
[rows 126 to 146 of 330, columns 322 to 367 of 594]
0.00428789611905813 0.0299778755754232 0.049820352345705 0.0138891329988837 0.0909909188747406 0.0167619759216905 0.0183479554951191 0.0149040974676609 0.0830715894699097 0.00952169187366963 0.00520668714307249 0.0215385507792234 0.0283714324235916 0.0954766113311052 0 0.00846290313638747 0.0781363449990749 0.0137675146572292 0.0132880534045398 0.00783213586546481 0.00877971644513309 0.0138840451836586 0.00906828651204705 0.0091914864256978 0.00734275057911873 0.00844410099089146 0.051715537160635 0.227650026977062 0.0497975751757622 0.00854509063065052 0.00824042269960046 0.00664361934177578 0.00627148533239961 0.00637148162350059 0.00807653516530991 0.0402934040874243 0.00835573822259903 0.00844025136902928 0.00829630377702415 0.00821698196232319 0.0392564304172993 0.00816826433874667 0.0061255260836333 0.00586360483430326 0.00390609228052199 0.000793801748659462
0.0483116216957569 0.0400794014334679 0.0190721523016691 0.0181804811581969 0.0118990791961551 0.0127002498134971 0.0102531332522631 0.0590513378381729 0.049133512377739 0.00958373239263892 0.0430681467056274 0.0241240743547678 0.00306787274312228 0.00807669926434755 0.00643712719902396 0.00575584499165416 0.00854585748165846 0.00933774705044925 0.00771986632607877 0.00624987087212503 0.0398854549974203 0.035071536898613 0.0327506352216005 0.0341979939490557 0.00633776886388659 0.00668649487197399 0.0455578528344631 0.0950047627091408 0 0.00787284392863512 0.00641107182018459 0.00699109737761319 0.00802198406308889 0.00627764095552266 1.55733967943661e-09 0.010585377458483 0.00655779074877501 0.00595315429382026 0.00569548732601106 0.00478850579820573 0.0348065301775932 0.0368315510451794 0.0190648034214973 0.000784546846989542 0.000788331963121891 0.00101316289510578
0.0134103983640671 0.0676149968057871 0.017118776589632 0.0181050814688206 0.0181985002011061 0.0161225114017725 0.0299881458282471 0.0125504806637764 0.0142930695787072 0.0779805779457092 0.070671683549881 0.0434776704758406 0.00159358493983746 0.00607567871920764 0.0092638785019517 0.00777342659421265 0.0423920121043921 0.0433601558208466 0.0649203447625041 0.0374159563332796 0.00975821167230606 0.0208649604581296 0.0106504539493471 0.0358805205672979 0.0370742075145245 0.0186254279688001 0.00486490374896675 0.0417058002203703 0 0 0.0104136192239821 0.00830136118456721 0.0424060516059399 0.0231309246271849 0.000710075965616852 0.0120451299473643 0.00186894026119262 0.00073409485630691 0.000722544372547418 0.000629542185924947 0.00189057341776788 0.0041553252376616 0.0061113421805203 0.0130886316299438 0.00455179461278021 0.00872429888695478
0.0603448882699013 0.0184228725731373 0.0189651489257813 0.0135138209909201 0.0104431190062314 0.0189161282032728 0.0188761167228222 0.0181253895163536 0.0119032146409154 0.0156271920539439 0.0162175285629928 0.0121326708234847 0.00891199354082346 0.00807313779368997 0.0339289028197527 0 0 0.0266317754983902 0.0346061255782843 0.0956620370969176 0.0302628226578236 0.00377864129841328 0.00225598012330011 0.00703924242407084 0.0102115598507226 0.013829543069005 0.00773178674280643 0.0135723555460572 0.0464540800079703 0 0 0 0 0.0295371375977993 0.0261440010741353 0.00189957553520799 0.000712492689490318 0.000491540582152084 0.000734765187371522 0.0286197107285261 0.00071471591363661 0.0095303880982101 0.000750099902506918 0.00693823648616672 0.000942437967751175 0.00413476987741888
0.0620313465595245 0.0281783105805516 0.0138764211907983 0.0106088348664343 0 0.014939758554101 0.018371419981122 0.0183804918080568 0.0125097439624369 0.0122000533156097 0.0398411359637976 0.0146429480053484 0.00965905077755451 0.0454157009720802 0.0395859137177467 0.0383366990834475 0.00382824644912034 0.0208006452769041 0.023712339065969 0.0422503255307674 0 0 0.080206897482276 0.053044749982655 0.0560088522732258 0.0476405112072825 0.0446339499205351 0.0300885032862425 0 0 0 0 0 0 0.03223194796592 0.00765348076820374 0.00600475296378136 0.00144305117428303 0.000224035741121043 0.00165814282372594 0.00907875150442123 0.00947248497977853 0.0160296650603414 0.0210095385089517 0.0495696820318699 0.0116301516070962
0.0107732656411827 0 0.012697078473866 0.00922363419085741 0.00917614744976163 0.0126672932878137 0.0114522046409547 0.00257262740086155 0.0328199740499258 0.027635134011507 0 0.0362206637859344 0.0401870846748352 0.0326768640428782 0.0026420527137816 0.0292688556015491 0.0230131255462766 0.00256380133796483 0.00702489330433309 0.0450377505272627 0.0631526194512844 0.0468688525259495 0.0485035143792629 0.0482491128146648 0.0589538350701332 0.0309229400008917 0.0230442967265844 0.0601009495556355 0.0230417937040329 0.0291888998821378 0.0575859360396862 0.0101023721508682 0.0233474303968251 0 0.015975140966475 0.0341455042362213 0.0438127085566521 0.0489751748740673 0 0.0176387655548751 0.0517550066113472 0.0494151376187801 0.0076104145962745 0.00673551796935499 0.0147490361705422 0.00318851114716381
1.4432899320127e-16 6.0743686844944e-07 0.00196095475716813 0.0176960943266749 0.0647785983979702 0.0104369955137372 0.0601264074444771 0 0.00828161519020796 0.017567796818912 0.0432011179625988 0.0500567324459553 0.0484878692775965 0.046493037045002 0.0194500088691711 0.0180442353710532 0.00870352387428284 0.0264385467395186 0.0401312291622162 0.0493643760681152 0.0528567243367434 0.00897081382572651 0.0378720054402947 0.0547521136701107 0.0556671589612961 0.0464276760816574 0.0465015023946762 0.0152128979563713 0.00955310380086303 0.00991344330832362 0.00822913618758321 0.0109578761272132 0.00933026378042996 0.00831132517196238 0.0101822745986283 0.00997107280418277 0.00697531858459115 0.00765924341976643 0.00730528943240643 0.00779787367209792 0.0068150763399899 0.00772780952975154 0.00726420804858208 0.0081838596612215 0.0444798462092876 0.0121266230009496
0.02874506264925 0 0 0.0663892991840839 0.0467108521610498 0.0372774604707956 0.0280221443623304 0 0.044087452813983 0.0415802031755447 0.00549846515059471 0.0517431784421205 0.0049027094617486 0.0347934242337942 0.00654541631229222 0.0293918017297983 0.0290583819150925 0.00921004042029381 0.0148897441104054 0.0992304235696793 0.0470950186252594 0.0794694542884827 0.0305604934692383 0.00929680606350303 0.0115795464254916 0.0112958075478673 0.00946945333853364 0.0104934767819941 0.00649542044848204 0.00460533178411424 0.00717755369842052 0.00872613759711385 0.0101937047205865 0.00835526762530208 0.00730263954028487 0.00760225490666926 0.009738310566172 0.00825435193255544 0.00722596901468933 0.0359572030603886 0.00705372099764645 0.00990653550252318 0.00986359361559153 0.049694262444973 0.052589800953865 0.00996630042791367
0.0131536282598972 0 0.0689347490668297 0.0589890114963055 0.0844631742686033 0 0.050583939999342 0 0.0670251324772835 0.0198129840195179 0.00719181364402175 0 0 0.0761795066297054 0.0303623382002115 0.0357808243483305 0.00987587664276362 0.0502524495124817 0.0128262563608587 0.0368259333074093 0 0.0556508034467697 0.0337848324328661 0.00766415456309915 0.0061032900121063 0.00219025178812444 0.00756031787022948 0.00698394915089011 0.00693047000095248 0.0415201645344496 0.010650347918272 0.00963636422529817 0.0108444533310831 0.0101724523119628 0.0113775566220284 0.00763606545515358 0.0110378772951663 0.0394063971936703 0.0371097050607204 0.00795590877532959 0.00792414285242557 0.00661852164193988 0.00865471567958593 0.00943072345107794 0.00877517703920603 0.00846595913171768
0.0650834176689386 0.0115641462616622 0.0362655371427536 0.0460645508021116 0.0395746029913425 0.0121096288785338 0.0570695854723453 0.0493249882012606 0.054123579710722 0.0961883455514908 0.0490001082420349 0.0057247900404036 0.0377519205212593 0.00405933847650886 0.0337662752717733 0.0024495498277247 0.0461302906274796 0.0442066766321659 0.00951319560408592 0.0133240231312811 0 2.26078231690963e-09 0.0122656103223562 0 0.00740105155855417 0.00752292349934578 0.00911748418584466 0.00902937478385866 0.0114438342861831 0.0132064031437039 0.0894989743828773 0.0300335176289082 0.0114761522039771 0.0114141213707626 0.0117608862929046 0.00906466636806726 0.00944152818992734 0.0109660003334284 0.00711076641455293 0.00693734097294509 0.00911626759916544 0.00737213199026883 0.0101488010957837 0.0109511222690344 0.0114317080006003 0.0118041096255183
0 0.0527159810066223 0.0119770839810371 0.0186564778909087 0.0166344795376062 0.00900623071938753 0.0144780507311225 0.0624094314873219 0.0537790941074491 0.0480958245694637 0.0101583439856768 0.00507875923067331 0.00798366433009505 0.00243083629757166 0.0427380308508873 0.00531767187640071 0.0027964545879513 0.00918823406100273 0.00674724399577826 0.0128273236565292 0 0 0.0240766072645783 0.0084934102371335 0.0508928380906582 0.00962458159774542 0.00944479247555137 0.0119149372912943 0.0115822986699641 0.0124927552416921 0.0123858604580164 0.00826033474877477 0.0101468183100224 0.0114293028600514 0.0124536224640906 0.0126520645804703 0.0118375832214952 0.00760034378618002 0.00906753791496158 0.00947504313662648 0.00737615711987019 0.010124103166163 0.0106783765368164 0.0113041891716421 0.0116466361097991 0.0116041160188615
0 2.88657986402541e-16 0.0687794033437967 0.0928110361099243 0.052989599108696 0.0124658118002117 0.0399178621359169 0.0641384962946177 0.046814349014312 0.0544787041842937 0.0622888684272766 0.012741581350565 0.0583898343145847 0.0112955372780561 0.038013294711709 0.00472340672276914 0.00876741679385304 0.0665829002857208 0.0298214886337519 0.0144122524186969 0.0167511582374573 0.00733268572948873 0.00730876149609685 0.00725145074538887 0.00939572155475616 0.00966896209865808 0.0102899139747024 0.0100997907109559 0.0086869090795517 0.0113916779868305 0.0101681407541037 0.00909041557461023 0.00962484339252114 0.0120359464548528 0.0103652844205499 0.0122245095670223 0.00923029691912234 0.0114840485155582 0.00850562071427703 0.0107158854603767 0.00709388623945415 0.00752780400216579 0.01080292025581 0.0115463187918067 0.0116225067526102 0.01249168086797
0.0248359069228172 0.0215229885652661 0.0322045661509037 0.0158881207928061 0.0179135666228831 0.0820876896381378 0.0712158605456352 0.0129722442477942 0.0208041307516396 0.0264635100960732 0.0272743847221136 0.0466640394181013 0.00964469276368618 0.0113386437296867 0.00661799197550863 0.0310660153644648 0.0183720372617245 0.0740542247891426 0.0169509002938867 0.042098518460989 0.00345164644531906 0.0431587800383568 0.00230810292996466 0.00946967815980315 0.0430645700544119 0.057030875235796 0.00962437866255641 0.0336610656231642 0.0122793041169643 0.00181196333141997 0.0173299189656973 0.00909916944801807 0.00854934281669557 0.00932812485843897 0.00860992902889848 0.0122930249199271 0.0113434657454491 0.0115027414634824 0.0106048171408474 0.0105546298436821 0.00976792741566896 0.00947487698867917 0.00975596541538835 0.00945785185322165 0.00940250931307673 0.0610111698508263
0.0172613110393286 0.0302478313446045 0.0158435184508562 0.0240629840642214 0.018878641538322 0 0.02228669449687 0.0717651396989822 0.0414554480463266 0.00340867047198117 0.0455097679048777 0.00609188470989466 0.045135335996747 0.0775903288275003 0.0890689224004746 0.0107109519653022 0.0481135737150908 0.0450201757252216 0.0454430919140577 0.0389098424464464 0.0121878007892519 0.0117585013620555 0.0140312636271119 0.00939582288265228 0.0138133084401488 0.0129724651575089 0.00909797064960003 0.0109164588153362 0.00885155601426959 0.00780181884765625 0.0561336919665337 0.0119940864853561 0.00904252529144287 0.00848323637619615 0.0130060244351625 0.00858140820637345 0.0102142121642828 0.0118453611619771 0.00868461085483432 0.00876615894958377 0.00806629681028426 0.00922325155697763 0.00920589752495289 0.00921146813780069 0.0115594937466085 0.00793231381103396
0.0155876707285643 0.0163020187988877 0.0165777217596769 0.0191295061260462 0.0225565072149038 0.0550347529351711 0.202153510600328 0.0145288971252739 0.067765449732542 0.0157115438953042 0.0139319933950901 0.0625764146447182 0.0137949872761965 0.0858050659298897 0.078850070387125 0.00981055414304137 0.00952895153313875 0.0127684104256332 0.0159779390320182 0.0808386452496052 0.065709999203682 0.0124114538542926 0.0139415478333831 0.0730008170008659 0.00768545204773545 0.00285315834917128 0.0092553555034101 0.0126975876279175 0.00911709442734718 0.00968978134915233 0.0131725009530783 0.01354138283059 0.0129867204464972 0.00759565187618136 0.0124534228816628 0.0125539168715477 0.0123793276958168 0.00837059281766415 0.0115008485503495 0.0111286039464176 0.0109108480624855 0.00794128603301942 0.0110258544795215 0.0107449307106435 0.0112528317607939 0.00777085795998573
0.0256102062761784 0.0243987323716283 0.0233949936926365 0.0223298527300358 0.0221539480611682 0.0211341615766287 0.0199148651212454 0.019181602075696 0.0188482478260994 0.00937210181728005 0.0177672674879432 0.012837029248476 0.0133392684161663 0.0514028567820787 0.0537583909928799 0.0115054533816874 0.0127526349388063 0.0131694369018078 0.0168621299788356 0.0336105015128851 0.0122339764609933 0.0109848325606436 0.00921332468278706 0.00840216437354684 0.0173305595293641 0.0115096215158701 0.00813698526471853 0.0117370276711881 0.0131772555410862 0.0134932552464306 0.010402746219188 0.0120304331649095 0.0130267240107059 0.00894377725198865 0.0119757824577391 0.00797252459451556 0.0124332291074097 0.0119524304755032 0.0114762892015278 0.0112698486074805 0.0109713272191584 0.0106812129728496 0.00560440090484917 0.00771306632086635 0.0106746860779822 0.00688551976345479
0.0245866598561406 0.0232044491916895 0.0235105790197849 0.0227978311479092 0.0218012781813741 0.0170418106019497 0.0140560621395707 0.0188467338681221 0.0193176068365574 0.0157590502873063 0.0168121365830302 0.0166725337505341 0.0103943704627454 0.0155681690201163 0.0147628406994045 0.0126001586206257 0.0122274427674711 0.0160488806664944 0.0170125482603908 0.013684949837625 0.0108484046533704 0.0074064020998776 0.00993990805000067 0.0119078726507723 0.00588792725466192 0.00509425918571651 0.00955673241987825 0.0118436628952622 0.0126834057271481 0.0131073603406549 0.00893241632729769 0.00972634153440595 0.010110108088702 0.00957771372050047 0.00709975119680166 0.00802009021863341 0.00829926924780011 0.00782718835398555 0 0 0.0378736361861229 0.00909344619140029 0.00735900895670056 0.00766814481467009 0.0105465922504663 0.00865198932588101
0.0590141996741295 0.0237172707915306 0.0167235786095262 0.022740463167429 0.0110807210206985 0.014645092189312 1.77635683940025e-16 0.0149051233194768 0.0183285631239414 0.0793916150927544 0.0144680350087583 0.0157251136377454 0.0155574219301343 0.0157920120283961 0.0141843880526721 0.0110918996855617 0.0158917129039764 0.0155156921595335 0.0124631703831255 0.0139485840685666 0.0128421611618251 0.0103205143474042 0.00992287425324321 0.00975302997976541 0.0270667476579547 0.0474663320928812 0.00729912421666086 0.0117136606946588 0.012292053271085 0.0124140723608434 0.0129536680877209 0.0229143034666777 0.0122763516381383 0.00954705122858286 0.00638796351850033 0.00776718743145466 0.00902799377217889 0.0236646968871355 0.014268790371716 0.0137379019521177 0.0323138851672411 0.00904000010341406 0.00831265095621347 0.0701633989810944 0.0110971826128662 0.05058758482337
0.0238154828548431 0.0126611543819308 0.0230162372812629 0.020591202750802 0.0208586167544127 0.0316410955041647 0.019476568326354 0.0200471902266145 0.0190259478986263 0.0170102311298251 0.0160642834380269 0.0139197421260178 0.0628885217010975 0.01453662449494 0.00997587367892265 0.0104946620762348 0.0141010968014598 0.017254501208663 0.011871094815433 0.0116533750668168 0.0099289701320231 0.00465018870308995 0.00194948022253811 0.00202385887969285 0.0103222569450736 0.010883133392781 0.0129170249216259 0.0126119172200561 0.0128610975109041 0.0127590639516711 0.00855416068807244 0.00687349354848266 0.0131077123805881 0.00674820356070995 0.00747360810637474 0.0119099742732942 0.0115885720588267 0.0111977707594633 0.011117035523057 0.0107336476445198 0.00549535527825356 0.0105972100049257 0.075635976344347 0.0584782734513283 0.0697378851473331 0
0.0193496061488986 0.0229597432538867 0.0218011271208525 0.0216801133006811 0.0209056954830885 0.031587690487504 0.0130670633167028 0.0147395947948098 0.0322479076683521 0.0154549613595009 0.017139551229775 0.0180112095549703 0.0151244817301631 0.0184526028111577 0.00884571122005582 0.0600917868316174 0.0175114216282964 0.0127866454422474 0.0118171893060207 0.0103811897337437 0.00784207247197628 0.0087643863633275 0.00893787378445268 0.0115343982353807 0.0131538141518831 0.0105523886159062 0.00792450048029423 0.00905322981998324 0.0129584832116961 0.0130674916319549 0.00998105648905039 0.00839115912094712 0.00619953367859125 0.0056408813688904 0.00718301385641098 0.00652183694764972 0.0115640461444855 0.0492126643657684 0.0110281329602003 0.0108897797763348 0.0620803587138653 0.0479333512485027 0.0106744762510061 0.066893295943737 0 0.0585374481976032
0.0211973704397678 0.0214641075581312 0.0207302492111921 0.0193580791354179 0.0193872949108481 0.0188445314764977 0.01368686882779 0.014211960695684 0.0198328731581569 0.018070700019598 0.0177895383909345 0.0179966397583485 0.0186653129756451 0.0177056608721614 0.0179365042597055 0.0175066845491528 0.0179124187678099 0.0126493159681559 0.073168882727623 0.0110813906416297 0.00226294014137238 0.0104353823699057 0.0163522843271494 0.0141723528504372 0.0119582379236817 0.01602175924927 0.009636792819947 0.0120377765968442 0.00962224043905735 1.01424646459236e-11 0.0182548090815544 0.0117667011916637 0.0101190248504281 0.00695757269859314 0.0054885370656848 0.00764819886535406 0.00623298930004239 0.0449796043336391 0.0500102356076241 0.0088238138705492 0.116345503926277 0.0140912665054202 0.0869031019508839 0.0720454461872578 0.0749868251383305 0.0723552256822586
