Maxent_result_files_1/Bombus_veteranus_3.asc
NCOLS 594 
NROWS 330 
XLLCORNER -15 
YLLCORNER 23 
CELLSIZE 0.166666666666667 
NODATA_value -9999 
[rows 40 to 59 of 330, columns 470 to 516 of 594]
-9999 -9999 -9999 -9999 -9999 -9999 -9999 -9999 -9999 -9999 -9999 -9999 -9999 -9999 -9999 -9999 -9999 -9999 -9999 -9999 -9999 -9999 0.000845648185350001 0.000111621182259114 9.38955115998397e-05 0.000117975225475675 3.66418598787277e-05 3.17787155381666e-05 0.000144886023917934 0.000246487107506255 0.000227946904487908 0.000254390327609144 0.000234879330673721 0.000221633126056986 0.000189094784582267 0.000192961277934955 0.000111470476076647 0.000126883334087324 9.16141245397739e-05 7.70275661125197e-05 6.96463390340796e-05 5.93153879890451e-05 5.71898549424077e-05 8.55638299981365e-05 8.63829476656974e-05 4.20054069763864e-05 3.9523098985228e-05
-9999 -9999 -9999 -9999 -9999 -9999 -9999 -9999 -9999 -9999 -9999 -9999 -9999 -9999 -9999 -9999 -9999 -9999 -9999 -9999 -9999 0.000158505994477309 0.000113145672185055 0.000150747404404683 0.000126246757281478 0.000142032206349541 0.000222003900853451 0.00020247647225915 0.000189613448310411 0.000193422799929976 0.000268221834267024 0.00024478347695549 0.000259926891158102 0.000225770058750641 0.000212211767939152 0.000178770018101204 0.000231131563486997 0.000114579405635595 0.000108233595710772 0.000104614715201023 9.85674940238823e-05 4.46920660579053e-05 5.1763281589956e-05 5.02083612445858e-05 7.38569318855298e-05 7.2517713488196e-05 8.32155497846543e-05
-9999 -9999 -9999 -9999 -9999 -9999 -9999 -9999 -9999 -9999 -9999 -9999 -9999 -9999 -9999 -9999 -9999 -9999 -9999 -9999 0.000235085269378033 0.000127261455781991 0.000162218866898911 0.000148310382428463 0.00013981151059852 0.000134232675918611 0.000210131096901023 0.000332194231305039 0.00028488281823229 0.000308068807498785 0.000289207061723573 0.000207255663917749 0.000199161519412883 0.000190316330190399 0.000190489116721437 0.000255349547660444 0.000180426903534681 0.000238619002630003 0.000150616605242249 0.00011071988628828 0.000104873127747851 0.000132784501329297 0.000108405377432064 0.000107207488326821 0.00016497570577485 0.000117056208182476 0.000139367087831488
-9999 -9999 -9999 -9999 -9999 -9999 -9999 -9999 -9999 -9999 -9999 -9999 -9999 -9999 -9999 -9999 -9999 -9999 -9999 -9999 -9999 -9999 -9999 -9999 0.000326128283631988 0.000138544366927817 0.000169445104256738 0.000194983175970265 0.000341700279386714 0.000342008112056646 0.000320251991070108 0.000291288088192232 0.000288214696774958 0.000276395674882224 0.000201294648286421 0.000201256051877863 0.000258814405242447 0.000188632019126089 0.000270120967616094 0.000204608742933488 0.000188914132741047 0.000132688835583394 0.000162155404905207 0.0001268322179385 0.000160049675832852 0.000181995410821401 0.000165464574092766
-9999 -9999 -9999 -9999 -9999 -9999 -9999 -9999 -9999 -9999 -9999 -9999 -9999 -9999 -9999 -9999 -9999 -9999 -9999 -9999 -9999 -9999 -9999 -9999 0.000108474832813954 0.000390240202978021 0.000404473703383701 0.000369201049034018 0.000338610658218386 0.000200178875456913 0.000325187661655946 0.000300150987459347 0.000236750137992203 0.000226206875959178 0.000223302333324682 0.000218409645822248 0.000209687622191268 0.000200435384613229 0.000196845434402348 0.00026653748791432 0.000257099622831447 0.000234756762802135 0.000125805941206636 0.000171221658456489 0.000184864450784517 0.000169491736232885 0.000111631199615658
-9999 -9999 -9999 -9999 -9999 -9999 -9999 -9999 -9999 -9999 -9999 -9999 -9999 -9999 -9999 -9999 -9999 -9999 -9999 -9999 -9999 -9999 -9999 -9999 0.000130269470901112 0.00037910247410764 0.000420623492391314 0.000235639057791559 0.000163670640176861 0.000140140907751629 0.000262405077955918 0.000318867574969772 0.000259861472295597 0.000335559213999659 0.00024219114202424 0.000229400110401912 0.000220735236507608 0.000214550278542447 0.000273862547328463 0.00020288613413868 0.000272247843531659 0.000232989082724089 0.00012761585530825 0.000163220575268497 0.000130093664120068 0.000160072216749541 0.000197926494729472
-9999 -9999 -9999 -9999 -9999 -9999 -9999 -9999 -9999 -9999 -9999 -9999 -9999 -9999 -9999 -9999 -9999 -9999 -9999 -9999 -9999 -9999 -9999 0.000197298859711736 0.000258398455480346 0.000467290036613122 0.000434394559124485 0.000339164400065783 0.000384298285644036 0.000417772562650498 0.000404869494377635 0.000365723441063892 0.000348853734612931 0.000348577520344406 0.000265933718037559 0.000255780078441603 0.00024411687918473 0.000234930086298846 0.000230610529251862 0.000286237985710613 0.000276832483359613 0.000229820743697928 0.000117966212928877 0.000108336758785299 9.73656078713248e-05 9.32199418457458e-05 0.000110256540210685
-9999 -9999 -9999 -9999 -9999 -9999 -9999 -9999 -9999 -9999 -9999 -9999 -9999 -9999 -9999 -9999 -9999 -9999 -9999 -9999 -9999 -9999 -9999 -9999 0.000265494342602324 0.000507574932998978 0.000367714867752511 0.000355799302633386 0.000449665723135695 0.000354006324778311 0.000296047858137172 0.000405661745753605 0.000398382468847558 0.000392799099790864 0.000280922243837267 0.000277154058858287 0.000269172612024704 0.000261131596198538 0.000249766473280033 0.000245781351986807 0.000177292650187155 7.74294854636537e-05 0.000163790571059508 7.85857318987837e-05 0.00019323653250467 0.00015058006374602 9.50324050791096e-05
-9999 -9999 -9999 -9999 -9999 -9999 -9999 -9999 -9999 -9999 -9999 -9999 -9999 -9999 -9999 -9999 -9999 -9999 -9999 -9999 -9999 0.00182163204008248 0.000248198930785293 0.000445535597100388 0.000597876131359953 0.000428578672290314 0.00040507272206014 0.000532619676960167 0.00060883300320711 0.000470323600166012 0.000343433776288293 0.00033012063940987 0.00044121468818048 0.000428943356382661 0.00031034037747304 0.000295104693941539 0.000293830122973304 0.000286205537850037 0.000361727706331294 0.000364380383689422 0.000164903333643451 0.000142158539529191 0.000142387708910974 0.000121023771862383 0.000104644377461227 9.83020734565798e-05 7.54244703784934e-05
-9999 -9999 -9999 -9999 -9999 -9999 -9999 -9999 -9999 -9999 -9999 -9999 -9999 -9999 -9999 -9999 -9999 -9999 -9999 -9999 -9999 0.000153832423893618 0.000193791096899076 0.000321881801937707 0.000379001840337878 0.000616711184557062 0.00062536709010601 0.000425086695759092 0.000414682579867076 0.000405308586778119 0.00038158047318575 0.000424777198350057 0.000259199663560139 0.000350981528754346 0.000258460208715405 0.000285779610567261 0.000406909841694869 0.000360669557994697 0.000357876782800304 0.000290092590876156 0.000108378541335696 9.12311199499527e-05 9.85213160674903e-05 0.000150599943299312 0.000170790667834808 0.000103794900496723 0.000134217018421623
0.000714022212196141 0.000882800327963196 0.00116870525525883 -9999 -9999 -9999 -9999 -9999 -9999 -9999 -9999 -9999 -9999 -9999 -9999 -9999 -9999 -9999 -9999 -9999 -9999 -9999 -9999 0.00154962330125272 -9999 -9999 0.000252983544487506 0.000317171846108977 0.000293781787331682 0.000540679437108338 0.00040647959249327 0.000554689756245352 0.000522510208247695 0.000239217716443818 0.000214801641413942 0.000192916435480583 0.000250131249777041 0.000405780535947997 0.000391934820800088 0.000216703250771388 0.00018304910408915 0.000234354156418703 0.000361093180254102 0.000255876369192265 0.000213329893449554 0.000298646032752004 0.000315712323936168
0.00138584356172942 0.00189365416881628 0.00142370148096234 0.00143768038251437 0.00146609200746752 0.000763190881116316 0.000809134327573702 -9999 -9999 -9999 -9999 -9999 -9999 -9999 -9999 -9999 -9999 -9999 -9999 -9999 -9999 -9999 0.0018637600238435 0.000452782172942534 -9999 -9999 -9999 -9999 -9999 0.000293062923446996 0.000600099501025397 0.000428659521276131 0.000551851680211257 0.000254584592039464 0.000223758993524825 0.000229727935220581 0.000342569745407673 0.000366513726476114 0.000464769764221273 0.0004143421392655 0.000382908894971479 0.000369485866394825 0.000327669776015682 0.000269276184553746 0.000264362258167239 0.000252256918611238 0.00024550596208428
0.00137101079453714 0.00192646780633368 0.00155058110249229 0.00156290015438572 0.0015195760934148 0.00151374354027212 0.00151193212368526 0.00111268879263662 0.00030941845907364 0.000623760581947863 0.00101401388819795 -9999 -9999 -9999 -9999 -9999 -9999 -9999 -9999 -9999 -9999 -9999 -9999 -9999 -9999 -9999 -9999 -9999 -9999 0.000221843378676567 0.0003636925794126 0.00046910394448787 0.000448074105952401 0.000611172801291104 0.000559825667005498 0.000469344946031924 0.000320061687671114 0.000566058835829608 0.000473546230932698 0.000354414593311958 0.000237202135758707 0.000195360694488045 0.000186468878018786 0.00018000893505814 0.000170309395252843 0.000290636996214744 0.000252194908534875
0.00155667423387058 0.00160864416393451 0.0016238123353105 0.00160730881616473 0.00162440850399435 0.00165008404874243 0.00201842389651574 0.00222615100210533 0.000943511433433741 0.00195328285335563 0.0015887615561951 0.000908376814913936 0.00095816372486297 0.00085208993696142 0.00091495297383517 -9999 -9999 -9999 -9999 -9999 -9999 -9999 -9999 -9999 -9999 -9999 -9999 -9999 -9999 -9999 0.000251062583993189 0.000361268306005513 0.000445923613733612 0.000242259218794061 0.000536539898894262 0.00042440472607268 0.000568176945671439 0.000541345390956849 0.000494376313872635 0.000506226124707609 0.00022092075450928 0.000348844908876345 0.000333608048822498 0.000324800149246585 0.000310945430101128 0.000291804120934103 0.000289703285670839
0.0016044863325078 0.00170669267536141 0.00177581333555281 0.00179380007903092 0.00179635065724142 0.00186069846968167 0.00365004006307572 0.00263320844387636 0.00195477572269738 0.00190964204957709 0.0018265986465849 0.00168975468841381 0.00155731835984625 0.00205541615141556 0.00146937847021036 0.00167902488610707 0.00107495727716014 0.000708627278800122 0.000588487897766754 -9999 -9999 -9999 -9999 -9999 -9999 -9999 -9999 -9999 -9999 -9999 -9999 -9999 0.000454065231315326 -9999 0.000225288914953126 0.000231845283269649 0.000470541177492123 0.000604425127676222 0.000568921961530577 0.000401147945376579 0.000389426977199037 0.000362600170774385 0.000348721064074198 0.000336779227654915 0.000433368603989948 0.000304934244195465 0.000295193740021205
0.00165382837876678 0.00171388243325055 0.001769859372871 0.00184253274928778 0.00192169205402024 0.00193488957593217 0.00199118188465945 0.00208492629462853 0.00212137578055263 0.00214003846631385 0.00211113565019332 0.00207523120916449 0.00189357289345935 0.00228209596825764 0.00221461094915867 0.00199168411199935 0.00190788143663667 0.00135755254304968 0.00173756647272967 0.00127399172633886 0.00141090122051537 0.00071211974718608 0.000504991135676391 -9999 -9999 -9999 -9999 -9999 -9999 -9999 -9999 -9999 -9999 -9999 0.00028845374181401 0.000632788820075803 0.000699418713338673 0.000656094669830054 0.000409078886150382 0.000249381425965112 0.000281555223773466 0.000498798217449803 0.000359892855340149 0.00048240594624076 0.000475201953668147 0.000467001988727134 0.000326872941514011
0.00165549499215558 0.0018140914675314 0.00186792849563062 0.00192103998269886 0.00203769250074402 0.0021237206121441 0.00216034358018078 0.00224079478648491 0.00229038818506524 0.00229218546301126 0.00231103471014649 0.00230424399487674 0.00216916571953334 0.00195641808095388 0.00247835516929626 0.00169637715443969 0.00185199924162589 0.00185532466275617 0.00157184536801651 0.00144914729171433 0.00137449251487851 0.00130891273729503 0.00162479556165636 0.000774621716118418 0.00056025185767794 -9999 -9999 -9999 -9999 -9999 -9999 -9999 -9999 0.000437377809430473 0.000602945432183333 0.000740318838506937 0.000330621941975551 0.00052996079903096 0.000564902648329735 0.000512556747708004 0.000603527143539395 0.000544473718036897 0.00036400233511813 0.000463190038863104 0.000378086837008595 0.000366834964370355 0.000448789093934465
0.00183601463213563 0.00185191568452865 0.00188407126115635 0.00196886694175191 0.00207256620633416 0.00222375972080044 0.00238535905955359 0.0024944233126007 0.00254011475481093 0.00252004829235375 0.00371809587813914 0.00241178310243413 0.00234215720556676 0.00223487712792121 0.0020842952595558 0.00269225696101785 0.00189528484479524 0.00198273613932543 0.00266124350018799 0.00229478313704021 0.00169006367796101 0.00154548324644566 0.00142166617442854 0.00132725565345027 0.00121907308348455 0.0015372616937384 0.000764108341536485 0.000938430574024096 -9999 -9999 -9999 -9999 0.000512077522580512 0.000691895210184157 0.00087613342620898 0.000664576608687639 0.000616664430708624 0.000571640738053247 0.000682093095383607 0.000426398889976554 0.00031925237053656 0.000634452939266339 0.000440971461648587 0.000572444219142199 0.000384732674865518 0.00051234968850622 0.000404724862892181
0.0019150179461576 0.00190695974742994 0.00193659072974697 0.00204024101258256 0.00217348866863176 0.00231068457942456 0.00251085484633222 0.00271478579379618 0.00286673745140433 0.00284979230491444 0.0027733996976167 0.00264918283792213 0.00343185495585203 0.00253107568714768 0.00263799814274535 0.00215431188698858 0.000442199694225565 0.00202338217641227 0.00112919233215507 0.00178557898616418 0.00231021410436369 0.00210408149869181 0.00195751982391812 0.00131399943493307 0.00125103319005575 0.00114304727758281 0.00107447097252589 0.000996083571226336 0.000679498782847077 -9999 -9999 0.00057013049517991 0.000994409937993623 0.000743162661092356 0.00091171107487753 0.000933198403799906 0.000880129085271619 0.000620176855591126 0.000695416648522951 0.000448602037795354 0.0006859811313916 0.000661231944104657 0.000603741910890676 0.000506746333849151 0.000499168515671045 0.000186707021202892 0.000153829046757892
0.00189336677431129 0.00243413355201483 0.00315940147265792 0.00421528531005606 0.00229020705446601 0.0025112337898463 0.00278066319879144 0.00308805271051824 0.00317239526193589 0.00316359477583319 0.00305361078353599 0.00284230940742418 0.00386611840222031 0.00074867766816169 0.000540933510637842 0.000382733835431281 0.000386159356276039 0.000394604311441071 0.000622378672414925 0.00256985770538449 0.00247370542492718 0.00165066829067655 0.00143875802168623 0.00125475728418678 0.00118794930749573 0.00111373398685828 0.00110497685964219 0.00102032239083201 0.001315730571514 0.000925558438757435 0.000884533007047139 0.000864576734602451 0.00147860846482217 0.00106631348317023 0.000646408679313026 0.000981218653032556 0.000691155414097011 0.000657570117618889 0.000794943294022232 0.00058099960006075 0.000712847945396788 0.000521692445909139 0.000334929773816839 0.000358408215106465 0.000608024699613452 0.00021254669627524 0.000163003997295164
