Maxent_result_files_1/Bombus_cryptarum_3.asc
NCOLS 594 
NROWS 330 
XLLCORNER -15 
YLLCORNER 23 
CELLSIZE 0.166666666666667 
NODATA_value -9999 
[rows 160 to 179 of 330, columns 92 to 137 of 594]
0.391804507374763 0.523889124393463 0.177526250481606 0.332969668507576 0.22153285741806 0.0120438061654568 -9999 -9999 -9999 -9999 -9999 -9999 -9999 -9999 -9999 -9999 0.332064944505692 0.742429262399673 0.242179110646248 0.449800750613213 0.581028246879578 0.534401845932007 0.617697083950043 0.111616873324734 0.926424109935761 0.685512894392014 0.726741075515747 0.730770266056061 0.737642902135849 0.760707712173462 0.768679857254028 0.705931806564331 0.67796443104744 0.748972022533417 0.738858240842819 0.706613701581955 0.762751710414886 0.760986852645874 0.926424109935761 0.786710178852081 0.778489446640015 0.790047270059586 0.772968876361847 0.731734520196915 0.59579576253891 0.693565225601196
0.28314878642559 0.210593836009502 0.200703866779804 0.305320477485657 0.558662414550781 -9999 -9999 -9999 -9999 -9999 -9999 -9999 -9999 0.7296042740345 0.371542418003082 0.187651470303535 0.408525070548058 0.522106724977493 0.487807756662369 0.518953454494476 0.783209556341171 0.55203897356987 0.749271643161774 0.750352156162262 0.781272089481354 0.685403764247894 0.653101754188538 0.712113857269287 0.656678277254105 0.789309155941009 0.751171100139618 0.744486129283905 0.742820113897324 0.72225911617279 0.589367926120758 0.64285152554512 0.602213418483734 0.684650599956512 0.768127936124802 0.926424109935761 0.739476317167282 0.746022909879684 0.746503835916519 0.738035702705383 0.639798873662949 0.747904628515244
0.319718796014786 0.283847081661224 -9999 -9999 -9999 -9999 -9999 -9999 0.320599611103535 0.352786028385162 0.236601527035236 0.280823609232903 0.173849105834961 0.020794933475554 0.223984540998936 0.346225741505623 0.515482437610626 0.701267445087433 0.578593438863754 0.607279181480408 0.323389995098114 0.324100810289383 0.679630333185196 0.717003238201141 0.926424109935761 0.780152535438538 0.771471571922302 0.352215817570686 0.356400674581528 0.577820521593094 0.766711992025375 0.758665460348129 0.788015508651733 0.79006627202034 0.794351440668106 0.774043732881546 0.671832650899887 0.543431717157364 0.75268942117691 0.915707439184189 0.68415008187294 0.605360674858093 0.645569086074829 0.634882682561874 0.309330308437347 0.622822880744934
-9999 -9999 -9999 -9999 -9999 -9999 -9999 -9999 0.126848132163286 0.15682508200407 0.192566023766994 0.509786331653595 0.102972868829966 0.377318716049194 0.175817108154297 0.500871974229813 0.731488645076752 0.73132660984993 0.43265545964241 0.52197722196579 0.1715107973665 0.417929780483246 0.404379111528397 0.785483324527741 0.791285991668701 0.769612395763397 0.562529802322388 0.467666882276535 0.350209194421768 0.463960111141205 0.451609173417091 0.692161893844604 0.710128766298294 0.671072334051132 0.799990320205688 0.799985456466675 0.799288761615753 0.506045842170715 0.488576263189316 0.7032670378685 0.926424109935761 0.733833801746368 0.60705651640892 0.572325229644775 0.428564360737801 0.492346286773682
-9999 -9999 -9999 -9999 -9999 -9999 -9999 -9999 0.0165427367202938 0.0743168480694294 0.028497689217329 0.027255277056247 0.505068349838257 0.66423174738884 0.567761850357056 0.689432018995285 0.727067363262176 0.413428485393524 0.466723191738129 0.456672272086143 0.47106568813324 0.288402813673019 0.712247651815414 0.767130869626999 0.722770696878433 0.739852267503738 0.601574164628982 0.41554958820343 0.655758512020111 0.719423550367355 0.777574944496155 0.788782382011414 0.780757629871368 0.799298804998398 0.798760116100311 0.787877827882767 0.768201529979706 0.797584068775177 0.794580954313278 0.778652465343475 0.746215200424194 0.562310981750488 0.674321442842484 0.564297765493393 0.612874335050583 0.660248821973801
-9999 -9999 -9999 -9999 -9999 -9999 -9999 0.40353519320488 0.125948888063431 0.107007475197315 0.195024935901165 0.141673809289932 0.353554967045784 0.638021194934845 0.464702576398849 0.674890285730362 0.75242645740509 0.687841266393661 0.581094396114349 0.789551281929016 0.723510670661926 0.797919595241547 0.78330699801445 0.799524223804474 0.798829710483551 0.798594951629639 0.77820115685463 0.797270423173904 0.756682401895523 0.729869115352631 0.720498824119568 0.761489981412888 0.775514912605286 0.741789609193802 0.792914897203445 0.780477333068848 0.779923403263092 0.718366914987564 0.75745684504509 0.574706155061722 0.708134692907333 0.762432622909546 0.687757611274719 0.724931961297989 0.733190625905991 0.693841421604157
-9999 -9999 -9999 -9999 -9999 -9999 -9999 0.289132884144783 0.083704250305891 0.100657112151384 0.0744774855673313 0.0279355817474425 0.383497458696365 0.036393410153687 0.624060475826263 0.36120837032795 0.466320419311523 0.677811521291733 0.692129176855087 0.346089577674866 0.518443989753723 0.79133033156395 0.789456069469452 0.748838150501251 0.763195389509201 0.789206928014755 0.792291790246964 0.735870885848999 0.792097771167755 0.589674931764603 0.792096704244614 0.764313459396362 0.794600194692612 0.774056160449982 0.744320893287659 0.693681651353836 0.76601704955101 0.735662490129471 0.726140928268433 0.634550160169601 0.740854156017303 0.56879518032074 0.242890831828117 0.466024023294449 0.645397055149078 0.672658628225327
-9999 -9999 -9999 -9999 -9999 -9999 0.759321868419647 0.114386042207479 0.260011766850948 0.361465388536453 0.312338870763779 0.0289170684292912 0.150691404938698 0.298896193504333 0.0527674691751599 0.292483520507813 0.252718621492386 0.541349959373474 0.67552649974823 0.646818351745605 0.477523458003998 0.670062577724457 0.574021601676941 0.748056948184967 0.779566597938538 0.727147996425629 0.782584142684936 0.781245744228363 0.766938436031342 0.789224344491959 0.791953486204147 0.783316230773926 0.722730940580368 0.635065048933029 0.63041090965271 0.613497465848923 0.611787295341492 0.629437029361725 0.566285067796707 0.582844233512878 0.646367520093918 0.545584923028946 0.709092950820923 0.55162804722786 0.371258491277695 0.224280855059624
-9999 -9999 -9999 -9999 0.758235788345337 0.223762018978596 0.174847939610481 0.136390333622694 0.0280708225443959 0.142926131933928 0.192489539086819 0.505939573049545 0.270926669239998 0.037946387194097 0.212400173395872 0.406969517469406 0.0669574778527021 0.757767122983932 0.553573143482208 0.705952048301697 0.581712132692337 0.668855631351471 0.776229321956635 0.742960697412491 0.79661750793457 0.797628569602966 0.60692363679409 0.782289427518845 0.798092621564865 0.797950077056885 0.79574528336525 0.72136025428772 0.655930238962174 0.524936294555664 0.625805282592773 0.590724456310272 0.616064161062241 0.599396353960037 0.600279623270035 0.684464812278748 0.653915292024612 0.779764306545258 0.668112540245056 0.587705004215241 0.284109449386597 0.560025775432587
0.312210953235626 0.141677236557007 0.0945810042321682 0.0201678244397044 0.0219832015223801 0.104039530456066 0.307068535685539 0.147595538198948 0.302773052453995 0.0941853318363428 0.16117352321744 0.0347343735396862 0.0373548734933138 0.0466131418943405 0.0560843747109175 0.30339457988739 0.560313200950623 0.540825802087784 0.693258196115494 0.0830376282334328 0.486425429582596 0.357900130748749 0.698372036218643 0.631758642196655 0.584858798980713 0.375933590531349 0.705358403921127 0.772807693481445 0.772667235136032 0.63460881114006 0.667669576406479 0.664459210634232 0.735987228155136 0.498487550020218 0.606456875801086 0.433703878521919 0.524424934387207 0.749563843011856 0.735403633117676 0.50272923707962 0.700172239542007 0.690687471628189 0.732766020298004 0.248281592130661 0.111891727149487 0.225827945768833
0.0178158393129706 0.138174624741077 0.262117767333984 0.104861755669117 0.181723888218403 0.0272902073338628 0.236913280189037 0.334894821047783 0.0318831857293844 0.0896833226084709 0.0357149770483375 0.0427194226533174 0.143698798120022 0.0528412841260433 0.251726394891739 0.369489654898643 0.403514370322227 0.656830841302872 0.475761711597443 0.699602484703064 0.537341320514679 0.458774182200432 0.329940724372864 0.0873122215270996 0.506320703029633 0.575596433877945 0.423725932836533 0.61670161485672 0.506542575359344 0.299045878648758 0.503614890575409 0.422573122382164 0.742969703674316 0.748075902462006 0.743620634078979 0.346329185366631 0.346717122197151 0.401843637228012 0.71065633893013 0.599874126911163 0.563497453927994 0.640951979160309 0.263866752386093 0.464003384113312 0.299098327755928 0.353028133511543
0.124719944596291 0.17367430627346 0.0807704120874405 0.183547274768353 0.364396372437477 0.11902267485857 0.103414481878281 0.183497005701065 0.0918256014585495 0.371283942461014 0.322450000047684 0.145206759870052 0.20536534935236 0.507266050577164 0.451876726746559 0.264557418972254 0.456443411111832 0.726478356122971 0.776697504520416 0.714661860466003 0.512222546339035 0.550837635993958 0.0630505435168743 0.0829318486154079 0.0812883228063583 0.0664913423359394 0.67003567814827 0.494311028718948 0.309228882193565 0.189096722006798 0.191122405230999 0.216575448215008 0.332016515731812 0.688986939191818 0.452262327075005 0.263322019577026 0.240628609061241 0.555905562639236 0.675353157520294 0.659228301048279 0.743776786327362 0.734767073392868 0.636894553899765 0.709093600511551 0.695789486169815 0.317773962020874
0.0183019866235554 0.0907118361443281 0.233428801596165 0.117914487421513 0.195936179161072 0.256037078797817 0.140794989466667 0.0217042336240411 0.191391763091087 0.0359747365117073 0.240556697547436 0.2522315710783 0.480720371007919 0.371917635202408 0.454733121395111 0.361432579159737 0.392247289419174 0.45655782520771 0.351069536805153 0.488166204094887 0.418179413676262 0.48340205848217 0.505353808403015 0.546770906448364 0.428744307160377 0.642207717895508 0.581613212823868 0.594129037857056 0.470744550228119 0.297564139962196 0.455013084411621 0.356855741143227 0.282711088657379 0.179886212944984 0.355993703007698 0.658704376220703 0.137136956304312 0.183470948040485 0.651588177680969 0.461323603987694 0.529365330934525 0.430959179997444 0.643968385457993 0.712777125835419 0.20567615032196 0.251470963656902
0.142368793487549 0.087725667655468 0.0792774423956871 0.0187832526862621 0.18453124165535 0.239353348314762 0.139374345541 0.180998554825783 0.216750703752041 0.352255570888519 0.769876688718796 0.473537757992744 0.617006099224091 0.749060529470444 0.361327636241913 0.260244901478291 0.402504640817642 0.069124224036932 0.400547397136688 0.280619695782661 0.356221055984497 0.399571466445923 0.190116998553276 0.102314238995314 0.210201759636402 0.421804305911064 0.0680583339184523 0.291041612625122 0.233953788876534 0.216274197399616 0.203061072528362 0.116638458520174 0.156487882137299 0.231263799965382 0.41060898900032 0.625159639120102 0.129860810190439 0.197984035313129 0.630776441097259 0.330917105078697 0.21802322268486 0.324406361579895 0.506588518619537 0.168909326195717 0.143260588496923 0.362474545836449
0.284040442109108 0.0668248116970062 0.0893461212515831 0.0828818321228027 0.100376822054386 0.0618938375264406 0.0889848656952381 0.0905065596103668 0.693156033754349 0.566767150163651 0.454951867461205 0.814949697256088 0.755875140428543 0.926424062252045 0.734064429998398 0.615883588790894 0.36729776263237 0.363141578435898 0.368612191081047 0.263695266842842 0.19258578568697 0.161329455673695 0.079275281354785 0.112821612507105 0.276065938174725 0.0338780760765076 0.0602739281952381 0.230291037261486 0.191587562859058 0.130597829818726 0.0846208706498146 0.111975988745689 0.0978789187967777 0.138496661931276 0.342734754085541 0.12444866746664 0.080769232660532 0.104919555783272 0.0861387442797422 0.0814517050981522 0.107936058193445 0.164717949926853 0.329764103889465 0.204698100686073 0.153039845824242 0.122951797395945
0.354858437180519 0.128765715658665 0.110990968346596 0.0846132665872574 0.04971435200423 0.0930667079985142 0.151920576393604 0.196321085095406 0.194609785079956 0.498914670944214 0.770995128154755 0.615718588232994 0.874964153766632 0.778625363111496 0.553387856483459 0.244694603979588 0.296336787939072 0.0354016514495015 0.0286966681480408 0.099476134032011 0.0907324410974979 0.0133919212967157 0.0167771426029503 0.111530674248934 0.0164935570210218 0.451553639769554 0.319732668995857 0.220000638067722 0.217173977196217 0.116186562925577 0.0796510089188814 0.0822821460664272 0.0982568964362144 0.210328108072281 0.308106231689453 0.309422536194324 0.117347683012486 0.0911306966096163 0.0982014052569866 0.144774625450373 0.163758309185505 0.26055660545826 0.312279441952705 0.00918047837913036 0.471533316373825 0.384302750229836
0.0191652090288699 0.114696197211742 0.10337994992733 0.137013152986765 0.139685042202473 0.261194324493408 0.04388597458601 0.202918377518654 0.295064404606819 0.230564002692699 0.191879414021969 0.719051504135132 0.779976981878281 0.729408425092697 0.454275938868523 0.211966040730476 0.210635586082935 0.212099707126617 0.0977117627859116 0.0569068841636181 0.118017654120922 0.010544650722295 0.0774694297462702 0.0208098517730832 0.151909368485212 0.226497028768063 0.188876566290855 0.38009686768055 0.129210498929024 0.0874707225710154 0.0613387811928987 0.0802768725901842 0.0878097429871559 0.104377143085003 0.293933770060539 0.360391095280647 0.491137260198593 0.103221350908279 0.0852136015892029 0.207085999846458 0.252796736359596 0.531116989254951 0.123045156151056 0.159768192470074 0.926424109935761 0.205507877469063
0.102979151159525 0.0718883778899908 0.129449184238911 0.228278124332428 0.190216311812401 0.0524904899299145 0.397950249910355 0.376961359381676 0.0261708935722709 0.0286258798092604 0.207918174564838 0.291118383407593 0.472577980160713 0.268189819157124 0.334190231561661 0.253270594775677 0.205299088358879 0.281067681312561 0.0640606015920639 0.0444662619382143 0.0115307633765042 0.062493459507823 0.11536210924387 0.0962220296263695 0.321162751317024 0.18119028955698 0.13872948512435 0.131989540159702 0.0852822005748749 0.0775913521647453 0.090864722430706 0.0885022774338722 0.0990752264857292 0.145330135524273 0.0767454754561186 0.196442484855652 0.101044422388077 0.0964498646557331 0.455130112171173 0.441068589687347 0.466110017895699 0.472658321261406 0.346817663311958 0.167925256490707 0.311764320731163 0.44956326186657
0.0458590295165777 0.073611830919981 0.0238551178947091 0.10116215236485 0.136126673221588 0.0409449182450771 0.0384419050067663 0.0300071069970727 0.0210635989904404 0.0200976566411555 0.0243315503001213 0.0299391981214285 0.243132004141808 0.428992122411728 0.26604063808918 0.141657687723637 0.142733288556337 0.315509516000748 0.0976344838738441 0.0856265835464001 0.173961445689201 0.15646111369133 0.529309630393982 0.164110858738422 0.16930570602417 0.171974635124207 0.1118727222085 0.0843181818723679 0.0798753201961517 0.0761593542993069 0.077581212669611 0.0981206387281418 0.154093041270971 0.175459146499634 0.230806800723076 0.135928031802177 0.308198474347591 0.263343885540962 0.512959080934525 0.708626782894134 0.625088781118393 0.241986376047134 0.201596137881279 0.1677589610219 0.26077493429184 0.227165961265564
0.186676180362701 0.012794142588973 0.0756239909678698 0.138879299163818 0.0274801446124911 0.121139051765203 0.0899672739207745 0.02868736628443 0.0150018184445798 0.0637962568551302 0.0771767415106297 0.101464655250311 0.0271392604336143 0.135221566259861 0.29349889755249 0.159425567090511 0.16688072681427 0.221166975796223 0.136429861187935 0.150061829388142 0.149049493670464 0.189119742810726 0.165508855879307 0.214908407628536 0.240166403353214 0.154968221485615 0.0751506939530373 0.0713674377650022 0.119406033307314 0.0769231546670198 0.150934635102749 0.161336594820023 0.10036953240633 0.125299831479788 0.0871174737811089 0.257382315397263 0.480396515130997 0.665818268060684 0.543653911352158 0.785524892807007 0.787836802005768 0.573358374834061 0.252696140110493 0.332021054625511 0.297528386116028 0.484935861825943
