Maxent_result_files_1/Bombus_sylvarum_3.asc
NCOLS 594 
NROWS 330 
XLLCORNER -15 
YLLCORNER 23 
CELLSIZE 0.166666666666667 
NODATA_value -9999 
[rows 126 to 146 of 330, columns 46 to 91 of 594]
-9999 -9999 -9999 -9999 -9999 -9999 -9999 -9999 -9999 0.140255439281464 0.140754883736372 0.136094555258751 0.0730883076786995 0.179817779362202 0.175994756817818 0.0924948513507843 0.0680514998733997 0.0798754520714283 0.0440864853560925 0.040995330363512 0.0347216038033366 0.168717908859253 0.315122070908546 0.557241481542587 0.716335082054138 0.817266827821732 0.746724289655685 0.796730089187622 0.814566153287888 0.708212512731552 0.569810521602631 -9999 -9999 -9999 -9999 -9999 -9999 -9999 -9999 -9999 -9999 -9999 -9999 -9999 -9999 -9999
-9999 -9999 -9999 -9999 -9999 -9999 -9999 -9999 0.16185884475708 0.188463562726974 0.171371954679489 0.0974301628768444 0.0848801083862782 0.20675195902586 0.0397252235561609 0.0426860325038433 0.0490531634539366 0.131715828180313 0.13847127109766 0.435455673933029 0.57470651268959 0.53930144906044 0.774908465147018 0.824084359407425 0.846940445899963 0.793944907188415 0.780608284473419 0.726171892881393 0.761129242181778 0.623769038915634 -9999 -9999 -9999 -9999 -9999 -9999 -9999 -9999 -9999 -9999 -9999 -9999 -9999 -9999 -9999 -9999
-9999 -9999 -9999 -9999 -9999 -9999 0.231098218262196 0.189137452840805 0.117740115523338 0.161980111896992 0.0978609338402748 -9999 0.253354141116142 0.19263391494751 0.0705701537430286 0.11523265466094 0.097475715726614 0.0826617628335953 0.0457049075514078 0.206243453919888 0.239575085043907 0.778463166952133 0.829207253456116 0.774157732725143 0.755273056030273 0.76433972120285 0.808123803138733 0.741523170471191 0.722378659248352 -9999 -9999 -9999 -9999 -9999 -9999 -9999 -9999 -9999 -9999 -9999 -9999 -9999 -9999 -9999 -9999 -9999
-9999 -9999 -9999 -9999 -9999 -9999 -9999 0.0769570328295231 0.140230810642242 0.126681734621525 -9999 0.157908442616463 0.376794996857643 0.453267741203308 0.171079914271832 0.135461264848709 0.105231826752424 0.137838244438171 0.218781410157681 0.228831018507481 0.534869158267975 0.704194319248199 0.745316302776337 0.866320192813873 0.664273738861084 0.757488453388214 0.840337079763412 -9999 -9999 -9999 -9999 -9999 -9999 -9999 -9999 -9999 -9999 -9999 -9999 -9999 -9999 -9999 -9999 -9999 -9999 -9999
-9999 -9999 -9999 -9999 -9999 -9999 -9999 -9999 -9999 -9999 0.120319451391697 0.19588293582201 0.380578064918518 0.348181533813477 0.3325399518013 0.210368353128433 0.273440665006638 0.371045118570328 0.405000457167625 0.513153564929962 0.62933457493782 0.640930652618408 0.734428781270981 0.755667233467102 0.794134926795959 0.841411250829697 0.647726684808731 0.646652144193649 -9999 -9999 -9999 -9999 -9999 -9999 -9999 -9999 -9999 -9999 -9999 -9999 -9999 -9999 -9999 -9999 -9999 -9999
-9999 -9999 -9999 -9999 -9999 -9999 -9999 -9999 -9999 -9999 0.191972656548023 0.255858753621578 0.372485664486885 0.48044725060463 0.178796757757664 0.296407616138458 0.60097650885582 0.536000287532806 0.358348897099495 0.537874913215637 0.746364724636078 0.683364742994308 0.609503924846649 0.785882931947708 0.607228100299835 -9999 -9999 -9999 -9999 -9999 -9999 -9999 -9999 -9999 -9999 -9999 -9999 -9999 -9999 -9999 -9999 -9999 -9999 -9999 -9999 -9999
-9999 -9999 -9999 -9999 -9999 -9999 -9999 0.208468042314053 0.118475691974163 -9999 0.291247472167015 0.324540844559669 0.196594762802124 0.254917961359024 0.221739263832569 0.238260896503925 0.573599165678024 0.776720970869064 0.631553113460541 0.312768632173538 0.683778238296509 0.639843755960464 0.765791374444962 0.786886996030807 0.86141928434372 0.879682916402817 0.795085906982422 0.72508652806282 0.734159362316132 0.657817494869232 0.591047817468643 -9999 -9999 -9999 -9999 -9999 -9999 -9999 -9999 -9999 -9999 -9999 -9999 -9999 -9999 -9999
-9999 -9999 -9999 -9999 -9999 0.201450997591019 0.178630070388317 0.27744764238596 -9999 -9999 0.243111057579517 0.362468054890633 -9999 -9999 -9999 0.213414818048477 0.54483072757721 0.578563696146011 0.405003273487091 0.395432758331299 0.579333692789078 0.658781856298447 0.641449671983719 0.660709965229034 0.735475903749466 0.506742489337921 0.739191663265228 0.735388541221619 0.748933255672455 0.683785659074783 0.68559353351593 0.583423066139221 -9999 -9999 -9999 -9999 -9999 -9999 -9999 -9999 -9999 -9999 -9999 -9999 -9999 -9999
-9999 -9999 -9999 -9999 -9999 -9999 -9999 -9999 -9999 -9999 0.590841954946518 -9999 0.370639890432358 -9999 -9999 -9999 0.685620719194412 0.348437088727951 0.553375434875488 0.477311223745346 0.497805243730545 0.53180285692215 0.570881897211075 0.631359374523163 0.62675798535347 0.710802990198135 0.74759846329689 0.750199276208878 0.676479959487915 0.692965263128281 0.709418779611588 0.716560918092728 0.742422705888748 0.602380657196045 -9999 -9999 -9999 -9999 -9999 -9999 -9999 -9999 -9999 -9999 -9999 -9999
-9999 -9999 -9999 -9999 -9999 -9999 -9999 -9999 -9999 0.330966401100159 0.279805517196655 -9999 -9999 -9999 -9999 -9999 0.530390810966492 0.296103143692017 0.309535109996796 0.240841948986053 0.391500681638718 0.349590611457825 0.491376465559006 0.455275756120682 0.446530586481094 0.655430746078491 0.7228699862957 0.766237306594849 0.774142324924469 0.707731527090073 0.520343029499054 0.348177847266197 0.777504986524582 0.765030175447464 -9999 -9999 -9999 -9999 -9999 -9999 -9999 -9999 -9999 -9999 -9999 -9999
0.273508280515671 0.279715117812157 -9999 -9999 -9999 -9999 -9999 -9999 -9999 -9999 -9999 -9999 -9999 -9999 -9999 0.331373617053032 0.354759472608566 0.491399216651916 0.483078968524933 0.426217150688171 0.449645689129829 0.570442461967468 0.44352979362011 0.338413578271866 0.36880190372467 0.632063323259354 0.561344480514526 0.73383731842041 0.671991986036301 0.585619693994522 0.718366003036499 0.769379281997681 0.790911543369293 0.803124952316284 0.757712227106094 -9999 -9999 -9999 -9999 -9999 -9999 -9999 -9999 -9999 -9999 -9999
0.279025009274483 -9999 0.326798549294472 0.288368049263954 0.32147516310215 0.361121183633804 0.301663398742676 0.299678263068199 -9999 -9999 -9999 -9999 -9999 -9999 0.247609885036945 0.612579381465912 0.649977630376816 0.420130497217178 0.643606203794479 0.566277384757996 0.554384309053421 0.651702481508255 0.756969660520554 0.402241778373718 0.444944623112679 0.715554565191269 0.771121066808701 0.510162433981895 0.782857948541641 0.677897870540619 0.762331503629684 0.778459423780441 0.778613358736038 0.803197336196899 0.697465670108795 -9999 -9999 -9999 -9999 -9999 -9999 -9999 -9999 -9999 -9999 -9999
0.175756794214249 0.163517381250858 0.200353583693504 0.218313217163086 0.380463075637817 0.296916544437408 0.375196525454521 0.318361243605614 0.319303649663925 -9999 -9999 -9999 -9999 0.246548610925674 0.277479779720306 0.594318383932114 0.461796894669533 0.336033436655998 0.548824089765549 0.629056048393249 0.362240147590637 0.393577286601067 -9999 -9999 0.47423195540905 0.658388692140579 0.612483364343643 0.758998221158981 0.737037336826324 0.753628313541412 0.716187614202499 0.546778118610382 0.819236123561859 0.773149847984314 0.325974961573208 0.431666566620242 -9999 -9999 -9999 -9999 -9999 -9999 -9999 -9999 -9999 -9999
0.172478310763836 0.140634015202522 0.182290111482143 0.268897897005081 0.359414333105087 0.348434299230576 0.403967675566673 0.476289501786232 0.401670515537262 -9999 -9999 -9999 -9999 -9999 -9999 -9999 -9999 0.240049152076244 -9999 -9999 -9999 -9999 -9999 0.308505412936211 0.402905011177063 0.297977182269096 0.437820613384247 0.53986776471138 0.555669423937798 0.516885328292847 0.54599249958992 0.688551527261734 0.562728768587112 0.74281393289566 0.822743803262711 0.776792532205582 -9999 -9999 -9999 -9999 -9999 -9999 -9999 -9999 -9999 -9999
0.194348853826523 0.198976634442806 0.252995425462723 0.458204853534698 0.359607273340225 0.348239013552666 0.446116700768471 0.336677131056786 0.525760152935982 0.660992300510406 0.265637609362602 -9999 -9999 -9999 -9999 -9999 -9999 -9999 -9999 -9999 -9999 -9999 0.498613947629929 0.455198740959167 0.552369183301926 0.43584988117218 0.529668295383453 0.728934413194656 0.555447745323181 0.569232684373856 0.587260013818741 0.704214608669281 0.754638135433197 0.768164867162704 0.826139718294144 0.816204845905304 0.1703646761785 0.891269272565842 -9999 -9999 -9999 -9999 -9999 -9999 -9999 -9999
0.22606406211853 0.27162524163723 0.432152262330055 0.542455285787582 0.422318968176842 0.393538665771484 0.386872962117195 0.401839062571526 0.377144068479538 0.356097453832626 0.208050951361656 -9999 -9999 -9999 -9999 -9999 -9999 -9999 -9999 -9999 -9999 -9999 -9999 0.5235600233078 0.37749248445034 0.378732371330261 0.436558547616005 0.467275467514992 0.475067898631096 0.514989805221558 0.441573289036751 0.583244997262955 0.663208311796188 0.703303563594818 0.720313864946365 0.767131847143173 0.746996057033539 0.782335340976715 0.7703129529953 0.602410989999771 0.411438423395157 -9999 -9999 -9999 -9999 -9999
0.355857175588608 0.400380820035934 0.388701388239861 0.481581911444664 0.280213391780853 0.310113441944122 0.396211436390877 0.373211240768433 0.382104921340942 -9999 -9999 -9999 -9999 -9999 -9999 -9999 0.497550201416016 0.490427201986313 -9999 -9999 -9999 -9999 -9999 -9999 0.286284103989601 0.454319825768471 0.436574077606201 0.393135917186737 0.516879272460937 0.469227650761604 0.505927634239197 0.501625955104828 0.62282195687294 0.743849408626556 0.698064076900482 0.766020065546036 0.762887614965439 0.774127519130707 0.790407180786133 0.807711857557297 0.823622220754623 0.737246531248093 -9999 -9999 -9999 -9999
0.408467727899551 0.2753054022789 0.297795575857162 0.318726748228073 0.455905815958977 0.283617854118347 0.160641095042229 0.264110878109932 -9999 -9999 -9999 -9999 -9999 -9999 -9999 -9999 -9999 -9999 -9999 -9999 -9999 -9999 -9999 -9999 -9999 -9999 -9999 0.632515317201614 0.51715167760849 0.543130666017532 0.501331686973572 0.583369851112366 0.580403757095337 0.712029826641083 0.799012899398804 0.782961076498032 0.76792905330658 0.812148314714432 0.786487394571304 0.765277606248856 0.796128135919571 0.607890045642853 0.736722755432129 -9999 -9999 -9999
0.397320005297661 0.308354216814041 0.330578485131264 0.493195742368698 0.569974708557129 0.547332298755646 -9999 -9999 -9999 -9999 -9999 -9999 -9999 -9999 -9999 -9999 -9999 -9999 -9999 -9999 -9999 -9999 -9999 -9999 -9999 -9999 0.705960339307785 0.616701984405518 0.577452480792999 0.43450973033905 0.497573947906494 0.741983193159103 0.771092873811722 0.827944296598434 0.79518905878067 0.830938142538071 0.79400400519371 0.890863716602325 0.7766461789608 0.782171434164047 0.60577358007431 0.793058276176453 0.671461623907089 -9999 -9999 -9999
0.293651387095451 0.273717969655991 0.4606419891119 0.555233943462372 0.429069435596466 0.581878805160522 -9999 -9999 -9999 -9999 -9999 -9999 -9999 -9999 -9999 -9999 -9999 -9999 -9999 -9999 -9999 -9999 -9999 -9999 -9999 -9999 0.762092357873917 0.748382943868637 0.735957449674606 0.638635462522507 0.660649520158768 0.600057286024094 0.739140754938126 0.84376659989357 0.96321205496788 0.899892795085907 0.887108993530273 0.781096619367599 0.780061382055283 0.722963881492615 0.658185976743698 0.874768841266632 0.889266788959503 0.632572388648987 -9999 -9999
0.330566889047623 0.315393820405006 0.530366089940071 0.466342318058014 0.438676711916924 0.616711264848709 0.485573041439056 -9999 -9999 -9999 -9999 -9999 -9999 -9999 -9999 -9999 -9999 -9999 -9999 -9999 -9999 -9999 -9999 -9999 -9999 -9999 0.883455812931061 0.826636910438538 0.805130767822266 0.717702770233154 0.624715718626976 0.696972024440765 0.744742131233215 0.827039188146591 0.790519815683365 0.899169725179672 0.857651251554489 0.896820336580276 0.812174999713898 0.776590639352798 0.89678441286087 0.78017064332962 0.854262256622314 0.86166587471962 -9999 -9999
