Maxent_result_files_1/Bombus_humilis_2.asc
NCOLS 594 
NROWS 330 
XLLCORNER -15 
YLLCORNER 23 
CELLSIZE 0.166666666666667 
NODATA_value -9999 
[rows 126 to 146 of 330, columns 460 to 505 of 594]
0.00408467939123511 0.007451640535146 0.0113933034241199 0.00429412689991295 0.00417446733918041 0.00342835516203195 0.00603883331641555 0.00391528708860278 0.00376838154625148 0.00391894157510251 0.0021715544979088 0.00106880619423464 0.00210055763600394 0.00234581358963624 0.0027210395084694 0.00378757144790143 0.00229061305290088 0.00180550686782226 0.0018830353859812 0.00139711381052621 0.00223190954420716 0.00202602201607078 0.00259173241211101 0.00152310755802318 0.00304558537900448 0.00312261050567031 0.00292686177417636 0.00404674215242267 0.00396362538449466 0.00395600898191333 0.00225786363007501 0.00171676493482664 0.000703503112890758 0.0014685153379105 0.0017741775023751 0.00265609711641446 0.00281728461850435 0.00310822855681181 0.00711649940349162 0.00285884644836187 0.00255636511137709 0.00324801503447816 0.00304010596591979 0.00309569471282884 0.00361293393652886 0.00243736918782815
0.00581405097618699 0.00732392086647451 0.00740019516088068 0.00467949793674052 0.00430493094027042 0.00384270222857594 0.00366896714549512 0.0036852759309113 0.0038042459404096 0.0045959108043462 0.00344328715000302 0.00315296358894557 0.00373288996051997 0.00309803774580359 0.00296466879080981 0.00232717884937301 0.00201940322294831 0.00214474151143804 0.0016614685067907 0.00137117799604312 0.00157471101265401 0.00168005706509575 0.00194073513848707 0.00173719613812864 0.00413986325729638 0.00338744453620166 0.00254286922281608 0.00473719129804522 0.00331247565336525 0.00251758316298947 0.00153398936381564 0.00166653778869659 0.00296857357025146 0.00415034571196884 0.00346058348659426 0.0042036022990942 0.00319706122390926 0.00408945160452276 0.00370929276105016 0.00350534678436816 0.00250007200520486 0.00212520632194355 0.00255125818075612 0.00319507231470197 0.00294932518154383 0.00350787583738565
0.0039183939807117 0.00363458686042577 0.0109057927504182 0.00524851540103555 0.00512818228453398 0.00521895850542933 0.00378073195461184 0.00385255275759846 0.00602250695228577 0.0039775139419362 0.00373931559734046 0.00961891710758209 0.00461813933216035 0.00454872592817992 0.0055880740750581 0.00415297923609614 0.00396302898880094 0.00400874332990497 0.0036986707476899 0.00328904439229518 0.00304407806834206 0.00271913312608376 0.00198182520689443 0.00229248303221539 0.00186652307165787 0.00345639018341899 0.00208819708786905 0.00464633961673826 0.00290639626327902 0.00176700663287193 0.00273853436810896 0.00324299146886915 0.00315538832219318 0.00364654171280563 0.00274637518450618 0.00387262047734112 0.0033009369391948 0.00380371501669288 0.00425307578407228 0.0031535062706098 0.00234921758528799 0.00187144174706191 0.00246319725411013 0.00332299008732662 0.0031732005532831 0.00248594630975276
0.00435542005579919 0.00645722569897771 0.00565083036199212 0.00497635928913951 0.00592502984218299 0.00445081640500575 0.00288639481877908 0.00377425011247396 0.00296951306518167 0.00467056303750724 0.00466043017804623 0.00585275609046221 0.00466332894284278 0.00489135610405356 0.006133479392156 0.00618161666207015 0.00435975599102676 0.00419797042850405 0.00303982638288289 0.00302690904354677 0.00270154736936092 0.00320110551547259 0.00268020000075921 0.00249295994872227 0.00238692034035921 0.00267028377857059 0.00142496075714007 0.00246293941745535 0.00334556109737605 0.0024408322176896 0.0020664983894676 0.00274660435970873 0.0031080364016816 0.00224813350941986 0.00277853546431288 0.00271208912599832 0.00263022993458435 0.00237965241540223 0.00183182808686979 0.00179159311228432 0.00210705536883324 0.00207653772085905 0.00164268353837542 0.00232950530480593 0.00160170521121472 0.00390867399983108
0.00706186378374696 0.0070427265483886 0.00451721800491214 0.00420546089299023 0.00405609984882176 0.00433778997976333 0.00274187155300751 0.00382800190709531 0.00380988905671984 0.00426530896220356 0.00398215085733682 0.00426436539273709 0.00612906664609909 0.00391213062684983 0.0042790564475581 0.00407978428993374 0.00344057527836412 0.00413859644904733 0.00374065530486405 0.00136198966065422 0.0012019025918562 0.00054656115535181 0.000984877534210682 0.00103884991258383 0.00297070898814127 0.00191571034956723 0.00328347578179091 0.002572806191165 0.00253642654279247 0.00264869207749143 0.00303916158154607 0.00292022645007819 0.00319140425417572 0.00285715095233172 0.00277126978617162 0.00272197177400813 0.00239936080761254 0.00212543312227353 0.00345592969097197 0.00255840355530381 0.00211067764321342 0.00198789167916402 0.00193389807827771 0.00212236024672166 0.00142109353328124 0.00235792872263119
0.00468297796323895 0.00155590982176363 0.00173645833856426 0.00238199947634712 0.0033226715750061 0.00299046493601054 0.00411750876810402 0.00463567390106618 0.00312983928015456 0.00322146278340369 0.00456442856229842 0.00917202206328511 0.00546298837289214 0.00410411979537457 0.00370145647320896 0.00357392248697579 0.00386299635283649 0.00259605691535398 0.00271394026931375 0.00253777243196964 0.0031760353827849 0.00236381833674386 0.00262263086624444 0.00216766502708197 0.00292624133871868 0.00221384064061567 0.00286408921238035 0.0022578592877835 0.00245900733862072 0.00277151098707691 0.00234676894033328 0.00194441372295842 0.00202749744057655 0.0019905228051357 0.00191138746449724 0.00326580114196986 0.00224446697393432 0.00594054528046399 0.00192915957886726 0.00173954791389406 0.00231493356404826 0.00148706315085292 0.00155140050919726 0.00193653515307233 0.00136091696913354 0.000869004233391024
0.00282219996443018 0.00171150614041835 0.00593900722451508 0.0033962719142437 0.00333859953097999 0.00407815054059029 0.00321530571673065 0.00306658423505723 0.00341753796674311 0.00313896470470354 0.00321762108942494 0.00314185034949332 0.00313768942141905 0.00299680968746543 0.00280459215864539 0.00245840783463791 0.00356712790671736 0.00317873205058277 0.00334693593904376 0.00418920228257775 0.00118159517878667 0.0019143242505379 0.00169379631406628 0.00152742006466724 0.00202789783943444 0.00210520807886496 0.0021949854795821 0.0020222025224939 0.00259160164278001 0.00200232834322378 0.00175096996244974 0.00182429542765021 0.00214955389965326 0.00359170918818563 0.00120054099825211 0.000534471594437491 0.00108470664708875 0.00396710911300033 0.00145786200882867 0.0012865369906649 0.00179513241164386 0.000602102650736924 0.00356205897405744 0.00242491593817249 0.00152503676945344 0.000813354511046782
0.00364145180210471 0.00340206796536222 0.00414598863571882 0.00521400512661785 0.00348227333743125 0.00312446372117847 0.00483194980770349 0.00326401845086366 0.00302021156530827 0.00396036407910287 0.0009054480062332 0.0057610428892076 0.00394568929914385 0.0057924869004637 0.00260130070382729 0.00281509911874309 0.00212049700785428 0.00313711236231029 0.00236668544821441 0.00385684920474887 0.00347545924596488 0.00263070508372039 0.00163751678774133 0.00185518087819219 0.00158239020965993 0.00166886660736054 0.00327552354428917 0.00157048080582172 0.00154751709778793 0.00171014572842978 0.00197702328441665 0.00172953087603673 0.00244982567965053 0.00211936829145998 0.00204377758782357 0.00212598506477661 0.00117174409679137 0.00192968958290294 0.00147007294581272 0.00163672438939102 0.0014876551926136 0.00541229590307921 0.00217598376329988 0.00146330539719202 0.00268511848989874 0.00267725993762724
0.0052785316016525 0.00606069108471274 0.00433906160760671 0.00393425461370498 0.0042080866638571 0.00199415378738195 0.00598966749384999 0.00349758777301759 0.0018335678440053 0.00370348573196679 0.00101182286161929 0.00446321875788271 0.00451924216467887 0.00338330436497927 0.00295474823797122 0.0031344945775345 0.00128404148854315 0.000668892057728954 0.00458448689896613 0.00466964922379702 0.00513972518965602 0.00404809503816068 0.00357177187688649 0.00307828867807984 0.00240000052144751 0.00164432857418433 0.000582233404566068 0.00154383055632934 0.00181451826356351 0.00149274250143208 0.00176180010894313 0.00158606402692385 0.00138885363703594 0.00242246204288676 0.00086789421911817 0.00063738948374521 0.00324494785163552 0.0036782817915082 0.00120911382255144 0.00060717640153598 0.00107549836393446 0.00112729842658155 0.00197239618864842 0.00135464681079611 0.00135862902970985 0.00298070332501084
0.00481235522311181 0.00759329488500953 0.00284021424595267 0.00340804297011346 0.00258763673482463 0.0032136561581865 0.00333214194979519 0.00264537390321493 0.00246728878701106 0.00302749953698367 0.00385875587817282 0.00517162100877613 0.00412366432137787 0.00348801931831986 0.00375855697784573 0.00434969034977257 0.00301376120187342 0.00234906941186637 0.00272760835941881 0.00265722217736766 0.00249195994110778 0.00637085747439414 0.0111685462296009 0.00219345540972427 0.00160904767690226 0.00157222030102275 0.00114251837367192 0.00479602124541998 0.00171974377008155 0.00207456526113674 0.00187584399827756 0.0012558322690893 0.00184804632444866 0.00114971617585979 0.00163962618098594 0.00126125724054873 0.0023339182138443 0.00165358864469454 0.00141252187895589 0.000618862884584814 0.00218560303328559 0.00117539940401912 0.00280161319533363 0.0015407650382258 0.00181332084466703 0.00132083091884851
0.00363141063135117 0.00413570164237171 0.00487427536863834 0.00396346857305616 0.00376379184890538 0.00314501088578254 0.00515362035948783 0.00329454673919827 0.00392749148886651 0.00287211379036307 0.00298828546656296 0.00258665174478665 0.00260498439893127 0.0027142797363922 0.0026438714005053 0.00251712234457955 0.00336683162022382 0.0018895297893323 0.00178924771025777 0.00147987705422565 0.00248779990943149 0.00201180538861081 0.00225725747877732 0.00155157903791405 0.00160399923915975 0.00174253707518801 0.00229817379731685 0.00157976429909468 0.00120803221361712 0.00202248304849491 0.00127100793179125 0.00417921964544803 0.00208527963841334 0.0017544518050272 0.00170941656688228 0.00205031955847517 0.00198541332501918 0.00166264027357101 0.00164112772326916 0.00129548114491627 0.0020443421904929 0.00143654447165318 0.0021466116886586 0.00213525423314422 0.001810868375469 0.00190987946698442
0.00537788211368024 0.00483911654446274 0.00121736589935608 0.00336173679679632 0.00327710877172649 0.00328091837000102 0.00242169075645506 0.00213201197329909 0.00296630496159196 0.00300221306970343 0.00233107748208568 0.0028924164827913 0.00308583418373019 0.00214189817197621 0.00247853881446645 0.00380400298163295 0.00266597076551989 0.00200746313203126 0.00176838807528839 0.0011719957634341 0.00188766774954274 0.00159887740737759 0.00153243206441402 0.00158902570256032 0.00196375137893483 0.00224720105761662 0.0019744151388295 0.00251369309844449 0.00235148614738137 0.00178680564276874 0.00151942144148052 0.00314706726931036 0.0017104423022829 0.00159736266941763 0.00145622763084248 0.00142313580727205 0.0019108826876618 0.0017481223330833 0.00213515799259767 0.00180804451229051 0.001991853187792 0.00195037997327745 0.00169357323320583 0.00181457670405507 0.00159301956300624 0.00268320607719943
0.00371907313819975 0.000643171092087869 0.00316787799820304 0.00286725197220221 0.00340261005330831 0.00283393344143406 0.00280531210592017 0.00313967926194891 0.00215156663907692 0.00311053163604811 0.00217024293961003 0.00649016082752496 0.00246659660479054 0.0020489506307058 0.00417161348741502 0.00404026568867266 0.00409486424177885 0.00245842260774225 0.00204951134510338 0.0031501711346209 0.00233015139820054 0.00161550581105985 0.0015815865364857 0.00160828539519571 0.00156489433138631 0.00175467651570216 0.00206332770176232 0.00281514617381617 0.00292613009223714 0.00193568548420444 0.00152102753636427 0.000647000869503245 0.00152258308371529 0.00117023480124772 0.0011930663313251 0.00204598198179156 0.00187582660000771 0.0019705350510776 0.00202051461674273 0.00193447242490947 0.00178248930023983 0.0020697639673017 0.0018807634129189 0.00131274609593675 0.0315759643912315 0.00923190908506513
0.00431505930610001 0.00497858005110174 0.01349774049595 0.00205134027637541 0.00288989649852738 0.00211345524294302 0.00266310699516907 0.00182217134279199 0.00296215318376198 0.00210306725930423 0.00202616032911465 0.00228083066176623 0.00256374088348821 0.00216258201980963 0.00572131765075028 0.0025950423325412 0.0023351231473498 0.00126823784084991 0.00185411676065996 0.00321556424023584 0.00215169844450429 0.00152547701727599 0.00152442823164165 0.00152840250520967 0.00165542295435444 0.00369972765911371 0.00579067233484238 0.00150221335934475 0.00228504170663655 0.0020883577177301 0.00188886863179505 0.00174716602778062 0.00241819338407367 0.00173396430909634 0.00200820174068213 0.00194620896363631 0.00202426603063941 0.00196975676808506 0.00172035108553246 0.00177652926067822 0.00181975781451911 0.00139545272686519 0.00174616805743426 0.00182731107342988 0.000988008599961177 0.00155912415357307
0.00391594474203885 0.00287766589317471 0.00137362707755528 0.00312649162951857 0.00291584257502109 0.00222679883008823 0.00228064033435658 0.00252458322793245 0.00265656578121707 0.00277274523396045 0.00238470357144251 0.00254877934930846 0.00216299289604649 0.00299473169725388 0.00180177558213472 0.00173912267782725 0.00147885414771736 0.0022459915606305 0.00209372248500586 0.00322790220379829 0.00201099531259388 0.00176268938230351 0.00151575689087622 0.00223456437233835 0.00225171073107049 0.00162166392547078 0.00249192775227129 0.00176092109177262 0.00367032487411052 0.00159846786409616 0.00177875707158819 0.0013929374050349 0.00194930789293721 0.0020461906096898 0.00182855168823153 0.00144586036913097 0.00184339685365558 0.00143733363365754 0.00179561212426051 0.00175534279551357 0.00184769311454147 0.00172093912260607 0.00160054339212365 0.00143463179119863 0.00137350364821032 0.00405770449433476
0.00421005904208869 0.00302373268641531 0.00157972911838442 0.00146172810345888 0.00419635716825724 0.00247142289299518 0.00218937168829143 0.00173095833742991 0.00242931854445487 0.00346797029487789 0.0019307421753183 0.00160611663595773 0.00147235335316509 0.00161149556515738 0.00180436975788325 0.00208493947284296 0.00337682485114783 0.00674566198140383 0.00373560984153301 0.00177003018325195 0.00167493371991441 0.00210921976249665 0.00178487995872274 0.00281991901574656 0.00272125140763819 0.00140567351481877 0.00195676620351151 0.00168526964844204 0.00206443213392049 0.00208559649763629 0.00250833787722513 0.00241135759279132 0.00193416875554249 0.00196508682565764 0.00183051569620147 0.0015985743724741 0.00199278747895733 0.0018048521829769 0.00162325217970647 0.00167160399723798 0.0016900890506804 0.00161147776525468 0.00151031090063043 0.00101657133782282 0.00124724767520092 0.00155248165247031
0.00278483383590356 0.00243698704289272 0.00783772743307054 0.00199662770610303 0.00215147159760818 0.00245540611213073 0.00215072565479204 0.00219847068656236 0.00222306564683095 0.00307769286446273 0.00216377982869744 0.00219942659605294 0.00144651350565255 0.00199456182308495 0.00211876458488405 0.00225662688026205 0.00237328651128337 0.000997953570913523 0.00271354169817641 0.00211740076774731 0.0018409336800687 0.00213738419115543 0.00210661416640505 0.00261491859564558 0.00171436268719845 0.00166087097604759 0.00699715546797961 0.00212401945609599 0.00279089770046994 0.00737639660947025 0.00256869207369164 0.00188295361585915 0.00225825771922246 0.00193027489585802 0.00173949074232951 0.00135467301588506 0.00173863903619349 0.0018279590876773 0.00180471478961408 0.0015791165700648 0.00125913682859391 0.00117502336506732 0.00149575063842349 0.00125430462649092 0.00151304166647606 0.0018148883827962
0.00459834686480463 0.00255301257129759 0.00220366951543838 0.00252206047298387 0.0025224311510101 0.00184169840067625 0.00250468868762255 0.00228549916064367 0.00238681316841394 0.00230364899616688 0.00209807105129585 0.00164378338959068 0.00215166411362588 0.00233251444296911 0.00167311510303989 0.00229846842121333 0.00292035295860842 0.00139373689307831 0.00244772554142401 0.00196121187182143 0.00210736208828166 0.00201360445935279 0.00224371219519526 0.00259102385025471 0.00177260386990383 0.000730652289348654 0.00268714869162068 0.0029710584320128 0.00249500842764974 0.00222305371426046 0.0022132160840556 0.00199736020294949 0.00198246415238827 0.00194614568026736 0.00190763666760176 0.00194874447770417 0.00186914085643366 0.00176077767973766 0.00131751195876859 0.00145772502291948 0.0021038556820713 0.00151238932739943 0.00107636610046029 0.00143268012907356 0.00104060798767023 0.00108348416397348
0.00280518118524924 0.00209947995608672 0.00200384288327768 0.00186652513220906 0.00233655669726431 0.00232697307365015 0.0018641394097358 0.00139380001928657 0.00229947420302778 0.00204698151210323 0.00159869057824835 0.00146060878178105 0.00276357653783634 0.002412662608549 0.00136570908944122 0.0021711973939091 0.00493440530262887 0.00225731757236645 0.00282241549575701 0.00193546350346878 0.00200275160605088 0.00182492210296914 0.00208481579320505 0.00155518515384756 0.00194765899796039 0.00209872794803232 0.00218534447485581 0.00222679821308702 0.00211693320889026 0.00207198020070791 0.00207923921989277 0.00194768126821145 0.00195768922567368 0.00212533505400643 0.00191861058119684 0.00191209727199748 0.00177597880829126 0.0013752116705291 0.00167409634450451 0.00166459799511358 0.00160236986121163 0.00150495654088445 0.00106921389815398 0.000996530934935436 0.000939960364485159 0.000918235239805654
0.0025870549492538 0.00247096444945782 0.00270834430120885 0.00204955235822126 0.00104808220639825 0.00246285049943253 0.0025789211736992 0.00304212846094742 0.0024736096849665 0.00225463492097333 0.00227336609968916 0.0022387255448848 0.00312937210546806 0.00312856476521119 0.00223559585865587 0.00293336573522538 0.00282643081154674 0.00323618591064587 0.00309614357538521 0.00195953141665086 0.00294488640502095 0.00259277618024498 0.00210546355228871 0.0021136018098332 0.00210392151493579 0.00243607312440872 0.00208075495902449 0.00188879158813506 0.00299876536009833 0.00295239195693284 0.00274651718791574 0.00236969999969006 0.0021057145553641 0.00273913127603009 0.00193397963885218 0.00194630953483284 0.00230409038485959 0.00175866445060819 0.00134391442988999 0.0013005624699872 0.00122593358973972 0.00113847120082937 0.00105969374417327 0.00096553765470162 0.000878858391661197 0.000813323722104542
0.00300368871539831 0.00134931950597093 0.0025449876440689 0.00484426142647862 0.00272980073932558 0.00267729514744133 0.00258738958509639 0.00304353771498427 0.00288628267589957 0.00144494621781632 0.0024141141329892 0.00220493344822899 0.00237513076281175 0.00299700670875609 0.01443050513044 0.00235648645320907 0.00196218293858692 0.00251836432144046 0.00308784195221961 0.00213727268856019 0.00299332197755575 0.0030187395750545 0.00224713510833681 0.00219990540063009 0.00209929691627622 0.00211391689954326 0.0021531485253945 0.00308072628686205 0.00298529454739764 0.002173265744932 0.0014638701104559 0.00160739123821259 0.00161177749396302 0.000885041709989309 0.00162859470583498 0.00162642326904461 0.00169931072741747 0.00163214807398617 0.00138764145667665 0.00132862611790188 0.00120683505665511 0.00133506756392308 0.0010654135257937 0.00096867938991636 0.000848058905103244 0.000785023957723752
