Maxent_result_files_1/Bombus_cryptarum_2.asc
NCOLS 594 
NROWS 330 
XLLCORNER -15 
YLLCORNER 23 
CELLSIZE 0.166666666666667 
NODATA_value -9999 
[rows 40 to 59 of 330, columns 184 to 229 of 594]
-9999 -9999 -9999 -9999 -9999 -9999 -9999 -9999 -9999 -9999 -9999 -9999 -9999 -9999 -9999 -9999 -9999 -9999 -9999 -9999 -9999 -9999 -9999 -9999 -9999 -9999 -9999 -9999 -9999 -9999 -9999 -9999 -9999 -9999 -9999 -9999 -9999 -9999 -9999 -9999 -9999 -9999 -9999 -9999 -9999 -9999
-9999 -9999 -9999 -9999 -9999 -9999 -9999 -9999 -9999 -9999 -9999 -9999 -9999 -9999 -9999 -9999 -9999 -9999 -9999 -9999 -9999 -9999 -9999 -9999 -9999 -9999 -9999 -9999 -9999 -9999 -9999 -9999 -9999 -9999 -9999 -9999 -9999 -9999 -9999 -9999 -9999 -9999 -9999 -9999 -9999 -9999
-9999 -9999 -9999 -9999 -9999 -9999 -9999 -9999 -9999 -9999 -9999 -9999 -9999 -9999 -9999 -9999 -9999 -9999 -9999 -9999 -9999 -9999 -9999 -9999 -9999 -9999 -9999 -9999 -9999 -9999 -9999 -9999 -9999 -9999 -9999 -9999 -9999 -9999 -9999 -9999 -9999 -9999 -9999 -9999 -9999 -9999
-9999 -9999 -9999 -9999 -9999 -9999 -9999 -9999 -9999 -9999 -9999 -9999 -9999 -9999 -9999 -9999 -9999 -9999 -9999 -9999 -9999 -9999 -9999 -9999 -9999 -9999 -9999 -9999 -9999 -9999 -9999 -9999 -9999 -9999 -9999 -9999 -9999 -9999 -9999 -9999 -9999 -9999 -9999 -9999 0.942467927932739 0.943939965963364
-9999 -9999 -9999 -9999 -9999 -9999 -9999 -9999 -9999 -9999 -9999 -9999 -9999 -9999 -9999 -9999 -9999 -9999 -9999 -9999 -9999 -9999 -9999 -9999 -9999 -9999 -9999 -9999 -9999 -9999 -9999 -9999 -9999 -9999 -9999 -9999 -9999 -9999 -9999 0.932926392555237 0.951158279180527 0.823428201675415 0.85760577917099 0.743795543909073 -9999 -9999
-9999 -9999 -9999 -9999 -9999 -9999 -9999 -9999 -9999 -9999 -9999 -9999 -9999 -9999 -9999 -9999 -9999 -9999 -9999 -9999 -9999 -9999 -9999 -9999 -9999 -9999 -9999 -9999 -9999 -9999 -9999 -9999 -9999 -9999 -9999 -9999 -9999 -9999 -9999 -9999 -9999 -9999 -9999 0.972235089540482 0.641079673171043 0.35262992978096
-9999 -9999 -9999 -9999 -9999 -9999 -9999 -9999 -9999 -9999 -9999 -9999 -9999 -9999 -9999 -9999 -9999 -9999 -9999 -9999 -9999 -9999 -9999 -9999 -9999 -9999 -9999 -9999 -9999 -9999 -9999 -9999 -9999 -9999 0.927727001905441 0.645835849642754 0.950234150886536 0.146726817503804 0.132156204129569 -9999 0.911160612106323 0.755897355079651 0.605974978208542 0.863290017843246 -9999 -9999
-9999 -9999 -9999 -9999 -9999 -9999 -9999 -9999 -9999 -9999 -9999 -9999 -9999 -9999 -9999 -9999 -9999 -9999 0.919008070230484 0.815348136425018 0.857053697109222 -9999 -9999 -9999 0.863213229179382 0.881514936685562 -9999 -9999 0.940385019779205 0.773231220245361 0.306520005874336 -9999 -9999 -9999 -9999 0.296711644413881 0.12240226380527 0.877940714359283 0.0902123949490488 0.435075110197067 0.646202212572098 0.332603527605534 0.579199823737145 0.546709796786308 -9999 -9999
-9999 -9999 -9999 -9999 -9999 -9999 -9999 -9999 -9999 -9999 -9999 -9999 -9999 -9999 -9999 -9999 -9999 -9999 -9999 0.435499656200409 0.562162151932716 0.241379082202911 0.371618014574051 0.655752664804459 0.875024354457855 -9999 -9999 0.117479812854435 -9999 -9999 -9999 0.809493243694305 -9999 0.673538029193878 0.449719920754433 0.688018691539764 -9999 0.711667144298553 0.649729233980179 0.363229423761368 0.326533721387386 0.296833924949169 0.442733514308929 0.250016014277935 0.390839698910713 0.491027817130089
-9999 -9999 -9999 -9999 -9999 -9999 -9999 -9999 -9999 -9999 -9999 -9999 -9999 -9999 -9999 -9999 0.455497702211142 0.172165672318079 0.627381056547165 0.513745757937431 0.622257077693939 0.344429084658623 0.821466445922852 0.590794694423675 -9999 0.535199362039566 0.0510098929400556 0.117592883319594 -9999 0.900343757867813 0.708636543154716 0.531841567158699 0.470074290037155 0.391760292649269 0.126084840297699 0.135403355956078 0.510072776675224 0.599599802494049 0.612461769580841 0.480655631422996 0.385184329748154 0.345149445533752 0.267541445791721 0.22014873996377 0.251177559792995 0.393720096349716
-9999 -9999 -9999 -9999 -9999 -9999 -9999 -9999 -9999 -9999 -9999 -9999 -9999 -9999 -9999 0.738604384660721 0.689297741651535 0.474583598971367 0.592341327667236 -9999 0.405306819081306 0.238216233253479 0.511758133769035 0.292371781170368 0.830356758832931 0.378855124115944 0.0784269133582711 0.918340295553207 -9999 0.613253888487816 0.323847781121731 0.51326425075531 0.358458322286606 0.371814104914665 0.292128890752792 0.4264399304986 0.249970687925816 0.286710397899151 0.468238469958305 0.239062762260437 0.27117595076561 0.150800140947104 0.131203923746943 0.26628985106945 0.288913019001484 0.0828794591128826
-9999 -9999 -9999 -9999 -9999 -9999 -9999 -9999 -9999 0.718391621112824 0.691530513763428 0.750494849681854 0.316767236590385 0.289790867269039 -9999 0.422106137871742 -9999 0.747632265090942 0.320130503177643 0.656159174442291 0.344727471470833 0.356447374820709 0.41738359183073 0.375926297903061 0.233097040653229 0.209470718726516 0.790288504958153 0.909898400306702 0.627136528491974 0.349774646759033 0.340978860855103 0.301067131757736 0.201066809892654 0.349852003157139 0.475316098332405 0.500286456942558 0.377604542672634 0.130705927312374 0.259272736310959 0.248320919275284 0.111943217739463 0.0497009910643101 0.0540720622986555 0.273011654615402 0.0582728080451489 0.04000383913517
-9999 0.908714479207993 0.940390777587891 -9999 -9999 -9999 -9999 -9999 0.687876915931702 0.453697702288628 0.258943925797939 0.259718775749207 0.142626944184303 0.333223102986813 0.493547809123993 0.172560436278582 0.233813166618347 0.342268139123917 0.348589593172073 0.423104250431061 0.212286719679832 0.374013084173203 0.355180338025093 0.483962070941925 0.293972085416317 0.563766479492188 0.690276962518692 0.353149902820587 0.433902868628502 0.257919284701347 0.161605890095234 0.269519095122814 0.165951415151358 0.13817193210125 0.146507896482944 0.326111593842506 0.0639769949018955 0.165252057462931 0.15523854419589 0.102340011671185 0.0428035644814372 0.0645216587930918 0.0747566282749176 0.0334656065329909 0.0550682384520769 0.062542799115181
0.508988881111145 0.923713421821594 -9999 -9999 -9999 -9999 -9999 -9999 0.663424798846245 -9999 -9999 -9999 0.474668037891388 0.364523357152939 0.248660488426685 0.209668409824371 0.29951063990593 0.171914736926556 0.282716891169548 0.380777966976166 0.40533392727375 0.320835311710835 0.349988913536072 0.293911178410053 0.248464471101761 0.174288500845432 0.178051844984293 0.185179048776627 0.204127177596092 0.13902954608202 0.163702270388603 0.124639047682285 0.117927745729685 0.134989558905363 0.162388228625059 0.0881043259054422 0.0480080623179674 0.0482953004539013 0.0437804266810417 0.0740306790918112 0.0321406600996852 0.0301380899734795 0.0911469209939241 0.0321330891922116 0.00876014663372189 0.0103557786438614
0.562111455202103 -9999 -9999 -9999 0.511203989386559 -9999 -9999 -9999 -9999 0.929530709981918 -9999 0.612732166051865 0.349087569117546 0.165888337045908 0.171852580457926 0.22589131295681 0.213858258724213 0.346808832883835 0.354603064060211 0.297442533075809 0.33500060737133 0.320740783214569 0.402170410752296 0.589667084813118 0.392724800109863 0.206060732901096 0.168324453383684 0.168683508038521 0.250795888900757 0.141466041654348 0.115061884373426 0.221900226175785 0.2573924690485 0.235154937207699 0.14706659913063 0.142702627927065 0.105214300751686 0.0446286302059889 0.0346607629209757 0.0549131663516164 0.0277495487593114 0.0250498201698065 0.0189987942576408 0.0111309199593961 0.0081894809845835 0.0266846109181643
0.492379632592201 0.464468485116959 0.566734036803246 0.158463122323155 0.0831709208898246 -9999 -9999 0.847582739591598 0.629122471809387 0.931089490652084 0.47477855682373 0.405770376324654 0.217885163426399 0.24207528680563 0.21377035677433 0.206293319910765 0.449629029631615 0.32773579210043 0.314730601012707 0.208319687843323 0.246069703996181 0.274533800780773 0.465945783257484 0.367091491818428 0.444878163933754 0.335762313008308 0.159885770827532 0.142960228770971 0.136173959821463 0.194317203760147 0.0538661109283567 0.0520639160647988 0.0524423111230135 0.100958700105548 0.0582776635885239 0.119918125867844 0.0546936005353928 0.0497660575434566 0.0476198077201843 0.0521643815562129 0.0287419530563056 0.0283864167518914 0.0325317122042179 0.017670388892293 0.0261060271412134 0.0132709016092122
0.411973324418068 0.523370984196663 0.369213673472404 0.324368388950825 0.122943389043212 0.108021773025393 0.0281168023124337 0.348462058603764 0.236055615544319 0.122452281415462 0.27195637524128 0.436232915520668 0.302429094910622 0.31303952485323 0.496779775619507 0.261065648496151 0.172836001589894 0.478147286176682 0.457551348209381 0.224999223649502 0.197725340723991 0.211096154153347 0.225094796717167 0.205387276411057 0.255725152790546 0.102108795568347 0.20002179145813 0.19403460919857 0.274530002474785 0.110184724628925 0.0662290554493666 0.0436145253479481 0.0437230812385678 0.0437630780041218 0.0479864766821265 0.0470357391983271 0.0641282124444842 0.1320985019207 0.12090555652976 0.21154302880168 0.0226586643606424 0.0873280569911003 0.055409549549222 0.0340533782728016 0.0196797522716224 0.0162956448737532
0.562532353401184 0.595990684628487 -9999 0.784790658950806 0.491005057096481 0.0916890855878592 0.278723512589931 -9999 -9999 0.822243422269821 0.908212280273437 0.654774630069733 0.564163768291473 0.681536889076233 0.365451031923294 0.259023866057396 0.364332915842533 0.294048103690147 0.336510954797268 0.37439352273941 0.369280880689621 0.254072603583336 0.367431636154652 0.278338897228241 0.153995388746262 0.201107104867697 0.115739457309246 0.04302470497787 0.0475877497345209 0.0485458645969629 0.0451705824583769 0.0798535039648414 0.0395721014589071 0.0395948002114892 0.0575134484097362 0.0577220613136888 0.0409402949735522 0.039955347776413 0.195151491463184 0.168746606260538 0.210709574073553 0.20248227417469 0.178717084228992 0.195673599839211 0.154876051843166 0.133041021972895
-9999 -9999 -9999 -9999 0.329427301883698 0.0285749350208789 0.0491301586851478 0.578441008925438 0.365730798244476 0.347752425074577 0.813199180364609 0.666836765408516 0.236824518442154 0.120085211470723 0.109666844457388 0.263108864426613 0.248598495125771 0.428307166695595 0.195130451023579 0.246277564764023 0.306597974896431 0.396002197265625 0.347103148698807 0.17441099435091 0.247441416978836 0.217005532234907 0.290812730789185 0.252054215967655 0.0638685615733266 0.0795850329101086 0.0764319753274322 0.0464930444955826 0.06091199349612 0.043824352696538 0.0357643181458116 0.0582783754914999 0.140931142866611 0.238207387924194 0.21244093477726 0.251599099487066 0.272213236987591 0.261220890283585 0.336246363818645 0.335793142020702 0.32318688929081 0.371803364157677
0.564439499378204 0.14734695032239 0.234989496320486 -9999 0.513884037733078 0.102795374451671 0.448987284302712 0.377006591111422 0.847774904966354 0.628777691721916 0.666965252161026 0.55485383272171 0.163436372950673 0.105311501398683 0.0870059084147215 0.101575077325106 0.0911747999489307 0.0699820101261139 0.0738167572766542 0.156822063028812 0.34879624247551 0.293339678645134 0.201030872762203 0.185940682888031 0.192658938467503 0.261417016386986 0.232229892909527 0.382292917370796 0.426381246745586 0.346395547688007 0.222893780469894 0.250605790317059 0.304255410283804 0.339377221465111 0.241266475617886 0.242711120843887 0.204721100628376 0.206213696300983 0.205618004500866 0.255494403839111 0.255661264061928 0.302301360666752 0.227965149283409 0.361614289879799 0.35953436344862 0.308798687160015
