Maxent_result_files_1/Bombus_wurflenii_2.asc
NCOLS 594 
NROWS 330 
XLLCORNER -15 
YLLCORNER 23 
CELLSIZE 0.166666666666667 
NODATA_value -9999 
[rows 120 to 139 of 330, columns 450 to 494 of 594]
0.000278575029369676 3.11720738864096e-05 1.91287004781771e-05 5.7807970392787e-06 4.87403966360489e-06 4.94792192284876e-06 4.6568962289939e-06 4.17960719971688e-06 2.98487007768244e-06 1.01305746284197e-05 1.1030340169782e-05 5.46543541304345e-06 5.74940295337001e-06 6.06138798957545e-06 5.6616293704792e-06 4.89491587813973e-06 4.8594912527733e-06 3.93258620761117e-06 7.72201361698421e-07 9.74381669038849e-07 1.53365715647169e-06 1.5018260484112e-06 2.45305393491435e-06 3.65359370562146e-06 1.845159974323e-06 4.45173940377686e-07 2.01055574056141e-07 1.2213323481447e-07 7.55702572075023e-08 1.91696354034931e-07 2.30257620192909e-08 1.72559893374391e-08 1.83320596036651e-08 5.88219464248141e-07 4.9376906474663e-07 1.2404770586727e-06 1.35639926099884e-06 4.55068416727045e-07 1.66788173601162e-06 8.03085094780442e-07 1.86016545455914e-07 4.93656424680466e-06 1.63974276574663e-06 3.0887613604591e-07 1.70988109537973e-07
5.23597234860063e-05 6.81753979847599e-06 2.31620428166934e-05 1.83213806849381e-05 2.10311514820205e-05 1.79710358679586e-05 1.03361799347113e-05 8.96160913725907e-06 4.39163669625486e-06 8.99918102277297e-06 9.57693087002553e-06 7.01626238424069e-06 6.69835399094154e-06 6.40107454046301e-06 2.66093953769087e-06 1.18226384557829e-06 2.78884290310089e-06 4.75609822387923e-06 1.24738566228189e-05 2.42914095451852e-06 2.43418029981513e-06 1.01902651010732e-06 2.34748811749341e-06 1.06928050769284e-06 2.1968709745579e-06 2.55314122341588e-06 8.81861828361252e-07 2.31949024431799e-07 1.19826723565808e-07 1.0695854530951e-07 1.02707275040359e-07 2.43736985439114e-07 1.05026087169335e-06 2.02609151074284e-06 1.58004475281359e-06 7.0007618830914e-07 9.66189129769646e-07 2.65790491766893e-06 1.6795903604816e-06 2.34972172847847e-06 1.64852611419519e-06 4.80125194144421e-06 2.90778356202281e-06 2.06577885251136e-06 2.75807536809225e-07
2.03582847007056e-05 5.54143009139807e-05 2.78933680419868e-05 2.61293982475763e-05 2.40592124100658e-05 2.29988487262744e-05 1.85848770797747e-05 1.88633770449087e-05 1.67015477927634e-05 1.34538609472656e-05 9.17756581202411e-06 7.06893563346966e-06 3.50840101077665e-06 7.14504992629372e-06 5.84771278226981e-06 4.23718964839281e-06 4.291114521493e-06 4.5204122557152e-06 5.40677194749151e-06 1.45196060657327e-05 4.74961425425135e-06 4.19294090079347e-06 1.96350637224896e-06 2.89487102804742e-06 2.1468040927175e-06 2.32087194262931e-06 1.87114760024087e-06 1.05111399761881e-06 6.14964795886408e-07 8.36317116181817e-07 7.65787049772371e-07 1.05388572393395e-06 7.48580740150828e-07 2.01533532617759e-06 1.69873615618599e-06 1.00377378942085e-06 1.05324402284168e-06 1.09334154672069e-06 4.93412200341936e-07 2.74168181704226e-06 6.55749799705063e-07 2.54033922146846e-06 2.05092082978808e-06 1.8626727580795e-06 2.0406600987144e-05
2.43265749304555e-05 6.89031430738396e-05 8.18543962850527e-06 1.78123239948036e-05 2.29194276471389e-05 2.51965321695025e-05 1.71390527611948e-05 1.45609267747204e-05 9.3655131649939e-06 1.01696586852995e-05 1.05481382888684e-05 3.9195025965455e-05 7.95118276073481e-06 2.26392861009117e-06 4.6407303216256e-06 4.04124399437933e-06 4.95648910145974e-06 4.12677942449591e-06 3.83519518436515e-06 3.05208619693076e-06 4.64281291669977e-06 4.74983232834347e-06 4.0010716929828e-06 2.92137257247305e-06 1.47882866201599e-06 1.75885043063317e-06 1.41317513282502e-06 1.32705255282417e-06 1.61614401292809e-06 2.02490419383139e-06 1.05947096074033e-06 2.13387922887165e-08 2.13033532148188e-07 2.86227503210057e-07 9.89631948300485e-07 3.69279285905577e-07 3.78438994630415e-07 4.15269978049082e-07 5.01510015027407e-07 1.22028408355845e-06 1.40889086974738e-07 5.0234898594681e-06 2.14329118080059e-06 1.21811777660241e-06 2.45968893608506e-07
4.00773851652048e-05 9.89380378086935e-06 7.18694896931993e-05 1.76937890500994e-05 5.76572331567604e-06 6.68892570274693e-06 4.40218676374116e-06 3.54457126263696e-06 3.73498975534403e-06 3.92427914164273e-06 2.90204706061559e-06 7.61802336910478e-06 5.05427718167084e-06 2.76822687510503e-06 1.77079241865385e-06 5.62496106795152e-06 4.37009476854655e-06 3.1101037109238e-06 3.35785811103051e-06 3.03350109334133e-06 3.75055818722103e-06 3.31448927681777e-06 2.02118838501519e-06 2.45957140805331e-06 1.65989072797856e-06 9.92823832746126e-07 3.00289771004714e-07 5.18479779998415e-07 7.51739177928812e-07 8.73287922331656e-07 1.31405227250525e-06 1.73163974181989e-06 3.30491952809098e-06 2.14830009213074e-06 1.96431200265579e-06 1.36469789140392e-06 6.1347712545512e-07 9.72661757714377e-07 4.4535169152482e-07 9.36450665278699e-07 2.20210388874875e-06 2.2011479302364e-06 7.89045760996032e-07 2.84398240069095e-07 9.99876095697516e-08
1.63231145961618e-05 3.43923087712028e-05 1.31894709340941e-06 3.13698607897095e-05 1.16516640673581e-05 1.45383859944559e-05 5.29289724511273e-06 5.60662644772947e-06 3.80052380933194e-05 3.795821884367e-07 5.63997181188825e-06 5.0439291044313e-06 6.94718105478387e-06 7.14868731392926e-06 6.09261717272602e-06 5.63234518722311e-06 3.99283031811137e-06 4.61353539549236e-06 3.72656750187161e-06 2.76972438086887e-06 3.56034676087802e-06 3.15152346956893e-06 5.23671955079408e-06 2.74454265536406e-06 1.96094963484938e-06 4.99840915679783e-07 3.10617442345062e-07 1.08558907641054e-06 1.33673899540554e-06 1.29354419584615e-06 1.13071722580571e-06 1.04392873367942e-06 6.26172192141894e-07 3.39235963053852e-07 9.29003233451908e-08 3.0461865847542e-07 4.27128386348841e-07 1.33900845327162e-06 3.54068986041511e-07 4.22375286746046e-07 7.27178941417606e-07 1.05547243265391e-06 2.87527336695348e-07 2.76246099106814e-08 8.45454291464875e-08
3.48070736890804e-05 1.09639779452664e-05 1.00553284255511e-05 0.000168636427588353 2.68360326117545e-05 2.84985881080502e-05 5.36785509837046e-06 1.05407592627671e-05 3.58734498036029e-06 2.20969494648671e-06 8.18087937659584e-06 8.04757573860115e-06 2.05282301521947e-05 7.0564952238783e-06 4.20451523268639e-06 5.14825460413704e-06 1.09335348497552e-05 5.11900027504453e-06 4.21627225932752e-06 3.20726270501837e-06 7.38757800888834e-07 4.93100956333592e-07 5.16131660788233e-07 1.61856107752101e-06 1.36787217002166e-06 1.87121176509208e-06 8.91815807335661e-07 4.94670057804569e-07 5.71193780274371e-07 1.05888500190332e-07 3.60758032513786e-07 4.663333598387e-07 9.48563405245295e-07 4.09355080677187e-07 4.56495075695784e-07 9.10682410903974e-07 1.12285239879384e-06 4.21548880069622e-07 5.45001009299995e-07 1.56757764671056e-06 6.6617253082768e-07 6.33487123025134e-07 1.25612495871508e-07 2.31618103363473e-07 7.39558420548292e-07
2.49229402470519e-05 1.45172724614895e-05 4.79656730021816e-05 0.000564623410173226 6.1203062068671e-05 5.33377868123353e-05 2.82270097159198e-05 4.64399303382379e-05 1.84570470537437e-05 1.66182064731402e-05 1.52590243487793e-05 1.59475443069823e-05 2.68085027528286e-05 8.16085255337384e-06 7.89229759448062e-06 6.30810811799165e-06 5.66010071452183e-06 4.72243075364531e-06 4.34775729445391e-06 4.21852835188474e-06 3.43931715178769e-06 2.59038630474606e-06 2.48388827799317e-06 1.75615037392163e-06 1.43984805731634e-06 6.83402769396935e-07 9.68756981478691e-07 9.36977505716641e-07 3.70091475687673e-07 1.3222078680819e-07 4.36996442942927e-07 4.82440390214833e-07 4.23562935480959e-07 5.71832396190075e-07 1.17408268636154e-06 3.54807368125876e-06 3.86880950600243e-06 6.60046148936999e-07 1.29218413462695e-06 7.56202237539583e-07 2.16640188632766e-07 5.70100928598549e-07 7.5257269429585e-07 9.22656431612268e-07 2.64146066228932e-06
1.87693098496311e-05 3.32509213876619e-05 1.12009534632307e-05 2.98461659440363e-05 4.29427587732789e-05 2.53315928603115e-05 5.24611799846753e-05 1.97034269149299e-05 1.88061527296668e-05 2.47698087150638e-05 5.55352246465191e-06 1.87763463600277e-05 1.60646475251269e-05 7.15639648660726e-06 6.09896296737134e-06 3.69640484905176e-06 2.1758752200185e-05 2.0185451649013e-05 2.49141671702091e-06 1.58135116521407e-06 2.26772772862205e-06 1.66967845416366e-06 4.79749569421983e-06 4.52742173138176e-06 3.67352560033396e-06 2.70597450935384e-06 2.49677936494663e-06 2.288412940743e-06 3.08637537500545e-06 2.73747045298478e-06 2.52030900469435e-06 2.7095246537101e-06 2.10264360021029e-06 3.19408147220201e-06 1.74571989646211e-06 5.4310530543944e-07 2.00209456124867e-07 2.88076814740634e-06 9.86736853292314e-07 4.40694707748435e-07 1.17401459078792e-06 3.01573828664914e-06 1.75022260577862e-06 1.75386739442729e-06 6.3177686911331e-06
2.34340360293572e-05 2.23026606363419e-05 1.15575199743034e-05 8.62286769915954e-06 7.4229770632428e-06 1.37893582859761e-05 6.98336822324563e-06 1.74309427620756e-05 5.64149304409511e-06 9.63752165716869e-06 2.05360704512714e-06 9.27472447074251e-06 9.58398227339785e-06 6.05747952704405e-06 5.69712426568003e-06 5.37437072125613e-06 8.97898107723449e-06 1.43751404721115e-05 6.58618578199821e-06 4.24575387114601e-06 1.84305056905032e-06 2.3068077894095e-06 4.0754113570074e-06 4.56174076362004e-06 3.37723149641533e-06 2.9562605107003e-06 1.64598292258233e-06 8.11690736668424e-07 4.72300254159563e-06 1.14806711621895e-06 7.76021192905318e-07 8.9056054264347e-07 1.4126494249922e-06 1.27491662169632e-06 1.59727966604351e-06 2.69660510525682e-06 2.27350309245367e-07 1.0553812614944e-06 7.82055559511718e-07 3.84411971481313e-06 2.61949242030823e-06 5.71507728182041e-06 3.81698814635456e-06 3.68250526889824e-06 3.39728371159254e-06
1.93490639730953e-05 1.87675839242729e-05 1.97528251419499e-05 1.80370996076817e-05 1.54404087879811e-05 5.43232121117399e-06 1.99411142602912e-05 1.5650554360036e-05 2.78070567674149e-06 4.39451932265911e-07 7.57480893298634e-06 1.15364116027195e-05 1.58850842126412e-05 8.13743595244887e-06 5.92702451740479e-06 5.19447032729659e-06 5.09514389932519e-06 5.39847927711889e-06 9.95550969946635e-06 4.29417731311332e-06 9.63340094131127e-06 1.8679323318338e-06 4.82311910445787e-06 8.23744044282648e-06 2.05765885539222e-06 2.66387894498621e-06 1.71790376839454e-06 1.38473078266088e-06 8.99666690656886e-07 3.63846574202853e-07 1.17413215150464e-07 5.65182991074664e-08 6.08060732876226e-08 1.17845381453208e-07 2.42119181237399e-07 2.86987555142559e-07 8.66536811372498e-07 8.4831855815537e-07 1.763572896607e-06 7.82177772862269e-07 1.06613092611951e-06 9.31866458131481e-07 8.64426360180914e-07 2.08156530447923e-06 1.82248891746895e-06
1.86025398761558e-05 2.48521919729683e-05 1.48688488025073e-05 2.07525233236083e-05 1.18576789645886e-05 1.45433300076547e-05 2.14025091736403e-05 1.54794372519973e-05 5.64205643058813e-06 1.32479678995878e-06 3.03371656400486e-06 3.23359100207199e-07 6.59808567604614e-07 1.07374786466607e-06 1.16741640340479e-05 6.77465525313892e-06 4.92403730731894e-06 1.27327367863472e-05 6.29541868875094e-06 4.69232388695673e-06 2.34995776509095e-06 4.20764898763082e-06 3.00114455740186e-06 2.07482851237728e-06 1.61911712552865e-06 1.34709908650166e-06 1.23440260324514e-06 6.97181130249192e-07 4.75161363056031e-07 3.16519182064212e-07 1.98763946457348e-06 7.3827224582601e-07 9.12136141550945e-07 6.07471397984227e-07 8.13201728533386e-07 2.16512880797381e-06 7.97592636558875e-07 3.28917042793364e-06 2.15281485793639e-06 2.49216679435449e-06 3.88637349715282e-06 2.41915243464064e-06 2.73325679813752e-06 2.52644178431183e-06 2.29719163371556e-06
1.28154348885801e-05 1.14953392653661e-05 1.63632158773908e-05 4.86290144294799e-06 1.24659913751657e-06 4.0999400880537e-06 8.04300973413774e-06 1.81290428372449e-05 4.34409449781015e-06 5.59248703666526e-06 1.49538951461636e-06 4.0324999446284e-07 1.16590644665848e-05 1.1541457979547e-05 1.09641792278126e-05 8.11154111488577e-06 1.17764257936415e-06 6.63443247503892e-06 5.94711519852353e-06 5.25343665458422e-06 4.71526897172225e-06 3.42872810961126e-06 3.4339309081588e-06 3.53302764324326e-06 2.88706713718057e-06 1.81224628477139e-06 9.96397511698888e-07 1.2963659912657e-06 5.49417786999129e-07 2.65249805408985e-07 5.01072729974794e-08 1.89505325920436e-06 1.3124860345215e-06 9.52248393559785e-07 2.21541887981402e-06 6.00045359533397e-07 7.16541843814866e-07 1.71951190566233e-06 6.8002482294105e-07 2.10061559187125e-06 1.63803223642844e-06 2.0810555213302e-06 6.62591340727658e-07 1.1833567619135e-07 5.70584395731544e-08
2.20207081838453e-05 1.08886945668019e-05 1.08277371509757e-05 7.49317039208108e-06 4.04472540367351e-06 1.4953914671878e-06 9.16025339847692e-07 2.65218524191369e-06 2.70400263389092e-06 6.26137108383773e-08 1.09587175813886e-06 8.58132741754503e-08 2.125545609033e-06 1.17034475806577e-05 1.41506608883901e-06 7.9341799391841e-06 1.29439703187018e-06 6.09188542739503e-06 3.56191682158169e-06 6.16513817419673e-07 2.50007504032368e-08 9.49353454871016e-07 5.19240531957621e-06 1.26198077339268e-06 1.96881569536345e-06 2.35403633297437e-07 6.86828684592911e-08 3.03175774973852e-07 3.65935200363765e-07 1.55446461178599e-06 2.8902566157285e-06 1.66410525253013e-06 4.77234909368462e-07 1.85745419400973e-07 3.3518736302085e-07 4.12485108824967e-07 1.59704489703927e-06 1.02983429997039e-06 8.93837476212411e-07 1.62888239856329e-06 1.49261575757009e-06 1.80897168888805e-06 3.22431291444047e-08 1.6979668959749e-08 1.75379381239793e-08
2.89524634354166e-05 2.28600696345893e-05 1.29801909224625e-05 2.81943378013239e-06 8.40721256736288e-06 2.30297208872798e-05 5.86801461395225e-06 6.26637129244045e-06 4.11149842420855e-06 5.13545835900686e-07 1.98884965243451e-06 7.75721487116243e-06 1.57566079906246e-05 2.35415362936919e-07 3.51647857996795e-06 6.61531744583499e-07 2.70005961056086e-06 8.16200099507114e-06 1.75471006258476e-07 3.34560971850806e-06 6.19921122879674e-08 7.33577927292117e-07 8.57733343195832e-07 4.52731927680361e-06 2.66577264369516e-06 2.48120914534411e-06 6.44172729380443e-08 5.35431381010199e-08 2.31562490426995e-07 3.25638023923602e-07 6.04960011685307e-07 5.39227616513927e-07 1.93667145609311e-07 4.03235171120286e-07 6.18210707159506e-07 1.46024862317518e-06 1.33502279675568e-08 1.10700497089056e-06 1.94944121645335e-07 1.44175511351818e-07 9.65469234870397e-07 1.0739108887492e-06 5.86901726773448e-08 3.16437958503002e-07 3.54670147695302e-09
3.33679335653869e-05 5.91787154462509e-06 1.45887201483674e-06 1.88850992344669e-05 3.82546977562015e-05 1.18055328584887e-05 3.55071138073981e-06 3.19721804231676e-07 8.05195138582349e-06 2.07176905746564e-06 1.82310504328598e-06 3.63537521934632e-06 7.05475033555558e-06 1.01565442491847e-05 4.33519836633423e-06 3.23240411148618e-06 1.42028966365615e-06 3.48450488445451e-06 2.09731638278754e-06 3.32059492507142e-06 3.38988523367334e-06 2.02597223619705e-06 1.16533713026001e-06 8.0566614997224e-07 6.05777027828935e-07 1.22806686420063e-06 5.00376110323941e-07 2.74389238086314e-07 6.86916028769247e-07 4.51912057997106e-07 1.7093753399422e-07 0.000993015905987704 1.30203519574934e-06 6.99514289692615e-07 1.08887928433887e-06 1.14525863068593e-06 5.54391351492711e-08 9.2362280312841e-08 1.02780437671868e-07 1.00147625303748e-07 7.9964136467936e-08 4.00144983370154e-08 3.05261262933954e-08 4.82774428434141e-08 4.17087168358421e-08
5.32579462742433e-05 1.24854529531149e-05 1.6277497570627e-05 2.863526742658e-05 1.6400546701334e-05 2.20808994072286e-05 1.78375560608401e-05 1.30848718981724e-05 1.04673623241069e-05 1.85876515956807e-07 1.59621056354808e-06 5.6670428350003e-07 1.88843451383036e-06 5.28428046209228e-07 5.17976820901822e-07 4.52830992117015e-06 1.43853129088711e-06 2.43532039689853e-06 3.17390184250144e-06 2.81974278664165e-06 2.85396146182393e-06 2.70541147529002e-07 1.38036474197634e-06 1.9177677557991e-06 1.02926001233072e-06 2.11711923725488e-06 8.75562432156585e-07 9.33675417513769e-07 8.21760642111258e-07 4.74482954615496e-07 2.84423142460355e-07 8.8453075477446e-07 7.25738121332142e-07 8.37510165752065e-07 1.10374317898732e-06 3.84734320135749e-07 2.99991099073082e-08 2.21160368463202e-08 1.34595589895703e-08 1.13376897381556e-07 2.23770503571252e-08 1.01377306194195e-07 2.35609174126239e-07 3.33484595049782e-08 8.25470176657461e-08
5.18151722644689e-05 2.08270849725523e-05 1.91020408237819e-05 5.96586589836079e-06 2.63330810412299e-05 3.01654676150065e-05 2.86768180558283e-05 3.02893646448865e-06 7.31666969500111e-07 1.84523591997277e-06 3.53859893209574e-07 1.53732304681853e-06 8.42146496538021e-08 4.8665092151623e-07 2.78186792002089e-06 8.1423134332681e-07 2.06717897981434e-06 2.28185757222832e-07 5.50603918725301e-07 1.51621488839737e-06 1.98231780927927e-06 2.13124014578625e-06 8.56560340878332e-07 1.51902343930033e-06 8.09260643563903e-07 7.24628276316253e-07 1.69947749952826e-06 1.1851350507186e-06 7.39740984556647e-07 8.56659943870852e-08 6.75001295746824e-07 6.03257620923614e-07 6.19326212358828e-07 8.48003419662291e-07 7.20740867166114e-07 2.43007443856413e-07 1.0115518627174e-07 6.2846771431424e-08 4.93894243724924e-08 4.29496731513268e-08 5.36095086545174e-08 1.63261230756717e-08 2.9225962911994e-07 1.44393943735111e-07 3.61183992048097e-08
2.58114858297631e-05 1.58108281993918e-05 4.11209672165569e-05 5.40194769200752e-06 2.30313492465939e-05 6.89083929046319e-06 1.31182992390677e-05 2.51148155257397e-05 2.31511493495873e-06 6.48860209366831e-06 2.20694327595083e-06 2.68987740081883e-08 1.08319471792129e-06 8.31675250889674e-08 6.20643484694483e-07 1.47611669092385e-06 1.33384599649844e-06 9.65062619684431e-07 1.59413242784012e-06 8.42366507924908e-07 5.04443509896646e-07 6.473732199197e-07 2.94226465769043e-07 1.25572765341531e-06 7.62326658332313e-07 4.704957859758e-07 7.4966147849409e-07 3.39510052072001e-07 9.95318396235234e-07 4.50468174051366e-07 4.92067047730416e-07 6.37478794374147e-07 6.65284508727382e-07 8.27049730389717e-07 8.3522961062954e-07 3.02570219545828e-07 1.40611777510458e-07 7.39082312684047e-08 3.52477851350841e-08 7.1746835317299e-08 7.39761820511831e-07 7.82648839070532e-09 6.96810082523314e-08 2.48416782477889e-08 5.6494215705527e-08
2.34652543440461e-05 1.81003715169936e-05 1.31797146877943e-05 9.48155088735802e-06 3.57570543201291e-06 3.77102494439896e-06 6.82386539665458e-06 4.85980787345852e-07 2.35686259131285e-07 3.01505077970887e-07 1.23524393131902e-06 2.50893645556971e-06 1.67711430094641e-06 2.10246519714019e-06 2.59400098343576e-06 1.61492973518307e-06 2.85357970142286e-07 1.10401453579101e-07 7.21667098524392e-08 9.31258641756472e-08 2.55000094639968e-07 7.11236905814871e-08 4.17917375727939e-07 3.21995964469579e-07 2.32215550965975e-07 6.82311970479077e-07 3.84598401126368e-07 1.05273326056476e-08 2.22394891480349e-07 2.61675716828336e-07 6.52309965687437e-07 4.2748765736178e-07 5.37333272632168e-07 6.41798514777747e-07 7.75785805728901e-07 1.44594261897169e-07 8.49104642597354e-08 6.09715904431596e-07 3.08849649854892e-08 1.16264217098205e-07 2.27957487197727e-07 6.02993315723666e-08 6.99361194733683e-08 9.4618535229074e-08 3.57229505709711e-07
