Maxent_result_files_1/Bombus_wurflenii_3.asc
NCOLS 594 
NROWS 330 
XLLCORNER -15 
YLLCORNER 23 
CELLSIZE 0.166666666666667 
NODATA_value -9999 
[rows 280 to 299 of 330, columns 270 to 314 of 594]
3.53487902282623e-09 2.28942853786052e-08 1.71295628732082e-05 3.66053831157842e-05 1.86326873503617e-05 1.81404837988453e-05 1.47061742651999e-05 4.87933245466365e-05 6.10335701026088e-05 7.5192716286665e-05 9.63000238485279e-06 2.54137611932492e-06 -9999 -9999 -9999 -9999 -9999 -9999 -9999 -9999 -9999 -9999 -9999 -9999 -9999 0.000458168542991189 0.000264250587815695 0.000228064178418208 0.000215888059483404 2.31921081876862e-05 8.47787512611831e-05 8.21642874768713e-06 1.62508843049025e-09 4.33604567433576e-06 0.000218247864995647 9.98934910967364e-06 4.82384693668791e-05 9.27753814607968e-06 1.66539763881701e-05 2.59997812179336e-05 0.000106252130331086 1.57027062584802e-05 1.38641528735661e-05 7.13860138716882e-06 6.18708974116089e-06
6.45633245312638e-05 1.50357487981978e-05 7.89699904316876e-05 9.85008403006304e-05 4.82880292196342e-05 9.93219857264194e-05 2.0450357237678e-05 6.75131989623878e-05 3.82360143476035e-05 5.73713275514365e-05 1.92305440805285e-05 0.000140362984279818 3.70977649822635e-05 1.88462825772007e-06 7.11911640749463e-11 -9999 -9999 4.93597529498402e-06 6.89644475073692e-06 -9999 9.58170672788583e-05 1.39495580753213e-08 3.93181437459589e-05 1.1579128096173e-05 1.91086898269077e-05 3.43029837637232e-06 3.02047207867417e-06 3.92246848548439e-06 5.1916011642561e-06 1.39781719269649e-05 3.63616896379426e-05 9.38629786446654e-06 1.88576703141763e-09 0.000177895585102306 7.93754341884778e-05 1.29218877304993e-05 1.83366588316858e-05 1.71364906918825e-05 1.62439788255142e-05 2.21684394375643e-05 2.09397185358284e-05 1.81711740651735e-05 1.32146535349875e-05 5.57173371134922e-05 4.18289185120102e-06
1.25033731364965e-05 4.99129612848037e-05 1.37071722505766e-05 1.75488213727704e-05 3.09395670740287e-05 1.78855212055851e-05 8.96454610142428e-05 5.48516746505356e-05 9.34990309247041e-05 2.22165700250798e-05 2.14739638636274e-05 0.000140217715170365 4.23613270470469e-05 5.51104978407935e-07 3.11756320918732e-06 2.04719757306293e-06 2.11810404948665e-06 2.28358469698264e-06 2.47638638484204e-06 2.77008695164227e-06 3.07469849332165e-06 3.10549001980576e-06 3.4147676927887e-06 3.12023887261148e-06 3.34630587843776e-06 3.71140634740641e-06 3.76303069202777e-06 4.50334561605814e-06 9.04529363197071e-05 3.67016824839084e-05 3.47544055046001e-06 1.1823303431413e-06 0.000132793776629114 0.000233172169555473 1.05392875525467e-05 1.68510247931408e-05 1.93862567016367e-05 2.01113235675621e-05 1.70751600535368e-05 2.8709404472238e-05 2.21888035639495e-05 1.65125155490387e-05 8.7329016480453e-06 9.95647171748715e-06 5.23887586609817e-06
2.33547377042953e-05 7.04096642806462e-05 3.01896447183481e-05 1.88033253792241e-05 5.80244343041159e-05 6.65898784177443e-05 8.35964971201975e-05 7.15221664108867e-05 2.49575028476556e-05 6.31213479096004e-05 0.000113606421689383 8.87681710423749e-05 3.01764968185125e-05 6.97868798511081e-05 7.71738576190728e-06 2.39965917572249e-06 2.59978710559494e-06 3.00992244319787e-06 3.5357704348371e-06 4.1303988382424e-06 4.44007200712804e-06 3.54640164630382e-06 3.55618425373905e-06 3.72118263243237e-06 4.10569613364942e-06 3.92301150924368e-06 8.39369589584749e-06 5.75468727390671e-06 8.08013015785036e-06 5.31142902389092e-06 6.6844152286194e-06 9.87623354475886e-07 6.40636462279076e-07 3.10117645653918e-05 1.97721215158708e-05 2.15842653801701e-05 2.05068274681253e-05 1.67371198017463e-05 3.29663098568744e-05 2.82594566101579e-05 2.30687682631014e-05 1.94761628506512e-05 1.25325445765156e-05 8.27042778723808e-06 5.51064326970163e-07
1.63283134781977e-05 1.72429724813128e-05 1.39509807063121e-05 2.36829328756016e-05 4.71681231914545e-05 2.20024118220863e-05 0.00011916650389594 9.18820404194776e-05 0.000115086513642382 0.00010291499406776 1.07217115015601e-05 8.48778112640502e-05 1.3540040074389e-05 0.000558463182778723 4.67785435489532e-06 2.80753989088112e-06 3.14880519738381e-06 3.80850002414945e-06 4.68093797110214e-06 5.52688434822812e-06 4.94513786293282e-06 4.40726223018828e-06 4.34461508831419e-06 4.80136551885835e-06 3.98752870012231e-06 4.22554549004417e-06 4.82159495902579e-06 9.7426711818116e-06 1.529821951749e-05 4.88471870028207e-06 6.52887273417946e-06 1.29362202869743e-06 6.60859783749856e-06 3.20409497817309e-05 3.67834453982141e-05 2.2584220380395e-05 1.87298679804826e-05 1.7043505761194e-05 1.71149377820257e-05 2.9434744254786e-05 2.61485022406305e-05 2.31150287504533e-05 2.28425047225755e-05 1.8539211555435e-05 1.45340333347121e-05
1.59427708410931e-05 2.66852688888264e-06 6.91249033621943e-06 3.39565764164718e-05 0.000113819039864893 5.73945430062395e-05 6.07102227604628e-05 7.10559239678332e-05 0.000740969843172934 0.000218984268508393 4.72908443555298e-05 3.13642715124018e-06 1.22763248455726e-06 2.22562116107383e-05 1.01714787819063e-06 2.70365262551309e-06 3.63349563485826e-06 4.87378244997672e-06 5.72251082076036e-06 5.64291865430278e-06 6.25688951174652e-06 6.5907260733411e-06 4.24435502850429e-06 4.47287257543394e-06 4.25763047786631e-06 4.94077760038181e-06 5.71022640087904e-06 8.64838902998599e-06 1.02302166418156e-06 1.20591883103316e-05 2.5746840059071e-06 1.67331934193271e-06 1.28106475983714e-05 0.000347242184943752 3.56015146962818e-05 1.68296239053234e-05 0.000102518274275099 1.98256322732959e-05 5.42778602721228e-06 2.88222106519243e-06 1.46056397170469e-05 1.82044154655614e-05 1.82386625340314e-05 2.02336260826996e-05 1.01026858146724e-05
3.88996822664467e-06 6.83768615061808e-06 3.93208399174227e-06 4.84941244735637e-05 7.12521334662597e-05 0.00010627151611402 8.61587763210991e-05 4.34089650923397e-05 0.000237014239678501 5.96008800073378e-06 4.15264557489081e-05 2.52292619649097e-06 2.65784794137858e-06 2.2403737739296e-05 2.04997826769304e-07 2.93185218964709e-06 3.67902909488293e-06 5.20010281945815e-06 6.4587317041287e-06 6.37167863146715e-06 6.56594692145518e-06 5.61309843192248e-06 5.15710130457592e-06 4.9300411603781e-06 4.05940394188065e-06 4.49713464263368e-06 4.74317954513026e-06 5.03817092578629e-06 4.63683460338871e-06 2.91445485913755e-06 2.34744774445517e-06 2.36602671321862e-06 2.4743651499648e-05 1.68218388125752e-05 3.10294801465716e-05 1.4674008343718e-05 1.20542635954735e-05 8.48262678800893e-06 5.22168355132635e-06 4.60598806739654e-06 1.45179014452879e-05 1.21562661661301e-05 3.94739355215279e-05 2.16077516256519e-05 3.3389573468412e-05
2.14256289261527e-06 2.23563670473936e-06 2.31157060568421e-06 2.54715371283964e-06 9.57264575163208e-06 1.84534906907174e-05 0.000197820572748242 0.00324759294671821 0.000267258673238757 1.04077604191843e-05 2.81478694645898e-06 3.08260850090392e-06 3.13078957532298e-06 2.85072743153592e-06 1.93509368315858e-06 7.90407023941952e-05 3.22403237618119e-06 4.65454123173004e-06 6.77565043361028e-06 6.46347238841827e-06 5.96874635050426e-06 5.55619473914248e-06 5.07294969622762e-06 5.31105394827591e-06 4.77360070760824e-06 4.69914840408592e-06 4.55399131880085e-06 4.86242552710792e-06 8.48400549955386e-06 3.19968855677644e-06 2.515699173955e-06 5.59705437730429e-07 1.52790016954896e-05 1.49322879394731e-05 1.92496694580768e-05 3.20790595935705e-06 5.60828968332316e-06 5.46313896165884e-06 4.35249988299802e-06 3.86954121154304e-06 1.94964250113117e-06 2.48848547016678e-05 1.46976493397233e-05 6.59356582133341e-07 1.21572398256831e-05
2.59423877295717e-06 2.6483093989782e-06 2.67817984536123e-06 2.79604869746208e-06 2.93416327963314e-06 3.66839808975783e-05 4.37101411762342e-05 0.000653188736760058 0.000328891928074881 3.50795262278325e-06 4.68956150001532e-07 3.26226089129023e-06 3.00648914191015e-06 2.7328013104011e-06 3.5292960882316e-05 5.4115879548533e-05 2.62375347759303e-06 3.95586233850054e-06 6.73040372021205e-06 6.54120816818704e-06 6.58026524149591e-06 6.19243945152448e-06 1.78626643901225e-05 5.3933462055511e-06 4.80586435003261e-06 4.97676100792432e-06 4.88758063852401e-06 4.55599164013165e-06 4.73169051531386e-06 2.2499226116679e-05 1.95981210708851e-06 5.21468732870289e-06 7.45748872077456e-06 1.27467817492288e-05 4.14796133554773e-05 2.49391217266748e-05 1.01356156505972e-05 4.5556586769635e-06 4.46971694145759e-06 4.61985450783686e-06 5.08628649527054e-06 3.84180134460621e-06 1.94951556693468e-06 2.56757641068361e-06 5.32001653255065e-06
3.02130838818471e-06 2.99086861659248e-06 3.19196501692431e-06 3.25420706275281e-06 3.0370902067034e-06 3.69941925413286e-06 2.51457358899643e-06 0.000133322230044541 5.0229926148404e-05 3.30005927366983e-06 5.78579877519303e-07 1.43413955271399e-06 2.34644361825076e-06 1.89636860241649e-06 -9999 -9999 3.74068216046908e-06 3.16728636420294e-06 5.65165043440175e-06 7.82676320909559e-06 7.06573507613939e-06 6.31988694976826e-06 4.8605896125764e-06 4.05514958856656e-06 4.95223771110886e-06 5.37668540800951e-06 5.95728660925943e-06 5.15010548554073e-06 1.14805363608639e-05 1.13134183777674e-05 3.16322592084362e-06 1.14412388995788e-05 4.79864908697891e-06 6.69398921502307e-06 1.42457497076975e-05 1.55513676418195e-05 4.98064220550987e-06 3.81207073019141e-06 4.46139919745292e-06 5.35583575356213e-06 6.13361278283264e-06 4.87193168510203e-06 4.83385550751336e-06 6.55446497717094e-06 5.41674809824144e-06
3.37987260792261e-06 3.29612801976964e-06 5.56874759354287e-06 1.74065307518845e-06 1.16741341891213e-06 8.50897510417781e-05 5.65073163869556e-06 0.000256296956058577 9.33768507991317e-06 3.6292071627031e-06 2.58892620479401e-06 6.68152070204542e-07 3.24874387302998e-06 8.09027309855992e-06 -9999 -9999 6.29720737919115e-06 2.52720039597421e-06 4.78985424194889e-06 7.68058612266032e-06 6.98575693434123e-06 6.39307182552784e-06 5.39034675455241e-06 4.87232418606709e-06 5.71476763013834e-06 5.1851505219247e-06 7.11789043918998e-06 6.75879100242582e-06 5.786519150206e-05 8.44127395112082e-05 3.93994478145032e-05 5.14071379029701e-06 5.692645689237e-06 4.97874507630058e-06 7.22405795272607e-06 3.9846866144444e-06 3.7498628614685e-06 3.21691979934258e-06 3.33452555025815e-06 3.59128023319499e-06 4.48611625074591e-06 6.30409705877355e-06 1.28490890801913e-05 9.53713552576119e-06 6.68734102191593e-06
3.07636386054355e-06 2.72163423176153e-06 1.19250904816681e-05 7.90437227715657e-07 1.30179078695392e-05 0.000102398528497361 9.97246539441221e-05 0.000330454507411559 2.45988665881214e-06 3.94406584263152e-06 5.20745616654494e-06 6.706239477694e-06 8.36379484780991e-06 9.53118864686076e-06 1.33458340400239e-05 -9999 -9999 4.26778996853727e-06 3.34705999165408e-06 7.0853623185485e-06 6.27754444053608e-06 6.01721672239819e-06 6.98342574878552e-06 6.85707200602792e-06 6.76529935788039e-06 5.98597433167924e-06 9.65565218713493e-07 5.48757830927116e-06 2.45666241426079e-05 -9999 3.87022165284634e-06 7.27801828048769e-07 7.0225535694135e-06 7.25203817637521e-06 3.69564492928021e-06 2.79088012860029e-06 2.92231941330101e-06 2.64299821139957e-06 2.90656711285919e-06 3.52311392646243e-06 4.26550024030803e-06 7.42709046619439e-07 1.59453833248335e-05 1.04755748907337e-05 6.619970915267e-06
2.84961323728794e-06 2.77673147337509e-06 1.18731896741053e-06 4.61247720693336e-05 0.000520264117676561 0.000228273262882794 1.10403535941828e-05 0.000370568975995411 2.99221910609049e-06 3.88104142388102e-06 4.64770025132566e-06 5.81462614945849e-06 7.5077046858496e-06 7.42860314062455e-06 9.18314448199453e-06 1.35191347879982e-05 -9999 5.88972913329044e-07 4.8505903947671e-06 5.23122393190079e-06 7.78220381789652e-06 6.48394874644964e-06 7.38221532969874e-06 1.01134879116671e-05 1.00408243440597e-05 8.2148855426567e-06 1.08186719216974e-05 1.16081323028538e-05 -9999 -9999 3.04536672786071e-06 1.07434689539332e-05 1.85798412758231e-05 8.63223005467262e-06 4.17374844232654e-06 2.77349724342457e-06 6.67446686861695e-06 2.24344748289695e-06 2.53082619678935e-06 2.97937846767127e-06 3.94272581729638e-06 4.37785829490167e-06 3.96920044636317e-06 5.07173309642894e-06 2.03047478635199e-06
3.01801855187023e-06 3.05094309283049e-06 2.84160251169396e-06 1.23310724575276e-05 3.88409656181921e-05 0.000103195867268369 0.000520822130783927 5.25358719301039e-06 3.31261662154247e-06 3.7024710010769e-06 3.79245342827517e-06 3.91135279755872e-06 3.67917161696596e-06 3.19679496669778e-06 2.73127333656475e-06 6.45775348715461e-06 -9999 -9999 1.12664738105561e-07 1.10075939204535e-05 7.40691011458239e-06 9.03225011228415e-07 8.25697583195506e-06 1.2960162194986e-05 9.28039848417939e-06 6.29411643160438e-06 9.50082686017595e-06 5.70525303231761e-06 -9999 2.44624244658098e-05 9.36612404416337e-06 1.53625641246435e-05 3.20788801104754e-06 9.9618812441804e-06 4.77713149678038e-06 3.07490906834573e-06 5.81672480279849e-06 1.65016439268584e-05 2.17124420771597e-06 2.44016196404573e-06 2.87450077109952e-06 3.41702925652498e-06 3.72520059386261e-06 3.09106404188242e-06 2.29208310997819e-06
3.47469247401477e-06 3.64679020918857e-06 3.37283931770571e-06 3.59468283619435e-06 4.06261470686786e-05 0.000142318927646556 1.79861774483925e-05 2.95956258185015e-06 3.30692867578364e-06 3.55728302849911e-06 3.70825256084117e-06 3.68569124873375e-06 3.56605104911978e-06 4.58604882851432e-06 6.4225860114675e-06 3.7544696553482e-06 -9999 -9999 -9999 8.64200511614399e-06 7.051727692442e-06 8.4408008376613e-06 7.73764289618839e-07 2.98008536674388e-05 8.95741465001265e-06 6.1395860882385e-06 9.20813433822332e-06 1.68758140262071e-05 -9999 1.20734327083483e-05 1.12173748902933e-05 8.87255923203156e-06 2.49486760424134e-06 8.13658465972367e-06 5.45252430015353e-06 3.19983302574656e-06 9.01139752613744e-06 1.45997285471822e-05 2.02318390734035e-06 1.86858989934535e-06 2.00897649875742e-06 2.20997614803764e-06 2.92451772168079e-06 3.07710893991953e-06 2.11861958234749e-06
3.7705391974896e-06 3.89715689834702e-06 3.78934260254482e-06 7.7155768508419e-06 8.59335495533742e-05 0.000103835062031976 3.14647918600031e-06 3.34154428145439e-06 3.3254492876722e-06 3.65951440528534e-06 3.91210708130529e-06 4.18834035826876e-06 4.4438906314781e-06 8.33557512578409e-06 7.68746630228634e-06 2.80349702705962e-06 5.19774141594098e-06 -9999 -9999 5.78608699299821e-06 2.6969574420832e-06 3.65512821645098e-06 5.06251160459215e-06 6.34517481330477e-06 1.71627769191218e-05 1.07139156767744e-05 7.85938164540312e-06 7.36231053565461e-05 -9999 1.80098933924455e-05 3.87652396938165e-07 1.32480969000426e-05 4.74734813451505e-06 1.38907555651713e-05 9.87588963852204e-07 3.50624986822368e-06 2.45160277358991e-06 2.03480773052434e-05 6.36197440258002e-06 2.02586425359641e-06 1.87843554328992e-06 1.99941463421283e-06 2.34927702820187e-06 2.73532960761713e-06 2.15742198292901e-06
3.84736416378928e-06 3.87958046417225e-06 3.82267665770542e-06 3.80619988277431e-05 0.000150182838160617 0.000134031156244419 3.49843044347153e-06 3.63753040346637e-06 3.75777794090482e-06 3.9700136483134e-06 5.02117302687566e-06 5.44730170020102e-06 5.95923670232423e-06 1.58330816248053e-05 1.65705127528781e-05 4.91406117220095e-07 2.15162713388395e-06 -9999 -9999 9.09095237977553e-09 2.00379667347761e-06 2.81973300531035e-06 9.21043904327234e-06 1.39916327725587e-05 1.42712063464501e-06 1.11413849822384e-05 6.69553422198987e-06 -9999 -9999 3.73874871399948e-06 2.01865520921274e-06 6.62909612287876e-06 1.0708251613778e-05 5.18534133107096e-06 2.1802415176353e-06 8.19899609041386e-06 8.54920912161106e-06 3.49176829217868e-05 2.04173777547112e-05 2.19769215163979e-06 4.09931410558784e-06 2.09460846463116e-06 2.36706208909254e-06 2.58556110281916e-06 2.03197731707405e-06
3.47966274603095e-06 3.56567125265883e-06 3.58964580016163e-06 4.19821606897131e-05 0.000221838970946919 1.98168234106788e-06 3.39513884881626e-06 3.49152722520785e-06 3.69471167971369e-06 4.32334034883297e-06 5.08986455258764e-06 5.5321733469782e-06 5.89753636006662e-06 5.19566746959299e-06 1.23135187095613e-05 8.46745342357735e-06 6.02919328969165e-06 1.83449468380559e-06 -9999 -9999 3.28103565241378e-06 1.43278219582044e-06 2.6813845991569e-06 6.66316546755752e-06 9.16617907478212e-06 4.17521571591806e-06 2.09168591794651e-05 -9999 2.15590090224538e-10 1.49977486856301e-06 1.49610607778072e-06 2.40938503566213e-06 1.11601659227745e-05 1.17639615837106e-05 9.40633761956633e-06 4.82921992102092e-06 8.96355729764764e-06 8.57570353218762e-06 1.1971336220995e-05 4.93642379979065e-05 3.56956913265094e-05 2.09856711876455e-05 3.76440853870008e-05 2.71499639268313e-06 2.15677084156596e-06
3.233436260075e-06 3.29498684266127e-06 3.40802399279028e-06 4.11381671938216e-05 0.000211377877712948 3.52479236909176e-06 3.5697647916777e-06 3.51041516353234e-06 3.48246283294884e-06 3.76615020911686e-06 4.29940741355495e-06 4.59947674755767e-06 4.67839237501266e-06 4.74351898276382e-06 7.04198406538126e-06 9.12214463824057e-06 3.58900655470507e-06 2.31369992391706e-06 6.32737050096921e-06 -9999 -9999 -9999 1.70874538447663e-06 9.9668729262703e-06 1.26163672931057e-06 2.49425434759587e-06 6.14753803418466e-12 -9999 1.88519483863558e-06 1.17982444898246e-06 1.15863251011206e-06 3.27473147763158e-06 1.77167436632431e-06 5.96006957920281e-07 5.9343556486624e-07 4.49590777975573e-06 4.30688919550448e-06 4.00583658333176e-07 3.54758951175427e-06 1.9981019661941e-06 8.68440560225281e-05 4.29106691228753e-06 2.10980946917516e-06 2.17779914066796e-06 2.2415427707756e-06
3.2320804137953e-06 3.14790199098525e-06 3.25630437600921e-06 1.62745379725493e-05 0.000345168107742211 9.89407539719878e-07 3.78064726760385e-06 3.93411147854295e-06 3.77431088907088e-06 4.07089955274387e-06 4.8630651917847e-06 5.20424857199941e-06 4.83423601451705e-06 5.32796004506508e-06 4.55676440935804e-06 7.91219803772947e-06 1.16582957957689e-05 7.90731479582973e-06 1.80519382624311e-06 7.90223419322444e-07 -9999 -9999 1.83716406498835e-07 3.42062807767718e-07 9.17936829978316e-06 3.27108883482197e-06 7.97037130184641e-08 -9999 -9999 -9999 -9999 2.08129384127176e-06 1.21291225063658e-06 8.2251203366468e-06 5.77809547053221e-06 1.0827738651642e-05 5.1153721784658e-06 1.49562221565702e-05 1.1174064877828e-07 9.19451402694449e-06 2.29994765419406e-06 2.20218047388698e-06 2.22354786956203e-06 3.09233658057906e-07 2.11507500864627e-06
