Maxent_result_files_1/Bombus_hortorum_2.asc
NCOLS 594 
NROWS 330 
XLLCORNER -15 
YLLCORNER 23 
CELLSIZE 0.166666666666667 
NODATA_value -9999 
[rows 160 to 179 of 330, columns 138 to 183 of 594]
0.891175585985184 0.898504817485809 0.898968714475632 0.894261419773102 0.831868612766266 0.845737713575363 0.77810218334198 0.823912370204926 0.977519077062607 0.890213090181351 0.798450767993927 0.73797464966774 0.808711612224579 0.768057113885879 0.822961014509201 0.666963297128677 0.691506427526474 0.489466923475265 0.596840101480484 0.598732054233551 0.567396849393845 0.657296752929687 0.680000901222229 0.776620101928711 0.59349399805069 0.841508841514587 0.992660719156265 0.662000167369843 0.654367971420288 0.631366187334061 0.658288156986237 0.591847747564316 0.594454103708267 0.695474636554718 0.682147645950317 0.647466677427292 0.708931314945221 0.610049158334732 0.770982623100281 0.433190631866455 0.660040634870529 0.658393085002899 0.678970754146576 0.533089977502823 0.624603235721588 0.777113956212997
0.968773913383484 0.975117599964142 0.88949111700058 0.888735395669937 0.829624426364899 0.801334303617477 0.810327661037445 0.778741860389709 0.783650630712509 0.747689878940582 0.751308345794678 0.738971924781799 0.730666375160217 0.767643857002258 0.658601993322372 0.755670779943466 0.691937321424484 0.680581682920456 0.81215415596962 0.68840845823288 0.541264694929123 0.746380913257599 0.595604312419891 0.539150241017342 0.800168472528458 0.697924381494522 0.778710985183716 0.73798885345459 0.674435889720917 0.710944724082947 0.753533393144608 0.658913618326187 0.709436255693436 0.992073577642441 0.972369056940079 0.844901937246323 0.649072641134262 0.746198785305023 0.710816586017609 0.744750010967255 0.723148727416992 0.914719718694687 0.7329554438591 0.764505714178085 0.670776391029358 0.527954894304276
0.986041563749313 0.914634341001511 0.876285535097122 0.782772648334503 0.783787745237351 0.574864315986633 0.751939254999161 0.773811209201813 0.761420142650604 0.778507459163666 0.796616864204407 0.722988873720169 0.716342908143997 0.784941124916077 0.805212986469269 0.751077330112457 0.930063545703888 0.838797169923782 0.909246695041656 0.736144179105759 0.761591327190399 0.845144462585449 0.577605617046356 0.725694471597672 0.925319647789001 0.538410621881485 0.664796370267868 0.687335401773453 0.879457032680511 0.988199174404144 0.801114517450333 0.774014765024185 0.833986175060272 0.716356647014618 0.735967481136322 0.909594112634659 0.729901772737503 0.778557533025742 0.779949462413788 0.888182574510574 0.851323461532593 0.848046320676804 0.534991323947906 0.735436463356018 0.615980184078217 0.709763956069946
0.886107695102692 0.946523201465607 0.789606213569641 0.764883476495743 0.807728087902069 0.745227062702179 0.749374264478683 0.773330253362656 0.588894158601761 0.562945145368576 0.752860814332962 0.571739149093628 0.709234625101089 0.775645697116852 0.78518203496933 0.927919369935989 0.804075282812118 0.857828658819199 0.752420735359192 0.78647164106369 0.753265690803528 0.761852753162384 0.75878998041153 0.728798395395279 0.761230456829071 0.664936691522598 0.988144379854202 0.920706313848495 0.97859354019165 0.981952887773514 0.699189621210098 0.775405466556549 0.757076478004456 0.592252069711685 0.806683176755905 0.698048794269562 0.715973454713821 0.66034306883812 0.659568911790848 0.790927803516388 0.690844792127609 0.700299972295761 0.954141628742218 0.799680286645889 0.631756049394607 0.917412453889847
0.791953057050705 0.753491544723511 0.792941951751709 0.880794608592987 0.917837852239609 0.708556491136551 0.576899349689484 0.644638711214066 0.774415022134781 0.746096807718277 0.863351368904114 0.608026647567749 0.767075377702713 0.567104077339172 0.786846989393234 0.798406785726547 0.953277397155762 0.960081082582474 0.875625038146973 0.964434140920639 0.901822185516357 0.485592311620712 0.78151336312294 0.763854223489761 0.837304574251175 0.950499272346497 0.856322783231735 0.899495041370392 0.979280894994736 0.928618973493576 0.897327464818954 0.870317161083221 0.730056369304657 0.805323332548141 0.925011509656906 0.648530840873718 0.800968897342682 0.475755149126053 0.639074313640595 0.601244908571243 0.660425370931625 0.603069353103638 0.694719254970551 0.650515377521515 0.68905348777771 0.740822368860245
0.903095728158951 0.706279623508453 0.558787369728088 0.732874405384064 0.829296565055847 0.649729692935944 0.631854462623596 0.599656331539154 0.752044010162354 0.745571142435074 0.552655631303787 0.682839375734329 0.745103251934051 0.693650501966476 0.516504800319672 0.498453319072723 0.755172610282898 0.765112060308456 0.896615463495255 0.948721319437027 0.9623355448246 0.82049999833107 0.7877177298069 0.801291793584824 0.866478431224823 0.771515268087387 0.978066051006317 0.974577635526657 0.976867032051086 0.957049536705017 0.685902744531631 0.80578585267067 0.880424988269806 0.584779334068298 0.758293133974075 0.643829238414764 0.472523951530457 0.701336765289307 0.725840783119202 0.515098211169243 0.426597118377686 0.754523456096649 0.519430872797966 0.40755640566349 0.625390523672104 0.573898708820343
0.540341576933861 0.764052194356918 0.936716747283936 0.969081270694733 0.882786464691162 0.80157658457756 0.74698474407196 0.72550522685051 0.749544340372086 0.719799679517746 0.524204528331757 0.533380052447319 0.720098000764847 0.695896905660629 0.664567637443543 0.5019975066185 0.684257769584656 0.825821173191071 0.787088018655777 0.723449409008026 0.761289715766907 0.835358655452728 0.879991561174393 0.941764634847641 0.875009196996689 0.877991718053818 0.814137881994247 0.928033554553986 0.871759182214737 0.817906546592712 0.494952809810638 0.649780023097992 0.665684336423874 0.648238283395767 0.451307076215744 0.44891505241394 0.668376177549362 0.588976436853409 0.587350881099701 0.621335160732269 0.57242329120636 0.494640499353409 0.468646675348282 0.29356863796711 0.483332854509354 0.325588199496269
0.762894827127457 0.946761184930801 0.957198637723923 0.967805850505829 0.9663998067379 0.962215745449066 0.854111015796661 0.729353761672974 0.701423025131226 0.756865060329437 0.661091941595078 0.637550389766693 0.663981944322586 0.945582443475723 0.657664573192596 0.724462395906448 0.653424060344696 0.681484395265579 0.752120763063431 0.748338145017624 0.789468097686768 0.688947945833206 0.846186822652817 0.813926196098328 0.867844820022583 0.803623127937317 0.859780597686768 0.853179794549942 0.84276784658432 0.760704076290131 0.76821021437645 0.692648500204086 0.65302722454071 0.477108219265938 0.65987948179245 0.596483659744263 0.668017643690109 0.751061207056046 0.855798745155334 0.964335358142853 0.522291898727417 0.428202614188194 0.467320802807808 0.526311835646629 0.451025974750519 0.429658487439156
0.657634919881821 0.92339516878128 0.985067105293274 0.909715223312378 0.816953057050705 0.863517022132874 0.930522090196609 0.716166043281555 0.521034988760948 0.709267050027847 0.752541422843933 0.794365793466568 0.634180635213852 0.683976531028748 0.646114480495453 0.680812019109726 0.729222565889359 0.949155384302139 0.630410826206207 0.734652549028397 0.563761895895004 0.890039908885956 0.762060767412186 0.809269970655441 0.824787229299545 0.844652760028839 0.815706413984299 0.770907002687454 0.836905783414841 0.58818821310997 0.546421092748642 0.580365866422653 0.680707716941834 0.655964040756226 0.424043846130371 0.618073582649231 0.659922623634338 0.561858505010605 0.459760227799416 0.479033198952675 0.508350518345833 0.446842077374458 0.504928869009018 0.494175717234612 0.413572460412979 0.462905782461166
0.649925351142883 0.439379703998566 0.88206085562706 0.920992082357407 0.685801684856415 0.709015893936157 0.818196403980255 0.718027013540268 0.688220059871674 0.735590863227844 0.653033357858658 0.993310117721558 0.811943924427032 0.754777950048447 0.654772806167603 0.470650824904442 0.693132507801056 0.717100435495377 0.935023415088654 0.696186703443527 0.768443137407303 0.818567049503326 0.565289503335953 0.787935125827789 0.904410851001739 0.773763740062714 0.727802848815918 0.853881734609604 0.542359602451324 0.704528057575226 0.691070181131363 0.775123405456543 0.985094797611237 0.716023343801498 0.785963690280914 0.802149134874344 0.684229797124863 0.514967930316925 0.514305639266968 0.56298241019249 0.60387846827507 0.509280687570572 0.536210685968399 0.556916576623917 0.555978727340698 0.452861368656158
0.70749922990799 0.568292504549026 0.973442906141281 0.911725008487701 0.696996581554413 0.778811210393906 0.808770543336868 0.71106595993042 0.746369755268097 0.681604301929474 0.76721785068512 0.521215406060219 0.539294594526291 0.668746799230576 0.662642180919647 0.665710455179214 0.689823597669601 0.968640547990799 0.922002804279327 0.776595294475555 0.755996876955032 0.850883412361145 0.779431146383285 0.751329535245895 0.797771227359772 0.52741704583168 0.737296956777573 0.673824989795685 0.559806048870087 0.719144910573959 0.688216912746429 0.667926132678986 0.654769080877304 0.671923011541367 0.618062525987625 0.670172709226608 0.472064656019211 0.590733855962753 0.682428383827209 0.69335663318634 0.489323976635933 0.638424491882324 0.435733938217163 0.559401023387909 0.629073822498322 0.677232903242111
0.842359894514084 0.833905154466629 0.9436354637146 0.943289804458618 0.894365799427032 0.691630119085312 0.749701631069183 0.503374740481377 0.700445306301117 0.508063104748726 0.707792276144028 0.725148040056229 0.531704074144363 0.685490435361862 0.482034894824028 0.62288099527359 0.695711529254913 0.938746672868729 0.992743635177612 0.961401498317718 0.713300567865372 0.729005610942841 0.711196732521057 0.840324127674103 0.717597657442093 0.674110293388367 0.725677102804184 0.720869040489197 0.795409291982651 0.753373509645462 0.702815943956375 0.774520587921143 0.522872745990753 0.687714499235153 0.66157391667366 0.671334409713745 0.591578680276871 0.429844948649406 0.666702497005463 0.674210506677628 0.711796712875366 0.506249314546585 0.665669858455658 0.701837819814682 0.489416202902794 0.748692446947098
0.787187957763672 0.595828127861023 0.876943069696426 0.879242020845413 0.73547003865242 0.705354315042496 0.727683746814728 0.931574547290802 0.658619076013565 0.731775760650635 0.729036194086075 0.504471576213837 0.538873139023781 0.683903980255127 0.66454319357872 0.721314853429794 0.609858500957489 0.59061803817749 0.96933725476265 0.69964759349823 0.826681834459305 0.508946347236633 0.644629502296448 0.465679490566254 0.877426147460938 0.753972935676575 0.720187795162201 0.737146151065826 0.722170066833496 0.776003116369247 0.842716538906097 0.861251330375671 0.601651877164841 0.754918098449707 0.684006941318512 0.763593238592148 0.674420994520187 0.617617702484131 0.669688737392426 0.61471511721611 0.717800951004028 0.494955164194107 0.66310875415802 0.691790890693665 0.705281341075897 0.516696417331696
0.586911743879318 0.739287525415421 0.921298837661743 0.807805156707764 0.700690561532974 0.639149385690689 0.773978239297867 0.963159286975861 0.712148112058639 0.727294105291367 0.790117782354355 0.52726531624794 0.7597283244133 0.689139318466186 0.66287407875061 0.643482929468155 0.701752090454102 0.695926034450531 0.665870296955109 0.504593667387962 0.69501925110817 0.652407604455948 0.674218207597733 0.651339024305344 0.982101231813431 0.729802548885345 0.663640469312668 0.679119503498077 0.559402346611023 0.806967961788178 0.990724194049835 0.980151778459549 0.927584183216095 0.802174758911133 0.835397773981094 0.745104336738586 0.658374935388565 0.642675626277924 0.702498483657837 0.651940822601318 0.610341656208038 0.665799301862717 0.657983601093292 0.777060598134995 0.641527932882309 0.642606770992279
0.596633434295654 0.832290077209473 0.836645430326462 0.773336273431778 0.840651571750641 0.790170222520828 0.995618259906769 0.996395933628082 0.881289267539978 0.74177457690239 0.7650958776474 0.530522620677948 0.817151927947998 0.708494919538498 0.738631248474121 0.67842726111412 0.675030553340912 0.671962314844131 0.536134958267212 0.699742513895035 0.48008798956871 0.639863520860672 0.47406450510025 0.707411003112793 0.673716408014297 0.667620587348938 0.464406529068947 0.805739670991898 0.645436745882034 0.788670265674591 0.802159541845322 0.634299540519714 0.803553223609924 0.687784492969513 0.738834798336029 0.720633888244629 0.817113947868347 0.545630890130997 0.824334251880646 0.733316200971603 0.662102961540222 0.736159354448318 0.764806860685349 0.499342384934425 0.635397660732269 0.594812196493149
0.700233626365662 0.919480091333389 0.926670956611633 0.965175354480743 0.791614747047424 0.952620339393616 0.989317357540131 0.97917907834053 0.954832375049591 0.863684630393982 0.895875889062882 0.775666040182114 0.834455543756485 0.700578558444977 0.521724534034729 0.486513713002205 0.798621839284897 0.738377332687378 0.48641565144062 0.695953810214996 0.982989174127579 0.709925979375839 0.647487139701843 0.652173924446106 0.48641095161438 0.622150349617004 0.623628097772598 0.451024830341339 0.614580363035202 0.712686437368393 0.628980988264084 0.668291628360748 0.658405780792236 0.746991062164307 0.60854070186615 0.7202243745327 0.645952600240707 0.762000179290771 0.701831871271133 0.523954558372498 0.646990722417831 0.739098310470581 0.686732214689255 0.704523700475693 0.689640367031097 0.638564729690552
0.700150984525681 0.857643961906433 0.879623359441757 0.861218923330307 0.796359407901764 0.734046924114227 0.866058784723282 0.922643834352493 0.800847214460373 0.723459208011627 0.783516001701355 0.780062091350555 0.742671579122543 0.78429936170578 0.808962023258209 0.714136129617691 0.694546955823898 0.683209896087646 0.500183808803558 0.731256544589996 0.718309342861176 0.727653163671494 0.737608474493027 0.68381387591362 0.903056156635284 0.831759989261627 0.716501116752625 0.661739856004715 0.627713173627853 0.437973859906197 0.462591671943665 0.665416502952576 0.821905940771103 0.63687299489975 0.576030617952347 0.553062725067139 0.58374040722847 0.679529309272766 0.73128045797348 0.758434921503067 0.869452702999115 0.553159832954407 0.69088077545166 0.68256471157074 0.523055338859558 0.539138090610504
0.889091998338699 0.938966715335846 0.858223819732666 0.812159240245819 0.71892341375351 0.765389615297318 0.711744606494904 0.832185953855515 0.745182925462723 0.815543884038925 0.755471265316009 0.945986831188202 0.916965007781982 0.81331689953804 0.715603655576706 0.642669034004211 0.679016035795212 0.999244940280914 0.753768593072891 0.715323013067245 0.732400637865066 0.540727907419205 0.933931738138199 0.711008477210999 0.708338022232056 0.716550713777542 0.69935342669487 0.686305874586105 0.723848932981491 0.731349241733551 0.457612097263336 0.747100591659546 0.507435926795006 0.471180337667465 0.487604811787605 0.485979607701302 0.476109021902084 0.77318839430809 0.685093468427658 0.49957666695118 0.520511704683304 0.709980553388596 0.794242763519287 0.57951779961586 0.706522047519684 0.554924821853638
0.735483026504517 0.78887836933136 0.822548860311508 0.80777016878128 0.779879599809647 0.798489969968796 0.864088088274002 0.796289819478989 0.584776020050049 0.502879962325096 0.734802079200745 0.757762575149536 0.87088640332222 0.705813628435135 0.750235974788666 0.695967018604279 0.716321182250977 0.890088385343552 0.718437391519547 0.967188012599945 0.999650144577026 0.998513919115066 0.813402885198593 0.790052139759064 0.697137445211411 0.527934867143631 0.863161468505859 0.841202247142792 0.829200899600983 0.689953595399857 0.768722021579742 0.487614166736603 0.689432322978973 0.502879050374031 0.643262887001038 0.636507296562195 0.83082805275917 0.996088075637817 0.835464018583298 0.748738849163055 0.424032685160637 0.468772345781326 0.708257699012756 0.610880941152573 0.603031712770462 0.820956444740295
0.706053131818771 0.958570808172226 0.927974933385849 0.88366904258728 0.850926512479782 0.789008915424347 0.772325760126114 0.756097674369812 0.755512684583664 0.741446590423584 0.813328003883362 0.728780138492584 0.733286756277084 0.734645420312881 0.754547369480133 0.780583637952805 0.789939963817596 0.86536700129509 0.754640120267868 0.855939108133316 0.992015665769577 0.994920915365219 0.968479335308075 0.707378697395325 0.54009045958519 0.673205316066742 0.690389955043793 0.84784933924675 0.677935391664505 0.639389276504517 0.727793544530869 0.532029056549072 0.743534696102142 0.730610078573227 0.75064839720726 0.749762684106827 0.685610997676849 0.602980124950409 0.715049296617508 0.592738395929337 0.61483935713768 0.623834657669067 0.575179147720337 0.571024858951569 0.423194205760956 0.603631043434143
