Maxent_result_files_1/Bombus_fragrans_3.asc
NCOLS 594 
NROWS 330 
XLLCORNER -15 
YLLCORNER 23 
CELLSIZE 0.166666666666667 
NODATA_value -9999 
[rows 210 to 230 of 330, columns 329 to 375 of 594]
-9999 -9999 -9999 -9999 -9999 -9999 -9999 9.11451289891119e-06 0.000184413588522148 0.000710217957566783 0.000674986359081231 0.000538392185262637 0.000449681444297312 0.00249649313045666 0.00350933861918747 0.00154413262862363 0.00104388219115208 0.00924609942594543 0.0816560473293066 0.0162520472891629 0.00859628964681178 0.00160007314407267 0.00978277687681839 0.0143332032952458 0.00863551599904895 0.310172611474991 0.371869343519211 0.857139092683792 0.876904785633087 0.772462111711502 0.971216142177582 0.955216157436371 0.268914982676506 0.84214660525322 0.515152038633823 0.673623424768448 0.286366112530231 0.460900476574898 0.206140810251236 0.241033060848713 0.759767484664917 0.852021181583405 1 0.991883379220962 0.836471021175385 0.96948464512825 0.98589094877243
-9999 -9999 -9999 -9999 -9999 -9999 -9999 -9999 -9999 0.000271590800967658 0.000315564767333854 0.000167984410927602 0.00672298002755269 0.00607438961160369 0.00293153299717233 0.00337386849860195 0.0144811534555629 0.816511255502701 0.594234645366669 0.0869734490290284 0.0805592108517885 0.0638774028047919 0.0642040743958205 0.00526480664266273 0.012296371080447 0.00872931774938479 0.0106132244109176 0.010868164524436 0.0238429035292938 0.00341273994999938 0.0171354313497432 0.00835591106442735 0.0176180187379941 0.0415299884974957 0.400251391530037 0.505552294850349 0.333855298161507 0.187057921290398 0.551684430241585 0.688688904047012 0.372478699684143 0.620041698217392 0.618064343929291 0.964208590984345 0.974676311016083 0.9344466984272 0.899646288156509
-9999 -9999 -9999 -9999 -9999 -9999 -9999 -9999 -9999 -9999 7.71016348380726e-05 4.07864521662304e-05 0.000112417502350581 0.000253539186996932 0.000866687826055568 0.0562930318526924 0.21338954642415 0.0932176023721695 0.279497446119785 0.861638623476028 0.955592346191406 0.982703423500061 0.471597185730934 0.0611720100976527 0.0394713961984962 0.0393636174499989 0.0907733917236328 0.0427228001877666 0.0511113192886114 0.0331131762359291 0.0292598881758749 0.0140477857552469 0.0129461056552827 0.0193821141030639 0.00468949480564333 0.044481929205358 0.0463316909968853 0.465413370728493 0.035721065942198 0.0434453651309013 0.466788917779922 0.732370966672897 0.536963434517384 0.621392026543617 0.965993797779083 0.999999290704727 0.974398022890091
-9999 -9999 -9999 -9999 -9999 -9999 -9999 -9999 -9999 -9999 1.68774777890235e-05 3.01437075904687e-05 4.9315974183628e-05 6.46189857434365e-05 9.91713531220739e-05 0.000974583525385242 0.00219062032992952 0.0111482139211148 0.0629682412371039 0.273887921124697 0.574101176857948 0.715889620780945 0.873269766569138 0.51147395670414 0.189171322435141 0.0549554528668523 0.134628631919622 0.108065780252218 0.0339566931128502 0.0809935681521892 0.570952409505844 0.0704873193055391 0.0616915840655565 0.0647776637226343 0.0116411289665848 0.00397419565415476 0.00453999078599736 0.00153906186751556 0.0233140983618796 0.016244136588648 0.542287874221802 0.820286750793457 0.4523821413517 0.584864124655724 0.928546416759491 0.697068929672241 0.988553267717361
-9999 -9999 -9999 -9999 -9999 -9999 -9999 -9999 -9999 -9999 -9999 0.000240805412158807 7.59545308710585e-06 8.67085472577855e-06 4.34804132055433e-05 3.9706628285785e-05 0.000142208526449394 9.41933465583133e-05 0.000370170535461511 0.00196411836659536 0.0658603716641664 0.387868005037308 0.543598857522011 0.317027363181114 0.744232541322708 0.280234488844872 0.356881758570671 0.227160952985287 0.178769628703594 0.350862005352974 0.69383887052536 0.897353821992874 0.832121157646179 0.683962562680244 0.103658265992999 0.104163386300206 0.0208022993989289 0.0274018569849432 0.0429156801663339 0.000446006027414114 0.029549937415868 0.0393092605285347 0.107764359936118 0.826087832450867 0.746073782444 0.848227745294571 0.990304064750671
-9999 -9999 -9999 -9999 -9999 -9999 -9999 -9999 -9999 -9999 -9999 6.77019013153313e-06 2.71177609079132e-06 8.86293558437501e-06 1.11587102423982e-05 0.000197303395907511 0.000202314880516496 0.00048873096020543 0.00439633850473911 0.00830650730058551 0.160070798546076 0.648857098817825 0.418328988552093 0.826567226648331 0.719831377267838 0.704774338006973 0.540592887997627 0.112622875720263 0.0625321596860886 0.135802845656872 0.110649456828833 0.209923715144396 0.0603630758821964 0.042714387178421 0.155425737798214 0.849213856458664 0.643324193358421 0.15781489238143 0.0404482555575669 0.00159737323119771 0.0562212251126766 0.03469257671386 0.0418129565194249 0.210557714104652 0.230856256186962 0.515562430024147 0.892507809400559
-9999 -9999 -9999 -9999 -9999 -9999 -9999 -9999 -9999 -9999 -9999 -9999 1.80282520076958e-06 7.89398160918608e-06 0.000352088068757439 0.00522427433752455 0.0112770057981834 0.0294025949202478 0.229668113589287 0.136389519646764 0.493669971823692 0.655793657898903 0.213622309267521 0.332456877827644 0.660956639051437 0.496173180639744 0.566847285628319 0.62173056602478 0.483869737386703 0.204975062608719 0.0827210176736116 0.625026786327362 0.36291326880455 0.298767192661762 0.0693442773073912 0.0651253864169121 0.0151978939305991 0.0960618309676647 0.787015241384506 0.64752025604248 0.227590464055538 0.0370609821751714 0.0378100112080574 0.0717770248651504 0.0654445838183165 0.177203081548214 0.10608027279377
-9999 -9999 -9999 -9999 -9999 -9999 -9999 -9999 -9999 -9999 -9999 5.47465278222248e-07 3.75565870854189e-05 0.00584088016184978 0.00383333781501278 0.0153868296649307 0.053835722245276 0.095923463627696 0.114638927578926 0.177259629964828 0.160272604972124 0.063983303681016 0.0620016595348716 0.0714782912284136 0.0422194553539157 0.0660297807306051 0.0661670215427876 0.0587159100919962 0.478779494762421 0.939567929506302 0.823876535892487 0.765836283564568 0.571067109704018 0.638581365346909 0.224159695580602 0.0311545941978693 0.073354721814394 0.0640443563461304 0.0957008510828018 0.032764520123601 0.916331613063812 0.738791596889496 0.298613259196281 0.174995865672827 0.0950931522995234 0.0575424656271935 0.19827156662941
-9999 -9999 -9999 -9999 -9999 -9999 -9999 -9999 -9999 -9999 5.21596479208242e-07 1.29160436699749e-05 0.00217939554568147 0.00952965077012777 0.00850903501268476 0.0771204996854067 0.1145881395787 0.212181055545807 0.285660238564014 0.30524907708168 0.442634251713753 0.0854552514851093 0.182156462967396 0.120691657811403 0.387885081768036 0.363557490706444 0.0220632566139102 0.0259828694164753 0.161122430115938 0.312006366252899 0.505988731980324 0.302324411273003 0.281960442662239 0.300006957352161 0.210720416903496 0.290545780956745 0.166288834810257 0.0762305065989494 0.0384378971531987 0.0524934036657214 0.143499334156513 0.14982965439558 0.888447374105453 0.0798904769122601 0.018851366173476 0.195240606367588 0.314762169122696
-9999 -9999 -9999 -9999 -9999 -9999 -9999 -9999 -9999 -9999 0.000257368219354248 0.00370174960116856 0.00647391390521079 0.0227692037820816 0.086156196705997 0.0910014528781176 0.203437883406878 0.128281453251839 0.100951769575477 0.135350071638823 0.462145254015923 0.570478135347366 0.218907642364502 0.165150988101959 0.146593327820301 0.296282456815243 0.0648393217474222 0.15341160222888 0.265151318907738 0.374322439730167 0.205919097363949 0.180036238580942 0.259010031819344 0.290284502506256 0.279788294434547 0.179487336426973 0.205887001752853 0.225331255793571 0.0903424266725779 0.289774002879858 0.121310515701771 0.0752851042896509 0.20760291069746 0.578055149316788 0.0976555980741978 0.0260651514865458 0.0164480396080762
-9999 -9999 -9999 -9999 -9999 -9999 -9999 -9999 2.18865603699214e-05 0.000764451589202508 0.00943263843655586 0.00633491445332766 0.169261075556278 0.290176988393068 0.256744205951691 0.148571044951677 0.125560507550836 0.183521354198456 0.199445155262947 0.371865484118462 0.368428146839142 0.229879659414291 0.258275140821934 0.189760591089725 0.171391005069017 0.279430063068867 0.428557187318802 0.0508091637864709 0.143218437954783 0.143801204115152 0.372114706039429 0.274562755227089 0.226707728207111 0.13064201772213 0.136210098862648 0.199486213177443 0.205026492476463 0.125822573900223 0.0965233683586121 0.120866008847952 0.0939573582261801 0.162531761825085 0.19274140521884 0.62188832461834 0.841163545846939 0.588672503829002 0.0546333841979504
-9999 -9999 -9999 -9999 -9999 2.32662362300573e-06 2.90077156932966e-05 0.000581182363384869 0.0275231484090909 0.0147965010255575 0.017081013508141 0.271925754845142 0.893667444586754 0.573002499341965 0.197763854265213 0.138345214724541 0.211906398832798 0.277613759040833 0.222697474062443 0.258743247389793 0.412014231085777 0.175538916885853 0.219014520943165 0.203282035887241 0.169655177742243 0.273677171766758 0.486582612991333 0.218781511485577 0.325653232634068 0.401024013757706 0.084825973957777 0.537060874700546 0.485048252344131 0.528047624230385 0.292438274621963 0.195661704987288 0.093767411261797 0.107168090343475 0.101821375265718 0.120785208418965 0.422374254465103 0.500361436605454 0.096046682074666 0.179628194868565 0.383566701412201 0.303267772495747 0.199797113239765
0.000108165282836126 1.86964053456862e-06 1.24882540717408e-05 6.28528923698468e-05 0.000808553893148201 0.0026566221145913 0.00811282931827009 0.0106324392720126 0.0158738652709872 0.110743990913033 0.893681007623673 0.958215546607971 0.643780848383903 0.610425963997841 0.557364386320114 0.140658218413591 0.317868801951408 0.292169253528118 0.268942740559578 0.264741742610931 0.399618530273438 0.378530633449554 0.326001645624638 0.391738376021385 0.37073273062706 0.392551442980766 0.617804259061813 0.611690193414688 0.341813437640667 0.283459365367889 0.510943526029587 0.345796471834183 0.12469865642488 0.537652188539505 0.502194818854332 0.297502021491528 0.268958525359631 0.350847056508064 0.328645592927933 0.159761942178011 0.299750548601151 0.229955105483532 0.308574594557285 0.233807717263699 0.17414206340909 0.189462886750698 0.284183232486248
0.00433876577299088 0.00363805943052284 0.00253814966999926 0.0144438680028543 0.0285330937243998 0.0330741240642965 0.0103788554901257 0.0137625434435904 0.295351848006248 0.917214894294739 0.943144208192825 0.909046703577042 0.928952860832214 0.890466886758804 0.893194097280502 0.223039028793573 0.0709022760391235 0.338008615374565 0.412919750809669 0.445303195714951 0.378470762073994 0.382419328391552 0.568128904700279 0.784572023153305 0.76258357167244 0.378906741738319 0.682863473892212 0.864128667116165 0.953871977329254 0.836768573522568 0.487839072942734 0.278938771784306 0.353711451590061 0.297422552853823 0.474189025163651 0.59569973051548 0.569242691993713 0.952045500278473 0.598714470863342 0.438297694921494 0.183613549172878 0.185571753978729 0.204798471927643 0.284743690490723 0.123636385053396 0.212954357266426 0.467375162616372
0.107218576222658 0.242838075757027 0.0669468935579061 0.0533098056912422 0.0873358149081469 0.198278862982988 0.399987050890923 0.833309996128082 0.30955582857132 0.272886748611927 0.802360963821411 0.465666028857231 0.622849005460739 0.545641052722931 0.624159294366837 0.278421607613564 0.357205751538277 0.353492571413517 0.51946063041687 0.670725029706955 0.325300657749176 0.414553874731064 0.522513410449028 0.438392043113708 0.701820915937424 0.420706278085709 0.299909396469593 0.464399561285973 0.673575508594513 0.816870540380478 0.864799159765244 0.705441701412201 0.447645890712738 0.892467021942139 0.819649302959442 0.943294560909271 0.862896913290024 0.700660055875778 0.835283225774765 0.401126378774643 0.380508914589882 0.277012726664543 0.185242788493633 0.160285622626543 0.124579237401485 0.189131589233875 0.21418517306447
0.526022851467133 0.626088643074036 0.699946844577789 0.607919692993164 0.567053490877152 0.733932328224182 0.674232137203217 0.439718002080917 0.322908112406731 0.742964464426041 0.454716351628304 0.695991426706314 0.861327505111694 0.619020563364029 0.427838116884232 0.511884739995003 0.245670948922634 0.376794177293777 0.357539176940918 0.3486995652318 0.41855396926403 0.661970746517181 0.653590130805969 0.693972170352936 0.939110517501831 0.373934675753117 0.741300278902054 0.86051732301712 0.980728721618652 0.630519813299179 0.431380748748779 0.815956461429596 0.559560459852219 0.519501027464867 0.68231782913208 0.887401902675629 0.894372773170471 0.503074023127556 0.744831138849258 0.44365716278553 0.479090738296509 0.306160308420658 0.224547146260738 0.228202757239342 0.173014378547668 0.145663888007402 0.229036086797714
0.681651771068573 0.638422679901123 0.779292815923691 0.503139320015907 0.432156893610954 0.424436241388321 0.416123260557652 0.427824300527573 0.30136332064867 0.509845754504204 0.682452034950256 0.58803471326828 0.743731254339218 0.383404187858105 0.502495339512825 0.20145441442728 0.0269285806454718 0.301147550344467 0.640665990114212 0.839967787265778 0.767991638183594 0.785543125867844 0.871810972690582 0.879040259122849 0.72826019525528 0.748930943012238 0.795009285211563 0.932704138755798 0.987691032886505 0.677889037132263 0.202109972387552 0.670970946550369 0.830171316862106 0.169957008957863 0.720092141628265 0.948053115606308 0.637797403335571 0.540674567222595 0.478793209791183 0.446053850650787 0.340460681915283 0.18968410640955 0.180069556832314 0.194370943307877 0.186111503839493 0.107492811232805 0.0944034844636917
0.524379339814186 0.468356981873512 0.394317455589771 0.368127997219563 0.362514571845531 0.373076564073563 0.365305182337761 0.449075105786324 0.490694451332092 0.636669623851776 0.367445290088654 0.40607573390007 0.397109511494637 0.510428437590599 0.518770772218704 0.442097601294518 0.574655237793922 0.591444352269173 0.674608236551285 0.950285524129868 0.903962057828903 0.894156366586685 0.777161914110184 0.438749465346336 0.367984721064568 0.359289035201073 0.351643937826157 0.900480657815933 0.854440641403198 0.956776440143585 0.532557520270348 0.518532112240791 0.86232288479805 0.840775728225708 0.635880666971207 0.655180650949478 0.921424603462219 0.534347081184387 0.131792096048594 0.394164371490479 0.549400788545608 0.149467112869024 0.134566656500101 0.216670199483633 0.181892480701208 0.182513474673033 0.140779583901167
0.540512269735336 0.506881523132324 0.490462636947632 0.320691601932049 0.33002612143755 0.481008875370026 0.444188737869263 0.58945494890213 0.841686820983887 0.454669779539108 0.662967467308044 0.732655602693558 0.425095129013062 0.401992297172546 0.400868824124336 0.373322242498398 0.365796594321728 0.362146708369255 0.349712470173836 0.355340600013733 0.477689662575722 0.369549678266048 0.843887102603912 0.711251276731491 0.376628428697586 0.302504849433899 0.251027275621891 0.17433305606246 0.295333409309387 0.752442276477814 0.866692608594894 0.749348425865173 0.667436724901199 0.589013609290123 0.309364566206932 0.254944729804993 0.41522801220417 0.399208480119705 0.815172684192657 0.520303255319595 0.810317152738571 0.565978720784187 0.319560743868351 0.156737630069256 0.117897784337401 0.175820667296648 0.176482737064362
0.242309278249741 0.335531157255173 0.365809863805771 0.334022690355778 0.262307241559029 0.255793003737926 0.26989686191082 0.419014877080917 0.236284394562244 0.281087324023247 0.272918669879436 0.307704089581966 0.304674197733402 0.294197577238083 0.397025525569916 0.41720943748951 0.440526098012924 0.560832738876343 0.498799312114716 0.67434024810791 0.498498284816742 0.377943560481071 0.642859292030334 0.799478560686111 0.62114392220974 0.830318433046341 0.853001946210861 0.754469734430313 0.0812271282076836 0.165077571570873 0.813500517606735 0.681172204017639 0.765500319004059 0.7808285176754 0.889196163415909 0.647105073928833 0.237267266213894 0.31630634367466 0.544535920023918 0.72474929690361 0.776426273584366 0.467462602257729 0.503362679481506 0.133620501309633 0.109035585075617 0.0805390454828739 0.139628302305937
0.313843244314194 0.149069885909557 0.202706587314606 0.164760580658913 0.182325348258018 0.184204583615065 0.203040319681168 0.216186018288136 0.238559445738792 0.242638103663921 0.239242309331894 0.24670502692461 0.256795084476471 0.279440554976463 0.291748270392418 0.310665374994278 0.330388440191746 0.392595666646957 0.349748077988625 0.32668082267046 0.50054192841053 0.551216098666191 0.52592730820179 0.761708402633667 0.794197779893875 0.841721707582474 0.825373411178589 0.634577959775925 0.303923232853413 0.0991261675953865 0.212390443682671 0.466707423329353 0.82124103307724 0.825022834539413 0.788597971200943 0.707441049814224 0.861075568199158 0.758309412002564 0.847452163696289 0.749929106235504 0.700684630870819 0.381023316085339 0.693743652105331 0.235760135948658 0.11857328414917 0.0858238145709038 0.0911620274186134
