Maxent_result_files_1/Bombus_alagesianus_2.asc
NCOLS 594 
NROWS 330 
XLLCORNER -15 
YLLCORNER 23 
CELLSIZE 0.166666666666667 
NODATA_value -9999 
[rows 240 to 259 of 330, columns 450 to 494 of 594]
2.74300027136576e-11 8.93651819211527e-13 1.77140524471042e-12 2.25156671085358e-11 3.80767006813443e-10 1.42394707136617e-10 1.03160702202842e-11 4.9813642100105e-11 4.99211783022702e-13 1.60608193411349e-12 2.81707990268387e-12 1.10380082851691e-10 7.19674997373687e-08 8.9401530622979e-11 8.3493922886646e-11 4.50912640559409e-12 1.15163434344367e-13 2.28927987677707e-14 1.78146386531353e-13 5.93809446058913e-11 1.15978726622501e-10 1.5392576102613e-12 8.57758308825396e-14 1.4255263636187e-14 5.02720087780517e-13 3.14061110451291e-11 1.4260606584493e-09 1.22426491167005e-10 7.90589815835574e-14 1.12245868155725e-10 2.47511257045474e-09 3.2848146425124e-11 3.92907928414843e-14 7.32214289200783e-13 1.23789867245705e-14 1.50324197534246e-14 1.30762067840351e-13 3.02291525144938e-13 4.19753121150279e-13 1.85499002935963e-08 3.1577545911432e-09 8.93886076269723e-12 7.31386062824413e-12 6.63071042739105e-08 7.86764908777826e-10
3.52617934851196e-13 5.63259439090302e-12 1.31612387654911e-11 1.67654778948645e-13 3.57841145603999e-10 2.73045241971914e-10 1.08855813252262e-11 1.71931358039501e-12 8.15492118277916e-13 3.30164351414197e-10 3.63143278891975e-08 1.71358736200666e-08 8.45856956144253e-08 7.96865851082629e-10 5.1707527148892e-13 1.21860299628906e-12 5.16085729707072e-11 1.69028293584006e-09 1.04141315571127e-09 1.36565599939686e-09 3.05804159772549e-11 5.19473353222111e-14 1.4166445794217e-14 6.16702133804381e-11 1.11329834240337e-12 9.00053365171516e-12 6.29192353773789e-10 7.85863929486652e-10 2.31569485809047e-10 7.41484651456403e-13 5.66312552408021e-12 1.80252053283425e-09 2.34343622285138e-10 1.57912571907559e-12 3.32289751270309e-13 4.422018307082e-13 1.55320201145059e-14 1.90958360235527e-14 5.67879077095768e-13 1.54255171636031e-08 2.55330201426318e-12 2.84251511217803e-12 6.2004378298397e-10 3.20355545502249e-07 1.00323037655059e-09
7.53030970912505e-13 7.11012699827762e-09 9.34328603152679e-08 2.01329619642365e-11 1.61363145068094e-12 4.4942716215246e-12 4.62249127863856e-12 6.16173778666962e-14 4.79616346638068e-14 2.56039633939054e-13 2.11410681183466e-09 3.78955006263837e-09 1.09269261183709e-07 1.93907982826147e-07 5.93000204496263e-11 6.85440593173325e-13 3.35631522574431e-13 6.29456908818327e-10 1.08900118922506e-09 8.18983337702583e-08 3.79147612195041e-09 5.97828420101365e-10 1.31683886017697e-11 2.61896493380931e-10 5.53116297208334e-10 9.045431070831e-13 1.09046105478683e-13 6.3504757008559e-15 1.61015645261386e-13 1.18706697804782e-09 2.9689362079921e-12 3.44966277765479e-12 1.29213306720999e-12 5.62866397935124e-10 4.12130607418959e-10 8.0672779567692e-11 2.17514894984561e-13 1.34046107547192e-12 1.79356529628194e-13 4.71844785465692e-13 1.04337649631248e-12 2.71638542770347e-09 4.39523108852757e-07 3.06669686311878e-09 2.41763462360822e-08
1.13198882378818e-08 1.05175234077493e-09 1.24873399398595e-09 3.62736617409709e-09 5.28432378965604e-09 1.28908979935005e-08 1.10652640161746e-08 4.05510069967363e-12 1.11463061003292e-11 1.18834064810613e-10 4.25304236273405e-13 9.90488691066105e-11 3.23685209746571e-09 7.70159462981646e-08 8.64152582824573e-10 9.27258270166931e-14 6.95665747230123e-14 9.21818177346267e-14 3.36952687973735e-14 2.83884027396653e-14 2.52242671194836e-13 7.12491510235225e-11 3.88567733544676e-11 1.75660643808584e-09 7.30882576682745e-11 1.48579614167588e-09 2.2937762800268e-12 3.73656661167843e-13 6.49036380195867e-14 1.5651091533897e-11 5.82044585084596e-08 4.4576679147923e-08 8.58499271672031e-11 2.56650256602597e-12 9.452944427224e-10 5.91202574673488e-09 1.85325249590917e-09 3.56974338977523e-11 1.4540334491997e-09 5.20845352403043e-09 5.43588566270792e-08 2.31062563926798e-07 1.21504977368403e-07 4.82290107850503e-10 5.5931126397013e-11
5.29968291473892e-12 4.26972901479417e-12 1.41875400316849e-12 7.63107133039398e-11 4.40102788801244e-07 1.20509044276851e-07 2.68253147761577e-07 1.08997754644236e-07 2.93760592073866e-08 1.91623183987133e-10 6.84297063457962e-13 6.63247234911068e-14 1.22022003612443e-10 7.73821007271636e-12 2.40620856573059e-12 3.24279048058429e-11 1.65845115418506e-13 3.47721851312599e-14 3.20188320301895e-14 3.28403970684121e-14 3.03534974932518e-14 5.59219337503691e-14 2.88458146258108e-12 4.93369789467124e-12 9.96866034164157e-11 3.47880702022962e-10 4.1394665473149e-13 2.81341616670261e-13 1.73894232347038e-13 1.62085900257125e-12 1.8057993989018e-10 4.91116147749437e-11 2.63343391537774e-10 6.03770589080455e-11 1.09926245883685e-09 1.57175574777568e-09 1.46698637681908e-09 1.28606152394184e-09 8.31567705805725e-09 1.27076390521452e-09 6.03012747513176e-09 1.3545160659767e-09 3.61984770047563e-08 3.64119351337067e-09 2.07850007205579e-09
3.59379193071163e-14 2.18269846641306e-13 3.49764661677909e-13 2.10274908596375e-11 4.99577302859322e-09 1.30948929477626e-10 2.730071724244e-12 1.66739653195691e-09 7.01590426865906e-09 1.06135100708116e-12 1.35691458069687e-13 1.49553702755156e-12 3.70481423317415e-14 8.34887714518118e-15 5.03486141667508e-14 1.88438153969628e-13 2.91766610871491e-14 3.44724249146111e-14 4.00790511889682e-14 4.23105994684647e-14 4.22994972382185e-14 3.86357612569554e-14 4.72732963885392e-14 3.31956684362922e-14 6.72906175225307e-14 2.68451927354363e-14 4.67403893367191e-15 1.11066711383501e-13 9.36251076666394e-14 1.56652781857503e-09 1.61668611831089e-10 6.51595888356837e-11 2.95374805725501e-09 2.56691898847805e-09 2.25661485053763e-09 3.24641791227265e-10 1.99099403630498e-11 7.33732408164656e-11 1.25340876566682e-09 7.01860825014222e-10 1.47185014176543e-09 8.17726941715335e-10 1.50508010499095e-09 7.27797210275938e-09 1.08778412943877e-09
1.45236045412389e-12 6.07847105982273e-14 2.31592522936808e-14 1.30306876400255e-13 1.12224673998185e-12 3.80251385934116e-14 3.62043728330264e-14 8.83293438391775e-14 1.50157664080552e-13 4.46420678201775e-14 2.2859492077032e-14 5.18252107895023e-14 6.69686528453894e-14 4.97935026544383e-14 1.41853195856356e-13 4.00013355772444e-14 4.29101199017623e-14 6.20392626160537e-14 5.55000490010116e-14 6.67021993194794e-14 6.98441304791686e-14 6.31716901011714e-14 7.30082660993503e-14 7.01660951563099e-14 6.35380636992977e-14 4.74842387632179e-14 2.90323320939478e-14 2.04725125740879e-14 4.21995771660022e-14 3.09529069042469e-11 1.26658683541336e-12 1.31031407946125e-11 6.49821974008091e-10 1.29468435972058e-11 2.02515781921875e-11 6.83316581095994e-10 1.4895196187581e-12 4.88620255367778e-13 8.99879382121327e-10 8.04739941351329e-11 1.24448229499308e-12 7.53358153637862e-11 6.61417098868355e-10 1.62147061333329e-09 1.21638394912082e-09
1.1168932445571e-11 7.84927678409986e-14 1.49102952207159e-14 5.313527395856e-14 1.52433621281034e-14 2.08943973234454e-14 1.18016707517654e-14 2.24709140184132e-14 3.71036534829727e-14 1.73083769539062e-14 2.27373675443232e-14 4.39759340054025e-14 4.13558076672871e-14 3.35287353436797e-14 2.0442536552423e-13 1.66155977865401e-13 6.88782364477447e-14 8.08353384229577e-14 8.8395957220655e-14 9.48796596844659e-14 1.11688436277291e-13 1.21902488103842e-13 1.42219569454483e-13 1.7768009286101e-13 1.56819002228303e-13 1.46294087954857e-13 8.10906897186214e-14 7.15760783975838e-14 2.91544566266566e-14 2.99427149741405e-14 1.63982050160882e-11 1.3100143192446e-11 1.83680848309109e-12 2.39518294087304e-11 5.63771251904655e-14 4.73221462016227e-13 8.45659098303031e-12 2.0832746638888e-11 3.52047280216539e-12 2.80238721117598e-11 5.39101998597857e-09 2.15044553497634e-08 3.77473485801971e-10 3.70911601432766e-10 3.73175823575878e-11
9.65647894979327e-11 6.222800053024e-14 3.59490215373626e-14 1.68753899743024e-14 2.51243470472673e-14 4.48419079646101e-14 2.57981414009123e-12 1.28452803949131e-13 2.80553358322777e-14 2.23265850252119e-14 2.01616501271928e-14 2.75002243199651e-14 7.34412530789541e-14 3.7159164634204e-14 3.70725727893984e-10 1.05226938273972e-13 8.27560242555592e-14 1.4915846335839e-13 4.89719376162157e-14 1.88982163251694e-13 1.92479365779263e-13 2.02426964079905e-13 2.73714384491086e-13 2.68951527715444e-13 2.43038922320693e-13 1.77169390269682e-13 1.04771746833876e-13 4.65294469620403e-14 3.86024545662167e-14 9.79216707719388e-15 2.27484697745695e-14 7.97140131680862e-15 1.15019105351166e-14 1.17905685215192e-14 8.97715235481655e-13 7.087663789207e-14 2.20157225783169e-14 1.31228361510694e-14 2.12940776123105e-14 2.36943797915501e-13 3.13160608556018e-12 7.07194303117831e-12 1.10735864922162e-12 2.15595319374984e-12 8.79241124351893e-13
1.50418455469037e-11 5.77700109971602e-12 4.002909115286e-13 5.36348743196413e-14 4.00346422679831e-14 7.92033105767587e-13 5.95323790264501e-13 8.73079386565223e-14 3.06976666308856e-14 6.57252030578093e-15 8.10684852581289e-14 5.76927394746463e-13 8.51652082189958e-14 7.8115292012626e-14 7.03659353007424e-14 4.00005251144364e-11 7.01549929260636e-14 2.05646610851318e-13 2.93332025336213e-13 3.38029604307621e-13 3.18245430008801e-13 3.39772654456283e-13 3.4386937741715e-13 3.82838205581493e-13 2.74014144707735e-13 1.2134737659153e-13 5.23581178413224e-14 2.66453525910038e-14 2.22821761042269e-14 1.81366033302766e-13 2.55462317966249e-14 3.46722650590436e-14 2.94098079223204e-14 2.6256774532385e-14 2.70672373403613e-14 4.4086956307865e-14 4.04787314778332e-14 1.1847189895775e-13 8.25339796506341e-14 8.95283847057726e-14 1.31835653505163e-12 1.60403801352516e-11 2.19556373082241e-11 1.39799849474542e-09 1.41469280734441e-11
4.03421740458043e-13 1.40305544960029e-12 6.8889338677991e-12 1.43252076867384e-13 3.530509218308e-14 1.43496325932801e-13 2.99427149741405e-14 1.72928338315614e-13 4.51638726417514e-14 3.61266572213026e-14 4.35651514862911e-14 7.03770375309887e-14 7.48623385504743e-14 9.39803790345195e-14 5.79980508064182e-14 1.20217169552461e-12 6.30606677987089e-14 7.4407147110378e-14 1.65512048511118e-13 3.1078473128332e-13 1.48425716162137e-12 5.29620791667185e-13 3.90765197977316e-13 3.21276338866028e-13 1.00708330563748e-13 4.79172257428218e-14 3.23185922468383e-14 2.71116462613463e-14 4.98823204964083e-14 2.03413952348797e-12 1.68787206433763e-13 7.48845430109668e-14 5.47129008765523e-13 5.85753667792233e-14 1.26565424807268e-13 4.4837578094814e-12 1.30908617279601e-12 1.63778990369678e-12 1.3184453528936e-12 3.34099414800448e-13 1.49813494942919e-13 8.93458862449847e-11 1.8425752035256e-10 4.93585838867716e-11 3.59172691588583e-10
2.98125968356544e-12 9.58511048310129e-13 6.86654733073055e-11 2.25447077673024e-09 1.78902448411122e-12 2.88827850525308e-12 4.34374758384592e-13 8.00026711544888e-14 6.86894985335584e-14 5.45896661208189e-14 5.60884672040629e-14 5.58741941603103e-13 2.62012633811537e-14 1.15485399021509e-13 5.51336754028853e-14 3.58713059256388e-14 5.45086198400213e-13 6.53255227689442e-14 1.35991218286335e-13 4.62774263354504e-13 2.54030130264482e-13 1.10100817352077e-13 9.88764625731164e-14 1.11433084981627e-13 1.4397372183339e-13 1.26532118116529e-13 1.21735954650148e-13 5.69644331704922e-13 1.25561672170704e-11 1.80876558175669e-10 1.68798308664009e-12 1.16228249247285e-11 5.09277398030861e-10 1.17960419210306e-11 1.83417225851912e-09 8.85872486477979e-11 1.68962954738561e-11 6.46318566110971e-08 1.10405761089005e-08 1.22164103166789e-08 2.82607472978924e-09 3.02035356725128e-09 8.73599648176793e-10 1.19904732587273e-08 2.63658284829216e-06
2.0132621125768e-10 7.19632131662706e-12 3.15444337317672e-12 3.18511883534711e-13 1.25254251415186e-12 1.00145447490263e-12 1.13983267269191e-12 4.48308057343638e-14 1.23712151633981e-13 2.31270558259666e-13 2.6887381210372e-13 2.831512802004e-13 1.74749104076e-13 1.41997524849558e-13 7.09099445828088e-14 3.05089287166993e-14 3.96427335402905e-13 5.56621415626068e-12 5.63205038162096e-13 4.25104396128972e-14 4.29434265925011e-14 5.31907851097913e-14 6.74682532064708e-14 1.0591527654924e-13 1.95443661255013e-13 3.43325368135083e-13 4.53877945227887e-09 1.75786965539437e-08 1.28316587277855e-07 5.17226286578243e-08 1.88735987401989e-06 6.85117776833e-07 6.56950029154224e-08 2.39716498995346e-07 1.41974685585189e-05 6.11677994410975e-07 5.98950657626496e-07 6.17566507689848e-05 0.000135600695252813 4.41556008066057e-05 1.32867209223786e-07 5.18514768650391e-06 1.92639168060893e-05 1.96532605094113e-05 9.68089262931571e-07
2.3255919666676e-07 2.30828298808383e-07 3.10811073656048e-08 3.70925234971509e-10 5.94707616485834e-12 1.06326059068351e-13 2.84117174231824e-13 1.38600242394205e-13 5.07016650885817e-13 3.75821596065862e-13 6.3682392692499e-14 4.7617465526173e-14 2.3108182034548e-13 1.36013422746828e-13 9.12159237032029e-14 3.83360010403067e-14 6.85784762310959e-14 4.40092406961412e-14 3.38411521028092e-12 3.47044615267578e-13 3.24629212400396e-14 6.20836715370388e-14 2.61368704457254e-13 8.5094931101537e-12 2.59703860638893e-09 1.97900269616191e-07 4.20796885891583e-08 1.9902277126338e-08 1.66954009428455e-07 1.11017882474806e-06 3.3298949505145e-05 1.42281691483115e-06 1.1948486978719e-06 0.0129604384052755 0.00715938137900594 0.00307824827709027 0.00157400563780534 0.00776519428432039 0.000328260088299226 0.00173379707122585 0.00324623350257198 7.25319308831351e-05 1.69691816854667e-05 1.19781292357013e-05 6.71312752175357e-05
2.53971197183844e-08 4.64301030955738e-10 3.44207395253093e-08 6.12836781321846e-11 6.81004053149081e-10 2.03205785531679e-11 1.16624487844774e-12 7.07989222803462e-14 9.11493103217254e-14 2.78366218964266e-13 1.19060317160802e-13 8.71414052028285e-14 2.84361423297241e-13 3.79785092263774e-13 1.37678757283766e-13 7.47846229387505e-14 9.19375686692092e-14 7.74158515071122e-14 6.15840711759574e-14 8.01692046081826e-14 1.74094072491471e-13 3.58879592710082e-13 9.44269440417145e-11 7.94381924684728e-09 1.61469707355977e-06 1.05205053986257e-06 0.000245002810926542 0.000246674509364153 0.000872599663729501 0.00054317308480849 6.93726807373674e-06 1.15625436473588e-05 0.000148694965244189 0.000213587138190352 0.0305961063947507 0.0348828434917777 0.023884624304128 0.00743826567297674 0.0150020367790603 0.0092612154792846 0.00519871193283876 0.0197155894552679 0.00766672948279847 0.00088776027022508 0.0135529010924159
7.36958779790076e-07 9.06481657514391e-09 9.01338437220289e-10 6.66694810469437e-11 4.23899815249484e-10 2.11817674511394e-11 1.31536705971769e-09 8.6985973979381e-14 3.24562599018918e-13 1.06614717054754e-13 4.29256630241071e-13 1.05450093101922e-12 1.6796564139554e-13 2.28428387316626e-13 2.17292850379636e-13 1.5745182935234e-13 1.84630088995164e-13 1.26099131136925e-13 2.97972757579146e-13 1.99407157452924e-12 1.13717546490477e-10 2.62195987144054e-09 1.01563592366238e-06 1.03887859962515e-05 5.25382326699742e-05 0.0111318337955936 0.00307714018214824 0.0174553684202351 0.0170938022267535 0.0126635237968685 0.0266236665236647 0.0315553973758142 0.0307937148392739 0.00295987265136546 0.00795609115034495 0.00938933478955732 0.0163878644159013 0.0106771332000562 0.00437631611805216 0.0460153585408989 0.0141629523205779 0.0225593153593991 0.00171214660273762 0.0166486355364327 0.0132492199575836
5.51288739547573e-08 2.62338022938291e-07 3.92113008729211e-12 5.313527395856e-13 7.37632122049803e-10 5.32340838077516e-12 1.92154070433048e-12 3.89588361571214e-13 4.42768044450759e-13 4.8704373867281e-13 8.99835761458689e-14 7.31681382148963e-13 1.80130577120963e-11 3.98498900544553e-11 3.33111316308532e-13 2.6540991626689e-13 2.40285569219623e-13 1.65878422109245e-13 3.43303163674591e-13 4.47764048061572e-13 1.3238599105847e-11 1.03936081963241e-10 1.38660414705782e-08 6.46270317217201e-07 7.23024545180584e-06 2.5907786234125e-06 1.18202429253533e-05 1.54746167622122e-06 1.00662040155686e-05 0.000398308343507381 0.00298918705659617 0.00570972240936953 0.00688854910786176 0.00837673562882628 0.0210340221103252 0.00603851806049533 0.005076085150381 0.00484349087682858 0.00801017914026261 0.0222625515589698 0.0172349166100503 0.00448870409425552 0.00175356250696446 0.00489811140414247 0.0171326473649145
9.64153201721274e-12 1.29865529441275e-10 4.38666880597793e-12 3.79596354349587e-13 2.22396545623837e-11 5.16853226883995e-13 4.14890344302421e-14 2.41762165842374e-13 5.47561995745127e-13 6.76536604515832e-13 4.45921077840694e-13 4.24160706558041e-13 6.0203730889441e-12 2.43741693495281e-11 1.10733644476113e-12 2.6905144778766e-13 3.95972143962808e-13 5.57165424908135e-13 3.97859745149276e-10 1.45662027750681e-07 5.85800055130648e-09 1.92950078137244e-10 9.75798331026567e-12 2.05334733993645e-08 9.72640098639843e-07 2.29719234159376e-06 6.16599513575733e-05 0.000153502006907613 0.000148164971387899 0.00175390428111371 6.11934205879572e-05 0.00297859987307163 0.00389399007480051 0.00352425446918687 0.00728493712329055 0.0402345524264092 0.0795044587812299 0.00395687430790588 0.00212622594652601 0.00758862762060062 0.0155797917745417 0.0234895352932199 0.00415818832814949 0.0227440177451285 0.013869345803667
1.57972634973191e-10 9.72930402909356e-11 3.02013969388781e-12 2.43440823055607e-12 1.45377043736516e-12 8.79019079746968e-13 3.78364006792253e-14 2.51676457452277e-13 4.14435152862325e-13 6.45434816703982e-12 5.3104298736173e-12 1.14183773547438e-11 2.36219932503445e-11 1.50158674383505e-10 1.50558576716975e-10 2.45074183169436e-11 2.8492130876856e-10 1.32352684367731e-11 2.07859118805942e-09 6.38954682252724e-07 2.1293199181649e-08 1.23240597914576e-06 3.07221750428521e-07 2.17918277867213e-09 4.8976658143518e-07 8.98701057434614e-06 0.00470672985533511 0.00643550307253236 0.0275477413016233 0.00487730488833904 0.00484760798519801 0.000836121935112999 0.00147583287953523 0.00362561922388522 0.0054198903986844 0.0386015535670595 0.036400715284708 0.0524326122764251 0.00772132381451343 0.00202877264480108 0.0112724318664561 0.0130467345484476 0.0118428369663746 0.0103870666213965 0.0508625796015792
1.33750788222642e-12 4.25852575425267e-11 1.65051639022806e-11 1.15799592137478e-12 8.84854411964398e-12 4.05364630751137e-13 1.46627154862244e-13 2.06077699349549e-10 2.99016367222293e-13 5.88817883340198e-13 2.92992297090677e-12 3.70851682696127e-11 1.89556148555425e-11 3.16862425187026e-11 8.73105032717092e-11 8.4041703596327e-09 2.95794078120082e-10 1.57143509316171e-10 1.24404686552282e-10 5.82543781102451e-07 1.51686582846589e-06 2.50342861286557e-05 9.17790396012252e-06 0.000112759724044975 0.0023137469915727 0.0121936358757864 0.00354713507857625 0.00241757441879997 0.00486894340161257 0.0245544867873832 0.00554770452336015 0.00386966251478498 0.00531496058317771 0.00506587354627754 0.00343675413645315 0.00411890168288664 0.00514880594936358 0.000958153566542563 0.00256872050907191 0.077233984484792 0.00658510054679908 0.001570307925126 0.00115483273371169 0.00512276287402003 0.00724359769228329
