Maxent_result_files_1/Bombus_niveatus_2.asc
NCOLS 594 
NROWS 330 
XLLCORNER -15 
YLLCORNER 23 
CELLSIZE 0.166666666666667 
NODATA_value -9999 
[rows 60 to 79 of 330, columns 322 to 367 of 594]
0.000675795892311726 0.000413347986614099 0.000312049293279415 0.000547912948240992 0.00119425442826469 0.00064169148390647 0.000482993431796785 0.00144848628551699 0.00267268762690946 -9999 -9999 -9999 -9999 -9999 -9999 -9999 -9999 -9999 -9999 -9999 -9999 -9999 -9999 -9999 -9999 -9999 -9999 -9999 -9999 -9999 -9999 -9999 -9999 0.00821114392019808 0.000451421141042374 3.95895516703604e-05 0.000213312813139055 0.000210883507679682 0.000205794088105904 0.00021676687465515 0.000213912915205583 0.000232688317191787 0.000237197294336511 0.000248559437750373 0.000369656959082931 0.000271798203175422
0.000444977785082301 0.000440786107355962 0.000348563253646716 0.000311183087615063 0.000266588054364547 0.000280211437348044 0.000219547771121142 0.000267008889932185 0.000261383127508452 0.000195849892679689 7.96852730672981e-05 0.00681742622982711 -9999 -9999 -9999 -9999 -9999 -9999 -9999 -9999 -9999 -9999 -9999 -9999 -9999 -9999 -9999 -9999 -9999 -9999 -9999 -9999 -9999 0.000257857081169277 1.88543035619659e-06 5.78227136429632e-05 0.000148575849561894 5.6407828196825e-05 4.78680713058566e-05 0.000132456725145857 0.000207263816628256 3.02389324133401e-05 1.56033603957439e-06 -9999 -9999 -9999
0.000409974401554791 0.000394565051828977 0.000350348731444683 0.00031057851301739 0.000288549223478185 0.000266514947725227 0.000239552056518733 0.000232410505122971 8.50987607918796e-05 0.000184798018744914 0.00024727488780627 0.00013674079291377 0.00027193616333534 0.0108830243814737 -9999 -9999 -9999 -9999 -9999 -9999 -9999 -9999 -9999 -9999 -9999 -9999 -9999 -9999 -9999 -9999 -9999 -9999 0.00108164101184229 0.000258844422205584 0.000273015324637527 1.8003695868174e-05 4.54142248599965e-05 0.00012210017630423 1.69864700183098e-05 0.000211069901524752 -9999 -9999 -9999 -9999 -9999 -9999
0.000480927294120193 0.000477395538473502 0.000514276903413702 0.000444665958639234 0.000400062602420803 0.000323222803126555 0.000258344179746928 6.9046037242515e-05 0.000228023411546019 0.000229992538515944 5.71556282920938e-05 6.67355238874734e-05 0.000106405325004744 0.00158652989775874 -9999 -9999 -9999 -9999 -9999 -9999 -9999 -9999 -9999 -9999 -9999 -9999 -9999 -9999 -9999 -9999 -9999 0.00201995680399705 0.000163066922505095 0.000351570580824045 0.000374098411703017 1.9439746279204e-05 8.66271010409037e-06 0.000294721968384692 -9999 -9999 -9999 -9999 -9999 -9999 -9999 -9999
0.000156557828995574 0.000543493311852217 0.000164869025684311 8.84654701167165e-05 3.22532939890152e-05 0.000184359907507314 0.000153612605572562 0.000350902972422773 0.000312944407050963 0.000271599073312245 0.000254148637031904 0.000227630477456842 5.01830139000958e-05 0.000170454912768037 0.00204175196704455 -9999 -9999 -9999 -9999 -9999 -9999 -9999 -9999 -9999 -9999 -9999 -9999 -9999 -9999 -9999 -9999 2.23016639619544e-05 0.00256966521264985 0.000315743780811317 0.000114774883877544 0.000113794168646564 0.00026019676370197 9.71590170593117e-05 0.000121376638890069 -9999 -9999 -9999 -9999 -9999 -9999 -9999
9.7289300583725e-06 4.14611562291611e-05 2.08528605298852e-05 1.2298214232942e-05 1.32604149939652e-05 7.34522824359374e-06 0.000118117564261411 0.000238111169892363 0.000254626244714018 0.000387115826742956 0.000153095893983846 0.000285955690196715 0.000272557623975445 4.95583716656256e-05 0.000255120568908751 0.000956571384449489 -9999 -9999 -9999 -9999 -9999 -9999 -9999 -9999 -9999 -9999 -9999 -9999 -9999 -9999 -9999 -9999 -9999 0.000154190756438766 0.00189556642144453 0.000253431842429563 8.63775589095894e-05 0.000246998893271666 5.73359534428164e-05 0.000135105212029885 1.72172681914162e-05 2.40450143849102e-05 -9999 -9999 -9999 -9999
0.000117082580527494 0.000145975142004318 0.000496094553091098 0.000569779078068677 0.000548745665582828 0.00051417792274151 0.000494572127354331 0.000453716226911638 0.000436184090358438 0.00047099602088565 0.000351697186124511 0.000114013287020498 5.0481257494539e-05 0.000125520016126757 0.000124992685277903 1.82058867380874e-05 -9999 -9999 -9999 -9999 -9999 -9999 -9999 -9999 -9999 -9999 -9999 -9999 -9999 -9999 -9999 -9999 -9999 -9999 -9999 0.000323803879746265 0.000153708528523566 0.000181475418867194 0.00126810646615922 3.28227461068309e-05 3.57083188646357e-05 2.09262226348983e-05 4.95925620271009e-05 -9999 -9999 -9999
0.00036645878572017 0.000360510568134487 0.000117913710892026 0.000265097345254617 0.000199887963390211 0.000173144648579182 0.000240332511384622 0.000849386764457449 0.000638665547012351 0.00010867795390368 0.000318018574762391 5.96517871599644e-05 0.000202892671222799 0.000461171719871345 -9999 -9999 -9999 -9999 -9999 -9999 -9999 -9999 -9999 -9999 -9999 -9999 -9999 -9999 -9999 -9999 -9999 -9999 -9999 -9999 -9999 7.24861215644523e-05 0.000179525043131434 1.1624366143792e-05 0.000176101820397889 0.000632326696359087 0.000307192429318093 0.000238218772574328 0.000370995200501056 0.000653798538405681 0.000847845802127267 0.00052558324086931
1.30796406438094e-05 0.000269206352095352 9.55264447838999e-05 0.000452983351715375 0.000468890284537338 0.000451610243180767 0.000854379999509547 0.00337272014003247 0.000163730270651286 0.000178047113877255 0.000375271205848549 0.000153292720915488 1.65111233059179e-06 -9999 -9999 -9999 -9999 -9999 -9999 -9999 -9999 -9999 -9999 -9999 -9999 -9999 -9999 -9999 -9999 -9999 -9999 -9999 -9999 -9999 0.00012300141625019 0.00035303361937622 0.000236409373610513 0.000157060245692264 0.000228451211296488 0.000124955996579956 0.000367448380711721 0.000286256312392652 0.000175504593062215 9.07056626601843e-05 0.000368205008999212 0.000246009091642918
4.48613276148535e-05 0.000144858402563841 7.34765840206819e-05 0.000234660832938971 0.000459357748331968 0.000287277511233697 0.000557676142489072 0.000315328037686413 0.000375180578703294 0.000490053815155989 0.000295231697964482 -9999 -9999 -9999 -9999 -9999 -9999 -9999 -9999 -9999 0.00194489022251219 0.000899159118125681 0.000546200464305002 0.000209934669328504 -9999 -9999 -9999 -9999 -9999 -9999 -9999 -9999 -9999 0.00339172082021832 0.000124308020349417 0.00090155927464366 8.83257056557341e-05 0.000160495849922881 0.000290313421282917 0.000573775969678536 0.00191142039839178 0.00147422692389227 0.000185227218844375 0.000384842793573625 0.00115604678576346 0.000503918121103197
2.94787203984015e-05 0.000129045614448842 1.40214174507491e-05 6.97782618544807e-05 3.30889888118691e-05 0.0022668807534501 0.000458197311672848 0.000112012536555994 -9999 -9999 -9999 -9999 -9999 -9999 -9999 -9999 -9999 -9999 -9999 0.000484585804952076 0.000312178555759601 0.000562410376733169 0.000511646289305645 0.000477824762674572 0.00418944234261289 0.00183167929717456 0.0015931909205392 0.000364360278035747 5.79974001084338e-05 0.000571854374720715 -9999 -9999 -9999 0.00024766211026872 0.000397216320561711 0.000324664577783551 0.0002301987271494 0.00476436621975154 0.000546345503244083 0.00128197424346581 0.00077204565750435 0.000147936358371226 0.000851069713098696 0.000582060238230042 0.00246413919376209 0.000205455909053853
3.15456967655336e-05 -9999 -9999 -9999 -9999 -9999 -9999 -9999 -9999 -9999 -9999 -9999 -9999 -9999 -9999 -9999 3.19020472488774e-05 0.00166883433703333 0.000992666612728499 0.000687572377501056 0.00159970546956174 0.0012200553144794 2.16289180798412e-05 0.0016263754107058 0.000251540747922263 0.00105269596388098 0.00147691778838634 3.11897500978375e-05 0.000349133959389292 0.000926712308864808 0.00131646083755186 0.00772719618980773 -9999 0.0101518003735691 0.0028949148952961 0.00183430660981685 0.0011406798788812 0.00126637935172766 0.000772993380087428 0.000955513736698776 0.00170220137806609 0.000253868245090416 0.00029193869268056 0.000211483022212633 0.00129644072731026 0.00055824058727012
-9999 -9999 -9999 -9999 -9999 -9999 -9999 -9999 -9999 -9999 -9999 -9999 8.58905992572545e-05 0.000137843580341723 0.00483526478055865 0.000833958084695041 0.00118161912541837 3.44384385925878e-05 0.000112082371560973 8.58990164488205e-05 0.0088823061902076 0.00804631244391203 0.00212246188893914 0.0031795114511624 0.00422531410586089 0.00200984055991285 0.00120061051566154 0.000223205355723621 0.00117859277816024 0.00434170025400817 0.00403814546298236 0.00226659076870419 0.00250251210527495 0.000592454630532302 0.00899789617396891 0.00348708680830896 0.00417546089738607 0.000655802062101429 0.00265688007930294 0.00100162103772163 0.000299827671551611 0.000398884338210337 0.000842452861252241 0.000480481161503121 0.000493150042893831 0.00438028336502612
-9999 -9999 -9999 -9999 -9999 -9999 -9999 -9999 -9999 -9999 0.000615294121234911 0.00577198148239404 0.000190489196029375 0.000216277567233192 0.000361518283898477 0.000194959140208084 8.92837520950707e-05 0.000296079594409093 0.000249351856473368 0.00129550721612759 0.00648801645729691 0.00505326401907951 0.00362403559265658 0.00370498145930469 0.022602626029402 0.0147957381559536 0.00204874941264279 0.000834297917026561 7.55114868297824e-05 0.00131125121552031 0.00625118223251775 0.000226334335820866 0.00307152811437845 0.000410244765225798 0.00138883283943869 0.00562436915934086 0.00259172871010378 0.00047678031551186 0.000388266461959574 0.00200585806742311 0.000856712722452357 0.00113041879667435 0.00132419588335324 0.00155394357861951 0.00106215628329664 0.000389989894756582
-9999 -9999 -9999 -9999 -9999 -9999 -9999 0.00508365395944566 7.14173639607907e-05 2.51265322731342e-05 0.00471278099576011 0.00135571667633485 0.000214818324457156 0.000526898672978859 0.001024263194995 0.00168099961592816 0.00291136187734082 0.000699012406403199 0.00279043231857941 0.00456188388634473 0.00504004850517958 0.00284113417728804 0.00796161447651684 0.00766451261006296 0.0215027637779713 0.0158570682164282 0.0209195088595152 0.0048565385164693 0.0015452271909453 0.00222801036434248 0.00325483065098524 0.00554291690932587 0.00452902879333124 0.00667760993819684 0.00509158216882497 0.000665965395455714 0.00614563398994505 0.00305232643149793 0.00166149072465487 0.0019951677066274 0.0017257695319131 0.00222544154385105 0.00161101439152844 0.00275375812780112 0.00329762985929847 0.000890697998693213
-9999 -9999 -9999 -9999 -9999 -9999 0.00310008879750967 0.00459289598511532 0.000171108809081488 0.00134262277279049 0.00087236576655414 0.00405808728537522 0.000966254872037098 0.000348782724176999 0.000754500037874095 0.00219790606060997 0.00245672763412585 0.00446135346137453 0.000114266061882518 0.00089145490055671 0.00223822460393421 0.00105211255431641 0.0261021346785128 0.0084720753133297 0.0234008962288499 0.0168812081217766 0.00810180499684066 0.00105356406056671 0.00152077879465651 0.00173834827146493 0.000855446353671141 0.00100302316132002 0.00300826048478484 0.00256484920391813 0.00459134872071445 0.0028156301821582 0.000964995217509568 0.00481026310008019 0.000523458379029762 0.000916149167460389 0.00188949758885428 0.000686192070133984 0.000589854891586583 0.00248405880993232 0.00191938575590029 0.000635861013870453
-9999 -9999 -9999 -9999 -9999 -9999 -9999 0.00409866197733209 0.000221761244756635 0.00130769830720965 0.000132129458143027 0.000125504291281686 0.000971012859372422 0.000594763916888041 0.00361698944761883 0.0151228939415887 0.00574700623983517 0.0211024715332314 0.00395539944292977 0.00204900636454113 0.00597767787985504 0.0187222139909863 0.00370717798359692 0.00500281578861177 0.00666509498842061 0.0090349409962073 0.00134856675867923 0.00359089851845056 0.000510155427400605 0.00046054964477662 0.00115574135852512 0.000452531049813842 0.000665522746567149 0.00119238557235803 0.00234272667439654 0.00250943716382608 0.00202397535904311 0.00315743453102186 0.000893820081546437 0.000411853988771327 0.00101389333140105 0.0008511956766597 8.13818185633863e-05 0.000967791341827251 0.000500831587123685 0.000270981775247492
-9999 -9999 -9999 -9999 -9999 -9999 -9999 -9999 -9999 0.000248370605550008 5.56689189124882e-05 0.000722007695003413 0.000368628407159122 0.0142176457680762 0.00325037825386971 0.0210716377943754 0.010653010813985 0.0111510058166459 0.00242520347528625 0.00257239735219628 0.00107809268520214 0.000108679970435333 0.00411955678137019 0.000903549120994285 0.00016266639559035 3.8624213584626e-05 0.00271334055578336 0.000527454150142148 0.000111078491045191 0.000189885542386037 0.000272477127691673 0.00106288346869405 3.82212351269118e-05 6.0449924239947e-05 0.00160199097008444 0.00268940002424642 0.000960534476325847 0.000582892520469613 0.00209074910962954 0.0184059699065983 0.00427442064974457 0.00105469021509634 0.000318319115103804 0.000704417120141443 0.000151476702376385 7.1497777616969e-05
-9999 -9999 -9999 -9999 -9999 -9999 -9999 -9999 -9999 -9999 6.9592605723301e-05 0.000424551112519111 0.000617216365935747 0.00253029871382751 0.00748962245415896 0.00222740715544205 0.000837207252334338 0.0014922709815437 0.00418321454199031 0.000686843399307691 0.000940807873848826 7.24642664863495e-05 0.00116376930091064 0.00124925501877442 0.000467294828467857 1.20607019340468e-05 2.71728784355219e-05 3.72185133237224e-06 0.000347599719589198 0.000135163676441152 0.000395530136302114 0.000229431407387892 0.00101533953275066 0.00012226884446136 0.000434908184979577 0.00104702486714814 0.000877077458426356 0.000272980073350482 0.000865710001380648 0.00108478025213117 0.00022970531140345 0.00105446354136802 0.000103524741643923 0.000171639241489174 0.000242356620219653 0.000341133165056817
1.49072594012978e-05 -9999 -9999 -9999 -9999 -9999 -9999 -9999 -9999 -9999 0.000369594997027889 0.000223487797484268 0.000751001821481623 0.000313372770870046 0.000600579098681919 0.000423648513242369 0.000559988395252731 0.00124982831475791 0.00212912842980586 0.00333219820167869 0.000188427809553104 9.79976078269829e-05 0.000568283855682239 0.000546823476906866 0.000144224880932597 0.000294336930437566 0.000115020532950894 0.000288381191057852 0.000772715479251929 3.09290956010955e-05 0.000677979422471253 0.000290447100269375 0.00120245516009163 0.000241588647077151 0.00425417554797605 0.000531640601548133 0.000271431305372971 0.000282935746508883 0.000283381188819476 0.000108117114086781 0.000227935504699417 0.000389302412077086 8.31844872209331e-05 0.000142687674906483 0.000835590985661838 0.000353300502320053
