Maxent_result_files_1/Bombus_cullumanus_2.asc
NCOLS 594 
NROWS 330 
XLLCORNER -15 
YLLCORNER 23 
CELLSIZE 0.166666666666667 
NODATA_value -9999 
[rows 168 to 188 of 330, columns 282 to 328 of 594]
0.277167835831642 0.255093109607697 0.262484830617905 0.233697691559792 0.223330381512642 0.216604459285736 0.214599674940109 0.227495190501213 0.230859926342964 0.262755423784256 0.251273563504219 0.209110130369663 0.230854961276054 0.24762020111084 0.252710583806038 0.219184727966785 0.115781550854444 0.0994010105729103 0.113889509439468 0.206238117814064 0.265783369541168 0.261940002441406 0.24383310675621 0.361734622716904 0.35849476903677 0.469093627622351 0.438354018330574 0.20241359770298 0.230623188614845 0.611819902807474 0.289934629201889 0.288370141386986 0.228704833984375 0.248106724023819 0.414046883583069 0.213978274166584 0.237764212489128 0.236193391680717 0.240569460391998 0.238648471236229 0.234376519918442 0.216009913384916 0.233721309900284 0.232512557506562 0.22753839790824 0.227443203330269 0.224015849830014
0.275518077611923 0.251118871569633 0.243045771121979 0.231875425577164 0.193234260380268 0.131853021681309 0.218169358372688 0.186775775253773 0.22248902618885 0.224380075931549 0.187956382334232 0.137673310935497 0.232240426540375 0.233943074941635 0.239190313220024 0.101166993379593 0.0951028689742088 0.243784356117249 0.236633494496346 0.223155356943607 0.257190436124802 0.242915686964989 0.138865633308887 0.107996596395969 0.119693963229656 0.113264174759388 0.276872819662094 0.102976778149605 0.27856393456459 0.233453410863876 0.232088893651962 0.234540095925331 0.237258860468864 0.432763829827309 0.410941395163536 0.233254387974739 0.232917019724846 0.231853395700455 0.231662356853485 0.234537249803543 0.234044748544693 0.224168907105923 0.223211914300919 0.22106471657753 0.224173936247828 0.226310268044474 0.218098375201282
0.118853173637763 0.158834837377071 0.172394631803036 0.258800855278969 0.00946019321272615 0.208226361870766 0.224300527572632 0.267579510807991 0.286904090642929 0.217220520973206 0.140298748016357 0.232965126633644 0.216263709962368 0.21874662488699 0.295141595602036 0.0618635663842724 0.175400805473328 0.227928900718689 0.234145712852478 0.237352842092514 0.237521511316299 0.24145849943161 0.239310872554779 0.137778089940548 0.202091552317142 0.0669730309396982 0.616702128946781 0.267884626239538 0.225143049657345 0.227040874958038 0.248201757669449 0.225990030169487 0.226833549141884 0.399690502882004 0.458410230278969 0.229382014274597 0.223727595806122 0.220935425162315 0.225889778137207 0.229764625430107 0.224133864045143 0.226039570569992 0.21735742688179 0.218760243058205 0.22018016576767 0.21954826116562 0.214527317881597
0.520863273739815 0.0997254507616162 0.212356213666499 0.514088445901871 0.300825503468513 0.120767894387245 0.209086576104164 0.224223610758781 0.22576493024826 0.212138321995735 0.115602683275938 0.165611572563648 0.208416275680065 0.205565556883812 0.133128203451633 0.111090195924044 0.21449149698019 0.218880520761013 0.242845407128334 0.222920203208923 0.191336834430695 0.198040416836739 0.206904515624046 0.226669090986252 0.22823700606823 0.25103018283844 0.202008019387722 0.115485315024853 0.116762737184763 0.155767105519772 0.166237804293632 0.217557883262634 0.217023697495461 0.269321078062058 0.00851461069307788 0.226986989378929 0.286663869023323 0.236980339884758 0.222762566804886 0.222260475158691 0.219154885411263 0.21497917175293 0.211988198757172 0.219032016396523 0.216593989729881 0.207511600852013 0.210101979970932
0.347982421517372 0.517121583223343 0.405929708480835 0.541211366653442 0.62923589348793 0.472807639837265 0.3722039103508 0.343336129188538 0.273294818401337 0.173625552654266 0.216290435194969 0.199008592963219 0.198865601420403 0.219833743572235 0.0900908477604389 0.199234846234322 0.143140164017677 0.132396906614304 0.126991695165634 0.190301187336445 0.0962126649916172 0.220086205005646 0.219119736552238 0.22012132704258 0.215769273042679 0.217008772492409 0.213911640644073 0.213713335990906 0.218103185296059 0.367628344893456 0.105817763507366 0.133910487806133 0.456653696298599 0.264051181077957 0.213964846730232 0.217374148964882 0.21409318447113 0.211764079332352 0.21507662832737 0.210199826955795 0.21372466981411 0.246878612041473 0.210777848958969 0.215374714136124 0.210977011919022 0.221254241466522 0.207940852642059
0.289158728718758 0.316211622953415 0.299674835801125 0.363362491130829 0.111897190334275 0.330659249424934 0.296257738769054 0.157818516716361 0.349744996624941 0.0118629097966164 0.550677222013473 0.196302297711372 0.196011865139008 0.213971495628357 0.188476844131947 0.162185959517956 0.171314653754234 0.192382429540157 0.136928589642048 0.198631896078587 0.204244765639305 0.210855847597122 0.212082289159298 0.234909161925316 0.256704431772232 0.226722553372383 0.261732071638107 0.202803461253643 0.200614379346371 0.231583431363106 0.144713351130486 0.0805683605372906 0.185536268353462 0.0782688558101654 0.274329413473606 0.100650431821123 0.343564388155937 0.220525032200385 0.397363743346068 0.519553491473198 0.207145836949348 0.199911691248417 0.203233225643635 0.200672057271004 0.206624352931976 0.193973764777184 0.199843953549862
0.214171789586544 0.108395843207836 0.190930345654488 0.187617146968842 0.220102432370186 0.169800302386284 0.0966177403926849 0.109889637678862 0.185990126430988 0.195561091601849 0.221625563502312 0.0960896104574203 0.0778377924114466 0.0175519323594926 0.114666254818439 0.171002103388309 0.181915283203125 0.185122765600681 0.189765767753124 0.198733219504356 0.203699767589569 0.201416462659836 0.206178694963455 0.152632635831833 0.34013983309269 0.265265607833862 0.220506617426872 0.220585480332375 0.204197788238525 0.20041007399559 0.225367984175682 0.133772680163383 0.148609136044979 0.699866658449173 0.143787212111056 0.296749623119831 0.105751939117908 0.217742155492306 0.64994130730629 0.14288478518356 0.279360017180443 0.522657871246338 0.282658568024635 0.28955263197422 0.234393447637558 0.201170727610588 0.191539750993252
0.25007866024971 0.266093924641609 0.243939420580864 0.225527639687061 0.246646186709404 0.210729491710663 0.279521609842777 0.206381532549858 0.16720210313797 0.199416428804398 0.204834932088852 0.18826369792223 0.277688956260681 0.228284706175327 0.347737926244736 0.175532151758671 0.173102995753288 0.176060463488102 0.180474956333637 0.11620055809617 0.189687962830067 0.173471035063267 0.201708766818047 0.217625975608826 0.200798688828945 0.201941469311714 0.201242250204086 0.20185836404562 0.217339897155762 0.200309097766876 0.201039724051952 0.198585420846939 0.195659843087196 0.483332134783268 0.203212530910969 0.199934810400009 0.1875124797225 0.197803471982479 0.241979199647903 0.194977796077728 0.312602183222771 0.309261497855186 0.517835408449173 0.230796732008457 0.0879721939563751 0.569796472787857 0.510744172334671
0.246993646025658 0.446742954850197 0.241999468207359 0.229110634326935 0.22045961022377 0.21352199614048 0.240056690573692 0.196120321750641 0.209342260658741 0.208500024676323 0.208131471276283 0.132346971333027 0.290194803476334 0.203476038575172 0.183807979524136 0.524010939151049 0.167270054668188 0.692282867431641 0.7 0.60828565582633 0.179759833216667 0.32266426384449 0.155171872675419 0.439934146404266 0.218386840820313 0.192970442771912 0.195729431509972 0.193604941666126 0.199121940135956 0.201618325710297 0.202243903279304 0.200224386155605 0.210491308569908 0.347773918509483 0.469589978456497 0.338929995894432 0.263922965526581 0.188650730252266 0.272367113828659 0.625637018680573 0.443118405342102 0.208036080002785 0.179702840745449 0.684903240203857 0.442330911755562 0.107850102335215 0.168780102580786
0.237090983986855 0.288117319345474 0.224935618042946 0.222970348596573 0.216745546460152 0.214551758766174 0.212325838208199 0.208000528812408 0.234986433386803 0.258573898673058 0.243586578965187 0.151604568958282 0.386411726474762 0.211928153038025 0.18529764264822 0.230330893397331 0.21705713737756 0.763197433948517 0.68957639336586 0.338040640950203 0.189491614699364 0.226279881596565 0.194899007678032 0.236263678967953 0.199106565117836 0.191939675807953 0.094231952726841 0.236933508515358 0.194272574782372 0.194688627123833 0.272259873151779 0.209727390110493 0.192354454100132 0.192061945796013 0.402748653292656 0.452923861145973 0.44725958108902 0.494272136688232 0.257963544130325 0.230169415473938 0.699999690055847 0.318722772598267 0.192703384160995 0.178885364532471 0.180773237347603 0.208299535512924 0.217111468315125
0.218166649341583 0.216866067051888 0.212593129277229 0.214373078942299 0.216018936038017 0.211459773778915 0.207677149772644 0.302342796325684 0.206080868840218 0.528348353505135 0.215037059783936 0.207250761985779 0.198893482983112 0.187010759115219 0.182793569564819 0.171725396811962 0.164358529448509 0.167853546142578 0.320577448606491 0.417105731368065 0.183433592319489 0.226361614465714 0.189246653020382 0.187793044745922 0.192018446326256 0.192224730551243 0.193824650347233 0.194864237308502 0.19687410145998 0.190738721191883 0.236095744371414 0.417141830921173 0.208670155704021 0.19029256105423 0.255854514241219 0.228349775075912 0.543153855204582 0.63527025282383 0.183700628578663 0.232951417565346 0.202917741239071 0.303396973013878 0.183807449042797 0.187788577377796 0.171023152768612 0.172051447629929 0.403951296210289
0.199361999332905 0.197813691198826 0.200409914553165 0.203426459431648 0.232573387026787 0.200448571145535 0.192824800312519 0.239726328849792 0.463102803006768 0.462760284543037 0.18586168140173 0.185707834362984 0.174605694413185 0.168433904647827 0.173802575469017 0.164279206097126 0.161950449645519 0.164266362786293 0.502460026741028 0.266002395749092 0.177927395701408 0.189155340194702 0.188811652362347 0.183475235104561 0.180819198489189 0.191014796495438 0.196637929975986 0.158924876153469 0.181290024518967 0.182989779114723 0.185040557384491 0.404523015022278 0.273568800091743 0.29621385037899 0.623195441067219 0.579444782761857 0.544098091870546 0.335990473628044 0.337540353834629 0.47086875140667 0.458913315832615 0.45811438113451 0.46914290189743 0.266039565205574 0.408650377392769 0.289317561686039 0.262301471829414
0.188528963923454 0.185964705049992 0.186709389090538 0.187783922255039 0.190222464501858 0.192035904526711 0.340314692258835 0.7 0.480353199376259 0.247730308771133 0.164537474513054 0.162663745880127 0.153235283493996 0.14735398888588 0.151796287298203 0.157349626719952 0.15212339758873 0.167118109762669 0.607940879464149 0.468878504633904 0.197268649935722 0.177876107394695 0.180845393240452 0.177237732708454 0.180156570672989 0.176833163201809 0.172514143586159 0.115729288011789 0.177476988732815 0.177702145278454 0.177561870217323 0.327478912472725 0.205602991580963 0.514814396202564 0.472182331234217 0.43639037758112 0.179943461716175 0.175947271287441 0.140074263513088 0.145708775520325 0.141217984259129 0.140547551214695 0.151222334802151 0.178494100272655 0.185556428134441 0.158462223410606 0.16278313100338
0.172191587090492 0.173484852910042 0.175471004843712 0.178018428385258 0.177668814361095 0.176207219064236 0.187910713255405 0.462609589099884 0.411646318435669 0.247181278467178 0.149143967032433 0.180421234667301 0.298766019940376 0.26720997095108 0.139436089992523 0.17419653236866 0.139653900265694 0.15282276570797 0.251773797720671 0.69957383275032 0.160120525956154 0.163020773231983 0.170293892920017 0.177141627669334 0.182150292396545 0.177183111011982 0.179987008869648 0.179080322384834 0.177866135537624 0.174770283699036 0.163674890995026 0.171100057661533 0.141125613451004 0.310475507378578 0.290898010134697 0.263452872633934 0.301486775279045 0.151391272246838 0.181478843092918 0.142324091494083 0.134153202176094 0.1319669932127 0.134419932961464 0.157408948242664 0.131713907420635 0.136713048815727 0.140325294435024
0.158718429505825 0.160578759014606 0.157452036440372 0.16573848426342 0.16586762368679 0.159757743775845 0.156925354897976 0.232436607778072 0.153370328247547 0.313093522191048 0.156938023865223 0.387602639198303 0.377763450145721 0.420583495497704 0.511562266945839 0.565738996863365 0.374255257844925 0.360253292322159 0.330827948451042 0.322107484936714 0.263083782792091 0.167515294253826 0.18912055939436 0.172419154644012 0.181409487128258 0.194949331879616 0.188559181988239 0.181034435331821 0.17942131459713 0.170335817337036 0.167132803797722 0.167750164866447 0.202764135599136 0.194479167461395 0.157462003827095 0.148760053515434 0.268611425161362 0.13713551312685 0.134615109860897 0.130838929116726 0.125480878353119 0.131420010328293 0.121353848278522 0.116131037473679 0.115799289941788 0.120692908763885 0.119607783854008
0.139389277994633 0.137310743331909 0.163112136721611 0.152555982768536 0.152617651224136 0.146701209247112 0.149953629076481 0.143668077886105 0.141941277682781 0.138600574433804 0.129320241510868 0.353723990917206 0.240874263644218 0.294551855325699 0.278551271557808 0.270153379440308 0.397246170043945 0.37111177444458 0.368936541676521 0.419437569379807 0.158623838424683 0.168728443980217 0.171318577229977 0.176349544525146 0.186400912702084 0.217893475294113 0.193548466265202 0.113960281759501 0.182013587653637 0.171530146896839 0.165856598317623 0.160410912334919 0.15831780731678 0.154264704883099 0.14741487801075 0.167403593659401 0.133800093829632 0.125769184529781 0.124270240962505 0.122101047635078 0.119831159710884 0.111856111884117 0.10949936658144 0.107257933914661 0.108954863250256 0.110481250286102 0.0737393751740456
0.124808542430401 0.120870779454708 0.131956797838211 0.136985729634762 0.137929394841194 0.132148243486881 0.135217541456223 0.137138956785202 0.139018605649471 0.133154727518559 0.249974843859673 0.317922472953796 0.226767852902412 0.11644916087389 0.123816883563995 0.118316660821438 0.12221839427948 0.128914918005466 0.141663461923599 0.15150139182806 0.157428403198719 0.157471622526646 0.191859492659569 0.166477307677269 0.18102505505085 0.190869140625 0.197009043395519 0.176742045581341 0.172803975641727 0.163744951784611 0.157926741242409 0.114391098916531 0.174464744329453 0.313879546523094 0.163351984322071 0.138778528571129 0.11978358477354 0.117032392323017 0.213058659434319 0.282901957631111 0.117940953373909 0.418413963168859 -9999 0.0982471436262131 0.322871819138527 0.445870363712311 0.562888879710226
0.192009127140045 0.107322816550732 0.116365714371204 0.122470627725124 0.121636755764484 0.118900507688522 0.125135420262814 0.126135312020779 0.12533723115921 0.601144903898239 0.278038147091866 0.24233709871769 0.116589196026325 0.114505481719971 0.117375056445599 0.119435352087021 0.119655691087246 0.124682506918907 0.131138963997364 0.143450278043747 0.14341806024313 0.14099787324667 0.148731572926044 0.152576066553593 0.165141350030899 0.17618006169796 0.16770176589489 0.157108135521412 0.154044635593891 0.14339350014925 0.138846457004547 0.136953929066658 0.319524994492531 -9999 -9999 -9999 -9999 -9999 -9999 -9999 -9999 -9999 -9999 -9999 0.689056128263474 0.220577700436115 0.58242377191782
0.398279283940792 0.0993870541453361 0.104799801111221 0.109335254132748 0.109028263390064 0.111651432514191 0.110321948677301 0.111262807995081 0.265744781494141 0.315014317631721 0.475540786981583 0.102931977063417 0.104917808622122 0.112656437605619 0.112666627019644 0.114674878120422 0.117702248692513 0.117484261095524 0.121906092762947 0.13582276403904 0.193223339319229 0.127151453495026 0.131889781355858 0.136673378944397 0.139723190665245 0.139699313044548 0.136253622174263 0.130106438696384 0.127465745806694 0.234120070934296 0.243761949241161 -9999 -9999 -9999 -9999 -9999 -9999 -9999 -9999 -9999 -9999 0.0999433651566505 0.0932253062725067 0.0911339208483696 0.0903208792209625 0.0907291263341904 0.0928879506886005
0.149605722725391 0.0894783049821854 0.0937008187174797 0.141306695342064 0.135278977453709 0.554295188188553 0.35675630569458 0.0775907404720783 0.345714491605759 0.206563949584961 0.090185122936964 0.0949179761111736 0.0943342186510563 0.101285933703184 0.103974173218012 0.104690247774124 0.106386081129313 0.105184247344732 0.103561785817146 0.219374862313271 0.234903019666672 0.109510377794504 0.109157535433769 0.187076658010483 0.222916734218597 0.220231226086617 0.222508473694324 -9999 -9999 -9999 -9999 -9999 -9999 -9999 -9999 -9999 -9999 -9999 -9999 0.123113504052162 0.103859847038984 0.0934244200587273 0.0467961650341749 0.197698123753071 0.0908143617212772 0.0919743336737156 0.0903053894639015
-9999 0.180752642452717 0.0387972677126527 0.0738559449626337 0.211291366070509 0.623019433021545 0.721457159519196 0.113897404819727 0.0834890395402908 0.0820498503744602 0.0811133548617363 0.0824072510004044 0.085082158446312 0.092116030305624 0.0872748270630836 0.0889516957104206 0.0893439322710037 0.0881073497235775 0.0902973704040051 0.10853511095047 0.239270967245102 0.186019930243492 -9999 -9999 -9999 -9999 -9999 -9999 -9999 -9999 -9999 -9999 -9999 -9999 -9999 0.203812785446644 0.140585461258888 0.0949904017150402 0.109026286005974 0.0816332302987575 0.0988815352320671 0.181077748537064 0.0712987095117569 0.0894074030220509 0.0887024700641632 0.106739998608828 0.0889373309910297
