Maxent_result_files_1/Bombus_sylvarum_3.asc
NCOLS 594 
NROWS 330 
XLLCORNER -15 
YLLCORNER 23 
CELLSIZE 0.166666666666667 
NODATA_value -9999 
[rows 273 to 293 of 330, columns 92 to 137 of 594]
1.05709471176496e-09 9.41006661481225e-10 6.76277378541812e-10 4.3699542873199e-10 2.91245116912364e-10 1.95719107587422e-10 1.18250698122324e-10 7.49501349872617e-11 4.38953651205054e-11 1.6115375700565e-11 8.50455261769412e-12 5.33969535254641e-12 3.54619666964595e-12 4.9478976471562e-12 3.90893983848173e-12 2.08331130124861e-12 6.02861094378682e-12 3.01210167918953e-12 2.85463874760694e-12 2.09796624517367e-12 1.20600196495957e-12 3.59023921703283e-13 2.55195864440338e-13 1.72262204500839e-13 1.03228536829647e-13 9.29811783123569e-14 6.65467680960319e-14 5.89306381471033e-14 4.56967796935714e-14 2.2726265314077e-14 3.70814490224802e-15 6.16173778666962e-15 5.88418203051333e-15 5.63993296509579e-15 5.6621374255883e-15 6.18394224716212e-15 5.6843418860808e-15 5.54001289287953e-15 5.21804821573824e-15 4.87387907810444e-15 3.13082892944294e-15 2.32036612146658e-15 2.17603712826531e-15 1.82076576038526e-15 1.80966353013901e-15 1.48769885299771e-15
2.13235429313841e-10 3.27511395781244e-10 2.08619410635436e-10 1.30684885135679e-10 7.57262252903956e-11 4.59595805857305e-11 3.1628688557106e-11 1.8665513579208e-11 1.6049417350672e-11 9.117251398294e-12 3.30123706149266e-12 1.75499614840646e-12 4.579003842764e-13 6.26432239414498e-13 5.25968157916168e-13 3.12538883662228e-13 2.17579287919989e-12 9.25248766492359e-13 3.56814577884279e-13 4.97990537695614e-13 2.87669887910624e-13 1.93400850889702e-13 1.40054634556463e-13 8.00803867662125e-14 5.69988500842555e-14 4.91384710699094e-14 3.38284955603285e-14 3.11306536104894e-14 1.76192394008012e-14 5.61772850460329e-15 2.12052597703405e-15 2.8643754035329e-15 2.73114864057789e-15 4.35207425653061e-15 4.06341627012807e-15 3.37507799486048e-15 2.64233079860787e-15 2.91988655476416e-15 3.06421554796543e-15 2.29816166097407e-15 1.57651669496772e-15 1.29896093881143e-15 1.15463194561016e-15 1.0769163338864e-15 9.88098491916389e-16 8.77076189453874e-16
5.80421488649563e-11 7.20905113382742e-11 6.18595841217484e-11 3.82130882492504e-11 2.05934491681603e-11 1.19137366638711e-11 9.36054567191036e-12 5.70323788195992e-12 5.40510969315733e-12 4.30434576870198e-12 2.13151718497784e-12 7.79842856957202e-13 3.41582317986422e-13 2.20767848446712e-13 1.44939615864814e-13 1.61259894326804e-13 5.14099873782925e-13 3.39805961147022e-13 2.01549887890451e-13 1.7901236049056e-13 9.79993863836626e-14 1.03916875104915e-13 6.85895784613422e-14 4.0911718457437e-14 2.82218692859715e-14 2.05391259555654e-14 1.47659662275146e-14 1.30229160788531e-14 7.58282325818982e-15 3.98570065840431e-15 1.77635683940025e-15 1.89848137210902e-15 3.40838468559923e-15 3.50830475781549e-15 3.24185123190546e-15 2.17603712826531e-15 1.83186799063151e-15 1.66533453693773e-15 1.58761892521397e-15 1.4210854715202e-15 8.54871728961371e-16 6.77236045021345e-16 6.88338275267597e-16 7.105427357601e-16 5.88418203051333e-16 5.88418203051333e-16
5.12698661303546e-11 2.97809998883736e-11 1.45177869725899e-11 7.34792227063963e-12 4.03185262953798e-12 2.70308220251536e-12 2.42192932375929e-12 2.04982697482592e-12 1.56324952982345e-12 9.27580234844072e-13 6.11921624482648e-13 3.32700533789421e-13 1.91024973617004e-13 1.31605837339066e-13 9.76885239367675e-14 9.70779012732237e-14 9.57567358739198e-14 5.41677813714614e-14 6.97442104069523e-14 6.21502849185163e-14 4.97601959636995e-14 4.82947015711943e-14 2.98649993624167e-14 2.08277839419679e-14 1.55320201145059e-14 1.09579012530503e-14 9.64783808399261e-15 8.32667268468867e-15 6.16173778666962e-15 6.11732886568461e-15 8.79296635503124e-15 1.67643676718399e-15 2.1316282072803e-15 2.70894418008538e-15 2.08721928629529e-15 1.34336985979644e-15 8.54871728961371e-16 8.43769498715119e-16 8.32667268468867e-16 9.2148511043888e-16 6.21724893790088e-16 4.9960036108132e-16 4.10782519111308e-16 4.10782519111308e-16 4.10782519111308e-16 3.33066907387547e-16
1.83784432117307e-11 1.27510557668131e-11 8.70521432716487e-12 4.0197845052603e-12 1.53664858615343e-12 8.61755111714047e-13 7.24154070042005e-13 6.09823302966106e-13 5.71709346530724e-13 4.83824091901397e-13 4.29511981536734e-13 2.06268335745108e-13 1.24766863507375e-13 9.31921206870356e-14 5.11812814352197e-14 3.40727446257461e-14 3.18856052672345e-14 2.01394456667003e-14 3.78141962187328e-14 2.99871238951255e-14 2.17159623616681e-14 1.82742709853301e-14 1.16240350678254e-14 1.01363362148277e-14 7.88258347483861e-15 6.11732886568461e-15 5.7065463465733e-15 4.31876756579186e-15 4.04121180963557e-15 2.65343302885412e-15 1.4210854715202e-15 1.31006316905768e-15 1.26565424807268e-15 1.08801856413265e-15 1.96509475358653e-15 6.77236045021345e-16 4.66293670342566e-16 4.55191440096314e-16 5.10702591327572e-16 4.88498130835069e-16 3.44169137633799e-16 3.21964677141295e-16 3.21964677141295e-16 2.88657986402541e-16 2.77555756156289e-16 2.66453525910038e-16
5.7695070942998e-12 3.25448556992569e-12 2.95300450758873e-12 2.84161583152809e-12 1.16986420550802e-12 3.49797968368648e-13 3.71835895407457e-13 4.87121454284534e-13 4.70112837547276e-13 3.41326966690758e-13 2.58371102290766e-13 1.66355818009833e-13 8.51096970677645e-14 5.69988500842555e-14 3.02979863420205e-14 2.29705143794945e-14 2.03170813506404e-14 2.65010235978025e-14 1.36335387423969e-14 1.01141317543352e-14 9.03721542044877e-15 1.14797060746241e-14 6.51700915454967e-15 5.56221735337203e-15 5.46229728115577e-15 4.07451850037432e-15 2.23154827949656e-15 2.23154827949656e-15 2.89768209427166e-15 1.21014309684142e-15 8.43769498715119e-16 8.77076189453874e-16 8.54871728961371e-16 7.54951656745106e-16 5.6621374255883e-16 4.55191440096314e-16 3.77475828372553e-16 2.99760216648792e-16 3.10862446895044e-16 3.10862446895044e-16 2.33146835171283e-16 2.22044604925031e-16 2.33146835171283e-16 2.33146835171283e-16 2.22044604925031e-16 2.1094237467878e-16
8.52984349819508e-13 7.6216810640517e-13 6.1988192356921e-13 5.51747536547964e-13 4.80604445129984e-13 2.22777352121284e-13 2.80553358322777e-13 3.36985994664474e-13 2.82407430773901e-13 2.307265489776e-13 1.65234492754962e-13 1.22579724148864e-13 7.23199278240827e-14 5.03486141667508e-14 2.80553358322777e-14 2.1005419625908e-14 1.90736315630602e-14 2.2903900998017e-14 1.36446409726432e-14 8.21565038222616e-15 7.29416527178728e-15 6.68354260824344e-15 4.08562073062058e-15 3.39728245535298e-15 3.46389583683049e-15 2.27595720048157e-15 1.32116539930394e-15 1.84297022087776e-15 1.4210854715202e-15 7.32747196252603e-16 6.10622663543836e-16 7.32747196252603e-16 6.10622663543836e-16 4.77395900588817e-16 4.32986979603811e-16 3.88578058618805e-16 3.66373598126302e-16 3.21964677141295e-16 2.99760216648792e-16 1.99840144432528e-16 1.55431223447522e-16 1.4432899320127e-16 1.55431223447522e-16 1.77635683940025e-16 1.88737914186277e-16 1.55431223447522e-16
3.74100750377693e-13 3.77109454774427e-13 3.32356364651787e-13 1.76814118901802e-13 1.76736403290079e-13 2.35655939206936e-13 2.25364171768661e-13 2.08999484385686e-13 1.95765625932154e-13 1.74427139398858e-13 1.47193368604803e-13 9.70667990429774e-14 6.56474874460855e-14 5.34128297147163e-14 3.75255382323303e-14 2.41695552460897e-14 2.59792187762287e-14 1.77302617032637e-14 9.86988268891764e-15 5.35127497869325e-15 6.55031584528842e-15 3.94129173741931e-15 2.4757973449141e-15 1.43218770176645e-15 1.15463194561016e-15 1.01030295240889e-15 1.31006316905768e-15 1.63202784619898e-15 5.88418203051333e-16 5.6621374255883e-16 5.77315972805081e-16 7.66053886991358e-16 5.21804821573824e-16 4.44089209850063e-16 3.21964677141295e-16 2.55351295663786e-16 2.55351295663786e-16 2.33146835171283e-16 1.88737914186277e-16 1.77635683940025e-16 1.66533453693773e-16 1.4432899320127e-16 1.4432899320127e-16 1.33226762955019e-16 1.33226762955019e-16 1.4432899320127e-16
3.47977202608263e-13 2.79165579541996e-13 1.96920257877764e-13 1.76980652355496e-13 1.39110944985532e-13 1.37101441310961e-13 1.2712053631958e-13 1.3917755836701e-13 1.34503519433338e-13 1.19571019752129e-13 8.96616114687276e-14 7.19091453049714e-14 6.3948846218409e-14 5.56221735337203e-14 4.02566868729082e-14 2.24487095579207e-14 3.21853654838833e-14 2.02171612784241e-14 8.24895707296491e-15 7.40518757424979e-15 6.22835116814713e-15 2.77555756156289e-15 1.62092561595273e-15 1.17683640610267e-15 1.26565424807268e-15 9.99200722162641e-16 1.33226762955019e-15 9.2148511043888e-16 5.32907051820075e-16 4.44089209850063e-16 6.88338275267597e-16 7.43849426498855e-16 5.44009282066327e-16 4.32986979603811e-16 2.99760216648792e-16 2.22044604925031e-16 2.1094237467878e-16 1.77635683940025e-16 1.66533453693773e-16 1.55431223447522e-16 1.66533453693773e-16 1.66533453693773e-16 1.66533453693773e-16 1.4432899320127e-16 1.11022302462516e-16 1.11022302462516e-16
1.84441351080977e-13 1.42741374276056e-13 1.22812870984035e-13 1.16973097874506e-13 7.81485987033648e-14 8.44879721739744e-14 8.86068995953337e-14 1.05604414102345e-13 9.28257470889093e-14 7.89923682020799e-14 7.93032306489749e-14 8.52984349819508e-14 7.56283924374657e-14 5.79425396551869e-14 5.04596364692134e-14 9.19042619784705e-14 3.37396777183585e-14 1.67643676718399e-14 1.03361763592602e-14 8.5043083686287e-15 6.22835116814713e-15 2.53130849614536e-15 1.64313007644523e-15 1.25455201782643e-15 1.02140518265514e-15 1.04360964314765e-15 1.26565424807268e-15 7.21644966006352e-16 4.44089209850063e-16 4.66293670342566e-16 7.105427357601e-16 6.66133814775094e-16 5.44009282066327e-16 4.21884749357559e-16 3.44169137633799e-16 2.66453525910038e-16 2.88657986402541e-16 2.33146835171283e-16 1.88737914186277e-16 1.55431223447522e-16 1.66533453693773e-16 1.55431223447522e-16 1.55431223447522e-16 1.4432899320127e-16 1.33226762955019e-16 1.11022302462516e-16
6.71462885293295e-14 6.23501250629488e-14 6.08846306704436e-14 4.86388707088281e-14 4.16222611931971e-14 5.25912646764937e-14 6.72351063712995e-14 6.65356658657856e-14 6.9111383282916e-14 7.39297512097892e-14 7.44293515708705e-14 7.34412530789541e-14 6.32494057128952e-14 5.42677014436777e-14 4.60076421404665e-14 4.44644321362375e-14 2.89990254032091e-14 1.47104550762833e-14 1.2712053631958e-14 1.03916875104915e-14 5.3179682879545e-15 2.18713935851156e-15 1.55431223447522e-15 1.08801856413265e-15 9.32587340685132e-16 1.12132525487141e-15 9.2148511043888e-16 5.32907051820075e-16 4.32986979603811e-16 6.21724893790088e-16 6.32827124036339e-16 5.99520433297585e-16 5.32907051820075e-16 4.32986979603811e-16 3.5527136788005e-16 2.99760216648792e-16 2.44249065417534e-16 1.88737914186277e-16 1.55431223447522e-16 1.66533453693773e-16 1.55431223447522e-16 1.22124532708767e-16 8.88178419700125e-17 1.22124532708767e-16 9.99200722162641e-17 8.88178419700125e-17
3.31401572850609e-14 3.06310532494081e-14 2.81441536742477e-14 2.21378471110256e-14 2.45692355349547e-14 3.24074100888083e-14 3.66262575823839e-14 3.95461441371481e-14 5.04041253179821e-14 5.20139487036886e-14 5.41011679899839e-14 5.43676215158939e-14 4.88609153137531e-14 5.09259301395559e-14 5.08593167580784e-14 9.61897228535236e-14 2.72448730243013e-14 1.0902390101819e-14 2.08943973234454e-14 1.00364161426114e-14 3.43058914609173e-15 1.96509475358653e-15 1.56541446472147e-15 9.88098491916389e-16 1.11022302462516e-15 7.99360577730113e-16 5.6621374255883e-16 4.77395900588817e-16 5.99520433297585e-16 6.43929354282591e-16 5.77315972805081e-16 4.9960036108132e-16 3.99680288865056e-16 3.21964677141295e-16 2.88657986402541e-16 2.55351295663786e-16 2.33146835171283e-16 1.22124532708767e-16 1.4432899320127e-16 1.33226762955019e-16 1.22124532708767e-16 9.99200722162641e-17 9.99200722162641e-17 9.99200722162641e-17 8.88178419700125e-17 7.7715611723761e-17
1.52988732793347e-14 1.59094959428785e-14 1.40221168010157e-14 1.17239551400417e-14 1.40665257220007e-14 1.96620497661115e-14 2.18269846641306e-14 2.77000644643977e-14 3.12083692222132e-14 3.32733840480159e-14 3.74145159298678e-14 3.88244991711417e-14 4.47197834319013e-14 6.15618667154649e-14 6.33937347060964e-14 4.42312853010662e-14 2.04836148043341e-14 9.78106484694763e-15 2.4757973449141e-14 8.19344592173365e-15 2.95319324550292e-15 2.1094237467878e-15 1.23234755733392e-15 7.32747196252603e-16 7.7715611723761e-16 6.88338275267597e-16 4.32986979603811e-16 5.88418203051333e-16 6.32827124036339e-16 6.10622663543836e-16 4.88498130835069e-16 4.32986979603811e-16 3.10862446895044e-16 2.22044604925031e-16 2.33146835171283e-16 1.99840144432528e-16 1.66533453693773e-16 1.33226762955019e-16 1.11022302462516e-16 1.11022302462516e-16 9.99200722162641e-17 9.99200722162641e-17 1.22124532708767e-16 1.22124532708767e-16 9.99200722162641e-17 7.7715611723761e-17
8.62643290133747e-15 8.1601392309949e-15 6.82787160144471e-15 7.00550728538474e-15 9.33697563709757e-15 1.22124532708767e-14 1.49880108324396e-14 1.66977542903624e-14 1.64757096854373e-14 1.73749903353837e-14 1.84074977482851e-14 2.23931984066894e-14 2.92987856198579e-14 3.95128374464093e-14 7.54507567535256e-14 3.45612427565811e-14 1.63424829224823e-14 7.56061879769732e-15 1.66200386786386e-14 5.60662627435704e-15 3.37507799486048e-15 2.46469511466785e-15 1.33226762955019e-15 7.88258347483861e-16 4.44089209850063e-16 5.32907051820075e-16 6.55031584528842e-16 5.6621374255883e-16 4.10782519111308e-16 3.44169137633799e-16 2.77555756156289e-16 2.66453525910038e-16 2.33146835171283e-16 1.88737914186277e-16 1.99840144432528e-16 1.88737914186277e-16 1.66533453693773e-16 1.22124532708767e-16 1.11022302462516e-16 1.11022302462516e-16 1.11022302462516e-16 1.22124532708767e-16 1.22124532708767e-16 1.11022302462516e-16 9.99200722162641e-17 8.88178419700125e-17
4.55191440096314e-15 4.47419878923938e-15 3.77475828372553e-15 4.01900734914307e-15 5.07371922253697e-15 5.14033260401447e-15 5.32907051820075e-15 5.88418203051333e-15 6.29496454962464e-15 7.67164110015983e-15 9.88098491916389e-15 1.11577413974828e-14 1.11022302462516e-14 3.42836870004248e-14 4.97935026544383e-14 1.5754064719431e-14 1.00697228333502e-14 1.86073378927176e-14 1.40887301824932e-14 7.30526750203353e-15 3.66373598126302e-15 1.4432899320127e-15 7.54951656745106e-16 5.77315972805081e-16 3.99680288865056e-16 4.55191440096314e-16 5.21804821573824e-16 4.21884749357559e-16 2.55351295663786e-16 2.33146835171283e-16 2.33146835171283e-16 2.66453525910038e-16 2.77555756156289e-16 2.55351295663786e-16 2.44249065417534e-16 2.22044604925031e-16 1.77635683940025e-16 1.4432899320127e-16 1.4432899320127e-16 1.33226762955019e-16 1.33226762955019e-16 1.4432899320127e-16 1.4432899320127e-16 1.11022302462516e-16 7.7715611723761e-17 8.88178419700125e-17
1.72084568816899e-15 1.38777878078145e-15 1.24344978758018e-15 1.4210854715202e-15 1.62092561595273e-15 1.82076576038526e-15 2.4535928844216e-15 2.95319324550292e-15 3.73034936274053e-15 4.92939022933569e-15 4.78506123613442e-15 1.91735516352765e-14 4.64406291200703e-14 2.92432744686266e-14 1.43107747874183e-14 9.5368157815301e-15 1.23345778035855e-14 2.09721129351692e-14 8.97060203897126e-15 3.46389583683049e-15 1.69864122767649e-15 1.01030295240889e-15 8.21565038222616e-16 7.54951656745106e-16 5.44009282066327e-16 4.21884749357559e-16 3.21964677141295e-16 2.55351295663786e-16 2.55351295663786e-16 2.44249065417534e-16 2.55351295663786e-16 2.66453525910038e-16 2.88657986402541e-16 2.66453525910038e-16 2.66453525910038e-16 2.66453525910038e-16 2.22044604925031e-16 2.1094237467878e-16 1.66533453693773e-16 1.55431223447522e-16 1.4432899320127e-16 1.4432899320127e-16 1.55431223447522e-16 1.55431223447522e-16 1.22124532708767e-16 1.33226762955019e-16
4.10782519111308e-16 3.66373598126302e-16 3.77475828372553e-16 5.21804821573824e-16 6.43929354282591e-16 1.08801856413265e-15 1.48769885299771e-15 1.34336985979644e-15 1.69864122767649e-15 2.34257058195908e-15 2.73114864057789e-15 2.41584530158434e-14 2.31148433726958e-14 1.80633286106513e-14 1.19459997449667e-14 1.37778677355982e-14 2.27484697745695e-14 1.2134737659153e-14 4.19664303308309e-15 9.43689570931383e-16 7.43849426498855e-16 1.13242748511766e-15 1.31006316905768e-15 7.7715611723761e-16 4.66293670342566e-16 3.33066907387547e-16 2.88657986402541e-16 2.55351295663786e-16 2.55351295663786e-16 2.44249065417534e-16 2.55351295663786e-16 2.77555756156289e-16 3.10862446895044e-16 2.99760216648792e-16 2.88657986402541e-16 2.77555756156289e-16 2.1094237467878e-16 2.22044604925031e-16 1.99840144432528e-16 1.88737914186277e-16 1.77635683940025e-16 1.55431223447522e-16 1.88737914186277e-16 1.77635683940025e-16 1.99840144432528e-16 2.44249065417534e-16
9.99200722162641e-17 1.33226762955019e-16 1.55431223447522e-16 3.44169137633799e-16 3.44169137633799e-16 4.21884749357559e-16 3.66373598126302e-16 8.32667268468867e-16 1.22124532708767e-15 2.03170813506404e-15 1.62314606200198e-14 1.61204383175573e-14 1.29452004671293e-14 1.87405646556726e-14 1.28674848554056e-14 1.61870516990348e-14 1.51545442861334e-14 8.51541059887495e-15 4.03010957938932e-15 1.18793863634892e-15 7.21644966006352e-16 2.14273043752655e-15 1.68753899743024e-15 5.10702591327572e-16 2.77555756156289e-16 1.66533453693773e-16 2.22044604925031e-16 2.22044604925031e-16 2.66453525910038e-16 2.77555756156289e-16 2.77555756156289e-16 3.10862446895044e-16 3.44169137633799e-16 3.5527136788005e-16 3.33066907387547e-16 3.66373598126302e-16 2.33146835171283e-16 2.55351295663786e-16 2.55351295663786e-16 2.55351295663786e-16 2.55351295663786e-16 1.99840144432528e-16 1.99840144432528e-16 2.22044604925031e-16 3.66373598126302e-16 4.88498130835069e-16
6.66133814775094e-17 1.11022302462516e-16 1.33226762955019e-16 1.77635683940025e-16 1.33226762955019e-16 2.22044604925031e-16 2.55351295663786e-16 2.55351295663786e-16 2.65343302885412e-15 6.59472476627343e-15 1.18127729820117e-14 6.96109836439973e-15 4.48530101948563e-15 6.93889390390723e-15 5.15143483426073e-15 4.40758540776187e-15 8.1379347705024e-15 7.68274333040608e-15 2.30926389122033e-15 1.4432899320127e-15 1.67643676718399e-15 1.01030295240889e-15 1.68753899743024e-15 6.77236045021345e-16 3.77475828372553e-16 2.33146835171283e-16 1.66533453693773e-16 2.22044604925031e-16 3.10862446895044e-16 3.21964677141295e-16 3.10862446895044e-16 3.77475828372553e-16 4.10782519111308e-16 4.21884749357559e-16 4.55191440096314e-16 4.55191440096314e-16 3.21964677141295e-16 2.77555756156289e-16 3.10862446895044e-16 2.99760216648792e-16 2.88657986402541e-16 2.55351295663786e-16 2.44249065417534e-16 2.88657986402541e-16 4.44089209850063e-16 1.04360964314765e-15
5.55111512312578e-17 6.66133814775094e-17 7.7715611723761e-17 8.88178419700125e-17 1.22124532708767e-16 1.55431223447522e-16 1.77635683940025e-16 2.99760216648792e-16 3.35287353436797e-15 6.20614670765462e-15 5.81756864903582e-15 2.26485497023532e-15 4.89608353859694e-15 6.60582699651968e-15 5.40678612992451e-15 5.87307980026708e-15 6.33937347060964e-15 1.68198788230711e-14 1.89848137210902e-15 1.64313007644523e-15 2.83106871279415e-15 1.62092561595273e-15 1.85407245112401e-15 7.88258347483861e-16 5.44009282066327e-16 2.88657986402541e-16 1.4432899320127e-16 1.88737914186277e-16 2.99760216648792e-16 3.21964677141295e-16 3.99680288865056e-16 5.21804821573824e-16 5.10702591327572e-16 4.88498130835069e-16 5.44009282066327e-16 5.55111512312578e-16 4.55191440096314e-16 3.10862446895044e-16 3.33066907387547e-16 3.10862446895044e-16 2.88657986402541e-16 2.99760216648792e-16 3.5527136788005e-16 6.55031584528842e-16 1.99840144432528e-15 3.70814490224802e-15
4.44089209850063e-17 4.44089209850063e-17 3.33066907387547e-17 4.44089209850063e-17 7.7715611723761e-17 1.55431223447522e-16 1.99840144432528e-16 1.23234755733392e-15 2.44249065417534e-15 2.29816166097407e-15 1.12132525487141e-15 1.08801856413265e-15 2.99760216648792e-15 5.73985303731206e-15 5.36237720893951e-15 8.79296635503124e-15 8.39328606616618e-15 2.66453525910038e-15 1.13242748511766e-15 1.82076576038526e-15 1.7874590696465e-15 1.98729921407903e-15 1.86517468137026e-15 1.17683640610267e-15 7.105427357601e-16 3.99680288865056e-16 1.77635683940025e-16 2.33146835171283e-16 2.66453525910038e-16 2.55351295663786e-16 3.66373598126302e-16 4.88498130835069e-16 4.32986979603811e-16 4.55191440096314e-16 4.9960036108132e-16 4.44089209850063e-16 4.77395900588817e-16 3.5527136788005e-16 3.21964677141295e-16 3.10862446895044e-16 2.99760216648792e-16 6.21724893790088e-16 1.14352971536391e-15 1.47659662275146e-15 2.12052597703405e-15 2.1316282072803e-15
