Maxent_result_files_1/Bombus_humilis_2.asc
NCOLS 594 
NROWS 330 
XLLCORNER -15 
YLLCORNER 23 
CELLSIZE 0.166666666666667 
NODATA_value -9999 
[rows 294 to 314 of 330, columns 0 to 45 of 594]
-9999 -9999 -9999 -9999 -9999 -9999 -9999 0.0922257056459785 -9999 -9999 -9999 -9999 -9999 -9999 -9999 -9999 -9999 -9999 -9999 -9999 -9999 -9999 -9999 -9999 -9999 -9999 0.00899990745820105 0.000965300248935819 0.000275158531439956 0.000252364746120293 0.000123605515545933 0.000178587669506669 0.000233936219592579 0.000282734037318733 0.000643340440001339 0.000228689925279468 0.000118595198364346 8.81387150002411e-05 7.69797741668299e-05 6.17341620454681e-05 5.5113038251875e-05 7.57260331738507e-05 6.08626596658723e-05 4.24722682510037e-05 5.48477764823474e-05 6.05918910878245e-05
-9999 -9999 -9999 -9999 -9999 -9999 -9999 -9999 -9999 -9999 -9999 -9999 -9999 -9999 -9999 -9999 -9999 -9999 -9999 -9999 -9999 -9999 -9999 -9999 0.0169304260052741 0.00268152576172724 0.000365222223626915 0.000210469336161623 0.000182004786620382 0.000206941524811555 0.000357284005440306 0.000278355389309581 0.000262871745508164 0.000299144852033351 0.000263977955910377 0.000146001136454288 7.86180124123348e-05 6.80097235090216e-05 6.3880594643706e-05 0.000131089938076911 7.00282427715138e-05 8.14819923107279e-05 8.70879575813888e-05 6.79830667650094e-05 7.23793156794272e-05 6.49181252811104e-05
-9999 -9999 -9999 -9999 -9999 -9999 0.00204177275882103 -9999 -9999 -9999 -9999 -9999 -9999 -9999 -9999 -9999 -9999 -9999 -9999 -9999 -9999 -9999 -9999 0.00365663939155638 0.000844100397080183 0.000283409765688702 9.78170803136891e-05 0.000171052486257395 0.000216340583574492 0.000270003234618343 0.00042078328988282 0.000365801416046452 0.000398478604620323 0.000129641452804208 9.758027663338e-05 0.000111119300709106 9.95312220766209e-05 7.57026598876109e-05 6.18303281953558e-05 6.00831408519298e-05 0.000137480258854339 9.21979673876194e-05 8.25376642751507e-05 7.22281158232363e-05 6.62151105643716e-05 6.2232076197688e-05
-9999 -9999 -9999 -9999 -9999 0.0104242701781914 0.00109323954384308 -9999 -9999 -9999 -9999 -9999 -9999 -9999 -9999 -9999 -9999 -9999 -9999 -9999 -9999 -9999 0.00194981761742383 0.00151254211668856 0.000229407988081221 0.000152511954365764 6.6001199229504e-05 9.76956827798858e-05 0.000246380417229375 0.000231698615243658 0.000180759602517355 0.000131926695394213 0.000159748303121887 0.00012006356701022 0.00013091319015075 6.29368396403152e-05 8.27937721624039e-05 0.000153445559408283 0.000149827016866766 9.42230111832032e-05 9.19403304578736e-05 8.81344338267809e-05 8.06265197752509e-05 7.15860842319671e-05 6.14124022831675e-05 4.83394758703071e-05
-9999 -9999 -9999 -9999 -9999 0.00275294408784248 -9999 -9999 -9999 -9999 -9999 -9999 -9999 -9999 -9999 -9999 -9999 -9999 -9999 -9999 0.0999689139425755 0.00149842233513482 0.000565801224729512 0.000359745092282537 0.000239855819381773 0.000129222625400871 0.000124452994714375 0.00024428509932477 0.000190170047426363 0.00021939372891211 9.66124109254451e-05 0.000177509376953822 0.000115246065979591 6.47084680167609e-05 7.63640688091982e-05 0.000145486705150688 7.26702382962685e-05 0.000126995993923629 0.000112508005622658 0.000104344053033856 9.74578160821693e-05 8.55801201396389e-05 7.53660257032607e-05 6.11880292126443e-05 4.86085989905405e-05 3.83565184165491e-05
-9999 -9999 -9999 -9999 -9999 -9999 -9999 -9999 -9999 -9999 -9999 -9999 -9999 -9999 -9999 -9999 -9999 0.458838087320328 0.00303448027116247 0.00181350705679506 0.00107311156461947 0.000522739434381947 0.000271503531985218 0.000191241860738955 9.94320042082109e-05 0.000139454084273893 0.000293150337529369 0.000190092792036012 0.000301811793178786 0.000181284533027792 0.000198344272212125 0.000102442938077729 0.000178551887074718 0.000102301300648833 9.58693330176175e-05 0.000162843689031433 0.000121264681001776 0.000107588014725479 9.88028459687484e-05 9.11325347260572e-05 8.52966579259373e-05 7.05746657331474e-05 5.38699716344127e-05 4.54180853921571e-05 3.99830318201566e-05 3.44434263752191e-05
-9999 -9999 -9999 -9999 -9999 -9999 -9999 -9999 -9999 -9999 -9999 -9999 0.342565980553627 0.00980435782112181 0.00679492184426636 0.00471816356293857 0.00953927035443485 0.00200291607761756 0.00109702917688992 0.00061010584468022 0.000396279570122715 0.000413702147488948 8.11047826573485e-05 8.12840120488545e-05 0.000121434635366313 0.000232803345716093 0.000309066707268357 0.000325006087950896 0.000243777401919942 0.000207983244035859 0.000194745745102409 0.000168961207964458 0.000158411754091503 0.000149813970347168 0.000129985944658983 0.000123134847672191 0.000118563214709866 0.000106431766835158 9.62823953159386e-05 8.76939880981808e-05 6.74563209031476e-05 5.29926695890026e-05 4.18574456489296e-05 4.0829589124769e-05 3.73438064343645e-05 3.29851324750052e-05
-9999 -9999 -9999 -9999 -9999 -9999 -9999 -9999 -9999 -9999 -9999 -9999 0.00596709648380056 0.00418573814677075 0.00305006775888614 0.00196744150016457 0.00124808990512975 0.000865832032286562 0.000548791140317917 0.000297143045463599 0.000196099853928899 0.000160459136532154 6.89524162226007e-05 9.93686360743595e-05 0.000163265445735306 0.000236043085169513 0.000294972224946832 0.000287568348721834 0.000297963606135454 0.000274416946194833 0.000228160477854544 0.000194596657820512 0.000168989454687107 0.000147689224831993 0.000130216096658842 0.000120515635717311 0.000116647138565895 0.000112431302113691 8.65298094140598e-05 6.36328053587931e-05 6.67518059344729e-05 6.17240088104154e-05 3.90392648114357e-05 3.63458888386958e-05 3.84512479286059e-05 3.72390415577684e-05
-9999 -9999 -9999 -9999 -9999 -9999 -9999 -9999 -9999 -9999 -9999 0.004261706804391 0.00338146389694884 0.00264159397920594 0.00168823694693856 0.00107937772700097 0.000714406685438007 0.000412269949447364 0.000268342910567299 0.000149142245936673 0.000101136460943962 6.77633470331784e-05 8.67164591909386e-05 0.000162722478853539 0.000222249653597828 0.000264683748537209 0.00027243330841884 0.00026266880959156 0.000252629792521475 0.000231657422409626 0.000206122008239618 0.000178412823879626 0.000162331833416829 0.000147606941391132 0.000133809891849523 0.000122300043949508 0.000109795577373006 8.79742856341181e-05 6.75105935442843e-05 5.62384759177803e-05 4.82036186440382e-05 3.8180384763109e-05 3.69514400517801e-05 3.92015910620103e-05 5.81018961383961e-05 5.02401655467111e-05
-9999 -9999 -9999 -9999 -9999 -9999 -9999 -9999 -9999 -9999 0.208269648253918 0.00208191471756436 0.00192083067959175 0.00114986231492367 0.000837218240485527 0.000506569497520104 0.000358181905176025 0.0002035900404735 0.000110032760130707 8.63570840010652e-05 9.04785341845127e-05 7.67795605497668e-05 9.3494054817711e-05 0.00016861466501723 0.000197311496594921 0.000251567970553879 0.000239559558394831 0.000272040229174308 0.000254673781455494 0.000221153198799584 0.000182583696005167 0.000160491973656462 0.000159136867296183 0.000141694386184099 0.00011594568786677 9.0789407477132e-05 8.6443820327986e-05 7.84173531428678e-05 6.31627166512772e-05 5.6489489361411e-05 4.80733362564934e-05 3.98310614400543e-05 4.28576646299916e-05 4.35557667515241e-05 4.25283253207454e-05 4.00000444642501e-05
-9999 -9999 -9999 -9999 -9999 -9999 -9999 -9999 -9999 -9999 0.00266486937180161 0.00150549894897267 0.00101552226697095 0.000646316932397895 0.000425838641240262 0.000270417441788595 0.000190035087871365 0.000115947786616744 0.000106194603722543 0.000104548657691339 0.000101300588721642 8.25463175715413e-05 9.85103459242964e-05 0.000149839616278769 0.000165486849073204 0.000169914348953171 0.000275595120183425 0.000294896133709699 0.000201483848650241 0.000213499378151027 0.000181119041371858 0.000165769572777208 0.00014883928160998 0.000129927406669594 0.000103931382182054 8.68045819515828e-05 7.60093054850586e-05 6.77895743137924e-05 6.04239970925846e-05 5.37864934813115e-05 4.28017612648546e-05 4.02342653615051e-05 3.84624781872844e-05 3.6692007779493e-05 3.56611689312558e-05 3.35131004248979e-05
-9999 -9999 -9999 -9999 -9999 -9999 -9999 -9999 -9999 0.355046435445547 0.00164450355805457 0.000979325504158624 0.000619688283768483 0.000341430913249496 0.000251715318154311 0.000182740067248233 0.000124096976287547 0.000108736406400567 0.000104835007732618 9.60340021265438e-05 9.23739502468379e-05 8.94520144356648e-05 0.000114462170677143 0.000153540126848384 0.000159843909932533 0.00019314389792271 0.000122169882888556 0.000142077878990676 0.000119381006879848 0.000120834955305327 0.00014630951845902 0.000153381020936649 0.000131764136312995 0.000111517727418686 9.59145505476044e-05 8.03023609478259e-05 7.07352928657201e-05 6.37748000372085e-05 5.50672451936407e-05 5.15969531988958e-05 4.44276809503208e-05 4.17953409851179e-05 3.13223466037016e-05 2.71980778961733e-05 2.87384154944448e-05 2.83332173239614e-05
-9999 -9999 -9999 -9999 -9999 -9999 -9999 -9999 -9999 0.00168505507172085 0.000715605125878937 0.000554307720449287 0.000286782762850635 0.000178805218456546 0.000137559960057843 9.63525129918708e-05 7.73870044213254e-05 7.79589452577056e-05 7.88219729656703e-05 7.94219200543011e-05 8.44215257529868e-05 9.97323495539604e-05 0.000132671291066799 0.000149527861503884 0.000144352452116436 0.000135843783209566 0.000123596233243006 0.000110404931911035 0.000106382075682632 0.000183947940240614 0.000140736783941975 0.00014262738332036 0.000117037414383958 8.94694952876307e-05 7.80626698542619e-05 6.6963407334697e-05 5.50138829567004e-05 5.2228313870728e-05 5.1404676742095e-05 5.19709807122126e-05 4.45903029685724e-05 3.0709584007127e-05 2.73460699645511e-05 2.49751530645881e-05 2.51856145041529e-05 2.57608933679876e-05
-9999 -9999 -9999 -9999 -9999 -9999 -9999 -9999 -9999 0.000554163890774362 0.000457887824450154 0.000359604859841056 0.000227050561807118 0.000149314902955666 8.86753889062675e-05 7.59378224756801e-05 9.39792051212862e-05 0.000109300246549537 0.000106432094980846 0.000132894992566435 0.000109733672434231 0.000120257143498748 0.000133611796991318 0.00013899923687859 0.000140960881617502 0.000131653439893853 0.000112486676152912 0.000102594441341353 0.000100494960133801 9.63829490501666e-05 0.000124915078413323 0.000119146662473213 0.000100146186741767 8.16686097095953e-05 6.89496057020733e-05 5.70876740312087e-05 5.08641085616546e-05 4.59371045508306e-05 4.40890800746274e-05 4.30932397648576e-05 3.76622190742637e-05 3.03459257338545e-05 2.84755325992592e-05 2.58119810496282e-05 2.5215865298378e-05 2.4314415986737e-05
-9999 -9999 -9999 -9999 -9999 -9999 -9999 0.215553475171328 0.00101890162040945 0.000364668964175507 0.000298223752179183 0.000240872529684566 0.00014550107443938 9.21198810829083e-05 8.62883964146022e-05 9.76683499175124e-05 0.000120987597256317 0.000162603220087476 0.000192915980005637 0.000144160979107255 0.000146321977081243 0.000157709535051254 0.000159052076560329 0.000143030411709333 0.000132583478261949 0.000128604134079069 0.000112741666089278 0.000105220543264295 9.43577069847379e-05 9.66462914220756e-05 0.000105192211049143 9.7123164232471e-05 8.80795731063699e-05 7.74509026086889e-05 6.32917952316347e-05 5.72033841308439e-05 5.28703440068057e-05 4.30556170613272e-05 4.3755544720625e-05 4.10371494581341e-05 3.47367340509663e-05 3.16613485665584e-05 3.42025567988458e-05 3.25678181980038e-05 3.20530950375542e-05 3.26078742546088e-05
-9999 -9999 -9999 -9999 -9999 0.167199509963393 0.00149676920846105 0.00104768801538739 0.000527931597025599 0.000257277757918928 0.000203117261116859 0.000140391785316751 0.000105522220474086 8.48911688080989e-05 0.000101682301828987 0.000124989785763319 0.000164358140318654 0.000188892029109411 0.000220011264900677 0.000184238571819151 0.000158998416372924 0.000152277730012429 0.000140649620516342 0.000137931200879393 0.000130086224089609 0.000131472335124272 0.00012653445955948 0.000132873772599851 0.000125263127847575 0.000109534491275554 9.5525840879418e-05 8.72700384206837e-05 7.37307431336376e-05 6.64712548314128e-05 6.05721954343608e-05 5.55609291041037e-05 5.20089282872505e-05 4.75265813292935e-05 4.45905130618485e-05 4.14217978686793e-05 3.75333447664161e-05 3.55390478944173e-05 3.87680875064689e-05 3.52430548446137e-05 2.98078253763379e-05 3.1272655542125e-05
-9999 -9999 -9999 -9999 0.00293136283289641 0.00115282920887694 0.00076114404364489 0.000430530769517645 0.000274833955336362 0.000152787325350801 0.000136316971475026 8.56331698741997e-05 0.000106657575452118 0.000116330994933378 0.00013437750239973 0.000169295651721768 0.000190867519995663 0.000213311007973971 0.000228471979062306 0.000202723840629915 0.000145510708171059 0.000133266496777651 0.000125281853252091 0.000138850850635208 0.000150555147774867 0.000145491413786658 0.000142480848080595 0.00013397651091509 0.000113449247146491 0.000102029349000077 8.57335973705631e-05 7.08517583916546e-05 5.86217784075416e-05 5.61709994144621e-05 5.71583503187867e-05 4.93866898978013e-05 4.65515362520819e-05 4.14904023273266e-05 3.8300389496726e-05 3.82437829102855e-05 3.62652513103967e-05 3.54271744072321e-05 3.78086477212491e-05 3.63752758858027e-05 3.40974208484113e-05 3.40004739882716e-05
-9999 -9999 -9999 0.00240302439779043 0.000979567569447681 0.000632520210638177 0.000406332832062617 0.000245534749410581 0.00015270565127139 0.000120056076775654 9.78461757767946e-05 9.18494009965798e-05 0.000116857632747269 0.000141371612335206 0.00014928106975276 0.000169713447394315 0.000191689348139334 0.00020978201428079 0.000198711324628675 0.000166283535872935 0.000143030246545095 0.000151444023140357 0.000147925614510314 0.000142771211540094 0.0001410937642504 0.000135341885106754 0.000138693537155632 0.00012355013495835 9.41193447943078e-05 7.50542523746844e-05 6.34831792922341e-05 5.56294811758562e-05 4.93119994644076e-05 5.18741260748357e-05 4.80791690279148e-05 4.39048728367197e-05 3.95537876102026e-05 3.60162029210187e-05 3.59743852641259e-05 3.61933975909778e-05 3.68793574125448e-05 3.60831926627725e-05 3.86567329769605e-05 3.98761018004734e-05 3.54943052116141e-05 3.57142688699241e-05
-9999 -9999 -9999 0.00134352804743685 0.000683103539631702 0.00044259999122005 0.000303489313228056 0.000186180425953353 0.000117407718789764 9.69739048741758e-05 7.81463455496123e-05 0.000107009186831419 0.000140823020774405 0.000166763422748772 0.000170326720399316 0.000150949864837457 0.000161932210176019 0.000170655495821848 0.00017179743736051 0.000151796869249665 0.000134461170091527 0.00013835885329172 0.000142871754360385 0.000134938093833625 0.000129978422046406 0.000122271869622637 0.000105536851697252 8.93291915417649e-05 7.00901699019596e-05 6.02286640059901e-05 5.15290739713237e-05 4.58447704659193e-05 4.34858262451598e-05 4.090819729754e-05 4.08211652029422e-05 3.72271231753984e-05 2.88571592136577e-05 3.00908379358589e-05 3.44569644767034e-05 3.52625103005266e-05 3.37333798597683e-05 3.33744690578897e-05 3.21091877594881e-05 3.42815489602799e-05 3.43980082107009e-05 3.29194816004019e-05
-9999 -9999 0.00737537522800267 0.000672342337202281 0.000489744020160288 0.000314222498855088 0.000202551521215355 0.000114306635441608 7.21508480637567e-05 7.12706216290826e-05 8.57538409036351e-05 0.000111304187521455 0.000133457909760182 0.000141471153619932 0.000127196631365223 0.000143154028774006 0.000130592772984528 0.000155601351434598 0.000127273964972119 0.00010770854241855 0.000116466094914358 0.000110359199607046 0.000101360370172188 9.62552236160263e-05 8.86635676579317e-05 7.23047716746805e-05 6.50213687549694e-05 6.06454032094916e-05 5.65351743716747e-05 5.05792817421025e-05 4.72425155749079e-05 4.08312994295557e-05 3.58726854756242e-05 3.25588885971229e-05 3.36715848789027e-05 3.07267772768682e-05 2.70723076937429e-05 2.63563728367444e-05 2.98339102300815e-05 3.23674421451869e-05 2.49677882493415e-05 2.44450238824356e-05 2.72992891950707e-05 3.003221063409e-05 2.95541783088993e-05 2.89995793536946e-05
-9999 -9999 0.000769036763813347 0.000473701038572472 0.000322715770744253 0.000201041071704822 0.000125737318376196 7.78194837039337e-05 6.29831019978155e-05 6.99369451467646e-05 9.08871144929435e-05 0.00010201093282376 0.000115588941116584 0.000111489833943779 0.000118014611871331 0.000180042492138455 0.000133744011691306 0.000114209481398575 8.53793897476862e-05 9.02832172869239e-05 9.40445468586404e-05 8.80100578797283e-05 7.42505668313242e-05 6.45933034320478e-05 5.56883025637944e-05 4.8541303476668e-05 4.42862445197534e-05 4.28383655162179e-05 4.03307501983363e-05 4.11815956795181e-05 4.15190553212597e-05 3.41511332408118e-05 3.05912728435942e-05 2.51986723014852e-05 2.46038914156088e-05 2.46168697231042e-05 2.55918066613958e-05 2.58320107604959e-05 2.38387017816422e-05 2.75474381851382e-05 2.47869597842509e-05 2.26056133215025e-05 2.69414224021602e-05 2.8049057800672e-05 2.45547659687873e-05 2.15166327507177e-05
