Maxent_result_files_1/Bombus_schrencki_3.asc
NCOLS 594 
NROWS 330 
XLLCORNER -15 
YLLCORNER 23 
CELLSIZE 0.166666666666667 
NODATA_value -9999 
[rows 220 to 239 of 330, columns 225 to 269 of 594]
0.000270503982028458 0.000495627021882683 0.000269297108752653 0.000852648593718186 0.0002436659502564 0.00121620307763806 0.00293619820149615 0.00194919515051879 0.00207671718089841 0.0015014918462839 0.0021840536268428 0.00298127797432244 0.00610113379079849 0.00570863343309611 0.00131971620430704 0.0014794101472944 0.00450444228481501 0.00281695649027824 0.000767117043142207 0.00108122197998455 0.000716696315794252 0.0027098820428364 0.000896632978401613 0.000313644192647189 0.000235054689255776 0.000355500187288271 0.000214748306461843 0.000205004112285678 0.000189169807708822 0.000178431714448379 0.000182154282083502 0.000501946336589754 0.000509784265886992 0.000224734739822452 0.000109057736153773 0.000300755149510223 0.000853655699756928 0.00236447682837024 0.00206835487188073 -9999 -9999 -9999 -9999 -9999 -9999
0.000338420490152203 0.000142002800203045 0.000273109335103072 0.000245197016192833 0.00105073726153933 0.000385402429674286 0.00224400775041431 0.000660637171677081 0.000754096873060917 0.00451329335337505 0.000590225903579267 0.00746883545070887 0.00763404213357717 0.00123349295608932 0.000613842005259357 0.000333376686467091 0.000395888920320431 0.000440700559556717 0.000182608605973655 0.000514351460151374 0.0004434498550836 0.00105634132050909 0.0015012017742265 0.000108788715078845 0.0001104491402657 0.000175850569212344 0.000195663433623849 0.000134556942430208 0.000181520219848608 0.000155376505063032 0.000146981290163239 0.000402277035755105 0.000188395404984476 0.00336717559839599 0.0117626464227214 0.00112049285817193 0.000682594039244577 0.00603091020602733 0.0146929131355137 0.0110060445498675 0.0078185437945649 0.000498788923141547 0.000234304035984678 0.000154176028445363 0.00010935979844362
0.000188051183795324 0.00011488006930449 0.000218784932076233 0.000269347470384673 0.00052645541873062 0.00068213417835068 0.000799230848497246 0.000429034340049839 0.0010588766890578 0.00496577700832859 0.0199595021083951 -9999 -9999 0.00232741297222674 -9999 -9999 -9999 0.0025587018521037 0.000272064348246204 0.00116443344741128 0.00131843489944004 0.00198826997657307 0.000152944156070589 7.62930991186295e-05 0.000258515724272002 0.000155323189756018 0.00016017426532926 8.64354069562978e-05 8.39726260892348e-05 0.000998150385566987 -9999 -9999 -9999 -9999 -9999 -9999 -9999 -9999 -9999 -9999 0.0126231440808624 0.0029284660005942 0.000607801289879717 0.000421938732324634 0.000230916962391348
0.000445436550944578 0.000607228520675562 0.00132266858126968 0.000194201476188027 3.60734582955047e-05 0.000423899708403042 0.00916316423099488 0.00214844086003723 -9999 0.00433584779966623 -9999 -9999 0.000783557807881152 -9999 -9999 -9999 -9999 -9999 -9999 -9999 -9999 0.00425655584549531 0.000366930743621197 8.645701173009e-05 0.000473966106073931 0.00107868785271421 0.000117432092702074 0.000129409147666593 6.52657690807246e-05 -9999 -9999 -9999 -9999 -9999 -9999 -9999 -9999 -9999 -9999 -9999 -9999 0.00854565256740898 0.00510926420101896 0.00286208317847922 0.00447533617261797
0.000415311094548088 0.00190151226124726 -9999 0.000419245861849049 0.000386343667923938 0.000575840576493647 0.000208168731478509 0.00127658981655259 -9999 -9999 -9999 -9999 -9999 -9999 -9999 -9999 -9999 -9999 -9999 -9999 -9999 -9999 -9999 -9999 -9999 -9999 0.000731820944929495 -9999 -9999 -9999 -9999 -9999 -9999 -9999 -9999 -9999 -9999 -9999 0.00164687790675089 0.00025058473329409 0.000404693360906094 7.73570443925564e-05 0.00039487223039032 0.00112458193616476 0.00475858870195225
0.00060115707165096 -9999 0.00193376758834347 0.000224211944441777 0.000953195578767918 0.000318244736990891 0.00133467024134006 0.000268748492089799 -9999 -9999 -9999 -9999 -9999 -9999 -9999 -9999 -9999 -9999 0.0208323183702305 -9999 -9999 -9999 -9999 0.00786314366851002 0.000197612146439496 0.00102292178780772 -9999 0.00302948944008676 0.000353183714469196 -9999 -9999 -9999 0.00145925766555592 -9999 -9999 -9999 -9999 -9999 -9999 0.00245544923236594 0.000177542388701113 7.24520507446869e-05 2.60770420055678e-05 0.00128419301763643 0.00265404481906444
0.00303234114835504 -9999 -9999 -9999 -9999 -9999 0.00045088174083503 -9999 -9999 -9999 0.00184109785914188 -9999 -9999 -9999 -9999 -9999 -9999 -9999 -9999 -9999 -9999 -9999 -9999 0.00012119470302423 0.00032213687809417 0.000210967729799449 7.63418629503576e-05 7.49690250813728e-05 0.00020987553652958 0.000626603444106877 0.00010401290783193 5.7818261666398e-05 2.05858397976044e-05 2.86055634205695e-05 8.63443330672453e-05 2.41779138377751e-05 2.77929272897381e-05 6.93365776896826e-05 0.00215330781647936 0.00419207548256964 0.000624783457897138 0.000648338619794231 0.00220972454117145 0.000573286482540425 0.00391634163679555
-9999 -9999 -9999 -9999 -9999 0.000264968026567658 -9999 -9999 0.0019524670613464 -9999 -9999 -9999 -9999 -9999 -9999 -9999 -9999 -9999 -9999 -9999 -9999 -9999 -9999 0.000122904659292544 7.98555556684732e-05 0.000443011002789717 0.000281414577329997 6.82438052535872e-05 0.000126861476746853 0.000184406140033388 0.00106453248299658 4.79685372283711e-05 3.56928801011236e-05 2.41016583458986e-05 4.27289456638391e-05 6.28057601716137e-05 9.95456060991273e-05 0.000415588499163277 0.0057063510408625 0.00250000269734301 0.0130143243877683 0.00680293075274676 0.00306861589197069 0.000733556383056566 0.0139430791605264
0.000971731281606481 -9999 -9999 -9999 -9999 -9999 -9999 -9999 -9999 -9999 -9999 -9999 -9999 -9999 -9999 0.000952695867454167 1.87050942258793e-05 -9999 -9999 -9999 -9999 -9999 8.25926849756797e-06 5.90958624613336e-06 8.61467293361784e-05 2.51183691034385e-05 0.000448096537729725 0.000752539306995459 0.000322912551928312 0.000309609719988657 1.00580051253019e-05 0.00023306787625188 7.27172913684626e-05 0.000118725941138109 7.28793638700154e-05 6.07087313255761e-05 0.000154821842443198 0.0214525835122913 0.000147393118822947 0.000104395719972672 0.000974612815480214 0.0019452571432339 0.00170880134683102 0.0098053116351366 0.00702114676241763
0.00058641400974011 0.000562433927552775 -9999 -9999 -9999 -9999 -9999 -9999 -9999 -9999 -9999 -9999 -9999 -9999 -9999 -9999 -9999 -9999 -9999 -9999 -9999 -9999 4.78848666602971e-06 2.06522871621928e-05 0.000131703905935865 0.000208084625774063 0.00106790795107372 0.000949509034398943 0.000347942975349724 6.85946228259127e-05 1.75531910940663e-05 7.83006855272106e-05 5.43287216714816e-05 4.38476882663963e-05 3.6408765026863e-05 0.000382883183192462 0.00130774085992016 2.36800706034046e-05 0.00174979492730927 0.00208367244340479 9.17288502932934e-05 0.00112836486150627 0.00440098514372949 0.000699063398496946 0.0025826177738054
0.00135717863740865 6.11782174019027e-05 0.00177807410364039 -9999 -9999 -9999 -9999 -9999 -9999 -9999 -9999 -9999 -9999 -9999 -9999 -9999 -9999 -9999 -9999 -9999 -9999 -9999 1.07520972640884e-06 1.457874059696e-06 3.61480889296217e-05 0.00223831520124804 0.000260541310854023 2.36221929696967e-06 1.28780536442719e-05 5.01764431646734e-05 9.19932339456864e-05 5.48949148651445e-05 0.000288778620597441 5.66968095881748e-05 5.72010978778792e-06 2.20413399802055e-05 5.14542665314366e-05 6.6747929818689e-05 0.000681297548362636 0.000412269126536557 0.0356784730218351 0.00119407142046839 0.0298352094832808 0.00227872636969551 0.00126823969048928
0.000413723469682736 7.66058950830484e-05 0.000261705248703947 0.000913138780742884 -9999 -9999 -9999 -9999 -9999 -9999 -9999 -9999 -9999 -9999 -9999 -9999 -9999 -9999 -9999 -9999 -9999 -9999 -9999 -9999 -9999 -9999 3.36602253412366e-06 4.26000863491538e-06 6.20309129772067e-05 2.64727567355294e-05 3.37131104060973e-05 1.83730834464768e-05 4.62146573227074e-05 3.84817818485317e-05 0.000169742129946826 0.000325616666850692 0.00448166050482541 0.00367316121119075 0.000652744858234655 0.00388252027332783 0.000814178328801063 0.000242403192532947 0.00251426123286365 0.000227402347491079 0.00043624428858493
7.97319842604338e-05 0.000169970033675781 -9999 -9999 9.97921768430388e-05 -9999 -9999 -9999 -9999 -9999 -9999 -9999 -9999 -9999 -9999 -9999 -9999 -9999 -9999 -9999 4.06512707741058e-05 1.65998388581556e-06 7.60102520303008e-07 6.61053508110854e-06 -9999 0.000293578807759332 2.09034806530894e-06 1.45152799859716e-05 6.00563912485086e-06 6.78415733545989e-06 2.06203835205088e-05 2.26263069862398e-06 8.15829333475904e-06 8.30477623821935e-05 0.000835892186296405 0.000308026860329846 1.59943482003655e-05 0.00104711616004352 0.000213068736229616 0.00659007978392765 0.000139593971198337 8.26896306875824e-05 0.00146929631682724 0.000130547754110921 0.000109312776248771
0.00100327419932 0.000390420215262566 1.9696441609085e-05 -9999 -9999 -9999 -9999 -9999 -9999 -9999 -9999 -9999 -9999 -9999 -9999 -9999 -9999 -9999 -9999 -9999 -9999 -9999 1.19484600759279e-05 1.75748677065712e-05 -9999 -9999 2.99723373018423e-06 2.22298613152816e-06 8.10156619195368e-06 3.8911194920388e-06 2.86255588903828e-06 3.89347218515468e-05 3.70818692907449e-06 5.41852216144889e-05 0.000112241785245715 0.000370008502068231 0.00119438450783491 0.000323240382931544 0.000306774635100737 6.13934505963698e-05 0.000418848415938555 0.00026574773178254 0.00330446748848772 0.0166922079864889 0.00017871036732231
4.48168569164409e-05 2.28148698852237e-05 1.45850176977547e-05 0.00012222133227624 0.000110581103581353 0.000894494447857141 -9999 -9999 -9999 -9999 -9999 -9999 -9999 -9999 -9999 -9999 -9999 -9999 -9999 -9999 -9999 -9999 -9999 -9999 -9999 -9999 -9999 1.08090184198772e-06 6.5696604369947e-07 1.12727260161982e-06 4.59011607887305e-06 7.01219129268793e-06 1.17731177283531e-05 3.53798074179679e-06 0.00016485262021888 0.000616396302939393 0.000630668092344422 0.0010476982279215 0.000725127258920111 0.00092885120830033 0.000294633032171987 0.00113220391795039 0.0262114014942199 0.0441320994868875 0.00158117007013061
8.26087540190201e-05 2.49847389113711e-05 0.000242744167735509 -9999 -9999 0.000363919234223431 0.00262411517323926 -9999 -9999 -9999 -9999 -9999 -9999 -9999 -9999 -9999 -9999 -9999 -9999 -9999 -9999 -9999 -9999 -9999 -9999 -9999 1.53553304699017e-05 9.71923267911734e-07 1.21170431199857e-06 6.30752468850915e-06 3.95579276073477e-06 4.31400666798254e-06 6.55633657515864e-06 1.5143978339438e-05 0.000337302733532852 0.000756321587687125 0.000782255066587823 0.00245950315729715 0.000195394974434748 0.00695992767577991 0.0481126949191093 0.0666841106489301 0.00158342325594276 0.013699861348141 0.000586983482571668
4.70213686639909e-05 2.78333813184872e-05 7.03426500194837e-06 2.56066323345294e-06 6.57235817925539e-05 -9999 1.49515204611816e-05 1.81110954855512e-06 2.70015066234919e-05 1.44603096146056e-06 -9999 -9999 -9999 -9999 -9999 -9999 -9999 -9999 -9999 -9999 2.01007275336451e-05 -9999 -9999 2.46795411413814e-06 -9999 -9999 1.15412907319978e-06 1.48790160665158e-05 1.72469163430833e-06 1.86621440207091e-05 6.46466789930855e-06 1.9260181215941e-05 7.27597039258399e-06 5.63569867608749e-06 9.82722046956042e-06 0.000236687254073331 0.00564380425494164 0.000541180648724549 0.000380671856692061 0.00152456979267299 0.00379774669418111 0.000835905622807331 0.00156512338435277 0.000527177057301742 0.000685178427193023
1.14122646664327e-05 3.08994487880909e-05 1.40043313990645e-05 1.10849919565226e-05 5.60109297111921e-06 5.65355799153622e-06 2.68507572400267e-05 5.11499241838464e-05 0.000108008661300119 2.29673868830105e-06 -9999 -9999 -9999 -9999 -9999 -9999 -9999 -9999 -9999 -9999 -9999 1.02988908338375e-05 -9999 -9999 1.8754842052715e-07 -9999 -9999 0.000259126911259955 3.653941482753e-05 4.51875551732428e-06 2.91015692710062e-05 1.45167038226646e-05 3.14214901848686e-06 2.07953674362216e-05 1.19685329309505e-05 5.04183750535958e-06 1.87659180028277e-05 0.000117360278090928 0.000242834471282549 0.000355497216514777 0.000537997247010935 0.00122477533586789 0.00263864650623873 0.00485530768055469 0.00745714260556269
-9999 -9999 0.000301734903769102 0.000131245761440368 1.29028479477711e-05 6.17601142039348e-05 6.46691022438972e-06 3.60740497740153e-06 2.62793390959359e-06 -9999 2.01526223690962e-05 -9999 -9999 -9999 -9999 -9999 -9999 -9999 -9999 -9999 -9999 4.58038011856843e-06 -9999 5.01044469274348e-05 1.35968171932621e-07 4.75113284892359e-07 2.02800388959812e-07 2.12367565168847e-06 2.57497490281366e-06 2.16995206372417e-06 4.61576171346678e-06 2.08016136227229e-06 1.4003505805249e-05 4.59180481016119e-06 8.26677412533172e-06 3.93512450500566e-05 3.73281507108914e-05 2.42577449171222e-05 0.00141558535688091 0.0220203831559047 0.0327878660289571 0.00310100309434347 0.010405629966408 0.000464395139715634 0.000679613528700429
8.12925105492468e-05 -9999 -9999 -9999 3.16013908559398e-05 2.89478701063217e-06 4.38951392425224e-05 0.000428875317447819 3.98803898860933e-05 -9999 -9999 5.25526404544507e-06 -9999 -9999 -9999 -9999 -9999 -9999 -9999 -9999 -9999 -9999 -9999 -9999 -9999 -9999 4.93967094143954e-06 9.65525137530676e-07 1.51978819706855e-07 2.57690687845979e-06 1.30108452651712e-06 4.18565924462655e-06 4.0679796711629e-06 5.62171623528229e-06 1.3364650362746e-05 7.6852481925016e-06 4.33364165473904e-05 4.30849527219834e-05 0.000660418836923782 0.000788254816143308 0.0589097250252962 0.0107886185869575 0.00149125471361913 0.00590421406086534 0.000488869707623962
