Maxent_result_files_1/Bombus_alpinus_2.asc
NCOLS 594 
NROWS 330 
XLLCORNER -15 
YLLCORNER 23 
CELLSIZE 0.166666666666667 
NODATA_value -9999 
[rows 60 to 79 of 330, columns 220 to 263 of 594]
0.0300353277569229 3.72151524059783e-05 1.93273803659855e-05 0.00234400628742151 0.00153641069912425 0.000352959234894579 0.00298322088079885 0.0123229455042747 0.00207689718209707 0.00137883139892763 0.00119390786223601 0.00133365475355944 0.0278941844189831 3.78747269562107e-05 0.0581452642873941 4.12429672547621e-05 0.00874235511273582 0.000114933563710418 0.000347114588897757 0.00257775746258631 0.000176081346943402 0.000163405432258856 0.000155861527924017 1.48341302010357e-05 0.00858675965901057 0.000708360875290737 0.000597598425015466 0.0011517550156686 0.00173549568782381 0.222149939718656 0.0940569769125432 0.0127903743490606 0.00238155038326795 0.0205374776457967 0.012904729112779 0.0402701579652785 0.0216416154451832 0.00139703818204795 0.000914094568567014 4.10747804560074e-06 0.195264979405329 0.0155329525805428 0.159000796993496 0.0069164839162875
0.00047598658325203 0.0019922630283304 3.49134316188548e-05 9.15362835829381e-06 0.00145904681908702 0.00153879011648854 0.029137178765086 0.00172834702890423 0.0179239523002252 0.00799803468562459 0.000718471388609165 0.00745639539773038 2.56025880539301e-05 0.0213098274325603 0.0154252234937303 0.00206401281217268 0.000198465360555133 0.0236757542323176 0.00122577392059782 0.0164570791474944 3.95736288835935e-05 6.14805955966191e-05 9.07594044732285e-06 0.005820004587531 0.0358196657438384 0.0187083088184849 0.0104578029728145 0.00479639664654314 0.0846635257010348 0.0242503550630317 6.28984047529535e-05 0.00019005213613007 3.63977779513136e-05 0.00428443026466994 0.0323679922921991 0.0547085966943996 0.000240026927454462 0.00245809268692483 0.00301860287643478 1.01239200707925e-05 7.05562211781308e-06 5.58619452063813e-05 0.144941699574701 0.00525614034116089
0.00395673862089438 0.00680751250725393 0.0111182325420486 1.71402290334077e-05 5.7628763689177e-05 0.000703997693895531 0.0969022492170552 0.0916113536844932 0.00443761968975309 0.157919322145608 2.73248680835669e-05 1.9013730988604e-05 0.000635661126645992 2.58123096064988e-05 3.10431164344815e-05 0.190738459117711 3.03759334395082e-05 0.0278720619549858 1.87222619923877e-05 0.00735166174412143 9.96036888523122e-07 3.67309268132443e-05 0.0262219738819113 0.000137286873707287 2.57026787080061e-05 3.78757128470575e-05 0.000196943310137476 0.177212194708409 0.00143002337683882 0.0227580946847866 2.21057628442267e-05 0.0595801920805116 0.000102313641285035 3.55324129966861e-05 0.000343642045123571 0.355426699813688 0.00758529494291906 0.000540709353997571 0.00235403852154832 0.259586195484735 0.00158433390812789 0.359328570985235 0.0604697487666272 0.00815752894093293
0.000205841620868341 0.000214847310619604 0.000461890249780339 0.0128037615637609 0.00066147502661793 0.00368230466803379 0.0111927666549491 0.000202548937383606 0.0001274396987205 0.000669986520436083 2.60263551940976e-05 0.00407943166814593 3.44562291302863e-05 0.000128314853500633 1.66645034037627e-06 8.97042739965048e-05 0.0019806058482736 9.91287446523215e-05 6.10209688006735e-06 0.000196481145808769 4.36360527720891e-05 1.62519511714199e-05 2.20926023493218e-05 5.7284797911672e-06 1.43700641233924e-05 0.00193274303997271 1.40048752434896e-05 0.00195346436692407 0.00193038476017477 9.17397335263415e-05 0.000501431893544435 0.00476360057400598 0.0705615233455319 0.00443072829821176 3.01732759563356e-06 0.0845634203589725 0.00010804276876657 0.000404681159819464 0.0247448032763373 0.000648807040842314 6.41972927083123e-05 0.00116609292974204 0.000205113091109244 0.0124574885216134
0.00044734459268273 7.79880961533585e-05 0.000562411927953121 6.66576269598984e-06 3.14256586801953e-06 0.00183055811092094 0.000607411796376667 0.0018072455723888 3.16034827407607e-05 0.000119156164703327 6.08026123496419e-06 7.43658773953659e-05 0.000322927647748372 0.0176912774584025 6.05255630544699e-06 4.2804042495237e-06 4.85695340324499e-05 3.23189892443398e-05 0.000192049933612815 2.50576716282702e-05 6.70664419742506e-05 0.000160820333636646 1.21860916861172e-05 0.000503536693923934 8.61075609628559e-05 2.90066873295247e-06 1.79065582551985e-05 2.5489077048213e-05 0.000165087488079863 0.0399199219296861 0.302705912390957 0.00985588306994032 0.0175889655318315 1.18934844202556e-05 1.19284208102921e-05 8.67586456310132e-07 0.0113567514205215 0.00149619514470558 9.10144297074922e-06 3.16022598971566e-05 0.0165802039111441 5.49909362030476e-05 0.0037861269405938 0.000107291678838206
0.000434299118150006 0.012729272846866 0.004899736226713 3.46267996592653e-06 5.92430737961225e-06 1.84036207122595e-06 0.000380586365784585 1.8405200612126e-05 0.00161777548470265 9.71047803685954e-05 3.53162664420759e-05 3.0511792725596e-05 1.3369276589148e-05 4.91336033348055e-07 1.29066825360624e-07 2.95986871723386e-07 0.00234452514512862 0.00011732634860917 2.4528852480088e-05 7.06355366233757e-05 5.22850437013833e-05 2.14560835400057e-05 1.2239788738877e-05 0.000339530467096827 0.000142544511739295 3.934968719016e-05 5.12488398506483e-05 0.00170747443501398 0.00188781345968891 6.60383083517679e-05 0.00847336072083635 0.0023776433054536 7.20345733704275e-05 0.00535686305228751 3.81155183697413e-06 8.48082113390491e-06 4.80976843020287e-07 0.00050800214216844 3.92230698938456e-05 0.031403128144666 0.00193495909339774 0.00312987438603614 1.14996772801801e-05 0.000624504193537234
1.2775146842503e-05 1.12185420156896e-06 7.70996857936135e-06 3.66962140256222e-05 8.17265070313988e-05 1.62089561075551e-05 4.55761349837935e-07 0.000517248028631068 9.43768534092615e-05 0.00104119191450115 6.75099294453973e-05 7.02242263533881e-06 7.20790196677701e-06 3.40730006743506e-05 1.91731280887453e-06 2.58488462495654e-06 3.03605697276277e-05 0.000837977603326301 3.01520429593971e-05 7.17442860359241e-05 8.92929888260952e-06 4.59271943714201e-05 1.28835380046821e-05 1.13838348690942e-06 0.000516418380716277 0.00137747904417225 0.458500004489906 0.000129483574022426 0.000100385893065613 0.000359113830647662 0.00440483370434777 0.00369733436496524 0.000143594683372938 0.000266053999710403 0.000764235653252143 2.06342665588277e-05 4.54909255341751e-05 6.24880734714228e-06 0.000139428169345202 0.0236779591367394 7.1368936783256e-05 2.03088941216345e-06 2.09713122671262e-05 0.000119627392563793
1.57801952505032e-07 1.09082172294883e-07 1.28101326307695e-06 6.50296285265028e-08 6.50836302296121e-08 5.77169032234259e-08 1.26517296450412e-07 1.0243787079145e-06 1.17818716615092e-06 5.99905118217059e-06 0.000144672667090495 6.13701140237399e-06 5.3328207294423e-06 8.11148221600888e-05 3.95896530875905e-06 3.3742991315977e-06 4.80032820901588e-05 0.000118987860172215 2.85218626669748e-05 8.96572957858721e-05 8.23594652916815e-05 1.23940112015997e-05 2.30804759829839e-05 2.45252835950671e-05 0.243884989852086 0.00143968911680901 0.39939850771334 0.000821866939008897 0.021214089827447 0.00242158791139541 0.00328167339985157 0.398975001147483 0.000606493894807247 0.107918207877083 0.000188581497715568 0.0101520862908728 3.868127683887e-05 3.23954398096515e-05 0.000441040934586923 3.3785451777657e-05 5.79074964229043e-05 0.000424698849082072 0.00015288403535294 2.96838062220584e-05
3.46722245458952e-07 5.93821238181746e-08 5.70407184707911e-08 3.05099832398348e-08 4.78311168450318e-09 3.82051490444013e-10 6.89360066474798e-08 1.06719785364362e-07 8.71424128412457e-08 7.94283169680554e-08 4.31935583744547e-07 7.09946183792498e-05 5.8345371405033e-06 5.7303166669409e-06 5.92865021638023e-06 3.74661361264628e-05 0.00183905000006976 0.00010968871953444 0.000101517144097074 0.000111982320624926 8.79669900548663e-06 0.000820702660942285 6.59686825609462e-05 3.70292227879543e-05 0.0610253960792155 0.000876818026589565 0.000206196625696931 0.00471188512747176 0.00643374854798822 0.0906927812815411 0.00362482173703711 4.96285042332123e-05 0.000710152300765454 8.14578825430123e-05 0.00581976621667994 0.00151434930444544 0.000244596270059538 0.000455158986998505 0.000491958053266472 6.02790489605209e-05 4.662238164167e-05 0.039940991317053 2.85324788504959e-05 4.45872823203741e-05
1.41554765020757e-08 2.72072941720491e-07 8.88084458749994e-08 1.79591103877108e-08 1.15923465049406e-08 2.80464202417896e-08 1.64602889318743e-08 1.73310058548815e-07 3.53826543353364e-07 3.67679551471767e-08 4.78462574804439e-06 3.61718356190144e-05 4.92813268082593e-06 1.22888023876833e-06 1.56678027042667e-05 1.59669184420452e-05 3.05229779726801e-06 2.99434838127999e-06 9.81764982643796e-09 1.57540098233433e-07 0.000204448093595799 0.000839815657936216 1.73368395731677e-06 5.32621716421433e-06 0.0271365471988247 1.3671292581352e-05 0.000124398305568019 4.59019080872869e-06 3.74999768335549e-06 5.76385931443935e-05 4.81380025791789e-05 0.00725154426858436 0.00035734448481719 8.18390812782677e-05 0.000220674271177623 5.29406619143691e-05 5.24345819552074e-05 1.59387931288224e-05 5.17736475366459e-05 2.49220631987956e-05 5.24360454854822e-05 5.26766903269804e-05 1.77906562360497e-05 0.000147381264714763
2.96766500262891e-10 1.16572434594175e-08 1.24263993428464e-08 3.97705549493033e-08 4.0016050772973e-08 6.12092072214132e-06 2.38430340249174e-08 2.76816765010235e-07 1.163358504086e-07 1.49009345921658e-05 8.19899211512709e-07 2.02499560656877e-05 5.527566204655e-06 5.56453953072245e-06 6.48238240950061e-06 5.17551268730543e-08 2.25474349613286e-07 1.20434613081977e-05 0.000304740440275675 2.59844796957065e-06 5.52747867033077e-07 0.0015742965011921 3.91236535978168e-06 3.39250126932811e-06 6.09966569521725e-05 0.000238633397754318 3.5826922419735e-05 0.229007247915433 5.51725704048045e-05 0.0501148332012235 2.47442803274267e-05 0.000334338388684197 0.000414641918212144 9.05607770326e-05 0.000290182295010766 3.91639560949786e-05 2.15913978456439e-05 5.57348033386473e-06 1.95948004512614e-05 8.44568980122862e-06 2.77154279060943e-05 5.52463352609611e-05 0.0127512512054432 2.93708352569144e-05
5.31144720228305e-07 1.6569361759311e-07 2.4370639528648e-08 1.51302263695641e-07 1.80975910035741e-08 3.44923358208682e-08 4.27235129740744e-07 6.64293032026642e-08 2.67127988284876e-08 8.28775901240419e-08 2.10880474227348e-07 2.72857215208866e-06 0.000238074068201843 3.52475403154751e-06 3.82873486241664e-05 0.000130231793679059 3.82884556788809e-06 0.000370646415952081 0.000199007044602695 0.0152784206801186 0.000900374898662903 0.000172054916597153 0.012465385542523 2.69478364772535e-05 0.000169314451144775 0.000229395699049173 6.62265998828571e-05 5.79933164195023e-05 1.48162544555408e-05 0.000293436053626095 0.00700444893269605 0.00634343359137431 2.50322008935266e-05 0.00223118079793457 3.42441515799319e-05 9.2528653414059e-05 1.92695513627772e-06 0.00173420446592907 6.45729674040751e-05 3.80302681655453e-05 3.62851796990804e-05 0.000123719744643269 0.00014908940273568 3.90818202735232e-05
5.5655685487821e-06 1.0312391231615e-06 4.66033559465284e-07 2.03850283142515e-06 5.508768898288e-06 2.35855346594205e-06 6.26979188367294e-07 7.10702953576892e-07 2.30814047232908e-06 4.83387492122844e-07 8.73263583617279e-06 2.89814790299658e-06 6.38347840763442e-06 4.01279279937938e-07 6.87018674508266e-05 0.00410276870148891 9.95046187746596e-05 1.86154661453664e-05 9.14247370758403e-05 2.19496469642699e-05 2.55874873498207e-06 5.42924220482299e-05 0.000527678606887561 0.00812443824696836 9.78889995412624e-05 3.19532734184391e-05 3.42033739041292e-05 0.000192902030350128 0.00060736331464355 0.000959646821686988 0.000150688097895668 5.64964311478011e-05 2.42665145721022e-06 1.62663941656649e-05 0.000149531930564795 3.77952066729526e-05 2.97297059080881e-05 0.000133990916261895 3.9327254522914e-05 0.000129309580250303 2.15226309474348e-05 1.94813812812278e-05 0.00025897972434652 6.30911572661152e-05
0.000745010915946354 5.44935274664482e-06 0.00172368094306421 9.81540035120076e-05 -9999 -9999 -9999 -9999 0.0826877838287383 -9999 -9999 -9999 -9999 -9999 -9999 -9999 -9999 0.053455416625381 0.000316924733658652 3.86938020624283e-05 9.63690871885525e-05 2.53796317941646e-06 2.04902062017731e-05 0.00023378114826651 0.000180118438483934 0.000242164554235091 8.74881248342563e-05 0.000280685196188934 7.69209491150558e-05 0.000668250382385827 0.000348700877760488 1.61360190234383e-05 3.05946313697958e-05 1.3323150373945e-06 4.09306891011596e-06 5.60772766477813e-05 1.82776040639321e-05 3.89310172759005e-05 2.61976362843752e-05 5.59096388132341e-05 2.60274851719866e-05 3.68273336553981e-05 3.24056725361288e-05 7.54548031560609e-05
2.22270217264509e-05 3.69854666981695e-06 2.12610824320336e-05 2.65918472797111e-09 -9999 -9999 -9999 -9999 -9999 -9999 -9999 -9999 -9999 -9999 -9999 -9999 -9999 -9999 -9999 -9999 -9999 0.13102082957048 0.000202087927779415 9.15437797788243e-06 0.000426370660178144 8.35244709154748e-05 0.0012628272096351 0.000224198615462357 7.13861469769927e-07 4.40471197953318e-06 6.77606323595814e-07 7.05669064360315e-07 1.57297662706224e-07 1.57327380755357e-05 3.86498911504329e-06 0.000100951167905627 2.22404509442553e-05 2.82046701289729e-05 9.65779703154812e-07 3.08954099695224e-05 4.01870997842169e-05 2.6531527010043e-06 6.42208931674881e-06 0.00106395690153027
8.01181314498911e-05 -9999 -9999 -9999 -9999 -9999 -9999 -9999 -9999 -9999 -9999 -9999 -9999 -9999 -9999 -9999 -9999 -9999 -9999 -9999 -9999 -9999 0.000318664593438722 5.89743213039728e-06 1.24649552724621e-05 5.05947273126139e-05 5.47301787778842e-08 9.58671564676994e-07 4.1136977768641e-08 6.15711870707303e-06 6.44658413806454e-07 1.32613271612847e-06 1.6787209621838e-06 1.06997818226651e-06 1.36850363805285e-05 3.35888343531154e-06 4.59722386335626e-06 5.28765890677962e-05 9.67549626784692e-07 2.06637620264738e-06 8.9269620743293e-07 2.01829598787118e-05 0.000136348841096234 0.000633032036034198
-9999 -9999 -9999 -9999 -9999 -9999 -9999 -9999 -9999 -9999 -9999 -9999 -9999 -9999 -9999 -9999 -9999 -9999 -9999 -9999 -9999 -9999 0.000145838905703832 6.79925205855358e-06 4.41577646925762e-07 8.58537820869199e-07 3.13642886740073e-07 8.78912320212422e-07 4.14199693840378e-05 3.99428251685041e-07 2.27817053737311e-06 3.50110873349463e-06 1.98159202491333e-07 6.44409883973074e-06 9.3284952325412e-06 1.1233781869957e-06 7.18054282129454e-06 7.89939644116888e-06 0.000872497489571278 4.31479697418635e-05 2.46051880712139e-05 2.25253783113777e-06 4.97314463694387e-06 2.19110777909481e-05
-9999 -9999 -9999 -9999 -9999 -9999 -9999 -9999 -9999 -9999 -9999 -9999 -9999 -9999 -9999 -9999 -9999 -9999 0.578863114264438 -9999 -9999 -9999 0.517087555455459 0.0944206238771585 8.10402204318716e-06 5.16849809480968e-06 4.45491396107167e-06 1.0914988258115e-06 1.88281258639567e-07 1.853933977225e-07 1.55192224227108e-07 9.17586625126532e-08 1.40994831376862e-07 7.14327997974884e-08 2.38446210215626e-06 1.33201863429244e-06 2.92261163717278e-05 2.15301792575451e-06 2.72792490130236e-06 3.68144626006206e-07 4.38136117334453e-06 4.55903900334898e-06 4.01529340963269e-05 0.00243979779154162
-9999 -9999 -9999 -9999 -9999 -9999 -9999 -9999 -9999 -9999 -9999 -9999 -9999 -9999 -9999 -9999 -9999 -9999 -9999 -9999 -9999 -9999 0.775059720501304 0.00163913884266746 2.73461547294573e-05 1.64244860290319e-05 1.78766198569713e-06 7.5635858840073e-06 8.68791547425918e-07 4.33287212653344e-06 2.80284741793757e-07 3.58740032924132e-07 7.60972556612671e-07 2.83261096036824e-06 1.35004003865014e-07 1.38419753437091e-07 1.43807671105778e-06 4.56479665800202e-07 1.61512470986058e-05 3.15619014392698e-06 7.30454151702808e-06 1.74111299513502e-06 1.848270223338e-05 4.6260194388914e-05
-9999 -9999 -9999 -9999 -9999 -9999 -9999 -9999 -9999 -9999 -9999 -9999 -9999 -9999 -9999 -9999 -9999 0.498812482382164 0.000248285323778952 0.000579202055031291 1.14277584174371e-05 1.76707042252144e-05 1.73658152083589e-05 5.99025772008988e-06 3.19761334739432e-05 1.01349839907172e-06 1.35531944010392e-05 9.82780636871183e-07 9.02639008493189e-07 7.35194861989363e-07 6.80154560839252e-07 4.975109307086e-05 0.000104254277482596 5.07202089594649e-07 1.11660931004787e-06 1.63449620920186e-06 1.56238145694321e-06 3.82031073107303e-06 2.43032416191724e-07 8.42906911280306e-07 2.70308168637268e-07 4.07734215890354e-07 9.78100432647011e-08 1.0986970884197e-07
