Maxent_result_files_1/Bombus_hyperboreus_2.asc
NCOLS 594 
NROWS 330 
XLLCORNER -15 
YLLCORNER 23 
CELLSIZE 0.166666666666667 
NODATA_value -9999 
[rows 240 to 259 of 330, columns 308 to 351 of 594]
0.0175969075411558 0.000629251977761669 0.0194799524499103 0.000392821888090111 0.000473691229763062 0.000386855341048431 8.23853714649658e-05 0.000188288470778275 0.0028548965772643 0.00115215338792041 0.00102962126620696 0.00045161070395352 3.66544196021223e-05 1.16543775536493e-05 3.9808889479076e-05 1.16083277930112e-06 1.19547817167831e-06 3.41080595955834e-07 8.60968237459403e-07 5.93868580259782e-06 1.28826276285521e-06 6.67340844773268e-07 7.74456778152022e-08 1.87409880658684e-07 3.4452783359562e-08 3.4976961138522e-08 3.31357819183253e-08 3.16167351077645e-08 2.95450630316552e-07 1.20174440798593e-07 3.50339301469216e-07 1.36373663127687e-06 5.80990291669803e-06 8.66347285418678e-06 2.45745113270024e-05 4.02612944044867e-06 5.7214618218282e-06 6.46347582606843e-06 2.15302035584841e-05 7.89009234551941e-05 0.000126736250649628 0.000252666792766831 9.3965303085497e-05 0.000122116612624268
0.000890100363540114 0.00927910975005943 0.000122402215542294 0.000215782017852462 0.0176320291939192 0.000351197282725479 0.000404783549629428 2.54241166274483e-05 7.52206730284755e-05 8.47477058578683e-06 1.00559959700375e-06 1.37096236363377e-07 3.23648585398573e-07 9.31182710695033e-07 2.02576495237361e-06 3.82486312255903e-07 6.71388393214123e-08 6.32002238876161e-08 1.11011014825024e-07 9.90940857792388e-07 1.83444339590721e-05 3.08366582369324e-05 4.5252675517915e-07 1.79412490086683e-07 1.65059552958979e-07 1.89604916178698e-07 2.36883159332457e-07 2.89561115818238e-07 2.22110266867581e-06 2.40916788858403e-06 2.11315281305469e-06 3.09319677599396e-06 5.3838018532093e-06 7.19579313213092e-06 3.18256811027595e-05 5.52863947383742e-05 1.39084520711208e-05 4.00115028611481e-05 8.14199539123095e-06 5.0917274575113e-05 0.000190727099516153 0.000207331879437334 0.000223581657246541 0.000422747480479302
7.54705744611783e-05 8.54949920828574e-05 1.98095196767278e-06 5.08615871895213e-05 0.000306877620408841 0.000161658892920968 7.8119196221138e-06 1.6894691131375e-05 9.95316253153966e-06 1.10875782058928e-06 2.5974431855369e-07 2.10313314419341e-07 3.5188639680106e-06 3.05648211459064e-05 2.49624817654226e-06 7.92795823079118e-07 3.07538186472556e-08 4.71743747065823e-08 7.31806225395815e-08 9.0338112368471e-08 4.46881373166175e-06 5.19188366647327e-05 1.66146929422295e-06 1.42962777194278e-06 2.98387244538345e-06 3.34432218443981e-06 1.00714744958652e-05 2.45290759391947e-06 9.06052552900327e-06 1.15733799726292e-05 1.3237266681132e-05 9.1269980657338e-06 6.20441505712055e-06 6.10399963827391e-06 8.27335204448332e-05 3.71911247283307e-05 3.88047601569408e-06 3.36530738317409e-06 4.80631566461831e-06 5.90088575620484e-05 1.7080745780973e-05 9.37674622832674e-05 8.68645190166717e-05 3.66264568640418e-05
3.80362224785546e-06 0.000108989441793028 6.27378640380982e-06 2.43021455543779e-06 9.82127024229396e-07 2.56284368822524e-06 1.74064761270909e-05 5.06796971370127e-06 2.19496327285018e-06 2.30802359867388e-06 9.45985298772545e-07 2.58084744686471e-07 4.96583966429487e-06 2.98758246826125e-06 2.62568793096829e-07 1.35774395586541e-06 5.54120253104529e-07 7.48154747287622e-07 4.95921826959567e-07 5.57943268919559e-08 2.92510086918885e-07 5.89903347170129e-07 1.14107839546129e-06 3.3794025983247e-06 2.58979383199742e-06 4.54559564487811e-06 9.87805093978222e-06 4.90627913687369e-06 1.59258601154622e-05 2.92944815076801e-06 4.17328149544538e-06 8.7592885856802e-06 3.01087268071987e-06 1.32965299577403e-06 4.46942102045877e-06 3.35490844437514e-06 2.00639192453722e-05 4.6515993593621e-06 1.23676002946826e-05 3.98668513049927e-05 6.65895555185259e-06 2.35996417451645e-05 2.52722245136283e-05 1.24800778294798e-05
4.33551107725805e-06 0.000185355653593433 2.43963080305942e-05 2.23836291300961e-06 1.43953240862249e-05 1.6236748563736e-05 5.23742669749083e-06 4.36792273342812e-06 3.35712809023114e-06 8.03556213091472e-06 6.2568844977795e-06 2.1187031789327e-06 1.16714388962436e-06 8.0986232271596e-06 1.0542629472865e-06 1.30643196726288e-06 7.22453752710628e-07 1.52047288959345e-06 1.1354892428983e-06 1.93571904250067e-07 3.23189681239455e-08 1.91437904639713e-08 7.48977709519316e-08 1.16086935686432e-07 5.76301432220205e-07 1.25880080729113e-06 1.24605174937065e-06 4.38277642311746e-06 3.69836572841065e-06 1.11108529216031e-06 3.20726642144553e-06 3.6219794371628e-06 4.65915153813334e-07 2.35050996499897e-07 1.3218488307265e-07 1.65958384035214e-07 6.20236684412134e-07 1.12498142674777e-06 3.40323209813143e-06 4.12422310377636e-05 3.36410605727977e-05 1.14395269006806e-05 2.46983772407283e-06 6.64561987717693e-07
4.83082828346415e-06 1.32343850608674e-05 3.56356667912117e-06 1.09682512750786e-05 2.1542531286034e-05 2.26726639546371e-05 9.16340727959986e-06 9.63348129512376e-06 6.97110241576482e-06 2.07137613135178e-06 1.15352112861622e-06 3.83010266247208e-07 2.9829316847696e-07 6.24323759257361e-07 7.76276247660412e-07 1.17665070520356e-07 2.28935178836487e-07 8.27852118079342e-08 2.96550697109765e-07 2.91939497287785e-07 2.33842868524459e-07 6.46555709926666e-07 3.44461780010796e-07 1.07197646836976e-07 1.62235186507154e-08 8.34125892468229e-08 3.53639229988545e-07 3.5487844409765e-07 4.33628228535543e-07 1.9366709667068e-07 6.8471018543903e-08 2.75605540400736e-07 1.31743469500289e-07 1.1259136847297e-07 1.26853304704966e-07 1.28164953661081e-07 2.48452890516671e-07 3.11353980242401e-07 3.56494822484343e-07 1.00849195028285e-07 2.04432105266328e-07 2.2983113011743e-06 8.81883596726141e-06 8.46813936652424e-06
1.73741495117952e-05 1.32954822539499e-05 8.12096407210028e-07 2.64241149561251e-06 1.12803602884126e-06 1.90160051833921e-06 1.03423709412187e-06 8.85463617905646e-07 5.55146566150189e-07 3.91514722009045e-07 7.55202456848014e-07 3.19884140620452e-07 1.63312087597678e-07 8.07873628594358e-07 3.98339483864696e-07 9.76296781307617e-08 2.88478094301325e-08 4.10877244005903e-08 1.96674071806235e-08 4.96473452349377e-08 1.19733006354039e-07 6.80002775643729e-08 4.07282396475139e-08 4.73914610776838e-08 1.14422009978021e-08 1.67059922551172e-07 3.37538706163265e-07 5.78371759574203e-07 4.06834056987382e-07 1.61223278860589e-07 2.05398109343058e-07 3.54764476651059e-07 5.07692386098046e-07 4.91865507845635e-07 5.78429393272017e-07 4.98402093707107e-07 7.319858400745e-07 1.16651252846101e-07 5.68028911740459e-07 3.64967255594983e-07 2.61782206389949e-07 3.55441070021278e-07 5.1070702634104e-06 4.31913417360263e-06
3.21592531337345e-05 8.4607290117833e-06 4.1274618957865e-06 5.15951960217143e-06 4.25704661165538e-06 3.44463546897433e-07 1.43934532093049e-07 1.79746944029002e-07 1.98427617270625e-07 4.78900825506834e-07 9.6840130270337e-08 8.14362817136427e-07 2.14404480747277e-07 4.03388106950953e-07 1.7252636659304e-07 3.33277235031737e-08 5.27105452952092e-08 2.4999800452008e-08 1.74188191870428e-08 2.6846455236651e-08 2.17527289292363e-08 9.87867601054404e-09 8.01319666177136e-09 1.48493129237259e-08 7.07687182188721e-09 2.56099448314728e-08 7.7140610943438e-08 9.92485174267088e-08 3.33438347266402e-08 5.38525508075871e-08 3.49486341089111e-08 1.90036349989597e-08 7.39836135466021e-08 7.58661717226161e-08 7.13702434818053e-08 6.86351411927078e-08 1.47654099513783e-07 3.35590582889456e-07 2.03300305234855e-07 8.44882990902462e-08 4.683323938659e-08 7.17372471648048e-08 5.00867431196816e-08 6.91112424511253e-08
9.965041162463e-07 2.62423608323736e-06 3.99863498063979e-06 2.9712645122304e-06 6.00801819339303e-07 2.39694793013889e-08 1.22577808558955e-07 2.4130202530559e-07 8.91590970353295e-07 5.2824791315631e-07 7.35203645196858e-07 1.48489964291176e-07 1.66696960357537e-07 1.20417040749832e-07 4.24540254284622e-08 8.73124265110547e-09 8.20544056034933e-09 3.2466834998246e-09 4.73708720027943e-09 1.65545597230476e-09 3.15832934250082e-09 1.87894069192396e-09 4.00878288342454e-09 1.66240524679395e-09 1.78199357492304e-09 3.80604109340155e-09 2.80304726096858e-09 1.6797717439232e-09 2.89038741829728e-09 1.21510622674847e-09 1.86859150375085e-10 2.51452270116914e-10 7.30579785557239e-10 9.15644227106327e-10 2.60919185146591e-09 6.86265647642514e-09 7.93161049061908e-09 2.97677144267539e-08 2.46974478201878e-08 1.52390620167253e-07 1.69431780561169e-07 4.96636673896766e-08 5.52648139917622e-08 4.58354038390674e-08
2.56949139376683e-07 9.69222803648417e-07 1.49126905480967e-06 1.62778475107928e-06 2.35061067677123e-07 1.96490780390857e-07 3.50621578060206e-07 3.88733619349768e-07 8.56817079186722e-07 2.27823742871003e-07 1.49675116578596e-07 8.85039998843595e-08 5.57820831414979e-08 2.14528660391622e-08 2.21394980126632e-09 1.82736020759577e-09 1.9365570813612e-09 1.71698689710453e-09 1.77933103806538e-09 4.43888847900808e-10 9.05035701936896e-10 2.233965612497e-09 6.02347269840209e-09 7.6834222539901e-09 8.68877869653062e-09 8.71999050744421e-10 6.66269950322373e-10 7.65632746091427e-10 4.41736858203257e-10 2.32799074462164e-09 2.14912894147545e-09 8.6777152019657e-09 1.60309574948059e-08 6.26185482355268e-09 7.7498844008872e-10 4.07436839822139e-10 1.10008864240285e-09 5.63316903123834e-09 1.71628624090481e-08 3.92364278956059e-08 2.62396338990278e-08 3.20257382946387e-08 5.62338596132861e-08 2.88669925996299e-07
1.34660214945459e-07 1.43072647053044e-06 2.58305707321327e-06 3.32000617667694e-06 8.44054447901588e-07 5.12404835883995e-07 4.70852826428558e-07 2.15068929454443e-07 2.33017692208293e-07 4.46558583111489e-08 4.44876718019849e-08 4.23036899732665e-08 4.73664445888033e-08 3.34184001582472e-09 1.31751920484646e-09 1.38256899262501e-09 6.28268714830682e-10 3.00436020506112e-10 3.50070983312634e-10 3.8190842710506e-10 4.23785240233343e-10 5.56533841233886e-10 5.99376492882442e-10 5.66123758982684e-10 5.60550761363743e-10 2.91656887529967e-10 1.67868324796316e-09 6.29635832360975e-10 1.44690326386865e-10 3.17683779282874e-10 9.63006585585901e-10 2.72828049041607e-10 3.34364513854268e-10 5.68665070588281e-10 2.73033406994472e-10 3.39572225893647e-10 2.77879741439335e-10 8.01428901020529e-10 2.21861548022062e-09 2.82949763730223e-08 1.57922094290441e-09 1.61881582472212e-08 3.45495666631557e-08 4.80059939467203e-08
2.44676536742539e-07 1.74802475005897e-06 3.67324307826156e-07 3.56150590108406e-07 2.05681054832318e-07 2.54174116665062e-07 1.78046215926209e-07 7.29242787822493e-08 3.40454085923092e-08 7.75571420419396e-09 3.42571304523531e-07 1.27481577250066e-07 3.64517630968564e-08 9.61166336521657e-09 1.72843847012771e-09 2.11638625513544e-09 1.09875151199645e-09 3.86691800802197e-10 2.20054707789075e-10 2.41177167126239e-10 2.631444173673e-10 2.62846722165477e-10 2.64486743617454e-10 2.58581889234222e-10 2.4837640832942e-10 1.00455121998522e-10 4.81640538563255e-10 2.1183418352777e-10 3.69047103987441e-10 7.16257275712451e-11 1.46472289852539e-10 4.42932468480706e-11 3.67938568501813e-11 3.06298542085415e-11 2.92574520166511e-11 3.00261815411318e-11 7.36894545383393e-11 7.97687915721212e-11 9.5387908682909e-11 1.11385082268711e-09 1.198066401642e-09 1.49819477934798e-09 1.14614264856705e-08 1.22589719819821e-08
2.13003329374573e-07 1.20048866678601e-06 3.77599040635168e-07 1.07670107885038e-07 8.58705327844156e-08 2.67093889272374e-07 6.74393339816781e-07 1.40585579855301e-07 6.57120340807893e-08 2.41914841381252e-08 4.69017686799411e-08 2.91237671334876e-07 1.22375113198459e-06 1.55040759453051e-08 1.8774884646966e-09 8.52215209512508e-10 1.16624510049235e-09 1.357894829912e-09 4.09948419655137e-10 1.59705537683408e-10 1.71256153702615e-10 1.82167569917624e-10 1.73672720649165e-10 1.70964808976493e-10 7.15686943042471e-10 7.54633777688696e-10 7.18458958992585e-11 3.49429007950874e-10 1.55236956622673e-10 1.41576617096462e-10 9.57426693481978e-11 6.85616785567333e-11 6.57633725253959e-11 5.37089150931536e-11 5.53332157871012e-11 5.04784325450203e-11 4.96625962576047e-11 4.98888264033326e-11 5.37489275309611e-11 6.73564315434305e-11 3.00968960864623e-10 5.99374927467977e-10 4.38418761294912e-09 5.28324478610287e-09
7.14808630319919e-07 5.41026396815303e-06 1.14033843805483e-06 3.69995657867328e-07 3.86453424672251e-07 8.76366228474978e-08 1.90365394137082e-07 6.60985149170123e-08 1.1125784160626e-08 7.50181360364977e-09 7.18759997075935e-09 2.38777083660935e-09 3.68755690427491e-09 1.57107120646316e-09 4.02315980529977e-10 2.24204843579656e-10 2.00537575434367e-10 7.88167864307354e-11 1.69703995300807e-10 4.68895777760991e-10 4.15672352094276e-10 1.92988725000731e-10 1.48982071124237e-10 1.46228351649569e-10 2.7113480349783e-10 1.36958766550066e-10 1.08106479324022e-10 5.25041787824421e-11 1.15737208705724e-10 8.60965077009723e-11 6.54488352402893e-11 5.91682369766033e-11 4.5974390960879e-11 3.83292619865472e-11 3.9018510644695e-11 4.00058097760336e-11 3.8572622873545e-11 3.75480979641907e-11 3.49618889394776e-11 4.04656419483729e-11 3.83145848381616e-11 5.33295552163082e-10 3.56338614171392e-10 5.85105275341391e-10
7.60025946555665e-07 1.09968079175404e-05 1.34009615937458e-06 7.96413362369464e-08 8.71794992640673e-08 4.35936070575238e-08 3.68964153230067e-08 3.31933658448413e-08 5.88045623306499e-09 4.67660900005384e-09 2.45697083789409e-09 4.22350354689627e-10 3.63701457839483e-10 2.81190648543372e-10 2.27459651114259e-10 2.22706120212024e-10 2.13879292054742e-10 2.18256634987313e-10 2.20005869078221e-10 2.08514594479681e-10 6.65769883667622e-11 3.48392348303861e-10 5.01612862358058e-11 1.05830577634691e-10 4.34320246434083e-11 1.04720943028269e-10 1.47155843066571e-10 9.70495905860957e-11 8.13137113198081e-11 5.51028001005705e-11 5.29630783674406e-11 5.4288906703448e-11 3.57289087205004e-11 3.53866713709294e-11 3.33297278665157e-11 3.27465610183708e-11 3.15668380324041e-11 2.96115243436645e-11 2.46645037726978e-11 2.6404611830344e-11 2.41359265906738e-11 2.55162502238448e-10 1.64531943624979e-11 9.48202183437274e-11
1.05139173101065e-07 3.63438754047429e-07 8.18899464638534e-07 4.94180501187103e-07 2.8276976800079e-07 1.2290453030861e-07 5.61918546582163e-08 1.92076929250717e-08 6.10713543069963e-09 4.06096820615431e-09 5.70364788732292e-10 4.58943538728107e-10 3.61272289861603e-10 2.83557910485399e-10 2.75699429952425e-10 3.01315328243845e-10 3.45546347091386e-10 4.92718321698504e-10 5.21497123262549e-10 3.74477671094553e-10 1.81626902406862e-10 5.54948420550261e-11 2.92769519738556e-10 1.91424165407739e-10 8.03192734544211e-11 3.82422649103376e-11 3.33175598221658e-11 6.63116228594163e-11 5.08473818605637e-11 4.48767023542018e-11 4.37273772746494e-11 4.29397517542895e-11 2.9900537601435e-11 2.79884226905835e-11 2.92444068961117e-11 3.10844461282045e-11 2.7863511498083e-11 2.45298781287318e-11 2.13124073944471e-11 1.81299641965893e-11 2.09752881730196e-11 1.0851849419069e-10 1.36219036050989e-10 1.03039965448914e-10
1.83853981361448e-07 2.69837232236281e-07 6.92760664022796e-07 3.58455863858076e-07 1.00389592505579e-07 1.38793556669903e-07 1.57071614581561e-07 1.11530689395067e-07 1.34802849993676e-08 4.34330825749285e-09 7.33201288571905e-10 6.40069686141942e-10 5.30581523161544e-10 4.26508262041381e-10 3.73356945360115e-10 3.66273200658185e-10 4.28228441595735e-10 5.9303116861642e-10 3.59726370913194e-10 2.02460259668413e-10 1.30442145973575e-10 9.99926808020746e-11 7.92670040716814e-11 2.75725875464872e-10 4.82025863668412e-11 3.09187897507002e-11 6.37326746932843e-11 4.7490866794675e-11 4.30996238698356e-11 3.67209485041542e-11 3.28329807786076e-11 3.67118890842733e-11 3.44410722163957e-11 3.20866555547639e-11 2.97061930609743e-11 2.89746449055883e-11 2.71332956103265e-11 2.54953613776365e-11 1.87531323803114e-11 1.45920830973978e-11 1.53450252504683e-11 2.74891553964096e-11 2.48212939091275e-10 1.44665346368811e-10
9.52163183354227e-07 3.45585977583607e-06 4.21815189965979e-07 1.10235828562066e-06 1.90674717004402e-07 1.21792808094323e-06 3.60183983993956e-07 4.45882994670743e-07 3.14360080522214e-08 1.12497902771125e-08 1.5653354834555e-09 1.0973840058881e-09 8.09305333859811e-10 8.50995252044129e-10 5.35520139344214e-10 3.099862921907e-10 2.41483844032331e-10 2.49259635154431e-10 1.96445415490132e-10 1.16641973857412e-10 9.20536868953548e-11 7.80742359651754e-11 6.64333810185269e-11 2.72542655110897e-11 6.71228517212796e-11 2.74629208263377e-11 4.74126071736691e-11 4.09455358507671e-11 3.12430525895024e-11 3.00981239931275e-11 2.85651391429553e-11 3.18896797857349e-11 3.7220526660775e-11 3.84492659932789e-11 3.2114388925919e-11 2.73899236624686e-11 2.54588128356659e-11 2.30514385357594e-11 1.67067470968618e-11 1.41314293600203e-11 1.19891541139339e-11 1.38477451727681e-11 1.55484980446374e-10 1.78725712007832e-10
2.92257327128009e-07 2.98332712855842e-07 3.40227803630189e-07 2.28132467854358e-06 1.15169589547381e-06 8.39880924830005e-07 1.98328086653543e-07 2.7761298820872e-07 1.22122970880323e-07 6.5547903305152e-08 1.97259126477611e-08 1.27979736364026e-08 3.20697478572995e-09 1.64766479349154e-09 5.178277029394e-10 3.33538996422078e-10 2.25713925328108e-10 1.80272974326101e-10 1.38368083657525e-10 1.08988851277303e-10 9.08190633808204e-11 7.45228656562347e-11 5.81226622387021e-11 5.35584576688564e-11 2.44867126575343e-11 1.07385711434205e-10 8.0810735880732e-11 3.29827054557086e-11 2.85014012391116e-11 2.66021316086551e-11 2.7690971737826e-11 3.82040732382904e-11 5.11107489664653e-11 4.85260831517564e-11 3.46317197141843e-11 2.73665312633398e-11 2.36654806862191e-11 2.20655715921225e-11 1.6490797616342e-11 1.47017731322308e-11 1.0849954268366e-11 9.6385455172765e-12 9.56461243539763e-11 1.27866417454214e-10
2.41492753816352e-07 2.30799353606592e-07 1.44663928285382e-06 2.66599401788081e-07 4.48052513213337e-07 5.55136768087827e-07 8.0764000010003e-08 1.955287979305e-08 2.1983624587385e-09 2.59856663964442e-09 2.48999610930056e-09 1.64796469803719e-09 1.18689506001246e-09 5.6836521045156e-10 3.35274907836691e-10 2.74258993293586e-10 2.13153517059084e-10 1.69225400359352e-10 1.45788758842968e-10 1.34977262700176e-10 1.21042742495803e-10 1.00565467064939e-10 8.19799006457345e-11 6.84527434735571e-11 5.99815419555227e-11 2.58964294452824e-11 9.79333281136974e-11 1.85564119625781e-11 2.75050093812013e-11 2.44060549547953e-11 3.59283158779533e-11 4.92460183743049e-11 4.56473747689756e-11 4.2879222394987e-11 3.27602611704947e-11 2.71170197407855e-11 2.29199881296438e-11 2.03632000150833e-11 1.54708579280793e-11 1.30425892308494e-11 1.09947606574679e-11 9.35567179283225e-12 1.01242569883198e-11 7.13669789931259e-11
