Maxent_result_files_1/Bombus_sylvestris_2.asc
NCOLS 594 
NROWS 330 
XLLCORNER -15 
YLLCORNER 23 
CELLSIZE 0.166666666666667 
NODATA_value -9999 
[rows 160 to 179 of 330, columns 315 to 359 of 594]
0.0104577928315848 0.0164037122391164 0.0225700691342354 0.00405802945606411 0.00337821424473077 0.00235846831928939 0.00221328953048214 0.0020549776731059 0.00180229304824024 0.000607890647370368 0.00327256384771317 0.000853193696821108 0.00101365853915922 0.000914621772244573 0.00110526814241894 0.00029136147495592 0.00105297162081115 0.00224003996700048 0.00102495465544052 0.000622174036107026 0.000585739678354003 0.000498029640584718 0.000530414105742238 0.000555548100965098 0.000449158537958283 0.00163708591135219 0.0011412744235713 0.000494876154698431 0.000939473212929443 0.000588009905186482 0.000308758829487488 0.000496504618786275 0.000468593597179279 0.000424212121288292 0.000391098104591947 0.000377083540661261 0.000359377957647666 0.000388186096097343 0.000314892097958364 0.000287856465729419 0.000261784216854721 0.000220000091940165 0.000167344021610916 0.000155010650269105 0.000136061798548326
0.0032086800551042 0.00275608272058889 0.00419759179931134 0.00308901311364025 0.0021125033381395 0.00193617888726294 0.00171105833724141 0.00230356635292992 0.00150603570509702 0.00122243422083557 0.000879240460926667 0.000671692730975337 0.000901233113836497 0.0014304053154774 0.00106022169347852 0.00171689282287844 0.00302203737664968 0.00067671352007892 0.000628489165683277 0.000757506035733968 0.000698442923021503 0.000597162914345972 0.000565962414839305 0.000517713706358336 0.00111033591092564 0.0017834474449046 0.000570282369153574 0.000518829323118553 0.00111646438599564 0.000565168223693036 0.000515832184464671 0.000491019294713624 0.000463237610529177 0.00042692240094766 0.000402826421486679 0.000378756067948416 0.000344313407549635 0.000305777796893381 0.000292758666910231 0.000254747785947984 0.00024149964665412 0.000193041963211726 0.000159550962416688 0.000134771124794497 0.000135495977156097
0.00312959363218397 0.00119316488853656 0.00234596848022193 0.00238469297764823 0.0022416855674237 0.00218885345384479 0.000745679234387353 0.00054981006833259 0.000430722079181578 0.000993987172842026 0.00110241303918883 0.00145631060586311 0.002227277320344 0.000461204400926363 0.000694059432134964 0.000350569598958828 0.000757986807730049 0.000253559560223948 0.000475183190428652 0.000725748925469816 0.000732295413035899 0.000668968522222713 0.000652587215881795 0.000648320722393691 0.000600122756441124 0.000543716811807826 0.000708254845812917 0.000548882542352658 0.000521401705918834 0.000514504563761875 0.000485783614567481 0.000482877439935692 0.000469969879486598 0.000412979951943271 0.00038153789791977 0.000367652755812742 0.000314931962930132 0.000301236932864413 0.000337687034334522 0.000212145836121636 0.000209620578971226 0.000175910771940835 0.000244573682721239 0.000189175245395745 0.000110695070179645
0.0029921428533271 0.00126731056952849 0.00203665836015716 0.00239815060049295 0.000617393021821044 0.000524672630126588 0.00170784355141222 0.000378016704053152 0.00130568199674599 0.00116616936284117 0.00110932783572935 0.00111825711792335 0.00097075438243337 0.000867349945474416 0.000547499308595434 0.000787116939318366 0.000247686102375155 0.000236098242021399 0.000575461724656634 0.000779750425135717 0.000724665998131968 0.00069080664543435 0.000694562448188663 0.000678160440293141 0.00063120351114776 0.000543473361176439 0.000807360708131455 0.00092350420600269 0.0004967213870259 0.000489137700060382 0.000488851655973122 0.000473260879516602 0.000494730978971347 0.000380982781643979 0.000375449727289379 0.00035233503440395 0.00030826706206426 0.000292139456723817 0.000249823031481355 0.000226751799345948 0.000204631919768872 0.000191943466779776 0.000523162758327089 0.000338463280786527 0.000119499506035936
0.00317150689661503 0.00140596252749674 0.00273964062798768 0.00256202744785696 0.00118957964004949 0.00204129809280857 0.0017430376377888 0.00229638990713283 0.00142608929891139 0.00141587837133557 0.00116553735570051 0.00112026905990206 0.00100839457591064 0.00071937081811484 0.000571849264088087 0.000881651617237367 0.000206022660859162 0.000301944413513411 0.000860380445374176 0.000828682340215892 0.000778716296190396 0.000354181355214678 0.000773024460067973 0.000727097899653018 0.000682227773359045 0.000588184728985652 0.000475876897689886 0.000462854982470162 0.000501019283547066 0.000431326699617784 0.000768825371051207 0.00113462157314643 0.000432339927647263 0.000429568981053308 0.000387571677856613 0.000359219513484277 0.000322708593739662 0.000279549101833254 0.000279114251316059 0.000264477236487437 0.000229445860168198 0.000356629976158729 0.000244593356183032 0.000110205740566016 0.000103882223265828
0.00308306857477874 0.0029364843852818 0.00248435598332435 0.000678007362876087 0.000547525013098493 0.000691522701526992 0.0020045917481184 0.00160679003456607 0.00155437375651672 0.00141157526522875 0.00125395045033656 0.0012091170065105 0.00099800206371583 0.0010149743873626 0.00100494539947249 0.000854166771750897 0.000697933748597279 0.000907665374688804 0.000943168241064996 0.000835713639389724 0.000518650159938261 0.0010489959269762 0.000795277464203537 0.000793588015949354 0.000701278584892862 0.000626214683870785 0.000650130774010904 0.000513254091492854 0.000488640416006092 0.000484795965894591 0.000517184668569826 0.000533402661676519 0.000468204746721312 0.000408382232126314 0.000382935519155581 0.000327178981387988 0.000296471790352371 0.000287339139322285 0.000260100000014063 0.00026554015930742 0.000349296414060518 0.000310312700457871 0.000204655227571493 0.000178196185515844 0.00013387625622272
0.00331354276277125 0.0032160620437935 0.00125917330151424 0.00219812840223312 0.000791527176625095 0.00129365343018435 0.00204769518459216 0.00177046678727493 0.00161678909789771 0.00145942328963429 0.00135080339387059 0.00126054160064086 0.00344359383452684 0.00109227746725082 0.000917690305504948 0.00098472420941107 0.000931524817133322 0.000896974187344313 0.000890123451245017 0.0009989007958211 0.000840676738880575 0.000950408517383039 0.000910208764253184 0.000912113365484402 0.000870259705698118 0.000715730598312803 0.000601283140713349 0.000451795730623417 0.000444880712893792 0.000418096478097141 0.000481047609355301 0.000419163623882923 0.000397691460966598 0.000344657713139895 0.000290702444908675 0.000426266348222271 0.000527035389677621 0.000299559899576707 0.000284573819953948 0.000279736629454419 0.000228763368795626 0.000224574635649333 0.000222518036025576 0.000789071354665794 0.000811146790510975
0.00323141997214407 0.0032486829906702 0.00328737115487456 0.00317264797631651 0.00260182275669649 0.00218937577446923 0.00208483866881579 0.00178468454396352 0.00165462295990437 0.00164514897624031 0.0015999692841433 0.00137507556937635 0.0011904765968211 0.00117641855613329 0.00109752055141144 0.00128447504830547 0.000595060258638114 0.00129059595637955 0.000884134147781879 0.000898934397264384 0.000815380929270759 0.0010242628864944 0.00113078696304001 0.00100428703590296 0.000899589958135039 0.000882828031899407 0.000682389011490159 0.000591679278295487 0.000505373103078455 0.000381398879108019 0.000324937274854165 0.000309110485977726 0.000319452218536753 0.000285851892840583 0.00095118010067381 0.000830116533325054 0.000282492300175363 0.00029359578693402 0.000193401071737753 0.000612474701483734 0.0003828785760561 0.000338280219875742 0.00145881330827251 0.000820255040889606 0.000461541053664405
0.00317683396860957 0.00279787632171065 0.00365005328785628 0.00320075799245387 0.00298294441308826 0.00253385566174984 0.00225188996409997 0.00194851239211857 0.00187639833893627 0.0016935357125476 0.00149549331981689 0.00130709745571949 0.00126754561788402 0.00126545713865198 0.00122271071886644 0.0011378665745724 0.00116416008677334 0.000910658814245835 0.00087042975355871 0.00062150074809324 0.000970454473281279 0.00327594975242391 0.00135380810243078 0.000651430481229909 0.000910348014440388 0.000926304329186678 0.000753239577170461 0.000575687896343879 0.000603002957359422 0.000380605783720966 0.000459351038443856 0.000447849526244681 0.000297395303641679 0.00030995174893178 0.000843183565302752 0.000276121735805646 0.000505928986240178 0.000231115700444207 0.000380278240481857 0.00040521158662159 0.000213490661553806 0.000553808215772733 0.000560238139587454 0.000909465708537027 0.00238211593823507
0.0170378127135336 0.00379285146482289 0.00339125217869878 0.0033799666678533 0.00316465897485614 0.00283914145547897 0.00254172871354967 0.00231172044295818 0.0019388766377233 0.00164822858059779 0.00145526502747089 0.00141513380222023 0.00145086472621188 0.00135056117433123 0.00130092949839309 0.00139244992751628 0.0014219407341443 0.00133692357921973 0.00140022384002805 0.00158864717232063 0.00150861814036034 0.00136871677823365 0.00240526971174404 0.00756680401973426 0.0017858256760519 0.0016643671609927 0.00115321835037321 0.00177403307752684 0.000482498972269241 0.000594992577680387 0.00156069198274054 0.000360827564145438 0.000181049811726552 0.000745726839522831 0.00638918546028435 0.00627691652625799 0.00277421881328337 0.00103729895781726 0.000552749581402168 0.0010945146495942 0.00233940272592008 0.000995192967820913 0.000355976748687681 0.0020329714869149 0.00162493661628105
0.00532759372144938 0.00522185165900737 0.00343236641492695 0.00314757453743368 0.0029320873785764 0.00282214195467532 0.00262668940704316 0.00247198134893551 0.00209868729580194 0.00166661626426503 0.00165297095663846 0.00159409656189382 0.0014731970615685 0.00140890523325652 0.00141274490160868 0.00140848642913625 0.00123922080965713 0.00143048162572086 0.00159086167113855 0.00155524151632562 0.00146836105268449 0.00139678851701319 0.00166694929357618 0.00172364288009703 0.00104452127416153 0.00205061570741236 0.000998225715011358 0.000782382054603659 0.000522094135521911 0.0010636240709573 0.000885526236379519 0.000760215427726507 0.00193154156440869 0.00321024181321263 0.00323442848166451 0.00305885148700327 0.00447262024972588 0.00439144659321755 0.00188516339985654 0.00277154507348314 0.00350302068982273 0.00139677741099149 0.00249668273609132 0.00274535111384466 0.00293036479270086
0.00753697021864355 0.00309698418714106 0.00326165906153619 0.00450123460032046 0.00273947578389198 0.00275461706332862 0.00263346259016544 0.00237029193667695 0.00213688235962763 0.00188070610165596 0.00188447525724769 0.0016518417163752 0.00139436853351071 0.0014895842410624 0.00133525333367288 0.00160029894905165 0.001285719149746 0.00139077125350013 0.00139910519937985 0.00141472491668537 0.00133068572031334 0.00131194303394295 0.00146019485546276 0.00126096668536775 0.000929981298395433 0.000844396045431495 0.000684506254037842 0.000556720051099546 0.000416744471294805 0.000378318609728012 0.000257299996883376 0.000176372215719311 0.00031097619139473 0.00140359139768407 0.0033403955749236 0.00249420903855935 0.00273707085289061 0.00495441395323724 0.00374576798640192 0.0028047273401171 0.00388105274178088 0.00423893618863076 0.00435089145321399 0.00238762304652482 0.00300372849451378
0.00967116458341479 0.00358259063214064 0.0032875933451578 0.00287877812515944 0.00266481940634549 0.00276268580928445 0.00246943194651976 0.00247651630779728 0.0028000709717162 0.00210432824678719 0.00191136084031314 0.0016430776217021 0.00130033319583163 0.00152578935958445 0.0012342952482868 0.00139307057252154 0.00141050153179094 0.00125495365355164 0.00146943295840174 0.00117909194086678 0.00125816388754174 0.00129241789109074 0.00127415132592432 0.00121031410526484 0.000933043414261192 0.000786845246329904 0.000690121707157232 0.000526346015976742 0.000359229114837945 0.000403138785623014 0.000332111936586443 0.000173705909764976 0.000214069786306936 0.000692941021407023 0.00277859178604558 0.00446244694758207 0.00410630754195154 0.00257709957659245 0.00374701521359384 0.004767807549797 0.00309235344175249 0.00207455145427957 0.00313250330509618 0.0026582071906887 0.002255201456137
0.0135702627710998 0.00241908066673204 0.00389797039097175 0.00429829687345773 0.0212720217183232 0.0144020524341613 0.00371935153380036 0.00249692905927077 0.00186937651596963 0.00196099639870226 0.00163322694133967 0.00169724733568728 0.0013745593605563 0.00138870180817321 0.00130057996721007 0.00156617712927982 0.00150773519417271 0.00150501858443022 0.000525968341389671 0.00110608179820701 0.0012645149952732 0.00110986738000065 0.00108547834097408 0.000962524517672136 0.000965522672049701 0.000746954887290485 0.000583526556147262 0.000839221908245236 0.000460911534901243 0.000481065080384724 0.000287235957512166 0.000579958083108068 0.000378449686104432 0.000536944458144717 0.00174520446453243 0.00588456250261515 0.00609655445441604 0.00475150637794286 0.00182735070120543 0.00349805695004761 0.00388256586156785 0.00438579220790416 0.00263249530689791 0.00288493785774335 0.00486135059036315
0.0223045260645449 0.0106925821397454 0.0033832669374533 0.00238560716388747 0.00229698412586004 0.126540706679225 0.0606149539351463 0.0108531563077122 0.00306359368842095 0.00150859560235403 0.00136853963485919 0.00125153265544213 0.00150489105144516 0.00118452339083888 0.00121886990964413 0.00124621538561769 0.00127170193591155 0.0025200474425219 0.00120287198806182 0.00120211314642802 0.00106036484939978 0.0010241539333947 0.000837197504006326 0.000755614749505185 0.000724072108278051 0.00063046962604858 0.000531490723369643 0.000713501131394878 0.000493707771238405 0.000333028392924461 0.000746292536496185 0.000608128617750481 0.00198582174489275 0.00239068571245298 0.00334823353914544 0.00162305082776584 0.00192258057068102 0.00313060072949156 0.00530446080956608 0.00416662199422717 0.00258176358183846 0.0032307532033883 0.00531531304770851 0.00614264313117019 0.00154183673148509
0.0303871468640864 0.00300570717081428 0.00287053596694022 0.00245974466670305 0.00287719801999629 0.00359189009759575 0.00282419059658423 0.00270898143062368 0.003715964499861 0.00200028448598459 0.0101295547094196 0.0140674255788326 0.00202575268922374 0.00152550945058465 0.00123666079598479 0.00116881813155487 0.00116658786428161 0.000993570551509038 0.00118994387448765 0.00141617350745946 0.00113703637034632 0.000819761448656209 0.000763604688108899 0.000689734987099655 0.000587285906658508 0.000567424888140522 0.000495383265661076 0.000574525742558762 0.000513660789874848 0.000385157710115891 0.000524394217063673 0.00120477018062957 0.00169269055477344 0.00157593548647128 0.00512314622756094 0.00572353221941739 0.00828434944851324 0.00385303683578968 0.00503208138979971 0.00300696026533842 0.00723192637087777 0.0322493243068038 0.0140826972903142 0.00583707436235272 0.00378866389946779
0.00704206111840904 0.0114431155845523 0.00693016122095287 0.0042200805619359 0.00255596480565146 0.00478294503409415 0.920760175585747 0.0139167945832014 0.00216494338819757 0.00167322766501456 0.0196233991067857 0.0097476162482053 0.00421206436585635 0.00422879275865853 0.00230025602504611 0.00108319501159713 0.000897816193173639 0.000994824321242049 0.000858811818761751 0.000992617273004725 0.00110956572461873 0.00100823592511006 0.000714227298158221 0.000707431422779337 0.000582145999942441 0.000512926118972246 0.000468133551476058 0.000683529159869067 0.00143106008181348 0.00190596386091784 0.00147325653815642 0.00616030301898718 0.00541802828665823 0.00388090007472783 0.00519240978173912 0.000584937675739639 0.00201836358755827 0.00499411239288747 0.00481348515022546 0.00521007552742958 0.00505463457666337 0.0149891360920037 0.00606256946193753 0.000497354321123567 0.000157458744797623
0.00242763936985284 0.00367532086092979 0.0215966124087572 0.021816374361515 0.00580680845305324 0.00499344216659665 0.00282737538218498 0.0206291221082211 0.00387623615097255 0.0022891103872098 0.00186016685329378 0.0016552276792936 0.00163043853826821 0.00157391563407145 0.00636279922910035 0.00221512891585007 0.0032775525120087 0.000862023909576237 0.000854403240373358 0.00089242881804239 0.000791620524250902 0.000804527383297682 0.000782727357000113 0.000607474925345741 0.00063869007572066 0.00132563193910755 0.000837984358076938 0.000403138362162281 0.000626857139286585 0.000545073163812049 0.000918755267048255 0.00280021999496967 0.00336247195955366 0.00361542133614421 0.0118723563384265 0.00429383316077292 0.00483609060756862 0.00235784407705069 0.00222063165856525 0.00456578598823398 0.00454092621803284 0.00503759320126846 0.00695201273977091 0.00494096616694151 0.0022027118888218
0.00246744975447655 0.00400104764848948 0.00322389639914036 0.0383936418220401 0.0484328459948301 0.0026920517673716 0.00255085288081318 0.00239431471563876 0.00589681696146727 0.00215308849001303 0.0020863339304924 0.00183903687866405 0.00189526072936133 0.00356587758287787 0.00195996300317347 0.00149699326138943 0.00353307974291965 0.0010827244957909 0.00098568286630325 0.00260848614852875 0.00125830537290312 0.00110480778384954 0.000772214474272914 0.000789771374547854 0.000619650329463184 0.000651522053522058 0.000552766618784517 0.000607160513754934 0.000641372462268919 0.00062398320005741 0.00102069592685439 0.00570005669724196 0.00714253722690046 0.00827697310596704 0.00534100453369319 0.00604364795144647 0.00286108382279053 0.00478881064336747 0.00498365727253258 0.00309329855954275 0.0023250597063452 0.00189864173298702 0.00138241847453173 0.000761263380491073 0.000989591882002616
0.00375238207634538 0.895155438780785 0.754092207551002 0.0630663821473718 0.00583735452964902 0.00825349316000938 0.015895920433104 0.0106511424295604 0.0130603081546724 0.00671099442988634 0.00278640631586313 0.00352634470909834 0.00370752238668501 0.00248600237537175 0.00517147122882307 0.00306327124126256 0.0016061651520431 0.00120533053996041 0.00115966065204702 0.00157167100114748 0.000965429155621678 0.000989442312857136 0.000832381917280145 0.000847708532819524 0.000683619151823223 0.000728629011427984 0.000576209960854612 0.000675387494266033 0.000783427292481065 0.00175944281509146 0.00953103327192366 0.0127274096477777 0.00889085941016674 0.00544050261378288 0.00454881764017045 0.00532020544633269 0.00436704581370577 0.00512573302257806 0.00248858833219856 0.00207737025921233 0.00176031041773967 0.00138034700394201 0.00121900940563462 0.000985930312890559 0.000946392779587768
