Maxent_result_files_1/Bombus_handlirschianus_2.asc
NCOLS 594 
NROWS 330 
XLLCORNER -15 
YLLCORNER 23 
CELLSIZE 0.166666666666667 
NODATA_value -9999 
[rows 200 to 219 of 330, columns 495 to 539 of 594]
0.000822683550359216 0.000192321581562283 0.000548786832223414 0.000531314365071012 0.000509911334665958 0.000503467368980637 0.000498783052898943 0.000556892796157626 0.000591264782269718 0.000598845906642964 0.000671096048608888 0.000698389807803323 0.000751424752525054 0.000845729843422305 0.00100500314001692 0.00108129510335857 0.00120360787841491 0.00123060487676412 0.00126402748428518 0.00130478852952365 0.00130273226241115 0.00132377161062323 0.0013625990919536 0.00142405372753274 0.00160085515235551 0.000424648165062536 8.8327817593381e-05 0.000530817479739199 0.00240291527297813 0.00992136184358969 0.00802016477100551 0.0126136627863161 0.002942419948522 0.00307685541920364 0.00104857166152215 0.0014375286991708 0.00317600418347865 0.00313641830580309 0.00360731697874144 0.00426524514332414 0.00441464381292462 0.00517256637103856 0.0044785569247324 0.00111477182945237 0.00356004643836059
0.0013069174674456 0.00025115671196545 0.000212503826332977 0.000644274558726465 0.000592975235485937 0.000557988842047052 0.00054489186804858 0.000571989132004092 0.000621434835193213 0.000745523437944939 0.000812871471862309 0.000837628610315733 0.000872699776664376 0.00101766404259251 0.00109849944856251 0.00114301263674861 0.00121518908854341 0.00130890665604966 0.00143753964512143 0.00153526658832561 0.00158608825004194 0.00160874454595614 0.00153636882605497 0.00160886751837097 0.00169277894601692 0.00187246978457551 0.00199577074963599 0.00216553210630082 0.00237017326871865 0.00315040299901739 0.00344903373043053 0.00949487169273198 0.0131452129804529 0.00123173474567011 0.00117131636361592 0.00129166193655692 0.00461943583213724 0.00572123813908547 0.00829795596655458 0.00997393548022956 0.00908584501594305 0.0076075246790424 0.00689707639394328 0.0061717375414446 0.00567579166963697
0.00225663199380506 0.00257719079963863 0.0014735336706508 0.00103289605613099 0.000259605925748474 0.000708224647678435 0.000669212086359039 0.000557211218256271 0.000531194759241771 0.000694165569439065 0.000795401152572595 0.000812802440486848 0.000838352010759991 0.000885573143023066 0.000983194191940129 0.00107522645848803 0.00109771200659452 0.00119549632509006 0.00135173263406614 0.00153252628806513 0.00163209007587284 0.00171544869081117 0.00178481553739402 0.00188691963558085 0.00207479769305792 0.00213271557004191 0.00224982410727534 0.00235715035232715 0.00255785515764728 0.00281836533977184 0.00303097614087164 0.00348809681017883 0.00382001666584983 0.00396268935292028 0.0043842512939591 0.00456696471665055 0.00480989057105035 0.00807431833818555 0.0182453852146864 0.017404661886394 0.0145542368292809 0.0122530543012545 0.0133021903224289 0.0118361219996586 0.0108373685041443
0.000375209917547181 0.00306831343914382 0.0045176712796092 0.00353148216381669 0.00168897722323891 0.000504336160520324 0.000959064041671809 0.000709203409496695 0.000596795529418159 0.000635209109896095 0.000713024064316414 0.000710614900162909 0.000761494778271299 0.00032614705778542 0.000966851398698054 0.00115812822477892 0.00124816714378539 0.00520387254655361 0.00127256388368551 0.00149586928309873 0.00157186314754654 0.00178919913014397 0.00191036957548931 0.00209955185418949 0.00228057031345088 0.00252133543835953 0.00262421297375113 0.00267782823648304 0.00298136516939849 0.00321180780301802 0.00338199591496959 0.0036143327713944 0.00383336350787431 0.00390893375733867 0.00427501965896226 0.00662766514578834 0.00598290865309536 0.007095386472065 0.0109250738751143 0.0146591764409095 0.0180889077018946 0.0203177482355386 0.0222237449139357 0.0240817778743804 0.0246405325829983
0.000229368783948303 0.00046226377489802 0.0031828164937906 0.00468272872967646 0.00706491871969774 0.00605933669721708 0.00287647451041266 0.00194824238715228 0.0010729067173088 0.00079821388644632 0.000778045997139998 0.000818949271342717 0.000266934874161961 0.000264597597924876 0.00102900265628705 0.00117310574278235 0.00130966300785076 0.00547124037402682 0.0050588849466294 0.00173504648846574 0.00186485548038036 0.00181259626115207 0.00197525581461377 0.00219512551848311 0.00236980307672638 0.00274646740872413 0.00299286168301478 0.00303488387144171 0.0034733519423753 0.00372932677273639 0.00365272674825974 0.00392087717191316 0.00420203938847408 0.00428707132814452 0.00469338664552197 0.00537984340335242 0.00785571793094277 0.00921190062072128 0.00884884691331536 0.0131603825371712 0.0204209965420887 0.0320493701845408 0.0366539680399001 0.0332330342382193 0.0340002954937518
0.000133096248055153 0.000337745033357351 0.000464871311396564 0.000532260398176731 0.00377492757397704 0.00873004298191518 0.0247055302374065 0.0109589535277337 0.00277795809088275 0.00039483437576564 0.000272104216492153 0.00109556374081876 0.000153988545025641 0.000123667995285359 0.00409226082265377 0.0013955281698145 0.0015903108404018 0.00177449382899795 0.00185924993129447 0.00190695690107532 0.00219632958760485 0.00228328594239429 0.00235419881355483 0.00252701098797843 0.00276399686117657 0.00314738115412183 0.00336178709403612 0.00364373121992685 0.00405926188686863 0.0042302185902372 0.00465146911446936 0.00498083138954826 0.005370792245958 0.00554135121055879 0.00573958765598945 0.00602127829915844 0.00861243561375886 0.0343072692863643 0.0387146258261055 0.0162719833198935 0.0311571195721626 0.0441972672939301 0.0565090069547296 0.0439190216362476 0.0409667582251132
0.000177761830855161 0.000101719221663643 0.000132030560118324 0.00107752315416292 0.000339151425214368 0.0024184437454096 0.000887555941881146 0.00476189587498084 0.00576120198238641 0.00326180292759091 0.00194233383808751 0.00198912454070523 0.00289428705873433 0.000940348401491065 0.000844723459886154 0.00226717354962602 0.00206538036873098 0.00101509761589114 0.000661119786673225 0.00240118491929024 0.00276738358370494 0.000883234592765802 0.00312906571198255 0.0030516272818204 0.003297976005706 0.00370699745835736 0.00391097447136417 0.00426088598323986 0.00489976852550171 0.00544785893289372 0.00588692648452707 0.00631431910442188 0.00668377104448155 0.00731049614259973 0.00750280382344499 0.00735935735283419 0.00728992550866678 0.00734801437938586 0.0415810597129166 0.0198885468067601 0.0437247491441667 0.062365167029202 0.0846865896135569 0.09224788621068 0.0430146387778223
0.000479991781867284 0.000155599554489072 0.000132150101055117 0.000691100736958106 0.000910405253307545 0.000984441255423008 0.000261854473319545 0.00202897985000163 0.0024812901916448 0.00303032385418192 0.00367192862322554 0.00349803976132534 0.00413413014030084 0.00744608083041385 0.00756350888404995 0.00675116268685088 0.00429217987693846 0.00401579241733998 0.00416089730570093 0.00347794834815431 0.00348732551501598 0.000751042913179845 0.00381102022365667 0.00387163161067292 0.00403688027290627 0.00434828104334883 0.00481730503379367 0.00532248515519314 0.00533049910445698 0.00549903498031199 0.0058849815861322 0.00643177395686507 0.00705432252725586 0.00818291762843728 0.00936507454607636 0.00921397580532357 0.0018605918972753 0.00235379693331197 0.0350052627269179 0.0804155824705958 0.0237494721775874 0.0404241618700325 0.0558587487787008 0.0726469352841377 0.0718625571578741
0.000810219042125482 0.000711411182061283 0.000520473517281062 0.000135045358229036 0.00104925951864061 0.000774241352655736 0.000952198799120652 0.000190169737831525 0.000224260164114298 0.00185726507916115 0.00234276582923485 0.00314313153212424 0.00474807750433683 0.0531703040469438 0.109426543861628 0.0184394073905423 0.0118966837530024 0.00662481187609956 0.00552343216841109 0.00513363066129386 0.0049199714907445 0.00524345744051971 0.0057082456885837 0.0230580717790872 0.0148937818128616 0.00524211940355599 0.00566544574103318 0.00582385312882252 0.00607917965389788 0.00634038550779223 0.00670781556982547 0.00724134648917243 0.00724097894271836 0.00805710058193654 0.00849123894004151 0.0353178841527551 0.00979590682545677 0.0249123316258192 0.0318538668565452 0.0524403466843069 0.0609189353883266 0.0769909685477614 0.0776366310194135 0.0473746956326067 0.0675371812656522
5.21066728717656e-05 0.000350264728681804 0.00129848999004025 0.000654287184079294 0.000147074505127875 0.000208170492351201 0.000431066782493872 0.00116845458287571 0.0014346717074659 0.00708704358839896 0.00213889622100396 0.00313126266410109 0.00505369802704081 0.0352591608185321 0.0547504095360637 0.0465755756013095 0.0354780377354473 0.0181711173150688 0.0229865336092189 0.00639033218030818 0.00661677357275039 0.0181595547590405 0.0180565970716998 0.0185188493691385 0.0180794444633648 0.0177860367810354 0.0200984221184626 0.0237446212908253 0.00895935050211847 0.00926802485482767 0.00975166270509362 0.00932710207998753 0.0267867774236947 0.0314079523552209 0.0305006278678775 0.0312789727933705 0.0370391556061804 0.0393074373714626 0.0346570312976837 0.0420789579860866 0.0448276425711811 0.0752031773328781 0.0808082127943635 0.103793604671955 0.0552023853175342
6.42497693796429e-05 0.000103835906116956 0.000112230297625615 0.00064037836951627 0.000407981924312573 0.00080102138156235 0.000421424887645117 0.000305485137687356 0.00459874144289643 0.00174938971031224 0.000577889705891721 0.0137216382077895 0.0176327102584764 0.0495109394658357 0.0727849362418056 0.097595844604075 0.137753987126052 0.073043592274189 0.234869724884629 0.0171437365701422 0.0106608294299804 0.0371022729203105 0.0290925508365035 0.0348933008266613 0.0644710445776582 0.0116027671378106 0.0881171075627208 0.0408306155353785 0.0505347933620214 0.0744435435160995 0.0494341500103474 0.0561721474863589 0.040596941113472 0.0539783036336303 0.0480956802144647 0.0568872023373842 0.0611162878572941 0.0695226348936558 0.0727061906829476 0.0722826667129993 0.0515674332156777 0.0956930551677942 0.138211028510705 0.0977197341620922 0.105614471063018
1.52474328612429e-05 0.000123691451449304 0.000135997405686794 0.000100419203416635 0.000591631864261188 0.000616653176489024 0.000200185237849837 0.00180815310213802 0.00251152621858637 0.00189326816434914 0.00371981562202564 0.00400725327490363 0.0177574493805878 0.0395458354149014 0.161941685155034 0.199737668782473 0.287762051820755 0.309611058235168 0.09168098308146 0.0705398224294186 0.0394178132526577 0.0828433695249259 0.0215938814450055 0.0665867272764444 0.0643579786643386 0.0388969664461911 0.200757184624672 0.311553806066513 0.617090666294098 0.932931798696518 0.734575021266937 0.497455123066902 0.613959485292435 0.481611913442612 0.466156575083733 0.545619890093803 0.0919546123594046 0.215911933034658 0.168107108026743 0.240082152187824 0.319678683578968 0.357520820200443 0.324964688718319 0.264263007044792 0.193933661282063
0.000193900434260286 0.000226500971803034 0.000149934683076935 9.96372670762469e-05 0.00126806008008771 0.000130965830957308 0.000259195186177408 0.000198758158109058 0.000263847187966348 0.0026998135599797 0.00331454532124553 0.00509036137664225 0.0197942311991937 0.0370691987220198 0.0628357754088938 0.0930727072060108 0.152830231562257 0.355389955639839 0.385224798321724 0.383292698860168 0.110890110209584 0.245184367895126 0.188688955456018 0.149197202920914 0.111715074256063 0.133188845217228 0.223754975199699 0.24786593914032 0.454475730657578 0.740839421749115 0.475545215606689 0.974987226724625 0.65268560051918 0.773200821876526 0.740166503190994 0.665906721353531 0.775800961256027 0.688828611373901 0.551278483867645 0.632129231095314 0.478846964240074 0.581964913010597 0.350344011187553 0.853731554746628 0.272101159393787
7.49630961704995e-05 0.000161586157901183 0.000245905148949532 0.000194826740062126 0.000398483984427678 0.000170528916947887 0.000290288454721122 0.000335020501978534 0.00167650665622432 0.00259739395398242 0.00577397653250955 0.0239545888500288 0.037589332042262 0.0704526333138347 0.133148833364248 0.247912435606122 0.618611010909081 0.621306163072586 0.980614131689072 0.998005247116089 0.759764528274536 0.509676465392113 0.540003576874733 0.476295468211174 0.390980744361877 0.442489024996758 0.533374938368797 0.392410925030708 0.495729941129684 0.759278744459152 0.877273106575012 0.559755536913872 0.972378587722778 0.987066477537155 0.690851920843124 0.660031253099442 0.620129489898682 0.361132447421551 0.805781972408295 0.973145115375519 0.9160320520401 0.529225981235504 0.418026326596737 0.400074301660061 0.222129572927952
3.88600846989107e-05 6.94212522387883e-05 0.000140324687316706 0.000578771476124018 0.000547842010931809 5.49342498299632e-05 6.35597557555045e-05 0.000140810601152541 7.5729406384073e-05 0.00262484277420469 0.0079670788225485 0.0114077931328211 0.0590051119681448 0.111995899863541 0.211656997352839 0.353957445919514 0.814016127586365 0.997709959745407 0.882389187812805 0.744714796543121 0.749462568759918 0.744139933586121 0.767399221658707 0.749975478649139 0.775151926279068 0.720455813407898 0.652336347103119 0.744283878803253 0.743070766329765 0.720311456918716 0.627041858434677 0.603909927606583 0.580659532546997 0.466732409596443 0.388870376348495 0.360158011317253 0.340994101762772 0.174971311539412 0.0757088193669915 0.218884755671024 0.349440486729145 0.162562829256058 0.169500037282705 0.166976295411587 0.124425096064806
9.84473639823236e-05 0.000112770517594285 0.000292305773034185 0.000274950734431556 0.000311082232024085 3.32141457616286e-06 1.85830909113172e-05 0.000648793007070436 0.000369498914763788 0.00538837145795696 0.00931349213424255 0.0648257513996214 0.147788028791547 0.339833312481642 0.597584469616413 0.992828965187073 0.799171054363251 0.938172769546509 0.883640295267105 0.7071821808815 0.670248931646347 0.693265157938004 0.650700813531876 0.589051666855812 0.468094795942307 0.488959643244743 0.677440500259399 0.885909599065781 0.678549033403397 0.615351957082748 0.684222370386124 0.622714537382126 0.983427041769028 0.542499926686287 0.52795442044735 0.335283374786377 0.343257716298103 0.250008101761341 0.0716643411666155 0.139238759130239 0.268292334675789 0.266108943521976 0.130401985347271 0.0738632019609213 0.188649523258209
0.000153799002339383 8.84826747988399e-05 0.000167274462194378 0.00090633537723761 4.28982835293246e-06 1.88490339706471e-06 8.27677028424345e-06 5.51007421208949e-06 0.00121949876523368 0.00928842016255658 0.0234053695574403 0.0919859073124826 0.258201363310218 0.174689771234989 0.891517770290375 0.952007001638412 0.993830770254135 0.981522041559219 0.756580799818039 0.673531943559647 0.575565353035927 0.561946582794189 0.379988050460815 0.260570059716701 0.558326515555382 0.691175171732903 0.978576290607452 0.955703830718994 0.469715455174446 0.134253401309252 0.116965746507049 0.157498470321298 0.394191467761993 0.66001860499382 0.622925090789795 0.853297233581543 0.833575075864792 0.494521549344063 0.845315265655518 0.616494026780128 0.151815697550774 0.0485888564959168 0.112681693583727 0.0933979094028473 0.115453793853521
0.000240851858325186 0.000208293064005716 0.000875256492727772 0.000993820078461738 1.98629231467073e-06 8.83272826368575e-07 0.000792017581252025 0.00385162986312935 0.00587901825128938 0.00806357480796578 0.0272312119195703 0.101046309713274 0.128763856552541 0.776496717333794 0.962537640333176 0.988476186990738 0.996144270896912 0.998467898368835 0.905523771047592 0.285978575050831 0.682898831367493 0.258935599029064 0.413396838307381 0.74963144659996 0.987035411596298 0.931061816215515 0.553601698577404 0.652525180578232 0.900059419870377 0.978776395320892 0.912233489751816 0.24373367652297 0.164050219208002 0.122009012848139 0.186308670043945 0.108579686656594 0.209877916425467 0.275531827658415 0.571313175559044 0.171048841997981 0.108568828180432 0.170411618053913 0.154338289797306 0.141814927011728 0.0600206278264523
0.000276278678666131 0.000278067024714801 0.00101425190254076 0.00129532200829772 4.79428296864537e-06 2.34641751376996e-05 0.000809617450864275 0.000860585935131653 0.00327209815343394 0.00554055410705132 0.0176926669257227 0.00588135645266448 0.258733353018761 0.335894180834293 0.490489993989468 0.837796968221664 0.963372445106506 0.982774060964584 0.89872123003006 0.835368710756302 0.573535192012787 0.664911884069443 0.805683022737503 0.982407242059708 0.700631803274155 0.607667607069015 0.71258596777916 0.188182047754526 0.32988648712635 0.200195167213678 0.334241227060556 0.702479210495949 0.218943199515343 0.308525605499744 0.745669162273407 0.800274515151978 0.496348935365677 0.377115614712238 0.15458198748529 0.225420555472374 0.20176689401269 0.182334570586681 0.138015700876713 0.094959219545126 0.0511990662664175
0.000340923389921954 0.000530241511660279 0.00100012558287119 0.00168301305957357 4.84012080443907e-06 1.5066464331559e-05 0.000550301687109145 0.000174170344940006 0.00375085911721271 0.00323461950320052 0.00240892578785861 0.00297573186544469 0.00571412482240703 0.162088427692652 0.844485884904861 0.726312291622162 0.696471053361893 0.781261277198791 0.672075301408768 0.529237502813339 0.579540053009987 0.456433889269829 0.730946791172028 0.38986736536026 0.278671906888485 0.21880888864398 0.293072456866503 0.180804572068155 0.00776612006593496 0.633636316657066 0.983636885881424 0.792606067657471 0.999864149093628 0.969506520032883 0.87813658118248 0.969302976131439 0.806179076433182 0.559057012200356 0.054380595870316 0.0408020118251443 0.0581664223223925 0.265556772053242 0.04865537956357 0.0133331543765962 0.00940435123629868
