Maxent_result_files_1/Bombus_handlirschianus_3.asc
NCOLS 594 
NROWS 330 
XLLCORNER -15 
YLLCORNER 23 
CELLSIZE 0.166666666666667 
NODATA_value -9999 
[rows 200 to 219 of 330, columns 90 to 134 of 594]
0.00117311284993775 0.00120806115592131 0.000678074784809723 0.000826985793901258 0.000794445744031691 0.000240369057974021 0.000124033643533039 2.36917376469137e-05 9.2740704985772e-06 3.23291716881613e-06 9.70871390748585e-07 9.11564290362321e-07 6.91707562509691e-05 0.000110329849121626 0.000645062136754859 0.000819890090497211 0.00165538169967476 0.00100365320686251 0.0201625829562545 0.004264092433732 0.0324624695815146 0.00367880653357133 0.00171883906587027 0.000559955020435154 0.000810434616869315 0.00059021404304076 0.000627581448497949 0.000475246283895103 0.000983673047448974 0.000910060544265434 0.000675460223283153 0.00787063217721879 0.00803964170627296 0.00564039681339636 0.0335846194066107 0.51802089214325 0.0989045495167375 0.205398094281554 0.824650508165359 0.772086924314499 0.780350044369698 0.717309790849686 0.977995079755783 0.144799388200045 0.00295176720828749
0.00054031733670854 0.000701294230384519 0.000647283684520517 0.000905822993445327 0.0013070587272523 0.000711758274337626 0.000401608212632709 5.47036569514603e-05 3.62112935363257e-05 1.26230814530004e-06 3.75366449816283e-06 1.82637609924541e-06 0.000146531757491175 0.00119444553056383 0.00072961565310834 0.00126231974572875 0.000196373385188053 0.000629009155090898 0.000210100862022955 0.000382724936207524 0.00471709275152534 0.0306805715896189 0.0180578939151019 0.00569212106056511 6.54362052955548e-05 0.000348523978209414 0.000106459412199911 0.000960911914080498 0.00734062027477194 0.00911170481558656 0.0158421748084947 0.000944346367032267 0.00474121700390242 0.0065145516069606 0.0393156962934881 0.0736408421769738 0.0205606367904693 0.017883459769655 0.437562577426434 0.585947684943676 0.44487039744854 0.363365256786346 0.925307536125183 0.216238321363926 0.0122488922672346
4.71374029984872e-05 0.000133321956582222 0.0009048983160028 0.00125299807696138 0.00135654784826329 0.000958817167702364 0.000977053389578941 0.00104539503554406 0.000620108184921264 0.000350117671951011 3.94867628301654e-06 2.06716799311835e-05 0.000679128880074131 0.00195907008019276 0.00302599520800868 0.00100113069129293 0.00900392621115316 0.00192140524741262 0.000605654852552107 0.000542383852007333 0.0983514860272408 0.0230731692165136 0.000354664563928964 5.76426211409853e-05 0.000128138868240057 0.000283374383798218 4.25045196607243e-05 0.000360473732143873 0.00263440144772176 0.0186095762343029 4.16779320403293e-05 0.000705347146868007 0.00310704735456966 0.0110214329091832 0.0362969622015953 0.0262931475415826 0.0941042803227901 0.107128472626209 0.0841049322858453 0.687361419200897 0.476443716883659 0.677006909251213 0.760855537652969 0.784039610624313 0.365122444927692
5.08430957779638e-05 0.000117567475444957 0.000895235397183569 0.00097419183148304 0.000951960335441981 0.000930819679342676 0.00119761401438154 0.00112371746872668 0.00129092396091437 0.000592485123706865 4.51153913672897e-05 0.000231213495499105 0.00173334456485463 0.00126900060531625 0.0013229397503892 0.0015044758671138 0.000428038577956613 0.00110314863341046 0.0105880009941757 0.00971119554014876 0.00959356413222849 0.000347322225570679 0.000174273170341621 6.26037275196722e-05 0.000415324292043806 0.000154244839723106 0.000119710828585085 0.00027659587431117 0.00356488171528326 0.0105239177122712 0.00229592247051187 0.0146159174037166 0.0237084325402975 0.0490424555726349 0.0202928653918207 0.00116710056026932 0.0313091274350882 0.00463876186404377 0.0885851208120585 0.0945409817621112 0.363050431758165 0.0281405016314238 0.0676408371888101 0.68615015745163 0.637149560451508
0.000674144955337397 0.000738664732853067 0.000800686296497588 0.000887500065437052 0.000990879352320917 0.00105854113862733 0.00102595683274558 0.000562541647741455 0.00103175052609004 0.00118734092066006 0.000770331183412054 0.00209797079733107 0.000868571532191709 0.000514874427608447 0.000687216837832239 0.000847605919989292 4.18683041971235e-05 0.000118570586164424 0.000305974220100325 0.000135182874146267 0.00581757185282186 0.00352823059074581 3.15126489113027e-05 5.19567448709068e-07 8.7776268117068e-06 1.61918188723575e-05 6.38115286619723e-06 0.00167696144126239 7.54587623532643e-05 0.000114617547114904 0.000280763427872444 0.000232851528562605 0.00053055348835187 0.000427240877252188 0.00139558427908923 0.00103302420466207 0.0214002846274525 0.00225585637963377 0.00385842333489563 0.0062244359171018 0.00498141725547612 0.0115125337732024 0.00213234496986843 0.000786910673195962 0.00131560197041836
0.000459565972596465 0.000667740420612972 0.000748602991734515 0.000850093296321575 0.000951857171457959 0.00101176070675137 0.00113418069886393 0.00105206312837254 0.000796086827904219 0.000550261278021935 0.000804896479348827 0.00146304810914444 0.0011178098835444 0.000378219255617296 0.000812438962748274 0.000761604294530116 0.000693488278193399 0.00064826266025193 0.000173399774212157 4.132066242164e-05 8.12756765299127e-05 0.000330672191921622 8.07211200992697e-06 5.28115360998171e-08 2.38329378930757e-05 0.000440838713075209 0.00284050018235575 0.00279704372951528 0.000311167798963652 9.64515951181966e-05 2.25075462708446e-05 3.04405594533819e-05 0.000226536614718498 2.0783773840094e-05 4.99141533154557e-06 2.13496906553701e-06 9.66178926319117e-05 0.0166336554568261 0.00661042660940439 0.000572458752867533 0.0085931560723111 0.0262964949011803 0.00252291295037139 6.76991368777635e-06 8.76807931490475e-05
0.000493796220871445 0.000491821896503097 0.000388074315378617 0.000405128716556646 0.000962281134343357 0.00104225462346221 0.00092429874894151 0.000862369643436978 0.00180056202661945 0.00173590065242024 0.00143434675046592 0.00150758566633158 0.00151540509650658 0.000274196857208153 0.000238971391809173 0.000413863598078024 0.00047997409128584 5.30265713678091e-05 1.5078138758895e-06 3.51906799522794e-07 1.99152817344839e-05 1.43436892813043e-05 7.87103740407247e-07 0.00144786562159425 0.0136135284090415 0.00111847346852301 0.000363541887782048 0.0135499037336558 0.000853470144647872 0.0157637476688251 0.000241830816412403 1.10378741413619e-07 1.83415839885015e-06 7.00540456222143e-07 1.55481191832507e-06 2.02326173806e-06 1.70641721979337e-06 6.48300600181173e-07 3.50553645603213e-05 9.98406346184311e-06 3.47314107429497e-07 1.70042207603416e-07 3.69278123343975e-05 -9999 -9999
0.000280294120057079 0.000223783312867454 0.000631296522624325 0.000344387448603811 0.000254056076300913 0.000329204925765225 0.00111341953852389 0.00129176494156127 0.00149863422266208 0.00132799583770975 0.00141889281112526 0.00144204039970646 0.000712769594974816 0.000229678104369668 0.000111371735329158 5.3416392984218e-05 0.000152295662701363 2.3900661815901e-06 3.84427505295548e-07 0.000230972824238052 0.000101870986009089 0.00103173157331184 -9999 -9999 -9999 -9999 -9999 -9999 0.00625956325384323 6.4424649144712e-05 0.00505533961113542 0.000113386259386061 1.41863290235023e-06 2.12087401285643e-07 8.46268795697824e-06 5.934628481441e-06 4.33123186098783e-06 3.69425520174715e-09 3.13305967836186e-09 3.69532754951329e-08 4.56697179060939e-06 -9999 -9999 -9999 -9999
3.78676041691506e-05 0.00020691839090432 0.000342690220895747 0.000190802096130938 9.90564759376866e-05 5.84450419410132e-05 0.000743560681621602 0.000848705561293173 0.00093245149928407 0.000868688824266428 0.00142428981052944 0.00100921584307798 0.00129923286149278 4.0892006654758e-05 1.65451888960888e-05 2.5456086336817e-05 3.84034245826115e-06 6.63646213979519e-05 1.59336202273153e-05 9.67501127888681e-05 -9999 -9999 -9999 -9999 -9999 -9999 -9999 -9999 -9999 -9999 -9999 -9999 0.000257570758185466 9.86650766465758e-07 4.30214330671141e-07 4.82172985357465e-05 1.29238964987621e-06 2.15666521863334e-08 4.69534825953133e-07 5.0812363738828e-07 -9999 -9999 -9999 -9999 -9999
0.000851257410249673 0.00468053102376871 0.000286997286457336 9.61041603659396e-05 0.000150792625754548 6.8586602628784e-05 0.000392760637623724 0.000451204338605749 0.000424262594606262 0.000301647822197992 0.000469006850107689 0.000166516378703818 0.000210453224826779 9.7337141596654e-06 1.18645742077206e-05 2.28480735984249e-06 1.35847855331495e-07 7.61062382093058e-07 0.000621031095215585 -9999 -9999 -9999 -9999 -9999 -9999 -9999 -9999 -9999 -9999 -9999 -9999 -9999 -9999 -9999 -9999 -9999 0.000117459264856734 -9999 -9999 -9999 -9999 -9999 -9999 -9999 -9999
0.48764514029026 0.223586488515139 0.0132597946561873 0.000591402169084176 0.000485889273113571 0.00386049699736759 0.00813012265134603 0.00028800386498915 0.00733822491019964 0.000159488585632062 0.000259537286183331 0.000771401929523563 0.000117714692169102 2.45251903265853e-06 0.000144074483250733 2.85614035419712e-05 2.5091775812669e-07 1.06743828737876e-05 -9999 -9999 -9999 -9999 -9999 -9999 -9999 -9999 -9999 -9999 -9999 -9999 -9999 -9999 -9999 -9999 -9999 -9999 -9999 -9999 -9999 -9999 -9999 -9999 -9999 -9999 -9999
0.451203268766403 0.0297102250158787 0.362037090957165 0.429733619093895 0.0595047127455473 0.427595973014832 0.501248773932457 0.21948951035738 0.0401522214524448 0.060182130150497 0.0397156035527587 0.0202394440770149 0.008289426099509 0.000538158953713719 1.09994889498921e-05 1.01381882999796e-08 2.05848337164749e-07 0.00210080996985198 -9999 -9999 -9999 -9999 -9999 -9999 -9999 -9999 -9999 -9999 -9999 -9999 -9999 -9999 -9999 -9999 -9999 -9999 -9999 -9999 -9999 -9999 -9999 -9999 -9999 -9999 -9999
0.0442937903106213 0.167445131391287 0.668305286765099 0.384197674691677 0.569921700656414 0.266918720304966 0.0866740271449089 0.0168359608622268 0.275377148762345 0.292385323345661 0.547716560959816 0.288332280516624 0.0558048920705915 0.000724693576921709 0.000153077059985662 0.000292350630115834 4.86327042636958e-06 3.31398685148088e-05 -9999 -9999 -9999 -9999 -9999 -9999 -9999 -9999 -9999 -9999 -9999 -9999 -9999 -9999 -9999 -9999 -9999 -9999 -9999 -9999 -9999 -9999 -9999 -9999 -9999 -9999 -9999
2.28821486523145e-06 6.74627535317995e-05 0.00309831437771209 0.0292129565030336 0.0138959566596895 0.234926274418831 0.0115350790787488 0.0138545830210205 0.00105432417767588 0.0715793449431658 0.0714508935809135 0.0176864617504179 0.212388069182634 0.54785939976573 0.111211008578539 0.000801032527670031 1.40045528269184e-05 1.00642267213402e-06 5.75560834881195e-08 -9999 -9999 -9999 -9999 -9999 -9999 -9999 -9999 -9999 -9999 -9999 -9999 -9999 -9999 -9999 -9999 -9999 -9999 -9999 -9999 -9999 -9999 -9999 -9999 -9999 -9999
3.39091765066968e-07 1.23580832983805e-05 2.59260579760223e-07 7.93517858888038e-07 1.77694125852668e-05 2.07806942711386e-06 0.00011228070566176 0.00111891960987123 0.000133247767280409 0.0259806284564547 0.0140866523841396 0.0235302080400288 0.0132821459323168 0.015968211973086 0.00019120683791698 4.88441097331815e-05 6.10419924669259e-06 2.41731412087276e-07 5.00045465742005e-05 -9999 -9999 -9999 -9999 -9999 -9999 -9999 -9999 -9999 -9999 -9999 -9999 -9999 -9999 -9999 -9999 -9999 -9999 -9999 -9999 -9999 -9999 -9999 -9999 -9999 -9999
6.68941601844608e-07 1.31311460149774e-08 1.09782818680237e-07 5.05024608687954e-08 3.16827641713147e-06 0.000112165775135509 1.38511813474906e-05 3.03824749714465e-07 2.34625970733759e-05 0.000660923977557104 4.93164756335318e-05 2.16203336094622e-05 2.02827505745518e-05 0.000163284494919935 0.000167585823510308 2.67444160726882e-05 1.88394244560186e-05 4.61724535716357e-08 1.8932530906568e-05 -9999 -9999 -9999 -9999 -9999 -9999 -9999 -9999 -9999 -9999 -9999 -9999 -9999 -9999 -9999 -9999 -9999 -9999 -9999 -9999 -9999 -9999 -9999 -9999 -9999 -9999
0.000149860761734999 0.000762932504221681 0.00013523332531804 2.00110462742487e-06 9.51976253871223e-07 8.67814403449074e-07 5.65435758517196e-06 6.64984057863194e-07 3.86949206898635e-06 1.68056161840013e-06 2.20517551441368e-08 7.63151208005297e-08 1.09174957970026e-05 0.000238336137044826 2.69995347935037e-05 2.85878304566722e-05 1.15700341893898e-06 3.9295522753946e-06 1.53336233665868e-06 -9999 -9999 -9999 -9999 -9999 -9999 -9999 -9999 -9999 -9999 -9999 -9999 -9999 -9999 -9999 -9999 -9999 -9999 -9999 -9999 -9999 -9999 -9999 -9999 -9999 -9999
4.91919252596062e-05 0.000293426906637251 0.000245623436012465 0.000375732086286007 0.000481475089327432 0.000399387493780523 0.0007152451265938 0.00142475803149864 0.000438725715321198 5.15106632690276e-06 6.75801896443673e-08 7.76720532869035e-07 1.44974644626927e-06 1.00117492365825e-05 1.32350994135777e-05 4.99136446592274e-06 1.7702528941399e-06 2.50293115641398e-05 -9999 -9999 -9999 -9999 -9999 -9999 -9999 -9999 -9999 -9999 -9999 -9999 -9999 -9999 -9999 -9999 -9999 -9999 -9999 -9999 -9999 -9999 -9999 -9999 -9999 -9999 -9999
2.42786937008077e-05 4.30888195268153e-05 0.000222121141359821 0.000248462170202401 0.00025778962167351 0.000606846819937346 0.0012850006321969 0.000431455835860106 8.23985910756164e-06 1.10965290751608e-06 1.77379703336644e-07 7.46251155647748e-08 6.27268474318043e-06 7.16089926555696e-07 3.70755890799046e-05 -9999 -9999 -9999 -9999 -9999 -9999 -9999 -9999 -9999 -9999 -9999 -9999 -9999 -9999 -9999 -9999 -9999 -9999 -9999 -9999 -9999 -9999 -9999 -9999 -9999 -9999 -9999 -9999 -9999 -9999
5.71052667606153e-06 1.25246741198737e-05 5.50625920681114e-06 7.17382171899317e-05 1.05886578154468e-05 5.4425950111181e-06 3.89966910603334e-06 9.06927724031448e-06 1.8220274400349e-09 1.08992535940988e-07 4.98609554711038e-06 7.08400705873302e-09 5.39237682062321e-06 -9999 -9999 -9999 -9999 -9999 -9999 -9999 -9999 -9999 -9999 -9999 -9999 -9999 -9999 -9999 -9999 -9999 -9999 -9999 -9999 -9999 -9999 -9999 -9999 -9999 -9999 -9999 -9999 -9999 -9999 -9999 -9999
