Maxent_result_files_1/Bombus_sulfureus_3.asc
NCOLS 594 
NROWS 330 
XLLCORNER -15 
YLLCORNER 23 
CELLSIZE 0.166666666666667 
NODATA_value -9999 
[rows 40 to 59 of 330, columns 220 to 263 of 594]
-9999 -9999 -9999 -9999 -9999 -9999 -9999 -9999 -9999 -9999 -9999 -9999 -9999 -9999 -9999 -9999 -9999 -9999 -9999 -9999 -9999 -9999 -9999 -9999 -9999 -9999 -9999 -9999 -9999 -9999 -9999 -9999 -9999 -9999 -9999 -9999 -9999 -9999 -9999 -9999 -9999 -9999 -9999 -9999
-9999 -9999 -9999 -9999 -9999 -9999 -9999 -9999 -9999 -9999 -9999 -9999 -9999 -9999 -9999 -9999 -9999 -9999 -9999 -9999 -9999 -9999 -9999 0.108600905165076 0.211114159226418 0.0344974789768457 -9999 -9999 -9999 -9999 -9999 -9999 -9999 -9999 -9999 0.0266083328519017 -9999 -9999 -9999 -9999 -9999 -9999 -9999 -9999
-9999 -9999 -9999 -9999 -9999 -9999 -9999 -9999 -9999 -9999 -9999 -9999 -9999 -9999 -9999 -9999 -9999 -9999 0.160885347798467 0.0238247850909829 -9999 -9999 0.0221868352033198 0.199744961410761 0.165758278593421 -9999 -9999 -9999 -9999 0.12556610442698 -9999 -9999 -9999 -9999 0.1475575376302 0.0751164695248008 0.0014844963196083 2.41301801366944e-06 6.24971170140043e-06 0.00333822944085114 0.0409865868277848 -9999 -9999 -9999
-9999 -9999 -9999 -9999 -9999 -9999 -9999 -9999 0.0662282522767782 0.211903023719788 -9999 -9999 -9999 -9999 -9999 -9999 0.069316429272294 0.108293122798204 0.00796695448225364 0.0443143112584949 0.0117268261266872 0.00252524731331505 0.0252059678547084 0.206273555010557 -9999 -9999 -9999 0.031419542292133 0.148104705661535 0.165999038890004 -9999 -9999 -9999 0.134695265814662 0.113386086933315 0.00640328853623942 0.00147216911282158 0.241005653887987 0.0616119844838977 -9999 -9999 -9999 0.000622077621665085 0.000112434253969695
-9999 -9999 -9999 0.158081179112196 0.179041181877255 0.00122910057252739 0.0160394059959799 0.00419392980984412 -9999 -9999 0.0783236818388104 -9999 0.449439390003681 0.314779278635979 -9999 0.128173418715596 0.0194558562012389 8.85783234565451e-06 5.30725889347217e-08 9.64706616812805e-09 1.16602917739073e-06 0.0684351523406804 -9999 -9999 -9999 0.00134753973106854 2.60406367527111e-06 1.59462871753835e-06 0.000110850544660934 0.0527047104202211 -9999 -9999 9.51655254084471e-05 1.01674132213514e-06 3.02950949693237e-07 2.88848934474117e-05 4.93727973434943e-05 0.0207562337163836 0.537684965133667 -9999 -9999 0.158204282820225 0.00102815962745808 0.0188480372074991
-9999 -9999 -9999 -9999 -9999 -9999 -9999 0.0324691656045616 0.0124541331082582 0.00752786800730973 0.114989667758346 0.146658078581095 0.00924234441481531 0.000871587216533953 5.72592504823888e-06 1.47996116108828e-06 2.43861235094123e-08 2.69544129238852e-09 6.76086076012439e-10 1.46644871801271e-09 8.33754613438487e-06 -9999 -9999 0.000421945040943683 1.48881559303149e-08 1.64519673440111e-09 3.99357977021175e-08 1.2210903392873e-07 1.22752614295507e-07 0.00227390734362416 2.27560069674837e-05 3.31210129260739e-06 2.60594257917024e-07 2.41019659785735e-09 2.9732648898495e-09 5.65913865768763e-09 8.67733921383618e-09 7.21237701106769e-07 1.2216776545948e-08 1.32167035546971e-06 1.61108260954279e-08 4.15142800136437e-09 7.19980830510281e-09 3.35912378135461e-08
0.0635768553242087 0.00533130171243101 0.000851849763421342 -9999 0.117785280570388 0.395608918368816 0.127745440229774 0.100977641157806 -9999 -9999 0.00612517358968034 6.97747046418673e-07 2.31914774828645e-08 7.94556404004609e-09 8.18716572315026e-10 4.87069407029139e-10 7.06619285306687e-10 1.98896074055099e-09 2.45467469683902e-09 3.68905960801413e-07 -9999 -9999 0.146710196137428 1.84212886296109e-06 0.00388517443207093 8.89881580974361e-06 0.000600533082615584 3.54292477169338e-06 4.43505191505267e-06 1.85769341584319e-05 4.61914185578838e-07 7.6002719895385e-09 2.82101163540105e-09 2.71766247283978e-09 3.23315129113766e-09 5.03181836197797e-09 8.07643854017215e-09 1.24065847595389e-08 1.92715114977204e-09 2.25562193367779e-09 1.6924017742781e-12 1.69487804901891e-09 5.18125875537123e-11 2.24265050974282e-15
0.00887699341401458 0.130464070290327 0.000217439890548121 0.00996053584385663 0.014463845663704 0.0122291377745569 0.00386121214251034 0.00815017238492146 -9999 -9999 3.75213770894334e-05 4.78577855012041e-08 7.94756660482676e-10 3.48266879779402e-09 7.4847760211938e-10 7.23774951083556e-10 1.35670143464051e-07 2.47217473429373e-05 5.27516914328174e-06 6.73706779110716e-06 0.000149803525891912 0.000165495785222447 0.0673797588795424 0.000189603324179188 4.99568860823363e-07 0.108730131387711 0.264305505901575 0.0309774136170745 0.0317778727971017 4.21511379272488e-05 2.75024559692749e-07 4.78121553459943e-09 4.81784673267427e-09 4.82651757449659e-09 7.46886907876387e-09 4.43725682863771e-09 6.86928354198813e-09 1.07498646984006e-08 3.21277675574549e-09 3.79528690697128e-09 6.36999675229788e-09 2.05112476669989e-08 1.46222859882528e-05 5.54676269493015e-07
-9999 0.0382940742187202 4.04198211072071e-05 5.37765082953001e-07 0.00469889781670645 0.0124830291839316 3.61948322531447e-06 0.000113297732514184 2.66080372512079e-05 3.50149758560292e-05 1.05028029679488e-05 1.16817092776778e-08 1.04877139195381e-09 1.17465425164553e-09 1.73530646518927e-09 1.34813773478015e-09 8.91337695219097e-07 0.000673234007990686 0.001130586018553 1.63165750943772e-07 5.04994348782262e-07 7.97595612189728e-07 3.63107615752867e-08 3.94366405087609e-09 1.43819939546486e-07 0.00215108059637714 3.88625925779706e-05 6.45392425866476e-06 5.41787949615014e-08 1.62370042966486e-08 2.83231643249948e-08 1.732460136461e-08 1.54205962776821e-08 1.15587414972751e-08 5.6579740337348e-09 5.92448653469191e-09 6.61342599572734e-09 1.41008554166433e-08 8.44322699533606e-09 3.61390669612049e-09 7.16295179836735e-09 3.6245648038502e-09 2.08219633757167e-08 7.05238570986033e-08
2.32017577217469e-07 0.000281272315987735 4.88166613195062e-05 4.16962942317856e-07 7.79211409618341e-08 1.51348428323317e-07 6.82783765082462e-09 5.47960117280866e-09 1.21992708157492e-08 2.94796948852039e-08 1.69516768955269e-08 2.73146929630208e-08 2.35066870746259e-08 4.02175021063655e-09 1.84134507419387e-08 2.09385001614937e-07 8.18302634542078e-09 1.09198175390901e-08 6.6336719117821e-09 1.58531397009831e-08 7.22174646972107e-08 4.95726159011056e-08 5.97811931069003e-09 5.03666393036895e-09 1.12666589058286e-08 4.50814633512486e-08 3.1400988498298e-08 1.382926718696e-08 1.29409177374029e-08 7.64033896150096e-09 9.02513610512301e-09 9.84415964855323e-08 1.75657380285799e-07 1.02055133566203e-08 3.15116886029365e-08 1.92698365042432e-08 6.71090432113886e-09 7.01068535446936e-09 5.00592266527988e-09 4.34767313262086e-09 9.23117644546778e-09 4.13720503411597e-09 2.26603668829206e-08 1.08056488667962e-07
1.83092103573923e-06 0.22499394081533 0.214796489477158 3.33601634565639e-05 8.8418634303089e-09 4.67894155642412e-09 4.54325252974286e-09 1.46302071901694e-08 1.95257716106845e-08 9.03961341336412e-09 9.5863963767151e-09 1.55560024417412e-08 4.89824345528689e-08 6.17839850391988e-09 4.82444084237699e-08 2.20562376661571e-06 8.59596818170161e-09 8.07173300421127e-09 1.00444540795941e-08 1.33815514891111e-08 2.73336921319256e-08 2.48746540287836e-07 4.56438449925045e-08 2.22622519530091e-08 1.61110878860171e-08 1.37215603046581e-07 2.53530461957752e-08 1.43152089848719e-08 5.30317932900815e-08 1.41312335055765e-08 1.36219418411798e-08 3.71670968668525e-08 1.98699486997356e-07 6.60012927977682e-08 7.50972650398474e-08 1.54291598275513e-08 2.26992636909173e-08 2.12311701885959e-08 4.32193468791198e-09 8.03082976785774e-09 6.73974973386393e-08 2.65994232222511e-06 3.05922016309523e-05 1.73376934270664e-05
9.41803858678369e-08 1.57249935774928e-06 5.38289656404345e-08 7.94077291810247e-08 5.23000602825618e-09 4.77821632260955e-09 6.38482271497764e-09 4.00141969891799e-08 1.70399162446877e-08 1.4971519490814e-08 1.94098485173377e-08 2.02095370660516e-08 2.01724078219279e-08 1.34158424702768e-08 2.78116625729297e-08 3.29145638411354e-08 2.03168583956526e-08 2.09465009892718e-08 2.08193367656762e-08 4.86892592466148e-08 5.08859644643422e-08 6.57937175929657e-07 2.60735900137199e-07 7.93598971871035e-08 1.94361220540173e-07 4.54971525976067e-07 1.41601626868493e-08 2.86787754877338e-08 1.69506439773315e-08 1.77614796981196e-08 2.21829519864158e-08 1.6006581959882e-08 1.95438161432193e-08 4.6503591442093e-07 9.8723041139781e-07 4.29299336224265e-07 1.32422082343986e-06 0.000192777417760226 3.84961113664151e-07 5.48635335029246e-07 6.89361309085257e-06 2.19783646049354e-07 5.00767823510273e-06 1.72109131995057e-05
4.1277498752379e-09 1.38563748031117e-08 1.26962746205272e-08 6.17490284460231e-09 5.52609609183463e-09 1.41905093231642e-08 3.3982850389247e-08 1.68560618463154e-08 3.26068062439511e-08 6.83260685807596e-08 3.10338630127305e-08 2.18503358184741e-08 5.92306935720543e-08 3.43178879425032e-08 3.99208277657159e-08 3.41045797380701e-08 2.99815702820005e-08 2.79933246805086e-08 8.52932880768265e-08 1.10804927933028e-07 4.84383458787541e-08 2.3048380470847e-08 2.31030972686064e-08 1.8287368497294e-08 7.29476691585518e-07 3.27105883157763e-08 2.17774121624714e-08 2.18440767474348e-08 1.09841984385906e-07 1.67836940856425e-07 5.52148726340462e-07 1.22501032713274e-06 6.3427775899072e-06 9.18190985430556e-06 1.52234149538799e-05 2.01640991463137e-05 4.28382438599328e-05 0.000100169156530683 0.000942525027494412 0.000305816362379119 0.106782126426697 4.16274567527353e-06 2.09538653206387e-08 7.16851401572072e-08
4.91391828338905e-09 5.49151204509712e-09 5.93172647667117e-09 8.29341701980013e-09 7.4316788722939e-09 1.30783621932196e-08 1.65359567472212e-07 6.58053651347856e-08 1.99045918414242e-08 2.23564701751222e-08 3.07459204984539e-08 3.54627311738298e-08 3.25034586912132e-08 3.09818702248776e-08 3.65209193886606e-08 2.52150945789786e-08 2.34162935597304e-08 2.35261526371211e-08 2.21084931695259e-08 2.75276130445867e-08 2.61867221240664e-08 1.65310859445711e-09 5.90788579279966e-08 1.02616031738556e-07 7.28113284367282e-06 8.5958918216722e-08 2.06822002524198e-08 8.33339265815525e-08 4.84224898733565e-08 3.19446221230812e-07 1.08691131399663e-06 0.000290632843461935 1.3951102118881e-05 7.16695421232316e-06 3.97134589434245e-05 0.0293429576791823 0.806011521816254 0.566202169656754 0.0888175126165152 0.0399087524041533 3.82006435870608e-06 7.79360194491652e-08 8.72836106591279e-07 7.58863397543053e-07
1.00040914108313e-08 7.22691685384191e-09 7.0917148264904e-09 1.51564589767617e-08 1.05250460458173e-08 1.56282923380324e-08 2.75600505417195e-08 2.23455232872816e-08 1.94242579576454e-08 6.39135583346828e-08 2.86635524981982e-08 5.37487133578374e-08 4.99202906567575e-08 5.3080609352385e-08 3.20495500583107e-08 2.7611228847757e-08 4.81539194963077e-08 2.70316820483174e-08 2.28808810898151e-08 2.15051491614382e-08 2.36438286727036e-08 1.51840932127723e-07 4.70269877972385e-07 5.25248552896151e-07 6.33264999123639e-06 3.41373712444693e-06 9.68551304367793e-06 2.51715962740207e-07 6.93024830070499e-05 8.84106535295359e-05 1.78345805238678e-05 1.26882662510042e-06 6.02101658614629e-05 0.000132369023867795 0.241774379462004 0.426399585604668 0.728935825824738 0.00368182663805783 0.0150966244284064 4.7152675642792e-05 1.10844962042389e-07 5.33788751866382e-08 2.41648657084426e-08 3.72587794705836e-07
9.02871309937936e-09 8.63373209591955e-09 9.45762473891776e-09 1.46858227800806e-08 1.0580245435321e-08 1.55795068401687e-08 2.3980171470761e-08 2.93684682906026e-08 5.12313189426905e-08 1.0881318279754e-08 4.48470442226956e-07 4.26751203930209e-08 4.55002067589749e-07 3.06030156327353e-08 2.60198773860409e-08 3.04728012934241e-08 2.84216619794719e-08 5.00178363171955e-08 3.97960725817548e-08 2.26078374687688e-08 2.13173931284949e-08 2.63994996818617e-07 6.09432837563872e-06 5.24056336956846e-06 7.15425417885385e-07 2.7287076079574e-06 8.81500043306005e-06 5.16182156129474e-07 4.00911561193595e-06 9.58292777397673e-06 8.28172845785957e-06 2.32918399589721e-06 1.65528642515067e-07 7.6123577485987e-06 1.34909244025039e-05 0.000463330569618847 1.7989838486443e-06 2.51408973284128e-06 7.08024254869599e-07 7.37268280470715e-07 2.86043679997849e-07 2.79022777194271e-07 3.17695904139548e-08 9.15168359649776e-08
1.65775808858015e-08 3.86658273621165e-08 3.36838604342304e-08 9.3840629578068e-08 7.72243328173161e-09 3.77967329101558e-08 3.49050395809236e-08 3.15258230965121e-08 2.20151841312521e-08 2.30050848593066e-08 3.06355807344616e-07 7.94905469669871e-08 5.22463916241556e-08 6.87637214280556e-08 2.2080212236375e-08 2.34148594957517e-08 3.05813519951847e-08 1.94304582534777e-08 1.85780372530253e-08 2.26894475763295e-08 6.43877987371866e-08 4.02527838561095e-07 1.37928334786874e-07 5.85436376754345e-07 8.82502041887889e-07 2.38246400607878e-08 3.83123553993059e-07 1.61517471752859e-06 2.40035379306391e-06 3.9430109325167e-06 3.01185262918668e-07 1.84721301295099e-06 3.08203009495855e-06 2.75972828589488e-06 1.98151293098192e-06 2.05768682377538e-06 2.38764009168335e-06 8.16968776575777e-06 5.79459933280901e-07 1.18533682105237e-06 1.18563096300761e-06 1.36330291809372e-05 1.92098633462479e-06 1.30949489012266e-06
1.03934896578117e-08 1.05188136534373e-08 3.00293695776332e-07 3.30505995571606e-07 1.23787417505294e-07 2.4603097318332e-07 6.79973322448291e-07 1.47002777310945e-06 4.70892950610313e-07 3.35309529542194e-07 6.7235229410656e-07 1.00737937387407e-06 5.55256200414078e-06 9.32476826278616e-06 8.32497243852259e-07 8.70136189057291e-07 6.51627368986052e-07 9.72711065583276e-08 2.7596895748605e-07 2.0379581815444e-07 3.50362527690162e-07 6.61996483586336e-06 8.7301257906347e-06 1.16873684874008e-05 8.7517411387239e-06 2.09419709484848e-07 1.81027915715504e-06 1.29252035456773e-06 1.6196173987737e-06 2.33644174774117e-07 3.61884264465928e-07 9.12464089353193e-07 3.3558453779392e-06 1.34343725193276e-06 1.05852148095664e-06 9.45638504390445e-07 1.29686134471285e-06 9.89136591655893e-07 2.80006199346872e-06 6.08148114906726e-06 2.85689374095455e-06 2.62514618725618e-05 2.41266123452988e-05 2.85456971823805e-05
4.32350942936033e-08 1.01302287436322e-07 3.19644913981953e-07 7.63276486903663e-08 7.45738938934259e-08 1.0154759607417e-06 2.36855525077573e-06 1.79047649844222e-06 7.41002352633302e-07 2.787588960107e-07 1.48141463256479e-06 4.88331186261348e-06 8.46378837238149e-07 3.83343607950337e-06 6.72641236150184e-06 2.69724145844918e-06 1.74847804981226e-06 5.08214857291023e-06 6.30939291135224e-07 7.07405267519334e-06 8.91132400369088e-06 1.04888012913307e-05 1.72754394640151e-05 1.75136808486798e-06 2.90768678699038e-06 8.69606990949734e-07 2.85234766739251e-06 5.44118789136405e-07 1.38547938366429e-06 2.15543524517692e-07 2.23282309597117e-07 1.3972350153546e-07 1.90161345803297e-07 1.20144959969704e-07 3.88641561155367e-07 4.86148479694748e-07 9.60536548788582e-07 8.40317107986266e-07 4.891076925162e-06 1.93260788364569e-05 4.85082595780284e-06 2.3911293897072e-05 8.41202540868835e-05 0.000306342902695178
2.66321907531619e-06 6.47467352266062e-07 3.45053176098453e-07 8.37276397547271e-07 2.09840342291212e-07 7.03890358111359e-08 2.45814074595341e-07 4.32011497319973e-07 2.05070350012271e-07 4.18129551804647e-07 3.15336710221548e-07 2.91837794119676e-07 8.93403157542494e-07 4.46059465741833e-07 7.85899123911804e-06 1.10286031159035e-05 7.50714968678068e-07 1.80451479980803e-06 4.81233707176898e-06 1.09274774061419e-05 5.32871529390633e-07 9.13926199430648e-07 1.78873032012916e-06 7.29053506809407e-07 2.33064430033014e-07 3.5574062928756e-07 8.68202240980054e-06 4.6521863396265e-05 0.00400038803636562 0.00805034481454641 0.0114083399064839 1.33139834304075e-06 6.05703809952729e-07 5.39414826121742e-06 0.000472753358553746 3.93526263686716e-08 1.35315196017061e-06 2.83280426813803e-06 3.76359671676596e-06 1.58415513524801e-06 2.82683268482131e-07 1.1275188033455e-06 2.01115357301163e-07 5.4477256723473e-07
