Maxent_result_files_1/Bombus_muscorum_2.asc
NCOLS 594 
NROWS 330 
XLLCORNER -15 
YLLCORNER 23 
CELLSIZE 0.166666666666667 
NODATA_value -9999 
[rows 168 to 188 of 330, columns 376 to 422 of 594]
0.0237431989982724 0.0234770776703954 0.0235184704884887 0.0241619322448969 0.023508863709867 0.0229562988504767 0.0218419461511076 0.0205842434428632 0.0194633705541492 0.018052979093045 0.0172949685715139 0.0166147027164698 0.015794225409627 0.0244838597252965 0.0149802988395095 0.0144831564277411 0.0141502424143255 0.0139717128127813 0.0192779812030494 0.0206720436923206 0.0130011931993067 0.0189299685880542 0.0068270597839728 0.0118268875870854 0.0115841967053711 0.0116398263722658 0.0114834332372993 0.0113165975548327 0.0115778868552297 0.0113084292970598 0.0113458598498255 0.0119394252542406 0.01214465838857 0.0119216026272625 0.0119031565263867 0.0121058410964906 0.012059997394681 0.0115775268524885 0.0113780479412526 0.0117228077724576 0.0119018190540373 0.0120493640191853 0.011531699821353 0.0124150284565985 0.0124139527790248 0.0122346524149179 0.0118997835554183
0.0224189717322588 0.021737190708518 0.0214958385564387 0.0212986286729574 0.0212928953580558 0.0207175029441714 0.0319153629243374 0.0186324132606387 0.0177502404898405 0.0160436892881989 0.0153890772722661 0.0236541816964746 0.0147072538733482 0.0223107787780464 0.0138820519670844 0.0134797288104892 0.0201168869622052 0.0125441577751189 0.00777350752614439 0.0118011687882245 0.011495305923745 0.0111760232597589 0.00963795529678464 0.0152435565367341 0.0107388996519148 0.0108683897648007 0.0107775263022631 0.0105232655536383 0.0103662894573063 0.0106114523950964 0.0103673375677317 0.0106656650546938 0.0113993609789759 0.0115394681692123 0.0107420192565769 0.0107563430909067 0.0112555088009685 0.0109223066829145 0.0112871077377349 0.0112890903837979 0.0114829725585878 0.0110008651390672 0.0111551994457841 0.017166755348444 0.0119277259334922 0.0117451057769358 0.0116214400157332
0.0209485531784594 0.0202111433260143 0.0198479432612658 0.0193835298530757 0.0191405599936843 0.0181134101934731 0.0173901709727943 0.0164784357883036 0.0158409939147532 0.0148707116022706 0.0146666558459401 0.008011210616678 0.0217165919020772 0.0130931391380727 0.0127160063479096 0.012366934819147 0.0193515700288117 0.0116886057890952 0.011294625280425 0.0106966622173786 0.0104923132341355 0.0102330813650042 0.0101815310306847 0.0103142715990543 0.00993592236191034 0.00974822668358684 0.00966017669998109 0.00956668846774846 0.00940340340603143 0.00940099682193249 0.00963577181100845 0.0100117657799274 0.0103649210650474 0.0106093348935246 0.0101092380937189 0.0100635915994644 0.0101773462723941 0.0104349954985082 0.0105621158145368 0.0107973444275558 0.0111961073242128 0.0109165326692164 0.0110196644440293 0.0113965485710651 0.011424048896879 0.0112909107469022 0.0115263785235584
0.0197591456584632 0.0188447694294155 0.0173204117454588 0.0145566982217133 0.016874551679939 0.016565028578043 0.0155884996056557 0.0149782909080386 0.0142290268093348 0.0135741751175374 0.0132391320541501 0.0199129378423095 0.0133497337345034 0.0119754177052528 0.016971087642014 0.0119730963837355 0.0172454559244215 0.0106527183670551 0.0164087197743356 0.0100277543533593 0.0096697153756395 0.00964436780195683 0.00951968317385763 0.00944570917636156 0.00934453869704157 0.00897448970936239 0.00881194300018251 0.00882042024750262 0.00884252551477402 0.00901425136253238 0.0092683446360752 0.00928202387876809 0.0093302225228399 0.00944813094101846 0.00957282781600952 0.00967352339066565 0.0100163573399186 0.0101146879605949 0.0104711818508804 0.0103865602053702 0.0107906657736748 0.0107012166175991 0.0108498978894204 0.0107451547402889 0.0108977154362947 0.0111464258283377 0.0109757006168365
0.0181096223182976 0.0174512838944793 0.0169081601314247 0.0168346432968974 0.0157303894869983 0.0157204687595367 0.0144044814631343 0.013732257951051 0.0130184326786548 0.0127791958395392 0.0125557709485292 0.0120414055883884 0.0119110155384988 0.0115359459072351 0.0109144933521748 0.0107117801904678 0.0163365034386516 0.0117475389502943 0.0151769746094942 0.00931227470282465 0.00900353302713484 0.00877687362954021 0.00854965841863304 0.00851452515926212 0.00838030918966979 0.00846646609716117 0.00816878301557153 0.00822752213571221 0.00822799107991159 0.00830428579356521 0.00839422824792564 0.00861845512408763 0.00867965561337769 0.00896930324379355 0.00888781894464046 0.00920953056775034 0.00950875729322434 0.00971434297971427 0.0100209575612098 0.00993592203594744 0.0102220440749079 0.010228706849739 0.010498077981174 0.0105298980604857 0.0104848596733063 0.0103280465584248 0.0105894560925663
0.0176553175784647 0.0167151806876063 0.0110939646139741 0.0130547932349145 0.0157694111578166 0.0138918144628406 0.0132116111461073 0.0125907300971448 0.0121163969859481 0.0118754020426422 0.0115447933785617 0.0111872720532119 0.0108192504849285 0.0104515067301691 0.0101354043465108 0.00974422344006598 0.009437261428684 0.00910687807481736 0.00880794755648822 0.00859919739887118 0.00849270806647837 0.00835237272549421 0.0081105868332088 0.00785893530119211 0.00778331335168332 0.00767880019266158 0.00751564430538565 0.00761217502877116 0.00760745408479124 0.00780135514214635 0.0078574649989605 0.00807383973151445 0.00812272634357214 0.00825138061773032 0.00847049618605524 0.00862885324750096 0.00893021426163614 0.009139822749421 0.00941018513403833 0.00975331645458937 0.0100626850035042 0.0101864169817418 0.00173556956578977 0.0018612915155245 0.0105307327583432 0.0105005423072726 0.010245417477563
0.0164760621264577 0.0157408877275884 0.0151579503901303 0.0139791272580624 0.0132309467997402 0.0126781258266419 0.0125581557396799 0.0120239700190723 0.0113138102460653 0.0110418641939759 0.0107664938084781 0.0105135353747755 0.0102513927500695 0.0101240538991988 0.00952993228565902 0.00912155725527555 0.00890154051594436 0.00862924973480403 0.0083012247690931 0.00811685803346336 0.00793366711586714 0.00773598724044859 0.00754952717106789 0.00746217521373183 0.00726292098406702 0.00720619654748589 0.00718157873488963 0.0071939354063943 0.00722440015524626 0.00722901655826718 0.00744994194246829 0.00749990043696016 0.007675123331137 0.00812857856508344 0.00816686954349279 0.00843606693670154 0.00861144207883626 0.00847424538806081 0.008735854155384 0.00905989906750619 0.00929844002239406 0.00990528203547001 0.0129768070299178 0.00821296325884759 0.010176821378991 0.0103353815618902 0.010320551507175
0.0154068211093545 0.0146291820332408 0.0140316575299948 0.0132225712761283 0.0126709718257189 0.0122440323233604 0.0119952806271613 0.0115328903775662 0.0110815948341042 0.0106956693343818 0.010252641281113 0.00996489385142922 0.00968906481284648 0.00946182436309755 0.00921506902668625 0.008547617145814 0.00832280132453889 0.00816735713742673 0.0080339775653556 0.00784728082362562 0.00775520296301693 0.00734248668886721 0.00716365689877421 0.00703231699299067 0.00708274871576577 0.0069712181109935 0.00690184581326321 0.00675546985585243 0.00686868401244283 0.00686058173887432 0.00702094715088606 0.00707967376802117 0.00719096588436514 0.00749903141986579 0.00760426640044898 0.00768919379916042 0.00775189495179802 0.00802271279972047 0.00858718825038523 0.00879254713654518 0.00869650989770889 0.00915045663714409 0.00958514250814915 0.00965274246409535 0.00950118079781532 0.00957899591885507 0.00585233729798347
0.0148963014595211 0.0137739780824631 0.0133573619648814 0.0127153201028705 0.0121984967496246 0.0117204597685486 0.0117245066910982 0.0111624086741358 0.0105653157923371 0.010060156439431 0.00964783641975373 0.00940653828438371 0.00902086053974926 0.00875144014135003 0.00848140553571284 0.00819992448668927 0.00795778546016663 0.00777720732148737 0.00762877189554274 0.00740588121116161 0.0071887536207214 0.00709699837025255 0.00688622031593695 0.0069549672305584 0.00678716549882665 0.00266150290844962 0.00666512766620144 0.00658475789241493 0.00651948830345646 0.00650651291944087 0.00659046907676384 0.0066471389378421 0.00681393165141344 0.0070446795783937 0.00721849852707237 0.00723733101040125 0.00729256349150091 0.00764604066498578 0.0080067690461874 0.00827159557957202 0.00838211646769196 0.0087413250701502 0.0090328375576064 0.0090497633907944 0.00904514444991946 0.0093499778304249 0.00934148291125894
0.00255241760751233 0.0127022183965892 0.0125284150708467 0.0119967928156257 0.0113604017533362 0.0113349005579948 0.0108396260999143 0.0104326306609437 0.0102271221345291 0.00955592468380928 0.00953865435440093 0.00906841466203332 0.00870451037772 0.00845307090785354 0.00832329243421554 0.00798458603676408 0.00779694851953536 0.0074599411804229 0.00706704728072509 0.00687397113069892 0.00683169472031295 0.0066536387312226 0.00664491464849561 0.0067082591354847 0.00661103703314438 0.00145500071375864 0.0058842750149779 0.00627180391456932 0.00633601996814832 0.00626663441071287 0.00630120142595842 0.00647378305438906 0.00651468087453395 0.00670414071064442 0.0067550735315308 0.00678903360385448 0.00700427009724081 0.00721000269986689 0.00754941739141941 0.00778539103921503 0.00788466976955533 0.00788978019263595 0.00805585850030184 0.00846364966128021 0.0085487189469859 0.00881779387127608 0.00890466147102415
0.0125237786211073 0.0122508875094354 0.0120550703257322 0.011277299374342 0.0109861538745463 0.0105290335603058 0.0101904566865414 0.00988876805640757 0.00936878460925072 0.00909652779810131 0.00883270227350295 0.00870781512930989 0.00897609300445765 0.00850901333615184 0.00810948756989092 0.00781476467382163 0.00758480487857014 0.00722795821493491 0.00683286690618843 0.00676843405235559 0.00664498000405729 0.0065160023747012 0.00652656514430419 0.00656628524884582 0.0063564453041181 0.00630608375649899 0.00613867905922234 0.00605611763894558 0.00606492100050673 0.0060422709910199 0.00606474280357361 0.00621874718926847 0.00623592585325241 0.00630334685556591 0.0064612087327987 0.00652182777412236 0.00669788257218897 0.00684080028440803 0.00709237984847277 0.00721100238151848 0.00738191760610789 0.00757516901940107 0.00771374322939664 0.00789638336282223 0.00778584550134838 0.00824437313713133 0.00851468660403043
0.012635143706575 0.0124313531443477 0.0120900243055075 0.0110300542321056 0.0102287396555766 0.0100802967557684 0.00962153412401676 0.00920384302735329 0.00886841441970319 0.00853085424751043 0.00826884745620191 0.00810497517231852 0.00817185621708632 0.00826222603209317 0.00834508261177689 0.00790820810943842 0.00738722536480054 0.00698669952107593 0.00680342242121696 0.0066027614986524 0.00645996752427891 0.00634751006728038 0.00657407981343567 0.00642652218230069 0.0061780397198163 0.00613260345999151 0.00596502411644906 0.00582774643553421 0.00578639046289027 0.00574833529535681 0.0057785501005128 0.00586165423737839 0.0059367252397351 0.00607303790748119 0.00613105188822374 0.00629457607865334 0.00634643230587244 0.00646523063769564 0.00670892312191427 0.00710328253917396 0.0070465775905177 0.0071596602909267 0.00750662216451019 0.00745123394299299 0.00759745105169714 0.00766188350971788 0.00782893341965973
0.0120009632315487 0.0116788157261908 0.0113349642604589 0.0106951164081693 0.00991424876265228 0.00943797507788986 0.00903414227068424 0.00853389240801334 0.00827474177349359 0.00812780179549009 0.00788144418038428 0.00771266371011734 0.00768645474454388 0.00735873272642493 0.00752614495577291 0.00730907639954239 0.00691850213333964 0.00674153722357005 0.00659521670313552 0.00649264487437904 0.00637479416327551 0.00635805623605847 0.00632866391679272 0.00636711440747604 0.00619116839952767 0.00591116059804335 0.00576130256522447 0.0056638995767571 0.00559524414129555 0.00561576226027682 0.0056429241085425 0.00566639818716794 0.0058204683358781 0.00586498088669032 0.00598839801969007 0.0060965106007643 0.00609556359704584 0.0062072814325802 0.0065713454852812 0.00678000289481133 0.00696661837864667 0.00712343468330801 0.00743639792781323 0.00750193183775991 0.00790438121184707 0.00786346825771034 0.00773980049416423
0.0120109173469245 0.0114982549101114 0.0110076439101249 0.0103062851820141 0.00933993710204959 0.00941536992322653 0.00866473773494363 0.00821724536363035 0.00801122786942869 0.00779299426358193 0.00749945680145174 0.00734724986832589 0.00720525332726538 0.00701831196201965 0.00689305939013138 0.00669999566162005 0.00660711931996047 0.00645061667310074 0.0063883502734825 0.00617253738455474 0.006101401115302 0.00610616880003363 0.00622830304782838 0.00629870492266491 0.00587084606522694 0.00583889088593423 0.00566399097442627 0.00558000075398013 0.00548824550351128 0.00540162598481402 0.0054494196549058 0.00545553638366982 0.00548231656430289 0.0055911325966008 0.00573605834506452 0.00557435621740296 0.00570966643281281 0.00569338877685368 0.00619035374838859 0.00634031217778102 0.00646311665186658 0.00681138325016946 0.00706905969418585 0.00735526534263045 0.007769686402753 0.00777088680770248 0.00762971008662134
0.0117054146714509 0.0114042004104704 0.0108422766905278 0.00964526124298573 0.00906493351794779 0.00869339643977582 0.00841322720516473 0.00793706895783544 0.00787351022008806 0.00747960405424237 0.00720973825082183 0.0071387039963156 0.0069996559410356 0.00685322663048282 0.00667389065492898 0.00645915570203215 0.00625798077089712 0.00621627441141754 0.00615396768553182 0.00598336814437062 0.00584139559650794 0.00599827605765313 0.00591709897853434 0.00616573714651167 0.00590526799205691 0.00572598418220878 0.00556786854285747 0.00539597385795787 0.00529768099077046 0.00523304686648771 0.00526438914239407 0.00704374015331268 0.00524166665272787 0.00532346549443901 0.00689310579327866 0.00521594610763714 0.0054948060773313 0.0056326940190047 0.00565405708039179 0.00585488183423877 0.00621713572181761 0.00654257304267958 0.00696980147622526 0.00702997373882681 0.00744741361122578 0.00757494526915252 0.00744332803878933
0.0126604198943824 0.0116347581148148 0.0104182948824018 0.00936974454671144 0.00889391582459211 0.00846470943652093 0.0081660118419677 0.00784453698433936 0.00751259374665096 0.00725441108224914 0.0070780394715257 0.00688990150811151 0.00666516341734678 0.00654105668654665 0.00634822847787291 0.00613617020426318 0.00606316280318424 0.00594151846598834 0.00592319106217474 0.00584719083271921 0.00606600578175858 0.00589227000018582 0.00582508008228615 0.00570972703862935 0.00587041842518374 0.00573171764845029 0.00545959318988025 0.0051926517742686 0.00525184121215716 0.00525291910162196 0.00522283338941634 0.00463418326107785 0.00462304576067254 0.00500865034991875 0.00503469447139651 0.00509340723510832 0.00522728177020326 0.00529288568068296 0.00542382014682516 0.00564853433752432 0.0063279440975748 0.0064219709020108 0.00680178109323606 0.00668703938135877 0.00853554962668568 0.00696652519982308 0.00700854253955185
0.0113883222918957 0.0105293641099706 0.00962345874868333 0.00926536107435822 0.00881501333788037 0.00857039182446897 0.00788129717111588 0.00762465465813875 0.00724982228130102 0.00709215126698837 0.00678393240086734 0.00673843184486031 0.00663806395605207 0.00621915672672912 0.00611992138437927 0.00609442837303504 0.00592951604630798 0.0057181712705642 0.00578660967294127 0.00593059958191589 0.00593459293013439 0.00581375790061429 0.00575082283467054 0.00566894717048854 0.00928041854640469 0.00732527426443994 0.0052682674722746 0.00508400892140344 0.00509948135586455 0.004656548704952 0.00348762102075852 0.00247564637393225 0.000883833486295771 0.00431359831127338 0.00474501803400926 0.00486153975944035 0.00470468669664115 0.00518220813246444 0.00530096489237621 0.00540236221859232 0.00494660804979503 0.00604657338699326 0.0061797211645171 0.0062390792183578 0.0066917811287567 0.00672294594114646 0.00667020144173875
0.00853911163285375 0.0102630808483809 0.00928415006492287 0.00906300004571676 0.00908746493514627 0.00849073063582182 0.00778634629677981 0.00740588384214789 0.00727173183113337 0.00683330983156338 0.00663423339137807 0.00640037469565868 0.00645615776302293 0.00643698631320149 0.00621636715950444 0.00586568189319223 0.00580261046998203 0.00588893390959129 0.00595956201432273 0.00341362121689599 0.00103725912413211 0.00116005928430241 0.00196629040146945 0.0019956924879807 0.00555655145435594 0.0129771802341565 0.00486770198913291 0.00507172769284807 0.00359026588266715 0.00501415588660166 0.00481966700172052 0.00484034401015379 0.00469021290773526 0.00436301768058911 0.00470889159478247 0.00482041016221046 0.00504913892364129 0.00511682851938531 0.00518453902332112 0.00540359792066738 0.00574690969660878 0.00598287468310446 0.001495671106386 0.00620440935017541 0.00613061162875965 0.00610532722203061 0.00619830788346007
0.00880223002750427 0.00557168350787833 0.00917303799651563 0.00922119712922722 0.0085688101593405 0.00802422720007598 0.00764774484559894 0.00724658857798204 0.00700238724239171 0.00675917993066832 0.00648332267301157 0.00626308127539232 0.00625949625391513 0.00596631759544834 0.00592556408373639 0.00574113526381552 0.000883567921118811 0.00100598868084489 0.00445537475607125 -9999 -9999 -9999 -9999 -9999 0.0127820899593644 0.00563843444106169 0.00193752020277316 0.00288453410612419 0.00324711367575219 0.00164630820509046 0.00100078209507046 0.000783267675797106 0.000745871822800837 0.00230238829681184 0.00460347537882626 0.00467516416101716 0.00450854780501686 0.00506083347136155 0.00666817695600912 0.00530732343904674 0.00207068575546145 0.00325756368110888 0.00549046724336222 0.00596146694151685 0.0057762113166973 0.00581559663405642 0.00593324743676931
0.0108024510089308 0.0113514073891565 0.0103030218277127 0.0106395636219531 0.00848434804938734 0.00795655194669962 0.00762901643756777 0.0073687911615707 0.007206431531813 0.00659652586327866 0.0066791933728382 0.00425751603906974 0.00576588736148551 0.00585131879197434 0.00102412088745041 0.00328729815519182 -9999 -9999 -9999 -9999 -9999 -9999 -9999 -9999 -9999 -9999 -9999 -9999 -9999 -9999 0.005187350117194 0.00182714734546607 0.00097348693634558 0.00468787725549191 0.0044150493980851 0.00444047351484187 0.00116650958734681 0.00454361507436261 0.000987623108085245 0.000814919717231533 0.00450376595836133 0.00459600444883108 0.00528484957758337 0.00576678985962644 0.00575488733593374 0.00556282426696271 0.00571775606367737
0.0102350837085396 0.0098689854843542 0.0198944417294115 0.0252073219511658 0.00558213954791427 0.00917453293222934 0.00652220208430663 0.00647936853347346 0.00410596576402895 0.00367338151554577 0.00585990438703448 0.0029226396465674 0.00313376349804457 0.00295957004564116 -9999 -9999 -9999 -9999 -9999 -9999 -9999 -9999 -9999 -9999 -9999 -9999 -9999 -9999 -9999 -9999 -9999 -9999 0.00162399128603283 0.000848344192854711 0.00428030515322462 0.00440648280200548 0.0034334615629632 0.00344952106242999 0.00266126642527524 0.000625029729053494 0.000959775683077169 0.00181613365275552 0.0049604285042733 0.00510858009802178 0.00531196326483041 0.00560403399867937 0.00568606219021603
