Maxent_result_files_1/Bombus_semenoviellus_2.asc
NCOLS 594 
NROWS 330 
XLLCORNER -15 
YLLCORNER 23 
CELLSIZE 0.166666666666667 
NODATA_value -9999 
[rows 280 to 299 of 330, columns 506 to 551 of 594]
0.000132062596957061 0.000384547114987033 3.61086782575293e-05 4.49276703162194e-05 2.02760134082824e-05 4.80830641650387e-06 3.50610620586389e-06 5.06698325855037e-06 8.51888123918676e-05 0.00019900751235018 2.35877747385538e-05 2.78951086253199e-05 3.51490220035222e-06 2.99829563974452e-06 2.98893581039961e-06 3.1758404973492e-06 8.12728034834675e-06 0.000127768209754431 0.00127852081084203 0.000766921103968343 0.00158234831963284 0.00177526075027572 0.00228721717121516 0.00248351005611767 0.00216244852146161 0.00257124838847176 0.00137975382749573 0.00246453217297926 0.00227684511682469 0.000213247423540375 0.00275693432404296 0.00130697227068595 0.00133547545046895 0.0019510519857306 0.000558331315369287 0.00141341613052646 0.00123385498445714 0.0018205949959607 0.00159569391347745 0.00147579581334867 0.000448509828493116 0.000107181193860129 0.000797797596260352 0.000124431301755745 0.000149338967859858 1.10569663610338e-05
0.000388596485033776 6.47274813673659e-05 3.56700374142482e-05 1.75123887261486e-05 1.5962135316927e-05 5.47322709788522e-06 4.80110293378244e-06 4.86444193855684e-06 7.88746424185471e-05 0.00601743762340448 0.00047213886236932 2.95571223735358e-05 4.08790292483197e-06 2.88796886362963e-06 2.99051889960378e-06 6.1155863867457e-06 2.05728871969124e-05 0.00146822486647542 0.00138287071397372 0.00154648752736648 0.00173609759464028 0.00208573114160639 0.00229068895127966 0.00268204911444627 0.00127569384640083 0.00136884620369528 0.00260646403069131 0.00105638597836778 0.000114521628772957 0.00139222312282072 0.00293339160499101 0.00292009079284981 0.00144560317348805 3.88106370012409e-05 0.000480143022945612 0.00166335804096889 0.00298723745436291 0.00136640796845313 0.00263518356368877 0.000858098828757647 0.00115606377585209 0.000983966690637317 0.000489633460801997 0.000279103646607837 4.13541682516283e-05 0.00101584388829562
0.000363977024607332 3.69797831121343e-05 2.48055647256828e-05 1.88416494902754e-05 2.20526971644763e-05 7.93026972827349e-06 4.30764876557799e-06 5.16293919872179e-06 0.000153190047061869 0.000667721836895652 0.000503385224283193 6.96830184252484e-06 5.07911758842461e-06 3.03252488323968e-06 6.7278947465943e-06 1.7901679119503e-05 5.34142643773383e-05 0.000150813911104186 0.000167964634136941 0.000800915084073495 0.000951272271413473 0.00108382162979979 0.00117928102263249 0.00132181006774772 0.00286380909464263 0.00236445566821004 0.00133475035545416 0.000159052732866227 0.00103210504929839 0.00322135625310693 0.000320598679330786 0.00275821767501564 0.00162011689972132 0.00344952815376018 0.00340957428356887 0.00339721710183767 0.00168200136249652 0.0015347132270108 0.00203672211173673 0.00643465840088737 0.000821967000956647 0.000703287933720276 0.000496843805740355 0.00119464416566188 0.000425680008481777 0.000224861643497043
0.000308061891196143 2.25646503239196e-05 1.74432490269827e-05 1.37020192189086e-05 2.79845514600474e-05 7.52147958262839e-06 4.90631420418941e-06 1.67376282650844e-05 0.000113311262626115 0.032079527946189 0.000484911742478289 6.48477433898509e-05 6.78592620956264e-06 3.34237422010553e-06 8.15007897548847e-06 1.64186949918599e-05 5.98731171931877e-05 0.000103736312006797 0.00136896894970597 0.001833736724506 0.00109526570558955 0.00123683552956209 0.00247985257286569 0.00131318750354694 0.00247484435134542 0.00252678749036477 0.00265026999054783 0.00161135465023108 0.000342483441512442 8.77530692677819e-05 0.00398034890749841 0.0018262424506247 0.0034524400895009 0.00182943938416429 0.00300729447627361 0.0030373714613205 0.00309682697801463 0.0016933653561864 0.0029689884157051 0.00119585199136054 0.00110674704483245 0.00196262584341653 0.00159033640593407 0.000669439650104664 0.00947698323591483 0.000533443641332809
1.74996522322224e-05 1.34822519000766e-05 1.21552051503659e-05 1.3508276599894e-05 1.48331720612349e-05 6.57892539143168e-06 5.48660509593901e-06 6.90235011224782e-06 0.000135367776797768 0.00164652425955865 0.00056476493818991 0.000104500478508551 5.81960152123973e-06 6.89861152096682e-06 2.84594120703252e-05 0.000840677453561511 8.29793761694342e-05 0.000870411607502319 0.000936018611537293 0.00112496852379991 0.00239141047419871 0.00127530045210733 0.0023682070897447 0.00114264458388789 0.00120976377365878 0.00144208099300158 0.00320140197700312 0.0034947415420902 0.000354411968047685 0.00333568492155791 0.00198575554531999 0.00207934367645066 0.00367656832475234 0.00208732070459519 0.00206948026898317 0.00200009427644545 0.00203178206575103 0.00455395599565236 0.00182071092131082 0.00336011567900698 0.00154392686090432 0.00119597765733488 0.00145876177562627 0.000487197944312356 0.00058939701257259 0.00013788137712254
1.36532685821922e-05 1.38545035294646e-05 1.51003843133934e-05 3.12046358307283e-05 1.69918040158312e-05 8.16289300165085e-06 5.6181860213611e-06 7.1234196360459e-06 0.000285731847979065 0.000808588439122104 0.000747912295901187 6.57352634800823e-06 7.67434970010417e-06 2.99371931662962e-05 0.00100538669230446 0.00177666653351025 0.000898277221676835 0.000891135835263412 0.00183456599536562 0.00107149367031525 0.00101704951957799 0.00110009957679722 0.00119995779568853 0.00137100243664463 0.00269086093664264 0.00139891595972585 0.00277487842899973 0.00176631060312502 0.00346220528078334 0.0021624122367939 0.00432915808378311 0.00387082984371432 0.00223710382997524 0.00437277314049425 0.00203186763828853 0.00210124148288742 0.00221214177727234 0.00345108099153038 0.00227835967380088 0.00373306970377598 0.00348575662349333 0.00153294655610807 0.00176063947979194 0.00103037134418713 0.000605031325248462 0.00048911478291056
1.2313812712661e-05 3.62014908052211e-05 5.35190825158627e-05 3.75507205647274e-05 2.55997912179118e-05 7.21815941255866e-06 5.18999351936111e-06 1.53925977889324e-05 0.000131815593875484 0.00106645353807835 1.24557320354879e-05 7.85428868875781e-06 0.000832630233556841 0.000131517866106956 0.00209577116438595 0.00209424125743074 0.000778978354810533 0.000750542608238902 0.000824195556015184 0.00201722463498299 0.00197163964963263 0.00125053266237956 0.0025210667104453 0.00135338136242353 0.00122478708108247 0.00273751090262522 0.00139523577236105 0.0013389326086326 0.00202058915456291 0.00467547600383114 0.00397104894126414 0.00482023070617288 0.00226835304056294 0.00453014176974591 0.00224924296489917 0.00389388195358151 0.0023797320551239 0.00515211771380564 0.0050608874844329 0.00432682754623102 0.00567328423567233 0.0048373762940173 0.00245677685044257 0.000876983591297176 0.000583759757864755 0.000693912708345579
1.3597720833558e-05 4.43856257656083e-05 4.52185255744308e-05 3.09120787502559e-05 1.77223320245057e-05 6.05467220147204e-06 5.37702263700979e-06 4.02475123216783e-05 0.000101255763253905 0.000333105576615322 8.36939149952975e-06 6.82474762321084e-05 0.000169715247825886 0.00014542450830024 0.00171993882277093 0.000743620973298675 0.00122626058668498 0.00137667978420097 0.00161381196143333 0.00197661640447677 0.00190319556450334 0.00122242554243712 0.00125043069274398 0.00253221483535242 0.000270778515143011 0.0037283263311565 0.00110501497620135 0.0150701395468786 0.00186327828414505 0.00436342150051132 0.0022867169289384 0.00247113400546368 0.00240765149355866 0.00244979805720504 0.0025080188002903 0.00250630784721579 0.00445443023868393 0.00274412017897703 0.00515412223217027 0.00291955384309404 0.00292100759106688 0.00434775219279118 0.00211782657133881 0.00141507348016603 0.000986581623146776 0.000645462815737119
0.000482612127023252 0.00015154785949747 0.000162474039028138 2.05787840591776e-05 9.77708624199103e-06 4.81986558855674e-06 7.23515632424787e-06 2.21746264566502e-05 6.27499614902938e-05 5.55889126390041e-05 7.20166032831537e-05 6.99089575534106e-05 0.000984766488545574 0.000892950873276277 0.000830361346925201 0.000765925618452457 0.000756535952223203 0.000783470506303274 0.00188538326215166 0.00100500794796972 0.00107865840691375 0.0012152959145169 0.00128739516949281 0.000153464857569363 5.39668541177152e-05 0.000983074870964629 0.00104281222229474 0.000177827822953125 0.00133948390212026 0.00160295665846206 0.00188674073142465 0.00232245958177373 0.00393813087522403 0.000302679054808874 0.00245427309710067 0.00250933986098971 0.00496552266868093 0.00556029974468402 0.00274705604533665 0.00281738104531541 0.00287848916486837 0.00284469570615329 0.00249391421675682 0.00372899547357974 0.0022879622392054 0.00166944980610708
0.00031083922377686 0.000106234236647362 9.69468046032595e-06 1.28295794129984e-05 4.44763652989177e-06 3.39478699521556e-05 3.34671853402191e-05 0.000877608611335745 7.82810865610828e-05 0.000989587221010879 9.88358151122637e-05 0.000738696614348555 0.000907818187806697 0.000897868784886668 0.00158390500015457 0.000696611120565649 0.00148054639958843 0.00121181048598942 0.002957621360747 0.00185249758049508 0.000903062581164704 0.00390761404387376 0.00117373573812074 0.00144437114722678 0.0172392474487424 0.0320285093970597 0.00109656254062429 0.00123055900839972 0.0013256476384413 0.00154976298945257 0.00298187747208658 0.00197287555929506 0.00200588127772789 0.00213792602007743 0.00229956671537366 0.00252146501152311 0.00267940425837878 0.00571183467764058 0.00300713697797619 0.00471797396249372 0.00273739176918752 0.00255714831291698 0.00494248588555308 0.00222416291653644 0.0018091358942911 0.0027933760916266
3.3869110600071e-05 7.26745983272714e-06 8.44781051715371e-06 7.95515770015687e-06 9.12546947835047e-05 5.70558754519723e-05 2.64306961410887e-05 0.00152590440210716 8.40962169660564e-05 0.000935011340698111 0.000173279874981935 0.000123812676490787 0.00093170495256345 0.0018190299267161 0.000999406336268294 0.00157255386826733 0.00120590094798771 0.000102784319606786 2.28757037014193e-05 3.81317489698718e-05 7.90124215628518e-05 0.00116658064175681 0.00237486900041297 0.000579820783423202 0.000382715065533468 0.000232647302325351 8.87803549376898e-05 0.00619106758767884 0.00323128776199155 0.007641864478137 0.000234726080077541 0.00243113853794057 0.00238124751776923 0.00227671647444367 0.000513442076350612 0.00256400441576261 0.00444621733995518 0.00270798926067073 0.00579916225542547 0.00555505027878098 0.00390218663339112 0.00219897401402704 0.00209936123865191 0.00208828001195798 0.00194460425991565 0.00133495889022015
5.22630092701593e-05 6.47994071137803e-05 7.98163060801049e-05 6.66588836551463e-05 1.49036841975203e-05 4.05066038520752e-05 0.000169977439685742 5.30114576642871e-05 7.20523800208706e-05 0.0013596290297528 5.78674591753092e-05 0.000868212471141305 0.00104095570368372 0.00231703090043069 0.000192904932205362 7.25722892369607e-06 2.8621792184691e-05 1.08270922950404e-05 5.00769393655398e-06 2.20015019805175e-05 3.86737670053705e-05 0.000789306303227022 0.002836838420194 0.000980960399965625 0.000310393270062548 2.44410026170483e-05 4.65755059676831e-05 5.58319311045108e-05 5.05110897029204e-05 7.82868607967391e-05 9.03602858020491e-05 0.000182518131447063 5.5253711680725e-05 0.000816775714056917 0.000400512039104939 0.00212323442392517 0.00224305198062211 0.00508538114809198 0.00217034577508457 0.00441394080407917 0.00208186412492069 0.0039695965777355 0.00210975383233745 0.0019621902887593 0.00196252969326451 0.00230291722279535
1.54832138384964e-05 3.08097255356854e-05 2.37494169598174e-05 1.38482819990848e-05 4.77991798703004e-06 3.49408907519333e-05 0.000276369953079936 0.00026975997865839 7.97894988649905e-05 4.97783776740257e-05 0.00161966715034509 0.000928848547664529 0.00370455970405601 0.000133130172743101 5.98911478991826e-05 5.08720502182536e-05 5.41874379902385e-06 2.23946981844914e-05 2.83864357781827e-05 3.1955862174482e-05 3.31091052664045e-05 0.000276333563527897 1.75405901159054e-05 3.79229552265881e-05 1.74639263886944e-05 1.31017250872389e-05 1.08630951116462e-05 2.96001992162065e-05 1.29192148196955e-05 1.50255347363126e-05 0.000120013763126636 1.97763113586213e-05 3.94105983467896e-05 2.2483053199096e-05 6.17810649687578e-05 0.000233650705145561 0.00212181854585651 0.00211402311979327 0.00424771242251154 0.00207521441625431 0.00205427689070348 0.00354636655410729 0.00191272038500756 0.00195991599903209 0.00195744540687883 0.00174815500358818
9.92065575615708e-06 1.60455035399742e-05 1.35329098908787e-05 4.40639069895221e-06 3.16599525193917e-05 9.03394326317697e-05 0.000774809129075038 0.000151848329262094 0.000259756814382683 0.000846012477995828 6.56099292496104e-05 0.0039686155841423 0.00567356980463956 0.0115058425115421 0.000198038573383263 2.09365360814062e-05 1.3468038785136e-05 1.89536982273419e-05 1.98962544398995e-05 5.40321430012813e-05 8.28468508051738e-06 4.23231880323227e-05 0.000149907964342888 0.00011890535386172 0.000121454332166571 0.000146336863757679 0.000103583844780875 1.23049011719667e-05 6.42010377885915e-06 7.04125097754638e-06 1.57711053652254e-05 1.27782465432769e-05 8.72789585832923e-06 1.80730355613945e-05 4.53295652100727e-05 5.23076114801513e-05 4.16132088666643e-05 0.00211243169032969 0.0040181318233551 0.00368955761595373 0.00219009702559561 0.00208900730358437 0.00202402017457644 0.00191560386592755 0.00345801814678452 0.00445481563947396
5.17652367566512e-06 6.7835341067024e-06 3.53822322246566e-06 2.24066182238469e-05 1.2504503139632e-05 3.85508018442615e-05 0.00010503774110413 0.000402496232818095 0.000789675234227616 0.0249590201303363 3.29195251779879e-05 1.67396747555615e-05 1.94229239871779e-05 1.89854610069484e-05 4.21723190913048e-05 4.40084424763287e-05 4.43455052032804e-05 4.70421769565132e-05 5.17838103033297e-05 2.5575569227887e-05 5.55061867176021e-05 9.46805249597893e-05 6.89761308844794e-05 2.99355716326444e-05 6.58451501797441e-05 5.97436066022139e-06 7.15673290862973e-05 6.7266615594197e-06 6.42124111082998e-05 7.82075529341952e-06 9.88850904382166e-05 9.34407180723795e-06 1.90967814980736e-05 2.00592479344786e-05 1.91484483740956e-05 1.82803978844293e-05 1.80754881222711e-05 0.000209047514357819 0.00220685284002684 0.000258445023285514 0.00468188471750182 0.00215098195185419 0.00446183736676176 0.00328834056821842 0.00219305563950911 0.00249515207251534
2.70357100423113e-05 2.72960707424996e-05 2.04141962712012e-05 1.25424665152196e-05 4.28316006000351e-05 5.61982197097688e-05 0.0106595150893554 0.00141737442780823 0.00544493809538835 0.00037407443964339 2.21486824338757e-05 4.87149650911789e-06 3.63681804706695e-05 3.85428146085887e-05 4.11765230867722e-05 4.39577798104329e-05 4.65244361974926e-05 5.0682124193846e-05 1.09868381965694e-05 5.44819626365323e-05 3.92907122531816e-05 5.89217923072094e-05 6.0503197208317e-05 7.70331754586628e-05 6.90205326685844e-05 6.92398665425031e-06 1.46348065696245e-05 7.80876443198353e-05 7.39018322654217e-05 1.90139728281524e-05 1.8594766756086e-05 4.0775105423585e-05 1.93706382841774e-05 2.0617656367572e-05 5.03854346442734e-05 1.9114370521478e-05 2.02079625039597e-05 8.9551088430051e-05 0.00252831252873875 0.00248894637625199 0.00567012081919955 0.00242538719903678 0.00234502508537844 0.00559582587593468 0.00235796147608198 0.00499998293808943
2.37704831054231e-05 1.32076690977923e-05 0.00010851889234984 3.42826102932237e-05 0.000117690529996395 0.000413255995022155 0.000216535646385385 0.000364907623204058 3.87886605304755e-05 2.21936044552007e-05 4.6654559826742e-05 3.60294549272333e-05 4.85856156701159e-06 4.06821462362927e-05 4.17483137439723e-05 4.4211306023223e-05 4.84524001079789e-05 7.01368869693297e-06 1.01189147849623e-05 1.22631937300111e-05 1.46152995745275e-05 2.62879270830019e-05 4.7064023497323e-05 2.8935610689218e-05 6.84379530192736e-05 0.000148458285126918 4.8569453047631e-05 0.000209690309392452 2.03137653908114e-05 0.0001040386282256 1.98073391020182e-05 1.97417246075915e-05 2.02025654537863e-05 1.14698566698435e-05 2.22104955593938e-05 4.18696849093458e-05 6.44706719860055e-05 7.59874983573439e-05 0.00322762829600833 0.00322109449189156 0.00322407063795254 0.00532438616144191 0.00307756767724641 0.00495214268012205 0.00245722088147886 0.00360219785053175
0.000781925247402171 0.000291048151592088 4.74310805850586e-05 0.000519985566438663 0.000399975914149309 0.000682616611847009 2.81201964415168e-05 2.96802634705884e-05 5.60448777971012e-05 3.1865945341758e-05 4.42303655026066e-06 3.68999959220795e-05 3.89093607342073e-05 4.20825803372882e-05 4.34655806515249e-05 4.75668812072727e-05 5.36829783176818e-05 7.33491931173003e-06 8.09181410660331e-06 1.08226665999522e-05 2.33707228295521e-05 3.37717892893608e-05 5.50165973132066e-05 2.53127000072184e-05 2.48336234759283e-05 7.83970817303858e-05 0.000334890530097809 7.38075273139405e-05 0.000142940402331038 2.17115745928531e-05 5.81231906753188e-05 2.12007839446526e-05 2.1384973742955e-05 1.27568370167697e-05 1.60607559875459e-05 8.37364881362879e-05 0.000129974631287011 0.00661385576586326 0.0040354123339057 0.00412014327012003 0.0039144707727246 0.00386511445976794 0.000635729989777189 0.00332991385366768 0.00283494279137813 0.000214006686901824
8.3023785743519e-05 9.84267793482485e-05 0.000197053287366589 5.87071961301366e-05 6.16741307632562e-05 0.00136459812613339 1.89546213488545e-05 7.41862381656855e-06 8.59558523111925e-06 6.14693647360554e-06 3.58707639107059e-05 3.88324886326896e-05 4.18019965278793e-05 4.59269972456822e-05 4.8949981628521e-05 5.11665640735015e-05 5.75124411952066e-05 8.2770713427105e-06 1.32748102050995e-05 1.88288868596231e-05 4.1366600699988e-05 3.09158144183641e-05 4.23760890185587e-05 4.93161603595915e-05 5.78812186791566e-05 6.17357879527658e-05 0.000117879904668805 1.0173372146205e-05 2.19330843494347e-05 5.8679823166552e-05 2.23572184984699e-05 2.38920732877901e-05 2.26486265530901e-05 9.3783532226166e-05 2.58861763341001e-05 0.000132467271531145 0.00148251994222761 0.0093943594765733 0.00484338530804962 0.00462228375254199 0.00801130431773345 0.00449887693393976 0.00396665155421942 0.00719193426876927 0.00343769371975213 0.00296904530259781
5.35594971550757e-05 0.00251038798214722 0.000125092625104772 6.58342037862081e-05 2.15268494140441e-05 2.2235586031738e-05 3.28573753451966e-06 3.27603550366318e-06 4.13792101258137e-06 3.44171313783836e-05 3.93010690702744e-05 2.25415869700707e-05 4.78271488536519e-05 6.45919100442649e-06 7.2454900926e-06 5.83151612250865e-05 1.20306638723644e-05 1.90929049672439e-05 2.43804854188956e-05 8.00162519239089e-05 1.67128597795552e-05 1.72158540010736e-05 5.38289579664619e-05 0.00116209925687443 8.59830283002072e-05 1.96819696088424e-05 6.03657271133984e-05 5.3711324949568e-05 2.49677830151507e-05 5.96884139160148e-05 6.65729910519719e-05 8.17246758304746e-05 2.67203204721178e-05 0.000218466437450615 3.50972200462762e-05 6.37191289838968e-05 0.00118622055503252 0.00051995635416624 0.0103989554023428 0.00488860427867621 0.00853922354217502 0.00483357487246394 0.00407160017639399 0.003845894720871 0.00381361360196024 0.00358385680010542
