Maxent_result_files_1/Bombus_brodmannicus_3.asc
NCOLS 594 
NROWS 330 
XLLCORNER -15 
YLLCORNER 23 
CELLSIZE 0.166666666666667 
NODATA_value -9999 
[rows 280 to 299 of 330, columns 88 to 131 of 594]
1.77369230414115e-13 1.96420657516683e-13 1.17128529097954e-13 1.11977094263693e-13 1.14375175996884e-13 1.1580736369865e-13 1.09134923320653e-13 7.84705633805061e-14 7.66275931596283e-14 8.33555446888567e-14 8.05799871272939e-14 7.63722418639645e-14 7.25419724290077e-14 6.82565115539546e-14 6.30495655684626e-14 5.08482145278322e-14 4.25770529943748e-14 3.90243393155743e-14 3.24296145493008e-14 2.52908805009611e-14 2.6256774532385e-14 2.21045404202869e-14 1.75526260193237e-14 1.31117339208231e-14 1.39555034195382e-14 1.11244347067441e-14 9.22595333463505e-15 7.51620987671231e-15 7.09432512735475e-15 6.3948846218409e-15 7.02771174587724e-15 7.69384556065233e-15 5.340172748447e-15 4.9960036108132e-15 5.10702591327572e-15 5.92859095149834e-15 5.04041253179821e-15 4.81836792687318e-15 4.17443857259059e-15 3.84137166520304e-15 3.95239396766556e-15 3.74145159298678e-15 3.31956684362922e-15 3.27515792264421e-15
1.31339383813156e-13 1.27697852292386e-13 1.27187149701058e-13 1.17372778163372e-13 1.12931886064871e-13 9.93649607039515e-14 8.1690210151919e-14 7.78599407169622e-14 6.71906974503145e-14 6.15840711759574e-14 6.01851901649297e-14 6.25943741283663e-14 6.13287198802936e-14 5.65547608744055e-14 4.79505324335605e-14 4.32764934998886e-14 4.12669898253171e-14 3.8835601401388e-14 3.23296944770846e-14 2.45137243837235e-14 2.74225087082414e-14 2.40141240226421e-14 1.55986334959834e-14 1.46993528460371e-14 1.34559030584569e-14 9.50350909079134e-15 7.67164110015983e-15 6.63913368725844e-15 6.75015598972095e-15 6.09512440519211e-15 6.91668944341472e-15 5.88418203051333e-15 4.82947015711943e-15 4.6074255521944e-15 5.52891066263328e-15 5.79536418854332e-15 5.11812814352197e-15 4.65183447317941e-15 3.95239396766556e-15 3.56381590904675e-15 3.574918139293e-15 3.24185123190546e-15 3.11972669919669e-15 3.04201108747293e-15
9.58788604066285e-14 8.77298234058799e-14 9.6123109472046e-14 9.70556968127312e-14 8.33777491493493e-14 7.05324687544362e-14 6.54143406109142e-14 6.30273611079701e-14 4.98046048846845e-14 5.10036457512797e-14 5.20361531641811e-14 5.54778445405191e-14 5.05595565414296e-14 4.55191440096314e-14 4.57522908448027e-14 4.7661874447158e-14 4.46753745109163e-14 3.79585252119341e-14 3.50386386571699e-14 4.9693582582222e-14 2.73669975570101e-14 2.01283434364541e-14 1.64535052249448e-14 1.50324197534246e-14 1.31006316905768e-14 8.90398865749376e-15 7.50510764646606e-15 6.79456491070596e-15 6.16173778666962e-15 6.22835116814713e-15 6.68354260824344e-15 5.3179682879545e-15 4.35207425653061e-15 4.50750547997814e-15 5.45119505090952e-15 5.58442181386454e-15 5.14033260401447e-15 4.5852210917019e-15 4.19664303308309e-15 3.78586051397178e-15 4.10782519111308e-15 3.75255382323303e-15 3.35287353436797e-15 2.98649993624167e-15
7.21311899098964e-14 7.39519556702817e-14 6.28608276542764e-14 5.94302385081846e-14 5.02820007852733e-14 4.82613948804556e-14 4.82724971107018e-14 4.18665102586147e-14 3.84803300335079e-14 4.16666701141821e-14 4.57522908448027e-14 4.42312853010662e-14 4.41091607683575e-14 4.50306458787964e-14 4.45865566689463e-14 4.37205827097387e-14 3.93574062229618e-14 3.60045326885938e-14 3.25517390820096e-14 3.1685765122802e-14 2.56017429478561e-14 1.89959159513364e-14 1.800781745942e-14 1.68309810533174e-14 1.23678844943242e-14 8.34887714518118e-15 7.24975635080227e-15 6.22835116814713e-15 5.88418203051333e-15 6.38378239159465e-15 5.86197757002083e-15 4.70734562441066e-15 4.27435864480685e-15 5.00710584105946e-15 5.04041253179821e-15 5.30686605770825e-15 5.10702591327572e-15 4.55191440096314e-15 4.25215418431435e-15 3.93018950717305e-15 3.56381590904675e-15 3.23074900165921e-15 2.93098878501041e-15 2.99760216648792e-15
5.74096326033668e-14 4.88942220044919e-14 4.02122779519232e-14 3.73590047786365e-14 3.77586850675016e-14 3.65596442009064e-14 3.47055717497824e-14 2.95097279945367e-14 2.9787283750693e-14 3.28737037591509e-14 3.38395977905748e-14 3.45390382960886e-14 3.83026943495679e-14 3.87134768686792e-14 3.88133969408955e-14 3.7514436002084e-14 3.42503803096861e-14 3.41171535467311e-14 3.3406610810971e-14 1.13331566353736e-13 2.55573340268711e-14 1.71418435002124e-14 2.3214763444912e-14 1.66422431391311e-14 1.00586206031039e-14 7.94919685631612e-15 7.26085858104852e-15 5.80646641878957e-15 6.38378239159465e-15 5.51780843238703e-15 4.72955008490317e-15 4.47419878923938e-15 4.9737991503207e-15 5.07371922253697e-15 4.80726569662693e-15 4.6296300126869e-15 4.2632564145606e-15 3.80806497446429e-15 3.63042929052426e-15 3.45279360658424e-15 3.03090885722668e-15 2.43138842392909e-15 2.74225087082414e-15 2.63122856836162e-15
2.91988655476416e-14 2.92543766988729e-14 2.80775402927702e-14 2.69118061169138e-14 2.68229882749438e-14 2.74114064779951e-14 2.51021425867748e-14 2.14828155264968e-14 2.29150032282632e-14 2.65565347490337e-14 2.74669176292264e-14 3.05311331771918e-14 3.19411164184658e-14 3.23185922468383e-14 3.34843264226947e-14 3.26294546937333e-14 3.42392780794398e-14 3.87689880199105e-14 3.82915921193216e-14 3.27959881474271e-14 2.35811370430383e-14 1.69086966650411e-14 2.55906407176099e-14 1.47548639972683e-14 9.54791801177635e-15 8.29336599394992e-15 6.48370246381091e-15 4.87387907810444e-15 5.25135490647699e-15 5.21804821573824e-15 4.20774526332934e-15 4.80726569662693e-15 5.01820807130571e-15 4.90718576884319e-15 4.37427871702312e-15 4.22994972382185e-15 3.65263375101676e-15 3.19744231092045e-15 3.25295346215171e-15 3.01980662698043e-15 2.72004641033163e-15 2.25375273998907e-15 2.29816166097407e-15 2.27595720048157e-15
1.95288230031565e-14 1.91402449445377e-14 1.91402449445377e-14 2.04725125740879e-14 2.09943173956617e-14 2.02948768901479e-14 1.74971148680925e-14 1.73749903353837e-14 1.97952765290665e-14 2.23709939461969e-14 2.44249065417534e-14 2.53685961126848e-14 2.45692355349547e-14 2.4535928844216e-14 2.42916797787984e-14 2.61235477694299e-14 2.90656387846866e-14 3.27515792264421e-14 4.22439860869872e-14 3.03534974932518e-14 2.23598917159507e-14 1.47104550762833e-14 2.17048601314218e-14 1.24233956455555e-14 1.01363362148277e-14 8.97060203897126e-15 6.56141807553468e-15 5.07371922253697e-15 3.98570065840431e-15 4.40758540776187e-15 4.87387907810444e-15 4.5852210917019e-15 3.96349619791181e-15 3.68594044175552e-15 3.37507799486048e-15 3.39728245535298e-15 3.21964677141295e-15 2.98649993624167e-15 2.97539770599542e-15 2.88657986402541e-15 2.73114864057789e-15 2.34257058195908e-15 2.29816166097407e-15 2.22044604925031e-15
1.36113342819044e-14 1.47437617670221e-14 1.47548639972683e-14 1.53099755095809e-14 1.5976109324356e-14 1.53765888910584e-14 1.36002320516582e-14 1.40554234917545e-14 1.55098156540134e-14 1.52877710490884e-14 1.51878509768721e-14 1.56097357262297e-14 1.56763491077072e-14 1.69531055860261e-14 1.88404847278889e-14 1.96509475358653e-14 1.95621296938953e-14 3.09530179265494e-14 3.60378393793326e-14 2.22377671832419e-14 1.81299419921288e-14 2.34257058195908e-14 1.98618899105441e-14 1.46438416948058e-14 1.04471986617227e-14 6.58362253602718e-15 4.94049245958195e-15 4.40758540776187e-15 3.74145159298678e-15 3.99680288865056e-15 4.29656310529936e-15 4.05231403988182e-15 3.31956684362922e-15 3.1863400806742e-15 3.26405569239796e-15 3.48610029732299e-15 3.51940698806175e-15 3.40838468559923e-15 3.25295346215171e-15 3.13082892944294e-15 2.72004641033163e-15 2.46469511466785e-15 2.4980018054066e-15 2.4535928844216e-15
1.04027897407377e-14 9.64783808399261e-15 9.67004254448511e-15 9.75886038645513e-15 9.9253938401489e-15 8.55981951985996e-15 8.09352584951739e-15 8.47100167788994e-15 8.94839757847876e-15 9.2370555648813e-15 1.04249942012302e-14 1.12354570092066e-14 1.23900889548167e-14 1.3899992268307e-14 1.36890498936282e-14 2.53130849614536e-14 3.59379193071163e-14 2.91655588569029e-14 2.21156426505331e-14 1.83963955180388e-14 1.99729122130066e-14 2.50910403565285e-14 1.62314606200198e-14 1.01030295240889e-14 7.01660951563099e-15 5.62883073484954e-15 5.14033260401447e-15 4.9737991503207e-15 4.34097202628436e-15 3.88578058618805e-15 3.530509218308e-15 3.23074900165921e-15 3.41948691584548e-15 3.33066907387547e-15 3.39728245535298e-15 3.48610029732299e-15 3.574918139293e-15 3.45279360658424e-15 3.41948691584548e-15 3.44169137633799e-15 3.1641356201817e-15 3.00870439673417e-15 2.69784194983913e-15 2.55351295663786e-15
6.62803145701218e-15 6.86117829218347e-15 6.86117829218347e-15 6.17284001691587e-15 4.9515946898282e-15 4.6074255521944e-15 4.59632332194815e-15 5.3179682879545e-15 5.80646641878957e-15 7.28306304154103e-15 8.30446822419617e-15 7.96029908656237e-15 8.80406858527749e-15 1.01474384450739e-14 1.09245945623115e-14 2.85882428840978e-14 2.73892020175026e-14 2.52131648892373e-14 2.21600515715181e-14 2.25597318603832e-14 2.77333711551364e-14 1.95288230031565e-14 1.13575815419154e-14 5.50670620214078e-15 4.92939022933569e-15 6.0063065632221e-15 6.49480469405717e-15 5.07371922253697e-15 4.03010957938932e-15 3.50830475781549e-15 3.49720252756924e-15 3.39728245535298e-15 3.44169137633799e-15 3.34177130412172e-15 3.36397576461422e-15 3.50830475781549e-15 3.64153152077051e-15 3.59712259978551e-15 3.51940698806175e-15 3.44169137633799e-15 2.98649993624167e-15 3.08642000845794e-15 2.88657986402541e-15 2.8643754035329e-15
4.31876756579186e-15 4.35207425653061e-15 3.63042929052426e-15 2.57571741713036e-15 2.50910403565285e-15 2.85327317328665e-15 3.09752223870419e-15 4.41868763800812e-15 4.35207425653061e-15 4.76285677564192e-15 4.42978986825437e-15 6.56141807553468e-15 7.80486786311485e-15 9.75886038645513e-15 2.5068835896036e-14 2.67341704329738e-14 2.65343302885412e-14 2.02160510553995e-13 9.5368157815301e-15 1.58317803311547e-14 2.29594121492482e-14 1.82631687550838e-14 2.35478303522996e-14 6.52811138479592e-15 4.9960036108132e-15 8.80406858527749e-15 7.73825448163734e-15 4.2410519540681e-15 3.37507799486048e-15 2.63122856836162e-15 3.10862446895044e-15 3.15303338993544e-15 3.45279360658424e-15 3.56381590904675e-15 3.49720252756924e-15 3.61932706027801e-15 3.74145159298678e-15 3.75255382323303e-15 3.69704267200177e-15 3.76365605347928e-15 3.09752223870419e-15 3.17523785042795e-15 3.1863400806742e-15 3.23074900165921e-15
2.8421709430404e-15 2.68673971959288e-15 2.17603712826531e-15 1.11022302462516e-15 2.09832151654155e-15 2.58681964737661e-15 2.77555756156289e-15 3.17523785042795e-15 2.83106871279415e-15 3.54161144855425e-15 3.76365605347928e-15 3.68594044175552e-15 1.11133324764978e-14 1.73416836446449e-14 2.14717132962505e-14 1.74082970261225e-14 1.34448008282106e-14 1.66533453693773e-16 9.99200722162641e-17 1.22124532708767e-16 1.75748304798162e-14 9.59232693276135e-15 9.05941988094128e-15 7.37188088351104e-15 1.98285832198053e-14 6.26165785888588e-15 8.00470800754738e-15 5.15143483426073e-15 4.20774526332934e-15 3.29736238313671e-15 2.70894418008538e-15 3.07531777821168e-15 3.67483821150927e-15 3.73034936274053e-15 3.59712259978551e-15 3.88578058618805e-15 3.97459842815806e-15 4.00790511889682e-15 4.11892742135933e-15 4.07451850037432e-15 3.50830475781549e-15 3.29736238313671e-15 3.43058914609173e-15 3.41948691584548e-15
2.54241072639161e-15 2.37587727269783e-15 9.54791801177635e-16 9.10382880192628e-16 1.92068583260152e-15 2.17603712826531e-15 2.30926389122033e-15 2.35367281220533e-15 2.83106871279415e-15 3.11972669919669e-15 3.21964677141295e-15 4.08562073062058e-15 1.20348175869367e-14 1.55986334959834e-14 1.48658862997308e-14 9.99200722162641e-15 3.21964677141295e-16 1.47659662275146e-15 1.22124532708767e-16 1.55431223447522e-16 4.88498130835069e-16 8.11584133231236e-12 1.99840144432528e-16 7.8159700933611e-15 4.68403094089354e-14 8.07132138902489e-15 8.78186412478499e-15 6.03961325396085e-15 5.17363929475323e-15 3.66373598126302e-15 2.58681964737661e-15 2.8643754035329e-15 3.50830475781549e-15 3.61932706027801e-15 3.98570065840431e-15 4.44089209850063e-15 4.39648317751562e-15 4.20774526332934e-15 4.35207425653061e-15 4.37427871702312e-15 3.95239396766556e-15 3.40838468559923e-15 3.48610029732299e-15 3.41948691584548e-15
1.87627691161651e-15 8.65973959207622e-16 4.21884749357559e-16 1.16573417585641e-15 1.75415237890775e-15 1.75415237890775e-15 1.65423230669148e-15 1.73194791841524e-15 2.34257058195908e-15 3.14193115968919e-15 3.46389583683049e-15 7.73825448163734e-15 1.02695629777827e-14 1.00031094518727e-14 7.36077865326479e-15 7.4495964952348e-15 2.39364084109184e-14 1.43218770176645e-15 1.22124532708767e-16 1.7430501486615e-15 9.6034291630076e-15 1.88737914186277e-14 4.44089209850063e-17 8.39328606616618e-15 8.62643290133747e-15 4.10782519111308e-16 9.03721542044877e-15 7.40518757424979e-15 5.92859095149834e-15 4.46309655899313e-15 2.79776202205539e-15 3.13082892944294e-15 3.33066907387547e-15 3.13082892944294e-15 3.81916720471054e-15 4.2854608750531e-15 4.01900734914307e-15 3.93018950717305e-15 3.97459842815806e-15 3.9190872769268e-15 4.01900734914307e-15 3.51940698806175e-15 3.45279360658424e-15 3.39728245535298e-15
8.65973959207622e-16 4.66293670342566e-16 5.88418203051333e-16 1.37667655053519e-15 1.58761892521397e-15 7.105427357601e-16 4.9960036108132e-16 1.84297022087776e-15 2.97539770599542e-15 4.2632564145606e-15 5.37347943918576e-15 7.87148124459236e-15 6.86117829218347e-15 4.78506123613442e-15 1.82964754458226e-14 4.44089209850063e-17 8.54871728961371e-16 9.67004254448511e-15 6.66133814775094e-17 1.22124532708767e-16 4.44089209850063e-17 1.11022302462516e-16 3.44169137633799e-16 9.9475983006414e-15 7.88258347483861e-15 1.07025499573865e-14 4.44089209850063e-17 8.75965966429249e-15 8.01581023779363e-15 5.36237720893951e-15 3.40838468559923e-15 3.46389583683049e-15 3.07531777821168e-15 3.63042929052426e-15 3.25295346215171e-15 3.94129173741931e-15 3.8746783559418e-15 3.99680288865056e-15 3.50830475781549e-15 3.50830475781549e-15 3.38618022510673e-15 3.27515792264421e-15 3.31956684362922e-15 3.61932706027801e-15
8.99280649946377e-16 8.65973959207622e-16 1.0547118733939e-15 1.23234755733392e-15 6.10622663543836e-16 2.22044604925031e-16 3.77475828372553e-16 1.00475183728577e-14 2.89768209427166e-15 3.50830475781549e-15 2.55351295663786e-15 4.04121180963557e-15 9.02611319020252e-15 2.75335310107039e-15 1.79856129989275e-15 1.77635683940025e-16 2.44249065417534e-16 1.11022302462516e-16 5.55111512312578e-17 5.55111512312578e-17 4.44089209850063e-17 4.44089209850063e-17 9.99200722162641e-17 4.44089209850063e-17 3.33066907387547e-17 1.26343380202343e-14 6.55031584528842e-16 4.68514116391816e-15 7.53841433720481e-15 6.79456491070596e-15 4.94049245958195e-15 4.70734562441066e-15 4.01900734914307e-15 3.49720252756924e-15 3.51940698806175e-15 3.56381590904675e-15 3.61932706027801e-15 3.44169137633799e-15 3.27515792264421e-15 3.1641356201817e-15 3.47499806707674e-15 3.54161144855425e-15 3.70814490224802e-15 3.51940698806175e-15
1.31006316905768e-15 1.24344978758018e-15 1.28785870856518e-15 1.33226762955019e-15 3.5527136788005e-16 1.23234755733392e-15 1.88737914186277e-16 7.60502771868232e-15 2.18713935851156e-15 2.4980018054066e-15 2.66453525910038e-15 2.4980018054066e-15 5.55111512312578e-17 1.88737914186277e-16 5.37347943918576e-15 1.28452803949131e-14 1.99840144432528e-16 3.10862446895044e-16 7.7715611723761e-17 4.44089209850063e-17 3.33066907387547e-17 4.44089209850063e-17 4.44089209850063e-17 3.33066907387547e-17 2.22044604925031e-17 4.55191440096314e-15 1.22346577313692e-14 1.05582209641852e-14 9.65894031423886e-15 7.12763181809351e-15 4.92939022933569e-15 5.90638649100583e-15 6.29496454962464e-15 4.45199432874688e-15 3.81916720471054e-15 3.56381590904675e-15 3.40838468559923e-15 3.2085445411667e-15 3.36397576461422e-15 3.93018950717305e-15 4.9737991503207e-15 4.66293670342566e-15 4.59632332194815e-15 4.57411886145565e-15
1.0769163338864e-15 1.43218770176645e-15 1.49880108324396e-15 1.37667655053519e-15 6.10622663543836e-16 1.88737914186277e-16 2.34257058195908e-15 4.10782519111308e-15 1.93178806284777e-15 2.19824158875781e-15 1.0325074129014e-15 2.22044604925031e-17 6.99440505513849e-16 6.30606677987089e-15 3.33066907387547e-17 9.99200722162641e-16 5.99520433297585e-16 9.32587340685132e-16 4.44089209850063e-17 8.88178419700125e-17 3.33066907387547e-17 4.44089209850063e-17 3.33066907387547e-17 3.33066907387547e-17 3.33066907387547e-17 1.38777878078145e-15 1.24567023362943e-14 9.03721542044877e-15 7.78266340262235e-15 6.57252030578093e-15 7.27196081129478e-15 9.47020240005258e-15 6.25055562863963e-15 5.00710584105946e-15 4.31876756579186e-15 3.71924713249427e-15 3.78586051397178e-15 3.73034936274053e-15 4.07451850037432e-15 5.42899059041702e-15 5.87307980026708e-15 4.91828799908944e-15 5.01820807130571e-15 5.83977310952832e-15
9.76996261670138e-16 1.45439216225896e-15 1.4210854715202e-15 1.37667655053519e-15 1.4432899320127e-15 1.64313007644523e-15 1.97619698383278e-15 1.11022302462516e-17 2.63122856836162e-15 1.55431223447522e-16 2.17270645919143e-14 5.45119505090952e-15 6.70019595361282e-14 5.28466159721575e-15 6.79456491070596e-15 1.77635683940025e-16 7.88258347483861e-16 8.42659275690494e-15 1.4432899320127e-16 4.44089209850063e-17 3.33066907387547e-17 3.33066907387547e-17 4.44089209850063e-17 4.44089209850063e-17 3.88578058618805e-16 1.28119737041743e-14 1.29007915461443e-14 7.97140131680862e-15 7.07212066686225e-15 5.83977310952832e-15 8.78186412478499e-15 9.34807786734382e-15 7.88258347483861e-15 6.18394224716212e-15 6.3504757008559e-15 5.42899059041702e-15 4.07451850037432e-15 4.2410519540681e-15 5.55111512312578e-15 4.27435864480685e-15 3.84137166520304e-15 6.0507154842071e-15 5.97299987248334e-15 6.15063555642337e-15
1.06581410364015e-15 1.14352971536391e-15 1.32116539930394e-15 1.28785870856518e-15 1.22124532708767e-15 1.50990331349021e-15 1.59872115546023e-15 2.80886425230165e-15 2.37587727269783e-15 7.39297512097892e-14 2.91988655476416e-14 1.48769885299771e-13 1.10299547273485e-12 1.16329168520224e-12 1.10800257857591e-14 9.99200722162641e-17 2.22044604925031e-17 4.44089209850063e-17 4.44089209850063e-17 3.33066907387547e-17 3.33066907387547e-17 3.33066907387547e-17 4.44089209850063e-17 4.44089209850063e-17 1.47659662275146e-15 6.86117829218347e-15 6.58362253602718e-15 5.32907051820075e-15 5.10702591327572e-15 7.16093850883226e-15 8.77076189453874e-15 1.2223555501123e-14 1.15241149956091e-14 8.80406858527749e-15 7.62723217917483e-15 7.20534742981727e-15 5.52891066263328e-15 3.67483821150927e-15 3.78586051397178e-15 3.1863400806742e-15 2.99760216648792e-15 3.27515792264421e-15 3.41948691584548e-15 3.27515792264421e-15
