Maxent_result_files_1/Bombus_norvegicus_3.asc
NCOLS 594 
NROWS 330 
XLLCORNER -15 
YLLCORNER 23 
CELLSIZE 0.166666666666667 
NODATA_value -9999 
[rows 120 to 139 of 330, columns 315 to 359 of 594]
0.0604526173323393 0.0357068104669452 0.0467626955360174 0.02461340688169 0.0230427224189043 0.192808754742146 0.0495967425405979 0.0250338282436132 0.0419385589659214 0.0503073271363974 0.0459492575377226 0.0398400275036693 0.0267043251544237 0.0359424404799938 0.0307300835847855 0.0386237539350986 0.0183755436912179 0.0224840719252825 0.0111329578328878 0.0189395111054182 0.0294847412034869 0.0232767021283507 0.037914314866066 0.0324177136644721 0.0211282853037119 0.033898089081049 0.0541524238884449 0.0424571411684155 0.0336192714050412 0.0173509513959289 0.0432279227301478 0.0368252977728844 0.0383229527622461 0.050342296436429 0.0413649085909128 0.061906360834837 0.0341786555945873 0.0349913295358419 0.0135496544651687 0.0261878471821547 0.0556846924126148 0.0366160033270717 0.0558994095772505 0.0572498988360167 0.0434196477755904
0.00773936570622027 0.0215538092888892 0.00957611370831728 0.0215829394757748 0.0223604230210185 0.0944877214729786 0.0563417799770832 0.0572718169540167 0.0333093766123056 0.0421551410108805 0.0358862169086933 0.0478644050657749 0.0247210666537285 0.729794198274612 0.0116775044240057 0.00584626523777843 0.0264152802526951 0.0219757399521768 0.0681119732558727 0.00789260915480554 0.393997624516487 0.0178340925835073 0.0320195466279984 0.03211435880512 0.0195060102269053 0.0325187467038631 0.0356409542262554 0.0354334108531475 0.0285047797486186 0.0300866592675447 0.0473836505785584 0.0488726671785116 0.0235181389376521 0.0585838060826063 0.0442144606262445 0.0423396911472082 0.0338668456301093 0.0225905491039157 0.0170837882906199 0.0571390310302377 0.0585591634735465 0.045620695874095 0.058320970647037 0.0594898695126176 0.0580725058913231
0.0212288692593575 0.0168043838813901 0.0155213580466807 0.0236189555376768 0.0417564999312162 0.0578135378658772 0.0555185414850712 0.0541319318115711 0.0547878883779049 0.0596947710961103 0.0540558025240898 0.0283487845212221 0.0163909747265279 0.10231257379055 1 0.0318058917298913 0.0352440748363733 0.0110266827978194 0.0136476276442409 0.0230303460732102 0.0154757658950984 0.0191967289894819 0.0126084889285266 0.0144819170236588 0.0279925528913736 0.0319616200402379 0.0311916122213006 0.0320032596588135 0.0305349379777908 0.0357801429927349 0.0546659599989653 0.0577018864452839 0.0456683497875929 0.0392599247395992 0.0477820537984371 0.0554513327777386 0.0286579782143235 0.0234413513913751 0.030953311547637 0.047609531134367 0.0579991038888693 0.0579126546159387 0.0603146351873875 0.0610680520534515 0.0593927688896656
0.0133275493048131 0.00769747239537537 0.0159641419537365 0.0219507309608161 0.0374983832240105 0.0497642878443003 0.0554668348282576 0.0536465644836426 0.0521998222917318 0.0453194253146648 0.0394920082762837 0.0219852712005377 0.0151120117865503 0.0140548331663012 0.0272133270278573 0.018668869137764 0.0194282340817153 0.0130545329302549 0.0110443849582225 0.0071437690872699 0.00569500755518675 0.0104940596967936 0.00607758169062436 0.0140766712836921 0.0241368673741817 0.0479827012866735 0.0108667787630111 0.272497197985649 0.0542446620762348 0.0511503737419844 0.0371004018932581 0.048849767819047 0.0226898834109306 0.0668700911104679 0.0607787178829312 0.130081159621477 0.0427380530163646 0.0323954919353127 0.0383939281105995 0.0447506088763475 0.0380055358633399 0.0582471249625087 0.0601261634379625 0.0397654032334685 0.0289435157552361
0.0144587556365877 0.0419681947678328 0.0235993430018425 0.0487138856202364 0.0282014351338148 0.0544826995581389 0.0326146086677909 0.0318213270977139 0.0306260667741299 0.0292140927165747 0.00993072744458914 0.0531947501003742 0.00487269395962358 0.0232424771413207 0.0387675758451223 0.0325992772355676 0.0107744770590216 0.014303423371166 0.015632442291826 0.0218521237373352 0.0371062211692333 0.0206751844845712 0.00977243185043335 0.014505080319941 0.00985342636704445 0.0179475729353726 0.0193635359406471 0.0273736635223031 0.0136575754731894 0.0304602354764938 0.0244374256581068 0.0110204121563584 0.0103813995607197 0.023351146094501 0.030649227835238 0.0359672235324979 0.0352554364129901 0.03173559140414 0.0336755262687802 0.0375657223165035 0.0289779154583812 0.0346979860216379 0.0384662706404924 0.0593843180686235 0.0369408847764134
0.287213717401028 0.100401999056339 0.020396694727242 0.0202814619988203 0.029297742433846 0.0552185371518135 0.0557583022862673 0.0431109573692083 0.0357978826388717 0.0354680413380265 0.0133044348098338 0.0297564674168825 0.0156873076222837 0.0153994955122471 0.0259153911843896 0.0299156177788973 0.0447118103504181 0.0111496740020812 0.0120375514030457 0.0226291866973042 1 0.0501565497368574 0.0232263047248125 0.026503779552877 0.0141623498871922 0.0226510967127979 0.0213983699679375 0.0291370591148734 0.0177739633247256 0.0284564107656479 0.031561291962862 0.0391419317573309 0.020438679959625 0.0111811218783259 0.0151689167134464 0.0298155926167965 0.0276780031621456 0.0156803739257157 0.0305445905774832 0.0314135292544961 0.0378404332324862 0.0436652608215809 0.032142636552453 0.0388245822861791 0.0394853089004755
0.0673647258430719 0.0529922991991043 0.0433788254857063 0.0416561111807823 0.0196484663523734 0.0593636814504862 0.0633469425141811 0.0296337082982063 0.0612859681248665 0.0854697175323963 0.0434245623648167 0.0123365733772516 0.0162089467048645 0.00813660812564194 0.00645475077908486 0.0116002187598497 0.0291545409709215 0.020761251449585 0.0433738699182868 0.0296071985736489 0.0697949431836605 0.15083339959383 0.0200967385433614 0.0402164233848453 0.00864336378872394 0.00950115467421711 0.0342214623466134 0.0193692672066391 0.00844419463537633 0.0285367403179407 0.0270732033997774 0.0321749694645405 0.0300509259104729 0.0176574723795056 0.0319424360059202 0.0449039783328772 0.021546995639801 0.0227943912148476 0.0316822910681367 0.0338793909177184 0.0330740848556161 0.0295055143535137 0.0245886776596308 0.0185221740044653 0.018191962596029
0.038723036646843 0.0203351500444114 0.0346776496618986 0.0710467699915171 0.0608912698924542 0.0858176529407501 0.0538376681506634 0.108032160997391 0.0262133698910475 0.0178412707522511 0.0156070889905095 0.0228350760415196 0.0387845914810896 0.0415162408724427 0.0350173387676477 0.0420461125671864 0.0259343326091766 0.0232299735769629 0.0365871081128716 0.0307448850944638 0.0188012685626745 0.0238024508580565 0.0257787799462676 0.0148568251170218 0.0203884403221309 0.0307766128331423 0.0313448306173086 0.029175559617579 0.0341215973719955 0.0265015000477433 0.0487304273992777 0.036542447656393 0.0347307153046131 0.0330948572605848 0.00495899063535035 0.0669939883053303 0.0206770128570497 0.0350362692028284 0.0319501996040344 0.0274821817874908 0.0315127924084663 0.0423370599746704 0.0405000431463122 0.0310052193701267 0.0348077427595854
0.0642477702349424 0.0244937930256128 0.0175466732122004 0.0231692021712661 0.0443080347031355 0.0509705264121294 0.0516537960618734 0.0477914720773697 0.0276211431249976 0.0114743106998503 0.00840667439624667 0.0147275146096945 0.00201407811837271 0.00704000224359333 0.00233027664362453 0.00580489023122936 0.00975907379761338 0.0102794150356203 0.0137942724861205 0.032188867405057 0.0279385272413492 0.0151579986326396 0.0209455189295113 0.0179035336710513 0.0302329666912556 0.0297176938503981 0.0370404347777367 0.0260792477056384 0.0374158071354032 0.0784693315625191 0.0320014096796513 0.0619990780949593 0.0388433765619993 0.0305328017100692 0.12966526299715 0.143201497197151 0.0353596473112702 0.00347795519046485 0.0142794048413634 0.0111391747370362 0.0466859159991145 0.0555328017100692 0.0431485140696168 0.044595162756741 0.0577854035422206
0.0786524381488562 0.0588496882468462 0.0558523077517748 0.0711396593600511 0.573071485757828 0.0549265928566456 0.0401249866932631 0.038820063509047 0.0122081318870187 0.0136723469011486 0.0317180670797825 0.0109539223834872 0.0114191239699721 0.00787645250093192 0.00850835652090609 0.00354788111289963 0.00172542771324515 0.00151641244010534 0.0137787888757885 0.0207596004940569 0.0223396105691791 0.0257402995601296 0.0586399234831333 0.0502779774367809 0.0464570075273514 0.0351637387648225 0.0112311007454991 0.0670980360358953 0.178197910636663 0.125440173596144 0.100574490427971 0.0467679552733898 0.0716140866279602 0.0417796226218343 0.0585139654576778 0.0394099842756987 0.051976334117353 0.126320997625589 0.361780923604965 1 0.0346712380647659 0.0334388868883252 0.0408356266096234 0.0565602734684944 0.0236375775188208
0.0432916723191738 0.0658091019839048 0.0798108752816915 0.13017703294754 0.0597206763923168 0.0509218670427799 0.0513394836336374 0.0545444779098034 0.0618686396628618 0.0374611617997289 0.0493628866970539 0.0418613400310278 0.0202471377328038 0.00816980274394155 0.00872942758724093 0.00513924702536315 0.00520290702115744 0.0102902945131063 0.00937325013801455 0.00835846085101366 0.0119823468849063 0.0394533023238182 0.0394240906462073 0.0361129742115736 0.0367465687915683 0.0404367877170444 0.027030929364264 0.00716193201951683 0.0102935706265271 0.023543187789619 0.0224117521196604 0.0352945042774081 0.0261262705549598 0.0218232898041606 0.0312754167243838 0.72821119427681 0.0852299403399229 0.161809633672237 0.8174784719944 0.104939357936382 0.00867837760597467 0.0212711742147803 0.0243035115301609 0.0341697711497545 0.058939808793366
0.148138254135847 0.251141341030598 0.160808088630438 0.0638596385717392 0.0935964725911617 0.0806638091802597 0.0493467755615711 0.0668189484626055 0.067982629314065 0.0437307476997375 0.0514722615480423 0.0506168533116579 0.0352314162999392 0.0461042400449514 0.00981787168420851 0.00925810979679227 0.0124298361130059 0.296031231433153 0.0445621896535158 0.0463793326169252 0.0358717069029808 0.0410622993484139 0.0401182388886809 0.0574488870799541 0.0403507744893432 0.0332539211958647 0.0176535363309085 0.009256262332201 0.0266578506678343 0.0226043538190424 0.0193946317303926 0.0719214901328087 0.059790900349617 0.00498444903641939 0.00593343027867377 0.00520393385086209 0.00548622573260218 0.00503326114267111 0.00337620639475063 0.00730323665775359 0.00654784706421196 0.00283253743546084 0.0281892240047455 0.0380125466734171 0.00798972127959132
0.868096649646759 1 0.633272990584373 0.410676634311676 0.11135433614254 0.247454519569874 0.0620530370622873 0.0409373469650745 0.0643610425293446 0.0521358285099268 0.0464421816170216 0.0555639125406742 0.0476484214887023 0.0437922649085522 0.0352872991934419 0.0833033207803965 0.0962628591805696 0.0439700111746788 0.0327748807147145 0.0258046563714743 0.0229845458641648 0.0546641442924738 0.0427338996902108 0.0935330204665661 0.0590453304350376 0.044685060530901 0.0358728732913733 0.0143141458742321 0.0182263704016805 0.0250921741127968 0.00396624321583658 0.00816840757615864 0.00236492911935784 0.0154101335443556 0.00217083969037049 0.00280838835751638 0.0110311086755246 0.0341385947540402 0.00564381922595203 0.00292103616520762 0.00258890097029507 0.00349934773985296 0.00337615363532677 0.00121109608153347 0.00227125082165003
1 1 0.994124960899353 0.311992111802101 0.0375086037442088 0.15290479362011 0.0468587962910533 0.0356499388813972 0.0542269729077816 0.032988471724093 0.0373451698571444 0.0877261370420456 0.0480152640491724 0.100835408270359 0.107663479074836 0.0752410504966974 0.0666854042559862 0.0276001011952758 0.0707904785871506 0.0462477318942547 0.0383739786222577 0.0386904124170542 0.0378822484984994 0.0521532416343689 0.0263494933024049 0.00742755318060517 0.00729221836663783 0.0415719280019402 0.00989385661669076 0.0170884169638157 0.0268227839842439 0.00834359852597117 0.00921165430918336 0.0154990833252668 0.0328601609915495 0.0404881609603763 0.0444695353507996 0.0408529322594404 0.0161065277643502 0.00903336079791188 0.0025182347279042 0.00121859549544752 0.00214533555554226 0.000804206711472943 0.00251501523889601
0.97684839963913 0.857093650102615 0.280070877075195 0.187401555478573 0.0886589072644711 0.0628970094025135 0.0540715489536524 0.0478625014424324 0.061332581192255 0.0505593404173851 0.077378972992301 0.047546124458313 0.125071126967669 0.0372822649776936 0.0716836102306843 0.0570449277758598 0.0633898947387934 0.0562019728124142 0.116456720232964 0.111966752260923 0.179848802089691 0.125287428498268 0.048841118440032 0.0313934464007616 0.0213240535929799 0.0132323750294745 0.00836380594410002 0.132813158165663 0.0164010888896883 0.0422075588256121 0.0355429319664836 0.0437733000144362 0.0574738511815667 0.0379434764385223 0.0375763162970543 0.0321212852373719 0.0110580811742693 0.00655099775176495 0.00992024540901184 0.00740919881500304 0.00323875915491954 0.000773146291612647 0.00126673642953392 0.000749796467425767 0.000712287044734694
0.407710441946983 0.0746187679469585 0.0286982441321015 0.0200881500728428 0.0156407007016242 0.00694301435723901 0.010308076068759 0.025973585806787 0.0239724315702915 0.0589184235781431 0.0464599218219519 0.0759807806462049 0.0869205188006163 0.106936747580767 0.0410948742181063 0.10174413472414 0.0478801060467958 0.0513123702257872 0.0680989403277636 0.0446209829300642 0.055258871987462 0.052650349214673 0.0506226947531104 0.0251087075099349 0.0356854917481542 0.0304980624467134 0.00497148986905813 0.155576722696424 0.0372599793598056 0.0537400156259537 0.110594657808542 0.0407513815909624 0.0362381480634213 0.0199931158684194 0.012584935920313 0.00442196424119174 0.00345951446797699 0.0215066632255912 0.0329107465222478 0.00412760582985356 0.000747089998912998 0.000809076501172967 0.00279139437479898 0.000957955783815123 0.000738603869103827
0.064363469555974 0.0283405430614948 0.0114726107567549 0.0176171261817217 0.00949687757529318 0.00910590025596321 0.0050637342967093 0.0665969558060169 0.0622358903288841 0.0541155276820064 0.0181992335245013 0.018940244615078 0.0814688611775637 0.0529810175299644 0.100635085999966 0.0185867099091411 0.0966535970568657 0.0527063321322203 0.0752727683633566 0.0533277951180935 0.0585140164941549 0.0586606033146381 0.0560078918933868 0.0717855412513018 0.0221484619192779 0.008813301846385 0.00845068031921983 0.0591221418231726 0.13801811337471 0.0554322768002748 0.038882558979094 0.0293221995234489 0.0254843026399612 0.000938387881615199 0.000588261803204659 0.00049208638156415 0.0004320883017499 0.000424070295412093 0.00171116106794216 0.0123220720328391 0.00935963457450271 0.00605253120884299 0.000917713755916338 0.00083288999448996 0.00165946691995487
0.0464478060603142 0.0444486565887928 0.0209812787361443 0.0146522606723011 0.0121354333590716 0.0123515952844173 0.0095832905266434 0.0934220429509878 0.104541642963886 0.00927189560607076 0.0111145017202944 0.0864044044166803 0.0797550614923239 0.0751906495541334 0.0814851619303227 0.0558967862278223 0.0371386839076877 0.0271704236976802 0.0261802157387137 0.0364920988678932 0.0327625244855881 0.0895110923796892 0.0638250485062599 0.0225350985303521 0.0109030881896615 0.00739280632697046 0.0809874974191189 0.0664400886744261 0.0434035558253527 0.0411457546055317 0.0456290945410728 0.0207885952666402 0.0312624638900161 0.0097912774886936 0.00234378884197213 0.00179625364253297 0.0028555236523971 0.00691614761017263 0.0163678099401295 0.0316698353737593 0.00782284527085722 0.00335086251143366 0.000840128296113107 0.000925018796988297 0.000777917153027374
0.0776768643409014 0.0621320974081755 0.0525482125580311 0.101506341248751 0.0329102836549282 0.0256165193393826 0.0361707385629415 0.0136896726675332 0.013807886838913 0.00836352456826717 0.00659727957099676 0.032581982575357 0.0237162746489048 0.0419452853500843 0.0790894661098719 0.148622442036867 0.128008773177862 0.101564183831215 0.100457309931517 0.0545517170801759 0.0417409356683493 0.0106542692519724 0.010430473042652 0.024661900755018 0.0119817031547427 0.00324173291446641 0.0700710520148277 0.050788801535964 0.0406678410246968 0.0602358600124717 0.02294428832829 0.013676948286593 0.0112193775363266 0.0145357917062938 0.0923946931958199 0.0443804188631475 0.0662290014326572 0.0404315667226911 0.0259637733921409 0.0216689864173532 0.0095177763607353 0.024962224625051 0.00139194348012097 0.00109125126036815 0.00464211552171037
0.00876751043833792 0.0033911814854946 0.00791286297608167 0.00260026661562733 0.00347452038549818 0.00529822944663465 0.00761600458063185 0.00333543921587989 0.00284838340594433 0.00264725040178746 0.00177148620714433 0.00199801162234507 0.00809695683419704 0.00821490518283099 0.0406462326645851 0.0963055733591318 0.0845414105802774 0.0878137577325106 0.110489394143224 0.103743442520499 0.024837541859597 0.0102893424220383 0.0286992842331529 0.0113607627339661 0.0153784540481865 0.00496591990813613 0.00645713533740491 0.0141513633541763 0.00449863434769213 0.00812480137683451 0.00158838073548395 0.00503072128631175 0.00723736642394215 0.0229985819198191 0.0322389347478747 0.0150898241437972 0.0213429140858352 0.00530792705249041 0.00781439787242562 0.0145350838080049 0.0176194117404521 0.0024696547887288 0.00187022956088185 0.00318094064714387 0.00415667896158993
