Maxent_result_files_1/Bombus_balteatus_2.asc
NCOLS 594 
NROWS 330 
XLLCORNER -15 
YLLCORNER 23 
CELLSIZE 0.166666666666667 
NODATA_value -9999 
[rows 240 to 259 of 330, columns 308 to 351 of 594]
1.11760199497102e-06 2.65246931399066e-06 5.75851396679816e-05 2.9138794734096e-06 4.40492912954227e-06 2.42875201431625e-06 4.37325061319882e-07 4.01799093696642e-07 1.93187813748441e-06 2.40099416888295e-06 1.18509126885491e-05 1.0954642748473e-10 9.18154441365004e-15 1.32005517627931e-14 2.84772205816353e-14 4.2410519540681e-15 3.74145159298678e-15 2.97539770599542e-15 6.48370246381091e-15 4.68514116391816e-15 3.39728245535298e-15 4.91828799908944e-15 3.31956684362922e-15 1.69975145070111e-14 2.63122856836162e-15 4.29656310529936e-15 3.60822483003176e-15 1.43218770176645e-15 5.95079541199084e-15 2.52020626589911e-15 1.24344978758018e-15 1.25455201782643e-15 1.765254609154e-15 1.44440015503733e-14 2.53130849614536e-15 1.58058011123785e-12 1.39667988285908e-10 3.57501895864587e-09 2.51840321596752e-08 2.31717424725719e-07 6.5984703455646e-07 2.41509049606625e-06 4.55570776169978e-07 6.6335256010408e-07
2.36916153362188e-11 3.71305117256804e-05 3.32542834335925e-07 1.02766253196052e-06 2.21067484641901e-05 1.64832880681365e-06 2.15427675698265e-13 4.54158932683413e-13 1.03261843520386e-13 2.02504679691629e-14 4.6074255521944e-15 1.60982338570648e-15 1.4210854715202e-15 1.12576614696991e-14 3.06421554796543e-15 1.88182802673964e-14 3.24185123190546e-15 9.5368157815301e-15 8.870681966755e-15 9.39248678832882e-15 2.56794585595799e-14 8.15014722377327e-14 9.99200722162641e-15 8.17124146124115e-15 1.2223555501123e-14 6.01740879346835e-15 5.47339951140202e-15 4.94049245958195e-15 6.29496454962464e-15 1.21902488103842e-14 3.60822483003176e-15 1.65749636238388e-12 1.60982338570648e-15 1.09912079437891e-15 9.83618063665759e-09 1.53922153356412e-07 1.16591760246365e-08 8.14403114723916e-08 5.68397654499009e-09 1.43649679074098e-07 1.58936742136184e-06 1.73636508769004e-06 2.25721336999385e-06 6.49528220029172e-06
2.19010698465638e-11 1.37082567519542e-12 6.74016398249933e-14 2.57016630200724e-14 2.88414847560148e-12 7.69463381899982e-12 2.36144437337771e-14 6.26165785888588e-14 1.32671651442706e-14 6.32827124036339e-15 4.72955008490317e-15 1.11022302462516e-17 7.7715611723761e-17 1.0369483049999e-14 1.9328982858724e-14 1.49880108324396e-14 3.59712259978551e-15 3.85247389544929e-15 4.09672296086683e-15 4.46309655899313e-15 2.65787392095262e-14 6.64128857796875e-08 1.0857981180834e-14 8.88178419700125e-15 1.04249942012302e-14 2.62456723021387e-14 1.09604841425082e-08 1.97391809142466e-07 1.62036917883412e-08 9.03686480091537e-09 1.0081048007482e-08 1.02389061706898e-07 6.61763976950169e-12 1.18793863634892e-15 3.19532178494342e-11 5.13680812663786e-08 3.5696713251987e-09 6.62656693961594e-09 1.26552811896552e-08 1.73443205175872e-07 2.399668244224e-07 4.32878423417549e-07 4.36007966486685e-07 1.00557685334124e-07
2.80520051632038e-13 2.62179393639705e-08 2.63256083599117e-13 1.30007116183606e-14 3.530509218308e-15 4.42756942220512e-14 2.76445533131664e-14 1.64424029946986e-14 3.63153951354889e-14 1.46993528460371e-14 9.43689570931383e-15 5.340172748447e-15 3.574918139293e-14 5.60662627435704e-15 1.01696429055664e-14 1.72306613421824e-14 1.74860126378462e-14 2.1183055309848e-14 1.45439216225896e-14 3.530509218308e-15 5.71764857681956e-15 8.79296635503124e-15 8.37108160567368e-15 1.43107747874183e-14 1.67199587508549e-14 3.02261077056443e-08 2.74934115473968e-08 1.62954178506425e-07 1.17177722191997e-08 6.03961325396085e-15 1.3085663196355e-07 6.84406727957665e-09 1.04360964314765e-15 1.92068583260152e-15 2.88657986402541e-16 1.37667655053519e-15 5.50670620214078e-15 5.09015274374747e-11 2.48800979818498e-14 1.76060467982353e-08 5.45098940429867e-09 4.31385394628059e-08 5.47439571119135e-08 1.80880228572988e-08
5.04485342389671e-14 3.17535553406856e-11 6.74904576669633e-14 2.43138842392909e-15 3.24629212400396e-14 1.82465154097144e-13 3.38618022510673e-14 9.18487508272392e-14 9.29145649308793e-14 2.859124529353e-08 2.21103094277808e-08 1.19727561198602e-12 2.21233125219378e-07 2.30291302805163e-08 6.44151398887516e-14 2.79487544219137e-13 1.9240165016754e-14 6.76680933509033e-14 3.29847260616134e-14 1.36890498936282e-14 1.17461596005342e-14 3.61932706027801e-15 9.52571355128384e-15 1.29563026973756e-14 1.10245146345278e-14 2.40807374041196e-14 2.72337707940551e-14 3.77429050235634e-09 5.17868805616217e-09 4.13002965160558e-15 6.53921361504217e-15 2.95319324550292e-15 9.54791801177635e-16 5.77315972805081e-16 4.55191440096314e-16 2.66453525910038e-16 2.1094237467878e-16 3.21964677141295e-16 1.4432899320127e-15 3.13415959851682e-14 6.13953332617712e-15 1.38490330314767e-12 1.24776703414042e-09 1.62060855846136e-09
4.15613099491452e-12 7.79359687896886e-11 1.49769086021934e-14 1.12860831791295e-12 5.50448575609153e-14 5.43065592495395e-13 1.98014558727699e-07 8.52755199343136e-08 1.91887676836977e-07 7.79777316051167e-09 3.55213876990224e-07 4.87276885507981e-14 4.52526904837214e-14 4.32764934998886e-14 2.27481145032016e-11 9.40247879555045e-14 4.99489338778858e-14 5.55111512312578e-17 8.0375173183711e-11 9.5368157815301e-15 3.44613226843649e-14 3.59268170768701e-14 6.91224855131622e-14 4.64739358108091e-14 1.07025499573865e-14 3.35509398041722e-14 7.48845430109668e-14 7.79043496379472e-14 9.18643417779918e-08 2.75224287804576e-14 1.72195591119362e-14 1.31894495325469e-14 2.69784194983913e-15 4.6296300126869e-15 1.40998324127395e-15 8.32667268468867e-16 3.21964677141295e-16 2.99760216648792e-16 5.32907051820075e-16 1.22124532708767e-16 1.4432899320127e-16 5.10702591327572e-16 3.50830475781549e-15 6.99440505513849e-15
1.28087532580423e-08 2.91822122022722e-13 2.22044604925031e-16 1.0028644581439e-13 1.6242562850266e-14 5.48339151862365e-14 2.43738362826207e-13 4.55457893622224e-13 1.18594023490459e-13 8.32001134654092e-14 2.99005264992047e-13 8.74855743404623e-14 2.40185649147406e-13 2.76697527334946e-08 3.26265061389996e-07 5.51114709423928e-14 1.95288230031565e-14 6.66133814775094e-17 6.28053165030451e-12 7.7715611723761e-17 8.70950422893202e-11 3.33066907387547e-17 9.88098491916389e-16 2.09054995536917e-14 1.9817480989559e-14 2.35955699423585e-13 9.35029831339307e-14 1.77535751433311e-08 1.2728161458142e-08 4.5985437679974e-14 2.04191736408177e-08 5.66100836207894e-09 1.95521141499455e-08 1.51357368749494e-08 1.10133529629408e-08 5.26002951195537e-09 9.19494935747167e-10 3.99680288865056e-16 1.40542866233773e-10 5.6621374255883e-16 1.23234755733392e-15 5.99520433297585e-16 1.65423230669148e-15 2.4757973449141e-15
7.94497212464051e-10 1.95621296938953e-14 1.61759494687885e-14 1.20015108961979e-14 1.17106324637462e-13 6.15507644852187e-14 6.56030785251005e-14 5.24003063162581e-13 1.28397292797899e-13 1.22852449646604e-07 7.96440691175349e-13 2.26718643858703e-13 8.74078587287386e-14 1.51757654776041e-08 6.37823127647152e-14 8.28004331765442e-14 1.08202335979968e-13 3.33066907387547e-17 7.7715611723761e-17 3.33066907387547e-17 3.33066907387547e-17 6.66133814775094e-17 6.66133814775094e-17 4.2410519540681e-15 5.55111512312578e-17 3.33066907387547e-17 4.70512517836141e-14 4.35762537165374e-14 1.1598499938259e-13 1.17739151761498e-13 4.42179626247707e-12 3.38284955603285e-14 1.25233157177718e-14 3.06310532494081e-14 3.46167539078124e-14 3.0364599723498e-14 1.0857981180834e-14 3.49142936784119e-12 2.22044604925031e-17 2.42361686275672e-14 0 1.11022302462516e-16 1.11022302462516e-16 4.44089209850063e-17
1.57210910955996e-12 2.1094237467878e-15 8.59312621059871e-15 5.02486940945346e-14 1.80455650422573e-13 3.82471831983366e-14 1.34359190440136e-13 2.04236627610044e-13 5.46950298385696e-08 2.28675808685574e-06 2.82629044190408e-07 7.7715611723761e-17 4.89565721295548e-11 2.93801649675629e-11 1.24317223182402e-12 5.55111512312578e-17 6.66133814775094e-17 1.93423865813003e-10 3.51777162954647e-11 3.27027516178191e-11 3.81891518408395e-11 6.0360716425123e-12 4.46973791312644e-11 2.22044604925031e-17 2.22044604925031e-17 4.44089209850063e-17 3.33066907387547e-17 1.11022302462516e-17 1.11022302462516e-17 1.11022302462516e-17 1.11022302462516e-17 1.11022302462516e-17 1.11022302462516e-17 2.22044604925031e-17 2.22044604925031e-17 1.11022302462516e-17 5.88624704533913e-12 3.71043196167875e-12 1.05060404820279e-13 2.7675417513251e-12 3.66668175821871e-09 2.22044604925031e-17 1.4432899320127e-16 1.22124532708767e-16
5.10702591327572e-16 1.36557432028894e-15 8.33777491493492e-15 8.51096970677645e-14 2.48079334852491e-13 6.72073507956839e-13 2.02615701994091e-13 7.42839123546446e-13 6.22087404256177e-08 3.9948566676884e-11 3.1103541964228e-11 9.99200722162641e-17 3.6169733874658e-11 3.37596506305715e-11 1.00153552118343e-11 6.80788758700146e-14 2.22044604925031e-17 2.07169392751894e-11 2.24808394122533e-11 1.44752099195955e-11 3.21309423512162e-11 4.75346428885359e-11 7.00723812308013e-11 8.43318193055609e-11 8.19398549012362e-11 7.03493929776755e-12 3.33066907387547e-17 1.11022302462516e-17 1.71088365696903e-11 3.5889891059071e-11 3.62619823057742e-11 8.24007306832186e-11 5.48536438493841e-11 3.33169603017325e-11 6.58314180945752e-11 1.11022302462516e-17 3.65185659489953e-13 2.43138842392909e-14 9.92558257806309e-12 5.28104227015547e-12 7.37279681750636e-11 1.75914838251856e-13 8.51207992980108e-14 2.17182805073435e-10
1.66533453693773e-16 5.48450174164827e-15 2.36699548850083e-14 2.66808797277918e-13 5.37969668812366e-13 2.51354492775135e-13 2.10109707410311e-13 8.69737615261101e-13 7.76767539178991e-13 2.28147956082836e-10 9.99200722162641e-17 3.33066907387547e-17 2.74332834226954e-10 6.21683737822565e-10 6.99150737304421e-11 7.7715611723761e-17 1.11022302462516e-17 8.801070983111e-12 1.07125530668384e-11 1.21522014673303e-11 1.40563005679439e-11 1.88323467931184e-11 2.05994887814143e-11 1.83077886184435e-11 1.61032742695966e-11 8.89530671344119e-12 2.22044604925031e-17 1.11022302462516e-17 3.57158747021913e-14 1.25204180356775e-11 2.15934048419797e-11 2.00954364260042e-11 4.02856303871602e-11 3.14193115968919e-15 1.86251392086945e-10 0 2.64233079860787e-15 7.37485628121704e-12 6.44738706867543e-12 5.7737814529446e-12 2.4951074539814e-11 1.11022302462516e-17 1.11022302462516e-17 0
4.88498130835069e-16 5.89528426075958e-15 1.63424829224823e-14 5.13455944428642e-13 8.03690447526151e-13 3.42004202735779e-13 2.08300043880172e-13 2.22044604925031e-17 1.66533453693773e-16 5.55111512312578e-17 7.7715611723761e-17 3.48375439607196e-11 2.8616609082377e-11 3.25880877838358e-11 9.99200722162641e-17 2.22044604925031e-17 2.22044604925031e-17 0 6.4222738238584e-12 7.26576576681737e-12 7.64965868427225e-12 7.87895304554809e-12 8.21639423165266e-12 8.09252664879523e-12 7.61333218690652e-12 6.01910410402695e-11 1.93178806284777e-15 6.95753454849068e-12 1.87961646247459e-11 2.15032214256894e-11 6.45873354798709e-12 3.49538953337003e-11 4.83029283238068e-11 0 1.42176381778825e-11 0 3.43362005494896e-12 3.84735576730577e-12 4.52526904837214e-12 1.1122491816451e-11 4.80304684913335e-13 0 0 3.49364981389044e-13
9.88098491916389e-16 1.33781874467331e-14 1.79067871641792e-13 4.52637927139676e-14 1.25066623724024e-13 3.08997272213674e-13 1.17782653616949e-06 1.96829341714277e-10 1.32363220384235e-10 4.44089209850063e-17 3.12305736827057e-14 8.88178419700125e-17 1.19096066342195e-09 9.99200722162641e-17 7.7715611723761e-16 4.44089209850063e-17 3.33066907387547e-17 1.11022302462516e-16 5.55111512312578e-17 8.68077831839287e-12 5.26975130199503e-12 5.65252289419504e-12 5.64548408021892e-12 5.69319036358706e-12 1.01912589478559e-11 1.02020281111947e-11 3.25783844346006e-13 5.89117643556847e-12 5.0910831106421e-12 5.16399145666924e-12 3.72193387221387e-12 2.89863688607284e-12 2.93736146517176e-12 2.50232057297239e-12 5.72744074389675e-12 2.70526934187387e-12 2.32420749313178e-12 2.33042474206968e-12 2.57647236878711e-12 3.26818572204957e-12 5.77746739338636e-12 6.09547967655999e-12 9.9911412476672e-12 1.3986423130774e-11
1.89848137210902e-15 3.14526182876307e-14 6.91158241750145e-13 8.59778914730214e-13 5.9127147622462e-13 3.39089234469014e-10 3.38660210985609e-11 4.50290693621014e-11 5.65000823904427e-11 5.31340638154631e-11 2.1094237467878e-16 9.31754673416663e-13 7.06669611716393e-11 5.31884869481303e-11 7.33650695750043e-11 6.43125552812762e-12 5.98736615842199e-12 0 0 3.33066907387547e-17 2.22044604925031e-17 2.08981276728082e-11 4.86205520289218e-12 4.76580996888742e-12 8.30887914027301e-11 4.37441194378607e-12 3.33066907387547e-17 1.4432899320127e-15 3.87846421645577e-12 3.12015968617629e-12 2.57338594877865e-12 2.4962254485672e-12 1.98804306350553e-12 1.6223578036545e-12 1.70005121091776e-12 1.78129733185983e-12 1.72811764898029e-12 1.71401781656755e-12 1.61500812723148e-12 1.95657934298765e-12 1.85593762580538e-12 6.98614499583527e-12 5.16341414069643e-12 1.60888524725067e-11
2.39808173319034e-15 1.3319345626428e-13 7.93098919871227e-13 8.81295036947449e-14 6.21724893790088e-16 2.61132426793154e-10 5.60505197810812e-11 3.95105614892088e-11 5.42409228643237e-11 5.26485077756433e-11 2.57423860006156e-11 1.00725983109839e-11 8.90562068533995e-12 1.86923254652527e-11 6.54466481009308e-12 6.53552767460042e-12 6.3270499950363e-12 6.33917363046521e-12 6.40218988934294e-12 6.16316997437139e-12 1.11022302462516e-17 0 2.64210875400295e-13 3.71624953032779e-12 3.3045077785232e-11 3.48049367104863e-12 1.11022302462516e-17 3.41479067245132e-12 2.88788992719446e-12 2.1308843578538e-12 2.11893835810884e-12 2.23285834266562e-12 1.44384504352502e-12 1.45631284809156e-12 1.41063827285848e-12 1.37623246132534e-12 1.35492728148279e-12 1.33073552177621e-12 1.09589004537725e-12 1.14569465026193e-12 1.14466214284903e-12 6.88327173037351e-13 2.78133072129094e-12 2.44985143282861e-12
3.50830475781549e-15 1.28341781646668e-13 9.45177269784381e-13 9.42590450137004e-13 1.15775511400074e-10 4.46927606034819e-11 1.89287230334401e-10 5.5663140763329e-11 5.86281356795837e-11 3.8391201329091e-11 1.22879706410117e-11 1.05100372849165e-11 9.00987062735226e-12 7.86357645665703e-12 7.55784324013575e-12 7.82370834784274e-12 8.59741167147377e-12 1.17031051516392e-11 1.2457457287951e-11 9.37592226080142e-12 5.43292077992419e-12 0 1.11022302462516e-17 4.44089209850063e-17 3.08330028175874e-12 0 1.68857150484314e-12 2.50187648376254e-12 2.05734318470263e-12 1.83770776374104e-12 1.83582038459917e-12 1.8065660079003e-12 1.32843736011523e-12 1.26273436151791e-12 1.24468213513751e-12 1.28551613798322e-12 1.258049220354e-12 1.10587095036863e-12 9.69524460714411e-13 7.92210741451527e-13 8.66628990792151e-13 3.94728694175228e-13 2.18391971174015e-12 0
4.11892742135933e-15 6.55253629133767e-14 8.22186763116406e-13 1.16914256054201e-12 3.10862446895044e-16 2.30922614363749e-10 1.70601099913625e-10 5.38834421526246e-11 7.10068226439375e-11 3.8288183734636e-11 1.45679912577634e-11 1.31671451519821e-11 1.15668807865177e-11 9.90276749490704e-12 9.12593334234657e-12 8.92277363107041e-12 9.9825481214566e-12 1.29307675678092e-11 8.95786778087881e-12 6.12587758297423e-12 4.64396299193481e-12 3.81880083111241e-12 7.76320119300067e-12 2.22044604925031e-17 0 0 2.58042476275477e-12 2.0731305561128e-12 1.91286986250816e-12 1.60216284683656e-12 1.47664103167244e-12 1.6075252240455e-12 1.5129009156567e-12 1.42033051986346e-12 1.28445032387958e-12 1.27388100068515e-12 1.19406706744485e-12 1.14136478046589e-12 8.4080520323937e-13 6.44373443492441e-13 6.32638386122153e-13 1.24742438600833e-12 5.00197661068569e-12 0
1.08801856413265e-15 1.9328982858724e-14 2.66409116989053e-13 2.18680629160417e-13 3.44169137633799e-16 1.57565495939593e-07 6.3614224998787e-11 5.24880583441245e-11 1.26107213560545e-10 8.14595502163229e-11 2.55841681173763e-11 1.9121459970961e-11 1.52729495717097e-11 1.58798751925815e-11 1.18262288850701e-11 8.79087913574494e-12 7.61845031505004e-12 7.50665085647029e-12 6.4259930709909e-12 4.80460116136783e-12 4.00323107996314e-12 3.56075169349879e-12 3.11163317334717e-12 5.40012479177676e-13 1.11022302462516e-17 0 2.28339569474656e-12 1.98622229774514e-12 1.58424384721911e-12 1.47615253354161e-12 1.38095090918e-12 1.45522482952742e-12 1.62597713071477e-12 1.69515512737917e-12 1.3893997063974e-12 1.20429222150165e-12 1.12677644992232e-12 1.0231704372643e-12 7.37321315114059e-13 6.11211081746887e-13 5.30875343685011e-13 5.73185943153476e-13 5.10935738162743e-12 9.07584007947548e-12
3.86357612569554e-15 1.54098955817972e-14 2.07711625677121e-13 3.00891533910885e-12 2.59234855803925e-12 6.7472638587418e-11 1.19638399187494e-10 1.36140310136312e-10 1.86204640595378e-10 2.56904941764446e-10 1.2213098310454e-10 8.84097461906208e-11 4.73492023367328e-11 2.64249178094644e-11 1.19906085060961e-11 2.44551157102535e-11 7.59055041044121e-12 6.61373178445501e-12 5.76056979895156e-12 4.87110352054287e-12 4.27822222093255e-12 3.6808001091515e-12 3.09052783364905e-12 2.85195200788735e-12 0 2.22044604925031e-17 1.11022302462516e-17 1.80945258776433e-12 1.61337609938528e-12 1.43800527041549e-12 1.4093948230709e-12 1.69927405480053e-12 2.10559347735284e-12 2.01216820983063e-12 1.51051393615376e-12 1.22820642545207e-12 1.07711617403083e-12 9.59077262052688e-13 7.31203986248374e-13 6.36390939945386e-13 5.4311000141638e-13 5.03874719726127e-13 3.75296460575214e-12 6.66133814775094e-17
1.69864122767649e-15 2.56683563293336e-14 6.55786536185587e-13 3.33066907387547e-16 3.0750572088678e-10 1.40997535869047e-10 2.28825580705916e-10 1.41749378901324e-10 3.25028781666958e-11 3.68128527661327e-11 3.53255535934238e-11 2.62339150403079e-11 2.03610794891063e-11 1.27645449765623e-11 9.42008693272101e-12 8.46331893455954e-12 7.47113482191253e-12 6.48171516459684e-12 6.00387517479817e-12 5.5743076821102e-12 5.15215647922673e-12 4.58818538717765e-12 3.91039423064399e-12 3.45934392242953e-12 3.07370795482598e-12 0 2.22044604925031e-17 0 1.6451395801198e-12 1.43097755866961e-12 1.74693592924768e-12 2.09642303516944e-12 1.89152027374462e-12 1.77271530787948e-12 1.43424161436201e-12 1.25520704941096e-12 1.08748565708083e-12 9.16178244381172e-13 7.40540961885472e-13 7.02438107680337e-13 6.06015237991642e-13 5.29920551883834e-13 5.55822055048338e-13 3.33066907387547e-17
