Maxent_result_files_1/Bombus_consobrinus_2.asc
NCOLS 594 
NROWS 330 
XLLCORNER -15 
YLLCORNER 23 
CELLSIZE 0.166666666666667 
NODATA_value -9999 
[rows 80 to 99 of 330, columns 220 to 263 of 594]
-9999 -9999 -9999 -9999 -9999 -9999 -9999 -9999 -9999 -9999 -9999 -9999 -9999 -9999 -9999 -9999 0.564825987815857 0.18398748934269 0.11732422336936 0.284861308336258 0.301988938450813 0.220334734767675 0.322948952019215 0.289367043972015 0.118794800713658 0.132847871631384 0.16557609885931 0.126313120126724 0.713490894436836 0.557943576574326 0.298665105551481 0.225344836711884 0.159948225319386 0.325602851808071 0.630861513316631 0.60097724199295 0.694662171602249 0.743622261285782 0.840674132108688 0.511641746759415 0.36643650829792 0.336790707707405 0.485966324806213 0.227931641042233
-9999 -9999 -9999 -9999 -9999 -9999 -9999 -9999 -9999 -9999 -9999 -9999 -9999 -9999 0.0402109437156469 0.16863946467638 0.0652654524892569 0.101774464547634 0.0581446189433336 0.0739702060818672 0.208184510469437 0.447120514512062 0.0761110544204712 0.233357252925634 0.163336649537086 0.448364192247391 0.607765299081802 0.229368421435356 0.400720936059952 0.343229985237122 0.203926772624254 0.0560705721378326 0.242945136502385 0.163513226807117 0.340182866156101 0.233256407827139 0.269725178927183 0.411161948740482 0.567820903658867 0.547003844380379 0.646981847286224 0.298909889161587 0.157285353541374 0.434216403961182
-9999 -9999 -9999 -9999 -9999 -9999 -9999 -9999 -9999 -9999 -9999 -9999 -9999 0.638409462571144 0.118382306396961 0.0548135926946998 0.0568311305716634 0.018620618339628 0.105451247468591 0.32378726452589 0.0825590040534735 0.175056833773851 0.23952399790287 0.254524040222168 0.146571668982506 0.0582582542672753 0.160118582844734 0.0966385472565889 0.16580480709672 0.0559271524660289 0.136985401809216 0.610858970880508 0.107841388881207 0.0995424665510654 0.27613143697381 0.364298644661903 0.458300136561957 0.330731181800365 0.324255307018757 0.492299334704876 0.646749493479729 0.575157529115677 0.362584874033928 0.617090329527855
-9999 -9999 -9999 -9999 -9999 -9999 -9999 -9999 -9999 -9999 -9999 -9999 0.213175785541534 0.325237077474594 0.22900033891201 0.0989652629941702 0.145745224505663 0.53671050965786 0.294683757424355 0.0705121643841267 0.130557160079479 0.210566718876362 0.132267971709371 0.265937007218599 0.247201542556286 0.0349578546360135 0.162474799901247 0.207957534492016 0.0798455193638802 0.222397553920746 0.358528080582619 0.248458354175091 0.274573262035847 0.382250253856182 0.255114103853703 0.250936813652515 0.403753352165222 0.54140111207962 0.582853424549103 0.773329791426659 0.323175454139709 0.57157447040081 0.330988142639399 0.353785848617554
-9999 -9999 -9999 -9999 -9999 -9999 -9999 -9999 -9999 0.279894367977977 0.405637794733048 0.424585920572281 0.139553783833981 0.205290973931551 0.201023825258017 0.872228759527206 0.0986011492088437 0.181405462697148 0.102772497199476 0.257915705442429 0.390654388070106 0.0916635245084763 0.229210150241852 0.0328399254009128 0.0944367494434118 0.0769575446844101 0.162944336980581 0.0951403979212046 0.854234319925308 0.0454739350825548 0.276404342055321 0.453174458444119 0.170289397239685 0.318572843074799 0.272622792422771 0.693270421028137 0.352491867542267 0.77917195558548 0.641595816612244 0.506435462832451 0.570096537470818 0.430516430735588 0.520731419324875 0.477211007475853
-9999 -9999 -9999 -9999 -9999 -9999 0.667306545376778 0.419684857130051 0.46627237200737 0.331848073005676 0.175152742117643 0.325168599188328 0.208919738233089 0.140389544516802 0.0963633842766285 0.166874953359365 0.116038772463799 0.0881476245820522 0.192224341630936 0.0693960179574788 0.115488056465983 0.147193993628025 0.122410687059164 0.178715565800667 0.226370084285736 0.108853763714433 0.389739829301834 0.0476446654647589 0.198442927002907 0.431091344356537 0.125730372965336 0.0928120506927371 0.571554028987885 0.256101110577583 0.231790424138308 0.355973902344704 0.358385925740004 0.390628804266453 0.690632399916649 0.606130218505859 0.517130425572395 0.386783023178577 0.446285843849182 0.443448770046234
-9999 -9999 -9999 -9999 -9999 0.174856328964233 0.346891614794731 0.11477997712791 0.311918322741985 0.298062367737293 0.247437873482704 0.455029964447021 0.491404980421066 0.178209576010704 0.616551235318184 0.184694714099169 0.0396827141754329 0.0716997211799026 0.586588269472122 0.559310609102249 0.417367327213287 0.417824837565422 0.310317096114159 0.165487088263035 0.45422668159008 0.550984290242195 0.523442560434341 0.164958231896162 0.106984312087297 0.426920413970947 0.361645731329918 0.127931961417198 0.380417254567146 0.305766348540783 0.713312390446663 0.434530624747276 0.294635070860386 0.591837361454964 0.643360340595245 0.36695319712162 0.576681041717529 0.476376059651375 0.512914058566093 0.561872613430023
-9999 -9999 -9999 -9999 0.177272462844849 0.289905126392841 0.361056509613991 0.334607753157616 0.240366013348103 0.679010090231895 0.411688049137592 0.251665832102299 0.801035284996033 0.162630217894912 0.289436073228717 0.369413097202778 0.377060344815254 0.265633606165648 0.501424667239189 0.423192900419235 0.480888044834137 0.425351002812386 0.458660724759102 0.275908153504133 0.237030521035194 0.507030636072159 0.380154603719711 0.38149002790451 0.416410329937935 0.335859444737434 0.452329894900322 0.515049824118614 0.0532155409455299 0.198511681705713 0.284348905831575 0.30717021971941 0.413929869234562 0.427781923115253 0.391572885215282 0.175949823483825 0.419274368882179 0.525312262773514 0.50182409286499 0.576213112473488
0.512270838022232 0.6096136957407 0.365515306591988 0.147502507269382 0.178264227509499 0.264678029716015 0.293677921593189 0.319317249953747 0.145864032953978 0.161105513200164 0.249636705219746 0.724404586851597 0.0508820859715342 0.537160795927048 0.563561645150185 0.168462601304054 0.253871219977736 0.723371440172195 0.386132544279098 0.337801605463028 0.442048987746239 0.505520781874657 0.314525581896305 0.513012516498566 0.478084051609039 0.52249076962471 0.472208261489868 0.324248233437538 0.552159941196442 0.363231591880322 0.37302074432373 0.533030107617378 0.227635127305985 0.286937612295151 0.258365888893604 0.281193773448467 0.500844767689705 0.5563142567873 0.197917718812823 0.286240733414888 0.511898386478424 0.476625233888626 0.409924198687077 0.37004990875721
0.329838828742504 0.214264807850122 0.320891116559505 0.308763547241688 0.221240567415953 0.243509121239185 0.314385208487511 0.220975694805384 0.164080590382218 0.378797197341919 0.232637195289135 0.151274758204818 0.0991553526837379 0.428778067231178 0.479823198914528 0.293582786619663 0.201986183226109 0.46181432902813 0.612828224897385 0.467459747195244 0.445259496569633 0.453782510757446 0.39996652007103 0.216825021058321 0.365337334573269 0.33095827549696 0.520075318217277 0.521820855140686 0.502097028493881 0.360643617808819 0.798041570186615 0.585041972994804 0.612318307161331 0.250220613181591 0.429835285246372 0.293745927512646 0.516154326498508 0.56213673055172 0.209580237418413 0.505216389894485 0.458648183941841 0.517297241091728 0.513386806845665 0.470556983351707
0.298844382166862 0.278720043599606 0.713263827562332 0.42119003534317 0.339870120584965 0.274340648949146 0.313111015409231 0.110015230625868 0.150909107923508 0.229950869083405 0.273302492499352 0.280354115366936 0.443819245696068 0.275001434981823 0.447885021567345 0.614204239845276 0.37543551325798 0.77120715379715 0.43935441672802 0.279110454022884 0.495333364605904 0.41597660779953 0.42937867641449 0.415338945388794 0.456606787443161 0.137198460102081 0.352170731127262 0.59052058160305 0.590500503778458 0.619331167638302 0.593734353780746 0.212859762459993 0.494874608516693 0.498967158794403 0.453717359900475 0.399942022746836 0.437386112070817 0.200618863105774 0.339634534716606 0.525677032768726 0.450885874032974 0.22625126093626 0.496222464740276 0.498979163169861
0.178096374869347 0.424330617487431 0.310827858373523 0.55529114305973 0.243662715703249 0.407980695366859 0.411955586075783 0.366010401040057 0.175922110676765 0.208669880032539 0.360590192675591 0.43854888677597 0.424260166287422 0.575473603606224 0.721068674325943 0.590017035603523 0.858693468570709 0.747455871105194 0.705172979831696 0.544578412175179 0.361659783124924 0.32740678191185 0.18390149474144 0.474123910069466 0.38130421936512 0.26830590814352 0.366234926879406 0.410232520103455 0.440301847457886 0.417633481323719 0.537577641010284 0.33813274949789 0.490297162532806 0.52089991569519 0.548239082098007 0.700840890407562 0.151391893625259 0.390840177237988 0.49672884196043 0.149416398257017 0.520437714457512 0.34430048763752 0.297581096738577 0.394572934508324
0.44780467748642 0.591356694698334 0.575973391532898 0.603551986813545 0.487807062268257 0.488175302743912 0.312817843258381 0.488351666927338 0.296297849714756 0.443213593959808 0.506317847967148 0.417799818515778 0.463513320684433 0.652819138765335 0.738987582921982 0.736377257108688 0.844717156887054 0.862203633785248 0.760407543182373 0.835850524902344 0.757308679819107 0.462914276123047 0.258724831044674 0.419613474607468 0.31709930151701 0.388198697566986 0.491975757479668 0.456433010101318 0.423501667380333 0.402913618087769 0.592454108595848 0.615093207359314 0.471108973026276 0.505706802010536 0.514571177959442 0.490297812223434 0.261105306446552 0.484549874067307 0.373081141710281 0.437812326848507 0.215503512322903 0.471971213817596 0.531868475675583 0.344680908322334
0.574410724639893 0.480330982804298 0.793402504920959 0.704733514785767 0.67217578291893 0.674125444889069 0.797420758008957 0.623044806718826 0.307202346622944 0.559939095377922 0.551853597164154 0.645415300130844 0.603033709526062 0.766551011800766 0.869993734359741 0.777893334627151 0.774450695514679 0.47366161942482 0.442464858293533 0.607203707098961 0.793864119052887 0.433510330319405 0.615566244721413 0.465844801068306 0.422532653808594 0.209300768375397 0.23625720590353 0.244666637480259 0.351178558170795 0.631111913919449 0.5377875238657 0.567960155010223 0.533413210511208 0.503999000787735 0.470624706149101 0.51232912838459 0.480677735805511 0.409847766160965 0.371102187037468 0.501126167178154 0.30924084186554 0.317117030918598 0.380659113824368 0.430418106913567
0.55718831717968 0.614927503466606 0.816014897823334 0.836771392822266 0.396763978898525 0.533200562000275 0.84740771651268 0.774914985895157 0.828585493564606 0.711623799800873 0.749516505002976 0.810448628664017 0.529841017723083 0.444305875897408 0.568577513098717 0.529436719417572 0.477305328845978 0.333978123962879 0.41923893392086 0.42429364323616 0.399931254982948 0.387384371459484 0.536795830726624 0.3563158005476 0.564014932513237 0.352789092063904 0.292642006278038 0.456704485416412 0.592110902070999 0.620288687944412 0.684895193576813 0.482434388995171 0.271253560483456 0.533899629116058 0.53347495496273 0.531760388612747 0.541194784641266 0.198079104721546 0.48201734572649 0.421457996964455 0.350045439600945 0.334810879826546 0.343597055971622 0.427759405970573
0.279404469579458 0.507324436306953 0.725774621963501 0.788563638925552 0.835882765054703 0.809645444154739 0.914251893758774 0.904912078380585 0.640070414543152 0.864462488889694 0.869991964101791 0.811322849988937 0.682147297263145 0.683215487003326 0.374398839473724 0.367290431261063 0.151110292226076 0.196747848391533 0.298819975554943 0.507051977515221 0.227481846511364 0.336202186346054 0.317441053688526 0.376884388923645 0.266763891279697 0.444523641467094 0.622253623604774 0.33674052208662 0.605333960056305 0.594674190878868 0.595434340834618 0.400850892066956 0.293690124154091 0.322099275141954 0.705239152908325 0.527361875772476 0.494309812784195 0.46574350297451 0.290826203674078 0.430351030826569 0.152481564879417 0.102227525040507 0.165958129987121 0.330021448433399
0.287887187302113 0.221711140871048 0.491883599758148 0.591650131344795 0.769603621959686 0.604850432276726 0.59159794151783 0.697094559669495 0.628213638067246 0.78570584654808 0.825421547889709 0.738361209630966 0.659202107787132 0.378148256242275 0.529716411232948 0.483077904582024 0.290980079770088 0.277735720574856 0.193463953584433 0.239591504633427 0.409963658452034 0.155630344152451 0.209135237336159 0.218212676048279 0.225372371077538 0.32300920933485 0.581929048895836 0.311264875531197 0.504164105653763 0.451113596558571 0.257915318012238 0.470955231785774 0.362320573627949 0.485237121582031 0.530001771450043 0.333733634650707 0.521975237131119 0.44328738451004 0.510918286442757 0.394156754016876 0.332102398574352 0.309781843423843 0.258162787556648 0.243444336950779
0.27244498282671 0.19783471673727 0.249351924657822 0.683122289180756 0.411209273338318 0.671756276488304 0.680551737546921 0.531157249212265 0.203196419775486 0.329191328585148 0.36886193305254 0.571565696597099 0.441214728355408 0.464380010962486 0.323465166240931 0.459443771839142 0.225776572525501 0.367867308855057 0.360059890151024 0.282204374670982 0.234459534287453 0.32447338104248 0.253186079859734 0.217277735471725 0.26927442252636 0.339915038645268 0.441370269656181 0.355621248483658 0.380644699931145 0.333922170102596 0.164299950003624 0.300333173573017 0.463763669133186 0.455979381636831 0.26779982894659 0.356058999896049 0.340815085172653 0.356771156191826 0.380864000320435 0.301412253081799 0.188717483729124 0.226019641757011 0.174646526575089 0.189870885759592
0.441375058144331 0.53428758084774 0.546010047197342 0.50249605178833 0.285032565891743 0.302975025773048 0.504446765780449 0.48428483903408 0.323731136322021 0.361282405257225 0.516916039586067 0.750492298603058 0.288704214211795 0.503386820852757 0.293509189784527 0.32428008466959 0.137733516097069 0.0723415229469538 0.375302666425705 0.242807072401047 0.241383185982704 0.28844091296196 0.220013473927975 0.203506591916084 0.406142009794712 0.157530275732279 0.279753184318542 0.289116960763931 0.156997458636761 0.255590799450874 0.274873448908329 0.333497296273708 0.238324990868568 0.180483482778072 0.318740084767342 0.195621892809868 0.185866702347994 0.291155603528023 0.318373215198517 0.323364681005478 0.323861366510391 0.243314452469349 0.325628927350044 0.25631393045187
0.236403875751421 0.253523906238843 0.277931876480579 0.245968653261662 0.242496453225613 0.345022267103195 0.505306950211525 0.144570638239384 0.195445318520069 0.200614146888256 0.179019849002361 0.216465984284878 0.343828714359552 0.296118567409576 0.0816417548805475 0.122253279387951 0.239678846299648 0.321136656403542 0.587633523344994 0.273883765935898 0.304230797290802 0.244462049007416 0.0624776167795062 0.0563477698713541 0.144378655403852 0.262102238833904 0.139524935185909 0.122334683313966 0.386050841212273 0.220955976843834 0.221082830429077 0.147401926666498 0.183155051618814 0.204930335283279 0.300487761199474 0.155530396848917 0.279842373728752 0.246153137087822 0.180923315882683 0.235411164164543 0.133429938927293 0.182691213488579 0.194406042993069 0.202649466693401
