Maxent_result_files_1/Bombus_rupestris_2.asc
NCOLS 594 
NROWS 330 
XLLCORNER -15 
YLLCORNER 23 
CELLSIZE 0.166666666666667 
NODATA_value -9999 
[rows 210 to 230 of 330, columns 506 to 551 of 594]
0.000235693860304309 0.000352895280229859 0.000898179947398603 0.00192786529660225 0.00276614542817697 0.00361946809571236 0.00269572151592001 0.00536715663038194 0.000784773053601384 0.00055039509315975 0.00213765864027664 0.00212237081723288 0.100451527535915 0.0051531373988837 0.00431738416664302 0.00820197002030909 0.007091244449839 0.00548141878098249 0.00446356993634254 0.00446405743714422 0.0106399650219828 0.0056795664364472 0.0106720860116184 0.0249590110033751 0.0101752457208931 0.0119182802736759 0.0113029127009213 0.0220281837508082 0.0260899705812335 0.0348182277753949 0.0272172566503286 0.710307002067566 0.0270320041105151 0.0206787202507257 0.013931739795953 0.0380297265946865 0.0103575342334807 0.0149406226351857 0.0107680431101471 0.0101625712122768 0.0082830352243036 0.00249743438325822 0.00254603055072948 0.00142879437771626 0.00081000606296584 0.000689408135076519
0.000157235685037449 0.000461737459409051 0.000872678682208061 0.00294992045965046 0.00410346591379493 0.0063477226998657 0.00699393283575773 0.00310925794765353 0.00280241868458688 0.00193072902038693 0.00285906858043745 0.00225723208859563 0.00755180036649108 0.0117194311693311 0.00508798786904663 0.0224719725549221 0.038232478313148 0.015982308331877 0.0297415908426046 0.0357998298481107 0.0279025912284851 0.038143209181726 0.0257743390277028 0.0417939865961671 0.0401724131777883 0.0283418986946344 0.0404281139373779 0.0321243831887841 0.0308125400915742 0.0233075046911836 0.0256302520632744 0.056042043492198 0.0221406601369381 0.014735153876245 0.0195431829430163 0.0318169707432389 0.00927987131290138 0.0139433346688747 0.0127047185786068 0.00617818427272141 0.00513878813944757 0.00371040049940348 0.00276111533166841 0.000966556096682325 0.00141060355817899 0.00449248023796827
0.000282403598248493 0.000449890780146234 0.00105455014272593 0.0018664367380552 0.00296123661100864 0.00610307212918997 0.010332149034366 0.0137864942662418 0.0192639965564013 0.00447841437999159 0.0153714840300381 0.0148705348372459 0.011146671557799 0.0180156029760838 0.0189075267873704 0.0321810970082879 0.0271444234997034 0.147198770195246 0.133797584474087 0.031873681768775 0.0593679916113615 0.0637481268495321 0.0252218360081315 0.0174761432223022 0.0238448061048985 0.0265130206942558 0.0646686438471079 0.13858430236578 0.0448358498513699 0.0372437976300716 0.013658697064966 0.00756396092474461 0.00867042979225516 0.00750414729118347 0.0159313287585974 0.0087496945168823 0.0128080013673753 0.0030523203779012 0.00250587505288422 0.00205757071380503 0.00122157259611413 0.00159920356818475 0.00297062137397006 0.00682385060936213 0.0190051550976932 0.0708945516496897
0.00100714678992517 0.00859076282940805 0.00318795393686742 0.00567117757163942 0.00235883705317974 0.011402581166476 0.012943356577307 0.0597849126905203 0.0569019254297018 0.0289707027375698 0.0226953217759728 0.0385635685175657 0.0492553506046534 0.0428774420171976 0.0400619834661484 0.0643363960087299 0.0414308620616794 0.0349440390244126 0.080143379420042 0.0826469168066978 0.0342807529494166 0.103493782877922 0.0655332047492266 0.0103669160045683 0.00669930563308299 0.00533106192015111 0.0132270288653672 0.0113824243657291 0.0193220475688577 0.00709122186526656 0.00378304598852992 0.00363979173125699 0.00254784270655364 0.00165966374333948 0.00135569293634035 0.00130542920087464 0.00165026658214629 0.000912505947053433 0.00133187345345505 0.000737662921892479 0.00094145922921598 0.012309466348961 0.00602223624009639 0.00610186876729131 0.0108731390442699 0.0171365739777684
0.000471727177500725 0.0217191014438868 0.0112557490356266 0.00527848799247295 0.00764095704071224 0.0103403362911195 0.0531485885381699 0.0230265541933477 0.0165642328560352 0.0152171557769179 0.0148268540855497 0.0151066496036947 0.0196282213553786 0.0281992992386222 0.0189354110509157 0.0759631745517254 0.0587286807596683 0.040149000659585 0.00963055761530995 0.0057797638932243 0.00628661252558231 0.00556882885284722 0.00428670537658036 0.00437843918334693 0.00431982283480465 0.00466500993352383 0.00449454842600971 0.00380164659582078 0.0051799162523821 0.00582767771556973 0.00223625544458628 0.00195187936187722 0.00148456444148906 0.00125369154848158 0.00114320042193867 0.0107537440024316 0.003057559824083 0.00377169341081753 0.00220577494474128 0.000267523004004033 0.000338478091725847 0.00119584959757049 0.000529454342904501 0.00574368599336594 0.00273068866226822 0.00920073110610247
0.000802911684149876 0.00148488594568335 0.00223158571170643 0.00886485646478832 0.0275932660326362 0.0258053407073021 0.0320281011983752 0.0193001112900674 0.0161270878277719 0.0145755645819008 0.0139607039745897 0.0143894022796303 0.0135856787208468 0.0129335015080869 0.0109320843592286 0.0101521146483719 0.0118831068277359 0.00923589621670544 0.0137933369725943 0.00896003749221563 0.00786810810677707 0.0187179639004171 0.00523784786928445 0.00477651895489544 0.00471105657052249 0.00431077205576003 0.00469570755958557 0.0030903959646821 0.00395454566460103 0.00424913817550987 0.00329837440513074 0.00421859654597938 0.00227271722396836 0.00296286212978885 0.00213216275442392 0.00102120832016226 0.00087387356616091 0.000927672555553727 0.000744274561293423 0.00043850109068444 0.000453129591187462 0.000511996074055787 0.000891543531906791 0.00110607833485119 0.00199730638414621 0.007323267753236
0.000952980556758121 0.00161458649672568 0.00261818207800388 0.0169572314247489 0.0243078680709004 0.0394752595573664 0.0331997321918607 0.0156478914432228 0.0148134420625865 0.0149948799051344 0.0159115208312869 0.0141013034619391 0.0107332502491772 0.0117526554036886 0.0145081005990505 0.0663741186261177 0.0338430611416698 0.0185716321691871 0.0226903958246112 0.0118940788321197 0.00785335372202098 0.0315279792994261 0.0274062057957053 0.0217597991228104 0.0269866781309247 0.0369784606620669 0.00671980520710349 0.00879515134729445 0.0117836154066026 0.00780586497858167 0.00434260773472488 0.00906291292048991 0.00406774189323187 0.00299579851562157 0.0011705483077094 0.00042177532450296 0.000472382873704191 0.000614042382221669 0.00159094199188985 0.000489379762439057 0.000377906512585469 0.00036202348273946 0.000300074704864528 0.000425674331199843 0.000718170250183903 0.0003890309977578
0.00194940604269505 0.00192443744745106 0.0130151867866516 0.0359530594199896 0.0389838522300124 0.0349985621869564 0.0436590783298016 0.0213728167116642 0.00712085701525211 0.015940510109067 0.0102776909712702 0.0131784071214497 0.0158175213262439 0.0899067938327789 0.157512626051903 0.0875195480883122 0.0738945763558149 0.0895288355648518 0.0293316392228007 0.0652918517589569 0.0456945199519396 0.0287462506443262 0.0196848545223475 0.0219234377145767 0.0206045594997704 0.0563358012586832 0.0239786263555288 0.0387521862983704 0.017794309835881 0.0122778719291091 0.0086327382363379 0.00300492395181209 0.00303764223353937 0.000940206565428525 0.000500916264718398 0.000390421059273649 0.000351499009411782 0.000323522729740944 0.000593301127082668 0.000260696518671466 0.000210118880204391 0.000196014575340087 0.00021558539592661 0.000199706854618853 0.000175279117684113 0.000168326058337698
0.00271307174116373 0.00377560267224908 0.0166286302730441 0.0130547036416829 0.0183873049914837 0.0305627537891269 0.0196716553531587 0.0232013994827867 0.0184950081631541 0.0168067342601717 0.0315090864896774 0.0357434460893273 0.17981999963522 0.105088102072477 0.103785792738199 0.0615980967879295 0.0317177634686232 0.047376399487257 0.0574018564075232 0.0265710221603513 0.0902880929410458 0.0158700818195939 0.0213278219103813 0.0288847362622619 0.0199315362609923 0.00561670332681388 0.011330149602145 0.0256639802828431 0.00855334922671318 0.00874143517576158 0.00392963932827115 0.00290504954755306 0.00214653767179698 0.00173045163974166 0.00136787860537879 0.000861767202150077 0.000539407430915162 0.000395328669401351 0.000343202146177646 0.00109980145352893 0.000555778632406145 0.000642396666808054 0.000506329392374027 0.000199660735961515 0.000180467783502536 0.000194864077639068
0.0131159557960927 0.0335866414010525 0.00286471818108112 0.018522319663316 0.0117999010719359 0.0126959058456123 0.0145783983170986 0.01369937392883 0.0126401762012392 0.0214209412224591 0.0672460969537497 0.0936619289219379 0.0492235008627176 0.0282913943752646 0.0169629313051701 0.0178492627106607 0.00617043883539736 0.00222433196613565 0.13037002235651 0.115746363997459 0.0125097622163594 0.527233358845115 0.101305855810642 0.063191993907094 0.0173838314600289 0.0196228709071875 0.0208783782087266 0.00387113112956285 0.00358839402906597 0.0051042593549937 0.00911122094839811 0.00506460699252784 0.00220922200242057 0.00176782220369205 0.00191897735930979 0.00230194746982306 0.0024162502377294 0.00191524691763334 0.00130781772895716 0.00152731442358345 0.0010528739716392 0.000220397169323405 0.000411360718135256 0.00018964481932926 0.000162965443814755 0.000146445977588883
0.0119519325904548 0.00457874210551381 0.01209971094504 0.0251588696613908 0.0144170106388628 0.0150879816152155 0.0137993273325264 0.0126035910099745 0.0156324633397162 0.0357399655506015 0.0268087979406118 0.00797054967842996 0.00431782195810229 0.0182027393020689 0.0188202091492712 0.00234856065362692 0.000553257198771462 0.00395221959333867 0.0152442429214716 0.0463165316730738 0.051594353467226 0.0712802726775408 0.0610828693956137 0.0632243026047945 0.0686817444860935 0.0248354814946651 0.0167668998241425 0.0136466414667666 0.0132561469450593 0.00597740553785115 0.0050876370863989 0.00350740114226937 0.00249869670951739 0.00756245655938983 0.00159798391978256 0.0011149033845868 0.00132738567772321 0.000583603818085976 0.00274432125734165 0.000886142670060508 0.00106520846311469 0.000467297171417158 0.000175486187072238 0.000120775626055547 0.000113715181942098 0.000113763300032588
0.00221980465576053 0.00108626408618875 0.0070126470644027 0.0126277940347791 0.0369293773546815 0.021063579339534 0.0103358220309019 0.0245056129992008 0.024647406861186 0.00871579525992274 0.00964632099494338 0.00872409716248512 0.000553695482085459 0.0145438591018319 0.0430050935596228 0.00360459455987439 0.00555892901029438 0.00201389696449041 0.0059741408098489 0.00483145660255104 0.0117793901823461 0.00607200814411044 0.0158971629105508 0.0629166670143604 0.0543622892349958 0.0423551388084888 0.0284943804144859 0.0101246730890125 0.00990597885102034 0.00557201483752578 0.00392673958558589 0.00197454617591575 0.00157167353318073 0.00111516699544154 0.000798408023547381 0.000636831251904368 0.00165802396368235 0.00292522164527327 0.228648273006547 0.147515817219391 0.000431603527977131 0.000155625536353909 7.69117770687444e-05 5.73321360207046e-05 7.25045578292338e-05 9.5296237122966e-05
0.00117439862224273 0.00874555171467364 0.00172643974656239 0.00236800123238936 0.0241972774267197 0.0222689755260944 0.0190747442655265 0.00250804285751656 0.00131714632734656 0.000269605421635788 0.000999680571840145 0.00042902016066364 0.00848813001066446 0.0138831205200404 0.00360653564566746 0.00446731564588845 0.00478528595995158 0.00902976016514003 0.00939164394512773 0.00575850401073694 0.00313640490639955 0.0322377679869533 0.0116269037127495 0.011857401765883 0.0258543046191335 0.0647387836128473 0.0541574105620384 0.0430925603955984 0.00786839048378169 0.00293198568979278 0.00215142945526168 0.00157359757577069 0.00127171318163164 0.000830233620945364 0.00057539177214494 0.000564810517244041 0.000583459138579201 0.000455937421065755 0.000482435269805137 0.000218136954936199 0.000110480190051021 5.98828481088276e-05 3.22131004395487e-05 7.67255220125662e-05 0.000161607838163036 7.76300263169105e-05
0.000250930480251554 0.00112310800468549 0.0096524482127279 0.0290324963629246 0.0304220335558057 0.0107445986010134 0.00211236929753795 0.000449275347637013 0.000338715745601803 0.00163828598451801 0.00125045800814405 0.000655529336654581 0.00051102555153193 0.000841300835600123 0.00172954740119167 0.00126801449223422 0.0136360143311322 0.0874317392706871 0.0317449603229761 0.00812218710780144 0.0180752138607204 0.0459715526551008 0.0064723847899586 0.0222586765885353 0.0157847139053047 0.0270687995478511 0.0448478203266859 0.0145196397788823 0.0082691942807287 0.00240928831044585 0.00183250705013052 0.000789130161865614 0.000601144775282592 0.00041366888617631 0.000401852550567128 0.000506448243686464 0.000327031300548697 0.000202053289831383 0.000158724533685017 2.85234619695984e-05 2.13040350445226e-05 0.000116603988135466 0.000177188039378962 0.000231115485803457 7.63871088565793e-05 4.54346690275997e-05
0.000447385699953884 0.0011123284988571 0.00488546865526587 0.00439831090625376 0.00120517594041303 0.00011977727735939 5.26670604813262e-05 0.000152557998444536 0.00122986343340017 0.245863169431686 0.243561665713787 0.0039436795283109 0.000733456326997839 0.00143129825592041 0.0181132767349482 0.00200768469367176 0.0150779730640352 0.00490321412216872 0.00993205900304019 0.0161109317094088 0.213058912754059 0.0164268873631954 0.00623926008120179 0.0241276849061251 0.0257009897381067 0.0443843401968479 0.0450267817825079 0.0237052911892533 0.0062035923358053 0.00245734258787707 0.00153532307595015 0.00169765074388124 0.000824755127541721 0.000532406249840278 0.000395550407120027 0.000259974497021176 0.000360054582415614 0.000166099994385149 5.31332707396359e-05 5.09465182403801e-05 0.000165560235836892 0.000210831495496677 0.000247252177359769 0.000227237717626849 6.7254248460813e-05 0.000146487405072548
0.000191235409874935 6.17750640230952e-05 0.000358357871300541 7.24980835002498e-05 1.19806889870233e-05 2.10807940675295e-05 0.000786468383739702 0.00770497927442193 0.0226633769460022 0.0184021605178714 0.00454077669419348 0.0797196913510561 0.00511198963504285 0.00749821995850652 0.586412271857262 0.00393260950222611 0.00102106141857803 0.00250370980938897 0.00424279770813882 0.00625597205944359 0.0225533470511436 0.0193866107612848 0.0237480634823442 0.0337524207308888 0.0490952547639608 0.0435825251042843 0.0257290547713637 0.00375472293235362 0.0141738285310566 0.00342743450310081 0.00159103074693121 0.000635120735387318 0.000834987321286462 0.000260209678526735 0.000242336052178871 0.000197060775099089 0.000207504301943118 0.00010419246427773 0.00030764042166993 0.000242082510521868 0.000263338410150027 0.000327996646956308 7.42812455428066e-05 9.99315772787668e-05 0.000122687119801412 0.000185987601435045
0.0015282190288417 0.0048854960128665 0.0512357303872705 0.000125431923152064 0.00044005622912664 0.000705463692429475 0.00152916843653657 0.000334182694496121 0.000384473660960794 0.000313388524227776 0.00127940660458989 0.000858165806857869 0.000726797481183894 0.0017733839340508 0.00274634454399347 0.00462539617437869 0.00834211064502597 0.0133899364620447 0.0716740600764751 0.164911229908466 0.0682382885366678 0.0427186869084835 0.0345770809799433 0.0340534145012498 0.0324672542512417 0.026870109885931 0.0118901079054922 0.00223931391956285 0.00224667798029259 0.00444519906304777 0.00180991194210947 0.000747239432530478 0.000134243059073924 0.000142982175020734 0.000511012368951924 0.000472174321475904 0.000274247357447166 0.000262726414075587 0.000218961260543438 0.000212795527477283 0.000230575090245111 0.000200016774397227 0.000157326730550267 0.000335933399037458 0.000815963171771728 0.000292753738176543
0.00126085201627575 0.00160929064149968 0.000190332587226294 0.000368124834494665 0.000466843097819947 0.00147727849544026 0.000374678717344068 0.00270656360080466 0.0038051130482927 0.00133653788943775 0.00214221263304353 0.00498698544688523 0.013703372515738 0.0133515116758645 0.00316818899009377 0.0145213474519551 0.0325747380033135 0.0866187624633312 0.0796867929399014 0.0703198410570622 0.0327015772461891 0.0561073765158653 0.0227658173069358 0.0107586364261806 0.025183972902596 0.0267488850280643 0.0037577751558274 0.0021511142840609 0.001103032840183 0.000542704090184998 0.000434871192555875 0.000222183733421844 0.000147062857649871 0.000325559749035165 0.000447673379676416 0.000300248708663275 0.000317621583963046 0.00032023158564698 0.000410170001123333 0.000343400802375982 0.000826220982708037 0.000624390250595752 0.000550731406838167 0.000410014933731873 0.000435776144149713 0.000480090086057317
0.000325540252379142 0.000576887888018973 0.000456191864213906 0.000867992170969956 0.00852521453052759 0.00521550001576543 0.00309411163907498 0.0115762753412127 0.0131755825132132 0.00681003867648542 0.0193840811029077 0.0491688258945942 0.090705531090498 0.111313788592815 0.0332208406180143 0.0255636120215058 0.0423848571255803 0.0176285364665091 0.0209897602908313 0.0226732652634382 0.033648450858891 0.0400654744356871 0.00746308749075979 0.00440865089185536 0.00796200432814658 0.000989434760413133 0.000714434163819533 0.000437598463031463 0.00118668672803324 0.00264265254372731 0.00313115400495008 0.00109533114882652 0.000728946065646596 0.000576204356912058 0.000826835684711114 0.000240248905902263 0.00029775499497191 0.000412802453502081 0.000440854000044055 0.000535292757558636 0.000669178267708048 0.000335566776630003 0.000314916994830128 0.000277190102497116 0.000201735681912396 0.000257289412547834
0.00852828626520932 0.0178571276366711 0.0102933701826259 0.0064354098867625 0.030648659542203 0.0276527175679803 0.0410267513245344 0.0523445032536983 0.0567279577255249 0.049907985702157 0.065203708037734 0.0519779473543167 0.00953205192927271 0.0399197820574045 0.0365821868181229 0.031197021715343 0.0101916865911335 0.0157977371476591 0.00384877894539386 0.0221675664186478 0.0134718428365886 0.00760314017534256 0.00646259712520987 0.00447045376058668 0.000685883393452968 0.000594680874201003 0.000642101964331232 0.00116875235689804 0.00139848916442133 0.00189426818978973 0.00270020805764943 0.00296937823295593 0.0022287753643468 0.00183862278936431 0.00120346462936141 0.00114542135270312 0.000464143557474017 0.000738720264052972 0.00105119045474567 0.000425355765037239 0.000449797784676775 0.000794140147627331 0.00043438083230285 0.00016190136957448 7.29166415112559e-05 4.96676359034609e-05
0.0156277107540518 0.0131208703387529 0.0154738078825176 0.148435287177563 0.0171364104840904 0.0432468637824059 0.0322282062843442 0.0493648584932089 0.0166437154170126 0.0207011631689966 0.0345290573313832 0.0730956137180328 0.00813771851826459 0.0313473062589765 0.00883775902912021 0.0124473745934665 0.00325453886762261 0.00314068712759763 0.00240796991856769 0.00169510417617857 0.00120494381699245 0.00149722364149056 0.00100909898756072 0.000718587037408724 0.00104097527510021 0.00358639662154019 0.000712892375304364 0.0011645779130049 0.00136403230717406 0.00190756454248913 0.00203269920893945 0.00231363152852282 0.00203029837575741 0.00176125504076481 0.00101009868667461 0.000678637504461221 0.000743240347946994 0.00122170758550055 0.000530667885323055 0.00053190712351352 0.000467680740985088 0.000159462145529687 0.000282763836730737 5.98503820583574e-05 7.10992679159972e-05 5.10662814122043e-05
