Maxent_result_files_1/Bombus_velox_3.asc
NCOLS 594 
NROWS 330 
XLLCORNER -15 
YLLCORNER 23 
CELLSIZE 0.166666666666667 
NODATA_value -9999 
[rows 40 to 59 of 330, columns 495 to 539 of 594]
7.62153051780956e-10 2.00245819925726e-11 2.70868105722855e-11 1.17693776946481e-10 3.51348949934049e-12 3.32255334356546e-12 1.43942635588701e-12 2.40585329436271e-12 2.39469555296523e-12 3.19513304702923e-12 2.30452323890518e-12 8.69666894054433e-11 1.98090432945719e-11 1.20515630808171e-10 1.61907776075054e-10 1.72287795141557e-10 1.7688165376839e-10 1.70545044753112e-10 5.82831005679907e-11 4.72081929103751e-11 4.98795782455375e-11 5.18812881544761e-11 3.91228605067795e-11 2.85382939502199e-11 2.8362423520889e-12 2.98688296318517e-11 6.39699071491862e-11 7.88888372627028e-08 -9999 -9999 -9999 -9999 -9999 -9999 -9999 -9999 5.88708337634358e-10 5.63260660335629e-11 1.5147494369927e-11 2.08174255611482e-11 2.32255326082509e-12 4.10574907405703e-12 1.79735226701894e-11 3.17090798063191e-13 1.235822555401e-12
6.70800193169896e-10 2.81436318694261e-11 4.07425093662539e-11 4.340504622391e-11 2.77370348911177e-11 3.04366531977962e-12 3.01400016056164e-12 1.79287695800667e-12 3.19486659350332e-12 3.26765281499775e-12 8.97037999436634e-13 1.33476563135559e-12 1.11622355802865e-10 1.21311394263301e-10 1.1175468328517e-10 9.74489045013627e-11 8.9802654201776e-11 5.75126279933613e-11 4.73052597094181e-11 8.17416800913406e-11 7.40896011208747e-11 6.01044214398883e-11 6.98713309432719e-12 1.59314783587661e-12 9.7737373749851e-13 4.50928183681754e-13 1.74527059471075e-13 9.79538672396529e-13 2.07544537111914e-11 3.13014059116767e-11 3.81039509989023e-07 -9999 -9999 -9999 -9999 -9999 -9999 6.24343328148314e-09 8.2426898639909e-11 2.57756482824334e-11 3.61621843580906e-13 6.40065778156895e-13 1.14452891608607e-13 1.15585319093725e-13 1.15585319093725e-13
1.1883288908443e-09 7.93404342225301e-11 4.76514383507265e-12 7.87483411812673e-12 2.9600544237951e-12 2.37071473563333e-12 1.86123338963284e-12 1.62128088732061e-12 1.36377575898905e-12 1.21598286995095e-12 1.5137890940764e-12 9.16078324308955e-13 8.92830254173305e-13 1.27882593403683e-11 1.11483577924787e-10 9.52098289097592e-11 1.08501541085104e-11 6.29100327387277e-11 2.3078650102093e-11 1.57316382143335e-12 8.09907696464052e-12 2.84196000066572e-12 1.46886947050007e-11 9.35707067384328e-13 3.54105633704194e-13 5.87174753263753e-13 2.26250129742311e-12 1.73150382920539e-13 1.45616851909836e-13 6.70752342557535e-12 4.45102055213198e-10 -9999 -9999 -9999 -9999 -9999 -9999 -9999 9.49673793604333e-08 8.44109004916049e-11 5.2494120161839e-12 1.2481127242836e-13 1.70563563273163e-13 8.07909295019726e-14 1.02950981073491e-13
1.71485824429496e-09 8.4490479057564e-10 2.4645893104136e-10 3.9420577913063e-12 3.83448828245037e-12 3.90701915264913e-12 2.57327492647619e-12 2.89929191765737e-12 2.07139860819439e-12 1.5289103316718e-12 1.34597888390431e-12 1.74444902967252e-12 8.90401086195425e-12 1.12848619338024e-12 3.28704841123795e-12 3.15457659993967e-12 1.86121229539538e-11 4.058453573208e-12 1.4370771239669e-11 3.10722558793941e-12 9.60387325221745e-13 1.52657886332008e-12 6.23119333909017e-12 2.0712098702802e-12 3.97998300982749e-12 3.68771679859492e-13 2.08533190715343e-13 1.63868918434673e-13 5.84188253327511e-13 2.15333306741172e-12 5.93881721577816e-11 4.79697346622565e-07 -9999 -9999 -9999 -9999 -9999 -9999 -9999 -9999 5.41433431422433e-10 2.48401743618842e-11 9.01945185205477e-14 2.19345652752168e-12 9.42801392511683e-14
1.64299129856715e-11 7.26187998623118e-12 5.86274362390782e-12 1.17162834989415e-11 1.66672298185233e-10 6.76025901924504e-12 7.54697415672467e-12 2.82865952883071e-12 2.37437847161459e-12 2.07006634056484e-12 1.78317360877145e-12 1.41772149575559e-12 1.1391332321864e-12 1.02939878843245e-12 1.08489883743346e-12 1.17446052882997e-12 1.53750345788239e-12 3.30275140569825e-11 3.90358856350304e-12 2.19091411679528e-12 2.80984124856332e-12 4.51935822098903e-11 9.66417390557695e-11 5.11157893789971e-11 2.66573429996697e-12 2.27562413357418e-13 7.76023689752492e-13 2.05624406390825e-13 2.20690132834989e-13 3.61954910488294e-13 3.75906306082641e-11 -9999 -9999 -9999 -9999 -9999 -9999 -9999 -9999 -9999 -9999 3.93882038096649e-11 1.86128890078407e-13 2.32303065672568e-13 2.76212386296493e-13
3.49774209595921e-11 1.36790356819461e-11 2.17043849559673e-10 1.76627255044082e-09 1.88095644615416e-09 5.05125719030275e-11 1.22973520255698e-11 3.79183351384427e-12 4.8815507192046e-12 2.66487942823801e-12 2.18139950547425e-12 1.79046777404324e-12 1.55070400964519e-12 1.43134393226774e-12 1.11745057651547e-12 1.2423284623253e-12 2.2175150604653e-12 6.28659790891106e-11 8.74101901970903e-12 2.44594788867403e-11 5.69051472609772e-12 1.25560672969982e-12 1.09824371818945e-12 9.40902911139574e-13 3.44627659742969e-12 4.72899497339085e-13 4.01079169876084e-13 2.44870790311325e-13 2.04991579266789e-13 2.20931051231332e-12 1.18334110288387e-09 -9999 -9999 -9999 -9999 -9999 -9999 -9999 -9999 -9999 8.40416465308635e-09 3.67872399209546e-13 7.63722418639645e-14 7.6438855245442e-14 8.00026711544888e-14
2.77966094586191e-11 2.38607245073297e-11 7.98428323456335e-11 2.39461006579234e-11 1.11713971406857e-11 7.68133334716481e-12 1.13635434395576e-11 1.1004686051308e-11 8.61026805409892e-12 3.6578517992325e-12 3.09636760675858e-12 2.58072452297142e-12 2.17311724171054e-12 1.80793158222059e-12 2.636024731828e-12 2.67177391322093e-12 5.95615778919978e-12 2.77743128496155e-10 2.74465850047534e-10 2.72000044709841e-10 2.16777262807e-10 1.23752053049486e-10 2.34972041823767e-12 5.9153792975053e-13 5.38336042410492e-13 5.03774799653911e-13 1.44587675166008e-12 3.02691205433803e-13 4.4503090101955e-11 7.11166735500868e-09 -9999 -9999 -9999 -9999 -9999 -9999 -9999 -9999 -9999 6.872924451784e-12 1.03528297046296e-13 8.93285445613401e-14 9.54902823480097e-14 8.20121748290603e-14 8.1823436914874e-14
2.53461140964362e-11 1.3257894782015e-11 1.20374155088143e-11 1.21232579530783e-11 5.01115815509934e-11 9.30263421849986e-11 9.42441680251704e-12 7.00597357905508e-12 6.02758953860416e-12 4.39915881500497e-12 3.74974495898073e-12 3.22240012451402e-12 2.84219314750089e-12 2.43045583658841e-12 1.92336147009087e-12 7.41740557863579e-11 3.21023073679427e-09 1.30419970079121e-07 2.22903489000004e-09 6.93640694882092e-09 9.80539948902681e-08 1.11172517858193e-09 3.47635908948263e-10 2.01622163409354e-11 1.23486110226168e-11 2.01542116329279e-12 1.33648647704376e-12 4.25948165627688e-13 5.71709346530724e-13 1.15991949378724e-10 -9999 -9999 -9999 -9999 -9999 -9999 -9999 -9999 1.49876888677625e-11 1.1234346786182e-13 2.36732855540822e-13 2.65332200655166e-13 1.06015196621456e-13 9.89652804150865e-14 8.24673662691566e-14
2.34586572389617e-11 1.96223592929812e-11 2.24975704732344e-11 2.48194909069355e-11 2.52760146146613e-11 1.06832542812185e-11 9.16040576726118e-12 1.16171072761517e-11 8.07582889450487e-12 6.34715613401227e-12 5.28684873657426e-12 4.59708937583514e-12 3.99147381813236e-12 3.76504383226006e-12 3.52878837261983e-12 4.76908756930072e-10 4.90738705227756e-10 6.73994227096131e-10 4.82006345947639e-10 5.18010445649253e-10 5.78829950637072e-10 8.69914928980364e-10 5.58708279640996e-10 8.21177681409324e-11 3.63604701902887e-12 1.32663879881534e-12 5.34938759955139e-13 1.70545799704769e-12 6.96875890326964e-13 9.73605196463723e-11 7.62235371742914e-07 -9999 -9999 -9999 -9999 -9999 -9999 5.51369481183173e-09 2.96140445499304e-11 1.48647760767062e-13 1.3479217741974e-13 1.22113430478521e-13 1.1181056081e-13 1.12232445559357e-13 1.87960758069039e-13
4.56610305121785e-11 3.11108916406511e-11 2.13766226941914e-11 1.8764834130991e-11 1.66451741279161e-11 1.38038247499139e-11 3.49796414056414e-11 5.71175051700124e-10 6.6498351269928e-11 2.76369338525484e-10 1.00400310287796e-10 1.07098219181978e-11 1.36728073307779e-11 1.04952380119983e-11 1.90629623197935e-11 2.25241545415145e-09 2.18257646400488e-09 1.40404299298069e-09 4.11018541424113e-10 8.42923952859564e-11 9.91984450138261e-10 2.63373967079872e-10 4.18559631398807e-10 4.77370387663711e-10 1.61636370954454e-11 1.1558642931675e-12 6.03850303093623e-13 5.56032997423017e-13 6.69764244065618e-13 1.16253673354549e-12 9.10077768701001e-09 -9999 -9999 -9999 -9999 -9999 8.06167128608592e-09 4.56411797244982e-11 2.29205543433864e-13 2.13040696195321e-13 3.06588088250237e-13 1.38578037933712e-13 1.24433796599988e-13 1.22835075444527e-13 1.26665344879484e-13
-9999 5.00344413345566e-08 1.42440352846052e-09 2.69966562438384e-09 4.69724259488657e-11 1.99611327467153e-11 2.02059369236451e-11 2.52030840641737e-11 2.82949461638538e-09 2.71206892499265e-09 2.29577165056227e-09 3.3251025266523e-10 2.00542027428696e-11 1.36201605549502e-11 1.94070637338228e-10 6.76441125335714e-10 6.90115298240812e-11 3.39384076397664e-12 2.22365459379148e-12 3.18261750287263e-11 3.62214702676056e-12 2.11121120585744e-12 3.04770653158926e-12 2.23152607503607e-12 1.08111297691948e-12 9.20641340940165e-13 1.78392856042819e-12 7.87214737840714e-13 1.38322686638048e-12 9.51749901112464e-11 -9999 -9999 -9999 -9999 -9999 -9999 -9999 1.6754130346408e-07 1.14970755138444e-10 2.38307151789741e-12 4.45754544387e-13 1.68387526144897e-13 1.49447121344792e-13 1.40254474700896e-13 1.34059430223488e-13
-9999 -9999 -9999 -9999 4.65290947992969e-09 2.85056200866052e-11 2.04146144433537e-11 1.89403714934144e-11 3.48792521531749e-09 4.29517916789024e-09 3.28268590088499e-09 1.49142653782519e-10 6.07219940995662e-11 1.14894427305501e-11 1.41284983712353e-11 1.28894561690629e-11 1.17818643730061e-11 1.44648404365455e-11 3.12622150389075e-12 2.78443934575989e-12 2.27619034731674e-12 2.02868832843706e-12 1.95079508102936e-12 1.88896476238654e-10 1.42051803653231e-10 9.93499726931191e-12 1.03189679023785e-12 8.20710166493654e-13 3.05604430650419e-12 2.29226337911115e-10 7.66577900523924e-07 -9999 -9999 -9999 -9999 -9999 -9999 -9999 2.77393882197607e-08 8.55360227092206e-13 2.39297470727706e-13 2.20190532473907e-13 2.00972571917646e-13 1.76092473935796e-13 1.69286806794844e-13
-9999 -9999 -9999 -9999 1.48333680449753e-08 1.27814725470188e-09 2.82391110495439e-11 2.36571318090739e-11 3.09919312435625e-11 3.42027961508506e-11 6.28781804401513e-11 3.15296155850575e-10 9.87124826323793e-12 1.23396848294988e-11 9.50509670971655e-12 4.8001228547534e-10 1.46935611455845e-09 1.06991439041693e-09 1.03807928919508e-09 9.12528774765775e-10 1.60038871044321e-11 2.7481461550849e-12 4.69848604467415e-12 3.03382874378144e-12 2.12223572049197e-12 1.45378153959541e-12 1.83730808345217e-12 1.90808147060295e-11 4.87020912487424e-10 7.72364594503472e-10 -9999 -9999 -9999 -9999 -9999 -9999 -9999 -9999 1.70270064714373e-10 4.62196947381699e-13 2.84161583152809e-13 2.84028356389854e-13 2.92643687060945e-13 2.81918932643066e-13 2.23299156942858e-13
-9999 -9999 -9999 -9999 -9999 8.77421654665866e-08 1.26270411904272e-09 2.92426061143658e-10 8.47730194930563e-09 5.83664894193703e-11 2.14216755445307e-11 2.16285322984788e-11 2.33398078641756e-11 2.15726103647285e-11 1.44859790829344e-11 2.09569156472966e-09 6.06602879038576e-11 7.13257231055309e-12 5.97751848019357e-12 4.65424365714284e-12 3.71876973659369e-12 3.3248181985357e-12 2.76192402282049e-12 2.31924479621171e-12 2.24649188140802e-12 1.72309944090898e-12 1.7695511722593e-12 3.89801524391942e-12 1.70500613627667e-11 2.7423123771797e-10 -9999 -9999 -9999 -9999 -9999 -9999 -9999 -9999 -9999 -9999 -9999 -9999 -9999 -9999 -9999
-9999 -9999 -9999 -9999 -9999 -9999 -9999 7.13968413867949e-07 -9999 1.90895343754605e-08 6.8902323846487e-09 1.11486797571558e-10 2.33272623439973e-11 2.01505589991768e-11 1.52178158963068e-11 1.23998145085125e-11 9.78757075387193e-12 8.16988698915111e-12 7.17395032268087e-12 6.77278233496281e-12 4.57865967362636e-12 3.54409834812941e-12 3.15831805153266e-12 2.6842972289387e-12 2.39734898599409e-12 2.08165706894192e-12 5.32202060199438e-12 5.4017001982487e-11 2.65302779745014e-11 2.34865660253547e-10 3.81009419003764e-07 -9999 -9999 -9999 -9999 -9999 -9999 -9999 -9999 -9999 -9999 -9999 -9999 -9999 -9999
-9999 -9999 -9999 -9999 -9999 -9999 -9999 -9999 -9999 5.97710554273156e-08 7.6982442642759e-11 3.69679842293635e-11 3.40042882740477e-11 2.24126484038578e-10 3.82521473385466e-09 1.0533627747833e-09 2.38211894654228e-11 1.11010645120757e-10 1.062561150178e-11 9.20187259723093e-12 7.7936213038754e-12 5.00888219789886e-12 4.18931556112057e-12 4.68444172341265e-12 3.06236147551431e-12 2.34744446103718e-12 1.99572580683594e-12 1.95269356240146e-12 1.18643761481962e-11 5.14693121456133e-10 2.49715814693019e-10 5.80126613414222e-11 3.90443797193551e-07 -9999 -9999 -9999 -9999 -9999 -9999 -9999 -9999 -9999 1.94236525284941e-06 1.02631936282904e-08 7.55280282760396e-12
-9999 -9999 -9999 -9999 -9999 -9999 -9999 -9999 9.55363194965475e-07 3.08808534299487e-10 7.98924371103737e-11 6.95001457495792e-09 1.88748860985299e-10 8.85357565039158e-11 9.1142171587677e-11 2.39658071166104e-11 3.05302227943116e-11 1.84085147125757e-10 3.16756953999686e-11 9.80550085571963e-12 7.6280426419828e-12 1.10765174810012e-11 6.14167605661464e-12 5.15482101448583e-12 4.17006429387357e-12 3.45252715305833e-12 4.59337012870265e-12 2.62215804625043e-12 2.27415863918168e-12 1.9830914688157e-12 7.2739592127391e-12 1.56118451499765e-12 1.4431456030195e-12 8.98476848476548e-12 4.45758541189889e-10 8.66683145395175e-07 -9999 -9999 -9999 -9999 -9999 -9999 8.13671352517531e-13 6.07758288140303e-13 5.61750645999837e-13
4.17138856789734e-10 1.44778849242577e-08 5.27217393897494e-07 -9999 -9999 -9999 -9999 2.49577841171522e-08 7.65204677399822e-11 9.11772324307947e-11 2.81218726083665e-10 3.10351544463572e-10 4.07864630957988e-11 6.00949290330277e-11 4.29029889392751e-10 1.86447337569007e-09 2.31872965272828e-11 1.63180580159406e-11 1.58068447220217e-11 1.04411446155694e-10 1.12462705814664e-11 2.62743937717858e-11 7.29015614542305e-10 8.99044172442132e-12 5.00339769615721e-12 4.14888123856372e-12 3.66469077306419e-12 4.07912592592652e-12 2.80256928775202e-12 2.44458897569189e-12 2.01280103695467e-12 1.70943259547585e-12 1.54479762315418e-12 1.48729917270884e-12 2.89435142519778e-12 4.96985102849123e-08 -9999 -9999 -9999 -9999 -9999 3.59047978903959e-08 9.8566710349246e-13 8.32223179259017e-13 7.04514224736386e-13
2.50073162177955e-10 2.31501273706414e-10 2.14184014968311e-10 4.93919191102421e-09 -9999 -9999 2.55759110889819e-08 1.76123926554084e-10 9.49759937363126e-11 1.45676304352804e-10 9.77302794247237e-11 9.22555698501526e-11 5.39390643261584e-11 1.36643030224093e-10 8.6822136147191e-10 4.66653382602544e-11 3.27410432099384e-11 3.48230777547087e-11 6.04750582944291e-11 3.69570263281105e-11 3.77843671905964e-09 4.38646962086509e-09 1.48773290353787e-09 4.09134059964345e-11 6.27724539015162e-12 1.01599273438779e-10 9.50080014661126e-12 7.22992776758247e-12 3.64495100768636e-12 2.89807067233028e-12 2.49020803977373e-12 2.18856044398308e-12 2.09661177308362e-12 9.05772956638629e-10 -9999 -9999 -9999 -9999 -9999 -9999 -9999 -9999 2.22795123905328e-08 1.3611223259602e-12 1.01959551912501e-12
2.00035532582632e-10 2.45137088406011e-10 2.24138840820842e-10 2.57003607284645e-10 1.96251048745211e-10 1.63885338633207e-10 1.55639778842698e-10 1.67257274696908e-10 1.62958413429948e-10 1.55157172665454e-09 1.19276422072545e-10 7.99189048272808e-11 6.68940125514439e-11 5.68037950010591e-11 4.5763304257207e-11 3.89558274527246e-11 3.01480951314659e-11 1.87928040906726e-09 6.41658814970469e-10 2.3739055166061e-11 4.20342810558694e-09 8.4176586145901e-09 4.21950825391093e-09 5.28986043857316e-09 6.98108859609192e-10 6.40657205064343e-10 3.0306346321396e-11 2.89104962192255e-11 4.56885640431892e-12 4.06965572352647e-12 3.58510998665906e-12 3.06213943090938e-12 4.96056529186717e-12 -9999 -9999 -9999 -9999 -9999 -9999 -9999 -9999 -9999 -9999 -9999 3.76724207384882e-12
