Maxent_result_files_1/Bombus_laesus_3.asc
NCOLS 594 
NROWS 330 
XLLCORNER -15 
YLLCORNER 23 
CELLSIZE 0.166666666666667 
NODATA_value -9999 
[rows 252 to 272 of 330, columns 322 to 367 of 594]
0.000290908923895294 0.000854296585379188 0.000496927302522465 0.000179955863541625 0.000535626093213093 0.00155929469352607 0.000728249175987372 0.000760932216370769 0.000741820332400067 0.000725466193895308 0.000264143942280137 0.000238812636594721 0.000984883931755554 0.000748278191231799 0.000553758939415416 0.000520792620179311 0.000380810321335756 0.000299828222130494 0.000289599447229993 0.000246664676593555 0.000579916225795796 0.000480884383168956 0.000214524171859443 0.000211432434788072 0.000219457506133192 0.000252015656959159 9.84077655116655e-05 0.000130237278553047 5.30476022632675e-05 2.88731850491386e-05 1.32274409544442e-05 8.38706886940876e-06 4.11883220187148e-06 5.05768246064076e-06 4.21226646103445e-06 1.79059952893912e-06 2.97066127789014e-06 1.26962534303887e-05 6.27326107645043e-05 0.000820938236717472 0.000149642158553953 0.00497368951567876 0.0111125055450707 0.0477671928383643 0.183208430372179 0.183386714197695
0.000492440161889451 0.0009046656264033 0.000844031106000287 0.00105377114726544 0.000614173811801777 0.00088644563023621 0.000615955207521779 0.00048218461756071 0.000687323539446183 0.000662844263221629 0.000343836786439244 0.000587228621962388 0.000930150835571109 0.00167354163203526 0.000474264122920731 0.000377282941401125 0.000311541207868027 0.000292328212547244 0.000234870976740431 0.000195650245034495 0.000194509158416678 0.000195672460483953 0.000187140381670448 0.000183041841429044 0.000172618945896819 0.000193518282672978 0.000182805026880595 8.78054564307784e-05 8.89265411775142e-05 0.000273823759323677 1.62461675776382e-05 1.92431438510443e-05 1.59898423693905e-06 2.95881118799191e-06 1.83464384132526e-06 2.41253863481061e-06 2.06918122532818e-06 2.82473543630202e-06 1.3154084533229e-05 0.000115342732941348 8.54511980531436e-06 1.63645449682837e-05 0.000649601074076778 0.00042269053488736 0.00350252663042288 0.144277640455402
0.000914143151880609 0.000916033367302305 0.000899226648886753 0.00092222493007057 0.000921021472508698 0.000875944342251955 0.000984888529579031 0.000233292599039325 0.0020400765725535 0.000544242449066434 0.000869828132409678 0.000495896442800803 0.000504647756326593 0.000472663105019533 0.000393191858293551 0.000294806461405961 0.000285874133725894 0.000282402492402989 0.00019435856765736 0.000192731647298194 0.00017916982899181 0.00017317230687236 0.000170182379896811 0.000163412482209457 0.00013934860885737 0.000141036093239022 0.000139113677736591 0.000109193979075539 0.000326688343483006 0.000128772957837298 0.000117273330159462 1.9866502520971e-05 2.113624901805e-05 6.32804115100472e-06 5.53821972035795e-06 2.50005603875669e-06 7.98834153343808e-06 2.40650844920753e-05 3.79293186323459e-05 7.68746073344095e-06 0.00109967153754533 5.71472362780323e-06 4.22924358851606e-06 3.38983800432402e-05 0.000200886676658318 0.0231250232111449
0.00105202751904869 0.0011147549521894 0.00126659054320157 0.00166697104023115 0.00169470702662693 0.00129940032414879 0.000784998151976524 0.000821193448544921 0.000624400364776534 0.000441857297609038 0.000454750095102885 0.000521202250049302 0.000668976963505796 0.000359422221101535 0.000289780767308667 0.000262885558670356 0.000261425636767454 0.000250018299059784 0.000192046953054315 0.000181066187968704 0.000173775347775873 0.000176451902346353 0.000170111704578346 0.000151626497414348 0.000134507135616324 0.000113108757182612 0.000118019515787593 5.42261517808118e-05 5.04685495518187e-05 6.39748833735965e-05 1.94146764469272e-05 3.92386120183774e-06 1.08385630881891e-05 1.4623915501788e-05 6.14047925233563e-05 9.75384539574353e-06 4.14399729509185e-06 1.96061807510306e-06 2.80134611598815e-06 8.70627501100563e-06 6.15549421617567e-06 4.79209128511293e-05 1.95597805071612e-05 6.90918354067094e-06 0.00464119686111231 0.000319445479721503
0.00127921745386175 0.00128227288295761 0.00144562578781233 0.00186362066533547 0.00134301597419153 0.000888384610045279 0.000660328916086073 0.000551604271501116 0.00103551412426062 0.000275417222253216 0.000744627048121171 0.00049773714968725 0.000374373622652269 0.000292388533968813 0.000269000554338583 0.000232894917262516 0.000218013956280971 0.000234957766778376 0.000221999025791042 0.000205442401018641 0.000185156131475916 0.000182105846769387 0.000170371142445302 0.000160206790809558 0.000125205780934534 9.89323321620827e-05 9.45611091765941e-05 0.000239992460035443 3.26297539402276e-05 1.9857567577386e-05 1.04512754376507e-05 5.20929373239998e-06 4.89768640862254e-06 2.95618935481912e-06 2.15399201238253e-05 7.10452997907396e-06 1.66021277845374e-06 1.45067427439471e-06 3.99200394168853e-06 1.02903318117797e-05 1.00760870629935e-05 4.18301922903153e-06 1.00215409873483e-05 3.13969581784423e-06 3.6920334986712e-05 0.0334015526670555
0.00167712023703643 0.00118103410507047 0.000994691716918794 0.00101247165710987 0.00087182671141619 0.000614194688577374 0.000529590778522859 0.000486306179883789 0.000434207633290362 0.000639405479959676 0.00113089873512062 0.000449280697066534 0.000318447638679775 0.00027408350438487 0.000213040305423462 0.000208051030152001 0.000203339504090128 0.000216481267276003 0.000239212940618871 0.000247155025313783 0.000204442388553572 0.000178266468153265 0.000165696305248819 0.00015069526137802 0.00011248182811473 9.23552577149267e-05 7.96982701786075e-05 8.27849886263832e-05 8.05066626242135e-05 6.1456042521979e-05 5.78094156594711e-05 3.72806713585971e-05 4.33279951380872e-05 1.19709796564504e-05 6.85604970982467e-06 2.46385350273215e-06 1.36216404733602e-06 1.04916521959098e-06 1.28975336206594e-06 1.83702389942031e-06 6.40198260427605e-06 4.22988806338953e-06 3.52170226782134e-05 1.57337194585661e-05 3.20304257706905e-05 0.00051303119944881
0.00165458620263053 0.00267322510978829 0.000934691224787798 0.000791302307705521 0.000682483710748727 0.000592899587091544 0.000526445728839287 0.000464985235344395 0.000396435294978181 0.000373323193042518 0.00047176575006449 0.000295626018775563 0.000140415310438469 0.000248532833378701 0.00021111222816822 0.000194360638157909 0.000199180394499676 0.000243265874940191 0.000295556313410661 0.000287254640204537 0.000222049144010317 0.000181761380704182 0.000159158920695135 0.000141260805961918 0.000107836192808275 8.62483188086682e-05 7.8316511837806e-05 7.52093748701776e-05 9.18929586079309e-05 5.26532763899468e-05 0.000120026631498149 5.67325710292721e-05 2.78568030438464e-05 3.33457718795671e-05 1.83559369915542e-05 6.62432009478353e-06 4.38559333773014e-06 1.11700566503004e-06 1.04058379895022e-06 2.2282317311384e-06 1.76607475526058e-06 1.21493610159007e-06 9.85380033912131e-06 5.94532612727683e-06 0.000108083498864364 0.00390640783411609
0.00119777398638803 0.00104770573693145 0.000888255601230981 0.000758998132140576 0.000695598609181936 0.000662145453178376 0.000620386996548827 0.000556054165250863 0.000484061108344624 0.000434247273588784 0.000392110885350472 0.000483185115871487 0.000423733603471077 0.000317416414649907 0.000216897806263106 0.000186504725077841 0.000240560413368818 0.000292700991982831 0.000269776803881383 0.000255684650973864 0.00021121442194254 0.000185083404482345 0.000156256797336518 0.000130134757127132 9.97665471744291e-05 8.07850242381503e-05 7.47102616685535e-05 7.54460567066184e-05 7.60557803119011e-05 7.36895129534898e-05 8.3554934212815e-05 2.73789868202812e-05 3.49344889983172e-05 4.03942389240797e-05 2.10888756697614e-05 6.6548116052445e-06 2.64749933009512e-05 2.13108799389516e-06 3.38251548512858e-06 2.60273766983232e-06 8.53156284907897e-07 1.93859350812176e-06 1.87687721295848e-06 5.4866432410039e-06 7.60696959830831e-05 0.00467471661970246
0.00249763091627528 0.000979599341202686 0.000888945252004447 0.000855646723797321 0.000831310795717144 0.000798263748406214 0.000785650225747858 0.000707750306831301 0.000594360603351651 0.000519571760951854 0.000460524889909453 0.000395323347476328 0.000423904633631633 9.07644593723056e-05 0.000219460763163226 0.000203951309878336 0.000214523431338254 0.000197323389716308 5.78274802893186e-05 0.000155975540669773 0.000162221662499928 0.000160849540350017 0.000150196906964373 0.000127876003173133 0.000103224158113069 0.000183545543836827 7.20121892470615e-05 7.73002572657444e-05 8.10844045418091e-05 0.000165721204007252 7.52602665696433e-05 3.82587982997507e-05 2.6670063571288e-05 2.57879872307853e-05 2.07651310631718e-05 2.1521201828989e-05 3.14709466152863e-05 1.37107027754269e-05 2.11913580656642e-05 7.79652961000465e-06 4.53061703744595e-06 3.52515324415492e-06 3.61394876550181e-06 1.89507428444147e-05 0.00200411463462942 0.000778113088040955
0.00126205162510473 0.00121034504317947 0.00115134789865863 0.00115461774001915 0.00110266484019803 0.000965424405937654 0.000898654723212644 0.000847651015318007 0.00163817242760373 0.000636208918091619 0.000540167882649767 0.000455149031279745 0.000339895665814394 0.00122450881770746 0.000339663636120147 0.000261950329394611 0.000386370385613211 0.00020485517042016 8.88628084106391e-05 0.00016881516145667 0.000126715159668545 6.46251663595443e-05 7.41236998721195e-05 0.000133987743863284 0.000111227106049816 8.28485867714668e-05 3.2786342325164e-05 7.48369885997247e-05 8.30061477017918e-05 7.59694856867554e-05 4.39164195768282e-05 2.89388082421738e-05 0.000105563453701052 5.95297260161942e-05 5.62556619083665e-06 1.54503957588759e-05 4.62293438289407e-05 2.4531246594961e-06 6.40935498950057e-06 1.59556453205312e-06 6.45646785812914e-06 9.43148855014897e-07 5.74118111277278e-06 3.27516056530697e-05 0.000161745971014449 0.00050296011951052
0.00155561620135813 0.00163644236617984 0.000686721555877057 0.00153261261150419 0.00140689221593675 0.000393245548691468 0.00103703602564167 0.000895712727291453 0.000756361127907823 0.000663558068253245 0.000580914239840435 0.000462026900653179 0.000394984801338327 0.000330050449087194 0.000300620517942785 0.000327170867094195 0.000795239627432465 0.000327910695292533 0.000283429865207518 0.000205356440292026 0.000152576913086222 6.86478391388912e-05 2.88647262142283e-05 0.000276679947020209 0.000116737111729104 8.77485958654889e-05 1.1171804299015e-05 4.42632844740332e-05 8.07606252294701e-05 7.94538252819277e-05 7.93329643784868e-05 1.95864073251006e-05 1.06770609278328e-05 2.22120901000267e-05 4.76889288325566e-06 3.07229987001278e-05 3.37790516894643e-05 8.95800572493499e-06 3.80391613364228e-05 5.17750788958549e-05 2.43031748851763e-05 8.37659359120835e-06 4.39499387588915e-06 1.71997991313733e-05 7.12550623793828e-05 0.000322058048992313
0.00222643133811289 0.00221029036347319 0.000732798362582798 0.000594066357905376 0.00044117698055004 0.000310575072112584 0.0011647635553345 0.000965301405266672 0.000768126173390549 0.000749136780588522 0.000645562819652179 0.000558430529999843 0.000533998418939197 0.000466759199634981 0.00037668954388399 0.000428624742049855 0.000479674409218034 0.000433472812595337 0.000362482768834693 0.000245348541152468 0.000484778134632846 0.000135478450420401 0.000101934555109873 0.000106686193341754 0.00011464561528296 9.04866558360085e-05 1.18529943912704e-05 2.32704171662324e-05 1.08897237568795e-05 8.17739241711246e-05 4.8890118605982e-05 9.86778584320946e-06 6.68775282974821e-06 7.49316644714781e-06 2.44757425491571e-05 0.000122168752648522 1.04701152729092e-05 1.4657322782341e-05 2.34837352082296e-05 2.89571318035087e-05 2.44831322248729e-05 1.36801677726339e-05 1.99506123130799e-06 4.05439919656025e-05 6.98857023046395e-05 0.000119127908865102
0.00237197603200913 0.00226539960640367 0.00042366268803562 0.000178040903864485 0.00032067302495733 0.000451931001256867 0.000683632968730308 0.00108119648272336 0.000918813271441365 0.000863238546941147 0.00033362217588957 0.000628801052505068 0.00130230176667148 0.00132530417381567 0.000536461786594256 0.000526983056236308 0.00111627813396855 0.00095181759713201 0.000356138733186873 0.000503752530396573 0.000457874565032967 0.000137422163925482 0.000111217908071182 0.000438998715998329 3.43233877459492e-05 9.76970368702923e-05 1.07382159587721e-05 0.000210434545163884 0.0001199750103554 3.70237802656326e-05 5.47408231710844e-05 4.62923862471709e-05 5.8093978168472e-06 2.06872678347736e-06 1.16127986530268e-05 1.32633755356548e-05 5.41593485507974e-06 1.32787205700535e-05 6.52918407695324e-06 3.21396330491552e-05 3.55695312777016e-05 2.55194458688379e-05 6.15491332212059e-06 5.03114442289565e-06 2.65088970607286e-05 0.000280226865377109
0.000805358385991894 0.000478018582225559 0.000615838356623044 0.0003616611826601 0.000493630201151518 0.00035289492953865 0.0014608398842995 0.00263476287681215 0.000545975791974129 0.000977582720403092 0.000818926068841819 0.000664403308476924 0.000685386679513922 0.000562522796006615 0.000491052401398873 0.000504498425627942 0.00103066531996525 0.000377080746693315 0.000316444352433798 0.000284040403887165 0.000224372155199748 0.000164573920714184 0.000381418790708943 0.000106619374143413 5.39401971822784e-05 9.83458505866008e-05 0.000101359500877718 1.21993966550549e-05 1.14862546671257e-05 4.59024119721541e-05 0.00016769723650345 8.16327256075611e-05 3.69227145256557e-05 2.04787504642923e-06 3.69065212737496e-06 1.87266948729281e-05 3.21586787210615e-05 1.47548712789103e-05 2.06757804932178e-05 0.000262212516373128 2.53714260793458e-05 3.01454706857385e-05 3.46733221192608e-05 1.46430331791181e-05 1.10552875309589e-05 5.57200871806218e-05
0.000415864215631245 0.000502599120579816 0.000673222420925868 0.000216912058692742 9.1617369719188e-05 0.000726707415043393 0.000522589604960899 0.000315305756737416 0.000348787592706401 0.000782957946988816 0.000626978749505103 0.000627513236120469 0.00070395780078476 0.000581651533484173 0.000445711073185484 0.000368528230819443 0.000355302252501599 0.000364961106176975 0.000336622973708423 0.000358501176573467 0.000289598517584189 0.000204616346997843 0.000147595276296786 0.000248514961707114 0.000361338961926794 7.84595974901214e-05 5.76492642272775e-05 8.85017643673547e-05 8.84739138259261e-05 0.000100605987143199 9.68202179878919e-05 8.88096296934315e-05 1.44923820926679e-05 1.60472319522209e-05 3.37477944904685e-05 2.00309470756443e-05 3.33280720610785e-05 3.4850620838256e-05 6.43449259882911e-05 9.29085200482516e-05 9.11380470938639e-05 4.73109603063904e-05 5.86326073062082e-05 1.89806538685389e-05 2.25719336243935e-05 1.82115706521269e-05
0.00087700272474649 0.00143068793040584 0.000672536413821945 0.000210947729271993 0.00011908498618709 0.00080012150958737 0.000634209738541358 0.000447945257874238 0.0011473442448704 0.000890094080438075 0.000949911803347803 0.00224192261939606 0.000682052020689783 0.00051414803935107 0.000433544560515031 0.000421405977493428 0.000343538022451861 0.000317842294762993 0.000277630121598127 0.000296026745722666 0.00029215294134759 0.000237613455370445 0.000177983704607254 0.000141549775422201 0.00010847512861899 0.000376341831099492 0.000112725388022084 9.83071444995098e-05 3.03965736754841e-05 7.19404576024485e-05 5.15386272057161e-05 3.99140037245616e-05 3.87050262418143e-06 0.000149948755183571 0.182322197291069 0.00013948325369042 0.000134160466746269 7.13722533362327e-05 8.87083355223917e-05 8.11002390264659e-05 8.75279799231632e-05 7.11113204346248e-05 3.28653737014406e-05 3.47338102997696e-05 4.07763713781595e-05 4.43011726876774e-05
0.000962009095064786 0.000828557096428995 0.00224317197307755 0.000648016721197564 0.000301699635281238 0.00180610936806715 0.00118457577149798 0.00145976992540113 0.00134793643981084 0.00120366983405518 0.00105964238958478 0.000824119371990584 0.000692339404607445 0.000582130150110438 0.000498776105703203 0.000407276471379281 0.000359464474073212 0.000310461938806161 0.000550483258880274 0.000242435603554247 0.000264031200645354 0.000239164841893158 0.000435125818028992 0.000323423217997199 0.000122554673485775 0.000100115406714374 9.84081380592028e-05 0.000143638507950539 1.29580449335642e-05 7.51169304883392e-06 4.78640195531566e-05 1.1606296357114e-05 8.52545396130555e-06 0.000140879443264008 0.0809944160538084 4.36645457690399e-05 6.86143086341628e-05 2.27073950441192e-05 7.763930912007e-05 3.19088650371668e-05 6.46727724870288e-05 7.23589820836423e-05 6.5892429998371e-05 3.19594273392454e-05 0.000101714930463015 4.34274546535218e-05
0.00266224352544671 0.00247929853176174 0.000969687413271458 0.000213536017486149 0.000713799556393724 0.00348001027659848 0.00163255877754409 0.0014488416617553 0.00134822032771638 0.00255949321849016 0.0010022803165004 0.00182763015530085 0.000699855193118992 0.000541861229367024 0.000423527136807689 0.000386863253500225 0.000354808887890379 0.000306937336038171 0.000264530886399161 0.000215957474161799 0.000226509280761489 0.000228301961665822 0.000194947989157945 0.000154532704852173 0.000138909751829075 0.000124750443577581 0.000112772739399869 8.68878374495452e-05 7.50606535577569e-05 8.22726294987253e-05 0.00017244167039594 5.07221917559253e-05 4.81529603353015e-05 3.64252007614141e-06 6.77991145892065e-06 3.39995695455286e-06 4.09977481012902e-06 2.69704385120528e-05 3.43256117417923e-05 6.25185144514262e-05 5.67619171164324e-05 5.58667664734003e-05 6.43697270675148e-05 3.65883789001487e-05 5.05597135386893e-05 2.72378737349754e-05
0.00254715300416138 0.00233494525236892 0.000500966289357052 0.000306233121328603 0.000584377990284679 0.00176155238459614 0.00382232307056256 0.00136183494074089 0.00125014536859567 0.00113997945113553 0.00103943366180914 0.000888257298974437 0.000697263806345694 0.000568474393655127 0.000452119509906246 0.000426625952677095 0.0003384034128459 0.000296979813678533 0.000261621381432553 0.000219519402852664 0.000202917809153713 0.000198763253307643 0.000191828194570398 0.000162766743936527 0.00014331705642765 0.000129419266941988 0.000122414754111078 9.31018727223676e-05 7.84790366938348e-05 0.000134187424365129 6.92414201581615e-05 6.33323167278932e-05 3.9127945255768e-05 2.11346323575445e-05 6.05516757161695e-06 9.64870440613996e-06 8.09591995221126e-06 1.33869545173582e-06 9.85120207417367e-06 9.98641479554863e-06 1.60138912576713e-05 5.23676517474314e-05 5.81642078742561e-05 6.460697301236e-05 6.12953143701134e-05 2.04982707572299e-05
0.00239805334922494 0.0022212281789507 0.00209666226410263 0.00212797988101556 0.00192393460874882 0.00391454568671179 0.00150711216930972 0.00126782165581005 0.00125345502643057 0.00118353247482901 0.00109180909327051 0.000911042631139658 0.000756143477341009 0.000569171904456722 0.000456145387583917 0.000377880516823503 0.000330374052762794 0.000288201801565091 0.00026025322008727 0.000224644171570554 0.000191839261136895 0.000184451593735036 0.000191350200700446 0.000157352187219972 0.000142584664034418 0.00013260354534127 0.000118251779672318 9.37429621567842e-05 1.02605265255185e-05 6.29279714158271e-06 3.75863844741864e-05 5.9861002489503e-05 2.53598445169811e-05 8.33926636120141e-06 3.88180579875552e-06 1.74852284899885e-06 1.41547922183349e-06 8.45116858627648e-07 9.67376992822011e-07 2.92994577542061e-06 6.19761777187477e-06 1.84282076354236e-05 5.27377015487218e-05 6.48400113163916e-05 2.42674136657683e-05 6.57093960541033e-05
0.000739069048768215 0.00229168715650303 0.0021367846859448 0.00208448421390131 0.00186614347314844 0.00161385067193578 0.00137740928141454 0.00126131402301439 0.00122145106214333 0.0011496861193784 0.00100932532980487 0.000790954796186583 0.00065268487977872 0.000499115801228678 0.000397072053909431 0.000331383919864492 0.000274247027939289 0.000250767364891158 0.000235328286801562 0.000208351127626316 0.00044593208521887 0.000173568409759683 0.000184687713788234 0.000164694351288941 0.000148718427595429 0.000129445440447939 0.000120466869048874 9.79985535663919e-05 5.78860949702165e-05 5.4197870442585e-06 9.84748578540806e-06 6.36388638722063e-05 4.67536866785245e-05 4.83559344104378e-06 1.00703458997597e-05 1.1016865072655e-06 9.50321169845836e-07 1.2004939165422e-06 1.42238627987012e-06 5.90301027791895e-06 4.29687178389315e-06 3.73928719916705e-06 1.76461478048506e-05 1.53191093716032e-05 2.62013607397193e-06 9.10840360219822e-06
