Maxent_result_files_1/Bombus_quadricolor_3.asc
NCOLS 594 
NROWS 330 
XLLCORNER -15 
YLLCORNER 23 
CELLSIZE 0.166666666666667 
NODATA_value -9999 
[rows 80 to 99 of 330, columns 414 to 459 of 594]
0.000673679616017531 0.00134237092181593 0.000824784465153494 0.000331132365270626 2.4761343226487e-05 9.10030414473795e-06 1.75148359630839e-05 2.02879998028038e-05 1.51864113430378e-05 1.58650011989891e-05 2.16477252280356e-05 1.6736665009276e-05 1.40808574712992e-05 4.41689628928543e-05 0.000393058453022122 0.00141235246536002 8.61910399180488e-05 4.97362757414521e-05 2.57023108474641e-05 9.6780837580468e-06 2.16024049208841e-06 8.75854588286984e-06 1.37903375132975e-05 1.40107066812334e-05 3.39820836146032e-06 1.43773812446568e-06 9.14557724485121e-07 4.47130592959866e-06 1.24061310543766e-05 5.07470039009528e-06 3.00981091346131e-05 0.000336639199417732 0.000448550326109398 6.93804709555934e-05 4.80633418305842e-05 3.52080276329048e-06 5.67217434372935e-06 1.24237743772682e-06 3.99999834002074e-06 5.96030825761318e-06 6.50955823005006e-06 4.93802275940425e-06 1.52943079836376e-05 1.31595381056115e-05 3.33065283335543e-06 1.88088870665126e-06
0.0225295096080999 0.00166815458437503 0.000476448769353499 0.000728692485067672 0.000202842183789276 2.44031315774551e-05 2.21849666551033e-05 5.64520671083812e-05 4.75563406553192e-05 3.59032034895179e-05 7.35870531732186e-05 6.44762351363903e-05 1.59646243055533e-05 1.10479582531298e-05 1.90522601162257e-05 2.80729479104513e-05 8.90046943368361e-05 0.000180402933892765 0.000173305160296877 1.73914934180175e-05 1.52094377426693e-05 5.01738802540785e-06 3.91938907339129e-05 4.34542849205854e-06 5.07298839096393e-06 6.54629197532897e-06 3.26358641407953e-05 8.61843158704856e-06 2.01992131401152e-06 5.70738198213405e-06 1.6010113014886e-05 0.000368110312228964 0.000180261818582039 0.000152303855770697 3.92153557186248e-05 2.56035837445934e-06 2.45764684068117e-06 1.26100129847262e-05 3.44491094352861e-05 1.0990722434201e-05 4.72202086747586e-06 1.62485834653836e-06 1.0766008723806e-05 5.08755643977565e-06 1.88455215273109e-06 1.32383912099243e-06
0.00241811922507568 0.00474388075534118 0.00459306334472181 0.00179497074576467 8.46419874814819e-05 8.66268341420118e-05 0.000132527334947896 0.000400342817525168 0.000113804493612124 4.5538736180295e-05 0.000116365020858855 1.3121685650952e-05 4.22301909679845e-05 2.07303596823749e-05 8.37722004760622e-06 0.000146578430485533 4.90089135610106e-05 0.000140592822594954 7.41298628469167e-05 7.54473526171751e-05 1.56086362380847e-05 1.2047080741695e-05 0.000301400524182216 8.96674810657583e-06 0.000684124145546039 3.78832400040774e-05 8.40797018781814e-06 6.05238621620763e-05 2.68850329590009e-06 1.89669306571716e-06 3.20749785345242e-05 0.00117722441646038 0.00135584463423584 1.64847944517987e-05 3.24858430751362e-06 2.04036171870259e-06 4.31995000038654e-06 6.30471146635392e-06 4.23949163239179e-05 1.89360527116378e-05 3.81273210692257e-06 2.88459318582568e-06 7.42418923493915e-06 2.44480819901582e-05 2.54529394805303e-06 4.5537545858565e-06
0.00186840895127223 0.000649607404997221 0.00107251168957895 0.000386342221549374 0.000156557134285218 5.77184746847537e-05 0.000121628541916874 4.49819737325385e-05 0.000134371212336459 0.00228083396217292 0.000934156633675709 0.00254547699709349 4.3920572452405e-05 0.000102616474215578 0.000701313061394537 0.000171589971758257 0.000206025395254983 1.91035511420523e-05 1.5247587140621e-05 5.74965260383697e-06 0.000108000709906264 5.43271125303835e-05 0.000561300071321114 2.12204938065952e-05 6.55518418966716e-05 4.70131071281799e-06 5.88351922843344e-06 2.88999280443458e-05 1.79511150522615e-05 3.03891652171373e-06 1.64235906785493e-06 0.00042624139767895 1.83315551709029e-05 2.88620838642117e-06 4.45662339188857e-05 1.39041823511987e-05 7.76833194284787e-06 9.38632289120278e-06 0.000287024403605629 4.6739414528929e-05 1.15617252959055e-05 3.81617297051662e-06 3.71922290796078e-06 2.7138461064169e-05 1.10145714415921e-05 1.9015662829247e-05
0.0287996465553533 0.00119798984450323 0.000982683959202379 0.000144995911980206 9.50843121799716e-06 6.0598938308587e-05 0.000148148636895729 0.00154637945672961 4.098876223676e-05 3.55398605172752e-05 4.39061793750084e-05 0.000159220639955382 3.27357478959622e-05 0.000137752857882945 0.000208037163641295 0.00027804358472644 1.21111946255748e-05 4.35143294717832e-05 4.71313446054777e-05 0.00024818091817127 0.000113822238972716 4.172625069776e-05 0.00425223679064012 0.00190291865885275 0.000987958329444893 4.46915877568177e-05 2.23869699538248e-06 1.22677117230241e-05 0.000291508429332965 4.7407929199661e-06 0.00170947283249238 0.00285512074295058 6.29311205796235e-05 6.82329715502306e-06 1.52393021486619e-05 6.6079624495563e-06 1.48696424348782e-05 8.86145079448397e-06 0.000490325966167049 4.62223447534882e-05 2.07937862114704e-05 3.43833984004505e-06 1.45580435813031e-06 1.03116476104503e-06 1.83455708906877e-05 6.53254034261863e-06
0.00505033881095258 0.0427324092666822 0.00127327621135735 0.00021573904597415 6.61920703499685e-05 3.58637499477954e-05 0.000526694353538915 0.00234500405585986 9.29908643235278e-05 0.000217108206952632 2.25932583938215e-05 0.000276773943529918 0.00059116364666234 0.000233245656203462 6.50631834105297e-05 0.000225719931745338 0.00011220395560021 6.51526125971635e-05 0.000442504925522191 0.000125018553491674 0.00010774449911608 0.000109195600656775 0.000241195162448238 6.31824495485489e-05 0.00173210824837466 0.00106549344544256 0.00102346957587542 0.000166813302042301 1.8123614349963e-05 0.000230688300655724 0.000190092482398541 0.00319073022944281 6.40652739052339e-06 0.00017953263045688 3.61507204731937e-05 6.71616098370631e-05 7.65269764087861e-05 5.61620534543783e-06 0.000137895945732058 1.39668415783945e-05 3.19002909463961e-05 5.68659119515313e-06 7.28180129044631e-05 2.61650630591248e-05 9.03714103515085e-06 2.81500161918302e-06
0.0541473504057308 0.0192751354585198 0.00440507072068295 0.0014048211526088 0.000658138109305806 2.9669560496437e-05 1.6536285698654e-05 0.000101233823534586 1.107325493237e-05 0.00155301173537166 0.000135489471366501 2.8502688605081e-05 8.84680106594704e-05 4.02671126059739e-05 0.000124626398247574 0.000173997207496068 0.000157843588264306 0.000554328480256894 0.000131206505216142 0.000144938963065999 0.101155791059136 0.00261082359334104 0.00331941889441021 1.12238368192519e-05 4.45736978690547e-05 0.000343762025312033 0.00259796570767565 0.000106864709581345 0.00014943872865063 0.00045936508037645 0.000240745355586114 0.000792109772508232 0.000147602265081503 0.000389453614831825 0.00139918582904386 0.00134914965314439 0.000101120416547928 2.2819003029606e-05 9.77243616946399e-06 8.30899444110855e-06 2.12945563248468e-05 2.37250232228092e-05 0.000234967231881456 5.79929856030503e-06 8.44566504270006e-06 9.6627982031805e-06
0.00591759996029551 0.0874005204364948 0.00339536166181773 0.00299251099362443 0.00442226598974464 0.00451225892179256 0.000270378838541707 0.000440585586501419 0.000764912628380543 0.00687438924151138 0.000502362006643864 0.0167999264928149 0.000220309733431301 0.00118537318197629 0.000393497970099765 0.00384217293954379 0.00214562508075838 0.000589703352376225 0.00115694653434728 0.00290189728093145 0.0900431436805206 0.0155545565049685 0.0158414382322917 8.68443380473649e-05 3.34350589717314e-05 5.52918363933008e-06 0.000697274328418374 0.00107345244918245 4.86117284195564e-05 0.0049557133302371 0.00103664727828345 5.49950737536165e-06 0.000116212961449025 0.0185054074041545 0.00450016281656644 0.00358040786105222 0.00212972222463857 0.00173762044115207 5.35399319510188e-05 9.38102994758272e-05 0.000137706652844827 0.000156364247085161 0.000279308272155276 2.433477598629e-05 5.67878896617913e-05 5.3303002323446e-05
0.00724545866279705 0.00178680001992132 0.00354432044565436 0.00308571370553521 0.0105064390202759 0.00973230013833659 0.000754180568385654 0.00213946788708199 0.00111403380287811 0.00405992005998116 0.00564343140068431 0.00567085480369975 0.0109599916926584 0.00992825627779497 0.00295995167353132 0.032942572880553 0.0219389151795082 0.0286557822761923 0.0385785321976442 0.0697431504881489 0.00732344998272617 0.024095051116273 0.0729627825319767 0.00117418741558293 0.000117730576497976 0.00603477301032829 0.000155350426299694 0.00329793491409238 0.00677891823409045 0.00637420809364058 0.000251742048328651 0.000164156965610118 0.000556470312070445 0.0131168133693812 0.00898430467797766 0.00961997180863467 0.00365410270433131 0.00522295450373349 0.00131038814782962 0.000415439691311192 0.000354441897070501 5.24068484537565e-05 3.95696130453871e-05 1.19551603063428e-05 4.93189344069833e-05 7.34788356023808e-05
0.0200235961712515 0.0345028551517316 0.00967901759384462 0.0115770292011644 0.00430646305785292 0.0109875252150232 0.0183847603388131 0.000328956138764625 0.00439080955875397 0.0286348111927509 0.046349650952225 0.0352324714319153 0.00478255818028446 0.00147542282975963 0.00749998651807693 0.00688757457551352 0.00206986855490701 0.015356757121358 0.0229769760316351 0.000452648933458233 0.00889855020136849 0.00130806405909105 0.0453503664786695 0.000126465687048893 0.00257921750449035 0.040453905132199 0.00174862056519098 0.0017364913973671 0.0015093572691271 0.00206547404346843 0.00120838696397627 0.000733815800112225 0.00620473866292741 0.00248790156329051 0.000429376487397803 0.00917937909770394 0.00966958129904469 0.00160546302702187 0.000746865287923004 0.000220756444753079 0.00552840957358285 0.000316904080682434 1.37457831442589e-05 9.92549615148164e-05 3.13753071566225e-05 7.87808237983967e-05
0.0120981820420437 0.0182491234513948 0.0347751926813658 0.0171410852873086 0.0222548888996243 0.021173262875666 0.0613704219833473 0.0554121213862871 0.0363304712937456 0.0931940824515628 0.0231762365859401 0.016700796943519 0.051897712741561 0.0380578249181781 0.139744987431914 0.00640841711355459 0.00171026810646649 0.00373347987649169 0.00100653074398274 0.000237116297234552 0.00390098122722176 0.198731765223056 0.155925993178971 0.0562377612287037 0.00719393621685296 0.00035643024968065 0.00418148332696795 0.29029994700104 0.0058806991922167 0.00876069965314485 3.0413720163347e-05 0.000261565546527898 9.59193712245843e-05 0.0100957764573515 0.00017860036532511 0.00637581426095066 0.00597514475596973 0.00311266749660698 0.0258862196817063 0.00385692490745839 0.00279226971165372 0.00318750108483243 0.00264675196094217 0.000530971404721337 6.69176057272125e-05 3.7801979260621e-05
0.0285916947307697 0.0420930212188978 0.077188091819562 0.0106690530447766 0.00538800267761816 0.0170552663516538 0.0259975421035488 0.077534668792171 0.0625678289392042 0.0365129653925904 0.0479536129167663 0.0197926046415645 0.0131084801896577 0.00262754107262985 0.0319740703722989 0.00334717720995514 0.0271450594094063 0.00333128341014474 0.00121954544391722 0.00081059524975059 0.00232633536881784 0.00479976799898054 0.133255369445033 0.27497645121548 0.0419209658200998 0.0523136815025104 0.0362405617677723 0.187498726323247 0.0373076703345397 0.0151475148431928 0.00152251092662237 0.000171127550686934 4.32901991542112e-05 0.0103329733319697 0.00257494139950722 0.00145616781046556 0.00251267647432605 0.00265313270323908 0.00906662887712173 0.00200019071601244 0.00216453895297464 0.00104699596600373 0.000795645152536339 0.00126550278833703 3.23480744370386e-05 0.000142317428299066
0.0902889945967075 0.312213412579149 0.0418936202592025 0.0525316464957513 0.156127996151554 0.124217619312908 0.178012595977634 0.331224087998271 0.221018986101262 0.0594726907030893 0.0353739758962441 0.0561491749560645 0.0503067016853915 0.0300167592673115 0.00276060647422734 0.00569707634867829 0.00299533568518701 0.0178690266976233 0.00852832315696954 0.00105838081225175 0.00241185280053323 0.0105514376968991 0.13900203788653 0.195079082995653 0.202847855376604 0.103658656557419 0.169062416261568 0.0717052283464 0.00184656654945314 0.0874965822324157 0.0398787798651028 0.000329016688710515 0.000312196889177163 0.00119549261126572 0.0320551662123762 0.00291911769309081 0.00574532954122033 0.0048800948918886 0.00774554750301131 0.000994030871157747 0.00338090578489673 0.00500609566850185 0.000701726365718047 0.000555734839676347 0.000207499429363622 0.000325348969283401
0.0490324979286356 0.0518772676956255 0.0318124784192786 0.0864927848015213 0.0504838135628674 0.0819778654864685 0.259893530911359 0.256526411790765 0.168083730072976 0.0702983096261091 0.0459610593043247 0.043386708015154 0.034607979106995 0.0205937007452507 0.0427505824032192 0.466058526933193 0.0666237733039452 0.383842096477747 0.0215296460644114 0.0253191508223239 0.0194928387813904 0.11457053580134 0.300981485546799 0.126203767862171 0.144140124578553 0.0928426190133905 0.147516257641837 0.179266767203808 0.106707497965544 0.108223430812359 0.0995347002055496 0.00854589435621165 0.00394961915130807 0.00154304432246031 0.0349753670627251 0.0120516914133987 0.00513249258443551 0.00646503146683415 0.00186337212149272 0.000253724427420821 0.000266266904259282 0.000854627320055101 0.00129128365756725 0.000630229433005525 0.000507806835854296 0.000229964665599836
0.0658604243189302 0.148374733958735 0.254845135100186 0.344378628581762 0.0625100462844244 0.0466896314264926 0.0561337810202565 0.0990092802646824 0.0835665615594724 0.118294882836375 0.0620057975809052 0.0200976231296771 0.0273668336701967 0.017663157779289 0.225769288325682 0.0266774824831803 0.0951848232030898 0.055703607535176 0.00952041145158788 0.14981338866055 0.142565204761922 0.210501786321402 0.264349786937237 0.148658756521763 0.135054026851185 0.120443283304485 0.104275397041056 0.204010512493551 0.124040789529681 0.00511385900257437 0.0107767400866578 0.00854371456007357 0.00606297875319903 0.00786513524017209 0.00158820808283053 0.00378092206083238 0.00351387949857034 0.00317844204848308 0.00231834985903379 0.000315650404786538 0.000377871661476092 0.000392625547901559 0.00199469699680561 0.000282658573095773 0.000292537224600409 9.17020056475315e-05
0.00277665876783431 0.00243120139974105 0.369393643923104 0.0719264339669849 0.0118461974345968 0.0545457938634648 0.0220942558743434 0.0143970977198133 0.0135549696630307 0.106346787011717 0.0630855633639669 0.0276151972363531 0.0838543097512229 0.0718355938373861 0.21894405512503 0.0854760005840944 0.226102652586997 0.288961630873382 0.204928038269281 0.181801583431661 0.178096582740545 0.419519789749756 0.138340301066637 0.278324458748102 0.252083936519921 0.216724842693657 0.194712666037958 0.276492939144373 0.0784171142615378 0.0924035433679819 0.00750714146232241 0.00618494972840722 0.0016882909868599 0.0618575735017657 0.00601361393852002 0.00325185025017879 0.00745594833357275 0.00043231220151938 0.00325316717564849 0.000388219100722154 0.00081058602447639 0.000313622963130911 0.00196493680714759 8.81498700068706e-05 0.000362994357118429 0.000263288324887156
0.00585599619662389 0.0010745579158538 0.00610055782617565 0.0452840022748651 0.01925449739118 0.0667650241866305 0.412457282794639 0.113044252361942 0.0164340304707858 0.0459923604802299 0.0419370418032941 0.0206899157874327 0.0248590190972848 0.0391274814592231 0.118456176461768 0.00902982521370177 0.0934049811022675 0.219006856530905 0.315515877306461 0.47368820104748 0.102263063128339 0.147430150430591 0.394485253095627 0.343032025545836 0.181067816913128 0.114241319367284 0.156816084170714 0.0927237866788346 0.0976544754579663 0.0612430146895349 0.0225335105089471 0.00277844378375425 0.00952350989184376 0.0046994692888461 0.00725900808174629 0.00787318949135383 0.00517445094285893 0.00229368382768661 0.00489531801961363 0.00239085567318562 0.00160205306318204 0.00182234364244062 0.00337482725942663 0.000474023795477851 0.000249990200700267 0.00111174055024279
0.000194068832070116 0.00556784020154737 0.011408029751874 0.02367782452368 0.014315098280349 0.00235165333606346 0.0816908694334415 0.0921630319000425 0.0407025974259259 0.0764870314752045 0.0613584271212736 0.0942533324229316 0.234663725364953 0.0134582474734998 0.335781473852694 0.0646292950328643 0.115426869970702 0.0874371479691035 0.302766052633524 0.203956528473645 0.37497800141573 0.47066785544157 0.321194903552532 0.372601324319839 0.131550659611821 0.128636445850134 0.138858315069228 0.089970594085753 0.0876991141587496 0.092699112277478 0.00567777709468313 0.00367659510000006 0.0100245923794512 0.0159228454285767 0.00641982221254693 0.00690121722852126 0.00386947438466401 0.00152448790804022 0.00212161442944652 0.00160964752150798 0.000685711316407212 0.000212281661657177 0.000674712524884857 5.94410821577185e-05 0.000168999309607898 0.000165268706876631
0.0017714924266329 0.00152651738899294 0.00218117234617239 0.00359895323053934 0.00773950513140562 0.00583217728601368 0.0241550716640087 0.0852766487822926 0.0602872484836358 0.00860162973403931 0.161197798413923 0.111632520910773 0.192435465729795 0.00910500684529971 0.0291924960328827 0.0111295470041197 0.15659338622936 0.127406348404475 0.109473500701733 0.0568924162295531 0.0240401104141761 0.0591620115506601 0.361936822533607 0.352320377528667 0.28172185048461 0.255357883102261 0.199990808963776 0.0892607897520065 0.019622034789063 0.000570953751250525 0.00198824085236993 0.00227049029213191 0.00510220983202868 0.0366277927067131 0.00430842317879778 0.000978927984451206 0.000530281977236768 0.00230223776702787 0.00132278127624105 0.00219249594381475 0.000471392503220969 0.000257981155056086 0.000640125672088043 0.000684276142108442 0.000889956832467331 0.000221995839264366
3.81501590254629e-05 0.00235734852030873 0.0096767686358695 0.0159280383965072 0.0668806202311387 0.0277776365170913 0.0191310861830971 0.0425619057520049 0.0565076392151546 0.0275327688583089 0.0382410395907122 0.0811365854619282 0.109809067133756 0.00291708821896464 9.04067892406601e-05 0.00264714204531629 0.00644738933905273 0.00896153903267987 0.000650222919648513 0.00141857026610523 0.00929724126565361 0.00381827949895523 0.0303740344119966 0.168937692861073 0.119034129957436 0.300221683923155 0.207312537555845 0.157158672623336 0.106821841583587 0.0744757391512394 0.000636607004180689 0.000283404257415831 0.00134846446242796 0.0110842984548071 0.000821940572698043 0.000306842364989279 0.000244869917514734 0.000239949779643212 0.000221689267527836 0.0001498958639786 0.000177715636345965 3.54476441316365e-05 9.71689146354038e-05 8.13997505247244e-05 0.000289257126468723 0.000486891322755145
