Maxent_result_files_1/Bombus_barbutellus_3.asc
NCOLS 594 
NROWS 330 
XLLCORNER -15 
YLLCORNER 23 
CELLSIZE 0.166666666666667 
NODATA_value -9999 
[rows 280 to 299 of 330, columns 46 to 91 of 594]
0.0021751317428425 0.0026471545919776 0.000589988549472764 0.000272351771127433 0.000669393895077519 9.12791871087393e-05 0.000206629517197143 0.000285483503830619 0.00016450002513011 0.000285175547469407 0.000209063917282037 8.92665186256636e-05 1.86683684660238e-05 9.24092223613115e-06 6.28961504389736e-06 2.25321241487109e-06 2.17065467040811e-06 1.27849357909326e-06 4.71551006739901e-06 9.20603446274981e-07 8.20341412577363e-07 1.30163472249478e-06 1.79591959295067e-06 3.54652114538112e-06 2.42232762275307e-06 7.04426958009208e-07 8.72878268864952e-07 9.56440831600958e-07 8.31082530794447e-07 7.47634402387121e-07 8.96919794968198e-07 5.7618721172048e-07 5.43211092463025e-07 6.9411237575423e-07 6.66061274046115e-07 8.56662924775264e-07 8.99006445820305e-07 9.32797982500233e-07 8.61076173919173e-07 8.94744499646549e-07 9.31097244460943e-07 8.59612336512328e-07 7.80634709940387e-07 8.21727508082404e-07 6.43610688655372e-07 6.20741408852155e-07
0.000130377339519328 5.12325703311944e-05 2.55352054409741e-05 1.85462997251307e-05 5.89833169215126e-05 1.93601074897742e-05 5.47314342838945e-05 0.000200321550073568 0.000203444201906677 0.000146953420335194 0.000223240267951041 1.9170811992808e-05 4.80602598145197e-06 3.2910564868871e-06 1.92438902786307e-06 1.49087474596854e-06 1.51450084331373e-06 1.00458757401611e-06 9.23916226724941e-07 6.46507244539407e-07 5.91564825924706e-07 6.80054554891285e-07 9.98742245883477e-07 3.23777809398962e-06 2.78983879979933e-06 6.07410446207268e-07 8.29800171686657e-07 1.88440162105508e-06 3.16067010430743e-07 3.22053963230928e-07 4.21890332802377e-07 4.837792488388e-07 5.73816690518925e-07 6.79426250371762e-07 6.61285794478772e-07 7.4775697385121e-07 7.86643900596573e-07 7.63037013484791e-07 6.78607499082773e-07 7.05272063328266e-07 7.16257321187186e-07 6.97072772481988e-07 6.74779289511207e-07 6.59713126083261e-07 6.5094598937776e-07 6.08682420022433e-07
9.67028030572692e-05 5.24182978551835e-05 0.000246704584424151 4.16724731621798e-05 3.75116478608106e-05 4.28340646976722e-05 0.000110210933780763 9.95246642560232e-05 1.53644456986513e-05 1.16891550533182e-05 1.823976108426e-05 3.71787176618454e-06 2.46029445634122e-06 2.5948134407372e-06 1.33401855180182e-06 9.91972115116369e-07 9.118551759002e-07 8.35792317843698e-07 7.26937670947336e-07 5.73315205087965e-07 5.68231612874115e-07 6.1003636346868e-07 6.98615730243546e-07 2.29615174589526e-06 2.05467401315218e-06 8.14323308873099e-07 4.50346925617851e-07 9.25471525192734e-07 3.09173502444082e-07 2.77085024436019e-07 3.45731019280038e-07 4.21434276631771e-07 5.39962273649053e-07 5.83705097767506e-07 6.30621273955967e-07 6.86657614323849e-07 6.68096549816255e-07 6.15713420870634e-07 5.81231429919171e-07 6.16407709230771e-07 5.92987809966417e-07 5.83753789840102e-07 5.71485102796032e-07 5.46310538140915e-07 5.73237466028331e-07 5.54839482447278e-07
0.00019282877256046 7.2753617860144e-05 4.06458273573662e-05 5.60682557988912e-05 3.47313944075722e-05 3.62980348654673e-05 4.09282791224541e-05 2.63613315837574e-05 4.62112516288471e-06 7.60664227072994e-06 6.06316348239488e-06 1.5367934565802e-06 1.66663236882414e-06 1.26835730327457e-06 9.1856343544805e-07 7.7670781024608e-07 5.96409512354512e-07 5.67884509905525e-07 6.11921767301737e-07 7.68366754755334e-07 7.17652363846355e-07 1.08135347147709e-06 6.17773035571645e-07 5.7880855734993e-07 5.28979796854401e-07 4.6753936260302e-07 3.94616351684363e-07 3.19516383484597e-07 8.37919398577469e-07 2.42265143413078e-07 2.89726338564833e-07 3.55803413754074e-07 4.05319455865083e-07 5.06522904686335e-07 5.48368178954206e-07 5.14672574070119e-07 5.05502087833065e-07 5.04572636828016e-07 5.1973252652715e-07 5.48302304537174e-07 5.06813098866132e-07 5.01898328764128e-07 4.93965150383246e-07 4.99404193021746e-07 4.46179849689088e-07 4.27194551377852e-07
0.000106952496571466 4.00429949877434e-05 2.02262946913834e-05 2.11637642678397e-05 1.69142139384348e-05 1.28228510675399e-05 7.53885833546519e-06 9.71770464275323e-06 3.78053981648918e-06 1.2337270959506e-06 2.30441740995957e-06 1.12091927064739e-06 1.0141820212084e-06 7.55846429001394e-07 7.2620245532562e-07 9.04645881405486e-07 9.17904313268991e-07 6.02604555410835e-07 1.09034378397155e-06 6.68300882011863e-07 6.49793938123366e-07 5.36189821787048e-07 4.31834448022528e-07 4.09069953377639e-07 3.94768309774918e-07 3.63120237523162e-07 3.2766803954587e-07 3.09859162683779e-07 2.79737776764932e-07 2.53111647197102e-07 2.54337820138062e-07 3.11659289309318e-07 3.50112855329598e-07 4.10554336838231e-07 4.0216639973778e-07 4.12077355349538e-07 4.25629689004836e-07 4.28292379694994e-07 4.35089312134096e-07 4.28390413276247e-07 4.20229267206196e-07 4.47749908971673e-07 4.29809020374705e-07 3.92190439413298e-07 3.43543356962073e-07 3.35178542343328e-07
7.19827356078895e-05 2.26871216000291e-05 1.22300468319736e-05 1.39064830364077e-05 9.85487968137022e-06 6.79182962812774e-06 7.39775821330113e-06 5.73613242522697e-06 3.50473243315719e-06 2.3858961753831e-06 1.51873739469011e-06 1.34729076535223e-06 1.11246475853477e-06 5.91327666654706e-07 7.82352864803215e-07 1.05905893121871e-06 7.94165322304252e-07 5.90077119966281e-07 4.31480962959085e-07 3.89803298617153e-07 4.22495192253791e-07 4.04476189430625e-07 3.26119596394392e-07 3.37883062684341e-07 3.18152203249156e-07 3.09388265407051e-07 2.88896370648217e-07 2.74131119937238e-07 2.66937733783834e-07 2.40656117256322e-07 2.16018770515802e-07 2.80100444172149e-07 3.02868273394097e-07 3.19165093998208e-07 3.25671314982401e-07 3.34027938464487e-07 3.39582882702416e-07 3.32157168969616e-07 3.26744999767925e-07 3.17113959624749e-07 3.27285503232133e-07 3.29287134803735e-07 2.95907940994766e-07 2.89652302853938e-07 2.88654039337644e-07 2.78943637255225e-07
5.4904983335291e-05 4.69088424779329e-06 1.61473811317592e-06 1.75076206687663e-06 5.54023210952437e-06 6.17583493749407e-06 1.8384111172054e-06 8.2851613569801e-07 1.57759760099907e-06 1.12650644723544e-06 1.07861612548277e-06 9.81923761855796e-07 5.45805586682491e-07 5.54545091802083e-07 6.3006554569256e-07 5.80819582296499e-07 7.8382821300238e-07 3.51748383309314e-07 3.03598341133693e-07 2.8782333174604e-07 3.24480382118963e-07 3.2366163225106e-07 2.61852696326059e-07 2.58664346830528e-07 2.58158388533047e-07 2.39758301034954e-07 2.31418152196738e-07 2.33759237033837e-07 2.19593927397455e-07 1.92170517721024e-07 1.69450553855199e-07 2.29728121325934e-07 2.53340328981722e-07 2.66065873688603e-07 2.83191140937333e-07 2.8804462957055e-07 2.90167417205112e-07 2.94807884415604e-07 2.96117833187282e-07 2.8615887970318e-07 2.68417510795871e-07 2.53848391906786e-07 2.41143092694074e-07 2.37484790943654e-07 2.37223470378467e-07 2.42156411189853e-07
2.37288161883953e-06 9.84246619850637e-07 8.4989714821404e-07 8.78583853136661e-07 1.23584320022019e-06 1.06203739846933e-06 9.11962254690479e-07 7.84770170980664e-07 4.67350358235308e-07 3.23234050370047e-07 9.78574678356381e-07 1.01364267379722e-06 3.79646407111522e-07 4.17494935334162e-07 3.91224514828536e-07 6.28199177299393e-07 2.62591107969001e-07 2.3202621335372e-07 2.10739118244874e-07 2.11879270750615e-07 2.21921306575723e-07 2.23134426846627e-07 1.80277701389286e-07 1.76337900015255e-07 2.75546607042543e-07 2.2629254488038e-07 1.55823476077899e-07 1.72132107678635e-07 1.80370066615865e-07 1.7954973721146e-07 2.06625785992287e-07 1.52985758106183e-07 1.92201274273884e-07 2.16355581272865e-07 2.43007244904447e-07 2.57170280804075e-07 2.51176800958319e-07 2.52129590450068e-07 2.41063496986271e-07 2.24514108282392e-07 2.18357629933053e-07 2.12280770028883e-07 2.05290766785993e-07 2.09679541285368e-07 2.07064880441976e-07 2.05966199473551e-07
2.65834114543395e-06 4.66359587392162e-07 4.90249490781025e-07 3.4779156408149e-07 4.29902154053252e-07 1.90662094468053e-07 1.87263392348314e-07 2.55768561885361e-07 2.48446931294666e-07 1.96335775370926e-07 7.25647262811435e-07 2.29403578799747e-07 2.70191334550418e-07 3.33784298334194e-07 3.00135467057316e-07 2.30323895067386e-07 2.02988935882331e-07 1.92336845117325e-07 1.51053287567038e-07 1.48869976968058e-07 1.66701454418217e-07 1.64646611722219e-07 1.40986405838817e-07 1.18324444287055e-07 1.19206305626562e-07 2.15545486526025e-07 2.18801812224001e-07 1.16623751367229e-07 1.1604024017231e-07 1.28793806553063e-07 1.48265291599614e-07 1.28418355060944e-07 1.33991997941507e-07 1.684876920649e-07 1.86130786872241e-07 1.99932772204647e-07 2.06177103478922e-07 1.99444117043868e-07 1.96211401970459e-07 1.94932858832431e-07 1.92561217460252e-07 1.90187909510087e-07 1.79001207456508e-07 1.69872432920215e-07 1.65725064960043e-07 1.65013564412675e-07
8.92662419005319e-07 3.35653607663744e-07 3.00441990930267e-07 2.64738405064691e-07 2.1528978422225e-07 1.79593296678604e-07 1.4770634884087e-07 1.56696959052738e-07 1.58400229821609e-07 1.40306220330899e-07 1.48529444388146e-07 1.82204907162031e-07 2.42252387039343e-07 2.56687913235965e-07 2.28139766278446e-07 2.08127063672237e-07 1.94981377177328e-07 1.54450054523636e-07 1.12557230380617e-07 1.93527082714695e-07 1.13519005751073e-07 1.05021060647914e-07 9.553943520757e-08 8.61780852901006e-08 8.13363184803961e-08 8.99598534331858e-08 1.08035779433635e-07 1.08521576080989e-07 1.14862747935263e-07 1.03626709702098e-07 8.46968543299909e-08 8.94794299099999e-08 1.06804521848858e-07 1.08367136064658e-07 1.41805433173658e-07 1.54547515762715e-07 1.39979107416366e-07 1.42513528089694e-07 1.50395144515869e-07 1.50316552449681e-07 1.49581299879742e-07 1.49132999638368e-07 1.46162312830711e-07 1.42623152754595e-07 1.40609551735338e-07 1.35073959128817e-07
3.37956402773898e-07 3.19979701401962e-07 2.46182082008772e-07 2.26381351353666e-07 1.83287388466624e-07 1.50048590796814e-07 1.61703819756553e-07 1.57578094572841e-07 1.75922748724133e-07 1.8225519191617e-07 1.56045918586756e-07 1.69767358926265e-07 1.85630071669607e-07 2.1215892473947e-07 2.23948443078825e-07 1.85826993615024e-07 1.31789141377681e-07 9.4791937144123e-08 8.94353213709564e-08 1.08169775359102e-07 9.8810611248723e-08 9.59265975097878e-08 7.91976555447604e-08 6.36979498480628e-08 5.72706049695171e-08 7.20957251232335e-08 8.37335738523848e-08 8.69222951394022e-08 9.61465673299244e-08 9.9690575083855e-08 6.92513605571321e-08 9.87271278063417e-08 1.25332623923669e-07 1.13140076507534e-07 9.36560274666931e-08 1.12596817203325e-07 1.20992914176554e-07 1.20852839557983e-07 1.2173932120163e-07 1.2471774049061e-07 1.25594814903707e-07 1.19174625723417e-07 1.1712947873832e-07 1.18487951894508e-07 1.10094718408504e-07 9.40488135370288e-08
2.89800458830314e-07 3.00861456281609e-07 2.57521057989152e-07 2.19970358017463e-07 2.29156731279545e-07 2.06130317792486e-07 2.74358331608937e-07 2.81313437966446e-07 2.97949684124887e-07 2.54491975937299e-07 2.16121389939872e-07 1.82957509764492e-07 1.80764936175137e-07 1.84797035629458e-07 1.63365029948181e-07 1.46432643433059e-07 1.19039779278296e-07 9.29117643266863e-08 9.93296858098347e-08 1.0535178702753e-07 9.54366011995944e-08 8.00338360917863e-08 6.09736437340302e-08 4.83263869810457e-08 5.29659424763906e-08 4.87821662176202e-08 6.02719063991231e-08 6.53686528906405e-08 7.83289912931195e-08 9.49731864707815e-08 8.84359190322925e-08 8.84042801629903e-08 1.11489249476904e-07 1.0486830817058e-07 9.46152530545419e-08 7.76795932466712e-08 9.28384396914339e-08 1.04224508667983e-07 1.14781302684719e-07 1.17030204549451e-07 1.10503425432285e-07 1.04591684468858e-07 1.00434381522518e-07 1.0536738095368e-07 9.5905551589226e-08 7.15558682529149e-08
3.40925691943994e-07 4.61978522992013e-07 5.42558231586554e-07 4.06217807835674e-07 4.46119024388736e-07 3.95291201016335e-07 3.2695777747449e-07 3.00110799855702e-07 2.57535824488286e-07 2.29509628724145e-07 1.99096854913705e-07 1.52229392824665e-07 1.45373805437998e-07 1.44145880298652e-07 1.34665296513958e-07 1.1337825540636e-07 1.0812857240694e-07 9.19726391046538e-08 9.51796403469984e-08 9.12932044627723e-08 8.36224758771209e-08 5.63832612598958e-08 5.37965709312971e-08 4.58684764836903e-08 3.81920838954386e-08 4.25909629342414e-08 4.61595732303977e-08 6.12799857080404e-08 7.71687348688488e-08 8.11049165605482e-08 9.16493396729834e-08 8.62956220260003e-08 8.24354842166031e-08 7.94401513459775e-08 8.02632222018929e-08 6.37799960401253e-08 2.50711217830712e-07 8.40807377500141e-08 9.99713305915861e-08 1.03294840769763e-07 1.01090626891676e-07 9.79347033691624e-08 1.0254202713611e-07 9.9722993063267e-08 6.7102728529278e-08 8.47340521303863e-08
3.16272139144758e-07 3.09451493052393e-07 3.65178557615309e-07 3.48746516465326e-07 4.08209800184522e-07 3.16367103891935e-07 2.38578603983797e-07 2.29233539528195e-07 2.25201413428522e-07 2.0200718111596e-07 1.73799538671915e-07 1.37319720394657e-07 1.29804376314269e-07 1.28362633944334e-07 1.13184640326836e-07 1.05294351371299e-07 9.92444606495724e-08 9.12762834204273e-08 7.82987054748219e-08 7.30336289223033e-08 6.87606773297489e-08 5.58930322469564e-08 4.06498420701951e-08 4.53619989571052e-08 4.01154577112095e-08 4.35700338030642e-08 4.54296673169097e-08 4.68811323983687e-08 5.73408602377867e-08 7.18262878507403e-08 7.68792965288867e-08 7.76697214988076e-08 7.17914145909049e-08 6.89733045788898e-08 7.20870163561926e-08 6.99496112588349e-08 2.059082937933e-07 1.35466661177475e-07 8.09991611561145e-08 8.67084137823326e-08 9.18132164073882e-08 9.21364362582722e-08 9.41768437456858e-08 6.71425251397295e-08 5.21838755318527e-08 7.36815758628495e-08
5.05215176360707e-07 3.80798904586754e-07 2.71741300394979e-07 3.14374982934851e-07 2.80145226838613e-07 2.08691601955024e-07 1.93810070214795e-07 2.1788749506868e-07 2.05873563885461e-07 1.66481456176371e-07 1.35548367907745e-07 1.18513283453581e-07 1.17018785417144e-07 1.02640250432273e-07 9.06039177905882e-08 9.46445409155672e-08 9.38830210017727e-08 9.53974602424523e-08 7.58694898905787e-08 5.62437550755135e-08 5.53778859213594e-08 4.79799818542404e-08 4.71856898442979e-08 4.82563623727117e-08 4.33849479009041e-08 4.01638473590538e-08 3.94016571370059e-08 4.08390655515234e-08 4.73216319463177e-08 6.85815161105552e-08 6.87243138841609e-08 6.43094438146363e-08 6.86879486622161e-08 7.18318016623698e-08 7.08058109921694e-08 7.2367510384197e-08 7.89372821330403e-08 8.62147512492584e-08 8.4584234905094e-08 9.01549025655868e-08 8.12763188307031e-08 9.25419138653183e-08 6.69336209568883e-08 5.27698198027338e-08 5.96393346263824e-08 7.927718552736e-08
5.53728115448848e-07 5.0357315473093e-07 4.39756455250517e-07 3.46837338582873e-07 2.1833429570961e-07 1.81973802781954e-07 1.74202167002591e-07 1.5273904274693e-07 1.46454766536408e-07 1.19397098430341e-07 1.07766578594237e-07 1.11763676002852e-07 1.00873464070617e-07 9.17767884800469e-08 9.03127942208926e-08 9.30271282229e-08 9.27474239631465e-08 8.87971365770568e-08 6.41925236521956e-08 5.26417589519212e-08 4.37990669510668e-08 3.81842800933896e-08 3.89155798252716e-08 3.98530009881881e-08 4.0147858548778e-08 3.97015842423798e-08 4.4535621057662e-08 4.41197131273441e-08 3.51189700431576e-08 4.18474114916023e-08 4.9792888479061e-08 5.95571860273481e-08 6.45577294733357e-08 6.23959113710271e-08 7.2161537012505e-08 8.15344128213269e-08 8.09866339324117e-08 7.90736843114814e-08 7.10784844315526e-08 8.52726897093703e-08 8.71862994245021e-08 8.55385938081099e-08 6.80015862286609e-08 6.67168594148393e-08 7.34266707880238e-08 7.68912189030857e-08
4.66394951104121e-07 3.86172048649769e-07 3.07117946363178e-07 2.52705621051064e-07 2.04867339448356e-07 1.80870370058983e-07 1.56883403334973e-07 1.35986137550503e-07 1.20955784410626e-07 1.14855715338535e-07 1.09294997940879e-07 1.05125103999626e-07 1.0053037460267e-07 9.84718429464237e-08 9.59392332688935e-08 8.72130900830825e-08 7.94041312701665e-08 6.66828622541971e-08 5.40145140170978e-08 4.83003930185077e-08 3.94430189842865e-08 3.72842948515029e-08 4.04353142968716e-08 4.05515834245307e-08 4.05705613104601e-08 3.98632173492786e-08 3.86003032204485e-08 3.61347992416938e-08 3.3650222786008e-08 4.03123172176834e-08 4.18076535169121e-08 4.7184799001343e-08 4.91181605610791e-08 5.77706027016234e-08 6.55316091169311e-08 7.64520843077321e-08 7.98733928775164e-08 7.68892311597824e-08 6.79515828494459e-08 7.15012227203715e-08 8.16539373005298e-08 8.56971517748661e-08 8.22544365064459e-08 8.02861164217461e-08 8.21021915342612e-08 8.17955777776547e-08
3.24510178018045e-07 2.764334496419e-07 2.39805159907291e-07 2.1797957501235e-07 1.85739238034444e-07 1.6715548163404e-07 1.41558126287578e-07 1.22926251933109e-07 1.10936220210078e-07 1.2089871894716e-07 1.14274488183241e-07 1.05826740082193e-07 9.55886370945791e-08 9.13563408033724e-08 8.13902799379207e-08 8.26242168017188e-08 7.11608880266112e-08 6.09786074079466e-08 5.68311426363266e-08 5.40899343981494e-08 4.36056570407573e-08 4.17882823455784e-08 3.91913458130944e-08 3.6300325856331e-08 3.41791412949988e-08 3.32028325722433e-08 3.31552825194592e-08 3.10719986629238e-08 3.53209438586077e-08 3.50729887799162e-08 3.60280925981726e-08 3.93124771846942e-08 4.45570897511516e-08 4.53885402151855e-08 6.00925446292422e-08 6.44505437463749e-08 7.02235697147557e-08 7.31032352874195e-08 6.58462701252915e-08 6.70038945216334e-08 7.2751888247069e-08 7.54007338343854e-08 7.87662429502234e-08 8.95696670610846e-08 9.11044029550112e-08 8.71841953298258e-08
2.48769109845171e-07 2.1919290702499e-07 2.06968327631785e-07 1.94088938343384e-07 1.71410108151804e-07 1.56101465265124e-07 1.14985506627363e-07 1.09476472331949e-07 1.19711437562842e-07 1.07078786015791e-07 1.06193972015944e-07 9.88859838457756e-08 9.13057213836055e-08 9.23074912506649e-08 8.07300644112274e-08 7.09471567716946e-08 6.2768756414755e-08 5.86551635706201e-08 5.34037527977205e-08 5.05492635305416e-08 4.4129879750443e-08 3.7916351569578e-08 3.62658352237588e-08 3.37582004128478e-08 3.33439045263617e-08 3.5020716548928e-08 2.98970240564245e-08 3.41862490316203e-08 3.42903970995678e-08 3.43337804409316e-08 3.49448435521538e-08 3.62370402129386e-08 4.77437457568897e-08 4.93071579121818e-08 5.12372428040919e-08 5.12378847794537e-08 6.01873177075163e-08 6.07163485710771e-08 5.80147800022246e-08 6.61287696601676e-08 7.35398501205964e-08 7.87802131085868e-08 7.54098769206735e-08 9.15431758841123e-08 8.97497018925719e-08 8.84651173649331e-08
2.03855318403612e-07 1.90845866399059e-07 1.90034910119152e-07 1.87172284782378e-07 1.73539968884029e-07 1.43276264452652e-07 1.22317938533456e-07 1.16239100123039e-07 1.12590991108164e-07 9.88092889286918e-08 1.01794818796463e-07 9.50657621956452e-08 9.10533870523977e-08 8.35719378144972e-08 7.1797328793366e-08 6.2442602732915e-08 5.88657577793583e-08 5.54694891796714e-08 4.98252759051354e-08 4.52853484489424e-08 3.98272264945376e-08 3.41628338951239e-08 3.91480453387771e-08 3.84104800410512e-08 3.98907067378218e-08 3.57419429164452e-08 3.25703357617613e-08 3.19242898783045e-08 3.2227337065649e-08 3.09995237479654e-08 3.21621196341937e-08 3.7766272242834e-08 4.50319706857272e-08 5.22789312284999e-08 4.76597476151142e-08 4.48830385302301e-08 5.34348756353609e-08 5.76203499136341e-08 5.84554285865124e-08 5.97298443594241e-08 6.78033959644608e-08 8.48409925424676e-08 7.95015052901249e-08 8.24114026798384e-08 8.82613168329272e-08 8.74960774055467e-08
