Maxent_result_files_1/Bombus_mocsaryi_3.asc
NCOLS 594 
NROWS 330 
XLLCORNER -15 
YLLCORNER 23 
CELLSIZE 0.166666666666667 
NODATA_value -9999 
[rows 100 to 119 of 330, columns 460 to 505 of 594]
0.0110090557485819 0.000918615925461708 0.000819487522677787 0.00445265256997642 0.0044079815462292 0.00593462010478981 0.016109078656882 0.00135389929388093 0.000963637225287006 0.0264568206504919 0.00218294397562429 0.0011943678542332 0.00239640102970822 0.00119026876088177 0.000249788526735439 0.000314355989939941 0.00044901210453645 0.000148365161303676 4.05128857692283e-05 4.52174387541415e-05 7.94202373360031e-05 0.000127768717631471 0.00218748002343736 0.000358546134299342 0.00347885905066505 0.0146818824597034 0.0455754070251714 0.0141778922756203 0.00524365775636397 0.0151938506169245 0.0308532772294711 0.0157024297699142 0.040355565957725 0.0317571776919067 0.00387365540145922 0.00872738930629573 0.000950088764580048 0.000380733902420616 0.000420235807301972 0.00385858112421927 0.0834165301173925 0.0514660902321339 0.0768643893301487 0.0050378352463593 0.000105221157114377 0.00111997463289017
0.0157611058093607 0.0125549890333787 0.00978937386535108 0.00545906446286868 0.0114501237602194 0.00567058536360475 0.00673556616529822 0.00814857315272093 0.00152689314976655 0.00145105459575361 0.0160127254967683 0.0068493916754823 0.00141270190879181 0.00432404234387676 0.00392125502565509 0.00665755292413713 0.00146388981961922 0.000309663382858549 0.000752350808138769 0.00666640729177743 0.000646816735351785 0.000616331020165029 0.000693240655691374 0.0019799909031069 0.00577078087953851 0.00148026608080777 0.00204502483017267 0.00141776990927007 0.0166840089019388 0.0127158642746508 0.00499238623116756 0.0103777709010574 0.00512909280892868 0.0174960855394602 0.000478585260282238 0.00103741646240634 0.00590723789384158 0.0023535423109337 0.00197101600569045 0.00236022838798817 0.00464002537773922 0.00121909886980527 0.012909998325631 0.00115370267521371 0.0570091514123037 0.00384971735107253
0.00361004347694843 0.0511995436623692 0.0294177261181176 0.00700841615016543 0.0035650050812909 0.00123459907591213 0.0021964687194989 0.0025776143856557 0.0062280880229082 0.00769351566698578 0.0108564017886739 0.00669991330019895 0.0233397458784385 0.100305983240833 0.0660477772733429 0.0023865989750179 0.00680181509815156 0.0022636723133506 0.00127574412739524 0.0015535940130647 0.00958492392674088 0.00167558121021826 0.00138442102833736 0.00278388858624954 0.00109494576213787 0.00272724927736654 0.00165544297047129 0.000854440228690467 0.00340019262885108 0.00589857767611598 0.00254779041861184 0.00460050436668098 0.00663046229042387 0.000587001407987842 0.00150402585103602 0.00825863778792943 0.0565457599237561 0.00756218560600247 0.00796415949177033 0.0292863871902227 0.0044334988290161 0.00353255131001511 0.002322322018113 0.0111909672617912 0.00318916333639407 0.0056645845703315
0.0472834926098585 0.00375229822284424 0.0238578115589917 0.0464044174179435 0.0330106982961297 0.0155045654624701 0.00500123325437016 0.00245848097603566 0.00415336520145503 0.00221024128763814 0.00196723736039928 0.0119568083435297 0.00465271699686127 0.00858178263370064 0.0166131391772069 0.00623845434747636 0.00480388287105598 0.00738479092251509 0.0148185121361166 0.00855148618575186 0.000654429296780457 0.00105655068824255 0.000527369349306905 0.00516696110099399 0.00136505631301447 0.00482200029073283 0.000594707557161855 0.00111963096340844 0.0008588859696116 0.000825571904253863 0.00542008761182359 0.00344509555434342 0.000895638226094875 0.000543299918442208 0.000935281042371849 0.0039403088808725 0.000850155398891506 0.000311369120105298 0.000602004372683784 0.000646387274804216 0.0006507065877144 0.00103630013415994 0.000930852526643411 0.00247072557695738 0.00460380475269631 0.000581299037547245
0.0129776292131282 0.0110991245950572 0.0104131729516666 0.0328372319228947 0.0201480284333229 0.0376691726967692 0.0143625610508025 0.0185220676474273 0.0166926938574761 0.00457603727396147 0.0325359062291682 0.0112196320202202 0.00175078277079607 0.000709805317146284 0.00510740239988081 0.00340632742736489 0.00574801026377827 0.004133383219596 0.00113035323595287 0.000573527445526478 0.000611042481049928 0.000432497523234332 0.00107873360212887 0.000328007325074486 0.00276492514980653 0.00469081917544827 0.000838515654509198 0.000508893707629232 0.00133158729800892 0.00144503110214418 0.000967920106861664 0.00620961101958528 0.000199231966904823 0.00108259593798721 0.000302436916544147 0.000685655195630786 0.000756325174692252 0.000911598356267995 0.000299548306547359 0.000549545248070171 0.000503779850395614 0.000373221707999793 0.000733043099714581 0.000909639293997433 0.000872320379408897 0.00448687136522494
0.0671411227434874 0.0441896251402795 0.0451824874617159 0.0444163245148957 0.0312239785213023 0.133894929476082 0.0642808007076383 0.0358335413038731 0.00448244663421065 0.0266685901209712 0.0731667101383209 0.0133978811092675 0.0376635846681893 0.0253625174053013 0.000868622269599395 0.00170792230408789 0.013799812993966 0.0180168500868604 0.00175455464341212 0.00580432044807822 0.000718023541297941 0.000564001034986361 0.00112070718569766 0.00257539654074455 0.00428285760320222 0.000613161696676734 0.000606419538029934 0.000991544516971032 0.000986466008971854 0.00405048885149881 0.000839092166396349 0.00136168334720423 9.8250138115219e-05 0.000952651249826886 0.000314033714304462 0.000523010696449489 0.000576803348644739 0.000720722726883227 0.000396605841125308 0.000813726259621106 0.000438010977871883 0.00213661472123068 0.00147148027371604 0.00212254718301783 0.00416977461524462 0.000655129050809555
0.00332650274031039 0.00417099397376024 0.0197447458282113 0.0260557064786553 0.0429000661708415 0.0462040633894503 0.0112214099604744 0.0423106132075191 0.00489912578711584 0.0101343232207 0.00698593780398369 0.00170020436122047 0.00490071504027583 0.014468779367347 0.00534612534546888 0.0097849252344183 0.00693728770129383 0.00636206850176677 0.0033977712620981 0.0140697463415563 0.0041153220430715 0.00580508934217505 0.00230680433027537 0.0054887565667741 0.00165416211157217 0.00431249349494465 0.00334014184190892 0.00268428589915857 0.00126252434271222 0.00117748998454772 0.00236817130353302 0.000677183614246157 0.00223566289350856 0.000363050444741664 0.00370100771542639 0.00138752380658625 0.000295892454580227 0.000639028421305476 0.000840413961239284 0.00071986221315492 0.000519735047458192 0.000951650181439745 0.000973146810591841 0.00111119642720131 0.00108482186329902 0.000765179445107966
0.00306811484890019 0.00600970731892878 0.00151749164435888 0.010010598061349 0.00375337705410776 0.00437316426032339 0.0264741288498044 0.0341654993128031 0.00990713273640722 0.0220569867138693 0.0120890191756189 0.0435718794353306 0.019420756213367 0.0155846865847707 0.0443235544487834 0.00504429202017616 0.00487278145737946 0.0193486102856696 0.661453618388623 0.00875922269846248 0.025901499518659 0.0235227070748806 0.00764994620112702 0.00487150250119157 0.00206898549222387 0.00163488090925497 0.00350008629029617 0.00558859050506726 0.00138492006190417 0.00322891601826996 0.00253008545259945 0.00204776585451327 0.00222933699260466 0.00855461924802512 0.00177229260241827 0.000976984831161554 0.00153819019926764 0.00579013807000592 0.000736124075294409 0.000354401899880241 0.00113510281397716 0.00894752827007323 0.00529551773934993 0.00310506029106619 0.00050672433461566 0.0017922056010555
0.00322133427547158 0.0186669846065342 0.00907941312761977 0.00370881774288137 0.00315162544820851 0.0185981085523963 0.0345499556511641 0.00442538116476499 0.0112729489337653 0.0614756033755839 0.118385860696435 0.0217291921377182 0.0063368403352797 0.0741780310869217 0.0255197935737669 0.0277137830853462 0.0475622000172734 0.0116042523397249 0.014028352067198 0.0155942498507559 0.0243082012981176 0.0409083195030689 0.007399428624659 0.0060421273538005 0.00441988715538173 0.00370967392128136 0.000845751333684763 0.00350894217845052 0.00088139264821705 0.000537278725015344 0.00210488951323633 0.00340815002127783 0.004450629653043 0.00698542398552719 0.00691434998298064 0.00130717120808317 0.000628640255284341 0.0012058388398701 0.00158081129751766 0.0014380094751693 0.000187325862246701 0.00120718865117615 0.0421662894303109 0.00807807566263086 0.000823731042607023 0.00103019547078658
0.018304996099323 0.0248123458586633 0.0325399749912322 0.0124936009757221 8.56190351896657e-05 0.00610229665915006 0.00920399974565953 0.0191824278794229 0.0209871788043529 0.026743622822687 0.0196494458243251 0.0100828709723589 0.00894772328902036 0.0136138771660626 0.0215327929705381 0.0266565552912652 0.0204121985007077 0.0255858819931746 0.0276343775447458 0.011855735896097 0.00244587675679152 0.00525369339865257 0.0121309639356155 0.00588850055499746 0.00244853430971932 0.00312593310088284 0.00672912308946252 0.00531165255815722 0.00770204921718687 0.00141033933937766 0.00096180240102749 0.00977789113536725 0.000532516950553097 0.000747759006874071 0.000812936320160562 0.00536604239605367 0.0016681726361651 0.00161313171925142 0.000898676377309493 0.00154751173800228 0.00132366882305375 0.0054944673829354 0.00339248022497446 0.000947769278790211 0.00295299762510695 0.00205284035976425
0.0160334028303623 0.017690859362483 0.00818336344971939 0.0184705678169848 0.0521675203926861 0.0129211118244712 0.0358819926157594 0.0223782483721152 0.0420232975156978 0.00961741203791462 0.0284984712488949 0.0500043315812945 0.00333630371997083 0.00205821756047726 0.00463572375618219 0.0134197062579915 0.0296180493663996 0.0519745469093323 0.0582843821495771 0.0603763662278652 0.0220527712255716 0.0234925753436983 0.0560340220108628 0.054410607367754 0.0164712652203671 0.00399446741286825 0.00256951783211604 0.00293442041745298 0.00372459098724643 0.00341904732469324 0.0021002367012211 0.00304695997877386 0.00167476439895387 0.00238995512764105 0.00102213850334488 0.00160855275418287 0.00231969691988994 0.00168390326909553 0.00344220836654401 0.00470888843330464 0.0151949796865281 0.00409622484003194 0.00121865756478021 0.0125894362572581 0.00928142146214398 0.0211750450659849
0.017348568001762 0.0156242579221725 0.0197445742087439 0.0126132917681488 0.0146056153942482 0.0430372405797243 0.0453373565338552 0.0196579048177227 0.0214501990471035 0.0264168279245496 0.0386846771463752 0.0488757275044918 0.111994888260961 0.0497249342966825 0.0469642726704478 0.0233632091898471 0.0391562706790864 0.0250209453282878 0.0260696072597057 0.0443473291583359 0.025384209677577 0.028325795661658 0.0109744349589164 0.0234920788556337 0.0556386297568679 0.0557225611060858 0.0271030278876424 0.026825828012079 0.0142857220955193 0.0316747099161148 0.0104502553591608 0.00504232284000263 0.00165571135130453 0.00141850421214271 0.00800001715542749 0.00663170751649886 0.00401362498523667 0.00392989335232414 0.0151007155422121 0.0132519098231569 0.00136955569331261 0.00625829331111163 0.0384845674962889 0.0242340609387952 0.00872252276598 0.0224899378605187
0.0141286892583594 0.0501839484553784 0.0181958318703512 0.0523197866044939 0.0173023466020823 0.0670207199640572 0.0457317780703306 0.0468848070129752 0.0493836347945035 0.0508972155861557 0.0305155816487968 0.0443323637358844 0.0352379810065031 0.000113765152524092 0.0194684180431068 0.0215668164310046 0.0285770927090198 0.0500041676685214 0.0744480866938829 0.0543121801689267 0.0448489114642143 0.0330048757605255 0.014987246831879 0.00444495943957008 0.00308602335578746 0.025463616522029 0.031407569302246 0.00386153519574195 0.0119312955299392 0.00920981129165739 0.0108332628151402 0.0067754846153548 0.00343480510469982 0.0019517497965285 0.000856420351803899 0.00310313521767966 0.00656164115061983 0.00292388821428433 0.00196602707700881 0.000767318420752627 0.000941355399391219 0.00505491744843312 0.0275029881954938 0.0196942623129761 0.0389114961028099 0.0433446870185435
0.0460402759723365 0.0473541889339685 0.0224606758914888 0.0167132359696552 0.0319782360456884 0.0431318209506571 0.0460925505496561 0.0353202916681766 0.0475671226158738 0.0490213166922331 0.0503323990851641 0.0500313398428261 0.0548291293904185 0.0318423420190811 0.0198729866893053 0.020075600013618 0.0139160702113426 0.010906130100193 0.0171330096200109 0.00512690660962107 0.00712555019364984 0.00717425106899092 0.00532017482983065 0.00713081244612113 0.0079151788726449 0.00209244239370524 0.0258921596221626 0.00583228786745167 0.00517587497015484 0.00222018552549343 0.00139372840931173 0.00241274110780918 0.00470166274778592 0.00440906139447179 0.00372566880541854 0.00115855256460904 0.00325633442553226 0.00461600032285787 0.00932934950105846 0.00693611253518611 0.00844799932092428 0.00748900005128235 0.0172222453298765 0.0429236708355818 0.00640920855613112 0.0561622815206647
0.0384962434414774 0.0442489834968001 0.02554148635827 0.017594083910808 0.0409316501580179 0.04124093814753 0.0443081121891737 0.0234157212777063 0.0190125440713018 0.0488670437596738 0.0530912987887859 0.0570746975019574 0.0526560138911009 0.0384348727762699 0.0686660300008953 0.0316930847242475 0.043708061426878 0.0442462689243257 0.0247444869019091 0.00727125142293517 0.00337594448392347 0.00568684679541889 0.00182916633473679 0.018466876167804 0.0249110819771886 0.0161483567208052 0.00916748756663733 0.0306529447436333 0.0376422202214599 0.0502711459994316 0.0256241094903089 0.0002387216942489 0.0010506658846689 0.00142705542145531 0.00080916627507488 0.00176897279457089 0.00784497711574659 0.0184717912226915 0.00647964914678596 0.00173672291548488 0.00763314546275069 0.0413783585464173 0.00619077108662451 0.0291079407314313 0.00786622369621471 0.0338926838710904
0.0477264452492818 0.0442353983409703 0.0266110076569021 0.0272389308549464 0.0164774040225893 0.0323870961554348 0.0401529385708272 0.0434456278104335 0.0462262608110905 0.049698827136308 0.0427990227937698 0.0460301383398473 0.017579958261922 0.0248088238760829 0.0237306518480182 0.0258970340713859 0.0475474650971591 0.0371493019425543 0.0570802996167913 0.0297372223809361 0.0558777064085007 0.0454668803140521 0.00479124451935236 0.0055106613451586 0.00343703713404064 0.0271122993901372 0.0395834751427174 0.0577288532629609 0.0204721978780705 0.0476041214540601 0.0184088351656271 0.00582583518015194 0.00301516159802675 0.00433836484098723 0.00209535894472271 0.0106877996819094 0.00332276032669636 0.00121535830844361 0.0035133205135935 0.00529065697919577 0.0216186110861599 0.0224492868992285 0.0868338022613898 0.0427115945145488 0.0697822952643037 0.0435980273410678
0.0169065304566175 0.0376247608568519 0.0331977226305753 0.0277137018158101 0.0329280951991677 0.00909959829696171 0.0421982755884528 0.0446538072545081 0.0441991018131375 0.0480638401582837 0.0517752059735358 0.0225299847312272 0.052761640958488 0.0353954743593931 0.0583733798936009 0.058883323892951 0.0740635676309466 0.0343401427032856 0.00907733927471752 0.092442683968693 0.048737508431077 0.0370768832042813 0.00967510874397703 0.0134933730078046 0.00268951010962158 0.00342376857201666 0.00371727202078489 0.00870321309639623 0.0132523065466242 0.0599516610382125 0.0155371505417861 0.00371562194632133 0.00456865640902329 0.00853476673364639 0.00455878461476961 0.00124380259358388 0.00337520439570653 0.00830073761753738 0.00496519987937063 0.00229294301167909 0.0067699911043801 0.0128727829141848 0.0512217188253999 0.0422612506896257 0.0166235607117414 0.0264465294778347
0.0870585626922548 0.0417695117648691 0.0384123043622822 0.0385033451020718 0.0404425745364279 0.0309868273325264 0.0403498257976025 0.0343659687787294 0.0135004553863837 0.0473352209664881 0.0272682502865791 0.0230029668193311 0.0241347383707762 0.059044798463583 0.0461397994309664 0.039728370308876 0.0356249270960689 0.0398449072614312 0.0197756144773472 0.0199801461130846 0.00472521901501946 0.00579667497876599 0.0239352342618502 0.0430502492003143 0.0114920697037381 0.0501092456746846 0.0109078787729436 0.00748589547582067 0.0264543382067782 0.00447847233838825 0.027453469671309 0.0185066954931244 0.00866742892395351 0.00418709307190213 0.00963577234636771 0.0042156171847144 0.00239620969155776 0.0008690157062889 0.00596414363928751 0.0100670843369714 0.00846577268922993 0.0582318153232336 0.00359718532254387 0.00693341488949954 0.00186555270538521 0.00559390974813141
0.0531222033780068 0.0376908268313855 0.0391731460113078 0.0389802908524871 0.041022608987987 0.0458875202573836 0.0385673317592591 0.0260477466727025 0.0720110467635095 0.0313460780525605 0.05270960573107 0.0595289127901196 0.031542460527271 0.0409813020378351 0.0602710353210568 0.0620739504694939 0.047829600982368 0.061104136146605 0.0165714093389397 0.0231251515317126 0.00777758505496504 0.0773583413509186 0.0305742663528376 0.0216981319330308 0.00458234435383816 0.0602901537902653 0.0141068999280833 0.00581778793239494 0.0892990091815591 0.00865941908186573 0.00590342081844364 0.0158749356420286 0.00213611717153993 0.00386264944248191 0.0117738256410954 0.00786265194898874 0.000577302536613544 0.00246795413643923 0.00833850787708784 0.868346977233887 0.321259377896786 0.0717832515016198 0.0440176309552044 0.00783685874193907 0.00714290328323841 0.0124479597900063
0.0314501449698582 0.0408646688680165 0.0512311208294705 0.0234975083963945 0.0417741060722619 0.045001070946455 0.0311091957148165 0.0774689949117601 0.0887478148564696 0.0903870007023215 0.0962816266342998 0.710813894867897 0.577187910676003 0.0738692439161241 0.065075826831162 0.0656066639348865 0.00640879012486408 0.00539837727495511 0.0155743137832018 0.0627533204853535 0.069937994889915 0.641499508917332 0.0767967082560062 0.0179358112352606 0.0218989165063249 0.00896364354018822 0.0446825350867584 0.0385529323908996 0.0268353213808547 0.0140814534388567 0.0163422160127092 0.030768313210998 0.0480186876618518 0.0051958077253703 0.0343045356389602 0.00554494280343758 0.00786212598280102 0.0549749673315091 0.0103072874299368 0.123894562385976 0.0240830755239588 0.0665314955720987 0.0939949825406075 0.0178664222392812 0.0222713074946102 0.0764333199767862
