Maxent_result_files_1/Bombus_haematurus_3.asc
NCOLS 594 
NROWS 330 
XLLCORNER -15 
YLLCORNER 23 
CELLSIZE 0.166666666666667 
NODATA_value -9999 
[rows 220 to 239 of 330, columns 270 to 314 of 594]
-9999 -9999 -9999 -9999 -9999 -9999 -9999 -9999 0.995431751012802 0.0305275557562709 0.281379182636738 0.121671936661005 0.361183992028236 0.239963468909264 0.573236441612244 0.976535892486572 0.319907343760133 0.324377523992007 0.483825527131557 0.218092634901404 0.150123365106992 0.63983785957098 0.218562265112996 0.0859247700835113 0.0387896995060146 0.0965590472480471 0.0612878466990423 0.30394288636744 0.802720153331757 0.403859365428798 0.536291167140007 0.394342447817326 0.28735383642229 0.26026839516644 0.139004880189896 0.120317608863115 0.276868765056133 0.727655509114265 0.772938930988312 0.191919062659144 0.259071921929717 0.559759140014648 -9999 -9999 -9999
0.345991642773151 0.17050079330802 0.0817706933245063 0.19781134724617 0.502807447314262 -9999 0.297533025220036 0.855837684869766 0.152887281030416 0.134239839017391 0.133383399248123 0.999930882453918 0.107606971263885 0.0619678121060133 0.718235611915588 0.223978420977664 0.227504172679619 0.233866919088177 0.481388020297163 0.627072059329203 0.10876353358035 0.0357904065073853 0.050297072156161 0.347481293288547 0.808982850238681 0.518532989034429 0.192404023665404 0.202011216099272 0.0940129229709825 0.65980090200901 0.797109478712082 0.661491760611534 0.452667888998985 0.0356226528063417 0.0831407323479652 0.0783113937824964 0.0475127814337611 0.0928799085319042 0.164139089733362 0.181039477884769 0.717710721492767 0.926429826021195 0.293726696074009 0.607742428779602 0.173856642469764
0.08902128925547 0.0268882253207266 0.160400982201099 0.0780828960239887 0.281300567090511 0.369995741546154 0.801503190398216 0.739092612266541 0.195429745316505 0.730476349592209 0.616229416057468 0.804018986225128 0.875750142335892 0.0487166496925056 0.0683721485542264 0.369195983558893 0.24629483371973 0.317115233838558 0.593778812885284 0.731996813416481 0.520398479700088 0.571253491938114 0.623141406827767 0.621669916136671 0.348991647123785 0.478955330179849 0.595211781765101 0.182750599627981 0.0754640684155076 0.425700747966766 0.821010298281908 0.236212062835693 0.893568915128708 0.148566114157438 0.174183493852615 0.767702299356461 0.377299267053604 0.251300977170467 0.493888014554977 0.318928276002407 0.44915417432785 0.239602001011372 0.149597343802452 0.130307839810848 0.120017952471972
0.324326378107071 0.253549563139677 0.756700921058655 0.195863001048565 0.471445524692535 0.505382725596428 0.86383570432663 0.832010173797607 0.569471061229706 0.366035136580467 0.0749462509993464 0.0831335203256458 0.208266643434763 0.251553690433502 0.359940043043753 0.400846889962543 0.548305218492896 0.280790408700705 0.0342536979354918 0.047267303429544 0.147898152656853 0.251476900279522 0.712241725251079 0.197614338435233 0.649346233345568 0.649942405517504 0.847105336934328 0.761564835906029 0.676248607411981 0.905297458171844 0.75305213034153 0.205621108412743 0.110995097458363 0.27177015542984 0.342787004785098 0.820018720626831 0.52534074485302 0.64193010032177 0.119851801549684 0.582065635789604 0.195525185763836 0.159419916570187 0.0794052347540855 0.0589208044111729 0.088102213293314
0.0785317772999406 0.623044291138649 0.44456542134285 0.27993740439415 0.118445443361998 0.277602984011173 0.755941587686539 0.170671140402555 0.0801551043987274 0.0332314623108914 0.0429061979056257 0.177695718126529 0.259882634102679 0.4075966535173 0.36801165394898 0.230354075315699 0.423895135051498 0.400156147264352 0.0478146962821484 0.0556314495392144 0.491766391694546 0.230170968174934 0.0914741661399603 0.074785577505827 0.33194644600153 0.247120130062103 0.17668711990118 0.305680641531944 0.212316060531884 0.370347169041634 0.224322645366192 0.1793889939785 0.272866004705429 0.225431762635708 0.43957647531679 0.825348052382469 0.816274946928024 0.927105247974396 0.816668635606766 0.947698378562927 0.771598815917969 0.818798702955246 0.135335177928209 0.0404486304149032 0.0602954316884279
0.00471905229576443 0.0251865848316811 0.0418114843129501 0.0519363362327631 0.0271837591659278 0.135822710763023 0.185982464815891 0.0510042184352642 0.101074424681065 0.10572703666985 0.216253497032449 0.402977411450411 0.040835000520225 0.387257145416515 0.0866418991237879 0.515511240490014 0.1092369787395 0.378289262054022 0.0569251000881195 0.0704646833240986 0.242076621204615 0.114983885362744 0.181454657763243 0.375231111049652 0.208551970124245 0.277793136239052 0.604478096961975 0.50813752990216 0.27471649646759 0.206837990880013 0.220865757763386 0.526119303703308 0.751764085888863 0.528409608233 0.222074730694294 0.691576531529427 0.852825081348419 0.955040514469147 0.969517761468887 0.940739923715591 0.780634226975963 0.299032638622157 0.948330771923065 0.898535877466202 0.798026823997498
0.00307774078154914 0.0807329815055709 0.0209860797084976 0.202817273885012 0.00799634609323022 0.00252602274145467 0.0422541118285153 0.134624401153997 0.0189018457225757 0.00636996118118986 0.0330504529178143 0.0589624037966132 0.291766937077045 0.19002473987639 0.0532385246828198 0.0793859407305717 0.344100822508335 0.0663624990731478 0.138055535405874 0.0900521559640765 0.090339370444417 0.12076050657779 0.272576022148132 0.356305965781212 0.393558612465858 0.2501360937953 0.29720049649477 0.139438050985336 0.235094042122364 0.263466839492321 0.275367891788483 0.56204506456852 0.358265423029661 0.192699465528131 0.234137912094593 0.40972755253315 0.334080640971661 0.538485412951559 0.164192382991314 0.145552974939346 0.399602256715298 0.612053081393242 0.775830149650574 0.692137157917023 0.698502689599991
0.0402038888226871 0.314096125209107 0.387804460250391 0.434246772030019 0.0149713848040764 0.0847486900559943 0.0548482511658221 0.0525608814321458 0.0498935099784489 0.015150309051387 0.0162476959172636 0.0443140071351081 0.171590959280729 0.279920364916325 0.115835633128881 0.387451264262199 0.033790080063045 0.0518794340081513 0.245750132203102 0.110847574472427 0.186590006574988 0.107952422276139 0.12324051707983 0.142230970412493 0.388667106628418 0.352623721957207 0.215658257901669 0.274928729236126 0.218993106484413 0.0869976289570332 0.19936138689518 0.381417068839073 0.261621108651161 0.231673240661621 0.271043168008328 0.314975255727768 0.136100936681032 0.119395436346531 0.139118228107691 0.184481482207775 0.20671526119113 0.100795704498887 0.0827752051874995 0.0714921420440078 0.0643248068168759
0.740092661976814 0.295183087140322 0.735076010227203 0.7185507170856 0.427419338856794 0.185529579035938 0.0713930915109813 0.0636856625671498 0.273201425094157 0.0968528853496537 0.0540223740041256 0.0541472311830148 0.0650245146360248 0.130084757134318 0.364730241894722 0.12512671854347 0.0129208068174194 0.012897692223487 0.150412978231907 0.126278556883335 0.121936635673046 0.0935742489993572 0.235518351197243 0.353851994872093 0.423976022005081 0.101836566254497 0.0822177480906248 0.0724184749647975 0.060734354890883 0.0671287208795548 0.142932337522507 0.0800463687628508 0.348848411440849 0.236051695793867 0.155659004300833 0.146049483120441 0.179517658054829 0.228296769410372 0.146861642971635 0.134211564436555 0.118817779049277 0.110228746943176 0.0973057953640819 0.0752586625516415 0.0815354585647583
0.288186055421829 0.0771998235024512 0.121443552337587 0.0547469392302446 0.0693290306255221 0.0658869611099362 0.0296778939577052 0.0173455035917868 0.0403414918342605 0.0187709463760257 0.0201803399249911 0.0408132339129224 0.121431510150433 0.152627106383443 0.196616827696562 0.17067903727293 0.339972715079784 0.164697604626417 0.0986869767308235 0.349760821461678 0.103090998902917 0.11793076954782 0.102658332884312 0.376071324944496 0.412664148211479 0.363957667350769 0.299062529206276 0.353846102952957 0.0977006934583187 0.0626013012602925 0.166361901909113 0.31422872543335 0.25011018961668 0.12799012735486 0.191985629498959 0.287004473805428 0.467600040174148 0.301857081404887 0.149064029380679 0.14606787674129 0.139152185246348 0.14335248619318 0.0839994786307216 0.103193049877882 0.0980028532445431
0.117896485328674 0.899520856142044 0.841933854669332 0.0295135700143874 0.129053738340735 0.0467223454732448 0.0181190297473222 0.0249325652141124 0.0568392086774111 0.0147912700660527 0.0177465164273599 0.0254557780834148 0.22344776019454 0.460240051150322 0.154464621841908 0.0421476405113935 0.31094816327095 0.137420459836721 0.0867821134626865 0.27840242087841 0.373079532384872 0.123418866842985 0.270453988015652 0.25724426060915 0.0680184192955494 0.150864135473967 0.159231949597597 0.127158576250076 0.113903548195958 0.313457356393337 0.314695829153061 0.305534987151623 0.325069034099579 0.206891737878323 0.465983908390626 0.260651476057906 0.428287638291658 0.147825298830867 0.154174780473113 0.155529384315014 0.152690659835935 0.150736189633608 0.133795724064112 0.123963560163975 0.111107320338488
0.0555532002821565 0.356980629824102 0.527949312171768 0.0476871214807034 0.0166439166758209 0.0351580290822312 0.0522903565550223 0.134431679546833 0.0563794908113778 0.0142435139976442 0.016543667075166 0.0220788980092038 0.0660263278987259 0.105717479251325 0.0381887368857861 0.120424111559987 0.141208763420582 0.148336734622717 0.068299320153892 0.356475594639778 0.299346385896206 0.241424283385277 0.283678568899632 0.115935431420803 0.125968547910452 0.326488058269024 0.194900101423264 0.340348142385483 0.347034695744514 0.232570788264275 0.331900836527348 0.261441181600094 0.302285343408585 0.134413389489055 0.195010880706832 0.222869441565126 0.142781149968505 0.207031541317701 0.134747011959553 0.1662991438061 0.15978323854506 0.158801010251045 0.174905686825514 0.121780874580145 0.0918483456596732
0.0278442737646401 0.0220945628359914 0.133852640143596 0.14921688255854 0.130466128885746 0.0239100575214252 0.0153171168698464 0.0358727616257966 0.0476073048310354 0.0625596357509494 0.0153391382889822 0.0232227975648129 0.0665029518306255 0.0970150966197252 0.0604661444202065 0.0581185076385736 0.0808402564376593 0.0560434937477112 0.130509352684021 0.0502661298960447 0.0847439017146826 0.203326170146465 0.051404638774693 0.127340043336153 0.158494247496128 0.182320620119572 0.074284832412377 0.108920765668154 0.356155568361282 0.391566640138626 0.374192643165588 0.1972640812397 0.374550467729568 0.137133557349443 0.265224492549896 0.136722584068775 0.13811894543469 0.321132247149944 0.150663155317307 0.165762646868825 0.16077675037086 0.143761165812612 0.127907982096076 0.0988825185224414 0.0958359459415078
0.0443648031912744 0.0377342943102121 0.0148720036260784 0.653979583084583 0.468154740612954 0.0180302521213889 0.0143302598036826 0.0233370762565755 0.0169263406234677 0.0385324615519494 0.0447151872562245 0.0650784589350224 0.0472338166087866 0.0327093054074794 0.0264409428404178 0.0744305625557899 0.091636410728097 0.308781100809574 0.121166069805622 0.0587612100294791 0.0549594254232943 0.201726964861155 0.0894474431872368 0.0515425466001034 0.340001678466797 0.371622332930565 0.392777493596077 0.246286727488041 0.339695993065834 0.31126627177 0.40351320207119 0.393419480323791 0.214948657900095 0.304835716634989 0.343145554512739 0.121221993118525 0.174865254759789 0.314460154622793 0.197160752862692 0.115695170685649 0.140756408497691 0.125807701796293 0.29425579123199 0.1276710588485 0.12360858283937
0.0107048991136253 0.0104149262653664 0.0236544352024794 0.022559360275045 0.0244420829229057 0.0257649954874068 0.0305484803393483 0.0226385084912181 0.0124868230894208 0.0175042158225551 0.0311494450550526 0.0358109037624672 0.049378003552556 0.0279197454452515 0.0147894786343386 0.0202148176758783 0.0217403381480835 0.0483654413372278 0.0353176204196643 0.0518241822021082 0.054566905554384 0.099711499735713 0.0969805788248777 0.204621573537588 0.249366524815559 0.420851141214371 0.295828229188919 0.414027488231659 0.419000634551048 0.392651423811913 0.394903028011322 0.349481406807899 0.177458690851927 0.24172545671463 0.166239003837109 0.167775148153305 0.282405164837837 0.140010970085859 0.255478054285049 0.144107092171907 0.221515770256519 0.116900104284287 0.106982785649598 0.113056343793869 0.116694759391248
0.0579727683332749 0.155409810692072 0.0456807723268867 0.0562690379098058 0.0638707995414734 0.0205793249886483 0.117792153730989 0.0814963590353727 0.0176904075313359 0.0165202611882705 0.0228741946804803 0.0528916221112013 0.0543902575969696 0.0264228738029487 0.0162670113204513 0.0149873891437892 0.0121546625450719 0.018349872995168 0.00581994817621307 0.199880964914337 0.032026285585016 0.195565986580914 0.0340910833649104 0.144408144801855 0.0956976138055325 0.404747611284256 0.413783022761345 0.157530248910189 0.23283507078886 0.4201665610075 0.209550327807665 0.301711845397949 0.0800557176116854 0.088732486218214 0.180027469992638 0.334758319705725 0.147596334666014 0.076149576343596 0.13894266448915 0.120591526478529 0.0871313374489546 0.102385407499969 0.104238283075392 0.0644904855638742 0.126742094615474
0.0154754574410617 0.0535630915313959 0.0222147222608328 0.0194570285733789 0.00832902586553246 0.0666607432067394 0.581706655025482 0.317852009832859 0.0208041647914797 0.0734279561787844 0.0161961602512747 0.0282129120430909 0.0213053702726029 0.0539147693663835 0.013575606664017 0.0188600238645449 0.0161596931546228 0.00591682215708715 0.00561166837578639 0.0388298280187882 0.133355907679652 0.00785200174468628 0.0236760917294305 0.161654250323772 0.113230019435287 0.156661948561668 0.234354554116726 0.276187288761139 0.176884446293116 0.293145252764225 0.198614628985524 0.191393848508596 0.199593072384596 0.159053503721952 0.153675872460008 0.274535306543112 0.183429313823581 0.113666939735413 0.10158103890717 0.0884366229176521 0.0921216549351811 0.0986642014235258 0.090498192794621 0.0920640408992767 0.0618370262905955
0.053197173634544 0.0517037444747984 0.0101257252972573 0.0148928025970235 0.110301624052227 0.0361974019557238 0.0313569435849786 0.173597943782806 0.424821799993515 0.0316624108701944 0.0320966467028484 0.0400252932216972 0.0435865888372064 0.0321327593177557 0.0200150764430873 0.0152752223351854 0.0107233665330568 0.0088843577177613 0.00756850421385025 0.00394606202389696 0.0326352522650268 0.00845456005772576 0.0335263155749999 0.104587566107512 0.170809477567673 0.1517174936831 0.342456506192684 0.25966969281435 0.252096372842789 0.200037551671267 0.402124100923538 0.0701843481510878 0.209206223487854 0.259805787354708 0.131105929985642 0.100579836964607 0.0989406749606132 0.0787333633750677 0.0799575051292777 0.072635124437511 0.0746929915621877 0.110973779857159 0.0638247016817331 0.129246371425688 0.0570138128474355
0.0461585724726319 0.0269467982696369 0.0189743011957034 0.00583636758383363 0.023347663320601 0.107499213516712 0.0546987634152174 0.0405620690435171 0.0251075307838619 0.284556107223034 0.0745951920747757 0.0695689354091883 0.0454034477472305 0.0364141145488247 0.0271235546853859 0.0186119574354962 0.0174545106827281 0.0108194978922256 0.0152919129934162 0.0134141649818048 0.0167599138454534 0.014559605892282 0.0209436943667242 0.0296988510061055 0.109611068665981 0.118558956682682 0.484761744737625 0.326471178233623 0.425716960430145 0.230895872414112 0.270983628928661 0.343466051667929 0.304828229546547 0.094877764955163 0.0512315519154072 0.0844187093898654 0.0687263732776046 0.0563782163895667 0.0636838346719742 0.0576975015923381 0.0552797187119722 0.029037881270051 0.173467963933945 0.14645516872406 0.0519712350331247
0.0872594256419688 0.0164822838851251 0.0249478472862393 0.0355868879705667 0.0999293347122148 0.0978351021185517 0.0190681605599821 0.0304025863297284 0.0833640659227967 0.0733760602772236 0.0893953491002321 0.0656713850796223 0.0596435692161322 0.0237415838986635 0.0170635698828846 0.0242937318049371 0.03927256683819 0.0121027290821075 0.0171661721047712 0.0135310810641386 0.0661989631131291 0.0248351550661027 0.00793962499010377 0.0168112897779793 0.119889913871884 0.0859232410788536 0.428851713240147 0.193353012949228 0.112845225259662 0.0629174491390586 0.170046328008175 0.150671279430389 0.111729331314564 0.0927583612501621 0.114328701049089 0.332740020751953 0.115084459917853 0.0485167894512415 0.0484853334724903 0.0370896374806762 0.118953719735146 0.0381997976452112 0.0168866112828255 0.034586079325527 0.0614519694820046
