Maxent_result_files_1/Bombus_schrencki_2.asc
NCOLS 594 
NROWS 330 
XLLCORNER -15 
YLLCORNER 23 
CELLSIZE 0.166666666666667 
NODATA_value -9999 
[rows 300 to 319 of 330, columns 225 to 269 of 594]
5.01314329215408e-07 3.67630008124564e-07 3.78808615486559e-07 3.83662452452249e-07 3.40136950338632e-07 2.51306116416661e-07 1.38130398774639e-07 1.5273662232751e-07 1.40915057300628e-07 8.7729877273901e-08 7.36982923466023e-08 5.0557394759565e-08 4.96088331858324e-08 3.76518020317462e-08 3.28268576321733e-08 3.16282887435904e-08 3.36373135678691e-08 3.20493454553095e-08 3.19290244021886e-08 3.20878372428446e-08 2.82641288484875e-08 3.15588078336759e-08 3.50520586223091e-08 4.15072732184996e-08 5.08757195039067e-08 7.14558126224674e-08 8.92866713231299e-08 1.02843274840669e-07 1.37797362231851e-07 1.5234519912255e-07 2.77954900251842e-07 2.70505994726111e-07 3.996946800644e-07 7.10227082922898e-07 8.82799403623125e-07 1.3897416890174e-06 1.0319159907457e-06 1.45720553441642e-06 1.67008558520365e-06 1.53289635420606e-06 1.5182527855373e-06 1.47228045217496e-06 1.40534835093575e-06 1.30588003965926e-06 1.14977138392369e-06
5.41177135515714e-07 5.43554307486094e-07 3.48965992214012e-07 3.33968610088942e-07 3.30196533360194e-07 3.13448066557864e-07 1.939326382705e-07 1.3127468931895e-07 1.53975036287779e-07 1.33776468225211e-07 8.03648355751641e-08 6.71647375272144e-08 5.56592644196385e-08 4.79570982481192e-08 4.22276162592716e-08 4.03187818798223e-08 3.57672446105184e-08 3.11883329495721e-08 3.24921159311486e-08 3.34934668111408e-08 3.61763769052281e-08 4.25388297808915e-08 4.32705143271761e-08 4.98829053952043e-08 5.889614755894e-08 6.20653258898152e-08 8.18947622827082e-08 9.45641731142644e-08 1.34734879997378e-07 2.0759859699071e-07 2.10034907266454e-07 4.07828292270374e-07 5.72585706770656e-07 5.54475088876405e-07 9.57901692633101e-07 1.42120751505104e-06 1.27257650524015e-06 1.46326224399473e-06 1.61238372839989e-06 1.70854120322694e-06 1.60279172054523e-06 1.76751096598871e-06 1.6725391389194e-06 1.31957843381159e-06 1.48054583433144e-06
5.20903209300094e-07 6.22980645259563e-07 5.54559892096407e-07 3.36203676165603e-07 3.19315124719388e-07 3.25258368782944e-07 2.64145142381267e-07 2.11762752655442e-07 1.46095234865307e-07 1.48465053795288e-07 1.41955135735117e-07 7.64242686801531e-08 7.04801049300485e-08 5.46858811234507e-08 4.6329574665549e-08 4.59598465729627e-08 4.57140005294399e-08 4.46677321352951e-08 5.21799682573487e-08 4.45533917758922e-08 4.55872503524191e-08 4.81837532317897e-08 5.81842811486766e-08 5.15639666520684e-08 6.12029167679218e-08 6.69282807286287e-08 7.81792169113338e-08 1.31718804774472e-07 1.85174257660847e-07 2.00710128828163e-07 3.70193438259392e-07 5.45706864918394e-07 6.65425710622003e-07 7.67085021502467e-07 1.14802965591743e-06 1.23640408151715e-06 1.21663887555634e-06 1.36198964639789e-06 1.31310812241381e-06 1.69734626895845e-06 1.8335233892941e-06 1.66731919195584e-06 1.52680511611436e-06 1.29573108642589e-06 1.09900025910825e-06
5.10533933240076e-07 5.64896210364374e-07 6.03767734153049e-07 4.4785997038721e-07 3.09377784790676e-07 3.19017733430016e-07 3.30455195762802e-07 2.31070805178923e-07 1.58244478221103e-07 1.56193215827827e-07 1.60617677669173e-07 1.39757565953413e-07 7.44601949764778e-08 6.8524330365527e-08 7.03358102427387e-08 6.36519742025499e-08 5.14136424323297e-08 5.11961408267148e-08 5.64872812747197e-08 4.91376518918507e-08 5.7479454695919e-08 5.1921878851946e-08 6.12474651107142e-08 7.70987763853981e-08 6.69718682844156e-08 8.65043059072868e-08 1.24695228653771e-07 1.6542620201454e-07 1.9984600179157e-07 2.54049916204036e-07 3.66950237085106e-07 4.97674915245216e-07 7.64274172104784e-07 8.04032707901747e-07 7.09003363952299e-07 8.3189010782192e-07 1.21345867043487e-06 1.3313987206498e-06 1.34079537752463e-06 1.40717079264441e-06 1.75993445394873e-06 1.80483908378548e-06 1.46232997098039e-06 1.26909724968982e-06 1.07612463966511e-06
4.51038257465175e-07 5.48835165570249e-07 5.86897724974556e-07 5.63797502250996e-07 3.20867901626443e-07 3.25198037309793e-07 3.50151837069657e-07 3.09930533648473e-07 2.25060162006852e-07 1.27849803144287e-07 1.61106952667467e-07 1.57236118891735e-07 1.3487940159207e-07 7.83415185501291e-08 5.96359601257035e-08 5.94110215024202e-08 6.64066029942845e-08 5.21907934092347e-08 6.2087519325793e-08 7.63026816064105e-08 8.715210110255e-08 8.27916290191411e-08 7.752911335146e-08 7.20440090251628e-08 1.01824356946167e-07 1.39016164413253e-07 1.35172497850444e-07 9.80206708134368e-08 8.24076048844269e-08 1.31663984481722e-07 2.92663124079606e-07 7.13304489075028e-07 1.02838081581513e-06 6.20419877517264e-07 7.19269268278921e-07 8.10240241733151e-07 5.05386115934314e-07 1.38395029360971e-06 1.69210432847677e-06 1.23876672750711e-06 1.83089547252102e-06 1.9067990614019e-06 1.49588055746719e-06 1.3300684529316e-06 1.05621727568561e-06
4.09074965779244e-07 4.77801815623735e-07 5.59802473298898e-07 5.95696284522163e-07 5.46130442102832e-07 3.3044353302536e-07 3.53655500107131e-07 3.48289211749009e-07 2.60997706214017e-07 2.02025337769918e-07 1.11622171883319e-07 1.17717658953964e-07 1.19063097536731e-07 1.07935790460978e-07 9.78422129316314e-08 7.26568496367541e-08 5.98340430424393e-08 6.9897478438552e-08 7.47564197323136e-08 8.67937171800115e-08 1.22923813272724e-07 7.82041826852264e-08 8.16578636264609e-08 1.11370140543077e-07 1.97081760155982e-07 1.60176845009907e-07 2.06207806596748e-07 9.27562212260646e-08 1.22800516855204e-07 2.81727360562645e-07 5.99442756343826e-07 1.23141399495097e-06 1.12074176876753e-06 6.06540792280619e-07 7.40426389767013e-07 7.36768989617609e-07 5.89446227250434e-07 1.05556877807445e-06 1.82436410094411e-06 1.56497486103468e-06 1.54322065908374e-06 1.85297090347092e-06 1.42865094683309e-06 1.3105244153877e-06 1.05485743875366e-06
4.04476089876926e-07 4.36914043078218e-07 4.82461590900485e-07 5.54052590751031e-07 5.94127752329143e-07 4.79133664754716e-07 3.40822229261128e-07 3.48325079591039e-07 3.23838579252556e-07 2.3537253576178e-07 1.87366447657045e-07 1.15222848429131e-07 1.10745611414664e-07 1.09072109977237e-07 1.04964496872029e-07 1.11662704460613e-07 9.218971663838e-08 7.76394037060868e-08 7.08892956891027e-08 8.28866809188256e-08 1.01776660799135e-07 1.28450488923182e-07 1.87369901372136e-07 2.31236864822737e-07 2.049996745912e-07 2.76800582166281e-07 2.30155665548182e-07 1.61691603961511e-07 2.4653762108473e-07 5.55372551191979e-07 1.00947831951359e-06 7.78450385596763e-07 5.51962675221507e-07 6.29891043335551e-07 6.06792910207155e-07 6.06958425219961e-07 6.79162094718855e-07 3.30145970561802e-08 1.62468455533471e-06 1.22373763691286e-06 1.30487891241149e-06 1.78342942600551e-06 1.39690344900245e-06 1.47097174179045e-06 1.36885142212329e-06
3.88740372270213e-07 4.02621170758621e-07 4.57290790412124e-07 4.8681491819913e-07 5.21172940493031e-07 5.93102200296958e-07 5.02046879946594e-07 3.21887028120749e-07 3.40927513620137e-07 3.20251919305736e-07 2.20139253770402e-07 1.96723689116496e-07 1.45366744686015e-07 1.1900496067474e-07 1.00832074334534e-07 1.1403694948342e-07 1.41247108942366e-07 1.25627201319478e-07 1.29908357315855e-07 1.64078614295349e-07 2.00815406636856e-07 2.26784456103246e-07 1.88781601451193e-07 2.44090838119604e-07 2.47906834072165e-07 2.39789104827803e-07 2.00257896831868e-07 2.9265772363285e-07 4.070584043947e-07 1.07045125390393e-06 1.02661715652985e-06 1.01101683669391e-06 6.10720120586272e-07 6.67941111298642e-07 6.9891006070355e-07 5.91438264307964e-07 6.36010885668448e-07 4.33047154912991e-08 5.912282180498e-08 1.13454906176536e-06 1.38773601321418e-06 2.04456471362136e-06 1.68724071234472e-06 1.46860149388139e-06 1.79040667624975e-06
3.72890100008849e-07 3.96192033869092e-07 4.31277972923194e-07 4.68832426203658e-07 4.75316057946262e-07 5.12601391278178e-07 5.97774940769291e-07 3.64223230131522e-07 3.49497875085092e-07 3.18979259428254e-07 2.86171436292282e-07 2.75808652849818e-07 2.09609705237312e-07 2.05424659627251e-07 1.4832838560741e-07 1.38120118564622e-07 1.50535087672932e-07 1.29765147638405e-07 1.69697111540579e-07 2.0638743778445e-07 2.01599498705907e-07 1.55075313978958e-07 1.74921435391884e-07 2.56771102125075e-07 2.85080766437851e-07 2.39302751203763e-07 3.37732846311667e-07 3.52390321478602e-07 1.04603970338957e-06 1.09416303972765e-06 1.42883496803137e-06 1.08666583344963e-06 7.75192140078929e-07 7.88752350422417e-07 5.65618707115689e-07 2.77408476778707e-07 1.17165685165066e-07 3.67875559237341e-08 1.28103048946393e-08 2.50559003411865e-07 6.43690897650373e-07 1.54920147346083e-06 2.27226014639648e-06 1.50903618338916e-06 1.34531312907527e-06
4.14539343229769e-07 3.94870318376483e-07 4.06666923513654e-07 4.50254615524948e-07 4.51894911568385e-07 4.78851156815452e-07 5.98647655403184e-07 4.63744365120089e-07 3.97653060368874e-07 3.46991521738005e-07 2.79930573232612e-07 2.89436642941787e-07 2.42857585586176e-07 2.21240865927452e-07 2.6863339824823e-07 1.5789624009388e-07 1.41558676880482e-07 1.54397084461966e-07 1.95896999122258e-07 2.1020235763114e-07 2.3679626163231e-07 2.37725320983984e-07 2.931027292985e-07 3.49711743485859e-07 2.85631047258761e-07 3.86347603931192e-07 3.7842364823959e-07 9.03983170186251e-07 1.07923765559903e-06 9.0687734335404e-07 7.13858936096656e-07 7.57356145775212e-07 1.36103129300125e-06 1.29447380299297e-06 6.06778382128415e-07 2.12999743731679e-08 1.75653345091398e-08 1.38860280496367e-08 1.29911995716547e-08 6.24520460568157e-08 9.67850196254005e-07 8.973531567813e-07 2.51698830120439e-06 2.2207781061212e-06 1.57649381291591e-06
4.19769522841396e-07 3.9136769246495e-07 4.00451283621983e-07 4.34113224700994e-07 4.89770444489501e-07 5.03588947786682e-07 5.7936296395944e-07 4.46386415042799e-07 2.84086631252567e-07 2.64240820246897e-07 2.09889209767944e-07 2.51397944794896e-07 2.58515719442354e-07 2.29370680071561e-07 3.11494393301359e-07 3.69771386554696e-07 2.79875171604882e-07 2.52411064971536e-07 2.51237020831852e-07 3.24867093881576e-07 3.31896139771359e-07 3.93577864143957e-07 4.53168862668551e-07 4.01473768973926e-07 3.81213015199222e-07 3.74365324640191e-07 4.28045052225379e-07 1.15528183526337e-06 1.08200083115406e-06 1.03418934371824e-06 8.71290881310216e-07 8.99565560308346e-07 1.61282862869427e-06 1.61963170408619e-06 1.59799494179325e-06 1.40110240598457e-07 1.45963892639323e-08 1.37850227011072e-08 1.39469237048218e-08 1.2091147738591e-08 2.52890125285177e-08 1.30933226494268e-07 9.29594442933279e-07 2.2810095639425e-06 2.07360155752845e-06
4.15102118234145e-07 3.90310015430106e-07 4.14298196704799e-07 4.50793767858837e-07 5.60182593922764e-07 5.43583452161656e-07 5.44826723136715e-07 3.92160022111288e-07 2.46057159669633e-07 1.76752532077273e-07 1.77338149487394e-07 2.54121047349454e-07 2.65787113695737e-07 2.55869751886184e-07 2.732733750066e-07 3.80107575115307e-07 4.9744500758564e-07 4.67754444333224e-07 4.70829589616084e-07 4.73832034764143e-07 5.22372816724737e-07 4.91529551216452e-07 3.93345462179617e-07 3.50094555123803e-07 3.86078352720975e-07 3.78730352446066e-07 7.20546817123413e-07 1.13044620819736e-06 1.10860980724325e-06 8.34356163714745e-07 7.74947575310492e-07 9.06360976493659e-07 8.28274346797997e-07 1.16787353925396e-06 1.20961265976938e-06 1.63236497736641e-06 3.39436356278089e-07 7.39559977147586e-08 5.14480298363651e-08 3.94528650082826e-08 3.50768476709007e-08 3.41228423739182e-08 7.41304616025396e-08 1.9439763878637e-07 1.6166747798696e-06
4.21053556898254e-07 4.02976036129044e-07 4.30711410026596e-07 4.1151173021392e-07 4.30757387925862e-07 6.85248006426775e-07 4.99438634882221e-07 3.78255964961216e-07 2.56178183877243e-07 2.34887194761058e-07 2.33339232869056e-07 2.40074268809121e-07 3.28006232985789e-07 2.50915780986016e-07 2.5122992205473e-07 2.74166564029343e-07 4.42399738920241e-07 5.45164024057243e-07 4.65731551169135e-07 4.48166175903708e-07 4.28170185562404e-07 4.11448576365103e-07 3.9720661334508e-07 3.74136941294623e-07 4.69635447231109e-07 5.84720482388334e-07 9.49342185752045e-07 9.86404366276616e-07 1.19198519539232e-06 1.1330169615853e-06 9.12411655029643e-07 7.19368182811042e-07 4.59452296297513e-07 5.56820195618535e-08 8.16463873176687e-09 1.53780572720308e-08 2.80361153470743e-07 2.77525044385385e-06 1.99438154733222e-06 1.77277721253866e-06 1.30154108641811e-06 1.08854194948993e-06 1.21001738326854e-06 1.67563329624976e-06 8.5903550692823e-07
4.24805955379082e-07 4.24071325522135e-07 4.86772853625084e-07 3.85555254389658e-07 4.28758315884625e-07 6.02593081067138e-07 4.25902719591864e-07 3.11012216125395e-07 2.09050207300443e-07 2.24835061701789e-07 3.90161102648001e-07 3.12074459385414e-07 2.79918022028092e-07 2.51768010872677e-07 2.68960450255928e-07 2.42091414826007e-07 3.14607217455354e-07 4.35279143295997e-07 4.01722487242129e-07 3.75656471318653e-07 3.78281516677514e-07 3.97045890387915e-07 4.01986913467489e-07 3.95118982088327e-07 8.20580811788929e-07 9.6532945745853e-07 9.7998428911783e-07 1.10301344191654e-06 1.20394932405787e-06 1.23296908487447e-06 9.32792588681508e-07 7.47900096742526e-07 2.871923285519e-07 1.13535937729115e-07 8.64167738479082e-09 7.46358109759981e-09 6.1142597873598e-09 1.20110219969938e-07 3.32997750907005e-07 2.46046532179633e-06 2.56987427684763e-06 2.56272843950356e-06 2.71783587537655e-06 2.12534885930538e-06 1.58709887427833e-06
4.19740340873442e-07 4.45717227282039e-07 4.89726645369615e-07 4.57334254733155e-07 3.83592127306542e-07 3.71806894361448e-07 3.59090424151276e-07 2.36354671634409e-07 2.48082020148921e-07 3.06641591152346e-07 3.92588940933969e-07 4.6727564047e-07 3.27041263659122e-07 2.98996481629121e-07 2.96732574478487e-07 2.66245985502955e-07 2.42951385165391e-07 3.23571637539377e-07 3.48779576009317e-07 3.5959136023278e-07 3.76090611231561e-07 4.0387926545371e-07 4.25638108580984e-07 4.50311037225593e-07 8.66794925036274e-07 1.25160457495888e-06 1.17791628326813e-06 1.1161771491075e-06 1.08992555674092e-06 1.14491456009169e-06 1.15621483847139e-06 7.95044557122537e-07 6.83039071125435e-07 1.71786291247589e-07 8.41144421892537e-09 7.80693787394426e-09 7.01273429326577e-09 6.39837051119585e-09 4.18621365350091e-09 2.53589677812194e-08 1.8923469480292e-08 9.46560589132339e-08 1.87653319225767e-06 2.30309769175818e-06 1.52051570010414e-06
4.64214718698397e-07 3.00158025001718e-07 3.30859420583085e-07 4.57507297924042e-07 4.44412133115968e-07 4.04267858977736e-07 4.11065945871147e-07 3.88585485255888e-07 3.48416099360538e-07 3.5573450367643e-07 4.49153877934982e-07 4.53138666411945e-07 5.18702027862972e-07 3.01181696982233e-07 2.55426078443755e-07 2.18848884936396e-07 2.04605177711592e-07 2.69511436790104e-07 3.61529440850994e-07 4.35245706942311e-07 4.00873132011537e-07 4.09419063129857e-07 6.5638501862697e-07 1.03210578763502e-06 1.39990784644439e-06 1.43391004789883e-06 1.29109282021034e-06 1.18842421530374e-06 1.134229315225e-06 1.12913312024787e-06 1.40212686066121e-06 1.16061413686364e-06 8.11685338009127e-07 4.39243894767571e-07 8.47549450622154e-09 7.73667104825293e-09 8.05029803929713e-09 8.25977833907032e-09 1.01090756099431e-08 4.11695005864132e-09 4.2098717067951e-09 3.47200470596221e-09 5.38949923134524e-08 2.01265808712492e-06 1.32919795317044e-06
4.63770588521317e-07 4.31375330578465e-07 4.28271581176531e-07 4.17224089177548e-07 3.58550254053736e-07 4.69796845259385e-07 4.74191834731741e-07 4.63976818010359e-07 3.65710474281578e-07 2.99317212715255e-07 3.86313186451215e-07 3.97039414090639e-07 4.10218058621847e-07 4.84136641842881e-07 2.54774483354758e-07 2.05144044973515e-07 1.9692064963106e-07 2.99709318063446e-07 7.45151245595821e-07 1.0972275314991e-06 1.15274245544583e-06 1.26571300125278e-06 1.24198698823186e-06 1.34651075316405e-06 1.4330463447898e-06 1.53982274571085e-06 1.36071429119866e-06 1.23686548194613e-06 1.08663872921966e-06 1.2120804360638e-06 1.43713337346085e-06 1.24935377903146e-06 1.08077482701141e-06 4.01036064012761e-07 1.56933764872136e-08 6.54627431151411e-09 1.26784143850145e-08 1.21259538210516e-07 1.09350008492548e-08 6.46541500337605e-09 6.50351328346233e-09 5.61557064182594e-09 3.3476383332065e-09 2.30477661400386e-09 2.61139967427937e-09
4.51208183072094e-07 4.09403005430242e-07 3.9221229919395e-07 3.80100820518425e-07 3.16588493298742e-07 4.49383203460219e-07 5.22075681175238e-07 4.22440320646533e-07 3.14806519197131e-07 2.80151655718264e-07 3.37472366873648e-07 3.67099951248395e-07 3.7827930282619e-07 4.63429711872188e-07 5.28912147390592e-07 2.79460178065349e-07 2.28053848738696e-07 3.93082549754453e-07 8.88227342921155e-07 1.04854137283894e-06 1.10036147225046e-06 1.30307677435049e-06 1.4206403232464e-06 1.47596062474165e-06 1.565352234012e-06 1.68516295331322e-06 1.56510996176529e-06 1.4365269825678e-06 1.27714301778603e-06 1.26890388409961e-06 1.1936286447245e-06 9.85715788859309e-07 9.18276017269903e-07 5.13829282100531e-07 2.02541994287486e-08 8.68997324099396e-09 1.08085579486605e-08 7.9908024086528e-09 8.9738199315903e-09 1.15582634796496e-08 8.29962415460628e-09 6.94343430529543e-09 5.14919077376774e-09 3.81763177736971e-09 3.46524955396887e-09
4.51369612219921e-07 4.38686799297816e-07 3.98460056327821e-07 3.82435980750273e-07 3.3428192811602e-07 3.44630486315278e-07 3.70907842972557e-07 3.36126217448385e-07 2.78818562804428e-07 2.66939012105727e-07 3.38051955139917e-07 3.89756185936729e-07 4.3535348912549e-07 5.16342741763154e-07 5.49587142073538e-07 6.10835015280031e-07 4.55264800802713e-07 6.38731410962379e-07 8.8765877030994e-07 9.62801208559405e-07 1.20174280473506e-06 1.34617673737125e-06 1.69304597616993e-06 1.58572651538513e-06 1.76937294193991e-06 1.84206203748261e-06 1.56207466592839e-06 1.29101333605774e-06 1.1904920868222e-06 1.19306483608028e-06 1.04155205509215e-06 1.03691159316632e-06 1.18779914028977e-06 9.09486670241932e-07 3.50275446203696e-08 9.88512387500862e-09 9.00578606133351e-09 8.17067344893729e-09 5.23495384374684e-08 5.25154849384535e-08 1.84117623924784e-08 6.7218905219768e-09 5.44243379252407e-09 5.53226383592786e-09 4.84619802065822e-09
4.81019221532097e-07 5.15359564501328e-07 5.1736581294648e-07 4.82723112127381e-07 4.81130917207029e-07 3.61850720109747e-07 3.36029524250492e-07 2.96290133727783e-07 2.47354509419484e-07 2.74857184745514e-07 3.69373979847154e-07 4.19196174805681e-07 3.91807775834696e-07 4.19534536832966e-07 4.65853342379585e-07 4.43187765397646e-07 4.65660302451099e-07 8.25921050973122e-07 8.36070918186493e-07 9.36692173736375e-07 1.27475172626568e-06 1.36441079101601e-06 1.44232105387943e-06 1.65441105597353e-06 1.81554209151003e-06 1.57389186394852e-06 1.51328851867305e-06 1.41335024617106e-06 1.10331857974266e-06 1.03262426491835e-06 8.05461440966937e-07 7.88048901290139e-07 8.22164535252412e-07 9.06653130838819e-07 1.75447206030022e-07 1.64205482877655e-08 2.27579452616311e-08 2.77295640527253e-07 6.06206196385184e-07 1.66057175965406e-07 1.38583037267992e-08 5.82589511077813e-09 6.57666416881142e-09 5.91176894104706e-09 4.6799843334e-09
