Maxent_result_files_1/Bombus_pascuorum_3.asc
NCOLS 594 
NROWS 330 
XLLCORNER -15 
YLLCORNER 23 
CELLSIZE 0.166666666666667 
NODATA_value -9999 
[rows 63 to 83 of 330, columns 423 to 469 of 594]
0.00184116350137629 0.00170033239119221 0.0015090919972863 0.00134014161012601 0.00125970753870206 0.00118466226704186 0.00106062712584389 0.000868415631703101 0.000718045071698725 0.000592860057076905 0.000717744891881011 0.000673704565997468 0.000555673117924016 0.000580898901534965 0.000597056836704724 0.0001931635375513 0.000544485910359072 0.000558154602185823 3.60343146439845e-05 0.000499277813651133 0.000508565489872126 0.000467291605309583 6.95701484801248e-05 2.98788654617965e-05 0.000616934108256828 0.000646255845640553 0.000713372667087242 0.000815588742261753 0.000827227451372892 0.00109358007903211 0.00123017842124682 0.00136664971360005 0.00147027804923709 0.00188151395705063 0.00228834415902384 0.00246218869579025 0.00273889245581813 0.0030773822159972 0.00292561545502394 0.0027911338082049 0.00319384286412969 0.00372432018630207 0.0045110781211406 0.00538398920325562 0.00621018991805613 0.0083975319750607 0.00958553673699498
0.00193341807462275 0.00168737893982325 0.00159875257231761 0.00157047022075858 0.00163953694864176 0.00128502488951199 0.000196381100977305 0.00102049637935124 0.000868471966532525 0.000874575262423605 0.000831982353702188 0.000794918919564225 0.000753124288166873 9.96126891550375e-05 6.48022701170703e-06 4.96139762617531e-05 0.000152959642582573 0.000710375086055137 0.000546742943697609 0.000643249099084642 0.000655129719234537 0.000580440721387276 0.000599734719435219 0.000574891654832754 0.000631409110064851 0.000773068211856298 0.000891426240559667 0.00108562884706771 0.00117603464459535 0.00128084932512138 0.00155839937215205 0.00182404232036788 0.00219363265787251 0.00226936535909772 0.00241893510101363 0.00262080845423043 0.00277598021784797 0.00266572388936766 0.00242268426227383 0.00292547005228698 0.00371165535179898 0.00466717220842838 0.00570720667019486 0.00627921778941527 0.00670943204313517 0.00582399454433471 0.00913132065907121
0.00220308466814458 0.000626994893536903 2.87699885745951e-06 2.05451771080334e-06 2.84436875517713e-05 7.19434460734192e-06 0.000104618078330532 0.000514870196639095 0.00122755654738285 0.000112771158092073 5.21682982252969e-06 1.28123899258981e-06 9.64498806297343e-06 2.2924871836949e-05 0.000650598702486604 0.0009582280064933 0.000860753902816214 6.68677490466507e-05 1.44420878314122e-05 1.32802580765201e-05 3.71430328414135e-05 4.64370870076891e-06 3.42367089615436e-05 0.000652112810348626 4.28131892476813e-05 0.000963630434125662 0.000452061624673661 0.000214998245064635 0.0015508383337874 0.00186414321069606 0.00221220152452588 0.00229134713881649 0.00236114406725392 2.24458282445994e-05 4.58201448054751e-06 1.45467718652981e-06 2.71593467914499e-05 6.09470325798611e-05 0.000101723966872669 0.00415552164195105 0.00501460949890316 0.00604654593626037 0.0061771365464665 0.0064940614043735 0.00641611105529591 0.00694912169128656 0.00759055323433131
2.06760616947577e-06 1.28208378669115e-06 7.0480865161926e-07 8.56836535945149e-07 7.42588354682994e-06 7.62558616429487e-07 0.000232426373258932 2.8971383926546e-06 0.000169364630710334 0.000573293986963108 8.03316560649137e-07 1.21932807246594e-06 0.00100969002232887 2.6542475734459e-05 0.000115351489876048 2.54572872108838e-05 5.14886781957102e-06 2.45124883662129e-06 6.46753568389613e-07 2.43699670150477e-06 8.33828602253561e-07 6.24585971422675e-06 1.53810310337121e-06 6.00985912768692e-07 5.44591159723495e-07 2.33819237564603e-05 5.69857166965448e-06 0.00199331874027848 0.00249394061975181 0.00251675278414041 0.00264727197354659 1.1369288199603e-05 1.03273102780577e-06 2.70572788849677e-05 2.57066687794349e-06 3.10687580054037e-06 4.16747673739337e-06 4.49304714493337e-05 0.000124257018978824 0.00506508257240057 0.00569699234329164 0.00687296343967319 0.00756370089948177 0.00786538647953421 1.15645670121012e-05 2.96037329462706e-05 0.00266978782019578
1.47424924534789e-06 6.53566759751811e-06 0.000311365815650788 2.33181456906095e-05 1.67528673529205e-05 2.47996079451696e-05 7.25530329646062e-06 5.58719833065879e-06 8.06891685556366e-07 6.41900030586839e-06 4.46572191208361e-06 6.26275391368836e-06 1.31577967437124e-06 2.0458335143303e-06 2.30545153101502e-06 1.03010014527172e-05 1.56853310727456e-05 8.76575347206199e-06 3.41206462053378e-06 6.89059685043958e-07 5.65138376629193e-07 2.66286778298763e-06 5.55170724965137e-06 7.87771411125959e-07 8.71579206886963e-06 2.97773252384559e-06 4.42553229731857e-05 0.000304660151596181 6.23087862550165e-06 1.48946559761498e-06 1.24866163275783e-06 5.36646775799454e-06 3.49673593404987e-06 2.63661598580711e-06 1.67436947435817e-06 0.000858226403943263 0.00171684520901181 0.004412393970415 4.43034824456845e-05 2.3077172528474e-06 0.00323830908164382 0.000595695422089193 6.63608969375673e-06 7.88716762372132e-06 1.01391765042536e-05 6.02355788146269e-06 5.22190857736859e-05
8.9606040455692e-05 0.000106387378400541 0.000125086928528617 0.000122232976536907 0.00355412973440252 0.000653561949002324 0.000313282212300692 0.00034607787092682 0.000279940531618195 5.77177205741464e-05 3.716115475072e-05 0.000127303151930391 0.000234318305592751 8.0464173333894e-05 3.3722166165262e-06 2.90572733661065e-06 1.51741013496576e-06 2.83234026483115e-05 7.00851709467543e-07 8.27128338869443e-06 1.04305595129972e-06 4.99750452036096e-05 4.83648541376169e-06 0.000126051882716638 1.14413233518462e-06 3.23605809740002e-06 5.97849865471289e-06 3.77928705802333e-05 1.87789074971079e-05 3.55427472641168e-05 2.28279741918413e-06 2.44650784679834e-06 1.71961205069238e-05 5.04302262243073e-06 1.86670126140598e-05 1.95782560865609e-06 4.86241277712907e-06 5.90590792853618e-05 9.28245954128215e-05 1.95133308693585e-06 3.072765179013e-06 5.6725063018348e-06 1.46709441196435e-05 5.11740568981622e-05 2.9036103501312e-05 1.8109135044142e-05 0.00850332072004676
0.0018015080015175 0.00215394563856535 0.000359034884604625 0.00020726278762595 0.000303793170314748 0.00190447915229015 0.000112292296580563 2.54085496635525e-05 0.000141256276765489 5.64549981390883e-05 1.72427389315999e-05 1.93783513680046e-06 1.78494615056479e-05 3.13604240886889e-06 1.08616196257572e-05 3.26851327827171e-05 3.96131511479325e-05 9.49696119278087e-05 0.000909950965433382 9.00731977708347e-05 1.48553555021635e-05 0.000383267226061435 0.000286660475103417 7.31016306190213e-06 0.00033696709870128 0.0002372844481215 0.000685981257265666 0.0063695851364173 3.47030531315795e-06 3.65348025432866e-07 5.44449885175879e-07 3.75062272723881e-05 1.92540489024395e-05 2.35884121480012e-06 5.07523429291723e-06 5.95778914203038e-06 1.54289418333065e-05 6.30328197530616e-06 7.21079861705221e-06 1.81671185259802e-05 9.73962070929701e-05 3.20842105452357e-06 5.47046805081663e-06 0.00738298865035176 0.0142877566628158 0.0161300532519817 0.000775428018823732
1.13310517917853e-05 3.2692668838763e-06 7.91326426394789e-06 8.07704156216005e-06 0.000533165968954563 8.9997500026584e-06 5.44963608604121e-05 8.42270386328892e-05 6.64725184833515e-06 2.98702974305343e-05 0.000417364655550045 3.54979347775952e-05 7.6379900383472e-05 0.0010609780321829 0.00101815508969594 0.000901896096183918 0.00383138046890963 0.000411349462228827 1.15153991316674e-05 7.80918418968213e-05 0.000645661914313678 9.18603980608168e-05 0.000119109161823872 0.000122369153723412 0.000118617131010978 3.5813816703012e-05 2.32511983313088e-05 2.54857640769046e-07 8.27865714825293e-07 3.86425854230765e-06 2.21663810293649e-06 6.57534579318053e-06 0.000274841795908287 0.000125235640553001 3.63560992354905e-05 3.49825549164962e-05 0.000231053027528105 7.18863019528726e-06 7.72408500324673e-06 1.67288940019716e-05 3.90681432236306e-06 0.000384692397346953 0.00596853434108198 0.00973984701558948 0.0219013568013906 0.000386324239298119 0.000141822585737827
0.000231496810374665 0.00115488794399425 0.000946416659280658 0.000131874931321363 0.0067022648639977 0.000168190186377615 0.0103149052010849 0.000208761253816192 0.0130627321079373 4.82534944694635e-05 2.47254771693406e-05 0.000548822640848812 0.000344257045071572 0.000189982809388312 0.0228276398847811 0.00052265417543822 8.32994732263614e-05 0.000423216749186395 0.00127236810803879 0.00107315462082624 0.00222613384248689 0.00260837691021152 0.00194939051871188 0.000169828597063315 5.13584677719336e-05 5.2275309280958e-05 8.84050069771547e-06 0 0 1.46782914839605e-05 0.00251026208279654 0.000118616901818314 0.000573850213550031 0.00028773190715583 0.000570713955676183 0.000366415348253213 0.000106061191945628 7.66863787475813e-06 0.000406141569692409 8.33018752928183e-06 4.76146129244626e-06 8.69802421220811e-05 0.0166964330244809 0.00228834912413731 0.00225695904227905 0.0052338229608722 0.000579497098806314
0.00181682656984776 0.000718880025669932 0.000712483323877677 0.00237097235803958 0.000761140392569359 0.0155501040164381 4.48774513643002e-05 0.0187421526818071 1.4116967228972e-06 1.99657744772708e-06 2.58897243128331e-06 0 1.78405396766834e-06 6.81287240240636e-06 8.83273630279291e-05 0.000510329294047551 0.000946732342708856 0.0105937842745334 0.00236645940458402 0.00464990108739585 0.0125065395608544 0.00988728746306151 0.000771581634762697 1.49881796914997e-05 1.40145082205834e-07 4.97827893468639e-06 1.48243315379659e-05 2.38497452755837e-05 0.000957691218354739 9.94888163404539e-05 0.000444679975043982 1.28370124230059e-05 0.000204723748902325 0.000240510594449006 0.000449188075435814 0.000321967918353039 0.00253791396389715 0.000550511154506239 9.21689927963598e-05 1.93315691376483e-05 7.23673687389237e-05 0.0153456414118409 0.000648306518996833 0.000380093033891171 0.000234511965663842 0.000118225791675286 2.32770280490513e-05
0.00572889638133347 0.00533798413816839 0.012905748328194 0.00395238084020093 0.0093023288063705 0.00230505525250919 0.00773914016317576 0.00187843914318364 3.68385887794531e-08 8.00761033259434e-08 5.44847522876424e-08 1.2957253114898e-07 3.48303033881336e-07 0.000123339269521239 0.0276034750975668 0.000798068373114802 0.00400234363041818 0.0104314033407718 0.00071423718763981 0.0109653099440038 3.07862715089868e-05 5.08739071847231e-05 2.08360445867584e-05 4.07357041694922e-05 0.000179153026692802 0.000729810017219279 0.0012586082884809 0.00315421025734395 0.00033023894065991 0.00340770921902731 5.47783253750822e-05 5.64514821235207e-06 1.51551875546829e-05 5.60243719064601e-05 0.00204297712771222 5.6254335106587e-06 0.000277997080411296 8.78689429555379e-05 0.000317951323086163 0.000423412134659884 0.00011126536118311 0.000484365462034475 0.000146878216855839 0.000146277334533806 1.98364399579987e-05 4.9690837442995e-06 4.58967823533385e-06
0.00505110113881528 0.0125619102735072 0.00273651747265831 0.00431927780155092 0.00163747055921704 0.0891832768917084 0.00473042384255677 0.0127472790307365 0.00611925857374445 0.000199995922775997 4.21982388729703e-06 3.00296949440337e-07 1.57355330202336e-05 0.000382112192164641 0.00401901382720098 0.00423124843509868 0.0439106253907084 0.00242770244367421 0.000747051433427259 0.00892974282614887 0.000154425426990201 0.00435755054932088 0.0097893308615312 0.00721808809321374 0.000482817823649384 2.81987238622605e-05 0.00162823581486009 0.000193473295894364 0.000165184853540268 0.000210049664383405 6.11665532801453e-06 0.000623576041834895 1.17302674766506e-05 5.16471565788379e-05 5.21797701935611e-06 0.000316768780976417 0.000193172468607372 0.000194358697262942 0.00027150270416314 0.000280112075415673 2.45621452677369e-05 2.04522464287038e-05 3.14995930409623e-05 1.70019324059467e-05 1.99206279830833e-05 1.02996047189663e-05 2.60508979579299e-06
0.000600620134355268 0.000717107766831759 3.53360392182367e-05 3.8878890882188e-05 1.06378691597797e-06 1.33158765947883e-05 0.0305903797969222 0.00074160218500765 0.000188800364230701 0.000199981897821999 1.83876849177977e-06 0.0217979809269309 0.00632786590140313 0.00141302549745888 0.00192372663295828 0.0126146607566625 0.0031924722425174 0.0128144430462271 0.00783104957081377 0.00128788405563682 0.00795290293172002 0.00136864299565786 0.000733977100753691 0.000242864303800161 3.72998467952357e-06 8.15686959413142e-05 4.8067600585e-05 0.000443516264567734 5.70325678950212e-06 7.83529564500895e-06 4.37052954680439e-06 4.89514594846696e-05 0.000110446133294317 0.0215849601197988 0.00057643798609206 0.000318384145793971 0.000102454180205314 1.36850451212922e-05 1.79425906026154e-05 1.41871923460712e-05 0.00024553888652008 4.46916975533895e-06 5.71231657602311e-06 2.61607265201746e-06 3.0352111252796e-05 6.14967185583737e-06 2.52816611983064e-06
3.34322544759402e-07 1.52841844034413e-06 5.57160685730196e-06 4.85521545670053e-05 4.67343435843759e-06 0.000947001110762358 0.00793136907741427 0.00141637914348394 1.90923563422984e-05 7.37988028049585e-05 0 0.00625233864411712 0.002543301373953 0.00399592134635895 0.00258800143492408 0.00134428445016965 0.00353509830310941 0.00587901256512851 0.00163994374743197 0.0307448674924672 0.0288225095719099 0.00996590859722346 0.00554976285784505 0.00102689523919253 0.000935677674715407 8.83626835275209e-05 1.27564408053615e-05 0.000442831919644959 0.000120716476408234 0.000269334983022418 0.00032217088919424 0.000235586252711073 0.00111060648487182 0.00158419992949348 0.000288658595673041 0.000216716433715192 2.04080842081567e-05 9.96664260810576e-06 4.56320302646418e-06 3.17175527925428e-05 1.7247040005941e-05 8.93776995440021e-05 0.000149954840685496 0.000228610140879937 1.85609430388922e-05 7.74785980866e-05 1.42019170652929e-05
3.34991860427181e-05 0.00207704882777762 0.000944098339459742 0.0961092059500515 0.0344627867918462 0.0287294139154255 0.0342697974760085 0.000341275989194401 0.0134390581166372 0.00373130507068709 0 0.0404486088082194 0.0290206922218204 0.0132801912724972 0.0162052912637591 0.00445761310402304 0.00297005111351609 0.00210311287664808 0.00221954677253962 0.0393058652058244 0.00589002328924835 0.0265051548369229 3.23387928801822e-05 9.32280253067574e-06 2.11913930279195e-06 2.08531002314771e-05 0.000151730575362308 1.02977534751858e-05 4.56135259440771e-05 0.000289708142099698 0.000254360927465314 0.000498383118247148 0.00135632315214025 0.000123007754518767 0.000351177202901454 0.00155829175200779 1.26461141690015e-05 1.04560970953571e-05 0.00034039769670926 1.98270414500712e-05 7.75033646149836e-07 1.8476135283052e-06 1.16711375053313e-06 1.62188416311437e-05 6.75183769445198e-06 6.28795445649644e-06 5.43563181167883e-06
0.018677870137617 0.0025552474980941 0.00367800843669102 0.00137385187554173 0.000841318076709285 0.0159407387021929 0.00585430697537959 0.00325568263069727 0.0236422529444098 0.00109716427396052 0.00628912707325071 0.00472101484192535 0.00141749835165683 0.000250991637585685 0.00465156505815685 0.00257713870378211 0.000927729945397004 0.00409780922345817 0.0118340583634563 0.000248730024759425 2.04357892926055e-05 2.66104813363199e-05 3.19675399111929e-06 4.24344540064681e-05 5.94640783560862e-05 2.71639711115768e-05 2.09130327831986e-05 6.21165877021212e-05 1.96903840731011e-05 0.000139903729086654 3.34973915641967e-05 0.000382942227588501 5.24325798778591e-05 7.97988122030802e-05 0.000247356711588509 6.12994397670263e-05 3.2015958959164e-05 0.000478494603885338 0.00286848139949143 1.22325303209436e-05 1.11990409621399e-06 2.32617024138904e-05 1.70482160353203e-06 2.49326550147089e-05 1.66431286459101e-05 8.90626089130819e-05 0.000353860293398611
0.00404902172449511 0.00128561477758922 0.00994928029831499 0.00923740519210696 0.00510647380433511 0.017209965060465 0.0656042935792357 0.0564845903776586 0.0325496906414628 0.00133369523100555 0.0027631378849037 0.00232835714123212 0.00401283935643733 0.000512997914484004 9.56927704464761e-05 0.00168773801997304 0.00489788264967501 0.00648523301351815 2.42232494372274e-05 0.000327118367476942 6.78994325333804e-06 6.72969573258797e-06 1.22115196425909e-06 4.53697141864495e-06 2.95972373351106e-05 0.000171336030325619 2.5590779716822e-05 0.000799916325922823 0.00906458279350772 0.00151911089487839 0.000353043575887568 0.000564066715742229 0.000563431566115469 8.12077186310489e-05 0.000246221721317852 0.0108631028211676 0.000144923178231693 0.000101509687669932 1.45447570758961e-05 1.40347425325871e-06 1.79354071772053e-07 6.70073359181345e-06 2.22405312089169e-07 3.77634243839964e-06 2.19689855889271e-06 4.80277155077147e-06 3.59692981987791e-05
0.00342898664530367 0.00203700155252591 0.00515885327477008 0.0074594615958631 0.0739125348627567 0.000669550801103469 0.00247991244832519 0.0164837161079049 0.00216601181600709 0.00260305895353667 0.0061168005457148 0.0292964202351868 0.00312774586491287 0.00188417267927434 0.118122990429401 0.00170832755975425 0.00553546471055597 0.000218130309076514 0.00899013304151595 0.00269046179018915 0.000627365328546148 0.000175854287681432 8.13380461579527e-06 1.07174201062321e-05 5.06204940506905e-06 3.85838448977438e-06 0.000500561428998481 0.000584190306835808 0.00151804825291038 0.00706233356613666 0.0492632283829153 0.0137432608695235 1.30425217137464e-07 0.000706686636203813 0.000102736577377982 1.78309693637857e-05 0.000365572709779371 4.29184685287964e-05 1.630608640113e-06 6.64858481798092e-05 1.15988475659634e-06 1.70210188116471e-05 1.41214396798262e-06 6.97359136547782e-08 6.71359884529821e-07 2.16069022599186e-05 0.0010589584853733
0.00581801930675283 0.000887151701317634 0.000154647961608134 0.000517870369003504 0.0222631177399307 0.00469211374875158 0.0189903088845313 0.00152129858615808 0.000343869501375593 0.000791880371980369 0.00408765233587474 0.00634922637837008 8.97906560567208e-05 0.000260447215441673 0.0484864296391606 0.00314099809620529 0.00648350012488663 0.00133929404692026 0.00467884604586288 0.0173112560994923 0.000980907288612798 2.13707287116449e-05 1.90404634992092e-06 1.10698349203631e-05 9.85124003261006e-07 2.82706191001125e-05 0.00223687725374475 0.00382538576377556 0.00620099450461566 0.00151840632024687 0.0370659899897873 0.000169649373583525 1.68731315675075e-07 7.17346003842323e-07 3.78580377855542e-06 0.00496025057509542 0.00174966350896284 0.000585789124397707 0.00400638844439527 9.57755839614549e-07 4.65062153551799e-06 2.62417359042644e-06 3.22501877860759e-05 1.45217251997565e-05 1.19014235551163e-06 7.63676241488653e-07 6.05972416813927e-06
0.000661144668993074 0.00155824087269139 0.00750638108002022 0.0573394677601755 0.0351248687831685 0.0891729187220335 0.000200691452846513 0.00180318392813206 0.00201477846712805 0.00203994724433869 0.00190765572187956 0.0108428985928185 0.00794984512031078 0.00375913189491257 0.00988196961116046 4.14152851590188e-05 0.00175826849590521 0.00630608326755464 0.000299863096370245 0.00664249486289918 0.00518347828183323 0.000192044970572169 1.30990141798293e-05 9.51467582055443e-08 0.000106004199733434 0.00061144387582317 0.00285190666618291 0.00779299840796739 0.00506811185623519 0.0116673943353817 0.000368713714124169 0.00336656521540135 0.000261875708383741 2.61985579896873e-07 2.93366901438219e-08 2.8264659334809e-06 5.06766367038836e-06 6.87651849773374e-07 2.58375358441754e-06 2.43692112633198e-05 0.0027155348463566 0.00303469692080398 0.000141340609252438 0.00059417269885671 5.20247307235877e-05 0.023993845822406 0.000173104523770462
0.000108113974874868 5.90238599215809e-05 0.00295007390668616 0.00138310253387317 0.00207919881213456 6.11530024798412e-05 0.000919831898499979 0.00131595898274099 0.00191053824091796 0.00125813954800833 0.000642443766264478 1.90586205661702e-06 0.00014047304430278 0.00211221041972749 0.00214252256555483 0.000723850993745145 0.0382568282075226 0.00650913160061464 0.00223639752657618 0.0186006857547909 0.00431425184942782 0.0107322684489191 2.51822001189339e-05 0.000453126099455403 0.000519252166122897 2.97485430280631e-06 0.000518206458218629 0.0406730226241052 0.0411960891447961 0.000282722198608099 0.00551391619374044 0.000470600021071732 0.00114311322395224 0.000228268957289401 3.78817426427425e-08 1.78686264895589e-08 1.87593246048223e-08 5.73715596630109e-07 0.00045174578553997 0.00301009544637054 6.3946044633667e-06 0.00967544780578464 0.000221233864249371 0.00354880515660625 4.32005071843378e-05 6.45784303476837e-08 5.7150262255945e-08
