Maxent_result_files_1/Bombus_sylvarum_3.asc
NCOLS 594 
NROWS 330 
XLLCORNER -15 
YLLCORNER 23 
CELLSIZE 0.166666666666667 
NODATA_value -9999 
[rows 126 to 146 of 330, columns 506 to 551 of 594]
0.000965367612661794 0.00111463899957016 0.00120039236498997 0.00122976721031591 0.00145109314471483 0.00115144643932581 0.00108244834700599 0.000797682447591796 0.000782709725899622 0.000775172025896609 0.000980770029127598 0.000982008763821796 0.00153852608054876 0.00162499467842281 0.00134274826850742 0.00186750814318657 0.00136331050889567 0.00146550054196268 0.00105124488472939 0.0011654888279736 0.0012287660734728 0.00161016541533172 0.00155795308528468 0.00193521805340424 0.00126537205651402 0.00106722947675735 0.00127676804549992 0.00112786364043131 0.00117773528909311 0.00096457313047722 0.000667857745429501 0.000515128113329411 0.000541326205711812 0.000567722751293331 0.00116335534257814 0.00108386250212789 0.00113304537953809 0.0010501216573175 0.00115211743395776 0.00140722589567304 0.00162434065714478 0.00174405516590923 0.00150362795684487 0.000795925076818094 0.00100798714556731 0.00153064728947356
0.00139705423498526 0.00100449134479277 0.000521332741482183 0.0008339571475517 0.000734932674095035 0.00085357550997287 0.00101491984096356 0.000955154141411185 0.000728181004524231 0.00105919580091722 0.00114102286752313 0.00152800509240478 0.00152566628530622 0.00132445762865245 0.00145116287749261 0.00171268685953692 0.00143619565060362 0.00158059091772884 0.00153814319055527 0.00197080420330167 0.00194115989143029 0.00211776259820908 0.00177128697978333 0.00156988827511668 0.00148758665891364 0.00118037874344736 0.00187090656254441 0.00127710371743888 0.00141509337117895 0.000686643039807677 0.000966498337220401 0.000764153286581859 0.000956475554266945 0.0010111209412571 0.000822339917067438 0.000865494488971308 0.000324557496060152 0.000444838669500314 0.000380305992439389 0.000381825683871284 0.000243308747303672 0.000696841365424916 0.00182254746323451 0.00167896607890725 0.00177689626580104 0.00201698298333213
0.000674888514913619 0.00101150969858281 0.000963216339005157 0.000708011776441708 0.000469284187420271 0.000897398340748623 0.000922410149360076 0.00114102951483801 0.000817442347761244 0.00109185021719895 0.00129323045839556 0.00126555301249027 0.00107592116692103 0.00140727676916867 0.00117573328316212 0.00116890027420595 0.000536150528932922 0.000468034634832293 0.000502004739246331 0.00156349188182503 0.00140602848259732 0.00116109087830409 0.00137292582076043 0.00106076612719335 0.00125709675485268 0.00151317931013182 0.00147772446507588 0.00123078213073313 0.00121161520946771 0.00109071251936257 0.00209425083594397 0.00108955797040835 0.000977689371211454 0.000586917425971478 0.000836636603344232 0.000706054363399744 0.000175494646828156 0.000704930513165891 0.000835644209291786 0.00113482012529857 0.00223574592964724 0.00186558156274259 0.00142739241709933 0.001746288780123 0.00194349610246718 0.00170196482213214
0.00131299095228314 0.000905067438725382 0.000988519442034885 0.00042742881050799 0.000433128280565143 0.000748295051744208 0.00102314365212806 0.000773418165044859 0.000467412066063844 0.00101186719839461 0.00110797037486918 0.000811875076033175 0.00145090200239792 0.00157561915693805 0.000549288903130218 0.00085754343890585 0.000921861600363627 0.00167111773043871 0.00141208911081776 0.00111831867834553 0.00128955695545301 0.00118652387754992 0.00146865672431886 0.000914281979203224 0.00110431134235114 0.00110544412164018 0.00110939317382872 0.000867352786008269 0.000648885930422694 0.000941102858632803 0.00126063951756805 0.00140663388883695 0.000892121077049524 0.000931238359771669 0.000738072296371683 0.000769262888934463 0.00108702114084736 0.00112006845884025 0.00129574687452987 0.00110098584555089 0.00105708868359216 0.00116767783183604 0.00139157103840262 0.00150093114934862 0.0012480428093113 0.00208690206054598
0.000637778095551766 0.000671438444987871 0.000394150250940584 0.000631949389935471 0.000680962181650102 0.000400092368363403 0.000757055875146762 0.000739276752574369 0.000424513491452672 0.00108243579161353 0.000913008779753 0.000921595364343375 0.000654473109170795 0.000652718002675101 0.000456116235000081 0.000460773450322449 0.000646839052205905 0.000802471814677119 0.000691709970124066 0.00121356006711721 0.00104064524639398 0.0012620214081835 0.00111504399683326 0.00126578697236255 0.00111783939646557 0.00111925734090619 0.000959193363087252 0.00148732555098832 0.000594479820574634 0.0010580753092654 0.000581026799045503 0.000565646187169477 0.000956970622064546 0.000852769985795021 0.000896048091817647 0.000585940628661774 0.000575076730456203 0.000962702796095982 0.00127148295287043 0.000677406985778362 0.00125223777140491 0.00119281669612974 0.00124680603621528 0.00112438383512199 0.000494456675369292 0.0007055836787913
0.00115852436283603 0.00138470908859745 0.000789722288027406 0.000728212168905884 0.000403230570373125 0.000398522612522356 0.000382788706338033 0.000773069862043485 0.000410528815700673 0.000716730952262878 0.000750104093458503 0.000489568829652853 0.000791563303209841 0.000690047378884628 0.000801306369248778 0.000789745693327859 0.000795117800589651 0.000889816286507994 0.000724769884254783 0.000780922663398087 0.00180976251140237 0.000990061269840226 0.000728730688570067 0.00051098104158882 0.000637755647767335 0.000595166397397406 0.000746263010660186 0.000581397619680502 0.000577993621118367 0.000934487691847608 0.000531773889088072 0.000854692974826321 0.00112619636929594 0.000787810154724866 0.00090356221771799 0.00101734810741618 0.000803249247837812 0.000840892514679581 0.000995535805122927 0.00117069006082602 0.000714204524410889 0.000800560286734253 0.000577860695193522 0.000620945182163268 0.000708458863664418 0.000726166903041303
0.000703218812122941 0.000661712960572913 0.000659113918663934 0.000409159125410952 0.000397635591798462 0.000399308925261721 0.000406202807789668 0.000780461018439382 0.000595566048286855 0.000422906660242006 0.000755867082625627 0.000474335614126176 0.000477465687436052 0.000811247620731592 0.000883819122100249 0.000942956330254674 0.000927876168861985 0.000908293348038569 0.00122868332546204 0.000779153994517401 0.000989155296701938 0.00114180780947208 0.00110883781453595 0.00151118974899873 0.00104059823206626 0.000597704932442866 0.000587551912758499 0.000558944104705006 0.000538986208266579 0.000500328518683091 0.000902369583491236 0.000458459355286323 0.000813268148340285 0.000886896351585165 0.000537542279926129 0.00105931250145659 0.000522536918288097 0.000619099393952638 0.000560666859382764 0.000573157353210263 0.00104959984309971 0.00142094725742936 0.00053284928726498 0.00117179859080352 0.00056377227883786 0.000574042569496669
0.000842366099823266 0.000841951189795509 0.000395916949491948 0.000405626036808826 0.000745744351297617 0.000354362212237902 0.000383131884154864 0.000423231246531941 0.000357539334800094 0.00034383550810162 0.000526621539029293 0.000376354361651465 0.000423735598451458 0.000472945600631647 0.000966109661385417 0.000491313479142264 0.00103169513167813 0.000823412422323599 0.00104617759934627 0.000946624169591814 0.000588896448607556 0.000591838810942136 0.000940723501844332 0.000905463402159512 0.000864329416071996 0.000556878777570091 0.000534638518001884 0.00055040501174517 0.000534783324110322 0.000786789419362322 0.000674220098881051 0.000442157074576244 0.00044987233413849 0.000856793601997197 0.000465346040436998 0.00046809772902634 0.000483727944083512 0.000494601824902929 0.000683202862273902 0.00114179907250218 0.000424394037690945 0.00054570374195464 0.000790230045095086 0.000538261907058768 0.000940176466247067 0.00103048797463998
0.000556406850228086 0.00061674797325395 0.000709737016586587 0.000383904110640287 0.000397120788693428 0.000319756215321831 0.000468088599154726 0.00070634734001942 0.000387870924896561 0.000825428561074659 0.000285502364567947 0.000557437166571617 0.000629955373005942 0.000459904820309021 0.000889285944867879 0.000716884934809059 0.000514407464652322 0.0005232321243966 0.000985048414440825 0.000895283988211304 0.00104648393462412 0.000742452271515504 0.000897740852087736 0.000903004757128656 0.00076410630135797 0.000552515959134325 0.000762702664360404 0.000479635081137531 0.000445712730288506 0.000429603888187557 0.000404451091890223 0.000394567390321754 0.000398573852726258 0.000397882531979121 0.00075063671101816 0.000420444208430126 0.000433795389835723 0.000463181082159281 0.000650497199967504 0.000547104049474001 0.000529809194267727 0.000563839153619483 0.00113660060451366 0.000930865580448881 0.000252310925861821 0.000958465225994587
0.000389715013443492 0.000620310235535726 0.000407965629710816 0.000384042441146448 0.000298176093201619 0.000723977776942775 0.000186866170406574 0.000778337812516838 0.000581704772775993 0.000683919989387505 0.00038982541882433 0.000597787165315822 0.000925588223617524 0.000432610494317487 0.00070528271025978 0.000447172613348812 0.000483930719201453 0.000472427392378449 0.000486817650380544 0.000887019699439406 0.000508207699749619 0.00100682697375305 0.00113502762978896 0.00100201552850194 0.000813727889908478 0.000527658566716127 0.000515246982104145 0.000461994152283296 0.000433176232036203 0.000410363706760108 0.000381347342045046 0.000371710601029918 0.000578896736260503 0.000356470257975161 0.000374090488185175 0.000405342597514391 0.000425876755616628 0.000649990706006065 0.000708045973442495 0.000488832488190383 0.000483469516620971 0.000861041765892878 0.000728729070397094 0.00116675533354282 0.000468147854553536 0.000450947662466206
0.000587832881137729 0.000415127415908501 0.000395533078699373 0.000583796069258824 0.000249723992601503 0.000667524739401415 0.000327244872460142 0.000335431093117222 0.000342523664585315 0.000339886336587369 0.000635960139334202 0.000620918048662133 0.00035865837126039 0.000372422416694462 0.000389009731588885 0.000391479558311403 0.000412676404812373 0.000863712874706835 0.000441788486205041 0.000471427873708308 0.000487115603755228 0.000963584292912856 0.000601128273410723 0.000392398814437911 0.000864592409925535 0.000565227522747591 0.000542578203021549 0.000493516409187578 0.000470464545651339 0.000398110997048207 0.000351758880424313 0.00031970547279343 0.000388221204048023 0.000326630921335891 0.000352586430381052 0.000382444550632499 0.000409511834732257 0.000424409439438023 0.00045657568552997 0.00112248891382478 0.000961890793405473 0.000457958248443902 0.000822479580529034 0.000272746261907741 0.000559821279603057 0.00018526453350205
0.000448262467398308 0.000438590612611733 0.000399577888310887 0.00070673298323527 0.000655447348253801 0.000471736615872942 0.000308849032444414 0.000317755099968053 0.000566443611751311 0.000168617328017717 0.000177881914714817 0.000144304017885588 0.000488804557244293 0.0003300788521301 0.000347675182274543 0.000359656033106148 0.000364984240150079 0.000383645077818073 0.000406884809490293 0.000427256405237131 0.000478230058797635 0.000498249803786166 0.000785850791726261 0.00175051749683917 0.00311234325636178 0.0010376620455645 0.000550414677127264 0.000494785819319077 0.000449191982625052 0.000393376027932391 0.000333929009502754 0.000579326710430905 0.000304787096683867 0.000315904623130336 0.00032440040668007 0.000359188232687302 0.000383976061129943 0.00074175787740387 0.000490814325166866 0.000409951148321852 0.000675148417940363 0.000699749955674633 0.000165397260570899 0.000601195241324604 0.000570370443165302 0.000569865427678451
0.000937367347069085 0.000706492690369487 0.000664737529587001 0.000607237609801814 0.000523630392854102 0.000128951118676923 0.000445816718274727 0.000187955157161923 0.000141950944089331 0.000132938745809952 0.000271150379558094 0.000788093922892585 0.0005718046129914 0.000134040072589414 0.000841970692272298 0.000217196845915169 0.000171714879252249 0.00019044259461225 0.000273317641403992 0.000330776974442415 0.000450613067368977 0.000467213118099608 0.000524598991614766 0.0025733991060406 0.00446675973944366 0.00139140844112262 0.000551041995640844 0.000494287855690345 0.000462059481651522 0.000393396694562398 0.000333832917385735 0.000292379048187286 0.000292932102456689 0.00030344785482157 0.000326250868965872 0.000306925686891191 0.000347508853883483 0.00035174832737539 0.000352361146360636 0.000348815025063232 0.00071379907312803 0.000322252282057889 0.000598501821514219 0.000188449589040829 0.000442217796808109 0.000413652008865029
0.000905900169163942 0.000568995779030956 0.000575550645589829 0.000556753238197416 0.000288937859295402 0.000365885012433864 0.0004960475693224 0.00046902937174309 0.000257183972280473 0.000257380837865639 0.000494563288521022 0.000261127194971777 0.000267467304365709 0.000476816412992775 0.000436291357618757 0.000470932319876738 0.000334508958621882 0.000341922775260173 0.000350323831662536 0.000373183580813929 0.000408852859982289 0.000455579304252751 0.000502894801320508 0.000525419085170142 0.00127848524134606 0.000832406070549041 0.000872685160720721 0.000513140088878572 0.000475548929534853 0.000416706953546964 0.00036351399612613 0.000317409288254566 0.000307654921198264 0.000502794893691316 0.000317710134549998 0.000204363105876837 0.000611991732148454 0.000514501606812701 0.000218362876330502 0.000540746335173026 0.000291249301517382 0.000160054231673712 0.000155666927457787 0.00036542255547829 0.000246064213570207 0.000342426575662103
0.000605663075111806 0.000486830924637616 0.000539594213478267 0.000459272670559585 0.000257618419709615 0.000483678441378288 0.000465608783997595 0.000231971523317043 0.00044096642814111 0.00023272195685422 0.000114869373646798 0.000377122953068465 0.000252999382792041 0.000399041536729783 0.000246005489316303 0.000432806747267023 0.000304298740229569 0.000318938319105655 0.000525316869607195 0.000343030635849573 0.000601855380227789 0.000417178138741292 0.000450633815489709 0.000482828525127843 0.000509764824528247 0.000544234542758204 0.00107250198489055 0.000868863664800301 0.000937917706323788 0.000832357071340084 0.000794492266140878 0.000363354207365774 0.000322449949453585 0.000296345337119419 0.000509637271170504 0.00029288052173797 0.000243019372283015 0.00047217923856806 0.000727444677613676 0.000208009968628176 0.000403710210230201 0.000221586719271727 0.000250163415330462 0.000315608558594249 0.000284027782618068 0.000319664840935729
0.000555836962303147 0.000240497625782155 0.000410791166359559 0.000400470709428191 0.000389817918767221 0.000403925016871654 0.000452094784122892 0.000418112555053085 0.00020598643750418 0.000400810613064095 0.000208908889908344 0.0004079420119524 0.000140723704680568 0.000243640501867048 0.000255785380431917 0.000265577848767862 0.000285600715142209 0.000294223343371414 0.00029572550120065 0.000302807992557064 0.000323499177466147 0.000345583885791712 0.000389636564068496 0.000419353268807754 0.000498277420410886 0.000541394561878406 0.000560789930750616 0.000521417034906335 0.000511198778986 0.00046936969156377 0.000883477577008307 0.000711243372643366 0.00058943007607013 0.00034503651841078 0.000313569064019248 0.000441895428230055 0.000467385450610891 0.000176766386721283 0.000676422117976472 0.000264273988432251 0.000538720327313058 0.000120235238136956 0.000172767536423635 0.000372319109737873 0.000216177084075753 0.000145486891415203
0.000172469561948674 0.000406442221719772 0.000485740954172797 0.000433169878670014 0.000232510754722171 0.00021560861641774 0.000328537609311752 0.000210671886452474 0.000194230223132763 0.00019537980115274 0.000197268385090865 0.000401337683433667 0.000225142062117811 0.000228421037900262 0.000247896430664696 0.000262118682439905 0.00026871309382841 0.000268942899128888 0.000279227305145469 0.000299209966033231 0.000299520809494425 0.00031580735812895 0.000367443118011579 0.000445289438357577 0.000519479290232994 0.000577497793710791 0.000574037202750333 0.000590438427752815 0.000560649816179648 0.00051659447781276 0.000465327032725327 0.000862426206003875 0.000718678097473457 0.000362365451292135 0.000506815168773755 0.000529857125366107 0.000513477716594934 0.00040355279634241 0.000454069403349422 0.000458610738860443 0.000175720896368148 0.000198622849711683 0.000341635342920199 0.000300612483988516 0.000292637743405066 0.000286619699909352
0.00040474088746123 0.000232842515106313 0.00024491510266671 0.000168256420874968 0.000434288539690897 0.000205573109269608 0.000394374609459192 0.000214645231608301 0.000201884303533006 0.000198896483925637 0.000324089385685511 0.000171713923919015 0.000170300641912036 0.000359725387534127 0.000427586081787013 0.000510229021892883 0.000408931696438231 0.000424451133585535 0.000507027833373286 0.000301159190712497 0.000497588803409599 0.000510911905439571 0.000386572701972909 0.000457955244928598 0.000560334918554872 0.000618398253573105 0.000647083626245149 0.00134381364914589 0.000619030938833021 0.000562152045313269 0.00050644461880438 0.000463645785930567 0.000682550232158974 0.000506462715566158 0.000573376647662371 0.000306537689175457 0.000446183158783242 0.000641517993062735 0.000459014970692806 0.000359000227763318 0.000349346213624813 0.000340673892060295 0.000329572590999305 0.000190844913595356 0.000180847643059678 0.000277923364774324
0.000213663437170908 0.000202021474251524 0.000206949803396128 0.000212585715053137 0.000213566482125316 0.000381007709074765 0.000328073796117678 0.000511647303937934 0.000145476948819123 0.000369496713392437 0.000368066006922163 0.000397813803283498 0.000419779503135942 0.000375831621931866 0.000379553469247185 0.00111208672169596 0.000746484927367419 0.00066413942258805 0.000307353248354048 0.000496118506998755 0.000396382197504863 0.000175529377156636 0.000416811436298303 0.000738978112349287 0.000867365358863026 0.000971032783854753 0.000524430992663838 0.000403433080646209 0.000312863301951438 0.000580071104923263 0.000523838706430979 0.000469281460391358 0.000404011528007686 0.000652263523079455 0.000520194953423925 0.000475993755389936 0.000429749267641455 0.000411737864487804 0.000795347837265581 0.00046079448366072 0.000429253457696177 0.000395295684575103 0.000411013371194713 0.000299722293857485 0.000301666371524334 0.000138884760235669
0.000186760214273818 0.000185436983883847 0.000189452240010723 0.000200638452952262 0.000396119116339833 0.000309400036348961 0.000315693728043698 0.000446803442901 0.000339680598699488 0.00064647106337361 0.000395027169724926 0.00037547780375462 0.000495201913872734 0.000542535263230093 0.000673771160654724 0.00140666728257202 0.000991456175688654 0.000477676431182772 0.000518307398306206 0.000550624559400603 0.000274480352527462 0.000523019031970762 0.000562002873630263 0.00172259799437597 0.000832525943405926 0.0011799298459664 0.00108733217784902 0.0012680079205893 0.000646319416409824 0.000582626348477788 0.000514627192751504 0.000739843706833199 0.000623627920867875 0.000936175626702607 0.000769331288756803 0.000437902542762458 0.000752510823076591 0.000715374341234565 0.000679175741970539 0.000762345572002232 0.000691531493794173 0.00048299441114068 0.000456669082632288 0.000610358620178886 0.00020476667850744 0.00034905853390228
0.000174158094159793 0.000271854223683476 0.00033341034577461 0.000329737187712453 0.000302836348419078 0.000203195394715294 0.000311992518254556 0.000644308264600113 0.000667284656083211 0.000641167815774679 0.000536555086728185 0.000913551420671865 0.000703880609944463 0.00111015837173909 0.00105631494661793 0.00118576624663547 0.000891637447057292 0.000856098235817626 0.000656137958867475 0.000548339314991608 0.000611670507350937 0.000832764530787244 0.000779692269861698 0.000810864352388307 0.000860559800639749 0.000931913073873147 0.0014567542122677 0.00118058786611073 0.000898868657532148 0.000896155321970582 0.000804975040955469 0.000952537078410387 0.000885977980215102 0.000571973490878008 0.000568818679312244 0.000470123154809698 0.00102057917392813 0.000627455479116179 0.000870848872000352 0.00070238538319245 0.000456166081130505 0.000438214125460945 0.000527870244695805 0.000576988168177195 0.000392652253503911 0.000448269111802802
