Maxent_result_files_1/Bombus_vestalis_3.asc
NCOLS 594 
NROWS 330 
XLLCORNER -15 
YLLCORNER 23 
CELLSIZE 0.166666666666667 
NODATA_value -9999 
[rows 60 to 79 of 330, columns 180 to 224 of 594]
2.63616367192299e-05 0.000119934995382209 0.176018420513719 3.05391718029568e-06 6.98597617883934e-05 4.0023699420999e-05 3.818558805051e-05 0.000571065848453145 0.000195584048060482 0.000206574579030416 0.000968183186614624 0.00359385259819192 0.000253354598089572 0.000494629934837576 0.00022109693436505 8.06479798939108e-05 4.65988465585099e-05 4.05772275588134e-05 0.000120385934883416 8.71451183456884e-05 0.00533760623984563 0.00445895010961976 9.22380624857055e-06 3.02224495669634e-06 5.86307038119571e-07 1.15634404878051e-06 9.44731577874336e-06 1.43788828154356e-05 9.95205300569069e-06 7.88462946843538e-06 2.20925683606765e-05 0.00678905645909253 0.000166733638980077 2.77491846190969e-05 4.64549902972067e-06 5.90899212511431e-06 0.000362273615064623 0.00037688728843932 0.000256934166827705 0.000248433836350159 5.60113942356111e-06 2.58416176620813e-05 2.0929181982865e-05 9.66680343026383e-06 0.000186725145067612
2.81084116068087e-05 0.00283830231637694 -9999 3.24088880915951e-05 0.000319897953977488 9.82804168756957e-05 0.000258961709369032 0.00528931113367435 0.00246185237210739 0.000184955438609791 7.06861699036665e-05 2.20420860259196e-05 8.54278621886806e-06 2.8131656179653e-05 1.29514650268447e-05 9.02619334137711e-06 0.00232887484962703 0.00468665443058853 1.33157663336547e-05 1.91003275283208e-05 4.17262374753591e-05 1.50225792751257e-05 1.32655135294257e-06 3.36961059055341e-06 4.42760519661078e-06 3.41070987701642e-06 9.71939764440322e-06 1.47491325606097e-05 0.000144616002535258 4.59140160273819e-06 4.2572458187351e-05 3.06172406453697e-05 0.000690531777217984 6.11728500189201e-05 6.42589717244846e-05 0.000103591683387094 2.97118207527092e-05 0.000168306433624821 0.000140010083214293 9.58815733838492e-05 1.67810143011593e-05 4.03127881440923e-06 2.72382084631317e-05 2.16237124732288e-05 3.43455745905885e-06
-9999 3.10663603158901e-05 5.47914674825734e-05 9.77738164806396e-05 0.000123286177290538 0.000204239797403716 0.00404616115338285 0.00250184484830243 0.00103236200448009 6.15332216924003e-05 8.68275886304559e-05 7.18494462725872e-07 3.26677596490299e-05 7.92339765212091e-06 0.000629722415033029 1.73433239183396e-06 3.88005616542841e-06 1.60104386736748e-05 1.42444969327471e-05 0.000833977345882886 1.28755370127465e-05 1.70202972249456e-07 2.32452024064855e-06 6.07518726951639e-06 6.53802218266719e-06 7.96105961171634e-06 3.72338849558673e-05 8.83949854824095e-06 1.0884985647408e-05 7.84388594183838e-06 1.22990026511616e-05 1.19455151207148e-05 9.94295444797899e-05 0.00084088110452285 1.70500353760872e-05 0.000167306817456847 8.03516833229878e-06 9.7461368477525e-05 6.38640146917169e-06 1.29009800048152e-05 6.5721397049856e-06 1.3164625556783e-05 1.54469586050254e-05 3.28169803196943e-05 9.73731308931747e-05
0.000536592377738998 2.08193099865639e-05 0.000167105309810722 6.18695368757471e-05 2.41353422154589e-06 0.00388852722294359 0.0263407204191026 0.000426100534423313 3.82997534984497e-06 0.000150600710730941 8.01923453987996e-06 4.03467796459722e-05 3.09166609312683e-05 6.4778517457853e-05 0.00832040605600923 0.0184410952322651 0.0105044462092337 0.00474180746859929 7.92068567193383e-05 5.71151643029566e-06 3.65597170315368e-08 9.76492412974039e-07 1.37966999318451e-06 2.62291364094835e-07 1.41538178695555e-05 0.000119986452591547 0.000121509867858549 3.21819613418484e-05 7.12477409251733e-05 3.19843626130023e-05 0.000213287389124162 0.000194759826626978 5.84328872719198e-05 0.00207567159668542 0.00032399584815721 8.28071836622257e-05 0.000125064248186391 5.00376459513063e-05 4.60157206362055e-05 1.31571316956069e-05 0.00010453099021106 8.08939120361174e-05 1.73010306525612e-05 3.45153760008543e-05 6.78696904060416e-05
0.00103214032933465 1.64774384757038e-05 3.41891933430816e-07 0.000492151166690746 0.000465514329607686 0.00105634388401086 0.00144651377631817 0.0216766290774103 0.00187273320188979 2.7502861342299e-05 4.9651195450906e-05 8.23652192103452e-05 3.21230839688269e-05 5.3685081866206e-05 0.00734283738420345 0.00438369030889589 0.000328177950768804 0.0010301418578365 4.37705719150472e-05 3.44756049344142e-06 1.20486513157658e-06 6.14088976789162e-06 2.53281666484639e-06 7.33279950509314e-05 3.68425434373876e-06 1.29204751431189e-07 5.07424152260683e-05 0.000426203889219323 6.93260296884546e-06 0.00068565464389394 2.00123157810594e-05 0.000120520379095979 2.46069491367962e-05 4.99038563930299e-06 0.000430618736572796 2.75683889412903e-05 1.33157743221091e-05 6.84850940160686e-05 7.34093436221883e-05 2.18333666452963e-05 4.76146472010441e-06 6.4758660573716e-05 8.73842469445663e-05 2.17494290382092e-06 1.10370062316179e-06
0.000256058574450435 0.000136283959000139 0.00132455109705916 8.00776083394794e-05 9.88011041741288e-05 0.000146831804704561 3.47564432367165e-05 0.00707065220631193 0.00689083454635693 8.35047979109049e-05 3.22986971241335e-05 2.44589888779956e-05 1.37571235175216e-05 7.71134523702699e-06 6.0380396753601e-06 9.01731781596027e-05 3.30925354319334e-05 5.29770908087812e-05 1.26941722498941e-05 1.9455452411421e-05 4.82562424167554e-05 2.67575227553607e-05 0.000285028238431551 1.53014772422466e-05 4.89595464387094e-05 0.000199272328609368 1.87328644642548e-05 2.58011175446882e-07 5.0365110837447e-06 6.05924113187939e-05 8.23606456833659e-05 2.07657979899523e-05 8.72494621944497e-05 3.50423354120721e-05 6.77788656844314e-07 5.01075073771062e-06 9.73133933257486e-06 1.94323318396528e-06 1.18943383142778e-07 2.2890022592037e-06 5.47944524669219e-06 3.4755104877604e-06 0.000165971554906719 4.69857536700147e-05 2.27199722075966e-06
0.000166291982463918 0.00027380796163925 0.000956121413037181 0.000345419200021979 0.000564411976620249 0.00105832879926311 2.42530484886316e-06 5.55130972848872e-05 3.63979514137469e-06 7.28499009894357e-08 1.32154936949291e-07 4.46982545909691e-06 5.05601454534599e-06 4.92901710913429e-06 5.84719430349878e-06 0.000379188069564407 0.000425782524325768 0.000508416834054515 0.000955042461282574 0.00114556325424928 0.0010405162061943 5.97459421669555e-07 1.83029862341755e-06 1.8049777008855e-05 2.67958161884962e-05 2.60823568169144e-05 1.50816294080869e-05 3.030692403172e-06 7.38214738703391e-05 1.40716840178356e-05 2.81952189311596e-06 3.8990717712295e-05 7.97592761500709e-05 0.000161384869852554 1.6825960997835e-07 4.08545462732945e-05 9.06472393580771e-05 4.34271460562741e-05 2.87907661800091e-07 2.21079731090867e-06 7.0070924493848e-07 2.53347394618686e-06 2.9133748807908e-05 1.0852292433583e-06 4.686286422384e-06
0.000840096213414654 0.0284095743685612 0.000250604389657383 2.51797291639377e-05 4.63760755039289e-05 0.000955753941036619 3.43315952548551e-05 3.72435564774065e-05 0.00020145580128883 4.92718556177607e-06 9.74155057047454e-06 8.92469444764288e-06 1.54094047566389e-07 1.97820059156584e-05 1.47605087079228e-05 6.13114221152955e-06 0.000116516777779907 0.000110131443398132 0.00210009553993586 0.000543826400098624 0.00152076027006842 0.000562945319688879 4.80681035242014e-06 3.94317196423799e-06 8.47048750074464e-07 9.47474617873922e-08 6.1577140627378e-06 0.000283780915833631 7.15025743716069e-06 4.02306617388604e-06 2.11024270697635e-06 1.25391827054955e-06 4.55942235078055e-06 9.69182173321315e-05 4.00736719541328e-07 1.92965681833357e-07 3.16055793803116e-07 7.23935512723983e-05 1.75146741412391e-05 6.43811963527696e-06 8.20942273094261e-07 3.23971446505311e-05 9.89759030289861e-08 2.17905060750923e-07 6.54438358083098e-07
9.67813155398289e-05 0.0082933382533156 5.62439797612058e-05 9.76646626327238e-05 6.4236251103722e-05 0.000106592854655219 6.01182471086759e-05 1.44330098919454e-05 2.69264854068751e-05 4.96589274803227e-06 1.88073594472371e-05 1.11435047756459e-05 1.48414638374561e-06 2.57035499885205e-05 3.811834960743e-06 9.06139495782554e-05 2.31169095059158e-05 4.91081550535455e-05 1.22948983289461e-05 9.92145055533911e-05 1.65911635576776e-05 0.000447730519226752 0.000640730248414911 2.20320778225869e-05 1.55863789359501e-06 3.63640584737368e-05 1.25022049587642e-05 9.3573552021553e-06 1.67651647586808e-06 2.20774502679433e-06 9.6943859489329e-06 2.747667224412e-06 4.40206134726395e-06 2.55832012044266e-05 6.23704647296108e-05 7.88372600482035e-06 2.02681308110186e-05 1.36725509491953e-05 5.15097353854799e-06 3.98935417251778e-06 4.55794005574717e-05 6.78298024467949e-06 2.09623182456653e-07 2.20717247430002e-06 1.90096557872721e-07
2.23842642697036e-05 0.000105209902949355 4.83828048970736e-05 6.36231043529278e-05 4.82222528866316e-05 0.000144038345752051 1.34573264915616e-05 0.000143079893405229 0.000279866646815208 6.3579590550944e-05 0.00148376309807645 0.000870383565779775 1.55504301801557e-05 1.18308013270507e-06 0.000741591020050691 2.70670204372436e-05 1.82055991899688e-06 5.27835200045956e-06 0.000491323304231628 1.43447224672855e-05 0.000188476553739747 0.000567835889523849 0.00153281469538342 0.000228398441595346 9.1715155053862e-05 3.10520721313878e-06 0.00015551923215753 5.54766445475252e-06 2.04068054188156e-07 1.08322011783457e-05 1.25196397220861e-05 1.06512983393259e-05 6.12688052115118e-06 3.09760768573142e-06 5.95709836659353e-07 1.16810020927005e-06 3.37786697173215e-06 3.65651180800342e-07 8.33098770272045e-06 1.34265056203731e-05 7.27641781850252e-07 6.79923912230151e-06 7.38880606832026e-07 8.61008926449358e-06 3.63903353672868e-07
0.000327122504290855 0.000474184795984911 0.000194966725121049 0.000341512785507803 3.31565855560712e-05 2.59077194321833e-05 9.30070678535344e-06 8.6315006448956e-06 2.3822301227483e-05 0.0003218329315132 0.00133469839056488 0.000872852833708748 0.00217451089629321 6.28185537152604e-06 8.45764287760176e-07 4.4991387767368e-06 0.000111184143861465 6.82471938375784e-06 1.80365402229654e-05 0.00645328501414042 0.0011153925126564 0.000252486414774467 2.96341380476406e-05 1.33746141727897e-05 0.000104365892593705 0.000576721441029804 2.8480161790867e-05 0.000165730316530244 8.2173608575431e-07 4.76484413525213e-07 1.83664104497439e-05 5.22091433197147e-07 8.33902968011557e-08 1.62486159069886e-06 1.30806266156469e-06 1.58946759825085e-06 1.7226225338618e-06 1.24305542215097e-07 4.05784054464675e-06 8.39701414179217e-06 4.86595051540917e-07 5.33965358329169e-07 1.6544899466453e-06 1.79821970277771e-05 1.25635473295915e-06
2.37296112914009e-05 5.08682360191415e-05 4.18233904838416e-05 0.000192612272803672 4.4059359326809e-05 2.91931086557895e-05 0.000207984563530772 0.000144539954089851 2.2800618586416e-05 7.19726282341071e-05 8.8049323312589e-05 0.000595184465055354 0.00415168202598579 6.63142163830344e-06 4.7763388806743e-06 3.17672765959287e-06 4.75678945122127e-07 2.52476570494764e-07 1.63628764937584e-07 3.53181736727493e-06 0.000643274884350831 0.000263023593834077 9.4032302740743e-06 1.02618165271906e-06 2.36114282614608e-06 5.0300573306572e-08 2.59307743704085e-06 4.78444593454697e-06 7.02741452585087e-08 6.53321549748398e-08 5.7270029145684e-07 4.58213223453186e-07 1.69012436685989e-06 2.73095269562873e-06 2.42116884408006e-07 2.29635706716635e-07 1.19114698691192e-06 4.59927097296031e-07 2.79672000260689e-06 5.54855973859958e-06 8.553745789186e-06 1.26909773996431e-06 2.2036378979351e-07 1.08603916260108e-06 1.80539598382268e-08
3.00591744775147e-05 0.000220990771344987 2.27891520381718e-05 0.000111054104127106 4.7523263583571e-05 0.000284944030863699 0.000197488759295084 0.00572442601260263 0.00163432343106251 0.00187730067409575 0.00292995177442208 0.00356204065610655 7.12699793439242e-05 2.07561854949745e-05 0.000114508196384122 0.000342557661315368 7.59024912255768e-08 1.30163487028767e-06 3.60729608473775e-05 1.1772138032029e-05 0.000113920040439552 6.29156299964961e-06 5.05988660052026e-05 6.49448484182358e-05 3.15423718433294e-07 8.44666137709282e-06 1.37549267975601e-07 3.17002095471253e-06 2.81667563228893e-06 3.32485947751593e-07 2.39302345335091e-06 1.26522947851981e-07 2.3949999672368e-07 2.69287274363705e-06 3.98043426912409e-06 2.6903692742053e-06 8.92906234639668e-07 5.17783865916499e-07 3.48376058667554e-07 2.45578787527734e-08 1.25103589709852e-07 9.44810206249258e-07 5.1899250763654e-08 7.74810958503735e-08 4.81335445101649e-07
0.00282402363809524 6.32805819350324e-05 0.000436862429342 0.00748507936950773 0.000191270749564865 0.000123327772416815 0.00235775993205607 0.000865232458454557 0.00339540542336181 0.000960834749275819 0.000375930417794734 1.40340259349614e-05 1.2009395095447e-05 6.94910943821014e-05 5.06461140048486e-06 1.80579794687219e-05 0.000327483351247793 0.000391072873935627 5.72839773838041e-08 2.33740531374593e-08 2.21159314151009e-07 1.21802540320459e-06 5.08258112859039e-05 2.82437550254144e-05 0.000177761226495932 2.84988339444681e-05 1.94807805769415e-05 3.44344144309616e-07 8.73707438131532e-06 2.48174355022002e-07 3.17848748636607e-06 2.20342986381183e-06 4.98683847922621e-06 2.58150229797138e-06 9.45527528983803e-07 2.79600931207824e-07 5.57147041035933e-07 7.23432310678618e-07 6.88629557998865e-06 9.63497697625826e-08 2.80410672459652e-08 7.39877131650246e-06 9.94405006338184e-08 1.23463549812186e-05 -9999
0.00120341255023959 0.00096299959695898 3.08600771859346e-05 0.00147496075223899 0.000783250432868954 0.00348934873472899 0.00168777272920124 0.0032237482140772 0.00128267331310781 0.0008750478780712 0.000216141218152188 3.91268367820885e-05 3.42344542332285e-05 0.000175342488546448 1.48348158290901e-05 6.2899952126827e-07 6.79918935020396e-05 0.000123546233226079 8.29171168334142e-05 1.23135256217211e-05 9.46172029216541e-05 7.14621560291562e-06 5.84148628149705e-05 3.21636540775216e-05 0.000246888608489826 2.01273978518657e-05 8.98900867696284e-06 4.25974339009372e-05 3.01668149404577e-05 7.24215186892252e-05 2.16468652979529e-05 2.5768122941372e-05 1.98576969978603e-07 1.26318779081203e-07 8.91117956314247e-08 4.48215223514126e-07 3.40000451615197e-06 2.00165578121414e-06 2.673222391536e-06 1.11498254625531e-05 2.71172661427954e-06 5.18984371922215e-07 1.6085076808281e-07 4.36096415455722e-05 -9999
0.00016045447318902 0.00138603149316623 0.00153407282195985 6.28484227490844e-05 0.000351980825689679 0.0174855588003993 0.00112002018140629 0.000284122626726457 6.61704030790133e-05 0.000779724332824117 0.000281389853989822 0.000286802588379942 0.000100737728826061 0.000383212688757339 4.33348446222226e-05 2.68191098030002e-05 0.000359053367537854 8.04916376182518e-05 0.00035427135117061 0.000145425711161806 0.000126010028907331 0.000169622206885833 8.24674722935015e-05 3.54198385821292e-06 8.34818217754218e-06 0.000399815021592076 4.90911342239997e-05 3.43656282097982e-07 2.68336877695674e-07 1.54361718841756e-05 4.28910682330752e-06 4.33123983611949e-07 1.49341464748431e-05 3.53565898421948e-05 1.99171587667024e-07 1.94988731436752e-06 1.2163636341711e-06 1.21490584774619e-06 4.01420388129736e-07 3.30771115386597e-07 2.55908435633501e-06 -9999 -9999 -9999 -9999
9.51453162088001e-05 0.000700373537256382 0.000769683560065459 0.00146065906155854 0.0114260717993602 0.000147094585918239 0.000446075060244766 2.21102025534492e-05 0.000681239613913931 1.74032409177016e-06 6.44171654684555e-08 4.59493985545123e-06 1.90454644780402e-05 2.75034756214154e-06 9.08849126062705e-05 1.71710951917703e-05 0.000669840911905339 9.88295915703929e-05 6.57645406931806e-07 8.21515367988468e-05 3.02838478091871e-05 0.000489619234031125 3.29576778312912e-07 5.07124366777134e-05 2.0019089743073e-05 3.36931888796244e-05 1.18707708452348e-05 7.76848565919863e-07 2.15072165019592e-05 1.33016199868052e-06 3.10903944011898e-07 6.4231849250973e-06 9.40697560736226e-06 1.32462574242709e-06 3.77987666411173e-07 4.33198816818248e-09 4.28070602538355e-06 4.50564749598925e-06 3.93476623095079e-07 2.78653918428518e-07 -9999 -9999 -9999 -9999 -9999
0.00436826873919927 0.000424452775405371 7.97323238202807e-05 0.00753851473564282 0.00670364132383838 0.000190171923168236 3.55156045770855e-05 0.000136076018679887 0.000135783334917505 0.000222826227764017 5.85380096708832e-05 1.73738955254521e-05 5.58049208621014e-07 7.7975208114367e-06 1.76475396528986e-05 0.000138303730454936 5.17990115440625e-06 2.62284532936974e-07 3.0520754137342e-07 6.86046786313454e-07 5.5844578128017e-06 2.48273332999815e-05 4.94098607305204e-05 1.7669264889264e-05 1.32619327814609e-05 1.89781102335473e-06 2.13226172604664e-05 7.22478444004082e-07 5.15745793450151e-07 3.633467215991e-07 5.43325398894012e-07 2.15088057302637e-06 2.47180951191694e-06 2.66057927547081e-06 2.2219853462957e-06 1.3791547485198e-05 1.59968799096077e-07 4.79349063198242e-07 7.14402236212663e-07 -9999 -9999 -9999 -9999 -9999 -9999
7.70480519804551e-05 0.000674685508420225 0.00497785145998932 0.0208379029762 0.000322989137930563 0.000389820427517407 7.9479174928565e-05 1.31316994611552e-05 0.000805601668253075 8.16504807517049e-06 1.63629260896414e-05 0.00145523590545054 3.73548638776811e-07 0.000190037104403018 5.73297236769577e-05 2.86925799628079e-05 1.62461191166585e-06 0.000156499405420618 3.46222208236213e-06 7.07630687202254e-06 4.64150383550077e-06 1.22218675357999e-07 2.08190315333923e-06 2.14679411669749e-05 3.05929737123734e-05 2.88584460577113e-06 1.66606722018514e-07 1.97321050109167e-05 1.6082058232314e-05 1.16118212417859e-05 9.14640891096496e-06 2.11167314887462e-06 3.53107021965116e-05 1.71148849403835e-05 1.76413802137176e-05 2.33887068645799e-07 2.48060496232938e-07 1.94857557644923e-08 -9999 -9999 -9999 -9999 -9999 -9999 -9999
0.0167231472907588 0.00020366146491142 0.00146139139833394 0.00500961691723205 0.0230323189927731 0.00025859394663712 9.19155854717246e-07 7.56351741983963e-06 1.57984345605655e-06 4.42714142536715e-06 0.000145524587424006 0.000325442351277161 0.000100784623464278 0.000361544806764869 0.000450080953305587 6.54513037261495e-06 7.24522374184744e-06 3.14954551328128e-08 1.17017017146281e-05 9.27544988371665e-07 8.3646309803953e-06 3.24311968142865e-06 5.52305299379441e-06 6.50648239570728e-06 4.66919052541925e-06 2.38011779742919e-06 1.61149174346065e-05 1.91447401789446e-06 3.21146533678984e-05 7.9626041042502e-06 1.72767694834874e-06 1.00995354273437e-05 1.98300313741129e-05 5.04335547020673e-05 9.90273911156692e-06 4.07114034040035e-08 1.01303328392532e-06 -9999 -9999 -9999 -9999 -9999 -9999 -9999 -9999
