Maxent_result_files_1/Bombus_vestalis_3.asc
NCOLS 594 
NROWS 330 
XLLCORNER -15 
YLLCORNER 23 
CELLSIZE 0.166666666666667 
NODATA_value -9999 
[rows 240 to 259 of 330, columns 405 to 449 of 594]
-9999 -9999 -9999 -9999 -9999 -9999 -9999 -9999 1.47271084216527e-13 7.9756201643022e-13 9.8220320765563e-13 1.01533226271044e-12 1.31791244584178e-12 1.86437532079253e-12 5.8327342955522e-12 1.07639008817273e-11 4.57984428159364e-11 6.77949910099507e-08 5.3339363370597e-08 6.41023389258422e-08 4.59169128497194e-07 2.29777365023942e-08 5.47787902815955e-09 4.15237648931921e-08 6.61603238860664e-10 1.57125004118797e-09 4.55383607489424e-09 2.19549450064527e-08 3.69633694763394e-08 2.3502617620963e-07 1.15143493832903e-06 6.57040008178456e-07 6.08190620754456e-07 9.59219876861539e-09 4.21654253560666e-06 5.67580826782432e-09 8.34285973638771e-12 2.1572454933505e-11 9.33419785908995e-11 3.72812891669128e-13 5.95079541199084e-15 3.24185123190546e-15 6.13842310315249e-14 2.4535928844216e-15 1.17683640610267e-15
-9999 -9999 -9999 -9999 -9999 -9999 -9999 -9999 2.93176594112765e-12 2.62517785287741e-12 1.01556540954562e-12 1.41642253481677e-12 3.28285176820486e-12 5.07149877648772e-12 1.47051926191466e-11 9.70764579832917e-11 1.74738231872862e-07 1.48861685766999e-07 1.31354172778764e-05 1.67348076280938e-06 6.30612575704959e-06 2.79309687083895e-05 2.07410572687472e-05 1.89866269383998e-05 2.5354155464008e-08 4.54573353514398e-08 3.31638998818384e-08 2.28575595584424e-07 9.03716661171394e-08 1.63497616867403e-07 1.92241823460115e-07 1.05378379071652e-06 2.228890185485e-06 4.05853503426812e-07 1.4617781445736e-06 1.01474331021478e-05 1.52083917714929e-07 2.51690184313036e-06 6.93738599899518e-10 3.91129351129393e-11 2.13769779655593e-11 3.92508248125978e-13 8.54871728961371e-16 2.40918396343659e-15 1.40665257220007e-14
-9999 -9999 -9999 -9999 -9999 -9999 -9999 -9999 2.0672241696218e-12 2.99776869994162e-12 4.66315874803058e-12 9.09672337456868e-12 1.40845668461509e-11 2.53256859927831e-11 1.75632524557212e-07 4.87086954326088e-08 1.63218070885485e-06 1.09237505427018e-05 3.6124647538216e-06 3.8743335906144e-07 4.68781818682373e-05 2.46598517369634e-05 2.38137987000897e-06 1.40379833322157e-05 8.78085703481801e-08 5.56576446232526e-05 1.39353723998425e-05 1.78903139271824e-05 2.82533185327338e-06 5.927672219741e-06 2.76934007148455e-07 6.43624360860962e-06 2.62682619840415e-06 2.89848264989345e-06 9.51010775107619e-07 5.03033404513076e-06 3.28514831906546e-06 5.30312656321641e-07 2.00196191824098e-07 2.35182944230417e-09 6.83320067196291e-13 6.76114719766474e-13 3.69704267200177e-15 1.11466391672366e-14 5.71764857681956e-15
-9999 -9999 -9999 -9999 -9999 -9999 -9999 -9999 2.05333716696288e-10 4.60715354755337e-11 2.45782261210081e-10 8.17071925118817e-08 6.78055185632243e-07 2.88571162443407e-07 1.45291541786552e-07 8.98061674692308e-08 3.19408381366237e-07 1.33504939841989e-05 1.89366479581565e-06 2.21336601285316e-05 3.70149166343703e-05 2.68387835078432e-07 1.80072615407756e-07 3.10539973513713e-07 1.57945680535398e-05 2.60740974567852e-05 1.5460755062513e-05 3.67232761255831e-07 0.00069564995210385 0.000356566344271414 4.36407274509776e-05 5.71840307552307e-05 0.000477476208470762 6.67824863299416e-05 6.47283697077228e-05 2.38934716012551e-06 1.17677480204748e-06 1.12691379025698e-05 1.8741845499326e-06 1.23529975976089e-06 8.189178224427e-11 1.20156729011001e-10 4.09106748477939e-11 4.41360281655534e-12 8.07398592428399e-13
-9999 -9999 -9999 -9999 -9999 -9999 -9999 -9999 -9999 3.46013224161723e-07 3.66074910274072e-08 1.25639801107358e-07 4.93062110802356e-06 2.39063813411988e-06 1.68693908744189e-06 1.267372467737e-05 2.50173299718881e-05 3.79689784324455e-07 7.90319592312017e-06 4.41085298348298e-06 5.00329606422101e-06 5.03655200082553e-06 0.000189135399329865 9.21604064374471e-07 2.74631323082808e-07 4.73816710200303e-08 7.52871931530841e-07 9.60954649187329e-09 2.11624689874235e-06 1.15640856614974e-06 4.8701378940752e-08 2.26297390519825e-06 5.18544964938528e-05 0.00024825373557249 0.000382004740049524 0.000482910417878202 4.028878487361e-06 2.98992641774021e-06 2.54311705107924e-06 8.30586900613106e-07 8.65676046291064e-08 4.50142426666744e-08 6.63284982493906e-12 6.33870733679487e-13 2.48013831694038e-12
-9999 -9999 -9999 -9999 -9999 -9999 -9999 -9999 -9999 1.82807826831777e-05 5.17607761139516e-05 4.09622120059794e-05 1.9426638391451e-05 2.1944018991249e-06 1.959096414339e-06 3.44912977290335e-08 4.80896527998986e-07 1.34735070622227e-05 5.38618556277015e-05 3.95413568554659e-09 6.7645990518006e-06 3.58788672656374e-06 9.61075236429743e-06 1.57105922791723e-05 4.44347894590358e-08 6.82968554921448e-07 5.34262466045377e-08 4.82652916455883e-07 1.29918083121794e-05 0.000172982960027923 0.000108915855525993 3.36144184931442e-08 2.18326572043459e-08 8.61729201417916e-07 0.000126371563959538 0.00103746932030025 0.000693008082453161 2.07478707561215e-06 9.86144564674163e-08 3.94116899782304e-08 9.3277212087628e-08 5.50371010299422e-07 3.21238163092374e-07 2.85354205598054e-08 4.33746372152655e-12
-9999 -9999 -9999 -9999 -9999 -9999 -9999 -9999 -9999 1.43979212907652e-06 4.71893081339658e-06 6.89141761540668e-06 1.57688215800533e-06 1.2005648753699e-06 4.06612053893696e-07 1.80890914883269e-05 6.96016400070221e-08 2.25694041233737e-10 3.64253671669701e-10 4.46615566751518e-10 2.71252218204676e-06 2.80203515182764e-06 5.96653974254124e-06 6.88044957253275e-07 3.45796129064269e-08 6.5118793357577e-09 2.61531463152664e-11 9.69155331542737e-09 2.94385483101678e-08 7.07297173052623e-09 4.05839198192037e-07 1.38456454449321e-06 1.25854977328643e-05 1.04586575899734e-07 1.11367115340766e-07 9.45057845536113e-08 1.01802981240073e-05 1.48303853619858e-06 7.30016390839694e-06 2.56097626327723e-07 1.33288272863297e-08 6.24982778862915e-09 1.74051337564762e-08 1.50382270536209e-07 2.89263743957768e-08
-9999 -9999 2.04921045224515e-05 0.000325957540189847 0.000467438308987767 3.77199335597211e-06 2.7134955234942e-05 3.58282951365751e-05 3.51745199689057e-05 5.72418575757183e-05 5.57552840632525e-05 1.59984982019523e-05 0.000220145988555487 0.000175312254032178 9.76892277293473e-08 5.75136112068719e-09 1.49180001685068e-11 6.64633348357313e-11 3.8737634211472e-10 2.63502408781591e-10 1.26427836050214e-06 5.12068118818654e-07 7.02621627934885e-07 9.2125160907619e-07 4.87150073846809e-07 9.21862746461333e-07 2.64278750325975e-06 1.52694227667505e-06 1.37185502071535e-06 5.79457892335711e-07 3.20336734915827e-10 6.23166023228094e-09 2.26718224416445e-08 1.73318024743185e-07 4.19359076753167e-07 5.72070847093542e-07 8.8689509214479e-07 6.89211653757127e-06 0.000132852816540208 0.000171091927057887 2.08946041098557e-05 2.04427401524043e-05 3.14825252036854e-06 8.91538066749575e-07 8.36342512910981e-08
9.49094966927078e-05 0.00251510082744062 0.000196611590217799 3.6845528302365e-05 9.16468983632512e-05 7.78438593670217e-05 2.38772231057283e-05 7.43138459938564e-05 6.87635143094667e-05 1.73800252412093e-08 1.52981982637357e-10 7.62321794578469e-10 3.20374494711118e-09 3.51957327726637e-09 1.61309632318307e-11 2.68167044126244e-11 5.13183939787609e-12 3.55955820374732e-11 9.82704251306643e-11 2.91925105200264e-09 1.87144882701773e-08 4.10713463239176e-11 3.13645331928569e-11 6.28141760827816e-11 4.88940887777289e-11 1.03414943275482e-10 2.47113689511025e-09 3.25492991448684e-09 2.21107021580735e-11 7.2466747713662e-09 4.03530849846234e-08 1.43761891280292e-11 1.43701958110753e-09 3.26914346193696e-07 4.41152585572979e-09 5.16748370760212e-08 1.3301782593178e-07 1.29357193845436e-09 4.63173462361688e-08 8.95465190353661e-06 3.05209282244867e-05 8.34294577344963e-05 0.000420555315615445 5.01074430591331e-05 0.000132082762821994
3.55828626197763e-05 1.66242372870329e-05 0.000474277714965865 1.95333273552478e-05 3.41072760079442e-05 0.00038623111902325 0.000191336577245238 5.5309972140094e-07 4.15535953202095e-08 2.08938121248892e-09 5.27483312584565e-10 1.32382538264864e-10 4.20025125791312e-11 7.04970082310297e-11 1.78807535444747e-10 5.13887710162919e-11 2.72498690279122e-12 1.54068979796307e-12 1.9251664706843e-10 4.2900999419615e-10 2.60841348520557e-11 2.60165666787771e-11 7.20669079967706e-12 2.22797336135727e-12 3.10884651355536e-13 1.05339070799459e-12 1.83971504696956e-11 2.52524989807767e-10 4.5780918295435e-06 1.30135133780129e-09 1.18513121538655e-10 6.58085697047284e-11 1.61608393334234e-11 4.14934998005378e-07 2.57996094488178e-09 7.09408170207482e-08 1.80056820030527e-06 1.48792300480594e-08 6.89211765436681e-10 1.27617545075953e-07 2.05367759464892e-09 2.65317079417571e-10 0.000606025970464474 0.000194395855593132 1.10356688021174e-06
0.000576111045666039 3.96301440332536e-05 0.000120836307178251 4.3869268540675e-05 5.74256500556203e-06 6.11331646723556e-05 0.000135253240705424 3.42941501862981e-09 2.04550987259466e-10 7.90517540316671e-11 1.20096821376592e-11 6.25181240110351e-11 7.8356765520482e-12 1.62331897812784e-08 7.31051885694001e-11 1.34152022823741e-11 4.86379825304084e-12 6.5218663802824e-11 2.38854491740881e-11 2.71029088061425e-11 1.75708336769276e-12 5.02753394471256e-13 9.14923692363345e-13 3.11117798190708e-13 2.15660822533437e-13 1.08629771844448e-12 1.03955732910777e-12 2.71183075994941e-13 1.55677692958989e-12 3.35922401006883e-12 3.15702020081687e-11 2.61000554502289e-11 3.01640934452507e-12 7.88102172410987e-10 3.93685750665895e-11 6.33272390082595e-10 3.83890599866987e-05 0.000285988411997096 9.60040006816598e-06 1.52541588804844e-08 2.68153426796758e-08 3.01149348791441e-09 3.97143901934571e-05 0.000488590800205202 2.4932919996612e-06
1.82853312225006e-07 8.64263472521998e-07 1.68736231955791e-05 9.39860477302545e-06 0.000118858928708732 1.87431895426471e-07 1.12853672851188e-07 1.29184629660273e-10 1.20083720744901e-11 5.1787507615586e-11 1.14026079245377e-08 1.21940431085932e-09 2.19277929147665e-12 1.70619074424394e-12 8.4749984807786e-13 1.71440639462617e-12 3.9039882437919e-12 1.08615005878221e-11 1.6715817618973e-11 4.01572441965925e-11 2.45725662040286e-11 5.32250910012522e-12 1.5084600235582e-13 1.3452572389383e-13 1.20736753927986e-13 8.47100167788994e-14 6.5669691906578e-14 7.29638571783653e-14 7.90856269361484e-13 2.47024622979097e-13 1.58874025046885e-12 8.048783861625e-13 2.45248266139697e-13 1.79589676463365e-13 1.88862259165035e-12 2.98096547446391e-11 9.64035514161576e-07 2.0219517668818e-05 4.31292664247018e-05 5.88918544337957e-05 2.16744518999334e-09 3.01738511954142e-10 5.2018813823107e-08 4.8200174874502e-05 5.6776008136028e-07
1.70179718095298e-09 1.68241043319028e-08 1.74351487913782e-08 3.32366465460865e-09 2.35926922442786e-09 4.75789518894487e-10 2.06732497787243e-10 6.74214462037526e-11 1.32687194565051e-12 2.7490343335046e-12 2.50058862505398e-12 2.07780459504647e-12 2.62129207229123e-12 3.12628811727222e-12 9.5483621009862e-13 5.03797004114404e-13 3.06665803861961e-13 7.73170416579205e-13 7.04022395936477e-12 6.18822770803717e-12 2.93510771243177e-12 7.2043482290951e-13 1.12387876782805e-13 8.35331803727968e-14 9.98867655255253e-14 6.82454093237084e-14 3.60045326885938e-14 2.23288054712611e-13 6.93789470318507e-13 8.6254337006153e-13 4.53951320977808e-12 1.04535935463446e-11 4.33397318033712e-11 9.56601464707774e-13 4.10801392902727e-12 4.7330950270208e-11 8.17654377538446e-10 1.66142970714489e-08 5.66869587548924e-05 0.000202114103524997 0.000235906330096591 1.43973507160666e-07 2.90447619497591e-06 1.5107847944229e-06 6.43473690997709e-09
4.2243526454655e-10 6.15369755152528e-11 1.69859697418673e-09 4.33613878136896e-10 9.81620451590004e-11 3.48216344647767e-11 1.29227295531109e-11 2.58736365665868e-12 7.33901828198213e-13 7.20090653771877e-13 1.50879309046559e-13 5.17674791922218e-13 3.21842552608587e-13 7.12840897421074e-13 3.93796106834543e-13 4.964029187704e-13 5.53124213098499e-13 6.12228046037444e-12 1.34661171102834e-12 8.4267037792074e-13 4.34585700759271e-13 1.42841294348273e-13 4.83280082619331e-14 9.30477916938344e-14 2.52153853352866e-13 6.66244837077556e-14 7.36077865326479e-14 1.16584519815888e-13 5.49282841433296e-13 2.03392858111329e-12 4.39996372669782e-11 7.06426428465079e-10 3.80753184536786e-10 6.4001459687546e-11 5.26700683067816e-11 6.28630980603617e-09 1.30122815555911e-07 6.17035870176252e-09 6.08568305726642e-07 2.65940212695881e-07 3.37984984777329e-08 1.57812253265277e-09 8.34792435178144e-10 8.74730989659511e-06 2.21600805397459e-05
8.13628764362306e-10 2.24574658869159e-10 4.38862779450488e-10 2.04720140839498e-10 4.39245306793623e-12 1.40525129310731e-09 4.28986846046087e-12 1.25089938407541e-12 1.46427869829324e-11 2.8609892233078e-12 3.12527781431982e-13 2.13207229649015e-13 3.00282021470366e-13 1.55120361000627e-13 1.22069021557536e-13 4.06996658597336e-13 3.5527136788005e-13 1.65700786425305e-13 8.21898105130003e-14 3.51829676503712e-14 3.42503803096861e-14 2.91544566266566e-14 2.51798581984986e-14 6.63025190306144e-14 2.61906052401173e-12 1.82499571010908e-12 3.7203573555189e-14 6.7621463983869e-13 2.81371592691926e-12 6.48296971661466e-12 8.28009882880565e-12 2.3986257424724e-11 5.05269381889661e-11 3.13528869533286e-11 4.41459424571633e-11 3.5878991599958e-08 2.79015011095396e-10 1.0488628965355e-08 5.14806389184663e-08 7.36541833856741e-08 7.84571973798664e-06 1.62570590764966e-05 5.11861486529597e-10 5.6718939545064e-10 9.47608831736169e-07
6.17506601408024e-11 3.60756535755513e-11 1.19871224057988e-11 1.19272369758505e-10 5.38280531259261e-13 1.31383792734141e-13 3.13982173594241e-13 2.90267809788247e-13 1.82415194061036e-12 1.50669476894905e-12 6.48858744511926e-13 1.20521370661208e-12 0 8.70170602240705e-13 5.88085136143945e-14 2.90323320939478e-14 3.16968673530482e-14 3.22963877863458e-14 2.32258656751583e-14 2.4980018054066e-14 2.59570143157362e-14 1.76192394008012e-14 1.2623235789988e-14 1.59650070941098e-14 3.32844862782622e-14 5.80469006195017e-13 9.08650932274213e-13 1.95621296938953e-14 8.02247157594138e-14 1.58217883239331e-13 3.41171535467311e-14 1.37344580153353e-12 3.28221894108083e-12 5.2529647298627e-12 5.49482681577729e-13 1.45947476326569e-11 1.68565547631339e-08 4.63116269777686e-09 3.78262743350177e-10 3.89813212819945e-08 1.01351304349073e-08 1.50319650504827e-07 1.43206193664591e-06 6.18424505233195e-06 5.08883398975257e-08
1.69380065528912e-12 2.35289565608809e-13 2.38464803459237e-13 2.77755596300722e-13 2.05713224232795e-13 1.91879845345966e-13 1.19948495580502e-13 9.45910016980633e-14 1.01385566608769e-13 1.13864473405556e-13 9.11604125519716e-14 1.90492066565184e-13 6.3549165929544e-14 3.69149155687865e-14 2.38586927991946e-14 2.02504679691629e-14 1.80411241501588e-14 1.7785772854495e-14 1.47659662275146e-14 1.4521717162097e-14 1.52877710490884e-14 1.3988810110277e-14 1.00031094518727e-14 8.01581023779363e-15 6.3948846218409e-15 1.84741111297626e-14 2.61568544601687e-14 5.24802423740311e-14 8.61755111714047e-14 1.81399339993504e-13 1.19715348745331e-13 4.43667325100705e-13 6.46926956449079e-14 1.34694477793573e-12 3.26668692096632e-12 1.56937329798268e-10 2.39605633112205e-09 7.13096248716738e-12 2.05331307512324e-12 6.550853948184e-09 6.81640196731337e-06 6.74126474531356e-08 1.92095560180849e-07 0.00046599419829364 2.39326982545141e-06
1.86262116841363e-13 5.04929431599521e-14 5.89639448378421e-14 6.78235245743508e-14 5.95190563501546e-14 6.03850303093623e-14 6.70130617663745e-14 5.68767255515468e-14 5.6488147492928e-14 5.72653036101656e-14 3.18078896555107e-14 2.77555756156289e-14 2.40474307133809e-14 2.07167616395054e-14 1.64979141459298e-14 1.79745107686813e-14 1.5620837956476e-14 1.18682841332429e-14 1.05360165036927e-14 1.03805852802452e-14 1.49991130626859e-14 1.49213974509621e-14 8.4821039081362e-15 9.33697563709757e-15 5.07371922253697e-15 7.17204073907851e-15 9.96980276113391e-15 1.64646074551911e-14 1.89848137210902e-15 2.62012633811537e-15 2.35700348127921e-14 2.27928786955545e-14 1.83830728417433e-13 1.41886502547095e-13 5.23359133808299e-14 2.09099404457902e-13 2.92695867543102e-12 4.44042580483028e-12 7.01794178326054e-13 2.86893842016411e-12 2.53925991344772e-11 1.68596936411802e-10 2.74900768815201e-10 1.32828357091164e-08 4.7320064645473e-06
2.58681964737661e-14 2.26374474721069e-14 3.52939899528337e-14 3.50497408874162e-14 4.48419079646101e-14 6.57807142090405e-14 4.95825602797595e-14 3.98570065840431e-14 2.58015830922886e-14 2.16937579011756e-14 1.81299419921288e-14 1.97619698383278e-14 1.80855330711438e-14 1.35780275911657e-14 1.19793064357054e-14 9.63673585374636e-15 8.17124146124115e-15 7.93809462606987e-15 6.20614670765462e-15 5.37347943918576e-15 5.24025267623074e-15 6.38378239159465e-15 3.70814490224802e-15 4.08562073062058e-15 4.11892742135933e-15 4.70734562441066e-15 9.93649607039515e-15 1.13464793116691e-14 5.06483743833996e-14 2.86548562655753e-14 4.42978986825437e-15 3.65263375101676e-15 1.9639845305619e-14 1.46216372343133e-14 1.47881706880071e-14 2.51909604287448e-14 2.18713935851156e-13 1.08513198426863e-12 4.74065231514942e-14 4.92605956026182e-14 6.50235421062462e-13 4.80271378222596e-13 2.88539192538906e-12 4.88619145144753e-12 1.53020874494869e-06
2.24376073276744e-14 2.81885625952327e-14 2.78888023785839e-14 2.1005419625908e-14 1.98063787593128e-14 1.75082170983387e-14 1.71307412699662e-14 1.25233157177718e-14 1.39777078800307e-14 1.30007116183606e-14 1.15241149956091e-14 1.13131726209303e-14 1.02362562870439e-14 7.51620987671231e-15 0 0 0 0 0 0 0 0 0 2.55351295663786e-15 2.76445533131664e-15 2.54241072639161e-15 3.49720252756924e-15 8.33777491493492e-15 1.99840144432528e-14 1.25233157177718e-14 6.32827124036339e-15 7.34967642301854e-15 4.2632564145606e-15 2.18380868943768e-14 5.40678612992451e-15 1.81965553736063e-14 2.43138842392909e-14 1.73749903353837e-14 8.64863736182997e-15 3.80362408236579e-14 9.18520814963131e-13 2.31958896534934e-13 6.57363052880555e-14 9.24793575052263e-13 2.6392121821317e-11
