Maxent_result_files_1/Bombus_wurflenii_2.asc
NCOLS 594 
NROWS 330 
XLLCORNER -15 
YLLCORNER 23 
CELLSIZE 0.166666666666667 
NODATA_value -9999 
[rows 40 to 59 of 330, columns 225 to 269 of 594]
-9999 -9999 -9999 -9999 -9999 -9999 -9999 -9999 -9999 -9999 -9999 -9999 -9999 -9999 -9999 -9999 -9999 -9999 -9999 -9999 -9999 -9999 -9999 -9999 -9999 -9999 -9999 -9999 -9999 -9999 -9999 -9999 -9999 -9999 -9999 -9999 -9999 -9999 -9999 -9999 -9999 -9999 -9999 -9999 -9999
-9999 -9999 -9999 -9999 -9999 -9999 -9999 -9999 -9999 -9999 -9999 -9999 -9999 -9999 -9999 -9999 -9999 -9999 0.334960976243019 0.232707943022251 0.0224980964325368 -9999 -9999 -9999 -9999 -9999 -9999 -9999 -9999 -9999 0.0299301505088806 -9999 -9999 -9999 -9999 -9999 -9999 -9999 -9999 -9999 -9999 -9999 -9999 -9999 -9999
-9999 -9999 -9999 -9999 -9999 -9999 -9999 -9999 -9999 -9999 -9999 -9999 -9999 0.194474323093891 0.02860815692693 -9999 -9999 0.171032386273146 0.113974966108799 0.168775693327189 -9999 -9999 -9999 -9999 0.0633772987872362 -9999 -9999 -9999 -9999 0.108972065150738 0.1218286678195 0.295333015918732 0.320800022780895 0.178424251824617 1 0.999999994039536 -9999 -9999 -9999 -9999 -9999 -9999 -9999 -9999 -9999
-9999 -9999 -9999 0.181904672086239 0.229207828640938 -9999 -9999 -9999 -9999 -9999 -9999 0.0880675166845322 0.227651722729206 0.414032983779907 0.48726803958416 0.572691804170608 0.264673399925232 0.169864609092474 0.0535109596326947 -9999 -9999 -9999 0.169343422353268 0.139890809357166 0.0623446214944124 -9999 -9999 -9999 0.0520038347691298 0.16629773452878 0.204636038839817 0.147190720587969 0.0891811780631542 0.0999846026301384 -9999 -9999 -9999 0.721139842271805 0.0818485334515572 0.111412513256073 0.0914229556918144 -9999 -9999 -9999 -9999
0.179991981387138 0.0870537351816893 0.106313551217318 -9999 -9999 0.0782585542649031 -9999 0.193516126275063 0.328175784647465 -9999 0.145898292213678 0.800723600387573 0.216758307814598 0.393252339959145 0.460680949687958 0.361838656663895 0.0735958874225617 -9999 -9999 -9999 0.0266805755905807 0.359585404396057 0.343569472432137 0.415934231877327 0.0168496732600033 -9999 -9999 0.0528158666566014 0.35333938896656 0.378005737066269 0.216594500094652 0.281397151947021 0.465400058031082 0.20624774992466 -9999 -9999 0.0164892351254821 0.0661833371967077 0.0345525061711669 0.250464501976967 0.389019572734833 0.33933801651001 0.441563305258751 0.292759004235268 0.129472439736128
-9999 -9999 0.28212363421917 0.0793035138398409 0.231225818395615 0.114272456616163 0.300146088004112 0.347222349047661 0.436462631821632 0.62374821305275 0.59041827917099 0.369648289680481 0.414522236585617 0.137146437913179 0.169174647331238 0.100489268451929 -9999 -9999 0.0464687250554562 0.141902319341898 0.12549106515944 0.292502671480179 0.457367497682571 0.231255319714546 0.0484896436333656 0.360222825407982 0.235522145032883 0.320810416340828 0.23021145761013 0.298257012665272 0.379116696119308 0.178098051995039 0.416219672560692 0.0488215615972877 0.123303766548634 0.187728157639503 0.157490228116512 0.383190634846687 0.511903339624405 0.368789733946323 0.370468816161156 0.554340493679047 0.0380539796315134 0.353616723418236 0.487511587142944
0.388316723704338 0.124614186584949 0.489186045527458 -9999 -9999 0.167445608973503 0.534651726484299 0.675567555427551 0.558601620793343 0.176545771956444 0.0984816156327724 0.239002328366041 0.330289527773857 0.179344330728054 0.0482737665995955 -9999 -9999 0.134650847315788 0.173935635015368 0.25747247338295 0.280972953140736 0.205297063291073 0.0874291837215424 0.0708893425762653 0.240751147270203 0.19995391368866 0.11751704365015 0.0605437908321619 0.0581065949052572 0.0706627935171127 0.0773528134450316 0.0693199094384909 0.0648353990167379 0.032656591385603 0.0321126071736217 0.049247844517231 0.075528148189187 0.182812441885471 0.16330581009388 0.0954319447278976 0.168613492697477 0.473213902115822 0.582909199595451 0.366884526610374 0.0537717280909419
0.485297152400017 0.259464977681637 0.10575323458761 -9999 -9999 0.231444381177425 0.484806287288666 0.198596750199795 0.565282651782036 0.0953395776450634 0.0481276134029031 0.340231436491013 0.152579437941313 0.375831380486488 0.227744421362877 0.227118968218565 0.312659093737602 0.258135715126991 0.280772157013416 0.273446837067604 0.223981496691704 0.215972752124071 0.0504426458850503 0.027254065265879 0.270079317688942 0.215229012072086 0.0687470428645611 0.0519632037729025 0.0395807579159737 0.0365662249736488 0.0236520010046661 0.0272606140002608 0.0393626231700182 0.0336375517770648 0.0282650301232934 0.0349843423813581 0.0642623923718929 0.0927427180111408 0.0662757564336061 0.017067513614893 -9999 -9999 -9999 0.0368265187367797 0.0665473405271769
0.270575779676437 0.279827639460564 0.439391288161278 0.144428966194391 0.0365261977538466 0.0272439792752266 0.146061754226685 0.046082223765552 0.0650125976651907 0.0947683628648519 0.0289516950026155 0.263004782795906 0.0814883494749665 0.0802073612809181 0.270215190947056 0.0501231070607901 0.398507502675056 0.183266150951385 0.033333588577807 0.156317159533501 0.100372892618179 0.166546709090471 0.0880311109125614 0.0452943973243237 0.0467496950179338 0.05712795779109 0.0343064717948437 0.0193430826067925 0.0235651224851608 0.0128827452659607 0.0202100687660277 0.0366456717252731 0.0301927642896771 0.016790103726089 0.0212455250322819 0.0517088318243623 0.0367344053462148 0.0296650340780616 0.0940342850983143 0.187592457234859 0.298199562728405 0.421673789620399 0.0566436562687159 -9999 -9999
0.501295730471611 0.342790724337101 0.27119088023901 0.164952620863914 0.131901154667139 0.141128242015839 0.219708879292011 0.0906060241162777 0.0408584821969271 0.0456635816022754 0.0265793361701071 0.0231316668912768 0.110399986058474 0.0455839231610298 0.0277765919454396 0.0144183849915862 0.0140307875350118 0.0045547939138487 0.00187597654294223 0.0041081584058702 0.00820791791193187 0.00717096836306155 0.00830561011098325 0.0261060457676649 0.0112394069321454 0.0104271900840104 0.0128404915798455 0.014000281970948 0.0107058449648321 0.0174684269353747 0.0145649904385209 0.0226503666490316 0.0289524853229523 0.0185278195887804 0.0368447243236005 0.0190676435828209 0.0234001085162163 0.0161341010592878 0.0711076181381941 0.0279466105625033 0.0120220906101167 0.0673247151076794 0.0969789423048496 0.19742763787508 0.129921923950315
0.168540070205927 0.111901499330997 0.268631994724274 0.384588316082954 0.0718701273202896 0.0427417010068893 0.027113220654428 0.0427687484771013 0.0278400348499417 0.0262990593910217 0.0159026238135993 0.0106465274933726 0.00651205372996628 0.00958496276289225 0.0108989153988659 0.00469237475190312 0.00522912645246834 0.00277948556467891 0.00213619042187929 0.00131156102288514 0.0045985805336386 0.0050147864036262 0.0102197943720967 0.0344990398734808 0.0153193825855851 0.00918227573856711 0.0116669788956642 0.0102165651507676 0.00710051143541932 0.0100880429614335 0.00910041155293584 0.0155877866782248 0.0266763543710113 0.0111056997906417 0.00885002403520048 0.01741235088557 0.011981006572023 0.00838263058103621 0.0114363036584109 0.018762834649533 0.0307533433660865 0.0476070493459702 0.0818199001252651 0.0850357677787542 0.142699977755547
0.0133633941411972 0.0214460315182805 0.23394986987114 0.0386480271816254 0.015634929575026 0.0258632911369205 0.00871995454654098 0.0104281969368458 0.0111379463225603 0.0112817308865488 0.0060413561295718 0.00366755363065749 0.00368778286501765 0.00351164237363264 0.00349578948225826 0.00226550988736562 0.00704869620967656 0.00354522758862004 0.00289436884922907 0.00240709581412375 0.0135934598278254 0.0049880764214322 0.00451983066741377 0.0133783768396825 0.0105177897028625 0.00561835470143706 0.00530366552993655 0.00455242895986885 0.0141460670623928 0.0156978093087673 0.033951061964035 0.0132130594924092 0.00222287921933457 0.00292905027745292 0.00737663323525339 0.00551127300132066 0.0288314517587423 0.0697578571736813 0.0059837314998731 0.0260246613994241 0.0392183616757393 0.0404532290995121 0.0306030070409179 0.188279482722282 0.0050890484591946
0.00930848433636129 0.00273952877614647 0.0116735568270087 0.0228533832356334 0.0169107237830758 0.0142842779867351 0.00311141384299844 0.00477094121742994 0.00519106346182525 0.0129143432714045 0.00687248664908111 0.00704128611832857 0.00381186495069414 0.00487727643921971 0.0036844497313723 0.00281145289773121 0.00203839275054634 0.0018321389099583 0.000796321572852321 0.00342842303216457 0.00258867928059772 0.00562324007041752 0.00610530660487711 0.0107843135949224 0.0153263382613659 0.0185139836743474 0.0138157698325813 0.00959580508060753 0.0126121144741774 0.00857543856836855 0.00417694076895714 0.00325824903557077 0.00259439668152481 0.00281632527476177 0.00733313360251486 0.00409202234586701 0.00792945534922183 0.0451925445348024 0.0211584592238069 0.00557476918911561 0.825395065546036 0.0812238123267889 0.145337773114443 0.0457560854032636 0.0619269352406263
0.00601921794004738 0.00640306333079934 0.00288070078240708 0.00117564846295863 0.00157462850329466 0.00435945715289563 0.00693071563728154 0.00525283282622695 0.00525170126929879 0.0105696265120059 0.00291373952059075 0.00243785285856575 0.0025735687580891 0.00216322964988649 0.00472845376934856 0.00347396302968264 0.00199468760984018 0.00205411401111633 0.00153647039551288 0.00401505830232054 0.00371507708914578 0.00302451499737799 0.00796426073648035 0.00998639417812228 0.0227296994999051 0.0104154916945845 0.0267312245443463 0.033460121974349 0.00287932050414383 0.00347750594373792 0.000210282632542658 0.00416113809915259 0.0146667002234608 0.00544212515233085 0.0445570521056652 0.00743473740294576 0.0363327778875828 0.0142690285108984 0.0373492674902082 0.00442971477750689 0.00259319207398221 0.00574380055768415 0.0875955525785685 0.0158940101973712 0.0254160757176578
0.00425641909241676 0.00366914935875684 0.00154699974227697 0.00110981753095984 0.00330772511661053 0.00406558371614665 0.00928424349986017 0.0218776400201023 0.0185453575104475 0.00652093891985714 0.00448007378727198 0.0050421939464286 0.00531401631888002 0.00339448044542223 0.00257889723870903 0.00301319883437827 0.00387724542524666 0.006587262195535 0.00515152895823121 0.00262500189710408 0.00905257831327617 0.00600328492000699 0.0084338360466063 0.00259672089596279 0.00161797218606807 0.00218912599375471 0.0544644292443991 0.00719804451800883 0.0306458357721567 0.00759894016664475 0.0187772899866104 0.00777664745692164 0.00759944594465196 0.0052679980522953 0.00434275084408 0.00807731077075005 0.0488272000104189 0.0414015546441078 0.0041674094973132 0.0124538285657763 0.0782380241900682 0.0758072357624769 0.00916160312481224 0.00573049462400377 0.0277745814993978
0.00511744865216315 0.0113312850706279 0.00368647146970034 0.00445835737045854 0.00215793192619458 0.00573949788231403 0.00367502854205668 0.00956244780682027 0.00551866649184376 0.00449920771643519 0.00832072314806282 0.00826179315336049 0.0130499455146492 0.00597977307625115 0.00381495000328869 0.00240534166805446 0.0126559078227729 0.0112465987913311 0.00872283861972392 0.0220750967040658 0.0485235795378685 0.0295876309275627 0.0153364685364068 0.00588268733117729 0.0215351815335453 0.0204255219548941 0.016917850356549 0.0568035949021578 0.0447213988751173 0.0229151953943074 0.028360933624208 0.0134372357279062 0.065715167671442 0.0477083045989275 0.00942646428011358 0.0172166047617793 0.0259732775390148 0.0494264774024487 0.0150168519467115 0.0871150955557823 0.0236398241482675 0.0109017529990524 0.0631301231682301 0.0334097415208817 0.134202570468187
0.00461427560076118 0.00447462785523385 0.00275322110392153 0.0028845849679783 0.00204822304658592 0.00398759711533785 0.00323638808913529 0.0084586538374424 0.00579415794927627 0.0025292080710642 0.00388252034317702 0.00557897007092834 0.00336888575693592 0.00331564276712015 0.00468746477272361 0.00381283452734351 0.00531069161370397 0.00359947655815631 0.00296347931725904 0.00959372418001294 0.00941711100749671 0.0144259683787823 0.0174149805679917 0.0171925310045481 0.0206001067534089 0.0247090177610517 0.0275756910443306 0.0466426786035299 0.0160561784170568 0.0139720338396728 0.0174117154441774 0.0188502870500088 0.0134010137524456 0.0163312796503305 0.0129084887448698 0.0243905186653137 0.00265418268973008 0.000911260637803935 0.00865160189568996 0.0209360629320145 0.00839231968857348 0.0281796311959624 0.0164446842856705 0.0937154293060303 0.0575874008238316
0.0070252160076052 0.00544896237552166 0.00605335957370698 0.00657116402871907 0.00560425186995417 0.00800774022936821 0.00942298346199095 0.00784018035046756 0.00499023725278676 0.00557941957376897 0.00532484075520188 0.00189707009121776 0.00173573340871371 0.00647331932559609 0.00669817763846368 0.00788567785639316 0.00948966424912214 0.0056792609160766 0.00552515236195177 0.00531476153992116 0.00652037218678743 0.008456029323861 0.0137263339012861 0.00873633325099945 0.0147333590313792 0.0104763583280146 0.00366173883667216 0.0209432375617325 0.0282125353813171 0.0584141448140144 0.0657176814973354 0.0274642938748002 0.0118036197498441 0.026002808008343 0.0204937553033233 0.00650414682459086 0.013011295394972 0.0373614324256778 0.0369589306414127 0.0463805992156267 0.0186479350551963 0.002242510515498 0.0576030153781176 0.0995269067585468 0.0562004070729017
0.0180069035850465 0.00756211057305336 0.00568321219179779 0.00273778890259564 0.00425364580005407 0.00414435956627131 0.0125579306390136 0.0297455035150051 0.0107661218382418 0.00280598968965933 0.00344455447047949 0.00531417864840478 0.00761392689310014 0.0075681930873543 0.0082575308624655 0.00858411067165434 0.00888196351006627 0.00103980949497782 0.00825705491006374 0.00887370691634715 0.00362659944221377 0.0078615287784487 0.00249022569041699 0.0143616486340761 0.00816800794564188 0.00256348180118948 0.00788360727019608 0.00874473913572729 0.0107741288840771 0.021829241886735 0.0305378627032042 0.0331870166584849 0.0583643328398466 0.118754329532385 0.107567606121302 0.0890849485993385 0.117185162007809 0.0219845510553569 0.0456617120653391 0.165756820142269 0.0428365455940366 0.0332377655431628 0.0410850767046213 0.0246131458319724 0.0115308861015365
0.0156504369340837 0.0169479065574706 0.00609819777309895 0.00634747170843184 0.00386014592368156 0.00312235439196229 0.00228537495713681 0.00187377263791859 0.0248117674142122 0.0468603283166885 0.0370089277625084 0.00574098059441894 0.00276437450665981 0.00141180937062018 0.000114454510367068 0.00849530328996479 0.00146639525191858 0.00573064563795924 0.00429229114670306 0.00514857971575111 0.00669977315701544 0.00119815324433148 0.000879825105948839 0.000370978151477175 0.00380942428018898 0.00204227759386413 0.00602243144530803 0.00248837994877249 0.000241160477526137 0.00104525513015687 0.0158651925157756 0.00115863909304608 0.00331008075154386 0.000719034748908598 0.00231983829871751 0.026514652185142 0.0316335011273623 0.0291188780218363 0.0377525057643652 0.00980227375403047 0.0402696909382939 0.0627507690340281 0.0435607500374317 0.0289548423141241 0.0326693976297975
