Maxent_result_files_1/Bombus_flavidus_2.asc
NCOLS 594 
NROWS 330 
XLLCORNER -15 
YLLCORNER 23 
CELLSIZE 0.166666666666667 
NODATA_value -9999 
[rows 220 to 239 of 330, columns 540 to 584 of 594]
1.55291663372914e-07 1.2152234231122e-07 1.20685663729248e-07 3.01941154967622e-08 2.30798246736441e-08 3.54167874805356e-08 2.00288915008784e-08 5.91701410090906e-09 2.5557134297749e-09 1.22301210270237e-09 1.10270500508491e-09 1.24796666334248e-09 1.82873914900128e-09 2.86132482374413e-08 7.52088269440066e-10 1.0418360951725e-09 6.12946293720995e-09 6.05429661959533e-10 7.92112264669242e-10 6.47141072951385e-09 1.51582168705922e-08 1.60611741684136e-09 5.11762798804938e-10 1.92251169428559e-09 1.38865915433328e-09 3.43164796579032e-10 8.16541256831726e-10 8.05913935586489e-10 5.94789151264763e-10 2.88985790852792e-10 6.82120360195881e-11 5.74363923089294e-10 4.30583235733195e-11 1.57910884368562e-10 2.07418637820922e-11 2.79913547895916e-10 1.03213416702275e-09 9.44060873919739e-10 6.69805633179976e-10 4.58318250018408e-10 4.10436062914243e-10 3.51672402310044e-10 2.64570654273655e-10 1.7948215136343e-10 7.18831771884254e-11
3.6984445717092e-07 1.39774822738303e-07 9.71578015707131e-08 7.23424908488646e-07 0.00494192836962135 0.00262056332663101 2.46312249929659e-08 3.11865702151692e-09 8.55235349206396e-10 4.94261520600503e-10 5.88311865890034e-10 8.92236673433189e-10 1.52869505942732e-10 4.07510112443443e-07 1.51775920720354e-08 1.16789987236743e-08 1.63021910193351e-08 8.12264436822474e-09 1.22342227792949e-08 2.80199772273448e-09 9.98710003585757e-12 3.86147702702289e-10 4.66107632490775e-09 6.00711924647612e-10 2.78057687985722e-11 4.47023529304147e-12 1.10647713214007e-11 3.44869133250825e-11 6.8011131171275e-10 5.12260700524791e-10 9.64246416046421e-10 7.82798603715662e-11 9.76731362456462e-11 6.41223629749277e-11 7.1471261131606e-10 8.24159629431165e-10 6.50048981309936e-10 7.74597175290381e-10 3.67712849058677e-10 3.25884397245346e-10 2.91946311570257e-10 2.47748210835397e-10 2.03749661586983e-10 2.18251705597083e-10 1.54336565749702e-10
1.32366824112662e-07 8.07196372187846e-08 6.84335689782323e-08 7.12418569470685e-08 4.43295014973533e-07 1.2990027431492e-08 1.80777884883909e-09 5.91328541688085e-10 1.10555042898142e-10 9.53614276433257e-10 2.08295005688086e-09 1.63842051037477e-11 2.39657282907757e-10 4.12951495221137e-10 1.23102500859673e-08 5.82678746363641e-09 3.2465566457418e-09 1.9222927616358e-08 4.96904924984776e-09 2.92954716041294e-10 2.39506858790151e-11 1.36292788166514e-10 3.29427596312826e-12 5.42987876883672e-13 1.20892185151433e-13 6.03073146976385e-14 8.05080446752981e-12 4.72387684524733e-12 2.71623032954693e-09 1.95622159582243e-09 1.8649150002048e-10 4.342586668038e-09 8.26875456994003e-11 5.18947995686858e-11 4.24983204183604e-10 4.42466208117054e-10 3.6421169413714e-10 3.00751668014243e-10 2.64523658533022e-10 2.68628175259522e-10 1.95795490931516e-10 1.82906678691808e-10 1.1041834113712e-10 2.76836331636332e-12 2.34420260980528e-12
9.26099429920946e-08 1.01950127373573e-07 4.26583464219199e-08 1.18675816396241e-08 4.66638286900078e-09 1.90064741723006e-11 9.64563984240385e-12 1.96457820011986e-09 4.96004636252323e-09 1.21253042606462e-08 9.84529346936824e-11 4.12949674455376e-12 9.03372932015145e-12 1.00349450971038e-10 7.78838882276034e-11 2.25340079929026e-10 3.14775983056848e-12 3.17212234257624e-10 1.10916498208269e-11 4.81147732767084e-10 1.20893295374458e-12 2.31070718115234e-13 9.06474895145948e-13 1.37734157412694e-11 9.62027124629117e-12 1.70993219583693e-10 2.34060326675944e-11 7.11247494233902e-10 1.73363489119893e-09 4.68304495182537e-10 3.4851943553349e-10 3.06179626319292e-08 7.86253506745993e-11 5.99778005039298e-11 1.14422638031186e-10 2.36659036811915e-10 1.79506687292275e-10 2.01819749801047e-10 9.00599594899631e-11 9.20624687594795e-12 7.47497952424681e-11 1.97947869207127e-10 1.73692460414543e-10 1.42907319311547e-10 1.02373287624857e-10
8.41124211392597e-08 2.90670678082527e-08 5.63595102476278e-08 4.64539908762163e-09 1.9660132410948e-10 1.28316690606312e-10 3.47536884826027e-09 6.87725076886636e-09 5.85579109646517e-09 2.86867624099685e-09 2.01231475926988e-11 1.28588308889732e-09 2.18440641130968e-09 2.89401851372162e-09 1.08978500668044e-09 9.61773982677272e-10 2.86301686802659e-09 4.29630220288857e-11 4.8964110543892e-11 5.44354294973459e-10 8.99566819922981e-09 8.8597919889466e-09 6.01557278434584e-09 3.07302109314733e-09 3.98787100008846e-09 1.78571755160561e-09 1.81436050628037e-09 1.76483770930602e-09 7.23146487136006e-10 1.62791524704886e-10 3.26089555358067e-10 2.68320365925945e-11 3.14962982139733e-08 3.26165872088779e-11 2.09764983161165e-11 4.64350669027169e-11 5.01534258567915e-11 6.35195784859377e-11 4.61952476271676e-11 5.05993136279415e-11 8.57067861126382e-11 1.58038182540565e-10 1.34010180730115e-10 1.05810371575643e-10 8.44917136255674e-11
2.25408295362328e-09 1.14864654454649e-09 1.93122434710702e-09 2.94394864042147e-10 2.01601080052072e-08 6.82887321135084e-09 6.75295106500329e-09 6.39013318926018e-09 2.5045976403959e-11 2.7546609437934e-11 4.00742128370268e-10 1.45381610083817e-09 8.95824525670719e-12 3.93947893195801e-09 2.78170902978658e-09 9.25958194564203e-09 6.11297112929066e-10 2.8288631326312e-09 8.22079057050118e-09 1.13234369658599e-09 1.46713432513934e-09 6.73265959649783e-09 4.09465602535519e-09 2.53337666400455e-09 1.21209098313813e-09 1.02644531763119e-09 1.26849200032808e-09 9.58958590313586e-10 3.72918407265388e-10 2.20496210179277e-10 2.80898060367463e-10 2.85668932953342e-11 5.26922838695043e-11 3.76392028655914e-11 1.53535006930383e-10 2.21504148356644e-11 7.78108022458923e-11 1.07544673166871e-10 1.66797253786655e-10 1.71299041618056e-10 1.52705881273363e-10 1.26961396951231e-10 1.05144115636335e-10 1.00479791154129e-10 8.74131877992568e-11
3.00007009679248e-08 7.23437243443925e-10 1.31326993724201e-10 4.86313000980232e-10 1.25741039802563e-10 6.32106589293358e-11 2.49315790235016e-11 3.42363248861943e-11 6.50556275516578e-12 1.94656250007696e-09 2.10034470926601e-08 1.38896746326722e-09 1.55428545589587e-09 2.86323317277848e-09 4.77737021054025e-09 3.59977552211177e-09 2.2199677651713e-10 4.91682705661134e-10 8.94503804360625e-10 2.79729520658023e-09 1.59083251016767e-09 2.68773951983547e-09 3.29836260526406e-09 2.06650802025976e-09 8.1912342464463e-10 7.40112071628829e-10 6.59691778981397e-10 7.05444880289008e-10 5.02762731446893e-10 4.91895135734666e-10 4.9918782440983e-10 4.22320123316666e-10 1.69836367192033e-10 3.5427951683431e-10 4.00829802682523e-10 2.50319387440356e-10 2.11135942063123e-10 1.91238280766726e-10 1.83295512101722e-10 1.60060986686972e-10 1.43211442704683e-10 1.15889597918084e-10 1.13550735481027e-10 9.11993147667545e-11 7.81883890965673e-11
5.37781727261155e-08 1.68188777349698e-09 2.98457270009322e-10 1.6608919795047e-10 2.08458550421398e-09 4.7266257574563e-10 6.61912441524137e-09 1.35669383505288e-09 1.69560389062795e-09 1.79387657728292e-08 4.28734409085862e-09 7.97275740982428e-09 9.36608340884604e-09 1.05911288628135e-09 8.44695546842189e-10 4.84370508146981e-09 2.75805257521355e-09 5.41399325371117e-09 3.50800574144827e-09 3.84409415410403e-09 2.45049576186318e-09 4.29913381561064e-09 2.44534744675562e-09 1.12762418291723e-09 6.06756722643098e-10 5.07554587247938e-10 5.1003661294402e-10 6.17247375434005e-10 3.53057516555566e-10 3.52803275482927e-10 3.85101961430934e-10 4.05147637660974e-10 3.47625805918739e-10 2.88399770731473e-10 2.62191901523323e-10 2.1127333216242e-10 1.39646183505704e-10 1.35232947062747e-10 1.38723454945477e-10 1.27568056118577e-10 1.11240627820308e-10 1.04211994589321e-10 9.45903799731695e-11 8.2768458753435e-11 8.56466009224732e-11
1.85025632737368e-07 7.9732605851035e-09 3.78135411871483e-11 5.80606074329637e-10 2.41493719466135e-09 8.29605574237391e-09 1.21377052852978e-09 1.43927384455012e-09 1.58816951811858e-09 7.3475604489559e-09 6.58495555860838e-09 6.35746720822894e-09 3.67245469590216e-09 1.13105160126636e-08 6.12923768406048e-09 8.9183784357516e-09 4.40956164915463e-09 2.72995197558856e-09 2.61488487529604e-09 2.06595599516746e-09 1.71598760756453e-09 2.04279140270103e-09 7.87132459212359e-10 7.54705098415798e-10 2.10686501578294e-10 3.26785154491915e-10 2.06031225413739e-10 3.27870253169493e-10 3.93792176645036e-10 3.50449247399354e-10 3.3336008398166e-10 3.09373304752114e-10 2.92274782154323e-10 2.05603323255588e-10 1.37127675881032e-10 1.52338075487535e-10 1.11334752528336e-10 9.42968925166099e-11 9.40263533699692e-11 9.72631086781917e-11 1.06975106550777e-10 9.55314605199931e-11 8.59056603630393e-11 7.35275285101977e-11 6.13241790681229e-11
3.29182814673423e-08 9.35297224113896e-09 4.36125054958936e-09 4.83727377709187e-08 9.16309289555883e-09 1.33190641404823e-08 5.75130912894295e-09 2.50582186112069e-09 7.24384895400831e-09 2.49698950405275e-09 1.6607606845298e-09 1.05441476661028e-09 2.60427320819545e-09 1.39301742363429e-09 2.18009855723622e-09 3.2111700187798e-09 1.14937884765354e-09 1.97693091896767e-09 1.67728368971609e-09 1.43261669194317e-09 1.33109229194517e-09 3.33497351956424e-10 1.76961778564078e-11 3.95848342993332e-10 7.45162131998711e-10 4.12520673176431e-10 4.25044199836577e-10 3.46040740506481e-10 2.99859026497984e-10 3.33767702365151e-10 2.708178348243e-10 2.84111723036773e-10 2.46739406684071e-10 1.95060723129359e-10 1.14587206390127e-10 1.27889010492765e-10 1.04995456773338e-10 1.06023212431694e-10 9.28012666712164e-11 8.85015838392178e-11 9.94072602011897e-11 1.04818553836594e-10 8.33553337464821e-11 6.60291488152609e-11 5.86957926707043e-11
4.68835895217623e-08 4.76992383258157e-08 3.41190714236994e-08 2.12542539790306e-08 9.84951867843975e-09 3.62114968011085e-09 2.80412453257384e-09 1.70162335333401e-09 3.90779314463074e-09 2.38677702046886e-09 4.1435244124699e-10 1.00054770024727e-09 2.19231192088998e-09 2.1735971578174e-09 2.16786719686723e-09 1.55553921965534e-09 2.03422668709763e-09 2.03790960773276e-09 1.25186649935216e-09 6.19000650736723e-10 1.3819877464627e-10 1.28228760942761e-11 3.43965489424392e-10 3.72932773551327e-10 5.5508453389308e-10 4.46133352483002e-10 3.66795127604291e-10 2.78388612162672e-10 2.83732370931489e-10 2.90933088731293e-10 2.66001853876929e-10 2.42960007668103e-10 2.21007512291038e-10 1.38022282492045e-10 1.07053077513797e-10 1.28921284758832e-10 8.35952751465641e-11 8.25051360564544e-11 7.6895201317484e-11 6.69353128479599e-11 6.7330485631345e-11 7.08580860653285e-11 6.213918268827e-11 4.71410577240761e-11 3.61207286303511e-11
3.35115117655604e-08 1.62626864530502e-08 9.43572359135558e-09 2.74202375249999e-09 1.04512950516167e-09 4.10524650718003e-08 3.80616597461803e-08 3.99671018502801e-10 4.23609169963868e-10 4.06891020876543e-10 7.63822483040855e-10 1.4693090744089e-09 1.33127177059933e-09 1.22432336491229e-09 1.0680750728298e-09 8.51260562040324e-10 1.11454266926714e-09 5.02407160318796e-10 3.52475448828216e-10 4.46844450330275e-11 7.50661866000257e-11 6.75502154212637e-10 4.70455430168215e-10 3.9077301394741e-10 3.69440467107296e-10 3.72413055949039e-10 3.66878594171283e-10 3.31656835328431e-10 2.90306656491879e-10 3.1175224624036e-10 2.9688055347421e-10 2.76951339639453e-10 2.08324535400095e-10 1.21139021036498e-10 1.09027664674244e-10 1.34750377522863e-10 9.71863367560388e-11 7.62941265719519e-11 7.3367534270119e-11 6.89935664155428e-11 6.03848415714481e-11 5.48525336263594e-11 5.04015273961045e-11 4.42988756788054e-11 3.70497521551272e-11
2.58216877435657e-08 1.12407154695404e-08 6.89408353737875e-09 5.64044622120008e-10 7.23578941208558e-10 1.9797594774329e-06 1.16700161911787e-07 1.38273792416044e-10 3.92643717539443e-10 2.14227047212745e-10 5.58057577926263e-10 9.82605319332919e-10 1.0252382054432e-09 1.07452921005446e-09 1.18075302868448e-09 3.98566635251285e-10 3.19079695998425e-10 2.81018563974556e-10 6.11886297186004e-10 7.78422226677122e-10 5.56830259679231e-10 4.88823570510277e-10 4.22152646173402e-10 3.95969024236109e-10 4.13270739851868e-10 3.91590659898355e-10 3.89511611853521e-10 3.658158109765e-10 3.39385053393926e-10 3.51040663204572e-10 3.22208915104483e-10 2.91742530134087e-10 1.88346027663044e-10 1.04593256278207e-10 1.07429798390513e-10 1.07906206192609e-10 7.78490272246302e-11 8.15602030357354e-11 8.36784641577992e-11 7.79699638187026e-11 7.33406779751533e-11 6.35392738423946e-11 5.06769404218232e-11 4.63931004723861e-11 4.26217061644252e-11
9.42371296486222e-07 8.90940311970567e-08 8.35672238075347e-09 2.17674828162373e-09 7.49982409509187e-10 9.32734167680138e-10 9.47200973211437e-10 2.481829963763e-10 2.87762802475555e-10 4.55688609068972e-10 5.51091783318469e-10 5.14314324462362e-10 4.62227256470271e-10 7.27085480711764e-10 7.45980122118794e-10 1.71528946601995e-10 1.40679468074723e-10 2.86138068794628e-10 5.43529643515228e-10 5.61774660123859e-10 5.88696613679218e-10 4.81720274780884e-10 4.11375422615379e-10 4.05398958847059e-10 3.84982856704852e-10 4.14365763923286e-10 4.55908166774321e-10 4.86031848101476e-10 4.94159413388928e-10 4.3190893084244e-10 3.98179067495619e-10 3.01351432696606e-10 1.72855585400811e-10 1.14427223252278e-10 1.02836528181882e-10 1.12908182803295e-10 7.92424681428372e-11 9.33545352133081e-11 8.35460478576522e-11 8.94681551066867e-11 6.20809958995494e-11 6.46210640553591e-11 6.35964947370837e-11 5.81181880399129e-11 4.26686241894458e-11
2.62694902897209e-06 8.37741236603407e-08 1.20331705599774e-08 1.03208728008397e-08 4.78995276775862e-09 1.17562991563958e-09 5.94817828325489e-10 5.02858110706939e-10 4.92128227058686e-10 4.85866402666346e-10 5.10353614924242e-10 5.83647419283295e-10 7.52248352497986e-10 9.3847356552601e-10 2.79011169723731e-10 1.28689170431073e-10 8.90724161095591e-11 6.06606431752255e-10 7.47050721283671e-10 6.78433387246713e-10 5.81200587657094e-10 4.10466760580874e-10 4.17228818161419e-10 4.32781588344255e-10 4.08739997403984e-10 4.0711225501866e-10 4.94608010104258e-10 5.45100353743777e-10 5.44665768043018e-10 4.80528294932725e-10 4.09836553583176e-10 2.3262372028654e-10 1.71357672495986e-10 1.22865018159501e-10 1.26863597404991e-10 1.45425715913916e-10 1.01677855024462e-10 7.9554718368513e-11 6.47811027043588e-11 6.31541596796126e-11 6.363645166374e-11 7.46807171658759e-11 7.9902007232846e-11 6.16388495799924e-11 4.78225015143607e-11
1.13983835580478e-05 1.40187122323887e-06 7.91218768436686e-07 1.09854360053063e-09 7.7238342388597e-10 4.6803230957515e-09 9.93133109083999e-10 5.70220692885926e-10 5.71831060280914e-10 5.94905513739974e-10 5.37748690021544e-10 3.80657139142926e-10 3.40502359641448e-10 2.17903384225337e-10 7.71950281475142e-11 8.53291659552724e-11 2.48193010587983e-10 7.12453285256487e-10 7.15936421258334e-10 5.75243652711777e-10 4.97577667957216e-10 4.28861612888909e-10 4.52460247046815e-10 4.96693064455656e-10 5.35412836288884e-10 4.99251140428925e-10 4.87702922491451e-10 5.01488539583761e-10 5.38172839625872e-10 4.12864353815934e-10 2.6096004246412e-10 1.69002623007231e-10 1.41279832277519e-10 1.50671308762895e-10 1.61803404008509e-10 1.22971444138642e-10 1.06460296134259e-10 9.50102441166223e-11 6.07200290048127e-11 6.0289440106942e-11 6.07234040828075e-11 8.17880541070792e-11 8.20120749089881e-11 6.2853866555912e-11 5.48688539048214e-11
4.18564405860744e-06 2.02963566120484e-07 2.85513276383487e-06 1.73154945870557e-07 1.08569156664906e-08 6.75958510276686e-09 3.65227462717499e-09 1.59852886483236e-09 9.46986422611928e-10 7.58665152922333e-10 5.35576383242642e-10 4.16967760319409e-10 1.49425649631496e-10 1.37275768530287e-10 5.3379767273043e-11 1.0560871066545e-10 5.60406510086153e-10 6.86439949326712e-10 6.0486053943265e-10 4.49119363921113e-10 4.3198288279811e-10 4.51791060118723e-10 5.28043475611639e-10 5.33504729283152e-10 5.15623033159329e-10 5.34424182685456e-10 5.14719922239948e-10 5.25389964867173e-10 5.31467381215123e-10 4.71417960223874e-10 3.18011794675499e-10 3.19652160296613e-10 2.15252704549584e-10 1.52313772705526e-10 1.34270838891837e-10 1.24881038843228e-10 1.17788090392423e-10 9.58194745770413e-11 9.09620490041618e-11 7.28837434849083e-11 9.00920782420656e-11 9.54023748889199e-11 9.32805388487168e-11 8.93272900093223e-11 6.36499741801799e-11
2.57957747373805e-06 7.82019847640481e-06 8.89806301518359e-07 1.73220787214046e-07 1.44711107652462e-08 7.60385181486356e-09 4.32005985429029e-09 7.6612161059586e-12 1.05255125726345e-09 1.14393903238863e-09 6.96714119730046e-10 4.20349743901482e-10 8.96951846129923e-11 9.15470373730187e-08 6.7131977754542e-11 3.28149230011121e-10 6.7297889483342e-10 7.25860249684018e-10 6.30614971353083e-10 5.54484536063882e-10 5.70347535866489e-10 5.7682899567979e-10 5.33862509755068e-10 4.74650085902084e-10 4.97084973183348e-10 5.18169740448826e-10 5.53893064747513e-10 5.51776102586388e-10 5.08938846621731e-10 4.54425908014144e-10 4.56363213885425e-10 3.86816656483546e-10 3.38913719311051e-10 3.03102543064426e-10 1.92161231371557e-10 1.94290772359551e-10 1.38432121321586e-10 1.20779075629684e-10 9.51387302272622e-11 1.0375885706182e-10 1.05235276048887e-10 1.0732417177195e-10 1.23139731744715e-10 1.06507158648128e-10 8.5508899960729e-11
1.82140811094023e-05 5.41185170886971e-06 4.06391532781214e-07 5.70793566856409e-08 7.28607207900467e-10 1.13870368689817e-10 3.52403217718233e-10 5.92862425818908e-12 7.98309196525793e-12 2.73458181654362e-09 1.36161100172671e-09 7.23430004789805e-10 2.10343109596778e-10 1.69936653637848e-10 8.40948977121059e-11 5.32694099941722e-10 7.51113526931135e-10 7.01708635642007e-10 7.41883698918144e-10 7.20981119251007e-10 6.79709366568915e-10 6.68414901205949e-10 6.22392137827887e-10 5.42003042447448e-10 5.01592889445845e-10 4.96871621624706e-10 5.1842282688952e-10 5.57591162131388e-10 5.02715458150504e-10 4.02577948754867e-10 4.25761692568472e-10 4.27724811125074e-10 4.17842349609288e-10 4.682257470634e-10 3.97375710115e-10 2.93411772656071e-10 2.1282466899919e-10 1.88917026466839e-10 1.71598479870028e-10 1.71801439741159e-10 1.67358327196609e-10 1.35226296826829e-10 1.23651311412232e-10 1.19309739865514e-10 1.17205090077732e-10
5.3297532053187e-06 2.88020553568802e-05 6.14645871199748e-08 3.32920026768768e-08 6.34132601984305e-09 4.77529223608109e-08 3.73821784638295e-10 2.56461982761635e-09 4.04744904258791e-11 2.60367758464497e-09 2.57080928767195e-09 6.42918396298597e-10 4.60238869237628e-10 1.04468811379377e-10 1.22201482266604e-10 5.96010418796311e-10 8.66952742928362e-10 7.48726525223731e-10 7.29768612206527e-10 7.79425890495844e-10 6.96478186235083e-10 7.09492642414489e-10 6.43006026201931e-10 6.45931574894121e-10 5.28705701441368e-10 5.06787622978067e-10 5.54959689313961e-10 5.46837186643501e-10 4.52673321049701e-10 3.79667641769998e-10 3.86154741516265e-10 3.93384369523631e-10 4.27263202595896e-10 4.85164886043776e-10 3.38802252919379e-10 3.04467673295505e-10 2.82510881355336e-10 2.34167019108611e-10 2.22399187954636e-10 2.45495701545195e-10 2.14613515847617e-10 1.73222158839081e-10 1.40781408752844e-10 1.40484524013829e-10 1.24085108854644e-10
