Maxent_result_files_1/Bombus_handlirschianus_3.asc
NCOLS 594 
NROWS 330 
XLLCORNER -15 
YLLCORNER 23 
CELLSIZE 0.166666666666667 
NODATA_value -9999 
[rows 160 to 179 of 330, columns 405 to 449 of 594]
0.0138344353996217 0.0112406653352082 0.00732788874302059 0.0076322641922161 0.0117517327424139 0.022299895901233 0.0197863526642323 0.0141359208151698 0.0149719877168536 0.0149034321308136 0.0098235625308007 0.0225063777528703 0.021832315903157 0.0252389014698565 0.0120845630764961 0.0146362666971982 0.0192855856381357 0.0255153186619282 0.00677357423119247 0.0213323827832937 0.00522821508347988 0.0158278148155659 0.0306796690449119 0.0259697184897959 0.0174452589824796 0.0361067533493042 0.038354198820889 0.0282328965142369 0.0251200091093779 0.0321578050032258 0.00730152882169932 0.0025915720674675 0.00245744230633136 0.0296060049906373 0.0523134203627706 0.0462923344224691 0.0552281321957707 0.0361841608770192 0.0209715317934752 0.0151613027788699 0.00333749847486615 0.00362635586643592 0.00361874392256141 0.00354382417863235 0.00411145034013316
0.00459525127662346 0.00400149974739179 0.0038652193499729 0.0115311521105468 0.00427523986436427 0.00451713340589777 0.0108190447092056 0.00716746707912534 0.00808779862709343 0.0145357517991215 0.0064891426358372 0.00805207714438438 0.015147643815726 0.0160294593311846 0.0201079370453954 0.0215070180594921 0.0237831357866526 0.0211171437054872 0.0196878591552377 0.0232958579435945 0.0206576497294009 0.0331226335838437 0.0228509218432009 0.0140494463965297 0.0156817594077438 0.0351704025641084 0.00374845094629563 0.0369133878499269 0.0298532955348492 0.0306994182989001 0.0315660409629345 0.00292509472346865 0.0220041779801249 0.00598861365579069 0.0177304919809103 0.00533652631565928 0.00470999996177852 0.00845224352087826 0.00990221872925758 0.00282270869938657 0.0032794798957184 0.00445656797382981 0.00442056581377983 0.00447605161461979 0.00542609677650034
0.00447038044221699 0.00389511889079586 0.00349378652172163 0.00894405622966588 0.00344520914368331 0.00380691763712093 0.00348051610635594 0.00273257775697857 0.00611430809367448 0.00260273953317665 0.00675799297168851 0.0130054702050984 0.0130301084369421 0.00286695917602628 0.016973554994911 0.0208639958873391 0.0128087593708187 0.025215807557106 0.0046390337171033 0.0241698051802814 0.01563809690997 0.0170726109296083 0.0160641277208924 0.0331944992765784 0.019325444009155 0.0169051121920347 0.037018696218729 0.0315331248566508 0.0278033349663019 0.0186989945359528 0.0403707213699818 0.040304134786129 0.0341588769108057 0.0453523542732 0.0175638026557863 0.0229493699967861 0.0057132335845381 0.00380069066304713 0.0030751904589124 0.00287814161274582 0.00299329360714182 0.00297549866372719 0.00319453160045668 0.00381422975333408 0.00491227239836007
0.00328006835188717 0.00343686942942441 0.00337341653648764 0.00880060270428657 0.00279401206644252 0.00275270772399381 0.00293222023174167 0.00319561356445774 0.00273649444570765 0.00296735526062548 0.00313252160558477 0.00327724647941068 0.00291943596675992 0.00757054712157697 0.00758266090415418 0.00814541399013251 0.00400810808641836 0.0124099828768522 0.0117792315315455 0.0050251331878826 0.00441680126823485 0.00424898634664714 0.013008897472173 0.0037203423329629 0.00391300214687362 0.00450207710964605 0.0333938702940941 0.0313908781856298 0.0196514015085995 0.0210276681929827 0.0375541672110558 0.0412714462727308 0.0390497822314501 0.0280838342383504 0.0203283877111971 0.0187717122025788 0.00489456001669168 0.00348200430162251 0.00310148866847157 0.00286010202253237 0.00318414088105783 0.00293232816038653 0.00299395772162825 0.00343290097080171 0.00386063407640904
0.0028820488252677 0.00283760592574254 0.00278004724532366 0.00297829802148044 0.00292008839314803 0.00279274975182489 0.00257033188827336 0.00258207393344492 0.00274798071477562 0.00306503608589992 0.00336562675656751 0.00371964811347425 0.00324086982291192 0.00269371016183868 0.0028657931718044 0.0028681218973361 0.00728940907865763 0.00422976118279621 0.00513331200927496 0.0161305401474237 0.0203184164129198 0.00476081864908338 0.00455000570509583 0.00370040816487744 0.00396315323887393 0.00351065588183701 0.00356040453771129 0.00577562877442688 0.0251163720153272 0.0126779989339411 0.0142616556957364 0.0134060173295438 0.0370770117267966 0.016999814286828 0.00692041546572 0.00641210481990129 0.0041616594651714 0.00307294238591567 0.0102449473459274 0.00282587482361123 0.00339420919772238 0.00350761375157163 0.003313489316497 0.0034507823176682 0.00388399659423158
0.00257952500833198 0.00259097781963646 0.0025636053760536 0.00255866002407856 0.00256373058073223 0.00261251276824623 0.00258666034787893 0.00283624788280576 0.00272580973105505 0.00275590929668397 0.00283457114128396 0.00294111161492765 0.00317119301762432 0.00363494458142668 0.00332695004763082 0.00282737521920353 0.00291140679037198 0.00873149856925011 0.0036641645245254 0.00422307678963989 0.00445805921917781 0.00503525866661221 0.00415787219535559 0.0113699630368501 0.00439369342057034 0.00399938018526882 0.0036239342065528 0.00607019518502057 0.00412768996320665 0.00390344491461292 0.0129430651199073 0.00659366745967418 0.00678292862139642 0.00557883440051228 0.00644957949407399 0.00593570158816874 0.00456204945221543 0.00840561622753739 0.00281735231401399 0.00253996306564659 0.00315047589829192 0.00297578090103343 0.00277942226966843 0.00258022578200325 0.00238950023194775
0.00245369477779604 0.00232416723738424 0.00240123551920988 0.00247019829694182 0.00243255912791938 0.00239277412183583 0.0054552853340283 0.00239449489745311 0.00242544177453965 0.00267926400993019 0.00266955636907369 0.0029144657892175 0.00276328700128943 0.00325041476171464 0.00317519559757784 0.00324627148220316 0.00333684615325183 0.00290605231421068 0.00312955831177533 0.00366168525069952 0.00351386175025255 0.00403155200183392 0.00314643849851564 0.00366099859820679 0.0046072353143245 0.00453178260941058 0.00410634009167552 0.00643936857813969 0.00727564115077257 0.00377202497329563 0.00465987020870671 0.00489501790143549 0.00614018198102713 0.00640475742984563 0.00577090745791793 0.00978071622084826 0.0044664321700111 0.00331700482638553 0.00301091148285195 0.00249528008280322 0.0029739665100351 0.00265781478956342 0.00224792126682587 0.0020638276997488 0.00182307722279802
0.00236980532645248 0.00229016444645822 0.00225116273504682 0.00676240287721157 0.00223811169271357 0.00217001179116778 0.0022105167794507 0.00225947820581496 0.00233227084972896 0.00251457464182749 0.00251919867005199 0.00255955384345725 0.0023660984588787 0.00231976128416136 0.00252710293279961 0.00319186871638522 0.00369659265270457 0.00310404120245948 0.00286562835099176 0.0029658987885341 0.00705408311914653 0.0116308845113963 0.00303987837396562 0.00366420334903523 0.00344384588534012 0.00388462861301377 0.00442057347390801 0.00392773805651814 0.00331872568931431 0.00349164272192866 0.00417625784175471 0.00455267169745639 0.0053890003124252 0.00545805871952325 0.00457293700892478 0.00372165183071047 0.00342740237247199 0.00758757826406509 0.0150131348520517 0.00230649368604645 0.00298456550808623 0.00265791177516803 0.000847799099574331 0.00213528602616861 0.00170054648770019
0.00222329731914215 0.00212464504875243 0.00205282366950996 0.00199521530885249 0.00194670744822361 0.00194997143698856 0.00202337953960523 0.00199671505251899 0.00193220716319047 0.00189994813990779 0.00209347162744962 0.00228340975008905 0.00230349548510276 0.00200938372290693 0.00256970830960199 0.00291166640818119 0.00306679175700992 0.00294556564185768 0.00268928667064756 0.00304342869203538 0.00321269208798185 0.00328420965233818 0.00305620861472562 0.00310594614129513 0.00370615589199588 0.00353772717062384 0.00370910733472556 0.00375896600307897 0.00548752098111436 0.00292123480467126 0.00347925351234153 0.00427255765534937 0.00430601751431823 0.00474870133912191 0.00419578986475244 0.00337605415843427 0.00263786133145913 0.00796333723701537 0.00265310337999836 0.00222499837400392 0.00243448365945369 0.00227131743449718 0.00194245468592271 0.00170591820497066 0.00141710160532966
0.00186113439267501 0.00178614982287399 0.00180287293042056 0.00173143930733204 0.00171586340875365 0.00180090894573368 0.00178250535391271 0.00178652668255381 0.00167117757955566 0.0018014419474639 0.00191319580189884 0.00212833311525173 0.00212181878741831 0.00171649733674712 0.00613282434642315 0.00224210450542159 0.00256364532979205 0.00299534542718902 0.00305772139690816 0.00325445815687999 0.00335166490403935 0.00359350926009938 0.00347231259802356 0.00321103747701272 0.00320437179179862 0.00373360393568873 0.00379698358010501 0.00355388416210189 0.00290890824981034 0.003083984577097 0.00321650728583336 0.00347198155941442 0.00394398644566536 0.00401272367453203 0.00321423892164603 0.00259087464073673 0.00234642445575446 0.00249645018484443 0.00240632190834731 0.00265027170535177 0.00247021489776671 0.00208218797924928 0.00182182474527508 0.00148560660309158 0.00124143808498047
0.00150255636544898 0.00156446839100681 0.00154054559534416 0.00154037726460956 0.00174532874953002 0.0016423738503363 0.00160768706700765 0.0016037646739278 0.00146053352509625 0.00150475749396719 0.00158984428853728 0.00190546357771382 0.00205149510875344 0.00175617497880012 0.00196676335763186 0.0022367256344296 0.00204903538106009 0.00246988773578778 0.00264997441554442 0.00272711192956194 0.00305576937971637 0.00298208240419626 0.00328370813513175 0.00326418307377026 0.00314320947509259 0.00312308308202773 0.00316475467989221 0.00297653193119913 0.00292947075795382 0.00269793143961579 0.00281508713960648 0.00287089465418831 0.00342734330333769 0.00316557011101395 0.00258885907242075 0.00242513036355376 0.00239853754173964 0.00278734830208123 0.00285419898573309 0.00262009893776849 0.00211039410205558 0.00171023859875277 0.00161742772907019 0.00141326480661519 0.00115331556589808
0.00134040503762662 0.00143994288519025 0.00134988659119699 0.0013003715488594 0.00141915990388952 0.00157864626380615 0.00131449544569477 0.00128017540555447 0.00132455329294316 0.00146752779255621 0.00155991535284556 0.00169897055020556 0.00169986176188104 0.00164463719702326 0.00175223878468387 0.00180349256843328 0.00198285219958052 0.0018236844218336 0.00214718774659559 0.00218907370581292 0.00251788586610928 0.00232983681489714 0.0021665099018719 0.00253216095152311 0.00273253271589056 0.0024719248060137 0.00270849850494415 0.0025134478812106 0.00269982032477856 0.00458971922053024 0.0025485867401585 0.00264311584178358 0.0025330240780022 0.00306634039152414 0.00306732256431133 0.00272963552852161 0.00267290453775786 0.00265180823625997 0.00278745730174705 0.00240900628268719 0.00190474740811624 0.00157590368180536 0.00144117726595141 0.00132096365559846 0.00103323927032761
0.00124910859158263 0.00123601239465643 0.00121945761784446 0.00111220640537795 0.00123598332866095 0.00116152837290429 0.00117075518646743 0.00118553934735246 0.00123993574816268 0.00133980107493699 0.00138793675287161 0.00149690979160368 0.00128832516784314 0.00148505248944275 0.00163363488973118 0.00154965064139105 0.00160412627737969 0.00167454177862965 0.00177207090891898 0.00181014541303739 0.00179090710007586 0.00174997376161627 0.00216924126143567 0.00213006599224173 0.00203143606777303 0.00217982797767036 0.00241230662213638 0.00215831715613604 0.00232215176802129 0.00208067340427078 0.00185681928414851 0.0019188406819012 0.00223066195612773 0.00292244892334566 0.00273999640485272 0.00258062813081779 0.00290341001236811 0.00299604852916673 0.0020959030429367 0.00181398448767141 0.00164790627313778 0.00156267326092347 0.00133394394360948 0.0011501459608553 0.000932073147851042
0.00110614154546056 0.00108665119623765 0.00111825831700116 0.00112061298568733 0.00116851309430785 0.00109201699669939 0.00104181605565827 0.00107069021323696 0.00106082786223851 0.00118088126764633 0.00126066185766831 0.00150524349883199 0.00132994469022378 0.0011435573163908 0.0011035846080631 0.00138208272401243 0.00169589766883291 0.00175394426332787 0.00185507766436785 0.00193505053175613 0.00170245171757415 0.00159921360900626 0.00163418833399192 0.00174530749209225 0.00195701997727156 0.00208549876115285 0.00204456743667834 0.00458058584481478 0.00179033821332268 0.00176233301172033 0.00171168791712262 0.00161842217785306 0.00182841455098242 0.00192077410174534 0.00173750196117908 0.00183215339202434 0.00301516263280064 0.0030082660028711 0.00191280349972658 0.0015349303255789 0.00146869509480894 0.0012835226894822 0.00107527146174107 0.000832776742754504 0.000705822157033253
0.00101673360913992 0.000962283837725408 0.000932916771853343 0.00100901931582484 0.00112708457163535 0.00108643174753524 0.00118236203852575 0.00113653127918951 0.000997381407069042 0.00108731549989898 0.000942197418771684 0.0010401647828985 0.00127381684433203 0.00315133254043758 0.000990676850778982 0.00107883321179543 0.0011423095187638 0.00133821086492389 0.001337637467077 0.00153149231337011 0.00173741929465905 0.00176468592253514 0.00153499379521236 0.00177388333249837 0.00188752625836059 0.00183291273424402 0.00158789729466662 0.00153887462220155 0.00487686826381832 0.00157533881720155 0.00171433442155831 0.00148075873730704 0.00150412661605515 0.00135356460523326 0.00135295760119334 0.00179885966936126 0.00273942233761773 0.00234556102077477 0.00204083595308475 0.00146067478344776 0.00120095956954174 0.000990106028621085 0.000770054597523995 0.00064998163288692 0.000570481436443515
0.000892934284638613 0.000914174251374789 0.000948169702314772 0.00109516615921166 0.00105841509066522 0.00105589802551549 0.0010254115331918 0.000896026415284723 0.000899487920105457 0.000971252517774701 0.000944714670185931 0.000944737423560582 0.00110517031280324 0.00118837607442401 0.00109139996347949 0.000972188176820055 0.00100446087308228 0.000972304481547326 0.00121538540697657 0.00143995560356416 0.00157751941587776 0.00161497525987215 0.00159024797030725 0.00169636403443292 0.00170454834587872 0.00170392066938803 0.00146648132940754 0.00116172577254474 0.001513680286007 0.00153101470787078 0.00159659392666072 0.00127146699524019 0.00117509489646181 0.00112061195541173 0.00137413300108165 0.00188084687688388 0.00231148412567563 0.00207614656537771 0.00173832514556125 0.00121477502398193 0.000929395091952756 0.00069446490961127 0.000564036164723802 0.000556187947222497 0.000515891068789642
0.000871800372260623 0.000820864536217414 0.000796158061712049 0.000881967099849135 0.000935327558545396 0.000953503983328119 0.000889195950003341 0.000836540359887294 0.000858978762698825 0.000917711609508842 0.000951397157041356 0.000907761219423264 0.00103568237682339 0.0012062393972883 0.00107620772905648 0.00103962817229331 0.00119588019733783 0.00121180588903371 0.00120797008275986 0.00140197146101855 0.00120643551344983 0.00116298802313395 0.00133765095670242 0.00133610973134637 0.00145358897862025 0.00164682531030849 0.00145991430035792 0.0029427022091113 0.00137714339070953 0.00109381029906217 0.00128710931167007 0.00108912203868385 0.00100880338868592 0.00108672626374755 0.00142467555997428 0.00192550696083345 0.00179417040199041 0.00138536058366299 0.00120515205489937 0.000834386315545999 0.000681258177792188 0.000607467765803449 0.000623386312508956 0.000542033808596898 0.00049215676554013
0.000876494543626904 0.000788247914169915 0.000735657724726479 0.000750426718150265 0.000789909697778057 0.000790247540862765 0.000792519898095634 0.000791275150550064 0.000769523244525772 0.000808772770687938 0.000828028612886555 0.000792434236791451 0.000815609403070994 0.000819715998659376 0.000919049108051695 0.000923649585456587 0.0010443320410559 0.00123503931972664 0.00112018001673277 0.00107678411295637 0.000934254541061819 0.00119331267196685 0.00128241251513828 0.00137153831892647 0.00144054776174016 0.00154624770511873 0.00147112119593658 0.00125438909162767 0.000724447128595784 0.00118592001963407 0.00118699973390903 0.00105692706129048 0.000994065814302303 0.00108542589878198 0.00140304984233808 0.0020250154484529 0.00140372556925286 0.00102575007476844 0.000853683523018844 0.000701840202964377 0.000673979405837599 0.000612268861732446 0.000541835256444756 0.000476950763550121 0.000517948401102331
0.000827046213089488 0.000779049971606582 0.000733430904801935 0.000719404175470117 0.000732227932894602 0.000741951211239211 0.000713035358057823 0.000715826658415608 0.000724461469508242 0.000749689682561439 0.000772633156157099 0.000789056412759237 0.00075442424567882 0.000738874069065787 0.000742910790722817 0.000831274739175569 0.00096967936551664 0.00115740730834659 0.00082310650323052 0.000799900753190741 0.00110893170640338 0.0012385705136694 0.00126744022709318 0.00134887366439216 0.00134515061508864 0.00126041856710799 0.00130117153166793 0.000953413581009954 0.00106880314415321 0.00119102028256748 0.000944474397692829 0.000902346396469511 0.000988856630283408 0.00103246393846348 0.00120576494664419 0.00147773411008529 0.000957804825156927 0.0007694519663346 0.000677021083538421 0.000607080495683476 0.000562010519206524 0.000505937548587099 0.000455865442927461 0.00048101063730428 0.000589527921692934
0.000808466529997531 0.000773540887166746 0.000723190099233761 0.000686930720985401 0.000691646899213083 0.000674294898635708 0.000670304746017791 0.000656340221758001 0.000710168438672554 0.000760203041136265 0.000776718421548139 0.000772333588975016 0.000810765167989302 0.000832872696628328 0.000786730447725859 0.000773763901088387 0.00079025330778677 0.000823182378371712 0.000835512884077616 0.000944091015844606 0.00099371490359772 0.0010265146556776 0.00111443597998004 0.00114911528653465 0.00107846051687375 0.00107733207696583 0.00113031058863271 0.00121399157796986 0.00120429495873395 0.00105358406726737 0.000907163441297598 0.000836437789257616 0.000839487937628292 0.000848296846379526 0.000898358531412669 0.000821577975875698 0.000645840082142968 0.00054394854378188 0.000494872507988475 0.000474118694546632 0.00046277569636004 0.000434331185533665 0.000345301153720357 0.000483068618632387 0.000595679608522914
