Maxent_result_files_1/Bombus_pascuorum_3.asc
NCOLS 594 
NROWS 330 
XLLCORNER -15 
YLLCORNER 23 
CELLSIZE 0.166666666666667 
NODATA_value -9999 
[rows 84 to 104 of 330, columns 282 to 328 of 594]
0.00583784671034664 0.0213612966239452 0.00241575151449069 0.00273830167134292 0.000540737714618444 0.0248328996822238 0.000193610590213211 0.00130615524831228 1.970968819478e-05 2.06091962979826e-06 0.000656671450997237 0.000514638432650827 0.0486354877240956 0.0434901410713792 0.00237888258416206 0.00315793413901702 0.118462508171797 0.276253502070904 8.91713692908525e-05 0.000698520918376744 0.00868300986476243 0.00178922260529362 0.00226538279675879 0.0049555696779862 0.000269631299306639 0.000121960930118803 2.59631340213673e-06 6.29751509961807e-07 -9999 -9999 -9999 -9999 -9999 -9999 -9999 -9999 1.68753899743024e-15 0.0153852230869234 0.266705935448408 7.91417997803023e-10 0.00323467367561534 0.000532998417475028 0.00135542013449594 0.000964706164086238 0.00964683825150132 0.00370605459902436 8.36866749978071e-06
0.0273450732696801 0.0425517285242677 0.0727768229320645 0.00041677189146867 0.000360671336238738 0.000115795669262297 0.00438793004723266 0.00159288681461476 0.00364804267010186 0.00151996214844985 0.000454722446738742 0.00028304741208558 0.00380698426160961 0 4.36461311537073e-11 1.22637774637724e-06 0.000100673959786945 0.156196117401123 0.042355932854116 0.0197782144416124 0.000561790035862941 0.000899200393178035 6.73881149850786e-05 0.00696083859074861 0.00466803141171113 0.0136055406648666 0.000130451864606584 0.000694010284496471 0.000115858620847575 1.05857197013393e-05 1.84380000973761e-05 0.000802753225434572 0.000689428353507537 0.000717023145989515 3.31287672452163e-05 6.36086557278759e-05 0.000434843949915376 0.000433774036355317 0.00496742085088044 0.00177798189688474 0.00132143483497202 7.91247686720453e-05 0.0116535716224462 0.00397633074317127 0.00201220943126827 0.00875003053806722 0.00271039506187662
0.0219881501980126 0.00130798621103168 0.00291306751314551 0.0334533110260963 0.00171549295191653 0.0281662138644606 0.0562824146822095 0.0129017355386168 0.00492695686407387 0.000130960959359072 0.000510682172898669 0.00306941498420201 0.000151392928819405 0.000330410255628522 0.000699237177468604 0.000573496611468727 0.000291681988164783 0.000563696897006594 0.000668215795303695 0.00310712211066857 0.00231542902183719 4.41303267280091e-06 0.00109475172503153 0.0525864065624774 0.0353327507153153 0.00907832777593285 0.0508427053689957 0.00169467508094385 0.00122527063940652 0.00129215797642246 0.000187054948037257 0.000662415643455461 0.00195891046896577 0.000882517945137806 8.63250534166582e-06 8.81875475897687e-05 9.36772305067279e-05 0.000392861443833681 8.44450347358361e-05 0.0220068472437561 0.001872305147117 2.00317720189247e-08 0 0.00884064788697287 0.000577030253771227 0.0081481967587024 0.002228758885758
6.78671358400607e-05 0.00238422914990224 0.00550258362200111 0.000523215925204568 0.0181997395120561 0.00587751888670027 0.00913384752348065 1.12982709424614e-05 0.0012780670193024 2.42033540764908e-08 9.13460936317278e-05 0.000422511186479824 0.0127735626883805 0.000841059759841301 0.0263128995429724 3.47134370741742e-06 0.000569050243211677 0.000185078074719058 0.0045529187831562 0.000111051133535511 0.00812320277327672 0.0127944579813629 0.000330475368537009 6.37930502307427e-05 2.77768551313784e-05 0.00112081672268687 6.59944842027471e-06 7.09071580331511e-06 0.00626117386855185 0.000221472438352066 0.00656521252822131 3.41568715267471e-07 0.0164535184390843 0.000308192775264615 0.0068661394296214 0.000146538744411373 0.00101809965854045 5.54398118765675e-05 0.00118636219995096 0.00424731418024749 0.0504345189779997 0.0034710199048277 0.0277415147982538 0.0037724835681729 0.000605482621176634 0.000169820731025538 0.000237108085275395
0.0110362178180367 0.00121422143420205 0.0883307449519634 0.0659911952912808 0.0077676510438323 0.00164176347898319 0.000506880419561639 0.0129339847015217 0.00777734802104533 0.000841948125162162 0.00507040007505566 5.72543696648609e-06 0.000985100658726878 2.54112279662877e-05 0.00691979047842324 0.0228492345660925 0.0209661074448377 1.47048886333323e-05 0.00638226447626948 0.0209536680951715 0.00783794242888689 0.00779997932258993 0.0240455187857151 0.00634785415604711 0.000123243449161237 1.26560826174682e-05 1.68587740745352e-05 1.96624523312039e-06 3.26039033097913e-05 2.9569034177257e-05 1.26988193898114e-06 2.93641065525208e-06 0.000528126825520303 0.0169181551551446 0.000139755340569536 0.000300343238995993 0.0725949816405773 0.000697693915572017 0.0220766737125814 0.00507569494657218 0.325662573426962 0.0153097063535824 0.00431926972232759 0.000807018633349799 0.00115320144104771 0.000159276713384315 6.72513946483377e-05
0.01492496333085 0.00295074026798829 0.203896767646074 0.154479159414768 0.00192119976854883 0.0106724700890481 0.000402492453576997 0.145078704506159 0.00789653533138335 0.0458358127623796 0.0183565448969603 0.0493588779121637 0.0335527990013361 0.0128939074929804 0.00924130177590996 0.0166209802031517 0.0052432649768889 0.000799105688929558 0.113411537092179 0.0279495447874069 0.0317116549238563 0.00363011182053015 1.55898294273982e-11 5.87075041039498e-05 6.98718404237297e-05 1.71129721593388e-05 0.000157297868918249 5.20880522344669e-05 2.60425768772166e-06 3.43479182902229e-05 6.38845898720319e-05 4.0251383506984e-05 0.000871917317272164 0.000519825638912152 0.00747440790291876 0.11138874143362 0.00302856285125017 0.00102137444482651 4.89412987008109e-05 0.000419572456303285 0.00574154412606731 0.00172775308892597 0.00352466555777937 0.0107850763713941 0.000245530352549395 0.00127849534037523 0.000565399642800912
0.00391492225462571 0.0798910681158304 0.00161230493104085 0.00573504802305251 0.0354110481217504 0.00144696020288393 0.118477765843272 0.00183147171628661 0.000353062639624113 0.0200487585738301 0.0141989974305034 0.265472041070461 0.00731938192620873 0.0123744612559676 0.00343232119921595 0.00357256894931197 0.0790460963733494 0.00637116176076233 0.022488236380741 0.0207289977930486 0.0409368789754808 0.0350245343521237 0.00102796635474078 0.0013796899933368 1.24239501246848e-05 3.92430931697163e-06 4.00805271283389e-07 2.59828623256908e-06 4.09899868145658e-06 4.77415567729622e-05 0.000107886695332127 3.02363169339515e-05 0.00135590936988592 0.000147959879541304 0.00210763908107765 0.0154066700488329 0.00364105770131573 0.00204610469518229 9.54885388637194e-05 0.000496119248418836 0.00183848097804002 0.00245440488215536 0.00857285931706428 0.000712487587588839 0.00146880209213123 0.00105320714937989 0.00390546820126474
0.00270094482693821 0.0133932564873248 0.00930826638359577 0.0243555416353047 7.28750393363953e-14 0.0133275402709842 0.0110792332328856 0.0153793538920581 0.026862284168601 0.00545402305433527 0.0701277021318674 0.0336461460217834 0.0331268299371004 0.0303687945008278 0.00745810638181865 0.521061566472053 0.00101915585692041 0.00432972674025223 0.0367697758600116 0.00996331945061684 0.022192469611764 0.00704401470720768 0.0453851386904717 0.00675529958680272 0.0145875001326203 2.57571741713036e-15 0.00022426253381127 7.40846910218806e-07 1.63311028245516e-05 0.000797112210420892 0.00109799351048423 2.39691752085491e-05 1.23996256206738e-05 1.34585981300006e-05 0.00649312955792993 0.0206383680924773 0.000847070442978293 8.36978619190631e-05 0.00373743635136634 0.0110571783035994 0.0241289973258972 0.0155898320488632 0.00297673621680588 0.000309469623607583 0.000679088509059511 0.000435333537461702 0.00158735884469934
0.0074760329676792 0.000253132228681352 0.0308363201096654 0.00841408488340676 0.0124025854747742 0.00173117609811015 0.00214015726232901 0.0015557479520794 0.0112448768690228 0.0176038197241724 0.00998505954630673 0.0313480111770332 0.0153324940241873 0.0077955822693184 0.0105329459067434 0.00858319667167962 0.0482110278680921 0.00701157476287335 0.000575469041359611 0.00246047312393785 3.72811815850582e-05 0.00248013547970913 0.0244238937273622 0.00226634298451245 0.00471527874469757 0.0173000132199377 0.00715251546935178 0.000116263512336445 3.1699154396847e-05 2.16287437524443e-05 0.000809887801005971 9.05594015421229e-06 4.31989597871052e-06 0.0017146100581158 0.000238312477449654 0.00105288265185663 0.0436554525047541 0.00250147370388731 0.0011864245403558 0.0441410418599844 0.0285354828462005 0.00226306689437479 0.000669657503021881 0.00126772653893568 0.00226775304181501 0.000665163126541302 0.00223571315873414
0.00629997330252081 0.0839718148112297 0.0300395279191434 0.0119411370716989 0.0289644826203585 0.00435277667129412 0.0102626516949385 0.00711431431118399 0.0160706236958504 0.0101908632088453 0.0209057522937655 0.0868225373327732 0.0978685166686773 0.00682374758180231 0.00383812570944428 0.106225892156363 0.119298994541168 0.0106902418192476 0.0992538552731276 0.00385033637285233 0.011953609297052 0.00129374223761261 4.31615125762619e-05 0.00350803980836645 0.00349160030018538 0.00456398739479482 0.00641450537368655 0.0546662727370858 0.00146838263026439 1.27109550773774e-08 0.000858303709537722 0.00193125569494441 0.00137386563001201 0.00288354903750587 0.00247808738495223 0.0051098459167406 0.00313351504737511 0.0497901255264878 0.03231470156461 0.00322704897262156 0.000138629535285872 0.00075391854334157 0.000661512237275019 0.000328885523776989 0.000590945349540561 0.000859409855911508 0.000368414922559168
0.0235309702344239 0.00654138405807316 0.027099331188947 0.0164963814429939 0.0466695880517364 0.0152108278125525 0.0363669803366065 0.0173041168600321 0.00725052708294243 0.0225258448161185 0.00457260403782129 0.142967396229506 0.0167013195343316 0.195717906951904 0.0109093410894275 0.0629620986059308 5.38376698386855e-05 0.0123611048795283 0.115487360395491 0.0119629865512252 0.00578876788495108 0.00795033909380436 0.00888841275591403 0.0246892591007054 0.00703311888501048 0.037688303925097 0.0178867333568633 0.00802287720143795 0.00368148386478424 0.000186191334069008 0.00201419068616815 0.0370000969618559 0.0105000120587647 0.0178614597767591 0.00374916043365374 0.0072866806294769 0.00223068745108321 0.0210449690930545 0.017843498988077 0.000456970375671517 0.000609141377208289 0.00246955687762238 0.00139661236898974 0.000887437985511497 0.00243890780839138 0.000997926937998272 0.000142945135303307
0.00651565489824861 0.00564507241360843 0.00499941676389426 0.0228799168020487 0.0180640572216362 0.0371810099110007 0.0233240175060928 0.0116709347814322 0.0181928562931716 0.0338055124506354 0.00292953017633408 0.00398459390271455 0.0639270053245127 0.0395291648805141 0.307293130457401 0.0980275385081768 0.0321087894961238 0.0459619883447886 0.0658095804974437 0.000862674679956399 0.00375930066220462 1.11593058591097e-05 0.19039049372077 0.00100639494485222 0.0223314961418509 0.000633542302239221 0.0153073872905225 0.0323486296460032 0.00379429822787642 0.00395598022732884 0.000662437341816258 0.00159403681172989 0.00204908384475857 0.00377470911480486 0.0308218733407557 0.00234119680244476 0.00102548638969893 0.00617459874483757 0.00812269486486912 0.0029938085237518 0.00138182872033212 0.00147889119980391 4.44089209850063e-17 1.55431223447522e-16 1.07802655691103e-14 0.00140761022921652 0.000493794748763321
0.00946675781160593 0.0723721794784069 0.00243696833495051 0.00662771477364004 0.00728525188751519 0.00686988113448024 0.000243785171915079 9.26898684028288e-07 0.00515326047316194 0.00819877819158137 0.00754888716619462 0.00991367709357291 0.0231498102657497 0.00224966101959581 0.0822332419455051 0.135905443131924 2.23164546923726e-05 3.05727481190843e-05 0.00862011855933815 0.11070007905364 1.67172784131253e-05 1.63467896072689e-05 0.000530887299828464 0.00812497143633664 0.0169180188328028 0.00193544130888768 0.00454666581936181 0.0283700095489621 0.0162263097241521 0.000741906091570854 0.00456560258753598 0.0406945502385497 0.0178048706613481 0.0418332047760487 0.00723686818964779 0.0409866629168391 0.026354493573308 0.0598187496885657 0.011529218335636 0.00405222971457988 4.44089209850063e-17 0 0.000679423156543635 0.00353904041694477 0.000288541828922462 5.29932747667772e-05 7.84228956035804e-05
0.0561262212693691 0.0116060362197459 0.0446498097851872 0.0253781604580581 0.0120931912679225 0.0313734464347363 0.104293087869883 0.00236522306222469 0.00739082498475909 0.0692572856321931 0.0718871805816889 0.00662079721223563 0.0350457355380058 0.0360676202923059 0.0442661000415683 0.00508838258683682 2.58409280831984e-05 2.86069413505174e-05 2.93778104605735e-05 2.58109858805256e-05 2.24751318455674e-05 2.04644178893432e-05 1.83356381739941e-05 0.00586223967839032 0.0158040589652956 0.00029282832329045 0.0062854286050424 0.00258361754240468 0.00981653318740427 0.000621082200086676 0.00937459864653647 0.0106453457847238 0.00477436881046742 0.000520441954722628 0.00362913283752277 0.0477455664426088 0.0388874359428883 0.00284811550518498 0.000257528868678492 0.002984405355528 3.66373598126302e-16 0.00104797394014895 0.00419319461798295 0.000282644858816639 0.000214471287472406 0.000245763114071451 0.000800473999697715
0.235682505369186 0.0263450900092721 0.0946872126311064 0.0810371860861778 0.0163597747683525 0.0140613212250173 0.0148402508348227 0.0300375990569592 0.0111653720028698 0.00601598171051592 0.0417102804407477 0.0211498930118978 0.0241079140454531 0.0184487274847925 0.00282772543141618 0.0304844794794917 0.557997825741768 0.00275504594901577 0.000695692771114409 3.11014369799523e-05 2.93178073206946e-05 2.27363062549557e-05 1.91471137668486e-05 1.71574089790738e-05 0.036059139855206 0.0172697493806481 0.0010717815021053 0.0050848591607064 0.00159503707545809 0.00529187240172178 0.00204374220920727 0.00144764188444242 0.000693008358939551 0.00420593575108796 0.0169640542939305 0.00786851355805993 0.00297891687368974 0.00331388151971623 0.00044884856470162 0.0182693109381944 0.00310225657303818 0.000328266133146826 0.00490209723357111 0.00829079862451181 8.09686011052691e-05 0.000306525808991864 0.00109532576461788
0.165416727215052 0.0259498602710664 0.0270105108618736 0.0254235851112753 0.0591082185506821 0.0423271344974637 0.0201031161472201 0.051832977309823 0.000761427130782977 0.00221803114982322 0.0606005009263754 0.0345247274264693 0.0124061950948089 0.00403853271855041 0.00115682553732768 0.000132321107230382 0.00030535170371877 0.00259608591441065 0.01065694084391 0.106301720067859 8.80160716405953e-05 3.42452900895296e-05 2.38404513311252e-05 2.00522887098487e-05 1.49349606545002e-05 2.1115891718182e-05 0.00268722044420429 0.00364793597254902 0.0019833421218209 0.000615244440268725 0.00618726315442473 0.056729032099247 0.0119901156052947 0.00175601571681909 0.0100596367148682 0.025321701169014 0.0193095681257546 0.00044180283730384 0.00109766522073187 0.00602437206543982 0.00844292305409908 9.9659469742619e-05 0.000539104829658754 0.00205018715350889 0.000858758421964012 0.000237233899679268 0.000529306760290638
0.0638055589050055 0.18936360925436 0.0573067496530712 0.0273416130803525 0.123868729919195 0.0680512819439173 0.0899932369589806 0.0122909552417696 0.0329005612060428 0.016146299475804 0.0550791649147868 0.0678014025092125 0.0132333375047892 0.00323397037573159 0.002531013044063 0.00246228402247652 0.00231295751873404 0.00855744436848909 0.000467270017543342 0.00388256430160254 0.01269219906535 0.673096263408661 2.56773712408176e-05 2.00375299755251e-05 1.43175085554503e-05 1.11369922478843e-05 0.563810589164495 0.00138290057366248 0.00705420795129612 0.0022618520015385 0.00154226352460682 0.0110685329418629 0.004526885622181 0.00115125097800046 0.00687503283843398 0.0101009991485626 0.0132224681787193 0.000297337963274913 0.00482884526718408 5.09960848376068e-06 0.0024368542508455 0.0110793838277459 0.00485753191169351 0.00256480604293756 0.00246815485297702 0.000561256376386154 0.00048150755756069
0.000158079866014305 0.00012099040159228 0.00271029175783042 0.0732918679714203 0.00993067228700966 0.00173426723340526 0.355621321499348 0.0295196611434221 0.0205734565854073 0.0200998637825251 0.00827239146456122 0.00359792807139456 0.00129275557701476 0.0143483014777303 0.00173307843797375 0.0298691853880882 0.00659499485045671 0.248977437615395 0.00101944575435482 0.00448664103168994 0.00798302548937499 0.0709303963929415 0.0123101882636547 1.58274897557931e-05 0.000611888593266485 0.109290540590882 0.0124481475912035 0.00972518271300942 0.00343123795464635 0.00127026194240898 0.00148592873010784 0.000918553308292758 0.0018661894951947 0.00222760401666164 0.00375294614350423 0.00408762660808861 0.00121982059208676 0.00142515276384074 2.22044604925031e-17 0.000328115381853422 0.0584099732339382 1.97316310732276e-05 7.87263732490828e-05 0.00179197118850425 0.00239894256228581 0.000524427311029285 0.0123332392890006
0.00016040426253312 0.000126960069974302 0.000107457479498407 0.00116124621563358 0.120353770628572 0.00142454861197621 0.00223460217821412 0.214370064437389 0.01841776734218 0.000882739201188087 0.0126860960852355 0.0110185216646641 0.00368552748113871 0.00721030933782458 0.0108206009725109 0.00449797852197662 0.0101798668503761 0.00899299997836351 0.00799860989209264 0.00779110121075064 1.55431223447522e-16 0.0293581403326243 0.0194252859568223 0.149388764612377 0.00709450771100819 0.00515772246289998 0.0118345310445875 0.0651340737938881 0.0615518806502223 0.0131803442724049 0.00164349434780888 0.0574761789292097 0.0179386549629271 0.00406765717780218 0.00780559189151972 0.0141034161206335 0.0018874604429584 0.00383535330183804 0.00412622045259923 0.00389579960610718 0.000115410290163709 7.98074333943077e-05 0.000180029982220731 0.00108200804097578 0.00198726617963985 0.0149060158524662 0.000918573680974077
0.000147024502621207 0.000119092871864268 0.000101746221480425 7.73018827203487e-05 0.00449437183560804 0.211024788022041 0.000444485672051087 0.00272594473790377 0.0272338541224599 0.0366908622905612 0.012237197207287 0.00173695761477575 0.000972045854723547 0.00430387749802321 0.00529302335344255 0.00603405362926424 0.00902363925706595 0.0196649629622698 0.0150911717675626 0.00524391569197178 0.00437153835664503 0.00405433680862188 0.00458271745592356 0.0216469467617571 0.029511662106961 0.00268430592841469 0.00584239292657003 0.00674456874839962 0.00159445232129656 0.00019064216685365 0.0134667511330917 0.00312395384535193 0.00958567054476589 0.00270738268154673 0.00133057309431024 0.00851668410468847 0.00364911773940548 0.000895420130109414 0.000303615126176737 0.00161899909435306 0.00189356085029431 0.0148500809678808 0.00131508542981464 0.00338587800506502 0.00128070204809774 0.00218984798411839 0.000923886441159993
0.000126379054927384 0.000106694089663506 0.000100286820270412 0.0108012784272432 0.0493666374124587 0.0317520832177252 0.130837749131024 0.00314659474533983 0.000631689459260087 0.00434206285863183 0.00545120681636035 0.00356250250479206 0.00222021257213783 0.00341025234665722 0.00342932173516601 0.00101479572476819 0.00988580472767353 0.00292240224662237 0.00100214422272984 0.0221538344398141 0.0118015151005238 0.0192220224998891 0.00185422850772738 0.0185457367449999 0.00785708776675165 0.0313710909336805 0.00789439531508833 0.00310043597128242 0.0134713730309159 0.00297287966241129 0.00135746808373369 0.00167991562047973 0.0018234479270177 0.00304125460097566 0.00518616845365614 0.00926749515347183 0.0208684116601944 0.00313648160081357 0.00236380540300161 0.00457732763607055 1.83245896039352e-05 0.00168074737011921 0.000910342390125152 0.00507889438886195 0.00219482872635126 0.000126721276683384 0.000298718645353802
