Maxent_result_files_1/Bombus_mocsaryi_3.asc
NCOLS 594 
NROWS 330 
XLLCORNER -15 
YLLCORNER 23 
CELLSIZE 0.166666666666667 
NODATA_value -9999 
[rows 100 to 119 of 330, columns 276 to 321 of 594]
0.0510795268433867 0.0499119089887245 0.0516787347907666 0.00374085676739924 0.00539402047288604 0.0332318206317723 0.0633744430728257 0.0777411702089012 0.0500583649612963 0.00528427229291992 0.0039227495482919 0.00361138641819707 0.0117032535781618 0.0490466852672398 0.0129109679604881 0.0268620066344738 0.010405858932063 0.00820173767860979 0.052936658449471 0.10938199646771 0.0667519660666585 0.274646140635014 0.0608355639502406 0.116717341542244 0.0462368487668907 0.0760791895318784 0.10680476129055 0.0155476963729598 0.0406326173833804 0.0403250394010684 0.0399650583131006 0.0393008931248914 0.0143504095453036 0.12994915761883 0.075016544573009 0.0636922486126423 0.0703494563698769 0.0433028402738273 0.0644449416548014 0.134965471923351 0.0829742353409529 0.0465249458327889 0.0233523264527321 0.0615997919812799 0.262845220416784 0.0715954942398369
0.0501660872047069 0.0499986680631992 0.05001262135047 0.0496180250716861 0.0492152595485095 0.0491863341419958 0.0495500630320748 0.0487495238048723 0.0101931072305888 0.0983832205180079 0.0718174835667014 0.0328072295407765 0.0229657209478319 0.0252251595258713 0.0182304849848151 0.0475487591698766 0.0337720204144716 0.0632573537528515 0.189730963110924 0.132694583758712 0.0648849243889481 0.204963862895966 0.180853974819183 0.0291699877008796 0.0230596633526148 0.115642922371626 0.246818782389164 0.0264782168902457 0.00276446801726706 0.0398845949792303 0.00206882228373551 0.0123262632638216 0.157924103266518 0.177005665749311 0.104527382552624 0.168610709905624 0.0879472702741623 0.0377359583401667 0.11630439683795 0.0185586165710472 0.0544409558176994 0.0276509669609368 0.148871207982302 0.116939163953066 0.162955630030638 0.190616568550467
0.0503188009664882 0.0498327540408354 0.0495368044619681 0.0493124810396694 0.0487552552978741 0.0484478554397356 0.0485210488317534 0.0490756726881955 0.0484538824501215 0.00337190209538676 0.340774267911911 0.0723474343088208 0.0668334560569178 0.0144316647434607 0.0449171401560307 0.084958079457283 0.0518831378780305 0.0155457815388218 0.0393184867687523 0.19666340649128 0.157936505973339 0.163947638124228 0.161185929179192 0.113192361220717 0.284760494530201 0.167753398418427 0.505963750556111 0.0205326357041486 0.00563999474227064 0.0025405799536467 0.1886753462255 0.161305373162031 0.116768115013838 0.0903382111340761 0.00997722195752431 0.0360250225290656 0.0723890136927366 0.105179043486714 0.104643552936614 0.083215956017375 0.0762150932103395 0.0532502613961697 0.108405069634318 0.131222283840179 0.248523393273354 0.306654568016529
0.050685060993419 0.0500312913500238 0.050381393978023 0.0501991696743062 0.0497601227776613 0.0490821975137806 0.048524610439199 0.0490454579296056 0.0481621536862804 0.0473660048970487 0.0032145045872312 0.0759647198021412 0.0219136916578401 0.0670050910674036 0.0388810859061778 0.0147341273725033 0.046534338593483 0.186020681262016 0.0846779398620129 0.1378871075809 0.0854526177048683 0.207210505008698 0.121538059785962 0.134316333755851 0.141601777076721 0.132428584992886 0.203404501825571 0.239604313671589 0.296298901736736 0.281837736070156 0.160958069562912 0.186566837131977 0.246969318389893 0.295672337710857 0.0586802681908011 0.049122510664165 0.0214746521177986 0.196927045285702 0.09559620693326 0.034871797181404 0.106020423769951 0.232598946988583 0.182026123255491 0.100158161297441 0.0432380717247725 0.137430130690336
0.0511006037995685 0.0513810135948006 0.050983865984017 0.0506379123602528 0.0503241559054004 0.0503343549760757 0.0499398971354822 0.0492000624217326 0.0484373657323886 0.00335009419650305 0.00129292165350937 0.00936331094172703 0.0203608012587153 0.131599986925721 0.0986646257573739 0.230761234462261 0.0738068239763379 0.192058564722538 0.0488935772329569 0.0681456604972482 0.114030985534191 0.0812670566141605 0.275387445092201 0.248113955557346 0.0665399728342891 0.0257058239541948 0.0234763670712709 0.0680597951635718 0.0519629552960396 0.039689995162189 0.172124601900578 0.122087221592665 0.200122675299644 0.203960771113634 0.253974817693233 0.156629163771868 0.134702507406473 0.111898338794708 0.204605142772198 0.131612873822451 0.153211070597172 0.21008594930172 0.133925665915012 0.116805631667376 0.0556078676134348 0.11393927782774
0.0508006072457647 0.0505407445132732 0.0500138195930049 0.0497291767387651 0.0497142215550411 0.0491959408624098 0.0485348405432887 0.0483629376161844 0.0474012736260192 0.00411501079797745 0.0203184520075654 0.160934959458975 0.262135896086693 0.0616333795711398 0.085086003318429 0.0218076682649553 0.0410084577277303 0.0289073910564184 0.249048744142056 0.209240353107452 0.199346499145031 0.256794928014278 0.0538741750642657 0.0911670636385679 0.0227559732273221 0.0147997420746833 0.0261335907503963 0.0236698385793716 0.0675748739391565 0.0302197737619281 0.0701909201219678 0.16157049909234 0.152176322042942 0.267180542647839 0.153518355637789 0.234952253103256 0.0448959477967987 0.0718270476907492 0.0429058857262135 0.0240307553292597 0.117571184784174 0.0887184586375952 0.101913893967867 0.148448602110147 0.117470896989107 0.213525465875864
0.00332937749044504 0.049321091917227 0.0492990607686806 0.00512206266866997 0.0119830162620077 0.0180160117568448 0.00736378083736 0.0456422281888081 0.0449749973369762 0.0197879372863099 0.326443894207478 0.0548405092209578 0.0805583018809557 0.0757630635052919 0.0856904905289411 0.0826436415314674 0.20491551309824 0.0898386724293232 0.131094990670681 0.17860404625535 0.187128908932209 0.0293797418475151 0.0231500571593642 0.0416147781535983 0.0181500787279623 0.0463230259716511 0.0547059316188097 0.0185507963869557 0.151516065001488 0.178735619783401 0.236549282073975 0.120170383714139 0.095758992433548 0.187778320908546 0.212878151237965 0.0580013139173388 0.206556268036366 0.00416984536762782 0.00141771735725342 0.00213550803164253 0.000945603921614391 0.00247451781178825 0.0588154620490968 0.148174005374312 0.112887384742498 0.151083147525787
0.00913584673107834 0.0471540202765027 0.0461046258016722 0.0977612034118504 0.121611258015037 0.156998907751404 0.309110787510872 0.104030325601865 0.0795401975475864 0.448814675211906 0.0769554559141397 0.0622721839696169 0.0241226087324321 0.127732000499964 0.138139988854527 0.161065304279327 0.0561795439571142 0.0818232035264373 0.175059937685728 0.225375635921955 0.0490769017487764 0.117625225707889 0.0162837086245418 0.0388031141832471 0.0544001599773765 0.0335419503971934 0.022176996152848 0.118515837192535 0.144382379204035 0.150516021996737 0.224289973080158 0.174651075154543 0.133211013674736 0.0716106094419956 0.14730554074049 0.0899510460530792 0.124540729820728 0.0453414741903544 0.0141018894792069 0.00131886482413393 0.0127661844599061 0.0127014987752773 0.0228366075678018 0.0815510917454958 0.0773846887052059 0.147979424893856
0.152474502939731 0.0624843855388463 0.0214949512388557 0.442246243357658 0.498639088869095 0.265410226583481 0.24295524507761 0.714691472053528 0.536416745185852 0.220180617272854 0.145132744312286 0.0771010797470808 0.00731717454036698 0.0444524310762063 0.0703061141073704 0.0631983008235693 0.068673831038177 0.0343024336732924 0.060896254517138 0.281210134923458 0.315213993936777 0.172984833270311 0.165143686532974 0.0922800052911043 0.145904932171106 0.0812733691185713 0.0433362547308207 0.0602840358391404 0.0343832952901721 0.203360797837377 0.419728782773018 0.166200994700193 0.0394754757173359 0.0740971051156521 0.0301191639075488 0.0584167510271072 0.10601612329483 0.160501509532332 0.202370637655258 0.129962510988116 0.297385726124048 0.04945551273413 0.0372438771836508 0.0351587882483727 0.196208687669155 0.0409429067037215
0.412614467740059 0.101040359586477 0.250651974976063 0.280238624237245 0.260085996985435 0.138377020508051 0.218506986647844 0.24406454116106 0.221744817495346 0.0698625242398334 0.0129053590120748 0.0448468828573823 0.0447401104218443 0.173469542339444 0.0736974142491817 0.0645494695752859 0.109395604208112 0.0801935885101557 0.138970766961575 0.205030747503042 0.143816979974508 0.0791576769202948 0.0714475341141224 0.165785909816623 0.0454954247921705 0.0763417184352875 0.0738077089190483 0.128692942857742 0.0950495176017284 0.161377322301269 0.202100870013237 0.155181626975536 0.13538501560688 0.0369074275717139 0.0576191794127226 0.151436526328325 0.20335665345192 0.0977079588919878 0.182925589382648 0.174859072268009 0.0157897838903438 0.0514349397271872 0.0636199260830836 0.0878858614712954 0.133584326505661 0.0272556135430932
0.42881278693676 0.182311659306288 0.133493157476187 0.0935856185853481 0.0634778709616512 0.236383038759232 0.446033641695976 0.0974835820496082 0.204811414331198 0.0600822497159243 0.0134890150278807 0.0491663824766874 0.129050692915916 0.228213757276535 0.468991847336292 0.807690004259348 0.125025578020701 0.214552316814661 0.286988085508347 0.416238276660442 0.129741337895393 0.166942013055086 0.0791039902716875 0.029283913859399 0.0327730674762279 0.0615944765508175 0.139676616340876 0.0546457670629025 0.144261416047812 0.0930065207183361 0.243731489777565 0.0730294415436219 0.260179626941681 0.0876668978686155 0.0278990215156227 0.0850142937153578 0.163785470277071 0.188160017877817 0.157839660346508 0.135475993901491 0.0783332496881485 0.0380766854272224 0.110837749019265 0.121262362599373 0.0377283390179596 0.0467621435411274
0.212342952936888 0.370138522982597 0.214680450409651 0.190847612917423 0.222889904677868 0.204110539704561 0.806725662717508 0.0615414377301931 0.145609070360661 0.0926169093698263 0.0793141305446625 0.0226351002612425 0.0877581428736448 0.0706195786595345 0.0260618986561894 0.0351990751922131 0.488341131806374 0.755015522241592 0.169621900469065 0.131738052889705 0.0707481168210506 0.0833479333668947 0.153889494389296 0.0874679636210203 0.230014763606596 0.089560759998858 0.149315417092294 0.015399934258312 0.0498275671154261 0.148524128645659 0.0820652332156897 0.0884128890931606 0.0495121357962489 0.133154352754354 0.155948125571013 0.0315247792750597 0.0838624075393175 0.239134001731873 0.136214143037796 0.152808244526386 0.123780408501625 0.239507262408733 0.218584433943033 0.153639857470989 0.212883212044835 0.269917804002762
0.0806045409291983 0.227605186402798 0.210643393546343 0.332060717791319 0.204833059757948 0.273755794018507 0.180622980743647 0.195258304476738 0.113809624314308 0.0803580350111847 0.0793275445699692 0.094178156927228 0.077750575914979 0.165972858667374 0.0802478116005659 0.0983548633754253 0.137406823039055 0.19277855232358 0.116575196385384 0.167730493098497 0.149886028468609 0.135657788813114 0.210180219262838 0.118411143496633 0.0573933459818363 0.0631351253017783 0.0620571764186025 0.0411981905810535 0.0703391246497631 0.0808049134910107 0.0690846119076014 0.11421374315396 0.0205093652475625 0.0435141732916236 0.0519420759752393 0.0351470727473497 0.33828379958868 0.204483608156443 0.160675108991563 0.447574377059937 0.561221817135811 0.245878781378269 0.279494376480579 0.292746601998806 0.194296738132834 0.283306543901563
0.140255234390497 0.181104297190905 0.0927098292857409 0.239143379032612 0.223500719666481 0.411927589774132 0.0752048950642347 0.194524483382702 0.0481866573914886 0.0324500404298306 0.0899113941937685 0.0757980279624462 0.192072849720716 0.0902592521160841 0.187216585874558 0.186258725821972 0.0585916380487837 0.0628232402895751 0.0809817060828209 0.0683208893984556 0.0816509060561657 0.110288010165095 0.268434834852815 0.0510140917263925 0.102978687733412 0.0718976579606533 0.139716554433107 0.13671861551702 0.110218394547701 0.0319483364932239 0.0498346716165543 0.0815458931028843 0.0990026857703924 0.0247373840305954 0.0182719689328223 0.0274766461690888 0.016870925296098 0.0345086648128927 0.184117873758078 0.208525028079748 0.0854474289251357 0.0331150972573954 0.686606246232986 0.129016485396181 0.273019678890705 0.226888788491487
0.275276209414005 0.20399018228054 0.145925099402666 0.220008634775877 0.236100444197655 0.173528666049242 0.171670296788216 0.295876841247082 0.0498541530221701 0.0124743200605735 0.0289411082863808 0.102499876916409 0.22765661329031 0.237475907802582 0.13930871784687 0.285127794742584 0.19197004288435 0.125613925978541 0.100173509120941 0.145072829723358 0.0813345286995173 0.094149476243183 0.163302033394575 0.147571817785501 0.179182245582342 0.196339491009712 0.149212794005871 0.119275956228375 0.0461271772161126 0.0271342830248614 0.0666731095496439 0.0507780116982758 0.334880837798119 0.0828130479902029 0.0818793337792158 0.258077409863472 0.0927722349762917 0.150232925266027 0.133845714479685 0.0278326975339146 0.0234405949805115 0.00642251207524644 0.0215346747334777 0.306754550337791 0.230278807878494 0.503616961836815
0.206149731576443 0.14998996257782 0.2751434892416 0.248871757090092 0.0601491045206785 0.060266076400876 0.061240528523922 0.156883810460567 0.0907321866601705 0.1610137835145 0.0839896865189075 0.199858547747135 0.136663977429271 0.209517702460289 0.254252521693706 0.179025878757238 0.199999938905239 0.267795951664448 0.239473302662373 0.21773446649313 0.209881186485291 0.110933818948251 0.134291368010463 0.109775116294622 0.248477776348591 0.153078226745129 0.199232415854931 0.106344203650951 0.0594009958207607 0.167874795198441 0.144213717535604 0.248231962323189 0.249285101890564 0.236713269352913 0.220444358885288 0.212486407305187 0.161204902082682 0.00798418975162363 0.108453208788715 0.0245202921330929 0.0328267867446492 0.0620276182889938 0.00768565315739678 0.00298008315034757 0.0383066599943362 0.129850233154139
0.195077961726929 0.897205435484648 0.326244742306543 0.127251423895359 0.22566886767745 0.125059533119202 0.0881494618952274 0.0965268678963184 0.172746194899082 0.205016998946667 0.20429850295186 0.162246642261744 0.206432672590017 0.145965867489576 0.174566505104303 0.208672216534615 0.122728233784437 0.254208948463202 0.177535835048184 0.123361461982131 0.420864889025688 0.413974009081721 0.112437451258302 0.21003500521183 0.0529700100421906 0.206264544278383 0.200344637036324 0.182211600244045 0.284787608683109 0.200520721077919 0.117566534504294 0.130608420446515 0.225517220795155 0.1701764062047 0.369028742611408 0.112348849326372 0.163909556076396 0.450607777386904 0.0319815105691873 0.00990646841107859 0.00468378241447636 0.00354188301340823 0.00439895057123554 0.0383927562885219 0.0381059123930754 0.00479234448141863
0.641838538646698 0.0679738700670427 0.0405160021502525 0.268548806011677 0.167351709678769 0.203043259680271 0.204758608341217 0.237541396915913 0.207639267295599 0.209690745919943 0.211325405538082 0.208737892657518 0.0883546199649572 0.360513858497143 0.283791351318359 0.384376987814903 0.523005813360214 0.338567778328434 0.330635167658329 0.453547610342503 0.11654563061893 0.264934074878693 0.152624471508898 0.0934427570551634 0.186769098043442 0.0453045520431329 0.134784014393517 0.199149363255128 0.192466403543949 0.157052259147167 0.226852128654718 0.276907436549664 0.322465942800045 0.331450515985489 0.25282416716218 0.229125639796257 0.290368640422821 0.282036194205284 0.104658403620124 0.0469817000324838 0.0300490285037085 0.00281252390996087 0.00369988869642839 0.00153194796404705 0.0387780341727193 0.0387883114366559
0.00893519587116316 0.0486261901503895 0.0476475778734311 0.00367315358598717 0.191060931235552 0.203347362577915 0.0703973580151796 0.213449390232563 0.210797499120235 0.145015100389719 0.207312268018723 0.137709747254848 0.214953724294901 0.243601490557194 0.328873698413372 0.235053376108408 0.221197929233313 0.322126044332981 0.203575588329841 0.135039456188679 0.194282698631287 0.513506576418877 0.216623593866825 0.227970511466265 0.250716312229633 0.119153665006161 0.241266836225986 0.130363377686251 0.132687576860189 0.144790650159121 0.125579316914082 0.201127780228853 0.240960551798344 0.292449507117271 0.312192404270172 0.303763806819916 0.368145586550236 0.224108648300171 0.223797757923603 0.226229213178158 0.268151180446148 0.0715466698448561 0.0139008275981748 0.00340885494222143 0.00174045451271407 0.00326488464925205
0.334178671240807 0.480988267064095 0.0959730929840592 0.0659859350882471 0.0771205539815128 0.207187138497829 0.0419444093480706 0.21727230399847 0.207903555780649 0.224517722427845 0.262222196161747 0.218141261488199 0.219529092311859 0.133198965713382 0.230150107294321 0.20191363915801 0.171515650674701 0.18651501275599 0.273688219487667 0.366598016768694 0.318695367872715 0.261512668430805 0.275787915289402 0.353898234665394 0.260031938552856 0.108292435854673 0.172570049762726 0.203876553475857 0.178942248597741 0.178682216256857 0.13014051169157 0.248036915063858 0.428191551566124 0.30389838963747 0.29236366301775 0.24583046734333 0.248583886027336 0.229305031150579 0.27033955603838 0.243890056759119 0.254192827641964 0.2602623924613 0.114061697199941 0.0339827726192307 0.0100603499300633 0.127895426005125
