Maxent_result_files_1/Bombus_ruderarius_3.asc
NCOLS 594 
NROWS 330 
XLLCORNER -15 
YLLCORNER 23 
CELLSIZE 0.166666666666667 
NODATA_value -9999 
[rows 180 to 199 of 330, columns 414 to 459 of 594]
9.48703644098714e-05 9.89880369161256e-05 0.000103720162587706 0.000106918488745578 0.000108933549199719 0.000110629816481378 0.000107939321605954 0.000109617452835664 0.000110059886355884 9.71215544268489e-05 4.44664867245592e-05 0.000111735520476941 0.000106527579191606 9.93821959127672e-05 9.02426661923528e-05 0.000111927255056798 0.000124464611872099 0.000126769310736563 0.00013042309001321 0.000117363029858097 0.000105628017627168 9.42008744459599e-05 9.29882633499801e-05 8.87255315319635e-05 8.38983920402825e-05 8.20720248157158e-05 6.97404801030643e-05 6.43529441731516e-05 6.38779725704808e-05 5.87919770623557e-05 6.32203868008219e-05 6.17854806478135e-05 6.10568815318402e-05 7.91720434790477e-05 6.84871913108509e-05 7.06408638507128e-05 6.77796211675741e-05 5.95564401010051e-05 6.1820827977499e-05 5.99151695496403e-05 5.72540564462543e-05 4.80955211969558e-05 4.86956145323347e-05 4.90973572595976e-05 4.87450350192375e-05 4.73626583698206e-05
9.69086104305461e-05 0.000102474437153433 9.71382920397446e-05 0.000103626999771222 0.000104757524968591 0.000110197793401312 0.00012542788463179 0.000116554819396697 0.000110312255856115 0.000115088673192076 0.000106866146961693 0.000105990582960658 9.96527771349065e-05 0.000106319376209285 0.000121138917165808 0.000142011359275784 0.000131135126866866 0.000120723445434123 0.000116079936560709 0.000121737994777504 0.000111745990579948 0.000101436812838074 9.50936475419439e-05 9.63832018896937e-05 9.62912454269826e-05 8.07348420494236e-05 6.36589036730584e-05 5.75098252738826e-05 5.90150775678921e-05 5.39943830517586e-05 5.29899414686952e-05 5.82882836170029e-05 6.46345317363739e-05 6.62616846966557e-05 7.03288344084285e-05 7.27349433873314e-05 7.32342254195828e-05 7.11614469764754e-05 6.85872473695781e-05 6.39962323475629e-05 5.29116776306182e-05 5.04182404256426e-05 5.25867108081002e-05 5.20815177878831e-05 5.30843870365061e-05 5.11107347847428e-05
8.72146541951224e-05 8.96586876478977e-05 9.3777991423849e-05 9.95779191725887e-05 0.000105170102324337 0.000105055401218124 0.000119931933295447 0.000120016885921359 0.000111152912722901 0.000112315732985735 9.98207877273671e-05 9.88994142971933e-05 0.000103883132396732 0.000114490419218782 0.000124601639981847 0.000113093774416484 0.000107771066541318 0.000109980255365372 0.000111973937600851 0.000105780667217914 0.000111848466622178 0.000117383713950403 0.000116907455958426 0.000109049542516004 9.5624454843346e-05 7.55380751797929e-05 6.8652202753583e-05 6.46427644824144e-05 5.649029117194e-05 5.57112594833598e-05 6.18432961346116e-05 6.62915161228739e-05 6.64330189465545e-05 7.75829677877482e-05 7.98478613432962e-05 7.61333896662109e-05 8.62230197526515e-05 7.28033010091167e-05 7.05211918102577e-05 6.31398623227142e-05 2.18780238355976e-05 5.99651553784497e-05 5.83180284593254e-05 6.02061620156746e-05 3.34639014454297e-06 5.313574365573e-05
8.70291565661319e-05 9.33981180423871e-05 0.000103220800519921 9.88738989690319e-05 0.000102080966462381 0.00010046023526229 0.000122333665785845 0.000109161280852277 0.000101895899570081 9.44935920415446e-05 9.83665682724677e-05 8.76348742167465e-05 0.000119317066855729 0.000128967242198996 0.000125617820594925 0.000118917647341732 0.000102491630241275 9.89149761153385e-05 9.91061286185868e-05 9.90075030131265e-05 0.000107257142371964 0.000111676384403836 0.000103715769364499 0.000106535287341103 8.61266657011584e-05 7.85389973316342e-05 7.57051733671688e-05 6.37128410744481e-05 6.15154138358775e-05 5.09574405441526e-05 1.1449650129336e-06 1.22905815662655e-06 8.2703038060572e-05 8.49067451781593e-05 8.85111279785633e-05 8.10332872788422e-05 7.14684276317712e-05 6.88287123921327e-05 6.45898639049847e-05 1.43168161272911e-06 1.06903401114744e-06 1.11977918144657e-06 1.15748215736566e-06 6.86128980305512e-05 5.68549636227544e-05 5.9385942586232e-05
8.60501386341639e-05 8.57838371302933e-05 3.72832866560202e-05 9.38966943067499e-05 9.31933362153359e-05 9.771334589459e-05 0.000108051017741673 0.000108720523712691 9.73154514213093e-05 9.79324744548649e-05 9.9169131135568e-05 9.78013733401895e-05 0.000104594236472622 0.000110312024480663 0.000112631275260355 0.000106048193993047 9.43996128626168e-05 8.8110200886149e-05 8.58608240378089e-05 9.29245506995358e-05 9.02804124052636e-05 9.20468562981114e-05 9.62438571150415e-05 9.79582546278834e-05 8.18625747342594e-05 8.29097087262198e-05 7.45123375963885e-05 4.5705804723184e-06 6.66068997816183e-05 7.10181469912641e-05 7.10427018930204e-05 3.2523832123843e-05 8.13589154859073e-05 7.9231480776798e-05 7.93980769230984e-05 7.40319526812527e-05 7.15930902515538e-05 6.79660319292452e-05 6.31623050139751e-05 6.46796535875183e-05 8.15581530332565e-05 8.17169100628234e-05 7.84570322139189e-05 2.50419692747528e-05 3.72751381405578e-06 6.31405833701137e-05
8.72404882102273e-05 8.55335994856432e-05 8.73177559697069e-05 9.09869282622822e-05 1.51127952952024e-06 9.49019202380441e-05 9.37634744332172e-05 9.4908379833214e-05 9.87060178886168e-05 9.76845607510768e-05 9.88467902061529e-05 9.55235853325576e-05 9.47886059293523e-05 9.24380801734515e-05 9.4064995937515e-05 9.18664678465575e-05 9.15500990231521e-05 8.8545230391901e-05 8.52915560244583e-05 8.92603842657991e-05 9.12556468392722e-05 8.88397800736129e-05 5.99607681124326e-06 0.000105549012369011 9.09865586436354e-05 7.8956525248941e-05 7.74551073845942e-05 6.92597925080918e-05 1.23594359091594e-06 1.61995691087213e-05 8.46134673338383e-05 1.59152540668561e-06 9.98592190626368e-06 8.83268163306639e-05 8.2962674787268e-05 8.17160922451876e-05 7.9242791980505e-05 7.44740267691668e-05 7.01167278748471e-05 7.66822544392198e-05 8.18120446638204e-05 1.24027536319016e-06 1.1657497017481e-06 1.09506605942e-06 1.05629491029546e-06 2.54055947152665e-05
0.0001040267830831 9.07762965653092e-05 2.0160290503668e-06 1.0381284982941e-05 8.01639573182911e-05 9.42085927817971e-05 9.03066102182493e-05 9.33778574108146e-05 9.58347009145655e-05 9.73091184278019e-05 9.72961439401843e-05 9.69502711086534e-05 9.55122581217438e-05 9.26284439628944e-05 9.15322612854652e-05 9.15800992515869e-05 8.95987599506043e-05 8.68164483108558e-05 8.73939541634172e-05 9.45943189435638e-05 1.13747340037662e-05 2.11400159457753e-06 9.58733129664324e-05 0.000101035738771316 9.34994459385052e-05 8.38223699247465e-05 8.79180384799838e-05 8.41170374769717e-05 8.47698771394789e-05 9.0771984832827e-05 9.45616164244711e-05 1.65132960744385e-06 0.000107160373590887 9.86986618954688e-05 8.75541983987205e-05 9.36093652853742e-05 9.2727568699047e-05 8.31030018161982e-05 8.01958049123641e-05 8.6575611931039e-06 8.03285416623112e-05 8.32957637612708e-05 7.64740005251951e-05 7.92240105511155e-05 7.23141281923745e-05 1.16001393133391e-06
1.66534182038935e-06 1.47994481746183e-06 7.47662990761455e-05 6.98865682352334e-05 8.67805123561993e-05 9.17578916414641e-05 9.44141618674621e-05 9.17363810003735e-05 9.44276049267501e-05 9.17443932848983e-05 9.14565185667016e-05 8.9539798500482e-05 8.90948227606714e-05 8.9192199811805e-05 8.89258793904446e-05 8.73994722496718e-05 8.52134209708311e-05 8.67346694576554e-05 8.89746122993529e-05 9.20427308301441e-05 0.000104289432056248 0.000115266129432712 0.000109878992952872 0.000103509600739926 9.63195678195916e-05 9.36587268370204e-05 9.32236231165007e-05 9.60410266998224e-05 9.55987969064154e-05 9.74704467807896e-05 9.83101592282765e-05 0.000101812517095823 0.000112302304478362 0.000118002769886516 0.00010064234957099 1.78580368679349e-06 6.95180016236918e-06 0.00010232848871965 3.32299106958089e-05 1.49493819812108e-06 1.70742806926416e-06 1.29687274720292e-06 1.45442095730308e-06 1.32419982712406e-06 8.62805464152405e-07 0.098610454630642
9.98856444311969e-06 1.37267867846846e-06 1.40646329879202e-06 1.84860323031444e-06 8.36439037811942e-05 8.43777903355658e-05 8.92589741852134e-05 9.85053760814481e-05 0.000100645243946929 1.15490719963418e-05 2.22331256694019e-06 9.4059860566631e-05 8.86616529896855e-05 9.10201415535994e-05 3.60346093657427e-05 8.85900473804213e-05 9.3763459881302e-05 1.50554334724662e-06 1.40867293796365e-06 5.69051461525305e-06 9.76448602159508e-05 3.71722101704108e-06 0.000101105008798186 9.23889732803218e-05 9.58687232923694e-05 1.54475637315077e-06 1.76375745635227e-06 3.93718473787885e-05 0.000100779853528365 0.000102192928898148 0.000106118303665426 1.17620068067481e-05 0.000113428759505041 3.95004576887459e-06 9.66017658356577e-05 1.60980307244429e-06 3.38224821462063e-05 0.000270831142552197 1.96311429421225e-06 1.39507455514831e-05 1.93162316062256e-06 1.39304927128103e-06 1.29570589648687e-06 1.14540734296176e-06 8.40218790276737e-07 9.7071300184659e-07
7.5263897451805e-05 7.29265630070586e-05 8.66467380546965e-05 8.44354770379141e-05 8.17666834336706e-05 1.39912751283555e-06 1.00651704542543e-05 2.31598271867028e-06 4.27378257654709e-06 0.000111614121124148 0.000106628339563031 9.44684332353063e-05 9.1653321578633e-05 0.000103956849488895 9.22460167203099e-05 0.000115450563316699 0.000117649183084723 0.000123157391499262 0.000117277080425993 0.000116881672875024 0.000118281440518331 0.000113012129440904 0.000104258189094253 0.000101597339380533 0.000104968341474887 0.000102864731161389 0.000105186791915912 0.000103237404255196 0.000104782682319637 0.000104140957409982 0.000102675151720177 1.20268876344198e-05 9.06959787243977e-05 1.80777929299492e-06 0.000104506449133623 2.08113004191546e-05 3.75086582522499e-06 3.18977129190046e-06 2.64805883471997e-06 0.000176072027534246 3.23529615777751e-06 2.65290347722935e-06 3.04152092525101e-06 1.64214062264856e-06 1.00871399512092e-06 1.24831655616831e-06
8.42016539536416e-05 8.75995421665721e-05 1.17054593936627e-06 1.3922852796e-06 8.55962542118505e-05 3.59308323822916e-05 8.6966909293551e-05 9.48180386330932e-05 2.04836100238026e-05 9.6491357544437e-05 9.59077806328423e-05 9.52113405219279e-05 0.000102354484261014 4.64434793684632e-05 0.000111235471558757 0.00010844459902728 0.000110774250060786 0.00011442764516687 0.000115801916399505 0.000108422730409075 0.000104711664607748 0.000103291687264573 0.000106520994449966 0.000106915099604521 0.000107711962482426 0.000107260783261154 0.000112651816743892 0.000108340429142117 0.000112915429053828 0.000110676673648413 0.000110134958231356 0.000110598946048412 1.7116276884277e-06 2.01582548085e-06 1.11160511096386e-05 1.82407364839321e-06 1.62847069599126e-06 1.45543893946831e-06 1.38070505538712e-06 1.48842014335848e-06 1.63169581698375e-06 2.05292551072489e-05 2.79936717677565e-06 1.53289831268388e-06 3.18026981403818e-05 7.94243736891076e-05
7.49726459616795e-05 1.58319957336062e-05 1.33785168948686e-06 1.34813692196367e-06 9.28690265027399e-06 8.69804891408421e-05 1.36959659823299e-06 1.42948994549252e-06 1.45435296470264e-06 8.03199232905172e-05 9.4731169519946e-05 9.32645911234431e-05 1.6244195549131e-06 3.75312196183586e-06 6.79636289078189e-06 0.000110153354762588 0.000109995579987299 0.000112574074591976 0.000109338259790093 0.000103775798925199 0.00010126576089533 0.000102604074345436 4.34171699453145e-05 0.000114167405990884 0.000116240605711937 0.000120452282135375 0.000124061710084789 0.000115145997551735 0.000109787967812736 0.000113831543421838 0.000113516135024838 1.8611402957891e-06 1.7395172793977e-06 1.27312748123831e-06 2.08290514862597e-06 1.7985284615385e-06 1.66962769873047e-06 1.01529025210434e-06 1.10810790812099e-06 1.52139536170326e-06 1.93050967667308e-06 9.31343319077182e-07 1.48994545514647e-06 1.45741996735449e-06 5.30354758438989e-06 1.87824495871958e-06
6.51719761663116e-05 7.27505248505622e-05 7.93013736256398e-05 7.59587273932993e-05 7.06366365193389e-05 8.83845919408266e-07 1.30965548469364e-06 1.58606561596608e-06 1.87603019266014e-06 8.7167089805007e-05 1.46831280976034e-06 0.000102160692040343 1.66171800635162e-06 1.69179560244315e-06 1.76677208297837e-06 1.88616756062743e-06 0.000105821939359885 8.58211540617049e-05 8.63109744386747e-05 1.6100827884391e-06 0.000104624728555791 1.90913845083962e-06 1.97568732904774e-06 0.000116082548629493 0.000120580906514078 0.000126830670342315 0.000126803482999094 0.000127083857660182 2.04844997930831e-06 2.74024425583885e-06 2.48657844788003e-06 2.27758162210101e-06 1.55674961903607e-06 9.26727796501936e-07 2.29908002582491e-06 1.96732322920168e-06 1.98446788957085e-06 1.5692226027042e-06 7.74107523482392e-07 8.60359957777224e-07 2.72674561752062e-07 2.01022191130829e-06 1.39279833002437e-06 1.16102894044401e-06 6.53559472993948e-05 1.4150222218845e-06
1.00333007728715e-06 7.00673590181555e-07 1.06572006365324e-06 1.04613457448943e-06 9.8875399293652e-07 6.61884084740549e-07 5.05136247141991e-07 9.08012371425571e-07 1.56001129471006e-06 0.000116978144797031 0.000116465316386893 0.000114909687545151 1.78197403462033e-06 1.70794063484303e-06 1.7988169716876e-06 1.93666536139059e-06 0.000119917612755671 1.99356933503481e-06 2.02285955127612e-06 2.1667128834002e-06 0.00012372962810332 2.06885600431139e-06 2.7470239854388e-06 0.000127827051619533 0.000128825247520581 0.000131512810185086 0.000131964085448999 2.43631282721424e-06 5.98525282446971e-06 3.73963876028061e-06 5.43612196768351e-07 4.43647644277068e-07 7.46941492546505e-07 2.02228720221909e-06 1.85832931323127e-06 9.31401689618916e-07 2.13834894247089e-07 1.51271839055056e-07 2.64147572737183e-07 2.61552488811656e-07 8.76905992630572e-07 6.30601514173268e-07 2.80606136238148e-07 5.46392925482309e-07 3.41101193043869e-05 5.40669287147466e-05
2.12970895552278e-07 1.24208960072814e-07 3.2228931000633e-07 6.36435692114023e-07 7.1943127623042e-07 1.05278615592397e-05 6.65137414812556e-07 3.53592609714237e-07 1.02104198884678e-06 1.80514046207447e-06 1.75109545407226e-06 1.772432206959e-06 0.000110454209789168 4.75537563033868e-05 1.88830618877978e-06 1.90919350416818e-06 1.98243054878588e-06 2.19589138519272e-06 2.10219424282565e-06 2.08609258163239e-06 2.31618635766484e-06 2.97081348037409e-06 0.000135577326000202 0.000135488068917766 0.000137587181234267 0.000139881734503433 0.000139821670018137 3.50411006868612e-06 5.36353326960892e-06 1.26279540427765e-06 1.50782890839807e-07 2.23150992473276e-07 1.81633150735383e-06 1.0478507829248e-05 1.06385855084268e-06 9.38940062955584e-07 3.76105163901741e-07 1.43109183259327e-07 1.42506157063682e-07 1.87188961853213e-07 4.02928834519756e-07 4.51123142386489e-07 6.79496139122104e-07 2.4601664297963e-07 4.10492623525993e-07 2.43902493812787e-07
8.23864146348718e-07 4.68829210120703e-07 8.25517072922111e-08 1.64831563764789e-07 5.83425518896341e-07 5.1176931037844e-06 4.6897223111575e-07 6.79805557590729e-07 1.42485003189474e-06 1.45814231403696e-06 1.52366214449806e-06 1.37002396035646e-06 1.73358957170633e-06 1.52044539546425e-06 1.57563943841144e-06 2.04915581144549e-06 2.07221449510797e-06 2.2221987046489e-06 2.44958980566423e-06 5.86761278100312e-05 0.000146779778879136 5.98445505602285e-05 0.000146984847378917 0.000145258076372556 0.000146952230716124 0.000146670115645975 2.58107929025364e-06 5.76108426044719e-06 7.51164211909572e-07 1.96000365093596e-07 2.0225476069502e-07 1.68981381498678e-07 6.18016109654729e-07 1.38742997177754e-06 0.00019476612797007 2.13956545387362e-06 3.74382233314652e-07 1.32983433098754e-07 1.26103799313881e-07 2.03840201440375e-07 2.01807242017349e-07 2.46824619265507e-07 1.84021189220118e-07 2.92532939050183e-07 2.51485799074302e-07 3.06542184391745e-07
5.44000853963666e-07 3.74368829042515e-06 1.54669579410793e-07 7.05055309246916e-08 9.72757924655454e-08 3.9753336289472e-07 3.91888856521305e-07 2.23335997473484e-07 8.70904827188212e-07 9.03370057059316e-07 6.27179435297442e-07 3.0373759216662e-07 1.0314525586308e-06 1.15903860521405e-06 1.05209797389705e-06 2.20459700934761e-06 0.000124747143127024 0.000157364987535402 0.000159608872490935 0.0001566465041833 0.000153952781693079 2.59451705471037e-06 0.000156204114318825 0.000152987596811727 0.000152910404722206 0.000157466455129907 3.96917675220543e-06 7.72729479141532e-06 5.09410040483438e-07 2.42424040597378e-07 2.36339468817626e-07 3.37894026181118e-07 4.32471488309716e-07 2.70570004829995e-06 0.000221152414451353 2.0602126378555e-06 4.18521422018703e-07 1.64833758620198e-07 1.36631384350938e-07 1.77118620126038e-07 1.88155072222695e-07 2.16362523897118e-07 2.00449002696335e-07 4.41617915625248e-07 1.94942053877156e-07 5.93004088877969e-07
3.04585705204197e-06 2.48700424979598e-06 6.37728037045093e-07 1.54895267290289e-07 3.08213228250587e-07 6.16582612888994e-07 6.16822463805899e-07 6.04850148777647e-07 9.45363544924138e-07 1.00881222703242e-06 8.68407960352702e-07 6.76657963916139e-07 1.30903243519276e-06 1.56168641639587e-06 1.99846016315508e-06 2.46474581104827e-06 0.000163117607007734 2.78548466670081e-06 0.000173103983979672 3.51861370290862e-05 6.98122530593537e-05 6.76819327054545e-05 1.86026762094116e-05 0.000162830768385902 2.64995154228842e-06 2.92080070909417e-06 7.36467821766951e-06 6.23062760793935e-06 4.5971554291091e-07 1.99172939485681e-07 2.46569227713156e-07 4.63864099531364e-07 3.76791983658364e-07 3.27921354146277e-06 0.000225990614853799 2.67997912213325e-06 2.62510402959659e-07 1.90976467884241e-07 1.96269462560128e-07 1.86272961488765e-07 1.80581309816574e-07 2.26090205568408e-07 2.21777756648223e-07 2.20023776875689e-07 3.50096374113207e-07 3.06902090674299e-07
8.83735322954049e-07 5.65214917014334e-07 8.17980418421627e-07 1.34456750108258e-06 9.69394877115004e-07 8.38245471279642e-07 6.37781677736982e-07 8.11757102026078e-07 7.62379391316959e-07 1.04125656148479e-06 9.13098652355337e-07 7.04348747504469e-07 1.19534219468198e-06 2.02172074601492e-06 2.39701819615412e-06 2.40423353572439e-06 6.19120964984177e-06 3.00246984012986e-06 2.89942737343729e-06 2.90667868536598e-06 2.38049253896699e-06 2.34815912104613e-06 3.01987949500315e-06 2.80105474939063e-06 0.000182516351924278 4.28627973980689e-06 0.0005071219522506 4.8876935033082e-06 4.21767299618736e-07 1.98986498278764e-07 3.12459650386732e-07 2.83215619056865e-07 1.97852779382224e-06 0.000213796686148271 0.000220506099867634 2.3282170311445e-06 2.4421589753798e-07 2.23823533762602e-07 2.54011273637111e-07 1.69469503163988e-07 1.57746683604465e-07 2.06065244168219e-07 2.19682237212471e-07 2.97485604994208e-07 1.73120716946418e-06 1.68378752301024e-06
2.62853876847657e-05 0.000117087544640526 3.49723661202006e-05 1.11988853238598e-06 1.05828402910957e-06 1.04421823796663e-06 1.03141167477894e-06 8.68926344765875e-07 5.35658577993647e-07 2.90115877210617e-07 1.06519459051047e-06 1.39060520324419e-06 9.55488184228859e-07 5.74967602728904e-07 2.24422107044653e-06 0.000169821525923908 2.96852882621934e-06 2.71019414623819e-06 1.9658070073203e-06 1.66127962147877e-06 5.74810111952928e-07 3.52869366171404e-07 6.05237124340352e-07 8.92417328168804e-07 2.40877357368108e-06 4.62736633899397e-06 0.000473700638394803 4.25602313862683e-06 3.41541914739008e-07 1.93325425990043e-07 2.05020995958094e-07 1.36336786795699e-06 0.000198085090960376 0.000209224646096118 0.000198893190827221 1.0589101094638e-06 2.50207308460926e-07 2.26300881023267e-07 3.36954148039137e-07 1.87304556042989e-07 1.64043844974593e-07 1.67726276856239e-07 1.92491102901648e-07 3.2959734154181e-07 3.73447020141082e-07 1.964777451402e-07
