Maxent_result_files_1/Bombus_subterraneus_2.asc
NCOLS 594 
NROWS 330 
XLLCORNER -15 
YLLCORNER 23 
CELLSIZE 0.166666666666667 
NODATA_value -9999 
[rows 84 to 104 of 330, columns 276 to 321 of 594]
0.000876009229386165 0.00038858857616042 0.000189847674508414 0.000428816634305818 0.000180877977618366 0.000510699642517487 0.00146222608497055 0.000346342578318459 0.000118492475667153 0.000289032028371583 9.84838518233611e-05 0.00017086216255332 0.000430880124760691 0.00306210201285921 0.00134218341854448 0.000305306304653707 1.29660971879386e-05 0.000147556737493071 0.000238328097556606 0.00144400765292582 0.000563947413087396 0.000220239470578054 0.000340137004111141 0.000418215598913241 0.00114291453745825 0.000928978509823497 0.000372760845091102 0.00025472271259579 0.000281352957063064 0.000292118590126922 0.000247433351571746 0.000540045988600468 0.00153349774773233 0.00598740104433091 -9999 -9999 -9999 -9999 -9999 -9999 -9999 -9999 0 0.0108404138241895 0.0106763685122132 0.000512819754658267
0.000472275733945815 0.000395664790994998 0.00200984335585065 0.00251900869890308 0.00159602971421222 0.00125464302646776 0.000556333671675802 0.00111033867178776 0.000230997954399248 0.000193177724337734 8.23906101383165e-05 0.000155850565352023 0.000212172337031646 0.000476583907588934 0.00105192984402862 0.000800936521283668 0.000559753795826834 0.000384127031917647 0.000161139047229819 0 0 0.0065933237416516 0.000414476151369236 0.00034980661082421 8.86097110028183e-05 0.000404472362425579 0.000836082421575257 0.000738955968451283 0.000381731231323101 0.00143809673609212 0.00585103244520724 0.000990181841189042 0.000779181526741013 0.000700285655170774 0.00089935680415465 0.00103455403041153 0.000633413474440658 0.000571447375932621 0.0208463873757864 0.000658961250110224 0.000546917907084221 0.00291744853511204 0.0024833296357258 0.000812520091312763 0.0018765759508824 0.005099132990199
0.000141521938445277 0.00022718547050482 0.000509497700204586 0.00024937665690199 0.000294723282965137 0.000295381044449627 0.000947046504771254 0.000270913444418852 0.000184509990423332 0.000341254107058964 0.00117089374087241 0.000100088047435976 0.00021316086959714 0.000555891790177654 0.00051234872223942 0.00174560318464422 0.000662074231767207 0.000126776803138517 0.000374106722637269 0.000751070305218471 0.000303424775778871 0.00766542254714295 0.00724579920060933 0.00259591723262425 0.00030777490968632 0.000467403116642107 0.000405707036096115 2.84739398205058e-05 0.000882447171360712 0.000536752746274483 0.00027029971067094 0.000523426630350576 0.000145723798537878 0.000260172790194346 0.000469465780831513 0.00193843537708744 0.00165339332306758 0.00089572410670371 0.000888935457726347 0.00366325013646929 0.000771828245115103 0.000988593106740154 0.00262240775869031 0.00282682471442968 0.00197944041574374 0.00304193707415834
0.00011409596374542 0.000791169758440136 0.000600794202004939 0.00268633820730884 0.000905984909903124 0.00111104329860439 0.000365394848576606 0.000282735693755942 0.000499914471786167 0.00156725843695256 0.000277427996551516 0.000829707855650952 0.00184051381058907 0.00126366215610151 0.00278325015410701 0.00322801749512926 0.000745543370753599 0.000339919604570782 6.07974699960989e-05 0.000579358227829851 0.000513070841729268 0.000153810474335181 0.00454118456024162 0.00106062211071389 0.00134584147103921 0.0012262222846978 0.00319979425920565 0.000590989841862211 0.000724005118289028 0.000725231206604349 0.00020890625130342 5.05084772275399e-05 0.000632934768695392 0.000404612613791178 0.000121793934749614 0.000857728636402677 0.00012419484337467 4.61076444581487e-05 0.000740115161806898 0.00041831608504026 0.000557699857639804 0.00166648901067674 0.000818939893700788 0.00256561432033777 0.00161193273961544 0.0106794643215835
0.000933925269175906 0.000533356178589806 0.00021230041221808 0.000338673532028377 0.000407944133823923 7.85392071520619e-06 0.000670198281756029 0.000947654905108319 0.000786619595803728 0.000316021108249898 0.00100007731009694 0.000859867417469407 0.0018248238689651 0.00546556443028408 0.00401250896393321 0.0560796642675996 0.0663690432906151 0.013366554706954 0.000513042424288279 0.000271548978436176 0.00392169566985103 0.00436000890913419 0.000551353859009396 0.00060502642118121 0.000907388577797974 0.00826190304942429 0.00253755206649657 0.00423446719069034 0.00237654814545749 0.000301659125641596 0.00131011427229066 0.000272759831598179 0.000279308022992097 0.000179468328166821 0.000404432055829529 0.00139717224783884 0.000153790271724574 0.000322488603706617 0.000162748502117949 0.000829817831995783 0.000212428404349774 0.0014439174507023 0.00326730120614229 0.0018433126682794 0.00261064509977587 0.0147831292822957
0.00598960251081735 0.00337196219679754 0.000273217981132601 0.00025140496671604 0.000230561026180409 0.000608651963506324 0.000176801728304943 0.000708099320237587 0.00153944957655767 0.00126503086246537 0.000990119777694909 0.00143034395323943 0.000315143980463617 0.00257605464430526 0.000919765566163022 0.000381438972361536 0.00240759645204225 0.00467600201955065 0.0129519444424659 0.00670771095028613 0.00354221449670149 0.00270269929492315 0.000452253544573722 0.000949556843769628 0.00182571883269702 0.00209041875132243 0.000322271543245734 0.000743019688585278 0.000163193902666592 0.000180344831578438 0.000538220238335185 0.000968821365885342 0.000816818648559448 0.000132701934280632 0.000366574639587647 0.000355326632945896 0.00148926119459761 0.000587824954873994 0.000581762569419686 0.000394124855830569 0.00112787937141547 0.00288232568491367 0.00520189657277115 0.000617737219741343 0.0012136594270487 0.00243766091880389
0.000920565938832851 0.00681994736667171 0.000492992163193895 0.00108277708744993 0.00069094082640847 7.96294167235589e-05 0.000270019489877205 0.000285924284300121 0.00129669339601198 0.000531713511781518 0.00264261807888033 0.00132292617118557 0.0085317840159405 0.000351519510934961 0.000432353824730136 0.00101433466606977 0.00208049131906591 0.000649369821485379 0.0209329481236637 0.0103414751123637 0.00574408651737031 0.00499181666818913 0.0243297582492232 0.00312023660299019 0.0117320927325636 0.0020149499139734 0.000521402575709828 0.000205507543241923 0.000287697596809844 0.000394727058301281 0.00106211621356389 8.67520476219852e-05 0.000492337874476334 0.000789252819567521 0.00193800037866723 0.00304911072218488 0.000388717082903001 0.00098982510968082 0.000727189140962992 0.000856596453934344 0.00103363906846994 0.0028635270575279 0.000503252200485349 0.00196342846938933 0.00168908174455282 0.0015847365116799
0.000693480786026157 0.00188727918239238 0.000769883134989868 0.00280274059259682 0.00113832625127548 0.00126326088089767 0.00194664354612044 0.000346124411451632 0.000731096361295869 0.000526268940995367 0.000370631930127274 0.0242238394916058 0.00882254000753164 0.0132483988068998 0.0239785762503743 0.00177782108075917 0.0220087071880698 0.00429001757875085 0.0276427982375026 0.0142180429305881 0.0212351661175489 0.0269891936331987 0.0628717057406902 0.0550236519426107 0.0153223133645952 0.00449858923675492 0.00433484467212111 0.00445557048078626 0.0023987254826352 0.000884989996848162 0.000816237637991435 2.3326067457996e-05 0.000539166326188933 0.000513868769253634 0.000631253790720621 0.000617849111016167 0.00068347469859954 0.000272174932248381 0.000664373933233264 0.0025511762032977 0.00125553224616688 0.00259481675711868 0.00332687604241073 0.00159444011515006 0.000627765944864223 0.00321918804256711
0.00373169504746329 0.00112029719002749 0.0021517945373823 0.00277672584370521 0.00513956347713247 0.00121868299829657 0.00221207460208461 0.00139692022648887 0.00937278149649501 0.00607500376645476 0.0110171016771346 0.00341428715037182 0.0020313875102147 0.00343709114240482 0.0433103039860725 0.0237642001360655 0.015517088258639 0.0088185396976769 0.00956367991166189 0.00634211581200361 0.00605799765326083 0.00536126142833382 0.00366709167574299 0.00399577254199501 0.0206087228417914 0.0769046550616622 0.0123052386257768 0.023545376653783 0.00419801334501244 0.00998278893530369 0.00340189132839441 0.00116553028034332 0.000789777167913186 0.00184910235364537 0.00178519157489063 0.00228497343523486 0.00279185069812229 0.000768185350827499 0.000612970243719246 0.00102715114471721 0.00252600213789265 0.0067075653700158 0.00469977331813425 0.00518453398253769 0.00441383584402502 0.00358483729651198
0.00235665578966291 0.00217995520177259 0.0041773382197789 0.00506771621003281 0.00179194199341737 0.00241040419768979 0.00428378559226985 0.00389504210506857 0.00906640671892092 0.0230739820748568 0.0032269092858769 0.00454989059362561 0.00400777104077861 0.0277742698788643 0.0127990430686623 0.00799069870263338 0.00514364027185366 0.00794318099506199 0.00802789153531194 0.00945363286882639 0.0100241670385003 0.0165634330362082 0.0116338527062908 0.0044262888841331 0.0175760732265189 0.0239156976342201 0.0172817292623222 0.0384244155138731 0.0391067855060101 0.00922863180749118 0.00381602772977203 0.00395946759963408 0.00711853047832847 0.00387210996821636 0.0016962018530847 0.00532947125568626 0.000458088756414199 0.00306102530910266 0.0032438841626572 0.00623210137127899 0.00281481803394854 0.00335243316367269 0.00338084530667402 0.0268839713186026 0.0104417007882148 0.00611686855554581
0.0170328579843044 0.00525620309635997 0.00853195546660572 0.00182227560151489 0.00538841372763272 0.0027536338486243 0.00404569707461633 0.00552682281856391 0.00407344825216569 0.0410890638828278 0.017258523683995 0.0179624810814857 0.00299647115753032 0.000783358188346028 0.00401940775627736 0.00618296610191464 0.00646168878301978 0.0565917689353228 0.0228965766727924 0.0145657382439822 0.0180929394438863 0.00556730928365141 0.0156174498682958 0.00778034739196301 0.0199692440219223 0.00713291054125875 0.0171769872307777 0.0384110549464822 0.0338908911682665 0.00424751092214137 0.00901771024800837 0.0285570090636611 0.00537247045431286 0.00134724260733492 0.000561722280440691 0.0180891852942295 0.00418351888656616 0.00748504418879747 0.0367323327809572 0.00526548776542768 0.0049072153866291 0.00121865247492678 0.000406795425806195 0.0021983884711517 0.002832708141068 0.00057602385932114
0.00541261485777795 0.0209097906947136 0.0453016083687544 0.00823065846925601 0.00189648011159989 0.00547329648397863 0.0236831167247146 0.00830516259884462 0.0219478163868189 0.0279919393360615 0.025663673505187 0.016710352152586 0.00462357072392479 0.00560464020818472 0.025257327966392 0.0264958503656089 0.012390576209873 0.00983437895774841 0.0149012634297833 0.010156180895865 0.05019959975034 0.0236318659037352 0.11286768168211 0.0927053280174732 0.0071439235820435 0.0471156048588455 0.0733647346496582 0.0275672314688563 0.0209954329766333 0.00627649938687682 0.00851735738106072 0.00828229999169707 0.00664765890687704 0.00517142212484032 0.00721505787223578 0.00239967090892605 0.00281236044829711 0.00277880055364221 0.00408024452626705 0.00455601408611983 0.00194881701027043 0.00357788994442672 0.00461401417851448 0.00517165802884847 0.00921070305630565 0.00206562501844019
0.0190614726161584 0.0273998817428946 0.0263388801366091 0.0267223776318133 0.021204845327884 0.00841020937077701 0.0234228443354368 0.0186337505001575 0.00834026536904275 0.00806048274971545 0.0112245513126254 0.00279250363819301 0.00640799037937541 0.00650383600150235 0.00132520373445004 0.00520957335829735 0.00314194763777778 0.00443572653457522 0.0257514191791415 0.0663713075220585 0.0772058486938477 0.025402400828898 0.0440389044582844 0.0483376823365688 0.0635265700519085 0.0197261720430106 0.12355035841465 0.033912998251617 0.0908178023993969 0.00723390167113394 0.00597827490419149 0.00775276347994804 0.00255909416591749 0.00779252732172608 0.0285934370011091 0.00247845448320732 0.00428375654155388 0.00817755055613816 0.00727634786162525 0.00913523838389665 0.00514712246367708 0.00787256450857967 0.00937815397046506 0.024013676866889 0.00478022887837142 0.00562577445525676
0.0383117634803057 0.0613350510597229 0.0463959038257599 0.0369400767609477 0.00569962968293112 0.00198645748896524 0.0110610701143742 0.00904853576794267 0.0026008065440692 0.004521865316201 0.00409245470073074 0.0287551628425717 0.00338351819082163 0.0322648385539651 0.00757494540885091 0.00159986909129657 0.0090542686637491 0.00301597287179902 0.0090946692507714 0.052372532337904 0.018500011973083 0.135884898900986 0.0482602551579475 0.0485549457371235 0.047454584017396 0.0438937226310372 0.040151134505868 0.0377390438690782 0.0355011703446507 0.0375243069604039 0.00305080693797208 0.0367710240185261 0.0190794134512544 0.0431976554915309 0.0323192778974771 0.00185718740685843 0.00988721996545792 0.00205817787791602 0.00303770847967826 0.00208727066637948 0.00991829913109541 0.035901739820838 0.0111395326210186 0.00518784335581586 0.000936946714500664 0.00254448425257579
0.0681655928492546 0.0836027943063527 0.0452300760895014 0.0227793573401868 0.00794786179903895 0.00848967581987381 0.0067960973829031 0.0433990012854338 0.0111628519371152 0.0265613441355526 0.00798003235831857 0.00951714338734746 0.0239655436947942 0.0442703746259212 0.0317845257930458 0.00867594121955335 0.00684505531098694 0.00394336252938956 0.0329378787428141 0.0190392733551562 0.00357140419073403 0.0332836711779237 0.134911176562309 0.135270255804062 0.131880930066109 0.0458800077438355 0.0443183306604624 0.0393749922513962 0.035583127476275 0.0327108252793551 0.0733320314437151 0.0049178183922777 0.00347932120203041 0.000866707495879382 0.00170378062175587 0.00165958730503917 0.0149043939076364 0.00218864703783765 0.00828976612538099 0.00223602097830735 0.0163303422741592 0.000702415480918717 0.000552458006131928 0.00596085852012038 0.000677216298936401 0.00201723182150317
0.281200575828552 0.110258408635855 0.0970033571124077 0.0866446442902088 0.0278935258742422 0.0176590349292383 0.0224379824474454 0.0143188128247857 0.00738712293095887 0.00695973439142108 0.0491280093789101 0.0104013916570693 0.00477971452055499 0.00764918369241059 0.00563806905411184 0.00129511253908277 0.00793506745249033 0.0299634801223874 0.00617275334661826 0.00531117042992264 0.00210357418400235 0.00882611689157784 0.0084097751416266 0.00113286189734936 0.0330347009003162 0.0416597506962717 0.189075285196304 0.0425634266808629 0.0385790666565299 0.034972707554698 0.0297961739823222 0.0181293073110282 0.00999735633376986 0.00311219468712807 0.00713244844228029 0.00239818010013551 0.0138989813160151 0.0175300590693951 0.00191097327042371 0.00240186520386487 0.0322865630500019 0.00166698821703903 0.00730444099754095 0.000386841616273159 0.000485616881633177 0.0055839448235929
0.142777398228645 0.132167692482471 0.132209029793739 0.274635663628578 0.233937448263168 0.0839657552540302 0.120353862270713 0.0929391987621784 0.0360833171755075 0.0499492853879929 0.00859743151813746 0.0109156497288495 0.00341462508076802 0.0120375718921423 0.00581803631503135 0.00384386977530085 0.0030736698245164 0.00651667264755815 0.00202566714724526 0.000434025934373494 0.000929947989061475 0.000931713415775448 0.00217823948478326 0.00154955558828078 0.00123353567905724 0.00356861751060933 0.0168349623680115 0.125130316615105 0.0380709080025554 0.0348131747916341 0.0306803485378623 0.0266802944242954 0.0192097701597959 0.00176154878770882 0.0120135715231299 0.00539258345961571 0.00202631645370275 0.011860220041126 0.00139347557269502 0.00126520236954093 0.00364618399180472 0.0124063591472805 0.00506122077349573 0.00037609233695548 0.0048239516094327 0.022006712667644
0.128920577466488 0.125147698819637 0.122099083662033 0.113393723964691 0.10439467728138 0.0984079994261265 0.0912044554948807 0.0799450784921646 0.126391792297363 0.0314072009496158 0.0649409638717771 0.0913857147097588 0.0125691479537636 0.0114008124452084 0.0248486939817667 0.0113448730669916 0.00666169221512973 0.00099516587506514 0.00107828375184909 0.00782944597303867 0.0071653800085187 0.00411926701199263 0.00730589106678963 0.0142682428937405 0.00205733845359646 0.00186335818143561 0.00326910254079849 0.00847427409607917 0.0235024759545922 0.0300677272491157 0.0537101399153471 0.0155346914660186 0.00485952778253704 0.00329289624933153 0.0006628890754655 0.000380913124536164 0.000413966151973 0.000456703521194868 0.00154399584280327 0.00260634240694344 0.000482125602138694 0.00139672605437227 0.00042913165234495 0.000786997913382947 0.000572628786903806 0.00739628556184471
0.117790658771992 0.115794226527214 0.11380096077919 0.108593475818634 0.0999249026179314 0.092480294406414 0.0875504285097122 0.0831386461853981 0.074607989192009 0.156619465351105 0.0730828687548637 0.0485421769320965 0.0154943818692118 0.0582248335704207 0.00335970545420423 0.000354640650039073 0.00258515052264556 0.00230208917055279 0.00275792557513341 0.017562598362565 0.0158350502606481 0.00101304416311905 0.00122958014253527 0.00399080328643322 0.00092634801985696 0.00378756183199584 0.00548108778893948 0.019730419870341 0.0245872851810418 0.0538502152077854 0.0294853702187538 0.00124562880955637 0.00201465350110084 0.0191827880218625 0.0181279272772372 0.00163014813151676 0.000967767392285168 0.00877806437201798 0.00942427555564791 0.000462716224137694 0.00182464863173664 0.00116112686519045 0.00147816129028797 0.000546187174040824 0.00560153750702739 0.00176452158276603
0.110262636840343 0.10954252332449 0.110941523313522 0.107518969476223 0.101765038818121 0.0935572490096092 0.0837882459163666 0.0803542412817478 0.0716271623969078 0.0618942748755217 0.141480261087418 0.0332584638148546 0.00259283683844842 0.0066122202668339 0.00439817584119737 0.00370275847380981 0.00311781665077433 0.00106689645908773 0.00182608762988821 0.000580386858200654 0.000763932964764535 0.000714377165422775 0.000651072707842104 0.000320868851849809 0.00103016152861528 0.00132690977188759 0.00192069786135107 0.0010316506610252 0.000991088070441037 0.0136664661578834 0.00241669687675312 0.00118193335365504 0.00098965962533839 0.000941931293345988 0.000508966215420514 0.00179553314228542 0.0017501916794572 0.00104827610775828 0.00826264573261142 0.000824173947330564 0.000313303085567895 0.00206886657979339 0.000749063608236611 0.000328147719847038 0.000364982485189103 0.000647388206562027
0.0980237707495689 0.0999650463461876 0.100368745625019 0.0968490235507488 0.0921274125576019 0.0892791911959648 0.0837133534252644 0.0761221311986446 0.070447551459074 0.0422611083835363 0.165297266840935 0.0140338233529249 0.0106656858173665 0.0121942647732794 0.00252175170462579 0.00509938644245267 0.00224636311177164 0.00102958365459926 0.00125711032887921 0.00100976006360725 0.00133736197603866 0.000313623470719904 0.00240169598255306 0.00090750070521608 0.00198853191686794 0.00226937553961761 0.00229022690327838 0.00107904637116008 0.00266862863209099 0.00338351023383439 0.0076860748231411 0.00171529083745554 0.00381051898002625 0.00166382117313333 0.00241061937995255 0.000308585468155798 0.000318848257302307 0.000693282813881524 0.00163784178439528 0.00131522689480335 0.00113939049188048 0.0010231550084427 0.00121618611738086 0.00033267252438236 0.000820973789086565 0.000402258225949481
