Maxent_result_files_1/Bombus_cullumanus_2.asc
NCOLS 594 
NROWS 330 
XLLCORNER -15 
YLLCORNER 23 
CELLSIZE 0.166666666666667 
NODATA_value -9999 
[rows 147 to 167 of 330, columns 188 to 234 of 594]
0.073213330283761 0.0366742422804236 0.0552388866432011 0.132696425914764 0.129675011336803 0.102078098058701 0.0843050487339497 0.139517945051193 0.184039452672005 0.0620087346062064 0.135239920020103 0.138799435645342 0.107516345055774 0.131440196931362 0.164497634768486 0.259839119017124 0.260614874958992 0.145006857812405 0.0983737707138062 0.140959943830967 0.105537785589695 0.167088142037392 0.101885239034891 0.181419359147549 0.194278095662594 0.0455760385841131 0.0550363902002573 0.0879446312785149 0.124320930987597 0.149499648809433 0.137092320621014 0.153296922147274 0.177861924469471 0.21041274368763 0.125686180591583 0.177837193012238 0.348408064246178 0.237845252454281 0.228754808008671 0.18155855089426 0.227885866165161 0.152510550618172 0.189140643179417 0.196170669794083 0.213520482182503 0.188931223750114 0.336802542209625
0.0824431844055653 0.122614742070436 0.00592476834183913 0.101399633288383 0.117503830045462 0.101594252884388 0.108365117758512 0.102552039921284 0.311949980258942 0.0940791629254818 0.126554128155112 0.0951061800122261 0.140123073756695 0.298585456609726 0.13583477884531 0.126882782578468 0.129733642935753 0.136268952488899 0.165774012356997 0.110184773057699 0.0328117293538526 0.170856963098049 0.143970516324043 0.134246927499771 0.148011282086372 0.220877949893475 0.128171782195568 0.15677452981472 0.0577950190287083 0.16244894862175 0.171613197028637 0.163055403530598 0.144678749144077 0.177017419040203 0.250182782113552 0.150450359284878 0.285524651408195 0.129304160177708 0.168441620469093 0.109665483236313 0.109920070320368 0.186523845791817 0.0834485083818436 0.0963437601923943 0.163560916483402 0.145504741370678 0.161350277066231
0.0557107463479042 0.127269337326288 0.03830136621973 0.061310584936291 0.127281107753515 0.114189187437296 0.186235955357552 0.138352429121733 0.113191622495651 0.059452454448649 0.0251211631185413 0.0211988110889251 0.152879805117846 0.0771610281607209 0.139341633021832 0.136316457390785 0.150152696669102 0.119592592120171 0.214714702963829 0.156628680229187 0.156740271300077 0.139511230587959 0.134561797976494 0.148734968900681 0.182326678931713 0.254820960760117 0.258275753259659 0.164591553807259 0.139392475783825 0.161973023414612 0.141726984828711 0.17539042532444 0.119300544261932 0.188831178843975 0.172165721654892 0.215822744369507 0.286990284919739 0.22756209820509 0.170557296276093 0.19444393068552 0.200670390762389 0.181041685119271 0.125234328210354 0.129127099364996 0.121632073074579 0.158786006271839 0.160893554985523
0.111881002783775 0.116432905197144 0.101948516815901 0.113086161762476 0.120787201821804 0.0835059434175491 0.290154844522476 0.281297659873962 0.169934038817883 0.0867082100361586 0.0994833573698997 0.150112237036228 0.0885554833337665 0.0608157462498639 0.0547641687269788 0.0819474065676331 0.250846715271473 0.129693314433098 0.146398510038853 0.178794066607952 0.297161182761192 0.304879361391068 0.160028636455536 0.218505209684372 0.149615752696991 0.240481020510197 0.326852956414223 0.332181262969971 0.159521016478539 0.156950096786022 0.143259271979332 0.129893051832914 0.141711473464966 0.148144096136093 0.176038737595081 0.293537025153637 0.228834170103073 0.177797828614712 0.231833709776402 0.195159204304218 0.128922510147095 0.123605131357908 0.162643015384674 0.133155572414398 0.110921762138605 0.116367426514626 0.0970347106456757
0.0207142675644718 0.0614925289526582 0.100339901447296 0.121479034423828 0.117744608223438 0.119942649453878 0.104485177993774 0.157617807388306 0.0194569553947076 0.0701346591114998 0.23064577691257 0.300661342591047 0.108768477290869 0.267595055699348 0.247028008103371 0.105248294211924 0.148395792394876 0.120140951871872 0.14912751019001 0.105321966856718 0.304329267144203 0.179829740524292 0.157000567018986 0.14820766299963 0.16192401945591 0.147714255750179 0.148074123263359 0.150947278738022 0.152525173127651 0.14214718490839 0.15456208139658 0.115494507551193 0.0977917149662972 0.146996533125639 0.153162726759911 0.255114114284515 0.205302332341671 0.261745490133762 0.174486973881721 0.205001367628574 0.127187536656857 0.284822544455528 0.35998632311821 0.283867919445038 0.0813777036964893 0.0944827854633331 0.123313344269991
0.0771344862878323 0.107597375661135 0.130336837470531 0.0986628271639347 0.107294438034296 0.12682511433959 0.179442845284939 0.153300289064646 0.113717018812895 0.116324520856142 0.129800945520401 0.075773636251688 0.107726477785036 0.19369850307703 0.235623350739479 0.182158993184566 0.115900634527497 0.11536258906126 0.0660555724054575 0.331793007254601 0.576478016376495 0.320116794109344 0.311160323023796 0.216900043189526 0.174465177953243 0.132115633785725 0.122998443245888 0.121676903218031 0.130765513330698 0.135766406357288 0.1369973115623 0.166311100125313 0.150170461833477 0.135884767770767 0.154436074197292 0.161110323667526 0.1323890209198 0.13035895973444 0.130043533444405 0.157273821532726 0.171153657138348 0.166399359703064 0.139012940227985 0.119494830071926 0.0868943855166435 0.0802213475108147 0.103612826019526
0.153404653072357 0.160835824906826 0.0942384663503617 0.322884197879466 0.12273648865521 0.0974312655627727 0.108271049708128 0.0989529609680176 0.19019261598587 0.177983037382364 0.236479945480824 0.47528623342514 0.198497501015663 0.0945015482604504 0.107765615731478 0.123973566293716 0.163046245276928 0.270766118168831 0.141425342857838 0.104057339578867 0.139057719707489 0.102960430830717 0.0673049569129944 0.141925124824047 0.159497781097889 0.13340919315815 0.1218466155231 0.699972796440125 0.356734725832939 0.155965925753117 0.117947295308113 0.147373043000698 0.145936116576195 0.122329458594322 0.147790320217609 0.172226868569851 0.145061890780926 0.13844299018383 0.125138314068317 0.175208334624767 0.105575174838305 0.142006233334541 0.180518424510956 0.30782208442688 0.216964554786682 0.171510809659958 0.140961341559887
0.101964657753706 0.237348082661629 0.119035486876965 0.0879675274714828 0.079728888720274 0.233452066779137 0.0977662593126297 0.175098509341478 0.184706522524357 0.133086344599724 0.118284758925438 0.21552955918014 0.161773356795311 0.11490341797471 0.0926097400486469 0.294449502229691 0.190190783143044 0.166452386975288 0.261315840482712 0.304748845100403 0.292142394185066 0.290366378426552 0.199285200238228 0.197883219271898 0.144412373006344 0.139387674629688 0.141411353647709 0.379461063364579 0.410146035003709 0.352845722436905 0.151070328056812 0.153284427523613 0.174889865517616 0.118906439840794 0.165081463754177 0.303597889840603 0.197507187724113 0.120547518134117 0.20790551751852 0.148058693110943 0.150610820949078 0.167216305434704 0.112005046010017 0.244820037484169 0.204082426428795 0.14699280411005 0.220597931742668
0.119646596163511 0.206243307888508 0.0854024887084961 0.0971952199935913 0.120197997242212 0.119532291591167 0.11782273799181 0.109762559086084 0.199344173073769 0.146156181767583 0.0848852165043354 0.156197179853916 0.145869582891464 0.187308375537395 0.202643348276615 0.217407067120075 0.182048361003399 0.296005138754845 0.151260457932949 0.110496328026056 0.1156260676682 0.29599425047636 0.135973228514194 0.114389304816723 0.146073831617832 0.14249552488327 0.182992108166218 0.219549350440502 0.458716878294945 0.230438587768003 0.12450602799654 0.140817005932331 0.141804620623589 0.120458628982306 0.160319106280804 0.173547238111496 0.139445604383945 0.329069602489471 0.17635882794857 0.117639090120792 0.170154081285 0.160964721441269 0.150393325090408 0.155186104774475 0.445892771333456 0.159819993376732 0.141209818422794
0.122142027318478 0.125419979542494 0.10207913517952 0.146097604930401 0.135235723853111 0.0948908992111683 0.106513629108667 0.124306716024876 0.148978362977505 0.132645101100206 0.155872052907944 0.145733213424683 0.187700982391834 0.108752020448446 0.246559736132622 0.131236657500267 0.122490718960762 0.134921788424253 0.180077084153891 0.107843805104494 0.129724116623402 0.1288832873106 0.205946925282478 0.14277578741312 0.137460626661777 0.12017884105444 0.132708734273911 0.136754974722862 0.10864966288209 0.146662153303623 0.0719176240265369 0.157559229433537 0.121874091774225 0.163683637976646 0.181561471521854 0.16294991672039 0.222853541374207 0.147634634375572 0.154927417635918 0.0639672838151455 0.146973624825478 0.164387589693069 0.167176608741283 0.151210620999336 0.166931696236134 0.040680048824288 0.0985679030418396
0.118249519169331 0.129685118049383 0.102170921117067 0.0970871351659298 0.115603378415108 0.0930194593966007 0.107480239868164 0.120773931592703 0.130800706148148 0.196946005523205 0.245246120169759 0.220233915746212 0.26913428902626 0.195617824792862 0.164957043528557 0.128013384342194 0.109182196110487 0.142740948498249 0.406666455029335 0.210342793655582 0.153102397918701 0.143213182687759 0.10197065398097 0.118893524259329 0.108957571536303 0.207231888175011 0.154097311198711 0.260834643244743 0.128368457406759 0.12794851064682 0.228921817243099 0.13127812743187 0.119025152176619 0.177820487320423 0.159905157983303 0.152462950348854 0.111528040468693 0.145093189179897 0.114108192920685 0.15818245857954 0.149588565528393 0.0769762694835663 0.154749947786331 0.158649452030659 0.103879220038652 0.134627282619476 0.181044782698154
0.128259189426899 0.12170007750392 0.119831129908562 0.0965419284999371 0.144636733829975 0.089020986109972 0.163345886766911 0.123121054470539 0.0671467304928228 0.111252633482218 0.133950337767601 0.13464961796999 0.125241148471832 0.0899351753294468 0.108515987545252 0.115791516005993 0.130324021726847 0.128277690708637 0.143638438731432 0.12666977122426 0.27044962644577 0.140591132640839 0.182887525483966 0.17673391699791 0.159106533229351 0.132254751771688 0.132606525719166 0.134513279795647 0.129294194281101 0.124939484149218 0.08217893242836 0.245629598200321 0.17689224332571 0.143060208112001 0.15170713365078 0.094876966625452 0.153702308237553 0.158330543339252 0.0208682991564274 0.18011808693409 0.139432525634766 0.062360180914402 0.11272054463625 0.166909365355968 0.256044015288353 0.175660879909992 0.141063803434372
0.104622599482536 0.120170226693153 0.114519302546978 0.10528731867671 0.122085235267878 0.0735705494880676 0.122475853562355 0.0882042177021503 0.0753539968281984 0.0927547954022884 0.147359603643417 0.125052069872618 0.12105416059494 0.125057698786259 0.120035251230001 0.159919698536396 0.130602966994047 0.122722053527832 0.145401019230485 0.2269615650177 0.142440517619252 0.168541833013296 0.159554250538349 0.119929891079664 0.140576227009296 0.132746830582619 0.0746535427868366 0.137691840529442 0.256244421098381 0.164844306558371 0.153967376053333 0.139660247415304 0.291565126180649 0.257568530738354 0.15116995871067 0.237948261201382 0.0833485640585423 0.180999404191971 0.150525456666946 0.0782977566123009 0.19145433306694 0.133189120143652 0.116407577693462 0.0987361833453178 0.197255903482437 0.184318034350872 0.135710452497005
0.127467436343431 0.130967085063458 0.126211705803871 0.128187711536884 0.149428411573172 0.118360007554293 0.118169954419136 0.133827328681946 0.133847394585609 0.128481516242027 0.0963153496384621 0.129875101149082 0.109963975101709 0.109656532853842 0.118620005249977 0.128797237575054 0.302345985174179 0.153391735814512 0.0148299290907744 0.120665477216244 0.133433912694454 0.123465514183044 0.134374539554119 0.119557874649763 0.167082734405994 0.0755121603608131 0.100322493165731 0.136942149698734 0.0924155056476593 0.0990199036896229 0.125085606426001 0.13734222650528 0.135867121815681 0.211811080574989 0.106379063427448 0.31877346932888 0.325417783856392 0.29281725184992 0.154051309078932 0.135451255738735 0.128978539258242 0.158822636306286 0.148311929404736 0.140241953730583 0.120049933344126 0.133206570148468 0.166804799437523
0.295437237620354 0.173441872000694 0.232613372802734 0.20996741973795 0.239704256378172 0.130231836438179 0.120887517929077 0.127659755945206 0.127799035608768 0.12226983755827 0.113478219509125 0.11819299608469 0.124802401661873 0.127813190221786 0.120403676480055 0.126160874217749 0.115702556073666 0.128973709046841 0.158543469756842 0.144077277183533 0.120859165489674 0.122459667176008 0.105862204730511 0.113684628158808 0.0949448324739933 0.0908176280558109 0.0902125217020512 0.213400691747665 0.164960923790932 0.0977731548249721 0.132822555303574 0.123873437941074 0.138988626003265 0.152062161266804 0.123637838661671 0.165538810193539 0.309407731890678 0.157714197039604 0.118514179438353 0.270008614659309 0.144521342217922 0.129592810571194 0.152181116491556 0.139929033070803 0.12883632928133 0.117080586403608 0.119077042490244
0.213687431067228 0.418481802940369 0.164064048230648 0.263233298063278 0.28090828359127 0.256888674199581 0.104562353715301 0.10449550524354 0.0990031316876411 0.088388142734766 0.0885329507291317 0.103205130249262 0.106573672220111 0.133840093016624 0.12711172029376 0.138686467707157 0.160268029011786 0.133366078138351 0.143657432496548 0.112417610734701 0.126746936142445 0.12608598023653 0.124327194690704 0.123806633800268 0.142045783996582 0.543827074766159 0.139821796119213 0.127376911044121 0.138048066198826 0.117153864353895 0.229561418294907 0.127364008128643 0.142255561053753 0.146503430604935 0.152656696736813 0.156605909764767 0.315620493888855 0.239554509520531 0.267979276180267 0.339510118961334 0.13578552082181 0.125264722853899 0.186478763818741 0.284091386198997 0.191556872427464 0.122696435451508 0.155256843566895
0.186603304743767 0.18101204559207 0.161001564562321 0.305066135525703 0.125648009777069 0.171300633251667 0.166700223088264 0.116100278496742 0.122007192671299 0.0955061296932399 0.129507743567228 0.0470235204324126 0.0969608783721924 0.0715721443295479 0.130249162763357 0.12724960744381 0.137783261807635 0.0808190933894366 0.126777347922325 0.135197612643242 0.125448839366436 0.11566868275404 0.125032606720924 0.119608856737614 0.127036622166634 0.11497621871531 0.117942999303341 0.09344327673316 0.144369950890541 0.150473411381245 0.328974598646164 0.315943270921707 0.310009473562241 0.133778692036867 0.0633788654580712 0.130432101339102 0.15215023458004 0.181663537025452 0.191351418197155 0.164871868491173 0.161215242743492 0.339949688315392 0.321152880787849 0.316816726326942 0.308038559556007 0.281143948435783 0.300752341747284
0.193671874701977 0.206802923977375 0.318249693512917 0.243138745427132 0.164708715677261 0.12049322873354 0.240328925848007 0.126047793030739 0.0496064186096191 0.0961073222570121 0.10866945758462 0.119963569939137 0.0743421796709299 0.0631331913173199 0.0157429236453027 0.0329851176822558 0.112482222914696 0.116595671698451 0.121165172383189 0.126167260110378 0.126942452788353 0.129173250496387 0.102397886663675 0.17373478114605 0.107893146574497 0.118350398540497 0.100061748921871 0.125825311243534 0.132599361985922 0.146044643223286 0.141039609909058 0.259863716363907 0.146993888914585 0.140147913992405 0.0918889973836485 0.105942703038454 0.0856660161167383 0.0464118724688888 0.0594351915176958 0.114911567792296 0.099181592464447 0.140301418304443 0.184737296402454 0.211188590526581 0.111802729219198 0.303599768877029 0.150999310612679
0.074846326559782 0.166625522822142 0.164075614511967 0.292002499103546 0.252900612354279 0.316092453896999 0.151180389523506 0.276292079687119 0.126296687871218 0.106790793687105 0.0919959135353565 0.121828946471214 0.10560537725687 0.172090333327651 0.173085543140769 0.366092490973915 0.072333373877882 0.19687968789367 0.141269031539559 0.136412056535482 0.107176946848631 0.126808401197195 0.0854952074587345 0.0843136630952358 0.0856043249368668 0.0770508266985416 0.0993866488337517 0.130165948718786 0.0665935538709164 0.120713111013174 0.107150457799435 0.109392811357975 0.222410234808922 0.087269214168191 0.126106505841017 0.127608282864094 0.138630752265453 0.142861972749233 0.160086934268475 0.188437107205391 0.0342239692807198 0.118913374841213 0.171650332212448 0.123984929919243 0.197801139950752 0.196276699006557 0.123962071537971
0.148044450581074 0.137709011137486 0.181486780941486 0.119390937685966 0.156098519265652 0.200864562392235 0.124487351067364 0.156977273523808 0.141400664299726 0.272747275233269 0.199900744855404 0.13136018589139 0.073084807023406 0.220115091651678 0.240377502853517 0.483890522667207 0.601244404911995 0.355414753703735 0.137955170443456 0.101180010661483 0.0955639839172363 0.114871124923229 0.12479046061635 0.199462153017521 0.228591564297676 0.205591168999672 0.141204231977463 0.120166474580765 0.107185783237219 0.0972320817410946 0.146199061721563 0.0826314218342304 0.140947313606739 0.13131992071867 0.123640220612288 0.122356554865837 0.135329777002335 0.136519667506218 0.107865147292614 0.116903647780418 0.141585117578506 0.12329815030098 0.120708861202002 0.161812734603882 0.141733901202679 0.132722526788712 0.126049187779427
0.190585750341415 0.195919042825699 0.201867020130157 0.164126187562943 0.165932632982731 0.0593918327242136 0.150268343091011 0.151179887354374 0.104755901545286 0.285400676727295 0.27466798722744 0.151840132847428 0.20429967911914 0.305563567508943 0.178375316411257 0.484787410497665 0.761725234985352 0.763211989402771 0.385181453824043 0.116635782271624 0.0963079929351807 0.114907653496402 0.16872058848794 0.0905086554586887 0.0945930100977421 0.104716635495424 0.0956306971609592 0.146646541915834 0.11086897701025 0.107726423442364 0.122920820116997 0.12185700237751 0.132296970486641 0.121887685731053 0.160903099924326 0.130694740265608 0.115795189142227 0.128719978779554 0.151415467262268 0.121969412267208 0.120738366991282 0.0910418085753918 0.171719762682915 0.0943713657557964 0.128358645737171 0.117963610589504 0.126227109879255
