Maxent_result_files_1/Bombus_polaris_2.asc
NCOLS 594 
NROWS 330 
XLLCORNER -15 
YLLCORNER 23 
CELLSIZE 0.166666666666667 
NODATA_value -9999 
[rows 120 to 139 of 330, columns 141 to 187 of 594]
-9999 -9999 -9999 -9999 -9999 -9999 -9999 -9999 -9999 -9999 -9999 -9999 -9999 -9999 -9999 -9999 -9999 -9999 -9999 4.06807076913651e-10 6.66133814775094e-17 3.91053855963719e-13 1.32981403666577e-12 1.93917104596153e-12 1.25737975587015e-10 3.87533364742954e-07 1.10650743567753e-08 1.11022302462516e-16 0 0 2.03170813506404e-15 3.79850395582082e-10 7.83516106439564e-09 1.80744308408975e-13 4.16000567327046e-14 2.37476704967321e-14 6.19093354359279e-10 1.14908083048704e-14 2.1094237467878e-16 9.65894031423886e-15 4.41059384570508e-09 8.48488762594801e-06 4.75023075019898e-05 5.50079075511967e-08 6.75930422744386e-12 1.36043631915328e-10 2.77400324932842e-13
-9999 -9999 -9999 -9999 -9999 -9999 -9999 -9999 -9999 -9999 -9999 -9999 -9999 -9999 -9999 -9999 -9999 -9999 -9999 -9999 1.4361845046551e-13 1.53180801376607e-12 1.00000008274037e-12 5.40818401517651e-07 5.5379528992594e-07 2.76216081962488e-07 2.91277544903767e-06 2.22044604925031e-16 8.31300583925554e-12 3.33066907387547e-17 5.53657120150319e-13 0.00271600212579282 0.000668256119309873 3.67627595032616e-11 1.11022302462516e-15 1.12132525487141e-15 1.36668795502892e-08 3.03279767965847e-10 1.82187598340988e-14 4.87598850185122e-13 3.20704017992002e-06 0.0854045729523933 0.110456890170232 1.33426603099451e-12 7.66398056128992e-13 4.68292071786891e-14 3.2707614394667e-12
-9999 -9999 -9999 -9999 -9999 -9999 -9999 -9999 -9999 1.45864591649669e-07 1.07247301028845e-07 7.76983322126057e-10 -9999 -9999 -9999 -9999 -9999 -9999 -9999 -9999 0.00156532235443996 9.88098491916389e-16 2.91382032141518e-05 1.16818438933297e-07 6.59428067706358e-13 7.30088429925502e-06 3.30050484886879e-07 2.33935093518767e-13 4.81978659205851e-09 8.41549052665869e-14 1.00987316915546e-06 3.6128010547487e-05 5.31147354686512e-06 1.4517298474459e-11 1.10018102028597e-06 1.47679398698752e-06 4.52037456422083e-07 3.75357779303087e-09 1.52100554373646e-15 2.22044604925031e-17 4.88323462555229e-08 1.59768543650518e-07 4.0941062593447e-07 2.36105468509606e-11 6.07776051708697e-12 1.16645981692587e-06 1.28851535563523e-07
-9999 -9999 -9999 -9999 -9999 -9999 -9999 -9999 1.13095594809764e-05 1.76974828584697e-05 1.35517150884334e-06 3.56800178833438e-06 -9999 -9999 -9999 -9999 -9999 -9999 -9999 -9999 -9999 1.33675068791916e-09 1.77635683940025e-15 3.92130772297605e-14 1.16673337657858e-13 1.95288230031565e-13 2.00139476980166e-07 4.15561677624687e-08 3.17793046397563e-05 7.18513043618252e-07 1.88435645344098e-06 2.36908899674537e-06 6.45076487502116e-06 5.11739735375993e-07 1.05793878067972e-06 5.13610250196805e-07 2.84083867541085e-13 1.40998324127395e-15 2.77555756156289e-16 1.60062330056832e-10 7.54951656745106e-16 7.03692659698163e-13 3.43355043170845e-06 2.0324325555876e-10 1.5110342976854e-10 7.3330794311155e-06 1.08150231692417e-07
-9999 -9999 -9999 -9999 -9999 -9999 1.272984506695e-09 4.19794286727893e-06 3.17013549096856e-05 1.63693130577069e-06 5.86142406500123e-07 1.26431444276154e-06 -9999 -9999 -9999 -9999 -9999 -9999 -9999 -9999 -9999 -9999 3.58479912421217e-13 8.98170426921752e-15 3.24093715309282e-08 2.06804178257691e-06 1.31586252165583e-06 2.55641474089519e-07 2.97862128462167e-07 8.05471336340346e-07 3.83562070993548e-12 7.1269101731275e-12 2.62603272460638e-12 1.48667977928341e-10 3.27915921261024e-07 2.77850613628061e-08 3.5608442938706e-08 1.01502101756967e-07 4.20566542302936e-07 1.87138649354601e-08 6.16085421745183e-06 9.73325221531596e-09 1.3821366109279e-06 5.4130344651071e-11 1.47393208749236e-12 1.9595391975713e-11 0.0095776952231852
1.70330678450625e-09 4.21170529119053e-08 1.2873411225911e-10 7.19164610085699e-09 1.8828346576294e-07 6.90104659861745e-08 2.75393609028285e-09 1.79116796950041e-09 7.991686826192e-07 6.75442979991558e-08 4.63450937415733e-07 -9999 -9999 -9999 -9999 -9999 -9999 -9999 -9999 -9999 -9999 -9999 -9999 1.20461463559707e-07 4.80726569662693e-15 1.95288230031565e-14 4.47467741748753e-09 2.54466278049037e-09 5.2227952962447e-09 2.4839721081138e-07 1.20081722343457e-13 3.3602010063305e-13 1.11022302462516e-17 5.99520433297585e-16 1.35558231306732e-14 5.24823207459502e-07 6.21724893790088e-16 1.23046017819206e-13 1.35026201331101e-10 1.10622622173651e-13 0.000945477828115437 0.000136342149468882 0.01073022402327 4.15465098546619e-06 0.0304912745445705 9.89541781848402e-14 4.49529302670726e-14
4.1593566579845e-08 5.08490333506195e-08 4.10338429901458e-14 -9999 1.35753536856242e-08 3.46442215799492e-06 1.44670324209173e-07 5.77842569171594e-06 3.540924589851e-06 3.62311656099124e-06 1.38894584722493e-10 -9999 -9999 -9999 -9999 -9999 -9999 -9999 -9999 -9999 -9999 -9999 -9999 5.13491431608504e-07 4.28097570944752e-06 1.88142834645078e-12 8.79296635503124e-15 4.8791814477589e-09 7.35360639381177e-08 9.63237204998357e-08 3.56106903964815e-09 3.13373132998507e-09 1.55431223447522e-16 3.5527136788005e-16 1.53210777398272e-14 3.33910676886262e-13 7.40851824332367e-14 1.57119428578767e-11 2.74225087082414e-14 1.14484145589788e-05 6.19970912898449e-06 3.83044926524079e-06 6.35890806686135e-06 0.0174604630846807 6.68824637330978e-06 1.4306738185077e-05 3.74304243750956e-06
3.30766070089084e-10 3.1070472061856e-08 1.24229931897091e-08 1.48941396993507e-09 4.22618107176476e-10 2.2778852803329e-06 2.51364276775412e-06 2.01045398744437e-06 6.46100577594844e-08 2.075134014623e-08 9.26434086112593e-09 -9999 -9999 -9999 -9999 -9999 -9999 -9999 -9999 -9999 -9999 -9999 -9999 -9999 -9999 2.92891614961377e-08 1.32695854304643e-11 4.10782519111308e-16 2.84055570176633e-09 4.12336081834219e-08 1.68050934279407e-09 6.53932463734463e-13 1.11022302462516e-16 3.33066907387547e-17 6.50853815287178e-12 1.11022302462516e-17 5.67434987885918e-14 2.1094237467878e-16 1.14352971536391e-15 2.47856677126901e-07 9.92185972870097e-07 1.71480572841332e-05 1.84010771918652e-06 5.7731865177324e-09 1.17750511563486e-09 3.33066907387547e-16 9.76840857092043e-09
1.52206425241275e-10 9.15204023677063e-11 2.85211786976713e-07 1.48111925324379e-07 1.07352273737149e-09 1.79740891514957e-07 6.0826695063021e-07 5.52657467497442e-06 3.79651509652135e-07 2.41638656647281e-06 1.38610342270695e-07 -9999 -9999 -9999 -9999 -9999 -9999 -9999 -9999 -9999 -9999 -9999 -9999 -9999 -9999 -9999 -9999 3.64907470906672e-08 0 4.36914171508818e-11 1.30637867190586e-10 4.20048216209778e-09 9.48722622684528e-10 7.62568111989381e-09 1.21014309684142e-15 6.0285110237146e-15 5.70076907517536e-05 1.7629838001687e-07 5.55111512312578e-17 9.99200722162641e-17 3.16696113777937e-11 5.66035995852587e-11 5.63815857335115e-09 2.98788213060064e-08 9.84893005928633e-08 1.88576931847706e-12 -9999
9.9011856429243e-07 7.25216442276633e-07 6.28908943922646e-08 3.39219108838051e-06 1.57944398848642e-06 3.24445586340483e-06 4.17613066894251e-07 1.01192071970679e-06 3.63945772574592e-07 1.58684208603876e-05 6.0238842186644e-07 3.25676728141211e-08 2.73494956937181e-07 1.01250056084856e-06 1.36764344293994e-09 -9999 -9999 -9999 -9999 -9999 -9999 -9999 -9999 -9999 -9999 7.52699666861645e-07 3.95389943008695e-11 1.55994440698137e-09 0 1.67025282493682e-12 1.5865834679385e-08 7.73487558003438e-08 1.04959685387485e-09 2.28866370299841e-11 1.91962043594174e-08 2.38662094476094e-07 9.26911022491872e-08 2.85501927410614e-07 3.7350367343425e-07 6.8592412860724e-10 1.01678721853293e-07 2.10726229799008e-09 2.8723912137707e-12 5.83715065172186e-10 0 5.60149260309117e-11 -9999
8.58825267502361e-07 3.70493557824148e-06 7.97310949585128e-07 2.883167557588e-07 8.84668797107579e-09 1.96469270286048e-07 2.19199707547357e-06 1.45413633385605e-06 3.07755544859401e-07 3.28830348806264e-05 8.4431815227104e-07 2.50302144677583e-08 2.21920826160016e-10 2.35780217572312e-10 -9999 -9999 -9999 -9999 -9999 -9999 -9999 -9999 -9999 -9999 -9999 -9999 3.32220374017478e-06 6.69575506151432e-14 0 8.5043083686287e-15 0 1.22124532708767e-16 4.21884749357559e-16 4.77395900588817e-16 5.6621374255883e-16 3.39139827332247e-13 1.11022302462516e-17 1.4432899320127e-16 5.55111512312578e-17 7.88258347483861e-16 1.33226762955019e-16 2.22044604925031e-17 8.78186412478499e-15 1.24344978758018e-15 0 -9999 -9999
5.05031232194142e-06 1.85143637743135e-06 1.02798358168066e-06 1.13357014924764e-06 8.72217769787298e-08 2.10386152943443e-12 7.02549129982799e-13 1.51267232073593e-10 8.94442110621618e-07 5.97338688885785e-06 0 -9999 -9999 -9999 -9999 -9999 -9999 -9999 -9999 -9999 -9999 -9999 9.10851326696438e-08 1.18705912877104e-09 -9999 5.34814426004226e-06 1.22324832972698e-05 1.784055125853e-11 1.0325074129014e-15 0 0 3.78586051397178e-15 2.81363821130753e-13 9.36577695953567e-08 4.11155241519801e-08 3.53141470510465e-09 9.13891184950444e-11 -9999 -9999 -9999 -9999 -9999 -9999 -9999 -9999 -9999 -9999
2.45884657257278e-06 7.58449060500599e-07 1.27761987378516e-07 1.80036572492437e-06 1.36659502469882e-06 1.2150307485248e-06 1.78881158959809e-06 3.82017926072731e-05 6.40355110811397e-06 3.63121920976539e-08 -9999 -9999 -9999 -9999 -9999 -9999 -9999 -9999 8.0689149029034e-09 -9999 -9999 4.27341369757528e-07 2.71573467272024e-06 7.5276340716357e-12 -9999 -9999 2.13783278191659e-05 1.99956043469562e-06 5.68248768190172e-06 1.34009805474733e-09 1.70463643200947e-13 3.15081294388619e-14 2.76778600039052e-14 2.45792527553412e-08 1.89806358519284e-08 -9999 -9999 -9999 -9999 -9999 -9999 -9999 -9999 -9999 -9999 -9999 -9999
3.99659119239004e-06 7.90595671529282e-07 4.49486417977152e-06 7.9530953193796e-06 2.11832466279205e-06 3.39214395488341e-06 3.27064446459246e-06 1.16073690792362e-06 5.79474893658283e-07 -9999 -9999 -9999 -9999 -9999 -9999 -9999 -9999 3.80978130676279e-07 4.00953801393822e-07 1.97403013867392e-06 2.13539268212326e-07 3.94875822207208e-07 1.21354667445561e-05 2.75912626079844e-13 5.03251860184406e-09 -9999 -9999 4.74105347429976e-06 7.61791168756298e-06 6.17999960061955e-07 1.49097923418662e-07 6.19495547917737e-06 2.82106893401135e-10 4.79906447914402e-11 -9999 -9999 -9999 -9999 -9999 -9999 -9999 -9999 -9999 -9999 -9999 -9999 -9999
2.3026176928731e-06 4.15881517454864e-06 1.04676635570566e-07 7.42961438549017e-07 4.27937564282388e-06 4.49285847803793e-05 1.03804769761018e-06 6.18194170520781e-08 -9999 -9999 6.75837713015603e-08 1.54772861193919e-11 -9999 -9999 -9999 -9999 2.04695059369264e-07 3.33014744968718e-07 8.1798777352704e-07 6.21218946950108e-07 6.42109938808755e-07 7.96478821718516e-06 1.38202678179322e-07 -9999 -9999 -9999 -9999 1.01059321320429e-05 6.88756505506927e-06 2.11541059691456e-07 4.40840263959963e-08 3.78022529501365e-08 3.21346387677224e-06 1.1130831672479e-06 8.52538807438741e-08 -9999 -9999 -9999 -9999 -9999 -9999 -9999 -9999 -9999 -9999 -9999 -9999
-9999 4.20337068640642e-07 1.03358967713518e-06 1.55915095206183e-05 3.68603139406787e-06 4.1950712637373e-05 7.65356773180237e-08 -9999 1.147430887527e-07 9.8358581112068e-07 1.58943378191223e-06 8.08349539094255e-07 4.6246750295964e-08 -9999 -9999 -9999 1.15931262001379e-07 3.5595748711037e-06 1.54314521494392e-08 6.69382622006109e-06 2.84797029659334e-06 4.41881463164595e-07 4.03611144506044e-10 -9999 -9999 -9999 -9999 1.78306274167817e-07 1.11703437172261e-06 3.81706737151433e-07 6.598339430397e-09 -9999 -9999 7.06809018868881e-08 -9999 -9999 -9999 -9999 -9999 -9999 -9999 -9999 -9999 -9999 -9999 -9999 -9999
-9999 3.70695660123488e-07 1.00751560662138e-06 4.29311978393798e-06 3.89439129975244e-06 1.30278447425525e-06 9.00103736767299e-08 -9999 -9999 3.23770169785575e-07 3.06551412621037e-07 2.01689104817326e-07 5.20474550391725e-07 1.13393161443875e-06 -9999 -9999 5.05045486542954e-08 1.23241521099438e-08 5.61160589296339e-07 1.11389176071786e-06 5.74644107564914e-07 2.03881466032119e-07 2.00657522819725e-08 -9999 -9999 -9999 -9999 -9999 -9999 -9999 -9999 -9999 -9999 -9999 -9999 -9999 -9999 -9999 -9999 -9999 -9999 -9999 -9999 -9999 -9999 -9999 -9999
-9999 1.53632352244415e-06 3.0998909053892e-06 1.03685008960852e-06 1.57899569881437e-06 6.81204440189376e-07 -9999 -9999 -9999 -9999 8.35968404500065e-09 3.23575290117617e-08 2.82757127711974e-07 -9999 -9999 -9999 -9999 -9999 -9999 -9999 7.42205544923547e-07 2.76756295880531e-08 -9999 -9999 -9999 -9999 -9999 -9999 -9999 -9999 -9999 -9999 -9999 -9999 -9999 -9999 -9999 6.41803965528709e-10 2.05893062377172e-08 3.65665038026819e-08 -9999 -9999 -9999 -9999 -9999 -9999 -9999
-9999 6.87560172019097e-08 2.08811305473233e-06 4.036730497603e-06 3.45605269325144e-07 9.09013849192952e-08 1.6676716396713e-08 1.45252174943433e-07 1.81084285344468e-09 -9999 -9999 -9999 -9999 3.41741829168463e-08 -9999 -9999 8.72339380508791e-08 -9999 -9999 -9999 7.41674687776417e-08 1.28570437185616e-08 -9999 -9999 -9999 -9999 -9999 -9999 -9999 -9999 -9999 -9999 -9999 -9999 -9999 -9999 -9999 -9999 -9999 -9999 -9999 -9999 -9999 -9999 -9999 -9999 -9999
-9999 1.03019131492132e-07 2.58419413867728e-08 3.65854701511736e-07 7.52681133697752e-07 1.46271138671272e-06 9.81945472022794e-07 1.65305782939829e-07 5.03723917022469e-09 -9999 -9999 -9999 -9999 -9999 -9999 -9999 6.06027810823306e-08 1.48729465632158e-08 5.08011407607256e-08 2.48266731628366e-07 4.5961482558754e-07 -9999 -9999 -9999 -9999 -9999 -9999 -9999 -9999 -9999 -9999 -9999 -9999 -9999 -9999 -9999 -9999 -9999 -9999 -9999 -9999 -9999 -9999 -9999 -9999 -9999 -9999
