Maxent_result_files_1/Bombus_zonatus_2.asc
NCOLS 594 
NROWS 330 
XLLCORNER -15 
YLLCORNER 23 
CELLSIZE 0.166666666666667 
NODATA_value -9999 
[rows 280 to 299 of 330, columns 45 to 89 of 594]
0.00147415067913244 0.00140565073670587 0.00345727804815397 0.00073228433575423 0.000221440175118914 0.000706506610731594 0.000113104642764483 0.000159911921764433 0.000235758916642226 0.00349475706170779 0.00306229986599647 0.000783608802521485 0.00130676892003976 0.000520844597485848 8.83019729371881e-05 0.000407703063683584 0.000252696647294215 0.000288905578781851 0.000234783682026318 0.000317530008032918 0.000218235567626834 0.000215269388900197 0.000270826825726544 0.000344685275194934 0.00127356876910198 0.00118937805818859 0.000215843303158181 0.000641777788405307 0.000560032534122001 0.000496512749668909 0.00049721358154784 0.000451158632495208 0.00015454441690963 0.000150929833034752 0.000171820067771478 0.000138234294536232 0.000184030293530668 0.000195418156909 0.000197270860189747 0.000190989131078823 0.000191930973051058 0.000194337346147222 0.000188432024333451 0.000177169996641169 0.000178897180921922
0.000178087400058757 0.00019302313139633 0.000320944238774246 7.20155926728694e-05 0.000431076686072629 8.67686833771586e-05 5.45194240203273e-05 0.000349126830496971 0.00345845178089803 0.00515044695930555 0.00149565803294536 0.0066457498120144 0.000125518491222465 0.000274850146524841 0.000276683268020861 0.000275493860681308 0.000246780535962898 0.000249970344157191 0.000216234170693497 0.000205168527281785 0.000183155742706731 0.000180557857675012 0.000196638129636995 0.000250410411172197 0.000262527325321571 0.000249276965769241 0.000198456102407363 0.000611667201883392 0.000313925652153557 0.000127181396692322 0.000122646761428769 0.000132779360956192 0.000141634388637613 0.00015827005936444 0.000166778931816225 0.000161961765661545 0.000170273053299752 0.00017620051457925 0.000172569106507581 0.000161983538419008 0.000164447862516681 0.000166104309937509 0.000163586376220337 0.000158024807751644 0.000158289386490651
0.0428463730495423 0.000389197654658346 0.000738878211268457 0.000786097352101933 0.00394253861159086 0.0013698739814572 0.000309842051410669 0.000892745754754287 0.00408970091375522 0.000750237816828303 0.000461035694752354 0.00115964850992896 0.000188535687993863 0.000275530948420055 0.000275836556102149 0.000239518298803887 0.000204675293571199 0.000198673551858519 0.000197695871611359 0.00018848759609682 0.000173928066215012 0.000180028178510838 0.00018922446124634 0.000214366655563936 0.000230242723409901 0.000206558047830185 0.000228316575521603 0.000155890777932655 0.000110011694869172 0.000121678022878768 0.000116442957187246 0.000122435703451629 0.000130786703903141 0.000151632461893314 0.000158249182459258 0.00016085191291495 0.000164171417236503 0.000160990185395349 0.000156207233158057 0.000151574448136671 0.000153109304483223 0.000146835223858943 0.000144751439074753 0.000145658449037001 0.000146227413824818
0.00117309372326417 0.000925380048283842 0.000385743088918389 0.00200951263395837 0.00705751056084409 0.00249755617696792 0.000716275130980648 0.000668997553293593 0.000881393629242666 0.000480335626343731 0.00129820230358746 0.000244890079193283 0.000269953479073592 0.000271101812177221 0.000238257740056724 0.000208263590138813 0.000194681679931819 0.000180658249337284 0.000174310538204736 0.000181771942698106 0.000205843393996474 0.000204565503372578 0.000400070957402932 0.000195768767480331 0.000187654719593411 0.000175845578996814 0.000162980428649462 0.000148329140938586 0.000131943418728042 0.000124050669182907 0.000108576965521934 0.000110235478041432 0.000120682423221297 0.000130008105679735 0.000143174437471316 0.000148460888522095 0.000143681571171328 0.000143265066253662 0.000139934230537619 0.000139239967393223 0.000140937446212774 0.000136450876379968 0.000137541830918053 0.000134232474010787 0.00013470527201207
0.000151813074558049 0.000508515353430994 0.000177378616172064 6.5034918566198e-05 0.000254113184018934 0.00072150613705162 0.00101245192927308 0.000470729719381779 0.000197419817050104 0.00116664940433111 0.000244936102171778 0.000217997352956445 0.000218923397369508 0.000196439837964135 0.000199066297500394 0.000197740438488836 0.00021365697903093 0.000214332140421902 0.000181479900129489 0.000384843214123975 0.000193951784967794 0.000191927986998053 0.000174737232555344 0.000167313987367379 0.000164360254893836 0.00015811841658433 0.000147773591379519 0.000136743518942239 0.000128191085423168 0.00012052883821525 0.000107792002017959 0.000107011288673675 0.000117327652969834 0.000121267615395482 0.000129039168132294 0.000127778521709843 0.000125750060578866 0.000126680772973486 0.000125091180234449 0.000124404774305731 0.000122383233701839 0.000121065913663188 0.000124201099424681 0.000120406636142434 0.000117244634293456
9.87665099728474e-05 0.000184323282155674 6.36185263488187e-05 0.000232025711375172 0.00096888026164379 0.000666376188746653 0.000188319348671939 0.000115114471554989 0.000250177035559318 0.000263677338080015 0.000211673134435841 0.000316263149215956 0.000290178475188441 0.000250434451299952 0.000187883416583645 0.00020718460855278 0.000237872452999 0.000210492692349362 0.000188972953765187 0.000163651351613225 0.000159028410598694 0.000167398549274367 0.000163050778246543 0.000147188769187778 0.000148958985300851 0.000143236118492496 0.000134023413284012 0.00012553849737742 0.000119067962168629 0.000112649955281086 0.000104688835017441 0.000100560887403844 0.000112885078851832 0.000115868417924503 0.00011592139953791 0.000115269535126572 0.000116478828113031 0.000116999961664987 0.000114057977771154 0.000111994110284286 0.000108566134895227 0.000106641324236989 0.000107840883720201 0.000102167111435847 0.000100748613931501
5.5749542286776e-05 0.000773237417888595 2.52815038720655e-05 3.79260105546564e-05 0.000267942502250662 0.000386332465859596 0.000353554582397919 0.000124843910816708 0.000200742434390122 0.000148291673303902 0.000117822043284832 0.000112233743038814 0.000253756773236091 0.000187399720380199 0.000183357133937534 0.000197400456090691 0.000191014594929584 0.000631706073181704 0.000149397571840382 0.000137365041064186 0.000134783811517991 0.000145078490822925 0.000146676873919205 0.000132237969773996 0.000131810651691922 0.000125732901869924 0.000117083050008659 0.000112201923548128 0.000109469163635367 0.000103819445575937 9.87036924016138e-05 9.10605160242994e-05 9.96402709461108e-05 0.000103877945275599 0.000105551618980826 0.000106185460299457 0.000104719366936479 0.00010410612603664 0.000101941650245863 9.94786324554298e-05 9.61105396527273e-05 9.34127942400664e-05 9.19598704058444e-05 8.9402425874141e-05 8.80895644513657e-05
4.1011277448888e-05 7.35536730644526e-05 8.32651796372375e-05 9.41945716476766e-05 0.000122457262477838 0.000199489553051535 0.000176924779952969 0.000200375561689725 0.000189657443843316 0.000141974113466858 0.000109561481440323 0.000103164274787559 0.000113433338992763 0.000142557241269969 0.00015224423714244 0.000145042138137796 0.00044705215623253 0.00012306308171901 0.000117018156106496 0.00011331989962855 0.000113702375256253 0.000117169748136803 0.000111108571400109 9.38433075134526e-05 0.000100214766735007 0.000263099720177706 0.000150497085087409 9.75904928054661e-05 9.56191967816267e-05 9.10027633381105e-05 9.11807158900046e-05 9.68646128967521e-05 8.22347725261352e-05 8.99333256711543e-05 9.22081776025152e-05 9.32050881601754e-05 9.30710556076519e-05 9.18088814160001e-05 8.96881031621888e-05 8.70170470989251e-05 8.53059346354712e-05 8.35863577776763e-05 8.2264287129874e-05 7.89526106927951e-05 7.86820165558311e-05
8.89495203409751e-05 8.54511002216896e-05 6.42073955987144e-05 8.2114902761532e-05 6.01225209265976e-05 8.46547643959639e-05 5.24759664585872e-05 5.89777139339276e-05 8.06711724180786e-05 8.58346275890653e-05 7.79563674313977e-05 8.32304960567853e-05 9.64865099376766e-05 0.000112148558764602 0.000132162689988036 0.000133903638743504 0.000112060453102458 0.000102171200251178 9.8652233282337e-05 8.24468889277341e-05 8.48574098199606e-05 9.34367037189077e-05 8.20767175355286e-05 7.51014831621433e-05 6.84002519847127e-05 7.01881720033271e-05 0.000125364939594874 0.000230923923845694 7.21302326383011e-05 8.12483545814757e-05 8.01130638137693e-05 8.11928303846798e-05 7.60056354465632e-05 7.51207824578159e-05 7.94759100699594e-05 8.29254677682911e-05 8.39430289943266e-05 8.28224238375697e-05 8.05504053005279e-05 7.91270550053014e-05 7.79600158239191e-05 7.61684214012348e-05 7.39057332339144e-05 7.13777531927917e-05 7.02659961007157e-05
8.18152254396409e-05 0.000260374204663094 5.08461369463475e-05 5.65419090435171e-05 5.55986680865317e-05 5.22279065080511e-05 5.04956924487487e-05 5.02725205478782e-05 5.98164036546223e-05 6.72911648052832e-05 5.51212842310633e-05 5.93852411384432e-05 8.47255950247927e-05 0.00010846556551769 0.000112590873231966 0.000100537878279283 0.000103373715410271 9.80853667897463e-05 7.80719960403076e-05 5.38576362941967e-05 0.00014771856367588 4.77801109354914e-05 4.45878107257158e-05 4.23197377585893e-05 4.03786345941626e-05 4.18276752952806e-05 4.86634904063976e-05 6.55006199849595e-05 7.07447110016801e-05 6.9744094980706e-05 6.25877317816048e-05 6.65157596358768e-05 6.49292334856e-05 6.72242164455383e-05 6.97049694736052e-05 7.43172715829132e-05 7.69033882534131e-05 7.69513152135914e-05 7.51574628338858e-05 7.32865401460003e-05 7.14709896328714e-05 6.95770013408037e-05 6.7574091917777e-05 6.55813820230833e-05 6.34365951782456e-05
0.000102518308267463 5.65020135582017e-05 5.74891678752465e-05 4.98538176998409e-05 5.1432520376693e-05 4.28534804541414e-05 4.09731837180516e-05 5.44524092219945e-05 6.23297301899583e-05 7.19006268809608e-05 7.52792647290335e-05 6.80019214541971e-05 7.38739083317341e-05 8.35655344417319e-05 9.58262739914062e-05 0.000105211774189229 9.14478542654251e-05 6.2685037846677e-05 4.26594113150713e-05 4.12198822232312e-05 4.4194830888955e-05 4.47849574811698e-05 4.24411505264288e-05 3.30066665355844e-05 2.52875653586671e-05 2.32787681852642e-05 3.63688772040405e-05 4.86279975120851e-05 5.49411207430239e-05 7.33602393665933e-05 6.2512453951058e-05 5.19035647585042e-05 6.56297827845265e-05 7.12923316768865e-05 6.70235566303745e-05 6.34116343917412e-05 6.61520131416182e-05 6.77043098221475e-05 6.79744945955463e-05 6.7087747675032e-05 6.54842331186956e-05 6.33175245184248e-05 6.13915278108834e-05 5.94950896584123e-05 5.80781314965861e-05
5.61798814487702e-05 5.28727973687637e-05 5.68138366361381e-05 5.41926686310035e-05 5.22852134963614e-05 5.87106982948171e-05 5.90621638821176e-05 8.41537099404377e-05 9.30838070416939e-05 0.000100452828610287 9.24158935958985e-05 8.38348813886114e-05 7.8416527594527e-05 7.91349367318617e-05 7.62370248594379e-05 7.29076836705644e-05 6.84672120769392e-05 5.20591760960087e-05 4.65466741616183e-05 4.96096750339348e-05 5.43092050975247e-05 5.01539451306599e-05 3.63963119525579e-05 2.36932042980698e-05 1.86793473403668e-05 1.71674620219164e-05 1.96865152020109e-05 2.942286371308e-05 3.78638160100309e-05 5.7758660568652e-05 7.41290300993569e-05 6.94584363827744e-05 5.32207406195084e-05 6.74251265991188e-05 6.61397148178366e-05 6.01030071948117e-05 5.51249665022624e-05 5.86872908797886e-05 6.13367348705651e-05 6.12530847774906e-05 5.98187044943188e-05 5.81175758270547e-05 5.64510794902162e-05 5.44183780675667e-05 5.34892606992798e-05
5.85166877499432e-05 6.39539789517585e-05 8.34500679957273e-05 9.88499359664274e-05 8.56718395880307e-05 0.000107085907438886 0.000107850212407357 9.99521417725191e-05 0.00010134054991795 9.03813896911743e-05 8.77228852004919e-05 8.05108571512392e-05 6.61514118291961e-05 6.12289787113696e-05 6.16972426541906e-05 6.15328051026154e-05 5.01430225995136e-05 5.22272700891335e-05 5.09192508616252e-05 5.23870542110672e-05 5.11605403062276e-05 4.40108885413792e-05 2.68011406433288e-05 2.34801218311986e-05 2.04202111376617e-05 1.56669299030909e-05 1.70355306408965e-05 2.20960082742749e-05 3.85606610734612e-05 5.9341531004975e-05 6.8058120450587e-05 6.65736626160651e-05 6.52585355510382e-05 6.47796606699558e-05 6.34950193671102e-05 5.8546924788061e-05 5.17453939664847e-05 0.00015029580645205 5.37128297310119e-05 5.62996150165418e-05 5.60061235546527e-05 5.4677798289049e-05 5.2559562004717e-05 5.14432069621762e-05 5.03153519275656e-05
6.13716554653365e-05 6.60152509226464e-05 6.78706128383055e-05 8.12917498478782e-05 8.36658689877368e-05 0.000112784486191231 9.84437852821429e-05 8.45439657496172e-05 8.28012014608248e-05 8.14743205410195e-05 7.74715811530768e-05 6.95220116995188e-05 6.05753424679278e-05 5.84738974794163e-05 6.15967725480005e-05 5.42849597877648e-05 5.2531824212565e-05 5.30718338723091e-05 5.07298139837076e-05 4.6867023206687e-05 4.20520296074756e-05 3.66336256774957e-05 2.64122964608759e-05 1.66574197919545e-05 2.10927793091287e-05 1.97655583974665e-05 2.54266466299669e-05 2.70707456820674e-05 2.9406962653411e-05 4.23123344035048e-05 6.30334118341125e-05 6.25555845545023e-05 6.15878077041998e-05 6.12657633155322e-05 6.10185767072835e-05 5.97547470306381e-05 5.52778937162657e-05 0.000165480500527337 0.000193986411159131 5.23807172839952e-05 5.37433428689837e-05 5.29228753521238e-05 5.05887283452466e-05 4.89556983438888e-05 3.98759057702591e-05
0.000103791223955341 9.91943673398055e-05 8.65122746290581e-05 7.32601325580617e-05 9.13965615836787e-05 8.92896563527756e-05 7.59102682422963e-05 6.53845626857219e-05 7.56221927076695e-05 7.70907140577037e-05 6.92236435043014e-05 6.04507662956166e-05 5.57911767373298e-05 6.17618482465332e-05 5.39918014965224e-05 4.7156211667243e-05 5.30935643382691e-05 5.31567558482493e-05 5.72291095522814e-05 4.85453412238712e-05 3.75744481743823e-05 3.59922326424567e-05 2.77011600928745e-05 2.74914410965721e-05 2.96483558486216e-05 2.80668132290884e-05 2.66314989971761e-05 2.5615655169986e-05 3.03062975035573e-05 3.62386349706867e-05 6.17972320924309e-05 6.02629017748768e-05 5.96207542912452e-05 5.92030848338254e-05 5.69253283629223e-05 5.64011798132924e-05 5.53364254301414e-05 5.29550817873314e-05 5.15566651756672e-05 4.93672830998548e-05 5.13083550458759e-05 4.81353519944605e-05 4.95177475386299e-05 4.00880502979817e-05 3.47965082823976e-05
0.000120901454920386 0.000118856703829806 0.000119233925124718 0.000116092298685544 0.000104574587567186 7.26173580915201e-05 6.18149087586062e-05 6.3662473576187e-05 6.32809741546225e-05 6.62419003219839e-05 5.48017591881944e-05 5.29457555330737e-05 6.19021473994508e-05 5.59559669454757e-05 4.90909274731166e-05 5.2649591862064e-05 5.99705362219538e-05 6.30928105238127e-05 5.96921942360495e-05 4.40368643012334e-05 3.88157421866708e-05 3.02033178741112e-05 2.58172956591807e-05 2.6190324149411e-05 2.71204823548032e-05 2.94310931394648e-05 2.99551763646377e-05 3.46480185271503e-05 3.48085530276876e-05 2.58797280707768e-05 3.37503385026139e-05 4.57909085753272e-05 5.55443979919801e-05 5.82269690994508e-05 5.59934344209978e-05 5.53870738485784e-05 5.43170277069294e-05 5.32621156708046e-05 5.2480380054476e-05 4.89035600821808e-05 5.11844310040033e-05 4.90461025719924e-05 4.68333289518341e-05 4.05509669462845e-05 4.00918405148332e-05
0.000124783594310429 0.000116589534536615 0.000104195961648657 8.86635343704256e-05 7.51098287764762e-05 6.55878784982633e-05 6.50256323751819e-05 6.31234371212486e-05 5.87577223541302e-05 5.23848064858612e-05 5.63566018172423e-05 6.03092929850391e-05 5.88800742661988e-05 5.78088360271067e-05 5.94280500990863e-05 6.17426770531892e-05 5.94051078905977e-05 5.53972922034518e-05 4.45357092303311e-05 3.90989756169802e-05 3.61195072173359e-05 2.68290753069778e-05 2.63688114955585e-05 3.31431314634756e-05 3.34462289856674e-05 3.33130129774872e-05 3.25868522622841e-05 3.10562632421352e-05 2.81259056805538e-05 2.4154515324426e-05 3.54366123474392e-05 3.9246090841516e-05 4.50838657116037e-05 4.83343736277675e-05 5.56167448621636e-05 5.57452923885648e-05 5.36886889221933e-05 5.2792393398704e-05 5.15959275617206e-05 4.80168681633586e-05 4.89152239424584e-05 4.96273684120752e-05 4.83286750750267e-05 4.54383610758669e-05 4.47857121116613e-05
9.78905371084693e-05 8.80915972629737e-05 8.10462272056611e-05 7.4712650894071e-05 7.17756270660175e-05 6.91904761424666e-05 6.72486861276411e-05 6.39317336663225e-05 5.41870113920595e-05 4.96140079121687e-05 6.21547496848507e-05 6.51351668238931e-05 6.53304587558523e-05 5.83327707772696e-05 5.75552645386779e-05 5.57240163061579e-05 6.08989762440615e-05 5.65656948310789e-05 5.24376709790886e-05 5.00244739896516e-05 4.98738176474944e-05 3.70051878689992e-05 3.61329704901436e-05 3.40525927185809e-05 3.13982573857174e-05 2.88773045099333e-05 2.79285866213286e-05 2.69106249106699e-05 2.40645281223806e-05 3.22383048001029e-05 3.29507637161441e-05 3.35127915150224e-05 3.70205169701876e-05 4.43235087232097e-05 4.53841736089089e-05 5.13971492409837e-05 5.18488588795663e-05 5.35729287548747e-05 5.26313730233596e-05 4.79396198670656e-05 4.81584051385653e-05 5.02956829905088e-05 5.01188932048535e-05 4.62356366824679e-05 4.77685463920352e-05
7.94604968177737e-05 7.66701477004972e-05 7.40619977023016e-05 7.28720030110708e-05 7.33013522221881e-05 7.09366839146242e-05 7.07689364844555e-05 5.15101684413821e-05 5.02544429309637e-05 5.92298890751408e-05 5.42059206509293e-05 6.17960825366026e-05 6.2532927859138e-05 5.92651049601045e-05 6.99221630384272e-05 6.42996347096414e-05 6.03537458118808e-05 5.41588105079427e-05 5.25982433373429e-05 5.00865342019097e-05 4.95960601483603e-05 4.16639618606496e-05 3.30838638888054e-05 3.10868187739288e-05 2.90211354013081e-05 2.9120356259682e-05 3.29606524474002e-05 2.46468541490685e-05 3.23506731774614e-05 3.24647070215178e-05 3.25226123436551e-05 3.28810867245011e-05 3.43992216812694e-05 4.76898895158229e-05 4.82888636497592e-05 4.94563918437052e-05 4.84352956164003e-05 4.97281725074572e-05 5.00947163118326e-05 4.79006748946631e-05 4.84842403920993e-05 5.07425745581713e-05 5.15632521000953e-05 4.72948364858894e-05 4.86678123479578e-05
7.5365995780885e-05 7.43183363283606e-05 7.43968544156814e-05 7.90819819485478e-05 8.23736043912504e-05 7.90416567724606e-05 6.41528496544197e-05 5.52237454030546e-05 5.70224365674221e-05 5.72788806493918e-05 5.10110057803104e-05 6.50502126973151e-05 6.60376036648813e-05 6.87810900672048e-05 6.51327309697081e-05 6.01323865794257e-05 5.52676697679999e-05 5.24727521224122e-05 5.07626935586814e-05 4.81604449305451e-05 4.57523370869239e-05 3.95574867980031e-05 3.09373114305345e-05 3.98133287603741e-05 4.0155821523058e-05 4.35224929105971e-05 3.63982583621691e-05 3.13141486572022e-05 3.101638382077e-05 3.12429154064375e-05 3.05680888232018e-05 3.12701504412871e-05 4.06711516689029e-05 4.76047437814486e-05 4.69549324407126e-05 4.77753675795611e-05 4.80797731597704e-05 4.87970281255912e-05 4.86915832652812e-05 4.91354611085626e-05 4.84998661249847e-05 4.74082521350283e-05 5.05981383639664e-05 4.9771219937611e-05 5.01054664027833e-05
