Maxent_result_files_1/Bombus_sulfureus_3.asc
NCOLS 594 
NROWS 330 
XLLCORNER -15 
YLLCORNER 23 
CELLSIZE 0.166666666666667 
NODATA_value -9999 
[rows 140 to 159 of 330, columns 220 to 263 of 594]
4.14840758633517e-07 2.78051072355456e-07 1.82186581709765e-08 3.60121126696811e-08 1.56669246131891e-08 4.19622223080118e-08 5.23827852094705e-08 4.26313475743179e-08 2.71788249905924e-08 7.30691079420254e-08 3.54173042893535e-07 4.94149822003465e-06 1.4031389127922e-06 0.000310776672267821 2.38102522416739e-05 2.80723818635309e-08 1.70917408972571e-06 9.19982813684328e-05 8.2917829422513e-05 0.000664201522886287 5.09995149513998e-05 0.000310675396758597 4.3836393933816e-05 1.27224499919976e-05 7.51988077354326e-05 6.92144045011389e-07 8.57903201634258e-07 5.26520556377363e-05 6.50225598292309e-05 3.63775844469671e-07 7.78607209213078e-05 2.60616338664477e-05 0.000186072916039848 7.52183359509218e-05 2.0929827803684e-05 2.23015222900358e-05 8.0236629673891e-05 0.00148418752069119 0.00647905741352588 0.00210495298961177 0.00998386670835316 0.00310236273799092 4.76057107334782e-05 1.09709637268196e-06
9.10762732342363e-08 9.99500930909392e-08 1.76948494634566e-08 3.11412659081967e-07 0.000803506904048845 0.00126712277415209 0.00057770639177761 1.2106451503513e-07 5.00702077244064e-08 2.05379049544874e-08 6.56424739187145e-07 1.27260095780457e-05 1.68014037127406e-08 5.7602812153501e-08 8.85849294718355e-06 1.32724386832095e-06 3.68595029613061e-05 0.000126142886256275 0.000414754128723871 0.000495119809784228 0.00171244318189565 0.00063638090796303 1.47660886909762e-05 1.03284008403648e-06 5.1827747427069e-07 1.03106190874058e-07 7.42186122977273e-06 4.24695736001013e-05 3.82098947104836e-07 1.82803447614788e-05 0.000243302997841965 0.00153210513817612 0.00134290817950387 0.000417910398755339 0.000209746512337006 0.000727215480583254 0.000310650259052636 0.00139859684568364 0.00202463275636546 7.15999186468252e-05 8.70142745043267e-05 0.00166791720548645 0.000150249352736864 7.61335736787494e-08
5.92791240308088e-06 7.50691954181093e-06 3.22844686934332e-05 4.16551742832283e-07 2.47885871313969e-06 4.69118710721972e-07 3.00619884852082e-07 7.93685278388523e-07 8.32279686613369e-08 1.53377455058834e-07 1.14235099246685e-07 1.99680592649631e-07 0.000111125198145601 7.26122989362921e-05 0.00029277168068802 5.50126937014284e-05 0.000138829266506946 0.00104312998882961 0.000320268557698 1.22584114965463e-06 1.06899945713224e-06 9.42121060987233e-07 3.75244984063272e-07 0.000150393983676622 9.68200351962878e-05 1.08318461435886e-06 1.78290341175114e-06 1.17641875774233e-07 6.70778621758572e-08 3.15223956492972e-08 1.18398124104857e-06 7.61078085361078e-05 1.71896439951524e-05 0.000406956716324203 0.00035201799182687 0.000672167399898171 1.62616091685663e-06 0.000317905150586739 0.000636784432572313 0.00101144878717605 0.00211622850620188 0.00118868121062405 1.47564651058474e-06 9.92428329482209e-05
0.00707325832918286 1.90011955055525e-05 0.000870481644233223 0.000503736992686754 7.36039953985745e-08 8.56758855150019e-07 1.08338929749596e-07 2.66064920879217e-05 0.00108683586295228 2.39735781406125e-05 7.59773460231372e-05 0.000955485121812671 0.000380648051941534 0.000459001117269509 0.000639782355574425 0.00147452475612226 0.00128351641506015 0.0026307591033401 0.000147893906614627 1.98871056955596e-07 1.24854849015144e-08 1.51417623101224e-05 1.83033544125522e-06 5.59423854706864e-07 6.2200512218169e-06 4.09096038310963e-05 0.000121071103967552 0.000365452655387344 1.82922750354919e-05 5.16998975541583e-07 4.91452081474719e-08 2.14636536521873e-07 4.61456513534131e-07 1.00234616722261e-06 1.30277353527219e-06 2.41060662879988e-06 8.0321209406975e-05 6.59157990523518e-08 5.83021284761287e-07 1.91643603280056e-06 0.000479722012096317 0.000540030565025518 0.000547554450167809 0.000311542349663796
1.23541382890835e-05 2.82940598822279e-05 7.40528239049354e-06 5.09452854885239e-05 8.2481859476502e-05 1.06325367656979e-06 1.35724886551891e-07 0.000114976036638836 0.0107675138802733 0.0030028688343009 0.00344646073353942 0.00269813462728052 0.00168469087511767 0.0055876316386275 0.00411392676469404 0.00135651944729034 0.00126198811340146 0.000178123042860534 3.79148578932842e-07 3.81482958999868e-08 3.72772446555203e-07 9.50073005583363e-06 1.0841528073513e-06 2.74573981950965e-07 1.72657532516496e-05 8.37691079311753e-06 0.000743516255170107 0.000845771514286753 0.00111116438056342 0.000880915712332353 1.66733053902135e-05 1.87751760938326e-07 2.97002952294179e-06 1.27195365735133e-05 0.00129166789411101 0.00629944519605488 0.0106642739847302 0.000260887221520534 0.000209108844137518 1.03346597256859e-05 8.7720672308933e-05 0.0012339737964794 0.000161215937987436 0.00149060891126283
0.0198452427983284 0.00115742364432663 0.00166555444593541 8.3068470635439e-07 0.000432469751831377 5.83513140242076e-06 5.42718345375448e-07 4.68482407285364e-06 0.000199119311218965 8.47657976919436e-05 2.93761703915152e-05 7.27588722604366e-08 1.02184147806383e-05 9.7219360213785e-05 6.31432700174628e-05 0.00107331552135292 0.000865601078839973 5.54563812915632e-07 1.28964136081322e-07 1.63100515777614e-06 2.03506553186905e-07 5.59775761121983e-07 8.12980878777125e-06 0.00223615864524618 5.79962759729824e-05 5.54971731787646e-06 4.97397052896531e-06 0.000119942847413768 0.000665358329570154 0.000169126896071248 1.302577700244e-05 7.6362707517319e-06 1.2326269336338e-07 1.67897055702859e-08 2.58368376804263e-08 5.89581053533905e-08 4.69498218080844e-08 1.96894294091088e-08 2.20012703735506e-06 4.21809217641567e-05 0.000121024737291009 0.000329980992682977 3.65746655916155e-05 5.98446852563939e-05
0.0144512974657118 9.34093034743455e-06 1.01478754203299e-05 2.15739959874561e-07 2.87548862729636e-06 1.49111044493111e-05 0.000242756096849916 7.94819794913693e-07 1.74216041137765e-07 3.09157521971581e-07 1.32901420502041e-07 3.08837135742923e-07 0.000181645734846825 1.3165872403853e-06 3.01771351240987e-08 1.36764004665668e-07 6.27215905296907e-05 9.61312274783133e-08 3.20169668555081e-06 8.06319292667723e-08 3.3854916381415e-06 2.11189961191849e-05 0.000339667965454282 0.000427389216929441 2.63601588557094e-06 8.94393772266078e-08 6.37560644278778e-09 4.40552764491287e-08 7.67648873988946e-05 2.43646224816985e-05 8.38692469073976e-06 0.000634019362041727 1.58369639677858e-06 1.6143521088452e-05 3.86633095388333e-06 1.66321117831103e-05 3.64969990123143e-06 2.62972424647234e-07 1.29713261998177e-07 9.10263141122414e-05 0.000784872300573625 0.000420697685331106 0.000399572618334787 0.000203335328660614
3.61255491014845e-06 2.22077091382999e-07 8.31011941482274e-08 8.76271904703962e-08 3.14822575697704e-07 0.00109291697153822 1.884530152374e-07 4.05372567069406e-08 5.0026565656669e-08 5.25940557736249e-05 2.5392507328803e-06 5.69477467227131e-07 4.7593806373758e-08 8.36973546691766e-08 1.94396282626741e-08 6.29783420746932e-08 1.41433648423117e-05 0.00192548469058238 0.000175269119972654 0.000355416654929286 0.00181668491277378 0.0002194536056777 4.08602743529052e-08 1.0249852277866e-05 1.69644304126582e-07 4.80288127668871e-07 2.68998374020057e-08 7.5113445130448e-09 4.58349459719898e-08 3.84201314762578e-08 6.03183754943615e-07 0.000754430281813256 1.44129118240244e-06 9.90535299294493e-07 0.000467631395440549 0.000199354526557727 3.49891929545265e-05 0.00131905114685651 0.000366078021761496 0.000545176920422819 0.00409193359082565 0.000668132331338711 0.00451550354482606 0.00195567485061474
4.15427306506899e-05 1.49884011975132e-06 1.40393642382719e-06 5.04233745823868e-07 1.61400438325465e-07 8.98280003184482e-05 1.10172269618403e-06 3.82524088138325e-07 0.00157008460373618 0.00263072813395411 0.00374030381208286 0.00115206610353198 2.64991795347669e-05 2.21337295669421e-07 3.71240185392807e-07 9.45435119525939e-08 8.88196934283769e-05 3.06280126971537e-07 1.48450154169311e-08 2.37711299977406e-08 1.59913552337798e-06 0.0002290332231496 1.26740964731198e-05 6.71216033879318e-05 2.90647221667939e-07 1.23355214154408e-08 2.34117707553771e-08 1.06618743944686e-08 1.28037533575487e-08 1.59027898960495e-08 3.43805123925733e-08 1.0368606458977e-07 5.2743091427665e-08 1.33138796742926e-07 6.06012503023834e-07 0.000143976933759404 0.00049309728492517 0.000875610690854955 0.000701271749130683 0.000275968714413466 0.000892508572724182 0.00339919466059655 0.000718780921306461 0.00018126507911802
8.06808990283514e-08 7.79369250691886e-08 9.14236774406163e-05 4.97405399313422e-08 5.54662605800615e-07 1.97356907571944e-07 1.64977958871937e-07 2.23256774023461e-07 0.000128548709972165 3.14280237489584e-05 0.000366960555402329 0.000391553352528717 0.000527427934866864 0.000130374401214794 3.92185419340052e-07 1.3842519730467e-07 0.000409374369701254 5.39506199181972e-07 2.2756160145132e-07 2.17454432309694e-06 1.02957533343329e-07 6.71827430380745e-06 0.000330885181756457 0.00126274651556741 0.00206851499970071 2.34431558510551e-05 1.66973367242917e-05 8.21252530092131e-08 1.07347032485272e-08 1.73822831905923e-08 3.0458927591237e-08 2.30914523391412e-07 1.11667336821775e-08 2.32838152980364e-08 1.35001391288192e-08 8.75813545686555e-08 2.75733998100769e-07 5.35294931069075e-05 0.000215692156052683 0.000509963198419427 2.282300765728e-05 0.000827696477063 0.00053444380464498 2.89484275072027e-05
9.25037917598459e-08 3.45381312349957e-07 1.01957923106966e-05 2.23542231680973e-07 6.24990705300199e-08 3.23724704054396e-07 8.26002130471792e-08 3.97352201702006e-06 2.35090054101494e-07 1.23925067241348e-07 8.22127404731532e-07 8.48399649839848e-05 0.000740640169533435 0.00144635390024632 0.00103176555421669 0.000328454231930664 0.000400090296170674 2.17549870029643e-06 1.17577414826542e-06 9.8134543463857e-06 3.17721033482599e-08 5.43190819826123e-05 0.000248168114194414 0.000190510521497345 0.000678699108539149 7.95858906030844e-06 5.68091783861746e-05 0.000424729048245354 7.73298469539441e-05 6.65248215199199e-06 1.22997583620332e-06 2.179206617825e-06 1.3222060550433e-06 1.62841879758346e-08 2.36251047724956e-08 1.57986521531761e-08 8.61735038548694e-08 2.03450517801684e-05 0.00373493874212727 0.00146157147246413 0.000813797915179748 0.000337809383927379 0.000396534126775805 0.00072414396709064
0.00139097275095992 0.000391931651392952 1.37489405216407e-07 5.91246560377456e-08 7.47018793711973e-08 9.61036281887928e-08 2.48997623124581e-06 5.62280540572502e-08 2.17163519677932e-07 2.09872732059857e-07 1.96640089322742e-08 0.000946356449276209 0.00342731198761612 0.00292610073811375 0.000647021619079169 0.00042775252222782 8.63851847157093e-06 5.82689539442072e-05 0.00200924742384814 0.000597846848540939 5.41764449053517e-06 3.01092275549308e-05 8.57478643467857e-06 0.000891781122481916 0.000786936098302249 0.007687146239914 0.00233610975556076 0.0067972760181874 0.00115486106369644 7.55060365918325e-05 0.00145079945796169 0.000621111195505364 0.000620697894919431 2.54455374282259e-06 4.39993748386769e-06 0.000397962576607824 1.18523096226397e-06 2.05751593396197e-07 3.28032653662547e-07 1.21022545478411e-06 3.98572634367156e-05 0.000101964583427616 0.000353924585942877 0.00350811086827889
1.37877521410701e-05 0.000112305760558229 4.3622420491829e-06 2.33715811344126e-06 2.36605081394003e-07 4.28081893666388e-07 3.38348502471053e-07 4.19485955660548e-06 5.55991510964304e-07 1.89870360003397e-06 0.000473316475836327 0.000279533616048866 0.0018736740516033 0.00275370843010023 0.000739596960193012 2.78805662290438e-06 1.69133078442574e-07 4.45989100206212e-08 7.2409276867802e-06 0.000945593498909147 0.000386668420105707 0.00195139176212251 0.000124566275007965 0.000290953322109999 0.00309035367681645 0.00145205225562677 0.00385090108029544 0.000121530744672782 0.00231177204404958 0.00272959364810958 0.00429995268350467 0.0023521177645307 0.00214410562766716 0.00134373702749144 4.78053925689892e-05 6.29156338618486e-05 3.96805134187161e-05 0.000137219993666804 0.000256689837260637 5.96511741605354e-05 9.59787215890628e-06 0.000165187305537984 0.00232616391731426 0.000267268629613682
3.20471272563516e-07 1.16251769899378e-07 6.32636286912458e-07 5.26809627454661e-07 1.71427439077387e-07 2.80400690833016e-07 1.76159221920713e-07 8.21008150921898e-06 0.00134350218868349 1.29693463236435e-05 4.93223473285731e-08 1.54216694192577e-08 7.79518942617408e-08 4.93890567412336e-06 0.000165106237182044 0.000303722529497463 0.00275086437468417 0.000416532829694916 8.88189922676474e-06 1.01710468625171e-06 4.5487960534274e-06 1.46929781635663e-05 6.1315245102378e-05 3.21599691543994e-08 0.00207060994580388 0.00016114076206577 0.000354276924190344 0.000532976511749439 0.00195431248284876 0.0027257013018243 0.0023020995722618 5.33615456333791e-05 1.76937750651085e-07 6.9806908584269e-06 0.00395503030158579 0.00164598250994459 0.00241411761962809 3.75203765770493e-05 0.00310208057053387 0.00151136346103158 0.00120887447847053 4.40946264461672e-05 0.000702151699806564 3.24152074881567e-05
3.95032978517396e-07 3.51884341664999e-07 1.09359845701373e-07 3.74466539776463e-07 1.01271532870761e-07 3.05376881160058e-07 1.02355850117863e-07 8.99667758691436e-07 1.12115095362242e-05 6.62386015903849e-07 1.13897347020497e-07 2.79993401242074e-08 3.68000581230099e-08 4.28411153752251e-07 2.32701943037039e-07 1.42218602128263e-07 1.41128118551492e-06 3.39834365306047e-06 3.03573157154347e-06 4.80891195975275e-07 3.38686121835963e-05 3.62426368269553e-05 5.81147405682714e-06 6.59190824990219e-05 0.000112087705201702 3.0650098813112e-05 7.45607896419642e-06 6.23050675585546e-05 5.4778478704165e-07 2.10355373901905e-06 0.00124596850946546 2.75818632022862e-07 8.52771389872942e-05 0.000209899126275559 0.00145341761235613 0.00120882137853187 0.00156314423074946 0.000387661727290833 0.000784647691762075 0.00122111868695356 0.000362550382124027 0.000505460501153721 4.51309254458465e-05 0.000153124636563007
9.8870946660945e-07 3.99950197094157e-07 4.9178433951802e-07 5.23167416446313e-06 1.99812170476044e-07 4.4105465824007e-08 1.09782293844507e-07 3.00960465293709e-07 2.29558976286626e-05 2.67129831343027e-05 5.91445860180784e-06 8.75246069309554e-07 0.00243962704553269 1.98504271793354e-05 1.39221049835214e-05 3.58504631918777e-06 7.18100657937093e-08 0.000588618755864445 3.07438953850436e-08 9.18915983731949e-06 3.75876123737129e-07 5.72068078099619e-06 1.21350797172681e-05 7.94023727905824e-06 0.000488777463760925 0.00151776664715726 7.55562622032358e-06 8.92481648251398e-08 3.47562045699412e-08 2.128230233156e-07 3.8240361300268e-05 0.00132000757439528 0.000599069045711076 2.00261621387199e-05 5.91765476585238e-06 2.94322469017061e-05 0.000481173677690094 0.000325929898099275 0.00617377632297575 0.00347443098435178 0.0029005337972194 0.00155333040747792 0.00375863808440045 0.00139012703439221
4.91851991091252e-07 1.6198121353117e-07 3.52913515699882e-07 2.80624234392235e-06 1.35500258942045e-06 1.11265560832408e-05 2.44567655407479e-06 7.10370896740642e-05 2.01512715079843e-05 4.30454658442159e-06 1.27084978149838e-06 3.14889262327256e-06 0.00256196210975759 0.00303790590260178 0.0028019395947922 2.0157137919341e-05 1.64799166597618e-06 1.17476586126486e-05 0.000158964354341151 0.00108002005144954 0.00475080754840747 0.000409799078624928 0.000146109173601872 0.000997425051173195 0.0013419581897324 4.63946975742147e-05 0.000102810195494385 2.42193633930299e-06 0.000337383436271921 2.39223650169151e-05 9.07639606339217e-05 4.12991366616211e-06 0.000962284483830445 0.003171045135241 0.00225984079879709 0.00234264752361923 0.00225195501116104 0.00150729544111528 0.00150600557972211 0.00138615524338093 0.00037493138370337 0.00448595834895968 0.00467712546233088 0.00487432405352592
3.80689997203643e-07 1.18073302712851e-07 5.88670821510817e-07 1.4668529353834e-06 2.15260478175772e-07 1.31499047917316e-06 2.20840647680021e-07 2.00846931530663e-06 1.61399497833337e-07 1.08982215571984e-06 8.44256082643824e-06 9.92349040416229e-06 0.0026910601882264 4.69700778921833e-05 0.000109324438562908 0.00035754877171712 0.000276427229619003 4.90617447212571e-05 7.18154832242135e-06 1.12856380631854e-06 1.19848564157365e-06 2.53644197627523e-06 6.1277463423437e-07 8.04533427981369e-05 0.000382324421661906 0.0012445425556507 0.00152461640536785 5.91569480093312e-05 0.00245235059410334 0.000472062373592053 5.32604731340314e-07 0.00137712371652015 0.00534277588594705 0.0203659757971764 0.00230256647919305 0.00138533937861212 0.00190101428306662 0.00398864463204518 0.00206212029443122 0.000356142309465213 0.000372273146786029 0.000329198891995475 2.8232088175173e-05 0.000352599917823682
8.65769958409146e-06 7.70075110267499e-05 1.98521481724612e-06 7.8458326941977e-07 1.79993006614865e-06 1.72507249480702e-06 1.59032709190488e-07 0.00062655561050633 2.82475415133376e-05 0.000269754327018745 0.0010514811205212 0.000262200789074996 0.0068218641448766 0.00238858119701035 0.00212930850102566 0.000283667379335384 3.35431061330382e-05 3.18199281309717e-05 1.65089566166898e-05 2.2364740334524e-05 0.00073857857787516 0.000441184105875436 0.00104337644879706 0.00309598658350296 0.00170512656331994 0.000100854767515557 0.000834230736654718 0.000928483142342884 0.00196572421118617 3.01641257394181e-07 0.00166810587688815 0.00582666581030935 0.000239846819386003 0.00511335022747517 0.00376603004988283 0.000948075401538517 0.00199156269081868 0.00347757216077298 0.00270159371430054 0.00203865647199564 0.00171892866492271 0.00413113553076982 0.0014936068415409 0.00247326159151271
4.46169144963093e-08 0.000199478290596744 3.22625265241072e-06 3.78869124850745e-08 4.10963288755006e-07 3.72453289855912e-05 1.49446600303804e-06 9.5287905095276e-07 8.74914600075272e-06 8.05240000403273e-06 0.000479443436779548 0.00319228882435709 0.000738617840397637 0.00229245782247745 0.000137402450673108 0.000710396523936652 0.000889372668461874 7.2308872040594e-05 2.48002587999174e-07 0.000305478512018453 0.00511811729520559 0.00218099574558437 0.00166677434754092 0.001675874349894 0.00237041091313586 0.000283989384115557 2.44143316194823e-05 0.000499209984991467 4.39780242800225e-06 3.03235136485114e-06 0.00350448618410155 0.00395431348588318 0.00267432801774703 0.00605358944740146 0.00145943860115949 0.00292727221385576 0.00345919248647988 0.00269483180018142 0.0032418935210444 0.00248884923057631 0.000355632635910297 0.000865243145381101 0.00204876816133037 0.00643958512227982
