Maxent_result_files_1/Bombus_muscorum_2.asc
NCOLS 594 
NROWS 330 
XLLCORNER -15 
YLLCORNER 23 
CELLSIZE 0.166666666666667 
NODATA_value -9999 
[rows 252 to 272 of 330, columns 94 to 140 of 594]
0.00557233202271163 0.0106224932707846 0.0173042496666312 0.0184063688851893 0.0379995739087462 0.0140631295740604 0.0176854631397873 0.0663632851094007 0.0977115973830223 0.0540774140506983 0.0750421922653914 0.106046430766582 0.0356937993317843 0.0172155004926026 0.0208821770735085 0.0590944839641452 0.00688178264535964 0.00386699955561198 0.0140586129855365 0.00543725283350796 0.0082122219260782 0.00749524278799072 0.0132841592188925 0.0164445240516216 0.135375441610813 0.232191915810108 0.433500465750694 0.151950395852327 0.126751660555601 0.0813187131658197 0.150336547940969 0.0443192970007658 0.100412610173225 0.0912914954125881 0.194584448635578 0.0222129993140697 0.216529743373394 0.139419866353273 0.16061808988452 0.187175565958023 0.140408974140882 0.0801295325160027 0.123629875853658 0.0547134719789028 0.047843783441931 0.11647405102849 0.10500876866281
0.00925769251771271 0.0156239369884133 0.00176437695627101 0.00729646899271756 0.0437452640384436 0.0128872795030475 0.0114385937340558 0.0674358921125531 0.0320126389153302 0.00968862939625978 0.00725202283356339 0.00220516144763678 0.00220281305955723 0.0038503585732542 0.00311154603259638 0.00317129166796803 0.00349963442131411 0.00398312730831094 0.00316663323319517 0.00536449149949476 0.000987637827347498 0.00100026142172283 0.00173871740698814 0.00183317416667705 0.00429464618209749 0.028759634681046 0.112468155100942 0.124664478003979 0.186756746470928 0.3250827267766 0.0743262004107237 0.0824904758483171 0.223509147763252 0.160894656181335 0.120417578518391 0.210080246627331 0.129140920192003 0.0428426587954164 0.0315456549171358 0.025655674841255 0.203720289468765 0.166352359205484 0.15136259496212 0.12925872579217 0.0887086857110262 0.0604732928797603 0.100369942188263
0.0113025216851383 0.0300381293520331 0.0193623965140432 0.00413466041209176 0.0134163817856461 0.0170363218989223 0.0962810315191746 0.0248034930787981 0.010581085504964 0.00863921316340566 0.00519799086032435 0.00861158899497241 0.00499079639557749 0.00407586658839136 0.00199197338079102 0.00907338494434953 0.00536787417950109 0.00603451553033665 0.00330436264921445 0.00223356866627 0.000787159235915169 0.000940052659643698 0.00106475097818475 0.00127766580117168 0.000413364732321497 0.000539824895895435 0.00145428395699128 0.00281014948704978 0.0100631366483867 0.0276935117319226 0.244957010447979 0.455412118136883 0.520028495788574 0.262519210577011 0.222119713574648 0.129621287435293 0.096522881090641 0.101262576505542 0.105576906353235 0.0811612468212843 0.084898566827178 0.0854248516261578 0.167796751856804 0.14362724237144 0.184675358980894 0.172150494903326 0.0768546801060438
0.00347184606362134 0.00611476162448525 0.0562160905450583 0.142569283396006 0.082797247171402 0.0423036770895123 0.0894941974431276 0.0736861031502485 0.0293139272369444 0.0196484572254121 0.0103900782531127 0.00842668230179697 0.00966544067487121 0.0215699764434248 0.0159444828517735 0.00648669158108532 0.0288684783503413 0.0149766548536718 0.00207796367467381 0.00161929887544829 0.00173914132610662 0.00124163026703172 0.000598623533733189 0.000313652379372797 0.000306913074109616 0.000171835073069815 0.00122258790033811 0.00172785848626518 0.00464331384864636 0.00645386512042023 0.0460953021422029 0.214173233509064 0.148911146447062 0.630082324147224 0.193821725994349 0.19727275967598 0.204465783014894 0.389952444285154 0.284733611345291 0.172749396413565 0.133949780464172 0.233542022109032 0.235702654719353 0.27546179741621 0.240058945119381 0.222193160653114 0.117631303519011
0.0379093741998076 0.0483336677774787 0.0505349416285753 0.0428001252934337 0.0671785905957222 0.0757350705564022 0.0703732499852776 0.0205016261897981 0.0111472770804539 0.0309296893887222 0.0147941391449422 0.0222892581485212 0.0065235783578828 0.00683242054656148 0.014308773772791 0.0108025827910751 0.00654269807273522 0.00312449476623442 0.00408414998673834 0.0077925085555762 0.0042254238127498 0.00501331951527391 0.00198733225697652 0.000887389842318953 0.000581468465679791 0.000450462117896677 0.000450852331596252 0.000866112065705238 0.00158852936874609 0.00460202592657879 0.012455382279586 0.0372645357623696 0.0404092932119966 0.0944579180330038 0.291970379650593 0.377782243490219 0.0385924419388175 0.0504444567486644 0.0293675802648067 0.215916469693184 0.158054707944393 0.0827844560146332 0.0434712183661759 0.219894874095917 0.0542130375280976 0.159754375368357 0.0681578110903502
0.0307193230837584 0.059097071364522 0.09440613463521 0.0577017478644848 0.0536103319376707 0.156398694217205 0.120269132405519 0.0407846723683178 0.0158505673520267 0.0180544625036418 0.0202335161622614 0.0161436907481402 0.0205220170784742 0.00690889286343008 0.038317809253931 0.00240066627447959 0.00440085529116914 0.0159821476321667 0.0327707809396088 0.016081981966272 0.0106962847290561 0.00638915518647991 0.00721097097266465 0.00132811999646947 0.000891786505781056 0.000874914397718385 0.000440613685714197 0.000513034047253313 0.000389468002322246 0.000276768580442877 0.00106105264858343 0.00718622283893637 0.0115082260512281 0.0114857686450705 0.0884963341057301 0.0160190663300455 0.0216894673649222 0.0107221113168634 0.0276626939885318 0.0311303308233619 0.0854554038494825 0.0189324826002121 0.00517967183841392 0.016400403319858 0.0330685281660408 0.0147938163252547 0.0158227426698431
0.0253568714484572 0.0844689834862948 0.0610148839652538 0.17268148958683 0.0799864197149873 0.0995635084807873 0.0716774061322212 0.0370848664082587 0.0163570214062929 0.0149003288242966 0.0115817765705287 0.00199373979994562 0.00807937404606491 0.00728469903115183 0.0047967259248253 0.00595448084641248 0.173523123562336 0.0232341033406556 0.0259466600604355 0.014430100703612 0.0131302853114903 0.00573701520333998 0.0058037546754349 0.00091386334024719 0.00125682810758008 0.000877010884141782 0.000418893130699871 0.000225716926070163 0.000117229789475459 0.000284226124313136 0.000710470246485784 0.000846936825837474 0.00173397478283732 0.00316888637898956 0.0019757627742365 0.00200457839964656 0.00162279932992533 0.00339846628485248 0.00472193951136433 0.00400301454938017 0.00481570509145968 0.00215775540564209 0.00417554893065244 0.0038549822405912 0.0026268419722328 0.00261016350996215 0.00154334118706174
0.0107114542974159 0.0651956940069795 0.12598592787981 0.0503176897764206 0.0312982866540551 0.0404358258470893 0.0182772647123784 0.0088670062366873 0.0150767468847334 0.00911571073811501 0.00560875101946294 0.00577282826416194 0.00462584747001529 0.0116411285707727 0.0311699638143182 0.20737581551075 0.0718330979347229 0.0467177838087082 0.0134145834716037 0.0133161748875864 0.00775143401988316 0.00238436865911353 0.00252310492069228 0.000889954961530748 0.000532439308881294 0.000210862447602267 0.000111056304149315 0.000281802841891476 0.00078662655869266 0.000210499023887678 0.000402310610479617 0.000405332722766616 0.000109402154248528 0.000123193709168845 0.000143612729152665 0.000109449054252764 0.0001975911775844 0.000211085215232742 0.000182726267121325 0.000384848777321167 0.000326007972944353 0.000632575162308058 0.00125261445791693 0.0019561448978493 0.00518325064331293 0.00101547076483257 0.00197773242834955
0.00600045510800555 0.00292983206454664 0.00347286124597304 0.00543006234802306 0.00542032523080707 0.00401358926901594 0.00881129626650363 0.0131687598768622 0.00912773353047669 0.00757002753671259 0.00423102135537192 0.0201370592229068 0.0777966309338808 0.163956281542778 0.146845274418592 0.0772162305191159 0.0201959942001849 0.0108288601506501 0.0106797645566985 0.00659564479719847 0.00809456901042722 0.00138931596957264 0.000730079363165714 0.000461715286473918 0.000156228671630743 0.000160932096650868 0.000504198413000267 0.000156587563378707 0.000219644466505997 0.000237126351839834 0.000219133041628083 0.00017523323504065 0.000186510056755651 0.000119967554383038 0.000202626157442864 0.000139644657974713 0.000162669817791539 0.000163385268797356 0.000192598432477098 0.00023985918460312 0.000292122075006773 0.000249284990513843 0.000230883031963458 0.000447163544413343 0.00091568093848764 0.00142715502006467 0.000570100040204125
0.00230518139433116 0.00307331412914209 0.0062026493716985 0.00335924142273143 0.00814157852437347 0.00816519814543426 0.0167173182591796 0.0146723746322095 0.00562483299872838 0.0148208871483803 0.0109425068367273 0.0195964828366414 0.0177845193073153 0.0173282102448866 0.00514153055846691 0.00274860241916031 0.00296175959229004 0.00327077918627765 0.00620407054084353 0.00666280265140813 0.00121418140079186 0.000559136385254533 0.000425961292830834 0.000190019497904359 0.000114771224161814 0.000560847120868857 0.000628311888067401 0.000159566539514344 0.000148017005722068 0.000128177841497745 0.000107505917867456 8.76802380162189e-05 8.65604854880075e-05 9.02414894426329e-05 0.000112377424602528 0.000228575403070863 0.000138495811279427 0.000140763298531965 0.000162852757921428 0.000181542066820839 0.000214965389204735 0.00019877474196619 0.000364345203161065 0.000330908525938867 0.000477677618982852 0.000718031347423675 0.000429808061744552
0.00375948723522015 0.00376982814341318 0.00670216921134852 0.00647698837565258 0.0117011954076588 0.00807866260875017 0.018881521653384 0.00565146766602993 0.0249047154560685 0.0666162857785821 0.01833361457102 0.0114263879251666 0.00870689164148644 0.00761432822328061 0.00259377294569276 0.00331733626953792 0.00364583701375523 0.00334375087841181 0.00119131606770679 0.000566140978844487 0.000528535287321574 0.000270489860531598 0.00011190225500286 0.000268181069804996 0.000239246622550127 0.000202940005146957 0.000200898952698481 0.000159088269356289 0.000136066238201238 0.000122136391655658 9.28054835640069e-05 8.78239333133024e-05 7.8361472560573e-05 0.000104502531121398 8.00678908944974e-05 9.02465742683489e-05 0.000107851869165643 0.000112038714064511 0.000127712676885494 0.000149746921715632 0.000157451342874992 0.000161258783828089 0.000141688469511791 0.000140519439446507 0.000126282038218051 0.000167987907843781 0.000154914843187726
0.00179230271896813 0.00428416669019498 0.00427972498291638 0.00433162158878986 0.00492547792382538 0.00616131023271009 0.00923289473867044 0.0209889178164303 0.132711097598076 0.00662336817476898 0.00356216931249946 0.00285054785927059 0.00404734933690634 0.00213272062974283 0.00135381420404883 0.00123057783785043 0.00110542852053186 0.000376225129366503 0.000216393061145936 0.000541770672953135 0.00041147823776555 0.000191723744637784 0.00020293433290135 0.000291187846232788 0.000270883309167402 0.000234008674215147 0.000202669030022662 0.000147503819835038 0.000131173673344165 0.000109228880364753 7.7451549759644e-05 0.000201023557747249 0.000107103168011236 7.39920632213398e-05 8.55798422890075e-05 0.000105164081264775 0.000113442446627232 0.000104567554717505 0.000102886587319517 0.000122075543094979 0.000122578968603193 9.46801278814746e-05 7.27670023479732e-05 6.94784493816769e-05 0.000110915674372336 0.000135946716727631 8.44247335407999e-05
0.00165770254970994 0.00400577920663636 0.00566903850412928 0.00514716507750563 0.00443170586950146 0.00744442314608023 0.0134827905450948 0.0126432971679606 0.00817497065872885 0.00550331788836047 0.00147008865678799 0.00107845630409429 0.000720585664748796 0.000776266564935213 0.000812546032102546 0.000274596756207757 0.000293937592505245 0.00026617313742463 0.000170907396568509 0.000231118083502224 0.000260800766227476 0.000491479320771759 0.000135663862192814 0.000258175984254194 0.00023279973784156 0.000205905992152111 0.0001722709293972 0.00014391074055311 0.000124025154218543 0.000100101341104164 0.000111606902373751 0.000238032285460577 0.000181457957614839 5.63040485189958e-05 6.39111146256255e-05 7.55946314257017e-05 8.87785821305442e-05 8.86671666876282e-05 8.58337058161851e-05 9.91674093711481e-05 8.9709111330194e-05 7.70399999055371e-05 6.92845406547349e-05 0.000190931321594689 0.000250915696597076 7.96604818788182e-05 4.32482061910378e-05
0.00177352967439219 0.00363090914906934 0.0232040041126311 0.00937181134941056 0.00471574818948284 0.00580104745458812 0.00224617974454304 0.00302710095857037 0.00165155693975976 0.00118609540731995 0.000340254625734815 0.000722039399988716 0.000720177431503544 0.00264363872556714 0.0012646926130401 0.000716629979433492 0.00039958269935596 0.000382252521376358 0.000432917955367884 0.000428280941014236 0.000382368677674094 0.000329601856719819 0.00025170219823849 0.000245896016167535 0.000203307481206139 0.000183248869734598 0.000160312676416652 0.000143021391704679 0.000120988636081165 8.99228309208411e-05 7.17137393394296e-05 6.39895304175297e-05 9.4739566361568e-05 5.64159611485593e-05 6.12049530900549e-05 6.49316396902577e-05 7.39834994192279e-05 7.76023068510767e-05 7.57898060555817e-05 6.67282432914362e-05 8.38913787902129e-05 8.8058697406268e-05 4.95413088287933e-05 4.11582243941666e-05 3.76955348315278e-05 3.36493242457436e-05 3.04029218000323e-05
0.00281975300749764 0.0024034278729232 0.00311871441081166 0.00143402582471026 0.0046424222382484 0.00412583685247228 0.00233327554451535 0.00116481747863872 0.000615035530063324 0.000922053398244316 0.000702349083439913 0.000590461093088379 0.000540800426097121 0.000515816384358914 0.000516452848023619 0.000481436845075223 0.000432375899072213 0.000437870688438124 0.000411231844191207 0.000366931760254374 0.000329184739712218 0.000284468630525225 0.000254588826828694 0.000223189526241185 0.000193915420368285 0.0001651316461448 0.000150059589623197 0.000131578229456863 9.99682101792132e-05 7.35039710889396e-05 6.83508666497801e-05 0.000160294615943712 0.000139016938192071 5.76834646153657e-05 6.0148629484047e-05 6.29707129633061e-05 9.76526111116982e-05 9.24755503547203e-05 5.49440995655459e-05 5.47480421118962e-05 5.45791604281476e-05 4.49021335498401e-05 4.11729203165123e-05 3.36681099668112e-05 2.76104285148904e-05 2.63090648502384e-05 2.3107434310532e-05
0.000987434025591938 0.00147136114101158 0.000808178388979286 0.000635825906283571 0.0018158533366659 0.000813375436337083 0.000394690741995873 0.00116312657701201 0.000696052518469514 0.000673336962063331 0.000587530069606146 0.000569116686529014 0.000508452772919554 0.000462133280052512 0.000437999264249811 0.000414847441243182 0.000381852074315248 0.000542312300422054 0.000340660015535832 0.000296211114437028 0.000276724544619356 0.000247104663958453 0.000222641887648933 0.00019614516436377 0.00017027778967531 0.000149609399431938 0.000118467661332033 8.05128318006609e-05 7.27184566130745e-05 6.60974721995444e-05 8.75408904221331e-05 7.91878445625116e-05 7.57921572812847e-05 4.82559429656249e-05 5.31610318148523e-05 5.38989779329313e-05 0.000107941872670381 0.000174590765072935 4.83650709270478e-05 4.30713554010254e-05 3.87804260640223e-05 3.80737134491937e-05 3.19515079581834e-05 2.64946516665532e-05 2.50929812864342e-05 2.16210548387608e-05 1.83459924528506e-05
0.00115534816068248 0.00115015468254569 0.000442509173080907 0.000369024587416789 0.000301033953110164 0.000803048799571115 0.000704865219813655 0.000586360757733928 0.00051117786897521 0.000512338201224338 0.000483908736350713 0.000410213303803175 0.000368640776468965 0.000344744956601062 0.000326789185055532 0.000316906613807078 0.000314376306778286 0.000306029524017504 0.000272384539312043 0.000259761614233867 0.00022053486063669 0.000201368159650883 0.000183562327947584 0.000165967450038806 0.000149026083181525 0.000133708332032256 8.98699039225903e-05 5.93819145024099e-05 5.52507971519844e-05 5.42838877777285e-05 4.10048894877946e-05 3.49630842833903e-05 5.58820099627155e-05 3.64319265827362e-05 4.43720623934496e-05 4.73813629810138e-05 4.86132203150191e-05 6.88620538653595e-05 3.64402451737078e-05 3.18991399865354e-05 3.25507023887894e-05 2.76702608914547e-05 2.59299467472829e-05 2.35682660331804e-05 2.25405918513388e-05 2.0319865188867e-05 1.80284750229021e-05
0.000311036853418045 0.00100898010496167 0.000389098718551395 0.00122930708457716 0.000527982490166323 0.000539782889973139 0.000501361126225675 0.000405047005369852 0.000350074843481707 0.000382911110500572 0.000329041768600291 0.000303181464551017 0.000277984206422843 0.000262553576976643 0.000257539897484094 0.000266026553163101 0.000291985082276369 0.000267373343285726 0.000216347060631961 0.00019994873377982 0.000182123062904793 0.000165025974320088 0.000158054883786463 0.000143680062410567 0.000126711939537927 9.70267015873105e-05 7.01443545722213e-05 5.9813504617523e-05 4.96383874065032e-05 4.32267581231827e-05 3.18588448919854e-05 2.47007798805043e-05 0.000256049815948245 2.98012417658811e-05 4.02282702793855e-05 3.9391375185005e-05 3.50744142792792e-05 2.81140577385486e-05 2.95600446520439e-05 2.80147603291425e-05 2.11794639994878e-05 2.18893742953696e-05 2.0537895227335e-05 1.86754755645779e-05 1.7827690987815e-05 1.74274799405794e-05 1.60988150071262e-05
0.000370911242498551 0.000400337757855596 0.000375535490638868 0.000315700892497262 0.000284856561938796 0.00032654653841746 0.000334746440785239 0.000338817661395296 0.000301681003838894 0.00027229653132963 0.000279518657225708 0.000254297964329453 0.000229932804631972 0.000220212649674068 0.000226895418290951 0.000684420620746096 0.000262199406188301 0.000215394708629901 0.000260871665523155 0.000167960121552824 0.000159437304455423 0.000136607505464781 0.00012531252343706 0.000113072606313835 8.5771623889741e-05 6.39159040701998e-05 5.85745569310347e-05 5.23069256473718e-05 4.29982280024888e-05 3.14075630797106e-05 2.3959374613014e-05 5.14324912160191e-05 2.35765040883962e-05 2.36380623107379e-05 3.32502753167319e-05 3.09460896289693e-05 2.69393688483888e-05 2.04486777761304e-05 1.83404605536452e-05 2.13346835892025e-05 2.03844316615687e-05 2.02053650014022e-05 1.82686123594067e-05 1.68227999893134e-05 1.45391131212591e-05 1.41698701497717e-05 1.26017788062427e-05
0.00028287797140365 0.000290198304719524 0.000297793314348382 0.000308981553826015 0.000261894082541403 0.000275545760905516 0.00026768924717544 0.000265059561661474 0.000240794311048376 0.000215687202762638 0.000213516279018222 0.000201020752729164 0.000191138901709564 0.000193632108766906 0.000204810304785497 0.000207805414765971 0.000203523365053115 0.000182197660387828 0.000234000956970704 0.000129706286497822 0.000115777833207176 8.58697941339415e-05 0.000122969668382211 0.000121506251502979 7.26889071302139e-05 6.81165358400904e-05 5.04085219176886e-05 4.15782490108541e-05 2.89850908302469e-05 2.50836096086005e-05 2.31551611477698e-05 2.8525656068723e-05 2.61867701055962e-05 2.16874264367561e-05 2.37180356464251e-05 2.25955608527784e-05 2.42346933646331e-05 1.92503830646729e-05 1.70676808465942e-05 1.72290043991552e-05 1.69117936053453e-05 1.83894427209452e-05 1.85927315726531e-05 1.67366212025399e-05 1.44758694005986e-05 1.20598270854089e-05 1.14744097004404e-05
0.000185667070491036 0.000190743308121455 0.000222435984960612 0.000229718930768286 0.000210822275676037 0.00019334494800205 0.00018267854388796 0.00017167390810755 0.000152316436788169 0.000131675145212284 0.000136969579261859 0.000136337192407154 0.000140509830725932 0.000141948349300947 0.00017094289837587 0.000135256108296744 0.000136803224177129 0.000190603215742158 0.000138938001509814 8.83899959717382e-05 7.2235467473547e-05 7.04598424363212e-05 6.50403330041627e-05 6.88806203015702e-05 6.14753976947213e-05 4.47902200335193e-05 3.6871725507126e-05 3.37950367509166e-05 2.67400519135208e-05 3.66408201045942e-05 2.2383604090237e-05 2.28928962485497e-05 2.19861891878281e-05 2.07627760403284e-05 1.86661383196451e-05 2.01496501915699e-05 2.3893863072999e-05 2.22704559973863e-05 1.58134504772534e-05 1.54978779477233e-05 1.5009025887025e-05 1.36853455728669e-05 1.38968040118925e-05 1.27402730299764e-05 1.2336994029738e-05 1.15373206028835e-05 1.05122108379874e-05
