Maxent_result_files_1/Bombus_deuteronymus_2.asc
NCOLS 594 
NROWS 330 
XLLCORNER -15 
YLLCORNER 23 
CELLSIZE 0.166666666666667 
NODATA_value -9999 
[rows 220 to 239 of 330, columns 405 to 449 of 594]
-9999 -9999 -9999 -9999 -9999 -9999 -9999 -9999 -9999 -9999 -9999 -9999 3.60272520538274e-05 0.00012471232007556 0.000132335971920838 2.90174374583785e-05 9.35612504690653e-05 0.000145076093440366 3.00502114328083e-05 2.59193487295306e-05 3.61273510861793e-05 0.000107810071176573 5.3492836946134e-05 3.16563054070684e-05 3.34783081484602e-05 3.1639403130157e-05 2.7921374419293e-05 2.50524939929164e-05 2.39953090499512e-05 8.1569815210969e-05 2.16514945122981e-05 2.84940977053338e-05 2.36336963666872e-05 6.54994209071447e-05 0.000102228660489345 2.55110344483001e-05 3.54310878378783e-05 3.04387429423514e-05 3.32504548737234e-05 3.32238640680771e-05 3.31488212509612e-05 7.8755537856523e-05 3.2072399790195e-05 8.54171579931062e-05 3.22374331290121e-05
-9999 -9999 -9999 -9999 -9999 -9999 -9999 -9999 -9999 -9999 -9999 -9999 -9999 4.46908009394065e-05 0.000134989697380661 0.000120840678300738 0.000134044387687027 0.000158539495078003 8.00365613258691e-05 4.09492539688472e-05 1.16014953903232e-05 4.71394219857757e-05 2.42961511844442e-05 2.32061540941686e-05 2.02132275092026e-05 2.65547909521047e-05 2.62316801581619e-05 2.32783827868843e-05 2.1417724190087e-05 0.000100099826659061 2.42918565731998e-05 2.0130171742494e-05 1.88205334723079e-05 7.66406982620538e-05 7.22684858374123e-05 2.14314377899427e-05 2.82129942547726e-05 2.36266332535706e-05 2.39887740576705e-05 2.79645914929461e-05 2.73432765652615e-05 4.96647238151127e-05 5.02632678944792e-05 5.05577503417953e-05 2.75364587196236e-05
-9999 -9999 -9999 -9999 -9999 -9999 -9999 -9999 -9999 -9999 -9999 -9999 -9999 0.000133937970167608 0.000106338692921781 0.000118348231217169 7.65211623729556e-05 9.33379908474308e-05 0.00012326849036981 0.000137757139100358 2.0443104676815e-05 5.06795247588343e-05 0.000105778686065605 9.47417742736434e-05 7.29935561594175e-05 2.11251560813253e-05 2.83054960959817e-05 2.24857849502769e-05 2.09843149491462e-05 6.51053802812385e-05 2.28133836571942e-05 8.66684124730455e-05 5.40743366173047e-05 4.634097666667e-05 5.11223903458813e-05 2.02695024881905e-05 1.74432317010087e-05 1.66469802593383e-05 1.93395400117424e-05 2.06445496360175e-05 2.04024792594737e-05 2.18533467545967e-05 2.36831697293383e-05 2.42331290564834e-05 4.26496193767889e-05
-9999 -9999 4.83486140751665e-05 3.28650563545807e-06 2.1305708401087e-05 8.32212745308425e-05 0.000108405297987701 -9999 -9999 -9999 -9999 6.95239551049554e-06 6.06049024099775e-05 2.55566689361331e-05 2.25565413188633e-05 0.000129423393809702 7.77854945908985e-05 9.41079077165341e-05 0.000123977888551963 0.000142306228553934 5.65918886422878e-05 0.000100657691791639 5.60082510901339e-05 8.00163087660621e-05 2.01812430418613e-05 1.6806681549042e-05 5.16901773607969e-05 2.57979378375239e-05 2.11232522588034e-05 1.96401051312023e-05 5.64094509400093e-05 8.74812940310221e-05 1.75869770544068e-05 4.55389027365527e-05 1.35756579368262e-05 1.49732408033287e-05 1.38721348093895e-05 1.62224288089874e-05 1.80609184496916e-05 1.803047242106e-05 1.77204712599632e-05 1.87531905623928e-05 2.01296734758216e-05 1.90813388769584e-05 2.00029582629213e-05
-9999 -9999 6.60063712757619e-05 2.1412086934447e-05 3.50659322634783e-05 3.6197397412252e-05 6.78166500392763e-05 0.00013110537834109 0.000119797137858768 8.72544462254155e-05 0.000129456013155504 3.72189012296076e-05 7.21701244401629e-05 6.61739296447195e-05 8.744505435061e-05 0.000105356273797952 0.000121394205871184 0.000148733264450129 5.52581651618311e-05 3.06888628870183e-05 0.000134862358981991 0.000111571872366767 4.43979056399257e-05 4.13822402379083e-05 3.81153086664199e-05 3.01167880991216e-05 1.95641585833073e-05 8.23246598883998e-05 7.64467886028797e-05 2.31408757485951e-05 1.8870190507414e-05 2.07762176103188e-05 1.77253127390031e-05 1.40190417141639e-05 1.57064650693428e-05 1.55458422625543e-05 1.41796380432879e-05 1.34840012833592e-05 1.34045902996149e-05 3.57252351022908e-05 3.73935983247975e-05 1.52448752032797e-05 1.58433842386785e-05 4.27315188858302e-05 1.70207498797481e-05
-9999 7.77591156975177e-05 8.72121029715345e-05 1.94279673308984e-05 3.17529858307353e-05 8.70927830646906e-05 6.53962659491469e-07 6.77298692575157e-08 1.85790219864312e-07 3.03194841364984e-05 0.000131004949207636 9.07444220729303e-05 0.000112654694930825 2.65861356297137e-05 2.86243865730285e-05 8.56547391322238e-05 0.000153413721409379 0.000120233784036827 5.98310842860883e-05 3.47019893297329e-05 2.73033996904815e-05 0.000100186482404752 0.000108081884127387 5.84722586609132e-05 4.35796982722891e-08 2.29329671075362e-07 4.2895283991129e-05 8.99201717174947e-05 2.10871493948162e-05 2.1985510545619e-05 2.27225104083573e-05 1.95439040112433e-05 1.65514714240089e-05 1.50307768990388e-05 1.51932245728403e-05 1.3867696577563e-05 1.20747734797533e-05 1.08392503136656e-05 1.94984235918128e-05 2.99302361213449e-05 2.09669826631398e-05 2.54340864813685e-06 4.14609178278624e-07 1.26179459527975e-05 3.6842295378392e-05
-9999 3.05378835889769e-05 4.90934858817127e-05 6.91604250960154e-05 5.69004922226668e-05 9.37597882511909e-05 0.000102340224020736 3.86199500098883e-05 9.58093020244632e-05 3.75701147959262e-05 7.58957663049564e-08 3.89711972692552e-08 2.83472200091062e-07 1.95975347935473e-05 6.76800805194944e-05 1.80792133846808e-05 2.01600625018727e-05 2.45086102040659e-05 7.1573748141418e-05 5.43693505278497e-05 5.07885202296165e-05 2.68770251636852e-05 0.00012205912630634 5.30427723219873e-05 3.68598888371707e-05 1.4192220154996e-05 0.000100600113819382 5.97220312556601e-05 5.95492045022183e-05 2.34077217101003e-05 1.93271733905931e-05 1.73298921936293e-05 1.48514223440088e-05 1.311920864282e-05 1.34481081488502e-05 1.27318329475656e-05 1.10497296390122e-05 9.60424780487301e-06 8.8246253824309e-06 8.49669161482325e-06 8.94003449616321e-06 1.68940679316165e-05 2.49002559504774e-07 3.54013485015514e-07 1.09687905990086e-05
-9999 -9999 0.000199749094463186 0.000155968376930105 0.000118187139923975 7.60670138561181e-05 8.07726554967303e-05 5.853605844095e-05 2.74117319122524e-05 9.16003412839927e-05 0.000128146250381178 5.05804740328131e-05 1.35762358892677e-06 4.21396685323927e-09 3.70447205133573e-09 1.54155078027074e-06 6.46309596049832e-05 5.58519777769106e-05 5.52588684058719e-05 6.94533729983959e-05 2.50164487397342e-05 9.97658114101796e-05 9.31744887111563e-05 9.31222258486741e-05 6.56655974808018e-05 4.10877590070413e-05 7.18126984111223e-05 6.37724851003441e-05 2.30192018761954e-05 2.11480415998722e-05 1.97214213073948e-05 1.50155744449876e-05 1.40148488185332e-05 1.34037301677381e-05 1.11276142717998e-05 9.81458071862562e-06 8.39581396121503e-06 7.93840816299962e-06 6.49840859239248e-06 7.84190358160686e-06 8.62690704366287e-06 8.96874977911466e-06 9.52899162598442e-06 9.78234714068549e-06 3.64317614639731e-05
-9999 -9999 -9999 -9999 -9999 -9999 1.1810114888533e-05 1.25490496230896e-05 1.38261128256545e-05 6.65799509306453e-05 7.07625163158809e-05 0.000163849268437843 7.54195215222353e-05 3.69431284980237e-05 9.54230855683136e-06 3.99547695792535e-05 4.14166159359297e-06 2.70645882172182e-07 5.93839712564659e-05 8.39005066609389e-05 2.00032275188278e-05 2.04842814412132e-05 2.63965822341561e-05 4.30136185059382e-05 3.4323865912711e-05 6.52856650651401e-07 3.87925075062689e-07 1.47014807652113e-05 3.63538904366578e-05 4.74767833793521e-05 1.83936158236975e-05 1.66836099310785e-05 1.4300448594895e-05 1.243202519845e-05 1.10106627943196e-05 9.92908315708974e-06 8.26641444575671e-06 6.94856522045484e-06 6.61582833458851e-06 6.91831666301823e-06 7.00821049690603e-06 2.08216984617593e-05 2.56048187793567e-05 2.47610254064057e-05 9.40044496076098e-06
-9999 -9999 -9999 -9999 -9999 -9999 3.15054429506745e-05 1.97253944349995e-05 1.0750250052638e-05 1.15179594729398e-05 6.35336885807192e-05 1.42491975253733e-05 2.57307223847647e-06 2.59824019988031e-06 4.00103044512434e-05 0.000106414904166741 5.49677413118843e-05 7.1094834743235e-05 8.77092745213304e-05 1.26669491748999e-05 5.52384217371582e-06 3.42384954432617e-06 3.60820659430772e-06 4.80182864315282e-06 1.86525748180344e-09 2.57792225344389e-09 3.02521657946642e-08 6.94061852524186e-07 5.28536907040689e-05 2.97316748856247e-05 1.52976479853351e-05 1.43653754491879e-05 1.35330372415865e-05 1.21157885700995e-05 1.08668140967438e-05 9.89770857700023e-06 8.07782301137649e-06 7.33323881263459e-06 6.97880963116404e-06 6.53534349908114e-06 6.80689011289815e-06 7.47992077378967e-06 8.03829992719329e-06 8.57765575119629e-06 9.13705502796347e-06
-9999 -9999 -9999 -9999 -9999 -9999 4.57263968655752e-05 4.98930515959728e-05 1.20877390969554e-05 1.25929546413772e-05 5.7960025446846e-05 0.000130597798488452 6.92635884780302e-07 1.37478213716236e-05 6.79219036555878e-05 9.61790480459967e-05 1.94317885245709e-05 6.47616080186708e-05 7.29052345604941e-05 1.44597664871071e-05 3.1362299974802e-06 1.65042910680313e-05 1.68784285307311e-05 1.63945074982408e-06 6.40048021267603e-06 1.46795850213266e-05 3.76121169153976e-05 5.4739998927289e-05 2.10025255853452e-05 6.15150899193395e-05 4.84826866909316e-05 4.21501291157256e-05 4.91896522134994e-05 1.14130479147434e-05 1.09932130413881e-05 9.61752396904103e-06 8.2220453350601e-06 7.63973849586819e-06 7.206048761077e-06 6.75919114883072e-06 7.41835295627879e-06 7.66314626332587e-06 7.9597014519095e-06 8.09763168092559e-06 8.3375863027868e-06
-9999 -9999 -9999 -9999 4.74348497618848e-05 6.20903470235135e-05 1.50766923553647e-05 1.12801148702601e-05 1.19798949242522e-05 2.42571461399166e-05 1.54420710344994e-05 2.41241723983876e-05 1.86262529837222e-05 3.32922033067007e-05 2.30520273703405e-05 5.98221384279896e-05 5.38004995291885e-05 2.12752848540276e-05 0.000136832462612801 7.29389422076565e-05 9.72029928789198e-05 9.05035120240427e-05 2.11340962096074e-05 8.60571330804305e-05 3.75695627383266e-05 6.3624652341332e-05 4.41324480107141e-05 5.13456583121297e-05 2.19768370101292e-05 2.38992739639343e-05 8.80296052514495e-06 1.17861872041658e-05 2.37718520885721e-06 3.32882185375638e-05 1.08261613604554e-05 9.88865261319916e-06 8.72679365500062e-06 8.04589152494373e-06 7.4816094866037e-06 6.69096114904732e-06 6.49503488006076e-06 6.86440750996553e-06 6.82600997095051e-06 2.94272385190197e-05 8.12738412037106e-06
-9999 -9999 -9999 -9999 -9999 -9999 6.8672853467433e-05 4.52568540254106e-05 1.26171240680151e-05 1.30534648917546e-05 1.32750665443382e-05 1.45873448161638e-05 1.65519348797716e-05 2.28270806928776e-05 9.65989627957242e-05 3.07852996911606e-05 3.17375639042439e-05 3.01630247122375e-05 0.000181630605402461 6.31557941915162e-05 3.16327447762887e-05 2.80394465676181e-05 9.22603954222723e-05 0.000334425341043243 3.69758656461272e-05 1.63060320090835e-05 1.57760317648581e-05 4.92350579790468e-06 1.02679783604565e-06 1.13339793784917e-05 6.41197977415686e-06 7.29306499591687e-07 6.26954061502261e-06 3.96483063241249e-05 3.63193138468887e-05 3.64654783538754e-05 9.22592902838915e-06 8.49551387034353e-06 7.9934907802226e-06 6.95476645944382e-06 6.75584419980169e-06 6.71174777551187e-06 1.77230635927117e-05 1.79828851798902e-05 2.84450580466e-05
-9999 -9999 -9999 -9999 -9999 -9999 -9999 7.41183432410253e-05 4.97409288414019e-05 1.36871086795054e-05 1.50196877086728e-05 1.57662855315266e-05 1.81499404448004e-05 2.35711595166777e-05 2.61247946468757e-05 8.93621187969984e-05 0.000162778471531055 4.09096200428394e-05 4.27038332190932e-05 0.000142341792297884 0.000179372629918362 6.47788184778619e-05 4.04020100745583e-05 4.53033779535872e-05 9.7041395611086e-05 5.23462951584896e-07 1.46810308422118e-05 7.40389993097779e-05 3.92181267674374e-06 5.35271394008774e-07 1.20964533834034e-08 5.83480867066832e-08 1.28759926507627e-06 2.17429840574823e-05 2.93140845485596e-05 3.91510950748852e-05 8.85590084180876e-06 8.51652790743174e-06 8.17546575717643e-06 7.95776760753597e-06 7.26086055635733e-06 6.95478761656432e-06 6.88492259826035e-06 6.91014107587762e-06 1.83562071072174e-05
-9999 -9999 -9999 -9999 -9999 -9999 -9999 -9999 -9999 1.47383901889953e-05 1.52565978368102e-05 1.79895109056361e-05 2.55768690976765e-05 3.11030275497615e-05 2.72772787070608e-05 2.38639237750249e-05 2.93598305802334e-05 0.000123369887433 0.000155064998216403 0.000256641689156822 0.000226641927110904 0.000124064847568661 0.00105793746188283 0.000167714769349914 0.000595469183826935 8.5588283347704e-06 1.43660641382937e-08 5.85595017921214e-08 1.50463319883443e-06 2.00387266380275e-07 1.4947543203192e-08 3.767973187907e-08 7.84512017233396e-06 4.65664755211037e-05 1.04533190096845e-05 1.01840152780142e-05 9.47278584249034e-06 9.2073806456483e-06 8.90218732934045e-06 8.70883002050959e-06 7.85661416102812e-06 7.48301632143011e-06 7.23695006286107e-06 6.94114513066779e-06 6.91050715317942e-06
-9999 -9999 -9999 -9999 -9999 -9999 -9999 -9999 5.40068100917779e-05 1.47129256873768e-05 1.50701614415993e-05 1.68043808116636e-05 2.33285726892518e-05 2.66339753920874e-05 2.71105005026584e-05 2.32748430562424e-05 2.89994158549689e-05 0.000149359190527321 4.01551201775874e-05 3.38319814545684e-05 0.000286213120307366 0.000241335167538637 0.000100493079344233 3.54521483245662e-06 1.69831781917651e-06 0.000459346997740795 0.000340899869297573 9.02429055784637e-06 4.7877046549516e-09 4.06013381804016e-09 3.34434410154127e-07 4.63916538592457e-05 4.50317516992982e-05 2.2397210688041e-05 1.14392042576128e-05 1.13457665435135e-05 1.04613083323102e-05 1.00556684515141e-05 1.00133737390706e-05 9.72305161894838e-06 2.50654807530282e-05 3.39088040277602e-05 3.581480344792e-05 1.09400895198064e-05 2.57813587893452e-05
-9999 -9999 -9999 -9999 -9999 -9999 -9999 -9999 1.59044595307023e-05 1.58829967489282e-05 1.72625887330469e-05 2.06908899656355e-05 2.3199707771937e-05 2.28496038857884e-05 2.31978221222562e-05 2.64343720914439e-05 8.25848084105019e-05 2.80083755569649e-05 2.45450607678777e-06 0.00027692529365595 0.000345898916384613 0.00035477593773976 5.79348661062795e-06 7.98441161862229e-06 1.34167328212698e-05 1.74924140537769e-05 6.69708666691804e-06 1.03197200814975e-05 0.000149673272744621 3.16188075966117e-07 4.36445690810139e-08 5.88271236168225e-09 1.60556310248694e-05 1.02433954953796e-06 3.17070369192152e-05 3.47949543424875e-05 4.00494920086203e-05 3.28758122691397e-05 4.7712103446429e-05 1.10401800156978e-05 1.10461192633693e-05 2.65476143283649e-05 9.12009695923643e-06 1.59453701712664e-05 2.30303456646652e-05
-9999 -9999 -9999 -9999 -9999 -9999 -9999 -9999 5.06673840050098e-05 1.63588438368834e-05 1.60857748397802e-05 1.78166410876202e-05 1.72696529602945e-05 1.95928449215899e-05 1.98058118371591e-05 2.28571370655573e-05 2.98311580024802e-05 5.68056398719818e-07 6.69072796988246e-07 2.45034313195447e-06 2.46291614622862e-06 4.69874290160988e-06 8.15422199025306e-06 5.41587067033333e-06 5.50968430843568e-06 2.33605728794828e-05 6.02674553533689e-06 5.190161889157e-09 2.33956389816825e-09 5.7514249022006e-06 8.29445642693827e-06 2.92662577635383e-05 3.31997459523947e-09 7.06574687647787e-10 3.7804236074912e-09 2.17467904022328e-06 4.84679375063024e-05 3.79711406367278e-05 4.37956952737295e-05 1.13644219254638e-05 3.38477883360611e-05 1.08420980410528e-05 1.97984958163033e-05 1.01474774936605e-05 1.12737474125879e-05
-9999 -9999 -9999 -9999 -9999 -9999 -9999 -9999 5.02540918091654e-05 1.56549699141806e-05 1.68452324032842e-05 1.65342102775412e-05 1.605103123552e-05 1.56997545076365e-05 2.01649605912735e-05 2.53292707782293e-05 2.80979846536411e-05 5.7519234184511e-07 7.55187922507616e-07 9.05661033812066e-07 1.46596112315933e-06 3.44821438957865e-06 2.60419408064649e-06 9.08869585884986e-06 1.04043538044607e-05 1.26300637450782e-06 5.35473281093601e-07 4.56677170124209e-07 2.73138057615974e-08 1.96236071836609e-09 2.21234127195657e-06 1.27797479592573e-05 6.81207910702142e-07 1.62824187839306e-06 4.08062250656371e-11 2.35536090631427e-10 2.35706304696492e-08 1.41232892945098e-06 1.43999164265551e-05 5.70263837516904e-05 4.8503438233638e-05 4.11206958347066e-05 2.0273498557799e-05 4.63915257796543e-05 4.08972938657826e-05
-9999 -9999 -9999 -9999 -9999 -9999 -9999 -9999 4.49065077418709e-05 1.6701078936876e-05 1.65484867864052e-05 1.70512117620092e-05 1.75634821971471e-05 1.90951102126746e-05 2.09869430477738e-05 2.68690810798944e-05 3.22878562201367e-05 3.63295944453057e-05 3.34193999265153e-05 3.25589939080828e-06 1.35443900006749e-06 4.16536477310103e-07 1.29023539500395e-05 4.77793234665569e-06 7.92273961991441e-09 8.38459768282007e-10 3.49846173808288e-08 2.74537813593767e-09 4.25902539236134e-07 2.24960116090855e-09 3.78356712626982e-10 1.24549055513512e-09 1.04632134139138e-05 9.03488457879575e-06 3.80741484633518e-06 3.07205052383352e-06 3.25512002907757e-09 1.3264611631314e-11 2.20012429363869e-07 6.41256148492531e-07 9.84995678408041e-06 3.75965622652075e-05 4.81088595734036e-05 2.1970882653477e-05 2.70338345501386e-05
