Maxent_result_files_1/Bombus_cullumanus_2.asc
NCOLS 594 
NROWS 330 
XLLCORNER -15 
YLLCORNER 23 
CELLSIZE 0.166666666666667 
NODATA_value -9999 
[rows 168 to 188 of 330, columns 141 to 187 of 594]
0.437880732119083 0.571363115310669 0.107022043224424 0.30602037422359 0.284847390651703 0.187031741440296 0.172321370244026 0.096773412451148 0.117253932729363 0.261751738190651 0.140173659473658 0.114373876899481 0.124383524060249 0.1155338101089 0.339942118525505 0.101224386692047 0.123891353607178 0.117929455637932 0.0830005750060081 0.102892527729273 0.113893781602383 0.134206326305866 0.0859285250306129 0.122377170622349 0.114777460694313 0.214969401061535 0.151767778396606 0.126064409315586 0.109287773817778 0.101385460048914 0.117056342959404 0.0820622250437737 0.130772820115089 0.134999670088291 0.150495529174805 0.248692840337753 0.152526101469994 0.168284368515015 0.127689906954765 0.165424403548241 0.140293829143047 0.114075297862291 0.140473221242428 0.16975285410881 0.131749723851681 0.134834107011557 0.203944838047028
0.136330696800724 0.143794569373131 0.125514087080956 0.304859471321106 0.304251709580421 0.153890416026115 0.0950391575694084 0.102010882645845 0.122086461947765 0.202573870494962 0.0907042402774096 0.108403032273054 0.0817873656749725 0.106079027056694 0.1072768881917 0.0908627880271524 0.121224939823151 0.125257030129433 0.0721429947763681 0.103550259768963 0.0805997900664806 0.0518302192125702 0.102357768639922 0.100232092291117 0.119228310883045 0.138171769678593 0.139130809903145 0.117516869306564 0.106067367643118 0.204245050693862 0.102366272732615 0.0409556178376079 0.035600693221204 0.106293410807848 0.120489932596684 0.111175027489662 0.127935668826103 0.157352955639362 0.15326836258173 0.143058917671442 0.217217522859573 0.148212531208992 0.172946737706661 0.197168059647083 0.147102422267199 0.135227689146996 0.203791266679764
0.265697279572487 0.167200762033463 0.234507675468922 0.211971375346184 0.185290166735649 0.0982653588056564 0.102890255302191 0.0827291496098042 0.128207309544086 0.289165943861008 0.11110422834754 0.0955762185156345 0.0992450065910816 0.0915196307003498 0.302420815080404 0.127493837056682 0.0845494672656059 0.207602860033512 0.120795051753521 0.0988604262471199 0.0740777283906937 0.0693310808390379 0.0924102626740932 0.135799090564251 0.112809915840626 0.133457882702351 0.115784546732903 0.102475103735924 0.102430158108473 0.101310334354639 0.107366359233856 0.0882812589406967 0.131338162720203 0.11357090473175 0.1082345046103 0.11898547410965 0.143853917717934 0.11863527148962 0.190319575369358 0.152705833315849 0.143959127366543 0.167007848620415 0.187736395001411 0.202335114777088 0.110655703861266 0.184637700021267 0.184183293581009
0.0612535540934175 0.511625581979752 0.169518154859543 0.199607054889202 0.102275405079126 0.0725504882633686 0.0669907137751579 0.0765795506536961 0.147167587280273 0.186367580294609 0.105486582219601 0.0899549156427383 0.0799514219164848 0.077361249923706 0.199670477584004 0.331381702254293 0.079780088737607 0.0826462529599667 0.0951218619942665 0.11255150064826 0.0510750174638815 0.0857335779815912 0.101616083085537 0.115763720870018 0.124885150790215 0.141170664131641 0.113018172234297 0.108055341988802 0.0815798956900835 0.0971618138253689 0.102659868448973 0.10462773218751 0.104792165756226 0.0974226005375385 0.0847121171653271 0.127585400640965 0.138666705787182 0.150548757612705 0.158627733588219 0.170352412760258 0.16807466596365 0.157800079882145 0.19768405854702 0.184971109032631 0.179854840040207 0.179812876880169 0.149564310908318
0.224568651616573 0.0377377459779382 0.0487299136817455 0.0482103076763451 0.0409153424043325 0.074753937125206 0.0692279677838087 0.0890662170946598 0.138423383235931 0.139123505353928 0.071706023812294 0.0772763311862946 0.0633070643991232 0.0790404044091702 0.077265041321516 0.122650040220469 0.0676379419863224 0.0586249198764563 0.079402906447649 0.0918264649808407 0.0695336170494556 0.118881544587202 0.0635704997926951 0.0749200791120529 0.108584048599005 0.108106376230717 0.103321357816458 0.0758042365312576 0.119049648940563 0.126255795359612 0.0982269957661629 0.0933458365499973 0.068881581351161 0.0911363877356052 0.0981350935995579 0.120361561328173 0.113028344511986 0.12946799993515 0.139676681160927 0.157972127199173 0.171334357559681 0.149157188087702 0.147707444429398 0.16188237965107 0.18361349105835 0.171317498385906 0.163815243542194
0.0642356639495119 0.0676763633266091 0.100394136458635 0.0536665281746537 0.075301613148622 0.186256769299507 0.156422601640224 0.082414966262877 0.0957207061350346 0.111393804103136 0.0916190259158611 0.0818970367312431 0.0916021890938282 0.124037832021713 0.148821088671684 0.0992289364337921 0.0868353016674519 0.0852691501379013 0.0861673437058926 0.0883743055164814 0.0932875372469425 0.173394780000672 0.152337697148323 0.110668687522411 0.10220183879137 0.10511132478714 0.11034804880619 0.0952430404722691 0.136503244936466 0.055058079212904 0.0643391877412796 0.128651106357574 0.111289100348949 0.097756477445364 0.0457029934972525 0.103487591445446 0.0668872900307178 0.168691629171371 0.128120215237141 0.134703277051449 0.0788246683776379 0.169837141036987 0.172346353530884 0.17015076726675 0.148313917219639 0.12752306163311 0.128562839329243
0.131329400092363 0.15808822363615 0.0937445215880871 0.0667067934894476 0.0562744513602026 0.0529623313806951 0.170083890855312 0.147799614071846 0.107332085072994 0.100737917423248 0.114233522117138 0.100228582322598 0.134699560701847 0.104614800959826 0.107526006549597 0.100683054327965 0.100073559582233 0.0831001870334148 0.088349837064743 0.074570157378912 0.130009961873293 0.0884731911122799 0.0916131619364023 0.0730484500527382 0.0582905480638146 0.0731046676635742 0.0951147984713316 0.147177529335022 0.114377750456333 0.201701955497265 0.178888826072216 0.136688454449177 0.127902981638908 0.170551337301731 0.0987808123230934 0.108831494301558 0.111996903270483 0.0533069401979446 0.0455679625272751 0.0835793770849705 0.149595820903778 0.153603887557983 0.159892186522484 0.114731046557426 0.100944511592388 0.11717930957675 0.19928702712059
0.197936514019966 0.240258122980595 0.096754511637846 0.655669263005257 0.0371260149828059 0.213438350404613 0.120710744056851 0.0933718032669276 0.122881655395031 0.314707499742508 0.132382073998451 0.100721369683743 0.0892660394310951 0.0657010681927204 0.0874778136610985 0.0862274579703808 0.0574150569736958 0.0623070296824153 0.0568680064752698 0.0652587223798037 0.0783351190388203 0.0872206181287765 0.0940021835267544 0.0925808906555176 0.0840869776904583 0.130056630074978 0.0428468363359571 0.0693602003157139 0.0910047933459282 0.0786723285913467 0.0730927623808384 0.111850389838219 0.125113512575626 0.181972047686577 0.136095264554024 0.111110201478004 0.10396416336298 0.0837064892053604 0.113240969181061 0.135858531296253 0.164051373302937 0.132745168358088 0.147204394638538 0.143215298652649 0.109271059930325 0.164360384643078 0.218789876997471
0.202673088014126 0.110607054457068 0.115680823475122 0.528997164964676 0.105411113705486 0.11368513694033 0.122540093958378 0.110370375961065 0.113555933535099 0.108796167373657 0.0738719843327999 0.0614892601966858 0.0697981167584658 0.0830590844154358 0.0841537043452263 0.0912780851125717 0.0742576856166124 0.0871058136224747 0.0760190926492214 0.070548852160573 0.0629541762173176 0.050963975454215 0.0585574722383171 0.0721374560147524 0.0836473025381565 0.080128962546587 0.0738427840173244 0.0711519204080105 0.0739141151309013 0.139064652845263 0.0913845092058182 0.0978771105408669 0.0797519348561764 0.0877528965473175 0.0911385215818882 0.109223983436823 0.114229039102793 0.0636854395270348 0.120421920716763 0.132060953974724 0.135598400235176 0.11983230561018 0.108479674905539 0.115045920014381 0.162864616513252 0.0870521247386932 0.0688404764980078
0.140812587738037 0.110662870109081 0.127004166692495 0.146641054749489 0.153245418518782 0.170969653129578 0.129878227412701 0.129011677950621 0.0663347185123712 0.0548414841177873 0.0715322041884065 0.0957347817718983 0.112310064584017 0.150631405413151 0.0391628225874733 0.0914622575044632 0.107315248996019 0.0777531430125236 0.0832708947360516 0.0655935583636165 0.0551936734467745 0.098692874610424 0.100116866081953 0.0528497662395239 0.0513146463781595 0.0556155340746045 0.0614309523254633 0.0733937680721283 0.0396578188054264 0.0357914637774229 0.0636061746627092 0.070472227036953 0.067476599663496 0.0720507323741913 0.128832041472197 0.097427137196064 0.0972325697541237 0.118148681521416 0.109344411641359 0.114378111809492 0.116153190284967 0.1363480001688 0.193777175247669 0.099417981505394 0.0884820692241192 0.0825267493724823 0.0903455995023251
0.116481223702431 0.172233964502811 0.207433700561523 0.295000405609608 0.206436829268932 0.174329517781734 0.115381574630737 0.0965390302240849 0.0887229427695274 0.0895952721126378 0.137381364405155 0.0991934448480606 0.119338880479336 0.12437009960413 0.0550665115239099 0.104827711731195 0.0368307618911786 0.037506981429767 0.0199502425681675 0.108738575130701 0.0531585143879056 0.0804881647229195 0.0510053832083941 0.0423473716364242 0.0443845475558192 0.0739120066864416 0.0606095146387815 0.0487234631087631 0.063990606367588 0.0422419779002666 0.0441307097673416 0.0493766810745001 0.0382630253210664 0.0307676860946231 0.048060030471845 0.066200100001879 0.0768104961141944 0.0803004018962383 0.0880826957523823 0.140409432351589 0.11717823445797 0.107364452630281 0.106943081691861 0.0925233192741871 0.0806030504405499 0.0729807652533054 0.699166929721832
0.147335601598024 0.240184271335602 0.232548680901527 0.198871350288391 0.207759866118431 0.108289879560471 0.119506116956472 0.0974864318966866 0.112489904463291 0.111587975919247 0.103062823414803 0.122452774643898 0.160680519044399 0.0664597161114216 0.0849998692981899 0.176761926710606 0.22366299778223 0.46964676855132 0.126729775001286 0.152308488384006 0.116359735280275 0.0699588976800442 0.0697321180254221 0.108420918881893 0.0388591985218227 0.0474728129804134 0.0546756945550442 0.0697046786546707 0.0853670328855514 0.0653277680277824 0.0455451406538486 0.0269495408516377 0.0264471044531092 0.0476319124922156 0.0828345723450184 0.0567663934081793 0.0609675109386444 0.0704943582415581 0.0995592311024666 0.0934772953391075 0.0918322503566742 0.0844312034547329 0.107737299799919 0.0804904744029045 0.0817283850163221 0.0699321057647467 0.69190948009491
0.163682490587234 0.207522124052048 0.154769629240036 0.133179394900799 0.126691025495529 0.129692161083221 0.089493727684021 0.0951589465141296 0.167337825894356 0.158176627010107 0.106300934776664 0.141802613437176 0.145224357023835 0.220599517226219 0.217122678458691 0.170926666632295 0.194032053649425 0.215772261098027 0.180037267506123 0.148456951975822 0.0741640407592058 0.063243267510552 0.0996788963675499 0.0910091184079647 0.0574176143854856 0.0820442266762257 0.033950497303158 0.0478678926825523 0.0999704331159592 0.157981842756271 0.116435652598739 0.0921028798446059 0.122364149987698 0.088946096599102 0.100678137689829 0.108495417237282 0.113810729980469 0.126760826259851 0.11742655262351 0.138179241120815 0.171065424382687 0.203066749870777 0.0856434259563685 0.0876524031162262 0.0587139651179314 0.104045780003071 0.144196455153724
0.141687273234129 0.0695445764809847 0.253074719011784 0.15142400637269 0.0949429661035538 0.116293270885944 0.0303352969000116 0.0578233420848846 0.0612670801579952 0.140790536999702 0.0530843351501971 0.147832503914833 0.130976781249046 0.186379799246788 0.200138428807259 0.208771607279778 0.171658779680729 0.0811186889186502 0.0553598191239871 0.157499914616346 0.129703012108803 0.0927480783313513 0.229524807631969 0.235008430480957 0.233290556073189 0.247870221734047 0.0397040724092221 0.0790137363874237 0.360278052091599 0.351781129837036 0.134225603193045 0.149881175160408 0.0776657875627279 0.311629045009613 0.135300900042057 0.318982425332069 0.104472359269857 0.136734049022198 0.0961727298796177 0.37819504737854 0.148310044407845 0.178541675209999 0.40784578025341 0.327737337350845 0.170852398872375 0.0682293435558677 0.248789063096046
0.107317832112312 0.0721873291768134 0.0947729282081127 0.0558539487421513 0.13813721165061 0.248850381374359 0.0784962840378284 0.0657598474062979 0.0790279224514961 0.313019296526909 0.103623290825635 0.367460548877716 0.098128317296505 0.191559048369527 0.0314637992531061 0.168529417738318 0.226026831567287 0.259879004955292 0.231012539565563 0.490916574001312 0.441040673851967 0.200923974812031 0.176165728643537 0.229589268565178 0.349074813723564 0.256674790382385 0.0510389406234026 0.0955617383122444 0.273219808936119 0.120392096042633 0.0239784630946815 0.0846377268433571 0.152276016771793 0.268849337100983 0.283102422952652 0.188630738854408 0.169592933356762 0.266568851470947 0.335485738515854 0.287850093841553 0.291967716813087 0.354811179637909 0.109084066003561 0.212368516623974 0.132720929384232 0.125546365231276 0.0921638511121273
0.042635598858915 0.0747588619618909 0.131529347971082 0.0350377645343542 0.0694602470844984 0.114945244672708 0.0459058288197411 0.19911859575659 0.263607823848724 0.236348459124565 0.168696673214436 0.0630069537088275 0.0339939408004284 0.024096351582557 0.066361291706562 0.111867056880146 0.0462399419397116 0.0138818977866322 0.0266299092210829 0.0357331602892373 0.0873291414231062 0.231583438813686 0.110676626116037 0.144891281425953 0.166135646402836 0.0993388675153255 0.126650306582451 0.301559740304947 0.231257811188698 0.125181344896555 0.111384437046945 0.127104744315147 0.309113612771034 0.381688398122787 0.256441777944565 0.0831708495505154 0.227096343040466 0.289774677157402 0.290039387345314 0.138544565439224 0.16719980314374 0.222105331718922 0.182388992607594 0.206056360900402 0.149159253388643 0.0991983614861965 0.0879302576184273
0.037412446727285 0.0342763877939433 0.0542318006046116 0.131620384007692 0.394859704375267 0.126990568637848 0.0343131713801995 0.134168695658445 0.0857578929513693 0.0210291740484536 0.0256032117642462 0.0351764168590307 0.0100644686201122 0.0140953845344484 0.0514011591672897 0.0355930069461465 0.0184891185272136 0.041436576506635 0.0676509400829673 0.0854459822177887 0.112770566344261 0.026380561105907 0.085524333268404 0.159113837778568 0.17205251455307 0.138737723231316 0.422146704792976 0.401286613941193 0.393247985839844 0.0579033482819796 0.0767808258533478 0.224864161014557 0.109447596222162 0.175307077169418 0.421416348218918 0.426658695936203 0.391685339808464 0.184759156219661 0.130834640562534 0.0630690056830645 0.084483740106225 0.156059964001179 0.181874294579029 0.0910218521952629 0.080414842069149 0.0782676942646503 0.0922007784247398
0.149642208591104 0.452001467347145 0.271553100645542 0.0583117332309484 0.082223522849381 0.175080393999815 0.109689931944013 0.0141805022023618 0.0586572773754597 0.0128070578735787 0.00417079541948624 0.0155959219671786 0.059831927344203 0.0411389170214534 0.0350985210388899 0.0132269867695868 0.0109585016500205 0.183697935938835 0.0288096845149994 0.00563565618358552 0.00897834696806967 0.00550901079550385 0.0118648606352508 0.0226126115769148 0.0501622328534722 0.0185152446851134 0.0162922391202301 0.0705456256866455 0.00527720174286514 0.0395176276564598 0.167512461543083 0.376516833901405 0.359078541398048 0.175861482322216 0.180881285667419 0.145377857983112 0.305854403972626 0.254338686168194 0.267115586996079 0.313144147396088 0.129158317297697 0.671812427043915 0.0917884297668934 0.118813488632441 0.0682109341025352 0.0715708941221237 0.0659367606043816
0.0800817405804992 0.0615004910156131 0.0118995848344639 0.0327446297276765 0.00297688854006992 0.0469460628926754 0.136663698405027 0.0583023799583316 0.0148224874748848 0.00319337260443717 0.0174413584638387 0.0279381876811385 0.0437488541007042 0.044692899286747 0.0207320934627205 0.0106277511455119 0.0380721414461732 0.087752415984869 0.1185043618083 0.0495880216360092 0.117594353109598 0.00907504530623555 0.0167736426927149 0.0184646283276379 0.250243651866913 0.0599538192152977 0.280758023262024 0.172973558306694 0.225801554322243 0.112956605106592 0.176714806258678 0.29137127995491 0.396588787436485 0.342964020371437 0.138467777520418 0.15564383789897 0.206405198574066 0.241584911942482 0.271522092819214 0.0557820782065392 0.0926328554749489 0.0729978896677494 0.0766738049685955 0.0737719014286995 0.0874041073024273 0.0832542382180691 0.0777098663151264
0.0116492088651285 0.0139371399767697 0.0300933475606143 0.0520347502082586 0.0629444751888514 0.0855227805674076 0.0861130550503731 0.0260335152968764 0.0198839747346938 0.0249472036957741 0.0966580331325531 0.110456288605928 0.229076535999775 0.097108917683363 0.0669746499508619 0.0764178186655045 0.152361144125462 0.0877792678773403 0.105217091273516 0.155458475276828 0.0412387693184428 0.158208276331425 0.151884590834379 0.0950674138963223 0.0642836630344391 0.0872542478144169 0.105016931146383 0.277753579616547 0.247360964119434 0.149761002510786 0.170786488056183 0.288404162228107 0.234242834150791 0.161070626229048 0.130422794818878 0.123197071999311 0.21984898597002 0.147359345853329 0.208923874795437 0.234060384333134 0.121387832611799 0.0842175528407097 0.0737684603780508 0.0661978662014008 0.0609493795782328 0.060083756223321 0.0553009979426861
0.0244917336851358 0.0199084974825382 0.0164360022172332 0.00703631554497406 0.0240958834066987 0.0517755169421434 0.0643189068883658 0.0143283114768565 0.0280026422813535 0.0241064302623272 0.0711883790791035 0.0682660449296236 0.085632586479187 0.281533373892307 0.537478458881378 0.17047271952033 0.311778584122658 0.308497074246407 0.212860095500946 0.338133281469345 0.298884484171867 0.064002400636673 0.160999869555235 0.0637555304914713 0.0271703654900193 0.227275696396828 0.188366800546646 0.115066229552031 0.118374514579773 0.253141029179096 0.230289410054684 0.206292375922203 0.269931261241436 0.226951971650124 0.463670459389687 0.167723658680916 0.111556140333414 0.122232028096914 0.17715959250927 0.143162132054567 0.122757763415575 0.123171361535788 0.108865777216852 0.0277248919010162 0.03870591185987 0.0456901799887419 0.0452834036201239
