Maxent_result_files_1/Bombus_balteatus_2.asc
NCOLS 594 
NROWS 330 
XLLCORNER -15 
YLLCORNER 23 
CELLSIZE 0.166666666666667 
NODATA_value -9999 
[rows 160 to 179 of 330, columns 528 to 571 of 594]
9.29900600965539e-13 3.21926929558458e-12 2.15173812101455e-10 2.99704705497561e-12 9.7870568205316e-09 2.02726982978518e-09 1.60168986962361e-09 1.43250745709977e-09 1.33234927535142e-09 1.70819803857469e-09 1.42621253695907e-09 1.252831738352e-09 1.0575769704424e-09 8.48742198744645e-10 6.67095545470175e-10 6.78887301930331e-10 6.56238652307906e-10 5.53101908717934e-10 4.61910920623865e-10 3.26975979625388e-10 2.73886702206738e-10 2.60009469510436e-10 2.53111875903045e-10 2.230490570021e-10 2.10525530341954e-10 1.710706354352e-10 1.61510338436699e-10 1.65256242024014e-10 2.65632404961025e-11 7.99360577730113e-16 3.88578058618805e-16 1.99429583958022e-10 2.16377737949358e-10 2.67659561181688e-10 3.32659677582114e-10 3.64095720239988e-10 3.84145293352844e-10 5.39598854487622e-10 8.11458600313841e-10 1.0311588694023e-09 7.76045894212984e-15 7.8159700933611e-15 2.33373320668306e-12 1.73239964040839e-08
1.07762687662216e-12 8.792189198914e-13 3.15625443558787e-09 2.44448905561967e-13 3.33139892338963e-09 2.05728846180975e-09 1.76215968483717e-09 1.7873122426515e-09 1.53063558494537e-09 1.7424382603437e-09 1.17431029345028e-09 8.78085693045705e-10 8.29314028560901e-10 7.83692444272788e-10 8.10956490848724e-10 7.19061044041069e-10 6.2614513574033e-10 7.0192157641813e-10 4.98662067194289e-10 4.50560300180314e-10 3.99881583401651e-10 3.70454100728779e-10 3.21284343574035e-10 3.35801264572666e-10 3.20519100149852e-10 2.71709921229046e-10 2.20958418228889e-10 2.18829498965789e-10 1.75618963815793e-10 1.46701228942447e-10 7.88258347483861e-16 1.70328062765179e-10 1.95976923578201e-10 2.13047934849442e-10 2.82379541971522e-10 3.31570293443662e-10 5.2284565565941e-11 3.46864889033682e-09 1.4678495139131e-05 2.8643754035329e-15 1.13686837721616e-14 1.11288755988426e-13 2.79159949837404e-05 5.17489828133488e-07
1.38145050954108e-13 1.34405819807171e-12 8.99891272609921e-13 6.39045050210285e-10 2.50600331597184e-09 1.43019313059156e-09 1.42989617923917e-09 1.9631600012282e-09 3.09499753603504e-09 2.48626486065717e-09 1.51822351357467e-09 1.20547830606554e-09 1.56521910987806e-09 1.88642871323808e-09 1.74757693871541e-09 2.51249709037893e-08 2.87706672263965e-08 1.63677366105119e-09 1.02639651222702e-09 6.59596977037324e-10 5.04804620327093e-10 5.30305954704602e-10 5.27765031677063e-10 4.84755635632439e-10 5.31719601681857e-10 3.43799999580341e-10 2.69059063917609e-10 2.90154422710742e-10 2.23198959314885e-10 1.92714910696168e-10 1.5789050067383e-10 1.71020242412112e-10 1.66748237440117e-10 2.06285410975227e-10 2.70946398650551e-10 2.91068824598284e-10 1.96099313121145e-07 1.21121400346036e-06 7.78105000949214e-06 8.11278290313577e-07 2.18468928722126e-06 8.14196770004827e-09 3.75810493835615e-14 1.774136393351e-14
4.14757117539466e-13 2.29986030220175e-12 1.92801330456405e-13 2.30302296122531e-09 2.12588670001068e-09 1.77994422534411e-09 1.71343036425853e-09 1.9436448894794e-09 2.00217650236922e-09 2.19229724374159e-09 1.65927940276589e-09 1.23497124748795e-09 1.91646315483851e-09 2.95701573227447e-09 3.90145932227526e-09 2.53966847552078e-12 5.34305932831103e-13 2.10648110066103e-09 1.43543625874543e-09 9.98221050263481e-10 8.14446432517713e-10 1.07797059056836e-09 1.37336060301863e-09 6.38829211752068e-10 7.77821618225261e-10 5.69282299078822e-10 4.35667180109789e-10 4.96554231066426e-10 5.44271083757764e-10 3.3094895712793e-10 2.62427779507135e-10 2.27367380478682e-10 1.75226355647595e-10 2.03409622479001e-10 6.9113338607707e-09 1.7922606289078e-07 2.24747944965742e-07 8.22599663941048e-09 2.02667353266239e-07 3.91755783368808e-10 2.78417946697473e-07 4.47866337593972e-07 3.63342689269075e-13 1.91757720813257e-13
2.8128610551903e-13 2.41318076632524e-13 2.00425487317801e-09 1.93131027836912e-09 7.19961767980948e-10 2.62197356049043e-09 2.90127925017813e-09 2.33414140238253e-09 2.8801890650243e-09 3.01164969629397e-09 2.31345175238928e-09 2.07005081964695e-09 1.6867529595288e-11 2.19300516635101e-09 2.91079004233197e-09 2.96436430957669e-09 4.7949936132774e-09 3.94547479132257e-09 3.00960295573915e-09 2.38731917567847e-09 1.67072284895653e-09 1.05723689802772e-09 1.08802460374591e-09 7.33042904155212e-10 6.44684972073151e-10 8.95520002597294e-10 6.55181553455009e-10 5.3331620231134e-10 3.83866638475894e-10 3.5093599137781e-10 2.47802867114899e-10 2.04478856069557e-10 2.33229879853525e-10 2.17550277792355e-10 1.74594383395288e-10 1.7289701892409e-10 1.9741148715724e-10 3.0894661273706e-10 2.44959519335453e-10 5.93075934696152e-08 2.47043179613105e-07 1.67667947681416e-07 7.95704475753389e-08 7.89479592810949e-14
1.41464617797737e-13 4.30078195279293e-13 7.2489024671718e-09 2.53657983506628e-09 2.75974334495999e-09 3.04239292647779e-09 3.54410788494519e-09 1.17828495072025e-08 2.11964515495211e-08 5.26029810821171e-09 6.74239306608371e-09 1.27496673774097e-08 8.42873408846145e-09 3.94019995519912e-09 6.285348408408e-09 5.19825825717746e-09 6.41984693183772e-09 1.01035687150031e-08 1.19194275227663e-08 1.37436117486622e-08 6.72396716083767e-09 2.1590586651854e-09 1.58688387985606e-09 1.41979041856644e-09 1.12389758610831e-09 9.7138056487367e-10 9.16910103399005e-10 7.049184014285e-10 4.97692154155516e-10 4.41434089282211e-10 4.61635940585126e-10 3.95207833125966e-10 3.1447764392567e-10 2.60595844903122e-10 2.05890249294072e-10 2.05249250928574e-10 2.2141649624885e-10 2.95926705362604e-10 3.71649422348241e-10 4.16584478024618e-10 9.25863496981094e-10 1.66533453693773e-16 2.33367769553183e-12 3.52329254882378e-08
1.76393342155023e-09 1.80087207368729e-09 3.39292538509284e-10 1.78277544948813e-09 1.87299866727386e-09 2.09530170991457e-09 3.55319326184045e-09 6.14378834473683e-09 7.78437461157466e-09 5.90898613372914e-09 1.1032616342721e-08 2.17201342467277e-08 1.59880502725862e-08 4.13464120718743e-09 1.91336269050879e-09 6.16309026035822e-09 1.76908459215142e-08 1.41179178569928e-08 1.0693060636946e-08 6.52442097015538e-09 6.70400929214665e-09 2.94601721906318e-09 3.36306256176755e-09 4.26495920802239e-09 6.86329685306575e-09 3.37600208899502e-09 1.76981962418665e-09 1.12869761315082e-09 8.73922900712643e-10 1.14577589638287e-09 8.49874071118251e-10 6.38241970385422e-10 4.40025293979573e-10 3.83455134311816e-10 3.45406847568341e-10 2.69082456316738e-10 2.40006758911449e-10 2.32095265229049e-10 4.57115678642595e-10 1.3884297822564e-09 1.229907875544e-09 5.97982807715169e-10 6.11021111485144e-10 6.9286177906136e-10
0.25840046017631 7.99314410215857e-09 1.54312677080881e-09 1.49543354366344e-09 1.59369385466235e-09 1.63394663355021e-09 3.34081219355298e-09 3.57822734775581e-09 5.35295281434145e-09 3.71721339265108e-09 3.45989094041599e-09 4.47952822613118e-09 4.72654320127219e-09 4.64878963102322e-09 5.57594581618304e-09 4.37737954772643e-09 6.11239838743671e-09 3.81482320399584e-08 9.8384313140798e-09 6.49162541499493e-09 3.68240681281051e-09 4.93695698766672e-09 1.0358865676352e-08 1.62901525602166e-08 1.08680714538956e-08 1.321685270117e-08 6.78701336243037e-09 1.98331819856179e-09 1.10334950065294e-09 1.67789561134057e-09 1.37688110912748e-09 1.05825546103944e-09 8.17121148521949e-10 6.22608986589057e-10 6.25492380113002e-10 3.87224785569629e-10 2.83002099532581e-10 2.27231811145145e-10 3.12618431141942e-10 5.00904706601801e-10 7.08539982241518e-10 4.68919736373863e-10 9.88383330735587e-10 1.60868188769925e-09
1.20732899233644e-09 1.11948518566329e-08 3.34901244514185e-09 1.73837709782632e-09 1.93662428316088e-09 2.25302636547298e-09 1.26290597979306e-09 1.26878586526047e-09 1.5936478803269e-09 2.20564569941573e-09 4.19154656539078e-09 5.92073081673306e-09 3.38349305240016e-09 2.2475462935212e-09 3.70466375354539e-09 3.72621586919308e-09 2.46420901461875e-09 4.06497276950191e-09 8.14380300973028e-09 6.62695155417836e-09 8.62340282736795e-08 1.00149391224491e-08 9.81522270127044e-09 1.6689831949801e-08 1.19972276446667e-08 1.44036678473292e-08 1.82449363061998e-08 3.85874083796978e-09 1.57344401952031e-09 2.04521559687976e-09 3.80105378283702e-09 1.92159149703386e-09 1.4229740386007e-09 8.72243477445522e-10 5.63594471092443e-10 3.95519372808906e-10 4.26982804668796e-10 4.80110307066184e-10 4.97300811641566e-10 6.04455518971037e-10 5.1756399166436e-10 8.38946323522549e-10 1.27364021551557e-09 1.19787630925572e-09
5.55066625995693e-09 1.98999708933556e-09 5.35248179112102e-11 2.44904770907439e-09 3.42115528129128e-09 3.08547468685916e-09 2.49006354424708e-09 1.82900884437842e-09 1.32437623090453e-09 1.92595928094619e-09 2.0127788769031e-09 2.46823633753834e-09 2.0871994588223e-08 3.71798828391334e-09 4.51754531560766e-09 7.07631632179684e-09 7.38820751244873e-09 7.24883175706736e-08 1.14128119288459e-08 6.65601116445202e-09 9.68626736930211e-08 1.25953888541197e-08 1.83503876205471e-08 1.48923348874952e-08 8.07756764809042e-09 6.4925211429312e-09 5.035310668422e-09 2.62405569495527e-09 3.19307512652855e-09 3.88173889698251e-09 8.59266080510679e-09 1.61825035593921e-09 8.63638105474962e-10 7.34989036299538e-10 6.83253797983951e-10 7.80985964787817e-10 5.74795289143282e-10 6.76437206248437e-10 6.79127054592499e-10 9.61518065167866e-10 7.88215637204104e-10 6.66966970541694e-10 8.8185367896898e-10 1.06481081729726e-09
2.57977278428356e-09 2.46487237287596e-09 3.04861071942497e-09 3.9695991049804e-09 5.74906724670754e-08 6.59915455614168e-12 1.21995998858537e-09 1.54738505342422e-09 1.9220051550306e-09 4.68770147143971e-09 4.213061288727e-09 6.58957006738348e-09 5.75573585459566e-09 1.22391933476962e-08 3.91403987443084e-08 4.12662144011478e-08 2.85493971019513e-08 1.9840608189714e-08 5.04842632365055e-08 3.31198039438263e-08 1.21500243976946e-08 5.38219244727856e-09 1.73336207387464e-08 1.46603024830938e-08 1.27032481866962e-08 1.57146473611647e-08 1.30134882203592e-08 5.97269631530395e-09 4.43711914988043e-09 2.68167500427907e-09 2.13602573406746e-09 1.53308129524632e-09 1.16425917795482e-09 1.01807346997163e-09 8.12191058852108e-10 9.07199260158364e-10 1.20835933481445e-09 1.89518359894336e-09 1.20553843574456e-09 1.13772475884844e-09 1.19966114819903e-09 1.18395478976296e-09 1.53714665440674e-09 1.75644433442201e-09
2.10223705110479e-09 3.86733608470635e-09 4.71023442472074e-11 6.17871734887032e-09 1.22176104344618e-08 6.96445643377785e-09 2.72013899182966e-09 3.95061983127221e-09 5.8138890368653e-09 7.04524332206802e-09 1.93070032517007e-08 8.97001515287599e-09 6.80809253417181e-10 3.68589347932158e-10 4.85633722124845e-10 1.28280294409144e-07 4.93247576116573e-08 2.03582158242455e-08 6.27566331679041e-08 1.00730165075724e-07 1.2507595517075e-07 1.14612021984151e-08 1.19513609231348e-08 1.94277793963415e-08 2.77982606822214e-08 3.0601075773351e-08 1.4425643812821e-08 1.17835489810147e-08 8.7999922238069e-09 4.62561521308302e-09 4.90676432818304e-09 6.00360845481873e-09 2.89071729886459e-09 1.69454332787922e-09 1.27726350607205e-09 1.57737828354598e-09 1.94141479559207e-09 5.46837020110047e-09 2.47275571130245e-09 1.64775905142633e-09 1.58433133279345e-09 1.40108994406418e-09 1.78738942535617e-09 2.67856280489198e-09
1.85531459084842e-09 2.35765498235452e-09 5.20104057599724e-09 2.26294547545081e-09 7.00510984774638e-09 2.28119814704719e-08 4.33008696676396e-09 5.59655864984521e-09 1.04511199583435e-08 1.92460282044671e-08 1.88427562441973e-10 4.04094282036027e-08 2.84507828518521e-08 1.12171057886634e-08 1.24810595192315e-10 2.0015117865646e-06 2.44636640944762e-08 3.53431806043858e-10 9.91616921908189e-10 2.54162953106096e-07 7.02447207179269e-08 8.81824459009195e-09 1.30213927196365e-08 3.26770295044909e-08 4.83639864934382e-08 1.52828016486417e-07 5.86974623573155e-08 1.59347991690595e-08 2.06423718451809e-08 8.86048365789094e-09 1.09010303894763e-08 6.20611247947878e-09 9.62378249314e-09 8.73291577940805e-09 2.97362362511322e-09 2.39373254551367e-09 1.9502192527554e-09 2.54397537480244e-09 2.64705377617247e-09 3.57567290221184e-09 2.11443468289829e-09 2.14312898538793e-09 2.84789878346459e-09 3.34650372968426e-09
6.42343448431504e-09 8.05707629503161e-09 9.20103648827109e-10 7.32124549873703e-10 1.31411024284489e-09 5.25992437383493e-09 1.07813545646707e-08 1.38609074551432e-08 1.22722162210209e-08 1.69820124074072e-08 3.18090594397802e-07 3.01652431033972e-08 9.80844134801373e-09 9.15325893968699e-09 1.93264274139793e-08 1.30031476430759e-07 4.70272469632604e-08 1.0141082418258e-10 2.09234598517183e-06 2.56659763312461e-06 1.65009023533891e-07 1.08951584865125e-08 7.72577722907286e-09 3.31632462602371e-08 2.53321102205994e-08 1.87740344936849e-08 1.04812168832957e-08 5.46161216252727e-09 1.20335496012203e-08 1.50602853188353e-08 1.39689476652549e-08 3.77325822031871e-08 2.29597143408533e-08 2.48232833399697e-08 3.25335383744019e-08 9.57391403932917e-09 4.34239660895841e-09 2.53598135824262e-09 2.5544665605004e-09 5.33063467811346e-09 2.200050097656e-09 2.62059498545852e-09 7.89086568309116e-09 7.28928474247326e-09
1.00640091993398e-07 1.91115815395548e-09 7.0770010962562e-10 5.25939147788534e-10 2.95310164100115e-09 5.96424249987848e-09 1.75455690976101e-08 3.70584509079563e-08 3.26686091511874e-08 9.61519774911324e-08 6.7787069424341e-08 1.45086019542884e-07 1.46184150506823e-07 1.98273649276715e-08 2.65663502974078e-08 7.57081984881225e-09 6.04308429075218e-08 7.23515806266839e-08 2.93174792331818e-07 9.96136741204801e-08 5.02562640947168e-08 3.65281409564488e-09 2.85052045301271e-09 1.39183600866843e-08 3.01736740038194e-08 8.04158332146088e-09 5.54820926979005e-09 2.35742856347088e-09 2.07833857901463e-09 2.64001852601226e-09 7.76495310272907e-09 7.70710364417226e-09 2.72047989913204e-08 2.729224179987e-08 2.83732499384293e-08 1.03137355011995e-07 3.22114646289506e-08 6.78405230880585e-09 2.53842444841723e-09 2.35424124639394e-09 2.22982068365241e-09 2.22168082819607e-09 4.06317075540841e-09 7.95784045326542e-09
4.76178011465933e-09 3.09959967692563e-09 8.72888161751462e-10 3.69180397363777e-10 4.47279457915784e-10 2.05128628527618e-09 7.61761950185402e-09 6.32513995624251e-09 2.54133868060613e-08 2.33193320320346e-08 8.08339944979863e-09 2.17430072502189e-08 2.68479332099503e-08 5.37580904236279e-09 1.7804126817289e-08 1.91186714126879e-08 4.88633928652504e-08 3.92537412241545e-08 3.51142967702778e-08 7.90937842998218e-09 1.35055115646487e-08 1.02883279673449e-09 9.5285203061124e-10 4.80502068134214e-09 7.41355972166957e-09 3.3193336412829e-09 2.31273732387294e-09 2.20950553408983e-09 2.3322512476831e-09 2.25701436429304e-09 3.70338985034024e-09 7.15842756182639e-09 1.00520405221793e-08 1.36696927999225e-08 3.97966500531588e-08 8.17399752661707e-08 6.8590703206084e-08 5.20372411050296e-08 1.43781231365381e-08 3.23157789416939e-09 2.52346049611774e-09 2.48272428171603e-09 4.31632252162473e-09 7.0474851066038e-09
2.29495277226377e-09 3.87318355166144e-10 7.81045939035607e-10 1.31171440376221e-09 1.67355325153551e-09 9.15314635197006e-10 1.58139524808476e-09 1.15286055257791e-08 1.34045552657724e-08 2.78302999534574e-09 1.41231993877611e-09 3.10679356685384e-09 1.2736625087939e-09 1.47995348198648e-08 2.39636723908809e-08 1.53444551509452e-09 1.03803169393402e-09 1.64543429992392e-09 1.08196352988088e-09 9.57088130970618e-10 1.18637420998269e-09 3.98112698363207e-10 7.69562891189679e-10 2.20163292041775e-09 2.05541867970283e-09 1.11951569126134e-09 1.14241437421114e-09 1.04535100575731e-09 2.0435014347342e-09 2.57421778337985e-09 4.15284048260745e-09 5.12585008882738e-09 6.94085893204743e-09 8.07628488530554e-09 8.89539030213271e-09 3.10839996631174e-08 3.52293569760853e-08 7.23313910211409e-08 1.07085971734477e-07 2.41943189815963e-08 5.5021092459917e-09 3.66463807077722e-09 4.98194780984562e-09 1.22549557612928e-08
1.97345095820367e-10 1.51866585973437e-10 3.50528794879068e-10 9.7781239771777e-10 1.18857875763823e-09 3.16430640578957e-09 2.0954855850519e-09 5.47393771421767e-09 3.79141931183824e-09 2.61470138873676e-09 4.24537893728427e-10 2.16466777835933e-10 8.28992319235056e-10 7.72501195234199e-09 5.91142695682834e-08 2.84096170699577e-08 2.78772033235342e-09 3.2737914601455e-10 2.6117102924772e-10 3.39411931893352e-10 2.41636399778145e-10 4.97110819175362e-10 1.43923868378693e-09 1.17719076708767e-09 7.82829057133227e-10 7.04936709006176e-10 8.7806744097918e-10 6.46200004617015e-10 6.31917984605934e-10 6.35299313156423e-10 6.22978868491941e-10 1.08560180844819e-09 1.67955057639446e-09 2.41103702558476e-09 1.33615184472191e-09 4.28175320754676e-09 2.01257732368454e-08 4.02338513838529e-08 7.63068452203086e-08 6.77208256361084e-08 2.07447496181068e-08 6.14130067910779e-09 3.05173636361289e-09 4.6061181535606e-09
1.81139514499051e-10 2.36629571492841e-10 3.42534389741189e-10 2.15511219980868e-10 1.70155201040245e-10 2.44541609184523e-10 5.10062125869126e-10 1.20151492088993e-09 7.06944525141751e-10 3.64103824868067e-10 5.24235732601852e-10 1.25329135958197e-10 1.31088184751604e-10 2.56147181243449e-10 1.60735555976288e-09 8.4726183846584e-10 4.78736528197743e-10 1.26015087253961e-10 6.22644602543687e-11 7.91731791238703e-11 9.77331438001272e-11 5.56951218477764e-10 3.94414685356281e-09 1.4874286913269e-09 2.1224528468089e-09 1.62845809059675e-09 5.91282955930694e-10 3.95652244300493e-10 4.07521960621438e-10 3.60347773842307e-10 4.34428948370424e-10 1.08766448070341e-09 7.14046421990133e-10 1.13797784528913e-09 2.86296583107415e-09 4.12893020884653e-09 8.64322037275045e-09 1.28490548867433e-08 2.51331321310388e-08 1.2186897062616e-07 1.27062862331773e-07 2.99999098229975e-08 4.71430683379737e-09 2.18507404392554e-09
4.42782666087993e-10 7.80898301577793e-10 3.3497232765356e-10 1.07940301141696e-10 4.63542648709847e-11 6.63661681166161e-11 1.15186138405221e-10 6.3929772586846e-11 8.8543339327174e-11 1.17202370031322e-10 6.45663533749285e-10 6.67498112338905e-10 2.40166797560448e-10 7.96290589022419e-11 4.26577440038045e-11 1.68520686294471e-10 9.91532522753857e-11 3.12648351652456e-11 3.08915892865969e-11 5.31164778827531e-11 8.49224246479707e-11 2.9177152915949e-10 1.65849589617295e-09 7.96335308805851e-10 1.81033136259501e-09 1.64354878595674e-09 6.2769605069235e-10 3.86164777932407e-10 2.86773460533851e-10 3.01428615401278e-10 1.95073213138386e-10 1.62915636536809e-10 2.9866994433192e-10 2.93855861865921e-10 7.25690862957151e-10 1.78088783719943e-09 2.80279275344242e-09 5.35193082074059e-09 1.42954665105499e-08 2.54293757606661e-08 5.76707680166599e-08 4.42333272121509e-08 9.9047207990921e-09 2.85053257664813e-09
