Maxent_result_files_1/Bombus_campestris_2.asc
NCOLS 594 
NROWS 330 
XLLCORNER -15 
YLLCORNER 23 
CELLSIZE 0.166666666666667 
NODATA_value -9999 
[rows 189 to 209 of 330, columns 506 to 551 of 594]
0.00235258491011336 0.00240054243477061 0.00237160269171 0.00238086030585691 0.00255812259856611 0.00265533907804638 0.00281350647564977 0.00291171638527885 0.00301403367193416 0.00320600216509774 0.00337698750663549 0.00344797223806381 0.00344714582897723 0.00358344307169318 0.00357753415592015 0.00359039816539735 0.00361711725126952 0.0035997306695208 0.00362818141002208 0.00359961264766753 0.0035051453858614 0.00336944374721497 0.00331791231874377 0.00328374003292993 0.00322810797952116 0.00319291399791837 0.00316160026704893 0.0113689234014601 0.0126134257763624 0.0112225685734302 0.00383912543766201 0.00396673844661564 0.00391457474324852 0.0110719853080809 0.00572030183393508 0.0057999896351248 0.00820686258375645 0.00293854380724952 0.00898761879652739 0.0114180788397789 0.00379862773697823 0.00902846050448716 0.0122098046354949 0.00393336485140026 0.0199276600964367 0.0150037489831448
0.00202221819199622 0.00204349335981533 0.00209607573924586 0.00213754212018102 0.00213204588508233 0.00216717104194686 0.00230695197824389 0.00252247393364087 0.00266888596815988 0.00282144893426448 0.00288698808290064 0.00303280347725376 0.00317116373917088 0.00328413243405521 0.00346962115727365 0.00355886272154748 0.00352583334315568 0.00353970571886748 0.00351312707643956 0.0035743992542848 0.00359133593738079 0.00354037126526237 0.00332812471315265 0.00327143979957327 0.0032393099158071 0.00311986391898245 0.0101876459084451 0.00808292371220887 0.00998951606452465 0.00384393248241395 0.00383340534754097 0.00387570499442518 0.0106436971575022 0.00930281151086092 0.0111991273239255 0.00333011717302725 0.00980351446196437 0.0113230627030134 0.00355740459635854 0.0043724728282541 0.0026499121915549 0.00325236555654556 0.00342056066729128 0.0105997454375029 0.0146350642666221 0.0180642031133175
0.00183655652217567 0.00180246797390282 0.00184326770249754 0.00183535708347335 0.00181238086661324 0.00185343144694343 0.00195964056765661 0.00212946597021073 0.00233260967070237 0.0024335847934708 0.00255199156235904 0.00272292554145679 0.00291854393435642 0.0030103896628134 0.00325712752528489 0.00341007367242128 0.00355625811498612 0.00338558077346534 0.00340383963193744 0.00341421773191541 0.00341392701957375 0.00331864038016647 0.00319746176246554 0.00311185049358755 0.00315829085884616 0.00911593325436115 0.0119822673965245 0.0194827601313591 0.00388129903003573 0.0128337059170008 0.01347601339221 0.0223154993727803 0.00856234398670495 0.00314063468249515 0.00325108239194378 0.0129604499787092 0.00946931876242161 0.0101336018182337 0.0127898829989135 0.00353672527708113 0.00474672254640609 0.00690982956439257 0.00380393310915679 0.0141640921123326 0.00395139511674643 0.00401988700032234
0.00154135979828425 0.00153979058377445 0.00151467295945622 0.00152877151267603 0.00153374562505633 0.0015916895121336 0.00177475233795121 0.00199825367890298 0.00210196018451825 0.00220836149528623 0.00239388975314796 0.00254881456494331 0.00276223826222122 0.013635834120214 0.00299393943278119 0.00319875727873296 0.00329769116360694 0.00321797356009483 0.00317681134911254 0.0033191911643371 0.00332519668154418 0.00326693272218108 0.0031167805660516 0.0147436194121838 0.00297389565967023 0.00796759082004428 0.0115239046048373 0.00384357143193483 0.00373220385517925 0.00886317822150886 0.0134579226374626 0.0143786888569593 0.00310130999423563 0.00312678186455742 0.00322131382999942 0.0161792271770537 0.013080071657896 0.0106721083633602 0.00887870965525508 0.00352369591128081 0.0035533654037863 0.00366551058832556 0.0151515989564359 0.0190442438237369 0.00392622651997954 0.00400988275650889
0.00146822997485287 0.00146027716691606 0.00147492667310871 0.00144803989678621 0.00138785304734483 0.00146220112219453 0.00156989640672691 0.00164653356187046 0.00193879675352946 0.00209435366559774 0.0022060829331167 0.00233120322227478 0.002499963354785 0.00261240765685216 0.0024998384877108 0.00275050725322217 0.00279222041135654 0.00287719728657976 0.00305369511479512 0.00312603024067357 0.00321862561395392 0.00320559581741691 0.00314810291165486 0.00303825333248824 0.0144150116480887 0.00941363242454827 0.00374991921707988 0.0037057914538309 0.00358199325855821 0.00375312697142363 0.00396702128928155 0.00590034800115973 0.0088951651006937 0.0166389594785869 0.00316769484197721 0.00319449317175895 0.0164109341800213 0.0122919521760195 0.0111298618838191 0.00349225308746099 0.00351502001285553 0.00362369418144226 0.00373658034950495 0.00377442077733576 0.00386766395531595 0.00398700032383204
0.00117885972722433 0.00118371727876365 0.00124589683837257 0.00124548954190686 0.00121442775707692 0.00124593426007777 0.00138427624478936 0.00154643712448888 0.00162453134544194 0.00186444490682334 0.00200893746223301 0.00211716359481215 0.00210168916964903 0.00223495293175802 0.00231059149373323 0.00241301548667252 0.00262505296850577 0.00277688909554854 0.00283251182409003 0.00292852310230955 0.00306559560121968 0.00306193478172645 0.0030656797462143 0.00287813149625435 0.00834976322948933 0.0133009155280888 0.0157380774617195 0.00360619085840881 0.0131575539708138 0.0051963196368888 0.00218429181259125 0.0100059901829809 0.0106551870238036 0.00695144822821021 0.0156429897993803 0.00317412256263196 0.00328567246906459 0.00338236442767084 0.0148923009634018 0.00352105521596968 0.00352572239935398 0.00364243357907981 0.00372621763963252 0.00379715177696198 0.00387305540498346 0.00396199829410762
0.00107954176492058 0.00109737621969543 0.00112523220595904 0.00111102927476168 0.00109984062146395 0.00112969788606279 0.00120429145754315 0.00136525243869983 0.00153939910815097 0.00161507537704892 0.00167284916387871 0.00182814304716885 0.00195141517324373 0.00199554824503139 0.00217415601946414 0.00228664356982335 0.00242945330683142 0.00249246344901621 0.00259925870923325 0.00276374048553407 0.00293192338431254 0.00303405593149364 0.00301438850583509 0.00300955553539097 0.00290584706235677 0.0088768451474607 0.00701281568035483 0.0100300509948283 0.0075097378809005 0.00664779632352293 0.00405656211078167 0.00538586666807532 0.00894457465037704 0.00635170256718993 0.0133393039926887 0.00325842533493415 0.00329602316487581 0.0033597812987864 0.00882932315580547 0.0171558340080082 0.00357363442890346 0.00362447840161622 0.00366461677476764 0.00375563832931221 0.00384448880795389 0.00394661163445562
0.000967150897486135 0.000975030421977863 0.00096987746655941 0.000990690162871033 0.00101064684567973 0.00101526624057442 0.0010898863140028 0.00114516658941284 0.00123077048338018 0.00135655644699 0.00147997225867584 0.00156687331618741 0.00169083990622312 0.00174167749937624 0.00186887716408819 0.00195221680914983 0.00204535514349118 0.00223320708610117 0.002470770443324 0.0026158016291447 0.00268383744405583 0.002813593915198 0.00287234040442854 0.00296059782849625 0.00294227171689272 0.0029134611831978 0.00878808842971921 0.00909883580170572 0.00550788075197488 0.00954976775683463 0.00276855473639444 0.00289040763163939 0.00303474359679967 0.00484138575848192 0.00908168596215546 0.0170729264616966 0.00329341678880155 0.00334024573676288 0.00335204219445586 0.00338923470117152 0.00358662405051291 0.00362457116134465 0.00368515632580966 0.00372599016409367 0.00383199311327189 0.00386387153994292
0.000852816691622138 0.000882745685521513 0.000877099233912304 0.000849083581124432 0.000893158139660954 0.000904052093392238 0.0044777566101402 0.00101065204362385 0.00108199631213211 0.00115410420112312 0.00125341417151503 0.00130377149907872 0.00142222436261363 0.00154840252944268 0.00160859287716448 0.00170979822287336 0.00185639373958111 0.00194976693019271 0.00211313627660274 0.00230967218521982 0.00252641167026013 0.00259426523698494 0.00282837486593053 0.00295857544988394 0.0029986948473379 0.00295264293672517 0.00285839859861881 0.00271963762352243 0.00421238567214459 0.00481530157849193 0.00273990967543796 0.00275479557458311 0.00273399136494845 0.00298208598978817 0.00312959286384284 0.0182669296860695 0.00341218332760036 0.00318263205699623 0.00324616392608732 0.00332612108904868 0.0176858127117157 0.00355456664692611 0.00348058473318815 0.00353150255978107 0.00369295822456479 0.0037889072438702
0.000720024181646295 0.000728351753787138 0.00071256046066992 0.000712482014205307 0.000688111598719843 0.00359582325909287 0.00308346108067781 0.00484782934654504 0.000989546347409487 0.0060226833447814 0.00113037043483928 0.00112810855498537 0.00123122874647379 0.00131992117967457 0.00143226452637464 0.00153153131250292 0.00156663633533753 0.00171529348008335 0.0018269689171575 0.00196635585743934 0.00211782394908369 0.00248170738341287 0.00269976228009909 0.00284433355554938 0.00293977606343105 0.00281736283795908 0.00269072513328865 0.00254990842659026 0.00589078315533698 0.00574516030028462 0.00616835025139153 0.0129247535020113 0.00262876625638455 0.00263717793859541 0.00280145877040923 0.0028507492155768 0.00294412774965167 0.00297790328040719 0.00309982077451423 0.00315833981148899 0.0145939044654369 0.018571500480175 0.00335694209206849 0.00345325053203851 0.00348997737746686 0.00378836223389953
0.000602405748213641 0.000609246254316531 0.000635038653854281 0.000675680785207078 0.000687896847375669 0.000726590069825761 0.000762487013707869 0.000819757339195348 0.000858099979814142 0.000878412861493416 0.00096684557502158 0.00533964245114475 0.00103964850422926 0.00117037423187867 0.00141593092121184 0.00155934497597627 0.00804742826148868 0.00847556102089584 0.00172661589458585 0.00467823017388582 0.00451594721525908 0.00694303817581385 0.00260107045760378 0.00274200957501307 0.00290287132374942 0.00287267152452841 0.00257327060680836 0.0231124425306916 0.00249581752577797 0.0110208882484585 0.00625475351698697 0.0106956927105784 0.0106517041567713 0.00247862756950781 0.00253211840754375 0.00259994794614613 0.00270774255041033 0.0027745030936785 0.00288083207560703 0.00300276804482564 0.00307476746384054 0.0307847945019603 0.00320834877202287 0.0181393124163151 0.0173520037904382 0.00356311830691993
0.000495734045398422 0.000495279501774348 0.000526344668469392 0.000583171640755609 0.000606645268271677 0.000673652967088856 0.000697850811411627 0.000735535335843451 0.000802676769671962 0.000842062078299932 0.00089221831294708 0.000994151859777048 0.00105396807775833 0.00113641492207535 0.00330806248821318 0.00210438162321225 0.00396428909152746 0.00149165064212866 0.00828208173625171 0.00879076393321157 0.0105777822900563 0.00183002006961033 0.00185926385456696 0.0103832053020597 0.0104310076218098 0.00261796734994277 0.00263609637040645 0.00269809032324702 0.00269468834158033 0.00277860140195116 0.024425745755434 0.0236330380663276 0.00793762509711087 0.00248922378523275 0.00250679268501699 0.00257540275342762 0.00255010299151763 0.00261053123977035 0.00273644025437534 0.00274332166882232 0.0029014200437814 0.00295319118304178 0.00311779503244907 0.0195154520682991 0.0120664522051811 0.0174702297896147
0.000442535371985286 0.000441820261767134 0.00050263338489458 0.00053816432482563 0.000554247226682492 0.000582393113290891 0.000637134161661379 0.000720754638314247 0.000785704224836081 0.000844940563547425 0.00090330172679387 0.000895064789801836 0.000997000548522919 0.00107719046063721 0.00119305292028002 0.00123593875323422 0.00133406718377955 0.00145189120084979 0.00613752105273306 0.00517693641595542 0.00865760962478817 0.00988767533563078 0.00772468182258308 0.0074336061719805 0.00705102705396712 0.00224933753488585 0.00257637682370841 0.00297177243046463 0.00322310961782932 0.00311203813180327 0.00287110107019544 0.00280592602211982 0.00263635776937008 0.00255039851181209 0.00251639622729272 0.00239553131395951 0.00241967048496008 0.00250241083558649 0.0025620718835853 0.00256124498555437 0.00270422690082341 0.00287156116683036 0.00293893879279494 0.00296016008360311 0.00311510384781286 0.00352657700423151
0.000357524152786937 0.000369083767873235 0.000395325223507825 0.000436302322486881 0.000469133401929867 0.000483541295398027 0.000530985978548415 0.000580140470992774 0.000673956869286485 0.000736771780066192 0.000789697637083009 0.000841035405755974 0.00090982083347626 0.0010377905156929 0.00109934010542929 0.0011889373708982 0.00124612027429976 0.00133620564010926 0.0014826282276772 0.00152153663220815 0.00158065635478124 0.00153775637154467 0.00164643119787797 0.0018104239134118 0.00181738504907116 0.0017531955614686 0.00184281846741214 0.0034440686693415 0.00391816515475512 0.00362107418477535 0.00326539222151041 0.00317505693528801 0.00301467452663928 0.00292426713276654 0.00278179402230307 0.00266306957928464 0.00248779128305614 0.00249539159704 0.00255420081084594 0.0024982224102132 0.00255829227389768 0.00279232333414257 0.00287089825142175 0.00285684299888089 0.00290844624396414 0.003091221221257
0.000287680426845327 0.000298849095997866 0.00137802067329176 0.000369617166870739 0.000434156043047551 0.000465346201963257 0.00281012528575957 0.00049767813179642 0.000587771082064137 0.000617873764713295 0.000709436429315247 0.000771663582418114 0.000852370704524219 0.00093630165210925 0.00105538190691732 0.00109457856160589 0.00112888046423905 0.00125759614165872 0.0014084480702877 0.00142167331068777 0.00146302488283254 0.00149610977387056 0.00149452589685097 0.00160595261259004 0.0140301111154258 0.0186589249409735 0.0015121896576602 0.0018089197925292 0.00285932190017775 0.00352991565596312 0.00374422897584736 0.00366165956947953 0.00343298581428826 0.00343010281212628 0.0033298515714705 0.00306199663318694 0.00282408315688372 0.00291987862437963 0.00298183024860919 0.00275059735868126 0.00269259884953499 0.0234609134495258 0.0228975517675281 0.00278007474262267 0.00305154531961307 0.00312218468170613
0.000285854781395756 0.000910506903892383 0.000820117891998962 0.000318110905936919 0.000355166303052101 0.000399992716847919 0.00243033695733175 0.00253376100445166 0.000560385774588212 0.000609336615889333 0.000624183833133429 0.000701533327810466 0.000768957793479785 0.000822039388003759 0.000967613630928099 0.00105762036982924 0.0010568848287221 0.00122564106131904 0.00131455616210587 0.00127993055502884 0.00136309845256619 0.00138850836083293 0.00139198792167008 0.00146998194977641 0.00151256087701768 0.0151601147837937 0.0165106006897986 0.0153523006476462 0.00202602195786312 0.00253346647368744 0.00385426029097289 0.00430936415214092 0.00412433014716953 0.00426703353878111 0.0040731725981459 0.00431403242982924 0.00383776694070548 0.0033004762372002 0.00342576007824391 0.00322528872638941 0.00295537997735664 0.0235124088823795 0.0236061515286565 0.00315352219622582 0.0034709413535893 0.00333526423200965
0.000276276739896275 0.00077746277092956 0.000657110541942529 0.00169187176506966 0.000322484408388846 0.000365444991621189 0.000418680284928996 0.000460330031637568 0.000503005232894793 0.000569714963785373 0.000634340234682895 0.000698141689645126 0.000732522420003079 0.00080448409426026 0.000929382082540542 0.000993604370160028 0.00106705930666067 0.0012057512823958 0.00124262750614434 0.00131007804884575 0.00136348255909979 0.00134824381093495 0.00136614381335676 0.00138061385951005 0.0014643486472778 0.0146014551632106 0.0234495656564832 0.010630228323862 0.00203324001049623 0.00339156386908144 0.00435812040232122 0.00505403617862612 0.0046708406182006 0.00433920314535499 0.00397139275446534 0.00402433043345809 0.00367826540023088 0.00354925142601132 0.00324283953523263 0.00324643974890932 0.00303346583386883 0.00285298111848533 0.00290646364446729 0.00311539924005046 0.0033005460165441 0.00298822615295649
0.000349734260817058 0.000404134528071154 0.00207224480109289 0.00170128336176276 0.000346695537155028 0.000334705821296666 0.00172860863385722 0.00109984050504863 0.000466398301068693 0.000515746156452224 0.0029802369652316 0.000696868769591674 0.000715839595068246 0.000764811635599472 0.000849876640131697 0.000909717404283583 0.00100325442035682 0.00112439310178161 0.00124529556487687 0.00130125279538333 0.00131523284362629 0.00136070762528107 0.00147820830461569 0.00142468285630457 0.0014007100078743 0.00155249721137807 0.0286526169627905 0.0154877708293498 0.00202520943712443 0.0039466812973842 0.00504953875206411 0.00618611872196198 0.0065230829641223 0.00401187951210886 0.00352720404043794 0.0333539228886366 0.0028378784423694 0.00263220274355263 0.00261331424117088 0.00253845626721159 0.00262898893561214 0.0242658045142889 0.00287737090839073 0.00309716786723584 0.0271233405917883 0.0165530540049076
0.000434438182855956 0.000436844254727475 0.000597937765996903 0.000595151202287525 0.000555318550323136 0.000401776490616612 0.000412891339510679 0.00115467078285292 0.00046091923431959 0.000499318863148801 0.00159686174010858 0.000651346534141339 0.000675866362871602 0.000710639913449995 0.000781046497286297 0.000857815513154492 0.000952292984584346 0.00100668590748683 0.00116654045996256 0.00125762959942222 0.00137380103114992 0.0014211248839274 0.0015473734063562 0.0016740990919061 0.00162004042067565 0.00514607601799071 0.00639417236670852 0.00936549897305667 0.0114509971812367 0.00190056537976488 0.00265528784366325 0.00406608919147402 0.00517609238158911 0.00493853695224971 0.0204219811595976 0.00284043676219881 0.0143144410103559 0.00248729231534526 0.014711703453213 0.0120667823590338 0.00273469113744795 0.00287729485426098 0.0031451954273507 0.0370677728205919 0.0421796426177025 0.326245917379856
0.000303442898439243 0.00040959299512906 0.0043304834747687 0.0083989976439625 0.00108006939990446 0.000754622722161002 0.000471266824752092 0.000462320605583955 0.000491431658156216 0.000510270273662172 0.000571157061494887 0.000645287646329962 0.00412995445076376 0.00399126689881086 0.000765293612494133 0.000859339057933539 0.000960526056587696 0.00109116010717116 0.00127500495873392 0.00134235754958354 0.00144210281432606 0.00141367612523027 0.00154074025922455 0.00159761716495268 0.00998722277581692 0.00722619062289596 0.00837310906499624 0.00974489846266806 0.0116853233426809 0.0121629251167178 0.0111970994621515 0.00885401112027466 0.00271472117165104 0.00446953899227083 0.0268967289477587 0.0339525021612644 0.0235559109598398 0.014803926832974 0.0137373861856759 0.0141733056865633 0.0143712827004492 0.0351096007972956 0.0438356999307871 0.0681875191628933 0.196079951524735 0.812703132629395
0.000230407159688184 0.000312631162523758 0.00306742291431874 0.00496141696348786 0.0022728857700713 0.00166907206876203 0.00091853751509916 0.00231104089180008 0.00185118520166725 0.000510408962145448 0.00223218961618841 0.00248863759916276 0.00279363271547481 0.0029875248670578 0.00322774653322995 0.00449065994471312 0.00526436867658049 0.00132012857939117 0.00149101283750497 0.00166454341961071 0.00161992841167375 0.00903200819157064 0.00918251010589302 0.00718445503152907 0.00706604882143438 0.00807256372645497 0.0105434573255479 0.00668723564594984 0.00696912822313607 0.00649689026176929 0.0108813730999827 0.00922513590194285 0.0209637145511806 0.00302691392134875 0.0199996824376285 0.0254311723634601 0.0137083473615348 0.0094694335013628 0.00867248852737248 0.0137793251313269 0.0116005063988268 0.013443003129214 0.0278352750465274 0.0257932590320706 0.0184432428330183 0.0352862734347582
