Maxent_result_files_1/Bombus_pascuorum_2.asc
NCOLS 594 
NROWS 330 
XLLCORNER -15 
YLLCORNER 23 
CELLSIZE 0.166666666666667 
NODATA_value -9999 
[rows 160 to 179 of 330, columns 92 to 137 of 594]
0.951038861274719 0.966202825307846 0.898137891292572 0.943779307603836 0.90170806646347 0.769161558151245 -9999 -9999 -9999 -9999 -9999 -9999 -9999 -9999 -9999 -9999 0.919189292192459 0.984688091278076 0.90646248459816 0.919759076833725 0.960046344995499 0.942003411054611 0.920321053266525 0.943618202209473 0.889485919475555 0.919707435369492 0.936861675977707 0.946324378252029 0.966257560253143 0.969790148735046 0.967747747898102 0.942078679800034 0.936261987686157 0.903743952512741 0.966950708627701 0.937784022092819 0.975296866893768 0.974331271648407 0.855578601360321 0.948111802339554 0.874411797523499 0.849791020154953 0.937238228321075 0.750692927837372 0.85133398771286 0.926096612215042
0.811249762773514 0.799663054943085 0.871018481254578 0.957475697994232 0.950912654399872 -9999 -9999 -9999 -9999 -9999 -9999 -9999 -9999 0.964387828111649 0.926422697305679 0.924085980653763 0.936518710851669 0.937228178977966 0.923211640119553 0.917455422878265 0.989113456010818 0.922921526432037 0.954972302913666 0.967563223838806 0.980009812116623 0.927399182319641 0.910858523845673 0.96590604186058 0.906217622756958 0.977198427915573 0.964923763275147 0.957928973436356 0.966098582744598 0.95389438867569 0.915563899278641 0.927234846353531 0.912432777881622 0.935393619537354 0.966451770067215 0.842659330368042 0.844170069694519 0.917295449972153 0.886284273862839 0.822373378276825 0.831774806976318 0.940386569499969
0.900574332475662 0.91531400680542 -9999 -9999 -9999 -9999 -9999 -9999 0.877494770288467 0.907422196865082 0.925196892023087 0.934618592262268 0.923044085502625 0.792068886756897 0.93113579750061 0.93586420416832 0.94437341094017 0.97013538479805 0.937711036205292 0.937226986885071 0.888230443000793 0.891922718286514 0.949965912103653 0.948810392618179 0.750939834117889 0.959235900640488 0.946039658784866 0.867712026834488 0.877556455135345 0.904535359144211 0.960450196266174 0.97273456454277 0.974388384819031 0.970778805017471 0.967605429887772 0.947359478473663 0.913999956846237 0.88879023194313 0.968369686603546 0.869938749074936 0.815867215394974 0.921194487810135 0.901105463504791 0.837184172868729 0.702196180820465 0.776728701591492
-9999 -9999 -9999 -9999 -9999 -9999 -9999 -9999 0.743917411565781 0.804924893379211 0.893847042322159 0.965635752677917 0.80047122836113 0.941623944044113 0.923632973432541 0.957953310012817 0.987092697620392 0.982870709896088 0.917604959011078 0.927303886413574 0.852579116821289 0.914200121164322 0.903451561927795 0.950993221998215 0.920415937900543 0.922606390714645 0.84040704369545 0.893725520372391 0.868523144721985 0.893678832054138 0.891091102361679 0.958250319957733 0.946794110536575 0.785787171125412 0.919964754581451 0.966863882541656 0.940430337190628 0.897807449102402 0.907179099321365 0.944900304079056 0.868726301193237 0.933818608522415 0.92832219004631 0.907336574792862 0.804969602823257 0.78343710899353
-9999 -9999 -9999 -9999 -9999 -9999 -9999 -9999 0.731617623567581 0.771996504068375 0.798548698425293 0.793389964103699 0.962746208906174 0.97569528222084 0.969389581680298 0.976143682003021 0.98471263051033 0.931627315282822 0.93142129778862 0.935635244846344 0.916536045074463 0.798233807086945 0.942352539300919 0.944349437952042 0.930662596225739 0.929989379644394 0.915010893344879 0.892896765470505 0.91596052646637 0.907977932691574 0.935310870409012 0.913310265541077 0.883263230323792 0.894267237186432 0.982452476024628 0.939179974794388 0.946263533830643 0.929642963409424 0.940410089492798 0.945246070623398 0.928919017314911 0.911988854408264 0.8606609582901 0.807830458879471 0.892414230108261 0.873877602815628
-9999 -9999 -9999 -9999 -9999 -9999 -9999 0.893930333852768 0.814646488428116 0.762710422277451 0.88047741651535 0.882477337121964 0.947847509384155 0.976448047161102 0.948182797431946 0.982084262371063 0.983618587255478 0.960661369562149 0.924188941717148 0.979726988077164 0.941088199615479 0.972234481573105 0.947686719894409 0.959739327430725 0.921793812513351 0.949425500631332 0.920237505435944 0.940519428253174 0.900135582685471 0.834208905696869 0.824062472581863 0.885946577787399 0.854135721921921 0.895390528440476 0.936812525987625 0.85061257481575 0.926702791452408 0.878014409542084 0.89255582690239 0.758567142486572 0.80708618760109 0.936314344406128 0.939926016330719 0.858117908239365 0.882143741846085 0.912274807691574
-9999 -9999 -9999 -9999 -9999 -9999 -9999 0.916242557764053 0.711986684799194 0.709928053617477 0.773120099306107 0.791418033838272 0.888904708623886 0.80650617480278 0.963524293899536 0.926943504810333 0.943239766359329 0.949678164720535 0.948400819301605 0.888314521312714 0.87971111536026 0.960428756475449 0.944803768396378 0.869951087236404 0.906106323003769 0.906136548519134 0.855229997634888 0.808055293560028 0.917249894142151 0.801969122886658 0.934586179256439 0.796757644414902 0.931183749437332 0.907080340385437 0.825474727153778 0.86555415391922 0.896094542741775 0.922487729787827 0.903528755903244 0.891290801763535 0.917217302322388 0.840528982877731 0.823785090446472 0.825969636440277 0.919330769777298 0.915269064903259
-9999 -9999 -9999 -9999 -9999 -9999 0.955647301673889 0.835316920280457 0.921962308883667 0.952128797769547 0.890783578157425 0.795181339979172 0.879154813289642 0.924689793586731 0.792566388845444 0.895939242839813 0.879086953401566 0.926950234174728 0.942054545879364 0.888838958740234 0.767737567424774 0.860136359930038 0.852816927433014 0.870587027072906 0.925533974170685 0.822488069534302 0.882562625408173 0.918487602472305 0.860020560026169 0.857979303598404 0.759727698564529 0.841383939981461 0.875449860095978 0.811367619037628 0.873971098661423 0.823239934444427 0.851924300193787 0.88274844288826 0.833737015724182 0.910396689176559 0.887351232767105 0.784450823068619 0.900552821159363 0.867000877857208 0.92236847281456 0.710568654537201
-9999 -9999 -9999 -9999 0.98905593752861 0.844289541244507 0.8803093791008 0.769513839483261 0.784990173578262 0.850479382276535 0.87954038977623 0.956314587593079 0.913297808170319 0.760586726665497 0.790422505140305 0.911547094583511 0.762361967563629 0.941317635774612 0.914075201749802 0.926762098073959 0.824980080127716 0.830905765295029 0.899454659223556 0.830640310049057 0.895692473649979 0.918865567445755 0.813852643966675 0.749377757310867 0.891019821166992 0.888748604059219 0.88685103058815 0.820003038644791 0.866738593578339 0.856187266111374 0.929225021600723 0.850732266902924 0.817056292295456 0.864663219451904 0.915886026620865 0.908367884159088 0.919927096366882 0.961828774213791 0.869205778837204 0.907885164022446 0.80033460855484 0.91213743686676
0.939514863491058 0.864551818370819 0.829076415300369 0.795187455415726 0.788593757152557 0.683747237920761 0.884817487001419 0.733108776807785 0.890347015857696 0.780930018424988 0.851726400852203 0.772914880514145 0.754475694894791 0.752918428182602 0.747937399148941 0.80370072722435 0.902911353111267 0.867194122076035 0.911225426197052 0.738332140445709 0.844812256097794 0.808026802539825 0.839420127868652 0.773928606510162 0.767191511392593 0.788146275281906 0.905807608366013 0.910330998897553 0.901098924875259 0.796259915828705 0.87061311006546 0.841592228412628 0.880191487073898 0.825985151529312 0.907454454898834 0.857245546579361 0.816822803020477 0.92136617898941 0.928841930627823 0.820790368318558 0.875455623865128 0.872325211763382 0.910280930995941 0.765212434530258 0.680763763189316 0.742186510562897
0.800952583551407 0.87936185002327 0.882407087087631 0.814746862649918 0.825620394945145 0.787152570486069 0.881505256891251 0.875847291946411 0.794934010505676 0.805735188722611 0.785939675569534 0.767967122793198 0.762659883499145 0.734014147520065 0.763611805438995 0.830175596475601 0.811134213209152 0.881857866048813 0.714236742258072 0.862137687206268 0.833630657196045 0.791833698749542 0.756080323457718 0.72101628780365 0.832266134023666 0.823495090007782 0.760639882087707 0.76897948384285 0.83039665222168 0.752214354276657 0.81481162905693 0.818022131919861 0.902361130714416 0.896850883960724 0.926117694377899 0.812119805812836 0.80990794301033 0.875798869132996 0.938683015108108 0.850473535060883 0.881609106063843 0.883840805292129 0.776320081949234 0.843176233768463 0.803156620264053 0.846853613853455
0.893071168661118 0.918746227025986 0.658689707517624 0.911393022537231 0.936550211906433 0.772581696510315 0.754860693216324 0.82550236582756 0.793853610754013 0.871492820978165 0.874556136131287 0.635309284925461 0.711485075950623 0.808747553825378 0.789024543762207 0.601478582620621 0.766945886611939 0.909584736824036 0.920264565944672 0.887113279104233 0.760703402757645 0.794539177417755 0.681915467977524 0.695540738105774 0.704272049665451 0.695717304944992 0.830994009971619 0.77152481675148 0.643456190824509 0.584907853603363 0.705647248029709 0.738927185535431 0.731744825839996 0.85875893831253 0.857016748189926 0.763152331113815 0.706760656833649 0.87129191160202 0.872458308935165 0.828452283143997 0.882588040828705 0.901125556230545 0.880531388521195 0.913861411809921 0.817684787511826 0.687829357385635
0.792938405275345 0.812671083211899 0.86239920258522 0.773097729682922 0.777688300609589 0.885590052604675 0.874766826629639 0.744391530752182 0.788827127218246 0.73127692937851 0.782886296510696 0.806177496910095 0.820727276802063 0.824785852432251 0.796672236919403 0.648915648460388 0.636631774902344 0.723701590299606 0.743504786491394 0.766974276304245 0.810258549451828 0.823306834697723 0.856927907466888 0.787072694301605 0.851627427339554 0.809377866983414 0.796382874250412 0.807308810949326 0.753059267997742 0.719667154550552 0.856200695037842 0.852597963809967 0.826119369268417 0.714994239807129 0.724189007282257 0.906681430339813 0.591918212175369 0.748267197608948 0.839182329177856 0.725102418661118 0.819801509380341 0.832543587684631 0.873621463775635 0.914001232385635 0.691096693277359 0.681679052114487
0.871461892127991 0.786008363962173 0.623483002185822 0.745290100574493 0.835213279724121 0.872185802459717 0.780872583389282 0.838337290287018 0.816761094331741 0.857335424423218 0.957312959432602 0.735210388898849 0.836633145809174 0.878118425607681 0.771340495347977 0.712099796533585 0.731806606054306 0.701464039087295 0.752727878093719 0.587375664710999 0.705245989561081 0.647325974702835 0.575405979156494 0.625251585245132 0.762766683101654 0.794725733995438 0.686587131023407 0.613464969396591 0.518185737729073 0.712016320228577 0.591795969009399 0.462998926639557 0.684512704610825 0.759107452630997 0.740507167577743 0.883205670118332 0.611521756649017 0.737234622240067 0.883777129650116 0.816870886087418 0.728132021427154 0.740323078632355 0.904824250936508 0.639001953601837 0.609760975837707 0.889922946691513
0.882681977748871 0.773707574605942 0.591715711355209 0.547397148609161 0.70440012216568 0.702058416604996 0.67800640463829 0.700709277391434 0.931581872701645 0.885068958997726 0.728838402032852 0.60818510055542 0.61092945933342 0.865383446216583 0.909790360927582 0.842469096183777 0.796496778726578 0.746292465925217 0.796963763236999 0.739554363489151 0.586773800849915 0.525325009226799 0.659284067153931 0.795500522851944 0.852032458782196 0.667247331142426 0.677964586019516 0.536187988519669 0.505914390087128 0.723710155487061 0.442196667194366 0.479817235469818 0.54690323472023 0.51025478541851 0.677794355154038 0.665953969955444 0.640341979265213 0.637618136405945 0.56553943157196 0.50965311229229 0.588745671510696 0.720285093784332 0.820611447095871 0.805061274766922 0.767158997058868 0.729414528608322
0.8740882396698 0.761228293180466 0.730167126655579 0.737555551528931 0.684015488624573 0.72309462428093 0.663145714998245 0.741458940505981 0.59458572268486 0.840188378095627 0.92550014257431 0.844932472705841 0.586632859706879 0.905435329675674 0.791877424716949 0.544363689422607 0.774353271722794 0.660114806890488 0.665184861421585 0.47408692240715 0.724890720844269 0.62922574877739 0.642037850618362 0.803969824314117 0.647999519109726 0.856550472974777 0.754433465003967 0.367616346478462 0.598947906494141 0.620016044378281 0.571055489778519 0.486305156350136 0.486388418078423 0.754370582103729 0.550884133577347 0.680350738763809 0.606539702415466 0.622564446926117 0.626157230138779 0.680586844682693 0.697908633947372 0.777803355455399 0.790862506628036 0.529006960988045 0.862320202589035 0.882886868715286
0.73984460234642 0.721167248487472 0.579322969913483 0.517602223157883 0.556800621747971 0.792511177062988 0.680694055557251 0.750266087055206 0.80514965057373 0.560742825269699 0.673434793949127 0.897875833511353 0.898941653966904 0.84129758477211 0.77937353849411 0.509448912739754 0.720868301391602 0.766320592164993 0.724486917257309 0.543937754631042 0.757428336143494 0.600751823186874 0.727469044923782 0.636895960569382 0.685921448469162 0.703626441955566 0.496824711561203 0.553811049461365 0.558616763353348 0.478719866275787 0.51706934273243 0.441743522882462 0.370620343089104 0.48478219807148 0.601947247982025 0.814276146888733 0.848488759994507 0.600171810388565 0.512024089694023 0.733677309751511 0.842491328716278 0.875470918416977 0.660974216461182 0.720345056056976 0.973538416624069 0.702119123935699
0.813317883014679 0.57903705239296 0.715991097688675 0.751349991559982 0.535781025886536 0.684462112188339 0.814484584331512 0.851937478780746 0.646723389625549 0.647158771753311 0.799399095773697 0.74908487200737 0.740437877178192 0.697513061761856 0.660687220096588 0.601317518949509 0.676289850473404 0.757421684265137 0.728587794303894 0.701238054037094 0.612135237455368 0.654227584600449 0.742918938398361 0.629065603017807 0.698955690860748 0.561527138948441 0.461137157678604 0.507852905988693 0.604090958833694 0.472962537407875 0.457611453533173 0.397518864274025 0.5508405148983 0.424068522453308 0.604116076231003 0.748657530546188 0.512954583764076 0.582014983892441 0.929360795021057 0.901273024082184 0.726671075820923 0.731967067718506 0.889602679014206 0.718224745988846 0.817593586444855 0.825101280212402
0.655593806505203 0.740304642915726 0.688243180513382 0.682694929838181 0.702678966522217 0.661282533407211 0.646579241752624 0.641387045383453 0.633837348222733 0.63234189748764 0.629118323326111 0.630151510238647 0.734440237283707 0.728646129369736 0.706396418809891 0.661287355422974 0.632145845890045 0.792620080709457 0.536202371120453 0.562470179796219 0.697680485248566 0.637030774354935 0.868215817213059 0.471259427070618 0.430881384015083 0.556476283073425 0.498008102178574 0.419398537278175 0.509898537397385 0.377316978573799 0.438403031229973 0.451150453090668 0.451453840732574 0.544415855407715 0.737419748306274 0.595724147558212 0.757497757673264 0.760029047727585 0.929397684335709 0.936455631256104 0.788381636142731 0.622332179546356 0.769370460510254 0.72601118683815 0.784727013111114 0.754664385318756
0.824964433908463 0.661758059263229 0.527624842524528 0.723106622695923 0.666268843412399 0.749167114496231 0.716018629074097 0.627451944351196 0.621142953634262 0.473452150821686 0.430432417988777 0.431918796896935 0.614235883951187 0.639489740133286 0.59571795463562 0.614714562892914 0.569906783103943 0.755012381076813 0.468566107749939 0.440625327825546 0.490569055080414 0.490327706933022 0.422934967279434 0.495718887448311 0.671887016296387 0.44305939078331 0.409331744909286 0.417172759771347 0.539871805906296 0.4590416431427 0.640793466567993 0.661076718568802 0.430422258377075 0.49024555683136 0.51887409389019 0.70602542757988 0.872028875350952 0.920488798618317 0.814949822425842 0.945989525318146 0.8000324010849 0.883055847883224 0.754463881254196 0.775250911712646 0.730359250307083 0.838173526525497
