Maxent_result_files_1/Bombus_cryptarum_2.asc
NCOLS 594 
NROWS 330 
XLLCORNER -15 
YLLCORNER 23 
CELLSIZE 0.166666666666667 
NODATA_value -9999 
[rows 100 to 119 of 330, columns 230 to 275 of 594]
0.474826318025589 0.3865782558918 0.106728909909725 0.438800668716431 0.393137988448143 0.328284403681755 0.150641153752804 0.359673511981964 0.427705729007721 0.436887809634209 0.506367486715317 0.424880883097649 0.333557325601578 0.335769671201706 0.351065546274185 0.389586079120636 0.352972477674484 0.30379930883646 0.337834072113037 0.314326155185699 0.258865995705128 0.479904353618622 0.397628903388977 0.527063676714897 0.397787341475487 0.274684873223305 0.313679108023644 0.364109337329865 0.475940430164337 0.366045752167702 0.347562974691391 0.212284488976002 0.31028154194355 0.446820679306984 0.168926401436329 0.264495223760605 0.177571323513985 0.22572026103735 0.119691052287817 0.277548657357693 0.465274748206139 0.732713961601257 0.678203427791595 0.683158206939697 0.690261471271515 0.694427967071533
0.411779254674911 0.421910232305527 0.350553408265114 0.47732073366642 0.472066548466682 0.371743342280388 0.505388486385346 0.439656835794449 0.447289380431175 0.495319044589996 0.467255410552025 0.371685668826103 0.343495234847069 0.188624346256256 0.329135817289352 0.363349777460098 0.412453308701515 0.338001191616058 0.381587624549866 0.341327333450317 0.375006800889969 0.386058354377747 0.286519804596901 0.393572303652763 0.316809096932411 0.115109987556934 0.256953367590904 0.258704003691673 0.359688365459442 0.765499114990234 0.286712147295475 0.240180324018002 0.183021622896194 0.310668861865997 0.25538372695446 0.240781271457672 0.2601697742939 0.240313869714737 0.121482124179602 0.252013169229031 0.534386989474297 0.76879391670227 0.685122293233871 0.685323232412338 0.678602015972137 0.674248933792114
0.367037096619606 0.398980611562729 0.550871893763542 0.519150266051292 0.572991049289703 0.472061827778816 0.513420096039772 0.515828818082809 0.419384574890137 0.446369031071663 0.434516614675522 0.380215844511986 0.396901640295982 0.775741529464722 0.523356771469116 0.322508639097214 0.368310540914536 0.387938567996025 0.467858734726906 0.35285661816597 0.422886836528778 0.311875376105309 0.316227248311043 0.321589747071266 0.501400870084763 0.392905098199844 0.318644347786903 0.359051451086998 0.311709454655647 0.30063704252243 0.275442986190319 0.433237126469612 0.303476640582085 0.212456178665161 0.279423198103905 0.280994644761085 0.285761255025864 0.084553624689579 0.134124378114939 0.13537335395813 0.276553797721863 0.274605794250965 0.730592733621597 0.583969125151634 0.645200073719025 0.638501733541489
0.382944735884666 0.130709284543991 0.100934798270464 0.556287610530853 0.486867216229439 0.399656018614769 0.459218698740005 0.503355598449707 0.506877845525742 0.490180426836014 0.434013241529465 0.434643390774727 0.371825081110001 0.399229648709297 0.370812696218491 0.230558297038078 0.297434850037098 0.355150386691093 0.338076791167259 0.314653560519218 0.225074310600758 0.35226369202137 0.343569561839104 0.386811223626137 0.381715571880341 0.412893146276474 0.339880046248436 0.339161485433578 0.291018128395081 0.240322464704514 0.287399074435234 0.297208917140961 0.478965726494789 0.271638186275959 0.297968789935112 0.245742480456829 0.184864716231823 0.168443371355534 0.245835326611996 0.268788421154022 0.231817369163036 0.258874967694283 0.369955068826675 0.658878886699677 0.606117105484009 0.612828701734543
0.414799553155899 0.332824119925499 0.503368377685547 0.513172781467438 0.519582563638687 0.448995712399483 0.468349519371986 0.472161021828651 0.536193174123764 0.486566764116287 0.38733457326889 0.431808808445931 0.47153288424015 0.407740303874016 0.275988003611565 0.276759520173073 0.175119970738888 0.400417649745941 0.400838226079941 0.202726572751999 0.293704569339752 0.482474741339684 0.17835392691195 0.0504333350545494 0.41567140519619 0.348264366388321 0.34317883849144 0.335995799303055 0.456060796976089 0.70309881567955 -9999 -9999 0.291929920017719 0.182345023751259 0.165699385851622 0.315737861394882 0.270004898309708 0.248375311493874 0.328003641963005 0.474375253915787 0.400396206974983 0.328861927986145 0.301868492364883 0.413227504491806 0.601140403747559 0.570309007167816
0.501569846272469 0.428829407691956 0.514811018109322 0.507600694894791 0.438595896959305 0.37337552011013 0.396350458264351 0.502814084291458 0.4756601780653 0.502226659655571 0.437480045109987 0.417785185575485 0.454162293672562 0.379605025053024 0.399334099888802 0.229650504887104 0.458101224899292 0.580461347103119 0.47657784819603 -9999 -9999 -9999 -9999 -9999 -9999 -9999 -9999 -9999 -9999 -9999 -9999 0.332029551267624 0.413118797540665 0.346638712286949 0.334261393547058 0.492341703176498 0.36776565015316 0.268383231759071 0.30360498726368 0.254243344068527 0.324563264846802 0.341298338770866 0.287340575456619 0.031609651260078 0.114925968647003 0.532576540112495
0.51512356698513 0.527634379267693 0.51731573343277 0.353378739953041 0.560957497358322 0.518161103129387 0.503376379609108 0.806114310026169 0.957647001743317 0.592278594896197 0.999959337711334 0.889842563867569 0.665379422903061 -9999 -9999 -9999 -9999 -9999 -9999 -9999 -9999 -9999 -9999 -9999 -9999 -9999 -9999 -9999 -9999 -9999 -9999 -9999 -9999 -9999 0.278876496851444 0.213244521617889 0.360309430956841 0.415454944968224 0.478347054123878 0.295885539054871 0.324089139699936 0.300051414966583 0.25886766910553 0.13327776119113 0.0330479476600885 0.0601584419608116
0.669167912006378 0.58381684422493 0.56831032037735 0.614520126581192 0.531135305762291 0.709412091970444 0.678025448322296 0.790976357460022 -9999 -9999 -9999 -9999 -9999 -9999 -9999 -9999 -9999 -9999 -9999 -9999 -9999 -9999 -9999 -9999 -9999 -9999 -9999 -9999 -9999 -9999 -9999 -9999 -9999 -9999 -9999 -9999 -9999 -9999 -9999 -9999 0.0834898054599762 0.762717831134796 0.79220632314682 0.309784233570099 0.349947518110275 0.0928677685558796
0.654816389083862 -9999 -9999 -9999 -9999 -9999 -9999 -9999 -9999 -9999 -9999 -9999 -9999 -9999 -9999 -9999 -9999 -9999 -9999 -9999 -9999 -9999 -9999 -9999 -9999 -9999 -9999 -9999 -9999 -9999 -9999 -9999 -9999 -9999 0.824635463953018 0.099768890440464 0.248354907333851 0.519220581650734 0.372086012363434 -9999 -9999 0.523643263429403 0.809792855381966 0.552011558413506 0.256466437876225 0.131226655840874
-9999 -9999 -9999 -9999 -9999 -9999 -9999 -9999 -9999 -9999 -9999 -9999 -9999 -9999 -9999 -9999 -9999 -9999 -9999 -9999 -9999 -9999 -9999 -9999 -9999 -9999 -9999 -9999 0.9207155585289 -9999 -9999 0.146427367627621 0.53198384642601 0.386979588866234 0.37288316488266 0.152934902906418 0.301014566421509 0.176607921719551 0.171666847169399 0.23802834302187 0.859994870424271 0.755813854932785 0.823115354776382 0.802426660060883 0.317676857113838 0.0369481772184372
-9999 -9999 -9999 -9999 -9999 -9999 -9999 -9999 -9999 -9999 -9999 -9999 -9999 0.914402228593826 0.789175927639008 0.91169114112854 0.974994885921478 -9999 -9999 -9999 -9999 -9999 -9999 -9999 -9999 -9999 -9999 -9999 0.823166906833649 0.0970248892903328 0.113701999932528 0.0835322998464108 0.205566485226154 0.2281588986516 0.291747395694256 0.265067505836487 0.219145737588406 0.204212456941605 0.178289976716042 0.19880149513483 0.716752994060516 0.179126580059528 0.157086555659771 0.115667106956244 0.096165194362402 0.139629599452019
-9999 -9999 -9999 -9999 -9999 -9999 0.236378073692322 0.988362544775009 0.999806791543961 0.892913484573364 0.457420894503593 0.483982586860657 0.513065105676651 0.133754398673773 0.126587203890085 0.150904060900211 0.267801301181316 0.243733651936054 0.4008594840765 0.224569377303123 0.125719358772039 0.702410006523132 0.68464869260788 0.799684309959412 0.598321801424026 0.80593546628952 -9999 -9999 0.804903417825699 0.602003180980682 0.251329478621483 0.317482781410217 0.242320704460144 0.202260248363018 0.0608745113015175 0.18473924100399 0.188153673708439 0.170788894593716 0.128626100718975 0.178040160238743 0.250154210627079 0.17554170191288 0.120145730674267 0.100519775599241 0.0334570663049817 0.0157369065098464
-9999 -9999 0.973068368434906 0.383621945977211 0.460072442889214 0.202887213230133 0.347518789768219 0.36889064013958 0.389884749054909 0.363663059473038 0.343493488430977 0.30459118783474 0.184926165640354 0.125406868010759 0.267661656439304 0.349838748574257 0.252493259310722 0.250714680552483 0.229815737903118 0.238514624536037 0.0858663693070412 0.0737878132611513 0.0655054941773415 0.107789821177721 0.223559811711311 0.292613250017166 0.261091503500938 0.0943468490615487 0.318111979961395 0.24486428797245 0.225083112716675 0.0638062503188848 0.102263007313013 0.0735259555280209 0.218885768949986 0.0798996899276972 0.0617455877363682 0.0750131968408823 0.0380470687523484 0.0800663247704506 0.157964657247066 0.0338578248396516 0.0207877578213811 0.0226598689332604 0.0330342656001449 0.0123546344228089
-9999 0.121792655438185 0.154328990727663 0.0410824513062835 0.273468860983849 0.336235831677914 0.123114366084337 0.211320173740387 0.411087253689766 0.370836526155472 0.494962421059608 0.162519852817059 0.130675615370274 0.234676502645016 0.22839839309454 0.255876629054546 0.257181192934513 0.233382970094681 0.240836557745934 0.234617196023464 0.0847674299031496 0.0599184425547719 0.0298696139827371 0.0598550267517567 0.1100182518363 0.0439025595784187 0.066636823117733 0.0837454199790955 0.196180404722691 0.203065569698811 0.0752360496670008 0.163153101503849 0.0481820110231638 0.0457232421264052 0.147102738916874 0.0443134067580104 0.0405538743361831 0.0204744200222194 0.0259613556787372 0.0198070869781077 0.0153526956215501 0.0253647236153483 0.0142443621531129 0.0215860023163259 0.0196418592706323 0.01504908176139
-9999 0.0901354975998402 0.298805284500122 0.152233238518238 0.334625855088234 0.218325778841972 0.243135349452496 0.412513130903244 0.350431755185127 0.314189553260803 0.211330936849117 0.134942300617695 0.430975732207298 0.34357123374939 0.24938952177763 0.240740676224232 0.263409128785133 0.20937635153532 0.17859903126955 0.262034764885902 0.195723406970501 0.178601369261742 0.354652294516563 0.425278544425964 0.466066583991051 0.467179280519485 0.119687388837337 0.0487906742841005 0.04487423915416 0.0433551417663693 0.0620666828006506 0.0466907477006316 0.187806265056133 0.0493491429835558 0.138572749495506 0.0531728388741612 0.0136985449120402 0.0132450263015926 0.0329829474911094 0.0753965478390455 0.0146178255788982 0.0433236144483089 0.0207353107631206 0.146772688627243 0.042259094119072 0.0323151975870132
-9999 0.101985868066549 0.143634653091431 0.27363452911377 0.32554759979248 0.159670829772949 0.311926054954529 0.235018087923527 0.273891443014145 0.100881011784077 0.131205569207668 0.123253154009581 0.274093246459961 0.237747655808926 0.24739346653223 0.231371222436428 0.252041813731194 0.223593044281006 0.22289891242981 0.255338503420353 0.21586549282074 0.147085501253605 0.148904334008694 0.478678676486015 0.473200529813766 0.47011593580246 0.12546176686883 0.0752676106989384 0.0550391992554069 0.0430526660755277 0.0450465241447091 0.0659941725432873 0.0398017099127173 0.0429771848022938 0.0814692839980125 0.180916771292686 0.0525767683982849 0.0258656563237309 0.102475886791944 0.339516001939774 0.115642515569925 0.068022071570158 0.0706377524882555 0.0719887811690569 0.0732828166335821 0.0289213182404637
-9999 0.480589720606804 0.0939215093851089 0.194047500193119 0.189427115023136 0.184383791685104 0.155028700083494 0.274248379468918 0.303047886490822 0.183248242735863 0.116050828248262 0.128353662788868 0.250077821314335 0.250010758638382 0.249131600558758 0.237929992377758 0.0520505353808403 0.208866722881794 0.160005233436823 0.237467795610428 0.230561931431293 0.183726820349693 0.214110438525677 0.155980767309666 0.483011150360107 0.476143369078636 0.221851079165936 0.0233580222353339 0.0152805403806269 0.0255891131237149 0.0884915348142385 0.0444220801815391 0.0454653492197394 0.0695839114487171 0.0437378562986851 0.0535113712772727 0.0571468688547611 0.135812560468912 0.161323127150536 0.181716461479664 0.167598600685596 0.138809511810541 0.0474609334021807 0.0601545289158821 0.0197200859896839 0.0298139832913876
-9999 -9999 0.191261100769043 0.102933520823717 0.0377162044867873 0.260469283163548 0.71352052539587 0.307388317584991 0.0927557572722435 0.147615651786327 0.0406541427597404 0.133022109419107 0.233048023283482 0.402709591388702 0.216154922544956 0.215515737235546 0.260133671760559 0.0766821764409542 0.248794050514698 0.2187171459198 0.617529302835464 0.204257421195507 0.11606989055872 0.0423596555367112 0.116139037162066 0.35191844701767 0.224196594953537 0.0405001921579242 0.0507394403219223 0.115563883632421 0.0437414662912488 0.0464229101315141 0.0674639698117971 0.0607357483357191 0.098120005428791 0.0176416842266917 0.0541407573968172 0.190810254216194 0.115012172609568 0.043949468806386 0.0473670879378915 0.109942588955164 0.13672883734107 0.0160357370972633 0.0265606401488185 0.120394898951054
-9999 -9999 -9999 -9999 -9999 -9999 -9999 0.514805170893669 0.125026775151491 0.104376874864101 0.0818122949451208 0.236462135612965 0.282094688713551 0.25929769128561 0.281649227440357 0.264470642805099 0.390564236044884 0.223596297204494 0.247641655802727 0.238025540113449 0.225767865777016 0.21212505698204 0.220285411179066 0.120374201983213 0.0434969026595354 0.0232739212922752 0.0262140464037657 0.0394102247431874 0.0360539438202977 0.0973725117743015 0.0792906485497951 0.0619249623268843 0.0500783586874604 0.0591286402195692 0.103313545882702 0.0845352053642273 0.0717235814779997 0.0579009853303432 0.0171071032062173 0.0110164745245129 0.0360484359785914 0.0486191134899855 0.0490394718945026 0.142008341103792 0.0418053053319454 0.182522770017385
-9999 -9999 -9999 -9999 -9999 -9999 -9999 0.177364481985569 0.301006807386875 0.131708949059248 0.161071290075779 0.275960017740726 0.224989433586597 0.243038231134415 0.257952243089676 0.256928008794785 0.384581047296524 0.256192493438721 0.194799539446831 0.156047603487968 0.215073503553867 0.264993426203728 0.212323671579361 0.125885143876076 0.120316201448441 0.167952178418636 0.211084112524986 0.333998388051987 0.0859163764864206 0.179834987223148 0.107951976358891 0.0575518298894167 0.111521358788013 0.0646635994315147 0.099975623190403 0.0524471558630466 0.0514974942430854 0.0439351992681623 0.0765503387898207 0.130043836683035 0.162568667531013 0.163643149286509 0.153663326054811 0.147659318894148 0.140634070336819 0.0902004361152649
