Maxent_result_files_1/Bombus_quadricolor_3.asc
NCOLS 594 
NROWS 330 
XLLCORNER -15 
YLLCORNER 23 
CELLSIZE 0.166666666666667 
NODATA_value -9999 
[rows 80 to 99 of 330, columns 506 to 551 of 594]
1.08716798821185e-06 4.42871258865551e-07 6.31901272840629e-07 5.44005460423325e-07 1.23610049813649e-06 1.94830938706758e-06 6.9126803284858e-07 9.13175402750266e-07 7.03770951870908e-07 1.34171128078897e-06 6.00328178512743e-07 5.05362880787175e-07 4.27271818148611e-07 4.09970630710355e-07 2.94498442112712e-06 3.68134816035592e-06 1.37983473558201e-06 1.57605711956776e-06 1.96352909540565e-06 1.13722859573784e-06 7.25093797160348e-07 1.11278707191076e-06 1.1103397421719e-06 1.86636909900173e-06 9.08578887504063e-07 6.546067419122e-07 6.87337327009985e-07 5.53579108486524e-07 1.1441030249415e-06 1.10358082241468e-06 5.66321098505185e-07 1.02538042883182e-06 1.13861231771928e-06 6.64293930485727e-07 7.47848058180178e-07 2.52993491898224e-06 1.68374755911138e-06 2.47813894329596e-06 2.2037415161158e-06 2.56521517218999e-06 1.40146114882e-06 2.17487533999972e-06 2.28484686379815e-06 4.80811725225294e-06 2.17562687119255e-06 2.87790809503363e-06
1.53689953741321e-06 1.29837974975899e-06 6.2163740335297e-07 7.61123055448287e-07 4.79424743038415e-07 7.35384646688431e-07 1.20659036495496e-06 6.63138708567601e-07 1.27878852786978e-06 9.52258562625374e-07 4.62902233178131e-07 1.11510759301936e-06 1.36855869756758e-06 1.60293909505782e-06 2.43535398283257e-06 2.36777951609923e-06 1.62129887542051e-06 2.9537909085775e-06 1.74446041985021e-06 8.16631532529755e-07 7.96455501461679e-07 5.86693555115758e-07 7.38787454734879e-07 2.40043615877816e-06 2.47435327986878e-06 2.08398463317216e-06 6.55853816744489e-07 1.4044982715955e-06 1.12936173728428e-06 4.29650292232964e-07 8.07849201400757e-07 1.1258090854227e-06 1.50355943167035e-06 1.8552944093031e-06 2.22310818096538e-06 3.14577569771046e-06 1.22142777940759e-06 2.7418115207567e-06 3.06351086187817e-06 1.30428171609687e-06 3.09025134956897e-06 2.37225382280215e-06 9.84403400128286e-07 1.4370391376417e-06 1.21460091055958e-06 9.91662860627685e-07
3.79416089113516e-07 1.71594613487258e-06 1.25289145520568e-06 2.03422348388216e-06 2.58364274969836e-06 7.80670859512611e-07 1.0964195053198e-06 8.65198052757421e-07 1.09667316454676e-06 2.10355952336982e-06 2.88716209917439e-07 2.02633610513203e-06 1.24966613306299e-06 1.10302380007532e-06 1.90638102131047e-06 2.00240589931511e-06 1.46287551312518e-06 1.87923162497938e-06 7.88519171113222e-07 7.23402484359426e-07 7.59231846680919e-07 9.36522109351578e-07 2.69129590613204e-06 2.17117923400068e-06 8.4149412808987e-07 6.8142678815164e-07 7.1372007673931e-07 1.03384568483911e-06 6.81611035169283e-07 2.42822723954816e-06 1.55822787961668e-06 6.12422596901752e-07 6.79799643221735e-07 1.67457671551574e-06 8.65057296506322e-07 2.01473721270773e-06 1.43194026271942e-06 2.33236347977339e-06 2.08478302559101e-06 3.59862707135505e-06 1.07482327642572e-06 4.70232594373954e-07 1.36028897070872e-06 1.37821623518164e-06 2.80315174245871e-06 2.35994225739056e-06
3.53958831205148e-06 1.43192103361223e-06 1.76923854438016e-06 2.80542960719998e-06 2.08590654917629e-06 3.61197762615006e-06 2.04105948737876e-06 2.7237109428313e-06 2.2508005957711e-06 2.89077643707003e-06 4.01575827702061e-06 3.44444062569949e-06 1.67490784539481e-06 5.73770212897173e-07 1.45642451587769e-06 1.6292890473224e-06 7.45559797010742e-07 5.65203489066857e-07 6.68365034584006e-07 1.08008296346718e-06 7.43670097280713e-07 1.1479423053018e-06 1.94685693211127e-06 1.31686565487676e-06 1.36407122690585e-06 6.60389355200408e-07 1.15804934379682e-06 1.01279757220851e-06 1.38569126635346e-06 7.91513117937015e-07 6.06845722161964e-07 8.67925354963717e-07 1.05849453992946e-06 1.95297177389975e-06 1.30636067916523e-06 1.18547400336233e-06 8.92691335818707e-07 9.9013060455011e-07 1.52158519490797e-06 1.00344455420398e-06 1.38818040369415e-06 7.86800637930796e-07 1.57560744815655e-06 2.3198489307763e-06 4.41767893510914e-07 1.41637570703068e-06
5.26886198706222e-06 4.08507199800567e-06 3.28767681203601e-06 3.32332740597963e-06 5.4920268070191e-06 6.24607117742926e-06 7.14512786998966e-06 2.36267887796515e-06 2.22580867603739e-06 2.49092370978588e-06 1.54275172690177e-06 1.92432697661005e-06 1.43167615584971e-06 2.18224424131108e-06 1.43483348367113e-06 9.17804663158606e-07 1.06323994044644e-06 1.4145926941822e-06 1.7995763605505e-06 1.76690197215557e-06 1.97268622992297e-06 1.89562005132871e-06 1.36632908529499e-06 1.08728156646976e-06 8.58232571721018e-07 1.66895695628e-06 7.9235034760039e-07 6.70082497045144e-07 5.98416780706046e-07 1.07666412243468e-06 1.16068949691517e-06 1.84636671534122e-06 1.3265245110361e-06 2.39869031153361e-06 9.13373421695951e-07 1.65969674053024e-06 1.26700126878987e-06 1.19360445731687e-06 4.97156245753416e-06 5.56228844601492e-06 5.61688069709021e-06 5.95109074836841e-06 5.91645836287569e-06 2.4244085603975e-06 1.6552691809224e-06 1.07903827282207e-06
6.62883242199541e-06 3.86367042253255e-06 3.46015463854599e-06 1.46321292895379e-06 2.16470706853045e-06 7.03195874010021e-06 2.98448450255506e-06 2.31364600846717e-06 2.39416416327742e-06 2.32799310921905e-06 2.71414658996605e-06 3.98432386514713e-06 4.99581016981665e-06 3.05614205888816e-06 1.22951165160146e-06 1.25219638809071e-06 1.44487170703478e-06 1.52747814872178e-06 4.76235614303988e-06 5.83598495467186e-06 5.41084013150339e-06 3.47620101912582e-06 1.90028848514601e-06 2.06263637085868e-06 3.2483067364808e-06 4.72653421361713e-06 4.30609524393333e-06 1.9497885770825e-06 1.97217567468044e-06 1.28133989205637e-06 9.38934677296999e-07 1.80444841539895e-06 4.03251043294972e-06 8.22794685362283e-07 1.75717857460178e-06 2.24197813629701e-06 1.69539063947788e-06 6.37685512074881e-06 3.34094467255852e-06 6.56691307945323e-06 5.08260498861546e-06 3.57138871933671e-06 8.62059303718965e-07 3.16765230934379e-06 8.32152597638469e-06 4.62664768718923e-06
2.26146854799936e-05 4.69519330437151e-06 1.14839478428053e-05 1.530589310903e-05 6.41624236266125e-06 5.82156157733493e-06 1.02345837234452e-05 4.50100720534863e-06 9.09917423541629e-06 6.0834071401672e-06 4.563037783889e-06 7.98219939444067e-06 4.21371614862664e-06 3.25541838570587e-06 3.00114160829423e-06 2.39917403010992e-06 3.83646524895198e-06 4.87342309938299e-06 3.32463808412342e-06 1.92842876378663e-06 1.36911649599725e-06 1.27793535060761e-06 3.50883348456676e-06 5.40138013249702e-06 6.30762349231873e-06 5.00238698428745e-06 6.08346643780067e-06 8.33577529277818e-06 6.64873796516474e-06 3.31769877384147e-06 4.32546777560106e-06 2.82565594487139e-06 1.67693498099197e-05 2.04861658303912e-06 4.19686169141897e-06 2.8362818676797e-06 1.37500937253954e-06 2.34906491991538e-06 3.39199972803073e-06 2.60584593529956e-06 4.80668832913977e-06 5.63474843140455e-06 6.37053588548042e-06 4.79979849981049e-06 8.8127691732609e-06 8.20414481026432e-06
3.82211518967779e-05 1.41276149292935e-05 6.11469758950989e-06 1.27855626530504e-06 8.16247738271159e-06 4.65853302245023e-06 7.03009892717432e-06 2.43308317724455e-06 8.40415781624415e-06 2.64380197325664e-06 3.8849270152852e-06 2.54661069156725e-06 4.41900176202381e-06 4.02727146386894e-06 6.78916145133712e-06 6.31745331816091e-06 5.89763128751031e-06 6.84988585319957e-06 7.41235015979669e-06 2.91488959636155e-06 3.19822400491887e-06 2.98160452700813e-06 4.02638734549043e-06 3.33800101746107e-06 2.58416519791638e-06 3.64710708780081e-06 2.98247669228147e-06 5.89323310329348e-07 4.39908983231874e-06 2.85314003569681e-06 3.63477855813699e-06 3.95460994919716e-06 8.24194911031029e-07 2.76498472064901e-06 2.42457081238712e-06 3.95653145837116e-06 4.98523761045533e-06 2.77746452281846e-06 2.07341892144441e-06 3.03572083915071e-06 4.34088627176976e-06 3.37608282947599e-06 2.09740859187235e-06 1.77481890215603e-06 3.21849542892494e-06 1.76219157834723e-06
3.41182917154015e-06 6.11523602724873e-06 2.41192921244249e-06 2.39788466984692e-06 6.43925757017882e-06 8.27205582751844e-06 2.49027983798555e-06 6.83028063690472e-06 6.50892427174199e-06 4.16051495015779e-06 3.35603383199157e-06 2.16970808217809e-06 2.28929836012526e-06 2.5433767994798e-06 3.1310793609407e-06 6.10979719617433e-07 3.17366189470647e-06 5.07877001147961e-06 4.7140873476792e-06 2.79604738082639e-06 3.76804149855303e-06 3.89199448793676e-06 5.18431134217678e-06 3.947327119036e-06 3.10032159038798e-06 1.4668243663607e-05 2.05103235284554e-06 1.21245649413737e-06 2.19480111223191e-06 5.08940826904336e-07 3.41432017192389e-07 9.93137470306493e-07 4.43187901026931e-06 4.85319730465505e-06 2.12740988523308e-06 3.39233832242769e-06 2.53505623996064e-06 4.02415243172527e-06 3.30694268484422e-06 1.98471206545037e-06 1.12247031855972e-06 6.04552687910598e-07 9.98081072545176e-07 2.54857525927576e-06 2.41872682300581e-06 2.27422357497176e-06
2.60613606636761e-05 1.86446205193924e-05 9.2572703564997e-06 2.87089203652613e-05 3.48979613988831e-06 2.13724648805425e-06 8.32116540294692e-06 9.50417135925363e-06 7.99528448709452e-06 5.78453857222883e-06 3.45695380161715e-06 1.39290444735707e-05 1.84082201457159e-05 1.22101032559385e-05 1.05593396639847e-05 4.5582727235427e-06 1.42648679517521e-06 7.24493225092715e-06 4.54370823401717e-06 2.29825828039765e-06 1.13250069674109e-05 2.10107130982351e-06 7.66692960851856e-06 7.20993762257649e-06 8.01599973243583e-06 7.26415621770116e-06 4.21752199315506e-06 3.41504038061657e-06 1.9092099401874e-06 4.30428143936013e-06 9.57521074411716e-06 5.69066753683956e-06 3.09149245403262e-06 4.21314167802223e-06 4.84555691038224e-06 3.22039564135679e-06 1.42268445397775e-06 8.41492247616316e-06 8.36432486437388e-06 1.24491594725384e-05 3.6147876116388e-06 3.30832352659627e-06 2.69839755642209e-06 3.18045634504216e-06 1.58266124756778e-06 1.32214090813321e-06
4.44577183635886e-06 1.33287575877716e-05 1.00997025803906e-05 4.85985180525006e-06 4.21801862735549e-06 2.55967274700453e-06 1.47503668898707e-05 5.67617392945863e-06 8.45647613942901e-06 4.20677677297476e-06 2.76001458416886e-06 8.68100051150123e-06 7.10548304638792e-06 3.59868805404062e-06 3.19552108365428e-06 1.00681142953363e-05 1.45715927146739e-06 1.21206226737058e-05 4.41099168959624e-06 4.97842762214873e-06 1.0844852509706e-05 9.52731722918543e-06 5.40358908622807e-06 2.56481214734094e-05 1.54832660086868e-05 6.14536644221175e-06 2.6730489704363e-06 5.25697423974236e-06 6.13002531935081e-06 8.21920278539778e-06 5.59239031829861e-06 4.71171041489526e-06 4.59575117517375e-06 5.08366230498325e-06 2.29575770998025e-06 1.98106133488807e-06 1.61957636946042e-06 2.13551250780597e-06 6.19394940386542e-06 5.88767386595634e-06 7.64619425623891e-06 7.30825470256491e-06 4.4562403346049e-06 5.70894423823631e-06 3.72795758760702e-06 1.46438796555515e-06
4.2551465435281e-05 2.5178130454151e-05 4.20351709990996e-06 1.55705162526942e-05 3.73746530151209e-06 4.06975988305192e-06 6.55730113479081e-06 5.41101467810279e-06 2.45152377882363e-06 1.55765498561777e-05 1.58609749092875e-05 2.28899586119269e-05 1.47264428591143e-05 9.46673387005603e-06 9.91547576632001e-06 1.55112100969745e-05 1.19511585992882e-05 4.36674623287558e-06 1.69929884549447e-05 2.49521773355355e-05 2.05617589585927e-05 1.26686102703388e-05 1.26869902715043e-05 1.77813967553675e-05 1.42516583480301e-05 1.65523681403101e-05 3.05471450360528e-05 4.29025621038193e-06 5.85119737586126e-06 3.46651331071257e-06 3.84608487742355e-06 5.35896939588554e-06 3.77241299815978e-06 4.73929565316666e-06 4.05818694524385e-06 5.47601978624357e-06 5.30160727336693e-06 4.39684038511245e-06 7.31480280506958e-06 6.47663506576635e-06 9.71279294716965e-06 1.93427227888066e-06 3.72185256516389e-06 3.13350338352336e-06 1.21915975825893e-06 1.83176107615424e-06
6.57473878575843e-06 1.4090644910425e-05 3.26590009009919e-06 8.69992965064625e-06 1.4201659423918e-05 3.79579596234692e-06 1.85822901926258e-05 3.02879518869759e-06 2.46188467585284e-06 1.7579891093078e-05 1.34198975416666e-05 1.60063946424316e-05 1.14909841244071e-05 6.18006650725533e-06 4.56943989171066e-06 1.37102087506946e-05 1.73103087433901e-05 1.67673125076817e-05 1.91737580820472e-05 1.67647074960087e-05 1.56987590813173e-05 7.11907959711766e-06 1.50434577136593e-05 1.70187153941015e-05 1.64152758600267e-05 6.66826514574836e-06 1.86290819812029e-05 8.03407527030231e-06 3.94122472400227e-06 6.63543033851965e-06 4.74901157403451e-06 5.2609553861771e-06 5.9060862056981e-06 6.00700841744128e-06 5.44087416898265e-06 6.56903549796084e-06 4.81944488903707e-06 3.66748982276732e-06 4.87459626761222e-06 7.51628644515279e-06 1.17770202763268e-05 5.67577496859428e-06 3.52755787247361e-06 4.77568637151649e-06 3.23270064175318e-06 2.29208756765686e-06
1.93805570773975e-05 4.4935961248882e-06 5.9040974612401e-06 2.48775075505137e-05 4.05585711291678e-05 7.67629603899422e-06 1.08372672187329e-05 2.63821755197569e-06 4.55514016053371e-06 7.07744286074785e-06 2.12216000022636e-05 1.83989713008259e-05 5.28770647463261e-06 4.74446114395732e-06 1.38605962348493e-05 2.60890487339793e-05 1.86598995782106e-05 1.55329619076383e-05 2.17919264059674e-05 2.00653723879896e-05 1.96369140411434e-05 2.28542797458431e-05 1.2276981777859e-05 9.7417457070037e-06 6.75663301379359e-06 4.12414840837982e-06 8.4593931433119e-06 2.20248298489878e-05 8.84736860484736e-06 1.1368979197357e-05 9.42028200014988e-06 5.95503232574401e-06 1.05402405750965e-05 1.16542851031909e-05 8.45672777316508e-06 3.38175992187217e-06 4.9109260935154e-06 5.00770543609974e-06 5.60694710252108e-06 8.31550697242278e-06 1.64648926443078e-05 2.47163117617077e-06 6.98663811817823e-06 7.65188259137517e-06 7.84257552837175e-06 5.06082087348148e-06
2.55256637728962e-05 1.90263042640026e-05 7.06368896032927e-06 1.71059753398595e-05 1.10069614258634e-05 1.60768846868109e-05 1.13467050383065e-05 8.78700507200847e-06 5.8390222250182e-06 2.27881257842455e-05 2.03873711541291e-05 8.01520906037467e-06 2.06373398611959e-05 3.68084233244303e-06 5.53419309063941e-06 8.36773322063777e-06 8.59775007171493e-06 1.57619752656046e-05 2.29207824247624e-05 1.92654528575531e-05 2.48831438739217e-05 2.12458107000657e-05 1.89622310955428e-05 8.69609677742744e-06 4.3975020226128e-06 5.06087874576622e-06 6.50568992455192e-06 1.49104679337597e-05 1.03229381821279e-05 1.16582469473769e-05 1.08492637536983e-05 1.67300722296204e-05 1.42211269618997e-05 6.81831136901678e-06 6.69473747976213e-06 5.33938199112072e-06 1.21562560387645e-05 2.09911693445974e-05 8.462396998965e-06 1.206659465538e-05 1.85186632194245e-05 1.30982491455711e-05 1.78143354844451e-05 7.20647568641652e-06 5.22735966512755e-06 1.91406666019134e-06
0.00010382227910668 8.60393664879666e-05 5.89654382451954e-05 3.06545853391071e-05 1.34110390661135e-05 5.23167522956669e-06 6.3338676888236e-06 2.42616055913913e-05 2.0436540216906e-05 8.92383082131687e-06 1.94713565775828e-05 2.91991443134521e-05 2.12955298479756e-05 8.25763521845602e-06 1.71293973437514e-05 1.07351541402068e-05 6.83584061533793e-06 4.96234843723187e-06 2.04976116151556e-05 1.89470346612097e-05 1.87335507746411e-05 2.84059481373333e-05 2.25154516044768e-05 2.12185786381269e-05 4.32209401424188e-06 6.67152676783189e-06 3.97212221301402e-06 3.73837921131326e-05 1.68974802079447e-05 2.74296891063841e-05 8.88280858859503e-06 1.01723330843129e-05 5.77161365811207e-06 9.00943222816863e-06 4.17593736798949e-06 4.78372109533609e-06 1.42271252357773e-05 9.39254773442144e-06 1.35231640584266e-05 3.31009843364427e-05 1.25552878003532e-05 3.16867900522766e-05 1.45800030836085e-05 9.27436298994166e-06 5.76076934208913e-06 9.43706226674834e-07
5.24334947300531e-06 4.43914399426149e-06 3.465506908924e-05 1.14270780898096e-05 6.76213413868254e-06 1.47952003089813e-05 1.02251866536562e-05 9.71255758912548e-06 3.93724093470382e-06 5.13931690910852e-06 1.83998436483535e-05 2.44179348328544e-05 2.20905568085072e-05 2.09513862841959e-05 1.81418821085799e-05 5.42185520515659e-06 1.57971481439034e-05 4.35602175663519e-06 6.94719257587906e-06 2.12368629433968e-05 2.25301042803494e-05 2.15050783367587e-05 1.97851269774674e-05 2.38361932645148e-05 2.76089916155797e-05 7.72076480899386e-06 8.45223066932022e-06 1.48139052509322e-06 3.10267698409916e-05 6.80237950803075e-06 5.25051814506128e-06 9.39595977484942e-06 8.50600892619013e-06 6.58378230582457e-06 1.55382142295934e-05 2.45192218898183e-05 1.2550716030546e-05 1.25325291918443e-05 2.42192518214779e-05 2.34131883473765e-05 1.25458677956658e-05 1.71821332287436e-05 1.07819252420427e-05 1.81401827354932e-06 1.35359747766017e-06 1.84823294773651e-05
3.88031516735055e-05 1.51998747583093e-05 1.37267149597164e-05 9.0718462089967e-06 6.86661024928981e-06 1.77707549710249e-05 7.64704213480627e-06 3.44825237519331e-06 1.04010512274044e-05 1.11360151493045e-05 3.50369707149412e-06 3.96796471697769e-06 2.49065774681867e-05 1.17492865257418e-05 1.6881983856365e-05 6.87907156589063e-06 1.27365743423979e-05 6.9179213276982e-06 1.43776899562909e-05 2.01693463907304e-05 9.43239993773659e-06 2.05573277980875e-05 1.97117022707971e-05 2.4889707225384e-05 1.76797592473577e-05 6.48272497016933e-06 8.9112723557605e-06 5.00547590895906e-06 5.97422966777117e-06 7.61134931153151e-06 5.07033764662879e-06 1.18447772550212e-05 6.44027592855423e-06 7.83417025864708e-06 9.37283213744422e-06 1.72056013298061e-05 1.38855522365589e-05 4.8974012116787e-06 1.74742042666765e-06 1.24582255267569e-05 3.85322018203738e-06 2.46743595226917e-06 3.58776106637038e-06 2.33237709039713e-05 8.31299546177888e-06 9.07040689526184e-06
1.72875626844871e-05 3.36095662220259e-05 2.10979502355713e-05 6.98734942474744e-06 2.46860954291606e-05 8.17014088880796e-06 2.47551833425064e-05 2.81159698033662e-05 1.71441565697705e-05 5.6951550718054e-06 3.3637588991553e-06 8.68033396201895e-06 3.82036691689791e-05 3.82614307397944e-05 2.17120625222833e-05 7.43115492127799e-06 9.85440892620204e-06 1.51810131043817e-05 6.05981156738267e-06 1.02018619827504e-05 6.32452503239733e-06 5.46130122884847e-06 5.08679625355057e-06 2.12893342961706e-05 2.30162977857162e-05 5.35131495809082e-06 1.73920365156732e-05 2.53926645541469e-05 1.03229109676306e-05 1.66930976604363e-05 2.73567654893725e-06 1.00915611895402e-05 1.37735367644609e-05 1.61635911615221e-06 1.29171133181671e-05 1.04634156386396e-05 1.1585625834698e-05 3.52924938056276e-05 5.46533303463548e-05 4.659655338628e-05 6.23855194817224e-05 1.84097597852428e-05 1.35985740968181e-05 1.89970591407018e-05 2.49281772426002e-05 2.28365824586296e-05
3.41332647707304e-05 1.30761722616057e-05 3.33355643277855e-05 5.52601214536708e-05 0.000139522702289696 3.95173256180215e-05 1.45457998712573e-05 1.48780335713639e-05 1.29067731066357e-05 3.01504397526742e-05 8.25170643565798e-06 1.52775959463725e-05 1.85945102884943e-05 8.10463788880611e-06 5.89096721569149e-05 4.66675490486068e-05 7.88920817491601e-06 8.24242496832994e-06 1.87458195000545e-05 8.12683532558367e-06 2.54316204518545e-05 1.05332638298705e-05 1.42670512659038e-05 1.78196118582719e-05 2.06221408276974e-05 2.13216001554883e-05 1.94320006983162e-05 1.60066477263854e-05 2.13726023261529e-05 1.68151698879626e-05 1.19079226166718e-05 1.80347172850759e-05 5.33602374979125e-06 1.45278429741325e-05 1.64854619256971e-05 2.06559363050474e-05 3.32334170650483e-05 3.74833694763765e-05 0.000151467989417142 3.52589999465636e-05 1.00694461839912e-05 6.7197177173739e-06 1.33596224074495e-05 1.11231854080351e-05 2.81111547995039e-06 8.07830147736555e-06
