Maxent_result_files_1/Bombus_modestus_3.asc
NCOLS 594 
NROWS 330 
XLLCORNER -15 
YLLCORNER 23 
CELLSIZE 0.166666666666667 
NODATA_value -9999 
[rows 63 to 83 of 330, columns 368 to 413 of 594]
-9999 -9999 -9999 -9999 -9999 -9999 -9999 -9999 -9999 2.13314699237799e-11 6.58350712834377e-09 2.00797348748338e-09 2.70464139973114e-10 8.73076611007662e-11 2.40757769276456e-10 9.37920630050826e-10 2.79120859758564e-09 1.74629457228015e-08 3.70208035449515e-08 7.30159945394604e-08 9.03192043044676e-08 2.00609194478396e-08 2.20926724692205e-09 1.09861677421996e-08 5.32701145417036e-09 4.67051900043813e-08 2.70656060896712e-09 7.47643891241268e-10 3.66202757007272e-10 2.74547518053225e-08 1.36027813235629e-08 3.26956584029148e-09 3.66940129392646e-09 5.21433674016691e-11 9.43638167605343e-11 8.99667650378078e-09 1.70706463409331e-09 3.14161063830198e-09 2.2159480361772e-09 3.07180492153947e-10 1.31441747486249e-09 5.67408865448371e-09 1.54007910868614e-09 2.5371874046165e-09 2.71376598970363e-09 2.70636435484306e-10
-9999 -9999 -9999 -9999 -9999 -9999 -9999 -9999 -9999 1.77057287165105e-08 3.55332619328408e-08 3.10198484898549e-08 1.5673503939162e-09 1.34620448122291e-10 2.24202956200514e-10 1.13515871147385e-09 2.04456467312042e-09 7.74326310848394e-09 2.06372781086372e-08 5.50455871772826e-08 1.95316020024094e-08 3.10157845628822e-08 2.05995222157807e-07 6.55711069885712e-09 1.57269056111353e-08 1.06171512692654e-09 1.15434109271284e-08 1.06367483709846e-08 2.0759150842764e-09 3.60290258738516e-09 2.2222213014178e-08 3.1822591139985e-08 2.70622171338886e-09 7.86996845469901e-10 2.30766209474709e-09 6.52431997316683e-11 1.52488135896078e-08 2.50065119722365e-09 7.38383957310518e-09 1.67145714602412e-08 5.79880587991966e-09 1.21964259802709e-08 9.15932341083447e-10 1.99853740223688e-09 7.15689074670678e-10 2.46423648153637e-10
-9999 -9999 -9999 -9999 -9999 -9999 -9999 -9999 6.20292039954506e-11 4.63834459174528e-08 2.64723518439425e-08 9.61247189845693e-08 2.00098002944848e-08 4.1456528543371e-09 1.44847556171612e-10 1.72150083077582e-10 3.3850923175649e-10 1.34303609344855e-09 5.10254269947552e-09 7.70378187797682e-08 2.25805987541516e-07 6.75264237470774e-07 8.71889375142487e-08 8.14606688215314e-08 2.30439948434302e-07 1.78971153208529e-07 1.00997840313255e-08 7.82425797485331e-09 8.23956036732909e-09 1.29904847989692e-08 9.94600178882976e-09 5.89200006562152e-09 2.68842601292008e-08 1.52124668417741e-09 2.71350719671659e-12 1.69718461506818e-11 5.66237912114076e-10 4.19193113554428e-10 1.22600166685416e-09 2.62335413392378e-09 5.5605907434142e-09 8.14673639659702e-10 9.22597709340778e-10 3.33268768137884e-10 1.7162387400127e-09 1.46090445296565e-09
-9999 -9999 -9999 -9999 -9999 -9999 3.04477221213517e-11 2.94643198728295e-11 1.90871547278704e-07 1.64842595262726e-07 2.50743301222212e-07 1.10390229357549e-07 2.47627881533319e-09 6.18808750907363e-09 6.18285844744548e-10 4.53014625811932e-10 8.81269542896135e-09 2.43634959318229e-08 1.88764743169756e-08 2.44485731659694e-10 1.0242221404333e-09 2.04009458215637e-09 1.39392688502937e-09 3.75116119721852e-08 2.45267514520364e-08 7.74907359391008e-09 4.60550707792606e-08 3.55447434152722e-08 1.70833432289186e-08 4.04926207675516e-08 1.26554652424282e-08 7.14096914933293e-10 1.15452005733374e-09 4.27947461911771e-09 4.56305793150591e-10 1.35580297766502e-08 3.43165319494076e-09 4.30363500392161e-10 5.91712382091991e-08 1.28826968537332e-08 2.21682405765478e-09 1.15399393263438e-08 9.19839140411938e-09 1.96926244200313e-08 2.63180551907105e-08 5.87552639874644e-09
1.94952451927355e-06 1.47214867114442e-06 9.35487093856047e-07 1.64912963798169e-06 6.02867447052624e-07 8.88394008413673e-07 4.71475161512025e-07 4.47740046916056e-07 2.23104330806523e-06 1.92534515975895e-06 1.79614460005251e-07 2.6098541517916e-07 1.68761553620556e-09 6.44661524162871e-10 7.31650811047757e-09 1.09198857067838e-08 2.12630668627867e-10 4.57055437275145e-08 4.24156398892706e-10 1.39705691459824e-11 1.83341120063574e-12 3.65041330496751e-14 5.64770452626817e-14 2.19595452932708e-12 8.59076143555626e-12 3.47610829010137e-14 3.36967764802409e-10 3.05842928760569e-10 1.084247136518e-11 3.11151104881446e-13 1.73427938676696e-13 1.31569199979253e-12 1.30724864266796e-09 1.36146937057546e-09 8.4181923987181e-09 1.28058658122043e-09 4.28780111416671e-09 4.63720251087096e-10 4.64313938408623e-09 8.70333360936115e-10 4.18333834240059e-10 9.09561588602337e-08 5.01465401425705e-09 3.72942898785311e-11 3.14095194298147e-11 3.75792885698445e-10
5.13863244357982e-06 6.40037074207678e-06 7.98794388789936e-07 1.34093224415377e-06 2.07884919696255e-06 3.61385150858817e-06 3.63974238024589e-06 3.0294249273366e-06 6.76748261481119e-06 1.94101057587881e-06 2.73751974944059e-07 1.92119182562678e-08 3.67713604110254e-07 6.38322728008234e-12 7.52420348248961e-13 7.82260112242028e-10 5.35015243219306e-10 8.20254975053558e-13 2.24187335362558e-13 3.11608516767592e-12 3.25628413122558e-14 1.50768286744096e-14 2.87214696470528e-14 2.55395704584771e-13 2.77854406149913e-12 8.01914090686751e-14 3.76898512399748e-13 2.75313105646546e-13 5.65035296329341e-10 2.97733737664174e-10 7.31101168494064e-10 1.87713178334548e-12 9.39615052431009e-13 3.17434967200825e-13 2.05243599893379e-12 3.3252828268715e-10 2.30679445545334e-09 2.7688629167244e-12 7.75202536607011e-08 1.23877342605994e-08 1.19739934856256e-08 2.55706392726651e-09 5.68496540953589e-09 1.62002766757041e-10 1.81581416569543e-11 3.24005267060556e-12
1.82372350787663e-06 4.57315775059808e-07 3.12350142600448e-05 7.22167533709905e-06 4.06995038297886e-06 4.69922209987983e-06 9.83975005320881e-06 7.25595406158019e-06 7.37548859646164e-06 1.05096988589626e-07 2.57703268724541e-09 2.27234362104589e-08 3.10823034199714e-08 2.45484323424527e-08 2.00568450736682e-12 1.66388014477548e-12 2.29473107182798e-12 2.42058595389949e-11 4.19886347913234e-14 4.22439860869872e-14 3.46833672892899e-14 2.38031816479634e-14 3.59490215373626e-14 1.75082170983387e-14 3.17956772022399e-13 8.49431636140707e-14 5.38902256153051e-12 1.06933538690512e-09 4.00554567292488e-10 1.51968984063444e-09 1.71073155641466e-12 1.88769000430966e-12 1.73061565078569e-13 8.37503399964135e-12 1.06743081040861e-10 1.75116574574474e-09 8.75532724098349e-10 3.4402761750485e-10 6.85421861490454e-09 8.23602665289691e-08 1.97601415263815e-07 4.13580744207387e-08 2.60997288137332e-07 2.7201206937999e-07 4.23203813437745e-08 4.41800046546703e-09
3.11927269296186e-05 5.8128514921707e-06 2.60547865295058e-06 1.51523966178568e-05 1.06726590667239e-05 2.59678588203416e-05 4.8798648500159e-06 0.000275270901192925 1.15724304095455e-05 1.49282452177601e-08 2.54976100233506e-09 2.59998619300816e-09 7.55710971578338e-10 1.88002317602631e-08 1.01021504272936e-08 2.48012133052811e-10 1.49082413081203e-11 2.36118896657089e-09 5.53860290963826e-12 1.03298480880198e-12 1.23445698108071e-12 7.83040299268123e-14 4.11115586018695e-14 2.4891200212096e-14 2.05202521641468e-13 5.322409180053e-13 1.86163306992171e-12 8.32389934757316e-11 5.1996296157597e-12 1.56920032523544e-12 8.93991547457063e-12 1.8943735469179e-13 4.43112213588392e-13 1.95208404996094e-11 1.67678688711703e-07 3.59063810906335e-09 2.75966510598913e-06 1.36497015357229e-07 6.4579394354336e-08 1.23567904375399e-07 2.72668913048335e-07 8.53259353394975e-08 1.13546216581994e-05 1.08153965838742e-07 5.6701310313656e-13 5.50892664819003e-13
2.76600262361093e-08 1.27578985154031e-09 2.53719774079286e-09 3.53620110061792e-06 1.29797908983154e-05 1.38779744098816e-06 9.32118215912769e-06 1.82256032488226e-10 8.59326054758469e-11 5.72950161977781e-06 2.69511550854418e-09 7.2700722886232e-09 2.1674485459755e-06 8.94172221599376e-08 1.34394717576924e-12 3.07841752089644e-11 8.2617378494021e-10 1.17543241806572e-10 1.54125157081353e-11 1.05935260563683e-12 8.46656078579144e-13 1.77582315519231e-10 3.25073301610246e-13 4.11548572998299e-13 2.95774515990388e-13 2.05158112720483e-13 1.13797860024079e-13 9.01223540239471e-13 1.3685030886279e-11 4.17405554564709e-11 6.21769302711073e-12 1.09720654783985e-10 6.25610674376276e-13 7.49204498440292e-10 1.49906410062961e-08 5.28099784569136e-08 1.37430011815098e-10 3.36615019946862e-07 1.05029398067558e-08 1.13405451696025e-10 8.42643732568149e-12 2.38381245853958e-09 1.08215312233373e-07 4.81578977806763e-09 4.19845469501467e-10 1.81944970201187e-10
0.0128014466361492 1.27134120245787e-06 9.14857809941605e-07 4.32258660931772e-07 1.56303071127906e-05 3.39101027757582e-06 5.14120684247388e-08 3.06683678452657e-09 3.08761573197813e-08 4.96229160518169e-07 1.21819054143102e-05 1.70286340372972e-07 1.83304609213675e-07 6.88172185903113e-10 3.86527176932105e-10 7.53133888586888e-11 2.95738655786693e-11 1.55007118252115e-11 2.54596344007041e-13 2.7942231861644e-10 5.39450706327216e-12 3.05983016701816e-12 2.68483013599052e-12 3.46285800034707e-10 1.26284538382038e-12 3.67406216561505e-11 1.96276883634994e-11 3.67808905554767e-10 3.64438106359444e-09 2.27779461958733e-11 3.67831320957635e-12 1.96865856949557e-12 3.39624994794008e-12 1.8840740967363e-09 5.42446387807871e-10 5.49914522030015e-08 3.00862152227133e-06 1.55501884306908e-06 1.46895586805584e-09 2.57967869288223e-11 4.50933734796877e-12 7.29503568663858e-11 1.57176494042233e-12 2.70821365333518e-11 1.45265958151342e-09 1.33431543591911e-09
0.000135154170767615 4.25024370745986e-05 0.000103433564893973 2.6716622720302e-05 4.91601035776057e-05 0.00504688018845627 1.27532039775557e-05 7.98662362289093e-07 5.07449907316548e-08 1.9691636862551e-06 2.60245452965435e-09 2.38691442504546e-06 4.74224073130358e-05 1.93365753520247e-08 8.36510526514012e-08 3.12776471389498e-12 2.21462848060128e-12 1.96096408222601e-08 4.22206458683405e-10 1.69819409450156e-05 7.42557960120571e-08 3.29312172753227e-08 7.41349425070759e-08 5.0558446318405e-13 1.96492270343462e-08 9.73987021035683e-09 1.88128401745757e-12 1.99870214601106e-08 2.86131162964942e-05 2.51486475355556e-07 1.36449629373203e-11 9.00933438963136e-11 8.86223694429589e-10 2.54054077743149e-05 3.76069470497953e-07 3.80004153157643e-05 2.46216739981264e-05 1.33413804386251e-06 3.6422074245479e-10 1.75514036637736e-10 2.75910716496242e-10 3.11839931654845e-10 9.99914262500567e-11 3.55879770097545e-12 2.07976902366624e-10 1.28346577810134e-10
0.000138598492617348 0.00834295867282204 3.65969811948363e-05 0.00389877404440008 0.000115507962118644 0.000234674773173538 2.26641445379983e-05 0.000636517371094669 0.00156066753015183 0.000376732310496664 1.99929374777863e-07 4.67798000234332e-06 1.71200161380725e-08 8.37345812865209e-07 8.09341149654585e-11 8.12132354699458e-09 2.34576025270883e-10 1.85231823990328e-08 1.88953471091935e-08 7.86749820846922e-10 1.0744138911889e-11 1.46714629334355e-10 2.38702265642488e-07 3.34846448346582e-09 2.34925669872155e-05 3.49504578533999e-07 1.50561459411058e-08 1.73295444362509e-05 1.32783756645605e-07 8.66359257756244e-07 3.73346278472297e-05 0.0108439835144964 1.37063271008486e-06 2.84032868336226e-09 1.19519226771558e-05 1.23769963664699e-06 4.67365287926125e-07 2.3841906519273e-06 1.40264024950376e-08 2.81358805143128e-09 1.43658372975253e-09 3.33257388351882e-10 7.58946643308889e-09 1.01141895458845e-07 6.80995544399821e-09 6.51484061697793e-08
2.7549748926603e-08 1.53580595749769e-05 4.34777036198763e-05 0.00143244324026455 9.20074692611905e-07 3.3834304126179e-07 3.30410652171764e-09 8.70815860594121e-06 5.57910591307831e-06 2.10033958047973e-07 1.26773913589062e-10 1.31150501239574e-05 3.41825416407815e-06 3.18080498029616e-07 9.32614589999048e-09 1.672246252582e-09 1.74619207982118e-11 8.72872587354134e-07 6.29028185095137e-10 1.25562671371426e-10 2.40735762435662e-09 3.32077991438418e-08 4.5007201904923e-06 0.000551847350288881 0.000248516043120617 0.00313281811031629 1.06454473424833e-05 1.90666364900949e-06 3.58630760182166e-06 4.89652599327428e-05 1.9129354452474e-05 9.14538984719826e-07 5.60627883698928e-06 2.44604843189222e-05 9.89119897099044e-11 4.75683802791949e-08 4.42656111956374e-06 1.88370688690043e-05 5.18801351212517e-08 5.37500859252305e-05 1.26006022696856e-05 4.00462627503373e-09 1.2914148651566e-07 4.96755035594987e-07 1.27573335440001e-07 1.19273037224588e-07
3.69997823440826e-05 0.00147213415002625 0.000283256063517001 7.12688340483436e-05 0.0497257465773146 0.000139501307785395 5.50492402595637e-07 3.32917523305776e-06 3.30630860496672e-06 4.36955526827987e-06 0.000202373979209369 5.9762071291658e-06 1.71967269879669e-07 1.27022277518485e-07 1.08300665391248e-07 6.13614714595201e-12 1.97490912512421e-12 6.30069407758782e-10 5.82944870153312e-10 4.7410797510139e-11 7.14665571166506e-10 1.50280150434945e-08 2.27919463302584e-09 5.78935719772744e-06 0.00108686482562916 8.79227482528222e-05 2.59201588148628e-07 0.000167018981898082 7.89301186854274e-07 0.00028324011523182 0.00168482413901074 0.00290496510278899 0.0010629750409862 6.35361778449806e-05 2.82896715134484e-05 4.87190918875058e-05 0.0018097737847711 0.000853508405270986 6.37055917650287e-05 2.43825164170097e-08 9.07346615286464e-08 0.000111883557909209 1.57582108130327e-05 0.000516325714170307 2.49193786089563e-05 0.00196065422767333
0.000281698018079624 0.000332141910075734 0.0061864369577961 0.000247346040441698 0.0164186817593873 2.91065962159109e-06 0.00961031915503554 0.0293218152364716 0.0594521448016167 0.000226626829953602 3.29018670863768e-07 2.06369705129106e-06 1.61926646164989e-06 5.38455764313994e-06 3.27018242041177e-08 4.71022169201696e-07 5.32439607958679e-09 3.70896979795532e-11 7.52171113282962e-08 2.21851215176372e-10 2.04038322904054e-09 8.71146488279351e-12 2.16037188138785e-12 3.29896356943138e-06 7.34436661442572e-07 2.42801821883631e-06 0.000228565043471463 0.0040272775797348 0.00129486475998419 0.00352643623336917 0.00885984847409418 0.0270496709737927 0.0157119375420734 0.0116426482447423 0.000271278271611664 8.86557534656163e-06 0.00783275607973337 0.00400266178767197 0.00260238588089123 0.0307917614933103 2.83871154774795e-06 1.5731044198386e-07 9.38887913193298e-07 0.000172604198814952 0.00228057740077929 0.000597667338456631
0.00787121347966604 0.19675494581461 0.136736973002553 0.0854844588786364 0.353669655207113 0.137331869453192 0.188839646801353 0.219676347821951 0.00844866484546004 0.124903990980238 0.00450559275806377 0.00840026997029781 0.00263549507864191 0.000310130421918242 0.001337353370036 2.57566816808108e-06 1.11297424653101e-06 1.12180846190135e-07 4.13358357943538e-06 1.71034097884437e-07 9.12661429786077e-07 4.84451967324162e-06 6.92728578888246e-06 2.69661658736098e-07 6.49798705694593e-05 6.41002014390324e-05 4.14888783325296e-05 0.0185679648595396 0.000262463197304896 0.000779626209987327 0.000945993642380927 0.00454327240586281 0.0197320346254855 0.00522768706869101 0.0469660177826881 0.0515915160067379 0.10235146144405 0.021616553561762 0.0162001684075221 0.00132887406471127 0.00586026241653599 0.00201411841208028 0.00188552191393683 0.01280188835226 0.000356126996166495 0.000320165095922675
0.0383286676369607 0.0995570027746248 0.0231355071408298 0.0199522783520877 0.0563888871110976 0.242300150706433 0.390513307601234 0.325441569462419 0.365687900131161 0.136658689472824 0.145653443410993 0.0967817326189106 0.0109952013833407 0.00184279499881086 0.000149656262072406 4.93459668029939e-05 1.46638059206228e-05 0.00275466654420597 7.92972800857106e-06 1.73971924043448e-06 9.78300476517369e-08 2.68676490700059e-07 6.20028255959859e-08 7.26162812103581e-08 0.00598137766864966 0.0376293769513723 0.00136619487311691 0.00990024571947288 0.0158511216926854 0.0126980317931157 0.0152145598491188 0.0147189667448401 0.0533916381886229 0.00130536659708014 0.05526984911412 0.0392268436495215 0.0407853332348168 0.0198650915408507 0.00156222334480844 0.00214648644905537 0.00160827444051392 0.0167099324287847 0.0106866320129484 0.000540025876034633 0.00517382379039191 7.26167470247674e-05
0.105826925300176 0.0660781897604465 0.0724143479019403 0.00776240947960223 0.237386540416628 0.0160261302327399 0.01742362384839 0.131524462765083 0.030984213668853 0.00137348809063473 0.280787348382514 0.38912075317643 0.00814545805333182 0.05621531996876 0.00125474276025773 0.0722066588466987 0.000340282301476691 8.80821417520439e-06 0.00062537027970393 1.77792181972336e-05 4.3606972921495e-09 2.97882463140553e-10 8.827339215145e-09 4.46629033756807e-10 2.14315830788792e-05 0.0471334707224742 0.0138909979839809 0.0115022130790749 0.0184698341297917 0.00649635672161821 0.0102517209481448 0.000812813489665132 0.00483765671961009 3.16147886343376e-06 0.0026288014720194 0.00434720521443524 0.00207299879693892 0.0213631776627153 0.00269341091625392 0.0214901512954384 0.0342979407403618 0.0411298339720815 0.00429238640135736 0.00106713049972313 0.002668644937512 0.0053847219212912
0.0625899396836758 0.0145140672335401 0.181553431600336 0.0527467982076814 0.027549276428319 0.194874710030854 0.0195531839731561 0.092814383096993 0.0271974494896235 0.0264608618174988 0.0858964136487978 0.0227363172968853 0.00533874848108384 0.460459223790105 0.046203784365207 0.00594149628140859 0.0143398270418402 0.00038894589178462 3.71444881125171e-05 2.86357183818531e-06 7.84327719454136e-06 0.000132994885452486 1.17982309699727e-08 5.97994050088868e-07 1.0999509747478e-09 9.40784010694529e-08 9.32486783469244e-06 0.000142812419107941 0.016082010284299 0.0257995881780516 0.0342900307558011 0.0485928947338834 0.00301578393555246 0.000314107923432383 0.000507643282183201 0.231090515782125 0.0281568078091368 0.00753954019164667 0.0584284396842122 0.0389983773231506 0.0157206840347499 0.14489157050848 0.000211531649483732 0.0156721979845315 0.196945886081085 0.0545024406397715
0.159674523025753 0.56471624881242 0.000273622256464456 0.0515736265324218 0.0624989342826056 0.0727581448585525 0.345106786721034 0.0630542209511992 0.0441420619590872 0.0216653671588574 0.222011058032513 0.0106347939689186 0.00433717137363209 0.0105955956734941 0.0139751339874019 0.0421158784069121 0.0033671636870924 0.0315759297925979 0.00314508455048781 0.0014436762117839 0.000516016736946767 0.0122941290144809 4.73933066218457e-06 0.00115558524119488 5.91655307658701e-05 0.000164990917783636 0.000126106609232046 0.000825787781574772 0.00419251725048255 0.0125238886801526 0.00250015456921773 0.000656334711199502 0.000167433707943465 0.0224727799708489 3.33898680926481e-09 0.245274152234197 0.0154582332354039 0.051927481405437 0.0433476101607084 0.0692396644502878 0.0378310563974082 0.063130396604538 0.017218522191979 0.00117003966843185 0.00350571128797768 0.00611937768990174
0.0426361974225236 0.45122999081193 0.178181863731152 0.12586399282277 0.497338014247977 0.0946111965363343 0.0176809246633694 0.0431270132700774 0.323325027238667 0.0680000242388814 0.0086557640951612 0.10833684746176 0.0589141974522825 0.24587885329026 0.352557531909281 0.142306639999151 0.0094658132648928 0.00285341988055734 0.0521664996631444 0.142003816226497 0.0325418763328344 5.1103202185887e-05 3.8200396327881e-05 0.00125350127329787 0.00456426798908467 0.00166356872108406 0.00107802330997009 0.00491127224591306 8.27140489609746e-05 8.56096660207584e-05 2.25394053823824e-05 0.000386732531803402 8.15362746637849e-06 0.000735200623536703 1.84467239949804e-07 1.68304592113033e-06 0.000704509575824375 0.000996607626591139 0.00201005721755791 0.0341065753484145 0.105708417017013 0.0946463011205196 0.0470626852009445 0.00313790361979045 0.0380196975544095 0.00318884493899532
