Maxent_result_files_1/Bombus_hyperboreus_3.asc
NCOLS 594 
NROWS 330 
XLLCORNER -15 
YLLCORNER 23 
CELLSIZE 0.166666666666667 
NODATA_value -9999 
[rows 140 to 159 of 330, columns 44 to 87 of 594]
2.67218665266356e-06 4.50211204494622e-06 1.32650809348434e-05 2.51571770604642e-05 4.32396922178668e-05 9.3945857588551e-05 0.000218852686884929 0.000257369969222054 2.82256646642054e-05 0.000481473642867059 0.00116639736297657 0.000359554297756404 0.00379351315787062 -9999 -9999 -9999 -9999 -9999 -9999 -9999 -9999 -9999 -9999 -9999 0.0342650351114571 2.21124702960651e-05 2.74580336243613e-06 6.64314081078032e-06 9.75569903474138e-06 3.11822699529785e-05 2.69976243089332e-05 9.54321266704028e-06 3.30031133273678e-05 4.45110487362399e-05 0.000160177797351935 0.000768868206250772 0.000859328867591103 0.000849985148306587 0.00172790295764571 0.00134520306673949 -9999 -9999 -9999 -9999
3.36087624646098e-05 1.96508684211949e-05 5.05535849242733e-05 0.000117029063494556 8.3761746145683e-05 0.000143312950785912 0.000315722158302378 0.000256342407010379 6.91204413669766e-05 0.000178066922217113 0.000266963970534562 0.000399377117173572 0.00543039652111474 -9999 -9999 -9999 -9999 -9999 -9999 -9999 -9999 -9999 -9999 -9999 -9999 8.10322737606839e-05 3.52772037377491e-06 1.34601455612504e-06 8.46090400752342e-07 6.5754950696828e-06 2.88782302879653e-06 4.37313225987168e-06 1.61793817724742e-05 6.65003152198196e-06 4.47777790498094e-05 0.000327443077503631 0.000515600857215759 0.000509786021029868 0.000102981806060143 4.8776939000561e-05 6.04459408904745e-05 6.33930448429965e-05 0.00121218911226606 -9999
0.000114571115955187 0.000167812142171897 0.000166352777887369 4.86055948840658e-05 0.000166114971034403 9.15375531349127e-05 8.74655279403669e-05 5.08767167957558e-05 1.12114313509437e-05 1.80423020765375e-05 0.000854795829218347 -9999 -9999 -9999 -9999 -9999 -9999 -9999 0.000685619439263974 0.00386050697998144 -9999 -9999 -9999 -9999 -9999 -9999 0.000287592403037706 5.45789550550069e-06 1.71623462361659e-06 2.46968673849324e-06 2.487740582513e-06 3.49854296750607e-06 5.19531166638387e-06 3.36330200951807e-06 1.99134107134569e-05 7.93451499816911e-05 0.00039725946398903 0.000305709002986987 0.000257257127941557 8.05350356017698e-05 0.000339871047799534 0.000242892483129253 9.37383795871938e-05 0.00149616362541565
0.000185732518366422 0.000176658084001247 5.23567608979647e-05 8.15889676232473e-05 7.89865403021395e-05 0.000126537916639791 4.91272427325384e-05 0.000103427182875748 3.66954270248243e-05 1.58033499474186e-05 -9999 -9999 -9999 -9999 -9999 -9999 -9999 -9999 -9999 -9999 -9999 -9999 -9999 -9999 -9999 -9999 -9999 -9999 -9999 8.9206612756243e-06 5.43333245275335e-06 8.43245578039387e-06 1.74817127254201e-06 5.82044065993159e-06 6.48149310986668e-06 4.67839924283453e-05 0.000516839514602907 0.00036973739925088 0.000302794752815316 0.000406837811442529 0.000336402868470032 0.000407604407337203 0.000121605696199367 9.03098437674998e-05
0.000255170420132345 0.000110767517617205 2.64244149889237e-05 2.45977131044128e-05 2.70356133910354e-05 7.84170823862951e-05 9.01861147212912e-05 0.000116049385917449 -9999 -9999 -9999 -9999 -9999 -9999 -9999 -9999 -9999 -9999 -9999 -9999 -9999 -9999 -9999 -9999 -9999 -9999 -9999 -9999 0.000382662510764931 5.65362844469064e-06 7.3126103334431e-06 4.63352628017333e-06 5.72599275976415e-06 1.35754909223351e-05 3.7398529048005e-05 5.38625264425718e-05 0.000252969035318529 0.000317587391054985 0.000335679940917544 0.000354872450816401 0.000423566007884801 0.000119904383404901 9.73747702460059e-05 0.000112103075002778
0.000130863625690836 0.000215894925167959 9.36334005473327e-05 5.27779199728684e-05 5.28640858647123e-05 1.16918782168796e-05 9.00495767382381e-05 5.7803163247172e-05 -9999 -9999 -9999 -9999 -9999 -9999 -9999 -9999 -9999 -9999 -9999 -9999 -9999 -9999 -9999 -9999 -9999 -9999 -9999 -9999 0.000214749254064373 9.81546952289136e-05 3.17127299240383e-05 3.52444987470335e-05 3.18298159811548e-05 2.20869793736256e-05 5.96414666574674e-05 7.16887704584224e-05 0.000313841910792689 0.000446490786453069 0.000157057445449027 0.000150146977148324 0.000102197928617898 0.000264828074978141 0.000241997448392794 0.000270804495585253
0.000196197384684638 0.000255548088171054 0.000145326266920165 0.000231133619308821 8.74952962135467e-06 0.000130704249204427 0.00013262069578559 4.29253697689091e-05 0.00029233302659577 -9999 -9999 -9999 -9999 -9999 -9999 -9999 -9999 -9999 -9999 -9999 -9999 -9999 -9999 -9999 -9999 -9999 -9999 -9999 0.000160721094380278 0.000142627174045629 0.00013149928445273 5.44327294960567e-05 8.5587260923603e-05 6.00545501811212e-05 1.98120624617104e-05 7.15972833404521e-05 0.000403445460415242 0.000162251075107633 0.000139148852372273 0.000215976916479121 0.000147256943046159 0.000143752072267489 0.000210112389504502 8.98188634209873e-05
6.12235299968233e-05 0.000199091411741392 0.000737168168416247 9.04718885067268e-05 0.000265677392235375 0.000333048111497192 2.35787412549371e-05 0.000482281097720261 0.000128517282701068 -9999 -9999 -9999 -9999 -9999 -9999 -9999 -9999 -9999 -9999 0.262042109295726 -9999 -9999 -9999 -9999 -9999 -9999 -9999 0.00562282731261803 0.000449739356918144 9.12347469011365e-05 0.000105680751812542 0.000163657303596665 0.000180177696711326 0.000104565517881383 0.000115444085986383 0.000165672754451407 1.74249395229253e-05 0.000269198627211154 0.000125911694976821 0.00010473091995209 7.85672154506756e-05 9.32781587835052e-05 7.62688584302396e-05 0.000147622602435149
1.43791726060272e-05 0.000197238612054207 0.000492626363484305 0.000337252086865192 7.47831998523907e-05 0.000215028943694051 4.66250169779414e-05 9.76016765321219e-05 0.000607059364119777 -9999 -9999 -9999 -9999 -9999 -9999 -9999 -9999 -9999 -9999 0.000561054182253429 0.000958040065597743 0.000310099024773081 0.00171203085337766 0.0017144980665762 0.00240050554857589 8.57031506598105e-05 0.000795633983216248 0.000471357631977298 0.000481040099839447 0.000192423952285026 0.000281292416002543 0.000251352549730655 0.000205471937624679 5.00535409855729e-05 5.53132527784328e-05 1.19582152194653e-05 0.000110114504514058 0.000224052339672198 0.000232437371505512 5.1001722329147e-05 7.66117798207233e-05 6.2533992115732e-05 9.06154480389887e-05 7.72797518834523e-05
3.57891961868972e-05 0.000252570491284132 0.000120798237821873 0.000451038723804231 0.000541715675899468 4.21921336737796e-05 0.000498055975913303 3.70167119172038e-05 0.000154331410067243 0.0204918917035684 -9999 -9999 -9999 -9999 -9999 -9999 -9999 -9999 -9999 -9999 4.01461918727364e-05 6.82983243187607e-06 1.40655485754593e-05 3.50933212416749e-05 2.05587061117285e-05 0.000459086938644759 0.000143230496951219 0.000125678811605212 0.000615648588063777 0.000193012355157407 4.05305670255984e-05 0.000407239918604319 0.000400880968663841 9.7979748443322e-05 1.39652366215159e-05 1.64597213512252e-05 0.000154274581382197 0.000278511988108221 0.000124689570475311 6.23198905032041e-05 7.49418045870698e-05 0.000133615155255029 7.34715152759691e-05 7.45972113065818e-05
6.84813864154421e-05 0.000107179335464025 0.000167019000582513 0.000156602898687197 0.000357472343466725 0.000145561490467117 0.000250618044628936 1.2675812185492e-05 0.000436229181286762 0.000448619871167466 -9999 -9999 -9999 -9999 -9999 -9999 -9999 -9999 0.396440283209085 0.00524466598581057 0.0331215390586294 3.63364313614056e-05 1.03282582593067e-05 6.37615756264864e-06 1.28623428636843e-05 1.83435076685612e-05 3.89745804369568e-05 0.000217055482517026 0.000400424047984416 0.000516696094200597 0.000416356527557582 0.000455792198408744 0.000310142866237584 0.000168029304495576 0.0001841871598117 0.000364941439329414 0.000267738776892656 0.000244022012793721 0.000121989082413165 6.66838460801955e-05 6.31485602866633e-05 7.67467620562456e-05 5.74788666995119e-05 6.21901383851764e-05
0.000266662860121869 3.73365116956847e-05 1.01039493216604e-05 0.000147262363134359 0.000244682476477465 0.000320774177453131 4.66063328531163e-05 4.72856481906092e-05 9.51899146912183e-05 -9999 -9999 -9999 -9999 -9999 -9999 -9999 -9999 -9999 -9999 -9999 -9999 0.0100197954219766 3.1640895868712e-06 5.0076561111112e-06 5.79733177996644e-06 2.328922886079e-05 1.48236013274072e-05 0.000296043303205806 0.000259382463764268 0.000379904591136437 9.64204294177762e-05 0.00026392711824883 0.000226121834384685 0.000155581507806346 6.50114440304606e-05 0.000148394106190608 8.94670317165946e-05 0.000233912259773206 0.000267204641750141 0.000192320022938475 6.59620696808361e-05 4.79353201853883e-05 4.15551609989961e-05 5.88105990686927e-05
3.0924011798561e-05 5.60286329573501e-05 6.75814612577597e-05 3.72123639863275e-05 3.45685687079822e-05 3.64297923113099e-05 0.000127543404653352 0.000117847556612105 0.00512741510101478 -9999 -9999 -9999 -9999 -9999 -9999 -9999 -9999 -9999 -9999 -9999 -9999 0.0719395725056529 3.08754105049047e-05 8.87760861196796e-06 3.53752052433265e-05 4.78784270825372e-06 0.000117325351220643 6.89263128606399e-05 0.000146485914638106 0.000351845114619209 0.000184519356116652 0.000107705679192804 6.90234350372521e-05 6.69192913619554e-05 5.08495397070874e-05 7.47142040836479e-05 0.000106090672625214 6.46880248666548e-05 8.19193639586047e-05 7.8921559702394e-05 9.82157190946964e-05 3.60738550853057e-05 3.73281472548115e-05 5.58476909361616e-05
1.75539512696332e-05 9.28486970678932e-05 0.000179960882087471 0.000275827431141806 7.26043832173673e-05 9.74040881885685e-05 0.000149641832967973 7.68349059171669e-05 -9999 -9999 -9999 -9999 -9999 -9999 -9999 -9999 -9999 -9999 -9999 -9999 -9999 0.195860425382853 3.86556436566821e-06 1.09956744495099e-06 2.20156045216413e-06 4.85037186805926e-06 5.51132289103862e-06 2.06554547276028e-05 0.000228228639934969 0.000227674353754992 0.000156713295109512 5.40701219733819e-05 7.28870252714842e-05 5.59156630515645e-05 2.92186152705654e-05 9.83616618441374e-05 6.76118102717282e-05 5.96139652941474e-05 9.19475102818979e-05 5.61399468040236e-05 5.75117773905731e-05 5.44654750967766e-05 0.000237819488484092 5.22711773385254e-05
4.52371256116635e-06 0.000153942291490239 0.000365328885891358 5.65007990758204e-05 7.15291478798008e-05 0.00252759260984021 0.000194015248780488 0.000459414617944276 -9999 -9999 -9999 -9999 -9999 -9999 -9999 -9999 -9999 -9999 -9999 -9999 0.503098560869694 9.56318641698317e-06 3.678323609968e-06 1.0011221062034e-06 4.09685872124754e-06 6.11324120853851e-06 9.13970376075213e-06 3.0969302054018e-05 0.000261960241459747 0.000356120274955174 0.000221022067262311 0.00021554402919719 6.49523354468329e-05 3.97491133895755e-05 0.000213517549400422 7.85515568850315e-05 6.0393809587822e-05 5.14894866910254e-05 0.000113716727582869 5.31983934195068e-05 4.9005042222916e-05 6.67766446895257e-05 3.9289263571618e-05 4.99480621670045e-05
0.000166171714545271 -9999 -9999 -9999 -9999 -9999 -9999 -9999 -9999 -9999 -9999 -9999 -9999 -9999 -9999 -9999 -9999 0.151931599155068 0.000673473593633389 4.88024395963293e-05 3.34304871856261e-06 4.98528380390439e-06 4.25979782114894e-06 2.49722319400902e-06 8.16461178771988e-06 3.75417932190203e-06 1.17711037745494e-05 8.79578641615808e-05 0.000284396537426801 0.00029800138408973 0.000281813615947613 0.000214443971071887 5.20982155705951e-05 4.91794392928568e-05 5.40431575814182e-05 5.0730397595089e-05 5.34792095834291e-05 5.0688858078729e-05 5.04368830206658e-05 6.52917111665374e-05 4.72169805448175e-05 6.96847678341328e-05 6.0612516654146e-05 4.83404826468359e-05
-9999 -9999 -9999 -9999 -9999 -9999 -9999 -9999 -9999 -9999 -9999 -9999 -9999 -9999 -9999 0.000196515888569593 8.2608285401875e-05 4.69550357365733e-05 4.12987408253684e-05 3.08967681462491e-05 1.47353391611205e-05 6.73768223805382e-05 4.05838565882277e-06 4.48084590338738e-06 2.80639809311367e-06 8.73290676111083e-06 2.8740229856794e-05 2.76021074824939e-05 0.000115420654674381 0.000375184641598025 9.53699351839532e-05 0.00013618517341456 0.000110906787369913 0.000119515872393094 9.80292978965736e-05 4.13634397659735e-05 7.88742564736822e-05 6.64093471641536e-05 4.74097618848646e-05 5.49413995088344e-05 0.000147792866914642 4.52794391776479e-05 5.0882979655853e-05 7.49658365634787e-05
-9999 -9999 -9999 -9999 -9999 -9999 -9999 -9999 -9999 -9999 -9999 -9999 -9999 -9999 -9999 0.000833338120173721 8.34826251093546e-05 0.000396633613854647 0.0790084406733513 0.138147572800517 4.52758931032804e-05 3.38100866031255e-05 1.98012190935515e-05 3.41716538119208e-06 1.70534456134241e-06 7.32582423657036e-06 3.26533195305956e-05 1.10941184296109e-05 8.93458277460013e-05 4.56813677573109e-05 2.01968552218545e-05 0.000110900265826785 0.000172555712288158 0.00010272547169734 8.58697059584301e-05 4.51771866721629e-05 5.22520223114498e-05 4.98888237245865e-05 5.74072399331271e-05 0.000168710771140468 4.91769515576834e-05 8.27420589757821e-05 7.93584978055151e-05 0.000149205874549807
-9999 -9999 -9999 -9999 -9999 -9999 -9999 -9999 -9999 -9999 -9999 -9999 -9999 -9999 -9999 -9999 -9999 -9999 -9999 -9999 -9999 0.00613538061879808 -9999 2.28822201677303e-05 1.40061148854898e-05 1.57957113330554e-05 1.70248029220943e-05 1.41875368420585e-05 0.00028979873204662 0.00333407283033011 0.000372764971598372 0.000257536398839875 0.0001361300937333 0.000176780760602924 0.000257579482513393 0.000105367948924595 5.35455265946894e-05 5.00776086568067e-05 4.35988636979801e-05 0.00020673637186519 0.000143072268201649 0.000122108461573589 2.18601745700653e-05 4.11734386602802e-05
-9999 -9999 -9999 -9999 -9999 -9999 -9999 -9999 -9999 -9999 -9999 -9999 -9999 -9999 -9999 -9999 -9999 -9999 -9999 -9999 -9999 -9999 -9999 -9999 -9999 0.00794832954416052 0.045407717069611 -9999 -9999 0.000150855148103801 8.13664109273304e-05 0.000206137021950781 0.000276992748877092 0.000191876153030535 5.75347614358179e-05 7.34999534188319e-05 8.03499355470194e-05 0.000211201250931481 0.000151149238354265 9.12287392111466e-05 4.82619078866264e-05 1.11023213953843e-05 5.66351810444843e-06 1.70021575684132e-05
