Maxent_result_files_1/Bombus_armeniacus_2.asc
NCOLS 594 
NROWS 330 
XLLCORNER -15 
YLLCORNER 23 
CELLSIZE 0.166666666666667 
NODATA_value -9999 
[rows 84 to 104 of 330, columns 235 to 281 of 594]
0.00620819726027548 0.00538770268904045 0.0218440608121455 0.0227915910072625 0.00825862623751164 0.0388846272602677 0.00676943913567811 0.00653501420747489 0.00173012518207543 0.00962248514406383 0.0101792658213526 0.000331610385183012 0.00352609476831276 0.00667750118300319 0.00182710713124834 0.00237934261094779 0.00203465662198141 0.00162858505791519 0.00414142471272498 0.00251942062168382 0.0020429801516002 0.00271960081590805 0.0170222753309645 0.00281387707800604 0.00432152894791216 0.00460544247180223 0.00336006704019383 0.00366953214979731 0.00810625157319009 0.00189845779677853 0.00307980943471193 0.00179423613008112 0.00448197808582336 0.0017913589021191 0.00154536853078753 0.000197914785530884 0.00460028023226187 0.00363773988210596 0.000458253962278832 0.000694902949908283 0.00120334152743453 0.00218270558689255 0.000703190493368311 0.00043635906840791 0.00113237378245685 0.00101558392343577 0.000186546902841656
0.0140533776953816 0.0165080786682665 0.0021073310286738 0.00353396907448769 0.000702781056315871 0.00723385931923985 0.0161658576689661 0.0121053067967296 0.0041998632485047 0.0116767841391265 0.00559894058387727 0.00156313070328906 0.00721915760077536 0.0146480563096702 0.00739331236109138 0.00441240405198187 0.0100194674683735 0.00783184750471264 0.00672344791237265 0.00288739756215364 0.000651792746793944 0.0051361154881306 0.00303928049979731 0.00354735568980686 0.00488674294319935 0.00353361550951377 0.00372601105482318 0.00574425585800782 0.00277182036370505 0.0021474197274074 0.00154243137221783 0.00412451833253726 0.0046712530311197 0.0014508678461425 0.00196585127268918 0.00207228448125534 0.00351875330670737 0.00589163820259273 0.000356359327270184 0.000801085015700664 0.0523406278109178 0.00302284061035607 0.000365584765313542 0.000223338685827912 0.000273106663007638 0.000616174097376643 0.000978847083752044
0.00331491700126207 0.00462897049719686 0.000939242106505844 0.0586840098723769 0.0103714377619326 0.00734891772735864 0.00940059097483754 0.00370033745421097 0.00122439101105556 0.00725759684573859 0.0683317058254033 0.0167945984285325 0.00959446895867586 0.00374211819143966 0.00402090976713225 0.00857442431151867 0.00548253118176945 0.00929670050973073 0.00487511173123494 0.00205022475565784 0.00226820503594354 0.0017203675408382 0.0092182480962947 0.00501820812933147 0.00118618197884643 0.00379480632254854 0.0026557597797364 0.00968370763584971 0.0020561082084896 0.00937692525330931 0.00504466886632144 0.00933811974246055 0.00211059613502584 0.00162814264185727 0.00342660989845172 0.000539373177889502 0.00459310063160956 0.00356561851804145 0.0211879550712183 0.00245268125436269 0.000720199299394153 0.000569426198489964 0.00040217243731604 0.00138184149109293 0.000278462125424994 0.000381308386204182 0.00065117891645059
0.00080048657291627 0.00137533336819615 0.000773585603747051 0.00223926245234907 0.0072664781473577 0.00490391971543431 0.00226129558868706 0.0217098992317915 0.0343930232338607 0.0145399721339345 0.00514894757652655 0.00278954267269 0.0057293509831652 0.00965836176183075 0.0163398932665586 0.00585552880074829 0.0079662014497444 0.0038653120980598 0.00481074424751569 0.00424170585465617 0.00187244859407656 0.00251150197582319 0.00693502238718793 0.000916559918550774 0.00218325183232082 0.00211482639424503 0.00489629204384983 0.00192102762230206 0.00521466135978699 0.0080405538668856 0.0352536919992417 0.113578440155834 0.0427135975332931 0.0287697574356571 0.00418191989301704 0.00212795256520621 0.000495440696249716 0.000488407800730783 0.00143007447186392 0.00167470184096601 0.000531462844810449 0.000525847180688288 0.000519695044567925 0.000936496318900026 0.000423886863427469 0.00326808738755062 0.0037305862409994
0.00135155041207327 0.00135812005646585 0.00318466528551653 0.00114305230672471 0.00125984089681879 0.0128900540526956 0.00598907958483323 0.00337448111968115 0.0123886062065139 0.0367834052070975 0.0132549763191491 0.007543003722094 0.00733242409769446 0.0040594453108497 0.100847940333188 0.0233743648976088 0.00617780237225816 0.00856578596867621 0.0471256687073037 0.0187210997799411 0.002840567327803 0.00651519692037255 0.00294342207489535 0.0243717747740448 0.0102789176686201 0.0134084149030969 0.00804781599435955 0.00434997897245921 0.0041288498963695 0.00611459333449602 0.00329381914343685 0.101228849031031 0.122679638629779 0.0551591794006526 0.0923064257949591 0.00212989913125057 0.00105207126762252 0.00334334091749042 0.0029562093433924 0.000962835163227282 0.00161608742782846 0.000505806384171592 0.000151737406486063 0.000363992818893166 0.00279010495287366 0.00145334136905149 0.000255936717439909
0.000586109107098309 0.000569880667353573 0.00444577694870532 0.00687940025236458 0.00402916963794269 0.0288686033338308 0.0381260596215725 0.00834779497236013 0.0754060462117195 0.027174761518836 0.00735515048727393 0.00626224983716384 0.00951541292015463 0.00783631259109825 0.153698487579823 0.0137947832234204 0.0078229577280581 0.00761240138672292 0.00606387027073652 0.0103069839649834 0.00452934004133567 0.0146805487573147 0.0402372369542718 0.0287891460116953 0.0423723086365499 0.00463852873654105 0.00978332994272932 0.0067797232652083 0.00624722496140748 0.00306952562532388 0.00562383465003222 0.00116931518714409 0.0110659372061491 0.0114284704672173 0.0350114839151502 0.00515109713887796 0.00490229054121301 0.0047590536181815 0.000405417940783082 0.00104976283910219 0.000393280807475094 0.0015180369198788 0.000671407931076828 0.000366697155550355 0.000501220315527462 0.000352407101308927 0.000988679994770791
0.00368421017774381 0.00191226228198502 0.00999253476038575 0.00805835607461631 0.00514879912370816 0.00757844373583794 0.0186670091934502 0.0123037579935044 0.0137828026898205 0.0108988515101373 0.0522820115089416 0.070322559773922 0.0182442096527666 0.00708649409934878 0.0736921317875385 0.0501202832907438 0.0771701043471694 0.0122000804403797 0.0063869800651446 0.0321441983804107 0.0919018319807947 0.0186746916384436 0.0495935678482056 0.0208196962310467 0.0257864586776122 0.00605564339784905 0.00548142630723305 0.0299531188327819 0.0102320032892749 0.00394380614161491 0.00515039659803733 0.00234043494565412 0.00506723358412273 0.0197209372185171 0.00818844060413539 0.00655198484309949 0.00118592950166203 0.00766216173069552 0.00880731823272072 0.00653207805007696 0.000382905576043413 0.000374588089471217 0.000642990857886616 0.00071466093941126 0.000110954831143317 0.00106003610126209 0.000768390702432953
0.00131380579841789 0.00831727175973356 0.00368182289530523 0.00853934297338128 0.00836333436891437 0.00691177189582959 0.0108361418824643 0.0164236350916326 0.0122692443663254 0.0135311911581084 0.0350560868158937 0.0069989183335565 0.0225201096385717 0.0552311975508928 0.0594589542597532 0.0478109780699015 0.0809062799438834 0.00978835229761899 0.0111107744276524 0.00989176684524864 0.0170546104665846 0.166639077663422 0.0648548819124699 0.0266638800734654 0.0171241781208664 0.0082093084231019 0.0570717740803957 0.0515081888064742 0.00321051547070965 0.00238949740596581 0.103675310686231 0.0705864928197116 0.0350929499370977 0.0327760464977473 0.00790851422352716 0.00299576943507418 0.00415254824329168 0.00228054387844168 0.00106849950680044 9.78811348943509e-05 0.000521042754326118 0.000531221265555359 0.00196203856612556 0.001181698529399 0.000444841447097133 0.0018259915872477 0.00159854122321121
0.0106481119059026 0.0100579272722825 0.00829743533395231 0.00400279292953201 0.0100332433008589 0.00875492631457746 0.0107433236669749 0.0158578907605261 0.011647622147575 0.018682896066457 0.00439760605222546 0.0143741763662547 0.0124577229376882 0.0193415478803217 0.0197245007846504 0.00940769888693467 0.00605639453278854 0.00961156971752644 0.013992223283276 0.0111243677325547 0.0205191160552204 0.0181108616176061 0.00739626940339804 0.0167815720662475 0.0313403256703168 0.00370728931738995 0.011950058513321 0.0619642103090882 0.0220296220853925 0.00989825068973005 0.0292548750527203 0.0125746554986108 0.00531563514377922 0.0621040211059153 0.00122892587678507 0.00717778423568234 0.00824510469101369 0.00255137140047736 0.0039895978581626 0.00451685215812176 0.0010313528822735 0.00208320460515097 0.000861847841588315 0.000615079428143872 0.000430067663546652 0.00192785955150612 0.00080504328943789
0.0138663961552083 0.0128796120174229 0.00481604783562943 0.0135326864663512 0.00545413801446557 0.0111101281130686 0.0152727590873837 0.0107555583585054 0.0147188532399014 0.0141592865576968 0.0116783420089632 0.00555531576974317 0.0267235618084669 0.00303448099584784 0.0124637263012119 0.012074012006633 0.011548835481517 0.0121292410884053 0.0058604089776054 0.00625196679029614 0.0364549566525966 0.0109221611171961 0.0332880800589919 0.00664055122761056 0.0120229043299332 0.00531044065137394 0.0203417892102152 0.0172612093621865 0.0101888884208165 0.012874108296819 0.0542474946007133 0.134303405322135 0.0529194914735854 0.179458644241095 0.0424024699255824 0.00758841230999678 0.00060616815026151 0.00446139855193906 0.0073192052077502 0.00533637583721429 0.00631972651463002 0.00176094959606417 0.0010769237371278 0.000974751499597915 0.00132613486493938 0.00128449335752521 0.00148763750912622
0.0159130554180592 0.0137879747664556 0.0175451824907213 0.0189270144794136 0.00644998681382276 0.0116453503607772 0.00922635771567002 0.00895530931884423 0.0104250242235139 0.0209628473967314 0.0398650777060539 0.0160299361217767 0.0120210764463991 0.00990420933812857 0.00842053611995652 0.00967174319084734 0.00847007378470153 0.00389386729802936 0.00575062185525894 0.00614293867256492 0.0112237381981686 0.00913469698280096 0.0111908028658945 0.0391832246445119 0.0392702400451526 0.0268887168960646 0.0231662243953906 0.0201487954705954 0.0121631734073162 0.00621718103066087 0.0264156471006572 0.182849818840623 0.105877163074911 0.0249544174876064 0.0115400352748111 0.0106727178441361 0.00342597322887741 0.00403461932437494 0.00190910724631976 0.0162117718951777 0.00539376228116453 0.0022519774211105 0.00163887370727025 0.00148494923487306 0.00380462122266181 0.0017927585169673 0.000357575573434588
0.0231076779775321 0.0240300113335252 0.0105235364288092 0.0102828862611204 0.0139788544038311 0.0158428775379434 0.0134095447603613 0.00525245325407013 0.013342665322125 0.048121378198266 0.017088860552758 0.0080180419026874 0.00609059183625504 0.0123215416911989 0.00877253762446344 0.0118332312675193 0.00351350628188811 0.0212412520311773 0.0163173718843609 0.0295280473772436 0.0102709407685325 0.00856526019051671 0.0173493892420083 0.0495075387414545 0.0442969227675349 0.0894007574301213 0.289328605681658 0.0581863324157894 0.0185224076267332 0.00784899971913546 0.0196203572675586 0.0431056359782815 0.0176849767100066 0.0169966090004891 0.0767531810328364 0.0109972749603912 0.00835134023800492 0.00730586440768093 0.002000776634668 0.006593795446679 0.0344172376208007 0.00599204376339912 0.00271310161333531 0.00827809611801058 0.00147624607780017 0.00189889008761384 0.000363944409036776
0.00889766081236303 0.0158070516772568 0.00593041024403647 0.014147031866014 0.0172822646563873 0.0239546000957489 0.00702841890743002 0.0257376029156148 0.17323746830225 0.0126035914523527 0.0104144299868494 0.0152520605828613 0.0175907165976241 0.0131889286683872 0.0272424376569688 0.0304819215089083 0.0232790855225176 0.0207664991728961 0.00973748110700399 0.0122325996635482 0.0138182553695515 0.00956265844870359 0.00805318568600342 0.0283227166160941 0.0155960448086262 0.0124075602041557 0.0221838011872023 0.0596002764999866 0.0567825658246875 0.0083064905134961 0.00582043353933841 0.22015231475234 0.287316583096981 0.0138796384679154 0.0350821384228766 0.0673924304544926 0.00778853227384388 0.0121216687373817 0.0122579912422225 0.0162765790242702 0.0999375123530626 0.0746020596474409 0.0168004618491977 0.0121907018823549 0.00828916537575424 0.00653944711666554 0.0031153887975961
0.00601056357845664 0.00658812748733908 0.00684545489493757 0.0130214706994593 0.0210021656937897 0.0101165820029564 0.0153352442197502 0.101656510680914 0.0684423899278045 0.0220597824081779 0.0160604306263849 0.0207053969614208 0.0331121412105858 0.0202571892179549 0.0828573130071163 0.108385513722897 0.0191575538367033 0.0146598220337182 0.0197559718508273 0.00459514133399352 0.0174024946754798 0.0143034243490547 0.0173942614346743 0.0137139634927735 0.0166380540002137 0.0251837199088186 0.0564837035257369 0.168314303830266 0.17323400164023 0.0816791192861274 0.137427549995482 0.0247671862132847 0.0194127433933318 0.0157335088122636 0.0418556362390518 0.0349168945103884 0.013721115863882 0.00730714389355853 0.005751683562994 0.00466031581745483 0.0320060322061181 0.0285209733061492 0.0166186344577 0.0119689163984731 0.0163433133624494 0.00210196214029565 0.0109064065618441
0.0194849868305027 0.0689886160194874 0.0149873038986698 0.022588551370427 0.0258259913418442 0.0201314117060974 0.0383225938305259 0.209206326305866 0.162719456106424 0.00735415245871991 0.0103634396567941 0.0760029200464487 0.0194509333465248 0.0324217720888555 0.0284102249890566 0.0216780231334269 0.0178446551784873 0.0140841285232455 0.0131237135268748 0.0159470160491765 0.0175611496903002 0.0518050821498036 0.053759076539427 0.0254687177017331 0.0328404140658677 0.0457763857673854 0.049632713617757 0.00946610986720771 0.0192479867488146 0.0335331434383988 0.0224710043519735 0.0275283908005804 0.0307826980948448 0.00870004037860781 0.0188635906670243 0.0214132206980139 0.0147566759027541 0.0148866744479164 0.0676378735341132 0.209806255251169 0.469021800160408 0.318452166765928 0.151045743376017 0.0562162209302187 0.0108244314789772 0.00480782556114718 0.00508147082291543
0.0107477749988902 0.0192183419130743 0.0278369987383485 0.0247979648411274 0.035071702953428 0.0251443889457732 0.0300941722467542 0.453422775864601 0.0221291119465604 0.00892817648127675 0.021330806100741 0.00955360662192106 0.00749228233471513 0.0149589955341071 0.0340208159759641 0.0137623161077499 0.00851767100393772 0.0256519753485918 0.02369269519113 0.0236729483120143 0.0454951100051403 0.0536276475526392 0.141619763430208 0.0810109469806775 0.0952079998329282 0.0245974336285144 0.00980019357521087 0.0224828979931772 0.0167930142022669 0.0119750791229308 0.013443464320153 0.0145437954459339 0.00723707817960531 0.0124957474414259 0.0153718739049509 0.00482208405155689 0.0422107930295169 0.372045446932316 0.984654885530472 0.986402606964111 0.39217593818903 0.958540815114975 0.978967761993408 0.976091402769089 0.342367495596409 0.0131498394533992 0.0113701472058892
0.0337126776576042 0.0069063876522705 0.0167332961689681 0.0316885590553284 0.0296872463077307 0.0250993828754872 0.0260208994615823 0.0375121205113828 0.054419644549489 0.0193650386296213 0.0632115321233869 0.0307276437059045 0.0185975229833275 0.0130043421406299 0.0149510248098522 0.0474914953112602 0.0182307948358357 0.0114756072405726 0.0196986858732998 0.0323826108127832 0.0265365211293101 0.0352366216480732 0.0602538269013166 0.0838799366727471 0.303049457073212 0.766597592830658 0.195663084834814 0.0324647324159741 0.00393383677583188 0.005165854038205 0.012306141492445 0.00956766388844699 0.00753846837906167 0.0105362211819738 0.0291670177131891 0.0933999866247177 0.403368926048279 0.989489263296127 0.988797968626022 0.990224927663803 0.98935871720314 0.987796986103058 0.988133561611175 0.984710252285004 0.89515615105629 0.913702207803726 0.303475807607174
0.0151585183106363 0.0231515410123393 0.0263660132884979 0.0243055350380018 0.025942476792261 0.0199418441392481 0.0167752276174724 0.00753957729320973 0.0127448949671816 0.00366810638224706 0.0225997007917613 0.0273737111128867 0.0258377575315535 0.0180982270278037 0.0338006044737995 0.0483288485556841 0.0316035221330822 0.0103528570034541 0.0273193179164082 0.0253206338267773 0.010962744243443 0.0247077439911664 0.0238699857145548 0.0416156571358442 0.063655970338732 0.0642424313351512 0.0239929092116654 0.00646230485290289 0.0304549579042941 0.0204279028344899 0.00946684391237795 0.0188608564203605 0.0105773985618725 0.00652561346068978 0.025796927511692 0.101246559247375 0.546177214384079 0.990051037073135 0.991524589061737 0.991141372919083 0.989900588989258 0.988996315002441 0.988242495059967 0.986968272924423 0.98571298122406 0.984678047895432 0.982548123598099
0.0330339169595391 0.0195932590402663 0.0132225887849927 0.0577504998072982 0.0138236903469078 0.0270799715071917 0.0245932073332369 0.0131261611822993 0.0951629046350718 0.0746473178267479 0.0198507799301296 0.0168780368054286 0.0217247531749308 0.0162663833471015 0.0220764397410676 0.0495659362524748 0.0110284300753847 0.0210203685099259 0.0235627242131159 0.0301495935767889 0.028328454028815 0.035372163541615 0.0220160645898432 0.0207141790306196 0.0213081547291949 0.0101286317571066 0.0298779285978526 0.0248966158833355 0.0161085627041757 0.0252279920503497 0.021425180695951 0.0216253641294315 0.00370743107923772 0.00700959751848131 0.0712598426267505 0.0339397763833404 0.0479856945574284 0.272510309517384 0.896098339557648 0.987098187208176 0.987380057573318 0.988237798213959 0.987786543369293 0.987468892335892 0.986850833892822 0.985358047485352 0.984203088283539
0.014919973211363 0.02857580576092 0.031981338839978 0.0311287851538509 0.0293160524219275 0.0132308744359761 0.01365890634479 0.0135844210395589 0.0320922456216067 0.0196833065478131 0.0112535016145557 0.0179558644304052 0.0419240637682378 0.040314288623631 0.0501104349270463 0.00856391694396734 0.0282224211841822 0.0242486823350191 0.0123063697712496 0.0320435797329992 0.0270333194173872 0.0234775953460485 0.0269896438345313 0.0216542848618701 0.00594175348524004 0.0234408007701859 0.0186529446393251 0.0171355655882508 0.0227282882668078 0.0238915550988168 0.0165428223088384 0.044740600977093 0.0279732410795987 0.0173253502696753 0.0248657630290836 0.0214487679302692 0.116551824659109 0.0342719623353332 0.584346640110016 0.985320222377777 0.984366512298584 0.985420000553131 0.985929501056671 0.984338343143463 0.983963125944138 0.983508694171906 0.983664363622665
0.013956868799869 0.0256986859254539 0.0213987757451832 0.0433215188793838 0.0070435106055811 0.0146528305253014 0.0169232419109903 0.0313884414266795 0.032329859258607 0.011397939582821 0.0113910506013781 0.00880698857363313 0.0471237760037184 0.0426881096325815 0.00749111766926944 0.0105698777595535 0.0503712933510542 0.0039176270714961 0.00360581362619996 0.0325300712604076 0.0114900760352612 0.0194511312060058 0.0144585442263633 0.0342471410520375 0.0172933866269886 -9999 -9999 0.0108709411462769 0.00379368354333565 0.00447248638956808 0.0270868556108326 0.0173849983140826 0.0428644597530365 0.0358863795176148 0.0326289213262498 0.0309816399589181 0.0349134532734752 0.0472884899936616 0.170261562615633 0.792045187950134 0.982202464342117 0.981281930208206 0.981349283456802 0.981137335300446 0.980610251426697 0.979923379421234 0.979869794845581
