Maxent_result_files_1/Bombus_melanurus_2.asc
NCOLS 594 
NROWS 330 
XLLCORNER -15 
YLLCORNER 23 
CELLSIZE 0.166666666666667 
NODATA_value -9999 
[rows 160 to 179 of 330, columns 506 to 551 of 594]
0.0528313731774688 0.0502211109735072 0.0516710340045392 0.0631123094819486 0.0652983353473246 0.0362510996870697 0.0701548517681658 0.0707434182055295 0.0683563332073391 0.0648007557727397 0.0685923808254301 0.0736772306263447 0.0667847834527493 0.0914854677394032 0.0918700290843844 0.0844524586573243 0.0916029788553715 0.09017005674541 0.102095514908433 0.0991921646520495 0.0594505178742111 0.126916801184416 0.145913742110133 0.118865473382175 0.15211788713932 0.122050327062607 0.122893230244517 0.0656478699296713 0.032252087071538 0.0610970965586603 0.05331467455253 0.0577239703387022 0.0545246937312186 0.0521557872183621 0.0468498229049146 0.0437791557982564 0.0419151088222861 0.0425855523440987 0.0435494859702885 0.04080296959728 0.0385385188274086 0.0348939670715481 0.0327088016085327 0.0328133714850992 0.0314268871210516 0.0296060688327998
0.0250368281267583 0.0475492721423507 0.0524102928116918 0.0287988675292581 0.0291260312311351 0.0637823010794818 0.0711071548052132 0.0700087626464665 0.060400225315243 0.067426030151546 0.0692188205197453 0.0284949786029756 0.0243957611266524 0.0771883796900511 0.0675336403772235 0.0719534955918789 0.0872003339231014 0.0870709158480167 0.0832235662266612 0.105062420293689 0.11986144669354 0.0775444930419326 0.129927688837051 0.120379187166691 0.0575475158169866 0.106648769043386 0.0737328534945846 0.0677074901759624 0.0645032028667629 0.0639176828786731 0.0594461736269295 0.0617868282832205 0.0539020038209856 0.0474338512867689 0.04666065024212 0.0478717131540179 0.0490517034195364 0.0480824430473149 0.047602467238903 0.0492596291005611 0.0437379992567003 0.0412397457752377 0.0394141867291182 0.0396862303838134 0.0373276202473789 0.0372949949465692
0.0204898993484676 0.0420715791173279 0.0426676029339433 0.0268722732551396 0.028641732595861 0.0316680360585451 0.0298052853439003 0.0459871549159288 0.0550996984355152 0.060744521021843 0.0637527846731245 0.0690077822655439 0.0695812668651342 0.0688674759119749 0.0779702367261052 0.0728970856405795 0.0427891780622303 0.0305223314091563 0.0564241521060467 0.0613384138792753 0.0917771901935339 0.0391127704642713 0.0826438626274466 0.105716321989894 0.110766947828233 0.113456046581268 0.0600981883704662 0.0564858658239245 0.0586955042555928 0.0711247554980218 0.0843102652579546 0.0781349884346128 0.0648118973709643 0.0605559737421572 0.0649915782734752 0.0695242567919195 0.0696486508473754 0.154909745976329 0.0844611320644617 0.0693037241697311 0.0587124263867736 0.0486036908812821 0.0437821234576404 0.0454975025728345 0.0464447379112244 0.0438537584617734
0.026878119353205 0.0257533269003034 0.0205309814307839 0.0204045340418816 0.02134925336577 0.0205364807741716 0.0219303781632334 0.0480770548805594 0.056975644081831 0.0638341767713428 0.061899721249938 0.0586084181442857 0.0569026052951813 0.0360886383336037 0.0677260434255004 0.0730445884168148 0.062988352868706 0.0612187936902046 0.0669412449933589 0.0699417037889361 0.0747929092496634 0.0837441515177488 0.092422978579998 0.13295196890831 0.103755917772651 0.0490834309719503 0.0530649024993181 0.054165867716074 0.0621906463056803 0.072041594889015 0.0720439977943897 0.0698853213340044 0.0650520903989673 0.0596062142401934 0.0667217805981636 0.0715238215401769 0.0812207983806729 0.166900571063161 0.116746345348656 0.0730597449466586 0.064938220474869 0.0566968380473554 0.0544713588431478 0.0593169904313982 0.0680549185723066 0.049950603581965
0.0153526900336146 0.0266945704352111 0.0167176672955975 0.017643557023257 0.0183713953243569 0.0205219346098602 0.0417903035879135 0.023558496311307 0.0258997902274132 0.0482159261591733 0.0285756835248321 0.0323243780527264 0.0523909974843264 0.0262748629786074 0.0321938898880035 0.0374036738649011 0.0679019398987293 0.0694560412317514 0.0491106604225934 0.0934603860601783 0.0815399719402194 0.086484176851809 0.100690715201199 0.0960344303399324 0.0400520050898194 0.0784861817955971 0.0656832309439778 0.0632469553500414 0.0781078474596143 0.0769941391423345 0.0861320102587342 0.0893442375585437 0.0831175956875086 0.0754179056733847 0.13916487917304 0.0671407812274993 0.071385488845408 0.0698999452404678 0.0874887004494667 0.0911397658288479 0.0886578820645809 0.0821622859686613 0.0696046197786927 0.0577491476200521 0.0609860872849822 0.0530035599134862
0.00903217815794051 0.00480451624607667 0.0151258612051606 0.00789492852054536 0.0175633738748729 0.0186441288329661 0.0191978989867494 0.0207213260233402 0.024986050510779 0.0559077001176774 0.0635221261531115 0.0570628496818244 0.0230772408656776 0.0249521824065596 0.029323706170544 0.0295331980567425 0.0627088457345963 0.06866420134902 0.0885954286903143 0.063908408023417 0.0803973484784365 0.0780050665140152 0.0836351577192545 0.0620185131207108 0.0680747542530298 0.0492359654977918 0.0561450148932636 0.0614618115127087 0.0804277665913105 0.162033213302493 0.183320046216249 0.106752838380635 0.114017630182207 0.129966901987791 0.119685074687004 0.0848074037581682 0.0872781775891781 0.0795371798798442 0.0844584878534079 0.107036718539894 0.119219858199358 0.130233193188906 0.111890676617622 0.0768880851566792 0.0708466706797481 0.0703797774389386
0.0107773694442585 0.00802012423519045 0.0135899874847382 0.0141036878339946 0.0141526531195268 0.0295424297451973 0.0193698703777045 0.0213022297248244 0.021345094544813 0.0195027354639024 0.0200676928274333 0.0221075281500816 0.0221046947874129 0.0247572601307183 0.049620127491653 0.0463776903226972 0.0309421084821224 0.0681596396490931 0.0723218670114875 0.0248206773540005 0.0459989278577268 0.0480286739766598 0.0555611103773117 0.0311783317476511 0.0693323962390423 0.0378781529143453 0.0415106215514243 0.047742419410497 0.0718598745763302 0.0997484603896737 0.108168244548142 0.0938438810408115 0.109054853394628 0.13085861839354 0.11997264623642 0.0722477909177542 0.0528179170563817 0.0833882089704275 0.113156721740961 0.0954092439264059 0.100969424843788 0.0860268767923117 0.0974803550168872 0.0814116340130568 0.0905506588518619 0.100854477845132
0.0101360169239342 0.0117179623804986 0.0135368681978434 0.0140546989627182 0.0133166610728949 0.0143634031526744 0.0156091640237719 0.0158526555169374 0.015657877875492 0.0173998351674527 0.0207735519856215 0.0236786426976323 0.0210477435030043 0.02489865696989 0.0281629192177206 0.0488469418138266 0.0308305543847382 0.0635597188025713 0.0519730292260647 0.0415659867227077 0.0385173829272389 0.0112724247854203 0.0194922672118992 0.060030977986753 0.0351904203183949 0.0372602713294327 0.0402812897227705 0.0457539978437126 0.0698527058586478 0.0684759533032775 0.0856330642476678 0.0730186391621828 0.0658887309022248 0.0694762232713401 0.0718830365687609 0.0738738698884845 0.0729874549433589 0.0568427607417107 0.0583060474134982 0.0954543670639396 0.0858927769586444 0.0938462868332863 0.076643130928278 0.0903316700831056 0.118240102007985 0.137033528462052
0.00908428422408178 0.0102257983991876 0.0109703190857545 0.0116723019862548 0.0112302365712821 0.0126387721160427 0.0142139760777354 0.0137951828306541 0.0155505567556247 0.0173940103966743 0.0197295141872019 0.0209843543823808 0.0206708288285881 0.0228056333493441 0.0297070205211639 0.0302822516299784 0.0476996846497059 0.0226468141656369 0.0326535455882549 0.0182171030435711 0.0255043224431574 0.0280513542704284 0.0409058433491737 0.0367850477807224 0.0464290200732648 0.0380214525386691 0.0427562851458788 0.0518210254609585 0.043069735635072 0.0449564543552697 0.0562464855611324 0.068708086386323 0.083527896925807 0.0829942733049393 0.0591314706020057 0.0471460657194257 0.0609814354218543 0.0603139554150403 0.0442835787311196 0.0546960739418864 0.0781240016222 0.0914596769958735 0.244422482699156 0.117908236756921 0.109312425740063 0.122406303137541
0.00918935869121924 0.00923833313863725 0.0101555223111063 0.0105852433945984 0.0116003791568801 0.0122312466381118 0.01280702422373 0.0146588223753497 0.0147884338628501 0.0148101203143597 0.017129093548283 0.0331624888814986 0.0218747464939952 0.0229388026986271 0.0205813345964998 0.0234063501935452 0.0295746549963951 0.0251819106284529 0.0257416503503919 0.0268329444341362 0.0307965788990259 0.0273883011192083 0.047253995668143 0.0334297331050038 0.06227943059057 0.0433237106539309 0.0569492049515247 0.0614624548703432 0.0637152057141066 0.0611563851125538 0.0557627667672932 0.0668138734996319 0.0598347865045071 0.0599471480585635 0.100999077782035 0.0684581402689219 0.0706069149076939 0.080431018024683 0.0810850160196424 0.176071843504906 0.101670572161674 0.0764549912884831 0.172720170021057 0.111208690516651 0.132921504229307 0.113572299852967
0.00812369177583605 0.00843902808846906 0.0101939630229026 0.0109521079342812 0.0126698379404843 0.0129206171026453 0.0133309508208185 0.017324563767761 0.0193167921621352 0.0170164711773396 0.0168239946477115 0.0184098053723574 0.0219911473803222 0.0194783514365554 0.0165673693176359 0.0191271644085646 0.0219081310089678 0.0226977259386331 0.0229227525182068 0.0496144514530897 0.0603042794391513 0.0452898189425468 0.0399690733291209 0.0420722294598818 0.0461700714193285 0.0587516283616424 0.127960288524628 0.188021998107433 0.172270177304745 0.0586950791068375 0.071436788700521 0.106752558425069 0.0942315295338631 0.1032011738047 0.0866663374006748 0.111677573993802 0.152560424432158 0.147274274379015 0.129707461595535 0.109033852443099 0.140356492623687 0.131789808347821 0.096092595346272 0.0720926301553845 0.107559745013714 0.116553981974721
0.00764867594698444 0.00887848397251218 0.00913523780182004 0.0104369246400893 0.0141412472119555 0.0132265132619068 0.0134201246313751 0.017457467596978 0.0210709208156914 0.0180291323922575 0.0183900171890855 0.0210939610376954 0.0256990073714405 0.0236300073098391 0.0216753243934363 0.0216427946928889 0.0198873368557543 0.0210910021327436 0.0277472626417875 0.0613554581999779 0.0346929387189448 0.0249564915895462 0.0341229822486639 0.0453600885346532 0.0972775809466839 0.0551729533821344 0.0845508974045515 0.076393560692668 0.0625859698280692 0.0879922088235617 0.123705397546291 0.125747393071651 0.16328159943223 0.11370744407177 0.178445119783282 0.280511144548655 0.105701010301709 0.170908827707171 0.133720899373293 0.10467501282692 0.153230610862374 0.165057023987174 0.195357269793749 0.102492910809815 0.0980499196797609 0.117381081357598
0.00719977767439559 0.00870010466314852 0.00977225196547806 0.0105022354749963 0.0123926190426573 0.014464734075591 0.013598747481592 0.0148903738707304 0.0152252679690719 0.0193871297407895 0.0184245310723782 0.0186871557030827 0.0180791569873691 0.0210213589016348 0.0204497449100018 0.0178574991412461 0.0188562567345798 0.0246702715754509 0.0275171867571771 0.0273509512655437 0.024576144805178 0.0268638941459358 0.0349682718515396 0.0378676780499518 0.0494247373193502 0.0375309168361127 0.0618319975212216 0.103784612938762 0.0662879332900047 0.0925496064126492 0.138428061455488 0.173529124632478 0.42494832277298 0.186838196218014 0.155799948424101 0.0989672962576151 0.300705075263977 0.214242020994425 0.103087245486677 0.354385665804148 0.470197306573391 0.224896860867739 0.166201242804527 0.0847030278295278 0.0951900402083993 0.136889066174626
0.00713832444744185 0.00789856242481619 0.00935526520479471 0.00915809578727931 0.00922613847069442 0.0104004692751914 0.00926204423885793 0.0104561376851052 0.0184058705810457 0.0261350744403899 0.0208387326449156 0.0226008378900588 0.0196058034896851 0.0164255265146494 0.0187091124709696 0.0207581679802388 0.0198736920952797 0.0285224750638008 0.0326285207644105 0.0402161745354533 0.0330427232198417 0.0318572342395782 0.059317290969193 0.0640720434486866 0.0262813696172088 0.0251398882362992 0.035894956625998 0.0712241372093558 0.101516176015139 0.129280913621187 0.1376763086766 0.157073705270886 0.315945164859295 0.155148864537478 0.103756595402956 0.100053769163787 0.12270369566977 0.17144385240972 0.122077199816704 0.277831324934959 0.405589245259762 0.39944444745779 0.200477497279644 0.085280542075634 0.0743514157831669 0.125764403864741
0.00650959963677451 0.00761046389816329 0.00838907051365823 0.00669815408764407 0.00657799082109705 0.00751529114786535 0.00673039299435914 0.0100748186698183 0.0143594602588564 0.0173683177214116 0.0224843523465097 0.0236000129021704 0.0218784479890019 0.0168037630151957 0.0194152819458395 0.0217328189872205 0.0237382125575095 0.0198670509271324 0.0215699613559991 0.032842876855284 0.0261613554321229 0.0551535019651055 0.115079459547997 0.0303247626870871 0.0236654940526932 0.0230561471078545 0.0553757281973958 0.0682280272245407 0.11880786344409 0.153100599721074 0.169135501980782 0.230985740572214 0.194696564227343 0.246785490959883 0.238782465457916 0.122382391616702 0.122868693992496 0.0695180813781917 0.137671548500657 0.13654835447669 0.209088968485594 0.158173062652349 0.146370504796505 0.05822230912745 0.0546112827025354 0.107418999634683
0.00523160701850429 0.00661136106355116 0.00718473452143371 0.00585752505576238 0.00583311538212001 0.00577638609101996 0.00597358506638557 0.00796821585390717 0.0112550561549142 0.0145078475121409 0.0126532908761874 0.0154685115907341 0.0117449498735368 0.0114184023812413 0.0132703248877078 0.0136745765339583 0.0152755393180996 0.017465766472742 0.0209851630963385 0.0228642036672682 0.0293500280939043 0.037793205305934 0.0525867752730846 0.0402375780977309 0.0245282679330558 0.020667007798329 0.022820316394791 0.0482190133072436 0.0921690814197063 0.0775097763165832 0.141732092946768 0.135427052527666 0.0960076324641705 0.139197753369808 0.142987148091197 0.072123071923852 0.115147538483143 0.119319776818156 0.152784748375416 0.146061013638973 0.150180849060416 0.0933288659900427 0.121126203238964 0.0420621642842889 0.0383536814711988 0.0797071535140276
0.00396429065149277 0.00449185882462189 0.00493743104161695 0.00509463030612096 0.00470752510009334 0.0051030786591582 0.00490900065051392 0.00583595132920891 0.00700360431801528 0.0083406143123284 0.00809230846352875 0.00785576892085373 0.00827131101395935 0.00957129737362266 0.0106527894269675 0.0165482740849257 0.0209174616727978 0.02108692699112 0.0210602801293135 0.0219189633615315 0.0276926636695862 0.0525731673464179 0.0337909942492843 0.0156573237385601 0.0271962886210531 0.03993920693174 0.0484234238043427 0.0373221045359969 0.0521997884847224 0.115661593526602 0.114356844499707 0.0626450562849641 0.0511832294985652 0.0791830683127046 0.0531419385224581 0.143215254321694 0.151777485385537 0.0551744478754699 0.0478306741453707 0.0619795668870211 0.0546754162758589 0.053422571439296 0.0562076164409518 0.0282646013889462 0.0362097269389778 0.05403564106673
0.00371222696267068 0.00375375056755729 0.00357332181301899 0.00372637978289276 0.00403100433177315 0.00515338069526479 0.0063215674366802 0.0075840913457796 0.00664855681825429 0.00663960506208241 0.00754840271547437 0.00857024954166263 0.0097549959551543 0.0114137458847836 0.0146050285547972 0.0168270797468722 0.0192575373221189 0.0276586325839162 0.0303235907107592 0.0233346799388528 0.0152986148837954 0.0153211840894073 0.0136306082597002 0.0125186292920262 0.0211499829310924 0.0361978810280561 0.0371733006089926 0.0684404144063592 0.0588054275140166 0.0832785030826926 0.075967476144433 0.0741847094148397 0.0312859948724508 0.0250333433039486 0.0540225111879408 0.148111053183675 0.255220432579517 0.207207605242729 0.103820971958339 0.0405142484232783 0.0366322646848857 0.0391707277391106 0.0261788377538323 0.0336291444953531 0.0535697475075722 0.039202078897506
0.00320500905509107 0.00309333975892514 0.00287662735208869 0.0033315876731649 0.00456582400947809 0.00487267496064305 0.00560249679256231 0.00692351993639022 0.00845750509761274 0.0078642901731655 0.00688424162799492 0.0101818219991401 0.0141138924285769 0.0143458379432559 0.0162402274552733 0.0186492909677327 0.0221730642020702 0.037271093018353 0.0419139752164483 0.0382914281450212 0.0226313309744 0.0125403951853514 0.0152693287702277 0.0174008758738637 0.0218961113132536 0.0171890111407265 0.016971810744144 0.0225359699223191 0.0346950403414667 0.0538375891745091 0.0434136711992323 0.0329947182442993 0.0382283342070878 0.0194632846163586 0.023082558112219 0.0357670586090535 0.083894170448184 0.0672133544459939 0.0516239203512669 0.0283277026377618 0.0186298049520701 0.0176440300187096 0.0173060182714835 0.042519692145288 0.0892953991889954 0.0463584991171956
0.00265224606264383 0.00289643471478485 0.00317151780473068 0.00379564895993099 0.00510978562524542 0.00608241981826723 0.00694426919799298 0.00749797341413796 0.00971541502512991 0.00906532825902104 0.00764760125894099 0.00981750728096813 0.0130026173777878 0.0160041910130531 0.0283989326097071 0.0252806697040796 0.0264420248568058 0.0355386979877949 0.0543645363301039 0.04750193990767 0.0294821609742939 0.0217206085566431 0.0257170414552093 0.0349411709234118 0.0223644705023617 0.0136417876463383 0.0100005329935811 0.0132583447499201 0.0188483313191682 0.0138869294431061 0.0176879706792533 0.0216082780621946 0.0507269379682839 0.0484321888536215 0.0330020575318486 0.0201080744620413 0.0162101447116584 0.0333211574703455 0.0262915530707687 0.0140102940611541 0.0120738903759047 0.0165182167198509 0.0204174838960171 0.0368308505043387 0.0724149469286203 0.0439580895006657
