Maxent_result_files_1/Bombus_cingulatus_2.asc
NCOLS 594 
NROWS 330 
XLLCORNER -15 
YLLCORNER 23 
CELLSIZE 0.166666666666667 
NODATA_value -9999 
[rows 56 to 83 of 330, columns 189 to 251 of 594]
0 1.15514800853589e-06 1.33120975078782e-06 0.00101423664018512 0.00524061433970928 0.00329692885279655 3.7943870268009e-09 0.003886928409338 0.000765272136777639 4.13116969866678e-05 0.00146324094384909 1.05210616311524e-05 0.000881614070385695 0.00028689478058368 0.0010309636592865 0.000516196852549911 0.00370666012167931 0.00202598143368959 0.000714848143979907 0.000171689339913428 0.00015850302297622 0.000180795218329877 0.000260069640353322 0.000160556565970182 0.000142024527303874 0.000203265878371894 3.1630415469408e-05 3.02653352264315e-05 2.94443219900131e-05 3.04451968986541e-05 3.01279244013131e-05 0.000252366415224969 0.000458514736965299 0.000583657016977668 0.00121083436533809 1.80757808266208e-05 0.00073780887760222 0.000348242535255849 0.000210294732823968 2.51043238677084e-05 2.16824962990358e-05 0.00118006020784378 0.000614993507042527 0.000260315369814634 0.000415232591331005 2.37723361351527e-05 2.51876394031569e-05 0.000145198870450258 2.39645174588077e-05 2.36472435062751e-05 2.57586274528876e-05 0.00061787529848516 0.0011433120816946 0.00094252685084939 0.00112388068810105 0.0016190942376852 0.000992152653634548 0.0014936569146812 0.00202708933502436 0.00213904995471239 0.00239963792264462 0.00177093185484409 0.00128307119011879
0.000222312589175999 1.11022302462516e-17 -9999 -9999 5.05332318425644e-06 4.20984360971488e-07 2.06802184266053e-09 1.90674181794748e-06 2.98259801638778e-06 8.29913071356714e-05 0.000548656890168786 0.00133108114823699 0.00910817012190819 0.0051767785102129 0.00239825900644064 0.00440578460693359 0.00159384552389383 0.000184679555241019 0.00148650072515011 0.00210702624171972 0.00112699717283249 0.00017823752714321 3.46669083228335e-05 3.45467095030472e-05 3.41634964570403e-05 3.24684486258775e-05 8.08976823464036e-05 2.83825997030362e-05 2.78802122920752e-05 0.000167528644669801 0.000251404382288456 2.76652281172574e-05 2.74150108452886e-05 0.00152727970853448 0.00150556731969118 0.00111779533326626 0.00141034200787544 0.00154047394171357 0.00178436376154423 0.00153039386495948 0.000877433642745018 0.00134790008887649 0.00131660178303719 0.00205927900969982 0.00223829355090857 0.00139998672530055 0.00144727332517505 0.000906792469322681 0.000678470358252525 0.00101072192192078 0.00120550487190485 0.00128461485728621 0.00211640056222677 0.00208695214241743 0.00246543828397989 0.00242776926606894 2.09760284633376e-05 0.000881554000079632 2.38732129218988e-05 0.00269701648503542 0.00483964160084724 1.17402552859858e-05 0.00394788458943367
1.14045724330936e-05 0.00732784867286682 1.41674725455232e-05 3.2653351809131e-06 0.00087764635682106 9.00421182059574e-11 2.30451580137014e-05 2.96542748401407e-07 1.14110131107736e-05 1.60361043526791e-05 0.000221860152669251 0.00078604519367218 2.59360240306705e-05 1.48619001265615e-05 0.000756606413051486 0.00303486417979002 0.00083322748541832 0.000197364273481071 0.00327996276319027 0.0015011053532362 0.00303803998976946 0.00246646218001843 0.00219643115997314 0.000306177046149969 0.000315233576111495 0.000318559492006898 3.1507428502664e-05 0.000271238200366497 2.94092373223975e-05 2.58841144386679e-05 0.000225367490202188 0.00108581529930234 0.00135178696364164 0.00164044909179211 0.00130158383399248 0.00132945673540235 0.00207831002771854 0.00316362157464027 0.00313560329377651 0.00285097993910313 0.00320968925952911 0.00296702496707439 0.00187144111841917 0.00206577964127064 0.002063949406147 0.00376801900565624 0.00279710404574871 0.00316068306565285 0.00183891803026199 0.00133117074146867 0.00185147188603878 0.00261810086667538 0.00240528900176287 0.00137655725702643 0.00120513588190079 0.00259503871202469 0.000448483973741531 0.00276177898049355 0.000956029910594225 0.00427732244133949 2.92379525490105e-05 7.22128534107469e-06 8.00544861704111e-05
4.33606658134522e-08 4.72836545668542e-05 3.59207388100913e-07 1.87468540389091e-06 4.17251030739862e-06 1.95101616554894e-05 0.000135540368501097 2.1581506007351e-05 2.25772862904705e-05 1.57019807375036e-05 2.33220896916464e-05 1.94547494174913e-05 0.000249831192195416 5.0659867702052e-05 0.000279095163568854 0.000151131639722735 1.45567566505633e-05 0.00127956131473184 0.000528109446167946 0.00132646216079593 0.00216062050312758 0.00204632990062237 0.00435044541954994 0.0046636126935482 0.0035421147942543 0.00275501031428575 0.00175991337746382 0.00154596408829093 0.00168085712939501 0.00187962520867586 0.00213222447782755 0.00167333502322435 0.00175207871943712 0.00168968923389912 0.00198045913130045 0.00160001944750547 0.00140188774093986 0.00171426273882389 0.00366127118468285 0.00353774651885033 0.00327495038509369 0.00337433144450188 0.0026541993021965 0.00333461984992027 0.00551972426474094 0.00166512988507748 0.00527539364993572 0.00293369218707085 0.00229362566024065 0.00164715182036161 0.000882972124963999 0.00231849271804094 0.00175900273025036 0.000888793263584375 0.000401606876403093 0.00107905734330416 0.00108938422054052 0.00268605649471283 0.00169116221368313 0.00183850340545177 0.00314464420080185 0.000717827212065458 0.00431856848299503
0.00866736918687821 2.58581334492192e-05 1.84814853128046e-05 0.000108457799069583 8.61607608385384e-05 0.000130887608975172 0.000328579591587186 0.000357312429696321 0.000364375161007047 8.99690203368664e-05 9.17181489057839e-05 3.56421587639488e-06 1.18043863039929e-07 1.37097580591217e-05 0.00271596442908049 0.000405178777873516 0.00200484544038773 0.00204491820186377 0.00151022234931588 0.000389564642682672 0.000477868411689997 0.0022081445902586 0.000155486760195345 0.00465222597122192 0.00624937787652016 0.00397609584033489 0.00883350446820259 0.00407724976539612 0.00257183667272329 0.00355230718851089 0.00388921797275543 0.00830083638429642 0.00101011637598276 0.000889294873923063 0.00554757826030254 0.00369600281119347 0.00261591244488955 0.00419523492455483 0.00872503891587257 0.00299101527780294 0.00263817626982927 0.00217000935226679 0.00212808884680271 0.00292764753103256 0.00536017194390297 0.00122863007709384 0.00641823634505272 7.44989665690809e-05 0.000868719164282083 0.00146153913810849 9.05706183402799e-06 0.00177347306162119 0.00222708377987146 0.00150492861866951 0.00138039654120803 0.00185847319662571 0.0033708680421114 0.00267591755837202 0.00260909777134657 0.00285842809826136 0.00426126681268215 0.00162771344184875 0.00314913466572762
2.66259623458609e-05 0.000404335139319301 0.000254630693234503 0.00553919225931168 0.00363994464278221 0.00391974709928036 0.000197316776029766 3.04416262224549e-06 6.20762526523322e-05 0.00140080656856298 1.12006891868077e-05 0.000107651331927627 8.58422135934234e-05 0.000432653864845633 0.000299532199278474 0.000101993000134826 0.000786032807081938 0.000397578487172723 0.00140128489583731 0.00203397497534752 0.00168150644749403 0.0018434826284647 0.00142982723191381 0.00305301584303379 0.0048403263092041 0.00595025643706322 0.00278696529567242 0.00534666106104851 0.00265654064714909 0.00182912219315767 0.00186351221054792 0.00200986657291651 0.00303868930786848 0.0089383527636528 0.000654089963063598 0.0064112976193428 0.00111869983375072 0.0013076257891953 0.00300451777875423 0.00319526121020317 0.00123262573033571 0.00229610651731491 0.00262703038752079 0.00253467988222837 0.00165839437395334 0.00374775640666485 0.0015308097936213 0.00101020224392414 1.49655243149027e-05 0.00169716384261847 0.0122912630438805 0.00207934118807316 0.00657106414437294 0.00631098002195358 0.0069910541176796 0.00101327653974295 0.00187434684485197 0.00255185756832361 0.00570614039897919 0.000476437946781516 0.00031524000223726 0.00703787431120872 1.0004042997025e-05
0.000252684438601136 0.000188933056779206 0.000632398622110486 0.000416832789778709 0.00168294869363308 3.84407894671313e-07 0.00209683403372765 0.00469705238938332 0.00315483435988426 0.00024848785251379 2.25332943955436e-05 0.000291437259875238 0.000402554031461477 0.00213745664805174 0.00182135794311762 0.000511758122593164 0.00135576017200947 0.000403757160529494 0.000470132380723953 0.000345402024686336 0.000896057579666376 0.00154084283858538 0.00163597092032433 0.00179583765566349 0.00337388962507248 0.00894651934504509 0.00193801522254944 1.86675926670432e-05 1.82194242370315e-05 0.0015308165922761 0.00691972076892853 0.00133324069902301 0.0027011577039957 0.00566152930259705 0.000921831466257572 0.00111321192234755 1.78531481651589e-05 0.00205745678395033 0.000307484623044729 0.00661018714308739 9.48024448007345e-05 0.00122042018920183 0.000274274218827486 0.0431356370449066 0.0121379807591438 5.6111958110705e-05 0.00014213448157534 0.000458530569449067 1.95882807020098e-05 0.00160514116287231 1.03696729638614e-05 8.20667017251253e-05 0.00693757236003876 0.000426991144195199 0.00400001220405102 0.0016681008040905 0.00277442298829556 0.00127499382942915 0.0134712472558022 0.00309136044234037 0.00538883805274963 0.000372314965352416 0.0050390500575304
0.000182796898297966 0.000451424764469266 0.000297095975838602 0.000333313620649278 0.000168282864615321 3.47330962540582e-05 5.15133506269194e-06 5.52820929442532e-06 1.28522162867739e-07 6.99640368111432e-06 0.000533957034349442 0.00332740135490894 0.00104114338755608 0.00410299710929394 0.00263813678175211 0.0017003046348691 0.00176542140543461 0.00179945901036263 0.00161299351602793 0.00177942756563425 0.00167997907847166 0.00217024199664593 0.00221438705921173 0.00241700354963541 0.000189611490350217 0.004522305727005 0.00524057783186436 0.01013023853302 0.00108555825427175 0.00112191727384925 0.000274652353789229 0.00251735709607601 0.0014783794991672 0.000415224209427834 0.000326059735380113 0.0494148015975952 0.0438023328781128 0.0512379765510559 0.00247838273644447 0.0189649626612663 4.51713829534128e-05 0.0117374025285244 0.0676755309104919 0.000721478881314397 0.000102514389436692 0.00470273084938526 0.000293233315460384 3.13659256789833e-05 0.000348851317539811 2.29477172979387e-06 0.0665768444538117 0.000169356178957969 0.00159578230232 0.00268623344600201 0.00697072595357895 0.000667195161804557 0.000450244406238198 0.000636893138289452 0.0005754534620795 0.00129029648378491 0.000694802310317755 0.00291022583842278 0.00485141240060329
0.000523558352142572 0.000378962839022279 8.32043413538486e-05 0.000431371293962002 0.000177311000879854 3.6508750054054e-05 6.78159587550908e-05 4.07506740884855e-07 1.63472341228044e-06 1.82139978278428e-05 0.00275038573890924 0.0018753768876195 0.00015626730164513 0.000337780313566327 0.00273492932319641 0.00264708437025547 0.00244633685797453 0.00322509557008743 0.00312944799661636 0.00722208991646767 0.00231226272881031 0.00457022525370121 0.00395118854939938 0.00243660341948271 0.0167354464530945 0 0.00450308360159397 0.0062251590192318 0.00124053945764899 0.00123946201056242 2.62013374594972e-05 0.00541936419904232 0.001200414262712 0.000465242611244321 6.10825834357343e-12 0 0.0494845241308212 4.12278322592385e-11 0.0231546610593796 0 9.21884790727745e-13 5.01376717920721e-12 5.17015403602272e-05 0.00042886845767498 0.0196727752685547 3.39069038091111e-07 3.96156774051803e-11 0.00565907619893551 4.35034016845748e-05 2.11278646020219e-05 2.70101765636355e-05 6.15295430179685e-05 0.0330846279859543 0.000904912035912275 2.71791155682877e-05 8.66180576849729e-05 0.00089954761788249 0.000193725409917533 0.000903306249529123 6.67365093249828e-05 0.00219474863260984 1.32210610900074e-05 0.000326208653859794
0.000102275260724127 0.000128704961389303 2.8448409284465e-05 0.000418545491993427 0.00132725462317467 0.00115863448008895 0.000565048679709435 0.00115248020738363 0.00016976575134322 1.2958211300429e-05 0.00155627941712737 0.00317034162580967 0.00324558056890965 0.0023713443428278 0.0021211015060544 0.00161582734435797 0.00286323968321085 0.00400205962359905 0.00487659797072411 0.00154727268964052 0.00116489697247744 0.00171928275376558 0.00231027901172638 0.0052910640835762 2.95412646664772e-06 0 0 0 0 0 1.31017419136015e-13 1.98726454982534e-05 0.0140808910131454 2.83425324596465e-05 4.58562635685666e-07 0 0 0.000635814014822245 2.67413823166862e-05 0.0139987409114838 0.000276625668630004 5.63564535696059e-05 1.50012507219799e-05 0.00707015246152878 0 0 0 0.001681062951684 0.0085762545466423 0.0142292976379395 5.57579332962632e-05 2.08983095944859e-05 0.000366176082752645 0.000956276524811983 0.000274670100770891 0.000117319473065436 0.00263585187494755 0.00105247469618917 0.00392848290503025 0.00232188124209642 1.00728568213526e-05 0.00137342968955636 0.000922502018511295
0.000935719348490238 0.00523472391068935 0.00452027395367622 0.00477659441530705 0.0039214912801981 0.00142015451565385 0.000615083053708076 1.58898561494425e-05 6.51412483421154e-07 0.000213061785325408 0.000238917325623333 0.0017211576923728 6.05797686148435e-05 0.0037119522690773 0.00438467711210251 0.000184976344462484 0.000548528973013163 0.000232109474018216 0 4.57411886145565e-15 0.000345362490043044 0.0499525308609009 8.63653491251171e-05 5.66600356251001e-05 7.50229693949223e-05 9.49573752961896e-14 1.09880093077663e-05 0.00161994639784098 0 0 0 0 0 2.123634601503e-13 2.34401476006951e-09 3.51579210189357e-10 0 0 8.52735465741716e-06 1.16886531031923e-06 0.0147072613239288 0.000100226933136582 0 4.99844610146738e-13 0.00207572374492884 0 9.99200722162641e-17 0.0347331434488296 0.00028812070377171 1.07643893798581e-12 2.34774110140279e-05 0.000131582096219063 4.86270495457575e-05 0.000452956929802895 1.50623957750895e-13 1.85372438863851e-05 0.000671010976657271 1.27652747323737e-05 0.00018353033810854 0.000399123691022396 0.000831240694969893 0.000108409440144897 0.0016750056296587
0.000808259379118681 0.000106620078440756 0.000311727728694677 0.00350445881485939 0.00333391577005386 0.00358358286321163 0.00189664550125599 0.000129073741845787 2.41620175074786e-05 1.18791140266694e-05 4.21115191784338e-07 0.000779447564855218 0.00155841205269098 0.00414296723902226 9.46083237067796e-06 0.00123806959018111 0.000608699349686503 0.00273739565163851 1.32807152112946e-05 0.00291590355336666 0 0 2.09721129351692e-13 8.69015970295095e-13 6.28311827313155e-05 0 0 0 0.0182280942797661 7.4547812367598e-12 0 0 0 0 0 0 0 0 0 0 1.07931441561959e-12 5.91457974223886e-06 0 0 0.0827322006225586 0 0 2.55296356499457e-08 1.49392371895374e-06 0.00575968287885189 0.0335558533668518 0.000433313613757491 2.10683327168226e-05 0.000186752143781632 0.000429034233093262 0.00545528717339039 3.58122779289261e-05 0.000231726840138435 0.0166878774762154 0.0201623901724815 8.81431275047362e-05 0.000357555854134262 3.1543112709187e-05
0.00446641594171524 0.00300339050590992 0.00274586156010628 0.00374368280172348 0.00129591701552272 0.00191202349960804 0.00445232875645161 0.00471099615097046 0.00166035052388906 0.00178234558552504 0.000819821562618017 0.00182347819209099 0.00227867159992456 0.00381826981902122 7.75010107645357e-08 0 0 1.30564847495407e-05 0 0 0 0 0 0 0 0 0 0 0 0 0 0 0 0 0 0 0 0 0 0 0 0 3.99397515060684e-11 0 3.33066907387547e-17 0 2.22044604925031e-17 1.43700333410379e-08 4.66597649406708e-11 1.09920016257092e-05 0.00120257139205933 0.000278767081908882 0.0114278241991997 1.71921072933401e-09 1.46229620440863e-05 0.0999994933605194 0.00011387123959139 0.000519399112090468 6.33161864243448e-05 5.05492615047842e-05 5.33982936758548e-05 0.00077006439678371 0.00489061661064625
0.00330101288855076 0.00370596833527088 0.00365218110382557 0.00275562517344952 0.00639546662569046 0.00543083362281322 0.0041679609566927 0.00542792528867722 5.39743690751493e-05 0.00121094509959221 0.00232334937900305 0.00477214343845844 7.58659502025694e-05 0.000174595206044614 0.0140585675835609 5.11509017087519e-05 0 0 0 0 0 0 0 0 0 0 0 0 0 0 0 0 0 0 0 0 0 0 0 0 0 0 1.11022302462516e-17 0 0 3.58019169865997e-12 0 0 0 0 0 4.71480490205067e-08 0 0 1.25881575513631e-05 0.00121508734300733 1.02705965954186e-10 0.0149108454585075 8.80758799226555e-12 1.53626000809481e-12 7.82657934905728e-07 4.30791696999222e-05 0.0596329033374786
0.00247426778078079 0.00298411231487989 0.00387775264680386 0.00470001697540283 0.00434924513101578 4.80512710055336e-05 0.00467816404998302 0.00431754924356937 0.00692643001675606 0.0049867045134306 0.0002810746897012 0.000377558171749115 0.0154146745800972 0.00040282947011292 0.00149726662784815 0.0636597216129303 0.0265927255153656 9.99200722162641e-17 0 0 0 0 0 0 0 0 0 0 0 0 0 0 0 0 0 0 0 0 0 0 0 0 0 0 1.31361588273649e-13 2.18047802036381e-14 0 0 7.91650833775748e-10 6.32771279818201e-11 0.0827322006225586 0 1.67064433753694e-07 0 3.69762132024221e-10 4.45593229869701e-08 4.96146909426898e-05 0.000131636066362262 0.000555701833218336 0.000340572348795831 2.60221800999716e-05 4.84010815853253e-05 0.000894195213913918
0.000248238956555724 0.00204430390149355 0.00240424927324057 0.00031271988991648 8.88178419700125e-16 1.40471063787118e-05 0.00169636718928814 0.00432691760361195 0.0042011946439743 0.00321534648537636 0.000545439217239618 0.00196090303361416 0 0 0 0 0 0 0 0 0 0 0 0 0 0 0 0 0 0 0 0 0 0 0 0 0 0 0 0 0 0 4.50750547997814e-15 5.79085757124176e-09 0 0 3.96349619791181e-15 0.000164599507115792 0 0 0.0827322006225586 2.22044604925031e-17 0.0827322006279332 5.42994493812898e-10 3.35999735398218e-05 9.27848916035146e-05 1.77083507878706e-05 1.03221791505348e-05 0.0983366429805756 0.00105731785297394 0.00139958783984184 0.0348941832780838 1.39577993607531e-10
0.00150627018883824 0.000422077625989914 0.000259041879326105 0 0 2.22044604925031e-17 0.000171063549350947 0.00386839918792248 0.00466263219714165 0.00268795490264893 0.00334233902394772 0.0304833114147186 2.13395967563201e-13 3.36227130901534e-06 0 0 0 0 0 0 0 0 0 0 0 0 0 0 0 0 0 0 0 0 0 0 0 0 0 0 0 1.26121335597418e-14 0 0 0 0.0827322006225586 0.0632120549678803 0.0827322006225587 0.0827322006225586 8.88178419700125e-16 0 1.46298695380409e-10 0.000123616715427488 2.95600388199091e-05 0.00071542039513588 4.54918608738808e-07 0.00248072315007448 3.92411806387827e-05 1.47103883136879e-06 0.000815684348344803 3.31667033606209e-06 1.53866683831438e-05 0.00139838922768831
1.25629256331194e-08 0.0231522142887115 0.000554432580247521 1.71660940395668e-05 0.000390545115806162 0.000869745058895877 0.00108684450387955 0.000903154443949461 0.00320468619465828 0.000219872919842601 0.00188682731240988 0.000761192291975021 0.0308098077774048 0 3.86357612569554e-15 0 0 0 0 0 0 0 0 0 0 0 0 0 0 0 0 0 0 0 0 -9999 -9999 -9999 -9999 0 -9999 -9999 -9999 -9999 -9999 -9999 -9999 -9999 0 0 0 1.86711757166336e-12 2.90656203105755e-07 7.97994459844631e-08 0.000300773791968823 0.0273764044046402 4.51225241704378e-06 0.000678243627771735 6.0970933191129e-07 0.000328085944056511 1.57862577907508e-06 0.00255559254437685 0.0877408087253571
9.04308421922906e-08 0 2.478989190422e-05 0.000374617148190737 0.0181738957762718 0.000347137125208974 0.00082207815721631 1.91323226317763e-05 2.6486930437386e-05 1.84507065569051e-05 4.33747685747221e-05 2.21882874029689e-05 0.00102141229435802 6.28131010671495e-07 0 1.55431223447522e-16 0 0 0 0 0 0 0 0 0 0 0 0 0 0 0 0 0 0.0632120549678803 0 -9999 -9999 -9999 -9999 -9999 -9999 -9999 -9999 -9999 -9999 -9999 -9999 -9999 -9999 -9999 -9999 -9999 0 8.67306226837172e-14 0 0.000413504475727677 0.00137912333011627 2.40418576140655e-06 7.73246924268278e-09 0.00260794851928949 0.000141895422711968 0.00131578519940376 0.00550316832959652
0.00120285879820585 0.00135611789301038 0.0014009915292263 0.000146324839442968 0.000151833624113351 0.0548247933387756 0.0653908908367157 0.022533018887043 1.76036962784565e-13 0.000236281217075884 0.00448953323066235 0.00240428652614355 0.0926047205924988 0 0 0 6.21724893790088e-15 0 0 0 0 0 0 0 0 0 0 0 0 0 0 0 -9999 -9999 -9999 -9999 -9999 -9999 -9999 -9999 -9999 -9999 -9999 -9999 -9999 -9999 -9999 -9999 -9999 -9999 -9999 -9999 -9999 0 0 3.87937753032475e-09 1.75664038870593e-11 0 0 0 6.12392264883965e-05 2.55504401138751e-06 0.000614996161311865
0 0.000208473205566406 2.00987968128175e-05 0.0728542864322662 0.0720220386981964 0.000221834634430707 0.0040314219892025 4.74754371680319e-05 0.0218301489949226 0 0 0 0 0 0 0 0 0 0 0 0 0 0 0 0 0 0 0 0 0 1.08801856413265e-15 -9999 -9999 -9999 -9999 -9999 -9999 -9999 -9999 -9999 -9999 -9999 -9999 -9999 -9999 -9999 -9999 -9999 -9999 -9999 -9999 -9999 -9999 0 0 0 1.34336985979644e-15 0 0 0 2.8199664825479e-15 6.93044399646681e-11 3.33066907387547e-17
1.95472527053653e-12 0.0830546140670776 3.18670587148517e-05 0.00297486335039139 0 0 0 0 0 0 0 0 0 0 0 0 0 0 0 0 0 0 0 0 0 0 0 0 0 0 -9999 -9999 -9999 -9999 -9999 -9999 -9999 -9999 -9999 -9999 -9999 -9999 -9999 -9999 -9999 -9999 -9999 -9999 -9999 0.0687843263149261 -9999 -9999 -9999 0.0632120549678803 0 0 0 0 0 0.0827322006225586 0 0 0
0.0931215465068817 0.0677852675318718 6.25450746156275e-05 9.37154176483546e-10 2.22044604925031e-17 0 0 0 0 0 0 0 0 0 0 0 0 0 0 0 0 0 0 0 0 0 0 0 0 -9999 -9999 -9999 -9999 -9999 -9999 -9999 -9999 -9999 -9999 -9999 -9999 -9999 -9999 -9999 -9999 -9999 -9999 -9999 -9999 -9999 -9999 -9999 -9999 0 0 0 0 0 0 0 0 0 0
5.32910053152591e-07 1.02080718988873e-07 7.54951656745106e-16 4.88490137229292e-10 5.34991268068552e-06 3.39617578504203e-09 0 0 0 0 0 0 0 0 0 0 0 0 0 0 0 0 0 0 0 0 0 0 -9999 -9999 -9999 -9999 -9999 -9999 -9999 -9999 -9999 -9999 -9999 -9999 -9999 -9999 -9999 -9999 -9999 -9999 -9999 -9999 0 0 0 0 0 0 0 0 0 0 0 0 0 0 0
0 0 0 0 0 0.0632163047790527 1.2980111705474e-07 3.59419471962497e-10 0 0 0 0 0 0 0 0 0 0 0 0 0 0 0 0 0 0 0 0 0.0632120549678803 -9999 -9999 -9999 -9999 -9999 -9999 -9999 -9999 -9999 -9999 -9999 -9999 -9999 -9999 -9999 -9999 -9999 -9999 0 0 0 0 0 0 0 0 0 0 0 0 0 0 0 0
0 0 0 0 0 0 0 0 0 0 0 0 0 0 0 0 0 0 0 0 0 0 0 0 0 0 0 0 0 0 -9999 -9999 -9999 -9999 -9999 -9999 -9999 -9999 -9999 -9999 -9999 -9999 -9999 -9999 -9999 0 0 0 0 0 0 0 0 0 0 0 0 0 0 0 0 0 1.37687293317867e-06
0 0 0 0 0 0 0 0 0 0 0 0 0 0 0 0 0 0 0 0 0 0 0 0 0 0 0 0 -9999 -9999 -9999 -9999 -9999 -9999 -9999 -9999 -9999 -9999 -9999 -9999 -9999 -9999 -9999 -9999 0 0 0 0 0 0 0 0 0 0 0 0 0 0 0 0 0 0 0
0 0 0 0 0 0 0 0 0 0 0 0 0 0 0 0 0 0 0 0 0 0 0 0 0 0 0 -9999 -9999 -9999 -9999 -9999 -9999 -9999 -9999 -9999 -9999 -9999 -9999 -9999 -9999 -9999 -9999 0 0 0 0 0 0 0 0 0 0 0 0 0 0 0 0 0 0 0 0
