Maxent_result_files_1/Bombus_zonatus_2.asc
NCOLS 594 
NROWS 330 
XLLCORNER -15 
YLLCORNER 23 
CELLSIZE 0.166666666666667 
NODATA_value -9999 
[rows 300 to 319 of 330, columns 540 to 584 of 594]
1.9506570924932e-05 9.08043760318833e-05 8.26498692731548e-05 8.37085519378888e-05 7.77594309965934e-05 8.10388483841962e-05 8.90684597834479e-05 9.06721920273412e-05 0.000100688957672901 0.000109191303454281 0.000106190815904483 9.79930336598045e-05 8.96617916623654e-05 8.96126908173755e-05 8.15168639292096e-05 8.93484485914087e-05 9.61299807840987e-05 8.47961543058773e-05 0.000344710098761425 9.78261710088191e-05 0.000117099987846814 0.000117823384357507 9.06271924350222e-05 6.74604400273893e-05 0.000107497032649917 9.31155784655857e-05 0.000108471344981353 0.000103411993120517 0.000113896158427451 0.000219141432830838 8.3305069290418e-05 6.79458868489746e-05 7.71947092687242e-05 8.15070377484517e-05 0.000128867802072818 7.9257681090894e-05 4.30485253019697e-05 3.66286585304465e-05 9.7546976422791e-05 9.9294274497197e-05 6.9693764311296e-05 0.000562621417115849 0.00352412775303037 0.0104035045563364 0.00370058513753975
3.93614278891619e-05 6.23747004283359e-05 3.35613264269341e-05 3.45052917509747e-05 5.30992540916486e-05 5.95056707879849e-05 7.36757337108429e-05 8.68608833570761e-05 9.57946814196475e-05 8.29283239454526e-05 0.000100991933550176 9.07985477624607e-05 7.73421743815561e-05 7.17232567694737e-05 6.76849194860552e-05 5.84590920652772e-05 8.72325831323906e-05 9.52299825257796e-05 0.000102385585159936 0.000101681147884847 0.000114620319891401 0.000137314582980252 9.69528522091423e-05 9.03907364772749e-05 0.00028219085602359 6.97060942002281e-05 0.000119702547669931 9.11226040329893e-05 0.000102791794643053 8.18489928690269e-05 7.57849935553168e-05 7.10758848526893e-05 6.69269226818869e-05 7.32712231069854e-05 7.54928358617235e-05 8.51014344448231e-05 0.000122473637657095 1.90233333043466e-05 9.70995582235901e-05 0.000112830646236262 7.13536610362553e-05 0.000216832322360005 0.000112759882782143 0.00051204043478208 0.00767860364514945
6.5410535717092e-05 3.32546714844284e-05 4.21696438706931e-05 4.35808362226453e-05 5.00928242445298e-05 4.85528660192358e-05 6.44565506263461e-05 7.390869898245e-05 7.24067291002939e-05 0.000316608134744456 9.59330046953255e-05 8.31501043194294e-05 7.08049477680106e-05 6.32359975270447e-05 5.75139319380469e-05 0.000102214319394989 0.000164511751790997 0.00010077311940222 0.000172732842338519 0.00011174971100445 0.000118493512718487 0.000188643951969425 0.000122534971023924 0.00012186223639219 0.000130377779169066 0.000107909093821945 7.68494299904887e-05 5.79109997147498e-05 0.000105082373295318 0.000103770522707691 7.21559237263136e-05 5.77437673825898e-05 5.08721801168122e-05 8.72849357619998e-05 0.000129764531754972 7.07591154935017e-05 7.09792089821804e-05 2.71329957897137e-05 3.66697276547256e-05 0.000164845679591963 9.81250745383022e-05 7.91270537973787e-05 7.70511011253916e-05 8.63834501004135e-05 0.000149870670466612
4.86470442865539e-05 2.17534093053473e-05 4.09355015563051e-05 4.16448541272985e-05 4.17918609855406e-05 4.27315348588309e-05 4.87010016740896e-05 5.19403645625971e-05 4.65502439737975e-05 5.92248877410384e-05 8.13763834003112e-05 7.37483644343229e-05 6.17241874351748e-05 5.91072366205481e-05 5.48684291516111e-05 9.51248956425843e-05 0.000192041541322396 0.000120414631555832 0.00010956597184304 0.000130926953306698 0.000126076688366084 0.000128950517091653 0.000128832221753328 0.000135179754443016 0.000130529677926461 0.000124382789886113 0.0001110657545496 0.000227454170681085 0.000100395152151123 9.69189093211753e-05 0.000129517713799032 6.57224053384198e-05 7.29182170744025e-05 5.34670835577344e-05 5.19119752738106e-05 5.0017618008269e-05 6.23750049840055e-05 7.10950403913557e-05 0.000158113143675109 7.31165837493108e-05 7.86149527698399e-05 8.3710952114302e-05 5.0648137927567e-05 9.01456311964921e-05 5.84447660116894e-05
3.45770675949097e-05 3.44583154856082e-05 2.83718222590323e-05 3.47750950368209e-05 2.83603979482905e-05 3.61127904398018e-05 4.01958644602018e-05 4.11644063319727e-05 5.97079927047162e-05 5.27884571965842e-05 6.2066569671515e-05 6.23597130697817e-05 4.4118220830569e-05 5.19406891498875e-05 9.65159428687912e-05 0.000101815638436165 8.72470197691655e-05 0.000381794463828555 0.000494068540319859 0.000168981196748064 0.000222340927211917 0.000130085525870527 0.000130395491169111 0.000146095621948916 0.000211008305313953 8.78744383953745e-05 0.00010131136164091 9.05186331465302e-05 6.02303913183277e-05 0.000100360632200136 7.59138969101514e-05 7.2209250134847e-05 6.56760118602051e-05 6.50384729908637e-05 5.54328034809259e-05 5.96402041651345e-05 5.28534313218643e-05 4.38310619557569e-05 2.08770048317319e-05 6.02003693131792e-05 7.49173986207552e-05 6.41507079166104e-05 4.92732161717413e-05 4.48103660147581e-05 4.44286673342731e-05
6.36841047594317e-06 2.57146236094741e-05 3.04623192960207e-05 3.39494736749657e-05 3.05312001728453e-05 3.18722180736586e-05 3.37607140295404e-05 3.51836956610896e-05 5.07024617149909e-05 3.99580867565419e-05 5.42970629567208e-05 5.29311416357814e-05 4.96663260832975e-05 5.07573883623991e-05 5.36180501626404e-05 5.96443527456358e-05 5.91880299452896e-05 0.000177221023523089 0.000219739763088 0.000117087243825154 0.00019351769306013 0.000162144495789107 0.000121067053123625 0.000105906946669165 0.000122995240076307 0.00010676197975954 8.8926188914229e-05 8.46275192998291e-05 8.22311153342525e-05 0.000123764603154086 8.03131769885113e-05 8.37163052210599e-05 7.07666699781839e-05 6.42101634241499e-05 5.8693614329286e-05 5.87162560577781e-05 5.59835243109319e-05 4.80561659685463e-05 3.12344766058459e-05 0.000154037934942153 6.75986134353934e-05 0.000110916250241644 6.37265442321677e-05 4.06689245409098e-05 5.48877035583928e-05
2.34667532623689e-06 1.44096126120985e-05 2.7078659570634e-05 3.3265877834765e-05 0.000158338277651637 9.72246243009067e-05 3.1086158276139e-05 3.08656053448431e-05 4.11307806984951e-05 4.76637387691881e-05 4.77971205441463e-05 4.85444619243935e-05 4.69602368184496e-05 3.65909253446262e-05 7.06039095121014e-05 5.70639648799443e-05 6.64524982653347e-05 7.98399677478301e-05 8.96634311175148e-05 9.12916146489806e-05 9.38673797691081e-05 9.80521579549531e-05 0.000103454359646094 8.84900226992613e-05 0.000105826485014404 9.32673076931678e-05 9.00722477581439e-05 8.9465485382334e-05 7.75801129975662e-05 8.00115186734729e-05 5.1276758279073e-05 7.8651704893673e-05 7.09087151506083e-05 5.66261081871744e-05 5.18767304527046e-05 0.000311326571090831 9.00152580015856e-05 7.61252794518441e-05 4.67773074689148e-05 8.52569630218625e-06 2.8187762453058e-05 7.23812731848739e-05 4.80435570523241e-05 3.74620282457272e-05 5.16625982982077e-05
1.43229515458643e-05 5.12171644004411e-05 1.87661453651344e-05 2.29829788963798e-05 3.85571935453299e-05 2.91082385842856e-05 3.26732834082577e-05 3.84089232284168e-05 3.33165368658683e-05 3.69549343190556e-05 3.71501338349844e-05 4.34450857028423e-05 3.43803800092246e-05 7.19669388900002e-05 7.69793901781668e-05 5.08906437289625e-05 5.91894097851764e-05 9.71185798107399e-05 4.9248537936819e-05 6.35832651710189e-05 8.25849528951039e-05 8.33585681220939e-05 8.53508826935467e-05 8.9823437144787e-05 0.000158632138482062 7.85240377126684e-05 7.96729960256926e-05 8.52659014071833e-05 8.79148539297603e-05 8.4830627156407e-05 8.01269758767376e-05 4.93815568120226e-05 5.40319846209059e-05 6.19242173115708e-05 6.41465135231556e-05 0.000218891622557749 5.8078792727656e-05 5.15107598516806e-05 4.87291144764868e-05 5.25533005713896e-05 4.1693344610394e-05 0.000114800854385066 5.89262635287469e-05 4.89382690943785e-05 9.39586118079205e-05
4.39352568037066e-05 3.69517523722607e-05 2.48741632731253e-05 6.01886079266478e-05 2.25856091105925e-05 1.79245433002961e-05 3.03533485123353e-05 3.70772836276956e-05 2.97259287606266e-05 3.42903933756133e-05 3.47562255910816e-05 3.71101704104149e-05 6.61451997984841e-05 6.3121192511062e-05 8.30157236123341e-05 7.06272784327666e-05 0.000116884902627135 7.41548297128247e-05 6.0275861824266e-05 7.74544543673983e-05 7.66483292181874e-05 7.60815252988323e-05 0.000112354771272294 8.15193096286748e-05 8.38402667341143e-05 8.60219913988658e-05 0.00012451344314286 8.27507298254204e-05 7.00025843116236e-05 8.4333691700067e-05 8.00085476384993e-05 0.000131538618234117 0.000115226937214175 6.96583525325423e-05 6.80456595091528e-05 7.00245838970659e-05 5.49986585269835e-05 4.94979228790271e-05 5.07525211020266e-05 5.06543512102553e-05 5.0452532227041e-05 4.87453838758256e-05 4.48243793528036e-05 4.2709273978403e-05 0.000129177592157248
2.41980196733493e-05 3.83349330604688e-05 4.54934035360566e-05 1.84677564902813e-05 2.1754657478823e-05 1.49857523325636e-05 2.52829866269622e-05 3.00654285013024e-05 3.34609446838385e-05 3.41918007620734e-05 0.000131874838189106 4.72606378025375e-05 2.81903719780985e-05 9.67423988527116e-06 9.6502307405899e-05 3.14493912583202e-05 5.03055048170609e-05 0.000180797429061386 0.000237284351669587 0.000522691454716551 9.07129920392435e-05 8.03623845172297e-05 8.35569235732692e-05 8.2637743844316e-05 8.28379497761489e-05 8.23310957684953e-05 7.17880645424884e-05 8.64422053155067e-05 8.14510648183386e-05 8.14583673559355e-05 8.03233905571688e-05 0.000306740107225778 0.000192976768857989 4.37889985391848e-05 6.19819850840031e-05 5.35142553815149e-05 5.56080729211317e-05 5.04818354102099e-05 5.04359103331353e-05 3.79806554860806e-05 4.79523371410551e-05 4.80966207362599e-05 4.56182160206708e-05 4.7011556699772e-05 4.59369164417467e-05
6.35815511031978e-06 3.42678484798853e-05 4.97626348533231e-05 1.60549615088712e-05 5.42848280034036e-06 1.83106952079015e-05 2.31694640490332e-05 2.52471339990734e-05 3.22234275756728e-05 6.62325441567191e-05 5.57638786858661e-05 2.65394188886603e-05 1.2110820171074e-05 4.74658377243031e-05 0.000112854732492451 0.000212207788672458 0.000124601548259307 8.4598389025814e-05 0.00272511613184179 0.00234991370343778 9.75715928120735e-05 0.000134647083291384 8.72268123885078e-05 6.2924321139235e-05 7.95831479649678e-05 6.13591225260279e-05 7.65591038657476e-05 4.63768318809343e-05 6.41079130105027e-05 5.90512651911013e-05 5.95490508544572e-05 7.39282942959107e-05 6.95517923929856e-05 4.20309543244457e-05 6.79901226533275e-05 5.68588344719956e-05 5.75666898555482e-05 9.07007068121857e-05 5.01565719957853e-05 4.94428199658614e-05 4.79842227861127e-05 4.61308644730707e-05 7.00437812099608e-05 4.63239788956571e-05 4.71798405556001e-05
3.31624466298308e-05 3.44811489753738e-05 3.96766006360849e-05 4.87832932208221e-05 6.10324240483351e-05 6.23213534822753e-05 2.47496276926995e-05 2.52026483650525e-05 6.62015483271716e-05 0.000305615064735321 5.18009560551036e-05 4.08511351565721e-05 0.000381844706862466 0.000306776066099701 0.000107653409145314 8.03489147983782e-05 4.70514016342349e-05 0.00500676913627558 0.00168904249585466 0.00059656191515387 0.000518855494556192 0.000155180973888491 0.000108405319929261 8.20257574218886e-05 6.51992739676643e-05 5.8880831602437e-05 9.40951483016761e-05 6.59086884866156e-05 9.76513120349409e-05 6.37074525911885e-05 5.32546525050748e-05 5.33942390404718e-05 6.38746693084613e-05 4.85115568437777e-05 3.45055873992806e-05 3.76449316036087e-05 3.07505948967446e-05 4.44798666450197e-05 4.46558996372914e-05 5.0184234032713e-05 3.94688116955422e-05 4.71535806383372e-05 4.51291574734114e-05 4.6664532121099e-05 4.69016202913508e-05
3.61359314410947e-05 3.45811323995804e-05 3.12518144198748e-05 1.69376507415109e-05 4.55806781360479e-05 4.51917254849832e-05 1.33268097442851e-05 2.29729159997305e-05 7.32063868554178e-05 3.23563368510804e-05 4.01994672870387e-05 0.000302573523731553 0.00698998373190989 0.000261850684546516 0.000462390517714084 0.000103215946273849 6.76614596159197e-05 0.000597796235160786 0.000106731031587515 9.41953079177438e-05 8.39108964441948e-05 9.71989551089791e-05 9.72515731291423e-05 6.20186950868629e-05 5.33108682532202e-05 6.68029299276895e-05 7.61419341301917e-05 5.79044162179798e-05 3.58393592534867e-05 5.6397005494091e-05 8.18581189378165e-05 5.70005656584272e-05 6.60470947536851e-05 5.61749791359034e-05 8.60022768961244e-05 5.42316411383581e-05 5.19057906160469e-05 2.86939176476153e-05 3.69623437336486e-05 4.37160658719904e-05 4.78825953877049e-05 6.24365720909736e-05 3.94652985193034e-05 4.47694310878433e-05 4.57936773642587e-05
3.71012957089079e-05 4.09800343959432e-05 1.70332268453421e-05 3.16795847481899e-05 2.70027864416988e-05 1.14532907758758e-05 9.55480035145229e-06 2.14083230218876e-05 1.53148008507742e-05 1.97804882816399e-05 7.88412787642301e-05 0.0010615301602229 0.00328235504020995 0.819100818581952 0.000657336897711502 0.000288444634497864 0.00124156995225349 0.00124856697220821 9.34439100774398e-05 7.36283186540732e-05 8.95064547080438e-05 9.57652920760665e-05 9.57474507572442e-05 7.08733778708392e-05 6.85589698434796e-05 6.64293484589962e-05 5.73327381403033e-05 5.16203860684072e-05 4.97069025584551e-05 4.62352109252606e-05 5.95926681739911e-05 4.79663099781646e-05 4.7883890903222e-05 0.000146291265434684 4.90316365414856e-05 4.82711230631594e-05 4.68148440518235e-05 4.57138637671051e-05 2.41065870966395e-05 4.19061282741495e-05 4.53246967765608e-05 4.38443789704479e-05 4.22774859146102e-05 4.17733587653402e-05 4.24793188130934e-05
3.47120097785591e-05 3.0577357756556e-05 3.43040203574674e-05 2.15422807912091e-05 1.43631171397374e-05 1.16292028806697e-05 6.88471746030928e-06 1.25687991044288e-05 1.69715056841824e-05 1.85215288723839e-05 6.62110438042873e-05 0.0044432436934585 0.00205302305403166 0.882268303638776 0.000115427930700207 0.000307677174714627 0.00177588998631109 0.00116672472431674 0.00014627116865995 6.28271737923569e-05 6.31583197787222e-05 7.42828525631012e-05 7.66492544357789e-05 6.83592991094883e-05 6.59801702056484e-05 5.0571590850268e-05 4.39708078772583e-05 3.88140246684543e-05 2.32667670616138e-05 4.65150243599055e-05 4.75697828846933e-05 3.57251525031188e-05 3.98720122575469e-05 4.46071297687922e-05 3.48835974023132e-05 4.21648625376747e-05 3.98951259171554e-05 3.97487044608624e-05 0.000118395915376368 5.44109822612882e-05 4.94468152737682e-05 5.27691939907982e-05 3.87501330209261e-05 3.80501446272774e-05 3.92068238284082e-05
6.40792087693853e-06 1.39336960387482e-05 6.44446829028311e-05 1.96122727459169e-05 1.57034948244927e-05 1.62824245904858e-05 1.47008325029674e-05 1.42024826345732e-05 1.7265270560074e-05 2.05211683919515e-05 2.54999689445867e-05 0.00165503740827262 0.000320883404765482 0.000729395481903339 0.000470686448534252 0.000276681217928854 0.00111280723067466 0.000787097085049027 4.85488796357458e-05 4.80900865113654e-05 4.95246689581563e-05 0.000168129369444614 5.90293768823358e-05 6.01558465064045e-05 5.53369350427602e-05 5.20179333477699e-05 4.18661549474564e-05 4.34658605001914e-05 3.32909069413745e-05 4.55680577829298e-05 4.84282507898115e-05 5.87676069585541e-05 5.25754049306215e-05 3.98014579246819e-05 3.7274420247968e-05 3.7831632116081e-05 3.7575645171728e-05 3.54259778703181e-05 3.92891218211844e-05 4.56622162857911e-05 0.000317344184486501 0.000296742482851187 9.7121759199581e-05 3.48923428362014e-05 3.61858896383183e-05
1.20279221235364e-05 2.26158467683035e-05 3.43379670880495e-05 2.18005844601521e-05 8.67411484477998e-05 4.24938211153858e-05 1.6029711741794e-05 1.14159407502257e-05 1.74583717239329e-05 1.73998853668422e-05 3.43654840094132e-05 7.84438066602888e-05 0.000801168634643545 0.00014408522974918 0.000593703169397486 0.000314447905657289 0.00029577644472738 0.000796267732948763 3.54860758761788e-05 4.97041105063545e-05 8.21245793986236e-05 0.000205323809700531 4.97558651318286e-05 4.76665280018551e-05 5.40425066674288e-05 5.19785524033978e-05 6.82967553984781e-05 5.10320606963433e-05 6.08618453497911e-05 5.74261471854243e-05 5.25777477093925e-05 5.1083212176195e-05 4.14519151235027e-05 3.28383118244346e-05 4.10734305887672e-05 8.54838920986367e-05 4.70537404112292e-05 4.03969342272603e-05 0.000131232481567167 7.86181858984492e-05 4.47027732036531e-05 3.95010558634112e-05 8.9845597835847e-05 2.15973681989112e-05 1.52513656324516e-05
3.56220173557631e-05 2.44111680132164e-05 3.6234303860283e-05 5.92177696432827e-05 4.86603406386621e-05 7.5207781469544e-05 4.18662598463015e-05 4.42742566292509e-05 1.22237968071204e-05 1.49945949004859e-05 2.32909610261345e-05 5.23952856099186e-05 9.56234146997303e-05 0.000463261717231944 0.000619478755106684 0.000146094771014305 6.59381678303816e-05 6.58629507427122e-05 6.40322441199714e-05 7.66257513191704e-05 0.000103508256438545 8.97903789905286e-05 5.35308537905621e-05 4.05749033205893e-05 0.000158133505101432 5.82402906843527e-05 5.90202911610049e-05 5.51935112554247e-05 0.000120204453469341 5.6166259469137e-05 5.52203219967851e-05 5.64373567470966e-05 5.0254410115258e-05 0.000151377837869404 0.000313834781809419 0.000544207820166776 0.00061884240112704 0.000328440581961331 4.98495891406492e-05 4.65859845007799e-05 4.39541399259724e-05 3.92018096874835e-05 3.57833543091601e-05 3.31507764883554e-05 2.99647662586722e-05
3.53440573661601e-05 1.67715469643781e-05 1.31533107037285e-05 3.18547743290765e-05 6.83379664678796e-05 5.58421415348676e-05 2.18421478734854e-05 4.24637905211966e-05 4.05961591894766e-05 1.13212316847466e-05 4.2783105146782e-05 8.39251480272196e-05 2.62665260862605e-05 0.000354352480508169 0.000132231365114421 2.25872521369297e-05 2.76278264777829e-05 9.48604892528238e-05 0.000195940864387012 0.000154515480517148 0.000275656692519988 0.000119266201471646 4.71686496979373e-05 7.51763365144598e-05 5.01155448915824e-05 0.000132831232986064 6.14503550991685e-05 5.62576139344628e-05 5.82067152322452e-05 5.44368758852443e-05 7.01181875143675e-05 0.000228726520276723 0.00110380670430459 0.00170190875724074 0.000714111861088895 0.000841588333787513 0.00113348092800152 0.401774056096679 0.000449048806558494 0.000275220120443009 4.77043438479541e-05 4.82214083262988e-05 4.45125822921e-05 3.28186026166577e-05 0.000116046112617596
3.02437501943587e-05 2.3584370461549e-05 3.33046937896597e-05 7.93609587361743e-06 5.79736077611415e-05 1.19875054437557e-05 2.68731281039436e-05 4.76392347877663e-05 6.63125840844714e-05 7.0548140382698e-05 3.63505462289027e-05 1.93923482683545e-05 2.51918818278796e-05 6.56692336235665e-05 4.10474143308193e-05 2.0464955019861e-05 2.30385476186257e-05 0.000234004183766956 0.000294699634196149 0.000176579824733381 0.000179006743246646 4.96593683109836e-05 4.58102585525921e-05 5.16779124524192e-05 4.43906855167597e-05 5.16730490971895e-05 5.33811401396633e-05 5.29148905059174e-05 6.62277104510167e-05 9.76729935075582e-05 0.00213975007609406 0.00660083864495391 0.0018149974042899 0.00116622973218909 0.000127630553890867 4.26475444072594e-05 4.03594250741435e-05 0.000282873369280878 0.000135239783861607 4.6427888040057e-05 4.39133750916199e-05 3.68043461747902e-05 9.54846375805118e-05 0.000123969337528251 9.43333712370986e-05
