Maxent_result_files_1/Bombus_sylvarum_2.asc
NCOLS 594 
NROWS 330 
XLLCORNER -15 
YLLCORNER 23 
CELLSIZE 0.166666666666667 
NODATA_value -9999 
[rows 63 to 83 of 330, columns 414 to 459 of 594]
0.000586941908113658 0.000544452163740061 0.000531216931995004 0.000557489113998599 0.000565092242322862 0.00056896218447946 0.000571428428520449 0.000529866261058487 0.000468450036714785 0.000452909769956022 0.00042732359142974 0.000409539480460808 0.00039965104078874 0.000405508760013618 0.000405917322495952 0.000393739782157354 0.000369283495820127 0.000347176686045714 0.00039651722763665 0.000344280000717845 0.000332062633242458 0.000307753706874792 0.000313061705674045 0.000311766241793521 0.000300594902364537 0.000294055766426027 0.00029328279197216 0.000369501530076377 0.000275537295965478 0.000272399297682568 0.000258931757707614 0.000250768139085267 0.000228311013779603 0.000254083117761184 0.000243398727616295 0.000247712212149054 0.000254834936640691 0.000278404299751855 0.00026168615440838 0.000261966270045377 0.000259573505900335 0.000255526651744731 0.000258405102067627 0.000260855033411644 0.000244614090479445 0.000240565300919116
0.000690380134619772 0.000692557881120592 0.000923916359897703 0.000593464428675361 0.000556215416872874 0.000541446919669397 0.000512486227671616 0.000478253766777925 0.000458168709883466 0.000456428213510662 0.000444508975488134 0.000436944930697791 0.000429997875471599 0.000436406402150169 0.000412734382553026 0.000398674249299802 0.000387127223075367 0.000369188454351388 0.000366586293966975 0.00035781383048743 0.000348862538521644 0.000338500885118265 0.000335411168634892 0.000427641489659436 0.000346853735391051 0.000451903301291168 0.000312410305195954 0.000385842000832781 0.000295169619494118 0.000279150002461392 0.00034373073867755 0.00026070940803038 0.000245406541216653 0.000244640468736179 0.000255053087312262 0.000264810223598033 0.000271616889222059 0.000266066555923317 0.000265736453002319 0.000272693808074109 0.000276263525302056 0.000265839244821109 0.000251296450733207 0.000245675325277261 0.000248161790659651 0.000246053165756166
0.000820870493771508 0.000637250620638952 0.000585616254829802 0.000564935701549984 0.000576874578837305 0.000531529806903563 0.000535016821231693 0.00048993380041793 0.000477002729894593 0.000484389867051505 0.000451623537810519 0.000592673974460922 0.00059114989999216 0.000472974200965837 0.000664312898879871 0.000408023843192495 0.000376739064813592 0.000395718423533253 0.000496217416366562 0.000433589142630808 0.000480217358563095 0.000375324039487168 0.000415443009114824 0.000380170487915166 0.000437788714771159 0.000322776098619215 0.000397007295396179 0.000531248914194293 0.000470732033136301 0.000304951313592028 0.000321701048233081 0.000280658346309792 0.00025384063628735 0.000273758119146805 0.000263238056504633 0.000256173063826282 0.000282727304147556 0.000294428299821448 0.000297196328756399 0.000294024471077137 0.000274270049703773 0.000254822068382055 0.000257397898531053 0.000280140107497573 0.000324293550511356 0.000243990830495022
0.00077035152935423 0.000920325081096962 0.000797760632121936 0.000773163835401647 0.000571359097375535 0.000620373696438037 0.000517085325554945 0.000521693399059586 0.000592457037419081 0.000712264707544819 0.000854739561327733 0.000707566962228157 0.000691371539141983 0.000800381059525535 0.000832175242248923 0.000528447900433093 0.000495411679730751 0.000394596185651608 0.000368074457219336 0.000726637538173236 0.000821852925582789 0.000419537091511302 0.000489465025020763 0.000303121926845051 0.000425244789221324 0.000428297740290873 0.000513138741371222 0.000578644184861332 0.000344863034843002 0.000333275740558747 0.000563021079869941 0.000455777073511854 0.000419995034462772 0.000505062137381174 0.000293480658729095 0.00035119506646879 0.000323166487214621 0.000318199157482013 0.000292103872925509 0.000274564108985942 0.000418624508893117 0.000460583638050593 0.000255030795233324 0.000347901902568992 0.00042848224111367 0.000301157352805603
0.00110532104736194 0.000860380579251796 0.00066260670137126 0.000909010838950053 0.000847645953763276 0.000844683952163905 0.00053085470572114 0.000631671404698864 0.000766957638552412 0.000799752018065192 0.000808322863304056 0.000693379720905796 0.000567868526559323 0.000625088255037554 0.000906495668459684 0.000768305207020603 0.00082389090966899 0.00070236136962194 0.000519435777096078 0.000754699981189333 0.000841340923216194 0.000736147223506123 0.000665795805980451 0.000672012235736474 0.000766404499881901 0.000445353053510189 0.000896442780504003 0.000600183123606257 0.000655268723494373 0.000382875258219428 0.000362279106047936 0.000161733687127708 0.000225393517757766 0.000434095613309182 0.000388570409268141 0.000337177376786713 0.000300674300524406 0.000353908192482777 0.000397665545460768 0.000436030479613692 0.000332912644080352 0.000298961023509037 0.000542452812078409 0.000464029714930803 0.000266936808475293 0.000257379870163277
0.000837810907978565 0.000807537266518921 0.000383091301773675 0.000800582341616973 0.000641881543560885 0.000874416931765154 0.000534742142190225 0.000875251437537372 0.0010304739465937 0.000676967782783322 0.000519240941503085 0.000570384218008257 0.00064748342265375 0.000779563945252448 0.000508502931916155 0.000612465778249316 0.000467067630961537 0.000469388309284113 0.000632849847897887 0.000654605112504214 0.000901559641351923 0.000728221982717514 0.000646907259942964 0.000711426042835228 0.000679198795114644 0.000470843023504131 0.000322575714380946 0.000561850410304032 0.000709899360663258 0.000543274517985992 0.000327586478670128 0.000283841411874164 0.000319391083030496 0.00051312729192432 0.000536556396400556 0.000401515480189119 0.000291970383841544 0.000423067776137032 0.000356357729469892 0.00035888799757231 0.000347621641412843 0.000147351767373038 0.000298023063805886 0.000202048732899129 0.000463372265221551 0.000333572365343571
0.000793939927825704 0.00079884739825502 0.000637238434865139 0.000616830243961886 0.000652646971866488 0.00108097826596349 0.000517965070321225 0.000783858925569803 0.000803863280452788 0.00110704979742877 0.000932933588046581 0.000655139627633616 0.000712010252755135 0.000816116336500272 0.000748905184445903 0.000343416872783564 0.000539519367157482 0.000596275608404539 0.000433254757081158 0.000380905685597099 0.000532096443930641 0.000436175774666481 0.000768609743681736 0.000786468345904723 0.000646023699664511 0.000436759126023389 0.000584647952928208 0.000662605452816933 0.000306580055621453 0.000287903772550635 0.00046678479120601 0.000274263498431537 0.000777956453384832 0.000624625495402142 0.000652460069977678 0.0001974606042495 0.00016621419636067 0.000232271559070796 0.000245690686278976 0.000291210177238099 0.000205365825968329 0.000288988306419924 0.000363769019895699 0.000541404768591747 0.000520004687132314 0.000381820260372479
0.000750666676321998 0.000966188195161521 0.000738429086050019 0.000656703306594864 0.000661117653362453 0.000780539138941094 0.000614024014794268 0.000430787622462958 0.000257346195576247 0.00029772974376101 0.000657513635815121 0.000440271530533209 0.000436659011757001 0.000416065848548897 0.000478309384197928 0.000379839784000069 0.000403567339526489 0.000374441861640662 0.000454766029724851 0.000411585278925486 0.00041140750690829 0.000643224388477392 0.000847927056020126 0.000810657686088234 0.000764379557222128 0.000522517028730363 0.000398109501111321 0.000333430063619744 0.000668840439175256 0.00069218737189658 0.00055597826722078 0.000595578976208344 0.000495728192618117 0.000476887842523865 0.000365175980550703 0.000367443884897511 0.000302963011199608 0.000294784386642277 0.000415934217744507 0.000245625176467001 0.000338887741963845 0.000408573204185814 0.000399805577762891 0.00029120851540938 0.000439545375411399 0.000448206617147662
0.000844674982363358 0.00114528905251063 0.000763227953575552 0.000706540729152039 0.000926021783379838 0.000884769909316674 0.00124518613447435 0.000339859971427359 0.000627470688777976 0.000365124543895945 0.000428100442513823 0.000671162534854375 0.000789575197268277 0.000322125962702557 0.00086444171029143 0.00105703619774431 0.000558505192748271 0.000238913475186564 0.000436994177289307 0.000255566091800574 0.000133223514421843 0.000245225841354113 0.000688103781430982 0.000120667234295979 0.000427752471296117 0.000235652033006772 0.00034105071099475 0.000779535114997998 0.000812677480280399 0.000774168019415811 0.000776612688787282 0.000538370708818547 0.000247675301216077 0.000158671892859275 0.000332425843225792 0.000435409360215999 0.00077269752509892 0.000395411370845977 0.00030303916282719 0.0006242224102607 0.000289555016206577 0.000222621628199704 0.000260763629921712 0.000260147507651709 0.00017562314751558 0.000155441724928096
0.0010116676974576 0.00175584479002282 0.00127662070444785 0.00182359238388017 0.00139360461616889 0.00103083326830529 0.000608916211058386 0.000663903530221432 0.000789232994429767 0.000912295066518709 0.000425720840576105 0.00041514873446431 0.000220374096534215 0.000991882372181863 0.000871611118782312 0.000473748639342375 0.000665140780620277 0.000196177972247824 0.000359282271529082 0.000370682124048471 0.000508201381308027 0.000242406059987843 0.000121515577484388 0.000448216305812821 0.000376757749472745 0.000347901321947575 0.000971830700291321 0.000847670715302229 0.000619251106400043 0.000584000904927962 0.000400715958676301 0.000292095595796127 0.000340317963855341 0.00022829663939774 0.000256078036909457 0.000264562082884368 0.000274327263468876 0.000367763577378355 0.000236020980810281 0.000279292833874933 0.000267034910211805 0.000370117375859991 0.000289602664997801 0.000284598002326675 0.000264406633505132 0.000145437417086214
0.00150895190890878 0.000982131564524025 0.000549823779147118 0.00119355646311305 0.00157790521625429 0.00201568641932681 0.003567786491476 0.0014855052693747 0.000955640664324164 0.000960094656329602 0.00124162987340242 0.00091051229974255 0.000313745655876119 0.000345175841357559 0.000422411202453077 0.000288819950947072 0.000525627780007198 0.0005843689548783 0.00067355097271502 0.000450884437304921 0.000445252167992294 0.000273679241945501 0.000297413299267646 0.000534375972347334 0.000400444530532695 0.000583139670197852 0.000541809742571786 0.000491704963496886 0.000923496906762011 0.000282506042276509 0.0001654157138546 0.000240928730636369 0.000380680989474058 0.000281345256371424 0.000700901047093794 0.00103206576313823 0.00120466549997218 0.000735697924392298 0.00136653974186629 0.000931682216469198 0.000603317175409757 0.000547237807768397 0.000378341613395605 0.000333729843259789 0.000464015692705289 0.000371039615129121
0.000824033241951838 0.000626366154756397 0.000725790503202006 0.000381755546550266 0.00148267091717571 0.00210345520172268 0.00267893392592669 0.00157174493651837 0.000927918002707884 0.000539687217678875 0.00114200331736356 0.000486833191826008 0.000725976674584672 0.000177055461972486 0.000751417421270162 0.00142923413077369 0.000908425258239731 0.000328369552153163 0.000494031648850068 0.000198740950145293 0.00010528981583775 0.000139022051735083 0.000350152044848073 0.000866369012510404 0.00074662429979071 0.00249484723899514 0.00127096337964758 0.000322713101923 0.000781053194077685 0.000274201756110415 0.000528902068617754 0.000802448147442192 0.00124462785897776 0.00249347820645198 0.00217535286210477 0.000962415826506913 0.000983485218603164 0.00197407932719216 0.000816973362816498 0.000584237067960203 0.000329858108307235 0.000357054591586348 0.00031353197991848 0.000495838810456917 0.000425335319596343 0.000503173880861141
0.00111833074479364 0.000223977146379184 0.00134627048391849 0.00110340992105193 0.00080922941560857 0.00104350320179947 0.000721146626165137 0.00119442606228404 0.00113055934198201 0.000575622828910127 0.000266609451500699 0.000755660992581397 0.000656736310338601 0.000455703091574833 0.000438822087016888 0.000542899256106466 0.000458250113297254 0.000183733445010148 0.000185924493416678 0.000530829426134005 0.000455668600625359 0.00104866748442873 0.00112281966139562 0.00112717712763697 0.00110158551251516 0.00116724908002652 0.00130069340229966 0.000518601591465995 0.000885191583074629 0.000706881645601243 0.000403254534467123 0.000504352228017524 0.000674413179513067 0.000838968314928934 0.00092197607154958 0.000914284994360059 0.000621093905647285 0.000478513378766365 0.000660206520115025 0.000603564223274589 0.000377197693160269 0.000373036367818713 0.000333895134099293 0.000396135469782166 0.000450668844860047 0.000528022347134538
0.00166592880850658 0.00157225666916929 0.000744052533991635 0.00144484357442707 0.0017442588112317 0.000728150369832292 0.001628922985401 0.000956193218007684 0.000508235328015871 0.000477021723054349 0.000190341053530574 0.000202657603949774 0.000210709421662614 0.000138706995494431 0.000444913821411319 0.000640113279223442 0.000399881522753276 0.000639652996324003 0.00016742238367442 0.000577087732381187 0.000947545148665085 0.000860122166341171 0.00105946119292639 0.000863040273543447 0.00106481550610624 0.000896650605136529 0.000792934803757817 0.00053999082010705 0.000848024693550542 0.00156986054498702 0.00213928063167259 0.00150026214541867 0.00153702304814942 0.000876148295355961 0.00069756961602252 0.000943514704704285 0.000561039839521982 0.000695168631500565 0.000526386155979708 0.000415260653244331 0.000490320741664618 0.000359761575236917 0.000397074565989897 0.000445168820442632 0.000441941380267963 0.000586021688650362
0.00224127755500376 0.00273597030900419 0.00225657934788615 0.00102069624699652 0.00117000809987076 0.00105908224359155 0.00117046226514503 0.00112944705761038 0.000825931725557894 0.000572801870293915 0.000342849243315868 0.000831730279605836 0.000647543760715052 0.000725431938190013 0.000636446272255853 0.000554811969050206 0.000844858080381528 0.000690833499538712 0.000606251630233601 0.001209155441029 0.000454312117653899 0.000531498657073826 0.00161600055871531 0.00156717634527013 0.00121255808044225 0.00128494439413771 0.0011054286675062 0.00113858791301027 0.00119201279594563 0.00271080558886752 0.00230298010865226 0.000636294722789898 0.00095932949334383 0.000959344365401193 0.000816440698690712 0.000737203654716723 0.000827260978985578 0.000789277255535126 0.000546056515304372 0.00041618169634603 0.000373893331561703 0.000380743373534642 0.000451113734743558 0.000418391538551077 0.000325356936082244 0.000359580891381484
0.00743501069955528 0.0058305433485657 0.00446971107739955 0.00394859197549522 0.00254477721173316 0.00429571666754782 0.000933973147766665 0.00134940842399374 0.00157354669645429 0.00254458782728761 0.000640362937701866 0.000988389062695205 0.000685169000644237 0.000729803543072194 0.00105762502062134 0.000909471523482353 0.00188185309525579 0.00124431885778904 0.00164366876706481 0.00204426157288253 0.000866473576752469 0.000716776531771757 0.000616476364666596 0.000723744457354769 0.00127119767712429 0.000729989702813327 0.00169265414588153 0.000676190451486036 0.000537491668364964 0.00173176125390455 0.000879677783814259 0.000901473651174456 0.000700585503363982 0.000518365125753917 0.000808346382109448 0.000763918497250415 0.000790347356814891 0.000543035787995905 0.000560387808945961 0.000587456516223028 0.000416117900749668 0.00044227501784917 0.000404152873670682 0.000392066215863451 0.000386630221328232 0.000465339407674037
0.0041583038168028 0.00452817275654525 0.00211153808049858 0.00144342059502378 0.00113300334778614 0.00263712937012315 0.0035479168407619 0.00220416849479079 0.00115588788758032 0.00166782094165683 0.00102032131399028 0.0018780451384373 0.00163380327867344 0.00116325046401471 0.00223422045819461 0.00312616061419249 0.00253753069555387 0.00109743516077287 0.00143898458918557 0.00137460540863685 0.00124887353158556 0.00212698589311913 0.000598882971098646 0.00174997029826045 0.000595608187722974 0.00300297432113439 0.00317720475140959 0.000409769598627463 0.000438249917351641 0.000719395146006718 0.00102222047862597 0.00117784856702201 0.000887287547811866 0.000836002785945311 0.00081776661099866 0.00144903240143321 0.000416207770467736 0.000709423481021076 0.000399459083564579 0.000498259632149711 0.00056034590525087 0.000484269013395533 0.000387742888415232 0.000311126788437832 0.000348797903279774 0.000230290456966031
0.00929839131422341 0.00519245062023401 0.00668903985060751 0.00672758249565959 0.00225727001670748 0.00393295637331903 0.0012670511030592 0.00350310178473592 0.00367967032361776 0.00355943848844618 0.00123124822275713 0.00364899740088731 0.00212018524762243 0.0027111349394545 0.00438176500611007 0.00489106306340545 0.00368748591281474 0.00150232947198674 0.00123927895911038 0.000841859664069489 0.000744298001518473 0.00100766130490229 0.00136879325145856 0.001343347056536 0.00127065973938443 0.000662817381089553 0.000652692498988472 0.000890107307350263 0.00100308749242686 0.000893996527884156 0.00197953336173669 0.00139648619806394 0.00160116361221299 0.000942668248899281 0.000878488441230729 0.000828449969412759 0.00114312965306453 0.000689699861686677 0.000610856694402173 0.00146135120885447 0.000817956763785332 0.000132714023493463 8.64047902723541e-05 0.000117042954661883 9.71862755250186e-05 0.000105034094303846
0.0129941334947944 0.00712976297363639 0.00604431037791073 0.00568784694187343 0.0038117325399071 0.00353826798964292 0.00199789006728679 0.00321625866927207 0.00344117158092558 0.00502551575191319 0.00553445778787136 0.00536236898042262 0.00130298144649714 0.000659727229503915 0.00288963778875768 0.0021360648330301 0.00210545887239277 0.00156266156118363 0.0022039893316105 0.00162588860839605 0.00105823309277184 0.000700789503753185 0.00378745321650058 0.00128815751522779 0.000707512168446556 0.00238199743907899 0.00374587343540043 0.00345310836564749 0.00220505683682859 0.000911575759528205 0.000695550683303736 0.00108373981784098 0.000978902453789488 0.00111639423994347 0.00140078655676916 0.00345303141511977 0.00156765291467309 0.00296228406950831 0.00183858223026618 0.00235571074299514 0.000370795528579038 9.02633113582851e-05 9.04535267181927e-05 0.000120136504847324 0.000315479771234095 0.000149851253081579
0.0113797919824719 0.00943217854946852 0.0102241888642311 0.00800387314520776 0.00415416636969894 0.00281999227590859 0.00486170444637537 0.00295270865317434 0.00274823249783367 0.00211671298602596 0.00247909054160118 0.00235448174644262 0.00257774284109473 0.0014520461554639 0.00229653737042099 0.00134541324805468 0.00213833968155086 0.00234748233342543 0.00378604945726693 0.00152303013019264 0.0019895167206414 0.00135064534260891 0.00507138515822589 0.00392564325593412 0.00578563590534031 0.00413101799786091 0.00299590127542615 0.00428391948807985 0.00184245709097013 0.00115772570134141 0.00141205547843128 0.00134597068536095 0.00140144628821872 0.00119172236300074 0.00105223632417619 0.00188144966959953 0.00333982277661562 0.00173219995340332 0.00278612524271011 0.0021072814008221 0.000886487105162814 0.000332950218580663 0.000159074647672242 0.000104542368353577 0.00010065846145153 0.000188551806786563
0.0109758139587939 0.00516929384320974 0.00501304832287133 0.00632639974355698 0.00433694897219539 0.00644701784476638 0.00523360264487565 0.00247523706639186 0.00321463353466243 0.00281816853675991 0.00344380910973996 0.00467371363192797 0.00294118213932961 0.00287909992039204 0.00692942501045764 0.00277588132303208 0.00206294325180352 0.00195914614014328 0.000706755148712546 0.00129580099019222 0.000797956372844055 0.00189206948271021 0.00697987945750356 0.00151966827688739 0.0038519499823451 0.00108689888729714 0.00123905158252455 0.00329360670875758 0.00538142994046211 0.00246387405786663 0.0013651272514835 0.00163045956287533 0.00121932504116558 0.000551854705554433 0.000957351189572364 0.00224199750227854 0.00279488561209291 0.00129731773631647 0.00606052936054766 0.00253573803929612 0.00068345955805853 0.00103916072985157 0.000358475744724274 0.00018512477108743 0.000148467172402889 0.000133327273942996
