Maxent_result_files_1/Bombus_laesus_3.asc
NCOLS 594 
NROWS 330 
XLLCORNER -15 
YLLCORNER 23 
CELLSIZE 0.166666666666667 
NODATA_value -9999 
[rows 63 to 83 of 330, columns 460 to 505 of 594]
0.000281119421073806 0.000265122114652572 0.00024789773834919 0.000250599164704113 0.000372747018379238 0.0002713263253594 0.000402714951983185 0.000475355716050885 0.000321890360021193 0.00033393176136256 0.000327024203859549 0.000346008546972465 0.000318648521407861 0.000791500277959933 0.000969279669636158 0.000273554751365124 0.000252746043032115 0.000254533056823636 0.000264723467461225 0.000352588177363966 0.000381349266643483 0.000231735595802718 0.000262661819100707 0.000622885177345101 0.00145480902594386 0.00063957390342706 0.00219556929561691 0.000819844206424847 0.000382849714319811 0.000341039597269566 0.00107353798252738 0.013437454868108 0.000289235925553522 0.000187306226633055 0.000165362108771183 0.000147492539757854 0.000249958830975494 0.000220929266613101 0.000528540331890071 0.000118206036430291 0.000245785698048406 0.000246101535622145 0.000105050284092312 9.59197186210736e-05 8.88288733331355e-05 8.29129584846156e-05
0.0002325516581974 0.000217723770126588 0.000228061769864274 0.000238032534341448 0.000258741465656254 0.000271876682864969 0.000267919871892008 0.000263390639219452 0.000483019334738355 0.000288132310939027 0.000298907197743814 0.000270637268108187 0.000308368139800086 0.000317150151979106 0.000307323607922516 0.000305898243734326 0.000285569352681758 0.000325917499625739 0.000279062122299312 0.000303957577566782 0.000520894725950249 0.000456920831129537 0.000722946878005359 0.000411413952780348 0.000312642630558191 0.000508275214694098 0.000827390617974721 0.000832789559977964 0.000755747006468077 0.000441273719185231 0.000350688662225318 0.000289508355978363 0.000214026582323124 0.000215202694619876 0.000192455737519959 0.000168388268896402 0.000139469678585336 0.000401496168247917 0.000417814976565367 0.000398072368857072 0.000324594556221935 0.000234142144550287 0.000101572852671827 9.31767579060217e-05 8.6382037625321e-05 7.99285975772945e-05
8.54660930634688e-05 0.000105002460410841 0.000231726557557721 0.00024967869312662 0.000263631334907721 0.00025823154345388 0.000252457616200274 0.000226697729854797 0.000235040919145701 0.000335749934694674 0.000262070682185289 0.000156511156850858 0.000128626199523318 0.00011171638990668 0.000292780538056059 0.000278123939745578 0.000265177379863868 0.00025173889664396 0.000222050096009507 0.000269064219158643 0.000399065182403291 0.000205956590328782 0.000482854075889083 0.000368051651060863 0.000656884103106759 0.000801934703111584 0.000701125894622123 0.000470134948047018 0.000319460274377104 0.000196803047451577 0.000160679634458205 0.000158495694461447 0.000148150937620417 0.000139703310538164 0.000137273501372648 0.000129146566586291 0.000143907957276768 0.000151913606746268 0.000153843358734851 0.000275470776782871 0.000127345942405332 0.000111275880194339 0.000147312839782709 0.00029103450832153 8.46739811783293e-05 0.000208865445136652
4.50891552825516e-05 8.04615751354931e-05 0.000229422601470164 0.000333741596310499 0.000248917129978166 0.000250741080029693 0.000248559323813602 6.13249625322054e-05 2.55809551596542e-05 0.000183860022836502 0.000207943991521597 0.000216976323668572 0.000243798966578135 0.000278237874913678 0.000290564679813077 0.000305080973651872 0.000308470141463957 0.00029175331362663 0.000357689082384827 0.000512805851426945 0.00106101210985798 0.00619108858809341 0.00289420615190465 0.00404938900555862 8.49981501125363e-05 0.000237495551058031 0.000267814587105741 0.000179015815494443 0.00014366421960279 0.000113598989707198 0.000117176817949294 0.000126693593251259 0.000131813846759821 0.000137786175083976 0.000153072530328613 0.000180962902499049 0.00017886125175286 0.0002296354278293 0.000145153056865999 0.00101657547561302 0.000448718105381096 0.000471205192826574 0.000407255613507118 0.000183766789695028 0.000251609178667911 0.00132944527691627
0.000204067937863917 4.7808534429894e-05 2.64622012764448e-06 0.000207105908507366 0.000111747644306015 6.66149717922782e-06 6.81929450365715e-06 9.33225238831659e-06 5.94101511856016e-06 2.7644190367937e-05 0.000181073187857805 0.00019013682656206 0.000346759969649346 0.000540669768163582 0.00147426669590587 0.0042136993942222 0.00453270523576066 0.00221019176970003 0.00291287443799035 0.00117481006343709 0.000602540515017225 0.000117533125542979 0.000121540250571706 1.80394922878691e-05 3.70166769357638e-05 6.08766229309721e-05 0.000103628146851875 9.65385026484356e-05 0.000212407542719895 0.000260167694798064 0.000665909693611866 0.000791947869777232 0.000430365316690384 0.000520267111842898 0.00229333970128209 0.00141995502531245 0.001297782336826 0.00122486948878304 0.0240111461374909 0.0232454067515913 0.0320740644302532 0.122749726707116 0.00644630565147963 0.000295488345921846 0.000403592035551359 -9999
0.000279964534780064 0.000145226983011526 7.08521620262914e-06 5.27719676028937e-06 4.77178327865646e-06 5.68955154449213e-05 0.000123704026112348 4.03766680005968e-05 8.45960094247866e-06 0.000293918341351329 0.000375682979650227 0.00183297485314711 0.0059177585906582 0.0101287644065451 0.00343915116245626 0.00162826180585398 0.000575883231805729 0.000688950122060561 0.000297233498255878 5.2993586617589e-05 1.42030909754065e-05 5.83756908419275e-05 0.000111566985881262 8.82107119295594e-05 8.39999027710481e-05 0.000125184431315883 8.40687076319013e-05 0.000241766322245152 0.000302125754480898 0.016444229035603 0.00294338130825054 0.00176044147396297 0.00524017615228988 0.00344788637626018 0.00162539894827205 0.0147576801769901 0.00236249002120853 0.00776690640486777 0.00648438391273327 0.000740460240558605 0.000469255819780301 0.000476826776937855 8.87343081539704e-05 8.14293968448454e-05 0.000147079837446285 -9999
6.11815703474017e-06 9.52890150074381e-07 1.98832676687744e-06 2.41277662470174e-05 1.43633205880178e-06 4.95174390519049e-06 0.000258536572859924 0.000273478489362011 0.000316406001517278 0.000760908173535668 0.00577978384681046 0.0194943514194165 0.00180984453919422 0.000548289845797179 0.000131405329803247 2.67507402895717e-06 2.92510412691627e-06 3.30162745481921e-05 0.00010097604785283 0.000222701227604039 0.000282873229260971 0.000265398550422968 4.50504323875056e-05 0.000169252774874884 0.000130949612373288 3.48226307558264e-05 1.0525146535656e-06 0.00916800217153408 0.0270055604632944 0.00264607623776101 0.00165868726369817 9.96932565527686e-05 0.000134549450472532 0.000624049737957044 0.000597496108227347 0.000186737701056217 0.000167533299315803 0.000214467336023461 0.000235604776967602 0.000100657905745838 0.000171367225358665 9.46732031450126e-05 8.32894164863651e-05 7.34486417011015e-05 6.98191161569994e-05 6.30739549764669e-05
5.90322429161461e-08 1.78146510734223e-06 1.0070230018755e-06 4.15279600929352e-07 8.7304421941059e-05 0.000221748555545886 0.000318413094576186 0.000370867264922214 0.0017778203382619 0.043333978188457 0.0690963984001428 0.00102292448954248 0.000105213957147043 6.69843150806759e-06 3.76863893024382e-05 1.46725605159048e-05 1.55234400826654e-05 4.04738046726805e-05 0.00276799230078025 5.60294185788734e-05 9.49773731008463e-05 5.16688786091901e-06 2.73204288458118e-05 4.39525238363103e-05 3.94448409273496e-05 3.64959743589743e-05 0.00227800080210727 0.00173395460217307 0.00123503430277196 0.000496337955919901 0.000130315533776526 0.000361534611610637 0.000152469014487799 0.000347578269159499 0.00232040439828018 0.00652523012424622 7.17762324313753e-05 1.68447447869369e-05 0.000141270770054602 4.35633664932489e-06 9.00775879834392e-05 0.000301425576958536 7.07483923933161e-05 7.45990276538877e-05 6.72385465240177e-05 7.02694189747777e-05
6.78099650031072e-07 6.59936416624873e-10 2.87783473140735e-07 4.88989098812453e-07 4.0616467216692e-05 0.000320538934555925 0.000581527875528653 0.00077987032016793 0.000610929107793279 0.00127267965229549 0.000567172558720541 8.64005596667994e-07 4.04208520876637e-08 4.6858613495937e-05 0.00795795144513249 0.000326019661330779 0.000114083242471363 2.81580360085298e-06 2.13192606679513e-07 6.21549816059996e-07 1.89847007277422e-05 2.48998003371526e-07 6.64295569663409e-09 4.58819340565242e-06 0.0018267811172791 0.000773321882115852 6.04592096400403e-06 8.15562234944833e-06 1.89845143202638e-05 0.000234162637402735 8.58043397116481e-05 2.33570956567064e-05 6.53836868612645e-06 0.000231991757460059 0.000156965740758253 0.00028200322327141 0.000114070967051538 0.0001447648225684 0.000124231136837372 0.00012282596599601 6.94793811817362e-08 2.74428730389076e-06 4.59888046365209e-05 6.10266661950187e-05 1.07501826931866e-05 3.49857753135896e-05
3.42420456433956e-09 3.57058418387624e-09 1.00794534318993e-07 2.31970785493196e-05 0.000435624253205713 0.00100994893473114 0.00276456041316635 0.0258337940424099 0.0171124667554977 0.000123071102234462 7.73551892052637e-07 2.0978222892154e-07 1.95868629340845e-05 1.27176044770749e-06 1.99033893295564e-06 1.37302481562074e-07 1.03320850541877e-08 2.15043041862373e-07 1.10937639874464e-07 1.54978767596958e-09 0.000398543405944018 0.0163857299042775 0.000345514394024349 0.000350606215783955 0.000106801772021337 5.62475361221004e-07 8.81717454603859e-10 1.95562620319834e-07 4.75886099593481e-07 2.37754711747584e-05 2.51793390003696e-06 0.000156813877284556 8.16918193523253e-05 1.6184038031497e-06 7.15330495200117e-06 4.59995630917587e-05 0.000261973580780772 0.000224265021779058 0.000281832147521577 0.000309987382491173 0.000285241504244382 2.55836405327337e-05 1.72757936525159e-06 1.02734225038148e-07 4.10458896695332e-05 7.00379288278596e-05
2.76814909491829e-05 0.000667899411360062 0.00816489092539996 0.00717721396108573 0.00166746262444804 0.00324062649178813 0.000617211439590881 0.00110638048790861 5.59279178560246e-06 5.59629298205744e-06 1.23558788800437e-07 5.98652732198834e-06 1.01381419881363e-06 1.26677541629761e-06 4.58768377662455e-06 4.58114762068362e-05 6.51389564714111e-05 6.71067900839262e-06 0.000130768561849726 0.00020594708299424 0.000289849604095593 0.000128630794893825 0.000636392789272966 0.000272938644283105 0.000718196136811056 1.40615305051384e-05 9.92879649857059e-06 1.64376993782578e-05 1.61158863194455e-05 3.19243019788473e-05 2.81090115095139e-07 2.19214671233203e-06 0.000314143404601452 0.000172382570970075 9.45686833202508e-06 1.75391960510751e-06 2.73795258834753e-05 0.000211067138641496 0.000119448757463303 7.63191780475125e-05 6.94549809213019e-05 8.6475836336497e-05 6.11999539539942e-05 3.82945245291921e-07 2.61818584376128e-06 4.83421891153246e-05
0.0154852913408831 0.00305740315125718 0.00175845549109397 5.19283203175291e-06 7.92162791185547e-07 6.4221688944599e-08 6.17774730926612e-08 1.07330311038822e-07 5.08297262058477e-07 1.09955235529924e-06 7.25353174857446e-08 7.12000746716512e-07 8.87206988409162e-07 3.60705380448856e-06 1.05045728615805e-05 2.64087793766521e-06 1.35621899973515e-05 9.52370828601889e-06 2.05548301518199e-05 0.000114242962325184 4.51872347263738e-05 0.000110105788661308 5.96561244525562e-05 0.000296414224482078 1.15349428142508e-07 4.41637780568271e-08 6.20095024482792e-06 5.7246597862104e-08 2.94963265355941e-06 3.85331589088933e-06 1.5605470053115e-05 0.000145754290009192 0.000255067974411105 1.93609132303152e-05 3.34424227688146e-06 7.2925031877169e-06 3.70014503929816e-06 0.000136949761195604 8.0163060843641e-05 0.000160100361700266 0.000147657561578329 0.000107708087401814 3.37085179960006e-06 1.02095856086004e-06 3.28811620420311e-07 3.61674487716623e-06
4.93743682467018e-06 1.09545489976881e-06 4.00407225242816e-07 2.71315414579476e-09 1.72547379406751e-07 2.35361689425728e-05 4.34310247732217e-06 1.333136467494e-05 3.14576718764004e-06 5.39165994304369e-06 4.8282145268308e-06 1.56781436544406e-07 1.61542595833453e-07 1.07359919638839e-06 2.00334466171626e-07 2.31691004159984e-08 1.25449628463059e-10 8.02380495379396e-11 1.00876092843372e-05 5.36946255987214e-05 5.83717914477422e-05 7.80739537893926e-05 0.000200557416603431 2.41436155353991e-05 3.52307381490391e-08 1.83622342041501e-06 7.21106934130633e-06 8.72086911840597e-07 2.53131111211502e-05 5.6791032491077e-05 4.18153506514973e-05 1.80188797810565e-05 0.000143356553758167 0.000281615387868261 5.80868072574958e-07 6.13983230959292e-06 1.23094275790159e-05 3.40435469259326e-06 1.13275145849911e-06 4.19960040463629e-05 4.48526369452584e-05 5.68212082992292e-05 3.61889586613762e-05 5.17009893507669e-05 7.35701764197572e-05 7.88384841143852e-07
3.88803164241835e-07 2.97632886940846e-06 1.87433627729661e-08 6.57036662531363e-06 3.80247849215531e-05 4.67063557607617e-05 7.44643292591718e-05 9.5346356299042e-06 1.13898593667727e-08 4.5698047301812e-08 1.11529836033242e-08 1.07184590092402e-08 9.95196728581504e-08 1.12459383672103e-07 1.76355658965122e-09 5.00569852235344e-10 3.89596177541307e-10 4.19775972204661e-08 2.14304329200221e-06 7.92602786361618e-05 6.53939817253368e-05 0.000198025195767726 3.74625273025231e-08 1.21765779681482e-09 9.55451355366677e-08 1.28454803416389e-06 5.8357245507068e-07 7.35664571038797e-07 1.16977743081281e-05 5.66634571441682e-07 6.21483832219383e-07 5.2060586306224e-05 1.35297094216558e-05 5.22656682733214e-07 2.80447079603618e-07 2.41126667788194e-07 3.40891972427926e-08 1.918311454574e-07 1.49516961300833e-07 2.41458144387252e-05 1.06358456513078e-05 4.85031779821399e-05 2.75211377278706e-05 8.58801699039624e-06 1.06397492018573e-05 9.09263278521699e-05
8.48648830363841e-06 2.99775315681927e-09 9.72891143646848e-08 5.58872989131487e-07 1.87848503466093e-05 3.6456806356e-07 0.000127451391438171 8.38830177831706e-06 1.00808347269776e-06 1.93871783267241e-06 2.47039054102061e-08 3.49819462286405e-10 6.58111433375908e-06 1.10490508415495e-05 1.87604195275526e-05 1.88800531759625e-06 1.05700137282838e-06 4.77455023428774e-07 5.59315364953017e-06 9.23861278868898e-05 0.000135273432243199 0.000126960915793006 2.12616168937529e-07 4.9950746140226e-06 5.53109202883206e-09 7.1959434535529e-07 2.52280407545546e-06 1.55653906409592e-06 5.03136845964036e-08 2.57113356383343e-07 3.97445110138506e-06 1.13527707600536e-05 2.55160290789314e-05 4.29679348489365e-05 1.47938262696767e-06 1.42745156206381e-05 8.01477472334167e-07 4.03060903408914e-07 4.49699988743779e-06 1.94110597399155e-05 4.80595598117972e-06 2.70063828530454e-05 4.14562630819404e-06 5.94787984006251e-06 1.2615050446052e-05 2.48037081410413e-05
9.97242910472096e-10 2.06954009485116e-10 1.23152958053652e-08 1.36410208142479e-06 2.73532069904436e-05 4.45216464756371e-05 4.04883064787143e-05 1.83456438662688e-07 9.10710085122446e-09 5.60107515923391e-10 5.61387047959272e-11 8.11825273672184e-11 3.27604681160665e-08 6.56512207732884e-06 7.38731399636539e-06 2.59785665548407e-06 5.86007736274041e-06 4.56504167232197e-06 0.000443199884648493 0.000222964604492082 4.68567879375215e-05 4.21383918949303e-05 9.17588289141125e-05 1.47255213964748e-06 8.79366962180939e-07 2.46721938310657e-06 4.26441908521591e-05 0.000311460256034513 0.00203618396045416 0.0135353056335589 0.000534814321508748 1.19091828310047e-06 1.55063432316638e-08 2.84965608443599e-07 1.10858427433413e-06 1.31620633208152e-05 3.94005837817124e-06 7.71634848856229e-06 1.23423880436735e-05 2.98405993618189e-05 1.3189280419601e-05 3.03310789681044e-06 5.16180114093601e-05 6.39546788605005e-05 1.30467520963351e-05 0.000185028934780007
7.30361051637374e-09 3.72700185380381e-08 5.58644433112931e-07 1.76331674426877e-05 4.39482786955381e-05 2.72647375822999e-06 6.14665441389661e-07 4.25922189606354e-07 1.81402549515042e-07 6.8791351282016e-09 1.11151843285029e-10 4.20565671177542e-10 6.33354659385077e-08 5.39041275260388e-07 4.55824657898063e-05 2.16473927139305e-06 1.91607319640852e-05 1.55403122732989e-05 6.31063812761568e-08 8.72083619555264e-06 0.000372941934430537 0.000511888811075611 0.000380242253810081 1.56207475811354e-05 1.47163393648952e-07 4.90414349769708e-06 8.20884906715946e-07 6.01605461270083e-07 7.23039265765335e-06 5.0542501412898e-06 0.000502021382908424 8.318974175473e-05 0.00049055923323067 2.69995073343798e-05 9.27264682104578e-07 2.08337155527261e-07 0.000242973010904279 0.000117155442471928 6.70421430925217e-05 1.27424620603334e-05 8.69424820848508e-07 4.54617475380559e-06 3.2598378776072e-05 2.31262423612932e-05 0.000278718724052851 0.000261380564472802
2.47506790174157e-08 2.23478891712148e-06 1.1726183402061e-07 6.91850948543182e-06 5.43726969226554e-08 1.42275712278206e-06 1.60525523824617e-06 6.75672845318331e-07 2.73707911446763e-08 2.06937622593273e-10 1.43108136452241e-10 2.21691554003201e-10 8.43027692098985e-10 5.29893426914896e-09 2.41552040591841e-09 2.82113819594088e-07 3.36480434270925e-07 1.0190204875471e-07 6.45611342164898e-10 7.0087966541621e-10 7.72996486375632e-08 0.000277061133248324 0.00045078004647352 0.00322430476814404 0.00696849191212868 0.000116797664140478 3.90860668630921e-07 8.59533975017257e-07 3.73906146933223e-08 1.04605887827347e-06 2.0621960175049e-07 2.55250558467424e-09 3.98659460998374e-10 3.12612549180358e-09 3.70034314300938e-09 2.36179236168255e-09 4.59160810351023e-07 0.000241630916480395 0.000208804796147888 5.61212259464483e-05 2.50854747164242e-05 4.27216727246105e-05 1.37754615303187e-05 1.00330217390976e-05 1.97777189613779e-05 0.00380818145786179
7.49956754475534e-09 7.07891523177295e-10 1.23072561564186e-07 2.07777156902011e-07 1.13109790618182e-06 1.01304704003269e-07 1.02395551948575e-07 7.17461443855427e-07 2.05845972095053e-05 6.25154862083921e-06 9.60160264185106e-08 1.49753043388046e-07 7.49212745176919e-09 4.31824140889603e-09 7.91554644052894e-10 1.06097104435321e-08 7.93235273022219e-09 2.31511272374974e-09 6.13215256350941e-10 5.3628639307135e-10 5.4367710617953e-07 1.01670339063276e-06 0.000245645190562627 0.000556579605475949 0.00242600805333684 0.00205641237618837 5.514706466897e-05 4.41355405200738e-06 1.57606598349957e-07 7.14860393102867e-10 1.83628900973787e-10 1.05740660671927e-08 3.88600795986349e-10 2.23679563760015e-08 3.95779807149665e-07 3.18595368753449e-08 2.42067216049691e-08 2.22772394018689e-05 7.36136098183238e-05 4.71780373023201e-05 8.05757820046438e-05 1.26186832858366e-06 5.21853462487343e-07 8.12492073024584e-06 1.6110443539219e-06 2.00068926800689e-05
6.56505790175288e-08 1.41737189096602e-08 1.99236353637389e-08 2.89312716006407e-09 3.50625883882572e-10 1.3795855124954e-08 2.62192596522937e-09 1.19631849315738e-08 8.68915606133669e-10 2.02219757738931e-07 1.33749178448106e-05 6.2496580425897e-06 6.46893909106439e-08 5.82452305180059e-06 2.99570565402973e-06 3.77995797862241e-07 3.49361857843178e-07 2.82454379885166e-08 4.74152466267697e-07 2.58796092111879e-08 5.24252286027149e-09 2.22999503307619e-09 0.000165887691439082 6.81498518494417e-05 0.000607012487234426 0.0497191501664929 0.000145587686095894 4.78464414754853e-08 1.38968914598081e-08 2.02709884433716e-09 1.87665838424778e-10 8.18197287699718e-11 9.063849404356e-09 1.76288196485075e-08 4.07112965561396e-10 2.97337923171881e-09 5.94615266891196e-07 1.74135237784867e-08 3.0075421587672e-05 1.08207168523222e-06 2.54226106335409e-06 3.14045537451735e-06 5.19622117283181e-06 4.95251661074558e-06 1.69018021551892e-06 2.46918659740913e-08
8.8835281530919e-08 1.32962805210468e-09 1.40722100638868e-11 4.34386407732745e-08 5.06265473987355e-11 5.67294939912699e-09 8.57496851303097e-11 8.37850606671964e-09 8.70220173965208e-07 1.57564263645327e-06 7.6806909419247e-07 5.4097182555779e-08 3.15243120496689e-10 1.04947076806639e-08 9.45852285383353e-12 1.13201474860603e-09 4.26124159957908e-08 1.11556082629249e-06 1.98641174620207e-09 2.37071071751416e-06 1.27094921253956e-08 5.88482782753807e-05 0.0383547581033781 0.00162818609975147 0.0062242505394515 0.00683404323596264 8.2035553865667e-05 1.12640861971158e-07 2.74037432745899e-09 2.23201768179138e-10 8.35091440443136e-11 5.73610603460395e-11 6.24717944042175e-11 1.00512365097671e-10 8.84377127086111e-11 1.29441424245869e-10 1.18774479140882e-10 1.98573735232799e-10 2.48649119072297e-09 4.46628511951985e-09 2.28768840315752e-07 6.02294176133e-07 2.36383126406281e-09 2.28350799602595e-08 1.24683648680679e-05 3.94527512147191e-05
