Maxent_result_files_1/Bombus_cryptarum_3.asc
NCOLS 594 
NROWS 330 
XLLCORNER -15 
YLLCORNER 23 
CELLSIZE 0.166666666666667 
NODATA_value -9999 
[rows 140 to 159 of 330, columns 368 to 413 of 594]
0.00421247587073594 0.000718385944492184 0.00349475825205445 0.00186892757192254 0.00300195256713778 0.00319859744049609 0.00155194608960301 0.000450588372768834 0.00206496227765456 0.000330610656237695 0.000280427638062974 0.00115895628114231 0.00221718311076984 0.00604833012912422 0.00801692879758775 0.00734901991672814 0.00317840804345906 0.000850357391755097 0.00180923853768036 0.00175886909710243 0.00181948259705678 0.00178926405496895 0.000946495897369459 0.00198849654989317 0.00139009777922183 0.00127854829188436 0.00125353378243744 0.00118559111724608 0.00112047233851627 0.00131202077609487 0.00105463836807758 0.000831982510862872 0.00351539656985551 0.00107191187562421 0.00172948776744306 0.00319912873674184 0.00870598154142499 0.00312016628449783 0.0139524567872286 0.00833063032478094 0.00278743683593348 0.000398457597475499 0.00421622549183667 0.00542985391803086 0.0044035287341103 0.00208415591623634
0.00406959168612957 0.0122085138224065 0.00395745674613863 0.00388846364803612 0.00904025435447693 0.0091228399425745 0.00282382976729423 0.00316315157106146 0.000364901834109332 0.000313909533724654 0.0014134002267383 0.00192633689148352 0.00771445240825415 0.0263033153489232 0.00264460134785622 0.00183658124879003 0.00149602336459793 0.00283566326834261 0.00188266213517636 0.00189757567131892 0.00240578162483871 0.00157080462668091 0.000709832369466312 0.0012378396873828 0.00140934842056595 0.000192735542805167 0.00493900962173939 0.000158188227942446 0.000133378243117477 0.00218185550183989 0.002380351559259 0.00142266871989705 0.000226922721776646 0.00131551106460392 0.00109194634133019 0.000351558232796378 0.0022939452319406 0.000460658183146734 0.00269252831931226 0.000556067517027259 0.000446833588648587 0.0109510635025799 0.00681318109855056 0.00143091031350195 0.00221731814090163 0.00151422687340528
0.00927688158117235 0.00412507518194616 0.00377144431695342 0.00566282230429351 0.00378476332407445 0.00750081981532276 0.00251995959552005 0.00343232690356672 0.00386648431885988 0.000297829959890805 0.00204277146840468 0.0456128468737006 0.0606592371128499 0.00523824330884963 0.00130755344871432 0.000232337102352176 0.000260750758752692 0.00155292389681563 0.00131531815277413 0.00857594111002982 0.00140300169005059 0.00235645944485441 0.00223664091899991 0.000234346051729517 0.000227484205242945 0.00101678652863484 0.000201984673913103 0.000998774520121515 0.00153590627014637 0.00134341901866719 0.00117656628135592 0.000189232797856675 0.000246730951039353 0.000751325680175796 0.00097124406020157 0.00191125269047916 0.00211030080681667 0.000358612337731756 0.000404823548160493 0.00246100806398317 0.000491474896261934 0.000354413705645129 0.00028104801531299 0.00142821329645813 0.00177213408751413 0.00243459771154448
0.00328827043995261 0.00204679952585138 0.00352175433654338 0.00728570981882513 0.00403984631411731 0.00448460127227008 0.0024092054925859 0.00262502923142165 0.00267599951475859 0.00141830011853017 0.00179379094624892 0.00487546138465404 0.00153920178418048 0.00252337119309232 0.00663099179510027 0.0042796820634976 0.00358216515742242 0.00242602594080381 0.00242114865104668 0.00478288913145661 0.0002483819022018 0.000250284574576654 0.0012944422516739 0.00130130313627888 0.000232409283489687 0.000241249513055664 0.00151021969504654 0.0012158196157543 0.00116081371670589 0.00083345933817327 0.000184509281098144 0.000227136779722059 0.000748417759314179 0.000218559192580869 0.00203611907782033 0.00147907667560503 0.0016396441613324 0.00193604421801865 0.000351427354326006 0.00216944430721924 0.000318179626628989 0.00029118482634658 0.000223387424921384 0.00184100240003318 0.000878264138009399 0.00159860735293478
0.007935192855075 0.0022110820398666 0.00199703592807055 0.00272599831223488 0.00294958958402276 0.00923786158673465 0.00217450400814414 0.00503422641195357 0.00335621596314013 0.00134675854060333 0.00206723485607654 0.00262520756805316 0.00122861948329955 0.000956955745641608 0.00273061487823725 0.00599616626277566 0.00936977807432413 0.00375970082823187 0.00171697983751073 0.000292898829502519 0.000299103731231298 0.000264440224418649 0.000257815107033821 0.00200286346953362 0.000246721658913884 0.000245899109722814 0.000950119731714949 0.000909812585450709 0.00194846939994022 0.000218998913624091 0.000240327724895906 0.00136817255988717 0.000761850085109472 0.00144254614715464 0.00141637505730614 0.00150405538734049 0.00101322788977996 0.00102080865181051 0.00148376570432447 0.00156163141364232 0.000280248836497776 0.000257850879279431 0.000236613809829578 0.000191580016689841 0.00176846049726009 0.00289419293403625
0.00948353093117476 0.00333517738617957 0.00294159532058984 0.00261266044108197 0.00314712263643742 0.0113044718280435 0.00502079573925585 0.00204593816306442 0.00217300611548126 0.000244145807664609 0.00380684093106538 0.00195580591680482 0.00122409135801718 0.00133791117114015 0.00119103496544994 0.0091357754310593 0.00502964691258967 0.00258610454620793 0.00154339658329263 0.00230328281177208 0.0035622576251626 0.00231198918772861 0.00340033501852304 0.00171735956100747 0.0016693192301318 0.000905417941976339 0.00274646409088746 0.0013133471889887 0.000220910223288229 0.000198505120351911 0.000814176496351138 0.000742213049670681 0.000788758732960559 0.00128110075020231 0.00188524515251629 0.000798797415336594 0.00166227897861972 0.00107338490197435 0.000194953678874299 0.00181097445311025 0.00107781355909538 0.000246404195786454 0.00087584353168495 0.00396365395281464 0.000955146536580287 0.00109015854250174
0.00898672132752836 0.0107905406504869 0.00882431287318468 0.00374264761339873 0.00351168750785291 0.00317381611093879 0.00140501430723816 0.00161524079740047 0.00199363126885146 0.00219759050523862 0.00140110615175217 0.00170208589406684 0.00226065574679524 0.0008915196696762 0.00230722628766671 0.00202080042217858 0.00634677428752184 0.0599075050093234 0.100850083306432 0.00794851295650005 0.00167995629599318 0.00106501732370816 0.00157707663020119 0.00344537366181612 0.00141287000151351 0.000194669164193328 0.00105242253048345 0.000216082236875081 0.000680241186637431 0.000182164456055034 0.000237362794723595 0.00120342174777761 0.00069543135468848 0.000849742739228532 0.00134750340366736 0.000906520884018391 0.00610373138915747 0.000167852189406403 0.000891551346285269 0.00129417297430336 0.00124613062944263 0.00144478071015328 0.000203025689552305 0.000188983650878072 0.000203611016331706 0.000184867177449632
0.00475816242396832 0.00262716129655018 0.00191840127808973 0.00153156708693132 0.00189651043619961 0.00437585180625319 0.00528683471493423 0.001257176179206 0.000943060376448557 0.00133208716288209 0.000737748004030436 0.00066193187085446 0.00122220487101004 0.000572051035123877 0.00104058373835869 0.0010109850903973 0.00139016250032 0.00196749978349544 0.00662671576719731 0.00626655218657106 0.000840395598788746 0.000813294621184468 0.0016214313567616 0.00227231765165925 0.00123835229314864 0.000209303630253999 0.00111740967258811 0.00114245666190982 0.000156573849380948 0.00459461510181427 0.00578794409520924 0.000782908113615122 0.000143166803536587 0.000168741736706579 0.000170891587549704 0.000165489942446584 0.000169795349211199 0.00117903014179319 0.000160050754493568 0.000978507805848494 0.00147663889219984 0.00147768351598643 0.00083504440553952 0.00136533831828274 0.000891727535054088 0.000128271594803664
0.00292228088947013 0.00173984235152602 0.0033593931235373 0.0016857179813087 0.00402489632833749 0.00305062255356461 0.00301975656766444 0.00217714286409318 0.000858041469473392 0.00229612372349948 0.00104295642231591 0.00118735079886392 0.00620608744211495 0.00562408932019025 0.0031053849728778 0.001290979917394 0.000705644673143979 0.000696147137205116 0.000649753242032602 0.00140577487763949 0.00133229389321059 0.000725147745106369 0.00140304112865124 0.0631950712064281 0.00173974917270243 0.00377537757158279 0.00131873945938423 0.00203104933025315 0.000935640319949016 0.000155712791456608 6.55758605390133e-05 6.71691522696305e-05 0.000169204067788087 0.000831742800073698 0.000786042120307684 0.000616147345863283 0.000890555419027805 0.000184120197809534 0.000161651879170677 0.000162475214892766 0.000139412485805224 0.000800663884729147 0.000558297136740293 0.000792759261094034 0.00119163705967367 0.000784832029603422
0.00813908060081303 0.01409752657637 0.00138870419468731 0.00622288123704493 0.00224973511649296 0.00292512555606663 0.00295515309553593 0.0031313824467361 0.00170140903210267 0.00146298520849086 0.00263610598631203 0.00119234390731435 0.0148556163534522 0.00423339458648115 0.0022143593756482 0.000819545984268189 0.000909689045511186 0.00227792254881933 0.00120813910616562 0.000430835038423538 0.000892420817399398 0.0174029522109777 0.00389830607455224 0.00129209950100631 0.000633151546935551 0.000672838860191405 0.00143152654054575 0.00221346432808787 0.00060503896092996 0.00182553300401196 0.00215455899015069 0.00273974952287972 0.00313483302015811 0.00237601561238989 0.00188809840474278 0.00200574019690976 0.00122723475215025 0.000803783047012985 0.000132067851154716 0.000127892329692258 0.000114873825441464 0.000124663918904844 0.000111008661042433 0.000598319171695039 0.0012712468043901 0.00123891342664137
0.00166242325212806 0.00168489195639268 0.00165733025642112 0.00228433136362582 0.00160386594361626 0.00158510824549012 0.00118419708451256 0.00166882261401042 0.00256400075741112 0.000747996449354105 0.00110431662178598 0.000186685816152021 0.00213353026192635 0.00262455093907192 0.000170509329836932 0.000151033063593786 0.00014008960861247 0.000178557397885015 0.00122373070917092 0.00127176604000852 0.0100132794119418 0.00045947351900395 0.00012919291984872 0.000125104500693851 0.000672349975502584 0.000105825659557013 0.0007158323074691 0.00144294985802844 0.000658565538469702 8.65946478370461e-05 0.000720263121183962 0.000113926904668915 0.00236820125719532 0.00126569829881191 0.0048799118027091 0.00407935492694378 0.000569357047788799 0.000435899224248715 0.000100077764363959 8.17393245597486e-05 0.000523255797452293 7.56701618229272e-05 0.000788393616676331 0.000901620928198099 7.34086434022174e-05 0.000576889087096788
0.00206652879714966 0.00110296198399737 0.00239900322631001 0.00017385398314218 0.00106093298527412 0.00104606371605769 0.000837971520377323 0.000692200748017058 0.000723003977327608 0.000923716370016336 0.000189989057253115 0.00173416801262647 0.00322094063740224 0.00122263477533124 0.000155389454812394 0.000160225731815444 0.000179332772677299 0.000175783126906026 0.000155822286978946 0.00183753119781613 0.000148330807132879 0.00012969512026757 0.00138788996264338 0.00010799702249642 8.632577064418e-05 7.76623506681062e-05 0.000881760843913071 9.46623011259362e-05 7.89139934568084e-05 7.06072256434709e-05 0.000628314475761726 0.000124082697220729 0.000960079784272239 0.000746754379360937 0.000541843929386232 0.0181540853343904 0.0019157295813784 0.00158367592375726 0.000729340898396913 0.000854904687730595 0.000618371699238196 0.000466710617183708 0.000835029847803526 6.17968305959948e-05 0.000670825425186195 0.000347213019267656
0.00243201670236886 0.000934261109796353 0.000765407034486998 0.000153938190487679 0.000724485632963479 0.0012780447548721 0.000594683445524424 0.00236439289292321 0.00149911127518862 0.00089134742738679 0.00107690318836831 0.00228613771032542 0.00130901812226512 0.000137320555586484 0.000136446648684796 0.000125951785958023 0.000822523434180766 0.000137127697962569 0.000137695414741756 0.000133965089480625 0.000123103716396145 0.000112538488974678 9.72172914771363e-05 9.03117670532083e-05 8.01352258349652e-05 8.09958670288324e-05 8.1386912643211e-05 0.00096561829559505 0.000781743321567774 0.000791965937241912 0.00108758190763183 0.00128656057058834 0.00103120726416819 0.000818279926897958 0.000730040960479528 0.000620858435286209 8.53961108077783e-05 0.00138108733808622 0.00135043560294434 0.00140164884505793 0.000689118859008886 0.000744036529795267 0.000337091587425675 0.000667190260719508 0.000344423539354466 0.000660277722636238
0.000871293546515517 0.000888048531487584 0.000724074925528839 0.000831976684276015 0.00131032508215867 0.000673544371966273 0.000651868822751567 0.00241493561770767 0.00221586442785338 0.000562723231269047 0.000536374255898409 0.00159122428740375 0.000124487222637981 0.000117551820585504 0.000718409876571968 0.000105695003003348 0.000688648485811427 0.00134845771244727 0.000111122831731336 0.00101620528730564 9.70717526797671e-05 0.000395003703306429 7.15378138920642e-05 0.000663890931173228 5.91493801039178e-05 0.000462007956230082 7.49119069951121e-05 0.000396668360917829 0.000383952811534982 7.51716201193631e-05 0.000598188285948709 0.00103348621050827 7.998048022273e-05 0.000481713094632141 0.00062797149294056 0.000524272071197629 0.000481134944129735 8.15644723843434e-05 6.11574892900535e-05 0.000385157929849811 0.00132509768009186 0.000621106769540347 0.000530388188781217 0.00049604170199018 0.000525559423840605 0.00035769403912127
0.000901095225708559 0.00092163032386452 0.00196690516313538 0.00180607817601413 0.00213617647532374 0.0025303655769676 0.000893261260353029 0.000681565061677247 0.000569989669020288 0.00124303910997696 0.00106755917659029 3.63984043586729e-05 3.67564694607414e-05 8.32043184345821e-05 0.000549793979735114 0.000723490750533529 0.000883619824890047 8.26043240522267e-05 8.69933275680523e-05 0.000464906677370891 0.000546959301573224 0.000494428002275527 0.000568895481410436 8.04386154413805e-05 0.000405488679825794 5.5974793212954e-05 6.07839749136474e-05 0.000675305907498114 0.000746294311829843 0.000777732371352613 0.000586877722525969 0.000544627456110902 0.000664633713313378 0.000828022934729233 0.000403374276356772 7.69374213632545e-05 7.97500380940619e-05 7.20309008102049e-05 0.000474812439642847 0.000294978895544773 0.000344327816856094 0.00052653010643553 0.000412266440980602 0.000508763210382313 0.000623161054681987 0.000624675245489925
0.000213168784102891 0.00223737765336409 0.00213431200245395 0.00229957809206098 0.00193806430324912 0.000772477587452158 0.00221431902027689 0.00109917868976481 0.0144005413865671 0.00277403529034927 0.000669827750243712 0.000646142938057892 0.000500162408570759 0.000802471421775408 0.0025006816838868 0.000331730356265325 0.000499941999441944 0.000416465089074336 0.000870233087334782 0.00065468302636873 0.00101630617282353 0.000861794082447886 0.000929436198202893 0.00114993372117169 0.000471234969154466 0.000631073195836507 0.000904300058027729 0.000576272612670436 0.000632289421628229 0.00070595218858216 0.000740499494713731 0.000978208403103053 0.000712611674680375 0.000400133337825537 0.000767752647516318 0.00069822816294618 0.00042182675388176 0.000611551661859267 0.000528274837415665 0.000605561741394922 0.000647320540156215 0.000310155587794725 4.30063786552637e-05 0.000418852610164322 0.00043344940058887 0.00046156803437043
0.00242782649584115 0.00132082042400725 0.000175966915776371 0.000688213709509 0.000456550462695304 0.00113443146692589 0.00138957335148007 0.00123480375041254 0.00434828933794051 0.000845113059040159 9.71359011600725e-05 0.000393670996709261 0.00083280737453606 0.000780316244345158 0.000581504695583135 0.000479032288421877 0.000476203463040292 0.00053651794733014 0.000513554192730226 0.000665647239657119 0.000642597777186893 0.00096941678202711 0.00221837894641794 0.00150925829657353 0.00103341789799742 0.000831198593368754 0.000802257866598666 0.000653108561527915 0.000715630353079177 0.000665289495373145 0.000935658870730549 0.000583442891365849 0.000534965068800375 0.000570008001523092 0.000624548815540038 5.03342904266901e-05 0.000247763772495091 0.000468641522456892 0.00045061896671541 0.000426888655056246 0.00040742179407971 0.000245218788040802 0.000229819207743276 0.000386535862344317 3.09290147924912e-05 0.000428344300598837
0.000563994383264799 0.000429444537439849 0.00229403647826985 0.00161579791456461 0.00159898159326985 0.00153939181473106 0.00152247489313595 0.00156831440399401 0.00134820235543884 0.00120784385944717 0.00125817228108644 0.000975197431398556 0.000809298205422238 0.00131589296506718 0.000951167696621269 0.000558103146613576 0.000479006141540594 0.000521944655338302 0.000581910790060647 0.000635589996818453 0.000770219112746418 0.00096831041155383 0.0012353333295323 0.00203844298957847 0.00276293460628949 0.00180138663272373 0.00136971438187174 0.001110127865104 0.00103273562854156 0.00206216125516221 0.000660875797620974 0.00111094235326163 0.000797120179049671 0.000484623966622166 0.000630054005887359 0.000816656224196777 0.000573409389471635 0.000207187482737936 0.000328263385745231 0.000310940769850276 0.000278871010232251 0.00028573953313753 0.000267868561786599 0.000198878165974747 0.000221497200254817 0.00027642798377201
0.000247018125082832 0.00121620132704265 0.00122446290915832 0.00082593530532904 0.000549308993504383 0.001200321567012 0.00119693235028535 0.00109311740961857 0.0010875204752665 0.00118906090501696 0.00141798666445538 0.00166170773445629 0.000760794364032336 0.000799370661843568 0.000625543025671504 0.000542022768058814 0.00103427022695541 0.000660679960856214 0.00134445251023863 0.000782509631244466 0.00128376876236871 0.00257265936234035 0.00192403158871457 0.00218717582756653 0.00188890704885125 0.00253295167349279 0.0026416925014928 0.00494077077601105 0.00461401260690764 0.0023422572936397 0.000859666289761663 0.000902820739429444 0.000636155827669427 0.000657322027836926 0.00119017516553868 0.00112008147116285 0.000885363458655775 0.00048836282803677 0.000491315551334992 0.000470875093014911 0.000421801974880509 0.000406138435937464 0.0003587784973206 0.000129953424766427 0.000223863426072057 0.000261839998711366
7.54116832467844e-05 0.000834540239884518 0.000811970693757758 0.000815672031603754 0.00109634452965111 0.000785830550012179 0.00083862587925978 0.00082640822220128 0.000855414441321045 0.000863747030962259 0.000528243655571714 0.00165630365954712 0.000710126318153925 0.00147841974394396 0.000952764920657501 0.00301176203647628 0.00104979796160478 0.00167886097915471 0.0027110418479424 0.00242523121414706 0.0022025192680303 0.00293123211013153 0.00307889163377695 0.00406876730849035 0.00408653003396466 0.00488686071475968 0.00321908601908945 0.00513034475734457 0.00393264504382387 0.00272333136526868 0.00259831647854298 0.0015313421637984 0.00155181777081452 0.000557270555873401 0.000788101408397779 0.000813314024708234 0.000587516441009939 0.000539403344737366 0.000980352816986851 0.000676638359436765 0.0011843958607642 0.000774770733551122 0.000423538885661401 0.000468801567330956 0.000398182371282019 0.000452861562371254
