Maxent_result_files_1/Bombus_velox_3.asc
NCOLS 594 
NROWS 330 
XLLCORNER -15 
YLLCORNER 23 
CELLSIZE 0.166666666666667 
NODATA_value -9999 
[rows 220 to 239 of 330, columns 225 to 269 of 594]
2.00945593498147e-11 2.03112063501543e-07 9.30036891944042e-08 2.3420626802273e-06 2.14678525090051e-07 6.09210115687375e-08 0.000126765125475969 0.00185622712190252 7.52223703816557e-05 0.00117019307767805 4.3836378657014e-07 2.3411677869789e-06 2.53519566220106e-06 5.19185129336242e-06 6.00551828365825e-06 2.12473756577847e-07 1.0383433214034e-05 3.58042491255262e-07 5.39417680300858e-08 0.000153872406671884 2.18223420621611e-06 2.16652849438503e-08 1.05467923283697e-08 5.92248434294618e-08 3.78436560977136e-08 2.59903782051651e-08 4.02661796683468e-08 3.19635235501714e-08 3.46005709639385e-08 5.02164433702212e-08 4.3755324374839e-08 8.65979454478527e-08 1.17168965163561e-07 5.55775882316034e-08 6.29764185910986e-08 5.29691071671223e-08 2.75607680899626e-08 4.14594281128444e-10 4.51503128579001e-06 -9999 -9999 -9999 -9999 -9999 -9999
5.04686026303602e-10 4.65536132976396e-09 8.29472448504731e-09 1.77534447620697e-07 3.15907153769501e-09 8.85636417535807e-09 2.84978892484133e-08 1.73336986778905e-05 3.00906547506807e-06 7.56419201719538e-09 8.00314925664125e-08 7.52517972046896e-08 1.50100477236403e-07 4.20874069384514e-07 2.72130508949253e-07 5.46924662669923e-08 3.6322063579064e-09 2.97649425107238e-09 4.42446711490518e-09 4.32317592835574e-10 1.48407865219191e-07 1.23670642615536e-09 9.26006260559831e-10 1.75481729036697e-08 2.29852526345553e-08 3.51272878895692e-08 4.93574615956227e-08 2.71967769749359e-08 4.85527157256804e-08 8.54719615972499e-08 7.82957343514745e-08 4.35693298328488e-08 4.40585379513081e-08 1.48839048571658e-05 6.82900573153233e-05 1.89456438078883e-06 9.31554607641605e-07 1.31307090889266e-07 2.59017314263588e-09 3.09285639210621e-08 1.24831023740057e-08 1.17561096413255e-09 8.10454525712601e-10 3.96093842169876e-09 1.36998157707069e-08
1.11471510910732e-09 3.04711352816511e-09 4.45652329483792e-09 1.19209943783005e-07 1.68063614547354e-07 4.93244820543026e-09 1.54291865950285e-09 1.65839277865842e-09 7.2828453268059e-09 2.2151564454731e-06 8.61017657172169e-10 -9999 -9999 9.39460853555119e-10 -9999 -9999 -9999 3.59648017749237e-05 3.63570951122938e-11 1.41348932558572e-11 1.00110147949195e-09 4.53476622919169e-10 4.97679146782559e-09 1.36227582214765e-08 1.8667230128333e-08 1.92913299112973e-08 2.58398828223427e-08 4.11691215118637e-08 7.46161826437053e-08 2.16467786173791e-07 -9999 -9999 -9999 -9999 -9999 -9999 -9999 -9999 -9999 -9999 4.75688837764388e-08 6.32874996853161e-10 9.01609675807436e-11 9.84697402506285e-09 1.89840414166476e-08
6.00124139271685e-10 1.77717225380292e-09 4.97464482940302e-09 2.54502046104221e-09 1.30009700782807e-09 5.75257301904664e-08 3.6793467272922e-09 1.83004416332011e-06 -9999 2.98930020048438e-07 -9999 -9999 3.57946980278356e-08 -9999 -9999 -9999 -9999 -9999 -9999 -9999 -9999 9.76260275953322e-09 5.43580307432734e-09 3.8100038346478e-09 1.56482141688841e-09 1.00485977316822e-09 9.59337966843776e-09 2.45736384574258e-09 8.4700919578129e-08 -9999 -9999 -9999 -9999 -9999 -9999 -9999 -9999 -9999 -9999 -9999 -9999 4.73244995487843e-05 2.85969066990965e-06 7.5755730661875e-07 7.64260623675739e-09
3.12974124394572e-10 4.74605743594481e-09 -9999 8.41466896162046e-12 7.44904693483761e-11 9.35796906631481e-10 1.97568739146448e-11 2.73246292148421e-08 -9999 -9999 -9999 -9999 -9999 -9999 -9999 -9999 -9999 -9999 -9999 -9999 -9999 -9999 -9999 -9999 -9999 -9999 3.75918829542687e-07 -9999 -9999 -9999 -9999 -9999 -9999 -9999 -9999 -9999 -9999 -9999 3.24611962099208e-06 5.83399360931658e-08 4.74316562693033e-09 3.72430608575058e-10 3.35153393926646e-10 8.43366022129644e-08 1.02801837758015e-06
2.52106317710776e-08 -9999 1.47832535679626e-07 1.37434231772815e-09 9.01067109815301e-11 2.71872524493233e-12 3.05395597699487e-11 1.46125778144324e-11 -9999 -9999 -9999 -9999 -9999 -9999 -9999 -9999 -9999 -9999 0.000177095928904691 -9999 -9999 -9999 -9999 3.25034366738919e-05 7.29668836463304e-10 4.74640875325338e-07 -9999 2.76527557799611e-05 7.86425177812244e-07 -9999 -9999 -9999 4.78246775625912e-08 -9999 -9999 -9999 -9999 -9999 -9999 3.44832002463491e-07 1.53325033780405e-09 1.92656861157658e-06 7.42006491527558e-07 6.30273927493263e-09 9.96375626449719e-10
1.2143475752735e-06 -9999 -9999 -9999 -9999 -9999 7.41674610615917e-10 -9999 -9999 -9999 1.22203866435022e-06 -9999 -9999 -9999 -9999 -9999 -9999 -9999 -9999 -9999 -9999 -9999 -9999 9.16016151819576e-12 8.79777184437103e-10 7.11711800605031e-12 8.54692872032103e-11 2.74056188853677e-10 1.0948979722869e-09 1.59315487469058e-09 5.36798372419156e-10 1.5489804916502e-08 6.27667726782466e-07 1.61272709997551e-07 3.24616133973166e-09 8.55804945798511e-09 1.99475980211528e-07 1.15234016773158e-09 6.76250225817299e-09 2.46804096049047e-09 4.220907956487e-10 2.67501137907189e-09 7.65751056341912e-08 1.14451906174651e-08 2.24643492696686e-09
-9999 -9999 -9999 -9999 -9999 1.63918743023572e-09 -9999 -9999 2.62357802149893e-11 -9999 -9999 -9999 -9999 -9999 -9999 -9999 -9999 -9999 -9999 -9999 -9999 -9999 -9999 1.17608367489197e-11 1.18686172001503e-12 2.30677033030702e-11 2.88120816094306e-10 7.55791429440933e-11 1.05990993759519e-11 1.00476135189709e-09 4.71400962709367e-10 2.04888712662665e-09 1.9177471333176e-08 8.6231243701107e-09 5.59356447826786e-09 2.26936440750336e-09 2.24978097373985e-08 5.25521102190396e-09 5.71791975989555e-09 1.25754220808849e-06 0.0162360632834861 1.04030374946662e-06 1.33928097278968e-07 9.34046795786347e-07 6.12270383741897e-06
2.12886863693029e-10 -9999 -9999 -9999 -9999 -9999 -9999 -9999 -9999 -9999 -9999 -9999 -9999 -9999 -9999 6.71340231883644e-07 1.08255240327537e-09 -9999 -9999 -9999 -9999 -9999 3.22034843236452e-11 2.51021425867748e-14 1.8843149263148e-12 6.87128132170756e-13 5.04832065040262e-11 2.17332607466147e-10 8.80390427226985e-11 2.07628914061786e-11 7.6025741257979e-12 1.11274256475724e-10 9.54960455157305e-10 8.5552137596423e-10 1.33762559917372e-09 4.46515328045294e-09 1.59334556659729e-10 1.37040720438186e-08 9.59853085902296e-11 3.86140677210989e-09 3.38481646195432e-05 0.000378925770339578 4.55279111759577e-06 1.0994637415529e-05 0.000242359835272055
8.28380586348487e-11 5.39211377770243e-09 -9999 -9999 -9999 -9999 -9999 -9999 -9999 -9999 -9999 -9999 -9999 -9999 -9999 -9999 -9999 -9999 -9999 -9999 -9999 -9999 3.69407837652602e-12 5.10180786505998e-13 6.0148774849722e-12 1.85048087963935e-11 1.88473423534674e-09 2.02436811758133e-10 2.70165223525964e-11 1.1885237238829e-11 1.80792047999034e-12 1.9029777198476e-09 1.32042537903665e-08 7.07312763914558e-10 1.80634618374143e-11 8.94903440240569e-10 1.48268290312004e-08 5.44534306534672e-11 1.22607895203242e-07 2.11315378062515e-07 3.49575636093835e-07 1.08957355485773e-06 1.4904263433424e-05 0.00107782156412384 0.00258127837699931
3.89981258397398e-10 1.17651699493848e-10 1.07338530086487e-07 -9999 -9999 -9999 -9999 -9999 -9999 -9999 -9999 -9999 -9999 -9999 -9999 -9999 -9999 -9999 -9999 -9999 -9999 -9999 4.22994972382185e-15 7.07323088988687e-14 2.3185862119135e-10 2.92219225473955e-06 8.32278859164148e-09 6.77236045021345e-16 6.07547345765624e-13 7.36346317253833e-11 4.55919324515719e-10 2.7340845143442e-10 5.48740459738184e-09 1.13832651083001e-09 5.07582864628375e-13 8.60754800768859e-12 1.36529909600114e-10 1.68975944347949e-13 1.43192124824054e-12 1.85324644519369e-11 4.28426841780904e-09 1.10347955933454e-05 1.08270326601989e-05 0.000103804802881768 9.94403975910885e-05
3.55558749109974e-10 2.56232812745338e-11 1.03144492946683e-11 3.73326282077091e-07 -9999 -9999 -9999 -9999 -9999 -9999 -9999 -9999 -9999 -9999 -9999 -9999 -9999 -9999 -9999 -9999 -9999 -9999 -9999 -9999 -9999 -9999 1.01030295240889e-15 1.1767253838002e-13 3.5478175952619e-11 1.29969812689978e-11 4.28747037872768e-11 1.82254211722466e-12 4.77894390726874e-12 5.2391014859765e-10 1.09742832599125e-09 1.03462127754028e-11 2.36006050147175e-08 1.17981559966118e-08 3.73544863929709e-09 1.00877184161519e-07 1.3208614033644e-07 6.92099549770564e-07 2.05116786745618e-06 0.000241254443569083 0.000530167102034085
1.37150735213254e-11 3.77665565487462e-11 -9999 -9999 1.90936155775034e-13 -9999 -9999 -9999 -9999 -9999 -9999 -9999 -9999 -9999 -9999 -9999 -9999 -9999 -9999 -9999 4.60022939163807e-06 4.89197571340583e-13 6.26165785888588e-15 1.9301615861167e-11 -9999 1.00851882400832e-10 8.88178419700125e-16 1.90335525118712e-12 6.28230800714391e-13 4.27962110194358e-12 4.48974191158413e-14 2.79953837889479e-13 3.40927286401893e-13 5.47529244165901e-11 5.50673950883152e-12 6.2105098841414e-12 5.0841757470721e-10 8.95609673534636e-08 8.13456293080606e-07 8.67742627086443e-08 4.8082245106551e-07 4.53865750055238e-06 0.000112343307701401 0.000221360887680433 0.000259963354221071
4.20354262509193e-10 3.25586224647623e-11 1.21798127139527e-11 -9999 -9999 -9999 -9999 -9999 -9999 -9999 -9999 -9999 -9999 -9999 -9999 -9999 -9999 -9999 -9999 -9999 -9999 -9999 3.02258218454199e-13 8.54871728961371e-16 -9999 -9999 3.40683037336476e-13 3.8746783559418e-15 2.64122057558325e-14 2.00950367457153e-15 1.86117787848161e-13 7.21034343342808e-13 1.01030295240889e-15 7.89257548206024e-14 6.84843293186077e-10 1.15129873412556e-09 3.81481973932285e-07 4.18970007731723e-07 7.85843888062576e-07 2.87586113700833e-07 2.56319505945735e-06 1.1505534580003e-05 1.38129384908203e-05 9.25499230799542e-05 0.000115360874328463
6.19444495697508e-11 6.61918519995197e-11 3.34199334872665e-13 4.2576975278763e-11 8.22142354195421e-13 2.18783302585734e-09 -9999 -9999 -9999 -9999 -9999 -9999 -9999 -9999 -9999 -9999 -9999 -9999 -9999 -9999 -9999 -9999 -9999 -9999 -9999 -9999 -9999 2.07611705604904e-14 7.46069872548105e-15 1.765254609154e-15 5.14033260401447e-15 1.49742107602435e-11 2.35478303522996e-14 2.24931184789057e-14 1.46140766155156e-11 1.15082495533159e-08 1.09371417700288e-08 3.81787518266563e-09 7.0483435253843e-07 5.26714837179032e-07 7.66956466113911e-08 5.70927406018384e-08 1.32768383308557e-06 2.2859447350454e-05 0.000102795007095147
1.82923676206315e-12 2.79808398673254e-12 1.98032584441954e-08 -9999 -9999 4.29516422428833e-12 3.72385788871554e-11 -9999 -9999 -9999 -9999 -9999 -9999 -9999 -9999 -9999 -9999 -9999 -9999 -9999 -9999 -9999 -9999 -9999 -9999 -9999 9.71680624850535e-11 1.09912079437891e-15 6.31716901011714e-15 1.46282985724611e-13 3.45524719946866e-12 9.43800593233846e-14 1.34681155117278e-13 2.51743070833754e-13 7.92495480350652e-10 3.86125698081941e-10 3.05807046352413e-11 7.86851250822451e-11 5.72075010696338e-09 1.21745986991773e-07 9.87725912171555e-10 1.14746879986694e-07 1.18806398250793e-05 1.61224115460268e-06 0.00013823001232236
1.59892155637831e-07 4.00401933831063e-12 8.3490991897861e-13 1.21014309684142e-14 1.06581410364015e-15 -9999 4.7347681331189e-13 9.88098491916389e-16 1.02728936468566e-12 2.72004641033163e-15 -9999 -9999 -9999 -9999 -9999 -9999 -9999 -9999 -9999 -9999 2.99115178958864e-08 -9999 -9999 2.08499884024604e-14 -9999 -9999 4.06317202106266e-11 5.94413407384309e-14 1.87627691161651e-15 1.79445347470164e-13 1.45994327738208e-13 1.31838984174237e-13 2.52114995547004e-12 1.37966027491387e-10 9.86394410595892e-11 2.48755671616863e-10 2.87931678499831e-10 2.10434403236093e-10 6.40792885420183e-10 1.77602089701523e-09 9.80286984919587e-09 3.79456830290614e-08 7.36770692788546e-08 1.0091190261452e-05 0.000101035185513076
6.56571030877018e-10 5.58886270596304e-14 2.2012391909243e-13 5.04268848899869e-12 5.10924635932497e-14 2.63962185442779e-12 4.23117096914893e-13 8.79439410184091e-11 5.67167426357429e-08 1.0517586801484e-12 -9999 -9999 -9999 -9999 -9999 -9999 -9999 -9999 -9999 -9999 -9999 5.90392179589117e-12 -9999 -9999 9.18931597482242e-14 -9999 -9999 1.109756064821e-10 5.32907051820075e-16 7.93809462606987e-15 5.26689802882174e-14 6.94555524205498e-14 3.66706665033689e-14 2.66497934831023e-12 1.37374001063506e-11 3.24407167795471e-14 2.11861972410077e-11 5.34119311002002e-09 3.4903113443896e-08 7.47905003040117e-08 4.97885742634097e-09 1.43428481536034e-08 5.07838736174548e-08 7.85277032412379e-06 6.22601926805189e-06
-9999 -9999 3.58197553840256e-09 7.67157004588626e-11 2.46834108708072e-11 3.00265368124997e-12 1.56241686255498e-13 5.86641846211933e-14 9.74947900189704e-12 -9999 1.36671504114005e-09 -9999 -9999 -9999 -9999 -9999 -9999 -9999 -9999 -9999 -9999 7.63816010440621e-11 -9999 6.75396405469542e-12 5.55111512312578e-17 8.01581023779363e-15 2.22044604925031e-17 4.44089209850063e-17 6.99440505513849e-16 1.33226762955019e-16 1.4077627952247e-14 8.90398865749376e-15 3.76132458512757e-13 1.48682299805358e-10 5.54219220516572e-09 1.16690013984844e-08 1.65756297576536e-12 4.40112390975855e-12 6.88788451830291e-09 4.55185800163349e-10 4.34683067318531e-11 1.57608986950386e-07 7.51103817031584e-08 4.14188899067192e-08 6.7321248261254e-06
2.35641701595846e-08 -9999 -9999 -9999 2.55484522426741e-13 3.10862446895044e-15 1.61959334832318e-13 7.16537940093076e-13 1.59660062948319e-12 -9999 -9999 8.32200974798525e-13 -9999 -9999 -9999 -9999 -9999 -9999 -9999 -9999 -9999 -9999 -9999 -9999 -9999 -9999 5.49093548407598e-11 3.26849658449646e-14 1.11022302462516e-17 2.59792187762287e-15 1.89848137210902e-15 2.95208302247829e-14 2.32036612146658e-14 1.64966929006027e-11 1.04155206681611e-10 2.54123611043156e-11 1.35887967545045e-12 3.45988782068929e-10 1.00870423125343e-12 1.27160060259257e-11 6.2005145462507e-11 2.93226305458916e-09 1.92060066628308e-08 2.8987806105496e-07 6.18301158842316e-06
