Maxent_result_files_1/Bombus_pascuorum_2.asc
NCOLS 594 
NROWS 330 
XLLCORNER -15 
YLLCORNER 23 
CELLSIZE 0.166666666666667 
NODATA_value -9999 
[rows 160 to 179 of 330, columns 276 to 321 of 594]
0.115668220818043 0.121878375858068 0.0662571460008621 0.104790441691875 0.081920862942934 0.132537137717009 0.0662937942892313 0.0946076206862927 0.100555346906185 0.0913649447262287 0.129951061308384 0.110757777839899 0.108807516843081 0.315363337099552 0.076351784914732 0.0610847890377045 0.0605513509362936 0.0792243584990501 0.0441912483423948 0.117116618156433 0.0581371184438467 0.0578988131135702 0.0582625918090343 0.0577341880649328 0.0562624786049128 0.0543696295469999 0.0543311674147844 0.053702275454998 0.0548786547034979 0.0535811543464661 0.050825110822916 0.0500982757657766 0.0461897365748882 0.0478522554039955 0.0458971280604601 0.044893516600132 0.0445567935705185 0.043201907351613 0.0413522906601429 0.0248543381690979 0.0388666111975908 0.120040698349476 0.0491898756474256 0.0564433954656124 0.0340615106746554 0.0331817729398608
0.14806999117136 0.0849080584943294 0.0597799502313137 0.0879634484648704 0.101939125359058 0.243758283555508 0.0997004248201847 0.0769831702113151 0.108775866031647 0.0717090710997581 0.0819177240133286 0.0661027498543263 0.0645989585667849 0.0645885363221168 0.0624389208853245 0.0608999967575073 0.0612118031829596 0.0607567623257637 0.0604016184806824 0.113768286257982 0.118602368235588 0.097839842736721 0.0657269328832626 0.0355510767549276 0.0453401409089565 0.0818301476538181 0.0764735974371433 0.0743833661079407 0.0718450933694839 0.0475118976086378 0.0608818706125021 0.05053626075387 0.053287261351943 0.047467839345336 0.0465421188622713 0.0454095665365458 0.0437312949448824 0.0431635089218616 0.0414772234857082 0.0397963207215071 0.0377924688160419 0.0693486236035824 0.0555967554450035 0.0374019838869572 0.0321028284728527 0.0304617933928967
0.118896418809891 0.096028857678175 0.0921916306018829 0.0986930720508099 0.0776862800121307 0.100398677587509 0.0816464453935623 0.116212945431471 0.118448942899704 0.0905726321041584 0.0724108453840017 0.0666241008788347 0.0656594775617123 0.0642853386700153 0.063186015561223 0.06297587454319 0.0631243295967579 0.0572718467563391 0.0619764167815447 0.0605173386633396 0.0593270771205425 0.0595853600651026 0.236472615599632 0.0892638221383095 0.0320287911221385 0.0530716653913259 0.0553113367408514 0.053445291519165 0.0529195703566074 0.051133356615901 0.076718320325017 0.0548115689307451 0.0495898522436619 0.053436490893364 0.0462429605424404 0.045101036503911 0.0443718142807484 0.0430120877921581 0.0415792796760798 0.0402120485901833 0.0395321192219853 0.0458322610706091 0.0355689141899347 0.0343869080767035 0.0339362373575568 0.0306001357734203
0.0997922778129578 0.0910268977284431 0.0819134809076786 0.081017728894949 0.0818676970899105 0.0809759721159935 0.0791558869183064 0.113139076530933 0.0790880240499973 0.0973135657608509 0.0719650622457266 0.0759918831288815 0.0637491174042225 0.0620648451149464 0.117080577462912 0.110662764310837 0.0825576417148113 0.0625256784260273 0.0613677803426981 0.0606597501784563 0.0721360791474581 0.0436734095215797 0.0646073959767818 0.0554807744920254 0.0631976950913668 0.0520290032029152 0.048792777210474 0.0547697264701128 0.0608058322221041 0.0543199572712183 0.053499187156558 0.0499984141439199 0.0480229623615742 0.0548198778182268 0.0449152175337076 0.0428563758730888 0.0248188391327858 0.0420781787484884 0.0416316568851471 0.0398277442902327 0.0296730739995837 0.0539342749863863 0.0360148891806602 0.0220135744661093 0.0209454048424959 0.0311612620949745
0.120740474015474 0.085093892365694 0.0916786149144173 0.0808690428733826 0.0795049384236336 0.0805960275232792 0.0801092304289341 0.078964526206255 0.159617328643799 0.0801092937588692 0.0756126504391432 0.0688254680484533 0.0645480915904045 0.0652397446334362 0.0664693921804428 0.0611913505941629 0.0622768178582191 0.0634604677557945 0.0579099237918854 0.0626091714948416 0.161091303825378 0.0833693027496338 0.0611730806529522 0.0581631556153297 0.0573827862739563 0.0452018402516842 0.0518058728426695 0.0481132682412863 0.048410714045167 0.0467598136514425 0.0383501794189215 0.0488027114421129 0.0458389412611723 0.123644287139177 0.0478295501321554 0.0216107686981559 0.0271508237347007 0.0289873175323009 0.0412126950919628 0.0409618396311998 0.0379282645881176 0.0387576445937157 0.0376520875841379 0.0383451700210571 0.0340671174228191 0.0469205785542727
0.0996513679623604 0.0941236324608326 0.104494538158178 0.0747298397123814 0.105181864649057 0.0812248848378658 0.111919145286083 0.0828900024294853 0.0747205920517445 0.0813272438943386 0.0747726261615753 0.0705391094088554 0.0675475783646107 0.0976523466408253 0.0702063594013453 0.0652962997555733 0.0643594305962324 0.11521317884326 0.107414089143276 0.102680943906307 0.0794817708432674 0.0630057167261839 0.039945649728179 0.0712030299007893 0.0692510407418013 0.0578146073967218 0.0545832961797714 0.0518686674535275 0.0524493057280779 0.0523751247674227 0.0497653052210808 0.0785277593880892 0.0455912612378597 0.0586722444742918 0.0329480398446321 0.0472566928714514 0.0264564860612154 0.0429328992962837 0.0410521108657122 0.0412854500114918 0.0408633507788181 0.0479046858847141 0.0228786813095212 0.0196529023349285 0.0254175895825028 0.0341735765337944
0.106240601837635 0.0736044719815254 0.112129704654217 0.100121650099754 0.102218102663755 0.0737816490232945 0.0750661604106426 0.0739430733025074 0.0727005124092102 0.134369246661663 0.0897557936608791 0.0890562228858471 0.069927391409874 0.0652706958353519 0.0758749738335609 0.0645904883742332 0.0611190550029278 0.0803191840648651 0.105894231796265 0.0660081412643194 0.0654652960598469 0.0642627231776714 0.0509296629577875 0.150044703483582 0.0617089848965406 0.0605668652802706 0.0609107986092567 0.0821516707539558 0.0629814635962248 0.0700580574572086 0.0503997545689344 0.0454191215336323 0.0337035806849599 0.0427528254687786 0.0250788072124124 0.02847602032125 0.0632580306380987 0.0414654180407524 0.042885360494256 0.0430694218724966 0.0424860905855894 0.0357535593211651 0.0429076623171568 0.0273772370070219 0.036964831314981 0.0350242931395769
0.133109407126904 0.115236089378595 0.127327274531126 0.112726920843124 0.100861307233572 0.0718207232654095 0.0722104333341122 0.0715511813759804 0.102010785788298 0.0686838611960411 0.0706200465559959 0.118003596365452 0.0726147308945656 0.065132874250412 0.0644701261073351 0.0640610080212355 0.0551028795540333 0.0960137188434601 0.082035680860281 0.0868778817355633 0.0655723996460438 0.0659385029226542 0.0905756533145905 0.0650432176887989 0.0639569312334061 0.0671794530004263 0.0796656206250191 0.107851333171129 0.0597971267998219 0.0748442947864532 0.0443769242614508 0.137836230546236 0.0532330650836229 0.055207746848464 0.0337513901293278 0.0471287805587053 0.0412409693002701 0.0546621445566416 0.047655238583684 0.0430564664304256 0.0435185801237822 0.0662064023315907 0.06221858933568 0.0399847630411386 0.0365403167903423 0.0358189398422837
0.0999053604900837 0.0586401205509901 0.0577700845897198 0.114871373772621 0.0690308727324009 0.0704545073211193 0.093444174528122 0.0697358205914497 0.101059870421886 0.0674593288451433 0.0679103352129459 0.0681992251425982 0.0663879971951246 0.0648329567164183 0.062888740748167 0.117967016249895 0.101286173611879 0.068736008554697 0.0724133666604757 0.0668660689145327 0.0667493812739849 0.0549416281282902 0.103040187060833 0.105746519565582 0.0984003476798534 0.0651264201849699 0.0621884968131781 0.0571039520204067 0.0541716177016497 0.0654451005160809 0.143988081067801 0.384545773267746 0.145533603429794 0.0568671692162752 0.0524528801441193 0.0427945349365473 0.0629858892410994 0.0631383378058672 0.0563711691647768 0.0570172522217035 0.0415320552885532 0.0680070638656616 0.0441060274839401 0.0433046076446772 0.039865567535162 0.0381463460624218
0.0984011508524418 0.113670631498098 0.0820459447801113 0.0631545163691044 0.0969925209879875 0.0682317513972521 0.112173377722502 0.0678203299641609 0.0675145160406828 0.0675608977675438 0.0882743529975414 0.0908485189080238 0.0621362488716841 0.107475732266903 0.0550622835755348 0.0579868961125612 0.074392369389534 0.0805409781634808 0.0635452259331942 0.0649777807295322 0.0661498613655567 0.0740912780165672 0.0959575727581978 0.0658093869686127 0.0734443299472332 0.0496693342924118 0.0617962565273047 0.0635593816637993 0.0778261624276638 0.0637368530035019 0.0941479362547398 0.0578598726540804 0.037115653604269 0.0411852605640888 0.0844088971614838 0.047983917221427 0.0453633777797222 0.04681212939322 0.0471363134682179 0.145122297108173 0.0506954703480005 0.0461677242070436 0.0466013662517071 0.0454207971692085 0.0433811008930206 0.041065987944603
0.0824144035577774 0.05216367803514 0.0418249994516373 0.143974012136459 0.078037890791893 0.12680299654603 0.157208928465843 0.0709085762500763 0.0710542879998684 0.11617698520422 0.0831227771937847 0.0598264452069998 0.0738097965717316 0.103433043509722 0.0607304114848375 0.0537465874105692 0.0880257569253445 0.0862688548862934 0.0601314660161734 0.0623543106019497 0.137724520266056 0.191422420740128 0.0846254430711269 0.0616642352193594 0.06173713542521 0.059821592271328 0.0569794546812773 0.0571439761668444 0.054468034952879 0.0738462157547474 0.0674468189477921 0.0295285990461707 0.0240329379215837 0.0653967570513487 0.0516657683998346 0.0452078364789486 0.0782803982496262 0.0491433542221785 0.0492426231503487 0.0909434676170349 0.0880302168428898 0.0474033117294312 0.0463576447218657 0.0449959456920624 0.043908378854394 0.0422871522605419
0.0908257089555264 0.107049352675676 0.0881031863391399 0.0597415506839752 0.0997860290110111 0.129097781330347 0.309848147630692 0.0577497359365225 0.0785329021513462 0.0731485247612 0.0434956524521112 0.0390359299257398 0.0545916501432657 0.0690561633557081 0.0692469265311956 0.0538555145263672 0.0723522290587425 0.0741340905427933 0.0596761450171471 0.060609270632267 0.105864807963371 0.0529130659997463 0.0617117367684841 0.0584516681730747 0.0928893558681011 0.0552313167601824 0.108422585576773 0.0645177643746138 0.0630823861807585 0.0520703446120024 0.0517984353005886 0.0866093136370182 0.0602798331528902 0.0783627182245255 0.0704541645944119 0.074626237899065 0.0871710173785687 0.0515616562217474 0.0526569645851851 0.0656503546983004 0.0635945569723844 0.0470847308635712 0.09262675344944 0.0703327812254429 0.0438371494412422 0.0426700595766306
0.0803671851754189 0.061923461034894 0.125042017549276 0.0453173074871302 0.0593174926936626 0.312819719314575 0.0529127012938261 0.0300890926271677 0.0988512732088566 0.0952485725283623 0.0496631849557161 0.0526721689850092 0.0516460068523884 0.0633754875510931 0.0847620330750942 0.0705034174025059 0.0621463380753994 0.0546652436256409 0.0571722652763128 0.0820611655712128 0.0918318539857864 0.0598959557712078 0.0809415623545647 0.0796606667339802 0.077624686807394 0.0638213343918324 0.0756421089172363 0.0510154321789742 0.0508674040436745 0.0510699424892664 0.0499493286013603 0.0510731052607298 0.0500678360462189 0.0495960175991058 0.0500969301909208 0.0284600235521793 0.0855594746768475 0.0880370557308197 0.0566463943570852 0.0707262866199017 0.0502791967242956 0.0483099367469549 0.045466910675168 0.0652271002531052 0.0443307783454657 0.0420089568942785
0.120263780653477 0.0871299959719181 0.153824661672115 0.0701686386018991 0.0712753988802433 0.0690494634211063 0.129396034777164 0.0590593993663788 0.06130799241364 0.0299816926941276 0.107258092612028 0.041759180277586 0.0396782647818327 0.157179434597492 0.292610010504723 0.142587120831013 0.0299084467813373 0.0558037977665663 0.0563902657479048 0.100541310012341 0.0550939757376909 0.0709970116615295 0.0658937208354473 0.0539489902555943 0.0795163758099079 0.0511495303362608 0.0504089821130037 0.0496155232191086 0.0495867967605591 0.0809619419276714 0.0507737167179585 0.0792756583541632 0.0647416062653065 0.04972671456635 0.0493636105209589 0.0751625392585993 0.0542076002806425 0.0769336603581905 0.0356591442599893 0.0507420662790537 0.0582526441663504 0.0696787122637033 0.0592058278620243 0.140931545197964 0.0935861356556416 0.040184922888875
0.106136799603701 0.091784854978323 0.110587495565414 0.056715689972043 0.0472278274595737 0.0707597248256207 0.0452262584120035 0.0515586711466312 0.0936749376356602 0.034476432017982 0.0596984811127186 0.0654841460287571 0.0572275783866644 0.0669129461050034 0.0454397562891245 0.0793688677251339 0.0556073017418385 0.0899420857429504 0.0777912296354771 0.104269952327013 0.0741528663784266 0.0655699845403433 0.0529451560229063 0.0528398998081684 0.0517962127923965 0.0504717648029327 0.049444717913866 0.0477265041321516 0.0477399624884129 0.0656150374561548 0.0592528507113457 0.104330122470856 0.0745915122330189 0.0690764717757702 0.0519440814852715 0.0521084830164909 0.0914066724479198 0.0749211020767689 0.0429621733725071 0.0915012508630753 0.0785149790346622 0.0263576351106167 0.0242946473881602 0.0368042804300785 0.21381837874651 0.196200288832188
0.131344382464886 0.0737536951899529 0.0741563513875008 0.0730394251644611 0.0740842420607805 0.0708559311926365 0.069131051748991 0.0432179115712643 0.0677498809993267 0.0396600976586342 0.104165380448103 0.0559379488229752 0.123515349626541 0.0527798935770988 0.070716679468751 0.0526845257729292 0.0568458192050457 0.0726840570569038 0.0581879284232855 0.0793692469596863 0.0791986607015133 0.066076785326004 0.0511679135262966 0.0508106626570225 0.0505459289997816 0.0609192788600922 0.0454551171511412 0.0491568934172392 0.04718375839293 0.0535400360822678 0.0466661628335714 0.049167225509882 0.0503337264060974 0.0507003266364336 0.0579802043735981 0.0500159233808517 0.0503035232424736 0.0499122120440006 0.0476939599961042 0.179603350162506 0.047686867788434 0.0464251074939966 0.0431421995162964 0.0452174134552479 0.0851344116032124 0.0659458395093679
0.0817162290215492 0.0703737750649452 0.0697596073150635 0.0633127640932798 0.0637155413627624 0.0656040456146002 0.0578211829066277 0.243023423850536 0.0599870122969151 0.0616830933839083 0.0600739240646362 0.0582695137709379 0.111184905469418 0.0641997236758471 0.0572102576494217 0.054972805455327 0.0574266821146011 0.0653135702013969 0.0935925759375095 0.0616881631314754 0.0808746576309204 0.206285652518272 0.112978496402502 0.153103475272655 0.158647176623344 0.070880626887083 0.0475096419453621 0.0564325276762247 0.0704708136618137 0.177292266488075 0.102147357910872 0.0492512475699186 0.0500638764351606 0.0495279610157013 0.0501655213534832 0.0497541405260563 0.0493863571435213 0.047404845058918 0.0705050997436047 0.109979601204395 0.119130475819111 0.105836630612612 0.0898306712508202 0.0425091329962015 0.0911455228924751 0.308813470602036
0.0743501350283623 0.0686157453805208 0.0612716902047396 0.0595701467245817 0.0599561180919409 0.0594493713229895 0.0567287065088749 0.116907804459333 0.0564701449126005 0.0607023790478706 0.0610543929040432 0.0600804667919874 0.0615499164909124 0.0622356683015823 0.104358756542206 0.116391725093126 0.105037362128496 0.0631289947777987 0.103802954405546 0.0762617386877537 0.0548073679208756 0.116373586654663 0.156496721506119 0.238223172724247 0.304925802350044 0.09596027135849 0.0490359522402287 0.0823993943631649 0.0479540769010782 0.0902854032814503 0.071663087233901 0.0500029094517231 0.0801211960613728 0.0516354121267796 0.0491879861801863 0.0471562694758177 0.0979767099022865 0.0607542499899864 0.0434678867459297 0.0430846232920885 0.0872090853750706 0.156449954211712 0.15230984389782 0.0896485827863216 0.0913667663931847 0.0755523808300495
0.0702875323593617 0.0655447296798229 0.0647708814591169 0.0601973630487919 0.0600665431469679 0.0590522844344378 0.0561840433627367 0.0552665866911411 0.0554777443408966 0.0587314445525408 0.0608184617012739 0.0598552163690329 0.0584932334721088 0.0671246014535427 0.0909498691558838 0.0911473579704762 0.0641947153955698 0.0646378990262747 0.0555309250950813 0.0556809522211552 0.0559190720319748 0.0562692694365978 0.0556338522583246 0.0556065760552883 0.070678249001503 0.0709953147917986 0.050411918386817 0.09203792065382 0.0486870866268873 0.048844825103879 0.0494794078171253 0.0501709453761578 0.0509854901582003 0.0501403156667948 0.0489342290908098 0.0458686113357544 0.0865166574716568 0.136026553809643 0.0683855053037405 0.0430594876408577 0.0896861702203751 0.0820280991494656 0.192431136965752 0.229359024763107 0.0415989324450493 0.0739963568747044
0.0703578568994999 0.066689482703805 0.0655915834009647 0.0645706437528133 0.0617217522114515 0.0582039795815945 0.0567017573863268 0.0563433848321438 0.0563299112021923 0.0565461404621601 0.100626423954964 0.0577462572604418 0.0554716717451811 0.0856120206415653 0.312453037500381 0.204324349761009 0.0546301960945129 0.0555969897657633 0.0527205191552639 0.0536381088197231 0.0562149669975042 0.0543158944696188 0.0547786019742489 0.0548298329114914 0.0645111802965403 0.0724701218307018 0.0506198085844517 0.0508842654526234 0.0509208761155605 0.0494094207882881 0.0481741465628147 0.0508839812129736 0.0518555622547865 0.0622914273291826 0.0455076303333044 0.0457112390547991 0.0446069728583097 0.0848518460988998 0.0873217575252056 0.102592681348324 0.318680956959724 0.384480682015419 0.213462038338184 0.115991201251745 0.11945833787322 0.120051094889641
