Maxent_result_files_1/Bombus_handlirschianus_3.asc
NCOLS 594 
NROWS 330 
XLLCORNER -15 
YLLCORNER 23 
CELLSIZE 0.166666666666667 
NODATA_value -9999 
[rows 80 to 99 of 330, columns 540 to 584 of 594]
2.81148833547462e-08 1.95223019416879e-08 5.35880873009376e-09 8.5156143936338e-08 6.05347843296577e-08 5.28980538261337e-09 6.49661332507989e-09 6.60240903838094e-08 1.22047062800501e-07 1.42427116478494e-07 1.25363681180435e-07 2.34186172376472e-07 1.66239105336974e-07 8.82811768132541e-10 2.85312125036796e-08 1.20410067139254e-08 2.533458609566e-08 1.05592072530136e-08 5.57796152822476e-08 4.22062755489616e-07 2.44893372580712e-08 2.75238335900596e-08 2.39954406455745e-08 1.69276919153027e-06 7.71760920867948e-06 4.08597924950183e-07 5.34807217733579e-08 4.99263546616113e-08 5.04272088530655e-09 1.79201249395078e-09 1.27185769693838e-08 7.21437224404653e-09 1.34566179310625e-08 1.3156671363479e-08 1.57460595895387e-08 6.21612509243974e-09 2.1820417361873e-09 3.01370139954571e-10 4.78271644510642e-11 3.35501354475909e-09 1.41303791523217e-07 1.04528689148786e-08 1.89760601676525e-09 3.36735972439328e-11 3.81848996866552e-12
6.23922717490899e-08 1.41075221327114e-07 5.10212877091742e-07 2.24775100760022e-06 4.09465056039338e-07 2.87667815457304e-08 2.7928077095396e-08 1.24584853944398e-07 1.57644178822025e-08 9.70225652041634e-08 4.28680745345744e-08 1.23915931404817e-08 1.08942714960314e-08 4.00248549414783e-08 4.48178020251433e-08 3.48109730929913e-08 2.76303080637419e-08 4.69734587893456e-09 7.66829477694131e-10 3.31482841509079e-08 6.04821332694794e-07 1.55014371054918e-06 2.50548373632142e-05 4.44167986941579e-06 6.64514305857011e-06 2.95033421963353e-05 7.58492257890708e-08 2.10086699061751e-06 4.95029443503547e-07 9.83147924182859e-09 5.29076704114395e-08 3.24460046718933e-08 9.24775293009716e-09 8.08948222852379e-09 1.08368054974051e-08 2.63969297786826e-07 4.52652204607773e-10 6.11198536226709e-11 1.14322928901345e-10 5.67595526135278e-11 8.27059853936163e-10 3.36489037744414e-09 6.00984040310948e-11 7.3913875020537e-12 1.02398423074135e-11
1.74389174572021e-06 8.10398462740558e-06 6.31942538253938e-07 5.59977980807425e-07 3.78977889392562e-07 3.2829370086862e-07 3.90420978435557e-08 8.8226980166084e-09 2.69960424903459e-08 4.35948875554537e-08 1.33221925802118e-07 3.04910246007317e-07 2.0353240570703e-08 5.30290530709188e-08 1.21994960078364e-07 2.96896141116498e-08 1.37872421923646e-08 1.32196356417147e-08 1.37468121219619e-08 2.48566848215503e-08 1.10021103649771e-06 3.21951337781456e-05 2.5312617898976e-05 5.33823075521411e-06 2.54979759958474e-05 4.98987703245746e-06 5.55320091777389e-07 9.31794632474947e-07 2.23456126803967e-05 1.74686109033928e-05 3.46128186095029e-06 1.24597937967152e-06 2.66111118989443e-06 7.26537121908954e-08 3.15081487323177e-07 2.48410298686608e-06 4.74813720119371e-08 1.2175572206008e-08 1.88628013209069e-10 1.7948711406035e-10 1.89633864167149e-12 1.03755670721739e-11 4.11660039389972e-11 2.06210604147827e-12 5.48445733272729e-12
1.36275494468929e-06 5.8655639315619e-07 2.75108497582721e-07 1.55250301170362e-08 4.41607430290425e-08 2.03597006365186e-08 1.49234864676995e-07 1.16701193789703e-06 7.89337808315693e-07 1.17581532066424e-08 1.89495375169102e-08 4.02660362608387e-08 4.66884146899105e-08 2.29631899506533e-07 3.81355623302326e-08 3.39205611932236e-08 2.10218054297329e-08 1.89976309683537e-08 6.86126349402905e-08 1.62242629162535e-06 2.30241825271982e-08 4.37752825099835e-08 6.09692038056053e-07 9.8430964783347e-06 2.58166155504114e-05 7.02820291849093e-06 1.92798795026761e-06 1.49714379782395e-07 2.08073097613948e-06 1.20165572150555e-06 4.13382865822598e-06 2.61143288497578e-05 2.11512096086608e-05 1.22488415755129e-05 1.92227973574433e-06 1.21752215542781e-07 2.20523670435568e-09 7.524049827623e-10 7.42195749303676e-10 1.07877029531522e-10 1.25900637693022e-09 1.10378994833127e-10 1.39546596500395e-11 1.30123913866242e-09 7.06846360332136e-09
4.85474113331996e-07 3.65194552487402e-08 1.67083174140714e-07 3.40800286546816e-08 5.80815474506835e-06 5.00757941530594e-06 5.40578948289294e-06 4.93934494443238e-05 9.97936158881885e-06 1.19867966485998e-07 2.47227422345286e-07 6.35869514509224e-07 1.40824739642831e-06 7.8523840978395e-07 7.29507710550692e-07 2.34926935549495e-07 1.69243886016801e-08 3.1140545608821e-08 5.46903089482242e-10 5.02345120623193e-07 7.79648968709523e-06 6.99252018989682e-06 9.3162021400417e-06 5.75714133290717e-06 1.0805523449342e-06 2.80829825527462e-06 5.81314073144767e-07 6.13663154092059e-07 8.79137173459554e-07 1.51157156247361e-07 7.20303585666215e-09 1.09810357407092e-07 6.92580961736411e-07 1.64937956881328e-07 3.17063453270094e-10 3.51654908081756e-08 1.90829791635316e-08 1.19147025579025e-08 1.88839593961987e-09 1.128651129223e-08 5.76507783733859e-09 2.07575101551782e-09 2.34206987137497e-11 2.01379246611566e-11 5.47761144220615e-09
4.63000883776932e-07 8.73109865962007e-08 1.32021540033556e-07 4.26317942014975e-06 1.77981595143706e-05 5.52170459897638e-06 3.79568490167514e-06 2.31597924482685e-06 6.70608466535327e-09 1.64890394893646e-06 5.28290080836769e-05 4.14406187392302e-06 1.51422393912526e-05 8.95115969569815e-05 1.35571918633559e-05 9.51718008534996e-07 1.35217601440196e-06 1.58850830822566e-06 5.24484917718837e-09 2.24309891105889e-08 1.99254766020118e-08 4.4305329133465e-06 2.66751131590581e-05 1.6586788321149e-05 1.6922738668157e-06 1.08924157764534e-06 5.55239445532152e-09 4.39678787822473e-08 2.21435053393559e-07 1.81496778350887e-07 9.86996023799591e-08 2.84961133700801e-07 1.21734670122109e-09 4.72367367443383e-10 2.51630341785436e-08 6.35202107579502e-09 2.14695655698094e-09 3.13303303967061e-08 3.55227602888419e-10 3.2988224374364e-10 1.7138755636914e-09 1.70026316359539e-08 1.36084501223266e-08 2.05119077278937e-10 7.04456493139105e-12
1.21076295800382e-07 4.75079642958676e-07 4.11789125498441e-07 1.3241368268524e-06 1.96214524939009e-07 8.79894256233804e-08 2.58365880601019e-07 3.62813342995594e-06 5.87633870807736e-06 1.85239886576483e-06 1.46387722409713e-05 1.26298984696405e-05 2.53164698051478e-05 2.51844960530434e-05 1.35840287214251e-05 2.94606030735167e-06 9.6782652136973e-07 5.09508307544593e-08 1.99758730810018e-06 2.50823594893923e-08 3.53293352119977e-06 2.27813239472852e-07 8.03783454639273e-07 1.897283105734e-06 8.51940732982115e-07 2.20552086194203e-07 2.01384028897245e-07 1.47140299278092e-07 3.97593477363678e-08 3.56516467459045e-09 1.00317111284554e-09 4.21306394216003e-09 5.63902329941968e-08 1.60897196677112e-09 1.52119600249634e-09 1.05748838574726e-09 7.59028417895991e-10 4.1574963471902e-10 1.11961884208256e-10 4.27516910761483e-12 3.91372934060996e-11 3.20956192734201e-09 1.13640286958372e-08 2.00926564275505e-10 1.70850055547511e-08
4.13998168524721e-08 3.19736201204179e-07 3.08312843078085e-07 7.51858909353587e-08 8.35198209259147e-07 4.24901044016046e-08 2.07756304559936e-07 1.47889408825819e-06 1.14047958454933e-06 1.97067397955664e-08 4.09207291198754e-06 1.56054248312554e-07 1.89762565216967e-07 2.78666056559018e-06 6.7305141371321e-08 3.43603446362195e-07 4.75838619617974e-09 4.39092729953572e-08 1.73201935282918e-06 3.08989894781675e-08 1.6497903025936e-06 5.84581056406464e-07 2.92015179041982e-06 5.05188480417473e-06 8.13932363641356e-07 1.18896856795558e-06 1.88773299889533e-06 2.80625868542828e-08 1.65257695305954e-09 8.83499939874355e-12 4.00436761527345e-10 2.42214959200737e-10 1.08593822822911e-10 1.73260072955372e-11 6.56902643392243e-11 2.23923957154426e-10 3.74584585571824e-11 3.73323594260455e-11 4.13456269221513e-11 2.70271471869421e-11 1.3656265007711e-11 2.08676631530125e-11 5.88356585673466e-11 5.30339772097932e-11 9.60569688235324e-09
2.51877813828294e-08 2.87757727090998e-08 4.71976413471964e-06 9.40982160724246e-07 2.51150780403719e-06 1.95606311259588e-07 2.56598808867636e-09 2.99277680415599e-09 3.379936464043e-09 4.80219206511201e-08 8.82202480512184e-08 9.01704657163549e-08 8.28696765875492e-08 2.0543568306497e-07 5.92626090423209e-07 2.26327112007318e-07 9.55060819762821e-08 2.19444681892611e-07 4.67450071872655e-08 2.90732726426768e-07 2.77382559144002e-09 1.99269383394096e-07 4.52169764031396e-07 4.71672344417584e-06 1.28214161154716e-07 3.48397731357863e-06 9.91279845763415e-08 1.41987493051943e-06 2.4503513578189e-07 2.11860606835756e-10 4.96837015973028e-12 1.95716554074465e-11 1.90063853544586e-11 1.66301861170837e-11 1.19097842699034e-11 8.13308642655386e-11 4.64989158288631e-12 7.13691328257937e-12 2.85315104875394e-12 4.67375027568551e-12 5.00187669061347e-12 7.17776948988558e-12 1.89871118827512e-11 2.67369792972261e-11 9.48952028068106e-12
1.57568770875471e-07 2.68910574585668e-08 3.34194087403539e-08 3.25554852054211e-06 0.000218911806996402 1.65563418704551e-05 8.96958868601416e-07 5.48538123190667e-07 3.54911059652352e-08 5.94124317776501e-07 6.75069559141761e-09 2.11756485124504e-08 1.90630556895499e-09 4.15467951420112e-07 7.80138078360082e-08 1.52523262775262e-07 1.70309061857665e-06 4.11699783420261e-07 2.33484652056859e-07 5.24242300485867e-06 2.35076806660572e-06 7.11832264244094e-09 1.16961002882832e-08 1.17929251142179e-08 1.11396648905249e-08 8.96116398640956e-08 1.95578317763179e-08 8.81347761438889e-10 2.53883547518541e-10 1.83828952060594e-11 2.04737227171847e-11 1.7071266622537e-11 1.60578661478894e-11 1.75278014324931e-11 2.20997997679717e-11 2.69187783175084e-11 4.91602314411921e-12 4.36247704627135e-12 1.03779207449861e-11 2.03970729195646e-11 1.86240578514685e-11 1.73291492266969e-11 1.91012428096826e-11 2.09660289129943e-11 1.88341675588788e-11
1.27094384176019e-05 9.06127907214227e-06 5.14701346887581e-07 4.81163588439415e-07 2.60113224204161e-07 4.16948557173669e-06 1.19417098460417e-05 1.42544134803302e-05 6.35292043860147e-07 3.42115443494606e-06 1.57444082338198e-07 5.62233809731083e-08 6.7304272715063e-07 1.36948424733774e-07 4.44871838700678e-08 1.29623686184743e-07 5.21983024026618e-08 1.73251845154709e-06 1.6904141538987e-06 3.39768989547906e-06 2.22365438595773e-06 7.82914105101895e-08 1.18457036579755e-07 1.18597089926453e-09 1.9410809293241e-09 1.27799754912061e-07 8.06951337972706e-09 1.44845024863116e-11 7.07103264829811e-12 3.27308180558816e-12 8.16372525136444e-12 1.3474166227212e-11 6.54024834290112e-11 3.19752446742427e-11 4.63804550321356e-12 1.72746261739576e-11 3.05308889281264e-11 1.39566025403326e-11 2.17988183059958e-11 2.09663730821319e-11 3.3747227234926e-12 1.92138194243796e-11 2.43318254433689e-11 1.82202697374123e-11 2.28325247597638e-11
1.1628120977214e-06 5.66083419499819e-06 1.44670147520287e-05 1.80660340760141e-05 2.09517715575203e-05 5.98193094702992e-06 5.93153168892968e-06 4.64804932320817e-07 7.0584167559673e-06 3.79862011534726e-07 4.26441616196982e-06 6.54828166402055e-07 8.30647120331207e-07 2.81983857330914e-07 1.77249873658525e-06 4.848961263626e-08 8.67812776306209e-08 1.22856002864324e-06 1.64907280755244e-06 1.99534995477535e-06 3.08098707990645e-08 3.84245076601175e-07 3.71343338967378e-08 1.7417662463437e-07 2.93778724347327e-08 2.28894225129395e-08 1.44989530381778e-09 4.87445417363119e-11 4.32033075981053e-11 3.029987505343e-09 4.7829386951026e-08 3.53455844592787e-09 1.80020082174437e-09 1.95928318014182e-10 3.65749208697252e-11 3.10546921511445e-11 4.23467483301465e-11 2.26269336600637e-11 3.10250714008475e-12 9.88478188190811e-12 6.55331344745491e-12 1.78199799361067e-10 3.64975383249089e-11 1.18872356402733e-11 3.93172709944878e-09
5.16932572036666e-07 1.12454301529397e-05 1.26733836349757e-06 1.45846941634886e-05 3.14195241799098e-05 1.13451059746694e-05 1.30776545205435e-05 1.80566495345147e-05 1.22974484924043e-06 3.63464111874379e-07 1.13574007428952e-05 1.22117697678448e-06 9.26771715796804e-06 2.26403937375608e-06 6.04957127947614e-07 1.8412672000423e-06 3.16771524637716e-06 4.88941078558014e-06 3.29298076007234e-07 2.0943147765351e-06 3.2006871581558e-06 3.36139233958477e-07 4.72562166997648e-06 6.06354592425085e-08 4.22624188201048e-08 8.83817909747009e-08 2.81877574792588e-07 8.93458943940217e-08 1.4942155517339e-07 1.41868542025136e-08 1.64672723590442e-07 1.58856933429874e-07 1.3633877228969e-06 1.50544463473068e-07 1.09469222575598e-10 1.03570176879231e-09 1.64424183712875e-08 5.86103804378624e-09 6.86631862478748e-12 9.82494308132686e-11 1.35117428357034e-10 1.72768497286313e-09 1.27282229200887e-10 1.77937585044141e-07 1.30713671075977e-07
1.19431051217589e-05 2.2547246379645e-05 6.31358412874761e-06 2.11680998290831e-05 2.09185523715405e-05 6.87170910396162e-05 0.000180335301047307 2.28738075577439e-05 1.33007173786837e-05 4.397611901652e-06 1.2231854313427e-05 7.5370256467977e-06 5.73746308631939e-06 1.37889299409721e-05 4.55294808574536e-06 8.71731514706653e-06 1.98262170378882e-06 4.7329819217623e-06 1.69464515806794e-06 2.78232807247036e-06 2.43621796114368e-07 2.31399824173195e-06 5.09526234715452e-07 4.83869323986141e-07 1.82804073745046e-06 5.2108072579049e-08 3.83160538852678e-09 2.06641638875737e-06 4.01576899307088e-06 1.61504711302385e-06 3.20010870535903e-07 1.96446954814355e-08 1.79317786699329e-06 1.74013245448634e-06 2.59886080433702e-09 2.74958658064151e-09 1.92842323443188e-08 5.72486436034581e-10 1.06787567677458e-09 5.26107379883456e-11 3.1599294292306e-10 4.71382993749714e-09 2.49072669711303e-08 1.05599431998726e-07 3.52639304423974e-08
2.55918881975958e-05 2.13589811778547e-05 2.38942872783809e-05 4.84517306176713e-05 7.43082748613233e-06 2.74610421911348e-05 0.000151804931829247 5.35812936561797e-06 0.000332038040141924 1.97258077491824e-05 3.73308164114405e-06 2.0085110418222e-05 4.31340444492889e-05 6.02255848747291e-06 8.48052857236326e-06 6.32106978741831e-06 3.48590281973316e-06 4.16086551524586e-06 3.90519974331482e-06 5.14616995275219e-06 5.08278358921643e-06 2.62776055883762e-06 3.94579784046556e-07 3.47501953228857e-05 3.05607698365407e-06 1.33738516927551e-09 1.75547053560265e-09 6.68775155698853e-08 4.20137181711411e-09 2.98049296354463e-10 2.62174959519967e-10 4.12000949800984e-08 2.23043550739987e-07 2.91545248316538e-06 2.90236012787659e-06 1.44653284017693e-08 6.22190852173077e-09 3.15075432411049e-10 3.48769690905471e-10 1.29763443323938e-09 1.28157123358008e-08 3.16290290625076e-09 6.49496473270617e-09 1.5579079248873e-08 1.64982870076713e-07
2.0944681864421e-06 1.90496226935011e-06 9.72577845459455e-06 4.87845837682244e-06 0.000173664377143723 0.00041784762761381 7.20438168173132e-05 0.00011401789579395 2.71816175029471e-05 8.73566217620691e-06 5.53734209916001e-06 7.86733936442019e-08 1.11398404323282e-07 2.59425674276059e-07 4.09201198152687e-06 6.88001173401176e-06 1.70545984889969e-08 5.89150364160851e-08 4.0141373003344e-09 7.02156376264362e-08 7.37928296246082e-10 9.99200278073431e-11 7.44689241072294e-07 4.2460067519734e-07 2.1602527544573e-10 1.95716920448064e-10 2.9871641826773e-10 5.04061237194264e-11 2.07726269518815e-10 1.03844921550689e-10 1.08332049886251e-08 9.2121873880302e-07 4.12768368907024e-07 3.60523016218473e-08 7.5782084829612e-09 5.98712703303583e-08 1.75758859688457e-09 9.41999345194233e-10 2.46609899168249e-10 5.70809427502539e-09 1.06471421679188e-08 1.51023799355166e-08 5.62872413167881e-07 7.90336773692779e-08 1.62780614658686e-06
1.24323863133213e-05 0.000353986594200251 2.12713221060312e-05 5.39483848456257e-06 0.000627459444513079 0.00126734436198603 0.000104178623587359 0.00130767796363216 7.98684018548101e-06 5.21014138943343e-08 4.26074554860101e-08 4.04595248255646e-05 2.28942240710239e-05 1.30222774008537e-08 1.57650574150736e-08 8.46688521249916e-07 3.78237580145324e-09 3.57267437856024e-10 2.5488078314595e-11 4.8665238505663e-11 6.02630056967257e-11 6.43644582076774e-11 1.55069956875309e-11 2.72796008005116e-11 1.51410994853052e-11 3.20493998007265e-10 1.91933843263214e-08 8.60206581521084e-09 6.15033390771735e-08 5.64411896109007e-09 3.65649384104216e-09 5.6069355824917e-10 2.7324034812537e-09 1.31367529077053e-09 5.03242194298537e-06 4.84504436570887e-10 1.63317018131437e-08 2.586318381681e-10 1.24861441186397e-09 6.99039592877426e-10 4.04884064608702e-08 1.60848766750377e-07 2.54206880767605e-08 7.14809982427234e-08 3.02566160681472e-08
1.99352122853824e-07 5.86843528793679e-06 2.52051954294785e-06 1.81951449285123e-07 2.99284973359626e-08 7.31120413766107e-08 2.38306971933611e-09 1.26504586805964e-09 4.89654876645318e-09 4.03546895566542e-08 9.58124755090495e-09 3.38775794084256e-09 3.88434964193607e-09 3.20865090053246e-10 1.09191522490448e-10 4.19454299072086e-09 7.99665091921753e-09 8.81610351388673e-10 6.94531565592627e-10 5.25815113672223e-10 3.31550809029579e-10 1.07306719066003e-10 1.88554505342609e-11 3.63606811326633e-11 1.15364329200673e-10 1.42916718570696e-08 4.34796418535832e-08 2.1007460851763e-06 1.08325122738506e-07 4.58852831286549e-09 3.18249660260506e-06 4.75668811561469e-08 1.28012107225572e-07 6.04074616035177e-06 1.78599887590281e-07 1.71038871954465e-10 1.24767451925578e-10 6.33136868488648e-09 4.88554458000223e-09 4.6890784399789e-08 9.93328330700649e-09 6.14697688128274e-07 3.73950630105924e-07 1.04718263145287e-06 8.25286070238462e-06
4.38928711599118e-07 7.36161583958506e-07 1.60378969020769e-06 1.10614875392656e-07 1.35208681513177e-06 2.82176991106553e-08 2.84764017699501e-08 2.13335216159294e-09 9.09985053976214e-10 3.59146447026504e-09 1.97333263063371e-09 7.33382391482351e-09 8.44853584869298e-09 7.31908209594678e-09 8.26432811074085e-11 7.05545555312881e-10 9.55826531257031e-09 1.21978620537533e-09 2.73087061963828e-08 2.19906581833129e-10 3.44795296425282e-08 1.5511918749489e-09 7.58503038156277e-11 1.55312043670364e-08 3.08847650529742e-06 2.87269041265859e-07 5.41171337999913e-06 5.75194874699036e-06 0.000182190232681023 2.5694929313147e-07 1.37947010481199e-08 1.38682587440542e-06 7.5915060659959e-08 1.9137776973821e-06 1.66816781821399e-07 8.54420312279558e-11 2.83902990005913e-09 2.46697695605036e-10 5.16325415755858e-10 8.86924770293618e-09 4.47848464357747e-07 1.3667760140379e-05 6.77013274753335e-05 3.97438416968043e-06 3.91563193424815e-08
2.27273517960924e-07 2.03318490488158e-07 3.87773050469775e-07 6.88765668055424e-08 3.17489110468472e-07 3.43343430886378e-07 6.34293216172921e-08 1.9049824273587e-09 5.2679390738497e-09 9.2206208335277e-09 1.46693295288713e-09 4.9467178842022e-08 4.2995193960671e-09 1.83191108871217e-07 2.0596245454696e-07 2.08546924840292e-08 2.30706935777647e-09 1.04464614547606e-07 5.17021261359218e-09 2.1993940606535e-07 9.81778076614148e-09 3.44199935220502e-10 8.50212410474782e-09 4.86511583019933e-08 3.64995937616186e-06 7.61492530898522e-06 2.63654592174589e-05 4.94189719802307e-05 1.34189410658792e-05 7.85247723289473e-08 8.4901137009652e-09 7.34482086262034e-10 6.92374962918407e-09 2.99392230562745e-08 1.01753973025254e-08 4.17679083319911e-07 1.79739607863993e-08 5.20529837233497e-08 5.04277628010641e-07 7.55521195605624e-09 1.50351921024416e-08 1.2762037815417e-08 4.8854147394195e-10 1.1812241962339e-09 2.16655127172061e-10
