Maxent_result_files_1/Bombus_polaris_3.asc
NCOLS 594 
NROWS 330 
XLLCORNER -15 
YLLCORNER 23 
CELLSIZE 0.166666666666667 
NODATA_value -9999 
[rows 160 to 179 of 330, columns 264 to 307 of 594]
3.19841618647843e-05 1.48415257172019e-05 1.43368359090346e-05 1.55032881366424e-05 1.24937522912205e-05 1.35367912491802e-05 4.71664498604696e-06 2.07817913349118e-06 2.44470062682467e-07 1.6917258585103e-07 1.86982400975921e-06 6.21841648942301e-06 1.62875614705627e-05 3.0331554279428e-05 1.64869213989505e-05 1.35386092097178e-05 1.97824915233014e-05 8.22923585417357e-06 1.93083654949078e-05 1.16546766378178e-05 3.21970354093537e-06 3.0016290054391e-06 1.28075477064726e-05 5.50158876109208e-06 5.45746138172376e-05 2.17174193295477e-05 8.86414345586672e-06 2.60313431965642e-06 2.56638302005285e-06 2.98980304904717e-06 1.10632169452174e-05 1.27451187353245e-05 2.59849836226067e-06 2.55548864060984e-06 2.50057378821111e-06 2.42893342630168e-06 2.2855108554154e-06 2.11752038836721e-06 2.41647484102714e-06 2.49762622672733e-06 9.47292555224521e-06 9.14876269320075e-06 2.41044249520428e-06 2.34197413817583e-06
8.42082397980448e-06 1.80059126876131e-05 1.78973415074779e-05 1.28470783977264e-05 1.02510620791918e-05 5.77934944487879e-06 9.24364389902621e-06 1.3570952862807e-06 1.20623255828178e-08 2.59065537022707e-08 1.56210483847063e-06 2.91095345801295e-05 9.37918746330979e-06 3.9315551589425e-06 1.72905770739362e-05 1.93544956545111e-05 1.74286040987681e-05 2.11178709975002e-05 9.92394572847388e-06 1.51947759263749e-05 3.86668510401478e-06 2.78049108857203e-06 2.38547731328254e-06 2.43754445534705e-06 2.32458463074181e-06 2.37214378842054e-06 2.2821901850989e-06 2.26422148585925e-06 2.30198192383568e-06 2.30565506598168e-06 2.51270445659202e-06 1.17855051612992e-05 1.15437732318924e-05 5.53564733820622e-06 4.21818158002907e-06 1.39617126933445e-05 2.2005766912514e-05 4.82001171775437e-06 2.64580974018713e-06 2.51639019666072e-06 2.04611703011892e-06 2.53175955293727e-06 1.78126629393205e-06 2.03863640280133e-06
7.33715481828767e-05 1.31638483480856e-05 1.39059759987958e-05 6.84874890453102e-06 4.58453437772732e-06 9.79694492286853e-07 3.70023790594587e-06 1.84711225301726e-06 3.60592358195078e-08 3.66784703942358e-08 0.000312523330763526 1.0509439024986e-05 4.2676704964606e-06 6.2441000494573e-06 1.04595328423329e-05 1.16211683518941e-05 3.80950671399205e-06 3.92237630819636e-06 2.47367844679047e-06 4.7027109005171e-06 7.38615911529905e-05 2.32466124856501e-06 9.63804878608698e-06 2.25795986779076e-06 2.275929125517e-06 2.1941026389527e-06 5.44827488226929e-06 2.19429951329175e-06 8.38159691483043e-06 5.39348557140329e-06 5.37873063990446e-06 2.39884165580406e-06 2.35445290144298e-06 2.27763751894372e-06 1.35861896161771e-05 5.56248715483321e-05 6.91791399702879e-06 4.60711272367575e-06 2.00319138201621e-06 1.79429876041581e-06 1.81164765251651e-06 1.73577861275476e-06 1.03802844648726e-06 2.9465944066942e-06
7.45063298950299e-06 5.4857117015672e-05 2.17336811260793e-05 5.8875001781189e-05 2.1457545216208e-06 2.30145517491565e-05 4.69375824820872e-06 3.9813353800433e-06 1.80724251563902e-08 1.73388723889722e-07 2.092707689485e-05 1.36049717809783e-05 1.06359753175411e-05 9.21897443504349e-06 8.3839352242876e-06 3.07531353769264e-06 2.76412413171556e-06 2.42245094312921e-06 2.32707957223965e-06 1.90585168866164e-05 1.38820164238496e-05 2.09097584473739e-06 8.70563566763849e-06 3.43208736239831e-06 1.9918014970699e-06 1.98981583707791e-06 8.72592610718925e-06 8.27809669630142e-06 1.78119871847571e-06 2.00363874967024e-06 2.1135853998544e-06 2.12569591440115e-06 2.95025318450826e-06 1.21420364351366e-05 7.75945958793045e-06 2.57338104603377e-06 4.36418681246664e-06 6.04618034572013e-06 5.08870260418348e-06 1.6788582676952e-06 9.4814858044856e-07 1.68796972701557e-06 1.67266050894455e-06 3.56509011467665e-06
1.89485404632705e-05 1.61132746484327e-05 1.39297463874755e-06 2.1751609324383e-06 1.09252241259128e-05 1.15001248445878e-05 8.99478066571646e-06 5.0472714174532e-05 1.92536755946326e-06 1.48992039630258e-06 2.21191471737825e-05 2.01530616010359e-05 3.56048886942517e-06 1.85305347685016e-05 1.74336336954184e-05 1.22962464018883e-05 2.7284311087783e-06 2.41319130793727e-06 2.20034457782958e-06 1.97417275487055e-06 9.69133335715355e-06 5.07048986619907e-06 6.92762357559218e-06 1.72887046829828e-06 1.74886615837977e-06 6.90145417507893e-06 4.06754611077531e-06 1.73948111310551e-06 1.70351726680451e-06 1.82100986236833e-06 2.41894144963339e-06 1.79216502189661e-06 2.36435783371292e-05 2.38227628841514e-06 8.53425077451675e-06 1.58865964223764e-06 1.60629557015568e-06 5.66587933903406e-06 2.03019056925768e-06 4.98011945992971e-06 3.48274065373744e-06 8.69993801160263e-06 4.56472015457621e-06 1.21668959778276e-06
1.92347208098909e-05 7.87961701007589e-06 1.09080162616237e-05 9.26420865425825e-06 1.30991314676976e-05 7.26670780011318e-06 1.17726454618605e-05 1.76416834079873e-05 4.63394990163124e-05 2.39101478344939e-05 1.36914308399128e-05 1.13050844440465e-05 2.4084266584623e-06 2.51105087158976e-06 3.5547884948528e-06 2.77585207868469e-06 1.28276698347918e-06 9.5093698519122e-06 9.96582934220669e-07 1.42053729916825e-06 1.55631570564196e-06 2.57267814163242e-06 6.18630164836986e-06 1.44480587707108e-06 1.4138338030989e-06 1.3862938485687e-05 1.15418731709838e-06 1.53818907904224e-06 1.39885558994024e-06 3.1801519796204e-06 1.09725527622118e-05 4.64719829693649e-06 6.69704747053856e-06 1.68590424323156e-06 6.75950252286839e-06 0.000193716165382796 4.26848572629979e-06 4.14821212189054e-06 1.14870694645219e-06 2.96366376417723e-06 1.21941163087058e-06 1.19173914114867e-06 1.04306506258922e-06 2.207434348378e-06
0.000188091667030221 4.05406572099309e-05 1.00888226199913e-05 7.05946813752689e-06 7.0137281653615e-06 1.04211242188512e-05 2.99590976169384e-06 2.24194279212497e-05 7.5780542317716e-06 8.53683454107301e-06 4.75320397389512e-06 4.12295414321306e-05 2.85981699335025e-06 2.48054183060731e-06 3.06822373573823e-05 3.57575175939928e-06 3.63544424442086e-07 2.16417061835728e-06 1.78374048829255e-06 1.52155760275718e-06 1.28275650439491e-06 3.02235578359955e-06 1.80329328784978e-06 2.38283162161679e-06 4.25600512485858e-06 9.80561600627539e-07 2.17841546437114e-06 1.13520622662122e-06 4.5282329541152e-06 5.11832202860774e-06 4.55625125965753e-06 1.37233838941597e-06 1.27311116457918e-06 1.37112295632846e-06 1.12819330560399e-05 2.1786324259665e-05 1.35491218529182e-06 1.3421835923566e-06 1.45078514464103e-06 1.81793212377102e-06 3.62698914315729e-06 2.61710416182837e-06 8.41656645178546e-07 1.70759527655662e-06
8.41479756672925e-05 4.56412418088803e-05 3.65437942321023e-05 8.87871178463229e-06 1.83442542208923e-05 0.000142299670966395 2.6388098717689e-06 2.62083933222357e-06 2.5594651660299e-06 9.79523319557529e-06 1.82037520062295e-06 3.3173467954839e-07 4.01157237173155e-07 7.27034412193461e-06 2.09819131669065e-06 2.87607033131465e-06 3.79233291312175e-06 1.91038008736655e-06 1.54886646583918e-06 1.31562439662503e-06 1.5191343262444e-06 9.04123939449164e-07 8.30290221287555e-07 3.03069439375747e-05 3.04259383092642e-05 6.49503078520297e-07 8.1955951252155e-07 8.31245683485804e-07 3.16189302083103e-06 1.12700432701729e-06 3.37181857545943e-06 3.78495081889696e-06 1.07103458546476e-06 1.17507266850225e-06 3.41225838035086e-05 1.09860391859229e-06 6.18550273827623e-06 9.9368053874116e-06 9.94682691057847e-06 1.88069655564504e-06 9.19955248690485e-07 2.20269536417295e-06 2.82970238092872e-05 5.31140066662772e-05
5.10547398562267e-05 7.64534708537212e-06 6.87103613472573e-06 1.21636432794503e-05 3.54653747507427e-06 5.38577037758614e-06 5.56003076752631e-06 1.70992807255743e-06 1.74616394446048e-06 1.71752236681755e-06 2.7898019702377e-06 2.28149919081488e-06 5.22746006481611e-07 8.1839241374837e-07 1.18872088705757e-07 2.61175657101376e-08 1.66345173582272e-06 1.56688598877963e-06 1.5909268086034e-06 1.16148068372013e-06 1.33482259094819e-06 7.36989125371679e-07 6.17159506788312e-07 5.32572988909408e-07 4.74564185637405e-07 5.96355228310586e-07 6.08559411752196e-07 2.669479613715e-06 1.12931473275069e-06 1.76187130158656e-06 6.67799053211127e-07 8.87003835359224e-07 9.83839554891119e-07 2.30878506357612e-06 2.45337596211925e-06 3.25916663683756e-06 2.38858813119691e-06 3.24438133603167e-06 1.19752332636835e-06 1.04027040066512e-06 3.3879710997553e-06 2.71430258411698e-05 2.97817437740377e-05 7.91765930921784e-05
8.10744875821001e-06 1.65452264127453e-05 1.42617885870777e-05 4.78452521122108e-06 4.20549343971288e-06 3.96709887127145e-06 8.19044685890446e-05 4.66101084136028e-05 8.54514918771088e-06 1.23737722361739e-06 1.55048122536527e-06 1.80490303307579e-06 1.66774606000786e-06 4.22825738866095e-06 1.70982115378138e-05 5.82943284466175e-06 1.91977870116489e-06 1.26483955895651e-06 2.18607310529251e-06 1.04783084005078e-06 8.78182583363696e-07 6.94383835053714e-07 5.30466244086369e-07 5.76161486876003e-07 4.66517633945784e-07 1.1594315262542e-06 4.4817492454996e-07 4.79036688005863e-07 1.08280147745887e-06 1.34718159081615e-06 5.83160192135779e-07 5.96477891967595e-07 6.68979711448969e-07 1.13382072722601e-05 2.19365234919167e-06 7.52554229777047e-07 7.13681024677726e-07 2.34788211557202e-06 9.66862328510842e-07 7.43399565550362e-07 9.57975660043076e-07 6.13173482655327e-06 1.77372865891812e-05 9.64747228522356e-06
3.31794598594115e-05 6.1453115392851e-06 2.65608025813435e-06 3.36351585161765e-06 2.08894869118126e-06 5.77419560343628e-06 1.66902885219145e-06 3.1380701631889e-06 7.39211902711645e-06 1.34185438355416e-05 2.65171779290085e-06 4.06056199537375e-05 2.19265023915227e-06 1.12116393339079e-05 3.49877579402857e-05 3.00456676569638e-06 3.70468161658977e-07 4.19303491316914e-07 2.00264611294187e-07 1.73932551206235e-07 6.66781115654658e-07 2.24396846633113e-06 2.89279938670006e-08 3.57184242272268e-07 4.14713324659033e-07 1.95485702700893e-06 2.18796731799031e-07 3.80588653836611e-07 8.8432876612643e-07 6.59464690500045e-07 3.72897999145749e-07 3.950273553599e-07 2.43576156044867e-06 0.0258352577672042 4.33730539839416e-07 4.83466673451005e-07 5.67629731484942e-07 5.98343595825668e-07 5.83659227260114e-07 6.29887562197951e-07 5.83709658386056e-07 6.82591031520019e-07 4.70523607276618e-07 8.15419791742045e-06
1.19604206986423e-05 2.77266691966815e-05 6.60009075375001e-06 7.5209116388919e-06 1.75561104214239e-06 6.0419183235183e-06 5.76601455719583e-06 2.64680461015132e-06 1.38423375020125e-06 1.73542503389967e-06 5.06857997493171e-06 1.09804507246736e-05 1.16131977662803e-05 4.79032374030908e-05 3.02081383580344e-05 2.58763780479399e-05 3.20370655799707e-06 6.43477340777077e-06 9.19997091841651e-07 4.93510199373048e-10 3.91061819593474e-09 9.15464887896178e-08 3.95289978527558e-10 1.20517449353486e-09 3.31585085078245e-07 3.90601146271763e-07 4.0036446593561e-07 3.37524827820346e-07 3.07177015734794e-07 2.39252994660433e-07 2.97532427406821e-07 2.74441808123527e-07 7.81908685709709e-07 5.07233147937214e-06 3.4388742431446e-07 3.75481178238601e-07 8.53200536887755e-07 4.09698916392642e-07 2.49433014243294e-06 1.77298755748012e-06 3.91986675296607e-07 4.30728379718914e-07 4.47513966328472e-07 1.08372144893565e-06
7.51300285060097e-06 7.1813545389432e-06 4.48151349132786e-06 2.45759668615619e-06 1.7161401849819e-06 1.07198668359842e-06 1.17895135822721e-06 8.25525225423007e-07 1.08489484134111e-06 1.67645484481227e-06 2.02855556992176e-06 8.74604238561005e-06 1.01944470216608e-05 1.13897479977254e-05 2.90555772842538e-05 1.18529810308132e-05 2.55206056607449e-05 2.03089019301217e-05 7.29783917812199e-06 2.19137755123056e-06 5.70624138163112e-07 1.55226328679703e-08 2.23190821380115e-10 3.83933851377805e-10 1.13264524426171e-08 1.92361192774548e-07 5.64789709800451e-07 1.26339553219168e-07 1.6685372188352e-07 2.28054053330595e-07 2.25126771713491e-07 5.51754741362487e-07 7.64821365173418e-07 2.29235580917475e-07 2.73225613334205e-07 3.32797728930245e-07 3.58825663937523e-07 2.60131604967739e-07 6.65145927136734e-07 3.66848782640261e-07 3.58098399733109e-07 3.66569642462622e-07 3.26155298235875e-07 3.38861561832715e-07
2.72273187590599e-05 2.59353409205687e-05 3.95155882415565e-06 1.31705537384619e-05 3.64033696129695e-06 6.01741032824066e-07 5.23318807310602e-07 6.47325836045098e-07 1.61304470083223e-06 8.56763717180797e-06 2.24184579167286e-06 1.316175567041e-05 3.26222641575669e-06 1.30066637197501e-05 1.52436057888394e-05 3.77316027737606e-06 1.01761296988911e-05 1.91496297645699e-06 5.37115524039677e-06 5.09931838763578e-05 1.68637776287284e-05 4.96405810279654e-06 7.81618155087926e-08 8.02444102276922e-09 3.23013131797722e-09 4.88924694508341e-08 3.60919987995034e-06 1.00022067370809e-06 6.34708595681488e-08 2.17369357935482e-07 2.10723114069111e-07 5.03930948481113e-07 1.66817702318411e-07 1.52158238053701e-07 1.50874521187561e-07 1.85760257132017e-07 1.51188181263251e-07 2.16791096585567e-07 2.4883354594607e-07 2.91441571942386e-07 2.98993960612393e-07 5.89751706314701e-07 2.61212348151574e-07 4.49013391712327e-07
7.3367491606291e-05 5.87342493759024e-05 5.18720082723689e-05 1.74951394527056e-05 1.70929011147791e-05 2.38768168969727e-06 1.6787387934869e-06 1.73502228832945e-06 6.65798056260769e-06 1.9169510892425e-06 3.16264951152334e-06 3.1061651895925e-06 5.86361987018336e-06 2.57850548877059e-06 1.27243716221415e-05 4.88517975725245e-06 1.25814912053102e-05 2.29945868426285e-06 8.27378380421351e-06 1.83456961927675e-05 1.14872469225702e-06 5.7117527688888e-06 7.79746119761171e-07 4.49597530582935e-07 1.58992877530295e-07 2.52399030564732e-07 2.65210941652327e-07 2.8801311202642e-08 2.42088173951771e-09 1.80484299505679e-08 1.0322558985365e-08 1.69999052168635e-08 1.61002105780739e-07 1.43766123006372e-07 1.39315031599807e-07 1.53381251255524e-07 1.76642129767757e-07 2.20437063847001e-07 2.46559395122858e-07 2.2524194647211e-07 2.52691314717168e-07 2.58809439834806e-07 2.17679795044834e-07 1.48717201478021e-06
6.68564857768672e-06 6.142511661551e-05 0.000146991539486407 0.00014980365248789 1.47041895161237e-05 1.32358491271134e-05 5.38794343256654e-06 9.61999011465764e-05 2.66112564304422e-06 1.950158274866e-06 1.49528577608748e-06 1.6930388987646e-06 3.90013192230754e-06 1.59910357666604e-06 2.0306202877407e-06 2.58526563783335e-06 5.87067078612336e-06 2.02511984284115e-06 4.13499697486941e-06 6.11999175106348e-06 4.68031235101307e-06 2.15639347217689e-05 1.56094338219503e-06 3.60754606987257e-07 1.58989045226932e-06 3.03029746806516e-07 2.68703997452491e-07 2.44592440745706e-07 2.86771999036262e-07 5.39456000314686e-08 8.22558421376129e-09 2.65317026126866e-09 5.39277692723772e-08 1.61124901798537e-07 1.0877788663155e-07 1.18123041326079e-07 1.35913442900204e-07 4.54647084380255e-07 9.59945576595178e-07 1.90983971218861e-06 2.26579545614669e-07 1.32212684489375e-07 2.18875339674796e-07 2.37072121933579e-07
7.72434324289861e-05 0.00011435989180768 1.04947901149899e-05 2.49175040551108e-05 3.48570384005598e-06 1.91670700800728e-05 3.36667499567511e-06 8.83096537123151e-06 1.67514083813103e-06 6.21668681333176e-06 1.43440819861951e-06 3.16920390908138e-06 1.38304125627542e-06 1.05942051966679e-06 1.32215530044277e-06 1.37270719591243e-06 2.5231183386154e-06 1.39884504548604e-06 8.29577557937e-07 5.41722360605235e-06 7.52283376215246e-07 5.87493966897057e-07 4.75263983368279e-07 3.90034273500817e-07 1.58200565643085e-06 2.72100551246268e-07 3.3354149664433e-07 3.11897173510545e-07 3.11703842470479e-07 3.85535245328583e-07 3.47164907665842e-07 1.02371499099974e-07 1.01966053378533e-08 2.97630023737838e-08 1.0611320775733e-06 1.14385486560398e-07 1.10321959623239e-07 2.97933419801666e-07 1.34056910794378e-07 1.51963360084384e-06 3.71353770516336e-06 2.03246964078918e-06 6.66683745897956e-07 1.83890983329604e-07
5.39736596152807e-05 3.84370826715497e-05 4.20060568231406e-05 0.000195143570080347 3.84561127617644e-06 1.47811853665303e-05 6.17166712331141e-06 1.67726454307626e-06 6.22034889445899e-06 4.21417429841142e-06 2.93305084042572e-06 4.56300834805745e-07 4.78044161056346e-07 4.46651304919499e-07 4.47999607278149e-07 5.29057576947878e-07 7.51232827234105e-07 8.41474278701071e-07 6.56239915386436e-07 3.00675113162896e-06 5.01374898931317e-07 4.94898188740933e-07 4.29884426456084e-07 4.00475630435437e-07 3.799897570822e-07 3.44911201821674e-07 9.82986099806737e-07 1.81608365146246e-06 1.62795983413844e-06 2.84112216775156e-07 1.28368360509112e-06 2.79177508133444e-07 1.59566126889388e-07 7.10572116302544e-07 1.85618398531595e-06 9.3080867458184e-07 1.69647321968114e-07 7.99185407518443e-07 1.79038446956881e-07 6.46438904006175e-07 2.07418089992473e-07 2.82209877955353e-07 2.65336096605395e-07 1.81654073783122e-07
2.70141023293036e-05 2.2978098347437e-05 5.69694594645398e-06 1.39669326273406e-05 1.33421315197779e-05 3.40367498324667e-05 1.33234731229948e-06 8.64266920430623e-07 6.52587287675033e-07 1.74537451584911e-06 5.10317243929137e-07 3.39934302218126e-07 3.10173197970443e-07 2.26750867282632e-07 2.14774165074871e-07 3.09882351157142e-07 3.93311106083871e-07 5.14548268348847e-07 4.2710592209616e-07 4.14817282479163e-07 3.77513524174589e-07 3.95193673785599e-07 4.15122218910824e-07 3.67299985271075e-07 3.34075260788325e-07 3.00716131285128e-07 3.52009230386585e-07 2.53885526413367e-07 1.63770220718007e-07 4.27905617517155e-07 2.44801630966407e-07 1.7464825727842e-07 1.54202171742668e-07 1.12209363178906e-07 8.86491023921465e-08 9.6039721420027e-08 4.56965377870766e-08 2.70754348719038e-08 1.54516943595695e-07 9.65187562318448e-07 1.8070617429089e-07 1.74239764838546e-07 1.8698905823733e-07 1.85411826159054e-07
0.00014930041139678 1.80639695571472e-05 1.35404010066509e-05 1.32553919527822e-05 5.58804775252497e-06 6.93089343641873e-06 1.08310424536739e-05 3.52446983065136e-06 5.20987102348158e-07 3.70529645365991e-07 5.12174173383784e-07 1.39732226149825e-06 2.58210354697752e-07 2.0673250160641e-07 2.40815620156098e-07 2.9888038204362e-07 3.15185017818465e-07 3.10591801788718e-07 2.77184128716357e-07 2.71024921305596e-07 2.9382014803403e-07 3.0961869681434e-07 9.4117614626299e-07 2.91087103043708e-07 2.44642129443307e-07 1.90441967318211e-07 2.61913511028222e-06 1.34107244309511e-06 2.0247290937192e-07 1.90697236046589e-07 1.3305313548706e-07 1.08075633642457e-07 1.22526059032069e-07 9.13020862469693e-08 8.36061106568309e-08 8.88533628895516e-08 1.6223804522042e-08 3.25746939755511e-08 1.35632857789503e-07 1.84471094177852e-07 1.8191143622559e-07 1.58864007149262e-07 1.44832816673102e-07 1.85292845511498e-07
