Maxent_result_files_1/Bombus_niveatus_2.asc
NCOLS 594 
NROWS 330 
XLLCORNER -15 
YLLCORNER 23 
CELLSIZE 0.166666666666667 
NODATA_value -9999 
[rows 280 to 299 of 330, columns 138 to 183 of 594]
0.00173318858142011 0.00172782558365725 0.00160684457514435 0.00160853483830579 0.00162233583978377 0.00170955403591506 0.00183672975981608 0.00186984788742848 0.0017855922866147 0.00169476119626779 0.00139694903045893 0.00110138790478231 0.000799411305342801 0.000616515043657273 0.000463991636206629 0.000366396656318102 0.0003899887415173 0.000544183013698785 0.000690845175995491 0.000756777464994229 0.000815457013959531 0.000930310958938207 0.00103003263066057 0.00113103957264684 0.00126717700622976 0.0014481159450952 0.00156945791677572 0.00161941118421964 0.00166367405618075 0.00186021444678772 0.00287366240518168 0.00310026233782992 0.00396118714706972 0.00143560188880656 0.00117857620934956 0.00104866007750388 0.00166544605745003 0.00123329819180071 0.00111225464206655 0.000977520379819907 0.000966551470628474 0.000991861846705433 0.001026059515425 0.000926316434924956 0.00077179737854749 0.000580512903979979
0.0016958805907052 0.0016319919959642 0.00162978288135491 0.00162823760765605 0.00167501231771894 0.0017711418622639 0.00186711000860669 0.00185956096975133 0.00172091454151087 0.00149211645475589 0.00122077589330729 0.000963657564716414 0.00069929841265548 0.00050981391541427 0.000297427654004423 0.000170938731025672 0.000229449383550673 0.000348900499375304 0.000494932576839346 0.000558941701456206 0.000622139751794748 0.000810087319405284 0.000892186476266943 0.000948407122632489 0.0010550460734521 0.00113231844152324 0.00130284333135933 0.00139078177453484 0.00152068019669969 0.00169121851795353 0.00146959958947264 0.00249689833726734 0.00151821931358427 0.00137014654173981 0.0013735284213908 0.00117741826397832 0.00136636771203484 0.0012796211784007 0.00108181202085689 0.000920213808421977 0.000832195136172231 0.000891277835762594 0.000910367092001252 0.000815593602601439 0.000664242597122211 0.000528835934528615
0.0014513723377604 0.00139804999344051 0.00138606799882837 0.00147554977156688 0.00159781814436428 0.0017298684164416 0.0016832461260492 0.00155513922509272 0.00137217445881106 0.00126108142721932 0.00107138674793532 0.000883764875470661 0.000632662491989322 0.000463832441892009 0.000278116907429649 0.000178867141585215 0.000220900561180315 0.000310878788150148 0.000432540300244 0.000518632472085301 0.00057561727007851 0.000660460094513837 0.000800334739324171 0.000876000869902782 0.00100539040140575 0.00110414390655933 0.00120668769231997 0.00135407366033178 0.00147887127823196 0.00145784038177226 0.00201838176581077 0.00178738164249808 0.00131278002809267 0.00119929958891589 0.00131398655648809 0.00131789952865802 0.00134966607729439 0.0012385003909003 0.00104306521243416 0.000868794517009519 0.000779901398345828 0.000764511074521579 0.000695298149366863 0.000608598318649456 0.000543168431613594 0.000473602202691836
0.00138679439842235 0.00136975369532593 0.00131163221958559 0.00130214565142523 0.00142415523005184 0.00153502273606136 0.00153222414373886 0.00136653099616524 0.00128381602989975 0.00122647732496262 0.00107002679869765 0.000839469957281835 0.000632071365544107 0.000490697332134005 0.000362267981108744 0.000243688650152762 0.000297743711416842 0.000359104972449131 0.000399110774742439 0.000462578433507588 0.000546516384201823 0.000600796374783386 0.000707045095623471 0.000802880723495036 0.000925353412458207 0.00101572463900084 0.00111780088918749 0.00117833046242595 0.00121009849535767 0.00123216289794073 0.00167759680189192 0.00123201609530952 0.00123521381174214 0.00127402053331025 0.00129525888478383 0.00128567308711354 0.00127407401159871 0.00117641427495983 0.0009776417791727 0.000854105481994338 0.000908846114180051 0.000677140409243293 0.000578975718235597 0.000499344059790019 0.000478817639668705 0.000461003209056798
0.00132401447335724 0.00135331558994949 0.001379882733454 0.00138262528344058 0.00138367693580221 0.00146017645602114 0.00153754122147802 0.00140015757642686 0.00122333678591531 0.00123347751505207 0.00111089242855087 0.000902972095354926 0.00069148187758401 0.000538162081647897 0.000404893148515839 0.000367151186947012 0.000381483191449661 0.000401216535101412 0.000418982117116684 0.000445993249013554 0.000517840441170847 0.000583189236931503 0.000654137377568986 0.000745110555726569 0.000874458064208739 0.000985784524527844 0.00107095523708267 0.00110382846178254 0.00112955348740797 0.0011106658144854 0.00110901166481199 0.00113083806063514 0.00141475921554957 0.00108806431526318 0.0012423512089299 0.00129093168943655 0.00119764561823104 0.00112712018017191 0.00131056843674742 0.00111176037462428 0.000891253506415524 0.000596881234378088 0.000510341139306547 0.000443262980843429 0.000438636648323154 0.000397461625834694
0.00130038746865466 0.00130181557033211 0.00134588673245162 0.00136876380711328 0.0014364663104061 0.0014692952943733 0.00146288764663041 0.00136884585081134 0.0012795306101907 0.00126210702292155 0.00119582878833171 0.000982719863532111 0.000773752288660035 0.000574215517553966 0.000566054736555088 0.000420307613967452 0.000439216111408314 0.000447444619931048 0.000467059336369857 0.000474176706484286 0.000501085889118258 0.000576958689634921 0.000648557502427138 0.000697127771854866 0.000782431867264677 0.000920412852428854 0.000948365365911741 0.000998564847395755 0.00100802860106342 0.00101854476379231 0.00102948994754115 0.00144710810563993 0.0015766219352372 0.00105295138200745 0.0011326098581776 0.00119163869530894 0.00117436648724834 0.00107248367421562 0.00141047486104071 0.00296868784353137 0.00131503681186587 0.000583744319737889 0.000501482376421336 0.000432137891766615 0.000419168010557769 0.0004837336280616
0.0013596109347418 0.00134299437340815 0.00129051666590385 0.00128523696912453 0.00136061768862419 0.00142128506558947 0.00142767251236364 0.00141043281182647 0.00133302775502671 0.00120737935649231 0.00121843716187868 0.00107065279735252 0.000884297622542363 0.000677823816658929 0.000506631674943492 0.00049239486179431 0.000492052764457185 0.000503981854126323 0.000530567094392609 0.000539880429278128 0.000547849987196969 0.000580293773964513 0.000621860315732192 0.000689533873810433 0.000769500670139678 0.000873320020036772 0.00092173223674763 0.000939717462460976 0.000968123956408817 0.000998837636143435 0.00103811942972243 0.00103681003674865 0.00104030521470122 0.0010593433806207 0.00105896370660048 0.00106395813636482 0.00102822161716176 0.0010555771557847 0.00144695194321685 0.00108654308132827 0.00155346241081133 0.000585657528426964 0.000466232496546581 0.000429687196447048 0.000419052995857783 0.000377857402781956
0.00136726964265108 0.00136557972582523 0.00135307156597264 0.00138021894963458 0.00139423372747842 0.00141142851207405 0.00135471115645487 0.00132436714193318 0.00123985787795391 0.00124861131771468 0.000959052023245022 0.00109011083841324 0.00091956401738571 0.00078429066343233 0.000648615222598892 0.000602316459116992 0.000552673664060421 0.000538535451778444 0.000560881299315952 0.000591595593141392 0.000590283423662186 0.000609573189285584 0.000652619801985566 0.000712809094693512 0.000762219619355164 0.00085139539296506 0.000894130187225528 0.000923689220508095 0.000954046087281313 0.000970772760047112 0.00100215091224527 0.00100206557835918 0.000990607489075046 0.000989171568653546 0.000999981201312039 0.000995555041299667 0.000973109142796602 0.000985938866506331 0.00125334712211043 0.000944334390806034 0.000878161840955727 0.00070836461673025 0.000493386721063871 0.000410260222997749 0.000408066611271352 0.000372322509792866
0.0013843504304532 0.00140296931785997 0.00147828602348454 0.00150168725813273 0.00144447751226835 0.00143566595215816 0.00138400763098616 0.00134514574310742 0.00123819826112594 0.00130601819255389 0.00130709287186619 0.00119466784817632 0.000944101235654671 0.000868014492152724 0.000751021648466121 0.000693678185052704 0.00061180498014437 0.000590914450003765 0.000610899883031379 0.000881086874869652 0.000686929417133797 0.000669574065250345 0.000712586961162742 0.000746318417077418 0.00078416893229587 0.000817981024738401 0.000840929047262762 0.000880343248718418 0.000923197562224232 0.000940738189092372 0.000973864941624925 0.000985361338825896 0.000965599789924454 0.000970883149420843 0.000981686485465616 0.000975853626732714 0.000944552084547468 0.000964718793693464 0.00118508583400399 0.000826912482443731 0.00069208659697324 0.000645482819527388 0.00053326315828599 0.000439023035869468 0.000419027585303411 0.000404790985339787
0.00142612374038436 0.00144438644929323 0.00148902411165182 0.00150230014696717 0.00146075393713545 0.00146524820011109 0.00144680587691255 0.00137282375944778 0.00130872050358448 0.00130558860546444 0.00129445593920536 0.00126877123839222 0.00107554596906994 0.000901721470290795 0.00087079375225585 0.000813484449463431 0.000738927628844976 0.000648925926361699 0.000862805813085288 0.000956573110306636 0.00202100223395973 0.000715048471465707 0.000729666190454736 0.000761767114454415 0.000818728999001905 0.000828227736928966 0.000840151162992697 0.000857596585410647 0.000876605298253708 0.000917469747946598 0.000934001733548939 0.000935686881712172 0.000926932724541984 0.00120057160092983 0.00119793204939924 0.00129018052248284 0.00133063397952355 0.000935069733532146 0.000846914053545333 0.000808983155002352 0.000719258570461534 0.000696590436564293 0.000579288559674751 0.00049136903762701 0.000443779389752308 0.000426210878504207
0.00154185011342634 0.00155077472445555 0.00146769730781671 0.00143053214414977 0.00142629994370509 0.00190939455642365 0.00134772384481039 0.00193748028250411 0.0013294936157763 0.00126050824183039 0.00122634340950754 0.00130112319893669 0.00118960931140464 0.00102457357133972 0.000938315220992081 0.000839243098744191 0.000777928897878155 0.00100024971761741 0.00071143966197269 0.00143231090041809 0.00138280316605233 0.000972955935867503 0.000734982344147284 0.000772698372020386 0.000789066989091225 0.000821905728662387 0.000842021839343943 0.000860550708603114 0.000880881737975869 0.000907335490046535 0.000914644681324717 0.000918012895272113 0.00150417014956474 0.00116181093908381 0.000892423334880732 0.00130054879700765 0.00107420124986675 0.000896121113328263 0.000828400180034805 0.00080200937227346 0.000785350854857825 0.000706858656485565 0.000611604310688563 0.000547457658103667 0.00048288189645973 0.000415408837579889
0.00158149941125885 0.0015516244689934 0.00149320741475094 0.00145660654234234 0.00139340531022754 0.00134942666336428 0.0014065379218664 0.00130048183491454 0.00123478027817328 0.00122308369609527 0.00122690066637006 0.00114695378579199 0.00111382257600781 0.00106112247594865 0.000970253086416051 0.000935230366303585 0.0020307709579356 0.00407467900949996 0.000837717455578968 0.00233540431363508 0.00177576026180759 0.00116071224911138 0.000789567800529767 0.00075086514261784 0.000768967122712638 0.000799252405704465 0.000806953033315949 0.000840273313224316 0.000853677984559908 0.00087754420528654 0.000865940145740751 0.000870246015256271 0.000873702811077237 0.000860938659752719 0.000865646539023146 0.000855203543324023 0.00086607367702527 0.000905194129154552 0.000842130508681294 0.000804285416961648 0.000780374920577742 0.000704075596877374 0.00061730846791761 0.000559495245397557 0.000541896754293703 0.00043864832186955
0.00158243064943235 0.00154258662078064 0.00154033603903372 0.00159054186951835 0.00148844764335081 0.00134128170902841 0.00132550677226391 0.00133587211021222 0.00130886690458283 0.00122629922407214 0.00164010133012198 0.00119285189430229 0.00116252704174258 0.0011080506403232 0.00100089655898046 0.000923219638934825 0.000850749312667176 0.00113383432035334 0.000808919640257955 0.0008193221889087 0.000836385812726803 0.00111505153181497 0.000807736568094697 0.000759153018589132 0.000758373973076232 0.000762152750394307 0.000772084752679803 0.000803497929882724 0.000828534747415688 0.000766198778001126 0.000769973592832684 0.000800536797032691 0.0008099160855636 0.000815215737384278 0.000827865311293863 0.000821584413642995 0.000856866102549247 0.000867358940013219 0.000898910484102089 0.000775261966919061 0.000750565237831324 0.00073225550877396 0.000657882372615859 0.000608948874287307 0.000571436731843278 0.000454635445203166
0.00158525738224853 0.00154009036778007 0.00159460270660929 0.00156754887138959 0.00153925972408615 0.00149894248170312 0.00139140827523079 0.00132664052653126 0.00129990415007342 0.00112380510254297 0.00120297417452093 0.00118550760671496 0.00111494487791788 0.00110365243453998 0.00102244003792293 0.000949891576601658 0.000878199936414603 0.00113468659401406 0.000812245713314041 0.000823089908226393 0.00084672431985382 0.000827466849295888 0.000817945576272905 0.000815877856803127 0.000795883472892456 0.000800477969460189 0.000814457741216756 0.000789192062802613 0.000759139783622231 0.000758857261098456 0.00076848731841892 0.000792262630420737 0.00112861003726721 0.00083126844256185 0.000840963420341723 0.000813165518047754 0.000826618091377895 0.000511244645167608 0.000837297686666716 0.000830182846402749 0.000557880464475602 0.000645807276305277 0.000663990582688712 0.000648132998321671 0.000561150412249845 0.000434358984057326
0.00160740095889196 0.00154120963416062 0.00154828906815965 0.00141674705082551 0.00134890437766444 0.0014003042713739 0.00135888099903241 0.00129185581172351 0.00123538627231028 0.00119337541691493 0.00103446021385025 0.00117198659863789 0.00110057315323502 0.00107770524627995 0.00103649804368615 0.000972108938731253 0.00103818472998682 0.000924944839789532 0.000883154894108884 0.000859571038745344 0.000884517077065539 0.000897417542000767 0.000807211409846786 0.000799358393123839 0.000837403179320972 0.000853281571471598 0.000800818351854105 0.000787343973934185 0.000792173054651357 0.000792728937813081 0.000799022093997337 0.00083360469143372 0.000827076059067622 0.00087063011887949 0.000447376631200314 0.000446789167472161 0.000451691032503732 0.000432348316826392 0.000459657463943586 0.000851572306419257 0.000786909066664521 0.000433453157893382 0.00060081440169597 0.000352071559609612 0.00032423659140477 0.000222167089668801
0.00145244841987733 0.0013606347492896 0.00138210128934588 0.00132834961405024 0.00127070947200991 0.0012836301146308 0.00131188595551066 0.00130347334197722 0.00123810086515732 0.00121142731513828 0.0010461665049661 0.0011537607118953 0.00149879234377295 0.00109801943763159 0.00145572850597091 0.00108726264297729 0.00107957997533958 0.000990862320759334 0.000976376954349689 0.000994998098758515 0.00101941081084078 0.000925947415817063 0.000876914747641422 0.000864754429494496 0.000900322561210487 0.000898143781523686 0.000884662347380072 0.000895337022666354 0.000858461429015733 0.000864317805098835 0.000847041430824902 0.000864782229473349 0.000855606966069899 0.000774760816420894 0.000443597476987634 0.000676187934004702 0.000759736410691403 0.000475358734547626 0.000582265129196458 0.000789434144098777 0.000701941575971432 0.00050573794360389 0.000326311141543556 0.000207562575815246 0.000195799971697852 0.000206888881803025
0.00145850825065281 0.00139232702495065 0.00140549750940409 0.00137847415462602 0.00134706910757814 0.0013343767990591 0.0013322796614375 0.00131516612018459 0.00127289961383212 0.00125939725257922 0.000992726508411579 0.00108187102305237 0.00175588087295182 0.00111217292142101 0.0011657431605272 0.00119899783458095 0.00115947020822205 0.00115487392176874 0.00108790159720229 0.000914540348458104 0.00101938531734049 0.00101572437561117 0.00101656683982583 0.000992826088622678 0.000942950148601085 0.000954886183899362 0.000901714042993262 0.00096116739732679 0.000938883467460983 0.000924936826049816 0.000911091324815061 0.000882865551102441 0.00088788208522601 0.000776384722848888 0.000664805120322853 0.000711614535248373 0.000458285371132661 0.000810487879789434 0.000771624532353599 0.000741310717421584 0.000693116507318337 0.000685334188165143 0.000580311425437685 0.000338645408919547 0.000284429696330335 0.000241310869751032
0.00162295586487744 0.00153597437019926 0.00150617619801778 0.00143856050272007 0.00140656795410905 0.00141175639000721 0.00136788058443926 0.00132394212123472 0.00129979765915778 0.00125452274805866 0.00126446551003028 0.00124552478373516 0.00120508114923723 0.00121615772659425 0.00121734043059405 0.00121470618469175 0.00121575478115119 0.00121619849232957 0.0011777417268604 0.00102316747506848 0.000993120844941586 0.00108760266739409 0.000958340633951593 0.000919139091274701 0.000939404506061692 0.000951712235109881 0.000938054716971237 0.000958831758180168 0.000974981364561245 0.000865481843356974 0.000923527908162214 0.000836906081531197 0.000844961221446283 0.000873846835747827 0.000896288128569722 0.000837846660579089 0.00075197809637757 0.000816323053732049 0.000738502625608817 0.000770567501604091 0.000691712672414724 0.000714044885535259 0.000611399007902946 0.000583012780407444 0.000395924569602357 0.000521747609309387
0.00149982267757878 0.00135820160503499 0.00144904780900106 0.00146894648787566 0.00145003810175695 0.0013821496599121 0.00133015284372959 0.00128395760839339 0.00123440381139517 0.00123615843767766 0.00125172739790287 0.0012370728480164 0.0012226786930114 0.00120499404147267 0.00119398163515143 0.00120579497306608 0.00116966217465233 0.00108766826888314 0.00105359855951974 0.000999114874866791 0.00102284545719158 0.00110785640863469 0.00110538915323559 0.000931605376536027 0.00098367023456376 0.00099073859892087 0.00101057577994652 0.00104364598810207 0.00092757142992923 0.000886144720425364 0.000990886201907415 0.000924146146280691 0.000898845364281442 0.000898755955859087 0.000921010867750738 0.000724419538164511 0.000817715174343903 0.000826291638077237 0.000709875870961696 0.000698899886629079 0.000738356378860772 0.000733847671654075 0.000695600725885015 0.000568718623253517 0.000483558380801696 0.000456851417402504
0.00139611417253036 0.00132315977825783 0.00138773005164694 0.00138446500350256 0.00145247924083378 0.00138014384720009 0.00133331458782777 0.0013006415887503 0.00126114801387303 0.0010742499405751 0.00127194266824517 0.00127818284090608 0.00122854012297466 0.00124456633348018 0.00119904809689615 0.00111319770658156 0.00112561836576788 0.0011340531433234 0.00113895036047325 0.0011258089041803 0.00113859102129936 0.00109427269781008 0.0010709505280829 0.000973957391397562 0.00103384047979489 0.00104768365854397 0.00106052401388297 0.00104567120724823 0.000982850554282777 0.000902241967560258 0.000847677834099159 0.000920373933331575 0.000885915152321104 0.000879795692162588 0.00093078699283069 0.000883899840118829 0.00083818737330148 0.000775305632851087 0.000694685452617705 0.000658841093536466 0.000685946235898882 0.000669494549219962 0.000678516604239121 0.000568700295116287 0.000522353931592079 0.000446839987125713
