Maxent_result_files_1/Bombus_ruderatus_2.asc
NCOLS 594 
NROWS 330 
XLLCORNER -15 
YLLCORNER 23 
CELLSIZE 0.166666666666667 
NODATA_value -9999 
[rows 180 to 199 of 330, columns 360 to 404 of 594]
1.9774767497438e-05 0.000128331992891617 0.00015442622534465 1.8642610302777e-05 1.85253153176745e-05 1.93565334484447e-05 6.27576671831775e-05 0.000229421620315406 0.000192719852202572 8.10413839644752e-05 9.32591556193074e-06 8.59882929944433e-06 7.7935321314837e-06 7.17686907593107e-06 6.48140648994433e-06 5.943105679862e-06 5.74217428951362e-06 5.64603215027493e-06 5.39476150154261e-06 4.9999415751123e-06 4.5701296585654e-06 4.26931719640367e-06 3.84684826775228e-06 3.55056890912753e-06 3.38458794514329e-06 3.35267868691869e-06 3.19145701764834e-06 3.19201062679575e-06 3.22236919609864e-06 2.95448353446748e-06 3.10017330789059e-06 3.05336479876628e-06 2.73614600729832e-06 2.7418070659202e-06 2.64026025446062e-06 2.68445087390212e-06 2.69397337434585e-06 2.70544478554457e-06 2.66513334282736e-06 2.67644368251441e-06 2.62008202299713e-06 2.50883949777236e-06 2.46349432020398e-06 2.45352662207043e-06 2.44003895208955e-06
3.40093749400694e-05 0.000132189356372692 0.000152464566053823 2.01780276256613e-05 1.6710487761884e-05 1.54974874021718e-05 1.50484880578006e-05 7.35974113922566e-05 5.93633310927544e-05 0.000313902628840879 0.000155217261635698 2.66853894572705e-05 7.01717181074146e-06 6.36089498586845e-06 5.98617698418513e-06 5.7145836763417e-06 5.70181418881877e-06 5.54983671464671e-06 5.24871729795651e-06 4.70891300214937e-06 4.04958291279067e-06 4.23773999508326e-06 3.62450346125254e-06 3.21906482274592e-06 3.12344909819684e-06 3.05978947034991e-06 2.96344551371508e-06 2.86782769814975e-06 2.86070062449628e-06 2.82366117989596e-06 2.73949112881144e-06 2.74782296409981e-06 2.56447997376563e-06 2.47259399690503e-06 2.53703083227252e-06 2.4754572678698e-06 2.49366162283771e-06 2.52277786786381e-06 2.59268585979244e-06 2.56097832790347e-06 2.37165313595744e-06 2.44900088547384e-06 2.37541166827615e-06 2.40072313318906e-06 2.39467058237297e-06
1.85450742719695e-05 1.73335047293222e-05 1.64750705152983e-05 1.66191752214218e-05 1.62488944624783e-05 1.52063765199273e-05 1.35276757646352e-05 1.24064090414322e-05 1.13107054858119e-05 1.18021016533021e-05 0.000153069742373191 7.70252343500033e-05 3.23854204907548e-05 6.31359744148741e-06 5.77404789511293e-06 5.36685456611341e-06 5.47604904570509e-06 5.40396968063961e-06 5.04428089700415e-06 4.21994618602373e-06 3.77763371984807e-06 3.64731322436418e-06 3.57095459564416e-06 3.09633496834438e-06 3.12688889666513e-06 2.81469792965394e-06 2.68681719898245e-06 2.7452712861642e-06 2.75756460741405e-06 2.71255357821021e-06 2.70584696417941e-06 2.63186038873542e-06 2.47408670487337e-06 2.48437245327082e-06 2.47957636937413e-06 2.36459027300739e-06 2.23108486362422e-06 2.37297463175912e-06 2.30707955785059e-06 2.51686592492861e-06 2.38576376434541e-06 2.38853453994325e-06 2.35002003138307e-06 2.29897746067964e-06 2.26485790338904e-06
1.80460607225541e-05 1.70806677488144e-05 1.60462255735183e-05 1.54699995619012e-05 1.50569674588041e-05 1.36810662297648e-05 1.30459398860694e-05 1.16656805403181e-05 1.04697668575682e-05 9.51905258261831e-06 4.60192801256198e-05 0.000196344053256325 0.000209204305429012 6.66727020870894e-05 1.08391361209215e-05 6.02552236159681e-06 6.85691047692671e-06 5.817258170282e-06 4.77036246594453e-06 4.04390275440258e-06 3.77114738523421e-06 3.45336220589632e-06 3.32103154533359e-06 3.06896572566107e-06 2.87692073550616e-06 2.7006402903762e-06 2.66092001842688e-06 2.63070655854847e-06 2.54943247482986e-06 2.56820617341447e-06 2.4708274396934e-06 2.36019350288164e-06 2.35567772518541e-06 2.37645663223596e-06 2.31690064546042e-06 2.20905385512893e-06 2.34161866508042e-06 2.2715984415056e-06 2.28904141297281e-06 2.37102499340835e-06 2.52006138907745e-06 2.42082060140092e-06 2.30715745601628e-06 2.18490822591066e-06 2.28657340812788e-06
1.96708642761223e-05 1.91990970051847e-05 2.28297805733746e-05 1.58727374582668e-05 1.45286114275223e-05 1.32131568534533e-05 1.2364046779112e-05 1.278179079236e-05 1.03589511127211e-05 9.36815886234399e-06 8.36429899209179e-06 1.40799489599885e-05 0.000296598410932347 0.000357688020449132 3.23102205584291e-05 6.15230492257979e-06 5.62420718779322e-06 4.91502551085432e-06 4.12442095696353e-06 3.96383438786563e-06 3.70679563282961e-06 3.57817343694666e-06 3.02803182475886e-06 2.92559616406063e-06 2.70150230868849e-06 2.6542980782418e-06 2.52432410021708e-06 2.58741133638551e-06 2.60706847268199e-06 2.34094891335967e-06 2.37599174407466e-06 2.43032354776407e-06 2.34121998803349e-06 2.22361286437156e-06 2.21630443779652e-06 2.27132613875858e-06 2.30634536821928e-06 2.37159933931252e-06 2.34028129852959e-06 2.46145959863497e-06 5.14648081662017e-06 2.54584938375046e-06 2.34018407354597e-06 2.1570263470494e-06 2.17048736885772e-06
2.75436246738536e-05 2.90665480861207e-05 2.24598032218637e-05 1.86467188541428e-05 1.4475480747933e-05 1.28749417854124e-05 1.44017622005777e-05 1.06627459899755e-05 9.97884999378584e-06 9.31679878704017e-06 7.87783355917782e-06 7.13451081537642e-06 4.84535165014677e-05 0.000331321178236976 0.0001936056825798 9.31251284782775e-05 5.39841152203735e-05 4.69981850983459e-06 3.85465818913966e-06 3.89458400607001e-06 4.02435480283403e-06 3.55281117668804e-06 3.0814479943353e-06 2.86636122855954e-06 2.88166111214183e-06 2.57245765190595e-06 2.48722562923298e-06 2.35249426649986e-06 2.55145482701558e-06 2.61319719359054e-06 2.52087515947297e-06 2.2665502911523e-06 2.23763695433865e-06 2.30271166402618e-06 2.31424965023708e-06 8.10271812952124e-06 2.89909357888973e-06 6.81989058648469e-06 2.43064539972693e-05 3.19097302963201e-06 2.31531880672264e-06 2.18938182738881e-07 8.60507334436988e-06 2.14940328078228e-06 2.74966496363049e-06
4.6393270167755e-05 3.05526533338707e-05 2.7577859145822e-05 2.03285359020811e-05 1.44419473144808e-05 1.97921548533486e-05 1.54188819578849e-05 1.30900867588934e-05 1.2442215847841e-05 1.09889997474966e-05 9.37159202294424e-06 9.4850658570067e-06 7.16514014129643e-06 7.14757470632321e-06 1.11872097249943e-05 6.00418468820862e-05 0.000104810792254284 2.83661240246147e-05 3.79132443417696e-06 4.0345984416601e-06 3.59299228878118e-06 3.27091929652745e-06 3.07603322659e-06 2.86776075892892e-06 2.77987473968899e-06 2.64410709869267e-06 2.43205649910205e-06 2.33445184686376e-06 2.43685349237133e-06 2.31166013694439e-06 2.30070536419991e-06 2.18095051425227e-06 2.97852197945758e-06 4.35350966654369e-06 1.71674080775119e-05 -9999 -9999 -9999 -9999 -9999 4.27446051617153e-05 3.11080264509656e-05 3.19693190249382e-06 1.02582449471811e-05 8.4465098916553e-05
2.61168286669999e-05 2.36747586313868e-05 3.02794265735429e-05 2.4904437668738e-05 1.75708553797449e-05 2.97162736387691e-05 3.27628462400753e-05 1.42104292535805e-05 1.38324854560778e-05 1.21930172099383e-05 9.74942831817316e-06 1.01805997474003e-05 9.101287099611e-06 9.02284955373034e-06 8.39588201415609e-06 1.12272318801843e-05 5.0305700278841e-05 0.000145549743319862 3.65303415492235e-05 3.8056183984736e-05 3.5721101994679e-06 3.21184015777964e-06 3.08000035150746e-06 2.96968701153366e-06 2.97755286738921e-06 2.55827935694564e-06 2.68117942143764e-06 2.76976315944921e-06 0.000264935568657165 2.15443415076955e-06 4.96377324452624e-06 5.01965150760952e-05 -9999 -9999 -9999 -9999 -9999 -9999 -9999 -9999 -9999 -9999 -9999 -9999 -9999
2.82755834632553e-05 2.65566432062769e-05 4.94107327540405e-05 4.01002587750554e-05 3.78049546270631e-05 3.48151013895404e-05 2.54551538091619e-05 1.85494931429275e-05 1.12687048614113e-05 1.0533538988966e-05 1.00449806268443e-05 8.75772193467128e-06 9.77962581600878e-06 7.59036274757818e-06 6.31756402071915e-06 1.08124702819623e-05 4.77575777040329e-06 4.86348304548301e-05 0.000162147771334276 0.000136586837470531 2.42827656620648e-05 2.36256819334812e-05 2.48974123678636e-05 2.37713495153002e-05 1.85881573997904e-05 1.64724136993755e-05 3.76241012418177e-05 3.20851772812603e-06 2.98049183129478e-06 1.04039718280546e-05 -9999 -9999 -9999 -9999 -9999 -9999 -9999 -9999 -9999 -9999 -9999 -9999 -9999 -9999 -9999
5.12676226207987e-05 3.49077909049811e-05 5.34834085556213e-05 5.20726636750624e-05 4.25450489274226e-05 3.73740745999385e-05 3.2617200849927e-05 2.0978677457606e-05 1.89775641047163e-05 8.56317328725709e-06 9.48336103263614e-06 9.48304605117301e-06 8.01388869149378e-06 7.39076631361968e-06 5.14662997375126e-06 4.54512501164572e-06 5.27859510839335e-06 7.50853318987055e-07 2.43915998510147e-14 0.000108438497409225 8.7690565851517e-05 3.49164009094238e-05 5.91200470807962e-05 7.15570524334908e-05 7.43250566301867e-05 6.13773008808494e-05 3.38788260705769e-05 1.58250266395044e-05 1.26970306155272e-05 -9999 -9999 -9999 -9999 -9999 -9999 -9999 -9999 -9999 -9999 -9999 -9999 -9999 -9999 -9999 -9999
9.16959055757616e-05 7.21144235285465e-05 6.62347687466536e-05 3.64306801202474e-05 4.01370612962637e-05 4.21395292505622e-05 2.25698939175345e-05 2.04011927053216e-05 1.77517285919748e-05 1.27166529637179e-05 9.89387135632569e-06 9.45371048146626e-06 7.03280520610861e-06 5.68784371353104e-06 1.32660651615879e-05 6.23255145910662e-06 3.72112914192257e-05 5.86205828878583e-08 3.11410096776044e-06 3.20647908665705e-05 7.15230067726225e-05 4.31269923865329e-05 7.1412930265069e-05 4.90118909510784e-05 0.000120475285802968 -9999 -9999 -9999 -9999 -9999 -9999 -9999 -9999 -9999 -9999 -9999 -9999 -9999 -9999 -9999 -9999 -9999 -9999 -9999 -9999
3.54271407559281e-05 8.89252929482609e-05 4.20353670051554e-05 2.85418551356997e-05 4.59592843981227e-05 4.25881320552435e-05 1.82233297891798e-05 1.42692521335475e-05 1.5197399261524e-05 1.61769305123016e-05 1.56499241711572e-05 1.13171103294007e-05 7.88240247260319e-06 6.46574517304543e-06 1.56483423779719e-05 2.15143758396152e-05 8.2058017142117e-05 1.89527963811997e-05 3.36229684762657e-05 7.29273655451834e-05 5.44458773219958e-05 1.33630466734758e-05 1.3550259245676e-05 -9999 -9999 -9999 -9999 -9999 -9999 -9999 -9999 -9999 -9999 -9999 -9999 -9999 -9999 -9999 -9999 -9999 -9999 -9999 -9999 -9999 -9999
3.55078162101563e-05 3.28095691656927e-05 4.25679860200034e-05 5.82925749768037e-05 3.06311452732189e-05 2.04123067305773e-05 1.601168896741e-05 1.39918816785212e-05 1.1663674376905e-05 1.02373701338365e-05 9.84865619102493e-06 1.05040483504126e-05 8.02308532001916e-06 2.55552078670007e-05 5.11056947289035e-05 2.5658657978056e-05 4.8989659990184e-05 2.49792472459376e-05 4.4908512791153e-05 4.01021010475233e-05 3.19817569106817e-05 2.09005425858777e-05 5.34165233716521e-06 -9999 -9999 -9999 -9999 -9999 -9999 -9999 -9999 -9999 -9999 -9999 -9999 -9999 -9999 -9999 -9999 -9999 -9999 -9999 -9999 -9999 -9999
2.86876398604363e-05 4.15342154155951e-05 3.39394642651314e-05 4.85608616145328e-05 3.08236227283487e-05 1.85014087037416e-05 1.32731873335401e-05 9.98671848719823e-06 1.0549484341027e-05 1.11258052129415e-05 1.10389444671455e-05 9.11693887246656e-06 7.16296381142456e-06 9.63108595897211e-06 2.23533921598573e-05 0.000161771423881873 3.85943123546895e-05 8.94856639206409e-05 3.34023381583393e-05 2.23789797018981e-05 4.53823947736964e-06 -9999 -9999 -9999 -9999 -9999 -9999 -9999 -9999 -9999 -9999 -9999 -9999 -9999 -9999 -9999 -9999 -9999 -9999 -9999 -9999 -9999 -9999 -9999 -9999
2.75462538411375e-05 2.95716967229964e-05 2.6237440033583e-05 2.67597182755708e-05 2.73977080723853e-05 2.27167343837209e-05 1.64872690220363e-05 1.28398030938115e-05 1.22196591291868e-05 1.10691705231147e-05 9.97344568531844e-06 9.16448170755757e-06 7.64434398661251e-06 8.43705583974952e-06 7.00988712196704e-06 0.000144533178536221 -9999 0.000148477172479033 -9999 -9999 -9999 -9999 -9999 -9999 -9999 -9999 -9999 -9999 -9999 -9999 -9999 -9999 -9999 -9999 -9999 -9999 -9999 -9999 -9999 -9999 -9999 -9999 -9999 -9999 -9999
2.98038670734968e-05 2.56274142884649e-05 6.95646957638019e-06 1.93552263226593e-05 2.01131610083394e-05 2.18941395360162e-05 1.6891031373234e-05 1.44464416734991e-05 1.222043620146e-05 9.75275343080284e-06 8.72628170327516e-06 8.41338614918641e-06 9.50498633756069e-06 7.90657659308636e-06 7.77867011493072e-05 -9999 -9999 -9999 -9999 -9999 -9999 -9999 -9999 -9999 -9999 -9999 -9999 -9999 -9999 -9999 -9999 -9999 -9999 -9999 -9999 -9999 -9999 -9999 -9999 -9999 1.16436942334985e-05 -9999 -9999 -9999 1.21831482829293e-05
3.18016100209206e-05 2.65252383542247e-05 2.18563007365447e-05 2.3053128279571e-05 1.8286823615199e-05 2.15342059321388e-05 1.77998068465968e-05 1.18654018284037e-05 1.05202540397809e-05 9.48687293202965e-06 7.87829039836652e-06 8.73831932040048e-06 1.52628643263597e-05 6.79161381412996e-05 0.000264185946434736 -9999 -9999 -9999 -9999 -9999 -9999 -9999 -9999 -9999 -9999 -9999 -9999 -9999 -9999 -9999 -9999 -9999 -9999 -9999 -9999 -9999 -9999 -9999 2.44318111072062e-05 1.34733450977365e-05 1.49031289765844e-05 1.30193922814215e-05 1.52107191752293e-05 8.17649515738594e-06 5.96420341025805e-06
3.84678114642156e-05 3.1180942823994e-05 0.000152002264803741 0.000191739537694957 0.000122438235848676 0.000129205663688481 1.67038604558911e-05 1.32398943605949e-05 1.10349525130005e-05 9.20324959401419e-06 7.34574505258934e-06 1.60513816808816e-05 1.24147456517676e-05 9.75286326138303e-05 -9999 -9999 -9999 -9999 -9999 -9999 -9999 -9999 -9999 -9999 -9999 -9999 -9999 -9999 -9999 -9999 -9999 -9999 -9999 -9999 -9999 -9999 -9999 7.56094295866205e-06 1.36374650537618e-05 4.2026022583741e-06 7.57792968215654e-06 1.66549787536496e-05 1.52468497617519e-05 6.95807739248266e-06 7.2177830588771e-06
6.83660447975853e-05 0.0003937843372114 0.00025281990529038 0.000204016764473636 0.000170718916342594 1.67654179676902e-05 1.30266515043331e-05 1.30246114167676e-05 1.07286305137677e-05 6.93375359333004e-06 6.03416488047515e-06 6.49078317564999e-06 8.06539646873716e-06 -9999 -9999 -9999 -9999 -9999 -9999 -9999 -9999 -9999 -9999 -9999 -9999 -9999 -9999 -9999 -9999 -9999 -9999 -9999 -9999 -9999 -9999 9.59935350692831e-06 4.25323542003753e-06 8.76138337844168e-06 8.22643769424758e-06 6.40972848486854e-06 9.48497363424394e-06 1.11737337647355e-05 1.79218079210841e-05 1.65156023285817e-05 1.1384298431949e-05
4.25755582909915e-05 1.34257104036806e-05 4.51541768512698e-05 7.43364245863631e-05 3.69148823665455e-05 1.85869224878843e-05 1.28579478769097e-05 1.67165439052042e-05 9.81842558758217e-06 7.9099731919996e-06 8.19126744318055e-06 3.62065740773687e-05 -9999 -9999 -9999 -9999 -9999 -9999 -9999 -9999 -9999 -9999 -9999 -9999 -9999 -9999 -9999 -9999 -9999 -9999 -9999 -9999 -9999 -9999 -9999 -9999 -9999 9.99111216515303e-06 9.86912755251979e-06 5.13148011123121e-06 9.91767101368168e-06 1.34369986881211e-05 1.82495996341459e-05 1.59465063916286e-05 1.82518246219843e-05
