Maxent_result_files_1/Bombus_sylvestris_2.asc
NCOLS 594 
NROWS 330 
XLLCORNER -15 
YLLCORNER 23 
CELLSIZE 0.166666666666667 
NODATA_value -9999 
[rows 240 to 259 of 330, columns 405 to 449 of 594]
-9999 -9999 -9999 -9999 -9999 -9999 -9999 -9999 2.65033665336256e-05 2.90745417955374e-05 3.05711762980554e-05 2.86255972436478e-05 3.16262445651305e-05 3.35387628918715e-05 2.92986688469554e-05 1.49985269151109e-05 9.98056557213189e-06 1.80954706991088e-05 1.67878504349517e-05 2.35302527585191e-05 5.55728862309479e-05 5.50143398868386e-05 4.89824323267385e-05 3.64618177172815e-05 3.3979735462708e-05 4.86468680719554e-05 8.25331801024731e-05 0.000219027323328191 0.000363239194848597 0.000600321400607484 0.00121925585408462 0.000890835275640711 0.00129680208920036 7.81949449446984e-05 3.35559335979951e-05 4.95459364204809e-05 1.84311471690402e-06 9.3021682279204e-07 1.09966713979226e-06 3.7626202631369e-07 1.74291900423285e-07 3.11315780909816e-07 1.74745088575845e-06 5.23860693213418e-07 5.19978363811013e-07
-9999 -9999 -9999 -9999 -9999 -9999 -9999 -9999 2.43503951559254e-05 3.06105529874867e-05 3.05673420002872e-05 3.26017239345e-05 2.73645300940317e-05 2.91921258254502e-05 1.92938813056376e-05 1.1805978718904e-05 1.68546178016982e-05 4.19819150693002e-05 8.56305565775983e-05 4.22856496925306e-05 7.93746070485213e-05 0.000230193388051703 0.000136887016196852 0.000116556038028648 6.53168289318273e-05 4.53819242920872e-05 4.79713048662234e-05 6.0451481022028e-05 0.000100189575459808 0.000196752394794497 0.00042027238450828 0.000914167417795397 0.00194863972719759 0.00281660004402511 0.00212815309059806 0.000369463708614148 4.83812688344187e-05 4.12626766205904e-05 1.25081113325543e-05 2.05448873455971e-06 3.97072600019088e-06 7.65441495953478e-07 2.20478471291141e-07 6.44469566057904e-07 8.12141946537892e-07
-9999 -9999 -9999 -9999 -9999 -9999 -9999 -9999 1.91361977767146e-05 3.45707278567975e-05 2.04034115483309e-05 3.34167422206821e-05 1.43370014650923e-05 1.57706207805308e-05 1.33819594282159e-05 2.11393694740991e-05 6.08152779705051e-05 0.000113528791644057 1.76192031290157e-05 1.85407674734961e-05 6.54152365314076e-05 0.00015222011716105 0.000195949505359749 0.000282855048862984 0.000139631328238465 0.000250975658855168 9.56310161200236e-05 5.01879468174593e-05 0.000309752007161002 0.000243557427893459 0.000470430643690634 0.000785334731335752 0.00171651516575366 0.000846186347189359 0.002116894046776 0.00311763440258801 0.00187025256454945 0.0005767358095909 5.76848925447848e-05 7.80909437736454e-06 3.99555947163677e-06 1.2983354020446e-06 6.34118763720437e-07 2.03698965151045e-07 4.97862132886606e-07
-9999 -9999 -9999 -9999 -9999 -9999 -9999 -9999 3.74738404799402e-05 1.56387451967888e-05 1.72586242346284e-05 3.97181958419424e-05 2.50301358150296e-05 1.90973458025212e-05 1.59233535555359e-05 3.07646939518236e-05 6.40241845303535e-05 1.56286878166156e-05 2.5982225304233e-05 0.000283203646176844 0.00059396193100838 0.000158803443355282 0.000242827483361907 0.000518374940293143 0.00031211034511216 0.000115731980076816 0.000217410123877926 0.000654566995217487 0.00067682229273951 0.00135167052602077 0.000444996636360884 0.000392227650081622 0.000407048025590484 0.000467696742271073 0.00129041546024382 0.00223369470331818 0.00186081597348675 0.00405518456827849 0.000163955444187636 1.69381210127995e-05 2.00056925425685e-06 1.06549676516909e-05 7.07750915500682e-06 1.95207946903642e-06 1.09585859486838e-06
-9999 -9999 -9999 -9999 -9999 -9999 -9999 -9999 -9999 1.58012651809258e-05 5.4453638040286e-05 4.0453023302689e-05 0.000111455109345115 4.5826345876776e-05 3.62646111852882e-05 0.000132136852926124 2.02128847433869e-05 5.73770897972281e-05 0.000171126459827065 0.000254811024319679 0.00014764588682965 0.000168857212111106 0.00017021702033162 0.000276608127342115 0.00011678061891871 0.000195388901011029 0.000257837486424251 0.000280324451159686 0.000494443124625832 0.000466234469502846 0.000497141861524142 0.000477498914551688 0.000754442584002391 0.000978247480816208 0.000379319342027884 0.00086339803528972 0.00093541951791849 0.00186570285004564 0.00143271308916155 0.000139357986472533 4.64212574115663e-05 1.72434824186496e-05 7.3782115924792e-06 3.41725513997027e-06 9.77191147022438e-07
-9999 -9999 -9999 -9999 -9999 -9999 -9999 -9999 -9999 3.42871197972272e-05 0.00040652087845956 0.000667313249141443 9.58326303589274e-05 2.52385339081229e-05 1.64575257713295e-05 2.19247443737913e-05 0.000231850597204009 0.000716792616731254 0.00027193062759352 0.000297623461023022 0.000271668244397461 0.00027583121348016 0.000121623331096998 0.00024081998121801 4.42734096509412e-05 9.71320357166405e-05 3.36021780867668e-05 3.61690061708941e-05 5.37374238774646e-05 0.000225963223783765 0.00033793252886023 0.000285860733674781 0.000380344869699911 0.000873490849335212 0.00050095668702852 0.00092536180454772 0.000958292439463548 0.00137399967934471 0.000668014043185394 0.000674460736263427 0.000645374431042001 0.000721889168660317 9.11699277367006e-05 3.28573969625268e-05 7.07683384290059e-06
-9999 -9999 -9999 -9999 -9999 -9999 -9999 -9999 -9999 0.000149777141268714 5.83075783652021e-05 0.000124995937949279 8.21556257506018e-05 0.00022319426498143 0.000251937708536798 0.000560318528732751 0.000650020256216521 8.63844703076211e-05 0.000209194009403291 0.000415865996012599 0.000191746578946095 0.000116379966917179 0.000115139935337538 9.18128430271281e-05 4.58430029624424e-05 9.27686368328295e-06 2.03503133793248e-06 1.44392254867398e-05 2.1805154977983e-05 1.94376493254822e-05 2.49135360718356e-05 0.000137537002961874 0.000453954412296298 0.000456411357663455 0.000230241558892885 0.000256051093856513 0.000445330738148186 0.000206734226958361 0.000452745089205564 0.000572271581404493 0.000463765416316164 0.000501243480448466 0.000432127180010866 0.000444025350589072 7.68879535144151e-05
-9999 -9999 0.00130787398811664 0.000950794342497829 0.000404175197763834 0.000103315389242198 0.000522518566867802 0.00106942055281253 0.00161288779927442 0.00198429700115934 0.00159772807965055 0.00410829760367051 0.00260279286885634 0.00361997828877065 0.00100376867026597 0.000344915178891725 7.54324065557199e-05 0.000145726678281388 0.000177755255243284 0.000113740501851822 0.000117216623452521 0.000105217903305288 6.38643104480252e-05 4.51201647265975e-05 1.71041033530273e-05 1.19126393300917e-05 1.16823371936192e-05 1.04307656485503e-05 6.14824824154425e-06 3.49059027762166e-06 4.0891326435144e-06 1.60611579417491e-05 4.47073992290825e-05 0.000156336901625309 0.000276819144255569 0.000175506527921243 0.000339313603944902 0.000841345783919678 0.000191972202355828 0.000108283152090971 0.00053364302808484 0.00061010642867233 0.00119874670140874 0.00121515452647145 0.00015638625363863
0.00036356258278829 0.000968798294343287 0.000395078809378902 0.00187982787902001 0.00274473181925954 0.00254810209944623 0.00350964160461444 0.00318111337255687 0.00120386567123205 0.000457043625996789 7.99839655883705e-05 0.000146235465861499 0.000171929973499818 0.000123490624620004 2.75784127743872e-05 2.86062831225675e-05 3.84648470976523e-05 7.18158917285105e-05 9.63036282627172e-05 6.64839468356604e-05 7.08112894518109e-05 3.22394973456319e-05 1.70569992474334e-05 2.53079447899651e-05 2.8903006643155e-05 2.96484753162574e-05 0.000126140942194297 2.54986480442199e-05 4.94426285584382e-06 6.23577385052698e-06 4.31259110413862e-06 2.40775561923812e-06 9.59108855909108e-06 5.2190044971212e-05 3.8336799207328e-05 0.000239104201489226 0.000166358264777955 8.77462228686454e-05 0.000300369800561384 0.000177021187119775 7.80493694946927e-05 0.00027936558235524 0.000340053583204281 0.000587514328799443 0.00133789950923529
0.00110347550071318 0.00151539252838132 0.0064167203090739 0.00496455881122699 0.00352213758451398 0.00483474098728038 0.00415379977785051 0.00450034849873191 0.000535007217325045 0.000119218583816938 9.04115118408599e-05 7.39551619201806e-05 4.79634929903772e-05 7.58474261833397e-05 0.000160270818171115 7.47332285357505e-05 3.10109615098586e-05 1.9105381575002e-05 3.23540646214426e-05 2.76637891440057e-05 4.82665339402111e-05 4.07335687703458e-05 2.10537902401775e-05 4.97086275523806e-06 8.53097551317683e-06 6.35704969861317e-06 1.81556362128132e-05 5.73632930560564e-05 0.000330334267039234 5.5904395051698e-05 1.24572313463744e-05 8.88312580187289e-06 1.931595130511e-06 2.29373420381762e-05 6.48113365286918e-06 8.31257693789667e-05 6.30885167993256e-05 0.000136131881084867 7.52997996130489e-05 9.70348526776244e-05 5.91616612837242e-05 2.03923384361815e-05 0.00085317725527716 5.99888968793039e-05 0.000139424658664211
0.0112752553308383 0.00465613012156609 0.006829569558613 0.00505860506091267 0.00306480122671928 0.00329998654791035 0.00169799511550082 0.000400800028728554 5.40386056085307e-05 8.30397429115504e-05 5.56518319780541e-05 2.30013593439993e-05 3.48250054683419e-05 7.88138391976112e-05 5.91242210523091e-05 5.50136956115943e-05 3.88878339356635e-05 6.75401683871479e-05 0.000144974336293047 4.56315259651729e-05 1.80113971814944e-05 1.38748465470462e-05 9.0344082294469e-06 5.66925332748935e-06 4.81437316294242e-06 3.74669693887775e-06 4.29342268155608e-06 5.34195143901961e-06 7.18029300478262e-06 1.09832081086614e-05 5.44651689333708e-06 4.16173103302553e-06 4.0000891863623e-06 5.93820325818228e-06 1.04791891999412e-05 2.49537215708528e-06 5.66447571372919e-05 0.000222736826844994 0.000109688236716465 0.000133172990347119 0.000116991511460296 5.82003581712343e-05 0.000542028279721762 0.000202979035621809 3.15588256022181e-05
0.0023955829318993 0.00426507674128516 0.00453879160340875 0.00344774015247822 0.00259303944185376 0.0023042578850891 0.000986991234695722 0.000119091781444114 5.97893656620552e-05 0.000177775775083511 0.000100650207203046 5.42916468772248e-05 2.72391539386518e-05 2.87765104239779e-05 2.04613450803914e-05 1.93993652549795e-05 2.38682430025339e-05 6.10166715157789e-05 6.70678858352369e-05 1.79491072669791e-05 1.60932534325142e-05 1.38780675521644e-05 5.10923504368765e-06 4.60743100071381e-06 4.41752478888002e-06 3.61116864024957e-06 3.15469238097998e-06 3.25481866558786e-06 3.19361619603997e-06 4.82758478583811e-06 3.26838151063491e-06 3.25338015224608e-06 2.11471678296382e-06 1.01681934610021e-06 2.47984812625779e-06 2.71166962786396e-06 1.07814413386365e-05 2.81651531082616e-05 8.21253886101658e-05 0.000302899986945704 0.000112504524804535 9.20647660677787e-05 0.000111381236001762 8.26568345928536e-05 1.68828648495989e-05
0.000169207110422231 0.000341828507910336 0.000304713702021786 0.000276526266574706 0.000133630844620014 9.92794943933339e-05 0.000257423349561914 0.000215006156241904 1.9310601616207e-05 1.78156850021094e-05 3.30116422545323e-05 2.72033065953359e-05 3.6103523997344e-05 4.10490003586172e-05 2.19448229180519e-05 1.47886927109986e-05 1.08165408801097e-05 1.79749881741298e-05 4.60627645045619e-05 3.82557629770242e-05 3.93151844694017e-05 1.78509708531172e-05 4.72378408562513e-06 3.95379528804751e-06 4.35747290895572e-06 3.46247086870921e-06 3.38860383050088e-06 4.22434511562209e-06 3.2279628929377e-06 6.94281349743475e-06 1.86026367338332e-05 2.81882236929043e-05 1.72263425464392e-05 3.96323407491073e-06 5.43791658625947e-06 3.28895556398479e-06 9.68778715719765e-06 7.80989623923034e-06 4.03854928890723e-05 9.4691766764754e-05 0.000155650907800009 0.000189471333510482 0.000270362048081552 0.000158697435631439 4.05123986539024e-05
0.000104094645732822 0.000172761536557919 0.000101369595751211 6.71237919426027e-05 6.20376304258041e-05 0.000156427227552935 9.48096384621122e-05 3.32933914508948e-05 2.35513313454727e-05 1.21102787355887e-05 2.10746129202688e-05 1.73072374781147e-05 1.26997766549009e-05 2.03951403568214e-05 1.51576992499347e-05 2.04417020822079e-05 1.54091476765039e-05 4.64567710525721e-05 2.38506450202292e-05 1.96156326477404e-05 1.1628940335906e-05 5.65699991668112e-06 2.98315236519908e-06 4.35480000451349e-06 3.78636982177882e-06 3.46622976874489e-06 3.23487599510619e-06 4.05885272311002e-06 2.54060972287862e-06 1.32358918852771e-05 0.000109198672362298 0.000125659711572546 8.15296349918171e-05 2.31857121226087e-05 1.68254195606288e-05 2.32180278004535e-05 8.41220372535645e-05 4.55564359356231e-05 6.26365244869476e-05 9.85868266752732e-05 4.90207884922711e-05 4.12214601965388e-05 4.65374949271791e-05 0.000266077149422017 0.000498319122084467
4.93900968710492e-05 6.12439172826829e-05 0.000217741762589707 0.000201594620675516 3.891655616306e-05 1.88727903422392e-05 1.98346963652285e-05 3.30397936570082e-05 6.07044792960032e-05 2.3211427116443e-05 1.86885080169397e-05 1.46473839252259e-05 1.29651580241474e-05 1.1332069387382e-05 6.90784522404675e-06 1.76363124163026e-05 1.25102837094104e-05 7.30095159009458e-06 4.72752689321121e-06 2.69959731211689e-06 2.4908895596143e-06 2.20625034380584e-06 2.01517790361372e-06 4.6209880086745e-06 8.95852825857357e-06 1.01033821872765e-05 4.13290493097573e-06 4.50135915642802e-06 1.71460615443264e-05 2.72481977448891e-05 3.14297201043257e-05 5.69237611388607e-05 5.43465950869848e-05 4.53181933542268e-05 3.82680860246509e-05 1.46632462456608e-05 2.10752102773881e-05 4.31756244324788e-05 5.88879243537122e-05 6.94928032771713e-05 6.56681167924944e-05 6.79688622312824e-05 7.86228191373084e-05 7.74619912590424e-05 0.00028809627708597
7.38272502358028e-05 0.000126874660508713 6.94422276110496e-05 2.86674538257037e-05 1.22617839751316e-05 1.05773210024918e-05 1.17931431537599e-05 1.30762248111149e-05 3.08232034599953e-05 3.73298799359989e-05 2.31035025922921e-05 3.52002589476097e-05 2.85315939818953e-05 9.59583354375182e-06 4.47880522816968e-06 2.8143303483219e-06 2.8998194211427e-06 2.84724011173632e-06 2.2203108966945e-06 2.14753537053358e-06 2.15233174807317e-06 1.67982288648005e-06 1.35092654617308e-06 1.50392305143798e-06 2.29532181681424e-06 7.61608075739995e-06 6.37152396819607e-06 3.28049706833644e-06 4.64989349818756e-06 5.54454016251649e-06 4.37838641179633e-06 6.62840000111853e-06 1.05456471415688e-05 1.93875861939419e-05 5.6930853099213e-06 1.30798222518269e-05 3.07619875918874e-05 2.32637009290215e-05 1.51090514236785e-05 4.42283891885609e-05 5.53891014646979e-05 3.03816660391476e-05 0.000210776251446987 0.000165100292360876 0.000204500590371026
1.79074363484411e-06 5.73339180571786e-06 6.21992579421526e-06 6.94205249917035e-06 6.72085966320068e-06 6.39775122419639e-06 6.09238432855985e-06 6.02140277293772e-06 7.05020309020865e-06 7.62142774406449e-06 6.60078323937441e-06 9.59362679824327e-06 4.99692951524411e-06 3.54415144137032e-06 2.66733665417185e-06 2.30663625303551e-06 2.09516827242018e-06 2.00022112385456e-06 1.6861639063448e-06 1.60324181813776e-06 1.59323703758929e-06 1.46235745045464e-06 1.18053889525127e-06 1.00494341369606e-06 8.77924987996437e-07 1.62886656067673e-06 1.97901631088238e-06 2.04158535899168e-06 1.50834128117561e-06 1.69790050783547e-06 2.22092574296839e-06 9.39147651157768e-07 1.67950586827947e-06 1.0606955268222e-06 1.87377215256079e-06 6.21993205933702e-06 6.19098286241959e-06 1.16595813149267e-05 4.69293602037846e-06 1.10160645047763e-05 5.2862101874851e-05 7.97458617549651e-06 5.39053571223747e-05 0.000288371482542971 0.000332350928169944
2.33050016260616e-06 3.55550259273363e-06 4.22848915333507e-06 3.99560885118166e-06 4.00082904060683e-06 4.72666468719352e-06 5.29245545968227e-06 4.83242431716935e-06 4.94226629316197e-06 5.01766318607988e-06 3.45113152461218e-06 3.14546865535226e-06 2.81690838399573e-06 2.52681728346582e-06 2.14787390135918e-06 2.17014358413481e-06 1.91417044461684e-06 1.5539673625331e-06 1.41096852473988e-06 1.3245703066489e-06 1.57864637753136e-06 1.52402120121575e-06 1.06656887185475e-06 1.10411044113023e-06 7.73286589617062e-07 9.40443520236478e-07 1.12534662779495e-06 1.15511500479171e-06 9.31901472178698e-07 9.72092352036213e-07 9.74251843466334e-07 1.06797682353221e-06 8.93789066958028e-07 1.11652734364753e-06 1.97821652293539e-06 2.44448736952396e-06 2.09723177631016e-06 3.91946511116847e-06 4.97115324438191e-06 9.19691775701503e-06 1.13154111606062e-05 1.29807672192506e-05 1.37254497216688e-05 3.59765988925176e-05 0.000201722998951936
2.53642914105345e-06 2.4093560335392e-06 3.42101268232531e-06 3.47401772319289e-06 4.17574176762026e-06 5.33237068222059e-06 4.52577554659328e-06 4.0047070030802e-06 3.08414800772594e-06 2.78363718980712e-06 2.46860937315185e-06 2.56289644977592e-06 2.41517324273133e-06 1.9972287875536e-06 1.78200416357521e-06 1.49894966839925e-06 1.31310952684593e-06 1.23987439228923e-06 1.02868233514686e-06 9.2089262534456e-07 8.71957980563831e-07 9.32196907177385e-07 6.70838589444944e-07 6.92445282790555e-07 6.89459236791201e-07 7.33974036459806e-07 1.49229798160899e-06 1.64448178181509e-06 3.15550102186757e-06 2.46003422994523e-06 1.45298358997792e-06 1.13865780597688e-06 1.30405353334639e-06 1.254178371346e-06 1.24139243316002e-06 1.65967937891809e-06 1.36045346802449e-06 1.1744776971967e-06 2.37320583795775e-06 3.5124321954183e-06 5.2018044757407e-06 5.73478459229282e-06 8.64238037878717e-06 1.56204422716577e-05 4.07288072999279e-05
2.48667674394021e-06 2.90855934130807e-06 2.89822887844515e-06 2.50794278833233e-06 2.45114763461896e-06 2.32377732060085e-06 2.32033542453269e-06 1.98729972349376e-06 2.13896530242286e-06 2.04677541878473e-06 1.92014547761854e-06 1.86852052062036e-06 1.70853283713024e-06 1.39249331274627e-06 1.26390808692367e-06 1.1426228463729e-06 1.03995857916317e-06 9.45646002314948e-07 8.46013851485417e-07 7.56996768225271e-07 6.8012100632453e-07 5.90139842870929e-07 5.34614184044546e-07 5.32810699838127e-07 5.47433103181838e-07 5.14162471043633e-07 7.55925993856099e-07 9.99123555833759e-07 3.24730817045094e-06 1.22513195096596e-06 8.04200793180776e-07 8.62593048278626e-07 9.54438345979192e-07 8.83305853893734e-07 1.11744560843396e-06 1.80991194825841e-06 1.17474007477192e-06 1.30582205656316e-06 1.50042068256528e-06 1.90137929165779e-06 3.76053554769218e-06 2.98398265512478e-06 4.15780264446663e-06 5.11870313354423e-06 6.3109142749429e-06
