Maxent_result_files_1/Bombus_ruderarius_3.asc
NCOLS 594 
NROWS 330 
XLLCORNER -15 
YLLCORNER 23 
CELLSIZE 0.166666666666667 
NODATA_value -9999 
[rows 140 to 159 of 330, columns 368 to 413 of 594]
0.00326934386976063 0.00189259189646691 0.00470139309763908 0.00386239439249039 0.00378049430437386 0.00323568563908339 0.00256626212503761 0.00160662992857397 0.0019145525759086 0.00136939901858568 0.00121110863983631 0.00179261327721179 0.00130916911875829 0.00114912182325497 0.00164667698554695 0.00062856562435627 0.00231854878365993 0.00229667997919023 0.00176726470235735 0.00131739474600181 0.00114963033702224 0.0010929899988696 0.00219311979599297 0.00141320452094078 0.00181676445063204 0.00122361989924684 0.00107726820278913 0.00110693281749263 0.000968168454710394 0.00124015390174463 0.000641834596171975 0.000611088477307931 0.000710692256689072 0.000885490071959794 0.00112595140235499 0.00243553835898638 0.00165069932118058 0.00131232106359676 0.00657660160213709 0.00237468192353845 0.00150186701212078 0.000993087573442608 0.00212070094421506 0.0017031590687111 0.00180247337557375 0.00138204605318606
0.0030389245133847 0.00336925126612186 0.00516780568286777 0.00296834143809974 0.00239422887098044 0.00286054536700249 0.00233656172640622 0.0015072888112627 0.00132658421061933 0.00124574063811451 0.00231432423461229 0.00235787532292306 0.000197704140481114 0.00174116501584649 0.00141818302217871 0.00223801147658378 0.00089037885190919 0.00146626237547025 0.00135445983614773 0.0013080843957141 0.000908165459986776 0.00156520528253168 0.00407001972198486 0.00160225939471275 0.000715118704829365 0.000481191737344488 0.00102689638733864 0.000387255172245204 0.000323193470831029 0.000500522449146956 0.00135890878736973 0.000751577829942107 0.000478233024477959 0.000984964496456087 0.000893060094676912 0.000716872350312769 0.0011562405154109 0.000946652563288808 0.00137009497266263 0.00118304991628975 0.00103522543795407 0.00342015451751649 0.00195317412726581 0.00278510977514088 0.00160893355496228 0.00139387281378731
0.00692761046811938 0.00569784455001354 0.00390787641517818 0.00275167189538479 0.00267595807090402 0.00330686657689512 0.00189982345327735 0.00235413354821503 0.00145460001658648 0.00110452353255823 0.00224274224601686 0.00176956419600174 0.149618598073721 0.00116372361313495 0.00118359448388219 0.000636209885124117 0.000608103250851855 0.00109387849224731 0.00285424836911261 0.00127312254135177 0.00157647547312081 0.00119936695555225 0.000661316135665402 0.000555254897335544 0.000563635944854468 0.000641189306043088 0.000502271152799949 0.000591783737763762 0.000822466716635972 0.000840968103148043 0.000538340955972671 0.000412056100321934 0.000511860981350765 0.000802782486425713 0.000869462918490171 0.0012970105628483 0.00137249644612893 0.00075971984770149 0.000855074054561555 0.00151432733982801 0.0010693269316107 0.000875333929434419 0.00076119682053104 0.00103951127966866 0.00163857431616634 0.00163630885072052
0.00402264269068837 0.00514858346432447 0.00419057463295758 0.00208607697859406 0.00656245779246092 0.00325258290395141 0.00233198623172939 0.0023658532416448 0.00199836073443294 0.00123376274714246 0.00102949505671859 0.00329515002667904 0.000807143858401105 0.00129275746876374 0.00158886790741235 0.0014916512882337 0.000867413158994168 0.00066764919902198 0.000811926991445944 0.00116472990484908 0.000488625781144947 0.000523110688664019 0.000723908131476492 0.000780496088555083 0.000591382972197607 0.000607702875277028 0.000774349935818464 0.000774682557675987 0.000936596968676895 0.000516343960771337 0.000441256101476029 0.000498273799894378 0.000669253611704335 0.000459832220803946 0.000686906429473311 0.00064357666997239 0.0014499458251521 0.00117270838236436 0.000757018837612122 0.00128980107838288 0.000739276863168925 0.000731891999021173 0.000619924569036812 0.000899032130837441 0.00117154191248119 0.00109203683678061
0.000884215389669407 0.00739753292873502 0.00396795878186822 0.00359158129431307 0.00390410232357681 0.00305710681714118 0.00425155539996922 0.00223933816887438 0.00158770405687392 0.00101283264812082 0.00227486572694033 0.00414508441463113 0.00340171749703586 0.00203806387726217 0.000862718094140291 0.0011715721571818 0.000826234125997871 0.000442345032934099 0.000752907886635512 0.000584649515803903 0.000600363989360631 0.000560655677691102 0.000582685659173876 0.00089099274482578 0.000633662944892421 0.000614409416448325 0.000948147114831954 0.000919699529185891 0.00114002189366147 0.00055296333739534 0.000578219298040494 0.000641780212754384 0.000763622781960294 0.000707090040668845 0.000734456506324932 0.000714168668491766 0.000819757027784362 0.00112492761109024 0.000947213207837194 0.000857922434806824 0.000664264312945306 0.000647979858331382 0.00064151284750551 0.00056075393804349 0.000912239821627736 0.00153752092737705
0.00460187653079629 0.00459403647109866 0.00582493506371975 0.00466805556789041 0.00331733995117247 0.00360471741296351 0.00429053911939263 0.00264998634811491 0.00214455483946949 0.000679574010428041 0.00177940514404327 0.00214777912478894 0.00120422552572563 0.00059340107254684 0.000850407977122814 0.000963558442890644 0.000316336948890239 0.000891463342122734 0.0007329193118494 0.000631277897628024 0.00101184470113367 0.00183476018719375 0.00175307411700487 0.000662391848163679 0.0012447370798327 0.000930256547871977 0.00107483494793996 0.000760175712639466 0.000498748989775777 0.000462497700937092 0.000756702857324854 0.000695840461412445 0.000707911507925019 0.00056468810653314 0.000563419185345992 0.000635218340903521 0.000424128235317767 0.000696062849601731 0.000440369569696486 0.000637839885894209 0.000793230452109128 0.000627112702932209 0.00120049981633201 0.00116577649023384 0.000719506083987653 0.00096016509924084
0.00324605433270335 0.00299323056824505 0.00406838371418417 0.00472893724218011 0.000925649801502004 0.00367139992304146 0.00201191490050405 0.00261066912207752 0.00334367668256164 0.00193650517612696 0.0021549669560045 0.00147441978333518 0.00076835259096697 0.00058336011134088 0.000739079411141574 0.000812300539109856 0.000745114043820649 0.00285765840671957 0.00615509825292975 0.00816254802048206 0.0023470054846257 0.00219436706975102 0.00211742094252259 0.00228056847117841 0.00164982782443985 0.000458777381572872 0.000730888132238761 0.00048577893176116 0.000680419692071155 0.000398601306369528 0.000497250474290922 0.000196487772336695 0.000616508245002478 0.000382792239543051 0.000157867534289835 0.000419698638143018 0.00116469355998561 0.000375986087601632 0.000598929385887459 0.000561521766940132 0.000687385135097429 0.00069244034239091 0.000574355182470754 0.000566846318542957 0.000620160985272378 0.000584043969865888
0.00277808993123472 0.0033997415099293 0.00388183104805648 0.00237357802689075 0.00203236346133053 0.00267296135425568 0.00202271747402847 0.00242521562613547 0.0021403833758086 0.00298460284247994 0.00132892234250903 0.00165803015697747 0.000772471295204014 0.000667837262153626 0.000879237288609147 0.00134309343993664 0.000473005505045876 0.000708362722070888 5.36470092074581e-05 4.2708299588412e-06 0.00437704306095839 0.00247558811679482 0.0010099732899107 2.51261176348883e-05 0.000745908246608451 0.00046089268871583 0.000849095568992198 0.000513858906924725 0.000344487486290745 0.0012623489019461 0.001695801387541 0.000404396693920717 0.000289687581243925 0.000334314416977577 0.000340312189655378 0.000334896252024919 0.000349872861988842 0.000888877332909033 0.000372474774485454 0.000489315204322338 0.000465142249595374 0.000533333403291181 0.00073376540094614 0.000693425908684731 0.000704933400265872 0.000437820405932143
0.00302220368757844 0.00301407538354397 0.00377142862416804 0.00364963714964688 0.00134912031935528 0.0013695779023692 0.0022281950339675 0.00247002188116312 0.00251990167889744 0.00165660523343831 0.00108715202659369 0.00109628898790106 0.00016815598879063 0.00204708382952958 0.00102243094006553 0.00079687136458233 0.000676304125227034 0.000448528031120077 0.00040637290221639 0.000473031145520508 0.000608651613583788 0.000262931018369272 0.0846194586365883 0.0635682413820177 0.00129257077205693 0.00170356128364801 0.00055543064372614 0.000449691736139357 0.000361659508780576 0.000328204242396168 0.000322626292472705 0.00059409491950646 0.000326613560901023 0.000567717797821388 0.00054311936837621 0.000539209297858179 0.000632892607245594 0.000373766804113984 0.000375688774511218 0.000417799042770639 0.000395005248719826 0.000590219261357561 0.000546387716894969 0.000492055440554395 0.000518721720436588 0.000542362948181108
0.00203073144366499 0.000406111311372115 0.002528464095667 0.00175971644930542 0.00133625280577689 0.00115084165008739 0.000561159261269495 0.000702018366428092 0.00106996998074465 0.00103141283616424 0.000797593774041161 0.000879875489044935 0.190632619708776 0.000310828624060377 0.000835542124696076 0.000758437585318461 0.000520528381457552 0.000590146664762869 0.000440218200674281 0.000778334378264844 0.00178627787288512 0.253529800474644 0.0639655968290754 0.000416068831691518 0.000280193125945516 0.000365055631846189 0.000650790921645239 0.000703457137569785 0.000555492413695902 0.000453183328500018 0.000586701987776905 0.000728105212328956 0.00117605478735641 0.000612247595563531 0.00167799827177078 0.00178457137662917 0.000312471794313751 0.000355997172300704 0.000324734451714903 0.000348740533809178 0.000348884437698871 0.000395579164614901 0.000376249838154763 0.000515760388225317 0.000512700120452791 0.000416396785294637
0.00145928480196744 0.0019119651755318 0.00206315694376826 0.00233343199361116 0.00187082898337394 0.00211230255663395 0.00119508230127394 0.000939994642976671 0.00142558603547513 0.00123396302806213 0.000472291297046468 0.000388133933302015 0.000346175098093227 0.000186950759962201 0.000473897001938894 0.000411673227790743 0.00036284530069679 0.000435077381553128 0.000758008140837774 0.000522811041446403 0.00131189776584506 0.000462456489913166 0.000278427737066522 0.000264968877309002 0.000411969827837311 0.000226897676475346 0.000253910972969607 0.000385765769169666 0.00064920621807687 0.000182729563675821 0.00028857217694167 0.000231580412946641 0.000530859699938446 0.00126781323924661 0.00172165136318654 0.00125087167834863 0.000540144741535187 0.000437600913573988 0.000277163574355654 0.000255330224172212 0.000377465784549713 0.000275994572439231 0.000368336826795712 0.000394182134186849 0.000296120843268 0.000410663668299094
0.000703693635296077 0.000452493818011135 0.000595423072809353 0.000302890356397256 0.000516677944688126 0.00101515082642436 0.000683045882033184 0.00043430749210529 0.000615954218665138 0.000620457623153925 0.000344019816839136 0.000435601937351748 0.000294114981079474 0.000495591416256502 0.00042414401541464 0.00043329318286851 0.000460218562511727 0.000441077095456421 0.000384999590460211 0.000498559989500791 0.000344428155221976 0.000310524547239766 0.000363659832510166 0.000249808566877618 0.000200223649153486 0.000179962995753158 0.000288643082603812 0.000214172530104406 0.000178841549495701 0.000158638188440818 0.000319688173476607 0.000250360681093298 0.000368100823834538 0.000434452010085806 0.0003538305638358 0.00218722152058035 0.000418598629767075 0.000456947454949841 0.000512079591862857 0.000932708918116987 0.000426778639666736 0.000434455054346472 0.000377770815975964 0.000262169446796179 0.000325048470403999 0.000366960969404317
0.000524650915758684 0.000353599776281044 0.000369927161955275 0.000271687319036573 0.000375023600645363 0.000266836432274431 0.000379442833946086 0.000461554049979895 0.000480298814363778 0.00061392025090754 0.000214633328141645 0.000217681884532794 0.000237338914303109 0.000360631482908502 0.000377400399884209 0.000367093301611021 0.000563727197004482 0.000374748167814687 0.000367834023199976 0.000349922326859087 0.000311871321173385 0.000282200740184635 0.000244360172655433 0.000216542530688457 0.000190530568943359 0.000195624990737997 0.000198204581101891 0.000252712654764764 0.000246358552249148 0.000212258902320173 0.000264692128985189 0.000354434718610719 0.000373875370132737 0.000373212585691363 0.000327058229595423 0.000381158455274999 0.000236869169748388 0.00049850347568281 0.000349516002461314 0.000572942721191794 0.000311121644335799 0.000366294622654095 0.000370365823619068 0.000332159298704937 0.000375639300909825 0.000331469014054164
0.000433250516653061 0.000540700339479372 0.00061536415014416 0.000524896880961023 0.00065305070602335 0.000298683444270864 0.000363719344022684 0.000328483097837307 0.000460171632585116 0.000212772068334743 5.14894534717314e-05 0.000207704154308885 0.000306853896472603 0.000317525651189499 0.000454967701807618 0.000323355826549232 0.000447222247021273 0.000449253799160942 0.00031991885334719 0.000432907801587135 0.0002714062895393 0.000451006845105439 0.000199457461712882 0.000245634923339821 0.000161855561600532 0.000233610192663036 0.000192787466221489 0.000304985989350826 0.000290380461956374 0.00018945403280668 0.000278520019492134 0.000285618897760287 0.0001995168015128 0.000301662372658029 0.000324413232738152 0.000417781923897564 0.000359390222001821 0.000268796569434926 0.00023467717692256 0.000343374459771439 0.000728119804989547 0.000197978538926691 0.000223720210487954 0.00026516260986682 0.000285497584263794 0.000324263857328333
0.00043748333118856 0.000711149867856875 0.000388176459819078 0.000342855521012098 0.000411680300021544 0.000511898868717253 0.000264282809803262 0.0003699462977238 0.000528798217419535 0.000221055507427081 0.000121927566942759 7.39449504180811e-05 0.000104880990329548 0.000251719934749417 0.00035071891034022 0.000334637615014799 0.000338082134840079 0.000276163866510615 0.00029063448891975 0.000435548936366104 0.000335767379147001 0.000375045058899559 0.000324531394289807 0.000231110164895654 0.000330303897499107 0.000163939701451454 0.000174171391699929 0.000282372083165683 0.000225288135698065 0.000234076441847719 0.000275891405181028 0.000289546203566715 0.000304938672343269 0.000277662943699397 0.000357315249857493 0.000239415818941779 0.000263853205251507 0.000261653948109597 0.00036420363758225 0.000377904885681346 0.000343122825142927 0.000293907424202189 0.00021129296219442 0.000214055561809801 0.000341143409605138 0.000335982409887947
0.000400384073145688 0.000384957325877622 0.000389388506300747 0.000459706236142665 0.000415765820071101 0.000246700592106208 2.02444985718975e-05 0.000707272661384195 0.00240108363796025 0.000129498715978116 0.000439085424295627 0.000354671390959993 0.000349237222690135 0.000299795102910139 0.000681765953777358 0.000339107055333443 0.000280293638934381 0.000300051440717652 0.000344044220400974 0.000312586163636297 0.000133822634234093 0.00022826156928204 0.000250920592225157 0.000161802479124162 0.000413921088329516 0.000338449826813303 0.000312354767811485 0.000264305010205135 0.000198567254119553 0.000237582696718164 0.000228416197933257 0.000106394790054765 0.000246992040774785 0.000316185763222165 0.000297731303726323 0.000274697929853573 0.000309462571749464 0.000303014548262581 0.000313408914371394 0.000308704809867777 0.00034742415882647 0.000379296054597944 0.000229751886217855 0.000273849305813201 0.000250777619658038 0.000263186055235565
0.000538531685015187 0.000352046964690089 0.000325105094816536 0.000404799121315591 0.000261113900342025 0.000324174924753606 0.000218595059413929 0.000566317292395979 0.00127386179519817 0.000396054983139038 0.000241466928855516 0.000295072479639202 0.000300395640078932 0.000123005434579682 0.000306658857152797 0.000256152651854791 0.000186996973934583 0.00024462325964123 0.00022359382128343 0.000130801870545838 0.000203727639745921 0.000104263924004044 0.000186587951611727 0.000133951878524385 0.000148508489655796 0.00023437099007424 0.000225158466491848 0.000231782870832831 0.000130641857685987 0.000154637832019944 8.3473305858206e-05 0.00017578013939783 0.000199289643205702 0.000205365996225737 0.000276286117150448 0.000208761836984195 0.000314562598941848 0.00024587745720055 0.000175846053753048 0.000268215971300378 0.00026331705157645 0.000263104416080751 0.000251977471634746 0.000215448229573667 0.000173997385718394 0.000260321769746952
8.35004102555104e-05 0.000263111549429595 0.00442460970953107 0.000425078283296898 0.000351971649797633 0.000327435883809812 0.000326297275023535 0.000349542699404992 0.000246199703542516 0.000244939923868515 0.00013650953915203 0.000223058904521167 0.000216379869380035 0.000119281059596688 8.82088192156516e-05 0.000170092999178451 0.00019802758761216 0.000110225832031574 7.78030342189595e-05 7.32248998247087e-05 7.59068134357221e-05 8.91987278009765e-05 0.000115145512972958 0.000182106607826427 0.000284760724753141 0.000161774377920665 0.000117462957859971 9.88749714451842e-05 9.28789624595083e-05 0.000200403717462905 9.1107671323698e-05 0.000109042273834348 9.76018985966221e-05 0.000234297357383184 0.000100164294417482 8.41717919684015e-05 0.00010224775178358 0.000230548510444351 0.000218876486178488 0.000197763627511449 0.000175793387461454 0.000200291715736967 0.000223871425259858 0.000219129485776648 0.000219532824121416 0.000184998688928317
0.00024436867388431 0.000334770037443377 0.000330347465933301 0.000342497101519257 0.000366449714056216 0.000299509611795656 0.000306535660638474 0.000254394038347527 0.000281195467687212 0.000167426701227669 0.000116287666605785 0.000143971777288243 0.00021037177357357 0.000124976574443281 0.000129004611517303 0.000130742031615227 0.000104699988150969 6.6543275170261e-05 0.000141046050703153 8.43772271764465e-05 0.000128149794181809 0.000416632113046944 0.00028037226293236 0.000352073286194354 0.000186806818237528 0.000461799057666212 0.000481779663823545 0.000393193552736193 0.000418139749672264 0.000384784740163013 9.01849023648538e-05 9.87851832178421e-05 7.6650211121887e-05 7.42199044907466e-05 0.000127047646674328 0.000119987731159199 9.96599192149006e-05 6.65644896798767e-05 0.000211920609581284 0.000315764953847975 0.000276820271392353 0.000361349299782887 0.000233648225548677 0.000412974134087563 0.000340893885004334 0.000172663356352132
0.000212671516055707 0.000208253602613695 0.000245884186006151 0.000219011097215116 9.33079878450371e-05 0.000227654396439902 0.000243725322070532 0.000233796608517878 0.000236039678566158 0.000209460928454064 0.00030605164647568 0.000641211506444961 0.000220865354640409 0.000140448441379704 9.69240994891152e-05 0.000383219384821132 0.000107028830097988 0.000329399877227843 0.000229788920842111 0.000240333206602372 0.000267002993496135 0.000245593284489587 0.000257550575770438 0.000345006876159459 0.000339934171643108 0.000410532316891477 0.000464065454434603 0.000436133681796491 0.000375903939129785 0.000449201237643138 0.000435997120803222 0.00017366674146615 0.000180740651558153 9.40023790462874e-05 9.4817258650437e-05 0.000113867929030675 9.66429186519235e-05 0.000320157944224775 0.000111236356315203 0.000185428548138589 0.000148158200317994 9.85142658464611e-05 6.54643743473571e-05 6.16441306192428e-05 5.38152016815729e-05 5.77815524593461e-05
