Maxent_result_files_1/Bombus_consobrinus_2.asc
NCOLS 594 
NROWS 330 
XLLCORNER -15 
YLLCORNER 23 
CELLSIZE 0.166666666666667 
NODATA_value -9999 
[rows 240 to 259 of 330, columns 484 to 527 of 594]
4.13891143580258e-14 3.65152352799214e-14 4.05405709003048e-12 1.64973146254965e-11 2.79603895592118e-11 5.93452718633536e-08 1.91678592664779e-08 3.6275094039695e-12 5.95234972422531e-13 7.47291117875193e-14 6.37934149949615e-14 5.36737321255032e-13 1.19859677738532e-13 1.85924609041876e-12 5.63500290873265e-10 1.49201428989443e-11 2.34144059696462e-09 1.94456339919213e-11 2.7220781184667e-12 4.98294072670547e-11 8.12392375593163e-11 2.35232500145344e-11 2.10286454915831e-11 1.55364610066044e-13 2.56141774457319e-12 7.0410233199425e-12 1.81307966418132e-08 7.1016185820838e-09 6.80253109655027e-05 2.07482277941651e-05 0.00122606121444733 0.00466305237641791 0.00030213266628607 3.35115938306929e-06 4.15379077447486e-06 3.22404651312835e-06 0.000169892663004134 0.000248356524193127 0.0043359292230889 0.00244872026796656 0.000647196991485544 0.000577310597191172 0.000357197070115944 8.62873099777062e-05
1.21902488103842e-14 1.0991207943789e-14 1.95743421471661e-13 4.00790511889682e-14 4.77078598848379e-11 1.02404885071739e-07 2.95448110421148e-12 1.79789516607798e-13 1.32716060363691e-13 3.12638803734444e-14 1.21003207453896e-13 1.92436067081303e-12 7.77122810546871e-13 3.9568681664548e-12 2.55743204391479e-12 6.03186389724897e-12 2.88004065041036e-12 7.31330551673182e-12 5.22100140898374e-12 2.42991182730634e-12 4.33775237951295e-12 3.59869911648047e-12 1.23275945007606e-11 3.27089466622965e-12 2.36832775613038e-13 1.43462086654722e-10 6.3876322953238e-08 1.7583116074249e-09 9.19991631909145e-06 0.0005382847809841 0.000535136317205342 0.000168646568479147 3.37630990476789e-05 6.50787323195345e-05 0.000459529318629848 3.30781795474522e-06 0.00266725085530197 0.000344904607419494 0.000330708311588523 0.000145274610034107 9.71164615926057e-05 9.20358857193548e-05 0.000102248738802757 1.11766677356684e-05
1.07058806264604e-13 1.93400850889702e-14 7.49955653134293e-14 4.87387907810444e-15 1.01463282220493e-13 7.13762382531513e-13 4.00790511889682e-14 5.58997292898766e-14 4.46614967231085e-12 4.03566069451244e-14 9.70334923522387e-15 6.40487662906253e-14 1.2623235789988e-14 7.61946061800245e-14 5.79758463459257e-14 1.78335124445539e-13 4.30544488949636e-14 6.52045084592601e-13 8.04922795083485e-13 3.30113714142044e-13 1.42936440461483e-11 1.77326819894574e-11 3.35913519222686e-12 4.87498930112906e-14 8.10462807976364e-15 5.59442714376246e-11 7.06424840846154e-10 6.1453074517992e-09 2.09602911083184e-07 1.91778047045066e-06 0.000369186248811104 9.92363951166642e-06 6.34993393132888e-05 0.000271150668902465 2.93383739954578e-05 7.44888200526761e-06 2.2624409820704e-06 0.00067335448356971 0.000911616739267629 0.000881901746924996 0.000259039428243568 7.77269856939711e-05 0.000326116747021388 5.30578951043026e-05
4.2410519540681e-15 8.78186412478499e-15 2.24376073276744e-14 9.61453139325386e-15 6.82787160144471e-15 8.44879721739744e-15 5.61772850460329e-15 1.54543045027822e-14 2.3081536681957e-14 8.64863736182997e-15 1.60538249360798e-14 7.56061879769732e-15 4.9737991503207e-15 5.41011679899839e-14 3.30513394430909e-14 4.57001103626453e-13 1.86073378927176e-14 1.66155977865401e-13 5.32363042538009e-13 4.18243217836789e-13 5.6242344115276e-12 2.50053422412577e-11 2.1156409957257e-13 2.1316282072803e-14 7.87307996574782e-12 3.66565076070913e-09 2.97364428192282e-08 6.14488965489102e-08 2.39769882325325e-06 2.00596447694767e-06 6.7496259190114e-06 2.94938536999911e-06 3.56695965667342e-05 0.000104593360407534 5.59422960322298e-07 7.91741493588738e-08 2.26854051009973e-05 0.00101580503906007 0.000224847911661641 4.17490112106123e-05 9.58122406048423e-06 5.82701047161294e-05 0.000165919157376493 0.000206918705765702
5.51780843238703e-15 2.09832151654155e-15 1.95399252334028e-15 4.56301663120939e-15 5.86197757002083e-15 5.24025267623074e-15 4.11892742135933e-15 1.87627691161651e-15 2.73114864057789e-15 1.25509602710849e-12 1.49769086021934e-14 1.58761892521397e-15 5.44009282066327e-15 4.0982772731013e-13 4.99822405686245e-14 2.92543766988729e-14 1.36002320516582e-14 1.16018306073329e-14 9.10382880192628e-16 1.76247905159244e-13 1.39321887360211e-13 2.45060638448535e-12 2.76489942052649e-13 5.43565192856477e-14 1.63195346125633e-11 2.92482670527505e-08 1.70525011333744e-08 1.27042658615295e-09 2.55415344430077e-10 1.91950484063064e-08 6.32069653361267e-07 6.32452608995138e-07 1.22059118425222e-05 0.000173571563543362 9.00532694680933e-07 3.11310812565191e-06 4.7086105018801e-06 3.15313187286836e-05 9.33486082520529e-06 1.68199809245984e-05 7.78532424245526e-05 0.00015388186939731 0.000107336275658554 2.72793461792986e-05
5.20694598549198e-15 1.18460796727504e-14 6.59472476627343e-15 6.08402217494586e-15 4.91828799908944e-15 4.69624339416441e-15 5.12923037376822e-15 4.32986979603811e-15 2.07611705604904e-15 3.25295346215171e-15 1.35447209004269e-15 1.18793863634892e-15 3.21964677141295e-15 5.67323965583455e-15 6.29496454962464e-15 9.20374887414255e-15 6.7168492989822e-15 8.60422844084496e-15 9.6034291630076e-15 3.10851344664798e-13 4.21795931515589e-13 4.58633131472652e-14 1.01252339845814e-14 6.15063555642337e-15 3.30774074797091e-11 8.56617369260348e-09 4.1721892607427e-11 1.64153546311496e-10 4.78381668722605e-09 1.35054221139796e-09 6.55806859928276e-09 3.46549819951747e-09 2.49099531857144e-07 3.87381490307703e-07 1.52029497056949e-06 5.31133394758854e-05 0.0018900625887909 8.4249862004171e-05 0.000943589567714298 0.00139808714930041 0.000565433045289865 0.000178525500939486 2.3768718316397e-05 0.000289243836800779
7.93809462606987e-15 7.17204073907851e-15 8.12683254025615e-15 8.30779889327005e-14 7.48290318597356e-15 7.86037901434611e-15 8.21565038222616e-15 9.11493103217253e-15 6.94999613415348e-15 5.72875080706581e-15 1.89848137210902e-15 1.765254609154e-15 1.45439216225896e-15 2.58681964737661e-15 1.10134124042816e-14 3.24185123190546e-15 6.32827124036339e-15 9.9253938401489e-15 9.11493103217253e-15 2.8279600883252e-13 4.40281144875598e-13 7.93032306489749e-14 3.60877994154407e-13 4.58671989278514e-12 6.43707309677666e-13 1.27112353975889e-10 2.73440159404004e-12 2.28229024568094e-10 1.2452309383626e-08 8.54980492792645e-07 9.29328944909713e-09 7.74845410056457e-11 4.14793591696494e-09 0.000182042788222247 5.47074825270499e-05 5.18229919491464e-05 0.00652986711320409 0.00354872577463539 0.000135082243427931 1.34193175396757e-05 6.90468775871977e-05 0.000119561548632419 9.56043180423194e-05 6.89236012078709e-05
4.53881376927256e-13 1.37001521238744e-14 6.98330282489223e-15 6.0507154842071e-15 1.67199587508549e-14 1.71196390397199e-14 2.15161222172355e-14 3.88578058618805e-14 6.26972918027491e-12 9.20374887414255e-15 5.69544411632705e-15 7.64943663966733e-15 9.34807786734382e-15 3.54161144855425e-15 2.79776202205539e-15 2.55351295663786e-15 8.51541059887495e-15 2.01505478969466e-14 1.82076576038526e-14 4.22717416626028e-13 4.66970906387587e-13 6.12732087290624e-14 1.59094959428785e-14 3.42170736189473e-14 1.79926851195944e-11 5.14203191137597e-10 5.05622654856097e-11 3.39090965528754e-08 2.63420215451671e-07 0.000312406992002146 2.14185501692832e-05 1.49177054153959e-08 5.11426111393654e-07 0.000294868138605864 0.000279083272029723 3.429660735077e-07 0.000543774709768741 2.48686116381958e-05 0.000310346789684957 0.0012492220974309 0.000682586729999457 5.97303008788685e-05 0.00011834725665949 6.01695550130898e-05
2.99538172043867e-14 1.06137321154165e-14 1.37334588146132e-14 1.00697228333502e-14 2.46469511466785e-14 2.74869016436696e-13 7.20090653771877e-14 3.07642800123631e-14 7.52842232998319e-14 7.42298444933454e-12 6.58027521360793e-11 3.81317200037756e-12 2.12463380222516e-13 1.17983400826915e-13 2.47024622979097e-14 1.33559829862406e-14 8.10462807976364e-15 1.92457161318771e-13 5.72319969194268e-14 1.43551837084033e-14 2.95319324550292e-15 4.14683842819841e-12 1.83583148682942e-12 4.25202539844349e-11 2.97970026430505e-10 3.81314935182786e-10 1.19143533092614e-05 3.27711005221332e-08 1.62518272662449e-05 0.00326448074972063 5.97200299656819e-08 1.24123140654575e-09 7.50316290267783e-06 5.49608395753687e-05 8.32534186373524e-06 0.000672588257451423 0.000552963908980075 0.00501249481731065 0.00436386444926029 0.000932210179689719 3.44704326710854e-05 4.55810099257548e-05 0.000121101538161383 0.000102839473481708
1.96997973489488e-13 3.48454598508852e-13 3.62843088907994e-13 1.10278453036017e-12 1.08806297305364e-12 2.23254748021873e-13 1.70086167372574e-14 2.16271445196981e-14 3.93302057588585e-12 6.1431421660707e-08 2.20914706638986e-08 1.41827327659882e-11 4.159894650968e-13 1.40076839016956e-13 2.36872743641925e-12 2.14221751448918e-11 5.27777821446307e-13 1.75792713719147e-13 2.29594121492482e-14 3.17679216266242e-13 1.66365810017055e-12 2.70320432704807e-12 1.47497680735853e-11 5.30782954255571e-09 1.65120230667282e-05 2.02312519237413e-07 0.000261811860438055 0.00081178381143836 0.00482172348645804 0.000401257114138076 4.44701292567906e-08 0.00018470381684681 0.00180911609796226 0.000770204433212029 0.0013227350095832 0.00630048661487308 0.0062046924889728 0.00531677884027886 0.00110428579750987 0.000101537948194164 7.80712420711538e-07 2.85612166750937e-05 0.000155835037475072 0.000491384425367869
9.26214660523783e-13 9.58233492553973e-13 2.96195290516721e-12 1.23374754856798e-10 5.73896263844631e-11 1.01137320740463e-11 1.87871940227069e-13 8.24673662691566e-14 1.70772840313305e-11 7.88741960633388e-11 2.74684919254753e-10 1.3226345130235e-09 3.05354630469878e-12 1.23412391417332e-12 6.23136431343596e-11 9.49078482470611e-11 1.55183643713031e-11 5.43920464224357e-13 4.9427129056312e-14 1.70830016799073e-13 4.72675232288111e-12 3.18604143068057e-11 3.29281439698237e-06 2.88298215533889e-07 0.00216362941482444 2.73970236068788e-06 2.3676141357265e-05 8.38867584676772e-05 0.00778559281965272 0.000253333660227639 0.000157059545921168 0.0157282495021718 0.00709909157742459 0.00872447317475462 0.0086562383277851 0.00108985676284021 0.00213961508752618 0.00268951440802994 3.71949570164176e-05 8.88597580295247e-08 0.000113340188036659 0.000141505334647718 0.000314865910831941 0.000295399353490211
1.7562062915033e-10 6.59879151321263e-11 8.72527605721984e-12 1.70760072748521e-12 6.06956707116524e-12 8.13560330215068e-12 3.41171535467311e-12 6.73660016659028e-12 1.32822974840963e-11 8.88333628878968e-11 8.16411049875398e-10 3.48858560927923e-09 1.12546067576602e-08 6.85488143692403e-08 1.0094178604092e-09 3.22628590510021e-10 1.86118764844423e-10 6.46149800331841e-15 1.83186799063151e-14 2.29960495090609e-13 3.02891045578235e-13 3.73475846915383e-09 3.93941452359048e-07 5.3121747001228e-10 8.86873557477408e-06 0.00145365628649738 0.00105371681029123 1.5958983376696e-05 0.00199185636407719 0.00333790308432889 0.000689283663579954 0.00279130930069904 0.00828875868077716 0.00657775265652845 0.0019006087566396 0.00012172717825627 1.65072425098112e-05 3.87423065023818e-05 6.7616317159791e-07 0.00397577851399547 0.000599392126787279 0.000212233468573686 0.000212434170100551 0.000256016415460181
1.02599062434816e-07 6.85347635309697e-09 1.06631281582281e-10 4.59881022152331e-12 1.34502187165708e-11 7.90222332014423e-12 1.39904643425837e-10 2.26789154122997e-10 5.48787404408557e-10 7.8204331899201e-11 6.56744325588932e-11 8.45817047623321e-08 2.73035208075978e-07 9.86718628581684e-08 2.00532969119038e-09 3.20481100990477e-08 4.18551859837635e-12 7.21644966006352e-16 1.33093536192064e-13 4.07496258958417e-13 3.15103554360263e-10 9.56375167948664e-09 4.2426113967875e-06 1.27386071802071e-08 0.00021308344558586 0.00702311017414985 0.000777069140046294 0.000881072606289912 0.00108566852907117 0.000857106891171977 0.00350093302144074 0.00219537330782629 0.015075712982707 0.00134841935133565 0.00128445974660139 0.000175934707648828 4.00319907223334e-07 1.47989126986214e-06 0.000355639865131252 0.0128031214408111 0.00534927319095004 0.00766217960044742 0.00431281955679879 0.00340843264712021
1.90553037682228e-08 1.36641716741437e-07 1.74604039560045e-08 3.39994675635502e-08 7.17985843479152e-07 1.63674432340777e-07 6.94943429468964e-08 1.60950149874495e-09 3.68248412874195e-09 5.63228220729073e-09 4.86297037083361e-09 8.5673150740373e-08 1.21994528146097e-08 2.83432256553695e-09 6.56043159252828e-07 6.15045213182452e-05 1.83513078066966e-09 2.37253550139371e-12 3.80584452841504e-14 2.90882540276982e-10 1.95769433997128e-09 1.30109284457447e-08 6.3386153414946e-08 1.93704358809277e-05 0.000202987372297292 0.00045615380655446 0.000179371398049544 0.000370476202149506 0.00118786552029704 0.00616419570055768 0.00328475648957465 0.00757513471746734 0.00652164189853011 0.000955133704929523 0.000288180057705034 0.000387056049839884 3.04391015726324e-09 0.000326033638884837 0.00153615991584957 0.0164972069207579 0.0109187313704751 0.00569643811904825 0.00517384520499036 0.000508986633212771
4.38583042983165e-07 7.37730463151731e-07 2.5771580135503e-07 1.1353755362542e-07 2.83570093329022e-07 2.07450894063044e-07 2.5560530358959e-10 2.62311398158133e-08 8.18586861250914e-07 1.0016027831572e-07 1.44841756766212e-07 8.29888709119597e-07 2.00725656973599e-07 7.93320905634332e-09 1.99808655687583e-06 2.28166790580131e-06 3.62873397996566e-11 1.73931979929876e-12 9.84268222481433e-13 2.06421102433296e-11 7.92412047090352e-10 6.27250937856871e-09 1.09636872467345e-06 0.000278225611153116 4.49318235872243e-05 3.58997687384122e-06 0.000136983534124147 0.000423081525290403 0.000505361459115372 0.00087649412848716 0.00145841664360518 0.000872298019041295 0.000403154189923782 0.000679472943788895 0.000726215532785091 0.000136505057264458 1.70575525837435e-07 6.25332871500461e-05 0.00193843053639284 0.00140896566626907 0.00119866959139472 0.000934907709233812 0.00116229217965156 0.00101757889642613
7.71760320761317e-08 1.26701824598729e-07 4.12723137066529e-07 1.39356276818159e-07 1.416594417325e-08 7.39919635439623e-07 2.07883292868694e-07 4.03876824706106e-07 8.95483720964041e-07 2.81385482214791e-07 1.09467214193248e-07 1.55598845641425e-07 1.43279133446583e-08 3.57449437604629e-08 1.62349718335619e-08 1.58470903066643e-11 6.84844680964858e-10 3.63180930514906e-06 6.55096607969252e-05 0.0004147854665844 5.77969949122625e-06 3.49537229299313e-05 0.00278420827479593 1.73636638662655e-05 1.12544769717005e-06 8.48077615233755e-05 0.000102052210324577 9.60324910629917e-05 0.00015481410167888 0.00011202254740601 8.45555357774863e-05 0.000194385243671036 0.000185954168286173 0.000131951187353252 1.08912716521026e-06 1.35977231405793e-06 8.09813886442079e-06 0.00111000032084121 1.88270056412421e-05 0.00018811556478795 0.0188437107834034 0.00227304794752854 0.138227243348956 0.000572014213867078
1.23457062612964e-06 5.39487772233116e-08 6.10841744297375e-08 1.97912855104398e-08 4.02365806673188e-08 5.88595395012437e-07 1.4595271993989e-06 5.47345750934181e-07 2.54074903849322e-07 2.71048513911243e-07 2.18129665752187e-07 6.89178542012669e-09 6.73262795514162e-09 3.52846196705059e-11 4.60175120231554e-11 3.5390571107019e-08 0.000272637835485623 0.00101311324816944 0.00645169556437253 6.38152763242306e-05 3.54965312004962e-06 6.22057457433378e-08 1.02262428192113e-08 5.74542320264104e-07 6.2727309968813e-06 0.00407356802750769 2.73251752413217e-05 4.53920955426623e-06 0.000189606489694483 0.00665870769844332 0.000182321578070432 3.70670524572514e-05 0.00123654183569215 0.000293327781921704 2.15133909750032e-06 1.62666336027684e-06 5.74485640663092e-06 3.92266144022546e-07 4.57103610305154e-06 0.0196392617770471 0.0643459449522197 4.25261463760762e-05 0.0685293789021671 0.188663231767714
6.47491881111684e-08 3.97996023187019e-06 1.57999013893018e-05 5.08233854334961e-08 1.0609267114825e-07 1.56492260616758e-07 1.94073092640856e-07 4.27694589277827e-07 3.72803035963987e-07 9.96752718607219e-07 1.00299945371418e-07 5.17753728779269e-09 1.52062317959611e-08 1.31852173688163e-06 2.10121236726701e-06 1.44203187860237e-05 0.000555114603845064 1.29693624668636e-05 9.54534459784995e-07 8.46652848940366e-09 8.64810290046591e-10 1.81410442223751e-14 1.24928845046668e-11 4.21159484176314e-08 7.61396390256741e-05 0.000267884794937978 0.000520223399030106 8.89463390271183e-06 1.83431020007729e-06 8.53208673724626e-05 6.93693183877464e-06 1.93916811507266e-06 0.000220676423995769 1.02457719624027e-06 4.62539209178381e-07 2.6640340110573e-07 7.62481502381007e-09 3.54475973229906e-07 2.14822717703456e-07 3.28911887750305e-06 8.2744714879901e-08 1.46508600898931e-06 0.000850830755883292 5.54292369578935e-06
2.56853850189032e-08 3.95583157195567e-06 3.36186830935947e-06 6.23149260126077e-06 1.40799245840206e-07 6.46334286980021e-08 2.31903575809156e-07 1.19232036864814e-06 1.57212742923907e-07 7.26428196373696e-08 3.83063141478068e-06 4.26215950866116e-08 6.78021469713297e-07 7.42271689335716e-08 1.03854407851323e-08 5.71626026718564e-06 1.68478095009528e-06 8.85483114609897e-09 1.20548261373088e-09 1.49336669030831e-08 1.27446397879538e-10 1.37556632751057e-13 5.14512876748086e-12 5.21083176607817e-13 4.03457224296133e-09 2.63826900452901e-06 3.65385693545939e-07 2.46144714940444e-06 1.29301529483428e-09 6.4490711230325e-05 6.05427384064994e-06 3.28883679157066e-07 1.19696951350612e-07 3.02132753704498e-08 2.55046627706257e-08 8.85524485960687e-09 3.85098472777123e-08 1.78211077717094e-07 9.77857049089259e-06 2.09169515685836e-07 4.73363089281698e-08 7.91905792607572e-08 9.90301671777161e-08 9.46091954445727e-08
5.14101890281005e-08 6.92560377268947e-08 6.10065222339529e-08 2.66770196966082e-07 1.69864256904795e-07 1.19639489835954e-05 1.19458529124206e-07 3.96977769001605e-07 1.09793300617778e-07 2.40454749778074e-08 1.49041930763705e-07 2.3946056769697e-07 8.92890242298883e-08 1.32762419502441e-08 1.21934128817447e-05 1.40932643026836e-06 2.67778844265099e-07 1.96258802465099e-07 5.20249380073778e-06 5.64490753194313e-06 4.81392703477468e-14 8.07564015659068e-12 5.2410760176258e-10 2.9787283750693e-12 1.45556022790316e-10 5.71410738636757e-07 1.99788297017278e-11 4.21748191925531e-12 8.4191751681395e-09 2.45101848643015e-05 0.00013087172419719 1.07948724625828e-08 1.24972051596117e-09 3.59724090848168e-08 1.64538493940825e-10 2.17281767023181e-09 1.10453925672438e-08 8.8319016766647e-08 2.71932454332102e-09 6.45375724306341e-08 7.14705559401452e-08 4.10922986238127e-07 5.19650194319432e-08 1.8739867957418e-08
