Maxent_result_files_1/Bombus_pascuorum_3.asc
NCOLS 594 
NROWS 330 
XLLCORNER -15 
YLLCORNER 23 
CELLSIZE 0.166666666666667 
NODATA_value -9999 
[rows 168 to 188 of 330, columns 376 to 422 of 594]
8.7902007894769e-11 7.97926058559995e-11 9.17984466219934e-11 1.05937592032035e-10 9.29402776961297e-11 8.01331334621125e-11 6.68114119584118e-11 5.63680213616635e-11 4.53606596728662e-11 3.77337494583685e-11 3.42321837543125e-11 3.0566937869736e-11 2.53256859927831e-11 4.14036582796484e-11 2.13650874769655e-11 1.983826436458e-11 1.91080151701328e-11 1.92311833124847e-11 1.67185880695087e-09 2.97322055864413e-11 1.68252745069708e-11 1.03324959699336e-10 5.03581580879597e-09 1.15508380638119e-11 1.0156775420711e-11 9.87188109036197e-12 9.29551990935806e-12 7.77991004952128e-12 7.84080578242197e-12 7.45843387051082e-12 6.97604196631119e-12 7.11990466584211e-12 7.10274061788141e-12 6.72240041410532e-12 6.44250208736707e-12 6.82073286739637e-12 6.61048993322311e-12 5.91474647038126e-12 5.42574873918511e-12 6.56187326697477e-12 7.01738667174823e-12 6.62594423772589e-12 5.20584686469761e-12 8.02522492904245e-12 8.89089912803343e-12 9.32678378973151e-12 8.33660918075907e-12
7.3768247066397e-11 6.23413320965938e-11 6.55122622816862e-11 6.50971276883183e-11 6.53435638930944e-11 6.04295502526497e-11 1.00816088810518e-10 4.37006986153676e-11 3.55003026974998e-11 2.76756395578559e-11 2.3798429893418e-11 6.23811557964871e-11 2.04376515711147e-11 6.98251900743685e-11 1.81123449571885e-11 1.68828728774884e-11 5.7820770393846e-11 1.44711909122464e-11 7.18163228885516e-09 1.30141120102678e-11 1.13549281088865e-11 1.09683817584028e-11 1.71959230188534e-09 1.94390522567645e-09 9.03173091870713e-12 9.18428666452087e-12 8.47188985630964e-12 6.90172363704278e-12 6.45321573955471e-12 5.6708748807921e-12 5.01785279993783e-12 5.12330178281672e-12 5.34163824283951e-12 5.2729376420757e-12 5.0996762368527e-12 4.94333463052499e-12 5.25105514626034e-12 4.50638415472326e-12 5.20796739067464e-12 5.78733727607528e-12 6.46219744382393e-12 5.35691491165835e-12 4.16816581250146e-12 2.90903268140852e-10 6.78107570095676e-12 7.58075824336402e-12 9.59508028586242e-12
7.09975966906029e-11 6.31871555079044e-11 5.8024640647858e-11 5.16753306811779e-11 4.89926765823157e-11 4.25450896734958e-11 3.70857899945065e-11 3.18246873298733e-11 2.82895151748619e-11 2.24549601135493e-11 2.01822336620694e-11 3.40604661142052e-09 2.97437408036672e-11 1.39999900561349e-11 1.38048350528663e-11 1.29712574015173e-11 2.29320562539215e-11 1.1231326979555e-11 1.01375463579245e-11 8.6476603655683e-12 8.19591061684832e-12 8.05078226306932e-12 7.91051668613818e-12 8.46610559435135e-12 6.55580034703007e-12 5.8830718074887e-12 5.34380317773753e-12 5.24743581920006e-12 4.36969349593141e-12 3.83303389028811e-12 3.98707733495485e-12 3.99692501318327e-12 4.19003720608657e-12 5.03889152625447e-12 4.17894607807057e-12 3.93177712609827e-12 3.94483334886786e-12 3.48588935494831e-12 3.71960240386215e-12 4.09170475279552e-12 5.48195933092188e-12 5.30631094619594e-12 4.39571712362863e-12 5.88687987246317e-12 6.72488731368048e-12 5.92903504070819e-12 7.93574095325766e-12
6.74186928506515e-11 5.50595347093008e-11 3.15915071880113e-12 4.96881424894013e-12 4.1468561917668e-11 3.38469807736885e-11 2.73220668312035e-11 2.40202968626591e-11 2.03171368617916e-11 1.60921720393503e-11 1.32494792914883e-11 6.48789677537565e-10 2.48826270698999e-09 1.08925091168999e-11 4.42199832306756e-10 4.17632994853534e-10 3.69160257918111e-11 8.69768701505791e-12 1.36511801862582e-11 6.7389094304815e-12 6.08828543136042e-12 6.2676641654491e-12 6.39873709573635e-12 5.72398795029017e-12 7.54840634442644e-12 4.28999058499358e-12 3.85502740840593e-12 3.21914717105187e-12 3.10236281109155e-12 3.16927595278571e-12 3.60833585233422e-12 3.26249027793324e-12 3.0382585336497e-12 3.35186323141556e-12 3.75285358344968e-12 2.94086976992958e-12 2.91744406410999e-12 3.04944958173792e-12 3.55814266939092e-12 3.81270570670722e-12 4.45675718552252e-12 4.38367120381145e-12 4.2043257764135e-12 4.71228611687025e-12 5.11904962863241e-12 6.0751736974396e-12 5.4177773378683e-12
5.85874238012707e-11 5.22101917255213e-11 4.30192326206225e-11 4.20625756447635e-11 3.5226510597397e-11 2.97524116454895e-11 2.24178897667571e-11 1.78056125399451e-11 1.51397561154454e-11 1.30958022204197e-11 1.10778275441703e-11 1.0329315180968e-11 1.01963881782297e-11 9.29810672900544e-12 7.59737828204266e-12 8.10687073027339e-12 4.45891545908239e-11 1.62793334368416e-11 1.18713483487909e-11 5.26728660688036e-12 4.89495111111182e-12 4.47893944155453e-12 4.61212179558856e-12 4.78418415994497e-12 4.70815608721864e-12 4.88410423216123e-12 2.82693868314254e-12 2.64187560716778e-12 2.63202792893935e-12 2.78599365799437e-12 2.74963385393789e-12 2.70780065037002e-12 2.35634844969468e-12 2.69340105774063e-12 2.42086350965565e-12 2.52891041441217e-12 2.55645504765312e-12 2.7848723327395e-12 3.0281777085861e-12 3.0711211351786e-12 3.44666517548831e-12 2.8843705202064e-12 3.53689300069959e-12 4.15375511764182e-12 3.78846953807965e-12 3.97587518463638e-12 4.38379332834415e-12
6.17977113925861e-11 5.07104913616274e-11 1.71667879911297e-10 8.46746006644139e-12 3.71268349397269e-11 2.63330357519465e-11 2.06659134249776e-11 1.64134483782163e-11 1.2708400998207e-11 1.0315248655246e-11 8.68876082193992e-12 8.06485989102157e-12 7.8676731796179e-12 7.48704431785541e-12 6.70014044246159e-12 5.96944715880454e-12 5.68239899578771e-12 5.13052933470703e-12 5.08098008111801e-12 5.4348192612963e-12 4.82678341739984e-12 4.24316137781489e-12 3.48128192939612e-12 3.74955622106654e-12 3.44488881864891e-12 3.53458373680837e-12 2.47746267945104e-12 2.32298624780469e-12 2.43940423416689e-12 2.21205276318415e-12 2.14913642437864e-12 2.21496154750866e-12 2.21740403816284e-12 2.40871766976625e-12 2.2222668150107e-12 2.12261319632034e-12 2.23012719402504e-12 2.16994200386011e-12 2.51676457452277e-12 2.76866307657997e-12 3.50227624679178e-12 3.0558777730505e-12 5.88387539357527e-08 3.38175734082569e-09 3.31165095346364e-12 4.5298209627731e-12 4.44677628053114e-12
5.5115090269453e-11 4.61612970070746e-11 3.61053853481508e-11 3.20572790535323e-11 3.02801228535543e-11 2.73365552416749e-11 2.06825889748075e-11 1.56453960897807e-11 1.23925980588524e-11 9.79184511251674e-12 8.39980307532073e-12 7.90375542791821e-12 7.44188044521366e-12 8.40808533908444e-12 7.23480164666057e-12 5.06170660941052e-12 4.67057503783508e-12 4.58189042262802e-12 4.8731019219872e-12 4.53913573394971e-12 4.66859884085125e-12 3.87513354738189e-12 3.54847262684643e-12 2.62109223214679e-12 3.2492786239402e-12 3.06378256098583e-12 2.28346230812804e-12 2.05212513648689e-12 2.06799022350879e-12 2.00151006879423e-12 1.82182047225865e-12 1.77835524084458e-12 1.97026839288128e-12 2.4136026510746e-12 2.24800178472151e-12 2.55677701233026e-12 2.40371056392519e-12 1.89329663058402e-12 2.18627338455235e-12 1.84338100339687e-12 2.10488293461708e-12 2.82427414788344e-12 1.8983814520368e-12 2.72626365926953e-13 2.30235830400716e-12 2.54521959064391e-12 3.1445734904878e-12
5.4896698298279e-11 4.61313431898702e-11 4.32528124427733e-11 3.35433458786838e-11 3.49213213901578e-11 2.81405010404967e-11 2.47804554653897e-11 2.41436426406949e-11 1.82979742469058e-11 1.4047829566266e-11 1.05553565887817e-11 9.36638544501989e-12 7.82528486453771e-12 7.90466581079841e-12 9.38695787766619e-12 6.37006003501028e-12 5.6662674552399e-12 4.58189042262802e-12 4.5970560691444e-12 4.26337853909331e-12 3.67526009625863e-12 3.30120375480192e-12 3.09710035395483e-12 2.6685986753705e-12 3.32293081939383e-12 2.64859245646676e-12 1.99505967302116e-12 2.0672019651613e-12 1.98360217140703e-12 1.66828773018324e-12 1.6297518889985e-12 2.09902095704706e-12 3.04638536618995e-12 2.37164732297401e-12 2.31994423671722e-12 2.00945926565055e-12 1.73527858748912e-12 1.72996061920117e-12 1.89143145590265e-12 1.6975865158031e-12 1.71124225900599e-12 2.21052065541016e-12 2.53860266141714e-12 2.2009505329379e-12 1.88945525891882e-12 2.01033634184e-12 1.00162500515921e-10
5.83547876686907e-11 5.29467247822879e-11 5.11092723698425e-11 5.00801733416267e-11 4.5527104308718e-11 4.48067027924992e-11 3.37538663686132e-11 2.76740741433912e-11 2.38179587164211e-11 2.17932893953332e-11 1.68562497293578e-11 1.49214862688041e-11 1.11647802114589e-11 1.09059317132676e-11 9.86236647904093e-12 6.97818469674871e-12 5.82045522889985e-12 5.57093260411534e-12 4.99116303842584e-12 4.77232697804197e-12 4.60602667118337e-12 3.59080543077539e-12 3.12181391848299e-12 3.50662832104831e-12 3.69971830949112e-12 1.06992269488515e-09 2.24968932371894e-12 2.00929273219685e-12 1.89777082937326e-12 1.84132709080131e-12 1.43093314974863e-12 1.46030965098021e-12 1.90811810796276e-12 1.81321624381781e-12 2.11670680982934e-12 1.77396985989731e-12 1.54688484244048e-12 1.59511293063019e-12 1.71880287780368e-12 1.74930070429014e-12 1.60903512735899e-12 1.97921679045976e-12 2.42077469181368e-12 2.07052153200493e-12 2.03823624644883e-12 2.59361421228732e-12 2.5581314844203e-12
1.14334768097635e-08 6.41357744690651e-11 5.78509906645763e-11 5.83993520208992e-11 5.55738233209979e-11 4.39310032795959e-11 4.17429313337436e-11 3.07775249730469e-11 2.75736544708138e-11 2.31070607092931e-11 2.28862040430045e-11 2.0212875817549e-11 1.639377522622e-11 1.32523547691221e-11 9.32403043663044e-12 8.42579339632721e-12 6.73409106255463e-12 5.68231017794574e-12 5.15604225981292e-12 4.15658618635462e-12 4.26673141262768e-12 3.48648887538161e-12 3.92219590139575e-12 4.46668257936267e-12 2.74164024816059e-12 2.72114253585531e-07 1.2339018695684e-13 1.88721260840907e-12 1.75643943833848e-12 1.78987935584018e-12 1.36526345784205e-12 1.29127819548103e-12 1.48173695535547e-12 1.47146739237769e-12 1.60476076871419e-12 1.65620850367532e-12 1.43720590983776e-12 1.33274502545078e-12 1.43641765149027e-12 1.42839073902223e-12 1.32240884909152e-12 1.38027367313498e-12 1.45324863254359e-12 1.71124225900599e-12 1.63337121605878e-12 1.92237337159895e-12 2.28339569474656e-12
6.10439365722471e-11 5.63583735235795e-11 4.48791559470862e-11 5.20414822346993e-11 3.91793930631934e-11 4.11773837249996e-11 4.54842496999675e-11 4.771065764686e-11 3.68840180620111e-11 2.59662846779918e-11 2.08554395975113e-11 1.84799620051024e-11 1.87606818968789e-11 1.54085744163979e-11 1.52078238890851e-11 1.41670231101898e-11 9.89981430166154e-12 6.39240882449599e-12 6.24913454316811e-12 3.61417562544375e-12 3.7113090378682e-12 3.6220360044581e-12 3.98088229047744e-12 4.32336388911381e-12 2.45219400341057e-12 2.04779526669086e-12 1.92148519317925e-12 1.73284719906519e-12 1.66942015766836e-12 1.76278991403933e-12 1.48894230278529e-12 1.26310073511604e-12 1.41554545862732e-12 1.5474177494923e-12 1.5611956172279e-12 1.32952537867936e-12 1.1819323297857e-12 1.17257314968811e-12 1.25761623337439e-12 1.32450717060806e-12 1.34873223700538e-12 1.27408084082958e-12 1.25313093235491e-12 1.31274990877728e-12 1.46435086278984e-12 1.69000369254491e-12 2.07192041301596e-12
6.15867468134468e-11 4.92563434484339e-11 4.69579597428549e-11 3.98327482109551e-11 4.11740863626164e-11 3.28152727213649e-11 3.03044922489448e-11 3.5618930027681e-11 3.41711103857278e-11 3.06202174726877e-11 2.92409985114261e-11 2.26278773496347e-11 2.1164481278646e-11 1.92921456587669e-11 1.39761535677962e-11 1.26815336010111e-11 1.00108477063543e-11 7.98686672354165e-12 6.90577595108266e-12 5.62492274980286e-12 4.30776525561782e-12 3.27616822559662e-12 3.47369910613793e-12 3.9424907782859e-12 2.80253598106128e-12 1.97614147268155e-12 1.78338455114613e-12 1.86762827425468e-12 1.62428959171734e-12 1.89219750978964e-12 1.86445303640426e-12 1.53100865318834e-12 1.21580523426701e-12 1.16849863118773e-12 1.0344058942735e-12 1.01760821991093e-12 9.7692964828866e-13 1.13493658915331e-12 1.2929990411692e-12 1.35141897672497e-12 1.31343824705255e-12 1.39683820066239e-12 1.4342638188225e-12 1.28912436281325e-12 1.30232491457605e-12 1.33171251803788e-12 1.36084477020404e-12
6.92146673308969e-11 5.49897460899729e-11 5.27502153069293e-11 4.7139792069828e-11 3.86029985754988e-11 4.27814450532082e-11 5.65591351531225e-11 4.73135974843331e-11 4.27854751627876e-11 3.40724226610689e-11 3.05952596590942e-11 2.03288497147014e-11 1.72763692241062e-11 1.85110926587129e-11 1.5977008605006e-11 1.17120757536782e-11 1.28677624111617e-11 8.56874571297794e-12 8.3924978078187e-12 5.81898973450734e-12 3.71324082593105e-12 3.37682104500914e-12 3.72426534056558e-12 3.88198362344383e-12 3.1533109456916e-12 2.58247867535033e-12 2.32348584816577e-12 1.9876766899074e-12 2.02300398655098e-12 1.86066717589029e-12 1.63715707657275e-12 1.29988242392187e-12 1.13434817095026e-12 1.16624487844774e-12 1.00994768104101e-12 9.75930447566498e-13 9.33819688242465e-13 9.86222215004773e-13 1.20283782933939e-12 1.27869936861202e-12 1.42483802534343e-12 1.60408353266916e-12 1.54766199855771e-12 1.63589142232468e-12 1.58985047349347e-12 1.61333169046429e-12 1.57530655187088e-12
8.39652902762111e-11 6.52846776638682e-11 5.66632851750626e-11 5.95945737202896e-11 6.34605368254881e-11 4.69556282745032e-11 5.84366111056056e-11 9.73621072652975e-11 7.41161465533935e-11 4.71412242575298e-11 3.29840044166474e-11 2.96047630854446e-11 2.14060213998835e-11 1.76314629563024e-11 1.70937930477066e-11 1.10797038210819e-11 1.38496769608309e-11 1.23998589174334e-11 8.40405522950505e-12 6.25315355051725e-12 4.84431383895867e-12 3.24842375221124e-12 3.34876570917686e-12 4.53401760580618e-12 3.68086672253298e-12 2.3210433575116e-12 2.3817503524981e-12 1.71663794290566e-12 1.67355018731996e-12 2.35833574890876e-12 1.83125736796796e-12 1.75270908897573e-12 1.54608548186275e-12 1.16898712931857e-12 1.05038200359786e-12 1.21274101871904e-12 1.01828545595595e-12 1.01052499701382e-12 1.14740439371985e-12 1.20909948719827e-12 1.2081224909366e-12 1.45036205267957e-12 1.44944056756913e-12 1.58519863902029e-12 1.95016225390532e-12 1.57196478056676e-12 1.45125023109927e-12
9.72193325843307e-11 8.06580247036948e-11 6.78291534050857e-11 7.58064500061551e-11 8.24790347131454e-11 6.21228513075778e-11 4.75910977293381e-11 6.48526010671446e-11 5.20715026652852e-11 7.68520469485168e-11 6.05571148781792e-11 3.26267568517835e-11 2.28863483719977e-11 2.04081196386596e-11 1.46582967985864e-11 1.14945719609238e-11 1.1202427874224e-11 9.16505760173436e-12 7.37978567144637e-12 6.82828238396382e-12 6.60401733298954e-12 5.42721423357762e-12 6.0100036058941e-12 4.61104487925468e-12 3.92144094973901e-12 2.39962494319457e-12 2.11360928759063e-12 1.97385441325082e-12 2.13609130383929e-12 2.26870744413077e-12 1.58907331737623e-12 2.80886425230165e-15 1.73350223064972e-12 1.44945166979937e-12 2.1538326677728e-15 1.35386146737915e-12 9.33308985651138e-13 9.70878932804453e-13 9.36550836883043e-13 9.87032677812749e-13 1.08154596389909e-12 1.23511201266524e-12 1.45083944858015e-12 1.35546018853461e-12 1.84958715010453e-12 1.65223390524716e-12 1.41333611480832e-12
1.34013333763505e-10 1.05649988757506e-10 7.59376339587448e-11 7.37161998110025e-11 7.23462401097663e-11 7.48671569184012e-11 6.03619265682198e-11 6.31636187797824e-11 5.89199355971459e-11 6.9977013072986e-11 4.71015559888599e-11 3.37160632746247e-11 2.61267119050501e-11 1.99843475101602e-11 1.63725255575287e-11 1.4987622254381e-11 1.2154754980287e-11 8.09458056139079e-12 8.63866755906884e-12 8.67907967716519e-12 8.44319059112308e-12 7.1192052253366e-12 5.36752864377377e-12 3.17575965524952e-12 3.46286332941759e-12 2.99303914985671e-12 2.12755368877993e-12 1.94643190454258e-12 1.58448809628453e-12 1.4036105611126e-12 1.37947431255725e-12 9.10937991704941e-14 8.22120149734928e-14 1.44230183352079e-12 1.40526479341929e-12 1.10433884259464e-12 9.29722965281599e-13 8.77931061182835e-13 9.08484398820519e-13 1.04933839395471e-12 1.26995081117798e-12 1.09577902307478e-12 1.31931132685281e-12 1.2177481245601e-12 3.54815066216929e-12 1.31719080087578e-12 1.16292531160411e-12
1.25658761174208e-10 9.82135484051128e-11 8.70908789529778e-11 7.70504104963266e-11 7.59246110426659e-11 7.30666194215246e-11 8.10123967909249e-11 6.76301348256914e-11 6.54159171276092e-11 5.38777689129688e-11 4.18589274353565e-11 3.13479686653295e-11 2.38705388788674e-11 2.34903096973937e-11 1.68650315934826e-11 1.03352104652288e-11 8.70625793680802e-12 8.96196450383968e-12 9.37548927382181e-12 9.18175535602472e-12 7.75474129355302e-12 4.29980495653126e-12 4.01305655373108e-12 3.2155056395311e-12 5.92557114487136e-12 8.53761505936745e-15 2.11101136571301e-12 1.86093362941619e-12 1.78981274245871e-12 9.85544978959752e-14 5.93267657222896e-12 1.24584120797522e-10 8.93509721766605e-10 1.0698109065288e-13 1.3618439709262e-12 9.95181714813498e-13 5.38458166943201e-14 8.78985773056229e-13 8.45656877856982e-13 8.61766213944293e-13 1.38633549084943e-13 9.92084192574794e-13 1.01399999508089e-12 1.15687459611991e-12 1.48174805758572e-12 1.3834711154459e-12 1.18702825346872e-12
2.05044563550416e-09 1.08233788598255e-10 1.14683496033052e-10 6.85549728096646e-11 5.72313529900725e-11 6.78450073898773e-11 6.72850775096379e-11 5.86084181186663e-11 4.59875693081813e-11 4.55901871809772e-11 3.93184373947975e-11 3.60702134827306e-11 2.0511514708943e-11 1.5682244391968e-11 1.29409372107148e-11 1.39983025171375e-11 1.12402864793637e-11 9.10473918480648e-12 8.77208305993804e-12 6.61017046654777e-09 6.10333175110611e-09 1.10544232267973e-07 4.01045974207648e-10 4.48563084454179e-09 4.55834259227572e-12 0 9.40069677657363e-10 2.25970353540106e-12 7.95005172804508e-12 1.79688486312557e-12 1.92940108334483e-12 1.69514402514892e-12 1.58391078031173e-12 9.51350109801297e-14 1.20378151891032e-12 9.58255697014465e-13 9.96192017765907e-13 1.00260910684824e-12 8.60522764156713e-13 8.5247364722818e-13 9.491185615218e-13 1.1266765298501e-12 1.13198723727947e-09 1.24276144930491e-12 1.10840225886477e-12 1.10390585561504e-12 1.15777387676985e-12
9.22580106710313e-06 5.37629886165902e-09 1.26140675682507e-10 8.3123097294191e-11 7.15416059726692e-11 6.59240440015196e-11 5.91783066994367e-11 5.57216273122663e-11 3.84137388564909e-11 3.8973380078744e-11 3.9821879127544e-11 3.22770810079476e-11 2.35027330930393e-11 1.83090542726916e-11 1.42231226796241e-11 1.33272948232843e-11 1.11240862354922e-07 6.95803443750975e-09 4.20220518138059e-07 -9999 -9999 -9999 -9999 -9999 1.36552913021504e-07 3.70423247630924e-10 4.48771605432441e-09 5.8611891695648e-08 1.43152264486801e-09 1.06962655399556e-09 1.35229158315653e-08 4.45627115541747e-08 2.6549554010824e-08 1.17018927880963e-10 1.26659793764361e-12 1.3181566949072e-12 7.94697641026687e-14 1.03437258758277e-12 6.66133814775094e-17 9.43189970570302e-13 3.93897758854678e-10 4.00685151724645e-11 9.11160036309866e-14 1.35501609932476e-12 1.07748254762896e-12 1.11244347067441e-12 1.20800036640389e-12
3.33862839851928e-07 1.07003406135675e-11 0 3.45431930837137e-09 7.52051865227088e-11 7.54755591358958e-11 6.215541414889e-11 5.26265919731372e-11 3.66550456654124e-11 4.05874556186347e-11 3.01814018222046e-11 5.80289664098288e-09 2.79907319544748e-11 2.42202036204731e-11 1.9846311527516e-08 6.07572091770869e-07 -9999 -9999 -9999 -9999 -9999 -9999 -9999 -9999 -9999 -9999 -9999 -9999 -9999 -9999 2.78305137402235e-07 2.55129367632279e-09 4.29357915887607e-10 1.90633064889312e-12 1.47575285325274e-12 1.37880817874247e-12 1.26095692776218e-09 1.01284536313528e-12 8.09211864183368e-10 9.89286796926336e-10 5.64992497231742e-14 5.02042851735496e-14 9.28201959737862e-13 1.32446276168707e-12 1.28020927192551e-12 1.06520348097661e-12 1.18135501381289e-12
1.7273744656876e-10 1.55431223447522e-16 1.13813674019525e-05 3.20771631479033e-11 1.00950781067866e-09 4.32851852139038e-09 1.68744225814699e-08 1.17243918795751e-08 2.36078947613017e-08 1.49330459775499e-08 4.61500171411444e-11 1.42708544981218e-09 4.0300986325903e-09 1.79348327797868e-06 -9999 -9999 -9999 -9999 -9999 -9999 -9999 -9999 -9999 -9999 -9999 -9999 -9999 -9999 -9999 -9999 -9999 -9999 1.18760101752713e-09 3.3755716999373e-09 1.45594647449343e-12 1.5272783038256e-12 1.46549439250521e-13 1.06525899212784e-13 3.44507977700914e-11 7.12472523201058e-09 6.5814277361298e-10 3.31880378734439e-10 9.29922805426031e-13 1.0295320151954e-12 1.19677601162493e-12 1.51875179099648e-12 1.5340728687363e-12
