Maxent_result_files_1/Bombus_quadricolor_2.asc
NCOLS 594 
NROWS 330 
XLLCORNER -15 
YLLCORNER 23 
CELLSIZE 0.166666666666667 
NODATA_value -9999 
[rows 120 to 139 of 330, columns 230 to 275 of 594]
-9999 -9999 -9999 -9999 -9999 -9999 0.690156817436218 0.213133370876312 0.224078334867954 0.298744384944439 0.226590493321419 0.236772729456425 0.246148726344109 0.238217070698738 0.282846173644066 0.38071391582489 0.234296095371246 0.291315218806267 0.305803996324539 0.319789397716522 0.26544294655323 0.292970345914364 0.257067410647869 0.163683319091797 0.177588149905205 0.303947144001722 0.410318030416965 0.635841837525368 0.244037061184645 0.25894565358758 0.336346286535263 0.107793515920639 0.191467337310314 0.140449173003435 0.0563080191612244 0.160183523595333 0.169078640639782 0.168375189602375 0.170200918614864 0.244914601743221 0.221795496344566 0.154848116636276 0.172965896129608 0.239091880619526 0.245858561992645 0.198576624691486
-9999 -9999 -9999 -9999 -9999 -9999 0.434775069355965 0.207192401587963 0.252411589026451 0.258301566541195 0.230678001046181 0.403647857904434 0.207721054553986 0.243479426205158 0.357012128829956 0.422390481829643 0.702378463745117 0.361272597312927 0.232197038829327 0.228445592522621 0.235968787968159 0.110916515439749 0.0670983929187059 0.208672171831131 0.259295153617859 0.266123528778553 0.392857512831688 0.33131243288517 0.236987785995007 0.61002482175827 0.987601214647293 0.189273484051228 0.214916567504406 0.211787867546082 0.200619147717953 0.0670990731567144 0.149322948604822 0.228704865276813 0.231507053971291 0.234669701755047 0.232841382920742 0.132924670726061 0.0201577624306083 0.0638964872807264 0.0268963977694511 0.177936778962612
-9999 -9999 -9999 -9999 -9999 -9999 0.414629209041595 0.243752272427082 0.357232692837715 0.283886888623238 0.243389514088631 0.200563071668148 0.420225462317467 0.224651600420475 0.390316754579544 0.431975969672203 0.401656344532967 0.397728568315506 0.330885262787342 0.264689581096172 0.323177829384804 0.230584859848022 0.169125220179558 0.216907116770744 0.297421185672283 0.241889028251171 0.0668908577412367 0.22385531514883 0.200285913050175 0.207083122432232 0.21177112609148 0.0670312963426113 0.0707871828228235 0.231735128164291 0.211624674499035 0.162447175383568 0.157545218616724 0.274869590625167 0.241816177964211 0.219552125036716 0.22910441160202 0.0461605885997415 0.037594835832715 0.0292413307353854 0.0298883894458413 0.0365238342434168
-9999 -9999 -9999 -9999 -9999 -9999 0.216433429718018 0.254871635138988 0.187541989982128 0.288312052190304 0.235700781643391 0.302338734269142 0.179836048185825 0.242260977625847 0.293121349811554 0.452957770228386 0.282975193858147 0.255204512178898 0.398104843497276 0.279927957057953 0.326705631613731 0.306833010911942 0.451352214813232 0.295089173316956 0.277226839959621 0.0981778800487518 0.181706164777279 0.21968789845705 0.221475565433502 0.229937368631363 0.233037643134594 0.181983649730682 0.0541446330025792 0.164976869523525 0.121839576214552 0.183644244074821 0.249969971179962 0.19030643850565 0.224084401130676 0.242222271859646 0.169489248842001 0.0281258810311556 0.0285433415323496 0.0587599521502852 0.0624056661501527 0.0219740191474557
-9999 -9999 -9999 -9999 -9999 -9999 0.948900955915451 0.334272414445877 0.119130854681134 0.222258104383945 0.343991217017174 0.619493067264557 0.245148953795433 0.360794252157211 0.25460079908371 0.344886803627014 0.265038947761059 0.343228256702423 0.25826623737812 0.257226939499378 0.306949454545975 0.307423305511475 0.27035203576088 0.271083897352219 0.274531610310078 0.183713141083717 0.202641226351261 0.17232635691762 0.198791581392288 0.204474565386772 0.249474824965 0.123259589076042 0.133707964420319 0.17070080935955 0.169980395585299 0.228716562688351 0.266016606986523 0.162742997705936 0.221578933298588 0.23487423658371 0.0194229123182595 0.0509746640920639 0.166046343743801 0.0531082913279533 0.0482672899961472 0.0225632320158184
-9999 -9999 -9999 -9999 -9999 0.9319220662117 0.478193819522858 0.682854396104813 0.558933934569359 0.276951542496681 0.432342457771301 0.334509211778641 0.159515190124512 0.36199117898941 0.419211998581886 0.350896701216698 0.264689300954342 0.270506143569946 0.280642005801201 0.284738066792488 0.283984276652336 0.279894000291824 0.418155461549759 0.265513949096203 0.10498270727694 0.246926426887512 0.210705003142357 0.143209231644869 0.202782632410526 0.120985632389784 0.204108618199825 0.112481356039643 0.174745929986238 0.298591993749142 0.268568663299084 0.248810288310051 0.304766774177551 0.264849185943604 0.220470920205116 0.229991196095943 0.109460639953613 0.0722304657101631 0.0237131040543318 0.0211763104423881 0.0229981722310185 0.016315495967865
0.07000164501369 0.526362809538841 0.741685819625854 0.100150323286653 1 1 0.616658145189285 0.37086289525032 0.334140011668205 0.268804462254047 0.269670252501965 0.30298555791378 0.293607014417648 0.278538380563259 0.260546216368675 0.340448820590973 0.325205665826797 0.358949890732765 0.235723242163658 0.383737373352051 0.252947320044041 0.222583663463593 0.151679085195065 0.261944605410099 0.265355506539345 0.263557909429073 0.221500897407532 0.21091326624155 0.0483411291614175 0.0335169771686196 0.215855720639229 0.23402581512928 0.198132985830307 0.203167097270489 0.167836447805166 0.141312984004617 0.304775586724281 0.294477571547031 0.240103003382683 0.240059919655323 0.0296119084581733 0.0285113465972245 0.0302926557138562 0.15593831166625 0.0467505227774382 0.0240131892263889
0.314637438952923 0.194176210463047 0.332049196958542 0.239018332958221 0.1574044033885 0.226052092015743 0.395051273703575 0.664750552177429 0.429276847839355 0.305616396665573 0.240104815363884 0.264297311007977 0.22893300652504 0.30717009305954 0.278829577565193 0.392903879284859 0.238163341581821 0.210917450487614 0.140440659224987 0.213003447651863 0.248627778887749 0.531469422578812 0.0709149718284607 0.295835377275944 0.263803797960281 0.252420255541801 0.228514723479748 0.233005754649639 0.0341746874153614 0.172974912822247 0.216046318411827 0.180096526443958 0.184281957149506 0.154753741621971 0.155628962814808 0.0213425975292921 0.25651742964983 0.0267786490730941 0.344603663682938 0.339343196153641 0.236203809082508 0.199931257963181 0.0490312879905105 0.0567485366016626 0.103020264208317 0.0640339702367783
0.141185407340527 0.172055171430111 0.48454492688179 0.191939826309681 0.216202872991562 0.219050148129463 0.388888916373253 0.247859843075275 0.294518521428108 0.342817604541779 0.34487946331501 0.276404704153538 0.301353222131729 0.183258673548698 0.243212388455868 0.369826471805572 0.163936401903629 0.228127655386925 0.0285422286018729 0.0198753133416176 0.21583057641983 0.23136437535286 0.243566361069679 0.313826565444469 0.413502630591393 0.314862328767776 0.16822866871953 0.269116249680519 0.0626371815800667 0.0707383569329977 0.185084526240826 0.142963914573193 0.304773251712322 0.18132938593626 0.235728259384632 0.0415070192888379 0.0312434658408165 0.0873079165816307 0.399933306872845 0.436287935078144 0.254532593488693 0.206361427903175 0.12240292057395 0.0561031222343445 0.12168956771493 0.0208007719367743
0.201519331336021 0.197097323834896 0.182577386498451 0.0541069448925555 0.191825042665005 0.206872275471687 0.212274251878262 0.274560539424419 0.21893186122179 0.208192086219788 0.258781313896179 0.278633223474026 0.189435005187988 0.220543445646763 0.198287454247475 0.260246808826923 0.175389742851257 0.103601376712322 0.137471015006304 0.0438469251617789 0.233237944543362 0.239195263385773 0.21199299544096 0.287364564836025 0.418909148871899 0.308678838610649 0.375025671720505 0.369073942303658 0.315177077054977 0.118677672743797 0.156905363500118 0.155908181518316 0.055503985285759 0.041196552105248 0.10532435849309 0.252914348244667 0.114459371566772 0.367842993140221 0.316328775882721 0.245000346004963 0.294850002229214 0.23824457526207 0.287174805998802 0.998896169662476 0.179209171980619 0.184117248654366
0.22951745390892 0.238778947293758 0.191848114132881 0.172257839143276 0.212964048981667 0.0601406475529075 0.21436567902565 0.196231414377689 0.189409777522087 0.215176010131836 0.214070579409599 0.232242155075073 0.254390576481819 0.208354257047176 0.239195545017719 0.229776358604431 0.244664898514748 0.185895308852196 0.131086487323046 0.199117432534695 0.241351470351219 0.427350026369095 0.523665416240692 0.225973914563656 0.478682774305344 0.483581766486168 0.25837794393301 0.369150692224503 0.377993729710579 0.312725958228111 0.48115266263485 0.496546831727028 0.34363040626049 0.182782478630543 0.338503107428551 0.340083264559507 0.293006099760532 0.346739354729652 0.275824376940727 0.116629899293184 0.244379460811615 0.204283273220062 0.290558218955994 0.394171652197838 0.246046908199787 0.208331653475761
0.253588126599789 0.241989974677563 0.243216115236282 0.184633582830429 0.224919214844704 0.226740096509457 0.203322929143906 0.202061170339584 0.19181300252676 0.214905291795731 0.211091624200344 0.21344892680645 0.212640596926212 0.219560578465462 0.229835258424282 0.248365017771721 0.244960670173168 0.239894193410873 0.187465886026621 0.381867319345474 0.277383884787559 0.370985862612724 0.383702769875526 0.333375710248947 0.42751362323761 0.308144360780716 0.254815515875816 0.27737157791853 0.281265154480934 0.752700853347778 0.911338990926743 0.312713702023029 0.162486501038074 0.280749513208866 0.340846167504787 0.180827262997627 0.0450323924422264 0.17763357758522 0.235716849565506 0.365207709372044 0.492252629995346 0.244490760564804 0.122316883504391 0.350949303805828 0.24378260076046 0.228000186383724
0.309833109378815 0.234808443486691 0.24864591807127 0.239231531322002 0.237577818334103 0.244634862244129 0.234972992539406 0.221677154302597 0.211881937086582 0.208195431530476 0.20696235448122 0.214873668551445 0.213038782775402 0.216339358687401 0.210696429014206 0.27185053229332 0.247100953757763 0.245749634504318 0.27019789069891 0.992420136928558 0.38025269806385 0.397185668349266 0.255646117031574 0.549548989534378 0.319239738583565 0.260528509318829 0.270961208641529 0.241852608323097 0.231868371367455 0.33012398481369 0.0881805770099163 0.258587358891964 0.175504207611084 0.058068261295557 0.599604767560959 0.195691509544849 0.164469280838966 0.0599609024822712 0.255113525688648 0.321053422987461 0.486977270245552 0.232078409194946 0.35046354830265 0.24821899086237 0.184474509954453 0.141065002977848
0.328778323531151 0.352986568212509 0.249750536680222 0.197224943339825 0.230689357221127 0.309940345585346 0.872188931703567 0.214044751226902 0.211774370074272 0.214257523417473 0.217384073138237 0.338682720065117 0.131583173573017 0.215200464427471 0.2196662992239 0.314105468988419 0.491546925902367 0.363889503479004 0.374993313848972 0.319753178954124 0.41532624065876 0.519950094819069 0.365486864745617 0.433430779725313 0.246691738069057 0.250216084718704 0.244176636636257 0.250623828172684 0.207882273197174 0.210815358161926 0.172698943316936 0.153561520576477 0.117685037106276 0.0181738436222076 0.079914329200983 0.105144579708576 0.190800568461418 0.0720909044146538 0.193023355305195 0.268929734826088 0.281981687247753 0.173458259552717 0.366732081770897 0.304165059328079 0.274857923388481 0.0621963739395142
0.258434402942657 0.255942332744598 0.249297192692757 0.221769352257252 0.248774899542332 0.231843174993992 0.205810226500034 0.213263691961765 0.20930200368166 0.212240970134735 0.316599504649639 0.370438075065613 0.212213933467865 0.258075664937496 0.323247034847736 0.399529218673706 0.553995370864868 0.569249379634857 0.583411830663681 0.39238917529583 0.293221275508404 0.31838203817606 0.388960528373718 0.270687054097652 0.171603748202324 0.256021094322205 0.0267456906847656 0.0537061031907797 0.209537042677403 0.207867117226124 0.171741178631783 0.876739645004272 0.528105092048645 0.212561815977097 0.16902394592762 0.315709137916565 0.155009711533785 0.182951074838638 0.306403835117817 0.405657558143139 0.242757059633732 0.151290430873632 0.0906636618077755 0.0512967694550753 0.140311796218157 0.0303750216960907
0.245058161020279 0.25100134909153 0.24515116661787 0.230184109508991 0.232602831721306 0.250925163924694 0.219676153361797 0.267583900690079 0.207401283085346 0.203384731709957 0.213172996044159 0.202381776273251 0.227497744560242 0.246217334270477 0.390525299310684 0.40004435479641 0.834997260570526 0.492039778828621 0.347699044644833 0.326857862621546 0.317058518528938 0.338886055350304 0.167134857177734 0.0881376095116138 0.241977210342884 0.228256025910377 0.170710518211126 0.261138202250004 0.120634174346924 0.210348376631737 0.148132230341434 0.243508033454418 0.704011780023575 0.208732651174068 0.210585032403469 0.0556364605203271 0.132199974358082 0.221075005829334 0.22856647670269 0.277100612223148 0.306807880103588 0.256197929382324 0.211567290127277 0.197937227785587 0.189006634056568 0.110642062872648
0.240084192156792 0.236389823257923 0.240364190936089 0.245606891810894 0.191685383021832 0.165510942786932 0.210110382735729 0.20415922254324 0.361590741574764 0.216169799864292 0.252144236862659 0.231210757791996 0.315114468336105 0.692537113279104 0.674398988485336 0.502956464886665 0.502056285738945 0.267882236838341 0.233732260763645 0.230488085746765 0.966005724668503 0.229610194265842 0.229691295325756 0.279327030479908 0.241594997048378 0.287570814788342 0.256836570799351 0.222952684760094 0.243205705285072 0.36655789911747 0.287043505907059 0.214205631613731 0.285236895084381 0.208245184272528 0.240206396579742 0.208719748258591 0.211738774180412 0.225214545428753 0.277387124300003 0.269972167909145 0.679199469089508 0.999999165534973 0.201991525292397 0.195423892140388 0.182346946001053 0.204713009297848
0.26388491243124 0.282554391026497 0.223575836420059 0.218118384480476 0.257617720961571 0.372796583175659 0.32901309132576 0.205127866566181 0.229021795094013 0.223840406537056 0.230756922066212 0.278339174389839 0.273868402838707 0.377528715133667 0.63007380515337 0.660454076528549 0.387939581274986 0.265397955477238 0.277228984236717 0.278007037937641 0.246678985655308 0.384446579217911 0.327793584764004 0.238234414160252 0.240548212826252 0.242381703853607 0.248551042377949 0.215928740799427 0.236008188128471 0.278534509241581 0.221831239759922 0.286037208139896 0.201293008029461 0.0678808901458979 0.14811596875079 0.193210189044476 0.18202600479126 0.198923793435097 0.185968886315823 0.25735932290554 0.212496314942837 0.214739038050175 0.203601181507111 0.216109210252762 0.221983394026756 0.190501794219017
0.196494077146053 0.498244896531105 0.42724934220314 1 0.775347369909287 0.336859002709389 0.267218446731567 0.213513545691967 0.302209582924843 0.359232416749001 0.248820045590401 0.242002177238464 0.330651718378067 0.355359795689583 0.36650298833847 0.385090899467468 0.392700374126434 0.384346520900726 0.414556354284286 0.613408321142197 0.395943033695221 0.243296991288662 0.461054858565331 0.0761699087917805 0.234203217923641 0.234946110844612 0.210492931306362 0.199098232388496 0.214265412092209 0.293667766451836 0.244022238254547 0.257746888697147 0.61004763841629 0.244321542978287 0.180105419456959 0.177996292710304 0.186309859156609 0.204239155352116 0.162368743121624 0.212766772508621 0.292841865122318 0.178674507141113 0.161868065595627 0.178451070934534 0.211963094770908 0.195173008739948
0.252751909196377 0.35606198310852 0.223621825873852 0.218197332322597 0.356584381312132 0.287003803253174 0.229540053009987 0.189552959799767 0.404896917939186 0.505014827847481 0.30091281235218 1 0.454048269987106 0.448341420292854 0.448032024502754 0.406164881587029 0.347406613826752 0.371024405956268 0.326702770590782 0.255184617638588 0.571200385689735 0.540716290473938 0.391464564204216 0.14412672445178 0.235903027653694 0.224538218975067 0.203254429996014 0.156145052611828 0.296053063869476 0.307995170354843 0.113501980900764 0.167229178547859 0.159968505054712 0.209252621233463 0.176911965757608 0.210537752509117 0.230568671226501 0.209426505863667 0.197247295081615 0.202722744643688 0.202216422557831 0.192035129666328 0.358947618305683 0.193632726371288 0.161845510452986 0.193235494196415
