Maxent_result_files_1/Bombus_lapidarius_2.asc
NCOLS 594 
NROWS 330 
XLLCORNER -15 
YLLCORNER 23 
CELLSIZE 0.166666666666667 
NODATA_value -9999 
[rows 100 to 119 of 330, columns 322 to 367 of 594]
0.0305215623229742 0.0254688150249422 0.0757914438843727 0.0801119424402714 0.0286675620824099 0.0254847737029195 0.0191529145464301 0.0222408588975668 0.0488712690770626 0.0442135021090507 0.0386509448289871 0.0193582905456424 0.0186484176665545 0.0183202905580401 0.0203831396996975 0.0366877533495426 0.0510302014648914 0.0443409573286772 0.0365339778363705 0.0559688404202461 0.039649660512805 0.0186182495206594 0.12622052654624 0.0444297423586249 0.0721126683056355 0.0180562376976013 0.031096894107759 0.0154414474032819 0.0156383618712425 0.0420372638851404 0.042386869341135 0.0159047192893922 0.0159342875704169 0.0158512387424707 0.0152486673556268 0.0271372977644205 0.0182156953960657 0.0261804522946477 0.0126908249221742 0.0128502623178065 0.0120963143184781 0.0120683527551591 0.0122770307585597 0.0120350329205394 0.0109834647737443 0.0106066817417741
0.0266929561272264 0.0090932599734515 0.0181477023288608 0.0234682079404593 0.0675182744860649 0.0325433488935232 0.189666314423084 0.0400794338434935 0.0192088384181261 0.0183326965197921 0.0214184395968914 0.0185814250260592 0.0179197052493691 0.0618464291095734 0.0176308553665876 0.0353176560252905 0.0401724595576525 0.0173169249668717 0.0462700888514519 0.0385844647884369 0.0982578910887241 0.0437508655712009 0.0560234121978283 0.0464657984673977 0.0293561762198806 0.0405237622559071 0.0195628847926855 0.0440068334341049 0.033148630335927 0.0149290222674608 0.0196048457175493 0.0156444715335965 0.0161271777935326 0.0157366459257901 0.0149499971419573 0.0145304955542088 0.0134921631775796 0.0168052778579295 0.01449119085446 0.0127934746444225 0.0127541238442063 0.0155513798817992 0.0118040754459798 0.0116042057052255 0.0112032504752278 0.0100677053444088
0.0097026027739048 0.00974948415532708 0.0102911586407572 0.0143497122451663 0.0458267845213413 0.0571706458926201 0.0260613279417157 0.0193570572882891 0.0196148041635752 0.057480651140213 0.0193829592317343 0.0206451110541821 0.0200078690424562 0.0547641269862652 0.0368087332695723 0.0186085563153028 0.0189947472885251 0.0186051398515701 0.039301497861743 0.0375601593405008 0.066684589907527 0.0793802060186863 0.117636866122484 0.0496347062289715 0.0217795161530375 0.0342113362625241 0.0469838596880436 0.0482161942869425 0.0324977144598961 0.0134966850280762 0.0149385204538703 0.015529494266957 0.0155701201409101 0.0135605518706143 0.00991198793053627 0.0138228287920356 0.0142440077848732 0.00818310501053929 0.0171358153223991 0.0227224653586745 0.0162177853286266 0.0167225441895425 0.0114782377146184 0.0115027941763401 0.0107595298439264 0.0100077708251774
0.0206261550076306 0.0168779503554106 0.00932102394290268 0.0307715848088264 0.0203632362186909 0.0408923998475075 0.0199725072830915 0.0412932977080345 0.0264294266700745 0.0213857157155871 0.020972122438252 0.0190047968178987 0.0503176242113113 0.0384404327720404 0.0513050992041826 0.0190240995958447 0.0244848925620317 0.0494944602251053 0.037754612788558 0.0378327965736389 0.0715110875666141 0.0167747846804559 0.0213448286056519 0.0406363558024168 0.0327212771400809 0.0086531353648752 0.0563058447092772 0.0409505996853113 0.0151996314525604 0.0152927356772125 0.0409203100949526 0.0330842528492212 0.015372536983341 0.0245921270921826 0.00972714722156525 0.0144209957681596 0.0116741449572146 0.0175288799218833 0.0115855254232883 0.0124987659044564 0.0173502613790333 0.0158964079804719 0.0135426427237689 0.0142912540584803 0.00972247831523418 0.0339709414169192
0.0415299534797668 0.00992321753874421 0.0377684850245714 0.014077069144696 0.0215426897630095 0.0417770493775606 0.0397876616567373 0.052567595243454 0.0187899824231863 0.0384732250124216 0.0283032976090908 0.0402389142662287 0.0188720403239131 0.0203690759837627 0.039854584634304 0.0213493587449193 0.0180402481928468 0.0390860628336668 0.0519277278333902 0.0363141279667616 0.0474553152918816 0.0155693667940795 0.0177109269425273 0.0355957139283419 0.0436764448881149 0.021343444660306 0.0339681217446923 0.0478252556174994 0.0332471881061792 0.0351955212652683 0.0317882500588894 0.026337593048811 0.0322627956047654 0.0338007474318147 0.0232421660795808 0.00902608307078481 0.00689426325261593 0.00772930737584829 0.0125403741374612 0.0216245649382472 0.0123881219886243 0.00918024918064475 0.00984902177006006 0.0143790414556861 0.0213210036978126 0.0209971336647868
0.0276111932471395 0.010577921429649 0.0111693859566003 0.0266570163890719 0.048493442311883 0.0181422462686896 0.0373754072934389 0.0380615968257189 0.0408217404037714 0.0571754530072212 0.0199703557416797 0.0186682801693678 0.0473977405577898 0.0428570169955492 0.074822710454464 0.0443281449377537 0.0185727326199412 0.0379377566277981 0.0654876902699471 0.0414083294570446 0.0181242719292641 0.0178554421290755 0.0185687277466059 0.0167296697385609 0.0160584317520261 0.0540917724370956 0.0359988495707512 0.0338038107380271 0.0347117327153683 0.0371782753616571 0.0319226883351803 0.0469280045479536 0.0363160204142332 0.0316123906522989 0.0148975309915841 0.0189656214788556 0.0251414500176907 0.0141674876213074 0.018042610026896 0.0133082210086286 0.0127942853607237 0.0158617334440351 0.0140748544596136 0.022864649631083 0.0103798381052911 0.0100486231036484
0.0231894347816706 0.00869130161590874 0.0156977975741029 0.038352782651782 0.0365154057741165 0.0557040147483349 0.0452432602643967 0.0449507731944323 0.0381247133016586 0.0382113885134459 0.0181554855778813 0.0380656093358994 0.0184331310912967 0.0374408408999443 0.0464700579643249 0.0184294844046235 0.0184970743954182 0.0377688057720661 0.01746691968292 0.0177859351038933 0.0192673399113119 0.060970351845026 0.0260592577978969 0.0161361067555845 0.0219652539119124 0.0137287583202124 0.0171122096478939 0.0166886252351105 0.0164262358099222 0.0158779415301979 0.0362793184816837 0.0156620506197214 0.0330259302631021 0.0323758872225881 0.0351658210158348 0.0152815216220915 0.0227348318323493 0.0177856985479593 0.0134275501593947 0.0171423874795437 0.0128153819590807 0.0124740746803582 0.0120346416719258 0.011650104355067 0.0107206666842103 0.0105088356882334
0.0215228294953704 0.019684730656445 0.0267892615869641 0.0447231885045767 0.0522374171763659 0.0489020802080631 0.0365478459745645 0.0171822586096823 0.0505024090409279 0.0471165262162685 0.049714208394289 0.0535060308873653 0.0387192968279123 0.0378068502992392 0.0394902568310499 0.0181157814338803 0.0542866468429565 0.0399693846702576 0.0367445759475231 0.017993045039475 0.0324504705145955 0.0360837955027819 0.0385734710842371 0.0175996592268348 0.0343424236401916 0.0161385467275977 0.0431695505976677 0.0122387800365686 0.0156607339158654 0.0158782042562962 0.0159559024497867 0.0199805987998843 0.0181484313681722 0.0197002913802862 0.0160064619034529 0.00691987108439207 0.0223723666742444 0.0134714277461171 0.00950341317802668 0.0269583472982049 0.0255750074982643 0.0245396573096514 0.0230233330279589 0.0225596798583865 0.0210799807682633 0.0276810517534614
0.0406819220632315 0.0376965254545212 0.028984103538096 0.0568721696734428 0.0377761419862509 0.0341910229995847 0.0381507232785225 0.0350514242425561 0.0171606238931417 0.0443789843469858 0.0552147880196571 0.0518292088061571 0.0369527507573366 0.0182598244398832 0.0387424752116203 0.00996522880159318 0.0140990193001926 0.0373613353818655 0.0179048659279942 0.0183470819145441 0.0182134956121445 0.0374952353537083 0.0368570424616337 0.0353197753429413 0.0481833390891552 0.0165026125498116 0.0195244362577796 0.0159419293515384 0.0347346771508455 0.0167144012637436 0.0333740079775453 0.0204965239390731 0.0182242369279265 0.0151998772285879 0.0339605903252959 0.0351956050843 0.0312441797927022 0.0404392447322607 0.0308708345517516 0.0275594990700483 0.0255270145833492 0.0236025845631957 0.0307915369048715 0.0212827542796731 0.0104928620159626 0.021850598976016
0.0690853983163834 0.0561420187354088 0.0487004764378071 0.049573776870966 0.0392337907105684 0.0445225737988949 0.0467620961368084 0.0358605436980724 0.0423690591007471 0.0167724266648293 0.0397651635110378 0.03580735437572 0.0178948625922203 0.0179172920063138 0.0183968907222152 0.0183772992342711 0.0183799300342798 0.0182955782860518 0.0209956647828221 0.0386543795466423 0.0386112239211798 0.0222496218979359 0.0212076557800174 0.0216718513518572 0.0363514840602875 0.0171719397418201 0.034624638222158 0.0170672015286982 0.0170177606865764 0.0456208635121584 0.0161235288716853 0.0208279885351658 0.0127060016617179 0.0337122425436974 0.0324654998257756 0.0153446369804442 0.0151950880885124 0.0144587715156376 0.0298619735985994 0.0292265396565199 0.0248810665681958 0.0247076757252216 0.0159192806109786 0.0238885160535574 0.0116272795945406 0.0109448531642556
0.0448750212788582 0.0587883401662111 0.0539755161851645 0.0476470805704594 0.0331132618710399 0.0418300550431013 0.0443748500198126 0.0370190694928169 0.0272543745115399 0.0402567196637392 0.0361893471330404 0.0357620995491743 0.0361450213938952 0.041728363931179 0.0389346916228533 0.0499947376549244 0.0637455068528652 0.0390698488801718 0.0450174253433943 0.00936446478590369 0.00726327458396554 0.0159684999845922 0.0344491615891457 0.035170153900981 0.0351309943944216 0.0150581628084183 0.0175010994076729 0.0174869053065777 0.0213160188868642 0.020223356410861 0.0149305894039571 0.0156489689834416 0.0150974813848734 0.0155246562324464 0.0161418008618057 0.0155543566681445 0.0146932507865131 0.0144481359981 0.013917588442564 0.0277501102536917 0.0267192851752043 0.0251515926793218 0.0251855462789536 0.01170913586393 0.0110021088272333 0.00931319845840335
0.0468228366225958 0.0409230638295412 0.039789006114006 0.0534809641540051 0.0462226543575525 0.0566128857433796 0.0431337311863899 0.0430511243641376 0.0464762642979622 0.0188206205144525 0.0252859298139811 0.0328710477799177 0.016682287491858 0.0463293123990297 0.0418938219547272 0.00967168319039047 0.00964228259399533 0.00873490110971034 0.00800347342155874 0.00780357862822711 0.0108427688945085 0.0110387837514281 0.0174924177117646 0.0504477135837078 0.0362537730485201 0.0492759305983782 0.0172217773273587 0.0172724899835885 0.020459502376616 0.0160526656545699 0.0156342031434178 0.0150840541347861 0.0150478329509497 0.0149624053388834 0.0148015029728413 0.0147618213668466 0.0145803247578442 0.0142198248766363 0.0141646302305162 0.013571082148701 0.025627121143043 0.0250205438584089 0.0117894723080099 0.0241129897534847 0.0110951657406986 0.0109170747920871
0.0452904250472784 0.0411922425031662 0.0187898395583034 0.0373067140579224 0.0525899093598127 0.0428209364414215 0.0626445233821869 0.0925979234278202 0.0374422576278448 0.0185998169705272 0.0398579441010952 0.0535885371267796 0.0595699314028025 0.0582730758935213 0.0563288781791925 0.0167436425574124 0.0130745513364673 0.0224440520629287 0.0169160932302475 0.0195056572556496 0.0373803418129683 0.0172750933095813 0.0173726282082498 0.0517694063484669 0.0194949703291059 0.0169423691928387 0.0167584620416164 0.0165526173077524 0.0335227843374014 0.0324414540082216 0.0152653213590384 0.0134110269136727 0.0155859385617077 0.0153297871351242 0.0128480955027044 0.0142869657836854 0.014041155949235 0.0140528561547399 0.0141761540435255 0.0136799413710833 0.0130509798415005 0.0125890139490366 0.0121987129561603 0.0115434054285288 0.0112079489976168 0.0108558578416705
0.0507987648248672 0.0455432381480932 0.0419552430510521 0.0375804726034403 0.0377427972853184 0.0387741029262543 0.0401377614587545 0.0556261379271746 0.0417680531740189 0.0574518665671349 0.0654875181615353 0.0307736836373806 0.0166099445894361 0.0349375309422612 0.0168628842569888 0.016896731685847 0.0173561367206275 0.0219229090958834 0.0166672952473164 0.017233104351908 0.0172490753233433 0.0376505956053734 0.0170679197646678 0.03708227686584 0.017180391959846 0.0205874947831035 0.0161890706978738 0.0322337428107858 0.0157900766469538 0.0158208216540515 0.0158911395817995 0.0154012975282967 0.0148654440417886 0.0146865400485694 0.0152814924716949 0.0133361052721739 0.0145019127056003 0.0141227041371167 0.013714671973139 0.0138845784589648 0.0136236631311476 0.012456947285682 0.0125107831321657 0.0332078944891691 0.0238594636321068 0.022990064881742
0.0458583358675241 0.0442333225160837 0.0420907016843557 0.0393568601459265 0.0376186598092318 0.0375496800988913 0.0367306314408779 0.0524830527603626 0.0544944308698177 0.0404376294463873 0.0375484269112349 0.0401878166943789 0.0555201664566994 0.0370041791349649 0.0389025587588549 0.0329806860536337 0.0425853867083788 0.0164331143721938 0.0165715394541621 0.0362543176859617 0.0367722515016794 0.0177500821650028 0.0362889129668474 0.0370427045971155 0.0278186118230224 0.0164294029586017 0.0159755113534629 0.0160253816284239 0.0164916570298374 0.0160749668255448 0.0160953889600933 0.0157583143562078 0.0151234281249344 0.031306579336524 0.0322251804172993 0.0151882253587246 0.0150245629251003 0.0140732252970338 0.013852140493691 0.0140619210898876 0.0141211939044297 0.0267314080148935 0.0339249461889267 0.0335893932729959 0.0224706832319498 0.0204823706299067
0.0588799118995667 0.0265283742919564 0.0415161516517401 0.0447879150509834 0.0467632155865431 0.0766272164881229 0.0310983760282397 0.0558839026838541 0.0349705465137959 0.0393888782709837 0.0514541979879141 0.0172598510980606 0.0377140488475561 0.0413638450205326 0.041460482031107 0.0375235706567764 0.0346667539328337 0.0330550545826554 0.0365584541112185 0.0383826240897179 0.0378822337836027 0.018452438339591 0.0368655864149332 0.0465324889868498 0.0495597563683987 0.0338812036439776 0.0324921244755387 0.0157618802040815 0.0318977557122707 0.0159208902157843 0.0161776503548026 0.0159401852637529 0.016146975196898 0.0356258787214756 0.0303838908672333 0.0296389549970627 0.0305402398109436 0.0284074628725648 0.0280388599261642 0.0281966608017683 0.0298863729462028 0.0252557102590799 0.0120146417059004 0.0242945814505219 0.0112332303076982 0.010132238548249
0.0527144182473421 0.073123786598444 0.0441028375178576 0.0397445380687714 0.0406068496406078 0.0445078387856483 0.0387481171637774 0.0358548009768128 0.0387351702898741 0.0396016146987677 0.0361800063401461 0.0171243644319475 0.0169596859253943 0.0169949649833143 0.0174212059937418 0.0412262745201588 0.0342223413288593 0.0331451645120978 0.035372488386929 0.0382012955844402 0.0378931507468224 0.0354011343792081 0.0365456126630306 0.0363349139690399 0.0172229306772351 0.0168806100264192 0.0162114175967872 0.0161534267477691 0.0323601923882961 0.0314383499324322 0.015874043200165 0.0153424372896552 0.0315387528389692 0.015921707637608 0.0156331685371697 0.0308109505102038 0.031917611323297 0.0306759880855679 0.0289451211690903 0.014272831287235 0.0291810564696789 0.0253420852124691 0.02508908174932 0.0249387921765447 0.0113437273539603 0.0111114338040352
0.0102855853270739 0.0641135264188051 0.109772442281246 0.0487981010228395 0.0436016485095024 0.0406635042279959 0.0380690880119801 0.0395654886960983 0.0369725067168474 0.0407084442675114 0.0405549772083759 0.0377377770841122 0.0537200398743153 0.0412832330912352 0.0399093568325043 0.046400460973382 0.0436444785445929 0.0419868558645248 0.0359935022890568 0.0435409016907215 0.0574604399502277 0.0734224744141102 0.0755383782088757 0.0372733496129513 0.0229067124426365 0.0340148435905576 0.0327858006581664 0.0319096686318517 0.0325989263132215 0.0278820782899857 0.0153323988430202 0.0152218610048294 0.0148405886255205 0.0154321569949389 0.0156196900643408 0.0322466816753149 0.0432517990469933 0.0307033808901906 0.0306058360263705 0.0141962169669569 0.0318579459562898 0.0430168759077787 0.0131463252939284 0.0257110705599189 0.0124312903732061 0.0241555752232671
0.040302325040102 0.0649938143789768 0.0451983816921711 0.0447307866066694 0.0407308049499989 0.0441934622824192 0.0416445136070251 0.0404722154140472 0.0421306371688843 0.0402868300676346 0.0378939300775528 0.0369880583137274 0.0361968394368887 0.0436705559492111 0.0461899623274803 0.0398647621273994 0.0389869850128889 0.0419518303126097 0.0440305914729834 0.0406226433813572 0.0413349580019712 0.0361905198544264 0.0353754652664065 0.0346450552344322 0.0354191739112139 0.0372210308909416 0.032770237326622 0.0321875173598528 0.0153576291166246 0.0395615946501493 0.0333393981680274 0.0311893627047539 0.0154523842036724 0.0157229906879365 0.0336710279807448 0.034566643461585 0.0397620610892773 0.014978498686105 0.0156312249600887 0.0301303960382938 0.0136613131500781 0.013609850499779 0.0307204747572541 0.0273995120078325 0.0127690770663321 0.011501597519964
0.167310790717602 0.109158247709274 0.0702584303915501 0.0464737884700298 0.0440367538481951 0.0445741090923548 0.0437704190611839 0.0426543515175581 0.0440048661082983 0.0414808996021748 0.0457139056175947 0.0426848508417606 0.0407870408147573 0.0594638012349606 0.0331820352002978 0.0353515468537807 0.0369104161858559 0.0401560626924038 0.0367997515946627 0.0373789004981518 0.0364633250981569 0.0465997476130724 0.0451173342764378 0.034366924315691 0.0387488175183535 0.0349575020372868 0.0351033363491297 0.0155332769267261 0.015635434165597 0.0334630284458399 0.0334657896310091 0.0333989758044481 0.0399096563458443 0.0360573001205921 0.0316895784810185 0.0140283262357116 0.0152826773934066 0.0159887529909611 0.0159699590876698 0.0156423531472683 0.0329376647248864 0.0331369088962674 0.0321295779198408 0.0304057538509369 0.0127925413660705 0.0263768123462796
