Maxent_result_files_1/Bombus_balteatus_3.asc
NCOLS 594 
NROWS 330 
XLLCORNER -15 
YLLCORNER 23 
CELLSIZE 0.166666666666667 
NODATA_value -9999 
[rows 120 to 139 of 330, columns 528 to 571 of 594]
1.40550445615339e-08 4.1136015704879e-10 9.31378759339019e-08 7.07322544979405e-10 5.96678922126781e-06 5.40167198920249e-06 7.40290069560778e-06 5.71119285474042e-06 6.07421861852364e-06 1.00537535811518e-05 3.56792196898326e-09 1.87577318122578e-09 1.1391227738855e-09 5.43519787005176e-06 2.02467186349864e-09 1.06840125635443e-10 1.51049583951846e-10 5.57224366648512e-10 3.39253100789527e-07 5.34769863512752e-06 8.9273787622357e-07 1.08002218279779e-10 2.1660465976403e-09 4.07635122323669e-09 2.37600870897969e-05 5.57181851628119e-06 1.45574623466871e-09 2.92571877835712e-10 4.08627021108998e-11 5.1374571263807e-12 2.45569852896921e-08 6.65637728658464e-07 3.61014673710969e-10 4.49851156325565e-10 4.53949172239954e-06 2.71634014614719e-08 3.469260700939e-09 1.02499045917526e-09 2.58823998899871e-09 1.30240312978813e-09 2.11915357550829e-07 1.25191113142797e-08 7.04585563449101e-08 1.5734433046477e-07
7.26043953180877e-08 3.07569578028577e-08 1.04662972496894e-05 4.14753229277531e-06 4.14543282467594e-06 5.98966473349671e-06 5.12293332731728e-06 5.51172698389779e-06 6.13404930708272e-06 4.01925124615676e-07 7.85197682540151e-08 4.08581779520745e-10 4.74034834385684e-08 1.38153222828397e-06 1.02660802081544e-10 3.57538798567703e-10 7.50550719241794e-08 5.11444267481398e-07 3.67572687461903e-06 4.67441917199052e-06 1.60796436055044e-08 1.4140844717403e-09 3.39532968407497e-10 4.65031435581409e-10 1.31279153103847e-09 4.82657956718535e-06 5.15841502018999e-06 2.04618714194638e-09 1.79891235241314e-10 2.93663375650066e-07 2.81122260437083e-07 4.61657490014034e-10 1.05628436219973e-08 1.44256137846188e-06 9.80409853745812e-08 1.85771254013201e-07 3.23326174056504e-08 8.06205546766137e-11 5.12180007161689e-07 1.40527017689074e-08 2.01873412898346e-06 2.55964340056813e-08 1.76180136590709e-08 3.88755664326723e-09
7.93328434056662e-08 3.13916306424744e-06 3.87523474532081e-08 1.01258420426298e-07 4.3826268345426e-06 4.99536876584772e-06 3.12113768839994e-06 4.08253135653069e-06 5.67669648285918e-06 1.2270039284612e-08 6.63524938326887e-09 1.09003728265833e-10 8.45617909028817e-11 1.88177973203807e-10 3.25649607280098e-10 8.49468008157217e-09 4.90512819251165e-10 4.92318513733991e-09 7.7078824878285e-09 1.68094060892798e-10 4.34636797854715e-06 4.96741082852692e-06 3.20178470403221e-09 1.55829936732133e-09 2.73056921518133e-10 9.07590711474171e-09 1.06229835784566e-06 1.0102215641794e-08 4.88744988924594e-10 2.84607704070794e-10 1.13313469718435e-11 1.63405121766935e-08 6.59169230310397e-10 8.25118211429388e-06 1.59989218762036e-08 1.09549790350272e-09 1.86278892311265e-10 7.50386792847113e-07 7.21972265527171e-08 6.35039738841048e-06 9.21579941404182e-07 5.34608214364241e-09 6.92573205451907e-09 6.3610944816217e-06
2.01274885647251e-10 6.72723321493152e-11 3.81814186045659e-08 1.37623864768788e-06 3.14516984958324e-06 3.86558414494642e-06 4.59194753609227e-06 1.01786776234292e-06 2.04469951222697e-06 3.20994804059449e-07 4.63107655401807e-07 2.6280638132925e-06 5.55321853168422e-08 1.05088209629844e-06 4.17998552194598e-06 4.39281855335594e-10 5.99102323306511e-10 8.57873216908445e-11 1.5948156129042e-10 1.16419263118672e-10 1.73504188670792e-06 2.14458439895537e-10 5.94606208714765e-10 1.42638600930667e-09 8.39127816467666e-06 1.00178498829706e-10 1.67261793304618e-10 4.40531389145349e-10 2.24869584153353e-07 1.15317436710782e-09 4.1365224578982e-10 3.3950482384193e-06 3.08526695768085e-06 2.78082297189286e-09 2.15415458804102e-09 2.15637041556249e-10 3.029053179604e-06 4.26041206136318e-07 8.329980616395e-09 4.63784849746851e-08 3.2918494385914e-08 2.41411413082204e-10 2.44204437782614e-09 6.6751186800218e-10
6.64652777260244e-12 8.8117291241474e-13 9.79129000100443e-11 1.47387879678718e-11 5.14944753504665e-12 3.51114703978084e-10 7.87549206859861e-07 7.58185987326243e-07 6.86978033193064e-07 2.81709930145535e-06 7.78924676547721e-07 2.78355955729559e-08 5.49232581636971e-10 1.20526870928117e-08 1.69838771935105e-09 5.96568849875467e-10 8.13493468143633e-09 3.2724837284448e-10 3.66430175091637e-09 8.76777732128353e-07 3.13274635121985e-09 5.49365734087148e-06 1.56787530018798e-05 0.234296891471604 8.26432365598873e-05 5.59064952995847e-05 0.868901733309031 0.017072000453696 9.09005629656789e-09 4.58994214858066e-09 3.13575714283587e-09 3.14975948323415e-08 3.79274975870203e-09 1.77513930221807e-08 8.81713813072338e-11 2.57614829325403e-06 1.77679823066823e-06 1.74295968581317e-06 1.35153913616293e-09 4.75106257225022e-08 8.27258883617787e-09 1.21346873660499e-09 2.72841102378907e-06 3.80016762607793e-06
1.72434160838897e-08 2.99747782150916e-10 1.73363634559109e-10 1.45471346080228e-10 1.40180640428866e-09 1.4897000299996e-10 2.56848986524005e-11 4.94604590617342e-10 1.99163885383769e-10 3.61911423052419e-10 3.17137494043607e-10 2.42389230908913e-10 3.08733105747194e-10 2.94917690268903e-10 6.02813465810925e-11 3.44939452556758e-09 8.6826597023304e-10 1.04964792413398e-10 1.40492395495073e-10 1.03608185364479e-09 1.63818049903064e-08 3.880964591918e-08 4.7601825037269e-08 2.07094674742336e-11 9.34137656116718e-11 6.31783314553047e-10 4.6601345005115e-11 0.000489430474010533 0.000274963540208295 9.09341865135138e-05 9.03200706340312e-06 0.00145517871613827 0.000112081216899607 4.90965023081102e-09 7.37073158063595e-10 1.37535646160813e-07 4.81686379671942e-10 2.83215933261083e-08 1.37683665202282e-07 0.0342898845119635 6.50927156620185e-09 2.15046839113775e-08 3.84487319760041e-10 6.85936551109156e-06
9.61854982328703e-09 5.24107767185811e-09 1.856402920275e-10 1.55726798123368e-10 3.95096351191171e-09 1.03305730636549e-10 2.48653027057344e-09 4.1031733566399e-12 3.23178150907211e-12 1.15685594437309e-10 1.93718767904638e-07 9.72391676845597e-08 2.13592321607337e-10 1.71792413627969e-10 7.38980976411341e-10 2.2087596196485e-10 7.17189718724143e-10 8.42174017190445e-09 4.45425137884925e-09 9.14356473868949e-09 1.15544329659656e-10 1.05269493122506e-10 2.2605890492855e-10 3.36130967504289e-09 8.47204306708704e-11 5.29820687322768e-10 9.63338420145732e-10 1.67209294188453e-09 0.166250062537347 3.75049543744233e-05 3.58122206445266e-08 0.219072193492155 0.0290346595666051 2.68786327786152e-06 0.000732544414491609 5.96302266755444e-05 2.50829779918638e-06 0.0102654562005199 0.0263461868133163 5.38547392497923e-06 5.69543425602559e-06 2.43108289055272e-10 7.08776881186424e-08 3.33122110784956e-08
3.44443442101827e-08 6.83016976310569e-12 9.2898283066134e-09 1.63345581505325e-10 4.1828593699833e-09 1.04805653045048e-10 2.24953211613865e-10 1.43258960250137e-11 2.11037842756667e-10 2.38538078178863e-12 3.04061996692084e-09 2.34399288867593e-10 3.43355851528671e-09 6.7349015253626e-12 1.35491492470052e-09 3.69008409384364e-09 2.29699592679822e-12 1.05950992423942e-10 1.1109614561633e-09 7.96093413413246e-11 1.16451033926879e-08 3.31518464902203e-09 6.14218392813726e-09 1.03419371844105e-08 5.20826159977616e-11 8.81101747118862e-11 6.4630080176542e-10 7.69642273246163e-09 2.05364514282991e-10 2.49525033413356e-08 5.77381937350019e-07 4.98897604339632e-09 6.28338381325477e-11 2.33806107807766e-10 1.16247447223827e-09 2.04122152513975e-10 1.20914741152944e-07 1.18421114136957e-08 4.5383867595461e-05 2.91626201707196e-06 0.105774595402181 3.16046492310207e-09 5.14566225184865e-09 5.35392352118969e-08
1.96777569239082e-08 1.02040598193298e-13 3.02238234439756e-12 9.98213981473484e-09 1.08714294677625e-08 3.16848990378205e-09 4.39037461386071e-08 4.41143788165732e-12 1.70029976764852e-09 3.15846238052586e-12 1.78015824303657e-11 1.54140844532691e-10 5.6619753330267e-10 4.62820404223407e-10 1.86498765368803e-06 3.18219903761019e-09 3.06310532494081e-12 1.18053966602361e-10 1.50459575576356e-08 3.13151828690295e-08 2.14364251793775e-08 8.72303419496845e-09 6.01014120693577e-09 3.02819100905793e-09 1.60409830973762e-09 1.63188575985629e-09 2.37970203542659e-09 6.36869961212483e-09 4.41411351914667e-11 1.99396166244981e-11 7.90495446878481e-11 2.40981766763682e-09 2.17461678664321e-09 7.79820097385198e-11 6.38063091251695e-10 1.38968013241314e-07 2.29733665424447e-10 2.01567965207872e-08 6.70234634987388e-06 9.98508129512743e-09 1.05523132587493e-07 8.38435335848153e-07 2.00044078446648e-07 7.89588572303046e-10
5.91765092483598e-10 9.54181178514091e-13 2.01983904046799e-09 6.00854710430809e-10 2.75224398826879e-11 1.60513058400369e-10 7.03437308402499e-13 9.39659461351994e-13 7.48865414124111e-12 7.27341320505559e-10 4.31710223125492e-13 1.44332493734467e-09 5.84826376215375e-10 8.89797124870029e-11 2.47386109375469e-09 5.92253135422993e-10 8.79913797380283e-10 1.12725792034141e-09 7.70588370890835e-11 9.41039380863984e-09 6.29289953479883e-12 3.41005971238317e-09 7.43943195935515e-10 7.24995007361784e-09 1.30611773840883e-08 2.61388937161655e-09 2.81618199871048e-09 2.31161073616093e-09 2.54592014137245e-11 1.43249745399032e-11 4.43169545505384e-10 1.46916743437586e-08 1.51475066934026e-09 3.1216580320681e-09 2.39548558766955e-10 1.69581793052487e-11 2.66807687054893e-12 1.01464338375656e-08 2.06368531152634e-09 1.45588680888764e-08 2.31701751640667e-07 0.203288739099742 0.000109866019308424 0.106832204457797
1.028116480839e-11 3.54082074993656e-08 1.1234346786182e-13 5.96522831131097e-13 3.76768394261262e-11 1.13031806137087e-13 3.98414634616984e-13 3.74584137596834e-08 3.62809782217255e-13 2.40252262528884e-13 1.16763820834365e-11 7.19818205041633e-11 8.13312306391367e-11 4.8230308635766e-13 3.80273590394609e-13 6.76059208615243e-13 4.01068744881883e-09 7.21611659315613e-13 7.66708918575887e-13 6.94147739288553e-11 6.69697630684141e-13 9.38382704873675e-13 8.91239304579017e-12 1.02251540567977e-14 2.55564569506817e-11 9.52848244750726e-11 3.10856041685348e-08 8.68190018432635e-08 7.00039224366122e-09 1.62082682053644e-08 1.64802871349679e-10 8.87163976226457e-07 4.66804494947404e-08 2.26280172044291e-08 3.11468517644187e-10 3.61113083879872e-10 2.32953796586166e-08 2.49261331575212e-09 1.62402339354273e-09 1.43474150338108e-08 0.00010689459176656 1.045695409152e-08 1.02046250560761e-08 1.99795407995751e-09
1.08245634677928e-12 1.00475183728577e-14 5.20694598549198e-15 3.33300054222718e-13 8.21565038222616e-15 2.85593770854575e-13 3.06288328033588e-13 1.1361578344804e-12 1.84208204245806e-13 1.25777166459784e-13 6.85161927194144e-12 4.03420852279623e-11 1.39129818776951e-12 9.71317137832273e-11 3.56324969530419e-12 3.18438608815086e-12 6.36015684563063e-12 3.77053943623196e-13 2.69884115056129e-13 1.26454402504805e-14 9.66560165238661e-14 3.16724424465065e-13 4.54636328584002e-14 4.11526368537807e-13 1.30986310686865e-10 4.40814051927418e-13 2.77905165546599e-10 3.20745285886659e-10 8.20787882105378e-14 3.32635252675573e-11 3.47518680499093e-11 6.87333645554844e-10 1.70324274584299e-07 6.01495501184601e-09 1.74640779615487e-10 3.49846386971109e-08 1.52488244253846e-10 5.72794530695475e-09 6.7754869492731e-10 3.34346217378823e-10 8.48236159090021e-10 1.49655650094616e-09 6.02702487917384e-10 1.07776326541131e-07
2.94653190735517e-14 2.34738783966293e-11 2.72781797150401e-14 2.3999691123322e-13 2.51054732558487e-13 1.97053484640719e-13 2.00683913931243e-13 1.6787682355357e-13 6.18213258363198e-12 8.72635297355373e-15 2.1094237467878e-14 2.97121216519258e-12 3.382405466823e-13 2.57516230561805e-13 2.15938378289593e-13 5.6843418860808e-15 2.81930034873312e-13 2.89868129499382e-13 7.30970839413203e-14 2.67077249205272e-11 4.59632332194815e-15 3.90354415458205e-14 2.01250127673802e-13 2.1325163857e-13 2.3276935934291e-13 3.16813242307035e-13 3.96982446915217e-13 9.22022458382798e-12 1.82098580658874e-10 5.5147952870982e-11 5.42343947529389e-13 5.81945602817768e-13 6.75212132095204e-08 3.37680162165732e-08 5.98110450056311e-13 1.06198383420519e-12 4.24008606003667e-12 1.23388903539023e-09 2.6110592354911e-09 1.33107969091384e-12 1.35526940914232e-07 6.56857356284846e-09 8.17515062312424e-09 6.07711359013052e-10
1.67865721323324e-14 6.51700915454967e-15 4.57411886145565e-15 1.40609746068776e-13 1.26110233367172e-13 2.33146835171283e-15 1.04694031222152e-14 1.23633325799233e-11 1.5887291482386e-13 1.23823173936444e-13 1.72772907092167e-13 4.5852210917019e-14 1.45417011765403e-13 1.31994415397685e-13 1.52822199339653e-13 3.29736238313671e-15 8.73079386565223e-14 3.60892427053727e-12 2.66453525910038e-15 4.79616346638068e-15 3.35287353436797e-15 1.33670852164869e-13 1.4113155089035e-13 1.40920608515671e-13 1.77535763867809e-13 3.97459842815806e-14 4.54825066498188e-13 2.51210163781934e-13 3.50495743539625e-11 8.05358002509138e-12 7.24741378022031e-12 3.37704308961406e-12 5.25933152584202e-10 1.41114786522678e-11 2.70085176445889e-11 2.85182988335464e-13 7.57699680775659e-11 1.14627308755999e-09 5.47195622147001e-13 6.67712440893808e-11 2.03233798679037e-09 9.99200722162641e-13 1.08998365888624e-12 9.08183528380846e-12
3.16713322234818e-13 5.98410210272959e-15 2.71338507218388e-14 4.04121180963557e-15 6.97220059464598e-15 1.1367573549137e-13 1.02318153949454e-13 1.02540198554379e-13 9.67670388263286e-14 9.60453938603223e-14 9.55346912689947e-14 9.2192919964873e-14 9.39026634227957e-14 7.09543535037938e-14 6.3637983771514e-14 6.5936145432488e-14 1.24145138613585e-13 8.57092175010621e-15 9.84878845144976e-14 1.92512672470002e-14 1.85407245112401e-14 3.44835271448574e-14 1.21131771280147e-11 1.97795446688076e-11 1.07214237488051e-13 5.52891066263328e-15 2.57571741713036e-15 1.4201972931005e-13 1.46838097236923e-13 1.09700359907094e-11 5.02931030155196e-15 1.89537274764007e-13 3.62931906749964e-14 4.04543065712915e-13 2.97980529140318e-12 2.07212025316039e-13 2.78226330863163e-12 2.70439226568442e-13 5.03700414711261e-12 1.02309272165257e-12 3.33961522347437e-07 4.07287253922917e-09 4.16550943738159e-09 2.28723198159031e-09
5.90749671403046e-13 9.98090499138016e-15 6.0063065632221e-15 1.01851860279112e-13 9.67226299053436e-14 8.64419646973147e-14 8.85957973650875e-14 8.68194405256872e-14 7.26307902709777e-14 7.19313497654639e-14 2.30720997862477e-12 5.59885471318466e-14 5.69100322422855e-14 6.74571509762245e-14 6.52589093874667e-14 3.7470027081099e-14 3.93018950717305e-15 7.39408534400354e-15 6.19504447740837e-14 7.56616991282044e-14 8.30779889327005e-14 2.60680366181987e-14 2.54241072639161e-15 1.4432899320127e-15 1.4432899320127e-15 1.88737914186277e-15 2.76445533131664e-15 9.91429160990265e-14 2.03281835808866e-14 3.38618022510673e-15 2.22686313833265e-12 6.04834187178938e-09 8.89720874481803e-06 4.39026592857772e-13 2.96107582897775e-13 1.67638247727808e-10 2.37779795853044e-12 2.57194265884664e-13 2.62478927481879e-13 2.23454588166305e-13 6.05626659933023e-14 2.88258306113676e-13 1.69364522406568e-13 4.76334416354973e-11
4.47142323167782e-13 3.1273872380666e-13 1.51450962881938e-11 8.85402862138562e-14 7.96251953261162e-14 7.00994817748324e-14 6.66688926287407e-14 5.99631455600047e-14 5.96411808828634e-14 5.51891865541165e-14 4.07451850037432e-15 4.448663659673e-14 4.12558875950708e-14 5.00488539501021e-14 5.04374320087209e-14 4.413136522885e-14 4.85500528668581e-14 9.15606235274424e-10 5.78759262737094e-14 7.21755988308814e-14 6.00519634019747e-14 2.16624496118811e-12 2.85327317328665e-15 2.08008055224695e-12 7.26529947314702e-14 1.765254609154e-15 8.05688848970476e-14 2.05868655456243e-13 1.59205981731247e-14 7.2375438975314e-14 1.8573587112769e-12 6.71731337220649e-11 2.04281036531029e-14 1.07025499573865e-13 3.71813690946965e-14 1.77136083578944e-13 6.05492767036253e-11 1.88782323107262e-13 2.17370565991359e-13 2.27229346450031e-13 5.02042851735496e-14 3.4191900422087e-10 3.03934655221383e-13 1.72195591119362e-14
1.04916075827077e-14 0.0890930965273264 2.74367000442366e-06 2.51465515077598e-13 4.88942220044919e-14 4.87831997020294e-14 4.58300064565265e-14 4.17887946468909e-14 4.04898337080795e-14 7.37004568485133e-10 3.73590047786365e-14 3.66817687336152e-14 3.63264973657351e-14 6.99440505513849e-16 3.38173933300823e-14 9.44799793956008e-15 4.13780121277796e-14 3.47832873615062e-14 1.44373402122255e-13 4.12114786740858e-14 1.86073378927176e-13 3.21964677141295e-15 4.23772128499422e-14 3.96349619791181e-15 9.04831765069503e-15 1.02029495963052e-14 1.25932708705534e-11 4.0911718457437e-14 3.82349707450658e-13 2.5924817848022e-13 2.63122856836162e-15 8.29447621697454e-14 3.76365605347928e-15 4.19664303308309e-15 3.54161144855425e-15 1.00131014590943e-13 2.88769008705003e-14 1.15496501251755e-13 1.33149047343295e-13 1.67044156285101e-13 1.76070269475304e-13 1.50264622966745e-10 2.04412575754986e-10 2.32103225528135e-13
2.90323320939478e-14 5.51258291758838e-06 0.020561295661155 6.52055076599822e-12 3.75033337718378e-14 3.49720252756924e-14 3.3539837573926e-14 3.3317792969001e-14 3.13860049061532e-14 3.05311331771918e-14 2.97761815204467e-14 2.85771406538515e-14 2.91433543964104e-14 9.20374887414255e-15 2.53685961126848e-14 2.27151630838307e-14 2.1405099914773e-14 2.38253861084559e-14 4.4771075735639e-12 2.59348098552437e-14 1.49908863100734e-11 8.82283135439366e-13 2.87547763377916e-15 1.66400226930818e-13 6.06203975905828e-12 1.05360165036927e-14 6.43717623649565e-10 3.49305894209451e-09 3.00082181325934e-13 7.53241913287184e-13 9.63562563072173e-14 2.29705143794945e-14 2.44804176929847e-14 1.86786630607116e-10 8.1823436914874e-15 6.99218460908924e-14 9.17377285247767e-14 8.97282248502052e-14 1.01774144667388e-13 1.08923980945974e-13 2.21884843831788e-11 1.17028609025738e-13 1.63868918434673e-13 3.96460642093643e-14
2.34812169708221e-14 2.07833750209829e-14 5.40678612992451e-15 5.295763827462e-15 2.59792187762287e-14 2.61013433089374e-14 2.78332912273527e-14 2.71782596428238e-14 2.63122856836162e-14 2.43915998510147e-14 2.39031017201796e-14 2.08721928629529e-15 2.24709140184132e-14 3.17746162714627e-11 1.76636483217862e-14 1.68531855138099e-14 8.16446910079094e-13 1.45328193923433e-14 1.59650070941098e-14 4.49396075907771e-13 3.4989722230705e-11 1.63757896132211e-14 3.16745185635625e-11 2.00683913931243e-13 1.04680708545857e-12 7.79931674799172e-14 7.0249823735935e-10 5.11098940947363e-11 1.27602373112268e-12 8.43769498715119e-16 1.0547118733939e-15 6.58362253602718e-15 1.58761892521397e-15 9.65894031423886e-16 4.00568467284756e-14 5.23137089203374e-14 2.10398365396713e-13 6.78235245743508e-14 6.60249632744581e-14 6.53255227689442e-14 4.45199432874688e-15 9.42579347906758e-15 1.01951780351328e-13 3.33399974294935e-14
