Maxent_result_files_1/Bombus_velox_3.asc
NCOLS 594 
NROWS 330 
XLLCORNER -15 
YLLCORNER 23 
CELLSIZE 0.166666666666667 
NODATA_value -9999 
[rows 180 to 199 of 330, columns 450 to 494 of 594]
2.42179886072336e-05 2.60623871895405e-05 2.70595476763447e-05 2.74496408451341e-05 2.44699815880267e-05 2.25541169299959e-05 2.31038845640796e-05 2.51372980528686e-05 2.41399932974673e-05 2.21567573589709e-05 2.2232425715174e-05 2.45473860331913e-05 2.60557670685557e-05 5.7755410153959e-06 2.37615817354708e-05 2.17630642396216e-05 2.12141246151987e-05 4.3947546146228e-06 5.56934955255883e-06 1.03840699551938e-05 1.86338266530583e-05 2.06464010830132e-05 2.518578494346e-05 2.84509032439928e-05 3.062068088866e-05 3.05694333519568e-05 3.01273577861139e-05 2.95990422273462e-05 3.55932312231744e-05 3.71716842437308e-05 3.91127006423631e-05 4.47623758645932e-05 5.18819788339897e-05 5.75857022340642e-05 7.39232807973167e-05 0.000122551587810449 0.000190040653251344 0.000297757175576407 0.00036836852596025 0.000728707492817193 0.000673844605626073 0.000324994846596383 0.000170104002972948 0.000151814592754818 8.8148722625192e-05
2.5129282994385e-05 2.65683754719248e-05 2.66579686808655e-05 2.36897411753034e-05 1.89356753708125e-05 2.06144888522886e-05 2.34938709354537e-05 2.44288592284647e-05 2.25726633516388e-05 2.19005570102126e-05 2.12220464561597e-05 2.43883427060609e-05 2.19496286717913e-05 2.03156614190902e-05 2.22249761577586e-05 2.77760270591898e-05 2.33898613032579e-05 2.17424901791219e-05 2.44210034793468e-05 2.35328288454184e-05 2.01361680240097e-05 2.47384389695071e-05 2.6165049030169e-05 2.87577743279144e-05 2.61194230233741e-05 2.5144380782649e-05 2.74362758659663e-05 2.37056021376247e-05 3.03933185705318e-05 2.9746709765277e-05 3.19629803698263e-05 4.08128639492134e-05 4.61667587615011e-05 5.68152619962348e-05 7.34130123419163e-05 0.000103804226819193 0.000146254141691315 0.000260561847608187 0.000437810404400807 0.000695254518359434 0.000639568793121725 0.000299860286759213 0.000172347998886835 9.57180696786963e-05 0.000100395725166891
2.50085318384663e-05 2.40635758984809e-05 2.36805276188079e-05 1.92140758599635e-05 9.62613134447565e-06 2.25559862542468e-05 2.67698054585708e-05 2.24424380689925e-05 6.65120450804579e-06 1.95541475761729e-05 1.3973354356267e-05 2.90880769057367e-05 2.47699047463357e-05 2.19478506551241e-05 2.45389554834219e-05 2.74467604072015e-05 2.25108938423091e-05 2.1389439388031e-05 2.04637279637154e-05 1.86040140192745e-05 1.82674625250456e-05 2.07684929591778e-05 2.28973151877199e-05 2.53245703731864e-05 2.51597045121343e-05 2.22206843034201e-05 2.16118808737065e-05 2.08050961759909e-05 2.56190448624238e-05 3.40262498070842e-05 3.33496843495595e-05 3.15617120008937e-05 4.54942577107431e-05 5.23715757708487e-05 6.57588203921478e-05 8.783106577539e-05 0.000112201884348906 0.000166871057081153 0.000306187284149928 0.000437389924627496 0.000495150129427202 0.000229290228526224 0.000141022676143621 0.00011969484094152 8.20221615867922e-05
1.74523489647527e-05 1.72242673272649e-05 1.55285748490996e-05 3.57362646994375e-06 5.1018302627881e-06 5.52113405944965e-06 5.20243210928584e-06 1.9207658152709e-05 1.63229360907735e-05 1.66612521923071e-05 4.92479562410608e-06 2.40127983602179e-05 2.03667147729902e-05 1.43083987154569e-05 2.47337048392637e-05 2.22780048943605e-05 1.84127315833393e-05 1.94552611333165e-05 6.03146454380976e-06 1.75953712357568e-05 1.78992612575257e-05 1.79580843621352e-05 1.63405217165291e-05 2.23749103440696e-05 2.4336647123846e-05 2.0593756943299e-05 1.75193967891119e-05 1.799892857548e-05 2.18512537458082e-05 2.7727451526971e-05 2.74133633979545e-05 2.81248618193786e-05 3.62400456879186e-05 4.24610478603427e-05 5.10634798047249e-05 7.54413737013237e-05 0.000104090555851144 0.000137818965959013 0.000203158153453842 0.000222442610902362 0.000158688450392219 0.000133717863900529 9.62743851232517e-05 7.90863045040169e-05 6.50858106837404e-05
2.12035163883684e-05 1.71705498985375e-05 1.42998312469444e-05 1.68422804279089e-05 2.26906542764027e-05 2.58626436448139e-05 2.413248485027e-05 8.00061058470192e-06 5.50849437672696e-06 1.79771672947027e-05 7.93618040262345e-06 1.83347302822767e-05 2.24023955752273e-05 1.4716017406613e-05 5.83931667961224e-06 1.96508106853344e-05 1.82399070240535e-05 1.0340655747143e-05 1.49522919144829e-05 1.46332516294478e-05 1.78131092241074e-05 1.52398682416788e-05 1.55783889567829e-05 1.57808556139116e-05 1.94563872355502e-05 2.13264027479454e-05 1.96191222414654e-05 1.92731189343931e-05 2.57671548695271e-05 2.53954809636525e-05 2.54385697587622e-05 3.45592277426476e-05 3.29047958416595e-05 3.76519711721812e-05 4.36138403529185e-05 5.96079306433239e-05 7.77747267875384e-05 9.82395824394189e-05 0.000123974496636947 0.00013748169203609 9.96450615275535e-05 9.06823003788304e-05 8.51524388053804e-05 7.71573086240096e-05 6.70666719543078e-05
1.91012250979838e-05 1.67971555924851e-05 1.49972415471211e-05 1.91541156425501e-05 2.04690818350173e-05 3.53937206796218e-06 4.54119448392021e-06 3.63346505736217e-06 2.54842802895894e-06 8.16664211811258e-06 2.4215254632054e-05 7.18548999572022e-06 9.38084839390285e-06 1.13452583178741e-05 2.10879136886888e-05 4.23194978225183e-06 1.70412228555961e-05 9.85791782142087e-06 1.76124192080351e-05 1.27509889935595e-05 1.49966574298332e-05 1.70305926076253e-05 1.98685416705757e-05 1.87057819260872e-05 1.70285407733672e-05 3.35517130132246e-06 9.31247483180186e-06 3.76136869704169e-06 2.52424645225346e-05 2.52625394580264e-05 2.73131180676955e-05 2.72712282765042e-05 3.15452361746793e-05 3.74094271592185e-05 4.06207512583023e-05 4.63780713516826e-05 5.61392623922075e-05 6.8367309995665e-05 9.03622751138755e-05 8.40439706735197e-05 7.64227842864784e-05 7.34283266410785e-05 6.8650453704322e-05 6.75383454108669e-05 6.64174944176921e-05
1.72375413853842e-05 1.39095671528366e-05 1.33280791828838e-05 6.72543431790018e-06 1.7475392075994e-05 1.81900702898474e-05 1.57550001461004e-05 1.6162023734978e-05 1.40505538553271e-05 3.96191065519247e-06 1.83421202393674e-05 3.47778228828588e-06 3.63511648089343e-06 8.79583593444977e-06 1.44901087708149e-05 1.187878772555e-05 1.28885038961357e-05 1.73102393802083e-05 2.18869066600291e-05 3.74370840319216e-06 1.3857518347038e-05 1.38947467803519e-05 1.35301404526444e-05 8.74644933617219e-06 4.13982015956549e-06 3.06794618865069e-06 2.51725831823535e-06 3.32991320632914e-06 1.66719751732103e-05 2.18306566011961e-05 4.6099911784836e-06 3.05766513008621e-05 3.7054940003145e-05 4.12008349712778e-05 4.26838793373463e-05 4.381733789387e-05 4.67360539232686e-05 5.75619215169354e-05 6.659330056209e-05 7.25914134363848e-05 8.1916347016886e-05 7.56249537516851e-05 6.45715097562061e-05 5.99505155150837e-05 5.18474553700798e-05
4.20258603526236e-06 1.09193047990175e-05 5.11561143383688e-06 2.03076623055409e-06 2.34757311545764e-06 2.32352209614817e-06 3.21761008734711e-06 2.94976576853401e-06 3.91811417355115e-06 1.53502064028643e-06 6.37566040779802e-06 3.68952695595226e-06 3.31577149665918e-06 2.91280642414904e-06 1.28122727673485e-05 1.05644662738769e-05 1.12028303178136e-05 1.17634561490831e-05 1.24993937532736e-05 1.34670980017404e-05 1.25969924667402e-05 1.27707617181727e-05 1.48884491551371e-05 1.7001616924972e-05 1.62422102249593e-05 8.79137077802739e-06 1.54302223663194e-05 1.24666728154921e-05 1.40607967743733e-05 5.66551517238167e-06 7.28421754843112e-06 2.50910838701657e-05 3.1518073319603e-05 3.62223902925507e-05 3.30594555578045e-05 3.36211724345503e-05 3.51245516583276e-05 4.08507816473502e-05 5.05508087826456e-05 5.47715550055727e-05 6.07101300602153e-05 6.16802087506585e-05 5.71750467543097e-05 3.53842420963701e-05 5.38530215635546e-05
4.95845998074174e-06 3.3453383844062e-05 1.83507760134205e-06 4.21062516693382e-06 2.47135107471763e-06 2.16083941033673e-06 2.17251024459131e-06 2.78705111611544e-06 3.93233432323115e-06 3.16130485078503e-06 4.53739853583102e-06 3.27516249463144e-06 2.49026147720599e-06 4.93056729595764e-06 2.46025134522654e-06 2.1824695828343e-06 7.84924485941474e-06 1.00873360949549e-05 1.12576772608008e-05 1.20615163297089e-05 1.31367130848048e-05 1.40177977229428e-05 1.57860117795394e-05 2.24615299288189e-05 1.91630651755759e-05 1.83974858202873e-05 1.71874054885279e-05 5.0033948088668e-06 2.11079030965067e-06 2.62038004379406e-06 2.97935802322513e-06 2.85494317360246e-06 6.84497671699091e-06 2.48279737462553e-05 2.72173011779842e-05 2.54841643567261e-05 3.01792305350546e-05 3.40640271872417e-05 3.74493565971079e-05 3.9543845798562e-05 4.44956105980054e-05 4.78269734571768e-05 5.56387923325019e-05 5.34514452056101e-05 4.39645288338397e-05
3.08320580302279e-06 3.17817549984056e-06 2.68523674833432e-06 1.19302210123351e-05 3.85565223623985e-06 3.01821817600967e-06 3.86008575148367e-06 3.1157962816053e-06 2.70255813159537e-06 2.00187277350494e-06 1.82251894678132e-06 3.19544988869325e-06 3.50869507705909e-06 1.9265191056661e-06 2.24363007106376e-06 1.78312031735572e-06 6.38280741904751e-07 4.03688407035752e-07 8.93056981965401e-06 9.12562417525464e-06 9.03969990488918e-06 1.14610201549681e-05 1.17165674524244e-05 1.46783361216762e-05 1.06969540802027e-05 1.8212101370807e-05 1.72198396356293e-05 1.61791800920241e-05 2.24308165925891e-06 2.93429993669658e-07 2.34263603875462e-06 4.90893600328945e-06 2.28523036241768e-05 1.25129294776372e-05 1.16604485505434e-05 1.83161246098962e-05 2.12501863174452e-05 2.51061511931994e-05 3.20687620188664e-05 3.420634975555e-05 3.83214723058245e-05 4.64482262827914e-05 4.87428552446545e-05 4.25569424237438e-05 3.9528981994863e-05
2.20018830132673e-07 1.92125205504823e-06 1.97375905344188e-06 2.16849934666641e-06 1.94773778119384e-06 7.88418959274395e-06 2.28187408382041e-06 2.92572088085308e-06 5.30808952881046e-06 9.34177249831691e-06 1.78160298727192e-06 2.75462676113669e-07 2.07917623962217e-07 2.04853147123263e-07 2.16002840602858e-07 2.27346263148576e-07 4.19148092447585e-06 7.45147800174095e-06 7.80255482304426e-06 7.68594777618148e-06 7.32746459632949e-06 9.68027900398738e-06 1.39128156169122e-06 2.76036160613557e-06 3.47080390366017e-06 1.18646977867343e-05 3.28232104607196e-06 1.90001283346675e-06 2.16260986761085e-05 2.57834886696173e-05 3.16600769934894e-05 2.90356409266224e-05 1.21192753429256e-05 9.71122321793416e-06 1.58573539779105e-06 1.77758202282163e-06 1.59856529911906e-05 1.97313888676831e-05 2.0833290381006e-05 2.52787138023791e-05 3.29639243460633e-05 4.54650751635199e-05 4.69196066319455e-05 4.01030223940779e-05 4.09923062420603e-05
1.5980600990062e-06 1.54143387780525e-06 1.67104368617998e-06 1.99686449275926e-07 2.02193333885603e-05 1.37318609700898e-06 2.99141591781904e-06 2.58646686752684e-06 2.91999275994215e-06 1.87521624017695e-07 1.63629490437245e-06 2.1730733721359e-07 1.92053942649206e-07 2.17158084681035e-07 2.177185946306e-07 1.84121257573722e-07 1.99933946420927e-07 8.0967073959215e-06 9.02011251957546e-07 8.00988814013692e-06 7.78613836232012e-06 8.08401294563055e-06 7.47158371598999e-06 3.82823767068885e-06 2.00512997106106e-07 1.3251327348307e-06 1.26413695402672e-06 9.39324138815589e-07 7.34558968034094e-06 2.12329769126995e-05 2.49212684849454e-05 1.25501697169739e-05 1.98427853845828e-05 7.51855881215846e-06 6.14836938899188e-06 1.26033185052776e-06 1.03691547213014e-06 1.3040194697167e-06 3.74769519382312e-06 1.73875110029087e-05 2.29165531877129e-05 2.91130337188861e-05 3.6497595422702e-05 3.7525873133859e-05 3.76996532907015e-05
4.13947879298604e-06 1.13210632989968e-05 1.44354604618702e-06 1.97171964479992e-06 2.36031397093939e-08 2.65663176826081e-06 5.5050216940522e-07 1.97040537130988e-07 5.89838420594901e-07 1.50157618765689e-06 1.75779148882782e-05 8.7570582405494e-07 3.00025456811959e-07 1.71838587403883e-07 1.77199806539186e-07 1.35138946077973e-07 1.34009649455091e-07 2.11879966749429e-07 2.78698961653223e-07 1.28353142669901e-07 1.70296090529209e-07 9.04254704536811e-07 1.80531873927858e-07 1.1380628170965e-06 1.17695035450893e-06 1.33091233971427e-06 8.71525216195046e-07 6.89426154965034e-07 1.22074890760437e-06 7.6721331527807e-07 1.26275819809507e-06 1.51614580691017e-05 1.43074432582324e-05 1.03376896486651e-05 8.83452725872758e-06 7.10377543136076e-06 2.53269246446308e-06 5.41997773373382e-07 8.62241004628839e-07 1.42253010424476e-06 1.65859587994532e-05 2.15180170314966e-05 2.25693384010128e-05 2.4592692193437e-05 1.37157413007571e-05
1.70379947483923e-08 1.2134546567566e-08 1.65754916348071e-08 1.81059409243289e-08 2.10338013117983e-07 1.42375757594682e-07 1.16363093982663e-07 1.57860619187655e-07 5.41438416767903e-07 1.05323503333921e-05 2.14040392387815e-07 4.15651996540589e-05 1.75753027908954e-07 1.48015649585886e-05 6.56653606601054e-08 4.36821961935507e-08 6.46476570831389e-08 4.64734084548724e-08 2.0655689147997e-08 2.53413527384616e-08 1.14170568821237e-07 8.79062377023843e-07 1.24984637295267e-07 6.6243424867718e-08 2.60572961174876e-07 6.44568926222444e-07 5.76303415866786e-07 5.49354171042182e-09 5.98818456098993e-07 7.67012337599127e-07 8.36352421096365e-07 8.40084661002383e-07 9.78022131059575e-07 1.08144657331444e-06 6.69482755588646e-06 2.06198069816477e-06 8.1607813653406e-07 5.97385435729958e-07 5.97146746983412e-07 1.31616412408775e-06 1.20923246107907e-05 1.36535937535598e-05 1.42053022404554e-05 7.52567651911562e-06 2.46277516247062e-06
7.40341775662401e-09 8.82844324312515e-09 1.07920321235078e-08 1.28476969951663e-08 7.04837701981376e-08 1.17093970131155e-07 1.34791547723445e-07 1.67395827976868e-08 1.28495957296693e-07 1.23875702207066e-07 2.34738359661257e-07 4.00061700416288e-06 5.73447393237281e-08 1.50675139476419e-08 3.73132256203945e-09 1.13399570844663e-09 6.54950487177786e-09 3.93461624170754e-08 2.50932520429181e-08 9.62637768053831e-08 4.86072552097205e-08 9.07024831908743e-08 9.99474357166186e-08 7.82596074833108e-08 8.01107027714742e-08 9.84802736136992e-08 5.88109843935314e-07 1.26208112438686e-07 1.51843263962448e-08 4.10335321510136e-07 4.21520012527932e-07 8.32684768914405e-09 4.33440827929399e-07 6.63510927589872e-07 6.67558943789892e-07 7.33102962491294e-07 8.75078135775809e-07 9.58723664945538e-07 3.30096428768911e-06 8.56083909290817e-06 8.7240615483708e-06 9.35201052776335e-06 1.01900350482964e-05 1.37794696772886e-06 3.81479758502223e-06
2.42849535370127e-08 6.08138697177907e-09 7.88322914724304e-09 1.06933577659341e-08 1.0885233270308e-08 8.47977473794614e-09 8.38989504536869e-09 2.04743289766718e-08 1.20547950621663e-08 9.7510243879384e-09 1.0515718666948e-07 6.17573467731614e-07 8.6380735675462e-09 4.48585653067823e-09 4.0569695824999e-09 2.67455602109834e-10 7.18740128524686e-09 3.29341309335263e-08 2.00300352526384e-08 1.84519957091567e-09 1.51842004525449e-09 6.02607577060432e-08 6.67658883179989e-08 4.32989727361388e-07 6.68332022890628e-07 5.47404547412977e-07 1.89628349120952e-06 3.40591425684877e-07 1.04272272483108e-08 4.69664566904449e-08 3.36130149491964e-08 9.41233119222673e-09 3.13838793841725e-09 1.24516835398047e-08 4.75948788158931e-08 2.94198824934977e-07 3.99896979219605e-07 4.96590806231545e-07 4.20061756982726e-06 2.84979315834377e-06 3.09942145415576e-06 3.07204856242471e-06 6.85217169378305e-06 7.08513286404866e-06 4.57033284799735e-06
1.50776210405823e-08 5.4138671434778e-09 6.12489239326663e-09 8.65907886504758e-09 8.84659847599778e-09 8.51128656442768e-09 8.53067255723872e-09 6.33326587173855e-08 6.31895130664972e-09 1.05602265865201e-07 1.75658726231376e-07 3.29215881889056e-08 1.75536984947655e-08 1.04124493249813e-08 5.69287547103059e-09 2.59329718810264e-09 3.98666188949903e-10 6.40706526722212e-09 3.68050434573775e-09 2.56979126422863e-08 1.76614295410715e-09 1.13217439867697e-09 6.06529034663517e-07 9.87890724457596e-07 1.38603683494054e-05 8.20533928655998e-06 9.94776921618978e-06 2.84916261421575e-06 5.12419191068814e-06 8.93798090872977e-07 5.94385599983482e-07 6.75853248901515e-06 2.93452342881029e-07 2.22228694302107e-07 1.96442223598936e-09 3.02901583815185e-09 8.91159224192251e-09 8.97130407739866e-09 2.84629057245578e-07 4.07060451534935e-07 3.75274378701107e-06 4.10690782053358e-06 4.27208824644865e-06 1.69822508387929e-06 4.18462859446134e-06
5.1766836928202e-09 4.59452372814084e-09 5.47387957183787e-09 6.29273467778191e-09 6.14568153034512e-09 6.16951613130468e-09 6.56538423626785e-09 6.45028179757645e-09 1.00272811720536e-08 7.50822722328515e-08 1.99499889941279e-09 1.76883196978395e-10 5.8669402669409e-11 1.35205988627263e-09 1.14548768248568e-09 7.58117479904286e-10 8.2308727611391e-10 1.15115128762611e-08 9.94700675160942e-09 4.51490135611188e-08 9.39121458376491e-09 2.3189613118646e-09 2.88220951272233e-07 7.06284604410357e-06 3.06262568638971e-06 6.91283955500666e-06 1.04704970725678e-05 7.24204167044107e-06 2.45487267925171e-05 1.12969051534684e-05 9.41768741298255e-06 7.41639337531463e-07 2.90422312010374e-07 3.4082169786398e-07 2.19423783698325e-08 2.03250640873343e-08 1.95327337637607e-09 1.71081130373452e-09 6.08560074555342e-09 1.38590133036409e-08 4.03262509076629e-06 2.92892575703974e-07 2.74477648964933e-07 3.30099539291862e-07 3.71140438382156e-07
3.92118685299536e-09 3.99865611733219e-09 4.13081101546808e-09 3.3790197639938e-09 3.93231247564074e-09 4.88803956200101e-09 5.01407749764482e-09 7.19011802319258e-09 1.6951465822701e-06 1.73126519125155e-06 1.35225342035028e-09 7.5536388255415e-11 2.070164040191e-11 6.59133381208932e-10 4.75527497378891e-09 7.44889633308432e-09 5.9976174138221e-09 2.72779022036929e-08 2.85722246529119e-08 1.94686742172046e-08 3.11186734380797e-08 1.94867077907279e-07 4.17178529055207e-08 4.58015361126662e-07 7.92393238469025e-08 3.59054231302558e-06 6.55301301037969e-06 1.2908264831335e-05 2.21189249348441e-05 1.81797614256851e-05 1.88299971796368e-05 1.25541775041427e-05 4.96879769018577e-06 1.38519417547389e-06 1.85348490155945e-07 1.44009633551434e-08 8.89235575174396e-09 2.49338834468205e-08 7.21026612859887e-09 1.60484349476242e-07 7.66083179448707e-08 2.63882207196531e-08 2.52547460832808e-08 2.21274511191805e-07 2.33055798837256e-07
3.41901038591885e-09 3.36283439983376e-09 5.4185940845386e-09 2.47218667759341e-09 2.74511783304732e-09 4.15187768609826e-09 4.41272954843086e-09 6.95493711511119e-09 1.42300392358408e-08 6.89257573238677e-10 1.5231036432084e-10 3.85715792639019e-11 5.40081757094413e-11 2.61579569116321e-10 4.13147356326249e-09 7.93842791502186e-10 4.16377585743533e-09 1.01758837356414e-08 2.30781481036502e-08 2.11534144756165e-08 1.86793881584713e-08 2.18753251290948e-08 1.41164894440493e-08 1.59839312119381e-08 1.81740200888569e-08 1.62811354287307e-08 1.40047034669077e-07 2.69667169139343e-07 5.76516459627197e-07 4.08325486200845e-07 3.61522571212802e-07 4.70791953389726e-06 4.94193284150679e-07 4.54405992611484e-08 6.75150188533813e-08 4.77404621390676e-08 9.68068682993817e-09 1.03997669365086e-08 1.15661345945206e-08 9.88039791094408e-09 1.61618312177758e-08 1.66847143101556e-08 1.05612592519178e-06 1.22083949597451e-06 1.46155327180875e-06
