Maxent_result_files_1/Bombus_hortorum_2.asc
NCOLS 594 
NROWS 330 
XLLCORNER -15 
YLLCORNER 23 
CELLSIZE 0.166666666666667 
NODATA_value -9999 
[rows 100 to 119 of 330, columns 506 to 551 of 594]
0.0071956118568778 0.0114488729275763 0.00400743812788278 0.0069073602091521 0.00399558960925788 0.00351019483059645 0.00312497441191226 0.00114116805489175 0.00240679960697889 0.00426858563441783 0.00246438193134964 0.0036448075203225 0.00260503914905712 0.00522321860771626 0.00588226353283972 0.00262898609507829 0.0055443009827286 0.00953212175518274 0.0068182269576937 0.00292064084205776 0.00217517295386642 0.00316235828213394 0.0103782053571194 0.0671691686846316 0.527335426956415 0.0305917731486261 0.00242464460898191 0.00268020025687292 0.00593002545647323 0.00360242656897753 0.00144167758990079 0.00236728667514399 0.00214367386652157 0.00436213910579681 0.00452496018260717 0.00427712481468916 0.0017262248438783 0.00451607760041952 0.00386671836022288 0.00234945657430217 0.00202211780706421 0.00196574322180822 0.002047223970294 0.0049836816964671 0.00281301822979003 0.00239789608167484
0.0108031583018601 0.00713751399889588 0.0127998413518071 0.0025390200316906 0.00363148339092731 0.0031365194125101 0.00297932084649801 0.00380606814287603 0.00551863326691091 0.00195660321041942 0.00503374356776476 0.00451996026095003 0.00548706664703786 0.00275088956113905 0.0094453664496541 0.00703038685023785 0.00347495898604393 0.0067802072968334 0.0020240186015144 0.012051893491298 0.00290806202683598 0.00574151696637273 0.00464845492970198 0.00500576258637011 0.0049643449485302 0.00319140369538218 0.00655032070353627 0.00380953243002295 0.00499712382443249 0.00540790550876409 0.0126623503863811 0.00685089281760156 0.00278047439642251 0.00281100431457162 0.0028062142431736 0.00182283046888188 0.00267069598194212 0.00567609593272209 0.00316687938757241 0.00177351925522089 0.00438063468318433 0.0028960720053874 0.00433598302770406 0.00312103227479383 0.000947855261620134 0.00277896501356736
0.00465159551240504 0.0121673077344894 0.0029606943950057 0.00213365661911666 0.00196727730799466 0.00207684537163004 0.00232104810420424 0.00231654744129628 0.00274588575121015 0.00266019185073674 0.0024621604476124 0.00259377858601511 0.00322963388171047 0.00252125239931047 0.00592018580064177 0.00182584165595472 0.00329337606672198 0.00229081935249269 0.00254101643804461 0.00436616626102477 0.0069244624581188 0.00308134777005762 0.0041072347201407 0.00452217329293489 0.00250368942506611 0.00316740972921252 0.00846876185387373 0.00283174691721797 0.00268333582207561 0.00403621236328036 0.0040935582946986 0.00247518403921276 0.00182097094366327 0.00192474438808858 0.00217093889368698 0.00210379124619067 0.00300887445919216 0.00226354860933498 0.00835559205152094 0.00488287964835763 0.00336031152401119 0.00279686879366636 0.00447083781473339 0.0878031458705664 0.00331231695599854 0.00633476465009153
0.00564311861526221 0.00219179104315117 0.00855730366893113 0.00617572846822441 0.00302705517970026 0.00253718802705407 0.00262089776806533 0.00214056795230135 0.00405044006183744 0.00220797194633633 0.00243291028309613 0.00179995662765577 0.00202193158911541 0.00303896102122962 0.00332641799468547 0.00302645144984126 0.00238651970867068 0.002518550446257 0.00269099019933492 0.00328540250193328 0.00314623687881976 0.00813365369103849 0.00185416047461331 0.00208722894312814 0.00290847648866475 0.00266672102734447 0.00696039558388293 0.00285271012689918 0.00236214688047767 0.00363997486419976 0.00424816107843071 0.0129086381755769 0.0128651677630842 0.0185272563248873 0.0119437017478049 0.00525439730845392 0.00373499975539744 0.00194240862037987 0.0038969497429207 0.00648689232766628 0.00392148876562715 0.0148325141519308 0.0122558936476707 0.00494440216571093 0.00353460845071822 0.00256072841584682
0.00523626978974789 0.00511442376300693 0.00292089611757547 0.0169002036564052 0.00230479082092643 0.00257068031933159 0.00256425377447158 0.00222290888195857 0.00308370359707624 0.00219355035806075 0.0030018325895071 0.00213551366468891 0.0021284882677719 0.00236931438557804 0.00231990327592939 0.00176245146431029 0.0023784852353856 0.00288204187527299 0.00744138229638338 0.00369057056959718 0.00421363168861717 0.00338728632777929 0.0022199138184078 0.00456899479031563 0.0146897971630096 0.015455221850425 0.00282803315203637 0.00516160782426596 0.00383790102787316 0.00464341405313462 0.00388766578398645 0.00402113550808281 0.0120838588103652 0.0100517186336219 0.0067277264315635 0.010218533501029 0.00528605650179088 0.00472755972295999 0.00476669101044536 0.00953795900568366 0.0113769242540002 0.0132195606827736 0.0128066947683692 0.0141333943232894 0.0194256450980902 0.00969565650448203
0.0052208767272532 0.00473205223679543 0.00185384282376617 0.00616188542917371 0.00497654909268022 0.00579828387126327 0.0077521497849375 0.00743987690657377 0.00226946375332773 0.00259004485560581 0.0038685777457431 0.0022030194173567 0.0034013211261481 0.00355805307626724 0.00437318079639226 0.00381328163202852 0.0101029203273356 0.00694629801437259 0.00529319331981242 0.00458731970284134 0.00472500745672733 0.0077727890573442 0.0039847603533417 0.00546085308305919 0.0036001788219437 0.00365443655755371 0.00350337133277208 0.0049258160404861 0.00533198998309672 0.00392841577995569 0.00281375655904412 0.00711081400513649 0.0186493173241615 0.0150763090699911 0.0089456632733345 0.0182337377220392 0.0184561150148511 0.00523541732691228 0.00361333633773029 0.00361343580298126 0.0140432490035892 0.00515851196832955 0.00436617899686098 0.0106990832835436 0.0104956025257707 0.011496415361762
0.00317147711757571 0.00362852669786662 0.00196549125248566 0.00503621906973422 0.00416076735127717 0.00258737185504287 0.00375861034262925 0.00650188876315951 0.00391348977573216 0.00304657113738358 0.00461760757025331 0.00333179433364421 0.00317848699633032 0.00472570760175586 0.00682023167610168 0.0027358328923583 0.00247336938045919 0.00271245213225484 0.00349243376404047 0.00261820389423519 0.00274857794865966 0.00260446560569108 0.00249626971781254 0.00247945315204561 0.00288132077548653 0.00500470455735922 0.00450214040465653 0.00464907675050199 0.00397610587533563 0.00920703606680036 0.0130065392702818 0.0057746407110244 0.0107391337864101 0.00931555647403002 0.00625383597798645 0.0120482828468084 0.017895669862628 0.0165635820478201 0.00607671504840255 0.00315310142468661 0.00460193650797009 0.00533341015689075 0.00715532931499183 0.0033554773312062 0.00628064256161451 0.0105890091508627
0.00398730281740427 0.00368262103293091 0.00269269328564405 0.00468253795988858 0.00412493734620512 0.0086196307092905 0.00360142921563238 0.00238950026687235 0.00366010181605816 0.00451514492742717 0.00234818169847131 0.00303919080179185 0.00320734307169914 0.00206565801054239 0.00274556400254369 0.00204172290395945 0.00230373800732195 0.00363200181163847 0.00232000187970698 0.00256521846167743 0.0022983574657701 0.00206978584174067 0.00224406397901475 0.00233935033902526 0.00457553206942976 0.00326313024852425 0.00644855289719999 0.00438396935351193 0.00489252852275968 0.00336534725502133 0.013818315975368 0.00769474171102047 0.00401208736002445 0.00417112980503589 0.0039989224402234 0.00394921340048313 0.00463709374889731 0.0166180146858096 0.0105460187420249 0.0136437897570431 0.00961171104572713 0.00414871275424957 0.00690421601757407 0.00291736770886928 0.00636737332679331 0.0060218776576221
0.00212020830949768 0.00365359399002045 0.00318019695114344 0.00368283141870052 0.00259720784379169 0.00361261612270027 0.00367460832931101 0.00239898122381419 0.00382055889349431 0.00382265499792993 0.00249047314282507 0.00220550231169909 0.00215386772761121 0.0034355177776888 0.00224240679526702 0.0023544164840132 0.00215659209061414 0.00258963780943304 0.00368260149843991 0.00211710965959355 0.00223855671938509 0.00245031989179552 0.0061708121560514 0.00280219132546335 0.00473775304853916 0.00740428012795746 0.00521780462004244 0.00213909320300445 0.00529520381242037 0.00461918204091489 0.0133908145129681 0.00559228477068245 0.0186758551746607 0.00879203337244689 0.00818937346339226 0.00464266589842737 0.00455906302668154 0.00896942634135485 0.00351200432050973 0.0046158276963979 0.00345125831663609 0.00343456773553044 0.00587095716036856 0.010075294598937 0.00457269956823438 0.0132885769940913
0.00190466758795083 0.00254393108189106 0.00266164415515959 0.00298924769740552 0.00327040341217071 0.00252134366892278 0.00231858212500811 0.00342877302318811 0.00184304455760866 0.00242701985407621 0.00187139210756868 0.00280048465356231 0.0024910801788792 0.00229753103340045 0.00296112080104649 0.00313078938052058 0.00235489725600928 0.00408683302812278 0.00388133497908711 0.00325933683197945 0.00494485110975802 0.00386428502388299 0.00465935971587896 0.00422029364854097 0.00251109334640205 0.00495215216651559 0.00538405515253544 0.00424129434395581 0.00373424033168703 0.0130723217502236 0.010488286614418 0.0049519129563123 0.00836048787459731 0.00463253045454621 0.00358751777093858 0.0151580049656332 0.00991268148645759 0.00684319250285625 0.00608904114924371 0.00460502551868558 0.00318297115154564 0.00422906267922372 0.00467053949832916 0.00525365229696035 0.00413918059784919 0.0116606147028506
0.00617177025415003 0.00360509157180786 0.0035237907897681 0.00197609739843756 0.00184341983404011 0.00252452611457556 0.00359701309353113 0.0035390174947679 0.00297457338310778 0.00313598839566112 0.00331692907493562 0.00203092070296407 0.00300203468650579 0.00307385663036257 0.00317233933601528 0.00300268337596208 0.00338041670620441 0.00318064079619944 0.00353262121789157 0.00321277296170592 0.00269147467333823 0.00255495694000274 0.0124681335873902 0.00315944668836892 0.0038588009076193 0.00456019174307585 0.00567635847255588 0.00491686183959246 0.00360289432574064 0.00598767632618546 0.015470830630511 0.0108947580680251 0.00265079787932336 0.00544625469483435 0.00625720019452274 0.00471991933882236 0.00673030400648713 0.00472206678241491 0.0163752450607717 0.00499398813117295 0.00354527332819998 0.00232719511259347 0.00329334817361087 0.00293884670827538 0.00334428627975285 0.00428527104668319
0.00190859066788107 0.00187400890281424 0.003068288997747 0.00330171724781394 0.00227667115395889 0.0041915386216715 0.00441435205284506 0.00189313149312511 0.00190091241383925 0.00276628241408616 0.00460835329722613 0.00296924747526646 0.00293391190934926 0.00224538114853203 0.00370683285873383 0.00210425854893401 0.00234408464748412 0.0021596712525934 0.00297138672322035 0.00363354436121881 0.00242382790893316 0.00397699086461216 0.00764169488102198 0.00453055223915726 0.00322192483581603 0.00428291189018637 0.00607331427745521 0.00355311399325728 0.00414171677548438 0.0045544873457402 0.00527970772236586 0.00477974633686244 0.00293227105867118 0.00383316217921674 0.00449533592909575 0.00319553546141833 0.00231866086833179 0.00273814096581191 0.00413740288931876 0.00359224798157811 0.00417430733796209 0.00259104834403843 0.00300664841197431 0.00447866630274802 0.00279691475443542 0.00230785431340337
0.00233493725536391 0.00235472869826481 0.00229933385271579 0.00479207383468747 0.00400545871816576 0.00326376762241125 0.00329885126557201 0.00341098154895008 0.0029384444700554 0.00178801910951734 0.00284983336459845 0.00302464417181909 0.00355403062421829 0.00316141960211098 0.00345419787336141 0.00326502698007971 0.00204085943987593 0.00407403139397502 0.00357379547785968 0.00347881894558668 0.013463478628546 0.00420127648394555 0.0057888385374099 0.00724956085905433 0.00690711578354239 0.0108600351028144 0.00860598552972078 0.00269958844874054 0.0045255073113367 0.00386740348767489 0.00441775906365365 0.00521565387025476 0.00263301695231348 0.00281604309566319 0.00632254239171743 0.00473503428511322 0.00628288476727903 0.00354994160588831 0.00349363733548671 0.00216729643289 0.00212132785236463 0.00222615993116051 0.0018910608603619 0.00214571708347648 0.00231113921618089 0.00207817786140367
0.00228700614534318 0.00227818698622286 0.00279258326627314 0.00274844998493791 0.00315305041149259 0.00206702470313758 0.00289620002731681 0.00283619998954236 0.0029641613131389 0.00277031061705202 0.00180367165012285 0.00290467396844178 0.00652974243275821 0.00822614589706063 0.00360090236645192 0.00347133022733033 0.00307577771600336 0.00290861090179533 0.00270089320838451 0.00204128508921713 0.00395683790557086 0.00219317728187889 0.00454669664613903 0.0042787023819983 0.00420684763230383 0.00620724484324455 0.00446052434854209 0.00398967452347279 0.00302831889130175 0.00436890283599496 0.00295310744550079 0.00358335210476071 0.0199104810133576 0.0171002265065908 0.00656095556914806 0.00601429482921958 0.00633532237261534 0.00320759911555797 0.00203115857439116 0.0021062440588139 0.00473880968056619 0.00365296564996243 0.00310714456718415 0.00335931922309101 0.00469172128941864 0.00392958598677069
0.00239830269711092 0.00261820929590613 0.0104072843678296 0.00297442153096199 0.00254773339256644 0.00295098780188709 0.00262439830694348 0.00250429667066783 0.00174213603604585 0.00290873218327761 0.00280411671847105 0.00260325879789889 0.00266116242855787 0.00284358905628324 0.0029663743916899 0.00268649836070836 0.00285375786479563 0.00290070872288197 0.00334698141086847 0.00402172014582902 0.00311124136205763 0.00252312854863703 0.00327129983343184 0.00382727563846856 0.00265191774815321 0.00355478518176824 0.00458820061758161 0.00563499480485916 0.0041443086694926 0.00428237777668983 0.00966424746438861 0.00552496537566185 0.0138880009762943 0.00470236637629569 0.016473816614598 0.0142998080700636 0.00547235221602023 0.00398599409963936 0.00318115274421871 0.00269114435650408 0.00182392958085984 0.00389695023186505 0.00199265915434808 0.00192799165379256 0.00507115563377738 0.00431090558413416
0.00183530228678137 0.00190446656197309 0.00247874045744538 0.00315636247396469 0.00283711175434291 0.00154018992325291 0.0022516657714732 0.00268723610788584 0.00307229806203395 0.00316059202887118 0.00252618489321321 0.00173528974410146 0.00297259199433029 0.00253817571792752 0.00271869790740311 0.002458311826922 0.00382940513081849 0.00218752507353202 0.00171053917147219 0.00318190886173397 0.00317008511628956 0.00400973767973483 0.00395979082677513 0.00345617067068815 0.00351032041944563 0.00371400066651404 0.00389605388045311 0.00284230308607221 0.00401343831326813 0.00357712500263006 0.00263972962275147 0.011608446855098 0.0138830120675266 0.00691833510063589 0.0051654723007232 0.00577637492679059 0.00511670312844217 0.00525683858431876 0.00639837589114904 0.00394076153170317 0.00528397765010595 0.00322931569535285 0.00209592870669439 0.00254406678723171 0.00329085695557296 0.00294281449168921
0.00286657197866589 0.00170221785083413 0.00183206766378134 0.00339607244823128 0.00371911129914224 0.00320864024106413 0.00270832059904933 0.0022706916439347 0.00229809395968914 0.00230426028138027 0.00238091462524608 0.00248361702542752 0.00252778048161417 0.00235340225044638 0.00265845158137381 0.00538525814190507 0.00263223238289356 0.00145780405728146 0.00263091612141579 0.00221048617968336 0.00303478932473809 0.00305017754435539 0.00286597164813429 0.00227692994521931 0.00360067577566951 0.00295486229006201 0.00303406366147101 0.00256849599536508 0.00444838881958276 0.00208307402208447 0.00417216885834932 0.00360559280961752 0.0029362820321694 0.00284137341659516 0.00588713083416223 0.00365872499532998 0.00415261031594127 0.00263873273506761 0.0029632247518748 0.00281518448609859 0.00276794210076332 0.00241081805434078 0.00247897191438824 0.00276116060558707 0.0040205767378211 0.00379207988735288
0.00208450781647116 0.00314336903393269 0.00258659201208502 0.00230728732421994 0.00355480865109712 0.00259066452272236 0.00236390570644289 0.00216234213439748 0.00209330569487065 0.00224288271274418 0.00247469544410706 0.00204655297566205 0.00228582128183916 0.00220660750055686 0.00264333258382976 0.00245611476711929 0.00291014991234988 0.00272048052866012 0.00281125726178288 0.00310931811109185 0.00314934542402625 0.00288613173179328 0.00444085176568478 0.00634923651814461 0.00336128575727344 0.00312575635034591 0.00312736437190324 0.00626028785482049 0.0020955216139555 0.00180298596387729 0.00308340438641608 0.00301132774911821 0.00652128094807267 0.00471771424636245 0.00176517688669264 0.00394163634628057 0.00335305258631706 0.00335363494232297 0.00331232107710093 0.00303946861531585 0.0019222678267397 0.00212788844946772 0.00453025081660599 0.00365468435920775 0.0030198783846572 0.00508388932794332
0.00222680004080757 0.00211184243671596 0.00150632839649916 0.00207689078524709 0.00222628200426698 0.00269861449487507 0.00246521278750151 0.00238444267306477 0.00204351182328537 0.00175754042575136 0.00127705308841541 0.00231125269783661 0.00233330067712814 0.00210342291975394 0.00246518542990088 0.00157648923341185 0.00227906801737845 0.00240500101353973 0.0023601409047842 0.00281197694130242 0.00281830492895097 0.00259383642114699 0.00727349016815424 0.00273690850008279 0.00436732675880194 0.00392743451520801 0.00294808223843575 0.00294708351138979 0.00279780658893287 0.00320080814417452 0.00184683855623007 0.00234664877643809 0.00272479855921119 0.0026573074515909 0.00174446480814368 0.00187059977324679 0.0030256966361776 0.00303024561144412 0.00307431132532656 0.0030688262777403 0.00306510261725634 0.003419205150567 0.0030799952801317 0.0040816594613716 0.00213941150577739 0.00323483850806952
0.00321392288897187 0.00350859421305358 0.00129180159419775 0.00361065897159278 0.00181712695630267 0.00185854292940348 0.00187701666727662 0.00184597938787192 0.00186178748263046 0.00198165813926607 0.00207908012671396 0.00133295027771965 0.00168788677547127 0.0020841978257522 0.00192330066347495 0.00205727891298011 0.00210992543725297 0.00209088437259197 0.00312024538870901 0.00208319369703531 0.00222442283993587 0.00227986653335392 0.00208200816996396 0.00242476961575448 0.00242198910564184 0.00276033175177872 0.00227829235373065 0.0015709699364379 0.00166967060649768 0.00259894246701151 0.00255241906270385 0.00143215889111161 0.00182130788452923 0.0026303346036002 0.00255643394775689 0.00188256809487939 0.00300386573653668 0.00229231978300959 0.0018148138304241 0.0033065318595618 0.00278874237556011 0.00250737954629585 0.00300386473536491 0.00268941486719996 0.00161108484026045 0.00260187753010541
