Maxent_result_files_1/Bombus_mesomelas_2.asc
NCOLS 594 
NROWS 330 
XLLCORNER -15 
YLLCORNER 23 
CELLSIZE 0.166666666666667 
NODATA_value -9999 
[rows 220 to 239 of 330, columns 540 to 584 of 594]
0.00251272670720937 0.00369117690861458 0.00496464148819733 0.00519458249621663 0.00109257951526693 0.00103368338135061 0.00123840029355051 0.00259278056109906 0.000931254072929733 0.000420160594194385 0.000622716305497306 0.00080034450356834 0.00132634712502543 8.21888244514568e-05 0.00125480284332314 2.93928095594587e-05 1.87090851713312e-05 0.000871691940631081 0.000392853213816125 0.00035491402977641 6.07711849550441e-05 0.000367569922491384 0.00149474720183207 0.000146156050709578 0.00049121755044953 0.00324115877775668 0.00143709453898779 0.000240623211218094 6.60519700446449e-05 0.000312462595776919 7.13985888071478e-05 0.00018486357536831 2.22624098998647e-05 3.69069400614208e-05 2.19854903320993e-05 1.63190890845044e-06 1.28959216461055e-07 1.00851886486453e-07 7.79130852279764e-08 6.01516308762484e-08 7.90582980414456e-08 4.58516004719911e-08 4.04370769757634e-08 7.11371362172031e-07 6.86916341692267e-06
0.00519092821286904 0.00544133432817464 0.0100194988182636 0.0023203266164618 0.000230733330255362 2.02779605056325e-06 0.00260012034268584 0.00147958410967446 8.42994143454234e-05 3.82781982352753e-05 0.000152014862987926 0.000836657130288354 9.20448990917699e-05 8.29379245649298e-06 6.15209235887981e-08 4.04860447016375e-06 6.3036745433509e-07 3.57159922925732e-05 1.20617776968257e-05 0.000757656293217224 0.00254011689839899 0.000155979548276264 0.000209513422305463 9.91076989294015e-05 0.00250773174138885 0.00045227757414068 7.0769805040527e-05 1.23699996152027e-05 3.71347604414041e-05 2.5828511365944e-05 3.85615747973134e-06 0.000653345549972073 4.50461601076313e-05 0.000334165042295354 3.73253708829679e-07 7.94061077336039e-08 1.24405109858117e-07 9.58931460459667e-08 5.98119045847056e-08 1.55775155974425e-07 7.32058627050947e-08 2.76601689330747e-08 2.45519655717175e-08 2.82310111732187e-08 3.66730352974187e-08
0.00407201945617537 0.00580528042232826 0.00801482075106535 0.00433283547463361 0.000542845941470205 0.00202986907825107 0.000242627951638497 3.67836080556572e-05 1.90737207450553e-06 9.32190126832211e-05 0.00234701559375026 0.00106805892564807 0.00288530974139576 0.00341772807441885 2.21793879333965e-05 0.000270245116756485 0.00160106787316181 0.00645808891136307 0.000838721778745821 0.00069232344262673 0.000963221585266183 0.000187783782348561 0.00455997006638427 0.00178794624866896 0.00426230406774266 0.00540688652690733 0.000127688575275897 3.13606674154698e-05 7.64858937429835e-07 5.80652508830326e-07 0.000184583558257168 1.74044076628022e-05 0.00103416654101238 7.24981829080207e-05 1.07256213510709e-06 7.57880066259986e-08 6.38666531216359e-08 5.55875434571362e-08 5.40041606544861e-08 5.90494524388419e-08 3.81486073841586e-08 3.6349157417348e-08 4.92504921290049e-08 1.72647196361453e-07 9.74297464040319e-08
0.00159095296632661 0.00571019755023773 0.00221431730730818 0.000875627819914393 0.000684338920927985 2.91297973571858e-05 1.28077605271448e-05 0.000427492520748274 0.00191730230944813 0.00206735491810832 0.000754410219835455 0.000604953836814492 0.0044792215070629 0.000501066988828347 0.00474015998988762 0.00158217289599634 0.00981783848837949 0.00121203676931145 0.00100589933102242 0.000922200026913345 0.000320484162747192 0.0011724857517379 0.00160384172013437 0.00015095361643489 6.06764506471791e-05 8.89539584818522e-06 1.40577460683744e-05 3.94323340344727e-06 1.37981169388013e-06 2.50958703759352e-05 6.88184706518769e-06 0.000186762056182488 2.26320822034665e-05 9.79238497393453e-05 8.79521471119915e-06 2.38157493015478e-06 1.83911502915635e-06 1.40879201779853e-06 1.28238994108187e-06 6.4805171405169e-06 4.66467733701847e-06 3.44512166350341e-07 3.48464537891502e-08 1.00540890723977e-07 2.37548036907675e-08
0.0027942141700169 0.00117526913311491 0.00299658283914015 0.000177526784302307 0.000687590059942522 0.000726278680667747 0.00171187414352971 0.00487176800386768 0.00666914626544894 0.00674546009977348 0.00470827758144878 0.00115391898052621 0.00194969873766896 0.00152919257398025 0.000768399543812848 0.000527201719887671 0.000340903770620571 0.00219719507713307 0.000844638157650479 0.000133846162634654 1.75551008624097e-05 1.47654734291791e-05 5.95677876162881e-06 1.63982490732906e-06 3.53549864940961e-06 1.62020345229053e-07 1.07306341163849e-06 3.68899859992666e-07 8.25432813603699e-05 0.000402765288345686 3.36003051302214e-06 6.98408009384366e-05 0.000212296575136861 0.000323016981110413 0.000504473571163544 0.000153470811619627 3.4328828667185e-05 0.000112202968625752 0.000374017361400547 7.32249288830644e-05 1.74058609587746e-06 9.38788891069464e-08 2.3306046814664e-08 2.94675493339724e-08 2.48969502125718e-08
0.00533961495286301 0.00387871877722715 0.0102656017124221 0.00082931340359238 0.00661709661071698 0.00545278959289135 0.00734049216607673 0.00876543229769595 0.000839241606263386 0.00562448827440676 0.00275164043951008 0.000568389213776754 0.00568444454875134 7.15075506832363e-05 1.66692191953643e-05 2.6262292010415e-05 9.67368604960939e-05 5.4020580228098e-05 1.12797092981509e-05 2.09044743087361e-05 9.05346553849995e-06 2.01559162036347e-06 2.28539619939738e-06 8.06675241449284e-07 1.9562609594459e-06 1.41754231997027e-07 8.47094132117032e-07 1.94320079671684e-07 7.21467196740377e-06 1.15483756871981e-05 7.60031486493062e-06 1.7245602384719e-05 2.43920209360038e-05 8.90977573817509e-06 6.61871742408948e-06 2.00071260280765e-05 2.73094855458567e-06 7.01637388829113e-06 4.70630955362594e-07 3.92069529731032e-08 3.30555168126523e-08 2.99137131065663e-08 2.61883208008129e-08 2.41627263752875e-08 2.14470938786349e-08
0.00238268058130817 0.0155922050881537 0.00257766527470911 0.00881058309751109 0.00321006122321726 0.00197804585815184 0.0100265930748719 0.00914758903527399 0.0131264255338465 0.000212676747423757 0.000181873843396851 7.97775115331745e-05 6.75873908049685e-05 3.12096628836689e-05 3.26709476888842e-06 4.14833831143824e-06 1.44987469809621e-05 2.71370025757278e-05 1.15523456031497e-05 9.11799716050155e-06 7.45667913406578e-06 5.1515870836738e-06 7.76872208518853e-07 1.01566545680498e-06 3.26343587908617e-07 1.36941474870866e-07 1.36709487108533e-07 2.16348657744447e-07 9.86425996885032e-08 1.77967460146533e-07 2.58915699902218e-07 2.20481080503987e-07 1.11403650038255e-06 1.82872242326937e-07 5.32339568870555e-08 5.88009264390621e-08 4.46609051074631e-08 4.04786680174851e-08 3.72847170915236e-08 3.30452111452217e-08 3.05339106221325e-08 2.68414723780808e-08 2.52204902739805e-08 2.19691922431764e-08 1.92422602851572e-08
0.00326398841753033 0.00757807616431372 0.0135113809658322 0.0209078595333277 0.00427434262311009 0.00274529429327447 0.000384007293248967 0.000366332948513071 0.000201208596218139 3.98190528420606e-05 0.000106954602041487 2.61801287861352e-05 3.06999737808011e-06 1.31784675987956e-05 1.88086070023519e-05 7.52775690955332e-06 1.26409678855022e-05 4.42480565346903e-06 4.95440928034441e-06 2.96862882578353e-06 3.70146433681384e-06 1.92336984241592e-06 5.67684715857553e-07 2.88969608774892e-07 1.68622211164093e-06 1.01769583267242e-06 1.96267108948378e-06 4.57751494309377e-07 1.47969019792527e-07 8.6219053230252e-08 8.41534650852793e-08 7.59102198877315e-08 6.07172884414808e-08 5.08522234099473e-08 6.14419437106051e-08 5.33267628277656e-08 3.52763999345029e-08 3.37537058747728e-08 3.2699697039007e-08 2.96228283680477e-08 2.60967465193218e-08 2.44514897440595e-08 2.31581594789532e-08 2.13613864152862e-08 1.99977834292042e-08
0.00148762683847158 0.00326162875826811 0.00515351784160885 0.00236172154763629 0.000228314690492737 6.04272240842363e-05 0.000210167137606732 8.32790636318692e-05 8.81156023943674e-05 7.85423247293693e-06 5.26071123658767e-06 6.67498843871517e-06 9.84488917817883e-06 1.05214174709545e-05 1.64790295912098e-05 3.47234845605726e-06 6.14189250440766e-06 1.38655882310212e-06 7.84511115914377e-07 7.08973014729164e-07 1.51174557403433e-06 1.57152282243e-06 7.10843628985991e-06 4.98341867949392e-06 4.71677677823301e-05 7.71275751421108e-06 6.02862198775256e-06 1.01180413309976e-06 1.2700298768209e-07 7.30094622980459e-08 6.12426247492692e-08 5.53839696770808e-08 5.02329729812345e-08 4.01195314303493e-08 3.53785145623675e-08 4.60718111661151e-08 3.10197220798614e-08 2.81718652850316e-08 2.78810694975817e-08 2.53489170987109e-08 2.52060223360218e-08 2.36824976962424e-08 2.21434535374598e-08 2.00688960672046e-08 1.7092657267348e-08
0.00106455026956951 0.000578909947598061 0.000741887419643372 9.06598927613689e-05 0.000263144805444426 1.30792554045911e-05 0.000179079181634734 0.00112074113640119 1.35413599764433e-05 3.07143249415276e-05 2.82251689213808e-05 2.92951774099492e-05 1.24179701060712e-05 2.04749791578251e-05 4.20759552071104e-06 1.7082205403085e-06 3.11460395323593e-06 2.2634562460988e-07 6.40103468452224e-07 2.64760130894714e-06 1.69827121479393e-05 1.0279589330553e-05 5.89694302976063e-05 1.9235972093512e-05 4.8067962325149e-06 1.28679942008603e-06 6.8475419290337e-08 8.29782865530149e-08 6.72231397658152e-08 6.03395634790616e-08 5.25729111799933e-08 5.18052800657642e-08 4.59769045946246e-08 3.94694242622506e-08 3.13967677634253e-08 4.04983892643429e-08 3.00595123015057e-08 2.94061569539039e-08 2.72224330855053e-08 2.51865181377653e-08 2.52199493733229e-08 2.51714826760008e-08 2.16119697471484e-08 1.85082721371188e-08 1.62516488266817e-08
5.64118582133233e-05 3.50123399460056e-05 3.27754744178455e-05 0.000246908244716337 0.000337860375839227 0.000735806802549632 0.000806630276747455 0.000165422912687063 6.21359507931629e-05 2.92086157287486e-05 0.000642266933300561 3.81308949044978e-05 2.94357879226936e-06 2.15157292871027e-06 1.14003161115761e-06 1.00967859282264e-06 2.28591169615377e-07 1.36806573447501e-07 1.4659124055183e-06 8.72067448369762e-06 1.33222796263599e-05 2.00041490503455e-06 3.09864235537027e-06 4.69742485051938e-06 7.16593397953602e-07 9.65875136316185e-08 7.44567763000248e-08 6.22034811215144e-08 6.09253556049794e-08 5.77871754003922e-08 5.27073339640083e-08 4.90207681558275e-08 4.36906061107578e-08 3.46515951044069e-08 3.0510186155297e-08 3.79087942370404e-08 2.87330836012956e-08 2.81698061099789e-08 2.60074827895806e-08 2.33916773506593e-08 2.28824336812039e-08 2.19979088278421e-08 1.88671349321545e-08 1.56956126318164e-08 1.33399059576433e-08
3.65250050430532e-05 1.19458840650566e-05 8.86802213244664e-05 0.00021724139151047 0.00120313206098217 0.000272570479299505 0.000210077931729524 0.00380233415817202 0.00155360004155227 0.000352566098581519 3.56945603016356e-05 4.11874152064229e-06 3.78394448397046e-07 3.39648124025871e-07 3.1712289718655e-07 3.04362161376304e-06 2.43534112485122e-06 2.49937813350698e-05 5.84868582791387e-05 2.89197795549812e-05 1.2329935012656e-06 1.12853367895127e-07 1.29377324142865e-07 1.18714316776902e-07 1.11529216795248e-07 7.62451604074954e-08 6.84943831430473e-08 6.26381521762198e-08 5.7780006823549e-08 5.82013713668061e-08 5.49057484811044e-08 5.05836101893919e-08 4.19530908235544e-08 3.32536017388918e-08 3.2735402055728e-08 4.55168920332483e-08 3.21676024928053e-08 2.73447379850467e-08 2.53181080989151e-08 2.41116360655269e-08 2.18686634134713e-08 1.9494626923855e-08 1.77431019210417e-08 1.54878002533998e-08 1.34425137798821e-08
0.000177210923357096 8.19228469162159e-06 8.15018499196185e-06 0.000641342207563866 0.00216419772150402 0.000146417434905288 0.00300082921166904 0.000180687070609764 0.000457745899711881 0.000349829194237827 0.000203767467382931 1.97941207488839e-05 3.91820228173856e-06 9.81857508008943e-07 2.1107790972863e-07 3.79234387310134e-05 0.000421336672934558 0.000264983349916292 3.68203120513222e-06 2.47272861952919e-07 1.42650456635973e-07 1.14449668420225e-07 1.03363719894389e-07 9.3514488330726e-08 8.91500876676332e-08 7.7292299049958e-08 7.15221825764445e-08 6.71835287846534e-08 6.18656851081312e-08 6.04873197751488e-08 5.66984435401707e-08 5.11540629410945e-08 4.00900137975668e-08 3.19508059565266e-08 3.35555576880253e-08 3.99521599359076e-08 2.93927818972861e-08 2.77745086041392e-08 2.68222995813971e-08 2.61872326046131e-08 2.40282301611217e-08 2.04498176059609e-08 1.75118102019312e-08 1.57507998865825e-08 1.43385548878605e-08
0.000660095697094221 0.000193632704849733 1.75254736404895e-05 0.000125411921151575 0.000894489414282873 0.000297176147665823 7.4666358250397e-05 5.50150698245488e-05 6.81853831792978e-05 2.61975198100117e-05 1.37353492078773e-05 1.66507745234412e-05 2.97996695053371e-05 4.74493298199263e-06 4.24556684492927e-06 0.00048083423234857 0.000103374767650166 5.60530965003636e-05 1.92294146700078e-05 1.66536148360485e-07 1.4698248216316e-07 1.26787946019835e-07 1.14643803073022e-07 1.00883705478338e-07 8.30475848978551e-08 7.85606978581654e-08 7.8207772080674e-08 7.87974642868505e-08 7.41268776138781e-08 6.78378673235613e-08 6.35810986082674e-08 5.39589386949757e-08 4.20034874881736e-08 3.50065854526349e-08 3.33520472128868e-08 3.94162935624109e-08 2.88099001100051e-08 2.89923880458787e-08 2.70702930516009e-08 2.83185158878041e-08 2.28741998231641e-08 2.08103442478347e-08 1.90126660082335e-08 1.67062850331412e-08 1.45345237068106e-08
2.89600275862001e-05 0.00113738746640593 0.000147269816625339 5.120129117131e-05 1.91367924799124e-05 6.04578763160224e-05 0.000196113252798735 0.000107577078445686 5.87805831391286e-06 2.84475949297036e-07 2.67062348457969e-07 2.78383884544375e-07 2.06993390294841e-07 1.99064079140498e-06 2.83696951100865e-05 0.000108417850219666 0.000173964050338782 3.57717223971044e-06 2.08196212336809e-07 1.70466350801757e-07 1.41480376214531e-07 1.13436428605951e-07 1.12334498680866e-07 1.15202133876835e-07 9.46945650781572e-08 8.80401342051584e-08 9.54129496300027e-08 9.09328332743264e-08 8.35156467648979e-08 7.58515220411482e-08 6.99164020900866e-08 5.43250588513899e-08 4.59893044091331e-08 3.84881883697119e-08 3.97510397043277e-08 5.07742318855975e-08 3.26798332839218e-08 2.81716235450702e-08 2.6093183680409e-08 2.56722977765023e-08 2.31071505485403e-08 2.22963329576942e-08 2.10573841030737e-08 1.71884289912327e-08 1.5642004624894e-08
4.19569884051896e-05 0.000515828815241548 0.000248531671604724 0.000633498020215484 0.000395441464388568 8.33616469208209e-05 0.000183636917063268 6.09985217185249e-05 1.17666206354894e-05 1.72172257777436e-06 1.68890946306011e-07 2.18679783425824e-07 5.72062937032047e-07 2.19009524542457e-06 0.00023558569614579 0.000161935060806306 8.7435217828169e-06 2.46896533839802e-07 1.83122220576148e-07 1.46616312601822e-07 1.26377803033595e-07 1.13488014541474e-07 1.09995301411647e-07 1.12111735384168e-07 1.13151532088462e-07 1.05786402038177e-07 1.02030062087977e-07 1.02060437079388e-07 9.64873882125517e-08 9.15750032248752e-08 8.12015409579203e-08 8.13228274942901e-08 6.58834775180139e-08 5.37345733242489e-08 4.70396587015642e-08 4.62894170549788e-08 3.32302129146811e-08 3.07334327320774e-08 2.53695070062676e-08 2.48107941747122e-08 2.28088686826666e-08 2.46741328702171e-08 2.22600351484914e-08 1.86493432030588e-08 1.64116810696946e-08
8.92574277742142e-05 5.60053821319073e-08 3.38478317131186e-06 0.000718181555203545 0.00123035528995388 0.000898141159359511 9.21118823953293e-05 5.13750039317529e-05 1.55801667915512e-05 6.84000647845906e-06 4.23819420625193e-07 8.87432542173716e-07 3.45869123137277e-06 8.89955212528548e-05 0.000110146665750932 0.000725701301689696 4.21958634042596e-06 1.8669895225365e-07 1.59274397293352e-07 1.31284218629624e-07 1.21160678845378e-07 1.16743779476902e-07 1.19470673598521e-07 1.13991232453259e-07 1.0612220031625e-07 1.03507710358386e-07 1.01293458421026e-07 1.0432269927918e-07 1.02049764194589e-07 9.12703624678102e-08 7.60069001515262e-08 7.55820632747373e-08 7.9093714244749e-08 7.77439256083312e-08 5.76835448740098e-08 4.70594901713639e-08 3.82599584014542e-08 3.43018245585469e-08 3.20557860700177e-08 2.74026284774465e-08 2.68128014235813e-08 2.91146569075806e-08 2.57048083929234e-08 2.34571905455283e-08 2.00099620428773e-08
0.000160613500747786 5.63161078417807e-05 0.000128369442001031 0.000762580583250394 0.000550757286964654 0.000238344307945226 0.000453494330668036 0.000317309312561065 2.46885244678197e-05 2.0475990623936e-06 1.62636073355316e-06 7.30953306824489e-06 0.000322684744583057 0.00120580893570832 0.00163080676175014 2.11589739649298e-05 2.09785421789732e-07 1.90388827636667e-07 1.62887879717744e-07 1.46440744464016e-07 1.41053106472722e-07 1.36038785492065e-07 1.23092045933859e-07 1.11151482196092e-07 1.10729876501292e-07 1.08726358438727e-07 1.0979594072813e-07 1.0804702875733e-07 1.01509466787775e-07 9.16734354206028e-08 8.80223012700299e-08 7.85191631713644e-08 7.31729535630166e-08 7.05643625309449e-08 6.72339093732432e-08 6.97923924874999e-08 4.09814588930857e-08 3.94520922597508e-08 3.50294463213885e-08 3.16630387908745e-08 3.3753090900035e-08 1.09766302713865e-07 3.25814193180562e-08 2.62565192477027e-08 2.4358430827931e-08
1.70592870496478e-08 1.22817612438153e-05 5.14038908278058e-06 0.000898661084647756 0.000954059164541832 0.00183598099756637 0.00111417655307378 0.00155428686139203 0.000981130442505673 1.96293214230536e-05 2.09368897969853e-06 1.32546844825332e-05 0.000246454056720324 0.00206558419076828 6.97504563515583e-05 4.49612468287342e-06 2.29026455489389e-07 1.95317269380269e-07 1.84016810411691e-07 1.74425359278363e-07 1.62193315800252e-07 1.54211881842059e-07 1.40249852986773e-07 1.24368154141852e-07 1.16311357301058e-07 1.13199993945212e-07 1.13645529642437e-07 1.14266789674744e-07 1.0449905456511e-07 9.06584308069114e-08 8.96417910567493e-08 8.5242826308729e-08 8.2126383738057e-08 1.01084721393363e-07 8.733644731862e-08 6.34116828379661e-08 5.15623702845858e-08 5.10148207233385e-08 4.58731934660506e-08 4.37429967359293e-08 4.5853762120629e-08 6.48926142154949e-08 3.32368476296807e-08 3.1603608152686e-08 3.18001324384198e-08
0.000125390231914935 0.00074456027987253 0.00532427179423427 0.000960670570628308 0.000342617575211079 0.000166552442124157 0.000467695162478776 9.77014052295999e-05 0.000320354523569222 2.99425107982643e-05 5.96906025975841e-06 0.000102855916814426 8.71790929281246e-05 0.000125660772928882 0.000441813530433011 1.04722267565194e-05 2.82849689270392e-07 2.17076483011169e-07 1.93191435293727e-07 1.94661437102894e-07 1.79322894344747e-07 1.71422728090231e-07 1.48204991545775e-07 1.42116373147427e-07 1.28251608022545e-07 1.20710641593469e-07 1.25685020579969e-07 1.18671366156065e-07 1.05353867674296e-07 9.68158244241124e-08 9.5170126535038e-08 8.97976637048714e-08 9.81136619060408e-08 1.27702904428872e-07 7.84100929962506e-08 6.89918246976617e-08 6.47053450819612e-08 5.96648446204995e-08 5.49458881060616e-08 6.36206628712444e-08 5.53639002198736e-08 4.67854325059136e-08 4.05749899456964e-08 4.16123733248952e-08 4.14993134079111e-08
