Maxent_result_files_1/Bombus_hyperboreus_3.asc
NCOLS 594 
NROWS 330 
XLLCORNER -15 
YLLCORNER 23 
CELLSIZE 0.166666666666667 
NODATA_value -9999 
[rows 260 to 279 of 330, columns 440 to 483 of 594]
1.14241949233929e-13 4.62407889756378e-14 2.44360087719997e-14 2.65454325187875e-14 1.21014309684142e-15 1.77391434874608e-13 8.87845352792738e-14 1.46549439250521e-15 5.12034858957122e-14 1.57214492535473e-09 3.8200446139669e-10 2.22708409158834e-08 1.65150427324789e-06 6.11330523980769e-09 2.12730884019408e-09 2.08045016769631e-09 3.99736483913671e-09 1.10634208572158e-08 1.51593830821639e-09 1.53494266852405e-08 3.6582812801278e-08 5.82856044317737e-08 7.22615678960814e-08 1.89749015402363e-06 2.75894074102112e-06 1.26662819246448e-06 1.27952918703045e-05 3.33021428048141e-05 1.50997121806995e-05 5.61382483112993e-06 2.46093331554675e-05 1.89578853905914e-05 8.61091525905522e-06 7.51806999659266e-06 1.07668715223497e-06 2.40090322822795e-07 5.31912886625463e-07 2.41637783959803e-07 2.19846535287616e-07 5.37939854616809e-07 1.02733322364656e-06 7.59540859185393e-07 4.70736722490983e-06 3.05430448754862e-07
9.4960007634981e-10 1.32072131009409e-13 3.5527136788005e-14 7.85704834527223e-14 2.40474307133809e-13 7.65165708571658e-14 2.48689957516035e-14 3.42681438780801e-13 1.5164536293355e-13 7.49733608529368e-14 6.81439571437181e-11 6.76482536654532e-10 3.98270760815223e-10 6.17118293022578e-08 1.56360161485125e-08 1.25781235649214e-08 7.92146658268322e-09 6.33953980422319e-09 3.40600895265553e-09 1.00633296140629e-09 3.050739538768e-09 5.44059975959854e-09 1.70314204073208e-08 3.52107153434034e-09 8.24645205454999e-09 6.02432278840048e-08 8.67915174040945e-06 4.32956684051078e-05 1.7459203372816e-06 1.58773865466255e-07 1.37050184756404e-07 2.91043734024221e-07 3.93441521140403e-06 3.02656149031577e-06 1.01717437139826e-07 1.35735427675421e-07 2.14467562020815e-07 2.82370149351507e-07 3.22192438595437e-07 6.44069116333412e-06 5.61023371403735e-06 1.54593301658679e-05 1.16095708619923e-05 6.67780306606858e-07
5.22337884056867e-10 6.99829083572467e-13 5.39490674356102e-13 1.79701808988852e-12 1.1273437738879e-11 1.31661348490297e-13 3.39617223232835e-14 4.76663153392565e-13 1.55781002542099e-09 2.27151630838307e-14 2.42250663973209e-14 6.74127420552395e-14 8.61816285002703e-11 2.35250505742357e-09 6.12644712738586e-11 3.88606016255011e-09 5.18089471324146e-09 8.23028468710518e-09 6.22960071305911e-09 2.92897110010237e-08 9.26382220378663e-08 3.05768010910867e-09 2.575246638159e-09 5.74781041651207e-09 7.77719969535795e-09 1.30116314722706e-08 2.27258605822733e-08 3.80346751982508e-08 4.62705608383907e-08 1.13535360246608e-06 2.89214213555766e-07 1.07917992153705e-07 6.4253957687832e-08 6.02800392046632e-08 1.08099468743017e-07 3.81107134073133e-07 3.84371569595032e-07 3.42557025634349e-07 7.24242072891457e-07 3.87893380171533e-07 4.52724214294875e-07 4.78435284634315e-07 3.70973888053072e-07 5.72031840917475e-07
2.21447105097639e-10 7.82247744357534e-10 4.32766482649782e-09 4.75866013260884e-12 1.02341468632972e-11 3.2114017445295e-09 1.34204869439714e-12 8.14015521655165e-14 3.60489416095788e-12 2.56239474083486e-14 5.17363929475323e-15 3.37063710276198e-14 7.23532345148215e-14 3.21423998528303e-12 6.78435085887941e-13 3.87930576550843e-11 6.38185282397785e-11 4.67028222761456e-09 8.21749725377074e-08 3.20029361433605e-07 1.07617139866178e-08 6.20402992312918e-09 8.62590753269998e-09 9.96720314838662e-08 3.05893215923891e-07 1.11721899991313e-06 2.12550598401862e-06 1.66815557047784e-06 9.69678716766786e-08 3.29102969920392e-07 2.60698527732028e-07 3.37230013580658e-08 1.11259465085389e-07 2.11298577790231e-07 1.80308642372395e-07 1.29420079042486e-07 1.74984574830006e-07 1.92901875806228e-07 3.61456139330585e-07 2.15150985098944e-06 2.28732481932781e-07 4.11603537475713e-07 4.00280107903939e-07 3.90706361841353e-07
5.64281954495982e-13 3.12374804911642e-09 1.94189943358847e-07 4.53484028106743e-11 2.55009346972201e-12 1.4908991341489e-08 2.4519808627943e-09 3.65930508117174e-11 7.26186777377791e-11 3.25406368517633e-14 8.40694180936907e-13 1.24850130234222e-12 2.52886600549118e-13 4.14890344302421e-13 1.83808523956941e-12 4.0654146715724e-13 1.17780230013409e-12 1.76171853771834e-09 1.95638666156128e-08 1.70848488245667e-08 6.87105946584055e-09 1.31905276479216e-08 3.21762021981975e-07 8.35634853824097e-07 1.01049098264472e-06 3.49704417024199e-06 2.16485215332796e-05 4.41639035138053e-06 2.96800592547442e-07 6.27831740729334e-06 2.69518191942097e-06 1.34670335008025e-06 3.92276699052729e-06 2.21745546262753e-06 2.11086550550021e-07 2.85223650742239e-07 2.75060354493206e-07 2.80827517373794e-07 1.68638287156853e-07 4.96267917426962e-07 2.94181096016644e-07 3.28898635437724e-07 7.53426944299918e-07 7.36631075781702e-07
1.41886502547095e-14 3.42637029859816e-13 7.09469024640086e-09 4.50100205551252e-08 9.87334736191059e-10 2.63109356524183e-09 2.00566971808591e-08 4.80430362159723e-11 7.91935961252932e-11 5.62309532270433e-10 1.63924429585904e-13 2.14808171250525e-12 4.28623803117034e-13 3.73145958576515e-14 4.63440397169279e-13 4.11670697531008e-14 5.77315972805081e-15 4.34396962845085e-13 8.05666644509984e-13 1.59542945521451e-10 6.69390549656868e-09 5.36028838205027e-08 2.14101157491875e-07 1.73872763187255e-08 3.04065218714733e-07 1.48048770012288e-06 2.60322214504782e-06 4.66340502569551e-06 3.27784669451603e-06 1.29382397460631e-05 6.95868174602765e-06 5.27112777994887e-06 2.90567313387946e-07 8.67496622314334e-07 1.44599255356148e-06 3.68237395491633e-06 1.29126344017294e-07 4.74636011560392e-07 2.29082666391989e-08 3.33740097868684e-07 1.43530167040495e-07 1.94849522872076e-07 4.21379974149261e-06 5.09207145449331e-08
1.94289029309402e-15 7.95397081532201e-13 6.96331881044898e-14 9.2277951946329e-11 4.63679357132207e-09 2.94983220516798e-08 3.30020106908968e-08 1.01450088219046e-08 2.14403239606753e-10 6.2390029476056e-09 6.89026613542865e-13 5.50226531004228e-14 1.23800969475951e-13 2.67230682027275e-14 3.17634807345257e-14 4.65183447317941e-15 2.8199664825479e-15 2.94209101525666e-15 1.75069958530116e-12 1.79705617053827e-09 5.17368430319465e-09 2.96295431745364e-08 7.36935540368577e-09 6.6643272811362e-08 9.53703446548992e-08 7.16447303616974e-07 1.10702779200222e-06 1.32848411680264e-06 2.13271573272777e-06 2.43606947263331e-06 1.30020351178928e-06 7.11405429065781e-07 1.74754293513768e-07 4.66249812580699e-07 3.02696611562681e-06 5.49693413809393e-07 1.48658232248522e-06 4.89163795025505e-08 2.43662361398833e-09 1.66191015509298e-06 3.60708398972065e-06 1.8200508071331e-06 1.36354223356783e-08 2.31393632965649e-07
4.9515946898282e-15 4.34097202628436e-15 2.76001443921814e-14 4.9427129056312e-13 1.41025391364735e-10 3.94998544539504e-08 3.18058205628358e-07 9.0209680736475e-08 4.02869959614804e-10 5.53670647107651e-09 2.37384971457644e-08 2.41414666035666e-11 1.81299419921288e-14 1.69864122767649e-15 3.03757019537443e-14 4.24660306919122e-14 4.29434265925011e-14 6.6436856016594e-13 6.51045883870438e-12 2.5707066031444e-09 8.2384246091749e-10 1.5935091690622e-09 2.68715949491849e-10 5.09296160799977e-11 1.50720547154037e-12 2.07016557229878e-09 9.70429006930118e-08 2.251977489931e-07 2.44518165115615e-07 1.12209356850634e-07 1.20725182295445e-07 4.19090175207693e-07 7.20733345360713e-06 1.13434657309508e-06 1.78200002611817e-06 4.32831958185886e-07 2.14601249624025e-06 5.15335843442877e-08 8.60507256206233e-07 1.02366707366741e-05 3.37796816307634e-07 9.05117602156835e-07 1.34489314866926e-06 2.00690055169872e-06
7.83595410780435e-14 2.39619435404848e-13 4.7599701957779e-13 2.75518496906102e-12 3.60268481713888e-12 7.39901373503216e-10 3.45381978261727e-07 2.58950470777286e-07 2.67446201518418e-08 8.5497676716173e-09 1.47716234510931e-07 2.55206965560362e-09 2.14704920509234e-12 6.85895784613422e-14 5.52780043960865e-14 1.82520665248376e-13 2.7574609262615e-13 1.37779787579007e-12 5.05639974335281e-13 4.21767065716949e-12 4.46089609695832e-11 3.87447851579736e-12 9.59821111479187e-13 5.52636825190689e-12 1.35712419080392e-10 6.52489005048551e-09 5.23227262849701e-08 1.34432285969766e-08 2.68167890338233e-08 9.89683934804475e-10 6.4323348647477e-09 7.46468528101119e-09 1.03294634290485e-08 2.88650112922895e-08 3.67033382486781e-07 5.3474162324818e-07 4.79532089370238e-08 1.93628630853482e-06 3.41929648826067e-06 1.7033260935051e-06 1.49118834742445e-06 1.41102073802912e-06 1.27757297374576e-07 1.50148191335742e-07
1.69864122767649e-15 4.01034760955099e-13 5.23807996977155e-11 3.2537872396432e-11 1.68407510159341e-12 7.70397801108658e-10 4.40504313581336e-08 1.95990059737028e-09 7.32226501654054e-12 7.31609217652363e-12 5.97593086126835e-12 9.37437683035114e-11 1.40216727118059e-12 3.26183524634871e-14 9.1926466438963e-15 1.45439216225896e-15 1.27675647831893e-15 6.37601083042227e-14 2.46835885064911e-13 6.57884857702129e-13 1.52201751202341e-10 1.11264197855121e-10 2.54030130264482e-13 4.63507077164138e-10 1.64880231690034e-10 7.90939536088331e-12 4.90851163048589e-09 1.90601019522951e-08 2.30520374677745e-08 3.13242709770734e-08 1.4249132984645e-09 6.03415494238035e-09 1.00310270156889e-07 2.7094742949263e-08 3.15511205606356e-07 1.47174127889116e-06 1.06562727808068e-05 6.75249453330196e-06 1.18349059694545e-06 2.51499626746643e-07 1.99386013188807e-07 1.23248892606398e-05 9.04101202015006e-08 3.22196469504377e-10
7.32747196252603e-16 7.58282325818982e-15 8.54438741981767e-13 1.34781075189494e-13 1.6984524897623e-12 2.99584801410901e-12 2.08975059479144e-12 2.85363954688478e-11 3.69346664363945e-11 1.74809944297749e-11 1.87772020154853e-12 1.16617826506626e-13 4.92450524802734e-13 1.41631151251431e-13 7.43849426498855e-16 5.55111512312578e-16 2.33146835171283e-15 3.07864844728556e-14 5.15254505728535e-14 3.30180327523522e-14 6.47482067961391e-13 7.19113657510206e-13 2.9758971953342e-10 2.27574181721479e-11 4.44089209850063e-13 2.03901340256607e-12 6.23456841708503e-13 8.38218383591993e-15 2.09897654812607e-12 7.53717732671078e-10 3.91787102760333e-10 1.35258421751772e-07 2.76593313697227e-07 7.74112534518423e-08 2.92205939667056e-07 8.781945092462e-07 3.18827741576655e-06 9.19334143523187e-07 5.91312454445436e-08 9.84965436656715e-08 5.13632613796666e-07 2.06322284830307e-06 4.27681634551647e-10 9.5851652170964e-10
4.66293670342566e-16 5.88418203051333e-16 2.77555756156289e-15 9.75886038645513e-15 1.47798773220131e-11 1.82636572532147e-10 8.77987682557091e-12 3.38306049840753e-12 1.27582318043551e-09 1.47227119384752e-10 4.97590857406749e-13 5.52102807915844e-13 1.78224102143076e-13 8.47211190091457e-14 7.21644966006352e-16 3.33066907387547e-16 1.31006316905768e-15 1.32782673745169e-14 3.42637029859816e-13 1.11767262112039e-12 1.92923454989113e-13 2.38695729848359e-12 3.50990347897096e-12 5.60662627435704e-15 1.77635683940025e-16 4.67403893367191e-15 4.36317648677686e-15 4.60520510614515e-14 5.91526827520283e-14 1.04412034573897e-12 1.44618761410698e-12 7.88597216416775e-09 6.70879924946632e-09 1.27011966073454e-06 5.78710840770658e-07 3.60128844256735e-07 3.137860709157e-07 1.3543975874164e-08 4.27021451532283e-10 2.19087130659545e-09 6.64443972286932e-08 5.0229256143286e-08 1.244349978613e-09 2.17627966758727e-09
5.77315972805081e-16 5.77315972805081e-16 9.2148511043888e-16 1.84297022087776e-15 1.97841742988203e-14 1.3097301021503e-13 3.48469031408172e-12 1.43096201554727e-11 1.4803358538984e-11 4.76823025508111e-12 1.27055033161128e-12 4.06785716222657e-14 1.46157530522828e-12 3.49420492540276e-13 3.66373598126302e-16 1.17683640610267e-14 4.62296867453915e-14 3.69837493963132e-13 1.54698476251269e-13 5.51780843238703e-15 2.1094237467878e-16 1.77635683940025e-16 3.11972669919669e-15 2.22044604925031e-17 2.54241072639161e-15 1.53210777398272e-15 4.68958205601666e-14 9.02611319020252e-15 9.20286069572285e-13 2.98994162761801e-12 2.68310340612032e-10 1.78254089266972e-10 5.15606046747052e-09 1.07900223311752e-07 4.73701526115811e-08 4.38109885481097e-08 3.93086274641519e-10 4.02557986944885e-11 7.6092465661759e-13 7.00947333509561e-10 7.64377894313384e-11 6.18438228405793e-09 6.54369891606166e-12 1.33912865241115e-09
4.66293670342566e-16 9.99200722162641e-16 1.72084568816899e-15 2.34590125103296e-14 1.7128298779312e-12 1.62902802358644e-11 7.94697641026687e-14 2.09284811703014e-12 2.17089679566129e-12 5.37363487040921e-12 3.15192316691082e-14 1.66089364483923e-14 2.29813945651358e-12 1.36923805627021e-12 1.1314282843955e-13 1.23234755733392e-15 3.46389583683049e-15 5.10702591327572e-16 3.5527136788005e-16 4.69624339416441e-15 4.00790511889682e-15 3.43058914609173e-15 4.21884749357559e-16 5.55111512312578e-17 4.38538094726937e-15 4.70068428626291e-14 2.22840634833688e-12 5.12145881259585e-14 1.27742261213371e-13 7.74935671188359e-15 2.63309374304299e-12 1.65090163761761e-14 1.48424605939113e-12 5.52653589558361e-11 3.98476840413053e-10 2.63341348727408e-11 5.32796029517613e-14 3.53272966435725e-14 8.6941565058396e-14 3.63598040564739e-14 2.6620927684462e-13 5.6503479672898e-11 1.03242540405724e-08 3.24570148535486e-11
1.88737914186277e-16 2.99760216648792e-16 5.21804821573824e-16 6.66133814775094e-16 1.63202784619898e-15 2.94542168433054e-14 1.3926637620898e-13 1.50568446599664e-13 9.50572953684059e-13 1.85130799579269e-12 3.1829316959886e-12 3.10040881856821e-13 3.30846461338297e-15 5.12923037376822e-15 1.64988023243495e-12 3.5527136788005e-16 3.10862446895044e-16 1.66533453693773e-16 5.99520433297585e-16 1.11022302462516e-16 2.30926389122033e-15 8.88178419700125e-17 8.88178419700125e-17 6.66133814775094e-17 8.88178419700125e-17 6.66133814775094e-16 2.14273043752655e-15 8.88178419700125e-17 1.11022302462516e-16 1.4432899320127e-16 1.99840144432528e-16 6.58362253602718e-15 3.66373598126302e-16 7.59392548843607e-15 4.99822405686245e-14 2.07289740927763e-13 4.76285677564192e-14 2.00950367457153e-14 1.96176408451265e-14 1.84519066692701e-14 6.50667297819041e-12 3.43573369754324e-10 2.53051093412893e-09 3.41421038108081e-09
1.22124532708767e-16 1.88737914186277e-16 2.99760216648792e-16 6.99440505513849e-16 1.18793863634892e-15 9.39248678832882e-15 5.95412608106471e-14 1.32494015758766e-13 1.49436019114546e-14 5.61772850460329e-15 9.31033028450656e-14 9.31298371753542e-12 8.59312621059871e-15 7.54951656745106e-16 5.88418203051333e-16 4.21884749357559e-16 2.55351295663786e-16 9.99200722162641e-17 6.66133814775094e-17 5.55111512312578e-17 8.88178419700125e-17 8.88178419700125e-17 6.66133814775094e-17 6.66133814775094e-17 6.66133814775094e-17 5.55111512312578e-17 4.44089209850063e-17 8.88178419700125e-17 1.22124532708767e-16 1.22124532708767e-16 1.4432899320127e-16 1.99840144432528e-16 3.33066907387547e-16 4.9960036108132e-16 4.88498130835069e-16 1.27453603226968e-14 8.78186412478499e-15 5.55111512312578e-16 4.74065231514942e-15 1.99062988315291e-14 2.1076473899484e-13 4.19608792157078e-13 1.46003472645262e-09 6.61570798143884e-13
9.99200722162641e-17 1.33226762955019e-16 2.44249065417534e-16 4.44089209850063e-16 1.45439216225896e-15 4.18554080283684e-15 1.0325074129014e-14 1.20914389611926e-13 7.39297512097892e-14 8.00470800754738e-15 1.13797860024079e-14 4.0876191320649e-13 1.00830455096457e-13 2.32036612146658e-15 5.55111512312578e-16 2.1094237467878e-16 3.33066907387547e-16 2.12052597703405e-15 7.7715611723761e-17 5.55111512312578e-17 6.66133814775094e-17 7.7715611723761e-17 5.55111512312578e-17 4.44089209850063e-17 4.44089209850063e-17 3.33066907387547e-17 5.55111512312578e-17 5.55111512312578e-17 6.66133814775094e-17 8.88178419700125e-17 1.11022302462516e-16 1.66533453693773e-16 2.44249065417534e-16 2.66453525910038e-16 2.77555756156289e-16 2.88657986402541e-16 3.77475828372553e-16 3.99680288865056e-16 1.11699538507537e-13 1.88293824976427e-13 2.91007218322648e-12 8.35524771591878e-10 4.44979608715812e-12 7.13162862098216e-13
7.7715611723761e-17 9.99200722162641e-17 1.88737914186277e-16 4.66293670342566e-16 9.65894031423886e-16 2.66453525910038e-15 2.53130849614536e-15 2.17603712826531e-15 2.71471733981343e-13 8.99502694551302e-14 2.71294098297403e-13 1.15907283770866e-14 6.16173778666962e-15 1.0769163338864e-15 3.33066907387547e-16 1.88737914186277e-16 9.99200722162641e-17 5.55111512312578e-17 6.66133814775094e-17 5.55111512312578e-17 5.55111512312578e-17 5.55111512312578e-17 4.44089209850063e-17 3.33066907387547e-17 3.33066907387547e-17 2.22044604925031e-17 2.22044604925031e-17 3.33066907387547e-17 4.44089209850063e-17 8.88178419700125e-17 9.99200722162641e-17 1.33226762955019e-16 1.66533453693773e-16 2.1094237467878e-16 2.33146835171283e-16 5.31685806492987e-14 1.8908208332391e-13 1.68753899743024e-14 8.43769498715119e-16 1.32560629140244e-14 2.98427949019242e-14 1.35902400444365e-13 1.11369802269223e-12 7.93809462606987e-14
6.66133814775094e-17 7.7715611723761e-17 1.22124532708767e-16 2.1094237467878e-16 3.44169137633799e-16 6.25055562863963e-15 8.08020317322189e-14 5.21804821573824e-16 3.88578058618805e-16 2.48689957516035e-15 1.43218770176645e-15 5.21804821573824e-16 5.21804821573824e-16 2.77555756156289e-16 2.33146835171283e-16 1.33226762955019e-16 1.11022302462516e-16 8.88178419700125e-17 1.33226762955019e-16 4.44089209850063e-17 6.66133814775094e-17 4.44089209850063e-17 3.33066907387547e-17 3.33066907387547e-17 2.22044604925031e-17 2.22044604925031e-17 2.22044604925031e-17 4.44089209850063e-17 5.55111512312578e-17 8.88178419700125e-17 1.11022302462516e-16 1.22124532708767e-16 1.55431223447522e-16 3.33066907387547e-17 5.77315972805081e-16 4.00124378074906e-14 1.15685239165941e-14 1.64313007644523e-15 1.77635683940025e-16 2.99760216648792e-16 1.03361763592602e-14 3.17412762740332e-14 1.64868119156836e-14 1.75237602206835e-13
5.55111512312578e-17 6.66133814775094e-17 8.88178419700125e-17 1.77635683940025e-16 1.55431223447522e-16 1.66533453693773e-16 3.77475828372553e-16 3.99680288865056e-16 3.66373598126302e-15 4.66293670342566e-16 7.32747196252603e-16 1.99840144432528e-16 1.77635683940025e-16 2.33146835171283e-16 1.11022302462516e-16 1.11022302462516e-16 6.10622663543836e-16 8.99280649946377e-16 2.39808173319034e-15 6.66133814775094e-17 5.55111512312578e-17 8.88178419700125e-17 3.33066907387547e-17 2.22044604925031e-17 2.22044604925031e-17 2.22044604925031e-17 3.33066907387547e-17 5.55111512312578e-17 8.88178419700125e-17 9.99200722162641e-17 9.99200722162641e-17 1.11022302462516e-16 1.4432899320127e-16 1.55431223447522e-16 1.76303416310475e-14 2.75335310107039e-15 9.75886038645513e-15 3.21964677141295e-16 3.33066907387547e-16 2.1094237467878e-16 2.33146835171283e-16 1.17683640610267e-15 5.6621374255883e-16 4.88498130835069e-16
