Maxent_result_files_1/Bombus_zonatus_2.asc
NCOLS 594 
NROWS 330 
XLLCORNER -15 
YLLCORNER 23 
CELLSIZE 0.166666666666667 
NODATA_value -9999 
[rows 160 to 179 of 330, columns 540 to 584 of 594]
0.000109298315692286 0.000103732562820369 9.85379077974358e-05 0.000109720902219124 0.00011361969554855 0.000102715648972662 9.13979776669294e-05 7.13721875399642e-05 5.55463135242462e-05 5.24251514434582e-05 4.86516101773304e-05 4.14928733334818e-05 4.03455022023991e-05 3.36235468694213e-05 2.81456193988561e-05 2.8550764591273e-05 5.54373606973968e-05 3.47791622516524e-05 3.00928919841681e-05 2.70957695192919e-05 2.70899255610857e-05 3.51801113993133e-05 4.35589322478336e-05 4.46066944277845e-05 4.23290281105437e-05 6.10232402323163e-05 8.63595942064421e-05 9.96728125755908e-05 0.000101402160908037 8.46699433168396e-05 4.28145592195506e-05 1.79882240729512e-05 3.34837565787893e-05 0.000104211238976859 0.000112067622285394 1.33146443886289e-05 0.000180708042535116 5.90533843023877e-05 4.71186647700961e-05 0.000111036642738327 7.561131278635e-05 5.3900961211184e-05 0.000251863341691205 0.00165608987445012 0.00065209484891966
9.90844344414654e-05 0.000116373141463555 0.000139693725577672 0.00014575927198166 0.000138678550501936 0.000152758223703131 0.00011769182565331 0.000106286617301521 9.46600821407628e-05 9.39803145229234e-05 7.2356059718004e-05 7.02138749147707e-05 6.46505343866011e-05 6.07734024015372e-05 4.69661828901735e-05 4.29759603321145e-05 3.10736527808331e-05 2.62983923221327e-05 3.27387533161527e-05 2.83027168734407e-05 2.59996362728998e-05 2.74094899850752e-05 3.50334553786524e-05 3.97855738810904e-05 8.41796330860234e-05 7.67852267017588e-05 1.2610844783012e-05 0.000127398572294624 9.79293778073043e-05 4.35817531069915e-05 6.03662772391544e-06 4.43100765551208e-05 8.23305957965204e-05 9.35371019295417e-05 8.62213768414222e-05 0.000177805087150773 1.77441191681282e-05 0.00010106365516549 5.77130576857598e-05 6.81822525621101e-05 6.5235013335041e-05 0.000356934801675379 0.000170343077115831 0.000262073202611646 0.00109643506584689
0.000215515712989145 0.000302673284022603 0.000335088841529796 0.00105790551169775 0.00048235851136269 0.000387829262035666 0.000282928915112279 0.000183270683555747 0.000129513470346865 0.000142230190613191 0.000141225814877544 0.000114007420415874 0.000124952788610244 8.82107060533599e-05 6.95326668392227e-05 7.56865612856927e-05 5.23461509146728e-05 4.10043047850195e-05 3.14685874855059e-05 3.37053773819207e-05 2.74383511168708e-05 3.12613935420814e-05 3.85910182103544e-05 4.10673073929502e-05 4.64438825474645e-05 9.91468155007169e-06 5.38732782615625e-06 1.28492830299365e-05 1.01926313163858e-05 8.75486071890918e-05 0.000141154798257048 0.000128928916092264 0.000326262141607003 0.000291004426253494 0.000343195348978043 0.00015400203083118 9.4024121244729e-05 0.000189854058407946 0.000443005251145223 0.000440719180915039 0.000288334722426953 0.000296592325321399 0.000241187122446718 0.000111050296982285 0.000540410552639514
0.000216009120777017 0.000272693738952512 0.000409134280198487 0.000423845456680283 0.000313854722480755 0.000424591750925174 0.000327561057929415 0.000270920517505147 0.000225918114301749 0.000257140662142774 0.00032198212647927 0.000130429240016383 0.000164845994004281 0.000144161151911248 0.000114240782022534 0.000121550332733023 0.000134014222567203 8.19795990537386e-05 5.92972776757961e-05 4.96385868245852e-05 3.49756253854139e-05 3.99907931296184e-05 8.58543722642935e-05 3.22783538706517e-06 2.95040722448903e-06 1.43363096412941e-05 4.75719527457841e-05 3.60037004611513e-05 1.48601130035786e-05 2.08866063530877e-05 0.000111752433258516 0.000146464738099894 0.000127261835405079 0.000107782739723916 0.000208590449256008 9.19149450055556e-05 0.000259267169531086 0.000355585994839203 0.000485040069906972 0.000545153487473726 0.000250948772736592 0.000219734487109235 0.000423853122629225 0.00126688267919235 0.000651630415813997
0.000563752296147868 0.000246224628790515 0.000286641676939325 0.000272927915648324 0.000571250617213082 0.000743668428913224 0.000717361620627344 0.000609276093018707 0.000453189101972384 0.000250979753400316 0.000225908639549743 0.000154548033970059 0.00013499472552212 0.000196462930398411 0.000166732392608537 0.000124061391761643 8.60545922478195e-05 8.06532385468017e-05 5.68982671211415e-05 4.68993958747888e-05 5.21606767506455e-05 4.22956338297809e-05 3.16704478791507e-05 2.91996646410553e-05 3.4042715014948e-05 0.000100093207765894 4.11887946938805e-05 3.1282839790947e-05 5.84095311751298e-05 0.000101671914671897 2.38508971051488e-05 7.07661403794191e-05 0.000153833954027505 5.27158756540302e-06 1.48994414033154e-06 1.97064162875904e-05 5.51891373106628e-05 8.10129493402201e-05 0.000169965606255573 4.69571060421004e-05 9.13574673177209e-05 0.000745211786124855 0.000133757479852648 9.70621629676316e-05 0.000506430804671254
0.000925207213731483 0.000468637463927735 0.000468036923848558 0.000403393276792485 0.000529900254332461 0.000997642104630359 0.00131432755442802 0.0015492785256356 0.00125179464521352 0.000496986137295607 0.000349197811010527 0.00032453238236485 0.000281431881012395 0.00022469921859738 0.00019739687195397 0.000155550278213923 0.000117247851994762 0.000116922508823336 0.000112034839003172 9.47520064073615e-05 7.05764179656399e-05 5.13324648636626e-05 3.65016976502375e-05 3.78470646865026e-05 3.94677273106936e-05 5.28467938238464e-05 6.94389333148138e-05 8.90614499439835e-05 0.000204100134578766 7.43776115086803e-05 0.000143173823744291 0.0159131719730794 0.00022126115145511 3.89368638025189e-05 5.64735162527086e-06 4.59892993376343e-06 4.58022392422208e-06 0.000228202983998926 0.000280373106215848 0.000163303500448819 0.000155046774307266 0.000130807968525914 9.9750316439895e-05 0.000133922730674385 6.4792903867783e-05
0.000830124769709073 0.000263417891255813 0.000118780336561031 0.000427701677836012 0.00092975030420348 0.00057991583016701 0.000655506025941577 0.000469094890286215 0.000678078916098457 0.000474334933096543 0.000646724934631493 0.000768217048607767 0.00104213692538906 0.000702229839225765 0.00037006834463682 0.000231146599253407 0.000180981930316193 0.000271949472517008 0.000205026817639009 0.000143979175845743 0.000100359826137719 8.42311088490533e-05 7.19817386197974e-05 5.16817369316414e-05 4.01259110731189e-05 3.65920034710143e-05 6.94708362061647e-05 0.000166278253527707 0.000186585020492203 0.000109223634353839 0.000119762584472483 0.000116095776320435 0.000109667972355965 0.000106042953848373 8.2035553350579e-05 5.59588267606159e-05 0.000178972294816049 0.000200488072005101 0.000582032703096047 0.000944287516176701 0.000299755956075387 0.000290010027674725 0.000259950997133274 0.000411242084373953 0.000417190389271127
0.000234930534497835 0.000302205014304491 0.000314752982376376 0.000160997385319206 0.000169082890352001 0.000302585116878618 0.000463040668546455 0.000622160302009433 0.00037377527623903 0.000536675419425592 0.000862461168435402 0.00113562096375972 0.000746925885323435 0.00129088090034202 0.00106175653054379 0.000373132337699644 0.000195808155694976 0.00026910234882962 0.000288165708479937 0.000244413588370662 0.000182856336323312 0.000126769867711118 0.000126980810455279 6.29173485322099e-05 4.0310829263035e-05 3.44220125953143e-05 4.48745549874729e-05 6.82734918882488e-05 7.56743878810084e-05 5.08665957568155e-05 0.000112990510569944 0.000143396684143227 0.000121762136768666 8.24490800368949e-05 8.82510088558774e-05 0.000142618653262616 0.000293547647743253 0.000214149759995053 0.000469504542707 0.000819190667243674 0.000489049190946389 0.000585007022891659 0.000396160708623938 0.000191916005860548 0.000148554678162327
0.000131456379858719 8.44003096062806e-05 0.000173654298851034 0.000184448443906149 8.40373526443727e-05 0.000138326484920981 0.000362656437209807 0.000560123244940769 0.00309579065069556 0.000910152532742359 0.000657722931646276 0.000777496604132466 0.000540744281897787 0.000576732659828849 0.00119411197956651 0.000525265737087466 0.000243303854949772 0.000283557994407602 0.000537940510548651 0.00034345309031778 0.000248373657814227 0.000171134406991769 0.000109880820673425 7.55577739255386e-05 8.77902399224695e-05 9.27363405935466e-05 8.49933820063597e-05 0.000102384099409392 7.2337910933129e-05 9.14817414013669e-05 0.000113420979323564 9.28647426917451e-05 8.99964650670881e-05 7.48817088606302e-05 9.12288462131983e-05 0.000221430513920495 0.000388905343424994 0.000199910394439939 0.0003030321058759 0.000442694286175538 0.000721898258780129 0.000583743210881948 0.000995662593049929 0.000261107619007817 0.000482437679602299
0.000261499302723678 0.000230506359002902 0.000279275093635079 0.000428438993549207 0.000424420127092162 0.00144128495885525 0.000743413850432262 0.000316066847153706 0.000923361629247665 0.00065068791154772 0.00102120694937184 0.000606536425766535 0.000334190140711144 0.000344199071696494 0.000361766916466877 0.000236642435993417 0.000319809701613849 0.000318225146475015 0.000646585489448626 0.000218337421392789 0.00012755136085616 0.00011823331060441 0.000110729762491246 0.000144597014514147 9.21992957955808e-05 9.15906803129474e-05 8.05426856459235e-05 8.10549823654583e-05 7.43967666494427e-05 6.05827748586307e-05 7.33407096049632e-05 7.52796686356305e-05 7.96615991930594e-05 0.000111575553091825 0.000146587362905848 0.000174520652944921 0.000284907731111161 0.000307114066526992 0.000352765472780447 0.000531880726339296 0.00107699875952676 0.000746003224048764 0.00103168241621461 0.00153181435889564 0.00157522752415389
0.000388653814297868 0.00092433194804471 0.00261142796371132 0.00237327917711809 0.00167017151252367 0.000909371874877252 0.0016164977918379 0.00132962841889821 0.000481431788648479 0.000179031626976212 0.000496436236426234 0.000576365082815755 0.000608328165253624 0.000685309375694487 0.000785671104677022 0.000417814965476282 0.00030050064669922 0.000200811986724148 0.000235767693811795 0.000260717293713242 0.000203534473257605 0.000163757557311328 0.000113877461626544 0.000132055341964588 0.000185189464173163 0.000258732135989703 0.000152296230589855 0.000109595290814468 9.93771194771398e-05 8.46261506012524e-05 0.000102837230951991 0.000136555869539734 0.000134443080969504 0.000137528519553598 0.000149194047116907 0.000157647937885486 0.000433349667582661 0.000682612811215222 0.000974551754188724 0.000604890592512675 0.0015140593633987 0.00180060206912458 0.00219243458122946 0.00131074801902287 0.00219723701011389
0.00109908502490725 0.00558825602056459 0.0213928457349539 0.00342174522811547 0.00158758878242224 0.000798508479783777 0.00195836707716808 0.00205407724715769 0.00303158666938543 0.000448605854035122 0.000370606718206545 0.00054872439650353 0.000964610165101476 0.00116666702087969 0.000925880204886198 0.000751512291026302 0.000584865489508957 0.000362474221037701 0.000406547710736049 0.000593328116519842 0.000419724796665832 0.000269715696049388 0.000211146446235944 0.000244017734803492 0.000225451412552502 0.00047731940576341 0.000229670213593636 0.000161975242372137 0.000133287688731798 9.0210439520888e-05 0.000122550670857891 0.000181181201332947 0.000241372506570769 0.000204469290110865 0.000236854290415067 0.000246708808117546 0.000238927139434963 0.000470482696255203 0.000486809136054944 0.000684713359805755 0.00081409472913947 0.000887227687053382 0.00151843324420042 0.00264835146372207 0.00415406476240605
0.00170968854799867 0.000537111169251148 0.00247322177747265 0.00162017252005171 0.000689351967594121 0.00465681770583615 0.00889887781813741 0.00386425546603277 0.001524329878157 0.000220471488137264 0.000273922692576889 0.000728207090287469 0.00093145013670437 0.00199358731042594 0.00186734314775094 0.000627487822202966 0.000863190009840764 0.000486578483833 0.000557993155962322 0.000438128983660135 0.000806459839805029 0.000924741273047402 0.00041698425920913 0.000336174703988945 0.00023248933503055 0.000210239080479369 0.000221425703784917 0.000310390655067749 0.000171119843798806 0.000160498546028975 0.000197802793263691 0.00021596590304398 0.000258733263035538 0.000357806379179237 0.000318409207829973 0.000311905262788059 0.000341765568009578 0.000334153482981492 0.000751877966104075 0.000563682385836728 0.00129531252896413 0.00138038680888712 0.0012230116291903 0.00215109324781224 0.00604082953650504
0.000443805540999165 0.000500763294985518 0.000863090221537277 0.00220623111235909 0.000839424232253805 0.00156262045202311 0.00820073892828077 0.0083610228728503 0.00228018073248677 0.000206464239454363 0.000125408181338571 0.000470367734669708 0.000282649478322128 0.000247145399771398 0.000205905150141916 0.000101550261570083 0.000221990663339966 0.000272866919112857 0.000442695370293222 0.00102975018089637 0.000810625735903159 0.000780346238752827 0.00120031870319508 0.00116363541164901 0.000559349170362111 0.000241320627537789 0.000205018704582471 0.000355514120019507 0.000167039211737574 0.000185277967830189 0.000513623248843942 0.00044759601005353 0.000378723019093741 0.000483287374663632 0.000410073896637186 0.000405358603165951 0.00045993625826668 0.000530382180295419 0.00119205588125624 0.00117547274858225 0.00154488307307474 0.00204540630802512 0.00214646334061399 0.00273995475145057 0.0029660489584785
0.0035553801455535 0.000540268557961099 0.000626012912834994 0.000149888040687074 0.000975291361100972 0.000893238402204588 0.0024547838664148 0.00110443958255928 0.000867892199312337 6.57917182252277e-05 4.72115448246768e-05 0.000263037774857366 0.000460554315941408 0.000131865412186016 8.95566859981045e-05 3.0605313486376e-05 2.44411174662673e-05 3.00951237932168e-05 0.000100342032419576 9.62650321525871e-05 0.000505226406676229 0.000456055779068265 0.000318315074400743 0.00171168140950613 0.00236881052842364 0.000802321315859444 0.000231001127394848 0.000166808807625785 0.000134343924219138 0.000129332968572271 0.000191299945072387 0.000327588686195668 0.000802945040049963 0.00168341142125428 0.000862708181375638 0.000652609148528427 0.000752308510709554 0.000613733538193628 0.000374163847300224 0.00029360675252974 0.00173055418417789 0.00129142079968005 0.000566526208422147 0.000881990385823883 0.000184634207107592
0.000618304780800827 0.000105773176073853 0.000423450841481099 0.000532075471710414 0.00110729226144031 0.000947962189093232 0.000970708325621672 0.000254248134297086 0.000450701563386247 2.56018636719091e-05 2.02576828769452e-05 0.000136970023959293 0.000181402024099953 6.78209747093206e-05 4.0978454217111e-05 3.8758793107263e-05 3.54769654677511e-05 3.02062093851418e-05 4.75755916340859e-05 9.53796316025546e-05 0.000128783089166973 0.000196261208475335 0.000471077658585273 0.000726980462786742 0.00102282688894775 0.0020120318280533 0.00116952262178529 0.00032540737229283 0.000198640004964545 0.000150625520473113 0.000290166574268369 0.000371436486602761 0.00043911381799262 0.000922219463973306 0.00115340040938463 0.000747234839946032 0.00080061455082614 0.000329335384594742 8.15178416814888e-05 3.51847979800368e-05 7.64347458243719e-05 0.000122550926971599 3.58123549631273e-05 1.36730817985153e-05 6.84300543980498e-06
4.82069238387339e-05 0.00065213586203754 0.000778949023515452 5.8194891698804e-05 4.52497633887106e-05 9.59963077548309e-05 6.17122866060527e-05 5.3824597671337e-05 5.94162033848988e-05 1.34140115051196e-05 2.49965425155096e-05 7.09331565303728e-05 5.81509166295291e-05 2.60056523529784e-05 2.62858901351137e-05 2.46132997745008e-05 5.55522244212625e-05 6.99611411619117e-05 0.000134072627770365 0.00013261480780784 0.000156344956849352 0.000167689828231232 0.000188932198580005 0.000474798039067537 0.000424054155882914 0.000732572362176143 0.00189220932661556 0.00199136816663668 0.000534093796159141 0.000279582239454612 0.000308999293338275 0.000602522942062933 0.000412178052647505 0.000329280446021585 0.000365394598338753 0.00057281182234874 0.000318204669019906 8.6892951730988e-05 0.000100594519972219 3.63176093742368e-05 1.63101205316707e-05 1.10229760366565e-05 5.24133246244673e-06 5.0321659216479e-06 7.99005191538527e-06
7.09331348843989e-05 0.000838289406965487 0.00356401001336053 0.00201428845757619 0.000303765086573549 3.0671617059852e-05 2.5288453025496e-05 3.31860730057087e-05 1.53266485540371e-05 2.96848112611769e-05 8.01541575128795e-05 4.27861577009025e-05 2.29334327286779e-05 2.05682714067734e-05 2.7377771675674e-05 1.84558723958617e-05 1.91736206716087e-05 1.84997820952049e-05 2.04960115752328e-05 4.27914249485184e-05 7.90981863246998e-05 9.41919670367497e-05 4.04148969209928e-05 0.000161057485092897 0.000582033113460056 0.000522753290715627 0.00088969748467207 0.00177537774434313 0.00136999965179712 0.000488028778636362 0.000180575494960067 0.000210329573019408 0.000343782070558518 0.000196275032067206 0.000404476824041922 0.000556728646915872 0.000582260559895076 0.00026215616526315 0.000488301012956072 0.000185489996147226 2.06586322292424e-05 1.29733338553706e-05 1.01831761753601e-05 4.83575656176072e-06 4.22121037217948e-06
1.61166528641843e-05 5.69633245504519e-05 0.000431916008528788 0.000202264633844607 9.93412622847245e-05 2.32472926654737e-05 8.76900597859276e-06 9.46865665127916e-06 9.49545849380229e-06 8.09904648122028e-05 0.000500476942397654 0.000105007115053013 0.000105411070398986 7.40004783438053e-05 2.15621455481596e-05 1.49692076547581e-05 1.83210369868902e-05 2.11568895338132e-05 4.06516610382823e-05 0.00013580158665718 6.76824778565788e-05 0.000140201609974611 0.000217763818363892 0.000192343657909078 0.000330148902867222 0.000385876101790927 0.000679507153108716 0.00211942343739793 0.00275669082766399 0.00148079612990841 0.000267553207231685 7.12255789039773e-05 0.000148029511910863 0.000334295619541081 0.000283732515526935 0.000358278166095261 0.000419957628764678 0.000534388958476484 0.00101019228459336 0.000760716089280322 0.000119851248018676 3.1431450315722e-05 1.35220670927083e-05 8.44405502675727e-06 3.77263584141474e-06
7.32166912712273e-05 2.71062711362902e-05 1.68231490988546e-05 9.26123628232744e-05 5.20783960382687e-05 1.00885186611777e-05 6.91510088017822e-06 1.41642684866383e-05 1.97030755771266e-05 9.35609999942244e-05 0.000522193968936335 0.000152329722914146 0.00024045430473052 0.000134112782689044 4.0539513429394e-05 2.71923575382971e-05 2.33455821216921e-05 3.12553548155847e-05 2.26649296109827e-05 2.37979356825235e-05 5.33967759110965e-05 5.95764622630668e-05 0.000163154352048878 0.00024973648469313 0.000338075168110663 0.00054524651641259 0.000808963208692148 0.000993142311926931 0.00123210372403264 0.00130121382535435 0.000537881618947722 0.000132176056285971 0.000178524596412899 0.000150179071351886 0.000198776612523943 0.00023608741685166 0.000460836903948802 0.000714299626997672 0.000845797633519396 0.000329458879423328 0.000120574625543668 8.03209351943224e-05 1.58740112965461e-05 4.38510134586068e-06 2.54144317182181e-06
