Maxent_result_files_1/Bombus_veteranus_2.asc
NCOLS 594 
NROWS 330 
XLLCORNER -15 
YLLCORNER 23 
CELLSIZE 0.166666666666667 
NODATA_value -9999 
[rows 252 to 272 of 330, columns 460 to 505 of 594]
9.8733336017176e-06 1.10393470095005e-05 8.75820019246021e-06 8.05326137651718e-06 5.22592263223487e-06 3.13955454203096e-06 1.11863763777365e-05 2.60012074249971e-05 2.06731117032177e-05 5.86393746289104e-06 6.14502739608724e-06 7.81100625317777e-06 1.01378779163497e-05 1.4042577777218e-05 2.40671160099737e-05 2.74012967565795e-05 4.14464180721552e-05 3.55087247953634e-05 0.000149100070120767 0.000212240673863562 0.000465422484558076 0.000686458908603527 0.00233740817056969 0.00186289539560676 0.00182864858070388 0.00267384228063747 0.000469341210555285 0.000179085566560389 0.000593398709315807 0.000177125785558019 0.000449463265249506 0.000550823207595386 0.000689247704576701 0.000420181945082732 0.000296955715020886 0.00360108960885555 0.00338506592670456 0.00395446931943297 0.0019699509430211 0.00400115946540609 0.000754772481741384 6.97887367095973e-06 1.66560659181414e-05 0.000188748876826139 0.000636237280559726 0.00335479691857472
4.53504927691029e-06 2.49949958970319e-06 1.06027641322726e-05 7.77962914071395e-06 6.40756900338602e-06 5.35868659881089e-06 6.63386547330447e-06 5.02804368807119e-06 3.70170927453728e-05 1.7882694646687e-05 5.00412743349443e-06 8.91251092980383e-06 2.33362159633543e-05 3.42258172167931e-05 0.000156038830027683 0.000160809709632304 0.000481362848950084 0.000388996185210999 0.000693481581402011 0.00132906181970611 0.00211910312063992 0.000952030610642396 0.00243472253205255 0.00289214956574142 0.00330704405205324 0.00303604321088642 0.00239561443449929 0.00268536471994594 0.00436954465694725 0.00675967952702194 0.00281841977266595 0.00122771948226728 0.00116480580763891 0.00122845435980707 0.00151544956024736 0.00312846446176991 0.00145202611456625 0.00112801057111938 0.00546665096189827 0.0117160238558426 0.00279939039610326 9.71384612057591e-05 7.60188908316195e-05 0.000592848841915838 0.00115508456074167 0.00383905885973945
5.78621929889778e-06 4.94804328354803e-06 1.31650805542449e-05 1.72320389992819e-05 7.85770232596405e-06 9.15960176826047e-06 8.34480822504702e-06 7.67575718327862e-06 6.44017870854441e-06 7.9222098520404e-06 1.29844461298489e-05 3.70572197425645e-05 0.000239264853007626 0.000719325302634388 0.00179083362454548 0.00319033596897498 0.00542694460600615 0.00445488987024874 0.00671472421381623 0.00397389642894268 0.00304952507140115 0.00495632062666118 0.0021029879048001 0.00333993048407137 0.00693074475275353 0.00730334338732064 0.00318466594908386 0.00178333708900027 0.00501913410844281 0.00198755574529059 0.00255223899148405 0.00256273524137214 0.00284010751638561 0.00729478620924056 0.00557134211994708 0.00847938747610897 0.00690966830588877 0.00200028051040135 0.00618458483368158 0.0110938801197335 0.000246948646963574 4.62759318907047e-05 6.46593887722702e-05 0.000342479444225319 0.00220133815309964 0.0093319330830127
1.41284592700686e-05 6.62252091387927e-06 7.41207322789705e-06 1.17488106297969e-05 1.03696010683052e-05 1.02369131582236e-05 1.32725482671958e-05 1.02541912383458e-05 2.33071585171274e-05 7.74386800912907e-05 3.6788545003219e-05 0.000888537053833716 0.00834359270520508 0.00754520057234913 0.0070980139542371 0.00346002897713333 0.00390291465446353 0.00696771261282265 0.00544457898940891 0.00282659428194165 0.00696547701954842 0.00721157125663012 0.00721178301610053 0.00210409851861186 0.00402116746408865 0.00389385459711775 0.00396588346920908 0.00441320394165814 0.00569793889299035 0.00728350761346519 0.00583916087634861 0.00478468084475026 0.0249915761873126 0.00535052246414125 0.00539822427090257 0.007644591643475 0.00545043935999274 0.00358196306042373 0.0052335174754262 0.000295547170389909 0.00163287151954137 0.0103029443183914 0.00390858786413446 0.00816839049803093 0.00367370063904673 0.0026292702765204
6.39850511561235e-06 1.43488442517992e-05 1.81061763214529e-05 1.99354146388941e-05 1.66935221841413e-05 1.67141772180912e-05 1.88258564776334e-05 1.40538830237347e-05 2.06618797164992e-05 3.63681232556701e-05 2.06111295483424e-05 7.85222557169618e-05 0.000242870341753587 0.000582718703662977 0.00223978197318502 0.00271200313000008 0.00200479369959794 0.00106285053770989 0.00156395297963172 0.00143399272928946 0.0020160130399745 0.0041011439403519 0.00353825999191031 0.00356742209987715 0.00654843881493434 0.00384834142168984 0.00461571069899946 0.00526667810045183 0.00433061344083399 0.00403910112800077 0.00690011417027563 0.0103584075346589 0.014779616612941 0.0077720244647935 0.00528716742992401 0.0041995374718681 0.00374670303426683 0.000462974558467977 0.000534803752088919 0.00602404187666252 0.00773393608396873 0.00438300798414275 0.00205101206956897 0.00414875303395093 0.00398938910802826 0.0268289447762072
1.33858909521223e-05 1.66336819802382e-05 1.83229186404787e-05 2.0876816870441e-05 2.04264308194979e-05 1.70177579093433e-05 2.8717442364723e-05 4.30557880463311e-05 2.58558942732634e-05 3.27287541040278e-05 5.25951762028853e-05 0.000535816664341837 0.000542634725570679 0.000571539709926583 0.000633091558120213 0.00131979614961892 0.00203478077892214 0.00296507913153619 0.00141007162746973 0.00147459822474048 0.00175351102952845 0.00531424174550921 0.00516785071231425 0.00457993044983596 0.00374125022208318 0.00643970196833834 0.00675357283325866 0.00629149391315877 0.0126849308609962 0.00499115393031388 0.0040950043243356 0.00431649648817256 0.00891026528552175 0.00541518160607666 0.00435032722307369 0.00348340928321704 0.00370845386059955 0.00847990207839757 0.0101924142567441 0.00380064164055511 0.00601001790491864 0.00339657339500263 0.0114797736518085 0.00946199863683432 0.00149686127551831 0.000589341462182347
7.72371982748154e-05 7.20829306374071e-05 8.57205224747304e-05 6.92595593136502e-05 6.92806172082783e-05 5.98246657318668e-05 0.000201855167688336 0.000176769635436358 0.000221025542850839 0.000129129373817705 9.40842746786075e-05 0.000197271448269021 0.000280306312197354 0.000269351978204213 0.000639470078749582 0.00239560350310057 0.0025180023862049 0.00305739910108969 0.00606835040962324 0.00340757553931326 0.00351823179516941 0.00532757099717855 0.00223950785584748 0.00450287123676389 0.00364247529068962 0.00613615426700562 0.00625694597838447 0.00654700821032748 0.00466479870956391 0.00779629566241056 0.00490129389800131 0.00716516862157732 0.0044844159623608 0.00396798923611641 0.00737849760334939 0.00440987321780995 0.00265594469965436 0.00499611328123137 0.00426457352004945 0.0111640188377351 0.0114138010889292 0.00271147990133613 0.00159047856577672 0.0101543642580509 0.00417454831767827 9.4076453751768e-05
8.21107318188297e-05 0.000160572662571212 0.000314310673275031 0.000541519135003909 0.000609320041257888 0.000851749605499208 0.000999419539584778 0.00195157513371669 0.00197989383013919 0.00365250543691218 0.00085828096489422 0.00195919417310506 0.000908762650215067 0.0038715704693459 0.00240401040064171 0.00230366776813753 0.00118921539688017 0.00169625956914388 0.00323603702709079 0.0056243653758429 0.00299152349471115 0.00349796985974535 0.00320922849932685 0.00318261174252257 0.00438271057792008 0.0045844720909372 0.0039080856484361 0.0168501578271389 0.00728033964987844 0.00673151093069464 0.0316593045368791 0.0213128978386521 0.0168331749737263 0.00352013607043773 0.00531490084249526 0.00733271474018693 0.0113502220716327 0.00381759883603081 0.00969445742666721 0.00453800337854773 0.00701712765730917 0.0088388814823702 0.0284495431929827 0.00526619027368724 0.00036047577887075 0.000146383779792814
1.98963431103039e-05 3.5283410034026e-05 5.40122353413608e-05 0.000248577215825208 0.000306016588001512 0.00215082358336076 0.00182987898588181 0.00293651580577716 0.00273338746046647 0.00221414968254976 0.00287306578829885 0.00279028710210696 0.00235257765743881 0.00239738480886444 0.00211787316366099 0.00508835923392326 0.00492714849533513 0.00512978272745386 0.00500359425786883 0.00105948324489873 0.00150121818878688 0.00119198866304941 0.0018318633956369 0.00426895923446864 0.00363853659946471 0.00557744305115193 0.00535615728003904 0.00289968389552087 0.004780761920847 0.0036567781236954 0.00613999294582754 0.00346445605391636 0.00380701855756342 0.00377947791712359 0.00654941804241389 0.00756597868166864 0.00772668139543384 0.00352897007251158 0.0082037091255188 0.00521604215027764 0.0168895713519305 0.0413545414805412 0.059672437235713 0.0151769282761961 0.000881593269878067 0.000428681795892771
5.94106215885404e-06 1.30236019685981e-05 2.80844984445139e-05 7.18213444997673e-05 3.6678266042145e-05 8.28631149488501e-05 0.00123889645910822 0.00279021044261754 0.00131984905456193 0.000468958729470614 0.0008680807572091 0.00298858343157917 0.00203543961979449 0.00186915447702631 0.00410905614262447 0.00452347920509055 0.00470431889407337 0.00486547697801143 0.0050906757125631 0.00107048108475283 0.00220197004964575 0.00126056771550793 0.00119896368996706 0.00552337821573019 0.00568670472130179 0.0054994476493448 0.00539917771238834 0.00537607579026371 0.00555525523377582 0.0054997008992359 0.00544183179736137 0.00550394270103425 0.0050767389126122 0.0057939616846852 0.00535691629629582 0.00545217723120004 0.00239679146907292 0.00252998918294907 0.00366668631322682 0.00860276585444808 0.00787606739904731 0.0215820108540356 0.00275577802676708 0.00390155694913119 0.00101913788821548 0.000550445730914362
1.42504825817014e-05 6.46123874048499e-06 9.41632672038395e-05 0.00013086733451928 2.58289978773973e-05 2.11885649150645e-05 0.000100675026260433 0.00010416249424452 0.000120088415133068 0.00118355812737718 0.00157704405137338 0.00138619050267152 0.00368635923368856 0.00359720458509401 0.00392471282975748 0.0046349682379514 0.00451759315328673 0.00459058430278674 0.00246294297976419 0.00459491458022967 0.00470652745570987 0.00487885099137202 0.00524361478164792 0.00540801718598232 0.00303402098361403 0.00287540520075709 0.00297827375470661 0.00563884737202898 0.00557576082646847 0.00291578308097087 0.00513610555790365 0.00278120813309215 0.00307736637769267 0.00297225083922967 0.00502199581824243 0.00575268301181495 0.00342408971628174 0.00337619623169303 0.00551525682676584 0.0136835975106806 0.00354538256069645 0.0199358948506415 0.00253712984267622 0.0041064469027333 0.000305093728820793 0.000872950634220615
9.88022709407232e-06 7.14393331691099e-06 1.23929125493305e-05 2.3650375987927e-05 5.58366380573716e-05 0.000346513454132946 0.00147066965582781 0.00153079205774702 0.00125943049206398 0.00140573212411255 0.00149261330952868 0.00320081725949422 0.00372201532591134 0.00407734594773501 0.004019013652578 0.00387717746198177 0.00402646822622046 0.004126397438813 0.0024263016297482 0.0013817906845361 0.00463289865292609 0.00270633883774281 0.00504037680802867 0.00537712518125772 0.00550183586310595 0.00305239143199287 0.00307547399424948 0.00507160042179748 0.00518915274878964 0.00554515436524525 0.00518492567352951 0.00453201361233369 0.0029451415524818 0.0047505640075542 0.00297992113046348 0.0032399220392108 0.0057454997790046 0.0029761912766844 0.0147378587629646 0.00446691340766847 0.00290796339977533 0.00322084344225004 0.000967640231829137 0.000490043696481734 0.000258575232146541 0.00119577245786786
6.54238017432363e-06 1.39030455102329e-05 4.61748113593785e-05 0.000155084896323388 0.000219462881068466 0.000954290170921013 0.00109670297533739 0.000843622899265029 0.00146532270009629 0.00122168580128346 0.000746859546052292 0.000866547564510256 0.00165226611425169 0.000837737924302928 0.00236188615090214 0.00242108011152595 0.00250579235726036 0.00222916977363639 0.00261797498678789 0.00295935774920508 0.00262074210913852 0.00418633590452373 0.00290015822974965 0.00548898498527706 0.00468046080786735 0.00554829415632412 0.00560129196383059 0.00233195972396061 0.00513912690803409 0.00464839204214513 0.00326596703380346 0.00587724659126252 0.00245515544665977 0.00516303346958011 0.00290627506328747 0.0057648972608149 0.00421527731232345 0.00145716466067825 0.00717051993124187 0.00182879810454324 0.00559066324494779 0.0108105186838657 0.0020523976709228 0.000729877172852866 0.000787152445991524 0.00309962539467961
4.92232845772378e-06 8.07740370873944e-06 4.24136347646709e-05 2.734180097832e-05 6.81280072967638e-05 0.000593986605235841 0.000966396025614813 0.00165813427884132 0.00147468888899311 0.000893287031794898 0.00118029862060212 0.00159506150521338 0.00140947453910485 0.00163783742173109 0.00139842370990664 0.000758814073924441 0.00330968155758455 0.00414900913601741 0.0123667638283223 0.00461220000870526 0.0129171711392701 0.0027800599928014 0.00192081647110172 0.00393868468236178 0.00151854360592552 0.00557610276155174 0.00158001101226546 0.00103243503835984 0.00444378424435854 0.000922036985866725 0.000616658464423381 0.000882231487776153 0.00342269112588838 0.00543223797576502 0.00534388598753139 0.00394132654182613 0.00435226132394746 0.00359577621566132 0.00726997242309153 0.00323918975191191 0.00520107035990804 0.00193839111598209 0.00498587978072465 0.00223235029261559 0.00265463480027393 0.00798892735037953
1.6799926584099e-06 2.88676230866258e-06 6.61216217849869e-06 3.84874040264549e-06 1.10488438622269e-05 0.000124017323469161 0.000472089374670759 0.000569465289299842 0.00137831790489145 0.00140730958082713 0.00135655723279342 0.000545698263158556 0.000595653790514916 0.000467234532698058 0.000779876066371799 0.000713522627484053 0.00279520254116505 0.00360830638092011 0.0135845811106265 0.00452705083880574 0.00128440241096541 0.00176281133899465 0.000749422205262817 0.00051322866929695 0.00148916363250464 0.00229516595718451 0.00199400248820893 0.000283387183299055 0.000707067141775042 0.00129683402483352 0.00104411168140359 0.003301469120197 0.00415979874087498 0.00553595898672938 0.00309433989459649 0.00323194219963625 0.0163553235121071 0.00595406307838857 0.00180422498960979 0.00325071197003126 0.0042763848323375 0.000909631894319318 0.00129680830868892 0.00170010381261818 0.0015859586186707 0.00348729711258784
1.11434994209958e-06 1.49738025925217e-06 1.0159431582224e-06 7.86399459684617e-07 1.05379614012691e-06 2.9957552783344e-06 3.41811281941773e-05 0.000117086554746493 0.000163393258480937 5.74065030377824e-05 7.56957439079997e-05 0.000360767119855154 0.00072483385738451 0.000841634700191207 0.000521797902183607 0.000734481064137071 0.00354412582237273 0.00441847833571956 0.000925586262019351 0.000870404473971575 0.000661090257926844 0.00152044034912251 0.00128268275002483 0.000650028488598764 0.000425096227263566 0.00307590517913923 0.000836338449153118 0.000204666590434499 0.00100146599579602 0.00162433517398313 0.0020048133621458 0.00129529628320597 0.00573075448628515 0.00130861298821401 0.00325742801651359 0.00588379678083584 0.00335813894635066 0.00162262688681949 0.00277896139305085 0.00279178939526901 0.00591826785821468 0.00206598686636426 0.000451476752641611 0.000553817593026906 0.00097921165288426 0.00738630942068994
8.29204458341337e-07 1.54179645619479e-06 1.12918121715211e-06 1.08656970496668e-06 9.43044693713091e-07 3.09235823579002e-06 1.5352000718849e-05 2.90920892211943e-06 9.22780227483599e-06 4.51256361202468e-06 1.46596323702397e-05 3.74468160771357e-05 1.1971826734225e-05 3.92403344449122e-05 0.000322886735375505 0.000504697690485045 0.00139887652476318 0.00183871612534858 0.000890826195245609 0.00161073685740121 0.00106947194726672 0.000770693368394859 0.000657284448971041 0.000102041355421534 0.000420888194639701 0.00152233229600824 0.000165850619669072 0.000749385493691079 0.0010195986891631 0.00130224533495493 0.00174634007271379 0.00188319197623059 0.00209382801549509 0.00402361812302843 0.00310249422909692 0.00228156218072399 0.00221699848771095 0.000900740412180312 0.000620460321079008 0.00188313137623481 0.00234964742558077 0.000979914987692609 0.000373240695626009 0.000249688024632633 0.00212656274670735 0.0106995411217213
8.75221422802497e-07 5.81889445072648e-07 2.41422196012309e-07 1.20442950048982e-06 1.77228973257115e-06 8.02975137048634e-07 1.04221726644482e-06 6.36305344414723e-06 1.05459494761817e-05 1.27105937735905e-05 1.77675004238154e-06 1.41953892580204e-05 0.000231650322530186 0.000900974284741096 0.000736276555107906 0.000957470096182078 0.000881258584558964 0.00159476998960599 0.000789292159606703 4.19925278038136e-05 0.000123835644262726 0.00116098309517838 6.90954337187577e-05 1.0754320783235e-05 0.0002159508621844 0.000272506867622724 0.000725918146781623 0.000996395698166452 0.00116426498570945 0.00131759495125152 0.00107516760763247 0.00154563341056928 0.00112411243026145 0.00150973981944844 0.00198987640324049 0.00201551413047127 0.0023847921169363 0.00147884228499606 0.00421089542796835 0.00370724633103237 0.000583321720478125 0.000769660936202854 0.000487039375002496 0.000741015246603638 0.00251772354822606 0.00411408285144717
1.64657888745978e-07 1.99375466536367e-07 3.57650212379212e-07 3.92932103920884e-07 2.1940198493553e-07 3.35970554488085e-07 1.49394349335807e-07 2.08580899396793e-07 3.24411003305158e-07 7.26133123407635e-07 6.67944988208546e-07 6.7296373345016e-05 0.000434205454075709 0.00138297317898832 0.000788021218613721 0.000443193934916053 0.000583360117161646 0.000321244950464461 9.97751403701841e-06 4.45903509898926e-05 0.000912624981720001 0.00171275946195237 8.32863365758385e-06 5.66602766411961e-06 0.000106295338264317 0.00212782106245868 0.000883056031307206 0.000934208204853348 0.000694622655282728 0.0015718660375569 0.0021515847009141 0.00112735127040651 0.00119391474290751 0.000530073390109465 0.00138896036660299 0.00261036517331377 0.00158118839026429 0.000727450303384103 0.00033104784815805 0.000328570119745564 0.00038307044596877 0.000464512890903279 0.000681484313099645 0.00169804728939198 0.00434433505870402 0.00279728927416727
2.58879246217703e-07 3.81324935005978e-07 3.69289728041622e-07 2.30705019532707e-07 6.22315722864641e-07 2.37941546998854e-07 2.34908118557087e-07 3.46840682396987e-07 2.85799522714569e-07 4.42167373648772e-07 8.82605135643644e-07 5.03296107581264e-06 1.68621971624816e-05 0.000352160668990109 0.000532630090310704 0.000370171642134665 0.000227950580301695 4.90274048843276e-06 1.55230893597036e-06 2.52327527050511e-05 0.00034770435304381 0.000248719800583785 6.26903092779685e-06 6.1209656223582e-06 7.43919861633913e-05 3.80198662242037e-05 2.93703713396098e-05 0.000337197461340111 0.00209038769244216 0.0012516867427621 0.00133017781772651 0.00124886896228418 0.000787850352935493 0.000179841987119289 0.000461151762283407 0.00118362782523036 0.000706759130116552 0.000445275491802022 0.00168317815987393 0.000157081351790112 0.000702868975349702 0.000224054326827172 0.00139784421189688 0.00110249709105119 0.00205388885224238 0.000328254165651742
4.87325141307338e-07 5.4428731743883e-07 1.36302525177712e-07 7.60874954153223e-07 3.03240983612341e-07 5.00034376216263e-07 3.66026557685473e-07 4.29185827499623e-07 3.20997860825401e-07 5.12355100568129e-07 1.52963717141574e-06 2.13991902455746e-06 8.12385931112658e-06 1.44490556976962e-05 1.64677039720118e-05 4.83708148749429e-05 5.61909930638649e-06 1.64612475259673e-06 6.89223156769003e-07 4.17077251313458e-06 1.94073089915037e-05 7.62148840749433e-06 1.75367505903523e-06 6.19350394117646e-06 5.78268031858897e-06 9.92832856354653e-06 5.34297712874832e-05 0.00168781210668385 0.00138237188220955 0.00100863299448974 0.000488472991855815 0.000223450831254013 8.1279338337481e-05 0.0002441733777232 0.000983580914908089 0.000694423922686838 0.000508922977314796 0.00121808071271516 0.00174711162690073 0.000641472218558192 0.000419258326292038 0.0003407336116652 0.000182971447793534 5.46747678527026e-05 0.00121135010849684 0.000623638651450165
