Maxent_result_files_1/Bombus_veteranus_3.asc
NCOLS 594 
NROWS 330 
XLLCORNER -15 
YLLCORNER 23 
CELLSIZE 0.166666666666667 
NODATA_value -9999 
[rows 260 to 279 of 330, columns 282 to 328 of 594]
-9999 -9999 -9999 -9999 -9999 -9999 -9999 -9999 -9999 -9999 -9999 -9999 -9999 -9999 -9999 -9999 -9999 -9999 -9999 -9999 -9999 -9999 -9999 -9999 3.27319934712023e-07 9.03106233351991e-08 6.57837556445884e-06 4.14527919474494e-06 8.50473225000314e-07 3.03480749153096e-07 1.67864450162369e-07 2.23249851671881e-07 5.86426119753014e-07 1.02062605833453e-06 4.02385175846121e-07 2.83646377852165e-07 2.27216131776231e-07 2.47462280356103e-07 9.23995649770859e-08 8.78557013805903e-08 1.0416943467817e-07 6.6463621095636e-08 5.71518850023267e-08 5.27285775930864e-08 4.92264366158679e-08 4.50774486182581e-08 4.41124164751727e-08
-9999 -9999 -9999 -9999 -9999 -9999 -9999 -9999 -9999 -9999 -9999 -9999 -9999 -9999 -9999 -9999 -9999 -9999 -9999 -9999 -9999 -9999 -9999 6.42730490199028e-06 3.38660645979871e-06 0.00170638239942491 1.82213431969558e-06 1.43637493010829e-06 5.23590814793806e-07 3.50279543681609e-07 6.39378514222244e-07 1.22021392598981e-06 5.85313873102678e-07 4.08524719830439e-07 3.44790772999204e-07 3.71133521070988e-07 2.46715412544063e-07 8.97777240993491e-08 7.53728363278583e-08 9.65963266708059e-08 1.01021201359686e-07 9.76272694686031e-08 8.46239387897185e-08 8.50308815358858e-08 7.99588228517223e-08 6.07145702602452e-08 5.48928486665545e-08
-9999 -9999 -9999 -9999 -9999 -9999 -9999 -9999 -9999 -9999 -9999 -9999 -9999 -9999 -9999 -9999 -9999 -9999 -9999 -9999 -9999 -9999 2.13407838067781e-09 6.74365110171493e-06 0.00352095951675437 0.000150528124140692 4.83109888591571e-06 5.27688122019754e-05 5.53889278762654e-06 1.27992348552652e-05 4.68848684249679e-06 1.64616268989448e-06 1.02683496834288e-06 9.58966688813234e-07 1.34994053837545e-06 6.88832170681053e-07 3.11513512230022e-07 1.33958797832179e-07 1.13548546565312e-07 1.32137326502857e-07 1.4288696625897e-07 1.62658894709011e-07 1.25215990465222e-07 1.56829538155989e-07 1.31717366613771e-07 4.87905102986019e-08 6.83059427686317e-08
-9999 -9999 -9999 -9999 -9999 -9999 -9999 -9999 -9999 -9999 -9999 -9999 -9999 -9999 -9999 -9999 -9999 -9999 -9999 -9999 -9999 -9999 3.7197674700451e-07 0.000571110338205472 2.60094605437189e-05 1.70893395079474e-05 0.00175575386674609 0.000841098047385458 0.000107203098741593 2.61825742200017e-05 3.76562575183925e-06 2.56831997376139e-06 4.0734166987022e-06 2.08718638532446e-06 1.3447750461637e-06 7.24299559351493e-07 3.44379968453268e-07 2.28170031135733e-07 1.81450934633176e-07 2.13849264696364e-07 2.86721464703987e-07 3.26896955016309e-07 3.01778285916043e-07 1.50141522325953e-07 2.6886717474639e-08 1.04602043471402e-08 8.05764928557551e-08
-9999 -9999 -9999 -9999 -9999 -9999 -9999 -9999 -9999 -9999 -9999 -9999 -9999 -9999 -9999 -9999 -9999 -9999 -9999 -9999 -9999 0.00569362640380859 1.89073035926413e-05 0.00133982349361759 0.000126544376689708 0.00078495502093574 0.00134863284765743 0.000138552781209 1.74161241375259e-05 2.54121470106838e-06 2.76943924291118e-06 2.54985056926671e-06 2.37615785181333e-06 2.48507570859147e-06 1.7043308389475e-06 9.81860716819938e-07 5.84744935849812e-07 4.19713559551838e-07 3.89880014495247e-07 3.55547939534517e-07 3.19573385354488e-07 3.22743385083868e-07 2.59633844734708e-07 3.98765697795511e-08 2.38521885798093e-08 2.83357509900384e-08 7.96180939843794e-08
-9999 -9999 -9999 -9999 -9999 -9999 -9999 -9999 -9999 -9999 -9999 -9999 -9999 -9999 -9999 -9999 -9999 -9999 -9999 -9999 -9999 2.96307125324802e-07 2.92067806185514e-05 4.89137921249494e-05 0.000171486948966049 0.000705526828824077 9.91976260138472e-06 4.53509451290302e-06 2.80210199434805e-06 2.29301897434198e-06 1.26144843761722e-06 1.18643408200114e-06 1.04517480963295e-06 1.05527609548517e-06 1.0394327944141e-06 9.98560057041686e-07 7.53395397623535e-07 5.94606029835632e-07 4.94903218850595e-07 3.97373028704351e-07 2.0907644184831e-07 2.9396585254915e-08 6.89060859926371e-08 5.34900598481158e-08 7.64704907396663e-08 2.20112559290442e-08 1.19226278272322e-07
-9999 -9999 -9999 -9999 -9999 -9999 -9999 -9999 -9999 -9999 -9999 -9999 -9999 -9999 -9999 -9999 -9999 -9999 -9999 -9999 1.43917472769317e-05 4.06976342759435e-07 9.16432622034336e-05 9.45061072343378e-05 3.70349093259392e-06 7.18241407184905e-06 6.92735868597083e-06 7.76963190673996e-07 1.24787030699736e-06 9.14961756848243e-07 8.08422782938578e-07 7.27676075484851e-07 5.7795981547315e-07 5.9625540984598e-07 7.20716249702491e-07 7.68379715054834e-07 7.48865133459731e-07 6.42686651985969e-07 4.01488412649087e-07 2.96360782670035e-07 3.29395501097451e-08 3.10161020422584e-08 7.93613731175924e-08 3.30780009605292e-08 1.16885144230139e-08 1.78842187636974e-07 7.6715176966502e-08
-9999 -9999 -9999 -9999 -9999 -9999 -9999 -9999 -9999 -9999 -9999 -9999 -9999 -9999 -9999 -9999 -9999 -9999 -9999 -9999 1.37372787278878e-07 2.47898726968288e-07 6.54457729979185e-05 0.000193313403542561 1.43023366661055e-06 2.56791540209633e-06 3.3481081231912e-07 2.24118540614882e-07 6.5388586563131e-07 7.93329130033271e-07 9.02279316505883e-07 5.4804795581731e-07 4.16575142025977e-07 4.20806152590103e-07 5.26371340470178e-07 5.83418020028148e-07 3.14419368407926e-07 4.17461544088837e-07 3.29207802707288e-07 2.56328129921712e-07 1.30088357863656e-07 7.05602047901266e-08 8.17023904531311e-08 2.45551382782594e-08 1.33749711750397e-08 2.02418550543371e-07 1.51607662601805e-07
-9999 -9999 -9999 -9999 -9999 -9999 -9999 -9999 -9999 -9999 -9999 -9999 -9999 -9999 -9999 -9999 -9999 -9999 -9999 3.68465804513107e-05 7.89206481499605e-08 9.00488539912203e-07 2.46003743086476e-05 5.95581240304455e-05 3.30419377405633e-06 8.83617335745157e-08 3.77182269417631e-08 5.59095287400169e-08 3.0047687005208e-07 3.81264728233077e-08 3.41263580061479e-08 2.08064766304972e-08 7.81250733439265e-08 3.22280172326828e-07 3.80637119690164e-07 3.9834892078261e-07 4.57254169816679e-07 4.46910078721885e-07 2.39140817370753e-07 4.95267534006416e-07 2.53249818626955e-07 2.01805816146816e-07 2.81461883844258e-07 8.8193147540494e-08 2.35998555808692e-08 1.67167763720499e-07 1.75889108788851e-07
-9999 -9999 -9999 -9999 -9999 -9999 -9999 -9999 -9999 -9999 -9999 -9999 -9999 -9999 -9999 -9999 -9999 -9999 -9999 9.53931562630572e-09 1.41011104304312e-07 1.49060654166533e-06 3.0637523104815e-05 2.27176599082668e-05 4.02103975147838e-06 4.42068347261682e-08 2.72374391485641e-08 8.49110465495073e-08 6.16992245738857e-08 3.48947609474237e-08 4.90222196170009e-09 2.22501808977427e-08 5.50527373022192e-08 8.59348155302086e-08 1.61078275340287e-07 3.07434265778284e-07 3.32966955340908e-07 3.92376726665589e-07 4.32070125100381e-07 4.98348781263758e-07 3.74175355943862e-07 3.08812410310111e-07 2.04700147321546e-07 2.81127220169708e-08 2.87458148839903e-08 2.68684440385414e-07 1.25371781933836e-07
-9999 -9999 -9999 -9999 -9999 -9999 -9999 -9999 -9999 -9999 -9999 -9999 -9999 -9999 -9999 -9999 -9999 -9999 0.000403512350749224 5.74177727230563e-07 7.13514387129521e-08 1.24566365684586e-06 3.76227271772223e-06 8.02174870386807e-06 8.45343879518623e-06 6.10263425926405e-07 1.37325201343685e-07 3.88765907644029e-07 1.85062916813195e-07 2.64062725463532e-08 2.08242450838725e-08 6.25889509109356e-09 1.01534102903145e-08 1.40988293928501e-08 5.18796323234483e-08 2.17255826129303e-07 2.2942678583604e-07 3.04130132633418e-07 3.48703856900556e-07 3.86058388812671e-07 3.48076457612478e-07 2.6768891174811e-07 3.70921741321695e-08 2.8117437889108e-08 4.4013768540907e-08 1.44455263395571e-07 1.77930247602376e-07
-9999 -9999 -9999 -9999 -9999 -9999 -9999 -9999 -9999 -9999 -9999 -9999 -9999 -9999 -9999 -9999 -9999 -9999 3.38336604386313e-06 4.74947579505169e-06 7.38872227401544e-07 4.91648630429609e-07 7.42044211676784e-07 9.66728734397293e-07 4.74169470408015e-06 8.61870842072676e-07 3.38457026316519e-07 1.49917578710301e-05 2.49985313871548e-06 3.62293105737876e-08 9.63806257026079e-09 1.48887703499412e-08 1.32962458376795e-08 6.60246814998544e-09 7.30310928176436e-08 1.09638148160229e-07 1.62208068132941e-07 2.21802230271351e-07 2.86294540785548e-07 3.1678754908171e-07 2.95218963231036e-07 2.39709848415259e-07 2.1287632421263e-07 2.35886562904852e-07 1.81861200587718e-07 1.87783304994582e-07 1.07269766758122e-07
-9999 -9999 -9999 -9999 -9999 -9999 -9999 -9999 -9999 -9999 -9999 -9999 -9999 -9999 -9999 -9999 -9999 -9999 3.14871964945951e-07 3.2709237416384e-06 4.33903421281912e-07 7.47223856123469e-08 1.9098496920833e-06 2.24276745939278e-06 2.84735536126846e-07 1.44049657535561e-07 2.35253359548437e-07 1.10767397529798e-06 5.87677149610499e-07 1.54953007580616e-07 1.71058677445046e-08 8.01323207788585e-09 2.30037837667396e-08 1.02534331913873e-08 4.59004250163986e-09 1.86704311566643e-08 8.37561071165283e-08 1.33103581845262e-07 1.81588367809127e-07 6.16493714744593e-08 9.70608825312524e-08 2.65707033264562e-07 2.29167000753705e-07 2.2558038921261e-07 1.73980563999976e-07 1.29189299968857e-07 9.30557412459621e-08
-9999 -9999 -9999 -9999 -9999 -9999 -9999 -9999 -9999 -9999 -9999 -9999 -9999 -9999 -9999 -9999 -9999 6.10520521036051e-06 6.77960263146815e-06 4.77749216543089e-06 3.50392065939786e-07 2.56523999819791e-08 8.16928991298482e-06 1.87558670745602e-06 7.09440227453228e-08 1.61928371866793e-07 4.56400143455937e-08 1.64363626709019e-07 9.31605814713521e-08 2.45205283277983e-07 4.5490307520879e-08 5.06991143511826e-09 1.1638554830995e-08 1.77867138795307e-08 5.57019348423893e-09 3.35752387004007e-09 2.92811061619602e-08 8.2936513479126e-08 3.49826995815761e-08 5.56127728756905e-08 9.82012572592339e-08 2.50886983366172e-07 3.05651615661873e-07 2.16573319988811e-07 1.42238241451764e-07 4.18471437058088e-08 4.60192717710584e-08
-9999 -9999 -9999 -9999 -9999 -9999 -9999 -9999 -9999 -9999 -9999 -9999 -9999 -9999 -9999 -9999 -9999 1.20999338378169e-05 2.59686366916867e-06 3.78192413336365e-05 4.05529369196245e-08 2.73373046422165e-10 1.81804922476658e-06 3.85090222465578e-07 2.29548066332796e-08 1.30936662401382e-07 2.57151270499634e-08 8.14422691064465e-08 2.10497352881589e-07 4.18235336496764e-07 8.8328272873639e-08 2.68106191469997e-08 2.47712592216232e-08 1.08668854181815e-07 4.29984071459444e-08 3.04975574794142e-09 3.92867541165742e-08 7.06977873576875e-08 4.59179178236013e-08 5.56644970117759e-08 1.07146954064774e-07 7.9927286833481e-08 5.940724392417e-08 2.76863418413598e-08 1.39727523773558e-07 9.50371873642553e-08 7.39180762820979e-08
-9999 -9999 -9999 -9999 -9999 -9999 -9999 -9999 -9999 -9999 -9999 -9999 -9999 -9999 -9999 -9999 -9999 6.83493189512774e-06 2.59417548136298e-06 2.69448369749625e-06 1.60531417048304e-09 7.01925739754472e-11 2.08678084163694e-06 1.14342403207957e-06 6.17231836486099e-07 1.98910798587804e-07 5.22341886188826e-08 4.56131222570377e-08 1.20316991036873e-08 1.22645704703217e-08 2.49261998597206e-08 3.22288656873226e-09 3.16010313472503e-09 7.92726599918581e-09 8.48621435345365e-09 4.08834041065731e-09 7.9935695396216e-09 2.49451403977474e-08 1.25646542770141e-07 2.15138427961392e-07 3.07119432818581e-07 1.47577856068892e-07 8.52479560720099e-08 4.42067737971286e-08 8.60916031797387e-08 7.03028968374042e-08 4.21453754562151e-08
-9999 -9999 -9999 -9999 -9999 -9999 -9999 -9999 -9999 -9999 -9999 -9999 -9999 -9999 -9999 -9999 1.06702197939512e-06 5.99067210487192e-06 1.87401230959949e-06 1.55763673035381e-06 1.04422215319033e-10 1.61468172166224e-11 1.27225499824135e-07 1.3968324066127e-05 1.6514948075752e-07 1.74222048343609e-07 4.04440399393025e-08 5.58041838294443e-09 3.17784869530158e-09 1.47019878493637e-09 4.40260748746368e-08 3.47242525844393e-09 3.07783585284938e-09 3.26909306291867e-09 5.47903367120739e-09 3.65687667924774e-09 7.94735088849308e-09 7.95737815195707e-08 1.14983599175389e-07 1.84854212648133e-07 1.32970276922606e-07 1.05830321928124e-07 4.46081549476673e-08 1.74474994008023e-08 5.45052198930307e-08 7.6072892341017e-08 6.34177547809145e-08
-9999 -9999 -9999 -9999 -9999 -9999 -9999 -9999 -9999 -9999 -9999 -9999 -9999 -9999 -9999 -9999 5.67199307397459e-06 8.04834705832036e-06 9.64465886710286e-08 4.66010700961306e-07 1.01498898175123e-10 5.3099746821772e-12 1.69841401831405e-08 6.83427844094808e-08 3.70591656917441e-07 1.50234993867571e-07 6.05622306082409e-08 3.25899133235552e-09 3.64958558929374e-09 1.89638160730254e-08 3.95140191677967e-08 3.3674681887419e-08 4.68212252968669e-08 6.8514480489057e-08 1.27778722713856e-07 8.89537878911995e-09 2.16235261918385e-09 4.49004165403721e-08 8.00499863728987e-08 1.29168740414798e-07 1.64147406422899e-07 8.16599120767592e-08 8.88932227383066e-08 1.23374436356016e-07 8.81930459328828e-08 6.49076078218513e-08 4.48741142022868e-08
-9999 -9999 -9999 -9999 -9999 -9999 -9999 -9999 -9999 -9999 -9999 -9999 -9999 -9999 -9999 1.10882736947815e-07 1.19686785637896e-06 4.90063422375897e-06 9.94758671595264e-06 9.91957046503345e-09 4.73968275738201e-10 1.01684739517438e-09 1.03494892877976e-08 9.25168775367524e-08 1.09622087940409e-07 1.63371763051146e-07 6.63567996994629e-08 3.88858967248495e-09 2.73694018559922e-09 2.26235679079423e-09 3.74406477376965e-08 2.63900890473678e-08 3.40447366298235e-08 4.1894390179209e-08 1.19955353738987e-07 1.47540687578385e-07 3.37025307217687e-08 3.1981138004511e-08 4.40375265142734e-08 7.38867083072137e-08 1.02869953977347e-07 8.82321391060259e-08 7.60775407115943e-08 8.2129043299517e-08 5.16051622767577e-08 4.60814449709801e-08 3.16441338910067e-08
-9999 -9999 -9999 -9999 -9999 -9999 -9999 -9999 -9999 -9999 -9999 -9999 -9999 -9999 1.92862863741539e-06 1.70562377377337e-07 6.69974895117775e-08 5.45090004244742e-08 6.88944011173476e-08 6.69769002481502e-09 1.87203930135382e-10 2.39079611663584e-10 7.37314928000998e-09 6.78802736686634e-08 1.20647321466549e-07 2.11655045134762e-07 1.29069137599913e-07 6.66128345816475e-09 3.64142522801814e-09 2.20732673250623e-09 4.81124653450848e-09 4.17524645079936e-08 3.28922689973865e-08 1.78537300499215e-08 4.22098612062882e-08 5.2344388734582e-08 4.16920038048829e-08 2.71770605131394e-08 2.14262184439207e-08 3.29257238362857e-08 6.22832082797231e-08 6.69511459605587e-08 5.60173607055958e-08 4.52170457521106e-08 3.84395239194646e-08 2.76750796501801e-08 2.1991264587129e-08
