Maxent_result_files_1/Bombus_mesomelas_2.asc
NCOLS 594 
NROWS 330 
XLLCORNER -15 
YLLCORNER 23 
CELLSIZE 0.166666666666667 
NODATA_value -9999 
[rows 100 to 119 of 330, columns 135 to 179 of 594]
0.0376260949298739 0.0861158132553101 0.752190843910853 0.529019331932068 0.175848310440779 0.611459112167358 0.271877180039883 0.0089649370405823 0.00369316691649146 0.00470692764502019 0.00283509256551042 0.00163970540743321 0.00139385593065526 0.00187313676578924 0.00186106068140361 0.00792567924945615 0.0582589884288609 0.0100463380338624 0.0058720916393213 0.00300344800343737 0.00223261119099334 0.00123481885821093 0.00142411478445865 0.000365058078386937 0.00166309281776194 0.0118808444123715 0.00334521366748959 0.00564126486424357 0.00182370580732822 0.00594156989827752 0.00243396495061461 0.00627130201319233 0.00844573883805424 0.0159930616151541 0.00157013739226386 0.00186544436437543 0.00130741156026488 0.000361006438470213 0.00131172893889016 0.000876200717175379 0.00119594159041299 0.000562598351098131 0.00195505830924958 0.000415495045308489 0.004441367223626
0.182227353006601 0.467811784148216 0.305821794271469 0.0733603246510029 0.597686952352524 0.535830718278885 0.00838446523994207 0.0166427878662944 0.00126681459369138 0.0172145465854555 0.00294795895460993 0.0041964081581682 0.000670943599834573 0.00315892426297069 0.00248660915531218 0.00163988129934296 0.0030923778685974 0.184756895899773 0.0583193620666862 0.0440788760781288 0.0235155661124736 0.000932262605056167 0.00141894352855161 0.000689912118832581 0.000337264337576926 0.000318375965071027 0.00333844267297536 0.00444946166244335 0.000569550143700326 0.00132651827007066 0.00143504399748053 0.000368005267228 0.00303770259779412 0.00689379095565528 0.0242319218814373 0.00137112694210373 0.00084483954415191 0.000469126357347704 0.000930277997395024 0.00037358961199061 0.00127416691102553 0.00104275562189287 0.0450990295503289 0.00134124965115916 0.000402179275988601
0.791373966329895 0.950731188058853 0.966010683774948 0.89043133854866 0.0307227533310652 0.0146886168979108 0.0875544168055058 0.0031032997299917 0.00105484562373022 0.00159603662323207 0.000996962805947987 0.00179284078185447 0.0010858252964681 0.0074252269230783 0.00904031519312412 0.0131144554819912 0.00208371979824733 0.0148454030510038 0.0919787716120481 0.077494989335537 0.126505036000162 0.130443144217134 0.0109637344023213 0.0119977353140712 0.00326971854665317 0.00133865959360264 0.00212075113668107 0.00261736405082047 0.00107493533723755 0.00369040012010373 0.00460884110070765 0.00107640155038098 0.00272450501652202 0.00270338013069704 0.00102093131572474 0.00319836965063587 0.000603368429437978 0.000162113016085641 0.00754845335613936 0.011625359673053 0.00180077558907215 0.00362890401738696 0.28486035130918 0.114585172012448 0.0287428581039421
0.794384655556252 0.975510913133621 0.511736038327217 0.0532122315838933 0.0184778878465295 0.0138397434726357 0.00262421244406141 0.00113000603741966 0.00320635284588207 0.00129794774984475 0.00174213668215089 0.00374888322548941 0.0051759509020485 0.0012752941052895 0.00131202473712619 0.00817598849534988 0.0206115253269672 0.0148292215075344 0.0278400083538145 0.139149505272508 0.306162947416306 0.572804042696953 0.0541847572661936 0.0189671260304749 0.00764502186793834 0.00953651780728251 0.0153119522612542 0.0153454233892262 0.00185278479475528 0.00388261314947158 0.00892243112903088 0.00312134327250533 0.00172863744082861 0.00267214749474078 0.00797730319900438 0.000852165400283411 0.000910455832490697 0.000533566343074199 0.00529761252109893 0.00171634053258458 0.00158216979762074 0.00280239379499108 0.00152701484912541 0.0289339681854472 0.0248588004615158
0.570178266639414 0.50271997150124 0.0592392652058844 0.0218899897431397 0.00383697487413883 0.0044530538842082 0.00202971962862648 0.00142071072768886 0.00199081429454964 0.00843004632042721 0.00120918780448847 0.0043133866158314 0.00258230251492932 0.00213746595545672 0.00301014356664382 0.0300983663648367 0.00916132515994832 0.0216200295835733 0.0817053461447358 0.103699921630323 0.038495416380465 0.125717395544052 0.108669309597462 0.0029599970439449 0.00286251422949135 0.0128153872443363 0.0176539161708206 0.00871854696888477 0.000811154389521107 0.00137120152649004 0.00699014583369717 0.000552904932555975 0.00164012068125885 0.00122770535817835 0.00253073303611018 0.00658283622469753 0.00229929496417753 0.00252622512634844 0.00348409585421905 0.00188682005391456 0.00520351388258859 0.00960282100131735 0.00032493171893293 0.00408441164181568 0.00490332870394923
0.0783023059368134 0.217341975867748 0.00595497533213347 0.00158746100496501 0.00643090137746185 0.00306446909671649 0.00136322713515256 0.00422097853152081 0.00184257443179376 0.00480513053480536 0.00173729075177107 0.00227361478027888 0.00243194750510156 0.00314871318987571 0.00970173408277333 0.0269060823135078 0.00226005352451466 0.255654031783342 0.0938770167529583 0.00637027824996039 0.00484623049851507 0.0648478861898184 0.270103593170643 0.00382984993048012 0.0866194304078817 0.0297871756367385 0.00236502619227394 0.00864249912556261 0.0100259086349979 0.00348992204526439 0.0187980082817376 0.00145622753771022 0.000946911128994543 0.000723533138807397 0.000782755803084001 0.00244424683623947 0.00874052757862955 0.0174593497533351 0.00315513909445144 0.00127034699544311 0.0052487957640551 0.000404584088391857 0.00284452416817658 0.0016726752568502 0.00265011739684269
0.210963618010283 0.0303680958226323 0.00509364122990519 0.00611538758967072 0.00699445912614465 0.00379515686072409 0.0113326014019549 0.0143844333477318 0.00370925170136616 0.00198076178203337 0.00199327315785922 0.0259322755038738 0.0507337944582105 0.00915674881543964 0.00133094958728179 0.00116331455792533 0.0017865960864583 0.254030590131879 0.0974066738039255 0.00115690634265775 0.0165988313732669 0.246269660443068 0.0674103293567896 0.0147092144936323 0.0549162553623319 0.0338000231422484 0.00277419758494943 0.00169725571176969 0.00267622679821216 0.00729807519819587 0.00236269676242955 0.00458775977604091 0.00182637160469312 0.00364324365509674 0.00271597890532576 0.00101262447715271 0.0019088672241196 0.00225071311870124 0.0438247999176383 0.00178404142789077 0.0101382392458618 0.00832980272825807 0.00331892917747609 0.00148587624134962 0.00315649238764308
0.0862692024558783 0.0112573768943548 0.0141025326214731 0.0169852273538709 0.0827632296830416 0.00550012539606541 0.00361151170218363 0.00745352506637573 0.00470911820884794 0.00741237751208246 0.0181756279431283 0.00254078168072738 0.0126500083133578 0.00951807333622128 0.00121577267127577 0.16282717436552 0.277196737378836 0.00731140552088618 0.0152962774038315 0.00628837725380436 0.00277538258233108 0.0407615878619254 0.101783917844295 0.378756703436375 0.000543983904935885 0.00303902603918686 0.00256294324644841 0.00923888755496591 0.00391332858707756 0.0114950647344813 0.00514103340683505 0.0025294627295807 0.00069485165149672 0.0648354073986411 0.00406118545215577 0.0136652407236397 0.00208131971012335 0.00143538939591963 0.00354793019359931 0.0023212432715809 0.00628809732152149 0.00189261866908055 0.00112642235326348 0.00155907254375052 0.0231584520079195
0.11052824370563 0.538654166460037 0.12551331743598 0.291549976170063 0.013466970063746 0.00290172898676246 0.0133335078135133 0.0173236083239317 0.0224763273261487 0.00911677447147667 0.0163262411952019 0.00357492348994128 0.00363296464784071 0.00115745704388246 0.00711066174553707 0.00684552893508226 0.162412989884615 0.0226129269693047 0.00772800866980106 0.0262601247988641 0.00225073350302409 0.311792659759521 0.036654532328248 0.00355157261365093 0.00465711144497618 0.00958518454572186 0.0109977075830102 0.00332582148257643 0.00814887412125245 0.00953573524020612 0.0140129846986383 0.0148255702573806 0.0347404696978629 0.0900005119852722 0.0241453810129315 0.00385844153352082 0.00207442711107433 0.00254551931284368 0.00198956656095106 0.00761171628255397 0.00823922669515014 0.00440219225129113 0.00399365031043999 0.00697897046338767 0.0171852975152433
0.0226482014171779 0.0339233823120594 0.447442346811295 0.00397689886740409 0.00253614718094468 0.0073325714096427 0.00869679311290383 0.0152841934002936 0.00921759032644331 0.00745962096843869 0.0285278775729239 0.00805488973855972 0.0049342731712386 0.00247612413368188 0.0449533556587994 0.0035304399789311 0.155286497622728 0.0238994178362191 0.0169397417455912 0.0340459331870079 0.0162263363599777 0.0451890313997865 0.451168450713158 0.024189617484808 0.00559674677206203 0.0145999284926802 0.00758426527027041 0.0178064639680088 0.0192077299579978 0.0516857542097569 0.0564318072982132 0.00544795270543545 0.00452855725307018 0.196566975861788 0.176025823876262 0.0219008816406131 0.00403193738311529 0.00207291108672507 0.00274348441744223 0.00604774793609977 0.0389971962198615 0.0242473188787699 0.0260756057221442 0.00719290494453162 0.00580558469519019
0.135156871750951 0.0306619230657816 0.0362156102433801 0.0139988990966231 0.0228504381608218 0.0306413365527987 0.0516936592757702 0.11627500616014 0.00568030750146136 0.0283716576173902 0.0120361766777933 0.00120910387922777 0.00854586677160114 0.0590780267491937 0.14299518018961 0.0577263301238418 0.0233042061328888 0.0177162455394864 0.0215038994327188 0.0320878198603168 0.0741814777255058 0.0769411820918322 0.19819066375494 0.14181881994009 0.0221208753995597 0.00268349344260059 0.00731558904517442 0.0330164481885731 0.0045949968509376 0.0343672976829112 0.261580368876457 0.097277894988656 0.0528615205548704 0.00269395526702283 0.121164366975427 0.0184930427931249 0.0246661431388929 0.0682279804721475 0.0613047070801258 0.00567098492756486 0.0181252932175994 0.00496308482252061 0.0237930356524885 0.00597654245793819 0.022104030335322
0.0955984566360712 0.0267793883569539 0.04552001375705 0.0441411133855581 0.215009941160679 0.221586537361145 0.0358902698382735 0.0753310786560178 0.0438655209727585 0.0197212152183056 0.0570637684315443 0.0115071067353711 0.0319986537098885 0.0188610196113586 0.0707743220031261 0.533982884883881 0.664541894197464 0.383556002378464 -9999 0.152581613510847 0.0475107027217746 0.0227108339313418 0.339213496446609 0.0766169905662537 0.00315063737216406 0.00446047178702429 0.0967995591461659 0.0164823868311942 0.0521022878587246 0.0197093787137419 0.00643193998839706 0.0695246621966362 0.0786808669567108 0.1031179940328 0.297313924133778 0.322287448495626 0.0814181922003627 0.123515002802014 0.0371950499713421 0.109402214735746 0.0524156514555216 0.1279640160501 0.0609596674330533 0.0078857489163056 0.0119008521083742
0.0256922737695277 0.0202650091145188 0.00938585195690394 0.0401162403635681 0.0244839736726135 0.0441661053337157 0.216979509592056 0.311681425571442 0.361732086539268 0.00296445369021967 0.173164666444063 0.0466529527679086 0.272386963665485 0.260786092281342 0.206112321466208 0.0986291985958815 0.176137252897024 0.00944354264065623 -9999 -9999 0.273959563672543 0.280802960693836 0.124523118883371 0.0227137478999794 0.00236402606824413 0.0262159645557404 0.0497194165363908 0.164490538090467 0.0559457402676344 0.0261848630383611 0.0152345373295248 0.244258185476065 0.022506445646286 0.132724672555923 0.425333957374096 0.901641637086868 0.230999463796616 0.887108361721039 0.460394325852394 0.245221554487944 0.0362088420428336 0.0435455184429884 0.00180637148732785 0.00798853025771678 0.0659363452345133
0.0106227405834943 0.00440288718091324 0.0184344731271267 0.0447658949531615 0.119726839847863 0.107913064584136 0.0893694512546062 0.0134622954297811 0.00465771420567762 0.00988413464510813 0.021148388274014 0.0100533050717786 0.076705888286233 0.119149634987116 0.47955627143383 0.0657986495643854 0.0267264464870095 -9999 -9999 -9999 -9999 -9999 0.194149172306061 0.24750996902585 0.0109380951151252 0.0160998074803501 0.0767342170700431 0.00457996019395068 0.0151051057036966 0.0153119605965912 0.0421373773366213 0.105267394892871 0.544788497686386 0.27545250877738 0.629194593429565 0.887120997905731 0.877358323335648 0.874243432283402 0.397547098994255 0.189640375971794 0.121676374971867 0.0336725079454482 0.0616210114210844 0.367407089471817 0.115373528748751
0.0211178083904088 0.109504966065288 0.0305849748197943 0.031655554077588 0.013414086366538 0.0249414995312691 0.00521926350775175 0.0146395867457613 0.0337629850488156 0.0275770358741283 0.0341359354555607 0.0160162611864507 -9999 -9999 -9999 -9999 -9999 -9999 -9999 -9999 -9999 -9999 0.0356209504418075 0.017749304883182 0.015603572037071 0.0218628264963627 0.413243979215622 0.0180106712505221 0.0805264186114073 0.0158419251441956 0.494747933745384 0.814990490674973 0.918820399045944 0.372317931056023 0.369289644807577 0.960339653491974 0.927671205997467 0.709645944833756 0.676310247182846 0.089079649373889 0.212376781925559 0.04842195706442 0.051366569288075 0.0723365597426891 0.231471390277147
0.0104007083224133 0.101273030042648 0.0349452489055693 0.012668596196454 0.0562209366122261 0.033619928942062 0.0226539708091877 0.158964305371046 0.0558729384094477 0.0383328408002853 0.00767239367123693 -9999 -9999 -9999 -9999 -9999 -9999 -9999 -9999 -9999 -9999 -9999 0.0201110073365271 0.200971510261297 0.0766249522566795 0.0670758079737425 0.155991227552295 0.368176303803921 0.0526874888688326 0.46841039955616 0.906825280189514 0.910105687379837 0.899403834342957 0.346050328016281 0.373819689452648 0.863004893064499 0.42186743170023 0.285474443435669 0.185296982526779 0.038923853635788 0.34035677164793 0.268264550715685 0.0439848801121116 0.190147430449724 0.613630428910255
0.00628958774032071 0.023144310596399 0.270493634045124 0.137425494752824 0.0069540545635391 0.00719089903868735 0.0184069238137454 0.149089608341455 0.0900854893028736 -9999 -9999 -9999 -9999 -9999 -9999 -9999 -9999 -9999 -9999 -9999 -9999 -9999 -9999 0.492766293883324 0.396576318144798 0.241236851364374 0.378330366313458 0.271531598269939 0.2147630892694 0.39855931699276 0.770083957910538 0.890668749809265 0.632770425081253 0.605619338154793 0.284807259589434 0.390721184015274 0.313891534507275 0.361148245632648 0.209944143891335 0.203589969873428 0.161578571982682 0.109816530253738 0.720498359203339 0.8346539914608 0.0643903844058514
0.00754116191528738 0.00296589641366154 0.0113859326113015 0.00778195469174534 0.0182324434281327 0.0243803907884285 0.167375653982162 0.00340862420853227 -9999 -9999 -9999 -9999 -9999 -9999 -9999 -9999 -9999 -9999 -9999 -9999 -9999 -9999 -9999 0.077545384503901 0.307833687961102 0.513829153776169 0.0860405329614878 0.164034437760711 0.546238899230957 0.410913790762424 0.133982895687222 0.306992563605309 0.215614130347967 0.216936450451612 0.255185915529728 0.322090211510658 0.217443253099918 0.325965186953545 0.398991632461548 0.119369843415916 0.453119982779026 0.555666241049767 0.710171833634377 0.131192326545715 0.0288648740388453
0.00539699838845991 0.0175476778997108 0.0207731614820659 0.081193582713604 0.136424119770527 0.00405521988868713 -9999 -9999 -9999 -9999 -9999 -9999 -9999 -9999 -9999 -9999 -9999 -9999 -9999 -9999 -9999 -9999 -9999 -9999 0.0696622293442488 0.267731916904449 0.0664375089108944 0.35721073448658 0.611152681708336 0.291111925244331 0.486920137703419 0.189560969173908 0.20224706530571 0.252478569746017 0.443568176031113 0.140147598832846 0.505088409781456 0.318672977387905 0.308442696928978 0.275530307739973 0.492517156898975 0.76779745221138 0.620827513933182 0.141601115837693 0.206566520780325
0.0496658234857023 0.0113872883375734 -9999 -9999 -9999 -9999 -9999 -9999 -9999 -9999 -9999 -9999 -9999 -9999 -9999 -9999 -9999 -9999 -9999 -9999 -9999 -9999 -9999 -9999 0.0145290123764426 0.109800046309829 0.335429487377405 0.115748443640769 0.377189779281616 0.0751722328364849 0.754102432727814 0.443903994560242 0.40723529458046 0.445724332332611 0.526738679409027 0.502973285317421 0.253384426981211 0.324793538451195 0.222977555543184 0.0252152850152925 0.408446911722422 0.0619944242760539 0.129391941707581 0.0906981488224119 0.302024582400918
