Maxent_result_files_1/Bombus_pratorum_3.asc
NCOLS 594 
NROWS 330 
XLLCORNER -15 
YLLCORNER 23 
CELLSIZE 0.166666666666667 
NODATA_value -9999 
[rows 300 to 319 of 330, columns 460 to 505 of 594]
2.22044604925031e-17 2.22044604925031e-17 5.55111512312578e-17 1.11022302462516e-17 0 0 0 0 0 0 0 0 0 0 0 0 0 0 0 0 0 0 1.11022302462516e-17 7.7715611723761e-17 5.55111512312578e-17 4.48530101948563e-15 1.60982338570648e-14 3.0275781881528e-14 3.11417558407356e-14 2.31370478331883e-14 9.31255073055581e-14 5.7065463465733e-15 1.9620682856214e-11 8.91731133378926e-14 1.33226762955019e-16 3.33066907387547e-17 1.76092473935796e-13 1.05873088074304e-12 5.56221735337203e-14 3.7514436002084e-14 2.68451927354363e-14 2.78110867668602e-14 2.1271873151818e-14 9.43467526326458e-14 1.03617114888266e-13 1.54987134237672e-14
0 1.11022302462516e-17 1.22124532708767e-16 1.11022302462516e-17 0 0 0 0 0 0 0 0 0 0 0 0 0 0 0 0 0 1.11022302462516e-17 1.4432899320127e-16 1.4432899320127e-16 4.44089209850063e-17 1.34336985979644e-15 3.80806497446429e-15 2.97539770599542e-15 2.19269047363468e-14 3.73145958576515e-14 6.32827124036339e-15 5.12923037376822e-15 5.340172748447e-15 3.39173134022985e-14 3.33066907387547e-17 1.11022302462516e-17 1.28652644093563e-13 4.10116385296533e-14 3.18856052672345e-14 2.2726265314077e-14 4.08562073062058e-14 8.45101766344669e-14 1.14519504990085e-13 2.22044604925031e-17 7.29416527178728e-15 1.11022302462516e-17
0 0 0 1.11022302462516e-17 0 0 0 0 0 0 0 0 0 0 0 0 0 0 0 1.11022302462516e-17 5.55111512312578e-17 8.88178419700125e-17 2.22044604925031e-16 1.4432899320127e-16 9.99200722162641e-17 7.7715611723761e-17 1.26898491714655e-14 3.93574062229618e-14 3.59823282281013e-14 7.4451556031363e-14 1.66970215431661e-11 5.57109913756904e-14 3.63894914201524e-11 2.47606490866303e-11 0 1.11022302462516e-17 2.82929235595475e-13 2.1449508835758e-14 3.44946293751036e-14 1.23101528970437e-13 1.7089663018055e-13 3.56381590904675e-14 3.91131571575443e-14 0 0 0
0 0 0 0 1.11022302462516e-17 0 0 0 0 0 0 0 0 0 0 0 0 1.11022302462516e-17 4.44089209850063e-17 5.55111512312578e-17 7.7715611723761e-17 1.4432899320127e-16 1.22124532708767e-16 3.5527136788005e-16 1.77635683940025e-16 1.86295423532101e-14 1.04027897407377e-14 1.7608137170555e-14 9.90540982570565e-14 3.62754271066024e-13 1.19149135002772e-11 6.72324418360404e-12 2.80886425230165e-15 4.11898293251056e-12 0 1.11022302462516e-17 1.11022302462516e-16 4.47086812016551e-14 3.1641356201817e-14 1.31450406115619e-14 1.0413891970984e-14 9.74775815620887e-15 0 0 0 0
1.11022302462516e-17 0 0 0 0 0 1.11022302462516e-17 1.11022302462516e-17 1.11022302462516e-17 0 0 0 0 0 0 1.11022302462516e-17 2.22044604925031e-17 2.22044604925031e-17 2.22044604925031e-17 3.33066907387547e-17 6.66133814775094e-17 4.44089209850063e-17 1.11022302462516e-16 1.99840144432528e-16 9.47020240005258e-15 2.65343302885412e-15 2.02060590481778e-15 4.05342426290645e-14 9.53348511245622e-14 2.4437196710636e-11 3.24590354594534e-11 1.19904086659517e-15 3.88578058618805e-15 3.62720964375285e-13 0 0 3.32400773572772e-14 3.27848859171809e-14 8.0013773384735e-14 4.64073224293315e-14 2.96762614482304e-14 2.28927987677707e-14 0 0 0 0
0 0 0 0 0 0 0 0 0 0 0 0 0 0 2.22044604925031e-17 1.11022302462516e-17 1.11022302462516e-17 2.22044604925031e-17 4.44089209850063e-17 3.33066907387547e-17 1.11022302462516e-17 2.22044604925031e-17 7.7715611723761e-17 4.44089209850063e-17 1.18793863634892e-15 2.22044604925031e-17 7.41628980449605e-15 5.93414206662146e-14 6.57363052880555e-12 6.99234115053571e-11 2.14526063579967e-11 3.17523785042795e-15 7.21644966006352e-16 2.33146835171283e-16 0 1.11022302462516e-17 4.55524507003702e-14 1.32005517627931e-14 6.18394224716212e-14 2.11497486191092e-14 1.73527858748912e-14 1.11022302462516e-17 0 0 0 0
3.33066907387547e-17 1.11022302462516e-17 1.11022302462516e-17 1.11022302462516e-17 1.11022302462516e-17 0 0 0 0 0 0 0 0 0 1.11022302462516e-17 1.11022302462516e-17 2.22044604925031e-17 3.33066907387547e-17 2.22044604925031e-17 2.22044604925031e-17 3.33066907387547e-17 3.33066907387547e-17 1.11022302462516e-17 3.10862446895044e-16 4.44089209850063e-17 1.77635683940025e-16 1.56763491077072e-14 1.38566935703466e-13 4.33764135721049e-14 6.37057961938581e-11 3.39173467089893e-11 1.15202514194834e-11 1.33226762955019e-15 1.11022302462516e-17 0 0 3.76476627650391e-14 5.24136289925536e-14 1.11022302462516e-14 1.55764290354909e-14 2.87658785680378e-14 0 0 0 0 0
1.11022302462516e-17 0 0 0 2.22044604925031e-17 1.11022302462516e-17 0 0 0 0 0 0 0 1.11022302462516e-17 1.11022302462516e-17 2.22044604925031e-17 5.55111512312578e-17 6.66133814775094e-17 5.55111512312578e-17 3.33066907387547e-17 3.33066907387547e-17 4.44089209850063e-17 1.11022302462516e-17 2.22044604925031e-17 2.22044604925031e-17 4.22883950079722e-14 7.78266340262235e-15 1.5422108035068e-13 1.89543936102154e-12 4.95857122029264e-10 5.38270539252039e-11 9.81708048186647e-12 2.70894418008538e-15 1.11022302462516e-17 0 0 2.22044604925031e-17 6.20836715370388e-14 7.56172902072194e-14 1.85518267414864e-14 1.11022302462516e-17 0 0 0 0 0
2.22044604925031e-17 1.11022302462516e-17 0 0 0 0 0 0 1.11022302462516e-17 1.11022302462516e-17 1.11022302462516e-17 1.11022302462516e-17 1.11022302462516e-17 1.11022302462516e-17 3.33066907387547e-17 4.44089209850063e-17 4.44089209850063e-17 3.33066907387547e-17 3.33066907387547e-17 2.22044604925031e-17 1.11022302462516e-17 0 1.11022302462516e-17 1.11022302462516e-17 0 2.22044604925031e-17 3.99680288865056e-16 6.09512440519211e-15 9.79771819231701e-14 1.20980248041747e-10 1.57802704237042e-10 5.92415005939984e-13 4.66293670342566e-16 3.33066907387547e-17 0 0 4.50084414183038e-14 5.15609777096415e-13 5.54223333892878e-14 5.3179682879545e-15 1.11022302462516e-17 0 0 1.11022302462516e-17 0 0
1.11022302462516e-17 1.11022302462516e-17 0 0 1.11022302462516e-17 1.11022302462516e-17 0 0 0 0 0 0 1.11022302462516e-17 1.11022302462516e-17 1.11022302462516e-17 1.11022302462516e-17 2.22044604925031e-17 8.88178419700125e-17 1.33226762955019e-16 1.11022302462516e-17 0 0 0 1.11022302462516e-17 0 2.22044604925031e-17 9.68114477473137e-15 7.88258347483861e-16 4.9960036108132e-16 5.91386195569754e-10 1.18596205078703e-09 3.25891535979395e-12 3.21964677141295e-16 2.44249065417534e-16 1.11022302462516e-17 0 3.33066907387547e-17 1.88737914186277e-16 5.30353538863437e-14 1.29252164526861e-13 8.48099368511157e-14 2.22044604925031e-17 0 3.67550434532404e-13 0 0
0 0 0 0 0 1.11022302462516e-17 0 0 0 0 0 0 1.11022302462516e-17 1.11022302462516e-17 2.22044604925031e-17 7.7715611723761e-17 1.33226762955019e-16 2.22044604925031e-17 1.11022302462516e-17 1.11022302462516e-17 2.22044604925031e-17 1.11022302462516e-17 0 1.11022302462516e-17 0 4.44089209850063e-17 2.04281036531029e-15 3.88578058618805e-16 1.56541446472147e-15 1.07358566481253e-14 1.33524302725618e-12 1.43773881688958e-14 3.44169137633799e-16 3.66373598126302e-16 8.88178419700125e-17 0 0 1.11022302462516e-17 1.20237153566904e-13 5.78870285039557e-14 2.43915998510147e-14 5.21249710061511e-14 1.00591757146162e-12 2.1486701307083e-12 2.33146835171283e-16 0
0 0 0 0 1.11022302462516e-17 0 1.11022302462516e-17 0 0 0 1.11022302462516e-17 2.22044604925031e-17 9.99200722162641e-17 5.55111512312578e-17 2.22044604925031e-17 4.44089209850063e-17 2.22044604925031e-17 2.22044604925031e-17 2.22044604925031e-17 2.22044604925031e-17 1.11022302462516e-17 0 1.11022302462516e-17 1.77635683940025e-15 2.88657986402541e-16 1.11022302462516e-17 3.21964677141295e-15 2.22044604925031e-17 4.66293670342566e-16 2.69784194983913e-15 4.27415475234838e-09 1.16684439888104e-14 1.54321000422897e-15 5.50670620214078e-15 7.105427357601e-16 8.88178419700125e-17 1.11022302462516e-17 1.11022302462516e-17 1.11022302462516e-17 9.27924403981706e-14 4.50084414183038e-14 4.68181049484429e-14 8.3055784472208e-14 1.32382993456304e-13 3.88578058618805e-16 5.55111512312578e-17
1.11022302462516e-17 1.11022302462516e-17 1.11022302462516e-17 1.11022302462516e-17 1.11022302462516e-17 0 0 0 0 1.11022302462516e-17 6.66133814775094e-17 9.99200722162641e-17 2.77555756156289e-16 5.44009282066327e-16 1.43107747874183e-14 1.85407245112401e-15 1.22124532708767e-16 5.55111512312578e-17 2.22044604925031e-17 1.11022302462516e-17 1.11022302462516e-17 1.11022302462516e-17 3.33066907387547e-17 0 0 7.99360577730113e-16 2.43138842392909e-14 0 0 5.55111512312578e-16 1.5798473640416e-14 5.62749846721999e-13 3.33066907387547e-16 1.77635683940025e-16 2.99760216648792e-16 1.4432899320127e-16 2.22044604925031e-17 1.11022302462516e-17 0 4.44089209850063e-17 9.97424365323241e-14 1.48303591629428e-13 6.40709707511178e-14 1.79523063081888e-13 2.16771045558062e-13 5.08582065350538e-13
6.66133814775094e-17 1.11022302462516e-17 0 0 0 0 0 0 0 0 0 1.11022302462516e-17 5.55111512312578e-17 9.43689570931383e-16 2.69784194983913e-15 4.77395900588817e-16 4.10782519111308e-16 2.77555756156289e-16 6.66133814775094e-17 1.11022302462516e-17 1.11022302462516e-17 0 0 8.88178419700125e-17 2.22044604925031e-17 1.11022302462516e-17 3.33066907387547e-17 1.11022302462516e-17 0 1.14352971536391e-15 1.31006316905768e-15 1.12654330308715e-13 1.16352982804102e-10 3.21964677141295e-16 1.99840144432528e-16 1.11022302462516e-16 5.55111512312578e-17 2.22044604925031e-17 0 1.11022302462516e-17 1.03630437564561e-12 1.04871666906092e-13 7.86481990644461e-14 1.97897254139434e-13 4.86621853923452e-13 9.15463260753313e-12
9.99200722162641e-17 2.22044604925031e-17 2.22044604925031e-17 1.22124532708767e-16 2.44249065417534e-16 2.22044604925031e-17 2.22044604925031e-17 3.33066907387547e-17 3.33066907387547e-17 1.11022302462516e-17 1.11022302462516e-17 4.44089209850063e-17 1.99840144432528e-16 5.99520433297585e-16 8.77076189453874e-16 2.66453525910038e-16 1.4432899320127e-16 2.14273043752655e-15 9.99200722162641e-16 3.88578058618805e-16 2.33146835171283e-16 5.01820807130571e-15 1.65423230669148e-15 2.22044604925031e-17 1.33226762955019e-16 5.55111512312578e-17 6.66133814775094e-17 1.21014309684142e-15 2.1094237467878e-16 3.33066907387547e-17 2.30926389122033e-15 2.49472331681488e-11 5.23590126810802e-10 4.66293670342566e-16 5.99520433297585e-16 1.4432899320127e-16 1.22124532708767e-16 0 0 1.11022302462516e-17 8.43769498715119e-16 5.18629583723396e-13 1.20548016013799e-13 4.64395188970457e-13 3.20832249656178e-13 5.97533134083506e-13
8.88178419700125e-17 6.66133814775094e-17 1.4432899320127e-16 4.10782519111308e-16 5.99520433297585e-16 2.88657986402541e-15 1.4432899320127e-16 1.22124532708767e-16 7.7715611723761e-17 7.7715611723761e-17 1.66533453693773e-16 4.07673894642357e-14 4.77284878286355e-14 1.82076576038526e-15 1.15241149956091e-14 3.04201108747293e-15 6.66133814775094e-17 1.22124532708767e-16 7.7715611723761e-17 1.33226762955019e-16 5.32907051820075e-16 6.28497254240301e-14 6.12865314053579e-13 5.46229728115577e-15 7.39741601307742e-14 2.13025597162186e-11 -9999 -9999 -9999 1.88626891883814e-13 1.6894941001766e-11 2.08610906327067e-14 1.88854487603862e-11 2.1538326677728e-15 4.10782519111308e-15 1.26565424807268e-15 2.44249065417534e-16 7.7715611723761e-17 0 9.99200722162641e-17 4.88498130835069e-16 5.05639974335281e-13 3.27837756941562e-13 1.75359726739543e-13 7.24564852561116e-13 6.8960392951567e-13
2.77555756156289e-16 1.77635683940025e-16 4.82947015711943e-15 1.60538249360798e-14 1.82631687550838e-14 -9999 -9999 3.64619445747394e-13 5.90525406352072e-12 3.49731354987171e-13 3.80817599676675e-13 -9999 -9999 -9999 -9999 -9999 -9999 7.12652159506888e-14 -9999 -9999 -9999 -9999 -9999 -9999 -9999 -9999 -9999 -9999 -9999 -9999 4.61288784947556e-11 7.6042194763204e-11 1.18757226275079e-12 2.40252262528884e-14 2.33812968986058e-14 3.08642000845794e-15 8.10462807976364e-16 0 0 2.66453525910038e-16 9.10382880192628e-16 2.22488694134881e-13 3.72279984617307e-13 4.61963800546528e-13 1.50509604779359e-12 8.72568683973895e-13
-9999 -9999 -9999 -9999 -9999 -9999 -9999 -9999 -9999 -9999 -9999 -9999 -9999 -9999 -9999 -9999 -9999 -9999 -9999 -9999 -9999 -9999 -9999 -9999 -9999 -9999 -9999 -9999 -9999 -9999 1.4764726297134e-08 8.63712779075598e-10 1.53106416433957e-11 1.9950929797119e-12 6.84978740395081e-12 5.09148279093097e-14 1.66533453693773e-15 8.32667268468867e-16 7.7715611723761e-16 1.62092561595273e-15 4.21814805307008e-12 3.53326257140907e-12 2.38457031898065e-12 1.1086020990092e-12 2.57283083726634e-12 1.46227474573379e-12
-9999 -9999 -9999 -9999 -9999 -9999 -9999 -9999 -9999 -9999 -9999 -9999 -9999 -9999 -9999 -9999 -9999 -9999 -9999 -9999 -9999 -9999 -9999 -9999 -9999 -9999 -9999 -9999 -9999 -9999 2.40918396343659e-14 7.08337100085998e-10 1.04111906162885e-07 1.06165108926248e-08 3.71258579434652e-14 2.78999046088302e-14 7.105427357601e-15 4.30766533554561e-15 9.9475983006414e-14 1.94461668989732e-11 1.65293112530662e-11 5.0318638145086e-12 5.99968963399533e-12 6.67484956196063e-12 6.89909240847442e-12 4.02557098766465e-11
-9999 -9999 -9999 -9999 -9999 -9999 -9999 -9999 -9999 -9999 -9999 -9999 -9999 -9999 -9999 -9999 -9999 -9999 -9999 -9999 -9999 -9999 -9999 -9999 -9999 -9999 -9999 -9999 -9999 -9999 -9999 -9999 -9999 4.22994972382185e-15 2.79998246810464e-14 1.40920608515671e-13 1.50929360120955e-09 1.61874957882446e-12 6.72340338958577e-10 3.1136182521152e-11 9.22148579718396e-11 2.3072743715602e-11 3.61888297106816e-13 3.25684923474512e-11 9.04244457089476e-12 4.22211710038312e-11
