Maxent_result_files_1/Bombus_quadricolor_3.asc
NCOLS 594 
NROWS 330 
XLLCORNER -15 
YLLCORNER 23 
CELLSIZE 0.166666666666667 
NODATA_value -9999 
[rows 180 to 199 of 330, columns 184 to 229 of 594]
0.0760454012546688 0.181112445890903 0.190613441169262 0.209111643582582 0.0316709116101265 0.0454071693122387 0.0047449077188503 0.00842199954204261 0.00807249690406025 0.0359104938805103 0.0111522948369384 0.0224222225137055 0.0048983913846314 0.00470876405015588 0.0050204869825393 0.00560364839620888 0.00271541774272919 0.00263549609808251 0.00204241076717153 0.00769847007468343 0.0106835677754134 0.00690664048306644 0.00495321983471513 0.00428491621278226 0.0392523225396872 0.033871248178184 0.0200565512292087 0.00778243346139789 0.0694826882332563 0.00196570453699678 0.000993382395245135 0.00178585124667734 0.00717662656679749 0.00237041350316964 0.00520379329100251 0.00275656644627933 0.0135072309523821 0.00417339806444943 0.00777201559394598 0.011194500233978 0.00638750758953392 0.00585306086577475 0.00633370107971132 0.00737037579528987 0.00387776041346442 0.0120789208449423
0.998735988140106 0.52274763584137 0.190990869700909 0.156470520794392 0.0385343596339226 0.0385983340442181 0.0314000142738223 0.0134363170713186 0.00915292087011039 0.00590567132458091 0.00601809243671596 0.0467852365225554 0.0272116471081972 0.0125458527356386 0.0334170053713024 0.0110191899351776 0.00354651857987847 0.0100272187730297 0.0233360788886785 0.00411189698406593 0.0547453063811008 0.00454074486624449 0.00307270535267889 0.00233203220413998 0.00240677281981334 0.00673322631046176 0.00260271764127538 0.000965354008805042 0.000882837878768594 0.00121502776164562 0.00338214411999918 0.00793754430487752 0.00219923062250018 0.001820911612384 0.00250012126052752 0.00415885257534683 0.00594010781496763 0.007295007025823 0.0081357775721699 0.00538360690698028 0.00709106116555631 0.00337277778093963 0.00548430006019771 0.0133564434945583 0.00452643688768148 0.00795767651870847
0.897740906476974 0.714061343026697 0.25552232414484 0.101783971608927 0.0735094629228115 0.0255443291738629 0.0106692355591804 0.0185808283276856 0.0250013258308172 0.0083278238773346 0.00953478417359293 0.0166516256518662 0.00482404981739819 0.00246312903473154 0.00459385679569095 0.00674166902899742 0.8989661693573 0.0035175702534616 0.00206423366907984 0.743556410074234 0.137579232268035 0.0155268475413322 0.0294990854337811 0.00172533161239699 0.00124179883277975 0.00197851889533922 0.000833261951612085 0.00103036565706134 0.000782744466486784 0.000399039343756158 0.00507189624477178 0.00122212138260744 0.00117552774824325 0.00213172225652229 0.002596006821841 0.0318721085786819 0.0233822437003255 0.00657759378664196 0.00593869900330901 0.00333376799244434 0.00317449516433026 0.00320962213056362 0.00298499867785722 0.00518245394341648 0.00644765561446548 0.00433936917688698
0.466731995230657 0.418176671862602 0.143511249870062 0.0662470750510693 0.0512472218815674 0.0245839724317193 0.0239682607352734 0.0103716000914574 0.0172121190465987 0.0129103594459593 0.0043650061590597 0.00828373995609582 0.00953359873965383 0.00732169640250504 0.00608085370622575 0.0547736556269228 0.0105008893180639 0.00245274245971814 0.0029873360414058 0.0457876483909786 0.0541735495440662 0.0300184692721814 0.00338136341888458 0.0027129250462167 0.00139938619104214 0.0010447941487655 0.000910331992295443 0.000967394514782871 0.00283636114052026 0.00141715905047022 0.00121018702629954 0.00195701912743971 0.0014886795206368 0.00241170059591909 0.00426978403702378 0.00471932766959071 0.00449158798437566 0.00361700193025172 0.00248730678576976 0.0027768487110734 0.00409733019769192 0.00357720027677715 0.00377902942709625 0.00403463945258409 0.00460774258244783 0.00571756442077458
0.04999108435469 0.0286774137988687 0.0366962719708681 0.0393211886286736 0.0246699128299952 0.0482534311711788 0.0175214641727507 0.0147892232984304 0.0206966018304229 0.00380614749155939 0.00474882007110864 0.0150183767080307 0.02031339565292 0.010189053369686 0.0193604998639785 0.00786880059167743 0.0088470640592277 0.00037298692332115 0.00153576612938195 0.00318117784336209 0.0043788201874122 0.00261558280326426 0.0030236091115512 0.00179343644995242 0.0024561598431319 0.00093562556173592 0.00181556501192972 0.00456607076339424 0.00162676041363738 0.00137462146941125 0.00186162763275206 0.00249184529529884 0.00194881663192064 0.00171852512892379 0.00198169174115321 0.00394995675887913 0.00305378769990057 0.0027105504805494 0.00298382515804221 0.00296246090438217 0.00475628837011755 0.00492174103856087 0.00574139067903161 0.00670020019707351 0.0144662283360958 0.00619553932920098
0.0170900714583695 0.0205945494442545 0.0193402396515012 0.0184035717010566 0.0252368379427125 0.0287186132743955 0.0175668246112764 0.0124426890164614 0.00985601111315191 0.00467119438108057 0.0137810547836125 0.108674809336662 0.0123655889183283 0.0445875863544643 0.00121242037382672 0.00439973731990904 0.00341325183399022 0.00136351185053822 0.00123507897446551 0.0037702701985836 0.00191717687994242 0.00162898007188295 0.00172258124090687 0.00326304859481752 0.00830351612530649 0.00101647773422036 0.00169043771456927 0.00192110614152625 0.00115180258504362 0.00121410070565995 0.00127714812474862 0.00141769340471152 0.00204749311087653 0.00290226612705737 0.001932373674126 0.00220370545601192 0.00243979374036254 0.0138442046009004 0.00299466664437205 0.00139706656045746 0.0211381602101028 0.0232650373131037 0.0164838450960815 0.0107906700111926 0.0104424403049052 0.00579407270997763
0.0181010576209189 0.0298250516876578 0.0265018260106444 0.0287277020514011 0.0208561155945063 0.0177065152674913 0.0352262303233147 0.0155549118295312 0.00844526560977101 0.0120821286458522 0.0101072316989303 0.0077371574472636 0.00014607931093451 0.000450178905862231 0.000600788269366603 0.00292695311363786 0.00234295354684093 0.00172573560319051 0.00164165853057057 0.00468096944969147 0.00103483404348763 0.00244635243434459 0.0041702259341946 0.00318926887121052 0.00443107723258436 0.00192808120045811 0.0021558320033364 0.00113988415330004 0.00121161207117471 0.00330087374895811 0.00195619504665956 0.00215207284782082 0.0019457962596789 0.00246864635264501 0.00239164681406692 0.569450658654489 0.00275736651492196 0.00255169009324163 0.00378638464026153 0.00672028914559633 0.0518594797700644 0.0599779937416315 0.106099427491426 0.0278912350535393 0.0122391270473599 0.00977634727023542
0.0318717932328582 0.0260500149801373 0.0320163328200579 0.0213336922228336 0.0180450605228543 0.020262679643929 0.0167171384207904 0.0141278875060379 0.00732301441021264 0.004677810810972 0.000233080640600747 0.00207302662311122 0.00207937909872271 0.00417498217429966 0.00257554403506219 0.00169341992586851 0.00141170065617189 0.0010589748446364 0.00343017298728228 0.00346416247775778 0.00158875936758704 0.00182794640422799 0.0087632326874882 0.00154528714075521 0.0027154738898389 0.00302433363394812 0.003428884758614 0.00309734828770161 0.00166480372427031 0.00193126100348309 0.00243692203657702 0.00153460646134302 0.00628616008907557 0.0023992269882001 0.00440796171315014 0.00339430561289191 0.0025989436195232 0.0020815763855353 0.00252353937830776 0.00338665072340518 0.0076792954467237 0.07062244111834 0.689878234267235 0.198512681573629 0.137367307394743 0.0568036634474993
0.0702808886766434 0.0285883060357094 0.0279737802222371 0.0213214630261064 0.0129313982091844 0.0250810693949461 0.0105898770038038 0.00563886784948409 0.00163453671618754 0.00538462628610432 0.00726001163711771 0.00657025028485805 0.00230623199604452 0.00247523088473827 0.00184369701892138 0.00248153302818537 0.00225918884389102 0.00182126514553271 0.00185111897299066 0.00459134827833623 0.00126105186645873 0.00310901571065187 0.00276572671136819 0.00238549482601229 0.00487750044558197 0.00147022930513208 0.00321686974493787 0.00630007493309677 0.00199688640423119 0.00297475783154368 0.0036306801950559 0.002431264531333 0.00367085265461355 0.00540617108345032 0.00266499805729836 0.0023422121652402 0.00198169343639165 0.00191798981977627 0.0044205971993506 0.0152237337082624 0.0115229416172951 0.0728619955480099 0.221784481406212 0.637394363125325 0.609254468593892 0.0600226744930524
0.0335936825722456 0.0366340244188905 0.026412002556026 0.023592445308023 0.0115000446792692 0.0116512357722968 0.0140411328524351 0.0116421906277537 0.013401766680181 0.00615135719999671 0.00977980680763721 0.00923437322489917 0.00621514990925789 0.00164823436643928 0.00417883060872555 0.00258644067216665 0.00251570316031575 0.00232880401890725 0.00589957202319056 0.00339560771826655 0.00273331322241575 0.00359026811784133 0.00504888005089015 0.00208411710918881 0.00259619185235351 0.00215477638412267 0.00298657983075827 0.0105402138549834 0.00275854547508061 0.00139963508985499 0.00193792147329077 0.00248160732444376 0.00406001023948193 0.0042737053707242 0.00265391990542412 0.00187191325239837 0.00196240042424138 0.00300553259439766 0.00805389229208231 0.0206779449246824 0.0276897273957729 0.0576328106224537 0.197005233168602 0.167539515346289 0.140544063597918 0.0315881533831874
0.0244662610813975 0.0189232716336846 0.02366336081177 0.00935629927553236 0.0029277651803568 0.00384533970209304 0.0104055893607438 0.00859276172704995 0.0106374893337488 0.0125506805256009 0.00808087699115276 0.00689301686361432 0.00212178217479959 0.00206761098233983 0.00299888073932379 0.0262782784178853 0.00225117501104251 0.00283809185493737 0.00423414709512144 0.00895271995104849 0.00386623530648649 0.0087210850790143 0.00189691034611315 0.00612431105303273 0.00684813805855811 0.00142023499356583 0.00237548707518727 0.00365597817581147 0.00381544858682901 0.00296842362731695 0.00279831367079169 0.00167653806489234 0.00376229649409652 0.00653782514855266 0.00441266009584069 0.0044249405618757 0.0131939554121345 0.00919084623456001 0.0259367056190968 0.0154289088211954 0.0290409760549665 0.00869669690728187 0.0147239546757191 0.0465212024748325 0.108764777332544 0.114297059178352
0.0180449456907809 0.00667860237881541 0.0053926769644022 0.00561982109211385 0.00349389414768666 0.00505414414219558 0.00465892236679792 0.00262956172227859 0.00568384542129934 0.00289352016407065 0.00581940500997007 0.00522991714533418 0.00227373482193798 0.00185102629475296 0.00643010481726378 0.678101491928101 0.00335646994391112 0.00207197045674548 0.0112113167531788 0.0056047361344099 0.00153471256298161 0.00188662259606645 0.00195219737943262 0.00608017803169787 0.00432336328085512 0.00160316368163977 0.00171026507159695 0.00109564225393495 0.00194244157755747 0.00253394783940166 0.00190909275552258 0.00239083464964551 0.00762395360507071 0.00449508284218609 0.00305567535106093 0.00361008557956666 0.0117128325626254 0.00965849496424198 0.00641245129518211 0.00492119833361357 0.00613007298670709 0.012183050904423 0.00920689189806581 0.0203836528584361 0.0375006707385182 0.0595453765243292
0.0232789510861039 0.0473413627594709 0.118284968286753 0.00312740372028202 0.00285308673046529 0.00375740525778383 0.00484924770426005 0.00285818807315081 0.00247384610120207 0.00186874823994003 0.00662943515926599 0.00563375327908346 0.00495076589286327 0.00435328725725412 0.00269644114887342 0.00271360522601753 0.00252470930691686 0.0017509090832128 0.00267867498332635 0.00413536748383194 0.00153094785495389 0.00157457016517597 0.00159030602016372 0.00155482464141556 0.00145737509856891 0.00134321499893995 0.00258033215068281 0.0011665438525589 0.00203112178714946 0.00178359393030405 0.0014480751290284 0.00148946027400063 0.00169186639166217 0.00184617132750944 0.00162973327096552 0.00230577883776277 0.00242667715065181 0.004248386179097 0.00278840445680544 0.0059540854068473 0.00621904386207461 0.0212060448713601 0.0124526833184063 0.107935530692339 0.0101183673366904 0.0100375183392316
0.0311462981626391 0.311669547855854 0.0812422309070826 0.00815887595526874 0.00307884783251211 0.00098038718024327 0.00258783442550339 0.0018892897060141 0.00241834396729246 0.00309404595755041 0.00432939440943301 0.00115947888116352 0.00563804155681282 0.00454147190321237 0.00553099189419299 0.00484315576031804 0.00814837380312383 0.00566128257196397 0.00304683691356331 0.00142916127638699 0.00308647176716477 0.00150880572516998 0.00155909589680991 0.00181841121520847 0.00148040797175621 0.0013803580986731 0.00230587595142424 0.00125411725744486 0.0018688956508413 0.0011700624736303 0.00133049677690478 0.00143151766667859 0.00151066537450388 0.011572929052636 0.00117699952679686 0.00183273626025766 0.00219134581275284 0.00597349023446441 0.00435840166173875 0.0218502843752503 0.077409240603447 0.189668989926577 0.0538638729602098 0.36194569170475 0.0103654455393553 0.0320226447656751
0.0026170071301749 0.00412661787122488 0.00275084496242926 0.00457358697894961 0.011007428728044 0.00140393234905787 0.00141066636424512 0.000641318232040078 0.00146314430749044 0.00941040795296431 0.00555978522170335 0.00950979865156114 0.00198723399080336 0.00252364607295021 0.00176868565031327 0.00363547960296273 0.00499047399498522 0.0103574175387621 0.0153156056068838 0.00659785277675837 0.00556780905544372 0.00199241207205958 0.00189173008548096 0.00281464189756662 0.00143204280222937 0.00142181428035437 0.320423825830221 0.00134648144704945 0.00126158016748512 0.00132514588860797 0.00133768524715894 0.00141711238664373 0.0014052464414843 0.00113511797389947 0.00142458395337366 0.00188609091565013 0.00195236783474684 0.00197892704745755 0.00301467324607074 0.0334922503679991 0.171459835022688 0.0980054929852486 0.0537272978574038 0.0207629134878516 0.0446763549000025 0.0999558608978987
0.0024577803676948 0.00154847038211301 0.0013436927285511 0.0133748018182814 0.153941413015127 0.00270822901511565 0.0113583516329527 0.00150533790438203 0.0012195075629279 0.00298924495000392 0.00394698672462255 0.00259757711319253 0.00646127439104021 0.00203317024279386 0.00289187544258311 0.00401325793936849 0.00267411272507161 0.00432116356678307 0.00140823824331164 0.00438024492468685 0.00644935488235205 0.000483622204046696 0.0014596858863106 0.00145382882449931 0.00144579378682428 0.00139026964767677 0.00133873131282138 0.00466893499166527 0.00374450273811817 0.00198917398229241 0.00107724462868646 0.00135652520487639 0.00134494216086036 0.00187427531927824 0.00188410572009161 0.00199204470263794 0.0209673981182277 0.0101803148165345 0.00963826728984713 0.0163272691890597 0.0532071946188808 0.0967877539470235 0.0943067664388621 0.0512306820154085 0.216214817762375 0.899982196092606
0.00364619167521596 0.00182515154592693 0.00140320834470913 0.00204304018989205 0.00134489873889834 0.00170430977013893 0.0041687356075272 0.00244342449586839 0.0034043351188302 0.00382449349854141 0.00748689281754196 0.0015193493978586 0.00166067369282246 0.00261864294297993 0.0212476739659905 0.00231989475432783 0.00666861918289214 0.0041714956285432 0.0075560103636235 0.00442469697445631 0.00467065263073891 0.00477472618222237 0.0042102211038582 0.00123294738768891 0.0149651316693053 0.0136630190070719 0.00517526406329125 0.00947104352526367 0.00278811623575166 0.00255375681445003 0.00150740708481871 0.00148977124481462 0.00126358568809639 0.00132328721889339 0.0013214822858572 0.00249345459742472 0.00538695617578924 0.599309325218201 0.14142255038023 0.0382654841989279 0.149249619990587 0.00566002299191908 0.00264943705521331 0.0479050854351954 0.0605920822129519 0.188008031249046
0.004575684084557 0.0025682685431093 0.00241792240412906 0.00130596623930614 0.00183441550470889 0.00144534437567927 0.00228212773799896 0.00731107010506094 0.0024378458969295 0.00428644542116672 0.00266397319501266 0.00570839960128069 0.000492282004313072 0.00774911716580391 0.0121982867829502 0.00421841873321682 0.00409781243652105 0.00551990722306073 0.00691659660078585 0.00589883518405259 0.00392565650399774 0.00661652074195445 0.00136047423584387 0.00309429753106087 0.00663175666704774 0.0021575472666882 0.00244624536717311 0.00390981187811121 0.00577077972702682 0.00240260770078748 0.0017847697949037 0.00189034347674752 0.00186108655761927 0.00376725804526359 0.00408598736394197 0.00200705602765083 0.0252840092405677 0.0761112026870251 0.0975379981100559 0.0217587346211076 0.073286460340023 0.060493158272584 0.0423048090189695 0.0101144338026643 0.00704060476273298 0.0064157088752836
0.00698617198504508 0.00796346291899681 0.00495369294658303 0.00288811062928289 0.00161294628633186 0.00115778007311746 0.00117978854652847 0.00249592324253172 0.0023459774791263 0.00646749660372734 0.00358065881300718 0.00232566989725456 0.00202097713874565 0.00192909496836364 0.00307276954408735 0.00322042221669108 0.00175437418511137 0.00154556050547399 0.00845135692507029 0.00510922817047685 0.00406882273964584 0.00514862171839923 0.00400623434912824 0.00541379153728485 0.00477268591057509 0.00129317347046358 0.0019248399999924 0.00543035548180342 0.0250135047361255 0.0164623058401048 0.00253682964248583 0.0045112868770957 0.00486497487872839 0.00506670931354165 0.00150153723079711 0.00167045808630064 0.00812570219859481 0.0206047461368144 0.0189446947537363 0.0375114910304546 0.0412552449852228 0.0347134668380022 0.0098087424878031 0.00387020368361846 0.00546918716281652 0.00222141868434846
0.104907922446728 0.127110927551985 0.108143175393343 0.0353520208969712 0.0334698973223567 0.0082993920892477 0.00191673911758699 0.00215303511358798 0.00463481664191931 0.296837444603443 0.00559041076339781 0.0059244776610285 0.00517091541551054 0.00396374347619712 0.0123440408147871 0.0102929313201457 0.00459306768607348 0.00454247975721955 0.00212911644484848 0.00222491025924683 0.00192704918679105 0.011886436957866 0.00298646122950927 0.002912208577618 0.0101879852823913 0.00373544448520988 0.00476337065920234 0.0139052495826036 0.0297682364005595 0.0150858225300908 0.00365882797632366 0.00426770006306469 0.00548600936308503 0.00414995820028707 0.000480135737612386 7.76712853053141e-05 0.00394549439079128 0.00664119087159634 0.00522348148515448 0.0071509902481921 0.000245879418923689 0.00231294446348329 0.00394921230617911 0.00227960384218022 0.00160884547512978 0.00363748504314572
