Maxent_result_files_1/Bombus_quadricolor_2.asc
NCOLS 594 
NROWS 330 
XLLCORNER -15 
YLLCORNER 23 
CELLSIZE 0.166666666666667 
NODATA_value -9999 
[rows 280 to 299 of 330, columns 322 to 367 of 594]
1.89837368047563e-10 2.18248885630601e-10 2.07546357877675e-10 1.77565384618106e-10 1.79900372376807e-10 1.79214887374712e-10 1.88352766716804e-10 1.90711291203627e-10 2.06471217900628e-10 1.73630809729985e-10 1.1680236777778e-10 8.55150394940551e-11 6.91432799904135e-11 4.7648396339639e-11 3.03092217990297e-11 2.31732744104818e-11 1.81129777843125e-11 1.90622295725973e-11 1.40724654151825e-11 1.03486663682872e-11 9.07663944005321e-12 8.25381984981277e-12 7.02954361386787e-12 7.16205983408713e-12 6.54426512980422e-12 5.82002224192024e-12 4.37291314270283e-12 4.73677763679348e-12 5.36987121435573e-12 5.73708858198074e-12 5.76522163342474e-12 4.94213558965839e-12 4.86931606147323e-12 4.82383022415433e-12 4.60528282175687e-12 4.80322448481729e-12 4.18752810205092e-12 3.61601859566463e-12 2.67776911755391e-12 1.93460802933032e-12 1.28250743358649e-12 1.33492106257904e-12 1.63469238145808e-12 2.12908579655391e-12 2.5579871554271e-12 3.85612652920031e-12
1.07675945937302e-10 1.28971100465947e-10 1.59427537838042e-10 1.43304790256593e-10 1.28312382940976e-10 1.35586075700189e-10 1.44853662398248e-10 1.67588021238174e-10 1.4866842201755e-10 1.29122224024059e-10 1.01430996934937e-10 7.20176251967075e-11 4.26764401595392e-11 2.51468401657462e-11 1.55647272848114e-11 1.98793870254121e-11 1.87402759976862e-11 1.74434910960031e-11 1.34491084935462e-11 1.2122747250487e-11 8.60460591667334e-12 7.42714778567688e-12 7.31112947960355e-12 7.34459160156575e-12 6.43783915066365e-12 5.57095480857583e-12 4.57214266447181e-12 4.72806238605017e-12 4.60181892592004e-12 4.29598578932655e-12 4.38490355136878e-12 4.05319111607128e-12 3.95532495645057e-12 3.89096532771305e-12 3.93679533416957e-12 4.14945855453652e-12 4.24255075515134e-12 3.6956104843e-12 3.41354722266374e-12 3.29702931622933e-12 2.63895572061301e-12 2.66477950816579e-12 1.52319268309498e-12 1.41396894193235e-12 2.23226992446257e-12 3.83000076098483e-11
6.76473765892638e-11 9.6351371325909e-11 1.53002210900866e-10 1.59953483791497e-10 1.2094567569676e-10 9.38636501857104e-11 1.15010312384811e-10 1.35037325765808e-10 1.30603949877184e-10 1.01914421346549e-10 7.36645633381272e-11 5.12659248386171e-11 3.98038157989333e-11 2.32922015008796e-11 1.49328993614972e-11 1.72331038328366e-11 1.764803858606e-11 1.49069090404907e-11 1.32208577419135e-11 1.12275078123503e-11 1.07580166996968e-11 7.67432783987942e-12 7.56121831813061e-12 7.34531324653176e-12 5.95963278726686e-12 5.49928991233628e-12 4.81888973169475e-12 4.75970374225199e-12 4.39529523887927e-12 3.78556075375514e-12 3.39406280858157e-12 3.5813019216846e-12 3.85905751798532e-12 3.82680553911996e-12 3.47801787370372e-12 3.43618467013584e-12 3.84797749219956e-12 3.8154368553478e-12 3.71712660651724e-12 3.28574945029914e-12 2.83589818295127e-12 1.87763138370656e-12 3.16267012578919e-12 3.10258485569648e-12 3.46512818438782e-12 1.99011918056158e-12
5.81834802559911e-11 7.49127648802528e-11 1.12743081537303e-10 1.13642040222572e-10 8.87721784970097e-11 9.04072705587566e-11 9.96381754880815e-11 1.01537422914078e-10 1.02809127877634e-10 8.21245293991524e-11 5.52075829496346e-11 4.12438638797141e-11 3.918059210406e-11 3.07618486239392e-11 2.401447929401e-11 1.82963200145991e-11 1.68572267256195e-11 1.45056744393912e-11 1.4096201983449e-11 1.17266196753008e-11 1.07827080597644e-11 9.48414680124188e-12 7.54989404327944e-12 6.72754074670934e-12 5.73164848916008e-12 5.38794564519662e-12 5.15042453130832e-12 4.75561812152137e-12 3.70171671093544e-12 2.87149193312075e-12 2.83022494329543e-12 3.32139871161985e-12 3.59120511106426e-12 3.9741987478692e-12 3.90387722148944e-12 3.53843621070382e-12 3.67613717244808e-12 3.7209346714917e-12 3.92690324702016e-12 3.52951001758584e-12 3.07640579677582e-12 2.80644396610796e-12 2.43937092747615e-12 2.22987184272938e-12 2.25220952998484e-12 3.18767234830375e-12
6.21332096883975e-11 7.13242687133686e-11 7.73518804564333e-11 7.98715871219713e-11 7.19933779258497e-11 6.40971498100385e-11 7.03808455959631e-11 6.68244681811814e-11 7.76153474824071e-11 7.83423104167014e-11 5.42313527418514e-11 4.61841676013819e-11 4.1378123150082e-11 2.99925195790252e-11 2.16799023178282e-11 1.96173965960611e-11 1.76403669449598e-11 1.57772905851061e-11 1.37991618132105e-11 1.17670206911669e-11 1.06340269923066e-11 1.0982370568513e-11 8.46873682291971e-12 7.9140027864355e-12 6.67451649505324e-12 5.47585310428644e-12 4.98909802360004e-12 5.22331067287496e-12 4.31862323679866e-12 3.17660342474824e-12 2.99638092116083e-12 3.72646358215434e-12 3.94557719829436e-12 4.38773462008157e-12 4.40170122573136e-12 3.48734374711057e-12 4.03933553272395e-12 3.81904508017783e-12 3.43310935235763e-12 3.78840292469818e-12 3.59123841775499e-12 2.90146795478563e-12 2.46777043244606e-12 2.28010943459367e-12 2.34409158750282e-12 2.89609447534644e-12
5.65254287820949e-11 5.5793436537499e-11 5.3681115108617e-11 6.38996078272669e-11 5.47262901662293e-11 6.15350659316505e-11 7.15788761596059e-11 7.34326932594342e-11 6.61001919866067e-11 5.64882696174607e-11 4.27202828667816e-11 5.27420218610075e-11 3.90128707117299e-11 2.55844012642115e-11 2.19339213458625e-11 2.00761518520665e-11 1.70167990809489e-11 1.5212819892696e-11 1.49432910490077e-11 1.24969590231672e-11 1.0491441049254e-11 9.57057766370895e-12 1.09869335851442e-11 9.4745988832301e-12 8.24956769562846e-12 6.88500367829192e-12 5.06937825051068e-12 5.15745224305419e-12 5.20095078115901e-12 4.61620741631918e-12 4.49589254714056e-12 5.1663340272512e-12 5.36725108801761e-12 5.04166708381604e-12 4.51795267863986e-12 3.85003140479512e-12 4.16912060430263e-12 4.36410907411755e-12 3.59994256626806e-12 3.99874577894366e-12 3.96697119597889e-12 3.35964589481819e-12 2.99053004582106e-12 2.87809776011727e-12 2.44346765043701e-12 2.81562551052161e-12
5.02157426751637e-11 5.82051851161225e-11 6.39526431811532e-11 7.1099626186566e-11 6.21717677340428e-11 6.26010687732048e-11 6.70712152484043e-11 8.69074701093098e-11 4.37414993115226e-11 2.4735880010951e-11 3.65270036439824e-11 4.74841721498365e-11 3.94486887600465e-11 2.95569790864647e-11 2.22909246616609e-11 2.05230610283991e-11 1.74215086801155e-11 1.54746215841328e-11 1.47711731735001e-11 1.1762291141082e-11 1.14625642311239e-11 1.19459553360457e-11 1.20926380020592e-11 1.21427867760815e-11 1.0818757001374e-11 8.65182370191064e-12 7.18405335220496e-12 6.58491039473574e-12 5.78112002713738e-12 6.48605613662312e-12 6.21545037660098e-12 5.93901594569957e-12 6.35259622683293e-12 6.15881790011485e-12 5.7345572734846e-12 5.09503550460977e-12 5.19728704517775e-12 5.34270405694315e-12 4.7255976909355e-12 4.44859704629152e-12 4.27254898127671e-12 3.78637121656311e-12 3.61322083364257e-12 3.23918669664636e-12 2.57965870886778e-12 2.70025113380257e-12
3.84418608057047e-11 5.43046829726279e-11 6.25861362735236e-11 6.25022589240132e-11 5.86738102548168e-11 5.29155719242169e-11 4.57016091637286e-11 3.65783514588713e-11 1.82791337621779e-11 1.21234133843018e-11 1.99195659966733e-11 3.44424710974067e-11 3.18698289980546e-11 2.64105959324468e-11 2.06155870152713e-11 1.76292869191741e-11 1.85157777998768e-11 1.72082681437757e-11 1.52545753806521e-11 1.39688260958337e-11 1.23317467348727e-11 1.46781031773457e-11 1.39171452140374e-11 1.24597665518422e-11 1.10860431945525e-11 1.07891473533073e-11 9.84173853524339e-12 9.78236380788644e-12 8.878842105986e-12 7.69152519453087e-12 8.96303031794332e-12 8.95028495762062e-12 8.43709546671789e-12 8.25330914722144e-12 7.40699723777993e-12 7.58366702768853e-12 7.26948501394986e-12 6.96406265987548e-12 5.86601878183046e-12 5.01797492447054e-12 4.82313078364882e-12 4.42292868996219e-12 4.10776967996185e-12 3.56642493315462e-12 2.72993849748104e-12 3.06333847177598e-12
4.88337148496498e-11 4.36176872398164e-11 4.89763229971629e-11 5.24672194579523e-11 4.21349510837388e-11 3.03002734014512e-11 2.19101292664448e-11 1.99618765961418e-11 1.52110768425473e-11 1.0467904321132e-11 1.68763003571826e-11 3.09915093588131e-11 2.89152701782314e-11 2.75571343522074e-11 2.03947636556734e-11 1.67362568248564e-11 1.60852442476767e-11 1.88995374905687e-11 1.7962775711311e-11 1.49458445619644e-11 1.31383126600326e-11 1.40147560223625e-11 1.32613142689308e-11 1.19354748306932e-11 1.11207154596116e-11 1.07257314141407e-11 9.78629399739361e-12 1.15626841434846e-11 1.05328634703028e-11 1.13135945056797e-11 1.10458642232913e-11 1.20676024728539e-11 1.19935505971114e-11 1.136816196734e-11 9.60088675228121e-12 8.67801386306155e-12 8.19910805915924e-12 7.64538432562745e-12 7.59534657390759e-12 5.55263612866952e-12 5.10682607313129e-12 5.08737496573985e-12 4.65987248787769e-12 4.39663860873907e-12 4.14674961035644e-12 4.39113190253693e-12
2.45560238809617e-11 4.58019178140034e-11 4.73985961590984e-11 5.33130650737235e-11 4.28019508724731e-11 2.39014696923334e-11 1.80193415744156e-11 1.64362412569119e-11 1.3376511009966e-11 1.80884973666196e-11 1.82373560697613e-11 2.56244803154004e-11 2.52820098189943e-11 2.62267429995688e-11 2.54961274315235e-11 2.12478812322558e-11 1.8240586818763e-11 1.95618965470601e-11 1.96053950851649e-11 1.55984447580693e-11 1.45963130471216e-11 1.54591228707091e-11 1.43918099659857e-11 1.32297950372617e-11 1.24455779015875e-11 1.21022081245314e-11 1.16428977570138e-11 1.29613542121376e-11 1.14543263762812e-11 1.24178445304324e-11 1.08558051437058e-11 1.23218102388023e-11 1.34323441258744e-11 1.38057787424373e-11 1.16398668481565e-11 9.80949765860828e-12 1.02095554233017e-11 9.55422407855622e-12 8.56757997880209e-12 7.60833618329571e-12 6.46811493254518e-12 6.09240435878178e-12 6.03740391014185e-12 5.3497983820705e-12 5.41545697174683e-12 5.75521852397287e-12
4.14374756729785e-11 4.8782056172314e-11 5.696343396977e-11 5.09584263674867e-11 2.9706359594428e-11 2.30126806499698e-11 1.63935420793848e-11 1.62368896106102e-11 1.90758853158002e-11 1.93969396100613e-11 2.09348316460023e-11 2.22212803713262e-11 2.25709562151621e-11 2.49862464052342e-11 2.35402031201204e-11 2.33432162488612e-11 2.39438469051834e-11 2.1816859430146e-11 1.9094226200167e-11 1.69419478446287e-11 1.53106416433957e-11 1.92476812266307e-11 1.83012605070587e-11 1.66537006407452e-11 1.59895208184935e-11 1.51027745864951e-11 1.44033118765208e-11 1.44675049718046e-11 1.26890165041971e-11 9.65624247228902e-12 1.39388833808596e-11 1.40527700587256e-11 1.2972689589219e-11 1.32538979791264e-11 1.29781518865002e-11 1.11498033028568e-11 1.0415379669837e-11 1.01780139871721e-11 9.91959847596036e-12 9.2326146727828e-12 9.17096398822537e-12 8.70801208918692e-12 8.45871150900734e-12 7.96689381132865e-12 8.08159095200267e-12 8.40202352136998e-12
4.53177828596552e-11 4.97222263362573e-11 6.79614142740093e-11 4.32513802550716e-11 3.68674091255627e-11 2.82086465297482e-11 2.10499950803467e-11 1.91562099516318e-11 2.04192329711361e-11 2.10244821552408e-11 2.31337282663446e-11 2.20763407554614e-11 2.35054642416799e-11 2.62881161283701e-11 2.70980460292947e-11 2.74693934265713e-11 2.66886290845036e-11 2.37528774427176e-11 2.05612749049067e-11 1.87773574467087e-11 1.76118231109967e-11 1.92200810822385e-11 1.87599380474524e-11 1.77037939863567e-11 1.74544712017166e-11 1.66056945971604e-11 1.56405111084723e-11 1.60042312735698e-11 1.62805546821687e-11 1.56046509047769e-11 1.61423097111424e-11 1.52383994311833e-11 1.49203649435492e-11 1.35687017177588e-11 1.22839738381231e-11 1.13930753720126e-11 1.13730358464181e-11 1.12132747531746e-11 1.22458376772272e-11 1.27936439220377e-11 1.2631395929219e-11 1.17594933790599e-11 1.19656617947328e-11 1.15494169783403e-11 1.22570287253154e-11 1.12175380095891e-11
4.89280727045127e-11 4.6714687673699e-11 4.46727987934992e-11 3.82278320110174e-11 4.26544910503424e-11 3.97164856558163e-11 2.82629142311919e-11 2.33192354315293e-11 2.23919660591321e-11 2.41713871140803e-11 2.56972998435856e-11 2.52980525417001e-11 2.77119327485309e-11 2.884532612768e-11 2.89203549996841e-11 3.15905634984404e-11 2.99743119214213e-11 2.83205237039397e-11 2.51581533383671e-11 2.37953434734095e-11 2.02192818044011e-11 1.82480364152582e-11 2.07080685932226e-11 2.00258698512812e-11 2.20947704576702e-11 2.11371808944705e-11 1.81850756675317e-11 1.93397631242931e-11 1.9120782734916e-11 1.76601511192587e-11 1.82918347135796e-11 1.59153135115275e-11 1.46547329826774e-11 1.52884926940544e-11 1.41675560172416e-11 1.3473266946562e-11 1.28715593739059e-11 1.53368096000861e-11 1.56396784412038e-11 1.56134771778227e-11 1.59229185392462e-11 1.55735313533967e-11 1.52991175284001e-11 1.59938617905198e-11 1.64423141768566e-11 1.5543066833601e-11
4.46711778678832e-11 5.13825759718145e-11 6.03062266790744e-11 5.57954904500946e-11 4.98438401663748e-11 4.37408109732473e-11 3.6352820753649e-11 3.37400551941869e-11 3.30808158643947e-11 3.13142400898414e-11 3.16242476650075e-11 3.37005423567405e-11 3.13569059606778e-11 2.98769564643919e-11 3.12455616935381e-11 3.2211500133883e-11 3.25621862806713e-11 2.84299472852467e-11 2.64909316705086e-11 2.5564272920775e-11 2.49072318325716e-11 2.37957764603891e-11 2.38143837982818e-11 2.24982921182004e-11 2.20928164651468e-11 2.09083750313255e-11 1.88914994758704e-11 1.9896695402366e-11 2.00957028795301e-11 2.1219170864839e-11 1.92086235806244e-11 1.83733139813569e-11 1.58513202563881e-11 1.5189827173856e-11 1.52994172886167e-11 1.62428070993315e-11 1.88064119832632e-11 1.90781390685402e-11 1.85654824846893e-11 1.91595961318569e-11 1.98178029542362e-11 1.78945747109083e-11 1.99238514575484e-11 2.06839878558185e-11 2.14386619568074e-11 2.0801682598659e-11
4.46011894084108e-11 4.59312143874513e-11 5.46254708133631e-11 5.30688937239177e-11 5.08094011308913e-11 4.59990823209466e-11 4.48797332630591e-11 4.16521817037108e-11 4.12838652152914e-11 3.91371046681854e-11 3.77329945067117e-11 3.56512375176976e-11 3.23179594197143e-11 3.46259465544563e-11 3.51238926832309e-11 3.37348704526619e-11 2.98085445216145e-11 2.97452062980597e-11 2.82991408084854e-11 2.96087820927937e-11 2.90023893789737e-11 2.72150080249389e-11 2.82050383049182e-11 2.70641398181226e-11 2.52404319667221e-11 2.27912910766293e-11 2.21841323089222e-11 2.30517271937458e-11 2.25849672297329e-11 2.20816476215191e-11 2.00503280645137e-11 1.86095805432274e-11 1.77471259910078e-11 1.76154535402873e-11 1.64688374049149e-11 1.77877379492486e-11 1.90975124603199e-11 2.41822339930309e-11 2.42357911517388e-11 2.52073251161278e-11 2.77088796352132e-11 2.78047362911593e-11 3.02703861976283e-11 3.16576653780487e-11 3.04415270768743e-11 2.93751356572614e-11
3.81530251836182e-11 4.31341629081317e-11 5.17156317769718e-11 5.187064111567e-11 5.04702502013288e-11 4.79284500976007e-11 5.03215358271802e-11 4.60207760788478e-11 4.80971928951135e-11 4.88566631595688e-11 4.68679428600183e-11 4.43487802037623e-11 4.01034094821284e-11 3.75311670630651e-11 3.44626660542247e-11 3.0979419030075e-11 3.06346059630869e-11 3.03290836889403e-11 2.93215673963232e-11 3.14232750930898e-11 3.15253267935134e-11 3.16481618689579e-11 3.16614068296417e-11 3.15010240115043e-11 3.00145686082942e-11 2.83750911656e-11 2.70216515829702e-11 2.67463495795539e-11 2.3709434415764e-11 2.1780610648392e-11 1.84007364900651e-11 1.95734761732069e-11 1.9080792501569e-11 1.99165239855859e-11 2.05665817709644e-11 2.05637284977911e-11 2.15406359416193e-11 2.29672392215718e-11 2.73883138390829e-11 3.23753579500874e-11 3.59585916598348e-11 3.66210395341682e-11 4.22456181148334e-11 4.46079173599401e-11 4.40789182931667e-11 3.5269431819529e-11
4.05578792772587e-11 4.87270113147531e-11 5.1584891913592e-11 5.4636062341018e-11 5.2089077495765e-11 5.43747158410213e-11 5.86484971698553e-11 5.4006132899076e-11 5.50259837694966e-11 5.16315545873169e-11 5.07730746335255e-11 4.78703521267221e-11 4.48613035608503e-11 4.1295300512445e-11 3.67100794207431e-11 3.23814197678018e-11 3.13664538786895e-11 3.29691607348082e-11 3.38329586568875e-11 3.16628390173435e-11 3.26737636946461e-11 3.35943495244351e-11 3.39575922936319e-11 3.70895647527902e-11 3.29079652416908e-11 3.45152018077499e-11 3.16446202575094e-11 2.81466294715926e-11 2.72118216848582e-11 2.51345055879426e-11 2.30544139334654e-11 2.21275886502781e-11 2.36379027462874e-11 2.12207362793038e-11 2.53138288108801e-11 2.43038811298391e-11 2.34218866523861e-11 2.40989561639537e-11 2.89296031574793e-11 3.40041550472847e-11 4.1897951774672e-11 4.64723481918838e-11 4.8035131428037e-11 5.58108559367554e-11 5.50352097228313e-11 5.56566348564047e-11
5.04060237993542e-11 4.48008408149292e-11 4.35834146550462e-11 5.34803756835345e-11 6.93111901206578e-11 7.52558348970922e-11 6.48801123936948e-11 6.12151773715652e-11 6.3549709938826e-11 6.17820128390179e-11 5.59479573780664e-11 5.52745960114009e-11 4.77235917450969e-11 4.11227718544183e-11 4.2008496681234e-11 3.6731262476053e-11 3.486596567015e-11 3.58832297209233e-11 3.51806361820195e-11 3.74088204857514e-11 3.81231601842558e-11 3.63452601348513e-11 3.66373487103999e-11 3.72726072228602e-11 3.89050680560388e-11 3.85560361415571e-11 3.29661298259509e-11 2.89682611231967e-11 2.9694591230367e-11 2.79414380521814e-11 2.68215671894723e-11 2.36511032980502e-11 2.25611529458547e-11 2.31809793582727e-11 2.59618881948143e-11 2.55962695483447e-11 2.45707010293472e-11 2.43560949186872e-11 2.59232968424783e-11 3.07442515889988e-11 4.57510473950151e-11 5.06764630259227e-11 5.6962756733725e-11 2.72122879785286e-11 6.45097641971404e-11 7.65576824157677e-11
4.07744282782119e-11 3.98953758917742e-11 5.37051514371001e-11 6.85169254666107e-11 6.89355239558154e-11 7.66573249322278e-11 8.12564127095072e-11 8.04685207356215e-11 7.03174407590268e-11 6.2554506019552e-11 5.57375368082091e-11 5.12851205947129e-11 4.34303815133319e-11 4.00370958608676e-11 3.86205067925971e-11 3.79210773893135e-11 3.68485686408349e-11 3.66795482875659e-11 3.57466500844339e-11 3.75976805244704e-11 3.87045728800217e-11 3.75886211045895e-11 3.89000165412767e-11 4.03574507146232e-11 4.35785074692774e-11 3.51115914121181e-11 3.68344910128826e-11 3.27083693463237e-11 3.13521097972114e-11 2.97477598110163e-11 2.84209766832078e-11 2.42622366641854e-11 2.46168085915599e-11 2.57284304971961e-11 2.61704768966808e-11 2.66410893345892e-11 2.83160606073807e-11 2.78238432294131e-11 3.03565839132602e-11 3.29499649787124e-11 3.77542108687123e-11 4.77934247733458e-11 5.35223421138653e-11 6.8998040614332e-11 5.6403703929675e-11 7.33544891495796e-11
3.89819287960336e-11 4.31196522931998e-11 5.82340953236837e-11 6.11225514646208e-11 8.10807199158603e-11 9.74243241635975e-11 9.13830344728694e-11 8.0550688341674e-11 7.31527838304657e-11 6.39237995869735e-11 5.53987744567053e-11 4.63438287745532e-11 4.52974546760743e-11 3.30534488668377e-11 3.40706352019993e-11 3.59950957928845e-11 3.52646134516021e-11 3.68739483391778e-11 3.20507065332265e-11 3.40191985692684e-11 5.24990606542985e-11 3.34223315689996e-11 3.46980888465964e-11 3.65629415632895e-11 3.89626109154051e-11 4.09414391278062e-11 3.8462433238351e-11 3.36929706357125e-11 2.7633939581051e-11 2.56112464569469e-11 2.56082044458594e-11 2.35438335494109e-11 2.31368924019648e-11 2.53913556846896e-11 2.67758704097787e-11 2.67751820715034e-11 2.69452016254945e-11 2.48946196990119e-11 2.88716273111334e-11 3.88667320549985e-11 3.75083408776788e-11 2.09390171868051e-11 4.33228009022457e-11 6.56343313032437e-11 6.82882972391496e-11 5.99879257379143e-11
