Maxent_result_files_1/Bombus_rupestris_2.asc
NCOLS 594 
NROWS 330 
XLLCORNER -15 
YLLCORNER 23 
CELLSIZE 0.166666666666667 
NODATA_value -9999 
[rows 210 to 230 of 330, columns 184 to 229 of 594]
-9999 -9999 -9999 -9999 -9999 -9999 -9999 -9999 -9999 -9999 -9999 0.0579600561410189 0.0366156339645386 0.0297939023002982 0.265189845860004 0.647119110822678 0.399644500017166 0.644198220968246 0.715241056680679 0.614027327299118 0.614842587709427 0.605749356746674 0.61412325501442 0.607936424016952 0.544905161857605 0.521140643954277 0.822167581319809 0.725772553682327 0.575376570224762 0.423152643442154 0.311815294623375 0.632549554109573 0.355486583709717 0.20589652210474 0.401126679778099 0.189389537274837 0.150583969056606 0.183773992955685 0.210529942810535 0.505498617887497 0.545024219155312 0.582595202326775 0.422204679250717 0.562451830506325 0.524601861834526 0.486498057842255
-9999 -9999 -9999 -9999 -9999 -9999 -9999 -9999 -9999 -9999 -9999 -9999 -9999 0.0728011008352041 0.111348586529493 0.127965214848518 0.203886227309704 0.506840935349464 0.616706371307373 0.717128479480743 0.623788058757782 0.760604333877563 0.416678896546364 0.529256075620651 0.617770820856094 0.765906018018722 0.867117989063263 0.925793433189392 0.368233314156532 0.183330085873604 0.22066466063261 0.283837376534939 0.274879840016365 0.386946019530296 0.299581673741341 0.328747683763504 0.405845725536346 0.389957663416862 0.33981576859951 0.571207556128502 0.519884213805199 0.369435831904411 0.399523502588272 0.534378024935722 0.581168270111084 0.997356271743774
-9999 -9999 -9999 -9999 -9999 -9999 -9999 -9999 -9999 -9999 -9999 -9999 -9999 -9999 -9999 0.563386872410774 0.311293530464172 0.733277440071106 0.640349078178406 0.626276916265488 0.14367059096694 0.533096000552177 0.587809813022613 0.782637292146683 0.613495844602585 0.667766237258911 0.833257895708084 0.645109778642654 0.185164381563663 0.110460900515318 0.14659506380558 0.211650760471821 0.297509296238422 0.296880307793617 0.312451681494713 0.203605011105537 0.230586898326874 0.380524396896362 0.319104525446892 0.382985293865204 0.462789189815521 0.371686667203903 0.348384353518486 0.758487206697464 0.947205471992493 0.909113079309464
-9999 -9999 -9999 -9999 -9999 -9999 -9999 -9999 -9999 -9999 -9999 -9999 -9999 -9999 -9999 -9999 -9999 0.406353452801704 0.191100843250751 0.582066369056702 0.105587907135487 0.0488250218331814 0.267635014653206 0.755960667133331 0.801091361045837 0.746587932109833 0.546059021353722 0.433363124728203 0.174261291325092 0.168677255511284 0.126938102394342 0.204114598035812 0.215415088832378 0.15625261515379 0.224246789515018 0.147639211267233 0.195816496014595 0.184017172455788 0.290948638319969 0.397597593069077 0.346608492732048 0.485892191529274 0.47042877972126 0.403976139426231 0.409140089154243 0.545928829908371
-9999 -9999 -9999 -9999 -9999 -9999 -9999 -9999 -9999 -9999 -9999 -9999 -9999 -9999 -9999 -9999 -9999 -9999 -9999 0.841057854890823 0.0239148227497935 0.0246168255805969 0.031080892123282 0.497139641642571 0.457625755667686 0.597080767154694 0.344038280844688 0.187815202772617 0.195015989243984 0.176617179811001 0.270357471704483 0.429068103432655 0.426116809248924 0.221064464747906 0.281968924403191 0.246535684168339 0.110867257416248 0.151623746007681 0.306798958778381 0.455192312598228 0.316095897555351 0.443618452548981 0.494954964518547 0.355349889397621 0.513170340657234 0.675036835670471
-9999 -9999 -9999 -9999 -9999 -9999 -9999 -9999 -9999 -9999 -9999 -9999 -9999 -9999 -9999 -9999 -9999 -9999 -9999 -9999 -9999 0.0533861953765154 0.00608088318258524 0.0417809959501028 0.0878633603453636 0.332248547673225 0.349053573608398 0.440859919786453 0.211658528447151 0.592814803123474 0.69811190366745 0.820142638683319 0.373045107722282 0.116524010896683 0.498007795214653 0.24226930141449 0.112929731607437 0.0881902739405632 0.170840156078339 0.33455425798893 0.345789343118668 0.27335712313652 0.537121486663818 0.41561763882637 0.303418907523155 0.623983985185623
0.352476215362549 0.346057580411434 0.502640888094902 -9999 -9999 -9999 -9999 -9999 -9999 -9999 -9999 -9999 -9999 -9999 -9999 -9999 -9999 -9999 -9999 -9999 -9999 0.920545119047165 0.0151095345616341 0.0132646570913494 0.0217598752118647 0.125317457318306 0.293501918017864 0.734085875749588 0.475335785746574 0.804121685028076 0.62545000910759 0.504123809933662 0.394573816657066 0.317671483755112 0.1481131054461 0.0648724533617497 0.0751890301704407 0.0747434791177511 0.0696951538324356 0.0984018675982952 0.190377001464367 0.288202624022961 0.388132405281067 0.538793498277664 0.157352151721716 0.615184515714645
0.146263425797224 0.0929029766470194 0.199717272818089 -9999 -9999 -9999 -9999 -9999 -9999 -9999 -9999 -9999 -9999 -9999 -9999 -9999 -9999 -9999 -9999 -9999 -9999 -9999 -9999 -9999 0.0647751741111278 0.0431959040462971 0.735999828577042 0.710486274957657 0.668576043844223 0.660673499107361 0.567058935761452 0.697035241127014 0.201581385731697 0.280366230010986 0.561736908555031 0.218188163638115 0.0494374789297581 0.0445060692727566 0.0402709748595953 0.106494466215372 0.265930560231209 0.456737929582596 0.385336896777153 0.624876606464386 0.215635640919209 0.615192747116089
0.0445750370621681 -9999 -9999 -9999 -9999 -9999 -9999 -9999 -9999 -9999 -9999 -9999 -9999 -9999 -9999 -9999 -9999 -9999 -9999 -9999 -9999 -9999 -9999 0.139709699898958 0.125283278524876 0.403046518564224 0.176592759788036 0.717180973291397 0.286352470517159 0.721721857786179 0.58251137137413 0.570833924412727 0.405992057919502 0.128379976004362 0.31628380715847 0.15972401201725 0.0690928414463997 0.0407392989844084 0.0131385602988303 0.104168118536472 0.096021980792284 0.0403467863798141 0.141583661735058 0.421228197216988 0.465133920311928 0.113845807313919
0.054143288731575 0.0281516356859356 -9999 -9999 -9999 -9999 -9999 -9999 -9999 -9999 -9999 -9999 -9999 -9999 -9999 -9999 -9999 -9999 -9999 -9999 -9999 -9999 -9999 0.0338323997333646 0.0929651532322168 0.46842223405838 0.640476787090302 0.786021876335144 0.486764898896217 0.599223631620407 0.424436175823212 0.412590193748474 0.366374653577805 0.351000544428825 0.120161768049002 0.514480957388878 0.226085634529591 0.0480645805597305 0.0646982375532389 0.0419339025393128 0.0418615072965622 0.19610710144043 0.054965778067708 0.248051571846008 0.333239808678627 0.0828495837748051
0.0727645337581635 0.0926980130374432 0.0791372612118721 0.133388011157513 0.258988128602505 -9999 -9999 -9999 -9999 -9999 -9999 -9999 -9999 -9999 -9999 -9999 -9999 -9999 -9999 -9999 -9999 -9999 -9999 0.054451659321785 0.0690821137279272 0.1343002140522 0.450768178701401 0.360697224736214 0.749514406919479 0.461938706040382 0.529665717482567 0.34383337199688 0.418920797109604 0.249807174503803 0.141876441240311 0.21532598733902 0.231309770047665 0.419777104258537 0.344904315471649 0.317245125770569 0.053209663182497 0.0602344114333391 0.110585179924965 0.108113390207291 0.147479552775621 0.064686706662178
0.100315494835377 0.0614034306257963 0.104748843610287 0.0536319598555565 0.0391519755125046 0.066231332346797 0.320383344590664 0.920800542831421 -9999 -9999 -9999 -9999 -9999 -9999 -9999 -9999 -9999 -9999 -9999 -9999 -9999 -9999 -9999 0.0222778096795082 0.059783798083663 0.0514370329678059 0.22204407081008 0.650846779346466 0.260563023388386 0.451713269948959 0.500610339641571 0.447738951444626 0.634008610248566 0.580957400798798 0.175356471538544 0.194949592649937 0.481334793567657 0.518331754207611 0.214973689615726 0.392937505245209 0.151980565488338 0.0511070471256971 0.0314333869144321 0.056730879470706 0.107584542781115 0.0603830859065056
0.273929858207703 0.104382866621017 0.12450090944767 0.108161155879498 0.158327685296535 0.0499415673315525 0.0335632210597396 0.067848788946867 0.115518792718649 0.112805638834834 -9999 -9999 -9999 -9999 -9999 -9999 -9999 -9999 -9999 -9999 -9999 -9999 -9999 0.0174069766886532 0.0420138172805309 0.0451894514262676 0.0785672325640917 0.292135548591614 0.603420495986938 0.778082686662674 0.406028363108635 0.506053632497787 0.336108219623566 0.540914472937584 0.189357341825962 0.188004052639008 0.630265402793884 0.474553623795509 0.062738324701786 0.242854419350624 0.0617823459208012 0.0301068495959044 0.00643846348393709 0.0487163498997688 0.0889946788549423 0.135505893081427
0.40106535255909 0.223667839169502 0.0797129303216934 0.0859744191169739 0.16279164403677 0.134030290693045 0.111628489196301 0.0830583706498146 0.172813914716244 0.0568439351394773 0.0524267433211207 0.136398071050644 -9999 -9999 -9999 -9999 -9999 -9999 -9999 -9999 -9999 -9999 0.00623627509921789 0.0283452855423093 0.0140832302160561 0.0785313334316015 0.247430670261383 0.128044105321169 0.434574642777443 0.702671468257904 0.331631603837013 0.468020370602608 0.517214849591255 0.49890895485878 0.266492161154747 0.175256417691708 0.303483627736568 0.224872222542763 0.0999274328351021 0.0240851597860455 0.0275001375004649 0.0182076686061919 0.0397068317979574 0.154296235740185 0.0413046225905418 0.057024223357439
0.777860122919083 0.407072404026985 0.194069200754166 0.175890848040581 0.123233903944492 0.112796256691217 0.0997875779867172 0.0453040132299066 0.0887627378106117 0.195926482975483 0.102728505805135 0.0294904234819114 0.0272324263118207 0.039560667052865 -9999 -9999 -9999 -9999 -9999 -9999 -9999 -9999 0.0120376970618963 0.0165802494622767 0.037604065425694 0.0684221085160971 0.129579375684261 0.237694862484932 0.434798118472099 0.713174813985825 0.592614299058914 0.429409295320511 0.43657223880291 0.715224295854568 0.423777270317078 0.232483038306236 0.110751406848431 0.674918353557587 0.266590917110443 0.0172410163097084 0.0168537112884223 0.0319743981584907 0.0814523965120316 -9999 0.0813057750463486 0.0683693520724773
0.370728576183319 0.383240094780922 0.321918258070946 0.124507883191109 0.0474258530884981 0.0269020553678274 0.0383018746972084 -9999 -9999 -9999 0.0617420274764299 0.0257420662790537 0.013944293698296 0.013801729073748 0.0267187776975334 0.293075706064701 -9999 -9999 -9999 -9999 -9999 -9999 -9999 0.0465468391776085 0.0555530060082674 0.0497024826705456 0.106055020540953 0.0629079148173332 0.471934926509857 0.65586119890213 0.789590364694595 0.738286793231964 0.319204095005989 0.28897695094347 0.26561449021101 0.412247836589813 0.263964316248894 0.203351555764675 0.557766065001488 0.0554389603435993 0.038697012513876 0.0387622925452888 -9999 0.397290149331093 0.0652410693466663 0.02953843139112
0.314186426997185 0.459875640273094 0.154435471445322 0.117025213688612 0.081454910710454 0.0253510753624141 -9999 -9999 -9999 -9999 -9999 -9999 -9999 0.102770235389471 0.0109526921063662 0.0105040249414742 0.0406086873263121 -9999 -9999 -9999 -9999 -9999 -9999 0.149053131043911 0.112509966641665 0.301139549911022 0.11404120400548 0.160064706206322 0.187489438056946 0.257895666360855 0.785111182928085 0.787096214294434 0.716653901338577 0.233245858550072 0.152278155088425 0.310301586985588 0.352060782909393 0.0706239562481642 0.324381282925606 0.397736549377441 0.0642970237880945 0.47159598171711 -9999 -9999 -9999 -9999
0.25290155261755 0.330254396796226 0.113793512433767 0.0978495962917805 0.0497661199420691 0.219921678304672 -9999 -9999 -9999 -9999 -9999 -9999 -9999 -9999 0.0225146017037332 0.0133269199170172 0.0123279569670558 -9999 -9999 -9999 -9999 -9999 -9999 -9999 -9999 0.102054306864738 0.0692585464566946 0.088213037699461 0.360582020878792 0.184039056301117 0.363503959774971 0.86041459441185 0.730996090173721 0.344032055139542 0.125067545473576 0.176706676185131 0.169896233826876 0.403952848911285 0.270673014223576 0.676683402061462 0.858386367559433 -9999 -9999 -9999 -9999 -9999
-9999 0.135295403003693 0.315701678395271 0.47081493139267 0.127656865119934 0.912621563673019 -9999 -9999 -9999 -9999 -9999 -9999 -9999 -9999 0.0672887481749058 0.00732992123812437 -9999 -9999 -9999 -9999 -9999 -9999 -9999 -9999 -9999 -9999 0.00739140324294567 0.0483484547585249 0.0711266327649355 0.0740389574319124 0.545305576920509 0.786721152067184 0.891909873485565 0.776515358686447 0.279215055704117 0.184647768735886 0.255401700735092 0.213885134458542 0.0507017109543085 0.121102707833052 0.145084398239851 0.101278205215931 -9999 -9999 -9999 -9999
-9999 0.106663765013218 0.267112059891224 0.0391788430511951 0.0157607047818601 -9999 -9999 -9999 -9999 -9999 -9999 -9999 -9999 -9999 -9999 -9999 -9999 -9999 -9999 -9999 -9999 -9999 -9999 -9999 0.0141471865586936 -9999 0.00407744324766099 0.0524689234793186 0.0718539766967297 0.0344239041209221 0.120649179816246 0.449028632044792 0.668904119729996 0.854690754413605 0.260391815006733 0.083749858289957 0.100334649533033 0.186265242099762 0.0310642022639513 0.0154593748040497 0.017983615398407 0.0333949286490679 0.131774757802486 -9999 -9999 -9999
-9999 0.190875132381916 0.0369541637599468 0.0126934283412993 0.0274165170267224 0.0649456426501274 0.246952776610851 -9999 -9999 -9999 -9999 -9999 -9999 -9999 -9999 -9999 -9999 -9999 -9999 -9999 -9999 -9999 -9999 -9999 -9999 -9999 -9999 0.017795090097934 0.0292020954191685 0.0537826620042324 0.133791354298592 0.173043285310268 0.530839395523071 0.733752137422562 0.78694589138031 0.129609596729279 0.0252430615946651 0.0165493530221283 0.0122572313994169 0.010330521594733 0.0343809774145484 0.00745416029822081 0.0186807804740965 0.340923184156418 -9999 -9999
