Maxent_result_files_1/Bombus_zonatus_2.asc
NCOLS 594 
NROWS 330 
XLLCORNER -15 
YLLCORNER 23 
CELLSIZE 0.166666666666667 
NODATA_value -9999 
[rows 240 to 259 of 330, columns 315 to 359 of 594]
0.791268283128738 0.557173222303391 0.861671507358551 0.5070960521698 0.313870531320572 0.164763996750116 0.0653695546090603 0.183594155311584 0.0743339702486992 0.0807209119200707 0.0693673253059387 0.0493526428937912 0.0679326549172401 0.053975834697485 0.0315487213432789 0.0486123772338033 0.164239399880171 0.0206737975589931 0.0133358500897884 0.013519769301638 0.0112758306320757 0.0359804268926382 0.00799971460364759 0.016025198623538 0.0130389023572207 0.0592242935672402 0.10533248372376 0.0455440228804946 0.161114658415318 0.0521105298656039 0.292984965443611 0.399121385812759 0.50186370909214 0.431401118636131 0.390076008439064 0.463584172725677 0.509801897406578 0.396142640709877 0.498087438941002 0.550524541735649 0.561033689975739 0.609445124864578 0.665709459781647 0.586888089776039 0.742675656080246
0.530790594220161 0.202741079032421 0.155396115034819 0.0432324387133122 0.029293929412961 0.00883037637686357 0.0546450983732939 0.0146931198891252 0.023975567240268 0.0537512743845582 0.0298147669993341 0.098839033395052 0.0603174306452274 0.103148495405912 0.0703382357954979 0.00120398287544958 0.00503402228932828 0.0100004207808524 0.00787496664561331 0.00427976404316723 0.00248046304332092 0.000390753949795908 0.000690279724949505 0.00068356088740984 0.000722831440725713 0.0289581774733961 0.0452043928205967 0.0942397531121969 0.245996102690697 0.330547446012497 0.424556940793991 0.296501915156841 0.422547617554665 0.363729426264763 0.382800051569939 0.351493936777115 0.33539055287838 0.355471673607826 0.461282420158386 0.483817505836487 0.507513979077339 0.47998703122139 0.858627039194107 0.78455935716629 0.613493409752846
0.0245056468062103 0.0623000167310238 0.0287554047070444 0.00653655221685767 0.00497102357912809 0.0189204701222479 0.0861208684742451 0.03550278339535 0.0522752869874239 0.013569272402674 0.0150034800171852 0.0163626200985163 0.0177173907868564 0.00829010447487235 0.0182174985995516 0.000646808480087202 0.0018125613569282 0.000734943956194911 0.000417840521186008 0.000402142062102939 9.68066241057386e-05 0.000409103917627363 0.0011771466844948 0.00300666630791966 0.00731806668336503 0.0163709819782525 0.0352036170661449 0.145201563835144 0.133644738793373 0.235764782130718 0.170358598977327 0.496812027692795 0.417317506670952 0.658670890331268 0.396307551860809 0.374669241905212 0.41593582034111 0.437061554193497 0.412492415308952 0.622923839092255 0.822251164913178 0.452495980262756 0.492363396286964 0.740061569213867 0.477079150080681
0.0215104648843408 0.00696726567111909 0.00136257203121204 0.00171801734832115 0.00428600672166795 0.0261171195656061 0.00317366946255788 0.00585356266237795 0.000142274969311984 0.000447419611737132 0.000528036561445333 0.0017818707972765 0.0136877861339599 0.00656674923375249 0.00119020996498875 0.00375524566043168 0.00044204792502569 0.000144685328177729 0.000241661906238733 0.000257240575592732 0.000402281515562208 0.000771863076806767 0.000968472576641943 0.000528857151221018 0.00266022153373342 0.019779143948108 0.0119337062817067 0.0324593989178538 0.0330575299449265 0.0697749109938741 0.170446528494358 0.114775186777115 0.415925341844559 0.241869328916073 0.341097828745842 0.344115826487541 0.28396899998188 0.385133853554726 0.414491856098175 0.413922053575516 0.38724260032177 0.399944540858269 0.434497860074043 0.457545587420464 0.666668397188187
0.00185728084761649 0.000684438282405608 0.000497015872497286 0.000333045402203425 0.000317818500116118 0.000127305717842319 0.000365413316012564 0.0001647055727517 0.000129027960474559 0.000481806249445071 8.67814880621154e-05 0.000101742120432391 0.0044107241788879 0.0183102601207793 0.00998592521063984 0.00564621107187122 0.00275962338782847 0.000525288897915743 0.000574002084613312 0.000172839847255091 0.000345584015121858 7.59014860477691e-05 0.000208771546385833 0.00157049372792244 0.0108200723305345 0.00940116490237415 0.0109422571025789 0.0125763676129282 0.00785798556171358 0.0167447530198842 0.00675823513884097 0.0256219781003892 0.114806869253516 0.0629192976281047 0.167434518039227 0.161056005209684 0.222064125537872 0.206149849295616 0.186339269578457 0.290738841891289 0.311141690611839 0.246483764052391 0.343214237689972 0.666912108659744 0.410401329398155
0.00024116187942127 0.00011819630062746 0.00056977062504302 7.30618099964886e-05 0.000265245258924551 0.000210026942659169 9.16948198664613e-05 8.26086499273515e-05 0.00571382939815521 0.0122487316373736 2.33597135320451e-05 8.94817735570541e-06 2.358632088999e-05 0.000916041486198083 0.000363764772919239 0.000147508834197652 0.00327448165044188 0.0111879841890186 0.00746327941305935 0.000308019547446747 9.11023821572599e-05 4.56206338640186e-05 0.000340782174316701 0.00104263877146877 0.000276656978894607 0.000193007717462024 0.000436357113358099 0.000251858720002929 0.000121453934480087 0.000371038950106595 0.000402732065413147 0.000613116026215721 0.00243524578982033 0.0114563889335841 0.0486275766044855 0.0504748571664095 0.019236041046679 0.0618739247322082 0.0403627816587687 0.138967419415712 0.0977536208927631 0.0572777513414621 0.525892671942711 0.353838545084 0.377561402320862
0.000363292923429981 8.50404662287474e-05 9.35938352995436e-05 0.000618410465540364 0.000133596614250564 0.000357123224239331 5.22632937759226e-05 5.18054455028505e-05 0.00384003382641822 0.0133450576104224 1.85275478088442e-05 2.23294326133328e-05 9.2444093809263e-06 9.37524885671337e-06 3.93955665913381e-05 0.000410452399228234 0.00679622949101031 0.00940303765237331 0.000414385572366882 6.18121418710871e-05 4.30130894358172e-05 3.47329631608773e-05 4.20529027337579e-05 2.959147490742e-05 2.73936284997944e-05 3.00872216030257e-05 2.70724775134568e-05 2.66592003981714e-05 2.21382543429627e-05 6.78288957715267e-05 5.60333973680827e-05 8.63853314285734e-05 0.000248002737498609 0.00453247179975733 0.0136061982717365 0.0563830949366093 0.058469215221703 0.0413353865966201 0.00628844166640192 0.023523978702724 0.0273532361723483 0.00804731755051762 0.0253925434313714 0.249594005942345 0.308535355329514
0.00132611362496391 0.000199658277779236 9.74519836631771e-05 0.0128893777728081 0.000302508991353534 0.000114066772312071 4.97119633678267e-05 7.46327730666962e-05 0.00774394928012043 0.0061314252205193 1.48737021390843e-05 4.26352598879021e-05 1.10165710339061e-05 2.0392998612806e-05 0.00020337881433079 0.000298838978051208 0.00110552863916382 0.000239083345513791 1.25335073789756e-05 0.000192154263277189 9.77512370809563e-05 0.000660587116726674 0.000147684840703732 5.21257767474026e-06 2.85835678113244e-06 2.82598205785689e-05 3.43389613362888e-05 7.65185729505902e-05 7.41702369850827e-05 2.70357722115477e-05 9.42394715821138e-05 0.000418381931376643 0.000161357757133374 1.53509789470263e-05 0.000120045116273104 0.000140271765121724 0.000257573642011266 0.000310279744735453 0.00161073599010706 0.00744866002351046 0.014376615267247 0.0290494329296052 0.0175036021508276 0.1826575756073 0.302042520046234
0.000262418158672517 4.61278539773957e-05 5.51411012679637e-05 0.000207610235429456 0.000116684225758945 7.3736083962217e-06 6.48963188893958e-06 5.68969835654798e-06 4.73163168862811e-05 6.24245407379931e-05 4.17893824305793e-05 6.07641719398089e-05 9.02020392459235e-05 0.000110057570782374 0.000103815756483527 0.000123616266137105 0.000269205595395761 0.000330199141171761 0.000178572903678287 0.000746382429497316 0.000159401896235067 7.65319498896133e-05 0.000217113558028359 0.000236170199787011 0.000229704722005408 0.000338187117449706 9.12933173822239e-05 2.18848755139334e-05 3.05445797437187e-06 2.71267090852234e-06 2.07974854404824e-06 9.81676965352563e-06 0.000109802233146183 1.8956618035304e-05 4.52751853288191e-06 7.10531716322294e-05 9.3197782189236e-05 8.44431639052345e-05 2.85755465938564e-05 2.87981200472132e-05 0.000307167534629116 0.0078723403159529 0.0337138695642352 0.0601220747455955 0.174005503952503
0.000146692154703487 4.70939101148815e-05 6.08999365212526e-06 5.77700855330932e-06 0.000309389489120804 8.86322109749926e-06 1.43319993867408e-05 5.09088798025914e-05 5.54244696104433e-05 0.000159691660519456 0.000101892513885105 0.000106356976357347 0.000150404077430721 0.000131203088312759 0.000149091844650684 0.000125552192912437 0.000131104293541284 0.00011684420023812 0.000102534490906692 0.000172896586809657 0.000128624706485425 0.000125907255642232 8.72093482030323e-05 7.08055029463139e-05 6.06037239776924e-05 3.96138213545783e-05 4.7491623172391e-05 3.20772063787444e-05 3.88234895126516e-05 3.95714629121358e-05 5.88488779840191e-06 2.41056296346187e-06 3.59360597315117e-06 1.54267848557765e-06 3.35478979422987e-06 2.71308126912118e-05 1.36769594831776e-05 1.38491242125838e-05 1.46174740422111e-05 1.57517260788609e-05 0.000293255685028271 0.0026824974513147 0.0379200855270028 0.0957513190805912 0.121820621937513
0.000250871560274391 0.00011817368958873 7.41159373944811e-06 0.00106704856734723 0.000251435679092538 5.74673425575156e-06 2.99546279165952e-05 0.000359467806265457 9.28563436900731e-05 0.000135891316313064 0.000123473617713898 0.000132718798340647 0.000141445450572064 0.000147415184983402 0.000166258276658482 0.000170672051899601 0.000164101262271288 0.000160344621690456 0.000117977400259406 0.000556151678028982 0.000117285540545708 0.000124063979819766 0.000100141271286702 7.28801633158582e-05 0.000105651918238436 8.42877175273316e-05 4.04570552291261e-05 5.84846751735313e-05 2.67777820226911e-05 3.29479652464215e-05 3.39409169100691e-05 9.50151020333578e-06 2.09174074896623e-06 1.8892769003287e-05 8.95517016033409e-05 2.54502587495153e-05 1.10074043504937e-05 1.64928536662501e-05 1.71613817883554e-05 1.90700428390755e-06 6.17346682929565e-05 0.000390008048998425 0.00245060704182833 0.00495945452712476 0.0106258437968791
0.00254203317454085 0.00062480496999342 0.000207966516609304 0.00212886577937752 7.08153653704358e-05 7.46252484589149e-06 1.61988543823099e-05 8.19048866105732e-05 0.000154236197704449 7.76122986280825e-05 0.000108720062780776 0.000105179015372414 0.000108846494549653 0.000117520649291691 0.000119664466546965 0.000118993515570764 0.000114704518455255 0.000112120680933003 0.000109132896432129 0.00012408453549142 9.60328565270174e-05 7.41359007406572e-05 7.98539198513026e-05 7.01449822372524e-05 5.37454853656527e-05 5.72179926166427e-05 5.31583995325491e-05 4.10099775763229e-05 4.09121953907743e-05 3.45870272212778e-05 3.4686304115894e-05 3.72751614577282e-05 1.84603523621263e-05 1.78982302713848e-05 3.14769106807944e-05 1.71778474395978e-05 6.9860618907569e-06 1.22658387766705e-05 1.68663325808893e-05 3.56012297189068e-06 1.43220830665314e-05 6.27556529934736e-05 1.57148883204172e-05 0.000217902756412514 0.00132387571793515
0.000214003976179811 7.14196197804995e-05 7.69438400311628e-05 0.00193598174955696 0.00269600069150329 0.00355369034223259 0.000546807571663521 0.000338979871594347 0.00033035352389561 0.000728670237003826 0.000216099580575246 8.83223432538216e-05 9.39316039875848e-05 9.30050096940249e-05 9.84042702839361e-05 9.4777487720421e-05 9.39456773267011e-05 7.46789299228112e-05 7.51050225517247e-05 9.97872466541594e-05 9.67676891377778e-05 7.90750957094133e-05 7.21826263543335e-05 5.49069070984842e-05 4.31786102126352e-05 3.97490234263387e-05 3.37319396294333e-05 5.06325098285743e-05 3.2186188536798e-05 2.94249309717998e-05 2.91995377665444e-05 2.95682029445743e-05 3.29277927448857e-05 2.59496551279881e-05 6.94641799782403e-05 4.36872833233792e-05 2.82667346255039e-05 1.60701213417269e-05 1.74714639683771e-05 2.44094853698584e-06 1.93310240419464e-06 0.000122890334796466 3.42764858601186e-05 1.04626147930276e-05 4.17007414625914e-05
9.29776228417722e-06 3.21935255669814e-05 4.13109779401566e-05 2.04021864192327e-05 4.713372727565e-05 0.000261382765165763 8.64465800987091e-05 8.96823825314641e-05 0.000111295914757648 0.000104125454527093 0.000121164569281973 0.000154901872156188 0.000275698406767333 0.000142851657437859 7.53156307837344e-05 8.80738765772549e-05 8.63133880557143e-05 6.46138887532288e-05 8.23958513137768e-05 0.000124829720698472 9.35742447836674e-05 6.96921808412299e-05 5.52288518520072e-05 4.53784151432046e-05 4.14158717831015e-05 3.45416282016231e-05 3.05094503801229e-05 2.95138809633499e-05 2.89222881292517e-05 2.75556714314007e-05 2.68015301116975e-05 2.52835469837009e-05 2.67386301402439e-05 2.55279094290017e-05 1.15334565407466e-05 5.40254979568999e-05 0.000131004045942973 3.25688794873713e-05 5.62161542802642e-05 6.54177499654907e-06 2.57049956644551e-05 2.09402075839193e-06 1.24922486207879e-05 1.09926401364646e-05 2.78730561049656e-06
5.49129297723994e-05 5.49089352716692e-05 7.36908343242249e-05 0.000117188823060133 0.000148732032175758 0.000140938252297929 0.000175512817440904 0.000117867379958625 0.000115277737131692 0.000113398516987218 0.000115533809002955 0.000112041220927495 0.000106073482675129 0.000107142475462751 0.000162860342970816 9.93161882433924e-05 7.21093354513869e-05 7.0786460491945e-05 7.12037826815504e-05 8.60877367813373e-05 6.61217369270162e-05 5.72324439417571e-05 4.37984484051412e-05 4.17369949900603e-05 4.05253411827289e-05 3.12018431031902e-05 3.04376937492634e-05 2.8433956185836e-05 2.76342084816861e-05 2.66864717559656e-05 2.52359119258472e-05 2.25009400764975e-05 2.29312315696006e-05 2.11515641012738e-05 1.03655908333167e-05 2.81059697954333e-05 2.6219716369269e-05 9.23853340282221e-05 6.05069792982249e-05 8.18931654066546e-05 1.98176415779017e-05 1.15874377968339e-05 2.03080919689569e-06 2.24474455450263e-06 7.84080544690369e-05
5.93979575569392e-05 9.33942781557562e-05 0.000122665370145114 0.000172276286320994 0.00016220413526753 0.00014879128029861 0.000134176854771795 0.000138015225456911 0.000144339155667694 0.00015552959193883 0.000180623776395805 0.000181499505561078 0.000150588005999452 0.000103154379576154 0.000101100293795753 0.000248939087759936 7.30179282982135e-05 6.17106644313026e-05 9.01687106306781e-05 6.47319113340927e-05 5.23187272847281e-05 4.22154708758171e-05 3.91712756481866e-05 3.81157232823171e-05 3.64086617082648e-05 2.96524056921044e-05 2.79955141650134e-05 2.75126025826466e-05 2.84156988982431e-05 2.65928030330542e-05 2.44489387114299e-05 2.2060637593313e-05 1.99104352986978e-05 2.06718534400352e-05 1.23337753279884e-05 1.69198947787663e-05 2.6165866302108e-05 9.47955246374477e-05 2.35065682318236e-05 4.85165242935182e-05 1.36380672756786e-05 3.91605557524599e-05 3.5104307335132e-05 9.71964223310806e-06 1.00319865453002e-05
1.02858213153922e-05 0.000157558004138991 0.000168685166863725 0.000201794978784164 0.000196316710935207 0.000184531839477131 0.000173387338872999 0.000162190212722635 0.000161372743241373 0.000173565886871074 0.000205235042085405 0.000159974372945726 0.000111551963709644 8.45368125737878e-05 7.40753446734743e-05 7.35860885470174e-05 0.00024424522271147 0.000139064434915781 7.63037445722148e-05 5.31039536326716e-05 4.23545330704656e-05 4.00389760216058e-05 3.61999673259561e-05 3.31893684688112e-05 3.48650506566628e-05 3.37235162987781e-05 3.12187429699406e-05 2.92198592433124e-05 2.85091334717436e-05 2.71166247330257e-05 2.57984965628566e-05 2.18166301237943e-05 1.82352079718839e-05 1.76239138227174e-05 2.33904548395003e-05 7.22393503451713e-06 2.28978584800643e-05 8.6098199517437e-06 4.65938164211366e-06 2.65804406467396e-06 6.17257977864938e-05 3.91509162000148e-05 2.03619739295391e-05 2.28085679907508e-05 2.055687274094e-06
1.01372289364576e-05 6.2369101033255e-05 0.000213810658169677 0.000329706283810083 0.000283638307155343 0.000246689804043854 0.000259736651059939 0.000196827483887319 0.00013941279539722 0.000120645920469542 0.000128691931604408 0.000115673159962171 8.50578802783275e-05 7.26576288798242e-05 6.62535758237937e-05 6.04956912866328e-05 6.52446633466752e-05 0.00031772377260495 7.45524612284498e-05 4.39642276433005e-05 3.97898971641553e-05 3.45440580531431e-05 3.35158795223833e-05 3.2080798791867e-05 3.34156307417288e-05 3.57424375579285e-05 3.58130148470082e-05 3.21590181101783e-05 2.88939798338106e-05 2.68908192083472e-05 2.48548673653204e-05 2.04745006158191e-05 1.75864219954747e-05 1.54308788751223e-05 1.55597232833316e-05 1.93017755464098e-05 1.22876973932762e-05 1.36750296405808e-05 1.06374644474272e-05 4.06386223403388e-05 9.31012139062659e-06 6.4101108137038e-06 4.86830049908349e-06 9.15580993154919e-07 1.51734234723477e-06
2.77599534911133e-05 5.75390581616375e-05 0.000197555352497147 0.00034896663564723 0.000416937895352021 0.000530612624424975 0.000378872417786624 0.00019283927831566 0.000178343323932495 0.000126431620083167 0.000113683737436077 9.79850334260846e-05 8.46581926452927e-05 7.24573921615956e-05 6.26594279310666e-05 5.49285565284663e-05 5.26239323335176e-05 6.56037400403875e-05 0.000205814460059628 4.03712707338855e-05 3.68254278782842e-05 3.33016740569292e-05 3.20842848395841e-05 3.24080254358705e-05 3.74319251477573e-05 4.19571245402039e-05 4.11365776926687e-05 3.45190604093659e-05 3.00877238714747e-05 2.7231425701757e-05 2.51121151222833e-05 2.06260924414892e-05 1.78365636656963e-05 1.51111305967788e-05 1.37410846377861e-05 2.05965969030331e-05 1.01228683320187e-05 1.64494716045738e-05 1.18286947781598e-05 3.635094008132e-05 2.29022862185957e-05 1.25222175938688e-05 1.29800746080377e-06 1.31330590136258e-06 8.40347709818445e-07
0.000201097357057733 0.000357937431544997 0.000410707930859644 0.000427245486935135 0.000341862805362325 0.000305071847105864 0.000211653789301636 0.000166717448882991 0.000153176971434732 0.000135925069480436 0.000121788636533893 0.000110283740286832 0.000102316160518967 9.30351930946927e-05 8.02112272140221e-05 7.03973819327075e-05 6.24162494204938e-05 5.61700409889454e-05 7.03390702256001e-05 0.000216410174471093 5.93106352425821e-05 3.39019861257839e-05 3.16775984174455e-05 3.7644618532795e-05 4.31940295129607e-05 4.14481880397943e-05 3.99281543650432e-05 3.43484836776042e-05 3.15823516302771e-05 2.74449409516819e-05 2.46127591026379e-05 1.99691123725643e-05 1.71834720845254e-05 1.53173649096061e-05 1.40979171874278e-05 1.36593307274779e-05 1.76876788941627e-05 1.8253080793329e-05 9.5716984333194e-06 1.98893126480471e-05 1.4960435237299e-05 2.089180168241e-05 1.15724697025144e-05 1.6809171438581e-05 9.49448682519005e-07
