Maxent_result_files_1/Bombus_magnus_3.asc
NCOLS 594 
NROWS 330 
XLLCORNER -15 
YLLCORNER 23 
CELLSIZE 0.166666666666667 
NODATA_value -9999 
[rows 140 to 159 of 330, columns 180 to 224 of 594]
-9999 -9999 -9999 -9999 -9999 -9999 -9999 -9999 -9999 -9999 -9999 0.00145979107673535 2.1488784612389e-06 7.99112532064994e-06 4.72458643313578e-05 2.41650460426124e-05 0.000260166647531457 3.40220516570344e-07 2.46008256753139e-05 1.26631880136951e-05 0.000426500105126792 -9999 -9999 -9999 -9999 -9999 -9999 -9999 -9999 -9999 -9999 7.45711092386969e-07 0.000717985450137348 0.00908946369308978 0.00575033088844066 3.3939517862791e-14 0.00285844243287272 0.00457818495796474 0.00017575696133636 0.00572006234599485 0.0762468867797537 0.0042876387394975 0.00345490408536111 0.00165044688415783 1.37138092428657e-06
-9999 -9999 -9999 -9999 -9999 -9999 -9999 -9999 2.02066722172489e-05 1.8010840523508e-05 0.000171273606697531 5.21650679510932e-05 4.28528012282103e-05 0.000382304446563087 9.29389084910026e-05 1.25943884169755e-05 1.00516999790412e-05 2.68752248017257e-05 0.000288262463972755 0.000671971157204643 0.000291233518548617 0.20253405386502 -9999 -9999 -9999 -9999 -9999 -9999 5.97484365816303e-07 4.88145406763785e-05 0.001462834193444 0.0028819108531934 0.000680377983007929 0.0042235607168351 0.00158089075121097 0.00696329262927975 0.000187800162413509 0.00250472745603449 0.00162850437290578 0.00150701459984557 0.0043113681532881 0.0036517835434832 0.00280500308613715 0.00195278968715541 1.1269821230353e-05
-9999 -9999 -9999 -9999 -9999 -9999 2.8433411337403e-06 7.60789029300213e-05 0.000103439079110301 9.45819142794235e-05 8.63740871170915e-07 6.46373397841793e-05 0.00217925109589032 0.000357936870987685 0.00745048007554487 0.000509804557838578 0.000540951836613046 9.94700218999611e-05 0.00031257946319343 5.55263327902678e-05 0.000266320448961377 0.000643915098988423 4.252527335602e-06 1.73261405223002e-13 7.42583212414161e-06 0 3.95047464740728e-09 0.000389275165143399 0.000681724588817312 0.00239626785838016 0.00403888063576687 0.0036911423613958 0.00333813596985806 0.00385931698210697 0.00434570953262892 0.000689084218409519 0.00312093758718575 0.00210135969950036 0.00281450722987103 0.00113289023702237 1.91248242348285e-06 0.0311439989571897 0.00054771752271574 0.00457044723371146 0.00298217195668259
3.87976167792736e-07 6.47785681606727e-07 3.55530558422967e-05 4.83920207534183e-05 0.000245771597192901 0.000542348562010964 0.000324018745365884 0.00705197795932341 4.82467509094198e-06 0.000132475532183263 8.78310011076522e-06 0.000212019428329135 0.000518429549613153 0.00106355457169789 0.000829590090873411 4.85719039433619e-09 1.43329060842134e-09 1.16728620791484e-07 0.00635904910468739 0.000178020461179895 0.00155411522301289 1.45004466311605e-05 0.000231249908796405 4.96086951518038e-09 0.000329209775873096 4.85167907982031e-07 0.000135268882235096 0.00232972831757584 0.000698441541985173 0.00278966251313104 0.0028546943114089 0.0217282964970777 6.30724713868158e-05 0.00355341348040538 0.00173850866564718 0.000427853792462007 1.69768783475632e-09 0.0013946265670939 0.00105865353320951 4.42222271623827e-07 0.000157768028923477 0.00377672762188013 0.000225960430805117 7.81821605997379e-06 0.000316767096182957
6.98882566677606e-06 4.07486368790066e-05 0.000160735886550234 3.96071007919829e-05 1.44513485873299e-05 7.77274173016762e-05 0.00391809431821457 0.000113945637202839 1.39210112748867e-05 0.000500013822138479 0.000484105767736764 0.00581001484133594 2.99589373531361e-08 4.26156243626963e-10 1.84823267801448e-12 8.12999001453818e-11 1.19845064983082e-08 1.60016389028073e-10 2.05410333187217e-10 1.91877412926145e-06 0.00101799704025326 0.000520279416741776 0.000610812625473045 2.65096325779979e-08 1.34216017433353e-06 0.00134093771630432 0.00147810351845692 4.36385153399499e-06 0.0170291093767491 0.0120060328615178 0.00318921086876121 0.00195083760701331 0.00546248132014563 7.1352390515278e-05 0.00840853917775917 0.00178705757425632 0.000270585647581356 4.19219442420182e-06 8.58223786337931e-05 5.59538558349004e-06 4.72710831218137e-05 2.467804808024e-05 2.03467493115284e-05 0.00440547678808798 0.000719982992836776
6.59704316647858e-06 3.65865610378213e-05 4.69946147757749e-05 3.84347970904808e-05 0.00114261448681425 0.00132477489001066 0.00239467419301569 2.36678415482694e-05 0.00392031881993944 0.000680730148059183 0.863517439924181 4.28218666170821e-07 8.64501312660027e-05 0.00829318660146896 0.000181140784162526 3.04912994852913e-10 1.89925852822626e-13 5.29459687204081e-10 8.95248652987846e-11 3.32921279433407e-10 1.48969003799237e-10 0.00353383649689932 0.000470287631014799 2.64995384597455e-05 2.58005917714854e-05 4.46883730242931e-08 9.18014886565288e-05 3.5527136788005e-15 0.00664195273420782 0.000122668482295296 5.3467524396611e-06 0.000195578339742053 0.000183259433271132 0.033398850526227 0.00314336423289797 0.00154050298497169 0.00752309807576239 0.00204302484953018 0.000412196678288979 1.37036588155448e-05 6.21285094482005e-08 0.00267875227368677 0.00192847784333026 0.0100807353126584 0.000273904923571244
1.18786845408225e-05 8.85514305376978e-05 8.18429159967438e-05 0.000127257560872251 0.000401611822757453 0.00102527965246715 0.0763020780403167 0.0526934769211039 2.00891139414794e-05 0.00123253230021027 0.0174804589146902 4.99682808415614e-05 0.00448047593253004 0.000556807837892848 0.000731860285759467 2.351723108166e-05 1.0641016633528e-05 4.7289250293403e-11 6.3381855319733e-12 1.71433944817778e-10 2.34085162165165e-07 1.82135686388474e-07 3.35135474927029e-10 0.000734674289560644 0.000467712162753742 2.80364562623703e-06 0.000178962660720572 4.8199881511124e-05 0.00121902846240118 0.000824637655023586 0.00100962950673432 0.000452503150108896 0.0120444383718069 1.03656380271433e-06 1.49286560990891e-07 0.473321247473412 0.017125445563579 2.05659879125575e-06 1.56540477935785e-07 4.70662642193531e-10 0.00877675844066061 0.00575180060459388 0.000543418235298532 0.000787350065229475 0.000394908455729137
9.63405269571727e-07 1.30323324330495e-05 2.46411575455019e-05 0.00103873240261834 0.000108844240290362 0.000869252395540343 0.00899760811656023 5.53408771586383e-07 7.75995934176876e-12 7.82491726969425e-10 2.85078414527629e-05 0.000146186268590842 0.00302527821379337 0.0119972280231217 0.000102108918665067 0.000182759903165675 1.02734405388105e-05 1.62814206561279e-13 0.000388272286727442 1.43704958439628e-05 0.00230081491463352 6.22582313162923e-05 7.57931624598029e-05 0.000107695038634859 2.70337507487284e-05 0.000150566214892933 0.00450069498911034 0.00104581191253601 0.00194836832870351 0.00130608528234006 5.12861655010965e-07 0.00059022581631325 0.00102933814450807 1.70801184951053e-07 6.39859744839821e-06 0.00351849220563736 0.0119002989254113 0.00140966368815896 0.000885446865009953 0.00102984730884899 0.00194212250872425 4.33014804403498e-05 0.000760183730039898 3.5169277663627e-05 1.85874799022656e-05
2.84796748412086e-06 8.05943557780076e-06 2.39192929281651e-05 2.14018817547235e-05 0.000133285231404245 1.62873070586045e-10 1.25150347342506e-05 0.0086061198479995 0.0268726449722365 8.63844368560684e-05 1.00514634060467e-08 1.09770581735447e-08 0.0013826351682412 0.000367362174108854 0.00727862070640457 0.00026888789016084 3.73543834948364e-06 1.542077302219e-06 0.000129987032244472 1.87681979333831e-05 2.5226662832889e-06 3.6462152186445e-09 1.95073939678325e-06 2.17094096423232e-05 1.62443987337113e-05 2.51445851521481e-05 0.00047689533907942 0.000344489928693292 0.010202277711114 0.00268530889115937 0.00396454387664562 0.000468700608598738 0.000776688100904721 0.000354709764906147 0.014596800774234 0.000631676702423079 0.00539558424276265 0.000429538717049827 0.00154489553109869 0.000532275311440422 0.00633157821960992 0.000585448236199326 1.44333566624355e-05 0.000146530260109756 2.02875689399917e-05
6.88632400454026e-06 1.12925616869042e-05 0.000111699800714926 0.00011536869631863 2.78482163023064e-06 4.33834117075094e-08 3.68474495693327e-08 1.62814401183375e-08 0.00104337067952227 0.000365902786969574 2.22704376690031e-06 0.000523327733758483 8.44134479116576e-05 0.00289442092325776 0.000116729401142379 3.95868690544199e-05 1.29971080276015e-07 0.0169685417391293 4.82924642417948e-05 9.78927383599171e-11 1.0798747585028e-08 0.00309251246207349 1.39343614794618e-05 2.10817885927028e-05 7.85353680520018e-05 0.000338217715466271 3.01007093057137e-05 0.000248989831379731 7.49818463624541e-06 0.0012134290755057 0.000119124438006679 6.98267016975507e-05 2.74339600386808e-05 0.000161544692230109 0.000113867867835893 0.00101218861672265 0.000681883610520018 0.000820755542322971 4.3692225732217e-05 0.0138458220814471 0.000428495002938334 2.19134292478773e-05 0.00404822905361471 2.62512682136062e-05 1.57835236761716e-05
4.78561921127829e-06 0.000536507363822425 4.33772797515664e-06 6.16688171874102e-05 5.44930618489148e-05 4.95034531733385e-07 0.000341913883079437 1.16772726710401e-08 0.000131352983483179 0.000226960000015597 6.45163195089893e-09 0.00116369214934016 0.00185862819148593 1.05304883518897e-05 1.84703172243506e-06 4.87723042874588e-06 3.91958455914221e-08 4.58002945402658e-07 4.03053123548824e-06 8.53330669150498e-06 8.00568500380905e-12 3.1065715599965e-08 3.86474922065005e-09 5.10658182406587e-13 2.42762804048002e-07 0.000118367163901922 0.000429628621702705 0.00360345586946096 1.15770433115836e-05 2.85814221290259e-08 1.1048468621766e-05 1.44140548705707e-05 0.000183171831585938 5.27497135557331e-06 6.39131396695802e-09 4.09340911289302e-06 0.000100606841738771 0.00018142514769135 0.000936975174405297 0.000156313518821305 0.00012510246077575 0.00013217775683938 0.00055912785800114 0.000525962817530967 3.6316203678588e-05
1.21324679202783e-05 0.00070788057110589 3.32505421608009e-05 3.56048523997288e-13 1.99473770834402e-13 7.24009741048803e-13 4.61800053752626e-10 1.98507876802978e-13 2.12302397883946e-12 7.74934974878683e-07 0.000221341398639652 0.000153191428012178 0.000179603657309713 0.000409675984110436 6.9357098058731e-05 2.26017210386287e-06 2.87248094643644e-08 1.55144424918152e-07 0 2.53557952634154e-08 1.38261123470373e-05 2.72508789977977e-09 1.83156074372581e-06 0.000310985806242403 0.000130970843021716 0.000140038557302091 9.09618689931335e-05 0.000256255611105871 1.00616419529409e-08 8.1199346273042e-06 1.019156551747e-05 1.63806688902035e-05 0.00020030625811529 7.18820544973298e-05 1.70552024849613e-05 1.32734980812454e-05 0.000315774570724003 4.84317967053949e-05 0.000143003665562946 0.00138507691146139 0.00119625966979908 0.037885125231162 9.05660090774196e-05 5.43073330208532e-05 2.24140165668629e-05
6.36838067835654e-09 6.60038690369902e-13 2.20474527523606e-11 1.03204476988861e-06 1.09559469264719e-05 0.0122796678753957 0.000932754001891134 2.88768756107061e-05 3.52228477538574e-05 4.37169630664869e-06 1.76233494004752e-06 2.96250564574052e-05 5.95985517294118e-05 7.8314545667979e-05 1.50686319882354e-05 0.000149064526426912 3.30635075323382e-05 2.8492644534861e-07 0.000132227280423081 1.458162736101e-06 0 4.54030146812556e-12 2.39910850396985e-06 8.95447678084249e-07 8.44979157384684e-05 3.06390394266831e-07 5.28916603848018e-09 3.45537923471806e-06 2.51707220414454e-06 3.76012752590915e-06 6.58861186719761e-09 2.09421335848114e-05 1.04440723458721e-05 0.000197638207132833 7.39337289320297e-05 4.09995737233881e-05 0.000479049639645002 4.03906891546346e-05 0.00112804736437471 0.00134607261088004 0.000210766359410597 0.000300741077471633 0.000134477932964183 4.36735183955705e-05 8.35904614299388e-05
0.000425458310778826 5.11152299630502e-05 0.000383767506002008 3.11645450651321e-06 5.37285475810112e-07 4.91473043817692e-08 2.01722258896808e-09 2.28685619193314e-05 3.40981096922377e-06 4.20108790475382e-06 0.000394010167106273 1.3483616900789e-08 0.000549264930930349 0.000196639097089246 2.09111906612325e-05 3.95380206495766e-05 1.00076605932475e-05 0.000181709681453057 8.03722847531052e-06 5.50377095565047e-08 4.79110481255152e-06 1.93840884556318e-05 1.24145075797166e-07 2.28997840447942e-06 3.1272630939605e-06 2.19078901131375e-08 0.000335716983608592 0.000574482069487203 1.08543633625668e-07 2.09395981035421e-05 1.91476334787666e-10 6.7531065184312e-10 2.17069180993845e-05 0.000473584371045455 0.0305373825551385 0.113169525081845 1.02767370398049e-05 0.000323941755318746 5.13523769735458e-05 0.00028844392675782 2.561805880128e-05 0.000124973948196894 4.502338004434e-05 1.56550496829722e-05 2.06870380922819e-05
3.77686341090921e-09 3.6144799375748e-10 0.000104342160554449 0.000411003285250133 0.000111493015030484 5.56060150636028e-07 5.13977045368819e-09 3.02773034543957e-07 2.24410335981418e-05 2.04407092548875e-06 7.43253592524695e-05 0.00477083669450167 2.19778402557935e-05 3.57483458415242e-06 3.09669634698473e-05 8.20033347515015e-07 6.03070368719871e-06 1.61225477413041e-12 1.53059206157158e-06 0.00457427598485083 6.98473490512441e-07 1.30093971461798e-05 2.22897818016876e-05 1.05633792379933e-06 1.06940334149153e-05 4.59069555687197e-06 5.75690119988259e-06 2.23476598939509e-06 2.38129804163156e-06 2.52235209976526e-06 2.05710063236442e-05 5.6937272616242e-06 7.91543240321602e-05 0.000520666883748078 0.00330222706226948 7.31423617819082e-06 2.56112204200298e-05 0.0530772413628256 0.000201002897738878 0.000276152091605031 1.21565364684884e-05 3.9519466208382e-05 1.03447178641636e-05 1.31737794676789e-05 4.52296950934628e-06
1.37467458083407e-07 1.66318153693723e-09 1.86260673551431e-11 0.000738168471980838 0.00017779113877765 1.13536133827807e-09 3.94373338563625e-07 9.60609985412475e-05 1.63279951674866e-06 1.78850492659199e-06 3.18764484585898e-08 5.63399953348309e-06 3.0031722906898e-05 3.29245015480151e-06 2.88279677616021e-06 7.69361833002913e-06 3.20425527111645e-08 2.69134714514507e-12 5.44079971667166e-06 1.12767856431661e-06 6.14285848872687e-05 0.000118788690216665 4.28472487723486e-07 1.31727840311791e-05 9.2000737310749e-06 1.00435154688494e-06 3.35028370260781e-06 3.87437796246504e-06 3.79206937963117e-05 1.89707494480107e-07 8.73922803506844e-05 0.000198801286053119 0.000146968459663199 0.000134351361316654 0.00059759243312385 0.00521079977806949 0.0436207587830722 5.65528185243469e-05 0.000307448002986987 3.33310436969714e-05 6.87502089012026e-05 4.26826607246133e-05 2.47285613841686e-05 3.76439253556127e-05 1.56384672086229e-05
3.02827762865832e-12 1.17764920037899e-10 2.26989497085217e-05 2.43115083087275e-07 1.10070593640321e-05 6.4804828170395e-13 6.25713465873812e-06 9.76414502549261e-06 3.95227140636223e-05 2.98762744776582e-05 2.50550857261445e-06 2.951605608148e-07 4.76333054336919e-05 2.12168360737008e-06 5.89814644103015e-06 8.27750615173262e-07 4.07804426361125e-07 5.57482373814144e-06 1.0023573258966e-06 7.36531428450205e-06 3.31194361402609e-07 4.2470892313573e-06 6.86109359699927e-05 0.000152214942922058 8.95315727906798e-06 0.000155117295918927 0.00159819866162252 7.25258194505862e-05 0.000104749782803815 9.59132595035328e-05 3.33572480201161e-06 0.000161828167102485 5.59585631830117e-05 0.000119630052108732 0.000184003217688655 0.000324576273830246 0.000802328145073261 0.000285130146133206 0.00205975261180953 0.000463925654709385 6.21532246309564e-05 1.65552269537517e-05 2.10426149904186e-05 0.000151092283256737 3.703034393987e-06
0.000919257763335546 2.26373775280564e-10 7.07745030553042e-05 3.59245073894954e-05 0.00280772187243201 1.25816219664898e-09 6.03510245251293e-05 1.13368897923571e-05 1.76614200930736e-06 2.89572934693005e-06 1.57888928731253e-06 9.8789462132931e-07 3.02260554840839e-07 1.59577452620852e-06 1.18162939986011e-06 1.99047472763114e-06 3.99079638404576e-06 1.61356494778886e-06 9.08505657393199e-07 1.34269556241406e-05 7.40917664532326e-07 6.08332665352762e-09 4.04063547240208e-06 8.83271819617448e-05 2.73290229258372e-05 7.67473341895197e-05 6.12123574050827e-10 3.09297084077897e-06 0.000250562909366181 8.16204362145356e-05 4.94426811337156e-05 0.000135124594906344 0.000106896255102029 0.000122788738786994 2.39209240959326e-05 9.57490734587729e-08 8.75291039530879e-05 0.000823672062411163 0.00101239406016731 0.00136697586465004 8.83142872398324e-05 1.25069250204279e-05 0.000102479866683503 0.000109104684044037 0.000181978982106479
0.00586050897254609 4.80675069225445e-07 0.00222215965950455 0.00156040644160453 0.00108844869682798 2.19188419683825e-05 1.99341358097627e-05 1.19258031483493e-07 4.95815535311861e-06 1.00755179051948e-05 4.09613731522374e-07 1.93906144209111e-06 1.21044142279425e-06 3.21809116635707e-06 2.12301358849087e-05 5.86474107723278e-06 2.52249328295262e-05 3.8606778539263e-05 4.18122008088995e-06 5.32133386485611e-05 0.000160168242035752 0.000275747254494263 8.96373150091279e-05 0.000129568603935581 5.38403311729496e-05 0.000623757352880716 0.000108211464177188 1.65413371407852e-05 3.59466375957629e-06 0.000125586189135607 0.0751881299969682 4.87603835001682e-05 2.16668013152121e-05 0.00267556984219937 0.000253282033409619 0.000609423022996225 9.2657861971901e-05 4.40953875773253e-05 1.09704001314381e-05 0.000545162393089527 2.41251847498236e-05 0.00167780819454109 0.000120343058830619 0.000172669154540017 0.000202769539202308
2.24143958948986e-09 5.48281570145193e-09 2.81490052822519e-08 7.57538287654569e-10 3.64331897984016e-11 3.67127634408604e-05 0.000799253779814535 2.27331415858512e-06 2.65512044150817e-07 1.58710155474528e-06 1.79409106593198e-07 1.58069306632758e-07 3.8121144073866e-06 9.91749297962752e-07 9.6699734921657e-07 9.46647514965537e-07 8.73892041175495e-08 3.649699128081e-05 6.88985163354028e-06 1.51582803383787e-06 0.000279604753359308 0.000196654369005955 8.2739491821826e-05 4.94756809751307e-06 0.000326092740196771 0.000862155562754197 3.29348971273014e-05 2.44429296167858e-06 0.000915568250713861 0.00171285526292877 1.94331850797536e-05 0.00204078234412464 0.000934658285041223 0.000170048202824091 0.000145162056259096 0.00048378224348653 2.65134178781823e-06 0.000176007760454411 6.88051600969519e-05 0.000354183390488849 1.99288017199706e-09 0.00177429306979775 0.000190282135046438 0.00044622727057515 0.000328492065676755
