Maxent_result_files_1/Bombus_rupestris_3.asc
NCOLS 594 
NROWS 330 
XLLCORNER -15 
YLLCORNER 23 
CELLSIZE 0.166666666666667 
NODATA_value -9999 
[rows 200 to 219 of 330, columns 414 to 459 of 594]
3.42353793712391e-05 5.54746888155933e-05 3.30466508785321e-05 3.02875675515679e-05 2.95792142424034e-05 2.57151575169701e-05 1.86300935638428e-05 1.74439564034401e-05 1.56276181314752e-05 1.66306676874228e-05 1.47062006135457e-05 1.62583930887195e-05 2.05140283696892e-05 2.32949951168848e-05 2.51446433594538e-05 2.51864914844191e-05 2.63518749989089e-05 2.70273718342651e-05 1.8051463825941e-05 2.12004578997949e-05 1.70398217505863e-05 1.7513396232971e-05 1.75864265202108e-05 1.78041905201098e-05 1.77913622565029e-05 2.7282131713946e-05 0.000141393322337535 2.2433778622144e-05 1.21076068353432e-05 1.19533561360186e-05 1.26065158269739e-05 1.74786672232585e-05 0.000105632235863595 0.000124022235468146 3.78747133254365e-05 2.12064397146605e-05 1.23257847235436e-05 1.83798813850444e-05 1.19606999987809e-05 1.12966520305235e-05 1.22121961567245e-05 1.21830969533221e-05 1.21177902542513e-05 8.82499300587369e-06 2.39548313345495e-06 2.30331511943405e-06
2.48412597102288e-05 2.5829095784502e-05 8.93047428689897e-05 2.58753699654335e-05 2.27005836677563e-05 9.48127924402797e-06 1.6080243608485e-05 1.6534421047254e-05 8.17876103837989e-06 1.73390666986961e-05 1.10944082166498e-05 1.7475194022154e-05 2.08747072974802e-05 2.00518873953115e-05 2.18744922904079e-05 1.82254431365436e-05 1.64483522439696e-05 1.64350010209091e-05 1.62791864568135e-05 1.64303584142544e-05 1.58166865276144e-05 1.59887769541456e-05 2.64900942056556e-05 1.6535762051717e-05 1.64811598551751e-05 1.95125340724189e-05 1.7921372955243e-05 9.98522021973258e-06 1.15176023314234e-05 1.13988586122105e-05 1.18281654408747e-05 1.5863568023633e-05 2.31037876346818e-05 0.000104292792457272 2.58348107763595e-05 2.06700497074053e-05 1.84584118642306e-05 1.70683844089581e-05 1.12542754663991e-05 1.0718611952143e-05 1.12104071945396e-05 1.10122630530896e-05 1.12058509557755e-05 2.05701881839104e-06 3.00189852850963e-06 2.92061742186434e-06
6.76111380016664e-05 8.24152884888463e-05 8.0656711361371e-05 8.34119830415148e-06 1.3041278862147e-05 8.60599305951837e-06 1.60920024427469e-05 1.47436124507294e-05 5.2243007985453e-06 1.27580969092378e-05 1.46895931948166e-05 1.44247704611189e-05 1.18214512212944e-05 1.32129137682568e-05 1.34897517909849e-05 1.41577170779783e-05 1.42673255140835e-05 1.40344686087701e-05 1.38316428206053e-05 1.44725815516722e-05 1.46563564840108e-05 1.46144978089069e-05 3.78188389731804e-05 1.44342082649018e-05 1.51698331137595e-05 2.33836676670762e-05 1.14263489876976e-05 2.61869299492901e-05 1.45477310411479e-05 1.20759821697902e-05 1.47534348798217e-05 1.59185822212748e-05 1.83811827128011e-05 2.02865929622931e-05 1.97457876993212e-05 1.78348296458353e-05 1.09908039235052e-05 3.50724700183491e-05 1.30505745232767e-05 1.03895480492611e-05 9.89984107491182e-06 9.89962843505054e-06 7.60498045337954e-06 1.69114767629708e-06 2.26444262523273e-06 2.34050411904718e-06
5.68380335607799e-05 2.38142909893213e-05 3.54293601048994e-05 3.70407435070774e-06 1.349415056211e-05 1.18749439707244e-05 1.39018926802237e-05 8.5505997844848e-06 3.20303402361333e-06 1.05243172583869e-05 1.56558377284455e-05 1.05483279526197e-05 1.04555508301019e-05 1.09742935137547e-05 2.14696270631976e-05 1.21953896382365e-05 1.27945935673779e-05 1.33271051481643e-05 1.38082978764942e-05 1.33499631260747e-05 1.31481572225312e-05 2.05697229830548e-05 4.21038018430409e-05 1.38777084316644e-05 1.38331015364201e-05 2.31319440217703e-05 1.9656346762531e-05 3.10429515593569e-05 1.71150247751939e-05 1.55782836827711e-05 1.08977349668749e-05 1.45839580000029e-05 1.4703975671182e-05 1.18495981951128e-05 1.48411150121319e-05 2.99017321594874e-05 1.16841684757674e-05 3.59535305506142e-05 1.08834650518475e-05 9.66597372098477e-06 9.14397309088599e-06 4.51554005280741e-06 1.52306539007441e-06 1.48340271977077e-06 1.39329722657067e-06 1.16849359130811e-06
1.2379452073219e-05 1.06490726693664e-05 3.14766009978484e-05 5.59808606226397e-06 1.48303889318413e-05 1.28699519564179e-05 9.69444856764312e-06 4.59460983393001e-06 1.06773532706939e-05 1.04571695032973e-05 1.60798314254862e-05 1.01595143974009e-05 1.04430459032301e-05 1.05713413859121e-05 1.10719847953078e-05 1.15340330012259e-05 1.17478721790576e-05 1.24601443189931e-05 1.26129624504756e-05 1.19205244914156e-05 2.44802279667056e-05 2.10845379115199e-05 1.30188413550059e-05 1.3245355376057e-05 1.34298143052547e-05 1.42739570492267e-05 2.58201248470868e-05 1.35410257371404e-05 4.20113908148778e-05 1.63344606562532e-05 8.92013911197864e-06 1.62517873832257e-05 1.75042579485307e-05 7.16319467755966e-05 1.24124428111827e-05 2.39229699900534e-05 1.58066944777602e-05 3.3252736511713e-05 2.14826773799359e-05 8.0124177657126e-06 7.28834263554745e-06 6.55690943176523e-06 5.07216240066555e-06 1.3299763210739e-06 1.22298977487389e-06 1.11287634041446e-06
6.45648136696764e-06 1.40526448831224e-05 4.3000615960409e-06 4.60518859881631e-06 6.52368347004995e-06 8.74098100211995e-06 1.24559669984592e-05 1.01633750773544e-05 7.29245343791263e-06 8.75091252510174e-06 9.83629845450196e-06 1.04499948633929e-05 1.02007042642072e-05 1.01533647125507e-05 1.05861802467189e-05 1.12083711201194e-05 1.13702656904024e-05 1.17467257723547e-05 1.1270562822574e-05 1.10851540853218e-05 9.20168968150392e-06 1.30834505853272e-05 1.32697982053287e-05 1.29907362406811e-05 1.33704986524208e-05 1.36556612233107e-05 2.63467839886289e-05 2.62889281202661e-05 3.74475332137081e-05 3.93957372580189e-05 6.13609885476762e-05 7.30736846890068e-05 3.37306797518977e-05 4.20195148763014e-05 2.31495850584906e-05 1.14690909867932e-05 7.84236038953168e-06 8.07314116855196e-06 1.58265101163124e-05 7.30141618987545e-06 6.66965154323407e-06 6.27537918944654e-06 6.32990050917215e-06 5.73431540829006e-06 5.88353626085336e-06 6.31921358831278e-06
2.95243588084304e-06 3.27828437320932e-06 4.72463456162586e-06 3.25824251490303e-06 2.1970570060148e-06 2.06004951905925e-06 6.44294862581774e-06 1.07616581317416e-05 6.93571957981476e-06 1.0726935454386e-05 1.54588041368697e-05 9.85100695061192e-06 9.95412244719773e-06 1.02710005990048e-05 1.06317365407449e-05 1.11283553223984e-05 1.16293389737621e-05 1.12007540792547e-05 1.0034423110028e-05 1.02946031006468e-05 1.00495217907337e-05 1.1283070580248e-05 1.07708489395009e-05 1.15353803153084e-05 1.29791967424353e-05 1.27148765272977e-05 4.50167449798755e-05 1.1615671223808e-05 2.74202343462093e-05 4.94885599437112e-05 0.000175108249823097 7.65007545851404e-05 5.31579790731485e-05 1.36096479536718e-05 1.28511865341352e-05 2.17129793782078e-05 1.1409471881052e-05 7.1980304085173e-06 1.63114867319791e-06 1.93150362406413e-06 2.8512176413642e-06 1.05313185372324e-06 5.06326578602057e-06 5.31680315134508e-06 5.73640243146656e-06 5.63925304390978e-06
3.55808908807376e-06 2.54932612619996e-06 2.14694927080927e-06 2.19945374340114e-06 2.23221766759707e-06 2.56294160294601e-06 2.57626040820469e-06 5.54124868017425e-06 6.22307089201968e-06 1.57290083507178e-05 1.37518232349976e-05 9.36029667855109e-06 9.9794391303476e-06 1.0389790361387e-05 1.10448552163689e-05 1.10181031232059e-05 1.05061710200971e-05 9.99216180161966e-06 9.29637501485559e-06 9.13972780836048e-06 7.68252008356285e-06 7.02471454587794e-06 7.54264769966539e-06 8.30491341048401e-06 1.12109294946094e-05 1.09324165919134e-05 1.16153802196095e-05 7.65809012364116e-06 4.48546479674405e-05 5.04576877574436e-05 3.65613579560886e-05 0.000216664560139179 4.38627547737269e-05 1.74561597759748e-05 4.66262616100721e-05 8.7471101551273e-06 7.02869371025372e-06 3.60029390549244e-06 1.2359384896854e-06 9.928151200711e-07 8.46941603072082e-07 1.12922420640871e-06 9.13665541446562e-07 4.47580749209919e-06 5.17040978138539e-06 5.2098669868883e-06
2.87774858236389e-06 6.50323738682346e-06 2.10553284034631e-06 1.64011073309211e-06 1.7671604325642e-06 2.08156489520661e-06 2.47279273821732e-06 5.66785271303161e-06 8.73339198506073e-06 8.68695857434432e-06 8.90069354682055e-06 9.06948910142091e-06 9.05508686628309e-06 9.32495888719131e-06 1.03106464621305e-05 1.00749693729085e-05 9.39483217052839e-06 9.00649763480033e-06 9.00040167834959e-06 8.68377337610582e-06 8.86501773038617e-06 7.03820829244251e-06 6.45374574332891e-06 7.34922201672816e-06 9.84938369583688e-06 9.94155884654902e-06 1.40063044455019e-05 2.67481263563241e-05 1.75432629930583e-05 8.21819965494797e-05 1.09823290131317e-05 1.88816611625953e-05 5.54954330027613e-06 2.93354347832064e-05 2.22783757180878e-05 8.81655714692897e-06 7.51324039356405e-06 1.30574865977451e-06 3.84275479632379e-06 4.16362154282979e-06 3.53885006632026e-06 4.71256730065761e-06 4.85753882912832e-06 4.45787192120406e-06 4.69726133474069e-06 4.45846802108463e-06
1.57202138382218e-06 1.35958453313378e-06 1.29065055318733e-06 1.12655266235606e-06 1.1919320513698e-06 2.00408119610529e-06 2.45060369081784e-06 8.37825580219942e-06 8.19374311049614e-06 7.91171363516696e-06 7.72109758599981e-06 7.28597316310697e-06 7.91392550354431e-06 8.11669758604694e-06 8.70092562763603e-06 8.99941505849711e-06 1.00552321327996e-05 9.33333720922747e-06 1.25705348523297e-05 8.4847509242536e-06 8.62248319890568e-06 8.35515719472824e-06 6.90131645342262e-06 7.09582844820034e-06 8.87357423380308e-06 8.37047643926781e-06 8.2234274827897e-06 8.9209372276855e-06 4.57944622212381e-05 0.000382453453494236 1.7203265565513e-05 2.81882465969829e-05 1.7129173511421e-05 5.47558338439558e-05 0.000318423927819822 0.000250491125189001 1.58579846356588e-05 9.95642458292423e-06 1.78826667251997e-05 2.37277099586208e-06 8.20331761985926e-07 2.95645034213976e-06 4.27976834203037e-06 3.57530573751319e-06 1.41109671005779e-06 3.68562268135975e-06
1.64310300192483e-06 1.12648483394651e-06 9.55184049189484e-07 1.81362958358022e-06 1.9792105064198e-06 2.10972659999698e-06 1.9067717175858e-06 3.79371190888378e-06 7.51234443896465e-06 6.97472785304853e-06 6.43835684854821e-06 6.91588572863111e-06 6.60602727293735e-06 6.70832989726478e-06 6.62845690158065e-06 6.77070439678573e-06 7.65316976867325e-06 8.93050963668429e-06 8.30303569046009e-06 8.34499370512276e-06 8.69872602606847e-06 8.55375649280177e-06 7.92863601191129e-06 7.35631153929717e-06 7.73398173805617e-06 7.68183653008236e-06 7.87100833576915e-06 1.01217167866707e-05 1.74660246102576e-05 0.000298060834029457 0.000297739982488565 4.91901811983553e-05 0.000195986685866956 0.000234326755162328 0.00110840171109885 0.00016879096874618 4.66281740045815e-06 3.17197833510363e-06 4.10742116514484e-06 1.74300899402624e-06 1.28401855477023e-06 1.33945472384767e-06 2.88780234427577e-06 2.9321363371082e-06 1.30203038395393e-06 1.16523576423333e-06
1.38093698467401e-06 9.62638823409634e-07 1.05624820889716e-06 1.15828257349904e-06 1.14532314512417e-06 1.25275856959206e-06 5.57903329649889e-06 5.7660985532948e-06 6.03400517888986e-06 6.01140867502181e-06 5.63657416137175e-06 5.7616613389655e-06 5.86680096716918e-06 5.71318916513519e-06 5.57042775426453e-06 5.72770261442201e-06 6.17159121816258e-06 6.21151019686295e-06 6.68467206423884e-06 6.80240241877073e-06 7.53579149659345e-06 8.1217835145253e-06 8.60343375279626e-06 7.9244793369071e-06 7.2594806511006e-06 1.099424058566e-05 7.22918524616034e-06 9.50335087281928e-06 4.1936996694858e-05 0.000143883760392782 0.000222459170618095 7.61211293138331e-05 0.000158892221952556 3.01747681078268e-05 0.000109847795465612 9.43086320148723e-06 2.10964962406024e-06 2.6301170834131e-06 8.01779240333644e-07 1.6206490798254e-06 6.55739663102395e-07 2.32631189192034e-06 2.27563568273581e-06 2.19066573379223e-06 5.27348297651997e-07 5.38471169164723e-07
7.56888896802366e-07 7.5085003032882e-07 1.09997920958449e-06 1.01593661696597e-06 4.14027481383528e-06 5.01772414054358e-06 5.35592471351265e-06 4.97218794066612e-06 4.78638589811453e-06 4.79639070931626e-06 4.59520916820111e-06 4.59167318922482e-06 4.5424816846662e-06 4.61718846622716e-06 4.86415438558652e-06 4.81810179167041e-06 5.11191215082363e-06 5.06194078297995e-06 5.21144616527636e-06 5.41095770927313e-06 5.83919230621177e-06 6.67093640913663e-06 6.75153919473814e-06 7.50983331272437e-06 5.53892708694548e-06 5.22839005157039e-06 5.31641860561649e-06 4.91986151018864e-06 3.30875643157924e-05 3.45659906088258e-05 2.45963151428441e-05 3.44797237630701e-05 0.000109949707257329 1.30463278082971e-05 4.00657316390607e-06 7.2788151186387e-07 1.34739098172076e-06 2.1046099391242e-06 2.34706133142026e-06 2.33889382457164e-06 2.06435920802051e-06 2.1410377655684e-06 2.00672255630252e-06 1.91621087992644e-06 4.22872247085593e-07 4.31644455645142e-07
9.60217775514138e-07 8.4225435443841e-07 9.11610838727483e-07 4.12638876241544e-06 4.74348264560831e-06 4.73989213674031e-06 4.9550221433492e-06 4.42982125719027e-06 4.38897853314302e-06 4.08249042607167e-06 4.12209708429145e-06 4.07997616775901e-06 3.74189333456343e-06 3.58249899363727e-06 3.90824105807042e-06 4.12173905601776e-06 3.93425846709761e-06 4.29219879265474e-06 4.75350801707464e-06 7.54943607716996e-06 7.33625893190037e-06 4.86014196212636e-06 6.75199512443214e-06 5.71625109841989e-06 4.02249571607172e-06 6.29622757628567e-06 3.91815856346511e-06 7.41366520742304e-06 8.21231571990211e-06 7.62989898248634e-06 1.1565145541681e-05 9.89525201475772e-06 5.15361201905762e-05 0.000120345796494803 4.43159296423801e-06 2.36757676077559e-06 1.89992903329994e-06 8.80660443414172e-07 4.59125397611615e-07 1.57631579895678e-06 1.92145552375678e-06 1.83173504382239e-06 1.77501384968082e-06 1.81488687331921e-06 1.68787524899017e-06 3.66399872930856e-07
8.26355082494956e-07 9.05725264033208e-07 9.10360816419598e-07 1.69488733803291e-06 4.40782647501692e-06 4.33348671435851e-06 4.53469997410139e-06 3.3693951195346e-06 4.24352619461388e-06 3.97002154954862e-06 3.84884359618809e-06 3.61443777023851e-06 3.54255190018193e-06 3.51363839854457e-06 3.65435492994948e-06 3.98539771140349e-06 4.18478263100042e-06 4.34596286140732e-06 6.61568095097209e-06 8.98306204817345e-06 1.27898309756347e-05 8.85524285649808e-06 4.30544803862176e-06 4.63338600411589e-06 3.95698210127193e-06 5.93764349900994e-06 1.60060456124711e-06 4.2454568017547e-06 5.69383573747473e-06 7.27719789210823e-06 8.14504810477956e-06 1.14578923330555e-05 8.90388628249639e-06 2.6441123100085e-05 5.11564670091502e-06 1.28368078264884e-06 4.58304946278076e-06 2.06025787008457e-06 8.29184693884599e-07 5.19533814724582e-07 8.14679232519211e-07 2.02675536371544e-06 1.76845497037448e-06 1.72639279441e-06 6.99220079525276e-07 3.48189010068722e-07
9.83994424075263e-07 9.72311241298485e-07 9.57153629599361e-07 1.18144143925747e-06 4.406979360283e-06 4.17171544881967e-06 4.43822136162453e-06 4.56531964232454e-06 4.56612610264529e-06 4.20478835962967e-06 3.73676148797131e-06 3.48281262745331e-06 3.50054628484031e-06 3.51017692423738e-06 3.46647456126448e-06 3.80896250362639e-06 4.16987753624198e-06 4.22715119725581e-06 5.89244624507046e-06 3.63445788934769e-05 3.57896436071314e-05 2.11527139526879e-05 6.23774893711015e-06 3.16413882899269e-06 3.26327736672738e-06 3.46446036019188e-06 2.33768799660083e-06 2.66084909696929e-06 3.78864968979542e-06 4.53667462352314e-06 2.76737131343907e-06 7.90992794463818e-06 1.66370534316229e-05 1.11812385057419e-05 1.76768960955087e-05 1.49300976772793e-05 4.84668695207802e-05 3.21984164770583e-06 8.61686697106734e-07 9.04587618322239e-07 7.87184315953482e-07 6.31845912835161e-07 5.24508148913583e-07 4.33911126052067e-07 4.14727555053673e-07 3.26247055681961e-07
1.78580683325436e-06 1.32608126079958e-06 1.00097068269633e-06 1.89515676538576e-06 2.62895984519673e-06 1.49303842817972e-06 4.01407230015138e-06 4.23988515194651e-06 4.32682620044034e-06 4.24565959633583e-06 3.69857971804777e-06 3.53627207800855e-06 3.58672434686014e-06 3.52155177552049e-06 3.52485774897104e-06 3.69105915183354e-06 4.06569909046084e-06 3.97562845364519e-06 5.89073875971735e-06 2.74617894319817e-05 2.83341470094456e-05 1.62520166668401e-05 4.20705707711022e-06 3.11281129938834e-06 8.29451572315065e-07 6.23852955072834e-07 6.68133252901271e-07 7.11596385372104e-07 2.02403099649473e-06 4.99426539590786e-06 4.13067814406531e-06 1.49974181908874e-06 3.20379072604737e-06 4.5975873581483e-05 5.82479236982181e-05 0.000392753091000486 0.000141501479083672 6.50409569061594e-05 1.1534806662894e-05 2.74697967483917e-06 2.89302039391259e-06 5.33890004703608e-06 2.49351567163103e-06 2.21078152549126e-06 1.41436089933222e-06 2.99735208031393e-07
1.8811444391531e-06 1.86257007044333e-06 9.96671616348976e-07 9.11519678936656e-07 8.49460634810839e-07 8.21515615001545e-07 1.92451557836648e-06 8.61082911285394e-07 4.21631986000648e-06 4.16929616449124e-06 3.70610961795137e-06 3.51592174183679e-06 3.52867067476836e-06 3.56311320501845e-06 3.55927785449239e-06 3.51823460960077e-06 3.775245096449e-06 3.60484577868192e-06 2.84298014321394e-06 1.93321820347592e-06 2.66625595031655e-05 2.51756003308401e-05 6.04787509246307e-06 1.90156013388787e-06 3.29397942948617e-06 1.20324455252785e-06 2.4341803509742e-06 8.64870060013345e-07 1.27217961534143e-06 1.57383632881647e-06 7.46847128141326e-07 7.08439164043284e-07 6.31305084652922e-07 2.49938478020795e-06 1.31854362280137e-05 3.61650317699969e-05 3.03572240227368e-05 8.85720757651143e-05 5.1875777899113e-05 1.90824900073494e-05 2.71791522209242e-05 8.07751584943617e-06 5.87139281833515e-06 1.77685582372078e-06 7.22347459714001e-07 2.78083205884627e-07
1.82784787341461e-06 1.36761079829739e-06 1.47612104370864e-06 1.00920599379606e-06 1.11717024680047e-06 9.19904641705216e-07 1.07776633342382e-06 1.42152737652168e-06 1.53960958186872e-06 4.12439094361616e-06 3.69434830531645e-06 3.5112595355713e-06 3.25163233583226e-06 3.38540982625091e-06 3.58097848334182e-06 3.50742795376391e-06 3.60454604901861e-06 3.38086562692297e-06 2.74886165811949e-06 9.9043232069107e-07 3.82495609869693e-06 1.16085108743391e-06 1.81109666925749e-06 2.74468539487316e-06 1.95842390837697e-06 2.01486635944548e-06 2.07181011830926e-06 5.06695694468817e-07 4.14291672967693e-07 3.17752977707642e-07 4.58234324796081e-07 3.83824816552192e-07 4.22611945438689e-07 3.31317568580403e-07 2.44522918251278e-06 2.34251741858316e-05 3.82411941245664e-05 2.44272395320877e-05 5.92494992815773e-05 0.000724779564188793 8.32793512017815e-05 3.77798589397571e-05 5.08616789147709e-06 3.95309588441251e-07 2.836359719538e-07 2.64203699984478e-07
-9999 1.60236491524302e-06 1.15821717798781e-06 1.0443707950003e-06 1.28471978229072e-06 1.23166618664072e-06 1.21553056260382e-06 1.16557223321934e-06 9.49200848765486e-07 3.16752584126334e-06 3.53719218537663e-06 3.05972366732021e-06 2.90367359241372e-06 3.1246267866436e-06 3.53510087620634e-06 3.50239713498013e-06 3.3085116683651e-06 2.83971324108734e-06 2.67340551260986e-06 2.14617271581119e-06 1.9043003646857e-06 1.79951192649241e-06 2.32776752966402e-06 1.78756224329391e-06 4.0941980969933e-07 6.0292984542798e-07 1.63533686077244e-06 3.45830863324181e-07 1.05468463118541e-06 1.25206212544526e-06 1.22312093964183e-06 3.58062993299768e-07 5.47232581737944e-07 2.65478679395414e-07 4.32885547496653e-07 4.19046530808487e-07 1.87128384538937e-06 1.11833908249537e-05 3.95233968447428e-05 9.71434401435545e-05 0.000526754585735034 0.000138925369537901 2.63844628989318e-05 2.85928319385675e-06 2.86199299637246e-07 2.56043377078186e-07
