Maxent_result_files_1/Bombus_sporadicus_3.asc
NCOLS 594 
NROWS 330 
XLLCORNER -15 
YLLCORNER 23 
CELLSIZE 0.166666666666667 
NODATA_value -9999 
[rows 160 to 179 of 330, columns 528 to 571 of 594]
6.91042686327137e-06 6.63202725263545e-05 4.48997840569731e-06 2.35295875192776e-06 3.0315488979582e-06 2.93712512218214e-06 2.79986586311232e-06 2.68341002502837e-06 2.38960161604851e-06 2.80223764650422e-06 2.63917042446771e-06 2.53326921241248e-06 2.25144036687386e-06 2.01892024569439e-06 1.76794524835433e-06 1.76769334906401e-06 1.73442042801231e-06 1.5910856007828e-06 1.43263358578505e-06 1.15855956094313e-06 1.06487318939363e-06 1.05077279283217e-06 1.01536865355634e-06 9.42969876904787e-07 9.03345369873687e-07 8.10003995654895e-07 7.85381229151394e-07 8.09068347240594e-07 6.84050220367549e-07 1.12632709106109e-06 2.87853821210327e-06 9.08205502014869e-07 9.44258490154226e-07 1.07127854539479e-06 1.21167478281947e-06 1.22371702868662e-06 1.26148514358881e-06 1.48319984369927e-06 1.9114005198273e-06 2.18143451228281e-06 2.07601688768655e-06 1.2401584090771e-06 0.000605645850941983 0.00113208110253709
2.20082022593715e-05 3.01887819214031e-06 3.58119338697005e-06 2.44971524914206e-06 3.82088819383952e-06 3.16079543880576e-06 2.8560201872696e-06 2.94521294366135e-06 2.72122087613402e-06 3.00984046788244e-06 2.47786898631697e-06 2.10392788955183e-06 2.07059906026652e-06 1.9939146573611e-06 2.01787866812575e-06 1.84239576147549e-06 1.70507643770801e-06 1.84574426492778e-06 1.5049600764705e-06 1.39724838408295e-06 1.30619083418271e-06 1.30440807525334e-06 1.22079038131773e-06 1.22961686489509e-06 1.17927966420961e-06 1.0768163128172e-06 9.85344660142662e-07 9.93569727170129e-07 8.57096457129725e-07 7.87996336004682e-07 1.31768792697162e-06 8.34290040196972e-07 8.88176949298547e-07 9.38748285628233e-07 1.1085339666983e-06 1.21958030594449e-06 3.14550029355543e-06 1.270708891421e-06 0.000130733077515544 0.000129589919765749 0.000294352417122923 0.000348025133894225 0.0023254626364178 0.000116241980670395
2.85248003365268e-05 2.79443217867659e-06 2.84530566538876e-06 3.65255058767389e-06 3.5062878676495e-06 2.73516801025941e-06 2.71514166046982e-06 3.19774728620992e-06 4.35430951926108e-06 4.04512873237728e-06 3.11813926747728e-06 2.72759092125874e-06 3.05828905888816e-06 3.28592447775833e-06 3.170973639266e-06 3.42488779594419e-06 1.39217358878341e-05 3.03654397351139e-06 2.31237359042957e-06 1.73840288366645e-06 1.51491530959724e-06 1.55960097151242e-06 1.55597280044883e-06 1.50244434572455e-06 1.59449994021621e-06 1.23657409456523e-06 1.06452237317312e-06 1.11597535232821e-06 9.62131530368726e-07 9.03119236528305e-07 7.88000296347846e-07 8.45851835606926e-07 8.09058030692977e-07 9.22671320602309e-07 1.09476448132417e-06 1.14582100035898e-06 2.54282591774846e-05 3.11518397042576e-05 0.000190854826087872 0.00115802504525391 0.00277648836827211 0.00106397727206513 0.000336678660107737 2.95265351075713e-06
4.81674135187404e-05 5.04163652639278e-06 3.43415419252757e-06 3.82072559728108e-06 3.71477691174515e-06 3.32550119352959e-06 3.21291220326536e-06 3.30384471709522e-06 3.250695491408e-06 3.38016289556098e-06 3.11679852815772e-06 2.76052048615583e-06 3.44585273581721e-06 4.11551457810688e-06 5.05291863959201e-06 0.000111401151889368 5.64009437908908e-06 3.65761511575968e-06 2.86440263366217e-06 2.28817189249497e-06 2.03423599574037e-06 2.37444193396108e-06 2.7777444385535e-06 1.79542560546642e-06 2.01785751865469e-06 1.65875550258709e-06 1.42069243628251e-06 1.54385277818525e-06 1.6115770876457e-06 1.22202831472906e-06 1.02972721307548e-06 9.49681331141594e-07 8.12987592635483e-07 9.12142963405138e-07 5.93604807619386e-06 0.00129607814531028 0.0016223785547254 0.000722066197158711 2.19694061525111e-05 0.000677762462794362 0.00167933853099385 0.00177497279664749 0.000239284473116186 1.76738742851512e-05
6.1751862780568e-06 1.31814838439936e-05 3.46790460116209e-06 2.83314564539783e-06 3.37784134714081e-06 3.84903363674916e-06 4.21374007317787e-06 3.70413472161601e-06 4.28303628456916e-06 4.71435079472116e-06 4.12819408515119e-06 3.83054278061401e-06 3.1154181779236e-06 3.68537172761307e-06 4.15622602520926e-06 4.09196159720793e-06 5.88538906516334e-06 5.36577779044478e-06 4.64401524560287e-06 3.90224458826083e-06 3.06580439657367e-06 2.32021372503777e-06 2.46139861137529e-06 1.9731377462584e-06 1.81676601003211e-06 2.19883281800115e-06 1.80794992045152e-06 1.6188683821805e-06 1.32016546554592e-06 1.22402450735137e-06 9.82489603340575e-07 8.86888294049371e-07 9.70604000405384e-07 9.32601915215603e-07 8.49360184351777e-07 8.53311172221982e-07 9.18091083146333e-07 1.30468123217264e-06 1.03736747341099e-06 8.1850258320415e-06 5.38647977514017e-05 1.77176523927791e-05 1.34735694378385e-05 0.000152092248231384
4.46288977817844e-06 2.3085857073557e-06 3.05482928513179e-06 3.81275729268715e-06 3.94319873531224e-06 4.01378498553484e-06 4.36956116658393e-06 4.37541463469415e-06 5.49358225701013e-06 6.11960156575719e-06 7.16336860087097e-06 9.71057031549094e-06 8.38441619066543e-06 5.22178505129034e-06 5.87203505801881e-06 5.21319679371857e-06 6.00270098054523e-06 8.58576376145948e-06 9.84420594960511e-06 1.07463983013645e-05 7.02632782392243e-06 3.58460636027402e-06 3.06088657642256e-06 2.91109625134567e-06 2.51242088533665e-06 2.28304394065404e-06 2.19825513634309e-06 1.89425229375484e-06 1.51178802081375e-06 1.43637599900881e-06 1.44486367968932e-06 1.31096772042483e-06 1.17445399157035e-06 1.05077193816028e-06 9.40559883744196e-07 9.36697798614716e-07 9.89351098967806e-07 1.15917673622068e-06 1.31864509095303e-06 1.38312299421406e-06 1.3071138901366e-06 1.28584924001807e-06 9.02007336769373e-06 0.00209544526421723
3.18087385033916e-06 3.54704128142647e-06 3.43189590306103e-06 3.22006461619395e-06 2.91958715770146e-06 3.05319828702855e-06 4.0874789024592e-06 5.4489987743267e-06 5.81190187087799e-06 5.01057348856193e-06 6.71672200454054e-06 9.38091514086636e-06 8.93125983552068e-06 4.22495816403412e-06 2.58369642505141e-06 5.52504701882839e-06 9.17170217746843e-06 6.72315420224834e-06 7.34244105942139e-06 5.82001479774164e-06 6.88209030847986e-06 4.38838516014783e-06 4.77860264567198e-06 5.53992663867575e-06 7.5105686832444e-06 4.84202007218215e-06 3.26671933983391e-06 2.51139962224034e-06 2.18699735157202e-06 2.57543362423007e-06 2.14971570153821e-06 1.7648177293994e-06 1.43431132872962e-06 1.34044443238501e-06 1.26933761522841e-06 1.08267708448517e-06 1.03698486172421e-06 1.02222202923441e-06 1.51467506299685e-06 2.92469708200738e-06 2.63197515750768e-06 1.85252784133949e-06 1.9112137585986e-06 2.02363467001199e-06
0.0106015291166841 4.2199674734178e-06 4.06606350491501e-06 3.67566259273922e-06 3.49997262628632e-06 3.36206449655929e-06 4.52294551074317e-06 3.47128376878558e-06 3.89031056879929e-06 2.93338200001436e-06 2.73383519884263e-06 3.07347690995385e-06 3.82363561843846e-06 4.39123958289045e-06 4.41214162192338e-06 2.83991982796827e-06 2.93685297489965e-06 2.63296766278565e-06 5.5550268040605e-06 6.56089618438216e-06 4.78975264970316e-06 5.90480543234406e-06 8.66512526371821e-06 1.0787506404597e-05 8.38025111917773e-06 1.07585647910469e-05 7.42875717421043e-06 3.7128884170734e-06 2.57437520458925e-06 3.14621146664251e-06 2.85635110914839e-06 2.47991509949586e-06 2.22678999286519e-06 1.82004403040947e-06 1.90174489062001e-06 1.40991199670815e-06 1.17816135583038e-06 1.09896683552213e-06 1.30835764096116e-06 1.60700971151284e-06 1.9653772585948e-06 1.61487149910045e-06 2.36031425893124e-06 3.34705737161656e-06
0.000319916367692485 1.09438620277125e-05 6.41611993161817e-06 4.19746118631714e-06 4.22147494265612e-06 4.32427578815897e-06 2.60440791980399e-06 2.1438337397317e-06 2.21018580959242e-06 2.63431628222399e-06 4.03394028918314e-06 4.30352684013258e-06 2.58808902160457e-06 1.90460889540889e-06 2.91408348882527e-06 3.00289723575986e-06 1.87348415193744e-06 2.56232756910002e-06 4.72911942104304e-06 6.27178361654046e-06 1.12166598185581e-05 8.72956125235191e-06 7.63819934093135e-06 8.89781952224666e-06 7.0216989389138e-06 7.43239288816255e-06 1.16076976780732e-05 5.49934591962398e-06 3.22172342577254e-06 3.50346827726611e-06 5.1020635581267e-06 3.7206802314671e-06 2.98443660518011e-06 2.37529002999892e-06 1.82541808885217e-06 1.51916949425734e-06 1.58142105186609e-06 1.76856869544828e-06 1.75257410088836e-06 1.91044460104983e-06 1.74015881887479e-06 2.38035594841701e-06 3.03436190705053e-06 3.17483430204435e-06
5.41090980910042e-05 4.84695367011234e-06 3.43995670490926e-06 5.50847266600485e-06 6.31990650585834e-06 5.20163391319883e-06 4.35004760515056e-06 3.04231036765135e-06 2.30892932346904e-06 2.51332092630063e-06 2.19212742360586e-06 2.32916435668473e-06 2.52053747575864e-06 3.52178983753504e-06 3.87372193797475e-06 5.05182798704595e-06 5.12023591188182e-06 6.30779735750764e-06 7.47124255191522e-06 4.45928884786895e-06 5.22124147739333e-06 7.50194697936024e-06 1.01680404313242e-05 7.54433384599906e-06 5.31490220954112e-06 5.48698447353502e-06 5.55266490582795e-06 4.18398360682026e-06 4.9114777532111e-06 5.11762392374493e-06 8.27761181128039e-06 3.1363876421775e-06 2.35489181764637e-06 2.12207554437516e-06 2.00269454110336e-06 2.14579522611613e-06 1.91578046201402e-06 2.13956070143073e-06 2.14889958928266e-06 2.65855769769896e-06 2.39075419010693e-06 2.25501507543635e-06 2.56504484007492e-06 2.84636977392339e-06
5.72632737743106e-06 5.83183234645901e-06 6.80550769835975e-06 8.29327408204961e-06 1.05501015326581e-05 1.00223227462948e-05 6.49563384342855e-06 2.8633302758152e-06 3.1598434347746e-06 5.57963587688448e-06 4.8509700078192e-06 6.19271195922977e-06 5.00837372108265e-06 8.28072926566392e-06 1.56536878307634e-05 1.47754227867836e-05 1.19443028438582e-05 8.34238548037547e-06 1.23615010068079e-05 1.10529802384463e-05 5.93267171780099e-06 3.38433048372444e-06 6.49121155866794e-06 7.15974635099315e-06 7.62490975709795e-06 8.59268865198715e-06 9.26769741127487e-06 6.29159784910627e-06 5.25790496173073e-06 4.02672182144848e-06 3.70585790614442e-06 3.12880523734016e-06 2.69642449710616e-06 2.60707607111499e-06 2.39269519025642e-06 2.60245958223493e-06 3.055693974785e-06 3.83995167059226e-06 2.97002598421692e-06 2.95825365828062e-06 3.09073467636978e-06 3.03337848239771e-06 3.52415194659894e-06 3.70288030966392e-06
5.28060883997483e-06 7.7479514098755e-06 6.58711098289189e-06 8.61654545722956e-06 1.28449434669164e-05 7.60200774472253e-06 4.48328206839044e-06 5.52928203747527e-06 7.14762071396535e-06 6.99863924999988e-06 1.2450045062451e-05 7.03470650691429e-06 5.08875491966876e-06 0.000139220691926312 0.00516925894189655 1.88831289960945e-05 1.15923735393153e-05 7.45816148821632e-06 1.39374979880813e-05 1.47865588417062e-05 1.96266560124059e-05 5.90295861950807e-06 5.35289072853828e-06 7.07199076437348e-06 1.05047268945668e-05 1.22937410296231e-05 1.03164481004114e-05 9.25810006791039e-06 7.91023839994409e-06 5.68441968216149e-06 6.11590309880228e-06 6.91057014883256e-06 4.60096873897697e-06 3.58672410265548e-06 3.07371564918224e-06 3.48730336763303e-06 3.85926906516509e-06 7.13140600421269e-06 4.38055209048827e-06 3.44385458053154e-06 3.61485049191756e-06 3.38579628083036e-06 3.85282658790231e-06 4.57735960162076e-06
5.12178749936254e-06 6.03849637323961e-06 3.47627402025319e-06 5.10822636363706e-06 8.93787744367103e-06 5.94236879960519e-06 5.06902639267892e-06 5.47657062579532e-06 8.64703844385417e-06 1.14899952819769e-05 2.48920328203894e-05 1.55816249645113e-05 1.26497951072224e-05 5.93353755320436e-06 2.28323521923812e-05 8.35632070703696e-06 6.53700927415457e-06 2.73694751967923e-05 5.67656688872376e-05 2.32430836831554e-05 1.2591820549801e-05 3.79587090186817e-06 4.47776716061554e-06 8.58772804761543e-06 1.04527177057889e-05 1.78182807474059e-05 1.72167904850085e-05 8.92793480566922e-06 1.08880438574488e-05 7.50721509277241e-06 8.40389016900644e-06 7.23344369575329e-06 9.83037047745938e-06 9.34943205237459e-06 5.09912820527703e-06 4.3362933847213e-06 3.94453573728803e-06 4.6104253865753e-06 4.64589775930335e-06 5.52897519572326e-06 4.13341626841479e-06 4.22187100999061e-06 4.73931236601999e-06 5.08732470700934e-06
1.10614415149257e-05 1.26589839716473e-05 3.3583827295125e-06 2.82489927355689e-06 4.00239645106382e-06 8.87771047271002e-06 1.0836478055154e-05 9.65092655107469e-06 8.01076460597017e-06 8.82281945706609e-06 1.07998390305397e-05 9.32017403982854e-06 5.37723178108962e-06 5.75254772456901e-06 7.87387189049582e-06 1.44123381687677e-05 7.62260205604548e-06 1.51299226843093e-05 2.18819487827204e-05 2.34426866427384e-05 1.61765730126717e-05 3.54297134155246e-06 2.6869574885513e-06 6.41723331327171e-06 4.681700589515e-06 4.36106645276268e-06 3.98701398243162e-06 2.7348216683265e-06 4.76955686261604e-06 5.87202396786779e-06 8.72765379078544e-06 1.51578246942563e-05 1.34778433910299e-05 1.37969479197864e-05 1.85962371730852e-05 1.08896071722597e-05 6.02048420450529e-06 4.43904243518922e-06 4.55220819994828e-06 6.76263280929845e-06 4.10929131924309e-06 4.40607348588529e-06 7.93516491253143e-06 7.57453762485483e-06
1.53175152590279e-05 4.34545248568785e-06 2.74941176882093e-06 2.46582497405168e-06 7.50633260722111e-06 8.49946620924413e-06 1.3428561359774e-05 1.45064628668479e-05 1.19139358034204e-05 1.72467492916439e-05 1.18007395855102e-05 2.07139898520836e-05 2.06497553790541e-05 6.07258467972827e-06 6.39543433109679e-06 2.56739153643437e-06 8.45256670629624e-06 8.11862846745726e-06 1.68094322134493e-05 1.0010524773918e-05 8.52513772358066e-06 1.71661334623652e-06 1.4686422569965e-06 4.4026751553794e-06 6.37589288032814e-06 2.99753819805737e-06 2.43680799242307e-06 1.36572803201007e-06 1.31105779348495e-06 1.54523569997345e-06 3.29096807849538e-06 3.4208126501678e-06 9.71128210878192e-06 1.01389425811504e-05 7.94999329301049e-06 2.57939710991195e-05 2.11180612978978e-05 8.51922297115948e-06 4.43946949513219e-06 4.26637248764905e-06 3.95538529462947e-06 3.90094176496714e-06 5.44113698541793e-06 7.77812146335322e-06
1.00377281988528e-05 6.36331847534422e-06 2.86448304247511e-06 1.95889425611551e-06 2.23760641021586e-06 4.98984670649349e-06 9.74322315911991e-06 5.47857208630376e-06 1.02729346885155e-05 6.77020522630301e-06 3.52584471072781e-06 5.95287259308463e-06 6.62412154817105e-06 2.13842324690017e-06 5.01536930030966e-06 5.80819732007853e-06 9.4052484371332e-06 8.56165693718935e-06 8.79441536767445e-06 3.87268234067761e-06 5.76670855334527e-06 1.00232852415782e-06 9.05900938907855e-07 2.95867601394217e-06 3.64216967372322e-06 2.09217668146744e-06 1.59107610100406e-06 1.60685776225966e-06 1.71092154050978e-06 1.6314041435761e-06 2.20378717871172e-06 3.40834512111421e-06 4.28628969482148e-06 5.84747800314034e-06 1.03055308748878e-05 1.42289279281727e-05 1.93393789913898e-05 2.54212429268819e-05 1.20698993825386e-05 4.78076457124388e-06 4.20076957685644e-06 4.02637931185001e-06 5.6209833365628e-06 7.35095550279397e-06
5.62105778803001e-06 1.70510884348607e-06 3.32173299204541e-06 5.10973921854507e-06 6.04378262671901e-06 3.92308602570335e-06 5.18687840895815e-06 1.22402167939129e-05 8.39406406356602e-06 2.62043275145452e-06 1.76759576753227e-06 2.76519532924624e-06 1.42330038742644e-06 6.97534926885623e-06 7.65851582116284e-06 1.52817327033761e-06 1.31882899869762e-06 2.10629156638387e-06 1.66475929885834e-06 1.56964885656974e-06 1.70544668706141e-06 7.24479086688934e-07 1.06488134468119e-06 2.0509454790596e-06 1.84877761577606e-06 1.252947514363e-06 1.30430138233217e-06 1.39949947567386e-06 2.36677554888987e-06 2.9426716930403e-06 4.27677033900675e-06 4.3612623895406e-06 5.16902550153908e-06 5.71305763639174e-06 6.31950351035471e-06 1.12511628675094e-05 1.07564779682434e-05 1.53231199149673e-05 2.85873191273822e-05 1.62960131405043e-05 6.72799019447723e-06 4.91242362623545e-06 5.734103520183e-06 9.75464609496157e-06
1.6840652216743e-06 1.43059147558189e-06 2.4699310908427e-06 4.675709764701e-06 4.47593684369529e-06 9.31828960624159e-06 6.48825647617812e-06 8.77264699212788e-06 5.62422990091349e-06 4.11077258659631e-06 1.18894982487072e-06 7.68967440079038e-07 1.89199423448194e-06 8.51623232307475e-06 2.18446870235312e-05 1.49578021961361e-05 4.48389907505842e-06 1.1522730420932e-06 1.04338335904508e-06 1.25852828823936e-06 8.31289663838497e-07 1.26358399612503e-06 2.21683330450251e-06 1.62185026671979e-06 1.16261361363668e-06 1.13578771759881e-06 1.42538559155803e-06 1.29633268585172e-06 1.37494992519249e-06 1.40353937941873e-06 1.51486973477555e-06 2.3330761368956e-06 3.52042199320834e-06 4.10985187460078e-06 2.52939874371139e-06 5.70207436343395e-06 1.28881686158877e-05 1.2376742224518e-05 1.70912141911117e-05 2.39730539277616e-05 1.34675426991748e-05 6.69894893334799e-06 4.51938524688167e-06 5.51501229928419e-06
1.75015727946759e-06 2.0422954046917e-06 2.5625213641467e-06 1.8131996251447e-06 1.74511364504637e-06 2.30030609890131e-06 3.71057147776632e-06 6.02297198391e-06 3.6978963020351e-06 2.21040667333083e-06 2.36220777379836e-06 7.46125337180992e-07 8.91635577615624e-07 1.90224078313594e-06 5.81668012920034e-06 3.6494603627979e-06 2.43073296186669e-06 1.05792359371693e-06 6.27027275468262e-07 7.1853429720603e-07 7.3510715283831e-07 2.511377752068e-06 7.54849926973833e-06 3.19980920227003e-06 3.15231526490933e-06 2.61085760121516e-06 1.36224441494859e-06 1.20603468864999e-06 1.40467192363269e-06 1.58458101910952e-06 2.13834891932274e-06 3.67127976987902e-06 2.78376118284518e-06 3.45313298334426e-06 5.75165433049918e-06 6.1062021641245e-06 8.70867089997063e-06 9.49335702067344e-06 1.34859093506634e-05 2.82671034597115e-05 3.12098495044211e-05 1.66293066911294e-05 6.04375375088395e-06 3.16440926332318e-06
2.98001378999935e-06 4.18370521217959e-06 2.62588721615664e-06 1.43065197319991e-06 9.17931158761487e-07 1.13179218900195e-06 1.66028429275933e-06 1.21707099590695e-06 1.49764206931469e-06 1.72490547015736e-06 4.31038846548937e-06 3.91751069588331e-06 2.26325031401631e-06 1.26063815848454e-06 8.55728738013983e-07 1.72194577295892e-06 1.24171508437687e-06 6.79142719939296e-07 6.36767479722522e-07 8.79993696567549e-07 1.07202537628082e-06 2.06061130842983e-06 5.46602451407807e-06 3.79796469340832e-06 5.68316348337206e-06 4.27701402587743e-06 2.17613232952329e-06 1.7688476399158e-06 1.61949914531112e-06 1.766677094861e-06 1.33834210310768e-06 1.13622955085768e-06 1.5373532324503e-06 1.46015078071882e-06 2.47206597407956e-06 4.14239978532294e-06 5.15424856954994e-06 7.51205347988559e-06 1.30534285119666e-05 1.62941278333051e-05 1.99697021187717e-05 1.89480372071671e-05 8.84461111194668e-06 4.14823151240196e-06
