Maxent_result_files_1/Bombus_armeniacus_2.asc
NCOLS 594 
NROWS 330 
XLLCORNER -15 
YLLCORNER 23 
CELLSIZE 0.166666666666667 
NODATA_value -9999 
[rows 105 to 125 of 330, columns 235 to 281 of 594]
0.0193024517502636 0.0129764807876199 0.0299769008066505 0.0480768916197121 0.0443043790757656 0.0502572076395154 0.0159045903943479 0.0201018228661269 0.0149758141720667 0.0179324101191014 0.00652308949502185 0.0166945038363338 0.0251969566568732 0.0228360486216843 -9999 -9999 -9999 -9999 -9999 -9999 -9999 -9999 -9999 -9999 -9999 -9999 0.0294472912326455 0.0198639607988298 0.0287401703651994 0.0254781313007697 0.0295326415449381 0.0322708133142442 0.0126315114321187 0.0117875219788402 0.0054808852088172 0.0220760695869103 0.0307478018570691 0.0121791418059729 0.00150171719482367 0.00916561589110643 0.64299291074276 0.980706393718719 0.979194557666779 0.978336811065674 0.978395766019821 0.977780348062515 0.976646900177002
0.0163891643984243 0.0501248483080417 0.0849727131426334 0.536343521252274 0.807876901328564 0.718244343996048 0.0237149631604552 0.0510655872523785 -9999 -9999 -9999 -9999 -9999 -9999 -9999 -9999 -9999 -9999 -9999 -9999 -9999 -9999 -9999 -9999 -9999 -9999 -9999 -9999 -9999 0.0100681400159374 0.0187957320362329 0.0144603278953582 0.0304442463442683 0.0288065711036324 0.0268647830933332 0.0101826034602709 0.0276761102955788 0.0278005750849843 0.0271369255147874 0.00408422829929975 0.0235200430470286 0.962571054697037 0.977559441328049 0.976102370023727 0.856377893686295 0.0197921545011923 0.108844263292849
0.0506282445043325 0.0637649040669203 0.0162720829248428 -9999 -9999 -9999 -9999 -9999 -9999 -9999 -9999 -9999 -9999 -9999 -9999 -9999 -9999 -9999 -9999 -9999 -9999 -9999 -9999 -9999 -9999 -9999 -9999 -9999 -9999 -9999 -9999 -9999 -9999 -9999 -9999 0.00629114183830097 0.483241441845894 0.373011830449104 0.0154805952683091 0.0376598909497261 0.0292822062037885 0.439790418744087 0.968056356906891 0.959421473741531 0.0758025935851037 0.00146140665824831 0.00470053460591727
-9999 -9999 -9999 -9999 -9999 -9999 -9999 -9999 -9999 -9999 -9999 -9999 -9999 -9999 -9999 -9999 -9999 -9999 -9999 -9999 -9999 -9999 -9999 -9999 -9999 -9999 -9999 -9999 -9999 0.0661891832947731 0.00508139629819198 0.00725642265751958 0.0156334264669567 0.0179269422776997 -9999 -9999 0.460710269212723 0.801770277321339 0.111098287627101 0.0337541577406228 0.00784360736142844 0.129600489139557 0.175904005020857 0.702243661880493 0.0797992426902056 0.00782346203923225 0.00813895147293806
-9999 -9999 -9999 -9999 -9999 -9999 -9999 -9999 -9999 -9999 -9999 -9999 -9999 -9999 -9999 -9999 -9999 -9999 -9999 -9999 -9999 -9999 -9999 0.00446104984730482 -9999 -9999 0.046908269263804 0.0829099401831627 0.0264720018953085 0.0494800336658955 0.024415763374418 0.0111157529754564 0.0104127888567746 0.0257202723994851 0.0643640358000994 0.0537249129265547 0.211493934690952 0.216599975526333 0.322941352427006 0.0161966249812394 0.00988842593505979 0.0212646269239485 0.0185774626210332 0.00238992824451998 0.00600788533920422 0.0131182393059134 0.00916829532943666
-9999 -9999 -9999 -9999 -9999 -9999 -9999 -9999 0.00783727765083313 0.0307866182178259 0.0142551203258336 0.00304700024425983 -9999 -9999 -9999 -9999 -9999 -9999 -9999 -9999 -9999 -9999 -9999 0.00814897696254775 0.013297855865676 0.00730076250911225 0.0348062798380852 0.024227836728096 0.0564001847058535 0.0115281031001359 0.0249534003436565 0.0251859887503088 0.0500750996172428 0.044341217726469 0.0440079610794783 0.0913297742605209 0.0714639250189066 0.0407988553866744 0.00797539907507598 0.0102034030482173 0.00516419461418991 0.00774875439237803 0.00315255186287686 0.00166060244556645 0.0019067593411819 0.00233671071669291 0.0140915921889246
-9999 0.225493264198303 0.0488281928002834 0.692027848958969 0.458865004777908 0.225373318791389 0.0994053732603788 0.0722724009305239 0.0113139546156162 0.00510247587662889 0.0188739506993443 0.0915403932332993 0.12725001424551 0.338885590434074 0.0630546744912863 0.132961097359657 0.0490920927375555 0.0299901206046343 0.00528014081064612 0.0508201602846384 0.00278507712064311 -9999 -9999 0.0328042977489531 0.115767732262611 0.0505536319687963 0.0282372358255088 0.0476841662079096 0.0349246427416801 0.0212988445302472 0.017817641235888 0.0447100035846233 0.0238885916769505 0.00921909655444324 0.0247840481810272 0.0354199493303895 0.0204204652458429 0.0239691007882357 0.0125899876933545 0.0117896039038897 0.00266497320851613 0.0123706016689539 0.0200083151459694 0.0133709292393178 0.00970784928649664 0.0132772314827889 0.0106046919710934
0.0901886660605669 0.0585849560797215 0.0580780491232872 0.0537849191576242 0.0581374175846577 0.0506509192287922 0.0362809034064412 0.0288047133944929 0.0134530806448311 0.0331460168585181 0.0495328184217215 0.0731730956584215 0.106910578161478 0.0695363290607929 0.0495060052722692 0.00545069998916006 0.0220182189717889 0.0135609794244374 0.00802638076420408 0.0743436649441719 0.043344341032207 0.0517481775954366 0.0172098353970796 0.119838656485081 0.150492621958256 0.0173438442405313 0.00785872104606824 0.011434187553823 0.00578931223135442 0.0272413156926632 0.0257927302271128 0.0136341416276991 0.0134047809056938 0.00387122356332839 0.0130793942604214 0.0187677573412657 0.00556796125601977 0.00288295572245261 0.00224679344603895 0.00815004534088075 0.00218989508867367 0.00230014780906913 0.0160153977572918 0.013065468147397 0.0038289146439638 0.00300588261161465 0.010611094115302
0.100198287889361 0.0334244420751929 0.0552288088947535 0.0417075237259269 0.0420215334743261 0.0993758410215378 0.025595482904464 0.0554751798510551 0.0181727333925664 0.0378605138510466 0.0668406665325165 0.046570074185729 0.0678340468555689 0.0564346563071012 0.0547177374362946 0.0242747955024242 0.0235373914241791 0.00505568517998825 0.0153575743548572 0.0680017879232764 0.0166158928113873 0.0187967489240691 0.0222695793025196 0.0522554516792297 0.0245439171791077 0.0189339466392994 0.0236958183348179 0.0731060460209847 0.0161643028259277 0.0213506361469626 0.0150025786366314 0.00722871362231672 0.00281883646675851 0.00315730209040339 0.00265097585624972 0.00257988782993834 0.00722272723281941 0.00291390872266675 0.00676430408545348 0.00282412042027222 0.00594846572512324 0.00524846367770806 0.00604052279377356 0.00254355403449154 0.0181900138035417 0.00973116355016828 0.00724276867695153
0.0426315968856215 0.0939124524593353 0.0654297083616257 0.0416493017226458 0.024952855380252 0.0182413807138801 0.012930991826579 0.0372715288773179 0.0979344516992569 0.0935930859297514 0.074092885106802 0.0448612995445728 0.0354298352263868 0.0313979782164097 0.0421987438574433 0.0362288827076554 0.0543902749195695 0.615113008022308 0.972627121210098 0.986385548114777 0.98587042093277 0.942696705460548 0.160417577624321 0.0189914373215288 0.00531831451808102 0.0182267677504569 0.016741970134899 0.0574400040321052 0.00443391978187719 0.0171883264556527 0.0159527045674622 0.00294307115966603 0.00283441591998326 0.00511476223473437 0.00565142720006406 0.00606737681520144 0.00702941358550914 0.00348844088780993 0.0439934717491269 0.00538105378618639 0.00586285649369529 0.0354713074862957 0.0124286100734025 0.00633192737586796 0.0147257088683546 0.0132778354920447 0.000494451966096676
0.0279565381584689 0.0948215145617723 0.0355426725000143 0.0217619130387902 0.0138093347195536 0.0281273105181754 0.0283645862713456 0.0636964529752731 0.081341153383255 0.0573008816689253 0.0678714513778687 0.0424782153218985 0.0378057636320591 0.0683405581861734 0.233249419927597 0.100955809652805 0.121524347737432 0.737949287891388 0.9893146276474 0.987357515096664 0.986711513996124 0.981186836957932 0.0678267877548933 0.0197261775378138 0.0187200898770243 0.0183967768214643 0.016960164392367 0.00684610954485834 0.01026811854681 0.0145643862662837 0.0456759693101048 0.0157697547227144 0.00341329570146627 0.00866045427974313 0.025248525198549 0.00594692644663155 0.0172963784541935 0.0132247955771163 0.00778544954955578 0.0301949459128082 0.0037379107583547 0.0135842441115528 0.00643162528285757 0.0122995464596897 0.00816655233502388 0.00209924120383107 0.00315769997173072
0.00968299133237451 0.0252191450446844 0.0675250831991434 0.0596041489392519 0.0630642022006214 0.032693178486079 0.011398956971243 0.041140964999795 0.165244325995445 0.051133431494236 0.129599440097809 0.0110612395656062 0.0409486507996917 0.0370311841368675 0.214444035291672 0.169526355713606 0.0372564986348152 0.0761384591460228 0.615526217222214 0.988265490531921 0.987673252820969 0.917788851261139 0.990234833955765 0.00419804573386813 0.00467569722968619 0.017331158509478 0.0189404269680381 0.0179367821663618 0.0166793550830334 0.0176899511367083 0.0178980304859579 0.017045961599797 0.0200407940894365 0.023061465471983 0.123792326077819 0.0642842978239059 0.0239124282263219 0.0170498188585043 0.00734872909961268 0.00378948202725233 0.00436567378201289 0.00576289668642858 0.600965978461318 0.032155470433645 0.0291544629260898 0.0298137446865439 0.00174726351518757
0.117845993116498 0.0174870660528541 0.381755636283197 0.0250697030016454 0.0108901882049395 0.00317539519101047 0.00605558193637989 0.0731527328491211 0.141020009666681 0.0629704782739282 0.0611317288130522 0.421782884001732 0.0193504179187585 0.107164895161986 0.0818342603743076 0.208958345651627 0.13634329661727 0.117675691470504 0.0349158195152995 0.187427565455437 0.907748132944107 0.0860621945001185 0.00871962842493304 0.00682939564285334 0.012806538422592 0.0186697765719146 0.0180239599198103 0.019445347879082 0.0438082942739129 0.0640094883739948 0.00405051690941036 0.0181000085547566 0.0601772174239159 0.0244573500938714 0.0299775823019445 0.0183715733699501 0.0231189915910363 0.0266634957864881 0.0041166817717567 0.0046961634674517 0.0282728092744946 0.145629885047674 0.129541746340692 0.220553604885936 0.0796023406088352 0.0700819183140993 0.0104964880272746
-9999 -9999 0.0901862047612667 0.032530514523387 0.025470154825598 0.0247992029879242 0.0688463281840086 0.0850575946271419 0.108682673424482 0.11818451359868 0.332654769718647 0.588989979028702 0.152954851090908 0.10052782818675 0.102959721535444 0.0947994031012058 0.0887148387730122 0.131752210110426 0.0149847881752066 0.115019174292684 0.808506089448929 0.0149226112021751 0.00499632915583987 0.00311534902739368 0.0209940290078521 0.0143943301867694 0.0164272362366319 0.0176063925027847 0.0190956053324044 0.0513798436149955 0.0518541933968663 0.0199967678636312 0.0189756086561829 0.00388347954851724 0.00850283713371027 0.0338015930727124 0.0326756084337831 0.0332179138436913 0.0760113287717104 0.0139209439803381 0.268582575023174 0.925651806592941 0.931245142221451 0.923832213878632 0.75470489859581 0.119474701583385 0.010421272739768
-9999 -9999 0.0228568780701607 0.0244672487489879 0.00714057022705674 0.021413535438478 0.0548698216676712 0.0689593877643347 0.0500648625195026 0.0495804840698838 0.117686794325709 0.0906881395727396 0.0991028338670731 0.0581105792894959 0.066135523095727 0.0588697917759419 0.0599654641002417 0.0561634693294764 0.0180385658750311 0.0362805176060647 0.110590594261885 0.333803480863571 0.915818172693253 0.90855807363987 0.0363200008869171 0.0234807033091784 0.0100807945244014 0.0217549578286707 0.0204720961861312 0.0118394997436553 0.0104611126458622 0.0221589385066181 0.0340831367298961 0.0221881408244371 0.026572541706264 0.0551532909274101 0.10459550768137 0.0872032951563597 0.050763288512826 0.0579575002193451 0.0986021667718887 0.246064114570618 0.385898572206497 0.176272068172693 0.15235990434885 0.109659830108285 0.0113470158074051
-9999 0.101928812637925 0.0708329431712627 0.00536786582088098 0.00637842371943407 0.0557150181382895 0.0602471623569727 0.100278954952955 0.0320111872628331 0.0266482047736645 0.0424847504124045 0.0892561495304108 0.097068402171135 0.154879701882601 0.0911997068673372 0.0862063270062208 0.25934876948595 0.129364360868931 0.0238051157910377 0.0463320050388575 0.040299048088491 0.0100797491773847 0.177472206950188 0.468763010203838 0.185279258713126 0.084946720302105 0.0235727154184133 0.0203093253076077 0.0236390358768404 0.023386098165065 0.0394571939483285 0.0321067256852984 0.0318106293678284 0.0304288228973746 0.103051088750362 0.049103669822216 0.0146074404474348 0.0261217845603824 0.0778952263295651 0.1194365888834 0.0505246751010418 0.108941263705492 0.122699401527643 0.0504700504243374 0.0166676649358124 0.0145842388272285 0.0174205677583814
-9999 0.190806140750647 0.0401855134405196 0.0653451062738895 0.104504214599729 0.0728908367455006 0.285527496039867 0.0357212457805872 0.0536819215863943 0.0731071362271905 0.0253023833036423 0.0431284379214048 0.0499530583620071 0.0711038567125797 0.044933345168829 0.0461439661681652 0.0509747693315148 0.0256367674097419 0.0285991391167045 0.0489675547927618 0.078635747730732 0.0367735104635358 0.102857831865549 0.054832167737186 0.193696188181639 0.201466305553913 0.0401809383183718 0.0698748841881752 0.0643677599728107 0.0520231787115335 0.0054658960973029 0.0270984548144042 0.128597224503756 0.0814289212226868 0.0876105692237616 0.0641715511679649 0.0331371792592108 0.00489877349749204 0.0214185900811572 0.0211439320982469 0.0379589537158608 0.0823824692517519 0.0135392540832981 0.0197826902382076 0.0195782178081572 0.0154109545052052 0.0139994671102613
-9999 0.169363631308079 0.0496234942227602 0.0560115059837699 0.0406821817159653 0.0524011250585318 0.0678911596536636 0.0811780612915754 0.0572415996342897 0.0439950054511428 0.0569951584562659 0.0252746465615928 0.0371215600520372 0.0339035162702203 0.0615685865283012 0.0345676893368363 0.0266602417454124 0.0219546451233327 0.0244225070811808 0.0479756537824869 0.0240592654794455 0.0259929600637406 0.141284749656916 0.0973751343786717 0.144393537938595 0.151284911483526 0.085395927214995 0.0151967248879373 0.123176014795899 0.0657329689711332 0.482507359981537 0.161705324053764 0.844280073046684 0.250147438049316 0.154393770545721 0.0788854591548443 0.00410757401259616 0.00709209854830988 0.00663165857346595 0.00832047460557804 0.00644793943556579 0.0341860271058977 0.00823981356807053 0.0175177928060293 0.0150609184987843 0.0144313827622682 0.00239089541425699
-9999 0.0162820520810783 0.0764762330800295 0.0268996917409822 0.0238222812302411 0.0822294875979424 0.0276036899536848 0.0436506059020758 0.0930123344063759 0.0618097502738237 0.0449321173131466 0.0495853051543236 0.0940816901624203 0.0386043768376112 0.0611406870186329 0.0863802053034306 0.0519138488918543 0.185640708357096 0.0524170711636543 0.0478685759007931 0.00916356735979207 0.0416364973410964 0.115153174102306 0.20585667565465 0.149646162241697 0.0717493258416653 0.0473348997533321 0.00973936362861423 0.0790999256074429 0.339521689713001 0.0701335687190294 0.0432340256869793 0.0841894775629044 0.163131716102362 0.136486726999283 0.0235675409436226 0.00468585228348142 0.010268972981369 0.00968501358729554 0.0087008996414114 0.00483216709370078 0.00538293999888992 0.00337674206183465 0.0168039287440479 0.0145489419344813 0.00239338036626577 0.00259228263754389
-9999 0.0238576604053378 0.0464641194790602 0.0221147650387138 0.0309563545510173 0.0332359950989485 0.0629053380340338 0.0305640209466219 0.0919687278568745 0.0468505822122097 0.0688221853226423 0.0497516378760338 0.061656317487359 0.0827962871640921 0.056073759868741 0.0878053784370422 0.155160719156265 0.0992941550910473 0.0592873230576515 0.126988492161036 0.041421146504581 0.0721676155924797 0.0708618996664882 0.186025612056255 0.13983076363802 0.200176594406366 0.0378579096868634 0.0266045655589551 0.077202982082963 0.0731573015451431 0.07618767619133 0.0684937439858913 0.168854928016663 0.111735474318266 0.13024493381381 0.0132341609827563 0.0113666783512898 0.0476777800824493 0.0260609335036492 0.011112737813437 0.00248588166191526 0.00548299466317985 0.00978964543901384 0.0156739302910864 0.00326772997395892 0.00618120636790991 0.0128765585366637
0.157285275310278 0.0368688890710473 0.022680157283321 0.0184433201793581 0.159022784978151 0.0212714169174433 0.0159449100960046 0.0165795670822263 0.0602363804355264 0.0980403881520033 0.0845026787370443 0.0459847327321768 0.073400928452611 0.0779573880136013 0.115528794378042 0.0800397947430611 0.0782926429063082 0.0486781453713775 0.0880035869777203 0.0145856214890955 0.100757006555796 0.110789126902819 0.0656867815181613 0.162322052568197 0.0236654746811837 0.0575713101774454 0.032991411909461 0.0568674635142088 0.150176117569208 0.194281358271837 0.0877378273755312 0.0784099962562323 0.19519016854465 0.244667449593544 0.139763214439154 0.0135249963146634 0.0126955257097507 0.0024482794471385 0.00520851437811539 0.0128380970112349 0.0176668139174581 0.00395646123179176 0.016475903429091 0.0141107868868858 0.0138485100120306 0.0123774645850062 0.0110820430330932
