Maxent_result_files_1/Bombus_sporadicus_3.asc
NCOLS 594 
NROWS 330 
XLLCORNER -15 
YLLCORNER 23 
CELLSIZE 0.166666666666667 
NODATA_value -9999 
[rows 160 to 179 of 330, columns 88 to 131 of 594]
2.78022876898376e-07 2.2618214599035e-07 2.49638624154613e-06 7.17772681468887e-07 1.73091803645775e-07 7.50820194905799e-08 6.87054819081823e-07 1.48195070153179e-06 2.7467880059362e-07 2.17908243627107e-07 -9999 -9999 -9999 -9999 -9999 -9999 -9999 -9999 -9999 -9999 6.35358230738348e-07 4.15498052408481e-08 2.14728391156882e-07 5.49108224667805e-08 1.9181202415286e-08 9.1879184926924e-09 1.54607581959176e-08 2.07573858617138e-06 1.12061262825591e-05 1.13259737322124e-07 7.25222751185584e-08 1.15148916446373e-07 1.10930368180107e-07 1.49021193180943e-06 3.35323731803783e-07 1.121416500105e-07 4.85950536255331e-08 1.14462682603289e-06 3.43777277223012e-07 1.23212116776017e-07 1.06980512288857e-06 1.29526398602309e-06 0.000247589007267379 1.63689997165761e-06
5.15681429291703e-07 1.18815379153148e-06 1.40746571560157e-05 3.97629598296589e-06 1.85608909646362e-06 7.69098986097561e-07 3.87795775225186e-07 5.04787523780692e-08 1.16079585041007e-05 -9999 -9999 -9999 -9999 -9999 -9999 -9999 -9999 2.8152213303656e-06 5.7281103194029e-08 3.18848621461143e-07 1.31632920918889e-07 7.05263269562551e-08 9.47419817265427e-08 1.94161110300684e-08 1.47369870902025e-06 1.27402645211383e-08 8.94987803423675e-08 8.50866374246806e-08 5.5669629066557e-07 3.37662600102817e-08 3.270568154079e-08 6.78017443522805e-08 3.52920780599675e-08 6.30559609362535e-06 4.07696308712957e-07 1.02973866589195e-07 2.65372553442944e-07 1.69319944731683e-07 4.65582654651797e-08 6.77969660856093e-08 7.44312528944135e-08 1.44316488182028e-07 2.97288862505241e-07 0.000179071166348876
8.36892985134341e-08 1.3970354446613e-07 7.0153151057184e-07 1.7305183348526e-06 1.03333407110995e-06 1.94619663407281e-07 -9999 -9999 -9999 -9999 -9999 -9999 6.18511526226939e-06 3.10768209499379e-08 1.24806178547487e-07 1.17165346757986e-07 2.42749868917258e-07 1.85849504674707e-07 2.29385604910703e-07 9.67566452736435e-08 1.58266129091089e-08 5.53992158813799e-08 1.64623256582175e-08 2.08590325234681e-08 1.38253505710395e-07 1.3217535492771e-07 4.18937482482562e-08 5.36955288454877e-08 1.88942490062516e-06 5.07590546483527e-08 1.04216102414512e-07 2.22376979053251e-07 8.2128887068933e-08 2.57707702622234e-08 1.15344498041736e-07 6.02382157239845e-06 7.62938022980109e-07 4.13396096377028e-07 1.29569935793938e-06 7.59306717057484e-08 8.23253503590138e-08 1.2807810323423e-07 2.45573794934728e-06 7.40415252039384e-05
-9999 -9999 -9999 -9999 -9999 -9999 -9999 -9999 -9999 -9999 -9999 -9999 3.35896457670515e-07 3.33648758044092e-07 5.40629669387727e-07 2.51384738692018e-08 1.23101699145423e-07 2.29502703064099e-07 3.39289333695092e-07 1.73620117505102e-08 3.04362127012681e-07 2.47161443134303e-07 4.87751862898733e-08 4.33036153379973e-08 2.75091247914361e-07 9.55733350238575e-08 1.37336587435755e-07 1.14333882095252e-07 7.38256549581706e-07 4.89855791485638e-08 2.39647665978282e-07 6.4808711819353e-08 1.57035904457814e-07 3.22888720871717e-08 4.90299015609708e-08 5.81727063853066e-08 7.99322853239914e-08 6.9875353574389e-07 8.58176818496759e-07 6.03739080418109e-07 5.65792959150713e-07 5.4763555823456e-08 6.46069115095571e-08 4.90221906268573e-07
-9999 -9999 -9999 -9999 -9999 -9999 -9999 -9999 -9999 -9999 -9999 -9999 1.81038905822106e-07 3.07507521313255e-07 2.91037839872388e-07 2.33308477959326e-07 2.24162727047172e-08 7.77366984117123e-08 2.72125971978454e-08 8.77039426416815e-08 7.93313120528438e-07 3.34315628292003e-08 2.33050246767341e-08 9.02867514973593e-08 2.83440978066096e-07 1.62335548736792e-07 2.27494002191797e-08 2.3941359272861e-08 5.00305871620199e-08 9.47179384702679e-08 2.65521152620352e-07 5.35009810676002e-07 1.93972414841426e-07 4.30147724550522e-08 2.67215787275177e-07 1.60802279083327e-06 4.63038892206669e-07 3.32189299889762e-07 2.47816184128169e-05 7.52283369365614e-05 2.70764978267835e-05 1.28024206844657e-06 3.12075296626801e-07 1.3364204789923e-06
-9999 -9999 -9999 -9999 -9999 -9999 -9999 -9999 -9999 -9999 -9999 3.79262814021786e-05 1.12866517909538e-07 2.66314025054726e-07 3.65363051457734e-07 4.15204106474221e-07 2.38053809198391e-07 3.8745301456089e-08 6.28563367799373e-08 4.03080915933884e-07 3.91629506157898e-07 3.39068046084634e-08 5.43976447664463e-08 3.05083022844599e-07 2.34263277221203e-08 1.5001906170653e-07 1.28746675653879e-08 2.121318175341e-07 3.06186762202287e-06 1.48436870173185e-07 1.47219627599782e-07 1.46349704621684e-07 1.485801550416e-06 1.04842372365965e-06 1.29793177165993e-06 4.09003121148999e-06 2.79515777037886e-05 4.06238079449395e-05 7.62957366532646e-05 6.5229504252784e-05 0.000138155814784113 5.01937658555107e-05 2.85082602204056e-05 3.28644927321875e-05
-9999 -9999 -9999 -9999 -9999 -9999 -9999 -9999 -9999 -9999 -9999 6.56322163195e-06 6.5166850138354e-08 6.62146192098589e-08 1.41712505552505e-07 1.87558102737739e-07 3.89905568454196e-07 2.21788216236973e-07 2.57190130303897e-08 1.66790218969481e-07 1.49818114891787e-07 1.74812352482512e-08 1.73648931456327e-08 2.15385508539612e-07 8.14392257808549e-07 3.86146772779483e-08 4.65521032388949e-08 7.78933645051438e-07 4.10409782602983e-07 2.20091927758403e-06 2.32629082574931e-06 1.69468769968262e-06 2.94875010240503e-06 1.1703065894153e-06 8.93664962404728e-06 1.63123718266434e-05 6.19249869487248e-05 1.94400501641212e-05 1.59144707140513e-05 2.59390535575221e-05 7.78201818320667e-05 6.29744990874315e-05 0.000121809851407306 0.000117870414760546
-9999 -9999 -9999 -9999 -9999 -9999 -9999 -9999 -9999 -9999 7.30768500943668e-05 1.18480212307759e-07 2.07284707087751e-07 1.84784994416987e-07 1.10301461120343e-07 1.85480581649244e-07 3.43577884365232e-07 5.14804933970936e-07 1.91332721755089e-07 4.44715879410751e-07 3.35382365079795e-07 1.62684526650025e-07 9.0747590597573e-08 2.71004124385854e-07 6.48645499268241e-07 1.51877256087118e-06 8.14415992778095e-07 4.82017676404212e-06 1.02252993201546e-05 7.14605502025734e-06 2.89379249238664e-06 1.24610779948853e-05 5.42905229394819e-06 2.13943463677424e-05 3.2797525091155e-05 1.39490214678517e-05 3.27939729686477e-05 1.32164593196649e-05 2.20278207052615e-05 1.51580860801914e-05 1.67909425726975e-05 1.8737647224043e-05 0.000157123902317835 5.10050726006739e-05
-9999 -9999 -9999 -9999 -9999 -9999 -9999 -9999 4.70176802991773e-05 2.24070236498619e-07 1.83146575238879e-07 1.35495591457868e-07 1.5933050718786e-07 1.63652492801702e-07 1.54218695058717e-07 8.10826945585319e-09 1.42288558357961e-07 1.23715766520149e-07 1.38823145334754e-07 1.59494344131872e-07 1.55001609414285e-07 1.78444403697853e-08 2.46704676598597e-07 5.55095366649994e-07 5.05284364749059e-07 6.18102882299354e-07 1.06149134921907e-06 2.52953244626042e-06 7.91609531916038e-06 8.67843102696497e-06 1.07651603229897e-05 1.4260107809605e-05 2.48886820372718e-05 3.74732537238742e-05 3.46067099599168e-05 2.18022032640874e-05 3.20283659675624e-05 5.42163385034655e-05 1.73076528881211e-05 7.20191042091756e-06 8.59214183037693e-06 2.73105648034289e-06 2.34553485825018e-05 3.86695280774063e-07
-9999 -9999 -9999 -9999 6.2021674693824e-06 2.00793905946739e-07 1.79046367065894e-07 1.58708527209228e-07 1.53690375981341e-07 5.32235323369434e-08 1.95777654710128e-07 8.70077585091167e-08 2.51076865964706e-07 1.99856194882386e-07 1.75238319854998e-07 1.29583080266116e-07 1.14081413471467e-07 1.19283861366171e-07 1.34041901134196e-07 1.37927969134921e-07 1.21403532116204e-07 8.28121458518183e-08 1.68691814117494e-07 1.40142553917144e-07 1.822180514921e-07 2.206142184491e-07 5.08399776322221e-07 9.7230815185867e-07 9.57503772269774e-07 9.69462882949301e-07 1.47599007593868e-07 7.99328975631397e-07 8.36069725664856e-06 2.30820524848241e-05 2.2113900831755e-05 3.27452742567402e-05 7.34757975351386e-06 1.18985750305001e-05 2.08690453291638e-06 1.17895078801666e-05 3.05275532355154e-06 5.2284936593594e-07 1.99605663624425e-06 0.000100155846484995
-9999 -9999 -9999 8.49553340565024e-08 1.57311743720356e-07 1.7423873330813e-07 1.33684604008977e-07 1.5498986343232e-07 2.17016142300963e-07 1.70563112078526e-07 2.04170667927883e-07 2.24575221352552e-07 1.87508499038813e-07 1.41297752875857e-07 1.61576201662683e-07 1.37551438328387e-07 9.98485088388179e-08 1.20720250507134e-07 1.22908522826037e-07 2.53537110239677e-07 2.04423683669575e-07 1.16907312164294e-08 9.49317657816806e-08 4.56309800611621e-08 5.93656358205408e-07 1.67743702661483e-07 1.70638003282875e-07 1.50947295551873e-07 3.08880635557784e-07 3.62378736440405e-07 6.21918414367428e-07 1.72650929926021e-06 1.38421742690298e-06 1.50477141573901e-06 2.5180812031067e-06 1.33950776216807e-05 8.04923551100956e-07 6.6345645599597e-07 1.10342883061776e-06 2.38592371601953e-06 1.21032311142244e-06 8.00219993379869e-06 1.75334271261818e-05 0.000117308194967336
-9999 -9999 -9999 5.61382612396244e-08 7.89077329699239e-08 3.04796133665519e-08 7.53844280776406e-08 4.16692193283552e-07 3.90327750032782e-07 8.51602625751013e-08 6.20600326683984e-08 1.42368060451759e-07 1.06403951605216e-07 1.9392743055846e-07 2.54486145934152e-08 3.99333363709786e-08 6.9580735839736e-08 1.5308587819618e-07 5.24904769649837e-09 1.13404937884809e-07 1.21485928517018e-07 5.06102740160941e-08 1.07766274126675e-08 2.1636720006768e-07 2.2258116842977e-07 1.57315693627424e-07 1.23661812168052e-07 1.28817675104642e-07 1.4115959068306e-07 1.43672599506317e-07 6.25186618208318e-07 4.64479285255948e-07 5.46032862303036e-07 2.73468841527347e-07 3.55570547228012e-07 1.27089171542139e-06 1.64454578452933e-06 5.9839468420364e-07 4.97535984322894e-07 7.4403033023529e-08 3.00318007475653e-06 5.14633420323207e-07 2.05115569400505e-06 8.32249920534878e-07
3.26458810562258e-07 6.67429783618445e-07 1.48983605896547e-07 1.50209521621036e-07 1.32446978540202e-07 1.2525779524708e-07 1.49492304757359e-07 1.29362848078074e-07 3.37043051246155e-09 3.48666145555399e-07 1.54546526687227e-07 8.99408004073621e-08 8.30398306561619e-08 9.75809349768042e-08 1.06209101602417e-07 1.04993779714846e-07 1.17085124928806e-08 3.59423987683627e-08 9.28951060075178e-08 9.91779171677365e-08 1.71342756960513e-07 1.55498520371111e-07 1.45399040007987e-07 1.90785924303327e-07 3.56497793063681e-07 8.80788510571051e-08 2.77676751814226e-08 1.83084488725171e-07 3.1419925861087e-07 4.04378496909885e-07 3.25479447838006e-07 8.11870725669905e-07 8.62571448578819e-07 6.34925909537287e-07 8.70395055585504e-07 2.09558644428398e-06 1.53306784227425e-06 9.16481264212621e-08 4.97024057466433e-07 2.42314050602488e-07 1.05688412901372e-06 3.3931002690224e-06 4.12378165322025e-06 1.90622971899757e-05
1.30836450296101e-07 6.08925061484911e-08 7.15609353107993e-08 2.06588995155244e-07 1.38978113284338e-07 7.9438627942352e-08 3.50478996047343e-08 9.90617095908419e-08 4.94112224913579e-08 2.66115598890337e-07 1.92417422217872e-08 6.74174495784996e-08 2.54919527264974e-08 2.8829773013328e-08 3.97349309455564e-08 1.76814497154787e-08 2.00148902895769e-08 2.40394111505893e-08 2.04946368498327e-07 1.36193887811942e-07 1.74355934490222e-07 1.70438013924468e-07 4.41047670385331e-08 8.92627050497197e-08 2.68917609957953e-07 7.67008649038559e-08 1.97686677516629e-07 7.69274257628183e-08 1.87393886363907e-07 1.95259582369545e-07 1.68829571833839e-07 1.56202469447919e-07 2.20165133946182e-07 4.06353299098328e-07 1.57245484366797e-07 1.09227082703001e-06 4.31131682887553e-07 9.32992570312763e-07 4.58222194410496e-08 1.03663153527833e-07 5.30274677146281e-07 7.80112618059547e-07 6.48059486962893e-07 1.5000589741021e-06
9.85145634402329e-08 8.27613952480988e-08 1.24666944856244e-07 1.73284148985431e-07 1.67106026083275e-07 1.07701961837847e-07 3.30660095526625e-08 4.98428627260239e-08 7.37838655950895e-08 7.73443357360293e-08 5.50426928924708e-08 5.48540759481853e-08 6.85390713073275e-09 5.78364379721918e-09 3.07139229249742e-07 4.43121519566603e-06 1.89409331170509e-06 1.5578081178802e-06 8.24888010120262e-09 8.91971316807627e-09 3.13531960927094e-07 1.82434974504986e-07 2.26992454344099e-07 2.08035153548281e-07 1.12298345555928e-07 1.20390133595549e-07 1.61780037899462e-07 2.20759916658153e-07 1.8151139913325e-08 1.53778625744394e-07 1.72980688262214e-07 9.80175937748129e-08 1.15110810838814e-07 5.73276480508866e-07 4.83041161203346e-07 7.80634626451615e-07 2.49138721031272e-07 3.02809641894442e-07 2.64007006034461e-08 6.17463412311281e-07 5.11473602671231e-07 5.78296733522166e-07 3.9888845861924e-07 5.69685854401314e-07
1.26578465398097e-07 1.0571206061627e-07 9.05636004411292e-08 1.17022483792084e-07 3.71650638442134e-07 8.10176204346646e-08 6.53776775827453e-08 5.87654816364136e-08 8.03870769061632e-08 8.46704381274321e-08 4.45424562123264e-08 8.72601756185531e-08 1.16684712381243e-07 1.84569840300242e-08 2.62064144607166e-08 9.1822462273683e-07 2.79543334755772e-06 1.31057463192974e-07 1.16282836160053e-07 6.00829436869788e-08 1.79024341484535e-07 1.62525855529339e-07 1.97085029185473e-07 7.29401937960006e-08 2.55396140147468e-07 1.69941443317612e-07 1.82514963142921e-07 3.95994499768904e-07 1.72672265108531e-07 2.95797196070424e-08 1.19158818279175e-07 6.20450189892097e-08 8.86983478665115e-08 2.26778086265256e-07 4.87718441632978e-07 5.11001315217641e-07 5.55609910790622e-07 3.86183385381322e-08 1.16942453143309e-07 3.03813090907212e-08 4.13224078954499e-07 4.8905035896496e-07 9.40287780792914e-07 1.81208174296898e-06
2.29633697301779e-07 2.71744070801105e-07 2.58582523215978e-07 6.89352805949284e-08 7.61111731861774e-08 9.45708563016012e-08 4.73681144086413e-08 4.46997282743666e-08 2.62488722313492e-08 9.94904421958154e-08 8.48113860030253e-08 8.40934990975484e-08 1.79726657378865e-07 1.06992710113829e-07 5.38142012729281e-08 1.39398436127536e-08 5.5104762974878e-08 1.79126470767343e-08 6.22296409069634e-08 3.68326607880221e-08 1.38546334405021e-07 1.80102536972981e-07 2.00870749189619e-07 8.12307696218539e-08 1.30750145643788e-07 1.28368863983042e-07 2.51874943657526e-07 1.44916437605502e-07 1.51273650672579e-07 1.12252401507362e-07 6.54973580704876e-08 8.74137709994116e-09 8.9087302690416e-08 2.03065471282571e-07 2.47501253269888e-07 3.49331396520824e-07 4.38766245380862e-07 9.41054583591949e-07 5.31822115679148e-08 7.61725935216617e-08 1.96549650066657e-07 5.87044082323018e-07 3.90934292582301e-07 4.18176057337405e-06
8.41210937352343e-08 7.4766768598522e-08 3.55403264595822e-08 2.85437995906079e-08 7.71300091351179e-08 1.57084622753878e-08 3.80231284680121e-08 6.42014258644963e-08 2.78855137647582e-08 7.66859191259073e-08 6.8670693464945e-09 5.3580341141668e-08 8.50960656606503e-08 8.98602159793427e-08 1.83097919048691e-07 9.17919130927203e-08 1.11506672340056e-07 1.25787110505371e-07 2.03391371300654e-08 2.80894877136006e-08 8.25776444557391e-08 8.61739088975355e-08 3.15163299191568e-07 2.10989674087614e-07 1.55628347187076e-07 1.49019641426662e-07 2.71864725931437e-07 1.44467016838234e-07 1.16708196173931e-07 2.64633250868229e-08 4.06785222839545e-08 2.00802052319204e-07 2.71770900894808e-07 2.27826268428544e-07 4.43229573932058e-07 8.20930348766069e-07 6.427548740362e-07 4.77743801496899e-07 8.5428806642085e-07 1.89010745543783e-06 6.04607087950626e-07 7.036188506504e-07 1.02891976894171e-05 1.95264710328047e-05
6.51114628880123e-08 5.6602983455889e-08 3.18862403148046e-08 3.20477523629847e-08 1.69053574250455e-08 4.50394484374783e-08 4.80200791130869e-08 6.77850430008675e-08 5.39479458439018e-08 6.33188138365881e-08 6.21223163577156e-08 6.96909248532052e-08 7.50680648309299e-08 7.7650128815776e-08 7.58156573965607e-08 7.74321396335154e-08 8.36406641724352e-08 1.41280423093804e-07 8.87315655617726e-08 9.84251169455774e-08 8.12423040841281e-08 1.32711071354485e-08 4.39313381228601e-08 5.48650564535791e-08 2.01582044923043e-07 1.20112783985604e-07 2.11380086101443e-08 7.70934672100765e-08 1.51787253965807e-07 7.07590023907301e-08 9.40724601328213e-08 2.32870172212074e-07 4.56070973342548e-07 3.76211049868402e-07 6.66048042319289e-07 5.43103072203621e-07 6.42403720974016e-07 8.45151537731681e-07 2.52383659358202e-06 1.01040671864894e-06 1.77661094724613e-07 5.6856845958464e-06 2.8417721932783e-05 3.01700146110306e-06
1.0501885705505e-08 2.89888603788313e-08 3.37942070771646e-08 3.6577144424399e-09 5.0329615142175e-08 3.39928682535628e-08 1.32670084695974e-08 5.03797115136706e-08 5.85010067055691e-08 1.04040269022221e-07 7.40713097080459e-08 5.86693060355969e-08 6.55459691856208e-08 2.29288822373164e-08 3.15395573213806e-08 4.70200937741083e-08 6.89667782438619e-08 6.93450235900173e-08 7.57018485675332e-09 5.68326176342282e-08 5.49955468720498e-08 7.40806274990291e-08 1.22272356861686e-07 1.08084141547948e-07 5.79146284263032e-08 6.41415176971805e-08 1.25296421504828e-07 8.26494588324067e-08 2.18278176333797e-07 1.55869019557997e-07 3.2354968872994e-07 2.01860878945581e-07 1.56439533949282e-07 5.19678273036561e-07 7.01110214151868e-07 6.95352966317841e-07 9.76314986189664e-07 6.63510407861168e-07 1.84273244911992e-06 4.19324214817607e-06 1.88680886822112e-05 2.59663507335972e-06 7.54127497202717e-05 0.000223719664791133
