Maxent_result_files_1/Bombus_melanurus_2.asc
NCOLS 594 
NROWS 330 
XLLCORNER -15 
YLLCORNER 23 
CELLSIZE 0.166666666666667 
NODATA_value -9999 
[rows 160 to 179 of 330, columns 92 to 137 of 594]
0.00440820176154375 0.00769923639018089 0.00268842653313186 0.00762252317508683 0.0029712078277953 0.00283159833634272 -9999 -9999 -9999 -9999 -9999 -9999 -9999 -9999 -9999 -9999 0.0102757392218336 0.00522081349918153 0.00247886430297513 0.00143818636861397 0.00544819858623669 0.00223609855165705 0.00153363768331474 0.0443129992345348 0.0889608621408115 0.00186668138994719 0.00352857018006034 0.0031736984354211 0.00265066905703861 0.008278581534978 0.00336520598793868 0.00606384967686608 0.00195042594132246 0.00414766310423147 0.00319899368769256 0.00281640641915146 0.0214036062476225 0.0311457009680453 0.0706746888339694 0.0135853577856324 0.0223070963787904 0.00611732867982937 0.00168279984191031 0.001351283246413 0.00191133437474491 0.00247138304039254
0.0533978028222919 0.0158451473340392 0.00666273544193245 0.00342362764058635 0.00687351885717362 -9999 -9999 -9999 -9999 -9999 -9999 -9999 -9999 0.0242595799267292 0.00829279073514044 0.00239116142038256 0.00123683867714135 0.00111050550476648 0.00109285379003268 0.00161817673797486 0.0650601894361898 0.00143031241459539 0.00542831565398956 0.00392421050928533 0.0217075816297438 0.00208282869280083 0.00267345232132357 0.00312133633997291 0.00153251876909053 0.0319555288879201 0.015790952811949 0.00283715752884746 0.00678574939956889 0.00420079417963279 0.00176036402554018 0.00212740580464015 0.0155893596587703 0.0273062218446285 0.0109619764320087 0.0473466490737337 0.0065525263264135 0.00171077700670139 0.00234308694962237 0.00181426407634717 0.0023973236459824 0.00206363395191147
0.0248153066262603 0.00920680016279221 -9999 -9999 -9999 -9999 -9999 -9999 0.0390316109173 0.01189954217989 0.00111137855128618 0.000981607018911745 0.00199711748282425 0.00207946695154533 0.00198368821438635 0.00185267188062426 0.00297806859307457 0.0101477244519629 0.00398580083274283 0.00445990312146023 0.00187260675884318 0.00174352303001797 0.00441838760889368 0.00759228074457496 0.0584386049042223 0.00431672474223888 0.00413553347607376 0.000948563669226132 0.000865079466893803 0.00133230715582613 0.00479634601506405 0.00353736135875806 0.0215099346372881 0.0105136666854378 0.0182664989974001 0.00971896734554321 0.0141930382116698 0.0156899323570542 0.0278243237014976 0.12589490046521 0.0239238655485678 0.0011556093724721 0.00406393899247632 0.00158897966430231 0.00207833893573479 0.00154352622585066
-9999 -9999 -9999 -9999 -9999 -9999 -9999 -9999 0.00397041187970899 0.00304538359632716 0.00123596220219042 0.00173583747236989 0.00104434462555218 0.000936398927296977 0.00200285567261744 0.00287205156055279 0.030527587531833 0.0274062943411991 0.00133046597184148 0.00104422027943656 0.00206015413277782 0.00151641008415027 0.00154899437766289 0.00488775794801768 0.00625199098212761 0.00179389406694099 0.000942808583204169 0.0014995463003288 0.00173009034770075 0.00208894272509497 0.00212852995900903 0.00670128389610909 0.00361375446373131 0.00364048078190535 0.00529175289120758 0.00177715260433615 0.00286695355825941 0.00137792704044841 0.00407062758749817 0.00689778624800965 0.0571853520334116 0.00578787371487124 0.00166248554050981 0.00172371548233059 0.00160612316849438 0.00164309051128839
-9999 -9999 -9999 -9999 -9999 -9999 -9999 -9999 0.00385401730891317 0.00280398245668039 0.00265450348961167 0.00231152667838614 0.0017716688773362 0.00484469386283308 0.00203502415824914 0.00834121821389999 0.0269422498051426 0.00162038061971543 0.00212019711325411 0.000825745565089164 0.000959454850817565 0.000819060036155861 0.000897071304643759 0.00167674692202127 0.00146243409835733 0.000770582372206263 0.00162887235346716 0.0018440665473463 0.000878556127281627 0.00137575459521031 0.00359490119008115 0.0076031384858652 0.00101583862415282 0.00410689302370884 0.00142971719160414 0.00343253587780055 0.00179244034843578 0.00119914399838308 0.00143869926250773 0.00110376668926619 0.00186372183379717 0.00155279893151601 0.00160175179125872 0.00181659211848455 0.0060792595246312 0.0023412400187226
-9999 -9999 -9999 -9999 -9999 -9999 -9999 0.0312590062618256 0.00151451733690919 0.00345776238827966 0.00119802512926981 0.00229640659526922 0.0017089275046601 0.00190457450225949 0.00846397047862411 0.032024844357511 0.0142725957935909 0.00233274871134199 0.00194692117947852 0.0138223224726971 0.00131734522874467 0.00630623842007481 0.00148321634042077 0.00525758777221199 0.0172119483875576 0.00344010207336396 0.000869856915960554 0.00148332434037002 0.00112325452209916 0.00116605541843455 0.00125687945401296 0.00149985060124891 0.00170603731421579 0.00143066554210236 0.00434045182191767 0.00705880548921414 0.0092419351261924 0.0026370842660981 0.00211116539285285 0.00116440843032706 0.00150638245027039 0.00204306495870696 0.0101742029597517 0.0125279119849438 0.00161444707537157 0.00168402536692156
-9999 -9999 -9999 -9999 -9999 -9999 -9999 0.00799709809944034 0.00126094020961318 0.00124174968223087 0.00190773725917097 0.00197679460106883 0.00162412291683722 0.00177589574159356 0.00304154106415808 0.00147353583015502 0.000971180683700368 0.00135515508591197 0.00250162508164067 0.00131200643954799 0.00344716675172094 0.00160082408547169 0.000960338662844151 0.00118918635416776 0.00112503618001938 0.00371314137009904 0.00160746595356613 0.00173990219773259 0.00134789580624783 0.00288480705348775 0.00317290991879418 0.00115182612803437 0.0050006300851237 0.00252586190908914 0.0068068819004111 0.00307489228798659 0.0120007928810082 0.0113287965097697 0.00403294926072704 0.00267060942587705 0.00356041355335037 0.00167905175185297 0.00175249029998668 0.00097634696089699 0.00219055700545141 0.00227429035840032
-9999 -9999 -9999 -9999 -9999 -9999 0.014400451304391 0.00134491395001533 0.00110440691641998 0.0012690203031525 0.00111375108972425 0.00185164576541865 0.0018807160682627 0.00118127165624173 0.00160598964575911 0.00168421158887213 0.000944796124531422 0.00140622686885763 0.00126003578625387 0.000866928488539998 0.00435628774575889 0.00778070511296391 0.0034768786164932 0.00381396100856364 0.0047431660204893 0.00273624009496416 0.00172597123892047 0.00140042917300889 0.00180571778073499 0.00190590021097705 0.00266921937586631 0.00681776252749842 0.00977708009304479 0.00266035502427258 0.00247653577316669 0.0027512213709997 0.00260436749522341 0.00286622198254918 0.00342639521213641 0.00307431071923929 0.00125464887532871 0.00131474520981101 0.00254597296443535 0.00274458772364596 0.00271201673658652 0.00158599166757085
-9999 -9999 -9999 -9999 0.00409816922619939 0.00453514487599023 0.00114204955316382 0.00109118972031865 0.00206857574521564 0.00123056369629921 0.000894857470120769 0.00140282722713891 0.00142883876687847 0.00151422131602885 0.00118292909610318 0.00118996239762055 0.00147354118525982 0.00174129191145767 0.00141596245230176 0.000870272444444709 0.00126046412915457 0.00388690145919099 0.0037900663795881 0.00410574766865466 0.00522700729925418 0.00251317557340371 0.000410582440343887 0.00205827488057366 0.00231634282044979 0.00212994221601548 0.0075556682277238 0.00888248578703497 0.00294572389720997 0.00259275860553316 0.00210500006469374 0.00223963671160163 0.00280107669532299 0.00164329297840595 0.00481088549022388 0.00156921502202749 0.00114465080241644 0.00246363433761871 0.00278304639214184 0.00283613777064602 0.00192301359638805 0.0107520146848401
0.0181329926941544 0.00791226655710489 0.00196272513421718 0.00240222150168847 0.00228515513299499 0.0012825934070861 0.00110813758219592 0.00121670501248445 0.00107918591529597 0.00164123601425672 0.00113883565500146 0.00156740190723212 0.00151159977976931 0.00146082709834445 0.00146356487530284 0.000964335784374271 0.00126037091977196 0.000570732957567088 0.000701977770222584 0.00142729413346387 0.000809334745281376 0.000748182006645948 0.00160073510778602 0.00338217194657773 0.00353537872433662 0.00120335379324388 0.0013990616571391 0.000800461796825402 0.00125679617694914 0.00143709266321821 0.00573236015479779 0.00914512135204859 0.00806022759643383 0.00345318345353007 0.00193353811628185 0.00203455530863721 0.00291125277290121 0.00323204294545576 0.00301304930108017 0.00223304120090688 0.00241385244789853 0.0015152126119574 0.00140139538470976 0.00175659502856433 0.001839960727375 0.00272591830580495
0.00257814713695552 0.00126377572305501 0.00130342797492631 0.0017341999526252 0.00100910907349316 0.002211018971866 0.00110394973453367 0.00106589579809224 0.00193618312478065 0.00157959196367301 0.00171884135925211 0.00159076203271979 0.00134776699997019 0.00145701123983599 0.00111558170901844 0.000743101941770874 0.000697070281603374 0.000786621720180847 0.000873937434516847 0.000606832102494081 0.000768263220379595 0.000669156617368571 0.00120362948364345 0.00145095277403016 0.000736294321541209 0.00103031228354666 0.00117342844023369 0.00134538217098452 0.00115225187328178 0.00169585928088054 0.00217714574828278 0.00322315608063946 0.00495854077744298 0.00648379091871902 0.00735088569927029 0.0013199655135395 0.00146172073145863 0.001124071205777 0.00216811419850274 0.00328748169140454 0.00312719286648644 0.00252197864392656 0.00197606487636222 0.00220277847838588 0.00247177270357497 0.0027442363119917
0.000648917201760923 0.000993526639649644 0.00574045963585377 0.00410920548602007 0.0115731269179378 0.000958798594365362 0.0009196362021612 0.00083929419197375 0.00112260412715841 0.000903088417544495 0.000673403758264612 0.000885791218024679 0.000924111530184746 0.000813877762993798 0.00081509491574252 0.00113927985876217 0.000634531071409583 0.000759843326522969 0.000839857268874766 0.000914094914332964 0.000660889256687369 0.000780820411455352 0.00139411166601349 0.00134464216680499 0.00140672325651394 0.00149998076085467 0.00122594554704847 0.000847791679552756 0.00160248744359706 0.00161983253783546 0.00144465698103886 0.00167464865080547 0.00228559840470552 0.00363950170576572 0.00442718171980232 0.00129795110115083 0.00170374436420389 0.00200805568601936 0.00470222641015425 0.00357364037772641 0.00629534369218163 0.00515650242159609 0.00246579595841467 0.00349506118218414 0.00232698605814221 0.000931053948124827
0.00208888434863184 0.00152872300532181 0.00101390423224075 0.000958713368163444 0.00133893670281395 0.00245295426575467 0.00210807692783419 0.00159777195221977 0.000686783358833054 0.00150862318114378 0.000711693882476538 0.000854532286757603 0.000995132228126749 0.000780457459040917 0.000730779733567033 0.000969414168503135 0.0011647573322989 0.000690927317191381 0.000692994956625625 0.000643006316386163 0.00073287226841785 0.00060596250477829 0.00335892926086672 0.000809190454310738 0.00087924614927033 0.0009930814121617 0.000973909690219443 0.00372485377738485 0.00107865429599769 0.00114283463917673 0.00144709123487701 0.00182586271839682 0.00175045811920427 0.0014609326608479 0.00920292859373148 0.00383509148814483 0.00476498156785965 0.0017154295113869 0.0117717532848474 0.0155617091411841 0.0084648297241074 0.00259002365346532 0.00263948198698927 0.0032550494390307 0.000802311933671262 0.00114440147401638
0.00102932728186715 0.00114818527217722 0.00112684831256047 0.00196206178952707 0.000834097183542326 0.00121673484245548 0.000733165981364436 0.000828842136252206 0.000840546260587871 0.000681738117418718 0.00559988152381266 0.00277694620162947 0.000980241269280668 0.00102392255503219 0.00074784079042729 0.00112725230719661 0.000681058334885165 0.0014783476741286 0.00070065734180389 0.000946427194867283 0.000829783995868638 0.00225397996255197 0.00155262053303886 0.001116189394088 0.000976391925360076 0.000859092258906458 0.00153199672349729 0.00118144196458161 0.002097897339263 0.00112348558322992 0.00219899028888904 0.00771595590049401 0.0011823708715383 0.00120285488083027 0.0035619384230813 0.00231057794298977 0.00147094238200225 0.00136598166718613 0.0047537616599584 0.00169034198625013 0.00223334670299664 0.00208831853815354 0.00259399222995853 0.00141393981753026 0.00305002890015658 0.00192276451034559
0.00103330658457708 0.00168612005218165 0.00139757955039386 0.00162330383318476 0.0010682207532227 0.00156430562201422 0.000865021052595694 0.00133207651088014 0.00161265344722779 0.00120918277680175 0.00782413440465462 0.051341214158856 0.104613476454324 0.0278381990647176 0.00117941879434511 0.000825197164522251 0.000728656841965858 0.000700527387380134 0.00086465045606019 0.000800668615556788 0.00112306701776106 0.0014308164594695 0.00153359570540488 0.00211272976303007 0.00282321917766239 0.00171434797084657 0.00158331140119117 0.0012245438163518 0.00170823333319277 0.00120207217114512 0.00517513044178486 0.0055888639879413 0.00703412138391286 0.00187857898999937 0.0026717377040768 0.00197058291814756 0.00243763964099344 0.00154575228807516 0.00169127507251687 0.00233184178941883 0.00229393846238963 0.00214738850336289 0.00170783058974848 0.00227961122000124 0.00195166930061532 0.00282112689455971
0.00119892496149987 0.000978930250857957 0.00090594340726966 0.00103499605320394 0.00149076376837911 0.0012881778384326 0.00182472139276797 0.000968176970491186 0.0011491316887259 0.00212907838285901 0.00243165161082288 0.0139343944378197 0.0463596624649654 0.00423696534926421 0.000597909232601523 0.000882942696625832 0.000883778811839875 0.00166739781707292 0.00184459952870384 0.00205045408802107 0.0014000752067659 0.00209299460984766 0.00203494703164324 0.00154542829259299 0.00205538191366941 0.00144051119568758 0.000797282485291362 0.00470263737952337 0.00139548796287272 0.00178958162432536 0.00260983630432747 0.00536601118510589 0.00564144880045205 0.00164771149429725 0.0120803431142122 0.00290759573981632 0.0014178551180521 0.00178025164350402 0.00159113088157028 0.00300276888301596 0.00193938324227929 0.00360327294038143 0.00533916155109182 0.00579343815334141 0.0084771326452028 0.0046344927046448
0.00178608099377016 0.000972698102123104 0.00130700186709873 0.00184701866819523 0.00115550785849337 0.000825808793888427 0.00137705208617263 0.000836440653074533 0.00069251893874025 0.00228998625825625 0.000701047522306908 0.00218765448080376 0.00338627445162274 0.00102936262774165 0.000536128260137048 0.00088662279304117 0.000833248421258759 0.000982763373758644 0.00107441955333343 0.00187652143940795 0.00126485666551162 0.00219455603219103 0.00207260063616559 0.0018399288324872 0.00134788710565772 0.000698294829635415 0.00176293610711582 0.00268418464984279 0.0012176731339423 0.00304056413006037 0.00467291566892527 0.00446132364450023 0.00983529079239815 0.00477292454452254 0.00603034661035053 0.00150833573861746 0.00162313596811146 0.00260608819080517 0.0019203997857403 0.00198985455208458 0.00162864817693844 0.00117913011110886 0.00257453186495695 0.0080704987689387 0.143330881133443 0.00293191954260692
0.000841063236293849 0.00107777724770131 0.000713979655120056 0.000660429918207228 0.00125389126769733 0.00129427959036548 0.0011800277265138 0.0012439561294741 0.00152797518821899 0.00151669218757888 0.00148530429141829 0.000744483009475516 0.000746463114046492 0.00103777634358266 0.00115789713381673 0.00121843871311285 0.000920239579863846 0.0010507931583561 0.00134668763203081 0.00212229640746955 0.00230134777957574 0.00161472379841143 0.0019481503040879 0.00139381305052666 0.00137600314919837 0.00118791124841664 0.00218448432278819 0.00280986263533123 0.00184145313396584 0.00274105356656946 0.00362968691624701 0.013154456729535 0.0029211298620794 0.00414780201390386 0.00225847609108314 0.00258741511206608 0.00228151920018718 0.00176777842862066 0.00266650967096211 0.00169321218118057 0.00149650115426994 0.00155439344805473 0.00211189107940299 0.00297754556522705 0.00665783266304061 0.00500059366167989
0.00144302645785501 0.000674553336284589 0.00139187607710483 0.00118981901468942 0.00117850900714984 0.00129470950196264 0.00128883533907356 0.00140334873867687 0.00155259385646787 0.00158414539037039 0.00149798504280625 0.00143329426209675 0.000743672131648054 0.000819982458779123 0.00121465142583475 0.000833480099390726 0.00110653462179471 0.00139623930153903 0.00128903949225787 0.00116789743187837 0.00091163059551036 0.00120111360447481 0.00319867838115897 0.00379464266588911 0.00900417199591175 0.00113327679573558 0.00167430032161064 0.00427907576086 0.0039825992193073 0.00686524152988568 0.00575384027324617 0.00357007735874504 0.00349235105095431 0.00234122871188447 0.0014008099999046 0.00165510317892767 0.00228779637400294 0.00191385481739417 0.00242106338573649 0.00191138854315795 0.00201171323142262 0.00220961768027337 0.00209698900580406 0.00217663594521582 0.00181116674211808 0.00235704079914285
0.0018896550667705 0.00150620303902542 0.00106406692357268 0.00070480924914591 0.00143048540921882 0.00152986045432044 0.00137537681148387 0.00135074091958813 0.00162543603946688 0.00113649191043805 0.00151717089465819 0.00153891366353491 0.00141476666467497 0.00109674945560982 0.00183393759652972 0.000761176605010405 0.000894754893670324 0.000877773060346954 0.00206572664901614 0.00218574773462024 0.00140108150371816 0.00132990199781489 0.00326182168792002 0.00146419781085569 0.000941380439326167 0.00271756755537353 0.00637027707416564 0.00403518656967208 0.00369665088364854 0.00362783573800698 0.00146725033700932 0.00132149099663366 0.00719331583823077 0.00248570936382748 0.011311880699941 0.00181143263471313 0.00258048979521845 0.00180001288681524 0.00200664217727535 0.00203916892805864 0.00353518534329851 0.00411875979771139 0.00325734506186564 0.00174544617038919 0.00229901269631227 0.00283018131267454
