Maxent_result_files_1/Bombus_melanurus_2.asc
NCOLS 594 
NROWS 330 
XLLCORNER -15 
YLLCORNER 23 
CELLSIZE 0.166666666666667 
NODATA_value -9999 
[rows 240 to 259 of 330, columns 92 to 137 of 594]
-9999 -9999 -9999 -9999 -9999 -9999 -9999 -9999 -9999 -9999 -9999 -9999 -9999 -9999 -9999 -9999 -9999 -9999 -9999 -9999 -9999 -9999 -9999 -9999 -9999 -9999 -9999 -9999 -9999 -9999 -9999 -9999 -9999 -9999 -9999 -9999 -9999 -9999 -9999 -9999 -9999 -9999 -9999 -9999 -9999 -9999
-9999 -9999 -9999 -9999 -9999 -9999 -9999 -9999 -9999 -9999 -9999 -9999 -9999 -9999 -9999 -9999 -9999 -9999 -9999 -9999 -9999 -9999 -9999 -9999 -9999 -9999 -9999 -9999 -9999 -9999 -9999 -9999 -9999 -9999 -9999 -9999 -9999 -9999 -9999 -9999 -9999 -9999 -9999 -9999 -9999 -9999
-9999 -9999 -9999 -9999 -9999 -9999 -9999 -9999 -9999 -9999 -9999 -9999 -9999 -9999 -9999 -9999 -9999 -9999 -9999 -9999 -9999 -9999 -9999 -9999 -9999 -9999 -9999 -9999 -9999 -9999 -9999 -9999 -9999 -9999 -9999 -9999 -9999 -9999 -9999 -9999 -9999 -9999 -9999 -9999 -9999 -9999
-9999 -9999 -9999 -9999 -9999 -9999 -9999 -9999 -9999 -9999 -9999 -9999 -9999 -9999 -9999 -9999 -9999 -9999 -9999 -9999 -9999 -9999 -9999 -9999 -9999 -9999 -9999 -9999 -9999 -9999 -9999 -9999 -9999 -9999 -9999 -9999 -9999 -9999 -9999 -9999 -9999 -9999 -9999 -9999 -9999 -9999
-9999 -9999 -9999 -9999 -9999 -9999 -9999 -9999 -9999 -9999 -9999 -9999 -9999 -9999 -9999 -9999 -9999 -9999 -9999 -9999 -9999 -9999 -9999 -9999 -9999 -9999 -9999 -9999 -9999 -9999 -9999 -9999 -9999 -9999 -9999 -9999 -9999 -9999 -9999 -9999 -9999 -9999 -9999 -9999 -9999 -9999
-9999 -9999 -9999 -9999 -9999 -9999 -9999 -9999 -9999 -9999 -9999 -9999 -9999 -9999 -9999 -9999 -9999 -9999 -9999 -9999 -9999 -9999 -9999 -9999 -9999 -9999 -9999 -9999 -9999 -9999 -9999 -9999 -9999 -9999 -9999 -9999 0.0535314800450578 -9999 -9999 -9999 -9999 -9999 -9999 -9999 -9999 -9999
-9999 -9999 -9999 -9999 -9999 -9999 -9999 -9999 -9999 -9999 -9999 -9999 -9999 -9999 -9999 -9999 -9999 -9999 -9999 -9999 -9999 -9999 -9999 -9999 -9999 -9999 -9999 -9999 -9999 -9999 -9999 -9999 -9999 -9999 -9999 0.00340195759781636 0.000171912126461393 0.000263803716006805 0.0043368905200623 -9999 -9999 0.00147476799902506 0.000668039292213507 0.000599087690352462 0.00750123979523778 -9999
-9999 -9999 -9999 -9999 -9999 -9999 -9999 -9999 -9999 -9999 -9999 -9999 -9999 -9999 -9999 0.00798306750366464 0.0609148422256112 0.0625915970653295 0.0540725208818913 0.00249304759054212 0.000793001832244045 0.000265950833272655 0.000290514916196116 0.00102250195668603 7.25078380583e-05 2.4464527876944e-05 3.99465420173328e-06 3.17246927352244e-05 -9999 -9999 -9999 0.0254561588866636 0.000424431425199145 0.000378107152937446 0.000218551943726197 8.29421661364904e-05 6.33344419838977e-05 0.000288049108894484 0.000167458265968889 0.000521416370611405 0.00010287786817571 0.00019885646597686 0.00036515920801321 0.000259465394628933 0.000877404593120445 0.000547600206846255
-9999 -9999 -9999 -9999 -9999 -9999 -9999 -9999 -9999 -9999 0.00434087036119308 0.00138752468556049 0.0033734992495738 0.0188771118642762 0.00201519760303199 0.00078061515087029 0.000871161964641942 0.000175995412337215 0.000107188719812257 1.42446569753929e-05 0.000556235919248138 7.8003435919527e-05 3.56126305462112e-05 4.85400649097301e-06 1.67299579345581e-05 0.000161231607762602 0.000280326394931762 4.69384908683423e-05 5.05349254638077e-06 2.7643937414723e-05 0.000177934439670935 0.00039470889387303 0.00044464200764196 0.000643729972216534 0.00156312638064264 0.0029652880388312 0.00337967012819718 0.00432988342654426 0.00191204997463501 0.00285912839171942 0.00047098353606998 8.27917446258653e-05 0.000393859538053221 0.000433517825877061 9.38949853264148e-06 2.24647084678509e-05
-9999 -9999 -9999 0.00835722293995786 0.000427802431659075 0.000614048729312344 0.00046541197989427 0.000507581731653772 0.00013503601658158 4.59276258425234e-05 5.55055719360098e-06 1.18705438865163e-05 0.000249897416551903 0.000120363400083079 3.34029435180128e-05 5.96393109617566e-06 5.20073778247365e-06 0.000114314596976328 0.00506174965412356 0.00236818836419843 0.00115428536828404 0.00171609328535851 0.0008080407322268 0.00194136454956606 0.00684215662768111 0.00176620882120915 0.00227079171454534 0.000499124794441741 0.00731940359110013 0.00585685005353298 0.00563793678302318 0.00384358672890812 0.0042508504644502 0.00173587221288471 0.00274159613909433 0.00190013113897294 0.00708373052038951 0.00677752764895558 0.00717756616359111 0.00303298135404475 0.0024150561184797 0.0056635796368937 0.00399497868493199 0.00282577678008238 0.00222618671468808 0.00120600753725739
-9999 0.0132188722491264 0.00326658991107252 0.00101014279644005 0.00438047850038856 0.00256027817813447 0.000863689620018704 0.00309306616836693 0.00470276775304228 0.000776753108584671 0.000947079039178789 0.000981249009782914 0.00157156665336515 0.0012801906783352 0.000996080416734913 0.00306745021298411 0.0100161490729079 0.00264670152682811 0.0035630161059089 0.0121866468107328 0.00537976515479386 0.00639993797522038 0.00285948459059 0.00100006519642193 0.000789707986405119 0.00363359916955233 0.00423982836073264 0.00197198980022222 0.0248009912669659 0.0202695745509118 0.00676317533361726 0.0085212019039318 0.00319314798980486 0.00509369889041409 0.00444651528669056 0.0026315771669033 0.00506219380185939 0.00345618784776889 0.00497982341330498 0.00570368206244893 0.00610036148282234 0.00560261869395617 0.00631264534022193 0.0059705338353524 0.00945114522473887 0.00226334935214254
0.00341932762821671 0.00198277707968373 0.00102569900554954 0.00236960151669337 0.00538915065699257 0.00483985668979585 0.00264965122332796 0.0013094702095259 0.000547980018018279 0.000415542577684391 0.00156235577305779 0.00310951967403525 0.00265574452423607 0.00238978453562595 0.0035677160078194 0.00553583441651426 0.00689632825087756 0.0015309844573494 0.00464426985708997 0.00736134329345077 0.00524482987821102 0.0142388584557921 0.00624699862673879 0.00208498573629186 0.00764686618931591 0.013951114565134 0.0094579700846225 0.00769418315030634 0.012134210113436 0.00735957144061103 0.00542544897762127 0.0274331978522241 0.0216129749082029 0.0128712114063092 0.00771595803962555 0.00418354780122172 0.00625443708850071 0.00396764105826151 0.0350875825155526 0.00442323925090022 0.00532850957824849 0.0035455533368804 0.00343650003196672 0.00824282118555857 0.00372296782297781 0.0112653110525571
0.00213140705891419 0.00105738506681519 0.000605269562129251 0.000928017057594843 0.00736892740242183 0.00391511076013558 0.00104283151449636 0.00183620345196687 0.00188691177172586 0.00566120843868703 0.0080356863560155 0.00780942529672757 0.0108070031506941 0.00612108581699431 0.00161854918696918 0.00222024486865848 0.00182288472424261 0.00335249060299248 0.0028378245420754 0.00287720498163253 0.00182533909101039 0.00186833292827941 0.00209810903179459 0.00727650155313313 0.00256249752128497 0.0020963003160432 0.0172436147928238 0.038001387193799 0.046455992385745 0.0221778738312423 0.0109714417951182 0.0145273158559576 0.0216642441228032 0.0107712841127068 0.00669460590579547 0.00545971577521414 0.0110294405603781 0.0225572981871665 0.0125862087123096 0.00787903986638412 0.00488665151060559 0.0058619778836146 0.0053196943437797 0.00484347226738464 0.00445127503480762 0.00124366048257798
0.000577190805142891 0.000368258281378075 0.000765232855883369 0.00423108487157151 0.000245973644632613 0.000745933491270989 0.000837601223611273 0.00186270926496945 0.000989344727713615 0.0034962046192959 0.00204691848484799 0.000827018677955493 0.000796955515397713 0.000830779987154528 0.000749180465936661 0.000789564504520968 0.000907268194714561 0.00104050440713763 0.0134521421510726 0.00366486774291843 0.00328467873623595 0.00141324841533788 0.000805025920271873 0.00135363880544901 0.00072257419815287 0.000935543506057002 0.00237116435309872 0.0102628726977855 0.014010128704831 0.0169307929230854 0.0223551094066352 0.014320539496839 0.0294928304851055 0.00572419212548994 0.0139902635011822 0.0113260390004143 0.006286914460361 0.0294883478432894 0.0146394025534391 0.0104435586836189 0.0220337195321918 0.00997380714397877 0.00647253558272496 0.0134741700952873 0.00612764060497284 0.002104502171278
0.00113378184469184 0.000360297747101868 0.000931066618068144 0.00221362290903926 0.00138069512904622 0.000444651520228945 0.00130143428687006 0.0017143499921076 0.00446511472109705 0.00244163929019123 0.00131787542486563 0.00107100700843148 0.000788081865175627 0.000988207902992144 0.000732509006047621 0.000817316331085749 0.00104384544538334 0.00108227602322586 0.00115667367354035 0.000942936242790893 0.00535367778502405 0.000623674495727755 0.000852814925019629 0.00371575969038531 0.0117753764614463 0.00113575746072456 0.00173975270590745 0.00112881878158078 0.00238027323503047 0.00561046460643411 0.00882329256273806 0.0120907905977219 0.020009870454669 0.0244413018226624 0.00684615946374834 0.00362633273471147 0.0149297457654029 0.00934625605586916 0.00524346032179892 0.00502992396941408 0.00608786295633763 0.0058660731301643 0.0106158785521984 0.00587267618975602 0.00728504641447216 0.00272487320471555
0.00110076959244907 0.00146487487363629 0.000401883920130786 0.000556863749807235 0.00276215650956146 0.00213811720022932 0.00401003123261034 0.00499694590689614 0.00646750857122242 0.00742250801995397 0.00349889189237729 0.00262288963422179 0.00286172271007672 0.00161631957744248 0.00169259872054681 0.00115225574700162 0.00197844840586185 0.00110625564702787 0.00198621691670269 0.0015145841112826 0.00368772556539625 0.00171868180623278 0.00111067770631053 0.00293808680726215 0.0306891990825534 0.00734956501983106 0.0234837366268039 0.0160560097545385 0.00219902656972408 0.00424836011370644 0.0122316979803145 0.0151952886022627 0.0127422260120511 0.00680869941134006 0.00772425110917538 0.0131733339745551 0.020303075760603 0.00283209428889677 0.0010896975552896 0.000369232445154921 0.015977293625474 0.0211710877716541 0.00736450313124806 0.0135924956295639 0.0115528813097626 0.0050858719041571
0.00885316373314709 0.00211085026385263 0.00246049602865241 0.00373044264269993 0.00433742381283082 0.00247840881711454 0.00281506607716437 0.00747554551344365 0.00570116834715009 0.00238864283310249 0.00299219364533201 0.00256714762654155 0.00461124300491065 0.00292588453739882 0.00110160001786426 0.00106188837671652 0.00172641081735492 0.00221882323967293 0.00455217626877129 0.0319128905422986 0.00295813521370292 0.00170313643175177 0.00474356234772131 0.00208314260817133 0.00263901904108934 0.0041002755635418 0.00290520873386413 0.00527302732225507 0.0173024647403508 0.00723658564966172 0.0148541156668216 0.0526356130838394 0.0183337689377367 0.00236168487463146 0.0107308397302404 0.0224820297211409 0.0199148421175778 0.0123190275393426 0.00140550326905213 0.00251574434805661 0.00658919468987733 0.0217109455727041 0.0124808677006513 0.00711813825182617 0.00342772392323241 0.00836454550735652
0.00335592706687748 0.00824371122289449 0.00240624019643292 0.00427591009065509 0.00784422378055751 0.00395028266357258 0.00576570357661694 0.0123933086171746 0.00817412617616355 0.00386724369600415 0.00226637570885941 0.00252115559997037 0.0028513737837784 0.00215227600419894 0.0024468264891766 0.00139555168570951 0.00272189968964085 0.0017093590751756 0.00331289297901094 0.00216152019565925 0.00175169438589364 0.00129812388040591 0.00254149503307417 0.00807312820106745 0.00870264093391597 0.151178496330976 0.0118450314737856 0.0568058535456657 0.104043601453304 0.0529290771111846 0.0524403626099229 0.0203951245173812 0.0507196318358183 0.0051924662431702 0.0115598938893527 0.00467933332547545 0.00426206183619797 0.00284589675720781 0.00279833384556696 0.00312495795078576 0.00790685396641493 0.00857345401309431 0.0071435754885897 0.0068983543664217 0.0151298054959625 0.0116018729284406
0.0128346504643559 0.00346267786808312 0.00231347534572706 0.0073426561197266 0.0047046934341779 0.0111601587384939 0.00623208852484822 0.00471575737465173 0.00615352974273264 0.00363158227410167 0.00418007699772716 0.00563014321960509 0.00253569243941456 0.00128396999207325 0.0257926778867841 0.0128201415296644 0.00215567568084225 0.00171794435591437 0.00583660118281841 0.00328630930744112 0.00302758970065042 0.00362037647282705 0.00935456608422101 0.0298285213299096 0.0470725491642952 0.136284898966551 0.204320643097162 0.13984070122242 0.131486051529646 0.0919885266572237 0.0318128607235849 0.0655249004252255 0.0203937991056591 0.00917113313917071 0.0372713143005967 0.0204536454752088 0.00822689060587436 0.00976231433451176 0.0127095049712807 0.0390180297195911 0.0274049615953118 0.0387591594830155 0.0217425967566669 0.0300100021995604 0.217359613627195 0.123406787961721
0.00470580889377743 0.00320413227891549 0.00128508021007292 0.00520364106632769 0.0106664938852191 0.00495894982013851 0.00312069583451375 0.00992779927328229 0.00334208831191063 0.00223383831325918 0.0054730867035687 0.00442327596247196 0.00405579808866605 0.00141286794678308 0.00167920883977786 0.00287735660094768 0.00193853256059811 0.00466956171439961 0.00494351160014048 0.00745548231061548 0.0131794391199946 0.0195806721225381 0.0303155308589339 0.0730311397463083 0.0175018021836877 0.049011891707778 0.0559865057468414 0.0119877404067665 0.0278609933331609 0.039841425511986 0.0249000742100179 0.0625237870961428 0.0691715334542096 0.166958421468735 0.0432021256536245 0.0409254979807884 0.0299213652964681 0.0240080186631531 0.0471907975617796 0.0403025419451296 0.0231707592494786 0.0611775435507298 0.0268153311684728 0.0316662471741438 0.0616858741268516 0.0656371170654893
