Maxent_result_files_1/Bombus_mesomelas_2.asc
NCOLS 594 
NROWS 330 
XLLCORNER -15 
YLLCORNER 23 
CELLSIZE 0.166666666666667 
NODATA_value -9999 
[rows 200 to 219 of 330, columns 405 to 449 of 594]
7.94223376487935e-07 7.09400313780861e-07 4.11477547856975e-06 0.000286512695834062 7.76623745764482e-05 0.000107073185597528 6.91721675945445e-05 0.00103595912805758 5.15136546109463e-05 0.000371030955579954 3.46201505487365e-05 0.000452570504376126 0.000221612785105663 0.000269661075549266 0.000126962341528269 3.87487118729268e-06 1.2831680713532e-06 1.05416259586377e-05 1.09703061809796e-05 2.48853058550935e-06 2.99295996583737e-05 2.30946187045333e-06 2.41397304591828e-05 3.48249703762349e-05 4.88618513188044e-06 1.9471298770668e-06 1.66850453595657e-06 3.0283535927822e-07 4.61803266915695e-07 2.66594864228864e-07 2.72526708933185e-07 2.73014818574779e-07 2.6231880525529e-07 2.68443221251857e-07 1.29053124794609e-05 0.00206105704091897 4.42151142863168e-06 2.35230516310025e-07 2.31957711172015e-07 2.60405220409154e-07 1.33447614231841e-05 0.000628171610696882 0.000658311178995064 4.9193066791986e-05 9.54872302827425e-07
1.34813654071309e-06 9.14503637972075e-07 8.40004589974797e-07 8.69087074306663e-06 1.76956415302243e-05 0.000526625572912309 7.4093926585661e-05 0.00103135794852278 0.000778464664836065 9.21530639743651e-05 0.0006024087165315 0.00059092887549923 0.00147499131862787 0.000870173992052514 2.59599283168654e-05 5.6780670831813e-06 2.23913734913594e-06 2.18850213258293e-06 6.87403785093466e-07 9.99842647786409e-07 1.35975389355281e-05 9.82400485938228e-07 2.83665518026055e-06 1.45555136796816e-06 4.19992641909062e-07 2.75200366317563e-07 2.69507731864849e-07 2.70232889931776e-07 2.86237986379945e-07 2.67027757416827e-07 2.59819252157456e-07 2.31651150084389e-07 2.64805318117567e-07 2.88282408078544e-07 1.26584585103728e-05 6.29968105130274e-06 2.44294374063259e-07 2.72498129127996e-07 2.79108685674601e-07 3.76312836536385e-07 1.65926312831743e-06 7.789920686605e-05 0.000631603429064853 3.79923019096395e-05 2.66591562052554e-06
2.01645687241125e-06 1.45790650663002e-06 1.0302151714825e-06 1.05002272107413e-05 0.00028727003102631 0.00152855411142809 0.000127231977285192 0.00112759894145711 0.00096627110724512 5.33906720846522e-05 0.000732581516058417 0.000623429472398129 7.23500729492344e-05 1.37789128416443e-05 9.97198884036266e-06 9.13243081157589e-06 4.15710024554983e-06 3.40165096979206e-07 7.35636522719574e-07 4.52028945474581e-07 1.28392674696443e-06 7.02197746349498e-07 3.41500244260828e-07 2.61869495332689e-07 2.59640706623543e-07 2.47539099262895e-07 2.3800698585319e-07 2.25285052124491e-07 2.48040304740016e-07 2.53947132655696e-07 2.67131697917478e-07 4.96590151755072e-07 2.48775031685966e-07 2.69262216789912e-07 3.48065451873936e-06 2.27076167291784e-06 8.54360928315145e-07 6.24577679531058e-07 3.29729027370718e-07 5.87977441313114e-07 9.6345187827751e-07 1.63235654540017e-06 4.72461359095178e-05 4.08379778775725e-06 1.76458018188441e-06
0.000217352912113711 0.000365641033954489 0.000254016404005597 1.74526423620591e-05 5.86353697769937e-05 0.000343676267289084 9.22915914341682e-05 7.67401012251701e-05 0.000107012746001089 6.92545529939914e-05 9.64488938393515e-05 0.000113960063663399 5.86721619839636e-06 3.08425994504091e-06 8.15128657478681e-06 2.75683646833613e-05 7.63497271449864e-06 3.84154331456443e-07 2.65468847260308e-07 6.32780296427882e-07 2.63217058638077e-07 2.59665730695247e-07 2.55492498446586e-07 2.76236453800038e-07 2.32110381226391e-07 2.41848282023227e-07 2.55159425854856e-07 2.78642242612648e-07 2.7721642563705e-07 2.57182550278401e-07 2.12440898206268e-07 6.13159883755543e-07 2.39931805623428e-07 2.42319989318673e-07 2.44109731273312e-07 2.29248785004188e-06 0.00025672481476704 1.8431358689952e-06 1.78966528352476e-06 3.31782717424289e-06 2.3620477477948e-06 1.71219076108287e-06 1.93504040822745e-05 1.69379476972154e-05 2.68949926010009e-06
1.25547468172726e-05 1.882408803624e-05 3.40401115124678e-05 0.00024250937888155 0.000358185890104323 2.90229659640318e-05 2.26507892648442e-05 7.24696551685611e-05 0.000641944637027336 0.000207803325872646 0.000192621694543504 1.49787887918862e-05 1.41277934233131e-05 4.71556801073802e-06 3.71490251396267e-06 7.5123222451623e-07 7.83465151599216e-07 1.87336060726295e-06 3.99331038636319e-07 8.16579738582846e-07 2.92886727315533e-07 2.8804138310079e-07 2.65258047704719e-07 2.60206988222933e-07 2.52713327775211e-07 2.54052307901986e-07 2.9707002138224e-07 3.35639872872662e-07 3.67530169143038e-07 4.14468518350475e-07 2.42603728839441e-07 2.49381754890976e-07 2.53713764486463e-07 2.68239440615048e-07 3.05061037053633e-07 2.96830543533133e-05 7.73154621526828e-05 9.24622913544226e-05 6.89856451003834e-06 4.95220512163996e-05 7.45140378739961e-05 0.00012712874497538 0.000171687340716886 0.000182097685194549 7.67429970380817e-06
7.67779391139811e-06 3.57368531211932e-06 3.14794213323921e-05 4.18424039253296e-05 2.03181326440927e-05 9.17960972685705e-05 0.000598137933502585 0.000108442404700781 0.000197196957276446 0.000129709064071903 1.47523753667889e-05 4.05874866146405e-05 7.49819281367081e-06 5.41832955391897e-07 6.27449787415912e-07 1.28661445941702e-06 3.7994865145663e-06 8.47666709447026e-07 6.34332819515748e-07 3.55575602384306e-07 3.4735219927029e-07 3.23462203510871e-07 2.79004367520486e-07 2.72520608213256e-07 2.83026056635549e-07 2.91229832427575e-07 3.10480729304174e-07 3.3494523776767e-07 3.8293898043662e-07 3.97686853759183e-07 3.74463964547545e-07 3.27675576450304e-07 3.03160836701011e-07 3.32757320720134e-07 3.66980829014096e-07 2.14820013553663e-05 6.61266408485517e-05 0.000457001902825804 9.89948304676358e-05 0.00728548176703043 3.14174446028659e-05 5.31586816415741e-05 6.01207480874999e-05 0.000346603894320197 4.61253670607675e-05
7.87581441130669e-07 1.34476389774818e-06 4.4480762880994e-06 2.4720336469386e-06 8.80720575793248e-06 8.23870856550002e-06 1.0569233636204e-05 5.69880863707795e-06 2.85095447907224e-05 1.20078281184988e-05 5.12400182006711e-07 2.68917697943127e-07 4.15354828930958e-07 1.63766549476918e-07 1.64534543678485e-07 4.4786332189517e-07 9.6748933557933e-07 4.32823470575272e-07 1.36290203833767e-06 1.22306403795847e-06 3.82014780697659e-07 3.56970683768054e-07 3.34924303047046e-07 3.19137506821221e-07 3.23867276819101e-07 3.23641352650839e-07 3.17102409752579e-07 3.38326368165553e-07 4.29999914430823e-07 4.27020687610025e-07 3.74294343075121e-07 3.78325379557509e-07 3.7077859325052e-07 3.55397905593691e-07 3.93611863813703e-07 3.18690103568997e-06 3.54622277086492e-05 0.000168507163713727 0.00274757068391409 7.91510132857609e-05 0.00014952284212626 0.000169351481690683 0.00033846167136744 2.33479187095043e-09 3.34808552008292e-06
5.83968440537319e-07 2.13715112380441e-06 1.69792350277476e-06 4.95673122600238e-06 3.60409383119986e-06 7.64413207008374e-06 1.07000040529215e-05 5.88952677560428e-07 8.4945630547395e-07 2.32455004791632e-06 2.72864627106628e-06 6.68599996345165e-07 3.25995288363856e-07 2.6210247181524e-07 8.42925036792508e-07 1.29669800799093e-06 1.30479604649736e-06 7.49971752256329e-07 1.499667054361e-06 1.10103017760821e-06 4.50195334167347e-07 4.43634214519761e-07 4.11511520326258e-07 3.99798048889011e-07 3.94519526381032e-07 3.54358130039145e-07 3.36139669698809e-07 3.5999435645806e-07 3.89675795275934e-07 4.19800051432162e-07 4.63243720716378e-07 5.00958044469257e-07 4.71697207515831e-07 3.98066758933169e-07 3.90834130570283e-07 2.15679513040357e-06 1.07401421090003e-11 0.000265099906209798 0.00625715409223631 0.000237540661403568 0.000769847519297084 0.00224005844393105 5.88942718655838e-05 6.73399440431766e-08 7.02751455305961e-07
1.32186427421743e-06 4.23956861652641e-06 7.14635978624756e-06 3.85189203768732e-06 7.48127867922221e-07 3.05180253334925e-07 7.90560868324519e-07 1.52655362057885e-06 7.74283699911393e-06 1.90127280390584e-06 2.67987767159639e-06 2.90859706524316e-06 3.79256077422951e-06 7.41530417514014e-06 5.98499239998773e-06 1.37705661984455e-06 1.27449929223644e-06 5.02692018855555e-07 4.95637996777987e-07 5.12643471495267e-07 5.245270301657e-07 5.18714011121801e-07 5.09220514643971e-07 5.19458910019921e-07 4.84568634462335e-07 4.13974189328314e-07 3.44334073787422e-07 3.35154631869727e-07 3.57041638920919e-07 4.07141367730901e-07 4.07126413293213e-07 4.71285133585297e-07 4.99000190146148e-07 4.67809404369746e-07 4.1198581079982e-07 1.37609366959168e-06 6.23878633689401e-05 5.52186936161547e-05 1.82612750865063e-05 0.000412618246514285 2.59530275654174e-05 1.24642284461629e-05 0.000968303613490207 0.000485383357045066 1.44044698544121e-05
1.256991148324e-06 2.28566745192893e-06 4.19273874001647e-06 1.0449738169882e-06 1.02648865123456e-06 8.04930512288138e-07 3.03441681381855e-07 3.71173434388083e-07 4.82695051928772e-07 1.36161549804115e-06 1.52402358679637e-06 4.87152843717809e-06 5.82538452320591e-07 2.67424592195198e-06 8.87213423184097e-07 1.22124064105833e-06 1.47884617689442e-06 5.39248796016523e-07 5.09547406224442e-07 1.11445405366339e-06 1.02191463469126e-06 4.66907913931891e-07 4.8878412890474e-07 5.27309068587556e-07 5.38724984266992e-07 6.05411615595131e-07 5.22936253233297e-07 3.55747006786089e-07 3.91898511864497e-07 4.04316325841592e-07 4.07101653365771e-07 4.70768980775915e-07 5.35795403777684e-07 5.16690056784341e-07 5.24684189429081e-07 5.27436808184234e-07 1.72416060806313e-06 0.0004125868707888 0.00124982312117936 0.000272858734615511 4.49021641570235e-05 8.26029524660043e-05 0.0015245144648361 0.00054961271580396 0.000206183932596105
1.02840082121247e-06 1.27012249180325e-06 2.5224755560771e-06 7.16740365902524e-07 6.99177868312972e-07 3.31405711051502e-07 3.51039486901072e-07 6.0468531515312e-07 6.57068302700736e-07 5.14574790599909e-07 9.79378371823714e-07 4.5653367735099e-07 4.55198934901091e-07 3.61621169631121e-07 4.43913885206371e-07 2.89131512687391e-07 3.74326108243395e-07 5.75189298501755e-07 5.18559860651635e-07 4.98177331209604e-07 5.24555295555729e-07 4.58827274130158e-07 4.49699581750451e-07 4.70918368478124e-07 4.79308700107595e-07 5.46243698806848e-07 6.17493316923401e-07 5.23405531538401e-07 4.68728679337005e-07 4.96162358487595e-07 5.51714695262717e-07 5.26108962972671e-07 5.2333264477511e-07 5.69467317035333e-07 5.56561300157909e-07 5.75955441917131e-07 1.06140337834404e-06 0.000228272935032692 0.000200270859352258 0.000566456140768423 2.94546117340255e-05 0.000276836089142307 0.000494157660796191 0.0126629246398807 0.000195856926029592
-9999 4.28537694290299e-06 9.85621115034974e-07 5.59385129861312e-07 9.26990522742699e-07 3.33470842406314e-07 3.11419631771059e-07 5.74124908325757e-07 2.81058498075026e-07 4.02107967900633e-07 8.54340554923283e-07 2.86827189910355e-07 1.58829924146175e-07 1.66373113863472e-07 2.66702510032246e-07 1.15540125591451e-06 5.65181504441625e-07 5.97098223664716e-07 5.5790628650243e-07 5.07755132872489e-07 4.99117709296115e-07 4.82982644811614e-07 4.69846167305832e-07 4.55695479217866e-07 4.62164101122653e-07 4.85234240699128e-07 5.42229630440261e-07 6.15769273082378e-07 6.06316039153398e-07 6.21636022657412e-07 7.00004115117281e-07 7.87981475269817e-07 6.64664484162358e-07 6.07746378733509e-07 3.90176793132468e-06 1.69737039499296e-06 1.87921211320941e-06 3.4622089244829e-05 0.000155513689958298 0.000323491080916938 0.000279537905271354 0.000172256754262889 8.62121025761553e-05 0.00105615520842548 1.23576383043389e-05
-9999 1.58193442075571e-05 1.04429501124326e-07 1.53493560073326e-07 1.15743763871023e-06 8.75803334565717e-07 2.99665896363877e-07 3.7473100640284e-07 3.89069009898435e-07 2.16315376277976e-07 1.9133477131561e-07 2.7751408637755e-07 1.61208077820163e-07 9.46115028455097e-07 6.34989743986125e-07 5.97095903032141e-07 1.22762302794399e-06 4.73088123698062e-07 4.63274249185019e-07 4.50541867280663e-07 4.48699333688296e-07 4.63560848018574e-07 5.0744724049423e-07 5.1838582351138e-07 4.8723739922707e-07 5.04233403830767e-07 5.2172376605597e-07 5.23720336076394e-07 5.92679987221345e-07 1.34394690860518e-06 7.32025628025212e-07 6.98209576199815e-07 1.11373900608669e-06 5.8070464419302e-07 3.55531961488964e-06 2.19766338886984e-05 5.26548919083325e-05 0.000188036971860583 0.000293844931456988 0.000193643409465949 0.000183259949506009 0.000138428730275564 8.10460356660769e-05 7.86239333478989e-06 4.78791625724284e-07
-9999 6.62476449759808e-06 9.99474364826725e-08 1.04465517669627e-07 5.06693388047097e-07 3.88110219518012e-07 7.43468339692299e-07 2.89805021935763e-07 1.88974282977483e-07 3.85985321216253e-07 2.07292348619603e-07 2.05148187149007e-07 1.32237098426913e-06 7.56548400460133e-07 6.77466434950702e-07 5.97901866683515e-07 1.09317005723142e-06 4.62652041832712e-07 4.17651656547946e-07 4.43133061622802e-07 4.08023656461864e-07 3.81283222594675e-07 4.28801995511208e-07 4.56761278044837e-07 4.62529923339616e-07 4.81398251039877e-07 5.39715995984125e-07 5.16008147144475e-07 1.77491544235409e-06 2.88090702156296e-06 7.76631878807166e-07 1.08738057207347e-06 9.05983233678853e-07 3.64396181851134e-07 1.11627697876315e-06 1.47052563619354e-05 0.000150320078944333 0.000129226458886933 2.45337737396767e-05 4.94426439814788e-05 0.000124092378655405 0.000339724894183746 0.0421898261352908 8.63216604329864e-07 2.26167520622766e-06
5.08566400100108e-05 1.63774250826476e-06 3.05830323732437e-07 1.07084326771423e-06 1.02383701516828e-07 1.58072307168133e-06 3.76466321361235e-07 9.15401898282653e-07 4.73063777661764e-07 2.79015905491065e-07 2.53302583175241e-07 2.94784781473822e-07 4.77319158420642e-07 2.04264095771123e-06 1.8677993438132e-06 7.36689394642553e-07 6.95238861680991e-07 1.36902103378134e-06 4.64811880007687e-07 4.22747862316442e-07 3.9550878376815e-07 4.03882451749382e-07 4.0789235704608e-07 4.56389971148496e-07 4.99683989829691e-07 5.09660466718742e-07 5.62897101019644e-07 1.76089456829232e-06 0.000742839671966067 0.000804306834807644 7.00263640965204e-05 1.30181481239333e-06 1.66855777194996e-06 4.65739878308113e-07 2.18274212926417e-06 5.86370020272398e-07 5.05325185429228e-06 3.20658575421184e-06 2.84410567843452e-05 2.30683719884439e-05 1.11911985339219e-05 3.97928466715491e-06 3.08303109790131e-05 3.7888515810991e-06 1.55180750258666e-06
9.26692396276962e-06 2.5781519327861e-06 7.99510633409106e-07 8.33776424542521e-06 3.23421349094133e-05 -9999 -9999 -9999 3.33003125376763e-06 4.00937184252825e-07 3.25674313472746e-07 3.29693711620394e-07 5.01607309644214e-07 8.93989684414009e-07 8.26091403638429e-07 8.64000490707895e-07 8.22282724755041e-07 7.42032992206987e-07 6.17879133812949e-07 4.90983835277348e-07 4.75085861140201e-07 4.91764942722739e-07 4.66739099280744e-07 4.71398357859698e-07 5.25228829673097e-07 5.635839976037e-07 6.29541426633296e-07 1.37536877360844e-05 0.00528735473963025 0.0062711381851841 0.00848215510559385 5.8101425937096e-08 3.43152966308935e-07 3.54180814809979e-07 4.56149999550348e-07 1.16048426832549e-06 3.96351537107487e-06 1.34609042333977e-05 4.13954616913514e-06 3.04456760571448e-06 1.57839785238423e-05 2.94656315219299e-05 6.26721486476356e-06 1.49787364073006e-05 2.36151614657842e-05
1.72370554333279e-06 2.32614008175425e-06 1.61238415671505e-05 -9999 -9999 -9999 -9999 -9999 -9999 5.90750019247022e-07 8.36047882035729e-08 3.58570356695509e-07 7.15016307850647e-07 6.65642189545679e-07 5.02374456701205e-07 1.83357620926472e-06 1.98326463873855e-06 8.34851805819881e-07 7.42860917313237e-07 6.31099858594553e-07 6.11065044608949e-07 5.94698668265892e-07 5.60024484741462e-07 5.16809740958024e-07 5.66997734807728e-07 6.20150781571738e-07 6.89056509628472e-07 0.000124445198343892 0.0049171623915754 0.00603797046132968 0.000478853590389872 0.000440131083860251 4.29970196762497e-06 1.63362038207993e-07 1.76122533090961e-07 2.42229762292823e-07 9.4345451202571e-07 3.92148809567061e-06 7.26699116420093e-06 5.40275195248796e-06 1.45511772942086e-06 7.85319725327138e-07 3.59608682548584e-06 7.51200521506234e-05 0.015180651715491
3.70235222865167e-06 2.29099835451052e-05 -9999 -9999 -9999 -9999 -9999 -9999 -9999 2.44506933881894e-06 8.26073838222641e-08 2.09501087566899e-07 3.36598423800183e-07 2.77028858874928e-07 3.04232539605209e-07 6.15461676289897e-07 3.42828749566593e-07 9.60573441233237e-07 8.91404860681178e-07 7.33935706875855e-07 6.99836560613676e-07 7.17780502412779e-07 6.74497243835503e-07 6.09151156538701e-07 6.00370986347798e-07 6.85780112519296e-07 7.16599151928676e-07 1.03985347308821e-05 0.00027060180270837 0.0053796604184754 0.00583852637937525 0.00278593522598385 7.86003901254162e-06 7.79492045666075e-07 1.96254758044745e-07 2.98376815521806e-07 1.90702416880129e-07 3.68354298174722e-07 5.19885030692002e-08 3.4805097897106e-07 2.35294099226735e-07 3.57660768202095e-07 2.2923890024007e-07 5.45320144755834e-06 4.97911771047965e-06
0.00012188295577289 1.7266282793571e-05 -9999 -9999 -9999 -9999 -9999 -9999 -9999 6.13002997056356e-06 1.44895415559176e-06 5.74066312397647e-07 4.71073874308559e-07 5.86042475969606e-07 4.46302057355297e-07 5.63045303181298e-07 6.33820035034205e-07 5.61136025822862e-07 9.74145631715828e-07 2.04498838058953e-06 7.7404612426335e-07 7.34308152772201e-07 7.92683213290957e-07 7.79136012596382e-07 6.89712341994664e-07 7.12557177706685e-07 7.12689121940002e-07 7.227796402276e-07 3.45342703838014e-06 6.27016109092438e-05 4.39205198574655e-06 8.79681915932906e-07 1.97212953878534e-06 2.98408040322329e-07 3.21364680644365e-07 2.58876561787247e-07 1.36260365302121e-07 1.06447985359637e-07 6.18276945196783e-08 8.19013867392471e-08 7.24549973796229e-08 7.29362526818988e-08 4.09194149675329e-08 3.1261763773216e-07 2.66595728339869e-06
-9999 3.19980203266068e-06 -9999 -9999 -9999 -9999 -9999 -9999 -9999 -9999 1.52604844060988e-05 4.94472238870003e-06 2.60026923513124e-06 1.07585361490692e-06 1.87592842593176e-06 1.62592707795284e-06 8.93758785025511e-07 4.54375223313264e-07 1.39479222127648e-06 8.98501686918962e-07 8.08123741080635e-07 7.96679822911983e-07 8.60979683636742e-07 8.99111920205087e-07 8.38634380073699e-07 7.00533034603268e-07 6.43057008176129e-07 7.87959395154303e-07 4.91238556321605e-07 8.97118786014062e-07 1.63045086623015e-06 2.25268365596776e-06 3.77872036239069e-07 1.87672610962863e-07 1.74432301847105e-07 5.38467042332513e-07 9.51136402527197e-08 2.31501026703995e-07 3.49347537564881e-07 2.86371864888224e-07 9.3413347901361e-08 8.38224092802875e-08 5.64712903106113e-08 1.29542580573627e-07 1.32557523713217e-07
