Maxent_result_files_1/Bombus_humilis_2.asc
NCOLS 594 
NROWS 330 
XLLCORNER -15 
YLLCORNER 23 
CELLSIZE 0.166666666666667 
NODATA_value -9999 
[rows 105 to 125 of 330, columns 230 to 275 of 594]
0.638075822591782 0.573223605751991 0.555634397268295 0.724006187915802 0.583363234996796 0.494399780035019 0.43593570291996 0.612117475271225 0.611224538087845 0.736747115850449 0.885051542520523 0.493530714511871 0.542099791765213 0.609798890352249 0.499127542972565 0.337902581691742 0.445337554812431 0.623012524843216 0.412127640843391 -9999 -9999 -9999 -9999 -9999 -9999 -9999 -9999 -9999 -9999 -9999 -9999 0.161681914329529 0.887660247087479 0.419434750080109 0.456473299860954 0.493254479765892 0.433689022064209 0.355950793623924 0.277718822658062 0.123789641261101 0.208230677247047 0.229939877986908 0.278328129649162 0.0130916998721659 0.0904526226222515 0.21646753847599
0.809639525413513 0.614813011884689 0.737773662805557 0.853515112400055 0.992394369840622 0.68854131102562 0.545423394441605 0.999394458532333 1 1 1 0.6257288813591 0.584675061702728 -9999 -9999 -9999 -9999 -9999 -9999 -9999 -9999 -9999 -9999 -9999 -9999 -9999 -9999 -9999 -9999 -9999 -9999 -9999 -9999 -9999 0.230635277926922 0.398852464556694 0.653176158666611 0.28457189053297 0.306881418824196 0.19837940633297 0.258779074251652 0.268257600069046 0.21662849187851 0.1505056604743 0.0226781676523387 0.228631646931171
0.680069994926453 0.630671006441116 0.993965297937393 0.864482069015503 0.802346503734589 0.911697727441788 0.917349350452423 0.745786112546921 -9999 -9999 -9999 -9999 -9999 -9999 -9999 -9999 -9999 -9999 -9999 -9999 -9999 -9999 -9999 -9999 -9999 -9999 -9999 -9999 -9999 -9999 -9999 -9999 -9999 -9999 -9999 -9999 -9999 -9999 -9999 -9999 0.289805442094803 0.907604593038559 0.822219520807266 0.219258615374565 0.258074715733528 0.188821762800217
0.713491493463516 -9999 -9999 -9999 -9999 -9999 -9999 -9999 -9999 -9999 -9999 -9999 -9999 -9999 -9999 -9999 -9999 -9999 -9999 -9999 -9999 -9999 -9999 -9999 -9999 -9999 -9999 -9999 -9999 -9999 -9999 -9999 -9999 -9999 0.649234789609909 0.066341895237565 0.175916263461113 0.665942937135696 0.803647434711456 -9999 -9999 0.203947131335735 0.772447070479393 0.469305574893951 0.200503197312355 0.19342699944973
-9999 -9999 -9999 -9999 -9999 -9999 -9999 -9999 -9999 -9999 -9999 -9999 -9999 -9999 -9999 -9999 -9999 -9999 -9999 -9999 -9999 -9999 -9999 -9999 -9999 -9999 -9999 -9999 0.354520347714424 -9999 -9999 0.336562258005142 0.66779750585556 0.364146792888641 0.277141886949539 0.245911975204945 0.219374080002308 0.148416249454021 0.162666094303131 0.183892939984798 0.453443065285683 0.360374581813812 0.486076357960701 0.593901038169861 0.55180469751358 0.0505882810801268
-9999 -9999 -9999 -9999 -9999 -9999 -9999 -9999 -9999 -9999 -9999 -9999 -9999 0.752097672224045 0.793602722883225 0.77368146777153 0.636752468347549 -9999 -9999 -9999 -9999 -9999 -9999 -9999 -9999 -9999 -9999 -9999 0.801537013053894 0.199624028801918 0.208604098856449 0.124424502253532 0.188245944678783 0.229123441874981 0.190147642791271 0.202898021042347 0.188596929609776 0.171190190315247 0.144725316762924 0.156818583607674 0.325200295448303 0.183093470335007 0.132525659352541 0.0944584339857101 0.112231270223856 0.0654785521328449
-9999 -9999 -9999 -9999 -9999 -9999 0.636055153608322 0.881963503360748 0.994351136684418 0.954046308994293 0.716842752695084 0.541499322652817 0.567438852787018 0.153809732198715 0.166204944252968 0.330212834477425 0.297006586194038 0.250446216762066 0.409903544187546 0.208495226502419 0.243396860361099 0.567805868387222 0.540373489260674 0.592596536874771 0.60363661646843 0.416409984230995 -9999 -9999 0.648981630802155 0.473661440610886 0.343795654177666 0.32474767267704 0.233889777958393 0.189685580134392 0.0709188558161259 0.169134368002415 0.170174989104271 0.158289678394794 0.105019388347864 0.15930067896843 0.148942488431931 0.152907022833824 0.169190783798695 0.168410190939903 0.0471865303814411 0.0216481796465814
-9999 -9999 0.893436235189438 0.675411951541901 0.667124897241592 0.449799478054047 0.441885069012642 0.466775831580162 0.488531473278999 0.470832261443138 0.459397879242897 0.38794264793396 0.357272025942802 0.311816146969795 0.316891631484032 0.316808176040649 0.260854114592075 0.245672446489334 0.228563620150089 0.204660108685493 0.0897921398282051 0.139643225818872 0.0531828388571739 0.0699157811701298 0.208411385118961 0.254979902505875 0.210506983101368 0.235427747666836 0.168551583588123 0.149923934042454 0.341189879179001 0.0903378594666719 0.228208906948566 0.157399281859398 0.198773686587811 0.200275203585625 0.156558094918728 0.14908162355423 0.0850808046758175 0.130387444794178 0.138644152879715 0.0485575225204229 0.0203905906528234 0.0152082378044724 0.0759127907454968 0.0112552959471941
-9999 0.61487837433815 0.26182422041893 0.107343481481075 0.452046099305153 0.52722410261631 0.377791059017181 0.486439287662506 0.494217559695244 0.485027414560318 0.552920174598694 0.340399858355522 0.388019895553589 0.306975093483925 0.262081541121006 0.269519817829132 0.253704315423965 0.233486527204514 0.229435449838638 0.226419071853161 0.159494119882584 0.13828038200736 0.0313160387799144 0.116409818828106 0.173917062580585 0.022644236497581 0.183913160860538 0.14835075289011 0.272542825341225 0.24943238645792 0.186702634394169 0.205039210617542 0.222270599007607 0.0947519525885582 0.198466844856739 0.0848657481372356 0.0754501342773437 0.0206017592921853 0.0319655949249864 0.0327157355844975 0.0288469134829938 0.0387979598715901 0.0237628770060837 0.0189243840053678 0.011004019388929 0.0129536479711533
-9999 0.332370090484619 0.421917045116425 0.182177317142487 0.404192838072777 0.366978061199188 0.494965040683746 0.515354236960411 0.433877319097519 0.379356595873833 0.376993274688721 0.321419647336006 0.362266394495964 0.50690546631813 0.287287065386772 0.270099884271622 0.261506828665733 0.26752754598856 0.215788066387177 0.226032908260822 0.19131201505661 0.234431427717209 0.295888519287109 0.303555941581726 0.262468260526657 0.265360218286514 0.376128980517387 0.145496712625027 0.0832614608108997 0.0915188767015934 0.183385796844959 0.0959328532218933 0.211589728295803 0.0950406573712826 0.225638061761856 0.172852218151093 0.018709318805486 0.017166137881577 0.0555059157311916 0.134937514364719 0.0166712058708072 0.0536133661866188 0.0272205336019397 0.132579939812422 0.02857615519315 0.123655626922846
-9999 0.269591161608696 0.459131848812103 0.400870469212532 0.513163456320763 0.282221496105194 0.520039844512939 0.3687454611063 0.503382471203804 0.405602422356606 0.331976324319839 0.307666710019112 0.378826859593391 0.292258885502815 0.281119406223297 0.274601289629936 0.247632819414139 0.227581816911697 0.241543510556221 0.316868689656258 0.225991269946098 0.242886207997799 0.317792585492134 0.284151382744312 0.275005634129047 0.27267882078886 0.243990397453308 0.151959812641144 0.169419106841087 0.080756588280201 0.0888924397528172 0.210694798827171 0.085325300693512 0.0902009606361389 0.0925684332847595 0.332478588819504 0.169990435242653 0.034890909306705 0.0978804916143417 0.314924755692482 0.115751615166664 0.126613806188107 0.113230185955763 0.129904367029667 0.118954948335886 0.0342298373579979
-9999 0.668113631010055 0.353034269809723 0.280937965214252 0.687093657255173 0.455762764811516 0.289174623787403 0.376722159981728 0.567732441425324 0.312930971384048 0.174861125648022 0.262737295031548 0.288483673334122 0.346171766519547 0.283353632688522 0.400777542591095 0.070225116237998 0.246305264532566 0.224816444516182 0.350700318813324 0.376630944013596 0.210625429451466 0.239924795925617 0.313526943325996 0.293998062610626 0.286726249754429 0.365588450431824 0.131143174320459 0.0173982243984938 0.0360462566837668 0.199169889092445 0.0977558434009552 0.102487054467201 0.230742231011391 0.0987170554697514 0.185272426903248 0.180041527748108 0.193869534134865 0.176742941141129 0.292822661995888 0.17232570797205 0.144071882963181 0.115707039833069 0.0882217235863209 0.0233042739331722 0.0424027029424906
-9999 -9999 0.690769851207733 0.38336036503315 0.180620366334915 0.45134359896183 0.802534341812134 0.244283989071846 0.128899122029543 0.208127218484879 0.0409559903666377 0.452016353607178 0.289937859773636 0.435064381361008 0.332119655609131 0.369547834992409 0.41277377307415 0.130577268451452 0.454926115274429 0.302690199017525 0.494358974695206 0.208696568012238 0.303760254383087 0.136984226852655 0.0867767609655857 0.203308382630348 0.129674429446459 0.0314612496644259 0.0534581635147333 0.198395049571991 0.0912788115441799 0.103479539602995 0.214578768610954 0.145258761942387 0.142854727059603 0.0456112435087562 0.183542419970036 0.266815565526485 0.20364515632391 0.0819915510714054 0.135236874222755 0.143942852318287 0.137489487230778 0.0249184208922088 0.0281001275405288 0.108076255768538
-9999 -9999 -9999 -9999 -9999 -9999 -9999 0.779550719261169 0.308098596334457 0.326987785100937 0.264113865792751 0.325358608365059 0.317951446771622 0.321601229906082 0.353149881958961 0.406310403347015 0.505559027194977 0.259362480044365 0.396049344539642 0.300721228122711 0.29166404902935 0.230452640354633 0.253069910407066 0.10617878139019 0.121967381983995 0.202964527904987 0.0690727632492781 0.0307520549744368 0.024472760874778 0.199677480757236 0.108752408623695 0.207137364149094 0.111330769211054 0.211637291312218 0.29082894474268 0.278167267143726 0.195760314166546 0.181076587736607 0.0378549063578248 0.0368735095486045 0.143741516023874 0.136808776855469 0.127801338583231 0.153091821074486 0.0486091565340757 0.245848347246647
-9999 -9999 -9999 -9999 -9999 -9999 -9999 0.608697998523712 0.389154028892517 0.168039047718048 0.208930046856403 0.267397890985012 0.252192632853985 0.272781524062157 0.442494606971741 0.367448863387108 0.496953788399696 0.321568161249161 0.316732236742973 0.327244904637337 0.281460586190224 0.279853275418282 0.212457387149334 0.138198102265596 0.174222548305988 0.505522638559341 0.30663960725069 0.187165865302086 0.570727500319481 0.192396350204945 0.20435099452734 0.198428148031235 0.231083309650421 0.216704525053501 0.131073996424675 0.0484968241304159 0.183884133398533 0.178338047862053 0.178652593493462 0.177685260772705 0.191532485187054 0.185314072668552 0.171130819618702 0.154602138698101 0.150378075242043 0.145160707831383
-9999 -9999 -9999 -9999 -9999 -9999 0.627373260259628 0.353594267368317 0.194759634137154 0.207594573497772 0.199928891658783 0.210570031404495 0.22244365811348 0.267924971878529 0.310392001271248 0.372921460866928 0.355041959881783 0.306462895870209 0.349836060404778 0.284568601846695 0.310369998216629 0.350796714425087 0.283780258893967 0.181805008649826 0.202397932112217 0.385924029350281 0.31524298787117 0.625824844837189 0.581378597021103 0.370931622385979 0.34297730922699 0.20761241465807 0.219784300029278 0.201161554455757 0.197864617407322 0.194151963293552 0.199902012944221 0.189548151195049 0.184003582596779 0.200510308146477 0.192275139689445 0.137240156531334 0.150555339455605 0.167477777600288 0.169443616271019 0.134328693151474
-9999 -9999 -9999 -9999 -9999 -9999 0.427962264418602 0.32594448029995 0.30737133026123 0.285195064544678 0.206271567940712 0.364878952503204 0.201292377710342 0.236668238043785 0.412252432107925 0.39971672296524 0.539155745506287 0.344974416494369 0.343046489357948 0.297762730717659 0.291215714812279 0.302839186787605 0.271512401103973 0.247144830226898 0.25012388676405 0.239204652607441 0.292825427651405 0.259470371901989 0.219574993848801 0.37919117808342 0.471479925513268 0.20029684305191 0.226068942248821 0.227731131017208 0.225397226214409 0.0639532588422298 0.185963308811188 0.201830583810806 0.199891616404057 0.190754489600658 0.201983214914799 0.0957016721367836 0.0353477539494634 0.0504381287842989 0.0452751662582159 0.171658153831959
-9999 -9999 -9999 -9999 -9999 -9999 0.47042518556118 0.288655990362167 0.303213205933571 0.251626044511795 0.273061817884445 0.192253157496452 0.310615059733391 0.237239745259285 0.292374193668365 0.413095253705978 0.371881943941116 0.341231048107147 0.303334546089172 0.332541346549988 0.34128557741642 0.294906949996948 0.268453638255596 0.255942982435226 0.268445661664009 0.226206836104393 0.188912892341614 0.20195154696703 0.197905112802982 0.23081781566143 0.184130288660526 0.0682288642972708 0.0573745790868998 0.224960051476955 0.228382343053818 0.18263323456049 0.14739488363266 0.28419333845377 0.161060228943825 0.176213189959526 0.202776689827442 0.0391801407560706 0.0332887474447489 0.0193145681172609 0.0346003079786897 0.0327231077477336
-9999 -9999 -9999 -9999 -9999 -9999 0.564040875434875 0.286814948916435 0.199174202978611 0.288125774264336 0.301998710632324 0.236767473816872 0.232372136414051 0.257164712250233 0.309688955545425 0.343027085065842 0.34233660697937 0.362368562817574 0.346193346381187 0.381534424424171 0.48949648141861 0.337905731797218 0.446122378110886 0.296285158395767 0.268687754869461 0.104282546788454 0.203584335744381 0.211253082752228 0.243005956709385 0.233088701963425 0.263357144594193 0.177374455332756 0.0552049804478884 0.16912829875946 0.137165173143148 0.189249958097935 0.306636789441109 0.238848650455475 0.164562003314495 0.192521989345551 0.155131821334362 0.0349781421944499 0.044486765936017 0.0404855644330382 0.14677921012044 0.0324633780866861
-9999 -9999 -9999 -9999 -9999 -9999 0.777110028266907 0.327272680401802 0.201003995537758 0.271508979797363 0.339541709423065 0.435147085785866 0.271088695526123 0.387631073594093 0.363077062368393 0.426060315966606 0.422695165872574 0.473601686954498 0.429269823431969 0.395412012934685 0.438616460561752 0.449581664800644 0.395433932542801 0.312384659051895 0.303008434176445 0.220932877063751 0.212468013167381 0.164119124412537 0.173132339119911 0.189081636071205 0.272539660334587 0.120123286545277 0.136456888914108 0.18055939078331 0.178036662936211 0.20367443561554 0.202406172454357 0.138082486391068 0.182551619410515 0.185343427956104 0.0343247812241316 0.0627144385129213 0.0941940739750862 0.048790580034256 0.0418774113059044 0.112745213508606
-9999 -9999 -9999 -9999 -9999 0.937622821331024 0.542711552977562 0.489345073699951 0.427264907956123 0.30711418390274 0.343463373184204 0.297355979681015 0.263644969463348 0.358017843961716 0.371620655059814 0.407188907265663 0.427133029699326 0.455719628930092 0.403961366415024 0.423065614700317 0.420687451958656 0.424494516849518 0.374483770132065 0.3152956366539 0.0807585187256336 0.244664745032787 0.211532302200794 0.128980716317892 0.179390433430672 0.117471935600042 0.205847926437855 0.11289246827364 0.181036971509457 0.306697842478752 0.230923517048359 0.218540340662003 0.233588905632496 0.340158951282501 0.151493054628372 0.178915174305439 0.0996842175722122 0.0598167046904564 0.0336781103163958 0.0346921315416694 0.0437869090586901 0.0542788498103619
