Maxent_result_files_1/Bombus_norvegicus_3.asc
NCOLS 594 
NROWS 330 
XLLCORNER -15 
YLLCORNER 23 
CELLSIZE 0.166666666666667 
NODATA_value -9999 
[rows 160 to 179 of 330, columns 135 to 179 of 594]
0.805855837464333 0.739049780368805 0.819570678472519 0.89154172539711 0.926462143659592 0.892264556884766 0.856227135658264 0.89617840051651 0.919392645359039 0.804446524381638 0.766093879938126 0.981500458717346 0.978425949811935 0.892740625143051 0.72751436829567 0.632613098621368 0.748083060979843 0.553973731398582 0.091550287604332 0.0929085809737444 0.0846609726548195 0.0495750097557902 0.122623960673809 0.0727408096194267 0.0791059721261263 0.142614848166704 0.423633682727814 0.219907599687576 0.429746451973915 0.813028800487518 0.115606838464737 0.129600487649441 0.162277561426163 0.1032171420753 0.184198089689016 0.100369560718536 0.182182488590479 0.285452018678188 0.319073191285133 0.384680324792862 0.16699960231781 0.487002030014992 0.174528759717941 0.271566894650459 0.243434548377991
0.789332321286201 0.70603334903717 0.857075083255768 0.771385437250137 0.888221055269241 0.730956345796585 0.873267447948456 0.925705552101135 0.867461031675339 0.899603247642517 0.500553980469704 0.365358909964561 0.685323005914688 0.757900565862656 0.696431237459183 0.652625274658203 0.480193081498146 0.247332444787025 0.212428587675095 0.15734820663929 0.126603774726391 0.322103902697563 0.138147679716349 0.0580528112128377 0.16056272983551 0.178193184733391 0.0344848978333175 0.22646631449461 0.193624974787235 0.292400407791138 0.114358016848564 0.168495048582554 0.140931498259306 0.190449257194996 0.148545632511377 0.145040167123079 0.723358857631683 0.678567683696747 0.631228551268578 0.181100036203861 0.520604386925697 0.38732713162899 0.377824237942696 0.216604152321815 0.489861658215523
0.701449513435364 0.539039102196693 0.747998195886612 0.929861050844192 0.757931816577911 0.69804499745369 0.753847700357437 0.793416655063629 0.600689631700516 0.727426391839981 0.515544635057449 0.714754170179367 0.721910619735718 0.866906470060348 0.714766311645508 0.491053003072739 0.751856583356857 0.850605297088623 0.588293832540512 0.628864547610283 0.414280697703362 0.731588280200958 0.284087245166302 0.286172834038734 0.631584969162941 0.0988866597414017 0.406665992736816 0.646762648224831 0.0469017876312137 0.243253685534 0.143558011204004 0.379250302910805 0.685013860464096 0.349055489897728 0.332774704694748 0.519807532429695 0.438806381821632 0.382716032862663 0.686859828233719 0.457894825935364 0.592455071210861 0.684135675430298 0.917077136039734 0.584359735250473 0.447525027394295
0.718947225809097 0.618639540672302 0.677732443809509 0.833835899829865 0.89718160033226 0.710817152261734 0.80605360865593 0.783944571018219 0.604689919948578 0.732769250869751 0.700767135620117 0.763420110940933 0.650309890508652 0.654784846305847 0.51441026031971 0.484665966033936 0.747165906429291 0.837806820869446 0.928830015659332 0.866485464572907 0.921376669406891 0.521180638670921 0.69579564332962 0.62386526465416 0.484463152289391 0.454516887664795 0.339081585407257 0.270749962329864 0.258935125172138 0.670232534408569 0.607546356320381 0.892177683115005 0.970544105768204 0.447523760795593 0.633113408088684 0.586939376592636 0.679956150054932 0.792311984300613 0.166621726751328 0.337929344177246 0.3558773458004 0.269486510753632 0.607162201404572 0.268821443617344 0.378146395087242
0.697672808170319 0.822133451700211 0.835671079158783 0.776070421934128 0.784106415510178 0.905423909425735 0.925418263673782 0.913403713703156 0.529781994223595 0.677086049318314 0.806671303510666 0.777942502498627 0.762038594484329 0.931010866165161 0.662259912490845 0.705835270881653 0.632759600877762 0.745826071500778 0.768881922960281 0.99185084104538 0.951438224315643 0.936085116863251 0.965571647882462 0.941421633958817 0.535863715410233 0.683128893375397 0.547734501957893 0.685738551616669 0.882147091627121 0.819847398996353 0.910800361633301 0.994084692001343 0.967040205001831 0.956925320625305 0.845570737123489 0.525857102870941 0.745645701885223 0.820395469665527 0.137737006694078 0.620770180225372 0.127481354773045 0.165815033018589 0.183603137731552 0.53731397986412 0.21007513999939
0.983613812923431 0.95384983420372 0.832447582483292 0.833986270427704 0.570366340875626 0.66304144859314 0.722829723358154 0.487857973575592 0.28777859210968 0.301506832242012 0.708144134283066 0.639127159118652 0.656283360719681 0.612291514873505 0.357889586687088 0.524096024036407 0.274134102463722 0.348495492339134 0.281036719679832 0.700889927148819 0.772726130485535 0.952302402257919 0.960970395803452 0.931857657432556 0.909427452087402 0.817401999235153 0.656441879272461 0.568728777766228 0.673840546607971 0.96318296790123 0.890314948558807 0.920415073633194 0.919394093751907 0.44106739461422 0.734687620401382 0.582151183485985 0.18676618039608 0.162883108109236 0.0598790686577559 0.0491462303325534 0.0823198359459639 0.208329930901527 0.104522544145584 0.0474366866052151 0.133822052180767
0.723941618204117 0.721078813076019 0.76269896030426 0.602442532777786 0.764539438486099 0.887605398893356 0.979252594709396 0.513545313477516 0.52072419822216 0.62760272026062 0.694148761034012 0.702106761932373 0.572786235809326 0.449935713410378 0.571479660272598 0.687752395868301 0.379326236248016 0.320364412665367 0.363028973340988 0.427423137426376 0.673092925548553 0.66059136390686 0.546652656793594 0.720282715559006 0.872340977191925 0.934889596700668 0.985714375972748 0.904501169919968 0.859304571151733 0.641832137107849 0.996431857347488 0.98172435760498 0.850627654790878 0.244000291824341 0.163370682299137 0.111206665635109 0.188310405611992 0.161951176822186 0.1423245690763 0.0748075447976589 0.0543247666209936 0.0595415018498898 0.0558487629517913 0.163757734000683 0.0626191236078739
0.714305031299591 0.610585096478462 0.621586668491364 0.692979317903519 0.969942277669907 0.980898427963257 0.999999994039536 0.69071786403656 0.932652795314789 0.911944115161896 0.656011760234833 0.530620232224464 0.596452063322067 0.548683175444603 0.311961129307747 0.262599283456802 0.905366563796997 0.299454405903816 0.505677416920662 0.401568782329559 0.260288222134113 0.598731714487076 0.639371699094772 0.627726852893829 0.431749963760376 0.877889394760132 0.866834908723831 0.89578965306282 0.598311668634415 0.414893600344658 0.776166105270386 0.825407648086548 0.629000318050384 0.520639634132385 0.385255682468414 0.333718821406364 0.184044951200485 0.318892356753349 0.37431972026825 0.382674545049667 0.164426946640015 0.999920010566711 0.636588418483734 0.0721328265964985 0.0330737797543407
0.729697984457016 0.359546613693237 0.874295902252197 0.332175000011921 0.503693822026253 0.799395418167114 0.704038911499083 0.878663939237595 0.861252456903458 0.913932770490646 0.672684061527252 0.536424759030342 0.690535753965378 0.562874439358711 0.625348746776581 0.102735026925802 0.144969515502453 0.275571875274181 0.54878858923912 0.498984131217003 0.889134955406189 0.234759025275707 0.686464828252792 0.6121502161026 0.939339023828506 0.709533619880676 0.798790454864502 0.843317663669586 0.718479287624359 0.706954437494278 0.724213355779648 0.659239834547043 0.521323561668396 0.484917289018631 0.461847880482674 0.451457560062408 0.213533583283424 0.291423693299294 0.217160253226757 0.205931575596333 0.147596463561058 0.192767283320427 0.0961104363203049 0.166620323807001 0.118716014176607
0.381219527125359 0.118708838522434 0.319673120975494 0.18714627623558 0.0333722323179245 0.321526449918747 0.717171120643616 0.552279633283615 0.614244282245636 0.51714568734169 0.696490705013275 0.612157887220383 0.568704369664192 0.310177513957024 0.970761734247208 0.47991236448288 0.305165614187717 0.372318577766418 0.43706995844841 0.412371903657913 0.430313256382942 0.897495085000992 0.612104773521423 0.763444828987122 0.804588603973389 0.622450733184814 0.732744455337524 0.908941292762756 0.557987689971924 0.881478816270828 0.77375231385231 0.310739493370056 0.447224199771881 0.296213671565056 0.453003540635109 0.949651104211807 0.480406233668327 0.711510860919952 0.792747586965561 0.384281945228577 0.196223857998848 0.138459391891956 0.0630506124347448 0.0989963956177235 0.120120408385992
0.509473952651024 0.389387485384941 0.476778277754784 0.375505051016808 0.183501813560724 0.409051623940468 0.63688745200634 0.629582440853119 0.505200061202049 0.516089344024658 0.594966447353363 0.638725024461746 0.437558770179749 0.436448845267296 0.207766538858414 0.0711368076503277 0.202782581746578 0.229076787829399 0.423721927404404 0.427050465345383 0.968149298429489 0.931086653470993 0.740720784664154 0.772545510530472 0.713408994674683 0.828848123550415 0.609909200668335 0.632387447357178 0.380451312661171 0.702776497602463 0.768748503923416 0.438167363405228 0.361183667182922 0.368303924798965 0.251161068677902 0.286463430523872 0.306438010931015 0.640460956096649 0.301001128554344 0.202634017169476 0.240008868277073 0.129250258952379 0.135787566006184 0.0829958934336901 0.193352299928665
0.969800585508347 0.949671411514282 0.733259111642838 0.689603590965271 0.376219543814659 0.805664479732513 0.543133551539404 0.847736251354217 0.548384073376656 0.719789910316467 0.461992445588112 0.444871714711189 0.348657166957855 0.403976646065712 0.354317346215248 0.145723473280668 0.36237820982933 0.352487340569496 0.349909311532974 0.383979687094688 0.880700922012329 1 0.865885436534882 0.617036908864975 0.687826812267303 0.661654311418533 0.771945464611054 0.434106895327568 0.433749055862427 0.506852754950523 0.5368593364954 0.753208726644516 0.509744423627853 0.412286859750748 0.504377377033234 0.389985558390617 0.388936170935631 0.289656880497932 0.293743515014648 0.215983361005783 0.289812788367271 0.21932273209095 0.208775690197945 0.286476428806782 0.209020805358887
0.970443522930145 0.643876969814301 0.694496977329254 0.730182200670242 0.175459587574005 0.656397444009781 0.616105857491493 0.442809021472931 0.484605446457863 0.519823807477951 0.848160928487778 0.459350395202637 0.635006445646286 0.486168420314789 0.187382001429796 0.20662851780653 0.457797798514366 0.430847069621086 0.462211090326309 0.31603310406208 0.331060266494751 0.849545115232468 0.529947245121002 0.797530740499496 0.446235218644142 0.493433514237404 0.395929816365242 0.827465355396271 0.504639118909836 0.406268656253815 0.440423908829689 0.441908234357834 0.626949906349182 0.806013602018356 0.780494993925095 0.706405794620514 0.543836370110512 0.391008567810059 0.377422606945038 0.27872751057148 0.221651645004749 0.304629084467888 0.197598639130592 0.175558032095432 0.172589311003685
0.570581063628197 0.643166863918304 0.592795276641846 0.262378264963627 0.4057208776474 0.755707183480263 0.736825579404831 0.531415346264839 0.436240002512932 0.464937645196915 0.902464443445206 0.672186654806137 0.63167268037796 0.848146396875382 0.57052344083786 0.728087192773819 0.560889399051666 0.485867741703987 0.386007064580917 0.266006471216679 0.40228533744812 0.365468975901604 0.360630917549133 0.442117404937744 0.360534545779228 0.397016575932503 0.350497928261757 0.904359638690948 0.473447203636169 0.417156836390495 0.418085226416588 0.557440209388733 0.726278406381607 0.855938512086868 0.832419276237488 0.791707646846771 0.753227710723877 0.797968053817749 0.6220046043396 0.385800743103027 0.103493805974722 0.338558006286621 0.247621408104897 0.267914851009846 0.26889356970787
0.258243322372437 0.228898310661316 0.153310011327267 0.305321618914604 0.615476566553116 0.790319633483887 0.776260948181152 0.906645739078522 0.581506949663162 0.780357223749161 0.741336098313332 0.883776098489761 0.730484634637833 0.699262464046478 0.598083436489105 0.798709881305695 0.516654974222183 0.300721842050552 0.122837284952402 0.28442488014698 0.315725937485695 0.509637925028801 0.49909365773201 0.435437640547752 0.37674820125103 0.345174738764763 0.430013427138329 0.225556266307831 0.108325179666281 0.112722463160753 0.316683289408684 0.316685378551483 0.773929709196091 0.791622161865234 0.717580687999725 0.771998536586761 0.707043915987015 0.742865818738937 0.776285624504089 0.770752775669098 0.524802452325821 0.590507355332375 0.384158682823181 0.298362566530704 0.568866968154907
0.0322044560685754 0.546715086698532 0.376059445738792 0.468831750750542 0.687941607832909 0.614337831735611 0.829828482866287 0.813582175970078 0.914493864774704 0.954433143138885 1 0.860611420869827 0.895624107122421 0.945902925729752 0.655496352910996 0.89441209435463 0.573617833852768 0.38538978099823 0.251321458816528 0.374380338191986 0.277013267576694 0.282058072090149 0.200443123281002 0.597053772211075 0.264837026596069 0.309763965010643 0.251936830580235 0.212495231628418 0.180208234488964 0.196201212704182 0.186405400931835 0.117498075962067 0.343086928129196 0.30001375079155 0.457405713200569 0.418283382058144 0.686737191677093 0.728508675098419 0.760103899240494 0.713283717632294 0.712202352285385 0.566227561235428 0.519819155335426 0.683200013637543 0.584638667106628
0.106494212150574 0.99908412694931 0.2297313824296 0.544819381833076 0.712460774183273 0.669119358062744 0.836584877967834 0.788067877292633 0.461327037215233 0.826722514629364 0.779757887125015 0.447839748859406 0.341011336445808 0.54723644554615 0.588594037294388 0.47250734269619 0.367040657997131 0.334028559923172 0.176940567791462 0.270823860168457 0.246132953464985 0.273055393993855 0.308864584565163 0.293478858470917 0.284769098460674 0.262528422474861 0.202424596250057 0.639199548959732 0.534852465987205 0.32040593624115 0.321979713439941 0.240044957399368 0.25326265245676 0.208004678785801 0.315866240859032 0.712654665112495 0.427340334653854 0.5936747610569 0.483535224199295 0.580032426118851 0.687095576524735 0.494983348250389 0.686654651165009 0.857291805744171 0.60848291516304
0.11819534227252 0.23915191590786 0.671914628148079 0.53075555562973 0.673165452480316 0.784804034233093 0.82564297914505 0.544424849748611 0.489239713549614 0.261983142793179 0.536509838700294 0.38076693713665 0.651013225317001 0.407166066765785 0.816036826372147 0.618755510449409 0.499072703719139 0.395554405450821 0.406007251143455 0.491328844428062 0.938761883974075 0.411690473556519 0.353459572792053 0.295148509740829 0.265593573451042 0.628229442238808 0.255079562962055 0.163521221280098 0.19233977496624 0.227838349342346 0.225225868821144 0.294958956539631 0.41841476559639 0.281552091240883 0.306619358062744 0.27815407961607 0.273734331130981 0.36845615208149 0.338844192028046 0.296337887644768 0.55752529501915 0.390090441703796 0.377557361125946 0.566480213403702 0.716405749320984
0.220247440040112 0.325204077363014 0.362046900391579 0.425020045042038 0.667497569322586 0.860569071769714 0.79533024430275 0.68153303861618 0.704649603366852 0.912992978096008 0.682070428133011 0.553062355518341 0.132817523926497 0.329772609472275 0.424262046813965 0.761130744218826 0.384657746553421 0.482431647181511 0.409617766737938 0.459863182902336 0.664884513616562 0.367277002334595 0.770228910446167 0.952700072526932 0.759354078769799 0.291890832781792 0.334216099977493 0.326941919326782 0.217366030812263 0.61607691347599 0.568336659669876 0.757056939601898 0.459715768694878 0.603121536970139 0.258965986967087 0.245312017202377 0.225074043869972 0.191988644003868 0.181177258491516 0.435604953765869 0.93483659029007 0.617948091030121 0.317362351715565 0.177267280220985 0.324425992369652
0.399879428744316 0.449290844798088 0.674513918161392 0.704478704929352 0.811908602714539 0.975847071409225 0.953180688619614 0.918393182754517 0.776966553926468 0.633293044567108 0.648803460597992 0.400254678726196 0.399905037879944 0.620026308298111 0.426634255051613 0.412280756235123 0.428497502207756 0.463510009646416 0.547384643554688 0.402404555678368 0.753257954120636 0.646455681324005 0.771378856897354 0.831994073092937 0.961910247802734 0.832942187786102 0.499786499142647 0.329631853103638 0.355856654047966 0.328709787130356 0.440302231907845 0.38105820119381 0.333689364790916 0.35523102581501 0.438452413678169 0.466776859760284 0.515497532486916 0.428349879384041 0.36166045665741 0.200672574341297 0.0842734109610319 0.260704009234905 0.113224673271179 0.10337927043438 0.189794486761093
