Maxent_result_files_1/Bombus_pratorum_3.asc
NCOLS 594 
NROWS 330 
XLLCORNER -15 
YLLCORNER 23 
CELLSIZE 0.166666666666667 
NODATA_value -9999 
[rows 220 to 239 of 330, columns 184 to 229 of 594]
0.000516875940957107 0.000954016056493856 0.000713143876055256 0.00024594436345069 0.018426863453351 -9999 -9999 -9999 -9999 -9999 -9999 -9999 -9999 -9999 -9999 -9999 -9999 -9999 -9999 -9999 -9999 -9999 -9999 0.000499848465551622 0.00079532973759342 0.0144371281377971 0.0433691598474979 0.0242887016385794 0.0854728922247887 0.109319132566452 0.113700519502163 0.0286748874932528 0.0207217214629054 0.0353338684886694 0.00794321037828922 0.218834049999714 0.0043657741509378 0.0589342661201954 0.0367592889815569 0.0500797778367996 0.00067454245290719 0.00108951137517579 0.00488948845304549 0.00384121937677264 0.00668150736019015 0.000583711653598584
0.00154895443702117 0.00107860916759819 0.000347234732180368 0.00255194716155529 0.00290493257925846 0.00110978893644642 0.218150009214878 1 -9999 -9999 -9999 -9999 -9999 -9999 -9999 -9999 -9999 -9999 -9999 -9999 -9999 -9999 -9999 0.000142199973925017 0.002049787750002 0.00161179177230224 0.00278646134538576 0.0863262578845024 0.0403350882232189 0.0456287454813719 0.919631069898605 0.0677839852869511 0.0687517646700144 0.0968926481902599 0.0264149473980069 0.0680839817970991 0.0364989748224616 0.129399061948061 0.0164262607693672 0.0228022870607674 0.000657099692034535 0.000580448936671019 0.000725576223339885 0.00148587328149006 0.00332102873362601 0.000243013445287943
0.00309491151710972 0.00339268140960485 0.000573406685725786 0.00457625847775489 0.0183234885334969 0.0549902573227882 0.00919640189968049 0.0218160374090075 0.00923334958497435 0.0105789032997563 -9999 -9999 -9999 -9999 -9999 -9999 -9999 -9999 -9999 -9999 -9999 -9999 -9999 0.000135483249323443 0.000396868702955544 0.000489523376745637 0.00732113639824092 0.0680548556149006 0.0552965745329857 0.208630596101284 0.018364220764488 0.0286501439288259 0.0979516725987196 0.0656182665377855 0.0416880883276463 0.0347005229443312 0.210229894518852 0.0370667170733213 0.00331543774809688 0.00455684734042734 0.000925624708179384 1.52757766045397e-05 1.23390927626588e-06 0.000749635987449437 0.00406990265473723 0.00448032706044614
0.0194005314260721 0.0252311438322067 0.0041098503395915 0.00402565435506403 0.00236029579536989 0.00703266877681017 0.0127630865667015 0.00221379678696394 0.009822878241539 0.0106841734144837 0.00345319290645421 0.0569335784763098 -9999 -9999 -9999 -9999 -9999 -9999 -9999 -9999 -9999 -9999 8.74115523856744e-06 0.000260932174569461 0.000384200077678543 0.00252246495801955 0.0506564892828465 0.116215824335814 0.263699191808701 0.0943688444793224 0.0798869200050831 0.199055176973343 0.0425088932737708 0.115078517049551 0.025946993008256 0.0481268841773272 0.0357534434646368 0.00738261551596224 0.00077920691401232 7.76396598666906e-05 2.36263349506771e-05 6.62510315123654e-06 0.000173534262285102 0.000545582726772409 0.000582106743240729 0.00577294398099184
0.0251681866124272 0.0137693556956947 0.0255881896242499 0.0125011328142136 0.0072226517368108 0.0120030608959496 0.0118885341100395 0.00146469673491083 0.000578774415771477 0.0303144980221987 0.0159595943521708 0.00373067471664399 0.00100639195152326 0.000339643092593178 -9999 -9999 -9999 -9999 -9999 -9999 -9999 -9999 2.87930846752715e-05 0.000322976046300027 0.000471886858576909 0.00450174622237682 0.00946408803574741 0.0503162082284689 0.0769483532756567 0.363607028126717 0.158058229088783 0.0240073245018721 0.110876139253378 0.19414933770895 0.111741942167282 0.047414506226778 0.0515853013843298 0.154895197600126 0.00724984253756702 0.0001371724960336 4.49900200692355e-05 4.73908901767572e-05 2.14781050999591e-05 -9999 0.00201830772566609 0.0097834839951247
0.00967350080609322 0.0141912597231567 0.018851459491998 0.00621365243569016 0.0007216565834824 0.00102272201911546 0.00142070264555514 -9999 -9999 -9999 0.0153998822439462 9.77318515651859e-05 0.000200597572984407 0.00140545291942544 0.0013454602114507 0.565035390853882 -9999 -9999 -9999 -9999 -9999 -9999 -9999 0.000570482050534338 0.000838234229013324 0.000657768949167803 0.00177039719419554 0.00177959934808314 0.0222384039312601 0.052825140953064 0.180663931369781 0.177057011425495 0.0240746175870299 0.0707470949739218 0.137917843461037 0.0590440209954977 0.101614810526371 0.0798684019595385 0.0988424196839333 0.000868042802903801 0.000120746619359124 1.34104239490895e-08 -9999 4.53866525276681e-05 0.000779301190050319 0.00188799523166381
0.00752940019592643 0.030293470621109 0.0282266030088067 0.00519174069631845 0.00714659751392901 0.000695195610751398 -9999 -9999 -9999 -9999 -9999 -9999 -9999 0.0426863295957446 0.00066732514242176 0.000854680800694041 0.00382310294080526 -9999 -9999 -9999 -9999 -9999 -9999 0.00144891023519449 0.00292678521946073 0.00649886294268072 0.00267729439074174 0.00514571387320757 0.00798745024949312 0.0419118968769908 0.0419303877279162 0.224590899050236 0.0539759293198585 0.00864709275774658 0.0047336740186438 0.0194611214101315 0.0164952506311238 0.00354360910132527 0.0435634430497885 0.0419387184083462 0.000293364348181058 0.000111200063111028 -9999 -9999 -9999 -9999
0.00669505530968308 0.0059730923268944 0.00125784068368375 0.00930935274809599 0.00292655421653762 0.0278753625229001 -9999 -9999 -9999 -9999 -9999 -9999 -9999 -9999 0.00059566854579316 0.000661652554117609 0.000253816426993581 -9999 -9999 -9999 -9999 -9999 -9999 -9999 -9999 0.00100648239604197 0.00312173963757232 0.00128132922691293 0.0106017597950995 0.00497213024646044 0.0151497168466449 0.190471276640892 0.368004322052002 0.0336568275466561 0.0152805953286588 0.0288397431373596 0.208533173799515 0.0373323433101177 0.0393647011369467 0.208198541402817 0.531739154458046 -9999 -9999 -9999 -9999 -9999
-9999 0.00270704211434349 0.017142887134105 0.0288369623944163 0.0143391797319055 0.584391731023788 -9999 -9999 -9999 -9999 -9999 -9999 -9999 -9999 0.521796363592148 0.000444152496493189 -9999 -9999 -9999 -9999 -9999 -9999 -9999 -9999 -9999 -9999 9.31948041397845e-05 0.000339557447296102 0.000325674227497075 0.000436528789578006 0.126036938279867 0.0953976348042488 0.904464972019196 0.72705637216568 0.0214801818132401 0.00990785243920982 0.020555448718369 0.0184219125658274 0.00573738270904869 0.02213369384408 0.11389202773571 0.00963578396476805 -9999 -9999 -9999 -9999
-9999 0.00113895114627667 0.00244575624819845 0.000606853025965393 0.000111548806307837 -9999 -9999 -9999 -9999 -9999 -9999 -9999 -9999 -9999 -9999 -9999 -9999 -9999 -9999 -9999 -9999 -9999 -9999 -9999 1.22030039165111e-05 -9999 2.20811864892312e-05 0.000423172656155657 0.00043235448829364 0.000187854644173058 0.00328672467730939 0.0148235777392983 0.0847386121749878 0.402319797873497 0.0759840968996286 0.00909531540237367 0.0304033236578107 0.0106558659113944 0.00265138841932639 0.00184794282540679 0.000922883488237858 0.00122440393897705 0.0054585337638855 -9999 -9999 -9999
-9999 0.0023754711728543 0.000126291921333177 7.76814009441296e-05 0.00111356557463296 0.00229684351943433 0.290157237648964 -9999 -9999 -9999 -9999 -9999 -9999 -9999 -9999 -9999 -9999 -9999 -9999 -9999 -9999 -9999 -9999 -9999 -9999 -9999 -9999 2.67641626123805e-05 0.000433161368709989 0.00266593464184552 0.00336721302010119 0.0061619829852134 0.080586576834321 0.0435281995683908 0.138341118395329 0.0110161166638136 0.00136647371691652 0.00185218473197892 0.00117139882640913 0.00646570045500994 3.13261449264246e-05 1.43284713431058e-05 8.74904392844655e-07 0.000459479253913742 -9999 -9999
-9999 -9999 0.000117936171591282 0.000248845160240307 0.0112650646828115 0.0462960943579674 0.00118467641877942 0.00121509119053371 0.0177944414317608 -9999 -9999 -9999 -9999 -9999 -9999 -9999 -9999 -9999 -9999 -9999 -9999 -9999 -9999 -9999 -9999 -9999 -9999 -9999 0.000440087303286418 0.000687852679402567 0.00348249501548707 0.00655173887498677 0.00851844074204564 0.0162182067520916 0.138829100131989 0.0118710505776107 0.000311224001052324 8.99675116670551e-05 0.000285342254210263 0.000922709319274873 0.00013625743558805 0.00108460718765855 0.000195485352742253 0.000568221613502828 0.00239968621172011 -9999
-9999 -9999 0.99993639588356 0.000901848330977373 0.0135093302465975 0.0536485113203526 0.0092754983343184 0.000105006842204602 0.00465031387284398 -9999 -9999 -9999 -9999 -9999 -9999 -9999 -9999 -9999 -9999 -9999 -9999 -9999 -9999 -9999 -9999 -9999 -9999 -9999 -9999 8.48238410981139e-05 0.000798684149049222 0.000787370215402916 0.000531859768670984 0.020915290620178 0.372529402375221 0.172579196095467 0.0197841770015657 0.000983767712023109 0.000294257985660806 0.00172625124687329 0.00629011751152575 0.00199274810729548 0.00107757191872224 -9999 -9999 0.00016339514113497
-9999 -9999 -9999 0.000412633435917087 0.00103133331867866 0.0154433893039823 0.00183850213652477 4.47328055088292e-05 0.00305593705270439 -9999 -9999 -9999 -9999 -9999 -9999 -9999 -9999 -9999 -9999 -9999 -9999 -9999 -9999 -9999 -9999 -9999 -9999 -9999 -9999 -9999 4.12945310017676e-05 2.16748836464831e-05 3.85227315291559e-06 0.0255673630163074 0.0250223804265261 0.0390549875795841 0.0435550812631845 0.0630972106009722 0.0204736281186342 0.00296259528258815 0.00181089644320309 0.289839604496956 0.0753035672008991 0.000727388873929158 -9999 -9999
-9999 -9999 -9999 0.024187982827425 0.000322166297701187 0.000120329200581182 0.00151449982076883 -9999 -9999 -9999 -9999 -9999 -9999 -9999 -9999 -9999 -9999 -9999 -9999 -9999 -9999 -9999 -9999 -9999 -9999 -9999 -9999 -9999 -9999 -9999 -9999 0.0979635365307331 -9999 0.0058988191653043 0.00167863155947998 0.00324443596182391 0.113928411155939 0.0116087052039802 0.00360316568985581 0.0024309889646247 0.00197822376503609 5.57107925487799e-05 0.00112192314118147 2.23908798034245e-05 8.42843866848853e-05 0.00122331669554114
-9999 -9999 -9999 0.00384035259485245 0.000534464756492525 -9999 -9999 -9999 -9999 -9999 -9999 -9999 -9999 -9999 -9999 -9999 -9999 -9999 -9999 -9999 -9999 -9999 -9999 -9999 -9999 -9999 -9999 -9999 -9999 -9999 0.00121977040544152 0.0548217978328466 0.000780884129926562 0.000508196448208764 0.00152581430156715 0.127429527044296 0.206282183527946 0.331952147185802 0.269289901852608 0.400323432683945 0.00851831915788353 0.0113114308100194 0.00153673003660515 0.00515314966905862 -9999 -9999
-9999 0.199519197642803 0.00025313806545455 0.0010360321670305 0.0019448341219686 -9999 -9999 -9999 -9999 -9999 -9999 -9999 -9999 -9999 -9999 -9999 -9999 -9999 -9999 -9999 -9999 -9999 -9999 -9999 -9999 -9999 -9999 -9999 -9999 -9999 -9999 -9999 5.83666273087147e-05 0.000258354451216292 0.00017072717382689 0.000175679334643064 0.0134485449176282 0.0516696956008673 0.0602406084537506 0.125740952789783 0.0191456534899771 0.2098722204566 0.000815891998354346 0.00634967712685466 0.00142197018139996 0.000425285198434722
-9999 0.00578074683435261 0.000894989958032966 0.000924438203219324 0.000334812530491035 -9999 -9999 -9999 -9999 -9999 -9999 -9999 -9999 -9999 -9999 -9999 -9999 -9999 -9999 -9999 -9999 -9999 -9999 -9999 -9999 -9999 -9999 -9999 -9999 -9999 -9999 -9999 -9999 0.000152226382488152 6.7846619640477e-05 0.000419477140530944 0.00535960518755019 0.000869806692935526 0.00152270444668829 0.00296008734731004 0.00158632808597758 0.000558426187490113 0.0022701621754095 0.00167616240214556 0.000257496790436562 0.000198093568178592
0.999964118003845 0.00103904838906601 0.000408175642951392 0.14179126098752 -9999 -9999 -9999 -9999 -9999 -9999 -9999 -9999 -9999 -9999 -9999 -9999 -9999 -9999 -9999 -9999 -9999 -9999 -9999 -9999 -9999 -9999 -9999 -9999 0.000247652758844197 0.000597438277327456 -9999 -9999 -9999 -9999 -9999 -9999 0.692429089546204 0.00771023565903306 0.269492647051811 -9999 -9999 -9999 -9999 0.000121182882139692 0.000116109981900081 0.00334308038000017
0.00111103751696646 0.12335511520505 0.000122639543405967 -9999 -9999 -9999 -9999 -9999 -9999 -9999 -9999 -9999 -9999 -9999 -9999 -9999 -9999 -9999 -9999 -9999 -9999 -9999 -9999 -9999 -9999 -9999 -9999 -9999 -9999 -9999 -9999 -9999 -9999 -9999 5.62095787245198e-05 0.000148344328044914 0.00108507573022507 0.0123695462942123 0.00655472110956907 0.0247088640928268 0.000770642067072913 0.140870993584394 -9999 -9999 -9999 0.000528006546664983
