Maxent_result_files_1/Bombus_wurflenii_3.asc
NCOLS 594 
NROWS 330 
XLLCORNER -15 
YLLCORNER 23 
CELLSIZE 0.166666666666667 
NODATA_value -9999 
[rows 280 to 299 of 330, columns 135 to 179 of 594]
4.11974135516857e-07 4.24073127902602e-07 4.44563283963362e-07 4.56932950498867e-07 4.72455286626428e-07 4.94957745189595e-07 5.34747389480117e-07 5.83441861579104e-07 6.77104988255906e-07 8.25952290739451e-07 1.04405713798883e-06 1.36687553009551e-06 1.8202090686259e-06 2.17054670059724e-06 2.61621030972492e-06 3.22460566906102e-06 4.26767573173947e-06 5.35570379724959e-06 5.84064386828231e-06 6.02511539966599e-06 6.47248106417919e-06 6.67912523226732e-06 6.49470063081026e-06 6.23702978828078e-06 6.17127481632451e-06 5.88566862234075e-06 5.53783293071319e-06 5.48584753232717e-06 5.27938974528297e-06 5.12474786660277e-06 4.87726568962898e-06 4.77409730592626e-06 8.77063963571345e-06 3.67838457577818e-06 2.64312660505084e-06 1.79929059385131e-06 3.15504027526003e-06 7.90183948424783e-06 1.30884986049296e-05 7.51702224874862e-06 1.38724539226587e-05 3.56456300352193e-06 3.52170091417747e-06 3.54638928286022e-06 3.60254419007333e-06
4.19058807210604e-07 4.1864784492418e-07 4.3365731414724e-07 4.65752216527449e-07 4.76782597047531e-07 4.977621586022e-07 5.33037187011587e-07 5.90548909684685e-07 7.10836587103358e-07 8.83799511086636e-07 1.11306463423944e-06 1.46765342066146e-06 1.95010497350268e-06 2.2587161794263e-06 2.71565380955963e-06 3.40720911253811e-06 4.53475601318587e-06 5.23311734923482e-06 1.05087643873958e-05 5.90402403588541e-06 6.39461070193192e-06 6.81922408034552e-06 6.56102274092518e-06 6.12759812383956e-06 6.27642497192937e-06 6.03935262688537e-06 5.5545875397911e-06 5.42285823144084e-06 5.0753891059685e-06 4.93684361799751e-06 5.08113244563901e-06 5.01292108765483e-06 5.30368529325642e-06 1.78173755330135e-05 3.07919960675918e-06 8.65333460637885e-06 3.17536741647473e-06 3.01341350876783e-06 1.02812841078048e-05 1.14603194390384e-05 3.41003544974683e-06 5.8360869701346e-06 3.10836665988745e-06 3.23738472332025e-06 3.28798372919437e-06
4.23120221881845e-07 4.30008604368481e-07 4.34229190560131e-07 4.34545320615598e-07 4.56435459383897e-07 4.84260219124621e-07 5.31481191501371e-07 5.9571406154646e-07 7.01646969503145e-07 8.68993404878893e-07 1.11192158840367e-06 1.46314373949963e-06 1.98160822861837e-06 2.33852721862604e-06 2.83452602047873e-06 3.53918964606237e-06 4.43810106673936e-06 5.21794081578264e-06 5.8404996337913e-06 6.31237155630515e-06 6.70923010375191e-06 7.08922489138786e-06 6.71661797468914e-06 6.23583554784091e-06 6.06060963832533e-06 5.89239131159047e-06 5.62977912750284e-06 5.69425388334821e-06 5.42279868795958e-06 4.91755086500234e-06 5.18560212867669e-06 5.55063493266061e-06 5.56035909653474e-06 7.50509991576109e-06 1.41852067827131e-05 3.21397927791622e-06 4.69171527228696e-07 2.90452634459371e-06 2.93402092808037e-06 2.92682588423077e-06 2.99038793656337e-06 3.14029895776002e-06 3.0647726489974e-06 3.03884673513721e-06 3.04504036421349e-06
4.15330892877819e-07 4.17716213974018e-07 4.2741157884052e-07 4.42410856393849e-07 4.56910860080484e-07 4.76648915892497e-07 5.09508097579214e-07 5.73870669029475e-07 6.72515908206606e-07 8.31719246718876e-07 1.07205601977967e-06 1.44633840477582e-06 1.96813165302956e-06 2.39051292396653e-06 2.88092589073585e-06 3.51804257263666e-06 4.38325246534532e-06 5.22101888975612e-06 9.23687440845811e-07 6.44741824373796e-06 6.69567062345777e-06 6.66994168909696e-06 6.37257821267667e-06 6.10703174857008e-06 5.80087315711353e-06 5.72792739603756e-06 5.45907835771686e-06 5.53468270254598e-06 5.48935993265332e-06 5.30270330045823e-06 5.21110060276442e-06 5.07607535382704e-06 5.04797833968951e-06 3.34994118134091e-06 1.28059288385884e-05 2.97396844075593e-06 2.90837426319968e-06 2.7571986777275e-06 2.67212474227563e-06 2.92053162809225e-06 3.36298449070682e-06 3.22486697683644e-06 3.09960156386069e-06 5.02458351832047e-06 2.95984666820459e-06
4.14501222678609e-07 4.12032352770098e-07 4.22585350889904e-07 4.36161027295157e-07 4.60859996920249e-07 4.85941988515037e-07 5.24990004180381e-07 5.72107149565682e-07 6.58234180406225e-07 8.01409865403002e-07 1.01674079502345e-06 1.33807355666704e-06 1.85004097801311e-06 2.36217969984409e-06 2.7368539406325e-06 3.45516243385191e-06 4.2013281358777e-06 4.87461943237122e-06 5.71157767410568e-06 6.31701545898977e-06 6.29912191527637e-06 6.23278473312894e-06 6.08133025821189e-06 5.92374315147026e-06 5.72554742461762e-06 5.34271238166184e-06 5.25368527632963e-06 5.29507040027966e-06 5.24364144212086e-06 4.99665431448193e-06 4.80664140809495e-06 4.69833274792109e-06 4.58686063211644e-06 4.32340489169292e-06 1.60201242579205e-05 5.64332283943259e-06 4.47511877865736e-07 2.88006483657455e-06 2.59955726420458e-06 3.19142119025173e-06 3.4233616801771e-06 4.69825660331935e-06 3.19899757528219e-06 4.55627000945924e-06 2.97984699102471e-06
4.2680487659652e-07 4.28597032708922e-07 4.2657638417154e-07 4.36758453759012e-07 4.55072364147213e-07 4.8258395182188e-07 5.19615072391844e-07 5.79483020146654e-07 6.66187469988699e-07 7.7522191332946e-07 9.36329404055414e-07 1.18575270704469e-06 1.65119608652731e-06 2.16398142356411e-06 2.58576336875649e-06 3.21276924069025e-06 3.85265262252688e-06 7.8331313545732e-06 4.87243161160222e-06 5.27259584259809e-06 5.44979533003698e-06 5.73159076679985e-06 5.69379246826429e-06 5.48828626847353e-06 5.21451245276694e-06 5.03684210571009e-06 5.00059983892243e-06 4.88333521388995e-06 4.82212850556607e-06 4.70607375859799e-06 4.52648745863371e-06 4.39982238162884e-06 4.27750870812815e-06 4.06854128982559e-06 6.15574425637533e-06 7.20047913205235e-07 4.92236109153055e-06 3.20781742573217e-06 3.04570825164774e-06 3.25791155972865e-06 3.56979682152314e-06 3.04275942966115e-06 1.86796285017721e-07 8.95996472394245e-07 3.12108185482884e-06
4.25944957171964e-07 4.3584212079395e-07 4.42600900640855e-07 4.57395015374118e-07 4.64160933333346e-07 4.82479198282704e-07 5.1513750136678e-07 5.79475383943873e-07 6.64562928420764e-07 7.74278871062961e-07 9.29861452902969e-07 1.11118709753555e-06 1.53386145171908e-06 2.08195758091279e-06 2.24362968737069e-06 2.77086029143447e-06 3.36069148261231e-06 7.45018418228938e-06 4.40349245138805e-06 4.64696102824291e-06 4.99652865357803e-06 5.22213259159798e-06 5.20142054369899e-06 5.14566286256013e-06 4.88805850977769e-06 4.75889725066736e-06 4.85160259700024e-06 4.72631357979481e-06 4.61290848079443e-06 4.46403653882044e-06 4.36319346022174e-06 4.24030737349312e-06 4.0873796933738e-06 3.86262220217759e-06 3.74900082533713e-06 3.5917298731647e-06 3.42618310469334e-06 3.39265554032409e-06 3.47599800534226e-06 3.73015771231167e-06 3.65512132276535e-06 2.81175633176645e-06 3.81295360227796e-06 8.50166886579018e-07 6.24971620766246e-06
4.3766790298605e-07 4.375822278746e-07 4.4446795186559e-07 4.59822060250303e-07 4.79390855190331e-07 5.1425979492592e-07 5.47492209790335e-07 6.01071183581325e-07 6.87020808243233e-07 8.03717128405879e-07 1.06720274715144e-06 2.68624045247634e-06 1.50435620156486e-06 1.10839677631702e-05 2.38422790914683e-06 2.53266333629654e-06 2.89287904990942e-06 3.3640791656353e-06 3.86036498696285e-06 4.40617413914879e-06 4.66535748557817e-06 4.88189553777829e-06 4.90155676970971e-06 4.96720326168543e-06 4.84963570670516e-06 4.73380329708561e-06 4.56342112329367e-06 4.46332048227305e-06 4.39493285284698e-06 4.40819692357763e-06 4.28653921744626e-06 4.11451023865084e-06 3.98758583060044e-06 3.84366539378789e-06 3.81736804513366e-06 3.7832182982811e-06 3.72588531263318e-06 3.68194762927487e-06 3.76752182660312e-06 3.8816031207034e-06 3.67745442133582e-06 5.74443029393024e-06 6.95172692815049e-06 6.78858647233938e-06 6.12373950445999e-06
4.49559685478107e-07 4.52504454173663e-07 4.57485953830883e-07 4.74426210672618e-07 5.03405638596632e-07 5.44370525545901e-07 5.92208588301446e-07 6.56488964523305e-07 7.64955389342958e-07 9.29796223658741e-07 1.10213428712314e-06 2.0543634519754e-06 1.6015584421325e-06 2.05422533667843e-06 2.41357682853049e-06 2.55538043631986e-06 2.80923835305202e-06 3.13037486705525e-06 3.64556551346595e-06 4.20352584740158e-06 4.57646405038759e-06 4.72420150572361e-06 6.93530682269738e-06 8.71790223868629e-06 4.57158931794766e-06 4.33990236956561e-06 4.46175768615831e-06 4.35357354149346e-06 4.1671945325561e-06 4.15461681768647e-06 4.15121187415934e-06 4.08411187891033e-06 4.07470722052494e-06 3.87039262648159e-06 3.8321576113276e-06 3.88694325010874e-06 3.81389756682893e-06 3.77094084171858e-06 3.85547488406246e-06 3.91704230082723e-06 3.6830372039276e-06 6.34968529027447e-06 4.55775591774454e-06 4.03293034310082e-06 4.34806259477227e-06
4.68912932660714e-07 4.88689826738664e-07 4.99169615153505e-07 5.07826057116745e-07 5.39827749435062e-07 5.97955780534676e-07 7.01661428337275e-07 8.27376749867881e-07 9.17846193715377e-07 9.92809421518359e-07 1.13674073816128e-06 1.37206300365733e-06 1.60150353849531e-06 2.03839926768978e-06 2.46030141966003e-06 2.60773888385302e-06 2.83540556722528e-06 2.96714205774151e-06 3.45312093941175e-06 3.98382004505038e-06 4.27486922376374e-06 7.66095885182949e-06 7.06283539102515e-06 1.38876948483357e-06 4.51092127491393e-06 4.41494344158855e-06 4.31516656931308e-06 4.12699944831729e-06 4.1000854196227e-06 4.12867620980251e-06 4.14956184613402e-06 4.08338592023938e-06 3.92798439179387e-06 3.87704108391063e-06 3.87528528449366e-06 3.87533459331735e-06 6.64503544953732e-06 6.80661409546701e-06 6.15998097828197e-06 5.20506687280431e-06 3.77482602402779e-06 4.42876324484587e-06 4.69386755241885e-06 4.37734769320741e-06 5.07090191490534e-06
4.89684247284572e-07 5.20813593141156e-07 5.43811604813982e-07 5.70464624161104e-07 6.41334340656385e-07 7.6002744506809e-07 8.3367300902637e-07 8.92374561090037e-07 1.6107085585304e-06 1.09723902141923e-06 1.57855344866675e-06 1.46752512932835e-06 1.74302132904813e-06 2.04191613306648e-06 2.40446869668176e-06 2.64621979795265e-06 2.81785649747235e-06 3.38941503628121e-06 3.78870486201777e-06 3.94653725379612e-06 6.41985491256492e-06 4.0757174645023e-06 2.75654010408743e-06 2.93363073069486e-06 7.12661151851535e-06 4.32466319466585e-06 4.2440428842383e-06 4.26516756419915e-06 4.2868621164871e-06 4.19892885474837e-06 4.06572396514093e-06 3.96107828919412e-06 3.85411169361305e-06 3.84322129036718e-06 3.87298046859996e-06 3.98938759076373e-06 6.91336396698716e-06 3.93038840513782e-06 5.00938958225561e-06 7.12827048801046e-06 3.86168805164289e-06 4.34635421413532e-06 4.47988197720406e-06 4.47076679392922e-06 4.96908110960703e-06
5.07837366114927e-07 5.44328155882567e-07 6.27866560165558e-07 7.33361727611737e-07 7.80516148779498e-07 8.16258381064472e-07 8.46104445884066e-07 8.95451320559459e-07 9.84483807542347e-07 2.31252445530572e-06 1.38898533208476e-06 1.44759335967137e-06 1.71690151660187e-06 1.99405897944871e-06 2.29785974852348e-06 2.7296142349087e-06 3.18091753115368e-06 3.46191515632199e-06 6.85015955355084e-06 1.56175471630604e-06 1.19888515426325e-07 7.52599958673272e-06 1.4189344781812e-06 2.13896937424352e-06 5.0067269455667e-06 7.95315609138925e-06 4.2722175749077e-06 4.29073981536021e-06 4.23651590608642e-06 4.17213881860334e-06 4.0782262317407e-06 4.00816183514507e-06 3.95052196608958e-06 3.96767672441456e-06 3.94940192904869e-06 3.98787122719568e-06 3.99973800710995e-06 3.95811359226173e-06 3.96991402169533e-06 3.84644975781612e-06 3.6174628974095e-06 4.03555657442212e-06 4.34214599920324e-06 4.48548773590574e-06 5.00530220222117e-06
5.98063530077297e-07 7.13496822868365e-07 7.67205916218927e-07 7.69873153672052e-07 7.92670473970247e-07 8.44507849251386e-07 8.62326176331862e-07 8.8915885072538e-07 1.00031345624529e-06 1.1611313539106e-06 1.30781149039194e-06 1.48255425216348e-06 1.73928224853626e-06 3.44177336160101e-06 2.29852887798643e-06 2.63779903093564e-06 2.98183164773036e-06 3.16014983923196e-06 3.45936212511333e-06 3.72821504583953e-06 6.20758852960535e-06 3.88343301551686e-06 4.05853679694701e-06 4.15073932913401e-06 7.10926034344084e-06 4.22257866148357e-06 4.19140390590655e-06 4.17737560383102e-06 4.16379998000593e-06 4.08421723818719e-06 4.03855566446509e-06 4.05024103997675e-06 3.99901529704039e-06 3.95953575207386e-06 3.95485151614139e-06 3.99684956562396e-06 4.04374048628142e-06 4.07251845615519e-06 4.04873799482175e-06 3.75910518926048e-06 3.82201281183825e-06 3.63164320162923e-06 4.27177594417572e-06 4.40451470922199e-06 4.7521352144031e-06
7.12964243376746e-07 7.65351293097183e-07 7.76282296754971e-07 7.7473999269273e-07 7.97949849840052e-07 8.36120723590739e-07 8.70974082545217e-07 9.23439378652802e-07 9.28663141053221e-07 1.09602777769169e-06 1.30663658097774e-06 1.54002946430865e-06 2.80006903494723e-06 2.05806972246592e-06 2.20094071039512e-06 2.63306209546954e-06 2.90600538050967e-06 3.17684352921788e-06 3.32979770973907e-06 3.59952622943638e-06 6.459655622848e-06 3.8328620178163e-06 4.12512289358347e-06 4.16343817164488e-06 4.17009989632788e-06 4.14324563280388e-06 4.05425673761783e-06 3.9849517975199e-06 3.94929234062147e-06 3.90110037642444e-06 4.01896797939116e-06 4.01848539581806e-06 3.97283603206233e-06 3.89780163345677e-06 3.83757125348438e-06 6.30404454682321e-06 3.42173767649001e-06 7.5647123935596e-06 3.90056580954479e-06 3.86710822226632e-06 8.02190139665981e-06 3.80028465656324e-06 3.86584312650484e-06 9.89796101862339e-06 1.21319501772632e-05
7.26111907312088e-07 7.56149945857487e-07 7.69205875172929e-07 7.67444867477707e-07 8.23634077562474e-07 8.40944672120258e-07 9.42737926834525e-07 1.00090597499047e-06 9.9600434992908e-07 1.13492284299355e-06 1.37074497672529e-06 1.54514357291191e-06 1.78022244199383e-06 5.35381365693866e-06 2.28211628439112e-06 2.54119365195038e-06 2.81694790658094e-06 3.09722515225985e-06 3.29449840137386e-06 6.40971729239936e-06 3.61547178613364e-06 3.72687198364474e-06 3.85231776931505e-06 3.79940507286847e-06 3.80066151137726e-06 4.13886589853973e-06 4.1279768026925e-06 3.97111459733424e-06 3.84221458489264e-06 3.85117965606696e-06 3.85118725034772e-06 3.83188375394639e-06 3.80458573658871e-06 3.77610237478621e-06 3.75007772390745e-06 3.79402494559145e-06 1.73475959854841e-05 7.98639224512954e-06 7.87928213981104e-06 8.3070590250145e-06 1.32446497815408e-05 8.0702375328201e-06 3.69223178324773e-06 4.13142965669522e-06 9.52588656559783e-06
7.95344213599947e-07 8.4922748584404e-07 9.05289755337435e-07 9.00139892223706e-07 9.77759384568344e-07 9.45579159861154e-07 9.9891585136902e-07 1.0333393476003e-06 1.06995090902728e-06 1.15169475805033e-06 1.40990779016192e-06 1.51877897280883e-06 1.73690923190861e-06 4.36044235243571e-06 2.22735802992702e-06 3.94526581999344e-06 2.51609789359009e-06 4.77338716109443e-06 3.03108000139218e-06 3.16520721526103e-06 3.39550483090534e-06 3.40896991133377e-06 3.2009516786502e-06 3.14680537201184e-06 3.52953165929648e-06 3.84227554377503e-06 3.6534638638841e-06 3.42634197352254e-06 3.32439657313444e-06 3.42455215900372e-06 3.40570317689526e-06 3.50655238605668e-06 3.49614677475074e-06 3.52288908800347e-06 3.58886813671688e-06 3.66672969676074e-06 5.38677856098957e-07 8.01189301000704e-06 1.08164005723665e-05 5.63698315403371e-07 7.54386497590076e-06 8.33204157970613e-06 4.02378000217141e-06 6.10687313695735e-07 9.83259220674881e-06
8.55129859189674e-07 8.68833467393415e-07 8.70974291444782e-07 9.16929521110887e-07 9.48776141740382e-07 9.39050441672862e-07 9.72801366572185e-07 9.63671797649113e-07 1.04112521341904e-06 1.21847464384928e-06 1.37018480472761e-06 1.52011376712835e-06 1.65981528539305e-06 1.06147048541061e-05 3.60362307674222e-06 2.8002727248122e-06 2.49052983178899e-06 2.72320351086819e-06 2.85900737253542e-06 2.98252671768751e-06 2.97079400013445e-06 3.06281716859758e-06 3.17254444155424e-06 3.00351188400327e-06 2.80255578957167e-06 2.76775782594996e-06 2.72616619270138e-06 2.60470213220287e-06 2.90687456754313e-06 2.9549709637422e-06 2.90231213284642e-06 3.13126350590665e-06 3.12374068300869e-06 3.19418563208274e-06 3.33603625506385e-06 3.3982558079515e-06 5.33412015357726e-07 9.9153009159636e-06 1.83450012798403e-06 7.96304786945257e-06 3.74222696279958e-06 4.00774126205761e-06 4.19617381339776e-06 4.24009870414466e-06 4.25954193019606e-06
8.47701947748192e-07 9.22896880695134e-07 8.20314522087529e-07 7.87918053646308e-07 8.1097361928073e-07 8.03156011386363e-07 8.11732505212603e-07 8.59796152496983e-07 9.15821200919709e-07 1.0193700830996e-06 1.09874382161479e-06 1.25761111178235e-06 1.38856250089248e-06 1.52546757590244e-06 1.77872070423746e-06 2.02227536476585e-06 2.27457007895282e-06 2.43887508872831e-06 2.57086653050465e-06 2.70539482869481e-06 2.77681591853707e-06 2.88921605147152e-06 3.00710618432731e-06 2.93300965097387e-06 2.7254520034603e-06 2.71449268325341e-06 2.47667978499067e-06 2.38913825114651e-06 2.28391720327181e-06 2.29807131120197e-06 2.21011544141447e-06 2.35106394796958e-06 2.85246197790912e-06 3.06937473055768e-06 3.12999027869409e-06 3.11452148764602e-06 3.17327573782222e-06 3.29771013696245e-06 3.95345462322894e-06 5.76635765980882e-07 3.7939593170222e-06 4.02471891618461e-06 3.84369792243433e-06 8.74388271654425e-07 3.83134950538988e-06
6.80633980465473e-07 6.94132477718767e-07 7.29367779683798e-07 7.62814519816857e-07 8.01379547965553e-07 7.74534341019262e-07 7.92367896451651e-07 8.92601322277642e-07 9.89771029935582e-07 1.10092650658089e-06 1.19507961926502e-06 1.26703172043108e-06 1.38483758007624e-06 1.48470096377196e-06 1.56383740517185e-06 1.69631548487814e-06 1.8559078398539e-06 2.06961945536932e-06 2.33773095601464e-06 2.58907712691325e-06 2.61821500089354e-06 2.76809624608632e-06 2.86891012990509e-06 2.81238200159351e-06 2.64121291309039e-06 2.56553006749982e-06 2.6473724602738e-06 2.53985048175309e-06 2.47535093365059e-06 2.41257011452944e-06 2.25782913219064e-06 2.5012808265501e-06 2.64859214667013e-06 2.77875531651262e-06 2.92012017837351e-06 3.01460602827319e-06 2.99181307923391e-06 3.15936781589699e-06 6.37791566759915e-06 3.99256120147129e-06 3.66775502982364e-06 3.71680592934354e-06 3.83560369527913e-06 3.53131214296809e-06 3.46867439873222e-06
7.09753485494957e-07 7.18512309560992e-07 7.50700446161545e-07 7.93727171810588e-07 7.99635598980331e-07 7.77878186397629e-07 8.17325516777601e-07 9.06043344173213e-07 9.51209081279103e-07 1.00079362823635e-06 1.08188404510656e-06 1.13800158771937e-06 4.46318824174341e-06 1.28816058833081e-06 1.40499834628827e-06 1.58476763232329e-06 1.7819076589376e-06 2.07367818632065e-06 2.30020809226517e-06 2.44196662890772e-06 2.37152603403956e-06 2.43708898608475e-06 2.55307523673309e-06 2.56717317768107e-06 2.59351969020827e-06 2.56517114110011e-06 2.54151492811161e-06 2.4410290961896e-06 2.38819115736533e-06 2.35306671356739e-06 2.28521778069535e-06 2.3809517671225e-06 2.59209249406922e-06 2.84459429451545e-06 2.90727392666668e-06 3.03606365434916e-06 3.09507287568067e-06 3.06012083512996e-06 3.64149346125942e-06 3.76807086013287e-06 3.66172579617796e-06 3.7071664337418e-06 3.73218088327576e-06 3.67400760694636e-06 3.74293327638497e-06
