Maxent_result_files_1/Bombus_balteatus_2.asc
NCOLS 594 
NROWS 330 
XLLCORNER -15 
YLLCORNER 23 
CELLSIZE 0.166666666666667 
NODATA_value -9999 
[rows 240 to 259 of 330, columns 88 to 131 of 594]
-9999 -9999 -9999 -9999 -9999 -9999 -9999 -9999 -9999 -9999 -9999 -9999 -9999 -9999 -9999 -9999 -9999 -9999 -9999 -9999 -9999 -9999 -9999 -9999 -9999 -9999 -9999 -9999 -9999 -9999 -9999 -9999 -9999 -9999 -9999 -9999 -9999 -9999 -9999 -9999 -9999 -9999 -9999 -9999
-9999 -9999 -9999 -9999 -9999 -9999 -9999 -9999 -9999 -9999 -9999 -9999 -9999 -9999 -9999 -9999 -9999 -9999 -9999 -9999 -9999 -9999 -9999 -9999 -9999 -9999 -9999 -9999 -9999 -9999 -9999 -9999 -9999 -9999 -9999 -9999 -9999 -9999 -9999 -9999 -9999 -9999 -9999 -9999
-9999 -9999 -9999 -9999 -9999 -9999 -9999 -9999 -9999 -9999 -9999 -9999 -9999 -9999 -9999 -9999 -9999 -9999 -9999 -9999 -9999 -9999 -9999 -9999 -9999 -9999 -9999 -9999 -9999 -9999 -9999 -9999 -9999 -9999 -9999 -9999 -9999 -9999 -9999 -9999 -9999 -9999 -9999 -9999
-9999 -9999 -9999 -9999 -9999 -9999 -9999 -9999 -9999 -9999 -9999 -9999 -9999 -9999 -9999 -9999 -9999 -9999 -9999 -9999 -9999 -9999 -9999 -9999 -9999 -9999 -9999 -9999 -9999 -9999 -9999 -9999 -9999 -9999 -9999 -9999 -9999 -9999 -9999 -9999 -9999 -9999 -9999 -9999
-9999 -9999 -9999 -9999 -9999 -9999 -9999 -9999 -9999 -9999 -9999 -9999 -9999 -9999 -9999 -9999 -9999 -9999 -9999 -9999 -9999 -9999 -9999 -9999 -9999 -9999 -9999 -9999 -9999 -9999 -9999 -9999 -9999 -9999 -9999 -9999 -9999 -9999 -9999 -9999 -9999 -9999 -9999 -9999
-9999 -9999 -9999 -9999 -9999 -9999 -9999 -9999 -9999 -9999 -9999 -9999 -9999 -9999 -9999 -9999 -9999 -9999 -9999 -9999 -9999 -9999 -9999 -9999 -9999 -9999 -9999 -9999 -9999 -9999 -9999 -9999 -9999 -9999 -9999 -9999 -9999 -9999 -9999 -9999 0.000172911970492806 -9999 -9999 -9999
-9999 -9999 -9999 -9999 -9999 -9999 -9999 -9999 -9999 -9999 -9999 -9999 -9999 -9999 -9999 -9999 -9999 -9999 -9999 -9999 -9999 -9999 -9999 -9999 -9999 -9999 -9999 -9999 -9999 -9999 -9999 -9999 -9999 -9999 -9999 -9999 -9999 -9999 -9999 8.67145121485891e-08 1.25853294452583e-10 3.85358411847392e-14 3.58411115997659e-05 -9999
-9999 -9999 -9999 -9999 -9999 -9999 -9999 -9999 -9999 -9999 -9999 -9999 -9999 -9999 -9999 -9999 -9999 -9999 -9999 4.22351043027902e-13 1.34572020193957e-11 1.82054371578033e-13 2.49112730443812e-11 4.66959804157341e-14 5.54001289287953e-15 1.5976109324356e-14 3.54161144855425e-15 1.88737914186277e-15 7.21089854494039e-14 7.37381267157389e-12 1.83741910575463e-14 4.54525306281539e-14 -9999 -9999 -9999 4.52768748851473e-05 1.60971236340401e-13 7.34967642301854e-15 1.03828057262945e-13 3.72701869366665e-14 8.06021915877864e-15 4.81392703477468e-14 5.40789635294914e-14 8.30335800117155e-14
-9999 -9999 -9999 -9999 -9999 -9999 -9999 -9999 -9999 -9999 -9999 -9999 -9999 -9999 2.71641418136959e-08 3.73711062096049e-12 1.26566979119502e-11 4.37467839731198e-12 2.60014232367212e-14 8.06021915877864e-14 6.45150599609678e-14 2.97761815204467e-14 1.47326595367758e-14 2.56683563293336e-14 9.72555369571637e-15 1.54321000422897e-15 2.27595720048157e-15 3.499608158819e-10 8.30002733209767e-14 2.11264339355921e-13 1.59450230796665e-13 1.40376599233605e-13 4.93627361208837e-13 3.92508248125978e-13 7.79154518681935e-13 4.94038143727948e-13 1.57779345144604e-12 2.10220729712773e-13 3.42381678564152e-13 5.47339951140202e-15 2.8288482667449e-14 2.3347990207867e-14 5.96189764223709e-15 1.50002232857105e-13
-9999 -9999 -9999 -9999 -9999 -9999 -9999 9.73931383319027e-09 4.99994490255062e-12 7.33901828198213e-13 6.98308078028731e-13 3.80850906367414e-13 1.84541271153194e-13 2.38109532091357e-13 1.24010202107172e-10 5.0727200218148e-13 1.98197014356083e-13 5.68101121700693e-14 1.80977455244147e-13 2.98081559435559e-12 4.68147975940525e-10 1.45883305435746e-13 1.98163707665344e-13 2.15150119942109e-13 7.00217661631086e-14 3.9057646006313e-14 4.94315699484105e-13 7.87681031511056e-13 1.11288755988426e-13 3.67589292338266e-12 1.51345602716901e-12 4.77573536272757e-13 1.54716239819663e-12 1.68820513124501e-13 2.34111618979682e-12 8.77742323268649e-14 6.51267928475363e-13 5.82422998718357e-14 1.00586206031039e-14 4.81392703477468e-14 9.32587340685131e-15 2.31481500634345e-14 2.42117437210254e-13 4.04487554561683e-13
-9999 -9999 -9999 -9999 -9999 2.20087059688012e-11 1.92073024152251e-12 3.54057894114135e-12 1.32582833600736e-13 3.28770344282248e-13 1.42452716289654e-13 2.14905870876692e-13 9.61120072417998e-14 3.43458594898038e-13 5.43343148251552e-14 1.63791202822949e-13 3.54161144855425e-15 7.04436509124662e-14 1.65037983279603e-12 5.34516875205782e-13 9.57023349457131e-13 6.42874642409197e-13 2.37864239416297e-10 2.22777352121284e-13 1.64868119156836e-13 1.7403856134024e-13 5.67768054793305e-14 1.55969863901984e-07 7.22563024591061e-07 2.07867056900568e-12 2.742650551113e-12 7.42835187361735e-08 3.87324616824003e-12 9.98324756196212e-12 1.37028166591335e-12 5.39324140902409e-13 6.13198380960966e-13 1.36335387423969e-13 2.51754173064e-13 3.30757643496327e-13 3.92663679349425e-13 2.28261853862932e-13 1.27398092075737e-13 1.10655928864389e-13
-9999 -9999 -9999 4.85978146613775e-11 9.40747479916126e-13 2.58237875527811e-13 1.82831527695271e-13 3.41904282663563e-13 2.08610906327067e-13 8.07831579408003e-13 2.63297050828726e-11 3.46789263971914e-13 1.36424324803652e-07 7.58302437509073e-09 7.96918087075937e-14 1.26776367181947e-13 5.42565992134314e-14 8.99280649946377e-16 1.51016976701612e-12 1.90171212111068e-12 1.12975184762831e-12 1.1247558440175e-12 2.07150963049685e-12 5.36382049887152e-13 1.30222499450383e-12 1.66324731765144e-12 3.21207727083106e-11 1.92364101403442e-07 1.38991040898873e-12 3.86123355511359e-12 2.58498777938598e-12 2.65517607900279e-12 7.86939402530606e-12 2.06488159903984e-12 5.80538950245568e-12 1.29896093881143e-14 1.24700250125898e-13 1.74171788103195e-13 2.0470625194946e-12 6.90325574481676e-13 2.58926213803079e-12 9.3457463989921e-13 2.79920531198741e-12 1.69986247300358e-13
-9999 -9999 6.99342805887682e-12 2.24786855795855e-13 3.10362846533963e-13 3.46389583683049e-15 2.08677519708544e-13 7.99971200393657e-13 4.46320758129559e-13 4.03166389162379e-13 8.53395132338619e-13 1.78423219554524e-07 2.80191425616749e-12 2.14425144307029e-12 1.00189523344341e-11 2.96089819329382e-12 1.79335435390726e-12 6.26343421572528e-13 2.91973112354071e-12 2.41485198504421e-10 1.95976568306833e-13 1.27901023105892e-12 3.97459842815806e-15 3.40637781315323e-09 3.51315400992647e-08 1.87027238141013e-10 4.66293670342566e-16 1.62092561595273e-14 2.00950367457153e-15 7.14934945800216e-08 1.33895117215843e-11 1.07409747762688e-11 6.40912545257777e-11 2.55292453843481e-12 3.39105410418483e-12 1.2756462552943e-14 2.31648034088039e-13 7.37188088351104e-15 2.90000246039313e-12 2.25318652624651e-12 5.04377650756283e-12 1.54321000422897e-15 2.03229655326709e-12 4.65316674080896e-13
6.21080964435805e-13 5.88495918663057e-13 1.30442323609259e-12 1.25599530775844e-13 1.05626618562837e-13 9.1882057517978e-13 2.44970710383541e-13 1.73205894071771e-13 8.84382088894853e-08 1.0256242356721e-05 2.44967379714467e-12 3.31042970813655e-12 1.3759083625553e-06 4.3710590702517e-13 7.90079113244246e-13 3.20714670909439e-07 4.73743312168207e-07 1.40769047529687e-09 9.47900424819181e-10 1.92720390201906e-08 3.41647438117931e-09 1.51975388940073e-09 6.03710070823382e-10 3.0211894097576e-09 7.89242560195191e-11 4.37668012942538e-11 5.04743580265199e-11 4.68570848788374e-10 2.048239367336e-07 5.63993296509579e-15 6.88338275267597e-16 5.19931875331281e-12 2.04999794917171e-11 4.56389814829095e-11 6.27536578257093e-11 1.85424564591585e-11 9.70334923522387e-15 3.6030733951975e-12 1.10420339538564e-11 1.39085520878268e-11 2.15782947066145e-12 7.31591454083968e-12 2.39297470727706e-13 2.85327317328665e-15
6.42053077370974e-13 3.10285130922239e-13 1.06722408688142e-12 6.48070486164443e-13 3.18500781304465e-13 3.52751161614151e-13 2.20534701611541e-13 2.01749728034883e-13 1.91080484768236e-13 2.6754121925765e-06 5.76838576904493e-13 1.10143005827013e-12 3.70505848223956e-12 1.22205578989565e-12 5.4665445947677e-09 7.99922495519079e-06 3.14759965536204e-07 6.66707253027532e-06 2.64253003245951e-07 2.82378767368918e-08 3.22974735844639e-10 1.67461149187531e-06 2.29352381087011e-08 8.71042013517176e-08 1.47488774526749e-09 6.36722241598164e-10 4.36010227922168e-11 4.56017557048938e-11 4.10782519111308e-16 5.55111512312578e-17 4.29524749101518e-11 2.60947941033152e-10 2.43215225737003e-11 4.55191440096314e-16 3.88578058618805e-16 2.33146835171283e-15 7.05340230666707e-12 2.11700934560355e-10 1.7005760133415e-10 1.1817024025973e-10 8.4346341022723e-11 2.52697862634932e-13 1.64764868415546e-12 4.74296157904064e-12
3.22408766351145e-13 3.37729844090973e-13 8.12405698269458e-13 6.72062405726592e-13 2.35256258918071e-13 2.12874162741628e-13 3.22123439033817e-12 1.22639676192193e-12 8.0478956832053e-13 1.29253274749885e-12 3.1223690299953e-12 4.99182917224061e-12 5.64557289806089e-12 5.28149746159556e-12 9.24138543467734e-13 1.3630208073323e-12 4.88498130835069e-16 1.10228448590988e-10 3.27747275544743e-06 3.59417165035625e-06 2.40140130003397e-12 2.84674798467499e-07 2.42952940765484e-08 1.03852288270145e-06 1.97844374216771e-10 1.33327704432418e-10 1.25676280493536e-10 3.60267371490863e-14 5.02452135453524e-10 5.04453590011167e-11 4.51244930310679e-11 6.49137188446503e-11 5.55111512312578e-17 6.32827124036339e-16 1.29896093881143e-15 3.88578058618805e-16 4.85167461761193e-15 2.54152254797191e-13 5.63191826508103e-11 1.14788996308235e-08 5.11895270616236e-10 5.73902037004359e-11 6.36561923172962e-09 3.93065920145652e-08
1.58048019116563e-12 7.40563166345964e-13 6.88138435123165e-13 1.13028475468013e-12 6.4556138212879e-13 3.06310532494081e-13 4.43423076035288e-13 5.20450349483781e-13 6.79956091431677e-13 1.04223296659711e-12 1.36299860287181e-12 7.1255668032677e-12 1.73672187742113e-12 4.38263869639854e-12 2.18873546842246e-08 7.4432349173037e-12 6.18394224716212e-14 1.35798039480051e-12 3.49618842743205e-07 3.69621106777185e-07 2.10344404416585e-07 2.3835400320138e-11 3.20982840307238e-10 5.17054177251453e-12 4.12609058031421e-11 2.42547448792152e-10 3.37863115262849e-10 2.66453525910038e-16 6.66133814775094e-17 2.49813969510626e-10 7.98789923095455e-12 4.68748484472314e-11 7.03050773154246e-10 4.40136815882397e-13 1.66533453693773e-16 4.32986979603811e-16 2.55351295663786e-15 6.4334098048846e-10 9.25574172860877e-11 3.34911354205047e-10 5.11084463639122e-10 5.13592934847651e-10 3.32278570000066e-05 1.43241256300719e-07
3.62521124230852e-13 4.30966373698993e-13 2.09587902588737e-12 8.70159500010459e-13 1.02131636481317e-12 6.2263527667028e-13 1.41184841595532e-12 8.77808936650126e-13 4.27887725251708e-12 1.01461061774444e-12 2.4169888312997e-12 4.30050439703678e-12 4.31087388008677e-12 5.92333959659186e-12 3.51447471125255e-08 3.0968783093499e-12 1.49013024142164e-12 2.93978175136544e-12 3.53015394694012e-12 1.60292975670551e-08 1.01885166969851e-13 3.40802330800472e-10 7.24556747933036e-10 2.24265050974282e-15 3.94067412035071e-10 1.51308067630751e-08 5.10702591327572e-16 4.10782519111308e-16 2.44249065417534e-16 1.79856129989275e-15 8.86686390977331e-11 7.92477194977437e-14 3.66373598126302e-16 1.21014309684142e-15 2.33146835171283e-16 3.01806812874617e-10 5.10702591327572e-16 6.77236045021345e-16 4.00790511889682e-15 1.37667655053519e-15 2.91023871668017e-12 2.10989613259049e-05 1.50580381872434e-06 6.77236045021345e-16
2.14166462342291e-12 4.7777337641719e-13 4.08800771012352e-12 3.45896644660115e-12 1.437983065955e-12 1.5029866240468e-12 1.29258825865008e-12 1.71831437967285e-12 5.41321432123709e-12 1.11243791955928e-11 2.46689335625661e-12 2.14109840968035e-11 3.4607539056708e-12 9.0443985634181e-12 7.8670089557864e-06 4.20551644997325e-07 3.35775851567632e-13 2.69025024479674e-10 1.72562275579935e-10 2.35711450358167e-13 4.64709271064123e-11 6.81266049129547e-09 9.34677890640501e-12 8.88178419700125e-16 1.82076576038526e-15 5.55111512312578e-16 6.77236045021345e-16 5.77315972805081e-16 1.27675647831893e-15 1.08426279066265e-10 1.99840144432528e-16 1.77635683940025e-16 3.97593069578761e-13 2.26499985434003e-10 3.58186702520413e-11 5.49560397189452e-15 2.13757411771098e-10 3.92276182648033e-09 2.55351295663786e-16 2.19824158875781e-15 6.88338275267597e-16 2.33146835171283e-16 5.21804821573824e-16 4.9960036108132e-16
1.4812873150305e-11 1.56031854103844e-12 4.84956519386515e-12 2.9294011660852e-12 1.46400447320616e-11 4.35910196827649e-12 4.77401500498242e-07 1.40889522270982e-12 2.33917329950373e-12 2.33586483489034e-12 7.27248261611635e-12 3.83785225821498e-12 1.04182497075e-05 5.94374851003998e-07 7.6644451740826e-08 6.73289097397056e-07 2.19301686810169e-09 7.10612538812327e-09 9.27966481434339e-11 6.21724893790088e-16 5.4177773378683e-12 4.16100487399262e-13 2.664157783272e-12 1.17683640610267e-15 9.10382880192628e-16 8.43769498715119e-16 5.83288506383894e-10 2.77555756156289e-16 5.68056868210931e-10 5.83487724803433e-10 8.08435696164622e-10 8.88456530567794e-11 4.75710804082041e-11 3.33066907387547e-17 8.88178419700125e-17 1.20601306718981e-12 5.24025267623074e-15 4.44089209850063e-17 1.90498283814122e-11 1.92749372018852e-11 2.95169355624125e-10 3.28156168905025e-11 2.06935468760605e-11 2.48427056703804e-11
