Maxent_result_files_1/Bombus_distinguendus_2.asc
NCOLS 594 
NROWS 330 
XLLCORNER -15 
YLLCORNER 23 
CELLSIZE 0.166666666666667 
NODATA_value -9999 
[rows 252 to 272 of 330, columns 414 to 459 of 594]
2.39205065213355e-06 6.55132363647226e-07 5.34578205702019e-07 6.86203473776459e-07 9.61170511004639e-07 4.24123507514196e-07 3.19214222344044e-07 3.09646062390812e-07 8.55307689562324e-07 3.61606015530924e-06 3.10392185838282e-06 4.59601333204773e-06 8.00897848307613e-07 8.24449417180517e-08 6.59567008121087e-08 8.26359325856174e-08 6.32198672967377e-08 6.43710549752541e-08 7.68154238883767e-08 6.20050172983611e-08 2.46274294113391e-07 3.01531477816752e-05 0.000106268282979727 7.6455907219497e-06 1.47549714881734e-06 1.18393274703976e-06 8.01040067983649e-06 2.26781859851144e-05 2.14873148593142e-05 1.86866087403814e-05 5.52082501144469e-05 0.000138116655715181 0.00150458500720561 0.000838057206419762 0.000145967506978195 0.000144565255868656 6.03483275199324e-05 1.97306170974798e-05 1.07461224885697e-05 1.41300213440942e-06 7.22485728914535e-06 6.30480974237457e-06 3.1473970578233e-06 1.79904793151664e-07 6.20500119896672e-07 1.33725296018739e-06
7.27368512798421e-06 5.21922287077814e-07 4.00436172043328e-07 2.17667222202067e-07 5.67573307819202e-07 3.81472808186345e-07 8.78948247873268e-07 7.82163726853469e-07 5.49019114259863e-06 1.35927756446108e-06 6.24200544052655e-07 2.02849362906932e-07 6.69891220717034e-08 3.70050408982081e-08 7.674345390285e-08 7.39877517474952e-08 8.29146921788038e-08 8.85540991646394e-08 1.23014878283811e-07 1.71771613963756e-06 1.70764622453135e-05 3.02142978398479e-05 0.00019801382732112 0.000101605121017201 1.44816515840973e-05 1.08561267552432e-05 0.000104639738583501 0.000542345801659394 0.000387245372257894 9.63649421464652e-05 0.000246397874434479 0.000684967948473059 0.00141006194839974 0.00338050932623446 0.00137621328467503 0.00197497626941185 0.00166249267058447 0.000719674830907024 0.000104299135182373 0.000178473309551919 3.64567794918003e-05 6.9577588406311e-07 5.97555636261404e-07 3.67769347775493e-07 3.81371452675694e-06 2.49678211403648e-06
2.36841161722623e-06 5.50088090278678e-07 3.67563696812567e-07 3.66711769572703e-07 3.17392366611102e-07 1.42701652450228e-07 6.03712256008748e-07 9.26444300830553e-07 1.41832567734923e-07 4.22345409756275e-08 1.75512490763197e-08 1.48603983340934e-08 1.35020574165701e-08 1.63348781168082e-08 6.4348160666583e-08 8.47213348720288e-07 7.46607017276801e-07 1.50961682621187e-07 5.937590927374e-07 1.88973452850405e-06 3.80647029487591e-06 4.60677526916697e-06 1.4545467638527e-05 8.4323304326972e-05 0.000105523162346799 0.000278403586708009 0.000456360715907067 0.00160924737062871 0.00206826986977831 0.00182436809441242 0.000851305737179364 0.000497245433507487 0.000853014492895454 0.0104399546980858 0.00686589921824634 0.0022837444790639 0.000263939624710474 0.00010031889196398 0.000611209946509916 0.000487515924032778 0.000662463075423148 6.25344587433574e-05 3.23703117626195e-06 2.6800251298198e-07 5.09423081651583e-07 1.60758861600385e-06
2.86099260620176e-06 1.0640069405099e-06 2.56618207004067e-06 4.46923986601178e-06 6.47032361200672e-07 3.97473082891509e-08 1.46029712877471e-08 1.95110207990012e-08 1.99204219564209e-08 1.14683597951526e-08 1.16469207500636e-08 1.21905513794651e-08 9.22456093732649e-09 7.66423895459667e-09 1.0845384224023e-08 2.85063862737189e-08 3.36985264937084e-07 3.46522247696157e-07 1.01900581128689e-07 2.09106757154132e-07 3.66783493177536e-07 2.05157162014302e-07 5.59220623586043e-07 3.34477518890708e-06 7.41136714168533e-06 2.15997320992756e-05 0.000481540153850801 0.000657240868978914 0.000818027227100837 0.00110346585861407 0.00073715343605727 0.00165743261459284 0.000421853849547915 0.00405048234388232 0.00261737107066438 0.0178332712501287 0.0120130752678961 9.37010615871259e-05 1.58861761889284e-05 1.04944924025574e-05 3.89297805440947e-05 0.000209787701714959 1.50564005025444e-05 3.33832079035812e-07 4.2141229469328e-07 7.56868197537841e-07
8.39626286719408e-08 6.53069849754218e-08 1.87473450807829e-07 4.36077960852543e-08 1.98604621193255e-08 1.16558063756322e-08 9.51840232188417e-09 9.19039441216185e-09 9.44269846758772e-09 8.38870475305953e-09 7.38136080036256e-09 7.67356223008164e-09 7.80433785374512e-09 6.23939168109544e-09 5.35760649178485e-09 4.85905343738935e-09 1.69584289277935e-08 2.85961563317727e-08 3.95412347309332e-08 7.17151937834615e-08 1.06329851057296e-07 4.2706641600887e-08 1.22526827128766e-08 3.32300403194097e-08 2.45045293389978e-08 6.1756312152994e-08 4.46032019851828e-07 3.03885337871179e-07 8.69616150112051e-07 1.95706027739107e-06 1.11514608576613e-05 5.34705543714153e-05 1.82848730787555e-05 0.000210975871959818 0.000718197865353432 0.0025845781667158 0.00460259632673115 0.0138815681450069 8.07784409062151e-05 1.06719604975325e-05 2.09171485314741e-06 1.52374314899006e-06 1.46998220564853e-06 1.65598087864538e-06 3.39704924829931e-06 7.21399876424389e-07
3.82987792590939e-08 1.48470378213972e-08 1.43805672925268e-08 1.25173022391678e-08 1.10015809684505e-08 8.63319911115212e-09 9.80093604052712e-09 8.90049177693086e-09 6.9094288512872e-09 6.4386409426298e-09 6.74105097298039e-09 1.03668851503258e-08 9.56302539378839e-09 6.4230984642144e-09 7.53057977087579e-09 3.88445003940419e-09 6.20110468529944e-09 9.76164843402572e-09 1.17429872714681e-08 8.27890287435906e-09 1.2094287082931e-08 1.07393980042225e-08 1.26363268293517e-08 1.02460751882916e-08 1.12603899538044e-08 2.48291996740591e-08 3.77767706005727e-08 2.9007967361494e-08 7.69527652266788e-08 9.7790935349451e-08 2.7000894391449e-07 3.22929601281885e-07 6.10477765405904e-07 6.98921077599834e-06 0.00011886214651895 0.00186638204613701 0.00069189037749311 0.00034853830220527 2.66974729584035e-05 2.37967305665165e-06 1.99361259625164e-06 2.06739291963576e-07 1.54981803079934e-07 1.16110478298737e-06 4.5153467713277e-06 8.01591434740345e-07
1.1454128812094e-08 9.28301558955624e-09 1.1743868710834e-08 1.14718606503139e-08 8.33138383837806e-09 7.61034988361331e-09 6.30742851281951e-09 5.47443886889099e-09 5.56993956513097e-09 4.6318443081006e-09 4.05150013538247e-09 3.88090675151886e-09 4.83547903940007e-09 3.10871803854695e-09 3.34867581441856e-09 3.47103209508148e-09 4.38069309716127e-09 1.63680955900247e-08 2.07582333988654e-08 5.99505141529733e-08 4.96658425497287e-08 1.48216806827861e-08 1.29619992517149e-08 9.20940382842517e-09 1.54956023123987e-08 1.32189209800515e-08 2.00669425076683e-08 1.3565392942283e-08 1.93099694012488e-08 3.04380461280118e-08 5.90355154983513e-08 1.27281074568941e-07 1.32703900845854e-07 2.73750005419515e-07 5.30380796703867e-07 1.58093313075369e-05 0.00396404427010566 0.000420224502522615 6.5834034700174e-06 1.97523647020859e-06 9.96801926955726e-07 5.77668470047588e-07 1.407258223729e-07 8.89824204275413e-07 2.55453074906598e-06 1.78488050153192e-05
8.33872815242387e-09 7.52737197018405e-09 8.15592220426709e-09 8.11059348571064e-09 5.81958996548337e-09 5.07980024710974e-09 4.7587779827829e-09 4.6321167790353e-09 4.21972353725764e-09 3.73270401254899e-09 3.28176078534526e-09 2.95233976155274e-09 2.65235600149794e-09 2.38661747031799e-09 2.41397561939749e-09 2.69856503809507e-09 2.53212508738443e-09 4.92786708106152e-09 9.17930951249701e-09 4.59532339291968e-08 1.33445169803181e-08 5.78740236845121e-09 6.0641738630629e-09 7.02374274297313e-09 7.89020178082467e-09 1.03075327606561e-08 2.17220757825487e-08 1.30365563677515e-08 1.79533368172002e-08 2.13306673213509e-08 3.44952692632461e-08 7.9098463956484e-08 5.24242446786616e-08 8.11050570703742e-08 1.00871540631431e-07 1.79070453043551e-07 6.17944479264221e-07 0.000393051804712741 4.25603532903551e-05 1.45296951110652e-06 1.6537344083245e-06 1.53874607278226e-07 2.3801690467451e-07 3.53370933281472e-07 1.39421869298495e-06 3.73064308689663e-06
5.11665777525039e-09 4.59113795869825e-09 5.27091266189217e-09 5.20009143523126e-09 3.94194488162469e-09 3.58215569429277e-09 3.27370465180721e-09 3.63523309232505e-09 3.22377214923009e-09 2.85667836052994e-09 2.4842227608346e-09 2.17608923103185e-09 2.11916670878054e-09 1.96369071003843e-09 1.91515627800953e-09 1.81203798632623e-09 2.11192223709133e-09 3.18284376632505e-09 6.61184550443394e-09 1.94104312623011e-08 5.6900429368234e-09 4.22905483965508e-09 5.45647640404212e-09 1.24166258164138e-08 2.52555524493658e-08 5.17651262299523e-08 3.31966141686735e-08 1.56555941099867e-08 1.19012085963988e-08 1.34989097233529e-08 2.62695782904387e-08 2.10470028072507e-08 3.07883319727864e-08 3.09141753973563e-08 2.84890905977164e-08 6.26813972814944e-07 3.83015628102612e-07 2.01771334218392e-06 9.93864954125456e-05 6.75233888469684e-07 1.20554529661199e-06 2.00394316607344e-07 4.02254345743813e-07 2.61415007996035e-07 7.39750884903856e-07 1.8221319547429e-06
4.08640408178229e-09 3.76442662597398e-09 3.49549619249601e-09 3.78103923726059e-09 3.51850570901036e-09 3.19799752235284e-09 3.18952489974933e-09 2.82415338892505e-09 2.47158479238507e-09 2.21918441400959e-09 1.8920509270437e-09 1.58976126707344e-09 1.57308771564502e-09 1.69655273163372e-09 1.6299803839992e-09 1.67432789854871e-09 2.35041797136404e-09 3.61552435768076e-09 7.81436778618527e-09 3.83478717225216e-08 4.63913177872755e-09 4.49283454884153e-09 4.68352424620733e-09 1.66774562160299e-08 1.36476854777356e-06 2.19164265899963e-06 3.83178657159533e-07 5.31087562372079e-08 6.30857160288656e-08 2.60958483710994e-08 2.22745774269839e-08 1.93842624174323e-08 1.15165374570125e-08 4.2713350545398e-08 3.34174735883153e-08 2.32250490839192e-08 6.65955496081949e-08 1.77030605286177e-07 7.07761236640181e-07 2.03178601623222e-06 3.89896941355161e-07 1.08318924239015e-06 5.63047207435829e-07 3.55681041952494e-07 2.12977321467633e-07 2.14929677655462e-07
3.43013698556049e-09 4.41173465537403e-09 5.10404031262013e-09 4.0605913409486e-09 3.295863704178e-09 3.22979468725393e-09 3.42209895975998e-09 2.64713203579348e-09 1.95066862662685e-09 1.57993015337254e-09 1.2411245364774e-09 1.26784943654812e-09 1.3664946729719e-09 1.72510269402792e-09 2.71131236351252e-09 4.91921212653068e-09 2.57122690916489e-09 4.74666586036676e-09 9.10972945966648e-09 1.51068483500438e-08 3.70609526401111e-09 3.51070175153012e-09 4.98965208040048e-09 1.11118145795785e-08 9.598081547324e-08 4.06485607982177e-06 6.04783810558729e-05 3.05347772666664e-07 6.66716823971569e-08 1.1620306636928e-07 1.09889255028861e-07 2.63887968809939e-08 1.40251753766307e-08 4.36268392967065e-08 1.1902461896085e-07 7.19317900799155e-09 8.47917361879169e-09 9.58298891351461e-09 2.32923617282665e-08 6.63455836935611e-08 1.5567242357406e-07 3.03045514726819e-07 2.05443530987282e-07 1.67489885904981e-07 1.70883306094272e-07 1.56421301547027e-06
4.12354993484243e-09 5.75279405223839e-09 1.212033615694e-08 7.21932310598916e-09 4.85169028285881e-09 7.1164160342363e-09 1.35278567015007e-08 2.78746453696854e-09 1.11735488639297e-09 1.08766010642469e-09 1.0154741159063e-09 1.12959868125984e-09 1.22850045691791e-09 2.15323044949756e-09 6.11880583978319e-09 6.92561242132683e-08 1.59583576353484e-08 5.83025093980893e-08 2.06110644551671e-08 6.00974591202785e-09 3.6251747825844e-09 3.37228852620441e-09 5.88448767491201e-09 1.26259025012843e-08 3.18658019970997e-08 3.11723123047614e-07 2.51162391577964e-05 0.000707408710150048 1.75440231032553e-05 4.03602409733139e-06 1.40488099873437e-06 3.01479609277067e-07 6.99060752396008e-08 3.55592289835727e-08 3.37726164811869e-08 7.0781904115691e-09 8.94464282641394e-09 5.31497198474895e-09 8.08044823275011e-09 1.24845380256033e-08 1.89509579806568e-08 2.60872948132374e-08 7.07413921219313e-08 1.27684433159914e-07 1.98976614509405e-06 2.09129163351918e-05
7.02633242699591e-09 2.95549087425684e-08 1.73052738006163e-07 4.72445042021263e-07 1.12135250596168e-07 3.41677261594953e-08 1.01959348963732e-08 2.10959082425077e-09 1.13421458891594e-09 8.94349017066531e-10 7.70758312729214e-10 9.1674215996207e-10 1.18540416371715e-09 1.55898259857068e-09 6.27843156353336e-09 2.80030568067247e-08 1.54520122919166e-08 3.00833380606491e-07 1.09315733425319e-06 5.64551178250383e-08 1.15392350785726e-08 3.73746887882831e-09 6.33388027582171e-09 1.57822467539148e-08 3.82452913783027e-08 4.59164812838253e-08 1.34126334216944e-07 5.12214523041621e-05 0.000136094262416009 1.00866328921256e-05 1.97963557866387e-06 3.5506329936652e-06 5.21880596693336e-07 9.52927321051789e-08 8.56138571592169e-08 1.18633419532443e-08 2.35136687898319e-08 1.34360813142109e-08 8.15326447467513e-09 1.25801307038209e-08 3.39444500951913e-08 2.8421896569597e-08 7.6082967304103e-08 4.3714216957369e-07 8.83418397301661e-07 1.47075341159208e-06
3.53883853332349e-09 8.02624380291661e-09 2.98674943888244e-08 8.87810479355267e-08 7.14381940269959e-08 2.94030421343905e-08 7.6057207976099e-09 2.79006696635165e-09 1.08403739318419e-09 7.03447466943175e-10 7.31912153106862e-10 9.25589016542716e-10 1.35009302626443e-09 2.52843255221791e-09 5.40570604945501e-09 2.24658985858994e-09 2.20802940376075e-09 9.0393248219911e-09 5.77400354018209e-07 5.10904619659414e-06 6.31899867542529e-08 5.35075641572291e-09 8.01235249259236e-09 1.33730417850586e-08 3.07604347327128e-08 3.94524708013932e-08 4.16623385568471e-08 1.63897937710544e-07 1.20615357445786e-05 0.000110993141424842 4.4494416215457e-06 8.41066639623023e-06 7.43630626232061e-07 2.70971442972723e-07 2.05061475071489e-06 2.07013810040735e-06 3.01817514536395e-08 5.09462150688478e-08 1.19991283131782e-08 9.05457787636621e-09 2.06356177478995e-08 2.09458530520124e-08 7.45275379188115e-08 2.76683750399798e-07 1.6183524955693e-07 1.19728944270037e-07
3.01961163851061e-09 5.18761770207377e-09 5.79769078301595e-09 1.48164129853967e-08 2.92825713010814e-08 1.43560749066296e-08 3.9409583707517e-09 1.56229469361335e-09 1.03524590011617e-09 6.29356100567691e-10 7.00102043005302e-10 1.12393450102388e-09 2.00465711808207e-09 1.80933051652232e-08 2.58544884168543e-08 2.45080775673756e-09 7.6248009017732e-10 1.16177139020124e-09 7.79417137497518e-09 3.67489994459902e-05 2.22964138885118e-07 1.77411381585557e-08 2.1085659707154e-08 2.03728074410492e-08 2.66268096016375e-08 5.73786440583035e-08 3.85428148952371e-08 1.23950330177536e-07 1.13163927295545e-07 1.65774060860713e-06 3.50197435182054e-05 1.41122011882544e-05 5.04528100009338e-06 7.36180832063837e-06 6.86065021682225e-07 9.82049877507052e-07 4.02210062588892e-08 1.03193545708535e-08 6.24882221522682e-09 5.56865452638888e-09 1.01199104207694e-08 1.62125226577103e-08 3.19884264854409e-08 3.64989527490422e-08 4.20061829764506e-08 8.41072907320495e-08
4.49391686085932e-09 1.44711634009198e-08 5.4220516432224e-08 1.48462402549399e-07 2.08088955488961e-07 8.67503240797873e-08 2.02074763588911e-09 5.59169877067944e-10 4.58110449574889e-10 6.06064554098396e-10 8.94112928140345e-10 1.40916215363163e-09 4.01688807771805e-09 3.44175009381331e-08 6.27000090958063e-08 3.12307183447658e-09 1.03714051791215e-09 1.27230688207192e-09 7.42736074865746e-09 1.11725491933612e-06 1.27687335975679e-06 5.45351401370908e-08 2.15629488931057e-08 3.00622535753803e-08 3.75814364517169e-08 4.66843466107036e-08 3.27416349144016e-08 7.41965582307103e-08 1.74983089351599e-07 2.63397046040836e-07 1.596681505589e-06 2.37755415582797e-05 4.68992744117713e-05 0.000269057642435655 3.87148898880696e-05 0.000208084224141203 3.58758574293461e-05 5.10506351858453e-08 3.60559001544303e-09 4.56161791673182e-09 6.95518699300735e-09 1.13287980774146e-08 1.46860126726267e-08 1.97265189072482e-08 3.0012003637836e-08 3.21468228814403e-08
8.71208470920593e-09 4.09797932254818e-09 1.72408733956075e-09 8.45766712220808e-10 2.16334185010325e-09 1.44727176909498e-08 4.56027916539981e-09 8.11451894566773e-10 7.73064490200426e-10 1.06027771007433e-09 9.82770131940924e-10 1.38944115102291e-09 5.26124723787547e-09 6.34605649141307e-09 4.60230425991526e-09 2.98317091029787e-09 7.39939498561881e-10 4.09480427343567e-10 6.96080038053992e-10 3.93203837267819e-09 3.76062166651536e-07 5.73828284444744e-08 8.29500796939442e-09 1.26788596288563e-08 1.32310241873768e-08 1.89419873120045e-08 3.52430829408945e-08 1.03860100963971e-07 2.37550234771788e-07 3.56243113230903e-07 8.99981500879221e-07 9.94527099464904e-06 0.000127757888571833 0.00115743998903781 0.00049803601577878 0.00075912747415714 0.000212144298711792 1.7633005973039e-05 1.91877128852269e-08 4.640181960891e-09 1.09248112889482e-08 1.62165520123381e-08 1.75524695000817e-08 1.74571602062912e-08 2.7629200527457e-08 4.34889967593222e-08
1.00496825305996e-08 4.87531001125419e-09 9.49526035576298e-10 5.86976534044936e-10 1.25844527021357e-09 7.83602916998305e-09 1.04774876885649e-08 3.47594538707696e-09 4.09689732139285e-09 5.65614240999324e-09 1.32351674064779e-09 1.20918902668521e-09 2.07126312767869e-09 4.33593598803128e-09 1.74707944999852e-08 1.46018541258286e-08 1.47457299704001e-09 5.07986175346531e-10 3.61214758104467e-10 8.60850912776101e-10 2.85226928298243e-07 9.13250612910588e-08 3.17057912146979e-09 3.32715206496914e-09 3.69151739176843e-09 1.22263215995844e-08 1.94869110181628e-08 2.30938677958648e-07 3.66127417237294e-06 3.04133743611601e-06 1.94468415202209e-06 1.6917348602874e-05 0.000156743251136504 0.000305957338423468 3.27225840010215e-05 1.42763627991371e-05 7.03743135090917e-06 2.085427804559e-05 8.90302622735817e-08 8.36861991926341e-09 1.83339540882343e-08 1.28194945103743e-08 1.18812127247736e-08 1.61276869636851e-08 1.81465726223351e-08 4.60229025556203e-08
4.42484825446954e-09 1.35826399016992e-09 6.16301898404004e-10 4.08880407309908e-10 6.16642548134649e-10 2.84688369545094e-09 2.67600138714741e-09 1.19716929036784e-08 5.19340608740038e-08 2.41011908030941e-07 4.5764018574701e-09 1.15021001612092e-09 1.79070532846382e-09 9.22168047479133e-09 6.56551472744127e-08 7.13705977872792e-08 2.97028690532386e-09 8.62246285482371e-10 6.76848599390212e-10 4.92143015229374e-10 1.8304315285711e-09 4.1682495566242e-09 1.41292009203653e-09 1.66902049958395e-09 1.8006962920758e-09 2.52665864897139e-09 6.56513419183824e-09 3.08888961075837e-08 6.30822728453495e-07 2.05527289409702e-07 3.81308251462542e-07 3.80390588361479e-06 2.36069937500361e-06 0.00012345798604656 0.000946030457271263 1.11753323835728e-05 9.51887926703421e-07 4.77868807990944e-07 1.29800177361972e-07 2.0110772691595e-08 5.43454599100102e-09 3.49991532422322e-09 6.39558542792074e-09 1.06683750056291e-08 5.968820238067e-09 8.03172084395953e-09
2.21598985827853e-09 3.09358311190167e-09 1.69179023012944e-09 2.07285549835845e-09 5.13041376049017e-10 3.78564524172731e-10 7.14057601935991e-10 3.21419840743076e-09 6.75460933852179e-09 2.04532853320671e-08 3.94185349916754e-09 2.2693807943952e-09 3.21887521081976e-09 1.36209487910932e-08 1.70355848760906e-08 1.90134575195344e-08 6.17125415214303e-09 1.58426500806996e-09 1.00976529360253e-09 8.05312838636496e-10 5.34097921445209e-10 6.88849632890509e-10 7.67235319720783e-10 1.24768357867566e-09 1.25546295581813e-09 1.81529939968783e-09 3.13597768863971e-09 4.45822064820689e-09 2.70079635544818e-08 7.05042173976267e-08 5.04443517002073e-06 6.39880287053529e-05 2.52447154707625e-05 1.22269863823021e-05 0.000169814719993155 0.000361182010965422 1.09923837499082e-06 4.51982270988083e-07 5.68574384018916e-08 6.03211559591088e-09 4.83332563971928e-09 2.06954552384175e-09 3.17072467170831e-09 3.00494363836279e-09 1.46931745215184e-08 1.89527874727702e-08
1.50241638019466e-09 3.79085659529821e-09 1.39134401666574e-08 6.17854902884574e-07 1.25821509766588e-08 8.5737527077967e-10 3.92820305172847e-09 9.68917537313985e-09 8.553657238064e-09 1.0970695074608e-08 5.00892880506143e-09 1.47271589368003e-09 1.75522651968407e-09 9.64462317787351e-09 8.07292324100928e-09 1.33603138774419e-08 7.24069419977269e-09 2.00781401504813e-09 1.83471559056514e-09 1.11960152260338e-08 5.99345836294063e-09 9.2175201915623e-10 6.29449370403989e-10 1.28188457626521e-09 1.28275858823912e-09 1.80934970339663e-09 4.02552794431799e-09 4.08804412543873e-09 7.93058557713167e-09 2.38121789841728e-08 1.64444449168855e-07 4.25909777845845e-07 1.26268533676921e-05 3.14066282953718e-05 9.8813551630883e-06 1.86492987268139e-05 1.14294022637296e-06 7.60148222411772e-07 5.39314368097621e-07 8.98942021931859e-09 1.92454258085561e-09 1.02425192771705e-09 3.12875577668237e-09 2.47071219039441e-08 1.16885776613174e-08 1.16786104120692e-09
