Maxent_result_files_1/Bombus_sylvestris_2.asc
NCOLS 594 
NROWS 330 
XLLCORNER -15 
YLLCORNER 23 
CELLSIZE 0.166666666666667 
NODATA_value -9999 
[rows 200 to 219 of 330, columns 45 to 89 of 594]
-9999 -9999 -9999 -9999 -9999 -9999 -9999 -9999 -9999 -9999 -9999 -9999 -9999 -9999 -9999 -9999 -9999 -9999 -9999 -9999 -9999 -9999 -9999 -9999 -9999 -9999 -9999 -9999 -9999 -9999 -9999 -9999 -9999 -9999 -9999 -9999 -9999 -9999 0.270794546604156 0.231035642325878 0.308585430681705 0.279650971293449 0.221533745527267 0.129477063566446 0.124949672818184
-9999 -9999 -9999 -9999 -9999 -9999 -9999 -9999 -9999 -9999 -9999 -9999 -9999 -9999 -9999 -9999 -9999 -9999 -9999 -9999 -9999 -9999 -9999 -9999 -9999 -9999 -9999 -9999 -9999 -9999 -9999 -9999 -9999 -9999 -9999 -9999 -9999 0.609693083167076 0.216330659389496 0.0981187991797924 0.310111494362354 0.274808019399643 0.26219821870327 0.252745242416859 0.222618743777275
-9999 -9999 -9999 -9999 -9999 -9999 -9999 -9999 -9999 -9999 -9999 -9999 -9999 -9999 -9999 -9999 -9999 -9999 -9999 -9999 -9999 -9999 -9999 -9999 -9999 -9999 -9999 -9999 -9999 -9999 -9999 -9999 -9999 -9999 -9999 -9999 -9999 0.722577655315399 0.293914137780666 0.0956598781049252 0.189781220257282 0.201545038819313 0.172273100912571 0.317727248370647 0.267872057855129
-9999 -9999 -9999 -9999 -9999 -9999 -9999 -9999 -9999 -9999 -9999 -9999 -9999 -9999 -9999 -9999 -9999 -9999 -9999 -9999 -9999 -9999 -9999 -9999 -9999 -9999 -9999 -9999 -9999 -9999 -9999 -9999 -9999 -9999 -9999 -9999 -9999 0.20732356607914 0.245803777873516 0.0745323415845633 0.10056941062212 0.113415175676346 0.20481523424387 0.237799675762653 0.234352158010006
-9999 -9999 -9999 -9999 -9999 -9999 -9999 -9999 -9999 -9999 -9999 -9999 -9999 -9999 -9999 -9999 -9999 -9999 -9999 -9999 -9999 -9999 -9999 -9999 -9999 -9999 -9999 -9999 -9999 -9999 -9999 -9999 -9999 -9999 -9999 -9999 -9999 0.271569691598415 0.192886514216661 0.120362512767315 0.0916693337261677 0.0954195618629456 0.117535611242056 0.169485982507467 0.151010805368423
-9999 -9999 -9999 -9999 -9999 -9999 -9999 -9999 -9999 -9999 -9999 -9999 -9999 -9999 -9999 -9999 -9999 -9999 -9999 -9999 -9999 -9999 -9999 -9999 -9999 -9999 -9999 -9999 -9999 -9999 -9999 -9999 -9999 -9999 -9999 -9999 0.900154840946197 0.122756575793028 0.146000967919827 0.0607398241758347 0.108990767225623 0.134000764787197 0.14444260969758 0.141650571674108 0.140975845605135
0.146733659505844 0.328096249699593 -9999 -9999 -9999 -9999 -9999 -9999 -9999 0.881755131483078 0.809767591953278 -9999 -9999 -9999 -9999 -9999 -9999 -9999 -9999 -9999 -9999 -9999 -9999 -9999 -9999 -9999 -9999 -9999 -9999 -9999 -9999 -9999 -9999 -9999 -9999 -9999 0.36712159216404 0.149271085858345 0.107307781279087 0.111026043444872 0.129422599077225 0.142599181085825 0.156291983276606 0.156095681339502 0.146877138316631
0.273187424242496 0.138810150325298 0.172671862691641 0.242707297205925 0.21199201643467 0.259772019088268 0.376148414611816 0.316221377253532 0.234368618577719 0.352317163348198 0.262843195348978 0.316762290894985 0.330341511964798 0.333174438774586 0.391413857042789 0.655897283554077 0.455890795588493 -9999 -9999 -9999 0.746409243345261 0.411971908807755 0.130132812261581 0.209935265034437 0.835124981403351 -9999 -9999 0.79887347817421 0.736460220813751 -9999 -9999 -9999 -9999 -9999 -9999 0.771013283729553 0.168903892487288 0.118695543333888 0.115028830990195 0.117350060865283 0.10533808581531 0.161197997629642 0.118983121961355 0.180439954996109 0.143086610734463
0.259949344396591 0.255307322740555 0.313809002935886 0.27932231426239 0.437868550419807 0.436872765421867 0.426202011108398 0.456916502118111 0.515316382050514 0.588695061206818 0.377497625350952 0.48386889398098 0.473405015468597 0.440102553367615 0.528185132145882 0.860506939888001 0.739081871509552 0.481385332345963 0.407680183649063 0.232135832309723 0.180726045370102 0.288356649875641 0.422160276770592 0.622952657938004 0.3614851385355 0.301748558878899 0.284711290895939 0.372923823446035 0.1560312487185 0.262129573523998 0.158810777962208 0.233539894968271 0.406701605021954 0.275123532116413 0.192709818482399 0.186132014542818 0.296089069545269 0.183044440299273 0.157939037680626 0.138373333215713 0.184399424493313 0.193242831528187 0.401213517785072 0.15366952419281 0.218200355768204
0.237372601032257 0.280994406342506 0.243005274236202 0.267249575257301 0.434038180112839 0.51848866045475 0.612191021442413 0.611712110042572 0.75172860622406 0.458500111103058 0.761106133460999 0.65700923204422 0.667251843214035 0.616513961553574 0.632762318849564 0.703831219673157 0.691926163434982 0.536501413583755 0.569162005186081 0.52668642103672 0.522473484277725 0.608512660861015 0.741551321744919 0.542200949788094 0.478101605176926 0.322149845957756 0.367235776782036 0.237279258668423 0.357863113284111 0.288147810101509 0.353386250138283 0.257241387665272 0.322032269835472 0.226165479421616 0.166235847771168 0.143889443576336 0.224513031542301 0.287211945652962 0.42174586057663 0.387028887867928 0.389997157454491 0.460010555386543 0.57069286108017 0.337432807683945 0.402735900878906
0.129624474793673 0.259959429502487 0.219946976006031 0.483425906300545 0.611044844985008 0.561098316311836 0.608505636453629 0.796225845813751 0.65866185426712 0.78150001168251 0.799866282939911 0.771262419223785 0.848284757137299 0.799595928192139 0.85484271645546 0.711731511354446 0.857658439874649 0.742690670490265 0.554846480488777 0.621991950273514 0.734372109174728 0.470787712931633 0.652470457553864 0.472718968987465 0.511012870073319 0.596647745370865 0.528723347187042 0.553118780255318 0.588288080692291 0.523420408368111 0.323899486660957 0.234716914594173 0.166364127397537 0.296873804926872 0.209422709047794 0.316377224028111 0.406850442290306 0.403016903996468 0.371913766860962 0.490526100993156 0.823928278684616 0.74734650850296 0.867133033275604 0.956792509555817 0.866325026750565
0.110839163511991 0.354320633411407 0.386206591129303 0.342176279425621 0.581263819336891 0.547770404815674 0.626543611288071 0.644966584444046 0.688296401500702 0.657045948505402 0.52495878636837 0.688597571849823 0.533544215559959 0.674933391809464 0.629618954658508 0.641052216291428 0.491825252771378 0.650763040781021 0.392396304011345 0.576983284950256 0.467310926318169 0.574440762400627 0.548200753331184 0.784840697050095 0.590719532966614 0.502874088287353 0.554151254892349 0.419052049517632 0.330450907349586 0.425868320465088 0.279493872821331 0.314061057567596 0.308291724324226 0.352282357215881 0.302962830662727 0.43035963177681 0.30845819413662 0.383536478877068 0.68435925245285 0.707206052541733 0.781258535385132 0.916729211807251 0.949990791082382 0.832579439878464 0.969950890541077
0.0775974990800023 0.266203482449055 0.431883591413498 0.31340519785881 0.106928639858961 0.235838234424591 0.489200073480606 0.674476581811905 0.292873947322369 0.194278204441071 0.128252243995667 0.140040848404169 0.103461216390133 0.197190284729004 0.254868023097515 0.357158488035202 0.334295317530632 0.407375451922417 0.156776054948568 0.166458854079247 0.225376212596893 0.254961447417736 0.292703031003475 0.277746340632439 0.173634280264378 0.198963743448257 0.242244915664196 0.209169144928455 0.239626516401768 0.149178096652031 0.25526657551527 0.13402740880847 0.101535378023982 0.0645398136228323 0.0801647339016199 0.268078796565533 0.3344611287117 0.181844303011894 0.495456895232201 0.353460901975632 0.424614897370338 0.678174430131912 0.772384887933731 0.826816058158874 0.840830928087234
0.0972996070981026 0.0798037346452475 0.193338863551617 0.254219256341457 0.339158387482166 0.553412699699402 0.673498290777206 0.26476731300354 0.0674779452383518 0.0936365932226181 0.117895705252886 0.0583252739161253 0.0425729189068079 0.0535203244537115 0.0596121616661549 0.110764285176992 0.0749688021838665 0.0632898952811956 0.049922201409936 0.0517634496092796 0.0713809955865145 0.105725223571062 0.128847874701023 0.198036646842957 0.427056995034218 0.503041350841522 0.242987290024757 0.10530829206109 0.0726107958704233 0.0806667223572731 0.0347267842851579 0.0110644043656066 0.0107064445503056 0.0190989493392408 0.018284300621599 0.0249788601882756 0.0452762616798282 0.149816612154245 0.499776557087898 0.758103346824646 0.77344229221344 0.694749355316162 0.494865864515305 0.943648016452789 0.910112655162811
0.231341688334942 0.183785359561443 0.124942676723003 0.355933758616447 0.255588755011559 0.408863317966461 0.371215355396271 0.659025090932846 0.160214377939701 0.0720696520060301 0.110474127531052 0.0556268163025379 0.0592573396861553 0.0363739140331745 0.0226107169874012 0.0339217374101281 0.0276715705171227 0.0312545068562031 0.029081479460001 0.0343078270554543 0.0468448661267757 0.0480817794799805 0.0596782688051462 0.0841659851372242 0.579189550876617 0.781621688604355 0.775781542062759 0.727810883522034 0.500860342383385 0.446336963772774 0.589858016371727 0.318932594358921 0.0338696092367172 0.0176264689303935 0.00978069866541773 0.0102849061368033 0.0152932844590396 0.0243897245265543 0.0262908101081848 0.258994098007679 0.0641898410394788 0.0568273449316621 0.235832658410072 0.567657256126404 0.514645886421204
0.114708364754915 0.131667251139879 0.210994547605515 0.235988473892212 0.203834110498428 0.144771281629801 0.315456965565681 0.146657246351242 0.0653919212520123 0.0728649858385324 0.0491623029112816 0.0412599939852953 0.0300347361713648 0.0213491464965045 0.0183277370408177 0.0154063079040498 0.0151410567108542 0.0182794000022113 0.0219605571590364 0.0232829216867685 0.0268287656828761 0.0281825428828597 0.0309765305370092 0.118142047524452 0.160109980404377 0.40357238650322 0.789519655704498 0.781606882810593 0.835076296329498 0.798536974191666 0.630141168832779 0.525952845811844 0.347007286548615 0.0829209864139557 0.00675035643507726 0.00899897705530748 0.0113920723553747 0.00812487846706062 0.0105013156076893 0.0148352089338005 0.00813203032594174 0.00642433648463339 0.00741412277566269 0.00680441088043153 0.00774678196758032
0.00854643697384745 0.0305027300491929 0.0318348390050232 0.0903751410543919 0.0764623209834099 0.113940225541592 0.141332857310772 0.241725452244282 0.144879822432995 0.0990111470222473 0.0414915097877383 0.0339468237012625 0.0338540636003017 0.027411294542253 0.016919822152704 0.0151884044054896 0.0154968175571412 0.0149025932420045 0.0126208661589772 0.0183112495578825 0.0238069230690598 0.0278628751635551 0.0265164729207754 0.0441456576809287 0.130576980113983 0.218005357682705 0.466283884644508 0.910217499732971 0.723001784086227 0.633228242397308 0.212687799334526 0.312710899114609 0.179700451344252 0.0630726665258408 0.0306832881644368 0.00931391993071884 0.00312882609141525 0.00289915455214214 0.011740486533381 0.0370886883698404 0.00293552062066738 0.00976709935348481 0.00438346544397064 0.00423674074118026 0.00625503297196701
0.00644562295638025 0.00734595770481974 0.0124858347233385 0.0634822309017181 0.0149846852757037 0.0239711120724678 0.0641287848353386 0.0376428125426173 0.0905143983662128 0.0569713227450848 0.0364111730828881 0.0300999455153942 0.0229939656332135 0.0228531434200704 0.0208028084598482 0.0189613888971508 0.0252716891467571 0.0112100053112954 0.0149663659278303 0.0173310642130673 0.019501294568181 0.0103326703188941 0.017362097138539 0.0121413661167026 0.0180254855658859 0.0417413830757141 0.143297646194696 0.369355180859566 0.217684823274612 0.154542799293995 0.162939886748791 0.12073066085577 0.151397975534201 0.37899384200573 0.544914293289185 0.0283922697417438 0.00424808013194706 0.00320162299758522 0.00342368319252273 0.0127329458657186 0.00216615342797013 0.00483010690659285 0.0142675107344985 0.00517751512816176 0.0027179055265151
0.00744322871323675 0.00400792784639634 0.00458343091886491 0.0178238339722157 0.0118926066439599 0.015148345939815 0.0163946977816522 0.0243793811649084 0.0319117868319154 0.0181840043514967 0.0479843916371465 0.0383781244978309 0.0190734649077058 0.0169472629204392 0.0175134546123445 0.0110461201984435 0.0460903521161526 0.0110927402507514 0.00824695702176541 0.0104789675213397 0.00865073879249394 0.0137390370480716 0.0180599521845579 0.018707965221256 0.0149327071383595 0.013631924893707 0.0267206381075084 0.0801823660731316 0.0485923536121845 0.211731339991093 0.0715783812105656 0.0558480195701122 0.0777884840965271 0.205667407810688 0.164426160603762 0.0197921711485833 0.00638199046370573 0.00192941777204396 0.00202951999963261 0.0150270824553445 0.00395461190928472 0.00239976340526482 0.00190819388517411 0.00363596252864227 0.00259500574902631
0.00655898004770279 0.00428940318524837 0.00670144672039896 0.0189898694865406 0.00735180417541414 0.00947034561540932 0.0124189408263192 0.0105006116209552 0.0136416588909924 0.029353242367506 0.0369700886309147 0.0264207981526852 0.0295781437307596 0.0154837891925126 0.00891718727070838 0.0116740043275058 0.0126421790104359 0.0110917999176309 0.0100612867623568 0.0090753520373255 0.0123979210387915 0.0222481774166226 0.0914328530430794 0.0304425992071629 0.0255583442747593 0.0423266526311636 0.0492077890783548 0.0396313179284334 0.0333160988986492 0.0337012764066458 0.0400792464613915 0.0259005487896502 0.0285396941937506 0.0444645769894123 0.015504971658811 0.0229157397989184 0.0202250685077161 0.0068542645603884 0.00879185618832707 0.007614305394236 0.00407360646058805 0.00218072727438994 0.00113993895829481 0.0018933531246148 0.00197020438790787
