Maxent_result_files_1/Bombus_cryptarum_3.asc
NCOLS 594 
NROWS 330 
XLLCORNER -15 
YLLCORNER 23 
CELLSIZE 0.166666666666667 
NODATA_value -9999 
[rows 200 to 219 of 330, columns 322 to 367 of 594]
0.00413238407927565 0.00340352986822836 0.00676465021097101 0.00331916771247052 0.00253832004673313 0.00243401891784742 0.00452093512285501 0.00437379973591305 0.0224920633714646 0.00645895473426208 0.00755320740863681 0.00635227842722088 0.0518451407551765 0.00133421894861385 0.01084258640185 0.0168894371949136 0.00597903323359787 0.0111018263734877 0.0130377534776926 0.304334670305252 0.00106717771850526 0.000428711766330658 0.00109728744137101 0.00297395158559084 0.00879980865865946 0.00079905724269338 0.000614661892177537 0.00517609340604395 0.000408836803399026 0.000346022154553793 0.000299571215873584 0.002100383664947 0.00629468695260584 0.00267870115349069 0.00235286784591153 0.00324258110485971 0.00420254799537361 0.00219795816810802 0.0044445002451539 0.00731104663573205 0.00308339740149677 0.00515280934050679 0.00190663374960423 0.00256794628221542 0.0039624982047826 0.00123896707664244
0.00287914488581009 0.00402644789719489 0.00396393383998657 0.00357581755961291 0.00342181338637602 0.00599737046577502 0.00645152741344646 0.00393505841202568 0.00425397135550156 0.00683229794958606 0.00821232794551179 0.0106786504387856 0.0273988889530301 0.0129560398869216 0.0024513952434063 0.00296342803630978 0.0103247053455561 0.0561120294034481 0.0286365019157529 0.0421018708497286 0.00111173843033612 0.00138076824368909 0.0295406142249703 0.0159211849793792 0.00836438545957208 0.0128559179604054 0.000702352938242257 0.000544907277799211 0.000477384246187285 0.000400378758786246 0.000338333693798631 0.0243865244090557 0.000246929842978716 0.00267080535413697 0.00317280790768564 0.00302042977418751 0.00342510947957635 0.00380833542440087 0.00157319668214768 0.00316883253399283 0.00384523379616439 0.00240353862755001 0.00223241711501032 0.0026885858271271 0.00256790949497372 0.00434162269812077
-9999 0.00215527188411215 0.00449136395327514 0.00385892079357291 0.00552033201529412 0.0061946815912961 0.00692014215746894 0.00687962482770672 0.0114738104632124 0.0134584257262759 0.021170592866838 0.0181646835058928 0.00946400566026568 0.0163635945878923 0.0360934607684612 0.0574662059545517 0.0245152968913317 0.00890340968035161 0.0304343795403838 0.0174273957498372 0.229682378470898 0.0183004416525364 0.0110917075071484 0.0286702008917928 0.0218310931697488 0.0100151584018022 0.0733058001846075 0.00569859906099737 0.0275036619976163 0.00495148617774248 0.00740670594386756 0.000179563113827896 0.000293979927664623 0.000263518102292437 0.00291920566232875 0.00516213814262301 0.00206492482684553 0.00585454553365707 0.00217121930327266 0.00171266099205241 0.00399154420010746 0.00195792858721688 0.00179341916227713 0.00300486669875681 0.00287532052025199 0.00544406184926629
-9999 -9999 0.118065674230456 0.00354452189203585 0.00654597785178339 0.0189514146128204 0.0187258825986646 0.24683797955513 0.0325369067955762 0.0169828207755927 0.031770109036006 0.0176334569463506 0.0230245134793222 0.0227671336382628 0.0431314490735531 0.0584685698151588 0.0636487271636725 0.0431021636351943 0.0113140977919102 0.0410331752151251 0.0193736430257559 0.0220631872303784 0.0192013693042099 0.0382578248158097 0.0339097511023283 0.455900394916534 0.474361900985241 0.013587336614728 0.0451355908066034 0.00722918240353465 0.00276980183552951 0.00465744747780263 0.00340095837600529 0.000303818364045583 0.0048872415907681 0.00493127487134188 0.00221321244025603 0.00223218043101951 0.00434478260576725 0.00257155513390899 0.00459106499329209 0.00360581739805639 0.0028296388220042 0.00348696615546942 0.00325559503398836 0.00186019503744319
-9999 -9999 -9999 -9999 0.0095012295700144 0.00792565137671772 0.0166738969681319 0.0388357785530388 0.116848488152027 0.0315928761131204 0.716506832838058 0.213901800662279 0.0578323859721422 0.0549751544371247 0.0265768204815686 0.165999708324671 0.0972150072455406 0.0769039828330278 0.0416246809065342 0.057374507188797 0.113159305602312 0.0347265098243952 0.076923830807209 0.158621920645237 0.333066090941429 0.0330511767417192 0.0230062142014503 0.0260912243276834 0.0168366795405746 0.0345275357365608 0.000595120567595586 0.000488903938094154 0.000433958673966117 0.00339763595256954 0.000290594632679131 0.000241972306685057 0.000196198975027073 0.00215382793685421 0.00337125139776617 0.00316168728750199 0.00373428903985769 0.00443178797140717 0.00470407358370721 0.00376180806197226 0.00425821901299059 0.00400401474907994
-9999 -9999 -9999 -9999 -9999 0.0155327924992889 0.00359748229675461 0.022034622146748 0.0232293257722631 0.0743453793227673 0.337735378742218 0.600741595029831 0.719651013612747 0.712816482782364 0.138729195296764 0.0395168634597212 0.0228790894616395 0.0380864758044481 0.0417246144264936 0.0402181485667825 0.0866861335933208 0.289637643098831 0.181359827518463 0.203157649934292 0.175440177321434 0.0535143341869116 0.0356142744421959 0.0244006684049964 0.0145877100527287 0.0526965333148837 0.0060955565655604 0.00928626381792128 0.0321913244202733 0.0064523717854172 0.0094698584638536 0.0242016406729817 0.00685653374530375 0.00278804153203964 0.00519468048587441 0.00323790616821498 0.00264378439169377 0.00185426912503317 0.00538814943283796 0.00445168591104448 0.00429891911335289 0.00501104705035686
-9999 -9999 -9999 -9999 -9999 -9999 0.0551459390670061 0.00478324040741427 0.0128468409078778 0.0758972242474556 0.246349748969078 0.0504580711349035 0.667598378658295 0.564034712314606 0.742938953638077 0.74188791513443 0.34794837385416 0.697257876396179 0.377949976921082 0.150084546208382 0.119381416589022 0.450190842151642 0.545786246657372 0.437034943699837 0.409406036138535 0.305153162777424 0.058985673636198 0.0346155324950814 0.0266696188598871 0.0869211062788963 0.0269950591027737 0.0338930476456881 0.0406614793464541 0.0029438434750773 0.000551812033518218 0.00517734475433826 0.0035444384207949 0.00370341476518661 0.00178451320389286 0.00764129981398582 0.00213635039981455 0.00289058744674549 0.00286336890421808 0.00498308348469436 0.00295208420138806 0.00265492280013859
-9999 -9999 -9999 -9999 -9999 -9999 -9999 -9999 0.0465291183441877 0.0884864075109363 0.196073368191719 0.254097107052803 0.0694981221109629 0.137005742266774 0.497445076704025 0.0424310440357669 0.054546719308722 0.75137991309166 0.674301612377167 0.0832924681731583 0.731547003984451 0.771510469913483 0.1358488060534 0.284452493488789 0.609342348575592 0.638397395610809 0.442482209205627 0.125507483631372 0.0174732412677258 0.0718207869678736 0.0245807266794145 0.0161438055336475 0.034328131750226 0.0151321996934712 0.00703888658899814 0.0118657011073083 0.00769774485379457 0.000578855312778615 0.00341429545078427 0.00576069038361311 0.00462834131903946 0.017745712865144 0.0133882493712008 0.00183734610909596 0.0046646683011204 0.000902014377061278
-9999 -9999 -9999 -9999 -9999 -9999 -9999 -9999 -9999 -9999 0.0194716637255624 0.0542531905695796 0.0545610621571541 0.0391780232544988 0.1001240381971 0.162132359296083 0.00687572930795173 0.0174662596165039 0.0389698391780257 0.110878524929285 0.0376784232675277 0.10724732437684 0.0140944147715345 0.0383763332851231 0.121639205515385 0.352642327547073 0.712480616569519 0.498319843411446 0.113578458875418 0.0178759093862027 0.0218234608881176 0.0193133119493723 0.0126531573012471 0.0222606078721583 0.0397992035374045 0.0581129532307386 0.0961129665374756 0.0338042207062244 0.0130088891834021 0.0072405309882015 0.00814997465349734 0.0430753089487553 0.068962187319994 0.0150254851207137 0.00221681396942586 0.00238589831860736
-9999 -9999 -9999 -9999 -9999 -9999 -9999 -9999 -9999 -9999 -9999 -9999 -9999 0.0268788511864841 0.0161073643015698 0.0207972309784964 0.0632644171826541 0.102919821813703 0.139022020250559 0.262012778222561 0.650928169488907 0.0475581270961096 0.294100937247276 0.00235010771018187 0.0127526198513806 0.0115500509273261 0.00556703640403384 0.011927526434291 0.034564908810421 0.567191672325134 0.0588062169030309 0.00989571335958317 0.0111145485658199 0.0242734266445041 0.0104914657771587 0.0797135084867477 0.0726491220295429 0.00721978961955756 0.00233891340030823 0.00182343104388565 0.00648565231822431 0.0230521064251661 0.0148178785573691 0.00512079868931323 0.0023861467721872 0.00190993492724374
-9999 -9999 -9999 -9999 -9999 -9999 -9999 -9999 -9999 -9999 -9999 -9999 -9999 -9999 0.258966664969921 0.011390935909003 0.0297682194039226 0.0891218475997448 0.478055256605148 0.00534472957524502 0.335500076413155 0.537831890583038 0.0529943365469698 0.0697866862250346 0.0103929465477075 0.204972721636295 0.230538004636765 0.0165545456631666 0.0196924458257854 0.0410599144670869 0.648076540231705 0.461095470190048 0.113151432573795 0.0791668087244034 0.0300349625758827 0.0159061005804688 0.0276095528155565 0.0115891689900309 0.0182290830183774 0.0623411595821381 0.0151702092960477 0.0027277163695544 0.00285461502498947 0.00661055142991245 0.00603819235693663 0.00734576075337827
-9999 -9999 -9999 -9999 -9999 -9999 -9999 -9999 -9999 -9999 -9999 -9999 -9999 -9999 -9999 -9999 0.312702834606171 0.00664629270322621 0.0639076802879572 0.0570291517302394 0.0538504209369421 0.386642301082611 0.476953861117363 0.287056940793991 0.0302443629130721 0.0607739446684718 0.137523555010557 0.15683468580246 0.178137999027967 0.204847572743893 0.0173098778149097 0.0142624385934027 0.0286265903940148 0.0404192566871643 0.00989466519095004 0.366498455405235 0.0618396904319525 0.0472382491454482 0.0400477529776481 0.452012777328491 0.146725830435753 0.0280239786952734 0.0161603823304176 0.0245611671358347 0.0871475972235203 0.0633939750492573
-9999 -9999 -9999 -9999 -9999 -9999 -9999 -9999 -9999 -9999 -9999 -9999 -9999 -9999 -9999 -9999 -9999 0.0100006120046601 0.0180507019627839 0.0665809173136949 0.0622394379228354 0.0429992854595184 0.0397440686821938 0.0305509777739644 0.0179364794865251 0.013877061009407 0.0469854895025492 0.0157979835406877 0.0387809648178518 0.0663880776613951 0.0153995585964371 0.0309342914577213 0.0258849403307067 0.393727710843086 0.0210431192518627 0.362625858187675 0.0363467747345567 0.352802750468254 0.030140116860276 0.013844628771767 0.0336787559092045 0.0214180501177907 0.201094756275415 0.391042444109917 0.206526114046574 0.13510911539197
-9999 -9999 -9999 -9999 -9999 -9999 -9999 -9999 -9999 -9999 -9999 -9999 -9999 -9999 -9999 -9999 -9999 0.0661056235432625 0.0127308585681021 0.0323311943560839 0.0211748456582427 0.0317190675064921 0.0140719166956842 0.0141071510501206 0.00879515656270087 0.0262327209115028 0.102368003875017 0.0689316835254431 0.0313885888084769 0.0379018862731755 0.052378280647099 0.0858876217156649 0.15867884606123 0.108104519173503 0.146403008699417 0.282984282076359 0.182386723160744 0.0480469508096576 0.209830449521542 0.0320335641503334 0.558277022838592 0.515679010748863 0.0567265141755342 0.370108205080032 0.552161586284637 0.469944763183594
-9999 -9999 -9999 -9999 -9999 -9999 -9999 -9999 -9999 -9999 -9999 -9999 -9999 -9999 -9999 -9999 -9999 -9999 0.00135296791559085 0.0104815046302974 0.0129753898596391 0.0108517736196518 0.00968451879452914 0.0194097647909075 0.0107873920933343 0.0036801383481361 0.00207772253488656 0.0109967891592532 0.0356105675920844 0.0132205655798316 0.0262742007151246 0.0535370320081711 0.0481201075017452 0.0400437897071242 0.0619562406092882 0.0726580947637558 0.0505297869443893 0.0280500432476401 0.0213380984030664 0.0181977782398462 0.0774248175323009 0.243670220673084 0.334382793307304 0.287847575545311 0.0168434371877998 0.0113322413475032
-9999 -9999 -9999 -9999 -9999 -9999 -9999 -9999 -9999 -9999 -9999 -9999 -9999 -9999 -9999 -9999 -9999 -9999 0.0320579001680017 0.0414175901561975 0.0410312186926603 0.0156417940277606 0.020202474668622 0.0239470248110592 0.0101719295140356 0.0030342188780196 0.00421669062925503 0.00506601391825825 0.00808814057381824 0.0362425692379475 0.0133721538819373 0.0134138220921159 0.0201300734654069 0.0145308950915933 0.0328829027712345 0.033385188318789 0.019344852026552 0.0379576455801725 0.0127762209158391 0.0150247355457395 0.00677944519557059 0.0101928789168596 0.0346161145716906 0.0601115737110376 0.10066200569272 0.268144884705544
-9999 -9999 -9999 -9999 -9999 -9999 -9999 -9999 -9999 -9999 -9999 -9999 -9999 -9999 -9999 -9999 -9999 -9999 -9999 0.0591665644198656 0.0348734509199858 0.139049233496189 0.0654846336692572 0.50114726126194 0.484815701842308 0.0705312047153711 0.187154643237591 0.0224510938860476 0.0354043990373611 0.258264766633511 0.0719108723104 0.0605108581483364 0.151619972288609 0.0174861784093082 0.0196207190863788 0.016169200045988 0.0053129026433453 0.0167303558439016 0.0106557183898985 0.00768297875765711 0.00972288767807186 0.00473153099883348 0.00205990198883228 0.00323277285788208 0.00847338433377445 0.0274972705170512
-9999 -9999 -9999 -9999 -9999 -9999 -9999 -9999 -9999 -9999 -9999 -9999 -9999 -9999 -9999 -9999 -9999 -9999 0.149604409188032 0.0291614019311964 0.105201990902424 0.40647765994072 0.370087656378746 0.445945227146149 0.419196194410324 0.429765194654465 0.349321305751801 0.317845690250397 0.344791343808174 0.37256478369236 0.305240467190742 0.363201940059662 0.353876066207886 0.131897401064634 0.0580295290797949 0.00807552606565878 0.0632201369851828 0.0269841031171381 0.00439704428426921 0.0105311250314116 0.0093134424649179 0.00404407001333311 0.00488928805571049 0.00236059410963207 0.00405429209349677 0.00298065005335957
-9999 -9999 -9999 -9999 -9999 -9999 -9999 -9999 -9999 -9999 -9999 -9999 -9999 -9999 -9999 -9999 -9999 0.294536383450031 0.0602563973516226 0.0223097875714302 0.103734560310841 0.225742481648922 0.246733526885509 0.333946523070335 0.284500506520271 0.351250764727592 0.191971975564957 0.233933779597282 0.288931646943092 0.168327385187149 0.226791888475418 0.204665711522102 0.0839626580476761 0.059215797111392 0.023401041701436 0.00910007948987186 0.00290132267400622 0.0156152691692114 0.00700753268320113 0.00579195222817361 0.00584627473726869 0.00483171888627112 0.00263578174635768 0.00267258605454117 0.00261629106244072 0.00921490672044456
-9999 -9999 -9999 -9999 -9999 -9999 -9999 -9999 -9999 -9999 -9999 -9999 -9999 -9999 -9999 -9999 -9999 0.0200838157907128 0.0274647472426295 0.506504988670349 0.542951968312263 0.44442982673645 0.459047290682793 0.239782427251339 0.305692058801651 0.3218745470047 0.301501494646072 0.162876707315445 0.00311850742828312 0.184322035312653 0.212037706375122 0.197397275269032 0.0498394176363945 0.0173712552525103 0.00454450245015323 0.00292154378257692 0.00243325224146247 0.00165303439716808 0.00399318776326254 0.00278933928348124 0.00528938502538949 0.00952467899769545 0.00652171694673598 0.0066829786170274 0.00557702220976353 0.0112026342190802
