Maxent_result_files_1/Bombus_lapidarius_2.asc
NCOLS 594 
NROWS 330 
XLLCORNER -15 
YLLCORNER 23 
CELLSIZE 0.166666666666667 
NODATA_value -9999 
[rows 300 to 319 of 330, columns 322 to 367 of 594]
3.21932343494424e-06 3.72652875739732e-06 4.72798185100487e-06 5.07710637531744e-06 5.15940168206441e-06 4.63066876914553e-06 4.06630119691442e-06 3.42189948510097e-06 2.73510843493696e-06 2.082934933334e-06 1.78099280572219e-06 1.48298529270008e-06 1.21790599587612e-06 1.06520706939506e-06 1.03499871935142e-06 1.0045555637106e-06 8.9266319269754e-07 1.92868166202231e-06 2.52449464355209e-06 1.84730508525632e-06 2.66057575384338e-06 1.64096747781173e-06 1.04168871803978e-06 7.68022389241452e-07 7.96111287559853e-07 8.25771954726662e-07 7.13603191559997e-07 6.61615369157431e-07 6.25197078640838e-07 5.42231901246026e-07 5.16233883729456e-07 5.15066213324644e-07 4.74320496923752e-07 5.29694542095172e-07 5.23572694532959e-07 5.430413121843e-07 5.79978812176307e-07 5.43983637335543e-07 5.29449718555952e-07 5.27379345172108e-07 8.19461491019524e-07 1.31290534497452e-06 7.08227398149575e-07 7.82854877456884e-07 8.72449766120553e-07 7.74251422797079e-07
6.46982380816397e-06 4.01237320186709e-06 4.76719131459191e-06 5.43094533309585e-06 5.27185101075744e-06 4.85797892677553e-06 3.99485418327572e-06 3.45624960038649e-06 2.53321818384222e-06 1.87314230495339e-06 1.65079578819949e-06 1.25911813899648e-06 1.15736531056676e-06 1.11860475624503e-06 1.12207690454724e-06 1.0579450578696e-06 1.01986841691826e-06 2.04597034425547e-06 9.18857808684948e-07 1.87543638574539e-06 9.06228413555254e-07 8.75544730849498e-07 2.12347935040214e-06 1.80701213690071e-06 7.89922016597444e-07 7.97188145451599e-07 7.29452518921647e-07 6.64677509476519e-07 6.34726504955552e-07 5.44818277514736e-07 5.28195939608622e-07 4.77228226358761e-07 4.82893657505201e-07 5.16665564731511e-07 5.3324453332948e-07 5.28596787141566e-07 5.21529943320331e-07 5.06717182702232e-07 4.2523181100762e-07 5.36307592824414e-07 5.43959906451619e-07 7.10708480156086e-07 5.98509737059771e-07 6.91413452358347e-07 8.08691528675354e-07 6.91911470696027e-07
2.97460556861751e-06 3.98784366324456e-06 4.98831544799572e-06 5.4505976848418e-06 4.78486905954867e-06 4.12954785469211e-06 3.58484074958199e-06 3.57438095139884e-06 2.81665576693513e-06 1.47057322168465e-06 1.37424353980897e-06 1.17654514708576e-06 1.15320586635548e-06 1.17901852059177e-06 1.14719726536094e-06 1.17287628267349e-06 1.13974230373515e-06 2.20098121559431e-06 2.12471504212886e-06 1.0443728275078e-06 1.04252672894489e-06 1.02102540839866e-06 1.94012269751909e-06 2.65191890278516e-06 2.63246137492956e-06 7.6903823398311e-07 7.35250498618001e-07 6.69610556514044e-07 5.83778892160325e-07 5.23465546464763e-07 5.02342754238327e-07 4.82290699732602e-07 4.55078736916192e-07 4.94908732306953e-07 4.74846840425869e-07 4.39259310702766e-07 4.20497721798085e-07 4.30092435976803e-07 4.22089335749831e-07 3.930561106813e-07 5.34713964839284e-07 6.3371412615254e-07 6.91837446709087e-07 5.47011817175758e-07 5.55433996041188e-07 5.98221448910863e-07
4.06567075064146e-06 3.93859386531581e-06 5.00481598884051e-06 4.72784319489605e-06 4.03606557632941e-06 4.1409504076384e-06 2.69661618332861e-06 2.53089969124431e-06 3.63306718647038e-06 1.63261702077477e-06 1.41573826262231e-06 1.38039332950868e-06 1.50374339078496e-06 1.23343273807919e-06 1.16617654875029e-06 1.28255560909452e-06 1.76285073081317e-06 1.53398779190184e-06 1.75155697021978e-06 1.23870272137339e-06 1.17841887696812e-06 1.14990149118199e-06 2.23316679353047e-06 3.14356100830082e-06 3.26429549382112e-06 2.31008168327662e-06 1.53900376567151e-06 6.530215149958e-07 1.14623762375032e-06 1.03242398434844e-06 4.89330084985085e-07 4.52517220406179e-07 4.21596671795754e-07 5.48629807539669e-07 4.9576654159722e-07 3.78542686707561e-07 3.89703245851081e-07 4.41991272559505e-07 5.02310889949342e-07 4.34320572928471e-07 4.81408041252962e-07 5.05242402226713e-07 6.25986029945125e-07 5.3464037890194e-07 5.17770842733967e-07 4.88428160139165e-07
4.74111677144506e-06 5.03750035472095e-06 5.39929423455376e-06 4.35074128244395e-06 3.93488187215851e-06 3.80815817004887e-06 2.81630948020251e-06 2.43227997840378e-06 2.84897534506001e-06 1.86509719872774e-06 1.71150314853818e-06 2.07950223600761e-06 1.58412885067349e-06 1.38642043072679e-06 1.55350022748024e-06 1.68291191080527e-06 1.77798602756241e-06 1.51638612990723e-06 1.38030253857835e-06 1.32491739499585e-06 1.26920364955652e-06 9.22045990137121e-07 1.03602388836777e-06 2.50664786172194e-06 3.27472899002146e-06 2.88266197792098e-06 1.74638565759722e-06 7.47706225290301e-07 1.42682375994241e-06 9.91296784746964e-07 5.8111251615145e-07 4.19220325298397e-07 3.80051346304811e-07 3.6314645415203e-07 3.45126570167054e-07 3.42086100246775e-07 4.27407861103291e-07 4.50431936016571e-07 4.85473073474907e-07 5.06093084062798e-07 5.19166231072177e-07 4.87825237094341e-07 5.34324761147786e-07 4.83657258421033e-07 4.86316332448666e-07 4.88788550967456e-07
6.09570096186118e-06 5.64010899104517e-06 5.9000233906481e-06 5.74164357800555e-06 6.24078816890972e-06 5.35493591833358e-06 4.04460222940273e-06 3.5374529493204e-06 3.10695566758667e-06 1.93707550018019e-06 1.69116611443698e-06 1.63727319000273e-06 1.78400307175863e-06 2.29149732948741e-06 3.15849754173314e-06 2.62717429464487e-06 2.45423319107374e-06 1.71568223699126e-06 1.51895783417899e-06 1.41933808919248e-06 1.7591525946159e-06 9.73508318047322e-07 9.98997772505561e-07 1.00094770623116e-06 2.1275721810099e-06 8.17034291245022e-07 8.75978437875347e-07 1.30406842728803e-06 5.25859266709006e-07 9.45432483767661e-07 3.88790349781232e-07 3.69388945209437e-07 3.15057759436854e-07 3.14996715555793e-07 2.87590340786181e-07 3.1107456566204e-07 3.75992279089132e-07 4.38784747558429e-07 4.30138768692245e-07 4.54144143802182e-07 4.87991146158606e-07 4.79315263390845e-07 4.59829291798997e-07 4.63680346385331e-07 4.11487438434222e-07 4.65701964635912e-07
6.10542155659033e-06 6.13774360829211e-06 6.84223303917264e-06 5.83316505053944e-06 5.458976111683e-06 5.74783914739641e-06 5.07935756264288e-06 3.86264532181713e-06 2.76875722633463e-06 1.84618501899436e-06 1.88422251756748e-06 2.39413928326826e-06 2.43750069195414e-06 2.50811362043635e-06 2.31228660432237e-06 2.12593025263885e-06 2.29660291850564e-06 2.61963101806373e-06 1.59188579313962e-06 1.72358329351141e-06 1.8484278218267e-06 1.33398827237841e-06 1.13251964517502e-06 1.06329608673406e-06 9.57130026613129e-07 1.67106433117681e-06 1.48557893417944e-06 1.20173871636098e-06 4.58433453331963e-07 3.74372585731919e-07 7.14390270140086e-07 6.56258239040142e-07 3.88424505182172e-07 2.58030864230818e-07 2.54801249255365e-07 2.89033025513419e-07 3.44135841601201e-07 3.96109328804073e-07 4.02192690174274e-07 4.40368922127732e-07 4.44471154636972e-07 4.55282773259569e-07 4.25587728791754e-07 3.82989515301801e-07 3.38950103895286e-07 3.75871720681431e-07
7.48754168942156e-06 6.72195401012488e-06 5.96044387410899e-06 6.61001903665692e-06 6.94723386214235e-06 5.1911306320207e-06 4.0433774175952e-06 3.56444074531836e-06 3.21670020175802e-06 2.27841218105596e-06 2.98709546324716e-06 2.68169490986736e-06 2.49945343071545e-06 2.34457026966339e-06 2.0211086663835e-06 2.53828658784983e-06 2.93674135996014e-06 2.01124290732935e-06 1.3870106418068e-06 1.55370185481729e-06 1.71939745037264e-06 1.62842443707234e-06 1.30754532854382e-06 1.1068832359129e-06 9.05024941744159e-07 1.55249621265341e-06 7.18959870305014e-07 5.13831837700707e-07 5.41885581917256e-07 1.05268149539484e-06 3.23736872687164e-07 3.85150111803512e-07 5.55018652192984e-07 2.90290940618831e-07 2.32554331525137e-07 2.75859622167474e-07 3.08669595217026e-07 3.67146962076958e-07 3.94761847388736e-07 5.05306697462515e-07 3.98102437060288e-07 4.33503556251935e-07 4.05166711736626e-07 3.73221697724802e-07 3.34294035830851e-07 3.13381852112826e-07
7.73504988966778e-06 7.2967559237469e-06 6.3504174420359e-06 6.01843628231791e-06 6.70823274937504e-06 6.01314174453194e-06 5.4562102894451e-06 5.60262323983096e-06 4.90084321338458e-06 4.20311529580886e-06 2.08468977085374e-06 2.16656136782234e-06 2.20973006648251e-06 2.34248051373953e-06 2.05972158227041e-06 1.93778102079989e-06 1.48258105276966e-06 1.38415332013864e-06 1.31103825520285e-06 1.33662569172799e-06 1.50015477107246e-06 1.52825196906292e-06 1.34565509100071e-06 1.15186953681956e-06 9.02080575926334e-07 7.55610686020702e-07 6.39424310122649e-07 1.08185261229465e-06 7.31774827045228e-07 8.75543626577269e-07 7.63430168504442e-07 2.51468805245736e-07 2.22129100180268e-07 2.03880660087918e-07 2.1451292537833e-07 2.38557853027288e-07 2.8286608753092e-07 3.31460149549656e-07 3.6915992662756e-07 3.21631492106178e-07 5.35047823824186e-07 4.21627547630976e-07 3.71699729040387e-07 3.28916306813198e-07 3.24782611116348e-07 3.09682961230351e-07
9.27905083383251e-06 8.63419982213287e-06 6.25484140339694e-06 5.15139617238702e-06 5.76193641919076e-06 6.43292051645261e-06 9.96620494611022e-06 6.06892388255176e-06 6.26438509456761e-06 4.84291871227782e-06 3.24415769465958e-06 2.25928186292634e-06 1.94543787870316e-06 2.0780698379852e-06 2.07138631100889e-06 1.99864977243891e-06 1.92495716078156e-06 1.68438602603516e-06 1.21835079021082e-06 1.14905253258968e-06 1.31601963566652e-06 1.4022711662065e-06 1.73075868907802e-06 1.24341493084046e-06 9.80292724506171e-07 6.85801351885118e-07 5.29092111278828e-07 1.83722047957247e-06 1.56747447235261e-06 1.32092216489355e-06 5.78893823188764e-07 6.37096752598154e-07 1.95079538745091e-07 2.02442360830446e-07 1.87958259179055e-07 2.21309851600182e-07 2.56169620715951e-07 2.82454815625499e-07 3.32678023973187e-07 3.23837477278488e-07 2.85092740792692e-07 3.2073521598619e-07 3.54808731106715e-07 3.05845370363045e-07 3.24500461257315e-07 2.79995032270719e-07
4.86636269263485e-06 6.61073507348675e-06 8.35210114864538e-06 7.64314468675309e-06 2.32586891826259e-06 3.14854908154416e-06 5.76517731456505e-06 1.08004258628114e-05 4.02113409982974e-06 4.39111342505072e-06 2.19691339067296e-06 2.02716659680746e-06 1.92194008201696e-06 1.73558272260621e-06 1.79556576149764e-06 2.00905072471613e-06 1.64587099149571e-06 1.40217742901072e-06 1.14080882598344e-06 1.02118315581379e-06 1.1079216766241e-06 1.00781916110293e-06 1.01172679904948e-06 9.4417433604832e-07 7.58585687243851e-07 6.38657716489632e-07 4.82016113689809e-07 4.0599934463259e-07 1.00519619010697e-06 2.01165634692302e-06 7.98828894055248e-07 3.35241342153125e-07 4.98296121165254e-07 4.71332619689235e-07 1.8587647137025e-07 1.9591211093406e-07 6.97866284404824e-07 7.84606421433409e-07 2.53159767993338e-07 3.18449968972345e-07 2.94377456366846e-07 2.92759343700766e-07 3.01317800577294e-07 3.37691659613171e-07 3.97870547885759e-07 3.2370394484893e-07
1.47049774814612e-06 2.19142635087266e-06 2.29234299302661e-06 1.86339938537117e-06 1.33712394689844e-06 1.95595683702976e-06 2.29371463218442e-06 4.45311491894529e-06 3.56955605482767e-06 3.92684244392427e-06 3.04765654686179e-06 1.82761156208855e-06 2.19951578834809e-06 1.56142857914432e-06 1.54414174868833e-06 1.47703008019917e-06 1.33980100640585e-06 1.17274138196066e-06 1.51464889786013e-06 1.02595948900941e-06 9.46480559083085e-07 1.01139504318226e-06 9.36027164222253e-07 7.1220366928415e-07 5.4563576386002e-07 5.29737172527689e-07 3.93520984864892e-07 4.4299725381336e-07 6.22083876500312e-07 7.13229248283653e-07 2.91580944633552e-07 9.01053473967295e-07 6.67994234682112e-07 4.87542853466749e-07 1.80241427027994e-07 1.85040899669531e-07 4.22940367172941e-07 6.4429455726156e-07 2.766356526962e-07 2.83790038402287e-07 4.04060172431997e-07 3.12113175304773e-07 2.65917174502306e-07 2.87420724376375e-07 2.78334875059016e-07 2.75698640983535e-07
7.42914710460951e-07 9.15011602065086e-07 7.98312395222656e-07 1.21655358356065e-06 1.5930334551939e-06 2.09329595213248e-06 4.02912054990878e-06 6.10874589135335e-06 4.80503895872175e-06 5.07084353724707e-06 2.43059149314107e-06 1.93962733812114e-06 1.79394998545135e-06 1.62996415573602e-06 1.50855341161105e-06 1.29724482205162e-06 1.26326946512378e-06 1.33139692275464e-06 1.30046338027157e-06 1.07093362728961e-06 8.64987165538622e-07 1.01745620728622e-06 7.5536889587724e-07 5.86648942224599e-07 4.8316354974709e-07 4.8551595348556e-07 4.01095476920688e-07 3.16048186288498e-07 4.0991952943159e-07 3.16769510666504e-07 6.06826554871986e-07 2.10604147143911e-07 2.23914869490471e-07 5.75621178278141e-07 1.62262341962816e-07 2.04065372555462e-07 1.96532878460332e-07 1.97851315286712e-07 2.94926247246252e-07 3.29593324899236e-07 4.58447958262553e-07 2.94685659785188e-07 2.90667739211159e-07 3.23731339557654e-07 2.85003160893638e-07 3.21210777975978e-07
6.39749716968563e-07 5.22678357584017e-07 9.39150391787713e-07 1.15487541263448e-06 1.49372976427919e-06 1.85407473609622e-06 4.14548795646397e-06 1.80637622477775e-05 1.01789294475907e-05 5.81477770644767e-06 3.28778463440926e-06 2.36318929225376e-06 1.96825534315437e-06 2.78618744289361e-06 1.84186192289104e-06 2.08549599136632e-06 1.40851737748804e-06 1.45106241786763e-06 1.25250353155693e-06 9.66033787985765e-07 7.71096059981602e-07 7.14726146888722e-07 6.30672739365679e-07 5.27137896799701e-07 4.56007478177867e-07 4.19289772812803e-07 3.03797744338752e-07 2.85417816092703e-07 2.82455871403187e-07 2.58371261230295e-07 2.52573319325933e-07 4.85903167835033e-07 2.1541706196615e-07 2.10398555555713e-07 1.63008444786783e-07 1.72438540202435e-07 1.7525958431186e-07 1.90156932378116e-07 1.85774534067207e-07 4.11364134134118e-07 4.34270436500128e-07 3.45559325598543e-07 2.25734405256972e-07 2.20485490487476e-07 1.87650147465135e-07 1.93791885694239e-07
2.57118087809705e-07 6.55605474020327e-07 5.51574623774975e-07 1.49733994305734e-06 1.99663670241712e-06 1.83280590602131e-06 5.78065795853178e-06 5.85234251317956e-06 4.74449299083801e-06 2.75155563080887e-06 3.87186461914268e-06 3.47914734319943e-06 2.75092986843362e-06 2.37622247851732e-06 3.08887792890289e-06 2.45685646138583e-06 1.67328782110232e-06 1.40030684905312e-06 1.15875959849632e-06 9.8311075698021e-07 8.28539035602205e-07 7.46674167562134e-07 6.51824858222128e-07 6.39044991324056e-07 3.77383943694909e-07 4.3681066794754e-07 3.75913158023877e-07 3.33946048369782e-07 3.25425017289049e-07 2.87341509785932e-07 2.68996253627307e-07 2.56713588386859e-07 4.81887036585249e-07 3.86482421710355e-07 3.91121009712947e-07 1.74674476660641e-07 1.7725814771552e-07 1.834585026117e-07 1.71008317240151e-07 2.00125875293722e-07 2.82052846412029e-07 4.54458318621676e-07 2.58013664078405e-07 2.47184967339109e-07 1.65058859846745e-07 1.65776054839029e-07
1.87681475294355e-07 5.86513692191204e-07 5.11049936857688e-07 8.8628360441767e-07 9.92549886369431e-07 1.82595532658425e-06 4.71324216242408e-06 5.14925044985404e-06 4.08296768323879e-06 2.94085277658951e-06 2.79858987282111e-06 3.41037009530254e-06 4.41614730277706e-06 3.00295130646333e-06 2.26639941844908e-06 2.11013189659326e-06 1.59040811062994e-06 1.46653981607514e-06 1.21879299204153e-06 1.01799780773959e-06 9.425519430728e-07 8.71358863996363e-07 7.46009883556553e-07 6.84329123235017e-07 6.4643399664277e-07 4.88070700210841e-07 4.09792017386223e-07 3.97718405231728e-07 4.04286475008675e-07 4.5876331622452e-07 3.13015278008422e-07 2.79139423442487e-07 2.40162663089905e-07 6.25038849477733e-07 6.4020023016198e-07 2.41000163203609e-07 1.80515365233447e-07 1.84692429705535e-07 1.97783121569373e-07 2.31311296960968e-07 1.95656352630635e-07 2.22875713795645e-07 2.10049165927373e-07 1.68298745917284e-07 2.22586184639439e-07 1.60752011879595e-07
1.93749954591205e-07 4.55889652417607e-07 9.74697409494851e-07 1.28011882376544e-06 1.82275304090318e-06 1.67139787690118e-06 5.01610996490598e-06 4.47748941585502e-06 3.52456627190634e-06 4.46521203656403e-06 2.89666433843649e-06 2.27137147019718e-06 2.84384567130758e-06 3.09623043985852e-06 2.27293000438777e-06 1.85237952177175e-06 1.3624233935694e-06 1.28622834649761e-06 1.16538481238493e-06 1.00835988670056e-06 9.53671524062116e-07 8.27549917525872e-07 7.76392470047682e-07 6.3586241716429e-07 6.21275782819453e-07 5.07184009590489e-07 4.7096560358284e-07 4.59787626816421e-07 4.4936437770815e-07 3.8778732553979e-07 3.34902174614626e-07 2.84282631479726e-07 2.44706485030832e-07 6.03857516701112e-07 7.44985863931902e-07 3.16274682843343e-07 1.81602239135437e-07 1.77846598026221e-07 1.80147059913871e-07 2.76451501157737e-07 1.57838140646405e-07 1.55226655218499e-07 1.65887085046279e-07 3.16173124659258e-07 2.9013761722041e-07 1.65917501115942e-07
6.79158838723382e-07 3.64699902544174e-07 3.03024522896322e-07 8.34795836457403e-07 1.64659599781736e-06 2.97117608631936e-06 2.85144214986488e-06 4.08855384446127e-06 2.90138239522619e-06 2.55368275805523e-06 1.6565537074964e-06 1.57391494330916e-06 2.02088657177413e-06 2.74797566586216e-06 2.75408725869397e-06 1.98108772933026e-06 1.47551312981165e-06 1.32444601312898e-06 1.18324028512973e-06 1.03229018151296e-06 9.40284045203299e-07 8.47685838012424e-07 7.75509883466086e-07 5.78142706375573e-07 6.91505752214994e-07 5.88200813389506e-07 5.10863355263069e-07 4.81948889152761e-07 4.83051108446375e-07 3.81163631679726e-07 4.37238595996092e-07 2.71638054583079e-07 2.37809374326048e-07 2.66373841029122e-07 2.94910863241071e-07 2.44814639938085e-07 2.31789237981062e-07 1.86471663821131e-07 1.86584588490746e-07 2.4255482009572e-07 2.27337524316695e-07 1.43122283691177e-07 1.45724600741914e-07 2.07339105240401e-07 3.63972044903349e-07 2.45164261913899e-07
2.03004862839862e-06 3.86072324021214e-07 3.81551036832128e-07 5.5591795633525e-07 1.2592255350885e-06 3.45735036342276e-06 2.84447109892838e-06 1.70622866928483e-06 2.58086789859391e-06 2.13312028312096e-06 1.53251829604351e-06 1.5402351248639e-06 1.72541877812016e-06 2.45232100182236e-06 2.65231312637226e-06 2.47864102220774e-06 1.87978650059151e-06 1.62719639886788e-06 1.25147728651243e-06 1.08107626068943e-06 8.89114081736864e-07 8.0561103961152e-07 8.07994477991514e-07 7.62270251364328e-07 7.15215996027752e-07 7.92982960184929e-07 5.89243418680496e-07 7.09955880306978e-07 4.74433242025896e-07 4.04416399568674e-07 3.52111327961424e-07 2.94773438991314e-07 2.55102480561931e-07 2.42287248619633e-07 2.75402619376308e-07 2.63642819886556e-07 2.18971207011087e-07 1.83771022110868e-07 1.71215367972266e-07 1.66025127423808e-07 1.42122297441816e-07 1.4375183660098e-07 1.36295044461665e-07 1.39086677641842e-07 2.2932312226942e-07 1.86279690428393e-07
3.05285129647004e-06 1.52897937923946e-06 7.12513885103849e-07 5.83977188350904e-07 1.67256404948191e-06 2.34468975190971e-06 1.97664545136256e-06 1.58061640109786e-06 3.05138040417319e-06 1.31830690088819e-06 1.31365335014344e-06 1.27756574319626e-06 1.49044412069976e-06 1.74564545263323e-06 2.04705920126003e-06 2.70188344639877e-06 2.42414727527063e-06 1.93118786668833e-06 1.57867047754223e-06 1.11787312331302e-06 8.98791385761655e-07 8.10488313973679e-07 7.79383935345379e-07 7.11303305056532e-07 9.24050022987899e-07 1.30069175643399e-06 6.70641624633817e-07 6.10059081918024e-07 5.94527452157934e-07 5.12392213813939e-07 5.03156624453993e-07 3.00590671686862e-07 2.67473762871617e-07 2.59059879770263e-07 2.5658407003526e-07 2.59974290184317e-07 2.4134914902163e-07 2.21366434582926e-07 1.72731880088151e-07 1.49818320194228e-07 1.36472751122163e-07 1.3101081242084e-07 1.27592569887369e-07 1.25960788743829e-07 1.49374037028416e-07 1.93166769468789e-07
