Maxent_result_files_1/Bombus_lapidarius_2.asc
NCOLS 594 
NROWS 330 
XLLCORNER -15 
YLLCORNER 23 
CELLSIZE 0.166666666666667 
NODATA_value -9999 
[rows 100 to 119 of 330, columns 276 to 321 of 594]
0.0639846745878458 0.062206894159317 0.0557574342936277 0.177179831266403 0.133606714010239 0.14141076952219 0.303120192885399 0.299403795599937 0.315492764115334 0.174726611375809 0.157788418233395 0.159079159796238 0.122818420082331 0.0878461427986622 0.145012785494328 0.0699118323624134 0.152473202347755 0.187803819775581 0.122870443016291 0.0522837549448013 0.0241931822150946 0.0262931330129504 0.0812441550195217 0.0205554260872304 0.0189177587628365 0.0606320973485708 0.068169554322958 0.09195107370615 0.0243491420522332 0.0226736037060618 0.0205471640452743 0.0190390548668802 0.0402463996782899 0.0427236197516322 0.076119564473629 0.140722550451756 0.0618254989385605 0.090476755797863 0.0948697283864021 0.0349286390468478 0.0880981996655464 0.087574165314436 0.11366503611207 0.0330831771716475 0.0472543943673372 0.0516665652394295
0.0607409905642271 0.0583977974951267 0.0562810890376568 0.0527822859585285 0.0492480475455523 0.0464908812195063 0.0424006829038262 0.0386233096942306 0.084453234821558 0.267396967113018 0.227127361297607 0.162607485055923 0.344508048892021 0.153186153620481 0.147022557258606 0.124065595120192 0.109911468625069 0.0871516361832619 0.0327184423804283 0.0452778209000826 0.0486818093806505 0.0618889722973108 0.044683026894927 0.0470683693885803 0.0219023634679615 0.021338710654527 0.0413469210267067 0.0677929621189833 0.0636669371277094 0.0210276091471314 0.123248282819986 0.0504763159900904 0.0757374234497547 0.0503579862415791 0.0307723930105567 0.027773760817945 0.0619172547012568 0.0563796009868383 0.0480363342911005 0.0670484039932489 0.0515832651406527 0.0697694987058639 0.0254706729203463 0.035361311212182 0.0626387655735016 0.0488098941743374
0.0550803743302822 0.0547516230493784 0.054134513437748 0.0514330673962832 0.0483326427638531 0.0449721861630678 0.0425848158076405 0.0393319869413972 0.0368463458493352 0.110685189813375 0.174723847210407 0.107720880955458 0.109791339933872 0.404386419057846 0.196495299041271 0.0239693282172084 0.0969174884259701 0.0860624976456165 0.0740154676139355 0.0914623104035854 0.10300008431077 0.0406661879271269 0.0617213249206543 0.040190813690424 0.0392236541956663 0.0826050877571106 0.0565238375216722 0.0575936838984489 0.0664813071489334 0.0673691526055336 0.0954010702669621 0.05067427046597 0.0594521727412939 0.206930896639824 0.138721549510956 0.115344779193401 0.0561451036483049 0.0385127060115337 0.0380808755755424 0.0552921045571566 0.0793135032057762 0.0895052686333656 0.0306452129036188 0.0211446724832058 0.0381830526515841 0.0822171673178673
0.0511629678308964 0.0517026748508215 0.0508129741996527 0.0490943569689989 0.0470311664044857 0.0444709125906229 0.0410706205293536 0.0383002961054444 0.0360514834523201 0.0325858579948545 0.106925641745329 0.330774629116058 0.0488586094230413 0.0662466164678335 0.170059575140476 0.142057321965694 0.128713515400887 0.0339962745085359 0.0486477009952068 0.0298064855858684 0.0295255729928613 0.0439594767987728 0.0478640468791127 0.0268474956974387 0.038746440038085 0.0548228707164526 0.0664715442806482 0.0427187975496054 0.0393072813749313 0.102676119655371 0.0823528684675694 0.0366367995738983 0.0476958744227886 0.038900301232934 0.0360204171389341 0.0285300228744745 0.133583790808916 0.0350397944450378 0.0394334454089403 0.0532484244555235 0.0201744180172682 0.0436059821397066 0.0249438278377056 0.0109714539255947 0.0103837397880852 0.0280237749218941
0.0450731517747045 0.044526226632297 0.045461137779057 0.0443109972402453 0.0425936557352543 0.040856502391398 0.0388127317652106 0.0365657191723585 0.0355406153947115 0.115737784653902 0.118143433332443 0.0893087916076183 0.35565228164196 0.172604393959045 0.092007789388299 0.0911092631518841 0.0536315139383078 0.0484075300395489 0.0324096839874983 0.0364773437380791 0.0757683746516705 0.0180605884641409 0.0713797122240067 0.0300627406686544 0.0616008933633566 0.153879526257515 0.0740112666040659 0.102722973376513 0.0796953655779362 0.130295939743519 0.0548442989587784 0.0209413913078606 0.0487873919308186 0.0375333566218615 0.0554366424679756 0.0199843142181635 0.0133370807394385 0.0411586238071322 0.0182629995048046 0.0282153381034732 0.0318426061421633 0.0263638047501445 0.0545719392597675 0.0209845434874296 0.0230367554351687 0.0166352069936693
0.0414156449958682 0.040728278644383 0.0411677313968539 0.040830541588366 0.0382301496341825 0.0370722642168403 0.0346078649163246 0.0336622603237629 0.0326504105702043 0.125487393140793 0.0556472599506378 0.244648952782154 0.181190119683743 0.0552132617682219 0.0848620742559433 0.234042845666409 0.271814221143723 0.147841726243496 0.13584461659193 0.0338474990800023 0.0677100911736488 0.0385389115661383 0.0997502826154232 0.0979173183441162 0.109793461114168 0.149783666431904 0.169157734513283 0.147023488581181 0.114530825614929 0.0543997384607792 0.0453607976436615 0.0527967099100351 0.0228615822270513 0.0263138825073838 0.0311906227841973 0.0352508250623941 0.0259365061298013 0.0311830643564463 0.0523846484720707 0.0734342463314533 0.0650164805352688 0.042114219814539 0.0243852410465479 0.0245054557919502 0.0154923383146524 0.0445503436028957
0.099932499974966 0.0396638916805387 0.0381886063143611 0.116541665792465 0.0777259483933449 0.0829422347247601 0.0712898157536983 0.0266860883682966 0.0264628989621997 0.147831040620804 0.142420344054699 0.0360469637438655 0.0301393682137132 0.0261323109269142 0.0319354061037302 0.0342423489317298 0.0453518658876419 0.0552971497178078 0.0400861211121082 0.0318464234471321 0.0363418288528919 0.0939937569200993 0.168448133766651 0.0964435249567032 0.0657847918570042 0.0453275984153152 0.0288516512140632 0.04081427808851 0.0375423483550549 0.0186662309803069 0.0367277696728706 0.0321701401844621 0.0301125839352608 0.0227908948436379 0.0309371141716838 0.0494028989225626 0.0892886206507683 0.0361410785466433 0.0261480575427413 0.0213252458721399 0.0191239153034985 0.0559871733188629 0.0255043722689152 0.0270423889160156 0.0750279538333416 0.0196607539430261
0.0750640980899334 0.0318144619464874 0.0282155642285943 0.215072840452194 0.0576142575591803 0.0961367078125477 0.0928062450140715 0.108894357085228 0.168618781864643 0.203431399166584 0.0276161072775722 0.027727085351944 0.018638678919524 0.0239194360561669 0.0974175184965134 0.0558044400066137 0.0201747052371502 0.0322175540030003 0.0365618467330933 0.0446153275668621 0.0154447851702571 0.103405837714672 0.22188386619091 0.114581572264433 0.0566909655928612 0.017688693292439 0.0127987754531205 0.0159856270067394 0.0323931243270636 0.0990767039358616 0.0893842555582523 0.116411319375038 0.0405465153977275 0.0297581123188138 0.0328616885468364 0.112899358570576 0.0668881230056286 0.0590523209422827 0.0358778651803732 0.0253862254321575 0.0515152897685766 0.0600594930350781 0.0154561143368483 0.0342606889083982 0.026989271864295 0.0197618089616299
0.197758650779724 0.144890652596951 0.12618071064353 0.138840986788273 0.142400027811527 0.144229592382908 0.113743712007999 0.146359176933765 0.167492853105068 0.145129561424255 0.106269486993551 0.0284852823242545 0.0157772457227111 0.0526129767298698 0.0248692151159048 0.0227085604332387 0.0895325623452663 0.0881512254476547 0.128895635902882 0.116399083286524 0.063679351657629 0.0604986432939768 0.031312601454556 0.0872004754841328 0.0218359761871397 0.0244583869352937 0.0233969722874463 0.0175867444835603 0.0135275955311954 0.059284221380949 0.0618547957390547 0.0447932302951813 0.0117918706964701 0.0124984683468938 0.0225773626938462 0.0183266540057957 0.0782954961061478 0.0340740665793419 0.0260249877348542 0.060105699673295 0.0819836303591728 0.0497079841792583 0.0594731356948614 0.0649774331599474 0.0572949528694153 0.0598307706415653
0.167341379821301 0.092071869969368 0.128142223507166 0.225712957978249 0.185390517115593 0.102806869149208 0.109191220253706 0.128669755160809 0.107785590738058 0.0562213625758886 0.0246843677014112 0.0335304072126746 0.049085883051157 0.0529757685959339 0.149488669633865 0.159545840322971 0.0256025852635503 0.0352669738233089 0.0880885325372219 0.0946740806102753 0.0199577823281288 0.026462759077549 0.0197598738595843 0.0318342324346304 0.0148907105438411 0.0147736819460988 0.0306563140824437 0.0198842057958245 0.0277095016092062 0.0649608038365841 0.0644895974546671 0.0165100847370923 0.0152928091585636 0.0125886145979166 0.0134693461470306 0.0709622867405415 0.0282915087416768 0.029856738448143 0.0258015369996428 0.0240857427939773 0.0509726405143738 0.0224953875876963 0.0231313038617372 0.0611853148788214 0.056771969422698 0.0137015820480883
0.176822304725647 0.107964953035116 0.0264786757528782 0.0448612123727798 0.0550910502672195 0.108777122199535 0.128626991063356 0.0649271186441183 0.0996153689920902 0.0358078407123685 0.015534957498312 0.0488566715270281 0.0710188753902912 0.0998804539442062 0.190014776587486 0.21864615380764 0.059863843396306 0.128755716979504 0.134142979234457 0.122446198761463 0.0836703322827816 0.0305110968649387 0.0205717572942376 0.0384971870109439 0.026876531727612 0.013465987984091 0.0129428321495652 0.01502422131598 0.0594286881387234 0.026132127083838 0.0762054391205311 0.0394640199840069 0.0769926145672798 0.0308727951720357 0.0109015116933733 0.0303929813206196 0.0551007032394409 0.0546429686248302 0.0542679987847805 0.0678102750331163 0.0269395148381591 0.0222950900904834 0.0397019200026989 0.0381811633706093 0.0639964710921049 0.0293591732159257
0.108357378095388 0.10694245994091 0.103970690816641 0.0478945519775152 0.104747370630503 0.0987445391714573 0.0859816562384367 0.0259622501209378 0.0972834274172783 0.0626971788704395 0.0235189500264823 0.0252634592354298 0.0437315341085196 0.0538169082254171 0.0208701893687248 0.0205667193979025 0.10914743617177 0.101131272315979 0.04182457216084 0.0428547814488411 0.0224929658696055 0.0506587371230125 0.0781015649437904 0.0136427828110754 0.0335317391902208 0.0286208592355251 0.0113736214581877 0.0117813742719591 0.0281184086576104 0.0357923284173012 0.0238180250860751 0.0183974134735763 0.0273166393861175 0.0481312595307827 0.0297813216224313 0.0126307503320277 0.0301738929003477 0.0581339579075575 0.0531372755765915 0.0530855812132359 0.0525410648435354 0.0730022042989731 0.0698569916188717 0.0460697989910841 0.0531253427267075 0.0667991124093533
0.0303787624463439 0.106086130440235 0.099923624843359 0.100714927911758 0.0973898634314537 0.0948516011238098 0.104709566384554 0.0451788514852524 0.181832022964954 0.113830277323723 0.0293617403134704 0.0500433579087257 0.0301076851785183 0.0585433144122362 0.0364807698875666 0.0525385934859514 0.122132821381092 0.0764503240585327 0.0892053253948688 0.0615526046603918 0.03161930013448 0.0540567688643932 0.0653764463961124 0.128723255544901 0.13421717658639 0.0391471931710839 0.0247735423967242 0.0290455827489495 0.0132924324832857 0.0208827652968466 0.108990817517042 0.028210717998445 0.0160693003796041 0.0112301832996309 0.0226367111317813 0.0124884465709329 0.0235966333188117 0.03726258110255 0.0356929033994675 0.102353674918413 0.127977026998997 0.100951799750328 0.0683621626347303 0.0958216838538647 0.0755284674465656 0.0722500994801521
0.121272618323565 0.0601158726960421 0.0442943058907986 0.0996817320585251 0.0852137289941311 0.114548105746508 0.0508273435756564 0.0435468658804894 0.0246722688898444 0.0229808134026825 0.024321847781539 0.0277712687849998 0.0477268356829882 0.0469022165983915 0.0469101373106241 0.0956888414919376 0.0777577646076679 0.0693183220922947 0.0294902477413416 0.0205714743584394 0.0154031897895038 0.0306048348546028 0.0391079945489764 0.0312375754117966 0.0200698471628129 0.15078262835741 0.0463407814502716 0.0311988785862923 0.0159719449467957 0.0134004202671349 0.027987757883966 0.0228248824365437 0.0208803310990334 0.0105374085716903 0.0153744613751769 0.014522513281554 0.0147014357149601 0.0138530297204852 0.0674770038574934 0.0375010678544641 0.117426810413599 0.151303350925446 0.0887747921049595 0.0929722361266613 0.0626701410859823 0.0478754095733166
0.139795382320881 0.045041723549366 0.111917028576136 0.0933164246380329 0.0885408446192741 0.0321891898289323 0.0525182638317347 0.0972466967999935 0.0231626006774604 0.0186363453045487 0.0209621862508357 0.077807542681694 0.122534447908401 0.1742786064744 0.124589732289314 0.0461113169789314 0.0428146235644817 0.0695117108523846 0.0570292979478836 0.0221282212994993 0.0942126572132111 0.0932011239230633 0.0645418986678123 0.0517608191817999 0.0234562635421753 0.0622701816260815 0.0964141190052032 0.0706981398165226 0.0297389898449183 0.0272084878757596 0.0322205537930131 0.028697170689702 0.0394544649869204 0.0270039407536387 0.0197718426585197 0.046802818775177 0.0530841339379549 0.0277383336797357 0.0400817070156336 0.0262434307485819 0.0195053746923804 0.0505189098417759 0.112317558377981 0.0677971564233303 0.0537659253925085 0.0762074843049049
0.0457732357084751 0.109875942766666 0.125287329405546 0.115443494915962 0.0223098795861006 0.0289112621918321 0.029251360334456 0.083791272342205 0.0326158272102475 0.0688073553144932 0.0278430763632059 0.0438847959041595 0.0904033519327641 0.0909055262804031 0.0940546326339245 0.0901434168219566 0.0406703062355518 0.0378540132194757 0.11770094409585 0.0815269820392132 0.0825518496334553 0.0310029476881027 0.0404847973957658 0.0411743907257915 0.0834891393780708 0.0656482040882111 0.0659154832363129 0.0523767907172441 0.0153392821550369 0.0358347583562136 0.0343344062566757 0.0634770277887583 0.0603634726256132 0.0615820348262787 0.0638321772217751 0.0325951999053359 0.0355230130255222 0.0309572476893663 0.050533103197813 0.016952739097178 0.0349217910319567 0.0112940501887351 0.0295496556907892 0.0726766545325518 0.0707099378108978 0.0872140824794769
0.0838329397141933 0.222435978055 0.105743994563818 0.111716433614492 0.113227172940969 0.021538204792887 0.0266320934519172 0.0560274429619312 0.0751344628632069 0.0384562805294991 0.0852281503379345 0.0648565851151943 0.0461827304214239 0.0872813917696476 0.0789535775780678 0.120189535617828 0.0831763476133347 0.11587793007493 0.0563901830464602 0.0678116951137781 0.0717338941991329 0.0778950378298759 0.0560591384768486 0.103237774968147 0.0814236298203468 0.0913159362971783 0.0883153393864632 0.0624814920127392 0.0597777314484119 0.0638177942484617 0.0594489015638828 0.0592360652983189 0.0824036248028278 0.0584690261632204 0.0621527411043644 0.0571143340319395 0.0457951046526432 0.0718095526099205 0.0286184599623084 0.0262664813548327 0.02664227578789 0.019792028144002 0.0213344223797321 0.0115707183256745 0.0107835543341935 0.0807824030518532
0.165587352216244 0.112045523524284 0.0707415983080864 0.100254647433758 0.0960021339356899 0.0378106687217951 0.0368178479373455 0.0756549127399921 0.0329790899530053 0.0343374950811267 0.0388661798089743 0.0429773956537247 0.058084836602211 0.152396416664124 0.0927919141948223 0.0888700351119041 0.0865156464278698 0.140230251848698 0.086619883030653 0.0785511307418346 0.100784534215927 0.0959121577441692 0.0395979115739465 0.0604269467294216 0.0797172658145428 0.0914784297347069 0.0413912780582905 0.0788848631083965 0.0630843054503202 0.062702976539731 0.0623366955667734 0.0690447561442852 0.0645630106329918 0.0619999144226313 0.0585654050111771 0.0612259451299906 0.0674817636609077 0.070873948931694 0.0592628762125969 0.0784391932189465 0.0776089310646057 0.0212272298522294 0.0243533659726381 0.0372152687981725 0.0111610306892544 0.0107992549426854
0.129902696609497 0.0190324338153005 0.0182527127675712 0.0649298831820488 0.10377305150032 0.0362966373562813 0.0201297047547996 0.0349043369293213 0.0321937661617994 0.0663274891674519 0.0741195932030678 0.085418850928545 0.0426350455731154 0.205228151381016 0.120243833214045 0.094288108497858 0.0891527652740478 0.125432687997818 0.0689567245543003 0.0633493114262819 0.100533501058817 0.0871339842677116 0.0375519232824445 0.118571166694164 0.107314804196358 0.0984394058585167 0.0697812274098396 0.0434957727789879 0.0266130784526467 0.0632322072982788 0.0654278818517923 0.0636983804404736 0.0608876422047615 0.0662228100001812 0.0666498348116875 0.0668601423501968 0.0854418329894543 0.0629591327160597 0.0669894248247147 0.0648917365819216 0.0719713911414146 0.115139531344175 0.0809935614466667 0.0894876405596733 0.0506946384906769 0.0446821622550488
0.162856511771679 0.108589851111174 0.241429601609707 0.0585613276809454 0.0889592200517654 0.0730703800916672 0.0258645432069898 0.0321515189483762 0.0286143796518445 0.0654915384948254 0.080001737177372 0.0773871354758739 0.0412234768271446 0.122072566300631 0.0894520603120327 0.116452423483133 0.0855521313846111 0.105218552052975 0.0757758863270283 0.0865140423178673 0.0647097613662481 0.0745110996067524 0.0749952994287014 0.0850942894816399 0.103518837690353 0.101890955120325 0.0705722987651825 0.0746453657746315 0.0695665672421455 0.0721875950694084 0.0909211568534374 0.0984690025448799 0.0661767598241568 0.0647136729210615 0.0639782644808292 0.0513762969523668 0.0438523899763823 0.0474298864603043 0.0575096771121025 0.061504240706563 0.0640852600336075 0.0615394942462444 0.070842918753624 0.0884688623249531 0.0783387117087841 0.0702630806714296
