Maxent_result_files_1/Bombus_muscorum_2.asc
NCOLS 594 
NROWS 330 
XLLCORNER -15 
YLLCORNER 23 
CELLSIZE 0.166666666666667 
NODATA_value -9999 
[rows 210 to 230 of 330, columns 188 to 234 of 594]
-9999 -9999 -9999 -9999 -9999 -9999 -9999 0.279932552576065 0.244544164836407 0.0931785926222801 0.164730510115623 0.274693024158478 0.231096091866493 0.185190787911415 0.285610577464104 0.156027860194445 0.132023203372955 0.0688519086688757 0.0697160426527262 0.136692100763321 0.181881153583527 0.18339309617877 0.313156473636627 0.240290267765522 0.100721844285727 0.169594518840313 0.091777378320694 0.342844361066818 0.160804772377014 0.102542795240879 0.119614198803902 0.104595725238323 0.138343389332294 0.192917999625206 0.133376232534647 0.14553138166666 0.154216311126947 0.19439632743597 0.161491391807795 0.363374888896942 0.329302775859833 0.312920460104942 0.274694442749023 0.172876343131065 0.203092496097088 0.195694604516029 0.196182182431221
-9999 -9999 -9999 -9999 -9999 -9999 -9999 -9999 -9999 0.398494225740433 0.157672908902168 0.121214611828327 0.249169172346592 0.217417776584625 0.176353092491627 0.390886887907982 0.149548572301865 0.118162337690592 0.111264332383871 0.110220973938704 0.107020588964224 0.165702663362026 0.121707275509834 0.255797454714775 0.254313659667969 0.132426979392767 0.153646557033062 0.19863243252039 0.288574209809303 0.141231884807348 0.110833448916674 0.114006894826889 0.119099677354097 0.126181214302778 0.142331812530756 0.131787896156311 0.278371599316597 0.140809204429388 0.205198170244694 0.375370314717293 0.501753541827202 0.937582582235336 0.928363925218582 0.562517836689949 0.211751741170883 0.209949854016304 0.298786091804504
-9999 -9999 -9999 -9999 -9999 -9999 -9999 -9999 -9999 -9999 -9999 0.723079574108124 0.126950924098492 0.337873360514641 0.22531103938818 0.155999825894833 0.0932638395577669 0.0933528244495392 0.158221261203289 0.148645573854446 0.102298524975777 0.128378952294588 0.164272582530975 0.31700547337532 0.161375580728054 0.130627320706844 0.126776393502951 0.130947078019381 0.358050063252449 0.144369273632765 0.172755347192287 0.203703255951405 0.148528384417295 0.205142802000046 0.125184394419193 0.0993160158395767 0.158480437099934 0.131416462361813 0.189576488733292 0.757998198270798 0.922004026174545 0.550558125972748 0.551605266332626 0.386756020784378 0.296257647871971 0.157428799569607 0.200628042221069
-9999 -9999 -9999 -9999 -9999 -9999 -9999 -9999 -9999 -9999 -9999 -9999 -9999 0.523545908927918 0.335507170855999 0.131482570618391 0.0592024620622396 0.229514470696449 0.160262282937765 0.210945349931717 0.221549411118031 0.136705795675516 0.196983696520329 0.179074714332819 0.271706494688988 0.176453913748264 0.126263462007046 0.104191992431879 0.149877677857876 0.127989240735769 0.269099143147469 0.103875298798084 0.289945943653584 0.240854939818382 0.136155635863543 0.159897503256798 0.145155660063028 0.213279329240322 0.296210287511349 0.239003263413906 0.535602366924286 0.303053592145443 0.41304035782814 0.556365513801575 0.262380972504616 0.171599424630404 0.352445191144943
-9999 -9999 -9999 -9999 -9999 -9999 -9999 -9999 -9999 -9999 -9999 -9999 -9999 -9999 -9999 0.612737172842026 0.0334189180284739 0.0701399944722652 0.0352924022823572 0.14104515761137 0.100509434938431 0.197487159073353 0.190361467003822 0.254046802222729 0.139292079955339 0.147406749427319 0.22756262421608 0.120152492076159 0.129869950562716 0.131528227031231 0.107831715792418 0.141937474906445 0.228783568739891 0.255440732836723 0.197032836079597 0.328466629981995 0.150042432546616 0.18666777908802 0.409224957227707 0.461392933130264 0.632607036828995 0.323636454343796 0.301425263285637 0.439159888029098 0.506278535723686 0.358025258779526 0.317615830898285
-9999 -9999 -9999 -9999 -9999 -9999 -9999 -9999 -9999 -9999 -9999 -9999 -9999 -9999 -9999 -9999 -9999 0.0356585035100579 0.0250919281505048 0.0777252178639174 0.200476135313511 0.20198358297348 0.321065439283848 0.259453541040421 0.241351456940174 0.238134600222111 0.161414448171854 0.228922112286091 0.288262118399143 0.154376668483019 0.440649569034576 0.339020583033562 0.503133991360664 0.319888892769814 0.396370357275009 0.162115628272295 0.130433801561594 0.290318633615971 0.282527093589306 0.285161109268665 0.695682537555695 0.304643419384956 0.255718924105167 0.236049988865852 0.469647535681725 0.31608510017395 0.237873433530331
-9999 -9999 -9999 -9999 -9999 -9999 -9999 -9999 -9999 -9999 -9999 -9999 -9999 -9999 -9999 -9999 -9999 0.837473583221436 0.0394042553380132 0.0157329346984625 0.11346266195178 0.268887481093407 0.420757260918617 0.321743510663509 0.180594430863857 0.123462116718292 0.0575567129999399 0.368108624219894 0.348451140522957 0.280822885036469 0.327535453438759 0.235844695568085 0.252926804125309 0.306150485575199 0.329271811246872 0.290202249586582 0.329013049602509 0.39109246134758 0.370556849241257 0.45959475338459 0.468672093749046 0.378332063555717 0.539672029018402 0.544666364789009 0.29669389128685 0.273650795221329 0.314522933959961
-9999 -9999 -9999 -9999 -9999 -9999 -9999 -9999 -9999 -9999 -9999 -9999 -9999 -9999 -9999 -9999 -9999 -9999 -9999 -9999 0.0696778412908316 0.0942030213773251 0.320817771553993 0.497793528437614 0.500944784283638 0.0879429511725903 0.156532717496157 0.337686914205551 0.22129067927599 0.20616699308157 0.12308337315917 0.154386178404093 0.206229865550995 0.13180920034647 0.116305873543024 0.315408843755722 0.196353058516979 0.15591596737504 0.299326701462269 0.309527385234833 0.129953844845295 0.511582985520363 0.338899102807045 0.340949633717537 0.403259202837944 0.183451372385025 0.341430805623531
-9999 -9999 -9999 -9999 -9999 -9999 -9999 -9999 -9999 -9999 -9999 -9999 -9999 -9999 -9999 -9999 -9999 -9999 -9999 0.153938123583794 0.160741882026196 0.19299850910902 0.131023971736431 0.32812594473362 0.151747703552246 0.250223490595818 0.0669564932584763 0.196748851239681 0.116805761307478 0.126812491565943 0.155055850744247 0.311866091191769 0.204494811594486 0.159635356813669 0.125543571263552 0.244727718830109 0.221899026632309 0.133262646198273 0.167803131788969 0.188750341534615 0.198974910378456 0.354347164928913 0.371666660904884 0.226198373734951 0.608812075853348 0.456767266988754 0.508758959174156
-9999 -9999 -9999 -9999 -9999 -9999 -9999 -9999 -9999 -9999 -9999 -9999 -9999 -9999 -9999 -9999 -9999 -9999 -9999 0.0453243503347039 0.253144876658916 0.25149802416563 0.188742354512215 0.273902326822281 0.223869694769382 0.309020115435123 0.102906678617001 0.127262629568577 0.164591636508703 0.156190998107195 0.45468761920929 0.423827862739563 0.211247569322586 0.169107862561941 0.479331505298615 0.178628644347191 0.123053678125143 0.255426466464996 0.15779106169939 0.323512223362923 0.359247767925262 0.165126097202301 0.210128891468048 0.407083693146706 0.338624033331871 0.375670585036278 0.230114249885082
0.793635618686676 -9999 -9999 -9999 -9999 -9999 -9999 -9999 -9999 -9999 -9999 -9999 -9999 -9999 -9999 -9999 -9999 -9999 -9999 0.125122228264809 0.282921943068504 0.24427216053009 0.232139779627323 0.292189110815525 0.340200774371624 0.131956594437361 0.206037996709347 0.131992510706186 0.135037037730217 0.20408351868391 0.320896664261818 0.317254109680653 0.267468976974487 0.290790571272373 0.216392460465431 0.199930684268475 0.0684023033827543 0.342572437226772 0.286601613461971 0.15540035367012 0.21401803791523 0.157761253416538 0.453673186898231 0.283624158799648 0.262166774272919 0.349599343538284 0.385583701729774
0.397185549139977 0.604942944645882 0.983539777994156 0.999320721626282 -9999 -9999 -9999 -9999 -9999 -9999 -9999 -9999 -9999 -9999 -9999 -9999 -9999 -9999 -9999 0.0451801314949989 0.198632065951824 0.175506982207298 0.630684170126915 0.293609736859798 0.110110913962126 0.252877368032932 0.561933416128159 0.166193101555109 0.238770672678947 0.598200190067291 0.502292394638062 0.276313184201717 0.480222234129906 0.152087496966124 0.188703815639019 0.213794453442097 0.156982892006636 0.260103882849216 0.169793711602688 0.266053640842438 0.148966136574745 0.13029543608427 0.263481080532074 0.523585286736488 0.306343407928944 0.24243680536747 0.275449573993683
0.260452969372272 0.441078346967697 0.497360450029373 0.714022043347359 0.786421179771423 0.721823823451996 -9999 -9999 -9999 -9999 -9999 -9999 -9999 -9999 -9999 -9999 -9999 -9999 -9999 0.0640879347920418 0.0799363743513823 0.0920264601707459 0.192179019749165 0.420585340261459 0.247000098228455 0.525993123650551 0.186067090928555 0.312289643287659 0.244461128115654 0.162136373668909 0.245460593700409 0.225216002762318 0.256203469634056 0.273176427185535 0.284137690067291 0.337521997094154 0.135573898255825 0.151682232320309 0.121765990555286 0.246642296016216 0.266555686295033 0.183009831607342 0.0900515899062157 0.165715019404888 0.197894924879074 0.327787302434444 0.201840771734715
0.328093147277832 0.395060929656029 0.502372911572456 0.436891540884972 0.472118300199509 0.625873109698296 0.480571353435516 0.654685908555985 -9999 -9999 -9999 -9999 -9999 -9999 -9999 -9999 -9999 -9999 0.0110660740174353 0.0498672842979431 0.0357265373691916 0.169936373084784 0.33684009462595 0.316462585330009 0.335596984624863 0.514464268088341 0.307212871313095 0.346755582094192 0.319287660717964 0.168267495930195 0.111775583028793 0.147531629353762 0.490189346671104 0.194220748543739 0.222743847966194 0.18451524823904 0.192092774808407 0.209929582476616 0.26790758818388 0.598595201969147 0.223910765349865 0.294316917657852 0.341013789176941 0.14538361877203 0.421614927053452 -9999 0.558566319942474
0.235254238545895 0.299353210628033 0.601453295350075 0.241602513194084 0.740481567382812 0.930120688676834 0.681584894657135 0.399752429127693 0.344473211467266 0.313816775381565 -9999 -9999 -9999 -9999 -9999 -9999 -9999 -9999 0.0308964656665921 0.0358389362692833 0.0700736239552498 0.155601827055216 0.270834724605083 0.267784906923771 0.240541556477547 0.547965455055237 0.615328294038773 0.289616969227791 0.389868402481079 0.53243804872036 0.193610720336437 0.294502727687359 0.290176475048065 0.452617794275284 0.209386838972569 0.170180723071098 0.140466649085283 0.264398363232613 0.231927724182606 -9999 0.604785931110382 0.268480402231216 0.271349254250526 0.150403387844563 0.160357709228992 -9999 -9999
0.162265703827143 0.141937661170959 0.223826724290848 -9999 -9999 -9999 0.56714745759964 0.36063008159399 0.197530896216631 0.299138854444027 0.465331014990807 0.853489238023758 -9999 -9999 -9999 -9999 -9999 -9999 -9999 0.0405284943059087 0.0544117666780949 0.0439690558239818 0.0535520672798157 0.0648466907441616 0.21206836104393 0.405934658646584 0.52075976729393 0.405157563090324 0.224464978277683 0.337342098355293 0.302033656835556 0.173117028921843 0.421704038977623 0.381188848614693 0.399818158149719 0.0819269090890884 0.105381590873003 0.110397348552942 -9999 0.279976753890514 0.221559910476208 0.218796665966511 0.240585735440254 0.245875914394856 0.126698488742113 -9999 -9999
0.231067231297493 0.127047767490149 -9999 -9999 -9999 -9999 -9999 -9999 -9999 0.678049871325493 0.244183328747749 0.250179886817932 0.272534021735191 -9999 -9999 -9999 -9999 -9999 -9999 0.0917185053229332 0.0795892510563135 0.100666509568691 0.0326667821034789 0.0729698903858662 0.0707180574536324 0.266554668545723 0.32272205799818 0.368092402815819 0.260690794885159 0.163343796133995 0.155075933784246 0.316294965147972 0.624445378780365 0.211254143714905 0.355162486433983 0.132007406651974 0.371172878146172 0.333672115206718 -9999 -9999 -9999 -9999 -9999 0.304445672035217 -9999 -9999 -9999
0.123006411641836 0.3625015437603 -9999 -9999 -9999 -9999 -9999 -9999 -9999 -9999 0.438056525588036 0.19172080680728 0.0872930694371462 -9999 -9999 -9999 -9999 -9999 -9999 -9999 -9999 0.038788671605289 0.0157873574644327 0.0205333584919572 0.149756642431021 0.0575842037796974 0.149314010888338 0.460109695792198 0.591078448295593 0.32079062461853 0.244067938625813 0.35416621863842 0.415024900436401 0.682283145189285 0.379668205976486 0.555917912721634 0.53502391576767 -9999 -9999 -9999 -9999 -9999 0.27177392244339 -9999 -9999 0.145760526508093 -9999
0.125077903270721 0.997770953178406 -9999 -9999 -9999 -9999 -9999 -9999 -9999 -9999 0.66456843316555 0.111041902750731 -9999 -9999 -9999 -9999 -9999 -9999 -9999 -9999 -9999 -9999 0.00310763432644308 0.0161389807239175 0.013167679682374 0.0214896164834499 0.215071660280228 0.393938425183296 0.423735183477402 0.307541960477829 0.125109902769327 0.370227736234665 0.303822042047977 0.286510846018791 0.313554525375366 0.46342875957489 0.626694050431251 0.103687631338835 -9999 -9999 -9999 -9999 -9999 -9999 -9999 -9999 -9999
0.0278430046513677 -9999 -9999 -9999 -9999 -9999 -9999 -9999 -9999 -9999 -9999 -9999 -9999 -9999 -9999 -9999 -9999 -9999 -9999 -9999 0.010002398956567 -9999 0.00516084893606603 0.0160053071565926 0.0196773503907025 0.0106317193247378 0.0664530944079161 0.260156908631325 0.295525270700455 0.358046337962151 0.141489987075329 0.229803159832954 0.359011796116829 0.206707789003849 0.250989861786366 0.269323100149632 0.306057897210121 0.445063015818596 0.161641520261765 -9999 -9999 -9999 -9999 -9999 -9999 -9999 -9999
0.0501613073050976 0.0733032796531916 0.543255245685577 -9999 -9999 -9999 -9999 -9999 -9999 -9999 -9999 -9999 -9999 -9999 -9999 -9999 -9999 -9999 -9999 -9999 -9999 -9999 -9999 0.0382293000817299 0.013985320366919 0.0158397309482098 0.0550467107445002 0.101040677726269 0.232667009532452 0.379957234859467 0.487747088074684 0.175104573369026 0.0967008493840694 0.103119752556086 0.115856692939997 0.189486607909203 0.374980735778809 0.0840466309338808 0.112991040199995 0.123027414828539 -9999 -9999 -9999 -9999 -9999 -9999 -9999
