Maxent_result_files_1/Bombus_pratorum_3.asc
NCOLS 594 
NROWS 330 
XLLCORNER -15 
YLLCORNER 23 
CELLSIZE 0.166666666666667 
NODATA_value -9999 
[rows 180 to 199 of 330, columns 322 to 367 of 594]
0.00190039853332564 0.000646292438614182 0.000894553295802325 0.000889786466723308 0.000926672539208084 0.000650104641681537 0.000576664169784635 0.000179434875462903 0.000270277821982745 0.002704639127478 0.000673406085115857 0.00303135977592319 0.00233972730347887 0.000398959574522451 0.000197684430895606 0.000260682485532016 0.000192304684605915 0.000211649492848665 0.000237058797210921 0.000278538635757286 0.000414577662013471 0.000856267282506451 4.52966083841488e-07 4.84171953871737e-06 5.32531315116103e-06 7.43949878057037e-07 2.36162591590983e-05 1.02762688811708e-05 7.24882806935057e-07 1.97590092696487e-06 1.13452840793116e-06 4.09734811412932e-07 4.09892591868299e-08 2.30461009387284e-08 9.97003729574786e-09 5.08342604677026e-09 2.89536254971523e-09 1.97377797439557e-09 1.74420137222242e-09 1.22689823189859e-08 5.61647428565237e-09 5.21420751020685e-10 3.85449039352892e-10 5.55159940240912e-10 3.53184148593755e-13 8.6935791898668e-12
0.000759210292017087 0.000757068471284583 0.000806623557582498 0.00044940376537852 0.000719715710147284 0.000702737778192386 0.000700397280161269 0.000254820506233955 0.000460668466985226 5.3856916608197e-06 0.000429905881173909 0.000556558815878816 0.000493216968607157 0.00464640916325152 0.000836476482800208 0.000259221432497725 0.000195470271864906 0.000174979479197646 0.000150824434240349 0.000182915144250728 0.000951309746596962 0.000821322514093481 2.30220198460529e-06 2.92086549052328e-05 0.00013813226360071 5.76433699279733e-05 6.76826232837158e-08 1.45980359747e-06 1.83942750950905e-06 4.1960171266453e-07 4.28366194427099e-07 7.75346746806349e-07 4.07331686824719e-08 1.54417872266777e-08 7.82361980755653e-09 4.76553744244157e-09 2.38989930068101e-09 3.24708244736627e-09 1.05035581343671e-09 1.56341870560794e-08 2.14664449549318e-09 2.93058888267694e-10 3.5585162594387e-10 3.00596603164394e-10 2.3901812751248e-10 6.63892267827038e-09
0.000694321934133768 0.00130961241666228 0.000765280396444723 0.000699530853307806 0.00070118318835739 0.000678231750498526 0.000652841417468153 0.000668497520382516 0.00144006821792573 0.000966237252578139 0.000615016603842378 0.00145241034915671 9.87333456578199e-05 0.00109802088118158 0.000258400736493058 0.000102430176411872 7.20010923771497e-08 0.000207037467043847 0.000112352567521157 0.000170789680123562 6.27968632215925e-05 0.188675993680954 0.000201282555644866 0.000106512062848196 5.86476089665666e-05 5.23528780831839e-05 8.97034584340872e-05 9.654599374187e-07 5.91829288154599e-07 3.42832475652699e-07 6.19513936328531e-07 2.25489398930634e-08 1.36118554761033e-08 1.52462095281969e-08 6.90764236921382e-09 3.51628148820282e-09 1.75619804254623e-09 1.24140009383211e-09 9.7562038448018e-10 7.16848724824359e-10 5.45240586014017e-10 4.07351341547013e-10 3.67140140511424e-10 3.27600591099042e-10 2.46917353230458e-10 1.90268589772558e-10
0.000750883496948518 0.000684694628580473 0.000721332058310509 0.000729003106243908 0.000763695739442483 0.000734537400421686 0.000859354576095939 0.000770017891773023 9.91203542071162e-05 0.000164490706811193 0.00113448492484167 0.0006197786598932 0.000131739531934727 0.000548857779358514 0.000480331588187255 1.33292217469716e-05 0.000366305823263247 0.000275956536643207 0.000195410412561614 2.46092758061422e-05 0.000528461113572121 0.000270646925491747 0.000186742427467834 0.000296044992865063 0.000226960224972572 3.35871557581413e-05 2.20386980345211e-05 3.55555088162873e-06 5.3085962122168e-06 1.39716723666083e-06 4.38931169632895e-08 6.31072954249134e-07 7.72292314987766e-08 1.85677239361581e-08 1.0676512285368e-08 3.00455972324087e-09 1.46905364539762e-09 1.01727024581777e-09 8.28163071453503e-10 6.64012311801798e-10 4.71053274164746e-10 3.90544996342612e-10 3.54437668104168e-10 3.06308611808248e-10 2.39342190511138e-10 2.06435335492472e-10
0.00341105998959392 0.00268589846673422 -9999 0.008639009995386 0.00187691332539544 4.18985724536469e-05 1.94418405564889e-05 0.00207582270959392 0.00137248582905158 1.10570050715353e-07 0.00259212094824761 0.00229046520544216 0.00342891032341868 0.000614885721006431 0.00210484579438344 0.000443693163106218 0.000443718355381861 0.000323824428778607 0.000109748495742679 0.000133718685538042 8.2354442201904e-05 0.000114954418677371 3.81142181140603e-05 9.10302773263538e-05 5.98929378611501e-05 2.65675275386457e-05 3.6193351388647e-05 1.35900466602834e-05 2.71988821509694e-06 1.59688790546397e-06 6.95097990721649e-08 3.42879558079545e-08 2.34044804869882e-08 1.67096898984198e-08 1.010093870768e-08 2.74771332353652e-09 1.53604869934654e-09 9.23270671027154e-10 7.38588590287748e-10 6.71004907193407e-10 1.74765901750362e-10 4.18338363949999e-10 3.42480221959818e-10 2.83703027736948e-10 2.40828834652262e-10 1.98820293562108e-11
-9999 -9999 -9999 -9999 0.0004846715106396 0.00279075691942126 0.00031573836095049 0.000778194886515848 0.000922225922113284 0.000933532213093713 0.000843254948267713 0.000780784868402407 0.00314267436042428 0.00258369434159249 0.00577285268809646 0.00379141413141042 0.00113118268782273 0.000424792466219515 0.000302828771236818 0.000452757751918398 8.62789500388317e-05 5.19493623869494e-05 8.51232318382245e-05 5.28868804394733e-05 0.000156676362530561 0.000135412957024528 1.99160253487207e-05 4.24045025511077e-06 7.54629184029909e-06 1.68303218828214e-06 4.34220530642904e-08 3.77112422844661e-08 2.84572853503917e-08 1.66477436946977e-08 6.01447689430046e-09 3.79315323595364e-10 1.56308062049249e-09 2.57700027983532e-10 3.93456153213734e-09 2.30120411615076e-10 2.50348453079141e-09 3.17473825006687e-11 3.41638251022403e-10 2.70473787811198e-10 2.5745585441328e-09 2.21703311265031e-10
-9999 0.00225471741287038 0.00114575893967412 0.000829416123451665 0.000796586158685386 0.000753995086415671 0.00084336522850208 0.000892204791307449 0.000915795285254717 0.000827811210183427 0.000917497475165874 0.000870749511523172 0.00104357047821395 0.000747408860479481 0.00148564733681269 0.001821707515046 0.00400286889635026 0.000872035871725529 0.000367711044964381 0.000244641279277857 0.000109318595059449 6.91322282364126e-05 5.82034554099664e-05 0.000283621130802203 0.000136304098123219 0.00010314346254745 3.57729200004542e-05 2.52940350037534e-05 1.86546837284141e-06 1.62173438411628e-07 4.73596737826654e-08 4.15377751750157e-08 3.61688756056466e-08 1.92671789966958e-08 6.75133048355647e-09 3.00685825127545e-09 1.56888615432393e-09 1.46262790767793e-10 3.17767312463246e-10 3.28919924630355e-10 4.45842796015228e-10 1.1784700992834e-10 3.39183159336898e-10 1.49295797946536e-10 8.71332006546766e-11 2.12276862754379e-11
0.00132270077010617 0.00109525033039972 0.000870353984646499 0.00303307040594518 0.00100600273581222 0.000942042953101918 0.00088060853886418 0.000917420838959515 0.000929987739073113 0.000975350762018934 0.0020875109359622 0.000972153333714232 0.000907756824744865 0.000800841656746343 0.000768324336968362 0.000576110940892249 0.000466547204996459 0.00139150969916955 8.88100146312354e-06 0.000249569762672763 0.000155702966731042 9.22796883969568e-05 5.63615125429351e-05 0.000210726661316585 0.000177240672928747 0.000267024793720339 4.96497887070291e-05 4.62696320028044e-05 1.37415403855812e-05 1.77815391424474e-06 7.96168615835313e-07 1.77244947963118e-06 2.34195632442535e-08 1.58945286932166e-08 7.55421361020581e-09 3.70476388455998e-09 2.90479118536524e-10 7.7821249444554e-11 4.55894089146369e-10 1.81828233580816e-09 1.36487744439862e-09 2.44836728668929e-10 9.76566050248096e-11 4.87385991565503e-09 4.03924813596745e-09 4.68415128906941e-10
0.00204380350187421 0.00323202327126637 0.000611696584383026 0.000996409507934004 0.00095037582796067 0.0010464193590451 0.000924964953446761 0.000957690278301015 0.000975830428069457 0.000889496807940304 0.000875417276984081 0.000639182751183398 0.000872211466776207 0.000903401954565197 0.000863508903421462 0.00061806253506802 0.000787772645708174 0.00297996841836721 5.14747625857126e-07 4.32669137353514e-06 1.48753035489335e-07 5.86455730200441e-08 1.89185286814109e-07 2.89866915581527e-08 0.000323777858284302 0.000291788075992372 0.000187930265383329 4.6990990631457e-05 2.07867121844174e-05 8.77776719789836e-06 1.19143396375421e-06 1.17216405559617e-07 3.22543747377502e-08 1.77020352931656e-08 8.52138711815442e-09 3.72941346693523e-09 1.82697545980659e-09 9.94321547320709e-10 2.12529749354928e-10 1.54399193430521e-10 4.98953978134153e-09 6.23498855878424e-09 5.05676654993792e-09 2.92056501205451e-09 3.19064646925327e-09 5.0226484082927e-10
0.00139292780077085 0.00131468248437159 0.00126377047272399 0.00111910580890253 0.00124665855546482 0.000890381413046271 0.000804195832461119 0.000932723161531612 0.00152813041349873 0.00307490162085742 0.000873098662123084 0.000875843822723255 0.000883727852487937 0.000821119383908808 0.000705118247424252 0.000637037886190228 0.000578620689339004 0.00028028431115672 0.000455973425414413 0.00020727703376906 0.000128954205865739 0.000279283842246514 2.87546573662922e-08 4.61770720550092e-09 1.29568621498599e-08 9.88733096164651e-05 3.50156365129806e-05 1.76032093435197e-06 2.82774545610209e-06 2.43719111949758e-05 9.54381990823094e-06 3.83725525523459e-06 1.13778074393167e-06 5.7571044065341e-08 6.31434978748402e-09 3.14235315546085e-10 1.91320876918866e-09 1.47080780887876e-10 3.12419123904561e-10 4.70487471204706e-10 3.71710813240611e-09 3.18753995420806e-09 3.66127040907216e-09 2.33186701059651e-09 2.97368327739633e-09 1.08549286226278e-09
0.00680863070301712 0.00161422098753974 0.0012752087728586 0.00114103858359158 0.00110232193255797 0.00111189892631955 0.00108811407117173 0.000986371573526412 0.000943005783483386 0.00062497204344254 0.000960568443406373 0.000909028359455988 0.000926204409915954 0.000873984082136303 0.000826447358122095 0.000808329012943432 0.000766543124336749 0.000722401961684227 0.00037812933587702 0.000263923495367635 0.000176106367143802 9.77437943220139e-05 5.21995028975653e-05 1.36503944304422e-05 2.78484185400885e-05 9.07461161148149e-07 2.61878031324159e-05 2.34084655232891e-06 1.04996851746364e-07 2.13518927552059e-06 7.42333643444226e-08 3.94267186898389e-08 5.16511318693347e-07 1.15128563265898e-05 9.95145492677096e-09 3.96069372854413e-09 1.91205627997348e-09 1.17347173089755e-09 8.01825770224696e-09 1.82090550415737e-09 3.16362499530598e-09 1.36681236329039e-09 4.73486692076364e-09 3.00317916090975e-09 7.21642079426488e-11 6.86067314070726e-11
0.000723668374121189 0.000121088053128915 0.00196492328541353 0.00129238712834194 0.00128908434417099 0.00118948972667567 0.00226417577359825 0.000977255427278578 0.000987579819047824 0.00104484602343291 0.00120738120167516 0.00102801088360138 0.000959511217661202 0.000849966675741598 0.000788081542123109 0.000744202674832195 0.000770040741190314 0.000837901909835637 0.000618792395107448 0.000359167938586324 0.000238681922201067 0.000139071240846533 7.08742794813588e-05 5.37461999556399e-05 0.000156760244863108 0.000221890350803733 2.02009956637994e-06 1.6745308806243e-09 2.34145523165807e-06 7.34390754075775e-07 2.15486840460244e-07 4.00383426857331e-08 7.935947234472e-07 1.55903893128695e-08 9.79840318882097e-09 5.49371489411143e-09 2.26873885234014e-09 1.21414378551066e-09 4.54061976906672e-10 5.88987847383038e-10 1.74687961873587e-09 9.57654733291235e-11 5.10544564402693e-09 4.25291799555083e-09 1.11553200010661e-10 3.26967786179466e-11
0.00265252550598234 0.00943857594393194 0.000426830362994224 0.00155609992798418 0.00373543505556881 0.00081619520788081 0.00123955182498321 0.00102755461120978 0.000680184809607454 0.00101926186471246 0.00107443367014639 0.00218671731417999 0.00187216108897701 0.000923412514384836 0.00230747156310827 0.000821424130117521 0.00172476249281317 0.001852469262667 0.000724723041639663 0.000505483543383889 0.000334357796236873 0.000193543689965736 0.000274664354219567 7.83704130299157e-05 5.59007763513364e-05 0.000198415041086264 0.000192510316992411 0.000109007044375176 2.64758080447791e-05 1.22664566106323e-05 5.03443053503361e-06 9.25191848466511e-07 1.42228025912239e-08 8.18976522154458e-08 1.46138627243886e-07 6.56964256329218e-09 3.53355273929878e-09 1.63739857228506e-09 2.19701534742711e-10 1.20663357083828e-10 2.96731975657494e-09 6.12868550353696e-09 8.3591888966339e-11 8.50247205974597e-11 5.63126101305045e-11 6.02792149528852e-11
0.000226749860303244 0.00153431938961148 0.0023390723625198 0.00195330816786736 0.00186250266851857 0.00107670957222581 0.00160329224308953 0.00137609937810339 0.00129037124570459 0.0012504915939644 0.00118888738215901 0.00109782203217037 0.000950268126325682 0.00093614841462113 0.000907864421606064 0.0009098099777475 0.000962242693640292 0.00226574037224054 2.08314759220229e-05 0.000535183085594326 0.000400589077617042 0.000278177129803225 0.000182447467523161 0.000116718934441451 9.0786672080867e-05 0.000213206915213959 0.000220703629020136 5.59836869797436e-05 7.39537204935914e-05 3.61662921932293e-05 3.14184509079496e-05 5.72792494679675e-07 1.15633442412388e-06 2.84031898623027e-07 9.05870680156795e-07 2.97516667524533e-08 4.79514793427782e-09 2.44230961010672e-09 9.79722936111926e-10 1.59135076227557e-09 1.91998283938233e-10 9.54208070336193e-09 1.642713742811e-10 9.13458308993142e-11 3.57691098962221e-11 1.95879412689948e-10
0.00257116105640307 0.000885266406112351 0.00229218163294718 0.00229883369756863 0.00248298633377999 0.0024047625134699 0.00233722277916968 0.0021553277852945 0.00186254800064489 0.00168021327117458 0.00141735508805141 0.00115405524848029 0.00104258956271224 0.001107083610259 0.00104675532784313 0.000870832544751465 0.0011873715557158 0.0011730830417946 8.81757612702927e-08 0.000764469488058239 0.000551156283472665 0.000397082554991357 0.000289120814704802 0.000196536022122018 0.000118105859291973 0.000398165025399066 0.000125601770560024 0.000140323226514738 0.000123770343634533 0.000111213141644839 1.68470145581523e-05 8.38457003737858e-06 2.34976938315867e-06 3.83428165307009e-07 2.38609161762326e-07 1.2174820041011e-10 4.68902328076837e-09 2.01259877652404e-09 1.01310276834354e-09 7.15261960770874e-11 4.16190382157566e-10 2.9357752229231e-09 1.64793323431667e-10 1.65909197491487e-10 1.77110899279853e-09 6.57484477972758e-10
0.00359473961871117 0.00300807449966669 0.00294005640316755 0.00296517299721017 0.00378505093976855 0.00323551369365305 0.0031954419799149 0.00319818875286728 0.002787261584308 0.00359106524847448 0.00175265411380678 0.00028727100652759 0.00124749272945337 0.00130073012551293 0.000737533054780215 0.000933398911729455 0.00149339635390788 0.00142673321533948 0.00139596504741348 0.00135022245813161 0.00111430644174106 0.000804148882161826 0.000480348977725953 0.000318198937748093 9.97529496089555e-05 0.000198130502394633 6.8441558687482e-05 5.20103199960431e-05 1.99167410755763e-05 1.49628963299619e-05 0.000105280149000464 5.50392602235661e-05 1.63277825777186e-05 3.12540997526867e-06 1.84799988858231e-06 6.07601130298008e-08 2.8909469229621e-08 3.07074363714577e-09 1.76470187351896e-09 9.86635995126051e-10 1.01103001259872e-07 6.18895545922982e-10 3.6142995263333e-10 3.60776541974417e-10 1.23375787364211e-10 7.29133309285146e-10
0.00369385951198638 0.00362301154527813 0.0039900052594021 0.00277524108532816 0.00423518735915422 0.0559342157095671 0.0133758943527937 0.0089735153131187 0.00419907721225172 0.00351199398282915 0.00262090238975361 0.00178117868490517 0.00127237164997496 0.00332010111305863 0.001266340224538 0.00172645132988691 0.0016446067369543 0.00872679492458701 0.00177861197153106 0.00192998826969415 0.00191435782471672 0.00134624419733882 0.000693337223492563 0.000411116878967732 0.000209186045685783 0.000242057288414799 0.000120363551104674 8.09682926046662e-05 5.16800642799353e-05 2.78675712252152e-05 1.6955475530267e-05 6.96600973242312e-06 2.04271887923824e-05 2.03761540433334e-05 6.69444771119743e-06 1.33955505390304e-06 1.10267173027978e-06 1.06859991433339e-07 1.9729570865934e-09 1.22443155614604e-09 4.96893104440233e-10 8.38854863349781e-10 6.78216127703024e-10 1.0312092291187e-10 5.50786971587058e-11 5.14876585810953e-11
0.0051982500590384 0.0075626180972904 0.013891102024354 0.0593802887946367 0.00634955824352801 0.0136695086956024 0.00521952661219984 0.0048997798236087 0.00893174302764237 0.00756714381277561 0.0112683045677841 0.00359459156170487 0.00167463372927159 0.00182255726540461 0.000805820370442234 0.00425587715581059 0.00184248299337924 0.00503814187832177 0.0364266030490398 0.00189319922355935 0.0020272278925404 0.00163881883490831 0.00104457362904213 0.000508021944551729 0.000336155692639295 0.000356520927743986 0.000179687757918145 0.000112634631659603 0.000167999557015719 7.07421291735955e-05 2.01568191187107e-05 1.11672654384165e-05 8.44913127366453e-05 1.40576911235257e-05 4.76787107004384e-06 7.62161317879872e-07 3.31065866987501e-07 9.16924407068365e-08 4.37323760538177e-09 2.02660281889422e-09 4.33212347217271e-08 1.43167871557992e-08 1.56157129893586e-08 8.38419034199234e-10 2.16269796515789e-09 5.0973067433624e-09
0.0043188497191295 0.0198681496083736 0.0265597063116729 0.131694328039885 0.0699530955404043 0.0122269948013127 0.0102126228157431 0.00969424825161696 0.0103357704356313 0.0174870260059834 0.0166893589310348 0.00155047932057641 0.00135329904151149 0.00249504439998418 0.00227215258637443 0.00373838364612311 0.00192131957737729 0.00368056576699018 0.00839955187402666 0.00276173078455031 0.0029757866403088 0.00198810586007312 0.00161752497078851 0.00092150570708327 0.000737458365620114 0.000245420171995647 0.000198040204850258 0.000123586247354979 0.000101759607787244 5.23593145771883e-05 4.51804726253613e-05 7.47024430893362e-05 7.54494867578615e-05 2.06205600079556e-05 2.06610979603283e-05 4.04373895435128e-06 4.98656525493857e-07 2.66789929703748e-07 2.86980338870535e-07 3.04742382550849e-08 1.62581115126237e-08 5.23053031997733e-09 1.50101123752577e-09 1.08435871393198e-09 4.02817224021135e-11 2.90568846761374e-10
0.000690905738156289 0.000928496633423492 0.000159533022815594 0.00110516335116699 0.00198926908196881 0.000337130654952489 0.00461706763599068 0.00498121107229963 0.025443478114903 0.0077388403005898 0.0216228017583489 0.00730755259282887 0.0043917671777308 0.00375266117043793 0.00431757271289825 0.00633789426647127 0.00443516257219017 0.00210349444532767 0.00223898960393853 0.00128867665771395 0.00514329660218209 0.00574367374647409 0.00164672513492405 0.00140015538781881 0.00118438877980225 0.000701218697940931 0.000385706085944548 0.000460590622969903 0.000163096136384411 6.45194410026306e-05 7.18268998753047e-05 0.000146146275801584 6.06298828643048e-05 0.000303158136375714 4.49636272605858e-05 3.20011527946917e-05 2.28722482916055e-05 0.000148227662066347 2.01245601516575e-07 8.83893991243667e-07 4.41130709738502e-10 1.04724403948708e-07 1.0566211794405e-09 1.65536727658733e-09 7.50539985716614e-10 6.07752732584288e-09
