Maxent_result_files_1/Bombus_laesus_3.asc
NCOLS 594 
NROWS 330 
XLLCORNER -15 
YLLCORNER 23 
CELLSIZE 0.166666666666667 
NODATA_value -9999 
[rows 105 to 125 of 330, columns 138 to 183 of 594]
0.000785204667365669 0.000538847444960322 0.000479168477829717 0.000949217178274964 0.000500078661508729 5.16603700816631e-05 0.000392392841919786 0.000199508655600766 2.60320119849999e-05 0.000142770328391728 0.000747221853089286 5.71186522885903e-05 0.00763029183132087 0.000596816496814045 0.029804444628509 0.00104323213447589 0.00575231234412773 0.00581098217141847 0.0136202215672831 0.0224770443281162 0.00656719552689538 0.00375034435419368 0.00790269663728032 0.00500674963515061 0.0152236240739195 0.0247241676993497 0.030699187753433 0.0122423898757127 0.00742334529303346 0.00739023195836808 0.00565594880399445 0.00629891598714029 0.0057488756021645 0.00127532872015058 0.0240040669115704 0.00352839418544763 0.00408558025894172 0.0120226411662429 0.0110248829946585 0.00816338520250709 0.00668067737606179 0.00867345899514476 0.0164792726693918 0.0128178641949489 0.458716120570898 0.0174160808033776
0.00401273780826221 0.00500668478862745 0.0021656314503225 0.0040584824877845 0.00764135911759818 3.59601976854695e-05 1.90390699253529e-05 1.74546810651988e-05 0.000425397768986679 0.00137820587093529 0.000393864041689085 0.000194614846927932 0.00415861794587045 0.000706626661138621 0.0271786645991231 0.000993241077026141 0.0085984087196846 0.0105817439530242 0.0467432568374579 0.00198331212450285 0.0219685366473398 0.00269947159588925 0.00619756373581178 0.00253368911697904 0.00911321120476088 0.0118583709838333 0.022600802397983 0.00963308713239783 0.0121381320812816 0.0100758470914798 0.0103286731926346 0.00863497090224286 0.00628771346501935 0.00730219892125774 0.0265719280354417 0.00183946444449248 0.00758269675149537 0.00160300534965224 0.0134536105328376 0.0099726491316801 0.00822576848777317 0.0289559309550896 0.159086224978091 0.0581612466135994 0.0159457968606148 0.0224895065417513
0.00633642393444683 0.0171410860831657 0.0021373388949644 0.000919546886365752 5.8249089975515e-05 0.000249937650958754 0.000145537886419334 2.01058702205881e-05 0.00102817629313855 0.000120730761545929 0.000980399357622441 0.000746035986629956 0.0317069421638735 0.0398952435179858 0.0058325350058047 0.00516586357800328 0.00864325800253801 0.0117569190492948 0.0757671916857954 0.000865273194938665 0.0137244185482688 0.00769003401323074 0.00725567517974355 0.00867684780419467 0.0113422233807796 0.0131718372249907 0.0333238519597217 0.0144015568187541 0.0157092626592657 0.00804778194952576 0.0209964124012392 0.0100325284244263 0.00851095736449313 0.00186775976925738 0.0198725998810914 0.00493765462658725 0.0141045081350466 0.00902771766058295 0.00661340613539158 0.0185040357788864 0.0136329987048327 0.0223529977985891 0.036808897733863 0.0225184777865024 0.0458642536774278 0.0195721690368366
0.00753601380370444 0.0192865608895132 0.000479861687919381 0.00189452307125224 0.00128570786764622 0.000283625333869963 0.00129266193102566 0.00109431833243434 0.00164216469904028 0.00126295862251566 0.00113837110646249 0.000382617931245488 0.00195370662302423 0.0141435102992586 0.0147047727275805 0.787891800701618 0.896757984161377 0.609637493826449 0.215040091703759 0.00795445481926436 0.00309019167003433 0.00901687819787185 0.0133052391808633 0.0178039277467178 0.00155822562650783 0.0120817070540113 0.0171552434803743 0.0260856297805731 0.0544184361095688 0.0543821985578688 0.174180270245415 0.00960816802175959 0.0268695225840929 0.00516434410222413 0.0174285361415969 0.0110119373209216 0.0237433827163386 0.0235434641315805 0.0180808626638282 0.0222252843035676 0.025545006532775 0.0674139744485728 0.00613040914873517 0.0137938500858581 0.0231474010477541 0.0215808281733189
0.00213173946242193 0.00229192406361798 0.000539884718627337 0.00129742308351242 0.00272949090634466 0.000101950406385498 0.00113435576128762 0.0177025082891083 0.000303111856926708 0.00500871427353893 0.00429598311659484 0.00386743088166668 0.203854081760073 0.170452940696585 0.00335843345876147 0.0115576432974015 0.0425450056287821 0.0101387609037417 0.00166288332633652 0.0140158110445538 0.00900045120098618 0.00318008758455335 0.0114336742457795 0.00671982018613164 0.0058234102093536 0.0219561238594019 0.177103172242641 0.148063286207616 0.0145807214183151 0.0127443372888592 0.0313215853709625 0.0409858701790503 0.023481076557614 0.0178277151222574 0.0130809353195605 0.0305493155119791 0.027121740590519 0.143197442732935 0.0385324885817483 0.0758954227990614 0.0335041014826857 0.036220830862294 0.143677273113281 0.0251349935308099 0.034995274245739 0.0191269963281229
0.000207081203552706 0.000156502149980042 0.000358611456158264 0.000481223595854086 0.00255530152354626 0.00033837272858368 0.00112955279702432 0.00846597864819785 0.00621295427088006 0.0015604869840634 0.000316994297857853 0.00117912082642417 0.00203919054353735 0.00380338622780982 0.0107088684159932 0.00663767792758494 0.0827902701219673 0.00926578616616394 0.00559808089027313 0.0158416397798481 0.00228314633551765 0.00685680193311118 0.00203616926263535 0.00244937083252985 0.00740316083592916 0.0111111663168102 0.0717689144173164 0.0844540002764002 0.455601216852665 0.261745223028993 0.0478127376945849 0.112327771334686 0.0366026048887969 0.0797081643518542 0.0710524746694002 0.119365192018449 0.051409464655444 0.0774012288558879 0.0517381336190738 0.122419598232955 0.159699518466368 0.0495750038762708 0.00724976457931994 0.841621077060699 0.161181407421827 0.0532474215142429
0.000527834152694362 0.000804119674990034 3.72125752206909e-05 0.000138611586760362 0.0002997288029292 0.000119688694758346 0.000911203175506792 0.00293566392019161 0.000517126928708023 0.00163633835208494 0.00194311545731573 0.000425273051041586 0.000538150632791623 0.000626860822806918 0.00132003934659224 -9999 0.0452611512619571 0.00987309321289669 0.00210704712917692 0.00177633680383309 0.00935722899853986 0.00264876467172559 0.00212890771537132 0.0332639192406946 0.0029745893376806 0.0160984771083548 0.0235456780348954 0.0121970528469603 0.00773334054877793 0.143160374835134 0.268662272461654 0.0101054162947548 0.0762706052511966 0.109448595438153 0.0490734907623846 0.0143133018587832 0.111415604688227 0.0121564764471264 0.0261719159083464 0.790485572814941 0.0543255507596768 0.0390548370429315 0.0267909017427883 0.204106678068638 0.0195804302464257 0.00818516741672661
8.37216283684938e-05 0.000540863792996737 0.000628615917141673 5.64286317515483e-05 0.000114760869343034 8.93118301405593e-05 0.00116936096382233 0.00480713513002022 0.00288824178819778 0.029020700367073 0.000831932419998127 0.00140248392202493 0.00089581326508047 0.0063440833153436 0.0573493536548584 -9999 -9999 0.140647397848689 0.0331792594945749 0.0107227532629224 0.00389739035705308 0.00195388619578936 0.00926547459367616 0.0391560488370599 0.0683672401360425 0.0201634342655154 0.0215726929404809 0.00756331816902622 0.0100370283588141 0.00529700161008173 0.173059734105846 0.0393565630247591 0.0310077584196937 0.054008150481517 0.0384056037278138 0.0430277678528041 0.0869449343532326 0.0500947816297412 0.101739409639306 0.0537864143249794 0.0380754529498517 0.0216590971145945 0.133861797120181 0.329092615899572 0.124902854195327 0.0332717105920892
0.000197683091766865 0.000609519870816655 0.00227675260311392 0.000257853546818643 0.000461872280701703 0.000671386723782108 0.00143181564116466 0.00117809294011845 0.00133692078239708 0.0304784492738296 0.0406584270851259 0.0066915756063363 0.0529416119576651 0.00723955644191052 -9999 -9999 -9999 -9999 -9999 0.0117888298041565 0.0709672005330503 0.00446559673496542 0.00490779547307788 0.0203221425034363 0.00268280451961455 0.00975435747789245 0.00299830616382698 0.00446436038629618 0.0953622046472972 0.0632141689537093 0.0116693743999795 0.121504757331974 0.0115422428304123 0.0116533740872981 0.0124283883768247 0.0322100833392922 0.0126046277696901 0.245292426326517 0.0271550541277417 0.0953157162293792 0.00217746875059675 0.0215012789369212 0.127029770542867 0.0954224397690268 0.0199475092653384 0.0653124929551005
6.3531747160539e-05 0.000249065405605309 0.000182621272702921 0.000552670391528554 0.000353333749138351 0.000423197774244421 0.000614698977115624 0.00144814497996311 0.00420422309973993 -9999 -9999 -9999 -9999 -9999 -9999 -9999 -9999 -9999 -9999 0.0116852142606632 0.00190770623873007 0.00177871092761059 0.00158944856663911 0.00559493415620661 0.00225461412320036 0.00726827044046472 0.00472524711587831 0.00943656715681067 0.0163680072786551 0.0135337520761363 0.0629171165659367 0.0353976952091352 0.0107776900710356 0.0128012134473698 0.0225392142400566 0.0402243846407105 0.01435110836222 0.207100888057131 0.0266767637074541 0.0243614227001672 0.0187232566728653 0.00306398749271466 0.0348415917689636 0.00307880215138435 0.00751484570477885 0.00752021622711254
9.66748672353912e-05 5.12945630414596e-05 6.63770626173066e-05 0.000526852783676468 0.000759030039030795 0.000409997623609137 0.00144591222077239 0.000238452819031065 -9999 -9999 -9999 -9999 -9999 -9999 -9999 -9999 -9999 -9999 -9999 0.0497775529095251 0.00388067476296297 0.00261871714760622 0.00255499298906338 0.0137220365292819 0.00829085326488731 0.00267179499238922 0.0191641183140603 0.0850661967624207 0.0111915561992872 0.0116440821406639 0.0317814309876469 0.0477480579298579 0.0137315498196016 0.0477563185487247 0.304736731782471 0.0163626538124639 0.0110281371632916 0.0404014890732626 0.210358660364244 0.01285314713622 0.122061920660896 0.0219105846190359 0.00777088114342375 0.0130247228532695 0.0434036510896192 0.00950816492624577
2.35581526945028e-05 0.000369670947536427 0.000269753548554741 0.000179485175212324 0.000745361940195644 0.00262374794570337 -9999 -9999 -9999 -9999 -9999 -9999 -9999 -9999 -9999 -9999 -9999 -9999 -9999 -9999 0.00253627967025947 0.00619833988911965 0.00486981577848634 0.00945811941831048 0.00382402015799923 0.00255144344218625 0.00393077904193335 0.0584206160682048 0.0143100927961627 0.0394333305131695 0.0047940999182174 0.143211306048533 0.0522773706028364 0.0100527422006892 0.0126433944780616 0.0118031714335403 0.0195199414608995 0.134106941309096 0.0631907624061843 0.148420370273096 0.0105467095868082 0.182460873309538 0.142820438994182 0.0155724103615665 0.0241574315195196 0.0587785390899342
0.00011330792250196 0.000104807613664237 0.000213134244043711 0.000330991356870514 3.31568821227535e-05 -9999 -9999 -9999 -9999 -9999 -9999 -9999 -9999 -9999 -9999 -9999 -9999 -9999 -9999 -9999 0.0226459490988603 0.0349041880615905 0.00975608675396604 0.0144173142055812 0.0103276114259074 0.0171973444712768 0.156585360121046 0.0421994260622572 0.0191176753078383 0.00225438675100782 0.0328672921430523 0.0073759469791105 0.0254724597551777 0.00786388491436157 0.0104385580989014 0.0382157182117404 0.0108396130632649 0.0170329197958134 0.0996780536980211 0.0116982426277597 0.0637678226738559 0.308520216850302 0.0546578500845014 0.0196915759843913 0.0110535312100705 0.0795336231255869
0.000133901213610477 0.000389533706893019 1.010274066644e-05 -9999 -9999 -9999 -9999 -9999 -9999 -9999 -9999 -9999 -9999 -9999 -9999 -9999 -9999 -9999 -9999 -9999 -9999 0.0220216229170995 0.0568073044190972 0.0170080561336645 0.00305165464786181 0.0468311618318184 0.0151003193682655 0.00415599710761805 0.00239633033570054 0.0031680669823459 0.0192970149994347 0.0047424693946535 0.00706054815733846 0.0200202142298462 0.0034437584962639 0.0131553977902491 0.00564439549996203 0.105308314210912 0.00533071466998047 0.022297006390014 0.00300363619956664 0.0148979668851697 0.0219552599654214 0.00715005327962485 0.00821324910347127 0.0123694575508153
-9999 -9999 -9999 -9999 -9999 -9999 -9999 -9999 -9999 -9999 -9999 -9999 -9999 -9999 -9999 -9999 -9999 -9999 -9999 -9999 -9999 0.0336976888027655 0.0676992716624618 0.012667234054877 0.00617547006534686 0.00786545667705977 0.00273438612608989 0.00597364913789357 0.00303518730944047 0.00297473461911807 0.00306702784533698 0.00201339916917543 0.00222135973229335 0.00282743076849623 0.00317079854185621 0.00429193967589122 0.00118519509945049 0.0245170364931101 0.00816888758855712 0.0123856971382774 0.00607813215529106 0.0212970869840335 0.0137661167642138 0.0202784318290483 0.00494974618302116 0.0134244836180527
-9999 -9999 -9999 -9999 -9999 -9999 -9999 -9999 -9999 -9999 -9999 -9999 -9999 -9999 -9999 -9999 -9999 -9999 -9999 -9999 -9999 -9999 0.0383634720498957 0.00677198830451484 0.00296816100955914 0.00172011672195499 0.0418000056727645 0.00455188948874004 0.000892713557314007 0.00513038917199932 0.00268306118498963 0.00226265231827101 0.00190584085593424 0.00443214351501769 0.00353393557535698 0.00391603326901968 0.071920952807358 0.0115272897860816 0.01502870692038 0.00548138647040916 0.00781402799893604 0.00593215992592755 0.00361816469107354 0.0712971917372407 0.00228122660953133 0.00242077459762632
-9999 -9999 -9999 -9999 -9999 -9999 -9999 -9999 -9999 -9999 -9999 -9999 -9999 -9999 -9999 -9999 -9999 -9999 -9999 -9999 -9999 -9999 -9999 0.665489108982798 0.0953035687454118 0.00167838513167196 0.000561214387559383 0.000885521592205185 0.000508765539166744 0.00899176698569634 0.00238490793032023 0.00229630149198913 0.0190395469992511 0.00474216782450067 0.00121688299163205 0.00131473655904406 0.0385147124670263 0.345550459947677 0.00520689333798726 0.00808359053497922 0.00361812957818682 0.0404127842999849 0.0144568590421582 0.00288925974682261 0.00116587737276044 0.00140578559457828
-9999 -9999 -9999 -9999 -9999 -9999 -9999 -9999 -9999 -9999 -9999 -9999 7.89428562917749e-05 0.000104811885323386 0.000543760952737671 -9999 -9999 -9999 -9999 -9999 -9999 -9999 -9999 0.00919751409119419 0.0193377666396364 0.00045660823544732 0.00114134111890215 0.00109462598725687 0.000586918897797162 0.000552059521689552 0.00207181943307584 0.00585162147227177 0.00777564868663472 0.00158999640723071 0.002077591797195 0.00308244756963776 0.002727972425739 0.00280941696326466 0.0021699545247584 0.00246680791620456 0.0150245663847841 0.0747142807007532 0.0206916881335039 0.0318080793379336 0.0049065276011675 0.0067026691283175
-9999 -9999 -9999 -9999 -9999 -9999 -9999 -9999 -9999 -9999 -9999 0.0102114631463705 0.00764905231083893 0.00116496498897183 0.0034955566226375 -9999 -9999 -9999 -9999 -9999 -9999 -9999 -9999 -9999 0.0165712374141158 0.00957430791765821 0.00419879096052803 0.00472343032993611 0.00141239554041264 0.000515308657588909 0.00103257918915172 0.000634346481657178 0.00119863188970027 0.00125302449029236 0.00220174115446419 0.00283633467586146 0.0073381267997228 0.00314012316676219 0.0039644333700954 0.0318489576859566 0.0136297387058558 0.00614913535279301 0.0181837721942946 0.00840613690661927 0.0177611287208617 0.00509939631676469
-9999 -9999 -9999 -9999 -9999 -9999 -9999 -9999 -9999 4.91417231938129e-05 0.00344100700407109 0.0110962953909614 0.00478427974334492 0.000681541882423298 0.00372919201510856 -9999 -9999 -9999 -9999 -9999 -9999 -9999 -9999 -9999 -9999 0.00351447339973597 0.00254140274936273 0.00104477853813313 0.000302713741289207 0.000320529775550116 0.00110258524186164 0.000981557457223903 0.00123306047281783 0.00988058436066893 0.00251212166138685 0.00744930767013383 0.0485935816000733 0.0050055490327312 0.0391682352029683 0.0175009010267924 0.00748406562543376 0.00494164899696051 0.0107939008702317 0.00275366328082665 0.00952347437445844 0.00439344819359764
-9999 -9999 -9999 6.7554744602849e-06 2.722548214944e-05 0.000291222725738649 0.00282765300362572 0.00123563432012741 0.00132935632110515 0.00376174926013866 0.00942616790290996 0.0243985637451716 0.0113565636061831 0.00425557016540204 -9999 -9999 -9999 -9999 -9999 -9999 -9999 -9999 -9999 -9999 -9999 -9999 0.00100573595195682 0.000952347549573218 0.00250481986325894 0.00113602625183791 0.00244067618703092 0.00312723556644419 0.00156428718025049 0.0063297470157064 0.0419363824624933 0.00541445149269045 0.0258709925052244 0.00614774937524943 0.00446385131751909 0.00760486645611371 0.0194981356409727 0.00490215224161457 0.0511511666332732 0.00270642747013087 0.00353721924976268 0.00314235763974328
