Maxent_result_files_1/Bombus_hyperboreus_3.asc
NCOLS 594 
NROWS 330 
XLLCORNER -15 
YLLCORNER 23 
CELLSIZE 0.166666666666667 
NODATA_value -9999 
[rows 140 to 159 of 330, columns 396 to 439 of 594]
3.43033700000994e-08 1.40525664427127e-07 7.9685469711599e-08 5.88361695030848e-08 1.07307541463708e-07 1.00585142337462e-07 1.49331505761019e-07 1.83817669774378e-06 1.12178784954509e-06 2.6211047683411e-07 6.16381759570572e-06 1.27247119214857e-06 2.96783903364073e-07 1.85351559889302e-07 3.57474043055639e-07 6.73723288846517e-07 4.90250198259545e-07 2.88966353889641e-07 4.62474841911309e-07 6.31388340122108e-07 1.49536739357803e-07 9.15053662842169e-08 1.12978481359161e-07 1.35401311263106e-07 2.29088077496886e-07 9.21420150512553e-08 2.36032617140225e-07 1.31269163716752e-07 9.08152964829156e-08 1.02032622628645e-07 6.9829590365611e-08 1.48630118657067e-07 1.43106761396616e-07 6.05095887840079e-08 1.92561843692651e-08 3.94206460807567e-08 2.42268435868276e-08 3.0197916633945e-08 1.64153854348426e-06 2.27777519878902e-07 1.05890733814729e-07 1.29493954847959e-06 2.50562837855739e-06 2.26506533984594e-07
3.24841828769351e-08 1.07299853624454e-07 2.35429463524284e-07 2.31095284952687e-07 6.75339677291831e-08 1.20311519069549e-07 1.13636045939725e-07 1.61601887638252e-07 2.82705262488747e-07 2.52434029168747e-07 3.06908655023364e-07 2.96963257628846e-07 2.13507868496166e-07 4.70337368962959e-07 5.79622740515262e-07 2.22309935071774e-07 6.19856654848761e-07 1.34827326447873e-07 1.25037126181837e-06 2.35371862755684e-07 1.78094882563595e-07 3.96955470449711e-07 1.12747570424343e-07 7.67425219039275e-08 7.23958434423189e-08 6.46009684301951e-08 9.96552950494056e-08 1.46902435649299e-07 1.63355304294566e-07 8.0626451437471e-08 1.53908567046557e-07 1.74592554647024e-07 2.03505164597662e-07 9.26693565661552e-08 1.3878252160815e-07 4.11507323327953e-08 2.71861707701326e-08 3.43249770051735e-08 9.71157693818725e-08 6.36571152901055e-08 5.91309858377631e-07 4.92772636773164e-07 8.31883006846557e-07 6.67445636479691e-06
8.10909222215273e-08 4.12901211499506e-07 5.51554342642646e-08 5.08036701374337e-08 7.30989386799052e-08 9.06523890065181e-08 1.22263124335831e-07 2.65313321845539e-07 5.51416247551728e-07 1.68935552213867e-07 2.04580408191823e-07 2.58287646959232e-07 2.62925335647868e-07 1.64983446127032e-07 1.17717569403375e-07 1.7820376780886e-07 3.53024386035017e-07 5.25989600963506e-07 2.45311714741625e-07 1.63996510416098e-07 4.70995469137314e-07 1.07526962476179e-06 9.18970130547869e-08 8.24151442868626e-08 3.03474913310176e-08 8.42618364083059e-08 9.01052365276378e-08 8.75374264297513e-08 1.82623710887064e-07 1.70453687819983e-07 2.39748318331401e-07 1.53596855634319e-07 1.47613751688702e-07 1.84758611121438e-07 5.50418504885464e-08 3.93302755030689e-08 2.61459611716752e-07 1.26803008337895e-06 8.14679168126276e-08 4.9267028046085e-08 8.35899830842202e-07 4.19222745406955e-07 6.00115459166162e-06 4.11051621296288e-06
1.85206624181422e-07 5.63436024281216e-08 4.16179182227694e-08 5.6476527454663e-08 5.24560870851509e-08 6.13697330398288e-08 3.003927618761e-07 1.3581064135515e-07 4.80234773925226e-07 1.90534984700896e-07 1.57045612914075e-07 2.07941074936713e-07 1.37449942139156e-07 1.28120298981127e-07 8.62753486097212e-08 1.32014606468722e-07 1.48739292726852e-07 1.77201006623662e-07 2.65024186019147e-07 4.61728152334473e-07 6.71624543269189e-07 7.48835519370772e-07 1.16924335347157e-07 5.0781996319138e-08 6.04087971090017e-08 1.92857601566399e-07 8.50874571911575e-08 8.03585785025263e-08 1.25031133368925e-07 2.0365124011601e-07 1.2301045007046e-07 1.79107523512467e-07 9.18431308116752e-08 2.12796703702445e-08 3.9170649601683e-08 2.78020736099727e-08 2.61092607312108e-08 4.24403965926246e-07 6.21586179638811e-08 4.08747280034039e-07 1.18562502460229e-07 2.26390370441365e-06 3.10580123470405e-06 4.91437771843462e-07
1.61597722914131e-07 4.92147096631257e-08 6.07407062980236e-08 8.49825317228436e-08 7.41448571539571e-08 2.77306015139533e-07 3.08260723436149e-07 1.61280896293636e-07 9.78398999706975e-08 1.30553999078131e-07 1.28091481621517e-07 1.18878422128432e-07 1.12460968071382e-07 1.06571573510461e-07 9.74483590487907e-08 7.22193882252142e-08 3.36486955521131e-07 1.27883362766035e-07 1.58499373248411e-07 1.47746867751319e-07 1.87636687876136e-07 1.47224992008699e-07 1.03100240789189e-07 6.49746949576979e-08 5.14075034319106e-08 8.37205051840151e-08 6.3509309888854e-08 8.91158034921347e-08 1.20247125845463e-07 1.99925489341446e-07 5.3116048681634e-08 8.41108281246505e-08 2.01848235570345e-08 2.08261408785049e-08 2.8657131412313e-08 6.38865794488908e-08 1.37677766176569e-07 4.14059421838253e-07 1.51719721203092e-06 9.12910857575611e-08 1.06794445986491e-07 1.62888268395722e-07 1.18997476061811e-07 6.59297324556718e-07
5.60745499811333e-08 4.53633038910439e-08 5.2177554288324e-08 5.38165424224246e-08 6.11729503718905e-08 8.23477644851245e-08 3.35176618748712e-07 5.22612944253709e-08 2.16615619574867e-07 7.72412350191765e-08 5.61077304506163e-08 2.28377402433644e-07 8.15389014530155e-08 9.69020960250866e-08 1.23535892537774e-07 6.04694694872343e-08 7.42579474910521e-08 1.1272341143842e-07 2.05587183721434e-07 1.1879029552242e-07 8.46111737673461e-08 7.00264472852652e-08 6.64526271676458e-08 5.82827883288672e-08 8.86198906813185e-08 9.10467335302201e-08 7.61613004995887e-08 8.78185863140146e-08 3.3672731615253e-07 1.73596856101188e-07 2.45217421646071e-07 5.17580500902781e-08 3.24286062780566e-08 2.75029178431474e-08 1.33555416081954e-07 6.76026065127289e-08 3.2347927769738e-07 6.0399221324392e-08 3.24708063181856e-07 1.21197871361112e-07 3.12243238465015e-07 1.05469931011015e-07 8.57469352000262e-07 9.47298466891233e-08
5.42105024869954e-08 3.82564543932595e-08 5.20665387915287e-08 3.07302400304188e-08 7.02926581275243e-08 4.70798004359452e-08 6.0141911073508e-08 6.25051023828149e-08 1.2551770360858e-07 4.41562920450167e-08 5.45389394424056e-08 1.56743466173115e-07 1.23739944057899e-07 2.05691402088704e-07 7.86201948210774e-08 7.5420518430569e-08 8.8056623326338e-08 8.06398688935062e-08 8.28973871880301e-08 6.11814693463053e-08 5.8803621827419e-08 5.93464320131076e-08 9.03490546821928e-08 1.90117249476707e-07 2.54672545252355e-07 1.11459828877614e-07 8.11173083481442e-08 5.97551873759983e-08 6.14713548952039e-08 5.64537347724769e-07 6.95096740721546e-08 1.07526672399327e-07 2.12961145085178e-07 4.57549538590563e-08 1.60865911902341e-07 3.31763461469681e-07 5.29609739507997e-08 4.33395542032144e-07 2.38615108449913e-07 2.95665874516793e-07 8.35367375495721e-08 1.44816428204742e-07 3.08994473130486e-07 9.02185271800526e-07
2.60123782624966e-08 9.27699723374253e-08 1.43227660531764e-07 2.45212910643389e-08 2.38052102918829e-08 3.34869614926348e-08 3.95362387606291e-08 3.99976503695498e-08 4.08883012337213e-08 1.02986314298725e-07 3.87517588462671e-08 8.78656448044524e-08 1.22141712777246e-07 1.3740349291691e-07 6.09335246704035e-08 2.18125394413349e-07 8.33051497006743e-08 4.33981154013274e-08 3.77395555362092e-08 6.51398230244737e-08 8.95166951453419e-08 6.54592461124537e-08 2.35051727459634e-07 1.31838010830609e-07 6.819775963951e-07 1.65855444733687e-07 7.23039469296971e-08 4.39185042666601e-08 4.2535756328288e-08 1.68040259018731e-07 2.46880773502323e-07 9.21558870659034e-08 5.24871476836886e-08 3.14241570764651e-08 4.20127011957483e-08 2.88981206120198e-07 1.1997159327426e-06 5.69195744648532e-08 5.58962422236853e-08 4.04233110207208e-08 9.70922970466859e-08 1.37757052542931e-07 1.89461859215756e-06 1.53587313445058e-07
1.9268512307935e-08 2.1190682342187e-08 8.56823635708714e-08 1.29600719955825e-07 3.11779702499848e-08 4.00826950297528e-08 4.57913093221407e-08 4.8639256022831e-08 5.97710005489915e-08 4.07410482017312e-08 3.73637055850473e-08 4.02289291878688e-08 3.61519368441421e-08 5.62043538931967e-08 3.1763077057434e-08 8.77531704857049e-08 1.13293841785822e-07 8.39320090650908e-08 1.35248435950697e-07 1.52901276084805e-07 1.90883157125121e-07 7.93704969859199e-08 7.13131497409592e-08 7.21041273576972e-08 1.65998899914754e-07 7.23294474092029e-08 4.60809313818089e-08 3.46223003044877e-08 4.75280447331805e-08 5.14198298162682e-08 1.78626570646045e-08 7.17186048437846e-08 2.34042027535963e-08 2.4416371913194e-08 1.92887377381545e-07 1.28816044464575e-07 3.31758357452472e-08 4.78983694429669e-07 4.27165353755754e-08 1.01631905491395e-07 7.73057456049386e-08 1.66577897886544e-07 1.73003952987916e-06 2.36553079488999e-06
1.61143156818255e-08 1.16642386305266e-08 3.7346261694271e-08 2.60492018067104e-08 7.72969215412367e-08 8.40508704857967e-09 3.54918404665838e-09 1.34228181902785e-09 2.88215292743033e-09 2.54486335005133e-08 2.67175697454825e-08 2.79531504832065e-08 2.64079023426511e-08 3.16903861152795e-08 2.77289824546223e-08 3.76011538349985e-08 1.1377147284275e-07 1.44004053403979e-07 1.46904080022825e-07 1.26075397943737e-07 1.05357691060348e-07 1.29139933779943e-07 5.02843375937978e-08 6.68984622365088e-08 6.77826838546558e-08 4.89168423545294e-08 3.6284870141845e-08 4.09120028965759e-08 4.89726008967573e-08 3.62961738331613e-08 4.00402252020982e-08 5.51486428190806e-08 7.31493679073658e-08 1.48676507383261e-07 1.60760257905679e-07 3.07901935614474e-08 3.8093908849568e-08 2.75844131403247e-07 1.30249891405754e-07 5.10261773056797e-08 8.39988632761468e-08 5.14056953671016e-07 2.90180738566903e-06 1.05125094030711e-05
2.21492322927119e-08 8.00633891406832e-09 2.96453167902833e-08 1.26303321357213e-08 8.18871976671076e-08 5.52071842685464e-09 1.35823487679154e-08 4.26965705013771e-09 3.35791653593986e-08 2.13618415512151e-08 1.73106997181094e-08 1.37480714812455e-08 2.89804365283253e-08 1.40735421982896e-08 5.47387830729384e-08 6.51469094226087e-08 1.56742088419648e-08 5.4535660909405e-08 7.34456194528832e-08 1.20161750638559e-07 1.2585213435834e-07 9.14136004892541e-08 5.3361193630419e-08 8.42926111577214e-08 1.6856335237625e-07 4.44324642856486e-08 7.70746517386733e-08 5.6772147505324e-08 4.47158010952187e-08 2.99683672100315e-08 6.6628555717152e-08 4.16843289108293e-08 5.67556608266351e-08 9.62508080348812e-08 1.38741980582058e-07 2.45529757414431e-08 3.49893581663707e-08 3.98090598707768e-08 1.42404333458579e-07 9.35216440844933e-08 5.76042148692224e-07 1.26141558931536e-06 1.44759885944978e-06 8.0093656162461e-06
7.39872185739898e-09 6.19961196823837e-09 1.71467728349306e-08 1.39039222024628e-08 4.52983945908869e-08 2.32235411345982e-08 1.13521319788923e-08 2.63067053463129e-07 5.06250516840723e-08 8.41393105077692e-08 2.61001048773579e-08 4.24898769946225e-08 4.39257878070975e-08 2.32422406876154e-08 5.56008889707194e-08 1.15807379352795e-08 4.24762236383991e-08 1.62155151528509e-08 5.79121339439048e-08 2.56339247051152e-08 8.25600880660637e-08 1.09315002450039e-07 4.40002282164897e-08 5.85798954455541e-08 8.30809155805134e-08 1.30485470517527e-07 5.70467064142655e-08 3.33981743483314e-08 4.39259741358278e-08 2.0886521019392e-07 6.35883267707804e-08 3.37413440187895e-08 3.1005943142981e-07 9.11067806752541e-08 1.73795783353636e-07 4.79447820223022e-08 4.60674188684784e-08 1.15961078006599e-07 5.23448210443256e-08 1.01057748158606e-07 6.59765827981662e-07 4.00472384995965e-06 2.81424587622592e-07 2.23944800250564e-06
2.82738700230212e-08 2.45946776722406e-08 4.0080304442025e-08 5.89327244449045e-08 5.78557937336299e-08 3.13487358183373e-08 3.16440739722701e-08 1.98186249744658e-08 1.031432719234e-08 3.10585729690338e-08 7.76152152326404e-08 4.72900133829945e-08 4.44021417078666e-08 4.59217513126831e-08 1.51378749202458e-08 4.25893848965408e-08 1.59945915068072e-08 3.98890028008303e-08 3.99238071047137e-08 4.50376101523986e-08 4.8059465984629e-08 5.80169213115766e-08 6.43468218153309e-08 4.66387752529052e-08 2.52033016234776e-08 6.47800266317944e-08 6.38817960085802e-08 1.2942353699863e-08 2.17183632411633e-08 2.27476974590246e-08 1.34687028641167e-07 1.47457006105522e-07 5.24424384917843e-08 1.44424256487419e-07 3.49804218369165e-07 1.09418419591556e-07 1.79724517679336e-07 5.32696054711401e-08 3.97074271207831e-07 3.08362819245733e-07 9.66120478906873e-07 5.44210058706085e-07 2.05570720457349e-07 4.0999348840387e-07
7.80142787037974e-09 6.63035403247747e-09 2.16621515614079e-08 3.72997037367817e-08 8.02167005042875e-09 1.31481653564691e-08 2.64578540964955e-08 1.51996742192573e-08 1.53735458585658e-08 1.06098304364366e-08 7.62322991398889e-09 1.67293610853214e-08 3.36586277516204e-08 2.77742358223421e-08 3.41443153639709e-08 2.93335596368571e-08 2.80321256318494e-08 2.15635021061367e-08 4.70317630951733e-08 4.59121778151328e-08 5.95643666057022e-08 7.71425484824562e-08 6.90803013903008e-08 4.52372310055793e-08 1.02986948191663e-08 6.52681177992776e-09 7.05701095338185e-09 7.36990082295108e-09 1.1199495053571e-08 1.65823464515213e-08 1.05135157490999e-07 7.846898168129e-07 7.76097545562848e-08 1.30384545582451e-07 1.41571582024103e-07 4.54952864403779e-07 1.15222250949287e-06 3.23122254464181e-07 2.76549460387354e-07 3.64966215959939e-07 3.16584527482178e-07 3.86572586352774e-07 2.25133170339564e-07 5.05167770503689e-08
2.75646387382089e-08 2.61589772065918e-08 2.56130621267836e-08 2.05029062283479e-08 3.36569655146057e-08 3.11069067726599e-08 1.04783756227356e-08 8.90251466989511e-09 1.00027681915194e-08 9.23532808005945e-09 2.42396055116778e-08 9.0927650298056e-09 1.49735219223679e-08 2.61919243293995e-08 2.28155016879228e-08 3.09596862368977e-08 3.70770857682778e-08 3.33669110119672e-08 7.16290040614354e-09 8.25079111699267e-09 3.51395280762112e-08 7.3736175154604e-08 4.35368851636753e-08 2.43929248799901e-08 2.37555712656601e-08 5.93224631639799e-09 5.30740629223203e-09 6.52820503210805e-09 3.08780193414293e-08 4.43657777626782e-08 3.57455568922305e-08 8.10827688435545e-08 1.61944786580825e-08 1.81326255344061e-08 9.7036016244445e-08 1.48045211256775e-07 3.29682674093945e-07 2.50122983069811e-07 1.02322191297688e-07 3.71484235150987e-07 5.17363837548857e-07 1.54785417605385e-07 1.52681514442587e-07 1.44921035893919e-07
2.36315794488462e-08 2.31485880020088e-08 2.92067472762447e-08 3.82513641095095e-08 2.7779210809431e-08 1.05983906983909e-08 2.84335129330238e-08 2.95815516970777e-08 1.81891968153991e-08 2.61460108785805e-08 2.60084815240091e-08 2.87053785186231e-08 3.12312586570052e-08 1.17757795514706e-08 5.93337496912483e-09 2.0139719969503e-08 2.22412416150952e-08 2.22112995773571e-08 1.61683454846795e-08 3.42095871519454e-08 2.84954918106095e-08 1.07579440578043e-08 2.63667786826183e-08 1.97454763761762e-08 1.56126503503273e-08 1.59609895855617e-08 4.40835020709685e-09 6.10397201672441e-09 5.600577013265e-09 5.93362843304135e-09 3.26848838216875e-08 4.47279972282111e-08 5.43630711891119e-08 1.25270463113836e-08 8.68325656488977e-08 3.72261838210708e-07 1.49486518186137e-07 6.62744403356896e-07 2.22587938758512e-07 1.62507728651562e-07 6.50309618688283e-07 6.33622490031627e-08 1.00248223366961e-07 1.2564307317886e-07
2.6492311955284e-08 2.50025343095928e-08 2.86119329007128e-08 2.20316302868007e-08 1.99140077428162e-08 2.20313129406513e-08 2.11657508297769e-08 5.06348153406222e-09 6.07615228132019e-09 1.76199957291345e-08 1.90613943074069e-08 1.68311563908397e-08 1.69783995529471e-08 1.05298086139349e-08 9.7017778588615e-09 1.90887355921987e-08 3.4481181132584e-09 1.87213021751731e-08 1.9124551187133e-08 5.70058005244789e-09 4.74649086701362e-09 2.09156845509817e-08 1.95617585130314e-08 1.34026000297993e-08 1.32678286801635e-08 1.60000446669528e-08 1.57355436680717e-08 1.4521526503497e-08 3.81579119412834e-09 2.00149929185933e-08 8.74866048494738e-09 1.93733545872377e-08 4.03276027571842e-08 1.37272298084135e-08 2.56692086808563e-08 1.3310789569454e-07 4.33611951344837e-08 1.66602467732702e-07 4.50444719768406e-07 1.14346288615508e-07 6.41920712030064e-08 6.62316030353161e-08 7.90391693206161e-08 8.41933742057321e-08
2.54082300976677e-08 1.00305528105693e-08 2.0535688505241e-08 2.547270857578e-08 2.77949006921574e-08 1.73280618631644e-08 2.2196112581252e-08 2.26952965198812e-08 2.09912594528738e-08 5.80872608901828e-09 1.07035475704897e-08 9.65611400838284e-09 1.01769822125064e-08 9.13722585371701e-09 1.09373639367583e-08 9.21334233350279e-09 1.11320894280453e-08 1.0502618774666e-08 6.93782765681661e-09 8.45606731303406e-09 9.54141818887422e-09 1.48431562041473e-08 2.5084887689264e-08 3.04588691824037e-08 1.80007850070218e-08 1.71197531262379e-08 1.53718167639205e-08 1.35259900058138e-08 1.7345229763599e-08 2.20763549774183e-08 1.92401515830554e-08 1.92040700008889e-08 5.36573434573029e-09 2.4350508309734e-08 6.6842598289707e-08 1.93895434041913e-08 4.84130623479295e-08 1.09159646144441e-07 2.16269958652759e-07 2.87113077979129e-08 6.6624095418355e-08 4.7774940870049e-08 5.97766993459814e-08 8.04389839847985e-08
1.91299923679722e-09 4.00415185453085e-09 1.76010157004747e-08 1.77844139526151e-08 1.76332239698596e-08 1.69799361127154e-08 1.03536358264655e-08 1.38261590731936e-08 1.26244878329018e-08 1.30921963159558e-08 9.8042500451534e-09 1.71105359547674e-08 9.40477297151077e-09 2.13901923840076e-08 1.63652280948945e-08 1.36346293255762e-08 1.29488853750637e-08 6.86430975394003e-09 9.15209428242747e-09 1.05756536639134e-08 1.26446208836839e-08 1.84982458240057e-09 6.33282659645573e-10 4.83114090954473e-09 1.2704417629017e-09 2.5685774618367e-09 2.59598532670324e-09 1.50296175727149e-08 1.48652782860914e-08 1.55140776225693e-08 1.55789206202073e-08 1.54262457585652e-08 2.208696814332e-08 8.21971116726772e-09 3.4808083315685e-08 2.59040748185058e-08 1.45449188027058e-08 1.71077775279471e-08 2.14540262888363e-08 1.62522767022111e-08 2.7174063299551e-08 3.23346569297556e-08 7.22075395587218e-08 6.77764453893559e-08
1.33337144658796e-09 1.56007338159014e-09 1.43354987880429e-09 5.55444280569972e-09 4.15380878582283e-09 2.581206981489e-09 1.2899754486817e-08 1.02552361713748e-08 6.50261612333836e-09 1.28657651532471e-08 1.13331734552524e-08 1.62913691315048e-08 5.14523650352316e-09 1.05350076662347e-08 1.14451741084487e-08 8.67924550007615e-09 6.15784636615047e-09 5.40580195051987e-09 4.37344870318768e-09 6.8268116715231e-10 5.87110549066239e-10 3.95852595147517e-09 9.70883952122747e-09 2.60071965074715e-09 3.60325884685153e-09 1.88073845386327e-09 6.2753107488156e-09 1.37890471263447e-09 1.62458778651953e-09 1.24811163182414e-08 1.49221052958559e-08 1.794247346254e-08 2.13163919848824e-08 2.04039361739738e-08 2.99490012012349e-08 2.44394304127482e-08 3.09598340852979e-08 3.36418860769072e-08 3.85102103539481e-08 5.68277385482041e-08 6.92170541216619e-08 1.44448744632264e-08 5.23417809983329e-08 1.97466631157717e-08
