Maxent_result_files_1/Bombus_schrencki_3.asc
NCOLS 594 
NROWS 330 
XLLCORNER -15 
YLLCORNER 23 
CELLSIZE 0.166666666666667 
NODATA_value -9999 
[rows 160 to 179 of 330, columns 180 to 224 of 594]
0.225659297406673 0.433020004630089 0.250966601073742 0.301829391717911 0.0409431995823979 0.0102939682314172 0.0913851346820593 0.147719961777329 0.0139802648918703 0.0199719994328916 0.0696233168244362 0.0433039232157171 0.00776546369306743 0.0140624342020601 0.16472497805953 0.0428899445571005 0.0537574274465442 0.0896080384030938 0.0244034538511187 0.0590729732997715 0.0147422143490985 0.0680793164297938 0.260634532570839 0.0681589018553495 0.00896745172794908 0.161891037225723 0.419374108314514 0.0273203085642308 0.236114762723446 0.290668752789497 0.11299568079412 0.385973310470581 0.865471202135086 0.293734791874886 0.446468302607536 0.125289978086948 0.0259475413244218 0.025602041464299 0.120303652435541 0.0438048546202481 0.0734025467187166 0.097390391677618 0.0331448362674564 0.0253993223421276 0.0304872974287719
0.042227828502655 0.239885043352842 0.0835170164704323 0.0601376006379724 0.0418421785347164 0.104925750568509 0.0520157209597528 0.00358751169405878 0.00217594014538918 0.00287916359375231 0.00298353675170802 0.0360008392482996 0.118818819895387 0.0141913612606004 0.0927413180470467 0.0751795427873731 0.0304551440291107 0.0332626638934016 0.0234080386348069 0.0142047964967787 0.0814330788329244 0.0566178849898279 0.235661773383617 0.206123732030392 0.42461122572422 0.183151311427355 0.685488712787628 0.070270767621696 0.0313482942990959 0.464545464515686 0.412761506438255 0.468046882748604 0.602461460232735 0.583420059084892 0.486499717831612 0.896414113044739 0.890716463327408 0.234959724545479 0.183403073251247 0.0280362149234861 0.063107031956315 0.0765206772834063 0.0390290926210582 0.0276780633255839 0.0182830109959468
0.279595262557268 0.805905711650848 0.776995939016342 0.297695203125477 0.373481900990009 0.41614525616169 0.114830241724849 0.0216312824282795 0.0142951267538592 0.00312820049002767 0.00941239215899259 0.0015517431020271 0.00212814001715742 0.00764625660376623 0.108447514101863 0.119699960201979 0.185161183029413 0.225351510941982 0.321264182031155 0.478594207763672 0.218152502179146 0.053212559223175 0.0363170940428972 0.133634709194303 0.434781712293625 0.04121168339625 0.0847754761576653 0.370201808214188 0.223701091110706 0.557695189118385 0.578119561076164 0.516797697544098 0.103258603625 0.990287256240845 0.615813738107681 0.373378647863865 0.0776119455695152 0.0300172595307231 0.471332722902298 0.114358255639672 0.0745679812505841 0.0709439398720861 0.077377731539309 0.066746318526566 0.0139726893394254
0.971626102924347 0.934422868490219 0.71973227262497 0.359436582028866 0.312383957207203 0.623154374957085 0.426900377869606 0.836072826385498 0.219680114090443 0.0956795319914818 0.00548840051051229 0.00175002868345473 0.00752696908311918 0.00273737809038721 0.00582416199613363 0.00808272926369682 0.041404028236866 0.610933247208595 0.140769297629595 0.524785327911377 0.41924524307251 0.225682147592306 0.755596774816513 0.506123593449593 0.244779106974602 0.699789008498192 0.318741957843304 0.0647511390969157 0.505593034625053 0.325874088704586 0.239383136481047 0.203697012364864 0.171158987283707 0.317898824810982 0.539444425702095 0.566172495484352 0.365887847542763 0.109353742748499 0.0128216057550162 0.00897640965413302 0.0131168511230499 0.249041058123112 0.655868962407112 0.535452583432198 0.25075259655714
0.158675201237202 0.217417628318071 0.164965657889843 0.285792384296656 0.646276134252548 0.886800372600555 0.604006218910217 0.185100846737623 0.11812601312995 0.266074231266975 0.00835118524264544 0.00215797984565143 0.00319803525344469 0.00628253802424297 0.00242858462152071 0.136984946578741 0.294203209877014 0.262650591135025 0.247664983570576 0.308408263325691 0.502857771515846 0.362506185472012 0.570213502645493 0.765591758489609 0.46177265048027 0.338265885412693 0.738892763853073 0.141483188048005 0.159245029091835 0.0580353390425444 0.0225924502592534 0.0374806000851095 0.0215649355202913 0.102620225027204 0.053346127551049 0.0705121608451009 0.340790654718876 0.331732727587223 0.0594718653708696 0.0116379769286141 0.0560048958286643 0.160448736697435 0.804929459095001 0.500617030262947 0.456562167406082
0.0232616253662854 0.0146294117206708 0.0259479871019721 0.159302837401628 0.156719858944416 0.0658275743946433 0.0656946700066328 0.470338806509972 0.500484469532967 0.028161383792758 0.0647251740098 0.11765174344182 0.00312985592754558 0.00868680424755439 0.0126747896661982 0.00347359805018641 0.00720560678746551 0.0452021667733788 0.0558867776766419 0.162087765336037 0.142933395132422 0.136873474344611 0.50317502617836 0.868404054641724 0.380023480951786 0.733596110343933 0.91297687292099 0.569805109500885 0.0852074010297656 0.0096809062641114 0.0201646550325677 0.0162977158557624 0.0275538472924381 0.021249333769083 0.0301783342845738 0.0124569077976048 0.0148184071062133 0.0355923380702734 0.01237798249349 0.22907577753067 0.283391785621643 0.337103363871574 0.212209474295378 0.468494021892548 0.187448001652956
0.0116211386397481 0.00726683601969853 0.00419835379580036 0.00417562610819004 0.0142588838934898 0.111153151839972 0.0197702340781689 0.0162396128755063 0.447832834720612 0.344375161826611 0.319477669894695 0.360606671869755 0.242525005340576 0.424179112911224 0.521515360474586 0.0721520064398646 0.00718795261345804 0.00419808399165049 0.00429086793446913 0.20420083552599 0.107416368275881 0.743789100646973 0.876516765356064 0.925939184427261 0.927573478221893 0.967949312925339 0.83796461224556 0.815252405405045 0.0213529391679913 0.0123168629826978 0.0103863818338141 0.00664843192789704 0.0110693369992077 0.00643045174656436 0.00764959211228415 0.0119386952603236 0.0246946436353028 0.0159828302916139 0.282930573821068 0.356803101301193 0.0700610928237438 0.10326275639236 0.0782164232805371 0.145633985847235 0.143687959015369
0.00416678202454932 0.0457196872681379 0.0413032796233892 0.0196214308962226 0.066885793954134 0.0256111459806561 0.143650954961777 0.0475868789479136 0.0647048568353057 0.135518754273653 0.285297764837742 0.400454297661781 0.387633788585663 0.337833976745605 0.547840061783791 0.204270315170288 0.023748869728297 0.0041370518039912 0.00467242050217465 0.033395978435874 0.644928002357483 0.868902575969696 0.703694728016853 0.7295893907547 0.844858348369598 0.667331606149673 0.795787060260773 0.306149154901505 0.0249916011467576 0.399953953921795 0.233278955519199 0.0213872157968581 0.087353453785181 0.0244641841389239 0.100503741949797 0.0572193002328277 0.0538126965984702 0.138804031908512 0.0301511596422642 0.0628804530948401 0.0662948263809085 0.133773966133595 0.07759815081954 0.0700371412560344 0.0305899166502058
0.0251166649628431 0.0111010288354009 0.00477222352055833 0.0511963006108999 0.0757373172789812 0.00531669307965785 0.00723643926903605 0.00563310494762845 0.515954032540321 0.0395785531960428 0.185700702667236 0.229993776232004 0.314042370021343 0.383156481385231 0.504247811436653 0.203070073574781 0.0172346113715321 0.0964683584868908 0.112707314267755 0.424691225588322 0.291825772821903 0.283925732970238 0.0344847232103348 0.0823445297777653 0.156416741758585 0.121229488775134 0.102103482931852 0.0787387147545815 0.102881622686982 0.0563799999654293 0.0374429675750434 0.00912076018285006 0.0784284489229321 0.0538633873686194 0.0129803190706298 0.00631456557312049 0.0326229316182435 0.0152544317767024 0.0138980051269755 0.0222793744876981 0.0278617094270885 0.0201358545571566 0.025741108879447 0.019032860500738 0.0282758793793619
0.114844904467463 0.137137900292873 0.158519870787859 0.0366787703707814 0.307850544154644 0.512627962231636 0.407944273948669 0.0541847495362163 0.140217009931803 0.13894370496273 0.242949265241623 0.162169569730759 0.0513834107667208 0.0734623998403549 0.37850130200386 0.299059687554836 0.158959800750017 0.0351184627041221 0.0198938603978604 0.278868041187525 0.370493979752064 0.246718910336494 0.269262020289898 0.311672991514206 0.725722876191139 0.485818180441856 0.219855043292046 0.266936947405338 0.199757972359657 0.2451186388731 0.278016854822636 0.172124233841896 0.182699423283339 0.0753353346139193 0.0587979527190328 0.0264192546717823 0.0116397712146863 0.0177672990597785 0.0738977991044521 0.0135892258724198 0.452048151195049 0.0830242116004229 0.0242442723363638 0.165574894100428 0.175327149033546
0.0589994043111801 0.222970183193684 0.174317721277475 0.0797974705696106 0.0380830400623381 0.58785654604435 0.366940167546272 0.179066249728203 0.189915645122528 0.180360326170921 0.401317173242569 0.130834097415209 0.0073020129580982 0.0468685559928417 0.0874841935932636 0.439977380633354 0.0950100675225258 0.0133486360777169 0.31722993850708 0.356105425953865 0.656207662820816 0.441768664121628 0.759880340099335 0.471684950590134 0.474655133485794 0.441962543129921 0.307049523293972 0.274755364656448 0.217835457623005 0.30129809230566 0.186300035566092 0.0578344260342419 0.153772470355034 0.159133587777615 0.554426035284996 0.293176184594631 0.323138478398323 0.138504494354129 0.204066228866577 0.100932931527495 0.10229671895504 0.10691973157227 0.00593336971360259 0.275404436886311 0.168696835637093
0.161685530841351 0.20528651624918 0.286163854598999 0.744701233506203 0.174606485664845 0.230009409040213 0.32096393853426 0.169688608497381 0.364106664061546 0.398706276714802 0.4831588357687 0.0848215106874704 0.0528339875862002 0.00789389353012666 0.026849427819252 0.0142831546952948 0.247355504333973 0.57986426949501 0.579914903640747 0.390592150390148 0.377080787718296 0.64608952999115 0.926928472518921 0.521897593140602 0.279289510846138 0.412291073799133 0.632347777485847 0.298020751774311 0.169594556093216 0.00737335747107863 0.115090145170689 0.178951661288738 0.12782841771841 0.150493575632572 0.0453014844097197 0.193915678560734 0.0777993109077215 0.045181779935956 0.0646258901804686 0.0305867264047265 0.037701652571559 0.0452727040275931 0.273856723308563 0.261308518052101 0.23003549054265
0.23550963550806 0.215343944728374 0.408170038461685 0.448602133989334 0.196159975230694 0.132797809690237 0.0752470837906003 0.330175372958183 0.221377056837082 0.557704240083694 0.144509885460138 0.134372752904892 0.0163644499145448 0.0205106852576137 0.255938316881657 0.16894970536232 0.438963732123375 0.249040570855141 0.350219884514809 0.151105293631554 0.410725450515747 0.613939636945725 0.956797873973846 0.401669755578041 0.0590726897120476 0.787197190523148 0.712350112199783 0.508734172582626 0.0401152043137699 0.0396324209868908 0.0122699093888514 0.0230488049797714 0.221319153904915 0.217960618436337 0.465217271447182 0.123591773957014 0.0505725409835577 0.131961815059185 0.0126318045891821 0.00879964581690729 0.00320330773247406 0.00847074775956571 0.0528153713792563 0.0286999971140176 0.0342397209722549
0.639108377695084 0.641722768545151 0.0765520112589002 0.0666757760569453 0.137760280817747 0.0512115649878979 0.0695029001682997 0.0284055550582707 0.0140321619343013 0.0156626640353352 0.00310384851763956 0.00661262874491513 0.0215571417473257 0.104246105626225 0.169334994256496 0.034608839917928 0.0997048534452915 0.12499273866415 0.075640283152461 0.216812033951283 0.626691487431526 0.446248629689217 0.322386226058006 0.888687062263489 0.392423194646835 0.716390135884285 0.915069621801376 0.599185624718666 0.538765928149223 0.167824880033731 0.0485949932597578 0.237826675921679 0.113238111883402 0.215368187427521 0.109132358431816 0.13086608313024 0.0240722583606839 0.0286476152017713 0.00661763732787222 0.00692634386941791 0.00373250615084544 0.00353796414565295 0.00551665124949068 0.00521721995901316 0.00986793744377792
0.601032370328903 0.298349431157112 0.310555773973465 0.0710110183805227 0.188821851462126 0.0310760182328522 0.044716633297503 0.00268852379231248 0.00259058920200914 0.00570732069900259 0.0030587638320867 0.002797518245643 0.191989698261023 0.272835050523281 0.0311114896088839 0.0444997254759073 0.072966305539012 0.0601475570350885 0.086336475238204 0.125211177021265 0.0555643778294325 0.097807677462697 0.104338557273149 0.575415819883347 0.010784080135636 0.089815885014832 0.0576764618977904 0.0966086450964212 0.130874969437718 0.178748308867216 0.0699302017688751 0.179450162500143 0.132004411518574 0.761745151877403 0.101326644793153 0.0914685919880867 0.0153272851370275 0.0180238148197532 0.00429967392701656 0.00504071498289704 0.0141710812225938 0.0212532941251993 0.0160393862053752 0.00530273432377726 0.00292408273089677
0.613236927986145 0.130254298821092 0.505016708374023 0.241884760558605 0.0558713836595416 0.00947534863371402 0.00168445491435705 0.00356085007078946 0.00445749592036009 0.00557219635229558 0.00427532061003149 0.079983127489686 0.100671644508839 0.00377006214112043 0.0078009226010181 0.0129138223128393 0.0205865306779742 0.0413191700354218 0.0507498022168875 0.0177437075413764 0.0281274888664484 0.131025416404009 0.158733922988176 0.115278348326683 0.194935894757509 0.146630069613457 0.132503559440374 0.642328342795372 0.161523830890656 0.0365081240423024 0.0363525619730353 0.0808581069111824 0.0267926067113876 0.0434483440592885 0.0533134901896119 0.0241093829274178 0.00768055971711874 0.0675211522728205 0.00391529662301764 0.005019859271124 0.00423310316982679 0.0175384630914778 0.00340380711131729 0.00417667098809034 0.00419812134932727
0.654851740598679 0.608709931373596 0.268096777796745 0.107902156561613 0.0474651591852307 0.00265768436656799 0.0147540963953361 0.0180256088729948 0.0101545469136909 0.00710299384081736 0.00262295027496293 0.022859600186348 0.365949709713459 0.21852046623826 0.0172979223541915 0.0131440552417189 0.0229789963457733 0.0399820113554597 0.0107086534146219 0.0200521168764681 0.0443214245140553 0.0300797671079636 0.0263303874060512 0.0368883095681667 0.0397513935342431 0.0157316622324288 0.158194296807051 0.146086206287146 0.0460327215492725 0.0098599857185036 0.00105607912992127 0.0024123843992129 0.00128001043049153 0.00301150216255337 0.00338824368081987 0.00638518738560379 0.00316359579446726 0.0242381082847714 0.00593122662976384 0.00473654819652438 0.00927910272730514 0.00681812795810401 0.0187928912229836 0.0429541533812881 0.0106256059836596
0.434199973940849 0.396510203182697 0.116925417631865 0.266388703882694 0.0156756300013512 0.0191609982866794 0.0379208393394947 0.22931726872921 0.0242842828389257 0.00578736712923273 0.00509792954544537 0.0395872367545962 0.114723937213421 0.00344485457753763 0.00440448804292828 0.0549805575981736 0.0401013627648354 0.00573004756006412 0.00810134778730571 0.00631931885145605 0.00532966561149806 0.00328168291598558 0.00286752874962985 0.012662816606462 0.00483866273425519 0.0325509212911129 0.00689844591543078 0.011707083042711 0.00608619491104037 0.00400114494841546 0.00471221391344443 0.00308103312272578 0.00249421319458634 0.00218098557088524 0.00720398905687034 0.00320844924426638 0.00386876344564371 0.0097994873765856 0.00167338948813267 0.0149293912574649 0.00959594072774053 0.0240087794139981 0.0256632334552705 0.0554947137832642 0.0297561632469296
0.511210453510284 0.321125516295433 0.228310067951679 0.217681188881397 0.0220068271737546 0.0237112681381404 0.108204839751124 0.207867424935102 0.816629177331924 0.0691582290455699 0.00843286731978878 0.0659426553174853 0.0438521590083838 0.0372932584956288 0.016321674711071 0.0141795265022665 0.0227745592594147 0.014924751361832 0.029256231803447 0.00752736097201705 0.00381682512816042 0.00857972651720047 0.00168735043262132 0.00279940756736323 0.00429985637310892 0.00637640035711229 0.00953347752802074 0.0112261301837862 0.00886419326998293 0.0044544879347086 0.00362705069128424 0.0120869042817503 0.00302971614291891 0.00810184557922184 0.0118936671409756 0.00511707563418895 0.0048875984037295 0.0122445421293378 0.0184194641187787 0.0189107853453606 0.0129117272328585 0.0266208549961448 0.11444970741868 0.0363907533697784 0.00752962133847177
0.129450735449791 0.0681967221200466 0.116174291074276 0.284500499069691 0.143259826302528 0.0800843350589275 0.0468458426184952 0.542424806952477 0.0852320238947868 0.0864990752190351 0.0697748897597194 0.024640208017081 0.129381584376097 0.0348542731255293 0.00763592983130366 0.00839291755110025 0.00967256352305412 0.0272368730977178 0.00798587237950414 0.0116441041231155 0.00164706128416583 0.0052035957807675 0.00257801661500707 0.0028879203251563 0.00326221969444305 0.00372354578576051 0.00402401919127442 0.00655588523950428 0.018943543639034 0.00403092550113797 0.00211896954569966 0.00233588168630376 0.00204562626895495 0.00104131003317889 0.0380181463435292 0.011655337549746 0.0109703845344484 0.0168544508051127 0.0194267953047529 0.0129546514246613 0.0332078657113016 0.0161795583087951 0.0341531548649073 0.0630619032308459 0.0227775255218148
