Maxent_result_files_1/Bombus_sylvarum_2.asc
NCOLS 594 
NROWS 330 
XLLCORNER -15 
YLLCORNER 23 
CELLSIZE 0.166666666666667 
NODATA_value -9999 
[rows 273 to 293 of 330, columns 368 to 413 of 594]
3.08262196995202e-06 1.54599413804135e-06 2.2855812517264e-06 2.38508389429626e-06 2.41898673039032e-06 2.43250337916834e-06 2.46171829303421e-06 3.78286863451649e-06 4.50439406449732e-06 5.21838658187335e-06 6.4599342749716e-06 8.89224684215151e-06 0.000150054335972527 7.43578957553836e-06 7.46796436033037e-06 8.36263066048559e-06 2.09401267056819e-05 1.02942394732963e-05 5.30974670255091e-05 0.00011746669842978 0.000236922032490838 0.00027209355175728 0.00276756931561977 0.000876057369168848 0.000930535898078233 0.0015156572102569 0.00188953276956454 0.000511798553634435 0.000217593391425908 0.000280423751974013 0.000502757387585007 0.0005808062676806 0.000103388999559684 4.81435687106568e-05 2.05721608836029e-05 2.10794128179259e-05 2.720205411606e-05 5.35663730261149e-05 2.20815952161502e-05 1.37431259645382e-05 1.63053741744079e-05 1.17693964057253e-05 1.70756256011373e-05 1.4392093726201e-05 6.22078218839306e-06 9.26816665014485e-06
2.8704164606097e-06 3.25041742144094e-06 3.04400756476753e-06 2.35818478131478e-06 3.17785147672112e-06 2.36157726476449e-06 2.12855641166243e-06 1.78548658595901e-06 1.84608481959003e-06 1.85500505267555e-06 5.6681889191168e-06 2.4136522642948e-05 7.29224590031663e-05 1.2299551281103e-05 1.24203074847173e-05 7.08173122347944e-06 5.02148013765691e-06 8.09977555036312e-06 1.54544041834015e-05 2.0412742105691e-05 3.27718482367345e-05 9.11767900106497e-05 0.00021937338024145 0.00141264365520328 0.000666846861713566 0.000818146028905176 0.00106376080075279 0.00111402636393905 0.000538584392052144 7.71256483858451e-05 0.000131163741752971 4.00574632294592e-05 6.5945335154538e-05 2.56212606473127e-05 2.73782212389051e-05 3.37855384714203e-05 1.90574853149883e-05 2.89989302473259e-05 1.14012046196876e-05 2.05597667445545e-05 1.45484791573836e-05 1.73359012478613e-05 2.3725358187221e-05 5.95880937908078e-05 1.88833778338449e-05 1.13934288492601e-05
1.39959316243221e-06 1.46077810541101e-06 3.25903552038653e-06 4.04049642384052e-06 2.41647164784808e-06 3.0155960303091e-06 2.50086238793301e-06 1.96971536752244e-06 1.2381008389184e-06 1.38547531491895e-06 1.50427733274228e-06 1.04724221728247e-05 1.31655138829956e-05 1.69696895682137e-05 1.05104620161001e-05 6.51261016173521e-06 1.98571219698351e-06 3.69620181572827e-06 1.01011567949172e-05 1.09595983303734e-05 2.22321922592528e-05 0.000135279668756993 0.000203832300030626 0.000487930164672434 0.000345669900707435 0.000299302188795991 0.000574230318306945 0.000487906485795975 0.000566368119325489 0.000270227565488312 9.41317735851044e-05 6.02944004640449e-05 4.14712108977255e-05 0.000135607893025735 3.64803112461232e-05 2.60281065493473e-05 2.188235612266e-05 4.14714842918329e-05 1.4610460948461e-05 1.73688589711674e-05 1.45929321661242e-05 3.06197596728452e-05 3.37327386660036e-05 4.05327129556099e-05 3.64088815331343e-05 7.86887922004098e-06
2.41887561287513e-06 1.94038856307088e-06 3.29132312799629e-06 2.93665622166372e-06 5.77719149532641e-06 3.06189566572357e-06 1.52476412722535e-06 2.00270620780429e-06 1.73777071950099e-06 1.6691416476533e-06 1.91036405112754e-06 3.39146539545254e-06 6.25449501967523e-06 6.87073707013042e-06 6.82317727296322e-06 4.86578035179264e-06 1.79574755634349e-06 1.87322103784027e-06 2.87067614408443e-06 7.60659581828804e-06 1.13280145797034e-05 2.99411263767979e-05 2.57836401942768e-05 7.63290659961058e-05 0.000460783482412808 0.000104398753319401 0.000148790595994797 0.000611660038703121 0.00110064517357387 0.00039602226606803 0.000133399352489505 0.000439290254143998 7.13878645910881e-05 0.000100237604783615 6.0144581948407e-05 3.27912624925375e-05 2.18028822018823e-05 1.64652235980611e-05 1.30791035644506e-05 1.04813211237342e-05 1.28633061649452e-05 2.20650915252918e-05 4.91444961880916e-05 5.22598918905714e-05 5.31846060766838e-05 1.10411164769175e-05
1.15954045440958e-06 1.32215253074719e-06 1.40270540782694e-06 3.98840325033234e-06 4.33179059200484e-06 4.23641126872099e-06 3.83019075798075e-06 3.85047221698187e-06 3.9042082562446e-06 6.65974616822496e-06 2.49185825396125e-06 1.27054870517895e-06 2.86989437654483e-06 1.49848562614352e-05 2.89564670310938e-05 3.94040582705202e-06 2.9709955015278e-06 1.66761769833101e-06 3.74170840586885e-06 3.29744195823878e-06 9.54222123255022e-06 5.81488191528479e-05 6.2166810312192e-05 3.58275648977724e-05 8.80664723808877e-05 6.25909175141714e-05 0.000140683579229517 0.000165494140674127 0.000457894589635544 0.000252689060289413 0.000199582208006177 0.000190419848513557 0.00014871051243972 7.17504412023118e-05 4.60548162664054e-05 4.35022137025953e-05 2.94619943815633e-05 2.13578496186528e-05 1.57968506755424e-05 1.46690951623896e-05 1.10283487629204e-05 1.27425093978673e-05 2.26108310926065e-05 3.75369554603822e-05 0.000127288539079018 0.000119632614223519
1.76697534470804e-06 1.44145491844938e-06 2.83409694930015e-06 2.72323437684463e-06 7.30481674509065e-06 5.38604745088378e-06 3.058833817704e-06 2.06701439310564e-05 4.32781263953075e-05 9.60218185355188e-06 3.7413712561829e-06 4.45148953076568e-06 2.29645585250182e-06 5.92964311181277e-06 3.4203379527753e-06 2.91593524934797e-06 1.12917478531926e-06 2.2144499780552e-06 1.48554202610285e-06 2.08829077337214e-06 6.7955218582938e-06 1.13665263597795e-05 0.000108365291816881 6.1527827710961e-05 6.38249689473014e-06 2.39527547819307e-05 9.48759181483183e-05 8.06975447630975e-05 0.000194005640514661 6.31425438768929e-05 0.00015368241147371 8.24880651634885e-05 0.000208665549871512 9.56738324020989e-05 8.6572306099697e-05 5.24333110661246e-05 4.37926102677011e-05 2.68304152996279e-05 2.97401791613083e-05 2.25564986976678e-05 1.30236438963038e-05 9.13827207114082e-06 1.04368911706842e-05 1.47789465700043e-05 5.59539421374211e-05 9.97414106677752e-05
3.37350809331838e-06 1.62528754117375e-06 1.52046102357417e-06 2.784592061289e-06 2.82163775864319e-06 3.94507026157953e-06 2.72087394250775e-06 6.10692231930443e-06 6.05187383371231e-06 2.90734772079304e-06 3.62105379281275e-06 2.52052784617263e-06 1.39805650178459e-05 1.78173479525867e-06 1.06201258859073e-05 2.2293716256172e-06 1.32143009068386e-06 1.48559051922348e-06 1.83338109991382e-06 1.27521009289921e-06 1.68060265650638e-06 5.49289979971945e-06 2.32610778766684e-05 0.000163883080676897 6.93058475008002e-05 6.56141859508352e-05 0.000133797842863714 9.90914857538883e-05 0.000124902661627857 0.000227524832007475 0.000128537316777511 0.000308620472787879 0.000254473541281186 0.000120634930499364 6.19053691480076e-05 7.84874649980338e-05 6.87980253132991e-05 4.44539706222713e-05 3.84090677471249e-05 2.46014981712506e-05 2.22978507736116e-05 1.30056254874944e-05 1.16493590667233e-05 9.57460083554906e-06 1.2925221972182e-05 3.8174871042429e-05
1.98405377886957e-06 1.7614776083974e-06 1.5775178894728e-06 1.74673592709951e-06 1.91921284340424e-06 3.28304938648216e-06 2.44212847064773e-06 3.27642853790167e-06 1.87603694712379e-06 2.02103648234697e-06 2.14416088510916e-06 1.21422383472236e-06 3.66344156645937e-06 1.52851060647663e-05 2.98615370866173e-06 1.21117711273655e-06 8.673501326939e-07 8.67885839284099e-07 9.38455798404902e-07 2.73558441676869e-06 1.02098581464816e-06 2.68745307039353e-06 2.76234019111143e-05 4.57619957160205e-05 6.35862776107388e-05 6.01013038249221e-05 5.17570188094396e-05 6.6641297962633e-05 8.05766558187315e-05 0.000180500553688034 4.6260923409136e-05 0.00012853267180617 8.44003454403719e-05 0.000198005579295568 0.000130631123465719 0.000168182325433008 0.000123806195915677 0.000157058412150946 6.24287338723661e-05 3.22176443660283e-05 1.68906283761316e-05 2.86261851215386e-05 1.07321482573752e-05 7.11379493623099e-06 6.11960979313153e-06 1.28615074117988e-05
4.07740062655648e-06 3.14111707666598e-06 3.6298074064689e-06 1.45744410247062e-06 2.738558805504e-06 1.37059801659234e-06 2.07202438105014e-06 1.82651205022921e-06 2.40638917148317e-06 1.9289657416266e-06 1.82440388698524e-06 3.23919987295085e-06 4.16718057749677e-06 4.53622737950354e-06 1.29850805024034e-06 1.44872970508914e-06 1.27880329614527e-06 1.12333839297207e-06 9.60874621114272e-07 1.44244434068241e-06 1.3558554201154e-06 1.46811838135363e-06 1.40347588967416e-05 4.32564211223507e-05 4.35176849350682e-05 2.24355833779555e-05 0.000101870363869239 5.90793602896156e-05 0.000101278498914326 5.90166870097164e-05 0.000231941991660278 9.8290197638562e-05 0.000170212543162052 0.00018721547385212 0.000139233686059015 6.25435783149442e-05 6.20077182247769e-05 8.99774517165497e-05 5.24229817528976e-05 7.63414776884019e-05 3.14109083774383e-05 2.13155630262918e-05 1.98260890101665e-05 5.62719117169763e-06 5.00412454584875e-06 6.57958371448331e-06
6.50630909149186e-06 8.86862858351378e-06 6.46207645331742e-06 1.42888530945129e-06 1.17592534820687e-06 3.28005439769186e-06 1.2611235604254e-06 1.7622312043386e-06 1.98624879885756e-06 1.84796033408929e-06 3.02003538763529e-06 5.81650510866893e-06 2.78081863598345e-06 3.31883659328014e-06 1.14987927872789e-06 1.37925193257615e-06 1.28494754676467e-06 1.65054119634078e-06 1.56050089117343e-06 9.34786572770463e-07 5.85142652198556e-07 7.90910695513958e-07 2.23355747266396e-06 4.22014570631291e-06 3.58862876055355e-06 5.75723311158072e-06 4.77949583000736e-05 0.000136561516410438 5.55956266907742e-05 4.78175870739506e-05 0.000759889133041725 0.000406508473679423 0.000394244509516284 0.000141070488461992 0.000160559140931582 5.5218361740117e-05 0.000143079712142935 0.000149301144847414 0.000175800830766093 4.95195970870554e-05 3.58731427695602e-05 1.61531014782668e-05 7.90815529398969e-06 5.45492780474888e-06 4.83813676055433e-06 4.65598586742999e-06
5.22443122008553e-06 5.19945131145505e-06 5.17500127443782e-06 3.82748326046567e-06 2.00046154077427e-06 2.15897003954524e-06 2.33348034726077e-06 2.11026888337074e-06 1.82563589987694e-06 1.92031884580501e-06 2.07357961699017e-06 1.80769278586013e-06 1.5536812099981e-06 7.5045784797112e-06 9.90942902490133e-07 1.85342091754137e-06 1.7345447417938e-06 1.72753526612723e-06 2.27744338872071e-06 6.82926690842578e-07 5.17749504069798e-07 5.43432014410428e-07 1.55554311049855e-06 2.38253887800965e-06 2.58835970043947e-06 4.06277581532777e-06 3.87503760066466e-06 7.36867328669177e-05 0.000205888578784652 8.48372525069863e-05 0.000143057746754494 0.000409849069546908 0.000137546419136925 0.000148264739254955 8.77524842508137e-05 0.000149288871034514 0.000159443459415343 0.000165807298617437 0.000174317952769343 8.43043646455044e-05 7.17827195330756e-05 4.02258257963695e-05 2.75668113317806e-05 1.04803859812819e-05 8.98095277079847e-06 5.15677245402912e-06
2.45349908709613e-06 4.31034172834188e-06 2.78285745025642e-06 2.00632986206983e-06 2.0350740669528e-06 2.69009275370991e-06 4.22500975219009e-06 1.61730579293362e-06 4.56963449323666e-05 4.6644292979181e-06 3.34013848259929e-06 1.764613693922e-06 1.26858661815277e-06 6.63658970552206e-06 1.4739695359367e-06 1.16581456950371e-06 2.0755547780027e-06 2.21467263372688e-06 1.04937486185008e-06 6.69713509182657e-07 8.75340134598446e-07 4.42788723375997e-07 5.60744209110453e-07 2.789392624436e-06 8.85722795374022e-07 1.18786194889253e-06 6.2026173054619e-06 0.000110965941712493 6.3649868752691e-05 9.73021240497474e-05 9.42763494094834e-05 5.82715543714585e-05 0.000109053722553654 2.92392041956191e-05 6.1123483828851e-05 0.000203746027546003 0.000126065178483259 0.000180078961420804 0.000145696214167401 4.46214515250176e-05 3.50040734701906e-05 6.11778810707619e-05 6.33984163869172e-05 4.41491494711954e-05 2.25880246944143e-05 8.68773045112903e-06
2.74024991995248e-06 2.72296389312032e-06 2.71157971383218e-06 2.63073595760943e-06 3.40978467647801e-06 2.63646911662363e-06 3.21375900966814e-06 4.69187607450294e-06 1.55757122229261e-05 9.34513150241401e-07 2.67241326810108e-06 2.15698840293044e-05 1.97975770106495e-06 1.36620496391515e-06 1.11154475916919e-06 2.27592970531987e-06 1.03494383893121e-05 6.87500887579517e-06 8.64481634721415e-07 6.94561299496854e-07 1.28000277186402e-06 8.50552274300753e-07 9.72350380834541e-07 4.94665508199432e-07 5.72776966123456e-07 9.35513656941112e-07 5.85957907333068e-06 5.36630934220739e-05 1.04352545349684e-05 4.76750581583474e-05 5.56961163965752e-05 4.96636941534234e-05 8.27332703920547e-05 0.000254591519478709 8.55327725730604e-05 0.000182953888725024 0.000209978598286398 0.000153344960563118 0.000119515435653739 4.47526399511844e-05 3.54519626853289e-05 5.64368539926363e-05 4.06024053518195e-05 0.00014428640861297 6.84698152326746e-05 1.04987715985771e-05
2.90204252451076e-06 2.94268945708609e-06 2.90700752429984e-06 3.03561204191283e-06 3.00644870776523e-06 3.06984962890056e-06 3.75521749447216e-06 3.48748091028028e-06 4.67060169739852e-06 3.90246600545652e-06 2.13560148267788e-06 2.0052845002283e-06 1.33674566882291e-06 3.00762060305715e-06 1.16219854362498e-06 -9999 -9999 1.70350392636465e-06 7.48652135484917e-07 7.55834895471708e-07 1.11405584561908e-06 2.51708188443445e-06 2.66464998048832e-06 5.48577352788016e-07 5.19656165920423e-07 6.40697189169259e-07 9.33265101821235e-07 1.96990382619333e-06 1.38666499651663e-06 2.87572142951831e-06 1.3066983774479e-05 6.47938377369428e-05 9.29985952097923e-05 7.57965161028551e-05 0.000133786231890554 0.000161958385433536 0.000121720557945082 7.60261380492011e-05 9.76768591499422e-05 5.02317341670278e-05 2.33375036259531e-05 4.61457704659551e-05 1.79000217940484e-05 3.11623065499589e-05 9.71278721408453e-05 3.69619599950965e-05
2.98317628448785e-06 3.13542141157086e-06 3.0151250371091e-06 3.11923181470775e-06 3.41549126687823e-06 3.36856105604966e-06 3.46931552712704e-06 3.41410840292156e-06 3.8290763995974e-06 3.28528202544476e-06 2.44021766775404e-06 2.03633478577103e-06 2.27761577207275e-06 1.2216705499668e-06 1.41397306947511e-06 0.000133416265452979 -9999 -9999 -9999 1.06997422335553e-06 -9999 -9999 -9999 5.07314445030715e-07 3.78828569580492e-07 6.7070594695906e-07 8.50357736226215e-07 2.2410420911001e-06 3.0324529234349e-06 2.47851369294949e-06 4.43487258507957e-06 6.03812884946819e-05 5.8944688498741e-05 5.3314225806389e-05 0.000146431939356262 7.21957359928638e-05 8.48815325298347e-05 7.09999541868456e-05 0.000141810552304378 4.611651529558e-05 0.000119521341548534 2.67707051534671e-05 1.8851953700505e-05 2.06404590244347e-05 2.4338881848962e-05 4.49334391305456e-05
2.96285819558761e-06 3.03324829928897e-06 3.65142007012764e-06 3.46063654887985e-06 2.98179222681938e-06 3.2598100233372e-06 3.13611261617552e-06 2.9774797326354e-06 2.8843585823779e-06 2.57566308619062e-06 2.60768294992886e-06 6.83615962771e-06 -9999 -9999 -9999 -9999 -9999 -9999 -9999 -9999 -9999 -9999 -9999 4.87463328227022e-06 6.89693794697632e-07 3.96202170804827e-07 6.11852817655745e-07 8.28846509648429e-07 1.32772798906444e-06 6.42365894236718e-06 4.65664777493657e-06 5.2793354188907e-05 0.000113559400051599 6.53088514809497e-05 6.21873477939516e-05 5.74312936805654e-05 3.30494762238231e-05 3.4301650521229e-05 7.68263995269081e-05 0.000112860963417916 0.000104324639687547 9.64286286034621e-05 3.40245842380682e-05 5.30881392478477e-05 2.8816693702538e-05 5.36803105205763e-05
3.15828369821247e-06 3.19621170774553e-06 3.5223022905484e-06 3.67820714473055e-06 3.41558021546007e-06 3.55040415342955e-06 3.03359054214525e-06 2.90962167355246e-06 2.41927571096312e-06 2.64241022023271e-06 1.77305769852865e-06 1.43472994977856e-06 -9999 -9999 -9999 -9999 -9999 -9999 -9999 -9999 -9999 -9999 -9999 -9999 6.95521237048524e-07 4.11587353710274e-07 4.35908094686965e-07 5.4179794801712e-07 6.85892399587829e-07 1.07746453750224e-06 3.22948321809236e-06 7.71018085288233e-06 3.87403055356117e-05 0.000121748169476632 6.3732215858181e-05 7.00307511579013e-05 0.000156661932851421 4.71820745588047e-05 3.17944661219372e-05 2.24345512833679e-05 1.42887330184749e-05 1.56475226503972e-05 2.00155571292271e-05 2.7984563530481e-05 1.46752935506811e-05 1.85996097570751e-05
3.81704758183332e-06 4.1094617699855e-06 4.62765494830819e-06 4.75214769721788e-06 4.54909059044439e-06 4.48013227014599e-06 3.59909410008186e-06 3.14579591531583e-06 3.40299712888736e-06 2.70332056970801e-05 8.25117542262888e-05 -9999 -9999 -9999 -9999 -9999 -9999 -9999 -9999 -9999 -9999 -9999 -9999 -9999 -9999 1.63055575512772e-06 8.16006712511808e-07 5.65091031035081e-07 4.47494724653552e-07 1.35193355959018e-06 3.22392090765788e-06 1.03586266504863e-05 1.26447585898859e-05 6.92271893058205e-05 0.000151083517994266 0.000100893183844164 0.000228770695684943 0.000520364276599139 3.29796621372225e-05 2.5773700872378e-05 1.48286060721148e-05 2.00667748686101e-05 1.15588459721039e-05 9.05023807717953e-06 4.52596923423698e-06 4.65160005660437e-06
4.50160612217587e-06 4.98369522574649e-06 6.13732886449725e-06 5.3094102668183e-06 4.8271902869601e-06 4.70264251362096e-06 4.44386364506499e-06 4.81175409277057e-06 7.8233016665763e-06 -9999 -9999 -9999 -9999 -9999 -9999 -9999 -9999 -9999 -9999 -9999 -9999 -9999 -9999 -9999 -9999 -9999 8.68034180712129e-07 6.72880858587632e-07 2.14329786558665e-06 1.92926115687442e-06 1.18117900456127e-06 1.08017499655944e-06 2.15952489952542e-06 3.3010737524819e-06 6.61744346871274e-05 0.000141419766441686 4.25891134000267e-05 4.08286045058048e-05 3.70693522199872e-05 2.27597092816723e-05 1.51561578604742e-05 1.19886774882616e-05 2.07194673748745e-05 1.3792656318401e-05 1.12379370420967e-05 7.29350804249407e-06
5.39772561296559e-06 7.01715794093616e-06 6.67887331928796e-06 6.33431004644081e-06 5.63762400815904e-06 4.8627319984007e-06 6.70649694711756e-06 3.95220877180691e-06 6.76580916660896e-06 2.78528854323667e-05 0.00228717721765861 -9999 -9999 -9999 -9999 -9999 -9999 -9999 -9999 -9999 -9999 -9999 -9999 -9999 -9999 -9999 8.89315447238914e-07 8.32308700182693e-07 1.44535941899449e-06 2.39657683778205e-06 1.33097420984996e-05 3.63432229733007e-06 1.46702856795855e-06 2.09032079965255e-06 6.51753211968753e-06 4.26273909397423e-05 9.97246781480499e-05 8.02025439043064e-05 8.09384146123193e-05 1.54369253323239e-05 3.62865523584333e-06 1.36128363010357e-05 1.3739555470238e-05 3.51246115315007e-05 1.06985621641797e-05 2.20725088183826e-05
7.06684868418961e-06 9.78874986685696e-06 8.1527392467251e-06 7.1496201599075e-06 6.60291366330057e-06 5.66087044262531e-06 3.73134894289251e-06 2.98695537139793e-06 4.68948321667995e-06 1.6936474025897e-06 1.24122206671018e-05 -9999 -9999 -9999 -9999 -9999 -9999 -9999 -9999 -9999 -9999 -9999 -9999 -9999 -9999 -9999 -9999 2.51049875714671e-06 1.25963114214755e-06 5.01577727618496e-07 2.00220354145131e-06 5.59162754143472e-06 2.53069853215493e-06 2.16975829516741e-06 2.07628064572418e-06 5.2864594545099e-05 5.69003193959361e-05 4.43682121840538e-05 2.6910990345641e-05 8.68053252816026e-06 1.02364581834991e-05 1.08922433810221e-05 1.93937150470447e-05 9.62931999310968e-06 1.81157531187637e-05 2.06631442779326e-05
