Maxent_result_files_1/Bombus_velox_3.asc
NCOLS 594 
NROWS 330 
XLLCORNER -15 
YLLCORNER 23 
CELLSIZE 0.166666666666667 
NODATA_value -9999 
[rows 80 to 99 of 330, columns 270 to 314 of 594]
1.57453134475016e-07 1.70543498179132e-07 7.25971201376296e-08 6.16565370337163e-07 2.10629500868587e-06 2.6138431852285e-08 2.97240596403014e-07 1.19660490325302e-06 2.20165657771609e-07 5.63076687676301e-07 7.72133707627187e-07 1.94528916429571e-06 7.29769080709541e-07 4.63283967029326e-06 2.17798507378575e-05 1.8556511744805e-05 1.0450597716094e-07 3.32390733503995e-07 4.85424041407612e-08 2.13049192376857e-07 2.03145890625978e-06 1.22655276935113e-08 4.03345798982713e-09 6.09662182737836e-08 1.87477985469364e-07 3.15915079984741e-08 1.81469595128547e-08 3.54134194968658e-08 4.59314838630043e-07 -9999 -9999 -9999 -9999 -9999 -9999 -9999 -9999 -9999 -9999 -9999 -9999 0.00155501567660394 2.12351545410883e-05 7.42718638644391e-06 4.86310889180608e-06
1.14199420704342e-06 2.83186492843868e-05 1.31407684808016e-06 1.70706494439399e-05 6.03796123122891e-05 4.01424942908513e-07 5.23644481631447e-07 5.95246600121335e-08 9.15708656248348e-06 1.37615353944298e-05 0.000135484669110042 2.33747283314045e-05 5.90652686591753e-06 1.59173814939795e-06 1.85440139299775e-07 1.2275933536543e-05 2.58414893234971e-06 2.5208807355348e-06 2.74285322284129e-05 1.36133494300639e-05 4.03845782592782e-08 9.92013457268293e-08 2.92827318693067e-07 7.47658764599368e-07 1.11018780220018e-05 2.37405153671322e-06 3.32191070617771e-07 3.70400977278695e-07 4.67381762425667e-07 2.2674465394168e-07 -9999 -9999 -9999 -9999 -9999 -9999 -9999 -9999 -9999 -9999 -9999 -9999 -9999 0.000336521576309678 0.000341091018071893
2.53709440678485e-08 2.31132562833469e-07 8.25933100578879e-07 7.13242507701661e-06 1.23241926106576e-05 3.10616525415197e-06 1.31277206782965e-07 6.27179211298845e-07 3.0437598633748e-07 3.36075135503044e-06 3.09151152122489e-07 4.3408684859414e-06 2.34155504310607e-06 5.42016824089941e-07 4.89103419787362e-07 3.05776177651484e-06 2.47956189829424e-06 6.56405499164237e-06 4.83668466473297e-06 1.22294586279992e-06 7.79465521538736e-07 1.08829460143678e-06 1.0706849433495e-06 7.68053480482145e-08 2.57191027602799e-06 4.97419137894806e-06 1.72151024391276e-07 8.90416151244633e-07 3.29974491319884e-07 2.25084172433832e-07 7.01594816132634e-08 3.42942553288594e-06 3.22900744492927e-05 1.96622265735691e-06 5.3951342657399e-06 0.00136567474983167 -9999 -9999 -9999 -9999 -9999 -9999 -9999 -9999 -9999
9.41413963562177e-08 5.35095240550287e-07 6.9275943850311e-07 3.69801937289971e-06 9.31880252752482e-07 3.83127089329527e-06 8.96118882265373e-07 7.27935206779051e-08 3.64018671805688e-07 1.00756325627227e-07 1.03027775237852e-05 1.035424338236e-06 9.30064357720362e-06 0.000127054277872674 4.27384023671262e-06 9.12526496010813e-07 8.13231334113596e-06 1.50675724730487e-07 9.65226176719014e-07 3.27000471385119e-06 1.84557376208261e-06 7.5856620163961e-06 1.89177452292189e-06 1.48703992006727e-06 1.48399730148796e-07 0.000486215651244493 2.91489714797422e-05 3.2976674152474e-07 4.56765093492795e-07 3.42100319283833e-07 7.01260198940901e-06 4.78487897050961e-06 9.70127415489408e-07 1.47707251784368e-05 3.12521552334744e-06 2.1258681516656e-05 2.87670467969292e-05 -9999 -9999 -9999 -9999 -9999 -9999 -9999 -9999
5.16578338549678e-08 1.28986842230505e-06 2.18456498323194e-06 1.5576154671626e-07 2.1181930345282e-07 1.47413943958341e-06 3.94076257022036e-06 1.05801041772047e-07 6.24023225537229e-08 6.68485245503003e-07 2.58686284393406e-08 3.69760331504487e-06 1.03561877134561e-05 3.25455361704918e-07 2.06684502968013e-07 2.25998294167695e-07 5.87525190109961e-07 4.57928773651695e-06 4.38933226291738e-05 0.00203889960248489 0.00067511292609197 4.12280657542397e-05 8.08987340661371e-07 1.73114071725378e-06 7.66533168707895e-06 1.86997317769055e-05 6.1078255507141e-05 5.82012254106701e-06 1.58670518946025e-08 4.13433108048533e-07 0.00102608894936793 0.00058351377983854 3.06482985470424e-06 1.43472757798691e-06 1.85608756169131e-06 2.28966199422587e-06 7.08986101045639e-06 1.81968485833295e-05 0.000328188318235334 0.000239203723322134 -9999 -9999 -9999 -9999 -9999
1.19167555034938e-05 3.72322813986248e-06 1.13619534006792e-06 5.13210760133553e-07 2.29187161338018e-07 0.000229789619663734 0.000141762504301823 6.14554489963837e-08 7.19344327781979e-07 1.91381197750529e-06 1.71241603440286e-05 7.38697783493336e-06 7.10410757176483e-07 1.73706550443686e-07 7.46831413012128e-07 5.76914630761038e-06 1.06618162452055e-06 1.23157367695192e-06 5.94187132518798e-06 9.0918864896139e-05 0.00783736758166924 3.58613060825519e-05 6.97580878163961e-06 8.88696242888898e-06 6.65438066116408e-07 0.000189122111407869 0.0076470241881907 0.00947817692067474 0.000420277233388333 2.76058672041835e-06 3.98859260619666e-08 2.59603146348653e-06 0.00018531173538463 3.20531314237371e-06 6.59985840911759e-06 5.26269123098944e-06 5.91534791407611e-06 2.33015638924527e-05 2.10345692024383e-05 1.85248732407217e-05 3.87843657676967e-05 7.68670659908821e-05 4.45653400447554e-05 6.30282561928652e-06 9.61517214818741e-05
2.9989380748674e-05 5.07818610568922e-06 5.29095999610263e-05 8.44556804935337e-05 4.38996592189156e-08 3.03165443593656e-07 1.06992773107883e-06 8.20784213644288e-06 6.8405617708045e-07 3.71998117414396e-06 1.96638799976334e-06 1.44346568565767e-06 5.0365374210326e-06 2.66601157092872e-06 1.20346627704437e-06 3.20829100985964e-07 5.93373609301118e-06 6.84561397270578e-06 3.95132646726637e-06 7.88673587424071e-06 3.46747615647125e-06 3.91780773902894e-06 5.24372533277528e-05 6.4170978660627e-06 3.16863387741506e-06 1.675180912315e-05 1.59136223405465e-06 0.151320917159319 0.14893286600709 0.00974492549430579 6.44696891356489e-06 3.240513641245e-06 3.93912155987053e-06 6.68811867399199e-06 3.00771941937228e-05 6.33893520063378e-07 8.30706665233549e-07 6.12415857925708e-07 1.73624931254501e-07 3.28007665295615e-06 7.33993885759787e-06 5.3053766271205e-05 9.59207371238335e-05 1.85845263843021e-05 2.07350279694651e-05
4.60461251474697e-06 1.93700835666277e-05 4.90478673276229e-06 6.98026546686048e-07 1.30154180485453e-06 7.46650561489481e-08 2.81063323859243e-07 7.7673140376433e-06 3.84736996137391e-06 9.8094824219519e-06 4.90407791146064e-06 2.54006261011241e-05 1.103171315604e-05 3.43787108598725e-06 2.97761455912982e-06 6.4069151501478e-06 6.38493085522995e-06 4.93606598986673e-05 0.00153763384296326 6.32047984339579e-05 0.00321200466132723 0.00887644160538912 0.00240485857211752 0.000626325029406871 7.49826119972319e-08 6.43229173995508e-06 8.27210921343635e-06 0.000229335952099063 0.00753400791436434 0.0123954644892365 0.0059986594831571 0.00424746451899409 0.00507728879456408 1.0701745146946e-05 6.04652975198405e-05 0.000103455184671475 1.02015458954829e-06 1.6741551702637e-05 8.19102508103242e-05 2.09309949937619e-05 6.78575888513056e-07 1.2566111957879e-06 1.49074761823798e-07 1.73085757426694e-06 1.05659814465753e-05
0.000173533887505206 2.16168044730125e-05 5.58521287146618e-05 1.3039219954436e-05 1.4164132738248e-05 2.61281795542967e-05 2.61563910162188e-06 4.70453897043477e-06 3.52515764658889e-06 2.67549208189388e-06 3.8420103859016e-06 1.89676041006948e-07 3.3261244957572e-05 0.000435292769952866 7.28067524491394e-07 3.93548839272562e-06 3.44784793411268e-06 3.9886807887024e-06 0.00146637457528414 5.95336069608265e-05 0.00432085227803327 0.363436454534531 0.253928630053997 0.0284724394790828 0.000390856237572734 9.92490846769556e-06 9.37330127186442e-06 2.13630924172037e-05 7.75454990815661e-06 0.00111488011716574 1.83468855027513e-05 4.46739083287184e-05 3.24892868590609e-05 1.45296291549357e-05 2.04274986734809e-06 1.25440950258238e-06 7.12898035999387e-06 5.23240486671739e-06 2.13715933114145e-05 4.04129765456673e-06 3.75740678340009e-06 1.63731494183139e-05 1.5310201801455e-06 4.8798616585799e-06 1.29918379840888e-06
0.000182372343425463 4.35126453112389e-05 1.30378444776369e-05 5.70336044543041e-06 0.00244250177347567 7.83784093272288e-06 6.71232198675042e-05 1.51039795859731e-05 2.50446677054761e-06 1.19670125835469e-06 4.16143256485313e-06 2.10760420770839e-05 2.93762250348495e-06 0.000188053489239337 3.90570429011916e-06 5.64439745760481e-06 4.93213569452422e-06 3.34882519417157e-06 9.96471587669134e-05 1.80810189817748e-05 1.84002987353438e-05 5.74399424309036e-06 8.2785228891602e-06 1.99607115639822e-05 4.48635037287204e-05 3.29079746521188e-05 0.000105834367826674 2.39123618602122e-05 8.83034338130528e-05 0.000391286673857394 2.2601453832749e-05 4.99686387939846e-05 2.36235576416277e-06 4.0088608874278e-06 2.98819311606024e-06 1.5482969022429e-06 4.11159258071336e-06 1.32703955443958e-05 8.92250239985515e-06 1.45315978361538e-06 3.99462774566928e-05 1.47147871338404e-05 1.02898689604558e-05 1.26918163587675e-05 1.61776840289507e-06
9.70688286379584e-05 0.000170814910271844 1.81691002142603e-05 7.71503345873725e-05 0.00269228390825447 3.04591862274606e-05 1.67863237623855e-05 1.13953836645031e-05 7.62989790921154e-06 1.092145916326e-05 1.70188839875296e-06 3.16396401724983e-06 9.47980098719992e-07 7.50182566577884e-07 0.000290138693367226 2.14564273495199e-06 1.55005192510771e-05 0.000707751195977835 1.86246459804806e-05 1.44061047333111e-05 2.28973790190601e-06 5.00472710882605e-05 8.37436507489464e-05 1.1238107259004e-06 7.09092832494207e-05 3.08825973121429e-05 0.000548312697719666 0.0025084138425882 0.00075027754447774 0.000231330920723849 2.58536405908671e-05 3.26664074009386e-05 3.87411026614437e-06 5.98851045152671e-07 1.78783909097202e-06 8.35081491756817e-07 2.31601047516961e-05 6.72599388167328e-06 0.000101437336525123 1.52278510654469e-05 4.06490212640165e-05 3.33729111389403e-05 0.000229483214934589 8.93741134362358e-06 2.42046516632399e-05
8.73446013031298e-05 0.00013581956044888 0.000137940474860443 6.60712860636181e-05 2.1565894479636e-05 4.98363305041494e-05 9.78180363972569e-05 0.000203755822235507 3.4231278995378e-05 3.66001983138631e-05 3.67564728103176e-06 5.68948607293507e-06 1.18915756472937e-05 5.12954331099991e-06 1.83153799634184e-05 4.24107137902752e-05 1.52503113582725e-05 0.00021949665192551 8.20683857114091e-05 6.65138860370007e-05 0.000190105418050734 8.96078225707697e-05 0.000138218088574149 3.44299193500319e-05 0.000314083555304023 9.92703158164687e-05 5.4523733291667e-05 0.0102444431418917 0.245170699805021 0.12095155864954 0.0214832390134688 0.0010721326140656 0.000241179722037899 9.99204173304236e-06 1.83949834761776e-05 4.34031432990922e-06 1.14771162103011e-05 3.21478020737231e-06 4.90734166191942e-06 0.000106741633135243 0.000186200610005471 5.37650777854282e-06 5.27303538593316e-06 5.70200067215865e-06 3.1549162531519e-05
6.37544344954222e-05 8.18913114471798e-05 6.6867020780137e-05 2.42487509697131e-05 9.77641638203464e-06 6.65760734894771e-06 4.21395294921467e-05 1.42037171215748e-05 0.00106560155873012 4.52781584733941e-05 7.40358077447656e-05 5.97453531556269e-05 2.19901379459486e-05 2.45233501189546e-05 3.46399351045079e-05 0.00035818754427055 5.32285522439224e-05 6.0109958923249e-05 5.55720356487654e-05 8.12641984794027e-05 0.00016782778200195 8.10426817679399e-05 0.0194707030314021 0.00327436737962756 0.00987512774008792 4.18936581340401e-05 6.38350202200377e-05 0.00109676040048317 0.00162160903362292 0.000315678012839271 0.0695380549877882 0.645722112059593 0.0240834221243858 0.0213548045721836 0.000787365807337892 1.05323800737134e-05 6.81942764264587e-06 1.36802679513437e-06 2.95007992150431e-06 3.82272033618847e-05 1.26554956025871e-05 3.76800559166668e-05 4.63527368353311e-05 1.64095880535342e-05 6.33497343301315e-05
0.000403680996555922 8.81757519437087e-05 3.14420325948528e-05 0.00016287610079786 3.73283557596138e-05 4.12633926199391e-05 4.40243218179148e-05 3.7077763639104e-05 0.000110237509665012 3.51556160644861e-05 3.56743691313e-05 8.12191390892281e-05 0.00025891827065152 3.3570098824498e-05 3.26235061713476e-05 6.54407520130462e-05 8.69324393660165e-05 5.52115077766757e-05 7.93243410754485e-05 0.000182816267249564 5.74700759273128e-05 0.000168363250089942 0.0024460794933816 0.00739193730948955 0.00853659086014886 8.63230509120183e-05 0.000587720123078905 0.0190935180493398 0.0106604040179946 1.87966474616275e-05 0.00174251150401687 0.000101775505362511 0.0125897473753465 0.17498879507184 0.376901471614838 0.000395139045534576 1.68165491794214e-05 2.01062165843036e-05 7.62952114958804e-06 4.31327741257093e-06 0.000395517494018804 0.00734723397763446 0.000136330732811984 3.07514228083505e-05 3.0893026435308e-05
0.000382918516448139 1.05905249045524e-05 4.73280229847162e-05 1.83205467749192e-05 8.30346785235747e-05 0.000446238939912291 7.7756678518881e-05 4.0620793799917e-05 5.65955688443864e-05 0.000613563058868749 8.33981452089461e-05 0.000113080036251745 0.00010310209556792 0.000535945762112533 0.00435374911153303 6.40806565797902e-05 8.31408700264547e-05 3.76642608671318e-05 0.000473044899899833 0.000213926666492625 0.00339355548821914 5.73227698246637e-05 8.94663172188781e-05 0.00152357275031534 5.57316900470561e-05 0.0141392143228586 6.82607870690188e-05 0.00489043482165386 0.0144194023218006 0.00393042359924216 0.036945767814484 0.0037454689365922 9.79929156549431e-05 0.0628188766073436 0.120619555562735 2.52090321159582e-05 4.84074121840261e-05 6.69968394731768e-05 3.33640716064565e-05 9.6030733459429e-06 0.000348135780313896 0.035756457131356 0.000649626444732965 1.79063067026419e-05 7.32226376271683e-05
0.000125823914645173 0.000527477668315979 3.61916928576678e-05 6.59791819224265e-05 3.18595698605151e-05 0.0121663230796912 6.2841593059082e-05 0.000148502277610874 0.000113555818370514 0.000105092087477487 0.000587683256924265 9.83864182074967e-05 2.81844393953179e-05 9.61345999712648e-05 0.00768477214005543 0.000125303944849975 2.81447419742786e-05 0.000138452394639899 0.00122230275636923 1.11499797842085e-05 4.58329337807761e-05 3.52089452734461e-05 1.81097361360849e-05 1.93568164382429e-05 0.00958574419848901 0.0167349419268032 0.145795685815392 0.0332685061235679 0.215637852996588 0.194873053580523 0.00480315196127776 0.0751816501840949 0.2787164747715 0.825476676225662 0.0263396288718013 5.003686709526e-06 0.000701354602583015 8.45485808518287e-06 4.33155269697671e-05 8.03194070371216e-05 1.00369756694363e-05 1.3033892072023e-05 1.03027166267311e-05 9.76387867477335e-06 1.54365685518743e-05
0.0138692666026145 1.9269411968037e-05 5.30533073026973e-05 6.34032548317953e-05 0.000733940154623269 0.034054037486203 0.0680139333941042 0.000411153866230052 0.000761642374709481 0.000152114453319996 0.000157275870890317 0.000271685500069907 8.88752379978541e-05 5.93121300198618e-05 5.3205113522381e-05 5.07384391084997e-05 1.71489403637426e-05 9.15228924388445e-05 0.0079375084489584 0.230121247842908 0.000270686767412154 1.79833730492907e-05 1.51640018638877e-05 0.00016809989466261 0.028338081678811 0.0294671280783405 0.00392325567334684 0.0219007669715211 0.905518269538879 0.915503895282745 0.231164276599884 0.0130085295913887 0.679844501614571 0.87929213643074 0.360287763178349 0.00187630141434409 1.80149319450429e-05 6.19392143341724e-06 8.81197824591506e-06 0.000118388598763686 0.000269523991302767 7.90484932862157e-06 1.93838482701714e-05 4.75297713123268e-05 3.47369032501987e-05
0.0143822068930604 7.4308075522822e-05 4.5514836446614e-05 0.00076484432551942 0.00155620984951383 0.0109180968254805 0.00224199890036996 0.000347191766013566 0.000151142324261855 0.00149481598728016 0.000314763427377329 0.00020962497311956 6.95935394560365e-05 8.76883366446313e-05 0.000108224922769296 0.000326552317541484 1.89872413560832e-05 0.0598869299372382 0.0343853434985704 0.0135547450632156 3.68927367388916e-05 5.65343657655149e-05 7.36187877805605e-05 1.46135872859721e-05 6.86890422239239e-05 0.000723641930380836 0.0186731284484267 0.338121709227562 0.915581202507019 0.919377410411835 0.917956626415253 0.912730717658997 0.902197283506393 0.896911579370499 0.884939086437225 0.191785211861134 0.000969352034298687 8.73073484488618e-05 8.5334746840493e-05 0.000185430125092734 8.9912480999188e-05 6.75752959330422e-06 1.79882728546077e-05 1.02558138989184e-05 1.32748867484378e-05
0.000141721374893677 8.51718504334409e-05 0.00025890963417976 0.0213005013036309 0.0100363603094593 0.163087132573128 0.0412620149552822 0.0446559312753379 0.0182068255729973 0.000318141962156915 0.000120989838441199 0.000133209900627662 0.000169605637010051 0.000189114360000531 7.53653990273051e-05 0.00117173282787917 0.00379443075364332 5.91210640410011e-05 4.16943034097228e-05 0.000429097656168531 6.55248154512567e-05 0.000157510768881697 0.000101829217439686 4.82544151509501e-05 6.19200162111255e-05 0.000313224910230048 1.54934326608513e-05 0.000416231353880192 0.498425987921655 0.325648890435696 0.42428413182497 0.910360425710678 0.908788907527924 0.899405258893967 0.884116208553314 0.85883806347847 0.266653056442738 0.0116022440546658 0.000604083986573301 8.62965013085359e-06 6.12360875614781e-06 9.52232559512378e-06 2.17567987744194e-05 1.4568090822098e-05 8.10474011823104e-06
1.01228903317541e-05 0.00578764565943857 0.061670134589076 0.860810601711273 0.881615406274796 0.107706635072827 0.441448374092579 0.875467932224274 0.862861961126328 0.080151061527431 0.0436169038643129 0.000596245392671335 0.000171794567287264 0.000143747814081507 0.000727414673769999 0.000133974489392585 0.000123501644657154 7.12094308255473e-05 6.07222040230448e-05 5.44726485031788e-05 0.000259249922783056 6.49282432732434e-05 7.09041455522197e-05 6.80929988535084e-05 3.54555154929104e-05 2.62255547632151e-05 1.09633254976038e-05 0.000218143974089802 0.000146048707488067 1.25655343027109e-05 0.000543557545492046 0.0872845823328554 0.896148192882538 0.680453968048096 0.889248037338257 0.865840631723404 0.828268057107925 0.488802829384804 0.0955811284482479 5.89834742209749e-05 6.91629749102196e-06 9.08634497251981e-06 1.85902167715968e-05 7.16956518381551e-05 2.78032050945676e-05
