Maxent_result_files_1/Bombus_semenoviellus_3.asc
NCOLS 594 
NROWS 330 
XLLCORNER -15 
YLLCORNER 23 
CELLSIZE 0.166666666666667 
NODATA_value -9999 
[rows 147 to 167 of 330, columns 432 to 479 of 594]
0.000997392255752061 0.000384010288012049 0.000254024014026266 0.000408375165902164 1.24361755482472e-06 3.69382302523036e-13 0.00191989310589022 1.73773473109318e-05 6.36257612878666e-05 0 0 0.827393499016789 0.8000000400039 0 6.50098144857614e-06 7.45664360257692e-09 1.0561163917655e-05 1.76631143117278e-05 3.54987150785746e-12 1.46868935568811e-08 0 0 1.27228783064481e-11 2.08398444196067e-05 1.82316384211845e-12 0 0 0 0 0 0 0 0 0 0 0 0 0 0 0 0 0 0 0 0 0 0 0
9.91533443431614e-05 0.000172831741653567 0.00011660323091206 0.000211841944382984 0.00105142926849435 3.56948689095304e-06 2.89298882470534e-05 0.000101430286264659 2.50010864700778e-06 0 0 2.53596506968323e-06 0 1.78356396318691e-10 1.19759567132283e-05 2.56444532276134e-11 3.62657443463088e-05 1.64175218985263e-05 7.94540077064809e-09 5.09870103732934e-05 6.03961325396085e-15 0 0 2.09025019515252e-12 0 0 0 0 0 0 0 0 0 0 0 0 0 0 0 0.100001354278301 1.11022302462516e-17 0 0 0 0 0 0 7.7715611723761e-17
0.00126784277798317 3.28821241818655e-05 0.00803881967684978 0.000703973690752901 0.000754262436689102 0.00138841759068127 7.4166013805943e-07 1.46717035187649e-09 1.36388206284366e-09 0 0 5.24911435140218e-07 0 0 0 0 0 3.93829413525282e-12 0 4.94879581758312e-11 0 2.41692221791823e-12 0 0 0 0 0 0 0 0 0 0 0 0 0 0 4.81836792687318e-13 1.66533453693773e-16 0 0 0 0 0 0 0 0 0 0
0.00148173857905619 0.000315807114271927 0.0021362345204204 0.000857087163433157 0.000712750192050748 0.000456971770821091 1.62529164238201e-08 1.75284120551566e-11 0 0 0 9.99200722162641e-17 0 0 0 0 0 0 0 0 0 0 0 0 0 0 0 0 0 0 0 0 0 0 0 0 1.41580447365897e-10 0 0 0 0 0 0 0 0 0 0 0
0.000295898711968456 0.000539671792650609 0.00222100077977672 0.00152987110337719 0.000172755425998961 6.14304509141128e-06 3.41659361439151e-06 7.31479965487836e-10 3.33066907387547e-17 1.75415237890775e-15 0 0 0 0 0 0 0 0 0 0 0 0 0 0 0 0 0 0 0 0 0 0 0 0 0 0 0 0 0 0 0 0 0 0 0 0 6.66133814775094e-17 9.30033827728494e-14
0.000538770850293135 0.000918967701117368 1.01485325170625e-05 4.75082608198951e-06 2.62302542064496e-06 2.42654496842576e-06 5.83945512966366e-07 1.15825293800498e-10 0 0 7.7715611723761e-17 0 0 0 0 0 0 0 0 0 0 0 0 0 0 0 0 0 0 0 0 1.11022302462516e-17 0 0 0 0 0 0 0 0 0 0 0 0 0 8.88178419700125e-17 0 0
0.000195656117021725 1.67943826072992e-05 2.00410596495892e-07 2.35885998078889e-07 0.000100319990989184 5.93736171339287e-13 3.72882058563562e-11 0.000173040357622212 0 0 0 0 0 0 0 0 0 0 0 0 0 0 0 0 0 0 0 0 0 9.99200722162641e-17 1.65871184565347e-09 0 0 7.32747196252603e-16 1.3082332994685e-10 0 1.11022302462516e-17 0 7.7715611723761e-17 0 0 0 0 0 0 1.55431223447522e-16 0 0
0.000166127298727747 1.89221762396219e-05 0.00115396910091718 4.98551930472324e-07 2.82586558925102e-05 3.14469803459616e-06 0 2.03170813506404e-15 0 0 0 0 0 0 0 0 0 0 0 0 0 0 0 0 1.11022302462516e-17 1.59428026336172e-14 1.11022302462516e-17 0 0 0 0 0 0 0 1.77635683940025e-16 1.99840144432528e-16 1.99840144432528e-16 0 0 0 1.22124532708767e-16 0 1.4432899320127e-16 1.66533453693773e-16 2.22044604925031e-16 0 1.77635683940025e-16 0
6.55587428508575e-06 1.77863826001712e-05 0.000951058699581209 5.66901781042906e-05 6.10908898418749e-05 5.45385455784975e-05 0 0 0 0 0 0 0 0 0 0 3.33066907387547e-17 0 0 0 0 0 0 1.4432899320127e-16 0 8.13039086278167e-07 1.77635683940025e-16 1.4432899320127e-16 1.66533453693773e-16 1.99840144432528e-16 0 0 1.4432899320127e-16 2.55351295663786e-16 2.55351295663786e-16 3.21964677141295e-16 2.88657986402541e-16 2.22044604925031e-16 1.99840144432528e-16 1.88737914186277e-16 2.22044604925031e-16 2.22044604925031e-16 1.99840144432528e-16 2.99760216648792e-16 3.21964677141295e-16 2.66453525910038e-16 2.99760216648792e-16 0
6.97628073711432e-06 5.55966534365737e-08 1.02806334411065e-06 2.70301637430581e-06 1.80277289971609e-05 5.14463220592232e-06 0 0 0 0 0 0 0 0 1.11022302462516e-17 1.11022302462516e-17 4.44089209850063e-17 0 6.66133814775094e-17 7.7715611723761e-17 0 8.88178419700125e-17 0 1.33226762955019e-16 1.77635683940025e-16 1.88737914186277e-16 2.1094237467878e-16 1.99840144432528e-16 2.22044604925031e-17 1.99840144432528e-16 7.7715611723761e-17 2.22044604925031e-17 2.44249065417534e-16 2.66453525910038e-16 2.55351295663786e-16 2.55351295663786e-16 2.99760216648792e-16 2.88657986402541e-16 2.88657986402541e-16 2.88657986402541e-16 2.77555756156289e-16 3.10862446895044e-16 3.10862446895044e-16 3.33066907387547e-16 3.33066907387547e-16 0 0 0
3.96195033336433e-08 0 1.14985798660427e-12 1.0879409482345e-05 2.34250828375582e-05 1.98121968570497e-05 3.54691609416591e-11 0 0 0 2.22044604925031e-17 5.55111512312578e-17 2.22044604925031e-16 1.55431223447522e-16 0 0 1.11022302462516e-17 1.11022302462516e-17 6.66133814775094e-17 7.7715611723761e-17 8.88178419700125e-17 9.99200722162641e-17 0 1.77635683940025e-16 0 0 2.88657986402541e-16 2.66453525910038e-16 2.55351295663786e-16 2.66453525910038e-16 2.55351295663786e-16 3.33066907387547e-17 0 0 0 2.88657986402541e-16 2.88657986402541e-16 0 0 0 2.99760216648792e-16 3.10862446895044e-16 2.88657986402541e-16 3.10862446895044e-16 2.99760216648792e-16 3.33066907387547e-16 4.10782519111308e-16 0
2.23811189621337e-06 9.71168292999147e-06 2.39141892399486e-05 1.25400361586925e-05 1.74112702201801e-05 2.18790838435567e-05 0 0 0 0 0 0 0 3.33066907387547e-17 2.1094237467878e-16 1.22124532708767e-16 8.88178419700125e-17 8.88178419700125e-17 8.88178419700125e-17 9.99200722162641e-17 1.22124532708767e-16 1.4432899320127e-16 2.22044604925031e-17 0 0 0 0 0 0 3.33066907387547e-17 2.99760216648792e-16 0 0 3.44169137633799e-16 3.44169137633799e-16 3.5527136788005e-16 0 0 3.10862446895044e-16 3.10862446895044e-16 2.99760216648792e-16 3.10862446895044e-16 3.66373598126302e-16 3.5527136788005e-16 2.77555756156289e-16 2.77555756156289e-16 4.66293670342566e-16 0
0 0 1.64520452816674e-10 0 2.33146835171283e-16 4.60846724130159e-05 0 0 0 0 0 0 0 4.55191440096314e-16 3.33066907387547e-16 2.22044604925031e-17 1.55431223447522e-16 0 0 1.66533453693773e-16 1.66533453693773e-16 2.33146835171283e-16 3.33066907387547e-17 2.88657986402541e-16 3.10862446895044e-16 3.66373598126302e-16 4.10782519111308e-16 5.55111512312578e-17 4.55191440096314e-16 9.99200722162641e-17 4.55191440096314e-16 4.44089209850063e-16 4.44089209850063e-16 4.32986979603811e-16 3.77475828372553e-16 3.66373598126302e-16 4.32986979603811e-16 3.99680288865056e-16 3.88578058618805e-16 3.33066907387547e-16 2.99760216648792e-16 2.77555756156289e-16 3.10862446895044e-16 2.66453525910038e-16 2.22044604925031e-16 2.99760216648792e-16 4.55191440096314e-16 3.33066907387547e-16
0 0 0 0 1.11022302462516e-17 0 0 0 1.11321762918948e-10 7.85919384016509e-09 0 0 0 9.65894031423886e-16 6.55031584528842e-16 4.9960036108132e-16 4.10782519111308e-16 3.33066907387547e-16 2.77555756156289e-16 2.33146835171283e-16 2.1094237467878e-16 2.44249065417534e-16 0 3.10862446895044e-16 3.33066907387547e-17 3.66373598126302e-16 4.77395900588817e-16 5.6621374255883e-16 5.55111512312578e-16 5.6621374255883e-16 4.77395900588817e-16 0 4.66293670342566e-16 5.32907051820075e-16 4.9960036108132e-16 4.44089209850063e-16 3.66373598126302e-16 2.99760216648792e-16 3.21964677141295e-16 2.55351295663786e-16 1.99840144432528e-16 2.1094237467878e-16 1.99840144432528e-16 1.4432899320127e-16 1.99840144432528e-16 2.55351295663786e-16 2.66453525910038e-16 2.22044604925031e-16
0 0 0 0 0 0 1.0547118733939e-15 0 1.63202784619898e-15 1.97619698383278e-15 1.99840144432528e-16 0 1.4210854715202e-15 1.0769163338864e-15 7.32747196252603e-16 5.55111512312578e-16 5.44009282066327e-16 5.10702591327572e-16 5.21804821573824e-16 3.66373598126302e-16 3.33066907387547e-16 3.44169137633799e-16 4.21884749357559e-16 0 4.21884749357559e-16 5.32907051820075e-16 7.105427357601e-16 5.21804821573824e-16 5.6621374255883e-16 3.99680288865056e-16 3.5527136788005e-16 4.44089209850063e-16 3.88578058618805e-16 3.5527136788005e-16 3.21964677141295e-16 3.10862446895044e-16 2.99760216648792e-16 2.99760216648792e-16 3.99680288865056e-16 3.66373598126302e-16 3.33066907387547e-16 1.11022302462516e-16 7.7715611723761e-17 8.88178419700125e-17 8.88178419700125e-17 1.4432899320127e-16 0 0
0 0 0 0 0 0 0 6.66133814775094e-17 0 1.33226762955019e-15 1.4432899320127e-15 1.23234755733392e-15 1.01030295240889e-15 1.0769163338864e-15 1.11022302462516e-15 1.04360964314765e-15 8.54871728961371e-16 5.55111512312578e-16 5.21804821573824e-16 5.21804821573824e-16 5.44009282066327e-16 5.44009282066327e-16 4.9960036108132e-16 5.88418203051333e-16 5.6621374255883e-16 6.43929354282591e-16 5.32907051820075e-16 4.55191440096314e-16 3.10862446895044e-16 2.66453525910038e-16 3.21964677141295e-16 2.44249065417534e-16 2.44249065417534e-16 1.99840144432528e-16 2.44249065417534e-16 2.33146835171283e-16 1.22124532708767e-16 1.33226762955019e-16 3.10862446895044e-16 2.77555756156289e-16 1.33226762955019e-16 7.7715611723761e-17 6.66133814775094e-17 6.66133814775094e-17 4.44089209850063e-17 7.7715611723761e-17 0 9.99200722162641e-17
0 0 0 0 0 0 0 3.33066907387547e-17 1.11022302462516e-17 1.16573417585641e-15 1.15463194561016e-15 9.10382880192628e-16 9.54791801177635e-16 9.10382880192628e-16 1.08801856413265e-15 1.08801856413265e-15 7.32747196252603e-16 5.6621374255883e-16 4.55191440096314e-16 5.10702591327572e-16 5.55111512312578e-16 5.32907051820075e-16 5.55111512312578e-16 6.21724893790088e-16 5.88418203051333e-16 4.66293670342566e-16 3.33066907387547e-16 2.1094237467878e-16 2.55351295663786e-16 2.1094237467878e-16 2.99760216648792e-16 1.88737914186277e-16 7.7715611723761e-17 5.55111512312578e-17 8.88178419700125e-17 1.11022302462516e-16 7.7715611723761e-17 1.33226762955019e-16 1.33226762955019e-16 5.55111512312578e-17 4.44089209850063e-17 7.7715611723761e-17 6.66133814775094e-17 4.44089209850063e-17 4.44089209850063e-17 6.66133814775094e-17 7.7715611723761e-17 5.55111512312578e-17
4.44089209850063e-17 0 0 0 8.74755823332407e-13 0 1.11022302462516e-17 2.1094237467878e-16 5.21804821573824e-16 9.43689570931383e-16 1.0325074129014e-15 0 9.76996261670138e-16 8.88178419700125e-16 7.32747196252603e-16 7.43849426498855e-16 7.32747196252603e-16 5.6621374255883e-16 5.77315972805081e-16 5.6621374255883e-16 5.32907051820075e-16 5.88418203051333e-16 4.9960036108132e-16 3.88578058618805e-16 4.44089209850063e-16 3.33066907387547e-16 1.88737914186277e-16 2.22044604925031e-16 2.44249065417534e-16 1.4432899320127e-16 1.77635683940025e-16 1.77635683940025e-16 9.99200722162641e-17 1.11022302462516e-16 6.66133814775094e-17 5.55111512312578e-17 4.44089209850063e-17 3.33066907387547e-17 5.55111512312578e-17 2.22044604925031e-17 2.22044604925031e-17 3.33066907387547e-17 2.22044604925031e-17 2.22044604925031e-17 1.11022302462516e-17 2.22044604925031e-17 0 3.33066907387547e-17
2.28705943072782e-15 3.33066907387547e-17 2.22044604925031e-17 0 3.33066907387547e-17 2.22044604925031e-17 3.33066907387547e-17 8.88178419700125e-17 2.1094237467878e-16 5.55111512312578e-16 0 7.66053886991358e-16 8.21565038222616e-16 7.43849426498855e-16 7.21644966006352e-16 5.77315972805081e-16 6.88338275267597e-16 6.77236045021345e-16 6.32827124036339e-16 6.32827124036339e-16 7.54951656745106e-16 4.88498130835069e-16 3.33066907387547e-16 2.99760216648792e-16 3.5527136788005e-16 2.55351295663786e-16 1.55431223447522e-16 2.33146835171283e-16 1.11022302462516e-16 8.88178419700125e-17 6.66133814775094e-17 7.7715611723761e-17 5.55111512312578e-17 6.66133814775094e-17 6.66133814775094e-17 3.33066907387547e-17 2.22044604925031e-17 2.22044604925031e-17 2.22044604925031e-17 1.11022302462516e-17 1.11022302462516e-17 2.22044604925031e-17 0 0 1.11022302462516e-17 2.22044604925031e-17 0 4.44089209850063e-17
1.92632576556662e-12 6.69700117583716e-10 1.11022302462516e-17 2.22044604925031e-17 2.22044604925031e-17 3.33066907387547e-17 2.22044604925031e-17 4.44089209850063e-17 6.40598685208715e-15 1.55431223447522e-16 3.33066907387547e-16 3.77475828372553e-16 6.10622663543836e-16 6.66133814775094e-16 6.55031584528842e-16 5.99520433297585e-16 5.99520433297585e-16 7.54951656745106e-16 7.32747196252603e-16 4.88498130835069e-16 4.21884749357559e-16 3.10862446895044e-16 2.33146835171283e-16 2.33146835171283e-16 2.44249065417534e-16 1.33226762955019e-16 1.4432899320127e-16 1.4432899320127e-16 4.44089209850063e-17 3.33066907387547e-17 4.44089209850063e-17 2.22044604925031e-17 2.22044604925031e-17 1.11022302462516e-17 3.33066907387547e-17 4.44089209850063e-17 2.22044604925031e-17 2.22044604925031e-17 2.22044604925031e-17 1.11022302462516e-17 1.11022302462516e-17 1.11022302462516e-17 2.22044604925031e-17 2.22044604925031e-17 1.11022302462516e-17 1.11022302462516e-17 1.11022302462516e-17 2.22044604925031e-17
2.22044604925031e-17 2.22044604925031e-17 2.22044604925031e-17 2.22044604925031e-17 2.22044604925031e-17 1.11022302462516e-17 1.11022302462516e-17 3.33066907387547e-17 3.33066907387547e-17 5.55111512312578e-17 1.11022302462516e-17 0 1.4432899320127e-16 2.44249065417534e-16 5.99520433297585e-16 4.43225552149151e-08 6.10622663543836e-16 6.55031584528842e-16 4.66293670342566e-16 3.88578058618805e-16 3.33066907387547e-16 1.99840144432528e-16 1.22124532708767e-16 1.11022302462516e-16 9.99200722162641e-17 8.88178419700125e-17 7.7715611723761e-17 5.55111512312578e-17 4.44089209850063e-17 3.33066907387547e-17 5.55111512312578e-17 5.55111512312578e-17 2.22044604925031e-17 1.11022302462516e-17 1.11022302462516e-17 1.11022302462516e-17 3.33066907387547e-17 5.55111512312578e-17 5.55111512312578e-17 2.22044604925031e-17 1.11022302462516e-17 1.11022302462516e-17 2.22044604925031e-17 1.11022302462516e-17 1.11022302462516e-17 1.11022302462516e-17 0 0
