Maxent_result_files_1/Bombus_deuteronymus_2.asc
NCOLS 594 
NROWS 330 
XLLCORNER -15 
YLLCORNER 23 
CELLSIZE 0.166666666666667 
NODATA_value -9999 
[rows 300 to 319 of 330, columns 180 to 224 of 594]
5.88693100378457e-08 6.07182747747181e-08 6.4519977627242e-08 6.65362120289004e-08 7.76170943628252e-08 8.15111781737876e-08 7.61115895309139e-08 7.39669357319173e-08 6.94089290598221e-08 6.55760648005099e-08 6.10779885890089e-08 6.04844462182008e-08 5.68440923109925e-08 1.48763156126996e-07 1.07764150969469e-07 1.15760919261465e-07 4.01693248885948e-08 4.50332428569844e-08 4.53354424334584e-08 5.07814847727772e-08 4.18316492778459e-08 3.7570389066488e-08 4.27052910700887e-08 4.35657053432514e-08 4.33280322176266e-08 4.22120150833649e-08 4.24625797190714e-08 4.2773786668171e-08 4.4756116002187e-08 4.829934157069e-08 5.26526729549559e-08 4.99451794255812e-08 4.79730450475557e-08 5.21717064660976e-08 4.61344938362807e-08 4.38196022578552e-08 4.22706910696569e-08 4.07865176632605e-08 3.78479466323078e-08 3.75088396009637e-08 3.486784129203e-08 3.4981923879851e-08 3.30146230353989e-08 3.27046294268385e-08 3.28951368477881e-08
4.93500806775238e-08 5.78296273978651e-08 6.02517646441925e-08 6.47235770201426e-08 7.92664520465891e-08 6.94100578346735e-08 6.85383002352324e-08 6.90111895185197e-08 1.90757290419175e-07 9.15896922859538e-08 1.80816641159876e-07 1.92375224872254e-07 2.72720709493246e-07 1.37150399259767e-08 1.00622662368988e-07 1.67869853440195e-07 1.62488727217802e-07 1.60561418549587e-07 7.98040369121011e-08 4.86612515837592e-08 4.03284326155884e-08 3.8887158204659e-08 4.07787476786048e-08 4.34321961728656e-08 4.52275836559934e-08 4.61176548727238e-08 4.63072667877817e-08 4.74787397064524e-08 4.965327492501e-08 5.15991658067705e-08 4.98426908523975e-08 4.84880264939314e-08 4.4202278703942e-08 4.05201162512192e-08 4.06007643061201e-08 3.92829983764109e-08 3.73679938436844e-08 3.47104902931328e-08 3.29555604028364e-08 3.25159612457604e-08 3.20674029996582e-08 2.97061620524452e-08 3.0809684503641e-08 3.2350272893833e-08 3.266715682404e-08
4.52889806545898e-08 5.44925418122233e-08 6.31619059388022e-08 6.71315513289805e-08 6.86175026243241e-08 6.62142993990145e-08 6.69443136813719e-08 7.09792665309905e-08 7.23939551749986e-08 1.99243654241954e-08 6.17148843140569e-10 1.61358910422127e-07 1.77917915866743e-07 9.09783458347135e-08 1.71760997869086e-07 1.56054561528673e-07 4.33130984855978e-08 9.68709446103055e-08 1.65987669553669e-07 3.94944309811685e-08 3.85021191373625e-08 4.23106993552302e-08 4.50567169796301e-08 4.69153272564249e-08 4.98078087440845e-08 5.13725933459774e-08 5.16815046536223e-08 4.98011127780806e-08 5.08064797344332e-08 4.99607136661417e-08 4.84803378664189e-08 4.72928330275124e-08 4.55909934360399e-08 4.27329560070966e-08 4.04508728735209e-08 3.47168260139696e-08 3.25262697331574e-08 3.03649218658109e-08 2.96054319726125e-08 2.9765030373774e-08 2.78107992746079e-08 2.6863130697663e-08 2.76906220508799e-08 2.91628531323695e-08 3.08154936234928e-08
4.42011154455635e-08 5.90494476537806e-08 6.07364904703367e-08 5.77543442847883e-08 6.96850920967052e-08 6.84681775386942e-08 7.02429637788882e-08 1.40316586694222e-07 7.80481270501454e-08 2.03658534736473e-07 3.32432725791421e-10 8.80011359338795e-09 3.00713150991339e-07 2.79958159432603e-07 2.71048549160824e-09 3.44348405345585e-10 2.35638023537987e-09 9.33119221890877e-09 8.24734344706535e-08 1.09014701243915e-07 4.62412917068278e-08 4.78766509215411e-08 4.88602518000647e-08 5.09132220272157e-08 4.94227646585799e-08 4.80083263587616e-08 4.6353271720978e-08 4.65857337261788e-08 4.71729883821936e-08 4.67970531103923e-08 4.6787635699097e-08 4.37947323961296e-08 3.99173819221055e-08 3.84528428543085e-08 3.64871697189351e-08 3.2671470395762e-08 3.00544356846011e-08 2.81661970413793e-08 2.74948415035503e-08 2.81380627464856e-08 2.78746652093709e-08 2.64052196663478e-08 2.66899000789245e-08 2.81586883366103e-08 3.00686620602342e-08
4.87894627143604e-08 5.47991204968845e-08 5.13337931273838e-08 5.76604163526895e-08 6.73758564162519e-08 6.87118836606437e-08 7.36861186623194e-08 7.69979328296699e-08 7.8014639892654e-08 7.2763083480698e-08 3.15120433780347e-07 1.3155764655437e-07 3.90436147190698e-08 9.34199044011486e-08 4.35902658413312e-10 9.10292952127634e-11 2.20036833198378e-10 7.87886222930467e-10 1.24697675896179e-07 4.70084586368102e-08 4.45910962820761e-08 4.7240090117473e-08 4.83509286941519e-08 4.88929748576616e-08 4.8761094095795e-08 4.65634135915494e-08 4.42064283068255e-08 4.28392335938277e-08 4.21984012621834e-08 4.12803231930603e-08 4.06977929912067e-08 3.84945628484346e-08 3.67227680486693e-08 3.6130361080744e-08 3.37654245452512e-08 3.11101252647994e-08 2.87077811411685e-08 2.80570786159728e-08 2.8174237820533e-08 4.07054944417951e-08 2.90164449467945e-08 3.25608137563549e-08 3.28346481781594e-08 2.86374723490468e-08 2.98099309126165e-08
4.40465851014871e-08 4.93939555590295e-08 5.36917456939179e-08 6.25440722656911e-08 6.72276781354952e-08 6.63463226135974e-08 6.99719996166692e-08 7.43733877039965e-08 7.42031193379233e-08 7.32857846963419e-08 8.55019159584636e-08 3.55628336901059e-07 4.07105926991669e-07 7.72261873338564e-09 1.19180389779316e-08 1.54967684684593e-08 2.63392621047132e-08 8.48699968414301e-08 1.99362550912241e-07 4.46308409562945e-08 4.16183448037621e-08 4.17547194153656e-08 4.31849151771857e-08 4.61598457346391e-08 4.49518865797138e-08 4.24835660539635e-08 4.00791881127738e-08 3.93631995887489e-08 3.93138882781585e-08 3.83919961821633e-08 3.83462179120997e-08 3.76203780350082e-08 3.60041530478306e-08 3.47955592117088e-08 3.22132587826651e-08 3.02628312964792e-08 2.88359438105346e-08 2.84739934741651e-08 2.90699488925128e-08 2.91064742308222e-08 2.94423763480545e-08 3.30925228997359e-08 3.69655153154014e-08 3.06242813885582e-08 3.03289916847582e-08
4.31345538287609e-08 5.22305741212925e-08 5.5384352593002e-08 6.50984902317298e-08 6.8313348633442e-08 6.28146345826863e-08 6.61925949940745e-08 6.59403766367639e-08 6.79102476253135e-08 7.20013979993439e-08 7.08694037565572e-08 8.18795383383808e-08 2.61305866222639e-07 3.57646989024296e-07 4.54903142066421e-07 1.50706167179049e-07 1.39376422392257e-07 9.65238995953577e-08 1.822788780248e-07 4.10827525998414e-08 4.14029118656067e-08 4.23226333534643e-08 4.16829842864175e-08 4.06655200180239e-08 3.97516263794806e-08 4.01306313069227e-08 3.82285752498213e-08 3.86027241505715e-08 3.85206204267519e-08 3.78306814985407e-08 3.75140407182784e-08 3.69225604424095e-08 3.56085512076554e-08 3.45721012484646e-08 3.28361480894657e-08 3.12929912427151e-08 3.06804822103324e-08 2.9292935366243e-08 2.86113782888009e-08 2.82685897801116e-08 3.29113787889135e-08 3.46093725567265e-08 4.27372301992079e-08 3.69373516662108e-08 3.16239361142223e-08
4.39207740621228e-08 5.59018025647617e-08 5.60196436238947e-08 6.91973897404274e-08 6.95710748566114e-08 6.73602944867291e-08 6.95582478615897e-08 6.49039426314779e-08 6.46592033581861e-08 6.56038576130058e-08 6.99570122497661e-08 7.22970423305824e-08 7.26358269198535e-08 7.44634266913735e-08 2.71582142385984e-07 2.4735729475811e-08 5.56348282998442e-08 1.49121118242501e-07 4.40843284432724e-08 4.26949855025782e-08 4.29704531512698e-08 4.25140862514439e-08 4.01957778617401e-08 3.80719109016603e-08 3.73298855160797e-08 3.87814098834482e-08 3.87398942480743e-08 3.84911434059276e-08 3.76468513141326e-08 3.71292236178711e-08 3.68452678922715e-08 3.63394133451322e-08 3.53166923483528e-08 3.46472635692763e-08 3.39276630567653e-08 3.38091948326458e-08 3.18877120486505e-08 3.02221779158174e-08 2.88942380688439e-08 2.94724480265351e-08 3.14915085120049e-08 3.33749661796112e-08 3.76389774459085e-08 3.97474843705226e-08 3.29618978223145e-08
5.03121888373315e-08 5.14259697825814e-08 5.64066481634207e-08 6.50055212547684e-08 6.35379497349042e-08 6.16756060001222e-08 6.80111489792523e-08 7.56609286112209e-08 7.45430118187507e-08 7.07913866970777e-08 6.16338177383824e-08 6.08659295187053e-08 5.96095001914598e-08 1.6769356389057e-07 4.99977402590446e-08 1.22333671737085e-07 1.78141946483024e-07 1.58789525950276e-07 3.7871225733177e-08 3.71794368958511e-08 3.69625985263688e-08 3.56054152272911e-08 3.39603852594905e-08 3.61906425272451e-08 3.71396415177472e-08 3.87962173498124e-08 3.78869500106127e-08 3.71764814488529e-08 3.67565890613264e-08 3.6515974266571e-08 3.65159258275405e-08 3.48534099026132e-08 3.51707445167548e-08 3.52016891635998e-08 3.48579104136881e-08 3.34461306983336e-08 3.18301885626759e-08 3.02445918198835e-08 2.99624405286636e-08 3.11750521508891e-08 3.18712691904643e-08 3.38976938185631e-08 4.09763069364466e-08 4.19145009811217e-08 3.82979969404396e-08
5.5856008662758e-08 5.14119554373416e-08 5.82381285307854e-08 6.09739005952292e-08 5.34470633084538e-08 5.79961575208898e-08 6.5742274335534e-08 6.32239197662088e-08 6.77186106745609e-08 6.76434661284198e-08 6.57776923262965e-08 6.39429301729777e-08 5.87387498196534e-08 5.21641442929877e-08 1.87372053050971e-07 8.03100608126606e-08 9.72533248932983e-08 7.82695572465464e-08 3.720988893674e-08 3.34427129766723e-08 3.58763396768325e-08 3.34962849235509e-08 3.20637589701356e-08 3.66840599119733e-08 3.13308459176653e-08 3.65409733804611e-08 3.71819378730542e-08 3.61264476222978e-08 3.61402874737848e-08 3.59714910413977e-08 3.69687172541155e-08 3.68006192852377e-08 3.54229618637625e-08 3.42484022808343e-08 3.37850526666017e-08 3.26445525944408e-08 3.08681838312452e-08 3.02018127951165e-08 3.20209204041078e-08 3.26153229313064e-08 3.29525695508259e-08 3.51475422988301e-08 4.21822186846832e-08 4.10686640917035e-08 4.05395039759782e-08
4.63344183132541e-08 5.0523954009396e-08 5.0005341944992e-08 5.05143670559427e-08 5.49037098229732e-08 5.59316102877183e-08 6.20666240291889e-08 6.19119662204071e-08 6.6699552125904e-08 6.97483375722285e-08 6.71887924186265e-08 6.59536131819571e-08 5.98235765481014e-08 5.90199220718013e-08 5.35675184099027e-08 4.96165123875514e-08 3.44861194712109e-08 3.2787320447536e-08 3.59637624125497e-08 3.58187062010629e-08 3.8624091913686e-08 3.70013695460969e-08 3.89589047133931e-08 3.52833741001923e-08 2.98892995687083e-08 3.47493475549854e-08 3.64143727171751e-08 3.59370709634987e-08 3.54903489374614e-08 3.56253789579597e-08 3.72026831785277e-08 3.67917313615074e-08 3.67027351289018e-08 3.41008023929668e-08 3.29283267763714e-08 3.19408320792469e-08 3.08651282754369e-08 3.17891475143384e-08 3.28472306243555e-08 3.31409410692096e-08 3.33204810520904e-08 3.92565596252226e-08 4.26936262343247e-08 4.05113552148784e-08 3.94406285852966e-08
4.3038475183721e-08 4.85870948585543e-08 4.29966886428268e-08 4.65927647907982e-08 4.50555053044255e-08 5.46744413520983e-08 5.93364379186667e-08 6.05656339969229e-08 6.06202624098273e-08 6.27614011872168e-08 6.73824472552376e-08 6.17573892802703e-08 5.73050829122401e-08 5.22512886513837e-08 4.68686102705895e-08 4.05900279609739e-08 3.4757512834549e-08 3.79466375766135e-08 4.08191004552805e-08 4.45547598260099e-08 4.35622892647203e-08 4.30196167022778e-08 4.14996311870475e-08 4.04027958977871e-08 3.67689865887755e-08 3.59907228020262e-08 3.53926174589958e-08 3.46748371127248e-08 3.46736939826897e-08 3.52479675336248e-08 3.68228970870632e-08 3.65233789767494e-08 3.55316819411478e-08 3.38788032183679e-08 3.30278519866667e-08 3.17314889919373e-08 3.19679778648663e-08 3.27374230724153e-08 3.29289890799167e-08 3.31639024797603e-08 3.33919569550645e-08 3.57655243754529e-08 4.03223357148264e-08 3.94944330572855e-08 4.09362333475549e-08
4.0963833825014e-08 4.84142072543214e-08 5.52455242663896e-08 4.9438960492143e-08 4.97846279645664e-08 5.61225952599997e-08 6.68596674024968e-08 6.25929977959849e-08 6.76863557869112e-08 5.36203510925759e-08 5.54308376310431e-08 4.87307195928821e-08 4.53565976443748e-08 4.34016806161175e-08 4.13691148004602e-08 3.8110673949987e-08 3.73781311235888e-08 3.75259686657969e-08 4.32727558341561e-08 4.76236450941414e-08 4.77346678073864e-08 4.7204909481291e-08 4.53989817961187e-08 4.32993157994943e-08 3.89751104723501e-08 3.72347334742784e-08 3.55736783919092e-08 3.5031799527907e-08 3.45367372034389e-08 3.51877454951577e-08 3.5925564201289e-08 3.58222288832089e-08 3.47036531400668e-08 3.31360234140376e-08 3.2275478567545e-08 3.21982935536091e-08 3.21084708931885e-08 3.28574499941503e-08 3.28827226114825e-08 3.30497844536204e-08 3.33502707339228e-08 3.53620779880437e-08 4.00214653639708e-08 4.0243959231745e-08 4.03627609890655e-08
5.11531634383999e-08 5.4833549134603e-08 5.4536476390421e-08 5.30042580604295e-08 5.87673090191032e-08 6.46198206721849e-08 7.26287831653849e-08 6.58513678697403e-08 5.41115656949032e-08 4.86371324992518e-08 4.23822977824173e-08 3.98370888832211e-08 3.9191213530021e-08 4.13939196364233e-08 3.98867456397056e-08 3.55018060171908e-08 3.77936944073731e-08 3.82730007242316e-08 3.89769839292953e-08 4.09322328587258e-08 4.2621098406137e-08 4.29042080307696e-08 4.31614811891023e-08 4.10196923428252e-08 3.71891841655092e-08 3.74788630352896e-08 3.69474984607265e-08 3.57054393829159e-08 3.43831064175681e-08 3.45922278488509e-08 3.64038516109666e-08 3.54841165783881e-08 3.47783792542522e-08 3.39588063891227e-08 3.30964699091219e-08 3.2303324570826e-08 3.09288343602887e-08 3.16651686205205e-08 3.18534954191207e-08 3.26493586388921e-08 3.29599295190164e-08 3.69864870952696e-08 3.87239377452886e-08 4.02508694263837e-08 4.09849710614196e-08
5.33628723653479e-08 5.40348826127968e-08 5.65514987171945e-08 5.49965135210329e-08 5.34363444271158e-08 6.60398139951113e-08 6.24309559937863e-08 5.86360782262041e-08 4.85827086893487e-08 4.31187677563116e-08 3.64330358104681e-08 3.95499299310487e-08 3.87822388092651e-08 1.0435400694675e-07 3.54139173208701e-08 3.38333241978184e-08 3.63100068345723e-08 4.03823212535848e-08 4.44399436472231e-08 4.4012540645344e-08 4.48876991354652e-08 4.5178000773749e-08 4.50677636765207e-08 4.32490059654178e-08 3.95942452047215e-08 3.90707745601127e-08 3.86402701502142e-08 3.73586737878462e-08 3.59344106248827e-08 3.69791795074015e-08 3.62164182421409e-08 3.55429841003563e-08 3.47565150216056e-08 3.42235002448454e-08 3.35377448035246e-08 3.25979544135713e-08 3.18392318954253e-08 3.27602865279886e-08 3.24283278674287e-08 3.28998986831586e-08 3.79354805013499e-08 4.01299183327986e-08 3.90995990806609e-08 4.08895024395228e-08 4.02018319300979e-08
5.33698063409638e-08 5.20556855510002e-08 5.28896460405548e-08 5.09101511281251e-08 5.63922838647812e-08 5.56790654138162e-08 6.17242406963925e-08 5.69458681209944e-08 4.37762902483207e-08 4.21737555433843e-08 3.74559796179064e-08 3.8627012632908e-08 3.69084752094295e-08 6.2729328798028e-08 3.32813354653183e-08 3.54270941582691e-08 4.03052336395149e-08 4.51845841964449e-08 4.80701651150994e-08 4.61674036000836e-08 4.68611825454879e-08 4.77115412067519e-08 4.83770610903989e-08 4.6513766871481e-08 4.11767811847596e-08 3.84155464772107e-08 3.91154980405872e-08 4.27588545237612e-08 3.8265990143227e-08 3.87220679742839e-08 3.55512319805129e-08 3.55418702691068e-08 3.5005282583711e-08 3.44673589558475e-08 3.46598612144255e-08 3.33715181932703e-08 3.32603104835627e-08 3.30084133803865e-08 3.22858553780669e-08 3.67652191690659e-08 4.01199470978497e-08 3.94041394846667e-08 4.87653465608417e-08 5.43776085049075e-08 4.32288751905929e-08
4.42987056814559e-08 4.67685586147404e-08 4.63517246251932e-08 5.84601747344315e-08 5.06864998084389e-08 5.03334055657056e-08 5.50660279374782e-08 4.44691980905354e-08 4.08594041156896e-08 3.77057819300752e-08 3.56007410995396e-08 3.62338616666236e-08 3.51397389963815e-08 3.54477407094045e-08 3.92523039072223e-08 4.17910179351111e-08 4.55053849268694e-08 4.59906516758757e-08 4.64575282355106e-08 4.70227138005264e-08 4.53222905871797e-08 4.56519692937363e-08 4.55063398407951e-08 4.38067535024622e-08 4.28993597867411e-08 4.00220496965531e-08 4.38480576958611e-08 3.92654074587995e-08 3.89265304101549e-08 4.53959103419166e-08 4.95813672340972e-08 3.66185438860356e-08 3.55987204381236e-08 3.4881721644453e-08 3.43548870351817e-08 3.37447755294207e-08 3.30684947758009e-08 3.46423065455959e-08 3.61005009774651e-08 4.12170480412755e-08 4.67533787795738e-08 7.1517601996085e-08 6.18053019318943e-08 9.95058960562289e-08 6.47063722603036e-08
4.2295668778447e-08 4.44886553596646e-08 4.98541337545788e-08 6.52281050506076e-08 4.2133013322676e-08 4.47545363546631e-08 4.75398354904399e-08 4.07435036375858e-08 4.02557474910026e-08 3.54657132550784e-08 3.65527486390072e-08 3.52287745530866e-08 3.34451537131741e-08 4.02975794400184e-08 4.43432961683143e-08 4.57229747952148e-08 4.57982132995305e-08 4.64194673477358e-08 4.49343409036906e-08 4.58174101658493e-08 4.40741476759321e-08 4.30472770651669e-08 4.44147193023881e-08 4.54535540872492e-08 4.23385813408395e-08 4.02182303238519e-08 3.92498005985509e-08 3.92731713816374e-08 4.044601207287e-08 4.28965374665857e-08 5.71245149849631e-08 3.92521881331653e-08 3.82316050706599e-08 3.56816326152476e-08 3.53705759015277e-08 4.53181264847835e-08 5.03655313899287e-08 4.21678675754933e-08 6.06896455424e-08 7.89616449670128e-08 9.39841799385555e-08 9.48979551385065e-08 9.67447113753295e-08 1.00385197443487e-07 5.75731619933961e-08
4.24491911399372e-08 4.72727394229544e-08 5.55867517348929e-08 5.00833169270187e-08 4.06660763951905e-08 4.00184511084589e-08 3.92752719013956e-08 3.84116585649963e-08 3.60363305418332e-08 3.53198192915016e-08 3.63248957246931e-08 3.54545517389226e-08 3.59591408649607e-08 3.56858284811246e-08 3.92818663041972e-08 3.9130736517734e-08 3.18112959307726e-08 4.03276393057261e-08 4.43353357693077e-08 4.23946752481363e-08 4.18815316538534e-08 4.2916569364948e-08 4.51020087721687e-08 4.49846792816011e-08 4.47033795980545e-08 4.1015848850634e-08 4.28517859529798e-08 3.95789669371815e-08 4.04627672145885e-08 4.12368116209372e-08 5.36159744268794e-08 6.7033854234122e-08 5.65428024845716e-08 4.06823199128326e-08 5.48045672066344e-08 8.30493723014136e-08 9.70387435961229e-08 9.62842174434542e-08 9.54698060384729e-08 9.47741820245263e-08 9.51136923665885e-08 9.0393668350508e-08 8.78716839514127e-08 8.07695329729796e-08 4.11651733700502e-08
4.54816947104142e-08 5.18603371912896e-08 5.10354499549948e-08 4.88591196390331e-08 3.78641987208717e-08 3.5757451033458e-08 3.42276830989086e-08 3.5703301359824e-08 3.58271094902385e-08 3.49947452793487e-08 3.47332551609014e-08 3.51850317215074e-08 3.68636512648735e-08 3.49529198251375e-08 3.42272636233432e-08 3.14864807338111e-08 3.15676743412041e-08 3.95562930521898e-08 4.22504273678292e-08 4.08509401528256e-08 4.25473295262435e-08 4.25571109574641e-08 4.32850124743034e-08 4.31892440588832e-08 4.38021290793955e-08 4.55549555189449e-08 4.66920690112005e-08 4.0960073810492e-08 3.94790986901761e-08 4.58643169665152e-08 5.81783927811053e-08 8.63378492921285e-08 8.00231120701156e-08 7.26773140335979e-08 1.04979524728765e-07 1.01765083360128e-07 9.71775921287943e-08 9.42064742215365e-08 9.56887565628506e-08 9.5746697137411e-08 9.02124616564137e-08 9.55334364949323e-08 9.49176267805996e-08 4.76902367374521e-08 3.72151916505636e-08
