Maxent_result_files_1/Bombus_wurflenii_3.asc
NCOLS 594 
NROWS 330 
XLLCORNER -15 
YLLCORNER 23 
CELLSIZE 0.166666666666667 
NODATA_value -9999 
[rows 180 to 199 of 330, columns 450 to 494 of 594]
4.31922344557023e-09 3.20300267420137e-09 3.57674037054778e-09 2.94613922147136e-09 1.94081749560482e-09 8.83616013691579e-10 8.132556073015e-10 6.41981590110419e-10 7.12723680074134e-10 8.11582689941304e-10 8.47515979618407e-10 8.05295263806016e-10 5.14473053048192e-10 4.33354163664745e-09 4.42599357164397e-10 5.95275784220917e-10 5.71206160149274e-10 8.03556770012648e-09 4.58652116286373e-08 9.10045916402424e-10 3.68434083242164e-10 3.20629955918861e-10 2.60817367703226e-10 2.18475781910143e-10 1.90036741898325e-10 1.93895044464654e-10 2.17651274780906e-10 2.37480368703302e-10 1.81080195282846e-10 2.16441697897807e-10 2.685252797896e-10 3.13153514230891e-10 3.52976214923473e-10 5.34229227522331e-10 7.14571690707544e-10 7.76369513122432e-10 2.18019148290338e-09 2.3590210673774e-09 3.01465176155702e-09 5.53014934956408e-09 3.46472248669016e-09 3.55210657554395e-09 3.20453263924492e-09 4.68008728438107e-09 4.48298372868194e-09
4.80501988198156e-09 4.95552247015141e-09 4.5108033308594e-09 3.18522128672782e-09 1.76895985637415e-09 1.23969395859902e-09 1.04365066588841e-09 8.51673720436708e-10 1.07735534937703e-09 8.50197201529568e-10 8.95438956316497e-10 6.17279594106179e-10 5.61782753649709e-10 5.36398614414679e-10 3.98905308784947e-10 2.27291663268403e-10 3.37631989033582e-10 4.2387932053245e-10 2.53028742402961e-10 2.58622412374621e-10 3.88053811306577e-10 2.19982732030388e-10 1.94094840200165e-10 1.80717263376096e-10 2.05410888298729e-10 1.77545989021866e-10 1.36601119304913e-10 1.72285075095147e-10 1.48690693091424e-10 2.13103612534127e-10 2.75082290279727e-10 2.85688606105339e-10 3.6998573094138e-10 4.21543133732882e-10 5.89318305266318e-10 4.15937206899031e-10 6.9711194594646e-10 1.04669863887352e-09 2.3965540107973e-09 3.12508050548388e-09 2.43488098572442e-09 1.59374387020961e-09 1.91518120251644e-09 2.40985844612851e-09 3.20593893654575e-09
6.74679694334657e-09 4.70034141608622e-09 4.27063943098105e-09 2.95387732052177e-09 3.75767785776304e-09 1.55622827957558e-09 1.03237125514966e-09 1.61382812668975e-09 7.94127253955779e-09 9.63783675089758e-10 1.11891239606976e-09 3.17090698143119e-10 4.34342006805366e-10 3.74803077463071e-10 2.38507102956476e-10 1.85637516469939e-10 3.16979620329505e-10 3.91616505890369e-10 3.18747561678379e-10 3.37171734976494e-10 3.06054792620358e-10 2.73602007716534e-10 2.27302066058144e-10 2.07430783660811e-10 1.79007975109613e-10 1.83647907991968e-10 1.70145864064608e-10 1.85101178828972e-10 1.5922683171965e-10 1.13041764837618e-10 1.46429313119256e-10 2.73184685983807e-10 2.06943129299475e-10 3.36467909090032e-10 4.18293433224193e-10 3.18808590638042e-10 4.24084567463012e-10 6.61141774660479e-10 1.07287251305266e-09 1.16164262653484e-09 1.47189638255441e-09 9.24880394492789e-10 1.19042651292034e-09 1.62580837681503e-09 1.36043881715509e-09
4.45503818280457e-09 3.50731224063594e-09 3.29503924145769e-09 4.3088830803395e-08 2.01536885100495e-06 9.53134543646428e-07 4.77356071448831e-08 1.84535972058697e-09 1.35896818242998e-09 1.43227664173295e-09 8.36744538101897e-09 4.65506111435587e-10 4.71777594768241e-10 3.73776054551911e-10 1.79989656512447e-10 2.5363958711111e-10 4.40954228686508e-10 2.62670230011253e-10 1.33051735184964e-09 2.15594153640808e-10 2.29039653909524e-10 2.91808532892901e-10 2.34233921148075e-10 1.59495150420241e-10 1.4442907980694e-10 1.65695990261838e-10 1.9478889612401e-10 2.36091413086115e-10 1.9314692067951e-10 1.42681544357259e-10 1.76822156916501e-10 1.70705127811033e-10 1.74962611065865e-10 2.237180996012e-10 1.87474114010655e-10 2.15224749133824e-10 2.01981842362642e-10 2.53253862325664e-10 3.64287500165261e-10 3.98950750213345e-10 2.9137207091523e-10 2.69287780962912e-10 3.85529907998006e-10 7.21131454550772e-10 9.53489898147808e-10
3.24459775713493e-09 3.23859008499738e-09 2.94217068486091e-09 2.13631957679539e-09 2.4979970314476e-09 2.16507978212377e-09 1.7270906149669e-09 4.85737396971331e-09 7.66081458269952e-09 7.93630339224194e-10 2.55971897011875e-09 6.10564621084109e-10 2.79980771900057e-10 2.45932429976392e-10 2.15644935241954e-09 2.38130304364148e-10 2.14214157523429e-10 3.15642989523468e-10 2.3448484265387e-10 2.58918997353419e-10 2.02902428192431e-10 2.29649188554504e-10 1.9275107066008e-10 1.80544224015478e-10 1.58745805389771e-10 1.14211540225284e-10 9.6042673813912e-11 1.11975240191242e-10 7.95272736553443e-11 1.13518638933385e-10 1.52141443887643e-10 8.3832552011387e-11 1.21951593268221e-10 9.65094337779249e-11 9.43607525449863e-11 1.17727771975495e-10 1.37195999005968e-10 1.48985956904824e-10 1.5745229564601e-10 1.45387779593165e-10 1.23107257721244e-10 1.16626053259239e-10 1.77545778079491e-10 3.60656948750204e-10 3.56113893928978e-10
4.20678143431275e-09 3.60437998336849e-09 2.97988653752412e-09 1.81000739951642e-09 2.37580031203777e-09 5.87928425943574e-08 1.43115882478284e-08 1.70698377210954e-08 2.47829072930195e-08 1.64403340940922e-09 2.52541909606663e-10 2.58315058232483e-09 8.57606352600015e-10 3.82271136967205e-10 1.56602553147422e-10 1.6393244095525e-09 1.55065693618894e-10 2.4918116459105e-10 1.18124876546943e-10 1.47284850982032e-10 1.74220637916278e-10 1.4971032191724e-10 9.66517865741423e-11 9.52227185990751e-11 1.12727804868484e-10 1.48837735469698e-09 1.42407263759026e-10 3.03892714326182e-09 8.24339596583457e-11 9.01671404207605e-11 1.09187925367848e-10 1.2660472670234e-10 1.13952591807021e-10 8.40387981426716e-11 7.17262804705854e-11 7.1149808267279e-11 8.54230464142347e-11 8.98208951660706e-11 7.60665086474432e-11 8.14457834508175e-11 8.82195760887328e-11 8.92772855642932e-11 1.50718382219139e-10 1.49565371199145e-10 1.60168056595467e-10
5.39606688221284e-09 4.84362242536562e-09 3.57205459655674e-09 8.64778041398395e-09 2.89621043814137e-09 2.48582543438403e-09 1.96409071229198e-09 1.94617945092901e-09 1.45920028282731e-09 8.20891763453346e-09 4.42961001212439e-10 5.52545432430662e-07 1.40100990808634e-09 5.39112576802836e-10 2.50090403941527e-10 2.91110846539766e-10 2.10296668967658e-10 1.06608366579053e-10 7.08049618936002e-11 1.18437181173547e-09 1.43060385759952e-10 1.23723886691351e-10 1.17879639383034e-10 1.51024570627101e-10 6.97066249166767e-10 1.45259432260403e-09 2.50725622485959e-09 4.31188851290898e-10 3.5659641905994e-11 2.66666688730766e-11 4.51376664933889e-09 6.32822239055031e-11 5.65517854766995e-11 4.74956851626018e-11 3.83871490150511e-11 3.89151266766419e-11 4.51859993866321e-11 5.54996382184925e-11 6.37109476286923e-11 7.05572156256551e-11 8.36700153605818e-11 8.35906677210119e-11 7.49539541544664e-11 7.95061017022647e-11 1.46249745647253e-10
5.64363396016176e-08 4.97918063446789e-09 9.03418608810824e-09 8.13931873651086e-06 3.18892027166839e-06 9.40938223670251e-08 6.92555299863784e-07 5.06241485780379e-06 2.02838517093795e-09 8.0577290395567e-10 4.67267499137947e-09 2.03838937951062e-09 3.97260477846828e-09 4.96339674915802e-09 1.93916194213273e-10 2.56287380206999e-10 1.87786852734462e-10 1.97275096258664e-10 1.49125956028229e-10 1.00618835485733e-10 1.43781975214807e-10 1.53531132252027e-10 1.04288677693631e-10 8.74100902770181e-11 5.30686938837732e-11 8.17323764223943e-11 3.02770253313156e-11 2.30158669900504e-11 1.78466019740142e-11 1.25964305652815e-10 1.38505396041211e-10 3.15244608195542e-11 4.80761208621061e-11 4.68472927117602e-11 3.6101110989506e-11 2.63906230202338e-11 2.71218492109426e-11 3.48224227231242e-11 3.4338110133092e-11 4.04919209273658e-11 4.11860878735126e-11 3.2937141902778e-11 4.32873070721485e-11 1.00562635996226e-10 1.11687981085851e-10
5.4053362052997e-08 8.16437271122794e-09 1.58501647096188e-07 3.508167252253e-08 1.50660457514107e-06 3.0311071830269e-07 1.92486657413227e-07 4.96247485326506e-09 1.40747719035161e-09 2.43906607133582e-09 1.94888361004786e-09 2.62503970782646e-09 3.20224065042396e-09 8.67571614548979e-10 1.14306534793052e-08 1.98800845785385e-09 1.42984779571975e-10 1.56021806585471e-10 1.57621504737193e-10 8.83279227537059e-11 1.09142761495207e-10 1.2243845937121e-10 1.31974264849788e-10 6.63530563826953e-11 4.29847379912474e-11 4.32809121875266e-11 3.31363825267772e-11 1.00505226363623e-10 3.58677082479275e-09 3.91633370178113e-10 5.93306386242887e-09 2.27451335543805e-10 1.56729851319426e-10 1.30328858816142e-11 6.82975898058658e-12 1.14864229239231e-11 1.18419607453291e-11 1.54165236132542e-11 2.00297334274069e-11 2.42039388531623e-11 2.66856425845674e-11 3.19360871081642e-11 3.6334113495684e-11 4.79132733488541e-11 5.5707638502156e-11
7.08099210822155e-08 2.53723017031859e-06 3.67562504433039e-07 1.59859383286332e-08 3.66061144063679e-07 1.38532017435189e-07 3.90901525704201e-08 1.91709582986199e-08 3.15795258831741e-09 1.43288400145103e-08 2.26446989604057e-08 1.47551836970905e-08 1.1793641507829e-09 2.60235787363783e-09 1.64557345527783e-09 1.19467769010839e-11 6.37643049472558e-11 3.00499991556791e-10 1.18509824176272e-10 1.003883087769e-10 8.01277155737523e-11 5.58280643936371e-11 5.29342125688004e-11 4.93437291027021e-11 6.93298307652412e-11 4.54461246413018e-11 2.21783702514244e-11 1.40387701463851e-11 8.36932643188959e-09 2.12027329027364e-10 9.96115601115122e-09 1.94413418697081e-10 9.23537912811412e-12 5.82808246107902e-12 7.40183470071543e-12 7.45888906195091e-12 9.17796949551075e-12 1.07614583910731e-11 1.03162700604287e-11 1.55065182916303e-11 1.96018312692559e-11 2.20098161918258e-11 2.85493628737754e-11 2.17400875079932e-11 2.29864127732071e-11
1.9597240457081e-07 1.15674524625575e-08 9.87034629584826e-09 4.0485711882976e-08 3.5576534290982e-06 2.50491770992234e-08 4.86436900870579e-08 1.13837040904841e-08 1.0322675381147e-09 5.42385869550799e-10 1.72892680461167e-07 1.45068142547444e-06 8.30951443764327e-08 1.64270808644673e-07 3.82924024400211e-07 2.50704491611131e-09 2.2510355801586e-10 1.00098596078624e-10 7.48018758045532e-11 6.35829389139531e-11 5.62745516852203e-11 2.54632426255341e-11 4.30237732107486e-09 2.29782437521919e-10 1.90748794537399e-10 2.46444864515638e-11 1.16594800481096e-10 3.1899455410489e-09 1.11171072347815e-11 9.6111341107985e-12 8.90310047907406e-12 9.52480316840365e-12 1.09472542142441e-11 5.19100318285837e-12 1.21883689807589e-09 8.66146043776439e-11 3.20472537396199e-12 4.36543023951685e-12 9.06003050360482e-12 1.10043085754796e-11 1.16357590229654e-11 1.14989018307199e-11 8.8302587464284e-12 9.81996706173049e-12 1.43846268230163e-11
7.26579336696176e-09 3.88742971146883e-09 4.51962103298342e-09 2.32899518559648e-09 9.40411555294673e-09 1.97739298268829e-09 5.78483416724396e-09 5.83238399687325e-08 4.45592951425766e-09 8.21288759222938e-10 1.44784431554967e-08 1.91844877206471e-08 1.02070863039483e-07 3.31768498229579e-09 2.16215734205605e-09 3.5045020774227e-09 5.75321269513651e-09 6.01445671044587e-11 2.80864331791975e-11 3.56829343850507e-11 2.74936295951989e-11 1.82986070740299e-11 1.81791914855012e-11 3.43578721029303e-11 2.11351703915952e-09 2.12186690440319e-10 2.34985986224956e-10 4.23647328329224e-10 3.38872263583312e-11 6.90404400316424e-12 4.92738072566112e-12 1.03667630035886e-11 3.41080497179291e-12 3.92826882134045e-12 3.42753603277401e-12 6.63123222999218e-11 2.32920237541734e-09 2.070596805126e-10 2.99058000585717e-11 4.88200591064469e-12 7.59907692327033e-12 8.95271634604455e-12 7.00900448791231e-12 6.52071729945192e-12 7.97748533898357e-12
4.24167960644262e-08 1.9039049603542e-08 2.57791969993093e-09 2.49461542534135e-09 1.1405872168968e-08 1.73469774988888e-08 1.82069940679597e-07 1.00592754051831e-05 2.08152295400055e-10 6.12900568075503e-09 7.77563337051035e-09 6.46764925282817e-08 8.62122883660277e-07 2.57752867938166e-09 3.6499217315189e-09 3.833692652222e-09 1.52192116598115e-07 5.41301034440167e-08 3.43644512845742e-10 3.42498350569542e-08 4.51308257432004e-10 4.14067669041174e-12 2.33055907905566e-10 2.68574268380561e-09 3.42645424256105e-09 1.20500032174675e-10 2.04098227207794e-10 4.01203092970093e-10 8.3193164912565e-09 3.30779537094372e-10 2.03510208685032e-10 2.65454325187875e-12 2.56648036156548e-12 2.00774952219263e-12 1.70153890977076e-12 1.1528888954615e-12 4.62226923403364e-12 6.889876447147e-11 1.57599533423536e-10 4.7462508367957e-10 3.13000736440472e-12 3.43818307158017e-12 2.62366794956392e-12 3.40594219494506e-12 1.29277255567217e-11
4.53180848403179e-09 6.06911665368415e-09 1.06059525273317e-08 1.0074043532704e-08 1.10143509868266e-09 6.97392048554235e-09 2.06652669088037e-08 6.42380941773268e-09 1.09590986707708e-07 6.71306338295707e-09 3.99347916957282e-09 4.21944856832113e-10 2.98232236684015e-09 1.77785863364477e-07 2.6948309361785e-09 2.26611327480697e-09 1.53239948508244e-09 1.81298335233393e-09 4.05169269246386e-09 1.98123007999484e-09 1.04499665587454e-09 8.19439116561682e-10 8.01805444261561e-10 8.9289990956587e-10 4.89769447220567e-10 3.39529449000509e-10 4.13648881814055e-10 3.93508476914661e-09 3.38441930036737e-10 1.18258058900977e-10 1.40889422350909e-10 1.40812483895303e-10 9.24777376898334e-10 2.54450904790815e-11 1.22418741810293e-12 5.30068211546109e-12 4.36817655380395e-09 6.97788715697811e-11 1.78326853284005e-10 7.10580938534377e-10 1.32419630816116e-12 1.61566315881601e-12 1.6818657577744e-12 4.86140017130765e-12 1.67007412343878e-09
6.52313614235567e-10 5.53374429612674e-09 5.38326746513107e-09 5.86226185372851e-09 3.80658859988614e-09 3.01322087281619e-09 6.24321371267555e-09 5.64502582456328e-09 6.58795912267252e-09 7.35311955768481e-09 5.16832992181193e-08 2.33398866900103e-10 5.1338707174331e-09 7.40733443471697e-09 1.20780258350273e-08 9.76676299835333e-09 7.42857042546063e-09 2.04329737574227e-09 2.31539342143705e-09 1.19814948806862e-07 1.02575217209022e-09 9.68112423560541e-10 5.14106013316251e-10 5.78650949378812e-10 5.93613158628159e-10 1.47770979896933e-08 1.28284141531765e-08 4.19273848972779e-10 1.57357270547109e-09 3.2353517642747e-10 3.39395722637192e-10 2.5962144323266e-09 2.97886137978764e-10 1.40979872220726e-10 3.95249166729172e-10 1.54987023215369e-11 9.75148850557161e-11 1.44617895436738e-09 3.80903086849571e-12 8.46567260737174e-13 9.78805925200277e-13 1.1660672427638e-12 1.52906576289524e-12 4.07431421933779e-11 1.68379643561423e-11
7.48142402473562e-09 6.21777005438417e-09 5.78351788682596e-09 6.97568766083734e-09 6.81253807810478e-09 1.1768305541171e-08 7.33055441903829e-09 7.15867222167432e-09 1.02470016138945e-08 6.28206029418266e-09 3.55897690207385e-09 6.27873628644693e-09 8.76440719999039e-09 1.86003499824672e-08 1.71402071091897e-08 4.38986596074109e-08 4.73120803645699e-09 2.18655806794033e-09 1.94811142772977e-09 4.40957280689602e-09 8.20019488978474e-09 9.87280124320478e-10 2.34072505822525e-10 4.69152061643996e-10 6.86604504362975e-09 2.16243056794241e-10 1.10154219079561e-11 2.00059813160181e-10 1.56422220731756e-09 5.26935839406661e-10 6.65662747145745e-10 1.87724392697319e-09 4.51134913870277e-09 1.53414435599686e-09 1.61497171191627e-10 3.09434633471994e-10 5.87395909690258e-11 4.40222547304359e-10 3.74644759659759e-13 6.56241727625684e-13 8.65651994530481e-13 1.6642465183736e-12 9.18154441365004e-13 1.27159394125442e-12 2.12218020934074e-12
1.32329701196809e-08 8.66328380144665e-09 7.56894776854367e-09 6.99446986995866e-09 6.92740939056691e-09 7.59746126011152e-09 6.82103591387317e-09 3.95315556955822e-09 9.59052742777189e-09 6.03857205350167e-09 6.90748584553091e-08 3.93007042465143e-09 7.60549500045116e-09 7.53921404195168e-09 7.9172361555635e-09 4.58628983679432e-09 9.14287828779337e-09 3.75610837988205e-09 3.4213080590817e-09 1.47039340703259e-09 6.15204588383378e-09 5.19329124148982e-10 2.18822437947352e-10 5.25098396986223e-09 2.44521403125475e-11 9.85626713578824e-10 1.37762246055217e-11 1.37935766142405e-09 6.89236709927599e-09 1.48579245684566e-08 3.49247539777053e-09 7.19388925096709e-09 4.53510784481637e-11 2.10485606721988e-10 3.0997526545562e-09 4.99803979314706e-09 2.16042413958561e-09 2.57002803483175e-09 3.9377523464168e-10 2.96361091223218e-10 4.78694861527629e-13 4.65649740988283e-13 5.00532948422006e-13 1.63872249103747e-12 5.45963274589667e-13
1.41368022066324e-08 1.1197354854442e-08 1.0890322876822e-08 8.74475819534482e-09 8.09668613266368e-09 9.17506823849834e-09 8.9190540841777e-09 8.70908959393901e-09 1.67105522863586e-08 4.97434615720493e-09 1.2516608327573e-08 3.5039537460424e-08 1.34036762400314e-07 2.45400771148319e-08 1.51451109209333e-08 2.00529395533167e-08 6.15139991166913e-09 2.39315960381958e-09 1.8150034253317e-09 5.56998136502784e-10 1.26786706688975e-09 3.14314462235288e-09 4.1898672309415e-10 2.13137232307758e-09 1.72613034976621e-12 3.61650043245731e-11 1.16482934409134e-11 3.93447607827113e-11 1.21656795748493e-11 3.70156683082712e-11 3.38319461334891e-10 5.12914488659533e-11 2.38838837596234e-11 2.02297067986024e-12 3.57831542174836e-11 5.38690647644557e-11 6.62875898616022e-09 4.45543841820495e-09 3.50258331227593e-09 1.87374635807203e-09 3.52453144447651e-10 6.65923649556532e-11 6.22234708202995e-11 4.09208666951599e-11 2.4618528327025e-10
1.6233903354923e-08 1.42017270943207e-08 2.27547089837188e-08 1.19659972486197e-08 9.59673329692379e-09 9.02585743922657e-09 9.81662454657695e-09 1.38855744902244e-08 1.49582721653552e-08 1.98419025432273e-08 4.55277157085376e-09 2.2403834232243e-08 2.10071328865524e-07 8.22079321283198e-09 1.93897754519057e-09 3.22055750956451e-09 3.11117926976578e-09 2.60005074137482e-09 1.2317363906611e-09 5.92387505715664e-10 3.29572102941711e-10 2.57091059552295e-10 2.98251612296241e-10 6.11259706184697e-09 1.17965438639622e-08 8.68779537199771e-10 8.71272132219048e-10 4.60604231422579e-09 6.90064960728876e-10 8.04241057084099e-09 1.34896317449673e-09 3.64378616168892e-09 3.14790027378109e-10 4.20009582668968e-11 1.94745330972523e-12 2.86166645935282e-11 9.0817109388297e-10 6.42552366869609e-10 2.16057947088899e-09 4.55881765670796e-10 5.72850034075145e-10 2.07486205994201e-10 2.39609332375323e-11 2.91392909801402e-11 1.10715681067575e-10
1.74721493384489e-08 1.592570491038e-08 2.27951839404383e-08 1.53919370471378e-08 1.24209243002049e-08 8.40659963863288e-09 8.46966121681447e-09 1.33038774330352e-08 6.94460836614397e-09 2.60571936139264e-08 3.9436099497081e-08 7.03973103588495e-08 1.44153775716305e-07 1.30103392170788e-08 4.32797822025321e-09 9.76514548112206e-09 2.89982672319056e-09 8.85482942525329e-10 3.57156160202266e-10 6.28674790004169e-10 5.20104292967005e-10 3.33455718593001e-10 9.09877806432036e-10 9.42869737841079e-10 1.40062494935478e-10 5.87077519931256e-10 3.44904976801175e-09 4.33056179804936e-09 1.98033229814598e-09 1.40464718745292e-09 6.94996282746274e-11 3.42833073041504e-10 1.60626845158163e-11 2.19804019430114e-10 6.01374627873241e-10 5.44159650672782e-10 6.86149248529944e-11 3.69296182523016e-10 2.91883228697998e-10 8.3128058880888e-10 9.43619848925437e-11 1.20198739850252e-11 1.3452572389383e-13 1.45661260830821e-13 1.42930112190243e-13
