Maxent_result_files_1/Bombus_pyrenaeus_2.asc
NCOLS 594 
NROWS 330 
XLLCORNER -15 
YLLCORNER 23 
CELLSIZE 0.166666666666667 
NODATA_value -9999 
[rows 189 to 215 of 330, columns 61 to 121 of 594]
-9999 -9999 -9999 -9999 -9999 -9999 -9999 -9999 -9999 -9999 -9999 -9999 -9999 -9999 -9999 -9999 -9999 -9999 -9999 0 3.28853044032629e-06 3.14579833673889e-05 0.000100832363528991 0.000115047574956861 2.34254105493381e-06 0.000324390405751274 0.00427753467338339 0.00107232867139829 0.00114847269237545 9.66215734677145e-05 7.47293874297839e-05 2.72048480226772e-05 7.48706425746093e-08 7.94874919878286e-06 4.34889264911975e-06 8.03800356351303e-05 0.000133687287529938 0.000594253344062856 3.0667387149852e-06 9.93903653323525e-07 0.000196852518610258 0.000192496288400434 0.000297689925015554 9.84979073336945e-05 1.66899831871792e-05 2.72992945153927e-06 4.59567951077711e-06 7.33331810796045e-05 0.000266995046990814 2.69147006172199e-06 3.0927255594615e-06 0.000112735714884593 0.000173639567789174 0.000896869998364769 2.18481927251046e-06 6.26176510643006e-09 1.01463445056904e-07 3.59653140213911e-07 3.04438730751144e-05 6.96589862880792e-07 1.82532447612349e-07
-9999 -9999 -9999 -9999 -9999 -9999 -9999 -9999 -9999 -9999 -9999 -9999 -9999 -9999 -9999 -9999 -9999 -9999 -9999 -9999 -9999 -9999 2.68192516886367e-05 0.000116925943626711 2.42529225406019e-06 0.000268736226095712 4.07475400614032e-05 0.00104935594806649 0.00309560374071232 0.00117071711961217 0.000270409439053765 5.37991028551232e-05 2.52929886537245e-05 3.48199041756203e-05 1.86542333890927e-07 0.000169737121882463 0.000336327277273096 1.62595104579388e-05 0.00124870106301401 3.82936364743403e-06 0.000586764955680674 4.66642725471811e-06 1.38046674739156e-06 0.000723257892968832 0.000291754128062394 0.00208687420614524 2.02072638421091e-06 6.17611558730857e-06 3.49251969625319e-05 0.000596651526503578 4.42289754501335e-05 3.84239832673661e-07 0.000118615166995351 1.76275601356801e-06 2.03948518628927e-07 3.1293301283597e-10 2.23744819338734e-09 0.000876140061861652 0.000167815548677863 7.8459687296295e-05 1.41971041826006e-06
-9999 -9999 -9999 -9999 -9999 -9999 -9999 -9999 -9999 -9999 -9999 -9999 -9999 -9999 -9999 -9999 -9999 -9999 -9999 -9999 -9999 -9999 1.88737914186277e-16 0.000129200017187259 0.00021100396891427 0.000374763039422987 2.93197645103715e-06 0.000374343785248721 8.65551932645037e-06 0.00102430589886353 0.000301764305640972 0.000112662206555569 6.00672740220798e-06 1.14936973484303e-06 6.44369148083967e-07 1.69283698538969e-06 3.4769848186178e-07 8.65342461131569e-08 8.68940505327487e-08 2.60406265106261e-05 6.90003759087343e-06 1.02493309582785e-06 2.38297456633507e-05 0.000121764882024111 9.64702843297971e-07 1.25654193788849e-05 9.1076971112658e-07 3.76672200321782e-06 0.000226421827225565 6.87392582956803e-05 8.79597137348753e-09 3.26329165753036e-05 1.73158172800392e-08 0.000258264403302144 4.20608409035239e-07 3.08651312286301e-09 1.4921969505588e-07 3.31193266212004e-07 7.26796451452349e-06 5.59538732980203e-05 5.59560011483828e-06
-9999 -9999 -9999 -9999 -9999 -9999 -9999 -9999 -9999 -9999 -9999 -9999 -9999 -9999 -9999 -9999 -9999 -9999 -9999 -9999 -9999 -9999 0 9.70756961496622e-05 0.000167065818689593 0.000316799528576439 0.000388322340614877 0.000603011753901228 0.000633966552027232 1.7251784634742e-06 0.000186226184268889 1.42097262536556e-06 0.000102988023434136 2.41552009783152e-07 2.38667663943204e-07 6.55563694205385e-05 0.00262429040933793 5.00383311130559e-07 2.70362777321509e-07 1.22331980201285e-07 0.0017344547370849 1.4572085893505e-07 5.78256517869136e-07 1.84877848896647e-07 9.20272611992789e-07 2.58212138337655e-09 9.30775345868717e-06 0.000287936526773303 0.000967795401857074 2.71309127444219e-06 0.00254277830150365 0.00355826691408438 1.35558691849447e-07 9.7307296964555e-08 8.27899024606893e-06 4.46303485290844e-07 0.00107391895787687 2.30225609909596e-07 4.81486429304567e-07 3.48422584357411e-05 3.01067029672808e-05
-9999 -9999 -9999 -9999 -9999 -9999 -9999 -9999 -9999 -9999 -9999 -9999 -9999 -9999 -9999 -9999 -9999 -9999 -9999 -9999 -9999 -9999 0 5.76623460645687e-05 0.000231095013737104 0.00025836797105967 0.000330118167079263 0.000259010051675546 0.000439330534072724 0.00379047943749812 0.000315394657763712 2.07899593732352e-05 7.30781479267861e-06 2.40393670758454e-07 1.38555031037324e-06 3.90707823681891e-05 0.00042127092261417 0.00047242008558922 1.01530132033956e-06 1.94929979824288e-08 0.000550169225315722 1.7072818169761e-06 0.00104529627514935 3.92096055068514e-08 3.66677191943054e-09 1.28813785493787e-07 3.30557981753632e-07 0.180115495127029 2.8564712011292e-06 2.13521199188271e-07 2.1013367661471e-07 0.00770505689513348 1.62226961196721e-06 9.71406837413369e-08 0.000215033673091947 9.94236598084175e-07 4.3929584967517e-05 1.32306572965257e-06 0.000693475362431129 1.89156465513207e-07 3.54589889379753e-06
-9999 -9999 -9999 -9999 -9999 -9999 -9999 -9999 -9999 -9999 -9999 -9999 -9999 -9999 -9999 -9999 -9999 -9999 -9999 -9999 -9999 -9999 -9999 0 3.15196418432362e-05 0.000227381348292965 0.000275550545967462 0.000296582095660369 7.77510414267102e-06 0.00135876780629616 0.00108629641011007 9.99694411030205e-08 8.27698115251074e-06 1.39584615443944e-07 5.33123142646419e-06 3.92284315960945e-06 8.22701725865071e-05 3.01454781133081e-06 3.42664992647457e-07 4.27841951866625e-09 0.000309165807724798 7.13742150926899e-05 0.004817289622739 8.15098377682233e-10 8.85866369149113e-09 4.65303153649455e-06 0.000498394896294485 3.14124757701095e-05 0.000448050400582467 2.24307756813147e-09 0.00556057477381817 0.0100695332444786 3.21202255481712e-05 4.75672547117001e-05 3.58494636709672e-07 0.000133788173438298 2.43044737435971e-05 1.2110356633066e-07 3.12642769950688e-07 4.99694566316045e-06 2.77340517206293e-06
-9999 -9999 -9999 -9999 -9999 -9999 -9999 -9999 -9999 -9999 -9999 -9999 -9999 -9999 -9999 -9999 -9999 -9999 -9999 -9999 -9999 -9999 1.31484119147984e-09 0 0 9.61795455234338e-07 0.000288854144548623 2.86704606908827e-06 0.00040097565333781 2.33474042786619e-05 4.37940454850572e-05 1.25528825326793e-05 1.65170497390399e-08 2.68233679268093e-08 4.51265466216988e-06 3.7925990343135e-06 0.000141588749926369 0.000336980178408441 3.68028674672005e-05 7.58521432775439e-08 1.62366705025452e-07 0.000649582511237334 4.30232829584543e-05 5.07824183593186e-08 4.32331714552703e-06 4.70619229560043e-06 0.247834684886038 3.32635546258397e-05 1.6333899701515e-05 2.88737365239378e-08 0.838088500127196 6.05369961922397e-05 5.89739524303745e-07 6.51134404656695e-06 9.77328108708875e-07 0.00633854082547987 0.00122684103443681 1.1141534379866e-06 0.00364478312330334 0.000844228431285021 4.95217797831127e-05
-9999 -9999 -9999 -9999 -9999 -9999 -9999 -9999 -9999 -9999 -9999 -9999 -9999 -9999 -9999 -9999 -9999 -9999 -9999 -9999 -9999 -9999 2.55351295663786e-16 3.97415259800749e-07 1.31561428418081e-13 2.1142299146959e-07 2.55050367603538e-08 1.10352910809297e-07 1.05536881345181e-08 4.80356015941652e-07 6.30929137823699e-08 9.39229882646053e-08 3.24637675575001e-07 1.75999594489662e-05 3.29649219565908e-07 6.46863251407837e-08 2.19947683721689e-07 1.98168694396705e-05 4.23902193692038e-05 4.13152673628403e-08 0.00023259500544156 0.000852449019664558 4.06179937084694e-07 1.47233165315841e-05 2.43712863467804e-05 0.00308957996330719 0.0127813446324581 6.29522781292025e-05 1.21637209504755e-07 7.03866870344072e-08 0.00330592187832217 3.84455928450489e-06 1.02404081858687e-07 3.05469737093e-06 2.37118447499185e-07 0.020529847688158 5.02729637444466e-05 4.48129176777723e-07 1.90808592839264e-06 9.01770162302196e-05 2.58250195485088e-06
-9999 -9999 -9999 -9999 -9999 -9999 -9999 -9999 -9999 -9999 -9999 -9999 -9999 -9999 -9999 -9999 -9999 -9999 -9999 -9999 -9999 -9999 0 1.98471843796399e-06 5.88418203051333e-16 3.33066907387547e-17 0.00153612988297027 6.29685210640218e-08 1.3960083100617e-08 6.94425547065336e-09 9.07943974670644e-08 2.75350525824614e-07 1.46109416010454e-08 4.584275593571e-05 6.12530050151383e-06 1.39172166780943e-06 4.10656443827762e-06 4.91889737889162e-06 0.0045345175196993 6.43243454612197e-08 2.34891325656683e-07 2.26620570087377e-09 2.19627179987025e-07 4.74993814660873e-06 8.36194381746758e-05 0.143018012776156 8.77874580389459e-05 0.0350250512441562 1.4676128797797e-07 0.0312274539372574 6.88156324701872e-08 7.87921070677378e-07 1.227704830703e-05 1.16291794638457e-08 5.09006653515165e-07 0.00293492717347306 1.22813011165235e-06 6.11416034290713e-06 6.89672491205329e-06 7.57401557260895e-07 8.8780495555163e-07
-9999 -9999 -9999 -9999 -9999 -9999 -9999 -9999 -9999 -9999 -9999 -9999 -9999 -9999 -9999 -9999 -9999 -9999 -9999 -9999 -9999 -9999 0 3.66076191582465e-10 0.000865785458364632 1.0204337375086e-10 6.90558721316847e-15 7.64653106145596e-06 2.82459203804208e-09 5.95416631554713e-09 2.12282536438124e-08 8.23036465213978e-07 9.10150499973894e-05 3.07427819334904e-07 4.56121895808792e-10 7.48956971208248e-07 1.03116233174383e-07 2.7729587492864e-08 4.48341240799621e-09 6.94148533098016e-09 3.43674148574058e-06 1.30469881587381e-07 2.45856034808423e-07 2.9997288621697e-05 4.3380249123981e-07 0.00289791830691684 7.36632599436238e-06 9.71800680416024e-07 1.68760714691629e-07 3.68669734774896e-05 2.36730218028391e-07 5.82726400355504e-08 3.06838295438538e-08 2.05326495638092e-06 0.000120986402286682 0.000239946241836131 2.11795463757047e-06 1.72908454931786e-07 1.21847971690237e-06 5.37519471266457e-08 0.000175900358311232
-9999 -9999 -9999 -9999 -9999 -9999 -9999 -9999 -9999 -9999 -9999 -9999 -9999 -9999 -9999 -9999 -9999 -9999 -9999 -9999 -9999 -9999 0 1.29262530679242e-09 0.00110846110144445 0.000201460565200529 5.45476696578451e-07 3.71312831942694e-06 1.10428787066241e-05 2.8517905925618e-09 1.1408542945901e-07 0.000200887102795377 3.50412176121306e-05 3.23347336828039e-07 7.7805342835191e-09 1.57829266611564e-06 1.52086124949324e-07 2.51616780855279e-08 1.04809188994359e-08 7.74623246657669e-09 1.23153282061139e-06 2.69535099364226e-06 1.88827631205646e-06 9.82634938306859e-08 1.0971167116125e-06 7.9742217747869e-07 0.000303388863729026 0.000778748276095342 0.206809951234027 3.52611527444369e-06 2.61900063801557e-06 0.000349734244287392 0.000695704691371191 0.0137681435378909 0.0057749378634071 0.00039126307920474 0.00150293152278392 2.90292355409338e-07 3.25951843460626e-07 3.39441404236807e-06 1.7163010679333e-09
-9999 -9999 -9999 -9999 -9999 -9999 -9999 -9999 -9999 -9999 -9999 -9999 -9999 -9999 -9999 -9999 -9999 -9999 -9999 -9999 -9999 -9999 0 1.4432899320127e-16 0 0 3.93719057356634e-11 7.99832537645706e-08 0.000107551286323826 0.00159218890573527 0.00166996829260597 2.49035927465835e-05 9.59850255640049e-05 5.14627707776327e-05 5.54921158579802e-08 1.38983944053539e-07 2.32370803225912e-06 7.68737750123094e-09 7.39671791594176e-09 9.14194629553222e-08 1.01084467019064e-08 2.07857141557466e-05 6.33858860177305e-08 3.05979699355419e-08 1.57109609766337e-09 2.97689252092281e-06 1.68578845113343e-05 0.498604796873406 0.102020491513813 0.000281786590126032 1 0.000652021514022749 0.116495263327964 4.10677615175992e-05 1.57934975419938e-07 4.55286630361984e-06 2.38751888592681e-08 3.09767049111453e-07 4.46806902587582e-10 1.09011809024118e-08 0.000381406670728446
-9999 -9999 -9999 -9999 -9999 -9999 -9999 -9999 -9999 -9999 -9999 -9999 -9999 -9999 -9999 -9999 -9999 -9999 -9999 -9999 -9999 0 0 0 0 0 0 4.80924078338774e-11 4.81127186979791e-08 1.93950776535834e-06 1.33829435878807e-06 6.1935996718554e-06 4.31100207639368e-05 0.000989774409838162 1.40144012462318e-05 1.95434325602761e-06 5.51681212934696e-09 2.75589009450794e-06 3.2862224096375e-07 1.98426719499878e-11 4.48045156531407e-09 6.59297649199253e-06 2.2775346797399e-07 1.3821037216255e-06 5.21720907210588e-06 6.95965725050485e-09 1.57712497839135e-08 8.23514048065022e-09 4.6344773100393e-06 1.6043725536985e-08 7.45008211984644e-05 0.000108063982544271 4.36110231997522e-05 5.60200880506123e-07 2.66225715916946e-09 1.22484608078288e-07 0.000125990749820881 3.92918965610889e-05 1.49494808702189e-06 0.00088839987118654 1.12518094841363e-10
-9999 -9999 -9999 -9999 -9999 -9999 -9999 -9999 -9999 -9999 -9999 -9999 -9999 -9999 -9999 -9999 -9999 -9999 -9999 -9999 -9999 0 0 0 0 0 0 0 0 0 5.22689979076674e-09 5.35251150806992e-05 4.48419432006464e-06 0.00159323312593074 8.60473726444155e-05 8.23274834264254e-05 7.5114108400598e-05 2.50775207807363e-06 7.07597513005531e-07 2.40532767037394e-09 3.17262803806173e-09 1.93861599773193e-08 1.94610333861367e-05 9.98360545622745e-05 3.59631708057862e-07 6.53100353886771e-07 3.96556277386662e-06 3.62900251227316e-07 8.79687434007792e-12 5.22915044598449e-15 2.11715686526115e-05 0.0132915295419028 0.400264775305624 0.000261590689792968 4.31454242288964e-07 1.0877116674024e-07 2.34785567201912e-05 3.79587889298705e-06 1.68476441086973e-07 9.67669171902941e-08 0
-9999 -9999 -9999 -9999 -9999 -9999 -9999 -9999 -9999 -9999 -9999 -9999 -9999 -9999 -9999 -9999 -9999 -9999 -9999 -9999 -9999 0 0 0 0 0 0 0 0 1.6153745008296e-14 9.65805213581916e-13 9.8395354447689e-05 7.16831273573249e-05 6.36002626779764e-05 4.73692279783222e-05 1.70542727636724e-05 0.000306618586026652 4.92932415041558e-07 4.96768613644782e-07 1.77123051067207e-06 8.84484640550909e-07 6.9188891476446e-06 3.38155212498137e-08 2.46456376751247e-08 5.96981602596358e-08 3.59170839616674e-06 2.64843581287977e-08 0.00158846681006271 1.95638355515726e-09 0.000156266465319754 0.0982317933177455 0.0555220448578101 0.000746100607136368 1.85454765584403e-06 2.14652781105329e-09 1.1119803959847e-07 7.70169293389244e-06 1.45271211111631e-06 1.38621896684787e-06 3.15481336647605e-05 1.62970125283657e-08
-9999 -9999 -9999 -9999 -9999 -9999 -9999 -9999 -9999 -9999 -9999 -9999 -9999 -9999 -9999 -9999 -9999 -9999 -9999 -9999 -9999 0 0 0 0 0 0 5.91564515151077e-07 2.22384452652769e-07 0.000270821361061779 0.000207923892250506 0.000151318032290249 8.69254029083777e-05 6.60292377292038e-05 5.39222548312956e-05 3.54544721601568e-05 8.15796085129605e-09 1.26712688526265e-05 1.17326736228107e-05 5.58534268835231e-09 9.776453121072e-05 6.24298015616809e-08 8.32777925530159e-06 8.13781531050495e-10 2.79643019851505e-10 1.80175058206444e-09 1.59792012954796e-09 5.42396993985506e-10 2.32795601230462e-06 9.65894031423886e-16 3.13263512918827e-07 1.34274521323974e-07 3.90458898547053e-10 3.96928073742586e-09 1.91462950220878e-06 3.21122863943257e-06 3.69851310799696e-08 2.18713935851156e-15 7.8534356795501e-08 1.02898829438813e-05 3.24950848451522e-09
-9999 -9999 -9999 -9999 -9999 -9999 -9999 -9999 -9999 -9999 -9999 -9999 -9999 -9999 -9999 -9999 -9999 -9999 -9999 -9999 0 0 0 0 1.11022302462516e-16 1.26809031053554e-09 0.000280251129603248 6.08053932457553e-05 0.000261791868437233 8.81186547937785e-05 0.000337336708611269 0.000236618069342853 0.000107590953816938 6.3100608772082e-05 3.26262738906791e-05 2.56303514828859e-05 9.62943745295153e-06 1.17288213752342e-07 1.3721512480136e-06 9.07605905098308e-08 2.83515920330712e-06 2.15846723583546e-07 7.31836407030784e-09 3.60975094260141e-10 2.25283441357416e-07 1.5736576232106e-07 1.73061573650601e-05 1.22811252838861e-05 0.000288170203717353 2.5068835896036e-14 1.42771128253116e-11 9.80711688679525e-06 1.69918408232661e-09 1.0699110136736e-06 3.42854873588427e-06 4.28351263659366e-07 8.38355669330326e-08 1.11764453247787e-10 1.45701240429119e-05 1.33263558485974e-05 7.7715611723761e-17
-9999 -9999 -9999 -9999 -9999 -9999 -9999 -9999 -9999 -9999 -9999 -9999 -9999 -9999 -9999 -9999 -9999 -9999 -9999 -9999 0 0 0 0 0 0 0 1.49002361823025e-05 0.000372135467662682 0.000366369585163218 8.71651889423619e-05 1.37673142037609e-05 5.0689241767099e-06 7.53034392776186e-05 3.0291394678994e-05 4.83706115160798e-06 5.66097342885596e-06 1.22391499689511e-06 0.000143566604103595 3.90448844291846e-06 3.27581477086447e-06 3.26756621221724e-06 1.87063605693205e-05 0.00398706708165936 0.00021938167538047 0.0564839414797241 0.000177647488408605 5.92706367621432e-06 0.00224410196060655 1.18891685385591e-10 6.41167716857183e-06 1.66109193067143e-10 6.06324435104e-11 0 0 0 0 4.24981161373239e-12 5.55111512312578e-17 0 1.84853069207236e-06
0 -9999 -9999 -9999 0 0 0 0 0 -9999 -9999 0 0 -9999 -9999 -9999 -9999 -9999 -9999 0 0 0 0 0 0 0 0 9.74438307821401e-12 1.04295559763767e-05 2.13661731929271e-07 4.061970311664e-07 0.00028668917592829 4.78458150948713e-06 1.51174309861779e-05 1.96774871333849e-06 2.34439772272887e-05 3.51670720643016e-06 8.1659660441824e-05 4.70927237774532e-06 3.44993903910185e-06 3.64807115049715e-06 1.04318742533138e-10 7.83680745451543e-05 0.00046914365184848 2.88709851128388e-06 2.25202147705605e-06 7.33539037511832e-08 5.54210737391259e-07 0.0209202037429443 0.000191786341227296 0 -9999 -9999 -9999 -9999 -9999 -9999 0 0 0 3.49620266071327e-10
0 0 0 0 0 0 0 0 0 0 0 0 0 0 0 0 0 0 0 0 0 0 0 0 0 0 1.33226762955019e-16 1.54170209931692e-10 1.65215287073472e-07 1.72198313872163e-05 6.95780126847012e-09 4.62509397336497e-07 6.07812686248543e-07 9.95976989770497e-08 3.89959604607526e-08 2.85691891976914e-07 1.88666356651934e-06 1.21626123364971e-06 1.06508697254037e-06 5.85543698324864e-06 7.37377776860448e-07 3.83945513560136e-06 8.12264716443245e-07 6.48714695827834e-07 7.20330062264907e-10 4.30777254456505e-07 1.06445140790612e-06 1.56164628639655e-07 0 -9999 -9999 -9999 -9999 -9999 -9999 -9999 -9999 -9999 -9999 -9999 -9999
5.20694598549198e-14 4.20536267775606e-07 0.000239413956278678 1.21279164331245e-06 7.08658132175799e-11 4.48002412944959e-11 8.41066448318273e-06 6.47135249567388e-05 5.07438346707634e-05 4.673107286568e-06 0 1.11022302462516e-17 8.56634041479509e-10 6.15413275895094e-12 4.81614748082393e-14 0 1.11022302462516e-16 0.000883274139283674 0.000990600926447449 0.000550104301358401 7.58464021939353e-05 9.79684614421661e-07 6.3802923729539e-06 1.11208800335216e-07 3.58788151411105e-08 5.40009395378793e-05 2.69001930730539e-09 3.46964039732445e-07 0.000279953285717782 2.72951292256129e-06 9.20274116023023e-07 1.55335182439043e-07 4.37731607258129e-05 0.000458150270912783 4.33061031923643e-08 5.92945792465827e-10 4.23306922847644e-10 3.94489985122703e-10 3.09566178635645e-07 2.61124732947593e-10 4.20531494516041e-08 2.05800388286548e-08 1.56683907215016e-05 1.48106073544207e-06 5.55505863530925e-11 0 0 0 -9999 -9999 -9999 -9999 -9999 -9999 -9999 -9999 -9999 -9999 -9999 -9999 -9999
0.300184452161188 1.5338349523053e-06 0.00103305137322138 4.61613739636269e-06 3.34853728423123e-07 0.00123779171380151 8.73485638264171e-07 3.21239476761548e-06 1.87289043137584e-06 2.51056042142594e-05 8.64239038197989e-05 3.38713718982531e-06 0.00298246423537307 2.19593867534229e-09 6.0119340242748e-07 0.000110673644732673 0.0188573088909379 5.76660629329151e-05 0.000144374805041991 0.481202234797956 0.254209788564185 0.137159641649419 0.0330845086788031 0.100606484091622 1.15975873349328e-10 0.072110233970383 2.93581663424192e-09 0.496509417314458 0.00616289678457854 2.54514917125137e-06 0.110053971991205 0.61392112262547 0.0303180813413292 0.00295232293618852 0.000132638397945395 0.108516029720886 0.00063130512046865 0.00128500757253052 0.000869333562373131 0.00297382148427303 0.00493325715344881 0.000212549377692028 0.10210705092633 4.24019555823274e-05 2.34315058172951e-06 0.10151258335512 0 -9999 -9999 -9999 -9999 -9999 -9999 -9999 -9999 -9999 -9999 -9999 -9999 -9999 -9999
1 0.0775944840050484 0.0177732523198463 3.54494211762812e-14 9.33328969665581e-12 2.33852937014944e-12 0 1.11022302462516e-17 1.85502175030772e-06 2.8463849370719e-06 8.02105327712965e-08 4.55468819852034e-05 3.57507572434912e-09 2.62546829554733e-07 8.94162396114506e-07 9.6304959390936e-05 0.000730687531357732 3.42908747719139e-07 2.58856273631647e-06 4.88582906299495e-06 1.60086099931789e-10 2.56074236060222e-07 6.90621580567985e-07 2.09832151654155e-15 2.30281145983113e-06 5.26317382206876e-05 1 0.400001041915107 1 1 0.886888805218041 1 6.07807716686892e-05 0.0898743338112477 0.744402865462189 0.0743626003898422 1.32825012544302e-08 1.82823986120018e-05 4.08588063457005e-05 0.141194030630822 0.0446639967142232 0.0365903644213176 0.00802316799370146 5.98808622103153e-06 4.4968033230397e-08 2.55876406729527e-09 1.55653268052447e-14 -9999 -9999 -9999 -9999 -9999 -9999 -9999 -9999 -9999 -9999 -9999 -9999 -9999 -9999
0.00137846151705335 0.00393752388329629 3.39250849634709e-13 1.14634103109967e-07 2.30390284627902e-10 1.37212019524213e-11 2.35761052902461e-09 6.67312085589344e-08 2.87672426768637e-06 0.000144255693857076 8.25471400578426e-07 9.15889913977175e-07 2.80480585768128e-07 6.92275202718307e-08 1.2391158221714e-08 4.72152387409608e-08 5.52903215433886e-09 6.50672356331539e-06 1.26699773623895e-05 0.00190313694956785 3.02990965650451e-12 6.83170087167895e-10 0 0 0 0 0 5.03975861043671e-11 0.500000052121192 7.79508247261695e-07 1 1 1 1 1 0.761870586872101 0 1 1 1 1 1 0 0.200708183687311 0.000882401783130471 0.000504587357899611 2.13408930116232e-05 -9999 -9999 -9999 -9999 -9999 -9999 -9999 -9999 -9999 -9999 -9999 -9999 -9999 -9999
0.00250574895827675 4.97088535889034e-09 4.04105637841212e-11 9.15903242137972e-11 2.88250447944005e-07 2.40494103708189e-06 2.34389486192255e-06 0.000140606204473803 2.72347400187556e-09 8.34820696182792e-07 6.41673267409715e-07 2.29004075258388e-08 1.00274646364085e-09 2.34952501898533e-11 2.13668749360352e-11 1.73738801123591e-13 1.87354899372494e-09 3.0805263695477e-08 5.09748531163368e-09 4.71719172390195e-08 5.25485654989666e-10 5.79983685389252e-07 1.66580083060808e-12 0 0 0 0 0 0 0 0 0 3.22321794254954e-08 6.80733213263007e-06 0.00208683817093631 3.58912899400821e-13 0 0 1 2.30185961395124e-06 2.35173305029868e-07 1 0.899623910547234 0.000589984562984958 0.738477722927928 1.20702921808991e-05 0.0144966507474081 6.99440505513849e-16 -9999 -9999 -9999 -9999 -9999 -9999 -9999 -9999 -9999 -9999 -9999 -9999 -9999
3.72814001892152e-12 6.76616751515979e-10 3.05507208420153e-10 5.51773693402424e-10 3.51419854327517e-09 2.65220586603832e-09 9.59115469267857e-09 7.52840968454294e-09 3.48545636796871e-12 0.00233227207302611 0.00210067299188204 2.30207164408913e-07 6.70424318438223e-05 2.95367107105982e-08 0 0 1.11022302462516e-17 3.56162899173285e-10 9.04593555617339e-10 8.05629452038659e-11 4.13780121277796e-14 2.76070334925826e-08 1.68795066057825e-07 0 0 5.44833092419594e-08 3.03609359875168e-12 9.71556168849474e-12 6.30511612664808e-07 0 0 0 0 0 0 0 0 0 0 5.7073259451812e-10 2.38115511832504e-06 0.675747964796028 0.369477809965611 0.0870053294588328 0.00058152084295594 5.53443432173006e-06 1.23737254400513e-06 8.86744383143956e-08 -9999 -9999 -9999 -9999 -9999 -9999 -9999 -9999 -9999 -9999 -9999 -9999 -9999
8.94617713242951e-14 1.80416321515775e-07 5.13480480357487e-11 3.29400062781815e-11 3.80212306083649e-11 2.76389133802013e-11 9.94149207400596e-12 0 2.41362485553509e-14 0 0 0 0 2.59799959323459e-12 0 0 0 4.77395900588817e-16 1.14516862659286e-10 1.07469588783715e-13 1.4432899320127e-16 6.86561918428197e-13 2.26052510043928e-12 7.7715611723761e-17 2.5377033807672e-12 1.23246968186663e-12 5.16229348157537e-10 4.04715372897879e-05 1.97338659635449e-08 7.15821672714334e-08 0 0 0 0 0 0 0 0 0 6.32827124036339e-15 1.09379336032944e-08 3.25357178039276e-06 0.00974731371272282 0.0977371459878541 3.19982099796334e-05 0.000158503663266274 9.74164577259851e-06 6.1372018578254e-12 -9999 -9999 -9999 -9999 -9999 -9999 -9999 -9999 -9999 -9999 -9999 -9999 -9999
