Maxent_result_files_1/Bombus_sylvestris_3.asc
NCOLS 594 
NROWS 330 
XLLCORNER -15 
YLLCORNER 23 
CELLSIZE 0.166666666666667 
NODATA_value -9999 
[rows 225 to 249 of 330, columns 336 to 391 of 594]
0.0335790019482374 0.122189745679498 0.0290182203144542 0.00984901334159076 0.0200125835835934 0.00490531441767299 0.0355908226857176 0.00985267302021385 0.0176503118140561 0.00256052972981706 0.000236835734540364 3.11516967485659e-05 0.00012534482521005 0.00096249294874724 0.00034009293303825 8.70477495075184e-06 2.65221325946641e-05 0.00119721932569519 0.010141540877521 0.00434385675471279 0.000194624961295631 0.000341074314201251 0.000277625807211734 0.00134335340117104 0.0172726084954775 0.0296260186401469 0.0350468332047058 0.0170899598859252 0.00657904110964649 0.00436826529912769 0.010726899469614 0.0114673631894511 0.00558269746085467 0.00345910713221061 5.20472043717746e-05 1.44274632463137e-08 0 0 0 2.31265565586725e-09 4.97405502342119e-09 2.44203084420747e-09 9.94385289665445e-09 6.82646409400078e-09 1.78803339911937e-09 3.83814122928428e-08 2.95072411518049e-05 0.000199409991364519 1.74569144576253e-05 0 0 0 0 0 0 0
0.0213916722685099 0.0517540149390697 0.015770034030105 0.00998518690466881 0.00482423102948815 0.018316499335718 0.007933718431741 0.00203184115234786 0.00408587069250643 0.00334874477703124 0.0113994556479203 0.000667772570159286 0.000287311762804165 0.000825732765952125 0.000434849143493921 5.97837633166121e-06 0 0 0 0 0 1.9479930184696e-06 0.000192943781439681 0.017663641453845 0.0667942300206099 0.0139682584442198 0.012184024695307 0.0263027537614107 0.00424993953201924 0.0136602427812736 0.00804581651466619 0.020941827972365 0.0114019000554008 0.0104845801549163 0.000267209624871623 4.15837791933882e-07 1.6000456515286e-11 0 0 0 0 0 0 0 0 0 0 6.01151033396974e-08 4.02216404626898e-10 0 0 0 -9999 -9999 -9999 -9999
0.00535770719871748 0.0010943706263788 0.00246488688280806 0.00966045996174216 0.00327188598457724 0.00210202904418111 0.0003826427149761 0.000216972823545802 0.000501696375431493 0.00068297641701065 0.000677688643918373 0.00132910606916994 0.00255157594801858 0.00179998712847009 0.000134921700911261 3.41896153644994e-06 0 0 0 0 0 0 8.05764287578059e-06 0.00710890651680529 0.00959970392286954 0.069273561944469 0.010692445100831 0.0036494210944511 0.0135613705031574 0.00206910845590755 0.0237147985300421 0.0498227989775444 0.00964961676112291 0.00302262757920209 0.00036953121307306 1.13402398255857e-05 1.52749596404878e-07 2.45810746202224e-09 0 0 0 0 0 0 0 0 0 0 0 0 0 -9999 -9999 -9999 -9999 -9999
0.000750081706882377 0.00677039873007743 0.0035061369650103 0.000703532958868891 0.000500269094482064 0.000356224882125389 0.00103457577060908 0.00147023368638992 0.00392407798220543 0.00504268971271813 0.00297789881005883 0.0020502814091742 0.00190424975017903 0.00289762387983555 0.00650475174188614 0.00150377504760399 2.38702452949324e-06 0 0 0 0 0 0 1.51781909273452e-05 0.0045028302352958 0.00389389889357574 0.0132007041946899 0.0111746879975109 0.0101839060214502 0.0129138498101389 0.0242031807936655 0.00451240097172558 0.0124823266676541 0.00998032833449548 0.000146693826536648 9.5853314633132e-05 8.73524058988551e-06 5.66722081885018e-07 2.84031661523798e-09 0 0 0 0 0 0 0 0 0 0 0 0 -9999 -9999 -9999 -9999 -9999
0.00299708892125636 0.0174550514668226 0.00335320606827736 0.0028641844401136 0.00189584114140933 0.00225184455085281 0.0043950745370239 0.00332727161003277 0.00434987535700202 0.00222897107126337 0.000183588113577571 0.000122291437583044 0.000302859210933093 0.000563775340560824 0.00278965921606868 0.00397808586712927 0.00243501064833255 0.00227264524437487 2.67463836473025e-06 0.0016009945247788 1.55569660281962e-05 0 0 0 1.23437221333234e-08 1.39965664578412e-05 0.000452829756396023 0.00298702006693929 0.0058036035858095 0.00814089250359187 0.0158539138734341 0.0233453536495983 0.0159944225150969 0.0146644260749594 0.00530249696049765 0.000299127664766274 4.12565475926385e-05 3.92561980788741e-06 1.28962972715252e-06 3.87824510283963e-09 0 0 0 0 0 0 0 0 0 0 -9999 -9999 -9999 -9999 -9999 -9999
0.00568833057768643 0.00299754196312278 0.00126984773669392 0.00121244495967403 0.000860911631025374 0.00143186784116551 0.00131904761074111 0.00110301771201193 0.000836041127331555 0.000599828705890104 0.000536407064646482 0.000732778012752533 0.000569998391438276 0.00112892508041114 0.000870284996926785 0.000968083558836952 0.000960536449565552 6.31410692454315e-06 0 1.06039978984729e-05 1.98507229512757e-05 0 0 0 0 0.000473011853975436 0.00139915044419467 0.00133059092331678 0.00798901440576811 0.00370021848939359 0.0145856592482289 0.00533732005860657 0.00318084309110418 0.00130383283831179 0.0406085692346605 0.00723202705284471 5.15053061462822e-05 8.52581911203742e-06 6.4992506395356e-06 1.77620349006702e-07 4.00021956670216e-09 2.6668712460598e-09 9.0235289240681e-10 2.69515187945046e-10 7.32980343087775e-13 0 0 0 0 0 -9999 -9999 -9999 -9999 -9999 -9999
0.00185017208568752 0.00350994761101902 0.00757466061040759 0.00166784001048654 0.000564824143657461 0.000897443690337241 0.000756885285954934 0.000308638226124458 0.00042221202456858 0.000196725380374119 0.000271311824326403 0.00076323573011905 0.002053581783548 0.00643825526349247 0.00765341617479474 0.000605608412297443 0.000559937342768535 0.00254476238042116 0.000850849019479938 4.63332118897597e-05 0 0 0 0 0 0 0 5.80678012738645e-05 0.00369611415080728 0.00170754150021821 0.00275564838666469 0.0123817062005405 0.00461355298757692 4.0003561116464e-05 0.000105652198544703 0.000226006217417307 1.01087893881413e-05 1.43747617755707e-06 1.60880963449017e-06 2.59131023767623e-06 2.65148850076002e-06 2.08637334822015e-06 2.55242083539997e-06 6.1795812662524e-07 4.24289050582338e-07 5.04123308431303e-08 3.00917585960292e-08 1.00882402875868e-07 4.15278447185585e-09 0 -9999 -9999 -9999 -9999 -9999 -9999
0.00063452641479671 0.000498195382533595 0.00146276752930135 0.00129226844292134 0.000460749506601132 0.000603593228152022 0.000237057408958208 0.000138077956216875 0.000202562921913341 0.000221385087934323 0.000292532870662399 0.000373616119031794 0.00185324649792165 0.0023279489018023 0.00267665488648832 0.00683474377728999 0.00153547724476084 0.00102679262636229 0.00111947713885456 0.000505595367542355 0.000101496232082354 0 0 0 0 0 0 0 0.000116466198596754 0.00294362506829202 0.0179404104140906 0.0175550942508348 0.00575348339110455 3.4437525755493e-05 2.06213963451773e-06 2.40750381408361e-06 1.95991823375152e-06 4.87057270674995e-06 9.14289348656894e-06 1.368805706079e-05 2.42936373524572e-05 2.39756978317018e-05 2.08910286801256e-05 1.43309472161124e-05 4.6951664104955e-06 1.15025534796587e-05 2.82985728858876e-06 1.92246722008349e-07 1.28635690543888e-06 -9999 -9999 -9999 -9999 -9999 -9999 -9999
0.00105077804764733 0.000840616074856371 0.000292670427006669 0.000311296427389607 0.000481758310343139 0.000354354281444103 0.00017604437598493 0.000140410679887282 0.000154153503535781 0.000206519961648155 0.000220397645898629 0.000368501071352512 0.00069694162812084 0.000374679145170376 0.000494836521102115 0.00112268620869145 0.00135445899740556 0.000423901548492722 0.000450389143952634 0.00205366052687168 3.38515028488473e-05 2.19053742006814e-05 1.42633934867575e-06 0 0 0 0 0 0 3.77495644869441e-05 0.00273427605861798 0.0013593239011243 0.00609152265824378 0.000159084062397596 1.63884264168246e-06 5.57767705231527e-06 1.46470623803907e-05 4.78273712360533e-05 1.64092437898944e-05 1.56879429368928e-05 4.22018024437421e-05 5.48922106645477e-05 5.88319048802077e-05 5.93716160439794e-05 0.000194130606541876 2.05728249056847e-05 3.36304134407328e-06 4.8878478264669e-05 -9999 -9999 -9999 -9999 -9999 -9999 -9999 -9999
0.000449183670571074 0.00018399841937935 5.71273016248597e-05 7.13158820872195e-05 0.0003620675066486 0.00037815032992512 0.000317923125112429 0.00114532264415175 0.000951796351000667 0.00106754883890972 0.00224358744453639 0.00146997683914378 0.000912310183048248 0.000227682028344134 0.00100489293690771 0.000732706562848762 0.000546074684825726 0.000977728585712612 0.000392250990262255 0.000682998527190648 0.000395430121508156 0.000278853424975767 2.6625252486423e-06 0 0 0 0 0 0 0 0 1.36782645233646e-06 1.12963777524122e-05 4.08855364853244e-05 0.000231993500347016 0.00155905139399692 0.000357608291960787 0.000407775193161797 8.19679602500401e-05 9.33370620259666e-05 0.00018502268649172 0.000351778716139961 0.00122815371723846 0.00186368349823169 0.000559329825046007 0.00113708081718796 2.68707739451202e-05 -9999 -9999 -9999 -9999 -9999 -9999 -9999 -9999 -9999
0.000506403064355254 0.00022664767166134 0.000104099526652135 6.74443839670857e-05 3.70322375601972e-05 7.89431545854313e-05 0.000762222806224599 0.00109593707602471 0.00343362039420754 0.00284255454316735 0.00401851683857359 0.00285185591783375 0.0017072027316317 0.00180968892527744 0.000564068224048242 0.000834538065828383 0.000631025584880263 0.000579517107689753 0.000280190521880286 0.000512354180682451 0.00125978282885626 0.000254315015218665 1.37961753693849e-05 0 0 0 0 0 0 0 0 0 2.22044604925031e-17 1.59841158646756e-05 8.34656580309456e-05 0.000286202349525411 0.000122826909847618 0.000153053137000825 4.7652092585504e-05 7.67299494799589e-05 0.000155257133706888 0.0001120401893283 0.000692418446124066 0.00223444342076977 0.00486619346839003 0.00303596947342165 8.4201500430936e-05 -9999 -9999 -9999 -9999 -9999 -9999 -9999 -9999 -9999
0.000204374923487194 0.000577653147047386 0.000795140163972974 0.000548735735355876 5.32620902959025e-05 2.44897721131565e-05 6.83837661199505e-05 0.0658630146761512 0.00598468990065157 0.00348946710582823 0.0030282121617347 0.00263443032745272 0.00426173037849605 0.000533042298047803 0.0005053745029727 0.00178099281620251 0.000722053134813905 0.000449137912073638 0.000386537087615579 0.000501482401159592 0.000827151926932856 0.00211953270481899 8.66859303938483e-07 0 0 0 0 0 0 0 2.73540802698813e-06 0 0 0 0 0 1.34737480348424e-06 2.06201614295631e-06 3.34664979675381e-06 5.18180336879226e-06 1.24545185654412e-05 1.70117807747228e-05 6.23281386928909e-06 1.99793654060865e-05 0.000272869733930747 0.0190968834208793 0.00198514858494405 -9999 -9999 -9999 -9999 -9999 -9999 -9999 -9999 -9999
6.11960874152828e-07 1.16927675662737e-05 0.000154599592497107 0.000643490051152185 0.000126990077114897 0.000390534492908046 0.0013278845930472 0.000743894337210804 0.00119538040598854 0.00145971084712073 0.0044352640863508 0.00473180441185832 0.00458232061937465 0.000499532846151851 0.000746250373777002 0.000905819924082607 0.000938671710900962 0.000517787577700801 0.000813163752900437 0.0007959148962982 0.00060927654558327 0.000298522730531658 5.84253663870049e-06 0 0 0 0 0 0 0 0 0 0 0 0 0 0 0 1.82142113613892e-08 2.89626121752207e-07 2.20389310426894e-06 1.20730388546764e-05 6.05473347833341e-06 1.62596033637108e-06 1.32629360026559e-05 0.00679973886842493 0.000294016404950526 -9999 -9999 -9999 -9999 -9999 -9999 -9999 -9999 -9999
2.49125260864957e-08 2.8511055027991e-08 9.38278719786467e-07 5.37691455519962e-06 1.93133488210151e-05 0.000260750521556474 0.000680555234430358 0.00100769015261903 0.000828346278285608 0.00151121115777642 0.00179084981791675 0.00172512020217255 0.00233410617802292 0.000466016275458969 0.000134656839145464 0.000996945018414408 0.000869901193073019 0.000790791545296088 0.00140519647393376 0.000442124324035831 0.000755051174201071 0.000313395811826922 2.18218674197246e-06 0 0 0 0 0 0 0 0 0 0 0 0 0 0 0 3.51324304270761e-07 4.25986919575516e-06 0.000439602914272386 0.000516245143287231 0 9.46561968917514e-08 1.4407975703179e-06 0.00013158547662897 0.00922461729499531 -9999 -9999 -9999 -9999 -9999 -9999 -9999 -9999 -9999
6.77915489077918e-08 5.91804667493534e-08 2.26039514217291e-08 4.04090155115e-08 1.55280594071883e-07 3.47157082813965e-07 6.11809819019982e-06 0.000437560127465986 0.000554897880647331 0.000774864014238119 0.00111174355261028 0.00183202011976391 0.000824977771844715 0.000744405406294391 0.000549295352539048 0.000990176049526781 0.000942923279944807 0.00179961703252047 0.000426677288487554 0.000473520439118147 0.000655725953401998 0.000195142291340744 1.43716358381618e-05 7.54831727900473e-07 0 0 0 0 0 0 0 0 0 0 0 0 0 0 0 0 0 0 0 0 0 0 0.0683047998323481 -9999 -9999 -9999 -9999 -9999 -9999 -9999 -9999 -9999
1.44163902859873e-07 2.28016046932567e-08 3.1217230311853e-08 1.18223361766923e-07 1.96042024391829e-07 9.97301846439314e-07 7.55050932355061e-07 5.27450167737697e-06 4.48478338512359e-05 0.000243637428502552 0.00058939972659573 0.000827490841038525 0.000787469558417797 0.000884129235055298 0.000486911390908062 0.000557778595248237 0.000963601481635124 0.00088156753918156 0.000306912540690973 0.000645922689000145 0.000667330651776865 0.00039096626569517 0.000186513784137787 2.36257292499431e-05 0 0 0 0 0 0 0 0 0 0 0 0 0 0 0 0 0 0 0 0 0 6.87736646411974e-06 0.0134616401459754 0.00107780859107152 -9999 -9999 -9999 -9999 -9999 -9999 -9999 -9999
5.25580428245576e-07 6.25326515546476e-07 4.14255900693661e-07 5.13762604015255e-07 1.6577165222742e-07 2.37470443664733e-07 2.0186080178064e-06 1.88771765351703e-05 0.000428016419755295 0.000610749388579279 0.000330777908675373 0.000603313685860485 0.000962797796819359 0.000912042963318527 0.000769755069632083 0.000973327900283039 0.0011238268809393 0.000665785255841911 0.00028298414836172 0.000687130726873875 0.000686744827544317 0.000401519646402448 0.000208942432800541 3.98432711518626e-05 0 0 0 0 0 0 0 1.26147839234481e-06 1.85030289220123e-05 0 0 0 0 0 0 0 0 0 0 0 0 0 0.0116008008830249 0.00076434372458607 -9999 -9999 -9999 -9999 -9999 -9999 -9999 -9999
4.36696417409621e-06 9.12214999004846e-07 1.20637059524142e-06 2.11748344725038e-06 8.95468549799716e-07 1.62384256796599e-07 9.00651739357272e-06 4.30314166806056e-06 6.09483886364615e-06 7.10776905634702e-06 0.000344288171618246 0.000683557300362736 0.00054328084224835 0.0006642640393693 0.000540435087168589 0.000349580496549606 0.000383179835625924 0.000687371013918892 0.000479495717445388 0.0635708583737142 0.000334668098366819 0.000462429272010922 0.000248851304058917 2.11784290513606e-05 0 0 0 0 0 0 0 4.96483465450837e-10 4.95584139803551e-07 0 0 0 0 0 0 0 0 0 0 0 0 0 0.000750725006219 0.00175718263490128 0.000239935867284935 -9999 -9999 -9999 -9999 -9999 -9999 -9999
1.32175283908964e-06 3.94330424313694e-07 0.0632128651257438 3.66440475119134e-07 6.84140153417445e-08 3.71884480543372e-08 5.57931859823668e-08 1.14389057526143e-07 1.65525754880491e-06 6.92390362928563e-06 3.44870588833146e-06 0.000167629263887648 0.000233727303566411 0.000391320054768585 0.000355035375105217 0.00025242299598176 0.000465880299452692 0.000509855773998424 0.000384456710889935 0.000395045016193762 0.000248625420499593 0.000339819648070261 0.000371621406520717 0.000121867324196501 3.6598308479352e-07 0 0 0 0 0 0 0 0 0 0 0 0 0 0 0 0 0 0 0 0 0 0 0.00304323675809428 0.000459336038501401 0.00033674586373601 0.00019655958279543 0.000196272815820075 0.000260671430442017 0.00014669033116661 -9999 -9999
2.29506024140846e-07 1.9021156596466e-07 2.40313620736288e-07 1.18384229885748e-07 1.00646759371159e-08 3.62931233954811e-09 1.58309759745734e-09 2.02000749460751e-09 9.6233816249125e-09 3.3494206208573e-08 1.56228801628799e-07 5.97862176618946e-06 1.21001214665739e-06 6.86114831296436e-06 5.34062794031343e-05 1.78083559148945e-05 0.000167230465740431 0.000112880477536237 5.98339403950376e-05 0.000244813479366712 0.000141025877383072 0.000188660192361567 0.000315529207000509 3.15896418214834e-05 8.65098787471652e-05 2.56505475704216e-07 7.18243531316887e-10 0 0 0 0 0 0 0 0 0 0 0 0 0 0 0 0 0 0 0 0 8.00474837699183e-05 0.00149738069158103 0.00031668483136067 0.000164849474822404 0.00263535793047805 0.000235654260941753 0.000522167419612707 0.000345914142599213 0.000126175153127406
9.94536452081363e-09 4.03186076747275e-09 1.09324238550812e-09 7.48605867295637e-09 1.44897104314978e-09 1.11175874062397e-09 1.21143511888633e-09 1.26859432958426e-09 5.40166609219739e-09 1.6303138083984e-08 2.3241453928069e-08 8.03187474307521e-09 7.21334525444206e-09 7.67332277717969e-08 4.40756865316416e-07 2.09336385381675e-07 6.02189712139989e-07 7.24448867117644e-07 4.38089798990404e-05 1.01907657608535e-05 5.24553217928769e-07 0.000292156788054854 0.000187931567779742 0.000235334267199505 2.76816859695828e-05 9.55440889356396e-06 3.2514373038417e-08 5.96294673638198e-09 1.65698826881666e-09 9.42369451362168e-09 3.51707083678932e-08 6.68779399637387e-09 0 0 1.11022302462516e-17 0 0 0 0 0 0 0 0 0 0 0 6.53844787201763e-09 0 0.00696343983290717 0.0030007703751736 0.000795798104633028 0.000287940778071061 0.000658937330076759 0.000423296155352815 0.000129119482153328 5.93372540606651e-05
1.70927239029339e-10 8.73737526774221e-11 6.66690713746476e-10 2.08284414160431e-09 2.63910328035522e-09 3.82348223082474e-09 4.59045962353244e-09 3.78476786577764e-09 1.01969465315932e-08 1.86504324206638e-09 2.73010396734108e-08 3.30706365403444e-08 2.51663450967499e-08 2.7532239421646e-08 2.24667094528286e-07 2.37237618705421e-07 1.3845006350266e-07 6.13879725719357e-08 6.1297704512242e-08 2.71675093088675e-08 6.28347269771012e-09 2.77798648795624e-07 3.657427514554e-05 0.000261577570927329 1.66103656738414e-05 2.9239110403978e-06 3.23876374750398e-06 3.71101366170024e-07 5.19841448864966e-07 6.46624063294077e-07 2.14968391964998e-06 6.20605542067665e-08 4.04947626986285e-08 3.04758691183071e-07 7.45604245411258e-07 9.89447457355741e-07 0 0 0 0 0 0 0 0 0 0 0 5.48328193961112e-09 4.44089209850063e-17 0.000103447696723946 0.00205835802480578 0.00108252722688159 0.0166185390204191 0.00480977876577526 0.0308344576507807 0.0181255584582687
3.28570504137815e-13 1.56541446472147e-12 7.01395608260214e-12 1.17501786078833e-11 1.39137601440353e-10 4.34596569842682e-10 3.27193883098431e-10 3.45032225013142e-10 1.27661858861927e-09 8.51923054323578e-10 3.06400428362608e-09 3.24563619313878e-09 2.45132691922834e-09 2.09840490539293e-09 1.66311713289957e-09 3.6692567983998e-09 6.07507941730034e-09 4.21706386477538e-09 1.19776220941503e-08 1.1399381172339e-08 2.21367630004465e-08 4.76121277515063e-08 9.63426587077265e-06 0.000233910341921728 2.00765318368212e-05 1.53738975541273e-06 1.32792965814588e-05 6.99017764418386e-05 1.49341276937776e-05 7.74352208736673e-06 1.38329297953987e-06 1.69697832392846e-06 5.82508846536101e-07 1.35872176976193e-07 3.80767838743523e-06 1.31812727659053e-05 2.89764911375334e-06 1.05971928008319e-06 0 0 0 0 0 0 0 0 0 0 3.91437455782295e-08 4.85529266711637e-06 5.0627807286252e-05 0.00125522392836306 2.19614504810783e-05 0 1.2775852298863e-06 1.40518088382113e-05
0 7.50510764646606e-15 1.45883305435746e-14 8.28503932126523e-13 7.68399788242391e-12 2.22133422767001e-12 4.22321067006237e-12 5.34116306738497e-11 6.95498658664917e-11 1.44307488181283e-10 6.87529755349914e-10 1.00593727792031e-09 3.37099765879145e-09 4.94230489866965e-10 6.56280674249388e-10 4.8621190407161e-10 1.15169869974174e-08 1.47353271806594e-09 1.71715502927938e-09 1.29667899195773e-08 6.6680534338559e-08 9.66998673845865e-07 2.62078524571052e-07 1.41168859045138e-05 6.29888680123258e-05 9.50437408846483e-06 0.000102124584373087 8.11496094684117e-05 1.50368510730914e-05 6.36895165371243e-05 3.33173201170212e-06 3.39083247808958e-06 2.25256462726975e-05 1.37938512211333e-06 2.03136590471331e-05 1.07326465297319e-05 1.17256773840557e-06 1.53998105328901e-06 6.09249247807142e-07 0 0 0 0 0 0 0 0 0 0 0 1.54191719019536e-06 4.33071285215192e-06 3.70223745950193e-06 1.56644420146179e-06 4.35150755322411e-06 3.4138407828288e-06
0 3.86812804009651e-13 4.94464469369404e-12 4.17042100853138e-10 8.59742899095295e-10 3.30756333433158e-10 4.67463956432823e-11 4.40294467551894e-12 4.28097335358757e-11 1.20653709245744e-10 1.19160115108485e-10 1.1950206380007e-10 0.0632120550643602 4.55309512314983e-10 4.02948174826889e-10 1.6773223809885e-09 1.97655217748505e-09 2.60206194369061e-09 5.63919914098321e-09 4.70910279215531e-08 1.57400772771155e-07 8.56335930166097e-07 3.80828131483213e-06 2.64872294337692e-06 1.03369553926314e-05 2.4049699823081e-05 1.19433379495604e-05 4.83248903037747e-05 1.23637713841163e-05 1.0330935674574e-05 3.83348688046681e-06 1.11261962501885e-05 6.84741812619904e-06 1.32854393086745e-06 6.11541196646748e-06 2.10024417242494e-05 2.74579541789111e-06 5.47974924614003e-06 1.63584117590654e-06 0 0 0 0 0 0 0 0 0 0 0 0 0 0 0 0 0
