Maxent_result_files_1/Bombus_schrencki_2.asc
NCOLS 594 
NROWS 330 
XLLCORNER -15 
YLLCORNER 23 
CELLSIZE 0.166666666666667 
NODATA_value -9999 
[rows 100 to 119 of 330, columns 225 to 269 of 594]
0.920962744951248 0.877210128307343 0.7796322286129 0.59038752913475 0.577324250340462 0.733464419841766 0.764839178323746 0.603069043159485 0.510793167352676 0.30217355042696 0.357022856920958 0.443332369625568 0.325333121418953 0.489786154031754 0.412012909352779 0.626114556193352 0.553059840202332 0.400813790410757 0.111298894323409 0.47358792424202 0.344660513103008 0.498213914036751 0.461839339137077 0.557018780708313 0.540706017613411 0.23809555247426 0.498908659815788 0.525329822301865 0.283260740339756 0.455930650234222 0.331349366903305 0.447609348595142 0.159193450957537 0.0264425048604608 0.00603378118248656 0.000532786276380648 0.0753252133727074 0.346385131776333 0.709599775075912 0.721113216876984 0.572484484314918 0.456603598594666 0.6769739985466 0.484074400365353 0.527243688702583
0.706956401467323 0.992373222112656 0.884767460823059 0.921361666917801 0.916863089799881 0.659814608097076 0.932222104072571 0.760334956645966 0.719656640291214 0.632030817866325 0.563586956262588 0.886150932312012 0.685412269830704 0.472063171863556 0.618911403417587 0.617495682835579 0.646540150046349 0.446753223240376 0.366800066828728 0.946254259347916 0.604900199174881 0.666499871015549 0.521916353702545 0.430599799752235 0.497613990306854 0.574426099658012 0.606619808077812 0.79656680226326 0.583134591579437 0.610800340771675 0.311348235607147 0.478025364875793 0.465027606487274 0.260804885625839 0.822195386886597 0.703481134772301 0.847137945890427 0.805468970537186 0.737513601779938 0.610731881856918 0.794112026691437 0.541713762283325 0.768066400289536 0.499031588435173 0.492230293154717
0.911598378419876 0.743422949314117 0.410185748338699 0.596981927752495 0.9786776304245 0.96211963891983 0.983283895254135 0.847185289859772 0.579776981472969 0.684038329124451 0.641552650928497 0.841724365949631 0.860367166996002 0.857933795452118 0.839437067508698 0.709519180655479 0.839093464612961 0.891345483064651 0.961970895528793 0.942879170179367 0.498296314477921 0.637204030156136 0.642885917425156 0.586486929655075 0.654290190339088 0.92714124917984 0.709210872650146 0.685526210069656 0.575930878520012 0.334275747835636 0.669386851787567 0.61404909491539 0.751447594165802 0.699480074644089 0.601480716466904 0.830081427097321 0.665892747044563 0.631143426895142 0.612781202793121 0.6720643222332 0.71515634059906 0.713817501068115 0.494849699735641 0.611224552989006 0.293860227614641
0.993937945365906 0.984475547075272 0.706715402007103 0.913065826892853 0.640530940890312 0.972774195671082 0.99732917547226 0.783365738391876 0.708536919951439 0.745416861772537 0.519516295194626 0.577534931898117 0.641663977503777 0.936790156364441 0.790036559104919 0.95676726102829 0.952426707744598 0.819616627693176 0.677315223217011 0.958505690097809 0.463751661777496 0.499161091446877 0.631544733047485 0.675670742988586 0.677165588736534 0.889614683389664 0.659815439581871 0.801274961233139 0.84517657160759 0.666986301541328 0.711739873886108 0.614326342940331 0.705847769975662 0.577632305026054 0.82558182477951 0.605605620145798 0.800217908620834 0.987024760246277 0.794015622138977 0.673021453619003 0.65115173459053 0.552278973162174 0.465874516218901 0.57920563519001 0.686360692977905
0.801660400629044 0.87234337925911 0.93629007935524 0.960048639774323 0.513458144664764 0.869804090261459 0.904057973623276 0.601318189501762 0.537086829543114 0.672315329313278 0.813597106933594 0.674381494522095 0.63074591755867 0.811801463365555 0.960890161991119 0.935023647546768 0.894889831542969 0.615026706457138 0.795617753267288 0.563920992612839 0.761565482616425 0.514332094788551 0.630365779995918 0.593603286147118 0.63796221613884 0.555590754747391 0.951661425828934 0.993484508991241 0.986069482564926 0.750881856679916 0.832482481002808 0.875460553169251 0.792311745882034 0.796116805076599 0.497596690058708 -9999 -9999 0.725431090593338 0.851227605342865 0.740900337696075 0.474939471483231 0.54910523891449 0.779302644729614 0.613841125369072 0.682160717248917
0.380444042384624 0.494190672039986 0.651706966757774 0.949099791049957 0.795907008647919 0.988530164957046 0.98647278547287 0.716205054521561 0.759303820133209 0.679609096050262 0.698531952500343 0.620460566878319 0.916631472110748 0.773535531759262 0.946820586919785 0.726321512460709 0.95558990240097 0.873833799362183 0.893879628181457 0.678830283880234 0.757617849111557 0.711841922998428 0.694548547267914 0.768924206495285 -9999 -9999 -9999 -9999 -9999 -9999 -9999 -9999 -9999 -9999 -9999 -9999 0.803898388147354 0.759830445051193 0.649541747570038 0.738070213794708 0.593808966875076 0.722437179088593 0.708440297842026 0.848935770988464 0.748643404245377
0.447170636057854 0.336071582138538 0.248833061009645 0.767085295915604 0.847776830196381 0.77884401679039 0.763596123456955 0.590171909332275 0.267800725251436 0.736059856414795 0.798247420787811 0.6887282371521 0.97621978521347 0.995778161287308 0.999999624490738 0.998001277446747 0.307921118289232 0.538281935453415 -9999 -9999 -9999 -9999 -9999 -9999 -9999 -9999 -9999 -9999 -9999 -9999 -9999 -9999 -9999 -9999 -9999 -9999 -9999 -9999 -9999 0.71268709897995 0.486992278695107 0.780296576023102 0.58191599547863 0.389240890741348 0.54269503057003
0.205741243809462 0.132984276860952 -9999 0.230608637630939 0.39515086710453 0.633437198400497 0.664496970176697 0.730666321516037 0.935301971435547 0.906431347131729 0.778135502338409 0.95517470240593 0.505765518546104 -9999 -9999 -9999 -9999 -9999 -9999 -9999 -9999 -9999 -9999 -9999 -9999 -9999 -9999 -9999 -9999 -9999 -9999 -9999 -9999 -9999 -9999 -9999 -9999 -9999 -9999 -9999 -9999 -9999 -9999 -9999 -9999
-9999 -9999 -9999 0.268733797967434 0.251189691573381 0.258376031368971 -9999 -9999 -9999 -9999 -9999 -9999 -9999 -9999 -9999 -9999 -9999 -9999 -9999 -9999 -9999 -9999 -9999 -9999 -9999 -9999 -9999 -9999 -9999 -9999 -9999 -9999 -9999 -9999 -9999 -9999 -9999 -9999 -9999 0.942678254842758 0.758331978321075 0.852956050634384 0.86571296453476 0.960446411371231 -9999
-9999 -9999 -9999 -9999 -9999 -9999 -9999 -9999 -9999 -9999 -9999 -9999 -9999 -9999 -9999 -9999 -9999 -9999 -9999 -9999 -9999 -9999 -9999 -9999 -9999 -9999 -9999 -9999 -9999 -9999 -9999 -9999 -9999 0.269706056267023 -9999 -9999 0.41323544755578 0.646821993589401 0.806528443098068 0.772934877872467 0.333165313303471 0.913525032997131 0.748776870965958 0.823642599582672 0.936552107334137
-9999 -9999 -9999 -9999 -9999 -9999 -9999 -9999 -9999 -9999 -9999 -9999 -9999 -9999 -9999 -9999 -9999 -9999 0.326167351379991 0.610709860920906 0.496288180351257 0.22597640696913 -9999 -9999 -9999 -9999 -9999 -9999 -9999 -9999 -9999 -9999 -9999 0.532841534912586 0.468592350184917 0.497420488297939 0.171793375909328 0.734897536039352 0.739783197641373 0.939938032627106 0.983891904354095 0.964222955703735 0.655027869343758 0.788116258382797 0.915665709972382
-9999 -9999 -9999 -9999 -9999 -9999 -9999 -9999 -9999 -9999 -9999 0.659458948671818 0.783548021316528 0.999994671344757 0.984730732440948 0.946356010437012 0.913346588611603 0.916286325454712 0.584855943918228 0.5494433760643 0.314768424630165 0.812403273582458 0.302910888195038 0.324295666068792 0.728261339664459 0.298399559035897 0.726069605350494 0.180194946099073 0.437285826727748 0.443133937194943 0.245633674319834 -9999 -9999 0.851989018917084 0.99378405213356 0.778052762150764 0.999286419153213 0.615107652544975 0.815162312984467 0.623628823459148 0.801106023788452 0.842923730611801 0.804772043228149 0.792074340581894 0.891254597902298
-9999 -9999 -9999 -9999 -9999 -9999 -9999 0.365626879036427 0.679805386066437 0.6257134526968 0.342059724032879 0.862133049964905 0.812487661838531 0.794798010587692 0.833488845825195 0.909771102666855 0.721562874317169 0.401677027344704 0.262262423336506 0.864963614940643 0.979832857847214 0.817828744649887 0.417096024751663 0.780807542800903 0.724177122116089 0.668461552262306 0.171122711896896 0.564117148518562 0.549027320742607 0.432187914848328 0.681299301981926 0.440463358163834 0.264970690011978 0.35349365323782 0.33959818482399 0.616317629814148 0.503427623212337 0.350729657709599 0.343273338675499 0.774315947294235 0.138620522618294 0.170500963926315 0.237923163175583 0.165095473080873 0.281629657745361
-9999 -9999 -9999 -9999 -9999 -9999 0.392436292767525 0.513983368873596 0.285942597687244 0.33005593419075 0.556544008851051 0.205849561095238 0.251507852971554 0.91197869181633 0.631403240561485 0.881993854045868 0.367966622114182 0.114125721901655 0.700942128896713 0.834430313110352 0.834520828723907 0.861667758226395 0.796094852685928 0.791491991281509 0.829572123289108 0.173092897981405 0.103488751128316 0.559704235196114 0.0997446265071631 0.150972662121058 0.231772470474243 0.147677192091942 0.306813402473927 0.566397759318352 0.868472093343735 0.270087462663651 0.623682135343552 0.0895825105719268 0.144141462445259 0.587203189730644 0.111901322007179 0.117195165902376 0.174754758179188 0.144934801012278 0.359077662229538
0.296434812247753 0.646026852726936 0.576970163732767 -9999 -9999 -9999 0.269994816184044 0.533445632457733 0.535569378733635 0.931749749183655 0.549528020620346 0.301875770837069 0.771040230989456 0.774493718147278 0.999880278110504 0.556092265248299 0.317210277915001 0.974571973085403 0.861592435836792 0.789960730075836 0.84564500451088 0.854712498188019 0.562581017613411 0.526297983527183 0.716596585512161 0.613334131240845 0.309650858491659 0.0130618833587505 0.000401075628724357 0.000742450843245024 0.000787959946319461 0.00849365403410047 0.141764564067125 0.173252730816603 0.236906722187996 0.168987116217613 0.11623841188848 0.227628806978464 0.399984183907509 0.59213120341301 0.142601319402456 0.274728716909885 0.272082795202732 0.159563221782446 0.406077511608601
0.22060629054904 -9999 -9999 -9999 -9999 -9999 0.0814426360651851 0.154679143987596 0.890399158000946 0.695643809437752 0.86783099770546 0.663489577174187 0.636878997087479 0.811497884988785 0.302547690272331 0.298267748951912 0.296220622956753 0.897077816724777 0.854098123311996 0.864410609006882 0.873733443021774 0.795606523752213 0.735660099983215 0.834768253564835 0.42016099691391 0.727932286262512 0.253124484792352 0.00890643437160179 0.000726601670612581 0.000760700058162911 0.000791568768909201 0.000621681046322919 0.328422228991985 0.233647377789021 0.114435064047575 0.115140344947577 0.230493431538343 0.122130901366472 0.0893872234970331 0.205391380935907 0.594566123187542 0.141890557855368 0.155744968354702 0.342745815217495 0.994223767518997
0.325340277701616 0.379529336467385 0.505742996186018 0.122288889624178 0.215739310160279 -9999 0.343741622567177 0.456075798720121 0.458629167079926 0.707627123594284 0.928062862157822 0.943004423379898 0.864343523979187 0.81040226817131 0.608228707313538 0.690534999966621 0.527177184820175 0.778226184844971 0.644991379976273 0.890268754959106 0.788923615217209 0.947619724273682 0.802407133579254 0.553646689653397 0.642131459712982 0.665404850244522 0.71147181391716 0.610648664832115 0.00361801862891298 0.000823538756230846 0.000832835185428848 0.000773857525200583 0.216143564879894 0.382939299941063 0.19998252093792 0.314629811048508 0.116734005883336 0.101277057081461 0.195712869614363 0.0855077814310789 0.125282421708107 0.162402018159628 0.642641189694405 0.683950024843216 0.640259644389153
0.343739099055529 0.443406409025192 0.371254385262728 0.144075321871787 -9999 -9999 -9999 0.207011865079403 0.258751739934087 0.901554548740387 0.62649961411953 0.407382936030626 0.992726254463196 0.904468727111816 0.459316529333591 0.725579273700714 0.720342582464218 0.873150610923767 0.941261875629425 0.954871755838394 0.551794600486755 0.293460109829903 0.693320029973984 0.741459149122238 0.905660611391067 0.415833701193333 0.284309382736683 0.420557479560375 0.171694769337773 0.00249244430160616 0.000543361145537347 0.206941015273333 0.526826736330986 0.515452569723129 0.405305805802345 0.118066619336605 0.107448764890432 0.145722009241581 0.0458306322805584 0.0600362157449126 0.236829172074795 0.13382783010602 0.422600388526917 0.326095242798328 0.0821845667436719
0.713591727614403 -9999 -9999 -9999 -9999 -9999 -9999 -9999 -9999 -9999 -9999 -9999 0.925039958953857 0.303392934799194 0.243002803623676 0.158852900564671 0.449143561720848 0.57282221019268 0.712981379032135 0.631784150004387 0.161077581718564 0.0177554650232196 0.215348302572966 0.961866396665573 0.855186051130295 0.865352189540863 0.781173634529114 0.656187731027603 0.733731520175934 0.203557359427214 0.004361474851612 0.340717667341232 0.810316467285156 0.620704632997513 0.419761437177658 0.248549766838551 0.131827171891928 0.0848390322178602 0.084645177423954 0.0775173541158438 0.0724419893696904 0.193803884088993 0.167156732827425 0.440339961647987 0.1940026037395
-9999 -9999 -9999 -9999 -9999 -9999 -9999 -9999 -9999 -9999 -9999 -9999 0.528049674630165 0.755635449290276 0.815800476074219 0.545161455869675 0.637220042943955 0.836338359117508 0.862650227546692 0.673867201805115 0.82871470451355 0.821560674905777 0.823957490921021 0.434939865767956 0.215368115156889 0.498354175686836 0.946722990274429 0.795449578762054 0.880652517080307 0.797654902935028 0.0227731573628262 0.000781793439819012 0.000612615969657782 0.0420638890005648 0.824541240930557 0.422930893301964 0.155953375250101 0.296457180380821 0.105830886587501 0.184469239413738 0.14698223695159 0.103371348232031 0.132554388232529 0.258588488399982 0.609153088927269
