Maxent_result_files_1/Bombus_fragrans_3.asc
NCOLS 594 
NROWS 330 
XLLCORNER -15 
YLLCORNER 23 
CELLSIZE 0.166666666666667 
NODATA_value -9999 
[rows 168 to 188 of 330, columns 188 to 234 of 594]
0.0409762896597385 0.187686309218407 0.0529257241636515 0.198595061898232 0.0323346719145775 0.0371474010869861 0.0411567077040672 0.0216353669762611 0.0536378128454089 0.0829974811524153 0.103813198208809 0.281645055115223 0.2578079611063 0.444286739826202 0.3809371098876 0.34124857634306 0.624786067008972 0.423041874170303 0.437252485752106 0.275153082609177 0.413786706328392 0.243092599511147 0.210224996507168 0.235686026513577 0.252796325087547 0.215596736967564 0.24538280069828 0.515917956829071 0.179980552196503 0.27148474752903 0.386418387293816 0.257157626748085 0.407427275180817 0.548243117332458 0.304486046731472 0.347846737504005 0.375408732891083 0.421365433931351 0.812542599439621 0.530937740206718 0.612527778744698 0.277288042008877 0.774673980474472 0.605084493756294 0.63627964258194 0.736201709508896 0.941204440593719
0.0488335510715842 0.0634817659854889 0.0681649155914783 0.115652270615101 0.277024327218533 0.227333870530128 0.0592941213399172 0.0358819235116243 0.0518277458846569 0.0881564699113369 0.263630017638206 0.916057634353638 0.364204514026642 0.379436495900154 0.119264607131481 0.016782043594867 0.0236052765510976 0.0366936521604657 0.0108625488355756 0.0321581490337849 0.0177510096691549 0.0166102472692728 0.0168327239342034 0.0131584824528545 0.0346620852127671 0.0517173379659653 0.167096491158009 0.209648476541042 0.337420369684696 0.519132062792778 0.453360518813133 0.715008366107941 0.288724613189697 0.25769422352314 0.395799571275711 0.144622088223696 0.0617844868451357 0.123489716649055 0.513501521945 0.652535104751587 0.65727065205574 0.548984262347221 0.596148324012756 0.78678469657898 0.558271190524101 0.660708010196686 0.768778926134109
0.0426442291587591 0.107931631803513 0.0540208078920841 0.0528427492827177 0.212223061919212 0.753497552871704 0.273900642991066 0.0437640018761158 0.181041458249092 0.223298490047455 0.0711201265454292 0.0417448434978724 0.0173880010843277 0.00273903312627226 0.0261450443416834 0.0135513863060623 0.0130033913068473 0.00227044650819153 0.00141828911146149 0.00042346373811597 0.00721125928685069 0.0252465318888426 0.00162438723491505 0.000960984439007007 0.00583313542883843 0.0860705301165581 0.067177801951766 0.0129026936367154 0.0403727483004332 0.0629594054073095 0.0322914160788059 0.121745583415031 0.133082277327776 0.199523565173149 0.643818336725235 0.216881518065929 0.0226922694593668 0.0133255668915808 0.0562363103032112 0.416903254389763 0.515748730301857 0.841493147611618 0.621166741847992 0.620889955759048 0.491066733002663 0.838629102706909 0.170585668087006
0.0806339159607887 0.139078146219254 0.0264376439154148 0.0831919278949499 0.331242674589157 0.522270616889 0.516449365019798 0.245256827771664 0.0677693694829941 0.0781296197324991 0.0475954432040453 0.0119833566248417 0.000278902530408232 0.0159230436198413 0.087988955527544 0.0334694011136889 0.00398491952801123 0.00090568917512428 0.00673742336221039 0.0550006005913019 0.00700297197327018 0.0555642824620008 0.0339827340096235 0.0165674437768757 0.0185403242707253 0.00257708944845945 0.0209987993352115 0.00445741866715252 0.0727780073881149 0.114615315943956 0.223962941765785 0.265680011361837 0.329279083013535 0.0749622244387865 0.0133485476486385 0.0309520741924644 0.0511687688529491 0.0207479599863291 0.00521190168801695 0.0155255055055022 0.0529246352612972 0.189746500551701 0.485768669843674 0.769161945581436 0.533236408233643 0.569745451211929 0.686327159404755
0.166325995326042 0.961394995450974 0.372460386157036 0.227649754285812 0.348965734243393 0.247566109895706 0.263202051818371 0.252440184354782 0.0945094130933285 0.0476826548576355 0.0607024785131216 0.0358708696439862 0.0380688527598977 0.118735885620117 0.21514837667346 0.0844764471054077 0.0147216535639018 0.0123967731371522 0.0240874216891825 0.000635941664222628 1.03948401317666e-06 8.72698808507266e-06 2.67433898102354e-06 5.0859096700151e-05 0.0130766009911895 0.00732219638302922 0.014127360843122 0.0415444023907185 0.1031035233289 0.327284571528435 0.240729877352715 0.183624844253063 0.0469867328181863 0.125446220487356 0.124330000579357 0.00760669512674212 0.00691867843270302 0.0134710888378322 0.00284704548539594 0.00839219787158072 0.00479254957754165 0.00336196523858234 0.0358087621629238 0.302653530240059 0.511149156093597 0.489647874236107 0.476060864329338
0.763933128118515 0.865096968412399 0.823906844854355 0.571246212720871 0.399864932894707 0.159795872122049 0.598383051156998 0.34013611972332 0.0930590182542801 0.180824775993824 0.466225335001946 0.33676843047142 0.272377680242062 0.101432733982801 0.0240621296688914 0.317805159091949 0.0823181677609682 0.01764952163212 0.033019195869565 0.0427917417138815 0.00456764131085947 0.000608613052463625 0.000428751629078761 0.0335602821782231 0.188874450325966 0.00799507508054376 0.0166121365502477 0.043326267041266 0.457360401749611 0.577589404582977 0.217581416666508 0.1856450535357 0.219080884754658 0.0996426433324814 0.16223485916853 0.202488637343049 0.197452124021947 0.058350165374577 0.0120166428852826 0.00320297520374879 0.00358806243166327 0.000882323447149247 0.00638351222733036 0.074806472659111 0.107513134181499 0.342997202277184 0.164616952836514
0.747285968065262 0.683764761686325 0.832391786575317 0.872519081830978 0.424320217967033 0.223495937883854 0.493227329850197 0.235641685128212 0.158080077916384 0.247390715777874 0.534832736849785 0.863848906755447 0.456160497665405 0.217399396002293 0.247551780939102 0.156065268814564 0.00896408207481727 0.00333907917956822 0.000801510323071852 7.33376215976023e-05 0.000257260241050972 0.000215014217974385 7.20575168998039e-05 0.000389063057809835 0.0193762555718422 0.144672336429358 0.15826947838068 0.381220611929893 0.342994971573353 0.27413457930088 0.0400061625987291 0.142943242937326 0.318235869705677 0.220714691281319 0.35966659039259 0.259627977758646 0.524362972378731 0.678091922402382 0.0313844028394669 0.00146197561989538 0.00312520487932488 0.00120363123423886 0.00177790168963838 0.000636010643938789 0.00140214487037156 0.0181423715315759 0.13638888373971
0.839595675468445 0.795071238279343 0.731315046548843 0.453368562459946 0.369411441683769 0.49851496219635 0.403590866923332 0.326046794652939 0.579848396778107 0.454632151126862 0.390237697958946 0.636839985847473 0.346703143417835 0.627361130714416 0.654401624202728 0.0654522150754929 0.447215256094933 0.776025187969208 0.109324733167887 0.098957896977663 0.0678473196923733 0.281052015721798 0.680005337297916 0.194502249360085 0.711080387234688 0.534194466471672 0.123830281943083 0.64230061173439 0.299177084863186 0.817210131883621 0.233502590656281 0.10282582603395 0.725598126649857 0.862940067052841 0.871634513139725 0.1328089363873 0.917501497268677 0.667128816246986 0.0631527518853545 0.179800629988313 0.0349245931953192 0.00283780590398237 0.000982287872466259 0.000545786242582835 5.08154605995514e-05 3.70964870853641e-05 0.00521873860852793
0.699080806970596 0.794984823465347 0.8073610663414 0.348044261336327 0.176097428798676 0.216843798756599 0.224795961380005 0.191762253642082 0.870231139659882 0.633741599321365 0.799146300554275 0.830571109056473 0.697356471419334 0.459189732372761 0.560909992456436 0.974797189235687 0.744674986600876 0.492145332694054 0.535167557001114 0.242445252835751 0.737019139528275 0.868654257059097 0.72250657081604 0.442310124635696 0.200575561821461 0.446455788612366 0.240065233409405 0.256531889736652 0.689158701896668 0.870783275365829 0.128749331086874 0.175880739092827 0.858811008930206 0.820779603719711 0.879753571748733 0.929668658971787 0.306881228089333 0.10860790386796 0.124608973413706 0.504333889484405 0.273962837457657 0.0306146219372749 0.0240519107319415 0.00061292995524127 7.2088246633939e-05 6.6571027957707e-06 8.09000305252994e-06
0.583220738172531 0.608262372016907 0.689670997858048 0.40020337998867 0.548293441534042 0.144393647089601 0.237475156784058 0.822555512189865 0.868369364738464 0.865640950202942 0.88152956366539 0.262603566050529 0.356086032092571 0.330773225426674 0.741048562526703 0.511020129919052 0.26125870347023 0.296929670870304 0.368726570904255 0.263556204736233 0.423543128371239 0.351209965348244 0.388583977520466 0.550555860996246 0.0942086394876242 0.142948839068413 0.239004030823708 0.398456332087517 0.710196948051453 0.343676093220711 0.714865438640118 0.252658393979073 0.65327113866806 0.904603546857834 0.90307804942131 0.922222489118576 0.768530696630478 0.58362632393837 0.687109237909317 0.116957750171423 0.082870177552104 0.410282111167908 0.243390687182546 0.12274874728173 0.0016964375594398 0.000502710775617743 3.41205272889056e-05
1 0.770263308286667 0.645432782173157 0.604542902112007 0.809233057498932 0.726358187198639 0.754057061672211 0.858492487668991 0.926708078384399 0.973470550775528 0.980827361345291 0.90456058382988 0.911769819259644 0.96946377158165 0.60564711689949 0.323062682151794 0.239464876055717 0.263191416859627 0.319654992222786 0.276645432412624 0.270232237875462 0.211541852355003 0.126134435087442 0.415548208355904 0.125008932501078 0.296395659446716 0.933947843313217 0.78237019777298 0.839864706993103 0.287497626245022 0.334928867220879 0.930801427364349 0.72936714887619 0.854968583583832 0.946528136730194 0.926948910951614 0.826460319757462 0.833584755659103 0.523328340053558 0.290667922794819 0.389985087513924 0.220283639431 0.0798778589814901 0.10512049049139 0.113603394851089 0.0675631362944841 0.00338329282822087
0.955378311872482 0.720669150352478 0.790537315607071 0.680480581521988 0.974046760797501 0.982343369722366 0.76194275021553 0.900296193361282 0.92989849448204 0.941187220811844 0.935813069343567 0.937594354152679 0.868965703248978 0.880106908082962 0.860232901573181 0.69191078543663 0.353639806807041 0.867055851221085 0.864772391319275 0.586549454927444 0.464564156532288 0.264688658714294 0.194684337079525 0.129611235111952 0.418081694841385 0.654757688939571 0.970006930828095 0.781716406345367 0.759091526269913 0.883715015649795 0.91085649728775 0.762664687633514 0.874892330169678 0.860951095819473 0.869325220584869 0.828866994380951 0.790586721897125 0.678764969110489 0.586482733488083 0.3660600066185 0.493962717056274 0.0687833059579134 0.106927654892206 0.131190190464258 0.226479905843735 0.147334425896406 0.349581966549158
0.77332102060318 0.679606568813324 0.940421885251999 0.916687244176865 0.825360953807831 0.922852212190628 0.812485295534134 0.936220192909241 0.933555448055267 0.946721059083939 0.943598103523254 0.976270300149918 0.859297680854797 0.882616478204727 0.417428797483444 0.384918549656868 0.271189944446087 0.438580077886581 0.656873422861099 0.146124385297298 0.249806559085846 0.653465658426285 0.224007949233055 0.157499144971371 0.435332253575325 0.160056265443563 0.784723407030106 0.667025297880173 0.799827182292938 0.651101928949356 0.816336697340012 0.711105501651764 0.943428152799606 0.932475382089615 0.946068674325943 0.838453245162964 0.770661586523056 0.687699747085571 0.61526503264904 0.436823159456253 0.349142487347126 0.24676366597414 0.202957568317652 0.081495600938797 0.105612690001726 0.386100682616234 0.427938792109489
0.39782802760601 0.663786679506302 0.923726260662079 0.704626989364624 0.774381494522095 0.855356454849243 0.920166718959808 0.900865113735199 0.937015718221664 0.897216963768005 0.953472405672073 0.966863751411438 0.894031047821045 0.948390555381775 0.99631159901619 0.953271287679672 0.997793471813202 0.913428455591202 0.753807473182678 0.835763049125671 0.929491549730301 0.94074679017067 0.832973390817642 0.641420727968216 0.619667154550552 0.717619389295578 0.519298604130745 0.77785097360611 0.835636878013611 0.653276872634888 0.645583111047745 0.942618310451508 0.883888709545136 0.887683475017548 0.869250625371933 0.786275506019592 0.90059204697609 0.583501672744751 0.556919792294502 0.661575317382812 0.478456372022629 0.378381055593491 0.122442682832479 0.781734856963158 0.0717085614800453 0.120480867475271 0.238657209277153
0.0898522153496742 0.48358448445797 0.785919839143753 0.778788948059082 0.812326204776764 0.899431955814362 0.857976251840591 0.958729207515717 0.904076290130615 0.965957468748093 0.940254020690918 0.954894262552261 0.947150599956512 0.921760439872742 0.901515561342239 0.803660595417023 1 0.996199470758438 0.524362006783485 0.827137631177902 0.794711810350418 0.842820560932159 0.677204889059067 0.740854728221893 0.631958657503128 0.811647778749466 0.686422383785248 0.640024065971375 0.626193270087242 0.63543888926506 0.75110878944397 0.973531711101532 0.912060618400574 0.947270107269287 0.830195909738541 0.793968886137009 0.642684561014175 0.600468736886978 0.657249420881271 0.518002682924271 0.0580684095621109 0.141953903436661 0.490435069799423 0.658488219976425 0.32961550951004 0.0541030606254935 0.184410718083382
0.0593245139345527 0.533217248320579 0.734918189048767 0.562813836336136 0.791347473859787 0.770406460762024 0.962144672870636 0.913951414823532 0.547936344146729 0.229302409291267 0.649577736854553 0.610317486524582 0.25411583930254 0.871251505613327 0.923847299814224 0.999999916553497 1 0.999997317790985 0.888122802972794 0.896092277765274 0.820880949497223 0.777422112226486 0.715110194683075 0.706292968988419 0.430323007702827 0.83274787068367 0.711914020776749 0.671490043401718 0.655150234699249 0.675784540176392 0.831210988759995 0.83204380273819 0.869325596094132 0.902735024690628 0.808855712413788 0.785024303197861 0.834714585542679 0.546297565102577 0.439587906002998 0.345556020736694 0.559163898229599 0.530758884549141 0.135919827967882 0.16741871535778 0.105030144006014 0.131337070465088 0.269571577012539
0.268688856065273 0.578808704018593 0.601204946637154 0.878113198280335 0.815145945549011 0.800512516498566 0.858848381042481 0.259647306799889 0.11138748973608 0.240595249831676 0.763103008270264 0.934254521131516 0.952549767494202 0.995336359739304 0.835395121574402 0.950680255889893 0.91322608590126 0.962442845106125 0.914285242557526 0.956189513206482 0.874217855930328 0.727240586280823 0.860071104764938 0.894163304567337 0.757603532075882 0.674592900276184 0.775145375728607 0.826884329319 0.76640956401825 0.675290524959564 0.686314129829407 0.816938441991806 0.762309032678604 0.699302113056183 0.694333571195602 0.731224763393402 0.26854530274868 0.614692097902298 0.777185046672821 0.543432042002678 0.837462091445923 0.245448851585388 0.224790336191654 0.152382581681013 0.0868733327835798 0.197956915199757 0.442880982160568
0.146769589930773 0.369958803057671 0.569982033967972 0.465114367008209 0.379982209205627 0.727861338853836 0.328101253509521 0.27830236107111 0.178696712851524 0.905586892366409 0.987359404563904 0.793884241580963 0.908209443092346 0.755792653560638 0.761817508935928 0.923156434297562 0.955054360628128 0.71561427116394 0.760732746124268 0.7755843937397 0.748088788986206 0.742617100477219 0.852860170602799 0.863115531206131 0.724469584226608 0.713882374763489 0.694756042957306 0.688122606277466 0.772099405527115 0.808252161741257 0.681999158859253 0.680184400081634 0.685070323944092 0.898612332344055 0.637457102537155 0.596091276407242 0.179447251558304 0.116669660061598 0.226291890442371 0.304428249597549 0.283791269361973 0.589585947990418 0.351864084601402 0.559486588835716 0.58829233944416 0.819756627082825 0.426957082748413
0.225948639214039 0.378074890375137 0.731354349851608 0.785951679944992 0.696402478218079 0.163035344332457 0.4941754758358 0.22627000361681 0.952073514461517 0.99971512556076 0.961173892021179 0.804101258516312 0.645085030794144 0.720307075977325 0.807212764024735 0.936228674650192 0.763363146781921 0.839597231149673 0.639171332120895 0.896624249219894 0.916416323184967 0.83353990316391 0.877101165056229 0.744644808769226 0.740691179037094 0.890642601251602 0.808084398508072 0.802280616760254 0.759530609846115 0.785764962434769 0.750533080101013 0.910878133773804 0.728507596254349 0.309258437156677 0.619554644823074 0.158338519185781 0.101369227841496 0.210855643451214 0.151067943125963 0.180891285836697 0.746631455421448 0.251966135203838 0.444350445270538 0.661126083135605 0.496625205874443 0.573169600963592 0.642730581760407
0.279920816421509 0.579537734389305 0.285426691174507 0.691709572076798 0.807179367542267 0.943676567077637 0.992417830228806 0.848115921020508 0.937687337398529 0.794717341661453 0.804827558994293 0.777596586942673 0.785162043571472 0.800561702251434 0.575946688652039 0.871903997659683 0.820763653516769 0.906799739599228 0.792983561754227 0.739471995830536 0.844567996263504 0.905304193496704 0.893064397573471 0.86469059586525 0.81773721575737 0.821588891744614 0.833142876625061 0.702161568403244 0.875847524404526 0.779889363050461 0.821800035238266 0.868588119745255 0.726259279251099 0.703635716438293 0.71476548910141 0.714117383956909 0.436639487743378 0.797026857733727 0.000357466995774303 0.118290467560291 0.208707644045353 0.0975693333894014 0.176920628547668 0.760073524713516 0.680702275037765 0.547552680969238 0.536679899692535
0.306195315718651 0.131656681746244 0.0474974229931831 0.0638186279684305 0.192791913449764 0.694710332155228 0.562305244803429 0.533252295851707 0.635263624787331 0.780592077970505 0.694434744119644 0.718250322341919 0.86406261920929 0.642127883434296 0.772720330953598 0.91574347615242 0.776945602893829 0.85849484205246 0.78114327788353 0.978031861782074 0.763668340444565 0.683946281671524 0.756466794013977 0.848947191238403 0.84373334646225 0.858270817995071 0.848739457130432 0.806869810819626 0.831939160823822 0.834348458051682 0.763128352165222 0.88326376080513 0.724461835622787 0.689652109146118 0.0788272969424725 0.207191194966435 0.239980016648769 0.0920981403440237 0.00265548548777588 8.74943611052004e-05 4.88838466480956e-05 0.00266457323450595 0.104213048145175 0.197010084986687 0.835624676942825 0.663905167579651 0.527821969985962
