Maxent_result_files_1/Bombus_consobrinus_2.asc
NCOLS 594 
NROWS 330 
XLLCORNER -15 
YLLCORNER 23 
CELLSIZE 0.166666666666667 
NODATA_value -9999 
[rows 180 to 199 of 330, columns 132 to 175 of 594]
1.31711733001083e-05 8.18365846726565e-05 3.74620051654118e-05 5.12987182446523e-05 1.651087827923e-05 4.22822649123189e-06 1.24638484997774e-05 0.000292221367999446 0.000684900495412011 0.000635116276043846 0.000620929958421357 0.00131774518742657 0.00296765709172377 0.00258144019203503 0.00531981037929654 0.00381610299369441 0.0018616058790923 0.00136389082181267 9.24883255035147e-05 0.000124648944938044 9.49250932532619e-06 0.000201885595573625 0.00282487382064573 0.00503617976792157 0.000146499562405011 5.82592272040938e-05 0.000447793312949918 0.00177394955826458 0.000429686080667546 0.000373928792078004 0.00107348648165315 0.00070560755416057 3.03266407648106e-05 0.000206748942083179 0.00118712299517938 0.000159558193265985 0.00160607471442002 0.00656395525438711 0.000428391056630062 4.49287350840932e-05 8.28401027785697e-05 0.000904604906827444 0.00110628155089216 0.000861058515147306
1.83242951158569e-05 0.000168078782609749 0.000193906810161804 6.18268538310929e-05 7.48578849263382e-07 2.11430207759378e-06 1.35656158910535e-05 0.000115866904525319 0.000270860281034402 0.000293907689317752 0.000226177041254516 0.00113507289935423 0.000132632637380337 1.63219868576703e-05 0.000409325969497942 0.000541837221955721 0.0012845315137902 3.37219979511749e-05 1.86781639131328e-05 3.26399541257016e-05 0.000155329286381134 7.64939863217573e-05 0.000470055198002228 0.000553651316795423 0.000466631192441824 0.000875291299561576 0.000465203161184036 0.000809184812570685 0.000866949175932852 0.000988483482979063 0.000446052254296347 0.00117359121213667 0.00065761621335696 0.000493082426594782 0.00158157317891892 0.000823992796279027 0.00467261616746048 0.000415039764584435 0.000333261595073964 0.000432610707412096 0.0029745765550615 0.0429711219621822 0.00844092619081493 0.011509253870463
3.43118045066149e-05 0.000108281580865821 8.47101271073569e-05 0.000403868572443755 1.8278836738761e-05 3.03816207135599e-06 5.27179971971936e-06 9.29555253627035e-06 1.8312007877419e-05 3.49236131775399e-05 0.000188556883617608 0.000390614281150903 0.000388459336136293 2.91878196828632e-06 1.50467102147944e-06 2.08572517003125e-06 1.08705177389701e-05 6.03209896275492e-05 2.65873010960149e-05 5.86644349495402e-05 0.00129026227659779 0.00138890963941094 0.0018087111238724 0.0470502890646458 0.00141724195500135 0.00248991170956288 0.00239991470443783 0.0015523170994129 0.00178177002708253 0.00193935438255721 0.000405468232938233 0.000806483153692028 0.00140949330852891 0.011877879180247 0.00873138881870545 0.0357919002417475 0.0191298018267844 0.00409110406508262 0.0107422348024556 0.067542436812073 0.0365166465053335 0.0130819134501508 0.00718647594621871 0.015932922787033
3.87028585265625e-05 3.01263979736177e-05 1.51472239401262e-05 8.84313760571853e-06 4.96578297847217e-06 9.94920906915997e-06 1.35400731504531e-05 2.27683498085773e-05 0.000150983083299794 0.00376760457085568 0.000723514237565526 0.000108121646245873 0.000483945451006562 0.000620140182482487 0.0010675177550058 0.00038206608151371 0.000115800628142038 6.07358143156489e-05 0.000785236749766227 0.00069067127164999 0.185286281630397 0.306186021864414 0.226795943966135 0.121389175951481 0.0662384867021551 0.0776076804846525 0.885558718442917 0.569743356108665 0.0137744625700003 0.00263124210742944 0.00331402923137603 0.00988106394652277 0.00883800655719824 0.0404465044150129 0.0129254180501448 0.0485419149932568 0.0503315020119771 0.00568778535962338 0.0150583687936887 0.0817258161026984 0.0475415530614555 0.0135564114549197 0.0234894651046488 0.0252650199399795
0.000108612725489365 2.75040188512321e-05 1.91585326874244e-05 4.17741950893613e-05 2.58594489918051e-05 2.22469547738302e-05 4.6451846138329e-05 3.52257090078134e-05 3.52266589821015e-05 5.99729334817334e-05 6.47607914355808e-06 3.28193493953521e-05 0.000155572164703699 5.48470819332181e-05 0.000202002221187003 0.00040029702490062 0.000619299088150582 0.026743613940198 0.731965336203575 0.930053567886353 0.256663344055414 0.924038529396057 0.204713144316338 0.138595870137215 0.361196964929695 0.061422204203827 0.0397635852494472 0.0597928012537068 0.751290494203568 0.0510845081647858 0.899621242284775 0.366999938338995 0.0653267895231693 0.0446519824959978 0.0174280367299616 0.0176017975842115 0.0123112959117861 0.0325316059635952 0.167000881023705 0.140853023109958 0.0386545336106792 0.0674671484506689 0.0164870019794762 0.0109769586939365
5.66010231684011e-06 6.6757409876661e-05 0.000135489372692354 7.56431582677908e-05 0.000239214774546781 6.42664939846327e-05 1.8311749148836e-05 4.39444721499482e-05 6.00101997960678e-07 4.79369686779196e-05 5.47591186451868e-05 0.000188563642569761 4.57794729746164e-05 0.00186090284180409 0.00016582991947085 0.00269404407348969 0.173824106316033 0.0331707219418604 0.78990216255188 0.779069775342941 0.857169026136398 0.325638391589746 0.626332461833954 0.810997396707535 0.619869610667229 0.97490062713623 0.269292827695608 0.875711661577225 0.975440961122513 0.850463575124741 0.915160316228867 0.967144048213959 0.394604017585516 0.176377102918923 0.83045529127121 0.14064975946967 0.348847924172878 0.557741087675095 0.13929573725909 0.042996472644154 0.0200124982220586 0.0255597226729151 0.066911609005183 0.0110548594035208
2.62476063712658e-06 0.000390973025059793 0.000379184801890431 0.000153871305860143 9.18359431580029e-05 1.97910371070975e-05 4.46914904244977e-05 2.45399224354514e-05 0.000111538473148076 0.000260716340744693 0.00110418884465844 0.0332639168307651 0.0855631646089023 0.0886421070186771 0.060659182042582 0.00220308384985017 0.0427377175376932 0.923636949062347 0.894116830825806 0.371409548074007 0.279469016194344 0.745457115769386 0.412315453588963 0.584981566667557 0.876704728603363 0.962589210271835 0.209042558236979 0.897530037164688 0.750737553834915 0.346592219173908 0.883429801464081 0.857616513967514 0.911027055978775 0.34819942265749 0.145342322327269 0.125890266150236 0.241650200262666 0.0631240354152396 0.0335566634545103 0.0214893840486184 0.0362682977691293 0.0129488596707233 0.00432435831644398 0.00194274039313314
7.827236182818e-05 0.000176521161853316 3.44967388183903e-05 8.51570112926581e-05 1.51813604758577e-05 0.000283808439650024 0.00025359981483124 0.00155841900985934 0.165260709775612 0.16129157487303 0.126855689939111 0.0272364044249116 0.00923969540701108 0.00893742726766504 0.00548962261527777 0.210761032812297 0.708782804012299 0.574620759487152 0.447042126953602 0.0564422393525092 0.175208661705256 0.0561377113131762 0.55301928371191 0.441670547425747 0.272814363939779 0.233014595508575 0.84108265042305 0.0592031362644775 0.0781210259534419 0.0716471750268582 0.36801682934165 0.401732881367207 0.483064991235733 0.699286156892777 0.350638423860073 0.0554200345184654 0.0158679652988212 0.00647710990451742 0.00537628887177561 0.000540018224228334 0.0029183565708081 0.00412450111543876 0.000699336082288937 0.000976370621356182
1.39023916792214e-05 8.8141109966644e-05 0.000129018779709267 0.00013318044909334 0.000382044935750692 0.0371841226646211 0.0364430276793428 0.142450180143351 0.30207202276215 0.23316524066031 0.302425073459744 0.172872950136662 0.168405218515545 0.356921344995499 0.204769683256745 0.555023154616356 0.553294974565506 0.645372426509857 0.762065428495407 0.43558778911829 0.0383818124886602 0.15871831433542 0.0453816283958076 0.0250950813526288 0.0133393047704885 0.00914713743477478 0.0194034061163401 0.0205317774438299 0.486184498667717 0.124428960040677 0.390068206377327 0.64228427708149 0.477030119299889 0.500368785858154 0.078513241186738 0.0322189902304672 0.00728268866660073 0.00219174292033131 0.000343061400610623 0.000166328245313707 0.000142025679850855 0.000163716393924684 0.00011237329041478 0.000411235258430864
0.000137955374244747 0.000828329272120243 0.025427109150769 0.0309727486346674 0.00242234491649924 0.0252474820951875 0.0214969986262076 0.0882819550693967 0.122778394259512 0.0294055846417905 0.128333326615393 0.000897536845968716 0.140495551005006 0.291719602793455 0.448664573207498 0.61095552444458 0.825661683082581 0.745241671800613 0.782884913682938 0.781591987609863 0.471924325823784 0.567466732859611 0.370782236754894 0.0279043142218143 0.00447276345305454 0.00238332647969351 0.0094854700275846 0.416469636559486 0.374136529862881 0.113785543292761 0.255751154571772 0.17109152674675 0.0717401640489697 0.0594947927631438 0.00206521340114705 0.000117662365539672 7.77720075283428e-06 2.05859316190882e-05 0.000646454392790474 0.000120028462664834 0.00105921565284461 0.000491828920030457 1.62010802947199e-05 2.61325755950281e-05
4.64204732799067e-05 0.000736807679928686 0.000462288821714618 0.00884922762253814 0.0196504832831863 0.00472619405475696 0.194370855158195 0.0517312280018814 0.064334278460592 0.00524076862639049 0.000437370635505419 0.00198173257766712 0.000739972139645706 0.0189649632357941 0.000676424158427835 0.355799421109259 0.168437930304208 0.307220438941158 0.182342511205934 0.0228694310266292 0.237571566551924 0.217075259238482 0.037030674610287 0.0102652235713322 0.00350705079472391 0.00481943292106735 0.0386925584636629 0.302221279218793 0.234604220837355 0.122324713505805 0.0107149661052972 0.0048785327016958 0.00761299629812129 0.00262399476159771 2.7415414956522e-05 5.37047481046216e-06 3.61729103659503e-07 2.23916020336556e-07 1.41130962671987e-07 3.09172623369491e-07 2.58118636949689e-05 2.88770157613749e-06 4.26904676991136e-06 1.22122785902734e-06
0.000357611482741049 0.0303342995779531 0.170282737631351 0.187662943638861 0.278768880292773 0.158796356897801 0.0183898272830447 0.000662021583513694 0.0119266751862597 0.00115265904387343 6.94275960617663e-06 2.62099552591932e-05 0.000286695416551197 2.44003315382102e-05 0.00119528315644857 0.00614274830694512 0.0660084761679172 0.44806926548481 0.341858562082052 0.0243692134972662 0.132313707098365 0.287412257492542 0.00408216063224245 0.000890167558432964 0.0128363974391101 0.00340557675436628 0.0201193073473405 0.0271575820632279 0.00529811973101459 0.00491986961569637 0.000852809673233423 0.000238407283935516 0.000299629501387244 1.74432687071069e-05 9.85269800457544e-07 2.4178272002473e-05 1.00607575340028e-05 1.56201213223905e-06 1.46505778808592e-07 3.1640226483276e-08 1.55768415610602e-08 2.4803796727646e-08 2.36987482615802e-07 2.99553628912985e-07
0.46349623799324 0.270040500350296 0.169632056169212 0.161239872220904 0.371298369206488 0.0233797223598231 0.0806372180639301 0.0188529952720273 2.16910581051e-05 2.89113941350783e-06 4.46073627240473e-06 5.69649869127664e-06 1.71664038333241e-05 2.18589417628867e-05 0.000313455931420104 0.00151783239925862 0.00855407580784231 0.00722237240624963 0.0068631591456466 0.0150288816615312 0.0102932271547616 0.00399208697490394 0.0104267401155084 0.000587865855356551 0.00489638625493019 0.0109510920010507 0.0139787061139941 0.0430874869227409 0.001835722575197 0.000266387673400459 9.79461231523926e-05 1.14458075157309e-05 2.54703429787284e-06 8.21324708599747e-07 8.23910933112071e-07 7.84262140229863e-07 3.44412439289954e-05 3.00579061899953e-05 6.07869979507569e-07 3.17825330131694e-07 2.94479782503299e-07 4.00514592613366e-07 1.39086511519171e-07 5.92453283076999e-07
0.0113712284133271 0.00108139796926975 0.00108050193164735 0.00160660651434057 0.00940643618173596 0.141766280203592 0.00659387593623251 0.000121143385455369 1.76792377170276e-05 2.59735614774881e-06 5.59087537243652e-05 3.53299279523434e-05 0.000424798267323201 0.000476414031238814 0.000105244744393518 0.000145751712982967 0.00055142062240543 0.000290011088352415 8.11457872238464e-05 0.00255736525903245 0.00313270549813751 0.00257436518440954 0.000148250102597558 0.00077013362345042 0.00559817361645401 0.00301112894376274 8.92499296617833e-05 3.40946029446343e-05 6.19554545017165e-06 1.3026390538351e-06 2.00668580595531e-06 1.27087731234266e-06 5.5477054004438e-06 2.19054833658916e-06 2.13072091109767e-06 1.46526378421719e-06 1.47879783032323e-06 -9999 1.70719029801703e-08 -9999 5.28520114873032e-07 6.64115989312819e-08 2.36795119974431e-06 3.35355696030604e-06
0.603326649963856 0.369972218573093 0.269256044924259 0.0601587049895898 0.000312762722198912 0.000159762631178018 0.00025519177822495 4.47480715374371e-05 1.43103257709498e-05 3.16609005589386e-05 2.12869149057382e-05 9.96171534831447e-05 9.22210363285547e-06 5.97276900888843e-06 7.8692348499998e-06 1.30882115119912e-05 1.69549799654556e-06 1.21038096147275e-05 3.58712511173143e-05 0.000735005943873246 3.64344740347633e-05 4.93461357775615e-08 7.07310616920864e-07 0.000140867953314228 0.00699515308951959 5.79822069482261e-05 2.53833043384333e-06 2.23849565672563e-07 3.60292601575551e-07 8.2825583387347e-07 5.33538909408549e-07 9.15839030424248e-07 1.09955034666154e-07 1.41168667200375e-07 2.43742658838642e-06 -9999 -9999 -9999 -9999 -9999 3.24696964613791e-05 1.08255726705142e-07 6.16208177390831e-06 4.45969581619465e-06
0.106343255937099 0.106351546943188 0.000505652952203328 0.000175096816068043 8.90114338006787e-05 5.85800794236091e-05 0.000132196975027909 8.21726754281826e-05 1.30469752292584e-05 3.74028039936691e-06 9.28963279759332e-06 9.28672284680188e-06 1.96390497550158e-05 2.93805697562322e-05 4.2357584923991e-06 1.63907425553944e-05 3.04029074752465e-06 5.51877105620102e-06 3.23285325620759e-06 1.2674023223247e-06 1.16078661945851e-06 2.52614432483256e-08 2.04201276732263e-07 6.54771730489445e-06 1.391155753383e-06 4.10273616369139e-07 7.81183778053585e-07 1.50456076113414e-06 6.73609120172003e-07 6.176620705034e-06 3.4583412631406e-07 -9999 -9999 -9999 -9999 -9999 -9999 -9999 -9999 1.51007003944548e-06 3.08278985414745e-06 1.09227387170563e-06 2.2717603922473e-06 4.52052431796801e-05
0.0211199914105286 0.00223766616561593 0.000667817382327485 5.30139235430771e-05 1.04620202270422e-05 2.82753871298724e-05 5.62279267593446e-05 3.06192728658061e-05 6.28514315140771e-06 3.92118323247814e-05 8.53105677975918e-06 6.3849748010214e-06 3.55000422398444e-06 6.05947740326407e-06 6.47645399283192e-06 5.31453060546028e-06 9.70941020201899e-06 1.69305191093372e-05 8.97025187174272e-06 9.23455810886153e-06 6.3278315341142e-06 1.19005969835939e-05 1.81391235845041e-06 2.56267347120698e-06 7.81494739121591e-07 3.50672511106875e-07 3.92013834060734e-07 3.89861638572242e-07 6.20372032344996e-07 1.39224676092287e-06 1.46153775593127e-07 -9999 -9999 -9999 -9999 -9999 -9999 -9999 -9999 -9999 1.8122260189557e-05 7.96315072193465e-06 1.65717151006106e-06 8.27151470730314e-05
0.000275246984176258 9.17937806551583e-05 0.000398934796103467 0.000201675827278491 0.000541593408419416 2.6077247827172e-05 0.000109538123069797 0.00014193913048075 5.78264470721956e-06 8.25765079568441e-06 3.81031130132214e-05 1.01534944683124e-05 1.71264864292309e-05 4.679072617364e-05 7.35985863720146e-06 8.21944289413068e-06 2.41423761563331e-06 2.15612769803863e-06 1.28956126499435e-06 1.99696886056699e-05 4.32994328897207e-06 1.94089796798913e-06 8.79977956669276e-07 7.76069329622153e-07 8.61460064816022e-07 4.76846800256947e-07 8.04789168373787e-07 4.3002262453129e-07 2.49365722504447e-07 4.01589080762932e-06 1.1434597361526e-06 5.91668345983898e-08 -9999 -9999 -9999 -9999 -9999 -9999 -9999 -9999 2.35541524716609e-05 5.92041134837018e-06 1.9155630258183e-05 -9999
0.0059215923204647 7.2845453128445e-05 2.75938077527238e-05 1.57991484213915e-05 1.81007074060213e-05 0.000194230172564858 9.75107428985211e-05 1.13123918135338e-05 6.63009801428416e-05 3.27637975615636e-06 1.48015969792525e-05 1.18719407526946e-05 9.84551282371626e-05 0.000146219298403594 0.000249498853372643 7.61362379307684e-05 5.20803441759199e-05 1.99575904730409e-05 5.85744978451874e-06 1.85581227015064e-05 1.54223180764967e-06 1.35800516753992e-06 9.35309660654582e-07 1.11413421279849e-06 2.85524201359966e-07 9.89248142613253e-07 3.80706482627779e-07 2.5908752115944e-07 1.124325977786e-06 5.47656436538091e-06 2.28662188149764e-06 9.98921405159781e-07 4.75894967877366e-09 -9999 -9999 -9999 -9999 -9999 -9999 -9999 -9999 1.05075919094699e-05 -9999 -9999
0.0101460795263677 2.47208354752226e-05 0.000114615248821792 6.72876856215865e-05 1.94068726301566e-05 1.52894535668358e-05 4.33671425768001e-06 2.29951168277398e-05 1.20066716984724e-05 9.90386938610754e-05 8.0219502867962e-06 6.33844461922495e-06 0.000182656251490698 0.000939816466416232 0.000232715562196972 0.000490023976817611 0.000263183048991777 8.01169610440411e-05 4.84293390854873e-05 1.56030712503696e-06 2.07606074873468e-06 8.59137007835908e-07 1.40918828832604e-06 3.45409259372431e-07 1.86091143585809e-06 6.72755087161025e-07 3.74023057929662e-06 4.30512901639091e-07 2.26130990963469e-06 6.20305828533674e-06 1.45099910120461e-06 0.000564345853894432 -9999 -9999 -9999 -9999 -9999 -9999 -9999 -9999 -9999 -9999 -9999 -9999
