Maxent_result_files_1/Bombus_semenoviellus_3.asc
NCOLS 594 
NROWS 330 
XLLCORNER -15 
YLLCORNER 23 
CELLSIZE 0.166666666666667 
NODATA_value -9999 
[rows 126 to 146 of 330, columns 240 to 287 of 594]
0.071605634316802 0.0183649164100643 0.0298608855111524 0.046788902208209 0.275641716271639 0.00324235718017007 0.0719518408644944 0.0711580396862701 0.0196214591036551 0.174075401760638 0.0269278258085251 0.00298682269008062 0.00699385282788693 0.0816457105800509 0.479771980643272 0.181181059405208 0.150752234458923 0.159989346936345 0.000274733125252169 0.00176080255623674 0.119297320395708 0.0294602647842112 0.0985367447137833 0.0682497867383063 0.0329643266508356 0.0457186898924647 0.123447272367775 0.287160567939281 0.0786690650507808 0.0317370089408996 1 1.08419646894897e-05 0.00331637366908313 0.00316893199537844 0.00025705926838101 0.00584006684071525 0.00102710061629839 0.465569867938757 0.364429014921188 0.193740673176944 0.3230772331357 0.490964791178703 0.274019406829029 0.0171241908916272 0.000601539273349538 0.0460061290187394 0.000434982592816346 0.349114149715751
0.0705233098939061 0.0585399478470208 0.0452824475243688 0.0055030473878503 0.0181527565233409 0.0678299594204873 0.0103898211789783 0.0126996837494517 0.0104380578961355 0.00811419915116858 0.000705726938601747 0 0.00931581385835472 0.510167518258095 0.1251434545964 0.136793499067426 0.202887870743871 0.0160702710021951 2.56642302200571e-05 0.00384638936684496 0.361830048263073 0.0430243840441108 0.00521094216292362 0.333092252910137 0.282747226208448 0.316064278781414 0.198496303707361 0.0961772069334984 0.246973836421967 0.0696642600471932 0.0708831406314857 0.082966722548008 0.000815356867691708 0.000468680731865423 0.016050627749064 0.0112386883411091 0.0385881939902902 0.0468954293988645 0.381924923509359 0.200577920302749 0.349418788403273 0.804957291483879 0.359605392813683 0.0608164584264159 0.0571994624940999 2.24678815242685e-06 0.000595873792203605 0.0014305666486834
0.135457590594888 0.0110262360650584 0.167129671573639 0.0170053905341774 0 0.000101519323820043 0.0170448756340193 0.0880691677739378 0.170034689946765 0.285237630988563 0.0106819789041765 0.0447527604177594 0.0662178037688136 0.330864909663796 0.910547018051147 0.00511526331744994 0.000198196155912256 0.0980961156543344 4.07714497685507e-07 0.00359231370932884 0.0219609077129235 0.0721980102360249 0.2302569873631 0.512625488638878 0.515625670552254 0.0472165061160922 0.611384212970734 0.185505420714617 1.66497282627631e-10 0 0.088288764283061 0.156904549524188 0.0806910332292318 0.000487293396513733 0.00159509057729181 1.90430002611208e-07 0.0353639555512928 0.0893867410719395 0.0429284965619445 0.460105806589127 0.211522290552966 0.579742583632469 0.342092229425907 0.000529939336087559 1.02231373415584e-06 3.88604743661869e-07 3.89741315626191e-06 0.000628013198405242
0.0746129460632801 0.10736664570868 0.0423222602345049 0.123423098400235 0.00681152283796109 0.0154688875190914 0.000835637622981267 0.000974167824787919 0.0321211600038511 0.262907478669513 0.03573501650244 0.347256821393967 0.0164048899247064 0.514462828636169 0 0.316843897476792 0.251849975064397 0.205346148461103 0.459908251464367 0.0066551131616865 0.0871975734829903 0.310879342257977 0.521463909745216 0.0413882235996425 0.840230843424797 0.51928414106369 0.378455382585526 0.219500360265374 0.616055977344513 0.0586705206893384 0.337363648228347 0.0493940829706844 0.905280345678329 0.000737132533258289 0.114559363760054 0.0716881976462901 0.0515882331877947 0.0493446281179786 0.0549818554893136 0.443376160413027 0.887674248218536 0.2592385109514 0.03096460592933 0.0592751087620854 0.407142167538404 0.40604560226202 0.0033886944952652 0.0311689515132457
0.0219703564420342 0.0490487894043326 0.0113211435556877 0.0207804625853896 0.0319837721996009 0.0246838328428566 0.193241844046861 0.00181692820519511 0.0964419552590824 0.00545581863552798 0.0698296769522131 0.0454361486481503 0.00256973392704145 0.0331049421802163 0.00695814296585654 0.0516001461844098 0.242607282102108 0.505715969204903 0.422032845020294 0.517389784753323 0.000722616058091141 0.354686230421066 0.167565003409982 0.0757777001708746 0.432058736681938 0.200000000001744 0.452773317694664 0.269306269474328 0.472239600121975 0.0505231502000242 0.487223264575005 0.711313334107399 0.225523334369063 0.708631485700607 0.588940566778183 0.128038547560573 0.378356701135635 9.87329158017691e-05 0.385019344091415 0.154842269420624 0.0357785743661225 0.799755710735917 0.257615095376968 0.0740299014374614 0.000360410995522109 0.0358855604194105 4.20087820390158e-05 0.000204568596023336
0.0462150217033923 0.050953865237534 0.0538420237600803 0.0613644996657968 0.0547497211024165 0.293626105040312 0.0517307978123426 0.0303829064127058 0 0.685565990209579 0.000173545786975637 0.0898989857640117 0.0858142739161849 0.0190293545039658 0.0445834503597032 0.273845435678959 0.0594646983779967 0.558191075921059 0.000194905586875505 0.0826246113124137 0.188723481328156 0.0229063078866183 0.742417031526566 0.0552190718473867 0.305630953609943 0.475861763954163 0.761254742741585 0.449696023762226 0.332974381744862 0.000585212624420706 0.001908332268845 0.493741166591644 0.023144181623411 2.22044604925031e-17 0.381375779211521 0.416030883789062 0.112224245863035 4.37917658158149e-07 0.00071217373083885 0.32848451808095 0.0992958724498749 0.0909345993772149 0.0254405125353514 0.00112431566905897 6.2251097912025e-07 0.00116366809352262 0.121722206473351 0.000854666370148549
0.388232333213091 0.062590166926384 0.0551527746021748 0.0548911083489656 0.189946407824755 0.246296004578471 0.0613201720640063 0.0628946176730096 0.220919943787248 0.0465761798159856 0.551157170534134 0.262278783321381 0.0909115303307772 0.0901030465844087 0.0222665288325516 0.104530389979482 0.13667496368289 0.119167603179812 0.116204564273357 0.161311268806458 0.101508471742272 0.161671648174524 0.143057260289788 0.182811691612005 0.00832726089647969 0.0334900482557714 0.151775394374272 0.202219277992845 0.480677801370621 0 0 0.0219684090341616 0.0950825723819435 0.0521657447279722 0.695813578367233 0.109119772911072 0.332818202674389 0.0837357399985194 0.425812986493111 0.00169031710146288 0.00224121710140395 0.434150201827288 0.00304591299018077 5.00607555964372e-08 2.20212342805226e-09 3.30243253643392e-07 0.477127385139465 0.0726651476696134
0.0809713833034039 0.280535779893398 0.000823728642234756 0.0776681212708354 0.0335177281638607 0.26359695866704 0.0943970929540228 0.790016537904739 0 0.327558610588312 0.0308820769981367 0.486207228899002 0 0 0.105350818485022 0.479363387823105 0.557934704422951 0.247635179758072 0.234897519275546 0.0930126566439867 0.0410346375778317 0.138371736928821 0.0016972857920722 0.340658969432116 0.000265588705828967 0.000942401153498129 0.252009419072419 0.647015589475632 0.0413181967567652 0.499680814146996 0.70664110481739 0.116919999197125 0.0507910518092103 0.391935508698225 0.00160453157829691 0 0.0111562677274524 0.00456618157645798 0.00310388609755705 5.13137136835429e-05 0.0321782750077546 0.438431939482689 0.611310136318207 0.0508458720367344 0.000764559532581222 0.039620823902078 0.000712078541245453 0.05171411735937
0.246197748184204 0.0174169702632753 0.0733275767415762 0.264968436770141 4.82928055390852e-05 0.206005016714334 0.529017835855484 0.1233204676562 0.104634151104256 0.00437782355431335 0.029922060617173 0 0 0.0117670869320155 0.000392247687747516 0.532489922642708 0.306513524642995 0 0.161046308651566 0.0982890006154776 0.00345814430038445 6.44702402574637e-11 1.17039856328827e-07 0.00791315321694128 0.0611974721774459 0.205748663563281 0.0209251630305157 0.00927407541312277 0.12198262065649 0 0.129526702128351 0.102981740236282 0.321304388344288 0.23459855504334 0.106038358807564 3.79678271397843e-05 0.0429507211782038 0.414298182725906 0.105306666530669 0.284311319887638 0.518304407596588 0.587465831637383 0.00877129586278897 0.000444977821909753 0.280190817266703 0.0461157966405153 0.104362951405346 0.0816364044323564
0.213152446597815 0.000594674257729366 0.0707980494946241 0.675320598483086 0.193961653113365 0.242938555777073 0.000850444672045836 0.171484937358081 0.0387923799927768 0 0.00213932470432268 0.207997918501496 0.0193594979094996 2.75832147891952e-05 0.126191999390721 0.912570852041245 0.0197505138152792 0.043317183596082 0.13442308435333 0.131300516799092 0.00492030706298578 0.231781385838985 8.95270876777321e-07 0.016286385897547 0.00413944119249332 0.00110422710095008 0.00286706181066023 0.132343510910869 0.110441965609789 0 0.0681302067348996 0.461604952812195 0.464247593283653 0.133214279636741 0.151596671715379 0.00262349602387317 0.0893997916951776 0.12630907446146 0.129843188822269 0.0481526095420122 0.0580828856676817 0.152291960641742 0.104770695418119 0.0826146751642227 0.137352883815765 0.15562439262867 0.172470262274146 0.0673249127343297
0.137969273328781 0.0708857621997595 0.243786351755261 0 2.91232910822892e-06 1.15818225237319e-05 0.00186447122132307 0.0331244781729765 0.0283240331918932 0.0107024485012516 0.117929986337047 0.582745191454887 0.0651964299380779 0.218173228949308 0.525912770628929 0.143109557963908 0.0986491785384715 0.115557532384992 0.562194433808327 0 0.346425342559814 0.0827781833708286 0.0225220946827903 0 0.0153921674551384 0.0237321174156023 0.116310061700642 0.235958417411894 0.273933687806129 0.368624924123287 0.00702513169835671 0.406045112089593 0.137687836959958 0.0112509263279208 0.0213690320379101 0.231979496032 0.0751499589532614 0.822882926464081 0.135065614432096 0.0768496718257666 0.0939082814380527 0.0575153869111091 0.0544405998662114 0.0861123323440552 0.132213457673788 0.0785696987062693 0.112403410673141 0.135398467257619
0.0907845705747604 0.285053198039532 0.370659559965134 0.105654417024925 0 3.0392401163315e-06 0.119980942341499 0.0194271048905648 0.109270673585706 0.116684387810528 0.0222188169136643 0.42108129709959 0.152296342281625 0.101524520665407 0.108743404224515 0.00763883397448808 0.923827838897705 0.115679492350318 0.019800142512031 0.251757012307644 0.0859229041263461 0.197197274118662 0.0830955427139997 1.13538053847506e-08 0 0.489815670251846 0.111008374579251 0.0979961926117539 0.151100821094224 0.0895336573477834 0.5395648047328 0.299771513044834 0.124504366889596 0.161526753008366 0.201679176837206 0.160753881186247 0.48756061643362 0.0125691641005687 0.0462621533311903 0.0534293337725103 0.513503907620907 0.0489446173422039 0.062637634947896 0.13337360881269 0.0175307498839175 0.0703485473291948 0.0178629326903859 0.139878689497709
0.588565979897976 0.0590688878670335 0.155348171386868 0.266936531662941 0.134451848082244 0.118782653240487 0.147929867659695 0.0768650604732102 0.145420093479333 0.294967759482097 0.000566164078009124 0 0.549272328615189 0.247178708526053 0.0386996019495925 0.120311804115772 0.140299959108233 0.132933755591512 0.357587251067162 0.178846930339932 0.274774976447225 0.328709677606821 0 0.598575541377068 0.0857724335044622 0.0254775960696861 0.00318168311739839 0.46053883433342 0.14789742901994 0.142516178637743 0.454249265789986 0.12230649869889 0.0525593537837267 0.312458035349846 0.639168575406075 0.157569593563676 0.172693253308535 0.981792211532593 0 0 0.13348940461874 0.118896125257015 0.612891602516174 0.046070786045675 0.024511614912283 7.76040454120164e-10 0.446980127692223 0.113629437983036
0.0161859254585579 0.390615900195967 0.00618698975361442 0.0015674519297773 0.089066373417154 0.155935738701373 0.0911561931017786 0.00263768048930072 0.00190202956478787 0.000994613932579702 0.0638872289361238 0.0577949943153271 0.263531802594662 0.0382170150093169 0.115385074727237 0.0448442013002932 0.126842944510281 0.0532467505894601 0.221794300526381 0.380868232995272 0.00790634354962432 0.410715475678444 0.0284769627265632 0.0640913797542453 2.50676542856709e-09 0.0100261554939152 0.453491771221161 0.110993155837059 0.370316790044308 0.122736808657646 0.126169749349356 0.145418231934309 0 0.471569165587425 0.0083725012751529 0.636363750696182 0.16945699416101 0.10595256537199 0.0921940624713898 0.143124639987946 0.58288362622261 0.110637982189655 0.119251453304914 0.0249161466490477 4.07030698035271e-10 0.423961508274078 0.126690134778619 0.0689262636005878
0.125863492925419 0.00481554899774682 0.0430951533839107 0.188989925011992 0.610800066590309 0.126049552485347 0.0848358351737261 0.370286871027201 0.0759948856975825 0.029819400049746 0.184419944137335 0.348870119825006 0.0398897400550688 0.00705969294734986 0.127041094750166 0.456531707942486 0.136416437476873 0.205957309901714 0.485726960003376 0.0355312127619982 0.445720402896404 0.0527133523486555 0.0907960390672088 0.0860974801704288 0.000946862069127907 0 0.10087164118886 0.111558109894395 0.127442235685885 0.451051568984985 0.151132281124592 0.166223228722811 0.000162310256734366 0.178998405486345 0.807042610645294 0.171616775542498 0.184718792885542 0.205151148885489 0.163828228786588 0.133703062310815 0.141894826665521 0.178504180535674 0.143527798727155 0.0416186116635799 0.000518374153548962 0.254421179741621 0.177069468796253 0.147847383469343
0.000596488274886808 0.22599287815392 0.0510328158736229 0.163368640653789 0.131500112265348 0.328404432535171 0.05470624063164 0.0481976019218564 0.138668057485484 0.590997760370374 0.0324274983855503 0.120547872391444 0.0129612410704174 0.119640646700282 0.104215765744448 0.0736039792187512 0.933696448802948 0.073342820070684 0.0399245194159448 0.307582748681307 0.124666055716807 0.0334742241539061 0.0788992501795292 0.104121862351894 0.134643854573369 0.0996867474168539 0.283808759599924 0.124629564583302 0.633684769272804 0.159744902700186 0.142261774465442 0.478742364048958 0.963284647464752 0.177196192368865 0.134224788099527 0.160906445235014 0.177861754596233 0.849305739998817 0.158222077786922 0.13823857344687 0.177247525006533 0.178949575871229 0.187234504520893 0.201092997193336 0.00396009289106587 0.000133493841919474 0.193139666691422 0.0884777927771211
0.174247777089477 0.602064560353756 0.145187553390861 0.0597646183334291 0.138109363615513 0.0538619585335255 0.0504615597426891 0.484179782867432 0.08503657579422 0.0567414941266179 0.469673098227941 0.000292860852769472 0.109184926375747 0.282298281043768 0.162995366379619 0.219131591916084 0.114117943868041 0.514904729649425 0.906478261947632 0.835538619756699 2.87003456651114e-05 1.00851066303198e-05 0.288599812984467 0.910547441244125 0.198689403012395 0.842898541688919 0.0105452692140716 0.129199083894491 0.00164018833812065 0.144202731177211 0.139466293528676 0.229182630032301 0.509113162755966 0.155132813006639 0.126246646791697 0.918378078937531 0.159650322049856 0.0788431777153164 0.171028488874435 0.0432935487478971 0.406016097962856 0.343951137363911 0.00569424596033059 0.216529226303101 0.202352257072926 0.187095957249403 0.704833963513374 0.101894108764827
0.0490801565349102 0.0516595489345491 0.043500124104321 0.0374973430298269 0.0649920464493334 0.0476326287724078 0.0412517540156841 0.0328740669414401 0.116282203420997 0.168318582326174 0.0803041361272335 0.403848646581173 0.102846358343959 0.27558798789978 0.00467643338049442 0.108643498271704 0.662569595873356 0.0908981762826443 0 0.52944712638855 0.000982376446248789 0.170934127271175 0.227359572611749 0.82953644990921 0.00403026271926024 0.0854530800133944 0.00123022866682734 0.141875431314111 0.162307035177946 0.180990030243993 0.173891986906528 0.16960720308125 0.146599491126835 0.161941002681851 0.636090464890003 0.151259082742035 0.177041915804148 0.164829580113292 0.192668709903955 0.138426558673382 0.208451453596354 0.207511680573225 0.208447295427322 0.855320450663567 0.15123957619071 0.116984226740897 0.0716134757269174 0.0524836635682732
0.464065760374069 0.000930392581524397 0.020938253775239 0.0544645798392594 0.166206003166735 0.041865668958053 0.0211191850481555 0.12375714275986 0.0104015363729559 0.0283785877171795 0.303951092064381 0.283998770266771 0.353837457299232 0 0.200000000005515 1 0.60578790356232 0.305101872235537 0.162432232126594 0.198479601740837 0.752470535039902 0.051710080076009 0.0948422290384769 0.38195840343833 0.163495388254523 0.0927169056609273 0.00517981371854757 0.0092606303813227 0.353763663768768 0.146219846978784 0.152657372877002 0.123214155117308 0.400003067527187 0.389451459795237 0.17386937814299 0.150652937218547 0.162648409977555 0.17549369558692 0.195240097492933 0.213941795378923 0.215474691987038 0.190235783159733 0.118631918728352 0.165487383678555 0.142648795619607 0.111118319630623 2.50126253042993e-11 0.000906630281877141
0.238932132162154 0.0432066465727985 0.0660489361733198 0.0717275429982692 0.0359289216110483 0.0342879872303456 0.0385486814193428 0.174511703662574 0.126136729493737 0.259127829968929 0.732270109653473 0.0959755524992943 0.559577506780624 0.0237081933300942 0.110943650454283 0.145417952910066 0.0309600344393402 0.156859794259071 0 0 0.454088897258043 0.101205140911043 0.126863304711878 0.588012766838074 0.259694749116898 0.0573725327849388 0.00126998820971771 0.081036079954356 0.0476364080328494 0.243081355467439 0.159417945146561 0.435717064142227 0.993026757240295 0.191509228944778 0.415760625898838 0.997128522396088 0.117798447422683 0.130850362218916 0.16456123739481 0.201291757076979 0.923359388113022 0.664239546656609 0.181381162256002 0.177121070772409 0.0938390159979463 0.0394950015470386 0.0412924913689494 0.0850896549411118
0.0491127468645573 0.185218689590693 0.00857480647037079 0.0217962965616607 0.0339686528313905 0.197862095572054 0.0408260337775573 0.349073112010956 0.225998203456402 0.0999023094773293 0.271412998437881 0.00122274155083458 0.207849338650703 0.377940493822098 0.289732821285725 0.127888066321611 0.0342124382734255 0.0869318440440111 0.190275572240353 0.125162127055228 0.548952654004097 0.104543621465564 0.0976275084540248 0.597671943902969 0.161136121675372 0.150594670325518 0.0906018687412143 0.0715684185735881 0.495907580852509 0 0.198512296006083 0.539573703100905 0.00697985138795048 0.704641097784042 0.128793363273144 0.192484686896205 0.114842890016735 0.191890713945031 0.188399053737521 0.185868876799941 0.2229826644063 0.404235851764679 0.204376897215843 0.167766560614109 0.177332685887814 0.166217397898436 0.125489411130548 0.107100051641464
