Maxent_result_files_1/Bombus_hortorum_2.asc
NCOLS 594 
NROWS 330 
XLLCORNER -15 
YLLCORNER 23 
CELLSIZE 0.166666666666667 
NODATA_value -9999 
[rows 140 to 159 of 330, columns 322 to 367 of 594]
0.0615600638091564 0.0692048341035843 0.0718503050506115 0.0612707156687975 0.0559963654726744 0.0972964473068714 0.801701194047928 0.0538809973746538 0.0580343458801508 0.0545169051736593 0.0478960819542408 0.0459239184856415 0.0431469734758139 0.0547498803585768 0.0500828918069601 0.0460472222417593 0.036943244934082 0.0357898328453302 0.0455277297645807 0.050775396078825 0.0495660156011581 0.0404014516621828 0.03676911983639 0.0386957176029682 0.0352519750595093 0.0280132509768009 0.0319026274606585 0.0332466516643763 0.0368193231523037 0.0392222072929144 0.0310164205729961 0.0343844063580036 0.0350751599296927 0.0340828908607364 0.0293804405257106 0.0334613312035799 0.0326859628781676 0.0394781868904829 0.0308348333463073 0.0284746486693621 0.0275437457486987 0.0215764248743653 0.028261955268681 0.0279901809990406 0.0294903604313731 0.0317986583337188
0.0643324378877878 0.0608542960137129 0.0578984025865793 0.0549994181841612 0.0546867821365595 0.0523787707090378 0.0493726272135973 0.0471547923982143 0.0463480457663536 0.0556187059730291 0.0435235105454922 0.0511391744017601 0.0470336984843016 0.0240953549742699 0.0443306874483824 0.042223759740591 0.0347563728690147 0.048111766576767 0.0435074277222156 0.0706268962472677 0.0460923954844475 0.0398206118494272 0.0378863181918859 0.0395902127027512 0.0337031196802855 0.0242113245651126 0.0318025143817067 0.0313188135623932 0.0312260583043098 0.0316664362326264 0.0346347868442535 0.0338706808164716 0.0333238858729601 0.0291926993057132 0.0251147927716374 0.0336821770295501 0.0318589197471738 0.0311105471104383 0.0289786364883184 0.0280105384066701 0.0277244122698903 0.0290300583466887 0.0188462501391768 0.0235696395859122 0.0282145172357559 0.0284892968833447
0.0614790704101324 0.0631505440920591 0.0569383177906275 0.0557003799825907 0.0534028064459562 0.0538560695946217 0.0480221975594759 0.0460989270359278 0.0472346879541874 0.0509001072496176 0.0390670705586672 0.0401131249964237 0.0371934678405523 0.0411895412951708 0.0410153515636921 0.0361180428415537 0.0515503622591496 0.0447596870362759 0.0430694214999676 0.0435094069689512 0.0382712189108133 0.0391210939735174 0.0374757293611765 0.0361407209187746 0.0417056404054165 0.0363083669915795 0.0255988584831357 0.0294320138171315 0.0294500535354018 0.0303683415055275 0.0336234569549561 0.0236807087436318 0.0253531720489264 0.027612442523241 0.0256833208724856 0.0339033117517829 0.0346258495002985 0.0304333262145519 0.0735954895615578 0.189119245111942 0.0318675816059113 0.0316986305639148 0.023700094781816 0.0240323735401034 0.0255807004868984 0.0327461486682296
0.0455542664974928 0.0589481562376022 0.0415995299816132 0.0551788378506899 0.0344974368810654 0.0587192144244909 0.0941851884126663 0.0366188555955887 0.0447504512965679 0.0374210696667433 0.0364381223917007 0.0380545228719711 0.0350025305524468 0.0328893471509218 0.0327678244560957 0.0383704714477062 0.0392548702657223 0.0399542924016714 0.0449432630091906 0.0457297831773758 0.042031416669488 0.0377826180309057 0.0349015675485134 0.0338460085913539 0.0376588732004166 0.0356648039072752 0.0276119437068701 0.0277072366327047 0.0284749437123537 0.0284320605918765 0.0287704845890403 0.0531679663807154 0.02516751550138 0.0260200688615441 0.0188985966145992 0.0314765499904752 0.0244087724015117 0.0476700853556395 0.0463725931942463 0.0370853215456009 0.0206053676083684 0.0170741283334792 0.0197604611515999 0.0204153805971146 0.0174350667744875 0.026348995603621
0.0599102139472961 0.0393607567995787 0.056434715911746 0.0553338788449764 0.0506258893758059 0.0594023920595646 0.0478726252913475 0.049538154900074 0.0471524100750685 0.0302079433575273 0.0356622025370598 0.0435499157756567 0.047986850887537 0.0472114805132151 0.0317615658044815 0.033609202131629 0.0450175922363997 0.0409153360873461 0.0483740072697401 0.0385079629719257 0.034280601516366 0.0391728231683373 0.0211554071865976 0.0213962558656931 0.0325063671916723 0.0362096574157476 0.030606135353446 0.0299751777201891 0.0298165259882808 0.0287344947457314 0.0310875773429871 0.0189033348113298 0.0301143119111657 0.0178409377112985 0.0237494630739093 0.0289983052760363 0.0283511821180582 0.0277853813022375 0.0273694064468145 0.0271207200363278 0.0171608813107014 0.0150752644054592 0.0207986569032073 0.0195625064894557 0.0259350540116429 0.0438748363405466
0.0435153946280479 0.057052019238472 0.0537040658295155 0.0529547441750765 0.0510035466402769 0.0851905666291714 0.0550760466605425 0.0461577869951725 0.0882941231131554 0.0382664661854506 0.0423462554812431 0.0440735440701246 0.0471240576356649 0.0441640201956034 0.0442218504846096 0.0473165269941092 0.0402285419404507 0.0434041459113359 0.0458557642996311 0.0356166049838066 0.0354330867528915 0.032923361286521 0.0322854267433286 0.0304460026323795 0.0391946513205767 0.0402295429259539 0.0422238379716873 0.034906867519021 0.0299675516784191 0.0293492304161191 0.0229148494079709 0.0148010334931314 0.0120974541641772 0.0109838386066258 0.0181871610693634 0.0173868676647544 0.0279949314892292 0.0218811243772507 0.0263450836762786 0.0263518314808607 0.0320739075541496 0.0181774256750941 0.020988554880023 0.025372769869864 0.0513273254036903 0.0269696043804288
0.053467583656311 0.0538684461265802 0.0513367552310228 0.0477318171411753 0.0479595359414816 0.0467688862234354 0.0503935366868973 0.0528981115669012 0.0498719740658998 0.0448347702622414 0.0435261078178883 0.0435518216341734 0.045071591809392 0.0417113993316889 0.0417225487530231 0.0401319272816181 0.0404948953539133 0.0393094480037689 0.0423230603337288 0.0358065206557512 0.0211527531035244 0.038344993814826 0.034359741397202 0.0323057627305388 0.0262795930728316 0.0353341380134225 0.032785452902317 0.0270454321056604 0.0358967881649733 0.058381087705493 0.0557418815791607 0.0238336203619838 0.0262086614966393 0.0147290969267488 0.0102908614091575 0.0159413760527968 0.0159847351722419 0.0211219646036625 0.0208581315353513 0.0307710438966751 0.0161071254871786 0.0150116904638708 0.0177955693565309 0.0267213828861713 0.0255993083119392 0.0313166415318847
0.0490418888628483 0.048390569165349 0.034737640619278 0.0451473843306303 0.0461067873984575 0.0454268459230661 0.0454927943646908 0.0479041617363691 0.0464261028915644 0.0437731768935919 0.0422014884650707 0.0425020013004541 0.0248493272811174 0.040887900441885 0.0350571632385254 0.0405386593192816 0.04064158834517 0.0414210058748722 0.0707450322806835 0.0373325277119875 0.0318322829902172 0.0313948631286621 0.0262821046635509 0.038294567540288 0.0446905303746462 0.0357306022197008 0.0284973224624991 0.0228617845103145 0.0205071588978171 0.0276230085641146 0.0298707151785493 0.0291388094425201 0.0204817414283752 0.0231072962284088 0.0197411986067891 0.028248661570251 0.027428287640214 0.0266446547582746 0.0301570411771536 0.0234547063708305 0.0220004437491298 0.0175050831399858 0.0155217323452234 0.0169666503556073 0.0174651156179607 0.0242106940597296
0.0468520112335682 0.0473230466246605 0.0632555354386568 0.056528827175498 0.0453643500804901 0.045123627781868 0.0451018027961254 0.0446952007710934 0.045098690316081 0.0436763931065798 0.0392471939325333 0.0406526073813438 0.0410035826265812 0.0404656138271093 0.0387814644724131 0.0464054338634014 0.0352916358038783 0.0380830705165863 0.0328609881922603 0.0393028844147921 0.0384733337908983 0.0378487499430776 0.0389753431081772 0.0382039973512292 0.0414702910929918 0.0394027233123779 0.0349077969789505 0.0272433217614889 0.0239979658275843 0.0262562932446599 0.034050983376801 0.0337462462484837 0.0348351420834661 0.0306342275813222 0.03252665232867 0.0283310787752271 0.0295376639813185 0.15533712208271 0.233685213327408 0.0526117201894522 0.0224147737026215 0.0133323705755174 0.0155230698175728 0.0176394982263446 0.0167194948531687 0.0249132450670004
0.0442640785127878 0.0304110333323479 0.0456437058746815 0.0451488960534334 0.0446146976202726 0.0454304847866297 0.0475635029375553 0.0440007098019123 0.0334769727662206 0.0278392665088177 0.032565949857235 0.0245941206812859 0.0407474040985107 0.0397425465285778 0.0386846981942654 0.0418325487524271 0.042955444380641 0.0390903722494841 0.0237365767359734 0.035541108995676 0.0377400340512395 0.0377985801547766 0.0379917819052935 0.0375276317819953 0.036605360917747 0.0355093510821462 0.0222588060423732 0.0311214081943035 0.0335442708805203 0.0226626059040427 0.0180238143540919 0.0213944820687175 0.0308150188997388 0.0290331037715077 0.0277836678549647 0.0267885461449623 0.0201354470103979 0.0322234330698848 0.0412290003150702 0.00720731848850846 0.0078327258117497 0.0210640756413341 0.0165621742606163 0.0189838238060474 0.0243679692968726 0.0179889186285436
0.0438280794769526 0.0458080913871527 0.0465209566056728 0.0435363117605448 0.0479644779115915 0.0302918571978807 0.0282387485727668 0.0234815642237663 0.0322423255071044 0.0360846549272537 0.114960084110498 0.0663433883339167 0.0392517600208521 0.0313356686383486 0.0391430992633104 0.044187867641449 0.0386588655412197 0.0402752541005611 0.0311238592490554 0.0451111309230328 0.0366557030007243 0.0378891861066222 0.0372159793972969 0.0371198195964098 0.0359286578372121 0.0314442561939359 0.0187282243743539 0.0210040574893355 0.0239083494991064 0.0316169179975987 0.0310972498729825 0.0202685939148068 0.0295996593311429 0.0283234572038054 0.0203927468508482 0.0181988244876266 0.0255394922569394 0.0219464933499694 0.0191668346524239 0.023397883400321 0.0209496393799782 0.016239513643086 0.0152616125531495 0.0230396836996078 0.0167618244886398 0.015265701059252
0.0477173265069723 0.0427108440548182 0.0471614606678486 0.0476818472146988 0.0476344086229801 0.0366131141781807 0.0460500683635473 0.0423146575689316 0.0383102647960186 0.0385159485042095 0.0385463207960129 0.0463980011641979 0.0392130754888058 0.0399137772619724 0.0399489916861057 0.0396958604454994 0.662938660383224 0.0625850204378366 0.03504101280123 0.0750892050564289 0.0369973940774798 0.0372933344915509 0.0370456255972385 0.0361155416816473 0.0554169729351997 0.0312163075432181 0.0333122797310352 0.0323058031499386 0.0315355222672224 0.0308319492265582 0.0304817583411932 0.029739773645997 0.0282766072079539 0.0282664936035871 0.0273099025711417 0.0166262282058597 0.0235938580706716 0.0224082458764315 0.0212593130767345 0.0212379928678274 0.0213657533749938 0.0131454898044467 0.0140436390414834 0.0153713720850646 0.0161539668217301 0.0151759857311845
0.0509845938533545 0.0604067508131266 0.0532023388892412 0.0476072777062655 0.0935869492590427 0.77145933508873 0.0992732383310795 0.0940728440880775 0.0384588342159986 0.0412844233214855 0.0435888111591339 0.0380146060138941 0.0390694264322519 0.040493081510067 0.0398037649691105 0.0395524650812149 0.0874640822410584 0.0397480737417936 0.0385297801345587 0.0536028373986483 0.0359269000589848 0.0361395662650466 0.0354612320661545 0.0253693036735058 0.065362149849534 0.0268204711377621 0.0319304551929235 0.0320978103205562 0.0312778821215034 0.0302075812593102 0.0298248091712594 0.0259594283998013 0.0255800707265735 0.0246338235214353 0.0266548085957766 0.0195065105333924 0.0232696363702416 0.0164546971209347 0.0134880061261356 0.0160508236847818 0.018516043946147 0.0181208186782897 0.0169496677815914 0.0101480885408819 0.0139576641842723 0.0147241555154324
0.0598299868404865 0.0966750279068947 0.051130448654294 0.0518489647656679 0.0621824447065592 0.0508470851927996 0.044803100451827 0.0639211270958185 0.0313457082957029 0.0375635934993625 0.0368597948923707 0.0371807295829058 0.038302618637681 0.0392579402774572 0.0391687359660864 0.0373082209378481 0.0368887534365058 0.0387492705136538 0.0352330630645156 0.0352542422711849 0.0349572017788887 0.0344903310760856 0.034196900203824 0.0345586258918047 0.0238566443324089 0.0303151289001107 0.0313346493989229 0.0303689463064075 0.0297559823840857 0.0272647237405181 0.0258166961371899 0.0330445058643818 0.0242843080312014 0.0811154834926128 0.029637174680829 0.015507919434458 0.0222264597192407 0.0138393037952483 0.0121772830374539 0.0100913889706135 0.0185119895264506 0.0155452367849648 0.00987287657335401 0.0137588313780725 0.0122508329339325 0.0127812520600855
0.0591380558907986 0.0636629872024059 0.0614481590688229 0.0544995792210102 0.0451845198869705 0.0534514155238867 0.0424938317388296 0.0418631911277771 0.0402002800256014 0.03839540053159 0.0374452918767929 0.0376967158168554 0.0380410347133875 0.0380649784579873 0.0377152124419808 0.0362575938925147 0.0347899304702878 0.0339646119624376 0.0339947441592813 0.0340727083384991 0.0336056122556329 0.0328699227422476 0.0368788495659828 0.0323569323867559 0.0292707530781627 0.0299051003530622 0.0305010234937072 0.0291921777650714 0.0214468346908689 0.027482452057302 0.0503174044191837 0.0277698796242476 0.0272007454186678 0.0267206301912665 0.0251934556290507 0.0237198123708367 0.0221673373132944 0.020283024199307 0.0183561309240758 0.0165432292036712 0.0233807373791933 0.011392287351191 0.0132833363488317 0.0127326910383999 0.00742655764333904 0.00546150007285178
0.0649200670421124 0.0645950637757778 0.0639932621270418 0.0572156313806772 0.0591166865080595 0.0559739343822002 0.110415732860565 0.04263796210289 0.0410036232322454 0.0393136624246836 0.0382683578878641 0.0196399400010705 0.0372998144477606 0.0365600638091564 0.0358860203996301 0.0351202569901943 0.0333284443244338 0.0330674989148974 0.0333408774808049 0.0334068406373262 0.0331109615042806 0.0470240075141191 0.0304517539218068 0.0304052863270044 0.0292220737785101 0.0287444017827511 0.0286820854991674 0.0330148974433541 0.0235773619264364 0.0269908705726266 0.0270047917962074 0.0267310928553343 0.0260466208681464 0.0254681002348661 0.0241887629032135 0.0232105387374759 0.021088152565062 0.0195062798447907 0.0177518456242979 0.0164977569133043 0.0158924553543329 0.0107227491214871 0.00926600052043796 0.0138348722830415 0.00786604681052267 0.00638708164915442
0.0652372919023037 0.0636874467134476 0.0504592582583427 0.0577387295663357 0.083303590118885 0.0788038924336433 0.0423708152025938 0.0442130073904991 0.0425047356635332 0.040724291279912 0.0388035973533988 0.0374577151611447 0.0367107020691037 0.0357809089124203 0.0344090905040503 0.0331822872161865 0.0392152801156044 0.035001553222537 0.0324464254081249 0.0335685135796666 0.0330938555300236 0.0735691882669926 0.0298084750771523 0.029804247058928 0.028222718089819 0.0269435361027718 0.0273459618911147 0.0271329058334231 0.0307152897119522 0.0263982962816954 0.0261845951899886 0.0260383961722255 0.0250797053799033 0.0241858096793294 0.0226892286911607 0.0217272691428661 0.0207140545360744 0.0268732253462076 0.0248710300773382 0.0159502823837101 0.0151355838403106 0.00690053473226726 0.00594261200167239 0.00837570643052459 0.0100945001468062 0.00971135627478361
0.0616992928087711 0.060567295178771 0.266201749444008 0.543487074971199 0.121526308357716 0.0604143567383289 0.0470782607793808 0.0450729783624411 0.0435061372816563 0.0414488028734922 0.0387874137610197 0.0372106198221445 0.0358528485521674 0.0349701933562756 0.0340921139344573 0.0313769554719329 0.0300582077354193 0.0358002737164497 0.0319380883127451 0.0340244438499212 0.0338845191523433 0.0334292586892843 0.035114198923111 0.0306412881240249 0.0307897081598639 0.0276471253484488 0.027541027776897 0.0278097938746214 0.028078954666853 0.0256501212716103 0.0255993502214551 0.0250622358173132 0.0240207148715854 0.0228309517726302 0.0220455357804894 0.020525417663157 0.0192285610362887 0.0134264008142054 0.0176324884407222 0.0163163932040334 0.0109399033710361 0.0137738587334752 0.00975591917522252 0.00919154053553939 0.00783298057503998 0.0035898870555684
0.0589842982590199 0.0702765516936779 0.215660253167152 0.593150040507317 0.0492824897170067 0.0497482929378748 0.0480858631432056 0.0459528416395187 0.043472808599472 0.0407447300851345 0.0495836593210697 0.0370769968256354 0.0351753620430827 0.0339979011565447 0.0335071235895157 0.0311453834176064 0.0308423113077879 0.0402241408824921 0.0318852592259645 0.0348689019680023 0.0180701416917145 0.0418701268732548 0.0342324536293745 0.0412131547927856 0.0316629998385906 0.0340230392292142 0.06252769716084 0.0956978179514408 0.0261208452284336 0.0253935730084777 0.0249912181869149 0.0241111313924193 0.0227822845801711 0.0225302686914802 0.0345707338303328 0.0257370177656412 0.0187268282286823 0.0117543163709342 0.0163034541532397 0.0151539563201368 0.0142892554402351 0.0137102756649256 0.0107294934801757 0.136026262491941 0.088293844461441 0.0143561003729701
0.058441299572587 0.0566898863762617 0.0590415686368942 0.0921325035393238 0.0500266004353762 0.0478321265429258 0.0459390666335821 0.0446282282471657 0.0425040069967508 0.0400742534548044 0.0331873325631022 0.0372386388480663 0.0350812092423439 0.0341715915128589 0.0339626828208566 0.0310242265462875 0.0270650539547205 0.0298359017819166 0.0331716673448682 0.0178311392664909 0.0431224763393402 0.0442633703351021 0.0440247137099504 0.0425987347960472 0.0310589356347919 0.029395099543035 0.0278448905795813 0.0268338428810239 0.0259276978671551 0.025027952902019 0.024004545994103 0.0230767007917166 0.0222229972481728 0.0210219968110323 0.0257780414074659 0.0179572959430516 0.0141281265765429 0.0111786219291389 0.0156445831991732 0.0141112136654556 0.0110244008712471 0.0126784397289157 0.00995800253003836 0.0482703983783722 0.0492456397041678 0.0101970378309488
