Maxent_result_files_1/Bombus_mesomelas_2.asc
NCOLS 594 
NROWS 330 
XLLCORNER -15 
YLLCORNER 23 
CELLSIZE 0.166666666666667 
NODATA_value -9999 
[rows 100 to 119 of 330, columns 450 to 494 of 594]
6.36148241861534e-09 3.25254931321517e-08 5.8324605034521e-09 3.04563274600156e-09 4.78797236302952e-09 3.02293310383561e-09 9.31128985026675e-10 3.85818832437934e-10 8.78917050251005e-11 2.15154338789603e-10 5.26241950016271e-10 5.66994218242911e-10 3.71790098707692e-10 2.47174170020514e-11 4.30007474072625e-11 4.81132356178193e-11 1.69838654251464e-09 2.03991279423832e-10 2.97403959237386e-09 1.52097551220365e-09 3.9358454273497e-10 1.48347329975707e-09 8.63119808958146e-10 3.23391702305997e-09 8.85054548538378e-09 1.65288031317434e-07 9.40892554313066e-07 3.6288876559265e-08 6.99158642092357e-09 1.44631054133093e-08 7.7368979556347e-09 2.07146249486811e-08 6.04232946344041e-08 1.35636557541119e-08 3.9661332429386e-08 1.02111440525299e-08 7.63841409678889e-08 1.29290477768329e-08 1.87753939617785e-08 6.00779251902495e-09 3.22044076961348e-08 1.79983216108681e-09 5.17491639540069e-09 4.31749306306628e-09 7.6357522527104e-10
5.89284928631528e-09 4.11237206288106e-08 1.13645591826028e-08 2.65259163523268e-09 1.27526761040109e-08 5.22859991969327e-09 2.09939788886615e-09 8.59809146103174e-10 3.19555299110874e-08 1.86638223764746e-09 9.53258771918541e-10 1.12457246848052e-09 1.44278116120944e-09 1.7808542418507e-10 2.79909384559573e-10 2.50470311158324e-11 4.07089473242195e-10 8.24478763039593e-10 3.2543912009686e-11 2.55269805293779e-10 1.74385208495664e-09 3.79408249706614e-08 5.42874998288312e-09 5.68984176441134e-09 7.53441063316984e-08 2.68568548511539e-08 8.5364186053205e-09 3.63638175127079e-09 3.95900337624155e-08 2.0902577935189e-08 6.10609170781373e-08 5.71332810173075e-08 1.71774485524523e-08 3.61503439405553e-08 5.55686756609219e-08 7.92681463801515e-09 1.14172389098499e-08 6.93288682018789e-09 5.86416049053184e-10 1.03456320177386e-09 1.91563422902163e-09 5.71368706792086e-09 4.18026847581743e-09 1.91813327710122e-07 6.84804179029719e-08
4.37321903135057e-08 6.05756593774487e-08 8.22670870315179e-09 4.84269653266978e-08 5.28177912517691e-10 8.1600300294582e-09 2.85902297392227e-09 4.85116756765436e-09 3.09357581107506e-08 6.45402417065455e-09 8.91288831628145e-10 5.33134906888222e-08 1.34445033439512e-08 2.32266017530236e-10 7.01300817418371e-10 2.69216179349385e-09 5.27870247513107e-10 5.34183586253789e-11 2.23197553772536e-09 3.79842678421838e-09 1.2108576041836e-08 7.13651364669943e-08 1.40958369865274e-08 9.12946110931401e-09 5.06547794043577e-08 1.56748699575715e-08 1.06572429370289e-07 5.42964331717854e-08 1.64238643463044e-08 3.47477645545879e-08 8.66549356270951e-08 2.73140361883861e-07 1.07856671993645e-07 3.25545538970573e-08 4.89709058859589e-09 8.35627237183445e-08 2.82741809076725e-08 3.1691869351036e-08 7.03415803382512e-10 1.39336331361761e-10 9.53844934148407e-09 1.26187661431132e-09 1.24073329388352e-10 2.18070368762646e-08 1.20051363516893e-08
1.54841216115642e-07 6.85780458642427e-08 6.94491008035314e-09 3.26856848253954e-09 3.86914695837959e-09 4.28410491526421e-09 1.00964341220866e-08 3.28602737242889e-09 1.46974167281044e-09 6.7644113865839e-09 3.75371735028551e-08 9.98278126829177e-11 7.17987336251724e-11 2.0289471214241e-10 3.02313551969746e-10 6.66468047416657e-10 3.515766566764e-11 1.93260751846225e-10 1.53425439020083e-10 4.24086554762226e-10 1.49925448722499e-09 1.10281177856386e-08 1.1314589420941e-08 1.59571586721974e-08 1.75069962748964e-08 7.41805334936174e-09 1.84616164577989e-08 7.42277319609741e-09 2.26973502326366e-08 6.26966886407843e-08 3.29992246195232e-08 1.69419207973753e-07 5.40819810268545e-08 1.13678543645079e-07 9.55706319638594e-09 1.62351944865691e-07 1.09094148381672e-08 1.70659253728722e-08 3.55730928713882e-08 3.95650039175521e-08 8.22748549289543e-09 1.06021409429502e-09 6.36404984266647e-10 3.97302262200583e-09 1.16139808881144e-09
2.3630498677818e-07 2.69052032564332e-07 1.58279665463112e-07 1.00488892762485e-08 3.25652282917588e-11 1.96571208199714e-09 8.68160365818937e-10 1.22165410010311e-08 2.36085404559105e-09 2.39448104011331e-08 1.45023238973252e-09 1.75301415605844e-09 9.47931277917036e-10 6.90340300479875e-09 6.84777012871507e-11 6.47895737060367e-11 5.24049470485011e-11 8.06198996450291e-11 3.90114052173374e-10 2.86950752048654e-10 3.72375807966563e-10 5.50106138419437e-10 8.1105998583908e-10 1.20952570625832e-07 7.20659972808235e-09 6.51230133152936e-09 1.16341104194895e-08 5.81078329897622e-10 8.2454021166356e-09 6.51352789260429e-08 6.38132930497193e-08 1.2654683412272e-08 5.45624503800468e-08 4.04033867029696e-08 8.89411788662642e-10 5.09569519024922e-08 2.12491471529574e-08 9.10699738954079e-09 2.64293312790542e-09 1.66714658966782e-08 7.63040602924647e-09 1.55885184649485e-08 8.05612485610396e-09 1.22661897306031e-09 1.756774392625e-09
1.79995498506003e-07 3.63911797052197e-07 1.24116803768004e-07 8.25310368490761e-08 2.52399083855437e-09 2.33291719275996e-10 9.05053496591535e-09 4.64800897770345e-10 7.45066005336525e-08 9.06138453160565e-08 1.09636799550117e-07 1.03519787586492e-07 1.16482983525401e-07 1.21268144415154e-07 4.27834685456929e-09 3.61340880550287e-09 1.88579052373683e-10 1.22681120817703e-10 3.00179110457322e-09 9.57460666306531e-11 9.02314445383467e-11 1.56109347670963e-10 2.7199053009852e-10 1.55335522222799e-10 1.01629534121628e-08 6.61975763094347e-10 5.71096170354224e-10 3.63815655379796e-10 3.83066480758032e-09 4.59595795865297e-09 6.90998303021217e-09 1.5007162401659e-08 1.09921220303733e-07 6.34938497334758e-09 5.84806825187911e-10 2.15654100133023e-08 3.34587283878918e-08 4.45341143961997e-09 8.9806630576561e-09 1.94453158908203e-08 2.29618462688208e-08 2.33976780172895e-09 8.02032584790169e-10 2.33903851842854e-10 1.41041560652866e-09
1.01715535461011e-07 2.76159051715297e-07 1.94741437375967e-07 1.45536002715829e-07 8.59851225776254e-08 1.17935106125344e-10 1.27114024861541e-09 3.58370111364081e-11 8.99846086532818e-11 1.2267061810789e-10 6.63880084239565e-10 1.40449840646539e-10 8.67442867535928e-09 2.87882706562215e-09 1.34037294774458e-07 1.25364499670155e-07 2.19179929761282e-10 5.19951548483277e-10 6.81883327580124e-11 4.81646089678378e-10 1.66001890011813e-10 1.45621970037979e-10 9.95143856208358e-11 1.38899303170348e-10 6.14010176036572e-11 2.78931211461497e-11 1.58752433421228e-10 1.65641178551112e-10 1.56693891195658e-09 1.06828273338522e-08 4.90127385344152e-09 3.62050843749628e-09 6.82676132512938e-08 6.89471235659767e-10 3.23846371941272e-10 1.81843519353464e-08 2.88125234670922e-08 5.02682848679825e-09 1.18319962716384e-09 7.42613981419282e-10 6.57348452337558e-09 2.20216730406619e-09 4.33483535733359e-09 1.09022679772863e-09 1.84119947066463e-09
6.75486337797793e-07 3.94983790030778e-07 2.15827266814017e-07 1.06198415839032e-08 1.31631385791309e-09 3.65645436151141e-10 1.66613168950391e-07 4.6323800351189e-11 6.35390740022501e-11 9.58127799322028e-11 5.90899784658205e-10 4.30160396192036e-10 1.53507750955129e-10 1.32039601474787e-10 9.47304457099563e-12 2.55412246907838e-11 1.18114051872453e-10 1.05680465489755e-09 2.74105012021408e-08 1.42791199975179e-09 9.35291843973118e-11 2.00580352327506e-10 1.32935473740048e-10 4.39968839138771e-11 5.78228248393486e-08 5.61238722163182e-11 5.08817654676363e-11 2.61550114899478e-11 3.08307412932862e-10 4.87440643404113e-11 1.72154620559084e-09 6.82038103771987e-10 6.07738931401869e-09 2.73624051749799e-08 4.39393079698647e-09 2.35618471400301e-08 6.65814955391753e-09 2.78887168247977e-08 2.78606891779276e-08 3.26907967362899e-09 8.21343482115822e-10 8.96074858758311e-10 3.36787888688406e-09 1.33581007699668e-08 3.73063274716756e-09
1.51947970206123e-08 7.2751892403744e-07 3.47568176906066e-07 1.7504081517572e-08 2.07988660960723e-07 1.47540132999779e-08 1.9781448941103e-07 6.05518968299634e-11 7.89539211787371e-11 9.53413270554648e-10 8.53768611364103e-11 1.69459890564383e-10 9.17140574596687e-10 1.65195394030704e-09 1.44519984868197e-10 1.05241448888904e-10 1.19119969443915e-10 1.49593204490373e-10 5.77000003332273e-11 3.90987094922579e-09 1.32831959875901e-09 2.10897965757795e-11 8.28479618242284e-11 5.99522777200434e-08 6.78094580486288e-11 5.0440773780025e-11 1.6482051279354e-10 5.72883851468475e-11 3.02699454390876e-10 8.01477773038073e-12 6.41375175192138e-11 1.55226831388688e-11 2.39640085553106e-11 7.28258564564044e-12 4.016149313113e-09 2.92823880254645e-08 3.1307188919083e-08 1.03567687870232e-08 5.70804242761014e-09 1.06770012164858e-08 7.69613572870753e-10 9.92379380893027e-09 5.63468938175049e-11 2.45220510564081e-11 1.24858313688136e-09
7.3217692175831e-08 8.83717891753122e-08 4.34148625316766e-07 8.82617085196102e-08 2.83747185036987e-07 1.07711703378754e-07 2.63039238745932e-07 6.24263964077443e-08 1.84261672586672e-10 3.04776125448214e-09 2.41679398715888e-10 1.03894781666725e-10 3.58387874932475e-10 1.81189274695015e-10 6.81093449417247e-09 2.20114260152116e-11 2.85968126956249e-10 1.88226401132141e-10 1.65838809351726e-10 5.94067128822928e-11 5.8939910729805e-10 3.9831482556707e-11 1.68636704600544e-10 1.5728864877218e-10 1.1695207025042e-10 7.82932052523222e-11 1.48130874233487e-10 7.40130812193485e-10 6.99478073240556e-09 3.63192231844778e-10 6.30988372662955e-11 1.20423127025759e-10 2.13139417226671e-10 4.31502000797224e-10 7.65873697794461e-10 1.04593454230972e-08 3.95433120692346e-09 1.65852449551807e-09 1.50355656813872e-09 4.4726577996812e-10 1.6461838625581e-08 7.05257718891517e-10 1.26311314518901e-08 9.64287241345119e-07 2.08416860769667e-08
9.1072675019177e-07 7.41254060443453e-07 4.66937055421113e-07 8.30352832679182e-06 1.97635553789155e-07 3.41083137911369e-07 3.32008977110831e-07 6.72613832186641e-08 2.87004044174921e-07 6.55932832493988e-08 2.14852047264458e-10 2.871633708601e-10 3.34233252186067e-10 3.29960514466876e-10 1.76972577703438e-09 4.86213656003542e-09 1.66440339732787e-08 2.77100475898351e-10 3.8287684134275e-10 8.78179862162654e-11 8.66469895832722e-11 8.87921027370453e-08 6.18226581039494e-12 2.82060019785035e-10 1.69770897340271e-10 2.22004248318086e-10 1.86397830503893e-10 6.7698348260592e-09 1.3207526239345e-08 4.60270115354433e-08 4.79772332973027e-11 9.86582038287054e-11 5.19731231829468e-08 4.42716060700121e-08 6.49320908152617e-10 1.16896550217405e-09 1.05595512889245e-08 4.80145475600935e-09 8.90848920853671e-08 2.20584311927396e-08 1.80753320644378e-08 2.93944323326301e-09 1.45813745744405e-08 2.06585012652027e-08 2.92566779691583e-09
1.05407377404276e-06 6.75911189063072e-07 3.15413554830002e-08 4.31775420395297e-07 3.59115582426739e-07 6.26581691420824e-08 1.09442797491255e-07 3.2420539568534e-07 4.03206135146661e-10 2.25055019065223e-10 1.59881241579285e-10 2.19038074344979e-09 1.11436804228759e-10 2.77836587070368e-10 1.30376687224043e-09 1.87850014476965e-07 1.90304668556962e-07 1.15027639635557e-09 6.12456485526991e-10 1.12899546267364e-08 3.09649189844663e-08 6.18456317269533e-09 6.85951528911488e-10 2.03731453929379e-09 9.78427228126577e-11 2.30232644060635e-10 2.99059110808741e-11 1.80312687003692e-10 6.19724715988923e-11 2.08705532855902e-09 1.87645932125946e-10 3.267271897478e-10 2.43736564264907e-10 5.42029932049104e-10 6.98659124331868e-08 6.63975539438866e-08 5.03147989938668e-10 7.48403450323565e-11 7.98843546867545e-11 7.53844764389555e-12 4.14152048211491e-09 3.30081582067265e-09 4.49119863521474e-10 8.78031614082175e-10 2.09198980360981e-10
1.68894739545067e-06 8.04993528902287e-07 5.32154060906009e-07 6.14915813912376e-07 5.60856651343755e-08 4.2325497062734e-08 5.38614237655111e-08 1.10006273867924e-08 2.24192576725457e-09 2.06140780889541e-08 2.09564698927522e-10 1.50141886590127e-08 4.91707707883648e-10 1.15495161212564e-09 3.35431457054725e-09 2.50270336010772e-07 2.08448815364193e-07 1.85929586216105e-07 1.53248845258247e-07 1.35911142873368e-07 3.47528337218961e-09 3.14314228866408e-08 1.03183328548084e-10 9.16129128114562e-10 1.24089172270914e-10 4.23486856693245e-10 2.71776223748077e-10 1.4948352555777e-10 9.9187709157178e-09 1.13403544332868e-09 1.90381270193107e-08 6.20402951234667e-11 1.13262843548512e-11 4.9063431095675e-11 1.62070918907631e-09 1.9589979638468e-10 1.30881616655643e-10 2.51033083209506e-11 9.84101244938529e-11 1.00377983702771e-10 4.31570768011369e-10 2.35532797709936e-09 7.89352605501392e-10 1.73327451280514e-09 1.79949244394351e-09
2.02682989396408e-06 5.91275658656798e-08 7.81026633944748e-07 4.87728377862595e-07 6.13985822894847e-07 6.15258938552188e-07 5.55274968760955e-07 4.99264575992697e-07 4.19127770356909e-07 1.60314530539551e-09 1.1814664047094e-08 1.95236867783777e-09 1.22395543700193e-09 2.99064373265878e-10 2.37940254610436e-08 2.62521501070978e-07 2.72334861861623e-07 2.35549321558892e-07 2.05985249834839e-07 1.62173418871703e-07 1.26587665860711e-07 9.43416991638912e-08 7.0995972922816e-08 5.97700883231411e-09 1.82663439929343e-10 1.98205118984163e-11 1.19069976101116e-11 3.20644621965016e-11 2.82190715239494e-11 3.73211900495107e-08 7.49783408693361e-09 6.23221121376361e-08 1.22352342701859e-09 4.65779648184395e-10 2.92308359739479e-09 6.45692888046057e-10 1.10133200337259e-09 1.30422594946111e-10 2.35070282128547e-09 3.31399518049835e-08 2.72332544293263e-09 1.00778241307609e-10 5.94632104000681e-08 1.02506446264528e-07 2.42304713515828e-08
2.17308561190066e-06 1.37763652929834e-06 1.06631155460946e-06 1.07260971589085e-06 6.168541773377e-07 1.14539995887952e-07 3.60039423163982e-08 6.40674777230288e-07 5.49141688210852e-07 5.19799173304136e-07 4.17933728869002e-07 4.5350450172954e-09 8.012603358587e-10 2.51717813259944e-10 2.67152728916642e-07 2.58044297929416e-07 2.70847983685485e-07 5.94689361754774e-08 5.36919009253012e-09 1.84221579857535e-07 1.470733856479e-07 1.15188183968939e-07 8.24592117254497e-08 5.82637922352802e-09 2.74093358010319e-09 3.20005577592042e-11 9.41418860644916e-09 1.01332080504335e-09 3.22520732343179e-10 1.54580570566054e-11 3.14384729360739e-10 1.39106435703695e-08 9.83650583208373e-10 6.76286804335291e-11 1.35097100173454e-10 8.26527957187295e-11 9.7065833148946e-11 2.84496711744353e-09 2.51256238037456e-10 1.11485731757455e-10 5.37329980510037e-10 2.739152296094e-08 1.16324767263087e-08 1.17074328542799e-07 1.49979066144112e-07
1.52592037316879e-07 1.97154811871769e-06 1.50564433312184e-06 1.21706118516585e-09 1.31748016407585e-07 1.45405774887308e-07 2.27820827980452e-07 2.74801933208835e-08 1.74571820465985e-07 2.24793027303605e-08 4.92053169764972e-08 2.10276742573789e-08 4.04660923880584e-08 1.11428355431542e-09 1.04031247061265e-08 3.05000689593271e-08 6.71064930735099e-08 2.36612049064888e-07 2.50892734499075e-07 2.18182825406643e-07 2.07626876136402e-08 3.38001376665176e-08 1.23609089630605e-10 2.20137330586567e-10 3.03621694452971e-10 6.8435694888791e-10 3.1330955163611e-09 1.02143846714142e-09 9.21077225601863e-10 1.10369806627375e-09 2.25548937748954e-08 2.16503887040531e-09 3.78479758644801e-10 3.62059975334006e-09 1.67881175627826e-10 1.22566556903791e-09 7.54969903260516e-09 8.3552532093023e-08 5.02731523077671e-11 4.76590422682222e-10 5.41412770171945e-10 5.21179877033262e-11 1.73634973066328e-10 1.03061744693989e-09 2.79599099428651e-10
3.05410167982245e-06 2.63811917164958e-06 1.05574422537558e-09 9.71117442016833e-10 1.35787412887112e-06 4.06395501784118e-07 8.1373061604495e-07 7.7520217161009e-07 8.91171299599591e-07 7.88962201170307e-07 3.32796131985447e-08 6.17442593409123e-07 4.87326044407155e-07 2.29484106029076e-07 6.04796436265431e-09 2.19105792398366e-09 8.04783579333446e-08 2.81525864487264e-07 2.64948575079416e-07 2.11094873847628e-07 1.86715024597106e-07 3.24006552698819e-09 2.86819186179343e-08 5.47879551726638e-09 5.63364994210502e-08 3.65539386093516e-08 3.10709291628797e-10 1.80158299389888e-10 5.11319653284659e-11 2.98004817489428e-09 3.32428464755452e-09 2.9003973001096e-09 1.0330576394324e-10 1.28180766001407e-09 3.43217462228651e-09 1.59932355137116e-09 9.12806240593866e-09 1.2555924078228e-10 4.50561288278806e-10 5.9927901530088e-10 1.10890363558269e-09 3.38797634391597e-10 9.72493452433554e-10 2.73801969985499e-10 8.33828894819533e-11
1.0119175497536e-10 2.59118997405494e-06 1.15713491144476e-07 2.21571366694207e-06 5.20972671580466e-07 1.07543242364727e-06 1.64275385183821e-08 1.15806251841377e-06 7.3017607249426e-07 9.61337613070157e-08 2.58529632546356e-07 3.14760076003395e-08 6.27212933324017e-07 5.6946638125055e-07 4.52410754903099e-07 1.09508558931992e-07 1.2667200053329e-07 2.19319028715859e-07 8.70048111334398e-10 5.09216029342951e-09 1.77778975984921e-09 3.29093741147091e-10 1.02299788640181e-09 8.08842882449312e-08 1.93831345418616e-09 2.0782792153895e-10 1.36910371928423e-09 2.03745542659561e-10 9.02651586809355e-10 3.25180260496438e-10 1.36992687194137e-09 1.2360231171904e-09 3.67331276507343e-11 5.29863345422044e-09 6.62276544716178e-10 2.74487810258961e-10 1.98298411024922e-10 1.58851524156844e-09 1.44564302750894e-09 5.03593300393845e-10 9.23603893365765e-10 1.58327928545532e-10 1.14198650535968e-11 9.84207493281986e-11 1.66393887557348e-10
7.62234527940109e-07 5.05734357716392e-06 2.98038799542155e-06 2.42673830541662e-06 1.82432947894995e-06 8.62410328750229e-07 5.83333922277163e-09 1.74724928285741e-06 1.39586121434832e-06 5.77152216152399e-07 1.05629158220211e-07 8.59561666999298e-07 2.11108745240551e-07 6.81552117498541e-07 6.37489806365466e-07 6.06743218867223e-07 3.77144586849454e-07 1.1638867003505e-08 5.55012209968453e-08 4.03595357134634e-10 1.75757808129617e-07 1.63152762766572e-07 1.91376730018789e-09 8.80503412403755e-08 6.68720223195862e-08 4.52541302653486e-08 2.8939588947452e-08 2.46031980122297e-08 3.18177117986096e-10 7.72933828052658e-11 1.70475544791771e-10 1.76717680488991e-09 1.26557808677319e-10 1.08535402887355e-10 3.2668123761681e-11 1.15560778723989e-09 1.57487389795818e-09 3.31032676825771e-08 6.604161095769e-09 6.34631680540565e-11 2.12761286366714e-10 2.81911669564039e-09 2.07513255467973e-09 1.1028812640923e-09 3.15882431323189e-11
1.91883520415104e-06 2.7759249690007e-06 7.97631558668854e-07 2.60715578548343e-07 1.34036083387912e-07 2.55975678271625e-06 9.27017146068465e-07 2.31278778812793e-06 1.81692081753226e-06 1.25694060955084e-06 2.81043289263039e-07 9.16528429817376e-09 7.85247386225763e-08 2.5392131930424e-08 7.36247964283621e-07 7.28043227837816e-07 4.35309373614245e-07 1.92528585252205e-07 4.49033540661503e-07 2.29693354185656e-06 1.66332606852393e-06 7.83289526680164e-06 2.91520338890905e-07 4.70626174697841e-09 7.36596269312884e-08 5.38502752167602e-08 7.93281551558778e-11 2.85932055810179e-11 2.00598804234176e-09 9.92214865824792e-09 6.06197536612285e-10 5.78128521722121e-09 1.67405833639833e-10 3.69496411245507e-10 2.35020650718454e-09 1.03168968923484e-09 1.22589705053855e-10 1.09818918403448e-09 1.53711491313047e-09 1.61935017617409e-08 1.15870871786328e-08 4.28524216111725e-09 9.11078990029068e-12 3.68931538652362e-09 5.45409638563754e-09
