Maxent_result_files_1/Bombus_ruderarius_3.asc
NCOLS 594 
NROWS 330 
XLLCORNER -15 
YLLCORNER 23 
CELLSIZE 0.166666666666667 
NODATA_value -9999 
[rows 200 to 219 of 330, columns 322 to 367 of 594]
0.00190182821825147 0.00132587000261992 9.89138104756648e-10 1.45357751396347e-05 0.00130704602925107 2.93746795097416e-05 5.9839595678568e-08 1.01485260481926e-05 7.03077063235469e-09 6.85174673070721e-06 0.000957315070263576 0.00711148642003536 0.0119866559281945 0.00732402037829161 0.0157794784754515 0.023687981441617 0.0175975631922483 0.0208831537514925 0.0209338661283255 0.0803061842918396 0.0122255586087704 0.00482037591282278 0.011571716889739 0.0152084562927485 0.00871312282979488 0.00898770950734615 0.00741232298314571 0.0114659378305078 0.00511715291067958 0.00425374507904053 0.00353911058045924 0.00373037396930158 0.00650493232533336 0.00195941054262221 0.00118004649411887 0.0016315454384312 0.00218330048955977 0.00105461170896888 0.000701232138089836 0.000577389751560986 9.69151311437599e-05 0.000293007196160033 0.000441104371566325 0.000364028505282477 0.000191588525194675 4.2541040602373e-05
0.00196846215985715 0.00197301879525185 0.00258990763686597 0.00258159013465047 0.00288761293049902 1.39316389535793e-09 2.92651858302406e-09 0.00195274555590004 0.00520327393896878 0.000251708370771198 0.0095930302515626 0.00971997901797295 0.00370849646133138 0.0151963256299496 0.0217318896204233 0.0300103038549423 0.0244860533624887 0.0353513389825821 0.0260815631598234 0.0303029749542475 0.0120107347145677 0.0146879738196731 0.0311993770301342 0.0239240564405918 0.0188432894647121 0.0210181843489409 0.00832616444677114 0.0066186142154038 0.00571228312328458 0.00448249252513051 0.00362103180959821 0.0122091205790639 0.00290005025453866 0.00286748642101884 0.00154458447359502 0.00087390944827348 0.00223672036081553 0.00128482355503365 0.000654304283671081 0.00202637636102736 0.00090144348796457 0.000647724943701178 0.000478406250476837 0.000355319527443498 0.000353148183785379 0.000196342362323776
-9999 0.00295821032486856 0.00299984731245786 0.00272520889993757 0.00495806243270636 0.0222984742373228 1.13581489149972e-05 0.00465859529472823 0.0375186629593372 3.50878690449474e-05 0.0211605213582516 0.000503598803998895 0.0155284332111478 0.0170593263581395 0.0449576564133167 0.00354668773205589 0.00220368533863393 0.00684602023102343 0.0328601606190205 0.0262507732957602 0.0624336060136557 0.0155163329094648 0.0235083878040314 0.0323246993124485 0.0288025844842196 0.0125058666802943 0.00347072706224623 0.00595763819292188 0.0190068211406469 0.00049404871724974 0.00549515672028065 0.0119699317961931 0.0034158393740654 0.00310466387309134 0.00555254155769944 0.00718672918155789 0.000664318993221968 0.0039623555727303 0.000562164792791009 0.000699343287851661 0.00142682152800262 0.000844589702319354 0.00104886321350932 0.000725485850125551 0.000794876937288791 0.000421813840512186
-9999 -9999 0.00101589243904521 0.00187165816314518 0.0126235900446773 0.105121950805187 0.118809297680855 0.207556444406509 0.195712044835091 0.0849880710244179 0.149208542704582 0.00464292358381044 0.000162822590216016 0.00560104296204877 0.104763567447662 0.0998434320092201 0.00246251427526537 0.00276159903505628 0.046614658460021 0.000796388262820669 0.00398820028349292 0.0377223286777735 0.0118978850543499 0.0631330827251077 0.0432312682271004 0.0444141361862421 1.80009962491567e-08 0.0134102683514357 0.0137271621264517 0.0143126681447029 0.00827700085937977 0.00840728804469109 0.00679530082270503 0.00315647660754621 0.0076174158602953 0.00559675041586161 0.00229393420740962 0.000637569988612086 0.00115165412425995 0.00084067644784227 0.000848785438574851 0.000641741789877415 0.000735270488075912 0.00143430458847433 0.000625685707200319 0.000780312740243971
-9999 -9999 -9999 -9999 0.00191308370631305 0.0164600281044841 0.0834837764501572 0.225158777832985 0.271407198905945 0.148421412706375 0.215454760193825 0.329373967647553 0.240489602088928 0.0309670837682241 0.140309974551201 6.85503036947921e-06 0.00775986485911093 0.0106859733380134 0.0718486033380032 0.0397367686033249 0.125774737272877 0.0888111099600792 0.0860317945480347 0.202216744422913 0.0391675163351465 0.0984110727906227 0.0419239431619644 0.0301400237251073 0.0234135657781735 0.0240860838443041 0.0061421874910593 0.00455983635038137 0.00385529696941376 0.00573473870754242 0.00250723320059478 0.0022950392216444 0.00198082444258034 0.000439585366984829 0.00091627441579476 0.00113109182566404 0.000981780781876296 0.000750920630525798 0.000762043031863868 0.000590281828772277 0.00074795848922804 0.000699757086113095
-9999 -9999 -9999 -9999 -9999 0.016811580958165 0.0167445369064808 0.0907003127038479 0.169655466079712 0.180380809307098 0.125558653473854 0.21136302947998 0.188952898979187 0.178909799456596 0.272077202796936 0.35742279291153 0.294741088151932 0.0546056039864197 0.197841456532478 0.0218638483871607 0.218522372841835 0.211068174242973 0.169431310892105 0.0570045247673988 0.0563994906842709 0.0566774748265743 0.0553495320491493 0.0463024459779263 0.0254415962845087 0.0361840557307005 0.00921198837459087 0.0135200819000602 0.0157288994640112 0.00392184718511999 0.00368846207857132 0.00421826352830976 0.000353132534397216 0.00226527363993227 0.00131761793745682 0.000919040699955076 0.000632586237043142 0.00032525408314541 0.000737942336127162 0.000596120988484472 0.000609272147994489 0.000484415167011321
-9999 -9999 -9999 -9999 -9999 -9999 0.00415600314943491 0.0044429286275772 0.0714447401463985 0.196085631847382 0.136981469392777 0.101629400253296 0.186936944723129 0.128728911280632 0.200797554850578 0.209487363696098 0.291493934392929 0.246359062194824 0.17182309627533 0.274044179916382 0.314964038133621 0.277665817737579 0.221450066566467 0.14618948996067 0.0943466320633888 0.0781835496425629 0.128736412525177 0.108733710646629 0.000538631183667848 0.00457846398635269 0.0179370647296309 0.0184369230642915 0.0125937473028898 0.00750189013779163 0.00479660490527749 0.00394898722879589 0.00710362240497489 0.0074319570325315 0.00462659429758787 0.00528465481474996 0.00224691731855273 0.00322912824340165 0.000614654796663672 0.00222085909917951 0.000651733484119177 0.000698173837736249
-9999 -9999 -9999 -9999 -9999 -9999 -9999 -9999 0.0138659128477229 0.248919063806534 0.14228732585907 0.173331660032272 0.159175127744675 0.105995431542397 0.245691150426865 0.330445784330368 0.163977813720703 0.339088040590286 0.291437715291977 0.350059580802917 0.315612983703613 0.301235544681549 0.145728592574596 0.135860534012318 0.185647052526474 0.333011555671692 0.128320676088333 0.158910569548607 0.208824473619461 1.6656032642004e-08 4.24070662181864e-05 0.00043829492147559 0.00116472873046151 0.000521090021051596 0.00958477687090635 0.000459071932459332 0.0161933854222298 0.0062689607962966 0.00669451961293817 0.00497435089200735 0.00453904243186116 0.0103130367584527 0.00544132264330983 0.000675052963197231 0.000833277344645467 0.00165411762427539
-9999 -9999 -9999 -9999 -9999 -9999 -9999 -9999 -9999 -9999 0.0373177960025714 0.120941722393036 0.325124353170395 0.154566065967083 0.144339030981064 0.146918302774429 0.198948654532433 0.4 0.0430846586823463 0.0140359349490609 0.29322783946991 0.33559895157814 0.00293120889764396 0.223780962824821 0.288913547992706 0.320204132795334 0.26304292678833 0.136848163604736 0.19349413216114 0.0331128186531714 0.00108300735786933 0.00214549218678215 0.00269881176973286 0.000657766713714292 0.00740843955427408 0.0361066371202469 0.0475338712334633 5.15240571985487e-06 4.50063165316816e-05 0.00242830008501187 0.00233227633871138 0.00275579985573131 0.000223588672456743 0.0012489533380176 0.000432717137300642 6.76185740985602e-05
-9999 -9999 -9999 -9999 -9999 -9999 -9999 -9999 -9999 -9999 -9999 -9999 -9999 0.000547308568603899 0.00501596416520915 0.265034848451614 0.214626494050026 0.248287725448608 0.278357011079788 0.254190674424171 0.387755900621414 0.117140775918961 0.4 0.330921638011932 0.236738660931587 0.344419687986374 0.0340867530554533 0.213789948821068 0.334887170791626 0.143553945422173 0.29889001250267 0.212645509839058 0.0221814826130867 0.000909105931714438 0.00162108572769739 0.000262003191421833 0.000112865295000675 0.000646859439271452 0.0106423238292336 0.00130430363938387 1.53604611436431e-05 5.30463815096027e-09 2.40828944697569e-07 1.72157501463488e-05 0.000327880418214477 0.00369072877801955
-9999 -9999 -9999 -9999 -9999 -9999 -9999 -9999 -9999 -9999 -9999 -9999 -9999 -9999 0.242475733160973 0.0056226534768939 0.0731431022286415 0.207534039020538 0.203205147385597 0.0560953699052334 0.225735086202621 0.277021789550781 0.0473411072045565 0.35945697426796 0.0658294349908829 0.243828815221787 0.186580380797386 0.37383319735527 0.00248053594251019 0.337643921375275 0.187413811683655 0.131144613027573 0.239205950498581 0.254572832584381 0.264226567745209 0.233953261375427 0.0386371877568308 0.225628188252449 0.235740858316421 0.0868459895253181 0.101449030637741 0.00942366775125265 0.000568810471796011 0.00391894429685635 0.0110507373232394 0.0309507131576538
-9999 -9999 -9999 -9999 -9999 -9999 -9999 -9999 -9999 -9999 -9999 -9999 -9999 -9999 -9999 -9999 0.219504731893539 0 0.0530142992734909 0.266989439725876 0.0892694756388664 0.231763529777527 0.176574292778969 0.270052319765091 0.353844755887985 0.269295644760132 0.223415687680244 0.170555925369263 0.208078336715698 0.399972635507584 0.39829084277153 0.365443152189255 0.18135047852993 0.0119230262054771 0.054285666719079 0.399999618530273 0.00535347699660633 0.0327501328662038 0.243988162279129 0.11576876193285 0.15331346988678 0.0832183018326759 0.106278936564922 0.0961979284882545 0.0621188879013062 0.0271804876625538
-9999 -9999 -9999 -9999 -9999 -9999 -9999 -9999 -9999 -9999 -9999 -9999 -9999 -9999 -9999 -9999 -9999 0 0 0.00459047567237576 0.00671631563454866 0.0384690016508102 0.246509599685669 0.214536824822426 0.156956377625465 0.154776230454445 0.0612637884332798 0.220584112405777 0.136352859437466 0.266103148460388 0.145633834600449 0.0756212204694748 0.224656292796135 0.318404734134674 0.231255820393562 0.135275492072105 0.0106426937836204 0.163692355155945 0.147598001360893 0.00936747254836518 0.0175857941561844 0.0141748233436374 0.240179520845413 0.0674212247133255 0.00932930540293455 0.0799228742718697
-9999 -9999 -9999 -9999 -9999 -9999 -9999 -9999 -9999 -9999 -9999 -9999 -9999 -9999 -9999 -9999 -9999 0.353437858819962 0 0 0 4.67551350302742e-08 0.100866805772239 0.0110625393688679 0.0532089285552502 0.144903427362442 0.290031152963638 0.262611109018326 0.189750951528549 0.285140037536621 0.241339665651321 0.202458363771439 0.19944611787796 0.27684680223465 0.162096750736237 0.130937135219574 0.184916114807129 0.268817502260208 0.177851623296738 0.0138115867062879 0.184762966632843 0.15296234190464 0.0768134715035558 0.166858071088791 0.0880112379789352 0.0965288564562798
-9999 -9999 -9999 -9999 -9999 -9999 -9999 -9999 -9999 -9999 -9999 -9999 -9999 -9999 -9999 -9999 -9999 -9999 0 0 0 0 0 0 0 0.0568471975624561 0.0565711185336113 0.0187035607174039 0.0589357594028115 0.10386576205492 0.0846896484494209 0.01603859582101 0.115066476166248 0.221334940195084 0.241285729408264 0.230748179554939 0.241649347543716 0.237476980686188 0.287630665302277 0.185055881738663 0.153475642204285 0.233524751663208 0.181404793262482 0.115904095768929 0.0913358211517334 0.229653570055962
-9999 -9999 -9999 -9999 -9999 -9999 -9999 -9999 -9999 -9999 -9999 -9999 -9999 -9999 -9999 -9999 -9999 -9999 0.00423154775053263 0 0 0 6.42211375136981e-06 0 0.00278797715436667 0.00336188175715506 0.000365751402008163 0.0354379691183567 0.116383090615273 0.00166420261037318 0.0251758624548984 0.0439344182610512 0.0673127859830856 0.0895130291581154 0.0362530509009957 0.0874449506402016 0.120256370306015 0.140500459074974 0.0355422966182232 6.7259006079301e-05 0.00123277090260672 0.00837187147674285 0.0142201632678734 0.0995443165302277 0.0876991793513298 0.0354112282395363
-9999 -9999 -9999 -9999 -9999 -9999 -9999 -9999 -9999 -9999 -9999 -9999 -9999 -9999 -9999 -9999 -9999 -9999 -9999 0 0.0109541121870279 0.166382321715355 0.273696976900101 0.191589197516441 0.202936327457428 0.218889525532722 0.227762827277184 0.1907122194767 0.113910195231438 0.275046774744988 0.21478670835495 0.235416322946548 0.0288561649620533 0.049921553581953 0.0169430304318666 0.0303085052806158 0.0359502531588078 0.0601162165403366 0.111859346926212 0.0571602448821068 0.00366328148175955 0.00186999327270314 0.00214494094252586 0.0127538664266467 0.0483642429113388 0.0898006662726402
-9999 -9999 -9999 -9999 -9999 -9999 -9999 -9999 -9999 -9999 -9999 -9999 -9999 -9999 -9999 -9999 -9999 -9999 0.277905410528183 0.0510485164821148 0.229399433732033 0.254555207490921 0.151821795105934 0.226280522346497 0.245885050296783 0.248577016592026 0.206473082304001 0.195538568496704 0.22010036110878 0.197482252120972 0.178518110513687 0.294745314121246 0.290630412101746 0.22529264986515 0.184430402517319 0.10470087826252 2.23958922108358e-05 0.000224017244839914 0.0101518802344799 0.00149305835251167 0.00782411129857792 0.0136640466749668 0.000350449526303898 0.00493916696868837 0.00298719014972448 0.00350408274680376
-9999 -9999 -9999 -9999 -9999 -9999 -9999 -9999 -9999 -9999 -9999 -9999 -9999 -9999 -9999 -9999 -9999 0.124485325813293 0.022263391315937 0.212508076429367 0.278646892309189 0.248467487096787 0.260583645105362 0.118623669445515 0.191275778412819 0.216798362135887 0.037909471988678 0.11983947455883 0.175805607438087 0.0647631108760834 0.0704143509268761 0.290556788444519 0.0670251123607159 0.107478460669518 0.0779727041721344 0.0701761186122894 0.0131162075325847 0.00279308347962797 0.00286667440086603 0.00143151450902224 0.00156012785155326 0.000898501637857407 0.00182431815192103 0.00207442757673562 0.00199802601709962 0.00138498751912266
-9999 -9999 -9999 -9999 -9999 -9999 -9999 -9999 -9999 -9999 -9999 -9999 -9999 -9999 -9999 -9999 -9999 0.125456595420837 0.0855224519968033 0.187798979878426 0.148885503411293 0.295322954654694 0.220529878139496 0.0769026055932045 0.0695835515856743 0.0798149645328522 0.0781078636646271 0.182050710916519 0.121388123929501 0.110822699964046 0.0572387672960758 0.0515468031167984 0.162136024236679 0.033172757551074 0.0294451043009758 0.00351177151314914 0.000500109011386485 0.00076834752690047 0.00360766272060573 0.000701298413332552 0.000428920605918393 0.000799045665189624 0.000395154964644462 0.000777432054746896 0.000614492211025208 0.000682234310079366
