Maxent_result_files_1/Bombus_alpinus_2.asc
NCOLS 594 
NROWS 330 
XLLCORNER -15 
YLLCORNER 23 
CELLSIZE 0.166666666666667 
NODATA_value -9999 
[rows 200 to 219 of 330, columns 44 to 87 of 594]
-9999 -9999 -9999 -9999 -9999 -9999 -9999 -9999 -9999 -9999 -9999 -9999 -9999 -9999 -9999 -9999 -9999 -9999 -9999 -9999 -9999 -9999 -9999 -9999 -9999 -9999 -9999 -9999 -9999 -9999 -9999 -9999 -9999 -9999 -9999 -9999 -9999 -9999 -9999 5.78019965224996e-11 1.8423185199623e-11 4.50696147069607e-11 2.89742319026232e-10 1.73728054164712e-10
-9999 -9999 -9999 -9999 -9999 -9999 -9999 -9999 -9999 -9999 -9999 -9999 -9999 -9999 -9999 -9999 -9999 -9999 -9999 -9999 -9999 -9999 -9999 -9999 -9999 -9999 -9999 -9999 -9999 -9999 -9999 -9999 -9999 -9999 -9999 -9999 -9999 -9999 1.15851772619635e-13 1.54924406636781e-11 3.14218651098486e-12 3.72719526242626e-08 5.71908742585947e-11 4.91334284369316e-10
-9999 -9999 -9999 -9999 -9999 -9999 -9999 -9999 -9999 -9999 -9999 -9999 -9999 -9999 -9999 -9999 -9999 -9999 -9999 -9999 -9999 -9999 -9999 -9999 -9999 -9999 -9999 -9999 -9999 -9999 -9999 -9999 -9999 -9999 -9999 -9999 -9999 -9999 7.47412691737281e-09 1.24710952675855e-10 6.2023719493709e-13 4.25129931258539e-12 5.0028425846449e-12 1.20446985718559e-11
-9999 -9999 -9999 -9999 -9999 -9999 -9999 -9999 -9999 -9999 -9999 -9999 -9999 -9999 -9999 -9999 -9999 -9999 -9999 -9999 -9999 -9999 -9999 -9999 -9999 -9999 -9999 -9999 -9999 -9999 -9999 -9999 -9999 -9999 -9999 -9999 -9999 -9999 8.27722335117187e-11 1.45011791463645e-10 6.38489261461928e-14 6.63264998479463e-12 2.16061613045326e-12 1.14991460797853e-11
-9999 -9999 -9999 -9999 -9999 -9999 -9999 -9999 -9999 -9999 -9999 -9999 -9999 -9999 -9999 -9999 -9999 -9999 -9999 -9999 -9999 -9999 -9999 -9999 -9999 -9999 -9999 -9999 -9999 -9999 -9999 -9999 -9999 -9999 -9999 -9999 -9999 -9999 3.12067971464103e-10 2.79159051430611e-10 7.68929364625137e-13 2.62501131942372e-13 1.34257049921871e-12 2.45135023391185e-12
-9999 -9999 -9999 -9999 -9999 -9999 -9999 -9999 -9999 -9999 -9999 -9999 -9999 -9999 -9999 -9999 -9999 -9999 -9999 -9999 -9999 -9999 -9999 -9999 -9999 -9999 -9999 -9999 -9999 -9999 -9999 -9999 -9999 -9999 -9999 -9999 -9999 6.46204975196518e-08 1.50357504224985e-13 5.44198019980513e-13 2.91988655476416e-15 1.33448807559944e-14 1.48880907602233e-14 5.43121103646627e-14
2.05352401749792e-12 4.51938486634162e-13 8.73885042107503e-10 -9999 -9999 -9999 -9999 -9999 -9999 -9999 3.4559328758732e-07 1.28962124362753e-06 -9999 -9999 -9999 -9999 -9999 -9999 -9999 -9999 -9999 -9999 -9999 -9999 -9999 -9999 -9999 -9999 -9999 -9999 -9999 -9999 -9999 -9999 -9999 -9999 -9999 1.55301327353641e-11 1.13242748511766e-14 3.33066907387547e-16 1.0547118733939e-15 3.11972669919669e-15 1.783018177548e-14 2.92399437995527e-13
8.55344683969861e-12 3.52140538950607e-13 1.05363495706001e-12 2.15494289079743e-12 1.10373421513543e-10 2.68330246910864e-11 6.69760802374242e-11 3.83114651114624e-12 2.67279531840359e-12 1.66300306858602e-13 9.43959355126367e-12 5.75700598304252e-12 3.7292391397159e-13 1.55127022338775e-12 4.26181312462859e-13 6.96032120828249e-13 8.66175020597382e-11 8.92187487222529e-09 -9999 -9999 -9999 4.67025547012945e-08 1.17811094213494e-11 1.89848137210902e-15 1.64535052249448e-14 2.5041092643896e-09 -9999 -9999 2.23923234399237e-09 6.54431930868782e-10 -9999 -9999 -9999 -9999 -9999 -9999 1.53076209485903e-09 4.50184334255255e-13 2.33146835171283e-16 7.54951656745106e-16 5.42899059041702e-15 1.71862524211974e-14 8.24333934446031e-12 3.58524321342202e-12
1.08468789505878e-14 9.45910016980633e-15 2.38815633935019e-12 5.37439093228897e-11 2.14978479462502e-11 7.40059317161368e-09 6.32942365186295e-11 4.3710590702517e-11 1.58090907032005e-10 2.19172568982628e-10 2.48342901798537e-09 7.49437663039032e-09 2.02685579431261e-10 2.83923740074243e-10 4.30573354748276e-11 1.4973599027357e-10 1.6034079902838e-05 1.49728673888294e-06 6.5954720573913e-10 2.54109511210743e-11 8.70359340154891e-13 5.81390491305456e-13 2.27895480264806e-13 3.62788687979787e-12 1.27593346999078e-10 1.40727429709386e-12 5.13843856353446e-11 3.81796089188313e-09 5.08719572023253e-09 5.55984147609934e-12 3.30449331231719e-09 2.03436267831592e-11 1.18497545109619e-11 1.79474546335712e-10 2.1381018411315e-08 3.92461818599088e-10 5.54714052469762e-12 4.4329873105653e-12 1.12454490164282e-13 7.73825448163734e-15 1.92512672470002e-14 6.68576305429269e-14 7.40985051095322e-13 3.50548785554849e-09
8.47513170754155e-12 3.2805314020834e-12 2.71822120367915e-11 3.06733083377253e-10 7.08735758969681e-10 2.09084280378136e-07 3.5432780376432e-09 0.00133175547126871 3.47595528525479e-05 7.86457127615048e-06 4.04918931717901e-10 2.36751129319979e-06 9.82360019189388e-06 9.28505702814109e-06 3.86517193029512e-07 1.78711098242079e-07 0.00056538462355249 7.68769609434505e-05 8.94521699490447e-08 2.71473009627599e-08 2.01111802766718e-09 1.3229716211427e-10 5.34579727151652e-09 3.32936276548068e-08 1.73288389304638e-08 1.05990494159158e-09 1.51014423188656e-11 3.5994396352379e-11 1.49822365624885e-10 1.97867688900288e-09 3.90841161657107e-09 2.68874429054655e-08 1.86120739931184e-09 2.18444632382742e-09 3.15458770216992e-13 7.03215263797574e-14 3.64819285891826e-14 1.92779125995912e-13 2.49567033705489e-13 9.09270436721954e-12 2.83883982987732e-10 2.47509612805175e-10 5.12922405659921e-09 4.25998789577164e-09
8.47877323906232e-14 7.38409333678192e-14 3.94801968894853e-11 1.46628265085269e-10 1.58710851116961e-07 8.29210882780096e-07 5.86572385996575e-08 4.73061389455798e-05 6.88978635715598e-06 6.84229233416378e-07 2.09792412873e-06 8.73904112046908e-05 0.00329769232820425 3.81755882725598e-05 1.04951008518261e-05 0.000272189544744084 7.96844484964865e-06 0.00173758229849241 1.62847805480038e-05 4.48117062334941e-07 5.10097221095851e-07 2.99950587068221e-07 2.55025656148433e-10 3.99812977169844e-08 8.41468693613123e-09 2.18386944084159e-09 4.36628815658757e-08 1.53219180121233e-08 4.07597789964242e-09 8.72520946015864e-07 1.66106403742816e-08 4.09772771270411e-11 4.6074255521944e-13 7.70161712182471e-13 1.27771127012011e-12 1.14772635839699e-12 2.00441085951297e-10 1.50118562025625e-10 7.13212378045114e-11 3.26023209540338e-09 1.24986744092226e-06 0.00504494374086673 5.52375651568404e-05 0.079406153044539
3.6965208671802e-12 3.69859698423625e-13 9.51434597773471e-10 4.2430095659185e-09 2.01675741196006e-07 1.79044346571011e-07 8.10452188915178e-08 2.20212465928959e-08 7.06789230431326e-07 4.27350056735776e-05 1.43988514551552e-05 5.00407840569039e-06 0.00154072745889513 2.61818314247098e-05 1.00853964343228e-05 0.00046625013480508 0.0189155250875051 0.00012252561293411 4.05540183554431e-05 6.09615628749394e-06 0.00348876780335796 1.35818577495783e-07 2.52362578845311e-07 1.59300295931031e-06 4.91400495875371e-05 3.05876483142065e-08 2.45478629090634e-08 9.55998790130863e-09 1.37674804967514e-07 1.67952868279642e-09 9.70247179266082e-09 2.41867637029713e-12 4.33804103749935e-12 1.23318355527147e-11 1.56710160292839e-08 1.98056984590522e-08 7.72086882094847e-07 2.05304377942639e-09 4.41538141604525e-09 2.51795228664031e-06 1.58988839568108e-06 0.000745940029450565 0.00455877049086186 0.000608683178505709
1.95490290622047e-12 3.10155234828358e-12 7.74969373118495e-09 9.28031534286333e-08 8.23931711746439e-10 1.29565136397503e-11 2.51940946105478e-08 1.76895446069025e-09 5.07075661456691e-06 1.81927350217936e-07 6.44276407779643e-09 7.79110125526117e-08 1.8002165189257e-05 7.40126159137766e-08 7.84054801639122e-07 9.06149532986511e-07 2.11601039560083e-05 1.3008889804822e-06 0.000533573433690648 1.45624310388115e-09 5.74735660618941e-08 1.56181810817557e-09 1.83472824710762e-09 2.7602964025597e-09 3.13528445428091e-09 8.34959701379034e-10 7.01871150088351e-10 4.45307695162711e-09 6.45847900715424e-09 7.64635966765681e-09 3.20210524762388e-11 1.3007895538486e-08 3.4614045962833e-09 2.84206624900918e-10 8.50626236115204e-12 1.31836430661281e-11 4.18740417040819e-07 4.36748306742452e-08 1.93079398025375e-09 1.05531811435133e-06 5.10301589873308e-09 7.73827264488602e-09 3.12419737591441e-07 9.05391965588809e-07
1.39563849366198e-10 5.82832004880629e-10 4.76755301903609e-12 7.59438734121431e-11 1.47025857044625e-09 3.47821724755448e-09 1.5499905292593e-08 3.81050255904292e-07 5.83512772792116e-05 1.78885337687174e-07 4.85107902736814e-09 2.12040598412955e-09 1.48050937176514e-08 5.34839015298161e-09 4.73902536102244e-09 7.29411048228101e-09 4.35550893551628e-07 8.2888326702335e-08 9.78014902397462e-10 4.9896869969146e-10 5.23398913099271e-10 5.78983261334542e-10 1.51604249154502e-09 1.35732239670006e-07 1.4843741479309e-07 6.7581227736202e-08 6.17311773587481e-08 2.02277194993883e-11 7.12653713819122e-11 9.38352281432131e-09 5.48553158452592e-09 3.31003620823722e-07 6.46392384062722e-11 2.89920121243625e-10 2.27731167257161e-12 8.84277095991592e-12 1.13532738765798e-11 6.64203914091388e-11 3.26191542665555e-07 1.71031577279601e-06 5.60636145863214e-07 2.76696972459911e-06 1.3191895885778e-06 0.00260889594732794
2.37293962257468e-11 2.60288335329761e-10 3.21580539974775e-10 2.30159780123529e-11 2.07147892172799e-09 1.46003562351282e-08 4.35787315122837e-09 3.58134213396255e-09 9.82047556608023e-08 3.58879034045856e-08 3.3680766398092e-09 4.95324337101977e-11 3.45531331324977e-09 3.83287888094941e-09 3.929908098943e-09 3.3233206631067e-09 1.19616783145204e-10 8.49762593624348e-10 3.17774817570893e-10 2.9020075231756e-10 4.23142076932947e-10 7.77840303278765e-10 9.63906821027649e-10 1.43935239282911e-09 6.60143066877339e-09 4.52423577669281e-06 6.92968026158702e-05 6.47286211029274e-05 5.29070997820846e-05 7.38024499358225e-07 1.86703031879176e-07 1.55400425512653e-05 0.444078212240083 1.92638147265001e-06 3.91126853449553e-07 2.32843488934265e-10 6.65302479774255e-11 5.7293547683912e-11 1.05342623513138e-11 2.02763164036668e-09 3.55658574391349e-07 1.37546351863804e-08 1.49636631974204e-09 3.47861491833967e-09
5.14355225078589e-13 1.13545217672595e-10 2.85089729601395e-11 8.53809800638317e-11 2.79308971062875e-08 1.89941653516712e-09 5.86650794609511e-10 7.50505768642995e-10 7.0604364343918e-08 4.31666112865603e-07 9.76745671010804e-09 7.14019088299267e-10 8.64148985701973e-10 1.67407157025679e-09 2.44417578398881e-09 4.31488037522243e-09 1.39372801077897e-09 2.91570700916566e-10 5.3906908746848e-07 2.03844030544076e-10 2.39369279952939e-10 3.2749637446372e-10 3.96870369900881e-10 9.88287185421655e-10 1.1907885241369e-05 1.73058439748019e-05 0.0208370714702198 0.000333291181218376 0.000254079052587319 0.000366050419610686 0.000115109093809085 0.000147806125057537 1.55310166580769e-06 0.0113011639270553 2.50936097045962e-07 1.67068387790792e-08 4.62733505957047e-09 2.05598682523345e-10 5.084455412252e-10 1.13571799742473e-09 1.72003622456174e-09 1.13329345907687e-11 5.88429305281579e-13 1.28021926393274e-11
6.52145004664817e-14 6.63913368725844e-15 3.87090359765807e-13 3.48765460955747e-12 1.73551284454732e-11 3.74091499000251e-08 8.66627269946463e-10 6.54815887402016e-08 3.24416634001068e-08 3.20621778460151e-08 3.34574634663909e-10 5.05374958548188e-09 4.93716045824044e-10 1.8623902420245e-11 3.94615673471321e-11 2.89354354920945e-09 1.53159230076305e-08 2.08819847080655e-08 7.76554170633936e-08 2.29531164963603e-08 1.93595561803761e-10 5.66481861419277e-10 4.71996552953158e-10 4.14294744066623e-09 1.12580501354653e-07 5.28992286972674e-05 0.00152849913053398 0.377350981580151 0.357101025600208 0.00494493464347912 0.00750453429854714 2.94098689992417e-06 8.68179704819338e-05 0.000295547924405193 4.03487202144115e-06 2.25944761300667e-07 1.57637378705999e-09 1.85424897658493e-11 1.22047372208556e-11 2.08548056601643e-10 8.30170723831181e-08 5.10980147083728e-12 4.8042259059855e-11 1.30715660517922e-11
3.91575660785293e-14 4.01900734914307e-15 5.88418203051333e-16 6.27276008913213e-15 2.5958180049912e-11 1.07403197446843e-11 8.45077563482732e-10 2.20649087889768e-10 8.6973439561433e-11 6.84639177905844e-08 1.13858517059029e-09 1.2959336603835e-09 2.63519694954084e-10 3.22649639894479e-08 1.60259183701328e-10 1.55561261205861e-08 2.15409712400749e-08 1.55120237815831e-06 3.6977654271908e-09 7.52488404920371e-11 1.31245070367214e-10 1.92911608909441e-10 3.51477957849511e-10 4.6993061458056e-06 4.00991144733354e-09 1.82168206075417e-09 1.63881198493865e-06 5.66693245633187e-05 0.000814928775436419 0.00398574028774652 9.14340242333944e-05 0.000432242721550469 3.44224388473258e-06 5.42267087187964e-06 0.000113218773527368 0.00126822823892559 9.68968441509288e-06 4.76889305822681e-11 2.79397416313998e-10 1.52989132473635e-10 4.15191674152382e-08 1.7694068432661e-12 1.81575467994577e-09 2.11588744858382e-07
8.35997937542743e-15 3.10862446895044e-16 1.11022302462516e-17 1.65423230669148e-15 1.11111120304486e-13 1.54300094923343e-10 2.15334416964197e-12 1.93697280437277e-12 1.35525479727505e-10 7.43746915410348e-07 5.33775246225332e-11 1.86857502693094e-08 2.73101818937249e-10 1.08858988490113e-08 2.34195994819331e-09 2.19751294938675e-10 4.54024032037204e-08 0.784908057004213 4.42159211381243e-06 4.67369415280139e-08 3.46444961607517e-10 5.56883394953189e-10 6.02839766994379e-10 1.15225034535982e-07 7.47325188510395e-08 4.97711444280569e-09 7.98083510389347e-10 2.85095763784549e-06 1.88595606281927e-06 8.09255178524371e-07 4.3044560669081e-05 4.8641796938087e-06 9.68201528472879e-07 8.09338878993149e-07 1.24541771785669e-05 2.9735090198435e-05 1.99428444042082e-06 5.73395564362755e-10 3.32596172825106e-12 3.15303338993544e-15 1.93633180500807e-07 3.53535534181049e-11 9.35052035799799e-13 4.24499324580552e-12
6.06736882957648e-14 2.1094237467878e-16 1.33226762955019e-16 5.88418203051333e-16 1.144750960691e-13 1.49324996812084e-14 1.30573329926165e-13 9.06790975641059e-11 8.40594260864691e-12 3.33812233410669e-10 7.7533512943262e-11 9.19210940697468e-10 2.32492073370949e-09 2.33235272206755e-09 1.24311062554838e-09 1.63913077888544e-08 1.53930497237553e-09 0.0740796676174511 1.82914736446271e-07 5.70418732548372e-06 1.54149082642885e-06 4.34802378812549e-07 3.70635027779898e-08 9.83538937543438e-06 1.30529193886897e-07 2.22520893933265e-09 2.82144677599128e-07 2.14699471656754e-07 2.29451650568535e-07 2.07526160700411e-09 2.29536614715364e-08 9.95569957584763e-08 5.62368419054771e-08 2.91022319687251e-08 1.74406991018117e-06 1.8558081608111e-07 1.74062088476035e-07 3.04523162786285e-07 7.59070095668335e-10 4.8175482492141e-10 1.25391546923481e-08 4.57403004361367e-12 5.48372458553104e-13 3.0044855492406e-13
