Maxent_result_files_1/Bombus_sylvestris_3.asc
NCOLS 594 
NROWS 330 
XLLCORNER -15 
YLLCORNER 23 
CELLSIZE 0.166666666666667 
NODATA_value -9999 
[rows 300 to 324 of 330, columns 504 to 559 of 594]
0 0 0 0 0 0 0 0 0 0 0 0 0 0 0 0 0 0 0 0 0 0 0 0 0 0 0 0 0 0 0 0 1.33226762955019e-16 8.62643290133747e-15 9.27036225562006e-14 4.83824091901397e-13 3.8897773890767e-13 3.09618997107464e-12 3.2064795263409e-12 3.75787179152098e-12 6.56400489518205e-12 4.35462776948725e-12 4.33841851332772e-12 5.31911181766986e-12 6.00405281048211e-12 6.83685330571393e-12 6.68549660076678e-12 6.6734506809496e-12 4.05289135585463e-12 4.72907268900258e-12 7.92399479365713e-12 6.06595884633521e-12 8.83474404744788e-12 1.51677559401264e-11 2.025629219915e-10 1.34093847137251e-11
0 0 0 0 0 0 0 0 0 0 0 0 0 0 0 0 0 0 0 0 0 0 0 0 0 0 0 0 0 0 0 0 3.88578058618805e-16 5.99520433297585e-15 1.21114229756358e-13 2.34989805392161e-13 1.38520306336432e-12 2.98232549766908e-12 2.45030662426871e-12 3.87988530192729e-12 6.46372955159791e-12 9.52833367762196e-12 5.28501686858362e-12 5.88694648584465e-12 9.01827501564867e-12 1.56263557649083e-11 1.00025876470511e-11 5.94981841572917e-12 3.66238150917297e-12 3.60520502340478e-12 6.3452687548704e-12 6.65029142865592e-12 6.73454625399472e-12 9.17956821666621e-12 1.05445541187521e-11 1.21796128738083e-11
0 0 0 0 0 0 0 0 0 0 0 0 0 0 0 0 0 0 0 0 0 0 0 0 0 0 0 0 0 0 0 0 5.55111512312578e-17 2.55351295663786e-16 7.10320691155175e-14 6.28030960569959e-13 2.74795741717071e-12 2.67199595782586e-12 6.50354214926097e-12 4.00280919521379e-12 7.55792095574748e-12 7.30259186454418e-12 6.01837468749977e-12 8.47150127825103e-12 1.83533299669136e-11 4.60398275059504e-11 6.86465329025054e-12 4.81051865008908e-12 3.39376304836492e-12 4.30567803633153e-12 3.0533575667846e-12 9.15469922091461e-12 2.35657826586078e-11 8.21076540091781e-12 2.58152721421823e-11 1.15578990822485e-11
0 0 0 0 0 0 0 0 0 0 0 0 0 0 0 0 0 0 0 0 0 0 0 0 0 0 0 0 0 0 0 0 0 6.66133814775094e-17 9.15933995315754e-15 4.10949052565002e-13 2.16133777541927e-12 1.13945519686354e-12 2.57390775360022e-12 3.96909172195592e-12 6.96391833088228e-12 6.45860032122414e-12 8.98878749211463e-12 1.26342047934713e-11 1.20230270184152e-10 2.28504104526905e-11 5.85393955532254e-12 3.99231758763108e-12 2.88206125631518e-12 3.6092906441354e-12 2.77408096494014e-12 7.06461555921578e-12 3.03078451224792e-11 1.02815311819882e-11 1.7868684309974e-11 1.92078131178164e-11
0 0 0 0 0 0 0 0 0 0 0 0 0 0 0 0 0 0 0 0 0 0 0 0 0 0 0 0 0 0 0 0 3.33066907387547e-17 7.7715611723761e-17 8.26005930321117e-15 3.54583029604783e-13 1.58260071714267e-12 1.27525767723569e-12 2.6121882434893e-12 3.03707059501335e-12 9.20902243350952e-12 6.56809051591267e-12 8.90830742505955e-12 1.20371823619791e-11 8.65115090675772e-11 8.224254610667e-12 4.68313166024359e-12 3.40115713370892e-12 3.82313070090845e-12 2.43494113760789e-12 8.42498293351923e-12 9.23848775258307e-12 6.8065997282929e-12 2.02308380603533e-08 3.41217598620602e-10 2.4920188135269e-11
0 0 0 0 0 0 0 0 0 0 0 0 0 0 0 0 0 0 0 0 0 0 0 0 0 0 0 0 0 0 0 5.55111512312578e-17 6.77236045021345e-16 2.4535928844216e-15 4.00235400377369e-14 7.76045894212984e-15 1.77968750847413e-14 9.11348774224052e-13 1.64461777529823e-12 3.39154260231567e-12 5.91615645362253e-12 5.86255488599363e-12 6.17251805223873e-12 5.41655609254121e-12 5.26931831501543e-12 5.32703881006569e-12 3.42009753850903e-12 2.9624303010678e-12 2.76313416591734e-12 2.56014098809487e-12 2.69196887003886e-12 3.60872443039284e-12 8.56577031527195e-12 3.06869418764677e-11 4.00674049494398e-11 1.26052945859101e-11
0 0 0 0 0 0 0 0 0 0 0 0 0 0 0 0 0 0 0 0 0 0 0 0 0 0 0 0 3.33066907387547e-17 4.44089209850063e-17 9.99200722162641e-17 4.44089209850063e-16 1.77635683940025e-15 1.02973185533983e-13 3.28226335000181e-13 1.58761892521397e-15 1.87849735766576e-14 8.99058605341452e-14 1.44716461036865e-12 3.33906235994164e-12 0.0632120549678803 4.63488913915455e-11 5.03721508948729e-12 4.99214003468751e-12 3.49674733612915e-12 3.67379460186612e-12 3.43093331522937e-12 2.52949883261522e-12 2.85332868443788e-12 4.12972989138893e-12 7.56897877707274e-12 3.26982885212601e-12 4.58667548386416e-12 6.81140699398952e-12 8.39780467387641e-12 8.63182858523715e-12
0 0 0 0 0 0 0 0 0 0 0 0 0 0 0 0 0 0 0 0 0 0 0 8.88178419700125e-17 5.55111512312578e-17 9.99200722162641e-17 1.55431223447522e-16 5.55111512312578e-17 3.99680288865056e-16 3.33066907387547e-16 1.88737914186277e-16 7.88258347483861e-16 2.71782596428238e-14 7.12196968066792e-13 5.63438184997267e-13 8.3956175345179e-13 5.35604893769914e-13 2.00081062828872e-12 1.04223296659711e-12 1.77601267026262e-12 7.34350358300162e-12 3.47400996858482e-12 4.17706980115895e-12 3.70813380001778e-12 5.83487702598973e-12 4.13762357709402e-12 2.27248220241449e-12 2.1907253788811e-12 2.31337171641144e-12 6.92290669235263e-13 5.00199881514618e-13 3.14045456306644e-12 3.82702758372488e-12 8.25997048536919e-12 3.26770832614898e-12 8.83122464045982e-12
0 0 0 0 0 0 0 0 0 0 0 0 0 0 0 0 0 0 0 0 0 0 0 3.10862446895044e-16 4.66293670342566e-16 8.32667268468867e-16 3.19744231092045e-15 9.65894031423886e-16 3.99680288865056e-16 2.1094237467878e-16 1.99840144432528e-16 1.22124532708767e-15 2.35855779351368e-13 2.27106111694297e-12 1.6968426663766e-12 5.0682791297163e-13 8.70081784398735e-13 6.20725693067925e-13 2.14683826271767e-12 1.40597533615505e-12 2.03631556061623e-12 3.66436880838705e-12 2.70948818936745e-12 3.46487283309216e-12 4.52456960786662e-12 2.20724549748752e-12 2.12438955315974e-12 2.51079157465028e-12 5.51569900864024e-13 1.77422521119297e-12 4.03510558300013e-13 5.9304783306402e-13 3.32991412221872e-12 6.57816023874602e-12 6.93470836310439e-12 5.50018919298623e-12
0 0 0 0 0 0 0 0 0 0 0 0 0 0 0 0 0 0 0 0 0 0 3.33066907387547e-17 3.74145159298678e-15 4.16000567327046e-14 3.61932706027801e-15 3.37507799486048e-15 1.96509475358653e-15 6.10622663543836e-16 1.22124532708767e-16 5.55111512312578e-17 8.99280649946377e-16 4.34652314140749e-14 5.90478776985037e-12 7.30004945381779e-13 7.67386154620908e-14 9.18043419062542e-14 2.99626989885837e-13 1.34161570741753e-12 1.33628663689933e-12 1.76320069655844e-12 3.37923022897257e-12 2.49439358057657e-12 2.54090082307812e-12 2.31467067735025e-12 2.15895079591633e-12 8.87375728453321e-12 1.42731382268835e-12 1.86590742856652e-12 1.18922649505748e-12 2.71627165204791e-13 1.01089137061194e-12 3.35521610494993e-12 1.41447076273948e-11 6.0975224869253e-12 1.31375244016851e-11
0 0 0 0 0 0 0 0 0 0 0 0 0 0 0 0 0 0 0 0 0 0 2.22044604925031e-17 1.03295150211125e-13 1.95631288946174e-12 4.85944617878431e-14 1.24678045665405e-14 2.44249065417534e-15 2.22044604925031e-16 0 0 1.11022302462516e-17 8.51541059887495e-15 4.38005187675117e-13 1.02751140929058e-13 1.62136970516258e-13 1.11777254119261e-13 3.12772030497399e-13 1.28923538511572e-12 1.1503686891956e-12 1.09084963284545e-12 1.77096115550057e-12 1.92793558895232e-12 2.07818207087485e-12 2.08679740154594e-12 4.73110439713764e-12 7.21434023631673e-13 1.07320818898415e-12 6.34514663033769e-13 2.79021250548794e-13 8.37585556467957e-13 8.40572056404198e-13 1.16795462190566e-12 1.48214773787458e-12 7.32590876850736e-11 7.14658587863681e-10
0 0 0 0 0 0 0 0 0 0 0 0 0 0 0 0 0 0 0 0 0 0 3.33066907387547e-17 1.17572618307804e-14 1.33959510151271e-13 3.29214433492098e-13 4.76063632959267e-14 6.08402217494586e-15 4.55191440096314e-16 1.11022302462516e-17 0 1.22124532708767e-15 6.00963723229597e-14 9.46354106190483e-14 1.64002145197628e-13 1.66433533621557e-13 1.97397653778353e-13 7.51021467237933e-13 2.40660824601946e-12 2.32638353026005e-12 2.8741675706101e-12 3.28046478870192e-12 1.69867453436723e-12 2.17862394791268e-12 3.31065175274148e-12 3.3048008774017e-13 4.36872760189999e-13 2.89257506835838e-13 4.1053827004589e-13 1.30335742198895e-12 6.22357720914124e-13 2.32979191494564e-12 2.72938338596873e-12 4.87021534212317e-13 2.18114415417858e-13 4.98379115754233e-14
0 0 0 0 0 0 0 0 0 0 0 0 0 0 0 0 0 0 0 0 0 0 1.11022302462516e-17 2.39808173319034e-15 3.66007224528175e-13 3.27748939099592e-13 1.6903145549918e-13 2.48134846003722e-14 3.34177130412172e-15 5.99520433297585e-16 3.59490215373626e-14 1.71370695412065e-12 7.4407147110378e-14 1.25688348617814e-13 1.56541446472147e-13 4.11048972637218e-13 5.01843011591063e-13 1.42966749550055e-12 2.16384687945492e-12 1.26021415525202e-12 1.98890903746474e-12 3.50960371875431e-12 1.0680345496894e-12 2.01276773026393e-12 1.47923895355007e-12 2.58049137613625e-13 2.47346587656239e-13 4.31621405283522e-13 9.25259868722605e-13 1.43138834118872e-12 2.58382204521013e-12 7.36521954536329e-13 1.63193902835701e-12 1.24592558492509e-12 1.64031788152386e-11 1.14428244657461e-11
0 0 0 0 0 0 0 0 0 0 0 0 0 0 0 0 0 0 0 0 0 0 9.99200722162641e-17 7.90145726625724e-14 4.46742642878917e-13 3.28927995951744e-12 5.95568039329919e-13 2.5809354653461e-13 1.36346489654215e-13 9.15235665033265e-12 9.86813963876898e-12 5.85254067431151e-13 2.96362934193439e-13 3.54838380900446e-13 4.31560343017168e-12 5.03389552264366e-12 1.85027548837979e-12 4.26314539225814e-13 4.96223062640411e-12 3.94209109799704e-12 3.54875018260259e-12 1.9035661935618e-12 9.31144050753119e-13 5.12639930505543e-12 1.38483668976619e-12 1.73377978640588e-12 3.5251801477898e-13 1.54241064365124e-12 3.05599989758321e-13 5.12312414713278e-13 2.1298518504409e-13 6.36279917642924e-13 5.82078829580723e-13 2.20268248085631e-13 1.54910750893578e-11 6.33724184240236e-12
0 0 0 0 0 0 0 0 0 0 0 0 0 0 0 0 0 0 0 0 3.33066907387547e-17 0 1.34336985979644e-15 1.54531942797576e-13 5.34416955133565e-13 1.08446585045385e-12 1.28435040380737e-12 1.22963861315384e-12 3.73424624555696e-12 3.63718388740608e-11 1.20700116568173e-12 7.56039675309239e-13 8.96660523608261e-13 4.69138061731655e-12 6.4037886104984e-12 7.82950371203128e-12 1.77609038587434e-12 7.7151285360344e-12 5.75136605007742e-12 4.48525661056465e-12 4.60975702054611e-13 1.50258694375793e-12 9.50317602388395e-13 1.12053699652392e-12 1.39707134749756e-12 1.7489565351525e-12 1.16007203843083e-13 8.26716473056877e-13 7.44559969234615e-13 4.10660394578599e-13 6.97331081767061e-13 5.5552229483169e-13 1.16131548821841e-12 1.30078170457182e-12 1.05546349438157e-11 5.28470600613673e-12
0 0 0 0 0 0 0 0 0 0 0 0 0 0 0 0 0 0 0 0 0 1.22124532708767e-16 2.50577336657898e-14 5.89639448378421e-13 1.1228351581849e-12 1.9432677689224e-12 3.43525208279516e-12 4.22589740978196e-12 1.9366630521489e-11 5.77035197402154e-11 9.44219147314129e-12 1.72980518797772e-12 1.44979583893701e-12 9.38400468442069e-12 1.00994768104101e-11 4.93335372553361e-12 3.09686720711966e-12 1.15619180895976e-11 4.23102664015573e-12 1.48234313712692e-11 1.77980963300683e-12 1.38535849458776e-12 1.34611211066726e-12 1.37966305047144e-12 1.67510449955444e-12 1.59164903479336e-12 1.97797334067218e-13 8.82782735800447e-13 5.84954307214502e-13 4.01745303690859e-13 7.82340858762609e-13 6.81703582472437e-12 1.37545530520811e-12 1.20486953747445e-12 6.54749587880588e-12 5.92729199055952e-12
0 0 0 0 0 0 0 0 0 0 0 0 0 0 0 0 0 0 0 0 1.11022302462516e-17 2.80331313717852e-14 8.64175397907729e-13 1.62785340762639e-12 2.25675034215556e-12 5.58612045509221e-12 7.55002727004239e-12 6.2098515218878e-11 4.0101588716368e-11 1.70791158993211e-11 1.48000500743706e-12 1.08335562742923e-12 1.15298881553372e-12 4.97678565025694e-12 7.005473978694e-12 6.26863005948053e-12 6.75243194692143e-12 7.59877716305368e-12 1.4165002504285e-12 6.6809890952868e-13 1.12666542761986e-12 1.95299332261811e-11 1.79062320526668e-12 1.56833435127623e-12 1.90286675305629e-12 2.21177520742799e-12 2.95252711168814e-13 2.48800979818498e-13 1.68098868158495e-13 2.42816877715768e-13 7.32058857977336e-13 5.54922774398392e-13 7.57904849990609e-13 4.99766894535014e-13 7.67368391052514e-12 6.81084078024696e-12
0 0 0 0 0 0 0 0 0 0 0 0 0 0 0 0 0 0 0 9.99200722162641e-17 1.16906484493029e-14 3.68061137123732e-13 1.95988780760103e-12 3.61632945811152e-12 5.22002441272207e-12 1.06389452803057e-11 8.16527956359892e-11 1.04215933660612e-09 7.43064498820445e-12 1.24807719714681e-11 1.50710555146816e-12 1.74982250911171e-12 8.96693830299e-13 7.2551631369322e-12 1.4596512887266e-11 1.61578528334871e-12 1.75018888270984e-12 3.31547012066835e-12 1.96423988185757e-12 1.70226055473677e-12 2.151767652947e-12 6.65301147506625e-12 4.86048978842746e-12 4.59332571978166e-12 2.81892287290475e-12 3.10232950440081e-12 6.62471189016856e-12 2.84803292061042e-12 4.49007497849152e-13 5.51059198272696e-13 4.32365254710021e-13 1.28289601164511e-12 5.78901371284246e-12 7.3842820746961e-12 1.49608103683363e-12 1.6211587627879e-12
0 0 0 0 0 0 0 0 0 0 0 0 0 0 0 0 0 7.7715611723761e-17 2.4535928844216e-15 8.32889313073792e-14 4.90141260911514e-13 1.22868382135266e-12 2.87467827320143e-12 5.71818148387138e-12 9.30345800398413e-12 6.55950849193232e-12 4.87253237757557e-11 2.79124168223177e-11 2.4197432946238e-11 6.30219210151495e-12 6.60684840170234e-12 2.24539276061364e-12 7.93143328792212e-12 3.65071417540719e-11 1.47347689605226e-12 6.99285074290401e-13 6.16381390372567e-12 2.66088262534936e-12 1.81666903742439e-12 5.19951859345724e-12 6.97653046444202e-13 4.07107680899799e-13 6.43174402625846e-13 5.6018634175814e-12 6.03260774667547e-12 3.27831095603415e-12 8.27071744424757e-13 5.35338440244004e-13 3.94284604965378e-13 3.97137878138665e-13 1.33038025040833e-13 1.48711376546373e-11 1.68353331275739e-11 6.09290395914286e-13 2.68207678288945e-13 1.60100044332978e-11
0 0 0 0 0 0 0 0 0 0 0 0 0 0 1.22124532708767e-16 4.88498130835069e-16 4.22994972382185e-15 3.19189119579733e-14 4.95403718048237e-13 9.76640990302258e-13 7.13427095178076e-12 3.72226693912125e-12 1.84648296652767e-11 2.21950013923333e-11 1.39749212202389e-11 1.68396074862187e-11 6.72167210780117e-10 1.2680945182808e-11 8.72432126541867e-12 2.69775979333531e-11 9.61820623146537e-12 7.83841880291902e-12 1.81659243203569e-11 9.50604039928749e-12 2.33119856751784e-11 6.01274585676492e-12 3.2001179484098e-12 3.62955221433481e-12 2.56502596940322e-12 4.44091430296112e-12 6.40976161037088e-13 4.5440318174883e-12 4.00357524910078e-13 4.37849756451669e-13 1.88959958791202e-13 4.68525218622062e-13 7.8598016983733e-12 8.32909297088236e-12 1.55300217130616e-12 7.02649050055015e-13 4.30241398063913e-12 1.71894609657386e-11 1.87493465197974e-11 6.31628083169744e-13 3.05866443284231e-13 2.35352848321213e-12
0 0 0 0 0 0 0 0 0 0 0 0 2.22044604925031e-17 1.33226762955019e-16 9.10382880192628e-16 9.19486708994555e-14 2.3090418466154e-13 7.26385618321501e-13 1.67529323746862e-12 3.43040040817755e-12 5.09409181503884e-12 5.62988544672294e-12 3.42566808253508e-10 1.987388031921e-12 2.2632895557706e-12 1.36574640485776e-10 6.82836898135975e-11 3.62193941505495e-11 8.0527885218018e-05 1.28542732014125e-12 1.10598419311714e-11 1.81480497296604e-11 1.62991287133707e-11 2.39147257552474e-11 1.32581545742028e-10 7.0413075370368e-11 3.16887627249685e-12 1.70643499330936e-12 1.69556590989828e-12 7.22132353914162e-12 1.11720632745005e-12 9.51519973924064e-12 3.56641383092438e-12 1.28619337402824e-13 6.15396622549724e-14 1.35269573320329e-13 6.43745057260503e-12 7.0638050964078e-12 1.06862629856153e-11 1.03745900759122e-12 1.44593892414946e-11 2.42049935650357e-11 3.76090159015519e-11 2.95438118413927e-11 6.97486512990508e-13 1.46281875501586e-12
0 0 0 0 0 0 0 0 0 0 0 0 1.4432899320127e-16 6.46149800331841e-15 6.01740879346835e-15 1.4201972931005e-13 1.23704380072809e-12 2.20847784504485e-12 3.64408503372715e-12 5.48470158179271e-12 9.58332302403164e-12 1.43335010527323e-11 4.28618363024213e-11 1.75429670790095e-12 3.95830035415656e-12 1.77896264386135e-10 5.44983391748133e-11 3.89357879271302e-11 9.12575570666263e-12 7.9659945306787e-12 1.04006137036095e-11 7.22125692576014e-12 6.29716168099037e-11 4.73907579845445e-12 1.81799686416184e-11 1.55710888627425e-10 4.85468554245472e-11 4.02914701602697e-11 3.42058603663986e-12 3.808187098997e-12 5.25504639803387e-11 2.05049421886372e-11 1.2196776921769e-11 4.74684735962683e-12 3.59834384511259e-13 1.67686975416359e-12 1.13109521748811e-11 1.76949899177714e-11 1.59735780158599e-11 7.34290406256832e-13 3.98162502968091e-11 2.88314927487932e-11 2.36863084701611e-11 1.53996926322009e-11 8.32678370699114e-12 2.67241784257521e-13
0 0 0 0 0 0 0 0 0 0 0 1.22124532708767e-16 5.80646641878957e-15 1.87960758069039e-14 3.02202707302968e-14 1.64368518795754e-13 2.66079380750739e-12 4.09343670071394e-12 8.40821856584739e-12 1.58503099534357e-11 1.58105195602332e-11 2.17310391903425e-11 3.91186083525952e-11 1.97812100033445e-11 3.82661680120577e-11 3.1069952166618e-10 1.71615499588995e-11 1.19968368572643e-11 2.25225393890582e-12 1.0875966793833e-12 1.0055511978635e-12 1.58778545866767e-12 2.58913224193691e-11 1.12262754647929e-11 2.75690581474919e-12 8.78900063838728e-11 8.00325583583117e-11 4.39835168286606e-11 3.89602350381324e-11 3.27332050353846e-11 2.5592405972219e-11 2.52273313350315e-11 2.16226481164483e-11 1.74954051246345e-11 1.44253498035596e-12 2.16601403479899e-11 9.37243616050409e-12 5.65195668045249e-12 1.75285896908406e-11 1.24863452910517e-12 1.65120361828031e-11 3.2657121451507e-11 2.18350226788289e-11 1.11708975403246e-11 1.23400956120179e-11 2.37602271191406e-11
0 0 0 0 0 0 0 0 0 0 3.33066907387547e-17 5.96189764223709e-15 2.63788990650937e-14 3.63931107472126e-14 1.19615428673114e-13 9.0409901787325e-13 3.34942074076139e-12 5.91995341636675e-12 8.52811155027666e-12 9.40771904822668e-12 1.08687281397124e-11 1.85316206824382e-11 2.4430790723784e-11 2.7209012820606e-12 2.06060057905688e-11 2.68417177373692e-10 8.90657547714113e-12 1.62885260834855e-12 8.2661877343071e-12 1.74351311166276e-11 2.08526529377195e-12 2.26251239965336e-12 3.84240417261594e-12 1.45831124953588e-12 2.34944563803907e-10 1.24165355774863e-10 2.70010014347122e-10 6.25902218942542e-11 4.86984119696388e-11 4.93767138287637e-11 4.3321957132747e-11 3.93663213138495e-11 2.88648549506831e-11 2.59778198952176e-11 2.86227930246241e-11 3.88461152134312e-11 8.53873638462233e-12 2.50018117320394e-11 2.75126810223014e-11 7.40874028792859e-13 1.12821973985433e-12 3.6723601937183e-11 3.3496827533952e-11 1.43143386033273e-11 1.42559297700018e-11 3.04667180373031e-11
3.77475828372553e-16 4.44089209850063e-17 0 0 0 0 0 0 0 2.22044604925031e-17 2.1316282072803e-15 1.72861724934137e-14 2.82773804372027e-14 8.37663272079681e-14 2.37343478204366e-13 1.2780443370275e-12 2.95661273241876e-12 4.45635750523365e-12 1.0891432200566e-11 7.84402542919338e-12 1.44493417231217e-11 1.43386413853364e-11 1.66420655034472e-11 2.6981561429551e-11 4.35238733942356e-11 1.43077516501222e-10 6.09856609656845e-11 5.43057043778106e-11 1.07587105890872e-10 1.42423517424106e-11 1.8768353537979e-11 8.42960146130167e-12 3.2862934595812e-12 2.00883754075676e-12 1.55629309439576e-10 1.62870306130714e-10 1.24108545662693e-10 1.05922004500769e-10 7.59054818999516e-11 9.66364099852513e-11 8.96344998224663e-11 7.47649719912147e-11 4.91516383149815e-11 3.11831116484029e-11 4.06711220257705e-11 4.13131862053717e-11 4.15216638849358e-11 5.6466420428336e-11 4.16814249781794e-11 1.76642034332986e-12 1.81454851144736e-12 2.54751775230488e-11 2.50306109172982e-11 4.03829081285778e-11 1.32516109196956e-11 3.16135451150501e-11
