Maxent_result_files_1/Bombus_distinguendus_2.asc
NCOLS 594 
NROWS 330 
XLLCORNER -15 
YLLCORNER 23 
CELLSIZE 0.166666666666667 
NODATA_value -9999 
[rows 210 to 230 of 330, columns 414 to 459 of 594]
8.62741970195202e-05 3.88612951610412e-05 4.66291372504202e-05 9.76382845692569e-05 0.000158333799481625 0.000174189187237062 0.000235607961076312 0.000219943030970171 0.000314063586120028 0.000287009372550528 0.000249539896321949 0.000290510627382901 0.000296951211930718 0.000303117641306017 0.000290327619586606 0.000315889292687643 0.000390484277158976 0.000505631271516904 0.000498124811565503 0.000547597993863747 0.000571893708547577 0.000511831691255793 0.000445663763093762 0.000375074965995736 0.000379112915834412 0.000391405791742727 0.000388840056257322 0.000399626058060676 0.000124371700076154 0.00083852035459131 0.000843246109434403 4.52817781479098e-05 0.000547615197137929 0.000559815621818416 0.000727967626880854 0.000912567175691947 5.68303610634757e-05 6.4080040101544e-05 0.000132303537975531 0.000109080346737755 0.000109819182398496 0.000109058923408156 0.000150726618448971 0.000133085556444712 0.000122879053378711 0.00012332669866737
5.59350355615607e-05 2.57871137364418e-05 5.94441817156621e-05 0.000107229167042533 0.000119935696420725 0.000139818050956819 0.000154821816249751 0.000170057237119181 0.000184815558895934 0.000196793011855334 0.000169245184224565 0.000189284275984392 0.000201897269289475 0.000200972052698489 0.000195885170251131 0.000210433101165108 0.00024368609447265 0.000225706360652111 0.000249421344778966 0.000273296650266275 0.000338188705791254 0.000366298720473424 0.000373632606351748 0.000347314724058379 0.000310274813091382 0.000274649502534885 0.000269238447071984 0.000188903625530656 0.000127978000523399 0.000235137146955822 0.000415775805595331 0.000274355067813303 0.000331503285269719 0.000309022684814408 0.000720368869951926 0.000122757977846943 8.07968706794782e-05 0.000120610165322432 9.36386426474201e-05 8.10185490990989e-05 8.63919707626337e-05 9.7046114387922e-05 9.46957705309615e-05 8.41956752992701e-05 8.95768404006958e-05 6.08742182521382e-05
3.30417007717188e-05 3.15944391331868e-05 7.45212812034879e-05 8.70354655489791e-05 7.81018748966744e-05 0.000113197217433481 0.000143341419607168 0.000132155508617871 0.000123805969633395 0.000127228785277111 0.000117390310333576 0.000121554494398879 0.00011256882280577 0.000108911869028816 0.000122895529057132 0.000122934173123213 0.000138245748530608 0.000131315202452242 0.000143153379030991 0.000149807043635519 0.000160770547518041 0.000219299824675545 0.000238154362887144 0.000195887693553232 0.000169749531778507 0.000127079060621327 6.17069461441133e-05 5.87314349104418e-05 9.92136152490275e-05 0.000332547930884175 0.000223470423225081 0.000149934847286204 0.000339200592134148 0.000176944695704151 0.000119594722491456 8.36820730910404e-05 7.31841686501866e-05 7.27349230146501e-05 8.76163056091173e-05 8.78762628417462e-05 6.98857729730662e-05 7.99792462203186e-05 6.67643067572499e-05 5.90030700550415e-05 4.85940416183439e-05 4.72588524644379e-05
3.12006932290387e-05 4.14695550716715e-05 5.76476231799461e-05 5.95874324062606e-05 8.44907412101748e-05 9.37235497985966e-05 0.000117076550668571 9.81238918029703e-05 9.92122666502837e-05 9.37435070227366e-05 9.22437087865546e-05 9.58354532485828e-05 7.99424622528022e-05 6.31441071163863e-05 7.53949847421609e-05 8.82847041793866e-05 7.22794036846608e-05 8.29726941447007e-05 0.00011731517224689 0.000114440180914244 9.67424333794043e-05 9.2201905863476e-05 0.000167774066358106 0.000112635401455918 0.000113648806291167 0.000109653569961665 7.31427517166594e-05 0.000219359842594713 0.00022252706985455 0.000371070763503667 0.000667422465630807 0.00015314425327233 0.000479191912745591 0.00018104074842995 6.77565130899893e-05 4.73862488433952e-05 5.71394939470338e-05 6.53142185910838e-05 5.82061689783586e-05 6.48127221211325e-05 6.23406031081686e-05 5.39896354894154e-05 5.2916874847142e-05 5.17763804964488e-05 3.77955231670057e-05 3.45959741025581e-05
3.32034194798325e-05 4.40987279944238e-05 4.73605687147938e-05 4.84789279653342e-05 6.25051230599638e-05 6.5876577355084e-05 7.88744066085201e-05 6.28806123131653e-05 7.94413757830625e-05 7.89811751019443e-05 8.0225167403114e-05 7.21119497029576e-05 6.63267801428447e-05 6.34538930171402e-05 6.4613589347573e-05 7.61995037464658e-05 8.42193574499106e-05 8.39659198391018e-05 7.57873363909312e-05 6.55433752399404e-05 5.36212879655995e-05 0.000133885081595508 8.70477811986348e-05 7.95608262706082e-05 9.90548927802593e-05 9.83199861366302e-05 8.7420026466134e-05 6.01313091465272e-05 5.95206460275222e-05 0.000170615597744472 0.000310169327713083 0.000332360537868226 0.000335974030167563 0.000521093125280458 7.31961327406161e-05 1.63991901775074e-05 3.38594589265995e-05 3.43119436365669e-05 6.29616566584445e-05 6.36139957350679e-05 5.54026675672503e-05 6.09726772381691e-05 4.76180739497067e-05 4.1461593900749e-05 2.93089342449093e-05 2.96229267405579e-05
4.07027029723395e-05 4.49212386229192e-05 4.87684639665531e-05 5.00467014717287e-05 6.00977080466691e-05 5.4869408995728e-05 6.18197762378259e-05 7.00170887284912e-05 7.7547689943458e-05 7.13402634573868e-05 6.45843952952418e-05 5.594254580501e-05 5.55935133888852e-05 5.67496510484489e-05 5.4370171710616e-05 6.46546861389652e-05 7.74005500716157e-05 7.20145915693138e-05 6.08119924436323e-05 6.45287744191592e-05 6.89030273861135e-05 5.17150670930278e-05 5.49626118299784e-05 6.16594821622129e-05 6.68806216708617e-05 7.32874104869552e-05 4.46243244368816e-05 2.30250455416581e-05 2.88949822788709e-05 0.000140247700255713 0.000201511604973348 0.000163894147408428 0.000324837422522251 0.000249697106482927 0.00040287908850587 0.000325749620242277 0.000294437432603445 2.18430905079003e-05 4.30479876740719e-05 5.44317674211925e-05 5.75458383536898e-05 5.42912042874377e-05 4.97358649226953e-05 3.41679460689193e-05 2.91129364995868e-05 2.33096810916322e-05
4.76668505059896e-05 3.42501411523699e-05 4.80934029837954e-05 4.92156572363456e-05 4.02701598432031e-05 3.95062683310243e-05 4.5699747352046e-05 5.25128438312095e-05 5.96521949773887e-05 5.97353522607591e-05 5.00727288454073e-05 4.72587817057502e-05 5.0745956832543e-05 4.92329465487273e-05 5.19292720127851e-05 5.49585034605116e-05 6.66668220219435e-05 5.67878218134865e-05 5.17340977239655e-05 5.20329743267212e-05 5.12056826664775e-05 1.7545727223478e-05 2.1630530955008e-05 3.01626577311254e-05 3.78425145754591e-05 4.39880543126492e-05 4.23737967139459e-05 3.51236025380786e-05 2.57202789725852e-05 8.19819099888264e-05 5.79335151996929e-05 2.80715074040927e-05 4.57475639841221e-05 0.000122303665466461 0.000371109210027498 0.000269097341151792 0.000279581568975118 2.58133797160553e-05 6.15873072092654e-05 1.25095381008578e-05 1.55068592903262e-05 4.7386002188432e-05 1.65627927071199e-05 2.20845995499985e-05 1.94654861843446e-05 1.80697696123389e-05
4.98269642775995e-05 3.44021030514341e-05 4.21334489173031e-05 4.09748068705085e-05 3.87073328965926e-05 3.92322028346825e-05 3.54053065166227e-05 4.3182045010326e-05 5.17808504810091e-05 5.1277273814776e-05 4.38461935118539e-05 4.04993053962244e-05 4.06966828450095e-05 4.39896144598606e-05 4.7018434634083e-05 4.57043519418221e-05 5.11996939167147e-05 4.30366349974065e-05 2.73145582468715e-05 2.47526039856893e-05 4.51399314897571e-05 4.47296634320082e-05 2.73082645435352e-05 1.71499774296535e-05 2.72133647740702e-05 2.22465141632711e-05 3.76236705051269e-05 2.93233526463155e-05 2.46010359660431e-05 3.35959758103854e-05 3.00157163110271e-05 2.84426848338626e-05 2.58708687397302e-05 2.8931971402435e-05 0.000257968501136929 6.19577193447185e-05 0.000192843261720554 0.000228910238365643 6.73905571602518e-05 2.25029910325247e-05 5.20950148256816e-05 7.11728525857325e-05 1.80018279820615e-05 1.80884201654408e-05 1.66637068105047e-05 1.32303596274141e-05
4.47174004875706e-05 2.93933973807725e-05 3.86504848818969e-05 4.06600074711605e-05 4.21445958636579e-05 3.68554699889501e-05 3.49406451277901e-05 3.62651628165622e-05 4.07987059588777e-05 4.5654529822059e-05 3.82359274226474e-05 3.60020108928438e-05 3.17199193887063e-05 3.39818516295054e-05 4.03893589464133e-05 4.09376911193249e-05 4.26982613134896e-05 3.58444665835123e-05 2.37788866797928e-05 1.95533115402213e-05 2.91259821096901e-05 2.09731676477531e-05 1.21623384984559e-05 1.42660463097855e-05 2.00524452338868e-05 2.09642073969007e-05 2.79629939541337e-05 2.41313397964404e-05 2.01934421056649e-05 1.55959864059696e-05 1.54637117702805e-05 1.67709767083579e-05 1.66810896189418e-05 2.02627237740671e-05 6.0322682838887e-05 4.78913722645302e-05 0.000154102559645253 0.000160697243154573 0.000184140418059542 0.00016295430232276 6.89424326992594e-05 4.82226118037943e-05 4.01893272282905e-05 1.75641604073462e-05 1.22345259114809e-05 1.01672480013804e-05
-9999 3.13893432576151e-05 2.69512593149557e-05 2.60077805251058e-05 2.75057107501198e-05 3.72165051885531e-05 3.8645325730613e-05 3.58984449121635e-05 3.53612136677839e-05 2.77110191746033e-05 3.20824485243065e-05 2.36305751059263e-05 2.05883890885161e-05 2.45834680754342e-05 3.35890144924633e-05 3.52521909007919e-05 3.373240797373e-05 2.4832846611389e-05 1.9612261257862e-05 1.5371524841612e-05 9.76584792624635e-06 8.29141981739667e-06 9.24608252717007e-06 1.27594872537884e-05 1.27919441183622e-05 1.39928216412954e-05 1.52907407937164e-05 1.19486117455381e-05 8.68756933414261e-06 1.13055262318085e-05 1.16346059712669e-05 1.1302403981972e-05 1.16745704417553e-05 1.41031976454542e-05 1.55986144818598e-05 1.47447919971455e-05 1.27366305775922e-05 0.000136218192710658 3.96834626467002e-05 0.000143765956090647 0.000306094097322784 7.22684777558102e-05 4.60942006611731e-05 1.41642402013531e-05 1.12868833184621e-05 9.51947922658292e-06
-9999 -9999 -9999 1.85407096068957e-05 1.56905291532894e-05 1.42750043778506e-05 2.39794820117822e-05 3.00868710837676e-05 2.55524120802875e-05 1.93142459465889e-05 1.10277190742636e-05 5.76474778881675e-06 8.48670679260977e-06 1.56886501827103e-05 2.31709970648808e-05 2.75362297543325e-05 2.71942180916085e-05 2.00805842723639e-05 1.40881933475612e-05 1.14007191314158e-05 7.54010031869257e-06 9.52760174186551e-06 9.01597759366268e-06 7.18496835361293e-06 8.56411438689975e-06 7.74055802139628e-06 7.15872838554787e-06 9.54091792664258e-06 7.52770797589619e-06 9.89513905551576e-06 1.01087640814512e-05 9.91407459878246e-06 9.85583669717016e-06 1.08202278170211e-05 1.07214498711983e-05 9.99026892714028e-06 1.07360438505566e-05 1.19759598419478e-05 1.60558945026423e-05 1.55350830027601e-05 4.13487282457936e-05 1.43171688711141e-05 3.46047623906998e-05 3.23174022926809e-05 2.07989568480116e-05 2.52951879701868e-05
-9999 -9999 -9999 -9999 2.39258200053882e-05 1.30793642256322e-05 1.92462734958099e-05 1.92026684999291e-05 2.05626355636923e-05 1.5566231786579e-05 1.02090576547198e-05 5.02884726074626e-06 5.2619341204263e-06 1.11079304133455e-05 8.81915666468558e-06 6.36827444395749e-06 1.5125718255149e-05 1.5260062446032e-05 1.1252952981522e-05 9.14782190193364e-06 6.26542284862808e-06 6.41431267922599e-06 6.44228941837355e-06 5.55863757654151e-06 4.01665168965337e-06 3.77084800220473e-06 4.47280372100067e-06 6.30977449418424e-06 5.8388669458509e-06 6.22265467882244e-06 7.20263119546871e-06 7.1732558808435e-06 7.79146030254196e-06 7.20000498404261e-06 7.31576571979531e-06 7.27369176729553e-06 7.46883099509432e-06 7.27420315342897e-06 7.83217287789739e-06 6.97529517310613e-06 7.65949303058733e-06 8.27372971343721e-06 8.25352192350692e-06 7.86330335813545e-06 2.49238951255393e-05 3.02659844237496e-05
-9999 -9999 -9999 -9999 1.96405961105484e-05 9.23526836231758e-06 9.35400676098652e-06 8.46556295073242e-06 1.31935095851077e-05 1.52565585267439e-05 1.19267871923512e-05 5.22233186757148e-06 4.13400859997637e-06 5.67748818411928e-06 4.83824353523232e-06 3.28567286942416e-06 7.6661944603984e-06 8.70179933372128e-06 9.06656619008572e-06 7.57863936087233e-06 5.4630977274428e-06 5.98313067712297e-06 5.05598545714747e-06 4.74695384582446e-06 3.83551115419323e-06 3.9144551692516e-06 3.87324894290941e-06 3.55310486384042e-06 4.00702822389576e-06 4.72497440568986e-06 4.87174513637001e-06 4.80763942505291e-06 5.18650640515261e-06 4.21477326995046e-06 4.50831345685243e-06 5.48597924989735e-06 5.49472574675747e-06 5.75932313040539e-06 5.94399803048873e-06 5.06249450609175e-06 5.96038307776325e-06 6.78985218200978e-06 7.0639029445374e-06 6.57207642689173e-06 6.00722412400501e-06 1.2895907912025e-05
-9999 -9999 1.33486373670166e-05 9.34108206820383e-06 5.40676096534298e-06 6.16849176822143e-06 8.46370676299557e-06 1.17315974421217e-05 1.0857472943826e-05 1.34271716433432e-05 1.13686767690524e-05 8.49559824018797e-06 6.70996482767805e-06 4.81645328136437e-06 4.69131001636924e-06 4.28469412554477e-06 3.92988171142861e-06 7.92371336046926e-06 6.51102991469088e-06 5.99994607455301e-06 5.5412684332623e-06 4.18209572217165e-06 4.37088930311802e-06 3.84296554329921e-06 3.41378911343782e-06 3.18517323876222e-06 3.20182462019147e-06 3.648976939985e-06 3.35857696427411e-06 4.038113183924e-06 3.92645993088081e-06 3.79523063429588e-06 4.00582622432921e-06 3.29856110781179e-06 3.78589379873562e-06 4.29118326792377e-06 4.68569357963133e-06 4.59738887457206e-06 5.14166814582495e-06 4.66989224605641e-06 4.96533591558546e-06 4.78839310744661e-06 6.1133749113651e-06 5.81080109895993e-06 5.26201320099062e-06 4.68803450530686e-06
9.41592825256521e-06 8.29669770610053e-06 1.00711527466046e-05 1.18028181077534e-05 9.5166714345396e-06 7.32163127850072e-06 9.41495004553872e-06 1.19902490496315e-05 9.00862628441246e-06 8.50301348691573e-06 8.28600223030662e-06 8.15061184766819e-06 6.61835895243712e-06 4.32808991490674e-06 3.85975578183206e-06 3.30413270148711e-06 3.66230702866233e-06 2.90648517875525e-06 5.00701290775396e-06 4.85625635064935e-06 4.01393020865726e-06 4.69807264380506e-06 3.36297973717592e-06 3.07388070268644e-06 2.89906935222461e-06 2.48592032221495e-06 2.63231689814347e-06 2.52047309459158e-06 2.7052571567765e-06 2.65503792888921e-06 2.72566317107703e-06 2.83796048279328e-06 3.02841238521978e-06 2.4041277999487e-06 3.37534530672201e-06 3.447197332207e-06 3.79298959387597e-06 3.65952371339517e-06 3.90183722629445e-06 4.09167755606177e-06 4.23839892391698e-06 4.36212983458972e-06 4.40408994109021e-06 4.51118366981973e-06 4.10504978844983e-06 4.00035844450031e-06
2.81589743167387e-06 4.76624800285208e-06 4.94946673370578e-06 5.84705674100405e-06 4.69286405859748e-06 3.96205676906902e-06 5.38104054612631e-06 8.73125893576798e-06 8.14571133105346e-06 5.94432599427819e-06 7.93534836702747e-06 6.57936559491645e-06 6.66356152123626e-06 6.07762451636518e-06 4.64485079874066e-06 1.56846225536356e-06 2.08832179282581e-06 3.03971905850631e-06 3.59489170023153e-06 3.54774257402823e-06 3.39272581868499e-06 3.17000419727265e-06 2.94176106763189e-06 2.74560379693867e-06 2.09093948342343e-06 2.37163726524159e-06 2.00688927520787e-06 1.8098373459452e-06 1.93103103924841e-06 1.96347367591443e-06 2.0740685556575e-06 2.08920375257549e-06 1.45219285556664e-06 5.81221416240396e-06 1.79087874566664e-06 2.62586451640345e-06 2.87633188236214e-06 2.91517933419527e-06 2.88839211748382e-06 3.2424999972136e-06 3.38922500304761e-06 3.54639870465689e-06 3.37333182187649e-06 3.26111313597721e-06 3.33413702264806e-06 3.31615202640023e-06
2.95852482850023e-06 1.83337532462247e-06 1.66221120707633e-06 1.95981188539918e-06 2.68724912757534e-06 2.42748508298973e-06 1.76256771737826e-06 2.54933250403155e-06 3.06927540805191e-06 3.88695608535272e-06 5.44295210147538e-06 5.50671431938099e-06 5.47451252259634e-06 6.53741089990945e-06 4.62047993323722e-06 3.58033826159954e-06 2.63679461341981e-06 3.34577265448388e-06 3.3307838748442e-06 3.52176198248344e-06 2.90485370442184e-06 2.54346515475845e-06 2.46459644017705e-06 2.50682870728269e-06 2.26665604259324e-06 1.501989964936e-06 1.42919370773598e-06 1.41472584687108e-06 1.36273620228167e-06 1.40802174541932e-06 1.45957998824997e-06 1.52035176483878e-06 1.56278040037705e-06 4.20696767733375e-06 1.13033306439192e-06 1.86829050221604e-06 2.21156112729659e-06 2.35530653753813e-06 2.26213018663657e-06 2.73972864306415e-06 2.84934092178446e-06 2.76185711527432e-06 2.73491918960644e-06 3.06862506249672e-06 2.89559274051499e-06 2.70800171620067e-06
5.60557086828339e-06 4.64347057231862e-06 3.81401121103408e-06 1.79093215422199e-06 7.86945405195638e-07 7.54436749161869e-07 1.63362153955404e-06 2.06008897976062e-06 2.05805166615391e-06 2.04915962171981e-06 3.30808293256268e-06 3.53809253965665e-06 3.74733435819508e-06 5.47323861610494e-06 4.68195546545758e-06 3.3051775290005e-06 2.41334283259675e-06 2.48644273028731e-06 2.6054611453219e-06 2.70641901352064e-06 2.75768447863811e-06 2.22437749357596e-06 2.44485738676303e-06 2.14392286466136e-06 1.78064934743816e-06 1.59457123913853e-06 1.37859562983067e-06 1.31235680100872e-06 9.45931111573373e-07 1.1637408306342e-06 1.0284220053336e-06 1.29639292367756e-06 1.38075968720841e-06 1.41041922745444e-06 1.28687263765137e-06 1.47006409328965e-06 1.60814916512209e-06 1.71684664564964e-06 1.29321744850586e-06 2.16881810501945e-06 2.32725255955302e-06 2.39490306626067e-06 2.42168512158969e-06 2.31185510983778e-06 2.41077895566377e-06 2.04307855256047e-06
9.0083539276975e-07 1.89458817203558e-06 6.35897936263063e-06 3.10365773543708e-06 2.53051463232623e-06 1.92602061019898e-06 1.80496620316717e-06 1.41130132931266e-06 1.05752549046656e-06 1.51862675750181e-06 1.90006932712095e-06 2.06187281719394e-06 2.15778703136493e-06 2.05714490562059e-06 2.07210526923518e-06 1.75287120214307e-06 9.54484636395137e-07 9.53929868785508e-07 1.51991145571628e-06 1.93481801602502e-06 1.84883502925004e-06 1.88458895991062e-06 1.78621270947588e-06 1.69914006278304e-06 1.88855328246973e-06 1.72190347029755e-06 1.5703560336533e-06 1.34659772470513e-06 1.12688204296774e-06 1.08562609568708e-06 1.1408387223355e-06 1.13321486310269e-06 1.03244388753865e-06 1.19340360811293e-06 1.25564734503314e-06 9.18145914696744e-07 1.15663714552738e-06 1.17874130083351e-06 1.28975233030237e-06 1.28367737382007e-06 1.76103470437283e-06 1.89853226970627e-06 1.95401146925178e-06 2.00362917439634e-06 2.11570757073787e-06 1.79529248498511e-06
3.55129014195654e-07 4.53624172536138e-07 8.64490380081406e-06 1.91828282368078e-05 4.89559320158151e-06 3.05821951087637e-06 1.36067580740473e-06 1.41342997039828e-06 1.04748580440628e-06 1.07893204415177e-06 1.00721895250899e-06 1.14857935216151e-06 9.09187308195669e-07 8.98374545954539e-07 9.27911796111402e-07 1.92494071382665e-07 3.89310908133211e-07 7.01924970769596e-07 8.51323906658763e-07 1.48648494757708e-06 1.52156454475971e-06 1.68321682849637e-06 1.41504136763615e-06 1.47000155550359e-06 1.74348705854754e-06 1.6658894082866e-06 1.57709821451135e-06 1.36733706881387e-06 1.21336465781496e-06 1.13742471512523e-06 1.0119332330305e-06 9.89374780147045e-07 7.13535433760626e-07 8.34358021961634e-07 9.17338599037976e-07 9.22975191064435e-07 1.08103259748304e-06 9.9509210542692e-07 9.50503616337084e-07 2.85857792441391e-06 5.08710353912534e-06 1.51029981054762e-06 1.69357572303852e-06 1.76836343257492e-06 1.7708199095523e-06 1.83158351774182e-06
3.97145740294036e-07 9.44699824856343e-07 3.43926625646418e-05 7.97646333012381e-05 8.59146514358144e-06 3.08457721303057e-06 1.06886681123797e-06 1.07844007004587e-06 7.64068181524635e-07 8.45722466635834e-07 8.99247484653643e-07 9.01512464679399e-07 9.64422629579076e-07 1.00079231231121e-06 7.38631011643065e-07 6.86990262011022e-07 8.78939249560062e-07 9.24165189530868e-07 1.19556582660607e-06 1.374947183308e-06 1.52267118096461e-06 1.43609832434777e-06 1.52229643504143e-06 1.55461984263638e-06 1.51478564589524e-06 1.52077403186013e-06 1.4744385339327e-06 1.27770673543637e-06 1.23104981639699e-06 8.6906340754922e-07 1.00168193455374e-06 7.09929773279328e-07 7.30590426201161e-07 7.57427028474922e-07 7.12902806299098e-07 7.2944142743836e-07 7.5781740633829e-07 8.3228032963234e-07 9.96353088567048e-07 1.09264425418587e-06 1.10220787519211e-06 1.23276252281812e-06 1.42000214395921e-06 1.46170517609789e-06 1.40769063250445e-06 1.53283642134738e-06
