Maxent_result_files_1/Bombus_schrencki_3.asc
NCOLS 594 
NROWS 330 
XLLCORNER -15 
YLLCORNER 23 
CELLSIZE 0.166666666666667 
NODATA_value -9999 
[rows 300 to 319 of 330, columns 225 to 269 of 594]
3.60258115108536e-06 2.43422537806737e-06 2.48495374250979e-06 2.54704395246108e-06 2.2697249534076e-06 1.65263317981612e-06 8.4940179974069e-07 9.25047496735942e-07 8.30156710662777e-07 4.91881141684303e-07 4.16749968223939e-07 2.75350493339488e-07 2.56976935730791e-07 1.8466291713537e-07 1.56109092586121e-07 1.4260877314598e-07 1.45181746624701e-07 1.33710352123728e-07 1.28828573409123e-07 1.27799123106342e-07 1.11244582967629e-07 1.24220676056552e-07 1.39421448253074e-07 1.63441791301011e-07 1.89433068698008e-07 2.60157067799582e-07 3.19567785567187e-07 3.76888339914672e-07 5.08914185815001e-07 5.71885947664441e-07 1.03613972797234e-06 1.00289911557638e-06 1.59074723882213e-06 3.12582491375224e-06 3.98627941109453e-06 5.56357840366672e-06 5.39872215199466e-06 6.68442714015782e-06 7.24556868192394e-06 6.87227928324319e-06 6.95272786401802e-06 6.90039095729844e-06 7.07997062932009e-06 6.99124186667177e-06 6.93906800677269e-06
4.01739513620214e-06 3.88587908446425e-06 2.37164740184426e-06 2.2841164124543e-06 2.29672140648063e-06 2.22360893928908e-06 1.26529868964553e-06 8.40296839754728e-07 9.95519209823215e-07 8.54530931349018e-07 5.08263375209594e-07 4.14504579993036e-07 3.27464146465672e-07 2.69073003522635e-07 2.25129851472161e-07 1.9768539623044e-07 1.63398208385956e-07 1.37186903970132e-07 1.39259386067181e-07 1.41714049028963e-07 1.51814873916578e-07 1.79149527212985e-07 1.83570956480139e-07 2.14141196863693e-07 2.45771110840565e-07 2.59829993254357e-07 3.46127334793778e-07 3.81634365353989e-07 5.43239269745754e-07 8.4582317612103e-07 8.71043828709617e-07 1.73781799048811e-06 2.54365133400825e-06 2.65065213937987e-06 4.68197254406277e-06 6.90682003323673e-06 6.25751202392166e-06 6.9183657586791e-06 7.39635965203433e-06 7.62942132723765e-06 7.74577878530636e-06 8.93578379645987e-06 8.68991430138522e-06 7.40218823409577e-06 8.02007398021942e-06
4.00285238271181e-06 4.67422566998721e-06 4.06576513540813e-06 2.37518624004451e-06 2.28159017012786e-06 2.33667536519988e-06 1.92322513967724e-06 1.55375048578321e-06 1.01852775955535e-06 9.94348828697866e-07 9.30281854749637e-07 4.79051544033382e-07 4.3589865761362e-07 3.31499190053819e-07 2.7122428107873e-07 2.54796949406e-07 2.30153491997953e-07 2.07365405913151e-07 2.33205580357776e-07 1.98328870482101e-07 2.02528037718253e-07 2.15216699217535e-07 2.6297572510714e-07 2.37831694249735e-07 2.95439479458537e-07 3.25817383384219e-07 3.65495933607463e-07 5.91679133776779e-07 8.29904556809424e-07 8.66241236252563e-07 1.5908893459482e-06 2.23906427976317e-06 2.80621955681681e-06 3.88935168729176e-06 6.23027648884999e-06 6.54505370221159e-06 6.27965140154174e-06 6.62853756807635e-06 6.52201852915368e-06 7.80144640657454e-06 8.69158125169633e-06 8.92594278525394e-06 8.35870494029223e-06 7.44662676765984e-06 6.76555609970819e-06
4.02862471275967e-06 4.35301930679088e-06 4.59623842345991e-06 3.30055547550501e-06 2.26946815473639e-06 2.35843109948064e-06 2.44568759200092e-06 1.62187925099033e-06 1.05368600742395e-06 1.02865732358737e-06 1.03214154236753e-06 9.09699545559306e-07 4.76629500312242e-07 4.35322684566586e-07 4.41669589434923e-07 3.76541753155379e-07 2.80651162043455e-07 2.53506019021188e-07 2.55004342619714e-07 2.29333137369281e-07 2.68268886927103e-07 2.44936786231165e-07 2.9286143323759e-07 3.78435745673755e-07 3.3670094126137e-07 4.49011158210055e-07 6.318540421546e-07 8.14307718144391e-07 9.80409527784332e-07 1.2495991462913e-06 1.63591355573089e-06 2.41330766783676e-06 3.93894853516485e-06 4.86508427428589e-06 5.01308571614345e-06 5.65429899381797e-06 6.26955522307071e-06 6.68692181307051e-06 6.76856884354038e-06 7.06228772457962e-06 8.86611538533089e-06 9.57450321834585e-06 8.30422367243955e-06 7.47097142834718e-06 6.70990729645382e-06
3.61185536945641e-06 4.33946707403265e-06 4.58724544643019e-06 4.33151672467602e-06 2.40959713551092e-06 2.41163403558176e-06 2.52129109270527e-06 2.18562892797536e-06 1.56647494051754e-06 8.62821176639272e-07 1.05480737317976e-06 1.03760890795002e-06 8.97961333379271e-07 5.07083910505912e-07 3.76367160370705e-07 3.56601089634978e-07 3.78174161497213e-07 2.74423474522223e-07 3.04201746104127e-07 3.5606644814834e-07 3.97591937328912e-07 4.00463853367228e-07 3.87114131328303e-07 3.66851795519096e-07 5.44153932935387e-07 7.58475530204805e-07 7.1411081705719e-07 6.39774199839849e-07 5.47028625064172e-07 7.64036175127103e-07 1.73833851278005e-06 3.81046107236216e-06 9.74364162971142e-06 4.8225587761408e-06 5.22036459074116e-06 6.68444674829516e-06 4.85128570630877e-06 7.93219644776855e-06 7.96794785173915e-06 6.61704915501105e-06 9.36726252689368e-06 9.96230627663408e-06 8.54830026639775e-06 7.88404671254739e-06 6.82572196524234e-06
3.31556656618659e-06 3.83477651979547e-06 4.47788125370607e-06 4.73969013512487e-06 4.35065427666359e-06 2.51234818620105e-06 2.57876409079927e-06 2.45865183643446e-06 1.77851479890023e-06 1.40933587360337e-06 7.46795448947068e-07 7.81405302063831e-07 7.93376452179473e-07 7.17887886736435e-07 6.41456314554034e-07 4.54696578344738e-07 3.50620611300201e-07 3.71443449154185e-07 3.81797865145472e-07 4.41409662244041e-07 5.98888791358831e-07 3.92340075450193e-07 4.21077954371185e-07 5.56916934613127e-07 1.04125676259059e-06 9.01387563345679e-07 1.26969796809817e-06 6.02312472608446e-07 7.5446916056876e-07 1.56443765604308e-06 2.79136272922642e-06 6.90524194340014e-06 1.19616423546631e-05 4.77160717338165e-06 5.89790829650383e-06 7.05978028747722e-06 8.92621423247419e-06 8.29643662143553e-06 9.44662403981056e-06 1.07282521810248e-05 9.0150414848722e-06 9.74647354894387e-06 8.37398783346544e-06 7.95183290733803e-06 6.93552378834283e-06
3.34315626844273e-06 3.5772657483335e-06 3.95103896551063e-06 4.49562943174442e-06 4.84189726961404e-06 3.82872048731997e-06 2.57882004319754e-06 2.56054971288222e-06 2.30650005619282e-06 1.66824810960975e-06 1.38153622515347e-06 8.02093649099334e-07 7.44785379680479e-07 7.42442268375498e-07 7.2771080539269e-07 7.40751391958838e-07 5.47909494486021e-07 4.21842252151805e-07 3.88319722688379e-07 4.46878765458791e-07 5.2257404021816e-07 6.79926283453369e-07 9.93283397576761e-07 1.17857914005981e-06 1.1132958206872e-06 1.61339728634857e-06 1.28011783218085e-06 8.89098492251605e-07 1.41894188914193e-06 2.92104330981147e-06 4.92871467372424e-06 5.95402909624454e-06 7.16384747931897e-06 5.10014520642699e-06 6.3733993954429e-06 6.09993664681951e-06 6.46048391530485e-06 3.86537099839046e-07 9.10664232378622e-06 8.6141608790058e-06 9.00086995443417e-06 1.05140663663406e-05 8.30525211483746e-06 8.55002013224748e-06 8.81427597505535e-06
3.32879258451158e-06 3.3927367638853e-06 3.82069528654938e-06 4.04146481400858e-06 4.34102031476868e-06 4.93203646527718e-06 4.07334759557898e-06 2.51598432612354e-06 2.61696802681399e-06 2.45479462819276e-06 1.78373486718897e-06 1.4752485398617e-06 1.06371976045239e-06 8.8866273628696e-07 7.39049478681864e-07 7.76704129634709e-07 8.60553266335273e-07 7.43732826435917e-07 7.92583814757109e-07 9.18108867153933e-07 1.10257928369606e-06 1.24556813290155e-06 1.07012039691767e-06 1.30603674790564e-06 1.43887090899852e-06 1.40714953573706e-06 1.14498460987988e-06 1.74809241570983e-06 2.24017788923447e-06 6.84112424380601e-06 7.35511305265391e-06 1.26779183858616e-05 5.25559466382219e-06 5.60929908175467e-06 7.42083249178904e-06 6.06986213540495e-06 6.36270533362904e-06 5.28537937682927e-07 6.2895645260852e-07 8.33620039202287e-06 9.05299292810469e-06 1.24289420227797e-05 9.8024514500139e-06 8.56273689180398e-06 9.40064372230154e-06
3.3726692208802e-06 3.41301354609413e-06 3.69611565389505e-06 4.01714254252283e-06 4.0921655752868e-06 4.33423336545502e-06 5.01326800304014e-06 2.93069797550061e-06 2.72912705696626e-06 2.57938167038674e-06 2.40275122678213e-06 2.17178803296747e-06 1.72098900605988e-06 1.62360205067102e-06 1.06870279736881e-06 9.19366772222929e-07 9.42004326986989e-07 8.31548710777952e-07 1.01524493132388e-06 1.17702172062195e-06 1.14878764350124e-06 9.04536465640149e-07 9.76436341915132e-07 1.47810774677737e-06 1.68385458465536e-06 1.41333207324124e-06 2.03310916333521e-06 2.16733456568363e-06 6.64566041734815e-06 7.74070420845874e-06 1.64492611133937e-05 7.67149142575363e-06 6.14046944065194e-06 7.19523745544848e-06 6.13023213844599e-06 3.03434063724239e-06 1.3322487205869e-06 4.70412415154442e-07 1.90739301553222e-07 2.26106258764958e-06 4.97625275386326e-06 1.00731721545344e-05 1.24969996903701e-05 8.80926663739956e-06 8.09813778630542e-06
3.85401259563878e-06 3.45671022898841e-06 3.57177598289127e-06 3.90823699518705e-06 3.97887329057767e-06 4.14038822498242e-06 4.92492575858705e-06 3.48360830031425e-06 2.9697742959911e-06 2.73732403712756e-06 2.38966869403612e-06 2.41391466033747e-06 2.09491397669126e-06 1.85136253492146e-06 1.95556901729788e-06 1.05663402933942e-06 9.45096015669833e-07 9.70315932846688e-07 1.15253577135377e-06 1.21906361556512e-06 1.50631935156298e-06 1.44828641452932e-06 1.71878409247483e-06 2.09424963486526e-06 1.6974628636035e-06 2.31935361796332e-06 2.27559984011805e-06 6.41235098157722e-06 8.11341442386038e-06 7.32464000634536e-06 6.34211803287599e-06 6.41679194757216e-06 8.80400460516739e-06 9.6154116931757e-06 6.10384157084809e-06 3.02761981707533e-07 2.56740023996116e-07 2.10583318072111e-07 2.02825875028623e-07 7.07075792938383e-07 7.67378511739025e-06 6.30442449676139e-06 1.27139848245861e-05 1.05481022160347e-05 8.5642638310901e-06
3.88472639940574e-06 3.49037393050367e-06 3.57213322814687e-06 3.79497130893469e-06 4.18234607053591e-06 4.25279703790693e-06 4.63477884125041e-06 3.5943876682154e-06 2.39098219338985e-06 2.29999060650243e-06 1.9670993125942e-06 2.22044237432328e-06 2.27600455531274e-06 2.12726245791828e-06 2.55879668600301e-06 2.68594023111746e-06 2.01549091656261e-06 1.60288031310074e-06 1.51744909260287e-06 1.95821980213395e-06 2.03476121782842e-06 2.3935053917512e-06 2.75682661481369e-06 2.44572917296182e-06 2.29865726879552e-06 2.2792859866172e-06 2.73987165542167e-06 8.41696982831763e-06 8.27174825417387e-06 7.97222922699348e-06 7.17615377254788e-06 7.12660964268252e-06 9.82311404982283e-06 8.67490322491449e-06 1.12178403043117e-05 1.45808734295372e-06 2.1979095063962e-07 2.12238338859194e-07 2.14460069569711e-07 1.94277193221737e-07 3.39269834359612e-07 1.30005704903624e-06 6.55081412190839e-06 1.07664329107138e-05 9.68950056119411e-06
3.82414863508984e-06 3.54312805654899e-06 3.66820150645708e-06 3.85415567762948e-06 4.35743521904897e-06 4.36569333288617e-06 4.48313480774232e-06 3.40146622335169e-06 2.23096925822119e-06 1.87816251084882e-06 1.85689288585422e-06 2.26333157371528e-06 2.34152403777443e-06 2.26619716983123e-06 2.37517962204947e-06 2.93844812944144e-06 3.40804977270182e-06 3.11195350803928e-06 2.9898207799306e-06 2.93405954039372e-06 3.2142911592814e-06 2.98641719211901e-06 2.38622592121374e-06 2.19959432996575e-06 2.33839256651436e-06 2.29691165429813e-06 4.71452281658458e-06 7.9644583991012e-06 8.36090167695147e-06 6.9771167716226e-06 6.69199274909715e-06 8.49178059922906e-06 8.4130446623476e-06 9.24691890986651e-06 1.01359895239739e-05 9.90759921251083e-06 3.02899693451764e-06 8.51521432210234e-07 6.30048292116214e-07 5.03014603836505e-07 4.72536602558193e-07 4.5327375719495e-07 8.46379817787124e-07 1.82170766578338e-06 1.06575117825969e-05
3.89518133943056e-06 3.68558180667833e-06 3.898070353614e-06 3.59473368405361e-06 3.68408328910164e-06 5.42311093596481e-06 4.39134281009501e-06 3.45712073794857e-06 2.60609213853513e-06 2.73351401460786e-06 2.3908926394256e-06 2.19395950580292e-06 2.71870520407447e-06 2.07338961786263e-06 1.98226476584296e-06 2.12221492859044e-06 3.01770814132851e-06 3.59827636060572e-06 2.97165311451408e-06 2.78424923862985e-06 2.60037456740747e-06 2.48330448471279e-06 2.38330194690661e-06 2.29916085601189e-06 3.10222081196798e-06 3.97736760220369e-06 6.9349003751995e-06 7.58696555749339e-06 8.85820510916346e-06 8.56345096451605e-06 7.70348480045868e-06 7.97796126050798e-06 5.57466465522793e-06 8.06643927830919e-07 1.51054305996823e-07 2.49579694955315e-07 4.58470922097831e-06 1.34888740262795e-05 1.25216855821009e-05 1.18760760358327e-05 1.10277244743884e-05 9.23542089878993e-06 9.67486195406764e-06 1.01485493416931e-05 6.50524762590976e-06
3.93925774346826e-06 3.91480831041235e-06 4.53451244766256e-06 3.56793876363781e-06 3.75400008323368e-06 5.0106410910189e-06 3.89107185299054e-06 3.21046721296625e-06 2.52608745086036e-06 2.64595401517909e-06 3.68807566673013e-06 2.95588258865109e-06 2.32714467074402e-06 2.08840267248434e-06 2.12989796040119e-06 1.83648479890053e-06 2.21848325310248e-06 2.81366140910677e-06 2.53123568114688e-06 2.34374989247499e-06 2.30129154488168e-06 2.38159300209873e-06 2.4036061901711e-06 2.37866929069241e-06 5.47851055330284e-06 6.88646294975115e-06 6.96155317996272e-06 7.73488913523579e-06 8.14791976608831e-06 9.06778740557002e-06 7.99393502006751e-06 8.06768004224523e-06 3.65336662042637e-06 1.60162124132057e-06 1.55177768235149e-07 1.42218554888274e-07 1.31020063687259e-07 1.71154569557075e-06 4.63422184679985e-06 1.37757868401422e-05 9.61386901963124e-06 9.7293054182046e-06 9.6449041024016e-06 8.7692900649472e-06 1.04566409390827e-05
3.96113940581699e-06 4.31206009068319e-06 4.67729263959882e-06 4.36895618776134e-06 3.68284141245567e-06 3.64034819142489e-06 3.6639457249521e-06 2.78782590044102e-06 2.78649879703607e-06 3.26171437450284e-06 3.80064027467597e-06 4.28162004055821e-06 2.81352090922837e-06 2.30443635871325e-06 2.23981382561078e-06 2.01014844378733e-06 1.78795325354031e-06 2.12847085236945e-06 2.19552574378667e-06 2.23502009930598e-06 2.31063702358369e-06 2.40402634403836e-06 2.47457675470741e-06 2.63720491915365e-06 5.28383071696226e-06 8.03198346375211e-06 7.74902204057071e-06 7.50388228425436e-06 7.51753631220709e-06 8.19253833128641e-06 9.71420073483387e-06 7.88394798121317e-06 7.28198547790271e-06 2.27805221371113e-06 1.63039226208639e-07 1.50546848676214e-07 1.47610380585306e-07 1.43573103938976e-07 1.40724182084995e-07 5.6861506045891e-07 3.28134782634493e-07 1.64772305026872e-06 9.40667829922859e-06 8.46955450128917e-06 6.89405014497879e-06
5.23769975444566e-06 3.45886080879154e-06 3.60113809989571e-06 4.44297831023732e-06 4.15526558725787e-06 3.8962981051327e-06 3.94320172318885e-06 3.76842970837288e-06 3.52451402250153e-06 3.65258389649625e-06 4.27838588876739e-06 4.33232798116023e-06 4.61679017718097e-06 2.36617261180072e-06 1.89421928808997e-06 1.66665197696148e-06 1.52915639759499e-06 1.84113546310982e-06 2.29497542818535e-06 2.78353024327771e-06 2.48204885338055e-06 2.43307644609558e-06 4.00621528342526e-06 6.4240685361483e-06 8.58867898614335e-06 8.67222136946566e-06 8.17456745494383e-06 7.80399753352867e-06 7.62230071700287e-06 7.51665043594585e-06 1.01901030120644e-05 1.07128054509076e-05 7.93888166583656e-06 5.09507152059996e-06 1.67504137404961e-07 1.56035522236309e-07 1.59627349205493e-07 1.62403304138081e-07 3.17559456419758e-07 1.28247970909712e-07 1.13745794716458e-07 9.94975168699952e-08 7.83591729991429e-07 1.0256461462177e-05 6.46485011657205e-06
4.93995624282206e-06 4.48136972295288e-06 4.52059969830998e-06 4.23218953926607e-06 3.61052004507201e-06 4.29371436467818e-06 4.33802970860597e-06 4.27999336096718e-06 3.70412892891636e-06 3.24918912326666e-06 3.88146569605397e-06 3.98170725901537e-06 4.11016352899196e-06 4.52518314091321e-06 2.00057015433686e-06 1.59666936454528e-06 1.49009370389308e-06 2.12008813491593e-06 5.07928052968509e-06 7.45694441093292e-06 7.66286597695398e-06 8.06976962053341e-06 7.98242481323541e-06 8.36921945222002e-06 8.65470489088693e-06 8.91393982271893e-06 8.38070324675755e-06 7.95445033929809e-06 7.46713593571258e-06 8.4136582387373e-06 9.75302759229635e-06 1.03328309620565e-05 9.87603293083339e-06 4.50206192823543e-06 2.6961764296729e-07 1.5115169529345e-07 2.45858542591293e-07 1.60743718424783e-06 1.99943437051431e-07 1.41309491219488e-07 1.39834400325611e-07 1.33559879955669e-07 9.71907581970299e-08 7.35075883717684e-08 7.84174448487107e-08
4.61712086945454e-06 4.30359668115443e-06 4.22413422143109e-06 4.04726738452155e-06 3.3570597366861e-06 4.17048343877013e-06 4.64590014672694e-06 4.06227342466536e-06 3.35011200149893e-06 3.11251670979118e-06 3.54199098779873e-06 3.8216486458964e-06 3.88794189660757e-06 4.40980053753037e-06 4.76952339170111e-06 2.18137481624581e-06 1.61952054469339e-06 2.69442790425956e-06 6.31155586177101e-06 7.24311373687669e-06 7.46616889841789e-06 8.26810585579096e-06 8.58865865325242e-06 8.71704944245266e-06 9.02182704862753e-06 9.25524329886684e-06 8.80510556839909e-06 8.35850997304988e-06 8.11915850817968e-06 8.92064218476207e-06 9.02149528769769e-06 9.81405353854825e-06 9.13697854230122e-06 5.55309607221943e-06 3.09236096196486e-07 1.68721730187116e-07 2.06660652191104e-07 1.62229631328614e-07 1.68385656618142e-07 2.06938703950499e-07 1.5972742111181e-07 1.46327746231023e-07 1.26616153606207e-07 1.07393657478028e-07 1.02176514049646e-07
4.54472167490394e-06 4.5505006639246e-06 4.37806137796315e-06 4.29084977326966e-06 3.68045103442682e-06 3.51016781792168e-06 3.71556678402385e-06 3.50112269558167e-06 3.08043659202895e-06 3.0189196152719e-06 3.51494235957261e-06 3.88962954787075e-06 4.13479542515915e-06 4.5667497516888e-06 4.76249379914862e-06 5.10072629822389e-06 3.28046114077551e-06 4.38840813785646e-06 6.24040286254513e-06 6.80217666797489e-06 7.87043807974896e-06 8.31806775352106e-06 9.38502017504561e-06 9.03864897736639e-06 9.67511106750862e-06 9.83380564889558e-06 8.82449531047769e-06 7.9235605227268e-06 7.66965279694887e-06 7.50361814993994e-06 7.14150349097054e-06 7.25330480406683e-06 9.57508850376598e-06 9.09377279185719e-06 4.77374894103377e-07 1.79028669000658e-07 1.71066734111491e-07 1.6344485382902e-07 7.38638446229345e-07 7.31460924185967e-07 2.98273973342589e-07 1.42604130548563e-07 1.29726197561908e-07 1.29115300051552e-07 1.21021801735566e-07
4.74109528880717e-06 4.99378595435473e-06 5.13884964590261e-06 4.99854461253335e-06 4.87788245067122e-06 3.75446139599944e-06 3.5319310200066e-06 3.21632681163919e-06 2.83342788947039e-06 3.04353509221755e-06 3.68214538468692e-06 3.98300591513134e-06 3.76629762826042e-06 3.86893229631369e-06 4.18980786491829e-06 3.71185365395377e-06 3.46002778854881e-06 6.02495634893785e-06 5.93508539168397e-06 6.6327287470358e-06 7.92508780875778e-06 8.19552338953144e-06 8.3649960515686e-06 9.10166428127468e-06 9.65955619847136e-06 8.85300992479188e-06 8.65216087220233e-06 8.3959194171257e-06 7.26049636057269e-06 6.91988632581797e-06 5.97544343747813e-06 5.79698320848365e-06 5.99566102437166e-06 7.15510991824431e-06 2.06008298135885e-06 2.68481769438722e-07 3.69881690343021e-07 3.51699737564104e-06 7.06714013176679e-06 2.09188179383091e-06 2.60318760592071e-07 1.33629280441028e-07 1.39524887021736e-07 1.32638221206349e-07 1.17420029877024e-07
