Maxent_result_files_1/Bombus_distinguendus_2.asc
NCOLS 594 
NROWS 330 
XLLCORNER -15 
YLLCORNER 23 
CELLSIZE 0.166666666666667 
NODATA_value -9999 
[rows 168 to 188 of 330, columns 138 to 183 of 594]
0.494631433486938 0.5862369120121 0.469350612163544 0.683715432882309 0.719681859016418 0.684359329938889 0.67620575428009 0.585322552919388 0.119203300774097 0.569151467084885 0.72472168803215 0.713981759548187 0.550660920143127 0.600528663396835 0.410557889938355 0.426660570502281 0.677345538139343 0.655527174472809 0.159164015948772 0.527639734745026 0.383263272047043 0.710103452205658 0.667575162649155 0.584678785502911 0.623752963542938 0.74527114033699 0.606844085454941 0.615014982223511 0.762203347682953 0.44036545753479 0.452941620349884 0.470893657207489 0.624737417697906 0.517903023958206 0.215025007724762 0.466691762208939 0.464361691474915 0.410600012540817 0.348082184791565 0.40457966029644 0.508248126506805 0.280884662270546 0.419491690397263 0.517079490423203 0.35144807100296 0.295281463861465
0.669968098402023 0.221935980021954 0.426541006565094 0.472076708078384 0.411788874864578 0.560638850927353 0.3063462048769 0.596409767866135 0.520306712388992 0.718963670730591 0.524595165252686 0.601576542854309 0.701068037748337 0.654537844657898 0.431318727135658 0.326706477999687 0.58673220872879 0.735760241746902 0.671381574869156 0.396664977073669 0.463219809532166 0.829053753614426 0.41378345489502 0.74049836397171 0.758637034893074 0.745705968141556 0.575343799591064 0.756576871871948 0.408678770065308 0.564974212646484 0.475406873226166 0.703659719228744 0.690215718746185 0.71899653673172 0.666170459985733 0.772153830528259 0.671302276849747 0.34479768872261 0.299763181805611 0.416832467913628 0.558393692970276 0.401893073320389 0.518101650476456 0.402406021952629 0.364691996574402 0.383616292476654
0.654946964979172 0.36372592151165 0.563351881504059 0.392149144411087 0.583392357826233 0.208361625671387 0.189479023218155 0.365002748370171 0.678185695409775 0.584661418199539 0.760213047266008 0.475456562638283 0.302876144647598 0.469081509113312 0.506338053941727 0.594698756933212 0.613034147024155 0.765134477615356 0.672407823801041 0.688754266500473 0.660149902105331 0.438556498289108 0.733762872219086 0.634075629711151 0.751134639978409 0.337847426533699 0.584737753868103 0.538108021020889 0.439500558376312 0.627324497699738 0.606492680311203 0.494574439525604 0.385116985440254 0.460702264308929 0.499269181489944 0.544807797670364 0.390669864416122 0.418747127056122 0.56561866402626 0.54547889828682 0.411006835103035 0.465489721298218 0.379850077629089 0.401243591308594 0.641082954406738 0.688273203372955
0.586295837163925 0.489381486177444 0.397549852728844 0.408258435130119 0.642354559898376 0.286536678671837 0.583231449127197 0.333031398057938 0.677419531345368 0.482200908660944 0.686260718107224 0.649473965167999 0.500747117400169 0.615193670988083 0.38907762169838 0.384717440605164 0.63536810874939 0.619508856534958 0.796814507246017 0.76412747502327 0.576034170389175 0.433117225766182 0.600931400060654 0.724076241254807 0.698847091197968 0.573361426591873 0.627717012166977 0.506313872337341 0.52201629281044 0.639204424619675 0.416617256402969 0.689364433288574 0.337163066864014 0.427148616313934 0.426077634096146 0.554899555444717 0.344919261336327 0.333186078071594 0.585058897733688 0.596470272541046 0.678802502155304 0.440281072258949 0.515136098861694 0.639630234241486 0.415736758708954 0.718146604299545
0.652403599023819 0.515588527917862 0.391101056337357 0.380857905745506 0.663649380207062 0.672266411781311 0.663055557012558 0.661285221576691 0.622353380918503 0.707767969369888 0.62889706492424 0.285746961832047 0.515043389797211 0.637644952536191 0.597306084632874 0.70932645201683 0.370494031906128 0.305028867721558 0.776903772354126 0.597899186611176 0.673333877325058 0.333505597710609 0.382241979241371 0.348766675591469 0.723767685890198 0.693558430671692 0.478849875926971 0.677349716424942 0.495378291606903 0.541082292795181 0.507063329219818 0.438949644565582 0.319160929322243 0.501424592733383 0.402579140663147 0.683256947994232 0.645396369695663 0.418361672759056 0.657475805282593 0.389727085828781 0.662014406919479 0.396642354130745 0.532682687044144 0.517188996076584 0.667643356323242 0.429813161492348
0.331898245215416 0.265521508455277 0.407842674851418 0.541525667905807 0.662694764137268 0.492873924970627 0.612762629985809 0.569031536579132 0.617666465044022 0.269051694869995 0.687640476226807 0.394372141361237 0.710983854532242 0.525937163829803 0.514311617612839 0.438268452882767 0.582354074716568 0.622298085689545 0.386077538132668 0.347523576021194 0.40228676199913 0.358037760853767 0.467198008298874 0.476661401987076 0.678183728456497 0.645381242036819 0.462270611524582 0.373857891559601 0.330849206447601 0.51780509352684 0.544384360313416 0.623659312725067 0.450618603825569 0.355162054300308 0.471436363458633 0.439099991321564 0.413740491867065 0.605871200561523 0.750732916593552 0.590714782476425 0.497156065702438 0.509380435943603 0.585395705699921 0.561551636457443 0.446351808309555 0.434024527668953
0.305224922299385 0.284221035242081 0.574003183841705 0.592542332410812 0.649038589000702 0.604415082931519 0.598787975311279 0.655028337240219 0.572056949138641 0.522747081518173 0.444982507824898 0.322145891189575 0.676445084810257 0.436247247457504 0.641031348705292 0.479181677103043 0.4161985039711 0.390252292156219 0.32917200922966 0.442282646894455 0.276981195807457 0.345783072710037 0.316235426068306 0.688636684417725 0.648575693368912 0.644210249185562 0.405248746275902 0.745912283658981 0.400056275725365 0.633182805776596 0.511930978298187 0.309043350815773 0.379775360226631 0.256356003880501 0.320441547036171 0.373960024118423 0.404289224743843 0.339320546388626 0.682258450984955 0.695678043365479 0.559889996051788 0.573129463195801 0.570397436618805 0.416896536946297 0.467063319683075 0.388159000873566
0.402109870314598 0.505664205551147 0.390932115912437 0.468173450231552 0.643642234802246 0.521690702438354 0.748101198673248 0.785813856124878 0.549932676553726 0.572642266750336 0.624676108360291 0.449313688278198 0.635035705566406 0.35471755862236 0.315506121516228 0.321538147330284 0.705504667758942 0.609705293178558 0.305753576755524 0.685895067453384 0.666800779104233 0.680572825670242 0.61391886472702 0.546240931749344 0.376167178153992 0.411202347278595 0.411368235945702 0.336249670386314 0.460077944397926 0.60130085349083 0.352421632409096 0.30647486448288 0.270319554209709 0.459898442029953 0.252580624818802 0.333750352263451 0.206567116081715 0.659230607748032 0.458569520711899 0.397600314021111 0.498824590444565 0.712729799747467 0.52360377907753 0.471295815706253 0.472580397129059 0.463983410596848
0.396053928136826 0.250973160564899 0.298453459143639 0.497577679157257 0.660501503944397 0.621526008844376 0.651059192419052 0.636619400978088 0.279005032777786 0.196769469976425 0.387713983654976 0.540523844957352 0.551336425542831 0.701763522624969 0.720988273620605 0.611881130933762 0.584235805273056 0.498267126083374 0.345600298047066 0.697481799125671 0.582924199104309 0.659145897626877 0.627856773138046 0.450301074981689 0.679106163978577 0.690174382925034 0.667782932519913 0.567306470870972 0.372275173664093 0.240589210391045 0.318043011426926 0.42376843392849 0.553971254825592 0.29831255376339 0.228692968189716 0.250575143098831 0.309961828589439 0.389068558812141 0.443416258692741 0.481763422489166 0.552600413560867 0.325756368041039 0.497962158918381 0.563414204120636 0.339006832242012 0.28490631878376
0.305033946037293 0.374297344684601 0.528905466198921 0.557206165790558 0.549699360132217 0.64882407784462 0.324259784817696 0.346003875136375 0.212142588198185 0.472795486450195 0.354493874311447 0.710231482982635 0.711092156171799 0.68456797003746 0.558399975299835 0.310399103164673 0.568131464719772 0.624614840745926 0.593006724119186 0.424947249889374 0.492153584957123 0.393097943067551 0.696362578868866 0.637648302316666 0.40318144261837 0.463299116492271 0.545638167858124 0.523580914735794 0.625064373016357 0.590576893091202 0.228121483325958 0.637212628126144 0.386354105547071 0.253162935376167 0.196470953524113 0.229740507900715 0.27025134563446 0.592145162820816 0.416293424367905 0.292550238966942 0.269246977567673 0.365976852178574 0.42072468996048 0.381380850076675 0.231137870252132 0.523978543281555
0.137129510939121 0.218570373952389 0.471787935495377 0.640503108501434 0.449342846870422 0.466874200105667 0.649822968244553 0.491503572463989 0.246154588460922 0.139501750469208 0.597364443540573 0.681988573074341 0.648885023593903 0.326537737250328 0.541227173805237 0.308990702033043 0.455434942245483 0.657075756788254 0.40515912771225 0.64739106297493 0.587608009576797 0.698752200603485 0.770827865600586 0.670269066095352 0.379465234279633 0.326211673021317 0.610955011844635 0.577375262975693 0.549001216888428 0.552267700433731 0.567548775672913 0.262260726094246 0.476532751321793 0.271459524333477 0.285291847586632 0.449833479523659 0.580564886331558 0.593844938278198 0.599989902973175 0.582610487937927 0.263048195838928 0.25556089580059 0.670366179943085 0.51960916519165 0.419047272205353 0.590604877471924
0.152327889204025 0.246487462520599 0.756789769791067 0.708661615848541 0.667423230409622 0.39986654818058 0.417640706896782 0.656379723548889 0.615629065036774 0.487512123584747 0.637967413663864 0.372728925943375 0.344919094443321 0.343174296617508 0.354282599687576 0.448564583063126 0.5536261677742 0.609325921535492 0.485574519634247 0.581799751520157 0.613966953754425 0.75882214307785 0.533945488929749 0.477887541055679 0.237717571854591 0.402529799938202 0.265662249922752 0.602677816152573 0.354250603914261 0.246753326058388 0.298877486586571 0.208689801394939 0.278111016750336 0.42702833712101 0.435119879245758 0.467610198259354 0.5541863322258 0.31331804394722 0.598355448246002 0.403962936997414 0.53850873708725 0.552338093519211 0.400483381748199 0.312577411532402 0.24571425318718 0.473546272516251
0.103484873473644 0.425088509917259 0.678464233771956 0.608913898468018 0.631061673164368 0.489591073989868 0.495831096172333 0.511267811059952 0.32669503390789 0.436822932958603 0.346211844682694 0.251917991042137 0.391208317875862 0.509479165077209 0.231951487064362 0.539782500267029 0.297356334328651 0.264286202192307 0.53961244225502 0.440825423598289 0.505495661497116 0.194705058634281 0.310090619325638 0.376625943183899 0.405484133958817 0.320859324932098 0.258194845914841 0.432065892219543 0.208263263106346 0.312106871604919 0.499633491039276 0.184101016819477 0.156060896813869 0.402127510309219 0.408006730675697 0.18650890737772 0.19424425214529 0.17939897030592 0.140629626810551 0.241556760668755 0.370826703310013 0.221994581818581 0.138090497255325 0.153224608302116 0.126718854159117 0.170035947859287
0.100077117234468 0.2846215903759 0.348159503936768 0.332521259784698 0.548205822706223 0.697530126571655 0.571217972040176 0.612076532840729 0.57017862200737 0.533291733264923 0.288795429468155 0.280642396211624 0.227460438013077 0.446263581514359 0.271314564347267 0.20390300899744 0.241526475548744 0.346933951973915 0.332495591044426 0.354433220624924 0.420663744211197 0.458547323942184 0.333411535620689 0.252487766742706 0.258773705363274 0.191396860778332 0.164028689265251 0.316011887788773 0.281319424510002 0.41679023206234 0.478965672850609 0.111788879334927 0.153610473871231 0.279856842756271 0.237527140974998 0.253333397209644 0.348952040076256 0.369398763775825 0.24240682721138 0.17071155756712 0.271842367947102 0.338515028357506 0.207458540797234 0.19980575889349 0.254320630431175 0.268111994862556
0.355608773231506 0.536276638507843 0.319591090083122 0.458193492889404 0.47445080280304 0.552781021595001 0.488372457027435 0.499252378940582 0.540290784835815 0.221573749184608 0.318077045679092 0.178463792800903 0.12236732840538 0.356186932325363 0.209265093505383 0.296698653697968 0.446217510104179 0.256926250457764 0.556696456670761 0.262094908952713 0.390821087360382 0.297446326911449 0.230747462809086 0.242889088392258 0.28697557747364 0.537782979011536 0.207457523047924 0.384384673833847 0.381061792373657 0.184876309335232 0.173868943750858 0.239851602911949 0.196903716027737 0.213298514485359 0.226786427199841 0.213348113000393 0.208008648455143 0.280732230842114 0.347066786885262 0.405102527141571 0.374926534295082 0.439687466621399 0.282337084412575 0.237740689516067 0.379823061823845 0.564187812805176
0.365244993567467 0.464879733324051 0.430353137850761 0.590468841791153 0.472605735063553 0.412311258912086 0.555054891109467 0.542787128686905 0.589865899085999 0.384663739800453 0.370939502120018 0.131908744573593 0.150982914865017 0.154989895224571 0.226476942002773 0.395639404654503 0.530202329158783 0.270971393585205 0.648582857847214 0.401895275712013 0.19243785738945 0.20641096830368 0.635361737012863 0.432147684693336 0.514598202705383 0.250553846359253 0.234565545618534 0.297332161664963 0.246078236401081 0.244451323151588 0.190689654648304 0.285170274972916 0.26591998487711 0.0943586707115173 0.136866586655378 0.231316997110844 0.2679971575737 0.233988201618195 0.412162071466446 0.210976488888264 0.330887317657471 0.373959445953369 0.69726350903511 0.668032854795456 0.488641613721848 0.362842231988907
0.262905272841454 0.278727439045906 0.274082019925117 0.419277912378311 0.387356203794479 0.370946717262268 0.141025400161743 0.15151337236166 0.345215103030205 0.50131633579731 0.347773391008377 0.203499491512775 0.195811706781387 0.271677097678184 0.153442427515984 0.296646082401276 0.545021915435791 0.360583558678627 0.332342487573624 0.617710131406784 0.688782912492752 0.490157341957092 0.215911021828651 0.346396255493164 0.179645681381226 0.190010882914066 0.222553600370884 0.182080370187759 0.0735069710761309 0.270120912790298 0.232987979054451 0.270800702273846 0.174840757250786 0.109957765042782 0.098091696947813 0.103035525977612 0.0951548650860786 0.154388426244259 0.211814002692699 0.363005343079567 0.632425558567047 0.421451047062874 0.49652915596962 0.257128828763962 0.0983544684946537 0.232178366184235
0.140014035999775 0.341157990694046 0.165097109973431 0.238142822682858 0.311627069115639 0.0713654827326536 0.0771902296692133 0.136426870524883 0.332641068100929 0.462916713953018 0.171062007546425 0.323743206262589 0.198356974124908 0.147014473378658 0.258656612038612 0.497675812244415 0.212442451715469 0.213207791745663 0.0371103152632713 0.0827576622366905 0.435780784487724 0.0744247337803245 0.0685296697542071 0.0649212710559368 0.0416681921109557 0.0394427482038736 0.0314082121476531 0.0387783588841557 0.0326212431304157 0.0317332089878619 0.127798830717802 0.0350578947924077 0.0325706347823143 0.12435480132699 0.188043414056301 0.207310083508492 0.215816123783588 0.275456821918488 0.243519125878811 0.285670104622841 0.306020793318748 0.270120400190353 0.427575299143791 0.123209045827389 0.46961952149868 0.062618400156498
0.261005035042763 0.179689371585846 0.128229226917028 0.0843238603323698 0.0446314940229058 0.0102970900479704 0.0225856487639248 0.0300657480023801 0.166304184496403 0.563951599597931 0.193914416432381 0.301290926337242 0.057141231931746 0.0387400029227138 0.165500615537167 0.254946547746658 0.02685321951285 0.0606652818620205 0.0780813928693533 0.143318221718073 0.567062526941299 0.306253463029861 0.0694088809192181 0.177875691652298 0.0662313051521778 0.124276557564735 0.140527634322643 0.241065169870853 0.179287156462669 0.201296155154705 0.180367462337017 0.157177770882845 0.126500687003136 0.179380260407925 0.130152414739132 0.160096588730812 0.246505928039551 0.196743275225162 0.237401579320431 0.303807872533798 0.154434239864349 0.215869243443012 0.480471605062485 0.081865232437849 0.184494045376778 0.124783600121737
0.31116669178009 0.323644801974297 0.104443802684546 0.0847019497305155 0.0633463155478239 0.0296899759210646 0.104213982820511 0.164845187962055 0.236946983635426 0.189584013819695 0.175667680799961 0.102566503733397 0.130970560014248 0.156929057836533 0.159021639078856 0.303720536828041 0.0789567213505507 0.0979838110506535 0.250291546434164 0.658774727582932 0.403616634011269 0.683777296543121 0.666326773166656 0.758972477912903 0.435546752810478 0.23404231518507 0.214466290175915 0.227584864199162 0.41716074347496 0.338175624608994 0.195561328530312 0.283590099215507 0.385889941453934 0.296478337049484 0.236323375999928 0.245838579535484 0.14531861692667 0.195283055305481 0.295037335157394 0.187984475493431 0.126920516788959 0.336001241207123 0.349693885445595 0.112133347243071 0.0848168283700943 0.315438684821129
0.18694851025939 0.1565778657794 0.143012576177716 0.201946829259396 0.144391438364983 0.0398035692051053 0.0256367297843099 0.0736103843897581 0.124716348946095 0.202597115933895 0.131592097878456 0.123619886487722 0.180081064999104 0.237037153542042 0.0292179412208498 0.135039886087179 0.172190010547638 0.417652735114098 0.7462118268013 0.545300400257111 0.748468202352524 0.59199982881546 0.324807542562485 0.2096021682024 0.217264607548714 0.219449010491371 0.339286828041077 0.233723784983158 0.38203746676445 0.337555181980133 0.152150721848011 0.162829476594925 0.116360895335674 0.108227229118347 0.39061498939991 0.421167987585068 0.143346011638641 0.397086870670319 0.336127501726151 0.143623630702496 0.182043574750423 0.0903647445142269 0.114919166266918 0.0804136410355568 0.0498389951884747 0.357605975866318
