Maxent_result_files_1/Bombus_pascuorum_2.asc
NCOLS 594 
NROWS 330 
XLLCORNER -15 
YLLCORNER 23 
CELLSIZE 0.166666666666667 
NODATA_value -9999 
[rows 160 to 179 of 330, columns 460 to 505 of 594]
0.00080267918528989 0.000765165063785389 0.000684865470975637 0.000894912838703021 0.000634943036129698 0.000625782081624493 0.000582764411228709 0.000571088877040893 0.00057591189397499 0.000573093371349387 0.000583906754036434 0.000569952445221133 0.000535891225445084 0.000545146586955525 0.000529937466490082 0.000437391339801252 0.000450223500956781 0.000478215588373132 0.000513784511713311 0.000506760634016246 0.000488552803290077 0.000540848431410268 0.000566960326978005 0.00061582840862684 0.000838068110169843 0.000833353103371337 0.000860504584852606 0.000817427184665576 0.000775293947663158 0.000682301778579131 0.000722649751696736 0.000871361023746431 0.000831166771240532 0.000777197460411116 0.000793493440141901 0.000633463572012261 0.000644923042273149 0.000632464524824172 0.000621375773334876 0.000663986470317468 0.000670899223769084 0.000685983221046627 0.000721773639088497 0.000748913577990606 0.00097044634167105 0.000919211929431185
0.000740206928458065 0.000699477852322161 0.000640132225817069 0.000598499225452542 0.000578134990064427 0.000570003766915761 0.00057393002207391 0.000598810106748715 0.000614907385897823 0.000605569925392047 0.000589939855854027 0.000581245517241768 0.000566241933847778 0.000496313397889026 0.000472474086564034 0.000456967775244266 0.000419561684248038 0.000412915341439657 0.000598825098131783 0.000498095960938372 0.000459777444484644 0.00050208582833875 0.000539021278382279 0.000599813007283956 0.000637474900577217 0.00083989457343705 0.000816337153082713 0.00103953137295321 0.000816372461849824 0.000821902672760189 0.0008192946203053 0.000685075024375692 0.000823278090683743 0.000794937403406948 0.000605263884062879 0.000614064073306508 0.000663573056226596 0.000618337283958681 0.000618872229824774 0.000656763411825523 0.000716152368113399 0.000853814801666886 0.000801696500275284 0.000720937206642702 0.000685012538451701 0.000686631351709366
0.00068918049801141 0.000627832624013536 0.00057187961647287 0.000571608979953453 0.000573627979611047 0.000576604425441474 0.000596093680360354 0.000571702237357385 0.000519580251420848 0.000529118091799319 0.00059390468231868 0.00057888766459655 0.000519522422109731 0.000473233874072321 0.000447359550162219 0.000438212032895535 0.000412182143190876 0.000404478859854862 0.000433074959437363 0.000454885995713994 0.000477983494056389 0.00052484763727989 0.000596193555975333 0.000621905070147477 0.000642848579445854 0.00077926178346388 0.000798899366054684 0.000774094270309433 0.000832862261449918 0.000812686304561794 0.000806136796018109 0.000866645219502971 0.000873889564536512 0.000754856236744672 0.000688854407053441 0.000651180336717516 0.000651326891966164 0.000644489290425554 0.000673405604902655 0.000681876367889345 0.000707405968569219 0.000740934838540852 0.000716383452527225 0.000686895451508462 0.000691181683214381 0.00066281512263231
0.000637094239937141 0.0005754531302955 0.000538493599742651 0.000537439036997966 0.000496431303326972 0.000480100297136232 0.000533042685128748 0.000553928525187075 0.000479198293760419 0.000489289540564641 0.000529919360997155 0.000477250260883011 0.000465404943679459 0.000473984648124315 0.000455027184216306 0.000407985609490424 0.000364371834439226 0.000401853851508349 0.00039303838275373 0.000406103642308153 0.000421104172710329 0.00045258175523486 0.000510269787628204 0.000565168986213394 0.000615965254837647 0.000580296927364543 0.000806778768310323 0.000848164962371811 0.000914743612520397 0.000825734692625701 0.000869175663683563 0.000913183589000255 0.000737029500305653 0.000774173816898838 0.000804121146211401 0.000708071090048179 0.000644682452548295 0.00063899228698574 0.000646240427158773 0.000670763396192342 0.000674469594378024 0.000691794115118682 0.000663582107517868 0.000653000333113596 0.000617643966688775 0.000183728302363306
0.000576259609078988 0.000541664767661132 0.000517135648988187 0.000472030256059952 0.000445847751689143 0.000447725236881524 0.000465762650128454 0.000469923403579742 0.000434783467790112 0.000423558949842118 0.000487077241996303 0.000422633593552746 0.000399322301382199 0.000435322514385916 0.000380886055063456 0.000373181546456181 0.000339231910766102 0.000350765904295258 0.000409226270858198 0.000396297837141901 0.000387851332197897 0.000454618249204941 0.000551511641242541 0.000511061874567531 0.000460215634666383 0.000576020730659366 0.000627188230282627 0.000645903189433739 0.000885158381424844 0.000884819601196796 0.00093681292491965 0.0010105396155268 0.000861505494685844 0.000973389722639695 0.000723258970538154 0.000682250765385106 0.000638032465940341 0.000609858549432829 0.00061409001937136 0.000624161818996072 0.000615307269617915 0.000645462004467845 0.000186179704905953 0.000350874365540221 0.00020177945116302 0.000203574687475339
0.000528128031874076 0.000509041981422342 0.000476979539962485 0.000436036978499033 0.000412216750555672 0.000411163314129226 0.000414139396161772 0.000410053669475019 0.000377168421982788 0.00038950337911956 0.000408954446902499 0.000368238511146046 0.000369678071001545 0.000370714627206326 0.00047986154386308 0.000506127189146355 0.000320480034861248 0.000324693231959827 0.000401926320046186 0.000384463364025578 0.000446078431559727 0.00045676184236072 0.000431560192373581 0.000490154340513982 0.000432065245695412 0.000497741895378567 0.000582196286995895 0.000656427297508344 0.000709801347693428 0.000737297849263996 0.00103210915112868 0.00103455544449389 0.000747633457649499 0.000753904914017767 0.000699397991411388 0.000704464595764875 0.000671555142616853 0.000622149757691659 0.000618826699792407 0.000622953110723756 0.000641801807796583 0.000652123999316245 0.000214192942075897 0.000911430252017453 0.000262950465548784 0.000689107249490917
0.000507303350605071 0.000457403049222194 0.000427765198401175 0.000404792540939525 0.00038531122263521 0.000363521586405113 0.000378298413124867 0.000389526248909533 0.000359483616193756 0.00037240328383632 0.000366393005242571 0.000327385427954141 0.000315822078846395 0.000326870923163369 0.000429996111779474 0.000367475120583549 0.000306094573170412 0.000328203629760537 0.000342153580277227 0.000371126612299122 0.000366575177758932 0.000393713905941695 0.000549562583910301 0.000437059329124168 0.000568776854197495 0.000561663068947382 0.000597867311444133 0.000678853975841776 0.000718975334893912 0.000773669208865613 0.000802580249728635 0.00167241776362061 0.00105199259123765 0.000789434462785721 0.000734766823006794 0.000697740766918287 0.000689766649156809 0.000699799112044275 0.00069046386051923 0.000656811438966542 0.000660215393872932 0.000618238191236742 0.000311201810836792 0.000844957685330883 0.000216063982225023 0.000273977650795132
0.00042899941036012 0.000388876066426747 0.000376538766431622 0.000375589114264585 0.000359577068593353 0.000347434531431645 0.000325458936276846 0.000332600067486055 0.000347406501532532 0.000354955164948478 0.000347327408962883 0.000313587085111067 0.000299671448010486 0.000300291090388782 0.000390404104837216 0.000303009232447948 0.000298580732487608 0.000350349122891203 0.000446702362387441 0.000461652115336619 0.000723767135059461 0.000617332843830809 0.000420303730061278 0.000506036469596438 0.000643577787559479 0.000646860964479856 0.000678836338920519 0.000730890437262133 0.00075678700231947 0.000812996499007568 0.00085983935277909 0.000886959448689595 0.00085053369984962 0.000754854059778154 0.00072945089195855 0.000745373917743564 0.000776254036463797 0.000753092137165368 0.000742548162816092 0.000726085377391428 0.000720711017493159 0.000653255044016987 0.000512405682820827 0.000628371769562364 0.000608110538451001 0.000258792073873337
0.000377126107923687 0.000361067461199127 0.000354740035254508 0.000340745356515981 0.00034263500419911 0.000334643310634419 0.000313756622199435 0.000308804742235225 0.000310596384224482 0.000329376217268873 0.000326943848631345 0.000327578526048455 0.000310634239576757 0.000295769110380206 0.000295003822247963 0.000318510713987052 0.000303973298287019 0.000331179492059164 0.000380744697758928 0.000620050966972485 0.000581938721006736 0.000480611933744513 0.000604016703437082 0.000508201966295019 0.000538361188955605 0.000481916088028811 0.000487742017139681 0.000629584895796143 0.000786959216929972 0.000861169782001525 0.000893720547901466 0.00084131415351294 0.000808964751195163 0.000796267163241282 0.00079588963999413 0.000810573267517611 0.000836012820946053 0.000804130273172632 0.000787554157432169 0.000824700843077153 0.000803761708084494 0.00072368920664303 0.000727248104522005 0.000649720127694309 0.000622539751930162 0.000567624432733282
0.000370773443137296 0.000345478361123241 0.000332763920596335 0.000320211115467828 0.000318836800579447 0.000316675360954832 0.000308237112767529 0.000307338757556863 0.000304340467846487 0.000308250170201063 0.000325988081749529 0.000323057104833424 0.000296013355546165 0.000320635114621837 0.000307794449327048 0.000324513136001769 0.000325220929516945 0.000352977847796865 0.000181423059984809 0.000410759204532951 0.000481838817358948 0.000542730599408969 0.000681920436909422 0.000670603633625433 0.000643081124871969 0.000535836745984852 0.000452517470694147 0.00067034229869023 0.000825518189230934 0.000949692144058645 0.0010391105315648 0.000919203268131241 0.00091984961181879 0.000959796854294837 0.000871462072245777 0.000945545430295169 0.000894219888141379 0.000863864028360695 0.00088755366159603 0.000831469328841195 0.000772580964257941 0.000788201217073947 0.000822552316822112 0.000721530191367492 0.000643252913141623 0.000607857573777437
0.000361687413533218 0.000346633250592276 0.000306986340729054 0.000344684068113565 0.000305523491988424 0.000305299053434283 0.00031062186753843 0.0003051331237657 0.000317488113068976 0.000322258129017428 0.000317143004212994 0.000314129657635931 0.000311254164262209 0.000322231199243106 0.000336542678996921 0.000349479660508223 0.000349903173628263 0.000358483282616362 0.000369719020090997 0.00044028059928678 0.000538089903420769 0.000627125636674464 0.000698323320830241 0.000698367180302739 0.000677449081558734 0.000613489479292184 0.000511792546603829 0.000598292201175354 0.000749825563980266 0.000975015468429774 0.00111205516150221 0.00104087492800318 0.00100643222685903 0.00106685233768076 0.0010113648022525 0.00109890524181537 0.00105504015809856 0.00107467973139137 0.00096679845592007 0.000830267783021554 0.00083683404373005 0.000823175633559003 0.000762292061699554 0.000682055205106735 0.000627634485135786 0.00058790011680685
0.000328100170008838 0.000327722987276502 0.000307548754790332 0.000300639850320294 0.000298314912652131 0.000294233155727852 0.000306894328969065 0.000305842413217761 0.000315948585921433 0.000297561187471729 0.000326981116086245 0.000307482083735522 0.000320587662281468 0.000335664552403614 0.000356470202677883 0.000356383202597499 0.000358532299287617 0.000352537346770987 0.000380985421361402 0.000478647902491502 0.000578688565292396 0.000622947650845163 0.000614355230936781 0.000601886835647747 0.00062813980912324 0.000642400060314685 0.000549355798284523 0.000581261565093882 0.000741436629323289 0.000970936991507187 0.00103699076571502 0.00106911767506972 0.00114183201803826 0.00123945974046364 0.00108595166238956 0.00119009488262236 0.00114533742889762 0.00103866420686245 0.000968781998381019 0.000886029360117391 0.000862092495663092 0.000783900689566508 0.000746203993912786 0.000684638891834766 0.00068905470543541 0.000594344470300712
0.000320288268267177 0.000137005572469207 0.000288638271740638 0.000291500394814648 0.000298186358122621 0.000300242278899532 0.000286689869244583 0.000298383577319328 0.000297638830670621 0.000304086240066681 0.000323995226062834 0.000311114919895772 0.000328240840462968 0.00033486078173155 0.00034534138685558 0.00034308148897253 0.000363183481385931 0.000392809204640798 0.000437533078365959 0.000476646650349721 0.00050138010410592 0.000517198286252096 0.000567934350692667 0.000566823213011958 0.000562831354909577 0.000649678279296495 0.000561102258507162 0.000612907984759659 0.000709843239746988 0.000890464946860448 0.000984327535843477 0.00102320772712119 0.00123676037183031 0.00102870618575253 0.00106330441776663 0.001057849713834 0.00101957249571569 0.00110757356742397 0.000960283551830798 0.00081112893531099 0.00071117730694823 0.000711400981526822 0.000713355268817395 0.000707851094193757 0.00066664723563008 0.000584891074686311
0.00035216421529185 0.000278003037965391 0.000288090154936071 0.000179751775431214 0.000196928178775124 0.000291555079456884 0.000305993066285737 0.000307330653595272 0.000308537675300613 0.00030108558567008 0.00031210536690196 0.000313856464345008 0.000308569298067596 0.000311112147755921 0.000332987567526288 0.000354714531567879 0.00038344579807017 0.000413165817735717 0.000452539778780192 0.000457490209373645 0.000481720571406186 0.00046964603534434 0.000452902726829052 0.000466540679917671 0.000500983823440038 0.000620172108756378 0.000583659985568374 0.000572869923780672 0.000704290991416201 0.000889381486922502 0.00112156645045616 0.00115845832042396 0.00109002966783009 0.000951858452754095 0.00101107202353887 0.00102694864617661 0.000856466492405161 0.000867579132318497 0.000909652543487027 0.000797004101332277 0.000688592891674489 0.000753072823863476 0.000688216043636203 0.000676185439806432 0.000666511058807373 0.000666907243430614
0.000326163931458723 0.000219257459684741 0.00027865909942193 0.000268826587125659 0.000300045266340021 0.000302987378381658 0.000302571200882085 0.000307675678050146 0.000325911912659649 0.000304476179007906 0.000170145652373321 0.000314320305187721 0.000334182589722332 0.000325314996007364 0.000350079889176413 0.000390157211222686 0.000410168743110262 0.000423329984187149 0.000429885747143999 0.000423317635431886 0.000447306231944822 0.000460762268630788 0.000457885806099512 0.000440228037768975 0.000461498252116144 0.000514851079788059 0.000611594624933787 0.000635106401750818 0.00063016057247296 0.000829556165263057 0.000995407777372748 0.0011009968817234 0.00112624148023315 0.00103572343359701 0.000964938203105703 0.000984325673198327 0.000876454164972529 0.000785959785571322 0.000767608144087717 0.000771214795531705 0.000683202367508784 0.000655412414926104 0.000628645738470368 0.000625001531443559 0.000637599351466633 0.000676414364716038
0.000275010094628669 0.000269598727754783 0.000313979624479543 0.000292687724868301 0.000312088482314721 0.000332266434270423 0.00030753107421333 0.000311367388349026 0.000314083167177159 0.000310610930318944 0.000309925305191427 0.000318466863245703 0.000370545056648552 0.000337898600264452 0.00036158615257591 0.00037598974595312 0.000399421612382866 0.000410964735783637 0.000396545746480115 0.00040578993211966 0.000432215302134864 0.000450503302272409 0.000452293353737332 0.000438337333616801 0.000462260647327639 0.000475765106966719 0.000530914415139705 0.000631653310847469 0.000685661047464237 0.000820643216138706 0.000992177292937413 0.00130336849251762 0.00120737790712155 0.00100349867716432 0.000847896415507421 0.000877803436014801 0.00088503030128777 0.000817262480268255 0.000702521711355075 0.00072064763517119 0.000736670102924109 0.000637019160785712 0.000173779470060254 0.000620741164311767 0.000604288460453972 0.000588415301172063
0.000284320232458413 0.000288418718264438 0.000262810314598028 0.000301401760953013 0.000325340290146414 0.000379412015900016 0.000342345099488739 0.000289560272358358 0.000308635664987378 0.000322214355401229 0.000325083652569447 0.00034111323475372 0.000345291013945825 0.000354256154969335 0.000347861277987249 0.000353328173514456 0.000380369467893615 0.000400307078962214 0.000382139827706851 0.000391552376095206 0.000411694755894132 0.000433739036088809 0.000445811229292303 0.000419748821877874 0.000458147455356084 0.000499923431198113 0.000557309942087159 0.000661302864318714 0.000713607831858098 0.000831954396562651 0.00108655515941791 0.00143497788812965 0.00109112787176855 0.000913888093782589 0.000806609878782183 0.000748295744415373 0.000809209072031081 0.000796058628475293 0.000695293192984536 0.000690210703760385 0.000657340287580155 0.000665495390421711 0.000621737717301585 0.000619519565952942 0.000566908306791447 0.000518294840003364
0.000307401042664424 0.000317636918043718 0.000333521456923336 0.000320798528264277 0.000371998746413738 0.000276644664700143 0.00036272514553275 0.000165892916265875 0.000163686238374794 0.000107307342841523 9.60595672950149e-05 0.000329228305781726 0.000363665071199648 0.00035249829525128 0.000350994497421198 0.000356330009526573 0.000360842936788686 0.000386365043232217 0.000393020306364633 0.000401416161912493 0.0004039677180117 0.000416246350505389 0.000439588827430271 0.000425249637919478 0.000456197370658629 0.000527783195138909 0.00066540286061354 0.0007960312475916 0.000834169349400327 0.00096996821812354 0.00100469490280375 0.000981434527784586 0.000970295700244605 0.00086672002216801 0.000794011011021212 0.000744963309261948 0.000672248163027689 0.000641112987068482 0.000644330185605213 0.000644723608274944 0.000633682668558322 0.000656722893472761 0.000634894036920741 0.000587280781473964 0.000529666562215425 0.000484822611906566
0.000325127071118914 0.000324708204425406 0.000336314937158022 0.000338526202540379 0.000329359133320395 0.000341575845959596 0.000297492185200099 0.000264442611660343 0.000100587865745183 9.47951572015881e-05 9.36852469749283e-05 0.000123466246441239 0.000429280442767777 0.000268868877901696 0.000354225642513484 0.000355952573590912 0.000358713627792895 0.000370684533845633 0.000384108908474445 0.000394987614708953 0.000403457344509661 0.000416196524747647 0.000424262313754298 0.000446525175357237 0.000508219198673032 0.000560269664856605 0.000702944269869477 0.000891221943311393 0.00096116213244386 0.000990180252119899 0.000893716339487582 0.000830224045785144 0.000824422965524718 0.00074643503758125 0.000623304408509284 0.000687666196608916 0.000597080649458803 0.000552335905376822 0.000645739008905366 0.000672518386272714 0.000619840685976669 0.00066793609294109 0.000607385591138154 0.000527355560916476 0.000496726064011455 0.000475414958782494
0.000339622012688778 0.000350494883605279 0.000353258798713796 0.000350629285094328 0.000338940744404681 0.00032732299878262 0.00019539274944691 0.000119121175521286 0.000120116085599875 0.000127730997337494 9.6007103275042e-05 0.000345327687682584 0.000373050902271643 0.00036685599188786 0.00036439516406972 0.000354950162000023 0.000362408591900021 0.000357894058106467 0.000378043064847589 0.000391034170752391 0.00040473020344507 0.000421140302205458 0.000438745020073839 0.000493006469332613 0.000537195382639766 0.000602219306165352 0.000745405600173399 0.00081501646200195 0.000883343000896275 0.000876902061281726 0.000805200228933245 0.000696554931346327 0.000618965699686669 0.000629680213751271 0.000556118704844266 0.000498467520810664 0.000532186173950322 0.000593639718135819 0.000589323200983927 0.000532214369741268 0.000516380538465455 0.000507364020450041 0.000498053152114153 0.000488250574562699 0.000455224592587911 0.00040790023340378
