Maxent_result_files_1/Bombus_pratorum_2.asc
NCOLS 594 
NROWS 330 
XLLCORNER -15 
YLLCORNER 23 
CELLSIZE 0.166666666666667 
NODATA_value -9999 
[rows 80 to 99 of 330, columns 460 to 505 of 594]
0.00392859373241663 0.00295065979007632 0.00306292561581358 0.00204538068501279 0.0062578413169831 0.0148782858625054 0.00880323415622115 0.00999460387974977 0.00852338215336204 0.01809101710096 0.00787846287712455 0.012380207516253 0.0107033832464367 0.0107102565467358 0.00381406689994037 0.00658752652816474 0.0106809400953352 0.00439005978405476 0.0178458251990378 0.00741845229640603 0.00643805889412761 0.000811495963716879 0.000215075483720284 0.000473803034401499 0.000482255614770111 0.00111141654197127 0.0021610225434415 0.00133617982501164 0.00115991571801715 0.00148649599868804 0.00104730611783452 0.00510275918059051 0.00660705133341253 0.0100302439648658 0.00343274222686887 0.00204021940007806 0.00182562337722629 0.00118608191260137 0.00278645646758378 0.00177498194389045 0.00153408771147951 0.000808521575527266 0.00237297447165474 0.00244423145195469 0.00121046300628223 0.00117718040128239
0.0125586221925914 0.014585473574698 0.0122829933650792 0.00648640897125006 0.00468749613501132 0.012700105085969 0.00238463177811354 0.0021704739308916 0.00231734962435439 0.00277931285090745 0.00318854907527566 0.00604908373206854 0.0057431046385318 0.00461445148102939 0.0127443119883537 0.00341641544364393 0.0020521171274595 0.00452588796615601 0.0151853809133172 0.0102024246938527 0.00235963334562257 0.00228151303017512 0.000575782195664942 0.00036027122696396 0.000290672051778529 0.000279641115048435 0.00102441284689121 0.00109684132039547 0.00155620924197137 0.00689273909665644 0.0125303247012198 0.0124162015505135 0.0104932144284248 0.00200303154997528 0.00167853138409555 0.00217837603995576 0.00689327139407396 0.00221302426652983 0.000767501621157862 0.00204658609582111 0.00119849366601557 0.00476292257662863 0.00164210592629388 0.00147864088066854 0.0018453354947269 0.000799437405657955
0.00182682466111146 0.00112783634685911 0.013038394972682 0.0134437713772058 0.00519055270124227 0.00967241735197604 0.0100309123750776 0.003091627988033 0.00884025399573147 0.00436925529502332 0.00271588122704998 0.00661032036878169 0.00466646533459425 0.0107989776879549 0.00288210876751691 0.00384150680620223 0.00551004922017455 0.00816339734010398 0.0151630871929228 0.00455103730782866 0.00192786811385304 0.00537339462898672 0.000645003275712952 0.000214097183197737 0.000251999872853048 0.000537662382703275 0.00116268788697198 0.00249231375055388 0.00125973529648036 0.00171107107307762 0.0130692977458239 0.0129661454819143 0.00746944965794683 0.0117687316611409 0.00487739550881088 0.00866596125997603 0.00224700226681307 0.00282883351901546 0.00157672835048288 0.00212525179376826 0.0018641491769813 0.00148551180609502 0.00267754286760464 0.00234483742387965 0.00432277983054519 0.00244336383184418
0.00174633834976703 0.00555501808412373 0.010161017626524 0.00442194389179349 0.006471330486238 0.0125264521688223 0.0223271848633885 0.00298169695306569 0.00299876702483743 0.00179561652475968 0.0015209352131933 0.00414092680439353 0.012720981426537 0.00403987842146307 0.0101940292865038 0.00716899312101305 0.0293985679745674 0.705252379179001 0.00237410725094378 0.000655017970711924 0.00260828962782398 0.000762332516023889 0.00049263167893514 0.000307037802122068 0.00100243066553958 0.000229377268260578 0.00119066296610981 0.00119188021635637 0.00351836159825325 0.00835727923549712 0.0143215197138488 0.0106051993556321 0.00946346707642078 0.0158179411664605 0.0167092120274901 0.0106276848353446 0.0072578598279506 0.0141494400799274 0.00288946019718424 0.00179148762254044 0.00168056106194854 0.00298543770331889 0.00133737715659663 0.00217290107393637 0.00205513606779277 0.00179673096863553
0.00115348498220555 0.00588030880317092 0.0101436271332204 0.00392432145308703 0.00203111753799021 0.0109272047877312 0.00869549605995417 0.00617352507542819 0.00408078609034419 0.122663738578558 0.0312607325613499 0.00669275405816734 0.00515749240294099 0.00103871723404154 0.00112918418599293 0.0028472805977799 0.000963334925472736 0.000736817801953293 0.00101530288229696 0.0012222996505443 0.00049867645429913 0.000400602023000829 0.000692893110681325 0.000508240962517448 0.000771214163978584 0.000184042028558906 0.00196248205611482 0.00203601520042866 0.00848442683927715 0.0117836442776024 0.00892852549441159 0.0050819648662582 0.0107408029958606 0.00700150253251195 0.00680008213967085 0.0110272928141057 0.00544221228919923 0.00758653986267746 0.00968149285763502 0.00111510098795407 0.00104307128349319 0.00114536642213352 0.00120665159774944 0.00150130416732281 0.00132844174513593 0.00136614565271884
0.00329292010283098 0.00283952662721276 0.00258689904585481 0.0066562294960022 0.0111219713464379 0.0192410551011562 0.00807694606482983 0.00343669280409813 0.0114246405661106 0.00734867760911584 0.00990040702745318 0.0169897405430675 0.00373654256109148 0.00169259096146561 0.00170361376367509 0.00258583466056734 0.00100233827251941 0.000775494269328192 0.00130442301742733 0.000125210246187635 0.000934746384155005 0.000222407766705146 0.000340715385391377 0.000224056922888849 0.000118150546768447 0.000920778140425682 0.00135229083243757 0.00203836890868843 0.00144036596175283 0.00519834281876683 0.00464801446069032 0.00108497323817573 0.00116195012815297 0.00124733656994067 0.00118899592198431 0.00280630784109235 0.00163908425020054 0.00100841694511473 0.0016358557913918 0.00159150102408603 0.000425488532346208 0.000364299284410663 0.000621326520922594 0.000809491809923202 0.00110014849924482 0.00065298615663778
0.0184384304098785 0.031530542857945 0.0132728769443929 0.00111876445589587 0.00856727892532945 0.0203975912183523 0.0130946069955826 0.0109000537544489 0.0105658047832549 0.0170261879451573 0.0145751510746777 0.0154565914534032 0.0132110341452062 0.0212992196902633 0.018462267704308 0.00320797038730234 0.00474413943011314 0.00130078126676381 0.000796520680887625 0.000599913319456391 0.000678203697316349 0.000179239328281255 0.00024324789410457 0.00107704509282485 0.000322019327722955 0.00597286184784025 0.00839122915640473 0.00606185030192137 0.00105874629807658 0.00142650185152888 0.0066538667306304 0.00195319192716852 0.00212903352221474 0.00207119612023234 0.0012857758498285 0.000962730261380784 0.000501645052281674 0.000543700266280211 0.000544320308836177 0.000805221288464963 0.00188061359804124 0.00247876282082871 0.00354453914333135 0.00209767839405686 0.00264814709080383 0.00199996409937739
0.0261183088645339 0.021919618640095 0.0141497477889061 0.00215029211249203 0.00184546344680712 0.012147659342736 0.0216829465702176 0.00635645100846887 0.00461058306973428 0.000931810474139638 0.0021797212655656 0.00562818830367178 0.0119651098735631 0.0189384281635284 0.0190589604899287 0.00198408408323303 0.00282255022320896 0.00178339963313192 0.000675827832310461 0.00170056411880068 0.000563407971640117 0.00030682383076055 0.00108777129789814 0.00536144166253507 0.0145213505253196 0.0225132098421454 0.0214278792962432 0.0169978960417211 0.0156279150396585 0.0193133173510432 0.0173540322110057 0.0133216879330575 0.0100432980805635 0.00973877022042871 0.00892069637775421 0.00211579682072625 0.00197171289473772 0.00120999393984675 0.00129999613272958 0.00216259094886482 0.00128150557284243 0.00187856048578396 0.00339365927502513 0.00240055588074028 0.00365857190918177 0.00314423597883433
0.0148718834854662 0.00396566707640886 0.0284121850505471 0.02330372761935 0.00455403896048665 0.00168094079708681 0.00105565303820185 0.000788043101783842 0.0028519926709123 0.000838118104729801 0.00131145153427497 0.00119791661854833 0.00356779180001467 0.00209762684535235 0.00113821383565664 0.00533658231142908 0.00164798650657758 0.0023518344736658 0.000493503041798249 0.0018908359692432 0.000618576380657032 0.00218862855108455 0.0298257503658533 0.0218081343919039 0.0223080199211836 0.0233838263899088 0.0304725486785173 0.0160724329762161 0.0162014933302999 0.00523835010826588 0.00905258003622294 0.0229810683056712 0.0107739883009344 0.0164876582100987 0.0110281973145902 0.0122968402691185 0.00609070495702326 0.0105119886342436 0.00747704920358956 0.00976407686248422 0.0100453691091388 0.00805946430191398 0.00504583716392517 0.00208802038105205 0.00455529808532447 0.0170601922087371
0.00615315979812294 0.00358876518439502 0.00384372244589031 0.0135627963580191 0.00320739874150604 0.00162909221253358 0.00197708689374849 0.000929925692616962 0.0063562590861693 0.00132836195407435 0.00153145639924333 0.00190923245972954 0.00258504003286362 0.000794944490189664 0.000486676607397385 0.000388197311258409 0.000747214231523685 0.000906079658307135 0.00109888559090905 0.000311382416111883 0.00239912625402212 0.00557587177027017 0.0297823052853346 0.029823150113225 0.0264663713052869 0.034549118578434 0.0211786583065987 0.0294653659686446 0.0270057786256075 0.00346419952111319 0.0183052617125213 0.0160497854463756 0.020584951993078 0.0151496816426516 0.0141660260036588 0.0154401740059257 0.00924536031670868 0.00642964243888855 0.00435542701743543 0.0180573677644134 0.00441286463756114 0.0035473974654451 0.0194754566065967 0.0036150723695755 0.00174323495011777 0.00240772048709914
0.00170548662426882 0.00242982305353507 0.00138987243990414 0.00119610175606795 0.000671729125315323 0.00300865785684437 0.00178507446544245 0.00303311209427193 0.00282231407472864 0.0177174914628267 0.0167195406742394 0.0109275466762483 0.00890316087752581 0.00683882664889097 0.000658087735064328 0.000511571495735552 0.000686182227218524 0.000534019913175143 0.00147840167046525 0.000522137928055599 0.000370197967276908 0.00335823332425207 0.0297987174242735 0.019809967558831 0.00939992619678378 0.0230373561382294 0.0218643855303526 0.0195953333750367 0.0205667451024055 0.0167422534897923 0.00325843747705221 0.0112286530900747 0.0114453576970845 0.0119190067052841 0.0145862146280706 0.0206024112179875 0.0206893227063119 0.00646081427112222 0.00509792068041861 0.00330724203959107 0.00338587909936905 0.00752535285428166 0.00512565940152854 0.00235054264776409 0.00148170336615294 0.0019747652229853
0.00200527643901296 0.00255163979018107 0.000733391326502897 0.00203895483864471 0.00139557055663317 0.000798044158727862 0.00170376425376162 0.00246888594701886 0.0138079274445772 0.0134248403832316 0.00983173865824938 0.00875174710527062 0.00654970961622894 0.00188436686294153 0.000800338099361397 0.00102864737564232 0.000691244821064174 0.00118021682137623 0.000811947308829986 0.00202766477013938 0.00121678760624491 0.00511137505527586 0.000525987718719989 0.0028746758820489 0.0183212430216372 0.0228551350533962 0.0178949209861457 0.0187812878750265 0.0144922195933759 0.0217162886634469 0.0216256896033883 0.022079661861062 0.0100365540478379 0.0116887920536101 0.00269398540258408 0.00842382512055337 0.00334922764450312 0.00440776103641838 0.00320186077151448 0.00292210710467771 0.00167831989820115 0.00147417141706683 0.000894670677371323 0.000599620107095689 0.000486789706337731 0.000525855401065201
0.00114111216389574 0.00185345138888806 0.00077559263445437 0.0015269634721335 0.0025641072075814 0.0017051502421964 0.00345484325662255 0.0142687920480967 0.0017443434568122 0.0102846613619477 0.00784333562478423 0.00943910172209144 0.00799318100325763 0.00592508716508746 0.00203259786358103 0.0011442718852777 0.00123708064784296 0.00168406688608229 0.00112253197003156 0.000850003975210711 0.000874898335314356 0.000836278218775988 0.00060608703061007 0.000384829854010604 0.00283448414411396 0.017640098836273 0.0243946412578225 0.0183584489859641 0.0130187736824155 0.0163980863988399 0.0173100341111422 0.00881640654988587 0.017897473461926 0.0194908154197037 0.0182531535625458 0.0175334628671408 0.0124050803482532 0.033944489993155 0.00370984536129981 0.00292155719362199 0.00137587366625667 0.00109896563808434 0.000484058080473915 0.00115359033225104 0.00050826972728828 0.000919875715044327
0.00133919873624109 0.00100150618818589 0.00154286962351762 0.00745746721513569 0.0114128107205033 0.0135426775552332 0.0072189383674413 0.0134799856692553 0.0126990264281631 0.00599248358048499 0.0146144967526197 0.00937044192105532 0.00763061097823083 0.00316946485545486 0.00160238234675489 0.00227627390995622 0.0029110397445038 0.00883609033189714 0.0126046065241098 0.00381872155703604 0.00306403824361041 0.0020158089173492 0.000770584322162904 0.000977075399714522 0.0013492250291165 0.000766815306269564 0.00243420945480466 0.00114083900116384 0.00292083518579602 0.0101913870312274 0.0132987661287189 0.0137468582950532 0.0136881767772138 0.0170449698343873 0.0133467400446534 0.00937013970687985 0.0189142672345042 0.00536384114529938 0.00297267993446439 0.00142846929957159 0.000624941062415019 0.000821890111546963 0.000947685848223045 0.001478411530843 0.000340001362201292 0.000656740975682624
0.00443647992797196 0.00189550225622952 0.0023129963199608 0.00821407232433558 0.0129461457952857 0.0112955936230719 0.0114364585839212 0.0121884209103882 0.0126942524686456 0.0050023206975311 0.00290808333083987 0.0111826745793223 0.0110628678463399 0.00210561227286234 0.00390663612633944 0.00254795480286703 0.00734301009215415 0.00656222244724631 0.00200080458307639 0.0168997006490827 0.0158406368456781 0.00560885695740581 0.0149507174268365 0.00625473384279758 0.0015153179410845 0.00296453038463369 0.00165009564952925 0.000533873162930831 0.000602613989030942 0.00299414130859077 0.00514374880585819 0.00399016023147851 0.00319469178793952 0.025599435903132 0.0196445877663791 0.00959209152497351 0.0137359994463623 0.00147815569071099 0.00198601097799838 0.00124192081857473 0.00306557030417025 0.00358910586219281 0.0012336635729298 0.0014560176176019 0.00124427973642014 0.00115484622074291
0.00562964400742203 0.0150158859789371 0.0168327384628356 0.00636207098141313 0.0143423888832331 0.011831936519593 0.0173345777206123 0.00586412530392408 0.00848863921128213 0.0095776800531894 0.0039795767981559 0.00307116586482152 0.00418954372871667 0.00662910644896328 0.00532074384391308 0.00225761395413429 0.0129328589886427 0.0106140441261232 0.00335801430046558 0.00748189762234688 0.00894570639356971 0.00918813995085657 0.0139652526006103 0.0143249209970236 0.0177162696607411 0.00146401429665275 0.000708027178188786 0.000868680726853199 0.0676220081746578 0.00308456273050979 0.000703824969241396 0.00111195321078412 0.000275443650025409 0.00123781053116545 0.0050979292485863 0.017465204000473 0.0171039930544794 0.00278271535644308 0.00174680100753903 0.00332089755684137 0.00204662209143862 0.00323616596870124 0.00189753853483126 0.000841692875837907 0.00346659244969487 0.00187926139915362
0.00528235691599548 0.00909286332316697 0.00630420190282166 0.0084231014829129 0.00738303242251277 0.0122787734493613 0.0109090267680585 0.0108941387850791 0.0091374390758574 0.00128786527784541 0.00819814568385482 0.00194757521385327 0.00143341646762565 0.00254777267109603 0.00882899453863501 0.00970815243199468 0.0029554208391346 0.00147162474459037 0.00152860591188073 0.0101569245103747 0.0146153792738914 0.0126778647303581 0.0182661419734359 0.0104663657024503 0.0136800955049694 0.0183471337892115 0.00825408417731524 0.00264999730279669 0.0013276003592182 0.000592339353170246 0.000869641281315125 0.000609550569788553 0.00330791034502909 0.00093025072128512 0.000233107801614096 0.018501653522253 0.0111577309668064 0.00403207852505147 0.00412389349658042 0.00171276454930194 0.00160333717940375 0.00323985461145639 0.0028316531679593 0.00350042483769357 0.00189083585282788 0.00163778490386903
0.00199910352239385 0.00516229926142842 0.0101365233771503 0.0112955207005143 0.00961375124752522 0.0104042000137269 0.00244126055622473 0.00167236927081831 0.00206789777148515 0.00168840964906849 0.0053484302945435 0.00628898739814758 0.00177846443839371 0.00743811936117709 0.0020643112831749 0.00198281367775053 0.00268378374166787 0.00728825256228447 0.0125422159675509 0.002524449583143 0.00305813665036112 0.00467721570748836 0.00195225194329396 0.00233381139114499 0.00123481358168647 0.00984785803593695 0.0129626072011888 0.0139564111828804 0.00393301236908883 0.00220082724699751 0.00197065604152158 0.00723618739284575 0.00246827042428777 0.00231154696084559 0.000976726610679179 0.00244934465736151 0.00224272554041818 0.0132766582071781 0.0196571965701878 0.0142662464641035 0.00268237391719595 0.00136856474564411 0.000305994886730332 0.00116629240801558 0.000347321627486963 0.000399842418846674
0.00383209474384785 0.00797280990518629 0.00323554836213589 0.0088315000757575 0.00714648738503456 0.0113943288568407 0.00751177873462439 0.0134408062323928 0.00755691765807569 0.00521648130379617 0.00617223186418414 0.00570256549399346 0.00995716196484864 0.0044197564246133 0.00681558111682534 0.00353180908132344 0.0123680029995739 0.00383528410457075 0.00837007313966751 0.00309610450640321 0.0141546790488064 0.0239925172179937 0.0139270750805736 0.00328638289356604 0.0124381268396974 0.0189350442960858 0.0261005448177457 0.0139706071466207 0.0106192693114281 0.00157547963317484 0.00126071963459253 0.00223192272242159 0.00373231226112694 0.0022378139430657 0.00410141195170581 0.0016534068621695 0.00104060301091522 0.00102158131194301 0.00774820405058563 0.00749015123583376 0.0069999236613512 0.000978424237109721 0.00193682818789966 0.00178598467027768 0.00151435238658451 0.00124872628948651
0.0015910328947939 0.00234087983844802 0.00234591540647671 0.00282429148210213 0.00410578921437263 0.00659360783174634 0.00830826191231608 0.00322947535896674 0.00222737605217844 0.00366025220137089 0.00235060211271048 0.00328221959061921 0.00605630436912179 0.00851609273813665 0.00937707428820431 0.00440497796516866 0.00346004967577755 0.00658828052692115 0.0183941408991814 0.021163160726428 0.0181135483086109 0.00358000521082431 0.0179927026852965 0.00455333993304521 0.0021963385050185 0.00167989559704438 0.00473411921411753 0.00364290995057672 0.0413129601627588 0.010741462605074 0.00090623774449341 0.00111544450046495 0.00139869042905048 0.000749970469041728 0.0095526123419404 0.00130563659477048 0.000357233341492247 0.000451228182646446 0.000775910186348483 0.000481658526405226 0.00401249208953232 0.00315302452072501 0.0067553632427007 0.0268366547301412 0.00128168505616486 0.00215695825172588
