Maxent_result_files_1/Bombus_terrestris_2.asc
NCOLS 594 
NROWS 330 
XLLCORNER -15 
YLLCORNER 23 
CELLSIZE 0.166666666666667 
NODATA_value -9999 
[rows 63 to 83 of 330, columns 230 to 275 of 594]
0.00511145514901727 0.00231247985502705 0.00502710780128837 0.00395490161608905 0.00512929942924529 0.00479376115836203 0.00250716186128557 0.00505008189938962 0.00444258928764611 0.00274727726355195 0.00546719557605684 0.00559270170051604 0.00486325728707016 0.00401422362774611 0.00390443569049239 0.00568715156987309 0.00672521810047328 0.00418452064041048 0.00647640894167125 0.00265378277981654 0.00420292292255908 0.00521394391544163 0.00629613078199327 0.00588039150461555 0.00447819693945348 0.00250731067499146 0.0024905005004257 0.00276284201536328 0.00337275627534837 0.0036323542939499 0.00507659576833248 0.00439885163214058 0.00549133247695863 0.00782966390252113 0.00718166185542941 0.00842437958344817 0.00497368057258427 0.00899285194464028 0.00920914248563349 0.00565504804253578 0.00690631330944598 0.00575175583362579 0.00965922670438886 0.00438904277980328 0.00397669111844152 0.00575569570064545
0.00360818547196686 0.00572824249975383 0.00457550818100572 0.00439721357543021 0.00448488763067871 0.00458726596552879 0.00466635145712644 0.00456415675580502 0.00539712999016047 0.00427453459706157 0.00556031921878457 0.00542597188614309 0.00482992110773921 0.0023369315546006 0.00448820863384753 0.00479439061600715 0.0058411565143615 0.00549264347646385 0.00290269242832437 0.00527256166096777 0.00310774941463023 0.00699841338209808 0.00792171494103968 0.00547321618068963 0.00433802164625376 0.0031592944636941 0.00499692745506763 0.00523628673981875 0.00466342819854617 0.00297590494155884 0.00663780048489571 0.00511861713603139 0.00487204638775438 0.00539493870455772 0.00443634046241641 0.00491905573289841 0.00466043257620186 0.00415407586842775 0.00355325678829104 0.00611402504146099 0.00539306935388595 0.00346156964078546 0.00732391211204231 0.0066801420878619 0.00766946054063737 0.00783765120431781
0.00474691053386778 0.00607020487077534 0.00708460682071745 0.0053630607901141 0.00415357206948102 0.00384550660382956 0.00253864232217893 0.00517588055226952 0.00550358744803816 0.00585064021870494 0.00580116440542042 0.00572164666373283 0.00533443670719862 0.00309830309124663 0.00649748793803155 0.00476994153577834 0.00542738477233797 0.00667248689569533 0.00284785279072821 0.00272152299294248 0.00763435298576951 0.00560946811456233 0.00660299826413393 0.00469894264824688 0.00472889561206102 0.00465460859704763 0.00243056379258633 0.00464923640247434 0.00470304670743644 0.00785432090051472 0.00498346544336528 0.00713624283671379 0.00354757775785401 0.00772784962318838 0.00812404984608293 0.00787476482801139 0.00611347272060811 0.0075557236559689 0.00758525570854545 0.00388527121394873 0.00438253746833652 0.00640511084347963 0.0029014436295256 0.00316318775294349 0.0072494478430599 0.00745395920239389
0.00740966429002583 0.00274694272084162 0.00445717261172831 0.0060835241805762 0.00527749327011406 0.00668961801566184 0.00655368333682418 0.00343201048672199 0.00263697939226404 0.00665580090135336 0.00425949112977833 0.00566098357085139 0.00653203623369336 0.00533499245066196 0.00568180619738996 0.00341583762783557 0.00401873574592173 0.00579779052641243 0.00561595226172358 0.00288328974274918 0.00354774666484445 0.0043463846668601 0.00520983161404729 0.00777773926965892 0.00453767564613372 0.00448530816938728 0.00598512361757457 0.00512016336433589 0.00596830302383751 0.0049808895913884 0.00374946533702314 0.00437386864796281 0.00674093025736511 0.00646057454869151 0.00647460543550551 0.0107552157249302 0.00574450877029449 0.00572013326454908 0.00402845954522491 0.00460849492810667 0.00500307034235448 0.00251549287931994 0.0040340211475268 0.00318580805324018 0.00850069522857666 0.0131734017748386
0.00665388549678028 0.00308254170231521 0.0069795205257833 0.00283448703121394 0.00585559024475515 0.00330173899419606 0.00501934471540153 0.00749959009699523 0.00815880568698049 0.004328428581357 0.00621494606602937 0.00691968365572393 0.0074713883921504 0.00375349803362042 0.00331538710743189 0.00346586757805198 0.00323089086450636 0.00437812637537718 0.00272202661726624 0.00226773603353649 0.00288779521360993 0.00378373675048351 0.00470337960869074 0.00297582302009687 0.00498132349457592 0.00294412567745894 0.0064129585865885 0.00534518708009273 0.00476378828752786 0.0050778076518327 0.00623944299295545 0.00728552974760532 0.00557977571152151 0.00501511748880148 0.007541434885934 0.00576769744511694 0.00687341471202671 0.00894132354296744 0.00403243827167898 0.00546924178488553 0.00565847081597894 0.00469859798904508 0.00548272742889822 0.00587254827842116 0.00650439849123359 0.00832324121147394
0.00645129699259996 0.00403212285600603 0.00554684784729034 0.00731007512658834 0.00336535128299147 0.00301593801705167 0.0157364366576076 0.0124009021092206 0.00680832173675299 0.00287299258634448 0.00791499270126223 0.00333505959715694 0.00444790225010365 0.00389646703843027 0.010815636254847 0.00371014685370028 0.00736850709654391 0.00396133421454579 0.00601745126768947 0.00340055441483855 0.00286265518516302 0.00620224713347852 0.00429363292641938 0.0077779992017895 0.00605021198280156 0.00465222871862352 0.00480343704111874 0.0060586306033656 0.00621246369555593 0.00617565959692001 0.00519293306861073 0.00625433498062193 0.00479476887267083 0.00471458649262786 0.00625770399346948 0.00542469138745219 0.00616613666061312 0.00540998519863933 0.00571526088751853 0.00539101420436054 0.00516444018576294 0.00493950713425875 0.00486826873384416 0.0055560655426234 0.0119955667760223 0.0130861398298293
0.00371146050747484 0.003672662563622 0.00395096302963793 0.00544999521225691 0.00718043632805347 0.00212769414065406 0.00386517443694174 0.00295708479825407 0.00179908176651224 0.00270000972086564 0.00433875354938209 0.00838024122640491 0.00664972057566047 0.0101620705332607 0.00741901225410402 0.00742873656563461 0.00471849066670984 0.00783708821982145 0.00700139179825783 0.00808793175965548 0.00463939090259373 0.00482459466438741 0.00631924350745976 0.00716911284253001 0.00701940888538957 0.00686674267053604 0.00627912164200097 0.00674018934369087 0.00705568180419505 0.00441266857087612 0.00615108269266784 0.00598566411063075 0.00544158241245896 0.00526280615013093 0.0048190931789577 0.00393265141174197 0.00236305841244757 0.00455058226361871 0.00417557535693049 0.00367407163139433 0.00277223594021052 0.00397062075790018 0.00557431639172137 0.00812885733321309 0.0120830401778221 0.00757007822394371
0.00549257586244494 0.00386113761924207 0.00434150558430701 0.00878391643054783 0.00642577824182808 0.00200631328625604 0.0041980741545558 0.00396443237550557 0.00694480165839195 0.00795348789542913 0.00710119055584073 0.0116958091966808 0.00407107991632074 0.00960521232336759 0.00779547155834734 0.00903802416287363 0.00701761194504797 0.0072850379627198 0.00692003378644586 0.00980304670520127 0.00614983628038317 0.0079152753110975 0.00805807691067457 0.00739558599889278 0.00731267887167633 0.00681461663916707 0.006774164410308 0.00636011161841452 0.00694931489415467 0.00667811995372176 0.00434258342720568 0.00558057986199856 0.00965568805113435 0.0121504875365645 0.00495158787816763 0.00432757688686252 0.00439398868475109 0.00430564205162227 0.00387330073863268 0.00572809849400073 0.00611822311766446 0.00541347593534738 0.00409826403483748 0.00997582213021815 0.0108395170420408 0.00740352943539619
0.00697811041027308 0.00924127693288028 0.00503209624439478 0.00763399330899119 0.00436542769894004 0.0119793865829706 0.00829420718364418 0.0084046567324549 0.0134416612796485 0.0112069020979106 0.0103615491650999 0.0123999015428126 0.0100868158042431 0.00969152292236686 0.00701824300922453 0.00464464598335326 0.00785628403536975 0.00855560600757599 0.00886565041728318 0.00724811423569918 0.0104458121582866 0.0131543722003698 0.0130301179364324 0.0102454994339496 0.00652014194056392 0.00662995111197233 0.00549803997855633 0.00334374657832086 0.00610524171497673 0.0088345724157989 0.00653922935016453 0.0126151763834059 0.0107825315091759 0.00510109865572303 0.0056171853095293 0.00618717046454549 0.00504095288924873 0.0045662737917155 0.00568700446747243 0.00272293284069747 0.00409109420143068 0.00584613236133009 0.00567017325665802 0.00418789503164589 0.0217433484271169 0.0198082838207483
0.0064127117395401 0.00730689871124923 0.00813818913884461 0.0097077714279294 0.0072378852404654 0.00778338285163045 0.0108866247348487 0.00976470885798335 0.0120561026968062 0.0138719962909818 0.0126884084194899 0.0149903615005314 0.0137196082621813 0.00867934017442167 0.00774617441929877 0.00994257242418826 0.010049300827086 0.0140803861431777 0.00925669861026108 0.0155465165153146 0.0120456407777965 0.0106439569499344 0.0103080013766885 0.00808742442168295 0.00702478098683059 0.00766768571920693 0.00789883034303784 0.00607181354425848 0.00814304351806641 0.00379512822255492 0.00374478604644537 0.00562344803474843 0.00596574577502906 0.00547921319957823 0.00391575859393925 0.00325129791162908 0.00647185151465237 0.00896766693331301 0.00690015289001167 0.00876507041975856 0.00560548384673893 0.00474923530127853 0.00663759168237448 0.00530378257390112 0.0058510871604085 0.0132334550842643
-9999 -9999 -9999 -9999 -9999 -9999 -9999 0.00488167535513639 0.0150888904929161 0.0141486367210746 0.012486504111439 0.0110802106559277 0.00982725927606225 0.0141350628808141 0.0127522049471736 0.0154064100235701 0.0122817361727357 0.00652259706985205 0.0127600775100291 0.0137505861930549 0.00952812260948122 0.009763069357723 0.00865015569142997 0.00736090890131891 0.0078569935169071 0.00933192521333694 0.00699079842306674 0.00732130846008658 0.00768501204438508 0.00748832514509559 0.00942289070226252 0.00754360272549093 0.00621930749621242 0.00555159335490316 0.00704625523649156 0.00516208009794354 0.00641252589412034 0.00349246766418219 0.00366224818862975 0.00528825812507421 0.00604135575704277 0.00539839458651841 0.00243342716712505 0.00429598968476057 0.00402879437897354 0.00208831666968763
-9999 -9999 -9999 -9999 -9999 -9999 -9999 -9999 -9999 -9999 -9999 0.00986144822090864 0.00758863822557032 0.0146231231279671 0.0159114178270102 0.00946870218031108 0.0156352937221527 0.0138760876841843 0.0122903702780604 0.0115883530117571 0.0123855869285762 0.0114923351444304 0.00911416388116777 0.0122516982257366 0.00861068237572908 0.00983039638958871 0.0101670270785689 0.00809434736147523 0.00824308781884611 0.00748389535583556 0.00751087456010282 0.0062327703461051 0.00567739761900157 0.00986486002802849 0.00774088557809591 0.00593312568962574 0.00497942005749792 0.00613611196167767 0.00622093272395432 0.00639089299365878 0.00726644247770309 0.00592200956307352 0.00432910369709134 0.0077086933888495 0.00527402008883655 0.00553608355112374
-9999 -9999 -9999 -9999 -9999 -9999 -9999 -9999 -9999 -9999 -9999 -9999 0.0140543782152236 0.0174974931403995 0.0151640066877007 0.0113030957058072 0.00810363003984094 0.0106338138692081 0.00679574813693762 0.012285580765456 0.0120152009651065 0.0124127961695194 0.00826319037005305 0.011914268694818 0.0120289367623627 0.00928527978248894 0.0101609046570957 0.0119267111178488 0.00434055307414383 0.0071776841301471 0.00697219171561301 0.00538549511693418 0.00429264332633466 0.00616653868928552 0.00654943902045488 0.0077637292444706 0.0060620472766459 0.004891277407296 0.00652591874822974 0.00354482552502304 0.00547943133860826 0.00301388697698712 0.00264790169894695 0.00483011878095567 0.00855983211658895 0.00300355856306851
-9999 -9999 -9999 -9999 -9999 -9999 -9999 -9999 -9999 -9999 -9999 -9999 0.0194915354251862 0.0182581489905715 0.0110510748811066 0.014075976703316 0.012766311597079 0.00981559343636036 0.0138356758281589 0.0125199047848582 0.00762407854199409 0.01188123524189 0.00654683727771044 0.0122520382516086 0.015228212159127 0.00953037203289568 0.0114672568161041 0.0119528241921216 0.0106376644223928 0.0104705688543618 0.00863685412332416 0.0101358109153807 0.00816837190650404 0.0116966209840029 0.00821793829090893 0.0073889144230634 0.00798154058866203 0.00628612390719354 0.00401741312816739 0.00374695518985391 0.00468643731437624 0.00609414847567677 0.00690619191154838 0.00553903365507722 0.00379184728953987 0.00890382705256343
-9999 -9999 -9999 -9999 -9999 -9999 -9999 -9999 0.0540293771773577 -9999 -9999 -9999 0.0345030546188354 0.0645331263542175 0.0254990497604012 0.0197617199271917 0.0135430420748889 0.012589128408581 0.0154494935646653 0.0120192694477737 0.0114607728086412 0.010253897216171 0.00898108305409551 0.0111788289621472 0.0143490597605705 0.0100155660882592 0.0139149548485875 0.0147373804822564 0.0137385489419103 0.00609515621326864 0.00419247944373637 0.0111149827949703 0.00606156452558935 0.00409905114211142 0.00678765145130455 0.0104096398223192 0.00454631235916167 0.00927509539760649 0.00407722012605518 0.00378285313490778 0.0150050436146557 0.012618675082922 0.0063835468608886 0.00509478049352765 0.00856217914260924 0.0061991294613108
-9999 -9999 -9999 -9999 -9999 -9999 -9999 -9999 -9999 -9999 -9999 -9999 0.0270441016182303 0.0618781302124262 0.0238409632816911 0.0260251317173243 0.0220972191542387 0.0179138108156621 0.0172186997719109 0.0147666421718895 0.0132502657361329 0.0114527896977961 0.0113331864587963 0.0164746743626893 0.00980541994795203 0.0110058742575347 0.0115012838505208 0.0118777581490576 0.0159377433359623 0.00992670329287648 0.00916123357601464 0.0105979366693646 0.0128289076499641 0.00900048539042473 0.0115418504923582 0.00708175655454397 0.00876834974624217 0.00495907079894096 0.00537154781632125 0.00974475899711251 0.010055242292583 0.00766491731628776 0.00579003891907632 0.00335288012865931 0.00492422971874476 0.00339881598483771
-9999 -9999 -9999 -9999 -9999 -9999 -9999 0.116845475882292 0.0332645485177636 0.0372148614376783 0.033067082054913 0.0422501973807812 0.0348277069628239 0.0358821470290422 0.0418467804789543 0.0273723792284727 0.0452063713222742 0.0153334142640233 0.0229764750227332 0.0260884899646044 0.013243040908128 0.0134542413055897 0.0141260075382888 0.00875226054340601 0.0102991388645023 0.0102550448849797 0.0122836307622492 0.0176169591955841 0.0118704134598374 0.0143790298141539 0.00872971396893263 0.00921565336175263 0.00879981443285942 0.00543920621275902 0.00602369890548289 0.00462360561359674 0.0067308384925127 0.00250074759824201 0.00540721393190324 0.00626654610969126 0.00407713346648961 0.00653480496257544 0.00257197960745543 0.010520056495443 0.00806444776244462 0.00602238606661558
-9999 -9999 -9999 -9999 -9999 -9999 0.0929288536310196 0.0479354240000248 0.0448448516428471 0.0379418700933456 0.0271908234804869 0.0665006391704082 0.0478543493896723 0.056966083869338 0.0298762878403068 0.0248315803706646 0.0294073291122913 0.0236073890700936 0.0478650175035 0.0295577924698591 0.0116746096871793 0.0232061695307493 0.0163555832579732 0.0210972640663385 0.00988688892684877 0.0174753229133785 0.0148113312199712 0.0113601468503475 0.0140381070785224 0.0136641073040664 0.0115324856713414 0.00778800011612475 0.00906310053542256 0.00897685401141643 0.00850237174890935 0.00990484082140028 0.00587149951606989 0.00362685818690807 0.00548336445353925 0.00359228488523513 0.00544720864854753 0.00404012443032116 0.00343510513193905 0.005232790322043 0.0107401660177857 0.00288597096223384
-9999 -9999 -9999 -9999 0.185809975862503 0.0372156869620085 0.0345451388508081 0.0453769393265247 0.0369359690696001 0.0386442840099335 0.0381043687462807 0.036835228279233 0.0299550572410226 0.0449885260313749 0.0390270072966814 0.0331176904961467 0.0339438019320369 0.0257001634687185 0.0305757122114301 0.0480830233544111 0.0153011611662805 0.0291675927117467 0.0120824798941612 0.0193076480180025 0.0233967877924442 0.0185999205335975 0.024496996589005 0.0222740707919002 0.0162273181602359 0.00977791412733495 0.0137210688553751 0.0094565745908767 0.00988767016679049 0.0057714622002095 0.0115023379214108 0.00514215815346688 0.00690158316865563 0.00904215727932751 0.00537321721203625 0.00533885459881276 0.012202962487936 0.00966533422470093 0.00680442284792662 0.00998714445158839 0.00642196033149958 0.00636080019176006
-9999 -9999 -9999 0.192076599597931 0.0877725459635258 0.0352604949846864 0.034304566308856 0.0337608693167567 0.0388112358748913 0.0510437205433846 0.0304687336087227 0.0386930096894503 0.0350315649062395 0.040698790922761 0.0457113016396761 0.0345221178606153 0.0278954621404409 0.0224417328834534 0.0270484102889895 0.0340392487123609 0.0152440472505987 0.0113018965348601 0.0197830496355891 0.0246222103014588 0.0269179578870535 0.0138495923951268 0.0451870236545801 0.0114294244907796 0.0249715149402618 0.0126835875213146 0.0181807404384017 0.0157103169709444 0.0113041799515486 0.0103271193802357 0.0109203992877156 0.0115810056217015 0.0159434937871993 0.0180911532603204 0.00657426230609417 0.00366326929070056 0.00683164475485683 0.00674883262254298 0.00659778048284352 0.00798258865252137 0.00788927199319005 0.00633254586718976
-9999 -9999 0.0684975057840347 0.0515762813389301 0.0486023612320423 0.0310126019641757 0.0766707517206669 0.0711961593478918 0.0770432248711586 0.0433908019214869 0.0296333933249116 0.0346463052555919 0.0543185919523239 0.0585850235074759 0.0272160928696394 0.0265439011156559 0.0275765230879188 0.0337482491508126 0.0212428472936153 0.0337886985391378 0.0251323059201241 0.0281418344005942 0.0163895577192307 0.0222309608012438 0.0269488723948598 0.028226681612432 0.0206777006387711 0.0169201736338437 0.0203562557697296 0.0101540856994689 0.016607229039073 0.0214633990079164 0.0153155499137938 0.0114470466040075 0.0136968364939094 0.0133202457800508 0.0107520523481071 0.00914094080217183 0.010099032195285 0.00676235510036349 0.00629272935912013 0.00280527125578374 0.00341048110276461 0.00707148713991046 0.00561715429648757 0.00597118940204382
