Maxent_result_files_1/Bombus_sylvarum_2.asc
NCOLS 594 
NROWS 330 
XLLCORNER -15 
YLLCORNER 23 
CELLSIZE 0.166666666666667 
NODATA_value -9999 
[rows 126 to 146 of 330, columns 46 to 91 of 594]
-9999 -9999 -9999 -9999 -9999 -9999 -9999 -9999 -9999 0.192719367146492 0.157657574117184 0.101387324184179 0.0588214661926031 0.159577375650406 0.0947541248053312 0.0466669905930758 0.0652113135904074 0.0730284240096808 0.0367224803194404 0.0455970391631126 0.0658419921994209 0.13440757393837 0.215632432699203 0.469127115607262 0.661491310596466 0.736234998703003 0.784566527605057 0.850581735372543 0.86739090681076 0.904189318418503 0.856245702505112 -9999 -9999 -9999 -9999 -9999 -9999 -9999 -9999 -9999 -9999 -9999 -9999 -9999 -9999 -9999
-9999 -9999 -9999 -9999 -9999 -9999 -9999 -9999 0.330687783658504 0.179706737399101 0.161816767603159 0.121231086552143 0.0874141156673431 0.187864951789379 0.0572820764034987 0.0740476291626692 0.0729110907763243 0.100654624402523 0.116120896488428 0.174514348059893 0.369014167785645 0.492754173278809 0.68189469575882 0.875709491968155 0.859065824747086 0.888332724571228 0.930087608098984 0.927230960130692 0.91475704908371 0.868418926000595 -9999 -9999 -9999 -9999 -9999 -9999 -9999 -9999 -9999 -9999 -9999 -9999 -9999 -9999 -9999 -9999
-9999 -9999 -9999 -9999 -9999 -9999 0.424302592873573 0.168684333562851 0.131385215371847 0.150712429732084 0.153332187235355 -9999 0.195624661445618 0.130470207333565 0.0893147975206375 0.135523301362991 0.0578054141253233 0.0688845951110125 0.108748744428158 0.196087241172791 0.307468657195568 0.749385464191437 0.841323608160019 0.886710733175278 0.930735188722611 0.922575175762177 0.970067596435547 0.93366534113884 0.82316563129425 -9999 -9999 -9999 -9999 -9999 -9999 -9999 -9999 -9999 -9999 -9999 -9999 -9999 -9999 -9999 -9999 -9999
-9999 -9999 -9999 -9999 -9999 -9999 -9999 0.100938260555267 0.130170005559921 0.124405981600285 -9999 0.167022825777531 0.370230314135551 0.360997626185417 0.155518271774054 0.116374184936285 0.135099975019693 0.0642349012196064 0.179725700616837 0.209657981991768 0.506668463349342 0.845581442117691 0.892361599206924 0.948208320140839 0.866844367980957 0.907218080759048 0.965409684181213 -9999 -9999 -9999 -9999 -9999 -9999 -9999 -9999 -9999 -9999 -9999 -9999 -9999 -9999 -9999 -9999 -9999 -9999 -9999
-9999 -9999 -9999 -9999 -9999 -9999 -9999 -9999 -9999 -9999 0.15375529229641 0.167418141663075 0.468461096286774 0.30239986628294 0.220798055827618 0.204372787475586 0.22172983288765 0.271454393863678 0.392174616456032 0.639527243375778 0.692617219686508 0.7892214179039 0.81777725815773 0.892006057500839 0.946946281194687 0.973065060377121 0.858783096075058 0.84817333817482 -9999 -9999 -9999 -9999 -9999 -9999 -9999 -9999 -9999 -9999 -9999 -9999 -9999 -9999 -9999 -9999 -9999 -9999
-9999 -9999 -9999 -9999 -9999 -9999 -9999 -9999 -9999 -9999 0.242100214958191 0.228215928375721 0.316294294595718 0.296181887388229 0.206954544782639 0.340279176831245 0.707979822158813 0.544854086637497 0.485708183050156 0.512918493151665 0.847968500852585 0.802497267723083 0.781908804178238 0.918233162164688 0.894682788848877 -9999 -9999 -9999 -9999 -9999 -9999 -9999 -9999 -9999 -9999 -9999 -9999 -9999 -9999 -9999 -9999 -9999 -9999 -9999 -9999 -9999
-9999 -9999 -9999 -9999 -9999 -9999 -9999 0.694433763623238 0.349260222911835 -9999 0.294312699139118 0.404607081413269 0.188688769936562 0.282649843394756 0.293511521816254 0.411084133386612 0.714594793319702 0.834590828418732 0.833377575874329 0.603722506761551 0.749905127286911 0.746076816320419 0.929272735118866 0.940284335613251 0.993285703659058 0.98957542181015 0.953507483005524 0.923182058334351 0.926761746406555 0.849994397163391 0.901928293704987 -9999 -9999 -9999 -9999 -9999 -9999 -9999 -9999 -9999 -9999 -9999 -9999 -9999 -9999 -9999
-9999 -9999 -9999 -9999 -9999 0.50486256480217 0.343515184521675 0.413080453872681 -9999 -9999 0.282456237077713 0.520573034882545 -9999 -9999 -9999 0.540432411432266 0.768477898836136 0.783125764131546 0.530485945940018 0.78389904499054 0.847892165184021 0.754799735546112 0.761663842201233 0.872775042057037 0.896594202518463 0.789673680067062 0.882365101575851 0.941635173559189 0.921590346097946 0.957073414325714 0.833017772436142 0.806461977958679 -9999 -9999 -9999 -9999 -9999 -9999 -9999 -9999 -9999 -9999 -9999 -9999 -9999 -9999
-9999 -9999 -9999 -9999 -9999 -9999 -9999 -9999 -9999 -9999 0.480839341878891 -9999 0.375691628456116 -9999 -9999 -9999 0.868544691801071 0.590011543035507 0.557539504766464 0.536336469650269 0.545657554268837 0.670427590608597 0.697862893342972 0.703365504741669 0.630232685804367 0.718465411663055 0.810797339677811 0.928592592477798 0.931476950645447 0.909677588939667 0.894544994831085 0.940406173467636 0.884288662672043 0.822690618038177 -9999 -9999 -9999 -9999 -9999 -9999 -9999 -9999 -9999 -9999 -9999 -9999
-9999 -9999 -9999 -9999 -9999 -9999 -9999 -9999 -9999 0.694912898540497 0.428778263926506 -9999 -9999 -9999 -9999 -9999 0.899385750293732 0.411777538061142 0.533909076452255 0.432438281178474 0.606499898433685 0.582317209243774 0.497185170650482 0.511418849229813 0.491972967982292 0.551168614625931 0.792989474534988 0.893622756004333 0.834276139736176 0.832640308141708 0.656569617986679 0.443598374724388 0.888020139932632 0.909115016460419 -9999 -9999 -9999 -9999 -9999 -9999 -9999 -9999 -9999 -9999 -9999 -9999
0.646108204126358 0.699838444590569 -9999 -9999 -9999 -9999 -9999 -9999 -9999 -9999 -9999 -9999 -9999 -9999 -9999 0.665153384208679 0.447853547334671 0.498635515570641 0.359023568034172 0.366973704099655 0.593355417251587 0.676977598667145 0.48997375369072 0.481282311677933 0.464116144180298 0.520303216576576 0.788253659009933 0.709229099750519 0.830064958333969 0.67366333603859 0.841223275661468 0.835886186361313 0.862157720327377 0.92020348906517 0.898184931278229 -9999 -9999 -9999 -9999 -9999 -9999 -9999 -9999 -9999 -9999 -9999
0.660714131593704 -9999 0.689541876316071 0.44609289765358 0.624446183443069 0.500882884860039 0.401132786273956 0.423959270119667 -9999 -9999 -9999 -9999 -9999 -9999 0.357011166214943 0.575244396924973 0.551710999011993 0.357353645563126 0.594080859422684 0.560461232066155 0.626124918460846 0.776476061344147 0.933002936840057 0.592947751283646 0.518684417009354 0.848988908529282 0.880162483453751 0.591454654932022 0.847733336687088 0.75697745680809 0.887435132265091 0.893689203262329 0.86915585398674 0.955088633298874 0.981723600625992 -9999 -9999 -9999 -9999 -9999 -9999 -9999 -9999 -9999 -9999 -9999
0.351631963253021 0.335990732908249 0.335483303666115 0.364568269252777 0.607607251405716 0.54412160217762 0.822447973489761 0.556197327375412 0.656557911634445 -9999 -9999 -9999 -9999 0.372310841083527 0.45317302942276 0.629831147193909 0.708506959676743 0.473213270306587 0.609856289625168 0.712887567281723 0.530834904313087 0.510484975576401 -9999 -9999 0.69808189868927 0.722832304239273 0.880350625514984 0.897210305929184 0.812913280725479 0.871054893732071 0.888716781139374 0.811851269006729 0.901974946260452 0.941426008939743 0.997568440437317 0.99112092256546 -9999 -9999 -9999 -9999 -9999 -9999 -9999 -9999 -9999 -9999
0.418287214636803 0.298995053768158 0.325061765313149 0.452362760901451 0.549107843637466 0.620207381248474 0.723270601034164 0.616204035282135 0.665777510404587 -9999 -9999 -9999 -9999 -9999 -9999 -9999 -9999 0.350330436229706 -9999 -9999 -9999 -9999 -9999 0.480992519855499 0.537785762548447 0.50027451813221 0.645813590288162 0.797924953699112 0.805276298522949 0.627050048112869 0.656776559352875 0.731183898448944 0.807551419734955 0.879893916845322 0.95439590215683 0.969424253702164 -9999 -9999 -9999 -9999 -9999 -9999 -9999 -9999 -9999 -9999
0.392652797698975 0.397189483046532 0.441886955499649 0.644443655014038 0.566627192497253 0.582588684558868 0.858937972784042 0.663736754655838 0.793978190422058 0.919033432006836 0.415846574306488 -9999 -9999 -9999 -9999 -9999 -9999 -9999 -9999 -9999 -9999 -9999 0.955009871721268 0.724316734075546 0.482021391391754 0.530687615275383 0.630095851421356 0.884766149520874 0.835547596216202 0.738961696624756 0.713786894083023 0.830035126209259 0.890292316675186 0.917021805047989 0.96257129907608 0.93445400595665 0.823317915201187 0.975017756223679 -9999 -9999 -9999 -9999 -9999 -9999 -9999 -9999
0.406707993149757 0.44442917406559 0.563949370384216 0.670245987176895 0.664846420288086 0.691459029912949 0.596953231096268 0.590366786718369 0.596273010969162 0.538954588770866 0.35228391289711 -9999 -9999 -9999 -9999 -9999 -9999 -9999 -9999 -9999 -9999 -9999 -9999 0.800066912174225 0.528776040673256 0.423665750026703 0.456321528553963 0.607925349473953 0.581086492538452 0.609074699878693 0.611012887954712 0.595969718694687 0.789793419837952 0.849560523033142 0.826746970415115 0.89288192987442 0.861576420068741 0.811337226629257 0.800011938810348 0.777002722024918 0.559345811605453 -9999 -9999 -9999 -9999 -9999
0.547437727451324 0.527422785758972 0.672152179479599 0.61884229183197 0.538885912299156 0.525544917583466 0.5222286850214 0.492179960012436 0.591103541851044 -9999 -9999 -9999 -9999 -9999 -9999 -9999 0.790113109350205 0.719943922758102 -9999 -9999 -9999 -9999 -9999 -9999 0.375856700539589 0.509712687134743 0.413435739278793 0.68462718129158 0.576212817430496 0.582712280750275 0.573779398202896 0.586094057559967 0.65036558508873 0.857882755994797 0.818273705244064 0.737008762359619 0.904223001003265 0.838410747051239 0.907932591438293 0.890694135427475 0.855332368612289 0.853110766410828 -9999 -9999 -9999 -9999
0.63988487124443 0.529393157362938 0.503295662999153 0.556716740131378 0.581553167104721 0.518896451592445 0.267876183986664 0.558126276731491 -9999 -9999 -9999 -9999 -9999 -9999 -9999 -9999 -9999 -9999 -9999 -9999 -9999 -9999 -9999 -9999 -9999 -9999 -9999 0.822580909729004 0.66413232088089 0.659063398838043 0.575359690189362 0.667909210920334 0.62720193862915 0.813252866268158 0.936527335643768 0.874504625797272 0.738647472858429 0.879263257980347 0.790588366985321 0.833060300350189 0.708171653747559 0.565422981977463 0.775888156890869 -9999 -9999 -9999
0.524587139487267 0.425824871659279 0.549574184417725 0.629165172576904 0.780812895298004 0.761756837368011 -9999 -9999 -9999 -9999 -9999 -9999 -9999 -9999 -9999 -9999 -9999 -9999 -9999 -9999 -9999 -9999 -9999 -9999 -9999 -9999 0.846563935279846 0.679166966676712 0.593357312679291 0.693669831752777 0.746461379528046 0.872167426347733 0.903157806396484 0.940337657928467 0.974774670600891 0.883666509389877 0.831794279813767 0.898747086524963 0.791579681634903 0.680674314498901 0.567617100477219 0.787205457687378 0.682239580154419 -9999 -9999 -9999
0.546749097108841 0.432673102617264 0.594692605733872 0.871470326185226 0.679496389627457 0.849502593278885 -9999 -9999 -9999 -9999 -9999 -9999 -9999 -9999 -9999 -9999 -9999 -9999 -9999 -9999 -9999 -9999 -9999 -9999 -9999 -9999 0.816083323955536 0.93363710641861 0.893312132358551 0.896797168254852 0.874362248182297 0.763824552297592 0.928514349460602 0.992278814315796 0.997195047140121 0.977281373739243 0.816478967666626 0.80901335477829 0.776778274774551 0.719445770978928 0.661398595571518 0.859744429588318 0.878105974197388 0.676454943418503 -9999 -9999
0.56926600933075 0.531274735927582 0.844535046815872 0.664514642953873 0.679694944620132 0.776756411790848 0.72202439904213 -9999 -9999 -9999 -9999 -9999 -9999 -9999 -9999 -9999 -9999 -9999 -9999 -9999 -9999 -9999 -9999 -9999 -9999 -9999 0.928020030260086 0.970400512218475 0.957995301485062 0.961273491382599 0.972339916229248 0.952030473947525 0.854788678884506 0.961577463150024 0.89903222322464 0.976926988363266 0.806137454509735 0.905524629354477 0.895361059904099 0.775415873527527 0.961047500371933 0.676265275478363 0.80044692158699 0.866654890775681 -9999 -9999
