Maxent_result_files_1/Bombus_pyrenaeus_2.asc
NCOLS 594 
NROWS 330 
XLLCORNER -15 
YLLCORNER 23 
CELLSIZE 0.166666666666667 
NODATA_value -9999 
[rows 108 to 134 of 330, columns 305 to 365 of 594]
9.03721542044877e-15 8.88178419700125e-15 3.32353998049317e-06 0 1.11022302462516e-17 0 0 0 2.11893290691378e-09 0.000105289892674487 3.53727251893865e-06 0 2.68229882749438e-14 0 0 3.33066907387547e-16 4.92128589990592e-08 3.77475828372553e-16 6.16753315085816e-12 3.40727446257461e-14 4.60187443707127e-14 5.07704989161084e-14 9.2148511043888e-16 5.46265255252365e-12 3.80328664340013e-08 2.32140200950859e-08 6.26845020335054e-11 4.77395900588817e-16 2.82750711733115e-11 1.75193453078037e-08 2.01462622029247e-08 2.84056111965469e-12 1.11022302462516e-17 0 1.0677144723914e-10 4.25286529326385e-09 1.10870750691383e-08 1.01016615516869e-08 5.57998092176604e-14 2.28705943072782e-14 1.06571806934852e-10 3.37307959341615e-13 7.90007370632395e-10 1.90802385002797e-10 1.77158288039436e-13 5.51803458481714e-10 6.72810483992592e-09 1.1740348582201e-09 3.02817861896898e-09 6.12742889760653e-10 2.24423277073171e-08 6.13681505268193e-07 8.02548028033812e-12 1.24622856478851e-10 1.13242748511766e-15 2.61568544601687e-14 1.16848863918051e-11 4.17204604197252e-11 5.34041699751242e-12 1.11022302462516e-16 5.62316859742395e-13
1.6983081607691e-13 7.35510888815183e-06 2.81275003288783e-13 2.82157741615663e-11 0 5.55111512312578e-17 1.19259059738752e-08 3.19219451014985e-05 1.66965206138681e-06 1.29678794618671e-05 4.73086843391091e-06 0 2.22044604925031e-17 0 6.06386052481867e-12 0 0 1.86517468137026e-15 5.48783241072215e-14 0 0 0 0 1.39110944985532e-14 9.22595333463505e-15 1.89782023429785e-09 8.56198462129143e-09 7.58104345965904e-10 2.06630986765433e-09 1.25214298263288e-08 7.71599618643037e-09 2.09473918322267e-08 1.33503567090187e-08 8.04291881983943e-09 7.83771527679278e-09 6.05661110153477e-10 7.73825448163734e-15 4.44089209850063e-16 4.00502575548245e-10 1.43156675402878e-10 1.96541483088453e-10 3.48165940522449e-14 1.7136678409635e-09 2.14727946534765e-10 4.32630344882057e-09 5.53577501616331e-09 4.12361111923332e-10 2.72898071917993e-09 2.160283696373e-09 1.42909017952775e-12 2.14273043752655e-15 6.99163618111953e-09 8.71337225705204e-09 6.75380724679542e-09 1.80687345086028e-09 8.88178419700125e-17 1.67643676718399e-15 2.31592522936808e-14 1.1468292981931e-11 4.06604083735829e-11 2.05840677836022e-11
2.2646911790325e-09 2.97266744553326e-09 0 5.95110195567017e-09 0 0 4.0645264931527e-14 3.63591766050497e-07 3.12076564735753e-06 2.20696980289814e-06 1.74142268338784e-07 1.53987933515509e-14 0 4.06010558506864e-11 2.32559735247051e-08 0 0 3.42303962952428e-13 2.05480077397624e-13 9.07829367235991e-14 7.66053886991358e-16 0 0 0 1.30939703524291e-13 1.11022302462516e-17 2.27899810134602e-11 4.24771329221585e-14 1.21384013951342e-12 7.01740887620872e-12 1.39555034195382e-14 1.02140518265514e-15 1.11022302462516e-17 3.99680288865056e-16 5.48450174164827e-15 2.39552433445311e-10 0 0 0 2.02615701994091e-12 3.04833602804422e-11 8.61010707176035e-11 3.41037004192302e-08 4.88951525934311e-09 8.89542515203345e-09 1.46974425963009e-09 6.71416444664175e-10 1.12798659301916e-14 1.48244008180143e-09 8.86236795061279e-10 2.27193065471809e-09 1.84069187558755e-08 6.08566846915792e-09 1.53900053811995e-09 1.57747631623906e-09 5.42643630030426e-10 4.22217816264947e-13 0 7.31636973227978e-14 5.06381603315731e-11 1.23464527490569e-10
0.00214716239788769 3.03090885722668e-15 1.27482469025608e-11 0 7.55561678777994e-08 5.17363929475323e-15 0 0 1.55286894454321e-12 4.63756348989541e-08 2.18637660598375e-07 3.31288123267548e-08 9.16000608697232e-12 1.14608322832055e-13 2.89040745560243e-08 0 8.77076189453874e-16 1.31046284934655e-12 4.71610269614509e-08 1.58155710749952e-12 3.23174820238137e-13 8.06659961050116e-11 0 0 4.82169859594705e-14 1.22702970006827e-09 0 0 2.22044604925031e-17 2.47451192869619e-10 1.42229561461704e-12 4.68508676298995e-11 0 0 0 0 0 0 2.67563748934663e-15 4.50138815111245e-12 5.10702591327572e-16 1.66233693477125e-13 7.15419057328859e-10 2.17156874704472e-09 3.78226155950401e-09 4.16404788428082e-10 1.0300824970777e-09 7.71870412030751e-10 2.95724744692194e-10 3.33653360495845e-10 4.46077519367094e-10 5.78940018147733e-10 9.23207932324033e-10 8.39213665226879e-10 7.22177473377883e-10 6.57149967775439e-10 2.97411995031638e-10 4.66810590182831e-11 4.31654711974261e-14 2.56347165716875e-11 1.72084568816899e-15
0 5.01820807130571e-15 0 0 0 0 0 5.05151476204446e-15 0 2.1094237467878e-16 0 2.05624406390825e-13 1.20519150215159e-12 8.07328537355545e-11 3.99680288865056e-16 0 0 5.95301585804009e-14 6.99065122455877e-08 6.97406062899475e-08 1.90175986070074e-10 6.03961325396085e-15 0 2.96778157604649e-12 2.03842448476266e-09 0 1.6192469587395e-11 3.34621219622022e-14 5.55111512312578e-17 1.68975944347949e-14 6.57252030578093e-15 3.77475828372553e-16 1.68197444860851e-10 5.93081139754759e-14 1.10050812907048e-10 9.73828573336277e-11 8.02357069673576e-12 7.54951656745106e-16 1.96981031486132e-10 3.30360860889556e-10 2.34849051317099e-10 4.93112994881528e-11 9.32961308208746e-10 8.21837153885951e-10 7.22494142291197e-10 2.12419748457648e-11 4.81480799674472e-10 1.92278093447129e-10 8.66613696359764e-09 6.22768125957407e-10 5.22588061713236e-10 1.35282249291713e-08 1.71155500883202e-10 1.36421329788305e-10 1.95881988407365e-10 3.31000193920517e-10 1.6726727780636e-10 7.58968665692805e-11 4.67901717371433e-11 3.38259642518324e-11 2.32183272608211e-11
0 0 4.88498130835069e-16 0 0 0 0 0 0 1.27349508716179e-10 0 0 0 2.71076161517669e-11 0 0 7.31636973227978e-15 6.93889390390723e-15 1.72877268056482e-12 3.92130772297605e-14 1.32673794506211e-08 3.7237657402045e-12 5.28466159721575e-15 1.55431223447522e-14 2.06057393370429e-14 1.22124532708767e-16 0 4.32986979603811e-16 1.80133685745432e-13 1.67702529640934e-10 4.56090720746261e-13 1.30573973855519e-10 9.47537270867826e-11 1.37222577745177e-10 5.22876075770284e-11 5.62986435248547e-11 1.3552119426663e-10 1.3311454161169e-10 7.7715611723761e-17 1.20488752308745e-10 4.44089209850063e-16 2.67424848932052e-10 5.76439562749442e-11 1.54352319814421e-10 9.24626708531662e-11 1.08408826360318e-10 1.93910887347215e-10 2.81003398328039e-10 1.6693094684328e-10 1.27354582435402e-10 1.46282108648421e-10 5.14934672679601e-10 1.0843138953387e-08 1.55831747505886e-10 1.17961407308798e-10 7.16860681926335e-11 1.08368192197617e-10 9.0853358170051e-11 8.67798055637081e-12 2.96299540458733e-11 2.30376828724843e-12
0 0 0 1.2401191185063e-14 2.18713935851156e-15 4.44089209850063e-17 3.30784732938128e-11 9.93649607039515e-15 3.33066907387547e-17 4.69624339416441e-15 0 0 0 0 0 4.9737991503207e-14 3.76056963347082e-12 1.59599000681965e-12 1.08718478664116e-11 6.07613959147102e-13 1.28662636100785e-12 5.05239183823392e-12 3.5826230870839e-11 2.15641948742018e-12 0 2.1094237467878e-16 3.09752223870419e-14 1.29674049276218e-14 2.28705943072782e-15 7.7715611723761e-17 3.05311331771918e-15 5.55111512312578e-17 7.7715611723761e-17 7.99360577730113e-16 1.46627820996059e-11 2.59383181600015e-11 9.26266952028243e-11 6.88157308914583e-11 1.31404198633334e-10 1.41449962853812e-11 6.21724893790088e-16 0 8.55283288636599e-11 4.53962090141147e-11 8.9146623416525e-11 3.06101877178833e-10 2.70443800687303e-10 3.26696381058866e-10 2.37708253081337e-10 8.63640492454465e-11 6.55031584528842e-16 3.14347403662651e-10 1.59595148208069e-10 1.58860058441235e-10 4.11980005665669e-11 2.79008038894801e-11 6.09636896520271e-11 5.96077742720524e-11 1.92087457051571e-12 7.43849426498855e-16 0
3.12509544908579e-09 0 2.27612373393526e-12 2.22044604925031e-17 6.4082072981364e-14 1.29896093881143e-15 2.53130849614536e-15 0 0 0 0 0 0 0 0 0 1.11022302462516e-17 7.02486879777808e-10 1.98765517378519e-09 1.05719544229999e-11 4.47419878923938e-15 0 0 1.11022302462516e-16 1.99840144432528e-16 4.07323841322693e-11 5.55111512312578e-16 7.50399742344143e-14 4.10590583754811e-10 2.61457522299224e-14 1.15907283770866e-14 2.89768209427166e-15 7.105427357601e-16 1.59330437732308e-11 8.61006821395449e-12 9.01501095995627e-15 4.24960067135771e-13 7.18801129728774e-11 3.52629725419718e-10 2.12449280390103e-11 0 0 4.6974646394915e-13 2.08899675335772e-11 4.85647744241646e-11 8.31899882314247e-11 1.891713119484e-10 3.1002819200765e-10 2.56524435027217e-10 3.51124052055951e-10 7.7715611723761e-17 1.56253232574954e-11 6.47947251408709e-12 5.80818171336261e-11 1.1428302748584e-12 1.62581059726108e-13 1.24102506049439e-11 0 3.13526982154144e-14 1.10247366791327e-12 1.48603351846077e-12
1.68198788230711e-14 1.21512442330385e-09 8.46788394959219e-10 6.47815134868779e-14 7.5057182691296e-11 3.50830475781549e-15 1.7910117833253e-13 5.76538816687844e-14 1.11022302462516e-17 0 0 0 0 0 0 0 0 0 0 5.21804821573824e-16 8.39184277623417e-13 2.66453525910038e-16 3.21964677141295e-16 2.22044604925031e-17 1.5668899511212e-11 3.25961480029946e-14 4.29656310529936e-15 6.90833168448535e-11 6.54681309164573e-11 5.45337441870686e-11 6.98795687981146e-11 6.70410060799043e-11 4.44089209850063e-17 3.63820085169664e-14 2.0033974479361e-13 5.71986902286881e-14 1.11022302462516e-17 4.44089209850063e-16 2.67827982014524e-12 1.97958316405789e-12 1.01789221496063e-10 4.47039072426492e-11 4.33524882659242e-11 3.10555026139525e-11 5.79257086741336e-11 1.32609478953327e-11 6.24238438717839e-12 5.01556796095315e-11 2.27107554984229e-11 2.62842525522444e-11 4.89268514591856e-11 3.27006643985328e-11 4.31922275723196e-12 0 4.14113188185183e-15 2.39530617562878e-13 7.00522972962858e-12 0 4.56656934488819e-13 6.38467057001435e-13 6.62836452391957e-13
4.70956607045991e-13 2.48689957516035e-15 1.11022302462516e-17 3.33066907387547e-17 7.63833440942108e-15 3.73034936274053e-15 9.77440350879988e-14 1.11022302462516e-17 2.55351295663786e-16 8.11184452942371e-13 0 0 0 0 0 0 0 0 0 1.11022302462516e-17 2.66453525910038e-16 1.22124532708767e-16 5.06705788438921e-14 4.04124511632631e-11 3.08642000845794e-15 4.27978874562029e-11 7.7715611723761e-17 2.22044604925031e-17 1.91480165057101e-13 0 2.22044604925031e-17 3.33066907387547e-17 0 0 8.99280649946377e-16 0 0 3.33066907387547e-17 0 0 1.11022302462516e-17 9.02388164192303e-12 2.07278638697517e-14 8.28448420975292e-14 6.3726801613484e-15 0 1.10080833337634e-12 3.2529756666122e-12 3.2667535343478e-12 1.6977086403358e-12 5.28267429800167e-12 7.84582399049327e-12 3.35609318113939e-12 3.8880010322373e-14 0 1.11022302462516e-16 9.90096893360715e-13 1.76496450787766e-10 1.40998324127395e-15 5.97266680557595e-13 1.75082170983387e-14
1.50497423190288e-08 5.36403086393022e-09 1.39511735497422e-12 1.90514271025677e-14 2.50910403565285e-15 1.11022302462516e-17 2.88657986402541e-16 5.14033260401447e-15 1.29817268046395e-12 2.7583491046812e-13 2.07389660999979e-14 2.1094237467878e-16 0 0 0 0 0 0 0 1.06581410364015e-15 4.44089209850063e-17 4.41879755008756e-11 3.66373598126302e-16 3.33066907387547e-17 1.88737914186277e-16 3.33066907387547e-17 2.22044604925031e-17 3.29487548356155e-12 1.55297996684567e-13 0 0 2.22044604925031e-17 8.88178419700125e-17 1.11022302462516e-17 6.66133814775094e-17 0 1.11022302462516e-17 1.11022302462516e-17 5.25135490647699e-15 5.15689713154188e-12 7.18638482055667e-12 1.52433621281034e-13 7.7715611723761e-17 7.93809462606987e-15 8.47211190091457e-14 1.30214727889211e-12 2.19879670027012e-13 1.11022302462516e-17 1.11022302462516e-17 2.49305021071677e-12 3.38650218978387e-12 1.21014309684142e-15 0 5.93969318174459e-15 8.25961521400132e-13 2.44804176929847e-12 2.02593497533599e-13 9.41469124882133e-14 1.53121959556302e-13 1.11022302462516e-17 0
2.09455786048807e-11 1.8181970384834e-08 2.64677169070637e-14 7.92255150372512e-14 0 0 3.67483821150927e-15 1.45794487593776e-13 9.56568158017035e-14 0 1.97919458599927e-13 4.44089209850063e-14 1.02140518265514e-15 5.32907051820075e-16 0 0 0 0 6.98219260186761e-14 3.66373598126302e-16 3.33066907387547e-17 1.4432899320127e-16 4.44089209850063e-17 3.29736238313671e-15 4.44089209850063e-17 4.87387907810444e-15 2.22044604925031e-17 0 1.99840144432528e-16 0 0 0 0 9.99200722162641e-17 2.22044604925031e-17 0 0 0 1.30451205393456e-14 0 1.80966353013901e-14 1.11022302462516e-17 0 0 4.28501678584325e-13 5.04973840520506e-13 5.55111512312578e-17 2.55351295663786e-16 2.55573340268711e-14 0 0 0 1.69786407155925e-12 3.56037421767041e-13 1.09755537991418e-12 1.08588693592537e-12 5.38991073995021e-13 0 0 0 0
3.1578961667833e-12 1.04021001268162e-07 6.46055431374748e-12 0 0 2.22044604925031e-17 5.45219425163168e-13 4.44089209850063e-17 6.42319530896884e-13 0 2.22044604925031e-17 0 7.01660951563099e-15 0 0 0 0 0 2.66453525910038e-16 9.2148511043888e-15 1.11022302462516e-17 1.11022302462516e-17 2.63122856836162e-15 1.11022302462516e-17 0 1.11022302462516e-16 0 0 0 0 0 0 2.77555756156289e-16 1.11022302462516e-17 2.22044604925031e-17 0 4.58189042262802e-13 7.30526750203353e-14 0 0 4.47419878923938e-14 0 1.55431223447522e-16 5.84532422465145e-14 8.32667268468867e-16 1.67477143264705e-13 0 0 0 7.34967642301854e-15 1.54443124955606e-13 6.66133814775094e-17 3.58146845513829e-13 8.04234456808217e-13 2.37254660362396e-13 1.11022302462516e-17 0 0 0 0 1.11022302462516e-17
2.07833750209829e-14 6.66133814775094e-17 3.47805118039446e-12 5.55111512312578e-17 6.10622663543836e-16 4.9176052119293e-11 0 1.11022302462516e-17 0 1.66533453693773e-16 7.22755189030977e-14 0 2.33146835171283e-16 0 0 1.31916699785961e-13 0 7.24398319107422e-13 0 2.40918396343659e-15 1.57651669496772e-15 1.11022302462516e-17 0 4.44089209850063e-17 1.34336985979644e-15 2.08721928629529e-15 0 0 0 0 1.11022302462516e-17 2.22044604925031e-17 0 0 0 0 5.44009282066327e-16 4.44089209850063e-17 0 0 2.34590125103296e-14 2.17825757431456e-14 0 3.25073301610246e-14 2.14273043752655e-15 4.422018307082e-14 0 0 0 4.69402294811516e-14 1.08713038571295e-13 5.55888668429816e-14 2.38986608280811e-13 4.30844249166284e-13 2.07367456539487e-13 9.64783808399261e-15 0 0 0 0 0
3.60411700484065e-12 2.01216820983063e-13 3.6498581934552e-13 2.50910403565285e-15 9.17044218340379e-15 4.35762537165374e-14 0 6.66133814775094e-17 0 0 0 0 0 0 3.5527136788005e-16 5.20296095096739e-10 9.10382880192628e-15 1.88737914186277e-16 4.03121980241394e-14 1.47799106287039e-11 4.39204228541712e-14 0 0 1.87161397491309e-13 5.12923037376822e-14 0 0 0 0 0 0 0 0 0 0 0 0 0 0 0 9.11493103217253e-15 1.04916075827077e-14 3.96349619791181e-15 2.22044604925031e-17 2.33146835171283e-16 0 0 0 9.99200722162641e-17 2.57416310489589e-13 8.23119350457091e-14 1.30984112445276e-13 8.50541859165332e-14 3.28070903776734e-14 1.07136521876328e-14 0 6.15063555642337e-15 1.47726275656623e-13 0 0 0
3.08952863292689e-13 4.9960036108132e-16 2.88657986402541e-16 5.04651875843365e-13 1.27808874594848e-13 1.92956761679852e-14 8.72635297355373e-15 2.8421709430404e-15 7.105427357601e-16 6.96109836439973e-15 7.11986025692113e-14 6.11732886568461e-15 0 0 0 1.55431223447522e-16 9.25770571313933e-13 2.39808173319034e-15 7.7715611723761e-17 1.66533453693773e-16 0 0 1.11022302462516e-17 0 0 0 0 0 3.77475828372553e-15 1.11022302462516e-17 1.66533453693773e-16 0 0 0 0 0 0 0 0 0 0 0 0 0 0 0 5.55111512312578e-16 2.33146835171283e-16 4.44089209850063e-17 4.92939022933569e-15 0 2.04170014228566e-14 2.33146835171283e-14 0 0 0 2.96429547574917e-15 2.83106871279415e-15 0 0 0
0 1.11022302462516e-17 4.17110790351671e-14 3.33066907387547e-17 2.78665979180914e-15 0 1.94844140821715e-14 4.75175454539567e-15 0 0 2.8421709430404e-15 0 0 0 0 1.33226762955019e-16 0 3.33066907387547e-17 0 0 2.22044604925031e-17 0 4.10782519111308e-16 0 6.34370334040568e-13 0 0 0 0 0 0 0 0 0 0 0 0 0 0 0 0 0 0 0 0 0 0 0 0 0 0 0 1.11022302462516e-17 6.03961325396085e-15 0 0 1.66533453693773e-16 0 0 2.99760216648792e-16 0
9.99200722162641e-17 9.2148511043888e-16 9.99200722162641e-17 0 0 0 2.29816166097407e-15 1.11022302462516e-17 1.33226762955019e-16 4.10782519111308e-15 0 1.11022302462516e-17 0 0 0 6.66133814775094e-17 3.45279360658424e-15 1.12132525487141e-15 1.11022302462516e-17 0 0 0 0 0 0 0 0 0 0 0 0 0 0 0 0 0 0 0 0 0 0 0 0 0 0 0 0 0 0 0 0 1.33226762955019e-16 0 0 0 0 0 0 2.22044604925031e-17 1.99840144432528e-16 3.66373598126302e-16
1.17198333260404e-09 6.10622663543836e-16 1.11022302462516e-16 0 0 2.22044604925031e-17 1.11022302462516e-17 0 0 7.79043496379472e-14 6.66133814775094e-17 4.21884749357559e-16 0 0 0 1.11022302462516e-17 3.3767877383184e-12 0 8.16124945401953e-14 0 0 1.66533453693773e-16 0 0 4.21884749357559e-16 0 0 0 5.90638649100583e-15 0 0 0 0 0 0 0 0 0 0 0 0 0 0 0 0 0 0 0 0 0 0 0 0 0 0 0 0 0 0 0 0
5.31241717283137e-14 3.62865293368486e-13 1.11022302462516e-17 1.11022302462516e-17 9.50350909079134e-15 0 0 0 6.01402871946988e-10 1.55431223447522e-16 0 0 0 3.77475828372553e-16 0 5.55111512312578e-17 2.22044604925031e-17 0 7.94919685631612e-14 0 0 0 2.22044604925031e-17 0 0 0 0 0 0 0 0 0 0 0 0 0 0 0 0 0 0 0 0 0 0 0 0 0 0 0 0 0 2.22044604925031e-17 0 0 0 0 0 0 0 0
1.11022302462516e-17 1.11022302462516e-17 0 0 0 2.72559752545476e-14 2.66453525910038e-16 2.20934381900406e-15 1.00562891347522e-12 3.29403171406284e-14 4.44089209850063e-17 0 0 0 0 4.10782519111308e-16 4.44089209850063e-17 2.88657986402541e-16 0 0 2.55351295663786e-16 0 7.12541137204425e-14 4.64047689163749e-12 2.93098878501041e-15 1.11022302462516e-17 0 0 0 7.7715611723761e-17 0 0 0 0 0 0 0 0 0 0 0 0 0 0 0 0 0 0 0 0 0 1.11022302462516e-17 0 0 0 0 0 0 0 0 0
2.28705943072782e-15 2.38808972596871e-14 5.22359933086136e-14 7.02771174587724e-15 9.54791801177635e-16 1.6769918786963e-13 0 2.22044604925031e-17 0 0 2.42028619368284e-15 1.13020703906841e-14 4.03010957938932e-15 2.21089813123854e-13 1.26295085500772e-11 2.42028619368284e-15 0 5.55111512312578e-17 0 0 0 0 0 0 0 7.7715611723761e-17 1.97508676080815e-14 1.94436244882468e-11 0 0 0 0 0 2.22044604925031e-17 0 0 0 0 0 0 0 0 0 0 0 0 0 0 0 0 0 0 0 0 0 0 0 0 0 1.11022302462516e-17 0
0 1.84963155902551e-14 1.29896093881143e-15 6.53921361504217e-15 2.54367638063968e-12 2.24543716953463e-12 7.96649826106943e-09 3.57295426578474e-10 3.21076498721595e-14 5.1359561048514e-11 3.88578058618805e-16 4.72955008490317e-15 1.36644806580932e-11 9.36759558811673e-12 1.50801593434835e-13 0 0 2.22044604925031e-17 1.94433358302604e-13 0 0 3.33066907387547e-17 0 0 0 4.44089209850063e-17 2.22044604925031e-17 1.22735155372311e-13 0 0 0 0 0 0 0 0 0 0 0 0 0 0 0 0 0 0 0 0 8.59678994657997e-13 0 0 0 0 0 0 0 0 0 0 0 0
8.41355668468324e-09 1.11022302462516e-17 5.55111512312578e-17 2.23487894857044e-14 8.20454815197991e-15 0 5.96496185778506e-12 1.96509475358653e-14 4.22090473684023e-11 1.43829898657799e-08 1.26565424807268e-15 0 6.20359319469799e-13 1.11022302462516e-15 1.11022302462516e-17 0 0 0 6.16173778666962e-15 0 0 0 0 0 0 2.66453525910038e-16 0 6.68687327731732e-14 0 0 0 3.33066907387547e-17 0 0 0 0 0 0 0 0 0 0 0 0 0 0 1.22124532708767e-16 0 0 0 0 0 0 0 0 0 0 0 0 0 0
0 0 1.4432899320127e-16 5.55111512312578e-17 3.25073301610246e-14 3.7471288294455e-09 2.29159735043449e-07 7.22985893375494e-11 3.39950290140223e-13 8.44879721739744e-14 6.41384945154755e-10 2.37587727269783e-15 7.7715611723761e-17 0 3.33066907387547e-17 0 1.33226762955019e-16 0 0 0 0 0 0 0 0 7.94884158494824e-11 0 0 0 0 0 1.11022302462516e-17 0 0 0 0 0 0 0 0 0 0 0 1.11022302462516e-17 1.11022302462516e-17 0 0 0 0 0 0 0 0 0 0 0 0 0 0 0 0
0 0 0 2.18158824338843e-14 2.17381668221606e-14 6.16195983127454e-13 4.89755214161391e-10 3.67362140707428e-11 1.61257673880755e-12 2.59449487116647e-08 2.82227241577004e-10 6.94538973156078e-07 9.89885097890664e-08 0 0 0 1.11022302462516e-17 0 0 0 0 0 0 5.55111512312578e-17 1.20348175869367e-14 0 0 0 0 0 0 0 0 0 0 0 0 0 0 0 0 0 0 0 0 0 0 0 0 0 0 0 0 0 0 0 0 0 8.77076189453874e-16 5.88418203051333e-16 0
0 8.86957174373038e-14 7.21644966006352e-16 3.69345665163223e-12 7.14051040517916e-13 3.8702152593828e-11 4.76909511881729e-11 2.51556575570078e-10 1.84817161574813e-10 8.93918272737437e-12 4.93627239084304e-10 9.95682425397604e-10 2.683409050519e-14 1.86617388209243e-13 3.33066907387547e-17 5.55111512312578e-17 0 0 0 0 0 0 0 0 0 0 2.44249065417534e-16 2.99760216648792e-16 0 3.33066907387547e-17 0 0 0 0 0 0 6.66133814775094e-17 0 0 0 0 0 0 0 0 0 0 0 0 0 0 5.57331958361829e-15 0 3.77475828372553e-15 0 0 0 0 0 0 0
