Maxent_result_files_1/Bombus_quadricolor_2.asc
NCOLS 594 
NROWS 330 
XLLCORNER -15 
YLLCORNER 23 
CELLSIZE 0.166666666666667 
NODATA_value -9999 
[rows 240 to 259 of 330, columns 368 to 413 of 594]
1.32593566945616e-05 8.95393207223094e-06 1.03605687549191e-05 3.56358998701012e-06 1.97228896468005e-06 1.51945601363224e-06 1.31832029452994e-06 1.64718820414578e-06 1.53844555541127e-05 2.99538247531927e-05 2.56670693772776e-05 1.43201439243512e-05 3.9555064893193e-05 0.00138447721037664 0.00854650482069701 0.00147545026848093 -9999 -9999 -9999 -9999 -9999 -9999 -9999 -9999 -9999 -9999 -9999 -9999 -9999 -9999 -9999 -9999 -9999 -9999 -9999 -9999 -9999 -9999 -9999 -9999 -9999 -9999 -9999 -9999 -9999 1.48205877237295e-08
0.000172950178716746 5.53321358125913e-05 9.09185212663033e-06 4.35264586364781e-06 6.036073287774e-06 4.65695752840389e-06 1.75942161419584e-05 2.56317981154552e-05 3.19559000530489e-05 1.37750322920738e-05 2.05904672853308e-05 8.3449052482365e-06 1.99038355333414e-05 0.000108064453536372 0.00870189447887242 0.00357918544104905 -9999 -9999 -9999 -9999 -9999 -9999 -9999 -9999 -9999 -9999 -9999 -9999 -9999 -9999 -9999 -9999 -9999 -9999 -9999 -9999 -9999 -9999 -9999 -9999 -9999 -9999 -9999 -9999 -9999 1.59263893961814e-08
3.33063095041553e-05 1.63339821376951e-05 2.70808043714155e-06 1.65460824264052e-06 1.56061056224566e-06 1.55310651814844e-06 1.21420411218764e-06 7.94462599529311e-07 5.18523844448282e-06 1.63257778247328e-06 2.58087094948678e-06 2.16890493991428e-06 1.86154521770732e-05 0.000283210911948117 0.00127391444111709 0.00465169940143824 0.0015374860027805 -9999 -9999 -9999 -9999 -9999 -9999 -9999 -9999 -9999 -9999 -9999 -9999 -9999 -9999 -9999 -9999 -9999 -9999 -9999 -9999 -9999 -9999 -9999 -9999 -9999 -9999 -9999 -9999 2.61669387380259e-08
1.98292088100516e-06 5.91301342716122e-06 2.17807373603662e-06 1.04676119656588e-06 1.18513082409955e-06 1.05678826214373e-06 8.40838046500814e-07 5.14643922389091e-07 7.27472470529733e-07 1.46223294779091e-06 2.17324821285558e-06 1.31399960947576e-06 5.23669269156812e-06 5.55610063599943e-05 0.000338579517847393 0.00149446815776173 0.00312386248260736 0.000853756256401539 1.51260034013334e-05 0.000132886720462011 0.00026025718798337 6.98459439149701e-05 -9999 -9999 -9999 -9999 -9999 -9999 -9999 -9999 -9999 -9999 -9999 -9999 -9999 -9999 -9999 -9999 -9999 -9999 -9999 -9999 -9999 -9999 -9999 6.98654180619762e-08
6.69799151076234e-07 3.0135299352807e-06 5.00492333728175e-06 2.38194230615107e-06 1.40691723773401e-06 1.07160493865166e-06 6.26325574115683e-07 5.7704825231486e-07 6.0670118771089e-07 3.63166504580015e-07 1.08184132070477e-06 1.34107104732273e-06 8.06089036586855e-07 4.83432158233654e-06 1.02453368924671e-05 0.000453253792511532 0.0052214780007489 0.000510063754222756 5.76452011955553e-05 0.000136516817617749 0.000379713150869065 0.000581148019045941 1.76341095463939e-05 7.11838812927912e-06 -9999 -9999 -9999 -9999 -9999 -9999 -9999 -9999 -9999 -9999 -9999 -9999 -9999 -9999 -9999 -9999 -9999 -9999 -9999 -9999 -9999 -9999
1.67238341028941e-06 3.4582691330165e-06 9.99702370130251e-06 8.423727726381e-06 2.30111680705747e-06 6.85701149905071e-07 4.31497656361302e-07 2.5591558870941e-07 4.68684239374184e-07 4.55281500588711e-07 2.99472012788016e-07 1.25399164376816e-06 3.96548835741584e-06 2.38844505773272e-06 1.78040372205146e-06 5.9990535464749e-05 0.00127817172469804 0.00568153435597196 0.00177606485958677 0.00257136506843381 0.00110709800646873 0.00202630229759961 0.00188397981692106 3.08730485177766e-05 -9999 -9999 -9999 -9999 -9999 -9999 -9999 -9999 -9999 -9999 -9999 -9999 -9999 -9999 -9999 -9999 -9999 -9999 -9999 -9999 -9999 -9999
9.56482581138118e-07 2.21201654220238e-06 8.86593670266223e-06 2.22351394100428e-05 2.97668680985907e-05 8.84166118026997e-06 1.02531406547257e-06 3.56837693360479e-07 7.78386933819597e-07 5.41802689524307e-07 4.37659077079378e-07 1.09217292703079e-06 6.17140983347753e-06 1.6516266783384e-05 1.4662595418713e-06 5.63941398645795e-07 4.00539180542836e-06 0.000228358569438569 0.00380059733288363 0.00319097092142329 0.0133335028775036 0.00205373263452202 0.00374125159578398 0.0176818480249494 0.0572402318939567 0.00162177952297498 -9999 -9999 -9999 -9999 -9999 -9999 -9999 -9999 -9999 -9999 -9999 -9999 -9999 -9999 -9999 -9999 -9999 -9999 -9999 -9999
6.7873071802893e-07 1.11386170953409e-06 9.20018151191471e-06 4.79078431652624e-05 3.26243456740372e-05 3.42785612531316e-05 1.80492699492163e-05 2.66587363233484e-06 1.4366540761479e-06 3.41562064658518e-06 1.65063112125274e-06 7.11876207493134e-07 4.38320985090002e-06 9.05685470549145e-06 7.09606247824013e-06 1.33474248995569e-06 1.21082923350002e-06 6.93786764145443e-06 0.000276755548111396 0.000290050488547422 3.82980771519215e-05 1.82378652993975e-05 8.88916216808866e-05 0.000238818563775567 0.000260201308537944 0.00531683670124039 0.00328898481093347 0.000299574077962461 -9999 -9999 -9999 -9999 -9999 -9999 -9999 -9999 -9999 -9999 -9999 1.7409336302876e-05 3.84289909334257e-05 3.3705016494423e-05 3.70696938860604e-06 1.31071358850043e-05 1.9222785601869e-05 3.06402480873658e-05
7.58395101385645e-06 2.19403762926618e-06 1.29411954254977e-05 1.78775609114723e-05 8.76033141921084e-06 2.03327340997816e-05 2.98412273522786e-05 8.63901026093572e-07 1.02579168990147e-06 1.43845947100374e-06 4.04464900896073e-06 1.26531590591838e-06 1.47601262909802e-06 1.16748833054459e-06 7.15910825910271e-07 5.7319251451915e-06 3.90308075735035e-06 6.10441858146515e-06 1.61526017503633e-06 3.13716079354265e-06 3.32471607382701e-06 6.99060721949252e-06 4.45925993020069e-06 1.25358452521596e-05 2.74405864445271e-05 0.000600047222360445 0.00218082110513933 0.00955636180005968 0.0108197978232056 0.0039599008159712 0.00294307352887699 0.000789405175601132 0.000501248446380487 -9999 2.7086666904097e-05 3.71030513832693e-06 3.72526426990483e-06 7.63347124987934e-07 2.15981841444224e-05 1.98074210818078e-05 8.92454560507128e-06 0.000238110507003597 0.000143760791070235 9.80873992375564e-05 3.34217056661146e-05 2.04332382907069e-06
0.000139924515224266 2.90318613679119e-05 6.25056839140825e-06 6.87474370835162e-06 6.55617198646041e-06 2.35232365760396e-05 3.67115215922809e-05 3.24893896230805e-06 1.04015211319641e-06 7.30165737516941e-07 1.68406147253997e-06 6.42417121987648e-07 1.41947754119798e-06 1.76083200145172e-06 9.18426751184143e-07 5.36423351071846e-07 3.64039017650697e-06 1.49810435892128e-06 7.09439859614136e-07 7.81716182807202e-07 1.24460755905886e-06 4.36104642664858e-07 1.23814847325932e-06 2.46264438530375e-06 2.67551813859512e-06 3.53004728097517e-06 0.000209268982996491 0.000134228825535843 0.00139123670051049 0.000474482618301408 0.00223790663803811 0.000366377164027654 0.000291593385190936 0.00249878600006923 0.0024328455561772 0.000391275958099868 0.000298994847457834 0.000109537780440405 5.36265533411795e-06 0.000100606896845812 0.00104726016288623 0.000307690118279425 0.000119986442405207 4.99726741054474e-05 9.78601943870672e-06 1.30852531619041e-06
1.8689884137757e-05 8.15273564285235e-06 1.93165637313086e-05 4.0120868945337e-05 2.10645908993001e-05 9.97924825334451e-06 2.89808226741073e-06 2.40373591227083e-06 1.50983476525646e-06 3.69574659830896e-07 7.77827575637602e-07 8.71390841528097e-07 9.78059246392604e-07 4.28779818406611e-07 9.99632713671872e-07 1.92994405798785e-06 3.71302629886827e-07 1.84063153776393e-06 6.17114191636681e-07 4.57807714560055e-07 1.34846680532874e-07 2.58461887892025e-07 3.91809163435841e-07 1.97595500717185e-07 8.72275678354129e-07 3.7533427780545e-05 9.7243096291777e-06 1.25933308030568e-05 0.000267308542515821 0.000243224190217006 0.000188929677096894 9.09247840581884e-05 4.0025679544442e-05 1.57032714803051e-05 0.00040656329056219 0.000651982384442817 0.00244921540142968 0.0017253093625186 0.00149880793469492 0.000372015429456951 0.000182462231532554 4.37148410583177e-05 5.56810635771399e-05 9.87424203913179e-07 1.09798979228692e-06 2.02343311208608e-06
3.50671385149326e-05 3.5768631096289e-05 2.5509194651363e-05 2.06090332099507e-05 1.05951593489806e-05 5.69291698440111e-06 1.82763475976344e-05 2.5914331620136e-06 9.87280136865998e-07 6.59821662596372e-07 1.11947149797231e-05 4.3873078672263e-07 5.69050872627486e-05 1.44163144248921e-06 6.72245451749376e-07 9.85138615572367e-07 1.30355883283251e-06 7.72846730656695e-07 1.66898644837765e-07 2.04053177155217e-07 9.32590908497843e-08 6.40411929819784e-08 6.53000347794475e-08 7.41894859990211e-08 4.19574825327729e-08 3.30117872859859e-07 1.41313636241591e-06 2.4489242873571e-06 7.80593600325119e-05 5.5680765987276e-06 7.86236474166202e-06 5.17199171734539e-06 8.82340713168617e-06 4.87597955127761e-06 2.49513639360544e-05 1.88459520188644e-05 8.86211349893529e-05 0.000144671433235999 0.000123328423478597 3.21032072520211e-05 7.50826572470942e-06 3.36672816729333e-05 9.98250501424991e-06 3.85602014176811e-06 5.55128109525071e-07 2.92702247417509e-07
6.74239526574638e-05 6.3498254849037e-05 4.74681603861882e-05 1.18286921974686e-05 5.10441430670028e-06 3.07129744561152e-06 2.27120745810439e-06 2.38483693291158e-06 1.8020891130277e-05 2.54339579370821e-06 6.41368174580936e-07 6.00723440202788e-07 6.09592730327346e-07 6.26253776125907e-07 6.36216225480268e-07 5.6591621224733e-07 9.74429732059079e-07 5.4047414931313e-07 2.73412231688308e-07 5.95446598916638e-08 7.68419952335009e-08 2.74208554640332e-08 5.25880737956008e-08 4.42968642211383e-07 1.64532298008169e-07 5.16051805732332e-08 5.02430924753661e-08 7.92339873556536e-07 8.64600997685372e-07 1.60181820942906e-06 3.32873081458907e-06 1.5193820210424e-06 6.36354797229899e-06 4.85973952484287e-06 5.99333145334668e-06 3.77586800190954e-06 1.54753237019634e-05 2.27430146992447e-05 1.0945764643111e-05 7.60458501076755e-06 1.86164721014848e-05 1.59191172485862e-05 2.12120678213523e-06 5.11215460363701e-07 1.99902706432553e-07 1.33608813068786e-07
0.000122606659067515 0.000263523272110433 5.11550151657048e-05 1.67048373690193e-05 1.48591288677835e-05 9.47413132372787e-06 4.58737066644233e-06 2.24608534828974e-06 1.031687461861e-06 1.48560194634939e-06 9.63868015046998e-07 1.94752542526544e-05 7.51908647611543e-07 3.12961108079435e-05 1.04027679848073e-06 1.08151870215067e-06 4.156312212511e-07 1.88815866886127e-07 2.5118949936731e-07 2.4980861142998e-07 2.0190801918174e-07 6.08358853626534e-08 2.68949006398955e-08 4.10827120655988e-08 1.30089087102547e-06 9.51053151121428e-08 5.84115485535719e-08 9.02888363618626e-07 6.41007090229628e-07 0.000129955888297006 0.19245484568246 8.47144322313476e-07 9.13640024080564e-08 1.64787557865864e-07 1.13619540771381e-06 1.41702817074929e-05 7.32133669600898e-06 7.24353540348943e-07 6.98182213909604e-07 1.40099438326047e-06 1.63659726268861e-06 7.53360341931852e-07 3.35691938246896e-07 1.1826840410345e-07 1.04619287955021e-07 6.35166887530403e-08
2.16491360788496e-05 4.52234686548536e-05 5.92570551020799e-05 2.96558728166474e-05 7.7614255157954e-06 8.84955382289831e-06 5.39887557380325e-06 3.42168787490493e-06 2.48771245177082e-06 3.50847965421508e-05 1.02824485225028e-05 1.81936598323773e-05 1.20099679299379e-06 1.3023303906845e-06 1.52217967102075e-06 1.40672867718905e-06 1.76394666091539e-06 4.74416351592399e-07 3.54968893245822e-07 1.50973466450655e-07 1.55679458457847e-07 2.1537714653963e-07 8.48196895719688e-08 2.90204637209968e-08 2.38959084519763e-08 1.28491979500822e-08 2.58105083728033e-07 5.61809917476452e-09 1.39341509886037e-08 9.49339354572309e-08 0.00166500737099221 2.9253275868335e-08 5.449167332916e-08 1.37804248567797e-08 1.18561747441959e-07 1.16625025281536e-07 6.4022815053022e-06 1.13528621570325e-07 8.45970430418674e-07 5.69849194853589e-07 1.01309278410788e-07 2.41068311646053e-08 8.06998419200511e-09 2.16038704814459e-08 1.96742780955717e-08 2.59101245791982e-08
4.21161527583536e-05 1.0785945714531e-05 2.08593932370604e-05 2.65175676219087e-05 5.64782835610345e-06 4.85037438693325e-06 5.70735141565137e-06 2.38538223058526e-06 7.50902017784938e-05 6.30044708827882e-05 1.12884732644147e-05 9.2978424457435e-07 1.15000603218007e-06 6.9253693046889e-07 9.3631135689165e-07 5.41942622600544e-07 1.4935444103692e-07 6.51585515321074e-07 7.82046446146101e-07 7.15921510341388e-07 5.37409745682282e-07 1.71785120683943e-07 3.98937965151447e-07 2.02798660309256e-08 1.97010271985043e-08 1.53202520225548e-08 1.02231496823535e-08 6.39211079622726e-09 6.91827527488087e-09 2.97502484869483e-09 1.88452966565222e-09 1.91839155672113e-09 8.51780290744841e-10 1.55220588604621e-09 3.66912652483009e-09 1.15650007570522e-08 1.52607663728155e-08 4.19567134701815e-08 6.03674902177609e-08 2.44241007529844e-08 1.96710500888209e-08 1.67973690401446e-08 1.05868047883817e-08 1.43002294672456e-08 1.24187762629013e-08 2.1243183556674e-08
2.60699717529178e-06 1.32046403336972e-05 6.17181498625996e-05 3.02105545131326e-05 1.07031848102679e-05 3.99288664283404e-06 2.31881004140178e-06 1.00631475703494e-06 2.21464290746098e-05 3.20132874822576e-06 1.51944646518132e-06 2.29223896441866e-06 1.279658346931e-06 5.97139221092391e-07 5.32644499129376e-07 2.28471298413524e-07 1.11837556460159e-07 1.84803617830909e-07 3.47674568068612e-07 2.54435415447674e-07 2.62051458987944e-07 1.66179978311476e-07 1.395453455455e-07 4.0064657491623e-08 9.94795078534949e-09 1.14915376103752e-08 5.37444052595149e-09 4.17547468822832e-09 2.45551502464636e-09 2.97808114835263e-09 2.44083209199886e-09 7.22763704441576e-10 6.95248547621929e-10 1.39828887357751e-09 1.35498003928092e-09 2.40967361619937e-09 1.48357581775116e-09 2.27168507338504e-09 7.77934757723031e-09 8.52002647322436e-09 9.57045445115767e-09 8.72416693331601e-09 8.49097747668281e-09 7.74056844177196e-09 6.89098023087809e-09 6.7965686412208e-09
1.09550354068233e-05 9.03852034639385e-06 2.28648292392109e-05 7.13053434537869e-06 1.1807122598384e-05 1.06852452830708e-05 9.43003908560058e-07 4.67542646589436e-06 8.25441388343506e-06 5.80883654244246e-07 6.61238133403685e-07 1.66982111329261e-06 1.40445931684496e-06 4.82125652823129e-07 3.98180896921119e-07 2.70304519034426e-06 8.64980732151466e-08 1.25527966388095e-07 7.92554825657099e-08 5.09128679624382e-06 1.53483748133176e-07 4.3316199938026e-08 3.23677054714366e-08 8.32617391699486e-09 7.16097441344488e-09 4.31665754252464e-09 2.67117481467238e-09 2.02334680121652e-09 2.26974573580563e-09 1.92272545662675e-09 1.3786072949884e-09 4.74272709993784e-10 7.72750574640213e-10 1.81486070616188e-09 2.50518010780354e-09 3.74048321205578e-09 2.66080184552209e-09 1.73523106994367e-09 3.73381927598615e-09 4.02982153202558e-09 4.42648256937517e-09 4.53019196600124e-09 4.65845729769043e-09 4.65379549341449e-09 4.13938955334814e-09 3.87910406018932e-09
1.23794392280274e-05 7.12030167051125e-05 9.46688461453959e-06 9.3533272405466e-06 3.84576095342481e-06 2.14887785574547e-06 1.09304408582034e-06 7.07363317786758e-07 5.94121661379177e-07 1.56493589393847e-06 4.81915749084294e-07 6.5835610385534e-07 6.06644795375644e-07 2.67231801864831e-07 3.53677683051501e-07 1.94530690877937e-07 4.94741510514984e-07 2.60985141942172e-07 5.62261605594472e-06 8.17002374642328e-08 4.0968603109981e-08 4.30876004098302e-08 2.25381683871539e-08 1.70576923363974e-08 3.12072779840022e-09 1.93065088360811e-09 7.84791664987239e-10 2.40562599840288e-09 1.58989873488835e-09 1.69643927794283e-09 1.11726338181128e-09 7.15630799064115e-10 4.13535139465182e-10 8.50269066265952e-10 1.30677334508889e-09 1.71058612830066e-09 1.86802299184663e-09 1.98846792365259e-09 2.03904737539062e-09 2.55528348480638e-09 2.55548628924629e-09 2.78929855879184e-09 2.95318699494729e-09 2.67702591205676e-09 2.39568511695154e-09 1.98550469399095e-09
6.43051660205174e-06 2.38705573281095e-06 8.49379160570152e-06 1.41751883262486e-06 1.38281489512337e-06 4.2742866298795e-06 1.3007522007058e-06 1.14500990093802e-06 4.7070216400158e-07 3.04336552670037e-07 4.86636291174847e-07 2.80057139736556e-06 2.15855393918218e-05 1.77068958727489e-05 4.50393104745039e-07 4.03368772117219e-07 1.24955627267553e-07 1.02870911860009e-05 1.91087092602515e-06 9.00875245868349e-07 6.37965866800982e-07 1.30268547715584e-07 1.0229387393812e-07 1.23599596668633e-08 5.30356824013367e-09 1.31399303660018e-09 1.65278246644363e-09 2.0797571886888e-09 6.18301088106676e-10 1.14065431544574e-09 8.87097462154429e-10 7.4032852070971e-10 8.27074231324332e-10 1.20453654828268e-09 9.61803936494476e-10 1.60823069306204e-09 1.18351919375925e-09 1.49830418072483e-09 1.7272519747813e-09 1.86273692026617e-09 1.4797829517299e-09 1.52973742562068e-09 1.44379610489409e-09 1.46275476176072e-09 1.14426939035184e-09 1.24338154217085e-09
