Maxent_result_files_1/Bombus_sulfureus_3.asc
NCOLS 594 
NROWS 330 
XLLCORNER -15 
YLLCORNER 23 
CELLSIZE 0.166666666666667 
NODATA_value -9999 
[rows 140 to 159 of 330, columns 440 to 483 of 594]
0.00835872695315629 0.0021332899807021 0.00693813797552139 0.00391445200657472 0.00812171353027225 0.00749899677466601 0.000143211341764982 2.62286941254963e-07 1.61762948036603e-08 3.53686200660341e-08 2.64326773269374e-06 7.94002331661048e-09 3.0945662254922e-09 2.71535207430063e-08 0.000132252427647472 1.18142284732947e-08 7.11052879909246e-09 1.4798798619875e-08 9.17024627344887e-09 1.1108975526497e-05 1.16877062283915e-07 4.20544035151238e-09 3.63856347895819e-07 4.17080221470911e-08 2.66757589462152e-08 6.21872334738427e-09 1.1326859117311e-08 1.2498521306803e-08 3.47218332641397e-08 2.9117027406933e-07 6.34233619289937e-08 9.72590416759012e-08 8.34565613283544e-09 6.20188235211927e-09 4.7056634699949e-09 2.36158128386066e-08 6.47879296522547e-07 3.30562642703036e-08 9.02868482199892e-09 5.95001713454835e-09 7.25026449988064e-10 4.45696033413157e-09 3.6621804810899e-09 2.28788103973088e-07
0.00209390992531553 0.00162982816109434 0.00355054469546303 0.00468974746763706 0.00738223569933325 7.10621522586052e-06 8.32132715913758e-05 1.21000308994645e-08 2.44015452288693e-09 4.00892692375976e-09 8.03104971414115e-09 1.2950929728639e-08 1.19009303967133e-08 2.2804705728241e-07 6.07132494501172e-07 3.70589365283891e-07 7.55087700143875e-09 1.25342841095222e-07 9.32547713494714e-09 9.25251912864411e-09 2.75902571789111e-08 6.23081378714474e-08 9.24442633554179e-10 2.27053730261773e-09 5.91281656969755e-10 1.03590982569735e-08 4.70811201136456e-09 4.47067551867519e-09 2.62608888745852e-08 2.78306479639667e-08 5.88805102452739e-09 4.32776289249759e-09 3.39269556892674e-09 3.69253828624849e-09 4.32265347960481e-09 9.8968166972746e-08 8.44111330722264e-08 2.19990355132538e-07 1.87754131930618e-07 1.22357424192643e-09 3.33864317303423e-09 2.54501405061447e-08 0.000180598186852876 4.77301376577088e-05
0.00182813431019895 0.00239023626782 0.00295856246957555 0.00520269942935556 1.11830258813228e-06 2.09423248187512e-08 3.59938856497877e-08 3.8806614877096e-08 5.54467398572456e-07 1.38888400902371e-07 3.23510224164991e-09 7.88649433536293e-09 4.86231502918599e-06 2.56548247307364e-05 7.36240356791207e-08 4.12005121130932e-09 6.39909063515631e-09 5.50818828326527e-09 6.01611515049782e-09 6.681747444226e-09 2.92866133455583e-08 8.55251697240433e-09 1.62413683391094e-08 5.82211434618785e-09 6.66280232097805e-09 1.74801314756223e-08 7.08221830181266e-08 1.48294213242472e-08 1.58392020055409e-08 9.43141397202751e-09 9.96161986011046e-08 1.08730471715113e-07 2.98327064163217e-09 3.02862190770803e-08 1.46199086614729e-08 4.58202061626167e-08 5.91571036068217e-07 9.35974862414923e-07 3.83388909540372e-05 7.58088400276691e-08 3.96774804123368e-09 7.37617637081023e-08 6.76647135100517e-08 1.04121940182722e-05
0.00158281347248703 0.00492938852403313 0.00662450240924954 1.55503888095154e-06 1.20782602475167e-08 1.21629698313086e-08 9.82984143638177e-08 1.8794499374053e-05 1.73631497002447e-07 7.77115494177139e-09 7.54613568298979e-09 8.73863537087516e-09 5.3198720151304e-08 1.07398350712717e-07 8.31028743042417e-08 4.12324745457937e-09 5.68675335710367e-09 5.2063712119299e-09 5.04232842146735e-09 2.57321525580778e-06 3.81025234696963e-08 8.76506767166774e-09 6.47331910297311e-09 2.27160365739998e-08 3.75894310677971e-08 4.53195445615506e-09 4.28211209269058e-08 1.50623666650418e-08 5.09427334538515e-08 4.00143870371572e-08 1.26117448262519e-08 3.25322432326303e-09 4.27872830677245e-07 4.59392067231335e-07 3.04853899901758e-09 2.39427615333909e-07 3.32340986915369e-05 0.00120252198539674 0.0018804058956448 1.56314522103962e-08 2.78143236664974e-08 1.20030239858515e-08 2.80418354714484e-07 8.84104840110922e-06
0.00385919426335022 0.00808951931539923 2.63123371496476e-05 2.82011038077457e-08 5.0453504929493e-09 8.01635403613332e-09 8.68630600781017e-09 2.50812503321818e-08 4.9097524490449e-09 6.72760460673771e-09 5.68673144574205e-08 8.18196770335788e-09 6.3439152153677e-09 1.55111908983763e-08 9.25618531821826e-09 6.56580779745397e-09 1.92888570849092e-07 1.61519410069033e-08 2.3538114402033e-08 3.86589555256833e-08 2.11479105449719e-08 5.44206602004493e-09 5.26372577747125e-09 4.35317205615959e-09 7.06736315025935e-09 5.63045603474421e-09 6.13793648129857e-09 6.03940319976459e-10 3.81823247352919e-08 6.32398930999756e-09 2.66025333983677e-09 2.02341129407202e-09 4.27581452640879e-05 6.38688006304733e-07 4.47786190349575e-09 2.35544911131313e-08 8.02098983513133e-05 0.0100635867100209 0.000783533263893332 6.03242449983554e-06 6.96249760179235e-08 3.38504227981318e-09 6.86761468582375e-08 2.76816447541961e-09
0.00514639124739915 0.00149499725666828 3.04945401818912e-08 2.41004301737568e-08 6.50197686802301e-09 8.45504435886824e-07 7.24509598981626e-09 7.33970343391732e-09 6.24653904157668e-09 7.71285566525393e-09 3.83310978513407e-09 3.41035142348289e-09 7.20636156303911e-09 9.50427061496839e-09 6.72222540964995e-09 2.17419174219913e-08 5.68799683131616e-08 4.85208687894811e-08 1.78322200117265e-08 1.19741296356057e-07 7.88512118932161e-09 6.66067783150481e-09 1.15070321882182e-07 4.38554940140889e-09 5.82833358242496e-09 7.17007251349599e-09 1.197338315162e-08 4.14779538431276e-06 7.67759066100382e-08 7.84321303459734e-09 3.12220427844956e-08 5.12946800257374e-08 0.0011867544031702 0.000470890112774214 2.30970890968685e-07 3.36322767680031e-05 3.13455530431383e-05 0.00115796104946639 0.00498224217444658 0.00115785119123757 0.00154484881204553 7.86354383421894e-06 3.11407374553596e-08 5.45379113092714e-08
0.00241514998488128 2.65135972995267e-05 7.31332529424478e-08 6.54662278831708e-09 8.08247110306581e-07 1.00310329173681e-05 7.57122670114185e-09 9.77445022698475e-09 5.30827198863548e-09 5.6601970666037e-09 2.89406964060213e-08 1.02124057299591e-07 7.46456545464014e-09 5.8586090756485e-09 6.55595346898963e-09 1.23853292066656e-09 7.06963223517931e-09 6.21283900992253e-09 1.90015684742306e-07 1.19704117618191e-08 1.2105717737132e-07 0.000278833909396781 1.310738509952e-08 2.59530247070927e-08 8.57290002764799e-08 2.68118432344977e-08 1.3385771104879e-06 5.11119025361495e-06 1.64010938021875e-06 3.22002957764411e-07 9.07583852627347e-08 3.23926032108623e-08 6.34510356611884e-07 0.00540307398186997 1.46920136245399e-05 6.84290272268129e-07 9.58338474132958e-09 2.53595262620365e-06 0.000334627128904685 0.00106740897754207 0.00898432317189872 0.000139679603307741 8.70079743919838e-08 3.63801960223675e-08
1.4669125587119e-06 1.11436865246617e-07 8.10320059052572e-08 3.27378774365172e-06 0.00623233092483133 1.210670198315e-07 5.11198013919412e-09 7.47414576895977e-09 5.66412989844167e-09 3.28454595743821e-09 1.27654259385324e-08 1.07179824349046e-08 5.11165328953567e-08 5.80167520247699e-08 1.32147964349016e-08 4.37198006686401e-09 8.97995151571962e-09 6.60924066320234e-07 2.30833328060953e-06 8.35850826064188e-07 1.20460754544638e-05 6.24073731160024e-05 0.000704085914185271 0.000758411982678808 9.06876484521035e-06 1.78745677104075e-06 0.000879280360823031 0.000622403950546868 0.00615056531969458 2.89178898583486e-05 9.9031741185307e-08 0.000162487326088012 2.95381422120045e-05 0.00220951620140113 7.54329815855215e-07 2.25320133253604e-06 1.48517654485758e-07 5.12460555102123e-08 0.00024132184953487 0.00467570155160502 0.00355245667742565 0.000170519811581471 7.60989028125714e-08 6.73446574728231e-08
5.70057127058377e-07 1.33734834300014e-06 4.32082335777295e-07 6.68192505770548e-09 3.71996164094668e-08 8.45498653312404e-09 5.06101457409258e-09 9.84064059128542e-09 3.01650627809735e-09 1.09730330077884e-07 6.55863284682034e-08 4.29857814898682e-09 1.32026997889945e-08 2.3044995645094e-07 2.79268842606761e-08 9.80492642632669e-09 1.95926185497797e-07 3.31964482256808e-05 0.000196608161422773 4.37037953986419e-06 0.000278668355531408 0.00113775651261676 0.00397865083068609 0.0114111394155771 5.67878599213145e-05 0.000191610842375667 0.000115637227645493 0.00247506923042238 0.000537777710997034 4.07902654387726e-05 0.000645696064748336 0.0148170542204753 0.00299795432947576 0.000120749123925634 0.000235474240980693 0.000690760753059294 0.000678607827285305 0.00257894652895629 1.29278858253201e-05 0.000907797775289509 0.000440512570639839 0.0011245387402596 9.67031277276931e-09 3.57288819401447e-06
2.27180479210887e-06 2.60600937451727e-07 2.53171346331627e-08 5.81138507316226e-09 2.19742755214192e-07 1.20118884083809e-07 1.34194239609364e-07 5.24517007605141e-08 5.16577776443761e-08 2.25416268995193e-07 9.02391088253296e-07 2.71661537465384e-07 2.71920033600992e-08 7.98154241721249e-07 2.73447244012459e-06 1.55606987117807e-07 4.24181545355395e-06 1.00342799782993e-05 0.000635920830245595 0.00315459870034829 0.000689280492952093 0.00194081180379726 0.0004447928557056 7.24265951248526e-05 5.48622959286149e-05 0.00164697433356196 0.000231900219296222 0.00109487032459583 0.000406993243814213 0.000773035243037157 0.00419850016478449 0.00252615897916257 0.0013118130271323 0.00339840659871697 0.00421420480124652 0.000849021156318486 0.00158285684883595 0.00324808348668739 0.00331842211307958 0.00327235247241333 0.00347031932324171 0.000751425205089617 1.66485073438416e-07 2.09915285154239e-09
3.97814670716201e-07 5.84337986553329e-08 2.37020627125162e-08 1.17182967662721e-08 5.06892123475211e-07 2.31926451821352e-08 1.94047842905221e-08 2.33192695509032e-07 1.11856660378606e-07 4.1861449406877e-08 2.62194778555269e-07 1.48622935611797e-06 1.10101902293991e-05 0.000134306000836659 0.00247054700157605 0.000942414675955661 1.1556246266764e-05 0.000467658217530698 5.10962822772854e-05 0.00517744118114933 3.15280909262583e-05 2.51278534904031e-06 9.78122809101478e-05 0.000240264343665331 0.00207379597122781 0.00058216934412485 0.000571240900899284 0.00290446039289236 0.00961791286244989 7.7954845437489e-05 8.91515371677087e-06 0.000278115304536186 0.00255921924253926 0.00474804469849914 0.0040780057082884 0.00303812798811123 0.00317300952738151 0.00201300777844153 0.00179040163056925 0.00291235687909648 0.00300791760673746 0.00308081146795303 5.55021709260473e-05 4.96011203887647e-08
7.54390717716546e-07 4.11429998621315e-06 1.36033229414245e-07 1.37258740040558e-08 2.69580404577141e-07 3.36293516738806e-05 8.10527251893234e-07 1.37484428023527e-05 0.000106744463300856 1.127523245259e-06 3.81664115312041e-08 3.04557881092293e-07 7.41152788577892e-05 0.000287407040013932 0.000114005554314645 2.74927856708018e-05 0.0001808655262721 0.00370512417284772 6.55384058518393e-05 0.00792820716742426 0.00497514352900907 0.00189910898916423 0.00437632082030177 0.00240918833878823 0.00223430975456722 0.00323998259846121 0.00328168671112508 0.0030912515358068 0.000149464254354825 0.00247256255242974 0.00143979076237883 0.00405440173344687 0.003615864564199 0.00364331722958013 0.00341369626112282 0.00273899777675979 0.00260466836043634 0.00262705668574199 0.00391647953074425 0.000431787973502651 0.00258359154686332 0.00193636686890386 1.19748913562034e-05 0.000144331213959958
7.41796936876149e-08 6.03114201780386e-07 7.0055533374358e-09 1.5963957831211e-07 1.88974530246355e-06 5.04980416735634e-06 3.90034697829833e-05 0.000173486697167391 0.00160442449850962 1.77891453234658e-08 6.43341766590311e-05 0.00028661091637332 0.000755318278970662 0.000615622909390368 0.00542125953361392 0.00118808453262318 0.00204057367518544 0.00158927706652321 0.000888697328628041 5.71217416108993e-05 5.0838256811403e-05 0.00285549616673961 0.0061797336442396 0.00690863446798176 0.00793081258889288 0.00569020556285977 0.00361243688967079 0.000421516331698513 0.00313768192427233 0.00329865168314427 0.00330514665693045 0.00605935333296657 0.00209472764981911 0.00127752885746304 0.00046786319144303 0.00282161472714506 0.0021314010664355 0.00286517439817544 0.00301819480955601 0.0014247433951823 0.000943694889429025 0.00091344699903857 0.000538246722135227 0.000206424739008071
3.93491303274374e-07 2.12374636809898e-07 8.71762967924461e-08 3.74761024524162e-07 0.000607120810309425 3.42485587907504e-06 4.81163255699357e-05 4.25307321165747e-06 4.33606400292774e-05 0.000103187804961635 4.6777741129489e-07 1.95426894833872e-05 0.00101561570190825 0.000759777236089576 0.0023753832327202 0.00188839741167612 0.00314421602524817 0.00347387999063358 0.00302687978837639 0.00114354698744137 0.0051250881748274 0.00635165948187932 0.00059189433377469 0.00334000904113054 0.0027800009236671 0.000350109433929902 0.000451677993260091 0.00258047224488109 0.00336933864746243 0.0028256313118618 0.00345849280711263 0.000567935756407678 0.00018492174349376 0.000195705552323489 0.000412311263789888 0.000549440991744632 0.00122316038468853 0.00168034580856329 0.00174824624555185 0.000129853424914472 0.000970601593144238 8.82632251659743e-06 0.00011243812932662 7.98676215163496e-09
6.74944599268201e-06 8.76703330732198e-07 0.00015746898316138 0.00139428148395382 0.00571418660692871 0.0044202258461155 0.00132537571189459 0.00175837557180785 0.00419327856507152 0.000973110305494629 1.81159552084864e-05 0.000949740540818311 0.00368050385732204 0.00398464641766623 0.00362046014051884 0.00413902716245502 0.00643230122514069 0.00953516459558159 0.00435844651656225 0.00367422380950302 0.00382303415099159 0.00391620980808511 0.00343518793815747 0.00348110573831946 0.00323730854433961 0.00322629179572687 0.0031192884867778 0.0028778530220734 0.00255352089588996 0.00205438255215995 0.00436341633321717 0.00456920702708885 0.00237343371263705 0.00177166861831211 0.00188481888617389 0.00185549295274541 0.00138832672382705 0.000420803017186699 0.00173324023780879 0.00117696244851686 0.000447388101747492 0.000211736607161583 1.56654439024351e-05 7.54057382867934e-08
8.09382968895989e-06 0.000397996812534984 0.00053080438519828 0.00625394494272768 0.0038919372134842 0.00562251496594399 0.00485685046296567 0.00469615440815687 0.00749729600502178 0.00470665908651426 0.00381182258715853 0.00452257527504116 0.00393292555818334 0.0046183327329345 0.0045981946401298 0.00575769079150632 0.00494257148820907 0.000500886751251528 0.00454670889885165 0.00401833357755095 0.00398271551821381 0.00346879855496809 0.00274157848907635 0.00259436788619496 0.00523696639575064 0.00270692279445939 0.00248969054373447 0.00218643899715971 0.00218155822076369 0.00215512028662488 0.00204735207662452 0.00200398021552246 0.0018606375757372 0.00173670363001293 0.00185913385939784 0.00155845605186187 0.00114681358827511 0.00110251469450304 0.00140007599839009 0.0010992469091434 0.000481575773301302 5.73554746551963e-05 1.51232154053105e-06 5.43443998139992e-05
0.00447105806088075 0.00533817450050265 0.00368217970244586 0.00551720147486776 0.00562351398402825 0.00465602988842875 0.00560437695821747 0.00581336757168174 0.0072695586248301 0.00541858238866553 0.00623945830157027 0.00547828429262154 0.00423539779148996 0.00499536156421527 0.00402154932962731 0.00589054997544736 0.00582901128800586 0.00445164132397622 0.00352045143372379 0.00312141560716555 0.00244821847300045 0.00288558659667615 0.00201520525442902 0.00208115824789275 0.00242922554607503 0.00235722933139186 0.00225293661933392 0.00214815008221194 0.00187690333405044 0.00187362576252781 0.00176989024912473 0.00167987418972189 0.0016836438284372 0.0017554305595695 0.00142831729463069 0.00118667690549046 0.0009024867649714 0.000690687393944245 0.000896820923662744 0.000857817662472371 0.0012762570171617 5.65444101994217e-05 4.8545896600416e-07 2.92257818728103e-05
0.000971294750343077 0.0038798667723313 0.000715774805576075 0.00506391535745934 0.00549109639250673 0.0053827692696359 0.00452306449878961 0.00512520291376859 0.00616951605770737 0.00584112548967823 0.00596234115073457 0.00498160559218377 0.00423635411425494 0.00430358893354423 0.00352517028804868 0.00424230477656238 0.00335690660285763 0.00305096341762692 0.00335452468134463 0.00251643422234338 0.00227525025838986 0.00222149014589377 0.00210924019047525 0.0017024561035214 0.00137307821132708 0.0015223076014081 0.00142612491908949 0.00153911434172187 0.00135866805358091 0.00113387851451989 0.000466062188206706 0.000878195125551429 0.001429989245662 0.00123030837421538 0.000907626919070026 0.000944756762328325 0.000797515582235064 0.000754951889393851 0.00101782006386202 0.000934081965533551 0.000943074333190452 6.06765844167967e-05 0.000384469581331359 8.08009532192955e-05
0.00258015191648155 0.00242484931368381 0.00314737924491055 0.00281026637530886 0.00303041054867208 0.00338531626039185 0.00432491227402352 0.00511259772465564 0.00597021017456427 0.00492785527603701 0.00454619806841947 0.00460958149051294 0.0044412650342565 0.00457626013085246 0.00359095854219049 0.00261285380693153 0.00236233833711594 0.00213924116105773 0.0023908308125101 0.00172255429497454 0.00156485322513618 0.0015992642060155 0.00168155705323443 0.0012435715761967 0.00106095393566648 0.00147599141928367 0.00130490873998497 0.00121244924812345 0.000948111309844535 0.000877726238104515 0.00103279297181871 0.000990785424073692 0.000967010432941606 0.00096258638513973 0.000821372664358933 0.000853150669718161 0.000724940227519255 0.000722233959822915 0.000891727346606785 0.000625752126506995 0.000759033736540005 0.00057196206835215 0.000453151810506824 0.000711211224552244
0.00230686455324758 0.00265551722259261 0.000506955479795579 0.00151005820662249 0.00224522314965725 0.00337614494201262 0.00338378982851282 0.00304097317275591 0.00370528954663314 0.00335621742997318 0.00195505830342881 0.00441902586026117 0.0038974879309535 0.00396323627792299 0.00258283124421723 0.00264860338065773 0.00238519741105847 0.00226433355710469 0.00209674145153258 0.00151135019550566 0.00161761311028386 0.0027909689815715 0.00144249949516961 0.00124220277357381 0.00112161343276966 0.00109361704671755 0.00115893541078549 0.000945149522158317 0.000927832127490547 0.000884128679172136 0.000834485944506014 0.000777517727692611 0.000723071726679336 0.000774800711951684 0.000675193125789519 0.000639753266295884 0.000588379792679916 0.000636181766822119 0.000706322366022505 0.00065897717649932 0.00050874447406386 0.000682901414256776 0.000604578139609657 0.000568486969132209
