Maxent_result_files_1/Bombus_portschinsky_3.asc
NCOLS 594 
NROWS 330 
XLLCORNER -15 
YLLCORNER 23 
CELLSIZE 0.166666666666667 
NODATA_value -9999 
[rows 280 to 299 of 330, columns 495 to 539 of 594]
8.40273052471474e-08 4.92589780742847e-08 1.01814224066743e-05 1.28942333743609e-07 3.65637348398451e-08 6.39329772011976e-08 1.49973575780393e-09 5.44135814184443e-10 9.07963815244273e-11 4.43917236303548e-11 3.28939098181991e-12 3.03991609662546e-11 1.62439062201258e-11 7.52672035808644e-11 1.88354631891485e-10 4.09138278811838e-12 6.95554724927661e-14 4.03121980241394e-14 1.95876648234616e-13 1.17057474824378e-12 3.62800123276941e-11 1.4586276630979e-11 3.07415315425885e-11 1.29229960066368e-14 3.5527136788005e-15 3.94129173741931e-15 4.51860771022439e-15 2.62020405372709e-12 7.30356441991375e-11 1.28490262873981e-10 3.19352544408957e-11 1.24444909932464e-10 1.18914567082129e-10 5.6459792396879e-11 5.65698932142311e-11 1.2076353250734e-10 1.18372911472875e-10 3.24582249966454e-11 1.19716447866125e-10 1.2680084759964e-10 7.77862441125876e-11 1.20678544934805e-10 5.15623765906525e-11 5.74127079211451e-11 7.39170502583875e-11
5.03419635045077e-07 4.16077046949681e-07 1.22664124924121e-07 2.7891216947129e-08 1.08887158178916e-08 2.51830306607914e-09 7.21700099681755e-10 1.18597742737592e-10 5.48766698749148e-11 1.87446502764033e-11 7.04945990470662e-11 2.06880845787794e-11 1.00306318806531e-11 4.45374959134881e-11 1.06177067138447e-11 2.06558103954535e-12 6.67466082404644e-14 5.57331958361829e-14 2.43505215991036e-13 1.7369772287168e-12 1.61512803131814e-11 2.71378031158065e-11 2.68959965410431e-11 1.12243547789603e-14 3.01980662698043e-15 3.56381590904675e-15 1.12143627717387e-13 9.83778614127573e-12 1.16522591575574e-10 9.29133547877825e-11 9.38647826131955e-11 1.05178288301033e-10 1.00948072123686e-10 8.0917184064333e-11 4.9350756814448e-11 2.58704724309666e-11 2.62263544215102e-11 1.00519004231359e-10 7.51842699209249e-11 1.38161038165663e-11 3.03571390247725e-11 1.1510944419868e-10 1.01338015756625e-10 4.24991819514275e-11 7.53050954926948e-12
7.45811461033696e-08 2.92522941647277e-08 3.10285381832642e-09 1.41310114720739e-09 1.75528669377201e-10 1.0613121492753e-10 2.15523754398816e-10 4.06947808784253e-11 2.08980988070095e-10 4.1733572153646e-11 8.34267099847352e-12 9.63678026266734e-12 5.82475734312027e-11 6.03386451913934e-11 9.3392404920678e-12 4.14610568100215e-12 3.65651953160295e-13 1.52433621281034e-14 1.13953291247526e-13 1.31024080474162e-12 9.96317472967689e-12 2.18839835142148e-11 3.02216029979263e-12 1.68187686000465e-13 2.88657986402541e-15 2.52575738102223e-14 9.04050168060167e-12 4.22219481599484e-11 3.15534154360364e-11 6.44506004121581e-11 2.55917176339437e-11 2.46813569582116e-11 2.41573649972793e-11 2.27699858967867e-11 2.1246804315922e-11 7.93236698548583e-11 8.33667912480962e-11 2.31794583527289e-11 3.54983931138975e-11 6.22734308564077e-11 6.85558276813936e-11 1.54763202253605e-11 1.00508934508525e-10 3.15615755752674e-11 8.20883583330101e-11
7.33325510315908e-09 1.42156283744477e-08 6.80698176651617e-06 1.05596479684777e-06 2.05575038103589e-09 1.57179448345701e-09 2.14058770708903e-09 2.88103096934833e-10 3.18042925329109e-11 8.55042703307163e-12 6.16494633121079e-12 5.32874855352361e-12 2.44900988377594e-11 1.94614768744827e-11 2.52784460030853e-12 5.54245538353371e-12 2.44904097002063e-13 1.72084568816899e-14 2.01061389759616e-13 4.29145607938608e-13 1.03948738505721e-11 1.38926425918839e-11 8.42609315654386e-12 2.05052641533143e-12 7.91589016557737e-15 2.39186448425244e-12 9.74593739044849e-12 1.27654997683635e-11 4.988014445928e-11 9.08976005575823e-11 7.85571163675058e-11 1.951094841246e-11 1.76864856094028e-11 5.76624192838437e-11 1.83637105521939e-11 6.60346888281538e-11 6.7955452376367e-11 6.7507399670319e-11 1.90761073604051e-11 1.15175424753033e-11 8.59565751909486e-12 3.30146021632061e-11 2.0070767270397e-11 7.35871141799294e-11 2.4638679985145e-11
1.88474976736686e-09 1.40224545197576e-08 9.42526356961792e-10 1.71892877709467e-10 5.398828051284e-11 5.33944111147377e-11 7.54517559542478e-12 7.12414571779618e-12 6.31741325918256e-12 6.29633012394493e-12 3.0296654074391e-12 1.55488510955593e-11 3.79640763270572e-12 1.87098114778905e-12 5.40395506121172e-12 9.66959845527526e-13 4.42090808405737e-14 1.90625293328139e-14 6.31827923314177e-14 7.09343694893505e-13 1.30984112445276e-12 1.38658307058392e-11 2.36868413772129e-11 2.2305490787744e-13 3.2657210269349e-13 2.05760519733644e-11 1.73759340249546e-11 1.7944379315793e-11 1.71007208393803e-11 1.86972659577123e-11 1.72188818758912e-11 6.12273010069941e-11 1.5342171977295e-11 5.59587265414052e-11 1.56937907114241e-11 1.61863189518385e-11 1.55471413521013e-11 4.57188842339917e-11 4.27293977978138e-11 8.5783602443712e-12 4.92793472695041e-11 1.45660039585493e-11 1.55356172371057e-11 5.78890158031697e-11 1.83124626573772e-11
4.27485442822118e-08 7.32355464050372e-09 4.46721236446734e-08 1.09066757181253e-08 8.03702093765679e-10 5.41708455870094e-11 3.53078999371093e-10 5.8442850559004e-11 1.66835656401076e-11 1.23236976179442e-12 1.31914479339912e-12 4.25003365833732e-12 3.14720471905616e-12 2.92503798959842e-12 1.41196832004198e-11 1.11441966765824e-12 6.62248034188906e-14 1.36779476633819e-14 4.08006961549745e-14 6.88415990879321e-13 4.4089842887729e-12 1.43087763859739e-11 4.60964599824365e-13 4.29212221320086e-14 4.76737538335215e-12 1.38580369402064e-11 5.36720001775848e-11 1.47664325211849e-11 1.54200430202422e-11 5.9478899583354e-11 1.49758205836292e-11 1.36239797221549e-11 1.3061640657952e-11 1.27724053555767e-11 1.28103749830188e-11 4.88456164404738e-11 1.34950717267657e-11 4.60326110562903e-11 1.14623754932097e-11 3.8514913480725e-11 1.20029985950509e-11 4.2180858805807e-11 4.43087122548036e-11 1.39358968809233e-11 3.88873044876448e-11
1.02075459196271e-11 1.10870448377653e-09 6.19630028397822e-09 1.16687490780976e-09 2.21736473626777e-10 1.56629176295553e-10 1.36523927718457e-09 1.77320935712544e-11 3.76707554039513e-12 5.66147129177352e-13 3.79141162909491e-12 2.76788592046273e-12 2.26178409334921e-11 9.94693771794175e-11 1.60425672746101e-11 2.2575052938123e-12 2.8643754035329e-14 6.63913368725844e-15 1.55098156540134e-14 4.35296243495031e-13 1.27200694421958e-11 2.47172282641372e-12 5.61439783552942e-13 3.19640203194638e-11 1.90294446866801e-11 2.35964692230084e-11 4.30159907693906e-11 1.25968901976137e-11 1.27877375355467e-11 1.23008048191764e-11 2.19141149671032e-11 4.23492019230309e-11 1.03207220547574e-11 3.62888163962793e-11 1.00931818458605e-11 1.0427780861022e-11 1.98446592492019e-11 1.01227581872365e-11 9.52337098070188e-12 9.74544889231765e-12 2.74253952881054e-11 3.5950575849597e-11 2.8222568726477e-11 1.1682266265467e-11 3.9383563077422e-11
8.16402501158109e-13 3.05966363356447e-13 1.55360169173946e-12 3.08906833446088e-10 8.57611759386145e-12 4.93998175699062e-12 1.92049154357221e-11 1.27438060104623e-12 2.58570942435199e-13 4.99300600864672e-13 8.19636580828842e-12 3.54104523481169e-12 3.27225802010389e-11 5.61557578215854e-11 6.96700475089074e-12 5.42332845299143e-13 9.54791801177635e-15 7.99360577730113e-15 4.75703920699289e-12 5.50559597911615e-13 8.45876702015858e-12 5.27033972019808e-13 3.78013398361077e-11 2.53496112989637e-11 1.1537859556654e-11 2.169621149406e-11 1.196959198424e-11 5.09661646219683e-11 4.78619366361954e-11 4.31067848083444e-11 3.1854385795782e-11 3.51086715255633e-11 7.93348720051767e-12 6.69161392963247e-12 2.4218127503417e-11 4.65525396009525e-12 2.01255678788925e-12 9.00347574273042e-12 8.92064200286313e-13 8.98138230454038e-12 2.94639646014616e-11 8.67035332419164e-12 8.97214524897549e-12 9.29787358217027e-12 9.92341764316507e-12
1.10400577568726e-13 6.93889390390723e-15 4.74065231514942e-15 5.6621374255883e-15 2.54218868178668e-13 4.0742964557694e-13 3.40472094961797e-13 5.89372994852511e-13 6.93234358806194e-13 6.98885394001536e-13 3.13373771376746e-12 6.34474695004883e-12 6.55731025034356e-13 2.23221441331134e-13 3.68745034506901e-12 5.6843418860808e-14 8.30446822419617e-15 5.07371922253697e-15 3.76989550687767e-12 1.98251526306592e-11 4.82091033759957e-12 1.59846247349549e-11 3.30951044347216e-11 9.2178265020948e-12 9.79379910504008e-12 1.10898623617572e-11 1.22368004618068e-11 1.17086784712228e-11 1.08455466829582e-11 1.80673698224609e-11 7.574130211907e-12 6.73796574091057e-12 5.6890714361657e-12 4.85447237963399e-12 9.54469836500493e-12 2.51242360249648e-12 7.61924967562777e-12 8.4471318828605e-12 1.60217950018193e-11 7.91327003923925e-12 7.6674333548965e-12 7.64707186462488e-12 7.3949402157325e-12 2.60319099609774e-11 1.38099975899308e-11
1.11022302462516e-14 7.54951656745106e-16 1.99840144432528e-16 1.58761892521397e-15 3.39728245535298e-15 7.30748794808278e-14 1.20492504862568e-13 2.57727172936484e-13 4.05175892836951e-13 2.83706391712713e-13 9.51794199011147e-14 1.58029145325145e-13 6.64579502540619e-14 1.34658950656785e-13 2.4829027722717e-13 2.27595720048157e-15 1.66533453693773e-16 9.62563362350011e-15 1.09390163594014e-11 1.42011957748878e-12 9.1049612294114e-12 3.1863400806742e-11 1.07102882118681e-11 8.49440517924904e-12 9.06417163548667e-12 2.95899305058356e-11 1.03099861981093e-11 3.97436750176894e-11 3.94663746128288e-11 5.64748248166325e-13 1.83882908899591e-12 5.73711078644124e-12 1.25679466833617e-12 4.28004298669293e-12 4.22634149899181e-12 4.807043652022e-13 5.95257176883024e-13 6.65558719248338e-12 6.47610853832248e-12 6.45818953870503e-12 6.25816065635831e-12 2.3372648261244e-11 6.41253716793244e-12 6.65831834112396e-12 6.97646385106054e-12
1.40998324127395e-14 4.07451850037432e-15 3.36397576461422e-15 1.49880108324396e-15 1.01030295240889e-15 7.34967642301854e-15 3.83360010403067e-14 3.33733041202322e-14 1.69753100465186e-14 1.20126131264442e-14 1.44662060108658e-14 1.06914477271403e-14 5.36015676289026e-14 6.41153796721028e-14 2.75224287804576e-14 1.94289029309402e-15 2.78665979180914e-15 3.48068240896282e-12 3.58427176827547e-11 1.0911493930621e-12 8.71249739020641e-12 1.00508934508525e-11 1.32108324280011e-11 6.87759849071767e-12 2.61653476663071e-11 6.90220103294337e-12 3.07035397106858e-11 5.60473889521518e-13 3.71336295046376e-13 1.28297372725683e-13 1.538658089828e-13 2.09887662805386e-13 2.18924878225835e-13 1.36756606039512e-11 1.85906845473482e-13 5.13944442559477e-13 2.75843792252317e-12 2.50064413620521e-12 3.26028093411423e-13 1.46353373864372e-11 1.03173025678416e-12 4.25760537936526e-12 5.02827779413906e-12 5.46807044088382e-12 6.08939565438504e-12
3.01314528883267e-14 1.17683640610267e-14 1.16018306073329e-14 7.96029908656237e-15 8.00470800754738e-15 2.44249065417534e-15 1.64868119156836e-14 1.75170988825357e-13 1.62980740014973e-14 1.15352172258554e-14 7.31192884018128e-14 1.46771483855446e-14 9.70334923522387e-15 3.95239396766556e-15 7.99360577730113e-16 1.34336985979644e-15 1.4477308241112e-14 5.87617732250578e-12 4.29033475413121e-12 9.23757736970288e-12 8.69071481446326e-13 4.7820303272772e-12 7.09480252325534e-12 5.98410210272959e-12 1.9243051596618e-11 6.62903065773435e-13 2.72658562394668e-12 2.46469511466785e-14 9.35029831339307e-14 5.48450174164827e-14 7.12652159506888e-14 9.50906020591447e-14 1.76991754585742e-13 3.41726646979623e-13 1.65445435129641e-13 1.16462395283179e-13 8.9722673735082e-13 1.41477940474033e-12 3.20186099855846e-12 1.65689684195058e-12 1.80060411025806e-12 1.75741643460015e-12 3.4745317734064e-12 1.2207235222661e-12 3.38757910611775e-12
1.32782673745169e-14 8.41549052665869e-15 5.59552404411079e-15 9.04831765069503e-15 9.12603326241879e-15 6.32827124036339e-15 8.6941565058396e-14 5.71753755451709e-13 7.33690885823535e-13 5.8661964175144e-13 2.27559082688344e-12 5.80646641878957e-13 2.72115663335626e-14 1.99396055222678e-14 3.65263375101676e-15 2.16493489801906e-14 8.7208018584306e-14 3.03501668241779e-13 6.50736131646568e-12 3.43081119069666e-12 3.69866359761772e-12 2.74106626285686e-11 6.15710815665693e-12 5.72353275885007e-13 2.20501394920802e-13 8.98392471526677e-14 2.51465515077598e-14 2.73447930965176e-14 9.7577501634305e-14 1.08157927058983e-13 1.00652819412517e-13 8.32556246166405e-14 4.82291984127414e-13 6.5598637633002e-13 1.68220992691204e-12 4.89852602925112e-13 1.1571854585668e-13 1.75748304798162e-14 9.35918009759007e-15 4.2632564145606e-15 2.4846791291111e-14 3.02352587411292e-12 1.26809673872685e-13 3.09863246172881e-14 3.66828789566398e-13
1.80633286106513e-14 6.32827124036339e-16 6.50590692430342e-15 4.35207425653061e-15 2.36921593455008e-14 6.48370246381091e-15 2.06501482580279e-15 1.45439216225896e-14 1.90181204118289e-13 1.17400533738987e-12 5.0753845570739e-12 6.03217475969586e-13 3.33399974294935e-14 3.96904731303493e-14 1.756372824957e-14 5.98521232575422e-14 1.12798659301916e-13 3.98492350228707e-13 9.88453763284269e-13 3.68449715182351e-13 6.95730140165551e-12 2.02082794942271e-13 1.77303727255662e-12 4.3683945349926e-13 3.75366404625765e-13 1.53232981858764e-13 4.53415083256914e-14 2.46136444559397e-14 3.92907928414843e-14 5.24691401437849e-14 4.02788913334007e-14 2.34257058195908e-14 3.83026943495679e-15 2.53908005731773e-14 3.56714657812063e-14 1.31006316905768e-15 3.66373598126302e-16 4.10782519111308e-16 1.66533453693773e-16 1.32116539930394e-15 1.23234755733392e-15 4.39648317751562e-15 1.62092561595273e-15 1.18793863634892e-15 1.89848137210902e-15
9.09272657168003e-15 1.64313007644523e-15 8.19344592173365e-15 3.28626015289046e-14 1.29896093881143e-14 1.05693231944315e-14 4.2410519540681e-14 2.81508150123955e-13 1.15696341396188e-13 3.90953935891503e-13 6.67910171614494e-14 4.20441459425547e-14 6.90558721316847e-15 1.81299419921288e-14 4.13002965160558e-14 1.1234346786182e-13 2.98061575421116e-13 8.36142266535944e-13 1.24513732657761e-12 7.64612817505395e-12 2.86057844078869e-12 8.65196803090384e-14 8.50985948375182e-14 7.47513162480118e-14 5.79536418854332e-14 3.02202707302968e-14 2.25930385511219e-14 2.2948309919002e-14 2.28039809258007e-14 2.23154827949656e-14 2.77333711551364e-14 2.62123656113999e-14 2.43138842392909e-14 3.10862446895044e-15 2.99760216648792e-16 1.4432899320127e-16 2.33146835171283e-16 3.33066907387547e-17 1.02140518265514e-15 5.55111512312578e-17 2.44249065417534e-16 3.33066907387547e-17 9.65894031423886e-16 2.18713935851156e-15 1.60982338570648e-15
1.69753100465186e-14 5.97299987248334e-15 1.65756297576536e-14 1.9151347174784e-14 3.95794508278868e-14 1.87960758069039e-14 1.91846538655227e-14 4.84723372551343e-14 6.19837514648225e-14 5.09370323698022e-14 3.31290550548147e-14 8.05133737458164e-14 8.53872528239208e-14 3.574918139293e-14 2.10609307771392e-14 2.97917246427915e-13 2.19363416320562e-12 1.06766817609127e-12 2.52152076996026e-11 5.64204238884258e-13 3.58146845513829e-13 8.70192806701198e-14 2.98205904414317e-14 3.12527781431982e-14 2.55462317966249e-14 2.1493917756743e-14 1.70752301187349e-14 1.67754699020861e-14 1.49991130626859e-14 2.24265050974282e-15 1.43773881688958e-14 9.68114477473137e-15 1.36557432028894e-15 1.33226762955019e-16 2.22044604925031e-16 3.33066907387547e-17 1.88737914186277e-16 2.22044604925031e-17 3.33066907387547e-17 4.44089209850063e-17 1.4210854715202e-15 1.98729921407903e-15 2.1094237467878e-16 5.38458166943201e-15 1.70974345792274e-15
1.59428026336172e-14 7.84927678409986e-15 2.72892819452863e-14 2.02504679691629e-14 9.59565760183523e-14 2.24498197809453e-13 1.51323398256409e-14 2.14162021450193e-14 2.53574938824386e-14 1.62980740014973e-14 1.80411241501588e-14 4.88387108532606e-14 5.5033755330669e-14 1.02118313805022e-13 2.61679566904149e-13 9.03432884058475e-13 9.41565714285275e-12 6.74663658273289e-12 2.41806019651847e-11 7.78266340262235e-14 7.11652958784725e-14 7.99582622335038e-14 3.11861647617206e-14 1.64313007644523e-14 1.92956761679852e-14 1.70197189675037e-14 1.4255263636187e-14 1.28563826251593e-14 6.65023591750469e-15 2.64233079860787e-15 1.89848137210902e-15 1.45439216225896e-15 3.33066907387547e-16 7.7715611723761e-17 3.21964677141295e-16 3.33066907387547e-17 1.11022302462516e-16 3.71924713249427e-14 1.11022302462516e-16 8.10462807976364e-16 1.22124532708767e-16 1.67643676718399e-15 2.29816166097407e-15 2.23154827949656e-15 6.10622663543836e-16
9.69224700497762e-15 3.3761882178851e-14 2.70620192921456e-12 5.79711834092223e-12 3.1664892929939e-12 1.37212463613423e-13 5.49560397189452e-14 4.85833595575969e-14 1.47437617670221e-13 5.22470955388599e-14 1.15318865567815e-13 2.68807198722243e-13 3.23996385276359e-13 2.85860224380485e-13 5.2460036314983e-12 5.94406746046161e-12 2.52018406143861e-12 3.60101948260194e-12 1.46838097236923e-13 6.80899781002608e-14 2.91655588569029e-14 1.33781874467331e-14 1.87849735766576e-14 1.66644475996236e-14 1.17017506795492e-14 1.01252339845814e-14 8.95949980872501e-15 1.01030295240889e-14 5.28466159721575e-15 5.56221735337203e-15 2.90878432451791e-15 3.99680288865056e-16 1.66533453693773e-16 4.44089209850063e-17 5.10702591327572e-16 6.43929354282591e-16 2.22044604925031e-17 3.10862446895044e-16 3.33066907387547e-17 7.7715611723761e-17 1.06581410364015e-15 4.07451850037432e-15 1.09912079437891e-15 1.45439216225896e-15 5.55111512312578e-16
1.82298620643451e-14 1.49324996812084e-14 2.20747864432269e-12 1.81473724936154e-12 1.34648958649564e-12 4.4326764481184e-13 1.54265489271666e-13 1.66666680456729e-13 1.30873090142813e-13 1.43562939314279e-13 7.46958050967805e-13 5.71076519406688e-13 1.82809323234778e-13 2.60126364892699e-12 1.51288981342645e-12 7.64790453189335e-12 2.81275003288783e-13 4.36317648677687e-14 1.89070981093664e-14 1.783018177548e-14 1.39332989590457e-14 1.69642078162724e-14 9.9031893796564e-15 9.29256671611256e-15 9.38138455808257e-15 6.70574706873595e-15 6.90558721316847e-15 7.11652958784725e-15 4.21884749357559e-15 6.81676937119846e-15 5.99520433297585e-16 2.88657986402541e-16 1.99840144432528e-16 6.66133814775094e-17 3.10862446895044e-16 1.66533453693773e-16 1.4432899320127e-16 4.44089209850063e-17 7.7715611723761e-17 4.9960036108132e-16 9.38138455808257e-15 1.62092561595273e-15 5.07371922253697e-15 1.25455201782643e-15 4.37427871702312e-15
2.88213897192691e-14 6.86117829218347e-14 2.9357627440163e-13 4.57056614777684e-13 1.00494057519995e-12 6.96409596656622e-13 1.43313139133738e-12 1.85900184135335e-12 8.73001670953499e-13 4.52818116336573e-11 1.51770152001518e-11 2.22395435400813e-12 2.56941135035049e-12 1.85044202183349e-12 3.40727446257461e-14 2.64566146768175e-14 3.58602036953926e-15 1.69975145070111e-14 8.99280649946377e-15 4.91828799908944e-15 1.04249942012302e-14 8.17124146124115e-15 5.01820807130571e-15 5.39568389967826e-15 2.87547763377916e-15 1.68753899743024e-15 5.81756864903582e-15 4.27435864480685e-15 2.99760216648792e-16 2.1094237467878e-16 6.66133814775094e-16 5.81756864903582e-15 1.12132525487141e-15 1.22124532708767e-16 1.11022302462516e-16 2.22044604925031e-16 6.66133814775094e-16 1.53876911213047e-14 1.15463194561016e-15 6.43929354282591e-16 2.55351295663786e-15 9.93649607039515e-15 3.59934304583476e-14 2.06501482580279e-15 4.39511760319533e-12
