Maxent_result_files_1/Bombus_magnus_3.asc
NCOLS 594 
NROWS 330 
XLLCORNER -15 
YLLCORNER 23 
CELLSIZE 0.166666666666667 
NODATA_value -9999 
[rows 80 to 99 of 330, columns 270 to 314 of 594]
9.11271058612328e-13 0 4.12107393765737e-09 5.10893549687808e-12 3.63883201570658e-08 4.15106171658408e-11 0 0 0 1.00808250635964e-14 7.7715611723761e-17 0 0 0 0 0 0 0 0 0 2.67436163103874e-08 1.53322465834549e-11 2.16231309289827e-05 2.29609664614827e-12 4.08117983852208e-14 0 0 0 0 -9999 -9999 -9999 -9999 -9999 -9999 -9999 -9999 -9999 -9999 -9999 -9999 2.29945951168986e-11 0 0 2.22044604925031e-17
0.000203638822771102 5.99196194730922e-05 0 2.37365682664858e-14 1.19654730568186e-11 0 0 0 8.37108160567368e-15 4.89317975027603e-09 2.90468754715612e-08 1.84297022087776e-15 0 0 0 0 0 0 0 1.0085898782819e-11 1.0481204792967e-11 2.42073028289269e-13 1.11022302462516e-17 8.40801785007006e-07 4.69206413289402e-07 2.4802382370126e-14 0 0 0 0 -9999 -9999 -9999 -9999 -9999 -9999 -9999 -9999 -9999 -9999 -9999 -9999 -9999 0 0
3.08831069495419e-08 1.37112543541207e-14 3.52051721108637e-14 4.56523707725864e-14 3.27409210854057e-12 3.97459842815806e-15 0 0 0 0 0 0 0 0 0 0 0 0 0 0 0 0 0 0 5.65103519534205e-15 1.11022302462516e-17 0 0 0 0 0 0 0 0 0 0 -9999 -9999 -9999 -9999 -9999 -9999 -9999 -9999 -9999
2.19047002758543e-13 1.21608201286705e-10 2.50799381262823e-13 0 0 0.0347132910334965 5.55111512312578e-17 2.80269141228473e-12 1.13416687153034e-10 8.76781092173928e-11 4.61187350531134e-09 0 0 0 0 0 0 0 0 0 0 0 0 0 1.55359791698118e-10 6.64135413330769e-14 5.64760460619595e-12 0 0 9.93542026428429e-11 0 1.48761580831547e-10 0 0 0 0 0 -9999 -9999 -9999 -9999 -9999 -9999 -9999 -9999
1.0724754417879e-14 1.11022302462516e-17 1.77635683940025e-16 1.33226762955019e-16 6.17150774928632e-13 6.27406738784586e-09 0.167145397343528 5.06988557802401e-09 2.20583911563654e-05 8.36582322305546e-09 1.67245754578715e-08 0 1.05138120432002e-14 0 0 0 0 0 0 0 0 0 0 0 0 8.05783988753195e-06 0.00113281711442665 0 3.53758761173495e-09 1.23421073361385e-10 9.68436720816257e-09 8.65740190536535e-08 0 0 0 0 0 0 0 0 -9999 -9999 -9999 -9999 -9999
5.74629233085489e-13 1.27531318838692e-13 1.40998324127395e-15 1.11022302462516e-17 7.52418460869819e-11 0.000820584937181235 4.47004003811813e-09 1.71151981476214e-13 1.11022302462516e-17 2.05453432045033e-11 1.82986958918718e-13 0 2.41687780899724e-12 3.39156480677616e-12 0 0 0 0 3.10862446895044e-16 0 0 0 0 0 0 5.55111512312578e-17 0 9.98090499138016e-15 4.30544488949636e-14 7.84777200010245e-06 0 0 0 0 0 7.7715611723761e-17 2.18879014912687e-10 0 0 0 0 0 0 0 0
1.3483808291026e-07 0 2.2924369069699e-10 0.00389825115892576 9.47875972474588e-06 6.93725101252873e-08 8.17013123821653e-14 0 8.44851966164128e-12 0 0 1.47548639972683e-14 1.17683640610267e-15 0 0 1.14908083048704e-14 3.52240459022823e-13 6.57493544053978e-09 2.95319324550292e-15 5.00077246813335e-06 0 0 0 0 0 1.07306274976793e-11 0 0 0 0 0 0 0 2.77555756156289e-16 0 0 0 0 4.44089209850063e-17 0 0 0 0 0 0
2.93719419052207e-06 0 1.60971236340401e-13 0 1.17683640610267e-15 1.69133096564744e-06 4.72506123117e-10 2.66897615119888e-14 1.53765751242929e-09 3.0480062918059e-13 5.99309490922906e-13 9.38138455808257e-15 0 0 0 0 0 3.82953788420348e-06 3.54478733723962e-06 0 1.64342834896303e-08 3.9718228705965e-13 0 1.11022302462516e-17 0 0 0.000239300006069243 9.82436354490801e-14 0 0 0 2.05132577590916e-12 6.90558721316847e-14 0 0 9.99200722162641e-17 0 0 0 0 0 0 0 0 0
1.08838985379833e-08 8.30636457394007e-09 1.31179956897043e-08 6.27382901186024e-10 1.17636345109418e-11 1.2047185471431e-11 4.32875957301349e-14 0 0 1.11022302462516e-17 9.81056458293494e-11 0 0 2.31538257229325e-06 4.01230888047444e-07 5.22438016181681e-08 1.66087144037874e-11 5.54911672168146e-13 7.48876113498831e-07 0.00149411859767277 3.30858673791568e-12 2.03170813506404e-14 5.40323341624571e-13 1.10249365192772e-11 0 8.24229573481716e-13 0 4.51672033108252e-13 0 6.45899945084238e-07 0 1.28719456204962e-09 0 7.92133025839803e-12 0 0 0 0 0 0 0 0 0 0 0
2.69227091989066e-05 2.84335998523844e-08 3.81808024085828e-09 0 6.38933350671778e-14 0 3.6240963563472e-09 1.9297944520158e-08 0 0 0 0 0 5.32474064840471e-13 1.47166618809758e-05 3.76694654103948e-06 3.17401660510086e-12 6.88574863794145e-11 1.45088724545772e-07 7.16268711009604e-11 0 1.39777078800307e-14 5.61307239355102e-08 1.29490037703572e-07 2.27840500910403e-08 1.37368761254919e-08 5.91732474131135e-10 3.93808363696735e-10 0 2.1599052546506e-10 1.11022302462516e-16 7.51991000580432e-06 4.10794163052675e-07 0 0 0 0 0 0 0 0 0 0 0 0
2.35496441791661e-08 4.86551935642288e-06 2.9436938491556e-06 0.000260394472735059 0.038200528386463 0 0 1.22418297721083e-11 0 0 3.22486481962869e-13 0.000908378751764327 3.04594272027003e-10 1.33419874037699e-09 0 0 7.45889017217394e-11 9.24526128118774e-06 1.32240204120393e-08 0 0 0 3.35972790310723e-07 0.0292968151583438 1.91592825715681e-08 2.36929009744813e-10 1.26090327005834e-05 0.00535190547548439 5.50742196292475e-09 2.05591066397948e-05 1.32638013905506e-09 3.50575124485886e-13 0.0832712199614818 0 0 0 0 0 0 0 0 0 0 0 0
1.09495301515716e-06 0.000112748107006144 3.11177761225245e-08 5.04152275482284e-14 1.11022302462516e-17 9.09071502519509e-09 0 3.44169137633799e-16 0 0 3.43535200286738e-12 3.62150309740628e-12 0 0 0 0 1.74020511121475e-05 9.88186928829737e-07 3.1495058783193e-10 7.70049579656984e-12 1.47839913866576e-08 0 1.8980139654734e-06 0 1.78336720859651e-06 2.54907580224506e-05 0.00419882077746827 1.65015986817174e-06 6.19375661869981e-12 1.53654866608122e-12 1.26275350975646e-07 1.1177865174683e-06 1.55215160821398e-05 3.61219517974742e-07 0 0 0 9.99200722162641e-17 0 0 0 0 0 0 0
5.57814136104007e-08 7.49600237215375e-08 1.75150184498207e-06 6.06445751680784e-06 1.2424029834146e-06 3.44891700018168e-06 5.61365898210653e-10 6.01903082930733e-11 7.84607527748449e-07 4.5852210917019e-15 2.39098750876021e-07 0 0 0 1.25829261454768e-09 1.3172773982717e-11 6.70563604643348e-13 0 0 0 8.09105782373365e-09 8.79382729968015e-09 7.7670310929534e-06 2.42178066489629e-10 7.13878633984422e-10 4.59107851913498e-05 8.92347699534834e-06 1.89417141638337e-08 2.22343040534589e-08 1.67240038617011e-05 1.18365095502782e-11 7.7715611723761e-16 1.64075419917253e-12 2.99991471330863e-07 0.000103341688267711 0.0107205328863458 1.93777807921958e-07 3.16302539715707e-14 3.72971098450137e-11 0 0 0 0 0 4.56198989695622e-09
1.90807521838199e-07 8.00949149004637e-08 2.65959377442115e-05 1.57478950863599e-05 0.000281524423896162 4.62995275605227e-06 5.44009282066327e-16 7.81677895411725e-08 1.17084727135897e-07 1.86226067899753e-10 0 1.51416656990477e-12 1.44746633790049e-08 8.72001648666298e-10 7.39595993781705e-08 3.20717088220235e-08 0 0 0 3.3789218845115e-08 1.00075500220065e-08 0.000797380214763188 6.78600818408981e-06 1.9703749432054e-08 1.63434347537628e-06 0.000340924654592811 7.3698178875925e-06 1.43412515962726e-07 2.51112562743572e-08 9.49023850393971e-08 2.83916625074543e-06 3.48395534643942e-11 4.56528148617963e-12 6.07236483318729e-13 3.1703528691196e-13 8.79643786360074e-06 0.000168213223475355 1.63666189759715e-05 2.12005762272871e-05 8.88178419700125e-17 0.000610473227366937 3.21379800549693e-10 0 0 0
5.89782420765794e-05 0.0536411516164662 0.0012766980914081 0.369157555419952 2.39974397787668e-06 3.16452866019001e-05 1.21011318743314e-09 5.57331958361829e-15 1.73057013164168e-11 1.10225136351616e-08 3.12038961336469e-09 0 1.28785870856518e-15 5.89971238895703e-07 3.06283546198327e-05 1.87889520053552e-08 2.83312769799871e-08 1.46882506157908e-14 8.88178419700125e-17 6.99440505513849e-16 1.45595303402413e-07 1.5116839050533e-07 3.72348712561754e-06 3.55738683843754e-08 0.00194176478883238 1.55431223447522e-16 4.21623520937553e-05 2.15836346351139e-08 8.37904974126946e-07 7.07919610165586e-07 5.07766051427438e-12 3.82704206858264e-07 4.87483102525887e-06 9.29554149564638e-07 2.81832335247145e-12 2.57839426727191e-06 0.000676882748375451 5.73573737505662e-08 1.50005208254811e-10 0 8.42432170210516e-06 5.78537218132169e-13 5.32484239146314e-08 2.55351295663786e-16 1.49709278418619e-08
1.3604116271082e-05 3.98378271482258e-09 0.00122206576015744 8.91685880688442e-10 0.0226839738028781 2.7077634355166e-06 1.12640719385548e-05 1.21151496479399e-07 9.70544513534399e-08 0 1.11022302462516e-17 0 4.41424315988925e-09 5.04167599890692e-09 0.000945186659111075 8.47202547782366e-08 2.04298757111587e-07 2.61833282311219e-07 5.4721823551751e-05 0.000146710870877775 7.48984372522799e-08 7.0480836145137e-08 0.408098360543611 0.0113487065857043 1.06096720298154e-09 2.22044604925031e-17 2.29114704985989e-09 6.97807440630527e-07 1.00647268297394e-12 9.75175495909753e-13 4.48586469059542e-07 4.80826314541716e-08 7.68078933788274e-12 2.84017254159608e-13 4.00868628291917e-09 0.00315221202744169 4.54207249589444e-09 0.0321021940584501 2.90579134275215e-05 2.31047614204227e-06 0.000617489510589087 0.0112204432746824 0.00463037443830119 0.00851140731741174 7.13997221787554e-05
1.34126692530323e-07 0.178115662439404 5.20798654735088e-07 3.82484178430786e-05 8.7897667112391e-05 0.239761709224873 7.6305186333725e-06 2.28473516902916e-05 1.13781961630366e-10 4.19899123016432e-07 2.54210501182683e-07 1.47642822412308e-09 6.66133814775094e-17 3.5527136788005e-16 0 0 7.98873611152273e-05 5.56846492250074e-09 1.04139766810007e-08 5.83319326175058e-10 1.37556632751057e-14 1.77406910339961e-07 0.00122421438485394 4.94593510621533e-06 3.39770667157069e-10 4.31964610636548e-08 0.000605021145975115 4.50109553740141e-08 3.0749847113043e-13 2.63344901441087e-13 4.4122483444653e-13 8.29353980047465e-08 3.51944473564458e-11 2.94453350591084e-13 2.40637842985336e-11 8.61270505803091e-08 4.04643773400437e-05 0.0255467143857206 0.0145818707668923 0.000659509487524068 5.04152496974886e-05 0.0699380710709192 3.37418299649173e-05 2.29371653004407e-08 2.29551645025694e-08
0.59242016687349 9.7360729145457e-08 1.64245837297461e-07 0.0002793747304075 0.0159617152475426 0.189981647385866 0.000479772601153705 3.64534997671084e-06 1.60970980159769e-06 1.06558135361423e-05 2.22044604925031e-17 2.91409180219748e-07 4.69055508434124e-08 0.000374181654350181 0 4.20924406441259e-12 3.42532380237515e-10 4.27533928260004e-09 0 2.44730689047401e-09 2.60102478321089e-06 0 1.80934364824026e-08 0.00509015986979747 2.90389043033912e-07 2.28051979132005e-06 0.117605126506243 3.8672620661373e-12 3.38995498339045e-13 2.89090973382145e-13 2.74136269240444e-13 2.94386737209606e-13 3.01936253777058e-13 3.14037684745472e-13 3.41227046618542e-13 1.03651975891239e-11 5.06291598645348e-09 2.72151098827389e-05 3.24224137049356e-06 5.15871868075335e-06 0.000257906233142224 0.026349943436071 1.26644142506294e-08 1.75180031141142e-06 0.00242124304704889
9.11706298678538e-08 7.03046232544136e-06 6.51719481087332e-05 6.83144352198184e-08 1.47963830077202e-09 1.30276345267077e-11 9.64292046212734e-10 0.0248721125261776 0.455231847137803 9.79747966634026e-07 1.6739424218204e-06 8.38893374766059e-08 3.72634058720678e-08 1.20110553326613e-06 3.29159500211951e-08 0.000223762213305179 6.8713360668049e-09 6.23608662418507e-05 5.48396842958709e-07 5.37604539663228e-08 1.01700793656567e-06 4.50203091710399e-05 2.24348332811264e-07 0 5.50032774104814e-08 9.80555068220923e-05 0.0357766100175603 0.000347874310762908 9.218593000071e-10 1.59104063257587e-11 1.50801260367928e-11 3.41460193453713e-13 3.33633121130106e-13 3.32445182493757e-13 3.68893804392201e-13 4.5262682490943e-13 4.62641036591549e-12 0 0 0.00112120404336317 0.00764497604192087 1.02862950379645e-09 0.00673459720783001 0.174002658009715 0.0132073606224594
0.899222895503044 8.14819619331386e-06 3.58061358340933e-12 2.59497978660761e-12 2.28839169835737e-12 1.61486192196136e-09 2.0808942347017e-10 1.58650870218935e-12 1.72784009322413e-12 9.38613443079994e-08 8.78489794997606e-07 2.99036968166577e-06 1.03142379507259e-06 5.89139843576447e-08 8.54789136273126e-07 4.52752757507113e-10 2.17764195797887e-07 1.65646275362974e-08 3.89019636357624e-06 1.88783017329719e-08 0 0 6.84281464269354e-08 2.11437404928905e-07 5.71716675445977e-08 4.42878756982124e-06 0.0402841585930593 8.61217390446534e-07 8.02704538466203e-06 0.000588416262526637 1.86317679684578e-05 6.72402248325099e-09 3.31552074683827e-10 4.94294793984551e-10 4.70745664671313e-13 5.22637488842292e-13 6.03506133955989e-13 7.2061321475525e-07 0 0 0.0351526463050362 0.051466097760931 0.00540696128229357 6.4188093750972e-06 8.78191075415202e-11
