Maxent_result_files_1/Bombus_deuteronymus_3.asc
NCOLS 594 
NROWS 330 
XLLCORNER -15 
YLLCORNER 23 
CELLSIZE 0.166666666666667 
NODATA_value -9999 
[rows 300 to 319 of 330, columns 450 to 494 of 594]
3.31564450561928e-08 1.23959623010705e-08 4.31720792448687e-09 6.40458154066437e-08 7.95950754195474e-09 7.36013063828977e-09 7.61054224085456e-09 9.02241623634836e-09 7.91660710319775e-09 6.71967299581411e-09 9.70126308175168e-09 9.73189386854756e-09 1.35656918587301e-08 8.218415104011e-09 1.24683037228124e-09 3.2999181165394e-10 2.55172993846031e-10 2.73813860474093e-10 3.61805385651337e-10 3.86044796130136e-10 3.70421870954374e-10 3.88394383321611e-10 3.74476272213542e-10 4.14656398106672e-10 4.13557632583661e-10 5.77694336811874e-10 7.08752434519511e-10 8.53946247048043e-10 8.75233219232996e-10 9.19734866045019e-10 1.35469528927956e-09 2.72680029667072e-09 9.55585193196384e-09 2.39325174788974e-08 2.4220199179581e-08 6.09186542988027e-08 1.00729153018619e-07 1.03847810350999e-07 1.34761228309799e-07 8.55994812809513e-08 1.51938309045363e-07 3.95645457729188e-08 2.8156024178827e-10 2.7116273670913e-10 3.07868361915098e-09
1.53734074359591e-09 4.51225856679116e-10 1.20380008183929e-09 2.50771989840359e-09 2.84815513396097e-09 1.92651256725185e-08 8.62822062686064e-09 1.16215505840955e-07 5.1899874620176e-09 4.29850857130987e-09 3.81263980386848e-09 4.7833072613912e-09 1.51618976929058e-08 5.85723540780236e-09 2.30030234860124e-09 4.4905972274023e-10 3.77032582932202e-10 3.59779050995712e-10 3.30591287678317e-10 3.86595200296824e-10 4.18476409080881e-10 3.95008825648802e-10 3.92552212957753e-10 3.85787135570581e-10 4.84167417269532e-10 5.49036993646723e-10 5.88855364469509e-10 7.50038875452219e-10 9.2467802303986e-10 1.61873288107017e-09 3.6768078359728e-09 9.58458628019798e-09 2.62837176023822e-08 3.10941231873585e-08 2.78170517731269e-08 4.67742808041294e-08 4.16339219100337e-08 3.19614002819435e-08 7.39593929210969e-08 6.8828921939712e-08 2.90323157514649e-08 2.83189734773259e-08 8.56401243254368e-09 1.50426409106785e-09 1.27559065532523e-09
3.63452734575276e-10 2.10795914057371e-10 3.46266704198683e-10 5.64064306374235e-10 1.28714692237963e-09 2.83089871544462e-09 3.91874408478543e-09 5.32770741301647e-08 7.06493665347807e-08 3.30334550824318e-09 2.44837430329881e-09 3.41026940020583e-09 3.25324585048747e-09 5.5578741608997e-09 3.2361555213356e-09 8.16410583581728e-10 9.73502078949195e-10 5.64924818036161e-10 5.59803492450328e-10 4.57773374762382e-10 4.48811388054082e-10 4.18900070187078e-10 3.88744458845736e-10 4.79822892529569e-10 5.85658188612115e-10 7.42816919085953e-10 1.41642537698772e-09 2.33180390551979e-09 2.58354724280707e-09 7.26060633837733e-09 1.72037701418049e-08 2.38440520661243e-08 3.1211206419357e-08 2.74654098575411e-08 2.13345686006505e-08 2.3669149129546e-08 5.42920474799757e-08 1.00031888905505e-07 8.47966305173031e-08 6.78546712151729e-08 2.20408447049181e-10 1.9600263101438e-08 2.30519825450415e-10 1.57064083960989e-10 2.07927786100015e-10
1.5058810864943e-10 1.22345733544194e-10 1.7043177980014e-10 4.53737669658949e-10 3.81748099798074e-10 5.17298159863344e-10 3.66175889610076e-09 5.38932773963552e-09 7.71438578794914e-08 3.42159545141385e-09 4.7320682483587e-09 1.98645757620852e-09 2.71227253989537e-09 1.16311632325505e-08 1.84789428203658e-08 2.96618960504702e-09 1.15616618501235e-09 1.08605622273217e-09 1.16576241993016e-09 1.02646948718643e-09 7.66342456159919e-10 6.36695141054133e-10 6.81117562351119e-10 9.42909572643202e-10 1.33356863329936e-09 1.8038555538169e-09 3.39911423452577e-09 7.66012178132769e-09 1.40274991622391e-08 1.6391695112361e-08 4.57676947007712e-08 2.64268635419285e-08 2.18059597045794e-08 3.06553090467787e-08 2.46872701836764e-08 2.41621773966472e-07 3.86044064271118e-08 3.41675018944443e-08 1.47338016631693e-07 8.93906815235823e-08 1.32611566172613e-10 8.47458103692134e-11 1.14985581944893e-08 3.22554871701186e-11 1.06075737082989e-10
9.81549175271823e-11 8.74807226658447e-11 1.73639724820873e-10 1.01876720393079e-09 2.48038674044437e-09 2.17332085661326e-10 6.98616453576051e-10 2.88632620026874e-09 3.65422287984529e-09 4.03896251555125e-08 2.58607144587586e-09 6.25729796865926e-09 2.63237502906577e-09 2.01544736455617e-09 2.09019876962202e-09 2.04056167518729e-09 3.01530107549297e-09 4.22593267046523e-09 4.62789202515523e-09 2.22573302011142e-09 9.24838339244616e-10 1.89563316155272e-09 2.74454663440338e-09 2.84323711241541e-09 4.07564506588187e-09 7.44728083645896e-09 1.05144394524359e-08 9.76655627482614e-09 1.11927469959028e-08 1.45753929814418e-08 1.68853816262526e-08 1.32140698383409e-08 1.66626946906945e-08 2.73888787205578e-08 6.49954301934486e-08 1.5216946280816e-08 1.26919644571899e-08 3.02831836052064e-08 8.94086042535491e-08 1.65827689357911e-09 1.60746427280145e-10 5.93824971417689e-09 7.07784550968427e-09 7.34766691934396e-12 4.35883440452756e-11
1.04088626606824e-10 1.10820796983546e-10 1.31824473559305e-10 1.76042358468465e-10 2.6116020457323e-10 2.88333872333624e-09 1.36516021598254e-08 4.57133353393147e-09 3.61597400910796e-09 2.40952378049997e-09 1.01153077025629e-08 2.87542682997355e-09 1.13361240394738e-09 9.64082591536908e-10 9.06540975620374e-10 8.29989765804839e-10 8.73719585570143e-10 7.90711052189863e-10 7.25972348902815e-10 7.41819006222499e-10 7.58232054920427e-10 1.07970894447362e-09 1.72092207151309e-09 3.63108298984116e-09 5.66150397673937e-09 6.51076206281687e-09 7.09457523839774e-09 9.08654556042166e-09 1.26944641465343e-08 1.11957248805084e-08 8.21480767854155e-09 7.42828731858935e-09 1.07526012982362e-08 5.05035870901338e-08 1.24942573620501e-07 4.10927825100771e-09 1.56561995368065e-08 5.79486311380606e-08 3.4252693126291e-09 1.71024916451046e-10 8.14892375800014e-11 6.74019773327927e-09 2.86121810688655e-09 1.61345479199326e-09 2.25426233235737e-11
2.41260211808481e-10 2.98115798713638e-10 2.98426243716676e-09 1.89976390174706e-09 6.61965700032852e-09 7.47945847479059e-09 4.08780600480441e-09 2.6525285079515e-09 2.69996860424726e-09 4.0297049253013e-09 3.74231028388294e-09 2.41741116013827e-09 1.66521196831582e-09 1.96071621161309e-09 2.04848191742713e-09 1.9649158744528e-09 1.93574898332827e-09 1.72145888654995e-09 1.25979902065865e-09 1.18058274267696e-09 1.05534310179678e-09 1.61129936060433e-09 2.51740228662811e-09 2.75213256628604e-09 4.63518325943824e-09 6.16836715039426e-09 7.64163843314236e-09 9.21503726658557e-09 7.93710128732528e-09 8.38695868310424e-09 8.10040532428502e-09 6.08439592042487e-09 3.7308495848265e-09 7.8151367688406e-08 1.7327558055058e-08 4.63707294784399e-09 1.26910251196932e-08 1.54458507495292e-07 6.69416920118238e-08 1.21070087288899e-10 7.17481962730915e-11 3.88257204164688e-11 2.8831998122314e-09 2.65079247441236e-10 3.26265792160996e-11
4.66980978330867e-09 2.31505197234583e-09 1.57362066488531e-08 7.56021165670973e-09 2.27532964913735e-08 1.93854489793921e-08 1.69867107047139e-09 7.21817361437616e-10 8.06592748148205e-10 8.5793656623423e-10 9.19688236677985e-10 5.74508174366883e-10 3.3777163288562e-10 6.80808032171853e-10 1.69472755828792e-09 1.58537893923949e-09 1.18665033355114e-09 1.09563682570979e-09 1.59416977396631e-09 1.70608007721285e-09 1.83388273455876e-09 2.5037689255214e-09 3.45468471607546e-09 3.29139098198539e-09 2.82933658724005e-09 4.46228867190257e-09 7.2567530651213e-09 8.28577242373285e-09 7.17863102295269e-09 3.55575338062408e-09 3.04639868886625e-09 4.39098144511263e-09 1.31352431154141e-09 9.65232604954736e-10 6.41813757695786e-10 6.43325321902921e-09 2.99279108162409e-09 4.45591126663203e-08 1.68334479688781e-10 8.10191247424541e-11 4.16315981688342e-11 1.89672944017616e-11 2.21716938142436e-09 1.68712055437226e-10 2.20330975686522e-11
1.60908058433051e-08 1.55852774241794e-08 6.79240557133198e-09 2.12831796631008e-09 4.30059579059616e-09 1.22969536775486e-09 1.44147120906268e-09 8.17179746093188e-10 1.11801714552939e-09 8.78549322180788e-10 4.75618211481788e-10 3.15783554860616e-10 2.37803554625771e-10 8.55434945101763e-11 1.02426067627448e-10 2.24173035690001e-10 3.93364540940411e-10 7.76979103278563e-10 1.4220151278721e-09 1.63519118245858e-09 2.10496668984206e-09 2.21289191415508e-09 2.10501092112736e-09 1.92562286116527e-09 2.21494858010374e-09 2.46573836903963e-09 2.08491588438164e-09 2.17771667365696e-09 2.37613271281134e-09 1.72164948963882e-09 7.32267091407834e-10 3.26157101326885e-10 3.09217185190391e-10 2.19517937161129e-10 1.49862844356363e-10 1.94081684057323e-10 2.76603673299292e-10 4.55230830809228e-10 8.86037909708648e-12 1.14226739178491e-11 2.96800695132049e-11 2.67607158654926e-11 9.93757964806719e-10 1.98922811556201e-10 1.83394521791058e-11
4.30456603695006e-10 5.77149039671099e-10 3.99025523734053e-10 3.15931352190546e-09 1.79360313268262e-09 5.48363043861855e-10 2.99119706781425e-10 6.25417273525386e-11 5.69374103420728e-11 5.21143461718054e-11 4.77299422207977e-11 5.56744872426407e-11 4.54759119250525e-11 2.32470043215471e-11 1.28951804789779e-10 2.55629251100231e-10 1.73929992630661e-10 1.81873860416459e-10 2.1922763604465e-10 2.31621699597895e-10 2.96287927525896e-10 3.78235442966002e-10 4.4870938076258e-10 4.05660838254107e-10 5.4663336079841e-10 5.58556045859859e-10 9.10999542469426e-10 1.9350959945541e-09 1.73151342153233e-09 3.21000559466711e-10 2.04610506315817e-10 1.61394009268179e-10 1.21884835557751e-10 1.23820409481112e-10 5.45693379372381e-11 9.34841759558935e-11 2.58014676290941e-10 4.50774972904355e-11 2.22157536811096e-10 1.09377173984626e-11 3.63841401451737e-11 2.96548341438552e-12 2.62298494035917e-10 3.7874303693286e-10 4.63975746711753e-11
6.12260797616671e-11 3.27602123206816e-10 9.46969502813033e-11 8.12069855804509e-11 1.44611567165498e-10 7.87282350422913e-11 4.98050267694339e-11 2.65111377295568e-11 1.15467191363905e-11 9.18241038760925e-12 1.29204535959104e-11 8.63289439934078e-12 8.80950867809815e-12 1.02847730332201e-11 3.07808889488115e-11 8.29772694999065e-11 1.48614165418337e-10 1.46889755914259e-10 2.2108692654399e-10 1.46737966222332e-10 1.25929688898907e-10 1.46864842509586e-10 2.62372257253674e-10 3.51087181549303e-10 3.45383233124608e-10 4.77374584306745e-10 4.37109637374533e-10 2.01078886874484e-10 1.45483036728677e-10 1.79711789893844e-10 1.73854008966856e-10 6.42355169055975e-11 4.5541126425519e-11 8.83855100219932e-11 3.14361203734848e-11 6.59726717699982e-11 5.42235367717581e-11 7.69075247930573e-11 4.54579263120536e-11 5.31558397298682e-10 2.71509659199864e-09 5.08169106794298e-10 2.15647055767931e-10 1.6853324291688e-10 1.76854542122129e-10
2.47130316211042e-11 2.51281773167022e-11 2.6837021493975e-11 2.12975415081473e-11 3.59631324720056e-11 2.00862437793603e-11 1.52213464055251e-11 1.25399135519899e-11 9.20423737227338e-12 4.33559854684518e-12 1.23447696509515e-11 7.68718422250458e-12 6.97142343852875e-12 1.00586206031039e-11 2.25444773960248e-11 6.22690787821512e-12 1.02304054117042e-11 1.24869337092548e-11 2.83702528136587e-10 2.82692536046625e-11 4.04370870121795e-11 7.46266382023464e-11 1.56834878417556e-10 1.16842702180264e-10 1.13659182066073e-10 1.42653033829987e-10 1.92219440364738e-10 1.12200004842578e-10 9.16854481225471e-11 5.49628231816257e-11 2.97475932775626e-11 1.5321610646879e-11 1.73467573638675e-11 1.0895715440995e-10 4.14365430856378e-11 2.99224867106318e-11 5.47890510738114e-11 8.59705640010588e-12 1.11685771742032e-11 2.96242808062175e-11 2.64035460162404e-12 1.14917453331032e-10 1.81661485854079e-10 3.6796141689166e-10 3.18737747306841e-10
1.34842581545058e-11 1.27999277843571e-11 1.33050459538708e-11 9.19156972756241e-12 7.91435805780338e-12 4.78921347024652e-12 3.19644311019829e-12 3.06458192156356e-12 2.45612419291774e-12 2.7268076685516e-12 4.99886798621674e-12 4.06784605999633e-12 3.42990080781647e-12 4.31674695988704e-12 5.63619151350281e-12 5.47092371405711e-12 4.61432003717732e-12 7.98027199877538e-12 2.06043182515714e-11 1.70398806176308e-11 3.70404373839506e-11 3.99997368560889e-11 5.95707705386417e-11 8.88498608020427e-11 5.34221467063389e-10 1.7083802150708e-10 4.57249127450154e-11 3.1880531548012e-11 2.40473529977692e-11 1.74098624405872e-11 9.68803925971429e-12 6.45520303876879e-12 1.30313315693797e-11 6.38962216470418e-12 7.4392270121848e-12 2.488146355617e-11 3.43033601524212e-11 2.96560553891823e-12 2.95596880306448e-12 1.67667324468823e-11 4.57957338717563e-11 7.15475678703115e-11 2.54386400833084e-11 2.70804267898939e-11 6.9086181220257e-11
7.05431268954726e-12 5.85433923561141e-12 4.33337810079593e-12 5.28070920324808e-12 3.49706930080629e-12 1.97175609173428e-12 2.00632843672111e-12 1.76518799577252e-12 1.86674009583498e-12 1.93588478580864e-12 2.63354893448309e-12 2.0027979275028e-12 2.07855954670322e-12 3.14548387336799e-12 4.13350464967266e-12 6.65900667939923e-12 7.45999928497554e-12 6.69688748899944e-12 7.23809900904371e-12 7.17673698247268e-12 6.5954131045487e-12 6.66701138740677e-12 7.69319052906781e-12 1.38732803023345e-11 2.12999728965713e-11 8.33808577738182e-12 6.19552187330896e-12 8.27252710777771e-12 9.03187524770033e-12 6.16804385344949e-12 4.88862283987146e-12 2.93267632400784e-12 3.0688895868991e-12 8.28461743651587e-12 9.65373336825337e-12 6.2226557240308e-12 3.56891183272978e-12 1.703803764741e-12 1.23411281194308e-12 6.77410350036212e-12 3.12646575295616e-12 1.32041599876231e-11 2.8634872251132e-13 1.27103438885001e-11 1.40943368087676e-11
1.50527368347753e-12 8.32933721994777e-13 6.98596736015133e-13 7.34468041940772e-13 7.61146701222515e-13 9.61430934864893e-13 9.43278788412272e-13 1.41313627466388e-12 1.37934108579429e-12 8.879563750952e-13 1.03552721952838e-12 1.32535094010677e-12 1.48271395161714e-12 2.25299778833232e-12 2.91294766086025e-12 2.0603851957901e-12 2.25951479748687e-12 2.78473910597654e-12 3.49293927115468e-12 3.29933858012055e-12 2.39988029449023e-12 2.33898456158954e-12 2.51022536090773e-12 2.8778646132821e-12 1.49205092725424e-12 1.01698649501714e-12 1.06978870206831e-12 2.82006640262011e-12 3.24255067241097e-12 2.01937355726045e-12 1.44880774044509e-12 4.6617709692498e-12 5.2588933208142e-12 1.64508406896857e-12 1.57077684193041e-12 1.7331136525911e-12 9.53681578153009e-13 1.14765197345434e-11 3.71944697263871e-12 8.98092711310028e-13 9.56756895931221e-13 2.06723527185204e-14 1.0733636202076e-13 7.54948326076033e-12 1.04615538454311e-11
2.10905737318967e-12 2.39136488389136e-12 2.55960364015095e-11 2.24097629342168e-11 2.83162382430646e-13 4.33830749102526e-13 7.73159314348959e-13 7.64976970657472e-13 8.67095284462494e-13 5.59863266857974e-13 6.79678535675521e-13 6.51545484231519e-13 5.79813974610488e-13 5.28455057491328e-13 6.52078391283339e-13 9.88664705658948e-13 7.35433935972196e-13 9.91617898904451e-13 1.05069286604476e-12 1.06324948845327e-12 7.38842320657795e-13 1.07181152841918e-11 7.20191684067117e-12 1.31143984560822e-12 5.88971094117596e-12 2.20052864818854e-12 8.16480216769833e-13 6.18050055578578e-13 5.66646729538434e-13 4.28357349591124e-13 6.55786536185587e-13 5.83797454822843e-12 2.42432296460038e-11 5.74988945345467e-12 1.16001652727959e-11 4.87406892624165e-11 -9999 -9999 -9999 8.72147909447563e-12 2.1493917756743e-14 1.70413683164838e-12 2.07056594092592e-14 2.98032709622476e-12 6.3609895128991e-12
-9999 -9999 -9999 -9999 -9999 1.00428665383845e-11 7.62290230937879e-13 3.05566683067582e-13 2.01472172278727e-13 1.46449519178304e-13 1.26398891353574e-13 2.14972484258169e-13 1.35681466062465e-12 5.58910695502846e-12 6.22177864784135e-12 -9999 -9999 1.82996284792125e-11 4.19445589372458e-11 4.75459560611569e-11 4.40750325125805e-11 -9999 -9999 -9999 -9999 -9999 -9999 4.64700167235321e-11 -9999 -9999 -9999 -9999 -9999 -9999 -9999 -9999 -9999 -9999 -9999 -9999 3.7301273181356e-13 7.34967642301854e-15 1.46782586085692e-13 2.49076315128605e-12 3.72092356926146e-12
-9999 -9999 -9999 -9999 -9999 -9999 -9999 -9999 -9999 -9999 -9999 -9999 -9999 -9999 -9999 -9999 -9999 -9999 -9999 -9999 -9999 -9999 -9999 -9999 -9999 -9999 -9999 -9999 -9999 -9999 -9999 -9999 -9999 -9999 -9999 -9999 -9999 -9999 -9999 -9999 3.89055454519394e-13 8.80628903132674e-14 2.69628763760466e-13 3.38040706537868e-13 3.73145958576515e-14
-9999 -9999 -9999 -9999 -9999 -9999 -9999 -9999 -9999 -9999 -9999 -9999 -9999 -9999 -9999 -9999 -9999 -9999 -9999 -9999 -9999 -9999 -9999 -9999 -9999 -9999 -9999 -9999 -9999 -9999 -9999 -9999 -9999 -9999 -9999 -9999 -9999 -9999 -9999 -9999 1.40591982500382e-12 8.69496474820153e-11 0.508811522994294 3.22020188292527e-13 1.98456806543845e-12
-9999 -9999 -9999 -9999 -9999 -9999 -9999 -9999 -9999 -9999 -9999 -9999 -9999 -9999 -9999 -9999 -9999 -9999 -9999 -9999 -9999 -9999 -9999 -9999 -9999 -9999 -9999 -9999 -9999 -9999 -9999 -9999 -9999 -9999 -9999 -9999 -9999 -9999 -9999 -9999 -9999 -9999 -9999 5.88895598951922e-13 1.0754508394939e-12
