Maxent_result_files_1/Bombus_ruderatus_2.asc
NCOLS 594 
NROWS 330 
XLLCORNER -15 
YLLCORNER 23 
CELLSIZE 0.166666666666667 
NODATA_value -9999 
[rows 120 to 139 of 330, columns 315 to 359 of 594]
0.000942999846301973 0.00293177384883165 0.00230156951583922 0.00412944029085338 0.00343719990924001 0.00178723087301478 0.00212057195603847 0.0014583324547857 0.00264950809068978 0.00205716250929981 0.00217538508586586 0.00266312113963068 0.0004573434649501 0.00287211565300822 0.00362160443328321 0.00249388120137155 0.00521962437778712 0.00228096731007099 0.00418096520006657 0.00350882383063436 0.00869590919464827 0.00312486821785569 0.00136883719824255 0.000677577848546207 0.0031646816059947 0.00168179953470826 0.000257791427429765 0.000492028496228158 0.00157233951613307 0.000731596630066633 0.000510453386232257 0.0021369039081037 0.00105558783689048 0.000472359627019614 0.000843771201656585 0.000180997332790866 0.00196236274205148 0.00217537423595786 0.00400081723928452 0.000452595879323781 0.000185488795978017 0.00171221164055169 0.000175958237377927 0.000174836258520372 0.000545274768956006
0.00567635507322848 0.00520326229743659 0.00394669184461238 0.00329549070447683 0.00221349433995783 0.00263202113565057 0.00219365512020886 0.000999764772209277 0.00426028668880463 0.00251048505306244 0.00066381162032485 0.00219225324690342 0.00545770842581987 1.25517374272022e-12 0.000388098857365549 0.00469893207773566 0.00618879087269306 0.010932669788599 0.0070356285199523 0.00684938300400972 0 0.00160425938665867 0.00177690992131829 0.00183260140474886 0.00310262972488999 0.00176918327342719 0.000687241045391185 0.00118519146926701 0.00212751547805965 0.00196678298525512 0.00043188554700464 0.00045008750166744 0.00403022784739733 0.00016295425593853 0.000670363707467936 0.000185975502245128 0.0018526622094214 0.00416742339730263 0.00295840138569474 0.000192377681378275 0.000190780364209786 0.000604284822475165 0.000180815948988311 0.000176963771809824 0.000177883717697114
0.0053345112130046 0.00589367039501668 0.00602093730121852 0.00450598997995257 0.000575933221261948 0.00169321047142148 0.00231981200631708 0.0031217192299664 0.0018779578153044 0.000814048899337649 0.00199955855496228 0.00455023306421936 0.00681834779679776 1.02134129775777e-07 0 0.00156183885410428 0.00600834172219038 0.00603289268910885 0.00551048237830402 0.00396208157762885 0.00479955705814065 0.00702470000833273 0.00531090814620256 0.00150793888606131 0.00215649786405265 0.00184258497320116 0.00169732803478837 0.000895750126801431 0.000557678635232151 0.00139921854715794 0.000151708201155998 0.000159810335026123 0.000513947056606412 0.000969884676396759 0.000688229920342565 0.00384293235838413 0.00232496270909905 0.00230216253548861 0.00141524681821465 0.000224711134796962 0.000188332778634503 0.000182296396815218 0.000188221712596714 0.000189146082266234 0.000186699483310804
0.00489469673484683 0.00413172505795956 0.00619253041222694 0.00696983970701695 0.0020027257502079 0.00254924423061311 0.00162508566863835 0.00325230099260807 0.00264156349003315 0.00302156396210194 0.00346393664367497 0.00291622718796134 0.00323469983413815 0.0075430400669575 0.00431356811895967 0.00414572129957378 0.0048604560084641 0.00611000955104829 0.00328103676438332 0.00209109489805996 0.00389098986051977 0.00760370716452599 0.00777719784528017 0.00493435529060662 0.00226523075252771 0.00333221927285194 0.00577881801873445 5.06013827816787e-07 8.99436687177513e-05 0.00262153521180153 0.00376156168058515 0.00429434571415186 0.00484107751399279 0.00519368108361959 0.00292861722409725 0.00232101674191654 0.000696758413687371 0.00108751356601715 0.000960358286293728 0.000659003225155175 0.00246175364591181 0.000189982543815859 0.000362528755795211 0.00231840615160763 0.00251879724673927
0.00462969602139591 0.0134713057428598 0.0108562842011452 0.00411532279103994 0.00521903582848608 0.002610930101946 0.00479631838388741 0.00552070252742943 0.00534123410470784 0.00546698467805982 0.00541521934792399 2.29583390137122e-05 0.00557086449116468 0.0055192350409925 0.00261673070490361 0.00317348777316511 0.0058478957042098 0.00163827883079648 0.00498701306059958 0.00284602101892233 0.00267092590220273 0.000914428487885743 0.00548033807426692 0.00445753517560661 0.00563043700531126 0.00382774667814374 0.000775419070851058 0.00223106457851827 0.00398346735164523 0.00221029124222696 0.00273945252411067 0.0025552386417985 0.00849071126431227 0.00169999599456787 0.00366853033192456 0.00244264560751617 0.00252511268481612 0.00192712671123445 0.00223422732673549 0.00188983103726059 0.00244672154076397 0.00271694846451283 0.00120694689217089 0.000365667324513197 0.00244664819911122
0.000692654971498996 0.00282399738207459 0.00606850879266858 0.00618531554937363 0.00548791652545333 0.00248735286295414 0.00330297024920583 0.00255582882091403 0.00344383642077446 0.00439827921800315 0.00726894568651918 0.0129025503993034 0.00763565422967077 0.00747179416939617 0.00462274425663054 0.00327416164800525 0.00109722455963492 0.00723837576806545 0.00658310782164335 0.000557741592638195 7.04588609679035e-12 0.000112543083378114 0.00271946960128844 0.00273786834441125 0.00473062191158533 0.06483458657749 0.00170945539139211 0.00234130630269647 0.00385398105718195 0.00241633714176714 0.00194502039812505 0.00218300330452621 0.00300860917195678 0.00205134702846408 0.00643837749958038 0.00215634397009804 0.00203546625562012 0.00358080565929413 0.00197617649100721 0.00203684442676604 0.00190077130682766 0.000814973260276053 0.00223835911601782 0.00135381682484876 0.00180053692311049
0.00330290095880628 0.00322363059967756 0.00394528605975211 0.00402524759992957 0.00723203830420972 0.00262136999517679 0.000860587996430695 0.00622916501015425 0.00122309413295625 0.00291582141071558 0.00374109130352736 0.00740296933799982 0.00819518258795143 0.00642976826056838 0.00563091905787587 0.00624611787497997 0.00310059022158384 0.00397983826696873 0.000311415910255164 0.00203867936506867 1.52451804069642e-06 4.99631777728382e-08 0.0035032297950238 2.76692104307585e-05 0.00565556064248087 0.00602281261235477 0.0023499523755163 0.00352274714969099 0.00543747358024123 0.00244804858230054 0.0025289649143815 0.00178545597009361 0.00221480748162867 0.00408667917363346 0.0017016869969666 0.00288157684262842 0.00277319559827447 0.00268975305370986 0.00206562806852162 0.002530911937356 0.00243215556256473 0.00248228362761438 0.00282080732285976 0.00410701427608728 0.00397335151210427
0.0051732752006501 0.006756691634655 0.00536039401777089 0.00343921110033989 0.00338494852185249 0.00232187397778034 0.00358260269276798 0.00481833759695291 0.000178593630698742 0.00798458131030204 0.00884935688227417 0.00709604080766439 0.00359582742676139 0.00287918923422694 0.00330754276365042 0.00261861267499626 0.00377928307279944 0.00524054113775492 0.00137140424922109 0.0010889282667236 0.00382002163678408 0.00227152388542891 0.00199578092433512 0.00153190568089485 0.00414466727524996 0.00229703458026052 0.00212151263840497 0.00251693576574326 0.000715790502727032 0.00384089164435863 0.0024529870133847 0.00263938368298113 0.00223415996879339 0.00200058599002659 0.00309854624792933 0.000908388919197023 0.0032191633945331 0.00257779415696859 0.0019376733340323 0.00240704640746117 0.00238462281413376 0.00254472065716982 0.00227807350456715 0.00236915252171457 0.00311857257038355
0.00300913956016302 0.00704077789559962 0.00734591595828535 0.00722107719630004 0.00213437364436686 0.00316378073766828 0.00261604762636125 0.00316085107624531 0.0051855749450624 0.00966316089034081 0.00603751493617892 0.0089354186318815 0.00735164219513536 0.00529753565788269 0.00678718937560916 0.00603666389361024 0.00692800572142005 0.00226686131209135 0.00324045019224286 0.00117381543386728 0.000772645487450063 0.00482680825516582 0.00319123771041632 0.00386940673924983 0.00524117732420564 0.00456090224906802 0.00101118844468147 0.00489235613495112 0.00551987942308188 0.00119220111519098 0.00197712196968496 0.00172472448321059 0.00290228137746453 0.00201447866857052 0.00230790488421917 2.64036504094012e-07 3.64321668389067e-09 0.00388191631063819 0.00411327015608549 0.00457023391500115 0.00171020873822272 0.000223952796659432 0.000754832522945481 0.000737577048130333 0.000220160899334587
0.000169079736224376 0.0029875258449465 0.00285407640039921 0.00283646173775196 0.00228319931775332 0.00314518339000642 0.0048395256511867 0.000441385398153216 0.00704347472643735 0.00773993209004404 0.00531094679608941 0.00485663507133722 0.00862222462892536 0.00569340363144876 0.00696813361720369 0.00594609407708049 0.00607990836724639 0.0058468472212553 0.00646728640422226 0.0041657485999167 0.00328208301216364 0.00164090299513191 1.75216800016642e-05 0.000995014107320458 0.00383097780868411 0.000839387043379247 0.0094758577644825 0.00298840699251741 0.00353506512474269 0.000890827766852453 0.000415420575882308 0.00590761862695217 0.00477162208408117 0.00611567236483097 0.000728124240413308 0.00418245834298432 0.000388546561589465 8.90958614663262e-09 0 2.93098878501041e-15 0.00238325037062168 0.00226784800179303 0.000772031024098396 0.000226579321315512 0.000542436726391315
0.00525579284876606 0.00354743085335955 0.00215414492413402 2.05099080631044e-05 0.00320648467168212 0.00372765231877565 0.00312711214646697 0.00321761243976653 0.00271460702642798 0.00506554683670402 0.003078084718436 7.071581717355e-06 0.00745387980714441 0.00673497524112463 0.00709897512571149 0.00575302569195628 0.00543948262929916 0.000416647462407127 0.0066601117141545 0.0120456140488386 0.00965005867183208 0.00350936716422439 0.00273732566274703 0.00100405105629162 0.00140141907613724 0.00176991354674101 0.00267936754971743 0.000479734607506543 0.00356002636253834 0.00727359782904387 0.00347859347239137 0.00525719751603901 0.00936477556824684 0.00596117544919252 0.0062578521668911 0 0 5.03681825136937e-09 0 0 2.49474239240044e-06 0.00220158565789461 0.00304501065984368 0.00306435357779264 0.000439929589629173
0.0045042984187603 0.00498078055679798 7.0348872395698e-05 0.00347571959719062 0.00302778639597818 0.00310140426736325 0.00492740145418793 0.00370597019791603 0.00215929234400392 0.00376459797844291 0.00424885055981576 0.00433873892761767 0.0047676332294941 0.00320137003436685 0.0122882023453712 0.0052296206688246 0.00746343396604103 3.59154728180044e-10 0.00289053781889379 0.00280704079195857 0.00268405792303383 0.000871117017233503 0.00277021378278732 0.00118038090877235 0.000885163922795851 0.00233723730780184 0.00450075268745422 0.00658317692577839 0.00464546643197536 0.00548395253717899 0.00514488779008389 0.00262199020944536 0.00515678282827139 0.0139804657548666 0.00650606770068407 0.00506185647187877 0.00119460218120366 0.00549720637500292 0.00451785000041127 0.000951713370159268 0.00120216368231922 0.0100883468985558 0.00972250774502754 0.0044849582016468 0.00503878574818373
0 6.68085586852385e-12 2.1432373653596e-09 2.06926108603511e-07 0.000156978727318347 8.39543395159126e-07 0.0036740867421031 0.00172653673216701 0.00381671153008938 0.00484168604016304 0.00281698470935225 0.00427605691365898 0.00369210410863186 0.00342632541432977 0.00560804922133684 0.000862573878839612 0.00027020710404031 0.00238974844105542 0.00276904255151749 0.00344996731728315 0.00402864878997207 0.00132335069356486 0.000938775166318351 0.000350339038413949 0.0026957361260429 0.00267499187029898 0.00377866700291634 0.00457632699981332 0.00615573856179401 0.00922816023230553 0.00350081836804748 0.0134115945547819 0.00803686454892158 4.40936176460127e-13 0.00795663818717003 0.00641645509749651 0.00736953904852272 0.00280560674145818 0.00689110588282349 0.00512269772589207 0.00489007346332073 0.00464227888733149 0.00468580331653357 0.00483048958703876 0.00475188782438636
0.0998969674110413 0.779169297218323 0 1.14188992483832e-06 8.47642830481554e-08 1.15156626634416e-06 0.00179196414537729 0.00184729844331741 3.04769895592472e-05 0.00165926059707999 0.00548292407765985 0.00485115258488804 0.00888991616666317 0.00155772260623053 0.000517673708964139 0.00540997982025146 0.0043443638831377 0.00429421029984951 0.00139687797054648 0.00130020381443501 0.00263958577997982 0.00302633987739682 0.00283069577999423 0.000926530780270696 0.00357714528217912 0.0064323221449339 0.00812094938009977 0.00509004141204059 0.0105637639760971 0.00414141621440649 0.00401114248670638 0.00944829424026494 0.00846266075968743 0.00648274947889149 0.00435764163266867 0.00387890620622792 0.00200606715359439 0.00396514628082514 0.00567428153008223 0.00727527486160399 0.00536443321034312 0.00519633907824755 0.00377428368665278 0.00497252764180303 0.00479750772938132
0 0 2.98366078510526e-09 1.57283266410957e-09 1.72570569702657e-05 0.00441400371491909 0.00530494141858071 0.00470535224303603 0.00340744722634554 0.00429500488098711 0.00492731530684978 0.00646864478476346 3.86404526364625e-07 0.00920508876442909 0.00277420803904533 0.00333210313692689 0.000987064396033099 0.0193836279213428 0.000426888157380745 0.000716493837535381 0.00313559568021446 0.00380842972081155 0.00191841372288764 0.00325619159266353 0.00486518340185285 0.00747425640001894 0.0026207783260256 0 0.00771891390904784 0.00418231431394823 0.00348336903148566 0.00339533148799578 0.000834895297884941 0.00369531940668821 0.0042423777282238 0.00352456434629858 0.00663760704919696 0.0108872966840863 0.00846686558797955 0.00912028029561044 0.00585335763171315 0.00582931097596884 0.00545396637171507 0.00552423661574721 0.00380550473928452
4.78346584564804e-11 6.64173552650027e-05 0.00761625654995441 0.0103655925020576 0.0869838861050084 0.0102474512532353 0.0194621928036213 0.00390605733264238 0.00871592899784446 0.000901939114555717 0.00955307111144066 0.00306678009219468 0.00484586975071579 0.00380297361407429 0.00811217464506626 0.00391916856169701 0.0095488965511322 0.0025895394384861 0.000225000159116462 0.00318933697417378 0.00140762658265885 0.0026099439477548 0.00102358951699094 0.00136571861803532 0.00316823567263782 0.00353926513344049 0.0115437719970942 6.99440505513849e-16 0.000878448225557804 0.00403620842844248 8.50471396915964e-06 0.00413077296689153 0.00362156243063509 0.00577259082347155 0.00741157289594412 0.0103689040988684 0.00896272342652085 1.42247760095415e-06 0.000176008186826948 0.0071411456912756 0.00666717831045389 0.00614511836320162 0.00557559970766306 0.00548564828932285 0.00554796271026134
0.00419483408331871 0.00923319058492781 0.00954183023551458 0.0115426963195205 0.00993238808587616 0.0104092344641821 0.00873680002987385 1.8084788825945e-05 0.00486647540237755 0.00452388020267496 0.0117654640227556 0.0122543168307473 0.00365772637305781 0.00408396003767848 0.00306542767211795 0.0254366829991341 0.00388311147689819 0.00283356849104166 0.00158419578801841 0.00272698189364746 0.000806348770856857 0.00224027277436107 0.000254868535557917 0.000557891032076441 0.00506226122379303 0.00391840562224388 0.0149273417890072 1.97189796455888e-06 0.000659588957205415 0.00136340876879331 0.0030747392680496 0.00445105358958244 0.00469882590696216 0.00846342602744699 0.00876305969431996 0.00846939980983734 0.00778717584908009 0.0078646388836205 0.0079287369735539 0.00749835418537259 0.00819834945723416 0.00658726794649893 0.00558748254552484 0.00551875587552786 0.00407764674164355
0.0032270469237119 0.00674679009243846 0.0110397860407829 0.0103439996019006 0.0102068528676946 0.0105756551967434 0.00995233692228794 2.91778638139561e-08 0.00113090979866683 0.00554097488056868 0.00399930905550718 0.00556259057484567 0.0195247605443001 0.00535772610455751 0.00516215870156884 0.0121788743883371 0.00838972851634026 0.00281079327687621 0.00617697304114699 0.00384722296148539 0.00439872434362769 0.00235393511829898 0.00192980692954734 0.00522339846939112 0.00740387979894877 0.00728189684450626 0.0020806313958019 0.000937765161507198 0.00421232273802161 0.00334744417649183 0.00360576501116157 0.00444876719266176 0.00384143628180027 0.00674491366371512 0.00778047600761056 0.00807874975726008 0.00844316659495238 0.00974708739668132 0.00645081158727407 0.00375765664502978 0.00855908356606961 0.00520325405523181 0.00533554516732693 0.00413468619808555 0.00586786940693855
0.00404295993503183 0.00472981976345181 0.00576986698433757 7.09884858224541e-05 0.00297679025679827 0.00975909801200033 0.0012712816009298 0.0123999791219831 0.0112457698218763 0.0070092536509037 0.00902256174013019 0.00845863264985383 0.0218358144164085 0.00740880556404591 0.00355213752482086 0.00300453212112188 0.00198836175259203 0.00173002830706537 0.00392054610420018 0.00329341725446298 0.00357656478881836 0.00479896552860737 0.0104948868975043 4.74875805345221e-11 0.00328119965270162 0.00981563553214073 0.00372056677006185 0.00127300792385049 0.00288500459864736 0.000873276800848544 0.00273719052784145 0.0076144814491272 0.00892359390854836 0.00750733725726604 2.14569690797362e-05 0.00170532292686403 0.000471773293975275 0.00135144153609872 0.00451058186590672 0.00180910215713084 0.00465974966064095 0.00131650916300714 0.00341119063086808 0.00309910364449024 0.00478011276587876
0.00882864929735661 0.00915120029821992 0.00896206423640251 0.00994148030877127 0.00860797539353371 0.00911481194198132 0.00905329659581184 0.00976113667711615 0.00824225395918001 0.00727639477699995 0.0106552708894014 0.010741104464978 0.00346633084118366 0.00837656557559967 0.00765555435791612 0.00600601695477962 0.00134514984674754 0.00545293400064111 0.00203399014426395 0.00485186064615846 0.00728985741734505 0.00682434383779764 0.0049463976174593 0.00148876518942416 0.00408096611499786 0.00675134845077992 0.00923250801861286 0.00750983767211438 0.0133776545524597 0.00701370975002646 0.00750031601637602 0.00852296426892376 0.0106740364804864 0.00545766958966851 0.00522659707348794 0.00761784783098847 0.00342918834649026 0.00709255682304502 0.00971748474985362 0.00438711680471897 0.00196645683608949 0.00407100841403008 0.00561713641509414 0.00539834462106228 0.00610451372340323
