Maxent_result_files_1/Bombus_cryptarum_2.asc
NCOLS 594 
NROWS 330 
XLLCORNER -15 
YLLCORNER 23 
CELLSIZE 0.166666666666667 
NODATA_value -9999 
[rows 60 to 79 of 330, columns 414 to 459 of 594]
0.0138878338504583 0.0109769079834223 0.0127288069576025 0.0117178383283317 0.0104655242525041 0.0108840642962605 0.0118779658805579 0.0123687069863081 0.0112885270267725 0.0107267081271857 0.0101757932454348 0.00945991072803736 0.00922958198934793 0.0092482699546963 0.00923340274021029 0.00896395170129836 0.00961306295357645 0.00928339161910117 0.00824830704368651 0.00701695487368852 0.00595945427194238 0.0110128404572606 0.0116327613126487 0.00571855853777379 0.00583077541086823 0.00521104072686285 0.00519885786343366 0.00509982898365706 0.00518589080311358 0.010270238853991 0.0309924752451479 0.0199842046014965 0.0122125973459333 0.00516750449314713 0.00442711708601564 0.00467402688227594 0.0047455744119361 0.00441510023083538 0.00386836344841868 0.00398341189138591 0.00392147174570709 0.00370748650748283 0.00383181392680854 0.0153298247605562 0.00401076909620315 0.0124799254816025
0.0101333789993078 0.0120284118223935 0.012807371141389 0.0128399054054171 0.0119868394453079 0.0122860927600414 0.0110324888955802 0.0400171244516969 0.0102735941763967 0.0102340317796916 0.00978342685848474 0.0090784857980907 0.00883689452894032 0.00847285115160048 0.0077234236523509 0.00783247519284487 0.0161825790535659 0.00776021857745945 0.00790737234055996 0.0399907398968935 0.00637638058979064 0.00572321778163314 0.00955386711284518 0.00537487380206585 0.00565233719535172 0.00521726012229919 0.00467429195996374 0.00475219488143921 0.00455695532727987 0.00475757098756731 0.00972362700849771 0.0322156485170126 0.00596214635297656 0.00517655448056757 0.00419529660139233 0.00431020930409431 0.00578760984353721 0.00400398967321962 0.00409987808670849 0.00399775872938335 0.00378833911381662 0.00389492048416287 0.00391918807290494 0.00414171889424324 0.00422383828554302 0.00421852052677423
0.0139072998426855 0.00890472279861569 0.010808788286522 0.0115002668928355 0.010271785594523 0.0184712944552302 0.00976583450101316 0.0096774282399565 0.0090412899851799 0.00936949891038239 0.00932060144841671 0.0085919413715601 0.0428896812722087 0.00804050569422543 0.00768325095996261 0.0122323743067682 0.021119206212461 0.0067481103586033 0.0081446417607367 0.00574389311950654 0.00951774776913226 0.00981999472714961 0.00948750996030867 0.00502862583380193 0.00493253103923053 0.0115471927914768 0.010182929970324 0.00485668438486755 0.00484443490859121 0.00476833384018391 0.00487449439242482 0.00471861262340099 0.00497168391011655 0.00480746028479189 0.00429704966954887 0.00545219308696687 0.005506672244519 0.0073228383436799 0.00220437148254859 0.00416492088697851 0.00392321199178696 0.00391723699867725 0.00405385545454919 0.00410781111568212 0.00411851413082331 0.00401796586811543
0.00967971784994006 0.00886479592882097 0.0147651886101812 0.00966951637528837 0.0103949819691479 0.0106124994345009 0.0112058462575078 0.0107578303664923 0.00892209499143064 0.00849137171171606 0.00811652797274292 0.00799696603789926 0.00744484469760209 0.00764031824655831 0.00778874643146992 0.00736835727002472 0.00669733791146427 0.00598914788570255 0.0082842880859971 0.00818776516243815 0.00780105045996606 0.00508450353518128 0.00523719959892333 0.00521770506165922 0.00899041849188507 0.00499983232002705 0.00492201356682926 0.019023057539016 0.00479659030679613 0.00479923954699188 0.00463328617624939 0.00821254290640354 0.0236482738517225 0.00446985268499702 0.00413935065735131 0.00406248290091753 0.00418342421762645 0.00753836825024337 0.00419166751671582 0.00409533109050244 0.00398549630772322 0.00377508678939194 0.00404310857411474 0.00412360646296293 0.00394932141061872 0.00380805772729218
0.0672111457213759 0.0725370403379202 0.0237463558092713 0.0100333264097571 0.00927921994589269 0.018335222452879 0.0162719246465713 0.00804381435737014 0.00792468301951885 0.00790791953913867 0.00762576507404447 0.00743977867532522 0.00754904267378151 0.00792708708904684 0.00734039379749447 0.012833644496277 0.00635068190749735 0.00598773257806897 0.00597973337862641 0.00576439863070846 0.00564268485177308 0.00548842696007341 0.0108955897390842 0.0274171136319637 0.0161583418957889 0.0130677706561983 0.00710385986603796 0.00875828792341054 0.00487294981721789 0.00457308667246252 0.00585056371055543 0.00435059492010623 0.00401466905605048 0.00388544513843954 0.00398429073393345 0.00409149846527725 0.00417767679318786 0.00405964315868914 0.00398393666837364 0.00408731265924871 0.00402391352690756 0.0039578365162015 0.00370789815206081 0.00355192553251982 0.00361085864715278 0.0034720434807241
0.0551483906805515 0.040049427933991 0.0210675140842795 0.0168473188765347 0.0199304482899606 0.0152761520817876 0.0202746991999447 0.00709583284333348 0.00732132757548243 0.0078293738886714 0.012489441037178 0.0557368408888578 0.0538590444251895 0.0291789701208472 0.0574593923985958 0.0134718663990498 0.00941015116404742 0.00605271654203534 0.0134879991412163 0.040195694938302 0.0466520102694631 0.0228041375987232 0.0253661325201392 0.00973334149457514 0.00660105445422232 0.0047827068483457 0.0123639266006649 0.0328386820852756 0.0259997091256082 0.0119465796276927 0.0237520291469991 0.01104003386572 0.00384302204474807 0.0104927444830537 0.00390776183921844 0.00609492040239275 0.00745934597216547 0.00429926391225308 0.00438880634028465 0.00433667679317296 0.00390428486280143 0.00351770980050787 0.013339322200045 0.02308379271999 0.020755102019757 0.0113901992794126
0.0478882245719433 0.0492945991456509 0.0523337565362453 0.0450973374769092 0.0297776138409972 0.0528681565076113 0.0121756355743855 0.0129415764473379 0.0406153559684753 0.0511769935488701 0.0375963564962149 0.0359271712601185 0.0337839202955365 0.0404339108616114 0.031853986531496 0.0115212538745254 0.0463253760710359 0.0109406801871955 0.00853302073664963 0.0325649352744222 0.0331620464101434 0.00747953089885414 0.0205589744262397 0.00864817397668958 0.0184616476297379 0.0391290265135467 0.041270736604929 0.0254353922791779 0.034300128556788 0.0271142801269889 0.0365814259275794 0.0296833241358399 0.0168703342787921 0.019576791767031 0.0135935487225652 0.0297538761049509 0.00473379113245755 0.00473193000070751 0.00409811658319086 0.00365021938923746 0.0276898480951786 0.0138814818114042 0.0116171740461141 0.0181336303241551 0.0190379859879613 0.0208255857229233
0.0621335085481405 0.0698551278561354 0.0220716536045074 0.0413025608286262 0.0413423219695687 0.0343101147562265 0.0448031103238463 0.0360896179452539 0.0331337409093976 0.0343028649687767 0.0415751168504357 0.0643356364220381 0.0505572492256761 0.0446826107800007 0.0456272231414914 0.045077389664948 0.0437383519485593 0.0316819563508034 0.0466651285067201 0.0441911105066538 0.0353948278352618 0.0339687842875719 0.0338869705796242 0.0356972698122263 0.031107922270894 0.0451605325564742 0.0448154145851731 0.0264194872230291 0.0244385976344347 0.0135261063463986 0.0160496244207025 0.00971005042083561 0.0100249560084194 0.0217704490758479 0.0339766608551145 0.0159182234667242 0.00809271018952131 0.0318986237980425 0.0239591280929744 0.0178372456692159 0.020382871106267 0.00720074814744294 0.0128939938731492 0.0160306215286255 0.00551754848565906 0.00482470931019634
0.0866716928780079 0.0559021856635809 0.0124358410015702 0.0342140838503838 0.0294904508627951 0.0369269303977489 0.0209874223917723 0.0343860687687993 0.0290931042283773 0.0443857792764902 0.0466790284961462 0.045152803324163 0.0522654723376036 0.0824403367936611 0.0643509715795517 0.0411625793203712 0.0602537274360657 0.0340229719877243 0.0493895204737782 0.0467415161430836 0.0535936776548624 0.0468049831688404 0.0397617928683758 0.0359883386641741 0.0333701966330409 0.0285160483792424 0.026055645570159 0.0276179391890764 0.0328556908294559 0.0231414941139519 0.0340022437274456 0.00577306556515396 0.0294449295848608 0.0231030344963074 0.0282009327784181 0.0192350714467466 0.0163323794491589 0.0264035503380001 0.0194519575685263 0.00665038549341261 0.00522915937472135 0.00200868048123084 0.0137812423054129 0.0063885279931128 0.0184559926390648 0.0174795499071479
0.0616107922047377 0.0496726891025901 0.0242456886917353 0.0276172895915806 0.0482019124552608 0.0396348448470235 0.0129805317148566 0.0364105878397822 0.0332840200513601 0.058297036588192 0.0749402359127998 0.049870871938765 0.0491085903719068 0.0449874574318528 0.0436765791848302 0.0227497410960495 0.0253683989867568 0.0731486812233925 0.0222731972113252 0.0147433743812144 0.0326421158388257 0.0390631439164281 0.0346783859655261 0.0452420856803656 0.039592913351953 0.0353412097319961 0.0494645932689309 0.0680851183831692 0.0206625652499497 0.00632157970685512 0.0316719751805067 0.0139843695797026 0.032613673992455 0.0490286860615015 0.0412434123456478 0.0344001166522503 0.0368763025850058 0.00302797766635194 0.00237126345746219 0.001740660041105 0.00219165958696976 0.00393210076726973 0.0138660895638168 0.019767139852047 0.0116179706528783 0.0157666319981217
0.0646842394024134 0.0536188270896673 0.0485278433188796 0.0447866646572948 0.0448536748066545 0.0357038076967001 0.0668912183493376 0.0428072679787874 0.0158113649114966 0.00462218853645027 0.00483661547768861 0.00656478323508054 0.00610526960808784 0.0122805311344564 0.0064037888776511 0.00700575474475045 0.0126494679134339 0.0415866237133741 0.0208252945914865 0.0323848728090525 0.0314193025231361 0.0658020082861185 0.252503649890423 0.242511191964149 0.224290037155151 0.0314081814140081 0.0151797205209732 0.0103847461286932 0.0437540045008063 0.0623249061405659 0.04172353874892 0.0321776203811169 0.0473493067547679 0.0284900531172752 0.0149137613363564 0.00664508622139692 0.00241966950707138 0.0023278518114239 0.00467578594107181 0.00265760109759867 0.00947998729534447 0.0271277821622789 0.0234550696797669 0.0158360145054758 0.0207463090308011 0.0200015938840806
0.0821395274251699 0.0724869672209024 0.0494412459433079 0.0403767690062523 0.0584482068195939 0.0567774154245853 0.0933855723589659 0.00777354941237718 0.00836303173564374 0.00909772897139192 0.0320849757641554 0.0473562331870198 0.0373942824080586 0.0374729953706264 0.0563731597736478 0.0760127000510693 0.0750293839722872 0.0518496412783861 0.0063953046919778 0.00517720943316817 0.00553341130726039 0.0188991320319474 0.0393773205578327 0.0454130630940199 0.00735476864501834 0.00562754769343883 0.0128415811806917 0.213495698571205 0.15372808650136 0.0674614559859037 0.0720472794026136 0.0609673779457808 0.00850273258984089 0.00405973441665992 0.00479246603790671 0.00431753946468234 0.0199315472971648 0.00325822522863746 0.0119402096606791 0.0402064424008131 0.00998162552714348 0.0130786341615021 0.0131291137076914 0.0156121138483286 0.0072687292471528 0.00215532772708684
0.0833801284432411 0.113188307732344 0.203540796041489 0.0811940044164658 0.109310914576054 0.0776571393013001 0.0788370281457901 0.0333522973582149 0.0179878179915249 0.0327541135251522 0.0138871978968382 0.0202094330452383 0.0209297433495522 0.0472557790577412 0.102308418601751 0.00527540789917111 0.0605127919465303 0.0071604565018788 0.00437263167696074 0.00526786136906594 0.0114682174753398 0.00446415212936699 0.00338015974266455 0.00534845450893044 0.0199178866110742 0.0204395731911063 0.0730866614729166 0.112176943570375 0.0410312708467245 0.0599338568747044 0.0105635406449437 0.0176525592803955 0.00476755385752767 0.00266003984725103 0.00391683407360688 0.00353646235307679 0.003580904728733 0.0299494234845042 0.00919394250959158 0.0158179889433086 0.00521837717387825 0.0199700563214719 0.0337170323356986 0.0437614535912871 0.0212845879606903 0.0219574276357889
0.200972341001034 0.149700719863176 0.0162354512140155 0.0567384149879217 0.0698835618793964 0.0460536699742079 0.045409718900919 0.0925720147788525 0.097296117246151 0.0911650359630585 0.13147926479578 0.050301381200552 0.0065129064489156 0.00735221190843731 0.0165257109329104 0.00571691151708364 0.0197098759002984 0.00532439968083054 0.00467692043166608 0.00241142234881409 0.00317892117891461 0.00485874626319855 0.00669346461072564 0.0413346659392118 0.0316062811762094 0.0301718387752771 0.0484522599726915 0.0297076895833015 0.057227598130703 0.00453089778311551 0.00493672306183726 0.00603722201194614 0.00822718772105873 0.0103380454704165 0.0289023097604513 0.0376234944909811 0.0775797244161367 0.0606145896017551 0.0378138417378068 0.061030501127243 0.0263953227549791 0.0262322159484029 0.0227628609165549 0.029481658898294 0.0255819243378937 0.0220124420709908
0.00933772455900908 0.00781719726510346 0.00862440099008381 0.00784048028290272 0.00639483593404293 0.00811680317856371 0.0450573194772005 0.0925206869840622 0.068532132729888 0.00647864995989948 0.0637217652052641 0.0103314429987222 0.00982108935713768 0.00616549625992775 0.0145352089777589 0.0952958136796951 0.0587165266275406 0.00927434233017266 0.00759026077575982 0.00464030154980719 0.00404867783654481 0.00414217532379553 0.00673099823761731 0.133425802737474 0.0502920299768448 0.0548855613917112 0.0820369303226471 0.0169199989177287 0.0460340524092317 0.00671112826094031 0.0440814562141895 0.0617683131247759 0.0830409184098244 0.0613096859306097 0.0663516756147146 0.0673101786524057 0.0651765819638968 0.052371134608984 0.0527272593230009 0.0418638095259666 0.012742979824543 0.024920541793108 0.0293283960781991 0.026816894300282 0.0364077987149358 0.0161463118158281
0.0111504418775439 0.00133162014535628 0.00898281361442059 0.00620375170838088 0.00845415000803769 0.0116922625340521 0.0231599312275648 0.125146531313658 0.0394407968968153 0.00670643502380699 0.00579439362045378 0.00695761679671705 0.00620519502554089 0.00448045441880822 0.00536007022019476 0.011822534352541 0.00589644617866725 0.00660502607934177 0.00906416499055922 0.00456820335239172 0.0142350228503346 0.0671986885368824 0.0620892006903887 0.0687205456197262 0.0603768561035395 0.0694464456290007 0.0702155705541372 0.0164813521318138 0.015282638464123 0.0409448308870196 0.0332457212731242 0.0303436804562807 0.0481363166123629 0.0310803059488535 0.0485988438129425 0.0620711304247379 0.0655276656150818 0.0436849653720856 0.0306383823975921 0.0239289766177535 0.0325664550065994 0.0272911090403795 0.00680722654797137 0.0460225941613317 0.0435053113847971 0.037323397397995
0.00748472746927291 0.00879245433025062 0.00786928539164364 0.009517513634637 0.0463876143097878 0.0136908992659301 0.0597675051540136 0.0581755585968494 0.00669994503259659 0.00561183579266071 0.00547851368319243 0.00652892461512238 0.00770897958427668 0.00561460282187909 0.00917913778685033 0.0610380969941616 0.00526192793622613 0.0053197861649096 0.0217419731430709 0.00671162703074515 0.103608222305775 0.0909313783049583 0.0608527984470129 0.0812390204519033 0.0551999911665916 0.064043278247118 0.108855713903904 0.00921185952611268 0.0274524150416255 0.0500559344887733 0.0613763716071844 0.0668133247643709 0.0557995155453682 0.0588448565453291 0.0278927584178746 0.0424122888594866 0.0648551069200039 0.0323319839313626 0.0479473456740379 0.0604108605533838 0.0514912914484739 0.0491834461688995 0.0274326453916728 0.0387383000925183 0.0399186620488763 0.0328196860849857
0.00999839184805751 0.00884397309273481 0.0660386938601732 0.0230349808000028 0.0656092204153538 0.0691934194415808 0.00832416189368814 0.0416700458154082 0.00894428635947406 0.00768055261578411 0.00675036166794598 0.00760491851251572 0.0122629269957542 0.0237910515628755 0.0093791005667299 0.00609091145452112 0.00449734206777066 0.00813516485504806 0.0239703968167305 0.0302221919409931 0.0192149293608963 0.0253845790401101 0.0332211118191481 0.0433536104857922 0.0554183885455132 0.0481741856783628 0.0524421237409115 0.0601160831749439 0.0390175135806203 0.0498439241200686 0.0407581767067313 0.0418535232543945 0.0562756491824985 0.0646549478173256 0.0434646248817444 0.051243894547224 0.0242794186808169 0.034750298038125 0.0325456885620952 0.0411037683486939 0.0266813282854855 0.0248785513453186 0.0250910859555006 0.0439917052164674 0.0373198676854372 0.0314988974481821
0.066345127671957 0.061553331464529 0.0704507865011692 0.0603851042687893 0.0341346407309175 0.0491609835997224 0.0139499918092042 0.0752362944185734 0.0567221343517303 0.0528831830248237 0.0143364287447184 0.0269295055419207 0.00556148204486817 0.0052444102242589 0.0106065949425101 0.0144511410966516 0.0358925936743617 0.0302171818912029 0.0341100169345736 0.0255032131448388 0.00553024369291961 0.00573246912099421 0.00417347168549895 0.00458074070047587 0.0442687653005123 0.00849179583601654 0.0429973436519504 0.0236085100099444 0.00966470232233405 0.0399967199191451 0.0610356587916613 0.0540931183844805 0.0546563914045691 0.030659456923604 0.0534117804840207 0.0367696784436703 0.0214840232394636 0.0369507949799299 0.0488978806883097 0.0218598212115467 0.0320873413234949 0.0278988095000386 0.0266266282647848 0.0343661295250058 0.0260384187102318 0.0280999716371298
0.0779894210398197 0.0775909908115864 0.0595228396356106 0.00804384294897318 0.0111526306718588 0.0575302101671696 0.0434319829568267 0.0531257446855307 0.0590045813471079 0.0542966675013304 0.0443972950801253 0.045824134722352 0.0240607673302293 0.036601110175252 0.0256288217380643 0.0423014253377914 0.0412400331348181 0.00957459006458521 0.0317550428211689 0.0412123646587133 0.0446247011423111 0.0335506731644273 0.00424887648550794 0.0272762604989111 0.0132228528149426 0.0280983248725533 0.0352379132062197 0.00402605403214693 0.013010036200285 0.0443145215511322 0.0437360573559999 0.0472278041765094 0.0419775169342756 0.0262829335406423 0.04562195725739 0.0693391680717468 0.0595722332596779 0.0713727477937937 0.0436416741460562 0.0687472347170115 0.0617938879877329 0.0660627689212561 0.0524155983701348 0.032004726305604 0.0490625968202949 0.0181567023508251
