Maxent_result_files_1/Bombus_pratorum_2.asc
NCOLS 594 
NROWS 330 
XLLCORNER -15 
YLLCORNER 23 
CELLSIZE 0.166666666666667 
NODATA_value -9999 
[rows 140 to 159 of 330, columns 368 to 413 of 594]
0.00253776686731726 0.002113146497868 0.00233549841213971 0.0101522549986839 0.00324829504825175 0.00137362910900265 0.00150312945479527 0.00123662718106061 0.000704108359059319 0.000873161136405542 0.000730765034677461 0.0007991268474143 0.00206321249715984 0.00415934631600976 0.00617325054481626 0.00376975999679416 0.00279404995962977 0.0087192714214325 0.00314438233617693 0.00078535892535001 0.00199300193926319 0.000820012972690165 0.00538458619266748 0.00189618137665093 0.00236494027776644 0.000608293453115039 0.00163997693452984 0.000374121632194147 0.00159478065324947 0.000448532472364604 0.000531898252665997 0.000475382260628976 0.000712434115121141 0.000944802392041311 0.00110174607834779 0.00106878510559909 0.0022229706752114 0.00184410541551188 0.0040957513730973 0.00119016866665334 0.00179754861164838 0.00112470029271208 0.00196083650225773 0.00150694025214761 0.00174508006311953 0.000731766549870372
0.00223678594920784 0.0031075238250196 0.00387017999310046 0.0021150890737772 0.00122750566224568 0.00113888037158176 0.00327883020509034 0.00124126932350919 0.00099037733161822 0.000827413989463821 0.000449729221872985 0.000869415502529591 0.00670018061064184 0.0057605414185673 0.00236132559366524 0.000991690170485526 0.00101277679204941 0.00104723839322105 0.000849399232538417 0.00080645015113987 0.00088711345451884 0.00216421172954142 0.00545522726606578 0.0023037716280669 0.000691129977349192 0.000485585778369568 0.00102651452762075 0.000409138743998483 0.000346688584249932 0.000906948244664818 0.0010251717758365 0.000448082899674773 0.000646143435733393 0.000946038082474843 0.000955778692150489 0.00105265166494064 0.00156294332118705 0.00141158740734681 0.00181015908019617 0.00170654301764444 0.00128886185120791 0.00240577766671777 0.00129678143421188 0.00628934227861464 0.000906820531236008 0.00115594395902008
0.00793063100427389 0.0108619578182697 0.00383636164478958 0.00199712343746796 0.00351044908165932 0.00209799952572212 0.00113513474352658 0.00183198499726132 0.000967261521145701 0.000793256494216621 0.000423785843304358 0.00903567690402269 0.014335270319134 0.00225894099567085 0.000901892926776782 0.000700848922133446 0.00077928930404596 0.00117330398643389 0.00657525476999581 0.064538574591279 0.00272323770914227 0.00221292813075706 0.000772549054818228 0.000658919912530109 0.00059811390528921 0.00058232075534761 0.000519310898380354 0.000339856621576473 0.000562139254179783 0.000512723924475722 0.000626593717606738 0.000527167157270014 0.000712989515159279 0.000754331971984357 0.000854566163616255 0.00103228855296038 0.000764898781199008 0.00105514724273235 0.00119886717293411 0.00121929291053675 0.00145373138366267 0.00100292646675371 0.000786755938315764 0.000733021862106398 0.000966446846723557 0.00107225356041454
0.00628883149474859 0.0106778733432293 0.00743912626057863 0.00111630111932755 0.00476313892286271 0.00299086822196841 0.000656764715677127 0.000949681078782305 0.000911567773437127 0.000516869284911081 0.000682334805605933 0.00265999953262508 0.000763728155288845 0.00160568656865507 0.00401470807846636 0.00130559864919633 0.00117735989624634 0.00203999326331541 0.00226045963354409 0.00209397777216509 0.000721666886238381 0.000748127966653556 0.000877079577185214 0.000807959859957918 0.000609179656021297 0.000627079885452986 0.000755727244541049 0.000466981742647476 0.000369116346701048 0.000447379588149488 0.000517184901400469 0.000650387609493919 0.000521850620862097 0.000621930786292069 0.0010728151537478 0.00068207451258786 0.000937678635818884 0.000795419904170558 0.0010302742710337 0.00107069922378287 0.000896236975677311 0.000801033899188042 0.00060294320282992 0.000823017035145313 0.000780932320049033 0.000952534226235002
0.0362996028736234 0.0120304372161627 0.0198102243244648 0.00658033057115972 0.00276662402320653 0.0128907985053957 0.00672851037234068 0.00137519572163001 0.000827819411642849 0.000851947261253372 0.000767774437554181 0.00383738710079342 0.010646506678313 0.0051440364215523 0.00168562708422542 0.00300079404842109 0.00493173080030829 0.00204865818377584 0.000597741198725998 0.000880521343788132 0.000908551434986293 0.000804836337920278 0.000788956042379141 0.000583009867114015 0.000640234042657539 0.000646154410787858 0.000828896468738094 0.000478427068446763 0.000526821898529306 0.000642768290708773 0.000705667474539951 0.000713869673199952 0.000730678567197174 0.000414360131253488 0.000526252182316966 0.000557668929104693 0.000656149504357018 0.00102278118138202 0.00104807281168178 0.000998821435496211 0.00078989444882609 0.000714350014459342 0.000642042796243913 0.000514780753292143 0.000916218321071938 0.00108272883226164
0.00635380456224084 0.0121194934472442 0.00868466361425817 0.0125755209475756 0.00717886439524591 0.025437493994832 0.0127499005757272 0.00179826808162034 0.000630733027355745 0.000739890057593584 0.00132867798674852 0.00145956008927897 0.000609623454511166 0.000457373206154443 0.000729772093473002 0.00705012581311166 0.00319218521472067 0.000916788581525907 0.000668948490056209 0.000782037491444498 0.000578893479541875 0.000914407451637089 0.00116235060850158 0.000721841375343502 0.000685639239964075 0.000663004934904166 0.000776362541364506 0.000861738144885749 0.000647976403706707 0.000560656437301077 0.000577231598435901 0.000578241472248919 0.000619328903849237 0.000584647693904117 0.000983581761829555 0.000510618323460221 0.00097997059347108 0.000740470533492044 0.000538145238533616 0.000855921336915344 0.000720679468940943 0.000684398377779871 0.000828939577331766 0.000932396529242396 0.000562331665423699 0.0007064278004691
0.0040107955224812 0.00505371391773224 0.014319745823741 0.0178827165625989 0.0187433683313429 0.0205205362290144 0.0185876081697643 0.00777673181146383 0.000843242206610739 0.000901828287169337 0.000709993275813758 0.000847274105763063 0.000348588480846956 0.00032687236671336 0.000946641026530415 0.00450256941840053 0.0020494194002822 0.00642209532670677 0.0114094395190477 0.00207860714290291 0.00362458934541792 0.00295759965665638 0.00140295591554604 0.000874996051425114 0.000545434962259606 0.000572023031418212 0.000752122374251485 0.00063874353072606 0.000630002521211281 0.000507214872050099 0.000683634349843487 0.00046823896409478 0.000347500320640393 0.000428110288339667 0.000723323487909511 0.000394076836528257 0.00151749533833936 0.000463382320594974 0.000586493438459002 0.000674913564580493 0.000733642867999151 0.000773867795942351 0.000569173134863377 0.000519945702399127 0.000566176726715639 0.00050608056189958
0.00190394995734096 0.00706695052795112 0.0123405605554581 0.0159433133900166 0.00154457702301443 0.0031594012863934 0.0133911299519241 0.0169673242606223 0.001092097297078 0.000822609616443515 0.00240208682371303 0.00293973912484944 0.000392201796057634 0.000238170762895606 0.000388241489417851 0.000810558482771739 0.00286280170548707 0.00267507438547909 0.00478015439584851 0.00889328550547361 0.00580192743800581 0.00384748238138855 0.00231556090293452 0.00217172927223146 0.000628922419855371 0.000619266388821416 0.000571852619759738 0.000621435098582879 0.000433073702151887 0.000569720292696729 0.00154751013033092 0.000470053034950979 0.000376742100343108 0.000454419379821047 0.000460393310640939 0.000444066565250978 0.000457522628130391 0.000711322735878639 0.0004290974145988 0.000530777202220634 0.000564431436941959 0.000583625116269104 0.000559300513123162 0.000687761401059106 0.000540130148874596 0.000347836434957571
0.0085823099128902 0.0106173126958311 0.00756800407543778 0.009951854031533 0.000903894484508783 0.000850636488758028 0.00182276518316939 0.0112920064479113 0.00075065863202326 0.000593381130602211 0.000407508280477487 0.000612340826774016 0.00423277711961418 0.00125197799061425 0.00109040027600713 0.00114991363370791 0.00101068025105633 0.000497860682662576 0.000380398840934504 0.0010616303072311 0.00243463622173294 0.00079636603477411 0.00162038174457848 0.00610480988398194 0.00111899802577682 0.000695518881548196 0.000412249600049108 0.000266194529831409 0.00042010608012788 0.000423814871464856 0.00101799286203459 0.00095204915269278 0.00045165094488766 0.000490910344524309 0.000540958679630421 0.000528700507129543 0.000570336042437702 0.000494152188184671 0.000431842729449272 0.000444594694999978 0.000376911892089993 0.000481857772683725 0.000358804356073961 0.000405854650307447 0.000466589507414028 0.000426259072264656
0.00108560991357081 0.0255146522074938 0.0056348233949393 0.00377308514434844 0.00141045521013439 0.000607076054438949 0.000568356961593963 0.000402898827451281 0.000562676537083462 0.000374271970940754 0.000537329324288294 0.000865432451246306 0.00334177429322153 0.00105260051204823 0.000672912539448589 0.000179503897379618 0.000309848933829926 0.000872986984904855 0.000739417027216405 0.00056443655048497 0.000600597963784821 0.0038142176810652 0.00143709080875851 0.000529353809542954 0.000235549945500679 0.000403650291264057 0.000471258210018277 0.000323341954208445 0.000531480347854085 0.000437003327533603 0.000292302298475988 0.000299281888874248 0.000666101643582806 0.00094596630660817 0.0032685169018805 0.00700204311870038 0.0015027835033834 0.000382286473177373 0.000343527217046358 0.000337512283294927 0.000304335603141226 0.000338064841344021 0.000298499154450838 0.00035209160996601 0.000483690726105124 0.000463277840754017
0.0021834920742549 0.0046944092027843 0.00663364101201296 0.00376783031970263 0.00321765632834285 0.00365153355523944 0.000822000904008746 0.000345510171609931 0.000909245398361236 0.000341313856188208 0.000376771268201992 0.000509306861204095 0.00114909802796319 0.000853853608714417 0.000495088504976593 0.000425667688250542 0.000383181747747585 0.000504710682434961 0.000741289928555489 0.000675459549529478 0.00252421423792839 0.000393366732168943 0.000334126474626828 0.0003215956283384 0.000424556489451788 0.000265019138169009 0.000262923433911055 0.000213718521990813 0.000167335142759839 0.000206997936766129 0.000367119835573249 0.000290775501343887 0.000657741926261224 0.0011280047474429 0.00475927588995546 0.00214348249137402 0.00049393312074244 0.000347428680106532 0.000253823470848147 0.000204995919193607 0.000282731535844505 0.000193579286860768 0.000291807040048298 0.000329372823762242 0.00019023857312277 0.000285186686960515
0.000536448453203775 0.000373058655532077 0.000366853541345336 0.000462880992563441 0.000293005486309994 0.000598978638299741 0.00039145962218754 0.000260326414718293 0.000681282038567588 0.000313568981073331 0.00049961922923103 0.000488201604457572 0.00181817113189027 0.000641647994052619 0.000439097030903213 0.000454536662437022 0.00051220583554823 0.000497014736174606 0.000428430302417837 0.000730681320419535 0.000398568279342726 0.000343284558039159 0.000496217163163237 0.000274281830934342 0.000210049891029485 0.000185162080742884 0.000372769715613686 0.000233516878506634 0.000187675908091478 0.000163786490884377 0.000347938135382719 0.000315364965354092 0.00051118535338901 0.000473452924052253 0.000338263015146367 0.00340720792300999 0.000368940495536663 0.00061202268989291 0.0004395627300255 0.000335717834241223 0.000326720697921701 0.000266784464474767 0.000303369660105091 0.000156757485819981 0.000241236061265226 0.000191653890942689
0.000339582373271696 0.000468353740870953 0.000276879094599281 0.000403832056326792 0.000190745395957492 0.000493486854247749 0.00032712626416469 0.000445956116891466 0.00082068927004002 0.000646854497608729 0.00095524062635377 0.00186885063303635 0.000909628311637789 0.000372484722174704 0.000375656510004774 0.000346727776923217 0.000505210566916503 0.000377434550318867 0.000377371159265749 0.000363080005627126 0.000325481400068384 0.000292188780440483 0.000245342220296152 0.000221975198655855 0.000191954940964933 0.000195589462236967 0.000197194400243461 0.000331002370512579 0.000295789666415658 0.000262025829579215 0.000380199306528084 0.00051642342004925 0.000504427027772181 0.000442441969062202 0.000369398327893578 0.000350541024818085 0.000212715650559403 0.000324599737359677 0.00052553981076926 0.000311370649433229 0.000238061357231345 0.000275716581381857 0.00018746033165371 0.000238931432249956 0.000190835134708323 0.000226267438847572
0.000324118655407801 0.000259650089719798 0.000316372810630128 0.000495814514579251 0.000369505622074939 0.000665497966110706 0.000582430238137022 0.000734293548157439 0.000335757213179022 0.000481900197337382 0.000730848271632567 0.000786379649071023 0.000323596788803115 0.000310236237419303 0.000408162476378493 0.000283053133171052 0.000392140873009339 0.000503921174095012 0.000296452829206828 0.000464016129262745 0.000250128116749693 0.00026468977011973 0.000173361881752498 0.000249668488686439 0.000136952161119552 0.000219720149470959 0.00017934410716407 0.000230723196000326 0.000221267953747883 0.000179913883039262 0.000293800928920973 0.00036916614335496 0.000192003317351919 0.000258823372132611 0.000317691282543819 0.000321764753607567 0.000267929419351276 0.000209126989648212 0.000153301339742029 0.000206347630592063 0.000424353015841916 0.000311048798903357 0.000182908205169952 0.000166831284877844 0.000183668409590609 0.000178366916952655
0.000420137561741285 0.000617729415534996 0.000761808559764177 0.000702463462948799 0.00085345936822705 0.000500215211650357 0.000410515017574653 0.000221548796980642 0.000512079216423444 0.000733887508977205 0.000605234349495731 0.00023933028569445 0.000404809819883667 0.000210021196107846 0.000283555827627424 0.000291406347241718 0.000316839735023677 0.000215503059735056 0.000229603558545932 0.000290760422649328 0.000279576549655758 0.000278973598324228 0.000288778863614425 0.000200449084513821 0.000237992074107751 0.000129890693642665 0.000142302416497841 0.000280528658186086 0.000250680098542944 0.000263249126146547 0.000271811874699779 0.000269131960521918 0.000297952107212041 0.000293487827002536 0.000240463338559493 0.000191451354476158 0.000202889717184007 0.00018360360263614 0.000245652926969342 0.000178164622047916 0.00018394857615931 0.00018344802520005 0.000137493119109422 0.000179105115967104 0.000224732435890473 0.00021537369757425
0.000576784956501797 0.000895920937182382 0.000856548745650798 0.000909688754472882 0.000753000355325639 0.000628754496574402 0.00336861594114453 0.000683168531395495 0.00664446847513318 0.00209366782801226 0.000407534654368646 0.000342859979718924 0.000273670436581597 0.000274014510796405 0.000583360675955191 0.000171179606695659 0.000207924631831702 0.000208175733860116 0.000219903598190285 0.000258537368790712 0.00049788054311648 0.000350986522971652 0.000362382916500792 0.000561440800083801 0.000290002620022278 0.000305360750644468 0.000328424005419947 0.000235985624021851 0.000213776655436959 0.000239858140412252 0.000257545217755251 0.000479945907136425 0.000238478799292352 0.000215949914127123 0.000261462312482763 0.000239217576745432 0.000210193607199471 0.000219608633778989 0.000208038995333482 0.000215688666503411 0.000226461443526205 0.000173259651637636 0.000107322972326074 0.000146832424070453 0.000143626061617397 0.000158379138156306
0.000903532013762742 0.000364808348240331 0.000456125248456374 0.000735716492636129 0.000277133840427268 0.000472017872380093 0.000268633682571817 0.000395845211460255 0.000838237657444552 0.000452711927937344 0.000238530298520345 0.000129277014639229 0.000176288033981109 0.000359410571400076 0.000120576582412468 0.00016141366068041 0.000159607199020684 0.000185269967187196 0.000169025748618878 0.00029646618058905 0.000231173078645952 0.000485879494226538 0.00152075628284365 0.000819243560545146 0.000500248596654274 0.000312267332628835 0.000292898267798591 0.000224094319855794 0.000318638257158455 0.00028470598772401 0.000481880127335899 0.000215940101770684 0.000180495313543361 0.000195662440091837 0.000212795651168562 0.000122901308350265 0.000143368963472312 0.000160341815353604 0.000167080568644451 0.000150515191489831 0.000142439643968828 0.00011805262620328 0.000109477003570646 0.000128767378191696 7.23705958080245e-05 0.000139834963920293
0.0005102888768306 0.000357035468914546 0.000603478026459925 0.000757398590212688 0.000575829358422197 0.000545847430475987 0.000536541259498335 0.000566515777609311 0.000557865682640113 0.000505230782437138 0.000641070862184279 0.000418719748267904 0.000326950306771323 0.000864301359979436 0.000492039459641092 0.000224801155854948 0.000161123842553934 0.000224006180360448 0.000265480329107959 0.000300270067236852 0.00038787534867879 0.000520682058413513 0.000760831806110218 0.00137594306725077 0.00191890693968162 0.00123034549178556 0.000804221798898652 0.000648473319597542 0.000571446461253799 0.00135619201464579 0.000303610181435943 0.000680125862709247 0.000380068997037597 0.000160342046729056 0.000283320623566397 0.000402108114212751 0.000251753648626618 0.000101213296147762 0.000110128105006879 9.97526141873095e-05 8.76118992891861e-05 8.95318869879702e-05 9.81829951342661e-05 8.70581316121388e-05 9.17811237741262e-05 8.74781824677484e-05
0.000191100986558013 0.000267168458958622 0.000429268559673801 0.000386630144203082 0.000320775431464426 0.000416054169181734 0.00041295334813185 0.000388182292226702 0.000388679926982149 0.000578877981752157 0.000794461061013862 0.00121403904631734 0.000307348927890416 0.000374218405340798 0.000275828532176092 0.00023244282201631 0.000652329545118846 0.000333645135106053 0.000855187006527558 0.000489167816704139 0.000794715568190441 0.00138539822073653 0.00129659727681428 0.00149405059055425 0.00123817427665927 0.0017435283283703 0.00176662629237399 0.00154974564211443 0.00193056672578678 0.00154090437572449 0.000468360859667882 0.000527718508965336 0.000296090843039565 0.000310771285148803 0.000676819405634887 0.000644471391569823 0.00050309308571741 0.000213676888961345 0.000134421893017134 7.08532657881733e-05 8.88446858880343e-05 6.06188630627003e-05 5.82862223382108e-05 5.04695777635789e-05 4.41109777966631e-05 6.66112948238151e-05
0.000176268501672894 0.000286561748362146 0.000264636782230809 0.000275389930175152 0.000579346952144988 0.000261863935156725 0.000282486125070136 0.000283148525340948 0.00030263973021647 0.000357894104672596 0.000245328903838526 0.000626649163314141 0.000270431251556147 0.000981156865600497 0.000587074857321568 0.00142441519419663 0.000644173403270543 0.00104989396641031 0.000794464885257185 0.001006627822062 0.000989871984347701 0.000874539325013757 0.000918940984411165 0.00161138374824077 0.00123313385993242 0.00199046620400622 0.00163356048287824 0.00207395909819752 0.00160467481473461 0.00130616255337372 0.00122622706112452 0.000908762530889362 0.000932640908285975 0.000398787627636921 0.00045513090735767 0.000384822305932175 0.000406106990703847 0.000127600931591587 0.000292610771430191 0.000240409384423401 0.000602300700847991 0.000398044515168294 0.000176388855470577 0.00020857967538177 0.000185534884803928 0.000218730870255968
