Maxent_result_files_1/Bombus_fragrans_3.asc
NCOLS 594 
NROWS 330 
XLLCORNER -15 
YLLCORNER 23 
CELLSIZE 0.166666666666667 
NODATA_value -9999 
[rows 231 to 251 of 330, columns 423 to 469 of 594]
7.48988477425883e-05 5.13153716383385e-05 4.70332126496942e-05 5.22647202160442e-05 5.05640844494337e-05 5.26500915839279e-05 6.00556759309256e-05 4.53491962616681e-05 5.31704859895399e-05 5.32932061105384e-05 6.29757256319863e-05 5.79698360525072e-05 5.64854481126531e-05 5.36576177182724e-05 5.43297719559632e-05 2.51635763561353e-05 2.0142864468653e-05 1.74985974354058e-05 1.40975644171704e-05 1.25867248243594e-05 1.12988065666286e-05 9.58339601311309e-06 9.1147350758547e-06 9.77307684024709e-06 9.5195599442377e-06 1.22807051411655e-05 1.05739804894256e-05 1.08122425899637e-05 1.19886256925383e-05 1.59496613377996e-05 1.63567225172301e-05 1.58958000611165e-05 1.30297779833199e-05 1.4424876007979e-05 1.69554439253261e-05 1.80403520971595e-05 1.80155885118438e-05 1.7259244214074e-05 1.68021469107771e-05 1.50171208133543e-05 1.49151871028153e-05 1.45891583088087e-05 1.36645664952084e-05 1.33277193981485e-05 7.02937752066646e-05 7.48295322409831e-05 3.61407473064901e-05
0.000367227238893975 6.45668540528277e-05 5.22503376487293e-05 4.48700122433365e-05 0.000109690292083542 0.00020949976387783 6.65930509057944e-05 6.74008240821422e-05 6.5667244780343e-05 8.04635614258586e-05 9.44217961659888e-05 5.94486225963919e-05 5.59496301320905e-05 7.05371914591524e-05 5.03347875564941e-05 2.48942247708328e-05 2.57110389611626e-05 1.96223228158487e-05 1.47695608575305e-05 1.30616448586807e-05 1.19862478186405e-05 9.76985616034653e-06 9.3824279247201e-06 9.21784935599135e-06 9.59053318183578e-06 9.77336462710809e-06 1.08679714685422e-05 1.22165401080565e-05 2.00469433366379e-05 1.57666461745976e-05 1.38214682010585e-05 1.41770959544374e-05 1.53628367570491e-05 1.38045613311988e-05 1.64243980634637e-05 1.79331547315087e-05 1.47980139445281e-05 1.55651808199764e-05 1.68605236012809e-05 1.6194252339119e-05 1.68972929259326e-05 1.49670277096448e-05 1.40039012876514e-05 1.09565515913346e-05 2.61322216374538e-05 8.35976603411836e-05 0.000434504167060368
0.000147981939517194 0.000139854593726341 0.000110868353294791 6.73398461003671e-05 9.05566634173738e-05 7.00081973263877e-05 0.000448776375560556 0.0001397469011863 7.05600756191416e-05 3.42632905812934e-05 8.23251149995485e-05 9.02520754607394e-05 0.000123487473683781 8.78302647834062e-05 5.83078434829076e-05 3.10274153889623e-05 2.70092941718758e-05 1.65364800523093e-05 1.33945074139774e-05 1.24382325338956e-05 1.1598853416217e-05 1.13062079890369e-05 9.85765163932228e-06 9.29201250983169e-06 9.15019400054007e-06 9.36830645059672e-06 9.92843024505419e-06 1.19093380817503e-05 1.2959986770511e-05 1.17909863547538e-05 1.16053390229354e-05 1.37709710998024e-05 1.34228792830982e-05 1.58634824401815e-05 1.6720989424357e-05 1.59709470153757e-05 1.79230403318797e-05 1.70902197169198e-05 1.84130146408279e-05 1.80942308816157e-05 1.4100348471402e-05 1.2731159949908e-05 1.25897593989066e-05 1.61678799941001e-05 1.6121126463986e-05 1.89176811090874e-05 3.71775779058225e-05
0.000212610082235187 0.000284411004395224 0.000209403740154812 0.000222271846723743 0.000879926438210532 0.000450950844970066 0.000347617916122545 0.000118946386282914 0.000167660238003009 0.000130436651670607 7.78594143412192e-05 9.64659304372617e-05 0.000115392447878548 7.74148023992893e-05 3.12376855617913e-05 1.83170919171971e-05 1.48551559050247e-05 1.53189337197546e-05 1.38958850584459e-05 1.33202263896237e-05 1.26935949992912e-05 1.2242332650203e-05 1.03970804275377e-05 9.81121061158774e-06 9.45027461511927e-06 9.01751147921459e-06 9.08690490177833e-06 9.41090993364924e-06 1.28166262129525e-05 1.36218736770388e-05 1.29007765281131e-05 1.16671281602976e-05 1.23456859455473e-05 1.33685965465702e-05 1.25549546737602e-05 1.54856914377888e-05 1.47709540669894e-05 1.49322449942701e-05 1.66829493991827e-05 1.36905975523405e-05 1.32083684093232e-05 1.66185993748513e-05 1.29140920307691e-05 9.51520748913026e-06 9.2246563781373e-06 8.88485235464032e-06 8.42218887555646e-06
0.000647849254892208 0.00152503990102559 0.000242600070487242 0.0002632691670442 0.000396495360473637 0.00159832502249628 0.000886631949106231 0.00104616287571844 0.000308442490495509 0.000354506489384221 0.000222726844003773 0.000149400223017437 6.27592304226709e-05 2.73751648819598e-05 2.24503147364885e-05 1.75378223048028e-05 1.60447392318019e-05 1.76972380359075e-05 1.55038563661947e-05 1.34872403577901e-05 1.33265219119494e-05 1.29703664242697e-05 1.24214700008451e-05 1.50619241139793e-05 1.50944394135877e-05 2.12986208680377e-05 1.56136281020736e-05 1.09542417249031e-05 1.06533074585968e-05 1.39487793148874e-05 1.28869444779411e-05 1.42265757403948e-05 1.57912938902882e-05 1.64676974691247e-05 1.93882374333043e-05 1.44681500387378e-05 1.14678040517902e-05 1.42404543566954e-05 1.25659117202304e-05 1.49109599988151e-05 1.72225085407263e-05 1.25499153000419e-05 8.01568630777183e-06 7.61539816949153e-06 7.82469926434715e-06 7.43952517723301e-06 8.52560663133772e-06
0.000964040838880464 0.00069231319357641 0.000726383298751898 0.000715081326779909 0.00159620966296643 0.00345168526982889 0.00585609672125429 0.00946571500971913 0.00536673397291452 0.00307867030496709 0.000631924672052264 0.000710931319918018 0.000137680953775998 9.56048403168097e-05 2.92227205136442e-05 5.9740386041085e-05 1.96167657577462e-05 1.82783614945947e-05 1.84172177341679e-05 1.45020831496367e-05 1.49668018821103e-05 1.35934022182482e-05 1.32727545405942e-05 1.26750993786118e-05 1.14651300236801e-05 1.29310631564294e-05 1.77455754965195e-05 1.5168151276157e-05 1.09888400402269e-05 1.07456490923141e-05 1.19972930860968e-05 1.49171464272513e-05 1.24495367344934e-05 1.32244784708746e-05 1.47769061641156e-05 3.07260457702796e-05 1.42369489822158e-05 1.34440812871617e-05 9.1996140554329e-06 7.4695619105114e-06 7.51586419482919e-06 7.98918729287834e-06 5.94997468397196e-06 5.7856265357259e-06 5.83492274017772e-06 6.21542282033261e-06 6.65948149389806e-06
0.000515317702956963 0.00063187104096869 0.000763227778952569 0.00159734999178909 0.00519209959311411 0.00255307377083227 0.00437967434991151 0.0153139357455075 0.130495920032263 0.142197395861149 0.0223116259090602 0.00438252697931603 0.00125320561346598 0.000363799797196407 0.000143565998223494 0.000227385535617941 7.08798197592841e-05 2.87071437924169e-05 1.5538741445198e-05 1.49564123148593e-05 2.4926091737143e-05 1.26448851915484e-05 1.29886987451755e-05 1.3867729148842e-05 1.41671477194905e-05 1.2784647992703e-05 1.49622232584079e-05 2.61174504885275e-05 1.18446798524019e-05 1.07321718815001e-05 1.21836816106224e-05 1.3807942650601e-05 1.53856236011052e-05 1.37322981572652e-05 1.13181896267633e-05 3.16288103022089e-05 3.07869598145771e-05 1.24733222946816e-05 1.11735980453886e-05 9.09414975467371e-06 7.18396729553206e-06 4.82739249036968e-06 4.96311450888243e-06 6.01229402263925e-06 4.72297075475581e-06 5.66839688644904e-06 4.23300442662367e-06
0.00018647660544957 0.000306590632681036 0.00082976458070334 0.00264316032407805 0.00407238600309938 0.00637300966773182 0.0158329624682665 0.0355915313586593 0.0884355511516333 0.220352375507355 0.430179372429848 0.0898459475487471 0.011618729843758 0.00173101082909852 0.0015024558902951 0.00214983650948852 0.000495394674362615 0.000821002743759891 6.04782502705348e-05 3.62925346053089e-05 2.95071622076648e-05 1.89134301763261e-05 1.37966492275154e-05 1.66484089731966e-05 1.91050004104909e-05 1.20371581033396e-05 9.01757912288303e-06 9.55062473622092e-06 1.12794943333938e-05 1.23502925134744e-05 1.06378952068553e-05 1.19649518182996e-05 1.41679104672221e-05 1.17991042316135e-05 1.02275391782314e-05 1.16080930638418e-05 2.63427402387606e-05 1.16062904908176e-05 1.12918511604221e-05 1.06701066897585e-05 9.40420995902969e-06 6.92292774147063e-06 6.8250196363806e-06 3.66509452760511e-06 3.83646569162011e-06 3.35761345695573e-06 2.55482552802277e-06
0.000183131776429946 0.000458312079717871 0.00115674213448074 0.00197537912754342 0.00749047694262117 0.0246172016486526 0.0703842081129551 0.133411228656769 0.162368434667587 0.210504366457462 0.219215054810047 0.452622309327126 0.245174807310104 0.0443161653354764 0.00291824645246379 0.0019618337682914 0.00137377431965433 0.000836330569291022 0.000431385569390841 0.000427010806743056 0.000173352983983932 5.37052937033877e-05 2.95452936825313e-05 1.47500633829623e-05 1.50175652379403e-05 1.54692454088945e-05 1.32372543248493e-05 2.56667751273199e-05 2.03619636067742e-05 8.70557889811607e-06 1.12157282273984e-05 9.03594395822438e-06 7.94070506344724e-06 1.02836910400583e-05 1.15298464152147e-05 1.10689722987445e-05 9.8357122624293e-06 1.28335144836456e-05 2.84798647953721e-05 2.17368893572711e-05 1.04449192122047e-05 2.15852367546177e-05 7.82622187216475e-06 3.84278839646868e-06 3.62783076752748e-06 2.52073905357975e-06 3.22272065886864e-06
0.000184750084736152 0.000244346426188713 0.000766946050862316 0.00279451189562678 0.00606968926731497 0.0332632130943239 0.0315588147379458 0.0426186382770538 0.0747412234544754 0.218941667675972 0.294919210672379 0.463623782992363 0.631463450193405 0.515132459998131 0.608161181211472 0.0537684665992856 0.00355266237165779 0.0115667572245002 0.000747493197559379 0.00127958179218695 0.00171896921528969 0.000615294093586272 0.000146721959390561 3.74293089407729e-05 1.60211608090322e-05 2.05958073820511e-05 1.85190897809662e-05 6.70773343699693e-05 0.000257125594362151 1.81157599854487e-05 1.21729867714748e-05 9.59147043886333e-06 8.29919324587536e-06 8.13567949080607e-06 1.07576105165208e-05 3.15897322252567e-05 5.75614569243044e-05 6.5592762621236e-05 7.54971306378138e-05 0.000412773266725708 2.83601811133849e-05 1.48123609051254e-05 5.61349638701358e-06 3.36736023882622e-06 5.37905741566647e-06 7.66220653076744e-06 1.20934114875126e-05
0.00255563801620156 0.00401771808974445 0.0108610537368804 0.0167473374865949 0.00230900009628385 0.00256847570417449 0.00398981021717191 0.011287153000012 0.0132164135575294 0.0685370445251465 0.0928475752472877 0.196146438270807 0.281507213413715 0.450180938839912 0.699541461467743 0.742144054174423 0.710955762863159 0.0238511021248996 0.00130928286234848 0.00373197792796418 0.00158599042915739 0.0012433454307029 0.00057103669969365 0.000270206131972373 4.41892673734401e-05 1.97551136807306e-05 1.97901373212517e-05 3.72657335901749e-05 0.000147138169268146 0.000349755526985973 2.14265218346554e-05 1.28583267269278e-05 1.42919848713063e-05 1.01197490494087e-05 7.6819787182103e-06 0.000118545168515993 0.000376616202993318 0.000774726275994908 0.000532802905945573 0.000743203425372485 0.000197806644064258 3.1105865855352e-05 4.67273530375678e-05 2.87968873635691e-05 7.15271057742939e-05 5.88648279517656e-05 6.62402787384053e-05
0.00726850323844701 0.0118454046081752 0.0333053784444928 0.00974315833300352 0.00310611177701503 0.0102272462565452 0.0100162987597287 0.0151324368081987 0.0250879051163793 0.0512759327888489 0.194033604860306 0.120234826207161 0.0927190285176039 0.212399215996265 0.236465263366699 0.412616610527039 0.69235435128212 0.669439512491226 0.460702276229858 0.0810532715171575 0.0328936140984297 0.00192931658530142 9.03041982383002e-05 0.000546153723553289 9.60811225013458e-05 0.000192607801000122 3.07271841847978e-05 0.000136408297839807 0.000801214811508544 0.00121395675814711 0.000210955778311472 8.82172445926699e-05 9.90893255220726e-05 9.88364650766016e-05 1.74572196101508e-05 1.69842692685052e-05 9.81244898866862e-05 0.000612579673179425 0.0011857488687383 0.000823840512020979 0.000927110449993052 0.000120369422802469 1.94037142136949e-05 1.44793374374785e-05 4.42407038917736e-05 4.43390737473237e-05 9.05632627109299e-05
0.00515391504159197 0.0328481809236109 0.224730068445206 0.229569178074598 0.0261843521147966 0.0836651284247637 0.0163882656488568 0.102110154181719 0.252465170621872 0.268499045073986 0.149982618167996 0.203453379869461 0.0532385384663939 0.0754169277846813 0.240062409639359 0.128117946907878 0.287793773412704 0.615955689549446 0.570941957831383 0.327501991391182 0.0621470976620913 0.0108452803455293 0.000535563116136473 0.000806660682428628 0.000370396607468138 0.000104080239907489 0.000197936544282129 0.000286666426836746 0.000346309722954174 0.000697541309637018 0.000646026260801591 0.000287044647120638 0.000310142791568069 0.000283594941720366 8.66738759214059e-05 3.74165081211686e-05 5.73713474295801e-05 6.18056996245286e-05 0.000223565070700715 0.000312460327404551 0.000570282967964886 9.16666616831208e-05 8.14282079772966e-06 1.24950510780764e-05 1.27277199453601e-05 1.03326209227816e-05 9.052117718511e-06
0.0306118077598512 0.119482064247131 0.0110371239949018 0.0157122736796737 0.00820137984119356 0.016291041765362 0.0122706138528883 0.0341060733422637 0.0894646119326353 0.329578526318073 0.35939552038908 0.37721069008112 0.504693308472633 0.175757614523172 0.123886271193624 0.0635533070191741 0.0929811961948872 0.26589964479208 0.328857915103436 0.504563757777214 0.36770488768816 0.116714957356453 0.00605545851867646 0.000457403971813619 9.25161297345767e-05 3.58046556357294e-05 3.66451173249516e-05 0.000257429065823089 0.000144416494731558 9.87027498922544e-05 0.000160816394054564 0.000950406162883155 0.000439965711848345 0.000806560530327261 0.000392419920535758 0.000229276339086937 3.59707186362357e-05 1.19002777864807e-05 6.59258639643667e-06 1.14387101348257e-05 2.21095236156543e-05 5.59562828129856e-05 7.83512987254653e-06 1.46818911161972e-05 1.24299789149518e-05 1.24778267945658e-05 1.24663913993572e-05
0.102948508411646 0.0115825732238591 0.00202239592326805 0.00158061305992305 0.00177498728735372 0.00460752688813955 0.00664263973012567 0.000589934262097813 0.000568384453072213 0.00244749278062955 0.00499263554811478 0.0111903870478272 0.302932731807232 0.337095378339291 0.518646374344826 0.358651532232761 0.345149041712284 0.247877138853073 0.305066952109337 0.323646391928196 0.405911779403687 0.462360042333603 0.402447912096977 0.0974252711981535 0.0132210305891931 0.00163097925833426 0.000100071682754788 2.4036202012212e-05 3.65957184840227e-05 3.02424753499508e-05 0.000126421548702638 0.00038323353001033 0.000209104545501759 5.10112986376043e-05 0.000165370786635322 0.000149129905366863 1.22912729580094e-05 1.04708585240587e-05 1.60874544008038e-05 1.17648769673906e-05 9.98078860448004e-06 1.81814828920324e-05 1.67949623573804e-05 1.14204391593375e-05 1.32442845597325e-05 1.51133818235394e-05 1.64464796398534e-05
0.00724472277797759 0.00185346724465489 0.000842213150463067 0.000725012845941819 0.000816669996129349 0.000369129663158674 0.000203946974943392 0.00021414345537778 0.0008849507488776 0.000575922342250124 0.000529792081215419 0.00199484032345936 0.0145008690655231 0.132537841051817 0.132465573400259 0.451437616348267 0.335088329017162 0.34285045415163 0.146805593371391 0.233103758841753 0.209769829362631 0.285334011912346 0.403665298223496 0.358390492200851 0.417935770750046 0.116886612027884 0.00742137324996293 0.000190367578034056 2.73692362043221e-05 1.38700548177439e-05 1.63659700774588e-05 1.45165463891317e-05 1.71040880786677e-05 6.237713387236e-06 5.28405532804754e-06 1.44591514299464e-05 8.00115572019422e-06 7.899430568159e-06 9.68242308090339e-06 1.14632654003799e-05 1.10042383539621e-05 1.65562790471085e-05 1.28591080283513e-05 1.50960199107431e-05 1.93357725038368e-05 2.14556161608925e-05 2.59126248238317e-05
0.000729085429338738 0.000405129420687445 0.000437780148058664 0.000315982586471364 0.000211881626455579 0.000205487401399296 0.000262615589599591 0.0010203048819676 0.00166583243990317 0.00217581908218563 0.00337395030073822 0.00295360306045041 0.00117651146138087 0.00112774076987989 0.0113938556984067 0.1332847841084 0.281241288781166 0.0923328414559364 0.12293311804533 0.102408836036921 0.0674784246832132 0.0627189140766859 0.0867636661976576 0.18383327499032 0.102341938763857 0.151374144107103 0.0168300490826368 0.00051133028609911 5.04356738019851e-05 1.25515142372024e-05 5.35515785031748e-06 4.62058225139117e-06 9.17952846748449e-06 1.45987273299397e-05 4.01022615506008e-06 1.0899072981374e-05 6.03589932097748e-06 7.31491227270453e-06 9.03768118405424e-06 1.14760719498008e-05 1.06106354223812e-05 2.47838697760017e-05 1.39751530241483e-05 2.10142242849543e-05 2.91048933831917e-05 3.29115514432488e-05 3.63612753062625e-05
0.000387531609158032 0.000882549630478024 0.000383464268816169 0.000228230148786679 0.000103614531690255 0.000112388513662154 0.000215553810267011 0.0015461886243429 0.0167074928060174 0.00728334547020495 0.0120912041049451 0.0284678280353546 0.00342161485459656 0.000775819009868428 0.00184406179469079 0.00982710681855679 0.0553910955786705 0.152573009580374 0.121128712594509 0.235052675008774 0.199343975633383 0.264406728744507 0.102458988130093 0.0207353331148624 0.0167387778870761 0.0113219139166176 0.0265562346205115 0.00229616456199437 5.5943610277609e-05 6.29975207630196e-05 1.89002281331341e-05 6.96973493177211e-06 4.33543668805214e-06 9.34513049287489e-05 7.20550686310162e-05 9.56603724944216e-06 6.73184299557761e-06 7.48609026004487e-06 9.32099338797343e-06 1.37811523018172e-05 1.36650881358946e-05 6.11022544944717e-05 4.04565037570137e-05 3.07324512505147e-05 5.59724492632085e-05 5.14767543791095e-05 7.67132671171566e-05
0.00108356266864575 0.00105543290846981 0.000245239532523556 0.000271667637571227 0.000131350323499646 6.95570815878455e-05 2.82896123280807e-05 5.12730567606923e-05 0.000178879372833762 0.00157558645587414 0.00991581920534372 0.0244265586137772 0.0147033804096282 0.0235749937593937 0.0073144186520949 0.00727245875168592 0.0125992754939944 0.0432121567428112 0.0671327903866768 0.362029501795769 0.260098679363728 0.170104950666428 0.254697960615158 0.051792050153017 0.0834164720028639 0.00211041850270703 0.00204170776996762 0.0102337556425482 0.00140077525284141 0.000209744525636779 6.75704732202576e-05 1.37339654429525e-05 1.35150769892789e-05 5.93547547396156e-05 2.23609139084147e-05 9.32092713128441e-06 7.0099888034747e-06 1.26602052660019e-05 1.77646166093837e-05 1.88203196557879e-05 2.23356378683093e-05 1.98560164335504e-05 5.67210052395239e-05 2.53214097938326e-05 8.19084732938791e-05 0.000120010156388162 0.000143566394399386
0.000928836106322706 0.000609486066969112 0.000154577452485682 3.90775954656419e-05 2.54565813975205e-05 1.47730242815669e-05 1.22591351100709e-05 1.92168047760788e-05 1.55812673483524e-05 1.33030572897042e-05 2.30733470743871e-05 4.68818328954512e-05 0.000153944341582246 0.000587911868933588 9.25019907299429e-05 0.000680550272227265 0.0229586757719517 0.00851498551201075 0.0107820091303438 0.0877598010003567 0.198583206534386 0.110976264998317 0.094637268409133 0.251852837204933 0.351425661891699 0.0126133733894676 0.000474603452312294 0.000336186453932896 0.000541520526167005 0.000906198477605358 0.000120423454063712 2.98550857223745e-05 8.42917816044064e-06 1.29916960759147e-05 1.93389944797673e-05 1.68786443509816e-05 1.31590637238332e-05 1.38615956302601e-05 1.90313759958372e-05 2.59274683230615e-05 3.34757047312451e-05 1.88752197573194e-05 4.41512132056232e-05 2.13633827570447e-05 2.8520143860078e-05 6.50942893116735e-05 0.000123715625886689
0.000583659125550184 0.000408529056585394 0.000304156066704309 5.31463482730032e-05 1.32279033550731e-05 1.17285212809293e-05 1.10494543150708e-05 8.77447845368806e-06 7.53931692543119e-06 1.07726601299873e-05 2.10468489967752e-05 1.10288393898372e-05 1.37337010073679e-05 2.31392627938476e-05 3.38884397024231e-05 6.71833578962833e-05 8.67664610268548e-05 0.000517493361257948 0.0015463127871044 0.0024951500701718 0.0066027530701831 0.0338805677369237 0.179913634806871 0.222475307434797 0.0128537929616868 0.00282092386623845 0.000303710097796284 0.000174363925907528 0.000152756883471739 0.000201731891138479 0.000428259734326275 7.87417684477987e-05 6.59474235362723e-05 1.29780722545547e-05 3.08566731291648e-05 2.72583592504816e-05 2.05837670364417e-05 2.04924202989787e-05 2.8654807329076e-05 2.73005581220787e-05 3.73410470274393e-05 1.90887684311747e-05 1.2290075051169e-05 0.000109043120937713 3.12145739371772e-05 2.93393201900471e-05 5.27607155163423e-05
