Maxent_result_files_1/Bombus_sporadicus_3.asc
NCOLS 594 
NROWS 330 
XLLCORNER -15 
YLLCORNER 23 
CELLSIZE 0.166666666666667 
NODATA_value -9999 
[rows 240 to 259 of 330, columns 264 to 307 of 594]
6.08415393621442e-09 1.8458559679857e-06 1.22232672055134e-06 1.18945810072546e-05 6.63734508179914e-05 8.50753130521298e-07 3.54882966803416e-05 2.65791735273524e-05 1.43565400094303e-05 5.34777396978825e-06 8.25439130494487e-05 5.78100668491288e-07 9.01129947123991e-06 0.000223732311860658 8.00638352984606e-06 3.5874552736459e-06 1.85034743651613e-06 1.69539585641587e-06 1.32449381680999e-05 0.000140474132058443 5.92599737956334e-06 4.36196384967502e-07 1.91053816820386e-06 1.30072376691714e-06 7.26561681858584e-06 2.06149068731065e-06 3.53570304696404e-06 5.38757414005886e-06 9.40772441708759e-06 2.48218150886714e-06 1.89366583072115e-06 7.62614316585086e-07 5.82544727478762e-07 5.79642651388213e-07 1.2568531190027e-06 4.45524311401435e-05 2.05663912993259e-05 0.000672090687893956 4.93687043672253e-05 0.000235143992176745 0.00684578055515885 0.000218406096973922 3.10529516355018e-05 0.000838422571541741
0.00572133208625019 3.14495765110223e-06 2.08657975690585e-05 3.72630793208373e-06 9.02371528468393e-06 0.000238047451239254 4.55725312804134e-05 4.71987345629366e-07 3.65806982244976e-05 2.90392925421656e-06 0.000181328216422116 0.000107077002030564 6.08312495387509e-05 0.000387562174000777 9.98298983176937e-05 3.09812222099026e-07 1.36633854879165e-06 5.31852942913247e-06 4.26536305440095e-06 2.26263079525779e-06 4.89810548742753e-06 8.60832659554944e-07 1.02138470765567e-06 2.56049695224192e-07 1.04712902100346e-06 1.13184372594333e-06 1.83937113149568e-06 9.6036783247655e-06 3.33772269186738e-05 1.23001756946906e-05 6.99113548989772e-06 4.85034713904042e-07 6.73795356220808e-07 1.13185360248735e-06 1.69978933968196e-06 3.44956779656513e-06 0.000120138120820423 0.159520044922829 0.00148400423349813 0.00159417351242155 8.59755240526283e-05 4.45591688730929e-05 0.000724424156942405 0.00881008766591549
1.35002385377447e-05 2.46137289650505e-05 2.70157312115771e-05 0.000421913356694859 1.47939952512388e-05 1.44209738436984e-05 1.30117941523622e-06 3.50405232893536e-05 6.12743239798874e-05 3.22710860473308e-05 5.48476742778803e-06 5.61159463359218e-05 0.000186523458978627 0.000674757829983719 0.000387554125336464 3.251921498304e-06 2.9309336150618e-05 3.43368855624249e-06 5.58708184712486e-06 1.68253444314814e-06 1.36124651248792e-06 4.63651983295676e-07 1.9543733635885e-07 2.34828728906677e-07 8.30833393195007e-07 1.4106472548292e-06 1.82309353533583e-06 1.37909694103655e-05 5.47016916812026e-06 9.08242873265408e-07 4.16739305819647e-07 3.02655896433635e-07 5.24138910122929e-06 1.3741980666282e-06 2.35549414924208e-06 3.99373519030632e-05 0.00175016130087897 0.000106646841959446 0.000182900923391571 4.47682286335294e-06 5.12099681415634e-07 6.75051440879315e-07 2.13345297055412e-06 1.36529547262398e-05
1.14119203431073e-05 0.000208847000249079 7.45556970116468e-07 0.000136805848887889 0.000365931750275195 3.2182249753987e-06 4.06345925512142e-06 0.000150647674308857 4.38326008520562e-06 3.07059859210312e-06 4.01498161863856e-06 6.95619828547933e-06 0.000159179992624559 4.12847349252843e-05 4.19254643588829e-06 3.57890266059258e-05 3.55242626710606e-06 1.18627049943143e-06 1.25097733416624e-05 1.35577788498154e-06 5.33529555113432e-07 2.29763822972018e-06 7.3038885943788e-07 9.01290252386389e-07 4.85427085550327e-06 2.30080117376019e-06 1.43155851333177e-06 1.33518480254224e-06 3.50990486595038e-06 3.37478893470688e-06 2.93520382911083e-05 0.000130634047673084 0.000731240163997349 0.000326931622382787 0.022001801807795 0.00111778269638307 6.85594961396419e-05 7.39038594019803e-06 5.70047080827862e-07 1.54270299868031e-09 3.84561271715711e-11 1.62342517207037e-10 1.47010692508331e-10 1.88578012094709e-09
0.000268295212299563 4.87742241602973e-05 5.72233080674778e-05 1.30222642155786e-05 2.5608347641537e-05 6.44901253963326e-06 0.000471073589869775 2.78134590985246e-06 7.91102159780621e-07 4.95835142828582e-06 5.06957979951039e-07 6.8587768922157e-07 4.76134280688711e-05 4.71144323910266e-06 4.29364277806599e-05 5.78980178033817e-05 0.000575984915485606 2.98023015602666e-05 6.43100950128428e-06 5.67441225740595e-07 1.27014166864114e-06 1.31922739001311e-05 1.19008913316065e-05 5.4264859727482e-06 2.42735497835156e-07 1.45302334608743e-07 7.65318152673444e-07 1.20089857773564e-05 2.41612841819006e-05 8.90787538082804e-05 0.000949778114874089 0.000820889600385755 0.0984952615574002 0.010455275978893 6.19753076534835e-05 1.38546921277793e-06 9.41273448074043e-10 5.52140810849977e-10 8.75785755027891e-10 5.34620236969374e-11 5.94525539909796e-12 4.88645790497344e-12 3.52036400030897e-11 3.05780654130672e-09
7.34161844775372e-06 4.08416623031371e-05 6.97319002938457e-05 4.83015594454628e-06 4.58244629044202e-05 2.71450396212458e-05 8.97817568329629e-05 3.23765205934023e-07 2.01764838578811e-06 1.97417708314163e-07 4.38510284972438e-08 2.13444867336321e-09 8.87844726626952e-08 1.55948203861556e-07 3.89978331440943e-05 3.19951039273292e-05 0.00011080287185905 6.31533066552947e-05 1.16624795509779e-05 1.97581335044106e-06 1.26554547534852e-06 2.07300015972578e-05 1.96726311514794e-05 1.29236425891577e-05 4.93225122681906e-06 2.87114353909601e-06 9.3042563094059e-06 7.74109750636853e-05 0.000153304021660006 0.000621730004786658 0.000122832964698605 6.47556699955532e-05 0.000508209256804548 2.70286705926992e-05 5.84582557916491e-08 9.572699299909e-11 1.63927538210373e-11 3.0889835134218e-11 8.14670553239694e-12 2.52731946481788e-11 3.28638227742317e-12 6.66017241357508e-12 2.76196732151845e-11 2.08235695353665e-10
1.75047362063196e-05 0.000149172918463591 8.12535221484723e-05 0.000302959614782594 5.52144057110127e-05 1.08650357560691e-05 5.95222318224842e-06 1.55137349338474e-05 7.10897070348437e-06 3.32892049481615e-09 1.78123515937045e-10 8.58726534325172e-11 1.73532410663313e-11 7.22939574870907e-10 1.33902155030619e-08 5.89591445532278e-07 1.40294205948521e-05 0.000535679972381331 3.23350418966584e-05 2.33392876907601e-05 4.63974658941879e-06 7.54017108874905e-06 1.76908781213569e-05 9.53649829170899e-05 5.14035012884051e-06 2.88616620309767e-05 6.6079898897442e-05 9.02433588635176e-05 0.000122254507732578 9.63834678259445e-05 0.000175986026442843 4.41454099018301e-05 7.38619064577506e-06 4.56801703130338e-09 5.83206816173742e-12 2.54027909818433e-12 7.51636530793576e-12 1.86760606979419e-12 1.12660991646862e-12 8.30890911629467e-12 6.0062932405458e-11 1.61557889288844e-10 2.28999559870324e-08 5.24858526640415e-09
1.55144184166289e-09 1.28632941720497e-07 4.37720003532149e-07 0.000186144198596594 7.29070717170543e-05 4.10815398481645e-06 1.11066661702353e-05 0.000277458902564831 3.51652575773187e-05 -9999 -9999 -9999 -9999 -9999 -9999 2.22016744988451e-09 3.67029701853205e-08 2.82513677802854e-06 0.000170195467944723 0.000952075200621039 2.62959355836756e-06 3.4367855931805e-06 2.02427848535081e-05 3.54531504171973e-06 0.00012790537730325 2.38052644618847e-07 4.67571899775976e-07 1.70227193393657e-05 2.0876138296444e-05 3.51256634530728e-05 0.000104651703077252 5.70640988826199e-06 1.8415129643401e-09 -9999 -9999 4.57313630519707e-08 1.41624378890981e-11 9.90957316204799e-12 5.29950527905498e-12 3.90892873625148e-11 -9999 -9999 -9999 3.84829335065007e-10
-9999 2.88034908146884e-09 1.88955274538216e-08 0.000205572479899274 3.2175411888602e-05 4.94106330734212e-05 0.000290215115819592 1.47739112208001e-05 1.51877402913669e-05 -9999 -9999 -9999 -9999 -9999 -9999 -9999 -9999 7.48113879289747e-08 1.58555882201483e-07 9.8771188640967e-05 0.000738370779436082 0.000136404326622142 0.00012305298987485 9.85052480473314e-07 2.55868171734619e-05 1.9642070494541e-07 1.01032878729868e-09 7.0763133352969e-09 2.4417327131232e-05 2.84702311546425e-05 2.84691022898187e-06 1.07548837169347e-08 -9999 -9999 -9999 -9999 -9999 -9999 1.83625176575219e-07 -9999 -9999 -9999 -9999 4.99557827327024e-09
-9999 6.76818326938999e-09 3.36085848751111e-07 0.000177749071735889 3.38921789193591e-06 7.2226323140967e-06 1.76389483783623e-06 5.91955413575818e-09 2.48094852217662e-08 -9999 -9999 -9999 -9999 -9999 -9999 -9999 -9999 -9999 -9999 5.76988826717084e-09 5.77562477701576e-06 3.7509784942813e-05 3.50016854611113e-06 7.68609364968143e-05 2.76939231753204e-05 5.07061077428261e-06 1.26353373985921e-06 2.00112976322941e-07 5.34968257781543e-07 1.30490778182946e-09 2.62301947984156e-07 -9999 -9999 -9999 -9999 -9999 -9999 -9999 -9999 -9999 -9999 2.79426549898432e-08 3.91509818200575e-06 3.05818845802719e-09
-9999 -9999 4.32199912481224e-07 8.10019340491408e-07 5.10988749757857e-08 5.81287542100739e-08 0.000296541292482289 -9999 -9999 -9999 -9999 -9999 -9999 -9999 -9999 -9999 -9999 -9999 -9999 -9999 1.93001978177065e-08 4.88098290588823e-05 2.0218729696353e-05 1.19967329510473e-05 3.48234623857024e-06 1.42841721526565e-06 2.30409857593372e-07 1.0703103043852e-07 4.82158373671382e-08 -9999 -9999 -9999 -9999 -9999 -9999 -9999 -9999 -9999 -9999 -9999 -9999 2.09573469192037e-06 4.88799916098515e-09 7.66910090987949e-11
-9999 -9999 -9999 -9999 -9999 -9999 -9999 -9999 -9999 -9999 -9999 -9999 -9999 -9999 -9999 -9999 -9999 -9999 -9999 -9999 -9999 0.000113545998829068 8.60367129762452e-09 2.86389511217067e-07 -9999 -9999 -9999 -9999 -9999 -9999 -9999 -9999 -9999 -9999 -9999 -9999 -9999 -9999 -9999 -9999 -9999 -9999 8.22114099019444e-10 1.59500246343924e-10
-9999 -9999 -9999 -9999 -9999 -9999 -9999 -9999 -9999 -9999 -9999 -9999 -9999 -9999 -9999 -9999 -9999 -9999 -9999 -9999 -9999 -9999 -9999 -9999 -9999 -9999 -9999 -9999 -9999 -9999 -9999 -9999 -9999 -9999 -9999 -9999 -9999 -9999 -9999 -9999 -9999 1.93517351760875e-06 1.04161223313248e-08 2.40971731457762e-10
-9999 -9999 -9999 -9999 -9999 -9999 -9999 -9999 -9999 -9999 -9999 -9999 -9999 -9999 -9999 -9999 -9999 -9999 -9999 -9999 -9999 -9999 -9999 -9999 -9999 -9999 -9999 -9999 -9999 -9999 -9999 -9999 -9999 -9999 -9999 -9999 -9999 -9999 -9999 -9999 -9999 4.79362283201112e-10 2.23445227875985e-09 2.30949375179534e-09
-9999 -9999 -9999 -9999 -9999 -9999 -9999 -9999 -9999 -9999 -9999 -9999 -9999 -9999 -9999 -9999 -9999 -9999 -9999 -9999 -9999 -9999 -9999 -9999 -9999 -9999 -9999 -9999 -9999 -9999 -9999 -9999 -9999 -9999 -9999 -9999 -9999 -9999 -9999 -9999 -9999 2.01831884538706e-12 7.54410056647004e-10 2.44553987061025e-09
-9999 -9999 -9999 -9999 -9999 -9999 -9999 -9999 -9999 -9999 -9999 -9999 -9999 -9999 -9999 -9999 -9999 -9999 -9999 -9999 -9999 -9999 -9999 -9999 -9999 -9999 -9999 -9999 -9999 5.98157314257719e-07 2.66802913095887e-10 -9999 -9999 -9999 -9999 -9999 -9999 -9999 -9999 -9999 -9999 6.78839886525395e-09 1.08848363655767e-10 1.68451738113973e-09
-9999 -9999 -9999 -9999 -9999 -9999 -9999 -9999 -9999 -9999 -9999 -9999 -9999 -9999 -9999 -9999 -9999 -9999 -9999 -9999 -9999 -9999 -9999 -9999 1.64755331599764e-10 1.64821756243327e-10 5.52506929096808e-12 1.20596066466305e-10 3.27806448652268e-11 1.80060848675723e-08 -9999 -9999 -9999 -9999 -9999 -9999 -9999 -9999 -9999 -9999 -9999 -9999 2.261540288373e-10 3.22134283248232e-08
-9999 -9999 -9999 -9999 -9999 -9999 -9999 -9999 -9999 -9999 -9999 -9999 -9999 -9999 -9999 -9999 -9999 -9999 -9999 -9999 -9999 1.4298069805907e-08 1.05794689120309e-08 2.25321128421996e-10 1.20349863408364e-10 3.65824037729112e-12 1.18069998222836e-12 6.78165301692957e-12 1.09781184143287e-11 2.38267183760854e-12 -9999 -9999 -9999 -9999 -9999 -9999 -9999 -9999 -9999 -9999 -9999 1.47092088620404e-08 1.43462686175155e-10 1.29756993039187e-08
-9999 -9999 -9999 -9999 -9999 -9999 -9999 -9999 -9999 -9999 -9999 -9999 -9999 -9999 -9999 -9999 -9999 -9999 -9999 -9999 3.62128660391647e-11 2.00286356388801e-09 1.10477880177484e-07 9.66043384664772e-07 1.10735779390581e-07 1.45215177327351e-08 5.24464138784708e-11 2.64266386551526e-13 -9999 -9999 -9999 -9999 -9999 -9999 -9999 -9999 -9999 -9999 -9999 -9999 -9999 5.74123082408562e-11 1.29281141347803e-11 1.01211732328466e-09
-9999 -9999 -9999 -9999 -9999 -9999 -9999 -9999 -9999 -9999 -9999 -9999 -9999 -9999 -9999 -9999 -9999 -9999 -9999 -9999 -9999 1.88460913541633e-11 1.16830578544835e-10 4.63543758932872e-11 3.95722787871478e-11 9.91960542595649e-09 -9999 -9999 -9999 -9999 -9999 -9999 -9999 -9999 -9999 -9999 -9999 -9999 -9999 -9999 -9999 -9999 1.1595613358395e-12 5.1931281497275e-11
