Maxent_result_files_1/Bombus_laesus_3.asc
NCOLS 594 
NROWS 330 
XLLCORNER -15 
YLLCORNER 23 
CELLSIZE 0.166666666666667 
NODATA_value -9999 
[rows 147 to 167 of 330, columns 138 to 183 of 594]
0.000802096090006898 2.22566254358458e-05 0.0120397252598408 0.00574570697719119 0.000617302979436363 0.000180282005567567 0.00198188456843854 0.000441766622568696 0.00154724273565646 0.00172720523921532 0.00237216544981996 0.064305975122527 0.0148310093660606 0.0136830969906739 0.00529148574587617 0.0124833564591973 0.00260697037130015 0.0017472715074077 0.00326059982719683 0.0046332090879497 0.00645917047402247 0.00765660184424951 0.0116957675891351 0.0100766256285029 0.0250045730527912 0.0335979897863912 0.0141300435582538 0.164627662687668 0.0915223449023834 0.0158046981604872 0.0277024082237327 0.00582764627854477 0.00742385507651513 0.0476402231339356 0.0332223301251107 0.0926799975937928 0.0286360197124901 0.0536482122064992 0.0590583242957724 0.768247450195133 0.299513721167614 0.0233713330987711 0.245992515260211 0.0274976202673462 0.0124834731553872 0.0141044792005527
0.00095327892422602 0.00286017484229438 0.00564048783400091 0.00441312223865791 0.00221758268148788 0.00441581108683732 0.00217372409482375 0.00229241276396508 0.00662898617864387 0.00277456496825769 0.00124831922981313 0.00617335030543278 0.0014467951702043 0.000729438324877096 0.0285538011479851 0.00275848451819118 0.00312978842516197 0.00391284812778521 0.0121874542911495 0.00563997392380233 0.00998288306095143 0.0109817200360101 0.0238297974247547 0.00758965942012054 0.0280984725937908 0.0418783838222547 0.033822431642879 0.0029027102598318 0.0275765231639788 0.0466594691160097 0.0790757589407448 0.0314701841629393 0.00780118399304301 0.00395751403923243 0.00939844673912685 0.0886634364756759 0.0309649443991962 0.0572973963967639 0.0315195690812285 0.0264680652843558 0.0153240085912963 0.196182911797691 0.25723414283076 0.0274993025066806 0.0798046277249114 0.0149685288739128
0.00283936667820306 0.00365438732997067 0.00212868530889576 0.00805547548875448 0.0505284641412717 0.023955100066928 0.0103268733483186 0.00105096284430514 0.0019712120907728 0.00101671021924605 0.00191060410828289 0.0134056517251731 0.0238630718375439 0.00359238266809518 0.000891212381898832 0.00477940429791907 0.0018429985383332 0.00515478279318556 0.0116068745940279 0.00991789038076361 0.00833593548947941 0.00430997959682162 0.0304941305086253 0.0239524126255054 0.0675619806236787 0.0218270866754615 0.0265068615469213 0.0187312851618208 0.00692607589701317 0.0689247907421328 0.0176910385370999 0.015325156878492 0.0613971183469857 0.0645685225382437 0.00883659967541478 0.0143881172426974 0.10646486876862 0.053923708250223 0.0160846079736216 0.0106741681052975 0.0151041325398811 0.190004300070002 0.0743327242961984 0.110908883053997 0.0864127501555004 0.0181020471965439
0.00145292075862974 0.000631454326596248 0.00148782860997893 0.00145861715547243 0.00709834842075994 0.0115605571929318 0.0118554276601951 0.0062104507657244 0.00116115669396667 0.00317678891089127 0.0144102972977093 0.0046621325654101 0.0655709450876919 0.00956644137080604 0.00344902250815982 0.0131342272515811 0.016176734425839 0.0024655041899031 0.0291207939649339 0.0422915307938143 0.019257573213529 0.0108083065560696 0.0280345055031419 0.0104862516652382 0.0225600245557876 0.0173133123985372 0.0555210963799171 0.0131171988327099 0.0642867686467482 0.0363229889919729 0.0199737095313913 0.0972949287609376 0.0255194768041411 0.02152674460701 0.144777745094626 0.0291385302292479 0.0322181669027708 0.0121936769179454 0.0340522825659516 0.0382893157279866 0.0116203160551482 0.0536788125664952 0.0223113941301566 0.0988021778929806 0.0543557810427387 0.0730758811390842
0.00421052051243859 0.00702165253751558 0.00411133863208877 0.00871822133656298 0.0100069407303888 0.0057101283371887 0.00615290156313588 0.00392903860057555 0.000809154440968096 0.00289259254850697 0.00368065607409718 0.0556768271353627 0.0226066582137333 0.0133710080249288 0.00766826245053551 0.00316184558441263 0.0075913055362429 0.00612924960249357 0.0183259595891526 0.0232635200143139 0.0216540206446688 0.0897981564296107 0.104756711200518 0.0564176430871098 0.0479281086719715 0.077816100404132 0.0262807865237734 0.0280937300624532 0.105135873502543 0.0232018331187836 0.0212215681687994 0.581607540230209 0.0518638536314546 0.465525817675983 0.0153353164383886 0.0148553090975862 0.0368534470543299 0.0194002461821581 0.0156697715361992 0.0181649397715086 0.120888824015515 0.122451622112726 0.022254807576752 0.17676651925102 0.0609153237287501 0.213996747763827
0.00150664638831628 0.00453142544759944 0.0106907436205914 0.00206885697670027 0.0042008580278714 0.00630905407282082 0.00253876695918483 0.00373861771853889 0.00282857182859743 0.00117531068623125 0.0066984415478384 0.02823900013324 0.011593791079136 0.00578527365830736 0.00346468457636183 0.00618775474887072 0.0140984746801909 0.00321607161961571 0.0375674049874951 0.0318766257501072 0.0542451778887899 0.023398552165887 0.116716903456578 0.0804800431822865 0.0651597819333944 0.0107079993139597 0.140767850055188 0.0201682798590253 0.0202403244512505 0.110045067345477 0.0699891059411456 0.999570453166962 0.587242264839844 0.259817423600982 0.0814869461832558 0.0738919953305541 0.0265369382954898 0.019872029038389 0.236417357559811 0.0856988618725765 0.0496779821663629 0.0255592601645049 0.0474388378637038 0.0826355001738193 0.186832958446757 0.135839353996562
0.000876606815022996 0.00360414880455258 0.0037843682534496 0.006349331513876 0.00135287604774852 0.00481942307550062 0.00107122635487713 0.00553119182927798 0.00999356324225641 0.0156952872956484 0.199140255157753 0.0138908716261065 0.00507580646187591 0.028606283472073 0.0083688827292848 0.0114890494512661 0.0237015298572233 0.0255540982783757 0.0236510197970962 0.027090296849276 0.0171264804519725 0.0396276930630965 0.0634931666253234 0.0215464245583236 0.0429375553609328 0.0277299352057717 0.147791334808093 0.11000150032931 0.0994521166539713 0.116749277967249 0.661597877812164 0.569877103497856 0.340887979925728 0.911131291091442 0.735383466072381 0.114468953681359 0.0833614396811643 0.0194540772843385 0.0626548864202197 0.118733720023114 0.0608055961655243 0.160857450623234 0.206136106741178 0.0506524891613893 0.0222177925848207 0.177706387848593
0.0111061816716759 0.0010568264360286 0.000849333121383144 0.00315340889424128 0.00643997029474129 0.00514973492259012 0.00199898294690104 0.000846787005074035 0.00102593978330461 0.00145469406544323 0.0151207914477979 0.0180078145869677 0.00888129706678861 0.0249484139833201 0.031510544006608 0.0478471837408515 0.00450406106090238 0.00794854837731809 0.00932350498593938 0.0028928349235767 0.0534283325829122 0.0658500638550277 0.0951730698246857 0.0332545348437353 0.00977779717112712 0.0183469656107167 0.0489575567528395 0.0824587581555101 0.169858343985435 0.158312051824933 0.0502876012553769 0.073127507421434 0.0700948376419922 0.229217960665301 0.252480598852139 0.166256763882766 0.0706003808345622 0.106352711911743 0.0935554628363116 0.444082186743617 0.0550302992417414 0.0348640750917127 0.225336886681907 0.0279641768013107 0.0278852576628196 0.125059161562785
0.00196049149435902 0.000855367569240151 0.0025148837380471 0.0122994588407153 0.00473991766624532 0.0012358180976891 0.00043590589540321 0.000600883382539519 0.00299172899336198 0.000764001929134139 0.00509024568272994 0.00294876799599075 0.00232147251898222 0.00265751202650697 0.0125817925431198 0.0137123801700562 0.0112949374878964 0.030815564187863 0.0280859620670756 0.04923805243218 0.0504136460994959 0.131550249248723 0.0771718490440161 0.0886248900670769 0.040361019743461 0.0194342813573075 0.0367882011039283 0.0390382116567924 0.123232661788825 0.0939414716158437 0.192953275825121 0.0199289060283738 0.0349985722280124 0.0205409725536957 0.20086214437801 0.0369412599153244 0.0603060586393459 0.0819946004321874 0.0793721974729623 0.114279686647205 0.07436288828206 0.0145266512310269 0.0803492388004088 0.0219529508328179 0.0746271161499294 0.0672357500170619
0.00468156430406576 0.00581732878004015 0.00840126656858615 0.00435703522185319 0.00759727618159581 0.000958202297196442 0.000699776174748878 0.000702735374232599 0.000835856917653521 0.000825081282371964 0.00095465795406956 0.00169447720763314 0.00258682024329823 0.00356915195678297 0.0144457246338941 0.00690280590703358 0.0204185905930825 0.0183761346553543 0.0436619271266568 0.0250150981989481 0.0356625343626228 0.116916845595056 0.142856752945586 0.0266438902866233 0.0524570983009163 0.0623040169019077 0.0543399265423194 0.11282470910841 0.0560481300983873 0.0403916655329878 0.0764863177566674 0.034533634045762 0.0483411692551657 0.0185152489791528 0.132058938651865 0.145508093832711 0.0225214814414991 0.111761824167158 0.201687607062072 0.107422175956987 0.0649268766992844 0.00973548918491317 0.0162153823720574 0.0162211723713686 0.395370085351169 0.307935981824994
0.00384125315611076 0.00409937774968004 0.00602934345297492 0.00431025051043579 0.00585521539363669 0.000421969182446258 0.000697633745789494 0.000625811306123403 0.00706544039941549 0.000972387528066776 0.000656210902111698 0.00690662438086101 0.00186551118345307 0.00614080807461221 0.00283982600825123 0.000305728779858383 0.00303825800809766 0.00518924586894578 0.00973531518858041 0.00663344826607501 0.075783514397034 0.0835753707968603 0.100341763241009 0.117727219291611 0.126467635677415 0.0629608956829532 0.331814688158103 0.089809135473094 0.0295430157688587 0.213219714076228 0.0819958266767887 0.168095440443682 0.036824584370073 0.0353324776532455 0.0412197614841761 0.056867687273515 0.0671266156347798 0.151861735684338 0.364760113461955 0.291654989606371 0.0220928635164601 0.0515552353186187 0.0249987141024526 0.0397007440231198 0.00905941381086736 0.047689480319028
0.00309601766939683 0.00261181167562139 0.00176755135153421 0.000506892460181063 0.00033469337851203 0.000559143934044482 0.001587501916391 0.00722465851528193 0.00131387298698599 0.00148397046272516 0.000963917609180809 0.00953296047746868 0.000589885449934346 0.0204727704856749 0.00304444254988128 0.00171629624932281 0.00857094206808628 0.00214069753384198 0.00295779644702066 0.00322083727270728 0.0139409974978676 0.0831815086481043 0.0345682582080715 0.089985723703141 0.143798759548357 0.16502044062066 0.13102390289821 0.0316393168340804 0.0215315197024301 0.0478819893025901 0.0964904388231186 0.0729206041441193 0.0766868271989878 0.0555442282682826 0.347107989082333 0.0884580780944788 0.366452938121802 0.259671844993403 0.681770483241417 0.0939649691873285 0.0541722995849356 0.0148067014487568 0.116276929920812 0.0388538260510766 0.0515910322527571 0.0463768215983105
0.00219012413227689 0.000672628252597318 0.00113226204111934 0.000481871072411255 0.00052790499026899 0.000790535893864996 0.00209033076135436 0.00170628780090358 0.0073922460262172 0.00682973236690456 0.00136489623642896 0.00130209935984816 0.00232619224198416 0.00395445551453522 0.00428331295378697 0.00381885492630911 0.0201689405800346 0.011208625458375 0.0207384216041763 0.105574667555655 0.0235517696727415 0.0630171455860226 0.0672355260043513 0.0994277876158713 0.115099897374837 0.132468070312705 0.177906966608687 0.157553494648686 0.0851670673023955 0.0190696156416898 0.0293126429673031 0.186753327647673 0.200385767725396 0.0516404929268858 0.0484129065364899 0.509648967668159 0.0395910022563308 0.16905883388384 0.0835186980077598 0.266594599827412 0.0218996718292123 0.00663489197632642 0.0439782037099893 0.0124808172916842 0.177684565856862 0.0339028718278878
0.000499955326222656 0.000346387223558409 0.000197041891931382 0.000291699600268402 0.000396878016823543 0.00114600202013264 0.00188374270845959 0.00168030904973401 0.0107313658617083 0.0497956145164075 0.00242457000817091 0.0030056078965186 0.00261418028730042 0.00193751112185123 0.0100099982259019 0.0378630537603932 0.0540934387743302 0.015051161673975 0.0622210002773107 0.0181207932845998 0.0115874402570459 0.0412350823281069 0.0715917584496699 0.0865779888099665 0.0736436681639935 0.161028506150279 0.181006882357497 0.0564255467230526 0.0329757300474901 0.0155718183903857 0.123584785113567 0.210077925013674 0.201246912008989 0.0641970280346116 0.0310265618450543 0.0363415390978345 0.0281233144421778 0.0246796737944443 0.0581489574818696 0.0092968328315387 0.0183773237952064 0.0325621741470197 0.034483981600749 0.00902732465578208 0.0488088911311469 0.0854979117911401
0.000875388001077881 0.00135932799604858 0.00126856550599079 0.00156104609492781 0.00728617998712859 0.00179309613488144 0.0032202016474022 0.00369775624307889 0.00826147762807465 0.0028814110749152 0.003982953723497 0.00522194030960175 0.00164260885441846 0.0036320799710549 0.0025662182629997 0.0396153389755942 0.032731798381506 0.0768247070002439 0.0766614179653476 0.0528967501545566 0.0810600374182425 0.0760005284684065 0.0604078016584708 0.0499193112820002 0.0609356139030692 0.0774406917533641 0.0476576631054032 0.0599074440305689 0.0173577912227009 0.0324939779164939 0.0504751478380127 0.0360116399724941 0.10088109895914 0.124066635863734 0.998673492670059 0.056575903318739 0.0531558416214679 0.0316830970911663 0.0240325769857825 0.0211563172092852 0.0314248639054846 0.0628462749441266 0.0543462144044777 0.0291677963402256 0.0219338331273686 0.0129495964164474
0.0543942183040994 0.00151045033966209 0.00226100060462533 0.00161472062962629 0.00476949300580707 0.000824338173782835 0.0048035049538972 0.00412487655666378 0.00274597697394023 0.00257671086894201 0.0155484821790179 0.00402491638041929 0.00221945804075383 0.0151540325904306 0.0128400552017953 0.0074963215656228 0.0599506349098039 0.0768693116842855 0.0260714595510759 0.0138354058948615 0.0244220801548242 0.0257519185775897 0.0130203606086772 0.0115447690223321 0.0423961719795514 0.0769528293815359 0.0659636793372685 0.0319579205352456 0.0494701098933404 0.0929882896154672 0.0254254661603134 0.0492884413697484 0.0594924415437158 0.0208514099376842 0.025836385329115 0.0568526534897013 0.0628603424372455 0.106712340742024 0.0300493549797351 0.039283031945823 0.0281387585141798 0.049529802213724 0.00274071065194076 0.00947527378296747 0.00338373820015182 0.0122747155262872
0.00247767826702936 0.0168393887976631 0.00224665012340481 0.00397869501137096 0.00493588967109803 0.00219893532086423 0.00358298833991442 0.0019990659549369 0.000962476920125743 0.00178688395207288 0.00264667209726648 0.00315937075014141 0.00219018990107769 0.00811857842948144 0.00990196503304525 0.0152030685289476 0.0158082359924343 0.0295623161825695 0.00794001143159125 0.0140608117757167 0.0357075110804449 0.0231893161436256 0.00935151102923822 0.0106931106880036 0.018044134290699 0.0152185556821047 0.0789068639421872 0.0358194786455821 0.0729318003007925 0.112977039635453 0.0144350438208993 0.01149836732232 0.00537231915567313 0.00307556547947897 0.0159937349265464 0.0362942286917601 0.0614002528311779 0.319598127291192 0.0141465069294341 0.0404661501594056 0.0124458114748443 0.014355809629312 0.0887687942526041 0.0704137687363186 0.00678929508551824 0.00058072243191496
0.000815867916844026 0.00328057768542185 0.0305230726950349 0.0237339941684717 0.0189039957949293 0.00192633806858881 0.000489902368962791 0.000301788995520835 0.0019197036648483 0.00439347827742786 0.00609514337982939 0.000698586637604859 0.00287405560267243 0.00121259859560869 0.0150299603667017 0.0117294484641374 0.0402694151550433 0.00704672566692649 0.014358643115333 0.00604350387502894 0.0580652610305882 0.00472821702589249 0.00803110592657891 0.00759503079838647 0.0145794479175961 0.0365410922234282 0.0148210610823179 0.0298409756849741 0.100814458942197 0.021942727431509 0.0191852129036999 0.01351846969946 0.0335231409850843 0.490545107347512 0.133993847224626 0.0498246422825105 0.126311125301293 0.0130944704043657 0.0199865139196731 0.0225199302888484 0.015519201809002 0.0150174397889827 0.0287625152267864 0.0229209542437957 0.0425824576203013 0.0398893248770037
0.010905930178863 0.00522404633241285 0.000981714723817661 0.00568278014206577 0.0202331756151606 0.0083105654539158 0.00240658075698746 0.000380391207146769 0.00190560699711956 0.00151251956828486 0.00108148249108513 0.00371859020821018 0.00258062230288091 0.0138562781142927 0.00483437542555183 0.00328048995943299 0.0103468152278559 0.00661706699970261 0.0188052333604559 0.0384102157989042 0.022202711014328 0.0111377774664042 0.00480931727724423 0.0140203914742935 0.0189691828921797 0.0226646796708357 0.0108830557724458 0.00177701521033294 0.00325800067277209 0.00412811785868275 0.00800588664513596 0.103454483178519 0.0908229861861013 0.129859250899333 0.129062366940522 0.125321793106423 0.0474857744081561 0.0844765774910229 0.0503673081749334 0.0177323711558557 0.0347333166510396 0.0775722816957202 0.0196177905594567 0.0149142619001182 0.0810917436763702 0.0368720754035166
0.00180251185025126 0.00932003293075068 0.0057757742851411 0.16551447410311 0.0444051709404458 0.0191100912455961 0.0071138653981641 0.0112346708584733 0.00670673931999435 0.00298591499142572 0.00121334558661691 0.00171988384799239 0.0261558689367001 0.0121119862144371 0.00937494556022069 0.00269225342226073 0.0123536363952707 0.0166033414188984 0.0169047951594746 0.0124860379486337 0.0121757521558075 0.00625363610534887 0.00359458945254473 0.0265416467927116 0.0200194387679206 0.020108299299976 0.0115241112649182 0.103941283630424 0.166611218293176 0.113539451258642 0.00239122289307494 0.0109600720466946 0.06698944847685 0.0355911207861368 0.0103921180162786 0.0110399283599918 0.140624750107963 0.130650921471391 0.102636445098901 0.117379493976659 0.0463256536535482 0.0461973502241108 0.0558684318596534 0.0159097844739961 0.0956889862508888 0.0361377834929954
0.0397851614610127 0.586154822703577 0.410351904130098 0.999861401319504 0.999739420413971 0.899060558527708 0.31609626534472 0.00574356604018538 0.0063757417277606 0.00985166997598134 0.0118251002833979 0.00880091070693965 0.0215191877478198 0.0411936830234593 0.00801373810366787 0.0135817588235898 0.0103598938801343 0.0265704155060069 0.00903718954799725 0.00941061369172418 0.0161453674432187 0.00718188268098147 0.00842822919805724 0.00936450080069576 0.0176348399737234 0.0154430308074524 0.0344920041801853 0.01540797448526 0.00502166123617946 0.00468503138514983 0.00607239520519154 0.0118155287004921 0.0166803437325061 0.0101066628612841 0.0497401397064095 0.0679482450599607 0.103281722193333 0.13784751472821 0.609802020972798 0.340829618768188 0.0579332469749943 0.0552639824602579 0.0887638583596981 0.0316675010867784 0.0373873496735882 0.0401463452333928
