Maxent_result_files_1/Bombus_sulfureus_2.asc
NCOLS 594 
NROWS 330 
XLLCORNER -15 
YLLCORNER 23 
CELLSIZE 0.166666666666667 
NODATA_value -9999 
[rows 300 to 319 of 330, columns 405 to 449 of 594]
7.66789065442808e-07 2.25246851526251e-07 7.68135720274898e-07 1.3166397944131e-07 4.97560780265971e-07 2.58333274250067e-07 5.40931993664451e-07 5.2934539001015e-07 2.32917943410182e-07 5.73430445127698e-07 4.89079604859555e-07 5.63559454436202e-07 4.07677249025795e-07 2.84775274472793e-07 1.42445265249869e-07 2.87686703792645e-08 3.41447932705741e-08 4.54456006382387e-08 1.18519007807905e-07 7.24316577649375e-07 3.27719774269042e-06 2.06099849915375e-06 3.47062290662059e-07 2.96714875025472e-07 1.52601449965317e-06 2.2597125035162e-06 6.76519232056805e-07 9.82482591393996e-08 1.61233676045924e-06 6.76891991679973e-07 4.95968887079812e-06 1.77721385881568e-05 3.27862391169553e-07 9.38148845497366e-07 9.43102606409951e-07 4.91261007318222e-08 4.47379467249931e-08 4.60868005647264e-08 1.893654227203e-06 0.00081977086229017 5.91796160279046e-05 0.000157716097055527 0.00117893933784217 0.00387238276889548 6.43228614833902e-06
2.17504130404222e-06 9.40367821211652e-07 1.10879665822239e-06 3.40960709555027e-07 5.43884686621254e-07 6.36004900411713e-07 4.8761845609091e-07 1.77288490876837e-07 2.93252491700979e-07 4.12902079427457e-07 4.96992176302058e-07 4.84051320293055e-07 6.70817947412417e-07 6.49431216692697e-08 9.16999906896976e-08 3.76596312468003e-07 1.23190738898771e-07 5.50489150086264e-07 1.49994984699475e-06 6.89789747854164e-07 1.82566814252993e-06 2.30024573220078e-06 1.4215869198253e-06 3.11009777611559e-06 6.25933572173665e-07 2.60609621296481e-06 2.07681514030611e-06 3.92571425811283e-07 9.66144040059902e-07 7.39162669427529e-07 9.56644856753286e-07 0.000416403135750443 3.0233616135078e-07 1.9492889497208e-06 6.22763799973391e-08 5.12948605035923e-08 9.74480750670637e-07 4.28737976010396e-08 6.75107339698222e-08 6.33027669172392e-08 6.14173638080473e-07 4.74835177288746e-07 4.17970893784592e-07 1.95165910510386e-07 1.30328325020912e-07
2.20914316173548e-05 1.26510716391692e-07 7.51464048764916e-07 1.16640294325343e-06 2.12539770749753e-07 3.49398746046781e-08 2.41162707959042e-07 1.17076496444213e-06 6.0718683614347e-07 1.37749433397616e-06 3.24649848213454e-06 7.32265725078562e-07 5.94163351896881e-07 9.53859522700995e-07 2.60083220415819e-07 3.14813953306015e-07 7.73846258739219e-07 5.35119315459021e-07 2.0172305728039e-06 1.28620176944594e-06 1.36112739923533e-07 2.29805192497601e-07 4.68062808955949e-07 3.22645151662471e-06 1.4619623968315e-06 1.14484527173886e-06 3.05810533376416e-06 9.60044283601746e-05 6.5958127288468e-05 2.25977181855797e-06 1.10181607748672e-06 0.000253508097739541 9.10908535889377e-07 7.11749502779746e-08 5.51933321824016e-08 5.14253481131988e-08 4.57766392902847e-08 4.56656253478016e-08 4.82414493685468e-08 4.52943864193145e-08 1.17319799697313e-07 5.21806147624204e-08 4.95227336916315e-08 5.41492230943241e-08 5.42628374344822e-08
-9999 6.68339861586986e-07 8.17098744931854e-07 1.71232521708475e-06 5.40283521366369e-07 1.76553036412841e-07 1.20190626538008e-06 1.19699028502396e-06 1.83607663499785e-06 1.76147900465828e-07 6.74970422442911e-07 1.56750211743883e-06 1.41233081460967e-06 1.28381925368348e-07 1.94667281028238e-07 6.16643134065953e-07 2.64910525551443e-06 3.36056098115822e-07 2.20135222384066e-07 2.03937327891701e-07 3.78251990684753e-07 1.5397229379488e-06 2.26550121240621e-06 2.22698223639739e-07 6.2872248918211e-07 3.61611172705612e-07 2.31701764406012e-06 3.37318368906381e-05 0.000708396505797282 0.000310924194855033 5.36604081275982e-06 6.0135011032969e-07 7.90324796584585e-07 8.49161182148173e-08 6.3506955072512e-08 5.34200590429634e-08 4.81008768371538e-08 4.82993070982651e-08 4.8600695479184e-08 5.01758062321223e-08 5.15876040774188e-08 9.38077430179263e-08 1.5701902658094e-07 5.51983677099521e-08 6.14240955876255e-08
-9999 -9999 6.80766082927775e-07 9.67322789291458e-07 7.62417950905814e-07 1.25312734411409e-07 5.92890122175227e-07 3.36949322221614e-07 7.36854620786431e-07 1.60397546187241e-06 5.1140227652624e-07 2.55419487267261e-06 1.31850084366114e-06 1.82161521833368e-07 4.24646308394561e-07 1.60744688981751e-07 7.35305564658617e-08 6.85326246196993e-08 6.48839720951422e-08 2.24328845588317e-07 1.39669439525036e-07 3.30605420550967e-07 2.38379828196855e-06 1.75731487503938e-06 5.94593802638599e-08 4.93116064648191e-08 9.52842085810701e-07 6.92254430276762e-06 1.42396067076334e-05 0.000168524744913157 1.67814337544314e-05 0.000480249226166052 2.16386228544252e-06 2.56435086076756e-07 7.32407586356842e-08 5.79439570991269e-08 4.84776366826978e-08 5.02026578086401e-08 5.27419414919628e-08 5.48453922610825e-08 5.35968177062252e-08 5.47346366674972e-08 5.3130337929197e-08 5.7172721434906e-08 6.0103913201992e-08
-9999 -9999 -9999 -9999 1.53214291771064e-05 1.92101584928217e-07 1.48321941728646e-07 5.26969482805839e-07 4.64100616237584e-07 1.54838412702585e-07 9.37494714525755e-08 1.9954647921816e-07 2.9903715993429e-07 5.2736511588769e-07 7.767390275637e-07 9.7552035263071e-07 8.94329352463252e-08 9.14220686043521e-08 7.98838720061923e-08 5.9253354478539e-08 9.32789330931882e-07 -9999 -9999 -9999 -9999 -9999 7.70477381948354e-06 3.12205372203778e-06 8.31883520788779e-06 4.5322807054049e-06 0.000137959026960743 0.0121783227659762 1.17381392371385e-05 8.14153711203858e-07 2.04369399314785e-07 5.95389776814059e-08 5.68080599672172e-08 5.73312045282215e-08 6.05414298360252e-08 3.54531319157747e-07 1.27835434526879e-07 6.20876084100885e-08 6.74248406773437e-08 7.04005533314067e-08 7.11295279676172e-08
-9999 -9999 -9999 -9999 -9999 -9999 1.90528297605574e-07 5.66403742241484e-08 4.71740823559941e-07 5.93996409947728e-07 6.95356857760565e-08 7.64695695321116e-08 7.64086945936882e-08 9.15438992610262e-08 8.42149209923093e-08 6.02820731998577e-08 4.84262256073009e-08 4.61661264772317e-08 5.19817388294541e-05 -9999 0.000211245568789309 1.1780528234695e-06 -9999 -9999 -9999 -9999 -9999 1.36734186784171e-07 7.46430202758219e-07 4.40891208808303e-07 7.44621199899598e-07 0.000925483329046983 1.71254726410552e-05 2.81433429790923e-05 1.32369813286459e-05 3.67281661510788e-05 1.76916796537085e-06 7.95985669266308e-08 3.36580612625426e-07 7.70902110258653e-08 1.02785693900653e-07 1.25803266171065e-07 3.85194225938079e-07 8.96155982643698e-08 8.30800539586285e-08
-9999 -9999 -9999 -9999 -9999 -9999 -9999 2.15961744970627e-05 0.000135705683987908 6.10944266099978e-05 1.05579065831307e-05 5.34339115842997e-08 5.06612521156136e-08 5.1850739424264e-08 5.76674859420478e-08 3.65349280051497e-07 -9999 -9999 0.000228521691315109 1.44543524847052e-06 8.49081498586202e-06 -9999 -9999 -9999 -9999 -9999 -9999 2.05891322025309e-05 2.15482106280529e-07 1.27883606171331e-07 8.56238249014041e-07 1.06083458376816e-05 1.22467229568546e-07 5.69492074875555e-07 5.59490265459317e-06 6.89557652322037e-05 5.11692365847693e-06 3.2249603452783e-05 3.1515666262294e-05 5.18904109503282e-07 4.30130248352256e-07 1.16517871195931e-07 4.48407966189279e-06 4.93049498029308e-07 3.04737988514603e-06
-9999 -9999 -9999 -9999 -9999 -9999 -9999 -9999 -9999 -9999 -9999 -9999 5.41396959079066e-05 4.47955257865118e-07 0.000319015674540424 -9999 -9999 -9999 -9999 -9999 -9999 -9999 -9999 -9999 -9999 -9999 -9999 0.00192508384643588 9.3858864580465e-08 1.33495382514948e-07 1.57313664195247e-07 8.26529875581628e-06 1.37780596132231e-07 1.32683364051367e-07 1.29920378644233e-07 1.2554096001649e-07 1.62073162268683e-07 3.40831907941208e-07 1.54381730226305e-06 2.07678454557936e-06 1.43659284157494e-06 9.99282443814309e-06 3.52432244561385e-06 1.22243942701772e-07 4.37745438617299e-06
-9999 -9999 -9999 -9999 -9999 -9999 -9999 -9999 -9999 -9999 -9999 -9999 -9999 -9999 -9999 -9999 -9999 -9999 -9999 -9999 -9999 -9999 -9999 -9999 -9999 -9999 -9999 0.000139193570612406 6.5480445488042e-08 1.23777697946803e-07 1.4623188511198e-07 2.28741326679938e-07 1.51872076448178e-07 1.55172617455346e-07 1.47380379611484e-07 1.50824749489686e-07 1.54195515211786e-07 1.59269597976852e-07 1.60669729776242e-07 1.58681449025089e-07 1.56210593094119e-07 1.55855129424509e-07 1.53569479843796e-07 1.49363901102983e-07 3.31413476883924e-07
-9999 -9999 -9999 -9999 -9999 -9999 -9999 -9999 -9999 -9999 -9999 -9999 -9999 -9999 -9999 -9999 -9999 -9999 -9999 -9999 -9999 -9999 -9999 -9999 -9999 -9999 -9999 -9999 1.5014459131546e-07 1.08957562494627e-07 1.45795886674627e-07 1.5829467724382e-07 1.61116169872244e-07 1.68816337264843e-07 1.65627267423307e-07 1.6905883615248e-07 1.68829598234943e-07 1.71573402940606e-07 1.73612709664095e-07 1.74901362059998e-07 1.71999003617529e-07 1.70225223794507e-07 1.68643868037055e-07 1.67021374541942e-07 1.61151217958899e-07
-9999 -9999 -9999 -9999 -9999 -9999 -9999 -9999 -9999 -9999 -9999 -9999 -9999 -9999 -9999 -9999 -9999 -9999 -9999 -9999 -9999 -9999 7.09621246564041e-07 -9999 -9999 -9999 -9999 -9999 2.2810292868769e-06 9.14669996965323e-08 1.40071943199871e-07 1.48211846084934e-07 1.56210036794668e-07 1.68771577779836e-07 1.6616623966792e-07 1.64852971140661e-07 1.80356376300317e-07 1.80501853197512e-07 1.83693380129135e-07 1.82826213990239e-07 1.81027169632308e-07 1.77820040780929e-07 1.77292254366357e-07 1.71623641520569e-07 1.70960240009066e-07
-9999 -9999 -9999 -9999 -9999 -9999 -9999 -9999 -9999 -9999 -9999 -9999 -9999 -9999 -9999 -9999 -9999 -9999 -9999 -9999 -9999 2.08312606218897e-05 6.52084636953987e-07 -9999 -9999 -9999 -9999 -9999 -9999 6.68510741985706e-08 1.02180929428819e-07 1.25005075879425e-07 1.39893398587443e-07 1.34857352740436e-07 1.6364558697024e-07 1.63918668127927e-07 1.7727045857896e-07 1.83183492996619e-07 1.8335689442317e-07 1.84181000939532e-07 1.84130798364102e-07 1.82889542332809e-07 1.80926521897717e-07 1.74340587655308e-07 1.7490015484789e-07
-9999 -9999 -9999 -9999 -9999 -9999 -9999 -9999 -9999 -9999 -9999 -9999 -9999 -9999 -9999 -9999 -9999 -9999 -9999 -9999 0.000234344135742504 3.95862646662692e-07 2.46978411837517e-05 -9999 -9999 -9999 -9999 -9999 -9999 -9999 -9999 2.07155569341921e-05 1.23943992544895e-06 9.91774927849853e-08 1.11160859239678e-07 1.15068293760068e-07 1.22916949019114e-07 1.39419276423691e-07 1.58858070165024e-07 1.68176002635079e-07 1.67309225007628e-07 1.75091812715245e-07 1.80199972210637e-07 1.79123396870651e-07 1.74870307567687e-07
-9999 -9999 -9999 -9999 -9999 -9999 -9999 -9999 -9999 -9999 -9999 -9999 -9999 -9999 -9999 -9999 -9999 -9999 -9999 1.60105854352111e-07 4.88486793237541e-07 8.31409562640495e-08 0.000113426977986819 -9999 -9999 -9999 -9999 -9999 -9999 -9999 -9999 -9999 -9999 -9999 -9999 -9999 -9999 9.88502375548705e-05 6.57146476346071e-07 1.29137022386594e-07 2.42375470804745e-07 6.43442169545594e-07 1.6406025085125e-07 1.69523582860265e-07 1.63549855169975e-07
-9999 -9999 -9999 -9999 -9999 -9999 -9999 -9999 -9999 -9999 -9999 -9999 -9999 -9999 -9999 -9999 -9999 -9999 4.52142213225315e-08 4.50705973431553e-08 6.01124048205115e-08 3.33686340127315e-05 2.86146211969651e-06 -9999 -9999 -9999 -9999 -9999 -9999 -9999 -9999 -9999 -9999 -9999 -9999 -9999 -9999 -9999 -9999 -9999 -9999 -9999 0.000189504678201047 0.000105366987008892 6.88860442608075e-06
-9999 -9999 -9999 -9999 -9999 -9999 -9999 -9999 -9999 -9999 -9999 -9999 -9999 -9999 -9999 -9999 -9999 1.11332665229114e-06 1.10737546754613e-07 5.68214229446085e-08 6.53015202911611e-08 1.69659067736916e-06 8.92202981628287e-07 -9999 -9999 -9999 -9999 -9999 -9999 -9999 -9999 -9999 -9999 -9999 -9999 -9999 -9999 -9999 -9999 -9999 -9999 -9999 -9999 -9999 -9999
-9999 -9999 -9999 -9999 -9999 -9999 -9999 -9999 -9999 -9999 -9999 -9999 -9999 -9999 -9999 -9999 8.58928970304262e-07 4.44660421927701e-08 5.96025735544181e-08 6.20882254387389e-08 6.75044775078071e-08 6.15376834502968e-05 7.00207521209251e-07 -9999 -9999 -9999 -9999 -9999 -9999 -9999 -9999 -9999 -9999 -9999 -9999 -9999 -9999 -9999 -9999 -9999 -9999 -9999 -9999 -9999 -9999
-9999 -9999 -9999 -9999 -9999 -9999 -9999 -9999 -9999 -9999 -9999 -9999 -9999 -9999 5.85392283937836e-05 6.6160869560683e-08 4.93897030717783e-08 5.91562848151206e-08 6.60036002408937e-08 6.36125345732097e-08 3.29158063694379e-07 1.35842055726698e-05 1.01147058051421e-07 -9999 -9999 -9999 -9999 -9999 -9999 -9999 -9999 -9999 -9999 -9999 -9999 -9999 -9999 -9999 -9999 -9999 -9999 -9999 -9999 -9999 -9999
-9999 -9999 -9999 -9999 -9999 -9999 -9999 -9999 -9999 -9999 -9999 -9999 -9999 6.56152257061393e-07 4.59561342203152e-08 5.54902515936817e-08 5.99776670218155e-08 6.66115587466542e-08 6.58993120183915e-08 6.30248266242361e-08 6.84953078575745e-06 0.00397929027676582 8.71133131283841e-06 3.11243515625392e-05 -9999 -9999 -9999 -9999 -9999 -9999 -9999 -9999 -9999 -9999 -9999 -9999 -9999 -9999 -9999 -9999 -9999 -9999 -9999 -9999 -9999
