Maxent_result_files_1/Bombus_veteranus_2.asc
NCOLS 594 
NROWS 330 
XLLCORNER -15 
YLLCORNER 23 
CELLSIZE 0.166666666666667 
NODATA_value -9999 
[rows 189 to 209 of 330, columns 184 to 229 of 594]
0.443232703208923 0.397325420379639 0.27983126193285 0.520714017748833 0.262937992811203 0.126146398484707 0.137728579342365 0.220423455536365 0.117556929588318 0.0393244750797749 0.115300227701664 0.11111703813076 0.323317176103592 0.0417241105809808 0.254639039933681 0.0413858659565449 0.0388696562498808 0.042909887060523 0.0931309595704079 0.125845412164927 0.147222471237183 0.335868130624294 0.507504484057426 0.103988225758076 0.201059937477112 0.192423512041569 0.251034250855446 0.263970230519772 0.213301959633827 0.0489925481379032 0.128581443428993 0.212159930169582 0.246148288249969 0.255911594629288 0.193537472188473 0.0838394075632095 0.0602905761450529 0.182914197444916 0.0946690134704113 0.0292286138050258 0.0414541691541672 0.0725474063307047 0.290215408802032 0.306944540143013 0.562906384468079 0.233848948776722
0.0610840495675802 0.0563967503607273 0.0613896146416664 0.108210937678814 0.254149669408798 0.0432800820097327 0.148353030532598 0.163169133663177 0.109793946892023 0.0344424495473504 0.0803279712796211 0.0510224625468254 0.0255159460008144 0.0139843438751996 0.0368659511208534 0.0433641608804464 0.0198039764538407 0.0260859986767173 0.187445230782032 0.0704148698598146 0.033031745813787 0.230879022181034 0.0909919232130051 0.138217878341675 0.183294634521008 0.0846961639821529 0.234348475933075 0.2071344435215 0.22627477645874 0.213203451037407 0.214597490429878 0.0508460618555546 0.169090883433819 0.208975596725941 0.269523680210114 0.0844051770865917 0.0324448531493545 0.0389595087617636 0.0466738171875477 0.0316324161365628 0.0537636904045939 0.0280149887315929 0.0530622025951743 0.056351850181818 0.139599442481995 0.144941975921392
0.138159833848476 0.242020183801651 0.107549405097961 0.0838401801884174 0.0404086226597428 0.0968119435012341 0.0671426638960838 0.0486825309693813 0.0390283709391952 0.0403841225430369 0.0751288257539272 0.0582894425839186 0.150106848031282 0.0462711416184902 0.0528143122792244 0.0491783484816551 0.137238345295191 0.0712628103792667 0.312548759579658 0.0652848459780216 0.0455718006938696 0.0871003396809101 0.0895277284085751 0.229709996283054 0.260313238203526 0.123138230293989 0.183416540920734 0.0430670581758022 0.18880355656147 0.198003466427326 0.118288896977901 0.10223016217351 0.0731338657438755 0.123069704324007 0.163398256897926 0.0823389820754528 0.0311652922071517 0.0207287445664406 0.0213346596807241 0.0432647014036775 0.0444433696568012 0.0820131365209818 0.0328707320615649 0.0445107821375132 0.0581571448594332 0.161065065860748
0.231013284623623 0.102252105623484 0.0933566205203533 0.075343868881464 0.0777204941958189 0.0646993838250637 0.0569460190832615 0.0872131943702698 0.0152679009363055 0.0349022714421153 0.251137246191502 0.163873149454594 0.0506168335676193 0.0713131088763475 0.0363409414887428 0.0797559637576342 0.0978135973215103 0.0496927827596664 0.0962894819676876 0.064618631824851 0.0429649319499731 0.0450167823582888 0.0457221504300833 0.0455903988331556 0.0451805148273706 0.044679319486022 0.191665260493755 0.0410251541063189 0.17200769931078 0.13471217378974 0.0430351663380861 0.043707100301981 0.0498859487473965 0.0568402387201786 0.0381496869027615 0.046155346930027 0.027761612739414 0.0993137806653976 0.0284864106215537 0.0327953176572919 0.022340829949826 0.0380648585036397 0.0270413882099092 0.0549156092107296 0.0533332535997033 0.0950089976191521
0.206568959355354 0.219979345798492 0.224570706486702 0.114071276783943 0.0449452642351389 0.0283895082771778 0.0196677195839584 0.0495468530803919 0.0761856898665428 0.0218527817167342 0.0253131878562272 0.0138412713538855 0.0641508661210537 0.0738269977271557 0.0681999910622835 0.0991102464497089 0.0923785008490086 0.0712978452444077 0.0762021616101265 0.0424970481544733 0.143611336499453 0.0434664078056812 0.0454470064491034 0.085811024159193 0.0445400930941105 0.0430151004344225 0.176068615913391 0.0395507080480456 0.153877241909504 0.0341634061187506 0.0388088040053844 0.0423847399652004 0.0456365786492825 0.355878075957298 0.0382344866171479 0.0599778857082129 0.198840995132923 0.099837302416563 0.0254391051828861 0.0353347457945347 0.231894005089998 0.188455536961555 0.0602475538849831 0.107264278829098 0.157768093049526 0.0579334612935781
0.0239786569029093 0.0195872337557375 0.0172897073440254 0.0175394186750054 0.0608477652072906 0.0427482884377241 0.0142438540235162 0.0540986832231283 0.0626106351613998 0.0422395508736372 0.0559119865298271 0.0587399151176214 0.0186691356822848 0.0344684222713113 0.0490892574191093 0.0335218090564013 0.0573590476065874 0.164950290322304 0.172584261745214 0.0437875721603632 0.15995187163353 0.116493570059538 0.108621054887772 0.193845736980438 0.042736804485321 0.0422407247126102 0.116902741231024 0.039821838028729 0.0372961789369583 0.0389324543997645 0.0397613225504756 0.043418438360095 0.0449553400278091 0.0313854968175292 0.0504095915704966 0.0640908531844616 0.0511168155819178 0.0815088555216789 0.0835531927645206 0.0706830643117428 0.220891334116459 0.0697906874120235 0.0531354730948806 0.207341296970844 0.072188364341855 0.162422269582748
0.0204572486691177 0.0178097967989743 0.0157737663015723 0.0495171397924423 0.0410068163648248 0.0125051024835557 0.0311083173379302 0.0315019166097045 0.0128557039890438 0.0287483436986804 0.0426117358729243 0.0364729223772883 0.0922066424041987 0.0191266148351133 0.0162346906960011 0.0369286520406604 0.0660040374845266 0.0497318524867296 0.0489177163690329 0.165002927184105 0.206803481280804 0.0533347319811583 0.0412131125107408 0.0414468199014664 0.0429169625043869 0.0429823778569698 0.0408107653260231 0.0959328755736351 0.2124949619174 0.132357256859541 0.0974302515387535 0.0428662586957216 0.0453015398234129 0.162689881026745 0.138620363175869 0.0791517082601786 0.0391169846057892 0.124249494075775 0.035937986895442 0.198286737501621 0.120617505908012 0.315687945485115 0.27296719700098 0.130854889750481 0.353985154628754 0.288607740402222
0.0286181996576488 0.0205132928676903 0.0212424330413342 0.0222223532386124 0.0238188458606601 0.0232206652872264 0.0253758817911148 0.015800987649709 0.0186884759925306 0.0188200451433659 0.0543995015323162 0.01788081349805 0.0225684620440006 0.0248116563074291 0.0280595106072724 0.0225179357454181 0.110288893431425 0.0395257830619812 0.0865271560847759 0.0362343471497297 0.0715081807225943 0.0948902599513531 0.0952242366969585 0.0817084111273289 0.0817050956189632 0.118004626780748 0.27158412784338 0.270989932119846 0.230327229201794 0.11868517100811 0.170189100503921 0.157957424968481 0.0442510645836592 0.0480856645852327 0.0455741789191961 0.0662617489695549 0.0201956834644079 0.108701161295176 0.136609023064375 0.0803142987191677 0.10928575322032 0.0579429961740971 0.075530693307519 0.217145505547523 0.269048558175564 0.121330533176661
0.0451431090012193 0.116740469634533 0.0342973945662379 0.0330566558986902 0.0346528749912977 0.0254903362132609 0.0286268616095185 0.0464356312528253 0.0182728068903089 0.0964209951460362 0.063639273121953 0.0370756037533283 0.0187048733234406 0.122449985146523 0.114053302258253 0.0254137925803661 0.0928378418087959 0.10039012208581 0.103536962717772 0.0261759096756577 0.0382420850917697 0.124317542463541 0.0287261759862304 0.0287012735381722 0.0685542706400156 0.0593469463288784 0.21189538538456 0.279923754930496 0.248088666796684 0.181353791058064 0.11705389469862 0.0869392350316048 0.119762171804905 0.240330410003662 0.0513031855225563 0.075798213109374 0.0528553903102875 0.136104818433523 0.155477802455425 0.182955995202065 0.125935546308756 0.0614806640893221 0.0531473638489842 0.0391567504033446 0.107437111437321 0.151938933134079
0.0776484906673431 0.143956346064806 0.0728929691016674 0.0862292889505625 0.0280997117049992 0.0195267526432872 0.15334635078907 0.0749180182814598 0.0256950135342777 0.104573911428452 0.050609590485692 0.0871951892971992 0.34209660589695 0.0588223818689585 0.0490943402051926 0.0144638499710709 0.0524190861731768 0.0472507197409868 0.159308522939682 0.162057000398636 0.0342725683003664 0.0328527577221394 0.133056488633156 0.259613636136055 0.0908301383256912 0.041764965839684 0.173964071273804 0.269470712542534 0.329210305213928 0.348883131146431 0.192252548038959 0.216788648068905 0.0378719186410308 0.163669715821743 0.0559473633766174 0.0475822668522596 0.0258968094363809 0.0462608056142926 0.059349062666297 0.0517472798004746 0.0477541172876954 0.179490211606026 0.0766399689018726 0.0166948960162699 0.0344887297600508 0.0162288122810423
0.132597279548645 0.123821181803942 0.166900037229061 0.0601418651640415 0.10784248188138 0.0690484598278999 0.0336637208238244 0.0418754618614912 0.103526299446821 0.0827513929456472 0.033075812086463 0.0518234439194202 0.0364492582157254 0.0390242028981447 0.115687937289476 0.0573273003101349 0.0750525262206793 0.026849476993084 0.0483169641345739 0.0596136730164289 0.0734985962510109 0.298438265919685 0.141592625528574 0.234025190770626 0.116779104620218 0.0604336764663458 0.15913367420435 0.298052951693535 0.491148239374161 0.223013700544834 0.277861528098583 0.275815695524216 0.274626016616821 0.039409189671278 0.0308513790369034 0.0522928196936846 0.014580275863409 0.0314682876691222 0.0735972154885531 0.106052076071501 0.0122562621720135 0.0584176402539015 0.0448786243796349 0.0640887591987848 0.0414690749719739 0.0313656959682703
0.311019510030746 0.0972695134580135 0.0435962012037635 0.130631157010794 0.199805571138859 0.218951776623726 0.0423320015892386 0.108324363082647 0.075715333968401 0.0815292447805405 0.0452340587973595 0.122263212129474 0.0730413626879454 0.051713477820158 0.0825136534869671 0.141912116855383 0.0733635108917952 0.16236669421196 0.0647769324481487 0.033136660978198 0.060945076867938 0.113263160735369 0.0263192739337683 0.062868507951498 0.0744837187230587 0.18427122682333 0.103700932115316 0.276281851530075 0.0500598575919867 0.0578155022114515 0.186959488689899 0.351830169558525 0.20267735272646 0.226303680241108 0.0770575631409884 0.048201571777463 0.0294775934889913 0.0364301633089781 0.0408315237611532 0.0573002342134714 0.0160494092851877 0.0861292898654938 0.0928918868303299 0.0388862444087863 0.0480457440018654 0.0407196657732129
0.107394701242447 0.265674071013927 0.0623000543564558 0.0925867721438408 0.473331770300865 0.44995801448822 0.19970413967967 0.0832878068089485 0.0895335659384728 0.173978731781244 0.229706324636936 0.247083238512278 0.160871882736683 0.134038712084293 0.0875164423137903 0.0782427486032247 0.0770499870181084 0.136803968250752 0.092183530330658 0.060288180410862 0.0811845950782299 0.0331206267699599 0.0809054028242826 0.0648046497255564 0.0963915698230267 0.0673283237963915 0.108808230608702 0.0882403828203678 0.166152702271938 0.0586282655596733 0.291538468003273 0.266572123765945 0.221660280227661 0.134495963901281 0.127084820717573 0.019650402572006 0.035834139958024 0.0460318857803941 0.0136020425707102 0.0215549141168594 0.0399260565638542 0.112141478061676 0.0282326407730579 0.0249140840023756 0.0339687928557396 0.0300797460600734
0.0931879498064518 0.0904015101492405 0.0634426977485418 0.117364801466465 0.15429385304451 0.252014906704426 0.194863286614418 0.30197130292654 0.222446882724762 0.151436239480972 0.165906152874231 0.170437099039555 0.362445893883705 0.160456748306751 0.133559187501669 0.227438329160213 0.120053813606501 0.16787645816803 0.105961245298386 0.0713933952152729 0.0283927615731955 0.0282225949689746 0.0959955148398876 0.122051494568586 0.120826737582684 0.278638604283333 0.140461374074221 0.0570092830806971 0.0722697261720896 0.134409368038177 0.0726040259003639 0.0649418342858553 0.256680102646351 0.0752016138285398 0.0736410237848759 0.0233610522001982 0.043996537476778 0.051781146787107 0.0506622025743127 0.0551695223897696 0.0507529608905315 0.180575066804886 0.177063281834126 0.0138451619073749 0.0256296738982201 0.0235514184460044
0.0740569934248924 0.0464655350893736 0.0811253931373358 0.0630510229617357 0.15223034620285 0.45906987786293 0.796728259325027 0.958438837528229 0.885961782932281 0.318866229057312 0.252131642401218 0.152310094982386 0.238314577937126 0.0601371008902788 0.12835491001606 0.170149573683739 0.304455508291721 0.263143195211887 0.266292648017406 0.306621441245079 0.213127250224352 0.0671142656356096 0.0469759564846754 0.0689025353640318 0.235284501314163 0.117018097639084 0.142778230458498 0.16386507153511 0.186028157174587 0.0397562675178051 0.0869054570794106 0.415064829587936 0.0736365728080273 0.0703996770083904 0.0918731868267059 0.0293615479022264 0.123459664732218 0.0495957123115659 0.12585976421833 0.0539926290512085 0.0475613132119179 0.0372436817735434 0.0357089588418603 0.190233294665813 0.127754360437393 0.0514640208333731
0.00484319233801216 0.00286585699068382 0.00920600085519254 0.0857939757406712 0.259137886762619 0.225170694291592 0.606683710217476 0.892034441232681 0.648057126998901 0.952446526288986 0.27026554197073 0.267642219364643 0.249707272648811 0.130606775730848 0.0635103069245815 0.22269524037838 0.474490687251091 0.498904368281364 0.301765607297421 0.258509831130505 0.203238752484322 0.279563857614994 0.327178436517715 0.180890911817551 0.352768158912659 0.260202556848526 0.156327169388533 0.121381144970655 0.200155420601368 0.0778539087623358 0.0760770101100206 0.0454393647611141 0.0428766019642353 0.0438765197992325 0.119393470883369 0.0338187996298075 0.093067017942667 0.0275157638825476 0.0665909178555012 0.233676156401634 0.0662801075726747 0.179655472934246 0.0304492754861712 0.0911397654563189 0.0978926122188568 0.112831073999405
0.0707821201533079 0.00524478675797582 0.00513604765292257 0.0577402703464031 0.090471476316452 0.192192862927914 0.244268852472305 0.318867769837379 0.798889899253845 0.799242377281189 0.284417060017586 0.155210442841053 0.130279952287674 0.162786397337914 0.123791645467281 0.385069170594215 0.237848317623138 0.5161974132061 0.0731762327253818 0.141380873322487 0.113278168439865 0.448787623643875 0.226574754714966 0.389197990298271 0.425155824422836 0.310077373683453 0.0669656399637461 0.0777678862214088 0.0404523923993111 0.134656313806772 0.0676070053130388 0.0210241472348571 0.100603000819683 0.0282051583752036 0.10097773745656 0.0321599660441279 0.0262693026103079 0.107885748893023 0.0530471041798592 0.0450391761958599 0.0201769203878939 0.0471678275614977 0.028068202920258 0.0466190423816443 0.0852170318365097 0.142393258213997
-9999 -9999 0.0040515280328691 0.0336220500990748 0.230330158770084 0.0704499676823616 0.101444983482361 0.262661916017532 0.318001525104046 0.564919593930244 0.37167806327343 0.179950000345707 0.089163002371788 0.0705494865775108 0.197468292713165 0.3393649995327 0.185115072131157 0.0777119338512421 0.0779644664376974 0.10070039704442 0.289157645404339 0.142986354976892 0.0785548038780689 0.318693378567696 0.311271545290947 0.190939590334892 0.0826665621250868 0.0805192470550537 0.112270440906286 0.156432694941759 0.147588004916906 0.0530521152541041 0.0842441618442535 0.099702288210392 0.0666104428470135 0.0326653130352497 0.0495424915105104 0.0620306126773357 0.09108961597085 0.0896165534853935 0.0692995183169842 0.0308091681450605 0.0683423966169357 0.0258520044386387 0.0653196677565575 0.0825046241283417
-9999 -9999 -9999 -9999 -9999 -9999 0.028650675714016 0.0364607948809862 0.28441120237112 0.0918706819415092 0.110034372657537 0.205520416796207 0.0428039841353893 0.093410637229681 0.149152518063784 0.162484939396381 0.34234499335289 0.271782802045345 0.097885050997138 0.163686701655388 0.196530972421169 0.234835010766983 0.474734875559807 0.257499937713146 0.285119853913784 0.635102158784866 0.199208141863346 0.171620840579271 0.212553079426289 0.198941498994827 0.161233020573854 0.134130726009607 0.0824975997209549 0.0178708611987531 0.0564399946480989 0.0285788282752037 0.0605296321213245 0.043394161388278 0.0822153002023697 0.0939425319433212 0.0299164802767336 0.0667757067829371 0.0656427301466465 0.0446208216249943 0.0418952189385891 0.138384188711643
-9999 -9999 -9999 -9999 -9999 0.00891294032335281 -9999 -9999 0.604956635832787 0.0343531360849738 0.000938546768156812 0.00120498005708214 0.00221967673278414 0.02756033744663 0.307669359445572 0.609039145708084 0.370534855127335 0.170553959161043 0.142738869786263 0.359144094586372 0.363559505343437 0.344881907105446 0.361726769804955 0.289587885141373 0.153973565250635 0.793187427520752 0.503209048509598 0.324764916300774 0.387396389245987 0.148182187229395 0.128847543150187 0.0902743715792894 0.0850366089493036 0.100156921893358 0.0438886906951666 0.0891050685197115 0.132214800268412 0.0518273407593369 0.0198619238100946 0.0785635650157928 0.0702591713517904 0.246263770759106 0.166560956835747 0.070136958733201 0.0416248919442296 0.0672887906432152
-9999 -9999 -9999 -9999 -9999 -9999 -9999 -9999 -9999 -9999 0.0952119994908571 0.00255580397788435 0.00290708603570238 0.00191754159750417 0.0767625443637371 0.399054542183876 0.733205342292786 0.437615701556206 0.50567310154438 0.496495082974434 0.915013152360916 0.509667700529098 0.330573683977127 0.361750173568726 0.447003921866417 0.356818807125092 0.842135626077652 0.305316013097763 0.229234126210213 0.206180602312088 0.121883156895638 0.13933020234108 0.119060104340315 0.0455953199416399 0.0453565759584308 0.0272419543936849 0.0360550362616777 0.0609732955694199 0.0380604352802038 0.0363806031644344 0.124303282052279 0.0643095854669809 0.227912184596062 0.203281331062317 0.311488543450832 0.112919368594885
