Maxent_result_files_1/Bombus_sulfureus_3.asc
NCOLS 594 
NROWS 330 
XLLCORNER -15 
YLLCORNER 23 
CELLSIZE 0.166666666666667 
NODATA_value -9999 
[rows 200 to 219 of 330, columns 528 to 571 of 594]
0.0180940074147657 0.0478225838392973 0.00110134103888413 0.00740479824598879 0.00696513275615871 0.00814888078020886 0.0108222207520157 0.0101376885781065 0.0118081272346899 0.0122383148176596 0.000767375397845171 0.00850366416852921 0.00863121838774532 0.00874465644592419 0.00960782726760954 0.00934381425613537 0.00860764806857333 0.00932842360343784 0.0086587093421258 0.00829752661520615 0.00761582778068259 0.00693700112169608 0.00511800576932728 0.00575283333892003 0.00952728212578222 0.0110377763863653 0.0150530212325975 0.0242063453420997 0.0188637243583798 0.0150972685078159 0.0161257423693314 0.015598484268412 0.0466166943311691 0.140210545063019 0.00534607315203175 0.00394284857902676 0.0085609395056963 0.174369468539953 0.40629044175148 0.249454964697361 0.307003679871559 0.279933549463749 0.714505994319916 0.411912277340889
0.00187092641426716 0.00152734989533201 0.00175307826721109 0.0197847037343308 0.0197076112264767 0.0245997512713075 0.0262740994337946 0.0239073795266449 0.02109404229559 0.0184883998008445 0.0174860203405842 0.0159408217528835 0.0127111811656505 0.0131541278446093 0.0132698808098212 0.0126462498214096 0.0125881454674527 0.0138876228360459 0.0143588640028611 0.0130424927920103 0.0118245197460055 0.0117373939137906 0.0126437160652131 0.0148271731100976 0.0166643547825515 0.0245408735703677 0.0267082833684981 0.0302284674253315 0.0306979664135724 0.0139878143323585 0.00796472415095195 0.0217281695920974 0.0226978307589889 0.02856728984043 0.0961411528289318 0.155442380160093 0.250803570449352 0.376952147483826 0.459673452377319 0.237484188377857 0.11282267998904 0.0813530126586556 0.149367794021964 0.0898467732593417
0.0324784830678254 0.0290171721484512 0.0287867114879191 0.0307560043409467 0.0493731024675071 0.0608303472399712 0.0364702133461833 0.0319871169980615 0.0301757778972387 0.0367379480507225 0.0338635874446481 0.030440032761544 0.0284943105652928 0.0288280248176306 0.0263078714720905 0.0236344300210476 0.0212054750416428 0.0199871182208881 0.0190350581426173 0.0193346951622516 0.0183196147205308 0.0155935091897845 0.0161770336795598 0.0133212307235226 0.0128748439485207 0.0147730780765414 0.0187928241677582 0.0299632515758276 0.033900249004364 0.0236299372510985 0.023016036930494 0.0348563321400434 0.0952113034203649 0.0804599422961473 0.076391767244786 0.164565559476614 0.0631781931035221 0.0631952522322536 0.0706352091394365 0.0585282327607274 0.00470830742269754 0.236246344447136 0.0509372780099511 0.0804114747792482
0.0357054627500474 0.0314792605582625 0.0320882371626794 0.0661396767944098 0.0571897707879543 0.0693321224302053 0.0550010226666927 0.045503125153482 0.0458343493752182 0.0555569092743099 0.071909855119884 0.073788296431303 0.0707025175914168 0.0700395550578833 0.0655956041067839 0.0566310335882008 0.0518857280723751 0.0460768821649253 0.0385339222848415 0.029914162773639 0.0221126120071858 0.0293935041408986 0.0276555412914604 0.0274834818206727 0.0279677353799343 0.0239964901003987 0.0149048587307334 0.0175115375313908 0.0295227217953652 0.0436421336606145 0.10360487177968 0.138108067959547 0.112322688102722 0.0558141004294157 0.00350403015036136 0.138337704911828 0.0646448770537972 0.00053617083831341 0.000668409503123257 0.00351169242640026 0.00226390574825928 0.0189375859685242 0.0171549421735108 0.0116812051273882
0.0412711686454713 0.0383710970170796 0.0407882569357753 0.0639114925637841 0.0659133523702621 0.0566661383956671 0.0706805823370814 0.0945912253111601 0.0911735668778419 0.0755094232037663 0.0699130183085799 0.0645396268926561 0.0710736460983753 0.0833675049245357 0.106524077057838 0.0812774952501059 0.0783440381288528 0.0674259588122368 0.0613171785138547 0.0419866440817714 0.0356677307747304 0.0473388440907001 0.0422034650109708 0.0381657616235316 0.0537616084329784 0.0664770411327481 0.0602419590577483 0.0399802574887872 0.0475086832419038 0.0697409799322486 0.0264995842706412 0.0029110792092979 0.00271506292629056 0.032595777977258 0.00170790129923262 0.00148749701620545 0.00186050517077092 0.000860293602454476 0.00376939160050824 0.0168983279261738 0.0176021662773564 0.00462000457337126 0.00399885639199056 0.00929787924978882
0.0565224520862102 0.0512614046223462 0.0504522869363427 0.0481174385175109 0.133139555156231 0.0527784466743469 0.0946515876799822 0.111970591545105 0.1250448577106 0.106393225677311 0.0726535208523273 0.0793458417057991 0.0572667834348977 0.0717455133795738 0.0918119110167026 0.0912450527772307 0.0706344895064831 0.0779257582500577 0.0572899197228253 0.038646780513227 0.0357052731327713 0.0620908243581653 0.0553318507038057 0.0468169048428535 0.0476323651149869 0.0703977907076478 0.0621452942490578 0.0944419715553522 0.0555164098739624 0.116989294439554 0.00154443483042996 0.0295672182925045 0.00326289775548503 0.00118863445677562 0.00172625307168346 0.00123257925151847 0.000886635061760899 0.00154263945296407 0.0200734725687653 0.0144955471158028 0.0134563625673763 0.0108194577507675 0.0104503181530163 0.0104455165797845
0.0709658918902278 0.067990536056459 0.0628585945814848 0.0553300157189369 0.168739226460457 0.0643580475822091 0.114423186704516 0.142769952863455 0.13253784365952 0.144111428409815 0.142039095982909 0.0981281116604805 0.097258547693491 0.130498397350311 0.0809320757165551 0.0695528026670218 0.0557154674082994 0.0487140476703644 0.0436677994206548 0.0397739547304809 0.039548737090081 0.0588879856280983 0.0534122183918953 0.0398177813738585 0.0418817486613989 0.0286576637066901 0.0244144137948751 0.00535409373696893 0.00287859747186303 0.0110913328826427 0.0239668110385537 0.0322426864877343 0.00423130238195881 0.0610907860100269 0.0966696966439486 0.0721218928694725 0.00626059784553945 0.00361403775168583 0.0293939488939941 0.0262099131941795 0.0262216542847455 0.030797708267346 0.0307701588608325 0.0266607387922704
0.0778877364471555 0.0751416172832251 0.0724009763449431 0.185640981793404 0.192129475623369 0.0736961279064417 0.103905985876918 0.155014529079199 0.226423720270395 0.223290401697159 0.190638957545161 0.150066244229674 0.10293528623879 0.0956414680927992 0.0657875185832381 0.0636529043316841 0.0479098988696933 0.0443115113303065 0.0504577181302011 0.0482111495919526 0.0483501428738236 0.0855477876961231 0.102757039666176 0.208726521767676 0.0156654424034059 3.32951976673712e-06 7.32860446078121e-05 0.00021306537091732 0.000721417351451237 0.00543814861448482 0.173864238709211 0.140197193995118 0.00429176722536795 0.076969113573432 0.102309966832399 0.0938041713088751 0.0039202646468766 0.00761325287166983 0.0879051864147186 0.206636514514685 0.0557959085330367 0.121112139523029 0.0911351691931486 0.072365587670356
0.0723144810646772 0.0680492637678981 0.0537408141419291 0.198994582891464 0.0446682132780552 0.0579134033992887 0.0706968424841762 0.113527517393231 0.141779609397054 0.181134447455406 0.265622998028994 0.24241226837039 0.191288136690855 0.385163509845734 0.129219161346555 0.134612554311752 0.106489707157016 0.0971768416464329 0.0565809905529022 0.0843640301376581 0.115418218448758 0.168342873454094 0.134731396846473 0.0206173143815249 0.0027097761281766 0.0198099220171571 0.0749079927802086 0.282589361816645 0.47014584094286 0.11785689778626 0.317025025933981 0.122371011227369 0.285543565452099 0.0965537544339895 0.121585296094418 0.133820059150457 0.14073110036552 0.158309892192483 0.478254397213459 0.726707756519318 0.262981897592545 0.135715725645423 0.13350141569972 0.0306703589856625
0.079580556973815 0.0615404952317476 0.0564615281298757 0.0626361466944218 0.0713613927364349 0.0257571116089821 0.0772507540881634 0.0381605176255107 0.0938294477760792 0.132185466960073 0.366881945729256 0.341821049153805 0.271491177380085 0.41808015704155 0.577317968010902 0.217439442873001 0.443817123770714 0.260540309548378 0.183322001993656 0.221079216897488 0.115313532203436 0.04997538626194 0.0748901251703501 0.127587114274502 0.0754932690411806 0.019778492860496 0.138050270080566 0.30025343298912 0.465160417556763 0.388877514004707 0.206610989570618 0.031797787733376 0.0784637536853552 0.0536738009192049 0.112255120649934 0.0445149919018149 0.0581452639773488 0.244179823994637 0.233927499502897 0.322325582802296 0.393905377388 0.109030320495367 0.071671443246305 0.221350472420454
0.0852295476943254 0.0233769307844341 0.0319837352260947 0.00215309927880298 0.00259416922926903 0.0012491412286181 0.000794220296666026 0.000301155080160242 0.0133369605522603 0.2330810720101 0.0284334662370384 0.208463038504124 0.439753946661949 0.774246799945831 0.382985129952431 0.0881959468126297 0.204286251962185 0.0468994840979576 0.0878206009045243 0.46959713101387 0.209226156771183 0.0669083397835493 0.260963052511215 0.333477294445038 0.144842522591352 0.0620737973600626 0.0657904593273997 0.409473738074303 0.460384833812714 0.290165293216705 0.131288497895002 0.344425317645073 0.35495373159647 0.179181338101625 0.157403146475554 0.00170431452934281 5.71513553708769e-06 0.0259685099124908 0.0294509620405734 0.0768154755234718 0.155037077516317 0.132061588391662 0.233136075735092 0.286319987475872
0.361276370286942 0.285062104463577 0.214015205204487 0.887044131755829 0.149491439014673 0.320336404442787 0.0438845593482256 0.0755213111639023 0.16772820726037 0.426999333500862 0.120690149068832 0.0873193811625242 0.152636888623238 0.0155250892508775 0.0383216559886932 0.19298233538866 0.383663675189018 0.045557355415076 0.0527074364945292 0.199413968622684 0.239351428300142 0.153461690247059 0.301256242394447 0.415757247805595 0.457606053352356 0.518433785438538 0.208126895129681 0.00924957836978138 0.171894388273358 0.398886509239674 0.364152553677559 0.0146220746450126 0.00896961325779557 0.000762555607070681 0.0342142677865922 0.284730327129364 0.136000049114227 0.0860061433166266 0.310299831628799 0.171823888644576 0.370071214437485 0.206337546557188 0.0276597216725349 1.83093266855394e-05
0.55511140525341 0.159651121497154 0.0646102707833052 0.269824600219727 0.287058549374342 0.228370167315006 0.196458625048399 0.528825525939465 0.461161941289902 0.310317552089691 0.0824113538488746 0.732175961136818 0.633662495017052 0.0854537386447191 0.168321044743061 0.676701331138611 0.466961607336998 0.179259339720011 0.205058687180281 0.529045587778091 0.632348340749741 0.785483938455582 0.986675816774368 0.993323808908463 0.995475417375565 0.992497843503952 0.950322550535202 0.937156879901886 0.955498790740967 0.964456647634506 0.76103732585907 0.624258950352669 0.323447275161743 0.0156043529510498 0.020691602723673 0.262831870093942 0.446560710668564 0.111416931264102 0.32070339769125 0.269882370531559 0.497862586379051 0.187838158011436 0.0901201847940683 0.121510823071003
0.393334101140499 0.371573269367218 0.304927015304565 0.30398338958621 0.388824126124382 0.141095504537225 0.140842731297016 0.279444219172001 0.184478775411844 0.122686687856913 0.206118756532669 0.384214234352112 0.37229206264019 0.381248818337917 0.0772402334958315 0.488244757056236 0.617052221298218 0.549955424666405 0.563705763220787 0.547637820243835 0.833699911832809 0.953614240884781 0.976931124925613 0.986853581666946 0.990562081336975 0.990916645526886 0.990576636791229 0.990345460176468 0.989842540025711 0.906523805856705 0.156626254320145 0.0094548640307039 0.371528701484203 0.119668097794056 0.0997195286676288 0.177680015563965 0.279893869161606 0.262432491779327 0.230162270367146 0.195445823669434 0.162143720686436 0.0104486708994955 0.00690096959006041 0.010540484264493
0.322235272824764 0.170765652880073 0.128671887144446 0.101966894418001 0.0523987572640181 0.0325953175313771 0.0503484575077891 0.106064164638519 0.253151754289865 0.30366435945034 0.276606723666191 0.250481227040291 0.433211874961853 0.804319453239441 0.779957765340805 0.66818910241127 0.677409201860428 0.0545915016904473 0.384076246619225 0.196858204901218 0.0986124910414219 0.755339109897614 0.415913228690624 0.623542964458466 0.978351813554764 0.978990834951401 0.993414717912674 0.761064875125885 0.887598276138306 0.0917978003621101 0.109112140163779 0.064826437830925 0.00545190320117399 0.0347726952284575 0.00178750307532027 0.0808023855090141 0.035115016438067 0.106173371523619 0.00748275138903409 0.00524384519085288 0.000243351344397524 1.34151715656117e-05 1.86060074952366e-05 1.48748383594466e-05
0.35040857642889 0.224336823821068 0.105568179115653 0.0810978543013334 0.0729192255064845 0.0398278215900063 0.132143654301763 0.286769163608551 0.438367019593716 0.37611748278141 0.383258292078972 0.294976490736008 0.289869600534439 0.489581564068794 0.511703273653984 0.562142223119736 0.522156998515129 0.375928984582424 0.372285236418247 0.445009869337082 0.566715434193611 0.610460558533669 0.508415135741234 0.763128447532654 0.332657578587532 0.546856424212456 0.253223611414433 0.166998253762722 0.0198969112476334 0.0130621703341603 0.00134259829937946 0.00699976382311434 0.00282147049438208 0.00179078289074823 0.00110238438646775 0.00343989721732214 0.11598142310977 0.105665269494057 0.00245219856733456 7.99630360006631e-06 3.20463323646436e-06 3.56696302560522e-05 1.16931310571999e-05 1.98329295955091e-06
0.333130545914173 0.322557374835014 0.27495489269495 0.0997956700623035 0.134906005114317 0.200165155529976 0.205304244160652 0.46645582318306 0.154920909181237 0.180872681736946 0.205506801605225 0.227593570947647 0.159538243710995 0.151682139933109 0.257258892059326 0.458174169063568 0.488972452282906 0.413707867264748 0.348428723216057 0.331249278783798 0.254895536601543 0.172584741562605 0.0400109719485044 0.208338046073914 0.237272848188877 0.0995237931609154 0.185999784618616 0.11979721263051 0.0832880444824696 0.0483466818928719 0.105922746658325 0.000316518347972305 0.00115238526195753 0.00294983852654696 0.00132111569982953 0.00365093806758523 0.0184161330573261 0.00295184394344687 0.00116120478487574 0.000336709256225731 4.64837402205376e-06 4.74491323387838e-07 1.40269596613507e-05 4.99747716276033e-07
0.57038576900959 0.261914320290089 0.957117348909378 0.6951027572155 0.107354690134525 0.110141532868147 0.0897057145833969 0.0862544853240252 0.203262442350388 0.55432416498661 0.201671136170626 0.273032030463219 0.156511527299881 0.165043064206839 0.191562499850988 0.217132153362036 0.186804330348969 0.210318464040756 0.16760987713933 0.174830143898726 0.185631790757179 0.157306904345751 0.130478774756193 0.133714210242033 0.18596728220582 0.017493284586817 0.0226257471367717 0.0184283876791596 0.15974575355649 0.124937863647938 0.0101175056304783 0.000117395527013286 0.00310011727269739 0.000274764659116045 0.000637347757583484 0.000142957146454137 9.79964054295124e-06 0.000165635818848386 0.000617018499178812 0.000352800340624526 0.00438532982952893 4.58383736258838e-05 0.000210352299473016 0.000288477303547552
0.519004198908806 0.488762155175209 0.130036154389381 0.320063176751137 0.0406883240677416 0.092217967659235 0.155165801942348 0.203863766044378 0.585548895597458 0.52418133020401 0.462986811995506 0.408469735085964 0.359780631959438 0.333293136954308 0.292033131420612 0.24832060188055 0.177617726475 0.15691357254982 0.200719295442104 0.186265610158443 0.123506961762905 0.182342264801264 0.139261671900749 0.168309223651886 0.142592810839415 0.00438495697453618 0.00533963779453188 0.0103382111527026 0.0118946329224855 0.0134462771937251 0.0153649447485805 0.00493868452031165 0.000265309680253267 4.34931436757324e-05 1.22012895928947e-06 1.51768372688821e-05 0.000197425491205649 4.41869012774987e-06 9.73779253399698e-05 8.13031726920599e-07 1.48340292298599e-06 2.46063803388097e-05 1.37403696044203e-05 5.00991112858173e-05
0.0420850032940507 0.756065529584885 0.292290565371513 0.193924978375435 0.186678028851748 0.114905629679561 0.10399063937366 0.153656052052975 0.19355540573597 0.069892056658864 0.0754751227796078 0.0740330666303635 0.0873004917055368 0.0927344530820847 0.105141782015562 0.11853843703866 0.113418819010258 0.223256175220013 0.218170441687107 0.196348700672388 0.163201609998941 0.208541887998581 0.190020633488894 0.146621014922857 0.189052872359753 0.19631627202034 0.0183447095565498 0.00557544119656086 0.00253506635781378 0.00423422392923385 0.0040872388985008 5.21451573149534e-05 2.49477275247045e-05 4.16814796153631e-06 0.000524810666684061 0.00704441191628575 3.19728932254293e-06 9.79297848857641e-07 1.2746936727126e-05 3.53380202966491e-07 2.43800015198303e-07 6.19710856142319e-07 1.6795487113086e-06 3.22718130973954e-07
