Maxent_result_files_1/Bombus_handlirschianus_3.asc
NCOLS 594 
NROWS 330 
XLLCORNER -15 
YLLCORNER 23 
CELLSIZE 0.166666666666667 
NODATA_value -9999 
[rows 100 to 119 of 330, columns 360 to 404 of 594]
0.000161528074022499 0.000167351220443379 0.000181263128251885 0.000163780233924626 0.000170234046527185 0.000161900698731188 0.000140260441185092 0.000130665401229635 0.000104668421590759 0.045635830052197 0.00400448408909142 0.0042032795259729 0.00337839270941913 0.000225473650061758 0.000503962086804677 0.000361251807044027 0.00260093869292177 0.000131536109256558 0.00162261515215505 0.0044920030515641 0.00238746121758595 0.000125780668531661 0.0014413820244954 0.00174046208558138 0.000119956938397081 0.000580110740702366 0.00133930319570936 0.000122415629812167 0.000116924622307124 0.000112152492692985 0.000469200214138255 0.000353102028020658 0.000285174945020117 0.00199651208822615 0.00167553972714813 0.00128824342100415 0.00141653271566611 0.00190765107981861 0.00329776164726354 0.00229402991535608 0.00145168053859379 0.00121367633255431 0.00160245562219643 0.00263152680636267 0.00205435310563189
0.00204358759801835 0.000163773363237851 0.0001694869959465 0.000167225967015838 0.000155613621427619 0.000152299275941914 0.000142822834277467 0.000119682598779036 0.000325682973198127 0.0115672517800704 0.000105614805579535 0.000122685926726263 0.000139053717248316 0.000140801253292011 0.000141602725489065 0.000140887005363766 0.000194255547830835 0.00818498744629323 0.0101684848312289 0.000847780844196677 0.000426873657852411 0.000131233361389604 0.00013772790771327 0.0001223963467055 0.000569598758011125 0.000126963452930795 0.000123338704906928 0.00170039269723929 0.00155805091781076 0.00403687923098914 0.0083563010324724 0.00134896165982354 0.00203344672627281 0.000575688987737522 0.00134221699263435 0.00148190836771391 0.00313873654813506 0.00208670586871449 0.00513395335292444 0.00232332686719019 0.0035653955914313 0.0152937758713961 0.00142038342310116 0.00204022076213732 0.00226167922664899
0.000146924227010459 0.00185569699096959 0.000729396355745848 0.00168840060650837 0.000145573785266606 0.000144891590389307 0.000133745668244956 0.000117921535093046 0.0171946356073022 0.000419758250063751 0.000113218627848255 0.000123678806812677 0.000130532991352084 0.000134285382227972 0.000142835890801507 0.000456086447229609 0.000482371103134938 0.000131547321325343 0.00014063564267417 0.000323817293246975 0.00039862290432211 0.000141866281956027 0.00189064391306601 0.00169990440190304 0.0017373798036715 0.00147249733272474 0.00144713005865924 0.00166841206373647 0.000613221256207908 0.00304227699525654 0.000281383048422867 0.0057698363205418 0.00127679969300516 0.000118275043678295 0.00119581023463979 0.00134504430461675 0.00124679186264984 0.00112018166255439 0.00142316246929113 0.00180030901392456 0.00214477880217601 0.000520537399279419 0.00059298257692717 0.00121334379218752 0.00380928958766162
0.000179201053833822 0.00015033291256259 0.00167511153558735 0.00212684436119162 0.00013319095960469 0.000616349374467973 0.000112807190635067 0.00495369019918144 0.00545545088825747 0.000112017734863912 0.00012320444911893 0.000311163051082985 0.000354393979068846 0.000298931755969534 0.000361948476347607 0.000855235377093777 0.000115969406760996 0.000122700872816495 0.000482450156414416 0.000141224685285124 0.0016579894348979 0.00256964302388951 0.00215307020116597 0.00537832897389308 0.000114976641089015 0.00143526230531279 0.000854916051321197 0.000115189877578814 0.000591229813289829 0.000113769892413984 0.00139181364211254 0.00451690097106621 0.00119397757953266 0.00126664435665589 0.000502085435437039 0.00108269037737045 8.67185481638444e-05 0.0013957043440314 0.00160217964548792 0.00308406480326084 0.00376501595892478 0.00199960801983252 0.00282427812489914 0.0020939058784279 0.00389361807974638
0.000145462992077228 0.000787823993596248 0.000151752123383631 0.000104562543401698 0.000139919258435839 0.000643597359885462 0.000360725933569483 0.0156804122962058 0.000437132317165379 0.000233957432283205 0.0001070040403647 0.000279544635122875 0.000321096683182986 0.000294511381071061 0.000297647455590777 0.000123708303544845 0.000131497266193037 0.00180555352126248 0.000509989030251745 0.00160862433258444 0.00275820751558058 0.0106190545950085 0.0101658161031082 0.00368629236472771 0.00404142147162929 0.000508614409773145 9.60051464062417e-05 0.00114548562123673 0.00189569167268928 0.00177412118646316 0.00134353015600936 0.00114705819287337 8.70871128881845e-05 0.00143318599075428 0.00135270517203026 0.00258556102053262 0.00440404286491685 0.00191850483461167 0.00210850549410679 0.0024301319688675 0.00117177003121469 0.0013736364126089 0.00206480416090926 0.00238624310732121 0.00378418468171731
0.000172776016916032 0.000164431325902115 0.000158706466390868 0.000149224094639067 0.000135443689759995 0.000396283418376697 0.000120038195382222 0.000115229545008333 0.0018748996371869 0.00411964084487408 0.000389062042813748 0.0076492362190038 0.00265974421636201 0.000124852882800042 0.00012705277367786 0.000137289254234929 0.000131532597333717 0.000129688379456638 0.000128266809406341 0.00168789080635179 0.000118740696780151 0.000118809733066882 0.00182379654725082 0.00011691261533997 0.000127958752455015 0.000110782117917552 0.000111878985808289 0.00142822062771302 0.00111359656730201 0.000522477546473965 0.00119869278423721 9.72018267930252e-05 0.00154373406548984 0.00198519002879038 0.00181222297105705 0.00341971993912011 0.00387689301860519 0.00152741845668061 0.00116962907050038 0.00109349023259711 0.00127664981919224 0.00192656560684554 0.00116390720941126 0.00197414959984599 0.00165556301362813
0.000160078287444776 0.000162292130153219 0.000155710836588696 0.00015166155390034 0.000145324234472355 0.000138048571716354 0.000124709041301685 0.000124573187349597 0.000121849937204388 0.000311744467035169 0.00157469979021698 0.000874458276666701 0.00616561149945483 0.00819272451335564 0.000416711220168509 0.000362105219392106 0.000324767524580238 0.00153067065111827 0.000144608776645327 0.00211012149811722 0.000144599472696427 0.000660919764777645 0.000625869818759384 0.00162297457573004 0.00141856962873135 0.000107703362846223 0.000104336479489575 0.000523877624073066 0.000422680469637271 0.000101530186657328 9.67132730693265e-05 0.00184422862657811 0.00116556407156168 0.00161524008726701 8.76511562637461e-05 0.00132276135846041 0.00111420400207862 0.00121364751175861 7.7548548233608e-05 0.00145740494626807 0.00156471953778237 0.00219022939272691 0.00256834506144514 0.00206578305660514 0.00127204563759733
0.000215545421451679 0.000530306305154227 0.000415438167692628 0.000637779331009369 0.000520449473697226 0.000667617385624908 0.000397526967572048 0.00233285509166308 0.000686561601469293 0.000297371151100378 0.00011333328402543 0.000118476364696107 0.000120799857722886 0.000434161652810872 0.000316074609872885 0.000122561934404075 0.00012623420861928 0.000131639843857556 0.000135798982046254 0.000137114646167902 0.000138003305437451 0.000130351198458811 0.00146212140971329 0.000118085282338143 0.000113472334487597 0.000109287398481683 0.000383579154731706 0.00382087233010679 0.000503386687341845 0.000108273561818351 0.00138692346808966 0.000483311368589057 9.40101373998914e-05 9.77335786956246e-05 9.06110716641706e-05 0.00112304887879873 0.00107110951357754 0.00102088045241544 0.000480100190907251 0.000104936220668606 9.75984874457936e-05 0.000100577627745224 0.000107446110268938 0.000101068814001337 0.000100559440215875
0.0012634712853469 0.000539709404984023 0.000412415379105369 0.000386661434458802 0.00922367284074426 0.000353910552075831 0.000120062946734834 0.000547128089237958 0.00230740726110525 0.000833244272507727 0.000502220801718067 0.000115915528294863 0.000115070888932678 0.000357711118704174 0.000311098548263544 0.000121377799951006 0.000127862549197744 0.0015774220606545 0.000688366846588906 0.00590993480291218 0.000139742412466148 0.00065680999396136 0.00368531973799691 0.000121158560614276 0.000116372370757745 0.000111773107892077 0.000111852701229509 0.000102286292440112 0.000109267049811024 0.00129333389049862 0.000108784833355458 0.00139079716609558 0.000108461640593305 0.000111928552360041 0.000107462666346692 0.000109634911677858 0.000107639863745135 9.7203776385868e-05 9.78878388195881e-05 0.00010102899686899 0.000108453876782733 0.000106554939702619 0.000101518562769343 9.90743299553287e-05 0.000268449482246069
0.00115205128677189 0.0011890166613739 0.000573078455636278 0.000414083398209186 0.000657295490964316 0.000404961935419124 0.000140810148150194 0.000127340378094232 0.00011961951131525 0.000111858025229594 0.000118961613770807 0.00012296056975174 0.000123926040942024 0.000589154881890863 0.000115605833343579 0.000315708880953025 0.000125816545369162 0.000128230803056795 0.000132560079509858 0.000136990905593848 0.00521864743204787 0.00447550998069346 0.000132282793128979 0.000134684467411716 0.000130941904171777 0.000123359037024784 0.000415425782557577 0.000318434921791777 0.00011728041972674 0.000119322557293344 0.000119652292778483 9.29159472434549e-05 0.000102311300179281 0.000102889935260464 0.00010053730384243 0.00150997987366281 2.03188666546339e-05 9.84030057225027e-05 0.00010132722909475 0.00010235831632599 9.99264300844516e-05 0.000101853717023914 0.000359268416650593 0.000355244302772917 8.03403037025419e-05
0.000160923415751313 0.000630491194897331 0.000216674111288739 0.000830344404675998 0.000415160392731195 0.000136908840249816 0.000128458421386313 0.000113469604366401 0.000121847573609557 0.00011257335281698 0.000105513697872084 0.000116668846385437 0.000602684695331845 8.87529088686279e-05 0.00138200401561335 0.000111843700688041 0.000599287218938116 0.000350358639116166 0.000133078020735411 0.000134287774380937 0.000138056727701041 0.000140874594217166 0.000143235570430988 0.00014536519684043 0.000145050639366673 0.000127913697360782 0.000805935251992196 0.000440695548604708 0.000116387337766355 0.000118201497207338 0.000111836855285219 0.000106667331237986 0.000100457261214615 0.000256010029261233 0.000100015794123465 0.000102696698922955 0.000105103158784914 0.00010149654444831 0.00036228955941624 0.000107179000951874 0.000106998810770165 0.000110972501170181 0.000108414571877802 0.00010589710836939 0.000631290671299212
0.000160886473895516 0.000155069523862039 0.000349743608239805 0.000554337099310942 0.000132709146782872 0.000705978283076547 0.000126930881742737 0.000124337903616834 0.000117816533565929 0.000314644639001926 0.000103477569609822 0.000107966933137504 0.000108969447137497 0.000108675994306395 0.000108246017589408 0.000114579013643379 0.00401953126420267 0.00011391173939046 0.000124857412265555 0.00013306308137544 0.00430386766092852 0.000137643364359974 0.000140431772888405 0.000138955972397525 0.000443480191461276 0.000133145520521794 0.00045917884708615 0.000773229950573295 0.000110457114533347 0.000116959847582621 0.000110938300167618 0.000109303204772004 0.000313663239649031 0.000343940690072486 0.000561931190895848 0.000319698141538538 0.000100493904938048 0.000100110578932799 0.000242141947455821 0.000239912055985769 9.76117966274615e-05 9.49563782342011e-05 9.74860304268077e-05 0.000346009460190544 9.03071095308405e-05
0.000157441539522551 0.000153018245691783 0.000145399501161592 0.000143243686943606 0.000137643036396184 0.000129470091451367 0.00012836225614592 0.000122514262693585 0.000117595692063333 0.000368385880574351 0.000557726580882445 9.92246725218138e-05 0.00010513557572267 0.000103826077429403 0.000104007567279041 5.46092632248474e-05 0.000791374064283445 0.000673387831193395 0.000111250220288639 0.000361057127884123 0.000412544136634096 0.000366909080184996 0.000130569975954131 0.000400459396769293 0.000309543900220888 0.000125571841817873 0.000363202915468719 0.000367084948084084 0.000301455389126204 0.000284562758315587 0.000109802418955951 0.000114695491174643 0.000337490328092827 9.43298027777928e-05 0.00729497288120911 0.00374336778186262 9.33359204282169e-05 9.41960581258172e-05 9.54236669713282e-05 0.000103822263190523 0.000103612320890534 0.00011516648100951 0.000107502383252722 0.000306190700212028 0.000108082353835925
0.000149060433432169 0.000151068399645737 0.000149647547914356 0.000136476877196401 0.000139628614851972 0.00373115587281063 0.000861459708539769 0.000864724977873266 0.00364677882753313 0.000632485668756999 0.000747484166640788 0.000317402674409095 0.000243449166373466 9.00359182196553e-05 9.77357913143351e-05 0.000100345822102099 0.000266304882825352 0.000301451157429256 0.000334127381938742 0.000108275864658935 0.00011805531430582 0.000128764626970224 0.000128902473261405 0.000314699044974986 0.000837301439605653 0.000150417334589292 0.000371320237900363 0.000122732348609134 0.000120761888138077 0.00049208195268875 0.000262023970572045 0.000100983891388751 9.75012379058171e-05 0.000289925652759848 0.000522123073460534 0.000587549494230188 0.000414121134963352 0.000101797083880228 9.7441199432069e-05 9.68933247349924e-05 0.000103913613747864 0.000119167725097213 0.000108001448643336 0.000269262165238615 0.000270582178927725
0.000147748978815798 0.000153253411372134 0.000152233508742938 0.000411128962150542 0.00303515364648774 0.00898773262742907 0.000628549672546797 0.000344316726113902 0.000553170489729382 0.000927537068491802 0.00129072377458215 0.000433566053106915 0.00038057807541918 0.000216865600668825 0.000207215360933333 9.06242015844327e-05 0.000312420165573712 0.000698384971474297 0.000324381171958521 0.000393846096994821 0.000433799457096029 0.000118098461825866 0.000120620426969253 0.000116829385660822 0.000374964959337376 0.000406412201118656 0.000359098906483268 0.00065441336191725 0.000111917709728004 0.00039100450812839 0.000389185720996466 0.00037580144853564 0.000306812363123754 0.000594158688909374 0.000569714693119749 0.0164820554666221 0.000243542252792395 9.80522174359066e-05 0.00124557936942438 0.000104258898136322 0.000364480099233333 0.000114775178371929 0.000115454509978008 0.000110030430550978 0.000339271136181196
0.000500704006117303 0.0003648597485153 0.00101793865323998 0.000408868693921249 0.000119259990970022 0.000299114259541966 0.000116000997877563 0.000103073292666522 0.000322437760041794 9.0764897322515e-05 0.000237688365086797 7.94407961620891e-05 7.47225503801019e-05 0.000214793849590933 0.000250384314131225 0.00022055124718463 0.000580004969378933 0.000651421173824929 0.000717856231494807 0.000782430870458484 0.000575696694431826 0.000807907129637897 0.000530013146635611 0.000734872801695019 0.00105053590959869 0.00299143043812364 0.00370616241707467 0.00679722733329982 0.000717940281901974 0.00359099911293015 0.00144718335941434 0.00138180082431063 0.000679254086571746 0.000617934943875298 0.000412671998492442 0.000258711881906493 9.94206144241616e-05 0.000104052877759386 0.000102315285039367 0.000109812630762463 0.000116492826964532 0.000120123949454864 0.00261539133498445 0.000685265073843766 0.000477177728316747
0.000447803661518265 0.000140506613206526 0.000960138317896053 0.000302489231398795 0.000301912856957642 0.000324100777652347 0.000113655407949409 0.000111340962575923 0.000696456735022366 0.000459793001937214 0.000573511925176717 0.000666334171546623 0.000443682543118484 0.000446334974549245 0.000439606831059791 0.000605274521512911 0.000507136996020563 0.000346031281515025 0.000942936941282824 0.00116549460799433 0.000913186784600839 0.000870900091831572 0.000856071797898039 0.00125165514764376 0.00217976983112749 0.0149138324835803 0.000386954138230067 0.0383902747649699 0.00962598482146859 0.0219925228506327 0.00754597615450621 0.000525165777071379 0.000681624279241078 0.000505366179277189 0.000337412240332924 0.000290861717803637 9.49541677982779e-05 9.84051990599255e-05 0.000105186108521593 0.000106286259142507 0.000119315582196577 0.000119335819726984 0.00159552479744889 0.000241975898279634 0.000631837116088718
0.000756866909796372 0.000137651680961426 0.000896603288128972 0.0027369717718102 0.00012831939766329 0.000408037482702639 0.00012112852109567 0.000504788602120243 0.00332779145101085 8.89087936229771e-05 0.000480997172417119 0.000425005824945401 0.000496807141462341 0.00505134649574757 0.000335901483776979 0.000958247587550431 0.000795714536798187 0.000933721364708617 0.00105560825613793 0.00100355964095797 0.0111039667855948 0.00193470911472104 0.00306539368175436 0.00484619148191996 0.00123773468658328 0.000934260612120852 0.000337540841428563 0.000157499848501175 0.0178392208646983 0.000641249882755801 0.000336132849770365 0.000723533876589499 0.00105910286656581 0.000929394477861933 0.0134863876970485 0.00104290901799686 0.00654239948489703 0.000663075834745541 0.000699289437034167 0.0109080385416746 0.000575499288970605 0.000697406497783959 0.000701817666413262 0.000562698222347535 0.000123576810619852
0.000146608885188471 0.000398115245479858 0.000126735464073136 0.000127595738013042 0.00102171837934293 0.000812220206717029 0.000117576283264498 0.000104790672958188 0.000104702012140478 9.45008214330301e-05 0.000372843690274749 0.000269327838032041 0.000487527293444145 0.00030584864289267 0.00718795086722821 0.000715315877459943 0.000510931375902146 0.00053127532301005 0.000665980004123412 0.00936111172195524 0.0100096259731799 0.000365380062430631 0.000770846949308179 0.000825994063052349 0.000605628362973221 0.000675919381319545 0.000655942465527914 0.000535467491135932 0.00281413174234331 0.00066172945080325 0.00635317848064005 0.000955106661422178 0.000766057186410762 0.000895424745976925 0.000792203631135635 0.0011707074358128 0.000824901775922626 0.000864721249672584 0.00102007820969447 0.000903765246039256 0.00108034359291196 0.00089437798014842 0.0190864628413692 0.0170405757147819 0.00169451184337959
0.000148575015373353 0.000144391316462134 0.00104811022174545 0.00156609513214789 0.00121611719368957 0.00121771622216329 0.000114767294689955 0.000337494487030199 0.000103593290259596 8.97980911759078e-05 8.45482831209665e-05 8.13801666481595e-05 0.000294079275045078 0.000175446139473934 6.04009991548082e-05 0.00259962321142666 6.26136090431828e-05 0.000185723742833943 6.67799794427992e-05 0.000441355106886476 0.000189221889013425 7.0588178550679e-05 0.000228642569345538 0.000577023054938763 0.000748840754386038 0.000432937980804127 0.000650998944183812 0.000150496586866211 0.00107351967599243 0.000776314130052924 0.000958509551128373 0.000799657733296044 0.000613527998211794 0.000679004221456125 0.000815460170269944 0.000820522784488276 0.000952220591716468 0.00110702917445451 0.00117329323547892 0.00110677916090935 0.000711897606379353 0.00116612019483 0.00105341025046073 0.00711772922077216 0.00116441778081935
