Maxent_result_files_1/Bombus_rupestris_3.asc
NCOLS 594 
NROWS 330 
XLLCORNER -15 
YLLCORNER 23 
CELLSIZE 0.166666666666667 
NODATA_value -9999 
[rows 40 to 59 of 330, columns 460 to 505 of 594]
-9999 -9999 -9999 -9999 -9999 -9999 -9999 -9999 -9999 -9999 -9999 -9999 -9999 -9999 -9999 -9999 -9999 -9999 -9999 -9999 -9999 -9999 -9999 -9999 -9999 -9999 -9999 -9999 -9999 -9999 -9999 -9999 0.00274416384054348 0.000325804586464073 0.000225934397894889 0.000174490000790684 0.000117587285785703 0.000114004287388525 0.000139891835715389 0.00013496990504791 0.000133986925357021 9.18369492865168e-05 0.000127284325208166 0.000124395330931293 0.000121619745914359 0.000121576740639284
-9999 -9999 -9999 -9999 -9999 -9999 -9999 -9999 -9999 -9999 -9999 -9999 -9999 -9999 -9999 -9999 -9999 -9999 -9999 -9999 -9999 -9999 -9999 -9999 -9999 -9999 -9999 -9999 -9999 -9999 -9999 0.000361517061537597 0.000214213656727225 0.000169798194110626 0.000174138991860673 0.0001545944782265 0.000146170738298679 0.000140878643287579 0.000138217318453826 0.000137247941165697 0.000127764693024801 0.000130176111633773 9.75620387180243e-05 0.000124700072046835 0.000122599048700067 7.19519146514358e-05
-9999 -9999 -9999 -9999 -9999 -9999 -9999 -9999 -9999 -9999 -9999 -9999 -9999 -9999 -9999 -9999 -9999 -9999 -9999 -9999 -9999 -9999 -9999 -9999 -9999 -9999 -9999 -9999 -9999 -9999 0.000379311818687711 0.000208669283892959 0.00017085907238652 0.000167668354697525 0.000161461648531258 0.000156847030302742 0.000140519742126344 0.00011287191628071 0.000137034703220706 9.04391734366072e-05 8.3166950935265e-05 7.82349234214053e-05 7.7837744174758e-05 7.67810743127484e-05 7.45242607081309e-05 9.54785879002884e-05
-9999 -9999 -9999 -9999 -9999 -9999 -9999 -9999 -9999 -9999 -9999 -9999 -9999 -9999 -9999 -9999 -9999 -9999 -9999 -9999 -9999 -9999 -9999 -9999 -9999 -9999 -9999 -9999 -9999 -9999 -9999 -9999 -9999 -9999 0.000818780105328187 0.00015426918544108 0.000141252211324172 0.000136094785557361 8.74937231856165e-05 9.51951642491622e-05 0.000102781944224262 8.20493267383426e-05 9.98917119432008e-05 8.46949078550097e-05 7.45520035707159e-05 7.34386008844012e-05
-9999 -9999 -9999 -9999 -9999 -9999 -9999 -9999 -9999 -9999 -9999 -9999 -9999 -9999 -9999 -9999 -9999 -9999 -9999 -9999 -9999 -9999 -9999 -9999 -9999 -9999 -9999 -9999 -9999 -9999 -9999 -9999 -9999 -9999 0.000202989800891373 0.000142831089760875 9.31836621020921e-05 8.77350415976252e-05 0.00013497292457032 0.000130326802900527 0.000130945814817096 0.000129437184295966 7.72607803810388e-05 7.66987017414067e-05 7.69413756643189e-05 7.54794658860192e-05
-9999 -9999 -9999 -9999 -9999 -9999 -9999 -9999 -9999 -9999 -9999 -9999 -9999 -9999 -9999 -9999 -9999 -9999 -9999 -9999 -9999 -9999 -9999 -9999 -9999 -9999 -9999 -9999 -9999 -9999 -9999 -9999 -9999 -9999 0.000180182061012601 0.000145958970097126 0.000128383060655324 0.000137264055229025 0.000138569834234659 0.000145459828490857 0.000132214743643999 0.000131365314882714 7.8342562483158e-05 0.000110225697426358 7.59589031076757e-05 7.49506663851207e-05
-9999 -9999 -9999 -9999 -9999 -9999 -9999 -9999 -9999 -9999 -9999 -9999 -9999 -9999 -9999 -9999 -9999 -9999 -9999 -9999 -9999 -9999 -9999 -9999 -9999 -9999 -9999 -9999 -9999 -9999 -9999 -9999 -9999 0.000233405605104053 0.000143007648875937 0.000144910807284759 0.000140913743234705 0.000136798622406786 0.000137835737405112 0.00010941725995508 8.40950968267862e-05 0.000133257247216534 0.00013151056082279 0.000129672768525779 7.67237910622498e-05 7.50236285966821e-05
-9999 -9999 -9999 -9999 -9999 -9999 -9999 -9999 -9999 -9999 -9999 -9999 -9999 -9999 -9999 -9999 -9999 -9999 -9999 -9999 -9999 -9999 -9999 -9999 -9999 -9999 -9999 -9999 -9999 -9999 -9999 -9999 -9999 -9999 0.000206008002714952 0.000138318920653546 9.20287031476619e-05 8.94957138370955e-05 9.12390765734017e-05 0.000139289136131993 0.000141590092971455 0.000107933856270392 8.91460495040519e-05 8.86070727574406e-05 7.87007273174822e-05 7.78205419919686e-05
-9999 -9999 -9999 -9999 -9999 -9999 -9999 -9999 -9999 -9999 -9999 -9999 -9999 -9999 -9999 -9999 -9999 -9999 -9999 -9999 -9999 -9999 -9999 -9999 -9999 -9999 -9999 -9999 -9999 -9999 -9999 0.00166576801566407 0.000245616583561059 0.000165859951812308 0.000123001559404656 9.73935584624996e-05 9.64002356340643e-05 0.000121927910367958 0.000166846988577163 0.000147379614645615 8.86880407051649e-05 8.71892203576863e-05 0.00010662579734344 8.2381895481376e-05 7.73354771808954e-05 7.78361529228278e-05
0.00612031598575413 -9999 -9999 -9999 -9999 -9999 -9999 -9999 -9999 -9999 -9999 -9999 -9999 -9999 -9999 -9999 -9999 -9999 -9999 -9999 -9999 -9999 -9999 -9999 -9999 -9999 -9999 -9999 -9999 -9999 -9999 0.000656385839101858 0.000197405768267345 0.000169668946182355 0.000167892675381154 0.000144017030106625 0.000116189073378337 9.71167952229734e-05 9.63316560955718e-05 9.25599117181264e-05 9.2184961977182e-05 0.000150705181295052 0.000140837494109292 0.000137375181293464 0.000138985345256515 0.000131084216263844
0.000559740280732513 0.000567996464087628 0.000587542130961083 0.0006378954538377 0.000535466789733619 0.000806266386643983 0.000600289940484799 0.000900699093472213 0.000921505322912708 0.00104015287361108 0.00108178905793466 0.00240596529329196 0.00618737386539578 -9999 -9999 -9999 -9999 -9999 -9999 -9999 -9999 -9999 -9999 -9999 -9999 -9999 -9999 -9999 -9999 -9999 -9999 -9999 -9999 0.00344850516412407 -9999 -9999 0.000232249141845386 0.00015632621361874 0.000150263685645768 0.000149171312659746 8.81357678736094e-05 0.000103216772185988 0.000131884397342219 0.000145277319097659 0.000149205206980696 0.000138299525133334
0.000544989813352004 0.000694588679471053 0.000751216965727508 0.000924234691774473 0.000581732753198594 0.000541888808947988 0.000570387314655818 0.000978163396939635 0.000601926477975212 0.00104853962548077 0.00108771228697151 0.000699880687170662 0.000574231444625184 0.000546520360512659 0.000519954400078859 0.000899475908954628 0.00108054292504676 -9999 -9999 -9999 -9999 -9999 -9999 -9999 -9999 -9999 -9999 -9999 -9999 -9999 -9999 -9999 0.00123938368051313 0.000875038228696212 -9999 -9999 -9999 -9999 -9999 0.000148671285569435 0.0001032723364915 9.16049859370105e-05 9.63032929576002e-05 0.000146953430521535 0.000156718629295938 0.00014948914249544
0.000487761115073226 0.000528259298880585 0.000559156129020266 0.000627893069759011 0.000619451605598442 0.000825223588617519 0.000689360679825768 0.000636397197376937 0.000588674048776738 0.000631406437605619 0.000578130199573934 0.000606615064316429 0.000532891268085223 0.000486850751622114 0.000458894339681137 0.000442776514682919 0.000427959651278798 0.000679944423609413 0.00211015762761235 0.00188533171312883 0.00581479244865477 -9999 -9999 -9999 -9999 -9999 -9999 -9999 -9999 -9999 -9999 -9999 -9999 -9999 -9999 -9999 -9999 -9999 -9999 0.000166817758872639 0.000148466716927942 9.22411138162715e-05 9.28563389607007e-05 0.000113675176908146 0.00013510824610421 0.000141176782926777
0.00055354950891342 0.00101080513268244 0.000546628813026473 0.000547183770686388 0.000613055733265355 0.000675073775346391 0.000698833612841554 0.00115282033220865 0.000682283262722194 0.000614434052840807 0.00055969329259824 0.000513593784125987 0.000472618345520459 0.000458948391315062 0.000457274528162088 0.000440842170792166 0.00103188123321161 0.00272721789078787 0.000723016035044566 0.000686669824062847 0.000443752415594645 0.00071777127450332 0.000689880576101132 0.000605919215013273 0.00116430971538648 -9999 -9999 -9999 -9999 -9999 -9999 -9999 -9999 -9999 -9999 -9999 -9999 -9999 -9999 -9999 0.000240247136389371 0.00015048708228278 0.000151929508137982 0.00015196111635305 0.000141356243329938 8.41252931422787e-05
0.00043283309933031 0.000474279104673769 0.000501060741953552 0.000512945505033713 0.000571227926411666 0.000619726529112086 0.000653155925101601 0.000591267566778697 0.000589513758313842 0.000611215221579187 0.000617023682571016 0.000588057897402905 0.0005393842846388 0.000510156425298192 0.000490373095090035 0.000490943944896571 0.000760897449799813 0.000581363889796194 0.000494586292188615 0.000500443771306891 0.000516235096438322 0.000474923294677865 0.000412535354553256 0.000427664122253191 0.000339653459377587 0.000492247584043071 0.000442253319488373 0.000401977295405231 0.00056276522227563 -9999 -9999 -9999 -9999 -9999 -9999 -9999 -9999 -9999 -9999 -9999 -9999 -9999 0.000501486868597567 -9999 0.000154310899233678 0.00014363513328135
0.000353546207770705 0.00040057568839984 0.000437054393114522 0.00044924650574103 0.000495978856633883 0.000523658512975089 0.000521267093427014 0.000506426054926123 0.000560960688744672 0.000586716044927016 0.000582820878480561 0.000563295993197244 0.000560056646645535 0.000578005396528169 0.000569138249557 0.000593504757853225 0.000604982540244237 0.000597799016395584 0.000571396858140361 0.000542171727283858 0.00055035965051502 0.000490127541706897 0.00040244815609185 0.000472862199239898 0.000468845303112175 0.000334424890752416 0.000378162687411532 0.000265538294479484 0.00025700062251417 0.000223419639223721 0.000329861650243402 0.000267748835904058 0.000540440564509481 -9999 -9999 -9999 -9999 -9999 -9999 -9999 -9999 -9999 -9999 -9999 0.00020798752666451 0.000141832527515362
0.00036410829925444 0.000384207634488121 0.000414565976825543 0.000441821941058151 0.000455934999627061 0.000423117258469574 0.000430544852861203 0.000499423818837386 0.000552673802303616 0.000601663871202618 0.000602710826206021 0.000624173681717366 0.000610213499749079 0.000585245875117835 0.000577431000419892 0.000584066723240539 0.000569989312498365 0.000553588834009133 0.000532692208071239 0.000526212148542982 0.000565639616979752 0.000595025479560718 0.000445823311747517 0.000380350621708203 0.000384657675749622 0.000326743801997509 0.000516471186710987 0.000508400531543884 0.000286788507946767 0.000243994320044294 0.000227116965106688 0.000196140025946079 0.000243461415084312 0.000263175078725908 0.000326344268978573 -9999 -9999 -9999 -9999 -9999 -9999 -9999 -9999 0.000419170189707074 0.000151129083678825 0.000143663173366804
0.000367213088611607 0.000384726053744089 0.000381989903689828 0.000402400693565141 0.000417333847144619 0.00041696798580233 0.000438962744374294 0.00046568837860832 0.000510607149044517 0.000568195273808669 0.000597589896642603 0.000633805894176476 0.000613188231363893 0.000587887762230821 0.000573097723827232 0.000544934059143998 0.000523914356017485 0.000496840168489143 0.000488445012888406 0.000493909472425003 0.000651584044680931 0.000521084519277792 0.000485244825540576 0.00042704247898655 0.000383422631421126 0.000403366521641146 0.000321769341826439 0.000389317116059829 0.000421173784707207 0.000586642694543116 0.000308064518321771 0.000264707168389577 0.000233172367006773 0.000203502644581022 0.000174826052534627 0.000203089330170769 0.000224457416334189 0.000705927738454193 -9999 -9999 -9999 -9999 0.000232966246403521 0.000100838508660672 0.000124643555682269 0.000152515893569216
0.000410669317352586 0.000408501597121358 0.000421367240778636 0.000422136679117102 0.000412723430781625 0.000401125007192604 0.000429085917130578 0.000468690524576232 0.000544312271813396 0.000581774253805634 0.000590554450172931 0.00057440543314442 0.00053224084113026 0.000514533319801558 0.000499052774102893 0.0004772792904987 0.000468895764788613 0.000450927585188765 0.000442803745681886 0.00044809224200435 0.000465969266952015 0.000468004019057844 0.000600797249353491 0.000480028461606707 0.000525140603713226 0.00142893602605909 0.00157021303311922 0.00102212989877444 0.000988264428451657 0.000872625689953566 0.000627225331845693 0.00042299481574446 0.000299436398199759 0.000227383886522148 0.000203204444551375 0.000172339681739686 0.000144919610465877 0.000117560462240363 0.00017170663777506 -9999 -9999 0.000223319218639517 0.000153939590745722 9.88771793345222e-05 0.000151129211735679 0.000117967174446676
0.000878240348538384 0.000610261209658347 0.000476406099915039 0.000446902963449247 0.000431641130126081 0.000422126425837632 0.000432338679092936 0.0004762754731928 0.000538789028360043 0.000555026192159858 0.0005319124655216 0.000509614190377761 0.000782128193532117 0.000494219626125414 0.000475771116907708 0.000459254224551842 0.000447220631758682 0.000419089112256188 0.000389094841375481 0.000393814903509337 0.000419951799267437 0.000426389410858974 0.000558330601779744 0.000685814852477051 0.00113288172287866 0.00149878848460503 0.00130318679148331 0.00200696542160586 0.000921973280492239 0.000889870279934257 0.000509230009629391 0.000265916003263555 0.000206096249894472 0.000168829518952407 0.000159540548338555 0.000148790999810444 0.000132970157574164 0.000111411373654846 0.000135371778014814 0.000112372123476234 0.00010970998009725 0.000106775105450652 0.000302508298773319 0.000129175625625066 0.000155914379502065 0.000114768669300247
