Maxent_result_files_1/Bombus_brodmannicus_3.asc
NCOLS 594 
NROWS 330 
XLLCORNER -15 
YLLCORNER 23 
CELLSIZE 0.166666666666667 
NODATA_value -9999 
[rows 300 to 319 of 330, columns 88 to 131 of 594]
1.52100554373646e-15 9.2148511043888e-16 8.88178419700125e-16 5.6621374255883e-16 1.0547118733939e-15 1.23234755733392e-15 1.27675647831893e-15 1.46549439250521e-15 1.80966353013901e-15 5.10702591327572e-15 1.49391610193561e-13 4.48086012738713e-14 2.34452457448242e-12 2.21601625938206e-12 3.95239396766556e-15 1.15463194561016e-15 1.69864122767649e-15 1.11022302462516e-17 2.22044604925031e-17 6.10622663543836e-16 1.25455201782643e-15 6.10622663543836e-16 2.22044604925031e-17 5.25135490647699e-15 2.05058192648266e-14 9.63673585374636e-15 4.52970994047064e-15 4.10782519111308e-15 3.88578058618805e-15 6.59472476627343e-15 9.5812247025151e-15 1.36002320516582e-14 1.23900889548167e-14 1.15130127653629e-14 7.63833440942108e-15 6.96109836439973e-15 4.84057238736568e-15 4.01900734914307e-15 4.87387907810444e-15 3.1863400806742e-15 3.47499806707674e-15 2.98649993624167e-15 3.73034936274053e-15 3.81916720471054e-15
3.99680288865056e-16 6.99440505513849e-16 7.21644966006352e-16 7.21644966006352e-16 8.21565038222616e-16 8.21565038222616e-16 7.43849426498855e-16 1.45439216225896e-15 3.36397576461422e-15 4.75541828137693e-13 3.27515792264421e-15 8.43769498715119e-15 1.53765888910584e-14 5.66591218387202e-13 1.11022302462516e-15 8.32667268468867e-16 1.0547118733939e-15 1.17683640610267e-15 1.15463194561016e-15 9.65894031423886e-16 8.65973959207622e-16 1.55431223447522e-15 3.1863400806742e-15 2.67563748934663e-15 4.9515946898282e-15 3.51940698806175e-15 3.04201108747293e-15 3.08642000845794e-15 3.56381590904675e-15 4.05231403988182e-15 6.09512440519211e-15 8.32667268468867e-15 1.15796261468404e-14 9.51461132103759e-15 5.41788836017076e-15 5.86197757002083e-15 4.09672296086683e-15 4.82947015711943e-15 5.54001289287953e-15 3.5527136788005e-15 3.36397576461422e-15 2.85327317328665e-15 3.43058914609173e-15 3.81916720471054e-15
2.77555756156289e-16 3.99680288865056e-16 4.9960036108132e-16 4.55191440096314e-16 5.21804821573824e-16 6.32827124036339e-16 6.66133814775094e-16 8.77076189453874e-16 1.36557432028894e-15 1.98729921407903e-15 2.63122856836162e-15 6.83897383169096e-15 7.19424519957101e-15 1.38777878078145e-15 8.21565038222616e-16 6.77236045021345e-16 7.43849426498855e-16 9.76996261670138e-16 1.14352971536391e-15 7.7715611723761e-16 6.43929354282591e-16 8.77076189453874e-16 1.0769163338864e-15 1.33226762955019e-15 1.93178806284777e-15 2.16493489801906e-15 2.40918396343659e-15 2.83106871279415e-15 3.46389583683049e-15 3.84137166520304e-15 3.93018950717305e-15 4.80726569662693e-15 7.21644966006352e-15 7.54951656745106e-15 6.97220059464598e-15 6.42819131257966e-15 5.32907051820075e-15 4.41868763800812e-15 4.2854608750531e-15 3.530509218308e-15 3.10862446895044e-15 2.75335310107039e-15 3.03090885722668e-15 3.1641356201817e-15
1.55431223447522e-16 2.22044604925031e-16 2.66453525910038e-16 2.66453525910038e-16 2.66453525910038e-16 2.99760216648792e-16 4.32986979603811e-16 7.105427357601e-16 7.54951656745106e-16 1.54321000422897e-15 1.66533453693773e-15 1.67643676718399e-15 1.21014309684142e-15 8.10462807976364e-16 5.44009282066327e-16 5.77315972805081e-16 3.66373598126302e-16 6.32827124036339e-16 6.43929354282591e-16 3.88578058618805e-16 4.88498130835069e-16 6.66133814775094e-16 6.43929354282591e-16 6.88338275267597e-16 1.4432899320127e-15 1.7430501486615e-15 2.12052597703405e-15 2.59792187762287e-15 3.47499806707674e-15 3.94129173741931e-15 4.32986979603811e-15 4.01900734914307e-15 4.20774526332934e-15 7.28306304154103e-15 7.00550728538474e-15 7.78266340262235e-15 4.81836792687318e-15 4.07451850037432e-15 4.57411886145565e-15 3.37507799486048e-15 2.66453525910038e-15 2.69784194983913e-15 3.43058914609173e-15 2.56461518688411e-15
7.7715611723761e-17 1.33226762955019e-16 1.66533453693773e-16 1.99840144432528e-16 1.88737914186277e-16 2.1094237467878e-16 2.99760216648792e-16 4.32986979603811e-16 4.9960036108132e-16 6.55031584528842e-16 8.77076189453874e-16 8.43769498715119e-16 7.105427357601e-16 3.99680288865056e-16 2.99760216648792e-16 2.44249065417534e-16 1.66533453693773e-16 1.77635683940025e-16 2.66453525910038e-16 3.44169137633799e-16 4.66293670342566e-16 5.88418203051333e-16 6.88338275267597e-16 3.10862446895044e-16 6.32827124036339e-16 1.31006316905768e-15 1.66533453693773e-15 2.58681964737661e-15 3.64153152077051e-15 4.35207425653061e-15 4.70734562441066e-15 4.6296300126869e-15 4.22994972382185e-15 3.67483821150927e-15 3.530509218308e-15 3.33066907387547e-15 3.21964677141295e-15 3.36397576461422e-15 3.51940698806175e-15 2.53130849614536e-15 3.14193115968919e-15 3.73034936274053e-15 2.91988655476416e-15 2.1316282072803e-15
3.33066907387547e-17 7.7715611723761e-17 1.4432899320127e-16 1.66533453693773e-16 1.55431223447522e-16 1.77635683940025e-16 1.77635683940025e-16 1.99840144432528e-16 2.88657986402541e-16 5.6621374255883e-16 6.77236045021345e-16 5.44009282066327e-16 3.77475828372553e-16 2.88657986402541e-16 2.1094237467878e-16 1.66533453693773e-16 1.88737914186277e-16 2.33146835171283e-16 2.33146835171283e-16 2.99760216648792e-16 3.44169137633799e-16 2.66453525910038e-16 2.77555756156289e-16 3.44169137633799e-16 5.32907051820075e-16 1.0325074129014e-15 1.40998324127395e-15 2.12052597703405e-15 2.98649993624167e-15 3.574918139293e-15 4.42978986825437e-15 4.82947015711943e-15 4.01900734914307e-15 3.49720252756924e-15 3.13082892944294e-15 3.00870439673417e-15 2.78665979180914e-15 3.9190872769268e-15 2.56461518688411e-15 2.33146835171283e-15 4.16333634234434e-15 4.6074255521944e-15 2.63122856836162e-15 3.65263375101676e-15
3.33066907387547e-17 3.33066907387547e-17 9.99200722162641e-17 1.22124532708767e-16 1.22124532708767e-16 1.33226762955019e-16 1.66533453693773e-16 1.11022302462516e-16 1.55431223447522e-16 3.5527136788005e-16 3.66373598126302e-16 3.21964677141295e-16 2.66453525910038e-16 1.11022302462516e-16 2.22044604925031e-16 2.22044604925031e-16 1.4432899320127e-16 1.4432899320127e-16 1.88737914186277e-16 1.66533453693773e-16 1.66533453693773e-16 1.77635683940025e-16 2.22044604925031e-16 3.33066907387547e-16 5.99520433297585e-16 7.32747196252603e-16 1.25455201782643e-15 1.79856129989275e-15 2.69784194983913e-15 2.77555756156289e-15 3.38618022510673e-15 2.96429547574917e-15 3.51940698806175e-15 3.21964677141295e-15 4.9960036108132e-16 2.97539770599542e-15 2.97539770599542e-15 5.51780843238703e-15 1.67643676718399e-15 2.30926389122033e-15 3.43058914609173e-15 3.74145159298678e-15 3.37507799486048e-15 3.34177130412172e-15
3.33066907387547e-17 2.22044604925031e-17 3.33066907387547e-17 5.55111512312578e-17 6.66133814775094e-17 6.66133814775094e-17 8.88178419700125e-17 9.99200722162641e-17 1.22124532708767e-16 1.66533453693773e-16 2.33146835171283e-16 2.88657986402541e-16 1.88737914186277e-16 7.7715611723761e-17 7.7715611723761e-17 8.88178419700125e-17 8.88178419700125e-17 9.99200722162641e-17 8.88178419700125e-17 9.99200722162641e-17 9.99200722162641e-17 1.55431223447522e-16 1.55431223447522e-16 2.1094237467878e-16 4.44089209850063e-16 4.55191440096314e-16 6.32827124036339e-16 1.06581410364015e-15 1.19904086659517e-15 1.28785870856518e-15 1.92068583260152e-15 2.80886425230165e-15 4.88498130835069e-16 4.42978986825437e-15 2.78665979180914e-15 4.35207425653061e-15 1.34114941374719e-14 2.07722727907367e-14 4.00790511889682e-15 1.70974345792274e-15 2.66453525910038e-15 3.79696274421804e-15 5.57331958361829e-15 3.29736238313671e-15
4.44089209850063e-17 3.33066907387547e-17 2.22044604925031e-17 2.22044604925031e-17 2.22044604925031e-17 3.33066907387547e-17 6.66133814775094e-17 5.55111512312578e-17 5.55111512312578e-17 5.55111512312578e-17 5.55111512312578e-17 7.7715611723761e-17 6.66133814775094e-17 6.66133814775094e-17 5.55111512312578e-17 6.66133814775094e-17 6.66133814775094e-17 6.66133814775094e-17 7.7715611723761e-17 7.7715611723761e-17 9.99200722162641e-17 1.66533453693773e-16 1.4432899320127e-16 1.77635683940025e-16 2.77555756156289e-16 2.55351295663786e-16 3.10862446895044e-16 4.32986979603811e-16 6.32827124036339e-16 6.43929354282591e-16 2.67563748934663e-15 6.92779167366098e-15 7.18314296932476e-15 4.18554080283684e-15 7.39408534400354e-15 1.86628490439489e-14 5.91415805217821e-14 3.36397576461422e-14 5.05151476204446e-15 2.66453525910038e-15 1.67643676718399e-15 2.76445533131664e-15 5.67323965583455e-15 3.34177130412172e-15
5.55111512312578e-17 5.55111512312578e-17 3.33066907387547e-17 5.55111512312578e-17 3.33066907387547e-17 2.22044604925031e-17 4.44089209850063e-17 4.44089209850063e-17 2.22044604925031e-17 2.22044604925031e-17 4.44089209850063e-17 4.44089209850063e-17 5.55111512312578e-17 5.55111512312578e-17 5.55111512312578e-17 5.55111512312578e-17 6.66133814775094e-17 7.7715611723761e-17 7.7715611723761e-17 8.88178419700125e-17 1.11022302462516e-16 1.11022302462516e-16 1.11022302462516e-16 5.21804821573824e-16 2.44249065417534e-16 2.22044604925031e-16 2.44249065417534e-16 3.77475828372553e-16 4.44089209850063e-16 5.6621374255883e-16 1.89848137210902e-15 4.59632332194815e-15 4.79616346638068e-15 3.85247389544929e-15 1.12687636999453e-14 5.00821606408408e-14 6.50590692430342e-14 2.1138646388863e-14 7.46069872548105e-15 2.68673971959288e-15 3.54161144855425e-15 1.08801856413265e-15 2.50910403565285e-15 2.63122856836162e-15
5.55111512312578e-17 5.55111512312578e-17 5.55111512312578e-17 7.7715611723761e-17 8.88178419700125e-17 5.55111512312578e-17 4.44089209850063e-17 5.55111512312578e-17 4.44089209850063e-17 4.44089209850063e-17 4.44089209850063e-17 4.44089209850063e-17 4.44089209850063e-17 4.44089209850063e-17 6.66133814775094e-17 5.55111512312578e-17 6.66133814775094e-17 8.88178419700125e-17 7.7715611723761e-17 1.33226762955019e-16 1.55431223447522e-16 1.4432899320127e-16 1.33226762955019e-16 5.21804821573824e-16 4.44089209850063e-16 2.55351295663786e-16 2.88657986402541e-16 3.66373598126302e-16 4.66293670342566e-16 8.65973959207622e-16 1.64313007644523e-15 6.16173778666962e-15 3.11972669919669e-15 3.38618022510673e-15 8.03801469828613e-15 4.29323243622548e-14 8.57536264220471e-14 1.51945123150199e-13 6.22391027604863e-14 6.10622663543836e-15 9.61453139325386e-15 4.76285677564192e-15 2.08721928629529e-15 2.06501482580279e-15
7.7715611723761e-17 7.7715611723761e-17 9.99200722162641e-17 1.11022302462516e-16 1.4432899320127e-16 8.88178419700125e-17 7.7715611723761e-17 6.66133814775094e-17 5.55111512312578e-17 5.55111512312578e-17 4.44089209850063e-17 4.44089209850063e-17 4.44089209850063e-17 5.55111512312578e-17 1.33226762955019e-16 1.33226762955019e-16 1.11022302462516e-16 9.99200722162641e-17 9.99200722162641e-17 1.66533453693773e-16 2.1094237467878e-16 1.4432899320127e-16 1.33226762955019e-16 7.54951656745106e-16 8.77076189453874e-16 2.44249065417534e-16 3.10862446895044e-16 6.66133814775094e-16 2.20934381900406e-15 1.21014309684142e-14 2.3081536681957e-14 1.58761892521397e-15 3.5527136788005e-15 3.95239396766556e-15 1.0369483049999e-14 2.53352894219461e-14 3.75033337718378e-14 5.19695397827036e-14 6.3860028376439e-14 8.7163609663321e-14 2.01172412062078e-14 1.99285032920216e-14 1.54876111935209e-14 1.83963955180388e-14
8.88178419700125e-17 8.88178419700125e-17 1.11022302462516e-16 1.4432899320127e-16 1.4432899320127e-16 1.33226762955019e-16 9.99200722162641e-17 6.66133814775094e-17 5.55111512312578e-17 4.44089209850063e-17 5.55111512312578e-17 4.44089209850063e-17 4.44089209850063e-17 7.7715611723761e-17 1.66533453693773e-16 1.77635683940025e-16 2.66453525910038e-16 1.77635683940025e-16 1.4432899320127e-16 1.66533453693773e-16 1.88737914186277e-16 1.55431223447522e-16 2.22044604925031e-16 7.32747196252603e-16 4.54081217071689e-15 5.44009282066327e-16 5.88418203051333e-16 4.08562073062058e-15 5.61772850460329e-15 8.12683254025615e-15 1.72062364356407e-13 1.95399252334028e-14 5.77315972805081e-15 5.42899059041702e-15 1.63979940737136e-14 4.81392703477468e-14 3.91797705390218e-14 4.89053242347381e-14 5.49560397189452e-14 6.24611473654113e-14 3.62376795237651e-14 7.31081861715666e-14 5.8697491311932e-14 5.61106716645554e-14
7.7715611723761e-17 8.88178419700125e-17 9.99200722162641e-17 1.22124532708767e-16 1.33226762955019e-16 9.99200722162641e-17 6.66133814775094e-17 6.66133814775094e-17 5.55111512312578e-17 4.44089209850063e-17 4.44089209850063e-17 5.55111512312578e-17 6.66133814775094e-17 8.88178419700125e-17 1.33226762955019e-16 1.99840144432528e-16 2.33146835171283e-16 2.99760216648792e-16 2.22044604925031e-16 2.33146835171283e-16 2.1094237467878e-16 3.99680288865056e-16 5.6621374255883e-16 7.21644966006352e-16 4.04121180963557e-15 1.80966353013901e-15 1.77635683940025e-15 7.22755189030977e-15 1.41553435639707e-14 2.30926389122033e-15 4.95647967113655e-13 1.4432899320127e-16 1.6198153929281e-14 9.88098491916389e-16 1.99174010617753e-14 5.16031661845773e-14 6.51589893152504e-14 3.51940698806175e-14 5.09925435210334e-14 4.63962201990853e-14 5.62661028880029e-14 4.65294469620403e-14 1.19826371047793e-13 8.04578625945851e-14
7.7715611723761e-17 7.7715611723761e-17 7.7715611723761e-17 9.99200722162641e-17 1.11022302462516e-16 9.99200722162641e-17 6.66133814775094e-17 4.44089209850063e-17 4.44089209850063e-17 4.44089209850063e-17 4.44089209850063e-17 4.44089209850063e-17 5.55111512312578e-17 6.66133814775094e-17 8.88178419700125e-17 1.66533453693773e-16 2.22044604925031e-16 2.33146835171283e-16 2.33146835171283e-16 2.66453525910038e-16 2.66453525910038e-16 5.6621374255883e-16 5.77315972805081e-16 4.66293670342566e-16 2.58681964737661e-15 8.93729534823251e-15 1.13020703906841e-14 2.02393657389166e-14 2.2948309919002e-14 1.73676628634212e-12 1.37034827929483e-13 3.28848059893971e-14 2.91322521661641e-14 2.2903900998017e-14 2.05613304160579e-14 5.88196158446408e-14 1.01563202292709e-13 8.21565038222616e-14 7.7715611723761e-16 4.84723372551343e-14 7.20423720679264e-14 1.17095222407215e-13 1.5324408408901e-13 1.2649881142579e-13
6.66133814775094e-17 6.66133814775094e-17 6.66133814775094e-17 9.99200722162641e-17 1.11022302462516e-16 1.55431223447522e-16 7.7715611723761e-17 1.22124532708767e-16 1.22124532708767e-16 5.55111512312578e-17 6.66133814775094e-17 5.55111512312578e-17 4.44089209850063e-17 5.55111512312578e-17 7.7715611723761e-17 1.55431223447522e-16 1.55431223447522e-16 2.44249065417534e-16 1.99840144432528e-16 2.33146835171283e-16 3.10862446895044e-16 1.02140518265514e-15 8.54871728961371e-16 8.21565038222616e-16 2.87547763377916e-15 1.5887291482386e-14 2.64011035255862e-14 2.78999046088302e-14 1.25577326315351e-13 1.35336186701807e-13 4.30544488949636e-14 2.75779399316889e-14 2.74114064779951e-14 4.36428670980149e-14 2.88102874890228e-14 2.70117261891301e-14 1.87405646556726e-14 8.7030382900366e-14 3.61710661422876e-14 7.17204073907851e-14 1.10411679798972e-13 1.44184664208069e-13 1.62481139653892e-13 2.3795410086791e-13
6.66133814775094e-17 7.7715611723761e-17 8.88178419700125e-17 1.33226762955019e-16 1.55431223447522e-16 1.4432899320127e-16 1.33226762955019e-16 1.88737914186277e-16 1.77635683940025e-16 8.88178419700125e-17 6.66133814775094e-17 8.88178419700125e-17 7.7715611723761e-17 5.55111512312578e-17 6.66133814775094e-17 2.22044604925031e-16 1.11022302462516e-16 2.33146835171283e-16 1.88737914186277e-16 3.33066907387547e-16 4.10782519111308e-16 7.21644966006352e-16 1.4432899320127e-16 1.08801856413265e-15 3.01980662698043e-15 1.2267964422108e-14 2.93987056920741e-14 5.22581977691061e-14 8.08797473439427e-14 4.31432667369336e-14 2.80553358322777e-14 2.46913600676635e-14 3.37951888695898e-14 5.349054532644e-14 4.38760139331862e-14 1.68198788230711e-14 2.55351295663786e-16 3.66373598126302e-16 4.77395900588817e-16 6.46704911844154e-14 9.33142452197444e-14 1.31894495325469e-13 1.52966528332854e-13 2.29494201420266e-13
7.7715611723761e-17 7.7715611723761e-17 8.88178419700125e-17 1.4432899320127e-16 1.55431223447522e-16 1.33226762955019e-16 1.22124532708767e-16 1.11022302462516e-16 9.99200722162641e-17 6.66133814775094e-17 6.66133814775094e-17 1.11022302462516e-16 8.88178419700125e-17 5.55111512312578e-17 7.7715611723761e-17 8.88178419700125e-17 1.55431223447522e-16 2.22044604925031e-16 2.33146835171283e-16 1.11022302462516e-17 4.9960036108132e-16 5.99520433297585e-16 8.99280649946377e-16 1.18793863634892e-15 1.54321000422897e-15 1.60982338570648e-15 2.06612504882742e-14 2.90212298637016e-14 2.30482299912182e-14 2.89990254032091e-14 2.57238674805649e-14 3.53383988738187e-14 4.89275286952306e-14 5.88640247656258e-14 9.96980276113391e-14 1.3899992268307e-14 1.01030295240889e-15 2.1094237467878e-16 1.33781874467331e-14 3.45612427565811e-14 6.60249632744581e-14 7.59392548843607e-14 9.13158437754191e-14 1.00841557326703e-13
6.66133814775094e-17 8.88178419700125e-17 8.88178419700125e-17 9.99200722162641e-17 1.33226762955019e-16 9.99200722162641e-17 9.99200722162641e-17 6.66133814775094e-17 8.88178419700125e-17 7.7715611723761e-17 7.7715611723761e-17 1.77635683940025e-16 2.33146835171283e-16 9.99200722162641e-17 5.55111512312578e-17 6.66133814775094e-17 9.99200722162641e-17 2.1094237467878e-16 0 1.11022302462516e-17 1.22124532708767e-16 5.21804821573824e-16 8.43769498715119e-16 1.12132525487141e-15 1.66533453693773e-15 3.99680288865056e-16 1.16684439888104e-14 1.22124532708767e-14 2.04281036531029e-14 3.62265772935189e-14 3.1641356201817e-14 3.7159164634204e-14 6.22391027604863e-14 8.77076189453874e-14 3.98636679221909e-13 3.97126775908418e-14 2.9920510513648e-14 6.16728890179274e-14 6.5403238380668e-14 4.35873559467836e-14 4.80060435847918e-14 5.21249710061511e-14 7.72271135929259e-14 8.18345391451203e-14
5.55111512312578e-17 6.66133814775094e-17 7.7715611723761e-17 7.7715611723761e-17 8.88178419700125e-17 9.99200722162641e-17 9.99200722162641e-17 7.7715611723761e-17 7.7715611723761e-17 8.88178419700125e-17 1.22124532708767e-16 1.22124532708767e-16 1.55431223447522e-16 1.4432899320127e-16 9.99200722162641e-17 9.99200722162641e-17 1.11022302462516e-16 1.99840144432528e-16 0 0 0 4.66293670342566e-16 7.32747196252603e-16 1.01030295240889e-15 1.18793863634892e-15 7.87148124459236e-15 8.38218383591993e-15 1.10245146345278e-14 3.27182725357034e-14 3.02535774210355e-14 1.9684254226604e-14 3.29958282918597e-14 5.08482145278322e-14 8.60866933294346e-14 6.98741065008335e-13 2.90212298637016e-14 5.81756864903582e-15 4.70068428626291e-14 8.20454815197991e-14 5.7021054544748e-14 5.40678612992451e-14 4.41979786103275e-14 5.55666623824891e-14 6.48703313288479e-14
