Maxent_result_files_1/Bombus_veteranus_2.asc
NCOLS 594 
NROWS 330 
XLLCORNER -15 
YLLCORNER 23 
CELLSIZE 0.166666666666667 
NODATA_value -9999 
[rows 273 to 293 of 330, columns 276 to 321 of 594]
-9999 -9999 -9999 -9999 -9999 -9999 -9999 -9999 -9999 -9999 -9999 -9999 -9999 -9999 -9999 -9999 -9999 -9999 -9999 -9999 -9999 -9999 -9999 0.000778182200156152 0.00114652508927975 0.0010967772337608 0.000124203573977866 1.01506385590255e-05 0.000849474297137931 0.00025358276325278 4.7230952532118e-06 1.06986904484074e-05 2.85962412363006e-06 6.79244913044386e-06 7.86885655088554e-06 9.53649587245309e-06 1.95556165749622e-06 4.47472278608529e-07 4.01502350655392e-07 7.29391786080669e-07 3.59253111525959e-07 2.45372962126567e-07 8.03652855552173e-07 3.07134449712976e-06 1.15564489533426e-06 1.51994521502274e-06
-9999 -9999 -9999 -9999 -9999 -9999 -9999 -9999 -9999 -9999 -9999 -9999 -9999 -9999 -9999 -9999 -9999 -9999 -9999 -9999 -9999 -9999 -9999 0.000355838012183085 0.000615965966426302 0.00217578865704127 1.76310906681465e-05 1.53281178825182e-06 0.000423057741863886 0.000100828286485921 2.74257097316877e-06 6.97437060352968e-06 3.55280720896189e-06 1.00745599866059e-05 6.31352811524266e-06 1.63800867539976e-05 5.70940576380963e-06 1.73235292777463e-06 9.09697956785749e-07 1.76602167698547e-06 1.0253080148459e-06 1.59682166156472e-07 7.8515002144286e-07 1.19248141459138e-06 1.22427342148512e-06 1.46037403396804e-06
-9999 -9999 -9999 -9999 -9999 -9999 -9999 -9999 -9999 -9999 -9999 -9999 -9999 -9999 -9999 -9999 -9999 -9999 -9999 -9999 -9999 -9999 -9999 9.99090447294293e-05 0.000335235285456292 0.000629275557002984 1.17152582674862e-06 9.39462356797094e-08 0.00021325331144908 2.53266345680458e-05 1.50968065099732e-05 5.97550308611972e-06 6.40548526007478e-06 3.92548637364598e-06 9.4735972311355e-07 7.69709038195288e-07 1.67068833434314e-06 2.9010173250299e-07 1.5164079698593e-07 2.8699632608209e-07 3.15683253404586e-07 1.70008514288611e-07 4.77145717070471e-07 8.6976508839598e-07 4.12941245713228e-06 5.9082328561999e-06
-9999 -9999 -9999 -9999 -9999 -9999 -9999 -9999 -9999 -9999 -9999 -9999 -9999 -9999 -9999 -9999 -9999 -9999 -9999 -9999 -9999 -9999 2.67034175521985e-05 0.000363444637332577 0.000239299904205836 0.00011332088834024 1.4652611319832e-07 5.35326126538394e-08 4.44961988250725e-05 3.46436214385903e-05 1.25398449199565e-05 1.31453044559748e-05 2.16169839291069e-06 3.47451201321292e-07 2.89139567399843e-07 1.42616573839405e-07 2.3600929694112e-06 2.11462523225236e-07 1.41201428149884e-07 2.08811501067885e-07 2.02504427448957e-07 1.68124566712891e-07 4.61506175497561e-07 2.96337512963873e-06 3.85877065127715e-06 5.34081914338458e-06
-9999 -9999 -9999 -9999 -9999 -9999 -9999 -9999 -9999 -9999 -9999 -9999 -9999 -9999 -9999 -9999 -9999 -9999 -9999 -9999 -9999 -9999 0.000343041396990884 0.000877490316634066 4.74412450785167e-05 2.9045704195596e-05 2.07869290846929e-07 2.61348056973532e-08 5.18212216320535e-06 9.53841608861694e-06 3.46139474459051e-05 1.20056457944884e-05 2.18199513142281e-06 2.31180055010327e-07 3.72881336829778e-07 1.41868488299224e-06 2.12920887747714e-06 7.42756006388845e-07 2.01734409301935e-06 2.62972167774933e-06 3.9750401811034e-06 2.51312089005751e-07 1.16739076361227e-07 2.02958168529221e-06 3.0608390488851e-06 6.40712178210379e-06
-9999 -9999 -9999 -9999 -9999 -9999 -9999 -9999 -9999 -9999 -9999 -9999 -9999 -9999 -9999 -9999 -9999 -9999 -9999 -9999 -9999 5.15670546519686e-05 0.000215600575029384 0.000361595126014436 0.000974315498024225 3.27832224229496e-06 2.67775729412278e-07 3.15513134552248e-07 1.77717296878654e-06 1.2359307402221e-05 1.17487394163618e-05 1.33824124077364e-05 2.87620185872584e-06 2.62579796128648e-07 1.73414981929909e-07 1.30104904627615e-07 2.71775256805995e-06 1.42846253083917e-06 1.60319072506354e-06 1.80893369474688e-06 3.71056836456773e-06 4.33887580584269e-06 1.63880267223249e-06 1.62590931154227e-06 2.07152680786749e-06 2.98044813007436e-06
1.82438582214672e-05 5.08454430701022e-06 3.45401804224821e-07 0.000133955906494521 1.97078294377206e-06 -9999 -9999 -9999 -9999 -9999 -9999 -9999 -9999 -9999 -9999 -9999 -9999 -9999 -9999 -9999 8.64324991198373e-05 6.14483900790219e-05 7.75658259044576e-06 5.07624537249285e-06 1.34110567159951e-05 2.06056392926257e-06 6.80487538318175e-08 1.5150929861818e-07 1.55893751525582e-06 1.01738189869138e-05 1.29372087030788e-05 1.66683320458105e-05 3.93722725675616e-06 3.83060789488354e-07 2.09200052836422e-07 1.23787048522672e-07 5.2657844236137e-07 2.82271463447614e-06 2.0275755161947e-06 9.67437361509838e-07 1.74855413206387e-06 2.08974311135535e-06 1.85228630016354e-06 1.43588302421449e-06 1.27886554253109e-06 1.7592747440176e-06
1.58007765094226e-05 4.60565438515914e-05 7.00935030181427e-05 5.14210760229616e-05 9.94823512883158e-05 1.8569945859781e-05 -9999 -9999 -9999 -9999 -9999 -9999 -9999 -9999 -9999 -9999 -9999 -9999 -9999 5.33758666279027e-06 6.34054590591404e-06 7.12161827323143e-06 1.01119328064669e-05 3.74069363715535e-06 6.17397447513213e-06 1.69519033192955e-06 1.66153491854004e-08 2.90093620947118e-07 7.82827860348334e-06 1.60212284299632e-05 3.06826167616236e-05 1.36549414946785e-05 2.74498815997504e-06 5.11227959520966e-07 2.3505619850539e-07 1.62022271510409e-07 1.24528138201185e-07 3.01469799524057e-07 1.69954954003515e-06 1.12908325320404e-06 2.01349934769723e-07 2.47427283994739e-07 1.67925672371894e-06 1.87400963795881e-06 1.06086808955297e-06 1.32488521558116e-06
1.23512022810246e-05 6.17484953181702e-05 4.51873950623849e-05 4.77248606330249e-05 1.34616788727726e-05 2.56082225860155e-05 8.71891944598247e-07 8.18104926025853e-08 4.87547077909767e-07 -9999 -9999 7.28016922835195e-07 8.08166760180029e-07 -9999 1.25956468366439e-06 1.46262886573822e-05 1.83481612339165e-06 6.0612002016569e-06 6.51521356758167e-06 3.20724545872508e-06 1.06243284960783e-06 2.97624262657337e-06 2.78162962104034e-06 1.38929625791206e-05 1.48179805819382e-05 2.72446713012187e-07 1.21208523662375e-08 4.45469623855388e-07 1.2743209981636e-05 3.20918725265074e-05 5.87687413826643e-06 2.87660321873773e-06 2.51276873086681e-06 6.05191391400695e-07 2.78505171991128e-07 2.2188675998791e-07 1.113364866967e-07 8.09864090456358e-08 1.3955152482481e-07 8.3676296185331e-07 2.35322894326373e-07 2.02737304988432e-07 9.6347049272083e-08 2.44935401383373e-07 6.48855528595504e-07 6.96357598428676e-07
5.88601244999154e-05 4.3208357601543e-05 4.74714444862912e-05 1.0203969441136e-05 9.23723864616477e-06 1.47239514717512e-05 1.63913132382731e-06 1.4374234389436e-07 1.64614831987819e-07 7.59647519998907e-07 8.98542143090708e-07 1.20128841558653e-06 1.4239267954963e-06 1.6918637982144e-06 2.04397701963899e-06 1.78359948677098e-06 2.4613299046905e-06 1.93695680650308e-06 2.29907811899466e-06 2.64107408156633e-06 2.85197414768845e-06 4.22205786207996e-06 1.20975204936258e-05 4.64332304090931e-06 1.28742279628113e-06 5.74522244889408e-08 1.54742681779396e-08 2.17326490314917e-06 1.7901895353134e-05 2.78040275588864e-05 2.69519218818459e-06 6.900081615413e-07 1.11308907264629e-06 6.16685817078633e-07 3.21669934066904e-07 1.89376539339037e-07 1.73598787966966e-07 8.7694832373586e-08 3.33084024362051e-07 9.65460046131739e-07 7.59863937105365e-07 4.80501695676594e-07 8.72175544230913e-08 3.07306788016604e-07 4.36270191528365e-07 3.94024279870564e-07
3.06627202007803e-05 2.97677624075732e-05 8.27958258469152e-06 1.92734754818957e-05 3.26749632222345e-05 2.60623714325448e-06 2.39471660279378e-06 2.33551496648943e-06 5.08953837652371e-07 8.16194017261296e-07 9.21663519193316e-07 1.07122041015373e-06 1.44929481393774e-06 2.34107382652837e-06 3.50662164692039e-06 1.99873018118524e-06 1.46572276094048e-06 2.18841706214334e-06 4.08202888593223e-06 2.96552684631024e-06 6.81492267631256e-06 8.15861178580235e-06 1.66495161465718e-05 4.42536830860263e-06 1.66398776357823e-07 3.83681540760961e-08 3.42210724646463e-08 9.50406379160995e-06 7.1221420148504e-05 4.10392033245444e-06 2.93737040237829e-06 1.10588837287651e-06 7.88083173119958e-07 5.64447880435637e-07 3.40323521186292e-07 2.0741381021594e-07 1.80513347913802e-07 2.69439760813839e-07 5.74314084644811e-07 3.8094135703659e-07 1.52295665500901e-07 6.26003362924621e-07 5.26882286067121e-07 3.5382922405347e-07 3.50390136816259e-07 3.28738185118027e-07
1.71299405337777e-05 2.18958972709515e-05 2.50863196924911e-05 2.58538990692614e-05 7.93887024883588e-06 2.34285439546511e-06 3.41899317390926e-06 1.49976404486551e-06 1.34414331398602e-06 6.49431207477846e-07 7.40732468784699e-07 1.076361104424e-06 1.84533435003686e-06 3.13613769549192e-06 2.33102484230585e-06 1.7520896278711e-06 1.66247941706388e-06 3.32587674165552e-06 1.96408889223676e-06 2.45662238853583e-06 4.95839801715192e-06 3.04606341160252e-05 2.29567171118106e-05 2.31140838309329e-06 1.47060834976287e-07 7.97497168747441e-08 4.08409573715574e-08 6.83002178902825e-06 5.50701437532553e-05 3.69782742382085e-06 1.66833017374302e-06 2.20554562133657e-06 1.35478630340913e-06 5.71035528196262e-07 4.35104158214017e-07 3.25241914822527e-07 2.62975860465531e-07 1.9835579081473e-07 1.30063354575327e-07 2.41476517004457e-07 2.10097112329777e-07 1.79640950648263e-07 9.72270876786752e-07 1.01698727235089e-06 4.18502061449999e-07 4.41333253320408e-07
1.39557088459696e-05 1.48263710116225e-05 3.32591375808988e-06 3.91001339039576e-06 1.69738415252141e-06 1.43031924721981e-06 5.15895528963028e-07 9.62354732791937e-07 9.09517106606472e-07 5.47580290799488e-07 8.37920234175726e-07 1.78609703880284e-06 2.78926717669492e-06 2.85259505972135e-06 5.05813799236421e-06 8.29583416361857e-06 1.80361728325806e-06 1.72084842802178e-06 1.49248618868114e-06 3.97913881897694e-06 8.3272816709723e-06 1.98134044694598e-05 1.64193240266286e-06 3.730233700594e-07 3.67402665091276e-07 1.52471224623696e-07 9.76570987631931e-07 0.000163982131925877 6.45115840143262e-06 2.25194253289374e-06 7.66580481581514e-07 8.12979902775623e-07 3.32961820959099e-06 1.50891018506627e-06 1.67286995633731e-06 5.6592671882072e-07 4.06418264731201e-07 2.48922108170291e-07 1.91686272188463e-07 4.73250480581555e-07 2.74652019527366e-07 5.87263047080455e-08 1.80683575123908e-07 7.37956287366615e-07 7.19311719876714e-07 8.04454364811136e-07
1.64817689437768e-05 1.29531573065833e-05 3.39126808057699e-07 2.49834580046127e-07 4.56283819971759e-07 7.26454183563874e-07 6.57092105882384e-07 4.62220999963847e-07 5.98766723669542e-07 3.28116026082625e-07 8.28772849104098e-07 2.18578662156688e-06 4.50593703362756e-06 4.13272138075627e-06 4.700043871253e-06 2.5155179741887e-06 2.2578185621569e-06 2.32687614243332e-06 1.06515719551226e-06 1.64718388759866e-06 2.19434153336806e-06 2.32183537605124e-06 1.57083170506667e-06 5.43980561928947e-07 2.99870367825861e-07 3.27418040768634e-07 4.49964218205423e-06 5.31664041773183e-05 2.18105451494921e-05 1.11796356634386e-06 1.03251041991825e-06 4.29347311410311e-06 2.81742489960379e-06 2.3134937919167e-06 1.00847265969151e-06 1.18890452540654e-06 4.16673843517401e-07 6.41576436066771e-07 2.2935537984381e-07 1.35792435074222e-07 1.42555141380285e-07 4.59020032650415e-08 2.14549769594896e-07 1.14861201438998e-06 1.57980776407385e-06 4.18052229633759e-07
1.21019104994957e-06 4.36131649195204e-07 4.98075996802072e-07 7.78951911684089e-07 7.75908546302162e-07 6.82985616151655e-07 7.35849263833188e-07 9.25900815218483e-07 5.52097095862791e-07 5.55228047005585e-07 5.81735530147398e-07 1.47015034599463e-06 4.75168570801543e-06 3.39823476451784e-06 2.78046552466549e-06 2.3823847186577e-06 1.86519014846454e-06 2.26155364657643e-06 1.65737189945503e-06 2.43002758679722e-06 2.14271534559884e-06 2.21246805267583e-06 3.06605171829233e-07 6.29518643791016e-07 3.28184476927618e-07 2.86062928012143e-07 6.53347151455819e-05 3.75286872440483e-05 2.67173438146528e-06 1.5500093695664e-06 3.06091579886925e-06 2.87995429744115e-06 1.85118347530988e-06 1.50314331222035e-06 6.5935070949763e-07 9.44783013778761e-07 1.11382270233662e-06 8.35389607800607e-07 9.94978637436361e-07 7.47307021242705e-07 3.1359762076022e-07 1.31724096164021e-07 4.60056173778867e-07 1.85122696620965e-06 2.41251004808873e-06 1.27334509159027e-06
7.62881003879556e-07 3.52855710161748e-07 9.9427161899257e-07 1.05042105360553e-06 9.4798723466738e-07 9.8628570128767e-07 9.68645878174357e-07 1.00577055945905e-06 2.30898913287092e-06 3.55953745838633e-06 4.09062026562879e-07 1.10009596028249e-06 5.10374411533121e-06 4.17454795069716e-06 4.56193318996156e-06 3.0667306759824e-06 4.66207872023006e-06 2.34143149100419e-06 1.55362942564352e-06 2.07827510507741e-06 2.07991727165791e-06 1.36777129853272e-06 1.73707885551266e-06 2.06045803565758e-06 1.68599696337424e-07 2.15223574855372e-06 7.51048075926519e-06 2.54664295425755e-05 9.37951912760582e-07 3.49667406851495e-07 4.36493398865423e-06 1.93023389556402e-06 1.93571172530937e-06 2.13981757610782e-06 2.75206070909917e-06 1.54802982592628e-06 7.00682366527872e-07 8.7869611604674e-07 2.55687694306062e-07 5.22815082604211e-07 4.58229915523134e-07 3.10288336891063e-07 5.87430311327353e-07 1.07310385999426e-06 9.59362733965463e-07 1.66396013696613e-06
5.10124377228749e-07 3.66881687341447e-07 3.70234377555789e-07 9.09515338776146e-07 1.03376819140522e-06 7.30575189322735e-07 5.74130125130523e-07 3.70131672156049e-07 -9999 -9999 4.12234588509364e-07 6.46433316831008e-07 2.74533617812267e-06 1.86188480256533e-05 1.52098225044028e-05 4.32317419836181e-06 1.70922680808872e-06 1.15002697498312e-06 1.7066155237444e-06 3.13593540113288e-06 1.0175913985222e-05 2.55867690270861e-06 1.23359240546961e-06 2.81642163457718e-07 5.45478711444503e-07 5.05202582417041e-06 1.74477362975267e-06 3.84650949172283e-06 1.22914098881211e-06 8.70116559781309e-07 2.35215741781758e-06 1.23663536442109e-06 1.75032850506796e-06 2.70354297526865e-06 3.98416145799274e-06 2.61796411678006e-06 2.75569930181518e-06 2.07110627314933e-07 2.32884115547449e-07 1.99609862505667e-07 6.44513188774454e-07 1.16494414328372e-06 5.96602774294297e-07 3.69663661103914e-07 2.57628210675875e-07 6.26340266762782e-07
6.06101910705092e-07 3.08073495602912e-07 2.47477201043012e-07 8.5686321256162e-07 1.24439302453538e-06 1.02679702820296e-06 5.52425710509397e-07 2.3719149382373e-07 -9999 -9999 2.1087327411351e-06 3.68400352357412e-07 1.59115225528694e-06 1.15919950985699e-05 9.98838586383499e-06 8.47466162667843e-06 2.11402041259134e-06 1.73756645835965e-06 2.42092110056547e-06 1.92404416452518e-06 2.12246361115831e-05 1.58046236720111e-05 2.29219538141479e-06 1.6656099397494e-07 1.38847285597876e-06 2.16835350670408e-06 2.7386577926336e-06 1.89875700584707e-06 2.08044929763673e-06 1.34692560322947e-06 1.12042363582532e-06 7.86927444096364e-07 8.85809353690092e-07 1.11186510309835e-06 2.09028780773224e-06 4.90428288912881e-06 1.08448285800478e-06 4.48261687324703e-07 1.86080705333325e-07 5.87317201095061e-08 3.78967084202486e-07 3.28305136321205e-07 3.59588943865674e-07 3.94102513467942e-07 8.48181446144736e-07 5.27655552673423e-07
2.22141762833417e-06 7.35728195877528e-07 4.12014969697339e-07 9.44063285146512e-07 1.92201912341261e-06 4.49675351319456e-06 1.36566220135137e-05 2.45784241087677e-05 5.70469036631494e-07 -9999 -9999 4.46412617804981e-07 5.81326722226549e-07 1.16542083560489e-05 3.20908573030465e-06 2.93565226456849e-06 8.91440552095446e-06 5.67804268030159e-06 7.84302576448681e-06 3.98598729134392e-06 2.19844893649679e-06 6.73284532695106e-06 2.21511569407085e-06 -9999 9.76471744706942e-07 6.42012363982758e-07 4.57766659565095e-06 4.81465909842882e-06 1.1353481909282e-06 5.7728198754603e-07 5.99464264894323e-07 4.96216871681554e-07 6.44980951847174e-07 1.10181571244539e-06 1.95416243968793e-06 1.05668218282062e-06 1.35302224748557e-06 1.07511635007995e-06 7.84013691301766e-08 5.80450690179646e-08 3.07945481381466e-07 2.95841793729323e-07 3.49112408315477e-07 3.78830853264844e-07 3.50251265501811e-07 2.52358414343234e-07
1.18767218850735e-06 5.8455920139977e-07 4.49404882374438e-07 8.18963215465374e-07 1.20857356762372e-06 2.27101284622222e-06 5.94579523749417e-06 9.00094057669776e-06 4.08362694770403e-07 3.11798837060451e-07 -9999 1.40929782332933e-06 4.28378217520731e-07 2.42027899730601e-06 2.59914507296344e-05 3.85717574999944e-06 1.22121906315442e-05 4.99791643960634e-05 4.89559224661207e-05 2.66410044787335e-05 5.9931585525419e-07 6.12168372526867e-07 -9999 -9999 5.28453321635425e-07 4.73111126098047e-07 2.35118754972063e-06 7.62602594477357e-06 1.42496275543635e-06 5.37450574711329e-07 7.16139705048136e-07 3.75030724342196e-07 4.9963336152814e-07 7.38179902270986e-07 1.65760365007372e-06 2.30053726681945e-06 1.94863009141955e-06 4.48858941126673e-07 6.25212938132336e-07 4.34955074979371e-07 3.02884620850818e-07 3.30474730247943e-07 3.46263281159054e-07 3.98160428005667e-07 3.34441264726593e-07 3.08658909631276e-07
1.05449505554134e-06 6.65425048396173e-07 5.08576179925058e-07 6.10466885575534e-07 6.89449804269771e-07 7.33925500639998e-07 6.05492348881853e-07 3.90433132224643e-07 2.81061642226632e-07 5.02696205728626e-07 -9999 -9999 5.0473375722504e-06 8.94153098229822e-08 1.79305492054027e-07 8.69531754688069e-07 1.6228169988608e-05 9.48105265706545e-05 2.02230736249476e-05 4.22106678570344e-06 1.02537638113631e-07 4.40175746518889e-08 -9999 2.6042703211715e-06 3.91973409819002e-07 1.33147219401053e-06 1.47415590276978e-06 1.08846460534551e-05 1.96815333310951e-06 6.71452629319447e-07 7.27232779240694e-07 6.07984610212498e-07 3.86826449982891e-07 5.17781283804197e-07 7.70845619513239e-07 1.27086495353979e-06 1.69969459875574e-06 1.15156039157682e-06 6.97779935876497e-07 5.00037700135181e-07 3.46199419709592e-07 3.46974442777537e-07 3.17588676068681e-07 3.71528074794014e-07 3.59066422817023e-07 3.14917160437744e-07
