Maxent_result_files_1/Bombus_balteatus_3.asc
NCOLS 594 
NROWS 330 
XLLCORNER -15 
YLLCORNER 23 
CELLSIZE 0.166666666666667 
NODATA_value -9999 
[rows 180 to 199 of 330, columns 176 to 219 of 594]
2.32449393067213e-11 9.4757979240967e-12 1.1742057992592e-09 3.98255206590648e-11 1.35494999997654e-08 1.05466011368627e-08 2.66686518957116e-07 2.37116929246994e-07 3.1713972431513e-07 2.10478902529232e-08 2.21066326744346e-07 1.53395907087628e-10 3.66013569452761e-09 1.38011454486886e-09 9.19759202133719e-10 1.54927182194342e-11 2.0054624627619e-12 7.96883403708648e-10 4.5739634302322e-12 8.0388262800879e-07 4.5074721732874e-12 4.64505101049895e-12 4.0408343338072e-12 5.58953439089294e-09 5.90416604495658e-14 3.91575660785293e-14 9.85878045867139e-15 3.0891955660195e-13 4.08508653904072e-08 3.03870262285955e-12 2.01949568179316e-14 1.13020703906841e-14 4.78721828622852e-08 6.53196374100773e-08 6.73997404554427e-09 1.1214241757429e-10 1.93679522419998e-09 3.43058914609173e-15 1.01141317543352e-14 1.47859502419578e-13 3.28268523475117e-12 6.88338275267597e-16 1.49004142357967e-12 1.13242748511766e-15
2.26357668164923e-09 3.24407967577933e-07 1.01881987424335e-07 8.77852674663338e-08 4.51021678160579e-07 6.57201391685014e-07 5.45800082818459e-07 9.53339784226515e-07 1.45297962117485e-07 3.98259854672567e-07 7.90482945767224e-10 1.31716348938937e-10 7.53612539039494e-10 4.71647831901123e-10 1.77037273729752e-12 1.9109869242584e-11 1.73766445676904e-10 3.74845787742828e-10 1.32113875395135e-11 3.49502449203953e-10 1.43326620571926e-09 3.1461019345258e-10 5.14546272256666e-10 1.91775373359349e-11 6.46993152386699e-09 8.50820509601391e-09 1.29418455951935e-09 1.82503065704331e-07 1.02532474383965e-05 2.22811632477615e-09 2.1382016157645e-10 5.90449911186397e-13 3.70306241226359e-10 4.44113290587467e-10 3.04556380115173e-13 2.22044604925031e-16 1.77635683940025e-16 4.85833595575969e-14 1.67310609811011e-14 2.64158556140259e-09 6.23945339839338e-15 5.21804821573824e-16 1.43192124824054e-12 6.93615487268318e-10
7.57849349941608e-10 4.40853499117377e-07 9.49599480382091e-08 1.14265249127388e-05 2.44054809028782e-08 1.00735790820039e-09 0.000546481296561419 4.77552112229107e-06 1.23793441136888e-05 7.3394731596732e-07 1.54502802773848e-07 4.71935823753711e-12 9.61219770445609e-11 2.72676556889451e-09 2.12472685001686e-09 8.48383430174238e-10 2.99880831278188e-10 6.44189146470353e-12 2.46136988568679e-10 1.54471032964842e-08 7.47372775888877e-09 5.69573277431346e-12 4.75870454152982e-12 8.59623483506766e-12 7.37558644159364e-09 1.35631172959449e-11 5.26245713672324e-15 9.21623102279057e-09 1.60240091195973e-08 3.91005328115313e-09 1.19767992634578e-08 3.90332210997713e-13 1.15907283770866e-14 4.68536320852309e-13 2.88657986402541e-16 4.84057238736568e-15 1.99840144432528e-16 2.66453525910038e-16 1.33041688776814e-11 3.10862446895044e-16 7.7715611723761e-17 1.54321000422897e-15 3.35287353436797e-15 3.95640866734937e-09
1.77104912489012e-05 1.46950208993468e-06 2.71780703663405e-06 3.85109882206081e-08 8.38878708186996e-06 2.79525016237958e-06 2.64386554319485e-06 9.69011717977253e-08 6.92440316196752e-10 3.42972716893541e-10 4.10990785848497e-10 6.66788846359623e-12 3.8066860774677e-11 3.23890578801667e-09 1.09847156704035e-08 5.69622127244429e-13 2.04501648948252e-10 1.97505130028475e-09 4.56440962803839e-10 7.91571374003652e-09 1.33177913141935e-12 2.72394329314807e-12 3.6154673699329e-10 1.79504269282038e-07 1.03215089808373e-08 6.98330282489223e-15 1.2359624435021e-11 2.76994982506551e-10 2.6335045255621e-12 6.85958290169708e-10 4.90555374099699e-12 4.29497548637414e-12 7.05324687544362e-14 2.33146835171283e-15 4.44089209850063e-16 3.99680288865056e-16 5.13367126586672e-14 8.41438030363406e-14 1.34336985979644e-15 1.56763491077072e-14 4.32986979603811e-16 1.47659662275146e-15 1.67674762963088e-12 1.27411414752032e-12
4.67838006990018e-07 4.01330149124579e-07 3.18057497672442e-08 1.11369868105449e-08 3.50995838195312e-06 1.7901616410354e-07 1.42289253712846e-09 6.40377425420446e-08 3.88523657690598e-12 1.05073061362759e-11 4.48160508703666e-11 1.81994952441755e-10 3.09814174315193e-11 6.31754282220953e-10 3.12523562584488e-11 1.58610840017559e-08 3.25178581839225e-09 8.93729534823251e-15 5.8343079256673e-10 3.00982017087392e-11 2.55362064827125e-11 3.10801291514284e-07 1.96175641523744e-05 1.0990089693852e-08 6.86045664721746e-12 6.9011390269047e-09 3.8746783559418e-15 8.10862488265229e-13 4.78278050497494e-10 2.3744789023894e-09 7.57822880004255e-09 8.68906491202637e-10 1.35723654537401e-12 6.43929354282591e-16 6.43307629388801e-13 1.67716174281907e-11 1.36413103035693e-13 1.01030295240889e-15 2.88891133237712e-13 6.17939033276116e-13 1.23234755733392e-14 6.32827124036339e-16 7.99360577730113e-16 1.12306830502007e-12
2.8386361039523e-10 4.42308243768785e-06 1.91134016502836e-08 4.38152587245444e-07 2.31965818553448e-07 1.50508694396478e-10 1.42125089475087e-11 4.56122473124765e-11 1.8099971521579e-10 4.7312154194401e-13 2.13938311510731e-11 2.54074539185467e-13 2.38409292308006e-13 1.09390296820777e-10 4.68406889941875e-09 5.90882898166001e-13 3.9137582064086e-13 1.07180930797313e-13 4.20053537508736e-09 8.74816434737191e-08 1.10233788985781e-08 2.082513026469e-08 4.63407159978502e-08 9.67751434544084e-12 5.7908806749829e-09 8.88178419700125e-16 7.99360577730113e-16 5.54040147093815e-11 1.23037136035009e-12 1.52322598978571e-14 4.6296300126869e-15 4.9498183329888e-13 1.52147439091976e-10 8.77076189453874e-16 4.61464200185446e-13 7.49456052773212e-13 6.66133814775094e-16 6.43929354282591e-16 5.77315972805081e-16 6.21724893790088e-16 1.51101353651484e-14 7.57605089773961e-13 8.99280649946377e-16 9.76996261670138e-16
1.56615048707565e-09 3.25883727148035e-07 3.86652565520507e-10 3.6009123802816e-05 1.20307201951775e-06 1.5237033856863e-12 9.40931776938214e-12 2.78532752417959e-13 2.82451839694886e-13 9.30832633194711e-10 2.88793544633847e-11 4.87093909651293e-10 5.48350254092611e-13 1.56624491154389e-11 4.44503079566338e-08 2.87391747622046e-08 1.77406056511842e-09 3.40760011985353e-08 1.30406281328987e-09 1.46235417108898e-09 6.67321053970937e-10 9.57434331816387e-10 2.71202753476807e-08 1.84257831215007e-11 9.78106484694763e-15 1.15463194561016e-15 4.25215418431435e-15 1.73038250395052e-12 6.77236045021345e-16 7.68864971689709e-12 3.02413649677646e-13 2.17685869330353e-12 2.13071782440011e-12 2.75193201559887e-12 2.10456096993994e-12 8.77076189453874e-16 8.43769498715119e-16 3.56026319536795e-12 3.09474668114262e-13 3.58924001631067e-13 3.65263375101676e-15 1.08413278354647e-13 4.52970994047064e-15 4.18554080283684e-15
6.00580274401352e-10 9.13035635985438e-10 6.10321904126465e-11 3.29866598480777e-09 2.25618033156127e-07 3.0692048902381e-11 1.84596782304425e-13 1.14773257564593e-10 4.27299307048656e-12 1.33381194977744e-11 1.2196008647436e-10 1.00388823920383e-09 6.51700915454967e-13 7.19979631469414e-13 4.24294266387903e-11 8.20827252723255e-08 1.03640478088529e-08 2.07054595691147e-10 2.21186912119364e-09 3.48359163737655e-10 8.85734878774969e-09 4.75170858216245e-10 1.37521338761104e-10 2.42028619368284e-15 2.50910403565285e-15 3.84137166520304e-15 3.69737573890916e-13 7.59821094931112e-12 4.48530101948563e-15 8.84725626093541e-13 1.8346120289614e-09 5.45119505090952e-15 1.50875556492736e-10 5.9223181914092e-12 6.62395693851181e-12 2.69625433091392e-12 1.91069382537989e-14 3.5162983635928e-13 8.24196266790977e-13 8.99280649946377e-16 1.50326417980295e-12 2.25597318603832e-14 1.84443571527027e-12 7.06212865964062e-13
9.14723652378768e-10 8.57452997493624e-12 2.00713368148087e-10 2.04634762509537e-06 1.28790061737494e-07 3.00588385293565e-09 2.25164245026832e-09 2.93475610479987e-10 4.53809279044037e-10 4.28967972254668e-13 5.19885245964247e-11 1.79092231822331e-08 1.28392851905801e-12 3.84158601596241e-08 2.53016496642999e-12 1.64612767861172e-13 1.19062537606851e-12 3.25874549567118e-11 4.67813535687256e-09 5.74185143875638e-13 3.94129173741931e-15 3.62987417901195e-13 3.1863400806742e-15 1.54256174500489e-10 1.21103127526112e-12 1.63202784619898e-15 1.65978342181461e-14 1.24525945111031e-12 3.1641356201817e-15 1.22167831406728e-12 1.13532516721193e-12 1.00108301803736e-07 1.55995317774327e-09 1.65423230669148e-15 7.59337916989011e-09 4.92443086308469e-10 5.53557200078103e-13 1.27569066421529e-12 1.3969381207346e-12 6.2968519287665e-13 1.67776903481354e-12 1.65351066172548e-12 1.34126043604965e-13 7.2188337529866e-10
1.29562123346583e-06 3.10846826656608e-07 5.7209740725872e-07 2.0797125954708e-08 1.98416261198986e-10 4.29534074974924e-11 4.52472315171093e-10 1.7699164356344e-11 8.28451441226008e-08 8.45677657312915e-07 2.12910293195812e-07 1.12020392961654e-12 1.82924561731301e-07 1.43699274701703e-11 1.00383709455976e-08 8.45556992867813e-08 8.16870310171858e-08 2.25406360243596e-12 1.5745599935002e-09 6.43862727578437e-09 3.99340560619521e-12 2.4757973449141e-15 1.75371939192814e-12 1.15485399021509e-13 3.45723449868274e-14 1.95710114780923e-13 2.3284586592176e-09 9.48532696831705e-11 3.4971692208785e-12 2.77472322895989e-10 4.25091341016426e-09 3.00333252156726e-08 1.7236323479608e-12 6.70319355577931e-13 9.33302435335293e-11 2.18203100033065e-10 9.61719592851296e-13 7.54951656745106e-16 1.79856129989275e-14 6.57873755471883e-13 1.7938428520381e-12 1.78631553993114e-12 1.19670939824346e-13 1.51771928358357e-12
2.05243599893379e-10 2.6902541194751e-09 8.89378709567623e-09 2.13129824899738e-10 8.9078411313892e-12 1.13323950223787e-10 7.9246609274719e-13 1.7258638962403e-12 6.30125951417426e-12 3.23248094957762e-12 5.43501814664893e-09 7.66244459993182e-08 6.81858590700912e-09 1.66716459293337e-07 1.15388203303368e-07 1.26709015058069e-08 5.81594685744591e-09 4.32323809085311e-08 1.72240316453909e-09 9.85367343275811e-13 1.52988732793347e-14 2.88324919495153e-14 2.01627603502175e-13 1.63450095902462e-08 7.53841433720481e-15 3.62598839842576e-13 3.1437530356726e-11 7.70188468557365e-11 2.25475194071123e-13 4.04608346826762e-11 3.77475828372553e-15 1.54857238143791e-12 1.7959078668639e-12 2.1094237467878e-15 3.72437525264502e-11 3.56544793689295e-12 6.91968704558121e-13 9.82403047800062e-13 1.16785470183345e-12 8.54871728961371e-16 6.47970066491865e-10 6.57383880664497e-10 1.44304568294729e-12 3.31016138943596e-09
5.88741388973801e-11 1.42969747152222e-11 2.85818924083969e-11 3.5198333137032e-11 1.55443502070085e-08 2.8636071069954e-09 4.04666300468648e-12 3.45767858789259e-12 1.25555787988674e-11 5.60834948482025e-09 7.69939667577546e-14 8.03701549756397e-13 4.30100399739786e-14 2.94067983297452e-09 2.99750957388767e-10 3.73923114693753e-14 4.72866190648347e-13 1.23532295503992e-12 1.37996758464709e-09 4.77395900588817e-13 1.26256182175766e-09 6.64002186567814e-13 9.02177547779104e-08 1.18398162940458e-08 1.02695629777827e-14 4.6074255521944e-15 8.87565243523625e-11 3.53479946424429e-09 5.21804821573824e-16 2.98649993624167e-15 3.23074900165921e-15 8.94352703006973e-11 1.66907598853072e-12 6.77236045021345e-16 2.06834549487667e-13 3.77475828372553e-16 2.8984592503889e-13 9.43833899924584e-13 1.65978342181461e-14 8.12683254025615e-15 3.13733715673337e-09 3.844292284505e-09 1.37063362881662e-09 1.28278015987249e-09
9.74542668785716e-13 1.524591564106e-12 2.14261941522409e-12 1.6239676270402e-12 1.48176382275267e-10 1.55256918432656e-12 9.99526963418873e-09 1.71619192868011e-07 3.43027398297391e-07 7.99389762384806e-08 2.71853849698189e-07 1.62203583897735e-14 1.27453603226968e-14 6.35813623972581e-12 8.55149284717527e-13 5.22347620712793e-10 4.28435065202848e-13 5.38746824929604e-13 1.70391634135569e-10 1.93978166862507e-13 1.20382430690569e-09 5.47193659050649e-08 4.79483119875113e-13 1.34390172323862e-09 4.04121180963557e-15 8.32667268468867e-16 7.96106403022634e-10 3.5669245335157e-13 6.77236045021345e-16 6.43929354282591e-16 5.88418203051333e-16 5.32907051820075e-16 4.55191440096314e-16 3.88578058618805e-16 7.14917014477123e-13 3.88578058618805e-16 4.06152889098621e-13 6.33382235548652e-14 6.32827124036339e-16 6.55031584528842e-16 7.66053886991358e-16 8.10462807976364e-16 2.38697950294409e-15 4.18554080283684e-15
5.42309426254661e-09 8.62212523600192e-11 1.13492437670004e-11 1.31924693391738e-11 2.87497977757845e-08 8.45625464540589e-08 8.94184726263347e-12 5.18654120762463e-09 2.01443325953399e-07 1.06220021889314e-08 1.41262205932691e-08 3.43793866708353e-09 4.55435689161732e-13 1.21647136808178e-13 3.19206883148126e-12 3.01980662698043e-15 2.20787610416551e-11 1.84437561889794e-09 4.71414061120612e-09 3.40838468559923e-15 4.09593277295173e-08 5.09992048591812e-13 4.4996222747784e-09 1.08485040950512e-09 8.97239773589575e-09 7.82709324020914e-09 1.9320101074527e-13 1.98745520041399e-10 7.50066497801072e-10 6.32827124036339e-16 5.77315972805081e-16 2.32036612146658e-15 3.88578058618805e-16 3.44169137633799e-16 4.06374933703546e-13 3.99680288865056e-16 3.2879254874274e-13 4.21884749357559e-16 5.10702591327572e-16 5.55111512312578e-16 6.10622663543836e-16 3.51646489704649e-12 1.40998324127395e-15 4.26758628435664e-13
9.98093846793502e-08 8.85697886587877e-08 9.89168014164932e-09 1.05618225132442e-07 6.97976121344368e-12 1.79073966766197e-10 9.60831414431595e-13 1.04145625456908e-10 1.84007253878349e-12 8.50530756935086e-13 5.36815036866756e-13 2.44326781029258e-13 1.70794445253364e-09 1.48769885299771e-15 5.340172748447e-15 7.17546133621738e-11 7.26085858104852e-15 4.7616542664386e-08 9.20986065189311e-11 7.37129002281733e-10 6.67688127009569e-14 6.5829564022124e-13 3.98470145768215e-13 9.08784159037168e-13 2.39891773112788e-11 9.9248211871128e-10 4.88027172007577e-09 1.59464663695985e-12 1.02373665100686e-13 1.27675647831893e-15 1.47548639972683e-14 7.86948284314803e-13 3.88578058618805e-16 3.66373598126302e-16 6.9976247019099e-13 3.88578058618805e-16 3.66373598126302e-16 4.10782519111308e-16 4.44089209850063e-16 4.66293670342566e-16 4.88498130835069e-16 1.15463194561016e-15 4.10782519111308e-16 3.97042398958547e-12
8.86812423495087e-10 3.72318731400867e-11 5.80583890963382e-09 9.05747254975608e-11 1.04633302022705e-11 5.6932236702778e-13 1.0504151992663e-10 1.31977289874463e-08 1.81077375316363e-14 3.39728245535298e-15 2.4980018054066e-15 1.22452545103791e-08 1.23256565842667e-08 1.04694031222152e-13 1.54782875405601e-09 5.57491497410467e-11 2.04281036531029e-15 5.89528426075958e-14 4.73510120002629e-14 8.41549052665869e-15 1.2127648318927e-08 1.41997524849558e-14 3.933316117255e-10 8.56337223353876e-13 3.35924621452932e-11 2.85560464163837e-13 1.765254609154e-15 2.95140907269342e-09 3.77862973133247e-09 1.59872115546023e-15 6.21724893790088e-16 5.44009282066327e-16 3.99680288865056e-16 3.10862446895044e-16 3.21964677141295e-16 6.34270413968352e-14 4.6992409963309e-13 3.10862446895044e-15 5.78350700664032e-12 4.10782519111308e-16 3.66373598126302e-16 4.8061554736023e-14 8.03801469828613e-15 4.88583540292353e-10
-9999 1.0107947090443e-08 1.51691684657784e-08 1.09484431520812e-09 2.35521337987876e-09 1.11082254505845e-12 3.25739435425021e-13 3.38284955603285e-14 8.55444937108985e-11 7.03881397612349e-15 2.39808173319034e-15 3.73034936274053e-15 2.59792187762287e-15 1.46336320838714e-10 1.06418709078238e-07 5.89639448378421e-14 2.02010519423368e-11 8.31618107710597e-12 1.02441523375241e-08 3.14193115968919e-15 7.02149449693934e-13 1.03155671782318e-09 4.70984097944438e-08 4.83568740605733e-13 2.19431840142725e-08 2.24753549105117e-13 8.73575005666538e-09 4.03466149379028e-13 3.12627701504198e-13 2.63611354966997e-13 8.1910116245254e-09 4.01393518423276e-10 4.47468906372706e-10 3.23082449682488e-10 2.86815016181663e-13 7.68283103802503e-11 1.05014885676269e-12 7.93452625824642e-10 2.88657986402541e-16 1.56541446472147e-15 2.66453525910038e-16 2.22044604925031e-16 5.99520433297585e-16 1.07136521876328e-12
-9999 2.98354108085874e-10 -9999 5.31336086240231e-12 5.06743202954851e-11 1.16223697332885e-11 2.4808647358654e-10 2.90955315396246e-10 1.66411329161065e-13 1.40998324127395e-15 3.574918139293e-15 9.9253938401489e-15 3.81771281254828e-12 1.4432899320127e-15 1.06248343456627e-13 2.44604336785414e-13 1.19071419391048e-13 6.68984030394171e-09 8.1601392309949e-14 5.48761632801487e-09 1.74005254649501e-13 4.23902244417462e-09 4.18655613509955e-09 2.64988031517532e-13 5.35262823841975e-08 9.39333688609878e-10 3.21837239081191e-09 2.16426876420428e-13 2.18081108727119e-13 1.15329270800046e-08 2.70894418008538e-15 5.94591043068249e-13 7.88998674172703e-09 3.8243186395448e-12 5.3010928979802e-13 3.62167407175207e-11 2.83970402747968e-11 9.66871027685556e-13 1.2401191185063e-14 1.87627691161651e-15 1.49017298500809e-10 4.60820270831164e-13 8.33410107592414e-10 1.14886019586535e-09
2.58255639096205e-12 -9999 -9999 3.36490835195491e-12 4.07216171893765e-10 1.88781539667282e-07 3.81419007489114e-11 4.18853174366518e-11 1.6056045382129e-13 6.27991880719492e-10 8.6606266602729e-11 1.2356782264078e-14 2.44249065417534e-15 1.43218770176645e-15 4.68691127020193e-09 1.38777878078145e-14 1.15685239165941e-14 8.47706836948348e-09 9.07940389538453e-14 1.60299623575e-09 9.99200722162641e-17 3.29736238313671e-15 5.26489962737742e-13 8.27249380108697e-13 3.69704267200177e-15 3.10862446895044e-15 2.79083443022188e-09 1.38195213050807e-09 2.34334773807632e-13 7.49289519319518e-13 1.0671463712697e-13 6.10518302579521e-12 1.47624035218286e-10 3.66373598126302e-16 4.04787314778332e-13 1.01572528166116e-11 5.97199956153816e-11 4.67994198949384e-11 1.19814158594522e-12 4.87431206508404e-11 2.20538032280615e-12 4.26050195123651e-11 7.97207599934069e-10 3.12023407111894e-11
1.18460796727504e-13 -9999 -9999 7.26223525759906e-12 4.8492428961211e-10 3.0390479022202e-11 1.87358548675576e-09 8.22440460179763e-10 5.26995447280854e-11 2.84701585417935e-08 1.6312307060673e-11 3.74680286796547e-12 1.97352134634343e-12 6.62993803191014e-09 1.54853907474717e-13 2.67563748934663e-15 2.63022936763946e-13 4.87156019968182e-09 2.03492778183545e-13 2.04991579266789e-13 1.91935356497197e-13 3.25994786720685e-13 7.07330537474959e-09 1.28512435138006e-09 9.72766311946316e-13 1.88710158610661e-12 1.93400850889702e-14 3.22519788653608e-14 4.88498130835069e-16 2.42616893242342e-10 1.69309011255336e-14 3.44583250821984e-12 1.59260257204252e-09 4.57508475548707e-12 6.53525011884426e-12 6.34413299671621e-11 9.73343627919121e-13 6.83947563029363e-09 2.34895769501975e-11 9.85835857392203e-12 1.81928258013997e-09 4.14335472600502e-06 1.98064694645339e-09 2.15884199405991e-11
