Maxent_result_files_1/Bombus_alpinus_2.asc
NCOLS 594 
NROWS 330 
XLLCORNER -15 
YLLCORNER 23 
CELLSIZE 0.166666666666667 
NODATA_value -9999 
[rows 80 to 99 of 330, columns 308 to 351 of 594]
-9999 -9999 -9999 0.0476039387160748 0.00228898911431351 6.10113035206528e-06 2.02714626983624e-05 0.00040994802403358 2.8567277459568e-05 1.20791872441073e-06 2.23412720445904e-06 5.33080186638779e-06 3.32427600235885e-07 1.40865059848894e-06 3.15124501099051e-06 3.84491507788853e-06 5.83260083686366e-07 6.90536059333446e-08 0.00274076546405915 -9999 0.178005329448478 0.000529856626670411 3.9765088034549e-05 5.2031537660846e-05 0.0035388501054717 0.461669817202395 0.00179184314168471 3.10121088009652e-07 2.72917984611709e-07 5.72717799407485e-07 6.51822647379507e-07 9.30783291108739e-08 1.91197366727902e-07 1.23605996971143e-07 9.51463684173426e-08 8.86213097128774e-08 3.73520947505313e-08 6.70364272759016e-08 1.84167322614392e-08 3.11160640031893e-08 4.98471176404447e-06 0.00137290939050153 1.7546939108104e-05 1.4356492983314e-08
-9999 -9999 -9999 -9999 -9999 0.000761237834307649 0.000361208555620851 4.82036569734001e-05 -9999 1.44360213312211e-05 3.80671752253647e-07 2.94002773237878e-09 5.03182535191771e-05 3.39286513154624e-06 1.83390308253761e-06 1.71917141855715e-07 1.54963460152757e-07 1.00051598517226e-07 8.93359172193797e-08 3.49932939791575e-07 2.28657337206783e-06 1.98933500916709e-07 3.41603016729142e-07 5.46432101515393e-05 3.25801615574051e-05 0.000462677368516851 0.000597020912758595 5.12718808027834e-05 1.17644466200106e-05 1.6041740373951e-06 1.46499752207152e-07 2.39969327116007e-06 6.65964981219069e-06 2.21629810990276e-06 3.72834888739959e-07 8.66549387579241e-08 1.04992032390339e-07 7.82140106125873e-08 4.2256146459696e-08 9.8752840038685e-08 2.57486878183499e-06 9.1182162159642e-07 2.11201842914566e-07 2.1007798421957e-07
-9999 -9999 -9999 -9999 -9999 -9999 -9999 -9999 -9999 -9999 9.90259844217967e-06 1.7640473639613e-07 4.26934921049837e-05 6.19615749469005e-05 1.24720105099119e-07 1.96834179155836e-07 7.36864810046978e-07 1.21720074452991e-07 1.42590540153087e-07 9.04644339660976e-07 1.62436546602418e-07 2.47246552009806e-08 4.88460342840114e-08 2.14375249442122e-06 8.24486327100082e-08 2.5436088557651e-07 1.13415724445343e-07 1.66698780046382e-07 8.80049459239807e-07 2.38282938472834e-06 1.95963512084063e-10 0.00120228404205387 4.59019928966242e-05 9.74113917076025e-05 1.81854740988197e-07 1.79119860943544e-07 1.50183201219622e-07 2.79540738490347e-07 6.19866786988332e-07 3.98500839742244e-06 5.43040012732643e-06 2.0483463366805e-06 2.18723852030145e-08 6.7841090067855e-08
-9999 -9999 -9999 -9999 -9999 -9999 -9999 -9999 -9999 -9999 9.88707911428688e-05 1.83774847533069e-06 2.38798035335663e-05 2.73190286186664e-05 2.87413229516087e-07 1.41190487823462e-07 5.57641476517379e-07 3.19030290074629e-07 6.17611778042093e-07 8.00463545669317e-08 4.34946662020153e-09 7.65848795269974e-08 7.53528234442857e-07 3.39542710436902e-07 1.4095331699604e-07 1.60608805477302e-07 8.33378847375776e-08 5.10535612885388e-07 1.33936748691887e-07 2.35172999629718e-07 1.69707410579978e-07 1.35981375803951e-07 4.9542289581872e-07 1.54758735959604e-07 8.083461303654e-08 8.26464752634592e-08 8.4704045422157e-08 3.55980962429836e-07 2.08797130707428e-07 1.6110251233048e-07 1.37796659113176e-06 2.36944532250316e-07 3.27703375657684e-08 5.56096661608052e-08
3.65023245885165e-07 4.29990919719181e-05 -9999 -9999 -9999 -9999 -9999 -9999 -9999 -9999 2.55100404189523e-07 5.64875307565882e-05 0.0214247739667826 8.81689346443615e-07 2.25638546003104e-07 3.01313145512072e-07 1.6174166490579e-07 5.11984647189046e-07 4.55539337407274e-07 2.00066904343377e-07 6.75415641326893e-07 1.86749104372774e-06 3.48151836547572e-05 1.28148974866238e-05 6.66112355074411e-07 4.23399315896411e-07 3.00737256286876e-07 1.09610565011131e-06 7.09475222227529e-05 0.000677648095095162 1.8630567771849e-07 6.31422430487083e-06 4.75125869570547e-05 2.64875636635242e-07 3.78333432060618e-07 1.6775219561227e-07 1.04877912021628e-07 1.01337646796207e-07 2.80420702469808e-07 1.50939335152866e-07 2.47240016204575e-07 1.70162467449941e-09 6.59506228517515e-08 7.45641826160881e-07
1.20388300501872e-06 1.18742435617492e-06 8.86939808719678e-07 4.19828144126999e-07 4.19477498592169e-07 8.99425819722577e-07 0.000204162806059716 5.89480185066105e-05 8.29737668806008e-07 1.71689913153195e-07 2.57102134681997e-07 1.30447304158565e-07 3.44640790465034e-06 5.79323400244691e-05 5.8452518483243e-07 7.67397466883146e-07 9.15954249793849e-05 3.00659267593595e-07 9.45165578825069e-07 1.18596712703312e-05 2.14356485601641e-06 5.88476293617024e-07 3.40400607327096e-06 5.61042593494321e-08 1.89861622712506e-07 6.55838408136766e-08 8.18365415438116e-06 2.64093804147603e-07 1.5091499987463e-07 5.88375761978455e-07 1.77565237580168e-07 2.84206196299319e-07 7.25578436444607e-08 1.87281660259941e-06 1.7914165926225e-07 1.00591529333949e-06 2.46630405043025e-06 5.24067502227776e-07 2.72682333013474e-07 5.11918993972849e-08 9.5799251198514e-09 1.02187377881702e-07 2.40166139657827e-06 0.00122439026716509
7.89257239919294e-06 4.90925315665969e-07 6.8766223835226e-07 1.27328081223066e-06 9.67412795827016e-07 9.13033856209111e-07 1.00652941164014e-06 3.5225806753747e-07 1.99365876896174e-07 1.99421922375542e-07 6.70427243915084e-06 5.94434805678556e-07 2.68072382325624e-07 2.1918803507659e-06 2.19126590376151e-06 3.7989409972905e-06 0.000106416877190596 2.13212719920586e-06 0.000385822955868509 5.69920132975632e-08 2.40182579597015e-05 8.81276233910544e-07 1.63517595708207e-07 2.48310865921586e-05 7.09537281817774e-08 3.69768185259911e-07 4.49560778348346e-07 1.62903352862731e-07 2.00926341054064e-07 1.28644717356519e-07 1.18486687550323e-07 6.16867243092845e-06 5.59218023610253e-07 2.21146778481174e-05 2.37027631744269e-08 0.000161074451973098 1.08535703254864e-06 4.15334730685668e-07 4.05649470924807e-07 2.23787100817052e-07 4.432240674479e-08 1.58468544952939e-09 5.43096697314116e-07 1.89190744106504e-06
1.60686668115861e-07 1.21692578947119e-07 3.31676864639974e-08 8.52159613873304e-08 1.66660903356819e-06 7.13593332157814e-07 1.42741174791183e-06 1.52040620204907e-08 1.93225803135633e-07 1.89752046246161e-05 1.34385296298722e-06 2.11478958789257e-07 0.000111327588421728 0.00844346169071376 0.000597112150876455 0.157832433572867 1.72886709541298e-05 9.07047346627721e-06 1.89544528661489e-07 2.70500389887296e-07 3.23115935962903e-07 0.000235797867458987 4.95140637268854e-07 6.02331013954682e-08 5.74432936950586e-07 1.94240113315924e-06 9.01899021243935e-08 1.51577599094566e-07 1.17762845031066e-08 8.84815857138399e-08 1.90686498591219e-08 1.85777292129874e-06 4.36966333848821e-05 0.000325925947146644 2.41846819404312e-07 1.68828577529201e-07 1.33891059139746e-07 4.7541849357291e-08 4.76205226807025e-08 3.02479324809646e-08 1.93257040093098e-07 5.00312905393763e-07 4.05292580274441e-07 9.55780058986555e-08
7.28353083488953e-06 1.00723687745941e-07 7.16757864727136e-08 1.00033356531526e-07 9.06536580691508e-08 2.99047590912593e-08 1.84135669933916e-08 1.85205594083193e-08 3.07773939889344e-08 2.23100532914522e-07 1.27861319208944e-05 1.73339244229354e-06 3.10235179453722e-06 8.24192713795635e-05 0.00162633704518299 6.36830368205832e-07 6.58281825516305e-07 1.86087724396433e-07 2.38468747308929e-06 4.89617821286537e-08 2.88051284136337e-07 7.26170414577787e-08 1.22169568661512e-07 3.86564696186475e-07 5.37244940979065e-08 4.08117719036261e-06 6.28982813832835e-08 8.66237729657548e-08 3.69522044629811e-08 3.60429182832966e-08 4.65458147136388e-07 6.23739848992777e-08 4.97833294033079e-08 1.62060266095665e-08 2.20374829495995e-12 3.15556354490987e-08 1.00815177862534e-06 3.3200853545301e-07 1.88534395095807e-07 3.69270321248782e-06 8.83266175089048e-07 1.58308249327277e-06 0.00118753911380931 7.6869618326203e-08
1.50706147829749e-05 4.81850184715915e-06 1.0258509380856e-07 6.10630823905112e-08 3.09118634356231e-08 5.43183536150238e-08 1.54077388292428e-08 5.9856593337404e-08 4.22940348632217e-08 0.000133258850775175 1.64392911401579e-05 6.62928857589895e-06 6.08386064071542e-07 1.45223441088138e-06 1.4866844207484e-06 4.41904528414305e-08 2.87790136865862e-07 4.24042067644903e-06 9.24340588959183e-08 1.07531062198962e-07 2.20135619444228e-07 3.50176533815416e-06 7.49086285212197e-07 7.03189749762245e-08 1.53623045884288e-06 3.17711965808209e-06 4.2051510340535e-08 9.12707976974403e-08 1.95949975434817e-05 4.97861144199696e-08 7.5275736378666e-07 1.08368598394915e-07 4.11544762823901e-08 1.89025648289487e-07 0.000514735123671051 8.64321938308654e-06 2.3347990207867e-14 2.17703994133123e-06 4.67104709356292e-08 1.92488069183927e-07 0.000472263927004002 3.44609981994815e-08 1.27041813278828e-05 1.84255989713611e-06
1.03072014234762e-07 4.8879795289114e-08 6.29566352383648e-08 6.28455493423275e-08 2.52882346030159e-07 4.16739602604466e-08 6.82287116360314e-08 1.08839812629213e-07 1.36348057278024e-07 9.42793901648198e-07 1.77933024370081e-07 7.46457377021059e-07 2.6411750034816e-07 6.21669766964761e-07 1.93577938403244e-06 2.84232091440906e-07 1.05187728984824e-06 3.04496190491887e-06 3.83459806988506e-06 4.5852116359324e-08 1.19369906881328e-07 1.01260207552301e-07 0.000135003333114803 9.7362865725259e-08 5.52541471987578e-07 1.43642570076263e-06 4.97726679800081e-06 9.878265173624e-08 1.20918735790898e-07 4.39375061223046e-08 2.60050365535891e-06 3.5817308097208e-08 3.56317493321878e-07 1.9389746247489e-07 2.55337505334907e-06 1.70182459469093e-07 1.12357896941973e-07 5.87729864776065e-12 0.000168884047280393 4.69383012680069e-08 2.16629134219826e-07 1.31658544511026e-08 4.71043511940383e-07 0.000218371360635017
8.73619315739926e-06 6.93566804654822e-08 6.65404334632136e-08 7.4962211871199e-08 3.05587910077731e-06 3.38277054368064e-08 5.64106500733352e-08 5.46377824650612e-08 7.36953358088099e-06 8.31389841282615e-07 1.95791199675277e-07 2.23343447958158e-07 9.77101769605859e-08 6.04973834916755e-08 1.89887347956663e-06 1.63168958398074e-06 1.35712842174174e-06 2.10183774586037e-06 3.2719827630423e-06 1.81876560612082e-07 3.06371604286149e-07 1.06139701339103e-07 1.14708052212364e-07 9.71264217941581e-08 3.77741760265726e-06 3.74578249030533e-06 1.56775214406046e-06 8.2595580507161e-06 2.18075842798315e-06 7.47073704646661e-06 3.64539030783817e-07 1.04467455219748e-07 8.07870418928491e-07 7.18421368950395e-08 5.39202302585196e-08 9.02997609464329e-08 6.84999080236004e-08 4.07772766208847e-07 9.14260221529517e-08 1.68715033110889e-07 4.13800155534161e-05 3.27959881474271e-14 8.62576676752269e-13 7.10975576079242e-08
1.74318927797401e-05 2.40825674957534e-08 6.21096042259239e-06 2.43108807751469e-08 3.88996924893803e-08 2.29334983297136e-06 1.49631647627935e-08 1.39706583535126e-07 2.83047074878251e-07 1.64810692791284e-05 7.33688294773938e-07 1.0795476397818e-06 9.29619546818916e-07 4.47149400006897e-07 2.9609967554034e-05 9.48406933247714e-06 5.03878214610509e-06 1.87449591115829e-06 6.9202758298248e-07 1.18234666990347e-07 3.55771013560435e-07 1.37370186714669e-07 1.71859691175946e-06 1.52531518300414e-06 1.68774903976932e-06 7.7698002842741e-07 5.12323322621189e-07 4.96057714929332e-06 8.4147371767207e-07 2.0161540845165e-06 9.68694568570516e-07 3.42685656196107e-07 7.0982678090914e-08 5.87871926027717e-08 2.51625837277558e-08 3.632892850991e-08 3.75771789018486e-08 8.20110878207991e-08 3.41449784002634e-07 1.08504264806353e-07 1.84387866974944e-08 5.7062159986021e-08 1.1028400415114e-11 2.58049306102293e-05
3.63121779178854e-07 7.26811137941041e-08 1.66007489149633e-06 8.0861727541437e-05 1.07846160540825e-06 5.06699119440235e-08 1.0167235204861e-07 3.7719881862408e-07 1.44258738232983e-05 2.41235430953335e-07 4.17680039566104e-07 0.0102035790479761 2.24560204240554e-06 3.34820472847053e-07 1.72505059381489e-07 2.45834119882993e-07 2.31435452220374e-06 1.81960539546999e-07 4.01735365096467e-07 2.09416318397437e-07 1.59806776333093e-06 2.19461704361601e-06 9.57669952228457e-08 1.20672734771787e-05 9.68087937480711e-08 5.16352977031342e-07 9.96672935503762e-06 2.05874203994094e-05 3.38851035832421e-05 3.57108123819616e-06 2.40152999100296e-06 5.62157515326955e-07 1.26286999690972e-07 2.53187784082787e-07 5.71478550925875e-08 5.69048129395178e-08 1.75243804168002e-07 5.32534637831539e-07 1.24307979798566e-07 0.00132727294964297 1.60336030013974e-06 3.26892451552041e-08 1.83568996559025e-08 7.14991642003504e-08
8.80650160528518e-07 1.49902071067132e-07 5.36926778758051e-06 0.000900457576100955 0.000505789596320483 4.74215367418651e-07 0.00431599883968232 4.82960144199129e-07 3.10187582752697e-07 3.0925481027122e-07 9.9040996714983e-08 4.20479165493814e-06 6.53967496774266e-05 2.40150729957644e-07 2.44088519452124e-07 3.38983697334427e-08 2.78312437824724e-06 3.12839032612366e-07 1.29136137506647e-06 6.8551690334262e-07 1.47920933157852e-07 2.26342639297883e-08 1.99661625233105e-08 4.67734783238249e-08 1.08343566740388e-07 9.77198439433558e-07 1.91543008025485e-05 4.16779777070442e-05 8.21862211457525e-06 3.44129235431367e-05 4.34351355492746e-06 6.86560123936975e-06 8.74719918440015e-06 9.65110243478229e-07 1.75411884240084e-07 0.000112453982775562 7.42491958483083e-07 4.30812197815822e-07 3.92285253580926e-07 5.33599013974317e-08 2.49696476211647e-05 4.9003921254176e-08 5.04154349600938e-08 3.82982351943006e-08
8.97697989535873e-06 1.86261677879163e-06 1.19428279588774e-05 4.54785582053585e-06 6.76833512586184e-06 1.45047504168661e-06 2.43256539032011e-06 2.12752572518848e-05 1.05630653347566e-06 1.93636726280033e-06 7.41956131844468e-07 0.000127703270004265 8.07700803864275e-06 1.94632719537902e-06 4.41639649488845e-06 1.28018409957797e-05 4.96642438972739e-05 3.94583238527701e-07 6.67179435711596e-06 1.56277982898967e-07 6.43697714086677e-07 6.53466343925047e-07 2.80233604621483e-07 8.28715419309844e-07 1.11255046664205e-07 2.43938978239378e-08 1.022772920245e-07 1.8706684596359e-06 3.9802219995333e-06 0.000120815057351487 0.000115555907330112 2.25117175800538e-07 3.76387451515026e-06 2.52080546628841e-06 1.94106776648662e-06 5.66862071704755e-07 4.05573722939145e-08 4.94368226799935e-08 5.38477409997018e-06 3.07535627714905e-06 6.07508919059363e-08 4.60531069723658e-08 4.08768708326512e-08 2.49986222278231e-08
7.72678469151966e-07 2.56917830370185e-05 9.12762957867575e-06 8.15252475327988e-07 3.69289534780659e-06 0.000689683807925279 0.000142505950435767 0.00116973383812289 0.000145516631826181 0.00225215125258782 0.000472093951495911 0.000290505091068594 3.82660372281185e-06 7.51579310476536e-05 1.20477212876002e-05 4.34663345741937e-06 1.62940405098455e-06 1.84911907245011e-06 1.16290413709752e-07 3.12580777706017e-08 1.67943288764683e-07 1.38863551957691e-05 6.40678393228011e-05 6.61861599699609e-05 6.15991259812487e-06 2.12858974247831e-06 2.15242025647377e-07 3.66765033774641e-06 3.05027691325677e-05 3.47796621237295e-06 7.9295209143293e-07 3.89124068055358e-06 9.31327753286304e-06 7.58832357206085e-07 3.42676285495225e-06 5.92253667186515e-07 1.8388292591931e-07 1.54565265808593e-07 6.65548354095158e-08 8.66342716454582e-09 2.31686888785276e-08 7.01388266688419e-08 2.56142474540644e-06 2.76063782195468e-05
2.32870992363798e-05 2.41700134644418e-06 4.16184786881102e-06 1.84316475221324e-06 8.43663148897278e-07 3.94850238960576e-07 2.52634623647552e-06 2.28732290007416e-06 9.80370137162456e-06 0.010520531384384 0.000165452896221607 8.79192350156099e-07 9.68115368427114e-08 5.37207120443472e-07 1.07995672704031e-05 1.99684392101496e-06 6.54800395303967e-05 7.10862030781634e-06 8.29770258570228e-07 1.5715513390635e-07 4.31335287684464e-05 2.04485560381662e-05 0.000282848923564383 0.000844735718409817 1.41022720625772e-05 1.03782659931495e-06 2.01436812070632e-06 2.63834656300532e-05 1.25062098087492e-06 3.80072201044968e-08 5.19083613770288e-07 2.22505748173063e-06 4.22782826617896e-06 1.79772363095854e-06 3.46709477283547e-07 1.51012142335372e-07 2.83520414590122e-08 3.38331324190033e-07 2.30470999174059e-08 1.37313590198307e-07 4.63759852964429e-08 1.65397425408997e-06 2.66137169186997e-06 0.000155735098051024
1.98966763923503e-06 1.38392494055672e-06 2.41409363793688e-06 1.00980966499797e-07 2.19084610098008e-07 6.30526318727842e-06 0.000163586829259188 1.17029049754302e-06 9.90352271922346e-06 2.40953967922675e-07 1.52944264397714e-07 1.15332590669981e-06 6.77810838189963e-07 0.000678425466287058 1.4570651965462e-05 1.90174570232626e-06 2.90254347796948e-05 4.01633936186752e-07 7.9446772938141e-08 8.73353131258803e-08 3.07687502331122e-06 7.33826349550437e-06 8.77499140916616e-06 2.43821189885529e-05 3.94599419037411e-05 2.74055743061385e-06 1.94668712125701e-06 9.10004169873968e-07 1.77472103013443e-07 2.2257256550029e-07 5.05245339654792e-07 5.43595887493309e-06 3.66244008705996e-06 1.59072445357067e-06 1.71364242002037e-06 6.13349215083936e-07 1.57073068351998e-07 6.61481659336438e-08 3.30623339261926e-08 2.28737764784714e-07 1.66191930751625e-06 2.99106903681734e-06 5.95422863569617e-07 1.7317441575182e-07
1.28653957119917e-05 3.28588903175664e-07 1.09417245774956e-05 2.02665607262897e-06 2.19795726141392e-05 1.27971803074334e-05 7.45517660394324e-07 5.65644559791245e-07 0.000524430126926612 5.25544417184776e-07 0.000514740888675147 7.8282118742834e-08 5.89771703363162e-08 7.89659661259989e-07 0.00658567052432772 7.70754161250053e-07 1.18103934477753e-06 7.85472112574404e-08 2.27021136467442e-07 9.33673805159074e-08 3.85588983076168e-08 4.81031229182527e-08 9.93802527826659e-08 1.110437079066e-07 1.43376483978663e-06 2.84749683997498e-06 8.28647973163399e-06 5.00303461914431e-07 1.35373552414553e-06 1.00311768812533e-06 8.58908403533754e-07 5.96721995971272e-07 1.76684883721467e-06 3.41631276012944e-07 1.04504835793939e-06 2.54510857389256e-08 2.17004197914372e-06 0.000129347255687884 2.85225619733875e-07 2.43436158420263e-07 4.35559841405198e-07 6.18307049304878e-07 3.91087986961747e-07 1.59455464751046e-06
