Maxent_result_files_1/Bombus_sylvarum_3.asc
NCOLS 594 
NROWS 330 
XLLCORNER -15 
YLLCORNER 23 
CELLSIZE 0.166666666666667 
NODATA_value -9999 
[rows 252 to 272 of 330, columns 92 to 137 of 594]
8.29801345714198e-07 1.83503581441258e-08 2.15568939920807e-07 7.22285930987443e-07 3.41474642219231e-06 3.37117297304346e-06 4.24521867950611e-05 0.00578697472228669 0.00496475005056709 0.0172366598621011 0.0339374290779233 0.0340815432369709 0.0395072864368558 0.0212551828473806 0.00539928417274496 0.00706370775587857 0.00284500673878938 0.0142977968789637 0.00190275168279186 0.000566992695348745 1.87178511915742e-05 8.77250308652933e-06 6.71581392780451e-06 8.20752144932158e-05 0.000165722466175477 0.00291809637274127 0.029758932068944 0.0610947545617819 0.165348259359598 0.0549696464091539 0.0471193186938763 0.0190374568104744 0.0181196672841907 0.0176064155995846 0.053307431936264 0.0526689907535911 0.0699072744697332 0.0096692715305835 0.0784332931041718 0.0510080058127642 0.0532233961857855 0.0414748651906848 0.0492660788819194 0.0328282909467816 0.00510184916311118 9.31264874341697e-05
4.14004926652112e-07 1.35841699944184e-07 1.54420268463351e-06 2.21723707918287e-06 1.68571689385111e-07 1.13166851960167e-05 0.00816838452592492 0.000126286590631253 0.00256141113350168 0.0109442295506597 0.00737131251953542 0.00232472873758525 0.0017324709915556 0.000288500418355397 1.40227682166483e-05 9.28550646037252e-05 0.000334914108680096 0.00039309393032454 2.15976548105346e-05 4.30881590288701e-06 1.589523962231e-06 3.56138603008205e-07 9.8917895208217e-09 3.2448002174057e-09 1.95357132692919e-09 1.75191826934373e-08 7.67327048389887e-07 0.000533981205273892 0.0202296157367527 0.0649126970209181 0.0860250439494848 0.0678422175347805 0.0207169702276587 0.0462658574804664 0.0577924393117428 0.0367793414741755 0.0245752426795661 0.0405688093975186 0.00851874905638397 0.0043313400587067 0.0015189914894442 0.00709449961577775 0.0622163567692041 0.0692117646336556 0.00274500206035744 0.000132460507677701
2.34469659718961e-06 6.48325124030791e-08 1.5342390831341e-06 3.11623969483033e-05 1.7490155870592e-05 8.66328293369634e-07 3.2256288104715e-05 0.00308692086837254 0.0116909991949797 0.00496574873104691 0.00320293635013513 0.000272230600330658 6.95022267791501e-05 5.65653654007292e-05 2.61851846936167e-05 9.68063300037514e-06 7.09737314907866e-06 4.40936997001984e-05 7.12234134672141e-06 5.54896586800746e-06 1.40102319043933e-06 7.84765271322208e-08 5.92494235895913e-09 5.3534954247425e-10 8.880050472726e-10 8.22754042673068e-10 3.0036111375864e-10 1.38355181755756e-09 2.8677930752341e-08 9.17049062643116e-07 0.00114837761357194 0.00521399684948847 0.0582223325967789 0.219342784583569 0.200527337193489 0.0627278409898281 0.0693019676953554 0.010148318996653 0.0170653008855879 0.00504814881534803 0.0010295678894181 0.0025077084813596 0.0338152991607785 0.0336474776268005 0.0131773058325052 0.0119561116880504
6.27259876360142e-06 1.11390539356826e-06 3.76692966641556e-07 2.0260395299232e-06 8.20752455070961e-05 0.00895454859710298 0.0129172602668405 0.0128336455672979 0.0123937563039362 0.0105149044888094 0.00101878498593368 0.000205249412159658 5.05575980696449e-05 0.000143904549049312 0.00169087146859965 0.00351940665859729 0.000257149366916565 5.87647715008188e-05 0.00953051615506411 0.00159254665049957 6.98350515339063e-06 2.29454079515579e-06 1.70701251545058e-07 5.49142198380537e-10 1.36236522063626e-10 6.00138161388486e-11 1.58865109955997e-10 1.82737858178683e-10 2.50381266830857e-09 8.16248090229621e-09 1.70488547412972e-07 0.000268185039201585 0.010509170498699 0.0214590136893094 0.0617652252316475 0.293253980576992 0.0788559660315514 0.063491328805685 0.062252751365304 0.11992285400629 0.0426886010915041 0.033076854608953 0.0128035596106201 0.047331459261477 0.021159880515188 0.0503723276779056
0.00592377230350394 1.21001830166279e-05 6.81322540106777e-05 0.000550869495236839 0.00910971004050225 0.0146573124453425 0.0343443840742111 0.0193559990264475 0.0105280985124409 0.00562325350474566 0.000232695739396149 0.000292511961760467 7.69938068629017e-05 0.000195264190460875 0.00128150883247145 0.00135116117889993 0.00399779451545328 0.00164758758619428 0.00125848599927849 1.57067136207556e-05 1.73961960812097e-05 7.58125588212977e-05 1.78812623108371e-06 1.21615120862728e-08 2.53548277928672e-09 2.63847130810291e-09 1.31498555377974e-09 5.08595132675538e-10 1.6120360046834e-09 3.70139761063371e-09 1.50468967596851e-07 0.00126373890088871 0.0021916622412391 0.00761039271019399 0.0105165044777095 0.060285684466362 0.104204142838717 0.132491170614958 0.00969802290201187 0.0267986344173551 0.00458730163518339 0.0506450327113271 0.0154658695682883 0.00946731371805072 0.0119825307279825 0.0223799342289567
0.000223405901584783 7.82647371226908e-05 6.04146824001783e-05 0.000352236883782098 0.0305543469265103 0.0247392948716879 0.0323387637734413 0.0362415293231606 0.0278381511569023 0.0109079881571233 0.00408468958339654 0.000987849033458588 0.000116557580765786 0.000271348004935135 0.00489287544041872 0.00058485031768214 0.00290880207903683 0.000645934508793289 0.000199894202833306 0.00209608882432803 0.00891626975499094 0.00454103772062808 0.00129503874341026 0.00110176953021437 0.000252056835620351 1.87694706745845e-06 2.36142482568091e-08 4.83567412379315e-07 3.83440220574904e-08 1.40179767460502e-08 3.98256673195263e-09 5.4367537138944e-10 1.01933972485035e-07 0.00217262997757643 0.00279295323416591 0.00415478870272636 0.022177012078464 0.0053128297207877 0.00211269361898303 0.00226140435552225 0.00575287092942744 0.00770666594617069 0.0257242967374623 0.00377422876190394 0.00234005625825375 0.00442603779956698
0.0161981921643019 0.00778175517916679 0.000355258260970004 0.0129204649943858 0.0301095416769385 0.0341543661430478 0.016677506454289 0.0229082603007555 0.0181291616521776 0.0127364677842706 0.00435562244383618 0.000232598970251274 6.96668062829531e-05 4.4064653411624e-05 8.1511923063704e-05 0.000149306132334459 0.00149178540159483 0.000928567268420011 0.0265135997906327 0.00318343450780958 0.00245152626885101 0.00235095018288121 0.0017518873908557 0.00126852382090874 4.38598086649478e-05 1.65119127686353e-06 2.01397343744247e-06 1.67764190117659e-07 5.27895508417586e-09 6.9962813320501e-11 1.18797638393175e-11 2.13875361865234e-11 2.81242362731859e-11 8.76353545287145e-11 2.89231212580177e-07 1.128823747365e-06 1.69046960918351e-07 4.60509820399135e-07 3.50954697037054e-07 0.00148073867312632 5.48861125436062e-05 8.20586395633427e-05 0.00145292426022934 6.36042638319623e-05 4.79007177304425e-05 0.00110201121606224
0.0128753600176424 0.00805839109234512 0.00223207601811737 0.00996669521555305 0.0181281927041709 0.0105251413304359 0.0112351985182613 0.0148689641617239 0.0053920817328617 0.00351695446297526 0.0069210717221722 0.000165888871089115 3.56627208475402e-05 6.59430513941128e-05 0.000258213213510317 0.00198809790890664 0.00918267304077744 0.0129160888493061 0.0274809214286506 0.00530732318293303 0.0027029863325879 0.00183177726576105 0.00114956413162872 8.96263647518936e-05 3.08431266093923e-06 6.54632603325211e-07 1.99310074777692e-08 1.46833745162667e-10 2.72393996247899e-11 7.35206340252148e-11 1.07457664988431e-10 2.97135649418578e-12 8.99202934334653e-13 9.09439190621697e-13 1.61048951952125e-13 2.29094521131401e-13 3.53739260106067e-13 4.42756942220512e-13 2.30602203998842e-12 7.67206298490919e-12 3.80890541329393e-11 1.64497981902656e-10 3.01745288755484e-09 8.98343189725814e-08 4.56010023015541e-06 1.97597977223407e-05
0.00664728982374072 0.00515029458329082 0.0010000231617596 0.000413495284738019 0.000469282401900273 0.00157657183008268 0.000941793527454138 0.000930388638516888 0.00280234462115914 0.00278750057332218 0.00262349062832072 0.00109411012381315 0.000522068337886594 0.00190198833588511 0.00642378339543939 0.0246568014845252 0.0328004412353039 0.0134012445807457 0.00489237539004535 0.00259022701065987 0.00148991362657398 0.00122573854750954 0.000872988699120469 1.02811959910021e-06 1.37380729792191e-08 1.07479832811563e-09 1.67759905966847e-10 2.92423640857464e-11 6.28901708488172e-11 4.92688112530004e-12 6.02247141046064e-12 2.84823276075485e-12 1.13400400181263e-12 3.95883326120838e-13 2.09976480647356e-13 9.9209529480504e-14 2.30060415162825e-13 3.43924888568381e-13 5.59052804049998e-13 8.17867995550614e-13 1.97106775345901e-12 9.78793712747006e-12 3.58557294966033e-11 1.20018883720263e-10 2.54680279088149e-09 3.57735088885036e-08
0.000519670560152008 0.000375077677927038 4.14694933169812e-05 1.34812836213527e-05 0.000616730675756116 0.000691010733135045 0.00251822167774662 0.00118853575841058 0.00690163760446012 0.00174007356981747 0.00196966292569414 0.00561160536017269 0.00121890243608505 0.00286879821214825 0.00357568382751197 0.00397515329532325 0.00279592319857329 0.00123296880628914 3.4782624565366e-05 4.81820492638341e-05 0.000784017710248008 0.000874024670338258 8.27317738538724e-08 2.71818553221337e-09 1.95837879246596e-10 4.65453564579832e-11 2.18230877813141e-11 8.24863288784172e-11 6.73307298804104e-11 7.50877138244732e-12 3.21382920276392e-12 1.25051080601679e-12 5.15409936951983e-13 1.41087141969365e-13 3.9279690611238e-14 3.17856851950182e-14 8.58313420337709e-14 5.17852427606158e-13 3.72979425122821e-13 4.12958556239573e-13 1.04023456515279e-12 1.99726901684016e-12 6.74549305301753e-12 1.60191859777115e-11 4.55216397909908e-10 6.32003516187751e-10
8.31988102950598e-06 9.65428585701922e-06 2.74837103319214e-05 3.94532789869118e-05 0.00095485522178933 0.00203760111471638 0.00207259746966884 0.00249521267833188 0.00849456354044378 0.000976757152238861 0.00327707736287266 0.00608081840910017 0.00268705848138779 0.00161032443866134 0.0010867815988604 0.000775427627377212 1.24326644928008e-05 1.60591298449253e-06 3.98413443858381e-07 1.05665045319059e-06 7.04981651977743e-06 3.77171211707328e-08 1.19283557475924e-09 1.50737311521709e-10 4.0505276910352e-11 5.11247821854965e-11 5.0240189786166e-11 3.18950421629438e-11 1.99824823354788e-11 6.1185501110117e-12 2.13689066441702e-12 8.44724290516297e-13 2.05091499339005e-13 1.11766151889015e-13 3.63487018262276e-14 4.80393502755305e-14 3.24296145493008e-14 4.51083614905201e-14 1.42430511829161e-13 1.76425540843184e-13 4.89930318536835e-13 1.28534960452953e-12 1.93502991407968e-12 2.25275353926691e-12 8.73234817788671e-13 1.18843823671e-12
9.87746943164058e-06 9.40349691685993e-06 2.83302322802603e-05 0.000625154533918249 0.000545481986773666 0.000576356440433301 0.00146494950167835 0.00167687929933891 0.00161317104939371 0.00349432479124516 0.00898032411932945 0.00131381553364918 0.00028840817467426 1.2178574648658e-05 0.000210945948128938 9.59861163440934e-07 1.26527543742316e-07 4.476699395628e-08 9.46117645894695e-08 2.35231499501332e-08 4.33163471758036e-09 9.619415930473e-10 2.65314570313535e-10 1.29713484398053e-10 6.73366917780527e-11 1.30605637416181e-10 7.83565989870283e-11 4.40712355498363e-11 1.82915016466723e-11 4.79862816149534e-12 1.45502498938299e-12 5.58031398867342e-13 9.5590202420226e-14 1.88693505265292e-13 4.18221013376296e-14 2.77999845366139e-14 6.47926157171241e-14 1.82565074169361e-13 3.90443233300175e-13 1.50301993073754e-13 1.94488869453835e-13 8.14104339497135e-13 8.29059043638836e-13 2.83983947468869e-13 1.09545705839764e-13 9.81437153768638e-14
2.2182363886003e-05 2.11858944453525e-05 8.54905483720358e-05 0.000335431503481232 0.000407768796139862 0.000487113153212704 0.000508831127081066 0.0010934054851532 0.0020281313569285 0.00161419697105885 0.00130960079841316 0.000938707627938129 3.85316955764381e-07 3.7450377377013e-07 1.60280448735506e-07 7.58208503315316e-08 4.02045956304775e-08 2.4650258945158e-09 1.47516088233601e-09 1.07650766079104e-09 1.31662577507186e-09 1.382283487672e-09 8.77572725599407e-10 7.10230096956366e-10 1.39662170717259e-10 1.05995279220394e-10 3.85238507760732e-11 1.68565938984955e-11 8.50772785554454e-12 3.3400615606638e-12 1.53154156024016e-12 5.76572123378583e-13 1.62014845983549e-13 4.70690153520081e-13 1.6304735339645e-13 3.2218672174622e-14 8.14126543957627e-14 2.98716607005645e-13 5.69921887461078e-13 3.46500605985511e-13 2.87814216903826e-13 6.98829882850305e-13 7.83650921931667e-13 7.21556148164382e-13 5.63482593918252e-13 2.63548072254594e-12
0.000232438702732907 0.000350562347011874 0.000278091224026866 0.000405858471640386 0.00224970404524356 0.00147158935433254 0.0012949736090377 0.000910472410032526 0.000211350154859247 0.000238919316325337 0.000220808207814116 7.58621292618056e-07 1.1206857324364e-07 7.31251899477314e-08 1.51818787097469e-08 2.85686768131121e-08 2.06717458928196e-08 8.34736819665949e-09 1.87898634429473e-09 2.00022312046855e-09 4.5733802078729e-09 4.74469308286984e-09 2.03804511045291e-09 6.98883539929085e-10 1.53867629748561e-10 8.97552920875455e-11 2.30635510689581e-11 1.1978251723832e-11 7.07642833219779e-12 3.62053720337485e-12 1.89924742599601e-12 8.76543282402054e-13 2.33868480137289e-13 1.23634436022257e-13 1.82698300932316e-13 9.5723429183181e-14 1.9586554600437e-13 2.9813929103284e-13 3.9039882437919e-13 4.29700719450921e-13 3.75266484553549e-13 4.70679051289835e-13 6.55508980429431e-13 4.76296779794438e-13 9.79105685416926e-14 2.60902410786912e-14
0.000210154893284198 0.000241646605718415 0.000655110899242573 0.000783173006493598 0.000899721455061808 0.000260401215928141 0.000857324444223195 0.000681703686132096 0.000177860703115584 5.95487683741069e-07 2.16756333903945e-07 4.31403564249422e-07 7.97239977257114e-08 3.08437267060313e-08 2.07152894060592e-08 1.69903374813707e-08 1.88494269193207e-08 1.19399694575861e-08 6.2891445939961e-09 7.78621014330128e-09 4.81118513917522e-09 2.2472473215629e-09 1.01208609271097e-09 3.64094843163798e-10 1.51943857495951e-10 5.96503180183561e-11 2.25955365529273e-11 9.3419050273269e-12 5.50304246615951e-12 2.75623968093441e-12 1.32588384715859e-12 4.24271728860504e-13 2.64455124465712e-13 5.71753755451709e-13 2.717492897375e-13 1.75170988825357e-13 2.26663132707472e-13 3.15558690289208e-13 4.72688554964407e-13 4.94260188332873e-13 3.19722026631553e-13 4.16289225313449e-13 4.02167188440217e-13 2.61712873594888e-13 1.24111831922846e-13 4.20663504030472e-14
0.000462650127883535 0.000442989924340509 0.000165633358847117 0.000148268352677405 0.000129057395679411 0.00012864009547684 2.62453801069151e-05 8.3638382690765e-06 5.29612196986662e-07 1.65151947173481e-07 8.49901600208369e-08 8.78254085012742e-08 4.38962676096999e-08 4.19600921897079e-08 2.29253615535718e-08 1.2911810476357e-08 9.70495463992194e-09 6.88199323084504e-09 4.09521999644724e-09 4.66072698213083e-09 1.79093948560194e-09 6.49073916836329e-10 4.02166167035034e-10 1.65507674232401e-10 7.62305996104828e-11 3.12490366916052e-11 1.21966992061573e-11 4.77852202251938e-12 1.43020040255237e-12 4.70001815244814e-13 4.40147918112643e-13 2.97928348658161e-13 3.86479737102263e-13 3.49975604052588e-13 2.66731081666194e-13 1.47593048893668e-13 1.73727698893344e-13 2.38775665906132e-13 4.50539605623135e-13 4.82691664416279e-13 2.19124718370267e-13 2.66875410659395e-13 2.65898414397725e-13 2.22200036148479e-13 1.31483712806357e-13 7.89923682020799e-14
1.29023611869172e-05 1.81814802852065e-06 5.45695228026943e-06 1.00310122876923e-06 5.99338213336242e-07 3.83460417219261e-07 1.1899295162543e-07 2.95146983275707e-07 1.30175779811115e-07 3.2552090278859e-08 1.73652614177122e-08 2.34388108921735e-08 1.89174034548323e-08 6.96362872920631e-09 3.81743852084782e-09 2.4746933724451e-09 1.77739729601001e-09 1.54032944177374e-09 1.57668312850134e-09 1.2172917562836e-09 5.00027086403065e-10 3.3716300862352e-10 9.73716551833093e-11 4.99563612699205e-11 2.33143060412999e-11 1.19636966999792e-11 5.36379829441103e-12 2.83857382044062e-12 6.13664674631309e-13 1.49624757028732e-13 1.17339471472633e-13 1.7492673975994e-13 9.28701560098943e-14 1.13153930669796e-13 9.66338120633736e-14 9.18154441365004e-14 1.38289379947309e-13 1.56330504097468e-13 1.63180580159406e-13 1.97830640757957e-13 1.05637720793084e-13 1.24955601421561e-13 1.30595534386657e-13 9.21707155043805e-14 7.60058682658382e-14 5.38680211548126e-14
2.6114120199594e-07 1.2781535106976e-07 1.85245627060127e-07 1.96146039488365e-07 6.1876530021987e-08 3.16852346249341e-08 2.02136460458746e-08 2.8416188169178e-08 1.01655567741332e-08 3.81605552712827e-09 1.86515637379259e-09 3.16445949444244e-09 2.33522620129989e-09 1.12213435210506e-09 7.00403168796271e-10 5.02003116853444e-10 4.63997862354404e-10 5.62409907534089e-10 1.02207242669294e-09 5.12074560532483e-10 1.01915620387416e-10 5.59240542763462e-11 2.55380272484729e-11 1.2087131295857e-11 8.8372198447928e-12 4.76815253946938e-12 2.59287036286082e-12 8.79851747015437e-13 4.02122779519232e-13 1.79201098404747e-13 1.16529008664656e-13 9.47131262307721e-14 5.6665783176868e-14 5.50226531004228e-14 2.50388598743712e-13 6.18616269321137e-14 9.26592136352156e-14 8.93174423310938e-14 7.53508366813094e-14 5.53779244683028e-14 5.27133892092024e-14 6.15507644852187e-14 4.6029846600959e-14 3.98570065840431e-14 3.15525383598469e-14 2.6700863742235e-14
1.42964430405179e-08 2.81518300671024e-08 3.05996939342634e-08 2.35308213580865e-08 9.06740053041588e-09 2.2705111235588e-09 6.2787323118485e-10 1.77822392366522e-09 2.22789008352819e-09 1.55358221842761e-09 1.0759558799478e-09 5.2906736769387e-10 7.41333228138075e-10 4.20496082398358e-10 2.16097362226719e-10 1.76845804666925e-10 2.32036079239606e-10 5.97079985453775e-10 5.80915726633435e-10 1.21511689599174e-10 4.57048288105e-11 1.69160574436944e-11 1.08524855768621e-11 3.82375242580224e-12 2.61139998514182e-12 2.07175387956227e-12 9.35607147312112e-13 1.93900451250784e-13 1.4720447083505e-13 1.32027722088424e-13 7.60724816473157e-14 3.27515792264421e-14 3.2041036490682e-14 5.19917442431961e-14 2.75224287804576e-14 3.42170736189473e-14 5.16142684148235e-14 4.82502926502093e-14 3.69482222595252e-14 2.38031816479634e-14 1.81743509131138e-14 2.34368080498371e-14 2.08277839419679e-14 1.98507876802978e-14 1.66644475996236e-14 1.21902488103842e-14
9.06304952197345e-09 9.53106805701154e-09 1.06867881766171e-08 5.08593428483195e-09 3.63922308954656e-09 2.58968974042872e-09 6.67011790245198e-10 8.30751312186351e-10 6.7524800195784e-10 6.3983468523432e-10 3.13188541767317e-10 1.40151168448455e-10 1.42897882415838e-10 9.84960335514984e-11 7.93362486817273e-11 9.66649649214446e-11 1.35136468681907e-10 1.34617350600053e-10 9.56630441528716e-11 3.74201336583724e-11 1.96293759024968e-11 3.96920274425838e-12 2.67371680351403e-12 8.26783086438354e-13 7.13473724545111e-13 9.77362635268264e-13 3.22730731028287e-13 2.09754436042431e-13 1.22957199977236e-13 7.68829444552921e-14 2.41029418646121e-14 1.16351372980716e-14 1.54876111935209e-14 1.783018177548e-14 2.04392058833491e-14 2.33812968986058e-14 2.44693154627385e-14 2.20601314993019e-14 2.13495887635418e-14 1.3855583347322e-14 9.93649607039515e-15 1.02806652080289e-14 1.01141317543352e-14 1.05360165036927e-14 9.52571355128384e-15 6.89448498292222e-15
3.4564225814826e-09 2.535057164188e-09 2.00674739048168e-09 1.31906328082465e-09 1.53000870861675e-09 1.10789101226416e-09 6.32613128548343e-10 3.18122350684291e-10 1.6867121033215e-10 7.40296934864659e-11 4.37126224106521e-11 1.92168503332368e-11 1.97218019692968e-11 1.85474413605391e-11 1.95135019254167e-11 1.90290894153122e-11 4.98196262022077e-11 1.37321265469836e-11 1.30446764501357e-11 1.3873169280032e-11 4.53380666343151e-12 1.82170944995619e-12 6.50157705450738e-13 4.39437375376883e-13 3.12072589991885e-13 3.14781534171971e-13 2.08655315248052e-13 1.12954090525363e-13 6.95110635717811e-14 4.13558076672871e-14 1.40221168010157e-14 1.30007116183606e-14 8.43769498715119e-15 9.70334923522387e-15 1.07913677993565e-14 1.19571019752129e-14 1.0902390101819e-14 1.10356168647741e-14 1.23456800338317e-14 1.02917674382752e-14 5.6621374255883e-15 4.51860771022439e-15 4.2632564145606e-15 3.9190872769268e-15 3.94129173741931e-15 3.1863400806742e-15
