Maxent_result_files_1/Bombus_campestris_2.asc
NCOLS 594 
NROWS 330 
XLLCORNER -15 
YLLCORNER 23 
CELLSIZE 0.166666666666667 
NODATA_value -9999 
[rows 273 to 293 of 330, columns 92 to 137 of 594]
0.000287423538975418 0.0002743408549577 0.000261853491247166 0.000244235493300948 0.000232007600425277 0.000216818226908799 0.000197312521777349 0.000178965739178238 0.000162413020007079 0.000134931267530192 0.000118887174176052 0.00010953861346934 0.000100652485343744 0.000105961191366077 0.000100505640875781 8.96615270903567e-05 0.000107051236409461 9.74615093582543e-05 9.8229444847675e-05 9.29860121686943e-05 0.000213123330468079 6.7380757900537e-05 6.476560010924e-05 5.74045598114026e-05 5.19140499818604e-05 4.82972942336346e-05 4.37525601228117e-05 4.28015142460936e-05 4.01695853724959e-05 3.45438927979558e-05 2.31408189392823e-05 2.54214152846544e-05 2.56250746133446e-05 2.39796103414847e-05 2.41325188653718e-05 2.58591177043854e-05 2.54710431363492e-05 2.52590290074295e-05 2.53135319326248e-05 2.47910959842557e-05 2.10004316613777e-05 2.06628334126435e-05 2.07285138458246e-05 1.94378404557938e-05 1.92627021533553e-05 1.8063547940983e-05
0.000211881455470575 0.000222039474465419 0.000213202637678478 0.000196736452926416 0.000177425861329539 0.000158558641123818 0.00014900714813848 0.000135158364719246 0.000131491181673482 0.000116479411371984 9.39926598221064e-05 8.37454233987955e-05 6.30871512839804e-05 6.64723782392684e-05 6.19361220742576e-05 5.61703669518465e-05 8.42394034407334e-05 7.25477144442266e-05 5.98737571635866e-05 6.58431828924222e-05 6.12515337707009e-05 5.73780011109193e-05 5.39253185706912e-05 4.66823643364478e-05 4.30650054113357e-05 4.30995611168328e-05 3.91421997846919e-05 3.69813516954309e-05 3.13036095576535e-05 2.42537144004018e-05 1.85993862032774e-05 1.98918095520639e-05 2.00773716642289e-05 2.36516049881175e-05 2.33987108913425e-05 2.26057788495382e-05 2.14645528103574e-05 2.21678113121015e-05 2.29558381761308e-05 2.14003852306632e-05 1.85287560270808e-05 1.80130548869784e-05 1.77605527824198e-05 1.73372039171227e-05 1.73023603565525e-05 1.65679121892026e-05
0.000160294941451866 0.000169449430541135 0.000167973797215382 0.000150831574865151 0.000132218257931527 0.000120028364472091 0.000115127013486926 0.00010544774668233 0.000105223850187031 0.000100753045626334 8.35692233522423e-05 6.41574239125475e-05 5.1169181278965e-05 4.48085638709017e-05 4.10734583056183e-05 4.25316924520303e-05 5.68270952499006e-05 5.61377668418572e-05 5.07149479744839e-05 5.16535486895009e-05 4.56525160188903e-05 4.74908980322653e-05 4.38294733612565e-05 4.0045286732493e-05 3.68654726116802e-05 3.30297481923481e-05 2.942689043266e-05 2.8114185170125e-05 2.50315396442602e-05 2.11946571653243e-05 1.66016340699571e-05 1.71593025697803e-05 2.08003826628556e-05 2.30618999012222e-05 2.26702229156217e-05 2.09130380426359e-05 2.110178802468e-05 2.09166205422662e-05 2.0876174676232e-05 2.04259172278398e-05 1.67044567206176e-05 1.58479698711744e-05 1.62462689331733e-05 1.65785020726617e-05 1.53882962422358e-05 1.58273338001891e-05
0.00016145159243024 0.000145868072286248 0.000117772011435591 0.000106343020888744 9.78598225628957e-05 9.23657880775863e-05 8.95361314178444e-05 8.42548586660996e-05 7.57184760004748e-05 6.46427062747534e-05 5.61737360840198e-05 4.93500667289482e-05 4.19002359194565e-05 3.64462730431114e-05 3.35986927893828e-05 3.4330363268964e-05 3.69449375284603e-05 3.47410636095447e-05 3.7159168641665e-05 3.77669417503057e-05 3.86403300581151e-05 3.85193816327956e-05 3.53464354702737e-05 3.26685896652634e-05 3.03293923025194e-05 2.79946627415484e-05 2.7209170639253e-05 2.543162809161e-05 2.28384553338401e-05 6.51642945740605e-05 8.14301485661417e-05 1.67872252859524e-05 1.84197615453741e-05 3.08893859255477e-05 2.23324249418511e-05 2.05525926503469e-05 1.81084172254486e-05 1.83861487130343e-05 1.8477655157767e-05 1.91985698620556e-05 1.63436606726464e-05 1.49789068473183e-05 1.43779369409458e-05 1.46041421885457e-05 1.45470546158322e-05 1.36871296945174e-05
0.000132432865939336 0.000118730119720567 0.000108476441528182 9.71050212683622e-05 7.94944709923584e-05 7.19486553862225e-05 6.59860103041865e-05 5.66262113352423e-05 5.53151525309659e-05 5.3525119801634e-05 5.27968599271844e-05 4.47863683803007e-05 3.82382722818875e-05 3.41520979418419e-05 2.76156241852732e-05 2.4194079105655e-05 2.6010629699158e-05 2.4811555067572e-05 3.18349850203958e-05 3.16784437018214e-05 2.98031358397566e-05 2.84626327811566e-05 2.70249785899068e-05 2.67114891357778e-05 2.49876032285101e-05 2.39863907154358e-05 2.40466702962294e-05 2.17543673898035e-05 2.07434381081839e-05 1.90000362636056e-05 1.59839114985516e-05 1.58874498538353e-05 1.66245858508773e-05 1.74199182765733e-05 6.52886603347724e-05 1.79914608452236e-05 1.59309249283979e-05 1.59543569679954e-05 1.68721820045903e-05 1.6831185985211e-05 1.43524459417677e-05 1.42519655128126e-05 1.41641469326714e-05 1.34907429128361e-05 1.35208343181148e-05 1.35079605570354e-05
0.000104057604403351 9.24680804018862e-05 9.05822475033347e-05 8.91494542884175e-05 7.49373786675278e-05 5.58681636903202e-05 5.28057080373401e-05 5.3641141494154e-05 5.36236510015442e-05 4.87217123009032e-05 4.5384950863081e-05 3.9381696296914e-05 3.21180146784172e-05 2.91820622805972e-05 2.31787168559094e-05 2.18569971366378e-05 2.2598050054512e-05 2.482461704858e-05 2.28749959205743e-05 2.34773930969823e-05 2.35309706113185e-05 2.60630813500029e-05 2.37679243582534e-05 2.33908201153099e-05 2.41320826717129e-05 2.26060987188248e-05 1.92885647265939e-05 1.86413923074724e-05 1.99383813196619e-05 1.59744666234474e-05 1.43016310175881e-05 1.52758847434598e-05 1.56094936301088e-05 1.59065206389641e-05 1.64860947279522e-05 1.61378009124746e-05 1.57550463882217e-05 1.47363278756529e-05 1.47194971759745e-05 1.48847073887737e-05 1.33212034143071e-05 1.35940729251161e-05 1.3993940774526e-05 1.39303685045888e-05 1.33108710997476e-05 1.32279813897185e-05
7.13663379428908e-05 6.92374542268226e-05 6.57256659906125e-05 6.3198221323546e-05 6.02872145464062e-05 4.9598319492361e-05 4.94245070512989e-05 5.01118800457334e-05 4.63218368167873e-05 4.27489751018584e-05 3.85310953788576e-05 3.57059752786881e-05 3.15855339977134e-05 2.83896866676514e-05 2.28347489610314e-05 2.18888456402055e-05 2.28968909141258e-05 2.52494686719729e-05 2.45690036535962e-05 2.23355942580383e-05 2.18939014303032e-05 2.28379045438487e-05 2.17661175156536e-05 2.11711712836404e-05 2.19839341298211e-05 1.89246327863657e-05 1.61880335326714e-05 1.7769463465811e-05 1.69147833730676e-05 1.45427786719665e-05 1.37758338041749e-05 1.50927594404493e-05 1.44766690027609e-05 1.41127898132254e-05 1.48850481309637e-05 1.55993358021078e-05 1.64382395269058e-05 1.62568570431176e-05 1.54088816543663e-05 1.32858657252655e-05 1.21941640827572e-05 1.19576081942796e-05 1.24186919947533e-05 1.3347456797419e-05 1.37309858018853e-05 1.27895592868299e-05
6.01004436248331e-05 6.20009695921908e-05 6.00706238401472e-05 4.94051055284217e-05 4.89094785734778e-05 5.02052691444987e-05 4.68107085907832e-05 4.43956207163865e-05 4.2797362220881e-05 4.12141082051676e-05 3.98295613194932e-05 3.49851712599047e-05 3.12552306240832e-05 2.9712874948018e-05 2.65924183622701e-05 2.32071049140359e-05 2.40061805016012e-05 2.3282660276891e-05 2.11529642001551e-05 1.95563769011642e-05 2.14207190765592e-05 2.00778781618283e-05 1.84411727786937e-05 1.60369243531022e-05 1.47695448958984e-05 1.50013811435201e-05 1.60695884460438e-05 1.71966194102424e-05 1.29138790725847e-05 1.38754677209363e-05 1.4459041722148e-05 1.55596381318901e-05 1.42072933158488e-05 1.43129781463358e-05 1.37529661060398e-05 1.36639820084383e-05 1.42870808758744e-05 1.41143866130733e-05 1.34396949306392e-05 1.34186508148559e-05 1.31920347484993e-05 1.28427551771892e-05 1.23269977848395e-05 1.22395211292314e-05 1.257176281797e-05 1.34488281673839e-05
6.08750926403445e-05 5.68734649277758e-05 5.06435981151299e-05 5.01214735777467e-05 4.55311261248426e-05 4.1639569826657e-05 3.9621226642339e-05 4.01934767069179e-05 3.98655380195123e-05 3.81837116947281e-05 3.41861232300289e-05 3.21730984069291e-05 3.13260441544116e-05 3.06244128296385e-05 2.76800746178196e-05 2.18813640458393e-05 2.5361549887748e-05 2.22332620978705e-05 2.02935560082551e-05 2.06796387828945e-05 2.1106417352712e-05 1.8737211212283e-05 1.64892850079923e-05 1.56627723299607e-05 1.64052740728948e-05 1.59298690050491e-05 1.65315890626516e-05 1.55253411776357e-05 1.32224468870845e-05 1.25680385281157e-05 1.53666363530647e-05 1.58275449848588e-05 1.52677719142957e-05 1.44787772114796e-05 1.32925683828944e-05 1.34017937398312e-05 1.37355151309748e-05 1.31542087729031e-05 1.2954604017068e-05 1.29884901980404e-05 1.36086921429523e-05 1.38100340791425e-05 1.3856133000445e-05 1.31010908717144e-05 1.22024849133595e-05 1.22834646845149e-05
5.30790492121014e-05 4.79374506539898e-05 4.61916020867648e-05 4.54526312751113e-05 3.87391972253681e-05 3.77392290829448e-05 3.73584152839612e-05 3.95026991100167e-05 3.66635365935508e-05 3.43229696227354e-05 3.4388618041703e-05 3.62890701580909e-05 3.48497564118588e-05 3.11858586428571e-05 3.08496942125203e-05 3.21864790748805e-05 2.68158751168812e-05 2.4624541583762e-05 2.27589937821904e-05 2.20170568354661e-05 2.12375955015887e-05 1.88473370144493e-05 1.76984216523124e-05 1.70967206940986e-05 1.59814596372598e-05 1.59742759024084e-05 1.68782534274214e-05 1.51743636251922e-05 1.34887819967844e-05 1.33324184389494e-05 1.53114669956267e-05 1.64128631240601e-05 1.57836472226336e-05 1.46747810504166e-05 1.41531857025257e-05 1.39035179927305e-05 1.56929188051436e-05 1.53694290929707e-05 1.43224524435936e-05 1.35537498408667e-05 1.36465937885077e-05 1.3453191240842e-05 1.34228378556145e-05 1.32484227378882e-05 1.32026047140243e-05 1.21941529869218e-05
4.0604501919006e-05 4.00782975702896e-05 4.13619523897069e-05 3.72838083421811e-05 3.40411457727896e-05 3.50613032424008e-05 3.68544458979159e-05 3.61667072866112e-05 3.54268677256186e-05 3.60711797839031e-05 3.5745828790823e-05 3.53853125488968e-05 3.316007914691e-05 3.1738131383463e-05 3.13971652758482e-05 3.21502824590425e-05 2.82610522845062e-05 2.46268335104105e-05 2.44920301156526e-05 2.48613800977182e-05 2.18684112041956e-05 1.84297796295141e-05 1.7404550271749e-05 1.6308194881276e-05 1.56197614614939e-05 1.6555965430598e-05 1.60045710345003e-05 1.42804498409532e-05 1.36410820687161e-05 1.43038721034827e-05 1.45459559462324e-05 1.6025648210416e-05 1.60187053097616e-05 1.49853916354914e-05 1.47010152431903e-05 1.43842293255148e-05 1.40453408675967e-05 1.41050615184213e-05 1.3264803783386e-05 1.34592673020961e-05 1.33639037812827e-05 1.2591758149938e-05 1.09207097011677e-05 1.19718551559345e-05 1.14734639282688e-05 1.11455493424728e-05
3.67511936929077e-05 3.64530305887456e-05 3.50636601069709e-05 3.05352149553073e-05 3.04591164422163e-05 3.21059519592382e-05 3.22457162837964e-05 3.20694874972105e-05 3.40460162988165e-05 3.48075152942329e-05 3.48644683981547e-05 3.36470484398887e-05 3.20421568176243e-05 3.20361486956244e-05 3.27363493852317e-05 4.11416091083083e-05 3.06147791889089e-05 2.49032400461147e-05 2.96656696264108e-05 2.52457511123794e-05 2.00229281290376e-05 1.83709093107609e-05 1.76893643583753e-05 1.65102227583702e-05 1.72928270330885e-05 1.63092470756965e-05 1.46076374221593e-05 1.45993235037167e-05 1.5205990848699e-05 1.50598481923225e-05 1.45305139540142e-05 1.45508171044639e-05 1.41302226438711e-05 1.3455347470881e-05 1.30697081203834e-05 1.30442669615149e-05 1.84702753358579e-05 1.14935493002122e-05 1.24324410535337e-05 1.21676558137551e-05 1.19857555091585e-05 1.13618508748914e-05 1.12852105758066e-05 1.12544009425619e-05 1.03470843896503e-05 1.03510096323589e-05
3.09630355332047e-05 3.17694688419579e-05 2.9795592854498e-05 2.63853481555998e-05 2.73247477707628e-05 3.01637726806803e-05 2.97431768558454e-05 3.14029873152322e-05 3.26094797856058e-05 3.3297533809673e-05 3.51588252669899e-05 3.43769459504983e-05 3.57418481144123e-05 3.88936012313934e-05 4.05540473366273e-05 3.78402655769605e-05 3.1996818324842e-05 2.62906689386e-05 3.2222533627646e-05 2.4123770344886e-05 2.03940279789094e-05 1.91589130736247e-05 1.7752929488779e-05 1.48671772421949e-05 1.5877849455137e-05 1.6411369870184e-05 1.44977362197096e-05 1.5280864909073e-05 1.55486856328935e-05 1.51556084347249e-05 1.39287162255641e-05 1.38877142944693e-05 1.26545113289467e-05 1.16935430014564e-05 1.17847627734591e-05 1.18824034871068e-05 1.19541388357902e-05 1.60650838552101e-05 1.08107031792315e-05 1.10697904347035e-05 1.10757319816912e-05 1.12483820885245e-05 1.18259916689567e-05 1.20760138997866e-05 1.15302946596785e-05 1.04189839476021e-05
2.91959367132222e-05 2.84631429167348e-05 2.53844548751658e-05 2.54017893894343e-05 2.7654933546728e-05 2.93638153380016e-05 3.04199511447223e-05 3.10146592710225e-05 3.01807611322147e-05 3.0418674214161e-05 3.10889409774973e-05 3.29424878145801e-05 3.52247481714585e-05 3.78075417756918e-05 4.28466692028451e-05 3.81405661755707e-05 3.33884623614722e-05 2.51398932960001e-05 3.13394815748325e-05 2.28506309213117e-05 2.09938101761509e-05 2.03631872864207e-05 1.72187170392135e-05 1.50970935010264e-05 1.31652084746747e-05 1.45063509989996e-05 1.53634989601414e-05 1.46267629588692e-05 1.35259087528539e-05 1.31776605940104e-05 1.26153803194029e-05 1.23800994515477e-05 1.18010139885882e-05 1.12660015929578e-05 1.14032945475628e-05 1.15941661988472e-05 1.16214668651082e-05 1.10555735773232e-05 1.09970365429035e-05 1.10850556211517e-05 1.17789310024818e-05 1.19182721391553e-05 1.17562627110601e-05 1.16949719995318e-05 1.17492140361719e-05 1.1616476922427e-05
2.58300142377266e-05 2.53364354648511e-05 2.36884232435841e-05 2.44738017499913e-05 2.54540335845377e-05 2.4933331496868e-05 2.49279783020029e-05 2.5971301147365e-05 2.66208417997404e-05 2.82296956356731e-05 2.98627026495524e-05 3.09974258925649e-05 3.09325675516448e-05 3.67369224477443e-05 4.09677570132772e-05 3.3298811831628e-05 2.9695776902372e-05 3.3167233777931e-05 3.07988788335933e-05 2.62941583059728e-05 2.17114838960697e-05 1.66862402693368e-05 1.45116252042499e-05 1.38732050345425e-05 1.30229816932115e-05 1.34221944335877e-05 1.40471669510589e-05 1.40777317028551e-05 1.26281188386201e-05 1.26907782941998e-05 1.28799525555223e-05 1.35148332901736e-05 1.36318576096528e-05 1.36165749154316e-05 1.32265253341757e-05 1.2831931871915e-05 1.20469704597781e-05 1.16595458166557e-05 1.19713824460632e-05 1.22003150863748e-05 1.22067254778813e-05 1.30616419028229e-05 1.31309931475698e-05 1.22946968986071e-05 1.15314138383837e-05 1.16282497856446e-05
2.08571119401313e-05 1.8639847257873e-05 1.83611740794731e-05 1.87351958629733e-05 1.99891326701618e-05 2.13772498682374e-05 2.32193567171635e-05 2.43278763264243e-05 2.55040569754783e-05 2.70251365691365e-05 2.71559647444519e-05 3.45558755725506e-05 3.94062291888986e-05 3.65312242138316e-05 3.49132686096709e-05 3.24786007695366e-05 3.15695478093403e-05 3.60489699232858e-05 2.81980439467588e-05 2.11437115467561e-05 1.69240694958717e-05 1.51932236803987e-05 1.48729511238344e-05 1.47616391132033e-05 1.40413756980706e-05 1.33874547827872e-05 1.23918084682373e-05 1.23456323763094e-05 1.31294897983025e-05 1.32834539272153e-05 1.34783768316993e-05 1.37451685077394e-05 1.40441219627974e-05 1.40050654863444e-05 1.40371662837424e-05 1.43141029184335e-05 1.40324045332818e-05 1.39489638513623e-05 1.28804448650044e-05 1.25292498978524e-05 1.2492589530666e-05 1.26471310522902e-05 1.33139306399244e-05 1.3043277840552e-05 1.28304204736196e-05 1.23935069950676e-05
1.56357395553641e-05 1.49658265399921e-05 1.59339457695751e-05 1.67166463597823e-05 1.81386603799183e-05 2.05776410439285e-05 2.22057638893602e-05 2.17334448279871e-05 2.26224048674339e-05 2.40810498326027e-05 2.52102114245645e-05 3.74118586478289e-05 3.62559927452821e-05 3.80312441848218e-05 3.77173444576329e-05 3.60603860826814e-05 4.04299744332093e-05 3.22761591633025e-05 2.32905615121126e-05 1.59699176037975e-05 1.45933228850481e-05 1.58781300342525e-05 1.69517682479636e-05 1.44621531035227e-05 1.3671578199137e-05 1.2918334277856e-05 1.30983195504086e-05 1.30923919186898e-05 1.33857211039867e-05 1.34299792080128e-05 1.3770329496765e-05 1.41987115057418e-05 1.46460573887452e-05 1.45707147567009e-05 1.45135013553954e-05 1.45895192872558e-05 1.39733530886588e-05 1.46834070164914e-05 1.41057238124631e-05 1.38142954256182e-05 1.32073220356688e-05 1.28534205941833e-05 1.36957004542637e-05 1.41788021210232e-05 1.48980078847671e-05 1.44646442095109e-05
1.28593469071347e-05 1.36741689857445e-05 1.43381593261438e-05 1.66416724368901e-05 1.66002510468388e-05 1.75734135154926e-05 1.69899355114467e-05 2.01017736799258e-05 2.20194073335733e-05 2.43541675445158e-05 3.69547931768466e-05 3.93575588532258e-05 3.78963104594732e-05 3.6079234268982e-05 3.07787798192294e-05 3.03679081298469e-05 3.65607675121282e-05 2.96056658953603e-05 2.33396547628217e-05 1.86888874850411e-05 1.53912069890794e-05 2.16774675209308e-05 2.01411501620896e-05 1.42699609114061e-05 1.29703739730758e-05 1.12525267013552e-05 1.25551135624846e-05 1.28337701426062e-05 1.38241551667306e-05 1.43414625199512e-05 1.43694643611525e-05 1.48176800848887e-05 1.52994721247524e-05 1.52749388689699e-05 1.51904753238341e-05 1.5633807879567e-05 1.45268784308428e-05 1.51751576140668e-05 1.51435423049406e-05 1.51659791754355e-05 1.51667558839108e-05 1.38948556923424e-05 1.34420065023733e-05 1.41204569445108e-05 1.64184063123685e-05 1.75122248947446e-05
1.30677570723492e-05 1.37744525090966e-05 1.3905507785239e-05 1.46938726174994e-05 1.38425569730316e-05 1.55104796249361e-05 1.61978964115406e-05 1.60871123171091e-05 2.49056378379464e-05 3.15485202008858e-05 3.39546568284277e-05 3.24805573654885e-05 2.75475747002929e-05 2.01067605303251e-05 1.49118303397699e-05 1.06747845620703e-05 3.21317315865599e-05 2.43002078605059e-05 2.23834436837933e-05 2.03027657335042e-05 1.87005030056753e-05 1.86272016435396e-05 2.13863330827735e-05 1.67460550073883e-05 1.59264607646037e-05 1.38304449137649e-05 1.25228234992392e-05 1.33913679292164e-05 1.47278708027443e-05 1.49606104514532e-05 1.4943768746889e-05 1.60140034040523e-05 1.63158772465977e-05 1.6476941482324e-05 1.66329499734275e-05 1.66983208146121e-05 1.61111232046096e-05 1.57060840592749e-05 1.56518692620011e-05 1.55322552927828e-05 1.55763130351261e-05 1.51140617163037e-05 1.50475006648776e-05 1.51172741880146e-05 1.69154783179692e-05 2.06656345653755e-05
1.30239997361059e-05 1.37348074076726e-05 1.41272660130198e-05 1.40668701533286e-05 1.52077127040684e-05 1.61364364430483e-05 1.59991405325854e-05 1.75209368080687e-05 2.53891088505043e-05 2.83214186310943e-05 2.79724437859841e-05 2.37108761211857e-05 2.01287409254292e-05 1.26591684875166e-05 1.04329011264781e-05 1.61477416440903e-05 2.13214921132021e-05 2.93654667984811e-05 1.41162764521141e-05 2.04746776944376e-05 2.1983018177707e-05 2.20550319681934e-05 2.35443102610589e-05 1.95157970665605e-05 1.8815927705873e-05 1.53958175360458e-05 1.28561778637959e-05 1.34725448788231e-05 1.47971529713686e-05 1.50445694089285e-05 1.62994871061528e-05 1.75841123564169e-05 1.76295959136041e-05 1.72746612406627e-05 1.79173620381334e-05 1.82125574610836e-05 1.74866946508701e-05 1.61036620738741e-05 1.58919550358405e-05 1.55863486725139e-05 1.54552615640569e-05 1.58566440404684e-05 1.66840927249723e-05 1.89842244253668e-05 2.3269540633919e-05 2.65552358541754e-05
1.29322383600083e-05 1.30203329717915e-05 1.27818938835844e-05 1.30251872178633e-05 1.46757114180218e-05 1.63416976192821e-05 1.6817736423036e-05 2.18220536225999e-05 2.47103454057651e-05 2.49661728958017e-05 2.21422029426321e-05 2.1968759392621e-05 8.64391736286052e-06 1.04495282357675e-05 1.06481750208332e-05 2.5018040832947e-05 2.48276524871471e-05 1.24688869163947e-05 9.35147263589897e-06 2.20715720388398e-05 2.27970101150277e-05 1.85640276868071e-05 2.50693802627211e-05 2.34864915000799e-05 2.15482721614535e-05 1.81124109076336e-05 1.38599447382148e-05 1.45348237310827e-05 1.49931466694397e-05 1.44644008287287e-05 1.66404634001083e-05 1.77637160959421e-05 1.69476575138106e-05 1.67491371030337e-05 1.76301521605637e-05 1.78429198058438e-05 1.78413049070514e-05 1.64815574407839e-05 1.60042328843701e-05 1.6007437807275e-05 1.53667707309069e-05 1.84978004654113e-05 2.14012651667872e-05 2.28618221626675e-05 2.45209897002496e-05 2.61877252341947e-05
