Maxent_result_files_1/Bombus_alagesianus_2.asc
NCOLS 594 
NROWS 330 
XLLCORNER -15 
YLLCORNER 23 
CELLSIZE 0.166666666666667 
NODATA_value -9999 
[rows 300 to 319 of 330, columns 450 to 494 of 594]
4.38099779787038e-09 1.88380039345404e-09 3.87153233261106e-07 1.00854372742099e-08 1.25554406871231e-09 1.5282485943402e-09 1.88852834481779e-09 3.37421208751465e-09 3.33183846068508e-09 2.99443412288269e-09 5.44046454553637e-09 5.76616230318905e-09 9.72186907644002e-09 2.81444821892407e-09 3.7727819757194e-10 6.90961843297089e-11 4.25593782438227e-11 4.28335922286749e-11 4.23914570113482e-11 3.34491323528141e-11 2.61330956874417e-11 2.22771912028463e-11 2.12404982491421e-11 2.1298429686567e-11 2.2147783607096e-11 2.77991851760362e-11 3.54113072198459e-11 4.11989220516773e-11 4.59927318452458e-11 5.27025312280216e-11 7.83410336602231e-11 1.70716440983654e-10 9.62109059088334e-10 3.2188307019787e-09 2.45160467482464e-09 6.42637276726532e-11 4.55635529306164e-13 1.61903823681087e-12 2.19713136573318e-14 4.08117983852208e-14 1.71085368094737e-14 1.4432899320127e-15 5.01820807130571e-15 3.10862446895044e-16 1.04360964314765e-15
9.54246126561031e-11 3.82644915752906e-11 1.19482412852534e-10 1.51045620455648e-10 3.90702459274195e-10 1.87264492801376e-09 5.48416667633944e-10 1.09618101262754e-09 1.91974803831485e-09 1.69440953490252e-09 1.50663240772175e-09 2.09842005993721e-09 1.14330697353893e-08 3.14247183830219e-09 8.73488870123396e-10 1.16229736946138e-10 9.98132576590649e-11 9.49700762475914e-11 6.75833167207429e-11 5.76762193560398e-11 4.78399209136171e-11 3.50662499037924e-11 3.34518523992244e-11 2.69594457869005e-11 3.17887938194872e-11 3.09414049937118e-11 3.48687079210208e-11 5.02336283680904e-11 7.31012028687417e-11 1.32946442743531e-10 3.03172320581524e-10 1.05339995615239e-09 4.11040922410066e-09 3.85187023388411e-09 2.00532699334843e-09 6.3689609142159e-11 7.56428253367858e-13 1.80424453155581e-11 6.24722495956576e-14 1.70641278884887e-14 3.75710573763399e-13 3.39728245535298e-15 6.88338275267597e-16 2.30926389122033e-15 6.66133814775094e-17
3.06979441866417e-11 1.80899628610121e-11 3.4183245123387e-11 5.54532419982934e-11 8.19507128824171e-11 2.05771466532667e-10 5.11690800841791e-10 2.28032563942548e-09 2.27972280164579e-08 1.14285394481328e-09 7.49940565203389e-10 1.41189971936129e-09 1.46356081698329e-09 2.96602227223275e-09 4.93378121690924e-09 2.34294539325219e-10 8.6621010364496e-10 1.65011926345215e-10 1.49009760086471e-10 1.05319852838903e-10 8.26562041034151e-11 6.67051969216459e-11 5.76408476504753e-11 5.85787751639089e-11 6.2169702719217e-11 7.5892425677182e-11 1.58726021215472e-10 2.63097632569043e-10 2.62016497387663e-10 8.94158902475795e-10 2.6294553978623e-09 3.37325628541052e-09 4.54893276380375e-09 2.84658369098523e-09 1.63130200458994e-09 1.33153336134839e-09 7.55173701350031e-13 2.94574364900768e-12 9.85878045867139e-15 1.26787469412193e-14 3.48610029732299e-15 1.73194791841524e-15 5.07371922253697e-15 1.21458398893992e-14 1.11022302462516e-17
1.3088419237306e-11 1.04021569136137e-11 1.46450851445934e-11 4.2057368698778e-11 9.73702229956075e-12 4.46958692279509e-11 6.5528621417954e-10 1.54465323864983e-09 9.64468993558398e-10 4.60501003995972e-10 8.70258409779723e-10 6.59610011055634e-10 1.04066277817338e-09 6.56237841845098e-10 6.99798862191514e-09 1.22454744122535e-09 3.80051956572203e-10 3.53565610122786e-10 3.58172635994691e-10 2.69175148837064e-10 1.55203094820422e-10 1.07409314775708e-10 1.06431163882093e-10 1.34341926472104e-10 1.68580738257873e-10 2.16251050400018e-10 3.92816679184449e-10 1.06656390386206e-09 2.25126987052349e-09 2.41861363159401e-09 2.1469720334899e-09 3.47917006315868e-09 2.3434255869148e-09 3.25590879812765e-09 6.11512951387283e-11 1.03503650095149e-11 2.58171262146334e-13 4.03399535997551e-13 1.96986871259242e-12 2.71782596428238e-14 2.02060590481778e-15 1.38777878078145e-15 6.66133814775094e-16 1.87627691161651e-15 2.22044604925031e-17
8.32985902476935e-12 7.23718862616352e-12 5.51433676498903e-11 8.17449663514935e-11 7.45144834723988e-11 1.89411153428409e-11 8.85661655125602e-11 6.25272578158587e-10 1.06486420792251e-09 3.95408461528746e-10 8.63543858642402e-10 5.16633336111738e-10 3.92951426952948e-10 5.18305487418047e-10 2.81340017949105e-10 7.25280857594157e-10 1.17241309993688e-09 1.68954411572386e-09 1.70296835522166e-09 6.15547557369922e-10 1.60523105918742e-10 3.29027161072304e-10 4.75320827142411e-10 4.06285027843012e-10 5.31791954916372e-10 1.07142645866531e-09 1.52757987370578e-09 1.31301723937938e-09 1.30908589524026e-09 1.63061925073649e-09 1.92922390285233e-09 1.22018917192435e-09 1.54346849745579e-09 1.11943031511075e-09 1.39770528484462e-11 9.00868268871591e-13 1.63014046705712e-13 5.88640247656258e-13 6.5492056222638e-14 2.1094237467878e-15 2.79776202205539e-15 3.77475828372553e-16 2.65343302885412e-15 3.66373598126302e-16 4.78506123613442e-15
8.7351792465995e-12 8.83084716463145e-12 9.55748813424861e-12 5.95300364558682e-11 8.10561839870161e-11 1.19823373445627e-10 5.52006540477379e-09 6.5366677626244e-10 8.40666491974673e-10 6.32099417252618e-10 2.56687342492512e-09 3.62465324421635e-10 3.54417795112028e-10 2.86216916833837e-10 2.48038634076408e-10 2.12838013879946e-10 2.26386476231966e-10 2.00060179533779e-10 1.55639767740467e-10 1.15810316891896e-10 1.07575948149474e-10 1.4744526710686e-10 2.18088247461168e-10 4.42277292567184e-10 3.65050677464396e-09 7.43826400473324e-10 7.93381815800132e-10 1.03279729213313e-09 1.54341056601837e-09 1.1491389950713e-09 6.33542973638157e-10 5.45496947612634e-10 9.04427965853216e-10 1.77118031352563e-10 1.88397370037841e-08 1.84356307997291e-11 6.50368647825417e-14 1.93622895494627e-14 2.8199664825479e-15 2.70894418008538e-15 1.24344978758018e-15 4.32986979603811e-16 8.43769498715119e-16 2.22044604925031e-16 7.26729787459135e-13
1.70687131095804e-11 1.99687599788945e-11 8.4590745519364e-11 7.55804752117228e-11 2.39802242507636e-09 3.73432884614999e-10 5.67126656747519e-10 4.49420967107983e-10 5.57498425202141e-10 8.09020661574067e-10 8.5387081849575e-10 5.85901249738896e-10 4.17705880995101e-10 4.95977414693982e-10 5.30191235359467e-10 3.85374443467867e-10 4.6534707198731e-10 3.87878051899548e-10 2.09987682797674e-10 1.56436474885169e-10 1.25457311206389e-10 1.7353362080641e-10 2.47815046261479e-10 2.6171250722129e-10 2.50097661469439e-09 6.86481926859273e-10 8.88076334693011e-10 1.0740152989186e-09 8.11676914569404e-10 7.56506302046489e-10 7.05203395678922e-10 4.56673221460591e-10 8.86400841615398e-11 1.51453148911074e-09 6.26468654729706e-11 8.65834071106519e-12 2.09499084746767e-14 3.43169936911636e-14 1.99840144432528e-15 1.765254609154e-15 1.09912079437891e-15 6.21724893790088e-16 9.43689570931383e-16 1.11022302462516e-17 4.41369163439731e-13
2.8395783502333e-09 8.62103277654569e-11 4.25560209293963e-10 4.81596740264933e-10 1.14065645151484e-08 4.3044783959445e-09 1.05206166001182e-10 6.63995747274271e-11 8.77424466416699e-11 1.30847555013247e-10 1.41133260633808e-10 9.25189813649752e-11 5.43495581872833e-11 1.05889674806292e-10 2.89971457956284e-10 2.24055929365363e-10 1.67379865523287e-10 1.53587742524053e-10 2.06921890733014e-10 1.94619820259589e-10 1.93675853132902e-10 2.58412646836348e-10 3.51541107335152e-10 3.18114301567363e-10 2.6853883561273e-10 4.72522110328555e-10 8.83131789919389e-10 1.00860220175747e-09 7.5656765297083e-10 2.87751922289914e-10 2.21030860281246e-10 2.37468467112478e-10 2.85704349067828e-11 5.30845478685649e-11 8.67317329067419e-13 1.67297287134716e-12 1.07136521876328e-14 1.59205981731247e-14 7.64943663966733e-15 2.03170813506404e-15 7.21644966006352e-16 3.21964677141295e-16 3.21964677141295e-16 2.22044604925031e-17 7.28206384081886e-13
8.57294992773205e-09 9.06138419853875e-10 5.75398306779107e-10 1.61239055440632e-10 1.21903354077801e-10 3.84740905801095e-11 5.17066167660118e-11 2.15126361169382e-11 2.60260035744864e-11 1.487540757239e-10 8.01282928897251e-11 5.27324628407655e-11 3.6131453384769e-11 1.21295307131675e-11 1.31028410343959e-11 2.26666574398848e-11 3.78305720083461e-11 7.24164173071529e-11 1.26011656664815e-10 1.27567989505195e-10 1.66216318486789e-10 1.79762826846286e-10 1.75412873115732e-10 1.66496938458494e-10 2.1003300210154e-10 2.42298614505643e-10 1.90236792985132e-10 1.93869054143647e-10 2.01209693351245e-10 1.25694732400206e-10 4.63558857966007e-11 1.69010916373225e-11 1.60396140813646e-11 1.31120225788095e-11 3.52009532633701e-12 1.53173029815434e-12 5.5220272798806e-13 4.44089209850063e-17 4.40092406961412e-14 3.21964677141295e-16 6.66133814775094e-16 3.33066907387547e-17 1.4432899320127e-16 1.33226762955019e-16 1.91180404840452e-13
2.10864770089358e-11 3.65017016612512e-11 3.55098284110511e-11 1.91039273289562e-10 1.04699371394901e-10 9.05578945165075e-12 3.37996297616883e-13 6.77895517497973e-12 1.14986020705032e-11 1.07754249967229e-11 8.86689610624103e-12 1.16190057575238e-11 9.09189390441156e-12 4.63868943256784e-12 2.0042811854637e-11 2.95255042637166e-11 1.60105928515009e-11 1.6089496401861e-11 1.67991287547409e-11 1.42213241183242e-11 1.86147097736011e-11 2.35099717471599e-11 2.93364221803927e-11 2.80788614581695e-11 4.32716307230407e-11 4.31478075491043e-11 7.523048850544e-11 1.82696335837562e-10 1.9603009215885e-10 2.73908340453488e-11 1.15882858864325e-11 9.48995326766067e-12 6.37643271517163e-12 2.54518517373015e-11 3.59902108115762e-12 2.97761815204467e-13 4.21884749357559e-16 1.4432899320127e-16 1.31672450720544e-14 3.21964677141295e-16 9.32587340685132e-16 5.55111512312578e-17 1.4432899320127e-16 2.97539770599542e-14 2.95319324550292e-15
4.2645997844204e-12 4.7910564404674e-12 7.26463333933225e-12 6.7113758994708e-12 3.11091596927326e-11 7.09421410505229e-12 4.55427917600559e-12 3.37190275701005e-12 1.99908978260055e-12 1.74684711140571e-12 2.36113351093081e-12 1.87817539298862e-12 1.87344584290372e-12 1.7236323479608e-12 3.77459175027184e-12 7.85310705353481e-12 1.0153888840847e-11 9.08307873359604e-12 3.53275408926379e-11 8.19666556850507e-12 6.84516887616837e-12 9.87753212555731e-12 1.83977499901289e-11 2.81711654004368e-11 3.44849371280986e-11 5.45562817144685e-11 6.51581455457517e-11 2.66254240877117e-11 1.38736022670116e-11 1.52835299971343e-11 1.67900693348599e-11 6.26106944068283e-12 4.39014380404501e-12 1.15642051490283e-11 2.24215090938173e-12 1.46438416948058e-13 4.64184246595778e-14 5.71986902286881e-14 5.60662627435704e-15 1.77635683940025e-15 2.44249065417534e-16 6.66133814775094e-17 6.10622663543836e-16 1.9693136010801e-13 4.97601959636995e-14
1.49229517631966e-12 1.81814563404714e-12 2.09621209279476e-12 1.87222459757663e-12 4.51928494626941e-12 2.69767541638544e-12 2.14438466983324e-12 2.04083416832646e-12 1.34762201398075e-12 8.08364486459823e-13 1.00042196748973e-12 1.20966570094083e-12 1.13099529741589e-12 5.75198777497121e-12 6.07597305801733e-12 7.72293340389751e-13 5.82937031978759e-12 6.85820289447747e-12 7.97231169968882e-12 2.87531110032546e-12 4.35733671366734e-12 1.04396491451553e-11 2.56297094658464e-11 1.83449699875382e-11 1.66671787482642e-11 2.02424188522343e-11 2.41890396601718e-11 1.57925339472342e-11 1.31530675240299e-11 9.06962283053758e-12 4.75818273670825e-12 2.63186139548566e-12 2.9534041878776e-12 1.09368070155824e-13 6.58584298207643e-14 6.86950496486816e-13 1.89515070303514e-14 5.01709784828108e-14 1.03916875104915e-14 5.92403903709737e-13 1.66533453693773e-16 4.44089209850063e-17 4.44089209850063e-17 9.25148846420143e-14 5.74873482150906e-14
1.08777431506724e-12 1.1813328093524e-12 1.32017730081202e-12 8.57081072780375e-13 8.18989320805485e-13 5.53579404538596e-13 4.84856599314298e-13 5.18929343940044e-13 4.54292159446368e-13 5.35682609381638e-13 7.56306128835149e-13 7.20401516218772e-13 6.67799149312032e-13 7.98250354705488e-13 8.80606698672182e-13 7.23854309825356e-13 6.09678973972905e-13 7.66209318214805e-13 9.97046889494868e-13 2.12529993603994e-12 7.19075909927369e-12 8.89687212790591e-12 1.48731360560816e-11 2.07609041069645e-11 8.92433349442001e-11 3.5271008336224e-11 1.0918932424886e-11 7.80460140958894e-12 5.11197750796555e-12 4.03079791766459e-12 2.25592877711733e-12 1.78534964589971e-12 3.67410546431302e-12 1.51952894711371e-12 1.46216372343133e-12 4.12891942858096e-14 2.60902410786912e-14 7.31603666537239e-13 3.57824880836688e-14 6.32827124036339e-16 5.55111512312578e-17 2.22044604925031e-17 0 1.11022302462516e-17 1.33226762955019e-16
9.15367781573195e-13 7.40252303899069e-13 6.87894186057747e-13 8.19155854259179e-13 5.74873482150906e-13 4.20241619281114e-13 4.73232564246473e-13 4.53881376927256e-13 2.42400544081534e-12 4.17266221575119e-13 5.48505685316059e-13 4.24182911018534e-13 4.44111414310555e-13 6.37478958509519e-13 6.55464571508446e-13 8.47655279301307e-13 8.75322037074966e-13 6.92113033551323e-13 8.21243073545475e-13 8.8751228588535e-13 1.03482777902286e-12 1.32773791960972e-12 2.15588658036836e-12 5.21062082370349e-12 8.10540523588088e-12 3.58043594772539e-12 3.02859959333546e-12 3.83376663748436e-12 3.3932301413131e-12 2.09973149978282e-12 1.61235469420262e-12 1.02757802267206e-12 9.97335547481271e-13 3.10129699698791e-12 8.2528428535511e-13 6.28574969852025e-13 4.93438623294651e-13 8.06588129620423e-13 6.35891339584305e-13 2.68673971959288e-15 0 1.11022302462516e-17 2.22044604925031e-17 0 1.11022302462516e-17
2.0897172881007e-12 3.15525383598469e-13 3.05466762995366e-13 3.5562663924793e-13 3.18389759002002e-13 3.24329452183747e-13 3.35331762357782e-13 4.81359396786729e-13 5.17752507533942e-13 3.39006600569292e-13 4.09672296086683e-13 4.34496882917301e-13 4.70334882152201e-13 6.19315709826651e-13 7.71727126647193e-13 4.75275374611783e-13 5.15021358893364e-13 6.08080252817445e-13 7.04480918045647e-13 6.17095263777401e-13 5.40290034933832e-13 6.7141847637231e-13 9.6863628229471e-13 1.33664190826721e-12 9.14279763009063e-13 6.27331520064445e-13 6.99107438606461e-13 2.0908941245068e-12 2.19108065024898e-12 1.43361988946822e-12 1.11974873817644e-12 3.07732728188625e-12 2.95167223995918e-12 5.24591481365633e-13 1.11093356736092e-12 6.45217212991156e-13 6.31250607341372e-13 2.02763361656366e-12 5.08382225206105e-13 9.39248678832882e-15 0 0 1.11022302462516e-17 0 1.11022302462516e-17
2.3921198355481e-12 2.54407606092855e-12 1.3982814905944e-12 5.22543230907502e-11 2.07045491862345e-13 2.87414536614961e-13 3.0391245076089e-13 4.31665814204507e-13 5.32218713544808e-13 4.65694149909268e-13 5.34450261824304e-13 3.83160170258634e-13 3.60611540628497e-13 3.40072414672932e-13 4.08262312845409e-13 6.21469542494424e-13 4.24693613609861e-13 4.57256454922117e-13 4.27535784552902e-13 4.34641211910503e-13 3.78264086720037e-13 6.49664766427804e-12 4.9389936584987e-12 5.45685718833511e-13 7.62541252363746e-11 1.30799815423188e-12 4.92050844513869e-13 4.50961490372492e-13 4.09805522849638e-13 3.364641898429e-13 3.91309207259383e-13 8.94673224394182e-13 5.14462805689675e-11 2.45756748284975e-12 1.32973521083102e-11 1.24090818731659e-09 -9999 -9999 -9999 3.98348021235506e-14 2.22044604925031e-17 0 0 1.11022302462516e-17 1.11022302462516e-17
-9999 -9999 -9999 -9999 -9999 2.22934115612361e-11 8.29236679322776e-13 3.65751873232512e-13 2.65787392095262e-13 1.77391434874608e-13 1.94688709598267e-13 2.73181477439266e-13 1.55941926038849e-12 7.23074933262069e-12 1.01849195743853e-11 -9999 -9999 4.476075066151e-11 3.15071047030102e-10 8.8343121706913e-11 1.26487276208564e-10 -9999 -9999 -9999 -9999 -9999 -9999 1.39542488675204e-11 -9999 -9999 -9999 -9999 -9999 -9999 -9999 -9999 -9999 -9999 -9999 -9999 3.40838468559923e-15 0 1.11022302462516e-17 1.11022302462516e-17 0
-9999 -9999 -9999 -9999 -9999 -9999 -9999 -9999 -9999 -9999 -9999 -9999 -9999 -9999 -9999 -9999 -9999 -9999 -9999 -9999 -9999 -9999 -9999 -9999 -9999 -9999 -9999 -9999 -9999 -9999 -9999 -9999 -9999 -9999 -9999 -9999 -9999 -9999 -9999 -9999 8.93194407325382e-12 2.88657986402541e-16 0 3.33066907387547e-17 0
-9999 -9999 -9999 -9999 -9999 -9999 -9999 -9999 -9999 -9999 -9999 -9999 -9999 -9999 -9999 -9999 -9999 -9999 -9999 -9999 -9999 -9999 -9999 -9999 -9999 -9999 -9999 -9999 -9999 -9999 -9999 -9999 -9999 -9999 -9999 -9999 -9999 -9999 -9999 -9999 5.77315972805081e-16 1.87627691161651e-15 2.8244073746464e-14 4.66293670342566e-16 0
-9999 -9999 -9999 -9999 -9999 -9999 -9999 -9999 -9999 -9999 -9999 -9999 -9999 -9999 -9999 -9999 -9999 -9999 -9999 -9999 -9999 -9999 -9999 -9999 -9999 -9999 -9999 -9999 -9999 -9999 -9999 -9999 -9999 -9999 -9999 -9999 -9999 -9999 -9999 -9999 -9999 -9999 -9999 4.0579983817679e-12 4.12447853648246e-14
