Maxent_result_files_1/Bombus_fragrans_3.asc
NCOLS 594 
NROWS 330 
XLLCORNER -15 
YLLCORNER 23 
CELLSIZE 0.166666666666667 
NODATA_value -9999 
[rows 252 to 272 of 330, columns 517 to 563 of 594]
0.00710263240616769 0.0118185669183731 0.0414840564131737 0.0260087385773659 0.0589430708438158 0.0350307011976838 0.0156298420857638 0.0179189265239984 0.0209352859295905 0.0340787630528212 0.0376043908298016 0.11213671118021 0.131711740791798 0.143946805596352 0.0950340833514929 0.126144187897444 0.113802804797888 0.132294178754091 0.11816713437438 0.0365252811461687 0.281986157596111 0.161367946118116 0.00820954702794552 0.00618378489743918 0.012427565921098 0.00877009709365666 0.00293154055252671 0.00106992592627648 0.00098959734023083 0.000499124816269614 0.000131983486062381 5.06605058944842e-05 5.4269534030027e-05 0.000152525033263373 4.48897196292819e-05 1.74147817915582e-05 1.26208215078805e-05 1.9586073631217e-05 1.13766077220134e-05 4.880560447873e-06 4.44395084855387e-06 6.31260315344662e-06 3.45650203428249e-06 2.44993669866744e-06 1.1198033087112e-05 5.83458908067769e-06 7.0714525350013e-06
0.0071446816669777 0.00676495661027729 0.0021182294425671 0.000773893145378679 0.00426965872757137 0.0280739896930754 0.0181326354853809 0.0301871243864298 0.0703862223774195 0.101583375036716 0.186829741299152 0.129478530585766 0.170929939299822 0.0383035547100008 0.220668826252222 0.0416851726360619 0.0143758381018415 0.0705166134983301 0.100029816478491 0.0138529996853322 0.0191469427198172 0.126332122087479 0.112573680281639 0.100029210746288 0.0503106657415628 0.0334647437557578 0.0236048579216003 0.00476718756835908 0.00332060346845537 0.000675421697087586 0.00075343792559579 0.000246868204703787 9.76911134785041e-05 4.44293372311222e-05 5.73926516153733e-05 2.52214278134488e-05 1.12141603267446e-05 5.50781776382792e-06 9.92004510180777e-06 1.28617837503953e-05 1.04545218619023e-05 3.14729668673408e-06 4.05438439656791e-06 5.06704444944717e-06 5.27711745803572e-06 3.63028532035514e-06 5.1666446836407e-06
0.0547166399657726 0.00437877828953788 0.000425282850665099 0.00230067531228997 0.0081082129268907 0.0264231379143894 0.00992783409892581 0.140868789702654 0.0205987724475563 0.106506774947047 0.248701275140047 0.197632210701704 0.508416835963726 0.623039011657238 0.190288960933685 0.0603918524459004 0.0282459734007716 0.120222083851695 0.170026390254498 0.204080536961555 0.10249480009079 0.332229854166508 0.371923464536667 0.615917629003525 0.226290122419596 0.040200044028461 0.0713492266833782 0.00817071022465825 0.00254048773786053 0.00147602430661209 0.000372057188360486 0.000509816835983656 0.000117723952280357 7.60413144234917e-05 4.7217297469615e-05 2.50616082666966e-05 1.05135028888981e-05 5.94108624341061e-06 1.0312610982055e-05 9.11022632408276e-06 5.9663975832791e-06 4.59031625155149e-06 4.42630099257713e-06 5.2635775091403e-06 2.22847759658862e-06 4.05366644713467e-06 4.13268621173302e-06
0.00303515483392403 0.000148794353663106 7.31479711248539e-05 0.00136450537102064 0.00373342834354844 0.000303026250185212 0.00184420057266834 0.043976222909987 0.0148775394889526 0.087703039124608 0.0614793419837952 0.0784150285646319 0.0837640042416751 0.0226463449420407 0.012034248712007 0.0103682176209986 0.0136252783704549 0.00797271500341594 0.0146129765547812 0.0891415029764175 0.307651394605637 0.223756897449493 0.512473714351654 0.0574909269809723 0.0294568786397576 0.143548322468996 0.0526356972754002 0.0562276054173708 0.0057934972923249 0.00250062019331381 0.00109364905802067 0.001471654814668 0.000401652877917513 0.000215191977622453 6.82835404404614e-05 5.2236445753806e-05 8.68581760187226e-06 1.90318178283633e-05 9.89547530707568e-06 9.06795701212104e-06 7.88267497000561e-06 2.8067977154933e-06 2.47671711974817e-06 1.64201517236506e-06 1.41173558318997e-06 2.26906894340573e-06 2.8606460091396e-06
0.000193919504800988 0.000170341126067797 0.000227699977403972 0.0636265724897385 0.00449577306862921 0.0210624190978706 0.0487959128804505 0.112290888652205 0.0298972561489791 0.185688671469688 0.21979992762208 0.153741111792624 0.0572117063682526 0.0125691976980306 0.204417150467634 0.0147121208254248 0.0709171637892723 0.0684706974774599 0.459435434639454 0.256177252531052 0.0334350904449821 0.308536407351494 0.263288853317499 0.0955528430640697 0.0321480795741081 0.0195984109304845 0.128272275626659 0.0070946907158941 0.00998742394149304 0.00802264465019107 0.01595489224419 0.010963782062754 0.00284419829258695 0.000691401510266587 0.000125208216559258 5.78145592953661e-05 0.000159035252363537 1.77225654397262e-05 7.320467932459e-06 1.38071264018436e-05 6.01860823508105e-06 2.89819743386488e-06 4.5840739119285e-06 3.01924091274941e-06 2.66023603074927e-06 3.20372910493916e-06 3.12638570960644e-06
0.000117867072003719 0.00141387306357501 0.00449091567425057 0.00795590812340379 0.0856100352830254 0.025562392687425 0.0211231610737741 0.0188785911537707 0.0271886128000915 0.2067173037678 0.146999165369198 0.00230287946178578 0.0104796006926335 0.137219651788473 0.141679102927446 0.141712186485529 0.149769812822342 0.0871219120919704 0.202897983789444 0.124905141443014 0.194479875266552 0.289974901080132 0.193379539251328 0.159027290344238 0.0717308316379786 0.0255044334568083 0.0051527846371755 0.00614364184439182 0.011248508375138 0.00311695128912106 0.00255903153447434 0.00516272766981274 0.00134584545739926 0.000720717874355614 0.00015443643569597 5.62714768420847e-05 0.00020904858247377 4.54786740192503e-05 1.0684838139241e-05 1.56201081381369e-05 1.44278479183413e-05 9.30415974380594e-06 5.69392320812767e-06 3.48429076666434e-06 2.481290263745e-06 1.34658112997954e-06 2.12200284011033e-06
0.00339262504130602 0.0210155283508357 0.00343436602270231 0.00403836080804467 0.0210098940413445 0.0093451046734117 0.00563499195268378 0.00329926604754291 0.00423408183269203 0.00259653791435994 0.00682555808161851 0.0181587437167764 0.0140177581459284 0.0755853265523911 0.0288656905293465 0.184878838062286 0.148216008394957 0.194811004400253 0.172851558029652 0.342160880565643 0.25159308463335 0.235400512814522 0.0609324637800455 0.187077788263559 0.0711932864040136 0.0131491895299405 0.0103637453168631 0.0052033195272088 0.00315497596748173 0.00461707271169871 0.00453138842713088 0.00134866995504126 0.00270036866422743 0.00368997346377 0.000532460302929394 0.000265654869144782 7.13065683157765e-05 0.000437222995969933 3.9975961408345e-05 5.86109035225491e-06 8.2662114436971e-06 2.57032615081698e-05 4.37215533111157e-06 2.67567579044226e-06 2.75637325444222e-06 1.17286065020039e-06 1.0338092501172e-06
0.00274961550894659 0.000825362274190411 0.00518074176798109 0.0154521388845751 0.355312105012126 0.00510085609275848 0.159885789314285 0.0883182637859136 0.00169089356204495 0.000478702686086763 0.000133780536998529 0.00338266891194507 0.00716171548701823 0.0560995252802968 0.00909952482907101 0.128825067728758 0.0572994140908122 0.0203250647522509 0.00477277603931725 0.00386817076941952 0.0184662088286132 0.00490938671282493 0.035198251157999 0.0633467167615891 0.0443560618907213 0.0191170299891382 0.00524733068887144 0.00261853554984555 0.00305074579082429 0.00378712161909789 0.00177811584435403 0.00148452409193851 0.000501258543226868 0.000311166136089014 0.00111941185605247 0.0012754267314449 0.00183097499539144 0.000430264172609895 0.00114744725287892 8.34133242051394e-06 7.92135226674873e-06 2.34950409776502e-05 1.71170858266123e-05 8.15661369415466e-06 5.45286524129551e-06 1.18985579717901e-06 1.19634552859793e-06
0.00021326350979507 0.000117062477875152 0.0010577296554402 0.0119806905626319 0.0360351715266006 0.00495041342983313 0.0293376051151427 0.00284067946486175 0.000314837665791856 6.37091784028598e-05 0.000166606307902839 9.88046668680909e-05 0.00244804147951072 0.000773297157138586 0.0341925376094878 0.00769435190595686 0.0541671201586723 0.0419805978424847 0.018404729757458 0.0117855944903567 0.00482725306646898 0.00615376137429848 0.00986911240033805 0.0212096747010946 0.0347495222464204 0.0440980209037662 0.0253773798234761 0.007987319258973 0.00519692311063409 0.00248900266597047 0.00146377283381298 0.00183427906013094 0.00182949514710344 0.000401347570004873 0.000124448590213433 0.0001247716088983 0.000194997667858843 0.00328517359448597 0.00896557769738138 9.41506510571344e-05 6.09760850807106e-06 7.27122003354452e-06 2.09103784300169e-05 3.4522686434002e-06 3.91888112858396e-06 1.15472621757817e-06 9.35512798605487e-07
5.98275887114141e-05 0.000158439400638599 0.00291781033320149 0.000504608291157638 0.000613278445234755 0.000225559632235672 0.0100802491542709 0.00101346012670547 0.000480686326045543 0.000123953420006728 3.62564976285285e-05 9.38868085313516e-05 0.000146675358655557 8.82418801666063e-05 0.000657775352010503 0.0100911360466853 0.0169974572025239 0.0310240597464144 0.00360171667998657 0.00341709718341008 0.0184365737251937 0.0120600399095565 0.0158058557193726 0.0287694415077567 0.0816985687240958 0.0616824828088284 0.0246577743440866 0.0122978684492409 0.00267486122902483 0.00974646643735468 0.00126422080211341 0.00154603849514388 0.00205100605962798 0.00250447862781584 0.00114494191948324 0.000196095250430517 6.50052947094082e-05 9.32692591959494e-05 9.83259165877826e-05 0.00183741173241287 6.25352367023879e-05 9.64090086199576e-06 5.36112551344559e-05 6.95383333777499e-06 2.75759884686977e-06 3.68448235974483e-06 2.24625026561398e-06
3.59201991841473e-05 0.000145890663225146 0.000881539060355863 0.00122532727982616 0.000739732999863918 0.000449308027600637 0.00023026419830785 0.000151854792375161 0.000110714145148449 0.00042186981378336 4.22685877651929e-05 3.70434392607422e-05 4.41641465840803e-05 9.77121917458135e-05 9.94783938949695e-05 0.00224185297847725 0.00447232061997056 0.0358737810514867 0.0167385085485876 0.0171924493275583 0.011586007475853 0.0239770084619522 0.0135796746704727 0.00974822628777474 0.0241449728608131 0.0491202993318439 0.104752219468355 0.0110009239986539 0.0171751744113863 0.00370654406724498 0.000942062179092318 0.00168927774066105 0.000789554978837259 0.00132453556580003 0.00223039052798413 0.00180587689974345 0.00347981625236571 0.00210922202095389 0.000770084132091142 0.000197073469462339 0.000278720958158374 0.000190002246017684 7.28535766029381e-05 1.17424060931626e-05 6.170484238055e-06 1.1174114933965e-05 6.15510613783954e-06
0.00063031364697963 0.000408092505131208 0.0013466436706949 0.000830815283916309 0.000507543521234766 0.00028100446179451 0.000255593238125584 0.000203233062484287 0.000146039105834461 0.000275622887397731 0.000105462857027305 2.26215377324479e-05 2.85371088693864e-05 7.23576134987525e-05 0.000332657085891697 0.0100779127329588 0.00883802419994026 0.028281472530216 0.00385196229908615 0.0186351984739304 0.014806147525087 0.0653978085145354 0.022984288726002 0.0763089153915644 0.0107878834824078 0.0175393397919834 0.0516043983399868 0.0193295663222671 0.0313554042950273 0.00221337248804048 0.00170191521174274 0.000715547904837877 0.00044185363658471 0.000287423266127007 0.00161051641916856 0.00089875130506698 0.00281437301309779 0.00150753675843589 0.0212995975278318 0.00172956839669496 5.51104873011354e-05 0.000302294987341156 0.000136618536271271 1.68922065086008e-05 1.01877303563924e-05 3.96341701787151e-06 5.00671410463838e-06
0.000332365667054546 0.00087071956586442 0.000536635323078372 0.000186445232611732 0.0102120242867386 0.000367327930871397 0.000240199389600093 0.000192176401469624 0.00010254765531954 7.7363397258523e-05 3.60651141363633e-05 1.01527301410442e-05 2.17068981896773e-05 5.8192662345391e-05 0.00242791150496942 0.000824628064583521 0.00213696169084869 0.00359189267037436 0.00919784321449697 0.00993107371032238 0.0278523463755846 0.0125950148329139 0.0156893801875412 0.00492198127321899 0.00339654770214111 0.0251561398152262 0.0437917195260525 0.0948898192495108 0.0466247530654073 0.0165280270390213 0.00167884526308626 0.000814158847788349 0.000733436591690406 0.00107108781230636 0.000720759257092141 0.0015537100029178 0.00287447063019499 0.00134388817241415 0.000443253794219345 0.00954906092956662 0.000213382985384669 4.61668252683012e-05 0.000120653564226814 0.00010614732891554 0.000119954783804133 5.96825307752624e-06 1.58931680289243e-05
0.0142392639187165 0.0010102108346473 0.000923011567738285 0.00220275585888885 0.000410333958279807 0.000143386397530776 0.00346966482793505 0.000180133095636847 7.06509984411241e-05 8.1503772889846e-05 5.19607698834079e-05 6.73296985382876e-06 9.28971408598045e-06 1.44963737341186e-05 0.000253962697428278 0.000224470802095311 3.43996614446951e-05 5.09216370573995e-05 0.000695814286882523 0.00265041256789118 0.00335025129024871 0.0178893256466836 0.00746124619618058 0.0110669229878113 0.00274320630705915 0.000895581591612427 0.00147479527367977 0.0457272941246629 0.0488155087456107 0.0106848543509841 0.00104667125851847 0.00211625079391524 0.00119621283374727 0.00162624084041454 0.00132693830819335 0.000409186619799584 0.00192634720588103 0.00024317661736859 0.000147680746522383 0.00167155213421211 0.001198637339985 6.37738716250169e-05 1.22833846035064e-05 3.79373516807391e-05 0.000119390697000199 0.000187420250586001 0.000102504959795624
0.000171209328073019 0.000337810144083051 0.000110771668278176 5.91814662584511e-05 3.44696560205193e-05 6.183150335346e-05 0.000168547325074542 0.000172642039615312 9.04996687722814e-05 6.56947423294696e-05 6.13160631473875e-05 0.000242047018173253 1.7617045008933e-05 1.30343203068151e-05 0.000109472182262493 2.02546331308895e-05 9.11201742042067e-06 2.65902845740129e-05 8.9922276129073e-05 0.00223071072250605 0.00997752165421844 0.00636630865046754 0.0197143322788179 0.00862330952659249 0.00256096860975958 0.00124346084921854 0.011465918738395 0.00117911853594705 0.0113351562293246 0.0459724508225918 0.00999860749579966 0.00344656715169549 0.00126309018814936 0.00268598346738145 0.00295801848405972 0.00133891209843568 0.000428239940083586 0.000409634470997844 0.000190527606173418 0.000499352869519498 6.29735593975056e-05 0.000365972492727451 2.46013039031823e-05 6.57298866713063e-06 2.17487896634339e-05 0.000152480927863508 9.16175104066497e-05
6.02442980380147e-05 4.70656793368107e-05 4.23462684693732e-05 2.92179169264273e-05 2.1416905121896e-05 5.19526010066329e-05 0.000102532508026343 0.000129687020194069 0.0001145761261796 8.26488883944876e-05 3.47834456135843e-05 3.49880903513622e-05 3.16647598708641e-05 2.7603778522689e-05 1.46114405737308e-05 7.39313911992667e-06 3.09047685377095e-05 2.04904900556357e-05 1.60039090360442e-05 3.62828592187725e-05 0.00189408276928589 0.0011742384347599 0.0153611862100661 0.0428266729228199 0.00599574813386425 0.00229116370610427 0.000951998060918413 0.00108768472564407 0.0254601265303791 0.0240096097812057 0.0218887148424983 0.0654843842610717 0.00161071309121326 0.00106289808754809 0.00394263797206804 0.000566267993417569 0.000495815403701272 0.000426406585029326 0.00019643165069283 0.000281494737282628 0.000116936873382656 0.00029623246518895 0.000370567857316928 3.99147718781023e-05 5.26142508761041e-06 3.68944929050485e-05 1.07050934957442e-05
4.88777573536936e-05 3.77777966832582e-05 3.17800118750711e-05 2.96038346618843e-05 4.66037263095132e-05 2.44618225224258e-05 7.5420489656608e-05 9.54923838207833e-05 9.93959729839844e-05 6.79808531344861e-05 6.42954219870262e-05 4.34772229709779e-05 5.23704189618002e-05 2.40983639628212e-05 9.17390673293994e-06 4.97930132752344e-06 7.86970345245663e-06 5.10906976316505e-06 2.89237328985337e-06 1.91562920619504e-06 1.65143723478423e-06 4.36003712422917e-06 1.51653355260351e-05 0.000356383035591534 0.00582156813834445 0.000879321980755776 0.00258531830622815 0.00114253544306848 0.00536421680590138 0.00338268988707568 0.0186012957012281 0.0505025278776884 0.0150020066648722 0.00100419810041785 0.00176697361166589 0.00221523883519694 0.00076401979313232 0.000754697289085016 0.000465178382000886 0.000320511410245672 0.000121321354890824 0.000217806314321933 8.24501885290374e-05 0.000130875484319404 0.000213710039315629 2.5717493645061e-05 0.000365485167276347
4.34918732025835e-05 5.40897945938923e-05 3.08427862591998e-05 1.74369112698969e-05 2.68516005462516e-05 3.77079273675918e-05 4.72034007543698e-05 0.000103514770853508 8.5913853376951e-05 8.18961796085205e-05 7.91554589795851e-05 8.22250683086168e-05 4.83461109354266e-05 1.84657531207222e-05 1.52770326650398e-05 6.52065891166842e-06 3.49516455955268e-06 3.94180758398477e-06 5.00566638859112e-06 5.86024315518685e-07 2.20300256525974e-07 5.34601936497126e-07 3.17844746344775e-07 1.60045164179223e-06 1.10130272673814e-05 0.000394316791971505 0.000285588139740867 0.000319737786594487 0.000248447486956138 0.0351900641806424 0.0129895424935967 0.0124619196518324 0.0604802614077926 0.00875368034467101 0.000971296714851633 0.00110440109856427 0.00145035719615407 0.000830809882609174 0.00051103870064253 0.000229809889424359 8.41925144413835e-05 4.49931570983608e-05 0.000149388626232394 1.98974242721306e-05 0.00027662565553328 0.00210123164579272 0.000121247782226419
3.16654500124969e-05 2.75743095983216e-05 1.45152675486315e-05 1.61044442563707e-05 2.83633437561548e-05 7.49206728869467e-05 8.0539498685539e-05 0.000245926481557035 0.000142414859692508 0.00025250871285607 0.000210359048651299 8.3738560169877e-05 3.8854416226286e-05 2.01551066169259e-05 8.92739585083291e-06 1.01981604061052e-05 4.26226400449536e-06 2.78827695261441e-06 1.42314533437826e-06 5.35600499906863e-07 2.80392373852578e-07 2.65354380935001e-07 9.71798241100608e-08 1.90213357020852e-07 1.79724361393241e-07 3.90287248706045e-06 0.000182342895277543 0.000374371607904322 0.00184218018548563 0.0013832282696967 0.0223356732167304 0.000730678952095332 0.00436050434364006 0.0136740115471184 0.0105895136483014 0.00107204067171551 0.00111516807810403 0.00115571088390425 0.000893965104478411 0.00025944731241907 8.58408015119494e-05 0.000206243061984424 0.000895311441854574 0.000129240408568876 3.03705768601503e-05 6.80214867315954e-05 0.00110028680646792
3.47877411059017e-05 4.72730290653089e-05 4.83093718798955e-05 7.00078405316162e-05 6.7759213879981e-05 3.51228339695808e-05 6.5297279297738e-05 0.000135223818779195 0.000154850227681891 0.000113361274338786 8.64915155943891e-05 5.1020890032305e-05 3.78619199750574e-05 2.73035079800366e-05 1.18883093932709e-05 8.34993536713569e-06 9.71013561468226e-06 3.93737968771291e-06 3.3354064097324e-06 9.43379603235428e-07 7.20554084665537e-07 9.97717171991042e-07 6.44253691017838e-07 9.81819371803638e-08 2.63250960252925e-08 5.35828059700094e-08 2.35939626769266e-07 6.47674409606225e-06 1.84654344579371e-06 9.45964162113455e-08 6.70414637170325e-05 0.00111258716642624 0.0023423787264619 0.0121057724580169 0.00856107571162283 0.00601678767707199 0.00701249039266258 0.00156989845563658 0.000814423250267282 0.000802009904873557 0.000419089513889048 0.000294850666978164 0.000406049308367074 0.000356388813816011 0.000489509582985193 3.83674642762344e-05 0.00107336436631158
1.62959450847211e-05 9.26443972048219e-05 7.78257711431252e-05 5.22341012242578e-05 0.000157905432115513 0.000143570553746031 0.000125983084944892 0.000154478749709597 0.000103562553908887 7.57244344299579e-05 0.000103081918473436 0.000101704880671605 7.43850956496317e-05 4.61844308802029e-05 2.99543383505352e-05 2.3170985147658e-05 1.69036612220452e-05 1.80078415141338e-05 8.54563787484608e-06 4.26245837310546e-06 3.07606239591252e-06 1.66515342989726e-06 1.45690864572501e-06 4.39670342888832e-07 1.04502672737539e-07 3.80554225909435e-08 2.02860135134486e-08 9.64761037725026e-09 3.34763095022339e-09 2.67715606350194e-09 5.72282198341156e-07 0.0191675062058493 0.0183064991608262 0.00651290898676962 0.012533270008862 0.0217403383925557 0.0116563788615167 0.0017128097533714 0.0012382315704599 0.000639930061879568 0.000284838816151023 0.000218517076427815 0.000160844213678502 0.000143692912024562 0.000456014221708756 3.276373549852e-05 8.1078858966066e-05
