Maxent_result_files_1/Bombus_sporadicus_3.asc
NCOLS 594 
NROWS 330 
XLLCORNER -15 
YLLCORNER 23 
CELLSIZE 0.166666666666667 
NODATA_value -9999 
[rows 180 to 199 of 330, columns 484 to 527 of 594]
8.77475713756404e-08 1.52198267988624e-07 3.103256936976e-07 5.05701210440357e-07 6.69127877972464e-07 1.25955835359459e-06 1.02025615424939e-06 6.00038707143646e-07 3.73747626636334e-07 3.83574801243736e-07 2.25770644257661e-07 6.15097680900512e-07 3.11028825439319e-07 3.36292205083133e-07 3.42065765435162e-07 2.82573518517459e-07 2.67606415860211e-07 2.17525064449831e-07 2.41226594244193e-07 2.14345478355416e-07 1.82193068087866e-07 1.45238406923376e-07 1.63626090976532e-07 1.6826018778282e-07 1.75258765988673e-07 2.07193391266181e-07 3.15879095424965e-07 4.99620853700034e-07 6.87663980891706e-07 7.95107063378264e-07 8.73164143677663e-07 1.15799402650163e-06 1.32977313606064e-06 1.31633728286396e-06 1.46746779023932e-06 2.84065147266865e-06 5.28584380230512e-06 5.86179247719087e-06 1.04337990904924e-05 5.89696305262066e-06 9.727068788834e-06 1.11769989494803e-05 9.81223328508918e-06 5.51790388980677e-06
8.05637355605349e-08 1.07476025690278e-07 1.7661605939967e-07 3.52900154299007e-07 7.24013098829523e-07 1.08630614537031e-06 9.19299428558951e-07 4.94639434145405e-07 3.48634656577307e-07 2.0613647891965e-07 2.27295325228027e-07 1.73230954514381e-07 3.28299597229798e-07 1.53256326984597e-07 1.68529246424853e-07 1.83812050813525e-07 1.07004055148741e-06 1.53979289185813e-07 1.27307403263721e-07 1.37316752990557e-07 1.24687811453583e-07 1.23416378838836e-07 1.31474958819933e-07 1.32410966358076e-07 1.46107272047669e-07 1.66728102191094e-07 2.41151706603659e-07 3.94583673468674e-07 5.954277195519e-07 7.71760670537081e-07 1.02082403508064e-06 1.09321056694922e-06 1.18153885283467e-06 1.39382469446225e-06 1.39219169940086e-06 1.70818383649074e-06 2.08420134353293e-06 2.68436726402754e-06 3.52537130874353e-06 4.73055423757529e-06 8.56575413905603e-06 7.07205530581234e-06 5.57359974155958e-06 4.94098202752369e-06
6.42803090644684e-08 8.0997661666693e-08 1.1291893113885e-07 1.95549484693913e-07 4.28755463754982e-07 6.38123412588509e-07 7.21097366507273e-07 3.6560383436246e-07 2.45306266688505e-07 2.225498632491e-07 1.49519000103293e-07 1.39958743972102e-07 1.23006594243691e-07 1.08387984254499e-07 1.02904898646727e-07 9.45759588311112e-08 9.84429177286472e-08 1.03916231541934e-07 1.08737706283613e-07 9.87273653829668e-08 9.76837557953303e-08 9.8441182561082e-08 1.12343404579107e-07 1.24666618894764e-07 1.39056769010715e-07 1.59519417219922e-07 1.91999203857929e-07 2.7118632216494e-07 3.83142491100497e-07 5.00435807970767e-07 7.38625042540075e-07 6.02030908536388e-07 7.96475289199794e-07 1.53778441200902e-06 1.54998596034739e-06 1.67395554173666e-06 2.42429949108836e-06 3.54183302229139e-06 2.63697927764817e-06 2.98617162668435e-06 4.41820746064359e-06 2.76153082001684e-06 2.65228564541031e-06 2.03596927816907e-06
3.92589817876932e-08 6.11964033003787e-08 8.35863294801342e-08 1.1740801687532e-07 2.03614604221691e-07 2.5316301686118e-07 1.69951835116144e-07 1.47893670754407e-07 1.20092792910143e-07 1.15160507629941e-07 1.02624966391573e-07 9.98493796200428e-08 8.94488446201436e-08 7.64306947287352e-08 7.75779526507314e-08 8.32478878942666e-08 8.71237728850005e-08 3.36840685288831e-07 8.49999620355924e-08 7.7649944907332e-08 8.79155605093551e-08 9.11608473930237e-08 9.41356176675789e-08 1.04820658897165e-07 1.22100593746843e-07 1.42538270786474e-07 1.55099626142352e-07 1.75567689864042e-07 2.30021179992157e-07 2.86940845362071e-07 3.51627536698818e-07 4.14322924247035e-07 5.27842020559e-07 8.25018546291023e-07 1.09095201165088e-06 1.5722488554859e-06 1.90188204999275e-06 2.18597641246099e-06 1.62465503936726e-06 1.73572591621873e-06 1.78227106181206e-06 1.8048299925022e-06 1.88989729420497e-06 1.10568134495947e-06
2.72286644231734e-08 3.98861415007445e-08 5.48424516577661e-08 7.1706948368e-08 9.4892308288852e-08 1.11626562337985e-07 8.10935441686311e-08 7.26515226201485e-08 7.71483775308113e-08 8.45467512777809e-08 7.25040168680913e-08 8.80545380055331e-08 7.25760049058444e-08 5.47409826245904e-08 6.34957925460533e-08 6.78905693440868e-08 6.83917267707557e-08 9.86787435985903e-08 6.60724535417323e-08 6.22009868278539e-08 6.69806903608183e-08 8.21224167113499e-08 8.0208048169883e-08 8.47249069679812e-08 9.73724214037297e-08 1.06059849847018e-07 1.20866687680632e-07 1.3935661373754e-07 1.78773799486276e-07 2.60048866129736e-07 3.49485151407425e-07 3.98607220208902e-07 4.72436293408318e-07 5.6882076371334e-07 6.98463449588793e-07 8.48200381931008e-07 8.1511725803507e-07 8.28209587011575e-07 9.35412079550169e-07 1.22991999350619e-06 1.24616676533407e-06 2.29996825362733e-06 2.43858755641924e-06 1.01638638362322e-06
2.33799093529718e-08 2.68107384737704e-08 3.44719185307873e-08 4.28314102740579e-08 5.49723385701029e-08 5.45400921203587e-08 5.20968488126883e-08 5.13981586403034e-08 5.51416001193239e-08 5.54757147996909e-08 5.43704812061563e-08 5.86580980010965e-08 4.65029644458603e-08 4.52891780855502e-08 4.68523182362013e-08 4.4910620722316e-08 5.06684967649385e-08 4.96393371962611e-08 5.4327612819538e-08 6.17864694296699e-08 6.74107024756232e-08 7.31235286544063e-08 7.07018594892084e-08 7.34189305351407e-08 8.30153176756276e-08 8.97712092218228e-08 1.03710187460138e-07 1.21384788009937e-07 1.53636630106924e-07 2.13967059581321e-07 3.04011427298967e-07 4.10954517315876e-07 4.15052866231669e-07 3.85756486265265e-07 3.14190399208769e-07 3.5428373521551e-07 4.11049793913598e-07 4.72093580705657e-07 5.85367425465222e-07 6.16783215878769e-07 7.32520359714162e-07 1.06695268051737e-06 1.61936867087986e-06 7.43609256570466e-07
2.02021194439794e-08 2.08191757833376e-08 2.31229699498847e-08 3.02718014988379e-08 3.73203919545873e-08 4.26577999923516e-08 5.1843856363476e-08 4.90700272415268e-08 4.1255097293913e-08 3.85397812219246e-08 3.90091012381077e-08 4.24140764287984e-08 3.35455610733781e-08 3.88765517778111e-08 4.27851105766486e-08 3.71753083427961e-08 4.28931426377233e-08 4.49753256415164e-08 4.52324261823733e-08 5.18016228356899e-08 6.42887922230884e-08 7.5107569552646e-08 6.44017746354031e-08 7.13305492783256e-08 7.81650557724056e-08 8.29173208094503e-08 1.03702949705298e-07 1.23726026024507e-07 1.31603079556175e-07 1.75055609685781e-07 2.18150071162881e-07 2.69391481133585e-07 2.87279432020782e-07 2.30346663787628e-07 2.28888036457597e-07 2.62976744103138e-07 3.20925545171935e-07 3.70459851051219e-07 3.98254538058751e-07 4.15628998751139e-07 3.94059420416593e-07 5.08583381975125e-07 6.03866069759373e-07 4.85498418534291e-07
1.52687038013077e-08 1.36841571962698e-08 1.41502472295052e-08 1.83821247667915e-08 2.26214733944907e-08 2.61347159025149e-08 2.9871474216403e-08 2.89320206681154e-08 2.92678861257833e-08 5.11767160538135e-08 3.64140978703631e-08 2.8174179045326e-08 2.81181725569901e-08 3.44370912341851e-08 3.51315758817528e-08 3.4284388206185e-08 3.86347488445793e-08 3.91699251034439e-08 4.79129298125436e-08 4.99556594757422e-08 4.97056242831917e-08 5.31143298121428e-08 5.84671236203427e-08 6.03530554421638e-08 6.90393958446833e-08 7.36490031183479e-08 8.84018713342982e-08 1.20951063609098e-07 1.44615957231586e-07 1.63406842967895e-07 1.89753729973319e-07 1.91729633591819e-07 1.71481878263879e-07 1.57379872411934e-07 1.84521093737899e-07 2.39098035459406e-07 3.25484870367099e-07 3.91578289793415e-07 3.61054710196207e-07 3.46594245748122e-07 3.74898033395077e-07 3.96804696467523e-07 3.35308375065679e-07 2.83628446662298e-07
6.00041528686646e-09 6.97454706211076e-09 8.1131301232773e-09 1.03016063346395e-08 1.29257694880813e-08 1.5460742108786e-08 1.84702716343743e-08 2.1365091451564e-08 2.53912557313107e-08 2.66245223756734e-08 2.32834108548907e-08 2.1110443471084e-08 2.41969259517916e-08 2.71295192311172e-08 2.8602530699473e-08 3.01051432116672e-08 3.32264184721431e-08 3.5907620921094e-08 3.70317120079733e-08 3.64157067056503e-08 4.15646266738179e-08 4.52296429864774e-08 5.16133985328793e-08 5.37416594670326e-08 5.57482640273221e-08 6.37999916675014e-08 7.432577292521e-08 8.7504257184623e-08 9.91197296906776e-08 1.17782762476537e-07 1.34930210127226e-07 1.27062461829919e-07 1.1648434391498e-07 1.36712043552478e-07 1.53969047167468e-07 1.90932005394995e-07 2.15056580865625e-07 2.1443016674505e-07 2.29388025874133e-07 2.54723766146547e-07 2.82576958543501e-07 3.23945443136964e-07 2.45300806578363e-07 1.84508905887171e-07
5.73880437615415e-09 4.2793014354281e-09 5.2675829143034e-09 6.50146524394657e-09 7.89949188284567e-09 1.0156162655317e-08 1.26117949528215e-08 1.55949306246406e-08 1.91131426019453e-08 1.51229018197085e-08 1.47156084429056e-08 1.72585198576769e-08 1.86254252798612e-08 2.04344192344941e-08 2.2056853243857e-08 2.41141472789863e-08 2.64258185334043e-08 2.65059929338562e-08 2.61975697690708e-08 2.73650817228521e-08 3.24251608230242e-08 3.48362728885832e-08 3.70376349367874e-08 4.23328451071292e-08 4.54540066696651e-08 5.05143044393641e-08 6.13719339237484e-08 6.97744543143308e-08 7.57966220787942e-08 7.96142929360144e-08 7.97842909627811e-08 8.45913619151872e-08 9.95410812332231e-08 1.09233195633163e-07 1.03846328169954e-07 1.14881900770136e-07 1.28417094680255e-07 1.41758553084959e-07 1.66193185646701e-07 1.84507775213838e-07 2.13008926464031e-07 2.22990053622141e-07 1.72982701773794e-07 1.32587240742055e-07
2.76197694604186e-08 2.72758165387188e-08 3.10179205653682e-09 3.82058085168779e-09 4.94842284926023e-09 6.33368183455829e-09 8.1216277036944e-09 1.06883375150524e-08 1.00663437807569e-08 9.21362309780349e-09 1.10380577011959e-08 1.16583673492876e-08 1.20282445337239e-08 1.33600199014872e-08 1.50354326544644e-08 1.72015313326668e-08 1.89773212699862e-08 1.87850462896044e-07 1.85990142054226e-07 1.83232150008372e-08 1.85065678981466e-07 5.15378165033553e-08 2.4747732807473e-08 3.00027583777229e-08 3.39700624518713e-08 3.7699512445144e-08 3.88571726350762e-08 4.2559072499504e-08 4.8472482716555e-08 5.39350015649198e-08 6.17043018569241e-08 7.01698922633831e-08 7.07045695880204e-08 6.67573320844994e-08 7.30069909304909e-08 8.45871257038056e-08 1.14293145825339e-07 1.24326488581961e-07 1.39993112080461e-07 1.48121311438487e-07 1.35033096904102e-07 1.35293029346339e-07 1.42224278421033e-07 1.39518624697743e-07
3.11009660247663e-09 2.06025547511146e-08 2.16085276116829e-08 7.97831662957549e-08 2.44469805288361e-08 3.62584523516674e-09 4.87374792745854e-09 6.39812562930331e-09 7.05734425343607e-09 7.01889275589451e-09 7.54923843437894e-09 7.97535265606442e-09 9.16483042789906e-09 1.5446565160282e-08 1.06929899823527e-08 1.1012133271926e-08 1.37365105512544e-08 1.25956644525527e-07 1.52628990590653e-07 1.73372045497722e-08 1.80741463351453e-08 1.936478088993e-08 2.14969179790359e-08 2.21168573566466e-08 2.37667182823031e-08 2.62174513321334e-08 2.74488173190868e-08 2.94264850930759e-08 3.34882581665141e-08 3.81330912513356e-08 4.26505496586849e-08 4.55557438217014e-08 5.11080455734003e-08 5.4113966507785e-08 5.99680289425919e-08 6.95165487729632e-08 8.62856208150298e-08 1.09081403176781e-07 1.3105699593341e-07 9.93406253813056e-08 9.61241614083619e-08 9.91513412151868e-08 8.90387956253846e-08 7.91325495574924e-08
1.926845150102e-09 1.65368642113251e-09 5.58395540917189e-09 6.25909420182147e-08 8.37484166904545e-08 2.78976682754895e-08 3.7745378156373e-09 4.53572119862855e-09 4.63518642357386e-09 5.03268762219733e-09 1.32260645879789e-08 6.10000856160475e-08 7.44553403375647e-09 1.06510111286262e-08 1.20474692999473e-08 1.18028027573658e-08 1.22175327965657e-08 1.42087755672371e-08 1.40594110908943e-08 1.38677949679256e-08 1.42049758511398e-08 1.48929772625372e-08 1.5765074068419e-08 1.7166027543869e-08 1.84335973152372e-08 1.82581159524631e-08 2.09327496558664e-08 2.2519842590718e-08 2.51144530505343e-08 2.88735635178838e-08 3.02681837593965e-08 3.58725416593764e-08 4.61479456759228e-08 5.57724403438264e-08 5.36005208773282e-08 7.49193430849005e-08 6.03713762759028e-08 7.25753558916686e-08 8.44820555068182e-08 7.72237114587959e-08 7.30295293016603e-08 8.66017381473405e-08 7.88855193611937e-08 6.36205715554006e-08
1.72688530142295e-09 9.20960951944494e-09 1.86465544893544e-08 5.74253529062041e-08 6.63411013679394e-08 3.26056729393898e-08 3.17036666919179e-09 3.38382871722942e-09 3.5164304690305e-09 9.04493753228763e-09 5.04835291681438e-08 6.79670854042413e-09 7.26005228157689e-09 7.98654599121207e-09 8.96481733292376e-09 9.69832336661369e-09 9.97216457188088e-09 1.0634824165745e-08 1.12515905925648e-08 1.07039560215405e-08 1.05468133781983e-08 1.14687526031609e-08 1.21862857915822e-08 1.32203234137762e-08 1.42799200242294e-08 1.48815672229574e-08 1.56237962012362e-08 1.70403023913579e-08 1.79727243976302e-08 1.95256724677684e-08 2.72002749546196e-08 3.43738752239808e-08 3.87024081338616e-08 4.21665143135463e-08 4.35696605571856e-08 4.39066277557743e-08 3.97580394495556e-08 4.5956041871964e-08 4.90371538264256e-08 5.27332525868118e-08 6.30086548381037e-08 7.63665644831768e-08 7.78184215288746e-08 6.17700968041923e-08
1.88911058018881e-08 1.75565023075031e-08 2.00265998895333e-08 2.28412341263251e-08 8.7456857533752e-09 2.5742738163359e-09 2.5920951940428e-09 2.68822597515594e-09 2.91904418414646e-09 3.15862472510808e-08 3.38805216770766e-08 5.06154077539733e-09 5.41426978806214e-09 5.84312312978952e-09 6.276067998634e-09 6.93946915486521e-09 7.42815638998806e-09 8.04182388458585e-09 8.52876130830182e-09 8.54544237594013e-09 7.71133019661363e-09 8.26353202532104e-09 9.0365041005569e-09 9.85791741570097e-09 1.0514135195816e-08 1.15628036589932e-08 1.20562561933824e-08 1.22722952911047e-08 1.20012233040256e-08 1.61986768332234e-08 1.85512020522971e-08 2.1028815411217e-08 2.60116857941917e-08 2.92223256592727e-08 2.35432713546757e-08 2.93336576917547e-08 2.96798075116733e-08 3.78045263316196e-08 4.57227278372052e-08 5.03354790848398e-08 5.20692476801976e-08 5.78154771058159e-08 6.14002404697445e-08 5.71329772158791e-08
4.48950722597985e-08 4.20296394243458e-08 4.54626880586062e-08 1.47722640564396e-08 1.61897976136416e-09 2.65224909812289e-09 2.79602180297545e-09 4.96790854009888e-09 2.35949456639517e-09 2.48918301526402e-09 4.06083137116653e-09 3.37181677023679e-09 3.70575550245888e-09 3.81321390019451e-09 4.34824157791169e-09 4.95623545537782e-09 5.04650928823125e-09 5.39626052731279e-09 5.68668440115161e-09 6.27218410542696e-09 7.02191813584108e-09 7.56426211667716e-09 7.50033658514226e-09 7.60717268066813e-09 7.95163943578814e-09 8.08957288933598e-09 9.12183873991168e-09 9.82928625159474e-09 9.89620325686502e-09 1.03652994853931e-08 1.28742473348709e-08 1.4408551263223e-08 1.47844063880243e-08 1.61117888697326e-08 1.86388446121732e-08 1.93524539948697e-08 2.68290226590473e-08 3.12878496222524e-08 3.50227363332678e-08 3.65037146288216e-08 4.53873697070506e-08 5.70621124573734e-08 5.60604125010578e-08 5.12222461668266e-08
2.67104533491214e-08 3.24090297820767e-08 4.12387718862206e-08 4.53961171209549e-08 4.65715668029887e-08 1.63543527387233e-08 1.64802833602096e-09 1.76289135511709e-09 1.84480261067321e-09 6.6735618253766e-09 1.83254563745905e-09 2.22301979047046e-09 2.32288080992404e-09 2.20188425270607e-09 2.42341995360107e-09 2.6099058914042e-09 3.07044456526739e-09 3.51346960414389e-09 4.46113881391597e-09 5.35322458583565e-09 5.52386395513693e-09 5.76013379216533e-09 5.56521726480241e-09 5.85174622091955e-09 5.5196618609088e-09 5.62602863185546e-09 5.86910007260855e-09 6.13893247347619e-09 6.75690610130175e-09 7.53558885291383e-09 8.18215508679998e-09 9.34366057858682e-09 1.0622790069803e-08 1.29206740973054e-08 1.42127602131836e-08 1.38667510585222e-08 1.59724478643319e-08 1.88469719830664e-08 2.14357490424533e-08 2.8369909943482e-08 4.34881734290293e-08 4.62819111368695e-08 5.44527661516803e-08 5.40219628364369e-08
2.63354245411129e-08 2.74383533893641e-08 2.85228758500899e-08 2.80903473814931e-08 4.13217182027026e-08 4.53175495351843e-08 4.8784137540725e-08 4.81836234467181e-08 4.47746147047567e-08 2.78745364679089e-08 1.54079257130846e-08 1.62331275643801e-08 9.81604794114688e-09 1.80542084504687e-08 6.61224902609447e-09 1.95605621700068e-09 2.0333798644856e-09 2.25831211508876e-09 2.63255209853597e-09 3.22264581686937e-09 3.5138776333099e-09 3.62083005800429e-09 4.06951520259824e-09 4.69379906054002e-09 4.69051828488887e-09 4.17509665728844e-09 5.0313177735184e-09 4.8989582390746e-09 7.31429932177008e-09 5.34355077963511e-09 6.25500701234571e-09 6.58876401216091e-09 6.87816861244528e-09 7.17738080080466e-09 8.37233086192768e-09 1.11188170892618e-08 1.11429785731865e-08 1.11418733461655e-08 1.30723020297374e-08 1.51825084837576e-08 2.1449676779195e-08 3.02219234082912e-08 4.31463151984168e-08 3.90126006610814e-08
7.20950079635685e-09 1.75109168831789e-08 2.68300095473961e-08 3.00962234467406e-08 3.3426508838641e-08 3.69757439222518e-08 4.15996677327612e-08 4.23575999497494e-08 3.69102248876096e-08 1.05737640310188e-08 1.46867321193511e-08 5.23943092911594e-08 3.48095336999421e-09 1.08699483858388e-09 1.29362468515026e-09 1.84681965276212e-09 1.96508063154965e-09 1.89069325751134e-09 1.59074410310822e-09 2.11934323424146e-09 2.24552924033006e-09 2.59516966805151e-09 3.01107988542881e-09 3.12788621670279e-09 3.44262042206722e-09 3.40967979406415e-09 3.61619321154194e-09 3.40243213603486e-09 5.71564929829904e-09 4.4269540366848e-09 5.35467185036609e-09 5.57794377353815e-09 6.32739307615537e-09 5.94748951199264e-09 6.94702111392331e-09 6.59571444128204e-09 7.29370336349788e-09 7.78586194405406e-09 8.07680266001754e-09 9.5607615824278e-09 1.15522593380213e-08 1.47602228661725e-08 1.9799933681508e-08 3.5487846450355e-08
1.96326096713051e-08 1.72800129094597e-08 4.95201310846127e-08 3.22117399531585e-08 2.79453939100449e-08 4.45996997777698e-08 3.74832801131042e-08 1.2255953085738e-08 1.181933984018e-09 1.23767450732615e-09 1.29580327579149e-09 7.50042030706055e-09 8.58143954785007e-09 9.45406064545296e-10 8.19443213284643e-10 8.70789307327868e-10 1.12628506521162e-09 1.27575556785331e-09 1.76767815940337e-09 1.92968145906747e-09 1.88962124836323e-09 1.87417865671335e-09 1.93716749308237e-09 2.29919829841663e-09 2.82054550826416e-09 3.07305754176923e-09 2.95192100763231e-09 3.2189939713767e-09 3.42083010806959e-09 3.97370099047834e-09 4.07759181975109e-09 4.12012903794334e-09 4.51860724393072e-09 5.39962939916094e-09 6.23289106993496e-09 6.39182458073151e-09 7.44365468152708e-09 8.41920744232283e-09 7.45145352087917e-09 1.69353155055063e-08 9.31957979677378e-09 6.60610492086988e-08 1.07823966188914e-07 8.11602406058931e-08
