Maxent_result_files_1/Bombus_terrestris_2.asc
NCOLS 594 
NROWS 330 
XLLCORNER -15 
YLLCORNER 23 
CELLSIZE 0.166666666666667 
NODATA_value -9999 
[rows 294 to 314 of 330, columns 322 to 367 of 594]
0.000214557626168244 0.000231623178115115 0.000234152683697175 0.00021579907333944 0.000193403163575567 0.000173932321195025 0.000155912307673134 0.000145297472045058 0.000147816833487013 0.00013713929511141 0.000124532073823502 0.000110483950265916 9.61839381488971e-05 9.01913037523627e-05 8.68053495651111e-05 8.22997139039217e-05 7.68930080084829e-05 7.28488306776853e-05 6.88810912834015e-05 6.90209071763093e-05 6.55649793770863e-05 6.00199458858697e-05 5.99158127442934e-05 5.66317859920673e-05 5.31357913132524e-05 4.86260585603304e-05 4.66992187284632e-05 4.69169426651206e-05 4.54945971796406e-05 4.39034911323688e-05 4.01759947635583e-05 3.50990374499815e-05 3.31677329086233e-05 3.23342928822967e-05 3.08126500385697e-05 3.06612731947098e-05 3.77392458176473e-05 3.80676436179783e-05 3.65420133675798e-05 3.70332179954858e-05 4.08802252422902e-05 4.02367993956432e-05 4.06181847210973e-05 4.2226375444443e-05 4.55728510132758e-05 5.17420205142116e-05
0.000212812796235085 0.000239920617605094 0.000265797466272488 0.000245239460491575 0.000219122218550183 0.000203946440888103 0.000196734635392204 0.000182728604704607 0.000193637250049505 0.000186345272231847 0.000168666962417774 0.000144646607805043 0.000118104325520108 0.000104158148315037 9.49659835896455e-05 8.65886628162116e-05 8.0964160952135e-05 7.70512542658253e-05 7.4428607331356e-05 7.54332071664976e-05 7.26174373994581e-05 6.96081504429458e-05 6.65600258798804e-05 6.51799338811543e-05 6.20106391579611e-05 5.95069497649092e-05 5.70592994336039e-05 5.53832072910154e-05 4.86825170810334e-05 4.38414386735531e-05 3.747162882064e-05 3.62007072908455e-05 3.44743071764242e-05 3.39947877364466e-05 3.29499644067255e-05 3.27430969264242e-05 3.37952746122028e-05 3.25390603393316e-05 3.714312442753e-05 4.4218719813216e-05 4.64180997369112e-05 4.31342543379287e-05 4.23632398451446e-05 4.36929823990795e-05 4.62886528111994e-05 4.5402913383441e-05
0.00025334981182823 0.000286755705019459 0.000274823178187944 0.000299493919010274 0.000268554064678028 0.000295038500917144 0.000259789174015168 0.000214589237293694 0.0002207055920735 0.000212198207736947 0.000199459453870077 0.000179110278259031 0.000146221093746135 0.000126122464280343 0.000112436172639718 9.82571044005454e-05 8.98190159205115e-05 8.66412174218567e-05 8.42487865156727e-05 8.09294913779013e-05 7.88708715845132e-05 7.61958544899244e-05 7.38443537557032e-05 7.55314100388205e-05 6.90466298692627e-05 7.01210545230424e-05 6.44240739347879e-05 5.83289827773115e-05 5.53911857423373e-05 4.95626900374191e-05 4.37653137851157e-05 4.0137411269825e-05 4.08447025620262e-05 3.53975321559119e-05 3.64932584488997e-05 3.60201725925435e-05 3.26230039718212e-05 2.98517232295126e-05 3.4876248355431e-05 4.01430299461936e-05 5.76113085116958e-05 4.6472686517518e-05 3.85469575121533e-05 4.03824024033383e-05 4.20907630541478e-05 4.67199090053327e-05
0.000335650514170993 0.000318012082425412 0.000279174323077314 0.000296575408719946 0.000390345661435276 0.000398326563299634 0.000297094581765123 0.000275916555256117 0.000300574567518197 0.00027930521464441 0.000234428934345487 0.000205766933504492 0.000175355576357106 0.000157178192603169 0.000144176262256224 0.000122997329162899 0.000105360957968514 9.78496515017468e-05 9.30165173485875e-05 9.15912281925557e-05 8.89835428097285e-05 8.31420926260762e-05 8.01203448645538e-05 7.9233725409722e-05 8.21158133476274e-05 7.87828270404134e-05 6.98220042977482e-05 6.30312966677593e-05 6.14199463598197e-05 5.49943259102292e-05 5.01064965646947e-05 4.38964229033445e-05 4.05555465476937e-05 3.92264697438804e-05 3.91134226447321e-05 3.7540457014984e-05 3.33146312186727e-05 2.98746057524113e-05 2.86976886854973e-05 3.03667313346523e-05 4.36353922850685e-05 4.01639808842447e-05 3.67990303857368e-05 0.000123712534696097 5.95145618717652e-05 4.52467413197155e-05
0.00026223966415273 0.000278196396538988 0.000357648535282351 0.00044349261734169 0.000405392303946428 0.000438340863911435 0.000428116993862204 0.000388601765735075 0.000320832016586792 0.000276587683765683 0.00024077181587927 0.000207747545209713 0.00017913292394951 0.000157023048086558 0.000140681251650676 0.000129424104670761 0.000117750444042031 0.000108289738273015 0.00010061074863188 9.6467332332395e-05 9.34884934395086e-05 8.70049094373826e-05 8.46072802232811e-05 8.63912373461062e-05 8.95159038918791e-05 0.000127906583657023 7.67631277994951e-05 6.71825611789245e-05 6.46053416858194e-05 5.94704677496338e-05 5.52032211999176e-05 4.69304120997549e-05 4.39623367128661e-05 4.11930690461304e-05 4.11302546126535e-05 3.98715292249108e-05 3.82324189558858e-05 3.52942102836096e-05 3.27847727021435e-05 3.08900373056531e-05 3.07725867969566e-05 3.4884952037828e-05 2.98015342195868e-05 3.22268451782293e-05 6.49152731057256e-05 3.87679298000876e-05
0.000269371161994059 0.000336379697546363 0.000413026305614039 0.000390805827919394 0.000484021726879291 0.00058364684227854 0.000512590064317919 0.000422216992592439 0.000353582616662607 0.000297254307952244 0.000248048578214366 0.000217728847928811 0.000194878751062788 0.00032003320811782 0.000137211686524097 0.000129681821999839 0.000121692226821324 0.000117602583486587 0.000229968689382076 0.000173402628570329 0.000102800167223904 8.81791533174692e-05 8.46315626404248e-05 8.48022791615222e-05 8.57168917718809e-05 8.82179072505096e-05 8.25647417514119e-05 7.50257549952948e-05 6.0771310745622e-05 5.51675595488632e-05 5.40126075065928e-05 4.89959711558186e-05 4.35267338616541e-05 4.34866768046049e-05 4.19655725636403e-05 4.13313791796099e-05 3.57086695657927e-05 2.95245879897266e-05 3.2215604915109e-05 3.9658734749537e-05 3.06219109916128e-05 5.71973945625359e-05 3.62195103662088e-05 3.45080381521257e-05 3.52016033502878e-05 3.48222743923543e-05
0.00037414462713059 0.000462577631697059 0.000556981426780112 0.000574840625631623 0.000623234012164176 0.000603077380219474 0.000532212137477472 0.000446121755521745 0.000361744724796154 0.000294712668983266 0.000251898328133393 0.000216196256224066 0.000178128395782551 0.000153086130012525 0.000152547640027478 0.000146021854015999 0.000136691422085278 0.000208428822952555 0.000248358293902129 0.000150126258813543 0.000188273721869336 0.000113873014197452 0.000146366858825786 8.55660888191778e-05 8.48401843541069e-05 8.81510190083645e-05 8.01737354777288e-05 7.48150399886072e-05 6.96050399710657e-05 5.57560480956454e-05 5.2141294509056e-05 4.9911682435777e-05 4.41207372205099e-05 4.6699935774086e-05 4.26910084570409e-05 4.1652777690615e-05 4.28349554567831e-05 3.61190708645154e-05 3.00559444440296e-05 2.68789273832226e-05 4.89916106744204e-05 7.47650428820634e-05 2.96692491247086e-05 3.07411133690039e-05 3.37818184561911e-05 2.99812187222415e-05
0.000406558261602186 0.000510445059626363 0.000631662367959507 0.000667921631247737 0.000659116325550713 0.00061116129218135 0.000540070273564197 0.000497632793849334 0.000383902247995138 0.00027156198193552 0.000236840003344696 0.000183139329601545 0.000174845968285808 0.000173646178882336 0.000174030025664251 0.000170498112856876 0.00016769628127804 0.000180700685450574 0.000146961215068586 0.000143369880242972 0.00012552751795738 0.000113439316919539 0.0001665017734922 0.000156535764836008 8.54276073368965e-05 8.77829330420354e-05 8.39124975755112e-05 7.79764450271614e-05 7.31533305952325e-05 6.45024047116749e-05 5.98444559727795e-05 5.28690270584775e-05 5.33543519850355e-05 5.04654817632399e-05 4.91304408569704e-05 4.4906878429174e-05 4.20885522544268e-05 3.4601512743393e-05 2.59561773418682e-05 3.06849671687814e-05 2.70341373834526e-05 3.6747148806171e-05 2.72087998382631e-05 3.07168511426426e-05 3.69316610886017e-05 3.0040170349821e-05
0.000358874967787415 0.000534763175528497 0.000654786216909997 0.000675431618583389 0.000623145163990557 0.000586308393394575 0.000538225492346101 0.000529223718331195 0.000374934551655315 0.000224321424320806 0.000213827891275287 0.00017675547132967 0.000178727917955257 0.000190920382738113 0.000188826603698544 0.000195477728266269 0.000359876090078615 0.000534680599230342 0.000848892208887264 0.000164385266543832 0.000147182166983839 0.000135873751423787 0.000123735902889166 0.000203800776944263 0.000192699881881708 9.18037356314016e-05 8.77162634424167e-05 8.24946244392777e-05 7.46084391721524e-05 6.69860826747026e-05 6.39351059362525e-05 6.00753261096543e-05 5.41051598702325e-05 5.25088675203733e-05 4.51330182841048e-05 3.90377170333522e-05 3.40522456099279e-05 3.20282610118738e-05 2.84939902485348e-05 2.33670681154763e-05 2.9873368475819e-05 3.50801990862237e-05 3.80795563614811e-05 2.58875565123162e-05 2.60308037468349e-05 2.80741394817596e-05
0.000527777094976045 0.000514143970212899 0.000622717969235964 0.00057352009753231 0.000542450835928321 0.000587926796288229 0.000438593691796996 0.000399981465307064 0.000480838841758668 0.000256594987877179 0.000220512888336089 0.000222632409713697 0.000247542477154639 0.000205596798332408 0.000201113286311738 0.000232040203991346 0.000352067885978613 0.000271154087386094 0.000423327158205211 0.000205392303178087 0.000173074075428303 0.000153331875480944 0.000150733323971508 0.000244448480952997 0.000238685100339353 0.000197235996165546 0.000106306296220282 8.58195104228798e-05 0.000101185521270963 8.6216692943708e-05 6.82085228618234e-05 6.16986675595399e-05 5.54520527657587e-05 7.69969741668319e-05 4.79296839330345e-05 3.58266841431032e-05 3.48986837707344e-05 3.80968580429908e-05 4.19079202401917e-05 2.99542309221579e-05 3.00569341561641e-05 2.9549758619396e-05 3.82432526748744e-05 2.79282854535268e-05 2.60347493167501e-05 2.43746520936838e-05
0.000599551049526781 0.000607093455619179 0.000633226227364503 0.000517415936337784 0.000499521227902733 0.000515589909628034 0.000376856190268882 0.000364476745016873 0.00040943798085209 0.000302822775847744 0.000284362713864539 0.000347087456611916 0.000264822730969172 0.000239843910094351 0.000271861924557015 0.000454471513512544 0.000309749282314442 0.000267024589993525 0.000240739081345964 0.000211603562638629 0.000186874813516624 0.000240269095229451 0.000136677723639878 0.000242594539304264 0.000240150294848718 0.00021308557188604 0.000167037555365823 0.000102225966111291 0.000135207321000053 9.01431008969666e-05 8.14944076410029e-05 6.49059638817562e-05 5.77359805902233e-05 5.16885560500668e-05 4.20617381678312e-05 3.79076531316969e-05 4.56035868410254e-05 4.36955204349942e-05 4.41686592239421e-05 4.42807116996846e-05 4.15943213738501e-05 3.18080401484622e-05 3.43283369147684e-05 2.84506017123931e-05 2.74692134553334e-05 2.6891045672528e-05
0.000687486439710483 0.000661893479991704 0.000681316026020795 0.000662520574405789 0.000695987284416333 0.000639279920142144 0.000522200093837455 0.000500592665048316 0.000488672248320654 0.000302898137306329 0.000269919478159864 0.000270705846196506 0.000287363422103226 0.000342132592049893 0.000303583282220643 0.000379984155006241 0.000362592106102966 0.000287193887925241 0.000254011964716483 0.000227689591702074 0.000253003748366609 0.000254790241888259 0.000135036763094831 0.000138760353001999 0.000198615646513645 0.00011631046581897 0.000146416230563773 0.000127739079471212 8.67599770572269e-05 9.3050001305528e-05 6.68033510009991e-05 6.70399862428894e-05 5.4125792303239e-05 5.18379220011411e-05 4.16960256188759e-05 3.90626863008947e-05 4.66846795461606e-05 5.12153874296928e-05 4.58207021438284e-05 4.41309064626694e-05 4.5203629633761e-05 4.09647213018616e-05 3.47240804330795e-05 3.19475351716392e-05 2.50838669671793e-05 2.90347747068154e-05
0.00067841308482457 0.000732416938990354 0.00078703936887905 0.000725114776287228 0.000681403998169117 0.000700868075364269 0.000640015333192423 0.000544479506788775 0.000399066097452305 0.000286053627496585 0.000292709392670076 0.000352046207990497 0.000351348870026413 0.000365111014980357 0.000341985018167179 0.000322820848668925 0.000334424668108113 0.000254297218634747 0.000256026722490787 0.000261748470074963 0.000298791473323945 0.000189031130139483 0.000163701506244251 0.000154516848124331 0.000138804324524244 0.000156931813398842 0.000146490438783076 0.000157015263539506 8.45725942781428e-05 7.33701839635614e-05 7.56693156290567e-05 6.66917774651665e-05 8.48509112984175e-05 4.62744435935747e-05 4.13914223827305e-05 4.08838193834526e-05 4.75118247777573e-05 5.35239705641288e-05 4.95892549224664e-05 5.00103287777165e-05 4.71422741611605e-05 4.4915347280039e-05 3.76462819986045e-05 2.99042081678635e-05 2.42684094700962e-05 2.76660744930268e-05
0.000732002523727715 0.000708841206505895 0.000694109193864279 0.000721026823157445 0.00076400947291404 0.000643631274579093 0.000550673229736276 0.000484391319332644 0.000359086011303589 0.000324732008448336 0.000251726609712932 0.000384739731089212 0.000371936245937832 0.000338327857025433 0.00030706948164152 0.000422266367240809 0.000391625086194836 0.000287536451651249 0.00021999037853675 0.000235392962349579 0.000240805507928599 0.000225944482372142 0.000193245756236138 0.000169581305817701 0.000145357449218864 0.000131113934185123 0.000127850194985513 9.9890137789771e-05 0.000144042367173824 7.70812006521737e-05 7.86214310210198e-05 8.72001248353627e-05 6.33748320979066e-05 6.2882113707019e-05 4.32163928053342e-05 4.3282586557325e-05 4.74747879707138e-05 5.51890425413148e-05 5.52860885363771e-05 6.22023970208829e-05 4.76042061563931e-05 4.88346322526922e-05 3.93151101889089e-05 3.45890244716429e-05 2.91231395749492e-05 2.61782586676418e-05
0.000792128685861826 0.000762925890740007 0.000681515116593801 0.000648804174852557 0.000737451808527112 0.000678022587089799 0.000641606963472441 0.000490048591746017 0.000484780065016821 0.000349024942261167 0.000265208912605885 0.000306154560530558 0.000327749297139235 0.000347921512729954 0.000297782219422515 0.00027930517680943 0.000234998704399914 0.000228897189663257 0.00021461828291649 0.000209463799546938 0.000220437369716819 0.000217323645483702 0.000199261894158553 0.0001781541192031 0.00015727482168586 0.000138532307028072 0.000127185780729633 0.000122237114555901 8.97795933269663e-05 0.000158404411922675 0.000134300011995947 7.14832622179529e-05 5.94877681578509e-05 4.74980250146473e-05 4.85024425870506e-05 4.51264491857728e-05 5.01566362800077e-05 5.66578328289324e-05 5.7653576368466e-05 4.40881274698768e-05 9.8075317509938e-05 5.78552764636697e-05 4.43525754235452e-05 3.41078548444784e-05 3.1999685234041e-05 2.99951168926782e-05
0.000898837047861889 0.000815528741804883 0.000623704204917885 0.000539726178976707 0.000580452909343876 0.000659641859238036 0.000705116800963879 0.000618063361616805 0.000583699770504609 0.000390611230977811 0.000270124131930061 0.00030845575965941 0.000271687861823011 0.000297897493874188 0.000306402484420687 0.000295301480218768 0.00027717554330593 0.000241378461942077 0.000193533407582436 0.000183616411231924 0.000193774054059759 0.000203735929972026 0.000235340099607129 0.000198353671294171 0.000170294656709302 0.000136212940560654 0.000118250052764779 0.000254259885696229 0.000197291852964554 0.000171238577604527 0.000123993311717641 0.000269158073933795 6.07108537224121e-05 5.70277028600685e-05 4.750950174639e-05 4.88105983095011e-05 5.20563706231769e-05 5.40497432666598e-05 6.04675951763056e-05 5.28352895344142e-05 4.32900953455828e-05 4.76606746815378e-05 5.01621536386665e-05 3.83048167350353e-05 3.92789173929486e-05 3.21691963108606e-05
0.000510265465709381 0.000666296316194348 0.000589407136430964 0.000466589204734191 0.000274702705792151 0.000357475236523896 0.000866977573605254 0.00087427050457336 0.000603411294287071 0.000381987294531427 0.000300490000518039 0.000272716139443219 0.000254153995774686 0.000236903446784709 0.000252903757791501 0.000287390526500531 0.000231587431335356 0.000192104837333318 0.000167818443878787 0.000160620691895019 0.000164021459204378 0.000153918808064191 0.000160473362484481 0.000163394307310227 0.000140823816764168 0.000132948937243782 0.000114083772496087 0.000108355198608479 0.000173572847415926 0.000310216502111871 0.00019784137912211 0.00017529938777443 9.55346375121735e-05 7.13833764166338e-05 5.24874572874978e-05 4.76320747111458e-05 0.000111801716411719 9.03035754163284e-05 4.93499588628765e-05 6.14892407611478e-05 5.05951829836704e-05 4.66096193122212e-05 4.6711161849089e-05 5.14175972057274e-05 6.29651618510252e-05 4.82057821500348e-05
0.000151219690451398 0.000290205697820056 0.000191773682308849 0.000294135238800663 0.000161067969747819 0.000240225746529177 0.00055775155487936 0.000777624797774479 0.000580236007226631 0.000435679714428261 0.000247914335341193 0.000236935043358244 0.000267727779282723 0.000211426866007969 0.000210367706313264 0.000202321996039245 0.00018195835291408 0.000160154640616383 0.000191549914597999 0.000150732057954883 0.000147831664799014 0.000157661159028066 0.000149384834367083 0.00012516588321887 0.000111113091406878 0.000119881072896533 0.000100308606488397 0.000114447742089396 0.000147439676948125 0.000193816472892649 0.000134712724684505 0.000266326760174707 0.000169934311998077 8.61920001625549e-05 5.34125825652154e-05 4.77155008411501e-05 5.11714060849044e-05 7.78504723712103e-05 6.1839049885748e-05 6.00561696046498e-05 5.96195666730637e-05 4.3872429523617e-05 4.57927751995157e-05 4.99020436109277e-05 4.7036644173204e-05 4.39413404819788e-05
0.000119120856106747 0.000149191992386477 0.000179366713564377 0.000107033138920087 0.000123406973580131 0.000235149177024141 0.000484439433785155 0.0011510158656165 0.000739693478681147 0.000352105588535778 0.000299860608356539 0.000243087665876374 0.000224091432755813 0.000212551820732187 0.000188934816105757 0.000169115734752268 0.000167265940399375 0.000186978698184248 0.000178518136090133 0.000145001032797154 0.00012834204826504 0.000152720120240701 0.000129357385594631 0.000108596509380732 0.000103634228435112 0.000109608659840887 0.000101369649928529 9.33982948481571e-05 0.000185883384256158 0.000137516303220764 0.000135339324333472 8.12597038020613e-05 8.2570648737601e-05 0.000145389770477777 4.96603115607286e-05 5.52812685782556e-05 5.06685624714009e-05 4.61531828477746e-05 7.30632964405231e-05 4.61315485154046e-05 0.000129475648282096 5.76860784349265e-05 4.27905652031768e-05 3.82153761165682e-05 5.39692427992122e-05 4.6186288818717e-05
6.4564047352178e-05 7.78262234234717e-05 0.000102642198908143 0.000219451999873854 0.000145794664422283 0.00020192348601995 0.00041989182936959 0.00116380552644841 0.000707012123893946 0.000326182019489352 0.000319650980236474 0.000265905179549009 0.00023431791778421 0.000213019987859298 0.000226454045332503 0.000160068446712103 0.000175244121055584 0.000202260841615498 0.000174513422825839 0.000134242886997527 0.000113895638060058 0.000109343023359543 0.00010693468793761 9.65888699283823e-05 9.27030727325473e-05 9.3838094471721e-05 8.28229345643194e-05 8.42706176626962e-05 9.07090980035719e-05 9.2604877136182e-05 9.4188645016402e-05 0.000109598219569307 8.05419913376682e-05 7.40885730920127e-05 5.24568415130489e-05 5.23060873092618e-05 5.1290704504936e-05 5.00533675221959e-05 4.75117234600475e-05 6.55003670544829e-05 8.34000573377125e-05 5.03101779031567e-05 4.82113158795983e-05 4.22627652369556e-05 3.69714867701987e-05 3.84603419661289e-05
5.07130145706469e-05 8.02498128905427e-05 0.000180063120205887 0.000198306441598106 0.000177583569893613 0.000200486305402592 0.000332435744348913 0.00119100935989991 0.0014533459325321 0.000546577826025896 0.000401431298814714 0.000328974009607919 0.000281608157092705 0.000261939527990762 0.000263117060239892 0.000213549633917864 0.000202719919616357 0.000180241720227059 0.000158412609016523 0.000138200759829488 0.000121831685828511 0.000118315407598857 0.000112443182297284 0.000116478199197445 0.000146446024882607 0.000101693873875774 9.79606942564715e-05 9.73376038018614e-05 0.000103331889113178 9.75635164650157e-05 9.54994968196843e-05 9.36419004574418e-05 9.33684699703008e-05 8.14295512100216e-05 8.21465153421741e-05 5.74541714740917e-05 5.73885368794436e-05 5.75007212319179e-05 4.88890960696153e-05 5.29673328856006e-05 7.98637549451087e-05 8.21977017039899e-05 4.25267644459382e-05 3.71940815966809e-05 4.07547086069826e-05 3.7300295298337e-05
