Maxent_result_files_1/Bombus_alpinus_2.asc
NCOLS 594 
NROWS 330 
XLLCORNER -15 
YLLCORNER 23 
CELLSIZE 0.166666666666667 
NODATA_value -9999 
[rows 80 to 99 of 330, columns 440 to 483 of 594]
4.62652939847708e-08 1.11849696171618e-10 4.34265323701055e-10 3.04439017329017e-09 1.57647119983784e-06 2.00123868664526e-05 6.47012981446315e-05 0.000886412525197489 0.000512685138846891 2.11318547212125e-05 1.14830528904486e-06 3.8367066182432e-06 3.07912071728644e-08 0.000343494450158488 2.20979833731594e-07 6.71462885293295e-14 1.00031094518727e-14 1.59994240078731e-13 2.64123529714055e-09 4.66989003466978e-08 5.20827033723137e-09 6.64757138224559e-13 4.39282188402501e-10 1.46691525593212e-10 6.02089384127424e-08 8.7957419125928e-13 1.4164236450398e-10 4.78851847063311e-11 1.32654366935547e-07 3.34917901240184e-06 4.19513548655104e-06 7.34184372264135e-07 7.42312330348494e-07 1.45490953529226e-07 4.16364410504855e-08 2.16289874899189e-11 1.49189327558474e-11 3.2210555334089e-10 1.44405740920561e-07 4.38032621574713e-07 1.70266112320405e-10 4.97238178076564e-08 6.35495867840063e-07 1.5922834917026e-06
2.42410203021848e-11 2.49709919408758e-11 6.87468120208479e-09 7.61834273443895e-09 6.08203022558929e-05 0.000365642057318849 0.000422630026667359 0.00099533744165643 1.87082946374817e-05 4.8629785531773e-09 9.41099551621249e-09 1.28216784966995e-09 1.50974987400687e-08 4.05533616132381e-07 1.14806275597346e-10 6.14366450268911e-08 2.16513779127681e-09 6.56914755925442e-10 3.40023674349599e-05 9.57260995981812e-07 6.90173911355174e-09 4.15978878831602e-06 6.87058621107184e-10 6.26116825053202e-11 1.47176182352382e-10 8.20027346026819e-10 3.19313307794999e-08 2.95083719681344e-09 1.16121556814619e-12 5.21804821573824e-14 6.25379112939584e-09 1.11929066015648e-10 3.24623937619783e-07 2.01223417484186e-08 5.40764764889179e-07 4.70999999335753e-08 5.39235525121029e-09 1.37237268227341e-07 3.21255422264244e-07 1.86772583152806e-06 4.42419867408006e-10 8.97628398943695e-08 4.7603290220799e-08 1.07147252046413e-06
2.33918628911312e-10 1.31337496434014e-11 8.3921538718279e-09 1.46653102139904e-07 6.45233979024162e-08 4.82606963857046e-05 0.000128370879248396 3.06041075717189e-06 4.70506104761625e-06 2.67374847040536e-08 1.51395104075469e-07 6.89532597686338e-10 3.80056094373416e-09 7.64341867576235e-10 2.96497266738527e-09 4.48677194286873e-09 2.26922402535301e-08 5.95151600890631e-08 7.83071661181189e-08 2.23145845579253e-08 5.6683594240603e-08 2.60444819599748e-08 4.37796465746487e-12 2.56074050852817e-12 8.64053645299734e-09 2.67322830538319e-12 3.09810677112665e-10 1.19366450057612e-10 4.88175406176961e-07 5.8777139932964e-09 2.76906497731488e-11 1.68418612389587e-12 8.53443205994786e-08 1.18764964529561e-10 1.19003790821637e-08 1.60620606259876e-08 2.81067623619791e-09 3.11917265349848e-09 7.50208783983908e-10 2.07613015668073e-10 1.52512950746253e-07 9.78779648885819e-08 8.76385366044285e-07 1.3450745004473e-07
3.56931279532624e-08 8.04690758471338e-12 1.21863701352254e-09 3.17013146844403e-09 1.64633870980424e-09 3.68547886423487e-06 3.9243766999375e-07 8.64855990566626e-06 7.48600714313263e-05 2.72928496924951e-07 8.10753209012915e-10 2.00352867629761e-09 3.5979325185842e-09 1.89444575582343e-09 1.74702931898807e-08 5.07738966648574e-08 7.6513993807481e-09 2.07213729508382e-09 1.04115378096736e-08 1.05445620901534e-08 1.24729270356561e-08 2.53794122384576e-09 2.16040194622735e-09 1.957450116441e-08 1.74791619622638e-08 1.54617096903564e-11 1.28732057236292e-09 2.07341512070691e-08 3.49497447649227e-09 6.31205222090259e-08 4.79856843926818e-08 2.53202339428604e-08 6.57427892458706e-08 7.63709432360926e-09 1.09960148595434e-05 3.24290917741443e-07 3.80476339323366e-10 6.78345157822946e-12 1.02256652401156e-07 1.57687785051763e-10 6.52836698367132e-08 0.000112546773505429 1.55120028966227e-06 1.57879276379003e-06
8.50137538144224e-10 1.03209962798445e-10 6.36030117462383e-12 1.46337485462666e-09 7.8870318149793e-07 3.16130574760098e-06 1.98242455384801e-07 6.13006096583657e-07 3.13792269290847e-07 2.54897780660457e-10 5.70096483687443e-08 2.31846190024143e-09 3.75220868820136e-09 1.07171637120373e-09 9.74625768979109e-10 1.24178624938409e-08 1.29321163244711e-07 2.2169642455161e-09 1.24564821901707e-08 2.64219391699072e-08 6.56993229375402e-08 2.92038379361426e-06 6.905546590108e-09 5.6298544159894e-09 2.27355026027887e-08 3.79511866377413e-11 1.33166255800177e-11 4.78173056706055e-14 2.97910296542803e-08 1.56746193802348e-10 1.92225340089891e-09 1.58688198470536e-08 1.58177316689212e-08 5.08215549643865e-09 1.53873441877117e-08 2.22501858604396e-08 6.62350373992204e-08 1.08542908028308e-07 7.8908111733611e-08 3.87827898511439e-06 1.40352372321906e-05 8.96502328928683e-07 6.51258112771558e-08 1.08591385616919e-07
8.48126668895333e-10 3.59402396732378e-11 7.41567074413752e-10 2.09057937506918e-06 0.000149719894992928 2.9168532388435e-06 1.23481478375709e-09 5.92155878331724e-08 2.99783807777843e-09 2.96002746957846e-07 9.81003399624925e-09 1.95927853940958e-08 2.0596457872557e-10 1.35271163270723e-07 6.38166886002267e-10 6.51258946771094e-10 4.06584038659119e-09 4.70255678841625e-10 1.36938019812405e-09 2.96944578259684e-08 1.62191126973354e-07 1.31560326299685e-08 5.04759234409846e-10 3.01336788984807e-06 9.0571866218081e-08 8.62312325877745e-08 7.39071437383387e-10 2.16342858549989e-07 7.27059669913821e-08 1.90399977406663e-07 5.82799396520173e-09 9.7628513606729e-09 5.89195915390306e-09 1.01090914528257e-08 4.23848622865819e-11 1.22158561044472e-09 5.9763431980997e-10 1.94618454685269e-10 2.18423413548496e-05 2.09514115874221e-06 1.98581935684228e-07 0.000512586511487401 0.00218154538891018 4.954881138719e-08
9.47948386453845e-11 2.13875372967465e-10 6.80885681170196e-11 8.29126583490325e-07 4.20780898442219e-05 2.00577841946714e-06 1.02610142604931e-12 1.89039749742825e-08 1.3614608329604e-10 2.74568655589391e-09 1.90484208406616e-09 1.64983882111613e-09 2.00459293608901e-10 1.1579149195029e-09 1.30176652790581e-09 1.28350824413204e-09 2.42969893093914e-09 4.66366412155139e-10 9.37356415819934e-09 1.27364395030583e-08 1.02744342900252e-07 5.21156520494337e-08 4.03547243399416e-09 7.38090669694102e-09 2.30867490680353e-09 2.68486188836903e-10 1.85063122160045e-08 1.82304124018984e-09 8.93381799804693e-07 1.35275475887653e-07 2.91462565193967e-08 2.27966001853375e-08 3.27198612759538e-08 1.13462931696784e-06 4.7482009423172e-07 5.72035041557228e-10 2.3631661072443e-10 5.80740766586985e-10 0.0290366760628621 0.000819798756238355 0.000123288118085829 0.100251339429669 0.0021179347827616 5.17598320903478e-05
1.4379560875355e-10 2.63599142513726e-12 1.83596512437489e-09 6.83851299487781e-07 3.60306267576105e-06 5.131775165923e-08 9.34474908564908e-10 9.66689728265635e-11 3.97931299023213e-10 4.33304753189034e-09 1.25881178814069e-09 3.51710671697703e-10 8.27051769292098e-09 2.93971526899028e-08 3.39824135497935e-10 2.61373622745253e-10 4.08837863563605e-10 8.44749308281934e-09 7.76225805854125e-10 2.50948728464095e-10 1.45739372792164e-09 6.45504807383901e-09 1.03274030438527e-08 1.23536347818032e-10 1.2954741723803e-10 1.43816527020668e-08 9.60286405948807e-11 4.49886794484655e-11 2.90257060386878e-08 6.93181882782667e-08 8.22128254363008e-10 1.23272462239088e-06 1.99444020410056e-08 7.14695524983711e-10 2.38821185050142e-12 1.4847048035449e-10 9.54468837299771e-11 0.000699301964078414 1.10780675806055e-06 9.44922731171971e-09 0.152542612907291 1.51994281404333e-05 2.62181099686121e-07 9.52728993142138e-08
8.28744928238478e-10 3.46087380975746e-11 1.45618460622998e-09 1.85476969005727e-08 0.000339248099845779 8.12046267562039e-08 2.45188581771139e-08 1.11346721403116e-06 5.01599739399783e-07 1.57938864209228e-08 6.17624917875759e-10 3.6002238967825e-09 9.1541577651455e-10 3.69626584895144e-10 3.6079786935872e-10 6.43476326667169e-09 1.05653714999043e-08 1.17868505733476e-08 3.2510731884372e-10 7.90427601149446e-10 5.21996990077156e-10 1.24071830587269e-10 4.892795057998e-10 5.22119714130298e-10 1.55354618058823e-10 2.43818187861677e-11 8.8498930406189e-11 2.17701578986151e-10 1.96626381843146e-10 8.42997927019695e-10 1.88355597785517e-09 6.0962015435706e-10 3.18803361487596e-10 2.06210559738906e-10 6.58401777542394e-11 1.63040489997712e-08 0.00215182857443928 9.90629577402036e-07 1.76709512578199e-09 1.26925183696613e-08 0.721619032812758 2.61364082676518e-06 8.74940089290455e-07 3.09751957416893e-10
6.26212415255623e-12 4.46907510998074e-11 1.27161787766283e-09 2.80344799530319e-07 1.83827056043917e-07 7.04906427184682e-07 1.48735651350762e-08 1.1079022473659e-06 3.40677286381208e-10 3.61454414177231e-09 1.80998362964147e-09 1.0236573810829e-10 8.8400872177985e-10 7.82285325406917e-10 1.35294532244146e-09 8.06496913696719e-10 6.28745844277745e-10 2.16941575814644e-10 3.02542255692373e-08 9.58743308077103e-09 2.70924048750842e-09 1.42555290472135e-07 4.59496278804039e-09 2.08534334245059e-10 1.50232049023202e-10 2.19377630172879e-08 3.02529634677029e-10 6.89931045627645e-10 1.6127840729574e-09 1.02813624280884e-10 8.63009663731873e-11 9.69736624334416e-11 8.85740708556071e-09 4.01869193378257e-07 0.000564614342009762 1.14612858168606e-06 0.00424693604516946 5.60481784428468e-08 8.32071207046425e-07 0.000625903038020659 0.112867216399172 7.63253112978646e-06 1.21362930816105e-09 5.43011535736326e-10
7.89804888157164e-12 3.88829524133882e-11 3.64956298515295e-10 1.80670145510931e-11 1.66149353608702e-08 1.33938485857854e-09 5.34425836917762e-11 1.01959075515801e-08 1.76356711456549e-09 1.81629809081763e-08 1.00080793652424e-09 4.93000540391364e-10 2.41744935181032e-09 1.4336144493754e-10 6.28220142573355e-11 1.75879704134019e-09 4.05783494095147e-07 1.93255583758045e-09 1.09140052551027e-10 3.94374644052675e-09 1.71387548597579e-10 1.16608289690845e-10 8.71950263103827e-09 1.54533141838442e-10 6.18909291483227e-08 3.78714845039596e-09 8.24195965920538e-09 3.01902607358073e-09 3.82832998635507e-10 1.16065809185883e-09 5.2252064119962e-09 3.74913527667609e-08 1.18161080919776e-10 5.08279918154386e-10 7.01142366388297e-11 1.32134958530372e-10 1.15463160144103e-09 1.98199557877032e-09 6.43594733062969e-11 0.000423756420870536 1.33590056564659e-06 1.75917553007388e-05 1.11488929199766e-09 1.91902451707193e-09
5.00355312738066e-12 8.73994210337514e-12 2.86626256063016e-10 1.43840050981225e-11 5.11978681672076e-11 9.5936771860039e-10 2.44941584792713e-09 2.93627966385657e-10 3.66705672194545e-07 2.66487722000441e-08 1.06387783027628e-09 4.24106418372983e-07 1.66275926805071e-08 1.64866653662443e-10 7.62013396826688e-10 8.45947467631447e-09 3.03354918351761e-07 4.9424618437377e-06 4.55277257782605e-08 1.90413074196982e-10 2.9425342162881e-10 2.78673813691732e-08 1.54873088131779e-08 5.26835760572553e-09 1.33202407548438e-08 2.51246209392875e-09 1.4764933831124e-09 6.3160265906248e-11 5.21706156053625e-10 1.43742961977722e-09 9.3460751360297e-10 7.94415411231597e-10 8.19747658642456e-10 1.97514493649464e-10 9.50569178925775e-11 1.07847634156499e-09 2.25575603751693e-09 1.12483056202706e-10 8.12426903529229e-11 1.00607497000027e-08 7.39015987800684e-06 0.00506336602819843 0.584433993697166 1.47147212414822e-08
1.70122238518644e-10 1.48884238271307e-12 1.31931132685281e-11 1.02471142682248e-11 1.06489705942181e-11 5.65409363773028e-10 2.80855749767994e-10 5.1130255585008e-11 6.91908974559396e-11 2.95978958586574e-07 4.52846604659385e-10 2.04732713005029e-08 6.6611650754167e-07 7.47267170364552e-10 2.57045930096567e-09 2.9540471635503e-08 2.93919290683675e-08 1.00889574472518e-08 7.11824410526418e-10 9.36013377916822e-11 3.74218622756217e-10 2.39624974307517e-09 2.80169976107913e-10 1.08330200365714e-10 4.46986032631713e-09 4.57715232382583e-10 2.24964302741881e-10 1.04154291857839e-09 2.20257989624884e-10 3.25478166640636e-10 2.68319553242691e-09 3.40181215419122e-09 2.86613651701018e-09 9.00362084887973e-10 1.39322995362789e-09 3.09572234513666e-10 2.72773359455414e-10 7.95490229243967e-11 4.86373274988239e-11 2.27141783160079e-10 3.21005302561517e-08 1.53362078880837e-05 1.630386435858e-08 0.107628009697737
3.10600434261232e-12 1.65801816720546e-12 1.87434512355367e-12 8.74126326877445e-12 7.15280501495386e-11 1.25761691061044e-09 2.10547135282013e-12 6.77051747999258e-12 6.00226243152591e-09 3.2269587324496e-08 1.622572498583e-09 4.72384392602443e-07 8.42194125438844e-08 6.22355988966206e-10 1.98510741178382e-10 2.81365269971801e-09 1.03110296190145e-08 3.68732914202141e-09 6.25643414853272e-10 1.45510925531056e-09 4.94068563838823e-10 2.68737931907737e-10 4.14612957300164e-08 3.69946084877171e-10 2.25211536086789e-09 6.34910900521035e-09 1.3437493118218e-09 1.6994928131453e-09 2.54322107817728e-10 6.75999256571913e-12 3.80451448123154e-11 1.26080068607592e-10 1.20461141062123e-10 1.60957236428061e-10 1.56742718804281e-10 4.94586815946718e-11 1.59771684771215e-09 2.12921791309384e-11 1.88661631872478e-09 2.01885663742019e-10 9.37388500155123e-11 6.93642483451384e-09 9.62143364979795e-11 3.42211877946141e-08
3.89460685923382e-12 3.98120425515458e-12 2.29475327628847e-12 3.87689880199105e-14 5.9881508640558e-10 8.01774868719463e-11 1.31666504366024e-09 8.6814606614638e-10 4.93782751609384e-07 8.61124967121985e-07 2.4033894663178e-05 6.20304295750884e-07 1.98963880748693e-07 2.28238050681284e-10 4.18295509341249e-10 1.09326926400755e-09 1.05409105569665e-06 4.98655312597407e-09 2.32639857378203e-09 5.19851068414567e-08 3.87769616416733e-08 5.08931419229697e-10 3.89603949102479e-10 1.3531035403247e-09 9.21757735694584e-09 5.96470109970326e-09 2.52117456911449e-09 6.12372297315034e-10 1.45513656679697e-10 1.95407690029015e-11 4.60363636101135e-11 2.18607991708808e-09 5.07163673280076e-09 2.04866368314072e-10 1.5743980452676e-08 2.21256346577547e-12 5.20250065250138e-11 5.79157721780632e-11 1.1818335199365e-11 1.16680787254353e-09 4.31149373980588e-09 1.14603707634942e-09 4.44274017574742e-10 6.38657415841237e-10
4.43940884053973e-11 8.32595103972267e-12 1.59349200501424e-12 1.96639371452534e-12 1.08093201056647e-11 1.35030098213917e-10 2.62193489142248e-11 1.18149982020199e-09 3.47362426822428e-08 2.15084690948664e-05 0.000211102971178578 7.43791727098042e-09 8.56037704055623e-09 3.70368757884876e-10 1.12243391803268e-08 9.04446315619367e-09 9.39821987380185e-06 2.878903273551e-08 1.46735824602118e-09 7.23495050536371e-09 1.18209727833718e-05 3.48337539146648e-08 1.76474520552361e-08 4.88560245592851e-09 7.48026471875107e-09 2.15071298215186e-08 4.50308358379559e-09 1.74928994622903e-09 1.34386718753099e-08 8.79748107696088e-10 5.82759396294819e-10 8.29737700769328e-10 4.74064720812351e-10 1.67687200502975e-07 1.78254909943831e-08 1.41783105256366e-09 7.55780993344501e-12 3.16411692402596e-09 1.47567114083813e-10 1.33778494948444e-09 8.18611864961127e-09 8.24780510555456e-09 0.100049466542728 1.16562619556504e-09
2.18044471367307e-12 5.68919356069841e-12 2.36884956095196e-12 2.84243739656631e-12 6.18212470104851e-10 2.6236936734314e-09 9.64461824404239e-08 6.7658970315243e-09 2.43954390133361e-08 2.88761387350345e-06 2.12547940547925e-07 4.01179455211675e-09 1.04233696096578e-07 4.29910415311596e-07 3.38141609368403e-07 1.61058939264214e-06 9.72088552209094e-07 9.8807326764927e-10 4.211401091192e-08 4.39815401875876e-09 1.86497322740564e-07 8.76847694453176e-09 5.69467460964645e-09 1.74201094660376e-08 5.46493650332991e-09 1.40399640247146e-08 1.47057332311462e-08 1.86282516445591e-07 1.17897788642907e-08 1.22731014240429e-09 9.74930027819454e-09 2.66373789692409e-10 6.06086837384723e-09 1.20025767103016e-10 1.20625026411858e-08 1.78126207450724e-08 1.08414801580636e-09 1.03168973364376e-10 2.53932782579014e-09 1.76908229954087e-08 7.57555287389522e-09 6.02982118680373e-09 3.97019183084879e-09 2.61458743544551e-11
1.9737766976391e-12 1.01036956579037e-12 6.64571730979446e-12 1.32694077947804e-11 5.04218348185148e-09 6.97176816255585e-07 2.29450062283476e-08 5.02538074487191e-09 3.24720751398999e-08 2.44532899257188e-05 5.32669382538042e-06 5.6454317799437e-07 1.56728212686863e-06 1.73641731293639e-06 3.00953817422567e-09 5.17996501248064e-10 2.58387329310494e-09 4.29716850991468e-10 8.32847113496626e-10 4.26147017673628e-10 2.91439998267862e-07 4.21558192020832e-08 2.43020145673789e-08 8.56801857795908e-08 4.86314123193665e-08 4.34101331547865e-09 1.66040337035156e-10 5.38163125174407e-10 1.22165594973467e-08 7.20024662115293e-10 3.56069265627923e-08 2.84523895222044e-08 1.0054437615814e-09 1.03053259814523e-08 7.60381291264878e-10 5.28028600843555e-09 4.44573489133404e-10 2.21733844063543e-08 1.07456082920621e-08 1.09135576131791e-09 9.03767438664715e-10 5.3906876573695e-08 5.05371355874473e-10 3.01039704275752e-10
5.07011099770693e-12 1.58975055342125e-12 5.31139576764872e-12 6.18738624225124e-08 1.68474749755898e-05 4.98730561049321e-07 5.69163587782473e-07 3.4836437068364e-09 0.00029402443207367 6.3287009388846e-06 8.38455432861096e-09 6.05688127830462e-07 1.15059485816804e-07 1.62911045257563e-05 1.98966531028688e-09 2.24943986770754e-09 2.42302514830151e-08 9.06182733517724e-08 6.23930354193281e-07 1.75452640194251e-09 1.55601361795377e-09 2.24679427163199e-07 1.66975472004616e-08 1.55716013972018e-08 1.00244204270794e-08 1.18986459574089e-09 2.39090144349419e-09 3.94607178044737e-09 1.29729312847715e-08 2.58373422656888e-10 1.33773633836931e-08 1.2437428009715e-08 2.55717163000213e-08 1.10553849963502e-08 3.54730300688999e-09 1.05466416155942e-08 8.40638842980468e-09 5.01923451690089e-09 4.19915043847752e-09 1.70937319854403e-10 2.5194773156656e-09 1.44605396323882e-08 1.25443611054266e-10 5.9427684995228e-11
1.94121352325993e-10 8.08072497804346e-12 9.04197827722442e-12 1.31146205006871e-11 1.33058424278687e-09 3.95683763532162e-10 3.26222130719866e-07 1.76874386248471e-09 0.00155267686897408 1.97033361071242e-08 7.85717753082338e-09 4.70773303673511e-09 2.16382501916357e-09 3.69283537082765e-10 5.67913462923286e-09 1.067175847691e-08 7.79636666337069e-10 8.01592958676878e-10 2.13733060139276e-09 1.57351124241423e-08 3.56606075779808e-09 1.38923131887125e-09 1.67847959975376e-09 5.81789119102893e-09 6.38320104551227e-09 2.09706173537327e-09 1.28558782175325e-08 9.12100950323236e-10 2.25174486834234e-09 1.3234550400032e-08 1.76240668725569e-09 5.26616825591297e-08 3.28384084369304e-09 2.74424578616816e-09 2.29600978896016e-08 2.83343559726035e-10 4.86418216816276e-10 4.01231459168372e-10 1.64619859965853e-09 2.43682050093952e-09 4.59262393670556e-09 1.5558399013571e-10 4.90399869601532e-09 6.45201949645013e-09
