Maxent_result_files_1/Bombus_deuteronymus_2.asc
NCOLS 594 
NROWS 330 
XLLCORNER -15 
YLLCORNER 23 
CELLSIZE 0.166666666666667 
NODATA_value -9999 
[rows 300 to 319 of 330, columns 315 to 359 of 594]
8.18216339237843e-08 9.1515540534548e-08 9.13629198406873e-08 7.31775544715596e-08 7.02385965944963e-08 7.10390352431922e-08 7.27330366934176e-08 7.44095730587091e-08 7.5818620659529e-08 9.79264127010104e-08 1.10775332773372e-07 1.1820799079576e-07 1.24068975515534e-07 1.34519115102538e-07 1.39628293971406e-07 1.39844050928151e-07 1.35841979997942e-07 1.40362258338467e-07 1.41883452653424e-07 1.43667878982345e-07 1.42472479580658e-07 1.53069987474108e-07 1.65058347645353e-07 1.66119231348461e-07 5.34634781335086e-07 5.57537143142106e-07 3.38643634922864e-07 4.49984269046411e-07 2.78482372340072e-07 2.77881755939013e-07 1.79714080139615e-07 1.91264878035557e-07 2.05767904581933e-07 1.90635535657346e-07 1.85205640446107e-07 1.77063860407056e-07 1.64575318561955e-07 1.61588039893079e-07 1.64279282421909e-07 1.5634786298957e-07 1.70237949270735e-07 1.78943936213205e-07 1.85405368380298e-07 1.8178816469927e-07 1.76930178552581e-07
7.47639903986297e-08 8.11073551654218e-08 7.69924861976357e-08 6.56287228562036e-08 6.09329815270954e-08 6.3438912989433e-08 6.1778793025713e-08 8.96254777837946e-08 7.79627102431846e-08 9.2958685726785e-08 1.08607855719978e-07 1.16867961841294e-07 1.26485641016583e-07 1.29608677990056e-07 1.33025028281608e-07 1.29578426788513e-07 1.24829111447511e-07 1.32062356572593e-07 1.22599993557237e-07 1.27818828477011e-07 1.42477818765308e-07 1.60297320328517e-07 1.71562037554196e-07 1.82041140328604e-07 2.30203634565829e-07 1.85928714480088e-07 2.34062113346756e-07 1.94085303106828e-07 1.86137247659701e-07 4.71017008196739e-07 5.25235083292941e-07 1.78179895138353e-07 1.87997517053784e-07 1.85712365219359e-07 1.78769597136696e-07 1.79122949373056e-07 1.59896631923839e-07 1.63795664642752e-07 1.5436637950117e-07 1.53779784217711e-07 1.61602405746031e-07 1.71577003582613e-07 1.72782212959355e-07 1.735540545722e-07 1.69366204905153e-07
7.67501763698775e-08 7.08766691781548e-08 7.96847058226469e-08 7.78817084268191e-08 7.24081232972296e-08 6.70299930449758e-08 9.3094919084713e-08 6.46947040383594e-08 7.61828353401661e-08 9.30383887265407e-08 1.07095159940229e-07 1.09155605954037e-07 1.11250945378227e-07 1.15175974479964e-07 1.3189968074423e-07 1.54113073080886e-07 1.00954926551822e-07 1.13463659601187e-07 1.11366087851561e-07 1.2194294946033e-07 1.40726223329946e-07 1.58944308148445e-07 1.85668608143619e-07 2.81408690949725e-07 9.76846014921762e-07 9.5186921145185e-07 2.21398433564168e-07 2.14343143611906e-07 2.08830367454116e-07 2.11633754365614e-07 5.04345065177603e-07 4.95384187604309e-07 1.78713136544939e-07 1.76991772871116e-07 1.71637541257486e-07 1.62749649734728e-07 1.58138036632227e-07 1.56965535480502e-07 1.55362103426704e-07 1.5021611449173e-07 1.59271272959227e-07 1.56673236062499e-07 1.49984179409479e-07 1.57990702631672e-07 1.61012174115793e-07
4.45485872457851e-07 9.49091744639752e-08 9.43939247877168e-08 8.72892062742103e-08 7.74130139324924e-08 7.34316129125112e-08 7.34681322001052e-08 7.32004022840904e-08 7.4965619456524e-08 8.96517799997554e-08 9.50886888895219e-08 9.36979037247099e-08 1.04663793742965e-07 9.43573527978359e-08 1.04479112272848e-07 1.69487845180782e-07 1.03246804306067e-07 1.07331909715569e-07 1.17303019153692e-07 1.4622806800979e-07 1.40074084908903e-07 1.52432305444705e-07 1.71747250332643e-07 5.5512718848405e-07 2.7295139017891e-07 5.00026778960105e-07 2.35020559113952e-07 2.16685937870498e-07 2.12873510552214e-07 2.39050511707806e-07 5.20010906246426e-07 4.58290030769248e-07 5.34138099039794e-07 2.61772854304176e-07 1.63441306333389e-07 3.37478637679745e-07 2.85927653886908e-07 1.50200265458533e-07 1.46295305436528e-07 1.4279347175794e-07 2.26826681581915e-07 1.53176795436583e-07 1.29229013834387e-07 1.44941781810015e-07 1.60055731568409e-07
3.98759348829714e-07 2.15204611009323e-07 1.08065085435705e-07 9.15086657227171e-08 8.14624828593402e-08 7.23444456340871e-08 6.85395692090474e-08 7.3008656031881e-08 8.11021640290122e-08 9.39549757994484e-08 9.22508099243657e-08 9.2318501709876e-08 1.0298089578864e-07 1.09167628181694e-07 1.01286630349584e-07 1.31607754760843e-07 1.05205174105727e-07 1.09703678452533e-07 1.3991379330669e-07 1.47745839529367e-07 1.41917889051602e-07 1.71387578862259e-07 2.93904462145278e-07 2.84763348323835e-07 2.70276396452385e-07 2.5867307481553e-07 2.31193291577725e-07 2.09211828727796e-07 2.3078081486938e-07 1.66022381720143e-07 5.57988898197692e-07 4.37348595649922e-07 3.96455626683334e-07 4.71987536299068e-07 1.57676201117951e-07 4.06555289178545e-07 2.45492027761696e-07 1.4310682423524e-07 1.27341756239741e-07 1.26077911699607e-07 1.25857324884127e-07 1.23346437019833e-07 1.186174722001e-07 1.39176879743186e-07 1.5108369985084e-07
3.24826692654767e-08 3.21027384342365e-07 7.96201141350927e-08 7.19201355359189e-08 7.79787465154946e-08 8.4568375258165e-08 8.50297405374789e-08 8.26486333482812e-08 8.36174665064249e-08 9.70593610705173e-08 1.06908848540588e-07 1.29218067002057e-07 1.37860579774163e-07 1.26363578412114e-07 1.19146671406778e-07 1.18201085597125e-07 1.06113119169304e-07 1.04338223017031e-07 1.16366731439665e-07 1.37551279677517e-07 1.86014583369865e-07 3.72791835046016e-07 2.95072133238428e-07 3.18579762392801e-07 2.65780073160915e-07 2.40542024831925e-07 2.09212267743286e-07 2.73779936721397e-07 2.55820440842047e-07 1.69012259887413e-07 1.61567830281317e-07 4.81033129995367e-07 1.60284328010185e-07 1.85338928615497e-07 2.8447901523343e-07 1.33737486496255e-07 2.12463185977896e-07 1.20449491269881e-07 1.13108449750765e-07 1.0590812954403e-07 1.10607110392902e-07 1.07036478758094e-07 1.1638921691981e-07 1.26117451781926e-07 1.3656586040911e-07
2.50756526654072e-11 4.44834405866068e-08 4.33430036306248e-08 5.30590883562887e-08 6.13541072391754e-08 8.660093643309e-08 9.54715513534765e-08 8.73375704313339e-08 8.75470464567485e-08 9.94809928211993e-08 1.01364035065554e-07 1.08819636246427e-07 1.24706964210741e-07 1.28448575553719e-07 1.1545659107659e-07 1.11118148771183e-07 9.35901620202628e-08 9.51482033939577e-08 1.36090793290133e-07 1.75652921152736e-07 1.92993998104907e-07 1.9228656978898e-07 2.01197511018325e-07 2.53476914857664e-07 3.98174042093302e-07 1.91443087638188e-07 2.26085400256704e-07 2.97031265183989e-07 2.05529264540871e-07 1.70248430819697e-07 1.5391907085549e-07 1.60638077117969e-07 3.00730772817559e-07 2.84840947895049e-07 3.71082988548377e-07 1.12864770240861e-07 1.00766551036635e-07 1.44245505140361e-07 1.08896803641123e-07 1.47657526128331e-07 9.22256986002346e-08 9.65860644130956e-08 1.10796478425268e-07 1.23059163625872e-07 1.26724023019609e-07
7.15747160429103e-09 2.34526942310964e-10 1.2256204132699e-07 4.92867452184242e-08 6.59868499175431e-08 8.22718723703098e-08 1.04003394851837e-07 1.01233593496897e-07 9.5285564027936e-08 9.60840589203649e-08 1.12850873212889e-07 1.29171756091395e-07 1.1526135188511e-07 1.05322790699969e-07 1.06246780695596e-07 3.61342468857551e-07 9.464760112321e-08 2.14882267202121e-07 1.37022157453703e-07 1.47574062459022e-07 1.57614222140445e-07 1.43423270593246e-07 1.80371128277734e-07 1.93581170493395e-07 1.59936696242369e-07 1.33313408023916e-07 2.0004235505855e-07 2.37896646382296e-07 2.24034927054362e-07 1.89728359789587e-07 1.48344165940006e-07 1.3231746873732e-07 1.45483368463317e-07 1.47187865884302e-07 1.12194130508225e-07 1.6233014841216e-07 2.97402081828047e-07 8.94218339153596e-08 9.82096258428378e-08 1.00855970874836e-07 9.81412848544139e-08 8.91853400353249e-08 1.0585988726719e-07 1.14556403940647e-07 1.20344997001087e-07
9.72592011372342e-08 8.15178857749288e-10 2.96639357411088e-07 1.5920165419292e-08 7.42553583954475e-08 1.8578631428845e-07 9.0061459190327e-08 1.03663205419657e-07 1.02227976161995e-07 9.99512816179937e-08 1.0261682261703e-07 1.23442386446015e-07 1.23948283936581e-07 1.27464635846231e-07 3.73358234684318e-07 4.80870850605442e-07 2.90358050702988e-07 2.71827434350502e-07 9.08842467173265e-08 9.18222614609832e-08 1.19403648679572e-07 1.33025972215428e-07 1.18142345562067e-07 1.12422810738533e-07 9.44227879440263e-08 9.70869135863417e-08 1.34916629324078e-07 1.55473197094302e-07 1.8674228171589e-07 1.64274140379561e-07 1.53596264917955e-07 1.33507108157627e-07 1.21956904708398e-07 1.28439202773389e-07 1.38827845630463e-07 9.31334562803698e-08 2.74596542315653e-07 2.0812466203779e-07 6.99260856551476e-08 6.7199530173756e-08 6.85286186130618e-08 7.78400896517262e-08 9.32825999888642e-08 1.0486752641814e-07 1.09914857204796e-07
3.73166532119384e-08 1.89180439535974e-08 1.76318678768439e-08 5.12101696714673e-08 1.7745091496213e-08 5.77393784340074e-08 8.0738765162458e-08 1.22505683586294e-07 1.20161363770244e-07 9.13384443079757e-08 7.5192864179563e-08 8.84802049738731e-08 1.18414285898982e-07 4.70702662269673e-07 4.53471785544224e-07 5.34953726871734e-07 3.14406890589147e-07 1.50415586241959e-07 8.53984076898406e-08 6.96050442838825e-08 8.24643502039812e-08 9.10769056949867e-08 1.13164181925196e-07 9.92447467318414e-08 8.55760206475153e-08 7.32784336543446e-08 7.67757255992763e-08 1.12346736136359e-07 1.26638215280916e-07 1.70076613636994e-07 1.50734088955051e-07 1.28238477525855e-07 9.43652056051292e-08 9.48958528312893e-08 2.94465543737576e-07 1.90249891862671e-07 1.30700999989575e-07 1.59583233738658e-07 2.47322270219286e-07 5.50819390432444e-08 6.31565889031016e-08 6.58884259485681e-08 8.20475187568448e-08 8.84607705087248e-08 9.44374012656901e-08
7.25521360323e-08 1.33537518265392e-08 1.45263804429696e-08 8.60820924541983e-09 3.00446979517588e-09 6.93924491201869e-09 9.93471058752249e-08 4.64276737277558e-08 7.42553002086588e-08 1.88338086004602e-07 1.5214425720389e-07 2.27302067057344e-08 3.78720082849782e-08 1.25977873322025e-07 7.10105675150174e-07 1.4703922561754e-07 3.31897376149026e-07 6.35758252598428e-08 5.69976763231672e-08 5.75430753269046e-08 4.87889269873421e-08 5.98891567227255e-08 7.93939016530132e-08 6.14909833163146e-08 5.8381286205389e-08 5.8528259849755e-08 6.06473606556968e-08 7.40974188007115e-08 7.02561181564754e-08 8.89134310400053e-08 8.27607774200878e-08 7.27496323515986e-08 7.73166413892135e-08 8.07453047646511e-08 7.45911304944613e-08 1.68893540186676e-07 1.02283659597635e-07 1.77500104570072e-07 1.54002952845733e-07 7.63937923586866e-08 6.57036143048018e-08 5.80663204075016e-08 6.61382764000074e-08 2.84476869338857e-07 1.2163622163941e-07
1.22095070942407e-08 5.99797546074754e-09 1.56663404471402e-10 8.99111743946079e-09 1.70548846267771e-08 1.2717307085186e-08 2.22099498792261e-08 2.83026763803207e-08 4.48176580403192e-08 3.96793189527678e-08 5.45023943532286e-08 9.74821811050575e-09 1.79515305176459e-08 4.8456070966818e-08 5.70622282536348e-08 8.18240911804047e-08 2.0460962303348e-07 1.20471967879343e-07 3.9549104391412e-08 4.26861749169838e-08 3.79903884129007e-08 4.27188772245124e-08 4.35898840134286e-08 4.01682862305464e-08 4.35215355532037e-08 4.95910370656993e-08 4.44904575958027e-08 4.81301776988907e-08 5.21705898592906e-08 6.60037916766498e-08 4.64475836237099e-08 4.24921950070711e-08 5.96354726489778e-08 5.25363457182237e-08 4.7458954055557e-08 1.22882989572748e-07 1.38336099630987e-07 7.2602616585371e-08 2.94802476519251e-07 1.13992009187491e-07 7.51198222959104e-08 5.3979300651541e-08 5.286006059535e-08 7.12863442720035e-08 1.19004466792028e-07
5.25825069042085e-09 2.56902150774785e-08 2.60890785641621e-09 8.18730853113792e-09 1.64418456627402e-09 8.71184014927806e-09 1.22683412095981e-08 1.36465470812475e-08 1.2954527872644e-08 1.68154102864193e-08 1.65781360972339e-08 1.36805299977283e-08 1.45802851903021e-08 1.03563249553851e-07 2.06232708244158e-08 8.86626461138462e-08 2.0187069212918e-07 4.67370572021508e-08 3.48796082461078e-08 3.14816461677303e-08 3.15013084284388e-08 3.10561661609476e-08 3.12939830604542e-08 3.40767279616294e-08 4.5914129775948e-08 5.62431277995046e-08 3.66245591187919e-08 3.14512728860628e-08 3.80835336710739e-08 4.68348204107905e-08 3.35479402591154e-08 3.06013684836515e-08 3.87622512421082e-08 4.48725990809251e-08 3.82582780900087e-08 1.05263530614241e-07 4.94967655750855e-08 8.02617870387934e-08 4.32359872570842e-08 4.79630580696444e-08 1.41652692198235e-07 4.88938546205908e-08 5.11933466396108e-08 5.4435466245728e-08 5.66378168587178e-08
1.8717003502644e-09 4.79482944459875e-09 1.75847096883786e-09 3.95246843032382e-09 3.23159459192368e-09 1.17932981158475e-09 2.34033722401605e-09 5.46550938951285e-09 2.71291966669196e-09 1.5426082189407e-08 2.34931202824917e-08 2.8794727247039e-08 1.11471184172096e-08 9.53315058227489e-08 6.94599476025459e-07 4.77852501501452e-07 1.34109844929231e-07 4.68475812809288e-08 3.68760959768011e-08 2.96112898423573e-08 8.50572321797749e-08 3.33639092575666e-08 5.15760568142731e-08 2.9849348470723e-08 4.7280640802505e-08 4.72216916125312e-08 2.54903712360033e-08 2.24830577377766e-08 2.33641047064914e-08 2.482725620645e-08 2.28322582285223e-08 2.03372020224357e-08 2.08988535477239e-08 2.39032748483581e-08 2.81202754859322e-08 3.36917455934227e-08 3.60251344866391e-08 3.76208660890498e-08 7.60465156290913e-08 4.54082216161389e-08 4.07407472424737e-08 4.17449336320708e-08 4.47323328933713e-08 4.31091256469784e-08 5.19996945502754e-08
1.17878398153692e-09 1.18052347897191e-09 1.27190841192615e-09 1.03320011435315e-09 8.71075422903544e-10 9.12797282204281e-10 2.42705535669074e-09 1.13253262323809e-09 8.39644319627908e-09 1.7343271929704e-09 2.96608451910707e-08 1.85424847476412e-08 1.02712983562903e-08 6.57135088344418e-08 2.43009835165786e-07 2.02436944984896e-10 7.1128211631688e-08 1.47328158250915e-07 4.86869579763294e-08 4.09186396210792e-08 3.6938495284744e-08 1.0953200468844e-07 1.17653828146658e-07 3.14704229897877e-08 3.07130101240283e-08 2.57680380255643e-08 2.06037266470283e-08 1.97036492455283e-08 2.46101525713804e-08 1.95765399779724e-08 2.53136981376301e-08 2.2026659607377e-08 2.29493914427614e-08 3.17277475070377e-08 3.08280140970396e-08 3.58669655864396e-08 3.96464148733067e-08 3.90673007166775e-08 3.64292249921405e-08 4.76110337821467e-08 7.45989008010817e-08 6.64992274024279e-08 4.22896263230221e-08 3.94754255839125e-08 4.60893331610812e-08
1.7582726608012e-09 8.71439295169196e-09 4.52235543457746e-09 4.83268226547651e-09 3.60303655799754e-09 9.74772873529872e-10 9.51723955200379e-10 9.44165767791105e-10 4.71410774860459e-09 5.88769366594022e-11 4.29255085920843e-09 2.92014868619184e-08 3.23586366812734e-08 1.07894010548115e-07 1.97896528386643e-08 1.24628338760147e-09 6.05415003018805e-08 8.62844094395854e-08 4.10190523325582e-08 8.02717492254246e-08 5.1027862135733e-08 3.98902001874646e-08 3.74721001006328e-08 2.73872629241723e-08 2.90497300325931e-08 2.48025865623447e-08 1.79350220230745e-08 2.31627702906856e-08 3.3069889227022e-08 2.84008699891203e-08 2.77195898679139e-08 2.18677943752965e-08 2.02150381212185e-08 2.48557949555916e-08 3.20788556495977e-08 4.10699047437291e-08 5.13651494116196e-08 4.5380323832056e-08 4.04466901970935e-08 3.19325594078101e-08 1.16498137525678e-07 1.08422799016683e-07 3.63721321838817e-08 4.04626501304683e-08 4.15540959086691e-08
1.11380834555419e-09 1.49251148995333e-08 1.88709894266559e-08 1.18767799928143e-08 1.36939543038395e-09 3.61803116355475e-09 4.64852839554553e-09 1.1136053634786e-09 7.06043518095001e-09 1.17177642033894e-09 1.35621633479133e-08 2.29014530339633e-08 4.36078797849682e-08 3.958994004849e-08 1.10647434881095e-07 7.24328455881107e-08 6.95505096071081e-08 2.99473030263009e-08 1.72823814037493e-08 3.12124716406181e-08 4.85220561841082e-08 3.53248783557802e-08 2.91251239126211e-08 2.07220433590116e-08 2.02273569005484e-08 2.34621495676102e-08 1.8273308965977e-08 1.99290321023504e-08 2.17626978327168e-08 2.93489831770799e-08 1.89756020008147e-08 1.73090706989676e-08 1.54837320187617e-08 2.32468532201935e-08 2.63941006717339e-08 4.1519367033338e-08 4.37820180776427e-08 4.62818482871441e-08 3.93084679584099e-08 3.21038848394295e-08 5.00913965417737e-08 7.63741349385505e-08 5.14131969553411e-08 3.64231291349881e-08 3.62220542338143e-08
8.38715552564651e-10 1.32328223823031e-08 2.99608856724198e-08 5.95169937778195e-09 9.71667090121642e-09 6.00942773321123e-09 1.07766576662449e-08 1.03944105989129e-08 6.31348392454711e-09 1.61189643854698e-09 9.68715760940597e-09 9.59158223956536e-09 4.04577706225595e-08 6.62125426043048e-08 8.89960051542182e-08 1.60955133443608e-08 1.45413970864539e-08 9.91322188781396e-09 9.77431072746171e-09 1.56085710800724e-08 3.02720833622594e-08 3.64823609655396e-08 2.49091136383939e-08 1.8696699422005e-08 1.880107148855e-08 2.02254371917121e-08 1.84869937247534e-08 1.53386762513641e-08 1.45522079386673e-08 2.01365868757186e-08 1.81616314653965e-08 1.93800174685954e-08 2.26008326609239e-08 2.31202795686336e-08 2.4234491036168e-08 3.79010947848535e-08 3.76565098214598e-08 4.78434287853879e-08 3.06961475349254e-08 2.95233928304661e-08 3.00356225557685e-08 3.46972287679215e-08 2.8767011917008e-08 3.06729229793135e-08 3.35129861972483e-08
1.90478147699125e-09 3.09919604979392e-08 1.37957527068799e-08 1.47208045531144e-08 5.79037019443618e-09 4.86928813936416e-09 1.1829359636284e-08 2.46206146581329e-09 5.39481127548314e-09 5.87507931193443e-09 4.92048698452763e-09 8.6565072443534e-09 3.16446195913755e-08 6.11621958857e-08 1.93407299620141e-08 1.07051367437272e-08 8.88112187125145e-09 7.25176645399728e-09 6.17815728576332e-09 9.43938974762304e-09 1.9977119192216e-08 2.89761335592331e-08 3.34923927147734e-08 2.28213691944035e-08 1.94896531691136e-08 1.77566286230224e-08 1.73156312177625e-08 1.18043314345506e-08 1.06830864488039e-08 1.60091310319466e-08 1.66329048201241e-08 1.80685626571808e-08 2.37423630977673e-08 2.10135217781904e-08 3.57119411154017e-08 2.7597989904482e-08 3.55288798936648e-08 3.62038921286612e-08 2.90211490394654e-08 2.71322519562744e-08 2.61488367847562e-08 2.96576784464264e-08 2.81080900110808e-08 2.57066697373354e-08 2.89922385876551e-08
1.34597757384114e-09 1.05685242224318e-08 5.26903062292305e-09 4.35300888668166e-09 1.61120814468063e-09 5.56009283059211e-10 2.80779459682634e-09 3.31313386392473e-08 2.46007175297436e-08 7.43709472894594e-09 5.20129049830231e-09 2.08221653141827e-08 1.45458811773302e-08 1.60616654532042e-08 2.47920456830641e-08 1.95688030446561e-08 4.55545883237818e-09 5.06487912721454e-09 4.83268588480357e-09 6.14946469301714e-09 9.5501709429513e-09 1.82026986816908e-08 3.47103235043278e-08 2.98485586580632e-08 2.47218112647829e-08 1.94781556994705e-08 1.34160457410104e-08 1.2739962995667e-08 1.08488411920682e-08 1.24779633736694e-08 1.32592335555515e-08 2.17946262814905e-08 5.92144571709419e-08 2.67157031497156e-08 2.97749465638653e-08 3.29295339995817e-08 4.39291642950756e-08 3.88075190427273e-08 2.73957441621064e-08 2.52839022940599e-08 2.54798192100836e-08 2.71830465803369e-08 2.66869158216387e-08 2.42044139286968e-08 2.42349242673967e-08
