Maxent_result_files_1/Bombus_mocsaryi_3.asc
NCOLS 594 
NROWS 330 
XLLCORNER -15 
YLLCORNER 23 
CELLSIZE 0.166666666666667 
NODATA_value -9999 
[rows 220 to 239 of 330, columns 414 to 459 of 594]
-9999 -9999 -9999 9.08242450248231e-06 0.00011722304229479 7.06032859547401e-05 3.41835694254833e-05 0.00022670420064852 8.26195349336367e-05 2.8581846148068e-06 2.83652402622847e-06 5.64593799105007e-06 1.47308983834415e-06 3.14547636531826e-06 3.31300160975045e-06 3.85225892055585e-06 3.52137262870089e-06 2.73805295936125e-06 2.12154289082056e-06 2.12427735928333e-06 2.63758358622912e-06 1.42143058017297e-06 7.57506809190289e-06 4.02293203785042e-06 0.000263639371883462 4.22168016356972e-05 2.43469795588869e-06 2.32113561517422e-05 3.58196678581502e-06 3.52685916867101e-05 0.00105033973843146 0.000306702752973531 1.30105329812613e-05 0.000719753409063073 0.00240165614457692 0.000201275594834327 2.54004589780643e-05 1.57158647793865e-05 0.000168048428762646 0.00021843790298206 5.88378468108885e-05 0.00044536761257632 0.0182373102599115 0.00347292469701443 0.000151301029870687 6.87938195514937e-06
-9999 -9999 -9999 -9999 5.31495343467636e-06 0.00159077677989985 0.00237801594041852 6.50598724110441e-05 0.00217308305346511 0.000148604119076867 1.2557663596191e-05 5.09381005920906e-06 2.77620356154418e-05 1.90283380891998e-06 1.65863129761856e-06 1.27634442643743e-06 2.33261477442515e-06 2.32676313441926e-06 1.84970403686036e-06 1.57535364778694e-06 6.25056484260256e-06 7.50472316949358e-06 1.54341326351615e-06 1.60978693288794e-06 2.89388970650117e-06 3.60183160619254e-06 2.16342214029996e-06 8.80193839110088e-06 5.8548145438686e-05 0.00275322072774153 2.65275576371793e-05 1.50415719220698e-05 0.000637928910430885 1.00922705025819e-05 1.2977073179532e-05 6.95581149828706e-05 1.31174362065667e-05 0.00252331616634952 0.00171009705751805 0.00271198657204629 0.000480621787245938 0.000490417190774817 3.43835565872475e-05 3.99398081269542e-05 7.74265932193208e-05 5.48887395566133e-06
-9999 -9999 -9999 -9999 1.3248895152751e-05 0.000400595539281323 8.10166961094927e-06 5.7259321729286e-06 0.000176968297091828 0.000326308705126199 0.000244140255565106 9.31156394157195e-07 2.06268317313185e-06 5.6753112986152e-05 2.23272014863718e-05 2.64871619269913e-06 1.4173031821052e-06 6.71575882476017e-06 1.66778861313555e-06 1.46771987015182e-06 4.4519481332439e-06 1.99096744545324e-06 0.000465947026688485 8.28045750778106e-06 3.88420922337041e-06 0.00022810165448639 5.20973550512949e-06 1.49609713102627e-06 2.28682494477384e-05 0.000429112513482954 0.000688220353691238 0.00164317756488254 5.70721657722206e-05 1.83634929044829e-05 5.04665586745778e-06 5.81567809835093e-05 0.000499462812880991 1.89366384886092e-05 0.00217314497443608 4.38277907731655e-06 7.67244531563294e-05 6.12274403804514e-05 0.00384189678104633 0.0040601148071752 0.00242509621164424 0.00188932944954823
-9999 -9999 2.24316367434252e-06 4.14751843249572e-06 3.62243065539225e-06 1.35751031714593e-06 5.47523603611211e-06 2.57605844525832e-06 7.37115997475612e-06 2.32280885869018e-06 1.56150245576248e-05 4.5850556948468e-05 1.84264270134182e-05 2.74904264081721e-05 2.08177400734533e-05 1.6104684303575e-06 8.95836977032882e-07 0.000938483702534854 0.000509850705647663 1.56476304481457e-06 1.13172229497804e-06 2.92627022252523e-06 0.000143178326639515 1.9002819001579e-06 2.73241605222019e-06 1.04950937288573e-06 9.64608689812962e-07 5.29845178132149e-07 4.95848771695506e-06 0.000274423805070312 0.00171368468206586 0.000141422354762144 2.47698686567044e-05 1.52096743544994e-05 2.95856965096819e-06 2.07726749828385e-05 0.000887122317998168 0.00188529323368971 1.51984030835384e-05 8.87456447821178e-06 0.000277490160716742 6.651468835428e-06 0.00265055015180716 0.00249249320292976 0.000280886511487599 9.96417161033714e-05
0.00468188528995267 0.00112424368366266 0.0150345449368113 0.00420566868348884 3.05805859083574e-05 6.96068268829508e-06 1.01248171098134e-05 2.63647772444919e-06 1.56265393863597e-05 4.78621442073779e-06 4.76675699153661e-06 5.7513453100233e-06 4.46155852982244e-06 3.30508634539539e-06 3.29021325125023e-06 1.5145689167162e-06 6.37992175300805e-07 2.42563722598899e-06 9.72359349655783e-05 0.000373321364621326 1.12840451647389e-05 9.76961100229712e-07 4.13581256136775e-06 5.59666200651288e-06 8.87286787210062e-07 1.94031832859709e-06 4.50560229465768e-06 4.42558880938693e-06 3.67055175867326e-05 0.00138004529102287 0.000313597501043572 0.000232873051364213 6.50949542353452e-06 1.14595535285034e-05 4.29046647356435e-05 0.000141989570297874 5.10852330618095e-05 0.00133076237806899 3.37481636428882e-05 0.00038524280772495 4.81638922524397e-05 3.51038521094194e-05 0.000137249889037261 0.00237932109165396 0.000561337800789563 0.00208519122027233
1.50232812248241e-06 0.000111244022258528 2.97547441074131e-05 1.56963668787036e-06 1.74517242836902e-06 4.35480484415329e-06 5.56237850134478e-06 1.97761462161661e-05 2.25232250289364e-06 7.58214189902073e-06 2.2366163338261e-05 2.0165932372751e-06 5.02856349321457e-06 1.41051077986343e-05 1.57539575499688e-05 2.91406308083886e-07 4.12134821548005e-07 4.53248866434386e-06 0.000351690268437788 2.0633373411294e-06 2.66521307623613e-06 5.26243940802695e-06 1.05120700520822e-05 2.28459818850557e-05 1.6754831810184e-06 1.40824108836646e-05 3.48346083962614e-06 2.6905272887956e-06 0.000407467161481134 0.00091495236164576 0.000426253577700419 3.07498103906401e-06 2.14346538708332e-05 1.53233937685515e-05 4.52313474595956e-06 1.30952629857517e-05 9.51884624535437e-05 0.000394684056684524 8.354051296251e-05 0.000785616838569525 0.000932808919672234 0.000388910890103633 0.000375676107532408 0.00140909379672822 0.00170338344425809 6.3883800762754e-05
2.73387146394466e-06 4.68912807083388e-07 2.72509411780586e-07 2.57543524539994e-07 5.29408936777998e-07 7.33810043707095e-07 7.07503449970393e-07 8.77652307884613e-07 2.6120174543065e-06 4.95789563901283e-06 2.80627632703867e-06 2.27945518502803e-06 1.8417668567916e-06 0.000185093226957045 2.44059590803314e-05 7.99664688679869e-06 7.35534345064348e-07 0.000801302187510189 0.000223070156937877 3.29965917527986e-05 3.71129559041394e-06 1.75387140184391e-06 1.30571787226863e-06 6.38060564583931e-07 4.34397280102417e-07 1.15468905889093e-06 2.41948679481352e-06 2.99388272417822e-06 2.50059592580287e-06 1.35328433194526e-05 2.41919679169089e-05 0.00032973796886514 3.38091013103448e-06 1.88303435949444e-05 4.940254192356e-05 4.68048938457866e-06 0.000223156943589442 0.000321259175109212 1.59654047565128e-05 1.6198107462051e-05 0.000305254925494491 0.000258772371935845 6.05993516531011e-05 0.000233917882935597 0.00049247143145037 3.42345727557203e-05
3.9630089752607e-06 4.5195325509062e-06 9.03016665809719e-07 3.93451662084043e-07 1.44831780524157e-07 1.33970917726156e-07 2.59714556005708e-07 6.51119560690638e-07 7.4903855912245e-07 7.38989179993599e-07 8.00107062826072e-07 1.39149061809674e-06 9.93551206363352e-05 0.00790979218011663 0.00284529065205263 0.00211464068669237 3.94160496519858e-05 2.68149656568184e-05 9.79619131753706e-05 0.000209747225643753 2.79240665775449e-05 3.23800943110575e-06 5.48617908691096e-07 4.73978855219936e-07 5.9118258470825e-07 3.14873425200091e-07 2.4901414161782e-07 1.9222824685361e-07 6.74174098780345e-07 1.23405791474518e-07 8.07532963653657e-07 4.30332829772784e-06 3.86664285122018e-05 9.62308523050348e-06 1.95016580780694e-06 5.92175664437811e-07 7.91711095379233e-06 1.85975204941569e-06 1.6651205286633e-05 2.25762528676121e-06 0.000524271645146268 0.000349128396672471 0.000161358123366484 6.59032063132892e-05 0.000111126542568796 3.39943794862574e-06
1.00562705916407e-05 8.79246780135512e-05 0.00142309277162855 5.94340526089976e-06 6.16564640198991e-07 3.97975192545363e-07 5.02855263018187e-07 2.63704059833003e-07 1.52780943285524e-07 6.06033907502024e-07 7.30526129222309e-07 7.70538035521628e-07 7.86269914687665e-07 3.97249097703334e-06 3.04148068261734e-05 5.72848601425591e-06 3.47392976518535e-07 3.00469387581881e-07 2.71934421760545e-06 2.22188485751729e-05 6.32252500539776e-06 1.05813380795072e-05 8.0760927162915e-06 9.20687393424213e-07 3.9516866352507e-07 3.22343695580152e-07 2.69378341877236e-07 1.91351155098829e-07 1.37849753434338e-07 1.23480109404106e-07 1.36459713684367e-07 1.34049436861794e-07 1.88773816587329e-06 0.000357629527451786 6.32783786977953e-06 2.92590157735528e-06 4.45777511448586e-07 6.23627103768509e-07 1.70987009094903e-06 3.61720743584648e-06 5.29803615556546e-06 5.45760935846018e-05 0.000912865905082549 0.00112973980345185 0.000195696696013847 9.47433657021435e-06
2.52333046923958e-07 9.51219616129872e-07 1.28344337351205e-06 1.2364512605334e-06 1.91819717478836e-06 3.44140344915589e-06 6.30578580598229e-06 4.8620800493504e-07 1.08710877736451e-06 1.4635071150626e-06 5.97687624181997e-07 3.75287120502055e-07 4.08196692702756e-07 3.74927433244299e-07 4.76326566267726e-07 1.68470182237979e-07 9.86680973924514e-08 1.53535632185786e-07 2.89660144725534e-07 1.34673356603221e-06 9.32552485688465e-07 6.20943764628734e-07 9.05590531286027e-07 8.36268982962185e-07 3.77774253756957e-07 3.21539685721461e-07 2.74867375671395e-07 1.87673378737596e-07 1.52607323034015e-07 1.36646644166571e-07 1.15262263200577e-07 1.21855224055611e-07 3.89114894816522e-07 2.53132218913321e-05 0.000341365207517708 1.68258174090274e-06 8.45877859828592e-06 2.19751800523138e-06 2.17157164246196e-06 6.83188427447301e-05 6.41316322291807e-07 2.74046681889684e-05 0.000511704056010986 0.000541498219314274 0.00101237764536226 0.000887530139221404
2.90016970116991e-07 1.60258478141273e-05 1.85045604334522e-05 4.76010759165035e-06 1.25210783966878e-05 9.37117400678478e-05 7.5286859285828e-05 5.89066208711575e-07 1.73276580440751e-06 9.71399183602451e-07 2.32093609853212e-07 1.89885807877488e-07 2.59830882776146e-07 3.15772481285226e-07 2.65523801612488e-07 4.41712243515191e-07 4.08232798332353e-07 2.26477606899422e-06 5.9833714107782e-07 1.90610953454629e-05 4.8587652341503e-07 6.77817600591712e-07 4.35724561187456e-07 3.52229844091667e-07 3.33684233067011e-07 3.14741337603675e-07 2.50502016163612e-07 2.17940552282858e-07 1.64358604737291e-07 2.99617162990984e-07 1.23057953771433e-07 3.63530806957169e-07 1.15815728493063e-06 1.34626272670135e-05 3.25377976094776e-06 3.94282656388523e-06 4.68872244944407e-05 7.84714238198036e-05 2.27109781146595e-05 0.000212065992871724 1.65393941478964e-05 0.000230971787038492 1.56271398049634e-05 0.000240207516332758 7.6458002307489e-06 6.68987087976136e-05
3.81768433876939e-07 5.22679567770412e-06 0.000109654578119578 1.6945693703585e-06 7.17562787722059e-07 1.6155677983698e-05 1.70801386644159e-06 6.05752620563837e-07 1.3185265709148e-06 0.00120052857806311 0.00393068815898084 0.000467309621475942 7.28356932481189e-06 3.52964593099969e-06 3.06131582664682e-06 3.44095632160979e-06 0.000141463909118456 6.77941807392113e-07 1.07967933720476e-05 8.45591481053454e-06 1.86525926884062e-06 7.94556962258053e-07 4.17195030766315e-07 1.6670212368286e-07 2.07711113064946e-07 2.88143843318878e-07 2.51535981565798e-07 1.99227054964446e-07 1.72140788579078e-07 1.48894253693133e-07 1.17670130095338e-07 1.09437832207515e-07 1.19495395745073e-07 1.15208540230061e-07 5.19094252471319e-07 5.6016343919274e-06 9.37427169106497e-06 7.74313314014785e-06 1.16682319012407e-06 3.01743221962081e-06 3.778172605573e-05 0.000536257122856088 8.19179154210592e-05 2.03172133275031e-05 1.66262909911952e-06 1.4802507276146e-06
2.89213364823571e-07 3.01460146090449e-07 3.44451527822809e-07 4.17014403875093e-07 5.82120036228817e-06 7.15651136290241e-05 3.84090953206018e-06 3.33672419915443e-06 0.00824603936118 0.000287434945437326 0.00143935549241809 0.000646906634203992 0.00278055566236263 0.0036633680569901 0.00107906946465732 2.08586923957976e-05 1.35812260404489e-06 1.95441789041517e-06 1.34313629095439e-06 3.1164517705351e-07 3.31142193588097e-07 2.48622958576306e-07 1.70863638115915e-07 2.54447433500893e-07 2.45284044686489e-07 3.82174232438359e-07 2.0747031288515e-07 2.01257382836939e-07 1.73943602443938e-07 1.56281881702469e-07 1.17916336761503e-07 1.10449812162905e-07 1.07179299690952e-07 1.07050398001629e-07 1.08276164367815e-07 1.0700670241004e-07 2.93222561331685e-07 1.60961533623993e-07 4.07650289679928e-07 2.74939846425237e-06 1.99869540640218e-07 3.38293963264569e-07 3.66561416576205e-05 1.08984073664553e-06 6.81054373974366e-07 3.25596313554e-05
2.95734374555767e-07 3.480566650782e-07 3.70139033090133e-07 4.70431952170891e-07 7.29865692272735e-07 8.47927622860123e-07 3.12813321246552e-05 0.000308497154727805 0.000746341209177925 0.00151548911851143 0.0113034758561162 0.00455702306520545 0.000106785739067994 7.82921341032639e-06 0.00689803053963454 5.99587833791659e-06 2.69206240555153e-07 1.84670786167462e-06 1.3367813774412e-05 6.17725563234472e-07 2.07498796434002e-07 5.84731643771264e-08 6.41770020681776e-08 1.369197250356e-07 3.80466511129551e-07 3.2428477210189e-07 1.74060437319046e-07 1.6587624046549e-07 1.55859420181148e-07 1.43611339775696e-07 1.37849610404306e-07 1.14922916971683e-07 1.05524142646196e-07 1.02445433980414e-07 1.03806095874681e-07 1.06569798585809e-07 2.67921755203737e-07 3.92951693761745e-07 6.57673145493254e-06 5.46004788213317e-06 1.02625515834287e-06 1.33153162973354e-07 1.32589288717178e-06 3.52401576930728e-07 2.04095287381634e-07 1.04016504522964e-06
3.42913334072659e-07 3.45117519584548e-07 4.39587565670418e-07 8.32446901255501e-07 1.15593699907546e-06 8.47534366121838e-07 1.02790025978683e-06 5.4300008847874e-06 0.0141714479179371 0.000908863745419808 0.00545968682957891 0.00248416703887386 4.02971887069725e-05 0.000214003402448526 0.000108977777802011 7.16644421800083e-05 2.49741883552312e-06 9.31811629301116e-08 9.10577754975606e-08 2.72668193035397e-07 1.12261150397863e-07 5.07214020117885e-08 5.13836056481587e-08 8.43588276677743e-08 1.98193660583268e-07 1.78365808833902e-07 1.83974573664258e-07 1.65887642511464e-07 1.60228823264941e-07 1.52215219995089e-07 1.46263136557856e-07 1.18791484104985e-07 1.09113807311711e-07 1.04163807712609e-07 9.63640588325099e-08 9.66222523324234e-08 9.96535142627764e-08 5.31183624241649e-07 5.05633928807314e-05 1.18509156424862e-06 1.31745653908499e-07 1.22820763548415e-07 1.21702478528274e-07 1.2262086495074e-07 3.20534221909252e-07 1.3870630196644e-07
3.09280607657669e-07 3.22444180389514e-07 3.86035225674597e-07 6.74834231817467e-07 8.12257774618352e-07 7.63655253677165e-07 8.27159489114049e-07 0.00446277913257656 0.000351463389711171 7.1818315710459e-06 4.99671024911663e-06 0.0111296227630262 0.0355423286720203 9.38092705155213e-05 0.00277660795072734 0.00449276253893913 0.00117333273528857 0.000130378105507134 1.38422234715607e-06 6.84689236529756e-08 4.58990585205932e-08 5.6991429020492e-08 1.84464075092539e-07 1.6285038354491e-07 2.03882007432377e-07 1.81936457377407e-07 3.03779721677611e-07 1.96754337145055e-07 1.59479498673676e-07 1.61706464307798e-07 1.54939829200007e-07 1.34275761887181e-07 5.64478466063001e-06 3.15850546039886e-07 5.23483693348759e-07 1.17325473027785e-05 1.05598339750212e-07 1.01704606236819e-07 2.12661601451947e-05 0.000263023977597165 1.54738584852154e-06 2.29870324470749e-06 4.47764315877341e-05 8.1614723829615e-06 1.31224507075034e-06 9.88049994488094e-08
3.27375039144151e-07 3.85463926844132e-07 5.49653328429933e-07 6.7719160533608e-07 6.73880934676241e-07 7.44584562684114e-07 5.43166194237998e-05 0.00706450561895977 6.06911559543732e-05 4.885609230314e-05 5.71169924796777e-05 8.71505581926613e-05 0.000105636409580256 0.000109345128566929 0.000288048351103498 0.000247806202605716 0.000470683466846822 2.79865187849282e-05 7.11771562919239e-05 1.59497977165302e-05 5.15861123384642e-07 5.78924392979907e-08 2.80737724178692e-08 8.9253781043741e-08 8.43531281491394e-08 1.00354693499671e-07 3.46193489653146e-07 4.90371111450116e-07 1.60517746994326e-07 1.59891276774182e-07 1.67203389656034e-07 1.69615841849602e-07 1.48188155169038e-07 1.26911635933702e-07 2.6107762703953e-07 9.9402897099532e-06 2.0502663594657e-07 1.10086901350392e-07 1.04684040980185e-07 1.40774237944452e-07 2.27822966425428e-07 1.03895796421671e-07 3.13756615925032e-06 0.000123910907762126 0.000746100970197039 5.42414111229794e-06
3.42555353405327e-07 3.19104213053478e-07 4.22663347032781e-07 4.86232990071223e-07 5.55781922051413e-07 4.80042796635605e-07 0.00090321268816308 3.64107566554139e-05 0.00165941658715383 0.0023505353415203 4.41643930685132e-05 0.000479866601631329 4.76815574074862e-05 0.000118105657929846 0.00383748784915952 0.0096256536358851 0.000652244579396211 0.000446238812492084 4.14504816376393e-05 4.34663068062946e-06 3.13083044962692e-06 0.000159525367871538 3.22888434860502e-06 2.75253425496835e-08 4.67142868831871e-08 1.46110380128128e-08 3.31554571464387e-08 1.31367497313573e-07 1.70072800476095e-07 3.11938619257379e-07 1.47787306548075e-07 1.44526376522069e-07 2.76319906211686e-07 7.58094233965778e-07 7.18302344826505e-07 7.3795997725723e-06 6.90536427492283e-06 1.14395599382089e-07 1.00093989108263e-07 2.9089584310249e-07 4.59555869281036e-07 5.28900388041542e-07 2.01936190469265e-07 0.000380950889677245 0.000167473364906123 0.000249825267243686
3.31443029599754e-07 4.51685315328021e-07 4.69600555785821e-07 4.870305617799e-07 4.20876225915023e-07 1.30380467009417e-06 0.00363326094731184 4.48586218681157e-05 0.000797380989888552 0.00101451011369136 0.0017918214493875 0.00617852393261273 0.00576389129018935 0.0333826895686798 0.00890497466825764 0.000154056396604574 5.11923216890864e-05 8.94672979825373e-05 0.000243655466078962 0.000299642091158603 2.2211581585907e-05 6.52218250447589e-06 8.47117645207618e-05 1.53944536998907e-05 3.1152923017963e-05 2.48505292121948e-08 4.56195917597491e-08 1.98925783845283e-08 3.72994442332519e-08 7.42367510220276e-07 5.6078216671418e-07 1.28511289010369e-07 2.67845552470725e-07 7.53269224340603e-07 3.98177742177652e-05 4.34890211278294e-05 1.07219348405629e-05 7.33536602842588e-05 1.35267672698447e-06 6.2014986274006e-06 4.84060200189873e-07 0.000176273066925281 0.000183177032928072 0.000309036159403753 0.000169606649519505 0.000240402872125811
5.0464419317775e-07 5.05534540917729e-07 5.35111413868528e-07 5.54398895635799e-07 1.44809506551491e-06 0.000302307279249769 0.000173964887631328 1.65011174019014e-05 2.30347083316929e-05 0.000265309393444113 0.00029245296514091 0.00904087143644574 0.0044753016816685 0.000762256310554221 9.37954909886685e-05 1.68170431379622e-05 3.0730540180457e-05 7.69767142855926e-05 7.33878406435906e-05 0.000510604445389617 0.000219835062944185 6.65706421159484e-05 9.23089440760805e-06 5.4498721328855e-05 0.000327350021211714 3.38952584759689e-05 1.30928616167703e-06 4.9185069062041e-08 1.57001509570875e-08 6.22634914182463e-08 7.30113806746147e-08 6.21673335943207e-07 2.42762513225081e-07 5.07992362388521e-06 5.04449077871616e-06 1.06150096779167e-06 1.72093072725588e-07 2.91639214855532e-06 0.000227936924811023 5.44293215145597e-06 5.8313483779493e-06 5.09667829234339e-05 2.50460685915943e-05 1.56652850543115e-05 0.00010930528854437 0.000115049138388346
