Maxent_result_files_1/Bombus_deuteronymus_2.asc
NCOLS 594 
NROWS 330 
XLLCORNER -15 
YLLCORNER 23 
CELLSIZE 0.166666666666667 
NODATA_value -9999 
[rows 80 to 99 of 330, columns 315 to 359 of 594]
9.975467746699e-05 5.48246606740577e-05 0.000185626476741163 0.000310241430997849 9.67917818343267e-05 2.67702733935948e-05 3.26386834331061e-05 0.000125976458730292 2.97354505619296e-05 0.000345432329231699 0.00118463417165913 2.34080304039708e-05 -9999 0.0465020005125552 0.0049393875640817 0.00221883704070933 0.00180203551026352 0.00160030904517043 0.0157263913191855 0.00105671136116143 0.000243344955015345 7.31411369088164e-05 0.000271751445689006 0.000678030052222311 0.000112089215690503 0.000756736953189829 0.000359313885564916 0.000166162289315253 0.000249481076571101 0.000134273630555981 0.000209822215765598 0.000160357609638595 0.000258671759365825 0.000792965153959813 0.0024888026266126 0.000777314676088281 0.00060816825425718 0.000323470803778036 0.000511019782425137 0.000544663288019365 0.000346773207274964 0.000358383867569501 0.0201721217483282 0.00040479960734956 0.000345422672762652
0.000129835594816541 -9999 0.000664941854483914 0.00128162250039168 0.000335294059550506 8.50975893627037e-05 2.64174162111885e-05 9.21099541301373e-05 5.15047186127049e-05 3.25009258631326e-05 6.46652002842529e-06 3.31637153067277e-05 0.000112616915976105 0.000474007179582259 0.000318634737050161 0.000433334338595159 0.00199660998769104 0.00489435186609626 0.00310801467858255 0.00235448509483831 0.00476656790124252 0.0040663713705726 0.00201730593107641 0.00713443758431822 0.00149958483525552 0.0022306744242087 0.00139066199189983 0.00212320942082442 0.000408733034055331 0.000339942395657999 0.000234044249918952 0.000151904381800705 0.000293740654160501 0.00129341936626588 0.000790100864287524 0.00238139953289647 0.00087651315916446 0.00131497117108665 0.000346462503148359 0.000605864340468543 0.000572246058436576 0.000190512469816895 0.00130383030773373 0.000134036172676133 0.000337238078645896
-9999 -9999 -9999 0.00217009682673961 0.000400098948739469 0.000967201733146794 0.000942076250794344 0.00026121076734853 5.76242850456765e-05 5.18635840762727e-05 0.000122654972437886 5.2287564449216e-05 0.000349985215143533 0.000118036169806146 4.77095598853339e-05 0.000205462546546187 0.00027313781392877 0.000644877403829014 0.00454668721067719 0.000134791265008971 0.000615716026368318 0.00172824983019382 0.00641733307857066 0.0863160096108913 0.00285027770732995 0.000992193413549103 0.00132494052377297 0.000710742740193382 0.0015032070747111 0.000920827561640181 0.00141333255451173 0.000953429762012092 0.00348239724917221 0.00455493212502915 0.00927452189498581 0.000719339540228248 0.000462637105374597 0.000119658185667504 0.00110165984951891 0.016608062852174 0.000563114991018665 0.00116412212955765 0.000147746186985387 0.000527384901215555 0.000304552577654249
-9999 -9999 -9999 0.00213639890425839 0.000543268173350953 0.000695382291451097 0.000315071218938101 0.00044385499713826 0.000330486224265769 0.000471471841592574 0.000361616398731712 0.00051868975351681 0.00024736786072026 0.000595809394144453 0.00255097892077174 0.00144338572863489 0.00446824003010988 0.00181675261119381 0.00286439723568037 0.00213448675349355 0.00312056308612227 0.000593077215307858 0.00130986290168948 0.00111447550152661 0.000676266455411678 0.0012937475257786 0.00073880318668671 0.000625808865879662 0.000405372965906281 0.000533921926398762 0.00134608875378035 0.00149821528466418 0.00113943214819301 0.00362885677022859 0.00490769236348569 0.0016317711037118 0.000442907662363723 0.000141949431508692 0.000300290183076868 0.00037063359595777 0.000534498556953622 0.00223951599327847 0.000418247732159216 0.000124678701558878 0.000519828948017675
-9999 -9999 -9999 0.0112823495175689 0.00431604925179272 0.0237282145768404 0.0013521143100661 0.00135009535297286 0.000679697519808542 0.000621028037858196 0.00114007060183212 0.000846724549774081 0.00232479537953623 0.019234378170222 0.0199271879973821 0.0315894091036171 0.0416911276988685 0.0147313783061691 0.00640051907394081 0.0112641333136708 0.00571927758865058 0.110015349462628 0.0136366442311555 0.00759192449040711 0.00228899132926017 0.00638621337711811 0.00186267406097613 0.00585143916541711 0.00241547598852776 0.000839290604926646 0.000733353698160499 0.00212931376881897 0.00126732343342155 0.0151478888699785 0.00211757195647806 0.00101002178271301 0.00148015504455543 0.00105091893929057 0.000654691984527744 0.00272849539178424 0.00451581985107623 0.00428287594113499 0.0272392270155251 0.00149383737589233 0.00254683519888204
0.00178554870944936 0.000368082637214684 0.00037406445153465 0.00117834555276204 0.00120160244987346 0.00375968005973846 0.00430321890744381 0.0050352395279333 0.00274509669980034 0.0305700411088765 0.00486778534250334 0.0175618171226233 0.0594750508666039 0.0074656531913206 0.0591043997555971 0.186867845058441 0.0269330693408847 0.0507746956311166 0.151636926084757 0.134871342033148 0.113273908570409 0.0138913943432271 0.0181983580812812 0.00518737306119874 0.00400969802867621 0.00153874995885417 0.0336937393993139 0.0136793646495789 0.00179721933527617 0.00205653813609388 0.000909268271061592 0.000981685309670865 0.00111013980131247 0.00069070205790922 0.00133576655352954 0.00559512484469451 0.0110050639661495 0.0153419021284208 0.0323058368172497 0.0671702772378922 0.0112232715357095 0.00126479684549849 0.000886778394487919 0.00151069551502587 0.00244625155028189
0.000651876968913712 0.00136198006948689 0.00051482161070453 0.000350052358771791 0.000641829203232192 0.0076619484461844 0.0145089698955417 0.00138339763507247 0.000723668518548948 0.00296975166129414 0.0195388865657151 0.0364597296342254 0.0966960892081261 0.0582381185144186 0.134612749516964 0.198292713612318 0.210193461924791 0.0800667671486735 0.110863479226828 0.0627080522477627 0.0776273846626282 0.061156889423728 0.0537682328373194 0.0155339586082846 0.00670288138207979 0.0163051801733673 0.016216202871874 0.162221564352512 0.0166274672374129 0.00883483283978421 0.002555221800867 0.00637222793593537 0.00614798199967481 0.00124389929496829 0.000933624848403269 0.005744531856908 0.00854427521699108 0.00320909309084527 0.00202423295995686 0.00474295230815187 0.00498441409436054 0.00874872937856708 0.00448405734168773 0.0197491821483709 0.0110885231290013
0.000642490983591415 0.00144432581437286 0.00145861084456556 0.000976000788068632 0.00592686890158802 0.00587335181189701 0.014488000003621 0.0603038577362895 0.0140655409544706 0.0324412604793906 0.0462465938180685 0.0895741567015648 0.0515716130845249 0.0491823476739228 0.101764174178243 0.149124947562814 0.056416566669941 0.0880531176924706 0.0440487243002281 0.179066712409258 0.18484772592783 0.0374356381595135 0.0330307967029512 0.0533404499292374 0.0382330253720283 0.0912928439676762 0.011606407025829 0.0276584119535983 0.0490434750914574 0.0414206184446812 0.00413201176561415 0.000879879205967882 0.000399252160423202 0.0111319000308868 0.000568049091816647 0.00040611469257783 0.000455091673211427 0.00587508587923367 0.000869688482634956 0.00504110274778213 0.0098042301251553 0.0191743639588822 0.00747759662335739 0.0244449760299176 0.0383968234993517
0.000553293526900234 0.000185080416122219 0.00163840621826239 0.00104077851465263 0.0021456601927639 0.00129233694060531 0.00104448163438065 0.023187725013122 0.112635848671198 0.0303015585057437 0.0468351729214191 0.0481824150308967 0.0355030079372227 0.0619236977770925 0.149264032393694 0.107233375869691 0.121810461208224 0.135671020299196 0.0806534610688686 0.21054397970438 0.0254738805233501 0.0471044525504112 0.0629222305491567 0.197225444763899 0.129014706984162 0.107019962742925 0.0940433885902166 0.80037281960249 0.116804732661694 0.123380792140961 0.0217429030220956 0.027469202503562 0.0159630642971024 0.0210037897806615 0.0207017070963047 0.0270996722567361 0.00981580629741075 0.000262956771530298 0.0229701924079563 0.00956582434446318 0.00680904870823724 0.00109718271633028 0.00459872288593033 0.0219703477923758 0.00780048320157221
0.000397699709355948 0.000361348151091079 0.00245373170619132 0.00147114570718259 0.00206862711929716 0.00120885471405927 0.00106413660032558 0.00974910189397633 0.0437573868781328 0.031453875079751 0.0676759211346507 0.0462661290541291 0.0753943122923374 0.142580314725637 0.258944565802813 0.104678358510137 0.211417827755213 0.239060714095831 0.0922664973884821 0.10064284466207 0.25850977525115 0.108218691125512 0.129549447447062 0.0720134198665619 0.0436506286263466 0.100875621661544 0.138255636952817 0.0296774108428508 0.195575613901019 0.805498456954956 0.329011410474777 0.196858252584934 0.0739748004823923 0.0590943202376366 0.0279499186202884 0.00413451170315966 0.00532574525786913 0.00940788650768809 0.00571119604865089 0.0124983871675795 0.01607711086981 0.00433798817830393 0.00494457610693644 0.00359481908453745 0.00568836697129882
0.000442051934078336 0.00120299458212685 0.00118073484045453 0.00458506888244301 0.00265656205592677 0.00221535814052913 0.00297226646798663 0.00328083656495437 0.00183784367400222 0.0100130732404068 0.0587871737778187 0.167768511921167 0.0804121371358633 0.0637876104563475 0.192982674390078 0.648006880283356 0.265349942445755 0.113325536251068 0.19232699945569 0.148498792201281 0.221749138087034 0.123842936009169 0.101557690650225 0.337647989392281 0.0546887088567019 0.0477275876328349 0.226339939981699 0.209466510266066 0.263578148931265 0.10330005325377 0.740842753648758 0.269219000265002 0.15131107904017 0.109528338164091 0.0750855971127748 0.0720325587317348 0.118825948238373 0.162882228195667 0.0341882252134383 0.000972514494060306 0.0109462830616394 0.00059413594644866 0.00471524281783786 0.003869129341183 0.00199518935442029
0.000482235131494235 0.00201342774380464 0.00315875698579475 0.0262860127724707 0.00582604371011257 0.0025208413193468 0.00454696570523083 0.0106457734014839 0.00994159779511392 0.0640032283961773 0.0993270762264729 0.0789189990609884 0.134046797454357 0.289140537381172 0.263404810428619 0.143238051235676 0.307977710664272 0.550546970963478 0.202659829705954 0.162865401804447 0.142931664735079 0.174139678478241 0.0301433217478916 0.221604731678963 0.102044928073883 0.105113115161657 0.0969622872769833 0.0884469803422689 0.221379611641169 0.0941447351127863 0.207637955248356 0.0926314070820808 0.106554518267512 0.0167815033812076 0.672080129384995 0.863704162836075 0.146091840788722 0.0882273072376847 0.0871814910322428 0.205620113015175 0.00628029203508049 0.0901062555611134 0.0258563242678065 0.053149059205316 0.0180002171488013
0.0018704604357481 0.0130061431438662 0.0196621569921263 0.0223032980749849 0.0112988084263634 0.0246155710425228 0.00159133046981879 0.0209835750516504 0.0960851617157459 0.344012546539307 0.264696371555328 0.099097540602088 0.259742107242346 0.450977630913258 0.22157516926527 0.320512197911739 0.118722957000136 0.699414929747581 0.759478849172592 0.499071307480335 0.13413475304842 0.0903021618723869 0.176464074850082 0.259293299913406 0.106663920730352 0.0930260431021452 0.115850666165352 0.0329192688222975 0.0751893484964967 0.157140394300222 0.191127771884203 0.108496993035078 0.122959993779659 0.026636871509254 0.0303254673490301 0.0773743106983602 0.101281830668449 0.112303401343524 0.544417917728424 0.346181623637676 0.191367411613464 0.107572363317013 0.0574602723121643 0.0439684295095503 0.108376967906952
0.0370754712959751 0.0717359021306038 0.05478875041008 0.137402568012476 0.144577273353934 0.0565030529163778 0.106584164500237 0.15248865634203 0.140821603685617 0.248615853488445 0.235877123475075 0.149862549453974 0.37088633030653 0.679592269659042 0.398765708506107 0.306920819729567 0.467668101191521 0.206349155306816 0.603991836309433 0.256565085053444 0.234234330803156 0.616889098286629 0.244462946802378 0.123086838424206 0.135406977683306 0.133624352514744 0.0543611792847514 0.151225034147501 0.129703582078218 0.204734526574612 0.203894954174757 0.157675139605999 0.285333358123898 0.219473563879728 0.0128645602671895 0.0273053902899846 0.140160257741809 0.286130581051111 0.232023551315069 0.24740070104599 0.140925830602646 0.129336645081639 0.363582487404346 0.375175222754478 0.170341924577951
0.0946557648479938 0.264040054380894 0.465832754969597 0.322710765898228 0.140240282565355 0.110468755289912 0.29083970785141 0.166697689890862 0.365893718600273 0.369634309411049 0.4302525177598 0.324421139061451 0.368452541530132 0.358943322300911 0.0751419323030859 0.0770641048438847 0.263460911810398 0.384569638967514 0.191154274344444 0.823145711421967 0.633665293455124 0.710523352026939 0.489525485038757 0.242169451713562 0.462170758843422 0.193394464254379 0.154432328045368 0.0934817105531693 0.154063624888659 0.172739717364311 0.068887035548687 0.0994180917739868 0.199192797392607 0.317262449115515 0.0308441553381272 0.0454756543971598 0.0393458507955074 0.0996625808998942 0.0613711421377957 0.222751684114337 0.573345184326172 0.213695855438709 0.160673383809626 0.118416006956249 0.650353407859802
0.284041631221771 0.318850164115429 0.153760822862387 0.213617730885744 0.00387808059458621 0.359044110774994 0.418703988194466 0.332741315662861 0.775557515025139 0.0720905162394047 0.399390380829573 0.286945321969688 0.138631044328213 0.15742045417428 0.180909440666437 0.169016820937395 0.33482907563448 0.367546084523201 0.149589409306645 0.494603556394577 0.389605389535427 0.28594256490469 0.466528658568859 0.639451333880425 0.176438226550817 0.424542351067066 0.178719521313906 0.161621461063623 0.136063280701637 0.0466238053515553 0.119343877211213 0.781284689903259 0.573226806521416 0.204476310312748 0.127827656269073 0.0404618581756949 0.0212488571181893 0.0889049870893359 0.0977563756518066 0.0146753133274615 0.0671044195070863 0.120038594864309 0.0553851292934269 0.0749079682864249 0.178387996554375
0.15791696049273 0.306453837454319 0.211917790770531 0.0972570773214102 0.117847675643861 0.0782937841489911 0.0926151312887669 0.369107957929373 0.274673908948898 0.781186252832413 0.388339880108833 0.549952670931816 0.0948749491944909 0.544965174794197 0.272803918272257 0.352479286491871 0.360219205915928 0.414002627134323 0.562457045912743 0.336389064788818 0.968026214838028 0.814623248577118 0.400845009088516 0.309742695093155 0.424402004480362 0.225931364297867 0.0916807062923908 0.35570142865181 0.101165929809213 0.0633787518367171 0.470285934209824 0.215515977889299 0.0222523945150897 0.0190100324340165 0.118224415183067 0.138431596010923 0.0419579186476767 0.0593505674041808 0.0718066647648811 0.191780315339565 0.132988919317722 0.112913185358047 0.197002868354321 0.141750159859657 0.138409516960382
0.522964042425156 0.586811399459839 0.195963370800018 0.0263635810464621 0.176571657508612 0.114438451081514 0.299249544739723 0.322184833884239 0.215725466609001 0.83086404800415 0.864686858654022 0.313707615435123 0.301288820803165 0.738658791780472 0.733669072389603 0.724349811673164 0.817410731315613 0.403904308378696 0.197541242092848 0.722122365236282 0.992650425434113 0.697123369574547 0.372415059804916 0.333817756175995 0.29385102391243 0.238567890226841 0.140398542955518 0.077581824362278 0.0648689823225141 0.082410828769207 0.526679426431656 0.0490908477455378 0.0197090827394277 0.129233111441135 0.10860938988626 0.263762554526329 0.0585375929251313 0.244674506783485 0.127146249264479 0.143508932739496 0.404293495416641 0.140751728415489 0.176405812799931 0.0886695776134729 0.134393621236086
0.483402559161186 0.414669823646545 0.378846642374992 0.347547829151154 0.567930245399475 0.548096385598183 0.90327735543251 0.295620328187942 0.93188750743866 0.5333316385746 0.527935773134232 0.265698149055243 0.284376099705696 0.582497319579124 0.772238969802856 0.432895617187023 0.64043545126915 0.341084390878677 0.191567662358284 0.193619511276484 0.355757397413254 0.535966154932976 0.298766547441483 0.155168900638819 0.411289867758751 0.225169111043215 0.419902724027634 0.196225915849209 0.134968780726194 0.137936179339886 0.354025945067406 0.0473071299493313 0.0942293845117092 0.205778173357248 0.220594917982817 0.0698601044714451 0.120247334986925 0.124121954292059 0.122376137971878 0.145867098867893 0.32267015427351 0.0786357656121254 0.0778858989477158 0.141644062846899 0.116351187229156
0.23766773045063 0.176815780065954 0.11475438810885 0.205754664540291 0.295891328155994 0.134972992539406 0.411002811789513 0.00423337985994294 0.40040280520916 0.576511752605438 0.23135789707303 0.585180571675301 0.272369726002216 0.250798520445824 0.41412810087204 0.51546097099781 0.200225673615932 0.184544666856527 0.18818144723773 0.381884297728538 0.320029565691948 0.1932995647192 0.181206838041544 0.161019133031368 0.134734354913235 0.191748032718897 0.0939733356237411 0.397429448366165 0.0827770937234163 0.322751761972904 0.346236771345139 0.206355391442776 0.0651030132547021 0.072512448951602 0.082136457040906 0.074709103256464 0.360324408113956 0.460816860198975 0.100423174723983 0.0790814246982336 0.0828117467463017 0.145833897590637 0.0703511096537113 0.0662596315145492 0.0717534001916647
