Maxent_result_files_1/Bombus_cullumanus_2.asc
NCOLS 594 
NROWS 330 
XLLCORNER -15 
YLLCORNER 23 
CELLSIZE 0.166666666666667 
NODATA_value -9999 
[rows 84 to 104 of 330, columns 188 to 234 of 594]
0.00709636230021715 0.00463477570665418 0.00303147445247305 0.000184222229600373 0.000475341489247683 0.000230826150355412 0.000193094765726498 0.000124220187024271 0.00750180976465344 0.00601107486654655 0.000378841548754494 0.0191060394514352 0.0299362702295184 0.000688334186928508 0.0125840533291921 0.0138750878628343 0.00135864839885471 0.00765867847949266 0.0046808350016363 0.00951874456368387 0.0155516772065312 0.000329188520858281 0.00386909312401258 0.0369863547527984 0.0141584115801379 0.00938983843661845 0.000701357272441783 -9999 -9999 -9999 -9999 -9999 -9999 -9999 -9999 -9999 -9999 -9999 -9999 -9999 -9999 0.0792513616383076 0.148252969235182 0.105655560269952 0.0626938685774803 0.215641430020332 0.215403188765049
0.0284448380582035 0.0167233523912728 0.0010973529191034 0.0010424428475261 0.000253061851506331 0.000210573686021331 0.00161869168296107 0.000438700950553539 0.00245300801470876 0.00136166472431114 0.000212296892774955 0.0159139730967581 0.0155879933852702 0.00601321305148303 0.0176385067403316 0.00268777965065965 0.00955735093448311 0.0157744527328759 0.00602565286681056 0.015420345403254 0.0124259593430907 0.0316179597750306 0.00195979016478418 0.0626815328316297 0.027760523557663 -9999 -9999 -9999 -9999 -9999 -9999 -9999 -9999 -9999 -9999 -9999 -9999 -9999 0.0774837523698807 0.148538939654827 0.220289793610573 0.113529835268855 0.077834203094244 0.0665054894983768 0.0523821700364351 0.00787619147595251 0.095522790402174
0.0127792098559439 0.00580608155578375 0.0142853271681815 0.00948176076635718 0.0139858043752611 0.000486764878096935 0.0148806071840227 0.000923531914678222 0.00757312001660466 0.0144468095619231 0.00674308659508824 0.00650564730167389 0.0110636845696717 0.0114667124114931 0.0154824938159436 0.0113088285084814 0.00323906562807679 0.0159933974035084 0.00072465229944747 0.019574991799891 0.000931036550587905 -9999 -9999 -9999 -9999 -9999 -9999 -9999 -9999 -9999 -9999 -9999 -9999 -9999 -9999 -9999 -9999 0.13051919490099 0.258406086266041 0.249364298582077 0.120040899142623 0.0801466844975948 0.0777404833585024 0.101791628450155 0.0822494858875871 0.0330381423700601 0.0544160217046738
0.00991331972181797 0.0215329407714307 0.0136096054688096 0.0122580167837441 0.0088203324470669 0.00750915654934943 0.00607105605304241 0.00873449703212827 0.00921586528420448 0.00931888376362622 0.00867342236451805 0.0211619982495904 0.017411195114255 0.0104444961994886 0.0174190808087587 0.00452239888109034 0.00362300343549578 0.0156726650428027 -9999 -9999 -9999 -9999 -9999 -9999 -9999 -9999 -9999 -9999 -9999 -9999 -9999 -9999 -9999 -9999 -9999 -9999 0.172259059548378 0.224251906573772 0.248429055511951 0.142465957254171 0.141865606606007 0.0109055407723645 0.07462163628079 0.0776966977398843 0.098915171250701 0.0207227421924472 0.014966567279771
0.00812953771091998 0.014125114493072 0.0279174169525504 0.0321753069758415 0.0559210021048784 0.016678923368454 0.0104367501102388 0.012866510823369 0.00838700458407402 0.0105537267867476 0.0170745295472443 0.0464201929047704 0.0445456763729453 0.0335660796612501 0.0231443150900304 0.0416297432035208 -9999 -9999 -9999 -9999 -9999 -9999 -9999 -9999 -9999 -9999 -9999 -9999 -9999 0.0758472368121147 -9999 -9999 0.0512000683695078 0.0747873026877642 0.101354787871242 0.20697106719017 0.0222889515923271 0.131685763644055 0.288165393471718 0.255975450575352 0.237940375506878 0.057232007588027 0.064642272144556 0.00312025461233816 0.283850574493408 0.115275038965046 0.0313887872966006
0.00793859916739166 0.0113210942596197 0.0122611661907285 0.0237942665815353 0.0465651392936707 0.0210957240313292 0.0179119938053191 0.0148699914105237 0.360778151452541 0.0117954212706536 0.014537354465574 0.0477222353219986 0.033308270201087 -9999 -9999 -9999 -9999 -9999 -9999 -9999 -9999 -9999 -9999 -9999 -9999 -9999 -9999 -9999 -9999 -9999 -9999 0.0200468203464879 0.166644550859928 0.203699746727943 0.158142747730017 0.153528244420886 0.0574270473982324 0.0390977591810952 0.144194884225726 0.437496426701546 0.290557733178139 0.106285936385393 0.0305635331198573 0.1033705689013 0.031883623090107 0.145909252017736 0.0936711605638266
0.0124714033678174 0.0230179939419031 0.00904482058249414 0.0115942399483174 0.00911646084859967 0.00823177439160645 0.00856283088214695 0.0140051272697747 0.0265665579587221 0.0363237999379635 0.0763613328337669 0.06256003677845 0.059361582249403 -9999 -9999 -9999 -9999 -9999 -9999 -9999 -9999 -9999 -9999 -9999 -9999 -9999 -9999 -9999 -9999 -9999 0.0748471960425377 0.245871683955193 0.249664035439491 0.256075881421566 0.0769386284518987 0.0671996824676171 0.147480916045606 0.0726183938328177 0.15709641892463 0.0927251888439059 0.0753964625298977 0.148805132508278 0.067105032200925 0.036747391265817 0.106027231551707 0.110886703711003 0.0612491451203823
0.0361383141949773 0.0494688548147678 0.0449706308543682 0.0101946230977774 0.0107941810041666 0.0174505167640746 0.01453672866337 0.0252608548849821 0.0230234417133033 0.0450722176581621 0.0403087878599763 -9999 -9999 -9999 -9999 -9999 -9999 -9999 -9999 -9999 -9999 -9999 -9999 -9999 -9999 -9999 -9999 -9999 -9999 0.0821214996278286 0.0861706651747227 0.237745688855648 0.116839259117842 0.200756171345711 0.0287203759886324 0.206756567955017 0.185142636857927 0.152684196829796 0.188503781706095 0.0882952682673931 0.0282950101274764 0.0127791309088934 0.137740503810346 0.0920759060885757 0.0240548093919642 0.0284585312241688 0.0600162911228836
0.0712169975042343 0.046352419629693 0.0222545891068876 0.0282469067722559 0.0263387722894549 0.0318223152309656 0.0543553911149502 0.0338315075263381 0.0618766721338034 0.056141472235322 -9999 -9999 -9999 -9999 -9999 -9999 -9999 -9999 -9999 -9999 -9999 -9999 -9999 -9999 -9999 -9999 -9999 -9999 -9999 0.224219299852848 0.330992433428764 0.193403957784176 0.0924066454172134 0.162290976196527 0.224987827241421 0.205195287615061 0.130225832946599 0.122303287824616 0.0947050176560879 0.087648475158494 0.174152819812298 0.183779302239418 0.0609655779087916 0.0545689931372181 0.0487658936530352 0.0396248391829431 0.083885795623064
0.0386157594621181 0.128325410187244 0.0477182555943727 0.0345955148339272 0.0473820030689239 0.0319785993546247 0.073526868224144 -9999 -9999 -9999 -9999 -9999 -9999 -9999 -9999 -9999 -9999 -9999 -9999 -9999 -9999 -9999 -9999 -9999 -9999 -9999 -9999 -9999 -9999 0.00296701414204392 0.148380583710968 0.243010011315346 0.239512407779694 0.0443555631558411 0.198275615274906 0.244883427023888 0.0456977220252156 0.0160357999586267 0.064705644082278 0.144921354949474 0.0574102349579334 0.0550250588450581 0.019204325589817 0.0847066193819046 0.0735966075211763 0.0426958702504635 0.0324904606677592
0.0147596478462219 0.0153337349183857 0.0190949972718954 0.0338027210906148 0.0615641418844461 0.0638212077319622 0.143923482298851 -9999 -9999 -9999 -9999 -9999 -9999 -9999 -9999 -9999 -9999 -9999 -9999 -9999 -9999 -9999 -9999 -9999 -9999 -9999 -9999 -9999 -9999 -9999 0.181327803432941 0.098238530009985 0.0822857856750488 0.011516488622874 0.0248181925155222 0.0276316767558455 0.0497687662951648 0.0472982651786879 0.0955680610612035 0.0182509719859809 0.0583524435758591 0.119237221777439 0.0248845973983407 0.118771473318338 0.0653757330030203 0.0513896889984608 0.0559296060353518
0.0289419036358595 0.0178529486991465 0.0465892508625984 0.0642620276659727 0.112091666460037 0.107749388366938 0.0869287401437759 -9999 -9999 -9999 -9999 -9999 -9999 -9999 -9999 -9999 -9999 -9999 -9999 -9999 -9999 -9999 -9999 -9999 -9999 -9999 -9999 -9999 -9999 -9999 0.118356589227915 0.0141409868374467 0.0252899872139096 0.0275653500109911 0.048497112095356 0.106984448060393 0.0336989836301655 0.166653171926737 0.0238028144929558 0.037158610066399 0.0249398350249976 0.0806716587394476 0.0404478562995791 0.0147928105201572 0.026931824721396 0.0504230888560414 0.14271154999733
0.0273061014711857 0.0073562688421589 0.0850691325962543 0.035839475877583 0.113915497809649 0.075877034664154 -9999 -9999 -9999 -9999 -9999 -9999 -9999 -9999 -9999 -9999 -9999 -9999 -9999 -9999 -9999 -9999 -9999 -9999 -9999 -9999 -9999 -9999 -9999 -9999 -9999 0.0514075621962547 0.100918098539114 0.030830030143261 0.0346320038661361 0.222397078573704 0.0408899880945683 0.127001889050007 0.0697010181844235 0.218116010725498 0.101328036189079 0.0503071455284953 0.0259660770185292 0.0184758792165667 0.0470184054225683 0.0521952703595161 0.0891956113278866
0.0139202118385583 0.0809591524302959 0.080408351495862 0.117353608459234 0.100168099999428 0.0649299588054419 -9999 -9999 -9999 -9999 -9999 -9999 -9999 -9999 -9999 -9999 -9999 -9999 -9999 -9999 -9999 -9999 -9999 -9999 -9999 -9999 -9999 -9999 -9999 -9999 -9999 0.121665309369564 0.0403206052258611 0.0449258420616388 0.0221375722438097 0.111293963342905 0.0404684888198972 0.0165408896747977 0.0638109423220158 0.114521319419146 0.066772455885075 0.0108357048574817 0.124626902490854 0.0569191478192806 0.160730974376202 0.166976100951433 0.019447784870863
0.00251725069653048 0.015996985277161 0.0141401578206569 0.0187025058083236 0.0232478033751249 -9999 -9999 -9999 -9999 -9999 -9999 -9999 -9999 -9999 -9999 -9999 -9999 -9999 -9999 -9999 -9999 -9999 -9999 -9999 -9999 -9999 -9999 -9999 -9999 -9999 -9999 -9999 0.24888134598732 0.0890916511416435 0.0414973499253392 0.0909530837088823 0.0632263973355293 0.0647612553089857 0.040419988706708 0.214418540894985 0.26181920170784 0.112446177750826 0.195984220504761 0.084821880236268 0.187290194723755 0.0566190959420055 0.0497956525650807
0.16268845051527 0.039602249674499 0.0220276726409793 0.010100588365458 0.0307820493355393 -9999 -9999 -9999 -9999 -9999 -9999 -9999 -9999 -9999 -9999 -9999 -9999 -9999 -9999 -9999 -9999 -9999 -9999 -9999 -9999 -9999 -9999 -9999 -9999 -9999 -9999 0.128305721282959 0.233672786131501 0.0884095590561628 0.122114512324333 0.0624066602438688 0.0846550084650517 0.129272401332855 0.10960134267807 0.0322223635390401 0.0493517466355115 0.247333423793316 0.0367897106974851 0.00836602852141368 0.0874690429918701 0.161473272927105 0.000815425522590818
0.0755159355700016 0.0768959000706673 0.13542223572731 0.0394036910380237 0.0196876435540617 -9999 -9999 -9999 -9999 -9999 -9999 -9999 -9999 -9999 -9999 -9999 -9999 -9999 -9999 -9999 -9999 -9999 -9999 -9999 -9999 -9999 -9999 -9999 -9999 -9999 -9999 0.074882173538208 0.11757178157568 0.129628098011017 0.166825717687607 0.127724829316139 0.095028492808342 0.0880121283233166 0.13784050270915 0.160594446957111 0.108871132135391 0.118123579025269 0.0701045863330364 0.0071965491872561 0.0189366290258477 0.0976439270889387 0.095668613165617
0.0132721839472651 0.0101462377235293 0.0239919097162783 0.0135426238179207 0.015935843391344 -9999 -9999 -9999 -9999 -9999 -9999 -9999 -9999 -9999 -9999 -9999 -9999 -9999 -9999 -9999 -9999 -9999 -9999 -9999 -9999 -9999 -9999 -9999 -9999 -9999 0.126514339447021 0.00986506692715921 0.0413896415382624 0.122064710408449 0.127619704604149 0.13442794084549 0.0837517455220222 0.119433771818876 0.115821458399296 0.0744919650256634 0.0917664788663387 0.0503944057971239 0.112495795637369 0.135696566104889 0.118463235348463 0.161647289991379 0.0578871144214645
0.0106755055021495 0.0251596052199602 0.0495334656909108 0.0116609213873744 0.0463756702840328 -9999 -9999 -9999 -9999 -9999 -9999 -9999 -9999 -9999 -9999 -9999 -9999 -9999 -9999 -9999 -9999 -9999 -9999 -9999 -9999 -9999 -9999 -9999 -9999 -9999 0.0290592527016997 0.0772155828773975 0.142898765951395 0.0168002469465137 0.0358773730695248 0.081859926879406 0.147498930990696 0.0885276101529598 0.123043734207749 0.332036630809307 0.211884933710098 0.149125920236111 0.0532009866088629 0.113561259955168 0.0861774571239948 0.0730903133749962 0.0307474793866277
0.00941970064304769 0.0377293359488249 0.0128031680360436 0.0218092037364841 0.0153039562079357 0.0436112998053432 -9999 -9999 -9999 -9999 -9999 -9999 -9999 -9999 -9999 -9999 -9999 -9999 -9999 -9999 -9999 -9999 -9999 -9999 -9999 -9999 -9999 -9999 -9999 -9999 0.0497890964150429 0.0377891493961215 0.0304317999631166 0.0482719166204333 0.0267173446714878 0.0123864158987999 0.0137094863690436 0.0450633054599166 0.0770106652751565 0.254616960883141 0.0694164492189884 0.133674043416977 0.086263857036829 0.618515223264694 0.150261110812426 0.0542830613907427 0.0145886604761472
0.0380562957376242 0.0980567649006844 0.168266732990742 0.0565434664487839 0.024021224072203 0.0327677823603153 0.0745388071984053 0.0588820911943913 -9999 0.145719166100025 -9999 -9999 -9999 -9999 -9999 -9999 -9999 -9999 -9999 -9999 -9999 -9999 -9999 -9999 -9999 -9999 -9999 -9999 -9999 -9999 0.0185360276140273 0.000360260815864955 0.0352540930733085 0.00671769001528446 0.0470725819468498 0.0201952839270234 0.0345216556452215 0.0217908280901611 0.0381193106994033 0.114081693440676 0.106584524363279 0.0162212385475868 0.0253711780358572 0.0915665216743946 0.0320497622713447 0.0677892558276653 0.0352022597566247
