Maxent_result_files_1/Bombus_hyperboreus_3.asc
NCOLS 594 
NROWS 330 
XLLCORNER -15 
YLLCORNER 23 
CELLSIZE 0.166666666666667 
NODATA_value -9999 
[rows 220 to 239 of 330, columns 396 to 439 of 594]
-9999 -9999 -9999 -9999 -9999 -9999 -9999 -9999 -9999 -9999 -9999 -9999 -9999 -9999 -9999 -9999 -9999 -9999 -9999 -9999 -9999 1.63284994414425e-09 8.67026450634967e-12 1.92930116327261e-12 1.061323418039e-09 1.13490261632876e-10 1.36906042058627e-12 4.89608353859694e-15 2.22710738739806e-14 7.73886510430088e-12 2.6523228058295e-14 1.60760293965723e-14 5.79536418854332e-15 6.50590692430342e-15 4.87387907810444e-15 3.50830475781549e-15 2.78665979180914e-15 5.97299987248334e-15 9.81204006933467e-13 1.93178806284777e-15 4.03677091753707e-14 4.09894340691608e-14 6.14142070531898e-13 7.86815057551848e-13
-9999 -9999 -9999 -9999 -9999 -9999 -9999 -9999 -9999 -9999 -9999 -9999 -9999 -9999 -9999 -9999 -9999 -9999 -9999 -9999 -9999 -9999 6.04214611676923e-10 3.87583964922555e-11 9.94686555344515e-12 5.78629366643213e-12 2.27427954246906e-10 5.87838111520966e-11 1.78371428738444e-11 6.07225725257621e-10 1.4022938366054e-11 3.73034936274053e-15 3.56381590904675e-15 3.68594044175552e-15 4.50750547997814e-15 3.23074900165921e-15 2.64233079860787e-15 2.33146835171283e-15 3.6107783429884e-13 3.71480624039577e-14 1.0502709812954e-14 2.44471110022459e-14 2.90079071874061e-13 2.48323583917909e-13
-9999 -9999 -9999 -9999 -9999 -9999 -9999 -9999 -9999 -9999 -9999 -9999 -9999 -9999 -9999 -9999 -9999 -9999 -9999 -9999 -9999 -9999 3.68845332054946e-10 4.38122871315727e-12 1.46025413982898e-12 3.85058651630743e-13 1.04770636610851e-12 2.76406675325802e-12 2.64369637292816e-12 3.08721936903567e-12 2.84673395967161e-12 1.1228351581849e-12 8.70081784398735e-13 4.00302013758846e-13 3.25295346215171e-15 7.15982828580763e-14 2.66453525910038e-15 2.42028619368284e-15 2.21000995281884e-13 2.68562949656825e-14 5.68068925232978e-12 1.19682042054592e-13 7.72160113626796e-14 1.21905818772916e-12
-9999 -9999 -9999 -9999 -9999 -9999 -9999 -9999 -9999 -9999 -9999 1.12748642644434e-09 1.72160188438575e-08 1.55952974312257e-08 1.08940115817191e-08 1.34034868759514e-09 -9999 -9999 -9999 -9999 3.04077586443796e-09 4.98046826002962e-11 1.87760917924606e-13 5.96189764223709e-15 1.1968648294669e-12 4.80948614267618e-14 7.28495042068289e-13 4.76285677564192e-14 1.43079992298567e-12 1.63191682389652e-13 4.95536944811192e-13 9.08229047524856e-12 1.93757232480607e-12 1.46438416948058e-14 2.18713935851156e-15 7.45914441324658e-13 3.3637537200093e-13 5.79536418854332e-15 1.99840144432528e-15 1.11843867500738e-13 2.14819273480771e-12 4.22994972382185e-14 7.86704035249386e-14 3.03090885722668e-14
-9999 -9999 -9999 -9999 -9999 -9999 -9999 -9999 -9999 -9999 -9999 7.80195661409522e-09 3.40734043868807e-08 7.67840946380716e-10 1.98552285723963e-12 1.82785009350539e-11 3.37413996742697e-10 2.51392306971354e-10 1.8575074811622e-11 5.36543476314932e-11 1.58791202409247e-11 5.33655342138673e-12 3.5447200730232e-13 7.30981941643449e-13 1.14641629522794e-12 2.40996111955383e-13 1.09318110119716e-12 2.0335955142059e-13 1.3988810110277e-13 1.09643405465931e-12 1.38655753545436e-12 5.64750468612374e-12 4.97417662614907e-12 5.23540100161313e-12 2.46236364631613e-13 6.16506845574349e-14 4.92760998671571e-10 1.85556014997701e-12 4.36650715585074e-14 1.90958360235527e-15 4.14002165882721e-14 3.10529379987656e-14 2.03947969623641e-14 2.3347990207867e-14
-9999 -9999 -9999 -9999 -9999 -9999 -9999 -9999 -9999 -9999 3.61786439695422e-09 3.54107416833394e-08 1.60611043353853e-09 1.00522556945037e-10 8.33072499872856e-12 1.59709589997448e-09 3.93287911126805e-09 1.51837227235774e-09 2.75129363735971e-11 5.19847498381409e-12 1.02409192237474e-12 4.9782400424192e-14 1.52877710490884e-14 1.81832326973108e-13 9.76541070230041e-13 2.33965069540432e-12 2.05702122002549e-13 1.89448456922037e-13 1.38900002610853e-13 1.2090328738168e-14 8.04933897313731e-13 6.53554987906091e-13 8.71861471907209e-12 1.32612800740617e-09 1.05211247491965e-09 7.52620188393394e-14 8.39095459781447e-12 5.61106716645554e-14 4.86832796298131e-14 4.10671496808845e-14 4.36761737887537e-14 5.68767255515468e-14 2.76001443921814e-14 3.72812891669128e-14
-9999 -9999 -9999 -9999 -9999 -9999 -9999 -9999 -9999 -9999 1.19633921102924e-08 7.05752954965888e-09 1.51374912604751e-11 3.32926050283788e-08 3.47147710577644e-10 1.4440471041155e-11 2.24873564214079e-11 1.48721035486687e-12 2.23383533892729e-11 2.98481040994503e-09 2.77821687877378e-10 3.09972714163109e-11 1.00937036506821e-12 8.35553848332893e-14 4.16333634234434e-15 4.89608353859694e-15 1.50601753290402e-13 5.49971179708564e-12 1.40167544238068e-11 4.66182648040103e-14 1.21458398893992e-14 2.53780330083941e-12 1.26029507940828e-09 1.82750775623575e-09 4.99936213538277e-09 1.60863544707013e-11 4.69957406323829e-13 1.62403424042168e-13 4.76285677564192e-14 5.01931829433033e-14 4.39426273146637e-14 3.63042929052426e-15 1.14352971536391e-15 2.32813768263895e-14
-9999 -9999 -9999 -9999 -9999 -9999 -9999 -9999 -9999 -9999 -9999 2.28743565422462e-08 1.19708898349558e-10 1.99087935026654e-10 1.70388236853114e-10 3.59269280991725e-12 1.79876114003719e-12 3.54904994281924e-13 2.77229350587049e-12 2.02119432302084e-12 4.93316498761942e-13 8.15473577553405e-11 7.4697403817936e-11 6.48178399842436e-11 7.21603887754441e-12 8.50541859165332e-14 1.88293824976427e-14 2.17048601314218e-14 1.47759582347362e-13 1.02473585172902e-14 1.64949165437633e-12 2.13189133013714e-11 3.46474360313209e-10 2.57597276842603e-12 6.41370956344645e-11 8.7328124731556e-10 2.24402385562428e-11 2.11197725974444e-13 7.44293515708705e-14 4.24882351524047e-14 1.69864122767649e-15 1.38777878078145e-15 7.30526750203353e-15 9.65894031423886e-16
-9999 -9999 -9999 -9999 -9999 -9999 -9999 -9999 -9999 -9999 -9999 -9999 -9999 -9999 -9999 2.48034148775389e-11 7.78266340262235e-15 1.45339296153679e-13 1.6178947070955e-12 5.15540166112771e-11 4.99579821955365e-11 7.61968266260737e-12 5.3410609268667e-13 2.34742225657669e-12 2.92821322744885e-13 3.10641512513143e-12 1.70992220382971e-11 1.99085192775783e-13 2.95097279945367e-14 3.23074900165921e-15 2.8421709430404e-15 8.52873327517045e-14 1.66910929522146e-13 1.075816102869e-11 1.99661465138945e-10 2.75117206793851e-10 2.29878449609089e-11 9.78772618509538e-14 7.66053886991358e-14 5.00710584105946e-14 4.40647518473725e-14 4.09894340691608e-14 1.45439216225896e-15 1.25455201782643e-15
-9999 -9999 -9999 -9999 -9999 -9999 -9999 -9999 -9999 -9999 -9999 -9999 -9999 -9999 -9999 4.82784923150348e-12 3.84137166520304e-15 2.60902410786912e-15 2.96429547574917e-15 1.15627507568661e-12 1.16185927878654e-08 6.34487920425641e-08 1.11904967514675e-09 2.45877207483147e-11 6.03728178560914e-13 1.18971499318832e-13 1.42702516470194e-12 7.27828908253514e-13 2.54025245283174e-11 3.45792394718103e-11 6.91597668023292e-11 6.16652728879785e-11 4.42436531855606e-11 7.92949150785205e-11 3.50041440277948e-11 3.07968883728194e-10 1.76717895872258e-10 2.99482660892636e-13 4.1089354141377e-14 4.39648317751562e-15 4.04121180963557e-14 3.91131571575443e-14 1.4210854715202e-15 1.26565424807268e-15
-9999 -9999 -9999 -9999 -9999 -9999 -9999 -9999 -9999 -9999 -9999 -9999 -9999 -9999 -9999 4.98080465760609e-11 1.71007652483013e-13 3.60822483003176e-15 3.574918139293e-15 1.62236890588474e-13 3.64612384062823e-08 2.23103880503395e-07 1.45931534745181e-08 3.32643368405883e-10 2.85936829769184e-12 4.05231403988182e-15 4.50095516413285e-13 5.40523181769004e-13 6.55775433955341e-13 3.13372661153721e-12 5.41300337886241e-13 1.35995659178434e-12 1.2087670864247e-10 3.85185883189365e-11 1.01903707694362e-11 4.03367339529836e-12 4.17865742008416e-13 7.77933273354847e-14 3.09086090055644e-14 7.03104241495112e-14 9.6034291630076e-15 2.08610906327067e-14 1.33226762955019e-15 1.25455201782643e-15
-9999 -9999 -9999 -9999 -9999 -9999 -9999 -9999 -9999 -9999 -9999 -9999 -9999 1.6661172441701e-11 6.98407998100947e-13 2.03836947321179e-14 3.86357612569554e-15 3.574918139293e-15 6.43929354282591e-15 1.1420864254319e-13 3.3957281431185e-13 1.14508402759839e-13 4.0822900615467e-14 1.56152868413528e-13 4.67126337611035e-13 1.14019904629004e-14 9.75108882528275e-14 2.93288726638252e-12 4.17805789965087e-12 9.10586051006135e-12 8.28548341047508e-13 6.64024391028306e-14 6.16140471976223e-13 7.04883929003586e-12 4.8123138807199e-11 3.1990632365364e-12 6.20641316118054e-12 6.15541395632135e-11 8.79311068402444e-12 2.1365920144234e-11 1.14199427692085e-11 4.68040939338721e-11 4.57966997657877e-14 1.31006316905768e-15
-9999 -9999 -9999 -9999 -9999 -9999 -9999 -9999 -9999 -9999 -9999 -9999 -9999 -9999 -9999 3.35714345212068e-11 7.63278329429795e-14 3.574918139293e-15 4.59632332194815e-15 4.72955008490317e-15 4.6074255521944e-15 4.72955008490317e-15 1.21491705584731e-13 4.91864327045732e-12 1.85695903098804e-13 1.72695191480443e-13 1.36582856136158e-11 3.91115306808132e-10 2.89546164822241e-13 7.05646652221503e-13 2.37632136190769e-12 1.25341181878014e-11 1.66177993587979e-10 6.83200829243447e-11 2.16094808713763e-11 2.95594437815794e-11 2.2954533829278e-10 1.95081040210709e-10 1.97915017707828e-11 2.78985279322796e-11 1.2277479033429e-10 2.01503147501114e-11 8.1690210151919e-14 9.11737352282671e-13
-9999 -9999 -9999 -9999 -9999 -9999 -9999 -9999 -9999 -9999 -9999 -9999 -9999 -9999 -9999 -9999 3.50696027773267e-11 8.88178419700125e-14 4.74065231514942e-15 4.70734562441066e-15 4.70734562441066e-15 7.04991620636974e-15 9.43689570931383e-15 9.42579347906758e-15 2.90782953271673e-12 2.28264962487401e-11 3.36904948383676e-12 4.0534131606762e-12 5.53169965389344e-10 8.28895063698099e-11 4.32198721256327e-13 7.98028310100562e-14 4.57360815886432e-12 1.57166654135565e-09 1.59292049550785e-09 1.4890719879368e-09 1.43164022858855e-09 1.39474517490967e-09 4.22046475545557e-10 1.04501296505077e-09 6.02317651310358e-10 7.56550266878264e-11 3.08164604945205e-12 1.60331747878217e-12
-9999 -9999 -9999 -9999 -9999 -9999 -9999 -9999 -9999 -9999 -9999 -9999 -9999 -9999 -9999 -9999 -9999 -9999 8.4821039081362e-15 5.73985303731206e-15 7.23865412055602e-15 1.22346577313692e-14 1.58539847916472e-14 1.29896093881143e-14 1.31450406115619e-13 6.57451870722525e-13 2.94955337931668e-10 1.04327374850222e-08 1.65785185579637e-09 1.68388124555108e-09 9.58169174003487e-09 6.50307006022643e-09 1.40923963609652e-09 2.60038578447919e-09 5.42147993165543e-10 1.27093948698587e-09 1.04445706528011e-09 1.75508541033764e-10 4.94927698824199e-10 9.83903858386981e-10 8.4783396969712e-10 6.36235508721938e-13 1.27009514017118e-14 1.37667655053519e-15
-9999 -9999 -9999 -9999 -9999 -9999 -9999 -9999 -9999 -9999 -9999 -9999 -9999 -9999 -9999 -9999 -9999 1.79013470713585e-11 6.33937347060964e-15 6.10622663543836e-15 7.48290318597356e-15 1.37445610448594e-14 1.69531055860261e-14 1.97508676080815e-14 2.9831692671678e-14 1.74986913847874e-11 2.71860427614179e-08 5.73043801854745e-08 1.48645581998785e-07 1.83594340841253e-09 7.46576123145104e-10 1.9354209324085e-08 6.23887702833059e-08 2.2930151388767e-08 9.87426207466058e-10 3.92024779305444e-10 8.84029049963431e-10 1.4117614521858e-09 1.10293686406138e-09 1.2953660366577e-11 7.67941266133221e-14 4.89053242347381e-14 2.44249065417534e-15 1.67643676718399e-15
-9999 -9999 -9999 -9999 -9999 -9999 -9999 -9999 -9999 -9999 -9999 -9999 -9999 -9999 -9999 -9999 -9999 2.40252262528884e-14 6.99440505513849e-15 8.47100167788994e-15 1.41553435639707e-14 1.89515070303514e-14 2.06945571790129e-14 2.61124455391837e-14 1.46168632753074e-12 3.56473600637841e-09 3.00395367147654e-07 2.57913506751528e-07 1.89390168059411e-07 2.02918815273012e-07 1.88487000130078e-07 3.06238772918022e-07 6.10596996686308e-07 1.11788625991593e-06 1.7571338236877e-06 2.69013016074293e-07 1.79149521772892e-08 3.44003908692159e-09 1.16853466902711e-09 2.007875488097e-09 4.38121428025795e-11 4.04187794345034e-13 2.44302023055809e-11 7.60169704960845e-14
-9999 -9999 -9999 -9999 -9999 -9999 -9999 -9999 -9999 -9999 -9999 -9999 -9999 -9999 -9999 -9999 -9999 3.64130947616559e-13 9.75886038645513e-15 7.90478793533111e-15 1.35558231306732e-14 1.93844940099552e-14 2.09943173956617e-14 1.79412040779425e-14 4.17357259863138e-12 1.38082150491492e-08 1.97221829645322e-08 2.6579215262057e-08 1.68685090307097e-07 8.96319352183816e-08 4.03285374606099e-07 6.42184461940865e-07 1.98450552879592e-07 2.22483214884495e-07 2.61994211321337e-06 9.59299547318437e-06 2.30646494721043e-06 3.89233537323452e-07 9.26481930063616e-09 5.33176679473613e-09 1.2199570242899e-09 2.52241916243179e-10 3.85070197950199e-11 3.14392289979537e-11
-9999 -9999 -9999 -9999 -9999 -9999 -9999 -9999 -9999 -9999 -9999 -9999 -9999 -9999 -9999 -9999 -9999 8.93174423310938e-13 1.16795462190566e-14 1.71307412699662e-14 2.00728322852228e-14 2.36921593455008e-14 7.82707232360735e-14 1.82653892011331e-13 1.26791244170477e-11 9.15551163771511e-09 7.66225616288807e-09 8.2045045424195e-09 1.39333972470901e-08 3.66953762487299e-08 1.82739951237743e-07 1.96453808709585e-07 4.61470823909238e-07 1.99438733536894e-06 2.00245004440269e-06 3.8430155355762e-06 9.60805582579383e-06 1.33970337358846e-05 7.12665220925501e-07 1.92723592085109e-08 6.42709777620709e-09 9.11211190945949e-09 4.01974455943588e-09 1.07756455980379e-09
-9999 -9999 -9999 -9999 -9999 -9999 -9999 -9999 -9999 -9999 -9999 -9999 -9999 -9999 -9999 -9999 -9999 2.02837746599016e-13 2.21489493412719e-14 2.31370478331883e-14 2.55129251058861e-14 2.8377300509419e-14 6.92434998228464e-13 2.47488696203391e-12 1.29358056488726e-09 6.05108734230697e-09 8.32483392221306e-09 1.71153906047827e-08 8.2525558831037e-09 6.61719706585018e-08 7.02353994852523e-08 2.24706260743002e-07 3.42107125150815e-07 2.03120045938476e-06 4.95808990330637e-07 4.74665543155339e-06 1.56000379742949e-06 1.45924576244738e-05 2.56457925651432e-06 7.49066141891852e-08 2.5911540867396e-07 1.64013798209517e-08 8.07075517528233e-09 4.33309751413091e-09
