Maxent_result_files_1/Bombus_pratorum_2.asc
NCOLS 594 
NROWS 330 
XLLCORNER -15 
YLLCORNER 23 
CELLSIZE 0.166666666666667 
NODATA_value -9999 
[rows 300 to 319 of 330, columns 46 to 91 of 594]
1.22790864054423e-06 1.14552244383503e-06 1.11543744196752e-06 9.92449469094936e-07 9.16296285424778e-07 8.87054095244366e-07 8.68913724616505e-07 7.6631186374243e-07 7.02896757331928e-07 7.0606958075814e-07 6.98920750608067e-07 7.09326391756804e-07 6.79204572406888e-07 5.98678840901812e-07 5.40536669291214e-07 5.15819444046883e-07 5.47059590871868e-07 5.11168470040957e-07 4.5722305515028e-07 4.75840570857144e-07 4.56537035375959e-07 3.82881852090122e-07 3.51512300511558e-07 3.32901274191499e-07 2.93177216548202e-07 2.84493871305358e-07 2.70691393922107e-07 2.68786238422081e-07 2.63760059837637e-07 2.57588745355974e-07 3.21119684087989e-07 3.81987277364715e-07 4.44284192724353e-07 4.48877382552837e-07 4.47553293270175e-07 4.40906013920994e-07 4.26541955533821e-07 5.07786020165213e-07 5.76427397902535e-07 5.61904597873308e-07 6.52591420191584e-07 6.57293080053023e-07 1.68571446579335e-06 7.30176695640239e-07 7.23910078193057e-07 1.0358958576262e-06
1.31813391703872e-06 1.2134968301325e-06 1.22519367096174e-06 1.04152203306285e-06 9.56527104278848e-07 9.70216125040224e-07 8.25215654742806e-07 7.33593016377654e-07 7.50171604124716e-07 7.4995299002012e-07 6.90084112875411e-07 7.871665658854e-07 7.17652640958022e-07 6.11170662523364e-07 6.18317616840614e-07 5.92676508404111e-07 5.62110012936046e-07 5.08134321819398e-07 4.85373358571906e-07 4.51067099760394e-07 4.27469577601869e-07 4.01890367385249e-07 3.13218905745316e-07 2.68589407781405e-07 2.61982609828237e-07 2.67704807654923e-07 2.64065375787936e-07 2.61103386733907e-07 2.66511006330461e-07 3.18943489929779e-07 3.95826528176713e-07 4.02472465310666e-07 4.32128793192987e-07 4.48519764972843e-07 4.48941153763371e-07 4.36717415652765e-07 4.47137554004939e-07 4.42703542091749e-07 5.60310125763408e-07 4.63047837939712e-07 5.0206984596457e-07 4.6238453066394e-07 5.06387107890305e-07 6.85952483081564e-07 6.99970044593101e-07 7.4294381420259e-07
1.36486894746213e-06 1.34597668761671e-06 1.10563441069189e-06 1.065431627012e-06 1.0010010967676e-06 7.61327193288253e-07 7.6468065373092e-07 8.21918179383374e-07 7.54614070785919e-07 7.17169471897705e-07 7.80868211336383e-07 7.52262951664306e-07 6.01698013724672e-07 5.28914505082412e-07 5.40284651151524e-07 4.95852705029165e-07 4.41619367563817e-07 4.15029594336147e-07 4.14749748500753e-07 4.24898505713145e-07 3.99342098234001e-07 3.73334123793256e-07 3.75885290537781e-07 2.94311156068261e-07 2.59291120130456e-07 2.63645232223553e-07 2.71060685363977e-07 2.59619890741192e-07 3.11278098052981e-07 3.6055586178918e-07 3.90208128919767e-07 4.00842349534969e-07 4.24067602722289e-07 4.43337095390461e-07 4.28429734711244e-07 4.45561170892006e-07 4.6283844525874e-07 4.52829844732605e-07 4.3719430919964e-07 3.61926521463829e-07 3.80818558198825e-07 4.72153070774084e-07 4.19390404005071e-07 5.5038194801682e-07 6.5862979852227e-07 6.48232384037328e-07
1.33896786280729e-06 1.19267590434902e-06 9.88481869512725e-07 8.73365343068144e-07 7.15865400024995e-07 6.61833688297975e-07 7.47078405538559e-07 7.74364123401483e-07 6.6760431423063e-07 7.47431225534001e-07 7.08384094139092e-07 5.32285585563841e-07 4.7051854821234e-07 4.69939378433537e-07 4.60013784220337e-07 4.22204725225583e-07 4.07225829945901e-07 3.78761931330018e-07 4.39696943743684e-07 4.74479728040933e-07 4.86665507537509e-07 4.73365491160393e-07 4.0734858046676e-07 3.80915750497479e-07 3.12753861919646e-07 2.60948684527307e-07 3.24062720835627e-07 3.85378891820665e-07 3.83282981886168e-07 3.66105078342116e-07 3.8549911423047e-07 3.92901353762909e-07 4.23271321636776e-07 4.32423309604246e-07 4.36087722022194e-07 4.487162037492e-07 4.46118536245876e-07 4.15948784393549e-07 3.74391095903093e-07 3.57507529002987e-07 2.98904809170608e-07 3.08113449420944e-07 3.71667513832108e-07 4.14556638617114e-07 4.94121778160661e-07 4.82056030648437e-07
9.55376577849165e-07 7.69216113383209e-07 6.80741575820321e-07 7.27926888544062e-07 7.06716788556605e-07 6.80646570572208e-07 7.46358659853286e-07 7.4525688802396e-07 7.49134760269499e-07 7.0001404424147e-07 5.22321812468363e-07 5.08246371566656e-07 5.46227651909703e-07 4.65785631575955e-07 4.32953849127671e-07 5.02028229476537e-07 4.66611621163793e-07 4.74062857591662e-07 4.84916198217888e-07 5.26738358530565e-07 5.4879299256072e-07 4.99415463650621e-07 4.59920477169362e-07 5.10279839716077e-07 5.02062998464226e-07 3.64073824954403e-07 4.02050262238163e-07 4.00766495545213e-07 3.86612564540201e-07 3.87902591825195e-07 3.90403087635605e-07 3.90424888507823e-07 4.12560213192137e-07 4.23033853280685e-07 4.3167574688141e-07 4.40811524526907e-07 4.39578004574059e-07 3.84258642327495e-07 3.83601823727986e-07 3.48186633658543e-07 2.37053825458133e-07 2.54801453891673e-07 3.03375780674742e-07 3.7810913866565e-07 4.01881628420142e-07 4.10039631049131e-07
8.40133628798867e-07 7.15142540741454e-07 7.26305967191365e-07 7.20374568174975e-07 6.81812379355051e-07 6.58364150751822e-07 7.15908254278474e-07 8.36319311758871e-07 8.16862456076706e-07 6.9456934994605e-07 5.93258965864152e-07 6.31786936367007e-07 6.42702889308566e-07 5.99467028905565e-07 5.52985815716056e-07 5.42668284708725e-07 5.34134026963784e-07 5.37451627735663e-07 6.20894734026933e-07 6.18361204374196e-07 6.21336801032157e-07 6.15173232176858e-07 6.09425893571824e-07 6.65196186844241e-07 6.42910920589657e-07 5.11075701581376e-07 4.13771650897843e-07 3.83562871064669e-07 3.81587370412717e-07 3.87005523094786e-07 3.85827767246383e-07 3.88022237984842e-07 4.05297489436407e-07 4.04533396647366e-07 4.17447509448721e-07 3.98933940459756e-07 3.44124826767711e-07 3.35115760208282e-07 3.26463734268145e-07 3.07734626403544e-07 2.54848985292711e-07 2.3842975949151e-07 2.10076363060807e-07 2.99752342414195e-07 3.99322097166532e-07 4.07229548216037e-07
8.45986133413135e-07 8.0317194459667e-07 8.43517662474369e-07 7.51518697938991e-07 7.23088673737493e-07 8.11863124283718e-07 7.94356435562804e-07 8.98496074341892e-07 8.42523920141503e-07 6.45316330860624e-07 5.85920746232205e-07 7.05958457558609e-07 6.56291732070713e-07 5.98556452757748e-07 5.5906549221163e-07 7.83834349249446e-07 7.27625838692347e-07 9.14402723140029e-07 7.14979422866691e-07 7.85735892350203e-07 7.75538777020301e-07 7.24685600062003e-07 6.88224295686268e-07 6.68456436869747e-07 6.39445013916884e-07 5.34546771291389e-07 4.64264370947376e-07 3.94716829532626e-07 3.9110315697144e-07 3.69809922773356e-07 3.59422225670869e-07 3.54435120186736e-07 3.61786925395791e-07 3.41696906502875e-07 3.87828995940254e-07 3.73312406765081e-07 3.16172818060068e-07 2.83468573769596e-07 3.20702708478393e-07 3.03870989881716e-07 2.62313849930251e-07 2.78249184759716e-07 2.06290865989445e-07 2.18246133698585e-07 3.4808133051456e-07 3.83755862998214e-07
8.36937419990136e-07 9.39334925931234e-07 8.9064857604626e-07 9.05833809383694e-07 1.00444808879274e-06 9.39780778708155e-07 8.10464928235888e-07 7.08660060411148e-07 5.95764592503656e-07 5.62890636501834e-07 6.23161312773846e-07 6.4133873109995e-07 6.15917977597746e-07 5.73786641666629e-07 5.77094672848943e-07 7.08441467622833e-07 7.75155596954846e-07 7.97425651910544e-07 7.24633564175292e-07 7.23472918195967e-07 7.68730065203727e-07 7.37358165281421e-07 6.94892727892693e-07 6.59864582530645e-07 5.59636897889959e-07 5.49077118705554e-07 5.11395438707041e-07 4.67807941362253e-07 4.14990956443262e-07 3.37411790241049e-07 3.36705370784784e-07 3.41959802341307e-07 3.22385988482665e-07 3.28899025703322e-07 3.30588815700139e-07 3.26743653999984e-07 2.78702298572853e-07 2.77667933090697e-07 3.32586665763301e-07 3.29346593019864e-07 2.86421152395633e-07 2.65119274800441e-07 2.34742472926541e-07 2.05453583035364e-07 3.27423495605217e-07 4.65613011613186e-07
1.06107614783468e-06 1.02167416571319e-06 9.99574454851881e-07 1.10227474579005e-06 1.03700931788353e-06 7.91056075399865e-07 5.76386399586681e-07 5.74051647106444e-07 5.55412172786873e-07 6.81737851948583e-07 6.64784739967672e-07 6.24927909598227e-07 6.08434980620132e-07 5.92876811822407e-07 5.60152120954172e-07 5.50890229078505e-07 5.21785538865061e-07 5.79342780326897e-07 6.69336043301882e-07 7.13943597929756e-07 7.45546152813858e-07 7.07837855884463e-07 6.36223309413708e-07 5.86163416471663e-07 5.29627386924858e-07 5.14028411657819e-07 5.18041977670691e-07 4.54820951745205e-07 3.94012332094462e-07 3.62499196882027e-07 3.45972620152679e-07 3.7370518484181e-07 3.31707010303717e-07 3.33957513731775e-07 3.30965601591515e-07 3.21118213975069e-07 3.20626072181085e-07 3.41425914740512e-07 3.19888205524421e-07 2.87078476191027e-07 2.89319244473063e-07 2.96088968809727e-07 2.7752046776186e-07 2.38126564156005e-07 2.35695222627896e-07 2.87716973446095e-07
9.95307144080471e-07 1.05042410325495e-06 1.01241532490803e-06 1.06637682506516e-06 8.63331271716561e-07 6.13873156396494e-07 5.97605368568566e-07 5.66903032961363e-07 6.49100086036469e-07 7.6207262935668e-07 6.98275249533253e-07 6.9484980258494e-07 6.51583169997139e-07 5.91319560783177e-07 7.09446851487883e-07 6.16081810278501e-07 5.71170137675381e-07 6.2618809408832e-07 6.24995037412646e-07 5.94810374821009e-07 6.64256199911506e-07 6.30547532409764e-07 6.04110873325681e-07 5.82536608817463e-07 5.29302808160992e-07 5.3631401470966e-07 4.95460915317381e-07 4.44875281857549e-07 3.81362822565734e-07 4.0057715082753e-07 4.02430093515704e-07 3.90140326800292e-07 3.67426034841856e-07 4.06504787520134e-07 4.20755756636026e-07 4.22992545168199e-07 4.7473041036028e-07 4.50405930507713e-07 3.94649179469297e-07 3.92405178928357e-07 3.09837525236389e-07 3.03650224964258e-07 3.03631287579265e-07 3.28596850351914e-07 3.40995837433411e-07 3.87396565315612e-07
1.19388116956998e-06 1.08377351466515e-06 1.02154919545683e-06 9.01421934429436e-07 6.30345775221031e-07 5.94790266461587e-07 6.32523969557042e-07 5.95761282795593e-07 7.43156319060745e-07 7.85337746833648e-07 7.61115938985313e-07 6.89949992249694e-07 6.75409629025125e-07 6.4350245594369e-07 6.14621758643352e-07 7.19406787652588e-07 7.50747187794332e-07 7.68159833341997e-07 7.39062043919603e-07 6.21066637052081e-07 6.49981174660752e-07 6.70529234980677e-07 5.75628276067164e-07 5.54808256936212e-07 5.8707406793701e-07 5.95238603295911e-07 5.65769434501817e-07 5.15250732746608e-07 4.9643455568571e-07 5.39501944274434e-07 4.38509658806652e-07 4.73162916136971e-07 4.93890685504539e-07 4.89022601612987e-07 5.13397951351635e-07 5.13252381040274e-07 5.19613685412423e-07 5.05689860119674e-07 4.87398342841061e-07 4.30040174137503e-07 4.02763522799887e-07 4.08264356366317e-07 3.62989568003513e-07 3.72356593913992e-07 4.01757310442008e-07 4.86672880839478e-07
1.2863298280763e-06 1.19412182186807e-06 1.01568268178198e-06 8.05294206429608e-07 6.41569798176533e-07 7.15449272092883e-07 6.4522738227879e-07 5.91129742133489e-07 6.4847045280203e-07 7.53081874904637e-07 7.51234449580806e-07 7.57433225828663e-07 7.03987196004618e-07 7.75639607297762e-07 7.43702607053365e-07 7.24983034672277e-07 7.29263317111872e-07 7.74366249345348e-07 7.69744713124965e-07 6.76251057996069e-07 7.00638949524546e-07 6.75621971879536e-07 6.69946031450763e-07 6.3616437842029e-07 5.93338504017993e-07 5.16825033969326e-07 5.37038459924588e-07 5.11317736595629e-07 5.14063766843265e-07 5.24249004740796e-07 5.12278059261462e-07 5.16549258122723e-07 5.06923383625235e-07 4.93849975669036e-07 5.00123520907891e-07 5.03526104012053e-07 5.09979078344713e-07 5.19142845689657e-07 5.33075292707963e-07 5.2593856025851e-07 5.37872008976592e-07 5.21941866793441e-07 5.33032914518117e-07 5.25450367661051e-07 6.79795073210698e-07 6.85780733533647e-07
1.19111904552938e-06 1.0911401489011e-06 8.94232228176861e-07 6.72326709150184e-07 6.46654565628069e-07 7.01219853738166e-07 6.02422844053763e-07 5.55829740278568e-07 5.80049037068875e-07 6.19680010061074e-07 6.19952238878341e-07 6.79932807656769e-07 7.09050850389303e-07 7.44779441674837e-07 7.64167523925607e-07 7.81228018809088e-07 7.46786746219641e-07 7.30374542001755e-07 5.91165482433098e-07 5.88544085644571e-07 5.49058759702348e-07 5.69166087416306e-07 6.489564043477e-07 5.89617371815621e-07 5.09336072695987e-07 4.94348005020129e-07 4.9255328349318e-07 4.24414016464425e-07 4.42005517697908e-07 4.67925694636051e-07 4.83875665224787e-07 4.89148025906161e-07 4.63636158798408e-07 4.62857180849596e-07 4.85370748748437e-07 4.82997686646058e-07 5.00315876195145e-07 5.19708966351118e-07 5.29916724190116e-07 5.58810013728817e-07 5.66329235596186e-07 6.03605785443051e-07 6.37922190094287e-07 6.62564308129276e-07 7.81786908987669e-07 8.440101126439e-07
9.78785517702363e-07 1.10170425102751e-06 9.09850666630518e-07 7.97570858424024e-07 7.10866653719222e-07 6.82190368195279e-07 6.72447977478896e-07 6.27863387592242e-07 5.61814937327654e-07 5.65260793905509e-07 6.0007308348986e-07 7.00366800288066e-07 7.13871024515811e-07 6.45791034514787e-07 6.11460851018819e-07 6.43725118720795e-07 6.43868635563649e-07 6.15220997701726e-07 5.95811239634259e-07 4.31533154454655e-07 3.54884767972408e-07 3.5398861655267e-07 4.00772351838441e-07 4.00023056101873e-07 4.24003980015186e-07 3.70973299368416e-07 3.65127905155305e-07 3.75459888601881e-07 3.57298852549093e-07 3.62340647086512e-07 3.56237681842231e-07 3.95002680875223e-07 4.14055379849287e-07 4.36627448863192e-07 4.01438450126079e-07 4.28039329136709e-07 4.65032235297258e-07 5.14204893420356e-07 5.40549744698637e-07 5.74483514981239e-07 5.63367323991315e-07 5.90243429599013e-07 6.53896648827867e-07 6.69139211595393e-07 7.38217519824502e-07 8.31225310093942e-07
6.8935724897301e-07 7.82400952914486e-07 7.84470748271815e-07 7.36717450422475e-07 6.67458982661628e-07 7.1820428644287e-07 6.75534130323285e-07 5.96416577991477e-07 5.74704559141992e-07 5.69213074186337e-07 5.56500407355998e-07 6.9817301096009e-07 6.65957180956411e-07 7.1728384796188e-07 5.84866043595866e-07 5.88297393733228e-07 6.09312895960556e-07 5.75088655807576e-07 5.66905006849083e-07 4.20137200052295e-07 2.98759836425688e-07 2.91545396180481e-07 2.74798903632245e-07 3.06197831889676e-07 3.44970852950155e-07 3.42479842174725e-07 3.31348930160402e-07 3.58416569667952e-07 3.19116593772151e-07 3.38349327222431e-07 3.39442657093514e-07 3.3984966449907e-07 3.41229220879313e-07 3.60463383941578e-07 3.60195627280291e-07 3.78837145120769e-07 4.01598856569763e-07 5.14237454751765e-07 5.75296309079931e-07 5.7385926339748e-07 5.65214944003856e-07 6.40010107133548e-07 6.49858351664534e-07 6.52439409520866e-07 6.93313036492782e-07 7.92909187907753e-07
6.21496505459618e-07 7.48449726017952e-07 7.33643850026056e-07 6.82899080572952e-07 6.57124301994827e-07 6.77664968407043e-07 6.77583609842714e-07 6.57431668571462e-07 6.20609080215218e-07 5.81311886094227e-07 6.08132765478331e-07 6.14102351903512e-07 5.6618036552436e-07 5.91234274338603e-07 5.41670627285384e-07 3.55193438394963e-07 4.62715509286227e-07 4.8270342745127e-07 3.58164056990518e-07 3.51891607408561e-07 3.1511596247924e-07 2.97462046461305e-07 2.83705234949139e-07 2.75768687885147e-07 2.70075479136267e-07 2.82694625042268e-07 3.28868242149838e-07 3.36097031805593e-07 3.33867134827415e-07 3.31458371505278e-07 3.31242340223525e-07 3.31040451584386e-07 3.2712986026695e-07 3.47759732477471e-07 3.6309966162662e-07 3.67124692957077e-07 3.86042751898685e-07 4.78669713288582e-07 5.16890554536076e-07 5.31759162925027e-07 5.3701544118212e-07 6.0601108202718e-07 5.98120563211069e-07 5.89510808879368e-07 6.16732954483723e-07 7.83896744849244e-07
6.32828536595298e-07 7.13321939826983e-07 7.01066510089277e-07 6.45485721406658e-07 6.31723808908191e-07 6.24830074968941e-07 7.45627782805514e-07 6.64145991891019e-07 6.27651827755926e-07 6.30209005691995e-07 5.61520967323759e-07 5.44476314701114e-07 4.38351698761608e-07 3.99847730392366e-07 3.37820823403945e-07 2.63898051855449e-07 3.55046589106678e-07 3.31132001463175e-07 2.81635625043464e-07 3.04596784417299e-07 3.03101205645362e-07 2.80208687541972e-07 2.60678399399694e-07 2.68225110033882e-07 2.7557516304455e-07 2.78471806325342e-07 3.08655143044234e-07 3.13403617013819e-07 3.25559269498399e-07 3.30149451599482e-07 3.34088402098587e-07 3.32273587133614e-07 3.16481958151371e-07 3.07335871951864e-07 3.24826889652741e-07 3.64034253408363e-07 4.21405049166879e-07 4.28929772056108e-07 5.18665699189569e-07 5.18562325169114e-07 5.15515816346124e-07 5.82076494026751e-07 6.57286626903897e-07 6.88645592106241e-07 7.42382043483758e-07 9.99702109538703e-07
5.48236521069612e-07 6.71909879201849e-07 6.69669249475646e-07 6.51837757459361e-07 5.97031906579559e-07 6.08463275852955e-07 7.23531952928624e-07 6.53814763040827e-07 6.27135815989277e-07 5.90387764987099e-07 4.7961227735982e-07 4.62954947977323e-07 3.95002795983146e-07 3.02715042010959e-07 3.25892823838103e-07 2.81188603423743e-07 2.58169607292302e-07 2.46780420454229e-07 2.76443992675013e-07 2.76949079136557e-07 2.7322834057486e-07 2.86273956362493e-07 2.80435980215543e-07 2.73881618539917e-07 2.8606026774014e-07 2.96263436183608e-07 3.02906985183426e-07 3.30311471685718e-07 3.59227971813425e-07 4.15848203516589e-07 4.2462105938057e-07 3.91885171069362e-07 3.72874284693125e-07 3.89683070523006e-07 4.01263607585633e-07 3.88776412307834e-07 4.68970666389623e-07 5.0803012356937e-07 5.9992664063202e-07 6.12723776782786e-07 6.15355450861443e-07 6.62904972159595e-07 7.59833125130171e-07 7.70422863638487e-07 8.47105447121521e-07 1.14718402528524e-06
4.91603982055722e-07 6.09202697887667e-07 6.72756770825345e-07 6.02463491361505e-07 5.42480648846322e-07 6.08269881752221e-07 6.45710130697807e-07 6.38288231868955e-07 5.92051912917668e-07 4.46110843910219e-07 3.85513595091425e-07 3.799264305826e-07 4.1032359234805e-07 4.11223170715402e-07 3.13124092343742e-07 2.69136570096862e-07 2.83791669630773e-07 2.86450033826213e-07 2.88621153288204e-07 2.72825637637197e-07 2.53788000748045e-07 2.69929667950919e-07 2.73139004036693e-07 3.04076939272591e-07 3.27131955657478e-07 3.68883581813861e-07 3.92889713651812e-07 4.07076832686926e-07 4.29121309508673e-07 4.49307892580464e-07 4.51457946581968e-07 4.34699904161562e-07 3.902479065232e-07 4.25786414837148e-07 4.64704753966316e-07 4.35902033046887e-07 4.72716003230289e-07 5.71622229017521e-07 5.74859915047909e-07 5.81931732313024e-07 6.35802769011207e-07 7.47134994583121e-07 7.70003930483654e-07 8.76122739157381e-07 9.10270381382361e-07 9.61124180776096e-07
4.97436513313687e-07 5.24107482391401e-07 7.00508452666782e-07 6.0853470387201e-07 5.177335992812e-07 5.06566553326593e-07 5.20487796507041e-07 6.29974630328434e-07 5.51584071217803e-07 3.78684777757599e-07 2.79193177732395e-07 2.97171585117439e-07 3.57959106622729e-07 3.6096908786476e-07 2.96527553445003e-07 2.96276591171818e-07 3.33058878254633e-07 3.35671403917104e-07 3.14465937378827e-07 3.31923930474431e-07 3.08820040118007e-07 3.32422008852973e-07 3.57437212272771e-07 3.65601096063983e-07 3.75540589914181e-07 4.03826572181742e-07 4.01022268192719e-07 4.33771936059202e-07 4.56124753611675e-07 4.63110270487732e-07 4.51005910662161e-07 4.30411403584685e-07 4.26312708157184e-07 4.62336689110998e-07 4.8312817497731e-07 4.73952854207482e-07 5.31139203019393e-07 5.5427916976214e-07 5.37797920685534e-07 5.39579579594829e-07 4.99305461687527e-07 6.44475683486689e-07 6.9079329705346e-07 7.68476969881249e-07 7.92770802604537e-07 8.14647448521555e-07
