Maxent_result_files_1/Bombus_ruderatus_2.asc
NCOLS 594 
NROWS 330 
XLLCORNER -15 
YLLCORNER 23 
CELLSIZE 0.166666666666667 
NODATA_value -9999 
[rows 160 to 179 of 330, columns 225 to 269 of 594]
4.44977388269763e-14 0.0197300687432289 0.0475318163633347 0.112994126975536 0.121109037101269 0.1174454599619 0.0903863430023193 0.12320067435503 0.133685356378555 0.0583650767803192 0.119114072620869 0.078075360506773 0.0740893423557282 8.28185220598243e-05 0.0663408905267715 0.0605550324544311 0.0381286924704909 0.0230827388353646 0.0109722204506397 0.0465322911739349 0.0599372237920761 0.0507192526012659 0.0670193798840047 0.0480804054066539 0.02139352709055 0.0229837784543633 0.0278372373431921 0.0205409717746079 0.0592064841621095 0.0188250860202515 0.0172111956408945 0.0135151408612728 0.0108596752397716 0.0116236102767289 0.00356579925885312 0.0135744137689471 0.0165676816832274 0.017057029157877 0.0159588159993291 0.0194616847671568 0.0141374772181734 0.0165541843976825 0.0220454541966772 0.0157416439149529 0.0156823493074626
0.0996854305267334 0.119183799624443 0.131074023246765 0.114635771512991 0.10314374268055 0.00244684303179383 0.0498079299926758 0.134316791594028 0.116657208651304 0.123055183887482 0.132753902673747 0.0751746028661728 0.0742704153098704 0.106677633523965 0.0525624834836051 0.0461163341999599 0.0468862377107143 0.0608468456980489 0.0501208394765854 0.0482734575867653 0.0397319007664919 0.0635575100972477 0.0757256348260817 0.0394897469319403 0.0757812887430191 0.0273416981101036 0.0249737314879894 0.00838523842394352 0.04109537900237 0.0157282274216414 0.0193013550721135 0.0160710180178285 0.0276975531131029 0.0266200536862016 0.024644922465086 0.0176808729767799 0.0169546278193593 0.0265648294240237 0.0207467737607658 0.0216583059216192 0.018170273816213 0.0182623473461717 0.0144218957051635 0.0190857121720911 0.020473406277597
0.067517364025116 0.107024419307709 0.136962756514549 0.113020777702332 0.0791393995285037 0.131632432341576 0.122283194959164 0.0892813250422478 0.11515059620142 0.113533335924227 0.00917725563049316 0.0573243513706338 0.0787680633366108 0.0509553276002407 0.0455548770725727 0.0389117505401373 0.0229038536548615 0.0334784999489784 0.0368156678974628 0.0277637600898743 0.015802039951086 0.0197867732508563 0.0619384372606874 0.102654578909278 0.0432650037109852 0.0288262862713825 0.021331568993628 0.0320663090795279 0.030773351341486 0.0255182990074463 0.0301477082073689 0.0373042188584805 0.0272887660190463 0.0198052898049355 0.0187669655308127 0.0351259801536799 4.00742530473508e-05 0.0155601419508457 0.0215084850788116 0.0129544520750642 0.025499994494021 0.0206381995230914 0.0191282512620092 0.0130999889224768 0.0107985258102417
0.0851752750575542 0.0904930666089058 0.104310810565948 0.0867743581533432 0.00296526085585356 0.099167276918899 0.0917769208550467 0.0917420402169228 0.0576496124277373 0.039072634279765 0.033722384275067 0.078107386827469 0.067184279859066 0.0635384999215603 0.0225056272000074 0.0691809177398689 0.000577857415191829 1.94393383026181e-06 0.0374854620546103 0.0395740389823914 0.0444634705781937 0.0519627362489701 0.0453158546239138 0.0167365998029713 0.014154963567853 0.0399573363363743 0.0546669490635396 0.0490942217409611 0.0292442053556442 0.013535438105464 0.0204210815951228 0.0401036094874144 0.024166383780544 0.0261748049408197 0.024588162638247 0.0279469707980752 0.0265822932938171 0.0258825864642859 0.0289962203242125 0.0243353482212754 0.00313276797533035 0.0129821635782719 0.0101797431707382 0.00763146704994142 0.0130437155254185
0.0990222197026014 0.11845958866179 0.0607220083475113 0.0938466645777225 0.138111547380686 0.0843289598822594 0.0935328647494316 0.119393810629845 0.0880174696445465 0.0678522646427155 0.0693235799670219 0.0624099671840668 0.0577632464468479 0.0501337736845016 0.0753593504428864 0.0818820022046566 0.081785349547863 0.0460695106536151 0.029953058064195 0.0360092431306839 0.0594313092529774 0.057074923068285 2.62281164964406e-07 0.047621626406908 0.042425249889493 0.0408798955380917 0.027935841307044 0.0363489732146263 0.0185889920219779 0.0115313778631389 0.00209745708853061 0.0272744555026293 0.0272579923272133 0.0249713914468884 0.0183447487652302 0.0245629966259003 0.0236940156668425 0.0236860796809196 0.0226268669590354 0.0217529509216547 0.0204003239050508 0.0358043819665909 0.0111725344089791 0.0149399382993579 0.0206245792564005
0.114691427722573 0.11145578250289 0.0468548957258463 0.0960333317518234 0.110845124721527 0.0245401173830032 0.124915063381195 0.0925348669290543 0.0865217760205269 0.105097180604935 1.0522727134088e-11 0.049293502420187 0.0757156342267991 0.0487078607082368 0.0437379948794842 0.0695463746786118 0.0295970305800438 0.0633422322571278 0.0261906404048204 0.00325459558516784 0.0393409114331008 0.0361704226583242 0.0220263017341495 0.0112892672419548 0.0348907724022865 0.0284085169434547 0.0309922941029072 0.0294292036443949 0.0221774561330676 0.0207179570570588 0.0202203784137964 0.0388548191636802 0.0327125389128924 0.0264130398631096 0.0164474537596107 0.0220877826213837 0.0219396654516458 0.0239136913791299 0.0227639997377992 0.0295247141668868 0.0216975003946573 0.00936914887279272 0.0261481197550893 0.0182168133556845 0.0160160690546036
0.150184780359268 0.117127783596516 0.127527686953545 0.129590028530971 0.126976235583425 0.0961870476603508 0.059516453742981 0.154665356874466 0.144163207709789 0.117468476295471 0.09578617811203 0.104945808649063 0.0804272294044495 0.0870012618601322 0.101610545814038 0.097222074866295 0.0907435871660711 0.0577690832316875 0.0521326243877411 0.0752400249242922 0.0184060335159302 0.0264642745256424 0.0260828543454409 0.0346226308494806 0.0207240276038647 0.0153146828524768 0.00068555970210582 0.00026382475043647 0.0203091932460666 0.0162064057774842 0.0199736945331097 0.0220511281862855 0.0113717005588114 0.0160772961564362 0.0291411146521569 0.0125439069233835 8.66519988562686e-07 3.07705136037839e-07 0.0120108710601926 0.00245923269540071 0.0236331637948751 0.0222714081406593 0.019799942150712 0.0184334438294172 0.0231742877205761
0.0842169791460037 0.00710509922355413 0.142465899884701 0.139193433523178 0.140035837888718 0.0544071465730682 0.0748064197599888 0.123955285549164 0.0349700883030891 0.129650096595287 0.102650898694992 0.0533025026321411 0.0962400868535042 0.118995976448059 0.0733923189342022 0.0214880183339119 0.0539800927048503 0.100493051111698 0.0608275197446346 0.00231617540121078 0.0148766258731484 0.0333683431148529 0.0268570343032479 0.018177671730529 0.0235233368352056 0.0166238375008106 0.0177636496902304 0.0163335653021932 0.0198248647153378 0.0143527738749981 0.0163833171129227 0.0104574957862496 0.0219033095985651 0.0143708666786551 0.0190311901271343 0.0222590133547783 0.0192259727045894 0.0120346076786518 0.0203967478126287 0.0165964663028717 0.0174648635192549 0.0142095191404223 0.0200421983376145 0.0179542871192098 0.00132984546944499
0.126026225091106 0.0954151153564454 0.130857902765274 0.0770649462938309 0.141259299218656 0.00241628454532474 0.022839280217886 0.0973163694143295 1.14161139208591e-05 4.79484304705124e-07 0.119143480062485 0.0935365423560142 0.0539002448320389 0.0841086611151695 0.0362801693379879 0.0111907267011702 0.02397500872612 0.0363642632961273 0.0350426413118839 0.0337543044239283 0.0281301761046053 0.0321128088980913 0.0346952009946108 0.0303211808204651 0.0275762747973204 0.0216046726331115 0.0276323650032282 0.0148612241260749 0.0170228816568851 0.0133014777675271 0.0141108587384224 0.0211879916489124 0.0135483161546305 0.0126864844933153 0.00638747741468251 0.0113449054770172 2.95991817438335e-06 0.013534118141979 0.0208006398752332 0.0118666037917137 0.0219273222610354 0.0213186629116535 0.0164676856249571 0.0235500322654843 0.0136677041649818
0.0923857554793358 0.00612621009349823 0.0924604639410973 0.0700905084609985 0.0990290284156799 0.065922012925148 0.0124783039093018 0.0910551428797387 0.000665983452927321 2.70662607135819e-06 0.0603830471634865 0.0287098288536072 0.0296607196331024 0.0185771033167839 0.00334763638675217 0.033783926131485 0.0335165023803711 0.00792819038033485 0.0279654689133167 0.0342588517814875 0.0194190315905918 0.0331026267260313 0.0296920116990805 0.0286842048168182 0.0179901465773582 0.0183568211272359 0.0179721251130104 0.0116934494115412 0.00155157800764313 0.0205722201615572 0.0193376978859305 0.0194157248362899 0.0188095225021243 0.0177169987931848 0.0174582570791245 0.0185386877506971 0.0187405232340097 0.0145877204835418 0.00641533834403418 0.0216555492952466 0.0125053002499182 0.0146609662100673 0.0264186620712283 0.0205390639603138 0.0105263951234519
0.107217982411385 0.144385886192322 0.0912843674614716 0.0787472677670431 0.000966676650568843 0.0805418275296759 0.0918882235884666 0.0722282513976097 0.0202703461051947 0.0290458159521222 0.0208069521933794 0.0213533947244287 0.0253660555928946 0.0218161711469293 0.0135908152908087 0.0342453178018332 0.0518138535320759 0.0436344671994448 4.08019094955137e-08 0.0384711891412739 0.0331463299691677 0.0313276957720518 0.0277769505977631 0.0246098285540938 0.0236868157982826 0.0164245489984751 0.0222667187452316 0.0152710985392332 0.0066007986664772 0.0135027579031885 0.0199910821393132 0.00913798389956355 0.00667920522391796 0.013780523929745 0.0330299019813538 0.0170188447460532 0.0191363928839564 0.0193602131679654 0.0201325543224812 0.0148407242260873 0.0213535467162728 0.020544520765543 0.0231714831665158 0.023573281057179 0.0142631007358432
0.0810837864876961 0.0880406320095062 0.105565601587296 0.121365541219711 0.122028413414955 0.0336024686694145 0.000328325014561415 0.0429604888095048 0.0510854050517082 0.00484468061476946 0.00296386368572712 0.0740028023719788 0.010438047721982 0.0193931024521589 3.49259978975169e-05 0.0306741386651993 0.0483401209116037 0.0441449176520109 0.00998081602156162 0.0212839128450758 0.0341155990958218 0.0144087633118033 0.0230052074417472 0.0256971253082156 0.0239862576127052 0.0172579515725374 6.30763088338426e-07 2.7667946415022e-05 0.00762876346707344 0.00544071092735976 0.0114829208701849 0.00957892509177327 0.00614435141906142 0.0040315383579582 0.0025977109093219 0.00764091247692704 0.0139188423752785 0.0205224081873894 0.0202538719400763 0.0148743126541376 0.0114993157797236 0.0160934107378125 0.0165435053408146 0.0234276684001088 0.016128340177238
0.0502741314470768 0.0883884012699128 0.118874716758735 0.0633007556200027 0.0850503191351891 0.00340358606772497 0.00469495593570173 0.0314351245760919 0.000398659548955038 0.0337380070239306 0.0489579498767857 0.0274233527481556 0.0644439369440079 0.0866781294345856 0.019824131205678 0.0202143408358097 0.0516136907041073 0.0364005420356989 0.0200754651799798 0.0144846891108008 0.0331524651497602 0.0107823215425014 0.00471673244610429 0.0286848589777946 0.0177080536261219 0.0240648448467255 0.0167659178376198 0.0163684384897352 0.0167360292747617 0.0216927543282509 0.0122238527984131 0.0101844991557302 0.0181405073031783 0.00766764394938946 0.00359201491810381 2.17291318271862e-10 2.73004407063127e-06 0.0127096028067172 0.0210362769663334 0.020532463490963 0.0190143167972565 0.0212179653346539 0.0215227771550417 0.0221476720646024 0.023141085729003
0.0217119483277202 0.0151724873110652 0.0320354972034693 0.0551817834377289 0.0280456800013781 0.0466852709650993 0.0597487568855286 0.0627232819795609 0.0377994716167451 0.0591605052351952 2.15390459743503e-05 4.65371285827132e-05 0.0166643334552646 0.00520124528557062 0.0454967610538006 0.0139687534421682 0.0209177735283597 0.0121024381369352 0.0361528497189283 0.00276967855170369 0.0144795060157776 0.024279211089015 0.0227733733132482 0.0172468364238742 0.0140330903232098 0.0270993981510401 0.0199120488017797 0.0149641865864396 0.0118902585469186 0.0234497955068946 0.0351004019379616 0.0233721099793914 0.00956334341317416 0.000427563895937055 0.00618927930481732 0.0143498889170587 0.00731382230296731 0.010485773999244 0.021757129766047 0.00972632309421897 0.0049326519947499 0.0223897295072675 0.0151977496221662 0.0184142336249419 0.0209939926862717
0.0520132780075073 0.0144762303680182 0.0120902685448527 0.0114542700350285 0.0116216909140348 0.033494244515896 0.0388932401314378 0.0554284438490868 0.0702237933874131 0.0776379853487015 0.0494386713560365 0.051698587089777 0.0270757012069225 2.32751817819121e-11 0.00517396945506334 0.0390376258641481 0.0222674790769815 0.0218764457851648 0.0331193882972002 0.0347969561815262 0.0158453466370702 0.0101840677671134 0.0106378428651337 0.028598253056407 0.024279596656561 0.0191482160241518 0.00325003218332753 0.0250986961647871 0.0161481775343464 0.0202280085533858 0.0140414774417889 0.00393204130237571 0.00470576254133306 0.00879746824551276 0.00726715623128502 0.0206523545086391 0.0153359305113554 0.0229893095791348 0.000229039328405634 0.00668520852923393 0.00678072012960911 0.00597186572849751 0.0125037096440792 0.0015027120243758 0.0224436007440098
0.0292552039027214 0.0123431583866477 0.0179673362523317 0.00604220256209373 0.0111383576040472 0.0123335815034807 0.0152914121747017 0.00453829097095877 0.00592542893718928 0.0397474709898233 0.0674038335680962 0.0720988750457764 0.00332447625696659 0.0358936296007268 0.0231637954711914 0.0165851388126612 0.0195390988141298 0.00938682258129121 0.013205598667264 0.0157942578196526 0.020456393177268 0.00361809190362692 0.0292509838938724 0.0168608969077473 1.20096137123937e-07 0.0204477798193693 0.033891336992383 0.0537681922316551 0.0447141915559769 0.0245555231347684 0.00456403903713858 0.0172531709075748 0.0112583271405208 0.0919348705560055 0.00771634968052322 0.00399546941197617 0.00350045012310147 0.00577535668254198 0.00020892529294454 6.64009733554849e-05 0.000122338041546755 2.27244583927977e-08 0.00129266746528902 0.0102348227072048 0.0051749026403443
0.00767044741660357 0.0113375681452453 0.0278485134243965 0.0156446702778339 0.00553753208369017 0.00759897213429213 0.0122339743189514 0.00819239756092429 0.00291175851598382 0.00126256316434592 0.0223770721815526 0.0348911508917809 0.00117425236385316 0.0440904252231121 0.0215845599770546 3.98256527978091e-08 0.0208120344206691 0.0213843377307057 0.0221305275335908 9.69691929640248e-05 0.0102441452445406 0.000430698180571198 0.0114904314279556 0.000257076020352631 0.000282762386153157 0.042886546254158 0.0124896306544542 0.0305572972632945 0.0530916348099709 0.00652963854372501 0.0353168122470379 0.0257598318159582 0.0248373877257109 0.02349315546453 0.0175174364820123 0.0177551895380388 0.0012305911631288 0.000111007146188058 0.00231234971237235 0.00787575207650662 0.00565604660660303 0.0227608494460583 0.0152527138590839 0.0225372267886996 0.0146039828665449
0.00290193441323936 0.000219204247696325 0.00864485017955303 0.00974949207156897 0.0205260381102562 0.0125950729474425 0.0113881263881922 0.00779461804777384 0.00480269147083163 0.00298576566856354 0.00844314908608794 0.0159378422889858 0.0385904314927757 0.0418878136202693 0.0217785140499473 0.00651205088943243 0.0092693755403161 0.0145437194034457 0.00379526149611241 1.37698089019977e-06 2.5292466261817e-06 0.00470944535918534 0.000437683402560651 0.00564246988631152 0.0230802237987518 0.0338799480348825 0.0476369973272085 0.00421581622213125 0.0274367824197192 0.102603862527808 0.0302288264144137 6.6550426709e-05 0.0316694587469101 0.0306508854031563 0.0196759799495339 0.0126124249105061 0.0200193867087389 0.00118763195350766 0.0801407991442829 0.0122399955988014 0.00118305010255426 0.00192841188982129 0.000165082095190883 0.0229387179017067 0.100608075596418
0.00101877611596137 0.0144463740289211 0.0132380051338906 0.0058616197668016 0.00354749094694853 0.00543583184480667 0.0119418571703136 0.00472376011312008 0.0148565247654915 0.00753915552049875 0.00819341563619673 0.0217485833913088 0.0310805656015873 0.0277811364270747 0.0419130696934436 0.0975394725333899 0.000288043959881179 0.0239806747063994 0.00943942768499255 0.000818054797127843 1.11022302462516e-17 0.00156453372512715 1.96043878531782e-05 0.000219044927507639 0.00923570916057681 0.0335440240800381 0.0235979122232484 0.0227632422764628 0.00565542336575716 0.0254185393452644 0.0116223674295641 0.0200532957911503 0.0399702370166783 0.0346002593636514 7.24306824862575e-05 0.0352316375821829 0.0353595435619354 0.0155083736404777 0.00416232999414206 0.00473176031373441 0.00989076681435108 0.0303094908595118 0.0156477415940958 0.00946047939360142 0.0071405753493309
0.0245732009410862 0.0223363049328624 0.0185080461204052 0.00227566412650049 0.00709951147437096 0.00560761704109609 0.00842201337218285 0.0261286839842796 0.0208853177726269 0.0259379044175148 0.0198851957917213 0.0176996796391904 0.00487898709252477 0.0330393761396408 0.0512835264224367 0.0287796497344971 0.0124391113873571 0.0218106796965003 0.0294705936685205 0.0134153001010418 0.00161607097834349 0.00799550991505384 0.00406291589606553 0.00864915456622839 0.0287156216800213 0.0293255340307951 0.0329152327030897 0.0154914036393166 0.017140397587454 0.0320135042071354 0.0389461725950245 0.00201924787834608 0.0237607888877717 0.0399513453245163 0.0113762050950942 0.0433564331382513 0.0398508712649359 0.0174285322436124 0.0274013757705689 0.00280854128559973 0.00618681092746556 0.0238436551765869 0.00697982721030712 0.016585055552423 0.00990261118859053
