Maxent_result_files_1/Bombus_semenoviellus_3.asc
NCOLS 594 
NROWS 330 
XLLCORNER -15 
YLLCORNER 23 
CELLSIZE 0.166666666666667 
NODATA_value -9999 
[rows 105 to 125 of 330, columns 144 to 191 of 594]
1.59338098271178e-11 0.100121247517614 7.25770465170861e-08 6.37241925893761e-11 0.0514102691692297 1.65423230669148e-15 0.000116219868645184 5.37232826943845e-05 0.000237227646918814 6.29148553255021e-09 5.56257347011924e-06 0.00013466307887896 0.00440675098513379 1.44255734125798e-06 0.00746681462886682 0 9.98436353705223e-07 4.52553064450356e-05 8.78649964319855e-07 7.70068327637929e-07 8.47802939377695e-06 2.53622553628152e-05 0.0210892038447343 0.0501748878591239 0.0694176546351613 0.0031720524886228 0.000724148364283994 0.000512660956827016 1.88734767037069e-08 8.73276598384765e-05 0.00104695047000014 1.41728367879068e-05 0.00036196782266229 3.21626611963777e-05 0.0027514659588163 0.00134229910244204 0.000318894810139791 0.000264695076856702 1 1.48535686821383e-06 0.000261241398304157 0.00286291144745258 6.71196693002862e-08 0.00856308068340919 0.0623196112097877 0.0323251385454325 3.95387433953509e-05 0.000105872663256745
3.55790757566865e-07 1.83899417915967e-10 1.10064957148381e-11 0.00270807456925985 1.16068204403241e-06 7.82194149451243e-09 0.0230701403725342 0.833136283792555 0.00265931550226587 2.64556899942647e-08 0.0235068266972045 1.12248279426908e-07 1.65123507031795e-05 0.000225687707700162 0.000321978910235365 0.00214271077831859 0.0208955473777145 0.00289896957785748 1.22857506147378e-06 0.00404301686588757 3.82325831601582e-06 0.00233793944111967 0.00681058900324651 0.00314479243027014 0.0530198072130486 0.00730543754051241 0.0155372038874881 0.000978190195427708 1.02620619524263e-07 0.0052308226785715 0.000463642741607662 0.00642590777929466 1.27258853044987e-05 0.00245234467049786 0.107514658236574 0.000455798978044997 2.98972672550635e-05 0.0411845586307675 0.00658040606477301 0.0184312443397775 0.0601556340137364 0.00657497295336221 0.000610214743259907 0.000495499288676071 0.00109260226512243 0.0769908027597712 1.10311661215001e-05 0
9.48992622451517e-07 0.000935513800187338 3.81808731958477e-06 1.0298428776423e-13 8.67133854627444e-05 0.000193759799500204 0 0.000476103843747633 0.000644944503525424 2.78821763647463e-05 0.000218816408710276 0.000135294149519138 1.46446914595089e-09 8.86842707654711e-06 1.22766319332612e-10 0.0632895545644829 0.0783251329144428 0.0430707271015906 0.00195964862941082 0.00102048643189344 7.13147237281109e-05 0.000119408917154062 0.0179979094394196 0.0068757583489341 9.96271735179799e-05 0.000388090847243105 0.000161399112000249 0.094562879598666 0.00033676556402098 3.45716192203138e-05 0.000792570682232663 0 0.000212665684390301 0.0180969226805181 0.00162164076157257 0.0377185605985779 0.0126439312003017 0.16499729372576 0.000260907184155945 0.179915910004316 0.00291390516375241 0.181309671556446 0.0328978162280397 2.2786715826395e-05 0 0.000528523306296524 8.26475586032105e-05 9.62667474837864e-05
1.60569690876855e-09 0.000176897090802253 0.111416213799335 0.0483101234540935 7.3291286783117e-05 0.000372330868529791 0.000433638868603403 6.58384522833622e-07 0.36581558403559 1 0.9351288408041 1 0 0.000334059408091159 0.000201863985381223 0.00866766439122365 1.39805458601483e-05 0.000292857793576462 0.0352411055489596 0.00123888208476594 0.00265263058082201 0.0182845952418939 0.000361520160511974 0.0081750571681352 4.48765772060211e-05 0.000818186972382129 0.00123881243467772 0.299866127525359 0 0.0439207490792112 2.20048351232016e-05 2.43500859135715e-05 6.50752911055097e-05 0.000165273340570293 4.29076758540536e-05 0.0200453880148617 0.0307002255975586 0.00455370178121353 0.00129983453654918 0.0318516158222675 0.0317654773817062 0.00186304182441768 0.085726643355155 1.76280721575495e-08 5.35337536923475e-05 0.0722217072120532 0.107930908061729 0.0061478036543406
1.34482647240475e-11 1.79729677685092e-06 1.41553435639707e-14 0.0178841919224224 0.257884673921905 0.239987353832053 1 1 0.00167603900805218 0.150279228594826 0.012091382914975 0.00292600725594661 0.00369941796240546 0 0 0.13930874287143 3.03109111287725e-05 0.000691213871461405 2.28881276139181e-05 0 0.000223243771435311 5.81970867196358e-05 0.00396771973708727 0.0137143343155979 2.47661466038496e-06 2.18608043822677e-07 0.00154434499604581 0.0812754052507739 0.00027918273261508 2.05036849401541e-05 0.00062141422496238 0.000944227273336107 0.000923405754392126 0.000252721209435558 0.0139996056844763 3.09549194817738e-05 6.98737841515529e-05 0.00051784056245755 0.000484289089479406 0.00987419887694214 0.00204239442114287 0.0113506270922136 0.00980313112055089 0.00452784470268265 9.26603390853931e-05 0 0.591859170794487 0.641219873726368
0.000828374084085248 0.01981188040334 0.151441804849314 2.7312596287199e-05 2.05959518159604e-05 0.000523741864742966 0.000288065253135084 0.000510564833896809 0.0291895228741584 0.0278294162852649 3.08262936232317e-05 6.34818226316058e-05 0.000586549367140832 0.00013352222603793 0.000390549267772633 0.0741093774797747 0.0168027110295388 0.106481676467468 2.14184021002373e-06 0.000158413957657888 5.2475173012434e-07 1.18286065367013e-06 2.49379474948075e-07 6.45733422066641e-07 5.92774146256359e-06 0.000289707907404357 0 0.0028352346542817 0.00060345963370545 3.09314914558323e-06 0.0199791339553329 0.000480334998975751 3.13334612048854e-05 0.00496749318279106 2.02042409070735e-05 0.00356107361395215 0 0.000212871940533466 0.000888548598248828 1.45541408258509e-08 0.00026546714035357 0.13402425369012 0.500263231433928 0.219757397623471 0.511550388766773 1 0.0189161196431154 0
0.000187068731253903 0.0227009889834811 4.37548467549509e-05 0.0153041969703156 0.000291150429186737 4.01587417536708e-06 0.000501131914487751 0.0670442671398632 0 -9999 0.736090638063433 0.00260556927395008 5.41343361351365e-05 0 0.00124272436842949 0.196129383037145 0.0137116930522784 2.25925510926372e-05 0.00222549069658569 0.0136198892749562 1.92040183635278e-06 0.00104476057559459 0.00156750209729876 3.77256066029452e-05 0.00249475039527516 9.35360569753962e-05 9.11438339964765e-05 0.100000019090596 0.000466538537235261 0.000642725160772351 0.000138062237153491 4.99604510122653e-05 6.33099898198375e-05 0.0106051418248205 0.0157090618086122 0.0137563539695435 0.000330851525922249 0.00548552455287294 0.000334368733503077 0.549309504963458 0.156404519526291 0 1.43922620491344e-06 1.11022302462516e-17 1 0.0120801131871943 0 3.33066907387547e-17
0.00518344996803541 0.000744233281935125 0.00227232124048048 1 2.64348245534118e-05 2.78141028318357e-05 0.724803320318461 0.0218368759670562 0 -9999 -9999 1 0.713336901366711 2.0937133605492e-05 0.000169582338022511 0.0250088198209109 0.0331268388012807 2.95685157469805e-09 7.51213105565807e-05 0.00214618657312602 0.00020226919349875 0 0.000331116268307863 0.00417171698285987 9.42060801145672e-07 4.03238070758594e-06 7.26085858104852e-15 0.143949001505055 1.11577413974828e-14 4.23305458463474e-09 4.80263689801919e-05 0.000240809941445874 0.000571407257262968 0.9812160551548 3.53496596809833e-05 0.067739254040498 0.191042764298618 1.03945185792043e-11 0.000715049765097942 0.00211135985438715 0.0039368465258926 5.33376284528431e-05 6.13882278344136e-12 0.00016714410878641 0 0.000120470704092368 3.99696360389168e-06 9.98051817281409e-06
0.00471924023146656 0.000690309581672355 0.000429522630545232 0.000192012608881875 0.000620682919724025 0.000355346917764643 0.00396393926321994 0.29325459152471 -9999 -9999 -9999 -9999 -9999 6.69445096119548e-05 0.106948410540504 8.36748223939754e-05 4.50304036888172e-05 6.15631818856599e-09 0.197801937325797 0.111652954113548 0.00635699886168651 0.000101216548533245 0 0.000283114585746735 0.00212189797565845 0.00249790962062411 3.23074900165921e-15 3.41948691584548e-15 3.56381590904675e-15 0.0204328046704579 0.00118392615238043 0.000784829387044061 0.000533691314309259 4.22716338308593e-05 2.13597583398339e-07 0.0288738689705497 6.75600501732987e-05 0.0385581826951238 0.107113801855163 0.00383392463483058 2.43343445935129e-05 0.00397587178540562 0.0077279417247567 5.263981004342e-05 0.000138393174067153 5.42190649225338e-06 0.0192362015656327 0.000383164110249257
0.000138185220301334 0.0899717614432056 0.0395542354441617 -9999 -9999 -9999 -9999 -9999 -9999 -9999 -9999 -9999 -9999 2.44698057343395e-06 1.25028360178359e-05 0.0137515186212277 0.000794699734861348 2.49124912838905e-05 0.00922160078497108 0.00232126792982161 0.020762561919678 1.728353048569e-07 3.2085445411667e-14 3.17523785042795e-15 0.00486751138248931 0.00180229270062399 4.40758540776187e-15 7.48290318597356e-15 2.25931495734244e-12 4.05553812754533e-11 0.0671707582319357 0.00280428028299585 0.000346730131924999 0.00174196430340605 6.81344501609171e-05 0.00327762044057991 1.78252507257226e-05 0.000664695203875409 4.2154935013472e-06 0.0117721378258938 6.78066899707619e-05 0.000512427438881258 2.64262591105791e-05 0.101126447284348 0.0289204195025377 0 0 0.000550347914513738
0.00231368808428324 9.76996261670138e-16 -9999 -9999 -9999 -9999 -9999 -9999 -9999 -9999 -9999 -9999 -9999 7.74275640306521e-05 1.20232920663987e-07 8.63449897117174e-06 0.000136713879689809 9.46018748004818e-08 4.31210101913271e-06 0.000514039752440221 0.000108180465527918 3.73819641907858e-11 3.27515792264421e-15 3.67483821150927e-15 1.13837358217683e-07 1.5728862656772e-12 3.8968828164343e-15 9.66382669220778e-08 0.000500607884188942 0.00589826443572541 0.0994305106112734 0.000655978336584417 6.01777995550279e-06 0.00585954595669242 2.05432393026728e-05 0.00109226645613183 1.63003304303411e-05 4.72034879031025e-06 0.000119500228555736 2.20682470715161e-06 1.78531925189129e-05 0.0002130582142578 0.0474986423736636 0.00886888133103866 5.03888753452086e-05 0.00285447136907254 7.69832868380282e-06 0.0134102130028598
-9999 -9999 -9999 -9999 -9999 -9999 -9999 -9999 -9999 -9999 -9999 -9999 -9999 -9999 0.0967307496449223 1.33322500295296e-07 2.48723671136819e-07 2.13577871810422e-07 3.86020804454823e-07 0.0183305370846569 0.00958280407758139 0.00105453554526433 4.32986979603811e-15 2.55171148544342e-07 0.000169562570200255 1.84623781818161e-08 0.000192180208190573 0.0755159894251847 0.143316765058989 0.0613739899314876 0.187359741097316 0.000389296777413684 0.000339875529169953 5.52209330029196e-07 5.81756864903582e-15 2.27494621759528e-06 6.570698023185e-05 0.000211161914375468 0.0010820081334596 1.06527003562729e-07 8.92543351227459e-07 0.000597296646089152 1.11261533680684e-06 0.100828413038507 0.00435432285199537 0.0940878795336175 0.000692474276185651 -9999
-9999 -9999 -9999 -9999 -9999 -9999 -9999 -9999 -9999 -9999 -9999 -9999 -9999 -9999 0.00389664677951864 0.00568660337968936 1.27374437289829e-06 0.249214966452564 5.50700158269413e-06 0.0025085882594629 7.30911568739612e-05 0 0.0230738770221121 0.706170927919447 0.259763238904998 0.171340403496288 0.00450748737814592 0.0348376505317105 0.00227192899548356 4.86903123285698e-06 0.61813395395875 0.0169920950233063 0.000606319104281317 1.00808250635964e-14 0.000213895305401168 2.88657986402541e-16 0.799481818079948 0.1458959357813 0.605538375675678 8.65973959207622e-16 0.00119226659224239 0.190917928516865 0.157273990474641 0.000691397241195091 0.000520468272890184 0.000819503557255841 0.00997355727177478 -9999
-9999 -9999 -9999 -9999 -9999 -9999 -9999 -9999 -9999 -9999 -9999 -9999 -9999 -9999 -9999 0.000329092791785401 0.00857300606613869 8.73107301881948e-05 1.93388005021999e-06 5.72457622194378e-08 0.000190003483050816 0.000187055710213901 0.124216515171327 0.0287019247032731 0.182605455070734 0.104862989741378 0.0114329605175374 0.00132671734918304 0.024904392409427 0.000595406393685494 0.182388780481415 0.00938410157611944 3.33066907387547e-16 5.24848235246012e-06 0.861572469770908 0.0107054065161843 0.0493044877133798 0.155225106794387 0.129907494876534 0.0806571842171252 0.014658152085758 0.00296242996535199 6.55180316754489e-05 0.00337160255742875 0.000108892875258837 7.47928230004913e-07 0.000974888166699894 -9999
-9999 -9999 -9999 -9999 -9999 -9999 -9999 -9999 -9999 -9999 -9999 -9999 -9999 -9999 -9999 0.0551093669434814 0.00172725934300946 2.14551775332583e-05 7.80970623929234e-06 1.09130064229745e-07 0.00223165522424802 0.000105464627069518 0.0293350512116874 0.0292656484667695 0.000613036833187464 0.0398450272698028 0.0448363635515761 0.0122166476891357 0.0288666921725401 6.6384240506967e-05 6.58471511570613e-05 0.000127177495033259 0.00167892905650575 0.00364329105025247 2.21630214709667e-05 0.00432633502796307 0.000136191397293128 2.09374874816648e-06 0.000232261766266673 4.671200790205e-05 0.000639074266037143 0.000474602451614436 3.37301865505735e-05 3.51949505327243e-06 0.000280781364679594 1.28711312330165e-05 0.00268791885049581 -9999
-9999 -9999 -9999 -9999 -9999 -9999 -9999 -9999 -9999 -9999 -9999 -9999 -9999 -9999 -9999 -9999 0.0103434264332917 2.27985897583993e-06 6.25543289223263e-07 2.13378841878997e-06 5.34074402480655e-09 0.0116315473292603 5.37969713813036e-06 1.40248889837657e-05 5.14470542926082e-05 0.0292477526572187 0.00784745332922112 0.000306696623789904 2.68592768026932e-05 3.64368860994446e-07 0.000158566290311224 8.38136440566628e-05 0.000294017285441617 0.000420051905502072 0.00494181427065454 0.0410055905584613 0.0041287436461306 6.827859875147e-06 0.00361381375267955 1.19256172139703e-05 0.000178653475181478 5.67289276074745e-05 0.000846441062896153 7.75489997895118e-06 9.8120460202844e-05 0.00355412400108641 0.0803243313966675 -9999
-9999 -9999 -9999 -9999 -9999 -9999 -9999 -9999 -9999 -9999 -9999 -9999 -9999 -9999 -9999 -9999 -9999 0 0.0130243728967995 5.02504751284105e-06 0.00097086016061434 0.0131650590558424 0.00482213269877675 0.902994766458869 2.14604415846864e-06 0.0165419157816262 0.000322626211982024 2.92593814599229e-07 0.000345702105461265 0.000942860543674384 0.0866217312585226 1.13943188218002e-11 0.0035292793423239 8.5331851286341e-06 9.98407579689276e-05 1.37775462438094e-05 0.000120639589854887 3.87766262718747e-05 0.00140795147856136 0.00121978997161419 1.42549796238511e-05 8.21811163856934e-06 0.000138744564425508 1.78371451953208e-07 1.07179567065963e-06 0.00139190806558041 -9999 -9999
-9999 -9999 -9999 -9999 -9999 -9999 0 2.48066058115004e-06 0.00175522015401616 -9999 -9999 -9999 -9999 -9999 -9999 -9999 -9999 0 3.36172067960661e-10 1.09063537641729e-05 3.96290107698594e-05 6.09910475851683e-06 9.85284558630006e-06 0.000378388308308708 1.27015661108842e-06 5.01993634202114e-06 1.58625647131982e-05 6.22842841203619e-06 0.00321719815218507 4.40769141486941e-05 9.75794727687829e-06 5.31044031900629e-06 1.45717018865121e-05 2.47104425057376e-06 2.03657185849582e-05 0.000275841663682408 0.0039897419804757 3.61157923073785e-05 2.89358531022299e-05 1.16260401369028e-05 1.45159029717346e-05 4.92398910837411e-06 1.29026885858918e-06 4.39250050976447e-07 4.78032114692439e-07 0.00193366930303321 -9999 -9999
-9999 -9999 -9999 -9999 -9999 5.79536418854332e-14 7.07690088719293e-07 0.00042861681670594 2.76977273429013e-06 -9999 -9999 -9999 -9999 -9999 -9999 -9999 -9999 -9999 3.2383778289069e-06 3.65296106148216e-05 3.50856776738517e-06 1.80182945248686e-05 2.43649143283342e-07 0.0109225567020564 2.90795335433636e-07 1.45736004193653e-05 0.00161052048375976 0.00486916216523967 0.00104079110981535 0.00390402477166011 2.02304951765209e-06 1.35902129204113e-05 8.45366415790361e-06 3.8083045028503e-06 0.000381082135597388 0.000993347622963869 0.00018639517417085 3.67609763118226e-05 6.5318634246414e-06 1.93640758280544e-05 8.19884823213601e-05 2.55250230264847e-05 3.71161692569455e-06 2.76784920612005e-06 4.65879828037696e-07 0.000162245409176942 -9999 -9999
-9999 -9999 -9999 1.00540913074987e-06 2.06784649033454e-05 0.000643553059532254 0.000377095640875691 0.000772018984335432 3.45057316053499e-14 -9999 -9999 -9999 -9999 -9999 -9999 -9999 -9999 -9999 -9999 0.0090389487063232 9.93609563982867e-06 9.83046670699483e-06 5.96119191725863e-05 6.61290324100117e-05 0.000130043178174832 1.39829696984006e-05 2.36473205315058e-05 1.71630054147665e-06 3.37477427338584e-05 5.44712145944537e-07 0.648244812774416 8.12335608517678e-06 1.5323338978801e-07 2.16582817610611e-05 5.50861672188319e-07 2.87993909264817e-07 1.36521531715061e-06 4.34866095491149e-06 6.29677848751342e-08 1.36654833058358e-06 2.1114579575543e-06 1.53849368337289e-06 3.46402684869851e-07 2.05329142733968e-05 0.000176304603867905 -9999 -9999 -9999
7.55617790559882e-14 2.9941071844064e-11 9.43431763933411e-08 0 0 1.93365067389095e-06 5.16704907749244e-09 2.1469119815265e-10 -9999 -9999 -9999 -9999 -9999 -9999 -9999 -9999 -9999 -9999 -9999 -9999 0.00985926758703597 0.00682030307867263 7.4735159703021e-07 1.47244425274806e-07 7.24774342231171e-07 8.25650714242343e-08 1.20939403269626e-05 1.71650980529403e-07 1.37726594637844e-06 0.0874937969807182 0.000108273057314401 1.70011909837342e-05 1.08183306512299e-05 4.45498053072591e-05 1.72499192213627e-06 0.0152103124935893 4.63062403659453e-06 9.1671568451801e-07 0.000121908274495464 5.71001811607852e-06 5.63364353134421e-07 3.60640982554949e-05 2.53756296448859e-06 1.00398485891606e-07 9.40173898233976e-07 -9999 -9999 1.0949952056194e-11
