Maxent_result_files_1/Bombus_magnus_3.asc
NCOLS 594 
NROWS 330 
XLLCORNER -15 
YLLCORNER 23 
CELLSIZE 0.166666666666667 
NODATA_value -9999 
[rows 200 to 219 of 330, columns 495 to 539 of 594]
1.4432899320127e-16 4.25406732063038e-09 4.44089209850063e-17 3.33066907387547e-17 2.22044604925031e-17 3.33066907387547e-17 3.33066907387547e-17 8.88178419700125e-17 1.4432899320127e-16 1.22124532708767e-16 1.55431223447522e-16 1.22124532708767e-16 8.88178419700125e-17 1.11022302462516e-16 1.66533453693773e-16 1.77635683940025e-16 3.66373598126302e-16 4.88498130835069e-16 7.32747196252603e-16 1.58761892521397e-15 2.60902410786912e-15 4.29656310529936e-15 1.08801856413265e-14 1.66644475996236e-14 2.5068835896036e-14 9.43689570931383e-16 8.88178419700125e-17 3.27515792264421e-15 9.7311048108395e-14 2.16242801442945e-10 1.05804254246777e-14 8.57014325447714e-05 3.58257867816292e-13 3.30890870259282e-13 5.59605250600725e-05 1.56166046509365e-05 2.92298407700287e-12 2.59122723278438e-12 2.16291429211424e-12 1.71826997075186e-12 1.26799681865464e-12 3.67051485502201e-05 5.75169468319814e-07 4.04520861252422e-13 3.13471471002913e-13
1.22124532708767e-16 2.22044604925031e-17 1.74045684531166e-09 2.22044604925031e-17 1.11022302462516e-17 1.11022302462516e-17 1.11022302462516e-17 1.11022302462516e-17 1.11022302462516e-17 2.22044604925031e-17 3.33066907387547e-17 3.33066907387547e-17 2.22044604925031e-17 4.44089209850063e-17 5.55111512312578e-17 6.66133814775094e-17 9.99200722162641e-17 1.66533453693773e-16 4.21884749357559e-16 7.88258347483861e-16 1.43218770176645e-15 2.44249065417534e-15 2.30926389122033e-15 5.93969318174459e-15 1.12243547789603e-14 2.33146835171283e-14 2.8599345114344e-14 5.03375119365046e-14 8.29780688604842e-14 1.11022302462516e-17 0 4.44089209850063e-15 7.62898936246259e-09 1.51118510985926e-06 4.13420281231147e-08 4.88956752864311e-10 3.84647869111632e-13 7.40352223971286e-13 1.07160946782869e-12 2.31632445224506e-08 1.03469026901948e-08 2.97845608177028e-09 1.4711909246401e-09 5.13928388734541e-10 2.11926531878959e-10
9.99200722162641e-17 1.33226762955019e-16 3.33066907387547e-17 1.11022302462516e-17 2.28751018127582e-11 0 0 0 0 0 0 0 0 1.11022302462516e-17 1.11022302462516e-17 2.22044604925031e-17 2.22044604925031e-17 4.44089209850063e-17 6.66133814775094e-17 1.99840144432528e-16 3.88578058618805e-16 6.55031584528842e-16 1.06581410364015e-15 1.89848137210902e-15 4.96269692007445e-15 7.50510764646606e-15 1.38888900380607e-14 1.90514271025677e-14 2.75446332409501e-14 5.06372721531534e-14 5.08260100673397e-14 4.64739358108091e-14 2.81885625952327e-14 3.36064509554035e-14 5.24802423740311e-14 5.16586773358085e-14 3.7114755713219e-14 4.83058038014406e-14 9.27733319389112e-08 4.19691914443909e-08 1.29331930165399e-08 3.30171394669065e-09 2.93806456941326e-09 1.2973889851331e-09 5.12926034978989e-10
0 7.7715611723761e-17 2.66453525910038e-16 8.88178419700125e-17 1.11022302462516e-17 2.54762877460735e-13 0 0 0 0 0 0 0 1.22903465182844e-11 0 1.11022302462516e-17 1.11022302462516e-17 2.24041896146332e-11 1.11022302462516e-17 5.55111512312578e-17 7.7715611723761e-17 2.44249065417534e-16 4.32986979603811e-16 8.54871728961371e-16 1.59872115546023e-15 3.84137166520304e-15 4.70734562441066e-15 6.0285110237146e-15 1.21014309684142e-14 2.07722727907367e-14 1.85740312019789e-14 1.91846538655227e-14 1.86850535044414e-14 1.57651669496772e-14 2.04947170345804e-14 0.00111402366310442 1.76965109233151e-12 2.26690410887187e-10 9.02716912332124e-10 3.43879411612846e-09 6.26380057822118e-09 6.37260592073474e-09 6.61730568118912e-09 4.52092496772138e-09 2.35138717386008e-09
0 0 5.55111512312578e-17 1.33226762955019e-16 3.10862446895044e-16 1.99840144432528e-16 1.11022302462516e-17 0 0 0 0 0 0 0 0 0 0 2.13862261233544e-13 2.22044604925031e-17 2.22044604925031e-17 3.33066907387547e-17 5.55111512312578e-17 1.4432899320127e-16 2.44249065417534e-16 3.99680288865056e-16 1.40998324127395e-15 2.37587727269783e-15 2.25375273998907e-15 5.72875080706581e-15 8.35997937542743e-15 5.82867087928207e-15 7.90478793533111e-15 7.23865412055602e-15 6.0285110237146e-15 6.80566714095221e-15 6.62803145701218e-15 6.68072678289278e-09 6.89276354881585e-09 1.5292994074434e-07 3.11275094588836e-10 1.44082477060437e-09 7.32678948622834e-09 7.15785010152459e-09 2.86907523294744e-09 1.82798332026834e-09
0 0 0 0 2.22044604925031e-17 3.22113336004293e-11 1.67634928160965e-10 8.52383610903451e-05 0 5.93625149036825e-13 1.99840144432528e-16 0 0 0 0 0 0 0 0 1.11022302462516e-17 1.11022302462516e-17 3.33066907387547e-17 7.7715611723761e-17 1.22124532708767e-16 2.44249065417534e-16 7.66053886991358e-16 1.17683640610267e-15 1.69864122767649e-15 3.38618022510673e-15 3.58602036953926e-15 4.2632564145606e-15 4.96269692007445e-15 3.56381590904675e-15 3.26405569239796e-15 4.07121225620699e-11 2.58837951072621e-11 4.92149378052975e-06 8.26748891569196e-11 3.01856557527458e-09 1.16006049211137e-10 1.64495189691749e-09 3.7408154462959e-09 5.96431120047924e-09 1.23211896241315e-09 6.08444750138659e-10
6.32827124036339e-16 0 0 0 0 0 0 7.85760345678455e-13 6.10722583616052e-13 0 0 0 0 0 3.19266835191456e-13 0 0 2.14691597832939e-12 0 0 0 1.46224410357831e-09 4.44089209850063e-17 7.7715611723761e-17 1.55431223447522e-16 3.33066907387547e-16 4.77395900588817e-16 8.54871728961371e-16 1.3988810110277e-15 2.29816166097407e-15 2.68673971959288e-15 2.38697950294409e-15 8.7237683743524e-11 7.14019177117109e-11 3.39150485473283e-11 1.45310541377341e-11 6.16895423632968e-12 1.83102513817701e-08 1.82853732155763e-14 4.57788251750912e-11 9.4681650297801e-10 2.64931956373005e-09 5.33236327315834e-09 7.95444733414641e-09 9.63282342780758e-11
0 0 0 0 0 0 0 0 0 0 2.20490292690556e-14 1.63868918434673e-14 1.0413891970984e-14 5.58331159083991e-14 8.76854144848949e-14 1.01818553588373e-13 1.09690034832965e-14 1.03028696685215e-14 0 3.50608431176624e-14 4.7928327973068e-14 0 1.11022302462516e-17 2.22044604925031e-17 4.44089209850063e-17 1.11022302462516e-16 2.44249065417534e-16 4.21884749357559e-16 5.32907051820075e-16 1.0769163338864e-15 3.22157078791463e-11 3.4212777055842e-11 3.10972358974482e-11 4.02024968870762e-11 3.67942898371609e-11 1.23910326443877e-11 9.68114477473137e-15 1.25813248708084e-11 1.75304215588312e-14 1.12719122924432e-09 1.10442877065964e-11 4.28115098927151e-11 9.85959869304054e-11 4.86902851370985e-10 6.01145799805636e-10
0 0 0 0 0 0 0 0 0 0 0 1.49880108324396e-15 4.69624339416441e-15 1.06167841185112e-10 7.46951134278362e-10 1.51045842500253e-13 1.02218233877238e-13 9.17044218340379e-15 7.50510764646606e-15 1.65756297576536e-14 3.08642000845794e-14 1.15607523554218e-13 6.86029011376377e-13 2.67291078159815e-11 0 5.55111512312578e-17 1.55431223447522e-16 3.5527136788005e-16 5.77315972805081e-16 4.04079103510924e-11 2.90874990760415e-11 2.73465472488965e-11 1.41676670395441e-11 1.5515611018202e-11 9.55012735559535e-12 1.27625155998956e-09 1.4432899320127e-16 2.8199664825479e-15 4.9960036108132e-15 2.22044604925031e-17 3.33066907387547e-17 9.99200722162641e-17 5.54001289287953e-15 1.33411282021711e-11 8.27922508328527e-11
0 0 0 0 0 0 0 0 0 2.22044604925031e-17 2.22044604925031e-17 7.7715611723761e-17 3.21964677141295e-16 4.44089209850063e-17 7.7715611723761e-17 8.25006729598954e-14 7.28417326456565e-14 4.01123578797069e-14 2.22044604925031e-17 0 1.99396055222678e-14 0 4.44089209850063e-17 1.11022302462516e-17 1.33226762955019e-16 9.99200722162641e-17 1.66711089377713e-13 8.72968364262761e-13 1.45139011920037e-10 1.22001420077567e-10 1.33921695955053e-10 7.62611418458903e-11 1.99495975294894e-13 3.23496784915278e-13 9.99200722162641e-17 1.11022302462516e-17 1.11022302462516e-16 1.2267964422108e-14 1.11022302462516e-15 0 6.32827124036339e-16 5.32907051820075e-16 2.22044604925031e-17 8.27116153345742e-15 5.82471848531441e-12
0 0 0 0 0 0 0 0 0 0 0 1.87627691161651e-15 0 2.22044604925031e-17 1.11022302462516e-17 1.11022302462516e-17 1.88737914186277e-16 5.38125100035813e-14 1.08749342864201e-11 5.68323166305618e-14 1.88404847278889e-14 2.22044604925031e-17 0 0.00281926647798262 3.99569266562594e-14 1.67496393421729e-09 1.86606285978996e-13 1.12880149671923e-11 7.69939667577546e-14 7.66836100973833e-07 5.52110579477016e-12 6.67969568546312e-11 6.99440505513849e-16 7.89568410652919e-13 4.06861419000038e-09 8.00237653919567e-13 9.5767838104166e-13 2.96340729732947e-13 3.99130284378657e-11 7.91690712986792e-11 4.93629193076828e-10 5.28149857181859e-11 0.000589230339243674 5.82854653430331e-11 5.68897817743164e-11
0 0 0 0 0 0 0 0 0 0 0 0 0 0 0 0 0 1.22124532708767e-16 5.61883872762792e-14 1.14885878588211e-13 4.08084677161469e-13 2.55573340268711e-14 8.1810316299169e-10 3.33066907387547e-16 7.37521155258491e-14 7.42425626665266e-07 0.00061634387303352 2.09200848388935e-07 5.55111512312578e-17 0 0 2.22044604925031e-17 9.57868229178871e-12 5.77315972805081e-16 1.85407245112401e-15 2.24940177595556e-11 8.99280649946377e-16 1.83969728340117e-11 2.59461341300948e-12 1.05199515765264e-11 2.4044100044307e-13 1.64490643328463e-13 2.34588681813364e-11 4.13635792284595e-13 9.01390073693165e-14
0 1.11022302462516e-17 0 0 0 0 0 0 0 0 0 0 0 0 0 0 0 7.7715611723761e-17 0 8.77076189453874e-16 4.25559587569069e-13 3.02879943347989e-13 5.28221910656157e-13 5.14255305006372e-14 9.54791801177635e-15 6.15063555642337e-15 3.14592796257784e-13 5.74096326033668e-14 4.69474115138979e-10 8.9358520583005e-12 2.48612241904311e-13 1.62990843044497e-11 4.18554080283684e-14 1.11022302462516e-17 7.64818375298404e-10 3.99680288865056e-16 0 0 2.88657986402541e-16 0 0 0 0 0 0
0 0 0 0 0 0 0 0 0 0 0 0 5.58353363544484e-13 0 0 0 0 0 0 5.49534417970676e-11 1.60316204755873e-14 2.48469023134135e-12 2.38230546401041e-12 1.04042663373605e-11 3.18727044756884e-11 2.8104851779176e-12 3.92461063647431e-11 2.1538326677728e-15 3.48465700739098e-13 1.2667644710973e-14 2.00728322852228e-14 1.39388500741688e-13 3.88578058618805e-16 5.25636356663028e-09 0 0 0 8.88178419700125e-17 8.59613535908466e-10 0 0 0 0 0 0
0 0 0 0 0 0 0 0 0 0 0 0 3.14771542164749e-12 1.99951166734991e-14 5.55111512312578e-17 0 1.96022087450842e-12 6.21724893790088e-16 1.93902375167365e-06 1.11022302462516e-17 0 0 0 1.11022302462516e-17 7.7715611723761e-17 2.22044604925031e-17 4.25326440733897e-14 1.10911280160053e-14 2.32736052652172e-13 0 0 0 0 0 0 0 0 0 6.1651137528429e-10 1.34225963677181e-14 0 0 0 0 0
0 0 0 0 0 0 0 0 0 0 0 0 0 0 5.55111512312578e-17 5.06389646048877e-07 9.44577749351083e-14 0 0 4.10782519111308e-16 0 0 0 2.22044604925031e-17 5.99520433297585e-16 2.22044604925031e-17 0 0 0 2.18713935851156e-15 1.11022302462516e-17 1.11022302462516e-17 8.870681966755e-15 0 0 0 0 0 0 0 0 0 2.00859257559749e-08 4.21884749357559e-16 2.88657986402541e-16
0 0 0 0 0 0 0 0 0 0 0 0 0 0 6.66133814775094e-17 0 2.22044604925031e-17 1.59872115546023e-15 4.9960036108132e-16 1.11022302462516e-17 2.66453525910038e-16 3.99680288865056e-16 2.62789789928775e-14 4.7573056605188e-14 1.11022302462516e-17 9.12603326241879e-15 0 3.33066907387547e-17 1.42674427827671e-11 4.65183447317941e-15 2.54468401905683e-10 2.7064428476109e-11 2.22710738739806e-14 2.43427500379312e-13 4.76840789076505e-14 1.22124532708767e-16 1.31006316905768e-15 0 1.47115652993079e-13 0 1.01934366931733e-06 4.39651648420636e-12 1.90736315630602e-14 3.74389408364095e-13 0
0 0 0 0 0 0 0 0 0 0 0 0 0 5.55111512312578e-17 4.77395900588817e-16 1.11022302462516e-16 1.65831970377894e-09 1.47821443641227e-08 3.33066907387547e-17 3.05422354074381e-14 1.5748688986239e-08 8.28226376370367e-14 2.57571741713036e-15 0 0 4.48530101948563e-15 1.50981893654034e-11 4.54525306281539e-14 1.89737114908439e-14 3.00626379345914e-10 9.78417347141658e-13 1.47846567211118e-09 1.14352971536391e-15 1.77635683940025e-16 1.52615697857073e-12 0 1.65423230669148e-15 1.25603194511825e-11 1.55265800216853e-12 2.47944553777302e-11 2.76886691352729e-10 7.3116590559863e-10 0 1.49861234532977e-12 0
0 0 0 0 0 0 0 0 0 0 0 5.55111512312578e-17 0 2.94431146130592e-14 1.11022302462516e-17 2.99760216648792e-16 3.62876395598732e-13 1.00636166067147e-12 0 4.44501926377683e-09 8.10462807976364e-16 5.14033260401447e-15 7.95047838719753e-07 2.77555756156289e-15 8.04245559038463e-14 5.62883073484954e-15 1.76381131922199e-12 8.32667268468867e-16 0 2.22044604925031e-17 7.80291812274569e-09 6.72847333405002e-12 3.44169137633799e-16 2.44249065417534e-15 0 0 0 0 3.34766248055729e-10 8.1734619072904e-13 4.55191440096314e-16 1.11022302462516e-17 0 1.11022302462516e-17 4.32986979603811e-16
0 0 0 0 0 0 0 0 0 2.22044604925031e-17 0 1.11022302462516e-17 2.22044604925031e-17 0 9.32587340685131e-15 6.08513239797048e-14 6.40849836641699e-06 4.44089209850063e-17 3.33066907387547e-17 9.99200722162641e-17 4.44089209850063e-15 5.25592902533845e-12 4.7729820096265e-12 1.45550238528358e-14 9.2148511043888e-16 7.7715611723761e-17 7.60502771868232e-15 5.86419801607008e-14 5.47595302435866e-13 1.07520417014229e-07 5.0664439310566e-11 2.66453525910038e-16 0 8.96822616169857e-12 0 1.41381051310674e-10 0 2.33146835171283e-16 2.4574342560868e-12 1.09209974397118e-11 5.02755725939608e-11 6.08168597815428e-08 8.57406131882232e-07 1.41497258354661e-11 1.50944035048894e-11
