Maxent_result_files_1/Bombus_humilis_2.asc
NCOLS 594 
NROWS 330 
XLLCORNER -15 
YLLCORNER 23 
CELLSIZE 0.166666666666667 
NODATA_value -9999 
[rows 231 to 251 of 330, columns 506 to 551 of 594]
0.0664896037429571 0.0232340153306723 0.0420434830710292 0.0209931164048612 0.0265649350360036 0.0164409976452589 0.0190087652765214 0.0211199487559497 0.0253010013140738 0.0156695572659373 0.022750895190984 0.017691339366138 0.0203296702355146 0.0534670606255531 0.0486679993569851 0.0124026062898338 0.0117608044296503 0.0174640676937997 0.00578532880172133 0.00753528168424964 0.00694462128449231 0.0019625449902378 0.00299373618327081 0.0018728269438725 0.00176640904974192 0.00150987464585342 0.00140016016084701 0.00096753608668223 0.00074074876611121 0.000578168025822379 0.000246016416349448 0.000480674482241739 0.000894680200144649 0.0021927326801233 0.000834443626808934 0.00051436826470308 0.00123413645778783 0.000987978698685765 0.00114142426755279 0.00389005175093189 0.00436926216352731 0.00137592374230735 0.00119248678674921 0.000768833988695405 0.000319912712438963 0.000200154358753935
0.0246675584465265 0.0141469272784889 0.0210407668724656 0.0237432161346078 0.055338317155838 0.0433811778202653 0.02590023688972 0.0256079973652959 0.132537483423948 0.0571285355836153 0.0160831747576594 0.0505714830011129 0.0285219112411141 0.0534852743148804 0.0156572473235428 0.00704429629258811 0.00669543177355081 0.00648423561360687 0.0043620592681691 0.00295884860679507 0.0018461070721969 0.00132473800040316 0.00123797104752157 0.00119942554738373 0.00100764775997959 0.000983311410527676 0.000808115652762353 0.000588503175822552 0.000589780484733637 0.000627858207735699 0.000772836417309009 0.000339391639136011 0.000293608221545583 0.000706019217614085 0.00183737432234921 0.00040679193334654 0.000618753518210724 0.000940880275447853 0.00108758194255643 0.00142739290604368 0.0020424006623216 0.00138686942518689 0.000757160174543969 0.000494468380929902 0.000836961931781843 0.000420971788116731
0.0539348043501377 0.0234630575403571 0.0256100973114371 0.0266823491081595 0.0548653464764357 0.0351138846948743 0.0613502021878958 0.0300701726227999 0.0304694507271051 0.0447566011920571 0.0465412892401218 0.0795130651444197 0.012502181250602 0.0185569856315851 0.00793048785999417 0.00695445130113512 0.00308871306478977 0.00379424854181707 0.00345529371406883 0.00258424609783106 0.00138537205639295 0.00126307728642132 0.000784917903365567 0.00113073337415699 0.00137598331202753 0.000603987381327897 0.00126256418589037 0.000871200193068944 0.000688825914403424 0.000500777628622018 0.000751724172732793 0.000287922607094515 0.000340737173974048 0.000493203285441268 0.000776802469044924 0.000954105806886218 0.00047198435786413 0.000784665590617806 0.000843196141067892 0.0011724122101441 0.000443154212553054 0.000398240040522069 0.000428212467522826 0.000302876868227031 0.000228385390073527 0.000223617593292147
0.0918659739196301 0.0427061581984162 0.0887855276465416 0.0412112161517143 0.0240380827337503 0.0381819121539593 0.0700040005147457 0.0254449833184481 0.0261841574683785 0.0394772052764893 0.0167511256411672 0.0148273101076484 0.00851769605651498 0.00610170876607299 0.00285019906004891 0.00226760454243049 0.00114647346053971 0.00373352703172714 0.00141648818680551 0.00125840363907628 0.00177332296152599 0.00119752634200267 0.00127851424040273 0.00110266238916665 0.00116723383544013 0.00082292759034317 0.00089042947802227 0.000607586247497238 0.000400108651956543 0.00068026676599402 0.000432909873779863 0.000444778791279532 0.000537993617763277 0.000368691653420683 0.000308157679683063 0.00097264169016853 0.000627823403920047 0.000392536577419378 0.000339813246682752 0.000502896527177654 0.000545841571874917 0.0004457645554794 0.000171421157574514 6.25470111117465e-05 6.31159251497593e-05 6.63810107653262e-05
0.0419925451278687 0.0381952416151762 0.0274109249934554 0.0321626223623753 0.0349993655458093 0.0373242558911443 0.0984775640070438 0.0470526468008757 0.0705850746482611 0.0294301334768534 0.013031689170748 0.0205134457908571 0.00540753880050033 0.00411487978417426 0.00323980180546641 0.00305921398103237 0.0033438297919929 0.0014540412259521 0.000573921180330217 0.000908564343990292 0.00145000619522762 0.00120979443599936 0.00122200431360397 0.00117818209400866 0.000970027392031625 0.000699623025138862 0.000712297465361189 0.000409085552382749 0.000354510579927592 0.00038051204464864 0.000489769420528319 0.000368669744057115 0.00045074496883899 0.000622821252909489 0.000354647547646891 0.000448298451374285 0.000565633390215226 0.000363372033461928 0.000509753216465469 0.000388073014619295 0.000655268991249614 0.000423368175688665 0.000204391768784262 0.000107225791725796 4.85089003632311e-05 5.26663110576919e-05
0.0314214052632451 0.0297419905662537 0.0372808467596769 0.0275921314954758 0.0281825505197048 0.0390219792723656 0.0516518339514732 0.0665933057665825 0.0541837949305773 0.0323794571682811 0.0160074611194432 0.00907224211841822 0.00620226033497602 0.00501809138804674 0.00849020564928651 0.00550074202474207 0.0028504274552688 0.000808146722556557 0.00063011701713549 0.00103812772431411 0.00125252396101132 0.00143921790004242 0.00137352978345007 0.00107447034679353 0.000917453826696146 0.000531030879938044 0.000526400688977446 0.000488678061810788 0.000402511683932971 0.000506199464143719 0.000436899103806354 0.000327698112960206 0.000385626437491737 0.000468635064316913 0.000343813857762143 9.26239430555143e-05 0.000589110428700224 0.000892495078733191 0.000317419819475617 0.000431535090319812 0.000296844494732795 0.000584818137576804 0.000317115653888322 0.000276644028781448 5.77371938561555e-05 7.83595511165913e-05
0.0117803761269897 0.0239261338487268 0.0114928040653467 0.0207005172967911 0.0225415040738881 0.0324996711686254 0.0434704210609198 0.0249838137999177 0.0344056228175759 0.0183375123888254 0.0215926362201571 0.0146510578691959 0.00890703136101365 0.00950324684381485 0.00451638463418931 0.00363258239813149 0.00300286402925849 0.00160931427963078 0.00215331359650008 0.00206142250681296 0.00132676236098632 0.000816722447052598 0.00074419385928195 0.00133444346429314 0.000654756717267446 0.000550959049724042 0.000546459652832709 0.00050269867060706 0.000396209390601143 0.000425642538175453 0.000280001433566213 0.000215390328958165 0.000267232134501683 0.00042085118329851 0.000448359137226362 0.000212162544630701 0.000163276255989331 0.000320141301199328 0.000605654262471944 0.00048044584254967 0.000560522431624122 0.000352841951826122 0.000206014465948101 0.000113390257320134 0.000115098801325075 0.000184608883137116
0.00697861798107624 0.00633434921037406 0.00548105563502759 0.00805884525179863 0.0198184446431696 0.0251827724277973 0.0474831663072109 0.0294560389593244 0.0199444242753088 0.0234216181561351 0.00946675683371723 0.00931386044248939 0.00664777383208275 0.00520825318526477 0.004385986039415 0.00316648214356974 0.00288829264463857 0.0019343574764207 0.00131481541902758 0.00135870795929804 0.00220732349553145 0.000992396281799302 0.000607319144182838 0.00078970113536343 0.000658624645438977 0.000514223090431187 0.000367406616715016 0.000474117195699364 0.000402566509728786 0.00033878463000292 0.000284645387728233 0.000369534353376366 0.000218651867180597 0.000292227539466694 0.000196586881793337 0.000189269900874933 0.000130584855287452 0.000297113761916989 0.000661938029224984 0.000873733396292664 0.000899126660078764 0.000866533629596233 0.000737826683325693 0.00030049166889512 0.00012220268145029 0.000244835401099408
0.00409964818973094 0.00253819875651971 0.00448757004924119 0.00218193748733029 0.0198672402650118 0.0217287106439471 0.0147819078527391 0.0184858929365873 0.0105671783909202 0.00959301246330142 0.00969022288918495 0.00474342904053628 0.00676742526702583 0.00455577406100929 0.00396688580513001 0.00189851516624913 0.00170746294897981 0.00193759894464165 0.00141637263586745 0.00111175274068955 0.000863465716247447 0.000796571269165724 0.000702197728969622 0.000929752871161327 0.000704414027859457 0.000610337084799539 0.00059802515024785 0.000459745466650929 0.000393689259362873 0.000306448776973411 0.000252269173506647 0.000196185072127264 0.000210614931711461 0.000337409458006732 0.00104154340806417 0.00108558388310485 0.00033040130729205 0.000385846836434212 0.000559699545556214 0.00053749705402879 0.000588534501730464 0.000302371659199707 0.000407423438446131 0.000248638841731008 0.000174633959250059 0.000579163385555148
0.000475095194997266 0.000942857505287975 0.00171362546971068 0.00657104477286339 0.0162648211233318 0.00842290343716741 0.0200965248048306 0.0230806028470397 0.0268816165626049 0.00930562266148627 0.0074585766531527 0.0186599778942764 0.00456699440255761 0.00486125973984599 0.00193701003445312 0.00171663374057971 0.00185895630856976 0.00126036993169691 0.000947333977092058 0.000709143023414072 0.000540464970981702 0.000481108625535853 0.000575203649350442 0.000551333966723178 0.000418160131084733 0.00035709805379156 0.00040924398927018 0.000415128959866706 0.000396769365761429 0.000396472435386386 0.000295342843310209 0.000224768212501658 0.000170381406496745 0.00018557200091891 0.000650469344691373 0.000986023724544793 0.000258182147808839 0.00028167906566523 0.000939809021656401 0.000897606741636992 0.000691578362602741 0.000374791985086631 0.000215288969775429 0.000436983536928892 0.000419114808028098 0.000539527165528852
0.000147764419671148 0.00102988342987373 0.00128354026819579 0.0083898616489023 0.0310165699571371 0.00993303074501455 0.0213115998543799 0.0234789868816733 0.00925205815583468 0.00644483705982566 0.016560161113739 0.00822337581776083 0.00349040817236528 0.00218803490279242 0.00281224778154865 0.00153880207799375 0.00119656064780429 0.000871030299458653 0.000794629982556216 0.000691023838589899 0.000575199056765996 0.000467484205728397 0.00053054739109939 0.000487017743580509 0.000538068162859418 0.000482519666547887 0.000413454361842014 0.000311725086066872 0.000311527264420874 0.000278157956927316 0.000257055139809381 0.000223221714259125 0.000220014718070161 0.000186879638931714 0.000211546727223322 0.000765861361287534 0.000292415662261192 0.000525441169156693 0.000443299399921671 0.000860902681597508 0.000803380837896839 0.000476491231529508 0.000333143476746045 0.000228039520879975 0.000244749690318713 0.000167086289729923
0.000457648409064859 0.000494459131732583 0.000465918409463484 0.000369233763194643 0.00206993533065543 0.00638192484620959 0.0170453753322363 0.0175532661378384 0.0204830565489829 0.0140964462421834 0.0126858472824097 0.00300701009109616 0.00209640540415421 0.00197024737717584 0.00116871882928535 0.00134183523477986 0.000912161110318266 0.000861416237603407 0.000660132455232088 0.000521729736647103 0.00068276378151495 0.00058700116496766 0.000672682857839391 0.000867488386575133 0.000579067842045333 0.000453607356757857 0.000435020976874512 0.000398312053584959 0.000328546638775151 0.000257666315155802 0.000215328492777189 0.000201315545564285 0.00050358986336505 0.000205785479192855 0.000201946297602262 0.000222489436418982 0.000279827948543243 0.000162156557053095 0.000195025152061135 0.000356967505649663 0.000654496060451493 0.00050340549350949 0.00123163279204164 0.000571999953535851 0.000500801132875495 0.000287470114562893
0.00051027956942562 0.000491426419466734 0.000321795526542701 0.00365812070667744 0.00841556005179882 0.0134639050811529 0.0163840721361339 0.0163630553521216 0.0163470602594316 0.00976674682460725 0.0104829617775977 0.00388567447662354 0.00740305352956057 0.00180574679980055 0.00127432941808365 0.00128474798984826 0.000687077581824269 0.000513299982412718 0.000420480419415981 0.000366042151290458 0.000537626682489645 0.000636005839623976 0.000541424711991567 0.000581182789755985 0.000323348850361072 0.000325999633059837 0.000297681975644082 0.000258024487266084 0.000363902210665401 0.000386965701181907 0.000293412914470537 0.000218478278839029 0.000204328262043418 0.000158046929209377 0.000142127198705566 0.00024678225745447 0.000235528757912107 0.000231938168872148 0.000396412206464447 0.000377529091201723 0.000745216722134501 0.00049749948666431 0.000905961566604674 0.000962525972863659 0.000606621861516032 0.000328908192750532
0.00025846881326288 0.000309351016767323 0.00242711836472154 0.00783984740264714 0.00775419380515814 0.00686168051324785 0.00986451008357108 0.0102326652500778 0.0117669965140522 0.00726898829452693 0.00769597939215601 0.00750502236187458 0.00214250042336062 0.00146064396831207 0.0010658445302397 0.000707806291757151 0.000692660306231119 0.000649803658598103 0.00059048304829048 0.000601843376352917 0.000603259461058769 0.000544932806224097 0.000564139916968998 0.000622268638107926 0.000618593284161761 0.000494180413079448 0.000451562795205973 0.000425901990092825 0.000542843421862926 0.000427652927464806 0.000342914990324061 0.000259096085210331 0.000270248020387953 0.0001900096074678 0.000204595012473874 0.000219655592081835 0.000300515374692623 0.000146268422395224 0.00031010680104373 0.00044569224701263 0.000597262030350976 0.000687408063095063 0.000415777806483675 0.00124442391679622 0.000700340198818594 0.000653492650599219
0.000210869684087811 0.000488493940792978 0.00392555084545165 0.00573014346882701 0.00250889442395419 0.00398165000369772 0.00675952862948179 0.00503187568392605 0.00840065139345825 0.0100215185899287 0.0169015106745064 0.00730186668224633 0.00171021720161662 0.00155914888600819 0.00151552335591987 0.000813844008371234 0.000959144759690389 0.00154093781020492 0.00196475003031082 0.00634377421811223 0.000671677844366059 0.000782000107574277 0.000799016673408914 0.000762216035218444 0.000648343258944806 0.00038391661219066 0.000513563583081123 0.000471792583994102 0.000407706554688048 0.000462499009154271 0.000331313935021171 0.000282726725708926 0.000264581111696316 0.000202089280355722 0.000168401843257016 0.000192991503718076 0.000287367957207607 0.000137727344917948 0.0002362437924603 0.00044956563069718 0.000247789919376373 0.000412304220662918 0.000571980657696258 0.00118287300574593 0.00098424791067373 0.00131164625054225
0.000163647723820759 0.000271204234741163 0.000975618435768411 0.00215379251749255 0.00185568393208086 0.00831813947297633 0.00870848270133138 0.0117962897755206 0.0140090360306203 0.00632827244699001 0.0115899381227791 0.0144401515834033 0.00187013054965064 0.00160150519222952 0.00137782498495653 0.00199133664136752 0.00139611769118346 0.00256829428253695 0.000837375174160115 0.000683826554450206 0.000869850799790584 0.000959074799902737 0.00106623167230282 0.000769319068058394 0.000469531840644777 0.000544561415154021 0.000532388797728345 0.000499914267857093 0.000425437687226804 0.000385380664374679 0.000470110209425911 0.000337349974142853 0.000358270926517434 0.00028721978815156 0.000238444334536325 0.000212174027547007 0.000154448789908201 0.000133781292970525 0.000172092036154936 0.000427551998291165 0.00027671706629917 0.00023609785203007 0.000299421038653236 0.000389579650072847 0.00150714105111547 0.00117323629092425
0.000421938695944846 0.00137231769622304 0.00254951862152666 0.00864291382022202 0.00497808493673801 0.00991208092309535 0.0109788153786212 0.0170729431323707 0.0190165173262358 0.00774702625349164 0.00912825628183782 0.00317544812569395 0.00167673077085055 0.00230014738626778 0.00201838124776259 0.00109750498668291 0.00150490240193903 0.0014840837509837 0.00112469957384747 0.000847360258921981 0.00108185974240769 0.00110034406534396 0.000809787370963022 0.000829071912448853 0.000871164380805567 0.000727193368948065 0.00063572727231076 0.000622993217257317 0.000665875358390622 0.000423222448443994 0.000391784663952421 0.000443673135305289 0.000550325532094575 0.000546564624528401 0.000258129784197081 0.000149882394907763 0.000148592354526045 9.38173607210047e-05 0.000145306163904024 0.000211244037927827 0.000446007732534781 0.000157866342487978 0.000138249583687866 0.000177890248596668 0.000167895737467916 0.000282809342024848
0.000988346923259087 0.00239046196220443 0.00409412473673001 0.00685508064925671 0.0129288804717362 0.00890091005712748 0.0133042078465223 0.0212207810021937 0.00308042699471116 0.00544005909468979 0.0023328309529461 0.00282997984904796 0.000989010342163965 0.00150229096179828 0.00160373641992919 0.00174869537295308 0.00130718200671254 0.00169157876516692 0.00130170927732252 0.00114406765205786 0.00525312786921859 0.0013446188881062 0.00156158243771642 0.00135630959412083 0.00346401667920873 0.000949108169879764 0.0010176019044593 0.00742880096659064 0.00281812640605494 0.000626209234178532 0.000332501283992315 0.000211693238816224 0.000778141466435045 0.000940484646707773 0.000526612791873049 0.000215257448871853 0.000185370420877007 7.33870294425287e-05 6.92804477694153e-05 0.000373068920453079 0.000433370393875521 0.000336052717466373 0.00020605798708857 7.5640803333954e-05 5.33119075043942e-05 5.98426138822106e-05
0.00243142272811383 0.0049826277885586 0.0103872442618012 0.00784026863984764 0.0115784130990505 0.0126950711011887 0.017366259265691 0.00428039785474539 0.0035325572360307 0.00306660539936274 0.00317974708741531 0.00182133644120768 0.00236970090772957 0.00268252439564094 0.00131520214490592 0.001051254151389 0.00255161880049855 0.00241827082354575 0.00366771977860481 0.00179731491953135 0.0016416804632172 0.00155198553693481 0.00119239414925687 0.000999017729191109 0.00389969497919083 0.00111606389982626 0.0017539281048812 0.00514161316677928 0.00090045549441129 0.0022999853361398 0.000770424274378456 0.00109466690337285 0.000688708023517393 0.00131929341005161 0.000237341813044623 0.000297012877854286 0.000469149371201638 0.000194534566253424 0.000202293974871282 0.0001694786016742 0.000227662199176848 0.000121564535220386 0.000141327042729245 0.000168076837871922 0.000165746673883405 6.3252843938244e-05
0.00775352078489959 0.00693399277515709 0.0114590270444751 0.00921184448525309 0.0123502859845757 0.00312907320912927 0.00126281096891034 0.00202719160006382 0.00205624658847228 0.00192954071681015 0.00183726415270939 0.00181470019742846 0.00211333191255108 0.00213396243634634 0.00184261375106871 0.00269740987569094 0.00739239142276347 0.00486484826542437 0.00369178398977965 0.00381368456874043 0.00139075670158491 0.00166347144404426 0.0020462820190005 0.00265609346097335 0.00269049690105021 0.00106761721544899 0.00351331504061818 0.00111486286623403 0.00125935369869694 0.00564398502465338 0.0131248048506677 0.0177407344803214 0.0045809016097337 0.00135352544602938 0.000160899690308725 7.44509040487174e-05 0.000159595371951582 0.000135270473037963 0.000162441734210006 9.6268140077882e-05 3.53500573055499e-05 0.000172330265922938 6.76349363857298e-05 8.53314499181579e-05 7.31160051145707e-05 2.78130212336691e-05
0.00762569685466588 0.00442608613520861 0.00855320449918509 0.01017871722579 0.00982840619981289 0.0044291838305071 0.00213784521911293 0.00144281465327367 0.00154469824046828 0.00136001869686879 0.00184842131566256 0.00192106477916241 0.00424130846513435 0.0015260087151546 0.00235946357715875 0.00431217490695417 0.00795265049673617 0.00265263727633283 0.00269247115356848 0.00156997748999856 0.00137808747822419 0.00190580480266362 0.00201734205475077 0.00190249182633124 0.00252067783148959 0.00218436267459765 0.00491670574992895 0.00320976965595037 0.00346279905643314 0.00327970606740564 0.00137334621977061 0.00126897324225865 0.000419243577925954 0.000295766490307869 0.000445351866073906 0.000358238496119156 0.000239283579867333 0.000105556653215899 6.11718103755265e-05 8.10947036370635e-05 5.01040973176714e-05 5.85526776376355e-05 0.000158139725681394 7.83913901614142e-05 2.89218635771249e-05 2.14391523059021e-05
