Maxent_result_files_1/Bombus_flavidus_2.asc
NCOLS 594 
NROWS 330 
XLLCORNER -15 
YLLCORNER 23 
CELLSIZE 0.166666666666667 
NODATA_value -9999 
[rows 120 to 139 of 330, columns 540 to 584 of 594]
0.000489779657254985 0.000946627884695772 0.000996344242594205 0.00109773209260311 0.0014483169419691 0.00111592092725914 0.000930917664663866 0.00116067135240883 0.00065434279749752 0.000958839840313885 0.00104502631220384 0.000769999314070446 0.000628045719713555 0.000927822368976194 0.000593160923017422 0.000797268004680518 0.00141894864791539 0.00101647630654043 0.00475311584887095 0.0093137793475762 0.00487137890886515 0.00510271693347022 0.000951338394588674 0.000606752622479689 0.000457923399517313 0.000663213244479266 0.000722794883040478 0.00060342574652168 0.000494043764047092 0.00046916541941755 0.000521338249018299 0.000569715936580906 0.000669102584652137 0.000649343975237571 0.000894371676258743 0.000692026780598098 0.000780447608121904 0.000789707524381811 0.000550471240421757 0.000527296931250021 0.000495182177837705 0.000771565965260379 0.000733843228954356 0.000929339148569852 0.00140359942743089
0.000662529106557486 0.00071317586080113 0.000942852968728403 0.00185902250232175 0.000473726359632565 0.00130582372512436 0.00135039425367722 0.000935399478476029 0.000629368917725515 0.00083285103974049 0.00118238177856256 0.000952108547789976 0.000564668783772504 0.000856580943218432 0.000960459228372201 0.00087714727706043 0.00124340474139899 0.000597842046045116 0.00231063257524511 0.00775676746270619 0.000986142863985151 0.00135099380277097 0.00356085997191258 0.00274812998541165 0.00316644021077082 0.00129634587210603 0.000540686579188332 0.000464885489691369 0.000566074072730771 0.000550178907451482 0.000694353166909423 0.00100854026422894 0.00112761860427781 0.00104943571786862 0.000476247265214624 0.000632424349714711 0.000813622463101638 0.000828868743337807 0.000511457779794 0.000827606320672203 0.000739688902103808 0.000707454593066359 0.000743437949131476 0.000882934822584502 0.00380447008647025
0.000820679599564755 0.000656058397726156 0.00073830482615449 0.00368525473750196 0.00156526615901385 0.00106135475361953 0.00117514655576088 0.000876767828594893 0.000888370385655435 0.00081797646053019 0.00112646798661444 0.00106247555231676 0.00107242620651959 0.00083981571442564 0.000799655378068564 0.000889012990228366 0.00101913506368874 0.00105738756756182 0.000812879462318961 0.00207619351203903 0.000888832018245012 0.00134585046471329 0.000936856269254349 0.00226557800197043 0.000791144093091134 0.00075501234823605 0.00174777396023273 0.000774580491270171 0.00156179923869786 0.000920255749952048 0.00081241575680906 0.00120003300817189 0.000688000193622429 0.000787835913797608 0.000815298916586471 0.000763988120706927 0.000701550167650566 0.000682386049811612 0.000769513920022291 0.000882575607101899 0.000933176980470307 0.00126413634134224 0.00229431601474062 0.00184719345706981 0.00258282342692837
0.00222280000452884 0.000860036197991576 0.000822082717058947 0.00133081917883828 0.00143185043853009 0.000775804664044699 0.000775058853105293 0.000783752406277927 0.00146049009781564 0.00107032624873682 0.001336222095415 0.000900780918891542 0.0248244734946638 0.000817291520070285 0.000818734984204639 0.0021604570603813 0.00385360048094299 0.00167543537536403 0.000941240831889445 0.000713896154047688 0.00104928808286786 0.00103653087862767 0.00116594163118862 0.000972579627705272 0.000854108377825469 0.00056054001688608 0.000738742738758447 0.000822153731496655 0.00126576636321261 0.000822068891284289 0.00269183908967534 0.000645739793435496 0.000598330200978126 0.000809261585800414 0.000678094793784112 0.000865148473531008 0.00068630495807156 0.000552966794930398 0.000954785656358581 0.00124349277175497 0.00161214208928868 0.00786026134155691 0.00283697781269439 0.00288877779385075 0.000986834015202476
0.000931086531636538 0.000850429217825877 0.00107350902508188 0.000923057941690786 0.0029491728040739 0.00319798938580789 0.00276810693758307 0.0167842719703913 0.00621555473771878 0.00188994927229942 0.0101742293452844 0.0646468335296959 0.0343112139962614 0.0264812119770795 0.174998904578388 0.0501838968135416 0.0037189794704318 0.00156949921802152 0.00207550361228641 0.00259278062148951 0.00354347915854305 0.00244682707125321 0.00115166500909254 0.00098529125971254 0.000772531117036124 0.000801246389892185 0.000806456303689629 0.00241280914633535 0.00146139280041098 0.000708977954491274 0.000596677700923465 0.000603437190557088 0.000571011196439031 0.000638498764237738 0.00231732629545149 0.0024597225819889 0.00103890834943741 0.0012141937186243 0.0025674387026811 0.000906645631766878 0.00099762114987243 0.00338042489020154 0.00225042238016613 0.00105309784121346 0.00176796352025121
0.00296735122683458 0.0041322949458845 0.000935325057071168 0.00127226723125204 0.00150881337467581 0.00995321713853627 0.00294833549414761 0.0167929096613079 0.0369574952870607 0.0460771185578778 0.0812444781884551 0.0212742346222512 0.00403190539218485 0.00101126175140962 0.00129828477511182 0.0787839552387595 0.0808279713615775 0.0198971055913717 0.0555800181813538 0.0249185518361628 0.0203934592194855 0.0055573234683834 0.00300155853619799 0.00332178662065417 0.00236135661834851 0.00257955914130434 0.00711836211849004 0.0806389926467091 0.00300077366118785 0.00491493682493456 0.000744107544232975 0.00065331413234162 0.000491161290187847 0.000756524324060592 0.00113609552699927 0.000711914286875981 0.00121359299082542 0.007347052131081 0.000515597223420627 0.000840364008035976 0.00381978528457694 0.0135555224958807 0.00434646965004504 0.014663206692785 0.00281698882754426
0.00123039649552084 0.000448385022286857 0.0091980503173545 0.00444988536182791 0.00968309128656983 0.0112439420772716 0.0326145634520799 0.0391450308728963 0.0352389604784548 0.011975863086991 0.0105605692544486 0.0600193461403251 0.0154403353109956 0.0111562512814999 0.0038198413385544 0.00554304819088429 0.125472603412345 0.0126187849557027 0.028785602003336 0.0466813853476197 0.00685874179471284 0.011040868749842 0.0426049116067588 0.0401451918296516 0.0657626844011247 0.00554817238007672 0.0113980131805874 0.00271523646370042 0.00824814017978497 0.000973879057073645 0.000756853650409539 0.00239041363602155 0.00272272836591583 0.000916349081671797 0.000452861679326588 0.00257361778203631 0.00218693012429867 0.000721826644985413 0.00112038561537702 0.000957276075496338 0.00213357596221613 0.00211526272032643 0.000809428386492073 0.00320585834560916 0.00232304543606006
0.00888120842864737 0.00257942622702103 0.00100623416947201 0.00114982864761259 0.00247485751297063 0.00115069213061361 0.0592137186089531 0.00788568327552639 0.0133920877706259 0.031705282535404 0.0343511505052447 0.0169631946715526 0.0285140966996551 0.00657461167429574 0.00975233414210379 0.00507957892259583 0.00406572502106428 0.0149761642329395 0.0303761729039252 0.0201024175621569 0.00788094355957583 0.00474199234740809 0.0120092505123466 0.00127352133858949 0.00998923252336681 0.00418245712062344 0.0129818337503821 0.00246691722677497 0.0666073442203924 0.00250859396692249 0.000733988284446241 0.00530603170045651 0.0108101974939927 0.00325459911036887 0.00150349204541271 0.000974282618699363 0.000712503386785102 0.000664931391202117 0.000828624677524203 0.000660890762446797 0.000617927225448511 0.000896670891233953 0.000859179168037372 0.000823749895062065 0.00124682140594814
0.00326456549373688 0.00299505230141222 0.000842505747277755 0.0104270318173803 0.00152175029434147 0.000803759586051456 0.0137850051862188 0.00169212930331923 0.00231229286073358 0.00732870678766631 0.0124355783220381 0.0266668645199388 0.0359418757259846 0.0510300459340215 0.0342465536668897 0.0418483826331794 0.0129540527239442 0.00913950996473432 0.00823276825249195 0.0394265385344625 0.0590993538498878 0.0157479773275554 0.00284598874859512 0.00850942282704636 0.00185444839589763 0.00520240740734153 0.00590027112921234 0.023661245952826 0.0133340741624124 0.0172879543621093 0.0335107181454077 0.0059878248401219 0.0466896341997199 0.0540600107284263 0.0111918193342717 0.00106988073139291 0.00033495705077371 0.00204567003693228 0.00202851922513219 0.000574860813912892 0.0006880068933242 0.000740063910961908 0.00066308594396105 0.0014740831706149 0.000948521228565369
0.011268533400289 0.00242311158617667 0.0116210271953605 0.00820639137527905 0.00684605655842461 0.0015185849786576 0.000441577206947841 0.00107261080138414 0.000361202463136578 0.00222817852527442 0.00720803470467217 0.0278736507054418 0.0466960008256137 0.0352721747010946 0.0339569199830294 0.0290012506768107 0.0386286742985249 0.0203244375996292 0.0141354118008167 0.0397612587548792 0.0434021836146712 0.00900857492815703 0.0242727722972631 0.0225915324874222 0.00790234216256067 0.0447868758812547 0.00288029702787753 0.00378595335678256 0.00664609515952179 0.0145042958727572 0.0205186152248643 0.0985462627722882 0.00552264521647885 0.00407532362969505 0.00569885245695332 0.00331022246573411 0.002478644788971 0.0126246150888619 0.0699491544393823 0.0295253826538101 0.00273322929278947 0.00423132751966477 0.0301572995304014 0.0189240341103869 0.0633851325605065
0.000410607969740795 0.00222342750248572 0.00217858490213985 0.000213101590207998 0.00118194656706692 0.00314693734617322 0.000305323627401322 0.000493877853500635 0.000329397036148293 0.000518363717765169 0.000157143740887022 0.000189130194820564 0.000470513788468452 0.00062391297292379 0.00162426063270686 0.00235213092273625 0.00132404750474961 0.009799073744216 0.00227567215697491 0.00227675958321925 0.0042159434822679 0.00676253373094369 0.0116800495074131 0.0180206901393831 0.00491414557545795 0.00465029559636605 0.00264651320130724 0.0116296168074768 0.00179941242438986 0.118746033543721 0.0349360994092422 0.0169132073307992 0.00521959455218166 0.00113678436327973 0.00284588242366226 0.00101015437130627 0.00353603541143457 0.0231489408681227 0.000708493004287902 0.00283801108835178 0.0544696586439386 0.00256834540050477 0.161959790252149 0.0331245710141957 0.0817869304213673
0.000194641781234139 0.000630684377154012 0.00011585430557588 0.000153065639324268 0.000418472438502704 0.000242514590638621 0.00029127715802133 0.000136039207745853 0.000395809773056044 0.00262130562841776 0.000113270315972613 0.000361678016793121 0.000413246659957167 0.000286165448096654 0.00199859839431156 0.00107654644698414 0.000726434057742153 0.000882544455134848 0.000442767585400361 0.00235782168147125 0.00120390235970262 0.00121531825816419 0.000771388980638221 0.0032406624432042 0.0097400933096651 0.0325179948005825 0.00389350597070006 0.00812201141889091 0.00736893128269003 0.0147233342671825 0.0165123608487193 0.00766316927984008 0.00869328016415238 0.0638929724227637 0.0785744564549532 0.0374315534372727 0.00353727504361814 0.00489613861814178 0.00449047106103535 0.00360205858421523 0.0025677708137664 0.0153561301412992 0.0151116989552975 0.0339248314499855 0.0265401070006192
0.00186340779373495 0.000172941497781665 0.00177120099360764 0.000119302298139701 0.00203103566154823 0.00211018408463133 0.000157063647264977 0.000552823303576133 0.000156541563603696 0.000164605032841791 0.00215571946173441 0.00221619285694032 0.00229073331283871 0.00261565651217097 0.000296575153583944 0.000338737461424898 0.00216270832042937 0.00099391608255246 0.000375525731533344 0.000403825105058786 0.00155724825817742 0.00354663836224063 0.000399962560641143 0.000249909690148797 0.000565278490444143 0.00271108166707563 0.00256305557613814 0.00192343859034736 0.00199959279452742 0.00973739466280676 0.0281602855655365 0.0381106399465352 0.0159762360039167 0.00751790303165762 0.0194644528091885 0.0226191886002198 0.00497090781136649 0.000464014896840581 0.00191458601232171 0.0051538076462748 0.00414896002330352 0.00688407802954316 0.00160134552861564 0.00170184998423792 0.0100263922475278
0.00134871640798337 0.00136253431833211 0.00143951808076963 0.000132142242929945 0.000480903346874584 0.000403081963315799 0.000111124811547825 8.57547467603581e-05 0.000136742119462951 0.00186862832688348 0.000165926247268544 0.000170243253211311 0.00195363902303143 0.000164682846730102 0.000143546035997133 0.00253868161180435 0.000851147235516692 0.000432809013364022 0.00082011970334861 0.000779906069874414 0.0011620056548054 0.000557031028392885 0.000869272777845254 0.000172103474989171 0.000770577701268849 0.00112437512752877 0.000234915682358405 0.00138451318389343 0.000781974621986592 0.000256094829541098 0.000297578678475929 0.000226569881498051 0.00019857352475583 0.00753797730394581 0.00937909642598242 0.0617633627844043 0.0402312630205415 0.0349822263000533 0.0121853923308663 0.00776049115229398 0.0105560182360932 0.0184498715680093 0.0524327670224011 0.00427548189181834 0.013562349230051
8.94359150478863e-05 0.00101815395637459 0.00108793538461214 0.00119818710491018 6.67902765847828e-05 9.27039409617692e-05 0.00165606706996186 6.32963315283064e-05 0.000120549420975635 0.000127752747692966 6.68165625028472e-07 0.000268907354293901 0.000145235007283873 0.000107814275187934 0.000125270434250524 0.000179868641941994 0.00220147534273565 0.000673126305810001 9.75134434327174e-05 0.000360674086050494 0.000224256932301614 0.000366212801054644 0.000394638284933535 0.000275432116791308 0.000663412763515225 0.000262738182732392 0.000528799253470424 0.000143164504140714 0.000705567990007694 0.000958836408585739 0.000503545817207396 0.000274792285900105 0.00119275998765715 0.000297165041025949 0.0018302519850522 0.00898468448212952 0.0342398059787229 0.00268360275995292 0.00319129522758885 0.00510714346164605 0.0191874382318929 0.0127081741578877 0.00832499722018838 0.0391373713500798 0.0471028245985508
0.00084529089017451 0.000970570979006879 0.00102398181586523 4.78327181459903e-05 7.91839954061402e-05 0.000158961779797551 0.00134663498029113 0.000128385307328927 9.87172886539156e-05 0.000120257297314197 5.46882146231553e-05 8.43484403802108e-05 8.80747378062097e-05 9.30826792838957e-05 0.00010111867375997 0.000151188550876213 0.000141540732897738 0.000137999423668589 0.000519434671286945 0.000440157868524693 0.00192804304970196 0.000138608082977498 0.000153304872958415 0.000846324105259555 0.000596418007535249 0.000246135408042392 0.00256543291379785 0.000203229179840037 0.000169253457187324 4.10183957747057e-05 5.68511131253113e-05 0.00037304348691336 0.000637165607912493 0.000731656923133528 0.000198693083626722 0.00012345027324514 0.000809687058529107 0.00279844644612695 0.00222250830320263 0.028530438663438 0.0111043334152782 0.0429028182290494 0.0474251138046384 0.0377416729927063 0.00459275958855869
0.000747447419439595 0.000866767338902719 0.000971798056730222 0.00100490023583006 0.00115672001525127 0.000223382552144358 0.000121129772179529 0.00131821098352702 0.000115703495853836 4.62247630828028e-07 7.32921968705114e-05 2.03563684175734e-07 8.77206984583267e-05 8.253292076148e-05 0.00120655393534435 7.88540585062947e-05 0.000329275872263679 0.000154333076500279 0.000482956651376298 0.000619867498653548 0.000169625530952544 0.000197663262292735 0.00019528888340119 0.00237129332253971 0.000661044708795089 0.00022328234347242 0.00235587205079355 0.00229245517912204 0.0004762929138451 0.00100936996959717 0.00218615230769501 7.70226670610441e-05 0.000141573400634343 0.000244690133221326 0.000835126875102787 0.000354793393240982 0.00134915944555587 0.00151719670900547 0.000241126878511011 0.000181666968611438 0.00174168491325872 0.00240840829628723 0.00241308259319339 0.0022420534874982 0.00225096515860059
0.000668803557715592 5.09331620484943e-05 0.000854761972277629 7.14638226384068e-05 7.96937273761955e-05 0.000971626589989682 6.01729483804547e-05 8.6768970106732e-05 2.95445886067114e-07 6.02827128219019e-05 8.05443502692071e-05 5.5343577425937e-05 6.57127355687237e-05 6.50909257874588e-05 1.43773786246415e-06 3.83989916449057e-05 8.14723121352223e-05 6.69265792584417e-06 0.823502482008189 0.000138254048590625 0.000133204580754409 6.93516767857005e-05 6.81477259433905e-05 0.00019612034320744 0.000162465388768851 0.00186361085688986 0.00186807030422642 0.00197548703526991 0.00202326814178377 0.000568723435662832 0.000625965890299085 0.00174347957363352 0.00172512147182715 0.00184760757683762 0.000494773397221593 0.000348510252504752 6.63680424938917e-05 0.000183450383718764 0.000150816508458007 0.000172701635179351 0.00239497454731463 0.00233059476322524 0.00214057857720036 0.000311745711212552 0.00204718410404894
0.000651944018181894 0.000170199761683065 0.000728889316053483 0.000732150153407929 0.000744699448159736 0.000744037451909207 0.000217037593829161 0.000727022327760096 0.000233011264923277 4.60538095994334e-06 2.92915068685451e-05 1.74260577230689e-05 2.57288817534507e-06 1.4781517991258e-05 1.571776913456e-06 1.72036108562201e-06 8.03378079977657e-06 4.25847244604149e-05 4.74657735461736e-05 5.29757723995772e-05 6.67990213429448e-05 0.00439060796034951 8.30762233633209e-05 0.00167165307748292 0.00176579384633442 0.00172798576149944 0.000192322857424188 0.000190515227745891 2.52292432947332e-06 0.000150862507274496 0.00016165916599391 0.000131655836911193 0.00154131408803551 0.000745662955301896 0.00108913382216542 0.000413014208211848 0.000685924570183261 0.000588387597736073 0.000202893876132748 0.000206794404485322 0.00237584393198631 0.002102302097137 0.000165219701784736 0.000281149884369825 0.00223638401294011
0.000620388168408681 6.28425453514936e-06 5.40287449951826e-05 5.14141519265543e-05 8.03566264984124e-07 5.32928307141134e-05 0.000571568749023754 1.06984296333046e-07 3.42296037807444e-06 2.83675639956793e-05 1.91107040075078e-06 7.94947077062957e-06 1.44780308680703e-06 2.34746228405802e-06 5.34654584050109e-08 1.33687592031029e-06 1.39441096336235e-07 3.23040088217041e-05 4.61246387416736e-05 0.000286076853444683 9.50489124534215e-05 6.23771168648091e-05 0.00125765863422203 0.00134522116086373 0.00014950304201875 0.00152595798117545 0.00149086225037536 0.00146123411577719 8.91385248792176e-05 0.845153017342091 0.00141301421394928 0.000117110764072947 0.000173030818348252 0.000143345935845218 0.00150435789682888 0.00014834739007199 0.00171570019183491 0.000507849838919583 0.00131243460375572 0.00690983682543447 0.00134865315371826 0.00197414478834617 0.00199594694222469 0.00218782028550777 0.000239587574833422
