Maxent_result_files_1/Bombus_sulfureus_2.asc
NCOLS 594 
NROWS 330 
XLLCORNER -15 
YLLCORNER 23 
CELLSIZE 0.166666666666667 
NODATA_value -9999 
[rows 180 to 199 of 330, columns 90 to 134 of 594]
7.95150781685017e-07 1.57919273249263e-05 1.40655379055943e-05 6.92307132532655e-07 4.22774152752936e-07 6.44058272458725e-07 1.92116219566163e-06 6.87063135285104e-07 4.05793389059994e-06 4.31356275276684e-07 4.7138742567121e-07 0.00088010377730825 6.2866213028645e-07 2.57608168681145e-05 1.44164302525951e-05 4.16385407830955e-07 1.0580961425477e-06 3.94048035623484e-07 3.95784545126343e-07 8.78632492151699e-07 7.01418961157607e-07 2.14455940824587e-06 6.55076280309252e-07 1.22842631040676e-06 4.67350042210324e-07 8.98439424801278e-07 8.18397232933421e-06 5.44605582959434e-06 3.28099319631292e-05 7.87981602570653e-05 0.000124467379828275 6.23174646119384e-07 5.21016989085688e-07 3.22401320715926e-06 1.3154796664594e-05 1.2299228006718e-06 5.35623989890155e-05 0.000341786358694662 0.000216389174784126 0.00146682693230105 0.00134168820723062 0.00204898191332177 0.002246137205384 6.45435824026208e-05 1.59689109295869e-05
4.20604054891527e-06 8.6132511158965e-06 4.44180243555081e-06 7.99846871313292e-07 7.48112552984015e-07 4.35216609229183e-07 1.41459399003452e-06 5.78315826671449e-07 5.45797011208826e-07 5.05578662424178e-07 0.00024860153789632 0.00135905882489169 0.000690244462748524 1.36419757495787e-05 1.57620404124259e-06 6.8261076194176e-05 1.95314120392531e-06 3.03306328242048e-07 4.03089042977367e-07 4.46083508442996e-06 3.90284855722456e-07 9.43016454912904e-07 2.51799683304021e-07 4.09292511405201e-07 5.18520452641447e-07 2.27141312629797e-06 3.83970849533455e-06 4.68449104715774e-06 0.000144715458736755 5.58617483363832e-06 0.000231012646327144 5.56217931968472e-07 1.45637143762478e-06 1.6936648550292e-06 1.88432305456843e-06 5.10234664545806e-06 5.64724432763342e-06 2.33493199402801e-05 0.000112514161628496 0.0022465870839369 0.00599411215771397 0.00149156676670827 1.15654074335225e-05 0.000236977224403745 0.00346700482186861
2.63255354553404e-06 8.98991291098383e-07 9.99029192860767e-07 7.06742699652097e-07 8.82685077774337e-07 8.40357157017024e-07 7.02959653919866e-07 4.4011826387802e-06 4.73559003637547e-06 0.000745622539398028 0.000104211920552189 0.00260535053530475 0.000291514884884236 0.000946130909142084 8.23969628582777e-07 6.03261056664195e-07 4.36742277232227e-07 9.00999850883544e-07 2.27388271355267e-05 3.18610821181675e-07 4.48246115769546e-07 1.84904146247611e-06 5.28945892028787e-06 8.19052739053916e-07 4.52361348346475e-07 6.22463527011341e-07 5.57227417063988e-07 3.02761718273814e-07 6.24050682285215e-07 4.20010711877694e-05 2.81622473721654e-05 3.52698088832426e-06 6.30621634500894e-07 9.30629709272601e-07 1.81321558825331e-06 1.98343100610288e-06 8.33806700768491e-06 5.34102158695759e-06 2.76379481309874e-06 0.00018545895582065 9.93160696452833e-05 1.61163913816154e-05 5.86349792044416e-06 3.89715504098831e-06 1.86766628610391e-06
9.03866428416222e-05 3.97390917896701e-05 3.25220993659059e-05 3.31204848865729e-06 2.04051289941276e-05 7.9291055321562e-07 2.31533939900608e-06 9.23898974458659e-07 1.29660051648717e-06 8.89968002866226e-06 0.000151722017108114 0.00175582753654453 0.00391095779577881 0.00511777859355789 3.29986547420447e-06 1.28974142070692e-06 3.771120900109e-07 6.34442304714433e-07 4.46349091987042e-07 2.67026641495249e-05 6.93417271346863e-07 1.52741711247018e-05 9.05278324978553e-06 1.36963558475145e-05 1.33855124488491e-05 2.05395953285503e-06 3.36217390894955e-07 3.36580651416618e-07 1.55952053382258e-06 8.14064659607539e-05 2.9835242947307e-06 5.0762801820925e-07 2.33299511429585e-06 3.80913714863596e-06 1.80222406922503e-06 3.65604932817121e-06 1.51626335423316e-05 6.33495863979761e-06 8.38963341607268e-06 5.21816300533828e-05 0.000695122542310855 0.000104223195194209 1.53801840042433e-05 7.86130181950284e-05 0.000985765338555211
1.60968316004206e-06 9.56261681324122e-06 6.58233455851587e-05 7.11453477464374e-07 6.94926059296996e-07 4.30698483344649e-07 1.04047122695405e-06 8.89072938270452e-07 1.2653073542479e-06 1.86333988387855e-06 1.5965450294364e-06 2.12148671860923e-06 0.0002175875219109 0.00190672782628099 2.09700067390628e-06 1.11615917132157e-06 2.4000996446949e-07 1.10585050838719e-07 8.25128693193733e-06 0.000275008993048687 2.9629452916069e-06 1.18019247444812e-06 2.40320616953227e-06 4.43659238044347e-05 0.00136210540167667 6.17521138153165e-06 2.94091047559064e-07 6.08489134268364e-07 9.08309873011604e-05 1.19530144360169e-05 1.35538890647879e-05 2.17408192879631e-06 6.34493868574282e-06 1.87585518860445e-06 6.23574547864436e-07 3.34143554381328e-06 0.000231462069859845 0.000155570837978303 2.78183993351888e-06 1.00977899023746e-05 8.84303996144808e-06 3.23139856845955e-05 1.61745123023138e-05 0.00113575837731332 0.000392918931902386
1.095509375304e-06 1.16055291767836e-06 8.18841068350729e-07 5.83092877770586e-07 7.85925585566893e-07 8.17091938820624e-07 2.35454465000728e-06 4.99868046199836e-07 4.1817784054432e-07 1.27342763418525e-06 3.78376474030606e-07 2.82969241161002e-07 7.0572248456191e-07 5.3098066816748e-07 9.01360238421134e-06 4.2841247760439e-07 4.19071544732752e-07 1.73132160273815e-06 8.3434459739351e-06 0.000199952449111152 1.34074177935872e-05 3.78176818238707e-07 1.47261027063639e-06 0.000113738639265648 0.00148640177048947 2.9099778021191e-05 1.87040630723612e-06 1.05000789997201e-06 0.000173555372748524 2.85139331723805e-06 1.42444166300493e-05 1.06346863498752e-06 2.81792844720741e-06 0.000100974385532027 0.000172304394982348 0.000209137204183207 1.83403238679603e-05 7.13377726810904e-06 3.64119277520558e-06 1.04535360833324e-05 2.97912890800944e-05 1.81313160055652e-05 9.2179972489248e-05 0.000108705344791815 1.98409134753774e-05
1.34869637844481e-06 1.30584459467897e-06 1.58064589789175e-06 9.24232137489156e-07 3.24794447108534e-06 6.02286269724139e-07 8.68997098779634e-07 4.11935082900161e-07 7.77170384602677e-07 6.16578772161258e-07 4.74262892979915e-07 3.39353712408563e-07 1.2669048823577e-06 7.17068656852504e-07 7.23221899434634e-07 1.53254753669785e-06 4.51690912295355e-07 1.20029900024798e-06 5.17286872216971e-06 1.72741804804755e-06 2.105527777303e-05 1.39825061258314e-06 7.63330115063354e-06 2.30789493826933e-06 1.12312186047347e-05 5.57259836249102e-06 2.04268853622125e-05 3.47799268018978e-07 1.20411114337138e-06 2.32446920169771e-06 6.38474616976303e-07 6.22369895098007e-07 1.3295940577307e-06 2.91161702079989e-05 6.22118231149216e-05 7.14585187779448e-05 7.00792008956341e-05 5.34583620037665e-06 9.96085597762431e-05 0.000174643055470369 0.000331801089487271 0.00415265182382427 2.113548169973e-05 2.718723466133e-06 8.56702398436937e-05
1.36151674513529e-06 1.21349357099509e-06 1.46715975227751e-06 4.18419708645423e-06 8.04998217818209e-07 8.4807852591684e-07 5.6726458245171e-07 3.44970948109591e-06 3.32409263421596e-06 1.8015727576981e-06 8.3896790059157e-06 8.64910634579275e-07 8.30893184322612e-07 5.63871071768141e-07 8.37608326786921e-07 8.38163537224545e-06 1.31152725937334e-06 1.07701066530685e-06 4.38050701345727e-07 1.30462941626774e-05 7.46431074249987e-07 7.00054651447957e-07 5.57347377778683e-06 6.08119733414014e-07 5.92746606997707e-07 1.42885769358614e-06 2.55030133295975e-06 4.31872492745455e-07 7.43853841669306e-06 4.66032170454156e-06 5.4814574854678e-07 3.99266367356876e-07 8.17828809240861e-07 4.49094412733331e-06 5.547175569518e-05 0.000135895069252001 9.85959194395036e-06 0.000516947887035712 0.000241132124665455 8.62675917956413e-07 3.99295931572397e-06 3.28735597865393e-07 6.28609981774275e-06 3.9816570460971e-05 0.00036917457182426
1.06958628668385e-06 1.8596781342084e-06 4.61664761193248e-06 9.9274278587691e-07 5.10069170167604e-07 6.584613765237e-07 7.81612006250931e-07 7.69749269113884e-07 6.9356361751538e-07 5.02701685833884e-07 4.48476642489481e-07 4.41563257358446e-07 5.0343041074763e-07 3.85571482919289e-07 5.59261433430436e-07 1.26183771622657e-06 1.54784176956468e-05 1.36092745453009e-06 1.59188193716853e-06 5.24074574812516e-06 4.09117329547293e-06 8.01973754138707e-07 5.59799533716987e-07 1.11984204771431e-06 9.55987582007545e-07 5.80907831637667e-07 1.44641806596457e-06 7.13390409035064e-07 1.16779960996904e-06 1.36087027813314e-06 4.99316882340839e-07 4.76380154335043e-07 2.67598875263175e-06 8.25104276032107e-06 0.000106802507161774 0.0008216579004511 0.00112802768003348 0.000879626287542123 3.53295289272637e-06 5.34790383198924e-05 1.60056803850672e-06 7.43430302065917e-06 0.000429812685251818 0.0045785638038069 0.00305380531935953
1.97437903345365e-06 1.36893612033839e-06 1.12589371397132e-06 9.1821425231009e-07 5.72331406833992e-07 6.85146383572199e-07 5.89989148513936e-07 5.4818254962008e-07 5.56665795670153e-07 3.85572965744263e-07 3.3458028657618e-07 2.53824742180164e-07 5.20387342661799e-07 8.03503991531063e-07 1.13197483976313e-06 4.61349896102581e-06 1.22351174449697e-06 2.20811262604537e-06 7.16991827631741e-07 1.25705023182876e-06 2.49198282278318e-06 1.60067701533428e-06 1.07418493954237e-06 8.66211632466474e-07 9.2114645916519e-07 7.40362238282888e-07 2.60213704459389e-06 1.48836449149758e-06 2.58236969283843e-06 4.43608989264543e-07 3.40561248579618e-07 4.42528954924803e-07 5.38655989856807e-06 0.000164239124842425 0.00154937235793113 0.00127573576519353 0.000814749673554616 0.000112503546915832 0.00856906622648239 0.0151518028229475 0.0115808720933273 0.00424772579426644 0.00386595560557907 0.00816736271081027 0.0229786791838706
1.96256325939448e-06 1.48078705114463e-06 1.14770781958207e-06 9.26896163722102e-07 7.56589235151317e-07 5.17185528459141e-07 5.74975225098306e-07 5.45758002568064e-07 5.87997733225709e-07 4.55516721653559e-07 5.45950192121225e-07 3.87601071405452e-07 3.70814397709918e-07 9.84776862911208e-07 1.76532212382563e-06 2.17683845493699e-06 1.98985485218017e-06 2.50633176874793e-06 3.59245770102934e-06 1.15251532719629e-06 1.61650129636426e-06 9.18142560835111e-07 1.22743091867106e-06 1.62360586402066e-06 1.51645721043758e-06 9.86434824623572e-07 9.73801228610682e-05 9.31619305930553e-06 1.37689473120872e-06 5.58857567667381e-07 4.87458826903264e-07 7.98925074931844e-06 6.42531347693875e-05 0.00102517377254117 0.00293258889314529 0.000719252431554196 3.62018712223744e-05 0.000192155133845517 0.000165554403065471 0.00176121481508744 0.00587411082269682 0.0018790717353113 0.000941677948503639 0.0130371025996283 0.00493616245803423
1.86466513675265e-06 1.50871710238309e-06 1.18028340735377e-06 5.94457079516886e-07 5.73095349032382e-07 6.13859652487392e-07 8.41151305885912e-07 8.3217847010042e-07 1.38806546829073e-05 7.62448338065269e-06 5.76976404698115e-07 1.51237655074965e-05 8.74968342345905e-07 6.99773262791137e-07 1.6693267252732e-06 1.34724587268487e-06 2.44436879981436e-06 8.21635545920074e-06 2.78241574105387e-06 4.1194146935486e-06 3.16403439285295e-05 1.73757693573862e-05 0.00274860315548722 4.63661114849856e-05 9.90965342424488e-06 1.67953569789603e-06 0.000211640906491084 4.20003525277934e-05 5.02874928069996e-06 3.82581454783093e-07 7.64076920967138e-07 4.60657273713139e-06 0.00012458345045161 0.000703558979967056 0.000278437739325454 5.58850108944853e-06 1.79198300527261e-06 2.31693411443246e-06 0.000631601011991734 0.00179477130968735 0.00757851228336222 0.00449854571052128 0.00586440505721839 0.0140693793829996 0.0304138703271747
1.28769167676568e-06 1.53396116965299e-06 1.31976314319271e-06 9.72065885507245e-07 6.00409449980077e-07 6.11762145141803e-07 3.36616332219375e-07 4.7154580872899e-06 1.51495500055887e-06 6.49592715333824e-06 5.82889215365867e-05 0.000598354451722116 1.18126440582955e-05 1.53745168480768e-06 2.3777824537885e-06 3.80876276664388e-06 7.59613458740205e-05 2.64571115195622e-05 0.000165617219067826 7.5466861789053e-06 3.80239810860994e-06 0.00809112314600497 0.00386421279326896 5.20234120422458e-06 2.94398129638829e-06 8.45204625909979e-07 0.000138929344211647 6.95624605284717e-07 6.73065682235574e-05 4.43464306532082e-06 1.16562350014338e-06 1.05764965305788e-06 0.0017264209818677 0.000838893710169941 0.000133031766381464 3.78741029507523e-06 2.59715814991068e-05 0.00166475461210212 0.00659608806890901 0.00958910980552901 0.0101718675883603 0.000769066490829573 0.00206215143261943 0.0250974400434643 0.0217333590146154
1.87403395305319e-06 1.95759011690777e-06 7.90506227210663e-07 6.47612712201262e-07 6.41736438411478e-07 7.63609746001759e-07 3.94777076240249e-07 1.57805036214986e-06 3.28113684922027e-07 7.62494628925303e-07 0.000135444876650581 0.00232525357696431 0.000407810355682159 0.00296750376874115 8.59137670232712e-06 5.62436379823339e-05 1.47411378023321e-05 0.00016181780702027 0.00863542277947999 0.000135372868197692 4.79688687129443e-06 0.000201079602993559 0.00551029316884524 0.000859904610842932 2.13972670840556e-06 2.32460977016569e-06 7.76982425620965e-07 3.66523354258241e-06 0.000603543262172934 0.0318546392650205 6.05083057024558e-05 2.72165071268926e-06 6.43936356159447e-07 0.000119568268564763 3.76434859390429e-05 0.000117599850636907 0.000706431292564957 0.00143252809793921 0.00149206419082475 0.0105559923831606 0.0239434020477347 0.0233413961948827 0.015180208242964 0.00611600611009635 0.00728158808778971
2.19172037071447e-06 1.13197985528446e-06 4.13099440781384e-06 1.17004282464972e-06 9.2469099035597e-07 6.39585030404177e-07 7.51241890240006e-07 4.27012853143616e-07 9.25491369274667e-07 1.07931819504081e-06 1.72621771753256e-05 0.00186093613083358 0.00138838840503013 0.00109336497116601 8.85718252902734e-05 8.10850517154904e-05 6.44809382350786e-06 1.44687846670877e-05 2.2064910060493e-05 4.41820650042501e-05 0.000105063058776977 0.00758848195473547 0.00441045135376044 0.000569683014327893 4.14533797881145e-06 1.17942107801472e-05 6.02891285561569e-07 2.88514564662501e-06 0.000142964844491189 1.60590722829479e-05 4.42524097250541e-06 6.06542330575666e-06 6.55752067069137e-07 1.22975270109293e-06 1.64959502512829e-05 0.000404918587810244 0.000961697984894272 0.00048401780804852 0.00397072132727772 0.0167336096346844 0.00872970372438431 0.0356241438770667 0.0197704525664449 0.044034224934876 0.0533801893703639
1.01881112889446e-06 8.79901952810513e-07 7.77187061906659e-07 2.47716638469564e-06 3.64063734843434e-06 1.22040397018131e-06 4.32942987338425e-07 3.61107888946499e-07 3.37987540444118e-07 3.15312209786534e-07 1.53109298722809e-06 0.000306691914011026 0.00379456560040126 0.00276244711276377 1.08099913560977e-05 0.000285084667848423 1.093895439368e-05 1.17313162544264e-06 4.83897818250867e-06 4.61848286367195e-06 0.00162151661061216 0.00997115755781124 0.00281895103616989 0.000498010251612868 6.63060057831899e-05 0.000357619947317289 0.00372984143032227 0.00136800629989011 0.000115529087162258 1.40716872818469e-06 1.53196198605654e-06 1.77162344053849e-06 8.05331184405844e-07 2.00016022038341e-06 0.000535243465128588 0.0015068480735863 0.00175303672149312 0.0104194544954225 0.0172012127470225 0.0131937394617125 0.0108795114094391 0.0255377274472266 0.0288640895858407 0.0483252461999655 0.0129556436557323
1.80726176270962e-06 3.36204673171414e-06 1.29724881202664e-06 1.55379614833473e-06 5.46877326250694e-06 6.70103596327465e-06 9.4416686845511e-07 5.42271910519698e-07 6.33065035915425e-07 1.22303264884494e-06 8.71586568962357e-06 0.0022205405497516 0.00397829344510683 0.00020204496649967 6.98446596523183e-06 3.3271683260061e-06 1.00500480681998e-06 7.48667429428806e-07 4.45537356199566e-05 1.83620059900136e-05 4.06908635028458e-05 0.008393833367154 0.00115802244690713 0.00063329419499496 0.0014493299589958 0.000278468885517214 0.00233225476549705 0.000811971655639354 7.72529609974981e-05 9.69573959175296e-07 1.55390017261281e-06 1.18428265210468e-05 9.01951119445243e-06 0.0074733761837706 0.0131420467456337 0.00517416846414562 0.0295463252346963 0.0111189083196223 0.0101245323137846 0.0395618269219995 0.0107397906016558 0.0598230795934796 0.0426853089593351 0.0158380742650479 0.0264952958677895
1.74608479682092e-05 2.44078151041549e-05 4.02657086283398e-05 2.48665455253594e-06 9.56227571158319e-07 1.71970658364717e-06 2.62743070695848e-06 1.35823938393065e-06 1.10414774070478e-06 2.67556823729809e-06 1.16877782485592e-06 0.000251552966801682 1.07813030879811e-05 2.50002208645128e-05 1.02143692423118e-06 6.76723631514164e-06 3.98733354352032e-06 9.39785891973521e-07 1.12968923637879e-06 2.33731830689976e-05 0.00628984347276855 0.00012690516650764 5.6245941761901e-06 6.68273631163174e-05 0.000113323484583816 0.000334837467380567 0.00489485743928526 0.00213435227633454 5.33619005182118e-05 3.90113262855873e-06 1.60690069400005e-05 9.79160907430554e-06 0.00464149663821445 0.0030571932606108 0.00245889237849042 0.0148320283158682 0.0048583620635327 0.0109224241925403 0.0501856854185462 0.0151805973611772 0.0313589147757739 0.016816502797883 0.00493176247691736 0.0189682716678362 0.0079042462981306
4.45803781796705e-06 1.79172359878521e-05 3.70267642836097e-05 3.8104087689117e-06 1.73935347772547e-06 4.05844770634545e-06 1.41102751683775e-05 1.81465884558918e-06 3.91892040223496e-06 1.75681514842374e-06 1.59690060437256e-06 1.33175720833378e-05 6.80998903241914e-06 7.63420490135225e-07 1.77787288676567e-06 2.09250166873787e-06 5.08486751016335e-07 3.84446277070793e-06 1.10052826926221e-05 1.41963990543559e-05 0.000626870438281912 0.000303827304014703 7.63628709137265e-05 4.91118529680534e-05 3.22781698628205e-05 0.00130527047149371 0.0106885964567482 0.00642839765932877 0.000848200266045751 0.000348836960233712 3.49451508100174e-05 0.00381657676844043 0.00259715761130792 0.00148621903572348 0.000374886565077759 0.00031107980539673 0.0324861448723823 0.0198623892618343 0.0659084014594555 0.0292455025715753 0.0342177390470169 0.0660698341205716 0.0253490641247481 0.00493511077365838 1.66843482118484e-05
3.11136184886207e-06 1.89424953489503e-06 1.11303716857636e-06 6.96875459926805e-07 7.44182320899789e-07 1.56515625320708e-05 5.26017269386614e-06 1.73527258229278e-06 7.01905817768189e-07 4.48727748540989e-06 7.23452947388736e-06 1.21084944380012e-06 7.01637025035673e-07 4.86358940454679e-07 1.35439325368303e-06 2.0297727127172e-05 1.30673442528817e-06 1.62173749526096e-06 1.99124697455311e-06 2.5145944229199e-06 2.01642559147786e-05 0.000135256428620778 0.000667002447880805 0.000797627188148908 0.0055982801146456 0.00579838297271635 0.007716956132208 0.0082435167132644 0.000328375897879596 2.58927937146325e-05 0.000198921477203839 0.00670455027284333 0.00224316491658101 0.00292426252854057 0.00126295202135225 0.000472798359987792 0.000162200679369562 0.0330951893702149 0.06952711539343 0.00879998002201319 0.0244576476514339 0.0388790947385132 0.0571171802468598 0.00247201951278839 2.80177589611075e-06
