Maxent_result_files_1/Bombus_semenoviellus_2.asc
NCOLS 594 
NROWS 330 
XLLCORNER -15 
YLLCORNER 23 
CELLSIZE 0.166666666666667 
NODATA_value -9999 
[rows 60 to 79 of 330, columns 368 to 413 of 594]
0.00112150513845206 0.00334456267386468 -9999 -9999 -9999 -9999 -9999 -9999 -9999 -9999 -9999 -9999 -9999 -9999 -9999 -9999 -9999 -9999 -9999 0.00289991989041067 0.00158005279118406 0.000922904812264946 0.00126561423157259 0.000745878055683047 0.000718389698525745 0.000693125372371362 0.000665888286522576 0.000659266094245703 0.000638346397265477 0.000612662555705257 0.000606817616996169 0.000610324871392631 0.000619246843242416 0.000737061091536051 0.000601162953499301 0.000539581405703005 0.000491935124165099 0.00104356085979033 0.010785381474584 1.2493251175949e-05 9.96501626071567e-07 3.89212940281602e-06 1.23103749719689e-05 9.86173986839978e-06 0.000133907518293586 0.00276401673043627
-9999 -9999 -9999 -9999 -9999 -9999 -9999 -9999 -9999 -9999 -9999 -9999 -9999 -9999 -9999 0.00229056537661547 0.00104714215334083 0.000868711636343711 0.000746889166544007 0.000733777845792538 0.000714925220869456 0.000710750238193958 0.000714736977886388 0.000681350357256527 0.000654068311264455 0.000717211460584921 0.000709905800597077 0.000620112264424555 0.000610818612877029 0.000595386600501913 0.000593341134631453 0.000595134636202821 0.000595999591260699 0.000579071116589636 0.000425224832744886 0.000203744864503486 0.0122244007550639 0.00343332559488028 6.3087812460183e-05 0.00019917521743873 7.29205255550647e-05 1.17775908678786e-05 0.000129292941715387 0.00158584492053451 0.000613252916317564 0.000620324861993238
-9999 -9999 -9999 -9999 -9999 -9999 -9999 -9999 -9999 0.00138170267368493 0.00444400062998102 0.00124778660943106 0.00119567738540789 0.00127676857115833 0.000749693343985647 0.000840759335820451 0.00082532771858157 0.000814754919231964 0.000723780008775643 0.000701949423388093 0.00157470975857729 0.00226968848756028 0.000420971934156511 0.000841342020532954 0.000670104835308716 0.000664831139356525 0.000616675821298185 0.000682380214270273 0.000608657560711523 0.000597450710265157 0.000601849723722247 0.000600300590143354 0.000577203295535722 0.000306846453391407 4.0682364776834e-06 0.255911523310351 4.57827329012339e-06 2.04208984170284e-05 0.00054242747787675 0.000770477162467109 0.00660976596103637 0.00106560668032772 0.000924297087657733 0.000616043341208183 0.000627758455113536 0.000819229105658204
-9999 -9999 -9999 -9999 -9999 -9999 -9999 -9999 -9999 0.00628312386821412 0.00071479086972277 0.000690153401607618 0.00068319723671848 0.000676250355645536 0.000716036408330933 0.000827081696285592 0.000772181537933769 0.000992976124075739 0.00123612997942513 0.000901604593922223 7.54649074434899e-05 3.65639503248194e-05 0.000775110771271781 0.000250371743085609 0.000178753792588637 0.000109297600597524 0.00113369049260836 0.000595175854799668 0.000517107133691064 0.000147220238311552 0.000251516445341204 0.000863302015453793 7.58069898266545e-05 4.18074567771765e-06 1.94809121808914e-05 0.000396064668708584 0.000219574351103713 0.000932681160348103 0.00134314654235745 0.000721985713115747 0.000954222701750318 0.000301289888897471 0.00101815309891332 0.000952395094878777 0.000866150509843422 0.000628561083031276
-9999 -9999 -9999 -9999 -9999 -9999 -9999 -9999 -9999 0.000634534374625351 0.000672425689314748 0.000624116672325481 0.00130832576824824 0.000662648798597909 0.000679530744086132 0.000725645505863104 0.000754677717075591 0.000778751999822247 0.000759630213949691 0.000745829785965779 0.000362646019979329 0.000491790960391358 0.700205731243898 6.98246672741654e-05 3.18882010580834e-05 0.000118997224035422 0.00047112401621211 0.000559545799219374 0.000509393396980684 0.000506758157313314 0.00036254281628868 0.000341180254851037 0.000739837999774273 2.76653699453622e-06 3.85181091284936e-05 0.000341020254430657 0.000225495053737379 0.000536156851365188 0.000173863226317539 7.99573933213393e-05 5.4975406574409e-05 0.000321484217731494 0.000993350471915244 0.000546947566334521 0.000683685123439504 0.000389383041263658
-9999 -9999 -9999 -9999 -9999 -9999 -9999 -9999 0.000884808458314856 0.000151119824509982 0.000182259904045301 0.000721287270087723 0.000696747440376444 0.000901942003407141 0.000637807959176984 0.000653655295399425 0.000673152581707082 0.000697973868316659 0.0007096348722193 0.0012123305747359 0.000711363024839151 0.000301211897831644 0.000912822841167982 0.000742622475539523 0.000605566321196715 0.000406092800740299 0.000139319719860809 0.000162326223690712 0.00040442653349374 0.000765114200870121 0.000555499611532584 0.00039583104281643 0.000661262698524989 0.000223462723994616 0.000147243544984887 0.000245506373639459 0.000391806041787302 5.06496178823035e-05 5.73143923726205e-05 0.000103040579071945 0.000392373087048892 0.000324950021716031 0.000699183788993485 0.000354751643616191 0.000783543045966895 0.000792516023946277
-9999 -9999 -9999 -9999 -9999 -9999 0.000480312236352232 0.0034001084035252 0.000146085233171633 8.43400941596961e-05 0.000221275146863109 0.000368652333250952 7.27542451427254e-05 0.000822336973012949 0.00084753357935945 0.00065584805363802 0.00107103339264037 0.000516872113068445 0.000498653889050349 0.000145477115533998 0.000182746705927095 0.000209216435154713 0.00018998283383701 0.000481053237287277 0.000369151063765116 0.000227257804250713 0.000474096994968032 0.000336013267980761 0.000202094336573277 0.000554920950903492 0.000327659462460028 0.000137772627494004 0.000168322981977742 0.000103207166880404 7.05176374404815e-06 0.000277437343714559 1.93878392961699e-05 6.48513530770223e-05 1.04833008096494e-05 0.000130555718414416 0.000108474471998576 0.000611831534604335 0.000181864185072411 6.66847800933845e-05 0.000203632585371727 0.00116599266595048
0.000224127074518243 2.20913047591864e-05 2.11483819008151e-06 4.69422759708071e-05 0.000213217240518349 0.000135580672947144 6.99461089466613e-05 0.000112221462946815 6.05575582404261e-05 4.65200708761881e-05 6.2771238463688e-05 7.9767157550592e-05 0.000134225411553801 6.23589552417592e-05 0.000577309269683146 0.000548237974471932 9.28801107266564e-05 0.000638518849004432 0.000137208231327257 9.8112003591011e-05 8.20672859049743e-05 5.15995942606651e-05 5.0342860197361e-05 3.72939081204948e-05 7.90251188079183e-05 4.49333952360576e-05 0.000148674281068817 0.000133364815674153 7.86672060712812e-05 5.27521085828653e-05 5.05564489259314e-05 6.12540715352106e-05 0.000172201671757211 3.13797833336848e-05 2.40349614922697e-05 8.33776102493466e-07 0.000129566950679716 3.12757469996705e-05 1.44092235403348e-05 1.17597282099924e-05 3.65173043336497e-05 7.04919876970855e-05 0.000232665122716691 0.000108236474787515 0.000110633516527592 0.000189314962255516
0.000223041425583081 0.000115962549335979 5.45712295903722e-05 0.000110160836234274 0.000126655652579544 5.95172958934409e-05 5.85616325295524e-05 7.11362954533001e-05 7.81131434084981e-05 6.85758438145223e-05 5.80314269169935e-05 4.16460039591393e-05 7.84418351064464e-05 2.03759162285877e-05 4.70266430838362e-05 0.00026997711481902 0.000218074147162639 6.43652509538239e-05 7.15835840651491e-05 9.96501786517667e-05 4.90978895967942e-05 4.76672814485823e-05 4.54249035016119e-05 5.40686385946287e-05 7.74371107482574e-05 5.79980195396956e-05 5.57564948096112e-05 5.6734413034587e-05 2.66044395951459e-05 4.26492593433858e-05 0.000172735217416975 7.21207710797089e-05 0.000373485117939643 4.98337734185839e-05 4.29351215402107e-05 4.77973833318157e-05 1.41891284746842e-05 1.94694381433491e-06 5.86973192484574e-06 5.78822452157013e-05 4.67833937660034e-05 5.94409023739861e-05 7.61807557117744e-05 2.53294611764709e-05 1.52923415475792e-05 9.44791836786862e-05
4.15467896288768e-05 3.56576413452769e-05 3.40348468031215e-05 7.88260814207575e-05 3.07840858186359e-05 7.68022316984696e-05 6.69856258385337e-05 4.10247755493476e-05 5.39877782009479e-05 1.78800426614112e-05 1.99305924889481e-06 3.87818430869213e-07 5.70977475714551e-06 3.35424767079928e-05 1.32240974057396e-05 1.69956814594308e-05 6.77625790658221e-06 2.08150741479729e-05 9.62145971318051e-05 5.15478541146308e-05 4.98679259152368e-05 4.28183907864366e-05 4.938032583226e-05 9.09389316426257e-05 2.37843139014871e-05 4.87054908035134e-05 5.9909174405004e-05 7.01477114803728e-05 5.65546937675521e-05 8.23972181782651e-06 6.63388205097815e-05 0.000376601497681295 4.46003751051194e-05 6.5630831454655e-05 1.553621996222e-05 8.21570353068402e-05 0.70000594611447 1.1848206588938e-05 1.24666984047117e-07 4.47509645029598e-07 2.09169044697033e-06 6.40363805870514e-05 8.44626300952056e-06 2.0674565395129e-05 0.000640074203989571 0.000308000497152772
1.92314241781566e-05 7.0056286669673e-06 1.01502647657847e-05 2.36315727716208e-05 5.84398152081667e-05 2.52995673634904e-05 3.53260383601062e-05 9.59497232251416e-05 8.47478316391426e-06 2.63315461324076e-07 5.48168940176508e-06 5.872845265531e-06 2.04126173206642e-05 7.47760982203749e-06 1.40544310634705e-05 3.46444746036845e-05 1.58058294530417e-07 1.87106082638611e-07 1.50578686501923e-06 4.18607420415995e-06 1.33039042509497e-05 5.48852468561734e-05 4.53682911270903e-05 6.50748858461725e-05 5.43874319414162e-07 5.89697821055779e-05 7.36089390527273e-06 6.43333504353194e-06 4.60382022432482e-06 4.94280950363191e-05 2.2902359705812e-06 4.73958475808445e-05 5.10651443875076e-05 0.000419820083835576 7.6989138872996e-07 1.3118010274471e-05 4.989340439433e-05 0.700010247887622 5.21764898705257e-05 8.10100952430837e-08 3.89484770771942e-06 2.94859335662534e-05 1.01840702149025e-05 6.90306405087826e-06 5.126887559328e-05 5.80775779248199e-05
1.53673334775561e-05 1.09758194588916e-05 1.61996984412549e-05 1.44192789220843e-05 2.63229855871572e-05 3.08492859554366e-05 2.17998589174928e-05 4.61682782790906e-05 5.32635433498907e-05 0.000602092881696981 1.76476273888726e-06 5.74355345506206e-08 2.5020171671164e-07 1.19260982101022e-07 1.87141198087382e-05 5.24294438244421e-05 2.62898877303575e-05 2.90882855769059e-07 5.73057909680763e-08 1.29383258051785e-07 2.99946294568532e-07 1.47667204464241e-08 6.03446570757171e-07 1.12359559954367e-05 2.66381192554954e-05 3.74536763535716e-05 0.000180176577003266 5.46095894419674e-05 2.96552698568764e-06 4.07594545892564e-09 2.04300938988378e-05 1.01355456063268e-05 4.84359870370099e-05 7.21452787326715e-06 1.85775179876835e-05 2.69588856637304e-06 3.45342678065297e-07 0.700022739098495 5.43228518434802e-07 3.48088619211984e-06 5.02670542990025e-06 5.50628477602455e-07 5.77004438636619e-06 1.1322422722726e-07 2.29304371706762e-05 2.44212655671316e-05
0.000167119264619908 2.71777049885014e-06 2.6041016534406e-05 1.53090182208881e-07 6.74956124887549e-06 2.05763725903307e-05 5.43494093407926e-07 4.52398189643155e-07 6.10393023681155e-07 4.08071980919633e-05 8.942571414432e-05 3.29717621327941e-07 4.09036063131474e-08 1.35271987278252e-08 1.25061270856985e-06 1.78718011647927e-05 6.62319486505192e-06 1.88402621414951e-07 1.72318808522309e-07 2.22272879624175e-07 2.21684412604617e-08 7.20469751958053e-07 2.66468647147633e-10 4.07718226957954e-09 4.71775045367551e-06 4.70771779137458e-07 0.000416423291671697 1.10981091314022e-05 0.000291611301699857 0.000326468164327287 3.23790204759145e-05 1.8492902932099e-05 2.87206537877838e-05 7.9406853193853e-06 6.47254478832737e-06 3.85700407469214e-06 5.57895346933179e-06 0.000314162215361313 1.19415371282239e-05 4.79652150513599e-05 2.08870609654799e-05 0.000429511485948519 0.000132215923717816 2.22573058581421e-06 5.88043651218451e-06 2.08727849074775e-06
3.85280630728957e-05 1.14134337046989e-06 8.53377927721444e-05 6.65828207080388e-07 2.90171099735947e-05 4.88346213752822e-06 1.3562895425534e-06 7.4756188495062e-08 2.14180965818489e-07 3.77685774199943e-07 1.49108307323509e-07 1.79896622053421e-06 1.74420915155515e-08 4.32564470909114e-09 1.50120732511638e-08 1.32295312738062e-07 7.33522391715979e-09 5.99139741708221e-08 2.42558229057721e-08 8.13626594986516e-09 1.1869101590456e-09 5.35645303412213e-07 4.59215349080111e-09 1.36231148584187e-10 1.39961375822395e-12 2.79880785214459e-11 6.3140338513179e-10 1.92675522093788e-06 2.11789930038009e-10 4.25312823570945e-07 1.62827590317272e-05 0.000169743781044362 0.000349605795024888 1.37098700886407e-06 3.7655759399513e-09 0.700153375027003 5.78193048994535e-12 1.11102917542683e-06 0.000184223792752181 0.00011920213581238 5.47150584466527e-05 6.46770017458942e-05 0.000466497029209156 7.3495918394606e-05 0.00141383547848091 0.000364838457904626
7.2898605005145e-06 0.000202454284325237 0.0002440946010698 0.000197833572332351 1.18834435049342e-05 9.45850741229659e-07 0.0019428518423631 1.83572982748181e-06 8.06669346059552e-06 3.23537430468868e-07 9.91509074288466e-08 8.17117713958204e-07 1.54851384270849e-08 5.62572943785256e-10 4.0292702507827e-11 1.76563208498237e-12 7.56830154102772e-12 4.52666477190888e-08 9.01884171122802e-07 1.32615629588884e-10 6.24998941489707e-12 3.56702229975525e-09 2.07660000306475e-11 4.45270180428059e-06 5.36153066388323e-10 0.000258112089890561 0.00335201767167445 1.53787249601578e-10 1.59880986227989e-10 9.38636890435163e-09 5.53763890298598e-10 6.16698476126776e-05 8.65191900789597e-07 2.27999468194184e-09 0.0666525981499687 0.70001440108681 1.35131614664719e-07 4.32392405103066e-08 0.00260836285773962 0.00034738759102293 1.92277596202328e-05 0.00014440275502402 0.00044400810339047 0.00604019945603795 2.53629448688231e-05 6.60614132338089e-05
9.48860305989285e-06 9.11932997177845e-05 0.000475743140797036 6.00781154544205e-05 1.02308189697808e-09 7.19096739931757e-09 4.64393692978238e-07 4.21951971321111e-06 4.74915484716121e-10 8.14126543957627e-14 9.98534588347866e-14 1.93178806284777e-14 4.8017145815038e-14 6.30254959332888e-11 1.85381608621693e-06 4.35176432061923e-05 1.26829657887129e-12 1.67865721323324e-14 8.45610281796638e-10 9.35872839225027e-09 1.05120645521595e-09 1.1245512365754e-08 1.45736330880997e-07 3.01858649187636e-11 2.69023593402196e-09 7.72253376146725e-07 8.0997494703583e-07 3.1427249691518e-10 2.35197074704985e-08 1.3061880305143e-07 3.93328729553222e-07 1.22630585275285e-07 2.64683513995223e-08 1.35194041406272e-08 4.57824827005959e-06 0.000551934198381909 1.63153594483489e-06 1.48629920719845e-05 0.00222218767494071 1.0040775348219e-05 8.35188408222498e-06 1.29002923107135e-06 0.000226046805811941 0.000662127771821075 2.31769895644884e-05 3.26938240935437e-06
4.69892174281838e-08 1.06255690823787e-06 5.64154726478971e-07 6.51872903667528e-07 0.000307504493409227 0.063907357256793 3.09287040423101e-12 2.91522361806074e-13 3.60045326885938e-14 4.21064040589947e-07 1.72634389450366e-08 5.04285190272569e-08 1.31078180665156e-06 9.75494980992586e-07 3.55267385088176e-07 6.07802697061288e-13 1.21255221896543e-07 3.56606608236776e-05 1.8730927083821e-07 0.000180239344604882 1.16618791945466e-07 1.06822301004783e-09 2.09450461241545e-07 0.000252067037282133 0.000149771189540704 4.39337421997976e-10 2.33893461255574e-06 7.25343788365862e-09 2.47901725369815e-08 1.72323053604373e-09 1.68892802354659e-07 5.88100224185872e-08 3.35153689379863e-05 0.0001601216584875 3.37173060416252e-07 1.15494728225585e-09 7.75201155822636e-08 9.37730425754069e-08 6.10397289824149e-08 5.33383244238905e-09 5.19248755104229e-11 1.65223501547018e-11 5.78772786363757e-09 2.97419116002118e-09 1.78994786127484e-06 3.8236812198722e-07
3.33855165735031e-13 3.08097462320411e-08 3.05144668174551e-06 8.37745517401345e-10 4.26084141302852e-07 4.17543065587278e-06 3.8846513166213e-07 0.091755600331822 7.29014182354604e-11 4.18005630109519e-12 5.56443779942128e-14 6.60381438422064e-09 3.23166104876371e-08 4.95274533873768e-07 8.70049423029595e-07 1.34018245057099e-07 3.43338690811379e-11 1.51278362170437e-07 2.69021408083603e-07 2.8025661495612e-05 5.88905568754683e-09 9.05843491327829e-09 2.26868790420554e-10 2.44341737230869e-05 0.00153237647559763 1.18786069869259e-06 1.34543372243279e-06 8.08142630840725e-05 2.46597951591987e-07 8.52927228467415e-07 9.09392545034304e-06 1.05340408217858e-05 0.000125652408349486 0.000480786620022966 1.41217003498229e-05 2.78918887985924e-11 3.27808186340039e-07 0.000625911716532368 8.88971502297498e-06 0.000457694209000015 0.000395127271170215 4.80998820773237e-09 1.0366792241201e-06 1.98230149606626e-05 3.12123133080156e-05 8.74244249771117e-08
2.6851853540677e-07 3.90830213973348e-05 1.21335935632239e-08 5.71107823810202e-08 0.00181263519194026 7.45119906475966e-05 3.55076245683872e-06 6.43725354977365e-06 6.7221783695004e-12 0.019454254836964 2.61907374152104e-05 2.63846604101614e-06 3.84256164135177e-05 1.26831478652889e-10 4.17363730520481e-07 5.36663853489827e-07 8.21086963176398e-07 9.52495918882246e-07 6.60954293407734e-08 7.3588338345143e-08 4.16333634234434e-15 1.51297218087265e-09 2.39689867176374e-08 9.7155414824357e-10 3.56345331853358e-07 7.15812251979697e-05 1.40982257397004e-05 0.000692320671895175 3.7902194055528e-06 4.09601016364558e-06 7.85945943360122e-06 3.64067273578517e-05 0.000132978245829762 0.00359830570059998 0.0598487982642837 0.00592055464886698 3.20420861906867e-05 9.41262216825445e-05 0.000173466304405034 3.35511418647627e-10 5.60264484850137e-07 0.00312642393827502 1.39216441708001e-08 2.28765859394686e-06 5.49194620191873e-07 2.38544673690777e-06
1.53172814654212e-08 8.61283270481295e-08 0.00723575320740901 0.00173360782539291 0.0465860664623506 0.0701878420055976 0.0638199986449251 0.0290922354291126 0.000857988366368134 0.27102450236589 0.0142581142472807 7.80781221888516e-06 0.000779839389107884 1.24562341100587e-06 6.11629507440981e-07 1.53754085019386e-09 1.36516817228483e-07 8.95878305873232e-08 1.36207709344749e-07 1.87369453286124e-11 1.62559917860072e-08 7.57627294234453e-13 2.01279106715191e-09 2.03491220596153e-07 3.10476908627066e-09 3.50006997559049e-05 0.000110042442924485 0.000211563670613168 0.000452652345521531 1.8382079150947e-06 0.000164407178949733 0.000324184312291675 2.48112349165996e-07 1.08102998524373e-05 0.0349714020150714 0.00639053485383556 0.00421176618396544 0.00025324196192289 2.98747578158287e-05 3.73241113280631e-06 0.000280570551967541 7.56556867383296e-05 3.24286153485787e-12 2.69118061169138e-14 1.1307441205588e-09 3.33225513066138e-06
