Maxent_result_files_1/Bombus_campestris_2.asc
NCOLS 594 
NROWS 330 
XLLCORNER -15 
YLLCORNER 23 
CELLSIZE 0.166666666666667 
NODATA_value -9999 
[rows 147 to 167 of 330, columns 368 to 413 of 594]
0.0315746456384659 0.0571637753397226 0.0549015823751688 0.0493791040033102 0.0326644223183393 0.0572027295827866 0.123461393266916 0.0757846608757973 0.0294424332678318 0.0283080646768212 0.0370710931718349 0.0378956645727158 0.0202247681096196 0.0140879788435996 0.0149262330494821 0.0177841673605144 0.0257722061127424 0.0384470464661717 0.187627294659615 0.166278214752674 0.041535097360611 0.0324487898498774 0.0264361066743731 0.078796248883009 0.0130303124897182 0.0126245590858161 0.0125139211304486 0.0131070082075894 0.0113768012262881 0.0442382745444775 0.0412146227434278 0.0117947383783758 0.0110873445868492 0.0113240164704621 0.0107313985936344 0.0102725758217275 0.00981578435748815 0.00896794744767249 0.00859383749775589 0.00825972119346261 0.00845321482047439 0.00787742612883449 0.00708418674767017 0.00668192734010518 0.0062330081127584 0.00618135179392993
0.0794637925922871 0.0717408552765846 0.0651730876415968 0.0670515064150095 0.0349526708945632 0.0341173101216555 0.0514498189091682 0.0984460666775703 0.0270832143723965 0.0282040230929852 0.021003863029182 0.0204625550657511 0.0743838630616665 0.0513411097228527 0.0362558396533132 0.0319375909864903 0.0298018909990788 0.0212444580160081 0.0202862960286438 0.0121118570677936 0.0226963819004595 0.723481941223145 0.90006457567215 0.999999868869782 0.0373561853542924 0.0516560070216656 0.0158056194894016 0.0163917084224522 0.0136127134785056 0.0119940109550953 0.0107472316361964 0.0101756290066987 0.0114912387914956 0.0102452096063644 0.0105723443906754 0.00903064464218914 0.00902028866112232 0.00950520099140704 0.00879432079382241 0.00843341643922031 0.00771154323592782 0.0074089698959142 0.00726714478805661 0.00714754015207291 0.00708490554243326 0.0065322820097208
0.0583240646868944 0.258363892138004 0.0545421168208122 0.0738528728485107 0.0425356592983007 0.0311730740591884 0.0178447164595127 0.0207620045170188 0.0192896107211709 0.0209028769284487 0.0233222838491201 0.0126989024691284 0.307508356869221 0.0393928457051516 0.0235081387683749 0.013279249612242 0.0166859493590891 0.0145943486131728 0.0274465791881084 0.076139404065907 0.0329119600355625 0.253578253090382 0.0868375297635794 0.0141170469112694 0.0148524465970695 0.0124985373578966 0.0174445032142103 0.0234539123252034 0.0282533416524529 0.0172605677507818 0.0229167295619845 0.0186912074685097 0.0283443419262767 0.0516396533697844 0.0773593202233314 0.0849550999701023 0.735818117856979 0.0100313880480826 0.00879943994805217 0.00828526946716011 0.00774539005942643 0.00746405278332531 0.00722076818346977 0.00713600572198629 0.00730142565444112 0.00883021019399166
0.0481500297784805 0.0737313847988844 0.0883674696087837 0.0760004330426454 0.0544403612613678 0.052759063243866 0.0299179673194885 0.0257643140852451 0.037718010134995 0.0225288039073348 0.0151923797093332 0.0125409200787544 0.0330930478870869 0.0306406751275063 0.0117640969343483 0.0115709596313536 0.0115374282933772 0.0121617211028934 0.0201743143610656 0.0122899081557989 0.0691571474075317 0.0111413933336735 0.0117525612004101 0.0117606518790126 0.0117467366158962 0.0112818622030318 0.0132355367764831 0.0151562684215605 0.0183179827407002 0.0110659100115299 0.0115569062530994 0.0118143041618168 0.0170564709231257 0.0244406927376986 0.111425966769457 0.0307508867233992 0.00880880700424314 0.00821583438664675 0.0086679570376873 0.00827050129882991 0.00809719073586166 0.00762126906774938 0.00760100935585797 0.00751364291645587 0.00688794353045523 0.00703141149133444
0.0223209600895643 0.0206706393510103 0.0270381754264236 0.0148141238838434 0.0168372055515647 0.0399269906803966 0.0154540344141424 0.0237523395568132 0.0303726283833384 0.0159355105832219 0.012974005099386 0.0248596476390958 0.038271252065897 0.0127402236685157 0.0115614776499569 0.0116448543965816 0.0118690594099462 0.0119277248159051 0.0117228963412344 0.0126190685667098 0.0117663994431496 0.0114924686029553 0.0118905887007713 0.0112474534660578 0.010826750844717 0.0106324015185237 0.0113825622014701 0.0109855813905597 0.0107026174664497 0.0105096554849297 0.0114483662880957 0.0116050907410681 0.011902420129627 0.0115884317085147 0.0107665845192969 0.166445940732956 0.0154942807741463 0.0108559366315603 0.00969736156985164 0.00901976823806763 0.00797894042916596 0.00755695253610611 0.00770808677189052 0.00701674078591168 0.00752736474387348 0.00703771924600005
0.0252161489799619 0.0154473884031177 0.0163980279117823 0.0147743918932974 0.0198853265494108 0.0229406162165105 0.012086437176913 0.0188659559935331 0.0147245721891522 0.0157901680096984 0.0411959182471037 0.0474171597510576 0.0203172510489821 0.011347234249115 0.0112177745439112 0.0109693803824484 0.0111850645393133 0.0112683810293674 0.011339767742902 0.0113061528652906 0.0111699087545276 0.0110632100142539 0.0108036924153566 0.0107625493779778 0.0105600556358695 0.0105461901985109 0.0105572557076812 0.0123822865076363 0.0108909566886723 0.0108637943863869 0.0121834707446396 0.011713089607656 0.0113121124915779 0.0110533816739917 0.0107456360943615 0.0104338721372187 0.00971828894689679 0.0100491999648511 0.0151497878134251 0.0125549852848053 0.00902645019814372 0.00818014796823263 0.00714839091524482 0.00773868393152952 0.00700648641213775 0.00726692276075482
0.0158009304665029 0.0158740385435522 0.0156452962197363 0.0122720824554563 0.0224295977503061 0.0163171201944351 0.0143851992674172 0.0313085006549954 0.0209213554859161 0.0139978088438511 0.0261981029063463 0.0213664632290602 0.0112343542277813 0.0109074681065977 0.0106030402705073 0.0104518448933959 0.010511761251837 0.0111473221331835 0.0106948307715356 0.0109555059112608 0.0105215667746961 0.00866486085578799 0.0100003832951188 0.0101277090609074 0.00966708399355412 0.0100067662075162 0.010194524563849 0.0101694067940116 0.0101796943694353 0.0103012806735933 0.010639011207968 0.0114697780460119 0.0101813431829214 0.0101343759335577 0.010243877209723 0.0099678467027843 0.00946517130360007 0.00917719220742583 0.00850832448340952 0.00816028127446771 0.0266538834199309 0.0118151064962149 0.00980545957572758 0.0079525797162205 0.00749217132106423 0.00710676922462881
0.0146524338051677 0.0117176943458617 0.0168092687614262 0.0178945096209645 0.0186815137974918 0.0241758104413748 0.0206981679424644 0.0218455169349909 0.0125048238784075 0.0332161080092192 0.0351628826931119 0.00970564391463995 0.0097899975720793 0.00998044004663825 0.00976346959359944 0.00977874612435698 0.0100971361156553 0.00984833557158709 0.00996045200154185 0.0100130246952176 0.00990232811309397 0.00995805817656219 0.0101102858781815 0.0100902886129916 0.00999928670935333 0.00940391174517572 0.00955166248604655 0.0101386187132448 0.0117502531036735 0.0110626035369933 0.010219909157604 0.0100956155918539 0.010111387912184 0.0103387564886361 0.00952150863595307 0.00928091071546078 0.00910636628977954 0.00874606757424772 0.00850809984840453 0.0079800492618233 0.00774867166765034 0.00768955340608954 0.0088863109704107 0.010212420951575 0.00789794153533876 0.00749471723102033
0.0132888446561992 0.0180895966477692 0.0175233253277838 0.0157966841943562 0.0156647892668843 0.0158415393903851 0.155746747553349 0.0330810815095901 0.229528361558914 0.0261830439791083 0.0115022002719343 0.0106872436590493 0.0100385849364102 0.00981084564700723 0.0395343428477645 0.0142005220986903 0.00900516295805573 0.00905937063507736 0.0110333971679211 0.00954942889511585 0.0188623036257923 0.0146794266998768 0.0143642790615559 0.0192306540906429 0.0100798394996673 0.0100409203208983 0.010595304146409 0.00964561253786087 0.0117012869566679 0.0104049765970558 0.0120880490168929 0.0193833872675896 0.0110200081951916 0.00931633762083948 0.00950311087071896 0.0102700259536505 0.00863231774419546 0.00856645917519927 0.008254633564502 0.00862611760385334 0.00796533925458789 0.00737513648346066 0.00714109623804688 0.00722518083639443 0.00803662827238441 0.00761901461519301
0.0135823757387698 0.0153722717426717 0.0129490703344345 0.0151513236574829 0.0238156626001 0.0392580343410373 0.0120016833767295 0.0185737359337509 0.0476093392819166 0.0117239936254919 0.0107439875602722 0.0113125178962946 0.012253872025758 0.017319168150425 0.0169642250984907 0.00926000406034291 0.0107282696291804 0.00902239810675383 0.00968650784343481 0.0162804367952049 0.0127627154812217 0.0192840877920389 0.0291463965550065 0.0219028580933809 0.0186564111150801 0.013752731308341 0.0135250021703541 0.0111841524019837 0.0167561014182866 0.0150946323759854 0.0203077422454953 0.0129214410670102 0.01093072546646 0.0113516210578382 0.00904891113750637 0.00839545708149672 0.0080667823087424 0.00856223781593144 0.0115546103566885 0.00785499950870872 0.00753940450958908 0.00715871350839734 0.00704103619791567 0.00873317294754088 0.00682693845592439 0.00711048534139991
0.00980072193779051 0.0241242608986795 0.120901948958635 0.0307651152834296 0.0134129349142313 0.0139848087914288 0.014221821539104 0.0132260755635798 0.0176178285852075 0.016880208067596 0.0208769550547004 0.0159942689351737 0.0144770071841776 0.0245629766955972 0.020177031122148 0.013359503261745 0.010513861104846 0.0151297382079065 0.0165831697173417 0.0174520913511515 0.0191459802910686 0.0210198782384396 0.0232947934418917 0.0275709383189678 0.0309580150991678 0.0266749558970332 0.0235187472775579 0.0227133678272367 0.0218291584402323 0.0285818673670292 0.0167836324311793 0.0227217791602016 0.0176499644294381 0.00937088998034596 0.0159562808461487 0.0188837327063084 0.0151893138885498 0.00733257909305394 0.00739154433831573 0.00734054013155401 0.00815107957459986 0.00698915319517255 0.00697142570279539 0.00676566530019045 0.00675891228020191 0.00714071211405098
0.00794374828692526 0.0151456002146006 0.0120074497535825 0.0112325323745608 0.0111641444265842 0.0119542428292334 0.01182481944561 0.0142339086160064 0.0135889465920627 0.0198306955397129 0.022796987183392 0.0271190611645579 0.0142469922080636 0.0172495309263468 0.0157509350217879 0.0147096847184002 0.023208617977798 0.0190773126669228 0.0261466402560472 0.0216660873964429 0.0250036051496863 0.039621751755476 0.0306787254288793 0.03250148948282 0.0277813352644444 0.037050854973495 0.037860600091517 0.00844721528701484 0.0397456148639321 0.0321237148717046 0.0202670276165009 0.0209887662902474 0.0168841456994414 0.0174061121419072 0.0232849434018135 0.0227382378652692 0.0210988992825151 0.0153472908772528 0.013727384340018 0.0109805074054748 0.00852891774848103 0.0126437466591597 0.0111270466819406 0.0117867537774146 0.00859850626438856 0.00848327688872814
0.00987276728264988 0.0136057279072702 0.0108505461364985 0.0127219598740339 0.0214264791458845 0.0121341854333878 0.0122634385712445 0.0126860815100372 0.0133705410175025 0.0153680879622698 0.00956658590584993 0.0393948243930936 0.0132570708170533 0.0256582375615835 0.0221881315112114 0.0387697882950306 0.0233859237283468 0.0338326998054981 0.00742228063754737 0.0359503077343106 0.0362390218302608 0.00755464001558721 0.00761617897078395 0.043707363307476 0.00794535572640598 0.0455643121153116 0.0401383157819509 0.0455783005803823 0.0378559971228242 0.037201420776546 0.036531830765307 0.0249030999839306 0.0253808287903666 0.0178581087850034 0.0200222680345178 0.0200213049538434 0.0165391229093075 0.0148375979624689 0.0203905393369496 0.0257829576730728 0.0216453042812645 0.0190853298641741 0.014118470530957 0.0159864731132984 0.0160947942174971 0.0173766287975013
0.00970215271227062 0.0119458824396133 0.0166126355528831 0.0124944106675684 0.0104713903740048 0.0101240802556276 0.0122641578316689 0.0185622145421803 0.0177796544507146 0.0198046382516623 0.0202999841421843 0.0137341244146228 0.0193204928189516 0.0264203656464815 0.0402309199795127 0.0328938633203506 0.037705727852881 0.0301190825179219 0.0362245762720704 0.0380210474133491 0.00695720582734793 0.0071537169162184 0.00737403691746294 0.00749028800055385 0.0075421575922519 0.0393064811825752 0.0332942083477974 0.0073645509313792 0.00730685726739466 0.0289751121774316 0.189846301078796 0.0174687538295984 0.0213804932311177 0.0242460092529654 0.0400340940803289 0.00703435624018312 0.0384830892086029 0.0330033097416162 0.0370396794751287 0.0700415648519993 0.0593285549432039 0.0362647172063589 0.0200350580736995 0.0205643022432923 0.0153138657100499 0.0201861017383635
0.0225766129791737 0.00902959345839918 0.00858145751990378 0.0144046077504754 0.0197445081546903 0.0185320205055177 0.0191118702292442 0.019038381241262 0.0202231146395206 0.0255520775914192 0.028199484013021 0.0207882327958941 0.0269784225150943 0.0309933010488749 0.0413337407633662 0.0370779991149902 0.025572176836431 0.00741785503923893 0.00739401527680457 0.00687452233396471 0.00680481300223619 0.00663732085376978 0.00698042688891292 0.00702966512180865 0.0353519333526492 0.00718699842691421 0.00716548021882772 0.0345444252714515 0.0318410055711865 0.0186821945011616 0.017557979375124 0.0341466493904591 0.00682933935895562 0.0351500792428851 0.00675705228932202 0.00677779531106353 0.00668705087155104 0.00652571814134717 0.00633592780213803 0.00628970428369939 0.0306799482554197 0.00617297713179141 0.00620904450770468 0.0293178737163544 0.0314775498583913 0.0286268398165703
0.0213006258010864 0.0216550445184112 0.0207667373120785 0.0174995133653283 0.02385149076581 0.0183600846678019 0.0181104485876858 0.0250119915232062 0.0320633472874761 0.0401185853406787 0.0473584089428186 0.0452552013099194 0.00795056535862386 0.00796174756251276 0.00776458824984729 0.0430320488288999 0.00743382135406137 0.00728085390292108 0.0345903739333153 0.0401184394955635 0.00660052835009992 0.00648982361890376 0.00645915216300637 0.00653520403429866 0.00668361787684262 0.00671226307749748 0.032974199950695 0.0323052862659097 0.023983939178288 0.0133744580671191 0.0342185236513615 0.0376194749027491 0.00660627293400466 0.00659425472840667 0.00642406023107469 0.00647826995700598 0.0387017967179418 0.00638124882243574 0.00625176255125552 0.00619557579047978 0.0352526612579823 0.00606040321290493 0.00610479256138205 0.00595896407030523 0.00576497276779264 0.0344014126807451
0.0398178061470389 0.0201708884909749 0.0252333709970117 0.0216988326050341 0.0378097044304013 0.0338940184563398 0.044396254979074 0.0404381055384874 0.0365544652566314 0.0073711568955332 0.0423521412536502 0.00761841763742268 0.00765295391902328 0.00771350963041186 0.0437263689935207 0.0411814585328102 0.00729016959667206 0.00695534218102694 0.00670564440079033 0.00642708563245833 0.00636672729160637 0.0311568425968289 0.00624763357918709 0.00627283058129251 0.00625977681484073 0.0345554256811738 0.0234748911112547 0.0280666442587972 0.0197969598695636 0.018151278514415 0.0061798645183444 0.00622007981874049 0.00625981031917036 0.00622808905318379 0.00617218047846109 0.00603271722793579 0.00610982382204384 0.00595954286400229 0.00601257006637752 0.00599124343134463 0.0310927700251341 0.00585150157567114 0.00579469609074295 0.00589116381015629 0.00588593066204339 0.00575944394804537
0.0391499159857631 0.0417211808264255 0.0366479273885488 0.0363702332600951 0.0373459013178945 0.0367099206894636 0.00711962161585689 0.0340314337983727 0.00668653375469148 0.00699741863645613 0.00729957311414182 0.0446244440972805 0.0076125867664814 0.0449677165597677 0.00747365304268897 0.00723963142372668 0.00694337566383183 0.00652685831300914 0.00638890075497329 0.0312564393505454 0.0228787299245596 0.0270192794501781 0.00607113223522902 0.0374946739524603 0.00607936433516443 0.00605682707391679 0.0331565205007791 0.00608108306769282 0.0162039401941001 0.0255937654525042 0.00599298141896725 0.0243305353447795 0.00632335525006056 0.00581654543057084 0.00579318681266159 0.00576178687624633 0.00579555782023817 0.00577771647367626 0.00574816688895226 0.00570840328000486 0.00584938954561949 0.00583120286464691 0.0057294761063531 0.0056543794227764 0.00574585150461644 0.00584113977383822
0.0383521564304829 0.036412924900651 0.00757060959003866 0.0353413650766015 0.0367819773033261 0.0393035946413875 0.00692080673761666 0.0066389549523592 0.00657300320453942 0.00679152267985046 0.00700437752529979 0.00722668576054275 0.00736551275476813 0.00729716303758323 0.0377589298412204 0.00697228079661727 0.00671246582642198 0.00641455380246043 0.0352688428014517 0.0330068869516253 0.00597178731113672 0.0306831058114767 0.00587397960480303 0.0335443530231714 0.00590042604599148 0.00588793286588043 0.033714298158884 0.00578998597338796 0.0147981314919889 0.00570143847726285 0.00577644584700465 0.00579044623300433 0.00593467128928751 0.00581518509425223 0.00567938713356853 0.00569701285567135 0.00567971395794302 0.00563585383351892 0.00564458582084626 0.0055856017395854 0.00560509557835758 0.00562116852961481 0.00567758393008262 0.0056813650066033 0.0057809574296698 0.00574489219579846
0.0135300170630217 0.00774209657683969 0.0472325652837753 0.00793416434898972 0.0433343302458525 0.00713240648619831 0.00691574476659298 0.00670367307029665 0.0066047343891114 0.00677976487204432 0.00684187058359385 0.00687141236849129 0.00714632836170495 0.00718601844273508 0.00697167012840509 0.00667395032942295 0.00645139333792031 0.00627288427203894 0.006053546234034 0.00587356539908797 0.00576409122440964 0.00563655921723694 0.0343266552314162 0.00566790129523724 0.00573165770620108 0.00570467947982252 0.00574804020579904 0.00563673807773739 0.0178259322419763 0.0196362886577845 0.00561094060540199 0.0056031865766272 0.00565269647631794 0.00563764553517103 0.00560648888349533 0.00553120118565857 0.0279545400291681 0.00544902868568897 0.00530742157716304 0.00549979095812887 0.00552129102870822 0.00555180786177516 0.00562283247709274 0.0338345954194665 0.00565932504832745 0.00561895233113319
0.0423541275784373 0.00783908599987626 0.00790910013020039 0.0887305602431297 0.0438115010038018 0.00729844882152975 0.0069165931083262 0.0067637731321156 0.0066240216139704 0.0067210596986115 0.0390182089060545 0.0411852022632957 0.00685068271122873 0.00689027677290142 0.00667182509787381 0.00641406951472163 0.00615310855209827 0.0059250071644783 0.00576927016954869 0.00566609215456992 0.0055365476058796 0.00547542965505272 0.005498460913077 0.00551759810186923 0.00545376676600426 0.00554173919372261 0.00551117369905114 0.00538556852843612 0.00536931569222361 0.0172587328590453 0.0197293854318559 0.00549057119060308 0.00540245692245662 0.00539723767433316 0.00533833531662822 0.00531493362504989 0.00533521999605 0.00524878022260964 0.00524900425225496 0.00527902089525014 0.0262165062129498 0.0054307728074491 0.00539727183058858 0.00550806727260351 0.00559424725361168 0.00554283529054374
