Maxent_result_files_1/Bombus_pascuorum_2.asc
NCOLS 594 
NROWS 330 
XLLCORNER -15 
YLLCORNER 23 
CELLSIZE 0.166666666666667 
NODATA_value -9999 
[rows 220 to 239 of 330, columns 460 to 505 of 594]
6.03084015892819e-05 5.57076273253188e-05 4.88454403239302e-05 4.49938186648069e-05 4.94194995553698e-05 5.35120390850352e-05 5.81263127969578e-05 5.30874618561938e-05 4.42640906840097e-05 4.33370514656417e-05 4.45553410827415e-05 0.000351111762574874 0.000227564446686301 5.58091614948353e-05 7.31410000298638e-05 6.26147524599219e-05 6.00439972913591e-05 6.14953958574915e-05 8.68699993588962e-05 0.000261342540034093 0.000395005766768008 0.000293634648551233 0.000381675973767415 0.000428915239172056 0.000558482113410719 0.0005025606660638 0.00051388097635936 0.000581226061331108 0.000706774555146694 0.000645582034485415 0.000474224367644638 0.000490285022533499 0.000510729150846601 0.000469577687908895 0.000490484369220212 0.000490670313593 0.000525900250067934 0.000828134751645848 0.000632119958754629 0.000569231415283866 0.000746017479104921 0.000847576855449006 0.00111661921837367 0.00140267127426341 0.0251445077359676 0.131867590546608
5.60959586437093e-05 6.98777563229669e-05 4.96588454552693e-05 4.64887634734623e-05 5.10083587869303e-05 4.88640704134014e-05 6.45867232378805e-05 4.77617926662788e-05 5.05766802234575e-05 5.80530584556982e-05 6.88922744302545e-05 7.25559675629484e-05 7.17193757736823e-05 6.07026759098517e-05 6.13376450928627e-05 5.24089060490951e-05 4.80921331472928e-05 4.11972174333641e-05 3.77277970983414e-05 3.76446378140827e-05 0.000202366888697725 0.000223528250353411 0.000475255597848445 0.00068769711360801 0.000553874508477747 0.000574427167885005 0.000210925427381881 0.000313396417186596 0.000372897807392292 0.000507338796160184 0.000295406694931444 0.000813626142917201 0.000354261690517887 0.000603598848101683 0.000517793232575059 0.000558447794173844 0.000544429974979721 0.000605033501051366 0.00146229227539152 0.000732048827921972 0.00100298942415975 0.00131575311534107 0.000826404918916523 0.00188093602191657 0.00747195626609027 0.003999486239627
7.7365630568238e-05 5.87258418818237e-05 4.78365807794034e-05 5.41468085430097e-05 5.24832092196448e-05 4.33831897680648e-05 4.26341259299079e-05 3.68689246897702e-05 4.70144103019265e-05 5.64874506380875e-05 5.8193218865199e-05 6.41931899735937e-05 5.79982373892562e-05 3.76334157408564e-05 4.69631595478859e-05 4.54036231531063e-05 3.83110309485346e-05 2.61427307123085e-05 2.65399045019876e-05 0.000163411676476244 0.000225557333033066 0.000327295757597312 0.000603974270052277 0.000754825121839531 0.000619124417426065 0.00050961371161975 0.000505943095777184 0.000234532031754497 0.000683046178892255 0.000163813198741991 0.000465652227285318 0.000315762510581408 0.000978243228746578 0.0015768984449096 0.00212805517949164 0.00127172207576223 0.00165173122659326 0.00097144540050067 0.00110936773126014 0.00138384540914558 0.00252115451730788 0.00235253006685525 0.00196341368719004 0.00233905152417719 0.003136299806647 0.00328516983427107
5.07870059664128e-05 5.1496109153959e-05 5.161806839169e-05 4.08813912144979e-05 5.00712831126293e-05 4.01973618863849e-05 3.65222413165611e-05 5.25302319147158e-05 5.34126575075788e-05 4.2821762690437e-05 5.12852369865868e-05 7.62317660701228e-05 8.44251720991451e-05 8.41703098558355e-05 7.41349376767175e-05 5.46437535376754e-05 5.08268964040326e-05 3.02812037261901e-05 0.000221773744851816 0.000282288879679982 0.00034250650787726 0.000461198762059212 0.000801849173149094 0.000992665893863887 0.00117949048872106 0.000968161493074149 0.00139670856297016 0.00113071756786667 0.00122575284913182 0.00103417767677456 0.000810132350306958 0.000204893614863977 0.000255225857836194 0.00148393154377118 0.00137247283710167 0.000489521233248524 0.000839428161270916 0.000881265284260735 0.00166087151737884 0.00300826604943723 0.00199257397325709 0.00214583683991805 0.00210089817410335 0.00141676685307175 0.00194591927574947 0.00403050037566572
4.43229109805543e-05 4.08345664254739e-05 5.60924163437448e-05 4.72033785626991e-05 5.49571854207898e-05 4.84580832562642e-05 4.2170785854978e-05 5.57802857656497e-05 5.04057756188558e-05 3.78858268959448e-05 3.84972559913876e-05 5.90316274610814e-05 6.90210654283874e-05 5.77714050450595e-05 5.43760477739852e-05 5.01628011988942e-05 4.94025796797359e-05 4.28547164119664e-05 0.000227087715757079 0.000205981817271095 0.000446179808932357 0.000507125435979106 0.000716299185296521 0.000944911944679916 0.00161364085506648 0.00145322764292359 0.00181036032736301 0.00281758974306285 0.00369098188821226 0.00484740503598005 0.00229480338748544 0.00118620679131709 0.000832161400467157 0.000887372466968372 0.000971144973300397 0.00105377038707957 0.00126836913404986 0.00171657773898914 0.00235791770974174 0.00176148074679077 0.00131873089703731 0.00147407231852412 0.00504329269751906 0.00143029158934951 0.00182388600660488 0.00210639259312302
4.20225227571791e-05 4.08624820920522e-05 5.85253696044674e-05 7.71933755459031e-05 4.30785352364182e-05 4.70952276373282e-05 4.86966368043795e-05 5.21809783094795e-05 4.91797945869621e-05 3.38266718244995e-05 5.68200335692381e-05 6.38519908534363e-05 4.34556368418271e-05 5.70786385651445e-05 6.0252399998717e-05 5.40665278094821e-05 6.16077111772029e-05 6.83922276948579e-05 6.80169629049487e-05 5.82540040340973e-05 0.000176412439031992 0.000714329996844754 0.00145720445434563 0.00121453832834959 0.00210042869439349 0.00267262104898691 0.00268878166098148 0.00194739168509841 0.00286009593401104 0.00545828398317099 0.00616876278072596 0.00557927535846829 0.00363560752011836 0.00276283810380846 0.00152390421135351 0.000904614350292832 0.00140260388143361 0.00204451268073171 0.00119699626229703 0.00201383373932913 0.00108158114016987 0.00120765286847018 0.00220312851015478 0.00168526468332857 0.00188856135355309 0.00368340103887022
3.98808229874703e-05 3.92161658965051e-05 4.13408783060731e-05 5.01629936479731e-05 4.17580449720845e-05 5.03561335790437e-05 3.7327574682422e-05 5.04887797433184e-05 5.30894001713023e-05 5.39357144589303e-05 5.73070730752079e-05 4.48280279670143e-05 4.73205273010535e-05 4.43637007265352e-05 5.10714813572122e-05 5.31228251929861e-05 6.01364234171342e-05 9.17979519726941e-05 9.38568271521945e-05 0.000108700156124542 0.000121930455497932 0.00156081666355021 0.00131068000919186 0.00129612818127498 0.00145974269835278 0.0015107776154764 0.00202978489687666 0.00257968418300152 0.00361217954196036 0.00346577288582921 0.00200064482633024 0.00208734956104308 0.00272348267026246 0.00458325208164752 0.00365340358112007 0.00204255194403231 0.00205601522466168 0.00448581837117672 0.00125658375909552 0.00204524992732331 0.00121547631570138 0.00115450603188947 0.00504057600628585 0.00279235665220767 0.00427818270400167 0.00693344518076628
3.89729570088093e-05 3.43931587849511e-05 3.77125204977347e-05 4.52114556537708e-05 4.83186846395256e-05 5.17202803166583e-05 3.51320299159852e-05 5.20680245244876e-05 5.13898361532483e-05 5.43001882761018e-05 4.6023183313082e-05 5.61597866180819e-05 5.39367239980493e-05 4.52663021860644e-05 4.96963326440891e-05 0.000996968458639458 0.00279162245569751 0.0482773834839463 0.0301165333017707 0.000202150770928711 0.000105550804437371 0.000626974253100343 0.00475967251695693 0.00483117830008268 0.00273750416235998 0.00731225099880248 0.00198867523577064 0.00394763196818531 0.00159730755258352 0.00306166228838265 0.00216628721682355 0.00313665717840195 0.00171409180620685 0.00169060340849683 0.00174642796628177 0.00402991219889373 0.00499157009180635 0.0105603527277708 0.00226138262078166 0.00182272068923339 0.00182441790821031 0.00117283125291578 0.000894362403778359 0.000989091960946098 0.000966642604907975 0.00133943430846557
3.89949498639908e-05 3.66308207958355e-05 4.11365886975545e-05 4.72531261038966e-05 3.97225761844311e-05 3.78297871066024e-05 4.01045694161439e-05 5.13315291755134e-05 5.14256178576034e-05 4.80706956295762e-05 5.53543828573311e-05 5.31511013832642e-05 4.89063655550126e-05 3.89776580050238e-05 4.46916714281542e-05 0.00307800916489214 0.00209894992876798 0.00153351076296531 7.04810769093456e-05 4.71755929538631e-05 6.13674004853237e-05 0.000155444675328908 0.000556747685186565 0.000639716241857968 0.00176122924312949 0.00763503459747881 0.00793509199284017 0.0572923043742776 0.0124395586084574 0.0332720981910825 0.0220153631642461 0.02286815661937 0.00307366258930415 0.00333967681508511 0.00310096340253949 0.00708278105594218 0.00349102367181331 0.00416392050683498 0.00210610774811357 0.000967916275840253 0.00187728282762691 0.00140739742200822 0.00200920423958451 0.00400560745038092 0.00593062834814191 0.00225693355314434
4.74574386316817e-05 4.56278507044772e-05 3.58290679287165e-05 4.18510677263839e-05 4.66508634417551e-05 3.98448628402548e-05 3.18612181217759e-05 5.22927202837309e-05 5.08090815856121e-05 4.31792603194481e-05 3.79093729861779e-05 3.04025863442803e-05 3.60659971192945e-05 3.64790466846898e-05 0.000103699919418432 0.000252904951048549 0.0033583460142836 0.000253107132448349 4.3905539860134e-05 3.55439642589772e-05 4.48719922133023e-05 4.97427790833171e-05 7.03365305525949e-05 0.000564032280817628 0.0015137851703912 0.0022880137199536 0.000808751379372552 0.000158455962809967 0.000810646254103631 0.00995401106774807 0.0237167569808662 0.183580852299929 0.056297005712986 0.013030119240284 0.0125236875377595 0.00435049904044718 0.0144638422876596 0.00667486898601055 0.0215062074363232 0.00693503241054714 0.010056515596807 0.0752689063549042 0.0204148253425956 0.00562361860647798 0.00677831638604403 0.0129544177092612
4.37252278061351e-05 4.49381415819516e-05 4.30060365033569e-05 4.19112653617049e-05 5.19598841492552e-05 5.0948900388903e-05 3.85396151614259e-05 4.93167306558462e-05 4.12327455705963e-05 4.64003336674068e-05 4.37531183706596e-05 3.39205347700044e-05 4.45748350102804e-05 6.76378418575041e-05 4.30142104960396e-05 4.66634326585336e-05 4.61242649180349e-05 4.46122579887742e-05 6.99745516612893e-05 4.37853224866558e-05 4.21254357206635e-05 6.07929800025886e-05 0.000211174218566157 0.00015140617833822 7.10215805156622e-05 0.000100032253976678 0.000788943446241319 0.00110641353530809 0.00109070554608479 0.00218447740189731 0.00262568946927786 0.0239798318594694 0.0465877909213305 0.0126563602127135 0.00551423132419586 0.0158809819258749 0.0236347569152713 0.0153303049504757 0.0171789130195975 0.0852875538170338 0.0963374897837639 0.0378025155514479 0.076553737744689 0.209348846971989 0.0291695928201079 0.0270607890561223
5.73821682337439e-05 5.69505085877608e-05 6.10053746640915e-05 5.40015509614022e-05 5.27463300386444e-05 5.25114475749433e-05 5.23234190040967e-05 5.02054404933006e-05 4.75803728477331e-05 3.32941201122594e-05 3.61369959136937e-05 3.3774905023165e-05 4.08580717703444e-05 3.40176093232003e-05 3.91291501728119e-05 4.03663179895375e-05 3.66373769793427e-05 3.50958904164145e-05 5.31653757207096e-05 4.59511295048287e-05 9.63530113949673e-05 0.000111724023736315 0.000222114684584085 6.32487004622817e-05 0.000143548448249931 8.69254912686301e-05 0.000265021782252006 0.000784211832797155 0.00138912426773459 0.00355549689847976 0.00356537804473191 0.00421051504090428 0.00967207089997828 0.0319657407701015 0.00540331178344786 0.0102947951294482 0.00744073493406177 0.00977893117815256 0.00924104424193501 0.0151637978851795 0.0235620055347681 0.00682424106635153 0.0114389342721552 0.0121421460062265 0.00965974279679358 0.00793256722390652
6.08737689617556e-05 5.02604394569062e-05 5.91165211517364e-05 4.89131420181366e-05 5.50944576389156e-05 5.89450115512591e-05 4.60024206404341e-05 3.38663081492996e-05 3.52317385477363e-05 7.25075689842925e-05 3.76497147954069e-05 4.87199122289894e-05 3.52233961166348e-05 3.6782710958505e-05 3.9659670801484e-05 3.38282665325096e-05 3.41009692419902e-05 3.57702478140709e-05 4.3934716086369e-05 4.5496584061766e-05 8.29999848065199e-05 0.000281694049772341 5.20745361427544e-05 5.27387594047468e-05 0.000194358034059405 8.24803024443099e-05 0.000189833014155738 0.000664891736232676 0.000718679442070425 0.00088674757280387 0.00128479014383629 0.00329532180912793 0.00461334146093577 0.0108747192658484 0.015462713688612 0.0226858204230666 0.0204659901559353 0.0615201640874147 0.0552263595163822 0.0922523349523544 0.0509218450635672 0.0389676455408335 0.0576052024960518 0.0339971076697111 0.0421940311789513 0.0474879182875156
4.48948219855083e-05 4.78662910609273e-05 4.86974637169624e-05 6.09937545959838e-05 4.96015014505247e-05 4.80695885926252e-05 3.76719235646306e-05 3.52564376953524e-05 4.02442488848465e-05 3.8946865061007e-05 4.56685516837752e-05 0.000337899933219887 3.31735483996454e-05 3.87092761229724e-05 2.67659872406512e-05 2.62921508692671e-05 2.44922266574576e-05 3.24904171066009e-05 3.67608965461841e-05 3.75222971342737e-05 5.34367140062386e-05 0.000224942958448082 0.000205750083841849 0.000676115151145495 0.000841888185823336 0.000109687214717269 7.81643950176658e-05 0.000489985299645923 0.00056840950564947 0.00159093640977517 0.00584061278495938 0.0146767994388938 0.00364670837298036 0.00723052290268242 0.0186779426410794 0.0862162731587887 0.127904690802097 0.107037610560656 0.0980010978877544 0.0779273092746735 0.0320078650489449 0.0480464149266481 0.0335124900564551 0.0247971357777715 0.0519255634397268 0.0271462865173817
4.98906960274326e-05 4.30603595305001e-05 4.8101601714734e-05 5.436634128273e-05 3.88987897167681e-05 4.47981041361345e-05 4.05757386033656e-05 4.26973678258946e-05 4.10436132369796e-05 4.0193207860284e-05 3.34841344738379e-05 3.37758334353566e-05 4.81551747725462e-05 3.33780521032168e-05 3.39098638505675e-05 2.84725429082755e-05 3.38389661919791e-05 2.98763648970635e-05 3.6486758654064e-05 3.87582176699652e-05 3.97644385884632e-05 0.00034346997999819 0.000465264939703047 0.000499223050428554 0.00625365143641829 0.000220405471918639 0.000263422723219264 0.00120705380104482 0.000946460606064647 0.00110418926924467 0.00177136061247438 0.00273118378827348 0.00261444551870227 0.0136393567547202 0.121307787299156 0.0836496472358704 0.0376030974090099 0.0570170048624277 0.056342639029026 0.0955157645046711 0.0701682038605213 0.0822271659970284 0.0152413881383836 0.0207097163423896 0.0400267392396927 0.0159388680011034
4.54863653430948e-05 4.53192715212936e-05 3.8107641194074e-05 3.65719444744173e-05 3.96221181290457e-05 4.20980290073203e-05 3.92899843063788e-05 3.91449577364256e-05 3.71656933566555e-05 3.74397528503323e-05 3.62362015948747e-05 4.2117013981624e-05 3.47433004208142e-05 5.16754353157012e-05 3.88707983802306e-05 2.51574953836098e-05 2.57554747804534e-05 1.917908739415e-05 3.04864344798261e-05 4.06604398449417e-05 6.62365458993008e-05 0.000243701357976533 0.000320511481550056 0.000434959135600366 0.00160528995329514 0.000299245528003667 0.000623111557797529 0.000790580204920843 0.000958239485044032 0.000848556222626939 0.00186927174217999 0.0108695196919143 0.0168195912614465 0.0181191578507423 0.0643756717443466 0.0447477214038372 0.00697260000742972 0.0173829605802894 0.0365490630269051 0.0157632144168019 0.00860874271020293 0.00884570144116878 0.00508548859506845 0.00844205650500953 0.0125179035589099 0.0100742483511567
4.28372291935375e-05 4.82730200019432e-05 4.14185662521049e-05 3.72825536032906e-05 2.91642549200333e-05 3.43810475897044e-05 3.38997990183998e-05 3.33902822603704e-05 3.70315146938083e-05 2.54503322139499e-05 2.77640303465887e-05 2.52738171184319e-05 2.85589279883425e-05 3.15758550641476e-05 8.40448654344073e-05 3.02449814626016e-05 1.78619196958607e-05 2.81496446405072e-05 3.16675035719527e-05 2.81003029158455e-05 0.000149284770304803 0.000199619491468184 0.00014207242638804 0.000261834620323498 0.00048883430135902 0.00031910381076159 0.00053674470691476 0.00118745379149914 0.000844452221645042 0.00104307665606029 0.00165150879183784 0.0062093710526824 0.00895026680082083 0.0194486621767282 0.0165264415554702 0.0186654184013605 0.00435626592952758 0.0036350266309455 0.00237304315669462 0.00699572525918484 0.00364298664499074 0.00379267043899745 0.10335711017251 0.0113365693483502 0.0149125178344548 0.00617111450992525
4.61400806671008e-05 4.10953041864559e-05 4.78452991956146e-05 3.29431231875787e-05 3.07230720864027e-05 2.98473991279025e-05 2.6060238815262e-05 2.38726479437901e-05 2.34381896007108e-05 2.45883147727e-05 2.34676328545902e-05 2.48299033046351e-05 2.67291376076173e-05 2.75529482678394e-05 4.1941221934394e-05 3.82618758521858e-05 0.000117095741734374 1.46358404890634e-05 2.27605503823725e-05 2.52015832302277e-05 3.41393279086333e-05 0.000121911115274997 0.000195036359946243 6.88369116687681e-05 0.000260523229371756 0.000465621752664447 0.000636305983061902 0.000749554141657427 0.00101518349256366 0.00155473753111437 0.00177889035549015 0.00458456012420356 0.00712704360485077 0.0158333163708448 0.0127479122951627 0.0147446054033935 0.00116843128344044 0.00156003519659862 0.0016777417389676 0.00113671862636693 0.00134144521434791 0.00229471586644649 0.00934131355024874 0.00232683678623289 0.00246507048141211 0.00775725659914315
4.89967180328677e-05 4.3781964268419e-05 3.7182190681051e-05 3.41789189405972e-05 3.10983628878603e-05 2.75180476819514e-05 2.64368538410054e-05 2.20076393816271e-05 2.19437648411258e-05 2.37964157349779e-05 2.3167868857854e-05 2.37896994804032e-05 2.33409187785583e-05 2.74627909675473e-05 2.11757221222797e-05 8.20540819404414e-05 0.000118748233217048 5.62651410291437e-05 3.2166999335459e-05 0.00012485068582464 0.000144646826083772 0.000119932580128079 7.94960527855437e-05 0.000109756011079298 0.000305243743059691 0.000464688806096092 0.000715677204425447 0.000705552520230412 0.00101441260776483 0.00163160978117958 0.00303391376510262 0.0021234838059172 0.00434319591149688 0.00528094875626266 0.00195936965756118 0.000934052478987724 0.000804548896849155 0.0031185771455057 0.000429608879494481 0.00146327178226784 0.00131841577822343 0.00210610497742891 0.00178956289310008 0.00229189761448652 0.00473905433900654 0.00546774102840573
4.65073364466662e-05 4.45717581897043e-05 4.16673374274978e-05 3.44296997354832e-05 3.38966639901628e-05 2.91455669866991e-05 2.39587288888288e-05 1.88171304216667e-05 1.95830129996466e-05 2.2957215878705e-05 3.4371076253592e-05 0.000155569440539693 0.000121370303531876 0.000111906931124395 6.82554757077014e-05 5.2763357598451e-05 5.2969384159951e-05 6.82341989886481e-05 0.00013636178773595 0.000287400466913823 5.40197670488851e-05 2.39109165704576e-05 0.000193362732534297 7.33806438802276e-05 0.000141319520480465 0.000357072695624083 0.000660602829884738 0.000978491018759087 0.00121103093260899 0.00256700976751745 0.00518168318085372 0.00218710348708555 0.000588003842858598 0.000363085645949468 0.00036915137025062 0.000166515896853525 0.00176482533570379 0.000496398229734041 0.000852474913699552 0.00146446253638715 0.00112609841162339 0.00176545470021665 0.000553260571905412 0.00114585637347773 0.00201502627460286 0.00145993133774027
