Maxent_result_files_1/Bombus_veteranus_3.asc
NCOLS 594 
NROWS 330 
XLLCORNER -15 
YLLCORNER 23 
CELLSIZE 0.166666666666667 
NODATA_value -9999 
[rows 140 to 159 of 330, columns 141 to 187 of 594]
-9999 -9999 0.983103501796722 0.763734489679337 0.660614722967148 0.513669285178185 0.979995590448379 0.840402233600616 0.905836164951324 -9999 -9999 -9999 -9999 -9999 -9999 -9999 -9999 -9999 -9999 -9999 -9999 -9999 -9999 -9999 -9999 -9999 -9999 -9999 0.998579788208008 -9999 -9999 -9999 -9999 -9999 -9999 -9999 -9999 -9999 -9999 -9999 -9999 -9999 -9999 -9999 -9999 -9999 -9999
-9999 -9999 0.942828977108002 0.81065759062767 0.53892942070961 0.459268218278885 0.582103461027145 0.811444908380508 0.970472890138626 0.999495625495911 -9999 -9999 -9999 -9999 -9999 0.996052622795105 -9999 -9999 -9999 -9999 -9999 -9999 -9999 -9999 0.908804988861084 -9999 -9999 -9999 0.858679264783859 0.54323368370533 0.992338341474533 -9999 -9999 -9999 -9999 -9999 -9999 -9999 -9999 -9999 -9999 -9999 -9999 -9999 -9999 -9999 -9999
-9999 -9999 0.967702054977417 0.832015311717987 0.624914735555649 0.454051196575165 0.892845928668976 0.870880079269409 0.800730842351913 0.945093137025833 0.8236636698246 0.646801120042801 0.623107147216797 0.383171510696411 0.283615005016327 -9999 -9999 -9999 -9999 -9999 -9999 -9999 0.148043488711119 0.508871924877167 0.213863877952099 0.302354550361633 0.310720998048782 0.976770091056824 0.737010580301285 -9999 -9999 -9999 -9999 -9999 -9999 -9999 -9999 -9999 -9999 -9999 -9999 -9999 -9999 -9999 -9999 0.996096265316009 0.89172602891922
-9999 -9999 -9999 0.609285598993301 0.569560301303863 0.475977936387062 0.632487082481384 0.673360884189606 0.948337650299072 0.740304136276245 0.66372018456459 0.639464670419693 0.515501335263252 0.99999885559082 -9999 -9999 -9999 -9999 -9999 0.473612856864929 0.439796954393387 0.975238102674484 0.169597235321999 0.248636201024055 0.197738349437714 0.224605725705624 0.238447450101376 0.181317031383514 0.186173929274082 0.914101648330689 0.381781706213951 0.674831306934357 -9999 -9999 -9999 -9999 -9999 -9999 -9999 0.994929790496826 0.534388566017151 0.524440214037895 0.438651639223099 0.393033102154732 0.586500924825668 0.45820115506649 0.456283360719681
-9999 -9999 -9999 0.890178793668747 0.364473778009415 0.630387234687805 0.838661861419678 0.654039734601975 0.758411192893982 0.611681169271469 0.760305613279343 0.599682760238647 0.884635353088379 0.974929994344711 0.899410021305084 0.332905358076096 0.990907979011536 1 0.171452377736568 0.429760181903839 0.307619062066078 0.2137700304389 0.151931902766228 0.241571725904942 0.121697759628296 0.151120749115944 0.493968757987022 0.32311649620533 0.17216544598341 0.151476213335991 0.26069647371769 0.560396444797516 0.507615152001381 0.561460417509079 -9999 -9999 0.395857694745064 0.453704589605331 0.246692562103271 0.253305995464325 0.343149566650391 0.323714783787727 0.274199637770653 0.277850413322449 0.365137043595314 0.372422474622726 0.358882409334183
0.999869906902313 0.863251936435699 0.506977394223213 0.678956997394562 0.24015055000782 0.711400872468948 0.969754177331924 0.96025498509407 0.98672816157341 0.994717514514923 0.875660562515259 0.570628756284714 0.419874358177185 0.728675311803818 0.350657498836517 0.246858006715775 0.208048257231712 0.400761646032333 0.426778793334961 0.320933163166046 0.271101671457291 0.308678466081619 0.457382202148438 0.309715330600739 0.410965466499329 0.351036250591278 0.265066073834896 0.140399366617203 0.203773467242718 0.150883346796036 0.273273323476315 0.254418775439262 0.160856610536575 -9999 -9999 -9999 0.921795588731766 0.0896821834146976 0.137404383718967 0.293925034999847 0.332299122214317 0.355251184105873 0.301653173565865 0.528689259290695 0.488991084694862 0.542911583185196 0.308733874559402
0.99964827299118 0.647730016708374 0.710914289951324 0.591205513477325 0.563685008883476 0.952483838796616 0.864377671480179 0.989392989873886 0.847696712613106 0.996361309289932 0.95616295337677 0.452651923894882 0.522341507673264 0.43354240655899 0.66380420923233 0.388558426499367 0.301735958456993 0.888554447889328 0.412874722480774 0.304719713330269 0.282145538926125 0.409255418181419 0.348726880550385 0.282774457335472 0.516853368282318 0.603695285320282 0.182065120339394 0.115882524102926 0.730155336856842 0.212228222191334 0.222423808276653 0.355654984712601 0.230225622653961 0.275063683092594 0.134151582419872 0.120246356725693 0.477725523710251 0.246098361909389 0.235015974938869 0.239916475117207 0.278951454162598 0.360665225982666 0.395216491818428 0.428403389453888 0.413226100802422 0.478469479084015 0.659770601987839
0.595519375801086 0.573592758178711 0.541157650947571 0.850882136821747 0.556756308674812 0.422406297922134 0.580004769563675 0.891689223051071 0.973706924915314 0.988437879085541 0.910579454898834 0.727310109138489 0.530855575203896 0.41539631485939 0.312529107928276 0.300066444277763 0.347114688158035 0.375101399421692 0.29662227332592 0.421672508120537 0.423884660005569 0.361312198638916 0.432479253411293 0.486380332708359 0.469733041524887 0.186182624101639 0.189353442192078 0.468864059448242 0.348660460114479 0.26761973798275 0.357458966970444 0.139040114730597 0.167175211012363 0.170178014039993 0.192456492781639 0.364933627843857 0.813925707340241 0.368545335531235 0.305227774381638 0.495158666372299 0.22812667787075 0.261383251845837 0.211666962504387 0.320310387015343 0.316324442625046 0.422321039438248 0.325602328777313
0.973569476604462 0.957296091318131 0.596326488256455 0.477626439929008 0.582826548814774 0.445668262243271 0.63666313290596 0.60206972360611 0.487357518076897 0.45030423104763 0.339724892377853 0.899793976545334 0.350913268327713 0.425604140758514 0.348724156618118 0.552055343985558 0.291615137457848 0.395949268341064 0.375518098473549 0.16388632953167 0.282795053720474 0.31553316116333 0.147934012115002 0.283737218379974 0.304355609416962 0.25132157355547 0.286117805540562 0.303106924891472 0.192226776480675 0.186388586461544 0.26386276781559 0.267607399821281 0.709368324279785 0.210573495924473 0.14310310781002 0.243764938414097 0.147542370855808 0.0792945995926857 0.208805084228516 0.145214395225048 0.193811139464378 0.266429543495178 0.24217517375946 0.232022169232368 0.305663877725601 0.310624724626541 0.47090790271759
0.880414545536041 0.999025177955627 0.994679725170135 0.732134461402893 0.471909803152084 0.568768799304962 0.415805897116661 0.759854394197464 0.613305449485779 0.624021953344345 0.46949505507946 0.425926920771599 0.393644353747368 0.398704949021339 0.267184437811375 0.345964431762695 0.262250384688377 0.326865497231483 0.280068629980087 0.598287695646286 0.501321297883987 0.209697072207928 0.352676516771317 0.331758806109428 0.18900877982378 0.239267973601818 0.222876209020615 0.232843339443207 0.134785377979279 0.250527349114418 0.320921444892883 0.153246247768402 0.279989469051361 0.306205287575722 0.52355614900589 0.0706507101655006 0.200683458149433 0.168401008844376 0.31400902569294 0.308645299077034 0.244279515743256 0.254950243234634 0.125503551959991 0.315072709321976 0.223752915859222 0.327741277217865 0.245926676690578
0.401545661687851 0.60780234336853 0.465524995326996 0.234503865242004 0.789357179403305 0.401918739080429 0.713081479072571 0.76157500743866 0.583304989337921 0.817119479179382 0.36483254134655 0.494983550906181 0.867471379041672 0.465581598877907 0.306358850002289 0.366121330857277 0.212213842570782 0.422697529196739 0.314501869678497 0.297812306880951 0.221921765804291 0.31907160282135 0.223235605657101 0.331587588787079 0.159596732258797 0.436840844154358 0.36419458091259 0.268166813254356 0.280352672934532 0.277933430671692 0.190632805228233 0.836735081672668 0.211459809541702 0.24968069344759 0.119825615733862 0.268353396654129 0.279197949171066 0.154017198085785 0.287241390347481 0.135755532234907 0.146447251737118 0.14284895285964 0.366303792595863 0.262032890319824 0.293751832842827 0.371943393349648 0.412761050462723
0.287724757194519 0.304442524909973 0.353992927074432 0.430395379662514 0.48085615336895 0.328439033031464 0.513082283735275 0.384615164995193 0.719431173801422 0.431621599197388 0.448071154952049 0.353032565116882 0.431882801651955 0.454399633407593 0.281389102339745 0.235047084093094 0.164580850303173 0.171361899375916 0.160359828174114 0.1428636521101 0.0763726145029068 0.399939274787903 0.276799584925175 0.258278667926788 0.246922616660595 0.175736339390278 0.182631686329842 0.201986613869667 0.670612472295761 0.210167421400547 0.671780091524124 0.479376691579819 0.261382077634335 0.30792800784111 0.165080323815346 0.169639180600643 0.24630011767149 0.294549104571342 0.169278348982334 0.170169016718864 0.750778460502625 0.342856994271278 0.454467570781708 0.225569458305836 0.140592849254608 0.0601019382476807 0.226847390830517
0.316381666064262 0.245765137672424 0.312303176522255 0.500575011968613 0.626687616109848 0.612539273500442 0.302230590581894 0.526365718245506 0.398615306615829 0.750945925712585 0.433769977092743 0.404845288395882 0.491358694434166 0.320848247408867 0.315178200602531 0.320123276114464 0.348097831010818 0.446045127511024 0.404977068305016 0.239775978028774 0.47099529504776 0.430527332425117 0.390461233258247 0.273549564182758 0.220114886760712 0.196957059204578 0.228074976801872 0.337381386756897 0.999330139160156 0.627426797151566 0.977867579460144 0.835162997245789 0.366139620542526 0.221472883224487 0.181531994044781 0.100405097007751 0.493524360656738 0.374321490526199 0.338468912243843 0.327803096175194 0.228865200281143 0.337506949901581 0.355319344997406 0.566903913021088 0.413019642233849 0.572876888513565 0.432072541117668
0.526677122712135 0.325143882632256 0.422947371006012 0.325478979945183 0.54447780251503 0.812269133329391 0.945865404605865 0.797756111621857 0.885526102781296 0.605248641967773 0.584220039844513 0.426870819926262 0.66036342382431 0.802197027206421 0.383603778481483 0.147626632452011 0.276440876722336 0.307036924362183 0.157760155200958 0.431387183070183 0.178158122301102 0.204556886851788 0.226783619821072 0.684234189987183 0.821683901548386 0.315301138162613 0.647372752428055 0.950463336706161 0.998578268289566 0.900269311666489 0.999976408481598 0.915579867362976 0.230549517273903 0.578285628557205 0.207174547016621 0.200435425341129 0.723811382055283 0.544928422570229 0.265183608233929 0.350615313649178 0.201099695265293 0.24534392952919 0.494618889689446 0.28556557148695 0.269438922405243 0.447321808338165 0.403405427932739
0.929830151796341 0.953655624389648 0.954871821403503 0.871992468833923 0.776142483949661 0.685850071907044 0.674648034572601 0.85132462978363 0.865611016750336 0.0886417724192143 0.745803713798523 0.863065886497498 0.970997470617294 0.450315827131271 0.345217257738113 0.587227985262871 0.17681275755167 0.362729227542877 0.484020328521728 0.460537797212601 0.222535340487957 0.155346167087555 0.210618367791176 0.284412971138954 0.403936097025871 0.514928182959557 0.345156738162041 0.180366085469723 0.541361635923386 0.383954748511314 0.864001470804215 0.241877061128616 0.319173994660377 0.278398430347443 0.305586248636246 0.264445787668228 0.839619982242584 0.518841928243637 0.258484406769276 0.265639823675156 0.243249687552452 0.297786182165146 0.661980205774307 0.73872703909874 0.787177050113678 0.762584191560745 0.444323620200157
0.999815344810486 0.962830150127411 0.847270917892456 0.591066282987595 0.533309760689735 0.936331343650818 0.663560646772385 0.215429675579071 0.468922606110573 0.382932981848717 0.561860537528992 0.880330377817154 0.398829156160355 0.129785234481096 0.175698673725128 0.0477277845144272 0.229772256314754 0.0428715314716101 0.709449648857117 0.526549795269966 0.17932490259409 0.19305611550808 0.145378334820271 0.221498766541481 0.339008620381355 0.458120599389076 0.43509356379509 0.65510641336441 0.324502643942833 0.289309757947922 0.123412740975618 0.11019242182374 0.220907066762447 0.286653965711594 0.361445501446724 0.130127733945847 0.861468577384949 0.772050076723099 0.347406485676765 0.550962728261948 0.282739162445068 0.467996001243591 0.671342384815216 0.486064857244492 0.548976227641106 0.938841813802719 0.475563648343086
0.981243699789047 0.955028796195984 0.943156391382217 0.804235577583313 0.761865949630737 0.713947463035584 0.711370676755905 0.48682926595211 0.223137009143829 0.531938642263412 0.75390128493309 0.984805184602737 0.993299758434296 0.652064222097397 0.110507633537054 0.41784919500351 0.0994244866073132 0.0807632461190224 0.165810805559158 0.0939607433974743 0.151353140175343 0.255437760055065 0.321982452273369 0.377553302049637 0.776037675142288 0.359117016196251 0.268017637729645 0.322193321585655 0.346368438005447 0.411667934060097 0.398567816615105 0.409763640165329 0.824015808105469 0.245811547338963 0.204804767668247 0.424142420291901 0.357561275362968 0.961553931236267 0.273031045496464 0.247776867449284 0.27492943406105 0.839000236988068 0.845330953598022 0.469820085167885 0.367414924502373 0.8504798412323 0.462006229162216
0.798367017507553 0.999864912033081 0.76559117436409 0.744586837291717 0.68481040596962 0.795371425151825 0.595721763372421 0.48802752494812 0.747924554347992 0.504025626182556 0.95581237077713 0.213755376636982 0.0147468066774309 0.348085790872574 0.788279765844345 0.41671185195446 0.230809412896633 0.59084387421608 0.0757711246609688 0.36162768304348 0.288668537139893 0.111937962472439 0.421963515877724 0.50094065964222 0.207786928117275 0.207917645573616 0.316795209050179 0.39133668243885 0.463609567284584 0.287496294081211 0.29078323841095 0.36234178841114 0.350935816764832 0.514193564653397 0.823574656248093 0.846325117349625 0.76344947218895 0.296188767254353 0.427349275350571 0.502658984065056 0.457755219936371 0.419174680113792 0.593071883916855 0.941429871320725 0.961824548244476 0.929501283168793 0.632630395889282
0.898006761074066 0.86491431593895 0.821692007780075 0.795484757423401 0.525227162241936 0.491760089993477 0.321796506643295 0.664972770214081 0.671159964799881 0.127545396238565 0.601700532436371 0.826824170351028 0.688099259138107 0.952206248044968 0.262828530371189 0.41621587574482 0.0948112674057484 0.537731385231018 0.517668789625168 0.0619480729103088 0.604311925172806 0.0857050776481628 0.688024342060089 0.596615409851074 0.278105746209621 0.113525072485209 0.360344445705414 0.486708271503448 0.272154292464256 0.342215472459793 0.302563306689262 0.658244431018829 0.786154270172119 0.605687302350998 0.296963930130005 0.979777282476425 0.655878067016602 0.418224331736565 0.300755569338799 0.578428345918655 0.70500915646553 0.738968086242676 0.754081237316132 0.709595739841461 0.589433038234711 0.851345580816269 0.355816101282835
0.973412048816681 0.796575951576233 0.963165283203125 0.849532836675644 0.618724143505096 0.945995390415192 0.703851330280304 0.497126877307892 0.387787047028542 0.737599515914917 0.73667083978653 0.480596992373466 0.261098523437977 0.275578200817108 0.495295560359955 0.0651682063937187 0.294902378320694 0.149802833795547 0.189147217571735 0.216103407740593 0.984522920846939 0.69279932975769 0.782764291763306 0.926168328523636 0.357690286636353 0.464298132061958 0.272913733124733 0.281912463903427 0.336500585079193 0.410666406154633 0.435422995686531 0.619033974409103 0.547621035575867 0.444791260361671 0.683099657297134 0.135290702432394 0.433367493748665 0.300968074798584 0.375667750835419 0.150610408186913 0.164323037862778 0.301302509009838 0.173671680688858 0.298215369880199 0.528377324342728 0.681709724664688 0.926559627056122
