Maxent_result_files_1/Bombus_consobrinus_2.asc
NCOLS 594 
NROWS 330 
XLLCORNER -15 
YLLCORNER 23 
CELLSIZE 0.166666666666667 
NODATA_value -9999 
[rows 280 to 299 of 330, columns 528 to 571 of 594]
1.22901688826005e-14 1.53321799700734e-14 1.12465592394528e-14 1.91402449445377e-14 2.71449529520851e-14 1.73083769539062e-14 1.61204383175573e-14 1.40665257220007e-14 5.59663426713541e-14 7.05324687544362e-14 9.21263065833955e-14 1.12176934408126e-13 7.39075467492967e-14 1.54365409343882e-13 1.62281299509459e-13 4.9871218266162e-14 1.64390723256247e-13 3.65274477331923e-13 2.56106247320531e-13 3.15292236763298e-13 1.0502709812954e-13 1.09223741162623e-13 1.53432822003197e-13 2.77777800761214e-12 1.16527898441632e-12 3.43107542377652e-11 1.14339602230729e-08 1.53206108277626e-07 3.30349945620867e-07 8.647716086152e-06 0.000111910876395882 0.00250717669764526 0.00186614964555645 0.000363360865700491 0.000146496599025903 0.000284289039547059 0.000513174607197031 2.92989925177012e-05 2.2289037741885e-05 8.11109459236348e-05 0.000207668563754881 0.00172382200529535 0.0015088475287544 2.03420869845039e-05
8.85957973650875e-15 1.23345778035855e-14 1.46993528460371e-14 1.76414438612937e-14 1.33781874467331e-14 4.09672296086683e-15 3.04645197957143e-14 3.51052520386474e-14 3.88578058618805e-15 4.83391104921793e-14 5.68101121700693e-14 8.80406858527749e-15 4.09672296086683e-14 1.09445785767548e-13 1.27231558622043e-13 2.26396679181562e-13 4.23117096914893e-13 4.06796818452904e-13 1.93711713336597e-13 1.92335036786062e-13 9.64894830701724e-14 1.87383442096234e-13 2.17892370812933e-13 3.51152440458691e-13 4.89859264263259e-12 8.90006190967796e-10 3.760352029758e-11 9.27444236520358e-08 4.18308514493759e-08 2.11081420686821e-07 9.26931151279398e-08 5.13712199865513e-06 0.00265221293284412 0.000702556624730111 0.00353138764619416 0.00568226229032689 0.000459010674636651 7.7796467122504e-05 6.69956865678722e-06 1.06861021108129e-05 1.28681786807139e-05 0.000122602936181659 0.000733412525390364 0.00108213380516119
8.09352584951739e-15 1.14019904629004e-14 2.12052597703405e-15 4.70734562441066e-15 1.44440015503733e-14 1.60427227058335e-14 2.23709939461969e-14 2.36699548850083e-14 3.59268170768701e-14 3.40838468559923e-15 3.62709862145039e-14 4.45532499782075e-14 5.89528426075958e-14 7.84705633805061e-14 1.17605924998543e-13 1.99107397236276e-13 6.35380636992977e-14 2.44193554266303e-13 2.42883491097245e-13 2.02793337678031e-13 1.93356441968717e-13 6.87339074545434e-14 8.6897156137411e-14 1.11277653758179e-13 3.73148179022564e-12 7.77380382288584e-12 8.2736509754433e-09 6.28434866367655e-09 6.98801760901091e-10 1.08967568301921e-10 3.19164294992902e-10 3.88810150742103e-09 7.24648851457843e-07 0.00154966490296715 0.000607240345878779 0.000225268866518502 0.00048803168107735 6.62773676513018e-06 0.000122116307684284 2.79659910000785e-06 8.30053608956827e-05 0.000130048073985289 0.000152485349657261 0.000205117891371853
3.88578058618805e-16 8.65973959207622e-15 3.88578058618805e-16 8.77076189453874e-15 7.28306304154103e-15 1.60760293965723e-14 1.89070981093664e-14 1.56097357262297e-14 1.77080572427712e-14 1.7785772854495e-14 7.105427357601e-15 2.99982261253717e-14 2.75002243199651e-14 4.44755343664838e-14 5.23470156110761e-14 1.56619162083871e-13 2.42494913038627e-13 2.78066458747617e-13 2.38453701228991e-13 5.18141085592561e-14 2.18303153332045e-13 1.25444099552396e-13 5.72675240562148e-13 9.0250029671779e-14 2.46636044920479e-13 1.1391332321864e-12 8.24085244488515e-13 2.43928655052628e-11 6.38233910166264e-13 1.43638378968802e-10 7.35227434489616e-12 8.55027160184818e-12 6.15774098378097e-12 8.88314077851504e-10 3.14354296476083e-05 0.00190895673695195 0.00192748793249962 0.000150499828107853 0.0031854837405163 0.00442649085663334 0.00136732717069048 0.000672906643034477 0.00021704758641643 7.49798404407032e-05
7.21644966006352e-16 5.87307980026708e-15 8.47100167788994e-15 1.20348175869367e-14 1.14686038443779e-14 1.00253139123652e-14 1.18349774425042e-14 5.93969318174459e-15 1.17794662912729e-14 1.30562227695918e-14 5.97299987248334e-15 2.40918396343659e-14 3.55493412484975e-14 4.86832796298131e-14 7.72382158231721e-14 1.27942101357803e-13 1.66389124700572e-13 6.30939744894476e-14 2.1905810498879e-13 2.06867856178405e-13 1.35980116056089e-13 2.06890060638898e-13 1.80877535171931e-13 1.64224189802553e-13 1.3141709942488e-13 2.17381668221606e-14 8.64863736182997e-15 4.14113188185183e-15 4.10782519111308e-15 4.61852778244065e-15 7.20978832191577e-14 2.42073028289269e-13 8.59756710269721e-13 5.48920908727268e-12 6.3794114435467e-11 7.15652703764391e-10 2.27607022118548e-10 4.88459869092295e-05 0.000436728780197626 1.83733363512406e-07 0.0114549272185286 0.000935812593793728 0.000334833687174807 5.75452894884587e-05
4.6074255521944e-15 7.33857419277228e-15 1.11022302462516e-15 1.0369483049999e-14 5.52891066263328e-15 8.04911692853238e-15 3.530509218308e-15 8.51541059887495e-15 8.00470800754738e-15 4.30766533554561e-15 1.4299672557172e-14 1.66755498298698e-14 2.49245069028348e-14 3.53161944133262e-14 5.16475751055623e-14 4.16888745746746e-14 1.06425979140568e-13 9.50128864474209e-14 7.8115292012626e-14 2.00994776378138e-13 4.54192239374152e-14 8.58535464942634e-14 3.16635606623095e-14 2.55351295663786e-14 1.45128353779e-13 8.28226376370367e-14 2.57571741713036e-15 1.66533453693773e-16 2.00950367457153e-15 5.55111512312578e-17 1.35447209004269e-15 1.94499971684081e-13 1.60271795834888e-13 7.20201676074339e-13 2.47049047885639e-12 2.00225502844376e-11 6.20101969772691e-11 1.20177034990121e-10 5.61122037723294e-11 2.9226519515646e-08 0.00630689289579323 0.000369786182299037 0.00102457545521775 0.00111301417961431
1.02140518265514e-15 5.56221735337203e-15 6.19504447740837e-15 6.43929354282591e-15 6.22835116814713e-15 3.71924713249427e-15 6.17284001691587e-15 6.60582699651968e-15 4.80726569662693e-15 8.58202398035246e-15 1.02917674382752e-14 1.47659662275146e-15 1.791899961745e-14 1.21236354289067e-14 2.98872038229092e-14 4.2632564145606e-14 5.60884672040629e-14 4.66515714947491e-14 1.06559205903523e-13 1.77802217393719e-13 7.48401340899818e-14 2.42261766203455e-13 2.41673348000404e-13 1.40876199594686e-13 1.71440639462617e-13 2.49023024423423e-14 6.93556323483335e-14 1.03472785895065e-13 3.01980662698043e-15 1.11022302462516e-17 2.91988655476416e-15 1.14019904629004e-14 1.17128529097954e-14 4.80593342899738e-13 2.63242760922822e-12 8.06994471247435e-12 1.65977231958436e-11 5.83491699401861e-11 4.19219992053854e-11 7.85323618357481e-09 0.00276350379213 0.0425279423674965 0.0250510600430744 0.00508896279797852
2.37587727269783e-15 1.88737914186277e-16 4.91828799908944e-15 7.7715611723761e-17 3.28626015289046e-15 1.11022302462516e-16 5.42899059041702e-15 5.99520433297585e-16 5.97299987248334e-15 7.92699239582362e-15 7.84927678409986e-15 1.01807451358127e-14 1.29785071578681e-14 1.60871316268185e-14 1.25566224085105e-14 2.86770607260678e-14 2.90989454754254e-14 4.88942220044919e-14 6.33826324758502e-14 5.92970117452296e-14 1.50257584152769e-13 2.56072940629792e-13 2.99638092116084e-13 2.53486120982416e-13 2.04503081135954e-13 1.88404847278889e-14 8.98059404619289e-14 4.49640324973188e-14 6.78346268045971e-14 5.76538816687844e-14 3.10862446895044e-16 3.99680288865056e-16 8.43769498715119e-16 2.13828954542805e-14 3.37063710276198e-13 7.61983809383082e-12 1.31473054665321e-11 1.61142654775404e-11 1.06895492457681e-11 1.13761777775778e-11 4.7156878402177e-11 4.20730117411949e-11 2.26387535384731e-09 4.52314508070373e-10
1.31006316905768e-15 4.88498130835069e-16 1.21014309684142e-15 1.66533453693773e-15 2.39808173319034e-15 1.55431223447522e-16 2.73114864057789e-15 2.8643754035329e-15 3.48610029732299e-15 5.56221735337203e-15 3.11972669919669e-15 6.93889390390723e-15 9.85878045867139e-15 1.19904086659517e-14 1.28119737041743e-14 1.75415237890775e-14 2.25597318603832e-14 3.21076498721595e-14 4.21329637845247e-14 5.62772051182492e-14 8.94173624033101e-14 1.23201449042654e-13 1.49180667818882e-13 9.31588139962969e-14 1.79389836318933e-13 1.30417898702717e-13 1.0529355165545e-13 5.6843418860808e-15 9.05275854279353e-14 5.77315972805081e-15 8.42659275690494e-15 4.21884749357559e-16 4.66293670342566e-16 9.08162434143378e-15 1.485367384646e-13 1.54910528848973e-12 4.38481695397286e-11 3.42108674722397e-11 1.0615064383046e-12 1.08122510944497e-11 1.03463904110868e-12 1.38650202430313e-12 3.346878330035e-13 1.09245945623115e-13
8.32667268468867e-16 9.88098491916389e-16 1.11022302462516e-17 1.11022302462516e-17 1.7874590696465e-15 2.22044604925031e-15 2.23154827949656e-15 2.40918396343659e-15 1.34336985979644e-15 3.71924713249427e-15 4.21884749357559e-15 6.27276008913213e-15 9.02611319020252e-15 1.0902390101819e-14 1.4299672557172e-14 1.68198788230711e-14 2.63566946046012e-14 1.42330591756945e-14 3.62709862145039e-14 4.32209823486573e-14 1.02806652080289e-14 1.05004893669047e-13 1.88660198574553e-13 4.48863168855951e-14 5.98410210272959e-14 1.13464793116691e-13 1.12376774552558e-13 9.75663994040588e-14 4.18109991073834e-14 5.41011679899839e-14 1.07225339718298e-13 4.50861570300276e-14 1.17683640610267e-15 8.88178419700125e-17 3.33066907387547e-15 7.74735831043927e-13 4.0467629247587e-13 6.22435436525848e-13 4.39528413664902e-12 1.37602707006579e-11 1.78710379827862e-12 1.23276944208328e-12 2.40996111955383e-13 1.39255273978733e-13
7.7715611723761e-17 0 0 9.88098491916389e-16 1.36557432028894e-15 4.44089209850063e-17 2.08721928629529e-15 2.22044604925031e-17 3.36397576461422e-15 5.01820807130571e-15 6.19504447740837e-15 8.28226376370367e-15 7.7715611723761e-16 1.2356782264078e-14 6.56141807553468e-15 1.65756297576536e-14 1.94066984704477e-14 2.33701946683595e-14 1.12243547789603e-14 3.50275364269237e-14 4.93716179050807e-14 7.91589016557737e-14 1.31761268562514e-13 1.75148784364865e-13 1.17927889675684e-13 1.0520473381348e-13 9.2370555648813e-14 9.61120072417998e-14 4.5763393075049e-14 9.18265463667467e-14 7.61057883380545e-14 8.37108160567368e-15 8.90398865749376e-15 1.84297022087776e-15 7.7715611723761e-17 6.10622663543836e-16 5.47339951140202e-15 1.66044955562938e-13 1.02876263063933e-11 1.32426292154264e-12 3.46261908035217e-11 3.20565796130268e-13 4.60853577521903e-14 1.17207354932702e-12
1.11022302462516e-17 0 0 2.66453525910038e-16 6.66133814775094e-16 2.66453525910038e-16 5.55111512312578e-16 1.50990331349021e-15 2.05391259555654e-15 2.65343302885412e-15 2.06501482580279e-15 7.98250354705488e-15 7.4718009557273e-15 7.11652958784725e-15 8.34887714518118e-15 1.07136521876328e-14 1.38777878078145e-14 1.765254609154e-14 2.52020626589911e-14 2.77777800761214e-14 4.87165863205519e-14 6.50146603220492e-14 1.04272146472795e-13 2.21822560320106e-14 1.15640830244956e-13 2.22932783344731e-14 9.00834962180852e-14 6.86339873823272e-14 5.80646641878957e-15 7.81819053941035e-14 1.86517468137026e-14 6.44373443492441e-14 1.4299672557172e-14 5.84421400162682e-14 3.56492613207138e-14 4.55191440096314e-16 2.1094237467878e-15 8.43769498715119e-16 1.19393384068189e-13 9.76652092532504e-13 1.19789733687981e-12 1.48985268566548e-12 1.22025722859576e-12 1.91702209662026e-13
1.55431223447522e-16 1.22124532708767e-16 1.4432899320127e-16 1.66533453693773e-16 1.55431223447522e-16 1.66533453693773e-16 1.77635683940025e-16 2.88657986402541e-16 8.21565038222616e-16 5.21804821573824e-16 4.77395900588817e-16 9.32587340685132e-16 2.29816166097407e-15 6.0063065632221e-15 6.47260023356466e-15 8.68194405256872e-15 2.28705943072782e-15 1.72084568816899e-14 2.45692355349547e-14 1.20459198171829e-14 3.96793709001031e-14 5.1458837191376e-14 6.64579502540619e-14 9.02167229810402e-14 9.75663994040588e-14 8.24007528876791e-14 4.62185845151453e-14 5.63771251904655e-14 2.40030217923959e-14 5.02264896340421e-14 4.74398298422329e-14 5.39235323060439e-14 2.20823359597944e-14 8.65973959207622e-15 5.25468557555087e-14 2.37587727269783e-15 2.16160422894518e-14 1.55431223447522e-15 2.66453525910038e-16 1.4432899320127e-16 4.13225009765483e-14 3.43169936911636e-14 8.40438829641244e-14 3.66373598126302e-15
0 0 0 0 0 0 1.99840144432528e-16 2.22044604925031e-16 2.1094237467878e-16 3.21964677141295e-16 4.66293670342566e-16 5.32907051820075e-16 7.32747196252603e-16 1.08801856413265e-15 1.70974345792274e-15 7.14983627858601e-15 8.65973959207622e-16 5.52891066263328e-15 2.26263452418607e-14 2.77111666946439e-14 3.39506200930373e-14 3.68260977268164e-14 1.77524661637563e-14 4.78617145915905e-14 1.60538249360798e-14 3.48721052034762e-14 4.8061554736023e-14 2.08499884024604e-14 4.84057238736568e-15 2.13717932240343e-14 5.04818409297059e-14 1.80633286106513e-14 2.55129251058861e-14 3.15858450505857e-14 4.91051643791707e-14 4.66626737249953e-14 4.26547686060985e-14 4.21884749357559e-16 3.21964677141295e-15 6.40598685208715e-15 1.11022302462516e-16 4.44089209850063e-17 1.11022302462516e-16 2.66453525910038e-16
0 0 0 7.7715611723761e-17 0 1.22124532708767e-16 0 1.55431223447522e-16 0 3.33066907387547e-16 2.77555756156289e-16 3.33066907387547e-16 4.77395900588817e-16 6.99440505513849e-16 9.65894031423886e-16 5.07371922253697e-15 7.28306304154103e-15 1.18238752122579e-14 1.34225963677181e-14 1.92290627865077e-14 2.37143638059933e-14 3.33066907387547e-15 2.81219492137552e-14 2.66231481305113e-14 5.47339951140202e-15 2.95208302247829e-14 3.46944695195361e-14 3.49720252756924e-15 4.10782519111308e-15 4.01789712611844e-14 4.01900734914307e-14 1.2090328738168e-14 7.31636973227978e-15 4.97935026544383e-14 3.79696274421804e-15 3.03979064142368e-14 4.41979786103275e-14 3.35065308831872e-14 6.4170890823334e-15 1.33226762955019e-15 1.06026298851702e-14 2.99760216648792e-16 6.42819131257966e-15 1.34336985979644e-15
0 0 0 7.7715611723761e-17 0 0 0 1.11022302462516e-16 1.55431223447522e-16 1.11022302462516e-17 2.44249065417534e-16 2.88657986402541e-16 4.21884749357559e-16 6.43929354282591e-16 1.31006316905768e-15 2.97539770599542e-15 5.60662627435704e-15 6.19504447740837e-15 1.15463194561016e-15 1.01363362148277e-14 1.44884104713583e-14 2.28372876165395e-14 2.1049828546893e-14 4.46309655899313e-15 6.02073946254222e-14 1.21291865440298e-13 8.14903700074865e-15 7.13873404833976e-15 5.02931030155196e-15 2.43138842392909e-14 1.80855330711438e-14 1.76747505520325e-14 3.574918139293e-14 3.98903132747819e-14 8.81517081552374e-15 4.02233801821694e-14 3.8968828164343e-15 3.19411164184658e-14 2.09943173956617e-14 4.03233002543857e-14 3.92019749995143e-14 4.88498130835069e-15 3.21964677141295e-16 1.41886502547095e-14
0 0 0 0 7.7715611723761e-17 0 9.99200722162641e-17 0 1.77635683940025e-16 2.22044604925031e-16 2.66453525910038e-16 4.88498130835069e-16 4.77395900588817e-16 6.43929354282591e-16 8.88178419700125e-16 2.03170813506404e-15 4.98490138056695e-15 5.55111512312578e-15 6.22835116814713e-15 4.15223411209809e-15 8.38218383591993e-15 9.28146448586631e-15 1.45661260830821e-14 6.78346268045971e-15 6.43041175862891e-14 1.487576728465e-12 1.26998411786872e-13 1.52100554373646e-14 2.27151630838307e-14 3.04867242562068e-14 2.19158025061006e-14 2.87325718772991e-14 2.36477504245158e-14 3.00870439673417e-15 1.62092561595273e-14 3.14304138271382e-14 2.76112466224276e-14 2.91100477056716e-14 3.06310532494081e-14 2.79221090693227e-14 3.68594044175552e-15 7.76045894212984e-15 1.24344978758018e-14 5.20694598549198e-15
0 0 0 0 0 0 0 1.66533453693773e-16 2.77555756156289e-16 3.21964677141295e-16 4.32986979603811e-16 8.21565038222616e-16 9.32587340685132e-16 7.66053886991358e-16 2.53130849614536e-15 2.38697950294409e-15 4.59632332194815e-15 5.7065463465733e-15 5.61772850460329e-15 5.14033260401447e-15 7.38298311375729e-15 6.78346268045971e-15 9.95870053088765e-15 7.78266340262235e-15 1.17239551400417e-14 2.35478303522996e-14 9.03721542044877e-15 1.75526260193237e-14 9.35918009759007e-15 5.37347943918576e-15 1.00586206031039e-14 2.60347299274599e-14 1.70530256582424e-14 1.51323398256409e-14 6.29496454962464e-15 1.87960758069039e-14 1.88182802673964e-14 2.03614902716254e-14 1.7874590696465e-15 2.38142838782096e-14 2.61457522299224e-14 9.04831765069503e-15 7.09432512735475e-15 9.09272657168003e-15
0 0 0 0 0 1.22124532708767e-16 1.55431223447522e-16 2.1094237467878e-16 2.77555756156289e-16 3.5527136788005e-16 5.32907051820075e-16 9.76996261670138e-16 6.77236045021345e-16 1.86517468137026e-15 4.56301663120939e-15 3.50830475781549e-15 4.11892742135933e-15 4.64073224293315e-15 3.93018950717305e-15 5.65103519534205e-15 5.89528426075958e-15 1.46549439250521e-15 8.1601392309949e-15 1.47437617670221e-14 1.60982338570648e-14 1.4122036873232e-14 2.13051798425568e-14 1.92068583260152e-14 1.78523862359725e-14 8.88178419700125e-15 1.63979940737136e-14 1.69309011255336e-14 1.45994327738208e-14 1.34448008282106e-14 1.54321000422897e-14 1.55542245749984e-14 7.64943663966733e-15 1.74416037168612e-14 1.69753100465186e-14 8.32667268468867e-15 8.49320613838245e-15 2.19158025061006e-14 2.29372076887557e-14 2.05502281858116e-14
0 3.61932706027801e-15 2.22044604925031e-17 1.77635683940025e-16 1.22124532708767e-16 1.55431223447522e-16 1.66533453693773e-16 2.66453525910038e-16 3.5527136788005e-16 3.44169137633799e-16 4.21884749357559e-16 2.44249065417534e-16 1.11022302462516e-17 7.7715611723761e-16 7.32747196252603e-16 6.08402217494586e-15 5.08482145278322e-15 4.66293670342566e-15 4.09672296086683e-15 6.72795152922845e-15 7.0832228971085e-15 7.21644966006352e-15 7.7715611723761e-15 1.21458398893992e-14 6.92779167366098e-15 5.30686605770825e-15 1.32116539930394e-14 1.7519319328585e-14 1.66089364483923e-14 1.34781075189494e-14 8.92619311798626e-15 8.67084182232247e-15 1.2401191185063e-14 1.59872115546023e-14 9.73665592596262e-15 1.30673249998381e-14 2.96429547574917e-15 1.69975145070111e-14 1.59983137848485e-14 1.52766688188422e-14 1.53765888910584e-14 1.95399252334028e-14 8.49320613838245e-15 1.74971148680925e-14
