Maxent_result_files_1/Bombus_rupestris_3.asc
NCOLS 594 
NROWS 330 
XLLCORNER -15 
YLLCORNER 23 
CELLSIZE 0.166666666666667 
NODATA_value -9999 
[rows 180 to 199 of 330, columns 368 to 413 of 594]
0.0047070094384253 0.00427053309977055 0.00163706184830517 0.00154860329930671 0.00150188729166985 0.00147385512245819 0.00148013178841211 0.00152635351405479 0.00133171026827767 0.00124058957444504 0.00122959254076704 0.00120044592767954 0.00114143042010255 0.00119040333083831 0.0014492787187919 0.00142666366300546 0.00142943978426047 0.0012921565270517 0.00127629165071994 0.0010715669428464 0.00102288937196136 0.00110847921459936 0.00104813776561059 0.000956822873558849 0.0010850912425667 0.000902724906336516 0.000928637437755242 0.00081839234335348 0.000700491279712878 0.00069501913676504 0.0007317315263208 0.000732064174371772 0.000685009782318957 0.000655747231212445 0.000640654473681934 0.000609748737770133 0.00061313999176491 0.00059502400981728 0.00057151529181283 0.000523781159427017 0.000500894713331945 0.000508390142931603 0.000478709265007637 0.0004682527622208 0.000465442695713136 0.000471567148633767
0.00466126746032387 0.00248365317529533 0.00341967311687767 0.00342531175119802 0.00149323292425834 0.00147964866482653 0.00146070933551528 0.00141142001957633 0.00134064981830306 0.00123302075080574 0.00118916795472614 0.00124257171410136 0.00133291094680317 0.00118492782930844 0.00139744578627869 0.00173621622379869 0.00163016156293452 0.00145825681393035 0.00128676234162413 0.00126953781000338 0.00110114403651096 0.00103242488694377 0.00107982368790545 0.000889499875484034 0.00107120870961808 0.00106097831157967 0.000884842540835962 0.000812314139329828 0.000746707388316281 0.000660513242473826 0.000672866197419353 0.000739617150975391 0.000710761765367351 0.00060888732841704 0.000624870634055696 0.000555603363318369 0.000544498660019599 0.000644333026139066 0.000565438490593806 0.000569113652454689 0.00054940297268331 0.000492075204965659 0.000476666813483462 0.00050588988524396 0.000475756777450442 0.000476839096518233
0.00150473751709796 0.00116268958663568 0.00418883173260838 0.00366519421804696 0.00342998423147947 0.0014263749064412 0.00137825751444325 0.00137087094481103 0.00134032234782353 0.0012673934106715 0.00122508887434378 0.00131256692111492 0.00145380002213642 0.00132910924148746 0.00118163125007413 0.00150666499393992 0.00136906158877537 0.00159341407124884 0.00151904278900474 0.00124809453845955 0.00106487759621814 0.00104126568767242 0.000909878843231127 0.000861835313844494 0.000890054210321978 0.000841398726333864 0.000809696095529944 0.000815366071765311 0.000834053836297244 0.000762350557488389 0.000793170914403163 0.00070748342841398 0.000695021302090026 0.000590994689264335 0.000567397932172753 0.000559697937569581 0.000578116031829268 0.000598831687238999 0.000516265834448859 0.000782845239154995 0.000543250402552076 0.000500883749919012 0.000740471808239818 0.000510642514564097 0.000440891324251425 0.00044966546993237
0.00151496843900532 0.00149769249255769 0.00237259126733989 0.00183463839639444 0.00139291778323241 0.00436130664311349 0.00291106742806733 0.00130294097471051 0.00125226548407227 0.0012387064518407 0.00120469707762823 0.00123615834745578 0.00125688228872605 0.00134089936036617 0.00128815426724032 0.00138785218005069 0.0014089934004005 0.00150912055396475 0.00134110095095821 0.00117667512386106 0.00110007482580841 0.000991934875492006 0.00095777201349847 0.000954995804931968 0.000879767502192408 0.000767378666205332 0.00080840497976169 0.000846655882196501 0.000841299767489545 0.000808220592443831 0.000726936673163436 0.000599081956897862 0.000594447855837643 0.000585814393707551 0.000544420132064261 0.000525826984085143 0.000494446526863612 0.000473544400301762 0.000455862186208833 0.000377701046818402 0.000368733654613607 0.000483105922467075 0.000472988813999109 0.000437029443855863 0.000411866894864943 0.000418187430477701
0.00147026995546184 0.00147353447391652 0.0014488915738184 0.00300747017608956 0.00141807140316814 0.00109039035160095 0.00437733056023717 0.00129162913654 0.00125007450114936 0.00121296695433557 0.00124014088069089 0.00121204049792141 0.00122437732643448 0.00123455047723837 0.00143189852824435 0.00137165136984549 0.00140568322385661 0.00131443825666793 0.00122201010235585 0.00106737511232495 0.000966060522478074 0.00102769048535265 0.000885782990371808 0.000754647178109735 0.000738295741030015 0.00076410158071667 0.000788998274947517 0.000802864477736875 0.000760659461957403 0.000634037482086569 0.000627669188543223 0.000562709223595448 0.00110797642264515 0.000771126110339537 0.000490831272327341 0.000494867499219254 0.000495318882167339 0.000370943851885386 0.000278423882264178 0.000224002173490589 0.000151070604624692 0.000376977791893296 0.000457395700505003 0.000409157552348915 0.000316359389398713 0.000396266057214234
0.00145134289050475 0.0014444958709646 0.00142979666707106 0.00141840550350025 0.00471670175902545 0.00197718531708233 0.000975438641034998 0.00221423153416254 0.00282745736185461 0.00121986622689292 0.00132165745017119 0.00113341826363467 0.00107815893134102 0.00116640875930898 0.00120026458753273 0.00119251419673674 0.00108130426378921 0.00114335712278262 0.00111142941168509 0.00111046228557825 0.00087460862705484 0.00079003871360328 0.000752762408228591 0.000811556994449347 0.000775176295428537 0.000726159452460706 0.000731885607820004 0.000499549067171756 0.000234906357218279 0.000157903615036048 0.000520117791165831 0.000251782921986887 0.000587651820387691 0.00137558638816699 0.000604765437310562 0.000497991326847114 0.000309976926655509 0.000477680104086176 0.000492350233253092 0.000468747501145117 0.00045353584428085 0.000357157381949946 0.000425403132976498 0.000389921227179002 0.000390224030707031 0.000402280337584671
0.000686736946227029 0.000764705950859934 0.00126561170909554 0.000822827167576179 0.001286202785559 0.00114836532738991 0.00275763968238607 0.00321086986805312 0.00135680641978979 0.00323566764127463 0.00130398500477895 0.00114174675545655 0.00112154130474664 0.00112165007158183 0.00110055033583194 0.00109643148607574 0.00098277407232672 0.00100580509752035 0.00105149633600377 0.000977558910381049 0.000872057490050793 0.00081164070579689 0.000768801369122229 0.000769254509941675 0.000243438047982636 0.000183834348717937 0.000111201742492995 -9999 -9999 -9999 -9999 -9999 0.000327384431511746 0.000679713048157282 0.0003159234605846 0.000137727264882415 0.000202611977874767 0.000121155129818362 0.000128221344129997 0.000179053514693805 0.000154982224012201 0.000209604461633717 0.000412943726405501 0.000426097244780976 0.000319747941102833 0.000374567764811218
0.000325453621917404 0.000246963446261361 0.0007427733624354 0.000303803784481715 0.0012026208860334 0.000947798602283001 0.000278230298135895 0.00183239706093445 0.00435897223651409 0.00236662896932103 0.0050026087788865 0.00276549224508926 0.00109570062486455 0.00112222889438272 0.00107110165408812 0.00102196885854937 0.000911969156004489 0.000972489797277376 0.000871098297648132 0.000596340573974885 0.000894849200267345 0.000869546871399507 0.000198549942433601 0.000184693523260648 -9999 -9999 -9999 -9999 -9999 -9999 -9999 -9999 -9999 -9999 -9999 -9999 -9999 -9999 0.000211645471426891 0.000137393524710205 0.0001445577467166 0.000442393613047898 0.000413933224626817 0.000395808614848647 0.000131247119497857 0.000365566024265718
0.00113221697392873 0.000881252356339246 0.000782921974314377 0.00114853473496623 0.000342632904357742 0.000712989503517747 0.000982169923372567 0.00122029235353693 0.00122344860574231 0.0047681943513453 0.0027597208507359 0.00407181323971599 0.00360769652761519 0.00320779078174382 0.00297200756613165 0.00294124551583082 0.00287753364536911 0.00248690055450425 0.00292784061748534 0.00167969328467734 0.00205695383483544 0.000129919344362861 -9999 -9999 -9999 -9999 -9999 -9999 -9999 -9999 -9999 -9999 -9999 -9999 -9999 -9999 -9999 -9999 -9999 -9999 0.000111668825957167 0.000146124579987372 0.000390372560650576 0.000381128083972726 0.000245372023346135 0.000232697083993116
0.000134172452817438 0.00111737129627727 0.00110945526394062 0.00107002218137495 0.00106193600222468 0.00118127961759456 0.00125048915506341 0.00126755493693054 0.00119921233854257 0.00751368564087898 0.0128692516125739 0.00285321702249348 0.00267949346452951 0.00280513737816364 0.00188043393427506 0.00332994763739407 0.00316120819188654 0.00156610172707587 0.00255167448194697 0.00150632811128162 0.000615810081944801 -9999 -9999 -9999 -9999 -9999 -9999 -9999 -9999 -9999 -9999 -9999 -9999 -9999 -9999 -9999 -9999 -9999 -9999 -9999 0.000122293444655952 8.03649470071832e-05 0.000157984508223308 0.00010944529894914 9.97188159090001e-05 0.000137907811949844
0.000143055205990095 0.00023080356841092 0.000567490549292415 0.00101009228965268 0.00113972506369464 0.0017449022619985 0.00148025815142319 0.001357055909466 0.00438524296041578 0.00486478593666106 0.0117841162718832 0.00260940401349217 0.00180417252704501 0.00252280667191371 0.0017538525047712 0.00250483804848045 0.000656842227908783 -9999 -9999 -9999 -9999 -9999 -9999 -9999 -9999 -9999 -9999 -9999 -9999 -9999 -9999 -9999 -9999 -9999 -9999 -9999 -9999 -9999 -9999 -9999 0.000137673123026616 7.99141012976179e-05 0.000128276717259723 0.00044350163807394 0.000220486834587064 0.000100044869213889
0.000439612646005116 0.000116291626181919 0.000105833697307389 0.000131545084877871 0.00105147690046579 0.00210583270527422 0.00246754485415295 0.000723359204130247 0.00168417725944892 0.00082783157704398 0.00328043452464044 0.00314068482257426 0.00225157862296328 0.000691102544078603 0.000320559219107963 -9999 -9999 -9999 -9999 -9999 -9999 -9999 -9999 -9999 -9999 -9999 -9999 -9999 -9999 -9999 -9999 -9999 -9999 -9999 -9999 -9999 -9999 -9999 -9999 0.000106175325709046 0.000176163879223168 9.62441402407421e-05 0.000292598475061823 0.000202946217905264 0.000252797942084726 0.000255723467853386
0.000836979533778504 0.000935774890240282 0.000734374002786353 0.000135934610443655 0.000262354816368315 0.00332015813328326 0.0047029938083142 0.000788701249985024 0.00404161631595343 0.00281444541178644 0.00337748627644032 0.00394026688300073 0.00255441509652883 0.00030742383969482 9.67375599429943e-05 -9999 -9999 -9999 -9999 -9999 -9999 -9999 -9999 -9999 -9999 -9999 -9999 -9999 -9999 -9999 -9999 -9999 -9999 -9999 -9999 -9999 -9999 -9999 -9999 0.000243216284434311 0.000108412844747363 0.000157078949450806 8.3792518125847e-05 7.4457068421907e-05 7.28688997696736e-05 0.000134552492090734
0.000734127062605694 0.000201171532535227 0.000154992590250913 0.000203782111930195 0.000883191270986572 0.00347496215254068 0.00243006534874439 0.00432716556824744 0.00125881786225364 0.00160526180407032 0.000633591070072725 0.000327874056529254 0.000299216734129004 -9999 -9999 -9999 -9999 -9999 -9999 -9999 -9999 -9999 -9999 -9999 -9999 -9999 -9999 -9999 -9999 -9999 -9999 -9999 -9999 -9999 -9999 -9999 -9999 -9999 -9999 0.000120835247435025 6.81172461554525e-05 4.33662113209721e-05 8.70434720127378e-05 5.34239034095663e-05 3.58890865300054e-05 2.67503244231193e-05
0.000200028612016467 0.000221027914085425 0.000208908900094684 0.000170768523821607 0.000336015796347056 0.000207928101735888 0.000765493384096771 0.00371654734481126 -9999 0.0018333051004447 -9999 -9999 -9999 -9999 -9999 -9999 -9999 -9999 -9999 -9999 -9999 -9999 -9999 -9999 -9999 -9999 -9999 -9999 -9999 -9999 -9999 -9999 -9999 -9999 -9999 -9999 -9999 -9999 -9999 9.47826966694265e-05 4.90443604121538e-05 3.2957056464511e-05 3.4492028544264e-05 3.47866367974348e-05 1.79447742311822e-05 1.10726306616016e-05
0.000370750504953321 0.000693679889081977 0.000407996913418174 0.00048133960517589 0.000488483579829335 0.000701271928846836 0.00861023953184486 -9999 -9999 -9999 -9999 -9999 -9999 -9999 -9999 -9999 -9999 -9999 -9999 -9999 -9999 -9999 -9999 -9999 -9999 -9999 -9999 -9999 -9999 -9999 -9999 -9999 4.29930014433921e-05 -9999 -9999 -9999 4.2903107305392e-05 5.7231533810409e-05 7.14019471161009e-05 0.000123630079178838 8.16068744825316e-05 4.36982781593542e-05 2.56880443885166e-05 3.32457467266067e-05 1.96963775124459e-05 1.23076176805625e-05
0.000870916649000719 0.000511571284732781 0.000851765857078135 0.000509303418220952 0.00184511396801099 0.00270821251906455 0.00219611251959577 -9999 -9999 -9999 -9999 -9999 -9999 -9999 -9999 -9999 -9999 -9999 -9999 -9999 -9999 -9999 -9999 -9999 -9999 -9999 -9999 -9999 -9999 -9999 7.89787141002307e-05 2.64571755906218e-05 1.39642746944446e-05 1.33055918468017e-05 2.00862842802962e-05 2.84468188965548e-05 4.6530737017747e-05 3.53939813976467e-05 3.22138324008847e-05 3.2748481771705e-05 3.12696289256564e-05 2.70896212441585e-05 2.65304968706914e-05 2.99218837426452e-05 2.40015282997774e-05 1.23777447925022e-05
0.000832401344086975 0.000889416615245864 0.000903970614308491 0.00106892733019777 0.00201491435291246 0.00079769505537115 -9999 -9999 -9999 -9999 -9999 -9999 -9999 -9999 -9999 -9999 -9999 -9999 -9999 -9999 -9999 -9999 -9999 -9999 -9999 -9999 -9999 -9999 -9999 6.66498708596919e-05 1.62284359021214e-05 1.32843045776099e-05 1.37505964403317e-05 1.6698946365068e-05 8.72214728815379e-06 3.11500792122388e-05 3.53266310867184e-05 3.62840494744887e-05 3.50017562595895e-05 3.24091085531109e-05 2.89536032596516e-05 4.0002567720876e-05 3.53650214037771e-05 2.98912769721937e-05 2.34697836503983e-05 2.89583470021171e-05
0.000855704542482272 0.000951245857868344 0.00121616875985637 0.00101679024519399 0.00318075832910836 -9999 -9999 -9999 -9999 -9999 -9999 -9999 -9999 -9999 -9999 -9999 -9999 -9999 -9999 -9999 -9999 -9999 -9999 -9999 -9999 -9999 -9999 0.000114143544487888 9.38869126912323e-05 3.96142248519027e-05 2.66013659256714e-05 8.13683386695629e-06 2.05167440526566e-05 6.17310274719785e-06 9.23080993970871e-06 1.41966609135125e-05 2.28864944801899e-05 1.7349267454847e-05 1.25905219192646e-05 1.75832269633247e-05 2.11376741390268e-05 3.84533071155602e-05 2.45401234224119e-05 6.89666567268432e-05 6.84191514665144e-05 4.76451448776061e-05
0.000936502224067226 0.00095040537416935 0.00154330580262467 0.00017459137525293 -9999 -9999 -9999 -9999 -9999 -9999 -9999 -9999 -9999 -9999 -9999 -9999 -9999 -9999 -9999 -9999 -9999 -9999 -9999 -9999 -9999 -9999 -9999 -9999 -9999 4.89766452119511e-05 1.41664156899424e-05 8.91265079872028e-06 6.15312269474089e-06 1.33580168949266e-05 8.81415745652703e-06 3.61713360916838e-06 5.50720584442388e-06 8.44502866357288e-06 1.09147458488223e-05 1.79186719378777e-05 2.12755510347051e-05 2.6925483280138e-05 5.18193069183326e-05 3.63493963050132e-05 0.000180367121356539 0.000170441020600265
