Maxent_result_files_1/Bombus_niveatus_2.asc
NCOLS 594 
NROWS 330 
XLLCORNER -15 
YLLCORNER 23 
CELLSIZE 0.166666666666667 
NODATA_value -9999 
[rows 80 to 99 of 330, columns 414 to 459 of 594]
5.05292520756484e-05 0.00198578878189437 0.000145780803177331 3.12244991164334e-05 1.28384135223314e-05 1.10413070160575e-05 0.000247888203011826 0.000451521604554728 0.000289054057793692 0.000382132160302717 0.0012223343597725 0.000537164686102187 0.000628270886954851 0.000243946790578775 3.21844157269879e-05 2.27425112786506e-07 0.000123040990547452 0.00214698977652006 0.00186082852887921 0.00147412958322093 0.000153474604121584 0.00126010366948321 7.19849482265999e-05 0.000117654553832836 0.00110816038795747 0.000150367103924509 0.000121397331531625 5.70005789541028e-05 0.000143851976463338 1.00752952221228e-05 0.000107165926419839 0.000130342978991393 0.000482697237748653 0.00235701476922259 0.000175165589462267 0.000184291420737281 0.000168540402955841 0.000461966567672789 0.000522899937641341 0.0001083174811356 1.52727793079066e-06 6.29825240139326e-07 2.4008613692672e-07 3.09796506314797e-07 1.07970940987911e-07 3.85079010811751e-07
7.74456046883643e-06 0.000119407893271273 0.000391788569686469 5.69948446354829e-05 0.000172446319629671 4.74762448675392e-05 9.95836749098089e-06 0.000817737428587861 0.000309868204931263 0.000601767748594284 0.000260511085798498 3.51794847347264e-05 4.51132380931085e-05 0.000130576531228144 0.000734177709091455 1.93598036275944e-05 0.00160377483698539 0.00181888760998845 0.001712410437176 0.00141494833515026 0.000242568900284823 0.000223677940084599 1.64616744257273e-05 0.000166360796720255 0.000203171140310587 0.000126157293198048 0.000238970600730681 0.000143033950735116 0.000193381575263629 2.32795255215024e-05 3.93318789519981e-05 0.000576614089368377 0.000781449931673706 0.00243718472775072 0.000164211363517097 0.000149669754637216 5.91271615348887e-06 0.000176251290668006 0.00041231234499719 1.49005937544189e-06 6.05336070691465e-07 2.84056301325109e-06 5.84186206253889e-07 2.52411260959207e-07 1.03971809949144e-05 1.25857729358358e-06
0.000612103802995989 4.65619936676376e-05 0.000753477653051959 0.00166340006253449 0.000456687915720977 6.58546957765793e-06 2.32446506629458e-06 7.7448051229112e-06 2.92244676529663e-05 6.11978972301586e-05 4.31955012913932e-06 1.97365748931588e-05 1.06126625951219e-05 5.82147164550406e-05 5.63495738788333e-05 0.00125910320784897 0.000700275474810042 0.00176386968232691 0.00117751287471037 0.000867198407649994 0.000150222253614629 5.99484083068091e-06 5.05755798712926e-05 0.000276080644835019 0.000251046945231792 0.000400397370685823 0.000471597697469406 0.000142050854947229 0.000115446508061723 0.000208817964448826 5.28006887407173e-05 0.000877419649623334 0.000327205120265717 0.00057288392126793 0.000688367403927259 0.000126802110025892 0.000179336058954505 1.47848630490444e-05 6.93145460104461e-06 0.000166758604973438 6.26925807409862e-06 1.07721674794448e-05 3.69866640085092e-05 3.09035304326244e-05 3.14295359089556e-06 3.75387971018881e-07
0.000254486741141591 0.000981884335487848 0.000376759102800861 0.000113610604603309 0.000168299224969815 0.000581078516552225 0.000164209735521581 7.55707336793421e-05 3.84266225410101e-05 6.84247476812061e-07 3.55935847728972e-07 2.36489892841973e-06 2.62299854796311e-06 6.61883223074256e-06 0.000234932818784728 0.00025112976654782 0.00022758186532883 0.000279591360595077 0.000150574767030776 1.82030287874113e-05 1.95538794173444e-05 1.57262963114135e-06 1.01926893364634e-05 0.00112413894385099 0.000314871835144004 9.98814194645092e-05 0.000169939343322767 5.56376649001322e-05 5.68138014841679e-05 8.0417016215506e-05 5.96371864958201e-05 4.63315611341386e-05 0.000275336770573631 0.00012340947141638 0.000177367861033417 0.000244382034361479 0.000280343858685228 1.4355195457938e-05 5.34438578387864e-06 4.27117936851573e-05 0.000630598276620731 0.000610401398444083 1.97711330656603e-05 1.37092649652004e-05 2.78323811926384e-06 0.000100402032512648
0.000209595444903243 0.000102118250742933 2.41603914901134e-05 8.64074534547399e-05 0.000132759340522171 0.000868868283578195 0.000758668087655678 1.56365086695587e-05 3.25568473272142e-05 0.000759711145656183 0.000669942518288735 0.000229971317639865 6.47595228656428e-05 1.38448052098283e-05 2.38660508330213e-05 0.000225676968875632 5.47958349670807e-05 2.54660165637688e-05 9.37185783186578e-05 2.36583035757576e-06 1.70896919371444e-06 2.09339575292233e-06 6.57518539128432e-05 4.68100486841649e-05 7.37383173145645e-05 0.000162962695958413 0.000128106120791927 3.37091565370429e-05 0.000110540723153463 0.000165014398498897 0.000276942937125568 0.00123328508343548 4.02198196752579e-05 2.07038402777471e-05 3.85303123493941e-05 0.000296967510985269 6.00205227101469e-06 2.00149091540425e-06 1.09590953734084e-06 2.33472177058047e-05 8.87626059011382e-05 7.51635870983591e-05 9.27819441130851e-05 2.27235667125569e-05 1.55884224568581e-05 8.68536976668111e-05
0.000203103959393047 0.000300702466483926 0.00046946419570304 9.31556926843768e-05 6.75242170473211e-05 0.00127693213289604 0.000559442055237014 2.32887314950858e-05 6.4049112381781e-06 3.31781614022475e-06 4.97254840411188e-05 0.00230347769102082 0.000849845465563703 0.000572712562279776 0.00156778132077307 7.36421836336376e-05 4.52167402045234e-06 3.46825319411437e-05 2.97207493417773e-05 5.40105811523972e-05 2.70243061322617e-05 0.000199247768250643 0.00057807449484244 0.00130789885006379 0.000348592633054068 8.25737696231954e-05 0.000721922235970851 8.70053011112759e-05 0.000186178084732092 2.06577143899267e-05 0.000846311631903518 0.00089552101562731 1.14259939778094e-05 2.08072146961058e-05 1.32636671779096e-06 3.7512863890754e-07 5.5673132592915e-08 1.17637728180853e-06 4.35004133514383e-07 6.02403775701532e-05 7.43680428058724e-05 2.72710139483934e-06 2.330688974439e-06 1.00294699223014e-05 6.80038248901838e-05 6.13357727161201e-05
5.92157669245807e-06 4.22539864757709e-05 0.000129738644500321 2.67041411234459e-05 5.23779783634382e-05 5.17461807248765e-05 1.64878433452031e-05 0.000675708519702312 0.000614344517816789 1.9181068432772e-05 0.000181153093672037 0.000264341737056384 0.00010137178860532 6.73929323056655e-05 1.30797175188491e-05 2.77772034223744e-05 5.76693105358572e-05 1.26328656051555e-05 0.000142075941039366 4.60204828414135e-05 1.48061286409984e-05 0.000212934700630285 0.000378802618251939 0.000681481439096387 0.00073431747732684 0.000636725386721082 0.00108755397232017 2.34375549098331e-05 0.000817538191040512 5.40755523616099e-05 0.000146094861338497 0.000480905526637798 1.68139571741222e-06 2.248322755527e-06 1.05276038588897e-05 1.20289461955636e-06 1.22526260071254e-07 3.88317383759329e-07 3.62644808319601e-05 0.000564135763852391 0.000144558791544114 9.32197285692382e-05 5.71907442008524e-06 6.02757024381617e-07 1.82615743824499e-05 9.30934070311196e-06
1.78280226691641e-05 6.96212829780052e-05 5.12251829604793e-05 9.13318745006109e-05 5.01473110489314e-05 2.40519627368485e-05 7.21713171515148e-05 8.71623617058503e-05 3.24065160157261e-05 7.69569184058128e-06 2.84070270936354e-05 3.37399191721488e-05 6.34636166978453e-05 2.03126873543624e-05 4.14079707752535e-05 9.88477212047201e-06 2.95768635396598e-05 2.41641267166415e-05 4.12803228755365e-05 0.000133862601251167 0.00178402779420139 0.000715208289329894 0.000286793193572521 0.000373725527242641 5.52302731648524e-05 6.17879548372002e-05 2.46800855393303e-05 5.45471956684196e-05 0.000156331276957644 0.00115652246167883 0.000194728780843434 0.000149170470467652 3.12555105637102e-06 9.23730809496703e-06 6.62918840248494e-06 7.43359301136337e-07 1.66518800268634e-06 4.83007478324637e-07 5.8777574629687e-07 3.46700419555646e-06 9.86326924135028e-07 5.27604461986186e-07 2.77443491025764e-07 2.44277509295898e-06 3.40425410740863e-06 3.41164183055298e-06
2.637060165398e-05 3.31456772528327e-05 5.34854763429848e-06 4.617382759875e-06 1.13909872197837e-05 3.06905752267994e-05 0.000128546894848114 5.78009422042669e-05 4.13492762163514e-05 2.63809025000228e-05 1.08422838593469e-05 5.95038253123903e-06 8.63499973604576e-06 3.71787772337484e-05 1.43334168498654e-06 9.53275988706537e-06 1.2138230039227e-05 5.03705897614282e-06 5.2982765851084e-05 0.00163834849372506 0.00029791204178764 0.00137548889615573 0.000170279589247002 0.000126725504469505 2.93232031822299e-05 0.000303233886370435 4.43630485278845e-05 0.000202060603623977 0.00139087186034885 0.000399175661368645 0.000218830084850197 1.19284963147948e-05 1.18186544000309e-05 7.87252237488545e-07 3.83941244541663e-07 4.38419543957735e-07 1.01201345934498e-05 8.93388475642354e-07 2.18542159058366e-07 4.74008690343197e-07 1.97054280093312e-07 9.51056835774011e-07 1.52169196141472e-06 1.17248970127548e-05 2.02013309547056e-06 4.50465117118881e-07
5.77478872685333e-06 1.87669957867342e-06 2.28905063920593e-05 1.14645319051476e-06 1.50277156549805e-06 1.3516356693799e-05 8.31160130474018e-05 4.61883759612647e-06 3.80897790961399e-06 7.79096428829007e-06 1.44435680891064e-06 1.60429008133178e-05 3.47448210078483e-06 4.04059480388241e-05 2.97406591016625e-05 2.64458733795436e-05 0.000154555423068814 2.35411886933434e-05 0.000181843449718144 7.2333274056291e-05 3.54451182033699e-05 6.88764467668079e-05 0.000153602440332179 0.000389426315814489 0.0015100399396033 0.000727103833196452 6.31912278095115e-05 8.38569631014252e-05 0.000112342353804706 0.000335784136404982 0.000238680520487833 2.47618846515252e-05 1.75833628873079e-05 1.08725643532814e-07 2.29036346754974e-07 9.82019199913253e-07 4.64260761887658e-06 3.60312505662819e-06 9.91400373102636e-06 1.0564226596621e-06 1.54603387614305e-07 1.56349484636831e-07 3.93684882027401e-07 4.53798517696669e-07 6.84797719685548e-07 6.53407410844409e-08
1.10398351598207e-06 8.10928241445907e-07 2.13699042337367e-06 2.26473173370323e-06 3.10422187759229e-06 1.21792251718489e-05 0.000135669773499103 0.000253918364978745 0.000137652180092118 0.000632193346973509 8.56555609374254e-06 1.8089440516178e-05 2.50202999456661e-06 4.95733415135646e-06 5.14563119224931e-06 3.7044100008643e-05 1.43210184091913e-05 3.57379015213155e-05 0.000157338020289899 6.07289631261665e-05 6.21309816779103e-05 0.000188856868226139 0.000340645939286333 0.00123993277666159 0.0015412718130392 0.0011416122681112 0.000359829761146102 7.54979299770753e-06 5.49437845194234e-06 0.000103487025626237 0.000458388905826723 5.33511149569676e-05 0.000252429243801089 2.87286254474495e-07 2.38757748149965e-07 4.04785922525352e-07 2.44847555597172e-07 1.62046887830503e-07 1.67497203819034e-06 4.70545310160553e-08 9.56526105655442e-08 1.281744473558e-07 2.05064377256647e-07 8.45733310272934e-08 9.51005843408126e-08 9.22358787125432e-09
4.29374774526536e-06 2.48287861950303e-05 5.99176494375797e-06 1.83760236875941e-06 1.26246751676717e-05 1.5942968096283e-05 5.6245043947456e-05 4.42613648147017e-05 4.47913017183055e-05 1.05278212998883e-05 6.20891044718519e-05 4.75948734077747e-06 7.1651969449249e-06 2.31923841056414e-05 2.18679857539428e-05 4.17235444729158e-05 8.125329625841e-06 2.39970324628302e-05 7.09112142430968e-05 1.35277354559094e-05 2.1087803725095e-05 2.36781127007646e-06 0.000174537978182343 0.000658399392705178 0.000445898835096159 0.00186824652773794 0.000297150936876278 7.22360128065702e-05 1.94420687780195e-06 1.36052882604432e-07 1.97010568626865e-05 0.000159675864597375 7.01259632023721e-05 1.68975883951816e-05 3.74039239972035e-06 8.91298938276997e-07 7.6213515742829e-08 1.52528364161242e-07 4.95814824275076e-07 7.91142308331771e-09 4.78734292985727e-08 2.14801148534782e-08 8.66790203390977e-08 1.20323114805032e-07 3.69958532031589e-08 3.80058428817165e-07
1.13486217514946e-05 7.00934794394925e-05 4.99656207963994e-06 1.00496468917299e-05 3.96138504015653e-05 1.48018698212127e-05 3.81220512508662e-05 3.33302228682442e-05 1.6798222509351e-05 3.86523017006368e-06 9.30925393021198e-06 4.90666589257671e-05 2.24400619934784e-06 1.373345646698e-05 2.53981249670687e-05 1.98293887251566e-05 2.86602532355573e-06 2.23511298749202e-06 2.49840618025132e-06 1.48360976709228e-05 3.60488182025165e-06 9.14877986701867e-06 3.28648178822277e-06 5.95436330968369e-05 0.000161595403960746 0.000113845853434213 0.000122276255638099 4.65074638213991e-05 7.00076106454617e-06 1.1156964789194e-05 8.73583502539077e-05 0.000109435954118453 1.50587438383809e-05 4.53259212008561e-05 4.76927193915344e-06 3.00611958903296e-07 4.95134555911214e-08 1.76729559620004e-07 4.72274583163124e-07 5.02188551076976e-08 1.5906428907364e-07 5.77917712474285e-07 1.48301826552455e-07 1.86180293759719e-07 4.1028625274997e-08 5.17000984578964e-08
2.38810388140109e-06 7.0044903630162e-06 4.32737605109423e-06 2.01466923783755e-06 4.50846899013868e-06 1.03971081060195e-05 0.000213265279398911 0.00319277299859095 3.99764415817572e-05 1.20497264433084e-05 5.54428353609637e-06 3.30877018797082e-06 9.61395322640612e-07 6.6307001072019e-07 2.11195932724451e-06 2.18049984027857e-05 8.44443846688137e-06 9.06257860577853e-06 8.47264852268381e-06 3.92459026983261e-06 3.36745652305126e-06 1.31128735205266e-05 0.000311063292065228 0.00133598700995208 0.000980866023746785 0.000167464222795388 0.000285728805283725 4.13546485333427e-05 1.41087808700036e-05 2.84365096632655e-05 5.45604959452106e-06 1.65822890309641e-05 9.33197605803571e-06 1.94670482301262e-05 6.67848650834912e-06 9.24700126370137e-07 3.39031898743958e-07 3.69971873692698e-07 1.5795703944832e-07 7.46851883670629e-08 9.8289002958829e-08 7.8041978779364e-08 1.89369192005184e-07 1.46591687277819e-07 1.0180453424713e-07 1.67445202858829e-07
1.29989191862023e-05 2.5986600280703e-05 7.02442793283353e-06 1.05487820803774e-05 5.50899214104561e-06 2.68009385528956e-06 8.8066444220658e-06 2.80565185960313e-05 1.20595997827877e-05 1.25961776589634e-05 3.45639591827762e-06 1.2413002411904e-05 1.19022436528837e-06 2.03986127136346e-06 7.51705501045308e-06 6.48080924037231e-07 1.32056026966865e-06 2.14703773444569e-06 6.9403505392529e-06 3.92789335990074e-06 3.31549207785997e-06 3.66688585586417e-05 5.28294803984863e-05 0.000744360700628022 0.00314212368102744 0.000172880117861496 0.00117844309934299 0.000117078652147029 7.82853854502719e-05 1.13683014490107e-05 0.000231603465317676 3.60960623240203e-06 5.47196810657624e-05 1.97918801312369e-06 3.61653289215891e-07 8.15471675519319e-07 7.42666235176159e-08 2.93436796650059e-07 1.44019033021525e-07 8.8838546963288e-08 4.84505164166649e-07 5.41081547900113e-08 3.44505951932472e-07 2.45071313509371e-07 1.00966500848898e-07 2.77012750116157e-07
6.46595093201086e-06 3.1121912130061e-06 1.52433517115469e-05 3.90427121743642e-06 3.28642196976148e-06 1.33319217709982e-06 2.30747528711106e-06 2.37888720846513e-06 4.7139400418672e-07 2.3595778156249e-06 1.42665021467536e-06 5.94165505951594e-07 4.73204331399302e-06 5.86846426529064e-06 2.09497571006523e-05 1.71556663985939e-06 1.66240691932273e-06 2.76535031247249e-06 1.86995404440893e-06 2.96496324381224e-06 1.46060859947283e-05 0.000106180067359674 2.93024220070492e-05 0.000140059788554936 0.000142707027725919 0.000150945938503355 1.01188281135478e-05 7.77014085500127e-06 2.06425970077362e-05 3.81339476575704e-05 1.02155926953174e-05 3.71206658201118e-05 9.41533794787119e-06 5.06527233143927e-06 4.98057233222493e-07 2.59242593703135e-07 1.02464181743755e-06 5.25676451879065e-07 4.51661675948678e-08 7.7676108167779e-08 1.63378146611493e-07 1.23946392538432e-07 1.37447661130441e-07 1.1273641434828e-07 3.36775658116295e-07 6.94555415403642e-08
7.96524166162271e-06 7.60083416935231e-06 2.03346684315875e-05 8.7499901155752e-06 3.91748482400089e-06 1.91806517726434e-06 1.73379014995589e-05 8.37945485869795e-06 2.09932530914614e-06 1.10141318465651e-06 1.82534326818029e-06 9.34214693870672e-07 1.658100134172e-06 9.2328209841952e-07 5.408408793528e-06 4.07276273506341e-06 2.04783701143185e-06 1.80153358371626e-05 1.91982198991525e-06 1.82943750075992e-05 3.70532906828203e-06 0.000182622392367193 1.5269222939196e-05 4.7762552895847e-06 5.47509515740785e-05 0.00172448917292058 0.000296106820678688 0.00139336602223921 2.10255950094052e-05 2.14248957078667e-05 4.7757280225369e-05 0.000139172393119225 0.00110948064393597 3.13573525545507e-05 2.35854589889506e-06 1.58194066335327e-06 7.09177619429013e-07 1.3117506233451e-07 7.11641456752066e-07 2.68327409758129e-07 2.09787398575134e-07 1.72249358620924e-07 4.71388967848707e-07 5.56311155031075e-08 1.43454768419815e-06 1.75245938704993e-07
8.27666787017733e-06 1.47661712617264e-05 1.54097113124863e-05 7.39313146311815e-06 4.68103518869611e-05 8.1642698042117e-07 3.62715538386738e-06 1.19035799045264e-05 5.01644027792736e-06 1.56569497402614e-06 1.66640933105811e-06 6.78166369567634e-06 3.4847988793274e-06 2.99831698029607e-06 6.21774372007167e-06 1.5161111733164e-06 5.52688936750201e-06 5.03918661536318e-06 3.06758380901329e-06 3.09363443662392e-06 9.9843081045492e-06 2.15062802965349e-05 9.24677590319334e-05 1.48441865377436e-05 3.31824678482917e-05 4.14014815532937e-05 0.000486754812300205 2.56035799338861e-05 3.27564048689055e-05 8.52185938015282e-05 0.000369590459376923 0.00259456030325964 0.0018322398987948 1.15827752136255e-05 1.32561672872011e-06 3.80221455309471e-07 2.22191830479002e-07 2.56724283931309e-07 3.34033115712007e-07 5.02638994870352e-08 2.42819638507363e-08 4.90948604658925e-08 8.4700315927666e-08 2.97718330788399e-07 9.61712888880584e-08 1.42205123565553e-07
2.17162099488633e-05 2.70233277205989e-05 2.74198205545417e-06 2.73389987484052e-06 4.22302223626048e-06 5.95579441551308e-06 2.53654002477788e-06 3.10315010381146e-05 2.82156103317277e-06 1.21446861642838e-06 7.43990209883805e-06 7.53503229873331e-06 2.34496157069941e-06 2.34805447405506e-06 4.80294234392886e-06 1.1948871158296e-06 2.35162696995417e-06 1.63465778904026e-06 3.94628606628089e-06 2.70974745646413e-06 2.69928224270188e-06 3.51597215733079e-06 1.9374822250029e-05 1.0374171768035e-05 8.66601076495499e-05 9.70765921010752e-05 0.000111504957772013 2.01607393250924e-05 6.0484028188057e-05 0.000412806092572282 0.000292700117825007 0.000742574235482607 0.000544508361053886 1.90908250317534e-05 2.27947001913975e-06 1.92350105709949e-07 3.00182166323992e-07 9.5065346683576e-08 1.42050390261605e-07 2.59815589098711e-07 3.69577469183646e-08 9.51204953913987e-08 2.95711051867542e-08 3.04513307347598e-08 5.77755063235763e-08 1.82599792952765e-08
3.69037782661508e-06 0.000103594223037362 1.4678158481729e-05 7.78722050540637e-06 8.4096827833946e-06 1.47919290878207e-06 4.60257672330044e-05 7.46977707706264e-06 1.24175769741441e-05 5.65980431872504e-06 8.19201155479732e-06 8.70217147337371e-06 3.71999575534687e-06 8.27719444984609e-07 1.2862546000747e-06 3.52533004843281e-05 2.95622716421917e-06 8.00432313496913e-06 8.47499889005121e-06 9.92236591059736e-06 3.36588242930702e-06 4.03023651927015e-06 1.90456616770973e-06 1.0875613432404e-05 9.93389806893674e-06 2.90640826449362e-05 0.000542476262853597 0.000118258432462426 0.000169065166119253 3.21925639696019e-05 0.000134087850051401 5.98129390482427e-05 0.00015267795042746 1.17079379471363e-06 2.47468896752423e-07 5.37197873384798e-07 5.36771195669417e-07 3.08303151719258e-07 1.05819832763032e-07 1.01736581026302e-07 1.13022138092944e-07 4.01079988421316e-07 5.80775271652456e-08 4.59216629167258e-07 1.7800758742581e-07 1.28841384228195e-08
