Maxent_result_files_1/Bombus_deuteronymus_3.asc
NCOLS 594 
NROWS 330 
XLLCORNER -15 
YLLCORNER 23 
CELLSIZE 0.166666666666667 
NODATA_value -9999 
[rows 200 to 219 of 330, columns 180 to 224 of 594]
0.000548312137834728 0.00210153739923762 0.00520531968568321 0.00699294405530964 0.0111610044055851 0.0142671056135832 0.0263557175407186 0.119016860239208 0.214001484587789 0.0551227276562717 0.0540054101718852 0.0515942669473588 0.08212904734537 0.101478929352015 0.0745235814712942 0.144394575338811 0.0349605589728526 0.0814160128056756 0.269933466717218 0.0600569961308793 0.0175243634285266 0.128838029847478 0.00570804422410447 0.0121026387769689 0.00657501108174046 0.00427483622916043 0.0213545668516176 0.00104125144426357 0.000801556545684434 0.000978079836932011 0.00062879747461011 0.0037618468166329 0.0014425976975954 0.000245429481522386 0.000290152217149853 0.00274777493675923 0.00576206594705582 0.00154382075706962 0.000507345014289418 0.0942930652749055 0.267464338149875 0.558398051559925 0.400869016349316 0.376977844560679 0.0717208121088333
6.71003729779684e-07 0.00017488178491476 0.00384763469919572 0.00305698406801866 0.0123636672176985 0.011084103480971 0.0409919227240607 0.11560341604054 0.143500429205596 0.0120508212581626 0.226297681778669 0.0603056185413152 0.146037711761892 0.28563543111086 0.217394606769085 0.458772918874988 0.3003482863307 0.0979787137010136 0.284027009086834 0.0924489628130686 0.0463806756494705 0.124629005708812 0.0505966085225737 0.0132479220540972 0.0297406569591658 0.0378667638913612 0.00339651622582195 0.00386640525815931 0.000930359709619299 0.000525961506994099 0.00168789296876639 0.00772752462071367 0.00184710264869296 0.000958514300732993 0.000501165531275582 0.000629914132873977 0.00954130422323942 0.005260837648059 0.000831824737486853 0.0525441467529163 0.131555737368762 0.620345548269021 0.272146423906387 0.238214981649075 0.101360682461496
-9999 0.000152560229207666 6.55303136962715e-06 6.59289822579012e-05 0.00461647537941872 0.00559642101193276 0.00706060277570941 0.0173051482218308 0.220472610369325 0.146136277168989 0.250182357430458 0.155683405697346 0.132330897962674 0.365694224834442 0.251293874531984 0.458742797374817 0.0742737329564989 0.615337201207876 0.219477409869432 0.0376533172388918 0.0434219602728263 0.0131076765561374 0.125420528277787 0.10488919117488 0.059939337871765 0.0354517605133879 0.0170668279783058 0.021616627604817 0.000189116686395963 0.00037087472890811 0.00140892379415267 0.000624575055304311 0.00472424018844109 0.0159591660585136 0.00118708648482704 0.00135771236474462 0.00796041882411664 0.000749214504474094 0.0278741522319251 0.0689380378462374 0.00638902425416745 0.00677833727095276 0.0639799615368247 0.0578218349255621 0.00242890254343777
-9999 0.000149503098418791 5.75612725242536e-05 1.940461376293e-05 3.54495925421361e-05 4.36285303635486e-05 0.00017695006536087 0.000669493353709427 0.00131650326384261 0.0101575196676322 0.167842292040586 0.164277410879731 0.0587835108861327 0.0225356401875615 0.229807319305842 0.157620660960674 0.350845420389439 0.133556673675776 0.190157003607601 0.205953623028216 0.250723611749561 0.125098825618625 0.116491312161088 0.264693681150703 0.406284376978877 0.14067097119987 0.0807655503764786 0.0409123692428693 0.0116463761893101 0.0846361493924633 0.16067673638463 0.00157741701609666 0.0143465592371513 0.0151050189379021 0.00114044112618785 0.00188927823216591 0.0222044271071013 0.000347653521273261 0.00171207543793361 0.079991564899683 0.0578102463856339 0.00781603223877028 0.0494640892488436 0.0153545933272653 0.00223675558132079
-9999 -9999 -9999 3.36206909366865e-05 5.21964479396342e-06 1.29215543678285e-06 1.60223166698614e-06 0.000376166781643406 0.000428056712392977 0.00128081613227939 0.00780828372808173 0.00129126454025936 0.0112393940477659 0.0762350419536233 0.304828178882678 0.188522296398878 0.11349973440684 0.386695131659583 0.0943974129389971 0.159338352747806 0.727339941263199 0.0258143672021106 0.0512367278104648 0.168795719402582 0.115869246982102 0.269487465250586 0.329995299970357 0.198017800483831 0.0757987035438418 0.00298796184292769 0.0977313732495531 0.12928785233089 0.0695296403206845 0.00766498406216556 0.0120121552418084 0.139104871975724 0.00166688250931131 0.107146577438652 0.0358417195460378 0.116286747995764 0.53972373008728 0.00467731756834837 0.00166551401932367 0.00103868013918174 0.00225005207996389
-9999 -9999 -9999 -9999 2.51474510930549e-06 4.26805709663469e-06 2.81492275306938e-06 0.000332482853264082 4.86309563079712e-05 0.000611229159403592 0.000124428723783754 0.00154055830384436 0.0016956781695626 0.0190395105397329 0.0189961277646944 0.177731686457992 0.0807833934595692 0.0880474500358105 0.173099765181541 0.628832120075822 0.478849075827748 0.289699613535777 0.133405608637258 0.145134613104165 0.17613127992973 0.421443328075111 0.209270024624129 0.0200207127374597 0.0680007186718285 0.0761255054268986 0.070400582376169 0.0329137849330436 0.0275070012117794 0.017718469792044 0.166326151985444 0.00257417319687647 0.02590157365712 0.00192028365205843 0.000494798032047217 0.0748306919442257 0.0713263552635908 0.0861708521842957 0.0977235985919833 0.0200636168378878 0.00677375570194272
-9999 -9999 -9999 -9999 -9999 -9999 1.0513800075107e-06 0.000889829036168521 0.000182393216744003 0.000295287402877875 7.62254986511834e-05 0.000139017126639374 0.000239882117602985 4.7133625818685e-05 0.00387384686316081 0.00204403548345327 0.106965546263382 0.150264621477351 0.0888479274697602 0.258943768595705 0.413462994247675 0.121927667409182 0.0855343126691878 0.132696601003408 0.0361998909946589 0.306996932532638 0.118241850799064 0.630890393257141 0.0954854102805257 0.0433621967823593 0.0210950594896731 0.0400596963067073 0.0711720068237287 0.21757524125278 0.204392271861434 0.180670233396815 0.0583580255157358 0.0048702591568293 0.0227086923056973 0.000422352307100649 0.170219015178736 0.118520785495639 0.167761957645416 0.242273591028061 0.330124677436675
-9999 -9999 -9999 -9999 -9999 -9999 -9999 -9999 -9999 -9999 6.38251907616905e-05 4.98015061850765e-05 0.000576161238132045 0.00033800802375481 0.000189014259376563 0.000304899100204536 0.0117145795375109 0.00592792601237306 0.137868323177099 0.122473462298512 0.406269086426028 0.0988981192350735 0.163008280470969 0.2961176916959 0.210962931346974 0.102725838962942 0.631176184490323 0.216328055584153 0.245969939743257 0.0788091238588095 0.039931187219554 0.117619325443519 0.0823863158998419 0.248132929258564 0.246176134051926 0.0939379759132862 0.106797556272068 0.0927946982643334 0.362827318906784 0.0608475115557667 0.00632061247736822 0.235497902193129 0.343454965400329 0.163802507892251 0.117285891063511
-9999 -9999 -9999 -9999 -9999 -9999 -9999 -9999 -9999 9.49145471818014e-07 -9999 -9999 3.68896506188321e-05 0.000106971911463916 1.33057696000805e-05 5.25906497230721e-06 2.39185273599674e-05 1.13567470748421e-05 0.00354908266216292 0.00120296503264399 0.034762448258698 0.0374995188554749 0.011297585817032 0.0953052155673504 0.00731533591126362 0.0059724876540713 0.0215520039200783 0.0205345041545364 0.0372444431559623 0.0205964448705479 0.144209356233701 0.0164902906477558 0.0191086478626858 0.0862868979456834 0.47858316389526 0.0520714462983157 0.213603014871478 0.00286658655367091 0.0382717814430193 0.0102897920196256 0.000748284152359702 0.0310246559612096 0.117261634720492 0.327198767662048 0.189947754144669
-9999 -9999 -9999 -9999 -9999 -9999 -9999 -9999 -9999 -9999 -9999 -9999 -9999 -9999 0.000101970522109696 2.91544420790935e-05 6.91986376395448e-05 5.5902085094317e-07 0.000127483144900187 0.000490062233800614 0.000399780203963451 0.00305289562238613 0.00264480441898444 0.00364900860586204 0.00385861126183195 0.00448131853631415 0.00413628078472579 0.00626971895867428 0.0020641489008085 0.0065887981085168 0.0567931534722967 0.043462498661834 0.0772887725383044 0.496648736629868 0.246170995679412 0.121875790899139 0.0824790466123275 0.25214082170217 0.450889664143324 0.00486687293669092 0.000436020374795199 0.00281338226528187 0.00317872660530156 0.0393473532982171 0.311967952549458
-9999 -9999 -9999 -9999 -9999 -9999 -9999 -9999 -9999 -9999 -9999 -9999 -9999 -9999 -9999 7.79470903240487e-06 6.67545515686818e-07 1.13557427425803e-06 0.000179790782567579 0.000106148858321831 0.000682351409306137 0.00104619225021625 0.000542157213203975 0.001725831297595 0.00161510907284776 0.00841239072376752 0.00860343165810655 0.145621147516135 0.164711096102862 0.0487223836011254 0.00333096759197467 0.0602295331984351 0.0459629902350142 0.0212194206208859 0.121599506544891 0.225616612099111 0.00231147189624608 0.094953974429518 0.0117411462124437 0.00407881318715226 0.00295535643554672 0.0105540489909316 0.0113138094302712 0.588616567850113 0.526345205307008
-9999 -9999 -9999 -9999 -9999 -9999 -9999 -9999 -9999 -9999 -9999 -9999 -9999 -9999 -9999 -9999 -9999 1.46941972474224e-06 6.13535208913163e-06 3.29411772327148e-05 0.000232801208039746 0.000179026973923213 3.35090939188376e-05 0.00302156507665394 0.000355973467230797 0.018981159478426 0.00920343690232866 0.246401703663261 0.120878887085143 0.283862966699084 0.0163209486535802 0.0194931023475963 0.00760326672025258 0.000309021599235582 0.000291062498925498 0.00125731680426497 0.000563211443491696 0.244232001907858 0.00537541261874139 0.00916901815216988 0.553394067287445 0.0119167757220566 0.146414541825652 0.449121489710627 0.592839744128287
-9999 -9999 -9999 -9999 -9999 -9999 -9999 -9999 -9999 -9999 -9999 -9999 -9999 -9999 -9999 -9999 -9999 -9999 -9999 6.35187874991061e-06 2.59561922575813e-05 0.000158145744353533 0.000121018971549347 0.000198732933495194 2.39528339079698e-05 0.000191096594920581 0.00350058179479618 0.0164211899042243 0.0934394808196458 0.14242442551114 0.00109191848796165 0.798943245410919 0.000544668201810017 0.000441514303383883 0.000241882312292852 0.00617743222330773 0.00216533786012576 0.154473608958151 0.00411522935755784 0.000664433452601543 0.0053062298335135 0.0221527720917948 0.00723443265305832 0.182567825168371 0.476058241725152
-9999 -9999 -9999 -9999 -9999 -9999 -9999 -9999 -9999 -9999 -9999 -9999 -9999 -9999 -9999 -9999 -9999 -9999 -9999 -9999 -9999 0.000290367308934947 0.000385263774091982 2.79073416322717e-06 6.67847433520885e-06 4.92621304147178e-05 8.91723811946576e-05 0.0015563366003335 0.000204748188844017 0.00292043993259306 0.0477831033524126 0.00713121660733123 0.00143743929220363 0.000699857458675979 0.00118286252328486 0.0680123910773545 0.00402586702782628 0.0405077147514518 0.00147821253200391 0.0791221845254768 0.00844467518784505 0.00485762882381096 0.18358006477356 0.0648682790252783 0.12588815651845
-9999 -9999 -9999 -9999 -9999 -9999 -9999 -9999 -9999 -9999 -9999 -9999 -9999 -9999 -9999 -9999 -9999 -9999 -9999 -9999 -9999 -9999 -9999 1.01867851753923e-05 0.000134990352672326 2.43376825892483e-07 6.3663812857051e-07 0.000836153039456833 0.00514688990363529 0.0163925542309187 0.00238177638280967 0.000324716892646393 0.0364971685216076 0.00139171631999806 0.0437520741909114 0.100145074601096 0.0857515948241712 0.00460593320058251 0.168798452802002 0.128889745287597 0.00082251684808714 0.00872117769033593 0.126319050419048 0.011732683237642 0.322360614231434
-9999 -9999 -9999 -9999 -9999 -9999 -9999 -9999 -9999 -9999 -9999 -9999 -9999 -9999 -9999 -9999 -9999 -9999 -9999 -9999 -9999 -9999 -9999 -9999 -9999 9.91323654356835e-06 9.6079077138711e-08 9.08068686840124e-06 3.09547467622906e-05 8.75504754447753e-05 0.00124497722993198 0.000762291772570389 0.0013816357397479 0.298326431214809 0.0366003666884524 0.284903651019742 0.107988830449137 0.00569679735773434 0.0521579639643562 0.00114700997971937 0.0012253763678018 0.000213797777541913 0.00169615766461106 0.164786372333765 0.00324781395879228
1.81686621303356e-08 1.09866543640535e-09 -9999 2.80739320679402e-10 2.73376143944404e-10 5.13106469757219e-08 3.24028590625858e-09 -9999 -9999 -9999 -9999 -9999 -9999 -9999 -9999 -9999 -9999 -9999 -9999 -9999 -9999 -9999 -9999 -9999 -9999 7.50975739265414e-06 4.22778293796e-07 1.21979167033714e-07 1.53183702167325e-08 1.36724069307093e-05 0.000234531688167838 0.00155872012128384 0.00296962850516138 0.000305760616196993 0.000140378123618679 0.03239418923622 0.153671652777125 0.368912091903621 0.242405427937047 0.000307662913655804 0.00167050444288179 0.000105192588762293 0.000127300974963873 6.49487371447322e-05 0.0504601145434748
1.43696484922184e-07 3.5804797793304e-08 8.01205552880546e-07 4.18357254172719e-08 9.69826239582971e-07 4.84335095336519e-06 4.2407641354103e-08 -9999 -9999 -9999 -9999 -9999 -9999 -9999 -9999 -9999 -9999 -9999 -9999 -9999 -9999 -9999 -9999 -9999 -9999 -9999 -9999 -9999 1.46711997901505e-06 3.85260223083606e-06 0.000323207439616757 0.0032647593152042 0.00329365538664206 0.0434560671448745 0.101826901943623 0.430588298620751 0.23564772233367 0.0151912207133137 0.110978243088679 0.08861133774044 0.000325726519076852 9.32374756530408e-06 5.94328214975626e-07 0.000282835003599757 0.00474913006837596
5.99004461037111e-06 4.89714382423401e-07 8.38255078527972e-07 4.76611374569114e-06 2.51966141606719e-06 -9999 -9999 -9999 -9999 -9999 -9999 -9999 -9999 -9999 -9999 -9999 -9999 -9999 -9999 -9999 -9999 -9999 -9999 -9999 -9999 -9999 -9999 3.07679593269938e-07 3.04630333403111e-06 0.000224070935655618 3.6701348835777e-05 0.00544432420285512 0.0001601264193268 0.0566519788537437 0.00254394840452626 0.279849388077855 0.0291373554617167 0.094427542726658 0.449974998876084 0.00703417672394533 0.000392204833042342 4.38476235558483e-05 3.07338242477861e-06 0.000320925679989159 0.00243404777720571
2.92704241928732e-05 5.13720877620472e-05 7.56417233409579e-06 4.35377923486691e-06 2.35262637738876e-06 3.06359709639992e-05 -9999 -9999 -9999 -9999 -9999 -9999 -9999 -9999 -9999 -9999 -9999 -9999 -9999 -9999 -9999 -9999 -9999 -9999 -9999 -9999 -9999 8.64689866375556e-08 1.06227900458222e-06 0.00012533514018287 0.000814230227842927 0.00222786511294544 0.00464637348013639 0.0771241284557618 0.00579913426371279 0.0177759952144697 0.189787932997569 0.119934084638953 0.000182353008202862 0.0308880211080902 0.00308856769847523 0.00891981813765597 0.0077434690669179 0.00172888319357298 0.00168148942757398
