Maxent_result_files_1/Bombus_alagesianus_2.asc
NCOLS 594 
NROWS 330 
XLLCORNER -15 
YLLCORNER 23 
CELLSIZE 0.166666666666667 
NODATA_value -9999 
[rows 300 to 319 of 330, columns 0 to 44 of 594]
-9999 -9999 -9999 -9999 -9999 -9999 -9999 -9999 -9999 -9999 -9999 -9999 1.79762360552616e-10 1.58418833606788e-12 1.7251200468138e-12 1.66776592536166e-12 1.60214952416027e-11 4.50184334255255e-12 5.87608850466381e-12 8.50004511221414e-12 9.3658858446588e-12 3.95729005120415e-12 2.35942376747289e-12 1.04017128244038e-11 1.57705071224257e-11 4.42580971871109e-11 7.67873875595626e-11 4.8819071007955e-11 1.01418251574614e-10 1.07413522520972e-10 1.43256351226029e-10 1.70699321344614e-10 2.08992345651637e-10 2.81578982352926e-10 2.49715736977407e-10 2.63892141472155e-10 2.688665734496e-10 2.38122921381034e-10 1.98527738692889e-10 1.65327529444426e-10 1.40833500417159e-10 1.28075561267593e-10 1.02350927733141e-10 9.49075928957654e-11 8.7839024942582e-11
-9999 -9999 -9999 -9999 -9999 -9999 -9999 -9999 -9999 -9999 -9999 -9999 1.31546995518761e-12 1.06961106638437e-12 1.63075108972066e-12 2.57701637806917e-12 4.42959002810994e-12 6.41595665484829e-12 1.00750408016381e-11 1.34051325595408e-11 9.87367965166186e-12 6.09963191067209e-12 7.03550551151011e-12 1.10789488694252e-11 2.21523688281877e-11 3.9547987107369e-11 8.19240675298261e-11 1.08840447765601e-10 1.56864277123248e-10 1.91086191314582e-10 2.17360485166296e-10 2.44328279830341e-10 2.4705765211408e-10 2.41134312517488e-10 2.3476163235614e-10 2.28299212867711e-10 2.30892815977768e-10 2.14531825637465e-10 1.67177072185609e-10 1.30461264014059e-10 1.0678857798041e-10 8.61768656434947e-11 7.36075422835825e-11 7.14268200141532e-11 7.31198546155554e-11
-9999 -9999 -9999 -9999 -9999 -9999 -9999 -9999 -9999 -9999 -9999 1.49074086408518e-12 1.92765803319617e-12 2.35268471371342e-12 2.88252754998553e-12 4.36074509835294e-12 6.4342753347546e-12 8.22950596557348e-12 1.27808430505638e-11 1.3599998904823e-11 1.19129150988329e-11 7.55457918444336e-12 1.00089270205217e-11 1.91219484690919e-11 3.39138384042315e-11 3.789972780055e-11 7.01554703219642e-11 9.65545310371851e-11 1.31786914714382e-10 1.660630744027e-10 1.94957261445694e-10 1.87920612404469e-10 2.02258865211746e-10 2.0775670073192e-10 1.99362126807046e-10 1.91867888243991e-10 1.96256622064794e-10 1.7752139758187e-10 1.35513200660853e-10 1.12341203006849e-10 1.03778530213816e-10 7.23222481902042e-11 7.18669235233449e-11 8.39388114570738e-11 8.9742691056216e-11
-9999 -9999 -9999 -9999 -9999 -9999 -9999 -9999 -9999 -9999 7.60133733734847e-11 1.89438464914815e-12 2.49268383711865e-12 2.69991806689518e-12 3.52718965146437e-12 4.60471660801431e-12 6.31268370909765e-12 9.06656971721986e-12 1.15610299111779e-11 1.32740263225628e-11 1.34768529669316e-11 7.53114237639352e-12 9.17782516651755e-12 1.77798442635435e-11 2.07324934997644e-11 3.0771851733391e-11 5.14423170727696e-11 1.08636200035761e-10 1.43724188106376e-10 1.50896894979269e-10 1.50728285408519e-10 1.58868351807229e-10 1.72463410219592e-10 1.66897862197146e-10 1.57233548403468e-10 1.46815470891681e-10 1.58456969767684e-10 1.46423451141686e-10 1.20344356702162e-10 1.05419262208528e-10 9.10911568396955e-11 7.59986296117177e-11 9.13194853069399e-11 9.55731938034887e-11 9.91243975789757e-11
-9999 -9999 -9999 -9999 -9999 -9999 -9999 -9999 -9999 -9999 1.8764656495307e-12 2.58616461579209e-12 2.68421951332698e-12 2.9456992400867e-12 3.97201160851068e-12 5.68439739723203e-12 8.16852141483082e-12 1.21411103393143e-11 1.58159152441328e-11 1.55462753781421e-11 1.22952981129743e-11 6.61037891092064e-12 7.77861108858247e-12 1.16234355473921e-11 1.2525669390584e-11 1.76357706216379e-11 6.54841070257817e-11 1.15502873931916e-10 7.75673969499735e-11 1.26934907029863e-10 1.34452959876796e-10 1.43999512314252e-10 1.46331469164096e-10 1.46653300614474e-10 1.39040634561383e-10 1.22839816096842e-10 1.1956833301241e-10 1.14032927545082e-10 1.09696807193416e-10 9.78132019824329e-11 8.9160734351168e-11 9.03272789898324e-11 7.850771144291e-11 7.69499908237492e-11 8.23258128335169e-11
-9999 -9999 -9999 -9999 -9999 -9999 -9999 -9999 -9999 2.54417265033169e-10 2.07402983676275e-12 2.63733479499706e-12 2.98975288970382e-12 3.32233129896053e-12 4.37188063528993e-12 6.40705266619079e-12 9.69767599556803e-12 1.34185218492178e-11 1.22710730465769e-11 9.22311116369201e-12 7.51830819822885e-12 6.05450134472107e-12 7.16144921142359e-12 9.35114208289178e-12 1.08427045120152e-11 1.67579394805273e-11 1.35681577084767e-11 2.08202788343215e-11 1.27679089523269e-11 7.74126540648012e-11 5.87405568630572e-11 1.06003261723941e-10 1.24481747132421e-10 1.25067867173811e-10 1.16755638490673e-10 9.58943258133616e-11 9.03967567467134e-11 9.08308428471116e-11 9.15226783249068e-11 8.48646486417692e-11 6.76057321236101e-11 6.11777295489446e-11 5.03213248848056e-11 4.53439175096548e-11 5.78197378864331e-11
-9999 -9999 -9999 -9999 -9999 -9999 -9999 -9999 -9999 2.70524713741338e-12 2.6347035664287e-12 2.92861290773772e-12 2.37987407558649e-12 2.6563307109484e-12 3.23838733606863e-12 4.73775463305515e-12 5.94857496594159e-12 5.03579400401577e-12 5.54332135749291e-12 5.56785728633713e-12 5.21639398343154e-12 5.59806645483718e-12 6.69564403921186e-12 8.87250273251539e-12 1.06938569111037e-11 1.26831656288573e-11 1.524906867445e-11 1.87992288402938e-11 1.25598864642029e-11 3.82918585728476e-11 3.82050391323219e-11 1.05168629360719e-10 9.6608177013735e-11 7.06177449849577e-11 6.176091860155e-11 5.6809512649636e-11 5.43449729661916e-11 5.63884827720074e-11 5.61300561585654e-11 6.60080434755628e-11 6.6824046296432e-11 3.86299436883064e-11 3.42744832515507e-11 2.98527980113761e-11 2.95100943681348e-11
-9999 -9999 -9999 -9999 -9999 -9999 -9999 -9999 -9999 2.00933714111784e-12 3.22578630473913e-12 3.48172601860597e-12 3.7496894478295e-12 4.46732650871695e-12 4.22502033359251e-12 4.76605421795284e-12 7.24058590861887e-12 9.12188102830669e-12 7.44952988185332e-12 5.29908339430563e-12 5.31432675643373e-12 5.52122791930287e-12 6.01095839769528e-12 7.99683652630279e-12 1.11195719298962e-11 1.27379107262016e-11 1.39303457658002e-11 1.54113388717292e-11 2.0487667118374e-11 2.84288925733733e-11 7.32145233328652e-11 9.29309185160321e-11 7.63929031144528e-11 5.68946445511642e-11 5.20384846325328e-11 4.79021156074566e-11 4.64873362027163e-11 4.52039072840193e-11 4.84362217001433e-11 5.44775557997923e-11 5.42488609589498e-11 3.87904153242857e-11 3.39714478769793e-11 3.11508374650771e-11 2.6646940209929e-11
-9999 -9999 -9999 -9999 -9999 -9999 -9999 6.86107726188823e-11 2.12757589324042e-12 2.43854936243793e-12 3.73362452066317e-12 3.36874972362011e-12 4.5024317607556e-12 4.97040186786535e-12 5.83368908735338e-12 7.04162284037579e-12 9.81631442797948e-12 1.47445167186788e-11 1.5882151149782e-11 8.08065836466199e-12 6.23112672570869e-12 6.42168540565535e-12 6.97678581573769e-12 8.02454769299743e-12 1.06396447208112e-11 1.45150336194888e-11 1.5645729156688e-11 1.89816384832397e-11 2.34555930234137e-11 2.66805466608844e-11 4.37946345854812e-11 6.29882479508126e-11 6.27973562039585e-11 5.35377187027564e-11 5.0540094331808e-11 5.02055841344884e-11 5.12076270275941e-11 4.719894475258e-11 4.46767067785458e-11 4.44503989172063e-11 4.92838325705236e-11 4.49516313061338e-11 4.94073559842434e-11 4.85771090019682e-11 4.0215608620997e-11
-9999 -9999 -9999 -9999 -9999 5.23086685078056e-11 1.72262204500839e-12 2.13727924247564e-12 2.30122587652204e-12 2.55900856060975e-12 3.57126550554199e-12 3.41811023929495e-12 5.34206012758887e-12 5.3615112349803e-12 6.70170585692631e-12 8.50240988725659e-12 1.21342602632524e-11 1.5293344368672e-11 1.96340499414305e-11 1.08167585999297e-11 7.06346092727017e-12 6.97942814653629e-12 8.3685169904868e-12 1.12401421503705e-11 1.36968991704123e-11 1.84897319677191e-11 2.46178855078938e-11 3.07605607652306e-11 3.46768946890563e-11 3.93276744503623e-11 4.55501636409394e-11 5.13564746285056e-11 5.33904476185398e-11 5.96694693655309e-11 5.41202971326982e-11 5.02024422033287e-11 5.70287927992297e-11 5.8185867235494e-11 5.39153388601221e-11 4.89715712426175e-11 5.04813635338053e-11 5.45240075311426e-11 5.55094636922604e-11 4.695999145099e-11 3.7301184363514e-11
-9999 -9999 -9999 -9999 1.83713044776823e-12 1.42594824836806e-12 1.5617729332007e-12 2.0885404516946e-12 2.1993185050917e-12 2.77845524365716e-12 3.67582631000118e-12 4.16836565264589e-12 5.66825475445398e-12 6.29839513877073e-12 7.33609839542737e-12 9.66746682706798e-12 1.22879706410117e-11 1.48332679472674e-11 1.92689197930918e-11 1.39897315953874e-11 7.96903654176617e-12 8.45190584186639e-12 9.89841542065051e-12 1.46468615014328e-11 1.9173485021895e-11 2.49207432467813e-11 3.02247560313162e-11 3.81229936508021e-11 4.01180089149023e-11 4.40172787108395e-11 4.20873003115219e-11 4.18778234312356e-11 3.86251364226098e-11 4.10274370032937e-11 4.34036251384384e-11 3.89635324005155e-11 4.17116785556004e-11 4.21571222375405e-11 4.11625400431603e-11 4.28980073685636e-11 4.55204207661097e-11 4.94085883318007e-11 5.13357245601753e-11 4.60126936552285e-11 3.67993968630742e-11
-9999 -9999 -9999 1.61145541355268e-12 1.58245638814947e-12 1.54125601170563e-12 1.6310730543978e-12 2.17864615237318e-12 2.23926432951771e-12 2.97245561498016e-12 3.65517616174316e-12 4.84395856759079e-12 5.98699978482387e-12 7.12105929778772e-12 8.40737479634868e-12 1.08061559700445e-11 1.33726030249193e-11 1.57038715364877e-11 1.578062125418e-11 1.23959287279263e-11 8.70618022119629e-12 1.25506272041775e-11 1.68795977195657e-11 1.73892900079409e-11 2.21093587882137e-11 2.88355783695238e-11 3.67799346534525e-11 3.83702292161558e-11 3.44757888903757e-11 3.15706127906878e-11 2.92711632710052e-11 2.95211299849996e-11 3.03230773823771e-11 2.98106761498218e-11 2.98830182821064e-11 2.88695733985378e-11 2.95651281234655e-11 3.54618001630058e-11 3.45576789406721e-11 3.18070680904725e-11 3.83332032782846e-11 4.34786429082123e-11 4.86713225278379e-11 4.40991576589056e-11 4.02194166859715e-11
-9999 -9999 -9999 1.63365987404518e-12 1.86444193417401e-12 2.14929185560209e-12 2.52121656885151e-12 2.21347384865567e-12 2.43945974531812e-12 3.47150086454917e-12 3.84754450521996e-12 5.30511190532934e-12 6.34521324371917e-12 8.22444334858119e-12 9.34020638609923e-12 9.72072422555925e-12 1.0713663289863e-11 1.21603282998706e-11 1.53039247940967e-11 1.1129031030066e-11 9.90856285909558e-12 1.5294110422559e-11 2.16686335541283e-11 2.18153495268325e-11 2.36285990773411e-11 2.71266564766393e-11 2.66278110672147e-11 2.77572409501659e-11 2.48981835149209e-11 2.39963493520179e-11 2.26132224057096e-11 2.17796114476698e-11 2.29321450717634e-11 2.37684427695228e-11 2.29387397965297e-11 2.29936292228672e-11 1.96379246197864e-11 2.5895330324488e-11 2.93889357294574e-11 2.92046165029092e-11 3.00258595764547e-11 3.48011286455119e-11 3.73371444872816e-11 3.53416851339716e-11 3.83000631209995e-11
-9999 -9999 7.229095100314e-12 1.67027502939732e-12 2.15835127548303e-12 2.55421239714337e-12 2.97225577483573e-12 2.08281170088753e-12 2.10688133606141e-12 3.27309290781841e-12 4.07787137390869e-12 4.66565674983599e-12 6.30570040627276e-12 7.70683517004045e-12 7.4722561471674e-12 8.93637386312207e-12 8.64222027274764e-12 1.18224319223259e-11 1.07230668788816e-11 9.08872976879138e-12 1.19811494059263e-11 1.59088187068335e-11 1.64511182454419e-11 1.70733649440535e-11 1.82305837093111e-11 1.82338366627732e-11 1.81557990863723e-11 2.0347679097199e-11 1.95922389423231e-11 1.9041523913188e-11 1.95241045553018e-11 1.74529835028636e-11 1.65662594753258e-11 1.84469550745803e-11 1.78043135790062e-11 1.7403811725103e-11 1.75058634255265e-11 1.9822166130723e-11 2.5898394540036e-11 2.55614862609832e-11 2.2777169039756e-11 2.42061259925208e-11 2.80588885459565e-11 2.81339951335724e-11 2.98294722256287e-11
-9999 -9999 1.41696654409884e-12 1.83821846633236e-12 2.18034479360085e-12 2.42038611375506e-12 2.97533109261394e-12 2.64184230047704e-12 2.38656872042498e-12 3.0905167314188e-12 3.72074593357752e-12 4.77264894271912e-12 5.93529669856707e-12 6.07498495952541e-12 7.38512584419482e-12 1.1442413683227e-11 1.00148334070127e-11 9.71429603424667e-12 7.69819763490887e-12 9.23728871171647e-12 1.20988996599181e-11 1.46717971105659e-11 1.12079678871169e-11 1.22521548462373e-11 1.27763244428536e-11 1.18418941319476e-11 1.30365052086745e-11 1.50917944807816e-11 1.49471435229032e-11 1.48491885454405e-11 1.62589608443398e-11 1.4079204468942e-11 1.38031364116387e-11 1.29119048786208e-11 1.26623378449153e-11 1.3619971817036e-11 1.71637704049488e-11 2.03860039960091e-11 1.90279458855969e-11 2.18216111846914e-11 2.44512410318976e-11 2.2498680696259e-11 2.31526020577633e-11 2.37323494189923e-11 2.32711405701025e-11
-9999 7.7052686453527e-11 1.58510982117832e-12 1.96065386148803e-12 2.1932233806865e-12 2.35893526934206e-12 2.90579782458167e-12 3.12669889979134e-12 3.86484177994362e-12 2.85711454495186e-12 3.51741968884767e-12 4.50383064176663e-12 4.95982144244067e-12 5.96741545066948e-12 8.00189914329508e-12 1.03696606856829e-11 1.42755252063864e-11 1.26725185900511e-11 1.00868646768504e-11 8.79107897588938e-12 1.0187928278782e-11 1.13516529509639e-11 8.66101634855454e-12 7.506772981003e-12 9.49026413010756e-12 9.17537157363313e-12 1.05762287816447e-11 1.18586029884682e-11 1.18511978008939e-11 1.21870513680733e-11 1.28523525155799e-11 1.19414811372565e-11 1.06198383420519e-11 1.0693734786571e-11 1.08637099316411e-11 1.31598509867104e-11 1.5986567625248e-11 1.72001968223867e-11 1.58098534264184e-11 1.94030347344665e-11 2.18751128322481e-11 2.03779326746201e-11 1.90171989267185e-11 1.8546852942336e-11 1.80715775677243e-11
-9999 2.34641195362428e-12 1.75425229897996e-12 2.05282457699241e-12 2.14912532214839e-12 2.59912091848946e-12 2.97962765571924e-12 4.00592892191298e-12 4.60673721391913e-12 3.051436880952e-12 3.11071168823673e-12 3.6699976391219e-12 4.60221860620891e-12 5.9695803855675e-12 8.48670023145814e-12 1.14437570530868e-11 1.04993902461104e-11 8.06350541893153e-12 8.94704310638872e-12 6.8594574464953e-12 6.41122710476338e-12 7.37908623094086e-12 6.73786582083835e-12 6.98596736015134e-12 7.67258478973076e-12 7.89488474595146e-12 8.85507223102877e-12 8.7650886548829e-12 9.0716434364424e-12 9.31128507630774e-12 9.84818893101647e-12 9.31682508920062e-12 8.50355341697195e-12 9.43731759406319e-12 1.00041308570553e-11 1.1397061072671e-11 1.20054521879354e-11 1.24170895787756e-11 1.48139389644086e-11 1.71995861997232e-11 1.79696701962939e-11 1.54836143906323e-11 1.64572688809983e-11 1.74135483810289e-11 1.69093516966257e-11
-9999 3.2396529903167e-12 1.92481586225313e-12 1.84814386017251e-12 1.69382285974962e-12 2.41043851545442e-12 2.74810174616391e-12 4.32042179809855e-12 4.04943856224804e-12 2.95752311529895e-12 2.9486524333322e-12 3.53012064024938e-12 4.30053770372751e-12 5.88372683907323e-12 7.42719219459786e-12 6.77602418619472e-12 7.27480298223782e-12 6.13454842479655e-12 6.36729557967897e-12 5.41157119116065e-12 5.47744072321166e-12 5.17947906786276e-12 5.27820009921243e-12 5.65478774916528e-12 5.74515990336977e-12 5.91762194801504e-12 6.53267440142713e-12 6.82367495841163e-12 7.13554770825908e-12 7.40737471360831e-12 7.41792183234224e-12 7.19071469035271e-12 8.08628719539684e-12 8.7510221291609e-12 8.9229623689846e-12 9.06886787888084e-12 9.28677135192402e-12 1.01605723834552e-11 1.11776143896236e-11 1.10726539048756e-11 1.33279831615596e-11 1.41802347641828e-11 1.30404020914909e-11 1.35069622153594e-11 1.39574241053708e-11
-9999 2.44909648117186e-12 2.09191552968946e-12 2.05261363461773e-12 1.75122139012274e-12 2.39962494319457e-12 3.3393177112373e-12 4.21533918881778e-12 3.94163590655694e-12 3.13898906867394e-12 2.90484303278049e-12 3.02067260093963e-12 3.31364935490797e-12 3.60476093419493e-12 3.53210793946346e-12 3.81688014527981e-12 4.64559501978101e-12 4.84986495408179e-12 4.47831771666074e-12 4.22561985402581e-12 4.48991954726807e-12 4.26362278815873e-12 3.87437859572515e-12 4.86032325497376e-12 4.69057015450858e-12 4.8332782220939e-12 4.55430138046609e-12 5.27586863086071e-12 6.60587140544067e-12 7.03095359710915e-12 8.11818390289432e-12 7.28291871254783e-12 7.53591633539941e-12 7.74734720820902e-12 7.59038387698752e-12 7.25212112584472e-12 6.47749631710326e-12 6.46593889541691e-12 7.38203942418636e-12 8.46528402931312e-12 9.60823642870423e-12 1.22966525850643e-11 1.23912546889926e-11 1.00937369573728e-11 1.01273101016375e-11
-9999 1.73145942028441e-12 2.2631230223169e-12 2.29534169449153e-12 1.92155180656073e-12 2.67901256734149e-12 3.64778207639915e-12 4.48689974064109e-12 4.32405222738907e-12 3.6396552438589e-12 3.32737171149233e-12 2.93818303020998e-12 2.33963959317407e-12 2.58042476275477e-12 3.0124791550179e-12 3.17089687840166e-12 3.94659860347701e-12 4.14058787256977e-12 3.69068109407067e-12 3.25818261259769e-12 3.62073704351928e-12 3.91079391093285e-12 4.61007898522325e-12 4.71689354242244e-12 4.22857304727131e-12 4.37396785457622e-12 4.69310146300472e-12 5.04717379001818e-12 5.74459368962721e-12 6.3629101987317e-12 7.22115700568793e-12 6.37688790661173e-12 6.76840805624579e-12 6.80733247548915e-12 5.97784044487071e-12 5.73682212845483e-12 5.76511061112228e-12 5.84157167082822e-12 5.68549651802641e-12 6.93116675165584e-12 7.64553975685089e-12 9.13762399079587e-12 1.09355857702553e-11 1.09764419775615e-11 8.58006998782912e-12
