Maxent_result_files_1/Bombus_hyperboreus_2.asc
NCOLS 594 
NROWS 330 
XLLCORNER -15 
YLLCORNER 23 
CELLSIZE 0.166666666666667 
NODATA_value -9999 
[rows 220 to 239 of 330, columns 308 to 351 of 594]
0.000190359981752408 2.94553296185995e-05 2.42190260252073e-05 3.36622305541212e-06 -9999 -9999 -9999 -9999 -9999 -9999 -9999 -9999 -9999 -9999 -9999 -9999 -9999 -9999 -9999 -9999 -9999 -9999 -9999 -9999 -9999 -9999 -9999 -9999 -9999 4.12367668711777e-07 6.4692660930632e-05 2.29226472271193e-05 2.26535058377664e-05 0.000177633539169619 6.29107782742722e-05 4.17212046613713e-05 0.00019732020155061 0.00538345603272319 0.00056050299317576 0.000293697731831344 0.00262213640380651 0.000863406332791783 0.00577737800776959 0.00156615796149708
2.24672769491008e-05 1.11642822560043e-05 5.5109027478295e-06 8.83556417505815e-06 5.08704606616561e-06 2.29553849237618e-05 0.000201041706168326 -9999 0.000316552762888023 -9999 -9999 -9999 -9999 -9999 -9999 -9999 -9999 -9999 7.13176245540126e-05 -9999 -9999 -9999 -9999 -9999 -9999 -9999 6.60264074703321e-06 5.16150050222652e-07 4.71555111705157e-06 0.00192284066288266 0.0104161928873509 0.00619535890873522 8.98871257504652e-05 0.000154082180506521 0.000686191070599307 0.0054471350973472 0.00356892956187949 0.00033783324615797 0.000250001804670319 0.000177311707739136 0.00734039950184524 0.00533617816399783 0.0528283800929785 0.0108341089915484
5.64695477009991e-05 1.54105907441249e-05 2.12281638084733e-05 2.90143547658772e-05 1.32046307157907e-05 8.44745125334612e-06 4.59848225347059e-06 5.01977892390926e-06 3.46358335772123e-06 4.57506379909489e-06 8.63292508022084e-06 3.57373501117308e-05 -9999 1.92425527600903e-05 4.72017239641076e-06 1.83477357177386e-06 1.51202856560673e-05 7.7665973329033e-06 2.82585544255198e-05 6.25089913546262e-06 4.62328139638757e-06 9.08973458031426e-06 9.14224021471455e-05 1.05195306506545e-05 1.03384425196307e-06 4.15672949909407e-06 0.000146606640214486 7.73306272321861e-05 0.00882110150996596 0.00758733940310776 0.00394968853797764 0.00207518067618366 0.000972883433496463 0.00638800857122987 0.00125129903317429 0.00971798882819712 0.00311974104261026 0.00406347592361271 0.003086831595283 0.00309255261672661 0.0804844472557306 0.00484695006161928 0.0108826225623488 0.00379901474807411
5.56013807937461e-06 1.79345296373867e-05 0.000110695898911217 0.000149603932550235 9.17643315915484e-05 3.70116638805484e-05 1.40626596703441e-05 1.78735763711302e-05 1.30883292236206e-05 1.98195574228066e-05 4.16042951997042e-05 1.5877516185725e-05 7.89922580359814e-06 1.15862212993534e-05 3.25557603986226e-05 2.87882534166783e-05 5.00661255045998e-05 0.000278945294849109 0.00159597612218931 0.000120378371912011 0.000480604677431984 4.10361864169317e-05 0.000162867419749091 3.2718560282774e-05 0.00191862327774288 0.000225172560385545 0.0834658145904541 0.00661997944116592 0.0197300336323679 0.00278751283767633 0.00312735574552789 0.00497398251318373 0.000784975186616066 0.00112414931645617 0.00125462748983409 0.000159062833154167 0.0107953103259206 0.00419553006067872 0.048671911098063 0.065102163143456 0.00121794400620274 0.000142318817961495 9.61580237344606e-05 4.41989667251619e-05
0.000263439953778288 0.00017426638823963 5.64461344310985e-05 1.67143489193222e-05 0.000295617397932801 0.000129639078659238 7.95145260781283e-05 8.86934642039705e-05 0.000135443969611515 0.000497670553158969 0.00244218412553892 0.0018518942524679 0.000396180613097386 0.000567655298800673 0.0339599747210741 0.0188452770002186 0.00265814090380445 0.0026510230905842 0.0108428362058476 0.00368859154405072 0.00517290559364483 0.0226957091130316 0.0146578701213002 0.00421762724872679 0.0253299975767732 0.0603655152022839 0.0165037461323664 0.00610205037810374 0.00137316102045588 0.0140387035673484 0.194032299518585 0.00350869232206605 0.023295902274549 0.0117225392255932 0.00312943051103502 0.00266001194249839 0.0159944861195981 0.00583563384134322 0.00487446952611208 0.00416468644980341 0.00054711951961508 0.000157923989172559 0.000503332811058499 1.03165736881294e-05
0.000746349777909927 0.000395581651173416 7.24581714621308e-05 9.2927285550104e-05 0.00028686809082501 0.000526343891579018 0.000419705397962389 0.00112062099797186 0.00215124077803921 0.0019477266643662 0.00775650474242866 0.0257894314825535 0.00388189419463743 0.015122463949956 0.00122895946042263 0.0303748494014144 0.00400356694008224 0.0551116969436407 0.00788487361278385 0.000946550498338183 0.00217373797204345 0.00323615725210402 0.000581342680197849 0.000227962586177455 0.00058553152011882 0.000761486713781778 0.000340464538203378 0.000855515783041483 0.00836451202630997 0.00734971125202719 0.000396638329766574 0.0065177584066987 0.00374014211120084 0.000196940325781725 0.00124579637704301 0.00606105930055492 0.00354708348750137 0.00677099106833339 0.000230095531151164 0.000151181265391642 0.00056451341661159 0.0133148998022079 0.00405184251721948 1.78734891349563e-05
0.0019748896243982 0.00101102737098699 0.00195974375819787 0.000631378772959579 0.00223554288968444 0.001184754492715 0.00174373752524843 0.000552577765483875 0.00138763295835815 0.00102380803073174 0.0011757458854845 0.000351885957206832 0.00124639128771378 0.0180324952118099 0.00326519439113326 0.000389512044739604 0.000735950170383148 0.00876670067664236 0.000522157019713632 0.000609235526644625 0.000497864098906575 0.000180991472325331 0.00011074496328547 0.000706968384474749 0.00097619891676004 0.0014058954839129 0.00327524840831757 0.00540426258230582 0.00634176643798128 0.0199785988777876 0.00215210903115803 0.00481279634404927 0.00842468929477036 0.000604515524537419 0.0020839989054366 0.000268500991660403 0.0058162824716419 0.00458680836018175 0.00126313378859777 0.0063709155889228 0.0014949994685594 0.00191288926289417 0.000223383291086066 1.37034172503547e-05
0.00169907742965734 0.00543710616766475 0.000153994683705605 0.000759432576523977 0.00124328349411371 0.00162487821289687 0.0025808595266426 0.012888394901529 0.00308627248741686 0.00880748528288677 0.0144328363239765 0.000288502891635289 0.00233172601947444 0.000862000202232593 0.000376718270763377 0.000529643526624568 0.000360472592410588 0.000272493356533232 0.000244401432019004 0.000160262195981886 0.000481038934412936 0.000476132844596577 0.00111586623024778 0.00275486680038739 0.00164640391303692 0.00249696376558859 0.00217320651281625 0.00246494913881179 0.000710850786344963 0.0083948293235153 0.001492667774437 0.00287856365612242 0.000606364145642146 0.000327325895523245 3.78450368657468e-05 2.52865236518574e-05 6.27769163884295e-05 0.000121132484582631 3.57546569148326e-05 0.000560951953957556 0.000904242378601339 0.000366275305077579 0.000526871278998442 7.1423804333115e-06
0.000443777025930103 0.000431802760886058 0.000261096144276962 0.000324519214609609 0.000562652475309733 0.000584974001139926 0.00025939897968783 0.000175335928713594 0.000443254460378739 0.000504852325593674 0.000192918571065093 0.000443420002193307 0.0506610356271267 0.0309169193729758 0.0142900980543345 0.00231735063716769 0.00407722865347751 0.00238979893474607 0.000898104930092813 0.000617879695710144 0.00116339410524233 0.00026446916444911 3.88545216907232e-05 0.000145253119694644 0.000355963987931318 0.000166395348105652 9.00134427865851e-05 0.000152363332563255 7.51311388967224e-05 0.00117074075387791 0.000398995629257115 0.000621823838446289 5.83926993158457e-05 3.53539470438591e-05 0.00012240469459357 0.000100271112160044 0.000442404970453936 0.00123346198233776 0.000607747822505189 0.000338760783415637 0.000154224302150396 0.00041135624924209 0.00204705283395015 0.000226312312497612
0.000596411071455805 0.000417726941668661 0.000149588107706222 0.000358449389568705 0.000883217579030315 0.000215097416457866 0.000273016205687782 0.000312712319532693 0.000527548324134841 0.000956581300852122 0.000378784623353567 0.00042635653853722 0.000215768539965211 0.000337138643999424 0.00064484694175917 0.000986800516329822 0.000320234213813819 0.000807760571478866 0.000150652085540059 0.0027824311691802 0.0025363373089931 0.00222412963485112 7.4426338073863e-05 1.86668185691019e-05 4.5608464228053e-05 0.000160233310543845 0.000901700074609835 0.00112040457097464 0.000590837481286144 0.00526184015907347 0.000826157075061928 0.000725606916239485 0.000192296257409907 0.000244148447291082 0.00106041334074689 0.00302447373396717 0.00108968090062262 0.00011483581115499 0.000841063345433213 0.000321869441540912 0.000190797992399894 9.33564080696669e-05 0.000543900669072173 0.00161420432268642
0.00019792694303078 0.000158850392074328 0.000219657366824322 0.000271528663392928 0.000190835973478443 0.000253872396979204 0.00074662943934527 0.000828428104068735 0.000428827253290365 0.000533245113001613 0.000392750824721588 0.000227285808864508 2.48249091502117e-05 2.11394970691003e-05 7.21416665612651e-05 2.74317838609761e-05 0.000116847409333332 0.000232631930839489 0.00124601429270115 0.00251568191451952 0.000651906567509286 0.000189133218464121 0.000123204265969434 0.000108716632098549 0.000322726217200397 0.000247969315933005 0.000299076130431786 0.000136066785262301 0.00138543942302931 0.000639629061697633 0.000226719101010531 0.000213411641834682 0.000129813901548914 0.000255787389141915 0.000219919838036731 0.000166862124478939 0.000105177400200773 5.55722102717482e-05 2.6585144917135e-05 5.74997647618147e-05 4.10616362159999e-05 0.000101226531432985 0.000113503626835154 5.42538145396065e-05
0.00033064731255763 0.000226230086923351 0.000290527862034651 0.000335874823622362 0.000271079857520817 0.000624059972506075 0.000647817595563538 0.000363124161594897 9.65518842576785e-05 6.38114084608787e-05 3.41252452152219e-05 4.80485019679122e-05 2.10211976440888e-05 8.66136961576558e-05 0.000256124143197667 0.0061036650557071 0.00373170226521324 8.14929558146105e-05 0.000369453040093504 0.00164596569811692 0.00035740005396292 0.000174217084531847 0.00039227417219081 0.000124863034238842 4.60449046158828e-05 0.00012673585003995 0.000128394797866349 0.000412550809778622 0.000282818878622493 0.000731579880812205 0.00182089406007435 0.000242456146679615 5.67405992001113e-05 0.000114822201203424 2.99567004191204e-05 2.52499493683445e-05 4.09720921311418e-05 1.14521247581933e-05 1.90850445989099e-05 8.17752163811747e-05 0.000374546048624325 0.00202519096201286 0.00128224116269848 0.00208567392546684
0.000505422026799351 0.000363055863044792 0.000413679440225678 0.000543805916095152 0.000398574249720696 0.000287554698252279 0.000289198997825224 0.00020764485861946 0.000344638233764272 0.000579298923366878 0.000135943290274554 5.37333384329486e-05 0.000249775244833472 9.36791419746896e-05 0.000398101647715521 0.000797850738672423 7.92855926420089e-05 9.86152511472937e-05 9.83323567353977e-06 3.16014833799727e-05 6.61446186825287e-05 7.89934717545293e-05 1.86283408318388e-05 1.09692972149134e-05 6.79763727680083e-06 5.03770656735014e-05 0.000184462699917276 0.000121043035915136 4.97636511113342e-05 3.71295294769425e-05 0.00017586752992429 0.000152308823817293 4.10126481313e-05 6.01920456006155e-05 1.60384616378906e-05 3.59020452362913e-06 1.35454082411002e-05 1.572040798834e-05 1.08674731635006e-05 5.57105556254101e-05 0.000408185811465955 0.000563939066341845 0.000321492588045658 0.00315714282041881
0.000325965768024616 0.000572217637454742 0.00517102342564613 0.00054213922303461 0.000287786980948113 0.000371393738623738 0.000467729063166189 0.000416639583090728 0.000207122947995231 0.00123588888382074 0.00136383304852643 0.000280985486688223 9.4216242564471e-05 5.55049107480166e-06 1.68097156819869e-05 2.975521993136e-05 6.49794585623198e-06 2.51859496074758e-05 3.56456175598652e-06 1.4262729180925e-06 4.29965309391989e-06 1.89467997764314e-06 2.7106393130083e-06 1.07740074390961e-05 5.78240736466284e-06 2.15501717661937e-05 2.80260378161756e-05 0.000104498580549262 0.000101546095470439 6.78169620869085e-05 1.41548172223338e-05 1.44668781736357e-05 2.93154705161669e-05 1.62456114452425e-05 4.19367258892578e-06 2.66038740903696e-05 9.69296347150817e-06 1.23310360507389e-05 1.97027940515682e-05 1.92858167224585e-05 9.56688378209947e-05 0.000492392161686439 0.000397125516610686 0.00015101187145774
0.000406307831553931 0.00053585095993185 0.000514823491175775 0.00113487213020562 0.0012875770971732 0.000906132520685787 0.000386159470326675 0.000115321824739567 6.93076160331429e-05 3.16280249037959e-05 0.000106144163873978 2.57479212265821e-05 1.30229041753971e-05 4.89728378028076e-05 2.72359856115401e-05 1.18615788931464e-05 3.31630355857371e-05 9.57820097466922e-06 2.11076652938402e-06 6.34850003711218e-07 8.64935002820033e-07 8.94937095474724e-07 1.4933355382607e-06 1.11447864842518e-05 6.58714899550716e-06 8.05851836496174e-06 3.69946157978696e-06 3.4247686439226e-06 8.85340616463282e-06 3.81385415018087e-06 2.09816902810189e-05 1.80737112316365e-05 1.19137013221859e-05 1.3161488168123e-05 1.41622367593186e-05 4.66352815976734e-05 0.000110105648104764 0.000159423334753228 0.000494097814043926 0.000219961945549585 5.79518658867073e-05 3.94274941839967e-05 3.85930945128621e-05 5.81893778473841e-05
0.000694317588022386 0.00123468219389906 0.00350305523606949 0.000885859621121199 0.00075605793736031 0.000236610533511339 7.22133146609849e-05 6.60081901600051e-05 0.000146091116812386 0.000210967765406167 2.3583628860635e-05 6.10577702988557e-06 2.61494678947649e-05 6.58971146734189e-06 8.07279893479951e-06 2.41749342657194e-05 1.13542986968085e-05 4.59137451628067e-05 2.13816541182466e-06 2.09741311778977e-05 2.23652242484773e-06 7.78007928907698e-06 1.10873970500247e-06 4.22527676131601e-06 1.37875780474861e-06 1.10753727809998e-06 1.30795854282439e-05 9.70073311236774e-05 1.10707474938465e-05 1.74520107833587e-05 0.000165928690330475 1.4135890273792e-05 1.22769038114257e-05 1.64350570059923e-05 1.60816677293951e-05 9.11667029413366e-05 8.18015525624105e-05 0.000187543286585878 0.000231201636654532 0.000147299982947402 8.93267374550533e-05 2.45829076682469e-05 7.64982183113716e-05 4.17666763127045e-05
0.00155844755136059 0.00148345541820163 0.000846802210253372 0.000780190976001904 0.0011165601456014 0.000879407867068949 8.05121989259305e-05 6.09521415348979e-05 0.000294026228073108 0.000110459772980676 1.28462197924062e-05 5.68063912574912e-06 2.26138441767887e-05 2.54018034532955e-05 2.94820702535503e-05 0.0001176999867738 8.56478964408325e-06 3.22807292949534e-06 6.2382568634689e-05 3.66378595238359e-05 6.82051723913446e-05 1.91190936197572e-05 9.75011499599887e-06 1.11035452676767e-05 8.46091283368544e-07 1.85579616585052e-06 1.57259144198951e-06 4.68921543408385e-06 4.49230687258329e-06 2.47466711215338e-05 4.30635577117755e-05 3.53978029068003e-05 7.43390205570904e-05 2.05994062980608e-05 0.000144879112576746 0.000161039322256329 0.000125120879300766 0.000164786090573443 0.00018260109077346 0.000138616104254652 8.09818645251426e-05 1.88451451077043e-05 9.21804487916233e-05 7.89156501468824e-05
0.00112750888511073 0.00269018574035726 0.000610553380829515 0.000354565821726283 0.000486997517145937 3.07581229996856e-05 0.000116113434222598 0.000127236529976926 0.000226803448680357 0.000565322601460139 1.31786712668003e-05 3.66891728011964e-06 1.28407886929693e-05 2.38630485297264e-05 5.29583996339511e-05 3.03517980025703e-05 4.92911348173308e-05 5.11361111733777e-05 8.07961718919614e-05 1.37142762678621e-05 5.09274425725126e-06 3.38152354223409e-06 1.98521706985533e-06 1.97657964187137e-05 1.52943294966956e-05 3.67726547310099e-06 4.81209915261793e-06 1.15397965233521e-06 1.4571052524559e-06 3.09225054069273e-06 2.41544242318703e-06 2.61528047573734e-05 4.60200600855387e-05 5.31510062899088e-05 7.6635791975832e-05 0.000253566127867089 0.00208806924638338 0.000370596604079765 8.79663156979405e-05 0.000140440034422795 4.27027572403205e-05 0.000132056633947286 9.37789634804176e-05 0.000126452456402149
0.000781055744664627 0.00368393625394674 0.000522069362159527 0.000212484363237309 5.72522688003119e-05 0.000124321014072848 1.55342979782702e-05 0.000105595133021552 0.000860831498175685 6.46236694045399e-05 5.0426710491891e-05 0.000348073110262703 0.000260829604712853 5.98156434804764e-05 0.000122223015421241 0.000555858038137558 2.52867371951737e-05 9.1213996285866e-06 1.3715154457361e-06 2.4815250737209e-05 1.83667199931126e-06 1.03198530391424e-05 1.1595822644761e-06 9.91057727042222e-06 2.71353329575064e-06 2.98829482111573e-06 8.16631467968065e-06 1.45646949057721e-05 3.93956095781078e-06 1.275295096137e-06 1.19931709336996e-05 1.16273425192936e-05 3.17953816780792e-06 4.8468840561533e-06 6.8932173083347e-06 5.05596303781886e-05 3.72728334490091e-05 0.000109035331718133 0.000340214281459339 0.00045496552993427 0.000131564934827111 5.63607601520744e-05 2.28602395907274e-05 0.000236155775291991
0.00185543683110154 0.000406664027264014 0.00131433242750063 0.000877755684268777 0.000520872107517789 0.000206832536844104 0.0019987507517726 0.000558210911094648 7.00524975954409e-05 0.000148474018352829 0.00138394399637036 0.000166326227633817 0.000367032427720915 0.000396166962661937 0.000147318932071983 1.70919151210924e-05 0.000108290831239799 1.34734802940795e-05 4.58013268789248e-07 1.69822010065435e-07 1.13930135781093e-07 8.16940227688079e-08 3.27496349628031e-07 1.31567566208357e-07 8.50406329688802e-08 1.18253384806533e-07 1.012097716524e-07 1.78605869494142e-07 1.62075705245623e-07 3.56764727149628e-07 4.65288117401652e-07 1.09633417960664e-06 7.65017784425392e-06 1.12298935047495e-05 9.24985013872615e-06 8.7727770477386e-06 1.35955639915863e-05 2.81304458717102e-05 8.88426990400149e-05 0.000470395280353841 0.000142831648304309 0.000172767433377885 0.000117277938556981 0.000295423625084368
