Maxent_result_files_1/Bombus_portschinsky_3.asc
NCOLS 594 
NROWS 330 
XLLCORNER -15 
YLLCORNER 23 
CELLSIZE 0.166666666666667 
NODATA_value -9999 
[rows 140 to 159 of 330, columns 360 to 404 of 594]
0.000293178497668123 0.000251171780109871 0.000233427750936244 0.000245173126313603 0.000247401477099629 0.000234459675266407 0.000261989113641903 0.000310775782418204 0.000119132701001945 0.000164354986918624 6.19194051978411e-05 1.11805980168356e-05 8.67567878231057e-05 0.000115878445649287 0.00012198858676129 0.000104347747037536 5.55358570636599e-05 7.42758777050767e-05 6.27421788522042e-05 7.91770904470468e-05 0.0024611912900582 0.00869519400876015 0.00578764697420411 0.0314210947602987 0.000549863440392073 8.46376013612371e-06 4.17597941122949e-05 6.36799599305959e-05 6.97393489872411e-06 1.12564072423993e-05 7.35900214721141e-07 4.47296040206879e-07 2.31805400119356e-06 1.18748573186167e-05 1.17431731041506e-05 1.7397914234607e-05 1.33720765916223e-05 2.37115847085079e-05 1.40987101076462e-05 1.9872494158335e-05 7.96593234554166e-05 7.42228105082177e-05 9.41004287597025e-05 0.000127368130051764 0.000502514815889299
0.000268796011368977 0.000246696070098551 0.000238907917082543 0.000263352233741898 0.0001825031817134 8.20278726678225e-05 0.000258365762419999 0.000328954344149679 0.00012253281493031 0.000295390003884677 1.74343513208441e-05 7.53721082219272e-05 0.000161750233382918 0.000155271889889264 2.47125627623745e-06 1.04781759546313e-05 8.35993108921684e-05 6.95380751494668e-05 2.99295376862574e-05 9.48455122852465e-05 0.0278156781569123 0.24707153737545 0.00664566485211253 0.000127297959625139 8.92281008418649e-05 0.000103233257323154 6.70147430355428e-05 7.33589844458038e-05 1.8941065548006e-06 3.73168525129586e-06 3.65465815832522e-07 2.32569879585753e-06 5.83876299060648e-05 3.22980148666829e-05 0.000123434780834941 2.56444634942454e-05 2.07256697649427e-05 1.71755938254137e-06 2.12484623602904e-06 7.08916716121166e-06 4.60048278910108e-05 6.31919905572431e-05 7.66395824030042e-05 8.29848680950818e-05 0.000107082680187887
0.000366881875379477 0.000703738781157881 0.00025159492433886 0.000403505521535408 0.000105151058960473 0.000100600985388155 0.000192661006440176 0.000140882905907347 0.000107001723699796 2.47892790412152e-05 0.000126315056695603 0.000219727832154604 2.50931307618885e-05 5.37063386218506e-05 5.3011948330095e-05 7.5373644001786e-07 0.000114889444375876 6.65855886836653e-05 5.23834341947804e-05 0.000718055563629605 0.0823925212025642 0.122440111264586 5.96885349295917e-05 5.08039021951845e-05 5.61938959435793e-05 2.61666518781567e-05 3.29336743902786e-06 9.92336013041495e-06 1.43825972600098e-05 5.76798467591289e-05 7.92772047134349e-05 4.65448851173278e-05 4.31922775533167e-05 4.80637680084328e-05 3.60157465365774e-05 2.10195268209645e-05 4.81007347843843e-05 6.02648658514227e-06 5.15468329467694e-05 3.54070250068617e-05 5.14886267410475e-05 5.56643539312063e-05 5.47200570508721e-05 3.94568945921492e-05 2.28807000894449e-05
0.00140107354382053 0.000992248504189774 7.46979199902853e-05 6.24512131253141e-06 9.07122575881658e-06 5.2822072291292e-06 6.52126433919875e-06 3.85462552003446e-05 5.75160739231251e-06 1.60079562760984e-06 2.49090569468535e-05 7.87426168244565e-05 1.67140272878896e-05 5.68121067772154e-05 4.81094051792752e-05 3.60497118890635e-05 1.18659037070756e-05 4.65886923848302e-05 7.61615916417213e-05 5.95191781030735e-05 0.00107045056647621 0.0164237147604581 0.024501790991053 0.000146238909837848 0.000750489985512104 0.00368801244767383 0.00873347989981994 0.000274542075931095 5.74536221392918e-05 5.70576641621301e-05 7.90360543760471e-05 7.65842311011511e-05 4.63945528281329e-05 4.84890995721798e-05 6.87854630086804e-05 3.55479246536561e-05 1.63081029313616e-05 9.27816595321929e-06 3.44473352924979e-05 4.49430581284105e-05 2.36695052080904e-05 4.3680413000402e-05 9.11143077246379e-05 1.43006131111179e-05 8.0290323603549e-05
0.000258906243107049 0.000252345136686927 0.000168042884615716 2.60296198462129e-06 4.92976182044913e-06 2.06523332906272e-06 5.117981282865e-06 1.530108957013e-05 2.7815872613246e-05 6.57901527745253e-06 1.92827860701072e-06 1.03456719898531e-05 4.60011327959364e-05 1.23872709082207e-05 6.39119630250207e-06 3.59194925295014e-05 3.12597232550615e-05 7.60143597290153e-05 2.1830356126884e-05 7.55383830437495e-06 1.40591683219782e-06 3.61950123539678e-08 2.46488118818888e-05 0.017895329464227 0.0132554413285106 0.005476203863509 3.0306347161968e-05 6.80984650898608e-05 7.27893762814347e-05 6.19185837422265e-05 5.97231644860585e-05 5.83291986913537e-05 5.40812261533574e-05 5.27995543961879e-05 6.92942066962132e-05 2.72746236078092e-05 3.4809224143828e-05 4.44850671556196e-05 5.06855447383714e-05 1.47774909692089e-05 4.77417155707371e-05 8.75925397849642e-06 4.21273646225018e-06 5.5876236729091e-05 2.58901957749913e-05
0.000234924273536308 0.00023227295387187 5.5833879923739e-05 3.88250452942884e-06 3.88870495953597e-05 6.58444905639044e-05 5.36326714609459e-05 2.14096512991091e-05 3.01450418191962e-05 1.25233950370784e-05 6.44564396452552e-06 3.58988452262565e-06 2.03364211756707e-05 7.29022704035742e-06 7.13063830630745e-06 2.32094781495107e-05 1.7875324670058e-05 5.14979024956119e-05 2.23902271500265e-05 2.40946174017154e-05 6.0104416206741e-06 2.66522054630514e-06 1.98589555111539e-05 0.00843128897249699 0.0594910770654678 3.20351175560063e-05 8.38509963614342e-06 8.41567994939396e-05 3.47439663528348e-05 2.70845533123065e-05 1.6403567406087e-05 7.46431765946909e-05 2.08689884857449e-05 3.54728937963955e-05 3.91033288451581e-05 4.82449604533031e-05 4.14883718804049e-05 3.81991102585744e-05 2.69069065325311e-05 2.99636064482911e-05 3.30519626004389e-05 1.38821708333126e-05 3.73581033841219e-06 2.74853876362613e-05 0.000126646238459216
0.000171608021628344 0.000308198874699883 1.18357931526702e-06 1.09878777383443e-06 2.13962866268957e-06 1.16430052912619e-05 1.63934887950745e-05 7.26016804037499e-05 5.52882817828504e-05 4.40631831224891e-05 1.42435577345168e-05 4.16388569988158e-06 1.5374380927824e-05 2.08620091939338e-06 7.19118886394199e-07 3.59957286946155e-06 7.57245359181979e-06 2.40108344769396e-05 1.24490981761483e-05 2.67149187493487e-05 2.93596440315014e-05 3.18232641802751e-06 2.71096140238569e-06 0.0101897687418386 0.0365192463621497 0.017279089614749 0.0149055329151452 0.000159413892106386 2.55920991548919e-05 2.48724115294863e-06 0.000113055792462546 1.20218640404346e-05 3.1115071305976e-05 3.78433619516727e-05 4.09767177188769e-05 4.24454257881735e-05 3.56012695192476e-05 3.3863513272081e-05 4.94884650834138e-05 0.000265412234875839 1.92819655239873e-05 6.17626008079242e-06 2.23367072976544e-05 8.01184937699873e-06 0.000180369641020661
8.60713786096312e-05 1.18972316229815e-06 1.12677390688987e-05 8.98472676453821e-06 8.23562798757393e-07 1.53736203714061e-06 1.67323742516601e-05 5.55644905034569e-05 6.47953380394028e-05 1.47740289321518e-05 2.22670912251033e-06 3.28376810543318e-07 4.96169751045272e-06 6.2812293663228e-06 3.15906070795791e-06 1.98494630012647e-06 1.84892263632719e-06 3.73453150359637e-06 1.66435513904162e-07 2.66590348374507e-07 1.77576131932256e-06 5.16112916102429e-06 3.25217072713713e-05 3.80145710323632e-06 0.00614933158503845 0.00455805385718122 0.00215061990311369 4.3385884282543e-05 2.48404402441338e-05 3.30221203448389e-06 7.22652243894117e-05 1.07973103240511e-05 5.54728127099224e-05 4.33312996392488e-05 3.56632943294244e-05 5.07307137013413e-05 2.73259627647349e-05 0.000167353408323834 0.000647761736763641 3.99913707951782e-05 2.65841944383283e-05 3.50548230926506e-05 3.61058749149379e-05 3.37792022946815e-05 3.29371743646334e-05
3.69389415027399e-05 6.7948528976558e-05 0.000146030893665738 5.03110139220553e-06 5.01089072031391e-06 1.30588766751316e-05 8.44376338449138e-07 2.52151194786165e-06 1.20251048087994e-05 5.85071133940573e-06 9.81926266376831e-06 2.16745003740471e-06 2.29421003041352e-05 1.50395645960089e-05 3.75362616296115e-06 1.8420556187948e-06 3.25404693626297e-06 6.88902771344146e-06 8.10953436030104e-06 4.32274330250948e-06 0.000224986028479179 0.00032661639561411 0.0241178352385759 0.00685192565433681 0.000185825534936157 0.00396953161107376 0.000127697825519135 5.64405208933749e-06 1.4088149534075e-06 5.89921265259363e-06 0.000101882899252814 0.000127100668396452 2.00098020059158e-05 8.77731434229645e-05 8.22845975108066e-06 2.67082355094317e-05 3.50768945281743e-05 2.81186360552965e-05 6.55368403386092e-06 3.06978582784723e-06 3.5896572535421e-05 3.0315034018713e-05 5.19247108968557e-05 3.80244173356914e-05 2.14762288123893e-05
0.000259349004045362 0.000283886636316311 9.01336186871049e-05 9.19898287975229e-05 5.01173790325993e-06 7.96915097453166e-05 1.52671069827193e-05 1.89605602827214e-05 0.000434931481140666 0.000419484792655567 3.56481298808831e-06 1.81906666966825e-05 3.70977590137045e-05 1.71188710282877e-05 6.67479023832129e-05 4.79294532851782e-05 3.50166144016839e-05 2.32482115279709e-05 4.28127820669033e-05 5.72096587347914e-05 0.021140166465193 0.0280395742505789 0.00143552722583991 3.05249895973247e-06 2.00347084501118e-05 0.000274460740911309 0.000443276070291176 2.81898287539661e-05 0.000129951543385687 9.99178512302024e-06 4.2226515688526e-05 5.65288172765577e-05 2.44375344664149e-05 3.09363950691477e-05 5.90412906831261e-06 1.839877893417e-05 1.70525614180406e-06 3.24216704029823e-05 2.33980906159559e-05 2.76176724582911e-05 4.10475586249959e-05 2.08059377200698e-05 1.18669310722908e-05 1.60831536049955e-05 2.0333431666586e-05
0.000128135368504445 5.35742235115322e-05 7.28509690816281e-05 7.44905753435887e-06 5.92386541029555e-06 1.79228847173363e-05 5.35152687007212e-05 8.46202106004057e-06 8.06346606623265e-06 8.65258308522243e-06 4.63493219626798e-06 1.83034224392031e-05 1.41099965276226e-05 7.98704984390497e-06 2.47098436432225e-06 1.70735160736513e-05 6.3259400849347e-05 3.70674761711598e-06 4.11126211474766e-05 4.09756543376716e-05 0.00215328807244077 0.0283729120157659 4.30521766247693e-05 3.59796946213464e-05 3.135817751172e-05 4.22913457441609e-05 0.000133096563149593 5.65373435165384e-05 0.00017622312225285 3.37590029630519e-05 2.31732267820917e-05 2.15777036828513e-05 2.36563954786106e-05 1.68146340456587e-05 2.20218325011956e-05 2.00426346964377e-05 2.91502152549583e-06 1.30095268104924e-05 2.34083111536165e-05 1.91486969924881e-05 0.00019211139951949 2.14462763324263e-05 2.35166266065789e-05 3.94383251659747e-05 3.69106101061334e-05
0.00014378725682036 8.91061408765381e-05 0.00011767636242439 5.9771918813567e-06 3.15757698956531e-06 1.46198260608799e-05 4.65443556095124e-05 4.27090790253715e-05 1.99701448764245e-05 2.59427463788597e-05 2.67787849224987e-05 4.61702633401728e-05 3.76949055862497e-05 8.00221902181875e-06 2.57840084486816e-05 1.04101830373793e-06 1.12417589889446e-05 1.8579930474516e-05 4.20558568293927e-05 0.00232532217341941 0.00424140119575895 0.000136535165438545 3.92727390135406e-05 4.03531343181385e-05 4.55790597698069e-05 4.38890992882079e-05 3.68067779163539e-05 0.000135432644674438 3.16633315378567e-05 2.58523173215508e-05 6.19725738943089e-05 1.88259857623052e-05 1.36470638153696e-05 1.16135407097318e-05 2.92183155579551e-05 1.50484673667961e-05 1.17752943424421e-05 1.00886204108974e-05 2.02092209292459e-05 2.18044152461516e-05 3.61856642484781e-05 2.88966982225247e-05 9.56235094236035e-06 0.000114463406316645 2.58235724686529e-05
8.55877442518249e-05 5.5516128668387e-05 4.63181995655759e-05 7.36208879970945e-05 9.906891900755e-05 4.66655248601455e-05 1.6312456000378e-05 6.0868107357237e-05 3.259785080445e-05 4.9934521666728e-05 2.63457071014273e-05 3.70102079614298e-05 7.70777801335498e-06 3.5829955447042e-08 1.55311488015286e-05 5.51305516637512e-05 7.14415695256321e-05 9.55912048084429e-05 0.0190266178920865 0.00303632598370314 0.00194999214727432 3.42869972882909e-05 3.4443849199306e-05 3.10620021991781e-05 3.97537397475389e-05 3.32984795022639e-05 3.26058119753725e-05 3.05770475279132e-05 2.63861249550246e-05 2.25410784878477e-05 1.83499206741544e-05 1.59678253112361e-05 1.3361492938202e-05 1.33725633986614e-05 1.35161541948037e-05 0.000188548963706126 2.54922747444652e-05 3.50309201166965e-05 0.000101711427123519 5.2054122716072e-05 4.14907986851176e-05 3.20190610182181e-05 2.81487835309235e-05 2.43839851464145e-05 1.74330840764014e-05
5.98238451857469e-05 3.07058818179939e-05 0.000165152159752324 8.39112453832058e-05 3.0780522411078e-05 5.2750933173229e-05 1.96729219169356e-05 3.84099772418267e-05 2.7919669446419e-05 2.20903946683393e-05 1.34457323383685e-05 2.97464906907408e-05 4.9880255573953e-05 9.86675217063748e-05 5.45109056474757e-05 0.0108886703150347 9.0941674716305e-05 2.34623544201895e-05 0.000302333712170366 0.00751747731119394 3.04427563605714e-05 2.94324783681077e-05 3.58927594788838e-05 2.61901328485692e-05 3.26561805195524e-05 7.77962373831542e-05 2.62777483840182e-05 4.93736479256768e-05 2.12268559153017e-05 1.6343242577932e-05 1.31576632156793e-05 2.4629904419271e-05 1.00611719062726e-05 1.58023938638507e-05 1.36204550017283e-05 1.44558627198421e-05 1.33855850435793e-05 1.29770616240421e-05 2.20231416278693e-05 7.77413511968916e-05 1.49114133819239e-05 1.80819963134127e-05 2.60252511907311e-05 2.36351674175239e-05 2.07200257591467e-05
0.000119535092017031 9.24344534723787e-05 0.000331996180466376 4.06707842557807e-05 5.64861591556109e-05 5.10796035086969e-05 1.89370737643912e-05 2.36438091860691e-06 8.88610338733997e-06 2.74776028163615e-05 0.000815934562706389 0.0012122778192861 0.00125943416787777 0.00301443155040033 0.000173233306122711 6.34242944670405e-06 3.25360599163105e-05 0.00642852471210062 0.00151529387221672 0.00015845417365199 2.1612251885017e-05 1.99950441128749e-05 2.61262984167843e-05 3.44998373293492e-05 5.36498435394606e-05 1.93013625448657e-05 2.05819414077268e-05 2.18188082726556e-05 2.3748375588184e-05 2.13773972063791e-05 2.40468081756262e-05 1.680895015852e-05 1.68126546213898e-05 1.00548640602938e-05 1.15399236619851e-05 2.83530821434397e-05 0.000275639664323535 9.83736268608482e-05 2.35089260058885e-05 2.20799648559478e-05 2.85936134787335e-05 6.23670191998826e-05 1.80173199623823e-05 1.80894542154419e-05 1.9842030997097e-05
0.00011327402171446 0.000100130151258782 9.18470923352288e-05 1.42325612614513e-05 4.52001733719953e-05 6.62282149278326e-05 1.88251939107431e-05 5.19165178047842e-06 4.60626590211177e-05 0.00597225553356111 0.00218872477707919 0.000222098151425598 8.48322248202749e-05 1.03335099652213e-05 0.000108138032555871 4.97140246807248e-05 0.00172939172771294 0.0163953887298703 3.03573294331727e-05 2.98058412226965e-05 2.32337456509413e-05 4.12076439715747e-05 0.000102602385595674 3.50241691194242e-05 2.36662291172252e-05 1.8800661109708e-05 3.15841929477756e-05 3.04378640976211e-05 0.00622378392145038 0.00319891952094622 0.00336928443284705 0.0063180394237861 2.22752035369922e-05 2.93664841592545e-05 8.20794119135826e-05 2.47994149503938e-05 0.000616961690684548 7.88208981248317e-05 0.000766411567747127 0.00722003155387938 0.000250659823723254 1.80433299192373e-05 3.98666523324209e-05 0.000198567988991272 2.17010787309846e-05
0.000485191511688754 0.000101391723364941 9.22555409488268e-05 1.06947179801864e-05 4.43897365585144e-06 3.80333867724403e-05 6.75436511301086e-05 0.00012965067908226 0.000122224908773205 3.9784699856682e-05 3.31441307025671e-05 0.000670307199470699 6.07737683253617e-06 0.000249423154673423 9.76793960489886e-06 1.80408052301573e-06 6.26027036560117e-05 3.47237866662908e-05 2.14309094189957e-05 1.33167858621164e-05 0.000114138908975292 0.00431975070387125 8.18330493530084e-05 2.33205804761383e-05 0.000841786914679687 4.29909099693759e-05 0.000113241750295856 0.00297349812462926 0.00215961800131481 0.00929428115487099 0.0129198122769594 0.0176318326964974 0.00589329164940864 0.00303340980317444 0.00288300110260025 0.000430220432463102 0.00323424164671451 0.00269168321392499 0.00894002146087587 0.00208468402561266 0.000721043083467521 0.00133224202727433 4.17675927565142e-05 1.31991855141678e-05 1.32674148972001e-05
0.000133318990992848 0.000118218028001138 9.09009406313999e-05 9.14452695724322e-05 0.000456669452250935 0.000266876768000657 0.0010264331009239 0.00220695146126673 0.000355494185350835 0.000156509988300968 0.00294428600464016 0.000963810679968447 0.000131032217177562 0.00020456574675336 0.000286630423215684 0.000122371243560337 0.00428977395640686 0.00428135158726946 0.00826986934989691 0.00407257410697639 0.00325706441653892 0.011418601218611 0.00951409977860749 0.00229418403469026 0.00073712434823392 0.00241866126889363 0.0042941800551489 0.0055404357612133 0.006676359847188 0.00815052813850343 0.0103176742326468 0.0131239271722734 0.0117945869918913 0.013848090171814 0.0132824059575796 0.00967574128881097 0.00936999837867916 0.00916988742537797 0.00518652899190783 0.00987638202495873 0.00857915664091706 0.000161884633052978 0.00469803328160197 0.00832681781612337 0.00419185291975737
0.000122804366037599 0.000110957811193657 0.0001014357269014 9.72351466771215e-05 0.000119270366121782 0.0150539317633957 0.0422379082068801 0.00814796786289662 0.000135019219305832 0.000588683469686657 0.000120744437299436 3.18929760396713e-05 1.99360420083394e-05 6.70876712320023e-05 6.12871928751702e-05 0.00132884011545684 0.000974061856686603 0.0058499839855358 0.0155173706822097 0.0151029634289443 0.00310785840265453 0.00505034408997744 0.00313945527886972 0.0025521820760332 0.0064755242317915 0.00511554346885532 0.00437939940020442 0.00501976837404072 0.00535708027891815 0.00490864019375294 0.00588359301909804 0.00710913697257638 0.00801649447530508 0.00843084086664021 0.00870076203718781 0.00402208608575165 0.00938292918726802 0.00891128471121192 0.00782352252863347 0.00787681532092393 0.00702871554531157 0.0070082625374198 0.00637187967076898 0.00686451327055693 0.00604034489952028
0.000123134667228442 0.000104027227280312 0.000125542058594874 8.69450628670165e-05 0.000109497564699268 0.0510735681280494 0.00408887412631884 0.00322137251496315 1.61224196745025e-05 0.00233822805457748 0.000101690507653984 0.000983860992710106 0.00873345760628581 0.00037359153284342 0.000376410589524312 0.000782820636231918 0.00238754972815514 0.00328254691557959 2.5619001553423e-05 0.00565723782638088 0.00288244357798249 0.00978077445179224 0.00777959525585175 0.00560234708245844 0.00555581368971616 0.00408758111298084 0.00139050747384317 0.00309798649977893 0.00290342970984057 0.00150264587136917 0.0016473165131174 0.00569891156628728 0.00284433098277077 0.00836844374425709 0.00737788775004447 0.00962223222013563 0.00776583140250295 0.00628098805900663 0.0060021307785064 0.00694192606024444 0.00668901749886572 0.00167184878955595 0.00748911281116307 0.00529649358941242 0.00191702990559861
