Maxent_result_files_1/Bombus_semenoviellus_2.asc
NCOLS 594 
NROWS 330 
XLLCORNER -15 
YLLCORNER 23 
CELLSIZE 0.166666666666667 
NODATA_value -9999 
[rows 140 to 159 of 330, columns 368 to 413 of 594]
0.0108598566141154 0.103848449513316 0.0924303097417578 0.0946733594872057 0.0558819634839892 0.0230620263289893 0.0634147457079962 0.0972511003725231 0.104618161031976 0.0932766539976001 0.0925253357738256 0.0631295122671872 0.0220093868173961 0.000437543229766568 0.00265023445911652 0.00372687666213601 0.227796840295196 0.163688421528786 0.0612242189003155 0.0159838416446291 0.0105012604850344 0.00500538436390343 0.0711974211968482 0.0187885674647987 0.0387662724591792 0.011597415941651 0.0252110280562192 0.0283620640489971 0.0272973814746365 0.0282850062329089 0.00368837529149459 0.00548696502137318 0.103288693912327 0.0165059910468699 0.0204745219867618 0.0171776314378803 0.0845831534941681 0.144346557557583 0.0628097343669651 0.138941091112792 0.119974834471941 0.080292730871588 0.124465712268648 0.0799973791232333 0.0819696192080301 0.101181885832921
0.0126990711123653 0.277607541531324 0.0913007583934814 0.00920370976800768 0.225266849808395 0.260308880358934 0.021352153364569 0.00118924553435846 0.0961536902934313 0.0918522799387574 0.0227985952646122 0.0904154113261029 0.707239366597059 0.12215586234568 0.0174181520857019 0.0329939290124457 0.101519674062729 0.092198427207768 0.014027313409315 0.0160555376052798 0.00198668856246513 0.0271226848009974 0.337912953831255 0.0540176250971854 0.137934987992048 0.0534853562712669 0.160844389034901 0.0472843010909855 0.0432019936852157 0.000350785896637262 0.00587204434559681 0.00250482277000401 0.0460748636163771 0.00770576295612955 0.0163856278690218 0.054320683516562 0.0498353740636958 0.0629913724958897 0.103308835253119 0.0759029901586473 0.0775219178758562 0.365598503500223 0.230539374798536 0.0453917120583355 0.00415055416706309 0.0117647546445369
0.179184685787186 0.11005485043861 0.0441129118727986 0.119953423459083 0.0190416201599874 0.212469439860433 0.00798250591242322 0.00561795474495739 0.181213813461363 0.0934532130137086 0.0390306601475459 0.412093247752637 0.762861142121255 0.0531042197377587 0.0817542021162808 0.0702093560248613 0.0600855745375156 0.00747131575681124 0.197226555645466 0.997424674034119 0.0967626173049212 0.144965349137783 0.0977274048142135 0.0515625761821866 0.0536077110096812 0.0848173748701811 0.0522628175094724 0.0549158525769599 0.0299794086196925 0.00191318359301675 0.11322079449892 0.0462136129848659 0.0470555296167731 0.026260957197519 0.00916333558159863 0.004280473215249 0.00631817304656579 0.0587647660635412 0.063121179677546 0.0210960683241865 0.0749164625070989 0.0750425681471825 0.0750797640532255 0.00382590219410304 0.0184307895135134 0.00826778700575232
0.050244618486613 0.213427161611617 0.132315796660259 0.138019001064822 0.0212625878500148 0.232524799183011 0.0315646051443764 0.0124856911967072 0.00406334192216491 0.10608542477712 0.196900210529566 0.209910493344069 0.00193468179758689 0.00364126581890404 0.0036075724625789 0.0392560193391153 0.0352482620561204 0.0034879722937181 0.900049739587121 0.103565684659407 0.037097539473325 0.0426521269604564 0.0742573361843824 0.0796126179397106 0.0521578427404165 0.0530981562100351 0.132967560738325 0.0613851925125346 0.00784048705118039 0.00116386066993677 0.0538773585110903 0.0521018204279244 0.00510411403892839 0.0454272734932601 0.026301304195772 0.00155734666067531 0.0103868847939339 0.0191982548298256 0.0610339290462434 0.0355448287853505 0.0664223644882441 0.0700345157645643 0.0696692786179483 0.187765314429998 0.0321127646660898 0.125673837587237
0.329862725688145 0.168858663528226 0.242257129587233 0.0670090962201357 0.0610608829534613 0.700055766105652 0.0594887798768468 0.167164526600391 0.0408245856331632 0.131267768889666 0.0916474722791463 0.0879968836903572 0.186025019548833 0.243330371007323 0.00043076068521648 0.00492479040822313 0.00019815292909483 0.00139802958399291 0.0364918092456719 0.043016913998872 0.0427674445789307 0.0449648170731962 0.0475138342939317 0.0993380785919726 0.0487595940940082 0.0505018122494221 0.0274530398688512 0.0220346622261786 0.0616725279251114 0.0622317897155881 0.0612217843532562 0.0014664845442482 0.0181806492910255 0.00227472343938757 0.000817276529667765 0.0695650569163263 0.00402123903177287 0.0186187169920231 0.0549267238937318 0.094073636084795 0.0641353459097445 0.0661064288578928 0.0695646881125867 0.0690943909808993 0.0473757324451981 0.172060314973351
0.109693975467235 0.134036131575704 0.0167915984869978 0.0390712110849563 0.0697878303326434 0.604205358028412 0.429879631102085 0.0735224128991831 0.0194729588925838 0.0734515295363963 0.251946974918246 0.126406143722124 0.00884065994177945 0.00033543117993251 0.00236102120814579 0.00182988255863847 0.000938399941969692 0.0076456262334279 0.017370714507615 0.0827626395970583 0.0514442232553847 0.043732089153491 0.0546891490521375 0.10870848223567 0.0364273767801933 0.00610131449167532 0.0147908258941484 0.0447644624102395 0.0519850083626807 0.0539982984773815 0.00571100385826497 0.00633432137292012 0.00583633073354584 0.00154932731339841 0.000364116996332342 0.00639525652566704 0.0120712576452206 0.0465706198941916 0.0508131814189255 0.0292432362128238 0.0574431779794395 0.0656915565021336 0.0237729589693117 0.186920879967511 0.111657243967056 0.0727945235325023
0.154458410199732 0.405664983391762 0.189180251769722 0.144925242918544 0.258094416745007 0.186563416477293 0.34743534475565 0.201704742666334 0.00655747533267572 0.0786264206282794 0.0174225408611164 0.200016222335398 0.151593109965324 0.000781021311063135 0.000430069589811044 0.00168024711488215 0.0256482774004041 0.269090515747666 0.947581458091736 0.00614801037466748 0.113052958622575 0.028140375498333 0.0599241753923707 0.0423582761388388 0.0143248369618959 0.0460418267175555 0.0459684676025063 0.0486986651085317 0.0127377171593253 0.0449896220117807 0.0462798119522631 0.00717872311442989 0.0193717845997526 0.000432089748359277 0.00147389830736557 0.00136544241494789 0.134716802462935 0.0454592290334404 0.0466104984749109 0.0334180552432827 0.0458274761112989 0.0398302378891913 0.0679669162258506 0.070512386597693 0.0742205424234271 0.0742420069873333
0.0929685196839273 0.0939681557938457 0.0911467409692705 0.0277144837855303 0.0149271188478451 0.0993540021125227 0.426566088199616 0.202070085797459 0.00182076424333104 0.00528507903389084 0.0146742974640802 0.105676481127739 0.00302165320090353 0.00228379695225902 0.0519074985990301 0.0268007787643 0.0014928804442663 0.00527717002914887 1 1 0.252523719333112 0.915292373299599 0.900922931917012 0.900927688553929 0.0241989283356816 0.0440240642055869 0.00943183235995093 0.100924732536078 0.0406143471598625 0.291678319871426 0.187051184102893 0.0511900002136827 0.0304929878562689 0.0307392275892198 0.0313511780463159 0.032553425244987 0.0359441510401666 0.00840525673597767 0.0479472586885095 0.0362318860941741 0.0189761026818189 0.0280764133455023 0.0630387429147959 0.0403836008387316 0.0601127618399914 0.0689114110544324
0.284330767206848 0.437693620473146 0.107008697302081 0.0220200981060771 0.0608925475738943 0.0306773899763357 0.0338972774916328 0.148048855923116 0.000929840173356089 0.00847817986632435 0.00439111874597984 0.0066995249959291 0.0627141929569916 0.134519874470061 0.0379086812683227 0.0223966900910455 0.00162218357126275 0.766278311077258 0.900996831897646 0.000112473392133849 0.803733461746015 0.997911202907562 0.999999958276749 1 0.00998764842007631 0.0752230845042504 0.0497895975830033 0.0873082919046283 0.0980335291475058 0.0355402873829007 0.0421003024199308 0.037738907255698 0.0287142280489206 0.00345530471435893 0.0123932621521817 0.00772752507346013 0.00206086437706752 0.0375133646652102 0.0450704214163125 0.0522786848247051 0.0558481435291469 0.0520519114856143 0.0594410632736981 0.041279639091772 0.0319052575732485 0.0485079557915014
0.272865709662437 0.182827102611191 0.022050078540633 0.459564316272736 0.0894260662142187 0.0241207183949882 0.0603362621739507 0.0821587608195841 0.0114665285773299 0.0100019131605222 0.0710889374371618 0.0441371684661135 0.451443849003408 0.00607928733560784 0.0126994914494027 0.000664977440263459 0.0378277276642621 0.0221677655605163 0.000107248590047926 6.46044124714695e-06 7.69205403178264e-06 0.184635075379629 0.022545764953702 0.00463597232279795 0.00502591378390794 0.0524044264107943 0.0216379671728646 0.0404828543134499 0.0248025055043399 0.111330638453364 0.110834297537804 0.12129317689687 0.0512495492148446 0.189974407106638 0.07820561286062 0.102409678837284 0.0889967708382755 0.0800454821437597 0.0416920363903046 0.0473541811108589 0.0531762848608196 0.0592171549797058 0.0606323882937431 0.0531317640969064 0.024622246350367 0.00504108452045089
0.0646610603667796 0.173752113804221 0.125291361100972 0.230273466557264 0.0775558563880622 0.105454842373729 0.00147410019858398 0.0173491631925572 0.0113957657231367 0.000723220675786784 0.0374769629444927 0.0331755799707025 0.000962010650832268 6.19824584637163e-05 0.0460008802823722 0.0392106263898313 0.033216692879796 0.0382655935827643 0.0794180047465488 0.0219149849710448 0.112453723214276 0.0240779674611986 0.0311163080856204 0.0301332840695977 0.0280673795612529 0.029733884613961 0.0699322555214167 0.0575864374171942 0.0118711178511148 0.0236753719393164 0.0177631914259109 0.0263634889386594 0.0316690942156129 0.051786648388952 0.430532932281494 0.25117467418313 0.0121158969697717 0.0174922632897506 0.0411261528730392 0.0443060101009905 0.0376457858103095 0.0540781762450933 0.0267349872385012 0.022495242020949 0.0625178145244718 0.0394037025069338
0.0100713427084855 0.0223333892085066 0.0244823265471496 0.0184108752058819 0.0077601415461686 0.0257147972006351 0.00364573651440878 0.000222913723722806 0.00807346955407411 0.00196340723198318 0.0208547599148005 0.00210703175804152 0.000381464800881681 0.00214022982008489 0.0406552009284496 0.0420608441345394 0.0441752968356013 0.04163051052019 0.0379578959196806 0.013578771674554 0.0356157435104251 0.0350837635807693 0.0133573771402951 0.0310486203990877 0.0272692065685987 0.0261322666890919 0.0148094230181528 0.0299385848455131 0.0256407884415239 0.0232238832861185 0.0213820107659558 0.0278985486831516 0.0188582599526853 0.0259501139866188 0.0237321980530396 0.153173176664859 0.103034909302369 0.0168984028004161 0.0726735930889845 0.0176804014554364 0.0388203168877226 0.048594652157044 0.0221830844780982 0.0603034814819694 0.0192736710756549 0.050286967784632
0.0468169668223709 0.0417302356567234 0.0181387291173451 0.015082194050774 0.00137744243329507 5.15681690332226e-05 0.00101576687261211 0.0444710676092654 0.0104002579894313 0.00138288201866175 0.00215224096187012 0.000684083120955847 0.000498409649315468 0.0320546267088503 0.0378312193788588 0.0399768851697445 0.0332560194277903 0.0396192897111177 0.038647810742259 0.0383751938119531 0.036481493152678 0.0343881611712277 0.0312390096485615 0.0282154838554561 0.0258550014346838 0.0280516775324941 0.0280297889374197 0.0054603779449927 0.0121173806245793 0.00876684197390887 0.00699057629347877 0.0138668713275251 0.0179725906765725 0.0220901976448658 0.0208532865455709 0.0287133798847208 0.03617486897856 0.0400963284977479 0.00504784476880502 0.0286260551749365 0.00898735489399662 0.0186108068285222 0.0528609010507353 0.0166004839492814 0.0515095991024282 0.0248793928639202
0.0231448450358585 0.00519675242430822 0.00114714003566947 0.00139930276688349 0.00818982256969321 7.28159635128622e-05 0.000174581344110059 0.00179825720961073 0.0185752213816158 4.90295899992721e-05 0.699551194654487 0.000796084793818153 0.0250893240794539 0.0314322200603783 0.028248210415768 0.0404081037268043 0.030383521267504 0.0176321018889666 0.0386764876544476 0.0203021452155554 0.0329512788914144 0.00431793536841383 0.027754339389503 0.0132610438379288 0.0251802308950573 0.0174032877892387 0.0274996974971145 0.0256033623707481 0.0235933031188324 0.0261920986231416 0.0181559302378446 0.00907347312120521 0.0288978591561317 0.0245818255469203 0.0232178882528387 0.033843439607881 0.0328335006721318 0.0442001100629568 0.0477241158485413 0.0412986256385921 0.0695610222626783 0.00711013391979332 0.00376969952974198 0.0113441715703843 0.020447241968435 0.0413906970778044
0.00120637667004075 0.00148317322018681 0.00289226839963386 0.00203502727691183 0.00237369972773445 0.00215329510462402 6.19695791556296e-05 0.000795335024494648 0.00612941668478015 0.000374470611277689 0.000179756778411111 0.00191449296722593 0.0132558687643041 0.0310045836027712 0.0247077526573776 0.0189166633840159 0.0151675634515584 0.0395604582503438 0.0399536615237594 0.0330983900115825 0.0217401724992669 0.027580305468291 0.021338680743429 0.0312124614603817 0.0269326461595483 0.0269091321155429 0.0272563732694834 0.0161035380567 0.00427447700504549 0.00646976604080614 0.0177176158983912 0.0210794421876926 0.0192189851548619 0.0113933535427947 0.0338489473797381 0.0377113615162671 0.0423321420326829 0.0462874534539878 0.0362610180905904 0.0514713516226038 0.0447890805487987 0.0221319331309246 0.00543806934902769 0.00332021959254463 0.0167219000506151 0.024903779802537
0.0197689349995926 0.00169245893424382 0.00195581202636427 0.00466351399099523 0.00650691970455171 3.25539096890481e-05 0.0985167856556814 8.31476030460632e-07 0.00405643389576623 0.000731304530967947 0.017314269306371 0.016613007430351 0.0213046832446707 0.0143527449423402 0.121793383010663 0.0749265700345859 0.0191132673695847 0.0245923655142178 0.0504730495158583 0.0165324712438064 0.000890701755406942 0.00180189230230943 0.00208679104365012 0.00108173627606161 0.0333241418935359 0.0222991200332217 0.0110074993931008 0.0158736022798166 0.00315227757331913 0.00761379614636084 0.00336215381894859 0.000804894213988083 0.00540617883820822 0.0290747719816864 0.0169605120085407 0.00749528451670383 0.0301267373368319 0.0215707074959482 0.0259478090287303 0.0141910524932314 0.0245696338009338 0.0528641118318774 0.0630105458199978 0.0277561702837829 0.010412066061761 0.0160938221467205
0.00849477586938576 0.0005042734732148 0.0164269466884434 0.000167006598258967 0.909818283468485 3.53562419063702e-05 0.00597769451830032 0.00170914215426801 0.0408021431951056 0.0127161167081795 0.0187747943680733 0.0230806445004418 0.00625224905422144 0.000926461209748108 0.0134206176903717 0.0377854818943888 0.00318804757884678 0.0114308472347432 0.0061094690745831 0.00106865427557462 0.00195566939582441 0.000702781781143402 0.000723215051976922 0.000708757116501613 0.0010067493059532 0.00210783087509704 0.00212535678430132 0.00416174540578385 0.00110261630307376 0.00133773698249191 0.000577350523607834 0.00180655478260449 0.00335279128768584 0.00301815760239157 0.0153571083317502 0.0432942448183894 0.0427171090850607 0.0129640029123181 0.00233277511933054 0.0250795777586745 0.025977292168227 0.040399383300246 0.0402536789148144 0.00564730576436503 0.0550425346940756 0.023963435106316
6.78524384069012e-06 1.09874070223226e-05 0.0014243171495372 0.0011228306026594 0.00454445993420798 0.00362899078974817 0.00329872676297742 0.0049194501124326 0.00101754003320081 0.00108928227969229 0.000596496786696021 0.00119990200734339 0.00149303751541334 0.000502831635378698 0.000569998585342546 0.00167012515358587 0.00333204530149317 0.00104591133944749 0.000679264546735825 0.000597653003075072 0.000526222842904645 0.00052329569780909 0.000551498885329238 0.000685865544494391 0.00100109627702523 0.000628658409522132 0.000556014289008999 0.000524807705966168 0.000530263691740629 0.000901665572712318 0.000762444188373745 0.000561782562203916 0.000769528495516258 0.00697210321392347 0.000944060006867786 0.000616721078927185 0.00104987734137691 0.0329558759622159 0.0208613113449246 0.0166465534313716 0.0064797798588101 0.0215416919442077 0.0287204014467079 0.036378736603092 0.0328682743667287 0.0136246585336835
9.45539309990195e-05 0.0023557832652192 0.00445691719082753 0.00957981785114725 0.0133713366813026 0.00543529443693132 0.00635765381170472 0.00185061012337221 0.0022953780659365 0.000724916388976948 0.000451755354305305 0.000446258688657508 0.00147001093919347 0.000873443435288201 0.00108429924578533 0.00118868649752519 0.000561739671798023 0.000466269218753723 0.000793489125010183 0.00049467102115841 0.000675049285658247 0.000855465044208614 0.0010037952387961 0.00101796838153234 0.00083355142912751 0.000952102721092274 0.000951016056464482 0.000838198211776842 0.000892680609306851 0.00108907515695762 0.000533727397538541 0.000555179893638069 0.000647739003721903 0.000594923500818834 0.00072700880561456 0.00067082422451108 0.000623884544233988 0.000677541018245675 0.0107670704502368 0.0396239511377644 0.0706623320933431 0.0622857497539371 0.0177615810077441 0.00722012601440838 0.0385238702059723 0.0223498307903355
0.0138073384994641 0.0011633816984258 0.00345355092232307 0.0015461267660796 0.000381679821427394 0.00226583261306653 0.00246412712440613 0.00202264382270188 0.00170716824684495 0.00107866934206217 0.0144954789608619 0.0111296864007807 0.0016233505364637 0.000563042730624375 0.000487058641573412 0.000838149517574749 0.000577546109900595 0.000883007240140898 0.000738023563414458 0.000760035065675169 0.000773050243238416 0.000731702464195116 0.000747535464189397 0.00079755048012089 0.000811089428455958 0.00079683065090812 0.000854803428935469 0.00080422248111951 0.000833733103370449 0.000917568590626416 0.000912543703563529 0.000837078026245308 0.000860446581575047 0.000272023956040357 0.000508125638560841 0.00137012054718053 0.000418782141792917 0.00827234921895297 0.00297594901492353 0.00432071510029829 0.000971969684979968 0.000691391796391372 0.00073803059733003 0.000592363064060919 0.000576998627911962 0.000622523459247759
