Maxent_result_files_1/Bombus_modestus_3.asc
NCOLS 594 
NROWS 330 
XLLCORNER -15 
YLLCORNER 23 
CELLSIZE 0.166666666666667 
NODATA_value -9999 
[rows 126 to 146 of 330, columns 138 to 183 of 594]
-9999 -9999 1.38062277277307e-08 1.11461334606489e-09 2.09893968872166e-10 2.8574390076308e-09 -9999 1.33045943151444e-09 4.14154432748504e-08 4.20920478472198e-09 7.72355491562848e-08 1.12463001200602e-07 1.46566199121789e-07 2.65338103944135e-07 -9999 -9999 -9999 -9999 -9999 -9999 -9999 -9999 -9999 -9999 -9999 -9999 8.95365209752086e-09 1.30496755057496e-07 3.23428691439975e-07 2.5898594428031e-06 1.65450782710908e-06 3.29196891891703e-06 1.86457150831432e-06 2.35580877705477e-07 5.50999889381565e-08 1.74908057822831e-06 1.45047670223608e-06 3.05489920714441e-06 5.32881546482233e-06 2.42005499813125e-06 2.76582387346069e-05 2.94080573824962e-06 4.61969432021814e-06 5.13378232994688e-06 7.88710700768691e-06 3.70078217353242e-06
-9999 -9999 3.92690027162246e-09 5.68411984147588e-12 6.34029795332225e-10 4.52233317460582e-10 1.94595759395177e-08 2.04269545722724e-10 6.50726098561094e-09 3.91778831598799e-12 2.12386461251324e-07 3.46390667149699e-08 8.70692121734962e-09 3.57846847487409e-08 -9999 -9999 -9999 -9999 -9999 -9999 -9999 -9999 -9999 -9999 -9999 -9999 -9999 -9999 1.45000499884862e-07 2.06313629961263e-06 1.29970499990195e-06 2.66416568007743e-06 4.45693950406056e-06 8.49555678983371e-07 3.04554997310191e-07 2.11659284821142e-06 8.34005047201103e-07 4.19399212503446e-07 1.62824576018794e-06 9.99305073667855e-07 1.35900127685717e-06 1.4125406102683e-06 7.16298936664916e-07 2.19159146103154e-06 2.77343173177291e-06 5.25463461970022e-06
-9999 4.28007392527796e-08 -9999 5.83919468333249e-11 9.24778846833618e-09 1.71004723714674e-09 4.02752020622899e-10 5.15796377831279e-09 3.11364362071131e-09 1.19917186736096e-08 3.07493791318336e-08 1.24414766045078e-08 1.08182187763539e-07 3.87084134745308e-09 -9999 -9999 -9999 -9999 -9999 -9999 -9999 -9999 -9999 -9999 -9999 -9999 -9999 -9999 -9999 -9999 2.22365083890619e-07 5.46164836301433e-07 8.33639704478362e-07 1.2509941930805e-06 1.34452136805185e-06 5.89277339768657e-07 8.05372644063773e-07 1.62819282207849e-06 1.06496784656462e-06 5.64499371535909e-07 7.24579382271884e-08 4.32240567593833e-07 9.40241447477952e-07 3.52421229532496e-07 3.59798982874082e-07 4.14073450927255e-07
-9999 7.43889838616951e-11 8.24029822155126e-10 2.44669640103723e-09 1.29639105672652e-08 4.13614391625572e-09 1.86466946994202e-08 4.66593183645614e-08 4.21729961064266e-08 1.36536364214734e-08 1.24647306110059e-07 2.70197831109265e-08 3.74997033425473e-11 2.21706309422309e-08 1.33404416124971e-07 4.19043338029113e-08 2.16213204673465e-08 5.03755294941621e-06 -9999 -9999 -9999 -9999 -9999 -9999 -9999 -9999 -9999 -9999 5.45165742338316e-07 9.37508805365361e-06 1.09985394268763e-06 1.04938335210303e-07 3.38045353309724e-07 9.28996877691546e-07 1.36266185922773e-06 2.90999165009076e-07 3.82436484192006e-07 9.77978631466758e-07 1.48981660589298e-06 1.16833493988278e-06 6.47782222740201e-07 3.05437835679268e-07 2.26129360625382e-07 5.85177971379469e-07 3.04256837513339e-07 1.95821508253147e-07
-9999 9.00154395466757e-12 5.4879112365569e-10 4.68241025952665e-09 5.16421312379833e-09 3.4670326387598e-09 3.98338960705402e-09 1.98091144265611e-08 3.12509975897157e-08 9.73249911662144e-08 1.22433736460259e-07 2.80935581908892e-07 3.47659715249637e-07 2.40678970997443e-07 8.13000922139651e-10 5.53150941273728e-08 1.4082140908922e-07 -9999 -9999 -9999 -9999 -9999 -9999 -9999 -9999 -9999 -9999 -9999 -9999 6.5217556211028e-08 6.13421340389664e-08 7.19451995312426e-08 4.10473897538566e-08 3.44467166735196e-07 2.87191057835035e-07 1.41104875628351e-07 1.73740144981949e-07 1.56150952357326e-07 2.68228448407903e-07 1.26115821230677e-07 7.56167325310919e-08 7.61738812804502e-08 5.37940839318018e-08 7.54309325223801e-08 4.19450534083765e-08 1.52385706952973e-07
-9999 2.61516712440901e-07 4.69239958000855e-10 6.32028032132581e-09 5.36293374153729e-09 1.09891511779203e-08 8.37146694188107e-09 1.08957963651513e-08 2.42353779045246e-08 2.12964582746444e-08 2.05686088938783e-08 1.4657139379981e-08 5.46970451487105e-08 0.00153677913198312 -9999 -9999 -9999 -9999 -9999 -9999 -9999 -9999 -9999 -9999 -9999 2.74562166122649e-06 2.70082017690409e-06 -9999 6.62803145701218e-15 8.54632721591919e-08 2.51514363514005e-07 1.55822348502088e-07 6.05638767359196e-08 4.10266236650081e-07 1.26787402154882e-07 3.21303337835754e-07 4.68356580607399e-07 4.68034998646338e-08 8.57064205161962e-09 3.08896933032266e-08 -9999 -9999 -9999 -9999 -9999 -9999
-9999 -9999 3.06081160417193e-11 5.69550839824018e-10 1.45804184281673e-09 2.58741649217242e-09 3.48260123628208e-08 8.17652598406049e-08 1.27583950704224e-07 1.14193654066064e-07 1.57770283626402e-07 1.0454222293399e-07 1.93260423442254e-08 -9999 -9999 -9999 -9999 -9999 -9999 -9999 -9999 2.67226108775498e-06 -9999 -9999 2.38848418820936e-10 4.67046784913272e-08 1.85650255724035e-08 -9999 -9999 1.73496665767381e-07 6.6874984638865e-08 3.57998718114594e-07 2.03229193018739e-07 1.01565744337062e-07 1.80262279181331e-06 2.35051920394191e-07 4.29531167522867e-08 1.15525186705767e-07 -9999 -9999 -9999 -9999 -9999 -9999 -9999 -9999
-9999 5.68159519431788e-11 2.26593839247613e-09 2.25774409168267e-09 1.4934675496292e-09 2.05347679194112e-08 3.85648067036115e-08 8.56527266779317e-08 4.30398247042163e-08 1.20817567550446e-07 2.90220301790711e-08 1.22183282713628e-08 -9999 -9999 -9999 -9999 -9999 -9999 -9999 -9999 9.13149504899735e-09 8.76578643005388e-10 2.52747334172909e-09 6.00792215976753e-10 7.09649483621178e-10 2.30414909152543e-08 0.404018977284431 0.341061812452972 -9999 -9999 1.32116539930394e-15 2.17603712826531e-15 2.97972059470908e-08 3.12087707454722e-08 6.72283872482637e-07 2.48071697459551e-06 4.95698052260796e-07 -9999 -9999 -9999 -9999 -9999 -9999 -9999 -9999 -9999
-9999 3.08173153662494e-11 2.15764366373605e-09 1.13031317638956e-09 3.36670487044444e-09 4.08774265547862e-09 3.471899568952e-08 3.6889715993027e-08 9.0146834874627e-08 2.98930823428023e-09 1.28551982592207e-07 -9999 -9999 2.40859562117279e-06 8.0857929533229e-05 -9999 -9999 -9999 -9999 3.89945420398163e-10 1.91495462820157e-09 2.48115753498368e-09 1.79095607233393e-09 7.59661193949768e-09 5.06736852812217e-08 3.77808895279941e-14 -9999 -9999 -9999 -9999 3.66040531218914e-14 4.02057165005409e-08 1.68498973951436e-07 3.82670943821495e-08 1.46530945954737e-07 4.627994023787e-07 1.99022512736846e-07 8.29380686018233e-08 -9999 -9999 -9999 -9999 -9999 -9999 -9999 -9999
-9999 -9999 -9999 -9999 2.22044604925031e-17 7.7715611723761e-17 1.34009717589478e-07 2.25000148845744e-08 2.54710810743131e-07 7.88036387255886e-09 -9999 1.98694630748619e-09 9.53985253016043e-09 5.46748603058589e-09 3.530509218308e-15 4.9515946898282e-15 -9999 -9999 -9999 0 1.2175765806699e-08 3.36130800970835e-10 9.83672991949902e-09 4.1908811643232e-09 4.55325405157581e-09 7.7379146292289e-05 -9999 -9999 -9999 -9999 1.99285032920216e-14 1.69032270957992e-08 4.32191001120685e-07 3.94206889353654e-13 -9999 -9999 7.10102741932284e-05 -9999 -9999 -9999 -9999 -9999 -9999 -9999 -9999 -9999
-9999 -9999 -9999 -9999 9.83096715145848e-10 1.13442300775368e-08 1.14527055949942e-08 1.30914670581905e-07 3.44003729946252e-09 1.67478843016156e-09 -9999 -9999 3.73555332222608e-09 3.50944460048019e-08 4.44089209850063e-17 3.51421906019667e-09 3.78281428403682e-10 -9999 -9999 1.65903952797919e-09 3.80724918258579e-10 3.88607912515937e-10 6.39514896594306e-10 3.22844825317858e-09 4.8250008433115e-10 1.93438074168606e-06 -9999 -9999 -9999 -9999 -9999 -9999 -9999 -9999 -9999 -9999 -9999 -9999 -9999 -9999 -9999 -9999 -9999 -9999 -9999 -9999
-9999 -9999 -9999 -9999 9.59250844312365e-09 5.65002181707186e-09 9.99200722162641e-17 3.28464674348439e-09 2.20066531664287e-09 -9999 -9999 -9999 -9999 1.51478474208488e-10 1.0180241505342e-08 6.26489427002497e-10 -9999 -9999 -9999 -9999 -9999 -9999 -9999 1.02302076809835e-09 5.83096460005095e-11 -9999 -9999 -9999 -9999 -9999 -9999 -9999 -9999 -9999 -9999 -9999 -9999 -9999 -9999 -9999 0.00012573449540233 1.71837602147562e-08 8.84833070147195e-09 -9999 -9999 -9999
-9999 -9999 -9999 -9999 0 2.33469495958261e-09 1.1207908823252e-08 3.00691236354567e-09 2.66366132484208e-09 4.02292277268401e-10 3.6176624695905e-09 4.87638842638916e-09 -9999 -9999 -9999 -9999 1.97563532200462e-10 -9999 -9999 2.82622878411409e-06 -9999 -9999 -9999 9.2033141829706e-08 7.33269445163387e-11 -9999 -9999 -9999 -9999 -9999 -9999 -9999 -9999 -9999 -9999 -9999 -9999 -9999 -9999 -9999 -9999 -9999 -9999 -9999 -9999 -9999
-9999 -9999 -9999 -9999 1.11022302462516e-17 2.27911634009814e-10 1.29186725761343e-09 2.60470048862871e-09 1.01284229447884e-08 2.21728099769614e-08 1.07397479387483e-07 1.07175144296034e-06 -9999 -9999 -9999 -9999 -9999 -9999 -9999 3.16296338009892e-07 1.18324212650123e-09 7.69768471187149e-11 2.12142903244228e-10 1.06235886754291e-10 -9999 -9999 -9999 -9999 -9999 -9999 -9999 -9999 -9999 -9999 -9999 -9999 -9999 -9999 -9999 -9999 -9999 -9999 -9999 -9999 -9999 -9999
-9999 -9999 -9999 -9999 -9999 3.52392937053025e-10 5.9441075395128e-10 6.47741316139871e-10 1.41026691657942e-08 8.85644491077642e-10 2.60492205583773e-10 6.43658761845245e-09 -9999 -9999 -9999 -9999 -9999 -9999 -9999 -9999 -9999 -9999 -9999 -9999 -9999 -9999 -9999 -9999 -9999 -9999 -9999 4.73229465502989e-08 -9999 -9999 -9999 -9999 -9999 -9999 -9999 -9999 -9999 -9999 -9999 -9999 -9999 -9999
-9999 -9999 -9999 -9999 -9999 1.71670845316996e-09 8.27547697035413e-11 1.58650870218935e-14 1.3944401189292e-14 4.37854879020705e-09 2.05847716649998e-10 2.94592150673623e-10 1.08700473067103e-09 -9999 -9999 -9999 -9999 -9999 4.69133887293083e-10 -9999 -9999 -9999 -9999 -9999 -9999 -9999 -9999 7.01659482493788e-07 -9999 -9999 -9999 6.17785833600948e-09 4.49630696008896e-09 2.50286696035218e-08 -9999 -9999 -9999 -9999 -9999 -9999 -9999 -9999 -9999 -9999 -9999 -9999
-9999 -9999 -9999 -9999 -9999 0 1.93115923252662e-09 9.85306158884924e-10 1.18694601924929e-09 1.08922260100286e-09 1.76116713435093e-09 3.1898569341493e-10 2.57597245645336e-08 4.35090996564469e-10 1.4019740923743e-10 2.72845024351653e-10 6.26453089402901e-10 5.55549083403051e-09 -9999 -9999 -9999 -9999 -9999 -9999 -9999 4.9453061584015e-05 5.71815028660438e-10 4.97533714227671e-09 6.59851824291735e-09 1.77416759838955e-08 2.42190028032496e-08 1.56749928592603e-09 -9999 -9999 -9999 -9999 -9999 -9999 -9999 -9999 -9999 -9999 -9999 -9999 -9999 -9999
-9999 -9999 -9999 -9999 -9999 -9999 7.75640413008816e-09 2.08182467931195e-09 1.90484775730582e-09 1.73597158870109e-09 2.65899225970756e-09 8.74213901269627e-09 1.87279869390267e-09 8.02834276836251e-10 1.27253596549082e-10 4.34578673047525e-10 1.2486141720558e-08 -9999 -9999 -9999 -9999 -9999 1.55342164687156e-09 2.26162075733782e-09 4.72198589918094e-07 1.53891714371746e-08 1.13078774677255e-08 6.78014830945983e-09 6.50749907293857e-09 7.12923470258531e-09 1.19187787528396e-08 6.1445039167829e-09 7.04396706519006e-08 1.07167826612908e-08 1.69352616374852e-09 -9999 -9999 -9999 -9999 -9999 -9999 -9999 5.07806062577387e-07 3.5977427481626e-09 2.84431822539233e-10 1.11593869700499e-09
-9999 -9999 -9999 -9999 -9999 -9999 0 1.37684541545724e-10 5.71338761856666e-09 4.2950721534929e-09 2.75970182261887e-09 3.70760132595294e-09 1.52933556929469e-09 9.13398467972115e-10 1.26279648959837e-09 2.6965219974695e-07 1.46222420538411e-07 1.80265125049317e-10 1.72861541747338e-09 6.00094283154107e-09 2.95764523983166e-12 1.75420801218351e-09 1.01608480518323e-09 1.84122687096888e-09 2.45285023403596e-09 1.40563326089804e-08 7.19618532540878e-09 1.62075470822032e-09 1.78839521858265e-08 1.08156349432065e-09 1.24628481978917e-08 4.72043092392127e-09 6.5512684721547e-09 2.29163771292562e-09 5.02926820189487e-09 3.77514131066903e-10 2.88010222337931e-09 -9999 -9999 1.05932265181963e-09 4.20664347799971e-10 5.54548271747279e-09 5.4307968566647e-09 2.23375518082491e-09 8.58051585339581e-10 7.68190744349084e-10
-9999 -9999 -9999 6.97583657505163e-10 8.67951488459084e-11 0 4.89220652877265e-10 0 0 4.4397951981523e-11 1.41627501060171e-08 1.67906306391963e-07 9.00776604417786e-08 8.93811149538237e-09 3.86789735795645e-09 1.54657660011992e-09 7.76838016136594e-10 2.54031511381925e-09 5.16316842613662e-09 2.39719482042489e-09 7.20227655293115e-11 2.92045143623909e-10 1.21950037845764e-09 5.40362676826334e-10 7.56178852867606e-10 7.88872259738227e-09 1.84371808931161e-09 5.41636124840039e-10 4.31269373546428e-09 2.52827677682532e-09 1.70234735197283e-08 6.19606003171569e-09 3.38275699673929e-09 4.8032941180054e-09 1.72039829049453e-09 1.00310249107061e-08 -9999 -9999 -9999 9.8852346315792e-06 1.33171221827766e-09 3.41634359690701e-09 1.09866341135856e-08 6.31499427194981e-09 9.7428785261755e-09 1.27701406893443e-08
2.59865426954775e-09 -9999 -9999 3.70496344614946e-07 2.03980687896177e-10 2.6294693089568e-10 5.52914969365048e-10 7.11270908837491e-10 4.10664123817739e-09 6.36465768977246e-11 3.74423934079715e-09 0.498665505647661 0.500000000000003 1.16070695360682e-06 5.46058548378525e-09 2.24924184832886e-09 7.48623563140427e-10 1.95842175809702e-10 2.03025332101703e-09 1.95813113501586e-09 1.43550909381673e-08 7.44987371792405e-10 7.7221437022601e-10 1.58855755216791e-09 5.92751003836156e-10 1.5966674760115e-09 1.62195955555333e-09 9.34363597604459e-10 2.02670010773787e-09 4.54163645580152e-09 5.14301660481387e-08 3.76018560177549e-08 5.68289557634216e-09 5.5129987797109e-09 1.04929500643891e-09 2.74266034328008e-09 1.51245600488181e-09 2.96068358718316e-10 4.82311746097253e-10 2.73248036419815e-09 3.19415360827691e-10 1.84755467591557e-09 2.84459831245698e-09 2.67609159276816e-09 6.85403500622073e-10 1.77688205815763e-08
