Maxent_result_files_1/Bombus_vestalis_3.asc
NCOLS 594 
NROWS 330 
XLLCORNER -15 
YLLCORNER 23 
CELLSIZE 0.166666666666667 
NODATA_value -9999 
[rows 160 to 179 of 330, columns 405 to 449 of 594]
3.80197304206131e-07 3.78871012618465e-07 1.57356474550507e-07 1.80730211607472e-07 3.17551021311591e-07 1.08876783911915e-06 5.27057573951328e-07 1.03999416323219e-06 4.48956945242607e-07 3.96589155504667e-07 1.19541595000605e-07 1.13680156165197e-06 1.11215810577603e-06 8.22663116473166e-07 7.73946592691477e-07 9.13411488390192e-07 6.26052734531424e-07 1.18972710769771e-06 6.11592256538618e-07 9.13388353340761e-07 4.7063123097546e-07 3.86533653945476e-06 1.86391423368848e-05 1.60315502982677e-05 8.8543216141268e-06 3.00338835895531e-05 2.62866799770278e-05 1.97839394456167e-05 1.18339803062639e-05 1.1151370512863e-05 2.50056618433803e-06 1.7353936473441e-05 1.00438006184866e-05 2.01591711448401e-06 7.72164191155111e-06 3.31714134105265e-06 9.08619029051927e-06 1.55316238219516e-06 8.92113013906126e-08 7.04705440668363e-09 1.54515782391229e-09 1.27770370950131e-09 1.04594704009031e-09 9.45959843789979e-10 9.25435206244884e-10
1.23026448628494e-07 9.15966649972511e-08 9.5388625021009e-08 2.9320615845263e-07 4.69957831761292e-08 6.94946416635034e-08 4.59377802353167e-08 3.10656163349243e-08 1.80397559557122e-08 1.1627097414868e-07 1.00911396039294e-07 2.33350909373264e-07 3.99215319235591e-07 1.23783462467886e-06 6.24271845794944e-07 9.63518056074086e-07 1.33962737263182e-06 1.6224223383432e-06 8.11306408365908e-07 1.69440198668491e-06 2.59384270739904e-06 8.80130626359499e-06 3.30251244409219e-06 5.89734750336968e-06 7.7664229988561e-06 4.96755534047821e-05 5.77918182056436e-06 3.90840799671888e-05 1.78755845188561e-05 6.0755851061467e-06 1.46196390579223e-05 2.08354716804138e-06 2.27524166991344e-06 1.07635825663532e-07 1.24083411146003e-07 2.32665092525508e-08 1.28523102271849e-08 1.65486113812285e-08 8.52008910090518e-09 2.56440019219539e-09 2.66683916061439e-09 2.45538174237225e-09 1.77425993896918e-09 1.67372730119908e-09 1.99061604977402e-09
1.1811684552665e-07 2.8762803316873e-08 8.21995141953025e-09 2.94396785394113e-08 4.59629463378519e-09 5.65587519041344e-09 3.54898063159581e-09 2.41016083757373e-09 8.87038981156607e-09 2.52336286310495e-09 8.64005366141285e-09 8.04429043266275e-08 6.39393512591457e-07 9.09223886402799e-08 5.81501481144997e-07 1.17415643609009e-06 1.65912524169309e-06 2.15197272692702e-06 5.14857804534419e-07 2.25788463772414e-06 1.72602052629367e-06 2.92598171880432e-06 7.80941200037022e-06 1.82108365542777e-05 0.0783645684480326 0.0783792472770823 4.77074868648231e-05 2.01187942160175e-05 8.10399319244315e-06 4.7648765963193e-06 2.10403243777857e-05 8.81366231997305e-06 2.77195022651e-06 2.79686144415425e-06 2.522017964246e-07 1.10479523329765e-07 2.50803469437066e-08 1.07198258492147e-08 5.47854238641676e-09 4.312585422106e-09 3.78626492381073e-09 3.19840376405978e-09 2.96141831057639e-09 2.46454595620449e-09 2.66289190697933e-09
3.21157329619126e-09 3.56798252054702e-09 3.49310306235751e-09 1.40992771124893e-08 2.71416072950004e-09 2.38242074956929e-09 2.95018863782914e-09 2.84658023819162e-09 2.22006809602604e-09 2.6507817718624e-09 2.8926490758252e-09 3.44995464418574e-09 5.86787829437441e-09 2.98906226547935e-07 4.11634987618203e-07 6.72698042447628e-07 2.45842830015608e-07 1.81347687457922e-06 9.28002790123728e-07 5.97251948708522e-07 8.72778137117614e-07 1.4803746466896e-06 0.0207257554602459 1.57904318106583e-06 2.28953725506242e-06 3.82633217702599e-06 6.42624744769171e-05 4.27392398596016e-05 0.0783690407711379 1.05790739289513e-05 7.37855766865803e-06 3.51902348141309e-06 2.09134751166795e-06 7.52125071534771e-07 4.44726202042389e-07 3.74321838469971e-07 3.41810751813831e-08 1.74386881934829e-08 1.10740183356661e-08 8.58349962218341e-09 6.59554046933408e-09 4.31754290097786e-09 4.15937414510736e-09 3.22712265798941e-09 3.14832199199699e-09
2.1418743223478e-09 2.04602040865254e-09 1.85691042542402e-09 2.48297185034829e-09 2.38168090804791e-09 1.95241990352812e-09 1.72821283950242e-09 2.00657163107465e-09 2.43699651569784e-09 2.72446725180231e-09 3.21980272444122e-09 4.19096953807596e-09 3.79624036650483e-09 2.95421878071522e-09 4.26655859531166e-09 2.93795493266913e-08 5.296373362218e-07 3.73209298631938e-07 9.05613907054015e-07 3.69830158055695e-06 3.264354566479e-06 1.91219986219737e-06 1.62717740541662e-06 1.55758934771155e-06 2.4386036939994e-06 3.16218720759487e-06 4.05612106733067e-06 4.9122360658127e-06 0.0783670775054021 9.05952368297491e-06 7.22823623092728e-06 4.81193331810514e-06 5.2154504371793e-06 9.32692083710496e-07 1.90640045139023e-07 1.09069546261331e-07 4.86426530610373e-08 2.16404727360064e-08 3.38408091327125e-08 1.20423175653528e-08 9.17371584252535e-09 9.16275278983747e-09 7.7093719852428e-09 4.77940698129231e-09 1.06696772528281e-09
1.4793552161052e-09 1.53828405569101e-09 1.36283618834554e-09 1.45948705343457e-09 1.48329366567168e-09 1.65051691203288e-09 1.67140298268365e-09 2.06016851356239e-09 1.91118834091952e-09 2.01971004365475e-09 2.24122677083827e-09 2.59110672917728e-09 2.92586106453996e-09 4.0075240681503e-09 5.93137221560625e-09 3.67439192405783e-09 1.30579492663152e-08 1.41100484980505e-06 7.18591037218719e-07 1.51146815360326e-06 2.49377026305675e-06 3.36381292698196e-06 2.19144043701602e-06 7.0193397927798e-06 2.5197090986584e-06 2.7333552012121e-06 3.53411755364963e-06 0.0783703089952996 4.29401159353082e-06 4.82099430878513e-06 6.59301348017172e-06 2.81373792820894e-06 2.2515868550399e-06 1.19872251808095e-06 4.05991225604918e-07 2.18381411876134e-07 9.33046373052804e-08 1.28632582252486e-08 2.40535991125057e-09 3.37237762160214e-09 1.54988660239219e-08 1.14969543885124e-08 8.18308820704772e-10 4.86994855553036e-10 3.82585096936339e-10
5.83498638295765e-10 4.19168655341196e-10 1.04599888750556e-09 1.22939264324273e-09 1.20934747771528e-09 1.31704366301832e-09 4.85600244459761e-09 1.44926882716945e-09 1.41460761993173e-09 1.69672745853333e-09 1.61883972893406e-09 2.36496552341592e-09 1.94624691918222e-09 3.60626994933e-09 4.45770590440375e-09 5.39085545092632e-09 6.31790491034678e-09 7.89303082893156e-09 1.53059730223504e-08 5.20691028538245e-07 2.1346299457714e-06 2.76368161693519e-06 2.59994715868794e-06 3.82376679203267e-06 5.29045661751271e-06 3.95404848761993e-06 2.86108505264115e-06 0.0783701726180718 0.0784144289297607 6.42718540958542e-06 4.70100280792751e-06 4.33907613995865e-06 2.1704728294436e-06 2.09133412742979e-06 9.08791943166065e-07 1.0052656302717e-06 3.00489805593607e-08 2.24964027406571e-09 1.67405505013818e-09 1.2357024514742e-09 1.74351497683745e-09 9.39729727367222e-10 5.57353019292606e-10 4.15871315162519e-10 2.99170266337967e-10
3.20418969135261e-10 3.3171586588665e-10 4.52799853167818e-10 1.12646822980622e-09 7.37267069617076e-10 6.14970907530932e-10 8.52349935076546e-10 1.28671711063788e-09 1.12357584347578e-09 1.88974040860046e-09 2.01343897110462e-09 1.48742816952208e-09 1.23121137729498e-09 1.2182211572842e-09 2.06302246397172e-09 5.4655963310779e-09 8.38453677598494e-09 6.91690192899941e-09 9.21422705912889e-09 1.44232870535888e-08 8.1110707017551e-08 0.0783606036187731 9.59491910146326e-07 7.08509891704789e-06 6.92391718256635e-06 5.40490071495592e-06 7.15240178563725e-06 6.6077758356653e-06 5.91366404938398e-06 6.26514247090704e-06 6.53132110727261e-06 5.11482443534827e-06 5.66310806726644e-06 3.55951793078457e-06 1.2087961387075e-06 2.29917728744589e-08 6.21793102562052e-09 1.50766795381507e-08 2.35522626179652e-08 1.74476051384431e-09 1.73531111702374e-09 8.62357840691885e-10 8.17577117118162e-12 4.47162773475895e-10 2.60787702544007e-10
2.05441208489532e-10 2.13575290786139e-10 2.29179020205805e-10 2.45077436122898e-10 1.98483740554423e-10 2.73095857039607e-10 4.57700943812256e-10 4.79433837075049e-10 3.15851156340585e-10 3.32036831363069e-10 4.66272276344881e-10 9.9013816035054e-10 1.26948557221951e-09 8.70188199275646e-10 1.92989192404625e-09 3.06938797711709e-09 6.15750035404261e-09 7.19693383777198e-09 6.15534804238038e-09 1.00745509934441e-08 1.45821007047076e-08 2.98186532798894e-08 4.63929283656128e-08 7.93114253938576e-08 7.12365156612105e-06 3.20120041158445e-06 3.58647252898248e-06 2.03935134478472e-06 0.0783607540009791 1.35541651702376e-07 2.41828705763725e-06 8.09088012846404e-06 6.35745697037393e-06 1.56356746967568e-06 3.54412210912258e-08 1.41464671532532e-08 5.98474142465832e-09 0.078360217394966 4.79547250797907e-09 3.31436122991136e-09 1.88067770245937e-09 7.85580289708321e-10 5.09356545830286e-10 2.9837509130104e-10 1.77683490143465e-10
1.38350497724815e-10 1.05101460867729e-10 1.06652842113419e-10 1.56123125538699e-10 1.59581803327313e-10 1.45639267312703e-10 1.46074341511593e-10 2.41559272584624e-10 1.10198883351842e-10 1.8880661478704e-10 1.94248161999866e-10 3.84550302712228e-10 6.64503396752281e-10 4.66521654640673e-10 6.68725307351181e-09 2.13171764684716e-09 3.01250044909551e-09 8.06079596404885e-09 1.07981666719326e-08 1.3934343734423e-08 1.48382380715795e-08 2.7248505340971e-08 3.85772684463603e-08 4.65997532228535e-08 5.00377001722008e-08 6.50073835761766e-08 6.77938935433886e-08 5.64103886158129e-08 4.1596597188942e-08 4.49790869994082e-08 3.88179047683401e-08 4.14434190854074e-08 4.19423757169746e-08 3.37246698456362e-08 2.31740208911368e-08 1.32426197785307e-08 9.88285263625599e-09 8.06364280903082e-09 4.74249134407856e-09 4.7789037727064e-09 1.89508425618712e-09 9.93589677200646e-10 5.62193247510834e-10 2.7507434108287e-10 8.81539286012867e-11
7.8824613503059e-11 8.0714435135576e-11 8.22627632679485e-11 9.76833502974728e-11 1.28273180965977e-10 8.32209856582722e-11 7.19362791556932e-11 7.47188422245415e-11 6.94046708993312e-11 1.00223473964434e-10 1.28512012143034e-10 2.20831120056886e-10 4.04166056178212e-10 3.40792516428934e-10 7.18061143878401e-10 1.58550765849697e-09 2.44699533968884e-09 4.05342179821133e-09 7.88653030658892e-09 6.74510292064667e-09 1.19216403970945e-08 1.60507980573321e-08 3.38626545470788e-08 3.7985739398394e-08 3.49406492738957e-08 3.46004449980342e-08 3.85156521343077e-08 3.23055872608613e-08 3.0817466656341e-08 3.03806081181079e-08 2.54005902200483e-08 2.59694254545195e-08 2.78400854925032e-08 2.12326703996624e-08 1.3401950071934e-08 1.05358958446544e-08 1.03357492675649e-08 1.17498692442375e-08 7.82542302069089e-09 4.40461542794424e-09 2.17096117749449e-09 1.13481980479335e-09 4.35769886841797e-10 1.79869785732478e-10 7.07881420147771e-11
4.74242645154277e-11 6.47000231168704e-11 5.50511303210044e-11 5.09748132593302e-11 5.63159963107296e-11 5.89483017954251e-11 4.36265468195529e-11 3.21625281962667e-11 4.822147126049e-11 5.88847304250351e-11 5.95328453201205e-11 1.24409460511288e-10 1.66004221480165e-10 1.79221693041853e-10 3.00506375339182e-10 5.97405380720062e-10 1.2128324011762e-09 1.50733360237965e-09 3.52575588724591e-09 4.50193941015087e-09 6.75132251215516e-09 8.91273896908018e-09 8.07595209595391e-09 1.6179145345685e-08 2.1156916207854e-08 1.87420892361345e-08 1.76882111624366e-08 2.06890739873344e-08 2.2324980064603e-08 0.0783602554348447 1.78996184985181e-08 1.85022510978961e-08 3.61040363938692e-08 1.72546331445034e-08 1.49591195319765e-08 1.15097394393082e-08 1.07600752974335e-08 9.2226249526206e-09 8.32704992737021e-09 3.8308070715587e-09 1.89841120601386e-09 6.85734835581542e-10 3.23817683778316e-10 9.14344489011398e-11 3.60434460056069e-11
4.90812945841412e-11 4.94170149245576e-11 4.53843296277512e-11 3.74111297496427e-11 3.60527940834743e-11 3.20819926180604e-11 3.39611672117712e-11 3.26165872088779e-11 3.94681176629774e-11 4.3563974649885e-11 5.19521758945984e-11 6.22367157809833e-11 4.20718682114796e-11 8.41236302839832e-11 1.6614060127651e-10 1.65324232082043e-10 2.66081989774847e-10 3.51540829779395e-10 8.01780897230486e-10 1.22338997821103e-09 1.86208309882474e-09 3.30918498159249e-09 6.39339829966445e-09 6.94042797677597e-09 8.34422085871367e-09 9.72888926087378e-09 1.34511014659999e-08 1.12095000281975e-08 1.37180070414189e-08 1.14338961743066e-08 9.90715502968698e-09 9.39159953139423e-09 1.0030128083649e-08 1.28984136260613e-08 1.05911151071503e-08 8.65643351444234e-09 1.12113344385989e-08 1.11665437563246e-08 4.32792878202193e-09 1.93171864060204e-09 7.69734997962956e-10 4.21334034328424e-10 1.29468358256446e-10 8.97216967388204e-11 2.4728308289923e-11
3.73844399881307e-11 3.69105412900694e-11 3.37038175146631e-11 3.29755001082788e-11 3.8831138304829e-11 3.20605431092247e-11 2.95109714443242e-11 3.01200397956336e-11 2.83918111243509e-11 2.9711000326671e-11 3.75863673518495e-11 4.93806995294221e-11 3.74764885791024e-11 6.07999206536647e-11 2.9335356366289e-11 8.26103407902679e-11 2.37916553125217e-10 2.1666638483353e-10 4.39478875513544e-10 7.70417252216049e-10 7.50651407699365e-10 8.22568047009753e-10 1.39490403672227e-09 2.23220629758103e-09 4.83417160745958e-09 6.16502389139129e-09 5.97652953793215e-09 0.0783602274133754 6.42564856878636e-09 5.66855897776719e-09 4.57165117984104e-09 3.60867234983075e-09 3.80563204283035e-09 3.80165330327031e-09 2.53879166578486e-09 2.31417436324932e-09 7.50686671713296e-09 9.12691437982005e-09 2.24365327428089e-09 7.64051366619611e-10 3.96258015289419e-10 1.72380720808718e-10 9.55760359744318e-11 3.60708463098547e-11 1.96504479355042e-11
4.03965749740109e-11 3.55325435741349e-11 3.48829298779663e-11 3.74514530498971e-11 4.26232715788899e-11 3.69394070887097e-11 3.80704578972768e-11 3.13146286679e-11 2.38479458403162e-11 3.15561354824467e-11 1.91095361756766e-11 2.19956941549526e-11 3.33100769189798e-11 1.43202438795953e-10 2.43273068356586e-11 4.15190770652885e-11 6.26828366989685e-11 9.59357149277196e-11 1.45425627096074e-10 2.91598667434556e-10 6.16096373917685e-10 6.64125798799375e-10 7.02285751774667e-10 1.44624451303699e-09 2.3717925290434e-09 2.98869803350144e-09 1.20510849077604e-09 1.34877635726838e-09 1.012824220048e-08 1.74223007132213e-09 2.40041738708285e-09 1.51021484207092e-09 1.33101815125158e-09 1.11178966033521e-09 8.87192541654258e-10 1.5646054341012e-09 4.77680046628848e-09 3.33075305114505e-09 1.79438667258225e-09 4.35522906627739e-10 1.62739488551722e-10 7.50172257646398e-11 3.7232561478362e-11 2.13281614591665e-11 1.47549750195708e-11
3.48935547123119e-11 3.33185257161972e-11 4.34462021914328e-11 6.15255069114085e-11 4.81806261554141e-11 4.73222794283856e-11 3.72640251988798e-11 3.23118753975393e-11 2.68256528102029e-11 2.26806906589161e-11 1.96616722902832e-11 1.95395033486534e-11 2.67103006379443e-11 3.04511527104978e-11 3.01855873630075e-11 3.65174446237404e-11 4.19342005564261e-11 4.22537116406829e-11 7.0108752137088e-11 1.30570176892775e-10 2.29403840368292e-10 2.92501489695951e-10 5.49535517091471e-10 7.13739367608213e-10 5.86398185564718e-10 7.5619163153462e-10 5.55394508161555e-10 4.86441242841806e-10 5.21293319621918e-10 5.44321299145167e-10 6.81995815376979e-10 5.12930897755837e-10 3.97760369086342e-10 3.50584672403897e-10 5.51337864251877e-10 1.15089289209891e-09 2.58767652860925e-09 1.7124981654959e-09 6.46730047293431e-10 1.77630454789579e-10 5.94027049771739e-11 2.97685209815768e-11 1.82950654625813e-11 1.71624492395495e-11 1.25335297695983e-11
3.93351795580088e-11 3.0837044029397e-11 3.15722559207643e-11 4.02162858570421e-11 3.7416103548793e-11 4.38610148201235e-11 3.71386588149392e-11 2.99186453389666e-11 2.66057620379456e-11 2.45412468125039e-11 2.39949282665464e-11 1.89975257747221e-11 2.39183339800775e-11 3.41913053425458e-11 3.19336779242008e-11 3.93115318075843e-11 5.97153437809084e-11 6.84299727993221e-11 8.69088023769393e-11 1.04355535324174e-10 8.01702815245164e-11 7.58113238852331e-11 1.18437648577441e-10 1.33856115080988e-10 1.75445402650354e-10 2.24521423675128e-10 1.50769197126976e-10 4.62608240603402e-10 1.71378755631224e-10 2.21718066129029e-10 2.24115570546246e-10 1.51080525867542e-10 1.38448175146522e-10 1.73796266267345e-10 3.85411857983797e-10 9.44298306215785e-10 9.45293354703836e-10 3.72944752857762e-10 1.55635704324197e-10 0.0632120550199591 2.9430169412592e-11 2.01856975579062e-11 1.79467773975261e-11 1.3668033371772e-11 1.06289532730841e-11
3.88216125912777e-11 3.02569524990304e-11 2.86746293376439e-11 3.26744409306912e-11 3.18281068167892e-11 3.47318618310055e-11 3.58160168190125e-11 3.07150083145302e-11 2.4175839108409e-11 2.2095303364722e-11 1.98389527028553e-11 1.60281343752899e-11 2.02498129375783e-11 2.21385354493009e-11 2.88353452226886e-11 2.73804201533778e-11 2.91924151518685e-11 3.63151730908839e-11 3.79101972036722e-11 5.3808935085442e-11 4.65770533253362e-11 6.14250317276799e-11 7.60110308029027e-11 9.69814117901535e-11 1.32720334722336e-10 1.48611467576387e-10 1.14052733923842e-10 7.39055039389314e-11 2.68394928504279e-10 8.7458462694201e-11 9.11515862789258e-11 8.3639095649346e-11 9.01692720489677e-11 1.41924527685688e-10 2.71900013615323e-10 7.6212166577605e-10 2.24940477355773e-10 8.86059670079931e-11 4.89854379281951e-11 2.99713476259456e-11 2.52213472329288e-11 1.81411219379868e-11 1.42129086277976e-11 1.05214836843004e-11 1.13449472038951e-11
3.92261667592209e-11 3.37427974450577e-11 2.86416002026613e-11 3.20392157249216e-11 3.46532469386318e-11 3.46270123685599e-11 2.95992674814727e-11 2.58516985596202e-11 2.08887795949408e-11 2.15490403299157e-11 2.24968266238079e-11 2.24103180457291e-11 1.93925320246535e-11 1.8205692509099e-11 1.90356730378483e-11 2.79619216669857e-11 2.96853763792626e-11 3.63435392891631e-11 2.40258590800124e-11 3.19593018716091e-11 5.11292341798253e-11 5.04242425591883e-11 4.62354710073498e-11 4.87633711188096e-11 5.68668112599369e-11 5.32207389269956e-11 5.33207367148236e-11 2.93254753813699e-11 1.69310010456059e-11 6.59076904163669e-11 3.49680284728038e-11 3.95581234435838e-11 7.11868120006898e-11 8.31198110340381e-11 1.09087749944337e-10 1.97302252313847e-10 7.23557325166269e-11 3.70093844459518e-11 0.0632120549915548 1.90899407392919e-11 1.5443613055055e-11 1.26521904064703e-11 1.07768460821944e-11 1.07610254040935e-11 1.30854216351395e-11
4.315077184458e-11 4.2528824906185e-11 3.55172002919346e-11 2.85532486543616e-11 2.71375588667411e-11 2.38333019986214e-11 2.04300132367052e-11 1.87115989369602e-11 2.3281621075455e-11 2.70088063025753e-11 2.08772332754847e-11 2.27831753463192e-11 2.65840127688932e-11 2.37936559344121e-11 2.13135731286229e-11 2.01259897636419e-11 2.11513584424949e-11 2.12419748457648e-11 2.06850647721524e-11 2.44387843295613e-11 3.04436587050816e-11 2.55494514433963e-11 2.98466806825104e-11 3.39721695219453e-11 2.90247936796106e-11 3.07757597184377e-11 2.27913909967015e-11 2.80769296701067e-11 3.47070594486354e-11 3.44555384224066e-11 3.02789238126877e-11 2.88510881851778e-11 3.85276921477384e-11 4.13958312073248e-11 4.33626134999088e-11 3.75131037344545e-11 2.51286436103726e-11 1.70506941898907e-11 1.31175070805511e-11 1.13585696404073e-11 1.02191810569252e-11 8.961753561465e-12 5.89216453406038e-12 1.04263264688598e-11 1.35503830378525e-11
