Maxent_result_files_1/Bombus_quadricolor_2.asc
NCOLS 594 
NROWS 330 
XLLCORNER -15 
YLLCORNER 23 
CELLSIZE 0.166666666666667 
NODATA_value -9999 
[rows 80 to 99 of 330, columns 230 to 275 of 594]
-9999 -9999 -9999 -9999 -9999 -9999 0.0835395324975252 0.0236395673360676 0.00642183301970363 0.0566032536327839 0.059373858384788 0.0185163476504385 0.0239660247694701 0.0174689088948071 0.0232805889099836 0.0850369418039918 0.0792016606777906 0.0434049954637885 0.0806563802063465 0.114168767631054 0.0373625706881285 0.0709176007658243 0.124070989713073 0.0900628741830587 0.0213275514543056 0.0192197092343122 0.0287930170074105 0.0121121717616916 0.0140228268690407 0.0369763363152742 0.00572775934124365 0.00426417652051896 0.00700043903198093 0.00829801659565419 0.0046026854775846 0.00328889210359193 0.00177593288535718 0.00283973307232372 0.000841760690673254 0.00115685029595625 0.00106140106508974 0.000604108559491579 0.000447906750196125 0.000964556357939728 0.0687058415263891 0.0780550097580999
-9999 -9999 -9999 -9999 0.00492654236149974 0.0483515376225114 0.00180959028657526 0.0058405683375895 0.00919780463445932 0.00755732555408031 0.0117152896011248 0.0223778257146478 0.015629025734961 0.0550199504010379 0.0636053854599595 0.074380112439394 0.0237953258678317 0.0587025206536055 0.106152981892228 0.0437051003798842 0.0293499320745468 0.136620590463281 0.024962250282988 0.185822104662657 0.153384731709957 0.116753619909286 0.144038160890341 0.150724165886641 0.0566579071804881 0.00565746605861932 0.0117127328412607 0.00509366525802761 0.0107628790196031 0.00106226493662689 0.00552821982419118 0.00166563360835426 0.0025722416525241 0.00749551407061517 0.00397293082205579 0.00630690298276022 0.00936815657187253 0.00855319382390007 0.00239494537236169 0.0108482842333615 0.0155832767020911 0.00154734270472545
-9999 -9999 -9999 0.0522400235757232 0.0427448825910687 0.00876658475026488 0.0175248825456947 0.00163418630254455 0.0183686391450465 0.0363427860662341 0.00487045125337318 0.0722517389804125 0.115046479925513 0.0202613393776119 0.0443479016888887 0.0904107064008713 0.0709555104374886 0.00883073583245277 0.084178058244288 0.00457977158948779 0.199166598543525 0.136111672967672 0.283177094906569 0.181842735409737 0.327062691748142 0.232271254062653 0.270314034819603 0.116629631072283 0.236701686680317 0.163896486908197 0.160876857489347 0.0891409300267696 0.0115859150420874 0.0177283528726548 0.0225386724807322 0.0104105453472584 0.0461512951180339 0.0116801177384332 0.00503806015476584 0.00243387627997436 0.00293600900331512 0.00156528319930658 0.00372705375775695 0.00466960608027875 0.0102301334030926 0.00357092463527806
-9999 -9999 0.056732433475554 0.117708703130484 0.0410988989286125 0.00886885018553585 0.032243294082582 0.0580007500946522 0.0225463841576129 0.00509668260347098 0.0261216692626476 0.0512069463729858 0.0880133083090186 0.0202087162295356 0.00374003136530519 0.00298282857984304 0.0302987112663686 0.203349430114031 0.122375129908323 0.0868355300277472 0.104308857768774 0.0906494062393904 0.351965649053454 0.228046726435423 0.104331357777119 0.110221248865128 0.121204349771142 0.0966535191982985 0.141011518985033 0.15426888614893 0.333108232915401 0.224530054628849 0.143903916329145 0.0192770140245557 0.0597126860171556 0.0916971158236265 0.010781639884226 0.0127378737553954 0.0124389444943517 0.00316067562671378 0.000932186949648894 0.000744287665293086 0.0018063874944346 0.00471282062353566 0.00472592286532745 0.00385632121469826
0.122269040718675 0.123908990621567 0.0582479167729616 0.0608172256499529 0.110848597809672 0.015877027134411 0.0883640931919217 0.0759671356528997 0.0396569090895355 0.0339800301007926 0.0572820853441954 0.0380525666289031 0.124526121839881 0.00660527183208615 0.015215661842376 0.00510241945739835 0.0218239055480808 0.0642000081017613 0.00251855768729001 0.00336334082530811 0.0202856455929577 0.214724866300821 0.0728955924510956 0.124866203963757 0.0799188684672117 0.0542915821075439 0.136369621753693 0.114317504316568 0.0770994827151299 0.0525154693052173 0.155501184612513 0.115368265658617 0.093994802609086 0.0584703510627151 0.01645567282103 0.00747864424483851 0.00576213530730456 0.00253771231509745 0.00440934121143073 0.00397556853131391 0.00124020632938482 0.00256169018684886 0.00965868947096169 0.00183742635999806 0.00490911969682202 0.00848779696971178
0.049048401042819 0.115087634325027 0.0345468134619296 0.150283628329635 0.0457562850788236 0.0362153019756079 0.0483068721368909 0.044666875898838 0.0915338683873415 0.0382077641785145 0.0595615411177278 0.0814017318189144 0.0400097043253481 0.0311690521426499 0.128111431747675 0.0442519111558795 0.0534162181429565 0.0040279160020873 0.174218037724495 0.0144457359798253 0.105538668110967 0.03440514896065 0.0683207400143147 0.0931460721418262 0.0760691467672586 0.086107836291194 0.291866604983807 0.320287899672985 0.111918880790472 0.0771180894225836 0.11433878839016 0.146027448028326 0.156124367564917 0.153526676446199 0.149769588559866 0.0545886445790529 0.0286953103728592 0.0100009920774028 0.0247345155104995 0.0417605035007 0.049581635184586 0.00303666726103984 0.00229342493694276 0.00501898194197565 0.00446752542920876 0.0616343344561756
0.101960621401668 0.160249158740044 0.210058176517487 0.0761237163096666 0.174918761104345 0.120092637091875 0.0269460655748844 0.0301232757046819 0.496853575110435 0.27345919162035 0.169598660245538 0.252657435834408 0.204450153559446 0.0681807160377502 0.202872087806463 0.605602470040321 0.480236825346947 0.0351465725339949 0.00696937260217965 0.166405461356044 0.249159324169159 0.134154343605041 0.4176229596138 0.654804870486259 0.0302679695188999 0.0979643957689404 0.0772996038198471 0.271245826780796 0.194658605754375 0.110806509107351 0.160357791185379 0.115075131505728 0.186594919860363 0.131971655413508 0.47057933062315 0.241369795799255 0.111740797758102 0.0599564425647259 0.232066306471825 0.239876665174961 0.11131255030632 0.00811152963433415 0.0214601068757474 0.0432526102289557 0.00885894920211285 0.00258481680066325
0.298905830085278 0.203139440715313 0.0783519975841045 0.0397771701216698 0.0620656881481409 0.243840046226978 0.229820775985718 0.147755074501038 0.152154234796762 0.227705415338278 0.240111343562603 0.212240356951952 0.718946075439453 0.598183766007423 0.353740583360195 0.164941696077585 0.216463339328766 0.355568154156208 0.320301882922649 0.160018870234489 0.195439564436674 0.250268888473511 0.00475098162423819 0.629394972324371 0.473071763664484 0.0803567752242088 0.157059685140848 0.43466210514307 0.592425483465195 0.203615720570087 0.175453417003155 0.244576117396355 0.151404848694801 0.159128589183092 0.377232083678246 0.185381361097097 0.232093883305788 0.36564112752676 0.325136978924274 0.143874687701464 0.0313521887175739 0.0122150098904967 0.0149243033025414 0.00942274872213602 0.00732935828855261 0.00348642204189673
0.117853840440512 0.0435865165665746 0.445050811767578 0.502010622620583 0.344547408819199 0.233075630664825 0.0845983281731606 0.223354849219322 0.255217978358269 0.215997191518545 0.813852542638779 0.404421156644821 0.231162311881781 0.49314486682415 0.816980844736099 0.538792291283608 0.262040650844574 0.257519198954105 0.239825092256069 0.529778370261192 0.338537073135376 0.250440417230129 0.0565519208088517 0.667972379922867 0.320320534706116 0.0869118768721819 0.199353128671646 0.128478084504604 0.408340048789978 0.431969121098518 0.283702199161053 0.296441465616226 0.116432704031467 0.0242168906144798 0.117665891349316 0.382794047147036 0.282808109372854 0.151555889844894 0.107206737622619 0.161398508399725 0.254180536419153 0.136542226374149 0.211155807971954 0.0652987919747829 0.066758081689477 0.088875138759613
0.116006323695183 0.51583756506443 0.492459650337696 0.347275225818157 0.348770374059677 0.133762453496456 0.082298968732357 0.525475418567657 0.266863361001015 0.344197145104408 0.760391759872437 0.738391751050949 0.477511006593704 0.592014670372009 0.71444975733757 0.674659383296967 0.224976517260075 0.401612864434719 0.476403480768204 0.632802546024323 0.439114141464233 0.364519163966179 0.325697255134583 0.284184230864048 0.628269416093826 0.303569123148918 0.939999026060104 0.705944830179214 0.545864519476891 0.33142272233963 0.324557481706142 0.243487444519997 0.231366783380508 0.114450953900814 0.0413203690201044 0.0704470943659544 0.203077429533005 0.362068909406662 0.244416786730289 0.402416710555553 0.305918802320957 0.193410098552704 0.0774657756090164 0.0114391195820644 0.0172452313359827 0.00774161787703633
0.193049320578575 0.203362561762333 0.270073898136616 0.392350568622351 0.226742739975452 0.352988016605377 0.368874730169773 0.467243999242783 0.520814195275307 0.117725645005703 0.272341933846474 0.53816624879837 0.512022238969803 0.540033784508705 0.41210218667984 0.917837184667587 0.853648215532303 0.486626827716827 0.317273862659931 0.605091977119446 0.65954612493515 0.643588620424271 0.47032884657383 0.252262590825558 0.754713982343674 0.997188973426819 0.998709827661514 0.70477283000946 0.621106326580048 0.405513820052147 0.236315754055977 0.482740631699562 0.439489570260048 0.214978197216988 0.204896065592766 0.233149793744087 0.246036770939827 0.222609110921621 0.521742805838585 0.180572991073132 0.38820928633213 0.259137955307961 0.216257354617119 0.27458126693964 0.200699175149202 0.0306606427766383
0.361943854391575 0.283814856410027 0.320139591395855 0.329149380326271 0.599443525075912 0.316298314929009 0.340298482775688 0.332942217588425 0.368054401874542 0.315950660407543 0.724951675534248 0.766193953156471 0.869671833515167 0.498147386312485 0.548219254612923 0.782262444496155 0.37264731824398 0.712840789556503 0.798949646949768 0.659203743934631 0.728883218765259 0.550357663631439 0.399338155984879 0.471202379465103 0.466168150305748 0.395667976140976 0.781155663728714 0.680862629413605 0.741498559713364 0.667764124274254 0.424570745229721 0.805078512430191 0.581859600543976 0.29576740115881 0.576880177855492 0.668948847055435 0.290512444078922 0.63601721227169 0.599743509292603 0.276776786148548 0.313502262532711 0.391508340835571 0.316631805896759 0.189793092757463 0.0371176436543465 0.0274715025909245
0.42096406519413 0.281604728102684 0.432084095478058 0.369634500145912 0.581353366374969 0.513086327910423 0.480161651968956 0.400633111596107 0.33572726547718 0.459736743569374 0.405048459768295 0.402130541205406 0.84799952507019 0.423993137478828 0.738628888130188 0.358654537796974 0.64183754324913 0.387857615947723 0.672185784578323 0.537839186191559 0.426035684347153 0.479952937364578 0.367350232601166 0.614393985271454 0.65933683514595 0.528444921970367 0.580279842019081 0.285572129487991 0.44639684855938 0.600911825895309 0.433897644281387 0.494501113891602 0.84804978966713 0.747652852535248 0.425688689947128 0.591177496314049 0.662833642959595 0.596993167698383 1 0.158480990678072 0.24823302924633 0.323575629293919 0.349210754036903 0.217123106122017 0.192495286464691 0.142813266068697
0.422956898808479 0.546421495079994 0.503493359684944 0.470196756720543 0.449172687530518 0.698512667417526 0.543519744277 0.376256704330444 0.345081169903278 0.472481551766396 0.489843565225601 0.42447481751442 0.435715135931969 0.47546061873436 0.514135974645615 0.613457092642784 0.74346062541008 0.798755222558975 0.526275773346424 0.477352717518806 0.481188258528709 0.466983610391617 0.558962520956993 0.535848242044449 0.461318808794022 0.670744264125824 0.385123732686043 0.844407933950424 0.763641858100891 0.524627548456192 0.39123372733593 0.673344838619232 0.729573333263397 0.424009221792221 0.582003706693649 0.755332440137863 0.622237858176231 0.491454842686653 0.412926679849625 0.605976077914238 0.428608703613281 0.25811253786087 0.157859975844622 0.392820951342583 0.247699607908726 0.286732004582882
0.495810917019844 0.702403384447098 0.855392444133759 0.481759986281395 0.523876628279686 0.47763763666153 0.459833228588104 0.57146332859993 0.727491891384125 0.423630911111832 0.393667861819267 0.364898771047592 0.510407686233521 0.311921285092831 0.999256658554077 0.682717597484589 0.705399495363235 0.477543094754219 0.448070606589317 0.364359319210052 0.484850746393204 0.354813879728317 0.722884529829025 0.571839985251427 0.452345058321953 0.637027603387833 0.576668077707291 0.688038465380669 0.718174213171005 0.761409324407577 0.769008985161781 0.611421278119087 0.572634828090668 0.567963287234306 0.577660405635834 0.727576875686646 0.480622866749764 0.708707463741302 0.783467948436737 0.253012137115002 0.477936068177223 0.116470206156373 0.293744739890099 0.0943057240918279 0.199485786259174 0.49784237742424
0.780063164234161 0.52274512052536 0.730783838033676 0.795928454399109 0.965153950452805 0.731356155872345 0.536141937971115 0.643177789449692 0.701238536834717 0.507896274328232 0.347064860165119 0.322386308014393 0.293092380464077 0.798126816749573 0.973920118808746 0.671698951721191 0.414990809559822 0.300106962025166 0.554405754804611 0.384149765968323 0.558361783623695 0.300733026862144 0.795285111665726 0.550249636173248 0.622501045465469 0.436887872219086 0.642724198102951 0.550816091895103 0.704106405377388 0.829565787315369 0.710536462068558 0.426537196338177 0.769992822408676 0.679863744974136 0.653385961055756 0.764470016956329 0.932354164123535 0.756764543056488 0.608969402313232 0.876269072294235 0.299615652859211 0.550489395856857 0.234132331609726 0.180164837092161 0.216219532489777 0.782833063602448
0.628682857751846 0.66270045042038 0.850933218002319 0.9591872215271 0.878929156064987 0.519420146942139 0.3562251329422 0.410157608985901 0.760173192620277 0.37345744073391 0.531227016448975 0.374667665362358 0.628534951806068 0.937067347764969 0.82207698225975 0.290766635537148 0.669538110494614 0.415939128398895 0.563972783088684 0.852501285076141 0.965033185482025 0.628137630224228 0.870261418819428 0.403016638755798 0.584211468696594 0.439698705077171 0.472940877079964 0.597685497999191 0.687721562385559 0.643044501543045 0.493647739291191 0.721076554059982 0.769007956981659 0.933392316102982 0.528656873106957 0.493611788749695 0.471650217473507 0.518859174847603 0.807223933935165 0.83787357211113 0.881853705644608 0.242404283583164 0.301510402560234 0.31220930814743 0.644218289852142 0.821623355150223
0.41911204457283 0.50375791490078 0.987694638967514 0.537204933166504 0.383906355500221 0.454311349987984 0.34967350512743 0.574057924747467 0.447519344091415 0.531940227746963 0.378946454823017 0.791646373271942 0.961308968067169 0.870279330015183 0.730296969413757 0.570514339208603 0.622349065542221 0.910043478012085 0.77187597155571 0.945441377162933 0.985069215297699 0.928640168905258 0.651943373680115 0.905195194482803 0.340478104352951 0.688010263442993 0.564740136265755 0.703269511461258 0.59577132165432 0.676235711574554 0.809951609373093 0.797960975766182 0.714508005976677 0.469560098648071 0.64856239259243 0.578561669588089 0.917188960313797 0.523030698299408 0.160995183885098 0.861250519752502 0.932094132900238 0.49170373082161 0.356048139929771 0.55781524181366 0.861165392398834 0.921951431035996
0.850325810909271 0.864316082000732 0.999999994039536 0.986028277873993 0.951046794652939 0.981287801265717 0.995532590150833 0.941944295167923 0.861384600400925 0.612284767627716 0.455111894011497 0.912523901462555 0.944135439395904 0.938801395893097 0.486028650403023 0.745970633625984 0.937270712852478 0.610475870966911 0.6861900806427 0.808055454492569 0.744548547267914 0.670197772979736 0.388958978652954 0.699111199378967 0.648331266641617 0.781782585382462 0.810035109519958 0.71816126704216 0.804483914375305 0.82404677271843 0.684159731864929 0.653548640012741 0.494201421737671 0.82187317609787 0.845518177747726 0.566940006613731 0.933740931749344 0.823626589775085 0.630482688546181 0.444523340463638 0.557559743523598 0.651206243038178 0.58606404364109 0.957143133878708 0.646327966451645 0.892041051387787
0.987878918647766 0.998842877149582 0.999374741315842 0.992494624853134 0.945448476076126 0.968002563714981 0.926845890283585 0.756770801544189 0.821830159425735 0.880135834217072 0.749392962455749 0.960074639320374 0.844855934381485 0.942938387393951 0.844058325886726 0.698555868864059 0.400856593251228 0.28684279769659 0.583115845918655 0.888996893167496 0.803548330068588 0.455914881825447 0.627744978666306 0.694467800855637 0.853975105285645 0.921512192487717 0.634396648406982 0.660250806808472 0.771121940016746 0.843398141860962 0.775863033533096 0.711390340328217 0.693597006797791 0.460216844081879 0.788945856690407 0.407684636116028 0.385922446846962 0.21485720127821 0.24535209685564 0.30617458075285 0.203944788873196 0.976212126016617 0.966660749912262 0.0863780442625284 0.0856511803343892 0.955390739440918
