Maxent_result_files_1/Bombus_sylvestris_3.asc
NCOLS 594 
NROWS 330 
XLLCORNER -15 
YLLCORNER 23 
CELLSIZE 0.166666666666667 
NODATA_value -9999 
[rows 125 to 149 of 330, columns 168 to 223 of 594]
0.619575357437134 0.405719463527203 0.541688140667975 0.651682913303375 0.451850223354995 0.410674190102145 0.637155616283417 0.593595170974731 0.602197974920273 0.47808675467968 0.620150804519653 0.315030350003872 0.433668411616236 0.358333272952586 0.542379888892174 0.315566006209701 0.281995345943142 0.228667006420437 0.533847010135651 0.229048821516335 0.514464924135245 -9999 -9999 0.0867103088647127 -9999 -9999 -9999 -9999 -9999 -9999 -9999 0.401873642208426 -9999 -9999 -9999 -9999 -9999 -9999 -9999 -9999 -9999 -9999 -9999 -9999 -9999 -9999 -9999 -9999 -9999 -9999 0.651629600150045 0.22692174911499 0.150831797358114 0.150928330241004 0.464251720905304 0.311781307309866
0.396301607787609 0.354575544246472 0.51602760925889 0.484669189667329 0.553101272135973 0.538619668614354 0.500381946563721 0.640464299917221 0.400333894789219 0.378639936579328 0.572160732746124 0.479301795735955 0.32875356785953 0.763165038824081 0.697981345653534 0.704950743913651 0.274679723090958 0.24424471254024 0.226876785837703 0.234691127293627 0.455490141060181 -9999 0.160567620024085 -9999 -9999 -9999 -9999 -9999 -9999 -9999 -9999 -9999 -9999 -9999 -9999 -9999 -9999 -9999 -9999 -9999 -9999 -9999 -9999 -9999 -9999 -9999 -9999 -9999 -9999 0.599983515674609 0.457404428720474 0.104994256794453 0.220601372420788 0.181030811369419 0.0939035159884952 0.118316254019737
0.347398617863655 0.433468586206436 0.388916370272636 0.557695817947388 0.380592226237059 0.45829059779644 0.485274350643158 0.360056468844414 0.327763584256172 0.345190168268164 0.383209117011575 0.361478799535689 0.398244904289822 0.515115659870207 0.504924681223929 0.330779449467082 0.290859112143517 0.193342638015748 0.144297697505681 0.0576257728040218 -9999 0.0939310614081514 0.0271338458172977 -9999 -9999 -9999 -9999 -9999 -9999 -9999 -9999 -9999 -9999 -9999 -9999 -9999 -9999 -9999 -9999 -9999 -9999 -9999 -9999 -9999 -9999 -9999 -9999 -9999 0.593062283432027 0.33603028357029 0.283732759952545 0.0734335175715387 0.0688168849796057 0.221390594542027 0.161085542471847 0.145045039057732
0.164601073041558 0.317109256982803 0.290320704877377 0.310872764885426 0.425657814741135 0.591128879785538 0.493047366477549 0.477725549787283 0.610834139585495 0.40354254464919 0.425638339201396 0.344374980102293 0.210298777744174 0.415480968169868 0.447070058435202 0.538946670293808 0.326659929007292 0.288785524852574 0.0994180145207793 -9999 -9999 0.0152188930661134 -9999 -9999 -9999 -9999 -9999 -9999 -9999 -9999 -9999 -9999 -9999 -9999 -9999 -9999 -9999 -9999 -9999 -9999 -9999 -9999 -9999 -9999 -9999 -9999 -9999 -9999 0.333216819167137 0.0706384607241489 0.144865484357985 0.100988484919071 0.0946835721813841 0.178818696737289 0.224514435732272 0.110488306358457
0.172214426379651 0.382335180044174 0.216505149751902 0.390452860295773 0.411020494997501 0.561198207736015 0.249253580253571 0.420925639569759 0.408530282229185 0.388112232089043 0.536582794412971 0.406512553522134 0.47664628829807 0.363490699697286 0.320515662431717 0.182391121797264 0.251779151614755 0.156305374950171 0.402420130372047 -9999 0.000144137951233425 0 -9999 -9999 -9999 -9999 -9999 -9999 -9999 -9999 -9999 -9999 -9999 -9999 -9999 -9999 -9999 -9999 -9999 -9999 -9999 -9999 -9999 -9999 -9999 -9999 -9999 -9999 0.289344780099964 0.193407030517119 0.127623859792948 0.0636143559451739 0.153313329815865 0.127895147353411 0.167724691331387 0.0902555592358112
0.570863872766495 0.238788732886314 0.204715086519718 0.331375142931938 0.195850890874863 0.266073501872597 0.450962574625737 0.490273974835873 0.465121828764677 0.256288236455912 0.451060850340025 0.175529935957174 0.458155222714413 0.262750065326691 0.531908140704036 0.377856934070587 0.293349139932434 0.402167744981125 -9999 -9999 -9999 -9999 -9999 -9999 -9999 -9999 -9999 -9999 -9999 -9999 -9999 -9999 -9999 -9999 -9999 -9999 -9999 -9999 -9999 -9999 -9999 -9999 -9999 -9999 -9999 -9999 -9999 -9999 0.239373034256278 0.100251487269998 0.470489096641541 0.0602521394092037 0.0600618272990687 0.0670989925420145 0.0664485601708293 0.0741044976661215
0.481221675872803 0.304783581910579 0.268056952953339 0.181077877758071 0.461768943071366 0.163682707310772 0.22669689655311 0.128155840581167 0.152387711227988 0.312192330457463 -9999 -9999 -9999 -9999 -9999 -9999 -9999 -9999 -9999 -9999 -9999 -9999 -9999 -9999 -9999 -9999 -9999 -9999 -9999 -9999 -9999 -9999 -9999 -9999 -9999 -9999 -9999 -9999 -9999 -9999 -9999 -9999 -9999 -9999 -9999 -9999 -9999 -9999 0.300228929520006 0.0685651889070868 0.126873564720154 0.0712805744132766 0.0562794281868264 0.454552054405212 0.0639023253694177 0.0753930261358619
0.144508401268255 0.17414772126358 0.223791205743692 0.554865191674617 0.159740404048716 0.351649867743254 0.132319858588744 0.0764710140776856 -9999 -9999 -9999 -9999 -9999 -9999 -9999 -9999 -9999 -9999 -9999 -9999 -9999 -9999 -9999 -9999 -9999 -9999 -9999 -9999 -9999 -9999 -9999 -9999 -9999 -9999 -9999 -9999 -9999 -9999 -9999 -9999 -9999 -9999 -9999 -9999 -9999 -9999 -9999 -9999 0.259562158771195 0.08135357084102 0.0840677581727505 0.0563407865352929 0.0849698543548584 0.148804787732661 0.0834680818021298 0.0578734025690508
0.0342756496742376 0.0944705992143283 0.242050384514391 0.291246382767335 0.164850106062977 0.224825000762939 0.198417966254056 -9999 -9999 -9999 -9999 -9999 -9999 -9999 -9999 -9999 -9999 -9999 -9999 -9999 -9999 -9999 -9999 -9999 -9999 -9999 -9999 -9999 -9999 -9999 -9999 -9999 -9999 -9999 -9999 -9999 -9999 -9999 -9999 -9999 -9999 -9999 -9999 -9999 -9999 -9999 -9999 -9999 -9999 0.124678676249459 0.0584249044128228 0.211621233820915 0.133676239848137 0.112302850931883 0.122216663509607 0.171859106421471
0.361024011583959 0.216131607769057 0.109812643410987 0.150658782338724 0.544010782241821 0.0690797329746266 0.109003355614641 0.331199780230236 -9999 -9999 -9999 -9999 -9999 -9999 -9999 -9999 -9999 -9999 -9999 -9999 -9999 -9999 -9999 -9999 -9999 -9999 -9999 -9999 -9999 -9999 -9999 -9999 -9999 -9999 -9999 -9999 -9999 -9999 -9999 -9999 -9999 -9999 -9999 -9999 -9999 -9999 -9999 -9999 -9999 0.111943471539173 0.0551657332100149 0.0705783137585968 0.12383868470788 0.265062887966633 0.0594323863042518 0.0619085515858387
0.103534694202244 0.0880811348557475 0.100558784604073 0.0700158793479204 -9999 -9999 0.13643731996417 -9999 -9999 -9999 -9999 -9999 -9999 -9999 -9999 -9999 -9999 -9999 -9999 -9999 -9999 -9999 -9999 -9999 -9999 -9999 -9999 -9999 -9999 -9999 -9999 -9999 -9999 -9999 -9999 -9999 -9999 -9999 -9999 -9999 -9999 -9999 -9999 -9999 -9999 -9999 -9999 -9999 -9999 0.39098246100117 0.107770373683888 0.063590648517129 0.0657572747848462 0.066959884390235 0.219697748124599 0.0838603958953172
-9999 -9999 -9999 -9999 -9999 -9999 -9999 -9999 -9999 -9999 -9999 -9999 -9999 -9999 -9999 -9999 -9999 -9999 -9999 -9999 -9999 -9999 -9999 -9999 -9999 -9999 -9999 -9999 -9999 -9999 -9999 -9999 -9999 -9999 -9999 -9999 -9999 -9999 -9999 -9999 -9999 -9999 -9999 -9999 -9999 -9999 -9999 -9999 -9999 -9999 0.160031676292419 0.05993653627811 0.0591756127590088 0.0813099513656852 0.0611915476867125 0.16856098920107
-9999 -9999 -9999 -9999 -9999 -9999 -9999 -9999 -9999 -9999 0.00036168746268922 0.087894401285677 0.163241423426672 -9999 -9999 -9999 -9999 -9999 -9999 -9999 -9999 -9999 -9999 -9999 -9999 -9999 -9999 -9999 -9999 -9999 -9999 -9999 -9999 -9999 -9999 -9999 -9999 -9999 -9999 -9999 -9999 -9999 -9999 -9999 -9999 -9999 -9999 -9999 -9999 0.351172947885025 0.0647505311666919 0.0793574816511018 0.136145208359812 0.384074016287923 0.130182794081338 0.464831882715225
-9999 -9999 -9999 -9999 -9999 -9999 -9999 -9999 -9999 -9999 -9999 -9999 -9999 -9999 -9999 -9999 -9999 -9999 -9999 -9999 -9999 -9999 -9999 -9999 -9999 -9999 -9999 -9999 -9999 -9999 -9999 -9999 -9999 -9999 -9999 -9999 -9999 -9999 -9999 -9999 -9999 -9999 0.303331378218488 0.0954940989613533 0.302695316568648 0.164317864179628 0.063883837684989 -9999 -9999 0.230948653817186 0.0845649202991524 0.0630809736343508 0.0516139518182172 0.0352234215323671 0.00927796381218471 0.02395236847372
-9999 -9999 -9999 -9999 -9999 -9999 -9999 -9999 -9999 -9999 -9999 -9999 -9999 -9999 -9999 -9999 -9999 -9999 -9999 -9999 -9999 -9999 -9999 -9999 -9999 -9999 0.0174466624166717 0.480440080165863 0.144534155229668 0.168595331830966 0.28692645653291 0.16522106739576 0.195787256956152 -9999 -9999 -9999 -9999 -9999 -9999 -9999 -9999 -9999 0.0835565231740475 0.203005370587505 0.593141460418701 0.509930175542831 0.102094179582161 0.184962904872373 0.0300715110043058 0.100611424306408 0.112805585958995 0.0623590135961422 0.0551024697701994 0.0432360257975233 0.0564842669817153 0.0713049209108398
-9999 0.124143473803997 -9999 -9999 -9999 -9999 -9999 -9999 -9999 -9999 -9999 -9999 -9999 -9999 -9999 -9999 -9999 -9999 -9999 -9999 -9999 -9999 -9999 0.550091820087982 0.258752885932336 0.169005323890087 0.0564348894975609 0.0528248888675053 0.167343907058241 0.110934632038698 0.203724521049298 0.279751017689705 0.149200877547264 -9999 -9999 -9999 -9999 -9999 -9999 -9999 -9999 -9999 -9999 0.165152937179991 0.134219276905063 0.101742769014811 0.0743956043075741 0.119544294977095 0.0696769939793739 0.052968719322439 0.0799206134921406 0.0382538686637417 0.0414187561753579 0.0482322275574916 0.0193665206481344 0.0195984336013112
-9999 0.158856384456182 0.0901812756957952 0.420027437582343 -9999 -9999 -9999 -9999 -9999 -9999 -9999 -9999 -9999 -9999 -9999 -9999 -9999 -9999 -9999 -9999 0.144321386586488 0.0665304021276349 0.146453432891576 0.146997096107225 0.06576938778162 0.105456645588856 0.131837279148749 0.175990823563188 0.223395700752735 0.241261978447437 0.159255386842415 0.150250579067506 0.141800265014172 0.275655599287711 -9999 -9999 -9999 -9999 -9999 -9999 0.144108481705189 0.0502295403346258 0.0809599460821801 0.0827744064721628 0.10347378073493 0.0744393042492447 0.068321081137492 0.0722147218723984 0.109447658772746 0.0491472175600073 0.0382119385669284 0.0386065787204576 0.0375885870703754 0.0373129778463708 0.0134774502381087 0.0266693983417351
0.692502778768539 0.088127376139164 -9999 -9999 -9999 -9999 -9999 -9999 -9999 -9999 -9999 -9999 -9999 -9999 -9999 -9999 -9999 -9999 0.33342159871807 0.158076998591423 0.167924957512878 0.0648280244075465 0.34332827610815 0.106080508825488 0.0745210971952474 0.0669479290692607 0.0461717657579584 0.0588852571141615 0.0549206749819859 0.0342353505344363 0.217338056862354 0.19686467051506 0.154008619533852 0.141491776706094 0.0117857623459888 0.032691658101976 0.00836233178422535 0.0132027271669358 0.12086843252182 0.149169371381868 0.0600373093748203 0.0543952116941512 0.0689318194843736 0.064517779624839 0.0669581886664673 0.0674655174517227 0.072912874159374 0.0368094511647311 0.0383367922522228 0.0134022904561775 0.0284338302970366 0.0509066814476682 0.0203378314155244 0.115511753302417 0.0267300296874282 0.0678521562367678
0.0546634975902294 0.0543318349939347 0.487523527257175 0.135305984318967 0.222401122807793 -9999 -9999 -9999 -9999 -9999 -9999 -9999 0.288259840011597 0.0898495398466511 0.243194023472938 0.168343043409232 0.0753735546426128 0.0956535555351015 0.076936449254822 0.0469208764415722 0.113059945446794 0.182611515000463 0.190404315499291 0.143854226184962 0.0679858996454186 0.0455705717322417 0.0372705694989794 0.0981975868251784 0.0435422819231917 0.372207964481822 0.0204199010085523 0.0513806060814972 0.126986462250352 0.0375042896680043 0.137309622887551 0.014302621597289 0.0298739784229042 0.0102695807821623 0.0403034571574608 0.0348603060592922 0.0493222481442572 0.0638652933875363 0.0480135750217428 0.105178840830922 0.405983766913414 0.0472457010248036 0.0431273243078405 0.0927658109233448 0.00738259917177543 0.0169122666664259 0.0365332570044018 0.0187894958316406 0.201278367638588 0.0561760279349983 0.0932909223600291 0.0609265906445216
0.0696014619813013 0.0533193734627494 0.0491044708487621 0.121082615932297 0.298825737897644 0.148909617960453 0.194122479868547 -9999 -9999 0.197247415782718 0.271530498989296 0.0744476995427703 0.0614978058439519 0.0680958189116609 0.132027399413346 0.208847967884503 0.11382061288441 0.0900977902734667 0.135494257323444 0.193469583359547 0.110097219419549 0.154452231806499 0.323312979540788 0.0924426956102252 0.0338103130503013 0.0554498907208905 0.0264523066580302 0.201680612660973 0.0086017314989777 0.0230535658077259 0.076693427851756 0.0282718878729121 0.0587421053554863 0.0686638906598091 0.084667396429202 0.0773338578175753 0.0231245185210355 0.0427438054590218 0.0647350384364017 0.0279156012462551 0.0384666271329479 0.0637582838855451 0.0919796158748795 0.0482464563816052 0.105055670277451 0.0541347629885422 0.0584565066805226 0.0570553058383666 0.0479591761570191 0.0716049626469612 0.0289497591892456 0.0243920234448524 0.0209915780153096 0.00805803015244351 0.0194334376435961 0.0597202938613918
0.0366047069458371 0.0550652847242199 0.0402876428696206 0.0565953216289472 0.130700506892197 0.129117351996916 -9999 -9999 -9999 0.113261159779606 0.123959853775655 0.0938190051027545 0.067609410732985 0.069856394698229 0.0737950965787942 0.0825493353516549 0.08362798269427 0.0864012400488718 0.197922343015671 0.230126903252676 0.116070527286502 0.122561319044326 0.152594895660877 0.279054707288905 0.0528547211163868 0.0501664125331445 0.0879760235551265 0.213542813062668 0.010667185112834 0.18435242413907 0.0172784809027932 0.296809620431718 0.150333232227938 0.0169353378503843 0.0618979051650967 0.137532936036587 0.0322980237368029 0.0672360889380798 0.0634731236146763 0.112747593224049 0.200994399124465 0.0608041703701019 0.058738796281245 0.129335112310946 0.0961134668439627 0.0730322755873203 0.0789911345113069 0.048580947748269 0.0294158249722386 0.00598451528334039 0.0979823568672145 0.0174567461016941 0.0461930541406767 0.0304267328247113 0.0847884686481848 0.0312613947890895
0.0240373387933434 0.408996731042878 0.0499880205889126 0.0505521945680221 0.104376312271438 0.0855069810892525 0.154746143519878 0.21735718089185 0.0797422044124669 0.0958896085619926 0.20515374839306 0.144034215807919 0.0484441278663637 0.0651283666699667 0.093184201807945 0.0668002128606738 0.0700430561274061 0.139830267433717 0.0976306825876337 0.168845811104984 0.0909836219179649 0.103352119028569 0.0327548374593789 0.0254266402403741 0.0258617560344646 0.0573764245491475 0.0516003197059035 0.022635853871637 0.021451912464552 0.0505954832100429 0.073267504632438 0.00602613282390171 0.0651854486622649 0.0414647430800861 0.0293868244112673 0.0751943233946804 0.0454352556434856 0.0256320953181302 0.0277664348750477 0.0253344815224409 0.039090242513339 0.0352735068957657 0.0305725316151381 0.105041734883102 0.263084404836582 0.119093763590716 0.0188120341444311 0.0748417943716049 0.0814304605135729 0.00502124899076511 0.0589669428953695 0.114413014294163 0.0439714234322309 0.0241052958167984 0.0116026758450289 0.02158893339742
0.219579741358757 0.179924519266933 0.073346766291295 0.0629205101095654 0.0168662045151704 0.0130390325996259 0.0187634498003668 0.0355759142544116 0.0580091029405625 0.171879863873255 0.127591574192047 0.0895195507974222 0.0570989380633613 0.0414139519576949 0.0529041343457891 0.129958946503029 0.434451670025737 0.249610973801464 0.0690624304816256 0.0500942513364375 0.0279729370027783 0.0295435294510353 0.0293515667319858 0.00772833002787196 0.0849973847121735 0.0372205135266995 0.114440919458866 0.0275078218568069 0.024613795091102 0.00540652121417226 0.0294011688341016 0.0206081082398406 0.134315641224384 0.0245652603915914 0.135159902274609 0.0155394837724302 0.0111033925790092 0.0388438166469854 0.0486134340702847 0.0462911818313717 0.0350470457969176 0.0241251569270297 0.0986224098164598 0.0612945400284768 0.138552069664013 0.0460778892235081 0.047351794877211 0.0277800984829369 0.0179108234164232 0.012321867929262 0.0125733133457462 0.00764269398949366 0.00271274002862497 0.00783344302584954 0.0200198555524635 0.00854746042183779
0.236565464735036 0.225202766244286 0.224487063486589 0.0821961979185744 0.0576843682894264 0.0582723777974024 0.0284801542811839 0.0251042266438746 0.0326935987919569 0.125036264164373 0.00968039156869244 0.0244402268901467 0.0310996309767461 0.0357397358945036 0.0463669384695095 0.111771165825485 0.0808197662068153 0.0445380245674516 0.033999937159873 0.0737038103843503 0.0351684458553809 0.00896668003045007 0.671332180500031 0.00525901871773934 0.0621762563074299 0.0544294978623697 0.0160305608065159 0.023763069151221 0.00551742647892635 0.00758027192993183 0.00927265491784537 0.0162945532472804 0.0371293214683888 0.0115664604510783 0.0139078555223581 0.0268453170729345 0.0207882095028105 0.0214323144664604 0.0604293785989285 0.0282395310914687 0.0940377755556256 0.0299129568666103 0.0669808122795075 0.033724028065626 0.0437951027889767 0.0231048893318776 0.021795485102939 0.0182156466075639 0.00704553057452489 0.00779871894916049 0.00392982093855157 0.00181524674455584 0.00401101511286252 0.0100911195291928 0.0152462175063597 0.0141686011450567
0.115394469597959 0.144785738902283 0.210259214176634 0.197595956921577 0.143863725414849 0.0796299365230937 0.0640553779978745 0.0713083893060684 0.0503240519130827 0.0682409818116867 0.0511704761534929 0.0657107754203025 0.145583524775806 0.0393015157047557 0.0893260486869593 0.0318033919173389 0.0381466779378105 0.236411943932035 0.119018209036375 0.15832435874498 0.0620156839489937 0.00633785343388203 0.156584736860259 0.033505795057863 0.0206932471226908 0.0192525239013491 0.0911506033697151 0.00358314245624354 0.00271315134623052 0.549842280571619 0.595718336105347 0.0989871304231201 0.00175400876905775 0.533093196153824 0.035956713550695 0.0285648203975597 0.0430470010556746 0.0231247806936894 0.0435711584221281 0.0489188774838112 0.00396330561502694 0.0545243203319842 0.0219102683590009 0.0174840336099684 0.039524632653464 0.00798090640507958 0.0067230685616482 0.013933370657719 0.0119531652783422 0.00233890968613522 0.00184893326637052 0.0490931440144777 0.0121329179046567 0.00478740185522756 0.0175492983311415 0.0178981543138548
