Maxent_result_files_1/Bombus_schrencki_3.asc
NCOLS 594 
NROWS 330 
XLLCORNER -15 
YLLCORNER 23 
CELLSIZE 0.166666666666667 
NODATA_value -9999 
[rows 120 to 139 of 330, columns 495 to 539 of 594]
0.037796376645565 0.0240666268393397 0.0333239426836371 0.0278777616098523 0.0171149694360793 0.0269430797547102 0.021273391880095 0.0362757595255971 0.0150572665035725 0.0381258485838771 0.0128606129437685 0.0516498345881701 0.0413425734266639 0.0312539910897613 0.0118107358459383 0.0096238677855581 0.0199550866149366 0.0186171488836408 0.0124168762005866 0.00757013270631432 0.00524022609461099 0.00164557034149766 0.00147534433635883 0.00931356754153967 0.0168603595346212 0.0280003825202584 0.0486241677775979 0.0464449527673423 0.0209069732576609 0.0106158553157002 0.00384470481658354 0.0349155180156231 0.0837479721754789 0.0778320908546448 0.0163754288107157 0.00791150231380016 0.0125711319036782 0.00168846270535141 0.00192578693386167 0.00267775988904759 0.00168996469583362 0.00168335081543773 0.00323113591875881 0.0064367008395493 0.0522037686780095
0.0266147218644619 0.0209044886752963 0.00436820172471926 0.0120876691304147 0.0097000487614423 0.00697889713919722 0.0113691567676142 0.0109571821987629 0.0239131193608046 0.0160936697386205 0.0221079239621758 0.0198137012310326 0.0426962623372674 0.0462782829999924 0.00149232770927483 0.00673016211949289 0.0274432377889752 0.084925327450037 0.0194655433297157 0.0122230376116931 0.0182660657912493 0.0075391432037577 0.0152954807505012 0.0179229903034866 0.00575680469628423 0.00935920802876353 0.00366577758686617 0.00159158185706474 0.00185000643832609 0.00186803708784282 0.00621994603425264 0.00584360489156097 0.00537226183805615 0.0028357666451484 0.00682229783851653 0.00299229442607611 0.00176986792357638 0.00202458305284381 0.00320747713558376 0.0022978737601079 0.00196901122108102 0.00167093006893992 0.00221656820503995 0.00521877030842006 0.0337257931008935
0.00665377879049629 0.00689414602238685 0.00603978207800537 0.0113749730400741 0.0118382113054395 0.0237642778083682 0.0130859773140401 0.0287306962534785 0.016297803632915 0.018011328112334 0.011920758895576 0.0779271066188812 0.0416312877088785 0.00673774580936879 0.00856072981841862 0.0223621968179941 0.00925434422679245 0.00103129383860505 0.00389314424828626 0.0483408756554127 0.0166807695291936 0.0212154258042574 0.0322443330660462 0.0519680544734001 0.039998834580183 0.0323586484417319 0.0196459784172475 0.0150427829474211 0.0141502680256963 0.0222814063541591 0.0210183352231979 0.0100444939918816 0.00796545757912099 0.0027851521037519 0.00172301428392529 0.00317490793531761 0.00332440759520978 0.00214651679852977 0.00229851605836302 0.00542500494047999 0.00466517647728324 0.00173266739584506 0.00494370504748076 0.00912653608247638 0.0169411622919142
0.0104526618495584 0.0315597992390394 0.0322805581614375 0.0143848759122193 0.0264883833006024 0.0232147668488324 0.00933881744276732 0.0151669924147427 0.0139149600639939 0.0142355240881443 0.0260255200788379 0.0406221700832248 0.0151977362111211 0.00959312142804265 0.00408610349986702 0.00164439034415409 0.00843016766011715 0.0147263314574957 0.0203181992284954 0.0252154067158699 0.0198781569488347 0.0076360734179616 0.0105304467957467 0.0161722527816892 0.0218165321275592 0.0240410841070116 0.0212995002046227 0.0313465915620327 0.0288761043921113 0.0398645795881748 0.0170511267147958 0.0795729678124189 0.0238950635306537 0.0509711407124996 0.0211635657586157 0.0111272659618407 0.00451987980632111 0.00154631995828822 0.00196868269704282 0.00198419392108917 0.00617643191944808 0.00468214057618752 0.00852535192389041 0.00789463981054723 0.00501956415828317
0.0122947503812611 0.00978884506039321 0.0132522204890847 0.0128988968208432 0.0123798449058086 0.00750773419858888 0.00893647345947102 0.0119390608742833 0.00717729036696255 0.0173399237915874 0.00827557984739542 0.00817988645285368 0.0136466776020825 0.00978849809616804 0.00636544901644811 0.0153937899507582 0.0166164032183588 0.00607968533877283 0.0137386526912451 0.0199954139068723 0.0141397225670516 0.0108560293912888 0.00910553555004299 0.00895681055262685 0.00939936903305352 0.0141424715518951 0.0120216098614037 0.0176851809956133 0.00585634396411479 0.0111926859710366 0.0125608523376286 0.0125905148684978 0.000810267722408753 0.00789220649749041 0.0444558169692755 0.0208028180524707 0.0135166307911277 0.0163520249538124 0.00929696159437299 0.00490085078636184 0.00552023269701749 0.00633214802946895 0.00474240372423083 0.00679588837083429 0.0109124402981251
0.00244529057526961 0.00665540026966482 0.00777789740823209 0.0177264677360654 0.0159836371429265 0.0264577718451619 0.00484779188409448 0.00437936717644334 0.00352084512123838 0.00669000535272062 0.00356869937386364 0.00101851903455099 0.000737985226442106 0.00151875183801167 0.00170413650048431 0.0108999888412654 0.024599945358932 0.00593863057438284 0.0155250143259764 0.00345513630891219 0.025734852347523 0.014943577721715 0.00880697029642761 0.00522765537025407 0.00564964842051268 0.0176173770800233 0.00257596767623909 0.0172551047056913 0.0176056707277894 0.015904975682497 0.02336306553334 0.0259282981976867 0.0117410534061491 0.0167396010830998 0.0272249201312661 0.0255006784573197 0.011182134738192 0.00358649124973454 0.0107672214508057 0.0229102784767747 0.0122010887600482 0.0150179146789014 0.0135337051935494 0.0149938981048763 0.0209294850938022
0.0369906228035688 0.0351998385041952 0.0107927622739226 0.00735055992845446 0.00127214380772784 0.000779887815588154 0.00270427837385796 0.00156087971408851 0.00110751202737447 0.00185598347452469 0.0026047870866023 0.00114416053547757 0.00046046370989643 0.000593613760429434 0.00134255402954295 0.00211380753898993 0.0116644515655935 0.00444756661308929 0.0015694414585596 0.00333936077076942 0.0213450261391699 0.0241745370440185 0.0206347677856684 0.0116495564114302 0.00197909063426778 0.000491462036734447 0.00819417261518538 0.025551095418632 0.0199084644205868 0.0152472774498165 0.00476616163505241 0.00267083423095755 0.0269093908369541 0.0262122506275773 0.0153235436417162 0.00543330606305972 0.0197664070874453 0.010587327927351 0.00408934536390007 0.0170780315995216 0.00382662169868127 0.0284576114267111 0.0177127384580672 0.00861073252744973 0.00937138311564922
0.00714249627199024 0.00521573467412964 0.0039126860210672 0.00168870406632777 0.00133742057951167 0.000852099776966497 0.000717959796020295 0.00273092294228263 0.00116704860847676 0.00096946176054189 0.000899196359387133 0.000605503897531889 0.000417946176457917 0.000649765225534793 0.000566825488931499 0.000627680345496628 0.000555022566550178 0.000474957658298081 0.00045001696125837 0.00138231453311164 0.00274846262764186 0.0110293938778341 0.0121561009436846 0.00445197953376919 0.0125872839707881 0.00878515248186886 0.000543787775677629 0.00140305101522245 0.000799793747137301 0.00118933781632222 0.000805401445541065 0.000873267081624363 0.000799914987874217 0.00191142385592684 0.000560424123250414 0.00122509821958374 0.00218655860808212 0.00829196670092642 0.00233660537051037 0.0133360031992197 0.0150545256212354 0.0183398464694619 0.00792232910171151 0.0346195409074426 0.0161626382730901
0.00160538112686481 0.00110483639873564 0.00509233641205356 0.00144488246296532 0.00258557210327126 0.000995128910290077 0.00105698384868447 0.00113672936859075 0.0018419626809191 0.00135435592383146 0.000584753231669311 0.000629626869340427 0.000427470708382316 0.000517045418382622 0.000477317461627536 0.000607234025665093 0.00033084768729168 0.000519825179071631 0.000444981336477213 0.000567400833824649 0.00738245421089232 0.011949255457148 0.00655992433894426 0.0128461266867816 0.00110250413999893 0.000795477318752091 0.000397883765981533 0.00123289948969614 0.00174498156411573 0.00297579980106093 0.000746561915730126 0.000848005045554601 0.00125269361305982 0.000924359915370587 0.000746619229903445 0.000669229174673092 0.00172203861584421 0.00598577954806387 0.00483287668321282 0.00148535736079793 0.00173546974256169 0.00233752448693849 0.000877390170353465 0.0132927362807095 0.0166471219621599
0.00127003336383495 0.00132403341704048 0.000901950316620059 0.000851406130823307 0.000823383254464716 0.0007127614095225 0.000724985006672796 0.000745704691507854 0.000625896590645425 0.000710543067543767 0.000590260518947616 0.000588204442465212 0.000410502846352756 0.000438250925799366 0.000566243319190107 0.000578138462151401 0.000474990928341867 0.00122288440179545 0.000449135439703241 0.000650222627155017 0.00177955190301873 0.0016126076283399 0.000705312745412812 0.000858963331847917 0.000618531782674836 0.000865346088539809 0.000664188228256535 0.000682141372817569 0.000865164703282062 0.00115606407198356 0.000601342146546813 0.000799650634871796 0.000791145882976707 0.000870066808420233 0.000766192690934986 0.000618158046563622 0.000784342557017226 0.000780372400186025 0.00123829401127296 0.000856161446426995 0.000661968359054299 0.000603546654747333 0.000687796587590128 0.000774487346643582 0.0298656962811947
0.0012102845867048 0.000801159272668883 0.000659385493781883 0.000525276936969021 0.00180177020083647 0.000867389190534595 0.000624371816229541 0.00065164883271791 0.000438196885079378 0.000645448593422771 0.000616941861517262 0.00047472278602072 0.000681598504888825 0.000567160214995965 0.000650721667625476 0.00047011695933179 0.00058854294475168 0.000634032147354446 0.000644813771941699 0.00058547833468765 0.000485835318977479 0.000404355727368966 0.000439864418876823 0.000834646486327983 0.000721373793203384 0.000853180796548258 0.0014226612605853 0.000839213066501543 0.000664030722691677 0.00152606190822553 0.000640431517967954 0.000931222538929433 0.000588094785780413 0.000724041656940244 0.00111531699803891 0.000843519423506223 0.000631495963898487 0.000933108400204219 0.000675882225914393 0.000829939567483962 0.00100324800150702 0.000821502093458548 0.00084825046651531 0.00420045210048556 0.00808774561155587
0.000684130525041837 0.000897105780313723 0.000884515726647805 0.000579017274139915 0.000657024086103775 0.000859237242548261 0.000946955941617489 0.000519172570784576 0.000753139752487186 0.000647365508484654 0.000704353692708537 0.0012503494421253 0.00365350533975288 0.0009630711414502 0.000507818501500879 0.000596861509256996 0.000581015604257118 0.000552334415260702 0.000634094163251575 0.000573054663254879 0.000405881494225468 0.000439111235027667 0.000659772075596265 0.000712642050348222 0.000797613371105399 0.000646958670404274 0.000809369110356783 0.00118748927488923 0.000958331322181039 0.000846125523094088 0.00106693765264936 0.00106344725063536 0.000945104069251101 0.00209858136950061 0.00118846153200138 0.00111569483415224 0.000832401387742721 0.00108804363408126 0.000843874653219245 0.000842269067652524 0.000655018997349543 0.000823361950460821 0.00100399190851022 0.000832226633792743 0.000848729109566193
0.000876894211978652 0.00348124038428068 0.00102765526244184 0.00101090996467974 0.000645359126792755 0.000508292569429614 0.00146107437903993 0.000624004832206992 0.000754735623195302 0.000631790146871936 0.000439742691378342 0.000453849141922547 0.000531546641286695 0.00052123119821772 0.000597286080301274 0.000581540673738345 0.000584337821055669 0.000595139928918798 0.000387445293017663 0.000486009470478166 0.000601718855614308 0.000574043692176929 0.000663595202786382 0.000660667760530487 0.000810134317725897 0.00115533615899039 0.000859024282544851 0.000617417950707022 0.00106118866096949 0.000696467673697043 0.000700625281024259 0.000975130384904332 0.000896983937127516 0.000639126995520201 0.00096022873185575 0.000963636767119169 0.00087645978492219 0.000866011111065745 0.00085154619300738 0.000828595424536616 0.000795191377983429 0.000876942464674357 0.000973312460700981 0.000907970877597109 0.000680284565169131
0.00198283813369926 0.00155891057220288 0.00153071577951778 0.000757452691323124 0.000753386999713257 0.000798746923101135 0.00117421677568927 0.00121193247614428 0.000565272552194074 0.000505680905189365 0.000598807931237388 0.00167461745731998 0.000876782812702004 0.000617516155762132 0.000630665036442224 0.000440323381917551 0.00166642082040198 0.00088419415988028 0.00130736862774938 0.00121424809913151 0.00192641550675035 0.000654447134002112 0.00120054096041713 0.0015550441283267 0.000703234045067802 0.000797754983068444 0.00151133550680242 0.000839904797612689 0.0010136046417756 0.000850367514067329 0.000971043627941981 0.000858336055534892 0.000870389299234375 0.000835476198699325 0.000755976949585602 0.000751134211895987 0.000873154395958409 0.00084758396842517 0.00111932457075454 0.000913820571440738 0.000755460417713039 0.000822752567182761 0.000757162351510488 0.000764592675841413 0.000832618400454521
0.000688432583410759 0.000480293158398126 0.000694624739116989 0.000707159686135128 0.000836162801715545 0.000680132993147708 0.00101741794787813 0.00120750255591702 0.000518415752594592 0.000579929281957447 0.000917312293313444 0.000686426971515175 0.000460092830326175 0.00055686467239866 0.000944969971897081 0.000644531998841558 0.00105797560536303 0.000507944674609462 0.000535147901973687 0.000621535679965746 0.000440065289149061 0.00183327755657956 0.000877667576423846 0.00164121986017562 0.000707817281363532 0.00106116037204629 0.00116613844875246 0.000786170759238303 0.000800018137670122 0.000637257013295311 0.000982793851289898 0.000911017711041495 0.000840836987481452 0.000866438401862979 0.000710769748548046 0.00152712424751371 0.000948356318986043 0.00100491081830114 0.00079378395457752 0.000757991464342922 0.000739908270770684 0.000712357554584742 0.000708726949233096 0.000729681996745057 0.000737093560746871
0.000376051064267813 0.000505046458420111 0.000784980777825694 0.000709105021087453 0.000668752478668466 0.000450005814491306 0.000665638854843564 0.000381917300182977 0.000556756219884846 0.000499278548522852 0.000519680356956087 0.00073699604254216 0.000993797559931409 0.000698844838188961 0.000658980749722104 0.000710150992381386 0.00041992639307864 0.000491362204775214 0.000719602653407492 0.000688711591647007 0.000645017599163111 0.000643940162262879 0.000794619438238442 0.000559845197130926 0.000702301689307205 0.000856910631409846 0.000720764580182731 0.000786171507206745 0.000773183748242445 0.000802121154265478 0.000933009368600324 0.000852648232830688 0.000965568554238416 0.000734013388864696 0.001089059014339 0.001100232754834 0.000884543170104735 0.000881006830604747 0.000815214504837059 0.000776017477619462 0.000743293631239794 0.000709067762363702 0.000706085163983516 0.000803366143372841 0.000707267905818298
0.000629677099641412 0.00062849108944647 0.000614476655027829 0.000591977959993528 0.00070797926891828 0.000557020874111913 0.000637100683525205 0.000664192745171022 0.000651814200682566 0.00055660459183855 0.000930920915561728 0.0005903740406211 0.000743391091236845 0.00070087902713567 0.000431285804370418 0.000594330265448662 0.00039832838519942 0.000580181063560303 0.000589673795911949 0.000602411759609822 0.000588078968576156 0.000631133622664493 0.000473774402053095 0.000632919585041236 0.000656284975411836 0.0006763310302631 0.000675241663702764 0.000702210259623826 0.000824168798862956 0.000763158235349692 0.000821909896330908 0.000865583284758031 0.000998234769213013 0.00183294136368204 0.00236358013353311 0.00161718297749758 0.000989772257162258 0.000971790970652364 0.000904446656932123 0.000880974816391245 0.000768525115563534 0.000683069766091648 0.000635533542663325 0.000962878044811077 0.000677082504262216
0.000746493769111112 0.000593545682204422 0.000907382305013016 0.000627716588496696 0.000791490566916764 0.000811623106710613 0.000928916686098091 0.000594180931511801 0.000614891828445252 0.00108819648157805 0.00056681017158553 0.000846564397215843 0.000821305328281596 0.000740463376860134 0.000444113150297198 0.000412272797257174 0.000666794716380537 0.000581509743642528 0.000596567757020239 0.000455446568957996 0.000461759913014248 0.000432777211244684 0.000425281281059142 0.000389198919583578 0.00062742174777668 0.000651343258505221 0.000665099041361827 0.000675965193659067 0.000710026681190357 0.000757845633779652 0.00081222123990301 0.000910850806394592 0.000941918397438712 0.00111258136166725 0.0433182688429952 0.0225050875917077 0.000898388581117615 0.00104950358800124 0.000960489030694589 0.00089479963935446 0.000806098018074408 0.000696704380970914 0.00187540332553908 0.000652772339526564 0.000679509073961526
0.000651889768778346 0.000604563696833793 0.000561680507962592 0.000601819272560533 0.000665296443912666 0.000603065236646216 0.00065873136773007 0.000640960481541697 0.000847407997935079 0.0145194010809064 0.00431757048936561 0.000600025843596086 0.000635440768382978 0.000688998855184764 0.000465567073842976 0.000516296736896038 0.000397139129927382 0.000381355860008625 0.000412504703854211 0.000343574395083124 0.000389739125967026 0.000541617418639362 0.000837699812836945 0.000377495458815247 0.00067466531181708 0.000508089076902252 0.00045144698524382 0.000506720469275024 0.000606769212754443 0.000604429391387384 0.00145406110095792 0.000895189546281472 0.000922161029302515 0.00104503088805359 0.00528481733053923 0.0998109888285399 0.00122096347913612 0.00109216706769075 0.00100666717626154 0.000960435290471651 0.000831464127986692 0.000719698745524511 0.000641759192512836 0.000648753417772241 0.00067887773620896
0.000624233567214105 0.000608201666909736 0.000584818885545246 0.000888946338091046 0.000602948294545058 0.000577258283738047 0.000701613628189079 0.000618440985272173 0.00067946515919175 0.00137123737949878 0.000609742771484889 0.000697670204681344 0.0006598906868021 0.000516975710343104 0.00044646749884123 0.000587021192768589 0.00064722097304184 0.000338899751659483 0.000331564311636612 0.000527644433896057 0.00054012474429328 0.00057319385377923 0.000552633618644904 0.000566126847115811 0.000379826141579542 0.000365083436190616 0.000440819381037727 0.000715812912676483 0.000723663985263556 0.00074063254869543 0.00078616539540235 0.000864089513197541 0.000962918263394386 0.0010578579705907 0.00111939410562627 0.000815252962638624 0.00121530040050857 0.000798514664347749 0.00111493702570442 0.00102928941487335 0.00091415579081513 0.000806097156601027 0.000720239340444095 0.000705158410710283 0.000832345033995807
