Maxent_result_files_1/Bombus_barbutellus_3.asc
NCOLS 594 
NROWS 330 
XLLCORNER -15 
YLLCORNER 23 
CELLSIZE 0.166666666666667 
NODATA_value -9999 
[rows 80 to 99 of 330, columns 414 to 459 of 594]
0.00133254928514361 0.00375460253562778 0.00140898075660516 0.000939158836131093 0.000219831327453002 0.000841406779363751 0.000860647135414183 0.000622922427101002 0.00105227471503895 0.000694991077762097 0.000675717869307846 0.00090907245175913 0.000526486861053854 0.000669038322615734 0.000900753424502909 0.000391065649620259 0.00359514565207064 0.00211827904568054 0.00173089783056639 0.000709836097666994 0.000758801150368527 0.000826858804794028 0.000564213981851935 0.00123910697075189 0.0012182017089799 0.0008251215913333 0.00117498193867505 0.000890077164513059 0.000786143861478195 0.000557376490905881 0.00337389528285712 0.00297513304976746 0.00485676985699683 0.0027998597593978 0.00406399061903358 0.00301438530441374 0.00186130867805332 0.000329751716344617 0.000494789177901112 0.00264599167276174 0.00017083233808568 0.000345570009812946 9.34641466877606e-05 0.000199218607125085 0.000149901989973844 0.000186882579995296
0.00224266062723473 0.00341579420492053 0.00105817921454907 0.00103229696366287 0.00151111957198355 0.0005737938628954 0.000771351942057663 0.0007986975251697 0.00105469539230398 0.00181387584889308 0.0018916295026429 0.000638532262239755 0.000317242722930122 0.000232732860689477 0.000905441649956629 0.000886276719393209 0.00178329362533987 0.0025121207931079 0.00236733031924814 0.00158120437408797 0.000679823008249514 0.000463250462780707 0.000282246177597467 0.00142658175318502 0.000834542259690352 0.00159514308907092 0.00183870502514765 0.00165232889121398 0.000785965303657576 0.00109669803641737 0.00227264467393979 0.00393097437918186 0.00328272006008774 0.00342076970264316 0.0047305689426139 0.000982223747996613 0.000421030331926886 0.001168679271359 0.00118109539616853 0.00108607545262203 0.000192794594434853 7.51677036771481e-05 6.98128498334838e-05 9.7985312030946e-05 0.000348841588856885 0.000230600236682221
0.00416847250889987 0.00325117167085409 0.00637275567278266 0.0043263801606372 0.000620119568338851 0.000570238404718415 0.000692031456484654 0.000584987229909273 0.000510307972677382 0.000351541827612423 0.000727709459494197 0.000585723729268195 0.000764295599765319 0.00034606603494628 0.00107226499821991 0.000966328516369686 0.00220022896537557 0.00211977045983076 0.00182239266578108 0.000702301983255893 0.000342086697713695 0.000528250619662696 0.00154985646933967 0.00153131177066825 0.00296725800726563 0.00193967793602496 0.00163494299631566 0.00206826054491103 0.00166399133158848 0.00136839511105791 0.000874964578542858 0.00229753451421857 0.00450283696409315 0.00259570642374456 0.00187251569004729 0.000923518888885155 0.00138497754815035 0.000503149646101519 0.00113819175749086 0.00060135436069686 0.00016306137543084 0.000165250513742965 0.000111361358532736 8.8135912203402e-05 0.000139650137823322 0.000107321182725073
0.00469572450965643 0.00248821601271629 0.00147291554021649 0.000847765618039431 0.000638499759224942 0.0021201872616075 0.00155399889918044 0.000470141858172424 0.000597116067149317 0.000421592941005233 0.000219153845270414 0.00113821321283467 0.000905381917254999 0.00124792333226651 0.00263097163988277 0.000826070323455497 0.000503441278593619 0.000681194186568346 0.000622396508134671 0.000167124677517783 0.000286961585278267 0.000371715490007718 0.00690337251871824 0.00156959186424501 0.00113383267889731 0.000364471646322073 0.000872487592278048 0.000921596062835306 0.0016774149145931 0.00166327753104269 0.000811574843828566 0.00299893785268068 0.00125943123130128 0.00100901445839554 0.00383140447083861 0.00202931191306561 0.00193779654800892 0.000613437296124175 0.00157732469378971 0.00220106369815767 0.000497432425618172 0.000694694022240583 0.000170186859237631 0.000136411894985633 0.000107700095644669 8.90632157187654e-05
0.00373830574098974 0.00317198964767158 0.00140134849030318 0.00128072830848396 0.00109775456658099 0.000943090637429123 0.00073715749738611 0.00254451459040865 0.00204033419722691 0.000402148398376312 0.00234686131589115 0.000673044065479189 0.000639392068617506 0.000767247549812278 0.000571674543215295 0.000927070196406354 0.000252746451392538 0.000568265340479623 0.000606920997014071 0.0030568286369089 0.000435469456465942 0.00217105628689751 0.00605050292797387 0.00396110627334565 0.00264299286063761 0.00176553631899878 0.00151017521857284 0.000558129658929829 0.00291943207848817 0.00135433405521326 0.00407337262295187 0.00417067436501384 0.00177618373418227 0.00153736544307321 0.00133628326584585 0.00136405786615796 0.00191731518134475 0.00284720016643405 0.00435726859141141 0.00154348810319789 0.00121290591196157 0.000274047530797361 0.000405602801765781 4.44934596523061e-05 0.000166438222585552 0.000105451444534543
0.00345502162817866 0.00669197249226272 0.00319375025574118 0.00156493914506678 0.000831329022003047 0.00176698947325349 0.00275524720782414 0.00296430728631094 0.00167414760217071 0.00137313113664277 0.00121307273511775 0.00319168686401099 0.00169205303427589 0.00286638755351305 0.00203266044845805 0.00132111413788817 0.000827406971422473 0.000450466746406164 0.000843745395622686 0.000710629947460495 0.00101319172827061 0.00302031782921404 0.00374709451571107 0.00225267891073599 0.0038694336777553 0.00210785480448976 0.00375234796665609 0.00187523184577003 0.000544944978901185 0.00173131062765606 0.00154560996452346 0.00429802886210382 0.00111150195589289 0.00197010099655017 0.00180973337846808 0.00247238157317042 0.00452657102141529 0.00170268759829924 0.00170101183757652 0.000469897438428468 0.000367655168125269 0.000621383891848382 0.0025135133008007 0.002601389674237 0.000157423730653017 0.000146435957876179
0.00215255244402215 0.000934925746441095 0.00413200571201742 0.00278469235636294 0.00180654639843851 0.000826993255759589 0.00124119553365745 0.000918348220875487 0.00100736416061409 0.00246791200479493 0.00162673286395147 0.000902037409832701 0.000875906143846805 0.00131741625955328 0.000638425113858987 0.000672662172402616 0.000992883381329312 0.000520491123826439 0.000910552771478024 0.000592755759498687 0.00235007854644209 0.00356067498214543 0.00397735685110092 0.00175957641331479 0.00203035639133304 0.00225269505754113 0.00276438696309924 0.00109473763441201 0.00301157326903194 0.00259530247421935 0.0021246042160783 0.00488619518000633 0.000866347452392802 0.00116730020963587 0.00188334226841107 0.00349037915002555 0.00222823356743902 0.000956525429501198 0.000390852508875372 0.00132462079636753 0.0019363411818631 0.0011665741330944 0.00556524032726884 0.000444568662260281 0.000161288026350059 0.000260179217922785
0.00792733929120004 0.00583381676115096 0.00467078187502921 0.00556208868511021 0.0022271211957559 0.00118624148890376 0.00108742532611359 0.00133735826530028 0.00109493825293612 0.00188145957654342 0.00205029702046886 0.00188865452016387 0.00127502970586382 0.00143406761788142 0.00123371684930123 0.00125148057575899 0.00113545182407184 0.00116907860525497 0.000688021891354051 0.0029337989166379 0.00763260428793728 0.00257072994815717 0.00399663515854627 0.00146768268896267 0.00107912746025249 0.000840701267588884 0.00166730954078957 0.0020769065245986 0.00363906305283308 0.00277364753419533 0.0026722471229732 0.000865925289690494 0.00160556526388973 0.00160187284345739 0.00199253769824281 0.00298610833706334 0.00199388365726918 0.00114750250359066 0.00154704223095905 0.00175349701312371 0.00494277410907671 0.00557239105692133 0.00649829342728481 0.000128796384419039 0.000601271920258506 0.00496794888749719
0.00376669289544225 0.00375861378852278 0.00271791584762013 0.00136328026710544 0.00212879663376953 0.00251737913349643 0.000612324127168762 0.000600861080859627 0.000507959769657806 0.000243540046164059 0.000708844295761024 0.00107094394156775 0.00202577252493938 0.00191975283583085 0.000770149109682161 0.00257846605831062 0.0101127070374787 0.00335498833883321 0.00234526396168167 0.00865327198989689 0.00195752992918762 0.00500644829589874 0.00497246715240181 0.00305558894760907 0.000445728737630935 0.00326585826696828 0.00210962592100259 0.00267210539578309 0.00699290186166763 0.00450935098342597 0.00153303062543273 0.00241775445174426 0.00220943496096879 0.00386458828579634 0.00302251786924899 0.00423738376703113 0.00259727064985782 0.00179709595977329 0.00232037404784933 0.00208284784873456 0.000932559689343171 0.00107832243341172 8.74742534835327e-05 0.000222126678189072 0.00100636928201598 0.0010020923014963
0.00491100153885782 0.0027683524414897 0.00537972743622959 0.00239236892739427 0.00933301118202507 0.012237061932683 0.017094240989536 0.011493277316913 0.00773354116827249 0.0075182733591646 0.00405581637751311 0.00102191573174222 0.000700257420907635 0.000837143272706786 0.00184669744819814 0.00178626598752072 0.0017340038857811 0.00246739188079821 0.00465162227628753 0.000695792400150474 0.00216290782980337 0.00279121720232069 0.00449262431357056 0.00292397439479828 0.00493997926823795 0.00653035738505423 0.00211305984141532 0.00285540586482966 0.00283690872602165 0.00190950884716585 0.00230033765546978 0.00176499694935046 0.00276154265739024 0.00486534361261874 0.00700707039795816 0.00160498755285516 0.00120313651791548 0.000588674408572842 0.00207813374581747 0.00128814206109382 0.00126544421073049 0.00121248966236998 0.00040424475705817 0.00101647109695477 0.000434608716734897 0.000376192572416101
0.0120492493733764 0.0026463873226021 0.00857546669431031 0.00711692422628403 0.00870558805763721 0.0106944331433624 0.0140788559801877 0.0141181849874556 0.00848721107468009 0.0119574336335063 0.00675193355418742 0.00244878587545827 0.00626734965480864 0.00182256479160969 0.00420985782984644 0.00171689752023667 0.00102656113049306 0.0014370481497452 0.00070198400812681 0.000360442958959484 0.00262650655131438 0.00328886834904552 0.00561716738156974 0.00390545082045719 0.00485993374604732 0.00225887863198295 0.00446964846923947 0.00258666047593579 0.00413052730727941 0.00383398747071624 0.00143337379558943 0.00211163713829592 0.00254965216154233 0.00365510003175586 0.00302272436747444 0.00363805026281625 0.00201163495717083 0.0022840109304525 0.00134352575405501 0.00163904341752641 0.000750051796785556 0.000790894907549955 0.00177550569642335 0.0023319200379774 0.000390433484119412 0.000474482853587688
0.00294111749753938 0.00303546627983451 0.0031107230221096 0.0050204545375891 0.00185633085680835 0.00973668093793094 0.015687692258507 0.009255909640342 0.00807418562471867 0.0117819455452263 0.0115709961391985 0.0099196563474834 0.00953081180341542 0.00122902002723894 0.00185991689286311 0.00178826092160307 0.00212096840841696 0.00110675311918116 0.00109472182921309 0.000571461474082802 0.00081766544032007 0.00348621183075011 0.00878791254945099 0.0105694632977247 0.00297876960830763 0.00769450822845101 0.00539350570179522 0.00440800464712083 0.00239888086143765 0.00138638307689689 0.00293942056596279 0.00204676684224978 0.00167977053206414 0.00508532817475498 0.00341647753957659 0.00299248350784183 0.00270112631842494 0.00316149151185527 0.00246707256883383 0.000530776242339925 0.000478206899788347 0.00142158436065074 0.00255425227805972 0.00370754458708689 0.000770706258481368 0.000605731214279537
0.0099262660369277 0.00980217638425529 0.0108639667741954 0.00393213641364127 0.00609879298135638 0.00787701588124037 0.00708334897644818 0.00544651732780039 0.0049909548368305 0.00799255217425525 0.0121849732473493 0.0076164118014276 0.008123695012182 0.00156223065658878 0.00130622758952086 0.000546538378308681 0.000855126821446639 0.0012640900541857 0.000789228952460064 0.00116422876983775 0.000605489543011917 0.00167844606239436 0.0045980992494151 0.00357495490461588 0.0109866247978061 0.0104605612810701 0.00825084061361849 0.00252199628157541 0.002116660005413 0.00285693628247827 0.00367669826373458 0.00179796399315819 0.0018865410820581 0.00364413056522608 0.00384960214141756 0.0034626443637535 0.000797565870043004 0.00461459858343005 0.00144194840968552 0.00184728085259849 0.00236152680590749 0.00313199375523254 0.00406271575484425 0.00329228560440242 0.00165625367662869 0.00024533227465251
0.00859530987218022 0.0119508787058294 0.00783065129071474 0.00175735387892928 0.00700375502929091 0.00729919248260558 0.0089671011082828 0.0182864286005497 0.00891451151110232 0.0106086043640971 0.00707621627952904 0.00858812956139445 0.00273144439561293 0.00802371487952769 0.00368744073216334 0.0060281092999503 0.00215466340669082 0.00144193005980924 0.00109510003972622 0.00113347454503268 0.00149225413190716 0.0039708913071081 0.0109508397523314 0.00990248471498489 0.00283463613054664 0.00858166045509279 0.00757292362395674 0.00315562813775614 0.00358731186715886 0.00347754571121186 0.00591882248409092 0.00363839284982532 0.00190539623145014 0.00321328882128 0.00439500641077757 0.00351497433148325 0.00438256172928959 0.00248513295082375 0.00334077019942924 0.00100605487677967 0.00128761250183979 0.00178339749691077 0.00372745544882491 0.00389990113908425 0.00145514224204817 0.000413755166664487
0.0141640959307551 0.0131027589552104 0.00515754513908178 0.00203943691275561 0.00868029175326228 0.00830387636087835 0.0119773579761386 0.0114776626229286 0.00960760843008757 0.00686655277386308 0.00672425818629563 0.0110887804068625 0.0107185664586723 0.0115292711183429 0.00386731603648514 0.00592973185703158 0.00175575101148624 0.0011929398441021 0.00118918231107855 0.00111657284536406 0.00194700323045254 0.00310451653786004 0.00300990081159398 0.00843837009742856 0.011533290380612 0.00290158591233194 0.00987699436955154 0.00578603874891996 0.00599554206710309 0.00333001834806055 0.00412007342092693 0.00204137681284919 0.00283908629789948 0.00338387878146023 0.00950609329156578 0.00641627695877105 0.00293318993644789 0.00544662100728601 0.00619306997396052 0.00178367358748801 0.000479726466177266 0.00165716331131307 0.00487180466298014 0.00399328907951713 0.000567672727003254 0.000332362907451389
0.00647655837237835 0.00475773368962109 0.0167261546477675 0.00452885224949569 0.0101337028201669 0.0031438811449334 0.00951380371116102 0.00466934766154736 0.00642982544377446 0.00325149495620281 0.00328094875440001 0.0067852146923542 0.00257017821422778 0.00292647995083826 0.00467492886818945 0.00205984172644094 0.000963770710154677 0.00403265063650906 0.00188651837379439 0.00114895198785234 0.00173653590027243 0.00377470426028594 0.00390043721999973 0.00583744337782264 0.00506578877102584 0.00394366168184206 0.00464744435157627 0.00596922594122589 0.00360172935761511 0.0049529762705788 0.00452602414879948 0.00317052833270282 0.0023678727215156 0.00253824475221336 0.00459661376662552 0.0037087453645654 0.00445158202201128 0.00327771379379556 0.000462529314251869 0.00447204832453281 0.00295803055632859 0.0019176832982339 0.00139226979808882 0.000827091122153945 0.00123828819196206 0.000309147998632397
0.00501025905832648 0.0203504471108317 0.0268987081944942 0.0125967433676124 0.0115232490934432 0.00583443187642843 0.00232535011600703 0.00529140096623451 0.0060892260633409 0.001260850042339 0.00283698065322824 0.00799057558178902 0.00373438994093571 0.00623793289996684 0.00565467849373817 0.0060156294668559 0.00239309639437124 0.000907643884420395 0.00124421402579173 0.00162464841703834 0.00214266157709062 0.00235331653348823 0.00163384966797366 0.00365219439845532 0.00475525092333555 0.0106806413270533 0.00630651223473251 0.0103620293550193 0.0043355023721233 0.00372817813185975 0.00485038375481963 0.00317543572746217 0.0047465656651184 0.00348684249911457 0.00612071854993701 0.00632403464987874 0.00639167446643114 0.00715526668354869 0.00466708962339908 0.00530632296577096 0.00525833917781711 0.00250744080985896 0.00202645228127949 0.000510818222679577 0.00075023938586174 0.000758859297494274
0.00464238987769932 0.0102019070647657 0.00930904163978994 0.0137688721530139 0.00955102583393455 0.00384633190697059 0.00645004902034998 0.00958633115515113 0.0113981544971466 0.00480930246412754 0.00656457967124879 0.00676814988255501 0.00450544753111899 0.00262801089556888 0.00235443668207154 0.0034455026499927 0.00289458892075345 0.00162614514244734 0.00406530720647424 0.00408439538441598 0.00375552054028958 0.00161558138912359 0.00528174522332847 0.00579173811711371 0.00410138003062457 0.00460884352214634 0.00824438147246838 0.00423001162707806 0.00370265473611653 0.00454982982482761 0.00279246673453599 0.00648877508938313 0.00784360277466476 0.00541410942096263 0.00319500975310802 0.00198033684564132 0.00241511286469516 0.00749584678560495 0.00620104463305324 0.00211720962543041 0.00225688563077711 0.00134132098173723 0.00384478159248829 0.00311099705286324 0.000981249608003054 0.000604668835258171
0.00077126015535014 0.00374159964267164 0.00422849466558546 0.00456945429323241 0.00271194450376451 0.00556604927405715 0.0121031968854368 0.0131873806938529 0.0060839423793368 0.00636311988346279 0.00432427772320807 0.00364776281348895 0.00139295327862783 0.000743081209461671 0.00217298849020153 0.000490407902706203 0.00177447097375989 0.00247302174102515 0.00529359807260335 0.00722057241946459 0.0113707735203207 0.00721283000893891 0.00632089888677001 0.00562653432134539 0.00912694972939789 0.00939272972755134 0.0049475560663268 0.0032699235714972 0.0035320351831615 0.00186361956875771 0.00175465732463636 0.00107494926196523 0.00525851880665869 0.00690757799893618 0.00612960597500205 0.0057881292887032 0.00384452602593228 0.00321787570137531 0.00505009961780161 0.00264912565471604 0.00289901370415464 0.00311827020486817 0.00135477300500497 0.000861282944970299 0.00144270972523373 0.00156892275554128
0.0036819072032813 0.00996560589410365 0.00150895243168634 0.00210240741721606 0.00734312310814858 0.008579953154549 0.0107497487217188 0.0109961867332458 0.0128704488277435 0.0123901666142046 0.00705341324210167 0.00389299521921203 0.00507001862861216 0.00883425851352513 0.00482124469708651 0.00178241145040374 0.00822315588593483 0.00901983776129782 0.00706293843686581 0.00758913923054934 0.00826205769553781 0.00761316425632685 0.0106164779514074 0.00620324488263577 0.00677418271079659 0.00729080762248486 0.0118672554846853 0.00563837324734777 0.00490507879294455 0.00353063640650362 0.00248013936216012 0.0013269288756419 0.00222953419433907 0.00296505461446941 0.00619503180496395 0.00472547214012593 0.00484352295752615 0.00291647237027064 0.00273753067012876 0.00119069280626718 0.00210496999789029 0.00531057403422892 0.00183084500022233 0.00142681826619082 0.000846528863318052 0.000822909944690764
