Maxent_result_files_1/Bombus_muscorum_2.asc
NCOLS 594 
NROWS 330 
XLLCORNER -15 
YLLCORNER 23 
CELLSIZE 0.166666666666667 
NODATA_value -9999 
[rows 210 to 230 of 330, columns 47 to 93 of 594]
0.329299572110176 0.513168588280678 0.558491405844688 0.577386394143105 0.63930552303791 0.858151829242706 0.759310472011566 0.765245753526688 0.770662420988083 0.612635910511017 0.793819284439087 0.817760795354843 0.867619520425796 0.749734699726105 0.904160135984421 0.811612051725388 0.80044978260994 0.735724997520447 0.809831911325455 0.556639462709427 0.724634712934494 0.534411746263504 0.522648599743843 0.417367380857468 0.546537029743195 0.512443310022354 0.743291985988617 0.659143280982971 0.307647335529327 0.165816406905651 0.182033188641071 0.221378260850906 0.275143438577652 0.261681738495827 0.303852201998234 0.301904675364494 0.216434550285339 0.286328813433647 0.611628663539886 0.549397674202919 0.695791953802109 0.669240248203278 0.630585151910782 0.676072895526886 0.558013451099396 0.202671036124229 0.134747748821974
0.306797209382057 0.444992473721504 0.382930886745453 0.587994685769081 0.633053749799728 0.749472165107727 0.844396817684174 0.911944556236267 0.759166711568832 0.9503657579422 0.735950082540512 0.73119705915451 0.841572213172913 0.819139462709427 0.79222406744957 0.796936398744583 0.491247335076332 0.78835186958313 0.588404044508934 0.655102288722992 0.744160979986191 0.842382276058197 0.525939884781838 0.589770901203156 0.53580516576767 0.788451951742172 0.497865608334541 0.437860006093979 0.280940708518028 0.21292979568243 0.325895828008652 0.603620153665543 0.566835689544678 0.651025950908661 0.507881698012352 0.37275185585022 0.430884382128715 0.415106159448624 0.653733313083649 0.721563410758972 0.695340758562088 0.748951715230942 0.608236992359161 0.710711342096329 0.627581363916397 0.601368528604507 0.696346318721771
0.360913194715977 0.327050344645977 0.364706230163574 0.687325066328049 0.482232692837715 0.642643508315086 0.499648877978325 0.432417088747025 0.371117122471333 0.506202498078346 0.551984715461731 0.535991305112839 0.495732146501541 0.502655985951424 0.538333547115326 0.781419736146927 0.507433924078941 0.547252130508423 0.435488757491112 0.41828747689724 0.406149828433991 0.471539714932442 0.459662121534348 0.314452324807644 0.544312334060669 0.569534733891487 0.51113398373127 0.364722248911858 0.549727675318718 0.542997387051582 0.397784376144409 0.185698479413986 0.20422503054142 0.606124013662338 0.624649047851562 0.504523953795433 0.589288863539696 0.519861763715744 0.542044419050217 0.448304507136345 0.557623702287674 0.442857012152672 0.597166883945465 0.616409158706665 0.627699023485184 0.623369461297989 0.444768399000168
0.298428766429424 0.116804158687592 0.301295349001884 0.531532835960388 0.69828794002533 0.714558219909668 0.3470602825284 0.42829946577549 0.554738003015518 0.454509475827217 0.451471158862114 0.324233677983284 0.329105554521084 0.610398381948471 0.569212934374809 0.487708526849747 0.592841613292694 0.600670379400253 0.385846766829491 0.496068388223648 0.754436546564102 0.7121477663517 0.767695373296738 0.758460927009583 0.373566380143166 0.438645684719086 0.699471098184586 0.567568144202232 0.71273455619812 0.266121047735214 0.236232188344002 0.204915112257004 0.317442856729031 0.301263302564621 0.530601853132248 0.655807363986969 0.695456129312515 0.51044240295887 0.391061240434647 0.491579902172089 0.340390062332153 0.459698924422264 0.506712624430656 0.433509647846222 0.472020614147186 0.561316546797752 0.555629709362984
0.484542438387871 0.721187031269073 0.562171819806099 0.505039429664612 0.489019477367401 0.466123962402344 0.177691730856895 0.241364865005016 0.316622760891914 0.41999391913414 0.315816424787045 0.401657140254974 0.369137525558472 0.290072333812714 0.338782951235771 0.277633172273636 0.266228304803371 0.27867945432663 0.313110929727554 0.31314742565155 0.344407978653908 0.629208099842071 0.706937700510025 0.595822817087173 0.53881344795227 0.611583197116852 0.63223043680191 0.481440722942352 0.679276233911514 0.582324582338333 0.309602050483227 0.138092338293791 0.26934190839529 0.2078652754426 0.201494592428207 0.314626485109329 0.366051250696182 0.56119384765625 0.454374223947525 0.344378617405891 0.502072831988335 0.518890622258186 0.478514590859413 0.263498935103416 0.20415104329586 0.365109863877296 0.518570899963379
0.491541796922684 0.774332118034363 0.693295240402222 0.40924554169178 0.362362456321716 0.310035134851933 0.204829574376345 0.275655016303062 0.224499206244946 0.372775480151176 0.424035266041756 0.382361420989037 0.354327043890953 0.304863575100899 0.269563443958759 0.400127799808979 0.242239946126938 0.237460426986217 0.241500876843929 0.239718587696552 0.32262114584446 0.537651288509369 0.557629552483559 0.947349220514297 0.674180287122726 0.638405993580818 0.698285007476807 0.642956292629242 0.64923130273819 0.512559512257576 0.151312755793333 0.836919015645981 0.130426627397537 0.173513364046812 0.244104008376598 0.194252455234528 0.253507775068283 0.204207484424114 0.141053241491318 0.189883694052696 0.283897726237774 0.203255359828472 0.239378176629543 0.380085158348083 0.361239005625248 0.33289432823658 0.280986678600311
0.128050675988197 0.182582472264767 0.190554091334343 0.148907805234194 0.185816682875156 0.112155018746853 0.137775578349829 0.446769335865974 0.111962004750967 0.344115997850895 0.307728582620621 0.292679171264172 0.333222880959511 0.347409981489182 0.320185147225857 0.371307641267776 0.338210475444794 0.256778658926487 0.335996153950691 0.239582613110542 0.4724349796772 0.6600461602211 0.646112024784088 0.554782620072365 0.638135170936584 0.519588339328766 0.820529454946518 0.86882112622261 0.517956149578094 0.367539158463478 0.299110826849937 0.310948745906353 0.259486943483353 0.192384102195501 0.136083713918924 0.127288230508566 0.242464029788971 0.300194600224495 0.142952101677656 0.226875331997871 0.1801169231534 0.176862414181232 0.13628381639719 0.223697292804718 0.26775461435318 0.340507477521896 0.276075886189938
0.125420287996531 0.277501893043518 0.179013317078352 0.0975268140435219 0.0811317577958107 0.112723986804485 0.322096930444241 0.174316994100809 0.110061584413052 0.318355067074299 0.193335317075253 0.3457937926054 0.362881743907928 0.363880497217178 0.324022924900055 0.263355533778667 0.201309061050415 0.211102767288685 0.214651539921761 0.25736032128334 0.400463935732842 0.386222025752068 0.341191357374191 0.520599475502968 0.386440005898476 0.456665855646133 0.378549310564995 0.44276268184185 0.570963343977928 0.578870761394501 0.651814377307892 0.479267290234566 0.519004198908806 0.197029676660895 0.118245386332273 0.117227622866631 0.112976140528917 0.352616243064404 0.0762354649603367 0.0800446301698685 0.16012207120657 0.141850396990776 0.07392090074718 0.126310157775879 0.0940613850951195 0.0957043759524822 0.0990663036704063
0.151953755319119 0.236418379843235 0.0701570138335228 0.0290616802871227 0.12966118529439 0.101096118614078 0.121124353259802 0.0459689548239112 0.350655545294285 0.286284729838371 0.234357956051826 0.35211456567049 0.289937289059162 0.225815391540527 0.372467045485973 0.0948895670473576 0.234520587325096 0.345330329239368 0.211643644422293 0.323207701742649 0.356529405713081 0.296191310882568 0.35327752828598 0.282378157973289 0.247958882153034 0.438692396879196 0.479412940144539 0.440089300274849 0.753801667690277 0.528666314482689 0.349256485700607 0.648554563522339 0.215730114653707 0.0896679311990738 0.131218060106039 0.0646813977509737 0.110414635017514 0.373485243320465 0.167635720223188 0.100977177172899 0.0857395477592945 0.0948197707533836 0.115741404145956 0.0783907495439053 0.107854331284761 0.072685145586729 0.25248309969902
0.0699563466012478 0.130471692979336 0.0892917159944773 0.0586066108196974 0.0350811827927828 0.0393705958500504 0.0423261282965541 0.0949601359665394 0.259157565236092 0.177075285464525 0.441301888227463 0.219964562356472 0.153747133165598 0.19427600055933 0.0837970919907093 0.0952827051281929 0.1971630230546 0.232543021440506 0.161253920197487 0.201844920217991 0.530672737956047 0.365445038676262 0.431047424674034 0.29310594201088 0.193067659437656 0.382473960518837 0.461741480231285 0.423259702324867 0.387041056156158 0.230648829042912 0.225868038833141 0.220076959580183 0.103127913922071 0.183225186169147 0.185348039865494 0.272474290430546 0.216655397415161 0.0819893233478069 0.168797322362661 0.112680938094854 0.0552170068025589 0.0807481370866299 0.0743914023041725 0.102162235602736 0.0794916067272425 0.0579845156520605 0.150867442786694
0.0427318420261145 0.0406833069398999 0.0966591186821461 0.147470876574516 0.0268969455733895 0.0627380400896072 0.0966595977544785 0.0946743078529835 0.227113831788301 0.40670979321003 0.251568035781384 0.198383823037148 0.180341298878193 0.23566305488348 0.0835256900638342 0.0730737689882517 0.131676007807255 0.158575320243835 0.111704092472792 0.19314007461071 0.260225848853588 0.692951267957687 0.780838119983673 0.700279170274735 0.386538362503052 0.175014911592007 0.267988419532776 0.569213330745697 0.242686086893082 0.173684971034527 0.112490589171648 0.28507921397686 0.0762967390939593 0.127922800555825 0.264255011081696 0.228585657477379 0.247627167031169 0.221558913588524 0.0962600611150265 0.0589382287114859 0.0654116850346327 0.0713058393448591 0.0821545489132404 0.085795383900404 0.0945053290575743 0.072871109098196 0.167954628914595
0.0152397043071687 0.0270546234212816 0.055755690485239 0.099758518114686 0.0640246152877808 0.0755028206855059 0.110496122762561 0.155144970864058 0.225744158029556 0.323885071277618 0.237143214046955 0.192326457798481 0.179387363046408 0.163948073238134 0.158821738511324 0.206200329959393 0.10137379989028 0.260931102931499 0.370199024677277 0.337637273967266 0.552282708883286 0.634991198778152 0.453434735536575 0.40356525182724 0.162026406824589 0.221570986509323 0.214257553219795 0.357057404518127 0.635096296668053 0.539060860872269 0.68923379778862 0.704632496833801 0.243885144591331 0.296786807477474 0.224731028079987 0.383132690191269 0.45747653990984 0.351390653848648 0.366086223721504 0.105564021319151 0.0763849198818207 0.0919992245733738 0.170435185730457 0.270996335148811 0.192056475579739 0.22513575553894 0.120227481424809
0.0408335531130433 0.0747130200266838 0.142827928066254 0.0901919860392809 0.110574844107032 0.166912756860256 0.150611289590597 0.190958407521248 0.407817947864532 0.703682899475098 0.273229397833347 0.259205995500088 0.200455881655216 0.185091701149941 0.116462741792202 0.218637183308601 0.170972980558872 0.49611721932888 0.558141669631004 0.498966440558434 0.572918799519539 0.151105397194624 0.120605066418648 0.0772452268749475 0.195525205135345 0.275375206768513 0.335011038184166 0.335527993738651 0.528646868467331 0.47509610503912 0.601545816659927 0.556445333361626 0.392044866085053 0.444494533538818 0.248402099311352 0.317222951352596 0.604631820321083 0.361775337159634 0.0420795656740665 0.19153932146728 0.363312265276909 0.0854410272091627 0.241289868950844 0.272847531735897 0.24433328807354 0.144914228469133 0.150457522273064
0.104406347125769 0.0736822117120028 0.102171539887786 0.0809974081814289 0.12372894436121 0.0960225075483322 0.173075425624847 0.226869012415409 0.28464453369379 0.427782195806503 0.560083574056625 0.359617215394974 0.338445174694061 0.290982091426849 0.110599511116743 0.133718847483397 0.173241289705038 0.392180585861206 0.437571886181831 0.378318220376968 0.261925087869167 0.198137645423412 0.138537983596325 0.173398846387863 0.135810934007168 0.365529161691666 0.28398856818676 0.233199243620038 0.217629599571228 0.336845144629478 0.162448653578758 0.532016114890575 0.625759428739548 0.755284580588341 0.252694317698479 0.510047191381454 0.726948577165604 0.70376367866993 0.629027670621872 0.403373608738184 0.260122030228376 0.264427306130528 0.252036574482918 0.458706223964691 0.368491184711456 0.43069768846035 0.410750988125801
0.0983459480106831 0.179266619682312 0.0868051245808601 0.179412679374218 0.0877114962786436 0.0975798822939396 0.233304959535599 0.262940327823162 0.286040548980236 0.298211807012558 0.610565337538719 0.346386952698231 0.694650417566299 0.432645353674889 0.3865742623806 0.247426192462444 0.306661488115788 0.306429359316826 0.477148115634918 0.0906484426930547 0.196666562184691 0.394085271656513 0.146802858263254 0.136782909184694 0.231270486116409 0.242312005162239 0.126921605318785 0.18514851257205 0.229783445596695 0.336769032478333 0.625351032614708 0.285123896598816 0.349482908844948 0.738492232561111 0.627365973591804 0.256245340406895 0.233941932022572 0.645163390040398 0.756991022825241 0.601932415366173 0.656913644075394 0.357509608566761 0.545387178659439 0.398277747631073 0.241476039588451 0.293988963961601 -9999
0.134753712266684 0.153516653180122 0.140427415072918 0.119011806696653 0.116221472620964 0.0484772151336074 0.0805809933692217 0.357669477164745 0.414954826235771 0.451513567566872 0.63867227435112 0.703029704093933 0.837012666463852 0.706989908218384 0.453228357434273 0.638198497891426 0.136972385644913 0.126254900544882 0.0848457042127848 0.221808212995529 1 0.64832976013422 0.352970370650291 0.115064007788897 0.151731383055449 0.229149067401886 0.114063737541437 0.152498234063387 0.223981833457947 0.276360699534416 0.421311956644058 0.5903165102005 0.551055324077606 0.235278631001711 0.727204221487045 0.315834210813046 0.411858090758324 0.488423375785351 0.529882320761681 0.739617198705673 0.508898016810417 0.716263341903687 0.278741943836212 0.192633128166199 0.191485612094402 0.752618515491486 -9999
0.0760077405720949 0.0912959821522236 0.152580787241459 0.0908334091305733 0.0797130309045315 0.0512153444811702 0.0455610575154424 0.16963357180357 0.543242737650871 0.536219176650047 0.690349739789963 0.659449729323387 0.844690871238708 0.755929285287857 0.18152544721961 0.0893238071352243 0.123055658861995 0.135199021175504 0.158676477521658 0.238448646664619 0.434497675299644 0.169322732836008 0.22753142863512 0.237819391489029 0.141418639570475 0.118082513660192 0.179403799772263 0.16130379140377 0.310332009196281 0.363865467905998 0.37357601672411 0.237588630616665 0.301686403155327 0.40397465378046 0.479516765475273 0.225990580767393 0.32401919439435 0.335417412221432 0.176800011843443 0.280187419056892 0.411708012223244 0.248060455918312 0.183507812023163 0.207348690927029 0.534262293577194 -9999 -9999
0.0625096410512924 0.0358972353860736 0.0683843053877354 0.0592535898089409 0.0522446596994996 0.0600532492622733 0.0735711649060249 0.173368564248085 0.207358312606812 0.47466439306736 0.158919306099415 0.105549874901772 0.063109153881669 0.121942445635796 0.134831559658051 0.0707744412124157 0.070805861055851 0.0669108282774687 0.0869785591959953 0.0897961355745792 0.0585332989692688 0.160443000495434 0.094355108961463 0.0679786458611488 0.0861502699553967 0.137588358670473 0.245141454041004 0.270045657455921 0.30260805785656 0.295252554118633 0.418820950388908 0.0831174466758966 0.336033177375793 0.399981446564198 0.311716482788324 0.282359509915113 0.451608268916607 0.172280463576317 0.217657781392336 0.0579761233180761 0.099649965763092 0.0624031206592917 0.270107734203339 0.533381786942482 -9999 -9999 -9999
0.0379608469083905 0.0698569729924202 0.0677656348794699 0.0630884282290936 0.0678063860163093 0.0721610877662897 0.0448567425832152 0.0660449095070362 0.07038867585361 0.079929094389081 0.0544416911900043 0.0749131165444851 0.0910087686032057 0.126657145470381 0.130618020147085 0.0709865912795067 0.0681373506784439 0.0522962424904108 0.11996627561748 0.0524392342194915 0.0479596883058548 0.059619015827775 0.110575736314058 0.122296299040318 0.0999726377427578 0.163496616482735 0.177150306105614 0.236253795027733 0.308266535401344 0.192090580612421 0.232090441137552 0.489059947431087 0.299698307365179 0.0685926333069801 0.294881661236286 0.130110943317413 0.154366829991341 0.358913296461105 0.130233854055405 0.0725604694336653 0.104930126667023 0.217271830141544 0.540611916780472 -9999 -9999 -9999 -9999
0.0552545130252838 0.0690376657992601 0.0525833928957582 0.063804112188518 0.085174248740077 0.0522907003760338 0.0761433310806751 0.0773713182657957 0.0676126103848219 0.145859145373106 0.0662302531301975 0.109064263850451 0.0711638431996107 0.0672239374369383 0.18223785161972 0.175499665737152 0.173140873759985 0.11530491784215 0.139972434192896 0.185417947918177 0.0487119980156422 0.059287565946579 0.0833304487168789 0.111509811878204 0.0897459205240011 0.100953581184149 0.119474914669991 0.164905527234077 0.236344486474991 0.252203926444054 0.4186753064394 0.224635396897793 0.0476300291717052 0.0516916315071285 0.122256779670715 0.19406535550952 0.037455290183425 0.0601173715665936 0.165689731389284 0.0891165733337402 0.034564702026546 0.14879542440176 -9999 -9999 -9999 -9999 -9999
0.0392130693420768 0.0614680804312229 0.0555693835020065 0.047841171734035 0.0485119940713048 0.0954174257814884 0.113084729760885 0.111385612562299 0.114530455321074 0.112453901022673 0.0588661625981331 0.18860102891922 0.0401362136006355 0.0279164416715503 0.0469333719462156 0.0379136014729738 0.245392271876335 0.191539990901947 0.239778046309948 0.213215804845095 0.198482406139374 0.0729908660054207 0.127480109035969 0.12503369525075 0.157167115062475 0.123824672400951 0.125448758155108 0.130277399718761 0.14461190700531 0.224520528316498 0.287908650934696 0.204680940508842 0.205661078542471 0.0787328623235226 0.13462230488658 0.100558149814606 0.161106039583683 0.0354103181511164 0.0907878153026104 0.0629833463579416 0.156269085407257 -9999 -9999 -9999 -9999 -9999 -9999
