Maxent_result_files_1/Bombus_hortorum_2.asc
NCOLS 594 
NROWS 330 
XLLCORNER -15 
YLLCORNER 23 
CELLSIZE 0.166666666666667 
NODATA_value -9999 
[rows 100 to 119 of 330, columns 414 to 459 of 594]
0.0976209960877895 0.0550636630505323 0.0255620190873742 0.0207567872479558 0.0749425917863846 0.0775841720402241 0.0860521405935288 0.0735962472856045 0.0591485559940338 0.073465047031641 0.0730631038546562 0.0845065049827099 0.0887478590011597 0.0776917792856693 0.0296428149566054 0.048743811249733 0.0178036611527205 0.0345821360126138 0.0405438460409641 0.0248352723196149 0.0370120888575911 0.0385037112981081 0.057848396897316 0.0573504373431206 0.0504992879927158 0.0521415777504444 0.0392843913286924 0.0371121946722269 0.027816684730351 0.0834980919957161 0.0454607356339693 0.223939509689808 0.0577987402677536 0.0494190294295549 0.0461502443999052 0.0235299242660403 0.0228808896616101 0.0342725407332182 0.0108286106958985 0.0131848972290754 0.0139371205121279 0.0124973993748426 0.00867822216823697 0.0103814277797937 0.00386078669689596 0.00835472731851041
0.0992169126868248 0.0977736249566078 0.0988862857222557 0.0590628352016211 0.0343288233503699 0.0849937736988068 0.0447017546743155 0.033755580894649 0.0952672854065895 0.0952910222113132 0.0873435087502003 0.07991943359375 0.0803110830485821 0.0274713668972254 0.0160159402526915 0.0281919283792377 0.0269772728905082 0.0400169875472784 0.0177894719876349 0.0510819777846336 0.0175280937924981 0.0442883841693401 0.0761242639273405 0.0578345280140638 0.0495427642017603 0.0525232888758183 0.0412259493023157 0.043649011105299 0.0451558299362659 0.0442768480628729 0.05360740236938 0.143999848514795 0.212427842617035 0.0460040133446455 0.0530586402863264 0.0356811666861176 0.0190816612914205 0.0334597697481513 0.00553388427942991 0.00935516431927681 0.0249098727479577 0.0175360409542918 0.0119581333361566 0.00810440806671977 0.00488962437957525 0.0104437987320125
0.0928830713033676 0.0931779973208904 0.0867835327982902 0.0953334502875805 0.101369907706976 0.0853409096598625 0.0186915528029203 0.0166397826746106 0.043180276080966 0.0526395652443171 0.0735469169914722 0.0407060753554106 0.0405129052698612 0.0383780799806118 0.0154114590957761 0.0282697439193726 0.0314047398045659 0.0248066438362002 0.0165673398412764 0.0648551978170872 0.0605904418975115 0.0371612519025803 0.0707690842449665 0.0662905979901552 0.0633986718952656 0.0511364959180355 0.0350829159840941 0.0892269596457481 0.0545641262084246 0.0437240917235613 0.0240968409925699 0.0627987448126078 0.133031640946865 0.0412850674241781 0.050720402225852 0.0119543583132327 0.00970509466715157 0.0099362825974822 0.0102314716205001 0.00514093074016273 0.0116157499141991 0.0215398972854018 0.013899284042418 0.00677163209766149 0.00458428137935698 0.00627336194738746
0.071928758919239 0.0558700285851955 0.0627305909991264 0.065359178557992 0.0697808463126421 0.0781970322132111 0.0355786064639688 0.0638797793537378 0.0277414890006185 0.0488974675536156 0.0498054001480341 0.0281275572255254 0.0119906076230109 0.011948259267956 0.0171702202409506 0.0267456453293562 0.0495060041546822 0.0147281484678388 0.0128644852899015 0.0137358779087663 0.0231340458616614 0.0327203016728163 0.0345601234585047 0.0795122370123863 0.0640132796019316 0.0346790259703994 0.0476842146366835 0.0487187206745148 0.0570501141250134 0.0771330572664738 0.0352282969281077 0.0395467270165682 0.0551819924265146 0.0610405743122101 0.0524253431707621 0.0141429011709988 0.00374783305451274 0.00827279556542635 0.00515270226169378 0.0080404938198626 0.0147602361626923 0.0141991522163153 0.014484379440546 0.00787894860841334 0.00528762913309038 0.00660876319743693
0.0418805848807096 0.102065998315811 0.0994683586061001 0.0826536066830158 0.0908898591995239 0.0457596398890018 0.0262807052582502 0.0179089200682938 0.012799699511379 0.0114293369464576 0.0173214082606137 0.0319164430722594 0.0159449220634997 0.0253482036292553 0.0218394342809916 0.00899300370365381 0.045887042209506 0.0111616213805974 0.011255990806967 0.0276999793946743 0.0290644962340593 0.0155238178558648 0.0469626106321812 0.0601460605859756 0.0668849863111973 0.0576942577958107 0.0704794839024544 0.0639905087649822 0.0660415105521679 0.100025830417871 0.0495683424174786 0.0759389132261276 0.0885163851082325 0.0565141327679157 0.0181451794691384 0.00709358141757548 0.00537072154693305 0.00523404786363244 0.00389446665067226 0.00645481329411268 0.00426120050251484 0.0162174240685999 0.0128524445928633 0.0182177581824362 0.0126202622428536 0.0179316746070981
0.0439850073307753 0.0675153099000454 0.0778751567006111 0.0912293799221516 0.0811120718717575 0.0262578999623656 0.0246376095339656 0.0158484855666757 0.0143079181201756 0.00935384696349502 0.0226265840232372 0.0236825650557876 0.0337627680972219 0.0539698101580143 0.0440159898251295 0.0115059874020517 0.0105175501666963 0.0225329421460628 0.0427000004798174 0.049800007417798 0.030087293125689 0.0319627748802304 0.024986570328474 0.0337437132373452 0.0554931379854679 0.0946467943489551 0.086481411755085 0.0719658475369215 0.080966554582119 0.070256207510829 0.0956720881164074 0.046345692127943 0.0682151757180691 0.0508290767669678 0.0138630644418299 0.00370123009197414 0.00331924399361014 0.00341998795047402 0.00332522394601256 0.002561159664765 0.00487836515530944 0.00331723599229008 0.00359141523949802 0.00398959291633219 0.00234322247561067 0.00255164760164917
0.0379416270181537 0.0313771031796932 0.0277783934026957 0.015400365460664 0.0243762969970703 0.0106554916128516 0.0152258805930614 0.0122220410965383 0.0162757222540677 0.0142194530926645 0.0201385658234358 0.0113837660290301 0.0300645928829908 0.0475745752453804 0.0179011948406696 0.0265640506520867 0.0174406454898417 0.0451042503118515 0.0272445395588875 0.0124432836659253 0.011090328078717 0.0241671273484826 0.016713560372591 0.0226244892925024 0.0720248874276876 0.103790486603975 0.091173543035984 0.0965135775506496 0.107114847749472 0.0683249656111002 0.0504356820136309 0.0634908225387335 0.0301106359809637 0.0139579160138965 0.0092976497951895 0.0281071722507477 0.00803700438700616 0.00279583060182631 0.00310911862179637 0.00224940235493705 0.00320139615796506 0.00215240007964894 0.00475636483170092 0.00272502696607262 0.00210047787986696 0.00198919479735196
0.0173733357340097 0.0205878248438239 0.0216960445046425 0.0193214228376746 0.0229959459975362 0.02851751614362 0.0152524967677891 0.0156306205317378 0.015921607427299 0.0115073014050722 0.0122583480551839 0.0283287266269326 0.0120403005741537 0.0520216640084982 0.0117733597755432 0.0114019339904189 0.0132785934023559 0.0146855804137886 0.0133616507984698 0.012806845549494 0.00962092648260295 0.0177599578164518 0.0204757396131754 0.032995992153883 0.0409214150160551 0.0802566304802895 0.0595846638083458 0.105445438623428 0.0943933837115765 0.0725139163434505 0.0794259823858738 0.0641644317656755 0.0273861175402999 0.0223302962258458 0.0100592414848506 0.0187038361094892 0.00401100376620889 0.00264949562260881 0.00296449142042547 0.00430328811053187 0.00477124152239412 0.00370719074271619 0.00230632922612131 0.00267202095128596 0.00349444064777344 0.00204253795091063
0.0135779060423374 0.0146267950534821 0.0274385340511799 0.0217917459085584 0.0162823595106602 0.037639094889164 0.0181676689535379 0.0179552878253162 0.0123181066475809 0.0118777015246451 0.0116592626087368 0.0111538862809539 0.0107646904885769 0.0264205837622285 0.0219323430210352 0.0214645398780704 0.011138707306236 0.0167288268916309 0.0137195961549878 0.0173436674289405 0.0103721517603844 0.0110690734349191 0.0137229859828949 0.0177313318476081 0.0409250371158123 0.0914910666644573 0.0831124350428581 0.101783521473408 0.0843890160322189 0.0768407553434372 0.0854662321507931 0.0715119231492281 0.0291840612888336 0.0163843976333737 0.00801658774726093 0.00878211203962564 0.014066625200212 0.0033884727396071 0.00321177286095917 0.00656235222704709 0.00223338634241372 0.00443486121948808 0.00223992525134236 0.001906295446679 0.00139486429980025 0.00481516420841217
0.0173567495308816 0.0158619490452111 0.0258801855146885 0.027081704698503 0.0126617666333914 0.0159351521171629 0.0241253117099404 0.0123641555197537 0.0122473255731165 0.0118488037027419 0.0170125390402973 0.0111075276508927 0.0134162989445031 0.0219487415626645 0.0201587511226535 0.0433754932135344 0.0866163067519665 0.022467983700335 0.0237101556733251 0.0178146839141846 0.0138628696091473 0.0120838446542621 0.0120334723033011 0.0327837631106377 0.0606506880372763 0.099897238612175 0.0969033427536488 0.119439029693604 0.0692860517650843 0.0839954718947411 0.0825365245342255 0.0684992536902428 0.0116467272862792 0.00693955826573074 0.00666943094693124 0.019907253049314 0.0242393421009183 0.0200773853808641 0.00232323528034613 0.00550568997859955 0.00244820237858221 0.00334298070520163 0.0023748324601911 0.00263029430061579 0.00308825941756368 0.00430340061429888
0.0168107478879392 0.0327217506244779 0.0253779653459787 0.0254190627485514 0.0219578800722957 0.0179632178507745 0.0122845239005983 0.0123727043159306 0.0124738847836852 0.012088280916214 0.0206603048369288 0.013564669713378 0.0113139541819692 0.0143340086564422 0.0166105424053967 0.0277616815641522 0.0915633372962475 0.0228437272831798 0.0182525798678398 0.010934539232403 0.0112445761449635 0.0116213278844953 0.0112574364989996 0.0302966758608818 0.0476430736482143 0.0538827322423458 0.106297655403614 0.112197381258011 0.0749194342643023 0.0747274987399578 0.115903959423304 0.139210446923971 0.0652977585792542 0.0160191798582673 0.00457629542797804 0.00345382851082832 0.00299009238369763 0.00390797962900251 0.00249350711237639 0.0423805091530085 0.00597172840498388 0.00239477592986077 0.00247559469426051 0.00289190008770674 0.00251460467698053 0.00315052180085331
0.0281620135530829 0.0203444955870509 0.0264079106971622 0.024438483081758 0.0180891850031912 0.0123561529442668 0.0125748658552766 0.0124945698305964 0.0120324967429042 0.0120381400920451 0.011403095535934 0.0109452431090176 0.0166779469698668 0.0117569077759981 0.0292145695537329 0.0685439977794886 0.12184691131115 0.0604710571467876 0.0260247362777591 0.045274630188942 0.0109985488466918 0.0112755585461855 0.0119973037391901 0.0125554206781089 0.0284067898988724 0.0322769371792674 0.0318594614043832 0.0326664829626679 0.0704850848764181 0.0457388106733561 0.0383747726678848 0.0867459543049336 0.024174302443862 0.00658612777478993 0.00486482274718583 0.00413773735053837 0.00349200926721096 0.00292553324252367 0.00396924198139459 0.00239744461141527 0.00259453104808927 0.00531226159073412 0.00408972490113229 0.00252010112162679 0.00291699881199747 0.00320603614673018
0.02944381441921 0.0256157677620649 0.0253517972305417 0.0283373143523932 0.0225562447682023 0.0230302084237337 0.0258755013346672 0.0123889655806124 0.012527013104409 0.0119917837902904 0.0116339569911361 0.0111908895894885 0.0112111207097769 0.00775121068581939 0.0155041123740375 0.0450709160417318 0.0120375163853168 0.0144633904099464 0.011683589220047 0.00997258084826171 0.0179581221193075 0.0228791309520602 0.0128947395831347 0.0134486849419773 0.0132504621520638 0.0222514478489757 0.0117271614260972 0.0570950951427221 0.0841672979295254 0.0893456019461155 0.0323853030800819 0.0656200028955936 0.00865121437236667 0.00698680942878127 0.00591012937948108 0.00485713987145573 0.00422114632092416 0.00328587656840682 0.0062210485804826 0.00282230919692665 0.00350712982472032 0.004995426395908 0.00436304090544581 0.00575269139371812 0.00615904135629535 0.00534126907587051
0.0275374602526426 0.0233748460188508 0.0234094081446528 0.044277723506093 0.0373487517237663 0.021375285461545 0.0222767248749733 0.0237188605591655 0.0237669322639704 0.0239263717085123 0.0176765040494502 0.0162670984864235 0.0190993970260024 0.0183105564676225 0.0136926866136491 0.0099716845434159 0.0099418037571013 0.0091588422190398 0.0130152003839612 0.0107842591591179 0.0108187204226851 0.0557817086577415 0.0355553114786744 0.0132040932774544 0.0116072352975607 0.0302152929827571 0.0223649328574538 0.071234080940485 0.0598389588296413 0.0567495808005333 0.0580186538398266 0.0358724633231759 0.0225688926875591 0.00784382354468107 0.00616356623359024 0.00508888049516827 0.00464245290495455 0.00602454096078873 0.00407674685120583 0.00493735047057271 0.00345659747254103 0.00310488133691251 0.00293709018733352 0.00287613810505718 0.00330430800095201 0.00572996973060072
0.0280899073928595 0.0244127595797181 0.0234376749023795 0.0224700901657343 0.0214018432423472 0.0212827365845442 0.0222201630473137 0.0240342942997813 0.0222671957686543 0.0252614649012685 0.0190549774095416 0.055439842119813 0.0288583923131228 0.0270576559007168 0.0367213595658541 0.0283532628789544 0.0105024554766715 0.0098736809566617 0.01037453901954 0.0104101650882512 0.0149137931875885 0.0351653330028057 0.0256628716364503 0.0503191400319338 0.0311006022617221 0.0217758169397712 0.0358649168163538 0.0842787481844425 0.0467629801481962 0.0955357596278191 0.0487010914832354 0.012600822839886 0.0227253148332238 0.013095853663981 0.0147870278917253 0.0127419934608042 0.00498256713617593 0.00427272866945714 0.004652079497464 0.00480524403974414 0.00528979883529246 0.00761059876531363 0.00616472903639078 0.00295666216406971 0.00318108971696347 0.00291254799813032
0.013843849953264 0.0280198642984033 0.024633370526135 0.0238062627613544 0.0224284756928682 0.025555887632072 0.0241945052519441 0.0251280264928937 0.025828536041081 0.0236236998811364 0.0258741056546569 0.0366995699703693 0.0722113534808159 0.0566262133419514 0.0269069600850344 0.0103372672572732 0.0198040479794145 0.0166921597905457 0.0114388146437705 0.0104589805006981 0.0109834756702185 0.0122214158065617 0.0217452632263303 0.0115249403752387 0.0160827132873237 0.0110106172971427 0.0119786456227303 0.0188299840316176 0.017256279848516 0.0281126594170928 0.0350779701024294 0.0117441908456385 0.0975528478622436 0.0171726712957025 0.0288551960140467 0.00619500381872058 0.0111890939064324 0.00458905876148492 0.00420156384352595 0.00534370359964669 0.00592568702995777 0.00496719600632787 0.00716390586458147 0.00659826882183552 0.00642222119495273 0.00621864511631429
0.0192242221906781 0.0267317179590464 0.0183451471850276 0.0258760781958699 0.0235065300017595 0.023738113604486 0.0233530804514885 0.0205414034426212 0.0165512717328966 0.0166854537092149 0.0175427867099643 0.0194313924759626 0.0439149733632803 0.0436911609023809 0.0284515652805567 0.0120764231309295 0.0106066987384111 0.00981925269588828 0.010244227014482 0.0106923774816096 0.00953313396312296 0.0152288999408484 0.0113241483457386 0.0383734326809645 0.0133625787682831 0.00989318750798702 0.0111500782892108 0.0121388105675578 0.0117465248331428 0.0122352553531528 0.0125351062044501 0.0122507070191205 0.0104369612876326 0.00898234345950186 0.065692475438118 0.0426404181867838 0.00763389081694186 0.00480172485113144 0.00430126832798123 0.00814817077480257 0.00377023748587817 0.00441057176794857 0.00549128274433315 0.00590763194486499 0.0033296299399808 0.0031273826258257
0.0242814835160971 0.0270781207829714 0.0223055213689804 0.0223206352442503 0.0248521655797958 0.021071813069284 0.0200739054009318 0.0226075975224376 0.0298740765079856 0.0195513166487217 0.0192814597859979 0.0260924337431788 0.0180908652953804 0.0180349766276777 0.0837531492114067 0.0121520129963756 0.0104596012737602 0.0102705217897892 0.0102808977477252 0.0102232005912811 0.0100539614446461 0.013846018910408 0.00942134982906282 0.00933809340931475 0.00968962516635656 0.0155294025316834 0.0105011826381087 0.0107449646107852 0.0108786232769489 0.0109792615287006 0.0114380234852433 0.0119897644035518 0.0112838318571448 0.00942589840851724 0.025041439384222 0.0213757146149874 0.0383206883445382 0.00476192829664797 0.00323184111621231 0.00414757661055773 0.00503627611324191 0.00703596556559205 0.0086196546908468 0.00485351905226707 0.00652400716207921 0.00696233971975744
0.0263239609077573 0.0223029442131519 0.0217223327606916 0.0213665176182985 0.0207457674667239 0.0227958027273417 0.0209480002522469 0.0390938684344292 0.0250736318528652 0.0237248698249459 0.0131868556141853 0.0201581744477153 0.0114985596388578 0.0374814655631781 0.0339294886216521 0.0400517337024212 0.0548937845975161 0.0492329113185406 0.0180331971496344 0.0174523964524269 0.0160484510473907 0.0101043193601072 0.0306464586406946 0.0116244344972074 0.00949355107732117 0.00949631216935813 0.012238755915314 0.010227738507092 0.0111786907538772 0.0121241580694914 0.023155932687223 0.0123486006632447 0.0109149991068989 0.00908212270587683 0.0723556183278561 0.00856497026979923 0.0183714147657156 0.00550496042706072 0.00435138384345919 0.00567632364109158 0.00720627354457974 0.00724703813903034 0.00788937914185226 0.00455503084231168 0.00334331737831235 0.0069370327051729
0.0237750822678208 0.0221319504082203 0.0221478255465627 0.0460067808628082 0.0383875899016857 0.0199857603758574 0.0197394862771034 0.0212774841114879 0.0209772352129221 0.0243502028286457 0.0606665499508381 0.0528194699436426 0.110271738469601 0.252643355727196 0.0721924543380737 0.0410745237022638 0.0445164933800697 0.0267265139147639 0.0100031080655754 0.0194983450695872 0.00937652098946273 0.0166202276013792 0.0406442269682884 0.0207104051485658 0.0103470105677843 0.0102683096192777 0.00995558365248144 0.0102160822600126 0.0124891945160925 0.0143556293100119 0.0118791618384421 0.0112666358239949 0.0106872834265232 0.00978591702878475 0.0166356730274856 0.0122841100208461 0.0101136709563434 0.00818860717117786 0.00948746236972511 0.0333038849756122 0.0197192624211311 0.00401031372603029 0.00875399857759476 0.00389868782367557 0.00377121816854924 0.00328776671085507
