Maxent_result_files_1/Bombus_hyperboreus_2.asc
NCOLS 594 
NROWS 330 
XLLCORNER -15 
YLLCORNER 23 
CELLSIZE 0.166666666666667 
NODATA_value -9999 
[rows 140 to 159 of 330, columns 220 to 263 of 594]
5.89744216995314e-05 5.00293030199828e-05 5.51994289708091e-05 5.71651449718047e-05 5.78218601731351e-05 0.000202576477749972 6.83826874592341e-05 0.000141573274231632 8.0561653157929e-05 6.49681947834324e-05 6.9306842124206e-05 2.12989580177236e-05 3.7051567051094e-05 3.43695422543533e-05 2.36701647736481e-05 5.27110158145661e-05 4.60457373264944e-05 7.38920589355985e-05 4.25802200879843e-05 4.78949833450315e-05 3.3829919721029e-05 8.00185045591206e-05 4.67520336314919e-05 2.79081025837513e-05 4.93476485644351e-05 3.25370783684775e-05 3.36204017003183e-05 2.05874522293925e-05 4.84649410282145e-05 4.22121895098826e-05 1.94235901290085e-05 3.07930263261369e-05 2.58946719668529e-05 3.34904305418604e-05 3.15945695547271e-05 1.73555807123194e-05 2.84947995169205e-05 1.62793024060193e-05 4.54124556881652e-05 2.26939257345293e-05 7.07325868233966e-05 2.18088585484111e-05 2.48692054810817e-05 2.72858198513859e-05
5.6648349709576e-05 5.8323375924374e-05 6.12966821790906e-05 5.3259807464201e-05 5.06508202306577e-05 3.09843035211088e-05 0.000161096260126214 2.26562253828888e-05 7.43201981094899e-05 7.10200463799993e-05 2.01820717165901e-05 2.98717133773607e-05 2.68424952082569e-05 5.60645561563433e-05 3.34731559632928e-05 9.07881261809962e-05 5.35760938873864e-05 2.17585405607679e-05 3.54596152192244e-05 3.08346494875877e-05 8.0613825321052e-05 2.5449146187384e-05 4.4430257366912e-05 2.84685871520196e-05 3.28737503878074e-05 6.19030080997618e-05 4.69114253064618e-05 4.52502432381152e-05 5.43459396794788e-05 4.1608563697082e-05 2.38251017890434e-05 3.023318868145e-05 6.19887453240153e-05 0.000115912342516822 3.29640011841548e-05 3.1484960572925e-05 2.98992405532772e-05 1.68346298096367e-05 2.4876188399503e-05 3.89985154470196e-05 2.52786367582303e-05 1.98811238306007e-05 2.29664778544247e-05 2.9898046341259e-05
0.000138476782740327 7.03396215612884e-05 4.53861293863156e-05 4.74064519949025e-05 0.00010313622879039 1.84841336249519e-05 9.8131645063404e-05 0.000118542182099191 7.21505704859737e-05 0.000120586571574677 8.04184525804885e-05 0.000107563537676469 0.000210446975688683 0.000108161481875868 3.05743692933902e-05 2.77813412139949e-05 4.49210101578501e-05 0.000121181042777607 2.57621833043231e-05 4.66082861748873e-05 2.56385095781297e-05 4.69139169581467e-05 2.64612620412663e-05 3.1461079379369e-05 2.50150672400196e-05 5.09997236804338e-05 5.07118507812265e-05 5.42491387022892e-05 5.72111828660127e-05 5.83891012865934e-05 5.42261410373612e-05 4.47237664047861e-05 3.8039293303882e-05 1.87599553328255e-05 2.23805447149061e-05 2.04170622737365e-05 3.73896426026477e-05 1.62520519552345e-05 2.24675532081164e-05 2.1503180585114e-05 2.18296589764577e-05 2.19712556599916e-05 1.25367759210349e-05 2.03476284241333e-05
0.000409344899526332 4.67087430251922e-05 7.49231941426842e-05 5.60642659820587e-05 5.72242728594574e-05 0.000101276504938141 6.23444026132347e-05 9.37205513764638e-05 8.49642802677408e-05 8.2718631165335e-05 5.75750738789793e-05 0.000125779839072493 6.28621070063673e-05 4.93373931021779e-05 5.24199022038374e-05 0.000126004251796985 0.00013499964352377 0.000137018112036458 2.89207836885907e-05 5.22780443134252e-05 5.94648507103557e-05 4.33149776654318e-05 4.51770147265051e-05 4.85996930365218e-05 3.53589695805567e-05 4.09362454774964e-05 4.07132047257619e-05 4.00114434341958e-05 2.77582463240833e-05 2.77129524874908e-05 5.76683471081196e-05 5.09005567437271e-05 5.32865915374714e-05 4.59803195553832e-05 2.9365023920036e-05 3.74493100025575e-05 3.0721663733857e-05 2.6496168857193e-05 5.18843149620807e-05 2.2884493591846e-05 1.4771092742194e-05 9.75167922661058e-06 2.29781005828045e-05 1.92224474176328e-05
3.20843889312528e-05 1.80472751935667e-05 5.01737837112159e-05 0.000126546482351841 6.65110329464369e-05 3.19833889079746e-05 5.9536080880207e-05 4.95915777719347e-05 0.00044883217633469 7.21579371656844e-05 0.000143585616933706 0.000152527120735613 6.65135861709132e-05 0.000313547766563715 0.00011363327903382 5.19098950462649e-05 3.92193640664118e-05 3.94784252421232e-05 4.84997875901172e-05 5.661932300427e-05 9.03872845810838e-05 5.59600528504234e-05 1.74680254531268e-05 3.88984386518132e-05 2.31333513966092e-05 4.2580829540384e-05 4.2049646799569e-05 2.54460255860067e-05 2.89216478336129e-05 2.95776348139043e-05 2.36004734688322e-05 2.8691274474113e-05 2.63108980107063e-05 3.241689864808e-05 6.63847295982123e-05 6.85353279777701e-05 5.47271594768972e-05 1.0282450637078e-05 2.49086234362039e-05 1.78183909611107e-05 2.38157116655202e-05 1.81055430402921e-05 1.78540708930086e-05 1.83925790452122e-05
6.73332956694139e-05 5.69565513615089e-05 1.85561917874111e-05 4.70343989945832e-05 3.46577058053299e-05 9.46638469031313e-05 1.22051694461334e-05 2.790402759274e-05 3.7346250792325e-05 3.56300507519336e-05 3.05715861031786e-05 3.984815266449e-05 5.51074619579595e-05 4.11225917559932e-05 1.02025390958715e-05 1.7691285370347e-05 2.31190316867469e-05 4.95400719955796e-05 5.4262978846964e-05 4.8668407544028e-05 5.32209136508754e-05 5.13462349772453e-05 3.57381041794724e-05 4.5468295752471e-05 4.55857451015618e-05 4.74444605060853e-05 4.46266141807428e-05 2.54697561103967e-05 2.43713098484477e-05 2.16583880046528e-05 5.36569768883055e-05 4.32001523222425e-05 4.90591635752935e-05 0.000165284151444212 4.16622542616096e-05 3.46938848451828e-05 2.14229163248092e-05 3.109454864898e-05 1.85929300187127e-05 1.60202534061682e-05 3.36430229253892e-05 1.8305707089894e-05 1.87522457054001e-05 3.28286495459906e-05
5.40889691819757e-05 2.62832776570576e-05 2.58842847870255e-05 1.84511648512853e-05 4.20586222389829e-05 3.97551788410055e-05 3.82880687539e-05 4.95975957164774e-05 6.2590601737611e-05 6.53312989015831e-05 7.21880358469207e-05 6.82091365888482e-05 3.80594172384008e-05 7.07921073626494e-05 6.03154727286892e-05 4.7482487752859e-05 4.20348329498665e-05 5.44946025911486e-05 5.23923021319206e-05 5.64347108593211e-05 4.50939684014884e-05 2.51540766839753e-05 3.19071933972737e-05 3.02187818988386e-05 5.17583988767001e-05 5.588211970462e-05 6.1797973830835e-05 4.1693606726767e-05 2.30045335683826e-05 3.79728790903755e-05 2.09962080589321e-05 3.5182976807846e-05 2.45497284595331e-05 1.75813894202292e-05 1.80599959094252e-05 2.52339768849197e-05 8.78505965374643e-05 4.79077962154406e-05 2.6617018829711e-05 1.8775651597025e-05 3.3402090321033e-05 1.89683820281061e-05 1.87999301033415e-05 3.22415216942318e-05
1.01579045804101e-05 1.23426730624487e-05 1.87207756425778e-05 3.36358587446739e-05 9.09274644072866e-05 7.04820342434687e-05 5.51342405742616e-05 2.06473563366671e-05 6.2276500830194e-05 5.0498613200034e-05 5.83063512749504e-05 7.70915485190926e-05 6.91363369696774e-05 6.19699443632271e-05 6.25333068455802e-05 5.71745893466868e-05 2.65486860371311e-05 8.08634910754336e-05 2.32799159221031e-05 2.36178030036172e-05 4.31997804298589e-05 2.54061146279128e-05 5.8894036556012e-05 2.44900839788897e-05 5.11866261149407e-05 9.46258365729591e-05 5.83908340558992e-05 5.7637483223516e-05 4.79095931950724e-05 4.81838776977384e-05 2.22629096242599e-05 3.01743806630839e-05 3.30903467329335e-05 1.67298740961996e-05 2.71777636271509e-05 3.81549628400535e-05 1.41533591431653e-05 1.34564406266691e-05 2.07264853997913e-05 3.50511193573766e-05 1.99206470711033e-05 1.86845657935919e-05 3.46493707183981e-05 1.85998306960755e-05
8.84436005890166e-06 1.02820085885469e-05 2.93407838398707e-05 2.90221517389e-05 6.28307763690827e-05 3.06419090520649e-05 4.15580381741165e-05 1.18417331350429e-05 3.99703412767849e-05 3.64359957075067e-05 3.10553734948371e-05 4.24468534674816e-05 2.86885720015562e-05 6.03902593866223e-05 6.47191391180968e-05 6.14818891335744e-05 6.12962136074202e-05 5.98100705246907e-05 6.08990398177411e-05 6.155719893286e-05 2.54446930739505e-05 4.07988522965752e-05 4.51574909675401e-05 2.42040108787478e-05 4.88946745463181e-05 5.8190291201754e-05 2.78678820905043e-05 5.77003243961371e-05 5.3440536976268e-05 4.88033563669887e-05 3.60315661964705e-05 2.45602618633711e-05 4.3283150625939e-05 3.89278176953667e-05 3.08207880152622e-05 5.47395686226082e-05 1.31060994021936e-05 1.40726696486126e-05 3.6739363167726e-05 2.07261652349189e-05 1.08608077425743e-05 2.06326343459295e-05 2.30416389968013e-05 3.26158989992109e-05
1.09548644559254e-05 1.95742700270785e-05 1.2568360602927e-05 1.52806695950858e-05 7.43597329346812e-05 5.81252796109766e-05 4.75571594506619e-05 5.62785406145849e-05 8.62753284309292e-05 4.23452873292263e-05 3.9092033966881e-05 3.72000465176825e-05 3.02492307582725e-05 4.70751690954785e-05 6.29766844213009e-05 6.1152550188126e-05 0.000100950146224932 5.66330205401755e-05 2.33342473620723e-05 6.19657787865435e-05 5.63955878533307e-05 5.09826344568864e-05 2.66416255954027e-05 6.82490553117532e-05 0.000128438238243689 2.60925753536867e-05 5.4763591469964e-05 2.06022174097598e-05 5.50396118342178e-05 5.09704628711916e-05 4.96888511406723e-05 4.41122128904681e-05 4.56439671324915e-05 0.000135871121528908 3.68919781976729e-05 3.61484168024617e-05 2.74196312602726e-05 1.37441678361938e-05 1.20494240718472e-05 1.15534104679682e-05 1.10723012312519e-05 1.88596476846215e-05 1.35406294020868e-05 1.54074751662847e-05
1.14304746603011e-05 1.05562708085927e-05 1.42765594773664e-05 3.0642056481156e-05 3.58048710040748e-05 4.19226853409782e-05 4.88924622914055e-05 9.70895322097931e-05 5.26749827258755e-05 5.32075200680993e-05 4.05511953431414e-05 2.82857172805961e-05 3.84757907113453e-05 4.02388867087211e-05 4.24059141096222e-05 3.65374139619234e-05 2.75753171536053e-05 3.06569860185846e-05 2.83930625300854e-05 2.73750105407089e-05 5.79090610699495e-05 4.05791771299846e-05 2.28303932772178e-05 2.76250526894728e-05 5.06022492118063e-05 2.15560548895155e-05 3.69296969438437e-05 9.74963204782853e-06 3.7563029127341e-05 3.64452302164864e-05 3.8209561171243e-05 8.21334258944262e-05 2.86085535663005e-05 3.94429835068877e-05 0.000125204965297598 7.56593075493584e-05 2.88986021587334e-05 5.60305248313853e-06 2.028973593724e-05 1.19697868569801e-05 1.12402062143246e-05 1.78935104031552e-05 1.47619668496191e-05 1.50192537375915e-05
1.12224467898159e-05 1.22587888427006e-05 1.62736323545687e-05 2.80261794614489e-05 1.8553675909061e-05 3.9745381764078e-05 4.03845950131654e-05 5.20447478265851e-05 5.16807946041808e-05 6.31783106655348e-05 0.000158902264229255 5.5876923033793e-05 3.17805039401264e-05 2.92455401392999e-05 2.42873770048391e-05 2.32266316061214e-05 2.45020069996826e-05 2.30908185130829e-05 5.49213283193239e-05 2.91044435016374e-05 2.4695167576283e-05 2.30518005082558e-05 4.29609939601505e-05 2.1614415231852e-05 4.01505571517191e-05 3.35923246154834e-05 4.00745881051989e-05 4.33011234463265e-05 3.69034431059845e-05 2.85448436443403e-05 2.70172747832476e-05 1.41725342871268e-05 1.34662689106335e-05 2.78409324891982e-05 3.00395092381223e-05 8.69349301865441e-05 4.92135000968119e-05 2.3412820246449e-05 2.51376101005008e-05 2.06663349672453e-05 1.37479531531426e-05 1.79430910975498e-05 1.71745907209697e-05 1.80883517259645e-05
1.24733513530373e-05 1.10436811382897e-05 1.3333003516891e-05 2.66645483861794e-05 2.65791656602232e-05 3.75402456484153e-05 4.48623548436444e-05 4.43972821813077e-05 3.05245284835109e-05 4.83730691485107e-05 2.55733410540415e-05 2.54135004752243e-05 3.33953927565744e-05 3.36022719011453e-05 3.88657695566508e-05 2.50332057476044e-05 6.65836698317435e-05 5.95899144173018e-05 0.000100644834674313 9.19302425245405e-05 2.15500598415019e-05 3.02801224989935e-05 3.82972441002494e-05 2.0454133414205e-05 4.62664882434183e-05 2.63488357859387e-05 4.04696293344386e-05 3.53218858435866e-05 2.14672170159247e-05 3.42231456215813e-05 0.000107892530786557 3.24320574463854e-05 3.18738309488253e-05 3.82954497581522e-05 2.66484158601088e-05 1.41823848707645e-05 2.19277369978954e-05 1.14424016032899e-05 1.65676662163605e-05 1.60149900693796e-05 1.8546506180428e-05 1.73171929873206e-05 2.35137091976867e-05 1.40285302904886e-05
1.27864737351047e-05 1.72854130141786e-05 2.60567687291768e-05 3.6729534076585e-05 3.63363264114014e-05 3.74471930626896e-05 4.19650970798102e-05 3.73932203729055e-05 2.42531205685736e-05 2.41187147366873e-05 4.71252691568225e-05 4.86973995066364e-05 4.96095910420991e-05 2.49074733801535e-05 2.812493280544e-05 3.3564069235581e-05 4.32291927154438e-05 4.00439248551265e-05 4.60146355180768e-05 4.58734497442492e-05 4.50179613835644e-05 3.95477792153542e-05 0.000151785767957335 3.61234833690105e-05 3.55981565462571e-05 3.27577520693012e-05 2.58248567206465e-05 1.84460033096912e-05 3.18349573262822e-05 1.98739024540373e-05 3.20552177981881e-05 2.24016484935419e-05 1.89678993592679e-05 2.7265687003819e-05 2.88809767312159e-05 2.31751486239773e-05 4.16158895404806e-05 7.01167310580786e-05 4.75953046588984e-05 1.31900878017177e-05 1.17089381262758e-05 1.1540046580194e-05 3.20034498145105e-05 1.58122553784779e-05
3.0160309142957e-05 2.65915762611257e-05 2.64562595475581e-05 2.52509191341233e-05 3.83704322302947e-05 4.01131115722819e-05 4.16518008933053e-05 3.96349147194996e-05 2.23935921439988e-05 2.17860148040927e-05 3.76477331883507e-05 3.98073363612639e-05 3.87156904253061e-05 4.02269661208265e-05 5.47782256035134e-05 0.000192530201456975 7.12001063220669e-05 8.74427241797093e-05 4.5178893924458e-05 4.34340987339965e-05 3.91232033507549e-05 3.73735170796863e-05 1.95618608813675e-05 3.66079488230753e-05 1.90333083537553e-05 3.27758198181982e-05 3.00542038530693e-05 7.6206483754504e-06 1.66529345733579e-05 2.97137725283392e-05 2.80607154763857e-05 2.27645618906536e-05 1.98530256511731e-05 2.26716209454025e-05 6.56820700896787e-05 5.95391010307367e-06 2.62500759163231e-05 7.57674361437921e-06 1.20502325330563e-05 1.2184322253006e-05 1.86632835266209e-05 1.31716300529661e-05 9.31119149072401e-06 9.23084791111251e-06
2.36500673963747e-05 2.58218889939599e-05 1.76332880982955e-05 3.57882581738522e-05 3.54304505890468e-05 3.72372052879655e-05 3.65744250302669e-05 3.54462537870859e-05 4.62963218524237e-05 3.01339185170946e-05 2.85050068669079e-05 2.05260193069989e-05 0.000153742947804858 3.54278666236496e-05 3.20534638376557e-05 2.15806844835242e-05 2.54759405834193e-05 3.71543175788247e-05 4.94527637783904e-05 2.61291403148789e-05 4.01131484977668e-05 3.47029113981989e-05 3.0396101919905e-05 3.44426036463119e-05 1.69830223057943e-05 3.32597403030377e-05 6.04634245974012e-05 3.44065276294714e-05 3.32356501530739e-05 3.27332447341178e-05 2.76203550129139e-05 2.80016650776815e-05 5.26669718965422e-05 4.56239089544397e-05 3.98806638258975e-05 3.79037716811581e-05 3.54138197508291e-05 2.14782020293569e-05 3.8807311148048e-05 2.73544040965135e-05 3.37641393343802e-05 3.0358079538928e-05 3.18765878091654e-05 3.2094972766572e-05
2.30659102271602e-05 2.72177406259289e-05 1.58966152412177e-05 1.5551189380858e-05 3.54751668055542e-05 2.58015768849873e-05 3.10306209939881e-05 9.36155933004557e-06 2.74300469754962e-05 2.60363576671807e-05 1.85081251402153e-05 1.52619871641946e-05 3.03238742048961e-05 2.50609666636592e-05 2.15614248190832e-05 8.85481854879799e-06 2.43029387092974e-05 2.29052110626071e-05 4.72205105324974e-05 6.48188407467387e-05 3.51613837210607e-05 3.19663195114117e-05 1.95871523828828e-05 1.60325905426362e-05 7.35848656887583e-06 8.2024533924141e-06 1.45286326073801e-05 2.89991392492084e-05 2.61310275391224e-05 1.43953016049636e-05 2.46187066295533e-05 2.60841087765584e-05 9.73906938952496e-06 6.45984747649209e-06 7.02964978778198e-06 8.60715330190942e-06 1.3737298451133e-05 4.39863045812672e-05 5.83050278990527e-06 3.8593763758854e-05 1.3250950598831e-05 1.95893097952649e-05 1.90548248042433e-05 1.79823056328132e-05
2.199578402724e-05 2.35781410992786e-05 1.30654284930642e-05 2.2760175215808e-05 2.27475790779863e-05 2.41543127231125e-05 2.44567762820225e-05 2.45235932197829e-05 2.70748660113895e-05 8.46309420694524e-06 2.41197774812463e-05 1.43568610837974e-05 2.54941207685988e-05 1.71896909478164e-05 1.99393388811586e-05 1.43147064136429e-05 2.29156973091449e-05 2.18295709146332e-05 3.71056839867379e-05 2.9120523504389e-05 3.0735898144485e-05 1.53817117734434e-05 1.48511117004091e-05 1.8914250904345e-05 1.45852490618381e-05 1.94987979170946e-05 2.29243996841433e-05 1.30213944203206e-05 1.54906816931089e-05 1.55552347450794e-05 1.8718687533692e-05 1.7460635694988e-05 1.19171149862041e-05 3.79366197421405e-05 9.68646475598689e-06 2.25913496024077e-05 1.53830308036618e-05 2.26782031859329e-05 1.87075593316877e-05 1.15645056325775e-05 1.6230795017691e-05 1.14788805149146e-05 1.63270147368166e-05 8.25145410772166e-06
2.45807994360803e-05 1.12664356038294e-05 1.88351784345286e-05 9.25837489376136e-06 1.7695583483146e-05 1.95305625311448e-05 4.99920108723018e-06 2.08231576380058e-05 1.25164503515407e-05 5.08947871935561e-06 2.15194013662767e-05 2.75497874099528e-05 8.42227289012953e-05 3.34125946551467e-05 1.98622398102088e-05 4.83355593132728e-05 2.24794515361282e-05 3.52641132849385e-05 3.25878871080931e-05 2.20096392695268e-05 1.82981709031083e-05 1.3085126408896e-05 1.20623261068431e-05 1.2882759006061e-05 5.45995076635108e-06 1.30223963651588e-05 1.20955095553654e-05 1.25801035835593e-05 1.39117375738351e-05 2.20145841922204e-05 3.87130344279285e-05 2.56283366297794e-05 1.8089188642989e-05 8.43412211821715e-06 3.62588655320906e-05 1.31257655084482e-05 4.09890550017167e-06 3.66685001381484e-05 1.23417313147911e-05 1.25758666996489e-05 1.16960991704218e-05 2.74572069997703e-05 1.45104952878228e-05 9.60367471236623e-06
2.12603193176619e-05 2.02985665509914e-05 1.99378004253958e-05 2.03492397304217e-05 8.68133315634623e-06 2.18405609302863e-05 2.08404418117425e-05 1.32050847696519e-05 4.82451181596844e-05 1.26181933637781e-05 1.526736004962e-05 1.73945725748581e-05 3.98123229842895e-05 3.18172114361914e-05 2.11076746154504e-05 3.86336941346599e-05 2.16204161233691e-05 3.41386982654512e-05 6.66048035782296e-05 2.72056050789615e-05 2.64754735610495e-05 1.34151893888657e-05 1.22954475102688e-05 1.0033454421432e-05 8.15416606272379e-06 1.74331260041072e-05 1.98524079678464e-05 2.04889916176398e-05 2.24105909182981e-05 2.71012634584622e-05 4.28038627205751e-05 1.60598287095581e-05 7.33692960750432e-06 2.29678180090787e-05 1.71653396137117e-05 1.33834200710226e-05 1.25346638725432e-05 1.40673438409067e-05 1.34365686704996e-05 1.53464820982663e-05 1.2766431837008e-05 2.08730376698441e-05 1.082888933297e-05 2.92142999001044e-05
