Maxent_result_files_1/Bombus_handlirschianus_2.asc
NCOLS 594 
NROWS 330 
XLLCORNER -15 
YLLCORNER 23 
CELLSIZE 0.166666666666667 
NODATA_value -9999 
[rows 260 to 279 of 330, columns 405 to 449 of 594]
6.15660898928283e-09 9.10407851328898e-09 8.4500612507199e-09 7.29491657081027e-09 7.40764338758026e-09 7.66211850633525e-09 7.94109360491291e-09 7.13693654175174e-09 6.75220590551362e-09 6.20380549154476e-09 5.48646169606926e-09 4.98051573316616e-09 4.51151567215646e-09 3.88385701377558e-09 3.10423018401451e-09 2.47055158553167e-09 2.28180173644787e-09 1.94058268343511e-09 1.59056200432772e-09 1.2478412081407e-09 9.75128688907034e-10 8.23847934317001e-10 6.87450774083942e-10 5.88729642814201e-10 5.05977704179372e-10 4.64022142931952e-10 4.21871271250041e-10 2.38762232207534e-09 4.42601332251158e-09 4.79969097799682e-10 4.23307244812321e-10 3.93785681840342e-10 3.25446891658032e-10 5.16566618369296e-09 7.73663888509191e-10 4.58967153171841e-10 3.22912319106194e-10 2.76197886783791e-10 2.99925428937087e-10 8.26628099304116e-10 4.63503491143769e-09 3.76960209713673e-09 1.20236111067484e-09 6.1637700499162e-10 3.87152994441031e-08
6.09807278006969e-09 6.35323550435274e-09 6.36157109212832e-09 5.74708605149965e-09 5.53897823163396e-09 5.56195429712858e-09 5.27235279879079e-09 5.12361876259249e-09 5.17045322112608e-09 4.63143091655738e-09 4.16575799411234e-09 3.70434261043329e-09 3.34517107347665e-09 2.76982099478573e-09 2.42003483919007e-09 2.08479791208305e-09 1.64426205984114e-09 1.39939742016537e-09 1.19473756443611e-09 9.71896241264147e-10 6.74605882267087e-10 6.02798266857718e-10 5.4392825798999e-10 4.77914363639087e-10 4.03057698328269e-10 4.09998623940311e-10 4.31172131332147e-10 9.89804211926071e-09 1.35259783762276e-07 3.67581276528028e-10 3.44969686150165e-10 1.38150868522757e-10 4.03444337937486e-09 1.81776528240807e-07 2.72286601943339e-07 1.68533875966048e-08 6.80053324764174e-10 3.25467177653138e-09 5.60295720930526e-10 5.44090905663097e-10 4.84184381477348e-10 3.36821981417046e-10 9.42373057366552e-10 7.88308429644502e-10 6.71045918831936e-10
4.53125179600278e-09 4.35644282870129e-09 4.82048920780187e-09 4.47902602784822e-09 4.06062542479546e-09 4.52021330366037e-09 4.52859844068954e-09 4.38769189869959e-09 4.18098197174643e-09 3.70911416025521e-09 3.44882531422286e-09 3.09581590363095e-09 2.6209035275393e-09 2.26239915690485e-09 1.85412496467308e-09 1.61354032357508e-09 1.37524568399883e-09 1.13532750978251e-09 9.02141916725441e-10 6.26145646442922e-10 5.50531842335999e-10 5.19341392113404e-10 4.76270411997604e-10 4.51422732528073e-10 5.04203645501633e-10 4.03439504026437e-10 4.44191239346026e-10 1.98394801032009e-08 6.39703133797909e-09 3.12939374413901e-10 2.91310697786429e-10 3.12802017621294e-10 4.27781965406382e-10 3.52089488675489e-08 7.40140593813443e-08 2.09695602682025e-06 1.0104508207931e-08 5.793362412021e-09 9.80570964426164e-09 2.81880865093953e-08 5.744593245538e-10 3.75681930009364e-10 3.95014001508542e-09 2.57617854937386e-08 2.99824165495011e-10
2.72847896387596e-08 4.42859923177608e-09 3.7551912579481e-09 3.36490250107957e-09 3.24431882470222e-09 3.34223330122896e-09 3.44338736413263e-09 3.36299661451989e-09 3.17882842271189e-09 3.11369059424749e-09 2.93689184083235e-09 4.19662460338088e-09 2.31605289391368e-09 1.88840085790787e-09 2.46706228779203e-08 7.93926977493697e-09 1.17378000652479e-09 7.52768958278693e-10 5.8826161719594e-10 5.08822817213428e-10 4.72584826827216e-10 4.19221046765728e-10 4.1540788586758e-10 5.14526055095388e-10 1.50114904173826e-08 9.41460733816513e-09 5.04033060844122e-09 1.45468195267284e-09 3.72748476529239e-10 3.02876235203087e-10 2.96778712716161e-10 3.44556283504716e-10 4.32399105410042e-10 1.55341092211714e-09 9.05384767158068e-10 6.16720371326984e-08 1.41370661643769e-07 4.5533956605226e-08 1.08216760330571e-08 1.20342457665679e-08 1.18270252258412e-08 4.56621761513176e-09 5.62515112267903e-10 4.24197318382724e-09 2.72602229678398e-10
5.91803345217912e-09 7.06563457741893e-09 7.86314197975813e-08 1.70247730779671e-07 2.8909826532697e-09 2.60284925834853e-09 2.6280635001541e-09 2.61711210480797e-09 2.57680412563133e-09 2.73707583264837e-09 6.00397553562893e-08 3.18468183446718e-07 1.54162847749717e-06 1.80837434138326e-08 3.42391539565057e-09 1.6743272324149e-09 9.34864019530579e-10 6.77417244521195e-10 5.24456733597134e-10 4.20302026515884e-10 3.78632680764213e-10 3.62255203611994e-10 3.6497275202052e-10 5.35203703577736e-10 3.19626580758126e-10 6.4592523552065e-10 5.76685099673568e-10 8.1897669246267e-08 9.12287348997509e-09 3.94690710114887e-09 2.9679309010433e-10 3.41597072850419e-10 4.54819670814288e-10 6.06147598780638e-10 2.37576236461479e-10 5.77854594063787e-08 7.33670865171732e-08 1.79662233146249e-07 1.26793282917426e-07 2.02905985347002e-09 1.03013631624904e-08 2.940066771151e-08 1.00883098541615e-09 8.55520354559047e-10 3.28470295407612e-10
2.69801834207328e-09 3.30203705489751e-09 5.45972625998203e-09 5.30887372951483e-09 5.39139600075345e-08 6.30883477348299e-08 2.45458230407891e-09 2.08332566753455e-09 1.98126350881012e-09 1.90128630617181e-09 2.20156731733923e-09 3.10465992914288e-09 4.27946883485575e-09 3.6299552808039e-09 2.08732808815171e-09 1.30714594703818e-09 9.0293857168966e-09 5.1546437118688e-10 3.66150743058569e-10 3.28164673213394e-10 3.37753258694562e-10 3.50253759329178e-10 3.87004206459096e-10 4.07232048083017e-10 3.475492227345e-10 3.60451934966477e-10 1.65496749637839e-10 1.31181058127261e-08 2.01647851305609e-08 1.3457507885839e-09 3.07705527724522e-10 3.55937967988496e-10 4.2443930592384e-10 5.48827894242265e-10 5.86218751319478e-10 1.4642324686065e-09 4.63678393458622e-09 5.15784629895322e-08 3.19344398569399e-07 2.48294412807937e-09 3.29970987200667e-09 3.90030555408316e-08 1.85408959518796e-08 3.09210748117295e-09 2.73630618163878e-07
2.10678939849274e-09 2.27004097741457e-09 2.42015526508155e-09 2.78644213258517e-09 3.31818615917356e-09 5.09197669806838e-08 3.00864715363502e-09 2.23636800189553e-09 1.82326900244334e-09 1.64972356886395e-09 1.88608161311166e-09 2.82658397132707e-08 2.53968513774794e-08 1.90204568761843e-09 1.39992384351473e-09 8.16396994451907e-10 7.55316253986393e-09 4.38807590263934e-10 3.25755655783411e-10 3.04965364072984e-10 3.41094974487532e-10 3.76061604079325e-10 6.94646951071576e-10 3.27817251122298e-10 3.01846891925806e-10 1.6552835768735e-10 4.63250671156601e-10 8.26357993144455e-10 5.33722998130592e-08 8.32430928632277e-09 4.66930383247188e-10 4.56613458155175e-10 4.70507255379005e-10 5.24695087378291e-10 6.65852473158424e-10 5.72245095753487e-10 6.74952926882355e-10 2.65950379496616e-09 2.16406333963803e-09 2.41708072334923e-08 4.28915275629826e-08 1.13090081799161e-07 2.96617129746934e-09 2.45259929920749e-08 3.20409646592523e-08
5.81154096290781e-08 1.9546480656274e-09 1.94179099466396e-09 1.827249362929e-09 2.27426473209391e-09 6.32895659546939e-08 5.21296938948979e-09 1.30507669116042e-09 2.38990810474959e-09 6.09166050935528e-10 8.94940674900369e-09 1.47624950819214e-08 1.29550941718737e-07 2.57918463697493e-08 2.98682948129958e-07 6.10213402030269e-10 3.4121702130463e-10 2.87918655583752e-10 2.94514834742188e-10 3.05366643083005e-10 3.32084215681761e-10 4.58797466684757e-10 8.91472617947642e-10 1.93351089583516e-09 3.12936576651879e-10 1.95986693540817e-10 2.40391939687612e-10 3.73495789851575e-10 7.59797802452056e-10 1.85149258369321e-08 7.11380154783114e-10 4.69657146506819e-10 2.59359267396064e-10 6.00041494269732e-10 6.57817400551153e-10 2.13635154011627e-10 8.42177505511188e-10 4.70294914123315e-10 7.55126428053643e-10 2.33228011348174e-09 3.28757193690521e-09 2.73537482664565e-09 6.01337440953031e-09 1.00082937692925e-07 2.17293245075023e-07
1.33480903521388e-06 6.02398246130065e-06 7.40285090672366e-08 2.71091201708984e-09 1.90004740829863e-09 2.12282565970057e-09 2.80129685004127e-09 3.36982107773665e-09 2.69023233689936e-09 2.30191387173839e-08 1.64022208148928e-08 9.79496594943896e-10 7.11033343314682e-10 7.35508576266142e-10 1.27140099559497e-09 7.40602701387871e-10 3.76508957344868e-10 3.27367610797324e-10 3.35707905918525e-10 2.71716193989135e-10 2.98155888867058e-10 4.55710824631694e-10 4.59838700450632e-10 3.90831000895986e-10 3.00899782867958e-10 1.67748082091634e-10 1.23513421712573e-10 1.4489525135275e-10 1.0778448134019e-10 3.17068503452589e-08 6.13565341867073e-09 3.46317730048895e-10 4.07767253296498e-10 4.25511481605412e-10 2.07621764225507e-10 2.58562926624961e-10 4.49277059999531e-10 7.32424210170279e-10 1.0891082036224e-09 1.63613287362807e-09 5.26234218756194e-08 1.72304979950688e-08 3.85752183307275e-08 8.17206988745767e-09 1.09356870670041e-08
9.37005075085651e-08 3.77492521064227e-07 7.87343636621252e-08 2.50568946702501e-09 2.4080149874095e-09 2.4660318231895e-09 1.35762502351255e-09 1.73628845745455e-09 3.214175534616e-08 1.90978554082122e-09 1.65651506844888e-08 7.45829586978886e-10 5.939612579553e-10 5.64763158461545e-10 9.85396741981504e-10 9.90676207734964e-10 5.5301199175517e-10 6.8432501110216e-09 5.64429025740054e-10 1.52823638188693e-09 2.79384293477847e-10 2.94155988456168e-10 3.66624575143248e-10 6.53828691188352e-10 5.85884696313599e-10 2.18353934933191e-10 1.27169264008131e-10 1.0984533282965e-10 1.44739997764987e-10 1.30012687060699e-08 1.27774335589859e-07 2.75258937865175e-10 2.65194222137666e-10 2.66951261096438e-10 4.42620984308917e-10 5.22130838565005e-10 6.80782563655669e-10 2.34158445966415e-09 2.61733706929945e-09 1.47391736593505e-09 8.91738079156212e-08 4.72220594849304e-09 9.02152877957363e-09 4.24821926525709e-09 1.77084053865073e-08
1.07344901394413e-06 1.17339058192556e-05 9.736680584016e-09 9.17099375330466e-09 3.01887368436837e-09 1.9400467343722e-09 1.18534471127418e-09 9.32100918671352e-10 3.53016999854461e-08 1.39649967145772e-09 8.80580086626281e-10 6.687481013401e-10 4.6330741465539e-10 3.78734987815932e-10 6.83889200825405e-10 5.94358851024879e-10 8.48993630953032e-10 8.35945856980658e-09 3.34594052797677e-08 2.42615503243115e-09 2.60939891916223e-10 2.55107479585348e-10 4.91220142340154e-10 1.06280364509104e-09 1.10514233320202e-09 2.75791234294331e-10 1.68904690234228e-10 1.35519107047344e-10 1.09871289843966e-10 1.82440973439668e-10 2.91163537724515e-10 1.87664950246358e-10 1.98599225953444e-10 1.92950755373289e-10 2.25266361120191e-10 4.51498072262524e-10 2.40631425896254e-10 1.07524371628642e-09 4.58169370221029e-09 1.14280542806711e-08 2.71591107381397e-09 1.99077199170006e-09 5.73067458931042e-08 7.42158544619897e-09 3.49036922586698e-08
1.27299304986117e-08 1.08984980542459e-06 3.13081843383856e-07 9.48379108467456e-08 3.66061748691138e-09 1.78111277948645e-09 1.04088730967788e-09 7.12146297487948e-10 1.59461096105318e-08 9.78290426445483e-10 9.94669691056771e-10 7.09452530056609e-10 6.41373121279543e-10 3.17451354092668e-10 3.02727265477642e-10 3.2735120170102e-10 4.88168072632078e-10 5.43709055556008e-10 8.96970142605369e-10 6.69188147117694e-09 2.96389901510707e-10 3.16810688794078e-10 5.52733314673759e-10 5.77143133284608e-10 5.86217974163361e-10 3.62858987301706e-10 2.13975515084286e-10 1.61957336430874e-10 1.34802635720632e-10 1.13763876097295e-10 1.32816480036269e-10 1.40707512308325e-10 1.81278114741446e-10 1.68798564015304e-10 1.89386140103664e-10 2.46394848968379e-10 2.7179166695035e-10 6.6636357543004e-10 1.27720378162444e-08 2.76772795237967e-08 2.53390851856494e-07 3.32741545316928e-08 2.55825757244921e-09 1.23897675308182e-07 9.79822117663787e-08
3.70922768055948e-09 5.93144320326644e-09 1.38253373649366e-07 1.17750917116854e-07 3.42697462629715e-09 1.76152754605141e-09 1.05573425557282e-09 8.38588987139843e-10 7.74968811345644e-10 9.52753967942144e-09 1.18448375441282e-08 3.39746972777277e-08 7.22957847365535e-08 3.22578955880282e-08 3.22421978005138e-10 5.69683678008914e-10 6.94601665074401e-10 6.48473019726481e-10 6.97805979665844e-10 4.519875029807e-10 2.72137257173455e-10 2.58185361978747e-10 4.79299533395761e-10 4.08476263924484e-10 5.02569541538378e-10 3.76779762945034e-10 2.34641417407033e-10 2.08959505254569e-10 4.42691716617816e-10 3.22493043380945e-10 1.46423040359167e-10 1.30234245609984e-10 1.81292403311772e-10 1.77285863767196e-10 1.95931149082895e-10 2.78894995986434e-10 2.95017010820686e-10 3.9933150119964e-10 6.6718411906308e-10 5.37554545321228e-10 5.13556913661617e-09 2.44781279690187e-09 2.02729324771944e-08 3.60473767724301e-08 3.55391102102587e-09
4.30028115450121e-08 1.44297993442954e-08 4.10044685983379e-09 5.1999240358036e-09 3.34614320696147e-09 4.00731816063704e-08 6.10149152979744e-08 1.48425052137746e-08 4.12936301819045e-09 7.16644078524453e-09 2.56647037955027e-08 3.24484786040635e-08 6.2885160845294e-08 1.53790221668615e-08 4.90131935038107e-10 1.34106586946459e-09 6.47940490150489e-10 4.39903080629023e-10 8.58405951875696e-09 4.71578723848509e-09 2.72090283637283e-10 2.66962107975388e-10 2.87387358355318e-10 3.25542426349301e-10 2.85154255763587e-10 3.35249294991513e-10 2.40054320865823e-10 2.26600049835213e-10 5.47380130111463e-10 1.2325039544514e-09 2.35745889476391e-10 1.30661581554392e-10 1.47803569383598e-10 1.56625856728709e-10 1.7086685399903e-10 2.6137256803338e-10 4.67234040346653e-10 6.81496736820719e-10 1.50627640693735e-08 2.602614387337e-08 1.63387768070677e-07 4.58837271510859e-09 2.10431463365524e-09 2.41113193855114e-09 2.54137253685727e-08
2.07251917627715e-08 3.14776513743453e-09 2.28679228331252e-08 4.42568318659298e-09 5.5808500376564e-09 3.19129562886822e-08 2.489697180863e-07 3.23968557980336e-08 5.43861109481014e-09 7.47999423511558e-09 8.81430147758877e-09 4.34914643521189e-08 1.65371677951498e-07 3.32204485031795e-09 3.59142304784399e-10 2.56149335076117e-10 3.80131459642996e-10 1.8643896981807e-09 1.85196420421363e-09 1.34152441377822e-09 3.46342132750976e-10 3.18615811512046e-10 2.96038671354637e-10 2.78960410327045e-10 3.45536421697545e-10 5.26673205047956e-10 2.45264264453482e-10 1.76534831197728e-10 2.29277208330103e-10 2.4846654733679e-10 1.50908630036639e-10 1.14138554163645e-10 1.33985700312422e-10 1.38068534383251e-10 1.66357405628759e-10 1.76992931422149e-10 2.27737750879697e-10 3.45330686268852e-10 4.01424593565736e-10 6.82312917277272e-10 7.38076455508718e-10 3.1439258618704e-08 7.20941750742554e-09 1.32381523521019e-09 7.78782446309023e-09
3.20995085956177e-08 4.23519536107975e-09 5.00139486492301e-09 4.41751756286024e-09 1.12203670465938e-08 1.24641486687338e-08 1.95776661282565e-07 5.16077663936798e-08 1.84908535150186e-09 4.67590395292206e-09 6.55586068765146e-09 9.95336911779887e-09 6.3412574402566e-08 1.04890266805491e-08 1.08565481049538e-09 2.38186059764445e-10 3.03701752635277e-10 1.72871138515163e-09 3.20551658550272e-09 2.99397833192216e-09 1.11463722696215e-09 1.58235601288581e-09 4.64809324363102e-10 4.00849831105887e-10 3.73010655696504e-10 3.53277840314803e-10 2.66906641233078e-10 1.51012902183112e-10 1.60897795087322e-10 1.80276915617839e-10 1.11809084213377e-10 1.02368313825707e-10 1.03584119059974e-10 1.19710930057693e-10 1.30217037153102e-10 1.56112334170899e-10 1.95413263348598e-10 2.64054056398066e-10 4.13865997028751e-10 6.02161653873168e-10 1.89707867193079e-09 4.54383565218208e-09 2.97108179281302e-08 2.21690531487795e-09 3.1246772946858e-10
4.99057797309632e-09 3.74146666981545e-09 2.81773055998968e-09 3.79700071384548e-09 7.67258977463214e-09 1.70553225431469e-08 1.60142445004841e-07 1.60939098381441e-07 9.37953235080613e-09 8.31973789860996e-10 4.24943705779057e-09 5.45393392670235e-09 1.59182567127658e-09 3.30649472246591e-09 1.94372319350933e-09 2.8253407391432e-10 2.63672161882056e-10 6.62602805956425e-10 1.36501493441799e-09 3.38409783529059e-09 7.81339032029926e-08 1.37228052254912e-09 3.00329433988722e-08 7.38147976075965e-10 1.71956693328923e-10 2.33062136256734e-10 1.57933410793731e-10 1.50084600303302e-10 1.27719446130214e-10 1.08927877828791e-10 1.01040742439551e-10 1.28188459846967e-10 1.08158959566396e-10 1.04540553991228e-10 1.2142179484087e-10 1.40863432029903e-10 1.72387615293701e-10 2.4571233936399e-10 3.36104233333856e-10 7.3053969540382e-10 1.34692876851972e-09 2.02937444626627e-09 1.52797149377548e-09 5.24445943339558e-09 1.81852932712445e-09
2.26035178463313e-08 4.78101489509442e-09 4.38998333240903e-09 3.08463470322096e-09 3.76544007085755e-09 7.75142547926322e-09 1.50842924895311e-07 1.00742069176762e-06 9.71781467917765e-07 3.59117439696632e-07 1.32222669702031e-08 1.11274907954595e-08 1.9605689516311e-09 2.25970717693258e-09 1.26952590662199e-09 3.78401332490341e-10 2.35507857659911e-10 3.73351272120459e-10 1.64316351636273e-09 3.09839424450509e-08 3.86483147898353e-06 2.29396183371033e-07 2.57724986130192e-08 7.38830074897834e-10 5.48279355250259e-10 1.15864451366576e-10 1.68641589581853e-10 1.35358568797983e-10 1.11086762011325e-10 1.05805497696565e-10 1.29188493236398e-10 1.60536817173096e-10 1.16161635865808e-10 9.73818581329056e-11 1.11162301585921e-10 1.08308806368029e-10 1.43837219912513e-10 2.14380790897195e-10 3.67922947663857e-10 5.89760751346091e-10 1.08985765967518e-09 9.90675952383668e-10 9.79042602544666e-10 1.63033788691536e-09 6.03720946568131e-09
6.03347884542416e-07 2.73382211313233e-09 6.7172156281714e-09 3.70609622990514e-09 2.35719668228995e-09 2.81820756731221e-09 4.44465514393144e-09 2.98019477518174e-07 1.01393729252663e-06 3.63862181416152e-05 8.31032274390964e-06 4.18088097908775e-07 2.46694304983919e-09 2.94733013550541e-09 3.33515777217741e-09 1.46020842084482e-09 3.35698258080441e-10 2.06929751112028e-10 8.17370804373496e-10 2.0457127991591e-09 3.94118214730454e-09 7.38304379743759e-08 3.86462771195806e-07 1.67498608316663e-09 5.20460885500285e-10 4.21666623839911e-10 7.90021100760541e-09 1.04262523059617e-09 1.46513745580279e-10 1.0624441326712e-10 1.63051894208621e-10 1.60182478392557e-10 1.23634191773192e-10 1.0782870152326e-10 1.11271136749025e-10 1.13572273807705e-10 1.2304800511842e-10 1.70377001396105e-10 2.44706610530443e-10 3.37278216466785e-10 6.94708320869708e-09 4.01351952783457e-08 4.37990410606659e-10 3.79815301432274e-10 9.65294639776459e-09
7.97787407762485e-06 1.80184034836994e-07 6.98811015720224e-09 6.46759665823282e-09 3.58036988945543e-09 9.46968636839074e-10 2.45727709291543e-09 3.62132169806628e-09 3.48855585530217e-09 6.04882874899459e-09 1.2032818222929e-07 3.35270822926503e-07 3.79630030744593e-09 5.15289271141306e-08 1.63044302614601e-08 2.35068131626548e-09 8.25971302464978e-10 4.03188382680497e-10 5.46216083474604e-10 1.03466554213227e-09 3.25064181128099e-09 2.28450871886388e-08 1.40944137505539e-07 7.11811686371355e-08 1.84089165022883e-09 5.42914191381527e-10 2.29706431653653e-10 7.49517981013525e-10 9.64579638385032e-11 8.26248069962787e-11 1.09685183158348e-10 1.36209099554918e-10 1.16963272400739e-10 9.7787011821282e-11 1.02746977592716e-10 1.06044839576214e-10 1.14024023556425e-10 1.51878720711096e-10 2.42795272775709e-10 2.25608032256019e-10 2.43830433621639e-10 4.01097965951891e-10 4.05173772310974e-10 9.75207914422072e-11 4.634859940289e-10
