Maxent_result_files_1/Bombus_deuteronymus_3.asc
NCOLS 594 
NROWS 330 
XLLCORNER -15 
YLLCORNER 23 
CELLSIZE 0.166666666666667 
NODATA_value -9999 
[rows 240 to 259 of 330, columns 45 to 89 of 594]
1.80355937118293e-07 5.90483409723674e-08 6.56509180352316e-11 2.53060794541682e-11 1.84173343242833e-11 2.38388020434854e-10 7.03691682701901e-10 6.40807229501661e-10 2.12342534666732e-09 3.14518544541897e-09 6.82029810405993e-10 8.69493366195684e-10 4.93081908636839e-11 4.77904715801003e-11 8.98695784457004e-10 2.49472620339475e-10 4.74883137258075e-08 4.62126422462461e-08 1.57151807798073e-06 1.51879676195676e-06 1.40876281875535e-06 8.88821944045048e-08 3.73273792320106e-07 1.01739642559551e-06 9.10072049009614e-07 9.976171895687e-07 1.02109572708287e-07 1.78509679926719e-08 5.0506027037045e-06 3.09617207676638e-06 1.47197060869075e-06 2.78089210041799e-06 8.02580689196475e-07 1.97686790670559e-07 5.27072756995039e-08 5.49622072298916e-09 2.56892640493334e-09 4.81338560121003e-09 1.99801348799156e-08 3.5378292295718e-09 1.87821157848767e-08 -9999 -9999 -9999 -9999
1.32299169308681e-07 2.93116698912854e-08 1.52024583144339e-08 1.56297886633183e-08 2.58840238132052e-09 1.42563854055311e-09 9.19004250476974e-09 2.89896945560031e-08 4.01762417823193e-07 1.67170341569545e-08 1.74222066107177e-08 5.1542865975307e-09 5.89401700779035e-09 1.64492760745816e-08 8.24445396574447e-07 1.21907742141047e-06 1.8442835425958e-06 2.04042153200135e-06 2.3786946258042e-06 2.07019365916494e-06 1.96545206563314e-06 2.34597769122047e-07 3.45220450981287e-07 3.21986999551882e-07 1.66025602084119e-06 4.74313168297158e-08 2.94801765221564e-08 1.05316360077268e-07 8.69854375196155e-07 7.60410102884634e-07 1.42366752697853e-06 4.07373909183661e-07 2.04417460736295e-07 3.90916284231935e-08 5.5690924227747e-08 9.36377091420582e-09 4.5130583714581e-09 1.04966055403111e-08 2.34531931653237e-09 2.69598103841417e-09 -9999 -9999 -9999 -9999 -9999
3.81230798041088e-09 1.85783719075516e-08 1.99129019051725e-08 3.19753006294832e-09 3.05661096433596e-09 2.21620988227755e-10 1.12440590172014e-09 2.50646940003207e-07 2.08576170734887e-07 5.17609691996768e-08 1.83531795983072e-08 1.40452129926416e-07 1.76552327957324e-07 5.3215017032926e-07 6.13645761404769e-07 9.53818471316481e-07 1.72916898009134e-06 2.67801078734919e-06 4.39612631453201e-06 2.58941599895479e-06 1.23513416383503e-07 3.78482150154014e-07 4.45316982222721e-07 5.06115111420513e-07 3.37388773914427e-06 1.23876643556287e-06 2.55647091762512e-07 2.16152716348006e-07 7.87808858149219e-08 2.69922020379454e-07 6.10846700510592e-07 2.15310265048174e-06 5.26978465131833e-07 5.2923530802218e-08 3.92066425547455e-08 6.35758183875623e-09 6.54579963565993e-09 2.46618085952832e-09 3.28013705086505e-09 5.92503006657807e-09 -9999 -9999 -9999 -9999 -9999
9.18693316975805e-09 6.05188120061939e-08 1.2313709873979e-08 2.57614686915986e-08 4.15820409216394e-09 1.20199445063918e-08 1.29276372717868e-08 1.41757323035563e-07 1.67553741903248e-07 4.45507885160623e-07 2.08607548302098e-07 7.10233337031241e-08 2.84237262349052e-07 4.08984442401561e-07 5.15415149493492e-07 7.1719086918165e-07 1.26827735584811e-06 2.25465209950926e-06 3.09679198835511e-06 5.91084199186298e-07 3.39007124239288e-07 7.42535485187545e-06 5.11725738761015e-07 1.78332425093686e-07 3.33924003825814e-07 1.35149721245398e-06 1.98147863557097e-06 1.30140879264218e-06 4.39798395746038e-07 1.20161166705657e-06 2.46192644226539e-07 3.96099551380757e-08 1.86998974527341e-08 1.15210497142471e-08 9.82668950655352e-09 5.72191964920421e-09 -9999 -9999 -9999 -9999 -9999 -9999 -9999 -9999 -9999
2.77837602880027e-07 5.23749065450829e-08 1.45616610325305e-08 9.38292851060396e-07 1.19187868463655e-09 6.60787264905593e-09 1.95632505750609e-09 2.25989786883929e-09 5.1221860530859e-09 1.02917249478196e-07 1.59778744546202e-07 5.29815508798492e-08 3.19679793392424e-07 3.95178358303383e-07 8.02605154603952e-07 1.96771361515857e-06 2.20461552089546e-06 1.82699168362888e-06 5.78904973735916e-07 1.09407756099245e-07 1.11776489575277e-07 1.52081213400379e-07 2.92941649604472e-07 6.1714781622868e-07 7.84453462188139e-09 9.26663631162228e-08 8.01969072199427e-06 2.0000028598588e-06 4.81887691421434e-06 1.41077043736004e-06 2.32657930610003e-07 1.4977511852976e-08 7.27783060483489e-09 3.74868101005177e-09 -9999 -9999 -9999 -9999 -9999 -9999 -9999 -9999 -9999 -9999 -9999
-9999 -9999 -9999 -9999 -9999 2.6651090223595e-09 1.13373426202656e-09 2.34680683774968e-09 5.24890246822451e-09 4.70477743874653e-08 1.70329917636991e-07 1.82687233518664e-07 7.22957338439301e-08 3.5658371189129e-08 3.09710121655371e-06 5.96346444581286e-07 2.34424969676184e-06 7.8444770679198e-08 9.21228092920501e-08 3.5715496778721e-06 2.53292419074569e-06 2.11678307096008e-06 3.97278483887931e-08 5.40708424523473e-07 0.000124922301620245 2.58593674516305e-05 3.09748270410637e-07 1.11553231363359e-07 5.09237224832759e-07 3.63825711247046e-07 1.14286699215427e-08 5.82510928381907e-09 1.77332477591108e-09 1.20312186879801e-09 -9999 -9999 -9999 -9999 -9999 -9999 -9999 -9999 -9999 -9999 -9999
-9999 -9999 -9999 -9999 -9999 -9999 1.79954986379016e-06 6.23273717792472e-07 3.32362390054186e-08 1.30346325022401e-07 2.30268346967932e-07 4.35688974675941e-08 3.17058322707453e-08 2.67089353656047e-07 5.02855573358829e-07 1.16925335191809e-08 8.85111077764123e-09 1.98688485397724e-07 2.81643025346057e-08 9.60937427407771e-09 8.04016963229515e-08 4.44055068271609e-09 2.19496563147459e-09 7.04420770603065e-09 3.7607682656926e-08 4.98135659654508e-07 6.85778275055782e-08 1.22203789487685e-07 5.69170538256003e-08 8.36729896036559e-08 4.03291996917687e-06 2.82000858220499e-09 4.98726961950524e-09 -9999 -9999 -9999 -9999 -9999 -9999 -9999 -9999 -9999 -9999 -9999 -9999
-9999 -9999 -9999 -9999 -9999 -9999 -9999 2.001818302233e-08 2.38385553075204e-08 1.08111987628945e-07 1.13134967705264e-07 8.5802531657464e-08 9.55810790514988e-09 4.03400645154761e-07 5.75343256059568e-07 1.47826142438134e-09 1.56049253519086e-09 5.92264086662908e-08 3.33772482008499e-07 6.02664798066144e-09 4.22882884265618e-09 8.73241923216028e-11 1.08091424699808e-10 4.79278838838582e-10 3.8401910273933e-08 -9999 -9999 3.85420025850181e-07 4.14299574913457e-07 -9999 -9999 -9999 -9999 -9999 -9999 -9999 -9999 -9999 -9999 -9999 -9999 -9999 -9999 -9999 -9999
-9999 -9999 -9999 -9999 -9999 -9999 -9999 3.35267432092223e-06 1.10063488989454e-08 6.59926968182845e-08 4.92489640180338e-09 1.59393511722783e-09 2.74068923999948e-08 2.04817368398835e-08 1.97487759479031e-10 6.7396941361153e-10 8.05570721240656e-11 7.61039515850825e-09 -9999 -9999 -9999 -9999 -9999 -9999 -9999 -9999 -9999 -9999 -9999 -9999 -9999 -9999 -9999 -9999 -9999 -9999 -9999 -9999 -9999 -9999 -9999 -9999 -9999 -9999 -9999
-9999 -9999 -9999 -9999 -9999 -9999 -9999 -9999 5.81173935643164e-09 2.34139729826666e-09 1.52295433508698e-07 5.04376096444048e-10 2.9005466917198e-10 1.56877604240435e-09 -9999 -9999 -9999 -9999 -9999 -9999 -9999 -9999 -9999 -9999 -9999 -9999 -9999 -9999 -9999 -9999 -9999 -9999 -9999 -9999 -9999 -9999 -9999 -9999 -9999 -9999 -9999 -9999 -9999 -9999 -9999
-9999 -9999 -9999 -9999 -9999 -9999 -9999 -9999 -9999 2.3262452941708e-08 4.02192767978704e-10 1.43399736529659e-12 4.61006033347644e-10 -9999 -9999 -9999 -9999 -9999 -9999 -9999 -9999 -9999 -9999 -9999 -9999 -9999 -9999 -9999 -9999 -9999 -9999 -9999 -9999 -9999 -9999 -9999 -9999 -9999 -9999 -9999 -9999 -9999 -9999 -9999 -9999
-9999 -9999 -9999 -9999 -9999 -9999 -9999 -9999 -9999 -9999 8.91841267502969e-09 2.26101679601243e-09 -9999 -9999 -9999 -9999 -9999 -9999 -9999 -9999 -9999 -9999 -9999 -9999 -9999 -9999 -9999 -9999 -9999 -9999 -9999 -9999 -9999 -9999 -9999 -9999 -9999 -9999 -9999 -9999 -9999 -9999 -9999 -9999 -9999
-9999 -9999 -9999 -9999 -9999 -9999 -9999 -9999 -9999 -9999 -9999 -9999 -9999 -9999 -9999 -9999 -9999 -9999 -9999 -9999 -9999 -9999 -9999 -9999 -9999 -9999 -9999 -9999 -9999 -9999 -9999 -9999 -9999 -9999 -9999 -9999 -9999 -9999 -9999 -9999 -9999 -9999 -9999 -9999 -9999
-9999 -9999 -9999 -9999 -9999 -9999 -9999 -9999 -9999 1.0897637139351e-07 3.20867002301384e-08 1.03411312846191e-10 1.01436112842634e-09 -9999 -9999 -9999 -9999 -9999 -9999 -9999 -9999 -9999 -9999 -9999 -9999 -9999 -9999 -9999 -9999 -9999 -9999 -9999 -9999 -9999 -9999 -9999 -9999 -9999 -9999 -9999 6.13526012216425e-09 8.15193388348234e-09 5.83548960264579e-09 3.50350006783628e-08 4.15597618541597e-09
-9999 -9999 -9999 -9999 -9999 -9999 -9999 -9999 -9999 1.05741886358146e-09 1.75033665339441e-10 2.17727325058092e-10 3.44441815514074e-08 2.56096761575009e-09 -9999 -9999 -9999 -9999 -9999 -9999 -9999 -9999 -9999 -9999 -9999 -9999 -9999 -9999 -9999 -9999 -9999 -9999 -9999 -9999 -9999 -9999 -9999 -9999 6.00723160104621e-10 4.91823584525264e-08 3.81826885131886e-07 1.22724571838262e-08 1.65520518180529e-08 7.4723850218561e-09 9.69853442001067e-10
-9999 -9999 -9999 -9999 -9999 -9999 -9999 -9999 -9999 1.71583806718445e-08 6.05386052399126e-10 6.08357475506693e-11 3.19927906389239e-09 5.78827430430806e-10 2.09494954717115e-10 -9999 -9999 -9999 -9999 -9999 -9999 -9999 -9999 -9999 -9999 -9999 -9999 -9999 -9999 -9999 -9999 -9999 -9999 -9999 -9999 -9999 -9999 1.32694566445934e-10 1.43573632982452e-09 2.75489604462109e-09 6.59509646894207e-10 4.07268956337248e-09 1.01640601712916e-08 9.87102026783759e-09 6.935137975006e-09
-9999 -9999 -9999 -9999 -9999 -9999 -9999 -9999 2.36521998431272e-08 2.16978051525984e-08 5.38228750457392e-10 2.90640755906679e-09 1.52453516477635e-09 2.93700423981136e-09 6.37244701451323e-11 3.28949756323027e-11 -9999 -9999 -9999 -9999 -9999 -9999 4.87500817492048e-11 -9999 -9999 -9999 6.2154468238873e-10 -9999 -9999 -9999 -9999 -9999 -9999 -9999 -9999 -9999 5.51491581290975e-09 4.55445601232896e-09 1.3382549468588e-08 3.64661119078846e-09 1.75759481635396e-08 2.61912327914615e-07 1.71266279380689e-08 6.97642065006221e-08 6.69881671910844e-08
-9999 -9999 -9999 -9999 -9999 -9999 -9999 -9999 8.41832648035279e-10 1.37294335900151e-08 4.2183923021355e-10 3.97106925120738e-10 2.36009500831358e-10 5.19865039905199e-09 5.12344513481366e-09 8.00535190137452e-08 2.76278501587512e-07 1.87855022204531e-08 2.3828304662743e-09 5.6651177082756e-10 2.15251727553323e-09 4.35702602885613e-09 1.80505155267241e-10 8.08620157499718e-09 3.84626019922507e-09 8.51434123205763e-10 1.86821615955068e-09 1.25403843753702e-08 4.55539339583311e-10 2.32582664239089e-10 5.17693754531479e-10 7.6726811570893e-10 2.21062768090974e-10 5.3665228705313e-09 4.40633485254693e-09 5.60846586949992e-09 2.50647673283311e-08 6.49528715257475e-09 1.31776829448427e-08 1.29675891002989e-07 9.00266684311646e-08 2.56649173024925e-08 3.30713675111838e-08 4.020706967367e-08 2.58873541270077e-08
-9999 -9999 -9999 -9999 -9999 -9999 -9999 1.79253911714028e-10 9.21915201956836e-09 2.75026252438693e-08 1.33481719899464e-08 2.54702605673174e-09 2.39094477549884e-10 3.62135601505997e-09 1.29959488504028e-08 1.12143538899545e-07 3.44219529324619e-08 5.54983472511594e-09 8.70758231030777e-07 1.97139911506383e-07 5.83013797950116e-07 1.60858249387275e-08 8.79969448419615e-09 4.6242035978139e-09 3.63312580020647e-09 2.41636204378892e-09 8.81990658285758e-10 4.40415792724025e-10 1.02711572580461e-10 7.72096053758276e-11 3.77172160170858e-10 6.61386181377566e-09 3.71482222760733e-09 3.85291301085999e-09 8.91952026904619e-08 6.70671482794205e-09 1.35920674892986e-07 8.0419413279742e-07 1.68341205153411e-07 4.48502350991475e-07 6.39612437680626e-08 7.67479320984421e-08 7.72730516018782e-08 8.32910359349626e-08 1.03458683042845e-07
-9999 -9999 -9999 -9999 -9999 -9999 -9999 5.31990025365303e-09 5.93236215706838e-09 8.86768702912377e-08 1.96098881133366e-08 2.76765064199935e-08 1.46935548173133e-09 9.92275417388555e-09 1.21717150136647e-08 3.41329808861701e-08 1.1399170034565e-07 1.06733853044716e-07 1.38101086122333e-07 4.57226587968762e-07 1.27821851947374e-07 1.13648343358363e-07 1.09197787878657e-07 1.04713180917315e-06 2.70194914264721e-07 7.0047976308274e-10 1.53593688878573e-09 7.27560802715743e-09 6.3812821693432e-11 6.8324337298975e-10 1.01527021456604e-08 5.90099453745552e-09 3.33285683495888e-09 6.05179423018853e-08 2.85385965526075e-08 3.56817878355287e-08 5.964513093204e-07 2.45679348154226e-06 7.98414566816064e-07 5.08923631059588e-07 7.46864088796428e-08 1.16599321700051e-06 2.30245450438815e-07 6.25294717337965e-08 1.6864939880179e-07
