Land_cover_rasters/CL_croplands_16.asc
NCOLS 642 
NROWS 378 
XLLCORNER -19.0000644 
YLLCORNER 18.9999684 
CELLSIZE 0.1666666 
NODATA_value -2147483647 
[rows 185 to 221 of 378, columns 255 to 339 of 642]
360 354 187 193 273 357 344 290 334 395 366 285 256 231 229 213 282 124 204 206 49 3 163 99 84 126 203 201 258 186 184 224 189 175 178 199 375 313 249 218 138 25 83 75 352 295 400 349 339 382 331 385 375 389 400 398 400 400 400 400 400 400 400 400 387 381 395 396 304 322 393 388 394 393 399 398 400 397 400 400 400 400 400 400 400
396 381 257 319 330 344 239 375 391 383 363 279 247 141 80 254 226 180 316 352 169 21 25 32 191 262 244 191 163 289 306 365 368 352 284 313 234 146 217 89 60 22 16 199 373 391 397 207 374 399 391 400 364 370 398 397 400 400 400 398 400 394 387 392 400 400 400 301 285 265 388 400 400 400 400 394 397 400 396 400 400 400 400 400 400
394 397 383 386 387 397 376 384 366 399 365 306 359 352 256 245 200 266 377 236 250 236 178 73 146 279 341 370 320 275 335 178 210 175 196 177 129 50 194 180 274 53 56 332 263 392 392 398 400 400 400 400 341 372 397 395 397 400 400 387 390 396 400 400 400 394 347 319 399 395 380 381 400 399 398 398 398 400 386 400 392 319 400 400 400
382 371 397 376 389 354 375 384 395 400 400 395 388 383 394 400 333 400 393 400 399 398 382 315 380 379 304 313 386 397 395 391 365 369 362 164 69 367 245 255 221 60 151 189 365 393 326 372 394 400 400 400 400 380 391 394 400 400 394 394 400 400 400 399 400 219 384 380 400 400 383 399 388 384 373 380 400 400 228 390 281 351 372 400 400
365 383 389 358 257 351 398 382 379 382 356 392 368 379 395 397 382 353 380 392 392 382 388 390 378 282 198 353 376 389 372 393 396 339 144 282 291 364 382 322 238 154 47 152 379 398 398 390 400 397 396 396 399 400 397 394 400 400 387 399 400 400 392 341 356 336 400 338 232 365 397 400 387 400 400 400 395 400 397 307 326 353 396 400 400
230 273 246 227 226 220 367 355 293 275 289 379 375 291 98 170 229 266 140 65 106 103 157 156 327 196 134 204 301 185 160 272 167 64 304 392 391 385 333 173 307 330 198 207 358 390 400 352 380 359 400 400 400 400 390 391 393 392 400 393 400 390 326 360 400 400 400 346 339 400 400 398 398 392 394 400 390 369 400 286 274 397 400 400 400
123 238 325 296 364 283 201 287 224 296 343 400 364 338 379 397 394 388 398 391 387 396 396 369 382 369 400 383 295 271 378 388 400 370 335 372 367 264 311 397 400 393 369 313 187 152 257 272 347 362 400 400 400 398 400 400 377 363 400 400 400 386 394 286 359 400 400 338 400 363 231 342 386 399 381 276 167 344 397 293 349 400 398 399 400
229 212 177 297 391 367 380 387 355 264 373 396 397 400 396 400 400 400 400 399 398 390 392 383 395 400 393 390 360 378 351 391 397 365 400 379 395 400 389 388 400 400 400 398 400 345 241 93 106 400 400 399 400 398 400 400 400 400 400 400 387 396 310 399 400 400 382 297 353 376 387 400 400 393 358 281 153 330 397 202 170 387 397 398 398
386 344 347 263 377 313 342 328 363 386 394 376 395 400 389 400 400 400 396 396 396 392 383 400 400 400 400 400 400 400 400 395 385 400 388 392 399 398 377 333 362 351 393 400 400 397 386 256 166 387 400 396 400 400 400 397 390 400 389 400 400 343 334 400 400 400 314 360 400 399 378 400 399 388 358 329 313 284 226 370 399 400 400 400 329
394 369 384 146 309 317 347 355 316 386 400 400 317 399 400 400 400 400 400 396 400 395 355 395 400 381 366 399 396 399 400 400 400 397 400 399 400 400 383 399 398 378 272 373 365 400 358 281 183 207 97 206 361 399 393 262 400 399 383 398 400 385 386 400 400 371 197 395 400 400 400 400 400 400 389 397 237 232 285 399 400 396 400 400 373
352 344 339 340 382 398 323 330 296 377 397 400 373 391 399 379 399 400 400 398 349 359 372 352 376 364 368 347 285 302 380 399 400 399 391 399 398 400 395 381 398 400 400 392 338 355 373 370 263 45 190 160 33 99 271 84 276 400 399 399 400 389 396 400 400 350 311 400 400 395 400 378 350 398 400 400 394 398 380 316 343 349 400 400 269
211 352 298 373 353 331 370 387 352 364 400 399 384 383 400 366 304 400 393 400 398 395 396 400 391 387 400 374 390 238 354 375 400 400 400 400 398 400 400 398 400 400 400 400 380 395 382 387 344 238 311 330 291 239 125 3 19 205 390 394 390 397 400 400 369 369 400 393 391 390 398 380 400 400 400 400 400 400 400 400 274 104 240 355 241
112 148 313 166 246 311 293 359 395 343 388 376 400 342 373 399 397 387 382 400 398 383 378 400 396 399 386 374 364 393 370 384 400 381 347 400 396 396 398 395 395 400 395 400 385 394 396 387 399 393 400 391 312 346 292 285 161 159 132 205 227 338 400 400 377 400 397 398 400 390 400 400 400 400 396 399 397 382 400 400 390 383 365 214 160
18 34 171 255 336 151 201 272 337 399 375 366 396 400 374 360 390 400 397 391 379 394 393 395 394 374 380 392 386 398 396 398 373 370 367 362 381 365 398 400 400 394 400 398 392 383 399 390 371 362 400 337 330 394 295 399 395 393 389 399 348 245 215 236 338 391 398 400 400 400 400 400 400 400 394 394 379 398 399 400 400 393 392 374 211
51 0 0 34 148 273 365 333 391 385 386 388 348 391 390 359 398 387 339 383 398 399 398 387 384 394 387 383 386 385 354 378 366 359 365 350 371 390 386 398 362 398 398 398 400 395 400 400 400 395 400 393 362 396 273 393 400 370 400 396 400 400 374 272 188 298 398 400 400 400 386 246 317 400 399 400 400 400 400 399 400 400 400 400 277
58 3 0 0 5 99 163 213 291 325 400 400 400 372 393 348 357 374 377 388 346 351 334 348 398 394 400 400 397 394 379 321 374 370 383 385 394 400 392 399 390 400 385 399 398 400 400 400 400 399 400 400 311 400 400 400 400 388 399 400 400 400 391 391 399 244 162 293 281 290 214 400 351 381 308 377 400 400 400 400 400 400 400 397 351
43 61 2 0 2 7 19 149 201 289 374 399 390 346 289 232 306 379 396 400 400 365 393 370 391 363 392 400 397 386 395 378 356 381 337 362 338 395 385 383 400 389 396 397 400 400 400 400 400 400 400 400 380 400 400 400 400 400 400 394 383 391 399 383 399 400 378 306 248 147 384 400 394 400 392 392 400 398 399 400 400 384 399 400 400
140 63 76 42 46 114 10 51 111 74 202 245 321 262 247 377 369 353 392 400 388 389 387 396 390 395 399 397 365 400 400 381 361 319 358 397 390 373 382 400 400 398 398 400 400 400 400 400 400 400 400 400 400 400 400 400 400 400 398 397 340 399 399 400 400 400 400 400 400 389 333 400 389 400 400 400 400 400 400 400 400 386 337 397 400
282 258 172 16 71 18 1 69 146 90 6 75 264 300 278 346 275 357 400 400 400 398 389 398 399 382 395 400 387 400 398 392 390 375 304 391 346 391 385 348 373 400 400 397 369 400 400 400 400 400 400 400 400 400 400 394 400 400 391 255 299 400 400 400 400 400 400 400 400 307 371 400 400 400 400 400 400 400 397 400 400 400 367 389 373
132 210 217 144 59 74 4 3 13 66 75 14 80 219 386 384 351 342 400 400 399 395 351 394 391 397 393 400 380 397 387 395 375 399 400 377 375 397 379 400 399 400 400 391 398 399 393 400 400 400 400 400 400 400 400 400 400 392 229 95 390 400 400 400 400 400 400 400 398 168 309 392 400 400 400 400 399 399 386 400 400 400 382 396 274
27 84 250 224 290 189 64 26 13 17 76 10 51 47 380 385 278 381 350 380 379 395 392 397 393 399 330 396 400 399 371 385 343 359 400 399 344 379 392 400 400 400 400 400 400 399 382 400 400 400 400 400 400 400 400 400 400 397 336 358 389 400 398 375 388 400 396 400 400 282 248 400 400 400 400 400 400 400 400 400 400 398 400 385 390
340 346 210 83 66 162 61 78 25 11 136 112 123 99 153 370 379 398 374 176 340 392 398 390 400 392 400 391 400 394 397 400 386 390 400 400 399 400 391 400 400 400 400 400 400 400 379 395 398 397 400 400 400 400 400 400 400 397 374 400 362 397 335 189 221 146 97 189 234 71 64 396 400 392 400 400 399 400 400 400 400 400 400 376 394
300 266 258 322 246 270 182 225 144 26 100 56 20 62 43 177 329 392 320 240 387 400 397 391 395 399 398 382 373 358 368 372 395 347 397 400 399 400 400 400 400 400 399 400 400 400 400 400 399 398 400 400 400 396 400 400 400 400 396 400 400 400 295 125 225 344 378 353 181 254 318 400 400 400 400 400 389 400 390 400 400 400 400 400 400
275 222 290 360 379 334 303 248 135 41 74 117 1 49 12 54 160 374 374 380 399 390 400 399 360 392 397 315 365 377 361 317 365 358 396 399 394 395 400 400 400 400 400 400 400 400 400 400 400 381 394 400 400 400 400 400 400 400 400 400 400 379 202 382 400 400 400 400 400 400 400 400 400 386 400 400 400 400 399 400 400 400 382 387 339
368 379 340 355 395 330 383 179 4 3 7 30 6 11 69 74 99 340 388 397 392 356 195 318 245 304 398 395 368 267 233 310 317 383 392 395 400 399 400 400 400 400 400 400 398 391 400 400 400 399 292 378 400 400 400 400 400 400 400 400 376 206 367 400 400 400 400 400 400 400 400 400 400 400 400 400 400 400 400 400 400 400 400 351 -2147483647
387 398 375 393 400 390 378 391 224 19 23 242 62 49 89 43 67 266 394 394 353 319 340 378 364 385 362 399 394 357 331 368 362 391 397 364 339 397 400 393 400 392 400 400 395 274 397 400 398 400 259 288 400 400 400 400 400 400 400 375 222 330 400 400 400 400 400 400 400 400 398 341 400 400 400 400 400 400 400 400 378 249 -2147483647 -2147483647 -2147483647
254 395 400 400 400 400 397 335 289 41 3 303 270 0 110 6 0 91 367 377 398 395 323 356 400 398 395 392 399 392 363 373 356 400 400 381 366 394 381 400 400 368 303 379 400 346 332 354 337 389 196 397 400 400 370 351 306 204 314 267 376 400 400 400 400 400 400 400 400 400 378 379 400 400 397 386 388 254 -2147483647 -2147483647 -2147483647 -2147483647 -2147483647 -2147483647 -2147483647
314 372 393 400 400 399 327 400 325 207 104 86 97 291 182 181 44 38 306 197 294 332 394 395 342 372 351 369 400 400 400 400 400 400 400 400 400 383 300 370 400 397 292 130 166 -2147483647 -2147483647 -2147483647 -2147483647 -2147483647 -2147483647 -2147483647 202 214 108 88 239 77 388 400 400 400 400 400 400 400 400 400 400 400 275 265 382 -2147483647 -2147483647 -2147483647 -2147483647 -2147483647 -2147483647 -2147483647 -2147483647 -2147483647 -2147483647 -2147483647 -2147483647
197 321 395 399 395 398 396 376 213 300 348 252 87 280 218 59 46 190 262 310 318 320 378 384 400 400 399 400 397 388 398 398 398 400 398 400 400 400 400 169 150 398 340 34 -2147483647 -2147483647 -2147483647 -2147483647 -2147483647 -2147483647 -2147483647 140 207 281 244 279 386 400 400 400 400 400 400 400 399 400 399 400 400 348 142 26 -2147483647 -2147483647 -2147483647 -2147483647 -2147483647 -2147483647 -2147483647 -2147483647 -2147483647 -2147483647 -2147483647 -2147483647 -2147483647
251 371 392 378 361 380 294 254 319 257 364 343 113 42 301 192 18 15 212 339 233 330 395 400 397 383 383 395 400 384 386 398 400 400 400 400 400 400 400 371 146 205 268 -2147483647 -2147483647 -2147483647 -2147483647 -2147483647 -2147483647 -2147483647 -2147483647 193 353 400 371 399 400 400 383 400 372 217 233 340 198 273 356 351 207 -2147483647 -2147483647 -2147483647 -2147483647 -2147483647 -2147483647 -2147483647 -2147483647 -2147483647 -2147483647 -2147483647 -2147483647 -2147483647 -2147483647 -2147483647 -2147483647
349 391 400 337 292 321 267 286 315 327 367 222 300 237 89 202 216 3 11 115 97 272 346 400 400 399 400 384 399 400 395 392 398 400 400 398 400 400 400 400 400 115 -2147483647 -2147483647 -2147483647 -2147483647 -2147483647 -2147483647 -2147483647 -2147483647 -2147483647 -2147483647 -2147483647 -2147483647 -2147483647 -2147483647 -2147483647 -2147483647 -2147483647 230 -2147483647 283 64 78 41 74 161 30 -2147483647 -2147483647 -2147483647 -2147483647 -2147483647 -2147483647 -2147483647 -2147483647 -2147483647 -2147483647 -2147483647 -2147483647 -2147483647 -2147483647 -2147483647 -2147483647 -2147483647
299 385 374 400 261 349 376 300 343 329 294 58 296 187 259 398 129 4 38 243 121 379 394 388 393 400 400 369 392 400 396 398 396 400 400 398 390 400 371 333 227 -2147483647 -2147483647 -2147483647 -2147483647 -2147483647 -2147483647 -2147483647 -2147483647 -2147483647 -2147483647 -2147483647 -2147483647 -2147483647 -2147483647 -2147483647 -2147483647 -2147483647 -2147483647 -2147483647 -2147483647 251 351 234 297 210 98 11 -2147483647 -2147483647 -2147483647 -2147483647 -2147483647 -2147483647 -2147483647 -2147483647 -2147483647 -2147483647 -2147483647 -2147483647 -2147483647 -2147483647 -2147483647 -2147483647 -2147483647
125 131 169 242 299 325 284 292 330 287 133 226 353 374 202 293 6 0 11 168 64 335 374 392 400 400 400 371 395 391 394 400 400 397 384 400 300 291 122 -2147483647 -2147483647 -2147483647 -2147483647 -2147483647 -2147483647 -2147483647 -2147483647 -2147483647 -2147483647 -2147483647 -2147483647 -2147483647 -2147483647 -2147483647 -2147483647 -2147483647 -2147483647 -2147483647 183 342 385 336 395 400 400 363 303 190 47 -2147483647 -2147483647 -2147483647 -2147483647 -2147483647 -2147483647 -2147483647 -2147483647 -2147483647 -2147483647 -2147483647 -2147483647 -2147483647 -2147483647 -2147483647 -2147483647
1 0 0 19 41 22 3 3 0 0 86 244 28 106 53 97 3 4 55 90 260 371 397 393 399 400 400 369 400 392 306 400 376 370 349 342 197 -2147483647 -2147483647 -2147483647 -2147483647 -2147483647 -2147483647 -2147483647 -2147483647 -2147483647 -2147483647 -2147483647 -2147483647 -2147483647 -2147483647 -2147483647 -2147483647 -2147483647 -2147483647 -2147483647 213 387 365 365 272 168 371 400 398 400 398 400 386 83 -2147483647 -2147483647 -2147483647 -2147483647 -2147483647 -2147483647 -2147483647 -2147483647 -2147483647 -2147483647 -2147483647 -2147483647 -2147483647 -2147483647 -2147483647
5 5 4 2 20 142 29 38 2 33 133 25 62 60 58 87 102 136 275 360 342 381 399 400 394 393 330 258 301 233 225 305 274 304 358 135 28 -2147483647 -2147483647 -2147483647 -2147483647 -2147483647 -2147483647 -2147483647 -2147483647 -2147483647 -2147483647 -2147483647 -2147483647 -2147483647 -2147483647 -2147483647 -2147483647 -2147483647 45 84 175 132 178 398 384 351 387 395 400 397 400 397 387 117 8 -2147483647 -2147483647 -2147483647 -2147483647 149 302 183 -2147483647 -2147483647 193 -2147483647 -2147483647 -2147483647 7
110 108 76 52 39 129 268 226 176 304 123 105 187 134 222 290 209 203 181 369 394 400 387 391 400 399 269 361 308 229 168 109 207 198 138 1 4 -2147483647 -2147483647 -2147483647 -2147483647 -2147483647 -2147483647 -2147483647 -2147483647 -2147483647 -2147483647 -2147483647 -2147483647 -2147483647 -2147483647 -2147483647 -2147483647 -2147483647 -2147483647 -2147483647 -2147483647 -2147483647 338 113 161 311 400 400 353 393 400 400 400 393 356 220 279 391 398 400 394 159 -2147483647 -2147483647 170 254 260 250 306
333 378 361 290 246 134 240 139 177 173 187 190 105 228 242 320 312 325 333 380 381 400 397 400 400 400 324 390 386 330 349 398 380 257 34 0 8 -2147483647 -2147483647 -2147483647 -2147483647 -2147483647 -2147483647 -2147483647 -2147483647 -2147483647 -2147483647 -2147483647 -2147483647 -2147483647 -2147483647 -2147483647 -2147483647 -2147483647 -2147483647 -2147483647 -2147483647 -2147483647 -2147483647 -2147483647 151 394 396 381 400 400 372 320 338 287 364 163 -2147483647 178 320 223 214 -2147483647 -2147483647 -2147483647 -2147483647 20 244 394 326
