Land_cover_rasters/CL_croplands_16.asc
NCOLS 642 
NROWS 378 
XLLCORNER -19.0000644 
YLLCORNER 18.9999684 
CELLSIZE 0.1666666 
NODATA_value -2147483647 
[rows 148 to 184 of 378, columns 425 to 509 of 642]
112 286 349 274 155 8 22 139 88 190 249 253 244 230 227 118 41 96 265 16 150 227 263 117 0 7 131 206 252 266 244 340 225 216 251 104 17 0 0 0 0 23 3 0 13 16 0 0 10 0 0 5 4 0 5 0 2 0 0 0 46 3 0 12 229 152 2 37 132 159 130 78 99 50 26 15 23 62 171 216 323 341 224 298 313
223 138 90 20 40 40 10 10 5 33 172 220 114 191 198 104 128 151 207 132 104 100 349 110 36 0 14 128 281 166 303 275 279 206 235 115 29 16 0 1 0 0 0 0 0 4 7 0 11 5 1 7 32 15 21 0 2 0 3 0 26 95 81 97 109 250 294 312 216 288 307 285 272 186 15 5 106 204 230 172 193 143 73 151 142
63 90 33 70 47 92 68 21 121 234 312 317 333 85 16 77 206 121 178 213 156 134 266 104 152 72 58 46 141 301 376 367 345 100 306 146 130 138 12 0 21 47 15 70 13 20 10 21 9 0 1 15 18 36 56 1 19 20 0 25 222 283 239 130 163 281 324 373 225 8 0 3 35 84 218 64 28 28 5 54 60 189 58 101 182
256 234 281 264 151 215 140 315 240 330 370 192 39 17 74 164 215 215 152 200 170 155 83 163 146 165 190 91 37 239 343 354 130 17 135 344 254 192 88 14 21 56 49 0 0 24 50 0 9 0 3 29 142 157 169 72 202 193 220 267 344 374 267 335 346 346 368 355 182 120 85 166 104 106 21 33 47 22 1 29 38 94 64 297 392
237 259 189 85 192 240 233 147 222 395 376 278 16 2 61 113 81 79 273 239 287 241 178 143 271 267 261 181 67 40 292 120 52 3 0 220 311 230 235 102 9 0 0 0 0 0 2 0 13 0 4 5 34 75 95 32 130 350 392 377 400 366 212 255 205 398 392 343 355 356 370 368 355 334 217 218 358 376 380 381 395 400 397 400 315
23 139 232 200 266 348 319 302 371 400 387 310 228 83 82 73 41 205 345 391 370 356 365 272 321 333 307 144 110 39 52 88 40 0 0 36 367 370 360 365 151 0 71 230 55 0 0 31 9 0 9 0 0 0 16 11 113 161 267 323 278 332 207 243 348 400 391 400 373 352 366 346 329 252 267 294 336 397 341 245 255 344 366 380 397
261 206 350 330 374 380 387 307 268 288 296 400 399 296 119 187 262 364 373 398 367 301 243 207 271 224 243 90 100 130 114 110 70 18 0 0 252 399 385 381 346 274 226 325 209 16 0 0 11 0 10 4 1 8 165 217 193 78 223 372 339 384 377 361 374 400 388 394 375 394 370 387 396 365 335 363 362 283 39 15 0 2 25 132 203
220 311 279 327 291 352 258 122 355 383 400 344 359 218 267 382 395 393 396 397 395 392 375 255 323 360 172 211 325 278 269 80 8 0 0 0 117 322 334 370 349 96 134 12 255 28 7 5 0 1 6 0 0 66 279 270 177 230 304 307 268 356 385 400 400 366 397 400 400 375 304 329 371 355 332 374 192 142 233 247 249 270 289 349 388
400 400 366 179 141 37 101 132 258 301 132 136 346 369 388 350 256 145 281 344 385 381 382 395 382 359 332 373 396 384 216 10 0 6 0 0 208 376 337 381 400 231 15 42 255 124 81 15 8 0 0 2 3 62 231 235 331 341 381 380 309 391 400 400 384 380 399 399 400 400 400 400 400 400 400 294 334 376 370 348 400 400 400 396 263
339 329 126 100 366 383 345 211 142 287 394 400 355 345 374 376 335 99 173 378 374 369 390 340 369 244 333 398 400 295 36 11 10 1 4 1 324 394 356 392 400 339 282 283 187 72 62 184 1 0 0 0 1 84 211 283 298 355 235 358 267 362 386 350 400 340 399 397 378 327 369 395 383 400 349 69 106 93 378 393 384 395 381 173 133
277 344 356 395 375 400 395 345 389 400 399 399 395 390 400 400 380 359 315 335 296 293 397 357 358 235 189 168 187 14 26 13 0 0 3 13 332 400 376 378 363 242 268 225 97 100 179 38 0 0 4 0 33 230 376 353 369 341 355 311 389 387 316 384 384 361 398 336 392 321 315 316 392 398 387 225 125 16 64 173 135 224 264 245 400
330 374 302 305 400 400 396 373 371 330 381 398 369 346 395 396 399 400 371 400 386 382 365 298 324 339 301 260 15 1 15 0 0 0 0 79 383 373 373 394 376 312 313 223 104 148 37 13 1 0 24 67 321 386 386 372 319 335 380 348 381 400 393 400 395 388 400 400 396 391 375 327 278 274 345 319 326 291 270 323 275 203 285 399 400
272 299 378 382 400 400 395 400 400 319 348 382 265 309 333 400 400 400 392 399 399 352 352 331 316 329 302 371 288 171 45 11 0 2 8 9 68 279 362 363 346 362 204 48 14 14 22 0 0 0 0 245 387 373 392 390 358 77 276 383 351 359 361 357 390 372 382 386 399 396 364 394 396 395 397 366 400 400 399 365 285 379 400 400 385
384 382 397 396 400 391 373 390 392 351 369 333 293 325 385 400 400 400 400 400 398 364 381 289 277 212 382 319 298 144 70 196 45 0 23 38 198 325 71 98 278 75 11 32 50 8 0 5 10 7 0 170 355 388 397 391 308 104 302 296 382 327 346 391 382 394 369 352 391 400 395 381 400 387 340 396 399 400 388 399 400 400 400 395 377
291 389 302 367 395 383 396 343 400 400 383 363 396 384 287 388 398 400 400 400 400 400 400 385 358 240 261 229 273 205 120 159 54 0 1 2 199 174 6 37 9 15 0 0 0 0 0 108 222 145 135 362 349 388 373 379 394 348 390 391 318 391 272 359 392 392 375 400 380 390 374 381 399 372 281 288 275 394 381 376 400 400 400 400 393
351 380 380 357 394 396 391 393 399 400 400 400 400 380 253 396 398 400 400 398 400 387 355 287 124 93 347 375 334 223 36 48 5 0 0 0 10 7 0 0 0 0 1 0 4 0 140 393 398 365 376 361 312 248 355 384 361 322 333 334 372 366 398 395 400 356 335 252 357 382 334 380 393 369 376 358 349 384 286 391 400 400 400 398 364
396 393 373 369 398 370 375 399 400 393 365 388 397 374 380 400 400 400 400 389 400 393 366 343 336 333 349 322 253 115 152 67 3 0 6 2 0 0 9 3 2 3 0 1 7 205 355 400 372 297 394 390 355 160 383 400 378 386 274 351 396 309 342 386 376 367 392 380 346 336 360 392 390 397 375 280 369 341 361 394 397 400 343 324 289
392 396 400 398 400 399 400 400 382 371 116 284 312 362 331 384 394 400 400 400 400 353 326 388 326 400 395 378 308 320 175 49 5 9 1 0 4 5 0 0 7 29 15 50 277 229 393 398 399 391 400 400 319 312 329 400 341 400 399 373 373 399 384 391 352 378 377 381 365 396 400 400 398 396 280 320 310 306 399 397 373 208 239 264 286
399 396 368 343 400 400 390 400 400 400 373 291 270 350 324 211 339 400 400 395 400 400 400 369 393 376 332 360 363 219 63 0 0 10 18 0 3 2 0 0 39 56 30 309 382 357 353 303 343 399 389 258 212 354 398 400 400 400 399 382 396 388 400 398 386 333 386 384 377 355 354 400 369 382 366 319 269 238 353 394 356 358 270 235 186
400 394 354 368 385 400 392 400 400 400 397 398 399 392 393 337 332 400 400 400 397 400 400 395 381 332 305 322 128 169 1 1 4 3 0 7 4 2 12 0 0 76 308 400 399 366 225 323 400 399 397 341 356 336 395 400 400 400 324 359 395 397 382 375 399 369 383 365 370 385 398 322 324 398 337 246 28 127 375 368 381 333 272 220 230
347 342 398 388 397 399 399 400 400 400 400 395 394 400 400 400 400 400 400 400 400 400 400 400 373 261 359 187 84 5 4 0 10 9 4 7 7 106 211 60 13 220 382 396 400 400 372 394 400 375 400 375 391 396 400 351 389 384 343 385 399 399 400 393 395 392 394 368 391 399 400 229 317 363 373 177 9 48 223 349 393 355 398 377 288
357 295 391 363 399 400 393 399 400 397 388 399 399 398 400 400 400 400 400 400 400 400 400 381 375 348 308 229 124 4 11 0 3 1 33 7 31 0 95 16 99 375 394 400 334 400 400 400 400 397 372 400 382 400 385 378 374 387 335 393 394 355 398 393 391 384 289 355 386 367 357 138 167 343 240 239 144 55 56 123 265 365 358 349 300
359 347 354 378 400 399 395 397 395 400 400 400 400 400 400 400 400 400 377 386 400 400 400 400 337 332 294 376 201 22 36 2 1 5 18 10 2 1 0 12 259 381 399 329 250 397 395 400 400 382 342 399 400 398 391 395 396 348 388 354 201 384 375 356 373 308 294 301 336 346 362 312 44 251 312 378 286 175 47 38 196 347 362 373 370
400 400 400 400 388 400 396 386 391 399 394 398 400 400 398 397 400 386 397 359 350 400 400 400 366 350 332 209 11 5 8 0 42 17 34 2 15 0 119 303 361 377 319 84 362 400 395 399 396 391 395 376 373 391 400 390 327 306 283 273 236 192 192 282 300 180 131 118 239 343 198 235 111 322 262 332 349 181 26 54 189 347 314 343 374
389 395 397 384 400 400 400 400 398 399 395 391 396 387 386 391 398 399 399 388 400 400 400 400 397 179 261 66 14 20 0 4 6 13 95 10 29 96 285 322 334 339 398 363 393 399 392 395 347 342 397 384 338 367 390 344 249 208 287 195 155 109 86 241 196 208 119 88 180 153 108 118 201 134 85 143 85 244 50 29 125 374 275 373 361
185 98 76 210 398 400 400 400 400 400 398 387 350 343 355 381 390 399 400 397 400 400 400 400 400 326 260 165 30 32 9 34 55 46 6 10 18 216 360 306 340 378 397 348 357 354 370 372 333 300 320 355 336 301 348 287 268 170 117 166 129 171 216 223 129 185 135 57 21 54 80 68 66 31 126 101 45 42 20 11 129 325 391 336 213
279 120 252 398 397 400 400 397 400 391 387 400 395 390 353 382 395 396 390 356 399 398 400 400 400 375 400 400 266 48 3 53 9 0 9 2 97 368 338 321 369 375 385 333 380 382 346 343 362 343 316 277 196 134 161 262 180 229 83 238 287 206 180 108 152 171 84 68 203 249 162 71 3 4 38 29 79 82 11 1 12 203 341 350 400
399 399 328 315 383 399 377 396 398 387 400 385 398 380 398 385 351 396 385 371 383 397 400 396 369 367 289 393 394 207 99 98 20 2 31 89 309 397 378 307 260 352 380 338 245 317 263 218 315 342 335 227 191 212 242 193 97 217 22 65 118 63 101 101 75 63 74 182 64 100 5 19 8 6 35 29 18 0 0 22 60 248 170 303 309
397 396 398 400 388 333 347 371 383 398 382 398 389 391 383 362 328 328 379 396 387 391 400 400 400 383 164 373 376 310 290 239 53 112 89 219 395 396 381 364 320 384 339 300 280 237 205 147 358 209 131 159 162 70 137 114 124 139 214 215 85 2 1 25 15 44 32 35 8 5 7 58 6 8 2 2 0 2 79 105 106 130 154 305 357
398 396 399 398 400 400 397 372 330 344 375 386 396 354 377 323 270 279 378 399 400 400 400 399 399 386 256 343 390 204 368 367 176 36 114 174 389 391 400 321 329 344 323 165 285 227 280 220 158 303 194 140 139 94 104 61 64 69 121 12 0 2 34 55 24 0 45 1 6 0 38 24 32 12 23 3 0 3 163 84 233 171 362 218 348
385 399 400 400 400 396 399 397 387 358 339 381 389 400 399 354 211 348 382 392 399 400 400 390 393 397 395 400 400 354 356 399 187 27 182 257 394 307 382 266 302 191 129 63 87 135 125 69 95 201 140 59 31 45 19 1 1 1 9 24 4 5 4 3 3 0 0 0 2 4 4 0 3 0 0 0 12 0 39 116 143 216 323 303 368
398 390 374 396 391 392 381 389 398 400 391 374 383 396 391 395 398 328 356 386 387 400 399 400 400 389 386 387 400 396 332 400 372 338 210 327 400 350 267 258 167 61 13 74 30 52 57 0 33 67 13 11 4 10 0 4 2 0 0 0 0 2 5 1 0 0 0 0 0 0 0 0 0 0 0 0 0 0 15 99 177 262 179 167 125
353 388 400 399 382 331 391 391 396 396 360 400 390 359 399 400 312 253 351 327 359 389 394 400 392 398 396 394 398 399 379 398 396 376 398 400 397 356 263 31 34 74 3 3 16 1 1 0 2 0 0 2 0 4 0 0 0 0 0 1 0 0 1 0 0 0 0 0 0 0 0 0 0 0 0 0 3 5 15 0 170 280 191 243 284
373 264 183 269 397 391 387 368 389 392 395 394 381 396 392 393 279 244 167 72 287 316 367 350 331 392 395 400 385 393 373 393 380 385 400 399 398 390 250 118 50 25 1 0 0 4 7 1 1 0 0 0 0 4 0 4 2 0 0 0 0 0 1 22 3 3 0 0 6 91 23 0 0 0 0 0 0 0 3 4 164 97 158 209 124
202 76 87 104 223 309 363 382 379 355 345 376 373 317 310 239 30 1 0 9 29 29 98 123 303 355 378 365 398 354 387 398 399 396 400 400 398 259 112 30 66 6 9 3 1 0 0 0 0 0 0 0 0 1 5 9 12 2 6 3 1 0 7 22 0 0 0 4 4 0 0 0 0 0 0 0 0 0 39 8 38 61 29 8 65
142 133 178 185 315 152 102 56 102 220 158 139 108 73 1 2 0 95 34 43 23 0 2 12 105 154 154 219 293 241 289 254 343 382 318 385 400 253 60 54 7 121 62 16 0 0 1 0 5 74 0 0 0 1 0 0 0 0 1 0 0 0 0 0 0 0 0 0 0 0 0 0 0 0 0 0 0 0 0 1 0 1 19 63 65
47 2 0 2 5 2 0 0 2 72 52 161 51 43 7 61 49 28 4 5 10 14 0 12 0 3 112 83 3 154 61 162 202 213 324 383 380 185 61 16 38 121 63 16 0 0 0 0 0 0 0 0 0 7 0 1 0 0 0 0 0 0 0 0 0 0 0 0 0 0 0 0 0 0 0 0 0 0 0 1 0 0 3 21 40
