Land_cover_rasters/CL_croplands_16.asc
NCOLS 642 
NROWS 378 
XLLCORNER -19.0000644 
YLLCORNER 18.9999684 
CELLSIZE 0.1666666 
NODATA_value -2147483647 
[rows 185 to 221 of 378, columns 170 to 254 of 642]
342 106 136 156 209 277 249 376 365 384 344 371 395 376 378 399 363 369 308 368 334 378 358 351 381 240 70 251 347 221 199 289 351 309 353 294 314 326 330 295 298 393 399 388 390 301 223 338 266 280 337 321 345 376 319 331 219 286 203 261 217 323 351 189 168 195 156 67 32 77 109 135 270 355 327 314 354 384 399 382 365 393 350 366 331
169 30 90 127 238 131 132 270 338 356 269 235 339 191 220 223 271 396 367 361 338 292 310 349 309 275 286 257 89 65 68 184 260 285 248 140 159 262 265 219 290 345 361 375 328 398 400 380 273 197 204 88 143 207 235 332 353 281 248 342 320 196 253 206 181 220 331 135 254 257 325 355 244 281 315 325 311 325 398 375 394 400 369 355 386
117 150 258 345 224 184 156 45 89 94 233 159 110 143 157 276 303 283 294 297 237 161 223 237 286 140 77 299 175 127 254 180 243 150 136 61 75 11 46 196 260 89 172 277 352 395 351 388 382 372 314 186 103 103 158 253 129 123 267 194 228 322 190 233 273 288 307 314 223 111 267 317 398 400 388 239 110 198 281 374 377 386 344 371 393
265 180 222 266 327 238 155 158 60 10 63 7 41 113 176 246 230 238 216 129 82 139 188 65 87 63 206 230 160 324 249 195 55 174 282 250 285 285 201 156 184 271 287 222 327 383 377 357 396 250 95 256 207 215 122 131 29 81 199 257 220 290 299 326 372 375 379 332 361 320 271 195 308 368 334 245 159 167 116 69 118 127 96 265 369
333 242 173 158 201 297 332 308 220 213 75 41 31 112 190 325 282 136 18 11 19 31 73 138 271 367 358 375 384 351 277 237 371 323 305 338 342 255 274 310 292 164 71 332 238 166 352 337 364 396 379 334 327 272 262 285 220 32 252 170 113 181 344 383 356 373 358 370 370 385 371 323 372 218 153 156 224 188 273 256 323 277 67 152 266
82 70 98 165 106 287 302 263 179 246 239 225 152 52 251 256 166 99 179 88 91 113 210 267 368 300 283 273 367 378 355 357 260 320 337 340 377 373 363 269 325 347 135 150 197 73 63 124 133 285 377 400 394 260 26 154 95 20 11 39 107 150 359 382 385 398 396 398 390 379 345 354 265 118 313 299 286 263 312 296 149 226 303 187 147
7 8 150 307 341 204 293 218 201 335 258 213 271 293 157 117 204 173 305 149 104 207 273 228 212 295 206 89 181 326 72 220 320 352 373 296 289 314 264 300 172 305 301 276 246 189 80 7 137 193 350 399 398 344 178 94 135 77 104 138 187 250 339 205 238 346 267 331 239 330 326 262 337 314 303 317 342 332 350 374 272 243 206 239 191
7 144 280 265 394 378 287 98 207 131 269 153 215 216 234 170 131 123 136 121 233 192 198 173 130 287 123 219 251 239 171 265 192 184 323 345 359 272 257 354 361 379 180 314 191 245 222 230 232 254 337 287 278 206 235 237 321 248 281 313 312 311 317 326 307 372 311 310 346 359 315 356 337 352 351 357 352 322 345 327 393 367 360 320 314
127 269 346 204 350 313 237 159 200 176 226 142 67 178 216 100 115 271 73 128 263 153 214 247 150 170 60 80 175 146 208 352 326 239 262 203 232 321 185 174 157 319 273 265 177 228 304 298 233 195 245 322 356 214 214 261 273 98 135 107 73 83 118 123 161 226 239 248 228 325 371 370 329 371 239 285 345 213 108 122 265 388 361 384 325
267 331 340 384 397 353 350 220 214 168 145 198 71 31 141 131 74 160 114 56 231 291 244 298 254 262 136 290 283 205 351 342 360 233 305 208 271 307 338 194 233 268 247 242 179 239 359 301 251 200 310 363 237 208 150 25 80 60 137 62 60 113 141 220 127 28 149 255 132 173 150 121 147 237 283 292 376 148 77 33 200 340 325 367 388
345 373 368 387 395 334 286 246 244 162 16 18 214 106 92 125 205 151 182 207 86 243 262 290 274 291 319 273 215 146 294 286 235 284 271 280 241 197 278 258 256 244 134 183 111 133 314 375 343 356 197 129 79 24 0 8 46 43 45 83 153 198 262 390 305 167 87 64 42 38 116 100 128 107 58 50 148 131 64 81 65 118 189 303 302
298 298 381 392 394 347 329 305 209 102 15 157 243 300 146 112 121 93 126 214 201 159 91 107 177 238 306 314 275 206 215 250 304 288 272 283 238 197 259 306 305 209 186 92 141 259 346 338 245 268 184 123 117 30 71 84 101 88 43 89 93 67 5 36 11 45 209 130 174 204 60 205 217 229 157 119 58 8 6 12 147 180 92 102 97
99 54 225 283 219 255 241 257 325 249 239 334 227 289 265 168 174 184 159 202 134 74 12 22 4 36 143 211 197 355 187 196 147 183 133 75 303 305 288 296 282 310 312 367 397 324 291 219 267 334 273 170 91 244 98 89 57 168 62 21 169 209 201 91 156 265 331 110 143 167 302 278 272 156 133 127 109 38 12 40 64 165 181 17 37
248 98 72 176 239 307 378 390 321 249 161 173 157 187 166 160 300 370 356 308 309 148 87 110 91 59 51 53 59 124 228 247 115 66 65 248 235 289 181 226 321 398 399 347 349 395 269 233 351 302 200 203 205 43 38 87 126 190 18 20 22 33 14 67 61 37 81 164 150 96 110 221 124 253 276 173 93 57 51 22 83 126 224 94 46
124 177 219 234 99 161 260 282 323 330 258 326 283 305 236 306 311 315 314 330 392 337 305 166 238 220 156 78 126 116 136 174 100 115 187 294 171 232 288 325 393 398 398 356 348 293 269 368 349 318 321 208 122 302 128 237 94 73 32 162 54 66 65 7 20 54 77 25 15 39 84 159 318 150 387 323 332 254 18 75 78 18 111 161 106
232 290 274 318 266 323 328 365 325 342 298 319 322 328 362 372 286 286 307 260 320 228 341 236 148 124 110 261 158 91 277 119 24 92 165 106 141 100 278 394 341 282 359 375 393 330 161 156 218 213 373 231 326 305 134 84 168 68 155 262 226 87 49 59 20 116 110 86 146 254 361 320 162 300 381 378 377 310 238 233 124 86 73 56 126
270 363 278 292 313 303 272 133 130 224 281 325 359 352 321 347 389 387 364 359 336 282 226 344 345 337 226 223 280 191 244 212 87 36 29 62 35 143 309 324 308 259 350 360 356 325 92 76 298 367 365 383 338 211 232 105 59 132 238 181 88 166 304 317 292 348 206 132 191 331 354 279 18 192 341 391 346 355 355 348 272 236 164 103 7
226 319 338 300 254 243 259 219 211 301 326 294 217 143 343 359 328 374 283 291 171 180 214 299 366 376 380 367 298 175 239 270 214 103 116 118 179 259 326 314 151 13 65 327 387 341 88 246 384 391 336 383 347 395 366 345 343 262 272 290 255 208 227 156 219 247 164 154 353 398 394 253 226 376 393 391 326 347 392 347 360 352 350 144 263
326 323 255 281 251 280 292 275 367 256 212 159 29 15 118 124 295 236 300 340 267 262 316 99 160 220 307 316 371 390 301 359 343 244 262 285 239 174 78 22 39 38 298 328 296 332 254 265 396 392 389 365 391 386 390 398 396 321 278 376 369 331 156 131 113 141 72 11 131 390 395 381 381 399 385 396 387 375 390 387 391 372 348 189 299
296 340 269 301 183 262 273 228 256 241 197 156 140 144 124 235 190 248 154 260 294 246 299 278 178 107 136 143 184 74 42 107 81 79 15 15 1 0 0 0 14 199 334 219 112 350 392 347 278 317 393 389 378 378 381 398 323 69 225 321 352 247 195 44 134 200 233 286 384 388 372 400 389 400 338 391 380 372 392 394 394 392 400 345 346
283 309 341 312 201 232 246 277 268 230 185 238 180 165 142 136 131 122 110 67 36 64 102 52 12 43 10 2 3 30 22 0 0 0 2 0 0 1 2 12 125 97 253 276 74 382 305 294 392 289 300 368 313 334 277 307 243 56 168 347 348 393 383 346 368 400 400 396 371 375 395 400 386 387 383 387 391 367 379 400 397 353 399 376 142
71 100 214 272 127 198 142 159 110 12 52 63 4 18 5 7 46 78 72 11 4 18 27 35 28 4 13 38 70 28 44 6 3 4 25 56 1 17 2 0 1 90 174 294 309 271 364 375 383 339 359 394 389 374 151 365 393 159 102 287 244 396 398 385 400 398 400 316 300 400 377 393 397 303 348 391 396 399 400 400 398 378 235 313 386
256 229 109 115 8 63 8 2 6 11 1 7 0 3 23 74 41 56 50 16 71 43 16 41 27 1 24 36 16 0 2 11 3 31 4 4 12 8 26 65 99 63 26 290 367 330 378 321 379 380 275 270 329 213 201 399 393 217 104 230 387 392 397 399 400 400 376 380 399 395 400 397 393 390 396 396 396 398 377 363 355 347 380 388 284
218 174 69 18 7 1 13 1 11 14 20 21 19 38 3 31 0 19 52 52 63 31 42 5 0 3 10 4 35 44 5 27 109 51 0 0 19 30 47 224 173 196 284 280 357 363 338 396 361 264 107 228 228 357 339 329 399 333 364 374 382 390 382 400 391 359 395 397 395 391 398 400 400 392 399 400 400 378 319 369 380 397 356 315 316
145 57 7 50 3 0 0 27 11 3 0 1 4 4 0 0 0 0 18 9 3 21 5 0 8 28 56 16 26 6 59 2 24 6 7 39 33 21 91 177 239 219 185 317 341 308 317 388 285 214 242 251 271 391 388 400 400 322 384 396 397 374 360 400 394 391 400 400 400 400 398 393 400 400 400 329 364 338 213 260 313 335 334 380 343
22 87 54 0 0 3 17 4 0 0 0 0 15 1 6 5 0 0 0 5 26 20 3 18 34 30 1 1 1 1 42 0 35 7 0 58 230 144 154 199 159 148 124 259 342 356 360 235 238 244 218 105 209 396 397 394 399 329 400 389 383 381 360 391 393 400 400 387 396 396 399 397 399 376 394 323 362 282 213 285 208 301 366 318 353
31 15 1 0 5 42 7 75 1 8 30 9 0 29 7 14 8 7 10 3 7 13 28 20 26 56 19 10 36 65 122 34 58 97 2 56 85 205 218 314 334 293 201 112 277 346 383 203 164 224 274 374 367 398 393 372 348 360 392 371 351 398 391 389 382 378 398 396 392 400 352 398 384 389 399 377 379 389 328 14 25 196 306 190 292
10 3 0 4 0 0 13 51 48 26 14 85 35 35 7 28 17 1 1 6 0 1 17 8 24 39 7 15 38 37 101 72 56 1 6 5 7 129 349 379 340 336 324 210 189 275 277 366 306 355 373 381 380 358 385 399 398 316 398 374 359 353 383 399 374 358 394 385 379 395 387 368 397 388 394 378 196 47 282 133 36 51 39 26 226
7 2 0 0 2 0 6 0 0 10 71 105 8 0 5 15 4 1 1 0 7 17 38 12 7 26 15 0 48 39 0 0 0 5 38 39 76 198 290 357 360 340 377 375 312 304 292 238 282 341 368 388 385 375 372 390 364 354 391 344 315 372 395 393 365 332 386 400 398 395 385 385 397 394 400 396 325 159 148 71 74 245 227 96 185
82 14 36 31 42 23 6 0 5 3 132 50 18 8 5 4 18 74 124 17 85 64 252 94 17 23 28 13 0 36 138 74 10 22 133 119 228 299 195 96 203 283 271 207 327 351 330 198 340 332 268 210 344 242 243 289 386 176 352 377 399 375 372 399 351 370 363 386 390 400 382 349 381 361 189 226 128 207 82 195 59 107 219 168 170
63 27 9 5 10 9 12 1 10 98 58 35 41 18 24 164 229 160 109 326 381 398 387 305 276 32 16 4 14 17 104 120 41 27 61 119 249 275 360 392 354 296 251 282 262 288 261 268 342 305 395 334 270 193 397 397 339 370 400 399 399 370 370 395 392 400 394 390 398 397 340 378 389 319 153 105 95 35 33 9 88 89 130 217 177
85 74 84 62 43 32 13 11 13 108 76 23 40 95 85 173 263 315 390 375 377 378 400 400 344 182 131 104 14 50 97 122 112 196 212 238 216 265 342 183 216 329 374 310 320 327 199 307 369 334 342 361 386 381 398 400 294 356 400 400 400 400 400 400 385 400 392 397 400 400 400 400 372 309 258 314 248 172 111 157 95 191 177 274 261
151 133 81 128 56 85 42 26 43 164 120 133 196 318 319 362 333 325 397 394 394 385 292 -2147483647 244 -2147483647 93 73 84 85 83 40 66 30 45 150 72 108 305 221 269 349 296 246 204 332 346 112 117 232 327 340 330 360 323 367 393 152 384 400 400 399 400 400 389 400 393 400 400 400 400 313 395 385 397 339 239 124 4 42 81 236 319 132 32
289 260 360 311 267 75 243 100 222 343 397 302 283 328 380 391 377 325 294 251 289 -2147483647 -2147483647 -2147483647 -2147483647 -2147483647 132 62 19 90 13 5 1 31 48 154 155 261 161 169 109 156 222 313 119 280 375 226 15 10 85 334 305 278 352 312 331 151 349 396 398 389 400 400 370 400 400 400 400 400 400 387 400 378 372 396 318 67 60 96 136 335 167 41 13
390 397 387 394 390 376 365 315 352 261 307 353 313 351 327 206 356 -2147483647 -2147483647 -2147483647 -2147483647 -2147483647 -2147483647 -2147483647 -2147483647 245 226 151 61 20 89 47 4 25 28 72 185 269 175 113 126 213 155 145 97 245 142 66 39 259 275 202 138 320 390 382 397 368 344 384 400 400 400 400 400 383 360 397 389 400 400 397 398 382 179 282 227 320 41 8 10 44 85 84 87
391 391 396 399 397 397 396 398 376 394 388 341 390 391 346 395 356 -2147483647 -2147483647 -2147483647 -2147483647 -2147483647 -2147483647 -2147483647 -2147483647 -2147483647 314 219 199 71 -2147483647 126 90 27 7 114 46 128 147 201 79 126 66 131 92 156 86 152 262 218 215 187 149 269 371 259 345 367 364 345 341 317 250 275 313 345 369 385 396 395 400 400 399 321 134 138 57 178 74 68 16 19 14 66 43
389 393 352 373 376 400 395 388 359 383 389 384 393 382 362 398 385 276 -2147483647 -2147483647 -2147483647 -2147483647 -2147483647 -2147483647 -2147483647 -2147483647 237 363 188 -2147483647 -2147483647 164 -2147483647 130 67 111 97 123 256 395 234 29 213 223 249 97 222 360 328 178 184 287 285 251 365 335 271 107 261 368 376 333 296 367 394 356 358 390 398 398 385 364 307 383 158 35 5 314 250 64 126 181 283 353 309
