Land_cover_rasters/CL_croplands_16.asc
NCOLS 642 
NROWS 378 
XLLCORNER -19.0000644 
YLLCORNER 18.9999684 
CELLSIZE 0.1666666 
NODATA_value -2147483647 
[rows 148 to 184 of 378, columns 255 to 339 of 642]
-2147483647 -2147483647 -2147483647 -2147483647 -2147483647 11 119 188 63 51 79 88 122 48 65 53 41 92 114 218 221 119 134 94 54 168 327 376 321 254 294 122 38 34 87 43 67 168 219 24 18 28 11 1 7 19 0 3 2 1 7 7 3 0 5 0 1 31 17 24 9 15 2 12 60 2 111 114 78 55 47 160 221 69 230 223 105 261 120 218 60 100 125 187 329
-2147483647 -2147483647 -2147483647 -2147483647 55 39 9 30 276 56 29 18 34 83 112 51 86 199 283 191 32 111 206 91 240 259 337 346 187 240 267 231 192 97 173 153 208 347 222 36 23 9 27 16 0 1 3 0 7 1 5 0 0 0 3 15 3 39 25 13 18 7 0 32 73 79 282 142 173 299 85 297 207 117 131 123 39 51 61 119 59 147 49 57 0
58 29 117 81 64 77 147 30 178 180 123 65 46 22 39 99 172 168 60 111 12 223 187 172 263 310 220 72 83 286 184 281 214 92 62 59 48 175 289 186 40 25 77 18 0 2 0 0 0 0 2 2 3 1 0 6 2 11 51 63 42 0 0 6 18 116 105 153 157 204 132 103 55 142 180 106 107 97 78 35 50 123 209 151 90
118 87 91 39 95 55 29 218 208 286 62 115 127 135 83 142 168 205 234 212 54 189 237 284 313 334 56 29 102 137 99 117 37 16 0 14 0 67 133 226 147 2 21 18 13 0 5 0 0 0 0 0 7 50 8 0 18 0 41 23 11 25 15 9 41 111 46 159 277 182 152 97 73 183 189 203 204 21 25 25 84 31 100 60 157
310 218 318 290 237 210 251 145 19 103 218 141 80 170 215 61 157 146 149 308 304 326 357 322 302 346 218 41 7 26 29 119 17 4 3 0 8 70 192 308 269 25 23 78 10 9 1 3 41 5 2 0 39 5 2 17 14 0 10 1 0 4 28 101 21 116 100 134 261 189 137 41 72 134 240 193 96 66 136 81 118 92 13 18 58
309 383 400 382 351 330 228 278 124 15 15 61 87 139 130 144 188 244 235 310 352 330 260 278 286 201 283 237 25 35 19 3 4 1 19 14 18 37 99 265 383 296 195 179 100 4 3 27 39 20 0 6 3 0 0 0 6 0 32 14 21 16 61 169 114 123 58 27 190 279 344 263 103 94 47 92 17 38 128 154 282 173 290 291 165
370 392 395 353 400 363 381 382 196 110 210 157 109 156 144 184 142 266 314 336 133 117 86 106 121 84 112 101 42 22 9 9 58 0 33 52 14 37 17 153 49 247 231 224 200 97 49 11 35 15 4 9 26 17 0 31 10 53 97 150 186 136 268 139 310 304 196 160 102 258 339 377 362 327 216 74 139 118 81 137 69 80 72 100 140
356 292 395 368 383 386 382 389 284 327 277 243 197 236 216 262 193 265 224 364 225 251 199 216 207 99 227 84 91 2 1 3 5 3 3 0 21 37 144 86 23 32 89 60 20 8 10 0 9 43 33 0 16 0 0 47 49 5 25 17 130 33 8 157 222 178 288 133 217 178 230 175 329 368 371 227 176 53 105 173 93 48 37 77 37
384 333 352 306 360 249 176 343 365 352 276 312 319 357 312 278 217 217 122 341 264 239 186 369 308 221 240 330 121 5 19 36 6 57 92 9 7 24 162 198 122 45 5 17 39 26 32 20 42 25 0 0 0 0 8 23 66 65 26 69 20 3 18 191 301 340 270 125 79 38 81 200 330 241 175 141 113 102 89 95 83 44 24 58 15
280 366 395 353 338 244 186 281 318 267 190 362 332 218 207 182 219 283 337 171 95 128 218 290 317 272 296 341 316 69 37 44 0 12 9 1 0 89 109 158 46 97 160 85 10 0 74 50 25 6 0 28 10 9 11 21 110 142 18 0 2 35 189 281 354 355 321 265 269 109 20 88 209 199 166 162 76 70 43 84 64 128 45 12 0
338 355 385 348 271 377 278 282 268 189 230 331 343 339 190 105 190 168 171 332 271 172 332 154 288 180 98 335 298 130 42 27 98 70 37 1 99 244 223 173 40 6 7 46 31 86 137 200 84 30 17 0 10 116 73 46 155 31 35 212 146 294 195 280 271 321 311 371 338 250 79 114 123 195 232 229 113 55 89 14 40 56 93 145 66
305 334 371 336 330 305 181 304 339 338 372 370 348 273 203 19 216 277 372 228 61 48 354 373 355 264 279 292 333 197 97 84 147 181 84 164 267 281 247 268 101 133 208 271 51 62 224 203 104 19 2 1 49 54 60 26 144 14 45 53 300 235 64 55 150 222 272 290 362 303 115 81 74 148 117 135 113 145 62 37 13 54 122 204 208
370 290 370 389 354 323 328 309 317 330 315 304 145 6 29 166 239 381 319 209 348 174 205 292 295 364 318 249 243 180 191 182 189 192 143 212 357 233 272 262 266 279 316 294 359 386 338 248 128 21 14 3 38 289 117 153 201 146 145 220 328 61 36 126 318 271 134 230 183 192 156 135 68 190 158 174 195 140 209 122 87 101 138 126 115
329 316 309 312 244 63 217 369 288 282 326 333 222 70 6 196 205 274 357 372 249 270 252 306 381 350 239 56 23 205 125 294 326 333 272 240 297 303 268 330 298 319 270 367 375 265 203 93 107 55 102 120 186 153 236 152 282 296 288 189 132 46 98 88 121 204 115 73 156 182 75 27 83 130 94 185 280 128 166 107 92 100 113 159 139
80 293 201 102 151 238 324 247 254 347 286 302 186 100 154 93 150 173 64 181 243 238 339 206 322 361 257 111 11 62 170 248 230 320 319 264 318 326 220 191 191 78 98 211 266 389 352 349 294 297 200 353 259 337 299 73 51 250 352 162 37 31 0 4 35 190 145 16 24 59 137 51 147 263 243 188 202 157 33 182 114 104 141 218 59
138 310 346 284 318 335 311 278 125 232 141 98 56 68 179 321 137 253 236 225 37 144 272 215 304 215 68 65 2 7 24 85 178 323 314 325 275 348 219 327 232 136 118 132 222 330 133 118 290 318 365 304 387 376 236 34 113 259 258 187 74 0 0 30 19 13 8 7 8 18 102 41 87 118 190 290 138 128 211 236 242 176 206 358 381
294 297 141 225 380 304 227 201 126 205 178 222 229 195 298 292 203 191 324 169 226 182 224 252 228 222 45 60 84 2 22 226 311 185 246 305 288 329 340 379 385 351 382 350 362 386 360 284 318 279 360 398 400 368 211 254 311 354 360 393 292 129 58 18 11 9 56 145 264 347 320 250 265 285 327 141 142 220 121 185 272 248 314 359 387
275 395 373 269 326 231 166 105 95 48 76 251 288 304 355 267 222 337 235 126 56 133 195 189 147 173 69 91 237 203 87 192 361 334 309 173 270 332 384 311 357 316 394 293 373 384 347 297 325 365 389 396 397 395 392 331 151 135 64 179 260 220 182 199 193 158 209 155 226 249 219 319 383 390 382 370 114 144 337 360 345 380 377 305 343
360 258 225 143 197 158 11 123 308 289 305 310 151 169 309 298 349 359 372 311 234 253 123 133 99 309 135 128 111 112 144 285 196 34 21 101 276 375 312 309 369 356 363 319 304 398 365 398 400 351 348 395 395 384 386 352 198 143 36 33 130 137 83 193 286 391 319 173 131 321 395 399 396 398 384 339 256 244 254 225 332 355 364 364 243
148 174 128 103 2 1 4 157 341 388 251 297 320 247 223 191 154 220 304 366 341 329 320 314 299 216 377 341 314 134 100 139 154 47 59 47 179 386 392 385 391 330 366 351 244 373 241 380 399 330 368 375 346 225 251 217 169 231 299 345 214 256 258 109 131 173 178 203 145 273 333 398 374 387 105 53 342 303 222 243 287 386 307 278 247
15 70 51 6 16 14 187 330 370 342 285 289 316 220 262 123 54 14 55 225 327 270 254 194 90 70 172 166 248 207 114 191 87 219 57 52 110 213 314 299 315 266 383 340 325 280 266 373 396 388 255 162 284 303 288 346 366 122 172 272 356 148 104 253 121 78 93 251 222 109 100 228 234 158 271 372 206 228 393 396 341 331 382 399 391
362 292 229 205 71 82 326 350 302 341 323 243 53 213 271 274 161 84 152 248 270 352 400 379 369 365 388 301 259 230 173 236 239 273 108 43 43 87 336 231 261 311 374 335 346 170 182 317 361 333 320 241 252 160 91 68 199 336 388 383 390 227 137 68 12 37 99 241 102 31 50 152 246 101 359 397 339 360 390 400 400 400 400 400 400
357 208 336 385 351 225 358 299 358 286 217 111 94 295 352 397 351 182 244 246 85 285 230 266 256 312 359 366 223 175 169 168 209 362 291 46 22 68 127 332 301 231 239 176 262 158 253 243 218 261 338 333 307 242 300 199 185 43 168 350 344 231 63 4 41 193 132 148 190 87 117 19 115 57 352 399 378 273 341 400 400 400 399 400 400
352 384 378 396 373 243 154 156 122 87 140 368 234 341 333 376 398 370 374 317 83 310 297 147 179 217 77 185 191 64 148 102 103 99 277 62 80 74 101 50 226 199 314 320 312 113 76 96 134 164 300 358 371 359 341 235 191 100 67 69 216 309 180 125 101 111 42 183 237 216 58 7 166 359 400 400 400 345 375 400 398 400 400 400 400
102 240 362 355 369 245 346 393 384 285 176 256 182 335 390 378 395 393 390 362 344 372 356 328 222 126 103 184 178 101 118 144 222 193 168 330 390 272 183 93 144 336 369 363 242 111 250 322 384 327 324 173 248 199 220 107 66 83 242 196 375 337 370 375 313 44 21 7 7 66 140 308 400 400 400 400 397 378 385 398 400 400 400 400 400
170 141 225 355 364 228 337 359 306 358 287 144 12 85 241 290 365 399 391 382 348 398 400 394 376 345 207 164 129 232 149 127 226 198 112 257 400 352 366 127 226 277 360 399 174 11 122 315 361 357 320 379 396 384 321 312 364 395 393 400 388 202 327 267 42 53 113 209 345 398 400 400 400 400 400 381 400 400 400 400 400 400 400 400 400
208 176 138 104 155 152 294 304 253 380 226 144 153 97 257 235 140 227 285 319 314 319 392 400 373 365 233 88 66 102 181 138 111 54 105 197 335 271 308 150 340 398 341 296 273 143 224 254 276 355 371 265 240 231 208 270 234 260 400 355 279 245 293 39 114 180 270 350 380 394 332 396 390 370 400 288 400 400 400 400 400 400 400 400 400
187 5 33 135 149 264 214 25 118 266 227 287 91 102 37 106 19 161 204 123 130 150 304 273 225 319 348 295 317 214 216 179 71 122 171 219 134 109 317 333 164 373 311 324 298 76 132 216 386 368 238 224 313 333 306 331 356 400 400 258 116 289 386 122 115 101 162 381 400 400 400 400 400 400 400 400 400 400 400 400 400 400 400 400 400
160 64 29 125 295 375 385 296 220 142 94 218 150 48 82 87 221 53 110 63 111 121 185 242 200 237 171 150 200 273 201 69 163 171 158 175 182 143 150 173 139 242 380 396 399 359 211 255 302 283 289 333 384 383 372 385 398 378 395 354 386 278 176 13 13 96 327 306 236 322 343 400 400 400 400 400 400 400 400 400 400 400 400 400 400
398 383 288 186 165 142 191 292 328 279 287 255 395 118 230 165 145 131 42 121 216 340 286 61 39 119 268 100 30 70 211 175 246 163 218 204 240 330 121 112 143 237 123 156 189 171 241 217 212 175 43 153 348 391 269 336 315 378 391 371 62 0 26 19 42 233 386 399 398 374 367 323 358 400 400 400 400 400 400 400 400 400 400 400 373
393 389 353 372 393 349 321 314 343 268 265 277 257 212 271 293 216 326 318 171 335 248 200 135 62 82 152 86 56 174 131 212 197 150 161 272 120 202 173 202 380 365 268 234 205 136 280 388 398 395 325 365 301 341 363 353 344 319 333 306 315 178 214 289 387 395 398 400 344 360 368 256 347 395 400 400 400 400 400 400 400 400 400 400 400
338 194 270 263 307 365 182 392 289 348 297 278 305 170 184 309 376 391 361 256 146 218 277 301 265 188 159 67 42 126 144 113 114 169 224 147 121 132 105 59 113 301 319 217 153 88 330 360 385 340 358 295 233 81 292 274 220 200 277 344 360 311 291 275 239 321 390 393 393 391 399 400 400 400 400 400 400 400 400 400 400 400 400 400 400
303 103 78 77 254 308 272 201 166 85 188 225 125 105 252 249 317 191 245 234 303 162 38 25 14 8 26 21 46 140 46 49 52 75 106 112 203 328 281 225 272 158 215 264 211 150 47 104 321 383 243 279 240 274 258 203 269 295 343 272 200 207 292 347 390 375 400 396 394 377 400 399 400 400 400 400 400 400 400 400 388 400 400 400 400
280 101 238 228 179 189 240 300 312 328 293 322 221 183 134 106 222 65 154 327 104 49 43 25 86 43 69 33 147 146 153 254 151 195 175 188 227 165 179 327 325 383 276 319 304 355 362 305 358 346 277 311 276 254 222 227 341 312 345 255 215 311 376 393 391 385 400 400 307 385 385 396 350 360 399 298 276 395 400 400 400 400 400 400 400
232 139 170 123 220 244 269 277 257 125 146 103 11 97 219 131 130 91 339 173 74 175 42 83 114 64 68 13 53 63 37 81 12 7 76 44 55 72 182 183 157 312 253 83 360 385 310 385 365 390 400 400 378 397 338 277 345 378 322 264 310 389 390 353 400 400 400 389 365 400 383 395 383 396 400 380 398 400 398 399 400 400 400 400 400
103 168 168 211 182 158 256 372 174 46 50 65 65 83 193 269 190 307 317 105 58 55 32 96 32 10 24 2 73 160 150 88 60 41 6 29 8 57 95 119 65 273 240 88 351 359 339 398 400 386 375 397 399 383 384 398 385 383 368 276 385 361 396 387 396 379 386 399 381 400 400 400 400 400 400 400 400 400 400 400 397 400 400 400 400
329 265 246 304 268 372 351 223 202 301 198 6 115 173 266 253 274 162 189 183 67 11 245 52 81 89 50 76 7 110 175 269 386 300 149 203 278 199 196 101 94 43 71 62 201 270 337 367 382 371 380 346 384 396 397 388 396 382 311 386 400 400 399 378 385 400 400 400 400 400 400 400 400 395 395 400 400 399 400 400 400 400 400 400 297
