Land_cover_rasters/CL_deciduous_broadleaf_forest_16.asc
NCOLS 642 
NROWS 378 
XLLCORNER -19.0000644 
YLLCORNER 18.9999684 
CELLSIZE 0.1666666 
NODATA_value -2147483647 
[rows 205 to 245 of 378, columns 184 to 275 of 642]
0 0 0 0 0 0 0 0 0 0 0 0 0 0 0 0 0 0 0 0 0 0 0 0 0 0 0 0 2 10 0 0 13 44 0 0 1 0 0 0 83 46 65 295 92 39 49 0 4 1 0 0 0 0 0 1 0 0 0 3 0 0 0 30 2 0 0 0 0 14 212 277 146 44 59 37 43 3 0 0 0 0 0 0 1 0 9 96 8 31 0 19
0 0 0 0 0 0 0 0 0 0 0 0 0 0 0 0 0 0 0 0 0 0 0 0 0 0 0 0 0 5 17 15 0 0 0 24 33 4 0 0 130 33 7 151 1 3 110 0 0 0 0 0 0 0 0 0 0 0 0 10 7 1 0 1 0 0 2 18 162 87 14 32 41 145 174 56 54 1 0 0 0 0 0 0 0 27 4 0 0 25 214 16
0 0 0 0 0 0 0 0 0 0 0 0 0 0 0 0 0 0 0 0 0 0 0 0 0 0 0 0 0 11 1 14 0 34 7 3 54 121 66 146 186 0 1 30 0 9 0 0 0 0 0 0 0 0 0 0 0 0 0 0 1 2 4 2 19 37 45 53 20 9 98 86 121 109 52 100 72 18 9 0 0 0 0 0 0 1 1 4 6 74 140 10
0 0 0 0 0 0 0 0 0 0 0 0 0 0 0 0 0 0 0 0 0 0 0 0 0 0 0 0 1 2 2 14 18 2 32 109 279 157 117 12 0 16 0 0 0 3 3 2 0 0 0 0 0 0 0 0 0 0 0 0 0 0 0 22 79 29 17 0 19 84 71 99 158 99 35 20 51 58 32 11 0 0 0 0 0 0 28 17 11 24 1 0
0 0 0 0 0 0 0 0 0 0 0 0 0 0 0 0 0 0 0 0 0 0 0 0 0 0 0 0 0 0 3 31 51 7 93 153 151 45 1 0 1 0 0 0 0 0 0 13 0 0 0 0 0 0 0 0 0 0 0 0 0 0 36 48 166 134 82 64 64 18 57 32 18 26 42 3 40 5 43 22 0 0 0 0 0 0 3 5 57 12 2 0
0 0 0 0 0 0 0 0 0 0 0 0 0 0 0 0 0 0 0 0 0 0 0 0 0 2 0 2 2 8 26 24 30 148 88 132 41 30 2 0 0 0 0 0 0 0 0 0 0 2 0 0 0 0 0 0 0 0 0 0 0 77 38 115 164 90 147 98 30 72 47 13 0 22 7 0 10 20 9 83 31 0 0 0 0 1 11 29 49 4 6 2
0 0 0 0 0 0 0 0 0 0 0 0 0 0 0 0 0 0 0 0 0 0 0 0 0 0 0 5 12 47 66 31 10 33 25 0 36 19 30 2 7 23 5 0 0 0 0 0 0 0 0 0 0 0 0 0 0 0 0 0 0 23 21 9 69 166 2 54 21 186 96 69 0 0 0 0 0 2 21 95 132 0 0 0 0 0 0 0 39 25 15 0
0 0 0 0 0 0 0 0 0 0 0 0 0 0 0 0 0 0 0 0 0 0 0 0 0 0 0 1 25 137 196 122 87 13 54 11 27 18 20 38 13 0 0 0 0 0 0 0 0 0 0 0 0 0 0 0 0 0 0 6 4 22 203 351 109 231 18 0 0 26 140 84 3 0 0 0 0 8 0 36 133 60 1 0 1 0 0 0 16 70 187 10
0 0 0 0 0 0 15 19 7 1 0 0 0 0 0 0 0 0 0 0 0 0 0 0 12 8 8 0 5 6 67 56 93 114 35 19 0 12 0 21 25 4 3 2 0 0 0 0 0 0 0 0 0 0 0 0 0 0 0 4 0 1 60 222 243 293 100 33 16 136 163 186 71 0 0 0 0 0 23 169 96 13 11 0 0 0 0 0 12 93 87 60
0 0 0 14 3 2 9 54 10 29 46 68 52 12 0 0 0 2 0 0 0 0 1 24 132 190 170 109 82 157 40 11 44 174 39 48 131 188 51 127 157 105 0 5 23 0 0 0 0 0 0 0 0 0 0 0 1 1 0 26 184 165 228 167 298 199 336 280 157 130 170 141 21 4 22 34 8 101 124 81 136 16 44 109 24 0 9 0 41 117 22 154
0 3 5 16 23 0 0 0 0 0 19 97 44 29 15 0 1 0 0 0 35 14 20 72 24 5 46 101 149 115 135 111 79 82 21 30 1 65 115 120 0 2 0 6 0 0 0 0 0 0 0 0 0 0 0 0 22 3 2 74 235 279 297 364 364 385 305 289 234 151 195 24 9 0 62 90 64 133 114 80 64 33 158 78 109 106 80 66 72 32 125 269
2 27 30 5 0 0 0 0 0 0 0 1 2 24 17 3 0 2 49 29 27 41 43 89 30 139 144 71 26 84 70 70 196 72 0 0 35 20 6 10 0 0 21 3 0 0 0 0 0 0 0 0 0 0 0 0 0 0 28 91 142 82 152 224 284 224 285 154 218 105 127 95 12 26 0 137 51 24 97 40 67 82 318 85 149 92 1 1 0 72 90 265
4 0 17 0 0 0 0 0 0 -2147483647 0 -2147483647 3 6 63 23 9 3 76 63 52 135 280 283 67 60 26 24 97 146 189 68 51 282 276 168 47 3 28 4 19 5 1 59 1 0 0 0 0 0 0 0 0 0 0 0 0 0 5 12 0 27 154 245 287 220 301 79 64 212 208 115 93 78 71 86 55 47 12 2 48 216 131 0 21 139 25 0 0 8 65 321
0 0 0 0 0 0 0 -2147483647 -2147483647 -2147483647 -2147483647 -2147483647 0 31 156 67 57 19 107 147 195 48 223 112 207 223 285 212 99 87 280 75 14 158 381 371 313 60 49 66 14 3 2 7 0 0 0 0 0 0 0 0 0 0 0 0 0 13 0 19 28 4 80 278 252 289 244 51 156 291 39 0 0 0 41 213 81 0 0 0 0 32 25 11 27 94 60 56 24 31 157 131
0 0 0 -2147483647 -2147483647 -2147483647 -2147483647 -2147483647 -2147483647 -2147483647 -2147483647 0 31 7 75 217 130 141 56 120 159 296 197 122 223 287 274 168 200 231 241 138 258 332 361 141 116 198 255 69 5 4 3 2 1 12 0 0 0 0 0 0 0 0 0 0 0 0 0 13 198 110 164 59 300 72 70 54 92 201 189 4 0 49 108 208 100 68 64 108 29 18 3 16 82 63 132 189 180 49 28 54
0 0 0 -2147483647 -2147483647 -2147483647 -2147483647 -2147483647 -2147483647 -2147483647 -2147483647 -2147483647 0 6 1 41 -2147483647 52 94 56 122 241 324 269 248 197 321 274 334 266 256 169 225 219 120 182 184 209 231 126 4 25 9 16 3 2 9 21 36 9 0 0 0 2 0 0 0 0 1 77 261 188 252 214 259 81 164 186 257 265 308 112 93 98 137 242 176 120 168 222 63 108 94 73 161 96 86 170 191 195 6 0
0 0 0 0 -2147483647 -2147483647 -2147483647 -2147483647 -2147483647 -2147483647 -2147483647 -2147483647 2 0 2 -2147483647 -2147483647 33 -2147483647 82 260 105 227 267 139 5 165 370 185 177 145 171 168 18 21 152 157 39 45 105 21 9 7 41 14 2 24 58 89 31 0 0 0 0 0 0 0 0 79 10 229 292 392 86 149 289 265 219 109 9 56 52 22 37 89 125 196 147 244 222 224 208 172 288 128 138 56 70 68 66 0 0
0 0 0 0 0 -2147483647 -2147483647 -2147483647 -2147483647 -2147483647 -2147483647 -2147483647 -2147483647 0 -2147483647 -2147483647 0 -2147483647 -2147483647 20 163 151 95 160 116 84 147 80 179 282 63 53 187 49 63 68 0 20 64 223 16 11 4 3 18 25 0 0 3 0 0 0 0 0 0 0 6 2 12 103 263 297 156 278 268 82 115 187 83 124 176 142 97 137 142 52 98 151 203 104 190 225 77 82 111 5 0 0 0 0 0 0
0 0 0 0 -2147483647 -2147483647 -2147483647 -2147483647 -2147483647 -2147483647 -2147483647 -2147483647 -2147483647 -2147483647 -2147483647 -2147483647 0 -2147483647 -2147483647 11 93 229 121 167 125 228 205 248 115 169 221 155 18 137 126 62 96 105 59 125 12 157 102 12 0 0 0 0 17 13 2 0 0 4 0 0 0 5 89 79 258 305 399 389 194 131 37 29 8 26 71 58 70 24 28 6 19 2 3 0 5 54 49 0 24 15 80 37 0 2 0 0
0 0 0 0 -2147483647 -2147483647 -2147483647 -2147483647 -2147483647 -2147483647 -2147483647 -2147483647 -2147483647 -2147483647 -2147483647 -2147483647 -2147483647 -2147483647 -2147483647 -2147483647 89 185 37 145 64 219 257 126 92 110 187 127 155 131 180 182 45 150 101 87 77 67 171 163 78 8 120 17 0 0 0 0 21 7 0 0 0 0 5 93 169 354 322 285 280 5 3 8 0 41 42 4 20 0 47 27 5 0 4 0 4 9 0 0 0 8 13 11 0 0 1 0
0 0 0 0 -2147483647 -2147483647 -2147483647 -2147483647 -2147483647 -2147483647 -2147483647 -2147483647 -2147483647 -2147483647 -2147483647 -2147483647 -2147483647 -2147483647 -2147483647 -2147483647 0 87 173 108 132 52 190 184 17 1 122 162 155 127 50 124 141 60 148 103 83 33 120 121 83 292 33 46 6 11 2 17 0 9 0 0 0 1 2 221 282 365 270 228 37 0 4 3 0 1 1 0 0 0 6 21 0 0 0 0 5 0 3 33 18 0 0 11 0 0 0 0
0 0 0 0 -2147483647 -2147483647 -2147483647 -2147483647 -2147483647 -2147483647 -2147483647 -2147483647 -2147483647 -2147483647 -2147483647 -2147483647 -2147483647 -2147483647 -2147483647 -2147483647 -2147483647 0 0 30 49 56 80 141 44 14 29 25 59 129 112 113 37 129 117 27 9 16 200 224 263 291 90 94 29 4 2 13 41 46 0 0 0 9 53 228 221 199 145 122 0 0 0 25 0 1 1 13 11 0 0 2 14 0 0 4 0 0 0 0 12 2 0 0 0 0 0 6
4 0 0 0 0 -2147483647 -2147483647 -2147483647 -2147483647 -2147483647 -2147483647 -2147483647 -2147483647 -2147483647 -2147483647 -2147483647 -2147483647 -2147483647 -2147483647 -2147483647 -2147483647 0 0 0 0 0 0 9 12 16 0 0 0 5 73 119 75 174 132 125 45 26 11 30 132 286 326 138 57 88 49 12 32 182 9 0 61 7 23 248 386 228 17 30 0 15 10 0 0 0 0 2 4 6 0 0 0 5 0 0 1 0 0 0 0 0 15 3 0 11 1 0
45 0 9 0 0 0 0 0 -2147483647 -2147483647 -2147483647 -2147483647 -2147483647 -2147483647 -2147483647 -2147483647 -2147483647 -2147483647 -2147483647 -2147483647 -2147483647 -2147483647 -2147483647 0 0 0 0 0 0 15 1 0 0 0 35 73 42 172 203 93 110 2 20 73 71 76 79 84 67 44 103 94 28 57 57 246 112 124 10 287 369 194 1 0 0 0 30 0 0 0 0 0 0 1 0 0 0 8 0 0 0 0 0 0 0 0 0 0 12 3 62 38
12 56 40 26 0 0 0 0 0 -2147483647 -2147483647 -2147483647 -2147483647 -2147483647 -2147483647 -2147483647 -2147483647 -2147483647 -2147483647 -2147483647 -2147483647 -2147483647 -2147483647 -2147483647 0 0 0 0 0 0 0 17 0 0 6 103 111 86 153 72 182 66 276 202 203 129 74 3 15 66 158 106 148 14 98 238 71 123 4 170 249 97 133 60 243 38 7 15 0 0 0 0 0 0 0 0 0 0 0 0 0 0 0 0 0 0 0 3 11 29 53 0
22 41 12 42 3 0 0 0 0 0 0 -2147483647 -2147483647 -2147483647 -2147483647 -2147483647 -2147483647 -2147483647 -2147483647 -2147483647 -2147483647 -2147483647 -2147483647 -2147483647 -2147483647 -2147483647 0 0 0 0 0 3 3 1 15 5 64 120 82 72 81 217 218 257 170 247 178 58 28 79 173 238 220 111 152 236 64 19 75 28 153 153 105 78 305 236 70 42 1 0 0 0 0 0 0 0 0 0 0 0 0 0 0 0 0 0 2 10 11 10 23 13
0 0 0 0 0 19 10 0 7 0 0 0 -2147483647 -2147483647 -2147483647 -2147483647 -2147483647 -2147483647 -2147483647 -2147483647 -2147483647 -2147483647 -2147483647 -2147483647 -2147483647 -2147483647 -2147483647 -2147483647 -2147483647 -2147483647 1 2 0 0 2 1 28 12 119 135 61 64 225 138 108 90 74 106 101 3 112 159 83 82 193 120 116 234 339 169 69 144 103 101 244 228 233 226 76 1 0 2 0 0 0 0 0 0 0 0 0 0 0 0 29 20 51 9 28 0 1 0
0 0 0 0 0 0 0 7 6 0 0 0 0 -2147483647 -2147483647 -2147483647 -2147483647 -2147483647 -2147483647 -2147483647 -2147483647 -2147483647 -2147483647 -2147483647 -2147483647 -2147483647 -2147483647 -2147483647 -2147483647 0 -2147483647 -2147483647 1 0 0 0 1 0 21 0 53 124 29 28 8 19 11 48 119 3 14 48 40 48 104 216 373 74 71 99 1 104 237 156 101 76 91 262 228 68 175 46 50 33 9 0 9 26 1 0 0 0 0 0 18 25 115 10 54 52 15 66
0 0 0 0 0 0 0 9 0 0 0 0 0 -2147483647 -2147483647 -2147483647 -2147483647 -2147483647 -2147483647 -2147483647 -2147483647 -2147483647 -2147483647 -2147483647 -2147483647 -2147483647 -2147483647 -2147483647 -2147483647 -2147483647 -2147483647 -2147483647 -2147483647 -2147483647 0 0 0 0 2 3 1 5 20 8 0 10 14 21 60 23 0 58 74 144 170 70 164 290 348 207 6 27 134 197 96 153 84 24 89 136 222 200 157 250 100 49 88 200 107 47 9 22 18 40 13 153 265 109 36 22 151 179
2 0 0 0 0 0 1 2 0 9 11 1 0 -2147483647 -2147483647 -2147483647 -2147483647 -2147483647 -2147483647 -2147483647 -2147483647 -2147483647 -2147483647 -2147483647 -2147483647 -2147483647 -2147483647 -2147483647 -2147483647 -2147483647 -2147483647 -2147483647 -2147483647 -2147483647 -2147483647 0 0 0 3 1 1 0 0 21 6 11 52 152 102 53 3 39 65 182 210 14 48 119 319 179 94 80 210 376 371 330 282 83 25 174 240 269 179 243 207 337 314 324 222 192 171 132 183 240 268 259 225 248 256 287 210 188
7 15 0 0 0 0 3 1 0 43 106 24 0 0 -2147483647 -2147483647 -2147483647 -2147483647 -2147483647 -2147483647 -2147483647 -2147483647 -2147483647 -2147483647 -2147483647 -2147483647 -2147483647 -2147483647 -2147483647 -2147483647 -2147483647 -2147483647 -2147483647 -2147483647 -2147483647 -2147483647 -2147483647 0 0 2 0 0 2 1 14 60 245 166 104 78 8 10 0 5 23 31 4 202 246 292 342 303 238 311 215 183 128 28 24 7 10 83 236 236 174 162 145 221 232 165 250 288 297 338 345 282 269 312 229 210 40 41
0 0 0 0 0 0 9 74 27 90 108 42 0 0 0 -2147483647 -2147483647 -2147483647 -2147483647 -2147483647 -2147483647 -2147483647 -2147483647 -2147483647 -2147483647 -2147483647 -2147483647 -2147483647 -2147483647 -2147483647 -2147483647 -2147483647 -2147483647 -2147483647 -2147483647 -2147483647 -2147483647 -2147483647 -2147483647 0 11 2 4 0 0 36 49 48 80 67 8 82 0 2 8 68 4 104 54 27 93 170 300 218 138 145 166 37 14 87 109 115 137 224 146 171 154 231 24 39 161 120 56 94 139 62 39 0 0 0 0 0
0 0 8 12 0 0 6 31 46 14 20 12 45 7 0 0 -2147483647 -2147483647 -2147483647 -2147483647 -2147483647 -2147483647 -2147483647 -2147483647 -2147483647 -2147483647 -2147483647 -2147483647 -2147483647 -2147483647 -2147483647 -2147483647 -2147483647 -2147483647 -2147483647 -2147483647 -2147483647 -2147483647 -2147483647 -2147483647 -2147483647 15 3 5 1 0 0 9 16 30 14 28 1 0 0 96 84 66 18 162 13 17 123 70 211 89 111 151 20 165 26 70 126 208 76 28 8 0 0 20 49 134 56 36 4 0 0 0 0 0 1 0
0 0 9 1 0 0 10 15 59 18 22 25 1 1 20 0 0 -2147483647 -2147483647 -2147483647 -2147483647 -2147483647 -2147483647 -2147483647 -2147483647 -2147483647 -2147483647 -2147483647 -2147483647 -2147483647 -2147483647 -2147483647 -2147483647 -2147483647 -2147483647 -2147483647 -2147483647 -2147483647 -2147483647 -2147483647 -2147483647 -2147483647 -2147483647 13 15 0 0 33 98 52 9 0 39 46 24 134 153 157 217 202 0 19 76 51 142 114 81 3 17 10 13 21 41 115 34 0 0 0 0 0 0 1 1 0 0 0 0 0 2 0 0 0
-2147483647 0 1 2 0 0 0 53 64 51 0 9 0 5 28 0 0 0 0 -2147483647 -2147483647 -2147483647 -2147483647 -2147483647 -2147483647 -2147483647 -2147483647 -2147483647 -2147483647 -2147483647 -2147483647 -2147483647 -2147483647 -2147483647 -2147483647 -2147483647 -2147483647 -2147483647 -2147483647 -2147483647 -2147483647 -2147483647 -2147483647 -2147483647 -2147483647 30 18 0 0 3 1 5 5 64 31 46 12 14 34 15 0 0 1 113 137 66 72 28 0 57 6 7 1 25 92 98 31 28 8 0 0 0 0 0 0 0 0 32 28 1 5 10
-2147483647 -2147483647 -2147483647 0 0 0 0 3 20 142 95 73 56 36 85 69 0 5 0 0 0 0 -2147483647 2 0 24 6 -2147483647 -2147483647 -2147483647 -2147483647 -2147483647 -2147483647 -2147483647 -2147483647 -2147483647 -2147483647 -2147483647 -2147483647 -2147483647 -2147483647 -2147483647 -2147483647 -2147483647 -2147483647 8 0 0 0 0 0 7 8 0 16 9 26 34 50 19 0 3 0 4 27 13 16 15 1 16 7 0 0 2 0 6 115 1 59 19 66 45 0 0 0 0 0 2 23 0 14 5
-2147483647 -2147483647 -2147483647 -2147483647 0 0 27 0 0 4 56 45 54 113 57 89 24 2 0 0 0 0 0 4 6 56 5 -2147483647 -2147483647 -2147483647 -2147483647 -2147483647 -2147483647 -2147483647 -2147483647 -2147483647 -2147483647 -2147483647 -2147483647 -2147483647 -2147483647 -2147483647 -2147483647 -2147483647 -2147483647 -2147483647 -2147483647 -2147483647 2 1 2 0 2 80 131 110 133 13 170 138 0 0 0 0 119 343 71 76 110 0 0 11 0 0 0 0 3 0 6 20 2 2 9 1 25 95 50 0 0 0 0 0
-2147483647 -2147483647 -2147483647 -2147483647 -2147483647 0 0 6 6 1 0 0 1 41 34 11 17 4 1 0 1 0 0 0 0 -2147483647 -2147483647 -2147483647 -2147483647 -2147483647 -2147483647 -2147483647 -2147483647 -2147483647 -2147483647 -2147483647 -2147483647 -2147483647 -2147483647 -2147483647 -2147483647 -2147483647 -2147483647 -2147483647 -2147483647 -2147483647 -2147483647 11 1 2 2 14 1 124 103 127 203 83 121 19 1 0 0 3 11 39 137 104 19 0 34 98 0 0 0 0 2 9 4 3 4 0 0 3 21 57 96 0 0 0 0 0
-2147483647 -2147483647 -2147483647 -2147483647 -2147483647 -2147483647 -2147483647 0 0 0 0 2 1 0 1 90 122 63 0 0 0 0 0 0 0 0 -2147483647 -2147483647 -2147483647 -2147483647 -2147483647 -2147483647 -2147483647 -2147483647 -2147483647 -2147483647 -2147483647 -2147483647 -2147483647 -2147483647 -2147483647 -2147483647 -2147483647 -2147483647 -2147483647 -2147483647 -2147483647 6 0 21 35 18 7 76 198 286 124 123 0 34 46 40 0 32 52 15 47 20 22 68 3 48 31 8 16 77 100 105 75 91 19 0 0 0 17 74 17 6 0 0 0 0
-2147483647 -2147483647 -2147483647 -2147483647 -2147483647 -2147483647 -2147483647 -2147483647 0 -2147483647 -2147483647 1 0 7 0 12 16 13 0 0 0 0 0 0 0 0 0 0 0 -2147483647 -2147483647 -2147483647 -2147483647 -2147483647 -2147483647 -2147483647 -2147483647 -2147483647 -2147483647 -2147483647 -2147483647 -2147483647 -2147483647 -2147483647 -2147483647 -2147483647 -2147483647 0 0 1 3 0 31 105 81 151 239 50 0 1 26 28 91 219 66 0 2 42 18 53 0 11 65 8 26 106 36 58 93 30 46 38 90 57 18 39 14 1 0 0 0 0
-2147483647 -2147483647 -2147483647 -2147483647 -2147483647 -2147483647 -2147483647 -2147483647 -2147483647 -2147483647 -2147483647 -2147483647 -2147483647 0 0 0 0 34 5 0 0 0 0 0 0 0 0 0 0 0 0 0 -2147483647 -2147483647 -2147483647 -2147483647 -2147483647 -2147483647 -2147483647 -2147483647 -2147483647 -2147483647 -2147483647 -2147483647 -2147483647 -2147483647 -2147483647 0 0 0 0 17 44 12 2 98 164 46 0 0 5 106 80 114 102 0 0 0 72 49 0 0 0 2 0 0 13 8 9 1 0 0 0 0 0 85 27 0 0 0 0 0
