Land_cover_rasters/CL_mixed_forests_16.asc
NCOLS 642 
NROWS 378 
XLLCORNER -19.0000644 
YLLCORNER 18.9999684 
CELLSIZE 0.1666666 
NODATA_value -2147483647 
[rows 195 to 233 of 378, columns 88 to 175 of 642]
-2147483647 -2147483647 -2147483647 -2147483647 -2147483647 -2147483647 -2147483647 -2147483647 -2147483647 -2147483647 -2147483647 -2147483647 -2147483647 -2147483647 -2147483647 0 14 7 0 -2147483647 -2147483647 -2147483647 -2147483647 -2147483647 -2147483647 -2147483647 -2147483647 25 3 20 110 173 88 18 11 12 1 24 11 24 17 27 41 231 13 3 6 21 38 14 0 0 0 0 150 46 89 111 68 37 15 90 110 52 121 134 201 116 163 169 114 188 298 381 365 52 83 65 299 306 255 125 45 27 24 8 5 60
-2147483647 -2147483647 -2147483647 -2147483647 -2147483647 -2147483647 -2147483647 -2147483647 -2147483647 -2147483647 -2147483647 -2147483647 -2147483647 -2147483647 -2147483647 -2147483647 3 9 4 3 7 0 0 0 5 3 5 15 0 1 27 46 70 30 23 0 9 0 6 3 67 173 21 46 86 33 3 11 6 18 0 16 4 78 64 224 123 84 230 82 20 51 104 17 145 47 157 139 157 151 48 178 396 390 153 75 145 168 37 56 62 53 91 84 13 5 6 49
-2147483647 -2147483647 -2147483647 -2147483647 -2147483647 -2147483647 -2147483647 -2147483647 -2147483647 -2147483647 -2147483647 -2147483647 -2147483647 -2147483647 -2147483647 -2147483647 2 0 4 0 2 15 0 17 3 0 5 2 4 2 25 0 33 16 33 29 9 12 7 94 73 88 25 1 32 0 12 46 68 119 90 2 6 7 0 136 75 8 42 75 22 25 83 12 29 39 54 28 47 36 250 379 387 310 136 175 158 110 85 165 56 80 284 345 149 117 161 141
-2147483647 -2147483647 -2147483647 -2147483647 -2147483647 -2147483647 -2147483647 -2147483647 -2147483647 -2147483647 -2147483647 -2147483647 -2147483647 -2147483647 -2147483647 -2147483647 -2147483647 0 0 8 5 11 11 8 2 15 6 9 11 0 12 47 22 1 22 0 3 8 108 11 2 24 13 18 10 13 5 6 39 53 1 0 0 0 0 75 36 6 55 22 45 35 27 1 0 3 14 87 59 188 343 181 202 159 120 142 254 204 181 92 30 6 90 292 322 224 129 92
-2147483647 -2147483647 -2147483647 -2147483647 -2147483647 16 3 43 -2147483647 -2147483647 -2147483647 -2147483647 -2147483647 -2147483647 -2147483647 -2147483647 -2147483647 0 0 40 3 5 10 2 4 11 39 3 80 16 22 2 0 1 9 2 190 39 36 46 31 80 130 62 2 0 0 5 2 0 0 2 0 0 5 9 11 21 18 3 41 11 36 8 25 16 59 158 35 245 88 0 83 176 90 314 361 319 273 79 181 33 155 162 123 157 256 230
1 5 19 10 16 27 1 31 22 -2147483647 -2147483647 28 2 8 1 0 0 0 2 0 10 4 39 97 55 100 142 0 0 66 47 30 4 3 0 3 10 82 7 12 31 82 28 26 4 2 6 3 2 0 0 0 1 6 65 42 15 7 0 6 16 39 35 34 70 110 40 164 341 369 168 0 55 70 187 302 222 300 151 116 221 85 88 94 107 74 124 59
33 46 38 83 13 29 14 34 33 25 0 30 10 4 29 18 26 1 0 5 0 0 0 6 42 26 0 52 5 3 9 11 4 0 0 0 0 0 0 6 29 201 216 41 41 17 1 0 0 1 0 0 17 13 1 31 21 18 25 31 4 17 0 34 105 72 247 337 386 376 228 65 133 153 335 311 174 186 111 126 130 117 123 36 109 47 33 68
73 36 0 0 26 31 29 68 8 41 22 59 9 5 0 4 52 30 0 0 2 25 1 22 8 46 0 0 0 4 0 0 0 0 0 0 0 0 0 0 5 45 59 2 1 0 2 3 17 14 0 38 63 14 17 26 24 30 59 40 13 23 18 71 114 203 308 260 338 374 166 118 88 341 365 372 265 109 218 199 228 167 173 66 54 83 100 154
4 0 1 21 0 9 9 16 2 5 74 1 81 82 4 0 0 25 0 5 21 0 0 1 11 0 7 2 37 0 4 5 0 0 0 0 0 18 32 69 0 1 33 5 16 6 85 46 10 23 55 23 18 25 51 25 18 60 19 6 75 102 176 157 232 290 355 327 346 236 67 104 82 264 350 362 173 149 211 245 194 236 65 73 117 116 142 116
0 29 2 3 10 10 8 22 4 0 0 4 64 19 7 3 3 2 29 0 0 0 0 0 6 23 24 48 122 13 2 0 38 12 0 0 4 68 9 135 123 14 0 0 0 19 7 27 24 42 5 21 67 28 21 24 30 21 29 27 49 9 79 128 197 331 317 372 376 123 102 84 185 325 363 258 146 136 224 154 96 112 104 56 126 92 152 78
-2147483647 -2147483647 -2147483647 -2147483647 -2147483647 6 20 8 28 23 60 34 13 12 9 2 21 5 14 2 0 3 0 0 0 14 52 82 23 0 0 1 0 0 0 16 213 259 250 126 37 146 51 6 4 1 11 3 4 0 10 12 44 13 43 30 86 5 32 20 19 42 61 74 152 282 302 281 116 57 181 90 374 310 330 254 117 198 107 135 152 64 92 52 55 47 159 63
-2147483647 -2147483647 -2147483647 -2147483647 -2147483647 -2147483647 -2147483647 17 9 12 1 0 10 3 8 50 1 12 10 3 0 7 0 12 41 62 37 8 9 8 20 0 0 5 3 196 193 308 220 265 21 0 1 12 43 8 3 26 40 4 17 8 12 0 12 16 35 49 16 36 47 50 62 69 65 148 115 74 113 80 48 39 209 199 199 211 209 239 161 115 59 17 7 72 117 114 259 150
-2147483647 -2147483647 -2147483647 -2147483647 -2147483647 -2147483647 -2147483647 -2147483647 -2147483647 -2147483647 -2147483647 3 151 2 0 3 0 20 0 0 0 0 1 0 1 46 160 150 132 10 4 11 2 11 40 107 175 276 375 391 72 1 0 2 6 29 8 14 63 64 120 65 10 12 21 7 2 7 47 47 40 41 75 125 126 188 231 182 150 204 258 256 218 161 196 167 162 92 148 213 33 48 95 89 231 257 312 287
-2147483647 -2147483647 -2147483647 -2147483647 -2147483647 -2147483647 -2147483647 -2147483647 -2147483647 -2147483647 -2147483647 -2147483647 -2147483647 1 0 1 6 2 0 1 0 0 1 7 27 9 44 107 117 8 9 2 0 22 39 32 50 57 129 253 4 23 2 1 0 52 53 21 64 179 315 93 4 13 50 34 8 18 27 41 26 50 157 197 101 152 152 187 169 300 243 145 194 159 106 89 48 89 61 76 179 201 144 173 247 197 100 87
-2147483647 -2147483647 -2147483647 -2147483647 -2147483647 -2147483647 -2147483647 -2147483647 -2147483647 -2147483647 -2147483647 -2147483647 -2147483647 -2147483647 3 37 19 0 0 0 0 22 0 0 5 12 10 0 8 2 0 20 16 12 5 0 6 1 0 2 0 0 0 0 0 42 55 7 15 196 312 137 33 7 62 4 14 23 24 84 65 234 152 144 127 161 159 127 139 107 114 133 68 161 97 116 87 174 250 259 186 162 214 197 122 163 43 33
-2147483647 -2147483647 -2147483647 -2147483647 -2147483647 -2147483647 -2147483647 -2147483647 -2147483647 -2147483647 -2147483647 -2147483647 -2147483647 8 0 0 0 0 3 0 0 0 0 0 0 2 15 11 27 15 58 11 19 1 11 0 0 2 2 9 13 0 0 3 6 2 22 6 22 60 121 70 92 1 28 10 7 14 39 137 146 214 226 140 221 257 124 11 65 59 61 84 188 284 293 261 197 252 162 78 136 83 140 222 116 48 24 11
-2147483647 -2147483647 -2147483647 -2147483647 -2147483647 -2147483647 -2147483647 -2147483647 -2147483647 -2147483647 -2147483647 -2147483647 -2147483647 -2147483647 5 0 0 0 0 1 0 0 0 0 0 2 0 0 21 41 15 20 11 54 57 37 2 0 7 17 5 9 10 6 2 30 7 10 34 0 14 40 10 7 9 6 17 0 37 74 209 222 157 319 260 28 34 10 74 171 230 123 193 223 190 214 90 125 104 104 106 197 220 148 72 15 31 13
-2147483647 -2147483647 -2147483647 -2147483647 -2147483647 -2147483647 -2147483647 -2147483647 -2147483647 -2147483647 -2147483647 -2147483647 -2147483647 -2147483647 -2147483647 19 0 0 0 0 0 20 0 0 0 0 4 3 12 16 3 0 0 1 6 0 0 0 0 3 4 8 7 3 1 1 19 6 2 11 7 8 35 14 15 32 15 16 77 121 230 313 339 338 103 11 70 120 213 224 202 203 199 192 38 32 22 84 46 103 9 43 50 80 25 16 13 1
-2147483647 -2147483647 -2147483647 -2147483647 -2147483647 -2147483647 -2147483647 -2147483647 -2147483647 -2147483647 -2147483647 -2147483647 -2147483647 -2147483647 -2147483647 -2147483647 2 9 0 0 0 4 0 0 0 0 0 0 0 13 3 0 0 0 0 8 8 1 0 0 0 2 4 0 1 0 0 0 0 2 1 1 56 42 46 4 6 17 110 241 372 319 308 63 14 78 110 185 263 233 137 97 72 25 75 92 49 143 153 246 101 108 95 52 35 5 45 41
-2147483647 -2147483647 -2147483647 -2147483647 -2147483647 -2147483647 -2147483647 -2147483647 -2147483647 -2147483647 -2147483647 -2147483647 -2147483647 -2147483647 -2147483647 -2147483647 -2147483647 -2147483647 -2147483647 0 0 4 0 1 0 0 0 0 0 0 0 8 0 0 0 0 23 6 4 9 0 13 7 20 16 1 1 1 12 0 9 13 183 109 14 4 0 49 193 275 346 239 30 65 237 348 304 258 231 141 170 130 117 101 96 188 180 289 237 208 277 168 216 88 112 155 180 243
-2147483647 -2147483647 -2147483647 -2147483647 -2147483647 -2147483647 -2147483647 -2147483647 -2147483647 -2147483647 -2147483647 -2147483647 -2147483647 -2147483647 -2147483647 -2147483647 -2147483647 -2147483647 -2147483647 0 0 0 0 3 0 5 0 0 0 2 4 13 24 53 121 107 23 106 26 3 0 8 28 51 13 22 7 88 271 121 0 23 207 141 0 2 36 76 196 300 178 83 65 68 234 287 238 92 206 147 66 33 37 29 65 227 291 255 150 241 203 171 229 253 210 166 163 188
-2147483647 -2147483647 -2147483647 -2147483647 -2147483647 -2147483647 -2147483647 -2147483647 -2147483647 -2147483647 -2147483647 -2147483647 -2147483647 -2147483647 -2147483647 -2147483647 -2147483647 -2147483647 -2147483647 0 0 0 0 0 0 0 5 0 9 0 6 11 2 35 47 98 182 266 117 36 45 49 145 108 37 0 11 291 296 55 24 4 180 1 11 4 10 19 237 246 184 75 69 271 272 247 213 68 37 32 7 27 13 66 200 258 250 127 218 215 184 205 192 277 232 268 290 271
-2147483647 -2147483647 -2147483647 -2147483647 -2147483647 -2147483647 -2147483647 -2147483647 -2147483647 -2147483647 -2147483647 -2147483647 -2147483647 -2147483647 -2147483647 -2147483647 -2147483647 -2147483647 -2147483647 38 0 0 0 0 0 0 0 4 1 2 9 18 2 0 3 30 211 343 247 311 98 155 106 183 81 20 16 151 338 224 13 0 11 53 2 0 4 8 37 186 160 104 259 270 257 227 45 53 52 120 86 127 151 154 294 315 225 152 118 103 54 45 120 141 167 213 213 286
-2147483647 -2147483647 -2147483647 -2147483647 -2147483647 -2147483647 -2147483647 -2147483647 -2147483647 -2147483647 -2147483647 -2147483647 -2147483647 -2147483647 -2147483647 -2147483647 -2147483647 -2147483647 -2147483647 -2147483647 4 1 0 0 0 3 0 3 48 11 18 11 22 3 31 41 142 315 295 252 180 171 101 106 74 40 132 328 276 238 22 1 2 3 0 0 0 0 0 43 145 141 205 224 294 151 116 73 25 19 14 78 228 124 98 142 85 14 82 11 3 4 0 0 0 18 43 149
-2147483647 -2147483647 -2147483647 -2147483647 -2147483647 -2147483647 -2147483647 -2147483647 -2147483647 -2147483647 -2147483647 -2147483647 -2147483647 -2147483647 -2147483647 -2147483647 -2147483647 -2147483647 -2147483647 113 0 0 6 0 2 0 2 1 2 40 54 22 4 3 3 4 54 236 318 299 113 181 108 31 54 14 227 393 262 221 140 155 157 238 19 0 14 37 13 67 256 269 279 272 119 163 78 5 3 68 117 154 55 29 59 0 0 0 22 26 0 0 0 0 0 0 0 0
-2147483647 -2147483647 -2147483647 -2147483647 -2147483647 -2147483647 -2147483647 -2147483647 -2147483647 -2147483647 -2147483647 -2147483647 -2147483647 -2147483647 -2147483647 -2147483647 -2147483647 -2147483647 -2147483647 214 73 2 1 33 34 3 6 37 16 21 27 70 26 14 9 26 107 290 301 142 74 62 27 26 105 85 95 322 242 212 235 200 303 231 10 4 17 72 88 273 207 255 147 123 129 45 34 44 33 113 181 22 0 17 0 12 0 0 0 36 5 0 0 0 0 0 0 0
-2147483647 -2147483647 -2147483647 -2147483647 -2147483647 -2147483647 -2147483647 -2147483647 -2147483647 -2147483647 -2147483647 -2147483647 -2147483647 -2147483647 -2147483647 -2147483647 -2147483647 -2147483647 -2147483647 195 182 67 0 9 18 32 67 102 121 16 5 28 48 30 17 35 39 211 112 121 28 93 76 27 14 128 289 161 54 94 177 217 357 271 126 8 0 75 318 275 181 193 144 11 8 6 74 83 236 164 124 2 71 62 71 20 0 0 0 0 0 0 0 0 0 3 0 0
-2147483647 -2147483647 -2147483647 -2147483647 -2147483647 -2147483647 -2147483647 -2147483647 -2147483647 -2147483647 -2147483647 -2147483647 -2147483647 -2147483647 -2147483647 -2147483647 -2147483647 -2147483647 -2147483647 268 257 93 1 0 2 2 16 83 114 37 12 48 101 33 47 7 15 105 92 19 20 49 33 63 116 106 237 206 163 143 140 262 376 309 232 4 119 322 315 237 227 154 58 5 22 42 38 30 195 173 15 5 0 0 13 11 0 0 0 0 31 49 25 8 2 1 0 0
-2147483647 -2147483647 -2147483647 -2147483647 -2147483647 -2147483647 -2147483647 -2147483647 -2147483647 -2147483647 -2147483647 -2147483647 -2147483647 -2147483647 -2147483647 -2147483647 -2147483647 -2147483647 -2147483647 136 190 104 49 6 2 0 0 0 0 1 6 112 55 19 5 2 0 21 13 4 35 125 32 38 41 41 114 181 231 234 322 295 297 288 139 82 174 317 250 279 216 145 77 46 31 69 44 47 93 134 18 0 0 2 0 1 3 0 6 77 125 89 114 38 60 73 5 5
-2147483647 -2147483647 -2147483647 -2147483647 -2147483647 -2147483647 -2147483647 -2147483647 -2147483647 -2147483647 -2147483647 -2147483647 -2147483647 -2147483647 -2147483647 -2147483647 -2147483647 -2147483647 -2147483647 114 169 142 238 215 13 0 0 0 1 0 0 62 65 43 6 1 20 7 9 22 50 65 51 68 41 82 169 278 228 333 349 337 82 103 99 95 229 304 281 333 269 157 50 90 93 104 22 7 121 175 98 0 0 0 68 99 146 213 183 92 11 34 60 22 34 136 108 44
-2147483647 -2147483647 -2147483647 -2147483647 -2147483647 -2147483647 -2147483647 -2147483647 -2147483647 -2147483647 -2147483647 -2147483647 -2147483647 -2147483647 -2147483647 -2147483647 -2147483647 -2147483647 79 138 22 76 118 184 196 113 4 18 2 0 0 0 0 1 0 36 18 2 13 3 1 0 59 69 116 229 165 211 228 343 356 76 253 211 60 80 193 132 228 265 171 139 209 145 108 45 30 38 113 214 88 2 28 58 86 167 195 84 -2147483647 69 135 219 215 34 38 44 77 109
-2147483647 -2147483647 -2147483647 -2147483647 -2147483647 -2147483647 -2147483647 -2147483647 -2147483647 -2147483647 -2147483647 -2147483647 -2147483647 -2147483647 -2147483647 -2147483647 -2147483647 -2147483647 116 168 12 11 14 41 176 307 248 106 0 0 0 0 0 0 0 1 2 15 20 1 0 11 21 29 73 242 96 232 388 400 342 110 238 122 63 7 60 177 129 177 176 74 219 149 111 56 17 12 71 119 175 161 188 143 93 126 159 -2147483647 -2147483647 -2147483647 -2147483647 -2147483647 -2147483647 264 306 229 161 107
-2147483647 -2147483647 -2147483647 -2147483647 -2147483647 -2147483647 -2147483647 -2147483647 -2147483647 -2147483647 -2147483647 -2147483647 -2147483647 -2147483647 -2147483647 -2147483647 -2147483647 -2147483647 160 98 12 9 32 98 121 156 220 97 0 0 0 0 0 1 0 3 67 3 3 8 12 20 45 54 75 160 288 384 396 392 95 137 175 180 21 0 11 154 63 40 111 110 89 148 75 81 76 21 141 111 82 237 214 225 279 -2147483647 -2147483647 -2147483647 -2147483647 -2147483647 -2147483647 -2147483647 -2147483647 -2147483647 -2147483647 108 166 185
-2147483647 -2147483647 -2147483647 -2147483647 -2147483647 -2147483647 -2147483647 -2147483647 -2147483647 -2147483647 -2147483647 -2147483647 -2147483647 -2147483647 -2147483647 -2147483647 -2147483647 -2147483647 187 34 50 49 33 59 23 10 0 0 0 0 0 0 0 16 0 0 14 0 0 10 66 118 42 104 121 53 131 237 225 115 108 120 96 75 29 0 66 83 71 56 41 73 19 149 78 153 205 239 287 305 293 287 334 207 84 -2147483647 -2147483647 -2147483647 -2147483647 -2147483647 -2147483647 -2147483647 -2147483647 -2147483647 -2147483647 -2147483647 -2147483647 93
-2147483647 -2147483647 -2147483647 -2147483647 -2147483647 -2147483647 -2147483647 -2147483647 -2147483647 -2147483647 -2147483647 -2147483647 -2147483647 -2147483647 -2147483647 -2147483647 -2147483647 155 129 122 2 0 0 0 1 0 1 0 0 0 0 0 0 0 0 4 5 0 3 34 140 245 169 295 357 257 143 221 146 26 10 24 1 0 38 43 55 96 94 60 28 42 21 121 108 116 212 92 102 55 85 -2147483647 -2147483647 -2147483647 -2147483647 -2147483647 -2147483647 -2147483647 -2147483647 -2147483647 -2147483647 -2147483647 -2147483647 -2147483647 -2147483647 -2147483647 -2147483647 -2147483647
-2147483647 -2147483647 -2147483647 -2147483647 -2147483647 -2147483647 -2147483647 -2147483647 -2147483647 -2147483647 -2147483647 -2147483647 -2147483647 -2147483647 -2147483647 -2147483647 -2147483647 116 98 5 4 0 0 0 0 0 0 0 0 0 0 0 1 16 0 0 0 0 0 35 272 356 377 361 298 176 44 44 19 0 0 3 14 0 15 0 2 0 3 78 114 132 166 55 154 179 167 111 21 -2147483647 -2147483647 -2147483647 -2147483647 -2147483647 -2147483647 -2147483647 -2147483647 -2147483647 -2147483647 -2147483647 -2147483647 -2147483647 -2147483647 -2147483647 -2147483647 -2147483647 -2147483647 -2147483647
-2147483647 29 77 45 126 118 -2147483647 -2147483647 81 176 -2147483647 -2147483647 -2147483647 -2147483647 -2147483647 -2147483647 23 25 0 14 6 2 11 4 0 1 14 7 0 2 0 0 0 1 1 0 0 0 159 292 351 314 302 148 6 0 0 0 -2147483647 -2147483647 -2147483647 -2147483647 -2147483647 -2147483647 2 0 0 1 2 18 174 155 134 62 36 75 0 -2147483647 -2147483647 -2147483647 -2147483647 -2147483647 -2147483647 -2147483647 -2147483647 -2147483647 -2147483647 -2147483647 -2147483647 -2147483647 -2147483647 -2147483647 -2147483647 -2147483647 -2147483647 -2147483647 -2147483647 -2147483647
245 221 125 73 152 174 320 313 251 330 350 367 238 209 255 374 265 189 49 23 10 73 37 33 25 17 16 64 10 21 4 29 8 2 2 2 0 2 0 20 6 11 2 0 0 0 -2147483647 -2147483647 -2147483647 -2147483647 -2147483647 -2147483647 -2147483647 -2147483647 -2147483647 -2147483647 -2147483647 -2147483647 0 7 45 293 132 200 305 54 -2147483647 -2147483647 -2147483647 -2147483647 -2147483647 -2147483647 -2147483647 -2147483647 -2147483647 -2147483647 -2147483647 -2147483647 -2147483647 -2147483647 -2147483647 -2147483647 -2147483647 -2147483647 -2147483647 -2147483647 -2147483647 -2147483647
203 141 137 149 100 120 124 221 328 344 375 374 365 296 258 203 159 155 176 184 237 228 254 185 200 198 190 187 98 108 111 86 131 132 92 89 79 62 118 97 321 187 61 37 0 -2147483647 -2147483647 -2147483647 -2147483647 -2147483647 -2147483647 -2147483647 -2147483647 -2147483647 -2147483647 -2147483647 -2147483647 -2147483647 -2147483647 -2147483647 -2147483647 -2147483647 11 -2147483647 -2147483647 -2147483647 -2147483647 -2147483647 -2147483647 -2147483647 -2147483647 -2147483647 -2147483647 -2147483647 -2147483647 -2147483647 -2147483647 -2147483647 -2147483647 -2147483647 -2147483647 -2147483647 -2147483647 -2147483647 -2147483647 -2147483647 -2147483647 -2147483647
