Land_cover_rasters/CL_mixed_forests_16.asc
NCOLS 642 
NROWS 378 
XLLCORNER -19.0000644 
YLLCORNER 18.9999684 
CELLSIZE 0.1666666 
NODATA_value -2147483647 
[rows 117 to 155 of 378, columns 176 to 263 of 642]
0 3 5 23 18 5 0 0 0 0 3 0 0 0 2 6 2 8 13 11 21 59 9 22 47 28 40 68 135 150 137 82 162 241 265 276 281 276 212 234 208 212 95 -2147483647 -2147483647 -2147483647 -2147483647 -2147483647 -2147483647 -2147483647 -2147483647 -2147483647 -2147483647 -2147483647 -2147483647 -2147483647 -2147483647 -2147483647 -2147483647 -2147483647 -2147483647 -2147483647 -2147483647 -2147483647 -2147483647 132 289 325 273 222 199 183 170 152 234 263 299 266 197 247 265 194 165 130 176 267 237 159
23 44 35 9 4 0 0 0 0 0 0 0 0 0 0 0 2 1 18 0 5 11 39 19 55 37 38 37 126 147 129 88 77 88 127 216 190 185 199 173 204 261 211 -2147483647 -2147483647 -2147483647 -2147483647 -2147483647 -2147483647 -2147483647 -2147483647 -2147483647 -2147483647 -2147483647 -2147483647 -2147483647 -2147483647 -2147483647 -2147483647 -2147483647 -2147483647 -2147483647 -2147483647 -2147483647 -2147483647 -2147483647 215 203 181 130 117 108 146 232 244 160 227 316 199 250 177 277 221 128 224 247 233 179
1 13 12 7 2 0 0 2 3 0 0 0 2 0 0 4 3 0 18 6 10 15 17 72 48 31 29 24 24 27 71 81 74 101 133 78 174 185 208 257 250 241 121 -2147483647 -2147483647 -2147483647 -2147483647 -2147483647 -2147483647 -2147483647 -2147483647 -2147483647 -2147483647 -2147483647 -2147483647 -2147483647 -2147483647 -2147483647 -2147483647 -2147483647 -2147483647 -2147483647 -2147483647 -2147483647 -2147483647 -2147483647 325 150 212 182 206 226 171 301 196 197 216 263 142 117 93 162 206 283 286 251 228 189
0 0 0 12 30 0 0 0 1 1 1 0 2 4 8 7 12 13 0 4 26 48 22 21 4 41 8 4 19 49 10 18 97 119 92 142 155 103 175 202 204 179 -2147483647 -2147483647 -2147483647 -2147483647 -2147483647 -2147483647 -2147483647 -2147483647 -2147483647 -2147483647 -2147483647 -2147483647 -2147483647 -2147483647 -2147483647 -2147483647 -2147483647 -2147483647 -2147483647 -2147483647 -2147483647 -2147483647 -2147483647 -2147483647 -2147483647 264 308 303 291 301 177 342 328 328 285 201 145 132 156 132 247 247 277 299 284 275
0 0 3 4 5 3 1 0 6 0 0 0 0 0 0 21 26 51 16 15 18 17 16 33 28 3 7 2 20 53 40 30 68 89 173 172 52 130 103 190 155 195 -2147483647 -2147483647 -2147483647 -2147483647 -2147483647 -2147483647 -2147483647 -2147483647 -2147483647 -2147483647 -2147483647 -2147483647 -2147483647 -2147483647 -2147483647 -2147483647 -2147483647 -2147483647 -2147483647 -2147483647 -2147483647 -2147483647 -2147483647 -2147483647 -2147483647 271 193 247 199 192 239 207 206 298 257 244 345 312 154 356 213 194 318 287 312 249
0 0 0 0 23 7 1 0 2 0 0 0 0 0 1 9 9 64 62 15 8 1 7 6 19 17 0 8 42 11 22 9 3 46 152 156 190 86 78 97 82 -2147483647 -2147483647 -2147483647 -2147483647 -2147483647 -2147483647 -2147483647 -2147483647 -2147483647 -2147483647 -2147483647 -2147483647 -2147483647 -2147483647 -2147483647 -2147483647 -2147483647 -2147483647 -2147483647 -2147483647 -2147483647 -2147483647 -2147483647 -2147483647 -2147483647 -2147483647 -2147483647 236 205 206 253 273 243 212 314 366 338 294 277 63 234 241 248 199 253 291 263
0 0 0 0 4 1 1 13 26 22 1 4 7 2 1 12 37 84 94 44 1 0 3 4 6 20 26 12 4 10 0 6 70 82 145 201 199 109 51 72 94 -2147483647 -2147483647 -2147483647 -2147483647 -2147483647 -2147483647 -2147483647 -2147483647 -2147483647 -2147483647 -2147483647 -2147483647 -2147483647 -2147483647 -2147483647 -2147483647 -2147483647 -2147483647 -2147483647 -2147483647 -2147483647 -2147483647 -2147483647 -2147483647 -2147483647 -2147483647 179 210 171 224 238 212 233 235 171 263 334 267 208 141 253 144 230 264 251 281 254
34 0 0 0 0 0 4 5 37 26 15 19 9 33 35 9 8 26 52 35 0 0 4 1 5 22 43 67 28 41 5 31 42 88 75 64 157 123 160 140 84 -2147483647 -2147483647 -2147483647 -2147483647 -2147483647 -2147483647 -2147483647 -2147483647 -2147483647 -2147483647 -2147483647 -2147483647 -2147483647 -2147483647 -2147483647 -2147483647 -2147483647 -2147483647 -2147483647 -2147483647 -2147483647 -2147483647 -2147483647 -2147483647 -2147483647 -2147483647 129 193 237 168 109 177 200 180 252 316 303 299 245 229 254 205 239 302 237 222 220
60 140 40 8 1 10 11 1 30 1 37 20 14 21 43 55 45 8 28 41 6 3 1 8 42 158 77 31 93 77 9 77 32 52 17 9 15 29 99 60 18 -2147483647 -2147483647 -2147483647 -2147483647 -2147483647 -2147483647 -2147483647 -2147483647 -2147483647 -2147483647 -2147483647 -2147483647 -2147483647 -2147483647 -2147483647 -2147483647 -2147483647 -2147483647 -2147483647 -2147483647 -2147483647 -2147483647 -2147483647 -2147483647 -2147483647 90 110 173 213 235 94 131 103 191 227 200 157 301 271 280 251 229 213 263 301 230 279
41 101 125 133 128 68 18 26 27 31 48 23 66 10 19 75 82 21 46 73 13 50 117 6 46 122 82 181 211 129 14 3 7 6 24 10 31 65 88 28 107 -2147483647 -2147483647 -2147483647 -2147483647 -2147483647 -2147483647 -2147483647 -2147483647 -2147483647 -2147483647 -2147483647 -2147483647 -2147483647 -2147483647 -2147483647 -2147483647 -2147483647 -2147483647 -2147483647 -2147483647 -2147483647 -2147483647 -2147483647 -2147483647 -2147483647 117 99 126 197 222 214 175 178 78 45 87 155 165 196 250 291 155 264 189 255 167 246
46 127 94 46 26 80 86 1 18 14 4 13 18 49 20 22 25 62 32 19 33 103 50 15 1 47 112 157 248 102 89 46 75 48 28 48 24 114 60 130 143 106 -2147483647 -2147483647 -2147483647 -2147483647 -2147483647 -2147483647 -2147483647 -2147483647 -2147483647 -2147483647 -2147483647 -2147483647 -2147483647 -2147483647 -2147483647 -2147483647 -2147483647 -2147483647 -2147483647 -2147483647 -2147483647 -2147483647 -2147483647 -2147483647 53 63 135 125 125 80 88 140 121 78 110 90 178 196 203 257 190 281 303 312 160 225
53 110 86 63 25 110 20 2 4 77 9 3 1 6 2 2 18 33 97 44 17 43 35 7 25 11 29 56 86 48 78 63 166 11 3 23 103 199 170 190 174 284 236 236 -2147483647 198 -2147483647 -2147483647 -2147483647 -2147483647 -2147483647 -2147483647 -2147483647 -2147483647 -2147483647 -2147483647 -2147483647 -2147483647 -2147483647 -2147483647 -2147483647 -2147483647 -2147483647 -2147483647 -2147483647 -2147483647 41 63 77 40 20 72 66 81 96 147 207 77 91 190 249 267 200 301 317 282 186 188
105 90 8 4 68 101 35 38 30 27 15 3 7 34 6 6 2 14 24 97 14 26 26 9 19 11 19 27 19 15 79 73 199 117 143 37 87 101 198 183 133 253 301 333 320 347 276 -2147483647 -2147483647 -2147483647 -2147483647 -2147483647 -2147483647 -2147483647 -2147483647 -2147483647 -2147483647 -2147483647 -2147483647 -2147483647 -2147483647 -2147483647 -2147483647 -2147483647 -2147483647 -2147483647 -2147483647 -2147483647 -2147483647 33 -2147483647 52 37 56 38 88 87 109 166 141 207 264 314 242 304 254 247 241
125 32 5 10 69 93 35 85 65 37 22 9 8 15 39 17 49 2 15 16 5 49 12 44 17 7 1 20 37 58 25 7 38 107 137 132 178 95 106 285 246 224 242 335 340 336 283 351 270 -2147483647 -2147483647 -2147483647 -2147483647 -2147483647 -2147483647 -2147483647 103 167 89 -2147483647 -2147483647 -2147483647 -2147483647 -2147483647 -2147483647 -2147483647 -2147483647 -2147483647 -2147483647 -2147483647 -2147483647 82 69 86 87 49 110 199 168 193 246 213 183 304 246 141 115 14
30 20 15 22 17 77 27 6 0 0 89 30 30 24 4 28 132 29 35 74 16 22 4 11 9 8 24 62 70 60 27 65 30 51 61 217 164 211 206 295 194 259 255 215 314 269 293 233 347 262 236 -2147483647 -2147483647 -2147483647 -2147483647 -2147483647 -2147483647 -2147483647 -2147483647 -2147483647 -2147483647 -2147483647 -2147483647 -2147483647 -2147483647 -2147483647 -2147483647 -2147483647 -2147483647 -2147483647 -2147483647 -2147483647 -2147483647 40 34 -2147483647 42 80 118 155 190 192 205 131 154 127 -2147483647 -2147483647
120 29 12 9 41 69 30 36 2 31 48 112 93 62 37 83 112 146 29 55 19 0 23 23 13 8 21 48 67 0 5 39 75 40 82 130 227 180 287 282 176 252 296 91 208 321 349 287 278 314 350 181 -2147483647 -2147483647 -2147483647 -2147483647 -2147483647 -2147483647 -2147483647 -2147483647 -2147483647 -2147483647 -2147483647 -2147483647 -2147483647 -2147483647 -2147483647 -2147483647 -2147483647 -2147483647 -2147483647 -2147483647 -2147483647 -2147483647 -2147483647 -2147483647 63 56 37 -2147483647 -2147483647 -2147483647 -2147483647 -2147483647 -2147483647 -2147483647 -2147483647 -2147483647
153 81 128 87 123 125 121 45 16 6 112 154 118 168 66 62 143 179 183 51 21 8 37 63 83 83 45 13 137 101 24 76 174 75 92 190 238 202 264 175 174 217 141 202 214 265 241 234 288 273 281 195 -2147483647 -2147483647 -2147483647 -2147483647 -2147483647 -2147483647 -2147483647 -2147483647 -2147483647 -2147483647 -2147483647 -2147483647 -2147483647 -2147483647 -2147483647 -2147483647 -2147483647 -2147483647 -2147483647 -2147483647 -2147483647 -2147483647 -2147483647 -2147483647 -2147483647 -2147483647 -2147483647 -2147483647 -2147483647 -2147483647 -2147483647 -2147483647 -2147483647 -2147483647 -2147483647 -2147483647
105 62 244 187 160 159 162 92 31 56 157 4 31 132 190 131 209 239 196 249 251 188 46 114 9 48 17 154 152 260 160 130 219 195 210 195 208 66 201 164 130 178 168 156 189 175 276 269 199 222 -2147483647 -2147483647 -2147483647 -2147483647 -2147483647 -2147483647 -2147483647 -2147483647 -2147483647 -2147483647 -2147483647 -2147483647 -2147483647 -2147483647 -2147483647 -2147483647 -2147483647 -2147483647 -2147483647 -2147483647 -2147483647 -2147483647 -2147483647 -2147483647 -2147483647 -2147483647 -2147483647 -2147483647 -2147483647 -2147483647 -2147483647 -2147483647 -2147483647 -2147483647 -2147483647 -2147483647 -2147483647 -2147483647
138 -2147483647 92 67 144 176 131 43 82 89 127 57 7 6 120 182 250 214 166 169 187 216 144 108 218 210 44 75 131 253 214 297 284 203 228 260 204 129 184 194 159 166 45 107 141 73 43 80 -2147483647 -2147483647 -2147483647 -2147483647 -2147483647 -2147483647 -2147483647 -2147483647 -2147483647 -2147483647 -2147483647 -2147483647 -2147483647 -2147483647 -2147483647 -2147483647 -2147483647 -2147483647 -2147483647 -2147483647 -2147483647 -2147483647 -2147483647 -2147483647 -2147483647 -2147483647 -2147483647 -2147483647 -2147483647 -2147483647 -2147483647 -2147483647 -2147483647 -2147483647 -2147483647 -2147483647 162 120 100 103
87 -2147483647 -2147483647 128 86 141 93 35 76 15 53 69 33 153 255 138 212 31 1 56 2 24 201 142 219 59 119 201 109 159 107 102 79 148 237 260 159 238 284 179 167 205 184 116 122 36 50 20 14 -2147483647 -2147483647 -2147483647 -2147483647 -2147483647 -2147483647 -2147483647 -2147483647 -2147483647 -2147483647 -2147483647 -2147483647 -2147483647 -2147483647 -2147483647 -2147483647 -2147483647 -2147483647 -2147483647 -2147483647 -2147483647 -2147483647 -2147483647 -2147483647 -2147483647 -2147483647 -2147483647 -2147483647 -2147483647 -2147483647 -2147483647 161 230 276 365 289 280 286 252
-2147483647 -2147483647 -2147483647 -2147483647 -2147483647 127 136 20 20 24 55 60 76 144 205 140 253 64 0 0 0 46 276 249 227 127 271 158 145 234 243 248 261 291 272 239 228 275 313 173 241 177 149 220 175 214 95 -2147483647 -2147483647 -2147483647 -2147483647 -2147483647 -2147483647 -2147483647 -2147483647 -2147483647 -2147483647 -2147483647 -2147483647 -2147483647 -2147483647 -2147483647 -2147483647 -2147483647 -2147483647 -2147483647 -2147483647 -2147483647 -2147483647 -2147483647 -2147483647 -2147483647 -2147483647 -2147483647 -2147483647 -2147483647 -2147483647 -2147483647 -2147483647 236 325 361 373 342 389 371 284 300
-2147483647 -2147483647 -2147483647 -2147483647 -2147483647 200 128 68 93 134 70 100 83 191 6 0 69 98 0 0 8 13 343 204 189 128 183 308 241 168 136 89 182 142 223 196 324 253 261 202 232 203 162 131 -2147483647 147 -2147483647 -2147483647 -2147483647 -2147483647 -2147483647 -2147483647 -2147483647 -2147483647 -2147483647 -2147483647 -2147483647 -2147483647 -2147483647 -2147483647 -2147483647 -2147483647 -2147483647 -2147483647 -2147483647 -2147483647 -2147483647 -2147483647 -2147483647 -2147483647 -2147483647 -2147483647 180 385 318 226 -2147483647 -2147483647 -2147483647 160 218 273 269 353 354 313 295 245
-2147483647 -2147483647 -2147483647 -2147483647 -2147483647 188 182 176 100 249 302 107 192 11 0 0 28 10 0 29 127 261 267 251 133 102 64 129 312 187 239 214 135 141 33 27 152 246 179 264 144 99 -2147483647 -2147483647 -2147483647 -2147483647 -2147483647 -2147483647 -2147483647 -2147483647 -2147483647 -2147483647 -2147483647 -2147483647 -2147483647 -2147483647 -2147483647 -2147483647 -2147483647 -2147483647 -2147483647 -2147483647 -2147483647 -2147483647 -2147483647 -2147483647 -2147483647 -2147483647 -2147483647 -2147483647 -2147483647 -2147483647 -2147483647 220 -2147483647 -2147483647 -2147483647 -2147483647 -2147483647 77 107 180 280 221 244 346 362 388
-2147483647 -2147483647 -2147483647 -2147483647 -2147483647 -2147483647 378 226 207 260 180 188 86 59 0 33 139 35 145 285 288 181 239 299 246 32 0 105 176 169 208 129 176 199 220 152 192 310 211 -2147483647 -2147483647 -2147483647 -2147483647 -2147483647 -2147483647 -2147483647 -2147483647 -2147483647 -2147483647 -2147483647 -2147483647 -2147483647 -2147483647 -2147483647 -2147483647 -2147483647 -2147483647 -2147483647 -2147483647 -2147483647 -2147483647 -2147483647 -2147483647 -2147483647 -2147483647 -2147483647 -2147483647 -2147483647 -2147483647 -2147483647 -2147483647 -2147483647 -2147483647 245 168 236 46 122 -2147483647 96 264 310 278 311 219 212 317 212
-2147483647 -2147483647 -2147483647 -2147483647 -2147483647 -2147483647 259 265 242 154 239 270 97 72 76 234 60 101 226 272 340 213 254 306 143 6 45 7 75 78 106 104 128 270 358 325 308 277 188 -2147483647 -2147483647 -2147483647 -2147483647 -2147483647 -2147483647 -2147483647 -2147483647 -2147483647 -2147483647 -2147483647 -2147483647 -2147483647 -2147483647 -2147483647 -2147483647 -2147483647 -2147483647 -2147483647 -2147483647 -2147483647 -2147483647 -2147483647 -2147483647 -2147483647 -2147483647 -2147483647 -2147483647 -2147483647 -2147483647 -2147483647 249 348 348 335 349 272 91 -2147483647 -2147483647 -2147483647 194 327 269 240 84 183 243 362
-2147483647 -2147483647 -2147483647 -2147483647 -2147483647 -2147483647 -2147483647 220 239 250 179 254 206 299 228 127 42 197 266 142 132 349 299 104 0 86 229 253 295 376 296 319 332 328 272 128 246 215 159 -2147483647 -2147483647 -2147483647 -2147483647 -2147483647 -2147483647 -2147483647 -2147483647 -2147483647 -2147483647 -2147483647 -2147483647 -2147483647 -2147483647 -2147483647 -2147483647 -2147483647 -2147483647 -2147483647 -2147483647 -2147483647 -2147483647 -2147483647 -2147483647 -2147483647 -2147483647 -2147483647 -2147483647 -2147483647 -2147483647 -2147483647 289 270 162 163 -2147483647 -2147483647 -2147483647 -2147483647 -2147483647 -2147483647 -2147483647 -2147483647 -2147483647 -2147483647 -2147483647 236 379 397
-2147483647 -2147483647 -2147483647 -2147483647 -2147483647 -2147483647 -2147483647 206 169 287 168 246 105 290 277 279 321 354 207 130 198 324 138 81 46 314 313 311 136 132 169 213 190 160 174 186 261 282 103 -2147483647 -2147483647 -2147483647 -2147483647 -2147483647 -2147483647 -2147483647 -2147483647 -2147483647 -2147483647 -2147483647 -2147483647 -2147483647 -2147483647 -2147483647 -2147483647 -2147483647 -2147483647 -2147483647 -2147483647 -2147483647 -2147483647 -2147483647 -2147483647 -2147483647 -2147483647 -2147483647 -2147483647 -2147483647 -2147483647 -2147483647 -2147483647 -2147483647 -2147483647 -2147483647 -2147483647 -2147483647 -2147483647 -2147483647 -2147483647 -2147483647 -2147483647 -2147483647 -2147483647 -2147483647 -2147483647 343 349 332
-2147483647 -2147483647 -2147483647 -2147483647 -2147483647 -2147483647 -2147483647 -2147483647 163 330 196 156 140 106 150 222 321 377 377 298 295 268 217 57 262 297 296 334 286 243 169 156 240 187 150 261 258 91 63 -2147483647 -2147483647 -2147483647 -2147483647 -2147483647 -2147483647 -2147483647 -2147483647 -2147483647 -2147483647 -2147483647 -2147483647 -2147483647 -2147483647 -2147483647 -2147483647 -2147483647 -2147483647 -2147483647 -2147483647 -2147483647 -2147483647 -2147483647 -2147483647 -2147483647 -2147483647 -2147483647 -2147483647 -2147483647 -2147483647 -2147483647 -2147483647 -2147483647 -2147483647 -2147483647 -2147483647 -2147483647 -2147483647 -2147483647 -2147483647 -2147483647 -2147483647 -2147483647 -2147483647 -2147483647 206 376 367 361
-2147483647 -2147483647 -2147483647 -2147483647 -2147483647 -2147483647 -2147483647 -2147483647 -2147483647 164 148 150 67 52 63 141 309 319 312 206 95 80 180 250 308 251 303 291 239 187 78 98 228 250 262 214 207 124 -2147483647 -2147483647 -2147483647 -2147483647 -2147483647 -2147483647 -2147483647 -2147483647 -2147483647 -2147483647 -2147483647 252 170 103 -2147483647 -2147483647 -2147483647 -2147483647 -2147483647 -2147483647 -2147483647 -2147483647 -2147483647 -2147483647 -2147483647 -2147483647 -2147483647 -2147483647 -2147483647 -2147483647 -2147483647 -2147483647 -2147483647 -2147483647 -2147483647 -2147483647 -2147483647 -2147483647 -2147483647 -2147483647 -2147483647 -2147483647 -2147483647 -2147483647 -2147483647 -2147483647 250 353 297 219
89 -2147483647 -2147483647 -2147483647 -2147483647 -2147483647 -2147483647 -2147483647 -2147483647 119 294 89 146 133 112 71 187 239 237 147 76 22 93 152 151 188 279 281 323 226 253 222 174 214 209 235 221 76 -2147483647 -2147483647 -2147483647 -2147483647 -2147483647 -2147483647 -2147483647 -2147483647 -2147483647 186 169 248 187 -2147483647 -2147483647 -2147483647 -2147483647 -2147483647 -2147483647 -2147483647 -2147483647 -2147483647 -2147483647 -2147483647 -2147483647 -2147483647 -2147483647 -2147483647 -2147483647 -2147483647 -2147483647 177 229 288 358 293 -2147483647 -2147483647 -2147483647 -2147483647 -2147483647 -2147483647 -2147483647 -2147483647 -2147483647 -2147483647 224 283 195 244
38 -2147483647 -2147483647 -2147483647 -2147483647 -2147483647 -2147483647 -2147483647 -2147483647 -2147483647 126 255 208 214 173 60 190 108 29 60 30 45 171 147 172 220 305 326 314 319 228 174 96 127 158 229 205 156 -2147483647 -2147483647 -2147483647 -2147483647 -2147483647 -2147483647 -2147483647 -2147483647 -2147483647 293 319 268 175 -2147483647 -2147483647 -2147483647 -2147483647 -2147483647 -2147483647 -2147483647 -2147483647 -2147483647 -2147483647 -2147483647 -2147483647 -2147483647 -2147483647 -2147483647 -2147483647 47 322 371 308 346 294 153 316 251 -2147483647 -2147483647 -2147483647 -2147483647 -2147483647 -2147483647 -2147483647 -2147483647 124 196 282 265
19 -2147483647 -2147483647 -2147483647 -2147483647 -2147483647 -2147483647 -2147483647 -2147483647 -2147483647 -2147483647 241 264 174 86 87 132 138 134 133 102 162 133 180 203 219 222 198 244 141 257 170 119 220 163 111 205 -2147483647 -2147483647 -2147483647 88 -2147483647 -2147483647 -2147483647 -2147483647 -2147483647 -2147483647 230 215 121 -2147483647 -2147483647 -2147483647 -2147483647 -2147483647 -2147483647 -2147483647 -2147483647 -2147483647 -2147483647 -2147483647 -2147483647 -2147483647 -2147483647 -2147483647 -2147483647 -2147483647 106 318 324 327 338 352 99 137 259 258 -2147483647 -2147483647 -2147483647 -2147483647 -2147483647 -2147483647 -2147483647 205 277 203 336
-2147483647 -2147483647 -2147483647 -2147483647 -2147483647 -2147483647 -2147483647 -2147483647 -2147483647 -2147483647 -2147483647 -2147483647 90 291 241 215 233 230 147 214 197 337 243 278 181 307 242 291 215 118 72 94 142 99 246 258 226 -2147483647 -2147483647 32 -2147483647 -2147483647 -2147483647 -2147483647 -2147483647 -2147483647 -2147483647 115 -2147483647 -2147483647 -2147483647 -2147483647 -2147483647 -2147483647 -2147483647 -2147483647 -2147483647 -2147483647 -2147483647 -2147483647 -2147483647 -2147483647 -2147483647 -2147483647 -2147483647 -2147483647 130 280 318 310 294 313 326 176 157 151 313 242 -2147483647 -2147483647 -2147483647 -2147483647 -2147483647 130 157 304 326 123
-2147483647 -2147483647 -2147483647 -2147483647 -2147483647 -2147483647 -2147483647 -2147483647 -2147483647 -2147483647 -2147483647 -2147483647 1 48 240 228 209 140 160 201 213 329 299 267 223 280 176 263 60 26 12 30 95 141 138 158 211 -2147483647 42 -2147483647 -2147483647 -2147483647 -2147483647 -2147483647 -2147483647 -2147483647 -2147483647 -2147483647 -2147483647 -2147483647 -2147483647 -2147483647 -2147483647 -2147483647 -2147483647 -2147483647 -2147483647 -2147483647 -2147483647 -2147483647 -2147483647 -2147483647 -2147483647 -2147483647 -2147483647 189 327 176 229 218 286 246 126 189 203 84 82 107 264 248 218 213 133 139 238 248 361 221
-2147483647 -2147483647 -2147483647 -2147483647 -2147483647 -2147483647 -2147483647 -2147483647 -2147483647 -2147483647 -2147483647 -2147483647 -2147483647 -2147483647 119 218 283 224 175 238 335 341 327 319 351 256 312 322 181 162 127 144 257 291 315 161 -2147483647 125 26 -2147483647 -2147483647 -2147483647 -2147483647 -2147483647 -2147483647 -2147483647 -2147483647 -2147483647 -2147483647 -2147483647 -2147483647 -2147483647 -2147483647 -2147483647 -2147483647 -2147483647 -2147483647 -2147483647 -2147483647 -2147483647 -2147483647 -2147483647 -2147483647 -2147483647 195 246 171 135 102 203 332 238 52 223 307 137 140 47 149 269 305 306 361 300 297 243 121 189
-2147483647 -2147483647 -2147483647 -2147483647 -2147483647 -2147483647 -2147483647 -2147483647 -2147483647 -2147483647 -2147483647 -2147483647 -2147483647 -2147483647 -2147483647 -2147483647 118 354 293 286 246 270 249 300 267 124 167 309 325 311 308 250 228 210 233 -2147483647 -2147483647 72 -2147483647 -2147483647 -2147483647 -2147483647 -2147483647 -2147483647 -2147483647 -2147483647 -2147483647 -2147483647 -2147483647 -2147483647 -2147483647 -2147483647 -2147483647 -2147483647 -2147483647 -2147483647 -2147483647 -2147483647 -2147483647 -2147483647 -2147483647 -2147483647 -2147483647 -2147483647 143 76 26 171 311 229 312 274 178 321 259 187 238 88 9 90 151 82 110 163 184 149 253 341
131 80 40 28 -2147483647 -2147483647 -2147483647 -2147483647 -2147483647 -2147483647 -2147483647 -2147483647 -2147483647 -2147483647 8 201 191 374 334 209 190 268 320 231 179 207 192 169 281 204 264 341 282 362 151 -2147483647 0 3 -2147483647 -2147483647 -2147483647 -2147483647 -2147483647 -2147483647 -2147483647 -2147483647 -2147483647 -2147483647 -2147483647 -2147483647 -2147483647 -2147483647 -2147483647 -2147483647 -2147483647 -2147483647 -2147483647 -2147483647 -2147483647 -2147483647 -2147483647 -2147483647 -2147483647 -2147483647 152 325 151 51 196 175 104 94 79 187 164 77 120 33 75 91 17 0 18 49 70 170 122 276
22 119 80 -2147483647 -2147483647 -2147483647 -2147483647 -2147483647 -2147483647 -2147483647 -2147483647 -2147483647 -2147483647 -2147483647 -2147483647 70 268 379 389 364 338 321 316 289 210 351 319 329 305 334 341 287 306 360 -2147483647 -2147483647 -2147483647 -2147483647 -2147483647 -2147483647 -2147483647 -2147483647 -2147483647 -2147483647 -2147483647 -2147483647 -2147483647 -2147483647 -2147483647 -2147483647 -2147483647 -2147483647 -2147483647 -2147483647 -2147483647 -2147483647 -2147483647 -2147483647 -2147483647 -2147483647 -2147483647 -2147483647 -2147483647 -2147483647 308 198 211 22 19 23 95 82 72 145 113 76 98 215 46 28 8 5 47 0 37 19 11 204
-2147483647 -2147483647 -2147483647 -2147483647 -2147483647 -2147483647 -2147483647 -2147483647 -2147483647 -2147483647 -2147483647 65 89 -2147483647 0 46 232 320 373 379 294 274 127 99 96 176 -2147483647 -2147483647 -2147483647 -2147483647 -2147483647 -2147483647 -2147483647 -2147483647 -2147483647 -2147483647 -2147483647 -2147483647 -2147483647 -2147483647 -2147483647 -2147483647 -2147483647 -2147483647 -2147483647 -2147483647 -2147483647 -2147483647 -2147483647 -2147483647 -2147483647 -2147483647 -2147483647 -2147483647 -2147483647 -2147483647 -2147483647 -2147483647 -2147483647 -2147483647 -2147483647 -2147483647 -2147483647 -2147483647 159 149 222 34 79 201 115 158 140 94 209 100 135 117 81 44 108 5 32 15 14 18 11 116
