Land_cover_rasters/CL_mixed_forests_16.asc
NCOLS 642 
NROWS 378 
XLLCORNER -19.0000644 
YLLCORNER 18.9999684 
CELLSIZE 0.1666666 
NODATA_value -2147483647 
[rows 156 to 194 of 378, columns 176 to 263 of 642]
-2147483647 -2147483647 -2147483647 -2147483647 -2147483647 -2147483647 -2147483647 58 -2147483647 -2147483647 25 74 161 -2147483647 -2147483647 6 34 68 142 221 301 284 94 22 -2147483647 -2147483647 -2147483647 -2147483647 -2147483647 -2147483647 -2147483647 -2147483647 -2147483647 -2147483647 -2147483647 -2147483647 -2147483647 -2147483647 -2147483647 -2147483647 -2147483647 -2147483647 -2147483647 -2147483647 -2147483647 -2147483647 -2147483647 -2147483647 -2147483647 -2147483647 -2147483647 -2147483647 -2147483647 -2147483647 -2147483647 -2147483647 -2147483647 -2147483647 -2147483647 -2147483647 -2147483647 -2147483647 -2147483647 -2147483647 46 73 170 95 51 98 171 115 103 45 201 108 89 92 46 16 67 48 94 38 151 224 57 32
-2147483647 -2147483647 -2147483647 -2147483647 -2147483647 -2147483647 25 7 15 9 30 36 108 43 -2147483647 -2147483647 0 0 26 35 27 209 220 -2147483647 -2147483647 -2147483647 -2147483647 -2147483647 -2147483647 -2147483647 -2147483647 -2147483647 -2147483647 -2147483647 -2147483647 -2147483647 -2147483647 -2147483647 -2147483647 -2147483647 -2147483647 -2147483647 -2147483647 -2147483647 -2147483647 -2147483647 -2147483647 -2147483647 -2147483647 -2147483647 -2147483647 -2147483647 -2147483647 -2147483647 -2147483647 -2147483647 -2147483647 -2147483647 -2147483647 -2147483647 -2147483647 -2147483647 -2147483647 -2147483647 -2147483647 19 49 215 226 206 225 159 50 13 59 141 181 146 38 112 34 5 47 49 109 214 119 82
6 -2147483647 -2147483647 -2147483647 -2147483647 16 60 50 29 59 6 0 -2147483647 -2147483647 -2147483647 -2147483647 0 50 102 95 125 6 61 53 -2147483647 -2147483647 -2147483647 -2147483647 -2147483647 -2147483647 -2147483647 -2147483647 -2147483647 -2147483647 -2147483647 -2147483647 -2147483647 -2147483647 -2147483647 -2147483647 -2147483647 -2147483647 -2147483647 -2147483647 -2147483647 -2147483647 -2147483647 -2147483647 -2147483647 -2147483647 -2147483647 -2147483647 -2147483647 -2147483647 -2147483647 -2147483647 -2147483647 -2147483647 -2147483647 -2147483647 -2147483647 -2147483647 -2147483647 -2147483647 -2147483647 88 74 153 227 259 107 25 13 36 39 15 99 171 128 62 45 15 51 129 23 122 118 132
0 1 -2147483647 -2147483647 -2147483647 0 64 91 6 38 61 10 -2147483647 -2147483647 -2147483647 -2147483647 0 7 5 0 -2147483647 -2147483647 4 -2147483647 -2147483647 -2147483647 -2147483647 -2147483647 -2147483647 -2147483647 -2147483647 -2147483647 -2147483647 -2147483647 -2147483647 -2147483647 -2147483647 -2147483647 -2147483647 -2147483647 -2147483647 -2147483647 -2147483647 -2147483647 -2147483647 -2147483647 -2147483647 -2147483647 -2147483647 -2147483647 -2147483647 -2147483647 -2147483647 -2147483647 -2147483647 -2147483647 -2147483647 -2147483647 -2147483647 -2147483647 -2147483647 -2147483647 -2147483647 -2147483647 -2147483647 79 103 140 134 132 164 179 83 22 32 58 35 22 63 95 66 29 64 69 95 216 96 61
0 17 11 -2147483647 -2147483647 7 16 18 30 42 26 24 -2147483647 -2147483647 -2147483647 -2147483647 -2147483647 -2147483647 -2147483647 -2147483647 -2147483647 -2147483647 -2147483647 -2147483647 -2147483647 -2147483647 -2147483647 -2147483647 -2147483647 -2147483647 -2147483647 -2147483647 -2147483647 -2147483647 -2147483647 -2147483647 -2147483647 -2147483647 -2147483647 -2147483647 -2147483647 -2147483647 -2147483647 -2147483647 -2147483647 -2147483647 -2147483647 -2147483647 -2147483647 -2147483647 -2147483647 -2147483647 -2147483647 -2147483647 -2147483647 -2147483647 -2147483647 -2147483647 -2147483647 -2147483647 -2147483647 -2147483647 -2147483647 -2147483647 -2147483647 -2147483647 165 82 19 39 57 120 233 211 63 114 29 48 47 30 110 25 10 42 77 72 73 83
51 40 -2147483647 -2147483647 -2147483647 -2147483647 -2147483647 -2147483647 -2147483647 19 17 -2147483647 -2147483647 -2147483647 -2147483647 -2147483647 -2147483647 -2147483647 -2147483647 -2147483647 -2147483647 -2147483647 -2147483647 -2147483647 -2147483647 -2147483647 22 100 55 -2147483647 -2147483647 -2147483647 -2147483647 -2147483647 -2147483647 -2147483647 -2147483647 -2147483647 -2147483647 -2147483647 -2147483647 -2147483647 -2147483647 -2147483647 -2147483647 -2147483647 -2147483647 -2147483647 -2147483647 -2147483647 -2147483647 -2147483647 -2147483647 -2147483647 -2147483647 -2147483647 -2147483647 -2147483647 -2147483647 -2147483647 -2147483647 -2147483647 -2147483647 -2147483647 -2147483647 247 72 35 80 33 54 242 235 283 91 36 102 71 89 69 84 91 86 143 325 183 30 112
-2147483647 -2147483647 6 -2147483647 -2147483647 3 -2147483647 -2147483647 -2147483647 6 31 -2147483647 -2147483647 -2147483647 -2147483647 -2147483647 -2147483647 -2147483647 -2147483647 -2147483647 -2147483647 -2147483647 -2147483647 -2147483647 -2147483647 -2147483647 -2147483647 -2147483647 -2147483647 -2147483647 -2147483647 -2147483647 -2147483647 -2147483647 -2147483647 -2147483647 -2147483647 -2147483647 -2147483647 -2147483647 -2147483647 -2147483647 -2147483647 -2147483647 -2147483647 -2147483647 -2147483647 -2147483647 -2147483647 -2147483647 -2147483647 -2147483647 -2147483647 -2147483647 -2147483647 -2147483647 -2147483647 -2147483647 101 8 60 44 10 -2147483647 -2147483647 226 339 136 88 11 0 6 152 180 109 44 19 104 373 300 94 47 190 223 160 76 150 137
-2147483647 -2147483647 -2147483647 -2147483647 -2147483647 3 26 34 39 11 -2147483647 -2147483647 -2147483647 -2147483647 -2147483647 -2147483647 -2147483647 -2147483647 -2147483647 -2147483647 -2147483647 -2147483647 -2147483647 -2147483647 -2147483647 -2147483647 -2147483647 -2147483647 -2147483647 -2147483647 -2147483647 -2147483647 -2147483647 -2147483647 -2147483647 -2147483647 -2147483647 -2147483647 -2147483647 -2147483647 -2147483647 -2147483647 57 116 122 154 163 201 11 -2147483647 -2147483647 -2147483647 -2147483647 -2147483647 -2147483647 -2147483647 -2147483647 -2147483647 144 139 123 44 36 99 93 185 225 154 40 103 166 13 0 0 2 2 16 1 215 247 90 52 106 64 65 79 104 258
-2147483647 -2147483647 -2147483647 -2147483647 -2147483647 -2147483647 -2147483647 -2147483647 -2147483647 -2147483647 -2147483647 -2147483647 -2147483647 -2147483647 -2147483647 -2147483647 -2147483647 8 -2147483647 -2147483647 -2147483647 -2147483647 -2147483647 -2147483647 -2147483647 -2147483647 -2147483647 -2147483647 -2147483647 -2147483647 -2147483647 -2147483647 -2147483647 -2147483647 -2147483647 -2147483647 -2147483647 -2147483647 -2147483647 83 178 162 71 63 108 260 199 271 169 -2147483647 -2147483647 -2147483647 -2147483647 -2147483647 -2147483647 -2147483647 -2147483647 -2147483647 -2147483647 50 13 40 69 170 125 69 191 169 31 49 8 3 2 0 15 4 4 23 20 104 101 186 167 20 96 171 180 229
-2147483647 -2147483647 -2147483647 -2147483647 13 -2147483647 -2147483647 -2147483647 -2147483647 -2147483647 -2147483647 -2147483647 -2147483647 153 -2147483647 -2147483647 -2147483647 22 36 80 -2147483647 -2147483647 -2147483647 -2147483647 -2147483647 -2147483647 -2147483647 -2147483647 -2147483647 -2147483647 -2147483647 -2147483647 -2147483647 -2147483647 -2147483647 -2147483647 83 141 88 50 162 177 169 247 232 206 129 94 70 117 -2147483647 -2147483647 -2147483647 -2147483647 -2147483647 -2147483647 41 42 21 84 155 85 20 36 18 49 84 44 34 35 5 53 238 288 168 27 16 2 60 89 4 27 78 70 158 230 193 228
45 46 29 4 -2147483647 -2147483647 -2147483647 -2147483647 -2147483647 -2147483647 -2147483647 175 55 18 27 111 41 12 -2147483647 -2147483647 -2147483647 -2147483647 -2147483647 -2147483647 -2147483647 -2147483647 -2147483647 -2147483647 -2147483647 -2147483647 -2147483647 -2147483647 -2147483647 -2147483647 18 138 229 128 276 275 202 196 137 160 171 70 159 166 149 36 0 7 0 2 67 97 128 61 51 59 75 47 44 19 38 5 33 108 31 110 145 63 75 69 44 46 24 20 11 36 66 144 193 162 114 85 232 92
46 24 47 -2147483647 -2147483647 -2147483647 -2147483647 -2147483647 22 41 3 6 67 15 17 18 9 12 41 90 88 -2147483647 -2147483647 -2147483647 -2147483647 -2147483647 -2147483647 -2147483647 20 44 43 82 82 90 111 153 194 205 307 300 195 93 101 123 116 106 55 51 86 92 27 2 6 2 34 7 21 42 56 101 218 97 24 38 1 25 70 102 78 97 202 180 20 40 28 65 105 59 72 122 173 143 144 100 85 189 241 59
13 3 130 19 29 22 1 11 41 18 27 5 20 2 8 46 58 19 10 32 94 67 64 -2147483647 -2147483647 134 104 141 135 57 157 220 201 160 201 209 217 139 276 151 125 112 53 47 60 70 61 144 68 68 30 117 8 28 34 17 75 86 79 48 109 92 127 101 102 96 50 95 72 110 69 108 100 79 29 85 76 90 118 94 160 119 207 224 267 213 70 30
10 27 81 56 8 11 27 34 142 60 36 133 33 45 77 33 9 28 18 40 19 189 -2147483647 -2147483647 -2147483647 48 333 269 159 128 151 161 53 93 102 242 122 160 126 138 192 176 125 19 46 85 93 63 87 101 89 75 118 53 174 200 136 277 307 226 242 174 194 111 106 141 270 187 109 150 257 59 123 64 47 103 141 128 124 35 42 90 162 235 307 74 50 98
214 110 239 68 38 37 92 159 89 63 82 125 165 68 31 13 5 37 36 33 77 163 231 243 280 188 235 195 55 31 47 140 117 142 189 131 151 228 157 131 96 68 83 18 15 54 83 72 129 157 42 122 34 25 61 187 60 57 68 196 248 185 116 195 196 119 183 86 196 104 97 46 45 113 184 59 19 44 16 41 157 42 15 35 175 42 92 42
68 32 123 77 54 134 133 186 78 88 51 96 101 23 174 231 176 120 59 24 6 2 27 53 63 169 171 143 8 65 117 250 255 255 182 157 53 111 120 67 57 183 163 48 13 51 92 19 58 94 61 5 4 60 210 49 32 53 31 28 130 175 213 222 176 108 25 92 61 20 30 18 18 176 13 4 11 148 71 36 15 19 3 27 154 233 233 256
153 170 145 159 107 188 111 151 12 51 21 8 53 131 196 215 248 285 287 133 64 32 30 18 130 174 73 12 9 83 67 149 224 98 159 147 110 69 71 56 51 41 25 38 0 61 82 55 19 2 11 26 52 99 59 36 205 52 45 35 54 11 164 79 40 64 62 77 114 59 15 43 19 147 61 42 181 210 346 204 139 35 40 31 134 54 7 16
121 80 136 251 77 141 126 163 68 90 18 93 83 205 235 232 165 234 240 258 234 139 25 98 265 120 107 24 35 54 29 149 151 214 169 181 200 64 47 104 44 108 52 36 36 45 42 58 44 29 22 93 61 28 10 69 64 39 48 56 24 7 7 57 114 73 82 62 28 14 130 14 24 35 21 17 40 62 158 153 213 174 39 36 144 63 34 72
107 97 51 114 52 34 75 97 78 76 116 47 53 82 62 132 114 37 162 250 190 199 125 204 118 131 149 129 196 348 235 112 205 185 146 110 87 30 71 96 79 20 0 0 26 34 28 41 37 68 53 32 13 40 108 56 3 2 18 11 94 12 1 0 39 57 81 25 25 35 70 6 10 21 11 50 37 29 81 189 184 221 193 163 206 103 92 144
234 171 91 59 33 28 33 18 15 3 77 19 93 100 25 50 160 201 222 229 156 186 90 83 156 119 189 289 172 74 92 21 65 56 34 60 55 110 118 67 99 62 41 18 90 52 11 0 30 2 4 58 102 43 60 32 1 13 18 20 60 60 20 19 66 69 62 164 190 128 24 7 16 8 70 12 38 6 0 185 360 346 250 223 105 169 207 214
135 133 153 115 43 128 56 107 13 27 55 123 234 72 77 32 182 121 18 6 68 209 144 98 3 79 94 99 89 78 85 135 94 143 85 49 81 18 13 165 248 57 10 72 118 12 82 53 3 0 4 14 50 50 80 107 6 0 1 9 18 50 34 47 62 36 65 169 107 152 89 69 44 41 40 89 57 79 223 213 267 303 164 98 10 15 96 86
79 76 71 42 20 72 112 170 82 136 187 137 119 71 54 72 172 89 4 77 145 171 120 119 77 48 93 243 225 254 172 132 152 178 79 29 11 13 35 16 73 31 151 30 8 95 28 3 42 33 11 12 13 2 115 185 55 39 54 12 59 60 90 137 142 34 33 96 30 28 36 22 23 26 27 89 276 131 16 2 12 93 153 151 241 209 106 72
11 14 111 89 108 124 47 53 41 169 162 142 73 98 67 71 186 73 73 73 90 97 147 141 104 124 96 212 147 137 168 58 53 71 53 100 27 3 106 123 80 4 27 10 8 2 20 81 16 30 35 0 9 14 5 0 0 0 8 16 71 109 101 44 32 196 95 46 20 33 21 6 13 33 12 55 121 56 30 7 11 45 13 0 3 78 84 57
43 44 18 23 0 24 0 0 42 25 71 222 288 171 30 86 121 146 139 76 58 95 74 79 101 110 51 144 125 145 78 105 104 75 27 35 19 7 17 33 59 39 60 74 23 23 32 20 82 32 12 5 9 0 14 13 39 8 72 134 57 45 84 55 132 56 172 57 44 36 33 51 24 1 16 32 33 110 95 33 66 116 136 78 31 218 8 100
64 94 25 34 11 9 8 0 0 36 55 130 148 117 91 66 75 69 45 66 27 50 109 43 45 98 93 119 95 123 144 111 125 74 62 114 87 81 38 16 55 39 39 22 14 34 30 45 14 22 32 57 20 74 72 30 39 43 12 63 61 47 58 50 26 33 176 86 42 20 27 70 15 100 42 134 109 78 73 94 264 293 302 136 89 116 187 226
159 101 147 289 194 115 11 0 0 3 1 126 223 228 62 24 116 29 66 68 65 106 103 87 75 44 104 208 128 87 130 69 91 27 70 71 49 37 28 39 22 35 32 81 54 8 6 6 0 7 47 55 47 56 4 24 75 98 31 29 26 8 15 2 70 117 84 134 35 16 52 51 30 39 29 66 21 44 94 90 298 156 155 204 188 136 98 87
128 166 132 275 287 246 82 0 0 6 0 11 71 125 237 97 69 72 94 171 137 112 75 105 111 187 211 212 223 119 113 90 104 37 84 61 77 109 87 63 100 157 102 98 56 63 47 64 78 29 42 46 43 111 97 37 4 87 173 119 46 84 76 67 59 79 262 128 63 113 67 40 67 63 33 173 125 190 243 131 216 181 265 158 146 129 123 79
63 113 59 117 82 1 50 5 1 12 3 17 0 4 30 95 129 30 19 72 138 247 202 151 96 126 120 125 104 132 95 60 120 140 124 116 38 124 116 40 97 263 143 223 100 80 35 73 90 52 88 26 96 117 47 8 100 149 107 57 90 141 39 53 9 79 112 99 1 102 70 6 46 98 66 29 81 86 192 274 173 200 179 205 226 138 25 215
41 12 2 29 23 66 101 16 2 2 0 5 23 31 47 83 19 0 1 55 130 199 144 81 98 116 140 86 101 143 68 53 63 6 43 94 72 83 126 92 17 52 96 68 68 82 30 61 22 40 117 81 13 60 150 39 105 135 87 151 159 351 242 74 32 38 92 67 72 98 30 0 1 20 24 27 25 19 58 52 125 154 84 132 28 45 123 185
140 15 33 5 9 22 0 8 0 0 6 1 36 14 56 14 20 42 6 35 73 74 49 139 183 88 39 30 33 83 84 73 70 95 99 2 1 12 6 8 2 57 125 99 53 79 55 22 65 58 87 87 139 116 123 68 48 180 222 182 112 277 315 250 210 265 105 43 69 83 46 16 1 18 35 6 46 29 33 27 46 201 207 126 40 50 109 60
245 97 5 3 72 116 45 142 145 137 58 0 0 30 16 6 62 32 44 93 77 74 228 233 192 145 66 40 130 229 169 123 83 161 106 39 12 2 71 2 0 2 78 200 165 287 195 143 72 54 28 111 82 51 67 166 117 158 194 139 66 156 119 140 74 45 89 118 77 71 82 40 1 7 5 0 27 30 14 4 11 139 77 46 47 148 21 5
210 201 71 236 114 202 231 184 170 102 78 83 8 42 58 117 136 139 106 224 256 73 176 205 138 160 128 213 137 253 225 220 221 160 114 220 222 78 48 3 42 12 13 23 72 118 205 192 179 119 214 245 33 92 157 67 180 143 122 103 86 42 151 246 112 72 0 0 2 124 147 137 60 15 12 9 50 0 0 0 0 3 1 0 1 24 16 2
228 170 213 231 156 269 285 237 179 118 113 84 126 173 160 133 135 225 267 189 83 141 181 76 139 174 136 181 95 142 107 103 162 207 175 97 102 163 64 16 20 43 4 138 140 80 180 171 187 92 126 138 116 88 113 99 85 71 25 8 20 56 34 80 103 197 91 20 46 89 114 140 125 152 132 126 264 128 13 9 29 0 16 9 41 23 9 5
67 89 135 141 180 264 213 245 173 54 79 220 88 104 170 197 303 180 41 0 15 16 16 28 83 160 18 37 94 62 45 134 98 68 69 211 179 38 162 199 19 18 18 2 19 45 35 86 135 69 116 106 34 108 187 149 39 15 33 27 41 29 15 15 27 77 26 167 220 97 110 185 74 96 54 86 114 172 108 34 11 10 41 76 26 0 1 8
97 137 217 117 126 154 199 306 122 64 109 205 134 168 191 232 175 120 27 90 117 127 16 6 19 14 100 64 51 60 20 27 5 57 54 47 193 169 130 211 273 183 152 104 18 0 6 110 358 163 94 91 118 111 138 141 40 18 14 2 0 2 10 16 50 46 90 204 79 90 103 137 66 97 251 171 90 206 252 151 127 154 169 155 172 28 45 107
106 160 195 56 123 167 97 106 127 124 118 150 59 162 170 168 115 158 167 105 170 295 179 20 20 5 57 42 18 66 88 70 29 85 190 75 90 96 102 198 281 171 189 203 31 0 0 21 117 134 195 228 173 115 142 134 47 21 2 52 133 69 161 12 57 135 23 81 96 48 17 53 44 21 103 157 194 160 207 252 150 30 99 33 100 195 113 170
110 291 168 162 122 233 173 122 96 154 202 175 144 109 142 204 178 146 224 100 257 173 108 130 198 126 191 211 57 44 37 123 129 45 33 15 164 81 209 103 139 136 145 129 62 77 96 52 49 23 47 51 14 50 61 76 49 56 65 28 64 73 53 32 85 44 58 48 46 40 48 72 54 70 2 24 32 80 59 152 151 66 12 9 32 13 12 10
159 241 187 194 99 256 308 138 178 230 148 93 202 180 137 237 180 114 113 177 179 147 166 249 182 45 64 153 98 184 160 76 179 157 125 71 82 114 213 162 79 87 160 204 152 69 17 9 71 27 84 290 197 258 326 309 277 266 228 163 150 146 154 73 25 18 44 17 130 114 51 186 292 267 100 5 26 15 54 2 43 15 7 1 7 2 2 2
46 168 172 114 152 164 306 348 210 202 240 239 266 285 157 88 125 97 145 134 149 76 104 173 43 53 40 148 83 183 100 76 48 90 102 129 150 145 193 160 41 9 121 159 66 30 127 174 197 294 276 333 261 286 307 233 259 169 263 370 251 129 207 194 234 273 253 160 116 102 9 212 323 367 197 52 58 0 2 4 21 0 50 3 3 0 0 0
