Land_cover_rasters/CL_open_shrublands_16.asc
NCOLS 642 
NROWS 378 
XLLCORNER -19.0000644 
YLLCORNER 18.9999684 
CELLSIZE 0.1666666 
NODATA_value -2147483647 
[rows 246 to 286 of 378, columns 465 to 557 of 642]
8 56 121 268 226 328 395 392 325 273 351 220 22 73 63 181 188 158 241 314 199 157 3 0 27 70 11 37 154 192 196 196 74 75 51 81 142 176 370 381 395 400 400 397 310 131 152 185 79 44 0 0 27 191 263 157 55 50 0 0 0 6 0 0 0 0 3 2 0 0 2 0 0 7 66 53 6 2 1 0 0 0 0 0 0 0 0 0 0 0 0 0 0
1 30 111 209 306 343 395 387 345 228 215 346 35 107 28 179 163 96 75 293 190 223 58 0 9 34 2 0 9 27 109 232 247 273 103 104 114 359 399 398 398 400 400 400 389 396 376 359 382 331 250 171 70 0 15 214 106 0 0 0 0 0 0 0 0 6 0 0 1 0 0 0 2 17 0 0 0 1 1 0 0 0 0 0 0 0 0 0 0 0 0 0 0
30 70 205 271 283 365 395 324 304 308 211 337 119 74 62 86 184 120 231 153 73 195 107 1 0 4 1 0 65 25 0 2 28 21 34 122 207 395 396 396 375 391 390 360 380 350 374 345 151 243 271 305 340 67 27 190 0 0 0 0 0 0 0 0 0 6 1 1 0 0 6 23 9 0 0 0 0 0 0 0 0 0 0 0 0 0 0 0 0 0 0 0 0
25 138 202 244 376 397 398 393 348 95 137 314 242 229 123 123 175 181 318 188 54 15 160 91 0 0 0 0 86 242 115 38 0 0 37 158 317 339 314 390 391 400 358 372 308 395 336 345 224 244 231 341 389 371 246 41 0 0 0 0 0 0 0 0 0 0 41 0 15 27 14 1 3 0 0 0 0 1 1 1 1 2 0 0 0 0 0 0 0 0 1 0 1
30 30 62 75 256 369 399 399 368 275 267 348 344 267 287 320 279 196 93 52 38 28 0 107 0 14 0 0 0 3 16 71 22 11 231 232 203 191 233 267 114 264 361 397 385 382 373 389 360 305 268 269 230 322 329 36 0 0 0 0 0 0 0 0 3 3 4 0 21 2 0 22 17 18 9 0 2 0 1 0 2 0 0 0 0 0 0 8 2 3 6 1 0
0 16 0 19 43 84 352 387 341 350 361 396 367 242 256 254 233 160 88 95 164 22 4 115 0 7 0 0 0 9 0 0 15 213 13 0 0 2 289 272 263 170 92 42 49 111 198 215 139 161 280 202 140 76 145 142 3 0 0 0 36 11 25 64 48 2 0 42 9 13 3 1 16 4 4 3 2 1 0 0 2 0 0 0 0 1 0 0 5 0 2 3 0
0 0 0 0 0 31 229 354 393 330 351 381 392 345 278 235 208 297 125 49 203 44 4 48 59 7 0 0 5 3 0 0 9 96 0 0 41 171 103 272 383 390 379 205 110 109 22 8 0 0 0 160 226 140 1 16 7 53 22 20 5 2 3 1 27 24 14 15 14 0 1 0 9 5 0 2 0 0 0 0 0 0 0 0 0 0 0 0 0 0 0 0 0
0 0 0 0 0 10 81 249 386 336 247 389 400 369 253 150 242 192 173 160 317 222 16 37 62 29 1 0 9 41 5 43 178 55 51 14 90 110 144 356 342 387 399 400 400 382 294 127 0 1 1 14 0 3 0 0 0 0 0 0 0 0 0 0 0 0 2 0 0 0 0 7 5 0 0 0 0 0 0 0 0 0 0 0 0 0 0 0 0 0 0 0 0
1 0 5 0 9 27 69 43 46 94 110 209 245 228 281 64 126 48 89 96 132 117 9 3 0 7 76 31 0 0 45 24 88 109 131 65 157 143 97 302 391 398 395 325 362 390 378 234 124 214 73 0 0 0 0 0 0 0 0 0 0 0 0 1 0 0 1 0 0 0 1 0 0 0 11 16 4 0 0 0 0 0 0 0 0 0 0 0 0 0 0 0 0
0 0 0 0 0 0 0 17 53 62 57 29 43 95 168 101 69 27 25 3 2 1 0 0 0 0 58 18 7 7 24 23 40 29 55 60 79 236 250 307 390 398 387 325 376 385 349 323 335 120 104 4 2 0 0 0 0 0 0 0 0 0 1 1 0 1 0 1 2 7 0 0 0 0 0 0 0 0 0 0 0 0 0 0 0 4 11 6 0 0 15 2 0
0 0 0 0 0 0 0 0 0 7 17 13 38 2 6 85 22 14 81 2 5 2 5 0 1 0 8 23 7 16 16 59 72 6 19 77 162 283 263 348 361 385 317 169 381 232 148 152 132 44 5 1 0 0 0 0 0 0 0 0 0 0 0 0 0 0 0 0 0 3 0 0 0 0 0 0 0 0 0 0 0 0 0 0 0 0 1 0 0 0 0 0 0
0 0 0 0 0 0 0 0 0 6 11 56 53 24 0 26 6 2 21 14 22 5 1 0 0 82 23 3 5 33 11 8 4 46 16 107 99 167 263 364 219 102 39 47 346 300 298 143 11 0 0 2 0 0 0 0 0 0 0 0 0 0 0 0 0 0 0 0 0 0 0 0 0 1 0 0 1 0 0 0 0 0 0 0 0 0 0 0 0 0 0 0 0
0 0 0 0 0 0 0 0 0 0 17 141 28 1 0 0 0 7 0 4 22 4 1 17 3 0 0 0 0 9 54 45 72 116 160 154 92 214 364 339 99 22 4 19 231 241 48 20 21 8 1 5 0 0 0 0 0 0 0 0 0 0 0 0 0 0 0 0 0 0 0 2 0 0 0 0 0 0 0 0 0 0 0 0 0 0 0 0 0 0 0 0 0
1 0 0 0 0 72 11 52 120 0 0 95 176 33 37 118 100 31 0 7 4 26 60 83 0 0 0 0 3 0 1 6 59 194 132 176 113 306 372 384 197 25 58 19 193 340 52 329 257 46 1 0 0 0 0 4 1 0 1 0 0 0 0 0 0 0 0 0 0 0 0 0 3 0 1 0 0 0 0 0 0 0 0 0 0 0 0 0 0 0 0 0 0
10 0 0 0 0 0 0 5 142 4 0 0 2 4 0 45 141 209 54 10 0 0 4 10 0 0 0 1 21 4 79 93 54 103 164 97 253 375 365 392 398 355 109 74 362 365 197 364 279 125 13 0 0 0 0 24 10 3 0 10 0 0 3 1 4 0 0 0 0 0 0 0 0 0 0 0 0 0 0 1 0 0 0 0 0 0 0 0 0 0 0 0 0
0 0 5 0 0 4 19 20 50 102 0 0 10 16 17 5 204 265 237 74 48 2 65 164 141 27 62 16 128 283 264 210 105 204 239 64 89 302 373 374 378 367 240 397 400 400 396 369 263 99 47 39 1 0 5 96 0 17 136 73 87 3 22 19 7 5 9 0 0 0 0 0 0 7 0 4 4 1 4 0 0 0 0 0 0 0 0 0 0 0 0 0 0
3 1 57 16 0 11 51 108 289 310 122 32 59 19 142 166 174 137 244 185 81 14 50 159 175 199 101 159 373 377 374 350 359 305 194 77 61 171 308 397 398 391 390 400 400 400 384 357 320 150 191 128 71 142 98 39 12 170 329 218 40 51 2 128 0 2 4 0 0 0 0 0 2 0 1 0 0 1 2 2 0 0 0 0 0 0 0 0 0 0 0 0 0
117 1 121 102 68 3 64 173 275 233 315 241 60 68 120 103 279 217 260 255 294 220 20 198 63 187 242 330 386 392 400 398 371 190 26 46 32 189 174 234 342 397 353 397 400 400 400 395 367 314 256 236 92 125 156 0 191 307 325 348 248 199 81 205 111 7 15 7 25 0 0 10 0 0 0 0 0 2 0 0 0 0 0 0 0 0 0 0 0 0 0 0 0
203 81 54 107 106 126 93 194 258 340 350 316 232 69 115 251 188 357 317 330 180 45 183 245 224 320 376 358 263 244 352 383 388 343 292 225 292 386 316 210 267 361 325 395 388 398 397 400 313 334 350 342 163 216 215 111 391 289 390 344 323 15 222 382 339 155 28 29 2 8 14 0 0 0 0 0 0 0 0 0 0 0 0 0 0 0 0 0 0 0 0 0 0
374 322 235 109 209 244 158 240 344 372 303 271 362 164 202 287 305 333 187 57 78 38 166 367 348 286 227 241 193 296 393 389 275 346 301 209 258 260 343 341 194 186 299 271 261 381 385 400 320 364 349 180 22 131 83 383 400 356 399 393 236 2 237 396 400 305 53 21 7 0 4 0 0 0 0 0 0 0 0 0 0 0 0 0 0 0 0 0 0 0 0 0 0
150 253 227 267 368 257 279 165 243 369 111 37 270 343 310 316 376 379 358 130 106 32 23 206 366 371 244 226 96 145 200 307 233 206 320 323 387 343 229 337 367 341 192 180 166 339 210 383 345 268 98 7 84 92 119 291 398 256 396 256 81 174 315 398 393 28 49 45 112 9 0 0 0 0 0 0 0 0 0 0 0 0 0 0 0 0 0 0 0 0 0 0 0
106 251 239 172 254 327 337 307 266 201 273 157 124 113 89 91 313 338 302 344 183 139 51 193 364 389 386 396 397 372 261 280 208 260 116 212 253 308 148 89 166 256 277 16 44 91 211 131 84 65 13 17 140 191 101 315 372 203 223 236 91 273 366 372 305 28 49 101 17 0 1 0 0 0 0 0 0 0 0 0 0 0 0 0 0 0 0 0 0 0 0 0 0
152 129 184 200 296 370 400 399 336 292 331 350 231 4 33 15 134 160 276 345 362 213 262 294 272 381 398 400 400 399 390 348 341 253 210 278 261 275 202 69 115 55 87 9 0 0 14 35 66 22 0 9 91 114 47 174 350 111 267 370 369 71 40 27 326 182 90 9 0 0 1 0 0 0 0 0 0 0 0 0 0 0 0 0 0 0 0 0 0 0 0 0 0
152 187 130 101 159 296 301 342 385 397 372 358 270 121 214 283 253 231 355 378 355 382 399 395 382 400 400 400 400 400 400 397 400 375 397 398 289 295 6 72 101 0 0 0 44 182 83 2 14 44 13 0 3 0 0 65 309 238 270 195 54 228 314 150 99 61 26 7 0 1 1 0 0 0 0 0 0 0 0 0 0 0 0 0 0 0 0 0 0 0 0 0 0
221 162 254 186 113 81 131 257 309 364 394 372 368 304 400 354 329 368 389 397 390 390 393 397 385 400 398 400 400 400 400 400 400 400 399 400 400 329 125 237 157 34 146 124 22 269 310 17 85 280 163 87 2 0 0 0 26 87 33 72 112 194 397 386 223 61 18 1 0 0 3 0 0 0 0 0 0 0 0 0 0 0 0 0 0 0 0 0 0 0 0 0 0
207 292 190 141 314 258 319 292 307 366 383 377 348 375 400 389 370 397 398 397 392 396 398 378 368 398 400 400 400 400 400 400 398 400 399 400 396 352 355 202 150 213 135 336 252 144 115 231 191 70 38 105 26 93 118 56 12 81 47 241 293 76 61 137 90 38 15 2 0 1 0 0 0 0 0 0 0 0 0 0 0 0 0 0 0 0 0 0 0 0 0 0 0
217 84 195 160 80 265 338 392 393 371 390 399 395 374 342 287 370 400 397 400 399 392 400 283 377 400 400 398 400 400 400 400 400 400 400 398 400 400 393 400 397 386 388 299 321 355 366 371 340 285 250 318 370 385 265 371 375 350 384 387 400 363 91 39 59 8 3 3 0 0 0 0 0 0 0 0 0 0 0 0 0 0 0 0 0 0 0 0 0 1 0 1 24
219 127 71 131 99 90 222 384 399 393 387 399 397 377 263 331 388 398 399 390 370 394 397 397 320 400 400 400 400 400 400 400 400 400 400 400 400 399 399 400 400 400 400 400 400 400 393 400 367 225 230 319 337 380 370 370 351 366 383 400 400 337 228 89 18 8 5 0 0 0 0 0 0 0 0 0 0 0 0 0 0 0 0 0 0 0 0 0 0 1 0 11 2
205 163 96 50 158 74 151 252 397 386 394 378 392 392 324 385 399 400 400 398 396 400 400 399 374 397 400 400 399 383 400 400 400 400 400 400 400 398 376 400 400 393 400 391 336 376 392 390 394 364 305 347 363 333 396 360 317 353 370 359 371 82 121 45 15 0 0 0 0 0 0 0 0 0 0 0 0 0 0 0 0 2 2 6 0 0 0 0 4 64 62 103 16
298 352 273 280 155 106 304 363 397 363 371 337 239 354 349 343 400 400 400 400 376 399 399 400 400 383 398 393 385 390 400 400 400 400 400 398 380 353 335 383 369 309 368 334 362 345 225 274 270 286 267 315 299 150 248 328 348 327 119 149 189 91 68 25 0 0 0 0 0 0 0 0 0 0 0 0 0 0 0 0 0 10 0 0 0 0 0 0 0 0 0 20 133
299 226 340 334 373 307 372 399 285 349 377 382 388 392 394 386 395 400 400 400 400 400 400 400 400 376 308 382 400 400 400 400 400 400 395 294 230 225 254 196 229 303 236 124 244 222 74 55 87 257 169 96 126 139 67 69 228 144 36 66 52 117 34 10 3 0 0 0 0 0 0 0 0 0 0 0 0 0 0 0 13 0 0 0 0 0 0 0 0 0 0 0 0
339 282 327 224 155 38 105 300 371 245 237 270 351 386 395 351 375 400 400 397 382 400 400 400 398 400 400 337 391 400 400 397 366 311 232 292 302 241 201 148 210 209 7 17 34 37 13 76 79 30 76 100 115 72 28 137 190 33 0 74 72 28 48 2 1 0 0 0 0 0 0 0 0 0 0 0 0 0 0 19 1 0 0 0 0 0 0 0 0 9 11 16 14
113 156 232 239 211 135 87 110 315 213 302 311 375 350 376 387 380 396 400 400 400 400 400 397 398 400 400 400 400 396 400 364 324 220 252 120 110 90 67 171 193 63 38 0 0 3 1 0 2 0 3 4 6 0 0 0 7 0 0 16 12 2 14 2 0 0 0 0 0 0 0 0 0 0 0 0 7 1 0 31 7 0 0 0 0 0 4 0 14 98 194 215 283
224 174 153 243 230 228 284 275 219 232 266 260 366 341 383 313 392 396 399 398 369 392 400 397 400 400 400 399 391 344 343 283 214 170 15 39 38 28 5 0 0 0 1 0 0 0 0 0 0 0 0 0 0 0 0 40 23 24 40 3 0 1 0 0 0 0 0 0 0 0 0 0 0 0 2 0 1 0 50 45 0 0 0 0 0 1 2 20 80 0 6 78 195
127 184 263 344 293 187 277 383 356 294 266 393 382 214 358 376 396 400 389 398 392 360 353 400 400 400 399 397 400 359 350 302 227 182 186 133 168 129 39 1 0 0 0 0 0 0 0 0 0 0 0 0 0 0 5 13 60 9 0 0 0 0 0 0 0 1 0 0 0 3 70 26 0 6 0 4 0 61 97 1 9 0 0 0 0 0 3 7 57 0 0 0 3
168 192 122 127 189 271 333 312 343 397 377 388 400 308 372 398 400 400 386 396 398 370 356 389 400 400 400 319 179 282 366 386 302 211 197 82 79 58 13 60 0 0 0 0 0 0 0 0 0 0 0 0 0 0 0 0 0 0 0 0 0 3 3 1 14 64 15 3 14 9 67 161 51 52 78 7 66 137 1 31 61 86 0 1 0 9 26 17 0 1 0 0 0
64 76 15 5 26 19 93 271 346 373 384 399 386 388 392 398 397 400 398 397 387 369 356 351 365 357 386 322 194 255 153 195 313 194 155 26 0 0 0 0 1 4 0 0 0 0 0 0 0 0 0 0 0 0 0 1 0 0 0 0 1 5 0 27 126 161 90 77 29 258 150 258 83 73 130 213 233 51 116 93 179 133 17 14 0 0 22 2 0 1 2 0 0
25 0 4 0 95 31 4 44 230 365 376 376 399 326 369 371 291 400 400 399 377 389 386 375 337 364 376 377 271 214 155 127 119 32 6 4 3 0 0 0 0 0 0 0 0 0 0 0 0 0 0 0 0 0 0 0 0 0 0 0 0 0 0 50 286 88 228 250 252 313 317 236 130 127 212 291 237 148 145 189 137 45 36 5 0 0 3 4 0 0 1 0 0
39 22 20 0 100 117 0 9 277 328 400 320 341 207 351 332 394 399 400 400 400 400 392 389 343 339 210 51 20 70 58 11 20 1 0 0 0 0 1 2 2 3 0 0 0 0 0 0 0 0 0 0 0 0 0 0 0 0 0 0 0 0 22 127 279 273 250 319 377 338 250 382 330 359 311 309 201 254 264 105 40 12 36 1 0 0 0 0 0 0 0 0 0
48 48 54 95 57 14 92 71 49 259 252 179 324 382 400 372 380 348 372 367 353 299 322 392 311 239 85 165 143 63 10 13 17 0 0 0 0 0 5 8 7 3 0 0 0 0 0 0 0 0 0 0 0 0 0 0 0 0 0 0 0 8 47 162 190 308 285 367 364 357 322 308 201 308 367 399 365 313 219 24 0 0 0 0 0 1 0 8 3 1 0 3 0
39 12 73 104 62 34 86 287 9 14 54 175 174 195 271 384 397 394 397 394 395 126 144 216 219 290 217 134 38 1 1 0 0 0 0 0 0 0 0 0 0 0 0 0 0 0 0 0 0 0 0 0 0 0 0 0 0 0 0 3 0 56 33 168 246 157 174 317 331 354 319 359 366 209 277 318 380 324 67 0 0 0 0 0 0 10 0 2 0 0 0 0 0
