Land_cover_rasters/CL_open_shrublands_16.asc
NCOLS 642 
NROWS 378 
XLLCORNER -19.0000644 
YLLCORNER 18.9999684 
CELLSIZE 0.1666666 
NODATA_value -2147483647 
[rows 287 to 327 of 378, columns 465 to 557 of 642]
91 244 57 100 333 109 36 163 7 2 48 55 7 32 191 170 385 384 351 400 400 400 392 263 155 62 12 1 2 1 0 0 0 0 0 0 0 0 2 0 0 0 0 0 0 0 0 0 0 0 0 0 0 0 0 0 2 0 0 7 42 90 197 218 233 120 213 154 126 214 302 315 319 348 372 258 297 169 3 3 20 3 6 7 4 2 3 0 0 0 0 0 0
216 294 176 60 337 264 229 258 14 133 154 100 4 143 90 109 283 384 398 400 400 368 363 312 108 73 3 1 65 98 28 3 2 0 0 0 0 0 1 0 0 0 0 0 0 0 0 0 0 0 0 0 0 0 0 0 7 0 2 10 16 57 100 303 240 103 287 282 327 255 138 90 32 70 221 274 273 189 8 156 207 12 2 12 0 0 0 0 0 0 0 0 0
84 251 362 255 283 316 177 182 249 39 138 116 15 49 3 0 9 80 286 400 393 392 400 251 249 134 48 42 98 34 3 1 20 3 4 0 1 0 4 0 0 6 0 1 0 16 74 0 99 131 7 0 0 0 0 0 0 0 25 29 61 26 102 261 269 311 249 323 263 354 333 291 76 20 25 114 236 257 113 245 249 122 82 45 0 0 0 0 2 1 3 0 1
87 58 184 250 303 284 315 215 290 39 45 89 34 23 1 0 0 143 373 385 375 400 340 299 242 266 196 11 6 57 120 44 41 58 109 15 14 0 5 15 3 1 69 60 7 56 76 136 126 1 0 0 3 0 0 0 6 19 26 33 134 211 177 282 321 217 172 297 354 365 379 340 285 253 172 260 331 205 284 386 311 137 64 5 0 2 2 14 0 1 5 0 0
0 1 28 192 342 396 327 141 165 260 216 8 1 29 9 16 128 203 397 265 245 250 194 138 301 360 247 170 290 291 189 85 114 118 149 8 6 94 98 12 12 89 158 154 62 106 201 133 33 13 7 0 1 0 0 0 2 37 28 8 12 189 225 279 234 291 338 353 320 241 400 393 343 218 336 369 324 293 299 368 350 262 80 24 22 16 0 14 1 0 0 0 0
5 30 85 72 189 384 333 281 236 278 187 72 42 5 3 50 159 111 183 241 154 79 165 241 337 369 123 232 178 175 182 244 279 360 277 68 41 29 55 175 217 205 350 272 314 226 375 125 4 15 4 1 0 3 54 57 88 97 6 3 93 124 148 328 252 297 340 315 272 387 400 397 394 363 395 337 332 384 380 324 246 351 184 65 30 4 6 0 0 0 0 0 0
21 150 131 11 149 320 203 31 34 46 80 30 23 0 0 0 44 50 48 273 257 112 201 215 138 336 270 251 214 204 260 250 287 225 170 190 136 220 306 334 357 342 345 382 259 325 289 108 48 193 16 1 76 42 50 27 26 0 0 151 205 211 313 245 247 261 283 352 400 400 400 399 342 356 400 400 336 374 385 359 250 191 188 36 0 0 67 13 4 0 3 7 0
1 29 30 37 37 33 9 14 14 3 27 38 9 0 0 1 20 12 48 155 157 297 190 81 101 99 39 128 209 110 239 295 234 192 234 202 301 357 375 395 390 362 369 382 345 351 368 248 287 237 14 131 215 59 27 29 31 65 118 198 79 258 210 306 383 381 390 319 371 392 347 382 61 127 331 391 230 64 195 358 244 99 127 22 1 3 42 3 8 2 0 0 0
0 0 2 10 46 9 7 136 32 0 25 17 4 0 0 1 4 55 88 53 114 141 5 0 11 5 17 21 32 25 272 284 245 135 190 277 343 256 314 390 391 392 356 393 327 383 361 367 182 113 98 187 210 154 12 1 13 0 99 22 189 167 286 373 354 302 323 193 382 400 400 390 267 104 345 397 132 15 55 114 70 279 242 111 39 2 3 12 32 27 1 0 0
0 0 0 1 18 7 63 15 22 35 0 43 64 0 13 20 47 31 6 0 0 8 0 17 21 23 11 94 126 226 205 283 273 304 332 216 180 123 251 280 386 212 331 320 322 399 331 226 343 359 367 337 181 23 8 5 0 0 2 13 84 199 255 360 393 232 253 145 377 400 400 400 348 340 343 396 297 29 43 71 106 80 43 63 89 43 57 15 2 0 0 0 0
0 0 0 2 11 1 9 19 17 0 0 6 11 46 2 2 0 1 7 4 17 2 0 5 10 105 95 98 16 82 26 101 185 208 203 82 28 58 23 95 241 393 209 191 364 386 343 371 388 387 375 211 39 155 68 9 1 10 25 100 107 269 297 381 386 323 364 359 400 400 400 398 397 398 397 399 262 42 80 109 49 40 5 45 130 78 1 0 0 0 0 1 5
0 0 0 0 1 0 0 7 11 8 13 0 0 5 0 0 0 1 0 10 0 0 0 0 2 6 0 0 0 0 4 0 2 9 12 43 29 73 60 202 225 327 305 334 387 392 400 384 362 164 53 34 155 173 11 19 19 14 17 142 316 373 368 383 389 345 270 258 400 389 354 276 400 392 389 255 22 8 148 98 25 18 14 21 0 0 0 0 0 9 8 0 0
0 0 0 0 0 0 0 0 1 0 43 2 0 0 0 0 0 0 0 0 0 0 0 0 0 0 0 0 0 0 0 0 0 0 6 3 0 34 38 95 79 310 51 105 306 366 393 357 185 37 12 97 192 66 6 31 86 131 198 181 364 362 347 390 352 142 157 258 399 359 286 328 341 389 164 71 186 131 120 175 256 194 172 1 5 9 0 0 31 9 0 0 0
0 0 0 0 0 0 1 0 0 0 0 4 0 0 0 1 4 0 0 0 0 0 0 0 0 0 0 0 0 0 0 0 0 0 0 0 1 19 107 175 286 130 106 159 117 105 139 69 91 117 95 190 37 28 68 31 46 150 210 102 260 300 365 395 361 322 142 328 400 400 400 398 326 279 54 87 144 357 367 354 374 386 158 5 0 14 0 16 3 0 0 0 0
0 0 0 0 0 0 0 2 0 5 0 0 0 0 0 0 0 0 0 0 0 0 0 0 0 0 0 0 0 0 0 0 0 0 4 10 17 2 11 37 84 158 95 54 49 57 94 250 171 45 217 63 67 31 62 7 34 55 133 73 115 267 375 369 341 269 124 320 383 400 395 378 377 65 26 62 16 188 400 400 400 397 62 10 12 19 18 8 0 0 0 0 0
0 0 0 0 0 0 0 0 0 0 0 0 0 0 0 0 0 0 0 0 0 0 0 0 0 0 0 0 0 0 0 0 0 0 0 10 2 0 0 9 4 1 28 33 0 5 23 14 52 126 272 147 161 51 49 22 5 97 159 50 90 272 363 366 386 277 235 393 362 398 399 370 269 14 67 22 37 357 400 400 400 310 0 8 13 0 0 2 0 0 0 0 0
0 0 0 0 0 0 0 3 0 0 0 0 0 0 0 0 0 22 0 0 0 0 0 0 0 0 0 0 0 0 0 0 0 0 0 9 0 0 0 0 1 1 0 1 0 18 10 109 6 230 280 110 63 14 48 58 58 70 81 14 99 254 359 397 397 238 357 394 400 400 400 400 279 77 3 9 129 370 388 400 400 215 13 3 0 0 0 1 0 0 0 0 0
0 0 0 0 0 0 0 0 0 14 0 0 0 0 0 0 0 3 0 4 7 0 0 0 0 0 0 0 0 0 0 0 0 0 2 0 0 0 0 0 0 0 0 0 0 40 42 62 83 380 187 85 5 22 5 27 34 30 40 104 195 263 322 344 393 290 389 400 387 400 400 396 266 94 1 8 27 392 400 400 400 105 4 0 0 0 0 0 0 0 0 0 0
0 0 0 0 0 0 0 0 0 0 0 0 0 0 0 0 0 0 0 0 0 0 0 0 0 0 0 0 0 0 0 0 0 0 0 0 0 0 0 0 0 0 0 2 0 55 12 0 60 150 12 0 1 1 0 15 68 126 210 150 167 278 356 366 285 383 399 400 400 400 400 387 226 63 1 0 27 382 400 400 278 28 0 0 0 0 0 0 0 0 0 0 1
0 0 0 0 0 0 0 0 0 0 0 0 0 0 0 0 0 0 0 0 0 0 0 0 0 0 0 0 0 0 0 0 0 0 0 0 0 0 0 0 0 0 0 0 0 0 4 0 33 16 101 180 219 89 133 158 187 218 240 312 235 300 186 217 388 396 400 399 400 399 394 400 258 48 25 0 66 205 400 358 29 21 3 3 0 0 0 0 0 0 0 0 6
0 0 0 0 0 0 0 0 0 0 0 0 0 0 0 0 0 0 0 0 0 0 0 0 0 0 0 0 0 0 0 0 0 0 0 0 0 0 0 0 0 0 0 0 0 0 1 31 30 1 51 62 122 227 246 97 22 112 147 88 64 142 287 385 396 395 400 399 400 400 397 400 309 92 0 0 3 66 395 82 28 4 4 0 0 0 0 0 0 0 0 0 0
0 0 0 0 0 0 0 0 0 0 0 0 0 0 0 0 0 0 0 0 0 0 0 0 0 0 0 0 0 0 0 0 1 0 0 0 0 0 0 0 0 0 0 0 0 0 23 59 4 0 3 135 281 365 379 363 367 361 400 400 397 399 382 360 393 400 400 400 394 400 400 400 295 37 5 0 3 172 171 5 0 10 0 0 0 0 0 0 0 0 0 0 0
0 0 0 0 0 0 0 0 0 0 0 0 0 0 0 0 0 0 0 0 0 0 0 0 0 0 0 0 0 0 0 0 0 0 0 0 0 0 0 0 0 0 0 0 0 1 79 49 0 8 29 260 374 395 388 388 315 237 122 224 253 210 218 398 390 400 400 400 372 400 400 400 307 31 19 0 125 301 22 0 0 0 0 0 0 0 0 0 0 0 0 0 0
0 0 0 0 0 0 0 0 0 0 0 0 0 0 0 0 0 0 0 0 0 0 0 0 0 0 0 0 0 0 0 0 0 0 0 0 0 0 0 0 0 0 0 0 0 0 0 2 22 240 115 237 364 397 382 365 284 290 200 169 84 208 292 384 400 400 367 290 329 399 400 400 223 77 0 51 163 51 15 0 0 0 0 0 0 0 0 0 0 0 0 0 0
0 0 0 0 0 0 0 0 0 0 0 0 0 0 0 0 0 0 0 0 0 0 0 0 0 0 0 0 0 0 0 0 0 0 0 0 0 0 0 0 0 0 0 0 0 0 0 0 40 215 293 334 373 387 400 400 389 361 383 398 260 268 372 375 399 400 375 269 313 400 400 385 81 22 1 124 67 4 4 0 0 0 0 0 0 0 0 0 0 2 5 0 0
0 0 0 0 0 0 0 0 0 0 0 0 0 0 0 0 0 0 0 0 0 0 0 0 0 0 0 0 0 0 0 0 0 0 0 0 0 0 0 0 0 0 0 0 0 0 0 0 74 57 134 223 399 360 384 361 364 393 391 369 318 319 369 371 367 290 347 384 394 400 397 366 26 32 6 16 12 0 0 0 0 0 0 0 0 0 0 0 5 11 0 0 5
0 0 0 0 0 0 0 0 0 0 0 0 0 0 0 0 0 0 0 0 0 0 0 0 0 0 0 0 0 0 0 0 0 0 0 0 0 0 0 0 0 0 0 0 0 0 3 1 199 136 206 290 400 123 303 342 383 373 342 360 366 329 333 331 377 355 388 400 400 400 361 200 0 39 0 4 0 0 0 0 0 0 0 3 3 0 3 0 0 0 0 0 0
0 0 0 0 0 0 0 0 0 0 0 0 0 0 0 0 0 0 0 0 0 0 0 0 0 0 0 0 0 0 0 0 0 0 0 21 8 0 0 0 0 0 0 0 0 0 0 61 179 150 296 363 342 165 215 128 252 235 313 367 363 375 398 395 397 398 400 400 400 308 254 20 0 51 0 1 4 0 0 0 0 4 55 44 37 16 8 0 5 27 2 4 2
0 0 0 0 0 0 0 0 0 2 0 0 0 5 0 0 0 0 0 0 0 0 0 0 0 0 0 0 0 0 1 0 0 0 0 10 6 0 0 0 0 0 0 0 0 0 0 221 103 171 302 389 316 315 146 60 45 67 120 269 291 227 358 366 255 325 349 392 388 222 156 2 5 16 9 4 0 0 0 40 102 131 2 9 42 30 10 9 6 24 36 17 46
0 0 0 0 0 0 0 0 0 3 0 0 0 1 1 0 0 0 0 0 0 0 0 0 0 0 0 0 0 2 6 0 0 0 0 0 0 0 0 0 0 0 0 0 0 0 26 193 199 111 179 179 261 280 72 108 87 53 66 260 200 156 116 149 54 87 246 212 187 21 48 28 1 23 7 0 0 0 8 44 110 28 4 11 13 18 21 46 65 54 129 247 360
0 0 0 0 0 0 0 0 0 0 0 0 0 0 0 0 0 0 0 0 0 0 0 0 0 1 0 0 0 0 0 0 0 0 0 0 0 0 0 0 0 0 0 0 0 0 180 83 89 275 182 103 306 266 14 219 78 101 7 140 254 188 81 34 29 29 163 121 45 0 108 17 9 10 0 17 0 0 0 2 13 2 30 10 0 4 181 91 61 254 333 330 396
32 28 4 0 0 0 0 0 0 0 0 0 0 0 0 0 0 0 0 0 0 0 0 0 0 0 0 0 0 0 0 0 0 0 0 0 0 0 0 0 0 0 0 0 0 4 116 57 66 125 137 290 328 184 27 141 59 0 34 62 73 79 112 15 63 50 126 34 0 35 10 20 8 0 0 44 12 14 7 0 0 0 0 0 18 51 69 186 258 383 400 395 399
4 0 2 0 0 0 0 0 0 0 2 0 0 1 29 21 9 0 0 0 0 0 0 0 0 0 0 0 0 0 0 0 0 0 0 0 0 0 0 0 0 0 0 0 0 65 71 24 67 87 96 355 352 78 0 50 10 12 7 9 30 12 0 0 3 0 0 0 74 33 19 0 0 1 2 16 6 0 0 0 0 0 0 104 69 89 211 379 335 383 400 399 368
8 0 0 0 0 0 0 0 0 0 0 0 0 11 167 148 137 0 0 0 0 0 0 0 0 0 0 0 0 0 0 0 0 0 0 0 0 0 0 0 0 0 0 0 0 27 20 64 295 134 276 400 251 86 0 34 26 72 44 18 102 41 0 3 1 0 1 0 20 9 0 1 1 52 21 0 0 5 0 0 0 0 24 82 103 126 225 321 220 358 318 184 358
281 22 0 1 0 0 0 0 0 0 0 0 3 0 0 5 0 0 0 0 0 0 0 0 0 0 0 0 0 0 0 0 0 0 0 0 0 0 0 0 0 0 0 0 0 11 25 160 142 186 367 398 260 111 13 17 0 0 5 39 70 69 18 55 6 0 2 39 0 0 1 7 11 0 0 13 0 0 0 0 0 0 12 15 63 198 253 330 180 158 347 337 309
84 100 60 0 0 4 0 0 0 0 0 0 27 9 0 2 1 0 0 0 0 0 0 0 0 0 0 0 0 0 0 0 0 0 0 0 0 0 0 0 0 0 0 0 12 17 259 326 399 400 398 400 398 136 29 118 0 7 24 38 31 14 25 21 29 34 43 3 4 6 4 47 2 2 3 0 0 0 0 0 0 0 18 3 156 269 224 283 262 295 299 387 400
0 0 28 65 7 71 0 0 57 122 0 4 0 30 0 0 0 0 0 0 0 0 0 0 0 0 0 0 0 0 0 0 0 0 0 0 0 0 0 0 0 0 0 0 214 56 237 208 269 346 398 397 400 225 17 36 88 55 22 43 19 13 28 15 12 3 0 8 12 17 115 5 10 30 0 0 1 0 13 33 0 3 174 204 198 40 95 304 329 368 353 223 337
0 0 0 0 0 0 21 16 25 81 3 0 24 7 2 2 0 0 0 0 0 0 0 0 0 0 0 0 0 0 0 0 0 0 0 0 0 0 0 0 0 0 0 0 108 254 216 350 314 366 395 400 399 363 114 86 136 57 3 10 12 1 13 4 1 0 0 48 29 36 0 0 29 3 48 110 40 48 114 0 9 10 266 278 61 0 39 208 333 334 230 138 102
6 0 0 0 0 33 27 8 3 1 0 0 7 2 0 26 99 0 0 0 0 0 0 0 0 0 0 0 0 0 0 0 0 0 0 0 0 0 0 0 0 0 0 3 94 199 109 296 371 254 360 397 386 385 173 240 23 12 10 14 36 55 54 6 13 96 58 34 0 0 0 0 0 5 120 27 0 3 0 0 94 184 115 71 19 79 155 376 379 374 329 340 272
0 0 0 0 0 0 0 0 0 0 0 0 0 5 4 4 30 45 0 0 0 0 0 0 0 0 0 0 0 0 0 0 0 0 0 0 0 0 0 0 0 0 0 0 4 212 213 360 383 400 397 400 391 367 213 88 1 3 50 69 1 19 5 32 37 107 62 0 0 0 0 0 12 0 0 0 0 0 0 45 92 67 65 23 73 136 249 361 386 350 337 336 358
0 0 0 0 0 0 0 0 0 0 0 0 0 20 2 0 0 77 15 0 0 0 0 0 0 0 0 0 0 0 0 0 0 0 0 0 0 0 0 0 0 0 0 74 170 230 253 227 374 400 400 389 396 317 178 82 0 2 71 6 5 15 12 166 0 0 0 0 0 0 0 49 52 61 174 200 125 77 36 57 1 25 41 21 173 225 275 393 377 397 375 207 209
