Land_cover_rasters/CL_open_shrublands_16.asc
NCOLS 642 
NROWS 378 
XLLCORNER -19.0000644 
YLLCORNER 18.9999684 
CELLSIZE 0.1666666 
NODATA_value -2147483647 
[rows 287 to 327 of 378, columns 372 to 464 of 642]
0 0 2 0 6 32 63 53 53 2 225 144 53 5 31 203 400 363 375 373 388 232 144 385 193 184 385 310 282 68 33 50 17 30 31 12 0 7 4 18 28 70 77 5 71 207 170 69 182 93 86 14 0 0 0 0 0 0 0 0 0 0 0 0 0 0 0 0 0 0 0 0 1 0 0 0 0 0 0 0 0 0 0 0 20 0 0 0 0 0 16 56 114
0 0 0 7 19 10 13 35 79 87 148 179 137 8 19 134 286 395 393 239 311 349 201 388 398 324 366 322 255 283 240 23 4 12 29 52 14 26 14 10 3 14 22 22 122 148 139 199 112 163 156 35 77 3 0 0 1 0 0 0 0 0 0 0 0 0 0 0 0 0 6 0 0 0 0 0 0 0 0 0 0 3 0 3 49 21 0 0 0 0 0 2 31
0 0 1 4 0 0 36 87 99 59 192 149 212 0 4 48 39 285 394 276 351 284 400 356 345 399 395 384 338 306 331 167 104 71 63 16 45 26 0 7 3 8 29 30 87 96 78 275 183 36 28 16 7 27 19 0 0 0 0 0 0 0 0 0 0 0 0 0 0 0 0 0 0 0 0 0 0 0 0 0 0 0 0 1 53 57 2 0 0 0 0 0 15
4 0 0 0 0 0 27 43 84 76 46 18 9 0 0 2 1 135 204 334 369 335 386 400 400 380 377 304 386 381 282 325 193 179 56 77 32 11 8 2 0 6 18 3 3 27 37 107 201 138 92 30 26 18 26 8 0 0 0 0 0 0 0 0 0 0 0 0 0 0 0 0 0 0 0 0 0 0 0 0 6 0 0 6 9 119 66 0 0 0 0 0 0
0 10 13 2 13 15 17 101 58 180 1 4 0 0 0 0 58 3 96 137 284 372 396 400 400 399 390 345 376 398 390 327 302 225 127 89 85 27 16 2 6 8 2 6 10 3 7 55 32 68 170 18 93 18 3 0 6 2 0 0 0 0 0 0 1 0 1 3 0 0 3 0 0 0 0 0 0 0 0 0 3 0 0 0 0 1 100 0 0 33 0 0 1
0 0 0 0 29 12 6 108 74 218 16 5 0 2 0 0 0 2 0 38 185 317 368 400 400 394 302 373 391 395 384 379 341 217 215 219 64 17 0 0 3 0 0 3 4 4 0 8 0 9 0 1 46 97 91 4 3 0 0 0 0 0 0 0 0 0 0 0 0 0 0 0 0 0 0 0 0 0 0 0 0 0 0 0 0 2 87 42 0 0 0 4 4
0 0 0 0 0 3 0 21 50 90 140 23 53 0 0 0 0 5 2 8 2 60 322 310 311 396 348 387 344 356 398 393 371 352 234 278 195 92 1 4 4 0 0 0 0 1 1 1 13 1 24 3 1 56 183 63 10 1 0 2 1 0 0 0 0 0 0 0 0 0 0 0 0 0 0 0 0 0 0 0 0 0 0 0 0 0 2 44 0 0 0 0 0
0 0 0 0 0 0 20 125 35 89 172 97 191 29 32 0 0 0 0 21 5 17 85 92 166 244 383 378 390 381 389 367 371 385 375 378 267 224 112 51 36 0 0 0 2 1 12 13 26 4 1 5 2 0 14 79 26 1 0 0 0 0 0 0 0 0 0 0 0 0 0 0 0 0 0 0 0 0 0 0 0 0 0 0 0 0 0 0 0 0 0 0 0
0 0 4 0 0 34 83 51 84 27 76 62 309 154 122 8 0 0 3 0 9 1 0 0 2 28 179 159 250 315 323 373 377 384 381 327 366 326 117 197 79 18 0 0 2 27 12 25 18 38 108 41 12 1 3 0 0 0 0 3 0 0 0 0 0 0 0 0 0 0 0 0 0 0 0 0 0 0 0 0 0 0 0 0 0 0 0 0 0 0 0 0 0
0 0 1 9 0 0 40 1 75 225 84 73 166 299 299 271 188 222 262 154 83 63 1 0 13 30 69 13 40 116 168 208 338 400 400 387 360 352 135 28 12 2 0 0 2 3 17 43 4 57 57 41 120 10 3 0 0 0 0 0 0 0 0 0 0 0 0 0 0 0 0 0 0 0 0 0 0 0 0 0 0 0 0 0 0 0 0 0 0 0 0 0 0
0 0 0 0 0 0 0 14 69 90 41 110 237 140 261 146 310 390 338 114 247 202 171 0 0 0 7 83 75 39 177 190 115 285 400 394 326 349 289 137 53 174 1 0 0 4 22 120 45 77 135 130 223 88 1 0 0 0 0 0 0 0 1 2 0 0 0 8 7 0 0 0 0 0 0 0 0 0 0 0 0 0 0 0 0 0 0 0 0 0 0 0 0
0 0 0 0 0 0 0 1 62 162 123 147 257 152 258 231 361 384 368 318 244 122 214 0 0 0 8 19 19 57 42 45 14 83 151 324 384 396 352 303 246 236 192 9 7 30 29 83 76 193 201 91 208 43 1 0 0 0 0 1 0 0 7 13 8 0 0 0 0 0 0 0 0 0 0 0 0 0 0 0 0 0 0 0 0 0 0 0 0 0 0 0 0
0 0 0 0 0 0 2 2 20 81 237 267 269 250 260 145 356 400 399 248 55 30 196 126 4 63 15 0 40 160 173 157 48 50 162 253 387 359 349 361 225 187 215 39 78 128 97 121 84 187 243 136 276 136 85 0 0 0 0 0 0 0 0 0 6 0 0 0 0 3 0 0 0 0 0 0 0 0 0 0 0 0 0 0 0 0 0 0 0 0 0 0 0
0 0 0 0 0 0 0 10 81 23 325 264 292 108 356 245 210 377 378 393 105 0 30 275 112 94 50 0 12 9 5 202 134 192 156 230 236 386 366 376 359 319 307 246 85 315 171 106 120 148 184 302 256 120 219 16 0 0 0 0 0 0 0 41 54 30 2 12 10 0 0 0 0 0 0 0 0 31 21 0 0 1 0 0 0 0 0 0 0 0 0 0 0
0 0 0 0 0 0 0 0 33 39 242 197 272 117 48 143 79 324 393 398 353 83 58 232 308 315 356 212 39 170 131 24 187 126 43 232 79 211 324 393 373 370 355 366 324 329 219 115 100 210 173 102 138 135 54 205 83 1 0 0 0 0 0 52 119 105 23 37 9 0 0 0 0 0 0 0 43 171 100 58 25 0 1 0 0 0 0 0 0 0 0 0 0
0 0 0 0 0 0 0 0 9 41 38 47 134 204 5 0 18 261 389 399 347 118 186 346 214 295 351 87 16 292 271 219 266 338 214 213 105 43 95 218 331 335 274 352 386 398 383 348 231 350 253 251 73 198 65 74 106 0 1 0 0 0 0 0 77 125 77 52 13 0 0 0 0 0 4 0 24 111 292 255 68 8 10 15 0 0 0 0 0 0 0 0 0
0 0 0 0 0 0 0 0 0 0 41 59 47 170 97 11 0 145 337 254 271 178 143 310 300 302 350 232 104 115 178 332 132 187 242 139 13 4 121 211 262 348 391 273 335 396 386 297 328 235 153 138 53 141 86 104 69 30 3 0 0 0 2 0 0 2 13 34 28 0 0 0 0 0 0 0 6 110 11 225 190 74 3 1 6 0 0 0 0 0 0 0 0
0 0 0 0 0 0 0 0 0 0 0 0 14 29 73 93 22 6 193 386 367 216 104 15 242 147 311 153 55 0 1 141 282 293 188 0 52 99 44 162 152 283 387 352 400 374 375 303 267 331 274 138 150 126 49 136 169 44 63 3 0 0 0 0 0 0 0 0 4 15 2 0 0 0 0 0 16 4 97 71 174 177 88 24 21 0 0 0 0 0 0 0 0
0 0 0 0 0 0 0 0 0 0 0 0 0 0 0 0 17 33 58 171 318 218 127 134 239 267 267 141 8 0 0 51 181 194 19 0 6 0 13 130 103 129 321 352 370 400 367 350 358 341 228 281 143 97 67 100 267 221 57 52 19 0 0 0 0 0 0 0 0 0 0 1 0 0 1 11 34 18 18 48 102 230 86 3 34 7 0 0 0 0 0 0 0
0 0 0 0 0 0 0 0 0 0 0 0 0 0 0 1 0 0 0 35 164 223 228 220 193 254 126 55 0 0 17 35 247 86 125 6 0 33 160 2 49 127 155 374 354 354 370 349 358 370 198 136 186 206 202 182 210 259 174 136 64 43 0 0 0 0 0 0 0 0 0 0 0 82 22 13 34 87 48 7 68 84 165 255 85 30 1 0 0 0 0 0 0
0 0 0 0 0 0 0 0 0 0 0 0 0 0 0 0 0 0 0 0 1 26 11 12 3 1 25 140 74 0 0 5 126 146 93 58 109 76 9 0 21 46 102 228 355 356 383 383 329 358 375 223 230 267 316 283 200 184 183 298 342 288 85 17 0 0 0 0 0 0 16 1 0 16 77 14 74 88 107 69 35 94 127 201 264 65 71 24 0 0 0 0 0
0 0 0 0 0 0 0 0 0 0 0 0 0 0 0 0 0 0 0 0 0 1 3 0 0 0 0 33 108 11 0 10 32 148 162 14 5 1 0 0 74 123 65 113 303 384 397 389 393 365 340 332 325 304 341 324 213 273 239 270 138 273 380 245 11 2 0 0 0 8 177 247 44 35 0 108 75 24 83 139 181 57 165 130 195 182 149 6 0 0 0 0 0
0 0 0 0 0 0 0 0 0 0 0 0 0 0 0 0 0 0 0 0 0 0 0 0 0 0 0 0 0 90 40 68 1 1 0 0 6 7 0 0 13 58 153 180 312 348 381 400 398 349 347 350 349 330 356 305 377 355 348 316 244 214 339 325 237 44 0 0 0 0 0 122 33 190 129 16 65 122 176 25 34 211 265 181 146 260 92 7 0 0 0 0 0
0 0 0 0 0 0 0 0 0 0 0 0 0 0 0 0 0 0 0 0 0 0 0 0 0 0 0 0 0 4 0 31 97 10 0 -2147483647 -2147483647 2 0 0 20 0 25 139 206 333 371 367 390 400 386 370 361 357 345 306 286 324 358 397 392 317 159 304 355 334 85 0 0 0 0 2 35 111 206 33 4 2 7 0 66 81 158 111 185 150 52 1 0 0 0 0 0
0 0 0 0 0 0 0 0 0 0 0 0 0 0 0 0 0 0 0 0 0 0 0 0 0 0 0 0 0 0 0 0 64 9 0 0 -2147483647 -2147483647 -2147483647 0 -2147483647 -2147483647 -2147483647 25 162 277 389 400 400 395 386 367 397 397 382 368 175 150 280 331 281 343 394 266 323 397 330 76 1 0 17 0 1 0 6 15 114 78 14 4 12 0 36 39 60 144 168 15 0 0 0 0 0
0 0 0 0 0 0 0 0 0 0 0 0 0 0 0 0 0 0 0 0 0 0 0 0 0 0 0 0 1 0 0 0 -2147483647 -2147483647 -2147483647 -2147483647 -2147483647 -2147483647 -2147483647 -2147483647 -2147483647 -2147483647 -2147483647 16 14 115 137 342 394 400 400 387 400 400 400 400 328 154 130 154 261 382 369 395 349 324 360 60 6 0 0 0 0 0 3 12 276 196 142 38 64 74 98 105 148 204 286 111 16 11 0 0 0
0 0 0 0 0 0 0 0 0 0 0 0 0 0 0 0 0 0 0 0 0 0 0 0 0 0 0 0 0 0 0 0 -2147483647 -2147483647 -2147483647 -2147483647 -2147483647 -2147483647 -2147483647 -2147483647 -2147483647 -2147483647 -2147483647 -2147483647 19 26 96 99 257 397 400 337 400 400 400 400 372 391 356 232 182 137 208 140 146 218 334 155 7 0 0 0 0 0 0 28 73 252 372 330 158 91 57 6 82 151 224 142 13 0 0 0 0
0 0 0 0 0 0 0 0 0 0 0 0 0 0 0 0 0 0 0 0 0 0 0 0 0 0 0 0 0 0 0 -2147483647 -2147483647 -2147483647 -2147483647 -2147483647 -2147483647 -2147483647 -2147483647 -2147483647 -2147483647 -2147483647 -2147483647 -2147483647 -2147483647 16 2 40 195 269 327 323 281 364 400 391 343 270 326 297 278 84 81 240 308 227 136 359 105 115 34 0 7 24 4 133 18 108 269 295 262 259 189 100 52 75 61 45 4 15 0 0 0
0 0 0 0 0 0 0 0 0 0 0 0 0 0 0 0 0 0 0 0 0 0 0 0 0 0 0 0 2 -2147483647 -2147483647 -2147483647 -2147483647 -2147483647 -2147483647 -2147483647 -2147483647 -2147483647 -2147483647 -2147483647 -2147483647 -2147483647 -2147483647 -2147483647 -2147483647 -2147483647 9 18 94 273 348 349 346 337 398 398 379 305 269 253 362 388 336 314 233 194 32 231 247 74 102 21 149 19 0 34 100 103 178 353 367 307 217 319 310 207 43 1 3 38 0 0 0
0 0 0 0 0 0 0 0 0 0 0 0 0 0 0 0 0 0 0 0 0 0 0 0 0 0 0 0 0 0 3 -2147483647 -2147483647 -2147483647 -2147483647 -2147483647 -2147483647 -2147483647 -2147483647 -2147483647 -2147483647 -2147483647 -2147483647 -2147483647 -2147483647 -2147483647 97 100 71 126 400 327 324 224 375 399 394 383 278 316 165 308 349 307 344 226 162 130 343 219 32 5 123 231 25 145 60 126 33 318 352 202 321 325 273 272 158 78 11 17 0 0 0
0 0 0 0 0 0 0 0 0 0 0 0 0 0 0 0 0 0 0 0 0 0 0 0 0 0 0 0 0 0 0 -2147483647 -2147483647 -2147483647 -2147483647 -2147483647 -2147483647 -2147483647 -2147483647 -2147483647 -2147483647 -2147483647 -2147483647 -2147483647 -2147483647 -2147483647 -2147483647 0 25 66 369 218 198 132 258 400 400 400 375 369 378 214 365 388 397 372 358 357 400 385 163 0 1 2 41 109 76 92 99 229 331 186 253 161 116 100 224 233 55 106 30 3 20
0 0 0 0 0 0 0 0 0 0 0 0 0 0 0 0 0 0 0 0 0 0 0 0 0 0 0 0 0 0 0 -2147483647 -2147483647 -2147483647 -2147483647 -2147483647 -2147483647 -2147483647 -2147483647 -2147483647 -2147483647 -2147483647 -2147483647 -2147483647 -2147483647 -2147483647 -2147483647 16 15 79 259 190 16 92 244 326 383 353 392 400 397 394 312 342 286 258 260 342 395 379 391 233 57 24 14 185 277 146 359 287 307 154 335 136 138 56 179 171 144 125 46 2 4
0 0 0 0 0 0 0 0 0 0 0 0 0 0 0 0 0 0 0 0 0 0 0 0 0 0 0 0 0 0 0 0 -2147483647 -2147483647 -2147483647 -2147483647 -2147483647 -2147483647 -2147483647 -2147483647 -2147483647 -2147483647 -2147483647 -2147483647 -2147483647 -2147483647 -2147483647 -2147483647 55 38 276 390 266 147 264 300 344 368 387 397 325 352 251 202 342 256 180 182 158 167 356 396 382 340 108 82 114 141 112 226 329 368 371 397 203 147 57 7 24 200 116 40 6
0 0 0 0 0 0 0 0 0 0 0 0 0 0 0 0 0 0 0 0 0 0 0 0 0 0 0 0 0 0 0 0 -2147483647 -2147483647 -2147483647 -2147483647 -2147483647 -2147483647 -2147483647 -2147483647 -2147483647 -2147483647 -2147483647 -2147483647 -2147483647 -2147483647 -2147483647 -2147483647 -2147483647 0 28 177 329 129 225 241 364 363 372 379 350 350 343 182 260 242 227 184 117 270 135 190 339 321 315 166 144 67 148 243 195 145 261 318 72 2 43 13 84 43 232 122 69
0 0 0 0 0 0 0 0 0 0 0 0 0 0 0 0 0 0 0 0 0 0 0 0 0 0 0 0 0 0 0 0 0 -2147483647 -2147483647 -2147483647 -2147483647 -2147483647 -2147483647 -2147483647 -2147483647 -2147483647 -2147483647 -2147483647 -2147483647 -2147483647 -2147483647 -2147483647 -2147483647 49 0 88 58 219 162 248 319 327 353 292 203 320 244 341 379 369 227 87 77 38 110 260 188 236 195 242 181 221 88 15 19 111 85 53 58 0 0 10 50 32 61 239 197
0 0 0 0 0 0 0 0 0 0 0 0 0 0 0 0 0 0 0 0 0 0 0 0 0 0 0 0 0 0 0 0 0 -2147483647 -2147483647 -2147483647 -2147483647 -2147483647 -2147483647 -2147483647 -2147483647 -2147483647 -2147483647 -2147483647 -2147483647 -2147483647 -2147483647 -2147483647 -2147483647 -2147483647 0 27 206 96 164 133 222 364 300 210 272 246 285 132 152 117 73 85 26 125 208 144 97 68 193 243 154 131 78 34 69 88 27 235 129 21 56 106 19 3 0 45 79
0 0 0 0 0 0 0 0 0 0 0 0 0 0 0 0 0 0 0 0 0 0 0 0 0 0 0 0 0 0 0 0 0 0 -2147483647 -2147483647 -2147483647 -2147483647 -2147483647 -2147483647 -2147483647 -2147483647 -2147483647 -2147483647 -2147483647 -2147483647 -2147483647 -2147483647 -2147483647 -2147483647 21 24 33 168 239 158 83 175 284 170 118 93 240 189 106 65 79 72 136 91 41 53 48 24 60 40 28 148 233 111 39 110 91 121 11 76 46 66 1 13 0 0 0
0 0 0 0 0 0 0 0 0 0 0 0 0 0 0 0 0 0 0 0 0 0 0 0 0 0 0 0 0 0 0 0 0 0 0 -2147483647 -2147483647 -2147483647 -2147483647 -2147483647 -2147483647 -2147483647 -2147483647 -2147483647 -2147483647 -2147483647 -2147483647 -2147483647 -2147483647 -2147483647 -2147483647 0 0 1 126 273 173 129 232 117 14 171 27 99 88 46 121 155 99 68 45 14 0 0 0 3 43 104 194 271 253 182 75 17 0 63 27 80 38 1 6 18 0
0 0 0 0 0 0 0 0 0 0 0 0 0 0 0 0 0 0 0 0 0 0 0 0 0 0 0 0 0 0 0 0 0 0 0 -2147483647 -2147483647 -2147483647 -2147483647 -2147483647 -2147483647 -2147483647 -2147483647 -2147483647 -2147483647 -2147483647 -2147483647 -2147483647 -2147483647 -2147483647 -2147483647 -2147483647 -2147483647 -2147483647 -2147483647 122 245 166 160 123 37 61 81 66 10 26 21 45 23 169 3 5 36 3 30 71 31 77 87 48 128 248 77 61 7 31 9 19 5 3 1 0 0
0 0 0 0 0 0 0 0 0 0 0 0 0 0 0 0 0 0 0 0 0 0 0 0 0 0 0 0 0 0 0 0 0 0 0 0 -2147483647 -2147483647 -2147483647 -2147483647 -2147483647 -2147483647 -2147483647 -2147483647 -2147483647 -2147483647 -2147483647 -2147483647 -2147483647 -2147483647 -2147483647 -2147483647 -2147483647 -2147483647 -2147483647 -2147483647 -2147483647 200 291 204 107 18 0 19 127 51 145 102 55 57 90 16 19 46 22 88 51 0 2 10 137 200 212 70 101 55 66 30 6 7 0 0 0
0 0 0 0 0 0 0 0 0 0 0 0 0 0 0 0 0 0 0 0 0 0 0 0 0 0 0 0 0 0 0 0 0 0 0 0 0 0 -2147483647 -2147483647 -2147483647 -2147483647 -2147483647 -2147483647 -2147483647 -2147483647 -2147483647 -2147483647 -2147483647 -2147483647 -2147483647 -2147483647 -2147483647 -2147483647 -2147483647 -2147483647 -2147483647 -2147483647 37 195 74 19 7 35 172 136 8 44 116 103 3 7 29 138 7 3 1 10 62 150 6 30 13 97 139 149 14 181 2 7 0 0 0
