Land_cover_rasters/CL_open_shrublands_16.asc
NCOLS 642 
NROWS 378 
XLLCORNER -19.0000644 
YLLCORNER 18.9999684 
CELLSIZE 0.1666666 
NODATA_value -2147483647 
[rows 246 to 286 of 378, columns 279 to 371 of 642]
-2147483647 -2147483647 -2147483647 -2147483647 -2147483647 -2147483647 -2147483647 -2147483647 -2147483647 -2147483647 0 3 0 0 0 0 0 0 0 0 0 0 0 0 0 0 0 0 0 0 0 0 0 0 0 0 0 0 0 0 0 1 0 2 0 0 0 0 0 0 0 0 0 0 0 0 0 0 0 0 0 0 0 0 0 -2147483647 0 0 0 0 0 0 0 0 0 0 0 0 0 0 0 0 0 0 0 2 0 0 0 0 0 0 0
-2147483647 -2147483647 -2147483647 -2147483647 -2147483647 -2147483647 -2147483647 -2147483647 -2147483647 -2147483647 -2147483647 0 2 0 0 0 0 0 0 0 0 0 0 0 0 0 0 0 0 0 0 0 0 0 0 0 0 0 0 0 0 0 0 0 0 0 0 0 0 2 0 0 0 0 0 0 0 0 0 0 0 0 0 0 0 0 0 0 0 0 0 0 0 0 0 0 0 0 0 0 0 0 0 0 0 0 0 0 0 0 0 0 0
-2147483647 -2147483647 -2147483647 -2147483647 -2147483647 -2147483647 -2147483647 -2147483647 0 0 1 0 0 0 0 0 0 0 0 0 0 0 0 0 0 0 0 0 0 0 0 0 0 0 0 0 0 0 0 0 0 0 0 0 0 0 0 0 0 0 0 0 0 0 0 0 0 0 0 0 0 0 0 0 0 0 0 0 0 0 0 0 0 0 0 0 0 0 0 0 0 0 0 0 0 0 0 0 0 0 0 0 0
-2147483647 -2147483647 0 -2147483647 -2147483647 -2147483647 -2147483647 -2147483647 -2147483647 0 0 0 0 0 0 0 0 0 0 0 0 0 1 1 28 15 0 0 0 0 0 0 0 0 0 0 0 0 0 0 0 0 0 0 0 0 0 0 0 0 0 0 0 0 0 0 0 0 0 2 0 0 0 0 0 0 0 0 0 0 0 0 0 0 0 0 0 0 0 0 0 0 0 0 0 0 0 0 0 0 0 0 0
0 0 0 0 0 0 0 0 0 0 0 0 0 0 5 7 2 2 0 6 3 1 9 85 94 83 44 0 2 2 2 0 0 0 0 0 0 0 0 0 0 0 0 0 0 0 0 0 0 0 0 0 0 0 0 0 0 0 0 0 0 0 0 0 0 0 0 0 0 0 0 0 0 0 0 0 0 0 0 0 0 0 0 0 0 0 0 0 0 0 0 0 0
0 0 0 0 0 0 0 0 0 0 0 0 0 0 3 45 43 66 51 71 77 22 43 238 177 209 49 1 1 5 0 5 0 0 0 0 0 0 0 0 0 0 0 0 0 0 0 0 0 0 0 0 0 0 0 0 0 0 0 0 0 0 0 0 0 0 0 0 0 0 0 0 0 0 0 0 0 0 0 0 0 0 0 0 0 0 0 0 0 0 0 0 0
0 0 0 0 0 0 0 0 7 0 0 0 0 0 0 1 3 0 5 12 43 138 106 64 142 202 77 63 14 0 1 5 0 0 0 2 0 0 0 0 0 0 0 0 0 0 0 0 0 0 0 0 0 0 0 0 0 0 0 0 0 0 0 0 0 0 0 0 0 0 0 0 0 0 0 0 0 0 0 0 0 0 0 0 0 0 0 0 0 0 0 0 0
0 0 0 0 0 0 0 0 2 11 2 8 0 0 0 1 12 38 37 46 39 103 153 268 262 228 76 23 20 2 4 0 0 1 1 0 0 0 0 0 0 0 0 0 0 0 0 0 0 0 0 0 0 0 0 0 0 0 0 0 0 0 0 0 0 0 0 0 0 0 0 0 0 0 0 0 0 0 0 0 0 0 0 0 0 0 0 0 0 0 0 0 0
0 0 0 0 0 2 0 3 15 5 2 8 7 2 5 8 6 14 22 11 84 142 223 230 283 201 146 21 0 12 23 1 0 1 0 0 0 0 0 3 0 0 0 0 0 0 0 0 0 0 0 0 0 0 0 0 0 0 0 0 0 0 0 0 0 0 0 0 0 0 0 0 0 0 0 0 0 0 0 0 0 0 0 0 0 0 0 0 0 0 0 0 0
0 0 0 0 0 1 0 0 15 0 13 11 11 2 3 88 5 8 52 114 107 67 10 70 282 220 160 35 22 88 30 2 1 2 0 0 0 0 0 0 0 0 0 0 0 0 0 0 0 0 0 0 0 0 0 0 0 0 0 0 0 0 0 0 0 0 0 0 0 0 0 0 0 0 0 0 0 0 0 0 0 0 0 0 0 0 0 0 0 0 0 0 0
14 4 12 0 8 15 9 3 35 3 43 4 36 31 8 37 21 3 48 34 164 230 39 58 71 241 147 4 3 72 21 17 15 2 9 5 0 4 4 0 0 13 3 0 0 0 0 0 0 0 0 0 0 0 0 0 0 0 0 0 0 0 0 0 0 0 0 0 0 0 0 0 0 0 0 0 0 0 0 0 0 0 0 0 0 0 0 0 0 0 0 0 0
14 46 39 29 30 85 106 35 6 22 9 22 21 1 11 28 24 103 50 5 223 283 162 119 30 41 4 7 22 55 15 27 0 9 14 21 0 4 2 0 0 0 0 0 0 0 0 0 0 0 0 0 0 0 0 0 0 0 0 0 0 0 0 0 0 0 0 0 3 0 0 0 0 0 0 0 0 0 0 0 0 0 0 0 0 0 0 0 0 0 0 0 0
14 0 21 34 123 250 222 293 156 146 65 11 18 8 11 46 106 38 50 124 222 164 63 188 174 115 29 5 22 96 120 30 0 28 9 12 27 11 0 2 0 0 0 0 0 0 0 0 1 0 0 0 0 0 0 0 0 0 0 0 0 0 0 0 0 1 0 2 7 16 6 0 0 0 0 0 0 0 0 0 0 0 0 0 0 0 0 0 0 0 0 0 0
0 1 11 113 145 78 301 218 69 113 206 111 15 65 18 15 36 3 38 43 101 77 70 183 171 113 5 0 51 85 86 30 1 73 0 1 5 61 9 12 0 0 0 0 0 0 0 0 0 0 0 0 0 0 0 0 0 0 0 0 0 0 9 18 3 8 10 1 3 0 10 0 8 1 0 0 0 0 0 0 0 0 0 0 0 0 0 0 0 0 0 0 0
14 0 3 0 8 22 84 27 95 126 136 27 63 82 98 59 2 8 104 163 22 13 25 79 34 134 120 62 16 104 94 61 118 77 72 8 14 78 8 5 3 0 0 0 0 0 0 0 0 0 0 0 0 0 0 0 0 0 0 0 6 2 11 7 4 15 20 2 3 0 0 4 1 3 4 1 10 1 0 0 0 0 0 0 0 0 0 0 0 0 0 0 0
5 0 0 2 16 17 17 61 63 66 48 89 105 123 48 66 17 17 81 92 21 5 0 5 0 40 84 40 5 40 67 71 54 77 158 40 150 93 0 20 16 0 0 0 0 0 2 0 0 0 0 0 0 0 0 0 0 0 0 0 3 3 25 8 4 5 10 2 7 9 2 7 4 6 10 2 4 3 4 5 0 1 2 0 0 0 0 0 0 0 0 0 0
0 0 0 0 1 11 99 35 149 158 237 249 244 25 37 22 58 73 123 29 20 14 22 9 1 1 8 7 56 52 19 18 74 5 19 113 142 121 104 37 10 0 0 0 0 0 0 0 0 3 0 0 0 0 0 0 0 0 0 0 0 0 3 10 12 2 5 28 17 4 8 0 7 0 1 2 5 2 0 1 1 4 30 2 9 1 0 0 0 0 0 0 0
0 0 5 0 0 2 48 52 201 270 301 281 74 136 35 63 100 42 30 2 0 12 21 0 4 1 21 13 78 137 128 60 123 98 91 14 54 243 162 13 6 0 0 5 15 0 0 0 0 0 0 0 0 0 0 0 0 17 1 5 0 0 5 2 0 3 33 18 1 14 9 0 0 0 0 1 0 0 0 0 0 0 5 23 6 15 55 13 0 0 0 0 0
0 0 0 0 0 0 0 10 13 40 220 207 208 108 9 59 77 77 23 18 0 0 0 8 2 2 2 8 128 177 182 33 89 266 110 177 82 194 173 71 49 15 0 7 0 0 0 0 1 0 0 0 0 0 0 0 0 0 0 0 4 86 10 44 39 26 116 62 7 4 1 20 79 27 34 0 1 0 0 0 0 19 4 49 136 133 154 44 3 0 0 0 0
0 0 0 5 11 0 29 61 4 44 18 34 119 38 46 52 51 37 39 8 0 0 0 0 0 0 2 9 14 40 42 45 0 35 77 65 145 150 167 149 155 41 11 12 0 1 0 0 0 0 0 0 0 0 0 22 51 33 1 18 84 108 16 10 0 2 36 41 3 0 0 0 5 103 211 140 34 3 7 43 79 364 357 345 365 178 139 92 35 0 0 0 0
4 3 0 1 4 6 151 120 53 65 105 114 49 76 133 123 193 28 5 0 0 0 0 0 0 2 0 0 9 3 2 2 2 72 65 214 158 162 169 36 9 44 28 22 0 1 12 4 2 0 0 0 0 0 0 16 15 76 112 36 200 89 35 11 36 3 26 97 25 0 0 0 0 176 302 299 222 335 373 394 397 398 367 341 315 256 148 79 40 5 7 0 0
0 0 8 12 6 0 16 3 10 170 37 68 76 54 100 128 22 19 10 1 1 0 0 0 0 0 0 0 3 20 30 6 42 81 119 123 208 290 205 92 106 32 8 1 0 0 4 12 0 0 0 0 0 0 0 2 29 21 68 136 131 171 279 216 71 114 180 28 327 214 210 117 0 23 143 166 362 351 396 395 397 381 333 381 333 158 175 72 183 84 5 11 4
0 0 1 0 0 4 0 1 68 13 16 77 112 103 141 71 46 62 7 13 2 0 0 0 0 0 0 4 4 9 75 100 44 17 42 201 356 329 302 50 0 2 1 0 0 1 2 1 0 0 0 0 0 6 3 28 47 189 264 213 282 361 384 393 379 398 393 298 365 303 375 353 40 0 0 13 61 193 277 318 391 400 331 316 218 92 53 34 61 111 206 184 85
0 1 7 0 0 0 0 1 0 0 0 12 12 91 49 108 86 61 15 32 4 1 21 0 0 0 0 0 0 7 41 116 94 142 240 268 337 221 67 0 0 4 1 1 4 0 3 0 0 0 0 24 1 1 7 55 307 193 359 297 399 388 372 398 242 252 343 367 26 30 268 368 314 188 339 288 55 0 13 280 328 398 199 99 306 206 159 175 220 249 267 270 103
-2147483647 -2147483647 -2147483647 -2147483647 0 0 0 0 0 1 0 0 24 27 47 126 144 7 36 25 5 0 21 0 0 0 0 0 0 0 3 15 118 179 213 313 268 57 48 62 13 0 0 0 0 0 0 0 0 0 1 20 0 1 141 154 65 37 158 176 247 347 333 325 295 232 400 398 44 0 269 226 333 340 335 160 4 0 204 361 400 400 356 395 400 396 398 398 398 398 346 398 330
2 -2147483647 -2147483647 13 0 -2147483647 -2147483647 0 1 1 6 4 0 37 73 76 31 0 -2147483647 -2147483647 -2147483647 -2147483647 -2147483647 -2147483647 1 0 0 0 0 0 0 34 1 140 210 124 209 234 261 166 11 0 -2147483647 -2147483647 0 2 0 0 0 -2147483647 -2147483647 -2147483647 0 46 268 123 282 258 40 41 115 243 395 106 369 300 393 331 25 13 273 198 301 247 98 69 16 67 291 229 283 128 229 382 375 344 329 275 252 347 316 251 296
-2147483647 -2147483647 -2147483647 -2147483647 -2147483647 -2147483647 -2147483647 -2147483647 -2147483647 -2147483647 4 1 4 42 34 17 1 0 -2147483647 -2147483647 -2147483647 -2147483647 -2147483647 -2147483647 -2147483647 -2147483647 0 0 0 0 4 92 203 144 202 127 236 297 164 47 13 -2147483647 -2147483647 -2147483647 -2147483647 -2147483647 -2147483647 3 -2147483647 -2147483647 -2147483647 -2147483647 23 21 62 121 160 83 0 79 225 400 383 393 337 394 376 379 179 168 129 79 53 22 46 24 3 4 72 17 37 95 13 0 1 3 48 159 309 318 373 354 318
-2147483647 -2147483647 -2147483647 -2147483647 -2147483647 -2147483647 -2147483647 -2147483647 -2147483647 -2147483647 5 3 2 4 5 0 1 0 -2147483647 -2147483647 -2147483647 -2147483647 -2147483647 -2147483647 -2147483647 -2147483647 -2147483647 -2147483647 0 0 2 1 195 284 264 292 199 93 27 8 -2147483647 -2147483647 -2147483647 -2147483647 -2147483647 -2147483647 -2147483647 -2147483647 -2147483647 -2147483647 0 11 56 1 31 104 97 36 90 220 300 400 392 381 247 324 248 108 101 56 10 7 0 1 2 37 41 52 21 20 3 0 15 22 95 130 84 64 23 72 240 345 329
-2147483647 -2147483647 27 48 -2147483647 -2147483647 -2147483647 -2147483647 -2147483647 -2147483647 -2147483647 1 0 10 0 2 -2147483647 -2147483647 -2147483647 -2147483647 -2147483647 -2147483647 -2147483647 -2147483647 -2147483647 -2147483647 -2147483647 -2147483647 -2147483647 0 0 0 31 71 83 64 153 86 -2147483647 -2147483647 -2147483647 -2147483647 -2147483647 -2147483647 -2147483647 -2147483647 -2147483647 -2147483647 -2147483647 -2147483647 5 7 0 0 91 86 301 173 262 335 255 305 352 150 204 379 159 26 74 12 0 0 0 0 0 0 0 0 0 42 4 0 0 2 0 4 73 10 50 23 10 179 360
-2147483647 3 64 -2147483647 -2147483647 -2147483647 -2147483647 -2147483647 -2147483647 -2147483647 -2147483647 -2147483647 -2147483647 -2147483647 -2147483647 -2147483647 -2147483647 -2147483647 -2147483647 -2147483647 -2147483647 -2147483647 -2147483647 -2147483647 -2147483647 -2147483647 -2147483647 -2147483647 -2147483647 -2147483647 0 3 9 -2147483647 -2147483647 -2147483647 -2147483647 -2147483647 -2147483647 -2147483647 -2147483647 -2147483647 -2147483647 -2147483647 -2147483647 -2147483647 -2147483647 -2147483647 -2147483647 -2147483647 -2147483647 0 0 1 123 9 101 119 212 32 33 125 70 64 311 325 211 96 72 78 3 0 0 0 0 0 0 0 0 4 0 4 0 0 0 0 0 0 0 0 0 0 70
-2147483647 -2147483647 -2147483647 -2147483647 -2147483647 -2147483647 -2147483647 -2147483647 -2147483647 -2147483647 -2147483647 -2147483647 -2147483647 -2147483647 -2147483647 -2147483647 -2147483647 -2147483647 -2147483647 -2147483647 -2147483647 -2147483647 -2147483647 -2147483647 -2147483647 -2147483647 -2147483647 -2147483647 -2147483647 -2147483647 -2147483647 -2147483647 -2147483647 -2147483647 -2147483647 -2147483647 -2147483647 -2147483647 -2147483647 -2147483647 -2147483647 -2147483647 -2147483647 -2147483647 -2147483647 -2147483647 -2147483647 -2147483647 -2147483647 -2147483647 1 0 0 1 45 48 10 45 382 398 286 310 234 99 93 90 151 104 19 6 66 32 0 0 0 0 0 3 4 0 14 0 0 0 0 0 0 0 0 0 0 0 0
-2147483647 -2147483647 -2147483647 -2147483647 -2147483647 -2147483647 -2147483647 -2147483647 -2147483647 -2147483647 -2147483647 -2147483647 -2147483647 -2147483647 -2147483647 -2147483647 -2147483647 -2147483647 -2147483647 -2147483647 -2147483647 -2147483647 -2147483647 -2147483647 -2147483647 -2147483647 -2147483647 -2147483647 -2147483647 -2147483647 -2147483647 -2147483647 -2147483647 -2147483647 -2147483647 -2147483647 -2147483647 -2147483647 -2147483647 -2147483647 -2147483647 -2147483647 -2147483647 -2147483647 -2147483647 -2147483647 -2147483647 -2147483647 -2147483647 -2147483647 2 0 0 24 212 231 229 243 367 377 316 147 120 213 115 83 27 5 0 0 0 1 5 14 2 0 0 10 0 1 0 0 0 0 0 0 0 0 0 0 0 0 0
-2147483647 -2147483647 -2147483647 -2147483647 -2147483647 -2147483647 -2147483647 -2147483647 -2147483647 -2147483647 -2147483647 -2147483647 -2147483647 -2147483647 -2147483647 -2147483647 -2147483647 -2147483647 -2147483647 -2147483647 -2147483647 -2147483647 -2147483647 -2147483647 -2147483647 -2147483647 -2147483647 -2147483647 -2147483647 -2147483647 -2147483647 -2147483647 -2147483647 -2147483647 -2147483647 -2147483647 -2147483647 -2147483647 -2147483647 -2147483647 -2147483647 -2147483647 -2147483647 -2147483647 -2147483647 -2147483647 -2147483647 -2147483647 -2147483647 -2147483647 0 0 0 19 348 287 41 357 340 253 246 89 64 13 0 0 0 0 0 0 0 0 0 0 3 0 0 0 0 2 0 0 0 0 0 0 0 0 0 0 0 0 0
-2147483647 -2147483647 -2147483647 -2147483647 -2147483647 -2147483647 -2147483647 -2147483647 -2147483647 -2147483647 -2147483647 -2147483647 -2147483647 -2147483647 -2147483647 -2147483647 -2147483647 -2147483647 -2147483647 -2147483647 -2147483647 -2147483647 -2147483647 -2147483647 -2147483647 -2147483647 -2147483647 -2147483647 -2147483647 -2147483647 -2147483647 -2147483647 -2147483647 -2147483647 -2147483647 -2147483647 -2147483647 -2147483647 63 6 -2147483647 -2147483647 -2147483647 -2147483647 -2147483647 -2147483647 -2147483647 -2147483647 -2147483647 -2147483647 0 0 1 0 34 249 292 395 349 284 174 55 26 0 0 0 0 0 0 0 0 0 0 0 0 3 16 0 0 0 0 0 0 0 0 0 0 0 0 0 0 0 0
-2147483647 -2147483647 -2147483647 -2147483647 -2147483647 -2147483647 -2147483647 -2147483647 -2147483647 -2147483647 -2147483647 -2147483647 -2147483647 -2147483647 -2147483647 -2147483647 -2147483647 -2147483647 -2147483647 -2147483647 -2147483647 -2147483647 -2147483647 -2147483647 -2147483647 -2147483647 -2147483647 -2147483647 -2147483647 -2147483647 -2147483647 -2147483647 -2147483647 239 317 253 276 321 46 -2147483647 -2147483647 -2147483647 -2147483647 -2147483647 -2147483647 -2147483647 -2147483647 -2147483647 -2147483647 -2147483647 -2147483647 0 6 0 6 190 143 317 298 351 341 100 10 0 0 0 0 0 0 0 0 0 0 0 0 0 3 0 0 0 0 0 0 0 0 0 0 0 0 0 0 0 0
-2147483647 -2147483647 -2147483647 -2147483647 -2147483647 -2147483647 -2147483647 -2147483647 -2147483647 -2147483647 -2147483647 -2147483647 -2147483647 -2147483647 -2147483647 -2147483647 -2147483647 -2147483647 -2147483647 -2147483647 -2147483647 -2147483647 -2147483647 -2147483647 -2147483647 -2147483647 -2147483647 -2147483647 -2147483647 -2147483647 11 115 190 219 294 251 108 166 45 -2147483647 -2147483647 -2147483647 -2147483647 -2147483647 -2147483647 -2147483647 -2147483647 -2147483647 -2147483647 -2147483647 0 0 0 86 153 48 288 334 398 371 387 155 35 0 0 0 0 0 0 0 0 0 0 0 0 0 0 0 0 0 0 0 0 0 0 0 0 0 0 0 0 0 0
-2147483647 -2147483647 -2147483647 -2147483647 -2147483647 -2147483647 -2147483647 -2147483647 -2147483647 -2147483647 -2147483647 -2147483647 -2147483647 -2147483647 -2147483647 -2147483647 -2147483647 -2147483647 -2147483647 -2147483647 -2147483647 -2147483647 -2147483647 -2147483647 -2147483647 -2147483647 -2147483647 -2147483647 -2147483647 35 50 88 94 228 309 299 8 -2147483647 -2147483647 -2147483647 -2147483647 -2147483647 -2147483647 -2147483647 -2147483647 -2147483647 -2147483647 -2147483647 -2147483647 -2147483647 1 0 0 0 1 11 370 354 390 296 307 221 110 29 3 0 0 0 0 0 0 0 0 0 0 0 0 0 1 5 0 0 0 0 0 0 0 0 0 0 0 0 0
-2147483647 -2147483647 -2147483647 -2147483647 -2147483647 -2147483647 -2147483647 -2147483647 -2147483647 -2147483647 -2147483647 -2147483647 -2147483647 -2147483647 -2147483647 -2147483647 -2147483647 -2147483647 -2147483647 -2147483647 -2147483647 -2147483647 -2147483647 -2147483647 -2147483647 -2147483647 -2147483647 -2147483647 -2147483647 -2147483647 61 164 235 187 153 -2147483647 -2147483647 -2147483647 -2147483647 -2147483647 -2147483647 -2147483647 -2147483647 -2147483647 -2147483647 -2147483647 -2147483647 -2147483647 -2147483647 -2147483647 -2147483647 0 0 0 0 108 303 335 336 146 54 0 0 0 0 0 0 0 0 0 0 0 0 0 0 0 0 0 0 1 0 0 0 0 0 0 0 0 0 0 0 0 0
-2147483647 -2147483647 -2147483647 -2147483647 -2147483647 -2147483647 -2147483647 -2147483647 -2147483647 -2147483647 -2147483647 -2147483647 -2147483647 -2147483647 -2147483647 -2147483647 -2147483647 -2147483647 -2147483647 -2147483647 -2147483647 -2147483647 -2147483647 -2147483647 -2147483647 -2147483647 -2147483647 -2147483647 -2147483647 -2147483647 -2147483647 -2147483647 -2147483647 -2147483647 -2147483647 -2147483647 -2147483647 -2147483647 -2147483647 -2147483647 -2147483647 -2147483647 -2147483647 -2147483647 -2147483647 -2147483647 -2147483647 -2147483647 -2147483647 -2147483647 -2147483647 22 15 92 12 240 369 68 32 4 0 0 0 0 0 0 0 0 0 0 0 0 0 0 0 0 0 0 0 0 1 0 0 0 0 5 0 0 0 0 0 0 0
-2147483647 -2147483647 -2147483647 -2147483647 -2147483647 -2147483647 -2147483647 -2147483647 -2147483647 -2147483647 -2147483647 -2147483647 -2147483647 -2147483647 -2147483647 -2147483647 -2147483647 -2147483647 -2147483647 -2147483647 -2147483647 -2147483647 -2147483647 -2147483647 -2147483647 -2147483647 -2147483647 -2147483647 -2147483647 -2147483647 -2147483647 -2147483647 -2147483647 -2147483647 -2147483647 -2147483647 -2147483647 -2147483647 -2147483647 -2147483647 -2147483647 -2147483647 -2147483647 -2147483647 -2147483647 -2147483647 -2147483647 -2147483647 -2147483647 -2147483647 67 141 349 324 162 212 250 17 0 0 0 0 0 0 0 0 0 0 0 0 0 0 0 0 0 0 0 0 0 0 0 1 7 1 0 2 0 0 0 0 0 0 0
-2147483647 -2147483647 -2147483647 -2147483647 -2147483647 -2147483647 -2147483647 -2147483647 -2147483647 -2147483647 -2147483647 -2147483647 -2147483647 -2147483647 -2147483647 -2147483647 -2147483647 -2147483647 -2147483647 -2147483647 -2147483647 -2147483647 -2147483647 -2147483647 -2147483647 -2147483647 -2147483647 -2147483647 -2147483647 -2147483647 -2147483647 -2147483647 -2147483647 -2147483647 -2147483647 -2147483647 -2147483647 -2147483647 -2147483647 -2147483647 -2147483647 -2147483647 -2147483647 -2147483647 -2147483647 -2147483647 -2147483647 -2147483647 -2147483647 39 144 149 368 297 246 56 0 0 0 0 0 0 0 0 0 0 0 0 0 2 0 0 7 0 0 0 0 0 0 0 0 0 0 0 0 0 0 0 0 1 0 0 0
