Land_cover_rasters/CL_savannas_16.asc
NCOLS 642 
NROWS 378 
XLLCORNER -19.0000644 
YLLCORNER 18.9999684 
CELLSIZE 0.1666666 
NODATA_value -2147483647 
[rows 82 to 122 of 378, columns 465 to 557 of 642]
0 0 0 0 0 0 0 0 0 0 0 0 0 0 0 0 0 0 0 0 0 0 0 0 0 0 0 0 0 0 0 0 0 0 0 0 0 0 0 0 0 0 0 0 0 0 0 0 0 0 0 0 0 0 0 0 0 0 -2147483647 -2147483647 0 0 0 0 0 0 0 0 0 0 0 0 0 0 0 0 0 0 0 0 0 0 0 0 0 0 0 0 -2147483647 -2147483647 -2147483647 -2147483647 -2147483647
0 0 0 0 0 0 0 0 0 0 0 0 0 0 0 0 0 0 0 0 0 0 0 0 0 0 0 0 0 0 0 0 0 0 0 0 0 0 0 0 0 0 0 0 0 0 0 0 0 0 0 0 0 0 0 0 0 0 0 0 0 0 0 0 0 0 0 0 0 0 0 0 0 0 0 0 0 0 0 0 0 0 0 0 0 0 0 -2147483647 -2147483647 -2147483647 -2147483647 -2147483647 -2147483647
0 0 0 0 0 0 0 0 0 0 0 0 0 0 0 0 0 0 0 0 0 0 0 0 0 0 0 0 0 0 0 0 0 0 0 0 0 0 0 0 0 0 0 0 0 0 0 0 0 0 0 0 0 0 0 0 0 0 0 0 0 0 0 0 0 0 0 0 0 0 0 0 0 0 0 0 0 0 0 0 0 0 0 0 0 0 0 0 -2147483647 -2147483647 -2147483647 -2147483647 -2147483647
0 0 0 0 0 0 0 0 0 0 0 0 0 0 0 0 0 0 0 0 0 0 0 0 0 0 0 0 0 0 0 0 0 0 0 0 0 0 0 0 0 0 0 0 0 0 0 0 0 0 0 0 0 0 0 0 0 0 0 0 0 0 0 0 0 0 0 0 0 0 0 0 0 0 0 0 0 0 0 0 0 0 0 0 0 0 0 0 -2147483647 -2147483647 -2147483647 -2147483647 -2147483647
0 0 0 0 0 0 0 0 0 0 0 0 0 0 0 0 0 0 0 0 0 0 0 0 0 0 0 0 0 0 0 0 0 0 0 0 0 0 0 0 0 0 0 0 0 0 0 0 0 0 0 0 0 0 0 0 0 0 0 0 0 0 0 0 0 0 0 0 0 0 0 0 0 0 0 0 0 0 0 0 0 0 0 0 0 -2147483647 -2147483647 -2147483647 -2147483647 -2147483647 -2147483647 -2147483647 -2147483647
0 0 0 0 0 2 0 0 0 0 0 0 0 0 0 0 0 0 0 0 0 0 0 0 0 0 0 0 0 0 0 0 0 0 0 0 0 0 0 0 0 0 0 0 0 0 0 0 0 0 0 0 0 0 0 0 0 0 0 0 0 0 0 0 0 0 0 0 0 0 0 0 0 0 0 0 0 0 0 0 0 0 0 0 -2147483647 -2147483647 -2147483647 -2147483647 -2147483647 -2147483647 -2147483647 -2147483647 -2147483647
0 0 0 0 0 0 0 0 0 0 0 0 0 0 0 0 0 0 0 0 0 0 0 0 0 0 0 0 0 0 0 0 0 0 0 0 0 0 0 0 0 0 0 0 0 0 0 0 0 0 0 0 0 0 0 0 1 0 0 0 0 0 0 0 0 0 0 0 0 0 0 0 0 0 0 0 0 0 0 0 0 0 -2147483647 -2147483647 -2147483647 -2147483647 -2147483647 -2147483647 -2147483647 -2147483647 -2147483647 -2147483647 -2147483647
0 0 0 0 0 0 0 0 0 0 0 0 0 0 0 0 0 0 0 0 0 0 0 0 0 0 0 0 0 0 0 0 0 0 0 0 0 0 0 0 0 0 0 0 0 0 0 0 0 0 0 0 0 0 0 0 0 0 0 0 0 0 0 0 0 0 0 0 0 0 0 0 0 0 0 0 0 0 0 0 5 -2147483647 -2147483647 -2147483647 -2147483647 -2147483647 -2147483647 -2147483647 -2147483647 -2147483647 -2147483647 -2147483647 -2147483647
0 2 2 0 0 0 0 0 0 0 0 0 0 0 0 0 0 0 0 0 0 0 0 0 0 0 0 0 1 0 0 0 0 0 0 0 0 0 0 0 0 0 1 5 2 0 0 0 0 0 0 0 0 0 0 0 0 0 0 0 0 0 3 2 7 0 0 0 0 0 0 0 0 0 0 0 0 6 -2147483647 0 -2147483647 -2147483647 -2147483647 -2147483647 -2147483647 -2147483647 -2147483647 -2147483647 -2147483647 -2147483647 -2147483647 5 0
0 0 0 0 1 1 0 0 0 0 0 0 0 1 0 0 0 0 0 0 0 0 0 0 2 10 5 5 0 0 0 0 0 0 0 0 0 0 0 4 8 6 1 18 0 0 0 0 1 0 0 0 0 0 16 5 3 2 0 1 0 0 0 0 -2147483647 0 2 1 -2147483647 1 0 2 0 0 0 0 0 8 -2147483647 -2147483647 -2147483647 -2147483647 -2147483647 -2147483647 -2147483647 -2147483647 -2147483647 -2147483647 0 0 0 0 0
0 0 0 1 3 40 0 0 2 5 0 2 0 0 1 1 1 0 2 2 0 2 1 2 1 0 4 2 0 0 0 0 0 0 0 2 0 6 30 18 25 15 10 3 15 15 4 0 13 3 3 14 11 58 65 54 18 1 10 4 0 0 0 5 -2147483647 -2147483647 -2147483647 4 3 8 -2147483647 1 1 0 0 1 -2147483647 -2147483647 -2147483647 -2147483647 -2147483647 -2147483647 -2147483647 -2147483647 0 0 0 1 0 0 0 0 0
0 0 4 1 12 0 0 0 1 5 1 1 0 3 0 1 0 0 1 3 1 6 4 0 0 0 0 0 0 0 0 0 0 2 25 6 20 26 20 19 20 4 53 71 9 28 7 0 0 24 17 11 7 6 1 18 40 22 12 41 0 0 0 0 0 45 32 2 3 -2147483647 -2147483647 -2147483647 -2147483647 -2147483647 -2147483647 -2147483647 -2147483647 -2147483647 -2147483647 -2147483647 -2147483647 -2147483647 -2147483647 15 0 0 0 0 0 0 0 0 2
1 0 0 0 0 0 0 0 0 0 1 0 2 0 8 0 2 0 0 3 21 15 0 0 0 0 0 0 0 0 0 33 1 2 25 17 26 31 30 22 6 25 99 76 14 0 0 0 6 71 25 5 2 7 7 5 0 0 8 16 27 8 1 0 0 0 0 0 9 11 9 7 12 8 11 0 1 0 0 2 -2147483647 -2147483647 0 0 0 1 0 0 0 0 0 5 0
0 0 0 0 1 5 3 0 0 0 0 0 0 0 8 12 3 12 17 19 10 0 0 0 0 0 0 0 2 0 20 12 32 23 70 67 19 72 27 23 17 22 29 1 2 86 80 18 15 0 4 0 0 0 0 0 0 0 0 0 0 3 25 13 3 0 0 0 1 2 0 0 2 0 0 0 0 0 1 0 0 0 1 0 0 4 2 0 0 2 0 0 0
1 2 0 10 24 0 3 2 5 0 2 3 4 2 2 2 1 4 27 7 0 0 0 0 0 0 0 0 0 1 4 7 78 49 33 16 35 49 37 2 5 20 0 0 5 2 19 26 13 10 3 11 19 3 1 0 0 0 0 0 0 0 18 0 0 0 0 0 0 0 0 6 15 0 4 3 3 6 5 2 0 0 0 0 0 1 7 0 3 3 8 3 6
0 0 6 15 3 0 2 7 3 0 0 0 0 0 0 3 1 0 0 0 0 0 0 0 0 0 0 0 0 0 10 46 96 48 31 0 27 42 4 0 0 0 0 0 13 9 5 3 24 54 10 0 0 1 10 8 0 0 0 0 4 0 0 0 0 0 0 0 0 0 0 0 8 10 7 0 0 3 0 1 2 0 0 2 7 0 0 0 0 0 0 0 1
6 0 3 6 0 0 0 0 0 0 0 1 0 0 0 7 0 0 0 0 0 0 4 1 1 1 6 5 5 10 34 51 62 136 88 110 11 0 0 0 0 0 0 0 7 3 14 15 19 2 0 0 5 2 5 1 0 4 1 0 0 0 0 6 1 0 0 0 0 0 0 0 0 7 1 1 0 0 0 13 0 0 0 5 1 13 0 0 6 6 29 28 23
1 0 6 4 1 0 0 0 0 0 0 0 0 4 0 0 0 0 0 0 0 0 8 0 10 2 7 9 89 58 67 90 55 42 17 2 0 1 0 0 0 0 3 6 6 22 22 7 2 6 0 3 4 7 13 72 25 31 4 1 0 0 0 0 1 1 1 0 0 0 0 12 54 40 0 9 3 0 0 24 0 0 0 0 5 29 19 7 0 16 29 2 4
4 4 2 0 0 0 0 0 0 0 0 0 1 0 7 0 0 0 0 0 1 13 23 42 40 41 27 26 12 23 17 68 25 12 2 8 50 1 0 0 0 4 17 23 9 19 33 15 11 0 0 0 3 11 17 14 4 17 45 18 10 6 2 11 0 0 0 5 0 7 30 12 17 14 1 1 1 3 3 6 5 0 11 5 24 9 43 118 27 10 10 4 20
0 2 0 0 1 0 0 0 0 0 0 0 0 0 0 0 0 5 2 0 20 57 75 115 154 120 73 66 10 25 7 8 16 38 90 61 10 0 0 0 4 5 1 4 0 2 5 0 2 4 46 25 8 0 12 2 24 32 3 22 29 6 1 0 10 11 0 2 0 10 1 0 0 1 0 0 0 13 17 64 51 26 4 2 8 0 4 52 6 0 2 15 19
7 0 0 0 1 3 2 0 0 0 2 9 0 0 6 14 9 5 0 12 12 19 97 72 142 95 54 31 20 0 0 16 15 98 119 51 70 3 0 2 3 0 6 4 48 93 15 1 0 0 3 9 102 41 28 20 18 46 63 62 6 7 2 20 0 3 2 13 47 49 35 8 2 18 20 21 14 33 0 0 2 0 2 30 12 36 74 40 0 0 6 29 5
10 4 3 0 0 0 0 0 0 3 5 12 0 3 4 7 13 23 20 50 68 110 135 123 137 61 71 25 79 0 4 50 45 86 136 116 72 68 75 9 5 25 26 62 79 43 47 77 68 13 19 23 13 29 29 39 29 101 108 59 62 40 14 4 13 0 5 3 52 142 66 9 13 34 82 23 17 4 0 0 28 21 48 87 104 57 43 28 4 52 40 27 0
3 0 1 0 3 0 0 0 0 0 1 1 0 53 132 81 92 32 20 80 89 76 35 11 121 213 176 143 11 9 8 24 15 20 98 130 118 36 39 71 0 3 12 6 14 63 67 67 91 24 31 45 22 27 29 10 83 163 137 93 46 19 25 20 0 29 51 35 17 54 68 4 50 24 147 14 0 0 7 63 159 44 37 48 28 2 2 21 35 56 8 0 4
0 1 1 1 0 0 0 0 0 13 0 0 10 26 17 58 58 13 27 66 43 140 85 61 55 11 79 90 122 64 112 13 8 11 12 5 42 45 21 59 17 0 6 5 8 67 91 107 46 10 53 21 78 69 43 78 130 58 77 123 104 62 58 28 4 18 77 60 79 33 8 22 16 19 0 6 3 109 128 79 111 157 71 0 5 4 3 6 38 29 42 5 12
0 0 0 3 2 0 0 0 1 0 11 3 0 1 2 2 6 8 15 2 2 76 65 46 85 50 79 53 66 51 67 7 35 17 23 31 89 195 130 28 33 24 36 40 27 56 56 87 42 10 0 12 24 5 19 77 65 92 115 39 65 101 85 90 73 62 69 41 76 8 0 0 3 1 1 83 14 47 29 52 62 11 62 0 10 28 33 46 53 9 22 16 2
1 0 0 1 7 2 2 0 0 0 18 0 0 0 0 2 11 12 2 0 1 7 7 13 30 32 31 51 25 32 58 38 65 13 71 87 70 78 5 40 1 5 14 33 14 98 52 85 11 0 19 1 0 0 1 2 12 20 62 63 28 48 76 101 131 105 39 5 68 49 1 6 0 8 28 15 1 11 25 98 177 100 65 3 13 24 44 47 26 11 0 0 4
3 0 0 0 1 4 5 1 0 11 4 0 0 0 0 1 4 3 2 8 9 6 0 3 24 41 87 21 34 22 50 34 1 5 20 7 8 11 33 13 11 6 2 21 26 44 72 5 45 59 7 96 12 1 0 3 4 2 8 6 23 32 90 119 65 56 22 31 45 29 3 4 9 11 22 30 13 4 30 0 21 33 82 63 110 34 24 15 18 5 0 1 0
4 1 4 2 3 9 5 19 13 23 7 2 1 0 4 5 0 2 2 9 10 15 1 17 9 44 10 6 2 0 5 2 0 1 6 5 0 26 3 6 8 12 4 5 35 25 39 8 39 7 5 5 6 32 28 35 40 23 26 0 2 6 90 64 9 21 86 160 67 46 7 0 3 6 0 5 35 0 7 13 41 79 43 31 27 11 23 6 4 1 3 2 12
10 0 8 2 0 30 2 0 0 20 7 0 0 0 0 0 1 2 3 2 0 0 1 1 8 0 0 9 0 0 0 0 0 8 11 42 6 23 15 28 18 20 12 11 9 4 0 1 2 20 10 9 9 8 18 0 9 10 26 36 28 58 42 71 42 48 44 29 38 29 30 30 49 48 19 5 3 2 5 10 0 2 22 18 16 2 42 17 3 9 7 6 18
3 0 1 4 0 11 0 0 0 0 0 1 0 0 0 0 1 1 0 0 0 0 0 2 4 0 1 7 10 17 1 0 0 53 2 4 42 7 12 21 37 22 12 0 0 0 0 2 12 5 0 3 2 5 14 4 0 9 32 9 14 19 48 40 32 34 61 46 24 42 14 80 36 37 51 18 3 3 1 0 2 8 15 26 25 2 1 13 7 0 7 7 22
0 0 6 6 22 7 2 0 0 0 0 0 0 0 0 5 0 0 0 0 5 0 0 0 0 1 1 0 3 2 1 0 3 1 6 34 21 7 54 23 18 2 0 0 0 7 0 3 54 29 16 7 0 0 7 7 7 2 0 7 0 1 11 25 51 45 42 82 105 121 79 7 10 5 4 4 0 2 0 1 3 17 74 0 1 0 2 10 3 35 5 8 42
0 5 2 4 13 0 3 0 0 0 0 0 0 0 0 2 3 4 2 0 14 2 5 0 5 12 5 0 5 2 0 1 12 18 9 31 2 5 19 22 7 0 0 3 0 0 6 10 12 56 6 0 0 0 0 3 28 32 47 25 40 43 40 70 140 134 131 177 120 65 35 15 52 0 3 7 11 5 1 5 0 32 59 55 6 3 2 3 6 3 1 0 2
0 0 24 1 6 0 3 3 0 0 0 0 5 3 0 0 0 1 20 8 0 2 2 6 7 12 5 0 0 9 2 1 2 1 1 1 0 0 13 26 9 0 6 10 29 18 0 0 7 4 27 3 2 0 7 0 39 54 41 57 75 115 89 37 53 39 129 72 20 0 9 9 44 0 0 16 4 6 78 9 5 8 25 0 47 38 0 2 0 0 0 4 11
0 0 8 8 3 4 0 3 0 0 0 0 10 5 3 0 0 3 0 0 0 1 8 8 1 0 1 8 5 1 6 3 0 1 5 4 2 0 0 12 33 13 3 0 0 0 0 0 0 0 0 4 6 1 1 2 15 41 39 68 32 4 9 10 1 17 46 110 6 0 44 21 41 38 0 3 5 0 4 5 0 0 0 0 6 17 0 2 0 0 0 0 4
2 10 0 0 4 18 17 6 0 2 0 0 0 0 0 0 0 0 3 1 0 2 9 11 3 3 0 2 0 0 0 0 1 4 0 0 3 0 0 0 13 19 21 9 0 0 0 0 0 0 5 13 0 2 3 38 26 20 41 46 13 3 40 8 14 11 7 61 60 16 5 2 90 77 5 0 6 5 32 19 0 0 0 0 0 0 12 5 0 0 0 2 1
0 0 0 0 0 6 23 0 0 0 0 0 0 0 0 0 0 0 2 1 2 1 0 0 0 0 0 8 8 10 2 0 2 3 1 0 3 0 0 0 0 2 10 23 31 16 14 8 2 0 0 1 1 1 6 35 37 35 4 7 17 5 17 8 0 17 61 63 26 40 47 4 7 32 0 0 0 3 0 91 44 0 0 0 0 0 0 19 11 0 0 13 0
0 0 21 0 7 7 9 0 0 0 0 0 0 0 0 0 0 0 1 0 5 5 0 0 0 0 0 2 8 4 0 0 3 6 8 7 10 4 0 0 2 7 32 24 20 15 40 20 27 5 8 9 0 0 1 3 16 24 9 27 54 7 16 45 35 0 35 17 89 15 90 29 0 15 0 0 0 0 57 41 60 0 0 0 0 0 0 0 8 27 25 7 2
0 0 0 14 6 14 0 0 1 0 0 1 0 0 0 0 0 0 1 0 0 0 0 0 0 0 1 1 0 2 0 0 0 1 1 11 12 14 9 3 0 0 0 0 1 1 0 19 36 50 40 27 19 8 0 0 0 9 29 22 31 10 12 35 20 24 17 26 11 45 13 8 0 6 59 21 0 0 6 33 133 17 9 1 0 0 0 0 0 15 13 30 0
0 0 0 0 4 8 6 0 0 0 0 0 0 0 1 0 1 3 0 0 0 0 0 0 0 0 4 0 1 0 8 4 11 0 0 0 2 1 0 0 0 0 10 6 0 0 0 0 2 0 0 21 29 3 0 0 0 0 12 11 37 18 19 4 10 11 35 11 19 25 6 17 9 0 65 9 0 0 0 0 14 35 24 38 0 0 0 0 0 0 12 102 76
0 0 0 4 0 7 0 0 0 0 0 0 0 3 4 0 0 0 1 2 3 0 0 0 1 14 7 0 4 3 1 0 0 1 0 4 0 0 1 0 1 0 0 1 1 0 0 1 0 3 0 5 5 5 1 0 0 7 0 4 8 10 7 4 8 7 41 4 2 6 28 72 77 8 4 6 6 25 0 0 0 65 17 2 0 0 0 0 0 0 2 13 27
0 0 6 4 2 6 0 1 3 0 0 0 0 0 0 1 1 2 2 0 0 0 0 1 0 5 0 0 15 1 0 0 0 0 2 0 0 0 3 0 0 0 5 6 5 0 4 0 2 1 4 15 14 41 18 3 8 13 0 0 0 0 2 7 20 1 4 4 0 18 0 40 80 127 61 7 14 19 3 0 4 16 39 19 6 3 14 0 0 1 2 30 19
