Land_cover_rasters/CL_wetlands_16.asc
NCOLS 642 
NROWS 378 
XLLCORNER -19.0000644 
YLLCORNER 18.9999684 
CELLSIZE 0.1666666 
NODATA_value -2147483647 
[rows 82 to 122 of 378, columns 279 to 371 of 642]
0 0 0 0 0 0 0 0 0 0 0 0 0 0 0 0 0 3 2 0 0 0 0 2 0 0 0 0 0 0 0 0 0 0 2 0 0 0 1 0 0 1 5 1 0 0 0 0 0 0 0 0 8 5 0 3 0 0 0 0 0 0 0 0 0 0 0 0 0 -2147483647 -2147483647 -2147483647 -2147483647 -2147483647 -2147483647 -2147483647 -2147483647 -2147483647 -2147483647 -2147483647 -2147483647 -2147483647 -2147483647 -2147483647 -2147483647 -2147483647 -2147483647 -2147483647 -2147483647 -2147483647 -2147483647 -2147483647 -2147483647
4 9 0 5 0 0 0 0 0 6 0 0 0 0 0 0 1 2 0 5 2 0 0 0 0 7 0 0 0 0 0 3 0 0 1 2 0 0 1 0 0 0 0 0 0 14 19 0 0 1 0 0 4 2 2 0 0 0 0 0 0 0 1 0 0 0 2 1 0 0 0 0 -2147483647 -2147483647 -2147483647 -2147483647 -2147483647 -2147483647 -2147483647 -2147483647 -2147483647 -2147483647 -2147483647 -2147483647 -2147483647 -2147483647 -2147483647 -2147483647 -2147483647 -2147483647 -2147483647 -2147483647 -2147483647
0 3 1 0 5 0 0 0 3 2 0 0 0 0 0 0 0 0 0 0 0 0 0 0 0 0 0 0 0 0 1 0 0 3 0 0 0 0 0 0 0 0 0 0 0 6 29 1 0 0 5 2 0 3 0 6 24 14 1 0 0 0 0 3 3 5 0 0 0 0 0 0 0 0 0 0 -2147483647 -2147483647 -2147483647 -2147483647 -2147483647 -2147483647 -2147483647 -2147483647 -2147483647 -2147483647 -2147483647 -2147483647 -2147483647 -2147483647 -2147483647 -2147483647 -2147483647
17 0 0 0 0 0 6 1 0 2 0 0 0 0 0 0 1 2 0 0 0 0 1 2 0 0 0 0 0 0 0 0 0 0 0 0 0 0 0 0 0 0 0 0 0 5 1 0 1 0 0 0 0 0 0 0 0 0 0 0 0 0 0 0 0 0 0 0 0 0 0 0 0 0 0 0 0 2 0 -2147483647 -2147483647 -2147483647 -2147483647 -2147483647 -2147483647 -2147483647 -2147483647 -2147483647 -2147483647 -2147483647 -2147483647 -2147483647 -2147483647
1 4 5 4 0 1 2 0 1 0 1 0 0 0 0 0 0 0 0 0 0 0 6 8 18 0 0 0 1 0 2 4 0 0 1 1 0 0 0 0 2 4 4 0 0 0 4 0 0 0 0 0 0 8 0 0 0 0 0 0 0 0 0 0 0 0 0 0 0 0 0 0 0 0 0 2 0 0 14 0 0 -2147483647 -2147483647 -2147483647 -2147483647 -2147483647 -2147483647 -2147483647 -2147483647 -2147483647 -2147483647 -2147483647 -2147483647
2 7 0 0 0 0 0 0 0 0 0 1 0 0 2 0 0 0 0 0 0 0 0 0 0 0 0 0 1 0 1 0 0 1 0 0 0 0 0 0 0 0 1 2 1 0 0 0 0 0 0 8 32 10 13 18 10 2 0 7 3 0 0 0 0 0 0 0 0 0 0 0 0 0 2 0 0 4 2 13 2 -2147483647 -2147483647 -2147483647 -2147483647 -2147483647 -2147483647 -2147483647 -2147483647 -2147483647 -2147483647 -2147483647 -2147483647
50 1 3 2 2 2 0 1 1 0 3 3 4 17 3 3 1 0 0 0 0 0 0 0 0 0 0 0 0 0 2 0 0 0 0 0 0 0 0 0 2 0 2 0 3 0 0 0 0 0 0 2 0 0 1 1 3 3 15 10 2 0 1 0 0 0 0 0 0 0 0 0 0 0 0 0 0 0 0 13 2 1 -2147483647 -2147483647 -2147483647 -2147483647 -2147483647 -2147483647 -2147483647 -2147483647 -2147483647 -2147483647 -2147483647
2 49 0 0 0 0 4 6 3 0 0 1 0 4 0 0 0 0 0 0 0 0 0 0 0 0 0 0 0 0 -2147483647 1 0 0 0 3 2 8 19 13 19 4 0 2 0 4 2 1 0 0 1 4 1 5 16 12 4 0 0 4 14 0 0 0 1 0 0 0 0 0 0 0 0 0 0 0 0 0 0 0 7 0 1 -2147483647 -2147483647 -2147483647 -2147483647 -2147483647 -2147483647 -2147483647 -2147483647 -2147483647 -2147483647
1 12 5 0 0 0 17 2 0 0 0 0 0 0 0 0 0 0 0 1 4 1 4 0 0 2 1 6 0 0 -2147483647 -2147483647 -2147483647 0 0 0 3 5 0 19 19 1 0 0 3 10 7 12 5 8 4 0 3 7 26 19 15 2 10 2 1 1 0 1 1 0 0 0 2 1 0 0 0 0 0 0 0 0 1 6 32 5 4 -2147483647 -2147483647 -2147483647 -2147483647 -2147483647 -2147483647 -2147483647 -2147483647 -2147483647 -2147483647
1 0 0 0 0 0 3 0 0 2 0 0 1 0 0 0 0 0 0 2 8 0 0 0 3 0 4 3 0 0 1 0 -2147483647 -2147483647 -2147483647 0 -2147483647 -2147483647 1 2 0 0 0 0 0 2 0 70 100 57 34 14 17 103 185 53 94 36 0 0 1 5 0 2 0 0 1 0 0 0 0 0 1 2 4 2 6 0 4 0 2 -2147483647 -2147483647 -2147483647 -2147483647 -2147483647 -2147483647 -2147483647 -2147483647 -2147483647 -2147483647 -2147483647 -2147483647
1 0 1 0 0 0 0 0 0 0 0 0 0 1 0 0 0 0 0 5 6 2 0 0 0 0 1 0 13 3 12 0 0 0 -2147483647 -2147483647 -2147483647 -2147483647 -2147483647 -2147483647 -2147483647 -2147483647 0 -2147483647 4 10 9 1 46 134 93 27 77 50 77 69 41 33 7 36 33 6 0 0 2 0 1 0 0 3 1 0 0 0 1 8 27 0 6 1 -2147483647 -2147483647 -2147483647 -2147483647 -2147483647 -2147483647 -2147483647 -2147483647 -2147483647 -2147483647 -2147483647 -2147483647 -2147483647
0 0 2 0 1 0 0 1 0 0 0 0 0 1 0 0 0 0 0 4 0 0 0 2 0 0 0 2 5 0 6 0 0 8 2 2 -2147483647 -2147483647 -2147483647 -2147483647 -2147483647 -2147483647 -2147483647 -2147483647 -2147483647 -2147483647 -2147483647 12 25 9 8 22 92 60 4 14 0 3 19 15 28 14 16 37 38 41 7 23 3 3 11 2 24 0 4 4 16 1 -2147483647 -2147483647 -2147483647 -2147483647 -2147483647 -2147483647 -2147483647 -2147483647 -2147483647 111 142 141 68 -2147483647 -2147483647
0 0 4 7 6 0 0 1 6 0 0 0 0 0 0 0 0 0 0 1 0 0 1 0 1 13 0 14 0 0 0 1 0 0 1 8 7 0 -2147483647 -2147483647 -2147483647 -2147483647 -2147483647 -2147483647 -2147483647 -2147483647 -2147483647 -2147483647 -2147483647 -2147483647 -2147483647 -2147483647 -2147483647 -2147483647 -2147483647 -2147483647 -2147483647 3 8 31 45 29 46 53 72 30 24 37 8 32 11 31 28 17 12 -2147483647 -2147483647 -2147483647 -2147483647 -2147483647 -2147483647 -2147483647 -2147483647 -2147483647 -2147483647 -2147483647 70 138 118 243 194 268 244
0 0 0 2 2 8 2 0 0 0 0 0 0 1 1 3 0 0 3 0 0 1 4 0 10 5 1 0 2 1 2 7 2 2 32 40 8 0 2 2 2 3 -2147483647 -2147483647 -2147483647 -2147483647 -2147483647 -2147483647 -2147483647 -2147483647 -2147483647 -2147483647 -2147483647 -2147483647 -2147483647 -2147483647 -2147483647 -2147483647 -2147483647 -2147483647 -2147483647 -2147483647 15 44 5 1 2 1 -2147483647 -2147483647 -2147483647 -2147483647 -2147483647 -2147483647 -2147483647 -2147483647 -2147483647 -2147483647 -2147483647 -2147483647 -2147483647 -2147483647 -2147483647 3 58 39 23 19 58 220 257 174 251
0 0 0 0 2 1 0 0 0 0 1 0 4 5 13 0 0 0 0 0 1 2 1 6 37 2 12 0 2 11 46 58 53 64 16 22 9 3 8 0 0 20 21 -2147483647 -2147483647 -2147483647 -2147483647 -2147483647 -2147483647 -2147483647 -2147483647 -2147483647 -2147483647 -2147483647 -2147483647 -2147483647 -2147483647 -2147483647 -2147483647 -2147483647 -2147483647 -2147483647 -2147483647 -2147483647 -2147483647 -2147483647 -2147483647 -2147483647 -2147483647 -2147483647 -2147483647 -2147483647 -2147483647 -2147483647 -2147483647 -2147483647 -2147483647 -2147483647 -2147483647 50 46 1 4 7 26 29 21 1 0 34 65 113 207
1 0 2 0 0 2 0 0 0 0 3 3 0 0 0 0 0 0 0 0 16 10 8 13 4 0 0 0 2 4 26 47 17 22 33 7 13 56 40 5 14 43 58 18 -2147483647 -2147483647 -2147483647 -2147483647 -2147483647 -2147483647 -2147483647 -2147483647 -2147483647 -2147483647 -2147483647 -2147483647 -2147483647 -2147483647 -2147483647 -2147483647 -2147483647 -2147483647 -2147483647 -2147483647 -2147483647 -2147483647 -2147483647 -2147483647 -2147483647 -2147483647 -2147483647 -2147483647 -2147483647 -2147483647 -2147483647 -2147483647 -2147483647 6 3 2 9 3 10 23 76 104 76 2 17 60 19 0 1
0 0 1 12 0 0 14 12 6 14 11 0 2 0 1 0 17 1 6 6 0 4 41 23 18 1 4 14 1 16 22 12 50 52 59 95 135 96 67 37 56 106 137 -2147483647 -2147483647 -2147483647 -2147483647 -2147483647 -2147483647 -2147483647 -2147483647 -2147483647 -2147483647 -2147483647 -2147483647 -2147483647 -2147483647 -2147483647 -2147483647 -2147483647 -2147483647 -2147483647 -2147483647 -2147483647 -2147483647 -2147483647 -2147483647 -2147483647 -2147483647 -2147483647 -2147483647 -2147483647 -2147483647 -2147483647 1 38 73 7 30 57 9 22 43 32 28 2 17 21 14 0 0 0 0
0 0 0 15 10 14 27 10 1 0 0 0 0 0 13 2 9 0 5 9 2 5 0 4 58 34 63 23 81 95 46 21 34 58 54 124 113 168 84 36 56 49 -2147483647 -2147483647 -2147483647 -2147483647 -2147483647 -2147483647 -2147483647 -2147483647 -2147483647 -2147483647 -2147483647 -2147483647 -2147483647 -2147483647 -2147483647 -2147483647 -2147483647 -2147483647 -2147483647 -2147483647 -2147483647 -2147483647 -2147483647 -2147483647 -2147483647 -2147483647 -2147483647 -2147483647 -2147483647 -2147483647 -2147483647 0 0 0 34 2 3 27 7 6 12 0 0 2 65 56 51 0 2 0 1
1 0 0 0 0 0 8 10 3 1 4 0 0 7 7 0 0 4 0 0 1 0 0 0 6 14 91 7 46 53 56 44 31 41 139 108 153 77 90 100 120 40 -2147483647 -2147483647 -2147483647 -2147483647 -2147483647 -2147483647 -2147483647 -2147483647 -2147483647 -2147483647 -2147483647 -2147483647 -2147483647 -2147483647 -2147483647 -2147483647 -2147483647 -2147483647 -2147483647 -2147483647 -2147483647 -2147483647 -2147483647 -2147483647 -2147483647 -2147483647 -2147483647 -2147483647 -2147483647 -2147483647 -2147483647 -2147483647 0 1 2 51 44 76 23 0 0 0 0 55 46 17 1 13 55 8 0
1 0 0 0 0 0 0 2 0 3 1 5 2 30 0 0 0 4 0 0 0 0 19 17 6 9 14 67 129 39 39 24 1 0 24 83 77 90 110 141 130 126 112 -2147483647 -2147483647 -2147483647 -2147483647 -2147483647 0 0 -2147483647 -2147483647 -2147483647 -2147483647 -2147483647 -2147483647 0 0 2 0 -2147483647 -2147483647 -2147483647 -2147483647 -2147483647 -2147483647 -2147483647 -2147483647 -2147483647 -2147483647 -2147483647 -2147483647 -2147483647 -2147483647 -2147483647 -2147483647 40 32 24 2 0 4 0 0 1 29 40 44 13 21 7 3 4
2 0 0 0 0 1 3 4 5 1 0 0 0 1 0 0 1 0 0 1 0 17 11 0 11 5 43 12 196 135 30 47 23 78 27 58 72 29 23 28 25 120 76 70 -2147483647 -2147483647 -2147483647 -2147483647 -2147483647 -2147483647 -2147483647 -2147483647 -2147483647 -2147483647 -2147483647 8 0 0 6 49 37 4 -2147483647 -2147483647 -2147483647 -2147483647 -2147483647 -2147483647 -2147483647 -2147483647 -2147483647 -2147483647 -2147483647 -2147483647 -2147483647 -2147483647 -2147483647 27 6 31 54 2 11 54 91 1 51 0 31 19 0 0 0
0 0 0 1 0 0 1 0 0 23 3 4 0 0 0 0 9 0 0 0 1 7 11 21 14 21 37 11 73 127 79 2 66 89 60 63 17 1 14 57 26 126 141 181 -2147483647 -2147483647 -2147483647 -2147483647 -2147483647 -2147483647 -2147483647 -2147483647 -2147483647 -2147483647 8 0 0 24 30 19 64 15 12 7 48 37 13 0 -2147483647 -2147483647 -2147483647 -2147483647 -2147483647 -2147483647 -2147483647 -2147483647 -2147483647 27 39 25 81 99 9 18 8 93 79 74 60 76 31 13 0
0 0 0 1 3 0 0 1 1 0 0 13 1 1 8 5 29 0 2 0 3 50 89 26 5 21 34 55 95 97 47 29 50 23 32 3 0 0 3 0 11 76 116 151 -2147483647 -2147483647 -2147483647 -2147483647 -2147483647 -2147483647 -2147483647 -2147483647 -2147483647 -2147483647 -2147483647 -2147483647 0 3 8 8 6 0 80 98 24 1 23 14 0 2 77 156 -2147483647 6 63 88 47 20 19 32 12 11 5 39 44 12 75 116 64 53 81 70 24
2 0 0 0 0 0 0 7 11 0 1 4 0 0 2 0 9 0 0 0 17 33 57 25 10 3 13 21 52 41 118 141 153 23 24 4 5 18 0 3 0 25 154 172 99 -2147483647 -2147483647 -2147483647 -2147483647 -2147483647 -2147483647 -2147483647 -2147483647 -2147483647 -2147483647 -2147483647 -2147483647 -2147483647 13 28 23 -2147483647 3 3 31 96 10 126 69 22 77 49 203 138 155 137 93 52 14 11 18 2 33 22 2 0 0 89 72 8 26 51 73
0 2 3 5 0 0 0 4 0 0 0 0 7 1 0 0 0 3 0 1 9 28 33 26 40 11 11 28 2 13 59 117 116 43 109 68 95 87 42 0 10 55 65 75 97 113 187 121 83 102 63 -2147483647 -2147483647 -2147483647 -2147483647 -2147483647 -2147483647 -2147483647 -2147483647 -2147483647 -2147483647 -2147483647 -2147483647 0 56 87 75 42 40 0 20 65 77 77 35 5 80 196 216 160 13 28 15 15 36 6 9 66 75 25 25 37 2
3 0 0 0 1 2 1 1 0 1 3 0 15 0 0 0 2 0 11 7 7 15 7 2 0 2 8 22 49 37 82 126 110 75 86 133 43 75 48 0 25 8 20 28 0 16 2 25 125 109 191 171 -2147483647 -2147483647 -2147483647 -2147483647 -2147483647 -2147483647 -2147483647 -2147483647 -2147483647 -2147483647 -2147483647 3 4 114 88 37 87 141 132 178 21 22 159 169 177 33 16 26 19 41 165 182 194 20 71 33 109 39 17 48 95
2 5 0 0 0 0 0 0 0 0 1 0 0 0 11 10 0 0 14 9 6 1 0 2 1 2 9 3 6 20 85 125 26 179 140 114 202 133 66 21 2 3 67 0 0 0 3 33 69 67 61 161 114 218 124 -2147483647 -2147483647 -2147483647 -2147483647 -2147483647 -2147483647 -2147483647 -2147483647 113 1 4 23 25 58 51 39 4 7 127 251 156 128 171 1 16 4 0 0 34 120 49 59 117 81 25 14 52 54
0 0 0 1 2 0 0 0 2 0 0 0 0 0 1 2 0 0 11 4 0 10 11 6 4 0 1 0 5 20 96 87 110 9 97 118 93 108 88 50 31 16 1 32 5 30 43 50 89 115 10 4 37 77 70 118 176 170 81 44 118 193 160 105 90 35 147 72 120 68 60 2 14 23 45 23 65 149 46 0 31 9 5 7 16 40 2 51 37 4 0 47 33
0 0 0 0 7 0 0 0 0 0 0 0 0 0 0 0 0 5 2 0 0 14 21 2 35 10 6 6 78 43 3 0 33 16 2 51 133 164 184 105 103 104 20 12 49 161 106 79 259 121 69 43 61 57 67 66 98 126 63 63 85 224 150 184 61 165 30 47 131 37 38 0 5 22 2 10 32 89 64 3 81 32 5 9 4 9 11 24 13 6 25 20 21
0 2 1 2 11 0 0 0 0 0 1 0 0 1 0 0 13 7 15 6 1 27 22 3 2 0 0 55 74 9 8 30 3 8 109 9 1 82 59 46 83 38 93 139 236 124 26 52 28 103 219 109 164 237 189 67 100 62 12 24 62 20 125 61 141 96 19 36 0 13 6 5 83 52 0 37 21 1 23 29 96 88 88 25 0 0 28 101 29 31 13 5 29
0 0 0 2 3 0 0 0 2 0 1 0 1 0 3 1 1 0 0 1 0 6 15 40 4 2 31 50 0 0 5 0 0 0 4 4 0 0 1 36 81 9 7 38 45 53 2 16 5 11 54 112 253 299 190 149 176 208 219 105 6 60 28 0 74 14 0 4 21 7 11 2 111 58 29 113 116 18 0 32 44 61 11 3 85 12 54 75 153 51 6 19 1
2 3 0 0 1 4 0 0 0 0 0 2 0 0 4 0 0 0 20 81 22 0 2 17 108 33 29 26 15 2 2 0 0 5 6 53 23 1 0 0 0 0 1 23 7 16 2 29 26 101 165 128 264 246 212 191 158 168 160 48 84 22 5 11 54 134 65 8 5 3 1 10 6 5 0 0 12 0 0 9 26 3 5 0 30 49 126 103 80 102 16 23 2
2 6 0 2 0 0 4 0 0 0 0 2 10 1 0 3 4 0 1 4 22 14 5 46 14 2 18 6 6 41 61 3 3 2 38 75 21 2 4 0 5 0 1 0 1 5 7 0 15 51 54 259 231 297 242 212 188 97 160 105 62 31 1 29 50 164 91 11 20 2 0 0 44 5 46 1 32 0 0 0 17 2 19 5 10 31 72 83 40 70 34 159 83
0 0 0 1 5 1 0 0 0 1 0 0 1 0 0 3 1 4 9 44 62 43 9 17 43 2 0 8 22 20 19 1 1 2 5 0 32 0 12 0 1 0 2 0 0 0 1 1 0 13 12 22 134 205 304 253 80 75 91 150 126 53 3 77 114 60 48 4 4 1 0 0 63 6 25 24 11 0 0 2 0 0 1 0 5 0 19 40 18 8 0 28 40
0 1 0 0 2 4 0 0 0 0 5 5 4 1 0 0 0 0 0 0 2 6 10 65 8 0 16 32 38 3 6 6 66 48 45 0 0 2 0 5 0 0 0 0 3 0 0 0 0 0 0 0 11 86 151 164 128 53 181 179 47 71 28 13 21 44 8 1 13 0 0 0 45 21 11 0 0 73 16 10 0 0 0 1 0 65 31 150 60 27 4 0 4
0 0 0 1 0 0 0 2 0 0 0 0 0 1 0 0 5 0 0 0 0 9 4 2 5 9 6 3 3 1 0 10 38 31 0 1 0 1 0 0 0 0 0 0 4 0 0 0 0 0 0 0 0 4 13 1 0 35 68 42 33 139 60 37 1 11 7 26 11 1 18 3 33 16 132 60 0 23 22 1 0 0 0 0 0 4 4 14 16 3 0 2 0
1 1 7 0 1 0 3 0 0 1 0 1 0 1 2 0 0 1 0 0 1 5 7 6 6 4 15 9 6 0 0 0 7 16 26 5 0 0 0 0 11 0 0 1 0 0 0 0 0 0 0 0 0 5 18 16 0 0 13 0 21 11 6 17 14 11 10 12 30 1 8 0 2 95 234 148 96 113 0 0 0 0 0 0 0 0 0 1 0 1 0 0 12
0 1 0 2 0 1 0 0 0 2 0 1 0 0 0 0 1 0 10 0 0 3 4 0 10 9 24 1 1 0 0 1 0 0 0 0 1 0 0 0 8 1 0 0 0 0 0 0 0 0 0 1 0 0 4 0 0 0 0 0 0 11 0 0 0 2 0 0 0 0 8 36 4 0 0 6 2 30 65 40 0 0 0 0 3 0 0 0 0 3 14 1 20
0 0 1 0 0 0 0 0 0 1 9 0 0 1 4 0 0 0 0 0 0 0 0 0 0 0 5 9 9 33 33 0 0 4 3 20 1 0 0 0 0 0 0 0 0 0 0 0 0 0 0 2 0 0 0 0 0 0 0 0 0 0 0 0 6 3 0 0 9 12 2 42 152 88 0 0 0 0 0 78 7 0 0 0 0 0 0 0 0 0 19 21 148
0 0 0 0 0 0 1 0 0 0 0 3 0 0 0 0 0 0 0 1 0 0 0 0 0 10 0 1 0 14 24 9 0 23 2 0 19 0 0 2 0 1 0 0 0 0 0 0 0 0 5 0 0 0 0 0 0 7 5 0 0 0 0 2 69 125 24 6 0 0 0 0 26 0 1 0 0 0 0 0 0 1 12 0 0 0 0 0 0 8 5 47 26
0 0 0 0 1 0 0 0 0 0 0 2 0 1 0 0 0 0 0 0 0 0 0 1 0 0 0 0 1 0 1 1 0 0 0 0 1 0 10 0 0 0 0 0 0 0 0 0 0 0 0 0 54 97 0 0 9 0 0 0 1 2 55 28 25 67 0 0 2 0 44 48 26 2 17 0 0 0 0 0 1 22 5 0 0 0 0 0 0 3 4 32 2
