Land_cover_rasters/CL_wetlands_16.asc
NCOLS 642 
NROWS 378 
XLLCORNER -19.0000644 
YLLCORNER 18.9999684 
CELLSIZE 0.1666666 
NODATA_value -2147483647 
[rows 82 to 122 of 378, columns 372 to 464 of 642]
-2147483647 -2147483647 -2147483647 -2147483647 -2147483647 -2147483647 -2147483647 1 0 0 0 0 0 0 0 0 0 0 0 -2147483647 -2147483647 -2147483647 -2147483647 -2147483647 -2147483647 -2147483647 -2147483647 -2147483647 -2147483647 -2147483647 -2147483647 -2147483647 -2147483647 -2147483647 -2147483647 -2147483647 -2147483647 -2147483647 -2147483647 -2147483647 -2147483647 -2147483647 -2147483647 -2147483647 -2147483647 0 0 0 0 1 0 0 0 0 0 0 0 0 0 0 1 4 -2147483647 -2147483647 -2147483647 -2147483647 -2147483647 3 0 -2147483647 -2147483647 0 0 0 0 0 0 0 0 0 0 0 0 0 0 0 0 0 0 0 0 0 0
-2147483647 -2147483647 -2147483647 -2147483647 -2147483647 -2147483647 -2147483647 0 0 0 0 0 0 0 0 0 0 0 0 0 0 -2147483647 -2147483647 -2147483647 -2147483647 -2147483647 -2147483647 -2147483647 -2147483647 -2147483647 -2147483647 -2147483647 -2147483647 -2147483647 -2147483647 -2147483647 -2147483647 -2147483647 -2147483647 -2147483647 -2147483647 -2147483647 0 0 0 0 0 0 0 0 0 0 0 0 0 0 0 0 0 3 23 7 5 5 0 10 13 0 0 0 0 0 0 0 0 0 0 0 0 0 0 0 0 0 0 0 0 0 0 0 0 0 0
-2147483647 -2147483647 -2147483647 -2147483647 -2147483647 -2147483647 -2147483647 0 0 5 0 0 0 0 0 0 0 0 0 0 0 1 -2147483647 -2147483647 -2147483647 -2147483647 -2147483647 -2147483647 -2147483647 -2147483647 -2147483647 -2147483647 -2147483647 -2147483647 -2147483647 -2147483647 -2147483647 -2147483647 -2147483647 0 0 0 4 2 0 0 0 0 0 0 0 0 0 1 2 3 1 6 2 6 15 18 1 2 0 0 0 0 0 0 0 0 0 0 0 0 0 0 0 0 0 0 0 0 0 0 0 1 0 0 0 0 0
-2147483647 -2147483647 -2147483647 -2147483647 -2147483647 -2147483647 -2147483647 0 5 10 23 16 10 17 1 0 18 -2147483647 -2147483647 -2147483647 -2147483647 -2147483647 -2147483647 -2147483647 -2147483647 -2147483647 -2147483647 -2147483647 -2147483647 -2147483647 -2147483647 -2147483647 -2147483647 -2147483647 -2147483647 1 0 0 0 0 0 0 0 0 0 1 1 0 0 0 0 0 0 0 5 8 1 0 3 4 0 5 3 0 0 0 0 0 0 0 0 0 0 0 0 0 0 0 0 0 0 0 0 0 0 0 0 0 0 0 0 0 0
-2147483647 -2147483647 -2147483647 -2147483647 -2147483647 -2147483647 3 0 0 69 58 59 58 66 -2147483647 -2147483647 -2147483647 -2147483647 -2147483647 -2147483647 -2147483647 -2147483647 -2147483647 -2147483647 -2147483647 -2147483647 -2147483647 -2147483647 -2147483647 2 0 0 0 0 0 0 2 1 0 0 0 1 0 0 5 0 0 1 2 0 0 0 0 1 6 4 2 17 9 2 0 0 1 0 0 0 0 0 0 0 0 0 0 0 0 0 0 0 3 0 0 1 1 0 1 0 0 0 0 0 0 1 0
-2147483647 -2147483647 -2147483647 -2147483647 -2147483647 2 2 0 0 23 16 63 -2147483647 -2147483647 -2147483647 -2147483647 -2147483647 -2147483647 -2147483647 -2147483647 -2147483647 -2147483647 -2147483647 -2147483647 -2147483647 -2147483647 -2147483647 -2147483647 -2147483647 0 0 0 0 0 0 0 0 0 0 0 1 14 3 4 8 6 0 0 3 0 0 2 3 1 1 2 18 0 1 0 0 3 0 0 0 0 0 0 0 0 0 0 0 0 0 0 0 0 0 0 0 0 0 0 2 0 0 0 0 0 0 0 0
-2147483647 -2147483647 -2147483647 -2147483647 -2147483647 1 0 0 3 3 21 98 72 -2147483647 -2147483647 -2147483647 -2147483647 -2147483647 -2147483647 -2147483647 -2147483647 -2147483647 -2147483647 -2147483647 -2147483647 -2147483647 -2147483647 -2147483647 -2147483647 3 0 0 1 0 0 0 0 0 0 0 9 12 28 27 29 28 6 0 9 7 1 0 0 1 6 3 2 1 6 0 2 5 0 0 0 0 0 0 1 0 0 0 0 0 0 0 0 0 0 0 0 0 0 0 0 0 0 0 0 2 0 2 0
-2147483647 -2147483647 -2147483647 -2147483647 -2147483647 -2147483647 -2147483647 18 43 48 152 131 173 189 80 121 -2147483647 -2147483647 -2147483647 -2147483647 -2147483647 -2147483647 -2147483647 -2147483647 -2147483647 -2147483647 -2147483647 -2147483647 3 26 15 2 0 0 0 0 0 0 0 0 0 5 5 3 8 17 32 14 0 0 0 0 0 0 0 0 1 21 40 24 5 18 6 10 0 0 0 0 0 0 0 0 0 0 0 0 0 0 0 0 1 0 0 0 1 0 0 0 0 0 1 0 2
-2147483647 -2147483647 -2147483647 -2147483647 -2147483647 -2147483647 -2147483647 -2147483647 -2147483647 10 11 69 107 66 102 123 112 -2147483647 -2147483647 -2147483647 -2147483647 -2147483647 -2147483647 -2147483647 -2147483647 -2147483647 0 4 46 58 31 3 18 1 0 0 0 5 3 0 0 0 0 1 0 3 1 7 9 0 2 3 1 15 22 0 3 11 58 60 75 8 18 16 3 0 0 0 0 0 0 0 0 0 0 0 1 0 0 3 1 1 0 0 0 1 1 3 2 8 4 0 0
-2147483647 -2147483647 -2147483647 -2147483647 -2147483647 -2147483647 -2147483647 -2147483647 -2147483647 38 11 82 126 31 33 20 57 61 51 78 50 77 67 100 15 80 95 33 107 169 103 57 3 14 1 0 8 3 4 0 0 0 0 0 0 0 0 0 0 0 0 0 0 45 8 31 1 5 87 39 16 16 0 2 0 0 0 4 11 0 3 0 0 0 0 0 0 0 0 0 1 0 0 0 0 1 2 0 0 0 5 0 1
-2147483647 -2147483647 -2147483647 -2147483647 -2147483647 -2147483647 -2147483647 -2147483647 45 40 90 112 94 34 79 47 57 27 59 26 22 92 154 116 99 175 167 93 103 57 37 23 40 14 6 0 0 0 1 0 0 0 0 0 4 0 0 0 0 30 3 2 0 0 5 6 7 1 33 78 99 36 52 57 2 0 0 0 19 1 6 1 7 1 1 0 0 0 0 0 0 4 0 6 0 0 1 3 3 0 0 0 0
-2147483647 -2147483647 -2147483647 -2147483647 -2147483647 -2147483647 -2147483647 131 129 170 39 24 33 83 159 164 136 84 202 125 230 110 213 253 239 280 217 223 167 48 9 18 17 116 16 25 17 15 8 1 0 0 0 4 11 2 3 47 9 8 3 0 0 0 12 8 15 0 50 94 223 235 113 42 1 0 0 0 8 6 0 1 16 5 5 1 0 0 0 3 6 12 7 0 13 13 0 0 0 0 0 0 0
154 128 105 95 -2147483647 -2147483647 -2147483647 173 123 82 117 95 77 89 86 121 113 135 94 98 182 112 139 221 304 234 273 316 120 50 70 32 29 64 44 73 36 139 10 7 10 0 0 0 6 0 12 16 7 0 0 0 0 0 22 89 42 95 201 69 113 86 118 61 3 0 0 0 0 0 0 6 0 0 12 77 37 78 86 24 51 5 31 11 11 7 11 0 0 0 0 8 16
224 79 73 198 249 261 -2147483647 229 194 51 105 122 168 130 142 123 157 157 10 47 101 6 72 144 239 221 236 59 49 80 93 95 99 133 21 14 59 72 52 24 12 10 4 2 0 1 0 0 0 11 8 1 0 0 6 46 99 2 38 1 23 35 21 16 48 11 3 2 0 3 1 0 0 61 41 25 10 5 4 5 2 0 2 5 38 73 44 9 2 8 30 41 27
264 199 78 71 247 129 77 116 139 9 105 80 49 89 86 62 166 116 203 218 269 177 195 143 177 183 98 68 178 178 315 162 146 101 49 25 44 46 23 26 19 12 37 28 6 0 0 4 0 0 0 6 2 0 11 50 46 3 0 0 0 0 3 18 73 61 2 0 0 1 0 0 0 10 17 5 15 15 8 1 0 37 0 29 141 111 128 187 199 60 15 12 5
45 74 83 117 349 184 204 70 147 163 32 157 134 58 86 155 213 191 188 164 266 302 333 122 154 298 240 125 139 138 178 231 202 187 147 33 67 61 100 115 79 35 60 20 51 57 61 22 43 5 11 0 1 0 0 4 25 17 0 0 0 0 0 0 0 0 0 0 20 2 0 8 4 0 0 0 0 2 39 36 19 39 13 328 342 300 322 193 38 6 6 3 7
0 65 240 71 193 299 336 214 163 21 153 175 163 107 41 174 135 170 110 52 163 276 337 396 376 268 241 299 364 292 300 345 244 181 123 2 51 208 28 19 38 49 50 2 28 81 34 90 4 136 197 145 55 24 1 11 5 18 0 0 0 0 0 0 0 58 55 113 71 84 182 81 6 0 0 31 0 24 28 90 27 0 5 35 161 219 252 159 41 0 0 2 0
0 14 174 75 97 34 68 243 362 170 133 240 53 97 138 29 92 63 65 45 68 228 362 272 113 34 42 43 210 168 177 66 66 47 0 1 46 52 12 14 5 0 1 16 64 177 30 41 29 20 28 8 7 46 5 1 0 13 0 1 0 10 0 5 0 14 60 74 77 135 55 23 14 0 7 73 107 136 127 154 85 16 59 101 32 149 18 0 0 0 0 0 1
15 233 178 55 228 123 142 118 76 157 96 155 34 49 221 212 130 184 205 61 141 180 95 275 320 171 44 53 22 6 13 0 0 0 0 11 6 4 1 1 4 32 20 0 0 6 6 72 11 27 122 62 0 1 38 90 102 11 88 14 10 49 15 60 46 72 151 71 122 51 8 24 3 0 96 185 267 142 113 164 23 0 48 134 12 46 0 0 0 0 0 0 0
46 117 46 22 176 313 83 62 208 109 33 45 23 0 0 0 108 166 59 34 47 99 151 105 92 19 0 12 7 0 0 0 0 0 0 0 2 12 0 0 15 50 15 24 0 0 1 22 0 0 11 22 0 0 7 39 42 56 57 167 202 182 30 81 91 29 136 102 2 15 0 0 31 4 36 55 65 44 25 12 24 30 66 28 7 23 11 9 3 2 0 0 0
0 16 0 16 111 69 210 26 116 69 50 130 165 110 0 0 22 83 149 99 25 8 23 26 3 13 0 8 7 0 0 0 0 0 0 2 0 0 0 0 10 5 34 24 0 0 0 0 0 0 0 0 0 0 0 0 17 0 12 0 37 175 61 64 61 3 2 2 0 0 8 1 24 1 1 0 17 4 51 91 19 12 3 3 3 6 39 29 55 43 0 23 1
0 1 0 12 59 51 237 157 294 201 120 128 101 81 179 184 71 71 106 177 42 0 0 0 0 0 4 2 28 20 0 0 0 0 0 3 0 0 2 17 9 1 0 5 0 1 0 0 0 0 0 0 0 0 0 0 0 0 0 0 0 0 4 8 4 0 0 0 0 72 22 0 1 0 0 0 0 0 7 0 5 0 0 20 2 0 0 0 39 2 12 5 1
0 0 5 56 29 33 25 187 117 154 134 21 11 48 29 47 86 35 15 66 39 5 0 0 0 0 0 0 8 19 11 3 8 0 0 15 4 0 0 37 38 8 1 1 1 0 0 0 0 1 0 5 0 1 0 0 0 0 0 0 0 11 24 0 0 0 1 0 0 3 3 1 10 2 4 2 0 0 0 2 0 3 8 0 0 0 0 0 26 12 0 14 50
0 3 15 25 89 49 18 40 125 206 130 43 49 4 0 6 0 0 9 88 84 43 12 0 0 0 0 0 0 0 0 0 5 0 0 3 8 1 0 0 4 0 0 0 1 6 8 0 0 0 3 5 6 0 0 0 0 0 0 0 0 1 21 7 4 1 0 0 1 1 26 3 14 0 5 0 0 6 50 30 0 8 0 0 0 0 3 44 7 5 7 6 0
0 3 30 78 198 99 2 58 185 11 69 19 28 2 0 0 14 15 19 3 74 72 46 0 0 0 0 0 0 0 0 0 0 0 42 10 0 0 0 4 5 0 12 17 3 0 0 0 0 7 0 47 8 0 5 2 0 0 0 0 0 0 23 8 0 8 0 0 0 0 0 33 4 17 21 19 27 30 2 8 2 0 3 0 0 0 3 33 7 0 0 0 1
2 30 68 169 163 93 8 65 96 87 173 5 0 0 0 0 0 0 0 2 0 8 4 0 1 0 0 0 0 15 5 0 3 32 6 0 4 1 1 2 21 14 43 25 36 21 0 0 0 0 7 22 129 3 1 0 0 0 15 6 20 0 19 11 0 0 0 0 5 6 5 0 0 19 54 105 45 8 22 16 2 6 5 26 50 71 234 90 0 0 0 7 6
13 29 18 1 39 91 112 118 110 8 19 54 0 0 0 0 2 0 0 0 0 0 0 0 0 0 10 10 0 4 0 0 0 0 3 1 7 6 2 32 45 28 14 11 0 28 1 0 0 2 7 15 105 26 4 6 13 0 0 0 0 0 0 0 27 1 0 0 5 60 28 0 0 2 2 0 0 0 4 13 26 0 51 87 101 172 112 7 0 0 0 1 8
37 9 2 0 0 0 0 7 49 75 4 51 58 105 41 0 0 0 0 0 0 0 0 0 0 0 0 4 4 0 0 0 0 0 7 55 21 0 0 24 38 3 5 1 21 0 0 11 2 46 253 70 4 78 33 0 0 0 0 3 2 0 33 0 0 3 0 0 0 24 48 0 0 0 0 0 0 0 0 0 0 10 42 127 30 78 26 0 0 0 0 0 1
13 5 0 0 0 0 0 0 0 0 0 0 0 43 60 20 32 5 0 0 0 0 0 0 0 0 0 0 9 4 0 0 0 0 0 3 0 2 0 0 0 0 3 9 7 0 20 0 0 0 79 71 32 102 37 11 0 0 0 31 0 0 42 0 0 0 11 4 45 9 52 7 27 0 0 1 0 2 5 0 46 64 106 202 220 68 0 0 0 0 2 0 0
8 0 0 0 0 0 12 0 0 0 7 0 0 0 4 0 0 0 0 0 1 2 0 0 0 0 0 5 0 25 31 0 0 0 10 3 13 3 1 0 0 0 0 21 10 17 6 0 2 0 0 39 225 215 44 0 0 0 0 0 2 4 0 0 0 0 8 0 4 24 152 144 51 148 54 20 2 0 60 25 30 38 126 74 146 0 0 3 0 0 10 10 0
0 0 0 3 0 0 0 0 0 0 4 0 0 0 0 8 0 0 0 0 0 0 0 0 0 0 0 1 0 30 88 6 0 0 0 1 1 0 13 0 0 0 3 3 0 0 10 0 77 107 18 53 131 35 63 21 0 5 9 7 2 37 27 0 4 0 96 78 15 60 37 112 180 223 265 208 57 9 15 25 53 25 0 13 3 0 4 0 0 0 3 0 5
6 21 5 0 0 6 0 0 5 2 3 0 0 0 2 0 0 0 4 0 0 0 0 0 0 0 0 0 0 0 0 0 0 0 1 0 0 0 0 0 18 31 59 5 0 16 29 0 17 1 73 47 14 11 8 0 2 8 1 17 27 75 9 0 0 0 50 16 0 6 31 0 0 0 0 0 0 0 40 120 72 47 113 0 6 110 13 2 0 2 0 0 7
22 19 9 0 0 0 0 0 3 0 14 0 2 6 0 0 0 0 0 0 0 0 0 0 0 0 15 1 0 1 0 0 0 0 0 1 5 0 0 0 0 0 38 34 0 5 14 103 63 45 8 17 11 39 9 77 247 183 85 0 0 0 0 0 0 1 8 19 0 0 0 0 0 0 0 0 0 0 0 25 10 194 96 27 199 180 24 0 0 0 0 0 0
35 22 7 55 45 2 0 0 1 7 2 6 0 0 0 0 0 0 0 0 20 2 0 0 0 0 3 0 0 0 0 2 2 8 0 2 8 0 0 0 0 0 0 7 22 0 32 119 147 49 1 9 39 42 152 93 81 107 29 0 0 0 0 0 0 0 20 6 1 2 30 0 0 0 0 0 2 0 0 96 112 138 77 144 223 78 106 21 2 0 0 0 0
225 180 187 36 97 26 44 21 1 0 1 0 1 0 0 0 0 0 0 4 22 29 0 8 0 0 0 0 0 0 0 5 0 0 3 3 7 0 0 0 0 0 0 9 62 44 42 6 0 9 11 67 206 301 216 18 1 1 5 9 16 0 0 0 0 0 2 0 0 0 0 0 0 0 0 0 0 0 2 103 192 166 43 28 21 58 59 21 5 2 0 0 0
111 336 266 151 143 44 77 41 82 54 5 0 0 0 0 0 0 0 0 0 0 0 0 0 0 3 0 0 0 0 15 6 0 0 2 0 0 1 0 0 3 0 0 4 14 14 12 4 0 33 27 36 152 174 28 27 2 48 85 17 15 31 5 0 0 5 2 0 3 4 0 0 0 0 0 0 0 0 12 8 0 0 3 0 88 53 44 23 0 0 0 5 0
56 295 264 243 176 101 116 67 109 168 188 28 0 6 0 0 2 17 1 0 0 0 0 0 0 13 0 0 0 0 0 16 0 0 0 0 0 0 0 0 17 5 4 3 2 0 6 19 4 14 16 31 0 10 1 1 0 5 3 8 0 0 0 14 11 0 0 0 8 3 0 0 0 0 2 0 0 0 5 0 0 10 5 19 64 4 3 0 0 0 0 0 0
113 162 135 162 137 174 138 59 159 281 136 28 109 27 37 0 0 0 0 0 0 0 6 19 0 0 0 0 0 2 7 0 0 2 0 0 0 48 4 9 24 0 0 0 0 0 0 0 9 0 0 0 0 0 4 70 15 15 40 17 4 0 0 3 1 0 0 0 0 0 0 0 0 0 8 2 1 8 22 23 0 0 9 5 6 13 0 0 0 0 0 0 0
215 22 0 1 4 24 31 0 10 68 33 27 13 73 101 93 90 85 28 3 0 0 1 0 0 0 0 0 0 2 0 3 0 0 0 0 0 0 0 0 0 0 1 22 2 14 6 0 13 30 2 25 27 0 21 14 32 5 0 12 12 28 0 0 0 0 0 0 0 0 0 5 0 0 31 16 23 13 16 9 6 0 2 0 8 0 1 0 0 5 0 0 0
22 0 0 0 0 0 0 0 1 0 8 0 0 5 2 40 94 55 92 51 33 104 0 0 0 0 3 0 0 0 0 9 6 0 0 0 0 0 0 10 0 0 9 8 0 0 0 3 1 1 22 9 13 0 0 0 0 6 0 0 0 9 0 0 11 0 0 0 0 0 0 15 8 0 0 3 6 0 11 37 0 7 17 24 6 12 0 0 0 0 0 0 0
0 0 0 3 0 0 0 0 0 5 11 0 0 0 0 2 0 7 4 13 17 96 86 18 29 0 0 0 3 16 17 134 17 2 0 1 2 0 0 0 0 0 0 0 0 0 0 0 0 0 24 17 6 2 0 0 0 0 0 0 0 0 0 0 8 69 122 86 23 14 47 92 2 0 4 8 1 9 8 39 60 68 2 11 1 9 0 0 0 0 0 0 0
