Land_cover_rasters/CL_woody_savannas_16.asc
NCOLS 642 
NROWS 378 
XLLCORNER -19.0000644 
YLLCORNER 18.9999684 
CELLSIZE 0.1666666 
NODATA_value -2147483647 
[rows 123 to 163 of 378, columns 184 to 275 of 642]
53 73 47 49 55 30 9 48 30 115 12 9 30 5 8 35 35 60 49 14 0 0 0 0 1 2 5 1 8 0 0 6 9 -2147483647 -2147483647 -2147483647 -2147483647 -2147483647 -2147483647 -2147483647 -2147483647 -2147483647 -2147483647 -2147483647 -2147483647 -2147483647 -2147483647 -2147483647 -2147483647 -2147483647 -2147483647 -2147483647 -2147483647 -2147483647 -2147483647 -2147483647 -2147483647 -2147483647 -2147483647 4 4 0 1 1 4 3 7 0 24 2 20 20 4 1 33 35 16 3 15 5 4 6 5 30 30 8 0 0 7 7 12 2
44 47 51 14 20 17 22 15 19 17 26 8 4 0 0 0 3 6 5 5 4 3 15 30 28 11 0 2 2 12 14 13 3 -2147483647 -2147483647 -2147483647 -2147483647 -2147483647 -2147483647 -2147483647 -2147483647 -2147483647 -2147483647 -2147483647 -2147483647 -2147483647 -2147483647 -2147483647 -2147483647 -2147483647 -2147483647 -2147483647 -2147483647 -2147483647 -2147483647 -2147483647 -2147483647 -2147483647 -2147483647 2 0 2 2 0 3 2 11 4 2 0 2 7 17 30 26 7 12 15 11 3 0 1 9 19 3 6 13 8 7 10 26 7
17 37 12 12 0 12 2 8 14 9 17 35 5 0 2 0 10 26 2 0 13 10 2 7 13 2 1 0 0 0 4 0 0 -2147483647 -2147483647 -2147483647 -2147483647 -2147483647 -2147483647 -2147483647 -2147483647 -2147483647 -2147483647 -2147483647 -2147483647 -2147483647 -2147483647 -2147483647 -2147483647 -2147483647 -2147483647 -2147483647 -2147483647 -2147483647 -2147483647 -2147483647 -2147483647 -2147483647 2 2 14 3 1 9 3 3 8 1 7 0 3 0 2 0 8 12 6 25 0 3 8 5 11 35 16 10 13 1 14 11 8 1
0 7 4 2 0 0 4 24 15 3 3 5 2 15 17 4 0 15 1 3 1 6 4 0 0 1 1 0 0 0 5 0 2 -2147483647 -2147483647 -2147483647 -2147483647 -2147483647 -2147483647 -2147483647 -2147483647 -2147483647 -2147483647 -2147483647 -2147483647 -2147483647 -2147483647 -2147483647 -2147483647 -2147483647 -2147483647 -2147483647 -2147483647 -2147483647 -2147483647 -2147483647 -2147483647 -2147483647 0 4 6 2 2 2 4 11 15 15 4 4 1 2 1 0 0 3 12 10 4 0 1 1 0 0 0 0 1 2 11 1 5 7
2 0 0 0 0 0 3 5 10 23 7 3 4 40 9 3 5 2 3 5 2 0 0 3 4 4 0 0 1 1 1 1 0 0 -2147483647 -2147483647 -2147483647 -2147483647 -2147483647 -2147483647 -2147483647 -2147483647 -2147483647 -2147483647 -2147483647 -2147483647 -2147483647 -2147483647 -2147483647 -2147483647 -2147483647 -2147483647 -2147483647 -2147483647 -2147483647 -2147483647 -2147483647 -2147483647 5 6 1 4 0 4 4 5 3 5 3 0 1 3 9 4 3 0 4 1 2 7 5 3 0 0 1 0 0 0 0 0 0 0
0 7 7 0 0 0 3 0 0 7 4 1 0 1 3 11 9 2 0 1 6 2 0 10 16 1 2 0 0 11 11 2 0 0 8 0 -2147483647 0 -2147483647 -2147483647 -2147483647 -2147483647 -2147483647 -2147483647 -2147483647 -2147483647 -2147483647 -2147483647 -2147483647 -2147483647 -2147483647 -2147483647 -2147483647 -2147483647 -2147483647 -2147483647 -2147483647 -2147483647 12 33 41 14 7 1 5 15 29 6 0 1 7 6 0 0 0 0 4 1 1 0 2 0 0 0 0 1 1 1 2 15 0 2
3 4 5 0 1 8 0 0 0 2 0 6 8 6 3 0 1 4 0 0 1 0 0 20 4 5 9 0 3 0 3 6 7 0 6 1 1 0 0 -2147483647 -2147483647 -2147483647 -2147483647 -2147483647 -2147483647 -2147483647 -2147483647 -2147483647 -2147483647 -2147483647 -2147483647 -2147483647 -2147483647 -2147483647 -2147483647 -2147483647 -2147483647 -2147483647 -2147483647 -2147483647 -2147483647 51 -2147483647 12 10 8 8 5 14 6 2 8 4 5 5 3 0 3 1 6 0 4 12 5 1 29 14 8 12 -2147483647 -2147483647 -2147483647
8 7 4 0 0 0 0 0 0 0 0 0 5 27 3 12 6 0 0 2 2 0 0 0 0 8 8 2 1 2 11 2 1 5 17 0 0 3 0 2 0 -2147483647 -2147483647 -2147483647 -2147483647 -2147483647 -2147483647 -2147483647 2 2 1 -2147483647 -2147483647 -2147483647 -2147483647 -2147483647 -2147483647 -2147483647 -2147483647 -2147483647 -2147483647 -2147483647 -2147483647 18 33 39 47 14 8 7 9 11 28 35 31 11 5 3 1 2 5 0 2 -2147483647 -2147483647 -2147483647 -2147483647 -2147483647 -2147483647 -2147483647 -2147483647 -2147483647
0 0 0 0 0 0 0 2 5 0 7 4 1 8 3 14 6 1 1 0 1 2 0 3 0 0 0 4 1 1 4 7 1 5 6 17 0 0 4 1 0 0 0 -2147483647 -2147483647 -2147483647 -2147483647 -2147483647 -2147483647 -2147483647 -2147483647 -2147483647 -2147483647 -2147483647 -2147483647 -2147483647 -2147483647 -2147483647 -2147483647 -2147483647 -2147483647 -2147483647 -2147483647 -2147483647 -2147483647 18 42 -2147483647 16 5 3 28 24 13 22 28 20 24 -2147483647 -2147483647 -2147483647 -2147483647 -2147483647 -2147483647 -2147483647 -2147483647 -2147483647 -2147483647 -2147483647 -2147483647 -2147483647 -2147483647
0 0 11 1 0 0 2 0 1 2 1 2 0 0 0 0 0 0 0 0 2 0 0 0 0 4 1 13 7 15 4 9 8 6 6 10 3 2 0 1 0 0 0 0 -2147483647 -2147483647 -2147483647 -2147483647 -2147483647 -2147483647 -2147483647 -2147483647 -2147483647 -2147483647 -2147483647 -2147483647 -2147483647 -2147483647 -2147483647 -2147483647 -2147483647 -2147483647 -2147483647 -2147483647 -2147483647 -2147483647 -2147483647 -2147483647 6 4 5 -2147483647 -2147483647 -2147483647 -2147483647 -2147483647 -2147483647 -2147483647 -2147483647 -2147483647 -2147483647 -2147483647 -2147483647 -2147483647 -2147483647 -2147483647 -2147483647 -2147483647 -2147483647 -2147483647 -2147483647 -2147483647
0 0 0 2 0 0 0 0 5 6 3 0 3 3 0 2 3 2 0 0 0 0 0 0 1 0 0 3 29 11 24 8 9 17 20 8 3 1 3 1 0 0 0 0 -2147483647 -2147483647 -2147483647 -2147483647 -2147483647 -2147483647 -2147483647 -2147483647 -2147483647 -2147483647 -2147483647 -2147483647 -2147483647 -2147483647 -2147483647 -2147483647 -2147483647 -2147483647 -2147483647 -2147483647 -2147483647 -2147483647 -2147483647 -2147483647 -2147483647 -2147483647 -2147483647 -2147483647 -2147483647 -2147483647 -2147483647 -2147483647 -2147483647 -2147483647 -2147483647 -2147483647 -2147483647 -2147483647 -2147483647 -2147483647 -2147483647 -2147483647 -2147483647 -2147483647 -2147483647 -2147483647 -2147483647 -2147483647
0 0 0 2 2 10 0 1 1 5 5 3 3 0 0 1 0 0 1 1 5 0 0 0 0 12 10 33 40 25 25 41 31 15 12 19 6 22 2 3 0 0 -2147483647 -2147483647 -2147483647 -2147483647 -2147483647 -2147483647 -2147483647 -2147483647 -2147483647 -2147483647 -2147483647 -2147483647 -2147483647 -2147483647 -2147483647 -2147483647 -2147483647 -2147483647 -2147483647 -2147483647 -2147483647 -2147483647 -2147483647 -2147483647 -2147483647 -2147483647 -2147483647 -2147483647 -2147483647 -2147483647 -2147483647 -2147483647 -2147483647 -2147483647 -2147483647 -2147483647 -2147483647 -2147483647 -2147483647 -2147483647 -2147483647 4 0 1 0 -2147483647 -2147483647 -2147483647 -2147483647 -2147483647
1 4 2 0 0 0 6 0 1 13 12 13 15 11 0 14 8 0 0 0 0 0 8 3 2 0 10 13 24 12 21 25 37 21 8 10 29 3 0 0 -2147483647 -2147483647 -2147483647 -2147483647 -2147483647 -2147483647 -2147483647 -2147483647 -2147483647 -2147483647 -2147483647 -2147483647 -2147483647 -2147483647 -2147483647 -2147483647 -2147483647 -2147483647 -2147483647 -2147483647 -2147483647 -2147483647 -2147483647 -2147483647 -2147483647 -2147483647 -2147483647 -2147483647 -2147483647 -2147483647 -2147483647 -2147483647 -2147483647 -2147483647 -2147483647 -2147483647 6 2 5 3 2 0 0 1 0 0 0 0 1 0 0 2
1 0 0 0 0 1 6 3 0 8 0 4 0 11 10 0 3 4 0 1 1 0 3 20 13 5 4 1 11 0 0 0 3 3 5 1 10 1 0 0 0 -2147483647 -2147483647 -2147483647 -2147483647 -2147483647 -2147483647 -2147483647 -2147483647 -2147483647 -2147483647 -2147483647 -2147483647 -2147483647 -2147483647 -2147483647 -2147483647 -2147483647 -2147483647 -2147483647 -2147483647 -2147483647 -2147483647 -2147483647 -2147483647 -2147483647 -2147483647 -2147483647 -2147483647 -2147483647 -2147483647 -2147483647 25 5 2 2 1 0 0 0 2 0 0 0 0 0 0 0 0 0 9 1
0 0 1 1 0 0 5 15 5 0 0 0 0 0 16 2 2 0 11 0 0 0 3 1 0 0 7 1 2 0 4 0 0 8 2 0 0 0 0 -2147483647 -2147483647 -2147483647 -2147483647 -2147483647 -2147483647 -2147483647 -2147483647 -2147483647 -2147483647 -2147483647 -2147483647 -2147483647 -2147483647 -2147483647 -2147483647 -2147483647 -2147483647 -2147483647 -2147483647 -2147483647 -2147483647 -2147483647 -2147483647 -2147483647 -2147483647 -2147483647 -2147483647 -2147483647 -2147483647 -2147483647 -2147483647 4 12 3 0 0 0 0 0 0 1 0 0 0 0 0 1 0 0 1 0 0
0 0 0 0 1 8 0 0 2 9 0 0 0 0 2 2 1 0 0 7 0 3 0 0 0 2 0 0 0 9 10 1 7 0 0 1 -2147483647 0 -2147483647 -2147483647 -2147483647 -2147483647 -2147483647 -2147483647 -2147483647 -2147483647 -2147483647 -2147483647 -2147483647 -2147483647 -2147483647 -2147483647 -2147483647 -2147483647 -2147483647 -2147483647 -2147483647 -2147483647 -2147483647 -2147483647 -2147483647 -2147483647 -2147483647 -2147483647 1 0 0 2 -2147483647 -2147483647 -2147483647 2 0 0 8 0 0 0 0 3 0 0 0 1 0 0 1 2 0 0 0 4
0 0 0 0 0 0 0 0 1 1 0 2 3 6 1 0 0 0 0 16 0 0 0 2 0 0 0 0 0 1 0 3 2 0 -2147483647 -2147483647 -2147483647 -2147483647 -2147483647 -2147483647 -2147483647 -2147483647 -2147483647 -2147483647 -2147483647 -2147483647 -2147483647 -2147483647 -2147483647 -2147483647 -2147483647 -2147483647 -2147483647 -2147483647 -2147483647 -2147483647 -2147483647 -2147483647 -2147483647 -2147483647 -2147483647 -2147483647 -2147483647 -2147483647 -2147483647 0 -2147483647 -2147483647 -2147483647 -2147483647 -2147483647 2 2 6 3 8 1 0 6 6 0 0 0 0 0 0 0 0 0 0 0 0
0 0 0 1 0 0 0 1 15 3 0 0 0 1 0 0 1 0 0 2 1 3 0 0 8 1 5 4 1 1 0 -2147483647 -2147483647 -2147483647 -2147483647 -2147483647 -2147483647 -2147483647 -2147483647 -2147483647 -2147483647 -2147483647 -2147483647 -2147483647 -2147483647 -2147483647 -2147483647 -2147483647 -2147483647 -2147483647 -2147483647 -2147483647 -2147483647 -2147483647 -2147483647 -2147483647 -2147483647 -2147483647 -2147483647 -2147483647 -2147483647 -2147483647 -2147483647 -2147483647 -2147483647 0 0 6 2 2 -2147483647 11 7 0 21 11 30 0 22 1 2 2 0 0 1 8 4 1 0 3 8 2
0 0 1 0 4 5 2 2 0 0 0 1 0 0 2 0 0 0 7 4 0 0 1 7 2 0 0 0 0 0 0 -2147483647 -2147483647 -2147483647 -2147483647 -2147483647 -2147483647 -2147483647 -2147483647 -2147483647 -2147483647 -2147483647 -2147483647 -2147483647 -2147483647 -2147483647 -2147483647 -2147483647 -2147483647 -2147483647 -2147483647 -2147483647 -2147483647 -2147483647 -2147483647 -2147483647 -2147483647 -2147483647 -2147483647 -2147483647 -2147483647 -2147483647 2 0 2 1 0 1 13 -2147483647 -2147483647 -2147483647 2 3 21 0 9 3 1 0 4 9 0 1 5 6 3 17 27 5 3 0
0 0 0 0 0 0 1 0 0 0 0 0 0 0 0 0 0 0 3 0 0 0 0 0 0 0 0 0 0 0 0 -2147483647 -2147483647 -2147483647 -2147483647 -2147483647 -2147483647 -2147483647 -2147483647 -2147483647 -2147483647 -2147483647 -2147483647 -2147483647 -2147483647 -2147483647 -2147483647 -2147483647 -2147483647 -2147483647 -2147483647 -2147483647 -2147483647 -2147483647 -2147483647 -2147483647 -2147483647 -2147483647 -2147483647 -2147483647 -2147483647 -2147483647 1 10 4 5 -2147483647 -2147483647 -2147483647 -2147483647 -2147483647 -2147483647 -2147483647 -2147483647 -2147483647 -2147483647 -2147483647 19 0 0 0 0 0 1 0 2 6 1 4 2 4 0
0 0 0 0 0 0 0 0 0 0 0 0 0 0 0 0 1 0 0 0 0 0 0 0 5 0 0 0 1 0 0 -2147483647 -2147483647 -2147483647 -2147483647 -2147483647 -2147483647 -2147483647 -2147483647 -2147483647 -2147483647 -2147483647 -2147483647 -2147483647 -2147483647 -2147483647 -2147483647 -2147483647 -2147483647 -2147483647 -2147483647 -2147483647 -2147483647 -2147483647 -2147483647 -2147483647 -2147483647 -2147483647 -2147483647 -2147483647 -2147483647 -2147483647 -2147483647 -2147483647 -2147483647 -2147483647 -2147483647 -2147483647 -2147483647 -2147483647 -2147483647 -2147483647 -2147483647 -2147483647 -2147483647 -2147483647 -2147483647 19 3 3 0 0 0 0 6 1 12 0 0 0 0 0
0 0 0 0 0 3 0 0 0 0 0 0 0 0 1 0 0 0 0 0 4 0 4 0 0 0 1 2 0 0 0 -2147483647 -2147483647 -2147483647 -2147483647 -2147483647 -2147483647 -2147483647 -2147483647 -2147483647 -2147483647 -2147483647 -2147483647 -2147483647 -2147483647 -2147483647 -2147483647 -2147483647 -2147483647 -2147483647 -2147483647 -2147483647 -2147483647 -2147483647 -2147483647 -2147483647 -2147483647 -2147483647 -2147483647 -2147483647 -2147483647 -2147483647 -2147483647 -2147483647 -2147483647 -2147483647 -2147483647 -2147483647 -2147483647 -2147483647 -2147483647 -2147483647 -2147483647 -2147483647 -2147483647 -2147483647 0 1 6 19 0 0 0 0 3 2 0 0 0 0 0 0
-2147483647 1 0 0 0 0 0 0 0 1 0 0 0 0 0 0 0 0 0 0 1 0 0 0 0 0 0 0 0 0 -2147483647 -2147483647 -2147483647 -2147483647 -2147483647 -2147483647 -2147483647 -2147483647 -2147483647 -2147483647 -2147483647 0 5 0 -2147483647 -2147483647 -2147483647 -2147483647 -2147483647 -2147483647 -2147483647 -2147483647 -2147483647 -2147483647 -2147483647 -2147483647 -2147483647 -2147483647 -2147483647 -2147483647 -2147483647 -2147483647 -2147483647 -2147483647 -2147483647 -2147483647 -2147483647 -2147483647 -2147483647 -2147483647 -2147483647 -2147483647 -2147483647 -2147483647 -2147483647 -2147483647 1 1 0 0 0 4 0 0 23 0 2 0 1 0 0 0
-2147483647 1 0 0 0 0 0 0 0 0 1 0 0 0 0 0 0 0 0 0 0 0 1 0 0 0 0 0 0 0 -2147483647 -2147483647 -2147483647 -2147483647 -2147483647 -2147483647 -2147483647 -2147483647 -2147483647 0 0 0 0 -2147483647 -2147483647 -2147483647 -2147483647 -2147483647 -2147483647 -2147483647 -2147483647 -2147483647 -2147483647 -2147483647 -2147483647 -2147483647 -2147483647 -2147483647 -2147483647 -2147483647 -2147483647 0 0 0 0 0 -2147483647 -2147483647 -2147483647 -2147483647 -2147483647 -2147483647 -2147483647 -2147483647 -2147483647 -2147483647 0 0 4 2 1 0 0 0 0 1 0 0 0 0 0 0
-2147483647 -2147483647 0 0 0 0 0 0 0 0 0 0 0 0 0 0 0 0 1 0 0 0 0 0 0 0 0 0 0 0 -2147483647 -2147483647 -2147483647 -2147483647 -2147483647 -2147483647 -2147483647 -2147483647 -2147483647 0 0 0 0 -2147483647 -2147483647 -2147483647 -2147483647 -2147483647 -2147483647 -2147483647 -2147483647 -2147483647 -2147483647 -2147483647 -2147483647 -2147483647 -2147483647 -2147483647 -2147483647 5 0 0 0 1 0 0 0 0 -2147483647 -2147483647 -2147483647 -2147483647 -2147483647 -2147483647 -2147483647 -2147483647 0 0 3 1 0 0 0 0 0 0 0 0 0 0 0 0
-2147483647 -2147483647 -2147483647 2 0 0 0 0 0 0 0 0 0 0 1 0 0 0 0 0 0 0 0 0 0 0 0 0 0 -2147483647 -2147483647 -2147483647 0 -2147483647 -2147483647 -2147483647 -2147483647 -2147483647 -2147483647 0 0 0 -2147483647 -2147483647 -2147483647 -2147483647 -2147483647 -2147483647 -2147483647 -2147483647 -2147483647 -2147483647 -2147483647 -2147483647 -2147483647 -2147483647 -2147483647 -2147483647 -2147483647 0 0 0 0 1 0 0 0 0 32 -2147483647 -2147483647 -2147483647 -2147483647 -2147483647 -2147483647 -2147483647 3 2 1 0 0 0 0 0 0 0 0 0 0 0 0 0
-2147483647 -2147483647 -2147483647 -2147483647 0 0 0 0 0 0 0 0 1 1 9 1 0 0 0 3 0 0 0 0 0 0 0 0 0 -2147483647 -2147483647 1 -2147483647 -2147483647 -2147483647 -2147483647 -2147483647 -2147483647 -2147483647 0 -2147483647 -2147483647 -2147483647 -2147483647 -2147483647 -2147483647 -2147483647 -2147483647 -2147483647 -2147483647 -2147483647 -2147483647 -2147483647 -2147483647 -2147483647 -2147483647 -2147483647 -2147483647 4 0 0 0 1 0 0 0 0 0 0 0 -2147483647 -2147483647 -2147483647 -2147483647 -2147483647 9 12 8 5 0 6 0 0 0 0 0 0 0 0 0 1 0
-2147483647 -2147483647 -2147483647 -2147483647 1 0 0 0 0 0 0 0 1 0 0 0 0 1 8 1 0 0 0 0 0 0 0 0 0 -2147483647 0 -2147483647 -2147483647 -2147483647 -2147483647 -2147483647 -2147483647 -2147483647 -2147483647 -2147483647 -2147483647 -2147483647 -2147483647 -2147483647 -2147483647 -2147483647 -2147483647 -2147483647 -2147483647 -2147483647 -2147483647 -2147483647 -2147483647 -2147483647 -2147483647 -2147483647 -2147483647 0 0 0 0 0 0 0 0 0 0 0 0 0 6 7 5 12 9 10 4 0 0 0 0 0 0 0 1 0 1 2 0 5 0 6
-2147483647 -2147483647 -2147483647 -2147483647 -2147483647 -2147483647 0 0 0 0 0 0 0 2 0 0 0 1 4 2 0 0 0 0 0 0 0 1 -2147483647 0 0 -2147483647 -2147483647 -2147483647 -2147483647 -2147483647 -2147483647 -2147483647 -2147483647 -2147483647 -2147483647 -2147483647 -2147483647 -2147483647 -2147483647 -2147483647 -2147483647 -2147483647 -2147483647 -2147483647 -2147483647 -2147483647 -2147483647 -2147483647 -2147483647 -2147483647 0 0 0 0 0 1 0 0 0 0 0 0 0 0 0 0 2 3 0 0 0 2 2 3 0 4 0 0 0 0 0 0 4 0 9 6
-2147483647 -2147483647 -2147483647 -2147483647 -2147483647 -2147483647 -2147483647 -2147483647 0 0 0 0 0 0 2 3 0 0 0 0 0 0 0 0 0 0 0 -2147483647 -2147483647 0 -2147483647 -2147483647 -2147483647 -2147483647 -2147483647 -2147483647 -2147483647 -2147483647 -2147483647 -2147483647 -2147483647 -2147483647 -2147483647 -2147483647 -2147483647 -2147483647 -2147483647 -2147483647 -2147483647 -2147483647 -2147483647 -2147483647 -2147483647 -2147483647 -2147483647 -2147483647 1 0 0 0 0 0 0 0 0 0 2 0 0 0 0 0 0 0 0 0 0 0 0 0 0 2 3 0 0 0 0 1 9 1 0 0
-2147483647 -2147483647 -2147483647 -2147483647 -2147483647 -2147483647 0 0 0 0 0 0 0 0 0 0 0 0 0 0 0 0 0 0 0 0 0 -2147483647 0 11 -2147483647 -2147483647 -2147483647 -2147483647 -2147483647 -2147483647 -2147483647 -2147483647 -2147483647 -2147483647 -2147483647 -2147483647 -2147483647 -2147483647 -2147483647 -2147483647 -2147483647 -2147483647 -2147483647 -2147483647 -2147483647 -2147483647 -2147483647 -2147483647 -2147483647 -2147483647 0 0 0 0 0 0 0 0 0 0 0 0 0 0 0 0 0 0 0 0 0 0 0 0 0 0 0 1 0 1 0 0 2 4 0 0
-2147483647 -2147483647 -2147483647 -2147483647 -2147483647 -2147483647 -2147483647 0 0 0 0 0 0 0 0 0 0 0 0 0 0 0 0 0 0 0 -2147483647 -2147483647 -2147483647 -2147483647 -2147483647 -2147483647 -2147483647 -2147483647 -2147483647 -2147483647 -2147483647 -2147483647 -2147483647 -2147483647 -2147483647 -2147483647 -2147483647 -2147483647 -2147483647 -2147483647 -2147483647 -2147483647 -2147483647 -2147483647 -2147483647 -2147483647 -2147483647 -2147483647 -2147483647 -2147483647 3 0 3 0 0 0 0 0 0 4 0 0 0 0 0 0 0 0 0 0 0 0 1 0 0 0 0 0 0 0 1 9 2 0 0 8
-2147483647 -2147483647 -2147483647 0 0 -2147483647 0 0 0 0 0 0 1 0 0 0 3 0 -2147483647 -2147483647 -2147483647 -2147483647 -2147483647 -2147483647 -2147483647 -2147483647 -2147483647 -2147483647 -2147483647 -2147483647 -2147483647 -2147483647 -2147483647 -2147483647 -2147483647 -2147483647 -2147483647 -2147483647 -2147483647 -2147483647 -2147483647 -2147483647 -2147483647 -2147483647 -2147483647 -2147483647 -2147483647 -2147483647 -2147483647 -2147483647 -2147483647 -2147483647 -2147483647 -2147483647 -2147483647 -2147483647 5 0 0 0 0 0 0 0 0 0 0 0 0 0 0 0 0 0 0 0 0 0 0 0 0 0 0 0 0 1 0 0 0 1 3 4
-2147483647 -2147483647 1 0 0 -2147483647 -2147483647 0 0 0 0 1 0 0 0 0 -2147483647 -2147483647 -2147483647 -2147483647 -2147483647 -2147483647 -2147483647 -2147483647 -2147483647 -2147483647 -2147483647 -2147483647 -2147483647 -2147483647 -2147483647 -2147483647 -2147483647 -2147483647 -2147483647 -2147483647 -2147483647 -2147483647 -2147483647 -2147483647 -2147483647 -2147483647 -2147483647 -2147483647 -2147483647 -2147483647 -2147483647 -2147483647 -2147483647 -2147483647 -2147483647 -2147483647 -2147483647 -2147483647 -2147483647 -2147483647 0 0 0 0 0 0 0 3 0 0 0 0 0 4 2 0 0 0 0 0 0 0 0 0 0 0 0 0 0 3 0 0 1 0 0 0
1 0 2 0 0 0 -2147483647 -2147483647 1 0 0 0 0 0 0 -2147483647 -2147483647 -2147483647 -2147483647 -2147483647 -2147483647 -2147483647 -2147483647 -2147483647 -2147483647 -2147483647 -2147483647 -2147483647 -2147483647 -2147483647 -2147483647 -2147483647 -2147483647 -2147483647 -2147483647 -2147483647 -2147483647 -2147483647 -2147483647 -2147483647 -2147483647 -2147483647 -2147483647 -2147483647 -2147483647 -2147483647 -2147483647 -2147483647 -2147483647 -2147483647 -2147483647 -2147483647 -2147483647 -2147483647 -2147483647 -2147483647 -2147483647 0 0 0 0 0 0 0 0 0 0 0 0 0 6 1 0 0 0 0 0 0 0 0 0 0 0 0 0 6 3 1 5 5 14 6
0 0 0 3 -2147483647 -2147483647 -2147483647 -2147483647 1 0 0 0 0 0 0 0 -2147483647 -2147483647 -2147483647 -2147483647 -2147483647 -2147483647 -2147483647 -2147483647 -2147483647 -2147483647 -2147483647 -2147483647 -2147483647 -2147483647 -2147483647 -2147483647 -2147483647 -2147483647 -2147483647 -2147483647 -2147483647 -2147483647 -2147483647 -2147483647 -2147483647 -2147483647 -2147483647 -2147483647 -2147483647 -2147483647 -2147483647 -2147483647 -2147483647 -2147483647 -2147483647 -2147483647 -2147483647 -2147483647 -2147483647 -2147483647 -2147483647 1 0 0 0 0 0 0 0 0 0 0 0 0 0 0 0 0 0 0 0 0 0 0 0 0 0 0 7 0 3 4 14 15 10 1
0 0 0 0 -2147483647 -2147483647 -2147483647 -2147483647 0 0 0 0 -2147483647 -2147483647 0 -2147483647 -2147483647 -2147483647 -2147483647 -2147483647 -2147483647 -2147483647 -2147483647 -2147483647 -2147483647 -2147483647 -2147483647 -2147483647 -2147483647 -2147483647 -2147483647 -2147483647 -2147483647 -2147483647 -2147483647 -2147483647 -2147483647 -2147483647 -2147483647 -2147483647 -2147483647 -2147483647 -2147483647 -2147483647 -2147483647 -2147483647 -2147483647 -2147483647 -2147483647 -2147483647 -2147483647 -2147483647 -2147483647 -2147483647 -2147483647 -2147483647 -2147483647 1 0 0 0 0 0 0 0 0 0 2 0 0 0 0 0 0 0 0 0 3 0 0 0 1 0 0 0 0 7 1 7 6 8 4
0 0 1 0 -2147483647 -2147483647 -2147483647 -2147483647 -2147483647 -2147483647 -2147483647 -2147483647 -2147483647 -2147483647 -2147483647 -2147483647 -2147483647 -2147483647 -2147483647 -2147483647 -2147483647 -2147483647 -2147483647 -2147483647 -2147483647 -2147483647 -2147483647 -2147483647 -2147483647 -2147483647 -2147483647 -2147483647 -2147483647 -2147483647 -2147483647 -2147483647 -2147483647 -2147483647 -2147483647 -2147483647 -2147483647 -2147483647 -2147483647 -2147483647 -2147483647 -2147483647 -2147483647 -2147483647 -2147483647 -2147483647 -2147483647 -2147483647 -2147483647 -2147483647 -2147483647 -2147483647 -2147483647 -2147483647 1 0 0 0 0 0 0 0 0 0 0 0 0 0 0 0 0 0 0 0 0 0 0 0 3 11 1 0 13 0 0 0 2 0
-2147483647 3 0 -2147483647 -2147483647 -2147483647 -2147483647 -2147483647 -2147483647 -2147483647 -2147483647 -2147483647 -2147483647 -2147483647 -2147483647 -2147483647 -2147483647 -2147483647 4 0 0 -2147483647 -2147483647 -2147483647 -2147483647 -2147483647 -2147483647 -2147483647 -2147483647 -2147483647 -2147483647 -2147483647 -2147483647 -2147483647 -2147483647 -2147483647 -2147483647 -2147483647 -2147483647 -2147483647 -2147483647 -2147483647 -2147483647 -2147483647 -2147483647 -2147483647 -2147483647 -2147483647 -2147483647 -2147483647 -2147483647 -2147483647 -2147483647 -2147483647 -2147483647 -2147483647 -2147483647 0 0 0 0 1 0 0 0 0 0 0 0 0 0 0 0 0 1 0 0 0 1 0 0 3 2 0 0 0 0 0 1 2 1 1
-2147483647 0 0 -2147483647 -2147483647 -2147483647 -2147483647 -2147483647 -2147483647 -2147483647 -2147483647 -2147483647 -2147483647 -2147483647 -2147483647 -2147483647 -2147483647 -2147483647 -2147483647 -2147483647 -2147483647 -2147483647 -2147483647 -2147483647 -2147483647 -2147483647 -2147483647 -2147483647 -2147483647 -2147483647 -2147483647 -2147483647 -2147483647 -2147483647 -2147483647 -2147483647 -2147483647 -2147483647 -2147483647 -2147483647 -2147483647 -2147483647 -2147483647 -2147483647 -2147483647 -2147483647 -2147483647 -2147483647 -2147483647 -2147483647 0 0 0 0 0 -2147483647 -2147483647 3 2 0 0 0 0 0 1 0 0 0 0 0 0 6 0 0 2 0 0 0 0 0 0 0 0 0 0 0 0 0 1 2 8 16
1 0 -2147483647 -2147483647 -2147483647 -2147483647 -2147483647 -2147483647 -2147483647 -2147483647 -2147483647 -2147483647 -2147483647 -2147483647 -2147483647 -2147483647 -2147483647 -2147483647 -2147483647 -2147483647 -2147483647 -2147483647 -2147483647 -2147483647 -2147483647 -2147483647 -2147483647 -2147483647 -2147483647 -2147483647 -2147483647 -2147483647 -2147483647 -2147483647 1 2 0 0 1 1 2 -2147483647 -2147483647 -2147483647 -2147483647 -2147483647 -2147483647 -2147483647 -2147483647 -2147483647 0 4 1 0 0 0 0 0 0 0 0 0 0 0 0 0 0 0 0 0 2 0 0 0 8 4 0 0 4 4 0 3 0 0 0 0 0 0 4 1 5 2
