Land_cover_rasters/CL_woody_savannas_16.asc
NCOLS 642 
NROWS 378 
XLLCORNER -19.0000644 
YLLCORNER 18.9999684 
CELLSIZE 0.1666666 
NODATA_value -2147483647 
[rows 82 to 122 of 378, columns 368 to 459 of 642]
-2147483647 -2147483647 -2147483647 -2147483647 -2147483647 -2147483647 -2147483647 -2147483647 -2147483647 -2147483647 -2147483647 2 0 0 0 0 0 0 0 0 0 0 0 -2147483647 -2147483647 -2147483647 -2147483647 -2147483647 -2147483647 -2147483647 -2147483647 -2147483647 -2147483647 -2147483647 -2147483647 -2147483647 -2147483647 -2147483647 -2147483647 -2147483647 -2147483647 -2147483647 -2147483647 -2147483647 -2147483647 -2147483647 -2147483647 -2147483647 -2147483647 0 0 0 0 4 0 0 0 0 0 0 0 0 0 0 0 8 -2147483647 -2147483647 -2147483647 -2147483647 -2147483647 27 1 -2147483647 -2147483647 0 0 0 0 0 0 0 0 0 0 0 0 0 0 0 0 0
-2147483647 -2147483647 -2147483647 -2147483647 -2147483647 -2147483647 -2147483647 -2147483647 -2147483647 -2147483647 -2147483647 0 0 0 0 0 0 0 0 0 0 0 0 0 0 -2147483647 -2147483647 -2147483647 -2147483647 -2147483647 -2147483647 -2147483647 -2147483647 -2147483647 -2147483647 -2147483647 -2147483647 -2147483647 -2147483647 -2147483647 -2147483647 -2147483647 -2147483647 -2147483647 -2147483647 -2147483647 2 0 0 0 0 0 0 0 0 0 0 0 0 0 0 0 0 7 85 64 92 130 55 23 28 0 1 5 2 0 0 0 0 0 0 0 0 0 0 0 0 0 0 0 0 0
-2147483647 -2147483647 -2147483647 -2147483647 -2147483647 -2147483647 -2147483647 -2147483647 -2147483647 -2147483647 -2147483647 0 2 0 0 0 0 0 0 0 0 0 0 0 0 0 -2147483647 -2147483647 -2147483647 -2147483647 -2147483647 -2147483647 -2147483647 -2147483647 -2147483647 -2147483647 -2147483647 -2147483647 -2147483647 -2147483647 -2147483647 -2147483647 -2147483647 0 0 0 4 0 0 0 0 0 0 0 0 0 0 0 0 0 0 0 5 26 171 144 211 187 49 0 0 0 0 0 0 0 0 0 0 0 0 0 0 0 0 0 0 0 0 0 0 0
-2147483647 -2147483647 -2147483647 -2147483647 -2147483647 -2147483647 -2147483647 -2147483647 -2147483647 -2147483647 -2147483647 0 0 0 0 0 0 0 5 0 8 -2147483647 -2147483647 -2147483647 -2147483647 -2147483647 -2147483647 -2147483647 -2147483647 -2147483647 -2147483647 -2147483647 -2147483647 -2147483647 -2147483647 -2147483647 -2147483647 -2147483647 -2147483647 0 0 0 0 0 0 0 0 0 0 0 0 0 0 0 0 0 0 0 0 16 6 64 137 148 55 53 16 4 0 0 0 0 0 0 0 0 0 0 0 0 0 0 0 0 0 0 0 0 0 0 0 0
-2147483647 -2147483647 -2147483647 -2147483647 -2147483647 -2147483647 -2147483647 -2147483647 -2147483647 -2147483647 0 0 0 0 0 0 5 15 -2147483647 -2147483647 -2147483647 -2147483647 -2147483647 -2147483647 -2147483647 -2147483647 -2147483647 -2147483647 -2147483647 -2147483647 -2147483647 -2147483647 -2147483647 0 1 0 0 0 0 0 0 0 0 0 4 12 14 1 0 0 0 0 0 0 0 0 0 50 110 130 143 171 132 62 1 5 19 0 0 1 0 0 0 0 0 0 0 0 0 0 0 0 0 0 0 2 0 0 0 0 0 0
-2147483647 -2147483647 -2147483647 -2147483647 -2147483647 -2147483647 -2147483647 -2147483647 -2147483647 2 0 0 0 0 0 8 -2147483647 -2147483647 -2147483647 -2147483647 -2147483647 -2147483647 -2147483647 -2147483647 -2147483647 -2147483647 -2147483647 -2147483647 -2147483647 -2147483647 -2147483647 -2147483647 -2147483647 0 0 0 0 0 0 0 0 1 2 25 91 29 1 1 0 41 3 0 0 37 55 20 108 174 205 93 18 9 11 1 8 31 7 13 21 0 0 0 2 0 0 0 0 0 0 0 0 0 0 0 0 0 0 0 0 0 0 0
-2147483647 -2147483647 -2147483647 -2147483647 -2147483647 -2147483647 -2147483647 -2147483647 -2147483647 20 12 1 0 0 3 0 10 -2147483647 -2147483647 -2147483647 -2147483647 -2147483647 -2147483647 -2147483647 -2147483647 -2147483647 -2147483647 -2147483647 -2147483647 -2147483647 -2147483647 -2147483647 -2147483647 0 0 54 3 0 0 0 0 0 0 0 0 9 34 2 1 0 35 58 4 15 20 35 64 137 145 209 69 83 59 37 120 13 2 60 39 101 55 41 0 0 0 6 4 0 0 0 0 0 0 0 0 5 0 0 0 0 0 0
-2147483647 -2147483647 -2147483647 -2147483647 -2147483647 -2147483647 -2147483647 -2147483647 -2147483647 -2147483647 -2147483647 7 0 0 9 12 12 0 19 14 -2147483647 -2147483647 -2147483647 -2147483647 -2147483647 -2147483647 -2147483647 -2147483647 -2147483647 -2147483647 -2147483647 -2147483647 0 2 0 30 37 18 0 0 0 0 0 7 51 23 17 30 33 5 34 65 97 25 51 91 105 161 310 308 207 156 119 77 65 3 2 1 26 29 90 23 9 5 9 4 11 0 0 0 3 64 73 18 49 8 2 0 8 34 67 21
-2147483647 -2147483647 -2147483647 -2147483647 -2147483647 -2147483647 -2147483647 -2147483647 -2147483647 -2147483647 -2147483647 -2147483647 -2147483647 8 0 0 0 0 1 1 5 -2147483647 -2147483647 -2147483647 -2147483647 -2147483647 -2147483647 -2147483647 -2147483647 -2147483647 0 0 0 0 3 95 127 53 1 0 10 41 72 231 203 187 200 98 116 160 98 64 92 59 119 205 201 162 255 263 137 216 107 48 2 5 37 74 101 5 133 121 94 101 19 37 2 4 28 85 107 129 142 209 128 6 53 6 2 109 160 0
-2147483647 -2147483647 -2147483647 -2147483647 -2147483647 -2147483647 -2147483647 -2147483647 -2147483647 -2147483647 -2147483647 -2147483647 -2147483647 3 0 1 3 0 0 0 0 2 0 2 13 0 3 1 0 2 0 0 56 47 0 91 229 190 92 83 229 44 211 267 307 366 370 344 308 383 226 239 309 359 361 333 200 186 205 207 201 281 214 251 230 65 175 276 269 202 267 339 230 207 72 153 80 189 128 149 235 379 336 234 290 249 202 141 41 68 74 135
-2147483647 -2147483647 -2147483647 -2147483647 -2147483647 -2147483647 -2147483647 -2147483647 -2147483647 -2147483647 -2147483647 -2147483647 22 2 69 131 104 158 5 8 46 73 0 3 36 38 0 2 3 36 36 63 31 99 163 216 100 319 323 182 212 337 352 300 369 386 381 364 303 362 348 348 222 173 168 303 400 375 353 293 207 347 130 144 154 172 122 233 309 318 367 354 326 163 69 226 127 148 138 341 335 302 361 383 333 296 347 312 334 315 343 351
27 3 -2147483647 -2147483647 -2147483647 -2147483647 -2147483647 -2147483647 -2147483647 -2147483647 -2147483647 19 95 29 142 267 260 162 170 122 89 197 75 189 95 168 77 8 0 5 27 71 53 223 295 226 251 181 344 329 353 306 390 392 390 389 375 394 350 385 302 151 197 199 320 400 391 340 315 235 175 288 144 157 91 46 42 101 73 154 185 269 162 289 339 280 208 354 315 383 392 347 298 334 343 284 224 246 223 91 110 65
40 40 4 15 29 21 71 39 -2147483647 -2147483647 -2147483647 101 129 217 174 243 229 242 198 175 256 200 284 247 106 161 197 129 50 98 99 45 127 247 301 307 296 256 243 272 330 201 357 379 369 396 393 395 370 361 335 282 340 349 340 387 381 400 284 245 213 136 106 162 124 160 160 97 382 375 357 312 322 331 334 347 375 325 235 230 153 175 173 286 205 290 218 142 135 32 186 372
84 33 105 19 41 104 133 104 105 38 -2147483647 153 174 314 222 234 205 201 217 178 166 162 366 304 251 354 305 208 121 150 131 339 342 209 210 253 207 193 372 304 280 293 291 339 316 301 354 383 391 374 394 378 355 297 351 312 387 357 245 192 219 218 242 325 350 256 161 220 249 295 298 375 348 300 275 384 365 185 242 291 322 297 316 312 324 377 248 262 210 180 62 149
308 312 247 135 74 93 240 298 130 245 189 157 252 382 267 281 315 249 226 247 177 249 161 142 123 210 179 217 163 178 273 315 195 209 50 196 164 240 313 311 323 319 353 350 337 362 288 318 359 305 396 356 330 394 385 362 385 353 355 252 157 249 281 351 381 399 389 352 271 286 339 385 400 393 387 349 266 295 315 375 290 290 333 360 392 312 356 244 176 198 130 111
317 364 369 363 272 233 148 242 44 144 153 155 165 230 344 185 158 309 282 224 165 181 176 177 93 71 56 248 219 54 135 204 214 236 163 136 110 114 149 293 248 264 249 200 202 310 276 307 191 194 250 319 143 268 370 390 388 218 269 185 158 247 383 385 364 381 400 390 393 393 395 397 340 309 341 247 212 380 397 396 398 362 318 346 349 308 304 39 19 46 18 73
312 296 373 352 353 303 90 219 138 80 40 160 151 276 156 173 167 223 303 180 235 218 276 311 203 106 61 2 12 36 65 25 16 28 37 25 69 100 164 264 223 127 282 269 264 291 225 344 243 154 244 181 238 138 86 143 288 299 251 289 265 272 338 361 363 383 344 307 358 318 309 260 217 235 115 172 289 377 388 355 392 337 340 268 346 377 363 267 168 124 112 193
368 364 389 363 329 219 101 185 222 287 279 111 28 167 165 100 185 203 212 319 243 314 319 313 257 83 23 62 161 287 320 272 69 49 73 127 182 255 362 373 258 188 282 334 319 304 250 166 130 45 245 252 203 173 195 233 238 235 276 291 263 277 316 191 249 311 326 292 291 282 269 201 261 207 305 303 361 400 386 291 243 209 209 176 229 367 318 245 191 193 342 385
299 256 348 287 215 129 112 198 75 131 146 142 93 111 187 156 185 161 59 127 184 142 117 234 178 51 146 75 54 176 252 211 223 302 225 302 304 315 316 288 347 381 356 382 333 287 323 236 156 231 299 182 284 152 106 141 155 173 235 176 134 217 217 249 260 148 231 165 203 166 164 278 250 295 356 352 392 378 242 93 52 135 176 150 321 369 307 186 154 306 395 396
308 271 170 151 241 145 96 156 109 23 48 77 73 175 246 183 320 347 235 131 92 120 151 148 172 168 161 142 133 299 175 89 73 198 247 293 298 271 347 312 309 343 295 363 312 308 299 229 271 255 180 87 173 146 109 94 93 52 181 197 136 106 158 136 104 100 262 201 132 146 170 184 347 358 362 387 341 363 291 197 209 221 290 341 340 334 246 285 225 171 327 321
263 149 95 43 41 11 90 126 144 70 82 188 139 208 263 165 154 167 105 114 82 75 62 118 144 81 56 97 36 62 66 25 13 11 78 132 66 200 178 291 251 302 213 266 186 241 196 269 255 223 210 64 197 154 153 121 70 26 6 32 90 75 78 180 146 72 151 141 129 157 205 274 273 304 266 236 237 395 382 348 353 350 285 205 292 313 323 355 348 321 300 225
146 170 156 15 9 59 74 91 140 75 37 43 40 29 126 74 58 34 2 31 41 62 28 37 58 60 14 28 3 0 6 11 17 3 12 11 36 146 166 215 215 149 214 209 275 231 287 272 182 84 143 78 57 110 69 73 142 147 9 25 35 75 151 145 156 95 100 156 136 208 314 280 341 248 308 330 281 343 381 366 372 318 319 349 276 262 292 283 367 368 376 327
231 215 194 104 79 80 100 111 155 58 95 79 37 4 33 109 117 14 22 123 58 41 39 57 85 72 60 32 8 2 0 0 3 0 10 45 19 114 117 126 209 230 151 193 153 264 297 354 238 74 77 60 92 87 78 100 84 91 135 165 141 75 137 80 33 30 54 161 171 144 167 224 201 202 284 282 342 312 281 300 364 268 323 325 134 52 263 358 377 396 377 387
224 197 199 69 27 29 20 27 18 40 60 75 25 15 35 114 142 93 53 19 78 35 24 6 69 119 94 7 12 1 13 6 11 8 6 7 26 12 9 15 124 136 238 274 178 179 244 263 348 282 190 158 72 18 53 44 129 71 51 55 47 118 32 65 98 56 157 117 102 78 63 139 185 166 169 244 251 275 296 231 180 149 228 280 286 253 334 329 318 358 359 328
103 51 28 18 10 10 48 19 43 27 10 31 24 38 30 134 43 11 17 12 5 2 4 38 49 67 69 13 6 2 40 32 11 37 48 91 108 58 33 5 101 130 214 136 190 159 142 55 168 133 120 115 91 71 103 73 151 129 260 57 76 30 58 37 57 86 62 120 55 119 108 101 124 140 228 159 146 112 142 186 147 183 272 308 329 325 339 328 267 330 291 235
169 76 49 45 91 71 104 110 90 135 43 39 45 33 72 198 203 113 11 9 2 0 1 0 0 5 18 27 11 6 0 2 55 15 3 7 34 27 59 65 109 198 37 69 94 181 137 66 58 31 39 50 155 164 161 68 40 144 230 168 75 58 101 43 42 12 44 49 61 136 126 188 145 146 193 201 180 185 137 53 43 71 130 164 150 218 267 275 214 202 65 98
135 156 45 68 22 113 99 28 89 54 14 18 25 9 65 2 76 25 16 7 5 14 13 2 8 0 0 0 4 12 4 14 44 41 57 129 38 36 140 81 50 9 52 168 93 168 92 87 72 13 69 36 35 102 111 16 62 78 141 236 235 212 99 105 80 116 43 44 34 67 49 106 105 130 189 226 201 140 219 284 247 178 217 157 116 163 168 162 137 78 143 217
18 70 42 24 42 126 28 3 25 10 9 13 34 24 13 12 10 14 3 1 1 0 0 10 42 6 0 21 13 28 21 15 44 4 0 8 18 40 80 56 28 19 59 156 150 215 142 42 44 33 107 87 69 72 8 29 9 34 161 276 169 153 98 126 45 112 91 28 14 64 92 45 137 163 163 267 282 125 148 130 189 227 153 202 304 189 170 108 94 121 167 231
0 12 5 9 26 42 15 4 71 137 69 18 0 2 3 5 0 1 0 3 0 7 2 3 18 0 6 16 5 3 4 5 15 10 14 19 9 8 36 10 8 93 16 15 41 44 44 56 105 33 92 124 69 36 22 44 33 105 120 135 207 133 79 117 81 21 27 28 22 10 37 45 50 84 84 190 206 244 285 100 186 231 177 190 106 114 108 33 87 129 12 84
11 88 52 82 3 1 2 0 12 50 28 0 1 16 18 9 0 0 0 0 0 0 0 0 0 7 7 1 12 2 0 3 4 11 6 2 0 0 16 23 15 16 43 29 39 54 6 28 26 44 41 42 79 18 12 60 36 45 13 59 206 167 10 45 144 129 64 66 27 12 91 40 87 91 35 42 114 107 79 43 129 69 130 76 141 49 28 70 51 129 27 63
1 22 14 11 15 9 3 0 0 1 1 0 0 0 7 1 0 0 1 0 0 0 2 0 0 4 3 4 34 1 0 0 0 21 35 27 12 11 10 17 23 48 22 55 59 39 38 39 32 32 47 2 18 32 8 46 40 69 40 163 112 174 49 37 55 128 105 63 9 47 43 83 82 61 48 24 72 57 31 15 40 75 58 68 25 26 49 35 25 52 91 59
10 6 0 0 1 7 29 4 6 13 2 3 0 0 0 0 1 0 0 0 0 5 0 0 0 0 0 0 17 3 7 18 1 0 1 25 0 50 89 54 34 46 6 19 29 31 30 18 10 13 10 16 13 5 5 10 42 20 28 70 97 99 142 103 127 86 105 92 11 39 12 20 73 49 28 36 68 2 8 23 12 49 27 36 54 47 54 74 78 80 63 103
2 11 3 6 1 0 0 4 5 17 60 23 2 0 5 0 0 0 0 0 0 0 0 0 1 1 0 0 3 1 2 2 3 0 24 10 4 31 76 53 36 5 17 10 9 2 10 9 1 7 10 7 7 17 23 25 14 66 44 37 28 72 171 134 138 145 73 59 23 32 14 16 6 21 12 21 25 41 58 40 41 58 14 25 13 25 39 66 60 56 50 28
0 0 5 18 56 37 6 4 0 0 0 76 8 1 0 0 0 0 0 0 0 0 0 1 2 0 0 0 0 0 1 0 2 0 33 14 40 30 15 5 26 15 9 14 2 0 2 2 1 8 18 1 1 5 14 3 26 60 75 66 71 65 177 116 146 209 176 79 36 14 26 32 20 16 62 56 51 27 35 22 37 9 16 38 12 57 12 20 21 77 27 32
0 0 0 0 0 1 16 31 10 2 2 1 1 0 0 0 0 8 2 0 0 0 0 0 2 0 0 0 1 0 0 0 0 0 6 6 4 4 5 4 1 1 4 0 0 0 0 0 4 2 3 8 0 8 2 0 5 4 9 21 38 52 76 107 33 20 39 28 31 3 1 0 2 41 21 11 4 13 14 10 1 4 5 9 1 6 65 31 54 66 67 62
0 0 0 4 1 0 0 1 1 14 21 7 9 7 0 0 3 5 2 2 2 0 1 0 0 3 0 0 0 0 0 0 0 0 1 0 0 0 0 0 0 2 0 0 0 0 0 0 1 3 2 0 4 4 0 1 0 0 2 1 0 5 9 10 9 51 38 75 40 3 0 0 32 3 0 18 16 1 0 14 6 6 3 4 1 1 34 18 13 18 18 11
0 0 0 1 1 0 0 0 0 0 0 0 8 0 0 1 2 0 3 4 10 2 0 0 1 1 0 0 0 2 0 0 0 2 0 0 0 0 0 0 0 0 0 0 0 5 1 20 29 15 0 2 1 3 1 5 2 2 6 1 13 1 1 7 1 5 13 10 6 1 2 2 5 5 0 8 1 0 2 6 7 0 0 0 0 0 7 10 16 3 5 8
0 0 4 6 0 0 0 0 0 0 0 0 0 0 0 0 27 7 0 0 0 0 4 0 4 4 0 0 1 0 0 0 0 0 0 0 0 17 57 54 39 8 20 13 15 2 0 47 5 1 0 0 0 0 0 1 0 0 0 0 0 1 2 1 6 0 0 0 7 5 4 0 0 0 0 3 1 0 0 0 4 1 5 1 1 6 3 10 4 12 9 5
0 0 0 0 0 0 0 0 0 0 0 0 0 0 0 0 2 35 3 0 6 17 1 0 0 0 0 0 0 0 0 0 0 0 0 0 11 8 0 0 0 0 0 0 0 0 0 0 10 3 16 0 0 1 4 5 0 12 11 3 17 16 6 7 3 0 0 0 2 0 11 1 0 0 0 5 11 2 0 1 0 2 0 11 3 1 5 12 3 3 22 30
0 0 0 0 0 0 0 0 0 0 0 0 2 0 0 0 0 12 41 19 17 11 7 0 0 0 0 0 0 0 0 0 0 0 1 7 2 0 0 0 0 0 0 0 0 0 0 0 0 0 15 6 6 9 4 5 8 0 0 0 0 0 0 0 0 0 2 0 0 1 0 0 3 0 1 1 0 1 0 11 11 0 1 0 2 0 12 5 4 5 15 4
0 0 0 0 0 0 0 0 0 0 0 0 0 0 0 0 0 0 0 10 9 46 27 42 0 0 0 1 4 0 0 0 5 4 8 0 0 0 0 0 0 0 0 0 0 0 0 0 0 1 14 16 0 0 1 0 0 0 0 0 6 0 0 0 0 0 0 0 5 9 31 8 0 2 21 1 0 0 0 0 0 1 0 2 12 4 3 2 2 2 0 1
