Land_cover_rasters/CL_woody_savannas_16.asc
NCOLS 642 
NROWS 378 
XLLCORNER -19.0000644 
YLLCORNER 18.9999684 
CELLSIZE 0.1666666 
NODATA_value -2147483647 
[rows 82 to 122 of 378, columns 184 to 275 of 642]
-2147483647 -2147483647 -2147483647 -2147483647 -2147483647 -2147483647 -2147483647 -2147483647 -2147483647 -2147483647 -2147483647 31 83 107 -2147483647 42 100 70 -2147483647 -2147483647 -2147483647 -2147483647 -2147483647 -2147483647 -2147483647 -2147483647 -2147483647 -2147483647 72 97 217 30 67 49 48 44 5 0 0 0 4 24 12 10 16 55 42 45 125 180 209 101 1 3 2 0 1 0 0 5 18 33 122 33 35 194 336 343 361 382 346 258 169 207 346 344 360 233 129 308 302 277 295 332 347 344 339 328 362 360 356 360
-2147483647 -2147483647 -2147483647 -2147483647 -2147483647 -2147483647 -2147483647 -2147483647 -2147483647 20 -2147483647 -2147483647 -2147483647 -2147483647 -2147483647 -2147483647 -2147483647 -2147483647 -2147483647 -2147483647 -2147483647 -2147483647 112 46 57 211 155 -2147483647 76 35 47 1 0 1 2 20 4 2 0 0 1 10 6 6 8 11 11 6 22 65 138 274 303 221 137 100 48 50 120 240 231 180 144 202 102 36 131 373 383 366 371 374 364 387 280 352 379 357 326 329 383 373 327 353 373 358 291 221 128 158 164 328
-2147483647 -2147483647 -2147483647 -2147483647 -2147483647 -2147483647 -2147483647 34 -2147483647 -2147483647 -2147483647 -2147483647 -2147483647 -2147483647 -2147483647 -2147483647 -2147483647 -2147483647 -2147483647 -2147483647 124 65 60 69 47 146 86 22 22 11 0 0 0 5 4 1 0 0 0 0 1 11 20 48 31 41 47 21 7 9 91 269 344 383 272 397 372 341 358 365 396 400 400 392 374 265 374 397 368 351 366 378 381 387 305 388 376 354 391 380 372 381 366 399 391 342 308 312 342 363 358 367
-2147483647 -2147483647 -2147483647 -2147483647 -2147483647 -2147483647 -2147483647 -2147483647 -2147483647 -2147483647 -2147483647 -2147483647 -2147483647 -2147483647 -2147483647 -2147483647 -2147483647 -2147483647 -2147483647 38 79 110 -2147483647 28 32 49 44 1 0 4 2 1 50 37 13 4 22 1 5 4 15 3 3 7 16 13 8 28 97 70 142 115 273 385 367 370 389 371 356 373 385 389 396 400 397 375 366 373 361 382 349 380 396 390 361 383 390 382 388 374 395 397 398 395 394 391 364 391 376 392 393 386
-2147483647 -2147483647 -2147483647 -2147483647 -2147483647 -2147483647 -2147483647 -2147483647 -2147483647 -2147483647 -2147483647 -2147483647 -2147483647 -2147483647 -2147483647 -2147483647 -2147483647 -2147483647 -2147483647 -2147483647 -2147483647 29 44 46 54 82 32 2 0 1 0 3 0 6 42 50 26 14 7 13 56 30 55 55 10 22 8 10 7 15 92 84 174 302 395 376 389 375 397 393 396 391 393 400 397 391 391 392 394 388 398 395 383 384 376 341 397 391 399 389 378 398 381 358 399 398 379 368 397 395 396 393
-2147483647 -2147483647 -2147483647 -2147483647 -2147483647 -2147483647 -2147483647 -2147483647 -2147483647 -2147483647 -2147483647 -2147483647 -2147483647 -2147483647 -2147483647 -2147483647 -2147483647 -2147483647 80 33 12 88 64 127 60 3 1 0 7 8 2 0 0 0 0 0 0 0 0 40 101 120 181 180 160 176 174 110 146 109 186 177 124 270 376 380 394 400 400 383 376 397 394 384 385 383 380 396 388 394 384 374 389 394 377 390 387 390 375 381 396 399 398 395 392 388 366 383 388 390 377 379
-2147483647 -2147483647 -2147483647 -2147483647 -2147483647 -2147483647 -2147483647 -2147483647 -2147483647 -2147483647 -2147483647 -2147483647 -2147483647 -2147483647 -2147483647 -2147483647 18 49 40 40 47 130 81 144 78 12 0 0 0 4 4 0 0 0 0 3 5 4 13 20 32 0 2 131 190 154 339 340 392 304 389 379 388 374 296 376 389 400 389 374 399 400 390 359 331 383 362 381 340 352 366 395 383 376 374 369 381 392 394 387 395 377 400 357 350 383 383 395 381 383 380 389
-2147483647 -2147483647 -2147483647 -2147483647 -2147483647 -2147483647 -2147483647 -2147483647 -2147483647 -2147483647 -2147483647 -2147483647 -2147483647 -2147483647 43 63 84 72 21 85 54 70 135 29 1 5 11 0 0 0 0 0 0 6 7 95 97 77 99 169 221 211 209 58 123 249 267 261 311 398 399 388 383 315 316 215 299 330 347 359 372 380 393 369 343 351 377 373 384 377 376 371 383 346 275 328 361 374 384 392 394 390 400 389 383 397 397 386 364 381 389 358
-2147483647 -2147483647 -2147483647 -2147483647 -2147483647 -2147483647 -2147483647 -2147483647 -2147483647 -2147483647 -2147483647 -2147483647 74 41 31 5 14 46 157 10 0 91 117 0 0 11 2 1 19 5 21 17 17 18 10 144 309 271 230 282 328 330 337 365 384 375 383 345 349 387 382 385 391 368 346 377 398 342 320 324 246 321 364 367 368 344 332 378 391 379 385 350 361 385 354 360 384 386 357 393 376 394 397 366 393 386 381 395 396 391 373 384
-2147483647 -2147483647 -2147483647 -2147483647 -2147483647 -2147483647 -2147483647 -2147483647 -2147483647 -2147483647 19 60 56 15 4 0 0 37 2 0 0 0 45 46 4 0 0 0 0 3 3 0 37 114 136 61 121 119 222 298 275 277 308 365 321 277 347 382 357 311 321 308 335 388 349 326 329 384 365 341 235 233 238 218 246 170 219 332 316 363 370 323 349 303 340 332 353 371 330 381 385 369 396 382 347 388 382 379 376 362 358 382
-2147483647 -2147483647 -2147483647 -2147483647 -2147483647 -2147483647 -2147483647 -2147483647 -2147483647 27 39 21 3 2 0 0 0 0 6 26 1 0 0 0 0 0 0 96 101 29 42 57 111 135 107 241 329 117 39 57 73 203 290 371 327 337 335 305 298 268 261 194 162 253 314 307 255 283 245 257 315 232 222 193 173 132 232 244 279 311 332 365 348 345 315 336 209 274 329 364 323 346 334 324 306 363 340 347 361 353 355 374
-2147483647 -2147483647 -2147483647 -2147483647 -2147483647 -2147483647 -2147483647 -2147483647 35 39 30 5 0 86 120 138 137 146 88 23 40 3 0 0 0 0 2 15 110 145 219 248 225 254 347 313 325 351 267 209 336 290 320 353 389 334 349 272 248 295 263 254 241 175 149 165 215 213 261 299 185 278 284 227 237 235 208 251 303 250 298 330 331 329 352 310 289 349 272 311 350 300 289 357 359 359 375 364 367 350 367 372
-2147483647 -2147483647 -2147483647 -2147483647 -2147483647 -2147483647 -2147483647 -2147483647 15 23 63 113 161 96 61 56 59 14 21 3 0 0 0 0 0 0 6 17 69 159 242 338 348 375 254 238 244 392 376 348 334 375 362 376 366 347 345 330 243 202 237 202 100 119 92 136 171 103 237 175 185 194 247 285 275 260 276 277 309 270 327 324 334 359 356 289 330 360 348 335 325 378 339 368 360 393 376 378 374 383 376 339
-2147483647 -2147483647 -2147483647 -2147483647 -2147483647 39 -2147483647 37 42 34 146 162 137 120 8 5 3 4 19 36 5 0 8 0 0 0 63 99 2 1 99 176 265 341 266 306 174 266 322 356 375 326 341 325 279 205 212 215 139 103 162 220 167 125 77 69 167 134 198 148 192 171 219 249 260 300 277 261 262 299 307 361 321 322 288 349 328 324 341 290 312 349 365 361 384 385 384 387 380 385 376 312
-2147483647 -2147483647 -2147483647 -2147483647 -2147483647 18 78 38 49 204 209 6 94 37 18 29 7 0 4 15 35 0 22 88 32 43 73 211 335 293 227 281 303 338 344 389 176 229 348 394 384 360 350 325 224 243 166 192 138 109 40 106 80 96 63 64 119 103 115 108 137 116 149 210 224 317 268 318 250 286 348 341 341 302 292 259 331 318 349 264 350 350 378 388 347 399 392 284 357 349 386 396
-2147483647 -2147483647 -2147483647 -2147483647 -2147483647 22 27 8 24 221 23 12 4 63 68 87 3 13 13 75 247 138 174 183 65 102 167 256 222 274 366 354 327 387 385 396 382 391 238 182 289 378 340 328 327 300 281 207 198 114 137 93 70 105 75 73 139 143 68 83 64 161 196 214 -2147483647 -2147483647 -2147483647 -2147483647 148 -2147483647 -2147483647 -2147483647 -2147483647 -2147483647 -2147483647 -2147483647 -2147483647 153 322 288 333 334 359 365 370 364 334 223 363 363 377 377
-2147483647 -2147483647 -2147483647 -2147483647 32 41 31 18 44 81 148 91 134 167 266 79 0 0 1 30 107 215 224 227 145 303 320 293 304 324 351 391 389 374 347 360 391 394 361 374 345 376 371 352 347 326 243 237 302 282 234 209 152 86 88 55 41 145 66 81 137 138 132 158 -2147483647 -2147483647 -2147483647 -2147483647 -2147483647 -2147483647 -2147483647 -2147483647 -2147483647 -2147483647 -2147483647 -2147483647 -2147483647 -2147483647 -2147483647 -2147483647 -2147483647 235 359 327 364 318 369 324 356 389 360 346
-2147483647 -2147483647 -2147483647 39 97 56 55 3 0 27 167 51 59 58 137 46 32 8 25 95 136 206 156 103 117 309 371 383 352 370 389 359 323 359 382 360 381 362 365 374 356 361 314 314 289 355 357 260 204 252 179 163 288 271 181 90 48 100 103 81 166 -2147483647 -2147483647 -2147483647 -2147483647 -2147483647 -2147483647 -2147483647 -2147483647 -2147483647 -2147483647 -2147483647 -2147483647 -2147483647 -2147483647 -2147483647 -2147483647 -2147483647 -2147483647 -2147483647 -2147483647 -2147483647 99 290 360 351 323 329 316 320 313 341
-2147483647 -2147483647 -2147483647 27 36 66 64 7 3 32 65 26 0 0 0 1 5 9 23 86 152 94 138 147 274 341 348 390 354 293 222 274 344 324 372 377 384 386 341 355 302 338 293 290 269 256 231 220 232 145 128 99 136 142 147 176 72 245 160 124 -2147483647 -2147483647 -2147483647 -2147483647 -2147483647 -2147483647 -2147483647 -2147483647 -2147483647 -2147483647 -2147483647 -2147483647 -2147483647 -2147483647 -2147483647 -2147483647 -2147483647 -2147483647 -2147483647 -2147483647 -2147483647 -2147483647 89 222 262 337 288 236 314 313 324 311
-2147483647 47 29 27 29 64 26 4 1 129 53 19 6 0 0 0 0 4 48 105 215 140 91 207 337 350 259 284 315 336 356 346 309 292 280 288 324 304 328 204 247 270 306 253 231 233 136 134 139 83 121 135 69 150 120 33 105 115 170 -2147483647 -2147483647 -2147483647 -2147483647 -2147483647 -2147483647 -2147483647 -2147483647 -2147483647 -2147483647 -2147483647 -2147483647 -2147483647 -2147483647 -2147483647 -2147483647 -2147483647 -2147483647 -2147483647 82 -2147483647 -2147483647 -2147483647 42 84 94 160 227 222 281 233 205 235
82 88 90 62 70 7 0 30 211 76 32 137 49 18 86 147 63 66 55 71 71 111 178 263 334 344 386 385 357 325 371 385 336 357 301 196 199 239 216 147 117 138 121 184 196 297 245 231 112 86 56 65 40 80 81 58 141 85 -2147483647 -2147483647 -2147483647 -2147483647 -2147483647 -2147483647 -2147483647 -2147483647 -2147483647 -2147483647 -2147483647 -2147483647 -2147483647 -2147483647 -2147483647 -2147483647 -2147483647 -2147483647 -2147483647 -2147483647 -2147483647 -2147483647 -2147483647 -2147483647 19 7 27 69 118 116 112 172 184 208
79 86 21 107 143 17 175 215 88 40 101 102 98 125 173 171 2 53 137 110 302 363 299 232 251 281 281 263 330 347 370 362 352 362 347 294 215 115 208 130 73 124 82 67 59 80 175 168 218 150 96 39 15 24 45 27 119 -2147483647 -2147483647 -2147483647 -2147483647 -2147483647 -2147483647 -2147483647 -2147483647 -2147483647 -2147483647 -2147483647 -2147483647 -2147483647 -2147483647 -2147483647 -2147483647 -2147483647 -2147483647 -2147483647 -2147483647 34 19 16 23 20 2 0 7 19 35 77 75 103 153 195
120 79 142 222 190 198 106 14 0 24 23 87 257 250 275 121 9 104 267 347 261 344 307 323 347 324 247 280 326 295 328 304 294 346 319 312 270 296 157 67 50 35 17 17 43 28 112 107 48 64 147 48 24 62 38 98 158 63 -2147483647 -2147483647 -2147483647 -2147483647 -2147483647 -2147483647 -2147483647 -2147483647 -2147483647 -2147483647 -2147483647 -2147483647 -2147483647 -2147483647 -2147483647 -2147483647 -2147483647 -2147483647 12 2 5 26 9 1 6 3 7 38 99 75 47 67 183 125
175 196 74 70 189 204 103 16 4 25 160 299 186 145 130 221 265 317 307 330 299 342 327 206 297 237 235 326 275 296 226 187 196 134 259 238 254 290 238 202 56 26 30 25 52 21 78 82 95 91 110 56 71 81 26 12 28 49 155 -2147483647 -2147483647 -2147483647 -2147483647 -2147483647 -2147483647 -2147483647 -2147483647 -2147483647 -2147483647 -2147483647 -2147483647 -2147483647 -2147483647 -2147483647 16 10 0 5 7 1 2 10 6 12 5 29 41 30 19 46 151 37
142 153 79 136 172 220 63 12 1 0 21 160 196 79 30 14 172 310 274 302 193 240 250 227 201 271 227 189 153 191 169 115 175 156 180 139 88 123 67 99 123 85 14 31 26 27 45 49 54 41 27 33 32 22 10 19 57 -2147483647 -2147483647 -2147483647 -2147483647 -2147483647 -2147483647 -2147483647 -2147483647 -2147483647 -2147483647 -2147483647 -2147483647 -2147483647 -2147483647 -2147483647 -2147483647 25 10 2 1 0 2 1 3 12 27 6 6 0 8 5 2 1 60 93
100 120 127 114 82 29 19 148 128 1 2 29 140 314 298 263 167 113 234 362 298 204 97 146 195 119 113 101 87 99 89 99 52 108 73 65 91 45 62 54 169 62 44 15 58 21 9 10 14 24 33 3 15 17 18 52 -2147483647 -2147483647 -2147483647 -2147483647 -2147483647 -2147483647 -2147483647 -2147483647 -2147483647 -2147483647 -2147483647 -2147483647 -2147483647 -2147483647 -2147483647 -2147483647 12 22 11 12 1 3 0 0 3 8 0 1 6 0 6 21 5 12 25 20
107 145 178 17 0 0 50 158 103 18 53 8 14 261 357 293 273 332 341 337 332 227 141 120 127 84 50 64 60 6 45 93 113 108 59 85 62 36 31 10 24 10 8 14 4 4 1 11 2 30 13 2 6 38 84 -2147483647 -2147483647 -2147483647 -2147483647 -2147483647 -2147483647 -2147483647 -2147483647 -2147483647 -2147483647 -2147483647 -2147483647 -2147483647 -2147483647 23 25 27 26 14 5 12 0 1 0 0 1 2 4 0 0 0 0 3 7 0 4 35
63 125 83 91 142 79 94 275 274 174 284 217 295 274 336 351 257 177 155 203 197 206 155 94 44 66 15 3 7 6 22 63 2 11 90 100 50 60 61 21 2 2 23 30 25 13 3 9 5 12 29 29 37 -2147483647 -2147483647 -2147483647 -2147483647 -2147483647 -2147483647 -2147483647 -2147483647 -2147483647 -2147483647 -2147483647 -2147483647 -2147483647 31 34 17 78 16 20 10 46 10 3 0 10 2 1 0 1 0 2 7 2 10 0 7 4 3 0
16 101 24 66 74 121 203 151 198 265 305 321 277 211 168 203 176 178 60 160 108 57 66 17 45 35 32 12 7 2 2 0 3 17 0 10 18 0 15 5 4 5 5 11 18 5 5 13 32 -2147483647 -2147483647 -2147483647 -2147483647 -2147483647 -2147483647 -2147483647 -2147483647 -2147483647 -2147483647 -2147483647 -2147483647 -2147483647 -2147483647 -2147483647 -2147483647 2 9 2 29 11 16 31 43 45 19 10 0 7 27 15 9 9 2 0 14 59 25 2 3 7 11 13
168 93 35 13 74 290 286 195 142 292 265 293 259 184 143 27 61 47 42 26 106 48 8 8 12 13 102 23 0 2 2 0 1 0 0 2 1 0 0 6 0 2 9 17 7 29 -2147483647 -2147483647 -2147483647 -2147483647 -2147483647 -2147483647 -2147483647 -2147483647 -2147483647 -2147483647 -2147483647 -2147483647 -2147483647 -2147483647 -2147483647 -2147483647 -2147483647 -2147483647 40 26 17 14 14 39 61 57 16 19 42 39 36 21 22 7 18 11 23 13 0 12 7 8 7 38 8 19
28 66 6 42 108 91 130 137 210 215 178 113 36 67 45 13 33 29 11 13 15 17 1 2 2 5 16 7 3 1 0 2 0 0 0 2 1 1 13 20 3 25 5 8 -2147483647 -2147483647 -2147483647 -2147483647 -2147483647 -2147483647 -2147483647 -2147483647 -2147483647 -2147483647 -2147483647 -2147483647 -2147483647 26 -2147483647 -2147483647 23 25 18 25 20 76 19 16 11 26 27 27 17 57 76 54 23 25 20 10 19 34 5 21 23 22 7 6 17 60 35 13
47 0 5 0 0 0 12 196 129 55 56 116 31 49 55 25 68 42 33 20 13 22 5 3 5 1 8 8 0 1 1 0 6 1 0 0 0 0 3 2 9 -2147483647 -2147483647 -2147483647 -2147483647 -2147483647 -2147483647 -2147483647 -2147483647 -2147483647 -2147483647 -2147483647 -2147483647 -2147483647 -2147483647 -2147483647 -2147483647 -2147483647 -2147483647 22 17 40 65 88 141 153 67 11 9 30 47 53 22 26 31 25 12 15 11 9 41 58 20 33 17 35 15 6 10 38 26 22
19 7 0 0 0 0 60 54 42 199 177 176 153 146 106 30 52 40 23 27 10 19 3 3 6 0 1 1 0 0 0 0 1 0 1 1 0 1 2 0 17 -2147483647 -2147483647 -2147483647 -2147483647 -2147483647 -2147483647 -2147483647 -2147483647 -2147483647 -2147483647 -2147483647 -2147483647 -2147483647 -2147483647 -2147483647 -2147483647 -2147483647 1 20 12 21 58 79 69 79 61 42 52 32 73 55 40 14 19 18 52 27 9 2 16 55 12 7 9 12 14 53 20 42 81 80
20 46 0 13 3 4 87 82 111 138 92 101 141 74 37 28 20 23 53 11 16 20 14 0 2 0 0 0 1 5 0 0 0 0 0 0 0 6 18 -2147483647 -2147483647 -2147483647 -2147483647 -2147483647 -2147483647 -2147483647 -2147483647 -2147483647 -2147483647 -2147483647 -2147483647 -2147483647 -2147483647 -2147483647 -2147483647 -2147483647 -2147483647 11 10 9 17 32 24 19 62 57 40 57 68 111 49 82 78 56 55 22 41 29 24 17 21 15 33 28 13 40 36 28 35 48 54 55
61 9 0 10 102 131 81 133 206 223 144 123 138 74 58 32 14 6 9 5 4 6 0 0 1 0 0 0 4 1 1 0 0 0 3 0 2 5 -2147483647 -2147483647 -2147483647 -2147483647 -2147483647 -2147483647 -2147483647 -2147483647 -2147483647 -2147483647 -2147483647 -2147483647 -2147483647 -2147483647 -2147483647 -2147483647 -2147483647 -2147483647 -2147483647 13 10 10 39 30 29 36 70 81 49 109 45 34 70 84 64 46 27 19 18 24 34 11 23 11 19 9 25 18 32 42 21 51 70 18
2 29 4 6 58 198 250 242 92 78 24 56 21 38 53 55 3 2 11 3 12 23 15 0 0 1 0 0 0 0 0 0 5 0 1 -2147483647 -2147483647 -2147483647 -2147483647 -2147483647 -2147483647 -2147483647 -2147483647 -2147483647 -2147483647 -2147483647 -2147483647 -2147483647 -2147483647 -2147483647 -2147483647 -2147483647 -2147483647 -2147483647 -2147483647 -2147483647 -2147483647 46 52 16 16 103 40 29 40 126 53 24 20 63 84 38 30 28 30 20 35 5 1 5 8 1 7 3 4 21 55 40 39 67 5 5
13 29 1 16 15 73 15 47 34 27 24 19 9 10 29 68 113 35 14 4 12 2 0 3 1 0 0 0 0 0 0 1 4 5 8 -2147483647 -2147483647 -2147483647 -2147483647 -2147483647 -2147483647 -2147483647 -2147483647 -2147483647 -2147483647 -2147483647 -2147483647 -2147483647 -2147483647 -2147483647 -2147483647 -2147483647 -2147483647 -2147483647 -2147483647 -2147483647 -2147483647 -2147483647 15 3 20 42 44 134 56 88 44 35 41 17 30 33 21 5 3 1 8 5 15 3 1 3 4 0 25 74 48 15 18 12 21 5
44 92 64 46 55 48 28 83 95 24 123 61 35 5 25 28 10 11 8 18 6 2 0 0 3 18 5 0 0 0 0 0 0 1 6 -2147483647 -2147483647 -2147483647 -2147483647 -2147483647 -2147483647 -2147483647 -2147483647 -2147483647 -2147483647 -2147483647 -2147483647 -2147483647 -2147483647 -2147483647 -2147483647 -2147483647 -2147483647 -2147483647 -2147483647 -2147483647 -2147483647 -2147483647 6 13 20 35 43 41 62 32 75 64 36 32 18 23 11 27 12 11 3 15 11 8 1 0 2 17 39 23 33 0 19 10 13 16
49 62 46 63 54 28 33 58 89 42 12 56 41 29 12 19 24 34 11 26 27 4 0 0 0 2 2 1 0 17 0 0 6 4 -2147483647 -2147483647 -2147483647 -2147483647 -2147483647 -2147483647 -2147483647 -2147483647 -2147483647 -2147483647 -2147483647 -2147483647 -2147483647 -2147483647 -2147483647 -2147483647 -2147483647 -2147483647 -2147483647 -2147483647 -2147483647 -2147483647 -2147483647 -2147483647 -2147483647 3 3 19 33 19 39 17 23 18 6 8 13 7 6 4 9 3 0 9 12 1 6 0 3 18 45 6 16 0 14 36 41 61
23 4 14 15 32 11 25 38 38 58 29 51 34 39 17 10 9 33 43 0 1 23 3 1 1 1 4 13 0 14 6 11 7 13 -2147483647 -2147483647 -2147483647 -2147483647 -2147483647 -2147483647 -2147483647 -2147483647 -2147483647 -2147483647 -2147483647 -2147483647 -2147483647 -2147483647 -2147483647 -2147483647 -2147483647 -2147483647 -2147483647 -2147483647 -2147483647 -2147483647 -2147483647 -2147483647 -2147483647 4 3 0 0 13 5 24 15 6 6 22 4 3 25 11 0 1 2 12 9 2 1 11 23 44 20 13 47 26 20 37 28 39
12 12 20 14 18 6 4 66 64 85 51 45 29 25 64 44 33 40 12 7 18 1 2 10 0 2 0 12 8 0 0 2 0 -2147483647 -2147483647 -2147483647 -2147483647 -2147483647 -2147483647 -2147483647 -2147483647 -2147483647 -2147483647 -2147483647 -2147483647 -2147483647 -2147483647 -2147483647 -2147483647 -2147483647 -2147483647 -2147483647 -2147483647 -2147483647 -2147483647 -2147483647 -2147483647 -2147483647 -2147483647 -2147483647 7 3 8 13 6 3 11 6 4 8 6 27 21 7 12 14 13 18 7 1 1 11 22 41 33 23 44 10 2 10 16 17
