Land_cover_rasters/CL_woody_savannas_16.asc
NCOLS 642 
NROWS 378 
XLLCORNER -19.0000644 
YLLCORNER 18.9999684 
CELLSIZE 0.1666666 
NODATA_value -2147483647 
[rows 82 to 122 of 378, columns 460 to 551 of 642]
0 0 0 0 0 0 0 0 0 0 0 0 0 0 0 0 0 0 0 0 0 0 0 0 0 0 0 0 0 0 0 0 0 0 0 0 0 0 0 0 0 0 0 0 0 0 0 0 0 0 0 0 0 0 0 0 0 0 0 0 0 0 0 -2147483647 -2147483647 0 0 0 0 0 0 0 0 0 0 0 0 0 0 0 0 0 0 0 0 0 0 0 0 0 0 0
0 0 0 0 0 0 0 0 0 0 0 0 0 0 0 0 0 0 0 0 0 0 0 2 0 0 0 0 0 0 0 0 0 0 0 0 0 0 0 0 0 0 0 0 0 0 0 0 0 0 0 0 0 0 0 0 0 0 0 0 0 0 0 0 0 0 0 0 0 0 0 0 0 0 0 0 0 0 0 0 0 0 0 0 0 0 0 0 0 0 0 0
0 0 0 0 0 0 0 0 0 0 0 0 0 0 0 0 0 0 0 0 0 0 0 0 0 0 0 0 0 0 0 0 0 0 0 0 0 0 0 0 0 0 0 0 0 0 0 0 0 0 0 1 0 0 0 0 0 0 0 0 0 0 0 0 0 0 0 0 0 0 0 0 0 0 0 0 0 0 0 0 0 0 0 0 0 0 0 0 0 0 0 0
0 0 0 0 0 0 0 0 0 0 0 0 0 0 0 0 0 0 0 0 0 0 0 0 0 0 0 0 0 0 0 0 0 0 0 0 0 0 0 0 0 0 0 0 0 0 0 0 0 0 0 0 0 0 0 0 0 0 0 0 0 0 0 0 0 0 0 0 0 0 0 0 0 0 0 0 0 0 0 0 0 0 0 0 0 0 0 0 0 0 0 0
0 0 0 0 0 0 0 0 0 0 0 0 0 0 0 0 0 0 0 0 0 0 0 0 0 0 0 0 0 0 0 0 0 0 0 0 0 0 0 0 0 0 0 0 0 0 0 0 0 0 0 0 0 0 0 0 0 0 0 0 0 0 0 0 0 0 0 0 0 0 0 0 0 0 0 0 0 0 0 0 0 0 0 0 0 0 0 0 0 0 -2147483647 -2147483647
0 0 3 0 0 0 0 0 0 0 0 0 0 0 0 0 0 0 0 0 0 0 0 0 0 0 0 0 0 0 0 0 0 0 0 0 0 0 0 0 0 0 0 0 0 0 0 0 0 0 0 0 0 0 0 0 0 0 0 0 0 0 0 0 0 0 0 0 0 0 0 0 0 0 0 0 0 0 0 0 0 0 0 0 0 0 0 0 0 -2147483647 -2147483647 -2147483647
6 27 11 0 0 0 0 0 0 0 0 0 0 0 0 0 0 0 0 0 0 0 0 0 0 0 0 0 0 0 0 0 0 0 0 0 0 0 0 0 0 0 0 0 0 0 0 0 0 0 0 0 0 0 0 0 0 0 0 0 0 0 0 0 0 0 0 0 0 0 0 0 0 0 0 0 0 0 0 0 0 0 0 0 0 0 0 -2147483647 -2147483647 -2147483647 -2147483647 -2147483647
17 0 0 0 10 25 21 11 26 11 0 11 0 2 5 0 0 0 0 0 21 51 60 20 16 15 0 0 0 0 0 0 0 0 1 4 7 10 0 0 0 0 0 0 0 0 0 0 0 0 0 0 0 0 0 0 0 0 0 0 0 0 0 0 0 0 0 0 0 0 0 1 0 0 0 0 0 0 0 0 0 0 0 0 0 0 -2147483647 -2147483647 -2147483647 -2147483647 -2147483647 -2147483647
18 4 17 37 73 120 209 112 269 180 140 148 16 36 0 0 0 0 49 146 20 70 85 60 19 14 0 0 0 0 0 25 39 3 0 0 0 0 0 0 0 0 0 0 0 0 0 1 24 5 0 0 0 0 0 0 0 0 0 0 0 0 0 0 8 2 0 6 26 9 6 0 0 0 0 0 0 0 0 0 0 0 1 -2147483647 0 -2147483647 -2147483647 -2147483647 -2147483647 -2147483647 -2147483647 -2147483647
191 195 229 281 209 200 139 132 222 34 113 28 54 16 6 47 89 154 193 171 131 101 4 2 0 22 124 2 10 97 123 98 98 28 3 4 0 0 0 0 0 0 0 0 0 16 14 32 28 9 0 0 2 0 1 1 0 0 2 0 3 0 1 6 10 4 3 21 16 -2147483647 17 31 34 -2147483647 13 1 0 0 0 0 0 0 0 -2147483647 -2147483647 -2147483647 -2147483647 -2147483647 -2147483647 -2147483647 -2147483647 -2147483647
331 208 200 136 23 121 261 168 335 174 181 167 209 190 257 299 280 148 161 88 76 52 127 90 8 15 113 150 110 30 17 68 103 1 0 0 0 0 0 0 4 0 2 40 69 44 11 5 5 0 7 0 2 5 0 4 6 7 0 1 5 1 13 42 46 0 0 0 0 -2147483647 -2147483647 -2147483647 70 50 1 -2147483647 0 15 4 5 1 -2147483647 -2147483647 -2147483647 -2147483647 -2147483647 -2147483647 -2147483647 -2147483647 1 0 0
192 261 292 299 335 389 308 268 342 315 237 368 340 321 342 221 143 57 15 48 126 162 117 214 109 179 148 50 145 102 1 0 0 0 0 0 0 0 11 133 125 47 24 5 0 4 21 0 10 37 154 8 0 3 16 40 21 4 3 1 0 0 18 5 0 0 0 0 0 2 11 0 1 29 -2147483647 -2147483647 -2147483647 -2147483647 -2147483647 -2147483647 -2147483647 -2147483647 -2147483647 -2147483647 -2147483647 -2147483647 -2147483647 -2147483647 10 0 5 2
400 400 400 345 327 264 314 383 343 332 366 351 323 273 100 99 106 114 208 316 333 281 292 342 254 174 183 170 13 2 1 0 0 0 0 5 32 86 71 79 75 22 14 28 33 81 40 45 75 69 1 0 1 10 17 0 0 0 10 5 36 43 8 106 19 1 2 0 0 0 0 0 0 0 1 33 2 0 0 10 1 0 6 1 19 -2147483647 -2147483647 4 0 8 2 0
271 289 297 255 308 400 399 390 388 389 317 231 325 180 82 106 262 371 340 340 301 365 307 266 184 360 199 167 25 0 0 0 0 0 4 169 249 118 0 13 72 102 195 146 140 238 299 141 0 1 106 101 64 8 0 31 74 6 0 0 0 0 0 12 216 105 20 5 29 11 2 0 0 0 7 4 0 5 2 0 0 0 0 0 0 1 4 7 57 22 29 32
113 286 293 337 391 397 382 389 357 292 247 166 194 208 304 362 290 328 188 277 341 365 334 283 320 316 222 45 0 0 0 0 0 33 162 192 49 146 134 212 272 187 211 327 98 10 61 2 0 183 322 169 146 34 100 10 20 134 70 13 0 0 0 0 0 20 124 197 3 0 0 0 0 0 0 0 18 61 40 40 48 55 70 59 17 169 147 220 244 166 4 27
266 371 355 366 390 359 371 238 245 276 331 315 259 238 350 361 302 240 146 155 258 387 104 18 50 19 0 0 0 3 14 41 123 99 214 105 157 145 90 27 77 129 70 16 1 1 0 2 7 91 138 116 47 32 189 124 0 0 60 117 30 0 0 0 0 2 0 150 81 0 1 0 0 7 3 0 0 0 0 6 8 1 0 6 48 45 1 97 229 273 32 0
308 396 368 302 366 347 382 307 353 380 368 193 144 367 278 108 236 132 12 67 74 116 21 0 0 0 0 132 191 246 249 232 167 147 233 164 155 112 100 123 114 121 23 0 1 0 0 1 232 219 67 220 107 94 62 8 0 34 71 58 67 0 0 0 0 0 49 92 158 81 13 0 0 0 7 0 0 5 16 0 0 0 3 0 7 0 0 0 81 90 39 14
377 377 380 375 395 358 336 360 336 340 318 140 231 52 0 80 146 120 88 25 0 0 0 32 110 164 182 322 200 93 88 44 102 106 95 193 196 134 186 247 390 399 70 3 0 0 2 82 270 98 66 145 40 44 54 47 31 14 149 51 55 80 120 16 7 0 5 0 0 132 109 17 0 0 0 0 2 21 10 0 0 0 0 0 18 0 0 0 0 22 144 97
382 394 376 389 397 309 332 332 321 349 278 251 3 0 0 1 3 22 11 11 8 0 2 93 186 121 253 74 19 30 28 80 279 234 278 273 208 198 330 357 365 235 91 0 0 4 236 323 212 123 147 152 76 160 162 50 83 166 169 164 225 169 180 28 36 6 24 46 42 2 7 111 25 0 5 18 8 10 10 0 0 0 8 4 4 0 8 24 20 53 63 1
354 372 376 361 370 370 343 299 297 231 59 144 63 9 0 0 0 0 0 0 0 0 9 101 74 318 215 157 73 189 36 90 154 116 243 361 45 36 32 149 151 177 82 0 0 49 214 78 287 194 95 111 219 183 125 85 75 58 105 40 103 154 90 24 74 35 81 88 47 25 75 2 27 2 0 0 0 0 0 0 0 26 76 51 53 24 39 27 0 2 0 0
223 298 367 350 357 338 324 94 141 89 41 56 30 2 16 152 156 40 17 113 85 262 229 278 353 366 265 153 61 60 48 203 284 354 397 385 241 68 94 138 128 121 28 15 1 1 7 103 183 179 59 27 9 1 30 153 262 188 155 96 104 84 63 39 64 100 42 24 48 1 0 0 67 95 55 0 0 0 0 23 43 22 3 0 0 0 0 0 0 5 9 2
283 219 344 266 315 197 247 104 145 146 91 20 17 187 352 370 312 360 289 329 245 312 347 294 281 227 178 86 47 133 173 179 181 280 400 345 223 170 43 140 71 76 223 108 9 2 1 136 212 159 180 171 109 115 32 58 31 75 158 201 32 16 40 85 150 98 38 50 2 0 0 46 16 29 71 13 0 0 17 24 0 0 0 0 0 0 0 0 53 50 3 8
249 320 373 345 308 311 349 231 190 113 66 4 120 300 284 357 358 301 263 134 36 85 147 279 233 132 206 94 219 151 146 165 247 370 377 373 336 290 314 189 185 223 359 334 220 0 0 0 12 51 180 163 241 157 197 311 338 285 298 306 174 25 31 47 57 33 43 44 86 2 13 160 96 69 57 50 3 0 3 38 3 0 0 0 11 13 1 29 19 12 0 5
140 356 363 273 201 238 252 245 144 57 37 7 198 208 225 250 330 214 188 177 105 175 362 328 263 342 204 198 139 201 203 168 81 105 208 210 266 297 337 276 289 313 354 340 161 119 16 4 2 4 84 162 200 345 384 256 342 252 171 230 235 74 38 53 38 143 168 97 129 71 52 66 174 175 148 48 38 2 22 11 0 24 44 12 9 24 30 59 0 9 0 0
205 233 121 213 305 163 298 349 229 22 114 301 337 226 266 249 211 276 232 297 139 6 190 220 205 240 230 196 211 187 263 222 314 199 82 78 200 85 120 177 183 250 180 228 273 304 61 6 5 1 45 257 264 307 380 382 253 232 338 276 163 249 74 159 138 106 108 104 127 244 266 39 9 30 17 0 0 0 1 14 215 55 35 2 24 34 15 65 4 4 4 0
161 355 207 328 332 190 206 253 279 115 276 318 156 221 252 298 104 246 358 350 268 118 111 60 205 239 273 157 235 149 219 246 140 129 173 215 324 254 341 282 191 94 244 150 240 108 1 0 0 3 68 212 288 360 398 363 397 400 399 399 380 383 300 287 197 167 302 251 89 65 68 36 0 44 62 3 2 0 1 6 52 15 7 0 24 13 1 1 0 0 0 31
107 96 93 187 265 198 126 208 63 62 158 240 185 238 186 177 93 201 268 314 330 251 154 115 202 355 320 298 211 116 26 121 155 117 176 294 288 157 120 233 243 123 60 151 42 1 0 0 0 4 198 270 361 316 309 382 245 363 388 390 352 373 398 327 250 123 65 34 38 86 47 29 12 61 41 8 0 0 2 3 1 0 0 1 0 0 0 1 19 31 44 37
201 289 97 72 192 149 197 104 9 70 174 104 152 121 76 220 142 261 307 227 208 256 262 222 196 268 209 297 187 267 192 308 369 358 332 258 320 295 292 334 232 141 172 3 5 8 1 0 4 35 47 164 275 246 272 240 175 175 32 40 4 14 68 148 0 7 22 19 19 15 55 59 80 153 121 41 2 4 0 0 0 0 0 1 0 0 0 2 9 28 9 9
87 258 291 131 121 196 183 99 99 132 100 74 82 74 95 147 257 316 280 248 165 51 134 234 205 151 178 145 57 148 344 322 326 294 378 350 347 305 283 274 250 153 70 121 113 25 14 28 12 181 302 311 212 147 103 164 195 90 187 37 13 8 49 83 80 72 36 43 52 70 27 1 31 54 29 71 30 33 14 11 0 0 1 0 0 0 3 12 23 5 0 0
51 198 215 213 69 115 174 49 112 268 99 19 53 44 68 66 93 131 152 117 82 67 164 194 164 67 32 83 79 67 198 229 107 59 194 296 358 273 217 195 138 117 173 170 140 16 26 124 90 82 250 211 243 157 228 301 282 369 354 193 136 41 30 76 194 193 174 117 89 105 34 116 112 214 79 109 61 76 24 76 1 0 4 0 8 28 39 27 48 112 2 3
21 94 143 78 127 103 39 41 31 126 74 4 3 11 58 34 52 75 38 68 8 121 171 118 183 85 121 129 84 77 41 90 91 95 96 145 148 111 131 82 95 264 24 176 9 60 142 257 270 187 191 240 106 112 97 91 184 252 291 211 238 179 222 342 362 325 307 303 189 244 203 138 228 117 87 63 77 133 18 36 38 72 72 57 45 171 82 58 3 1 20 13
29 180 109 32 111 75 76 83 93 78 19 1 0 30 40 74 89 85 11 34 51 111 70 63 110 92 132 156 41 51 16 10 42 37 50 70 150 108 111 15 15 123 163 19 48 130 130 168 160 145 151 229 167 108 81 177 133 186 209 208 93 91 198 218 230 227 250 153 14 25 72 71 22 9 0 0 0 2 0 7 25 20 30 29 5 38 124 20 20 1 33 88
12 35 83 142 75 9 76 27 204 107 146 11 0 16 22 34 13 22 23 18 5 7 42 43 32 75 28 29 4 51 25 79 114 114 150 117 98 87 46 12 151 18 47 37 31 119 141 68 55 42 55 129 175 106 75 86 70 119 214 142 200 199 139 224 121 149 128 67 9 6 2 12 4 0 0 0 0 0 0 0 3 0 0 17 5 4 119 26 19 17 36 17
21 6 38 36 31 10 25 14 63 106 162 37 2 5 16 2 6 24 38 6 1 1 4 33 38 13 11 0 4 23 94 140 257 184 118 81 60 32 35 34 71 75 12 79 80 43 41 81 49 50 88 65 218 236 159 121 63 122 166 86 109 92 33 112 45 15 34 4 5 18 53 29 1 0 0 0 0 3 0 2 3 10 0 2 1 1 1 1 0 32 27 3
15 2 0 0 14 17 47 6 22 94 114 53 9 3 9 5 6 6 23 12 4 11 5 0 33 12 10 15 56 65 115 50 47 106 62 31 43 84 45 54 85 93 22 19 24 16 8 13 43 78 103 39 49 40 51 58 52 84 152 138 132 213 150 45 34 60 10 5 1 0 0 0 1 9 0 0 0 0 2 0 0 2 0 17 0 0 0 0 2 1 0 27
1 0 1 5 0 0 0 7 0 26 46 61 12 2 1 1 0 2 0 10 15 15 24 13 34 9 24 63 57 59 75 106 137 119 104 28 1 19 64 104 53 106 64 68 105 38 3 7 38 54 32 23 11 19 7 72 93 161 125 118 85 60 34 20 1 2 50 93 3 0 3 1 1 4 29 2 0 0 1 0 2 0 2 1 11 12 1 1 5 0 1 3
5 1 1 18 0 0 0 24 18 7 22 11 0 1 1 4 0 0 10 1 0 0 15 14 30 29 45 39 55 55 63 120 121 113 62 51 29 11 2 6 27 23 79 29 29 21 35 49 41 38 40 23 51 36 19 33 55 111 120 122 170 65 14 12 186 48 8 6 47 45 0 0 2 31 17 16 10 5 1 0 0 1 0 1 3 17 0 0 2 5 3 0
0 0 0 4 9 0 0 0 26 21 38 9 0 0 1 0 5 0 0 3 1 0 3 2 2 39 71 21 54 23 44 60 25 67 20 28 37 3 0 3 8 4 5 11 43 17 21 56 32 8 1 3 23 48 10 35 5 25 69 98 90 69 59 41 38 9 11 25 106 98 75 57 46 53 92 195 62 0 1 1 0 0 0 1 0 21 1 0 0 1 0 3
4 2 0 0 0 0 0 0 11 38 14 10 0 1 0 0 0 0 0 0 0 6 14 8 10 2 31 15 11 30 55 61 4 8 23 17 6 17 14 11 2 0 5 7 25 26 44 6 38 77 2 7 15 3 0 4 26 12 19 59 67 54 84 59 37 26 124 210 121 182 178 175 167 154 120 212 144 37 0 0 0 0 0 0 0 0 11 0 0 0 1 2
0 0 0 0 0 0 3 11 42 64 14 1 0 1 3 0 0 1 0 0 0 0 4 0 1 6 46 14 22 54 19 3 9 3 9 9 4 14 22 8 12 7 38 9 12 20 13 5 9 43 27 49 125 5 21 47 49 38 17 35 2 43 66 75 41 37 7 67 6 12 18 49 39 21 5 71 77 205 97 39 0 1 7 1 0 0 8 0 2 0 0 0
0 0 0 0 2 0 35 140 86 111 59 0 2 0 0 2 4 2 0 0 2 0 4 4 0 0 4 0 26 61 22 25 21 12 15 2 0 7 15 2 10 1 57 102 64 111 135 80 64 62 115 144 77 28 15 54 96 72 35 58 40 26 33 14 5 7 10 32 7 25 88 25 12 1 25 4 45 42 67 131 149 93 44 7 0 0 4 12 0 3 1 5
