Land_cover_rasters/CL_wetlands_16.asc
NCOLS 642 
NROWS 378 
XLLCORNER -19.0000644 
YLLCORNER 18.9999684 
CELLSIZE 0.1666666 
NODATA_value -2147483647 
[rows 82 to 122 of 378, columns 465 to 557 of 642]
0 0 0 0 0 0 0 0 0 0 0 0 0 0 0 0 0 0 0 0 0 0 0 0 0 0 0 0 0 0 0 0 0 0 0 0 0 0 0 0 0 0 0 0 0 0 0 0 0 0 0 0 0 0 0 0 0 0 -2147483647 -2147483647 0 0 0 0 0 0 0 0 0 0 0 0 0 0 0 0 0 0 0 0 0 0 0 0 0 0 0 0 -2147483647 -2147483647 -2147483647 -2147483647 -2147483647
0 0 0 0 0 0 0 0 0 0 0 0 0 0 0 0 1 7 13 6 3 0 0 0 0 0 0 0 0 0 2 8 5 0 0 0 0 0 0 0 0 0 0 0 0 0 0 0 0 0 0 0 0 0 0 0 0 0 0 0 0 0 0 0 0 0 0 0 0 0 0 0 0 0 0 0 0 0 0 0 0 0 0 0 0 0 0 -2147483647 -2147483647 -2147483647 -2147483647 -2147483647 -2147483647
0 0 0 3 3 0 0 0 0 0 0 0 0 0 0 0 1 0 6 7 0 0 0 0 0 0 0 0 0 0 2 1 0 0 0 0 0 0 0 0 0 0 0 0 0 0 0 0 0 0 0 0 0 0 0 0 0 0 0 0 0 0 0 0 0 0 0 0 0 0 0 0 0 0 0 0 0 0 0 0 0 0 0 0 0 0 0 0 -2147483647 -2147483647 -2147483647 -2147483647 -2147483647
0 0 0 2 1 0 0 0 0 1 0 0 0 0 0 0 0 0 0 0 0 1 0 3 1 0 0 2 1 0 0 2 0 0 0 0 0 0 0 0 0 0 0 0 0 0 0 0 0 0 0 0 0 0 0 0 0 0 0 0 0 0 0 0 0 0 0 0 0 0 0 0 0 0 0 0 0 0 0 0 0 0 0 0 0 0 0 0 -2147483647 -2147483647 -2147483647 -2147483647 -2147483647
0 0 0 0 0 0 0 0 1 1 9 3 0 0 0 0 0 0 0 0 0 0 5 1 9 41 56 7 0 0 0 0 0 0 0 0 0 0 0 0 3 0 0 0 0 0 0 0 0 0 0 0 0 0 1 1 4 3 0 0 0 0 0 0 0 0 0 0 0 0 0 0 0 0 0 0 0 0 0 0 0 0 0 0 0 -2147483647 -2147483647 -2147483647 -2147483647 -2147483647 -2147483647 -2147483647 -2147483647
0 0 0 0 4 4 0 0 0 0 0 0 0 0 0 0 0 0 0 0 0 0 0 1 0 1 2 0 0 0 0 0 0 0 0 0 0 0 0 0 0 0 0 0 0 0 0 0 0 0 0 0 0 0 0 4 1 32 0 6 4 0 0 0 0 0 0 0 0 0 0 0 0 0 0 0 0 0 0 0 0 0 0 0 -2147483647 -2147483647 -2147483647 -2147483647 -2147483647 -2147483647 -2147483647 -2147483647 -2147483647
2 0 0 1 0 0 0 0 0 0 0 0 0 0 0 0 0 0 0 0 0 0 0 0 0 0 0 3 0 0 0 0 0 0 0 0 0 0 0 0 0 0 0 0 0 0 0 0 0 0 0 0 0 0 0 0 14 17 24 15 1 0 0 0 0 0 0 0 0 0 0 0 0 0 0 0 0 0 0 0 0 0 -2147483647 -2147483647 -2147483647 -2147483647 -2147483647 -2147483647 -2147483647 -2147483647 -2147483647 -2147483647 -2147483647
1 1 0 0 0 0 0 0 0 0 0 0 0 0 0 0 0 1 0 2 2 0 0 0 0 0 0 0 1 0 0 0 0 0 0 0 0 0 0 0 0 0 0 0 0 0 0 0 0 0 0 0 0 0 0 0 0 0 4 0 0 1 27 0 13 32 17 0 1 0 0 0 0 0 0 0 0 1 0 6 15 -2147483647 -2147483647 -2147483647 -2147483647 -2147483647 -2147483647 -2147483647 -2147483647 -2147483647 -2147483647 -2147483647 -2147483647
2 0 0 1 0 4 1 0 0 0 0 0 0 1 1 0 1 1 0 0 0 0 1 0 0 0 14 1 0 0 0 0 0 0 0 0 0 0 0 0 0 0 0 0 0 0 0 0 0 0 0 0 0 0 0 0 1 0 9 31 5 18 2 5 22 15 0 0 0 1 0 7 0 0 10 2 1 2 -2147483647 2 -2147483647 -2147483647 -2147483647 -2147483647 -2147483647 -2147483647 -2147483647 -2147483647 -2147483647 -2147483647 -2147483647 0 0
4 1 7 8 15 11 1 0 0 0 0 0 0 0 12 2 1 0 0 0 1 2 0 0 1 42 35 1 0 0 0 0 0 0 0 0 0 0 0 0 0 2 0 1 0 0 0 0 4 13 10 12 9 29 27 50 78 68 49 42 27 23 24 2 -2147483647 5 13 14 -2147483647 7 8 3 6 27 28 19 4 1 -2147483647 -2147483647 -2147483647 -2147483647 -2147483647 -2147483647 -2147483647 -2147483647 -2147483647 -2147483647 1 0 0 0 0
0 1 3 4 21 2 0 0 3 6 0 3 12 15 32 5 19 0 2 10 7 25 15 4 18 20 40 10 0 0 0 0 0 0 0 0 0 0 4 4 3 1 0 0 0 0 7 63 12 17 25 50 27 1 27 15 23 31 20 11 1 0 0 0 -2147483647 -2147483647 -2147483647 77 80 15 -2147483647 63 158 76 24 7 -2147483647 -2147483647 -2147483647 -2147483647 -2147483647 -2147483647 -2147483647 -2147483647 0 0 0 32 0 5 0 0 0
0 10 30 6 18 1 0 1 3 1 79 78 146 51 26 5 0 4 0 13 18 11 4 5 3 0 0 0 0 0 0 0 0 0 0 7 6 17 5 10 12 3 0 0 1 2 13 31 84 31 0 27 72 59 0 0 0 5 0 0 0 0 0 0 0 8 2 6 7 -2147483647 -2147483647 -2147483647 -2147483647 -2147483647 -2147483647 -2147483647 -2147483647 -2147483647 -2147483647 -2147483647 -2147483647 -2147483647 -2147483647 5 0 0 0 0 0 2 0 1 0
19 0 0 0 3 0 4 13 21 104 95 20 29 12 2 0 0 0 2 53 60 42 0 0 0 0 0 0 0 0 1 2 0 53 16 29 0 22 2 14 3 3 1 2 0 2 11 6 7 1 17 2 18 50 52 16 1 7 3 19 9 0 0 0 0 0 0 0 0 0 8 3 0 0 0 0 0 24 55 68 -2147483647 -2147483647 5 0 2 2 0 0 0 0 0 0 0
0 0 0 0 0 19 75 34 30 86 88 16 6 14 7 5 4 13 30 27 0 8 0 0 0 0 0 0 0 0 1 1 53 77 6 18 0 0 0 1 0 1 2 0 3 1 5 18 6 0 5 17 39 2 11 0 2 1 31 14 16 22 0 0 0 2 1 0 8 4 5 1 15 2 1 0 0 0 0 41 128 118 72 39 7 0 2 0 0 0 0 0 0
1 3 0 28 13 71 129 90 64 38 2 13 7 44 4 0 0 0 0 0 0 0 0 0 0 0 0 0 0 0 0 8 0 2 1 0 0 0 0 4 11 26 1 1 0 0 0 0 6 1 30 24 16 5 0 7 10 23 19 14 2 8 2 0 1 12 18 9 22 2 3 0 0 0 6 0 0 4 0 2 19 24 11 2 27 1 0 0 0 0 0 0 0
9 7 79 86 73 40 26 7 5 0 0 6 0 0 0 0 0 0 0 0 0 0 0 0 0 0 0 0 7 4 30 1 0 0 3 3 3 14 2 2 0 6 14 11 11 9 26 13 13 23 34 33 6 10 3 6 8 2 0 0 1 0 7 6 0 1 55 5 0 0 0 0 0 0 0 12 2 4 1 6 2 5 7 19 8 18 36 1 16 15 0 0 0
17 8 38 3 5 0 0 0 0 0 0 0 0 0 0 0 0 0 0 0 0 0 0 0 0 8 11 3 17 10 9 2 1 1 0 1 5 1 2 0 0 0 1 6 1 14 14 36 21 63 52 34 5 0 2 1 4 0 4 6 4 0 0 3 12 11 0 0 1 0 0 0 0 0 0 0 0 0 5 2 6 7 0 8 18 34 109 59 32 99 2 0 0
19 20 2 5 7 0 0 0 0 0 0 0 0 0 0 0 0 0 0 0 0 0 0 4 12 3 1 5 1 1 0 0 0 0 0 0 0 3 0 0 1 5 12 14 0 14 39 42 132 129 65 112 107 5 0 0 0 0 2 0 0 0 0 2 15 31 13 3 0 0 0 0 1 0 0 0 0 0 0 1 1 1 0 6 8 29 45 71 25 4 1 0 0
25 9 1 0 0 0 0 0 0 0 0 0 0 0 0 0 0 0 0 0 0 0 2 0 8 12 12 5 2 6 3 0 0 1 0 1 2 0 1 0 10 10 6 50 25 9 33 81 60 124 183 120 49 1 0 0 0 0 0 0 0 9 6 4 5 12 10 3 3 0 0 0 6 0 0 0 0 0 0 0 1 3 1 4 53 14 6 2 50 10 0 2 3
0 5 1 5 4 0 0 0 0 0 0 0 0 0 0 0 0 0 0 0 0 0 0 2 1 11 5 3 2 0 1 0 0 0 65 22 51 5 2 0 12 8 16 0 0 39 50 54 70 178 80 167 155 31 4 0 5 5 3 2 11 20 72 53 10 5 10 4 3 5 4 0 2 0 0 0 0 2 0 4 1 9 4 6 11 33 9 13 32 35 7 0 2
6 19 4 0 0 0 0 0 0 0 0 0 0 0 0 0 0 0 0 0 0 3 17 14 3 5 2 3 2 0 0 6 7 4 22 26 35 146 118 10 3 1 9 2 18 97 191 308 358 294 151 61 31 95 143 50 56 18 17 8 37 98 65 20 30 2 5 5 24 11 1 20 4 6 1 4 2 0 8 2 0 0 2 5 1 9 5 18 25 8 14 3 0
58 14 0 0 0 0 0 0 0 0 0 0 0 0 0 0 0 0 1 0 0 17 28 4 1 13 2 0 0 0 0 5 53 8 31 7 39 27 129 69 18 7 28 37 7 55 117 174 196 306 282 281 178 105 134 157 40 22 49 12 6 20 71 72 61 41 12 1 19 15 0 3 7 14 19 24 12 14 75 29 7 6 2 8 0 23 37 26 11 0 6 41 36
11 5 8 0 0 0 0 0 0 0 0 0 0 3 51 10 8 31 10 15 15 23 46 6 3 0 0 0 2 0 1 2 5 23 7 1 10 2 1 6 5 1 0 7 10 32 145 76 97 156 14 3 0 25 26 91 93 14 13 19 25 6 6 196 245 74 56 39 42 16 5 29 18 98 28 77 69 38 87 2 3 3 17 52 33 16 5 8 0 27 41 68 22
2 0 10 0 0 0 0 0 0 0 0 0 0 48 123 115 44 0 15 7 0 0 9 37 3 27 92 76 26 55 10 0 13 3 28 70 23 0 0 60 9 8 2 8 7 58 35 36 6 1 0 0 27 104 56 0 49 71 104 28 12 17 69 32 115 190 92 23 7 63 77 25 100 103 75 47 34 31 32 10 22 50 120 149 85 10 21 11 0 20 4 35 4
0 6 3 2 0 0 0 0 0 0 0 0 0 27 17 159 272 74 53 107 90 2 4 27 11 7 31 7 56 61 0 13 11 69 76 42 11 3 6 73 11 15 9 11 9 46 13 26 22 0 0 0 0 0 6 41 32 126 64 142 37 39 20 26 41 16 125 96 147 227 146 109 112 78 208 40 188 143 189 167 133 128 133 80 72 54 18 4 19 79 69 24 13
3 2 4 7 0 0 0 0 0 0 0 0 0 0 0 31 205 173 247 58 2 0 117 17 28 8 68 139 201 183 70 0 14 0 9 2 2 21 222 66 2 4 8 6 17 98 72 6 0 0 0 0 0 0 0 1 4 60 19 87 122 38 18 71 78 119 87 259 214 258 328 282 320 283 331 228 285 216 78 103 69 52 36 125 160 84 57 48 61 163 109 7 7
7 1 0 2 0 0 0 0 0 0 0 0 0 0 7 29 94 129 235 97 0 3 21 96 46 123 49 132 35 45 13 13 150 165 63 111 228 295 74 31 5 5 6 5 39 74 37 0 0 0 0 0 0 0 0 3 2 0 52 135 221 251 209 192 236 266 336 338 262 284 337 307 340 361 290 206 304 205 184 226 172 131 145 98 35 130 86 184 174 160 9 91 94
6 0 0 0 0 0 0 0 0 0 2 8 0 3 5 0 9 92 144 82 28 48 0 11 7 36 16 1 0 0 3 11 48 42 16 134 214 61 16 2 9 3 26 30 68 138 110 49 26 13 99 143 149 271 215 264 290 251 195 396 374 355 255 297 342 284 224 122 138 190 307 366 375 305 283 313 291 268 269 176 166 148 173 214 144 233 162 194 259 198 150 249 176
9 0 0 0 0 0 0 0 0 0 12 4 0 0 0 0 81 164 27 0 3 9 154 67 3 0 5 0 0 0 0 0 0 0 17 18 124 22 18 42 27 32 0 16 24 0 5 89 114 67 124 77 205 136 275 377 370 323 271 217 237 177 194 217 199 248 305 280 228 317 230 299 301 252 280 338 272 211 298 280 250 277 284 231 185 214 203 318 302 259 221 242 142
10 3 0 0 0 0 0 0 0 0 3 27 0 5 8 10 140 25 5 0 0 0 56 32 0 3 8 48 215 80 0 0 0 0 70 48 27 46 121 41 10 11 11 0 0 0 1 0 4 1 1 0 0 0 72 111 202 220 191 143 111 42 153 99 132 238 100 160 78 190 219 187 230 306 227 328 367 353 338 341 321 327 295 255 184 330 277 298 327 372 302 341 194
12 0 0 0 0 0 0 0 0 0 0 4 22 23 60 199 133 12 4 0 19 2 1 17 93 127 145 51 193 154 117 55 67 139 65 29 28 328 39 1 9 2 0 0 0 0 2 6 22 17 2 0 0 0 0 14 6 0 0 0 0 8 18 42 3 31 51 44 163 166 188 292 234 358 324 328 315 289 317 330 197 260 205 349 361 362 363 336 360 346 369 307 151
27 0 0 0 0 0 0 0 0 0 2 0 1 7 8 81 58 37 15 22 72 20 2 12 68 58 94 0 123 70 96 66 118 109 252 175 178 81 18 3 16 0 0 0 0 0 0 0 45 8 0 0 0 0 3 2 25 17 2 33 31 0 22 204 101 29 64 174 251 315 358 383 344 400 379 355 355 331 366 385 325 206 228 211 373 357 297 337 334 396 394 393 383
0 0 0 0 0 0 0 0 0 7 5 0 5 15 8 0 27 23 40 23 37 87 146 265 93 137 61 25 0 0 0 7 10 221 361 191 352 160 114 16 18 0 0 0 0 0 0 0 0 32 16 5 0 0 0 0 30 39 25 76 10 17 75 291 280 349 196 285 376 399 375 363 294 400 389 377 387 394 285 381 382 249 288 362 312 317 364 290 365 346 382 320 349
0 0 0 0 0 0 0 0 0 11 0 0 13 1 0 0 0 43 56 131 59 215 93 222 191 131 20 3 0 0 0 0 58 200 259 237 186 329 161 38 5 22 16 0 0 0 0 0 0 0 0 6 9 39 1 37 44 88 71 163 265 342 356 357 355 273 265 272 376 385 340 340 298 347 368 361 362 382 367 368 367 364 348 349 269 322 369 312 349 368 374 269 357
0 0 0 0 0 0 0 0 0 7 3 0 8 4 0 0 0 19 71 46 86 61 45 48 114 14 4 16 2 0 0 0 0 48 208 232 155 333 339 195 244 266 43 9 4 0 0 0 0 0 0 0 0 0 0 0 1 33 88 221 237 370 338 377 357 352 375 326 320 364 382 358 294 313 355 333 337 345 330 340 345 336 330 329 354 347 317 321 310 298 365 306 320
0 0 0 0 0 0 0 0 0 16 0 0 9 13 2 0 1 29 89 82 93 76 9 1 0 1 0 1 9 3 0 0 10 55 17 20 1 0 42 119 231 298 239 64 21 8 20 5 0 0 0 0 0 0 0 0 24 51 67 224 249 225 195 379 368 357 325 305 330 305 309 390 390 344 375 378 376 362 363 202 301 345 355 293 279 334 299 211 286 302 371 322 275
0 0 0 0 0 0 0 0 0 3 0 1 19 53 10 0 0 17 54 21 53 69 7 0 0 0 0 0 12 23 0 0 15 10 18 0 10 73 0 0 16 3 55 54 143 128 32 14 8 5 7 15 3 0 0 5 177 106 104 65 81 194 302 235 271 322 349 352 258 315 261 352 357 337 332 350 313 355 302 324 278 338 359 298 277 227 242 337 297 249 286 313 365
0 0 0 0 0 0 0 0 0 0 0 10 11 0 0 0 24 65 43 0 0 0 0 0 0 3 1 0 4 11 24 12 0 6 13 0 4 26 4 0 0 0 0 0 49 279 281 44 126 174 52 38 10 12 0 0 63 140 109 83 96 148 257 41 170 241 245 231 246 175 68 306 362 336 296 343 320 330 346 329 195 296 362 306 324 246 227 194 309 360 346 222 351
0 0 0 0 0 0 0 0 0 0 6 0 0 0 0 0 21 123 28 0 0 5 6 1 0 0 1 0 43 0 25 104 47 0 0 22 79 26 0 0 0 0 9 5 0 0 29 155 318 400 289 182 5 28 1 8 17 32 146 211 139 73 44 22 74 111 78 135 173 209 95 132 349 393 291 335 320 336 330 385 334 206 261 304 357 315 319 248 287 257 355 249 126
0 0 0 0 0 0 0 0 1 1 0 0 2 8 42 19 0 12 51 0 0 0 4 1 0 43 23 20 20 0 0 22 0 17 25 11 0 0 16 48 13 39 110 43 0 0 0 33 130 132 54 97 0 1 19 0 0 0 0 40 165 349 212 330 336 281 187 342 367 370 228 178 55 255 338 385 371 351 299 381 360 213 287 370 324 359 364 361 249 193 361 330 265
0 0 0 0 0 0 0 0 0 0 1 1 0 5 3 6 1 0 8 0 0 0 0 0 3 3 3 0 5 0 0 0 0 5 0 2 0 0 27 0 2 8 30 8 0 0 0 4 138 235 188 107 51 75 2 4 18 5 0 0 23 111 181 276 282 187 329 360 382 306 386 229 187 115 55 178 210 322 362 381 380 246 288 351 352 360 360 344 327 311 371 277 282
