Land_cover_rasters/CL_wetlands_16.asc
NCOLS 642 
NROWS 378 
XLLCORNER -19.0000644 
YLLCORNER 18.9999684 
CELLSIZE 0.1666666 
NODATA_value -2147483647 
[rows 123 to 163 of 378, columns 465 to 557 of 642]
0 0 0 0 0 0 0 0 0 0 0 2 12 2 0 3 51 45 7 49 21 10 0 0 4 0 18 2 0 1 0 0 1 0 16 27 28 0 0 0 34 5 50 125 151 13 22 8 14 174 208 310 303 112 1 0 0 0 36 0 0 0 9 146 82 234 109 154 177 183 240 158 251 302 301 248 299 265 141 180 228 228 341 365 333 189 296 264 277 301 212 214 344
0 0 0 0 0 0 0 0 0 0 0 0 0 0 0 0 4 38 4 68 18 33 43 2 6 0 35 1 3 10 18 27 45 80 0 0 13 7 57 14 30 207 180 283 155 180 57 14 42 97 186 150 134 115 32 7 0 1 12 0 0 0 11 3 24 17 10 0 7 1 6 7 8 10 0 11 30 90 108 26 16 24 21 15 32 45 45 17 26 29 22 84 84
0 0 0 0 0 0 0 0 0 0 0 0 0 0 0 0 3 0 0 0 0 0 0 5 8 4 0 5 99 167 101 51 141 234 192 172 91 237 295 302 258 189 258 243 243 208 198 19 6 81 189 139 307 305 265 226 29 9 1 7 4 3 17 0 0 20 16 16 40 201 94 143 26 27 42 0 1 3 4 0 0 0 3 19 0 11 10 27 33 1 1 7 1
0 0 0 0 0 0 0 0 0 0 0 0 0 7 0 0 0 0 0 0 0 0 17 0 15 111 42 45 105 178 164 214 155 124 323 351 291 175 249 312 227 314 290 263 346 301 259 80 9 0 16 71 331 305 101 89 154 117 111 108 127 112 37 15 41 23 7 133 251 251 317 345 284 296 101 247 202 116 225 22 188 115 202 231 38 18 78 66 50 171 124 16 102
0 0 0 0 0 0 0 0 0 0 0 0 0 0 0 0 0 0 0 0 3 41 29 23 122 46 96 83 116 136 153 164 74 212 335 350 220 202 258 340 277 347 324 268 352 320 371 330 307 247 64 142 214 166 243 259 260 313 351 348 311 339 320 298 214 198 53 3 37 179 217 145 110 29 74 287 361 125 82 190 232 115 87 106 51 58 18 148 226 104 125 41 94
0 0 0 0 0 0 0 0 0 0 0 0 0 9 5 3 0 0 0 0 0 0 4 19 21 64 74 108 84 79 127 162 97 192 110 363 197 287 282 266 273 311 266 226 342 337 349 319 354 380 362 171 31 218 294 295 278 205 280 277 233 251 329 303 300 220 112 23 0 48 156 108 93 107 190 127 269 244 172 113 212 71 78 29 25 13 68 78 38 10 6 96 122
0 0 0 0 0 0 0 0 0 0 0 0 0 4 70 2 17 0 0 0 0 0 0 0 0 2 36 309 95 20 113 129 101 100 94 132 91 234 254 288 311 373 306 177 314 319 279 345 359 317 81 69 47 162 64 125 310 281 350 370 261 265 261 150 217 248 292 107 8 12 7 0 3 0 0 6 300 222 130 12 59 0 0 28 17 18 0 12 18 49 97 173 163
0 0 0 0 0 0 0 0 0 0 0 0 0 0 17 0 31 59 122 169 21 7 12 0 0 2 15 156 160 190 203 84 22 30 62 70 80 158 273 284 290 365 273 215 294 330 317 200 167 288 268 177 205 139 65 73 249 273 280 238 292 325 169 208 371 333 210 60 7 24 79 92 3 2 20 5 190 176 66 5 32 65 73 61 109 180 205 211 283 290 215 114 65
0 0 0 0 0 0 0 0 0 0 0 0 3 8 24 0 44 28 136 209 12 11 23 32 36 19 51 0 119 125 12 78 31 0 0 45 100 77 40 96 161 241 284 202 277 346 275 342 192 201 202 253 300 247 213 307 281 228 252 247 219 165 176 203 286 173 94 38 3 0 16 105 157 42 12 127 192 185 91 164 210 219 279 300 368 368 392 331 222 202 96 26 113
0 0 0 0 0 0 2 0 3 0 0 0 0 0 4 0 75 105 13 23 29 132 198 105 55 62 120 113 0 3 9 61 0 29 11 34 45 44 34 13 11 101 109 121 185 327 260 300 335 231 205 191 173 256 292 268 291 312 278 205 186 52 258 346 312 368 333 70 19 0 5 91 219 59 10 152 129 268 115 222 147 200 296 348 256 151 297 142 148 177 61 120 221
0 0 0 0 0 0 0 2 0 0 0 0 0 0 1 0 1 70 12 29 14 12 59 257 50 158 28 81 6 16 13 165 76 22 29 68 12 0 0 5 6 17 24 47 89 245 208 244 232 333 190 204 118 273 315 348 318 373 283 259 242 187 280 338 223 138 53 36 187 118 60 90 209 200 204 344 325 323 377 242 199 151 37 109 298 24 286 36 103 220 51 89 111
0 0 0 0 0 0 0 0 0 0 0 0 0 0 0 0 1 0 2 51 29 40 5 29 0 3 79 76 112 23 0 31 227 98 126 51 2 1 0 29 39 0 0 8 7 39 58 12 61 209 112 49 33 83 82 82 134 180 131 195 296 314 209 151 39 7 20 30 43 164 204 192 166 91 146 187 146 158 133 234 186 316 34 91 257 58 136 1 55 86 101 78 105
0 0 0 0 0 0 0 0 0 0 0 6 0 0 0 0 0 56 75 32 14 48 59 11 0 0 1 4 6 0 2 16 14 5 79 22 103 57 3 8 3 9 18 0 0 11 84 114 21 247 203 149 260 232 223 304 288 207 197 300 227 114 58 95 60 47 144 67 23 28 13 7 131 178 172 16 172 174 175 74 65 179 267 175 273 200 67 0 49 49 94 30 47
0 0 0 0 0 0 0 0 0 0 0 0 0 3 4 4 8 7 4 81 0 40 12 14 0 0 0 0 0 4 0 15 37 28 69 36 44 2 14 1 47 96 129 250 34 40 112 140 161 172 273 227 238 298 380 255 285 223 345 303 269 86 92 26 0 0 0 0 0 11 106 286 307 119 192 249 43 137 221 274 230 244 189 325 165 14 83 23 34 33 13 44 88
0 0 0 0 0 0 0 0 0 0 6 0 0 0 0 0 0 0 1 0 5 19 39 3 0 0 0 0 0 0 0 0 0 10 11 57 38 99 231 239 268 269 210 240 224 14 14 145 219 114 131 315 311 320 329 337 225 172 229 192 183 12 18 38 3 0 0 89 212 96 279 350 84 92 196 138 41 2 23 62 23 98 216 201 304 190 314 184 211 147 89 61 86
0 0 0 0 0 0 0 0 0 0 0 0 0 0 0 3 0 0 0 0 6 22 20 0 0 0 0 10 0 0 0 0 4 0 24 1 6 64 16 171 296 184 46 22 53 20 3 20 13 57 214 309 222 310 235 188 56 242 239 212 45 50 43 37 6 1 41 13 121 280 377 187 126 227 176 283 119 139 69 35 72 139 79 74 15 172 301 360 225 153 236 188 107
0 0 0 0 0 0 0 3 0 4 0 0 28 2 2 0 0 0 0 0 0 3 37 8 3 1 0 0 0 2 1 91 34 17 12 2 61 34 7 0 3 162 199 172 11 4 0 4 17 130 43 202 154 133 155 169 238 337 209 43 30 12 0 0 3 0 0 51 41 68 226 252 235 176 238 308 354 349 266 175 224 34 72 120 95 89 95 124 78 181 159 200 224
0 0 0 0 0 0 0 0 2 0 0 3 12 0 0 0 0 0 0 8 0 0 0 4 18 1 0 0 0 0 10 1 5 0 0 6 6 2 1 2 2 18 115 113 150 246 52 12 41 184 207 75 163 131 259 305 155 250 179 59 32 0 2 46 47 15 0 0 14 9 28 47 158 105 65 160 270 339 237 195 17 182 272 277 235 246 163 249 126 195 245 282 287
0 0 0 0 0 0 0 0 0 0 0 1 0 1 0 1 0 0 0 0 0 0 0 0 0 0 0 19 2 15 43 15 0 9 21 6 11 10 18 93 33 13 0 4 103 25 21 8 57 12 64 66 70 89 88 216 191 153 23 17 5 31 158 205 202 188 17 6 62 16 62 199 188 256 291 221 173 344 182 135 186 69 114 96 128 310 392 169 36 95 217 253 65
0 0 0 0 0 0 0 2 0 0 0 0 0 0 0 0 0 0 0 0 0 1 0 0 0 0 0 0 2 0 0 13 0 0 0 0 0 0 1 60 21 4 0 6 1 25 1 0 56 74 11 108 159 3 110 157 117 44 22 0 0 17 131 169 62 141 83 31 116 287 16 5 180 146 187 235 348 253 356 145 113 239 262 203 345 344 200 20 159 162 143 139 33
0 0 0 0 0 0 0 1 0 0 0 0 3 2 0 0 0 0 0 0 15 0 9 0 0 0 0 0 0 0 0 0 0 0 0 54 30 0 0 0 1 0 0 0 7 41 0 11 9 8 26 44 68 34 91 75 25 25 5 9 8 1 6 0 6 8 4 0 7 144 180 213 205 289 141 187 134 191 347 315 269 270 386 213 341 304 120 168 77 163 247 159 133
0 0 0 0 0 0 0 0 4 0 0 0 0 0 0 0 0 0 1 1 0 0 0 0 0 0 0 0 0 0 0 0 0 0 0 0 1 5 0 62 32 35 0 2 0 0 4 0 31 68 6 3 39 24 34 28 13 4 9 59 81 40 3 6 10 16 37 30 9 7 40 12 3 0 0 0 0 67 110 133 240 312 145 10 11 121 175 255 83 29 75 0 0
0 0 0 0 0 0 0 0 2 0 0 0 1 0 0 0 0 0 0 0 0 0 0 0 0 0 0 0 0 0 0 0 0 0 0 0 0 0 0 4 0 0 0 0 0 0 0 0 0 0 1 0 1 22 10 6 1 25 17 46 32 31 15 0 3 3 29 64 58 71 180 194 9 11 8 1 1 0 8 22 0 0 0 0 0 2 26 7 19 0 0 0 0
0 0 0 0 0 0 0 0 0 0 0 0 0 0 0 0 0 0 0 0 0 0 0 0 0 0 0 0 0 0 0 2 0 0 0 0 0 0 0 0 0 0 0 0 0 0 0 3 0 3 0 0 0 1 3 2 6 0 0 0 0 0 19 30 5 132 111 24 37 81 179 82 58 169 45 1 53 144 94 49 10 15 3 16 1 7 1 6 0 8 8 0 0
0 0 0 0 0 0 0 0 2 6 0 3 1 0 0 0 0 3 0 0 0 0 1 0 0 0 0 0 0 0 0 0 0 0 0 0 0 0 0 0 28 5 4 0 4 5 2 1 3 2 2 0 0 1 1 0 0 2 0 7 15 10 35 17 38 97 82 3 0 1 12 26 69 0 1 0 13 6 14 151 72 116 33 7 42 51 9 65 5 0 0 0 0
0 1 0 0 0 1 0 0 0 2 0 0 5 0 0 0 1 0 0 0 0 0 0 0 0 0 0 0 0 0 0 0 0 0 0 2 0 0 0 0 0 0 5 0 0 4 0 2 1 0 0 1 0 1 14 11 9 17 8 37 36 8 0 8 0 1 0 0 3 0 0 2 12 5 0 0 1 0 0 0 0 0 0 5 1 10 14 127 74 2 7 11 0
0 0 0 0 0 0 0 0 0 0 0 13 0 0 0 0 0 0 11 1 0 0 0 0 0 0 0 0 0 0 0 0 0 0 0 0 0 0 0 0 0 3 3 25 12 2 2 2 2 0 0 0 12 10 0 0 0 0 3 0 0 0 0 0 0 0 0 16 17 19 0 0 0 0 8 1 0 0 0 0 0 0 0 0 0 0 0 0 0 0 0 1 12
0 0 0 0 0 0 2 0 2 0 0 4 4 6 0 0 0 0 2 0 1 0 0 0 0 0 0 0 0 0 0 0 0 0 0 0 0 0 0 1 0 0 0 2 0 0 2 3 0 0 0 0 0 0 0 0 0 1 0 0 0 0 0 0 0 0 0 5 0 0 0 0 0 0 3 6 0 3 0 0 0 0 0 0 0 0 0 0 0 0 0 0 0
0 0 0 0 0 2 0 0 3 2 0 0 0 1 0 0 0 0 0 0 0 0 0 0 0 0 0 0 0 0 0 0 0 0 0 0 0 0 0 0 0 1 0 0 0 0 4 0 0 0 0 0 0 0 0 0 0 0 0 0 0 0 0 0 0 4 0 0 0 0 0 4 0 0 0 0 1 0 0 2 0 0 0 0 0 0 0 0 0 0 0 1 0
0 0 0 0 0 0 0 0 0 0 0 1 0 0 0 0 0 0 1 5 0 0 0 0 2 0 0 4 7 4 5 0 0 0 0 0 0 0 0 0 1 0 0 0 2 8 0 0 0 0 0 0 0 0 0 0 0 0 0 0 0 0 0 0 0 0 0 0 0 0 0 3 1 0 0 1 0 0 0 3 0 14 30 35 0 1 3 0 5 4 1 0 0
1 0 0 3 0 0 0 0 0 0 3 0 0 0 0 0 0 6 2 8 14 0 0 0 0 0 0 0 1 6 4 0 0 0 0 1 3 0 0 0 0 0 0 0 0 8 0 0 0 0 0 0 0 0 0 0 0 0 0 0 0 0 5 0 0 0 0 2 0 0 0 2 6 0 0 0 0 0 0 15 6 5 3 7 0 5 5 1 10 0 0 0 0
0 0 0 0 0 0 0 0 0 0 0 0 0 0 8 0 0 8 20 2 0 0 0 0 0 0 1 0 0 0 2 1 0 1 0 0 0 0 0 0 0 0 0 1 2 0 0 0 0 0 0 0 0 0 0 0 3 1 0 0 0 0 0 0 0 0 0 0 0 0 0 1 0 0 1 0 2 0 9 24 40 14 9 12 0 0 0 0 0 1 0 0 1
0 0 0 0 0 0 0 0 0 0 4 0 0 1 1 0 0 2 9 5 45 20 9 0 0 0 0 0 0 0 0 0 0 0 0 0 0 0 2 0 0 0 0 0 0 0 0 0 0 0 0 0 0 0 3 5 9 0 1 1 0 3 1 0 10 0 0 0 0 0 0 0 0 0 0 0 0 9 13 15 15 24 5 10 12 3 0 39 22 9 0 7 0
0 0 0 0 0 0 0 0 0 0 0 0 3 6 3 2 0 4 4 7 46 0 0 0 0 8 0 0 0 0 0 0 0 0 0 0 0 5 4 13 0 0 0 0 0 0 0 0 0 0 0 3 12 12 15 55 15 5 6 0 20 11 7 0 13 0 0 0 0 0 0 0 0 7 0 0 0 0 4 8 2 5 3 1 6 4 1 3 2 3 0 0 0
0 0 0 0 0 0 0 0 0 0 0 0 4 4 11 15 4 7 27 5 42 7 2 9 0 4 0 2 4 22 3 1 1 0 8 21 2 0 0 0 0 3 2 0 0 0 0 0 0 0 0 42 28 153 66 18 11 7 6 0 5 16 0 0 9 0 0 0 0 2 48 34 37 33 63 8 18 20 0 2 30 2 3 1 4 0 0 7 6 7 0 0 9
0 0 0 0 0 0 0 0 0 0 0 0 5 3 0 4 1 2 5 4 1 0 16 0 9 0 0 8 0 16 2 1 0 0 0 15 27 1 0 0 0 5 0 0 0 29 0 3 0 1 0 2 0 17 22 5 2 7 16 9 5 20 8 5 7 0 0 1 23 0 35 8 2 0 0 18 7 10 0 0 0 0 0 4 4 2 6 9 5 2 10 5 0
0 0 0 0 0 0 0 0 0 0 4 4 1 0 0 2 13 0 3 1 1 0 0 0 1 2 0 0 0 0 0 0 1 1 0 2 0 0 0 6 10 0 0 0 0 10 5 0 2 0 2 4 9 3 10 4 5 5 12 0 7 0 1 0 2 0 0 0 0 5 2 0 1 4 1 0 5 2 0 3 0 0 0 0 3 0 2 2 3 5 0 0 0
0 0 0 0 0 0 0 1 0 0 0 1 0 0 0 0 0 14 16 2 2 1 3 0 0 1 0 0 0 0 0 0 0 1 0 0 0 0 1 0 0 0 0 0 0 3 1 5 2 2 1 0 2 0 2 2 4 7 7 0 6 1 1 0 0 9 0 0 0 6 0 0 0 0 0 1 0 0 0 0 0 0 2 0 0 0 1 10 19 0 0 0 0
0 0 0 0 0 0 0 2 0 0 0 0 5 0 0 0 3 11 7 7 2 14 4 0 1 0 0 0 0 0 0 0 0 2 0 0 0 0 0 0 0 0 0 1 1 2 1 5 2 5 7 2 4 3 2 0 4 0 4 3 2 0 0 4 1 0 0 0 0 0 1 0 0 0 1 3 0 0 0 0 0 0 0 0 0 0 0 2 9 0 0 0 0
0 0 0 0 0 0 0 0 1 5 1 0 3 0 0 0 0 0 0 3 40 3 1 0 0 0 0 0 0 0 0 1 0 0 0 0 0 0 0 0 0 0 0 0 2 0 1 1 2 0 9 0 4 4 1 0 0 2 2 0 1 0 7 4 6 1 0 0 2 5 0 0 0 3 0 0 1 0 10 3 0 0 3 4 18 0 0 0 2 4 5 0 0
0 0 0 0 0 0 0 0 0 0 0 0 0 0 0 0 15 50 7 1 0 0 0 0 0 0 0 0 5 0 2 0 2 3 0 0 14 3 2 0 0 0 0 0 0 0 0 4 0 1 3 0 3 0 0 0 0 3 0 0 0 0 0 17 0 2 4 0 2 0 0 0 0 0 0 2 0 0 0 0 0 0 0 0 0 0 0 0 0 1 2 0 0
