Maxent_result_files_2/B_alagesianus_3.asc
NCOLS 594 
NROWS 330 
XLLCORNER -15 
YLLCORNER 23 
CELLSIZE 0.166666666666667 
NODATA_value -9999 
[rows 180 to 199 of 330, columns 450 to 494 of 594]
0.000930752200656571 0.000795946293510497 0.000816251130891033 0.000705518381437287 0.000521113128343131 0.000323344719072338 0.000307516510656569 0.000266050832578912 0.000266842848213855 0.00026387403413537 0.000270358684792882 0.00027748059364967 0.000239775832596933 6.26856685812527e-05 0.000216168310726061 0.000243478046468226 0.000239461380988359 7.36194704586524e-05 2.96004048323084e-05 8.02154483608319e-05 0.000186885645598522 0.000182511866660207 0.0001878306731669 0.000187587050822913 0.000181707209048909 0.000179911530358368 0.000186281952846912 0.00019426155158726 0.000187492719123838 0.000209534506939235 0.000238173808975262 0.000280578861566028 0.000312900046992581 0.000394722744385945 0.000509358271665405 0.000609129434451461 0.00106176955159754 0.00116475480026566 0.001365904751583 0.00195650006644428 0.00140714604349341 0.0011692858155584 0.00101648349082097 0.00123618903453462 0.00117997534689493
0.0009534842800349 0.000929587174323387 0.000858080715988763 0.000651466906128917 0.000446410557196941 0.000358979614247801 0.000331158027256606 0.00029651635340997 0.000314756403531646 0.000278478357358836 0.00027303954702802 0.000254129372478928 0.00022513966760016 0.00021030646021245 0.000195365174295148 0.000174190559482668 0.000191941481898539 0.000208606826345203 0.000177134447221761 0.000182219644557335 0.000201650989765767 0.000176058801662293 0.000169749406632036 0.000171723684616154 0.000176256371923955 0.000162708212519647 0.000148165570499259 0.000153765799768735 0.000160647798838909 0.00019408907610341 0.000227756700405735 0.00025620653104852 0.000304836544091813 0.000350170891033486 0.00045144114701543 0.000439888604887528 0.000599550681363326 0.000822197386878543 0.00125973390240688 0.00142343397019431 0.00115533157077152 0.000838312759879045 0.000809390093490947 0.000842531607486308 0.00097345317772124
0.00105579520459287 0.00081906832929235 0.000750580764724873 0.000578000069072004 0.000180798603832955 0.00040130628622137 0.000355415504600387 0.000386805589369033 0.000131312030134723 0.000275795115157962 0.00013533383498725 0.000215383856630069 0.000221566489562974 0.000191797002844396 0.000167133847935474 0.000166333551169373 0.000191825166621129 0.000204193887475412 0.000179739231316489 0.000174983989927568 0.000169663745327853 0.00018175728218921 0.00017233795078937 0.000173089708914631 0.000164921788018546 0.000157043235594756 0.000147811403439846 0.000149858824079274 0.000153833014337579 0.000149419708031928 0.000171025532108615 0.00022105487259978 0.000228549982784898 0.000296530158084352 0.000353249235922703 0.000369002197840018 0.000448981879162602 0.000609334206092171 0.00084350257384358 0.000883597644860856 0.00090858005132759 0.000647095774183981 0.000637140843900852 0.000715719493746292 0.000626848640968092
0.000707903009606525 0.000604213635961059 0.000545752260950394 0.000228524727572221 5.90926309087081e-05 8.6184802603384e-05 0.000160518710617907 0.000386149781115819 0.000305175151152071 0.000316092008870328 8.44076239445712e-05 0.000235122139929445 0.000203255513042677 8.7349514978996e-05 0.00015371405534097 0.000172587617271347 0.000196386548850569 0.000156833526489208 5.93828966884757e-05 0.000138706995130633 0.000151480672866455 0.00016945496572589 0.000147685667616315 0.0001458337999793 0.000145889770283247 0.000142748605139786 0.000144443414319539 0.000157540861619054 0.000159556591825094 0.000152008342047338 0.000167497985603404 0.00016807829561003 0.000193559131730581 0.000232465290173423 0.000232612598119886 0.000285191942384699 0.000307789218641119 0.000374639424990164 0.000492407910496695 0.000495486258296296 0.00039765459659975 0.000369144167052582 0.000393173128395574 0.000471207944792695 0.000501240738958586
0.000621123120072298 0.000549795133701991 0.000481517471780535 0.000431944345473312 0.000517639954341575 0.000471726279647555 0.000421789633401204 0.000167841165239224 0.000118103256500035 0.000237740706870682 9.99579433482722e-05 0.000222107817899087 0.000177899339905707 5.59434515707835e-05 3.8436469685621e-05 0.000156721920211567 0.000139279718132457 6.90707031935744e-05 0.000137343228925602 0.000146390133159002 0.000148905981768621 0.000143460098115611 0.000135102542481036 0.000134899826662149 0.000135737694472482 0.00012666294551309 0.000108840159919055 0.000114415609095886 0.000111664925134392 0.000133075956182438 0.000150102982661338 0.000134475657250732 0.000149967973629828 0.000147817321339971 0.00016115454636747 0.000192398637227598 0.00022590461812797 0.000260048665950308 0.000293487507587997 0.000282760747359134 0.00023618719787919 0.000224314292063355 0.000259091451880522 0.000342360834474675 0.000329028143460164
0.00066740008915076 0.000560382883122656 0.000471279656630941 0.000417754987574881 0.000454366000485607 0.000149925699224696 9.46733358432539e-05 2.29005068831611e-05 0.000111475141784467 0.000107056463457411 0.000180318009370239 9.61258674578858e-05 8.78346299941768e-05 5.94117131186067e-05 0.000134391189931193 4.66373988274427e-05 0.000116448926200974 6.21293246695132e-05 0.000110040071558615 5.14064919116208e-05 0.000127177718422899 0.000124354349100031 0.000112372413605044 0.000108499471389223 0.000112100211663346 4.49485649824055e-05 5.24113434948958e-05 3.53870925209776e-05 0.000114374854274502 0.000119360061762563 0.000131178485025885 0.000144646597982501 0.000145250729110558 0.000136674272653181 0.000131840617723356 0.000138798620719172 0.000164299462267081 0.000178114610389457 0.00018402063396934 0.000179511529495358 0.000175892186962301 0.000172270812618081 0.000220566761709051 0.000220660086415592 0.000237485392062808
0.000687412968545686 0.000571114709600806 0.000467983711860143 0.000169280726913712 0.000429306834121235 0.0004047393820656 0.000334516253496986 0.000335763162729563 0.000283695264806738 6.28512335424602e-05 0.000201196397756576 2.58358973496797e-05 2.23626156525825e-06 7.14549269105191e-05 0.000136067026869568 0.000132950002080179 0.000122735542208829 0.000108488011574082 0.000101052679929126 4.2457054814804e-05 0.00011437160846981 0.000109549550688826 0.000106655687886814 5.41692390470416e-05 4.15961314956803e-05 2.95421282771713e-05 2.31011426421901e-05 2.60314319348254e-05 7.1682858197164e-05 7.15941117050534e-05 2.2542789452018e-05 0.00011014821830031 0.000109597791197302 0.000105009975777648 9.4797841302352e-05 9.79932694463059e-05 0.000109832939779153 0.000131082015832362 0.00014836698264844 0.000157139297880349 0.000178768883051816 0.000171917091574869 0.000156010897626402 0.000156086949209566 0.000197867243332439
0.000307446691294899 0.000511443453433458 0.000195835519843968 6.59779499983415e-05 9.45491499805939e-05 3.11445010993339e-05 7.02936806192156e-05 3.52173445662629e-05 4.58560298355337e-06 9.84168168394195e-07 8.63782654505485e-06 6.02113785816982e-06 3.98542945731606e-05 3.77222284441814e-05 0.000121178295921709 0.000124063542898512 0.000113832536953851 0.000116957157297293 0.000108946785439912 9.27207214772352e-05 0.000109557626819878 0.000112419495053473 0.000103721848790883 0.000101262436692195 7.75245318436646e-05 3.42272484886053e-05 6.47340787509165e-05 5.17295956342423e-05 4.96696387926931e-05 2.85664196780999e-05 3.15888399200048e-05 8.23310258056154e-05 9.99374955426902e-05 0.000102144716947805 8.90585795787047e-05 7.54853039325099e-05 7.78158806497231e-05 9.31856297029299e-05 9.81281793428934e-05 0.000110165599289758 0.000115817655205319 0.000103483605016663 0.000113970381062245 7.78262263338547e-05 0.000174443427749793
0.000382846369757317 0.000842792069306597 0.000182896413025446 0.000245373598590959 8.24560416731401e-05 8.0063394489116e-05 6.26266655672225e-05 9.07555022422457e-06 2.9323964366057e-06 5.09082454129839e-06 7.30142456632166e-05 7.30487473674657e-06 5.41788648661168e-05 5.99192891968414e-05 2.7844822852785e-05 4.04387144044449e-05 4.68364173229929e-05 9.62741634793929e-05 0.000103198130454984 8.032813675527e-05 9.93875553831458e-05 0.000104715419183776 0.000118642657434975 0.000100359725365706 7.713589566265e-05 7.64020962378709e-05 6.70032324705971e-05 2.48038668132722e-05 9.33927437927196e-06 3.00455329806937e-06 8.77600074318252e-06 1.9457578082438e-05 3.12413079427643e-05 5.24498995218892e-05 4.23497722294996e-05 4.76671369142423e-05 5.14527326231473e-05 6.03742366365623e-05 6.94118063620408e-05 7.74473302044498e-05 8.58116180097568e-05 9.71266497799661e-05 0.000107930304511683 0.00011799229105236 0.000118125581866479
0.000241784440368065 0.000152967150279437 4.70506695819495e-05 0.000385909139367868 0.000214888223126763 0.000206558855279582 0.000180056614590285 1.90695202491042e-05 5.36676558340332e-06 5.76772486056143e-05 4.47301566055103e-05 1.97175943412731e-05 4.66995903025236e-05 4.02097681671876e-05 3.24306740822067e-05 3.05276218114159e-05 1.51242201582136e-05 1.47189905646883e-05 8.23493641291861e-05 7.82148715188669e-05 7.25136959772499e-05 7.0850053907634e-05 6.92346417054068e-05 7.25647122635564e-05 3.97114223233075e-05 7.57904240344942e-05 5.52022404917807e-05 4.64280113192217e-05 3.43882628612846e-06 8.66498187956921e-07 9.64038245001575e-06 2.61052020960051e-05 4.48534093266062e-05 1.83966181339201e-05 1.83824589612414e-05 3.75737298782042e-05 4.24063025548094e-05 4.73983211122686e-05 5.00074883348134e-05 6.06275778409326e-05 7.04809423041297e-05 8.30439959827345e-05 9.3378807832778e-05 7.56812293730036e-05 7.41314848710317e-05
2.48006570018333e-05 1.34833097490628e-05 1.1899245555469e-05 1.55458282051768e-05 3.33031348418444e-05 0.000238184555928456 2.04025896891835e-05 1.3437511961456e-05 7.47534434594854e-05 0.000151611572073307 3.34109382492898e-05 7.29770047200873e-06 9.52224212369401e-06 6.22066808091404e-06 3.24417727028958e-06 7.747908773581e-06 3.79789276394149e-05 7.34057698537072e-05 6.44132367597194e-05 6.15017233940307e-05 5.61582649424963e-05 4.71535081487673e-05 1.39591645393011e-05 2.42332846937643e-05 2.45924018827282e-05 4.8631459230819e-05 1.97069403839123e-05 8.69182055112105e-06 4.79291711144469e-05 4.84225723994314e-05 5.13134310494934e-05 5.05891232933209e-05 2.18286618519414e-05 1.51081918261298e-05 2.2512339342029e-06 1.00915283951508e-05 2.78647723007452e-05 3.40098227297858e-05 4.34843658240425e-05 5.03294424561318e-05 5.83989722144906e-05 6.36804970781668e-05 5.50810741515306e-05 5.46028863027459e-05 6.37676270343945e-05
8.40529090737618e-06 3.30281000380239e-06 4.44332345566068e-06 6.33906943505735e-06 1.69513338619254e-05 2.80847330937917e-06 8.73328388024675e-06 1.390839108808e-05 7.73821439906897e-05 1.44749748415052e-05 3.81471993478044e-05 1.27502626810383e-05 7.47256768818261e-06 1.54605466349267e-06 1.14379734057479e-06 8.27835923473685e-06 5.20886146659905e-06 6.19917863332375e-05 2.07890915817188e-05 4.89317287247104e-05 4.3232041889496e-05 3.52793033016496e-05 3.5176627443434e-05 1.77362650219948e-05 3.09796160991027e-06 1.1163851411311e-05 1.36907849253021e-06 5.06010232770304e-07 2.13822730984248e-05 3.96513697523915e-05 3.77714389287576e-05 1.96662362213829e-05 3.141616175526e-05 1.33877487314749e-05 1.18914006066007e-05 8.48705500402502e-06 2.20863375943736e-06 1.86483788127134e-06 1.4891781836468e-05 3.48286544976872e-05 4.23199026954535e-05 4.79824078411184e-05 4.62051274098485e-05 4.5289730951481e-05 4.91935013542388e-05
9.93911714886053e-06 6.47633943628989e-06 1.19700089458163e-06 1.98879317432343e-06 9.75527006952248e-09 6.48948064707611e-06 8.10503221373438e-06 8.53299263781082e-06 3.17388659368589e-05 5.795390206913e-05 0.000185321715980535 3.13419523081393e-05 8.22750782845105e-06 5.98062388945664e-07 1.35123259212833e-06 8.47583366692106e-07 1.56729092708474e-06 3.29584338487621e-06 7.59786911430638e-06 2.43593354127825e-06 5.5706274338263e-06 1.40731755664092e-05 4.59916504951252e-06 6.59385277685942e-06 5.7373923709747e-06 1.12307173935733e-05 8.19160521103868e-07 2.38306812150313e-07 2.73449450958196e-06 5.73623352106978e-07 1.40323738264669e-06 2.83418463823182e-05 2.69513254352205e-05 2.22891163048189e-05 2.02905687501698e-05 1.64501009749074e-05 8.82689622585531e-06 4.67821973870741e-07 1.05359080464495e-06 7.91139154330267e-06 3.15410729854193e-05 3.29601828070736e-05 3.08021705677675e-05 3.44844337178074e-05 2.31516648000252e-05
1.45815149399375e-08 1.95832831062503e-09 3.61262826320541e-09 4.27947001169215e-09 1.1415992133279e-06 1.09433799662106e-06 1.1816612726534e-06 9.14872129731403e-07 5.19824948696623e-05 0.000189609237349941 1.24382543390311e-05 0.000244640799792251 7.78647978449953e-06 4.19125663029263e-05 4.97011517275325e-08 1.28766922014023e-08 3.67964928638109e-08 2.55342065269559e-08 7.16479572338002e-09 2.40446514920833e-09 4.41556891583872e-07 2.40955094170658e-06 6.13047638609032e-07 4.30324744171706e-08 1.74934192009868e-07 5.96532898722302e-07 4.09045039817535e-07 1.61002382537134e-09 3.8690929652363e-07 1.03491742891038e-06 1.00517025742874e-06 9.73844953477965e-07 5.17035093139384e-06 8.7686894005401e-06 1.85053896302634e-05 8.85300427739821e-06 2.69524269924659e-06 8.1894467029997e-07 6.33358702017972e-07 2.33557489650593e-06 2.380885130151e-05 2.50759139817092e-05 2.57927817983727e-05 1.58275800458796e-05 8.14684335068705e-06
1.28447302238932e-08 1.75901030408099e-09 1.82731733078256e-09 3.08237881885276e-09 9.69035352516023e-08 2.57151918903187e-07 7.89123789424195e-07 7.61409615912534e-08 5.17156290569254e-07 5.0024750493094e-07 3.40116783945632e-06 8.29790948046138e-05 1.78895870206475e-07 4.37987346391111e-09 2.57972188055788e-10 8.82809048086131e-11 3.22705928645917e-10 5.20277113391643e-08 1.21127634922225e-08 8.13620089523681e-08 8.77893057804613e-08 5.28368333263529e-07 7.54051831108882e-07 1.92174032509485e-07 2.45307988655519e-07 1.16722367948796e-06 2.15361196751473e-06 1.1430676093438e-07 6.9580999406682e-09 1.77038909010552e-07 1.80126524340629e-07 3.08407823723655e-09 3.01896157051118e-07 4.55329735586929e-06 1.50663219926628e-06 7.15060800189349e-06 6.39111219697952e-06 4.16050604030715e-06 1.17288748356259e-05 2.01924603970838e-05 2.09505885322869e-05 2.22985180016622e-05 2.48692211016532e-05 1.19485973982592e-05 1.67026660847114e-05
1.10769386330034e-08 1.29659185610365e-09 1.3162539946876e-09 3.15762933578156e-09 3.97797952356171e-09 5.6293904870941e-09 4.99656805930115e-09 2.34939990240157e-08 1.12023576415154e-08 5.50458974624135e-08 1.44224430886908e-07 1.66757723008004e-07 1.4669682135704e-09 4.36047242757809e-10 3.03363845155502e-10 9.41466904436084e-12 3.64878116609901e-10 7.37007527895628e-08 6.09102802640038e-09 3.0352110824694e-10 1.95391162138847e-09 1.02161703252612e-07 1.22336797758749e-07 4.06696767452086e-07 2.3528182651944e-06 1.47869769477893e-06 1.13635526531652e-05 3.6440249839842e-07 5.33006635494715e-09 4.12825028495156e-08 2.58591485780002e-08 4.3897378287916e-09 9.51934520099229e-10 6.07036291233598e-09 9.19389011033722e-08 2.71647871763481e-07 8.49782868783677e-07 2.83660082800452e-06 1.38194848886997e-05 8.46607591142856e-06 9.38394512104424e-06 1.03432978960427e-05 2.0528704226308e-05 2.3464057039746e-05 1.46383608125689e-05
8.66498309770591e-09 1.52754536797417e-09 1.2276207161932e-09 2.2298478064009e-09 2.54547690703433e-09 3.46169077847236e-09 3.09251476648953e-09 8.15084191141402e-08 4.51626595010524e-09 5.37834986058527e-07 3.94160112904274e-07 9.75959937310478e-09 9.23941630981417e-09 4.30000904882988e-09 5.2669861805299e-10 2.10719275361981e-10 1.36155198227073e-11 3.00805880204535e-10 1.47431145069987e-10 7.75074839864942e-09 2.95152319251812e-09 2.03063832415751e-09 6.69912843997977e-07 3.70800823361606e-06 7.84609133006597e-05 3.13732022277691e-05 5.95006538787857e-05 1.5480518595723e-05 8.8014667767311e-06 2.81751169097788e-06 4.26644880917593e-06 9.83328566235286e-06 7.64523026930419e-07 2.29807803964199e-07 7.07356728746333e-10 1.30987661828286e-09 5.25705503573448e-09 5.00435427541746e-09 2.27940391894776e-07 1.32244854569308e-06 1.53863921696029e-05 1.58086256419665e-05 1.6477975395901e-05 8.97834478337245e-06 1.6574855055751e-05
2.54044508762874e-09 1.65128231088829e-09 1.87592024136762e-09 2.03002780141404e-09 1.98996561451281e-09 2.98898524819791e-09 2.96238900077128e-09 2.93212221169625e-09 5.10473575632275e-09 3.3228760862869e-07 1.6660773094479e-09 8.87737661159349e-12 1.36394229244274e-12 1.12874953828168e-10 1.13237763610385e-10 7.76980924044324e-11 5.33751487452605e-11 5.03341677227098e-09 4.02832187607061e-09 3.01238086564126e-07 2.32845381198388e-08 8.73872607609627e-10 2.58684289800026e-07 2.36050626426731e-05 2.36606594398836e-05 3.28915402405983e-05 6.83583862610249e-05 5.58424756945897e-05 8.11521642390289e-05 7.56489566811069e-05 3.70574003909496e-05 2.91976090807111e-06 4.05185356555648e-06 4.64071808607969e-06 1.33534581792105e-07 8.64360752084181e-08 9.64706259320991e-10 7.54250384371602e-10 3.81896584356056e-09 1.04490757268927e-08 1.7926531185708e-06 5.85034284483754e-07 5.54297996302466e-07 1.00329534973298e-06 3.03691491865266e-06
1.88056780148216e-09 1.85275877973012e-09 1.61386174424294e-09 1.23192641643399e-09 1.26963949353964e-09 2.31577166331931e-09 2.53206207112555e-09 3.72949917615273e-09 3.0298652454519e-06 2.87012983477553e-06 3.35437286835827e-09 1.72816205790127e-12 5.36704014564293e-13 9.00523988711655e-11 7.6654586012026e-10 2.28798661128238e-09 1.52093670990894e-09 1.41296275391056e-07 1.50239825646992e-07 6.42289845753652e-08 2.62291701957906e-07 4.129008630116e-07 3.29099294305024e-07 2.09921881832997e-06 1.23988188391877e-06 2.72392012561795e-05 4.3058681058028e-05 3.29529019836627e-05 9.77121349478693e-05 7.54804935695574e-05 4.76780505778152e-05 4.49276323706727e-05 2.66419367449089e-05 1.82233781401919e-05 4.19876559476506e-06 1.79689083878998e-07 3.21627651511669e-08 4.48239357075941e-08 7.58091064367861e-09 1.354005092713e-07 4.76639400004419e-07 1.39811973032256e-07 1.40179302821064e-07 3.46202882042235e-06 1.11562840174884e-06
1.96869710533676e-09 1.78571470943467e-09 3.49095455876025e-09 1.41863231162276e-09 1.17709162417157e-09 1.57393598154698e-09 2.03698266032504e-09 4.72661302319821e-09 1.1636866348308e-08 1.02365872445276e-09 1.35317534954993e-11 3.97948340946641e-13 2.3661961279231e-12 2.75349743006359e-11 5.51003143112183e-10 6.47136899623035e-11 5.34151700648522e-10 8.65358043000697e-09 1.86946703450985e-07 7.49262738741763e-08 7.14553308300836e-08 1.32955947762525e-07 6.165974967276e-08 5.69576032782848e-08 1.396435735046e-07 6.96149581091987e-08 3.86984958211656e-07 1.14785515066274e-06 7.59884165972835e-06 4.61345132976021e-06 6.97599535897098e-06 3.63111091473911e-05 9.14986194402445e-06 1.54905992459931e-06 1.21659878686842e-06 9.58213600199542e-07 4.96496287638593e-08 4.92796043860544e-08 8.11182145454836e-08 3.03385568334313e-08 2.30481619301059e-07 1.61075524971466e-06 1.14970421691396e-05 1.1825290005163e-05 1.20548985137248e-05
