Maxent_result_files_2/B_alpinus_3.asc
NCOLS 594 
NROWS 330 
XLLCORNER -15 
YLLCORNER 23 
CELLSIZE 0.166666666666667 
NODATA_value -9999 
[rows 160 to 179 of 330, columns 540 to 584 of 594]
9.12483333337377e-10 6.09025718745215e-10 4.54553727990969e-10 4.00204092088075e-10 4.11190326232713e-10 3.06679326378401e-10 2.61889043784436e-10 2.32942376499068e-10 2.47154541277439e-10 2.66326383169257e-10 2.5965936067962e-10 2.52601095596106e-10 2.60953658681728e-10 2.76680833799503e-10 3.22917559358871e-10 3.52607232301239e-10 1.41642086948224e-10 6.90903823041822e-10 0 5.61796831277661e-10 7.49423811896577e-10 7.56987095229533e-10 9.07905395308717e-10 9.70770042130198e-10 1.19384786501087e-09 1.4339779141892e-09 1.90126989707551e-09 2.36842705447771e-09 2.53757068691129e-09 1.33739535002064e-09 5.19663103659696e-09 2.77669478521148e-09 2.81742558172482e-09 5.16926199622958e-09 7.42838039968774e-09 0 5.35634292475606e-09 9.92676802979986e-09 2.0893494934171e-08 3.95898410943118e-08 4.07551716818944e-09 1.70956546696743e-09 4.31491393726446e-09 1.29096366929815e-10 4.72082756459713e-06
8.6646121388867e-10 6.74943478884416e-10 5.19132559162472e-10 4.24326440651157e-10 4.20163726033707e-10 4.10794198657527e-10 3.21860316176981e-10 2.89512813722581e-10 2.71848987765111e-10 2.35072561416416e-10 2.6686572951462e-10 3.13167225485245e-10 3.12100012500593e-10 2.99076319265623e-10 3.28557425710585e-10 3.87299481374725e-10 3.70159147777827e-10 3.6592855412465e-10 9.88549864189281e-10 5.28488541817751e-10 8.46746139870902e-10 9.29811072580833e-10 1.03751274238562e-09 9.71234026536649e-10 2.75882161560048e-10 9.65159507870794e-10 5.01422903198545e-10 1.95240823508414e-11 4.13243439467692e-11 6.35434371787369e-11 4.5067283238609e-11 7.91603724792367e-09 1.12064327595363e-08 1.78734609335152e-08 3.26511980119903e-08 4.50112594307939e-08 2.52231620834209e-07 3.78970042902438e-08 2.27675386099691e-08 2.22286871576216e-08 1.57805629896757e-08 0 4.01263200444646e-09 7.52447215646157e-11 5.75866579310969e-06
1.29140147464568e-09 1.08242250718149e-09 8.02168820257521e-10 1.25893362401541e-10 2.87414869681868e-11 5.52061019121197e-10 3.32429150873281e-10 2.62438448750402e-10 2.58655452611833e-10 2.68522870605636e-10 3.10600833941521e-10 3.28997118437258e-10 4.39637926064051e-10 3.63102570233309e-10 3.37658123683582e-10 3.65875552077455e-10 3.63209418097199e-10 4.18054924011813e-10 4.05506650480447e-10 5.45309397637084e-10 8.15123613051583e-10 8.92789397965998e-10 1.01021893073039e-09 9.35203203766832e-10 5.84986459273296e-10 7.81682096828718e-10 1.01948742781133e-09 2.91014212727703e-11 7.12640479960669e-10 3.92491705802911e-11 1.13243681099107e-10 9.7841599711046e-09 5.86811523817232e-09 1.30936001596638e-08 2.05375471296065e-08 7.04909837168088e-09 1.566897367411e-07 1.35957234306261e-06 6.83026382830576e-07 9.02614260667178e-08 3.29709735069628e-08 1.77774737153413e-08 9.21664593533933e-09 1.75457799400647e-09 2.48198084307205e-09
1.63295279520526e-09 1.86866095930327e-09 1.72445435708823e-09 3.26430016350798e-10 3.65247365685661e-10 5.77950753921641e-10 4.72656136452088e-10 2.83632095587905e-10 3.11062420266239e-10 4.58306814721254e-10 6.72289424130668e-10 5.66136160173869e-10 5.88200421702823e-10 4.35015579114406e-10 4.30621494018624e-10 4.75643302522144e-10 5.22646281808647e-10 4.63638727410398e-10 4.83680073770643e-10 4.9376995825412e-10 6.18564888199558e-10 6.99848268226333e-10 5.53426060534434e-10 1.72091674244257e-09 7.05872560402554e-10 3.88061693890052e-11 6.11171158126922e-10 3.19822057726071e-11 8.07020339443909e-11 2.77202083509565e-09 7.21027904049265e-10 1.58250799131565e-09 6.93216861691326e-09 2.05222207227962e-08 3.61656660174958e-10 0 4.60668843516032e-08 7.02159286447568e-07 1.23494316994766e-07 2.07459061130066e-07 4.17536369923255e-08 5.2789306437262e-08 3.4449092822797e-08 5.45658338069188e-08 2.85382382571697e-05
6.24054319331435e-10 1.23712329269665e-09 1.49213619238253e-09 1.49399053128718e-09 1.29224755340829e-09 7.72094832512948e-10 5.99265348455447e-10 5.86210502362405e-10 4.01557231910488e-10 4.26242818818423e-10 6.56446275115741e-10 5.4697242291013e-10 4.86746021266526e-10 5.1459108085794e-10 4.85244111558814e-10 5.84736925546281e-10 6.11669204175769e-10 6.11782313697518e-10 5.0007464835744e-10 5.65175017896991e-10 8.05146260773881e-10 9.03919783468154e-10 8.84081252650049e-10 1.03819282060158e-09 1.09480993160105e-09 9.05622243863036e-10 1.17461533832852e-09 1.83473876091966e-09 1.62315672014302e-09 4.42430314606668e-10 0 6.52968901171391e-11 2.457181791371e-10 1.27458599230579e-11 1.16951104356389e-10 4.94163687747573e-10 1.6052264584232e-08 5.60144883365865e-08 1.26039196857164e-07 4.91261516799568e-08 9.08597314719373e-08 0 5.28352302353596e-08 4.04273436060976e-08 5.09162055095658e-07
3.62969565514959e-09 1.64562337090501e-09 2.54159058243886e-09 1.68984399806504e-09 1.44986982419937e-09 1.77999055495093e-09 2.03323260450361e-09 2.54608494287822e-09 1.30026878153444e-09 6.61000854051963e-10 7.18964177082171e-10 7.37652072757555e-10 6.42107389481339e-10 5.78137449025462e-10 7.14608594520882e-10 7.5692474510447e-10 6.90907198119817e-10 6.53220366686469e-10 7.71035768565298e-10 7.95996779601182e-10 8.33360225271917e-10 1.04165582825999e-09 1.15186562510416e-09 1.1874023542191e-09 1.23832144538483e-09 1.51220369559724e-09 1.6980493455776e-09 1.77210850438314e-09 6.94029278491826e-10 0 0 6.98767377294018e-11 2.31232561986872e-09 3.51909412721341e-10 6.469317668234e-08 2.24341221155555e-09 0 0 5.79892503083102e-07 1.26099132558011e-07 3.12240308630862e-07 1.73693365468353e-08 2.98810824972406e-09 3.12811238245558e-08 1.83061885650204e-08
6.04592429453987e-09 2.22631477697632e-09 1.51094781131178e-09 2.1381319825764e-09 3.81692721873605e-09 3.84560756572228e-09 3.11708561184787e-09 2.15490985056022e-09 2.20995381994271e-09 1.10013322895952e-09 1.07188693476701e-09 1.52280836829277e-09 2.64270063610184e-09 1.8762229103686e-09 1.55799924073108e-09 1.41822802390834e-09 1.26416264123463e-09 1.25655832405869e-09 1.22744809871733e-09 1.1317467851768e-09 1.27041941411221e-09 1.38158950946377e-09 1.53470889330265e-09 1.57261617061977e-09 1.76466254941943e-09 2.02378771518852e-09 3.11532453167729e-09 6.87048924419287e-09 4.77017962907666e-09 2.81385119649258e-09 2.82797678607949e-09 3.79990190424451e-09 6.31185272936818e-09 1.31125801772214e-08 2.26365273192641e-08 3.65519326805952e-08 1.31980482365179e-07 2.80357880910742e-07 3.83162614525645e-07 4.51728692496545e-07 3.92347537854221e-06 5.81061613047495e-07 1.24281609714672e-07 0 7.08282755113032e-08
2.50350264963117e-09 1.61545550270148e-09 1.60141482297149e-09 1.70341003524754e-09 2.42561100094463e-09 1.5764815231023e-09 2.20882867552064e-09 1.35036479775863e-09 1.32002453412383e-09 1.96328091561782e-09 4.81600608281951e-09 7.39010559414055e-09 6.46571862716883e-09 6.1786167293576e-09 3.50486679678852e-09 1.89247231219269e-09 1.79069452599379e-09 2.55301646490125e-09 2.35323813768673e-09 1.95432008354146e-09 2.06438439676049e-09 2.30354118002651e-09 2.69139821540421e-09 2.70808779845311e-09 2.55333301169003e-09 2.0916170129226e-09 2.70196043317128e-09 3.93431598411098e-09 5.5140137789067e-09 4.24022594813778e-09 6.4914274844341e-09 9.87228361282177e-09 1.23587739153663e-08 1.45095015113839e-08 2.21351555751426e-08 4.54639405234047e-08 1.58890202328621e-07 2.7263783977105e-07 3.23439280691673e-07 5.62176501262002e-07 1.28644396681921e-06 1.7767019016901e-06 4.01705729018431e-06 0 6.34545642697049e-08
2.30416148383483e-09 1.45624960978807e-09 1.32992550305744e-09 1.14111573523701e-09 1.30275514820255e-09 1.73556706783984e-09 2.02388683590016e-09 1.54399586449472e-09 1.23782184502375e-09 3.56538407686458e-09 5.19313516633702e-09 9.07172150732549e-09 8.07070819064393e-09 1.09449906915415e-08 1.15497080344085e-08 4.09116154287403e-09 2.33423804729682e-09 3.81020832662671e-09 6.16584969748146e-09 3.91315815306825e-09 4.25126920333696e-09 3.22128528296162e-09 2.74589044835238e-09 2.32177299608338e-09 2.28299654736475e-09 2.54055123605212e-09 3.16207753314757e-09 3.80822946510762e-09 3.98858794881107e-09 6.17451618722953e-09 9.10541331222703e-09 9.44706002314888e-09 1.18808863192044e-08 1.57239455234048e-08 2.24504518087088e-08 6.15964893313503e-08 2.12910072150407e-07 1.78438631337485e-07 3.81468134946772e-07 3.15706929541193e-06 1.55530051415553e-06 6.64936597110088e-06 4.89861395180924e-07 1.63969816640019e-06 7.9196952356142e-07
1.45733451972774e-09 1.20832801542292e-09 1.04444595194764e-09 1.16559339957689e-09 1.40732341336047e-09 4.71656669276399e-10 1.83325408187329e-09 2.23646967612012e-09 1.99229877040352e-09 5.06260597887831e-09 6.48703561978436e-09 9.32398194208872e-09 9.04294168435626e-09 7.42136236908664e-09 6.81445868622177e-09 4.81891468950835e-09 5.61626798400994e-09 9.34683228592803e-09 2.43320101844802e-08 5.8068664543498e-09 4.20432400005666e-09 3.8369201149635e-09 3.91220140727455e-09 3.78336935114021e-09 3.6194897745645e-09 4.56937634396581e-09 4.95532077593452e-09 8.03249946557116e-09 6.63785826304775e-09 6.33968824104159e-09 8.80801067637549e-09 1.1773224883882e-08 1.22941642644037e-08 1.48815743727937e-08 2.09746588097914e-08 4.49443035677177e-08 1.1046032568629e-07 1.52230154526478e-07 2.48334208663437e-07 6.75134651828557e-07 7.76851265982259e-07 1.81596205948154e-06 2.14296487683896e-06 5.75726335227955e-07 7.29924340703292e-07
1.72790670660561e-09 1.4126294800576e-09 1.51385339819399e-09 1.56006318974278e-09 1.66096771891944e-09 2.45549056643313e-09 4.83439386300688e-09 4.31581845816709e-09 4.23161985452225e-09 5.64941942116093e-09 1.12185460920955e-08 9.32243935380939e-09 9.01450931678482e-09 1.4858854058275e-08 1.39856624059576e-08 1.10995195257146e-08 1.21513352269176e-08 9.72807541188558e-09 7.94141499227408e-09 5.31400665693127e-09 4.75506567454431e-09 4.75432742064186e-09 4.73732519878922e-09 4.73814090184987e-09 5.61262183396138e-09 8.36403160064947e-09 7.07347567185934e-09 8.54149533324744e-09 1.01738230284809e-08 1.20949479764931e-08 1.49717848785258e-08 1.53345624198664e-08 1.29814637261916e-08 2.04797203195994e-08 3.17823861450961e-08 4.35327280001729e-08 2.20982030896266e-08 5.74054013213754e-08 2.14634792428114e-07 4.95986478199484e-07 3.49592255588504e-07 6.16940542386146e-07 9.28629833651939e-07 1.37662719728815e-05 1.03554084489588e-06
5.9151812337177e-10 1.62941071746303e-10 1.18776877222615e-11 3.48063196042858e-09 3.08969951845484e-09 2.32988490722619e-09 5.00582579832098e-09 9.47207752233226e-09 1.20610195608606e-08 6.41706137116671e-09 9.11680970716588e-09 1.50568467915946e-08 1.99820277657636e-08 2.48262892910134e-08 1.69275352845943e-08 1.99601899453228e-08 1.78057277366861e-08 1.144115415741e-08 1.64932600910106e-08 1.91809263583309e-08 9.95918654211891e-09 6.53032401487508e-09 5.61413422417445e-09 6.87173411506592e-09 1.00832508564963e-08 2.2815316924607e-08 1.40292641503947e-08 1.12378671701663e-08 1.25558088370781e-08 1.47806346717516e-08 1.68567666491981e-08 2.44454497533297e-08 3.45876316032445e-08 2.68841091610739e-08 4.07466814067448e-08 6.2110603948895e-08 6.48004515824141e-08 3.78276638457464e-08 7.24671565421886e-08 1.09792586044932e-07 3.37221808877075e-07 4.53736356613721e-06 2.15769377973629e-06 3.4036384022329e-06 4.3207524868194e-06
3.05922078780441e-09 2.37391422075461e-09 2.07305319577245e-09 3.24821725072866e-10 2.63690012047846e-09 2.29823751141112e-09 4.24126994857943e-08 2.40614070889933e-08 1.43319624612559e-08 9.30900156959069e-09 1.54733697854681e-08 2.54445296832273e-08 4.325210056777e-08 9.88298324955395e-08 5.05953153151495e-08 3.73025386579684e-08 4.20815979396139e-08 2.69035524524952e-08 3.75600734514592e-08 2.34105584695499e-08 2.75826437245996e-08 2.37044048390089e-08 1.09290418492947e-08 9.96419160514961e-09 1.04385065924362e-08 1.60282340289086e-08 1.67506840398346e-08 2.0727362937123e-08 1.65444404842674e-08 1.79415209800027e-08 2.46280251303688e-08 3.03994880823666e-08 4.44639653096601e-08 5.820164119541e-08 7.40209827654326e-08 8.19594049517036e-08 7.99575161636312e-08 7.55567896248977e-08 6.8171914335835e-08 1.17016179501661e-07 8.58208295539953e-08 1.46469437822816e-07 4.32898850707408e-06 6.27218469163582e-06 3.52949537045788e-06
3.47636976982812e-09 2.36847679246921e-09 2.87317920566466e-09 6.80308431810772e-09 6.12773405350708e-09 2.81621055364667e-09 1.85704124078256e-08 2.24402413095959e-08 2.13312532082455e-08 1.11326194485173e-08 1.44876381114045e-08 3.71155550737967e-08 4.32010182294107e-08 3.94637709177914e-08 2.893570751894e-08 3.50699480122785e-08 6.82038546528929e-08 9.04294324755028e-08 6.1530090533779e-08 1.10218070403789e-07 7.64613332648878e-08 9.33681974402134e-08 1.0623576827129e-07 2.31191734201275e-08 1.69810007832893e-08 1.63742114978049e-08 1.86267115509509e-08 3.34885385200323e-08 1.88366541920004e-08 2.41051623106614e-08 5.62732395792409e-08 5.63546450393915e-08 6.43139628664358e-08 8.87453950326744e-08 9.47626006109203e-08 9.33643377720728e-08 1.18235891477525e-07 1.76775449745037e-07 6.33536672012269e-08 3.07634991258965e-07 6.76921581543866e-07 1.91572644325788e-07 2.39686642089509e-07 1.13687274279073e-06 2.22226026380667e-06
1.2301335061693e-08 7.46708153087639e-09 6.2213047158366e-09 3.97078103731019e-09 8.2491972364096e-09 1.20751550980458e-08 3.20015061561207e-08 2.50096519494036e-08 1.62823596383532e-08 7.73496751094171e-09 1.09277380033745e-08 2.42609587530751e-08 4.25238596335475e-08 3.09976627477226e-08 3.29110804386801e-08 3.1917713272378e-08 3.41447560003871e-08 4.27569176508769e-08 7.99914914750843e-08 8.39094241200655e-08 1.1761131872845e-07 1.51027040828922e-07 1.94368931261124e-07 3.07069512928138e-07 6.91882576120406e-08 2.3148189143285e-08 1.83301452238993e-08 2.1312141029739e-08 2.54128195820158e-08 2.74808371614199e-08 4.69442369421813e-08 7.72565670104086e-08 1.36813605422503e-07 2.59771286437172e-07 1.95992879525875e-07 1.16677460937353e-07 2.14677720578038e-07 3.38516633746622e-07 3.8243138078542e-07 4.80190874441178e-07 2.53323128163174e-07 3.97196754420293e-07 1.7875428966363e-06 3.64032234756451e-07 2.08078427021974e-07
1.16061968924441e-08 6.21083771079611e-09 6.80732270552653e-09 5.66873197271889e-09 8.21641137349616e-09 8.12421916407402e-09 8.07455862172901e-09 5.71630209833529e-09 9.41467561688114e-09 4.84358864127898e-09 7.16255286192791e-09 1.31157207761134e-08 2.29745396040926e-08 2.28805447477498e-08 2.21376168951792e-08 2.29693625897198e-08 2.7890098408534e-08 3.2488796364305e-08 4.75241364483736e-08 7.19816512173566e-08 9.04875889773393e-08 1.06794436760538e-07 2.24702398554655e-07 4.06863273383351e-07 3.10984364659816e-07 1.64233608757058e-07 5.66706091831293e-08 2.26926800905858e-08 2.32166456726191e-08 3.037511646653e-08 3.96310781525244e-08 6.48702098260401e-08 1.18422417472175e-07 2.93320772470906e-07 5.0781918616849e-07 2.6377299491287e-07 7.36299352865899e-07 4.95004451295245e-07 3.06962647300679e-07 1.67740881806822e-07 1.49351012623811e-07 3.15856510724188e-08 5.73963518490928e-08 2.7503733690537e-08 9.08576112124138e-09
3.83447300578155e-09 6.64294219632211e-09 8.20328409645299e-09 2.57953125526456e-09 1.83378077167617e-09 1.75713879002615e-09 1.96582234934795e-09 2.27574084021853e-09 3.49303164171033e-09 4.21049399790263e-09 6.2650101995132e-09 1.10013637311113e-08 1.22207424624321e-08 1.13448564320606e-08 1.1854847059567e-08 1.17730046156339e-08 1.59602564053785e-08 1.99696273739391e-08 2.33437205565679e-08 3.29699815893036e-08 5.00585144891374e-08 6.56561610412609e-08 7.55087739889859e-08 1.82687836058903e-07 2.39402947954659e-07 3.91569165003602e-07 3.90138529837714e-07 7.55260600726615e-08 3.17369426738878e-08 3.47459632621394e-08 5.04738466133858e-08 9.8554119176697e-08 1.38305335894984e-07 1.81307291313715e-07 2.1891726191825e-07 2.98067948278913e-07 4.27604163633077e-07 2.31095009439741e-07 2.27401233132696e-07 1.37347331019555e-07 8.13365886642714e-08 4.54544220929165e-08 1.9506231296873e-08 1.42471179742643e-08 9.04633594700499e-09
2.03749905836048e-09 3.56599194617502e-09 1.06821822498659e-08 6.91874291192107e-09 2.08687733760371e-09 1.10116751272926e-09 1.04948352230849e-09 1.39478348870625e-09 1.97430765069839e-09 3.0413101370641e-09 5.50079448657925e-09 7.21263049285881e-09 7.23185564766027e-09 7.15449743893259e-09 7.61458096576462e-09 8.2172448401252e-09 8.60638351696252e-09 9.57958192771002e-09 9.48603329220532e-09 1.10644201356536e-08 1.29240817159371e-08 2.14840568446562e-08 2.15228709521398e-08 3.4136380122618e-08 9.89332761491824e-08 2.71230533144262e-07 4.33572085967171e-07 2.99907469525351e-07 1.04941636891454e-07 4.55436122592801e-08 3.66373342330917e-08 6.00412079165835e-08 1.11184351681004e-07 1.00046452189417e-07 1.48948299738549e-07 1.96970063370827e-07 3.70979751096456e-07 2.44968532570056e-07 2.72530701295182e-07 1.89983984455466e-07 7.08302934526728e-08 4.13120687881019e-08 2.17076333797195e-08 9.69536202433119e-09 4.56352289290862e-09
6.79122491575868e-10 6.07994721235627e-10 1.27868782229257e-09 1.03225001879537e-09 8.97692054024901e-10 5.34835420396007e-10 5.05714448095773e-10 6.79244438472892e-10 8.78767281164983e-10 1.65379869798699e-09 4.87126605719368e-09 4.82294737480515e-09 7.78429907200007e-09 7.37943537387764e-09 5.83331924985941e-09 5.53796866142875e-09 5.50302310386996e-09 4.43744703204629e-09 3.8754592424084e-09 5.28328456539384e-09 5.56098314064002e-09 6.83776519849744e-09 1.61839821544163e-08 3.07824194578643e-08 5.41211932159058e-08 9.31531417336373e-08 1.38342602440389e-07 4.47430693384376e-07 4.99148791277548e-07 1.58997488597379e-07 4.50484009206775e-08 4.78231640954618e-08 5.58020701646456e-08 7.8274416637214e-08 9.35188268158527e-08 1.09995062302914e-07 1.4416392559724e-07 1.94387644114613e-07 3.82037978852168e-07 4.35297397416434e-07 1.08218023342488e-07 3.09154017941182e-08 1.28411386413063e-08 5.58262733818537e-09 2.19541149704128e-09
4.21276880047117e-10 2.30714225502027e-10 1.51775592094339e-10 2.33365593516055e-10 1.94652782781191e-10 1.68769254127454e-10 2.44662112791616e-10 2.85409562650329e-10 4.22258805699016e-10 6.63048727034266e-10 1.7458816614635e-09 1.84864212826596e-09 3.8413112690705e-09 5.29668575666165e-09 4.37464926505982e-09 3.55440761268255e-09 2.98712059532136e-09 2.98269924314809e-09 2.51012810537077e-09 2.12892263817821e-09 2.65161066437258e-09 2.53472673961141e-09 3.676398563357e-09 8.95591725225131e-09 1.41268955644591e-08 2.30144578949876e-08 6.07138019859121e-08 1.106648142013e-07 2.81023176285089e-07 2.36297410083353e-07 7.86169039201923e-08 4.55098501106477e-08 4.42056375504762e-08 3.42065305858341e-08 4.75299316349265e-08 7.11471557224286e-08 1.03168497389561e-07 1.42006001624395e-07 2.9205316423031e-07 3.13201621793269e-07 1.05228207303298e-07 2.74956420298622e-08 8.08100537597056e-09 3.8008177938309e-09 2.66240007817942e-09
