Maxent_result_files_2/B_alagesianus_3.asc
NCOLS 594 
NROWS 330 
XLLCORNER -15 
YLLCORNER 23 
CELLSIZE 0.166666666666667 
NODATA_value -9999 
[rows 180 to 199 of 330, columns 360 to 404 of 594]
0.0138989784289151 0.0286875253543258 0.0101286931661889 0.00879128770902753 0.00711820179130882 0.0072695832233876 0.00384063023375347 0.00129476953006815 0.00278552770614624 0.0154307324439287 0.00728575095999986 0.00662204828113318 0.00633697111625224 0.00617540071252734 0.00608591735363007 0.00600613586138934 0.00497274415101856 0.00446093567879871 0.00435884511098266 0.00409695315174758 0.00364571084501222 0.00368369972566143 0.00403163097798824 0.003725865483284 0.00360257524298504 0.00334358623949811 0.00324146094499156 0.00284018368693069 0.00268838711781427 0.00273691995535046 0.00264299142872915 0.00232711342396215 0.00236567595857196 0.00202658760827035 0.0020285093865823 0.00174096890259534 0.00141181632061489 0.00139407287933864 0.00149317890754901 0.00150482105673291 0.00133473543974105 0.00118480737728532 0.00109365677926689 0.000986572864349 0.000955224147764966
0.0369824402034283 0.0238261867314577 0.0103249869658612 0.00260244405653793 0.00707450921181589 0.00649020462296903 0.00597113671246916 0.0225149700418115 0.155343904718757 0.00129594156314852 0.0110238342545927 0.0228581025265157 0.00634811345953494 0.00625676969066262 0.0060122583527118 0.00559153638314456 0.00515919548925012 0.00447792320046574 0.00419410628965125 0.00425909890327603 0.00422380572417751 0.00372473016614094 0.00390325774205849 0.0042109627625905 0.00394713062560186 0.00354356330353767 0.00312547194771469 0.00304639479145408 0.00275200015166774 0.00247177523560822 0.00242240310763009 0.00203699360718019 0.00227371661458164 0.00219280722085387 0.00191000963677652 0.00167482683318667 0.0014892524050083 0.00130010159628 0.00134732339647599 0.00156616192543879 0.00136802077759057 0.00109599745192099 0.00106650001253001 0.000892209209268913 0.000838675239356235
0.00920863337814808 0.00854462496936321 0.0080112025141716 0.00657328984234482 0.00599032898899168 0.00621590800583363 0.00588972920086235 0.00568882271181792 0.00571167087182403 0.00365451803663746 0.00221072730491869 0.0131772772409022 0.0213233019225299 0.00586179199162871 0.00553847651463002 0.00542290690355003 0.00523329225834459 0.00474575038533658 0.00442335907137021 0.00447107329964638 0.00449328060494736 0.00396672100760043 0.00352477750275284 0.00386878738645464 0.00358722959645093 0.00372714238474146 0.00345299347536638 0.00301310020731762 0.00267152547021396 0.00249615021748468 0.00215966551331803 0.00193513114354573 0.00193277309881523 0.00181410638615489 0.00169323409791104 0.00164925007265992 0.00168872875510715 0.00157941493671387 0.0016445956483949 0.00146135452087037 0.0013593348878203 0.00105974514735863 0.00096024734666571 0.000890826966497116 0.000892261034459807
0.00792323048226535 0.00710233983118087 0.00626961826346815 0.00583334432449192 0.0056148475734517 0.00576479630544782 0.00513495535124093 0.00564403783064336 0.00581937662791461 0.0058023935649544 0.0107420226326212 0.000273713568458334 0.000981597810459789 0.00502381194382906 0.0178799014072865 0.00487075101118535 0.0043965301476419 0.00445774861145765 0.00435060424497351 0.00422802346292883 0.00412334188586101 0.00410065988544375 0.00376267188694328 0.00376489491900429 0.00357997114770114 0.00356743328738958 0.0032292501302436 0.00287505708402023 0.00261146205011755 0.00230965673108585 0.0021647889225278 0.0020468408765737 0.00190938675077632 0.00162005419260822 0.00172252329648472 0.00181084899231792 0.0018591474974528 0.00171657972969115 0.00149691630213056 0.00112745117512532 0.00111730522476137 0.00108265975140966 0.000925556468428113 0.000837482497445308 0.000754937718738802
0.00562711597885937 0.00517936209216714 0.000492693693377078 0.00504219052381813 0.00504479926312342 0.00496525046182796 0.00481654367176816 0.00209093341254629 0.00538298925384879 0.00555440031457692 0.0055106159299612 0.0177873512730002 0.000220877437277522 4.37741675796133e-05 0.00645652392413467 0.00473488853313029 0.004518521821592 0.00436288778437302 0.00448535021860152 0.00418939584633335 0.00406822958029807 0.00398931856034324 0.00406264105113223 0.00374329164624214 0.00357373667648062 0.00332930571166798 0.00300989872775972 0.00272110205842182 0.00243992893374525 0.00232074832892977 0.00203427734668367 0.00171234593144618 0.00162668246775866 0.00162573124980554 0.00173330524121411 0.00180489857448265 0.00167813571752049 0.00128416143124923 0.00124654032406397 0.00100597003474832 0.00279839456779882 0.000926840779720806 0.000768267866806127 0.000779746248736046 0.000768373452592641
0.00124716218706453 0.000305422606470529 0.00117446665972238 0.00168921464937739 0.00409616648685187 0.00417049850802869 0.00114718969271053 0.00499552963301539 0.00520603050244972 0.00528018675977364 0.00537967993877828 0.00542666467372328 0.00825489475391805 0.000488769578805659 0.000424920102523174 0.00150954202690627 0.00820982886943966 0.00443268046947196 0.00480584845645353 0.00385423353873193 0.00355012496002018 0.00376805360428989 0.00370003085117787 0.00345860843081027 0.00310096632456407 0.00304337624693289 0.00284614312695339 0.00272306442493573 0.00218629810842685 0.0019136187445838 0.00174526122864336 0.00184099496109411 0.00173342443304136 0.00163188833976164 0.00167917436920106 0.000311582249560161 0.000529480728437193 0.000232504838641034 2.64936742041755e-05 0.000607986645627534 0.00112522380950395 0.00124905006086919 0.00139374701248016 0.000805472431238741 0.000400091843766859
0.00438616653555073 5.92967298871372e-05 4.87227224766684e-05 0.000319098831823794 0.00352449069032446 6.49284585961141e-05 0.000431840157398256 0.00147848098422401 0.000845277565531433 0.000985479845257942 0.00178796386753675 0.00108209948375588 0.00441556856967509 0.00168421032722108 0.00675735113909468 0.000835625066247303 0.00288788843317889 0.00981487059034407 0.00478879234287888 0.00396959644276649 0.00374823416350409 0.00357696732971817 0.0033656929153949 0.00319408515933901 0.00275728142005391 0.00273751507047564 0.00274030113359913 0.00253629529033788 0.00218292304780334 0.0019323511456605 0.00179602459538728 0.00176871837466024 0.000513518331717933 0.000272056253743358 0.000149317357136169 -9999 -9999 -9999 -9999 -9999 0.000149695642721781 6.47247096821957e-05 0.000171095699988655 1.38362689085625e-05 6.81422264392495e-06
0.00101762527629035 0.000659295075456612 2.15530151763232e-05 4.54203152912669e-05 0.000355239729105961 3.92858171096577e-06 2.17215226570033e-06 0.000668393258820288 0.000304970055003651 0.000201468335581012 0.000899331424443517 0.00030925739556551 0.00165170669206418 0.00118288850353565 0.000281099718995392 0.00385667291120626 0.00449221199378371 0.000964123611629475 0.0121595369651914 0.0109318917151541 0.0036897097248584 0.00365223772823811 0.00331170037388802 0.0030466447933577 0.00257906490005553 0.00265632885275409 0.00234133403282613 0.000606347205757629 0.000979207875207066 0.00218152132583782 0.00026862391459872 0.000120825194790086 -9999 -9999 -9999 -9999 -9999 -9999 -9999 -9999 -9999 -9999 -9999 -9999 -9999
0.000296126230387017 0.000260923807218205 9.09536942828026e-07 2.53318877980746e-06 2.06239840139233e-06 1.08961313785017e-06 6.36581308981476e-06 2.92678022560722e-05 0.00132875142880948 0.000997756751894485 0.000883445901854429 0.00146770630963147 0.000355349389428739 0.000888303946703672 0.00137438372184988 0.00187900262244511 0.00434725397499278 0.00112503527197987 0.00157010213879403 0.000799273024313152 0.00412575667724013 0.0146895700599998 0.010920633841306 0.0107748449780047 0.00881577376276255 0.00804336527362466 0.000368288376193959 7.23031384040951e-05 0.000233008410214097 0.00247202035388909 -9999 -9999 -9999 -9999 -9999 -9999 -9999 -9999 -9999 -9999 -9999 -9999 -9999 -9999 -9999
0.00287473853095435 2.94220637442777e-05 1.34033364163066e-07 3.81004942795471e-07 8.80815926507239e-07 1.17539305333203e-07 1.31523573472236e-06 1.16172696607464e-05 2.38490344599995e-05 0.00309016526443884 0.00135583813971607 0.0012642526809941 0.00132122958748369 0.00170789117692038 0.0045036212191917 0.00474788821302354 0.00413759771035984 0.00543203834095038 0.00269374520285055 0.00437304307706654 0.00223991191596724 0.0071064607356675 0.00500123192323372 0.00121474025218049 0.000593855652550701 7.43565396987833e-06 2.4766568094492e-05 5.57809321743985e-07 4.0455519842908e-05 -9999 -9999 -9999 -9999 -9999 -9999 -9999 -9999 -9999 -9999 -9999 -9999 -9999 -9999 -9999 -9999
0.00205812517961022 5.43921121789026e-05 2.10577178272331e-07 9.20774701853588e-06 1.82477392627334e-06 6.91982245371037e-07 5.692682134395e-05 8.68748758875881e-05 6.520850402012e-05 0.000173204013117356 0.000591662920487579 0.00115678131114692 0.00365677903173491 0.00457766754552722 0.0508807214908302 0.00632556017953903 0.000682224598858738 0.0609226020053029 0.00776822523912415 0.00700266193598509 0.00493439897545613 0.00610025809146464 0.00415885744732805 0.000899234824464656 0.00770742405438796 -9999 -9999 -9999 -9999 -9999 -9999 -9999 -9999 -9999 -9999 -9999 -9999 -9999 -9999 -9999 -9999 -9999 -9999 -9999 -9999
0.000562512019678252 0.000793890161730815 6.424581755482e-06 0.000123582467494998 3.23706293272608e-06 3.26278583315798e-06 0.000277509532315889 0.000826681093894877 0.00037787088949699 1.49293744470924e-05 7.1147370476865e-06 3.96278907828673e-05 0.00140342710656114 0.00477210463723168 0.0280157320201397 0.00178266651346348 0.0419807541184127 0.0686318556778133 0.00398059502476826 0.00093177960588946 0.00384262511506677 0.0206922910641879 0.000308573102847731 -9999 -9999 -9999 -9999 -9999 -9999 -9999 -9999 -9999 -9999 -9999 -9999 -9999 -9999 -9999 -9999 -9999 -9999 -9999 -9999 -9999 -9999
0.000643288169521838 8.90815432285308e-05 5.75095799035807e-06 1.0847380025325e-06 5.05252553011815e-05 0.000146815982225235 0.000107960194327461 0.000203444079306792 0.000819153597694822 0.00100229217932792 0.000779082940425724 5.12262090524018e-05 0.000273718194512185 0.00295384450000711 0.00426831124350429 0.0285164631903172 0.00368597264168784 0.0100376629270613 0.00255548639106564 0.000988976797088981 0.00152019840897992 0.000315434299045592 4.56133517403146e-05 -9999 -9999 -9999 -9999 -9999 -9999 -9999 -9999 -9999 -9999 -9999 -9999 -9999 -9999 -9999 -9999 -9999 -9999 -9999 -9999 -9999 -9999
0.00200804442865774 1.55392834813028e-05 3.85685999845009e-05 2.47434215339126e-06 3.15001372200641e-05 0.000151359022856923 0.000807558660744689 0.00216700012097135 0.000738358656235505 0.000150150759145617 9.55886112933513e-05 0.000168428303732071 0.00111612911132397 0.0153727080672979 0.186489954218268 0.000472066059955978 0.00485666519962251 0.00184157206094824 0.0073388026561588 0.00271014767567976 4.73993599158007e-05 -9999 -9999 -9999 -9999 -9999 -9999 -9999 -9999 -9999 -9999 -9999 -9999 -9999 -9999 -9999 -9999 -9999 -9999 -9999 -9999 -9999 -9999 -9999 -9999
0.00204658732400276 0.000681548907596152 0.000554216925957007 0.000361973897815915 0.000153598096949281 0.000231270398944616 0.000560774188488722 0.000422465063456912 0.000140504499177041 0.000173451801310875 0.000166307658219012 0.000123029352835147 0.000360012905002804 0.000184916549551417 0.000968604408262763 0.000346460075525101 -9999 0.000313862164330203 -9999 -9999 -9999 -9999 -9999 -9999 -9999 -9999 -9999 -9999 -9999 -9999 -9999 -9999 -9999 -9999 -9999 -9999 -9999 -9999 -9999 -9999 -9999 -9999 -9999 -9999 -9999
0.00239695485215634 0.00195159296272323 0.00209298035188112 0.00180197688459884 0.000576661920058541 0.000524584082450019 0.000663224775780691 0.0003914730528777 0.000323167542228475 0.000690365233458579 0.00043079450915684 0.000539430769276805 0.00052311890249257 0.000792512303451076 0.000280597690834838 -9999 -9999 -9999 -9999 -9999 -9999 -9999 -9999 -9999 -9999 -9999 -9999 -9999 -9999 -9999 -9999 -9999 -9999 -9999 -9999 -9999 -9999 -9999 -9999 -9999 1.31408332435967e-05 -9999 -9999 -9999 7.69165369547409e-06
0.00313093427685089 0.00204755837330595 0.00211386525479611 0.00177855447109323 0.00189341894583777 0.000744032890361268 0.000726940826280043 0.000913253135513514 0.000936454380280338 0.000525980522797909 0.00100431452156045 0.000588809126929846 0.00345172881498002 0.00122312207822688 4.37870808355001e-05 -9999 -9999 -9999 -9999 -9999 -9999 -9999 -9999 -9999 -9999 -9999 -9999 -9999 -9999 -9999 -9999 -9999 -9999 -9999 -9999 -9999 -9999 -9999 1.46130922543009e-05 3.19551318483935e-07 1.42728719287888e-08 1.93358042355207e-08 9.69331698508213e-07 3.52868258133299e-06 1.34035135488375e-05
0.00289806521614082 0.00229980254662223 0.00673642674228176 0.00590687058866024 0.00718424243386835 0.000945634827075992 0.000444039067951962 0.000602739159512566 0.000892985142127145 0.00106934972573072 0.00117641341639683 0.00198786010732874 0.0105498926248401 0.0189407925121486 -9999 -9999 -9999 -9999 -9999 -9999 -9999 -9999 -9999 -9999 -9999 -9999 -9999 -9999 -9999 -9999 -9999 -9999 -9999 -9999 -9999 -9999 -9999 3.11570910980663e-05 1.90075212003205e-07 2.05196288849407e-08 8.66702768442806e-09 9.41495015283067e-09 6.36683362764678e-07 3.85609921096375e-06 4.14630754050904e-06
0.0130946978926659 0.00382778130006045 0.00535909670870751 0.00317946911382023 0.00106122533761663 0.000474798478535376 0.00102622136619175 0.000415350515686441 0.0010134624899365 0.00307976246112958 0.00336859200615436 0.00161051525501534 0.000130894963695027 -9999 -9999 -9999 -9999 -9999 -9999 -9999 -9999 -9999 -9999 -9999 -9999 -9999 -9999 -9999 -9999 -9999 -9999 -9999 -9999 -9999 -9999 8.82271165210113e-05 4.28894841206784e-05 6.15065312459251e-06 3.35064813725694e-06 7.68936180861601e-07 1.9686352803916e-06 4.12669820804012e-07 2.37778748612971e-07 7.53143585363603e-07 1.71963092840954e-06
0.00591186327510513 0.00331055889837444 0.000976546913443599 0.0030726206023246 0.00792491885367781 0.000740064342971891 0.00256547866738401 0.00055116613584687 0.00282284612767398 0.00309504559845664 0.000349692338568275 0.00333707063691691 -9999 -9999 -9999 -9999 -9999 -9999 -9999 -9999 -9999 -9999 -9999 -9999 -9999 -9999 -9999 -9999 -9999 -9999 -9999 -9999 -9999 -9999 -9999 -9999 -9999 7.6219147800316e-06 1.42263957485511e-06 1.41333428587131e-06 3.25202893236565e-07 9.416878677726e-07 4.67285184824195e-07 9.50851786196694e-10 1.60635557078237e-09
