Maxent_result_files_2/B_alpinus_3.asc
NCOLS 594 
NROWS 330 
XLLCORNER -15 
YLLCORNER 23 
CELLSIZE 0.166666666666667 
NODATA_value -9999 
[rows 120 to 139 of 330, columns 405 to 449 of 594]
1.57419592028418e-08 1.44437962035227e-08 1.18115771385874e-08 1.34999538659031e-07 1.44550210734451e-07 1.5252217053785e-07 6.81906215049821e-08 2.3538246907151e-09 1.56842679643887e-07 1.54889983150497e-07 1.66730478667887e-07 8.41092855807801e-08 3.69729519889006e-08 0 9.79037508841429e-08 0 0 0 0 3.72145734672813e-08 0 0 7.97213295378185e-11 6.02755676482047e-08 1.04445746273996e-07 0 1.67866289757512e-07 1.2795559314327e-07 7.37643404136179e-08 7.70825465679081e-08 7.59730028221384e-08 1.76690571151994e-07 1.92955644706672e-07 2.50682182922901e-07 2.61773516285757e-07 2.62660250882618e-07 1.97927397493913e-07 1.69669294791674e-07 8.19229057924531e-08 2.98773034046462e-07 1.9085912299488e-07 9.29371879010432e-08 2.82370478998928e-08 1.83170556056211e-08 0
8.92284731435211e-08 1.30148680455022e-07 1.51296967487724e-07 1.92049878933176e-07 1.59884280037659e-07 1.61327375280962e-07 2.0463055534492e-07 5.3091639529157e-08 6.05452498803061e-08 7.66254061090876e-08 6.49908486138884e-08 1.13885370467415e-08 8.9057380137092e-09 5.56222744307888e-08 6.78532288134193e-09 1.91305517205365e-08 2.41000566347793e-07 0 9.2764599912698e-08 8.60245336298249e-08 1.3175941830923e-07 1.21407333608659e-07 3.65771285260053e-08 3.38409478217727e-08 6.99210545462847e-08 0 0 1.82814545723886e-08 5.43184874857161e-09 1.39711929136865e-08 1.08943481791357e-07 7.03530190548918e-08 7.70733322497108e-08 2.12044574254833e-07 1.18903869861242e-07 2.61783679889049e-07 2.20017864194233e-07 2.0281429442548e-07 2.0716847757285e-07 2.26608449338528e-07 1.42438852890336e-07 6.63775495013397e-08 2.03870754944546e-08 3.00098326988518e-07 0
2.58738026559513e-08 3.59458455045925e-07 1.37390998133924e-07 4.55313546865455e-09 5.72697103962128e-08 1.21994517598978e-08 7.85023303251364e-08 9.03305732435911e-09 1.18337403876012e-08 2.52595299343739e-08 1.96736436919309e-08 2.92028516923892e-08 1.54281963204994e-08 4.61922553540717e-08 7.08327604570513e-08 7.62788204156095e-08 3.02211532243746e-08 0 0 1.01757609627384e-07 2.26381666834641e-07 1.17128900001262e-07 6.98150302014255e-08 3.92143931549072e-08 3.62765781858343e-09 2.69794799834244e-09 0 1.88206268347813e-09 1.74719758661013e-09 3.86030123422643e-09 1.48895452412034e-08 4.41851710775154e-08 1.25442772969109e-07 2.06706613425922e-07 8.58905366385443e-08 2.03571335077868e-07 2.48112360168307e-07 2.47214325099776e-07 2.2752544737159e-07 6.35910225810221e-08 1.42777446399123e-07 4.32929539329052e-08 4.07828906645591e-08 4.93861080030911e-08 1.2535302573724e-08
5.45102636806405e-08 1.93977325579908e-07 1.25368671888282e-07 7.58549674628739e-08 9.5608436367911e-08 1.17061370019655e-07 3.69495637642103e-08 3.15863275091033e-08 2.78106739415307e-08 2.19799900946782e-08 4.36828401007006e-08 7.2647068805054e-09 3.3682658795442e-08 1.43163333632401e-08 0 0 9.79603191808565e-07 3.27976681546716e-07 0 8.56052736253332e-08 8.56637711876829e-08 1.85756925930036e-07 7.61298110774078e-08 1.06764524332448e-08 5.96976335032195e-09 3.0476048351602e-09 0 3.67518495636432e-09 4.11451495097026e-09 8.04617528160634e-09 2.29622301617383e-08 9.28584540815791e-08 1.88894728125888e-07 7.70308361097705e-08 1.01866862678435e-07 1.91871254173748e-07 2.10444500226004e-07 9.14722761535813e-08 2.58279055742605e-07 1.49737718402321e-07 7.67315555094683e-08 1.23292454645707e-07 4.51811757784526e-08 2.12347657679857e-08 0
1.72142711107881e-07 1.24780990518047e-07 2.20576498577429e-07 5.43748228665208e-08 1.00966758509458e-07 2.44595867116004e-08 8.4202078198814e-09 8.71409895353281e-09 7.05467542161387e-09 1.02014624303592e-08 1.01100809501986e-08 3.84927659524692e-08 9.04379362509644e-08 5.00633575484244e-08 0 1.74730143953639e-07 3.2670925520506e-07 0 0 4.27295248073278e-08 2.25306075662957e-07 7.15711735210789e-08 2.54195299476123e-08 6.89333745640397e-09 0 2.08752819474967e-09 2.1178143683187e-09 1.52964325650373e-09 5.38958744300544e-09 6.76703137969525e-09 6.75730618127091e-09 5.36124787231529e-08 1.09441930362664e-07 1.87983118848933e-07 1.91451408682042e-07 2.05863989322097e-07 2.41135262513126e-07 0 9.84599410003284e-08 1.77293043179816e-07 5.23719904776954e-08 0 5.39019026746246e-08 3.31855062540853e-08 9.05230166381443e-09
1.27633393276483e-07 1.31674494241452e-07 1.00720546925004e-07 2.628215867162e-09 7.77816296704259e-08 1.18928971915011e-07 2.59040319861015e-08 1.22008017910957e-08 0 0 0 0 0 0 0 5.7864021982823e-07 5.74208627313055e-08 4.96085476697772e-08 2.93748190216547e-09 5.07815741457307e-08 1.02828164472157e-07 1.9355647964403e-07 6.70472445563064e-08 1.96418852738134e-08 2.40059385703262e-09 7.48751105561496e-09 1.96532869978228e-09 3.54369724675507e-09 4.59100100158594e-09 1.15276570511469e-08 2.96947604283559e-08 1.5181801700237e-07 1.0649682735675e-07 1.26568454561493e-07 2.42552641793736e-07 1.56056466948939e-07 2.42558917307178e-07 2.64962795881729e-07 2.02127489501436e-07 1.6008328884709e-07 9.8605960374698e-08 2.50303969551169e-08 1.85950256081924e-08 2.76047217084852e-08 1.03765316339377e-08
1.06295237856102e-07 6.89792557295732e-08 7.78716184868244e-08 0 0 1.02632924381396e-08 5.04016881563984e-09 4.56028388384766e-09 4.54943034355892e-09 0 0 8.37049265101086e-07 1.27342445921386e-08 3.78018654600964e-08 2.01175623715244e-08 1.41571192102674e-08 2.85269749156214e-08 3.51304834111943e-08 6.80404639297194e-09 5.70621637052682e-08 3.05330814853733e-08 7.43388568480441e-08 5.60736339139112e-08 4.67566053430346e-08 1.48274253319869e-08 2.19141984558746e-09 1.16515437298403e-09 1.68854334958723e-09 3.07539629318399e-09 3.84718845225507e-08 4.20607193518663e-09 3.00317537949013e-08 4.60419016690139e-08 4.2204936789858e-08 1.14835040676553e-07 2.15940895031963e-07 1.40677980198234e-07 9.59499175223755e-08 9.90945181911229e-08 1.18744424071338e-07 6.41678752799635e-08 4.6855186042194e-08 0 1.21604868397185e-09 0
3.11160647470388e-08 1.32926018636681e-08 3.61713006213904e-08 1.25014831819925e-10 2.15559214922223e-10 3.92972907548028e-09 2.2705492597197e-09 0 2.23466759052826e-07 0 9.81126504484564e-07 2.15236141798414e-08 1.09685572624585e-08 1.10521320095813e-08 2.61819764091342e-08 1.58100448288678e-08 2.38795479390319e-08 2.94734888939274e-08 6.16932538832771e-08 2.61541799773113e-08 3.01679449421499e-08 2.25019888944189e-08 1.25565989606002e-08 3.58788554422063e-08 4.68145998411273e-08 4.45831886963788e-09 2.00173975173357e-09 2.36732748959412e-09 3.24369182180817e-08 8.70365511218552e-08 3.29474033833321e-08 3.35553771435571e-09 9.1950091984927e-09 0 6.40940584162308e-08 1.21082916848536e-07 1.34466858980886e-07 8.72058876666415e-08 1.05958599760925e-07 1.34601452828065e-07 4.08972312015976e-08 0 3.25473024531675e-08 3.65483970199421e-08 0
1.78219707436256e-08 8.11316027693465e-09 8.14436518226103e-09 3.34997110940094e-08 1.12612426050873e-08 1.480420941391e-09 1.82731021425298e-09 0 6.91429079324735e-08 6.26473820375395e-08 6.88427519435209e-08 3.92427466522349e-08 4.85817281514755e-08 5.51118944258633e-08 6.20587172761589e-09 7.93696699474822e-09 5.90021613788849e-09 8.58953015381303e-09 2.13562415751767e-08 3.54371024968714e-08 6.9963604687473e-09 1.46758061259078e-10 4.48456205504044e-09 1.37865740157395e-08 4.15651641105796e-08 4.82819871194806e-08 3.21345190457123e-09 2.61786652799856e-08 6.78967751355231e-08 5.36229435965652e-08 1.30366026951378e-07 0 3.1656774979183e-09 9.06464947547647e-09 8.04930095910095e-09 4.55434530977072e-08 6.64958122342796e-08 1.66730626460776e-07 1.5245532267727e-07 1.12864142920444e-07 7.66024072618166e-08 5.32645628936734e-08 6.96590518600715e-09 4.08095559123467e-08 1.68591100191406e-08
6.24507165980503e-09 2.34513048980034e-09 2.92218693687119e-09 4.4591747183631e-09 2.03784686902964e-09 2.16749658221715e-09 1.32785444861838e-09 0 0 0 5.6792873692757e-08 6.57633790979162e-08 7.61597675591474e-08 1.36705679665283e-08 2.88122503633303e-09 1.38458728926594e-09 1.99953120727514e-09 2.28470362628741e-09 2.14301092427149e-09 5.94929723263249e-09 3.78070446060974e-09 2.6352140025665e-09 3.44675470387301e-09 2.00737630962067e-08 2.90738483954556e-08 6.12801613897318e-08 5.58086981072847e-08 3.45635527310151e-08 6.73867873501877e-08 1.19756214189692e-07 9.00762245237274e-08 4.44200793481286e-08 1.50334233950389e-09 1.57294355318527e-09 1.86234316856826e-09 1.90629574348122e-09 0 9.00165275652398e-08 3.87411859037456e-08 0 4.85973885133717e-08 9.45282806696923e-08 7.34780826405768e-08 3.60678910737988e-08 1.53836097638305e-08
1.66969904569214e-09 1.4664390590724e-09 1.16321814402909e-09 3.53636089300835e-09 5.03264949713866e-09 4.35014406718892e-09 3.75077249259448e-09 1.69246074932516e-09 1.49876573374286e-09 0 0 1.58966273033911e-08 9.55988639361749e-08 0 5.22451526485668e-11 1.5073805315069e-09 2.08073522856012e-09 4.29238582455582e-09 7.04915308347154e-09 1.1638812225101e-08 5.41661187014597e-09 7.56858611339339e-09 6.00703771169719e-09 4.25238454226928e-08 3.77858043520973e-08 2.35290301020541e-08 3.22766879889969e-08 2.80160861620971e-08 4.24964696321695e-08 7.00808413967025e-08 8.22175650228019e-08 6.14711495927622e-08 3.12893142506709e-09 9.9394199537528e-10 9.21076903637186e-10 1.06271116351309e-09 1.68386087295858e-09 3.4326568254528e-09 5.68836959757846e-09 2.38022757059753e-09 7.11501115802093e-09 5.76999127588351e-08 6.65510242470191e-08 5.87643171456875e-08 2.10681619705611e-08
3.94628223432392e-09 0 0 4.9269999635726e-08 2.53668162031317e-09 1.45273375551369e-09 1.8950107261162e-09 0 0 0 4.01484046008704e-10 1.45150211849909e-09 1.27789627768493e-09 1.36150886120845e-09 1.26979795567195e-09 1.27558203999456e-09 1.07617186273501e-09 1.17870015969856e-09 1.69115637049799e-09 5.70238363195585e-09 2.63311701331759e-09 1.92755162942149e-09 1.88271869205892e-08 1.12306409505436e-08 2.90538793024098e-09 5.18168725704982e-09 4.38439684558034e-09 3.2458109444633e-08 3.30889832866887e-08 6.2334498807104e-08 5.0454127631383e-08 4.7272581582547e-08 1.27874500321923e-08 1.27574057984248e-09 1.14542544338292e-09 8.94818263930119e-10 1.26154722224214e-09 2.27742006586595e-08 2.41763416397589e-08 6.07777451477887e-08 3.98981079285932e-09 4.47445387408152e-08 2.62135614548242e-08 3.84868968694718e-08 5.15050885496748e-08
0 0 0 0 0 0 0 0 0 1.55178767613506e-09 1.16276002160021e-09 2.13720969810538e-09 7.83916433988452e-09 3.37477274570119e-08 5.59460389126798e-09 2.11583532916393e-09 1.15522897914389e-09 1.28528823140073e-09 1.25691608232614e-09 8.81790374052116e-10 1.25344845613995e-09 1.77093806286166e-09 2.7535708824189e-09 2.01903258556513e-09 1.22118226641987e-09 1.38193989585034e-09 0 4.17102341998543e-08 8.01332078026462e-08 3.05684153545371e-08 8.4575339087678e-08 6.10298570791201e-08 3.2917647274644e-09 4.66101512941464e-10 7.93519117081587e-10 5.56728263489958e-10 8.56878656918525e-10 4.05297200245514e-09 6.50359424980706e-08 6.90793513058452e-08 3.64576990818932e-09 1.69282955653216e-08 3.42404604225521e-08 3.09477002247149e-08 1.27040408415269e-08
5.16848004394888e-09 1.26912969022897e-09 0 0 0 0 0 1.46157157487892e-09 0 0 0 0 0 3.38795189236407e-08 1.47808705719399e-08 1.35983562188358e-09 1.26232544417348e-09 1.46563161607105e-09 1.06346567108062e-09 2.36068196102224e-09 1.57221116126038e-09 6.25670892873131e-09 2.89948793863459e-09 1.42696343630178e-09 2.08362678222329e-09 0 0 7.86338659963803e-08 4.8397981800008e-08 5.865431944585e-08 2.95652540671654e-08 3.41591288588461e-08 8.08040656608e-10 3.13712833488466e-10 5.49114131942474e-10 3.38796501964111e-10 6.65820332201861e-10 1.1950675116168e-09 2.90803185976074e-09 2.71634092996464e-09 8.47147347826649e-09 4.02823417289255e-08 3.41478994414501e-08 8.26662258646138e-09 3.19191570952171e-08
1.32680879616487e-09 1.20844205753201e-09 7.93026089240811e-10 3.78814632995272e-09 2.27567493737979e-09 1.42432039496043e-09 0 1.39815270472354e-09 8.64431992653181e-10 9.88898563036855e-10 1.40732696607415e-09 1.30333663861393e-09 0 0 0 0 0 4.08140543584068e-09 8.43123348914787e-10 2.62683848006873e-09 1.73072418618858e-09 8.38149887272266e-09 1.69305621966487e-08 1.83829214961406e-08 2.98806116916239e-07 1.14555314212339e-06 1.11949123038357e-07 6.83874191054201e-08 9.41231348861038e-08 6.43456189663993e-08 2.00057641563944e-08 2.60579724908894e-08 8.56296900053621e-10 4.97486407624592e-10 3.43774186895018e-10 4.44926140374946e-10 6.64521904170101e-10 3.06483158851734e-09 2.87214074745634e-09 4.23186214959514e-09 2.66006168203603e-08 2.42422970586631e-08 7.04226934544749e-09 3.35093062631131e-08 3.96097277644003e-08
1.15859997151802e-09 1.21288215026993e-09 8.1451663191956e-10 1.75442700367512e-09 2.24376570656659e-09 3.34267653556708e-09 1.44537963819857e-09 1.12177582778372e-09 1.40633966694281e-09 2.79956839932538e-09 8.74794547911506e-10 8.65845883879501e-10 1.16361276170096e-09 1.13456906092324e-09 3.26729421296079e-11 1.13566640536078e-09 0 0 0 2.78936944653196e-09 2.34086012795842e-09 2.088001238576e-09 3.8834549798139e-09 6.0629730569417e-09 4.16306329498184e-07 1.00170291261747e-07 1.05492460988899e-07 2.1221228507784e-07 1.5252855973813e-07 1.08535948584176e-07 6.84657038618752e-08 1.88092201369727e-08 6.72475941598805e-10 4.80984407857932e-10 4.01473609912273e-10 3.22680682174337e-10 5.15251041832698e-10 1.39221434380943e-09 1.52390366991995e-09 3.48731568067251e-09 1.7200346746904e-08 7.3378572551519e-09 2.40602815892998e-08 5.72403990872772e-10 3.35146346230886e-09
1.22300081173421e-09 1.31336097553003e-09 7.99506416626627e-10 1.2535181781459e-09 1.37545921319315e-09 4.10410869733369e-09 3.19908792789647e-09 1.9973759535219e-09 1.05887217216605e-08 8.0526739054676e-09 3.63712082673828e-09 1.42135565539547e-09 1.37600002503291e-09 1.32454056611664e-09 8.97895446883013e-10 1.0333579325561e-09 0 0 0 1.98909990700713e-09 2.75487295198218e-09 2.83767178643757e-09 3.430588435549e-09 1.41891582927656e-09 3.42029053967963e-09 1.35507093546039e-08 6.09049152444641e-08 8.05357387889671e-08 2.52515656029573e-07 5.67269523799041e-08 4.57586537550014e-08 3.45524028944055e-08 2.39348025843356e-08 1.51828114525188e-09 6.2455587368504e-10 5.20695531136539e-10 6.79364831057683e-10 6.57384635616154e-10 3.07724405956833e-09 2.82212255342529e-08 4.95214692364243e-08 2.23162572865476e-08 7.57761675629354e-10 0 3.21523600632645e-08
1.54845967159645e-09 1.06123945187164e-09 1.39650850883299e-09 1.01477626301971e-09 8.63804050510453e-10 5.63506254991353e-09 2.34214656558152e-09 3.27435039082502e-09 1.29535891346677e-08 7.60460139304087e-09 1.60760507128543e-09 1.48155274715123e-09 1.48625813878311e-09 1.23801484619435e-09 1.08761026851312e-09 9.98770666171822e-10 8.16831047245614e-10 0 8.9700309402474e-10 0 5.94093485517533e-10 8.79554704624752e-09 1.2179246056121e-09 2.22401848049003e-09 1.11410194847394e-08 1.59074588168551e-08 3.90459604204807e-08 1.02592757400544e-08 5.54318333456649e-09 1.88741705642315e-07 1.49275331295939e-07 3.75321576484566e-08 5.92502189533661e-09 1.08320072911283e-09 1.48661953858209e-08 1.67612114410076e-08 1.72359317929249e-09 2.31808868988992e-08 6.1750540680805e-09 0 2.32713517789307e-08 2.64904770119756e-08 1.51790775504423e-09 0 1.02085920161699e-08
9.23427201371396e-10 1.64267817126529e-09 1.06036655012076e-09 7.43479167120142e-11 1.34998430212363e-09 1.16213891843131e-09 1.26501067398976e-09 2.05151149401672e-09 1.89979711961996e-09 1.63749476200792e-09 1.48192285109872e-08 1.39283953259905e-09 1.69372533775913e-09 1.43454688128486e-09 1.05390576266018e-09 1.24744676810451e-09 1.13644258448176e-09 1.05033608477356e-09 1.0719633181111e-09 8.42925640398562e-10 1.41558746946657e-09 3.14355652619724e-10 5.15698914682616e-09 4.45570584872712e-09 3.22713873401881e-09 7.84120004482247e-09 2.00575541953185e-08 1.25302378251035e-08 1.17990088810416e-09 2.00746626433101e-07 1.11475253561366e-07 5.05545585838263e-08 6.53614335988095e-09 0 4.04810208465278e-08 6.08489303388637e-10 3.35560287112457e-08 6.34318482184426e-09 2.30058052608229e-09 5.99898726250103e-08 1.13094938569702e-06 7.0189094003581e-08 6.02562067797407e-08 8.89040734364244e-09 0
1.48183758597042e-09 1.33095880983092e-09 1.33573854199653e-09 1.148758244085e-09 1.53541410696789e-09 1.37508511244278e-09 1.15459846128374e-09 1.72119882790867e-09 1.65010209940419e-09 1.88884801133327e-09 2.66035613094573e-08 1.58581343612241e-09 9.60798818283593e-10 1.14985585497607e-09 1.3711648705339e-09 1.36586937315997e-09 1.21825847188006e-09 9.13484132780695e-10 1.43836862420699e-09 8.00677568690844e-09 3.15796569339e-08 0 3.76914464084166e-09 1.10503490802216e-09 1.90170101888043e-09 5.23590664158746e-09 4.5841554197068e-08 6.76142349220754e-08 5.0365161996524e-08 1.04035007097991e-06 2.95775767881423e-05 3.36808370775543e-06 1.01198543234204e-07 2.47793707330857e-08 1.84061550445591e-09 1.78628578595408e-09 5.19410264132603e-08 5.74909847728122e-08 5.68543612189387e-08 2.53016855822352e-07 3.30889236010989e-08 7.02871773228253e-08 1.30878859749828e-08 2.89065216207973e-10 2.35047270535915e-10
