Maxent_result_files_2/B_alpinus_3.asc
NCOLS 594 
NROWS 330 
XLLCORNER -15 
YLLCORNER 23 
CELLSIZE 0.166666666666667 
NODATA_value -9999 
[rows 220 to 239 of 330, columns 270 to 314 of 594]
-9999 -9999 -9999 -9999 -9999 -9999 -9999 -9999 3.68997602473442e-09 3.31859354218977e-08 9.25620646796688e-10 4.30514301985596e-10 4.97972401092284e-09 4.2325898341744e-10 5.21420560062324e-09 3.07166514446067e-12 3.00701064048781e-10 1.47897312174905e-09 1.87560167397294e-10 2.36176646017938e-09 1.49190766407514e-09 4.24234980478389e-11 3.17006665362385e-10 2.90271795488906e-09 2.50895647591065e-09 2.88892429978205e-09 9.66621414022484e-09 5.90305617720333e-09 5.50786749542453e-11 1.67884373070137e-11 7.71653561049135e-09 2.87827872647028e-11 3.34217098441059e-12 2.31417551788127e-11 9.6655581294236e-08 3.03327294730593e-06 1.04319753946314e-09 8.99236241025392e-13 2.84682881712683e-09 0 1.13783316102456e-11 0 -9999 -9999 -9999
2.47807330211458e-12 1.2308587482579e-11 0 1.01438712984958e-10 0.0632120826603372 -9999 5.37161450875345e-08 1.50685361965941e-09 1.05939761851914e-08 4.56570896534281e-08 3.91550526379625e-07 8.57584836921887e-08 2.43957633805358e-07 2.25044011892273e-07 6.52536624734523e-10 7.55544404817954e-11 2.56878740501065e-10 2.00726049115474e-09 1.40620848299022e-13 6.59528304846058e-06 7.41519556868298e-09 6.17850233197714e-09 5.60258719417561e-09 8.45174383812264e-09 1.22370524824333e-10 2.50655052269622e-13 1.85629289717326e-14 2.13829203232763e-09 1.17194012358879e-05 4.56743443066898e-09 2.63131958688767e-07 1.17408757489557e-06 3.76171596769836e-05 3.33740859392861e-09 1.72366098860621e-07 0.0611636167345379 1.15310399084745e-07 2.99688692972921e-08 5.16111431370092e-10 2.63135346845189e-10 4.53287274382319e-10 7.09259673215001e-10 2.32244845577156e-10 1.83617565596705e-11 4.20371722986701e-09
6.62341292922974e-12 1.96722638179381e-12 3.23914228772537e-12 8.48915382434257e-12 1.40345690624599e-08 1.0628514957034e-09 8.24886825512294e-11 1.1554902590305e-10 2.4667458398131e-08 2.77597395736962e-08 2.30423464109286e-07 4.21500134795139e-10 1.53332528896044e-09 5.72723424241417e-10 1.0654430226964e-09 5.55317427597402e-09 4.17742152492018e-06 3.38636738206333e-08 2.75698195284502e-06 7.51544959598505e-10 6.45322776771096e-08 1.97586714989484e-08 1.22566987670325e-09 1.81241315289071e-09 1.0238379033467e-09 1.57962318780847e-09 3.60236555252413e-08 3.60433972446117e-08 1.19771357287579e-07 1.15161014058174e-10 3.9225891868e-09 2.02708025920373e-09 8.62150405112061e-07 1.03700906639581e-08 3.1109971765364e-08 0.0509769793619874 0.00448648844417221 0.0316844625342021 1.18854524000511e-08 2.550214595054e-10 8.27999256935996e-09 2.48000227798251e-08 7.14416614755464e-10 6.87947476762929e-12 4.50082193736989e-12
4.63655669413754e-11 0 1.62259095048967e-13 1.32649446982214e-13 2.54284371337121e-12 1.19787354480039e-09 7.32005678294456e-11 2.35726249631085e-09 1.3365195616899e-09 8.95374885345745e-12 5.54028274690754e-07 1.61639841511629e-09 4.43184837717325e-09 1.55858158601418e-09 1.5379248097247e-09 1.74882419656797e-09 6.9165260185855e-09 7.17025816499017e-10 4.88664274000961e-07 4.69580528705826e-07 2.16447256207175e-07 1.71197143572499e-08 6.72580213745277e-09 2.45218160443983e-08 4.96472551958504e-09 3.26661684368901e-09 3.85250387147096e-11 3.52785467505612e-11 4.8443693501099e-12 4.61512157379218e-09 2.41036901549307e-09 1.12600400448137e-08 8.73344090379646e-09 2.06623318455001e-10 8.67710836516267e-10 1.03219859326487e-09 5.49382193071324e-09 1.27354939927216e-09 1.53654866608122e-14 2.81603270702035e-09 1.52673721554031e-08 4.09741265583463e-08 1.1194771785128e-07 6.59515846379577e-08 5.65161251131485e-12
1.84850194251407e-07 6.69055832958065e-10 4.46797173592195e-08 5.72066022330731e-09 1.7459279003651e-07 1.97837998094919e-08 2.72840931914153e-07 8.37231839412311e-11 4.32490663282437e-09 1.3736319637303e-09 1.7878528879578e-09 5.08152133704698e-09 1.33685693626262e-09 2.34454091696534e-09 2.83324776972904e-09 1.8569257242973e-10 1.06964770374418e-10 2.44666836124452e-08 3.76117601363912e-07 2.73815840545755e-07 1.81993300429895e-08 4.22155110868516e-10 5.60038472485758e-08 2.56698001521727e-08 1.24660322398107e-08 1.79488411911066e-09 1.93958071825762e-10 7.59631013647066e-10 3.57414463136863e-08 3.51920770302883e-10 7.00252161589532e-08 7.06472071954067e-09 2.32453810644628e-08 1.86206000618583e-09 3.32566196803441e-11 5.58049828569551e-11 7.80289468593765e-09 0.000101775169605389 0.00123468034435111 0.000361494301705534 1.71864314530978e-06 2.96418445344671e-12 2.47132229560521e-06 0.000454820977023296 0.00332323278726951
2.3866464360367e-13 4.37207825498831e-11 3.60311780411848e-13 2.10459986105249e-09 7.46047146282791e-10 5.11715159134951e-10 2.90435009375756e-10 1.477675981576e-10 1.73901810285315e-08 4.95910353492945e-07 2.99207817988645e-07 2.07711341460026e-09 4.52907684689308e-09 4.84491735619486e-09 2.4590004699121e-09 2.31667574013272e-11 2.57729304564691e-10 1.60376856683797e-08 2.26930070990061e-07 3.66240357152492e-08 2.55401371163089e-09 6.39843804606244e-09 2.35800754921911e-08 1.70383920305994e-09 3.93486110361607e-10 1.28740555993545e-09 3.34857581663073e-09 1.18926148928722e-09 1.35726573868844e-08 5.6013475857597e-09 6.40754998837423e-08 1.36065694456011e-07 1.03855867905622e-08 1.18036691532097e-12 2.64112160031083e-08 1.1936792110312e-09 2.62105115389488e-10 4.1867557110109e-08 6.21622507424036e-07 3.60881359939835e-07 1.62855936514106e-09 3.42924466600891e-11 7.96455851581612e-07 6.0547426961044e-09 1.29246802782479e-07
0.000111997514613904 1.71181952168808e-08 3.57669338590938e-11 4.80275652581241e-10 3.35396375898966e-06 4.06287775300829e-07 2.98050140123962e-11 4.37888701299016e-08 5.70466482940901e-09 1.320362219559e-09 1.47648265169664e-08 7.78584126237547e-07 7.05774949594229e-10 4.40799112766399e-08 4.57533390574305e-06 3.70575547521401e-06 1.79805592637194e-10 1.41645301710014e-08 1.19928033059935e-09 3.77167992837712e-08 1.8720240291259e-08 5.16654701243624e-09 1.10796079866304e-08 8.21622597735328e-09 2.62410195794871e-09 1.16629763624587e-09 1.52845422984882e-09 9.41860434533481e-08 3.5952080279511e-08 7.4858449439219e-10 2.56312188806618e-08 4.04706440804148e-08 4.1953546858764e-08 2.3100099622031e-08 2.1448854070627e-08 3.94608123954754e-11 5.16692759688908e-09 2.37565078720081e-11 5.03059596645983e-08 6.69181998702584e-09 5.11664707736337e-07 1.43885029524338e-07 2.35897699894849e-05 5.73912645895902e-07 1.51061669462216e-07
2.5120578055815e-06 1.46029569805251e-06 4.76948916912079e-05 1.33891342557035e-05 1.09089669422247e-05 1.09224260635976e-08 2.08651207422861e-11 9.61370205665446e-11 1.57563595504229e-10 8.83598750078818e-07 6.54914265396656e-07 2.84087665725075e-08 2.61204322615782e-09 3.14295878212079e-10 7.1939485124517e-08 9.4201901834623e-11 5.45929509931931e-07 9.07794728277622e-10 1.71859131259389e-08 2.99936601777517e-08 2.99024272010229e-09 1.36894669822141e-08 5.75691647464183e-08 8.54124865390382e-08 2.06436407967914e-09 1.98649838800691e-09 3.08303634843909e-09 2.0368736597387e-08 1.96929979323635e-08 4.07232940702329e-09 2.56496327621925e-08 2.08809671553567e-08 4.12990856069051e-08 1.77127885581108e-08 1.52088278304596e-08 6.39448913930529e-08 1.17089486240118e-07 1.29592248043764e-09 8.15964143030534e-08 1.84821010085212e-07 7.75794944729569e-08 1.53289421689351e-07 2.70298854621043e-07 7.0419224584839e-08 1.04229195585503e-07
2.11630446500521e-09 5.05320039084545e-05 3.60527394605015e-08 1.93841310647258e-07 5.23112539951853e-09 6.99402392001502e-08 6.88010004523676e-07 1.16172350317356e-06 9.17350234885817e-08 6.52676317258738e-07 1.12470701196798e-08 2.97736755805467e-07 1.88073215690032e-07 1.76713420896313e-07 1.30507264994861e-09 2.97256423920089e-09 7.95304060829949e-08 1.34076211244505e-09 3.25042526228003e-10 1.86650428446455e-10 3.36119185817552e-09 4.66293459400191e-10 1.27759804624539e-08 4.0872194739805e-09 1.26756760643332e-10 4.01695729124185e-08 2.64141789330097e-08 3.18534716825525e-08 4.02529565457499e-08 6.70692129944861e-08 3.03161426074006e-08 3.07952689126978e-08 2.11929442883729e-09 6.51637819260031e-09 3.62693052369245e-08 5.16506482028944e-09 7.90628433833263e-09 3.73612238036003e-08 7.78567144532616e-08 9.30908872209812e-08 6.45935302356904e-08 7.76230594468075e-08 1.13745319108016e-07 2.80227595794713e-08 4.2681662648647e-10
2.97726273856824e-07 2.17880347130883e-07 5.23224741755257e-08 1.17466491644791e-08 2.26924057642464e-06 3.14763135411678e-07 4.07367134036551e-07 3.56588407246505e-07 5.18046908837277e-06 7.60585244279355e-06 1.87570130947279e-06 5.82014083039262e-08 1.02497733711626e-07 3.22245091410878e-07 1.00006756209581e-09 2.31230690613815e-06 6.05851085966336e-09 3.32888099308093e-09 8.26987047730654e-08 4.13981268820862e-08 5.51791501379739e-11 6.74439504244617e-11 4.65575276109575e-09 7.25040805171773e-10 1.60262733084338e-09 5.87695119236287e-09 1.36257909844062e-08 1.85506925376444e-09 6.04010299443125e-08 9.88908439580882e-09 2.22849670494796e-08 6.19395756906727e-11 1.5241396800203e-08 3.60138812993682e-08 5.45325283263232e-08 1.94345481929759e-09 1.1055985460473e-09 8.61364597426473e-09 1.21516440287905e-07 8.96330337285534e-08 2.8240231131349e-08 1.07582813768659e-09 8.24178147951216e-10 4.04528037956098e-08 4.05137541514833e-08
2.93610753487883e-08 3.32451648432652e-09 2.66244661872861e-09 4.84484153275844e-06 2.05082088857722e-06 7.56791848743887e-08 1.12793961307034e-05 1.23274730867706e-05 9.52753543970175e-06 1.10278037027456e-05 7.66942866903264e-07 1.49390757542278e-07 2.08362803677531e-09 1.27051480447449e-09 1.31246967893794e-07 3.78036347683519e-06 2.4686244159966e-08 1.0343794798473e-08 5.59835200419911e-08 4.99806347420417e-09 6.48044873319265e-10 1.38750469336202e-08 1.84998860675023e-09 3.31765122041361e-09 1.54496683535399e-06 1.13484141195386e-08 6.06053107810034e-08 4.71089920628387e-08 5.93995099884559e-08 3.48709153774607e-09 2.31147067042414e-09 2.4832106260142e-09 3.41630891353972e-09 4.505792823295e-08 1.57213264628808e-09 1.74025238663944e-09 9.15653046718035e-09 1.41494787275764e-07 4.64023571677963e-08 3.54740876673532e-08 4.44392412757288e-08 4.98686802408166e-08 3.16549318424286e-08 3.76037633254001e-08 8.11842834402832e-08
3.33828040766093e-08 7.16064363359692e-09 8.67882135935361e-08 1.04993763670791e-05 8.33642261568457e-06 1.15716184161396e-06 4.59408330044653e-07 6.39113333744667e-07 2.75915190287579e-06 4.05097171096713e-07 3.68444998458672e-06 2.32060324389938e-07 3.4495585476968e-08 5.46579486560006e-08 1.04365617517033e-06 1.16585351861431e-06 1.09198436886171e-06 1.47800005845244e-07 1.52176414758287e-07 7.71013741740489e-10 2.63623123331058e-11 1.7896450654753e-09 1.01892121406877e-09 9.00797232361583e-09 5.81063197557796e-09 1.11644477884809e-08 1.41476725890044e-09 2.5366746925215e-09 5.47683899343454e-09 8.68789706842676e-10 2.47175204748373e-09 1.80003969285636e-08 2.33031256513527e-09 2.44063215859569e-08 1.05792715032749e-08 1.45429581266399e-08 1.78287012575495e-07 2.34972532098254e-08 6.17838358252243e-10 5.81764652674011e-08 5.6236456247305e-08 7.40948565725041e-08 1.94109546214349e-08 1.16856906307028e-07 1.23617954506106e-07
5.23915077793591e-06 6.3752442658882e-06 3.61474485544022e-07 7.11845373757569e-09 1.3689537809114e-06 4.63041142211296e-06 5.33049569642063e-06 1.50860332770453e-07 3.4004547805333e-07 1.52995562531233e-06 8.67184062371962e-06 3.49496053830833e-07 2.92897148312932e-08 3.80518962117549e-08 3.25533528666711e-07 2.35027800961074e-06 7.53541917219991e-07 2.72980219051533e-07 2.57287593086186e-07 1.42625840960919e-06 2.33498963264633e-07 7.3638086739436e-10 2.00079261958308e-07 6.40700318399467e-07 4.2997957194757e-09 7.34770356447534e-08 0 2.92782755195731e-07 1.42536817904215e-09 2.43922398945884e-09 3.01885562103976e-09 3.51475182291949e-11 1.77393699729578e-10 1.88543793910867e-08 6.88579007146473e-08 1.94662419517044e-08 3.40902905904272e-10 2.12975905355961e-08 4.23705216689996e-08 1.003328067406e-07 9.82359554480006e-08 1.51925020719368e-07 1.2704280215603e-07 1.05111871817609e-07 7.68393649375199e-08
3.42217367688136e-07 1.54762019519694e-06 3.84246632165741e-06 7.19112769331787e-11 4.42246317788886e-08 3.19076963943843e-05 3.67287498193036e-07 5.88644584187392e-08 2.77565735229413e-07 1.44334180529615e-07 1.49159620277395e-07 2.16720164303297e-07 1.70688764455917e-08 1.33350672726351e-09 1.54078928615853e-08 2.69196660740434e-08 5.17194337135152e-08 1.40569744733199e-10 5.82993076037042e-10 0 0 3.36010219648131e-11 1.83763849403995e-07 5.59538648303715e-08 3.16816572976109e-11 8.67739990972893e-11 1.27437413954823e-09 9.64937330039106e-10 1.27183258369357e-09 9.79694407821086e-09 2.65722305270444e-09 2.30534086265166e-09 6.8456036339537e-08 1.34566093379362e-08 3.1414145951203e-08 8.75983729997643e-09 1.36257227723036e-08 3.83758873567785e-08 7.32197293018544e-08 7.02196643942443e-08 6.89474812531898e-07 2.08938834866945e-07 9.21229457162553e-08 6.72443663862765e-08 6.84713148291216e-08
8.44464666744926e-06 3.19836108246818e-06 5.43898277101107e-06 1.36898030179133e-05 2.05633091354684e-07 2.16673070109197e-05 1.0526976257097e-05 3.53475508749423e-05 1.93861589650623e-05 7.65086879257471e-06 1.99011192345555e-06 8.89215956090261e-08 1.20825775695721e-07 1.11663888247016e-08 4.77323206515834e-08 7.15197643441634e-08 5.77293168824156e-10 2.81696888038141e-13 0 0 0 2.27059526736184e-10 1.73721366580892e-07 2.26297242056361e-09 3.99022839880914e-08 1.88301385595224e-10 1.28474753058327e-10 1.2728762266434e-09 1.94597398195384e-09 1.69181103570892e-09 3.11933564534073e-09 1.73218667187669e-09 4.99595174119349e-09 1.34982678900997e-07 3.53829299193364e-10 4.91921703371645e-10 4.42617874796269e-08 4.26585639268229e-07 1.08760150396847e-07 8.18172964045516e-08 8.48276783926849e-08 2.73120323657228e-07 2.16525882301699e-07 1.14579579579832e-07 3.9485883140955e-08
7.0368378146668e-08 6.8041083522985e-08 8.21495516680759e-06 2.50220949737923e-08 2.38771832528073e-08 4.55683075415436e-06 7.10020685801283e-07 1.30145945149707e-06 3.02295549786225e-05 5.27674274085621e-06 2.06376458589119e-08 8.53155313507159e-07 3.89161125546877e-10 4.18865652163092e-08 3.70643658986758e-08 5.48801669664201e-09 1.91479154754148e-10 8.28559443277754e-14 0 0 0 0 0 2.06610663677775e-07 5.1757006087616e-07 1.68626912433467e-10 1.33357691556313e-10 1.72559460054345e-09 2.44334226184861e-09 6.50904752319548e-10 7.66532259888208e-10 2.33974635222012e-09 1.23930887774293e-10 2.3561557149776e-10 8.86227155993957e-08 7.42782901852479e-08 1.74114780393531e-07 0 2.31790071525406e-07 3.02963031095782e-07 6.96834479785302e-07 2.26907295519663e-07 1.26685031798246e-07 0 0
4.33280365541577e-07 5.9326775964097e-07 2.63366473518545e-06 4.78933827707806e-08 5.27026422787458e-06 2.25406189546806e-07 3.3500758389593e-09 5.76822989373227e-10 3.07040681946091e-06 9.14268730423107e-07 1.12178429845011e-05 3.97107251083328e-06 3.85205470299077e-08 3.66418703712235e-08 7.60471520200312e-09 7.97538750596516e-09 2.88949797422333e-10 3.94004051607055e-11 0 0 0 0 0 2.68278734005811e-08 1.15895672906374e-06 5.33312605599523e-07 4.3870043597849e-09 5.58812256468144e-09 1.61173363544265e-10 6.4265475163694e-09 7.51630011563975e-09 1.05857989041169e-09 7.46854099675787e-09 4.48189148016809e-09 7.89196917816426e-08 3.88661248962308e-08 3.01952013614937e-08 1.35984908200548e-07 3.41554266769517e-07 3.01721388695775e-07 1.71874845389386e-07 1.03622666369763e-07 1.20195039887694e-07 6.14046271052437e-08 4.22504840003057e-09
4.97758719575359e-08 1.46781713450395e-09 4.62112293462269e-06 1.10730115920887e-06 5.61812066735001e-07 2.44233842749964e-07 1.70999388750204e-05 1.16197863175849e-07 2.44681457317597e-09 1.73723091467792e-10 2.2986232602884e-07 2.93460198077522e-06 2.48939501512613e-07 4.03567417706085e-08 1.9214936530787e-09 4.25722433972098e-09 3.07408631883277e-10 3.77449294042265e-11 3.12726622375692e-11 0 0 0 4.20408206025513e-09 4.36439773210395e-13 1.41435518852262e-10 3.42849375556398e-08 8.43250458348877e-10 8.26420176736065e-10 4.07498568222309e-10 8.88371616269978e-09 4.62164639891682e-11 1.42134604175226e-07 1.06725004389574e-09 1.5017080556845e-08 4.36505047329838e-08 1.51349979660154e-08 1.20216987531396e-07 3.88942197893094e-07 1.56582339039257e-07 3.3467670034204e-07 5.92897949069915e-08 3.25915401333532e-09 3.12204850860809e-10 2.02615257904881e-09 4.40137384316586e-09
3.71639856666661e-08 1.43397676322099e-07 2.3263203274837e-07 5.0802566420316e-08 4.51515370514244e-07 5.96589870838216e-09 7.49942640432266e-08 1.79716233394966e-07 4.96836458296457e-05 3.89534626776822e-09 8.41129571549359e-09 2.0811762624362e-08 3.19995365316572e-07 2.02537856253127e-07 8.12573686115314e-10 4.46315084889903e-10 3.83695031302977e-10 3.44712769440036e-10 6.82222056624937e-11 3.35793948202934e-11 1.62706061956897e-09 7.46950092889165e-09 3.75076147918207e-09 1.92702344747886e-08 8.98349057365522e-09 2.72564113490414e-07 1.47044980636224e-09 1.64284941206461e-09 5.54815327014069e-10 3.36381034138356e-10 3.57904959003008e-09 0 1.49859632481153e-09 9.28676726630329e-09 9.35385143051581e-06 1.76656797634678e-08 9.5738142902313e-08 2.05036613465381e-08 4.94199640654891e-08 2.31138052175783e-07 1.90217917972468e-08 6.7796346314708e-11 7.53300311018279e-11 8.82167672244805e-12 1.71655933911552e-10
1.53312651463011e-09 1.86631908150048e-08 1.17584777399316e-06 4.90439902023354e-08 5.98605822688114e-09 2.36188402169546e-11 2.14905731121817e-07 5.53131258129724e-07 1.3792485731301e-08 7.5377229222795e-07 1.72366048900585e-07 5.9246776800137e-07 3.61598758900072e-06 2.88762257696362e-06 1.31925742274941e-07 3.25376454668458e-09 5.40380078462022e-09 3.01027426985456e-08 1.28508199637167e-09 4.42075398510156e-10 9.15125819567208e-10 3.91828791634907e-08 0 4.03219303279911e-08 1.86813295499633e-08 1.42216313179233e-06 2.2849746983411e-08 9.0255837015274e-08 8.3613656443049e-08 1.22457531688269e-06 3.05303619940744e-08 1.28313288882964e-08 1.11606768271599e-10 1.48389645460156e-08 4.4621323525007e-09 8.36472153764589e-09 2.34307648838694e-09 6.22742035716328e-09 7.59604046329798e-11 4.46419541333398e-09 1.09545039705949e-09 4.31995951233333e-09 2.68320292207136e-08 1.48134390087762e-08 8.7368880485883e-07
