Maxent_result_files_2/B_alagesianus_2.asc
NCOLS 594 
NROWS 330 
XLLCORNER -15 
YLLCORNER 23 
CELLSIZE 0.166666666666667 
NODATA_value -9999 
[rows 160 to 179 of 330, columns 495 to 539 of 594]
0.00270288379397243 0.00279462818871252 0.00264593749889173 0.00254907441558316 0.00761542173568159 0.00712284243199974 0.00247750380658545 0.00242948299273849 0.00245006313780323 0.00633514379151165 0.00520040539558977 0.0051613125950098 0.00441247627022676 0.00497533223824576 0.00381241752766073 0.00337653132155538 0.00130043739045504 0.00367148583754897 0.00351964749861509 0.00346373686334118 0.0031636644504033 0.00347756065893918 0.00371398888528347 0.00341564882764942 0.00493312225444242 0.00501314627472311 0.00554362258408219 0.00586406143847853 0.00682839251821861 0.00737555183004588 0.00825112098827958 0.0035290207946673 0.0132920363452286 0.0173857918009162 0.0213318027555943 0.0155754126608372 0.00921983583830297 0.00808092558290809 0.00259079734096304 0.0010360168889747 0.00221341387368739 0.00179039716604166 0.00183133982645813 0.00160766518383753 0.00144041707972065
0.00267518777400255 0.00835487425792962 0.00257604024372995 0.00252539569628425 0.00262698426377028 0.00296559141715989 0.0088252651039511 0.00856423377990723 0.00268870358122513 0.00232174274278805 0.00584933219943196 0.00189201665343717 0.00470227380283177 0.00467360236216337 0.00165283558890223 0.00154130596201867 0.00474235692527145 0.00446503113489598 0.00413696519099176 0.0039307938888669 0.00394585181493312 0.00371244817506522 0.00211139716557227 0.00330247660749592 0.00532761999638751 0.00583121587987989 0.0062907837331295 0.00750141909811646 0.00751290093176067 0.00918238437734544 0.0110938224475831 0.01449971832335 0.0197610916569829 0.0174022520892322 0.0141177316196263 0.00412972378544509 0.0106376598589122 0.00361003811703995 0.00287258036551066 0.00260443870793097 0.00229872744530439 0.00202124993083999 0.001953389425762 0.00159001814026851 0.00133266606135294
0.00302574713132344 0.0029175799281802 0.00269337817444466 0.0029089312592987 0.00284856399521232 0.00306180586339906 0.00347791868261993 0.00303489922080189 0.00264899954781868 0.00253001411329024 0.00221687377779745 0.00203737783012912 0.00549024980282411 0.00513439386850223 0.00181640583905391 0.00190804045996629 0.00195209106896073 0.00170756548759528 0.00415072384639643 0.00434280463960022 0.00449402296217158 0.00485395218711346 0.00501921286340803 0.00224737813114189 0.00234872907167301 0.00585404669400305 0.0067391641670838 0.00765522965230048 0.00190106783993542 0.0101050136610866 0.0121594262775034 0.0151330475695431 0.014795424696058 0.0130173253361136 0.0136427851393819 0.0135112762916833 0.0135618893895298 0.00369480577064678 0.00271380948252045 0.00260768042644486 0.00265176678658463 0.00298774395487271 0.00245892849052325 0.00185636888199952 0.00169461674522609
0.00367207884555683 0.00298784642945975 0.00295409065438434 0.00299029779853299 0.00299320914782584 0.00304892670828849 0.00317792068235576 0.00274373090360314 0.00253316625603475 0.00215761250001378 0.000626530853332952 0.000689139228779823 0.000684250117046759 0.00183294987073168 0.00186917834798805 0.00180215644650161 0.00174446039018221 0.00162697183550335 0.00487060868181288 0.00533149673137814 0.00533637227490544 0.00516607051249593 0.00498384837992489 0.00506040162872523 0.00214316494530067 0.0068027974339202 0.00742451976984739 0.00828322782181203 0.00836961418390274 0.00889089279808104 0.0107360656838864 0.0149407134857029 0.0162277278490365 0.0174312352202833 0.0205714037641883 0.0144627667032182 0.00435263095423579 0.00398857534164563 0.00346876448020339 0.00301862658234313 0.00274124146089889 0.00255297819385305 0.00229523269226775 0.00197190830949694 0.00168397162633482
0.00380156525643542 0.00330882673151791 0.00304131379816681 0.00288411219953559 0.00282017493154854 0.00279837472480722 0.00821157598402351 0.00105376768042333 0.00126695602666587 0.000661443659919314 0.000480914965737611 0.000625837640836835 0.000891495429095812 0.00203658707905561 0.00193330944748595 0.00187438660650514 0.00201308837276883 0.00606410538312048 0.00202519526937976 0.00211640131892636 0.00573645127005875 0.00210638293065131 0.00209155264310539 0.00587128972401843 0.00221676723449491 0.00267698154784739 0.00308448156574741 0.00931744808331132 0.00950592099688947 0.00444147025700659 0.013999093323946 0.014010655041784 0.015325994649902 0.0181816570460796 0.01660749129951 0.00441217927727848 0.0114698742982 0.00120990123832598 0.00386343221180141 0.00360218280693516 0.00302388335112482 0.00314543114509434 0.00293015745119192 0.00261686409357935 0.00210985984303989
0.00421022160444409 0.00366673613898456 0.00324512063525617 0.00320232905214652 0.00310619772644714 0.00306269738357514 0.00299857892096043 0.000769609017879702 0.00475668087601662 0.000333070538181346 0.00199616592144594 8.50735509629885e-05 0.000915651401737705 0.00224778492120095 0.000911842851201072 0.00213613993255422 0.00202143179485574 0.00205106597277336 0.00222718872828409 0.00221005226485431 0.00688716655131429 0.00780977813992649 0.00683281701058149 0.00216069136513397 0.00231506617274135 0.00271724140038714 0.00308355150045827 0.00991813237778843 0.0112612701952457 0.0173971730284393 0.0170772571116686 0.0173426670022309 0.0165539686568081 0.0169240714982152 0.0136030169203877 0.0119204521644861 0.00444392843637615 0.00427003129152581 0.00418617444811389 0.0038022501161322 0.0103211212204769 0.011036422662437 0.00386996648740023 0.00395795140648261 0.00440782448276877
0.00438192031579092 0.0041337606147863 0.00402616956271231 0.00368939733598381 0.0034219128661789 0.00324260336346924 0.00274484036490321 0.00138377701514401 0.00449236050480977 0.000711381490691565 0.00100850312737748 0.00207306455122307 0.00286242768634111 0.00204872404574417 0.00199748016893864 0.00189370400621556 0.00640977228758857 0.00229220660985447 0.00231796696316451 0.0025390938972123 0.00255129868164659 0.00272440987173468 0.00253282100893557 0.0024825579370372 0.00258918322506361 0.00901764594018459 0.0100313434610143 0.00398273965111002 0.0145115516148508 0.0183692616410553 0.0155954037792981 0.014554320089519 0.0148853573016822 0.0170431075617671 0.00519609623588622 0.0149820956401527 0.00420073610730469 0.00380239773076028 0.00369851886061952 0.00396952071459964 0.00432906792266294 0.00411037801532075 0.00334813630906865 0.00381172553170472 0.00450194635195658
0.00475560327759013 0.00512239264789969 0.00471305792452767 0.00425596835557371 0.00387199393007904 0.00368916032603011 0.00321085194591433 0.0014540271833539 0.00281934796948917 0.00254218710470013 0.00092670674494002 0.0021841686218977 0.00222233593231067 0.00250819958164357 0.0021306588081643 0.00183218599413522 0.0020488851936534 0.0020567751256749 0.00196022727177478 0.00218374983523972 0.00247806900297292 0.00288164999801666 0.00302956958767027 0.00278849340393208 0.00335727719357237 0.00387576308567077 0.0121416366193444 0.00516143338754773 0.0181048838421702 0.0164196856319904 0.0147182328626513 0.0133827597368509 0.00339293509314302 0.00570876511046663 0.0184271634556353 0.00501742714550346 0.00440686335787177 0.00408516684547067 0.00370194662827998 0.00425192031543702 0.00371174030005932 0.00373080195859075 0.00272885689628311 0.00226372198667377 0.00232710775453597
0.0061292750062421 0.00631894222460687 0.00571639421395957 0.00534493529703468 0.00524863987229764 0.00479370792163536 0.00377470396924764 0.00375393601134419 0.00300844092853367 0.00281230391119607 0.00120288104517385 0.00247717768070288 0.00254543506889604 0.00253307858947664 0.00227144245291129 0.00230807749903761 0.0024032266868744 0.0023254701809492 0.00226346827694215 0.00227231765748002 0.00276236451463774 0.00304178753867745 0.003263011330273 0.00320031021256 0.00357908571604639 0.00487519553862512 0.00557729881256819 0.0144430248066783 0.00551022673025727 0.0118803333956748 0.00448280785931274 0.00635883002541959 0.00723195634782314 0.00596710939207696 0.00820506676100194 0.00739834939595312 0.00497039754409343 0.0047468498814851 0.00444463305175304 0.00301664178259671 0.00260498273419216 0.00240287018823437 0.002376526145963 0.00263047991902567 0.00253258006414399
0.00788180937524885 0.00740620458964258 0.00655217280145735 0.00684712079819292 0.00574633970391005 0.0047561124782078 0.00473018406191841 0.00485440794145688 0.00363913767505437 0.0030063173151575 0.00274898399366066 0.00235764073440805 0.00229828637093306 0.00243252463988028 0.00233027379726991 0.00253227179055102 0.00273895277641714 0.00252884742803872 0.00273100698250346 0.00276116140885279 0.00269202705821954 0.00295927091501653 0.00942453655879944 0.00340752205811441 0.00367800360545516 0.00426641023950651 0.00505682087969035 0.0117105557816103 0.00585352764464915 0.00606976461131126 0.00738741271197796 0.00763714299537241 0.00885362206026912 0.0180304020293988 0.00762821976095438 0.0175267995335162 0.00620718335267156 0.00615305555984378 0.00494010136462748 0.00400986091699451 0.00295725039904937 0.00233883447363041 0.00221016432042234 0.00185589380562305 0.00176597861282062
0.0105189927387983 0.0096952504478395 0.00997160775586963 0.00820902027189732 0.00630469424650073 0.00598166373092681 0.0054001840762794 0.004479810455814 0.00363188151968643 0.00310248661553487 0.00271838814369403 0.00266569469822571 0.00264392344979569 0.00259778407053091 0.00261989740538411 0.00311206668848172 0.00298089685384184 0.00298227921593934 0.00363140226108953 0.00403927499428391 0.00363533508498222 0.0032618151861243 0.00342916933586821 0.00371259768726304 0.00349906666669995 0.00369484869297594 0.0044332426507026 0.00451908363029361 0.00551067551132292 0.00602274367120117 0.0194349533878267 0.0233073953539133 0.0104464898817241 0.00884326416999102 0.00834542000666261 0.00845114248804748 0.00815929898526519 0.0250098874792457 0.0248309907503426 0.0164625144563615 0.00276855967822485 0.00269297994091176 0.00327302186051384 0.00264708166359924 0.00274905202677473
0.0126262679696083 0.012382880365476 0.010488792322576 0.00921266265213489 0.00736456175800413 0.00646264881361276 0.005223642825149 0.00456304757390171 0.00370287185069174 0.0036925898049958 0.00276127163087949 0.00287921805866063 0.00311258368892595 0.00267303112777881 0.00292741948505864 0.00372907115379348 0.00348882402759045 0.00332624509464949 0.00421072404133156 0.00497841350734234 0.00403209009673446 0.00369877223856747 0.00415393707808107 0.00498836955521256 0.0043594526941888 0.00455241164891049 0.00421908901771531 0.00461104635614902 0.0049596622819081 0.00643409597687423 0.0222546834498644 0.00798444016836584 0.00682871397584677 0.00870313341729343 0.0101596977561712 0.0299978706985712 0.00973737118765712 0.0107085137628019 0.00696413279511035 0.00424720689188689 0.00429662794340402 0.00429280715761706 0.00393828004598618 0.00454647538717836 0.00298245056765154
0.0113172768615186 0.0109346557874233 0.011936017870903 0.00896527639124542 0.00683207821566612 0.00507703882176429 0.00474959056591615 0.00449408593121916 0.00417075540171936 0.00354979624971747 0.00289912148728035 0.00313145911786705 0.00321657718159258 0.00324997768038884 0.00354471720056608 0.00414528471883386 0.00462976439157501 0.00403351905988529 0.00434558098204434 0.00458905602572486 0.00504693062976003 0.00460142788942903 0.00438020366709679 0.00461979326792061 0.00554910248611122 0.00491300516296178 0.00431125612230971 0.00487576653249562 0.00628083434421569 0.00699851615354419 0.00693584489636123 0.00577357527799904 0.00637225487735122 0.00876939087174833 0.00887749488465488 0.0169120710343122 0.00672655515372753 0.00906162583269179 0.0191582255065441 0.0051372071262449 0.00461731491377577 0.00536492717219517 0.00582585005322471 0.0238782794214785 0.005250551213976
0.0110501806251705 0.00819582485128194 0.0081705981399864 0.00810955208726227 0.00642305880319327 0.00489447305444628 0.00539863568264991 0.00431068978505209 0.00399498571641743 0.00378806589869782 0.00364507253980264 0.00308266310021281 0.00319262476405129 0.00352984020719305 0.00362218744121492 0.00384063493693247 0.00423743646824732 0.00361861131386831 0.0040464315796271 0.00611698809079826 0.00774299094919115 0.00639480412937701 0.00659539622720331 0.00604155866894871 0.00536179586779326 0.00571060997899622 0.00583399257156998 0.00598393904510885 0.00781916794367135 0.00964589426293969 0.0110980871599168 0.00889313230291009 0.00782297989353537 0.0138509980868548 0.0145007756073028 0.00507967830635607 0.00409904308617115 0.00458601735299453 0.00729462781455368 0.00801790824625641 0.00674605402164161 0.00538877894869074 0.00540147168794647 0.0173254035413265 0.00463077513268217
0.009747209190391 0.00803320982959121 0.0070285402238369 0.00627514806110412 0.00598076530732214 0.00490955413552001 0.00440091902855784 0.00400569154880941 0.00388929265318438 0.00380793424556032 0.00386815030360594 0.00332130684982985 0.00324810090241954 0.00328170539578423 0.00285002539167181 0.00311511600157246 0.00351704205386341 0.00335210150806233 0.00457063749199733 0.006002366123721 0.00731601701118052 0.00889991717413068 0.00886166663840413 0.00848952422384173 0.00641148642171174 0.00675515425391495 0.0067036060616374 0.0068278122227639 0.00591127225197852 0.00695507933851331 0.0101520993746817 0.00842440507840365 0.0146485306788236 0.0478135619312525 0.00708638953510672 0.00424050133442506 0.00354690715903416 0.00677111027762294 0.00758619166444987 0.00938080823980272 0.00990431760437787 0.0077723907539621 0.00928063874598592 0.00699305892921984 0.00829270973335952
0.00782855378929526 0.00794031096156687 0.00695981928147376 0.00566552317468449 0.00566232356941327 0.00547110465122387 0.00415272684767842 0.00136695938417688 0.00364097852725536 0.00332010525744408 0.00312259331112728 0.0027099133701995 0.00294165288214572 0.00314965769648552 0.0025730641791597 0.00270930870901793 0.00296139540732838 0.0031863275798969 0.00432709484593943 0.00545011456124485 0.00632489512208849 0.00552102241199464 0.00628662093076855 0.00471445611910895 0.00504414301831275 0.0046435538562946 0.00466370375361294 0.00479529174044728 0.00525526939891279 0.00613764084409922 0.00649823355488479 0.00758267675992101 0.009182965522632 0.0124952029902488 0.00863992641679943 0.00464501298265532 0.00282168264966458 0.00305511187762022 0.00486625998746604 0.00719877032097429 0.00539906858466566 0.00766855403780937 0.00587194780819118 0.00361533485120162 0.00478593136649579
0.00617479709908366 0.00679980055429041 0.00656657859217376 0.00536894056713209 0.00512614283943549 0.00455965963192284 0.00180170552339405 0.00386712569743395 0.00369778808671981 0.00303989837993868 0.00248558362945914 0.00232923578005284 0.00227905071806163 0.00234337292495184 0.00250984170124866 0.00240589329041541 0.00286120868404396 0.00297359230462462 0.00345219541341066 0.00403746699448675 0.00437558930134401 0.00412295357091352 0.00377113594440743 0.00376641693292186 0.00387476343894377 0.00432941449107602 0.00541003216058016 0.00626824381761253 0.00648024955298752 0.00633842835668474 0.00682007744908333 0.00799848772585392 0.0124834385234863 0.00870036724954843 0.0036121706594713 0.00457329088822007 0.00531930718570948 0.00537061283830553 0.00385251272236928 0.00433709657518193 0.00779857733286917 0.00656606191769242 0.00301714641973376 0.00216213801177219 0.0026681246003136
0.00562336809234694 0.00473489642608911 0.00434425282292068 0.0043565371655859 0.00428026765584946 0.0041281193960458 0.00407023529987782 0.00367190163815394 0.0031852395972237 0.0024012420035433 0.00197867903625593 0.00190273459884338 0.00185534818447195 0.00188223783043213 0.00201333328732289 0.00221076797461137 0.00290739721967839 0.00341686725150794 0.00466739744879305 0.00409478838555515 0.00397392098093405 0.00413189767859876 0.00428140555741265 0.00505740577355027 0.00534786630887538 0.00575905067380518 0.00620049354620278 0.00655062149744481 0.00915754730813205 0.00878313817083836 0.00637507766950876 0.00425685466034338 0.00416803291300312 0.0033577412716113 0.00278299277997576 0.00353609812445939 0.00507578754331917 0.00483810568694025 0.00658481963910162 0.00496683522360399 0.00641782986931503 0.00469680706737563 0.00349718387005851 0.0015672609792091 0.00109122744470369
0.00437463435810059 0.00355795775540173 0.00305719145690091 0.00407853781944141 0.00433080480434 0.00371312326751649 0.00409617758123204 0.00335452232975513 0.00246726507903077 0.00206307843327522 0.00182059032958932 0.0014438094192883 0.00135977076133713 0.00164253212569747 0.00184087625239044 0.00235140463919379 0.00299125792807899 0.00334356115199626 0.0040887416456826 0.00528291586088017 0.00465069990605116 0.00414076389279217 0.00534310552757233 0.00651669930666685 0.00642225916963071 0.00650091941934079 0.00683366823941469 0.00745243418496102 0.0153748299926519 0.0124972358811647 0.0100145158357918 0.00498880634550005 0.00300595728913322 0.00313583650859073 0.00351299574831501 0.00383348134346306 0.0027024157345295 0.00237993656774051 0.00254948607180268 0.00323849417036399 0.00424607278546318 0.00295422116760165 0.00203228976461105 0.00222243487369269 0.00102229356707539
0.00242458080756478 0.00278631410910748 0.00341255386010744 0.00335533247562125 0.00267642667749897 0.00240538687794469 0.00229413178749382 0.0021440070355311 0.00197035820456222 0.00163989985303488 0.00129800279974006 0.00130379684851505 0.00143559581483714 0.00169140393845737 0.00204831513692625 0.00283159799873829 0.00369825011584908 0.00408820246811956 0.00417869089869782 0.00601144643733278 0.00535654461709782 0.00469260847894475 0.00573192646261305 0.00693260270636529 0.00777772697620094 0.0116972639691085 0.00869848104193807 0.00833121626637876 0.0124263185542077 0.0158231185283512 0.0124112234916538 0.00678695160895586 0.00511599138844758 0.00471375249326229 0.005625417875126 0.00383295544888824 0.0021460538788233 0.00139367991359904 0.001602449757047 0.00181147283874452 0.00140046466840431 0.00150037858402357 0.00157518693595193 0.00297474095714279 0.00281164406333119
