Maxent_result_files_2/B_alagesianus_3.asc
NCOLS 594 
NROWS 330 
XLLCORNER -15 
YLLCORNER 23 
CELLSIZE 0.166666666666667 
NODATA_value -9999 
[rows 80 to 99 of 330, columns 180 to 224 of 594]
1.61009649048083e-05 2.46690283516315e-06 8.12013803521694e-06 1.02796567913455e-06 3.71180950609062e-07 5.18001076554864e-07 6.03798468205241e-05 0.00042167213873654 1.04406663880008e-06 6.69189837059214e-06 3.33598170521032e-07 4.53536573363777e-07 1.56361351915102e-06 3.29223574124793e-07 6.63733042713943e-06 3.89267699449469e-05 0.00183368135330966 1.27049613942276e-05 0.000125727861782465 6.12106732443052e-05 0.000169385041439218 0.00017380951477084 0.000258687823433545 0.000209396890671987 0.00016689709260912 0.000201054516530685 4.71013776580431e-05 3.65126923098869e-05 0.000198459469397338 0.000203462881878203 1.66734877915964e-05 0.000286516630639122 0.000816748165747927 0.000187787386168914 0.0019432953648959 0.00031123287723176 0.000182752582190915 0.000997941520745371 -9999 -9999 -9999 -9999 -9999 -9999 -9999
1.36873064207066e-05 8.0360022323589e-06 3.86374873908579e-06 2.19688489497827e-05 1.51876130929374e-06 7.32825949958382e-06 0.000244639167635796 1.67148773053682e-06 7.10451169880777e-06 1.10090415468278e-05 1.76075692900346e-06 3.5165975436513e-05 1.35153506080954e-05 1.68933538794214e-05 3.11591119406263e-06 9.39258886631933e-06 8.31932200107133e-06 6.25804965697085e-06 0.000116305758155022 1.16047396771179e-05 0.000259409443458625 0.000281309736769841 0.000244643575719417 0.000204354857700195 6.71318523094433e-05 0.000230418809081501 6.05317540330219e-05 5.61845889485602e-05 4.94904681072938e-05 5.15041432098906e-05 0.000153612576946571 0.000366786324202129 0.0105390644763247 0.000556513953773674 0.00219301419102296 0.00655337339183575 0.00116824611296309 0.00235912082144409 5.60043989139558e-05 -9999 -9999 -9999 -9999 -9999 -9999
0.00243648243340431 0.000161617154509486 7.69389625778771e-06 3.83723056550878e-05 0.00036799471699851 4.80947658672903e-05 1.26387606076861e-05 8.39613103318371e-06 1.79509137255618e-05 9.77783756042072e-06 1.25002813327058e-05 4.14894926714204e-05 2.82398001413497e-05 6.34367685009352e-05 9.02308055081846e-06 2.88568285345292e-05 0.00013486950397037 4.63784220192665e-05 0.000117722414188903 9.44293716078182e-05 0.000128260600949659 0.000105470807729757 0.000408362769191795 0.000177037174146877 0.000215628635772014 0.00023856713722975 0.000117311236138362 0.000170727456049669 0.000335194769647584 0.000389790242865828 0.00077932719208349 0.000841044016225201 0.000619620367926466 0.00168373416460774 0.00471186566528492 0.00615319537284904 0.00152566217511776 -9999 -9999 -9999 -9999 -9999 -9999 -9999 -9999
3.60104405432438e-06 7.01398137664455e-05 0.00337705769197783 3.32130976325118e-05 0.00046982593357825 0.00228027707489673 9.78027624407574e-05 4.93457617120718e-05 7.83162218879418e-05 7.42182252294832e-05 0.000119083566984557 5.09106745655075e-05 0.00017887713327559 4.96478570643166e-05 0.000156536945796759 0.000256269480096982 0.000114813834859007 0.000382780729322096 8.77102721008605e-05 0.000263954498976293 0.000343719716499891 0.000183502497286736 0.000321372664321096 0.000852080527455001 0.000311888712549191 0.000369736077891147 0.000914463824441403 0.000837103141563955 0.000762472761029664 0.000298822815516075 0.00141728021136771 0.00138125313453816 0.000863361247357641 0.00161851483687689 0.00148468816275429 0.000184295417375324 -9999 -9999 -9999 -9999 -9999 -9999 -9999 -9999 -9999
2.71646550773497e-06 3.81995777498645e-06 0.00113893735542661 0.000291780378665862 1.42255589935303e-05 0.000115615734456753 0.000204764736189134 0.000155868067689013 0.000132397896318004 0.000876038699053405 0.00044974099107209 0.000134348534475759 4.76972070693193e-05 0.000481222295206862 0.000400524160543192 9.1470974298824e-05 0.000345350547532464 0.00172644451646713 0.000616717972439573 0.000625538773235013 0.000399864513472736 0.000829874768360428 0.000598189728698007 0.00058929948626627 0.000437878834904559 0.000402895870668996 0.00060596245281852 0.000530503481825661 0.00106845386503522 0.00201099951957531 0.00240476700785592 0.00695607542522794 0.0012201852041875 0.000431692362586933 0.000747047206095886 -9999 -9999 -9999 -9999 -9999 -9999 -9999 -9999 -9999 -9999
4.08273431844464e-05 3.021149554705e-06 2.20497441727474e-06 0.000705424412262801 0.00091758092559644 5.94801420547242e-05 0.000208784575858856 0.000459977066056916 0.000698638430076315 0.000516048378691469 0.00119016905727563 0.00293116983484651 0.000332331822739484 0.000306501836596373 0.000170146598167875 4.66057947238419e-05 0.000336835851126205 0.000418152510135039 0.000291729446616662 0.000869788600283683 0.000765537097995106 0.000653910445131667 0.00273298296630227 0.00189779412375657 0.000686386486120583 0.00185940489593168 0.0011488834836892 0.00128530589846534 0.00163835934001106 0.00332002829552493 0.00102902680558543 0.114158392022364 0.000779278729351063 -9999 -9999 -9999 -9999 -9999 -9999 -9999 -9999 -9999 -9999 -9999 -9999
4.13432150523363e-05 2.34243562179159e-05 0.000165915018328633 0.000107188837570371 0.000359868346382086 0.000304753886767628 0.00453797000536724 0.00755766807575355 0.000670245494460797 0.000269119856223021 0.000251637237490243 0.00081229081606331 0.00227346953902554 0.000667073593723444 0.00341766593268424 0.0031968660495167 0.000408272695842271 0.00210201738700917 0.00034104419244203 0.000370862349404266 0.00123947197415721 0.00092479464541082 0.00337554940555673 0.00387112866759338 0.00292393734382301 0.00318043772124601 0.00123267553261712 0.00153254223852173 0.00193189788608379 -9999 -9999 -9999 -9999 -9999 -9999 -9999 -9999 -9999 -9999 -9999 -9999 -9999 -9999 -9999 -9999
3.97158401085562e-05 9.68980430116062e-05 0.000795181790928012 0.000250977294637567 0.000553127544928245 0.000639688375999725 8.04086988921426e-05 0.00047757752877402 0.0018559008630894 0.000324935891619305 0.000310568906811781 0.000359340954679155 0.000547849966045444 0.00198383207250874 0.00333297031569322 0.00298828481273654 0.00172277216044314 0.00116560198647555 0.00104893778085895 0.00121757022894116 0.00158787071567303 0.00156798047261724 0.00178248014095246 0.00366566748224102 0.0019450305530329 0.000556663163752091 -9999 -9999 -9999 -9999 -9999 -9999 -9999 -9999 -9999 -9999 -9999 -9999 -9999 -9999 -9999 -9999 -9999 -9999 0.00232005917932838
0.000739468141722455 0.000350243923790572 0.000276364692772901 0.000248566171455877 0.000612440434312589 0.000775611292019818 0.000524922650724235 0.000455558380288501 0.000603602086238375 0.000470164577319565 0.00104533233704842 0.000487127333821036 0.000975048971031356 0.000298045575698325 0.00111031100974266 0.00067509297718793 0.00166931925476552 0.00260724048786472 0.0159658865462006 0.00379016417009552 0.00269263024447355 0.00359963137084378 0.0077310767281233 0.0038078700141341 -9999 -9999 -9999 -9999 -9999 -9999 -9999 -9999 -9999 -9999 -9999 -9999 -9999 0.000870359904365614 -9999 -9999 0.000375238600099692 0.002166220912477 0.000256055061618099 0.000562725278723519 0.000515999016351998
0.000361031396528233 0.000465697664405695 0.00029739331951717 0.000410168585766879 0.000454309623076554 0.0185398427388463 0.00204835070801437 0.000445452196531093 9.50908224787383e-05 0.000421658732085461 0.00166231133654122 0.00110165281612353 0.00735455823287339 0.000594281540159614 0.000751083490308702 0.000726478179910828 0.0862035712227225 0.00471291402267866 0.00308963606263433 0.00670497864266508 0.0216783110066899 -9999 -9999 -9999 -9999 -9999 -9999 -9999 -9999 -9999 -9999 -9999 -9999 -9999 -9999 -9999 -9999 -9999 -9999 0.00630797276971862 0.00130488218565006 0.00102443108917214 0.000127854735183064 4.5048669744574e-05 6.06152656246195e-06
0.00152073242727511 0.00451571890116611 0.000357485074394059 0.00297855784882444 0.000354715043888998 0.00085580582562983 0.0016970520904124 0.000547923828139574 0.00153960796313868 0.000776015892654414 0.00104951214470361 0.00202779331134479 0.00397587676047664 0.00303735346508986 0.00207090798777472 0.00343082317362473 0.00466278440999304 0.00184885561939154 0.0254040353400342 0.020971924054902 0.00358095788615174 -9999 -9999 -9999 -9999 -9999 -9999 -9999 -9999 -9999 -9999 -9999 -9999 -9999 -9999 -9999 -9999 -9999 0.000908701671869494 0.00420781773282215 0.00107312427717261 0.00267357100965455 5.6800662423484e-05 1.70493648056436e-05 8.60660718899453e-05
0.000614898380251816 0.00118191046209546 0.00615100485720177 0.0014008623827479 0.000791069084029061 0.00105002224375497 0.00140721099932719 0.000944987213253512 0.02946171349613 0.00195643250008288 0.00124182217441557 0.002846527696056 0.00324876897820161 0.0287585592945106 0.00484792507577367 0.00704758034589759 0.00897583261375985 0.0361493987729773 0.0181221631850349 -9999 -9999 -9999 -9999 -9999 -9999 -9999 -9999 -9999 -9999 -9999 -9999 -9999 -9999 -9999 -9999 -9999 -9999 0.000639897090150043 0.000442581341485493 0.00213107399758883 0.00185083283577114 0.0110259844455868 0.0010261789066135 0.00141226424166234 0.000539951743849087
0.00117851296253235 0.0023642358351708 0.000550497558195673 0.000380690991437405 0.000180808752782013 0.00110842631456762 0.000819030559324574 0.00137701170806395 0.0402038342494052 0.00435024599064491 0.0141039519399783 0.00270672304332038 0.00637360352557152 0.0108443950710353 0.00664532991218039 0.00466907080062811 0.0035608875201433 0.00537854930989852 -9999 -9999 -9999 -9999 -9999 -9999 -9999 -9999 -9999 -9999 -9999 -9999 -9999 -9999 -9999 -9999 -9999 -9999 -9999 0.00120429339003749 0.00284100455464795 0.00117919074036763 0.000567695469362661 0.000826271262485534 0.00689351020846516 0.00131449905456975 0.000211867646430619
0.000625220608588961 0.00953405477484921 0.00684131990783499 0.000574697366435117 0.00118211577930651 0.000706509786323295 0.000954673271917272 0.00396343352040276 0.000578001910616877 0.0066531585296616 0.0187170140357921 0.00341910425595415 0.0025327232989639 0.00605660286200873 0.0081893460766878 -9999 -9999 -9999 -9999 -9999 -9999 -9999 -9999 -9999 -9999 -9999 -9999 -9999 -9999 -9999 -9999 -9999 -9999 -9999 -9999 -9999 -9999 0.00325764539302327 0.000642899383092299 0.00298221713164821 0.004461310946499 9.02935289559537e-05 0.000754811899969354 0.00117450123652816 0.000206813223599056
0.00261181226280769 0.000243704007999668 0.000746191916880434 0.000286713464952015 0.000532325561743363 0.00328149982451578 0.00564960414667439 0.00378558598858945 0.00412396022584289 0.00447528365875769 0.00447658719676838 0.00393526432380895 0.0214454768800351 0.00923086394759593 0.00931505637709051 -9999 -9999 -9999 -9999 -9999 -9999 -9999 -9999 -9999 -9999 -9999 -9999 -9999 -9999 -9999 -9999 -9999 -9999 -9999 -9999 -9999 -9999 -9999 0.0195573069155216 0.00229448307018174 0.00107165843196526 0.000151625813381884 0.00031441825233145 5.44635557957918e-05 0.000323235412679423
0.000376456272383396 0.000513970004053987 0.000733481369282885 0.00166311795233156 0.00481644341602987 0.00726975260704421 0.000440731307723752 0.00137950015052724 0.00355026592378636 0.00325137876425288 0.0170941282354761 0.0127556716324762 0.0265107225510292 0.0145353404863272 0.00146026380866715 -9999 -9999 -9999 -9999 -9999 -9999 -9999 -9999 -9999 -9999 -9999 -9999 -9999 -9999 -9999 -9999 -9999 -9999 -9999 -9999 -9999 -9999 -9999 0.000927354056329932 0.000357069407024824 0.000267199001336849 0.000283841415409825 0.000441885267082398 0.00136751602694858 0.000158338857283979
0.000526626108070327 0.00050338538880812 0.00239569980288131 0.00165267865173939 0.000418674117898377 0.00323283295583678 0.000811970095469405 0.000656370075961377 0.00112887425291319 0.251179784035776 0.530588400736451 0.00766061830690887 0.0543604417034658 0.00190255255097327 -9999 -9999 -9999 -9999 -9999 -9999 -9999 -9999 -9999 -9999 -9999 -9999 -9999 -9999 -9999 -9999 -9999 -9999 -9999 -9999 -9999 -9999 -9999 -9999 -9999 0.000921374149947951 0.00144358676552656 0.000454911145061487 0.000345192774693714 0.00369391365384217 0.000345521578424268
0.00149318805481149 0.00221141435917787 0.00105317350934424 0.00104003639692438 0.00077986429333663 0.000653047303462984 0.00372074937886282 0.000133719358728968 0.00718312470826561 0.0401620543885656 0.209495166112902 0.0203247115605336 0.0091286655397198 0.00284642616243218 -9999 -9999 -9999 -9999 -9999 -9999 -9999 -9999 -9999 -9999 -9999 -9999 -9999 -9999 -9999 -9999 -9999 -9999 -9999 -9999 -9999 -9999 -9999 -9999 -9999 0.00469546187669039 0.0161373340059072 0.0240182348294184 0.00187791058951916 0.00277357497552657 0.000608287899513016
0.00593327936318246 0.00179175637783998 0.00124251919703124 0.00680877946299212 0.00475629209956749 0.000809350223266137 0.00163169488894255 0.00845126873055051 0.0316300664366281 0.0115033867351258 0.0060708329575391 0.00219716965897874 0.0133121211190883 -9999 -9999 -9999 -9999 -9999 -9999 -9999 -9999 -9999 -9999 -9999 -9999 -9999 -9999 -9999 -9999 -9999 -9999 -9999 -9999 -9999 -9999 -9999 -9999 -9999 -9999 -9999 0.00389812658249866 0.00214483029667463 0.000697511492262493 0.00185208265938854 0.00444153377902694
0.0058588836917228 0.00935966135162589 0.00373701858209895 0.00214945112881237 0.00119824716638703 0.00148208956989606 0.0018890256486884 0.00890913730108878 0.00609573640322196 0.0104553133215632 0.0127782657578166 0.000739924179186247 0.000450412903413167 -9999 -9999 -9999 -9999 -9999 -9999 -9999 -9999 -9999 -9999 -9999 -9999 -9999 -9999 -9999 -9999 -9999 -9999 -9999 -9999 -9999 -9999 -9999 -9999 -9999 -9999 0.00740576319512911 0.00460077663010452 0.00326099304656964 0.00202809618494939 0.00136974844990618 0.0382587176165543
