Maxent_result_files_2/B_alagesianus_2.asc
NCOLS 594 
NROWS 330 
XLLCORNER -15 
YLLCORNER 23 
CELLSIZE 0.166666666666667 
NODATA_value -9999 
[rows 60 to 79 of 330, columns 495 to 539 of 594]
3.42648132090062e-12 3.1275537715203e-12 2.90549806436502e-12 2.83418843949335e-12 2.84482437606926e-12 2.67346145221836e-12 2.30175878357386e-12 2.26280105763976e-12 2.17016404846504e-12 2.16943130126879e-12 2.04285477423127e-12 1.941491412083e-12 1.92360571915628e-12 1.84662285462878e-12 1.93117744018423e-12 1.86510806798879e-12 2.16008322340144e-12 1.96807015129252e-12 2.40892861214093e-12 1.48692169688047e-12 4.88573626000743e-11 6.25864234882201e-07 1.65110384330092e-05 4.10807209846098e-05 6.45522916784103e-05 2.25449563497904e-06 1.43974832056415e-12 1.09428022199154e-12 1.03920205773989e-12 1.67913460913383e-12 1.31256117086309e-12 9.29201160460025e-13 1.02390318446055e-12 2.20092641112224e-08 -9999 -9999 -9999 -9999 -9999 -9999 -9999 -9999 -9999 -9999 6.39107243793902e-09
4.07109901345848e-12 3.38017391854351e-12 3.26066951217285e-12 3.18980397651103e-12 3.06595859811409e-12 2.88392643099655e-12 2.58278953779723e-12 2.32589503212921e-12 2.24974483487017e-12 2.11081152556858e-12 2.07179828848325e-12 2.06137329428202e-12 2.03257410902324e-12 1.84792181556759e-12 1.75671699409463e-12 1.62848623475043e-12 1.94249061280516e-12 1.58928425975091e-12 1.33101307753236e-12 1.30739863379858e-12 1.29909416557439e-12 1.51904044898288e-12 1.89934734606823e-12 3.19029247464186e-12 2.95952151674328e-12 1.62314606200198e-12 1.07636122237409e-12 1.00995878327126e-12 9.59066159822441e-13 9.26270171675014e-13 9.37327993000281e-13 9.62407931126563e-13 4.19695591613589e-09 0.0177640496753156 -9999 -9999 -9999 -9999 -9999 -9999 -9999 -9999 -9999 -9999 3.79141162909491e-13
2.12444728475703e-11 1.09494606714833e-09 5.07671349403438e-11 2.84730017341417e-12 3.21139781433999e-12 3.02124991691244e-12 2.85153012313799e-12 2.53629339752592e-12 2.36748398663167e-12 2.22248885961562e-12 2.56046295277201e-12 2.17608153718629e-12 1.77198256068323e-12 1.67164060371761e-12 1.53952406378721e-12 1.44788625533465e-12 3.04971603526383e-12 1.51711976315028e-12 2.74958944501691e-12 1.35735866990672e-12 1.38848932351721e-12 1.93935978387572e-12 4.26135793318849e-12 1.868905030733e-12 1.37801992039499e-12 1.44315670524975e-12 5.44377876110502e-12 1.05061515043303e-12 1.00289776483464e-12 1.69484426493227e-12 3.41710599460754e-06 -9999 -9999 -9999 -9999 -9999 -9999 -9999 -9999 -9999 -9999 -9999 2.65875854665865e-09 5.60207435995608e-13 3.01503266797454e-13
3.86055631906856e-12 2.58161270139112e-12 3.97958332953863e-12 1.09872555498214e-11 3.08169045837303e-12 1.75949255165619e-12 3.43242101408237e-12 2.68730593333544e-12 2.35883534926984e-12 2.16134887764952e-12 1.96400673502239e-12 1.7702950216858e-12 1.68848268700117e-12 1.72445391299902e-12 1.44159129078503e-12 1.34287025943536e-12 1.30760957617326e-12 1.44870782037287e-12 4.35752545158152e-12 2.23243645791626e-12 1.32116539930394e-12 4.38724612195074e-12 1.2026490914252e-12 1.69118052895101e-12 1.34401378915072e-12 1.00699448779551e-12 2.95752311529895e-12 1.22336585306471e-12 1.33240085631314e-12 9.71609953097641e-06 -9999 -9999 -9999 -9999 -9999 -9999 -9999 -9999 -9999 -9999 1.44180112293668e-11 4.74231764968636e-13 4.09006162271908e-13 3.79218878521215e-13 4.31565894132291e-13
4.68427518995895e-12 3.54718476813787e-12 2.49414933151115e-12 5.44442269045931e-12 4.3381964687228e-12 1.15819576151921e-12 6.29662988416158e-12 2.6073143644112e-12 2.3391177883525e-12 2.07437400590038e-12 1.85653714623868e-12 1.77855508098901e-12 1.68901559405299e-12 1.50101042706297e-12 1.4212298005134e-12 1.40844003126972e-12 1.34984246003e-12 1.30178090529398e-12 1.24831256442803e-12 1.47952761153647e-12 1.1323164628152e-12 1.19785292795882e-12 1.06871178573442e-12 1.04815045531836e-12 1.98852045940612e-12 1.02442498928212e-12 9.65061364155417e-13 7.65686874570903e-08 -9999 -9999 -9999 -9999 -9999 -9999 -9999 -9999 -9999 -9999 -9999 6.36490860017602e-14 5.45574696531048e-13 4.96536145533355e-13 4.24982271596264e-13 4.22695212165536e-13 3.46922490734869e-13
3.35611538559988e-12 3.9543479601889e-12 4.28931334894855e-12 4.49644765865287e-12 2.51063614342684e-12 2.39629427412069e-12 3.00903746364156e-12 1.62277968840385e-12 2.96638269503546e-12 2.15170103956552e-12 1.57343027495926e-12 2.79900547184297e-12 1.45644607485451e-12 1.72242220486396e-12 7.73692221400779e-13 1.4286460903179e-12 1.28740351712509e-12 1.22387655565603e-12 1.17105214414437e-12 1.10996767332949e-12 1.05100372849165e-12 1.02970965087934e-12 1.01830766041644e-12 4.85100848379716e-13 1.00697228333502e-12 5.80535619576494e-13 2.33362893453659e-09 -9999 -9999 -9999 -9999 -9999 -9999 -9999 -9999 -9999 -9999 -9999 -9999 5.99098548548227e-13 5.44475575736669e-13 5.94524429686771e-13 6.05715477774993e-13 4.07174294281276e-13 3.78763687081118e-13
5.89721604882243e-12 5.63495916594547e-12 2.6668445229916e-12 4.31803481859561e-12 1.22089749421406e-10 2.59083088316459e-11 4.08847400379386e-12 8.86605233674231e-12 1.07144404459802e-11 2.73586597820952e-11 1.12293174758804e-11 1.19209975224521e-11 1.95686800097405e-12 1.59443569458517e-12 1.16413878537003e-11 6.71207533997631e-13 1.58492108326413e-12 7.472689134147e-13 1.12720943690192e-12 1.01494368465183e-12 7.27806703793021e-13 7.22810700182208e-13 1.18485332656348e-11 1.45987397170977e-08 -9999 0.00130421760050012 -9999 -9999 -9999 -9999 -9999 -9999 -9999 -9999 -9999 -9999 -9999 9.85635117967121e-10 1.00691677218379e-12 5.89994719746301e-13 5.4776183588956e-13 4.97435426183301e-13 6.43674002986927e-13 4.35251834574046e-13 4.38360459042997e-13
1.16795462190566e-14 1.65361058179769e-12 7.23381354816866e-12 1.68848146575584e-10 1.87623872434095e-06 1.92801259419895e-06 1.43081583324545e-05 1.01108628136615e-09 9.68745084151124e-12 2.00597316535323e-12 -9999 4.09308839157685e-06 3.15116593818665e-08 1.11784846490437e-08 -9999 2.31940566752797e-10 1.74254710660904e-10 1.10000897279861e-13 1.90064675220647e-08 1.14079745650031e-10 1.71108793800556e-11 1.33890676323745e-12 8.07676148184555e-13 1.76945125218708e-12 -9999 -9999 -9999 -9999 -9999 -9999 -9999 -9999 -9999 -9999 1.0951107431989e-08 1.48860590520883e-11 7.73259234421175e-13 6.17150774928632e-13 5.66435787163755e-13 5.35416155855728e-13 5.06716890669168e-13 5.06994446425324e-13 4.82580642113817e-13 4.72555328201452e-13 6.63880062035105e-13
2.61112553023857e-08 7.78233033571496e-13 2.46285547511604e-11 6.08282202385624e-11 7.04606262225127e-11 2.94041346826646e-11 1.01673114372147e-12 2.59441357286505e-12 2.45958808875457e-12 1.87953430597076e-11 -9999 -9999 -9999 1.18199134924168e-09 1.51688239746761e-10 2.60127518914022e-07 -9999 1.84651000421643e-05 1.30217417959599e-09 9.06352770613239e-13 3.54949403202909e-13 4.85619854662112e-08 -9999 -9999 -9999 -9999 -9999 -9999 -9999 -9999 1.28940271681977e-08 1.84428564642403e-09 7.22533144426052e-13 1.36679556561603e-13 6.6809890952868e-13 3.84214882132028e-13 6.44195807808501e-13 6.20525852923492e-13 5.89528426075958e-13 5.42210720766434e-13 5.35227417941542e-13 5.00299801586834e-13 4.69757566179396e-13 6.94599933126483e-13 4.43067804667407e-13
5.31631405564781e-12 7.69539987288681e-12 1.69058544940981e-11 5.60662627435704e-15 4.6297965461406e-12 1.2394651971448e-11 2.98728819458915e-12 2.57391885583047e-12 2.21179741188848e-12 2.07112105243823e-12 1.39832589951538e-13 2.76225486928183e-11 2.46366260725495e-12 7.16759984698001e-14 2.98676889110006e-08 -9999 -9999 -9999 -9999 -9999 -9999 -9999 -9999 -9999 -9999 -9999 -9999 -9999 -9999 2.31961104546485e-08 8.51707593341189e-13 6.59061694108232e-13 6.48869846742173e-13 6.66566801754698e-13 6.97220059464598e-13 3.75788289375123e-13 6.4082072981364e-13 2.75646172553934e-13 4.97524244025271e-13 5.68722846594483e-13 5.09658981684424e-13 5.27089483171039e-13 6.283529252471e-13 4.24404955623459e-13 4.28734825419497e-13
3.78726827676701e-11 1.89577908926708e-11 1.23776544569409e-12 3.3593128279108e-12 5.01509944683676e-13 5.40167910401124e-13 2.71893618730701e-14 2.52130538669348e-12 1.99492644625821e-12 2.02100558510665e-12 2.09505746084915e-12 1.99456007266008e-12 1.86288762193954e-12 1.73977499073885e-12 2.13353779088266e-12 1.40633060752293e-12 4.39093206239249e-13 1.40998324127395e-15 1.70794489662285e-12 1.68570712943961e-12 1.36838318454124e-12 1.9913737325794e-11 1.28751453942755e-12 4.89519536017724e-13 1.68864922045486e-14 6.27853458112782e-10 -9999 -9999 2.22990514942012e-12 1.00321972951178e-12 4.1545655804498e-13 7.28306304154103e-14 7.15150161312295e-13 7.36899430364701e-13 7.62834240219945e-13 7.13207271019201e-13 7.09377001584244e-13 5.22692999993524e-13 7.0592420797766e-13 3.19011483895792e-13 5.60107515923391e-13 5.81290571233239e-13 5.91049431619695e-13 4.87332396659212e-13 4.84001727585337e-13
2.40657493932872e-12 5.27874410849449e-12 1.78262959948938e-12 1.71347380728548e-12 3.45329320694532e-12 5.43443068323768e-13 5.97877303221139e-13 1.59194879501001e-12 3.68677310902399e-12 1.60795821102511e-12 1.06737951810487e-12 9.66393631784968e-13 9.90207915663177e-13 1.8033019522079e-12 1.20732313035887e-12 8.26116952623579e-13 5.33018074122538e-13 7.35977945254263e-13 1.08024700296028e-12 6.63968879877075e-13 6.38100683403309e-13 1.27942101357803e-12 1.27899912882867e-12 1.25830457164966e-12 1.26954002865887e-12 3.77475828372553e-16 8.96061003174964e-14 1.7645107597275e-12 4.38538094726937e-15 5.16253706450698e-15 9.98090499138016e-14 5.06794606280891e-13 2.2868373861229e-13 9.18976006403227e-13 7.61590790432365e-13 7.97406585206772e-13 6.79223344235424e-13 6.87483403538636e-13 7.3755446194923e-13 7.54374340772301e-13 6.98285873568238e-13 6.9351191456235e-13 6.82010004027234e-13 6.47804032638533e-13 5.99953420277188e-13
2.46063169839772e-12 3.61564111983625e-12 6.39865938012463e-13 4.84898787789234e-12 6.52768950004656e-12 7.66956498310378e-12 2.97761815204467e-14 1.29118937763906e-14 3.99436039799639e-13 1.74306125089174e-12 9.17699249924908e-13 1.49640300151077e-12 1.69456670917612e-12 1.17037490809935e-12 1.77113879118451e-12 7.94164733974867e-13 7.82418574374333e-13 2.10220729712773e-13 2.37132535829687e-13 1.48681067457801e-13 6.71906974503145e-13 2.30493402142429e-13 1.01274544306307e-13 1.58439927844256e-13 4.79849493473239e-13 4.01056965415592e-13 1.00031094518727e-14 1.41775480244632e-14 2.683409050519e-14 1.7847945343874e-13 4.84390305643956e-14 1.81188397618826e-14 3.84636766881385e-13 8.20810086565871e-13 8.50952641684444e-13 8.89721629704354e-13 5.86142245850851e-13 7.40785210950889e-13 8.416045638171e-13 7.14139858359886e-13 7.41839922824283e-13 6.89259760378036e-13 6.31217300650633e-13 6.23601170701704e-13 6.18560758169906e-13
4.42978986825437e-13 1.45873313428524e-12 2.05141459375113e-12 1.64394053925321e-12 2.9295454950784e-12 2.63050692339561e-12 1.3018586209057e-12 2.29714025579142e-12 3.15758530433641e-13 2.9224400677208e-13 1.7967960452836e-12 5.74373881789825e-13 1.11922249246277e-11 9.98634508420082e-13 9.79771819231701e-13 1.59459112580862e-12 1.60423896389261e-12 1.59372515184941e-12 1.89043225518049e-12 1.96946903230355e-12 1.44220191344857e-12 1.29835031614789e-12 5.41211520044271e-13 5.59463586569109e-13 2.43727260595961e-13 1.79856129989275e-14 3.07975867031018e-14 3.47943895917524e-14 1.24378285448756e-13 4.05286915139413e-13 7.92088616918818e-13 1.057376408653e-13 9.87310233568905e-13 4.35051994429614e-13 7.98072719021547e-13 6.54942766686872e-13 8.19377898864104e-13 7.96829269233967e-13 7.98039412330809e-13 1.10953468634989e-12 8.75521877219398e-13 1.32525102003456e-12 8.28270785291352e-13 7.1196382123162e-13 7.07200964455978e-13
5.98454619193944e-13 7.08426650675165e-12 1.6792012225153e-12 3.49432704993546e-12 1.78288495078505e-12 1.66681113356049e-12 1.37464484240013e-12 7.94253551816837e-13 4.32420765861252e-13 3.27393667731712e-13 2.17725837359239e-13 1.01958441689476e-12 1.77867720552172e-12 1.70684577582847e-12 8.61588578260353e-13 9.38549238327369e-13 1.66108238275342e-12 1.63895563787264e-12 1.4399037517876e-12 2.17679207992205e-12 1.53362877952645e-12 1.49104062430183e-12 1.43506317940023e-12 1.23366872273323e-12 7.64055485547033e-13 6.40620889669208e-13 9.16999809419394e-13 9.55346912689947e-13 1.3717804669966e-12 1.95443661255013e-13 1.16573417585641e-14 4.34207114707874e-12 7.52948481341775e-11 4.75424144497083e-12 1.61599622572339e-12 2.00586436349681e-11 9.30622245931545e-13 4.96203078625967e-13 1.33881794539548e-12 7.7090556160897e-13 7.80153719404098e-13 8.35809199628557e-13 7.88769050075189e-13 8.1743500857101e-13 8.17568235333965e-13
1.48053791448888e-12 1.2253087433578e-11 1.7431722731942e-12 1.8684720437534e-12 1.30064847780886e-12 2.62393440308983e-12 2.64777089142854e-12 2.01706429336923e-12 2.21624940621723e-12 1.04432018588341e-12 3.14626102948523e-13 6.79101219702716e-13 2.93254309724489e-13 9.69624380786627e-13 1.77590164796015e-12 1.78831394137546e-12 1.70937708432461e-12 2.35422792371764e-12 3.53660434271319e-12 3.53516105278118e-12 1.66096025822071e-12 2.11185513521173e-12 1.83503212625169e-12 1.68446367965203e-12 1.66183733441017e-12 1.3556267219883e-12 8.35154168044028e-13 8.2466256046132e-13 1.48041578995617e-12 8.49487147291939e-13 2.8244073746464e-13 5.7797100438961e-13 1.95645721845494e-12 5.99520433297585e-16 5.55111512312578e-17 3.95339316838772e-13 6.26387830493513e-14 7.15938419659778e-13 8.78197514708745e-13 8.91609008846217e-13 6.17772499822422e-13 8.7673202031624e-13 8.72957262032514e-13 1.16907594716054e-12 4.98689978201128e-13
1.32760469284676e-12 2.40422126651652e-12 8.53239701115172e-13 1.77802217393719e-12 6.93732848944251e-12 6.476041924941e-13 1.26475496742273e-12 1.16651133197365e-12 6.16517947804596e-13 8.02835575797189e-13 5.16042764076019e-13 1.32026611865399e-12 2.73758793412071e-13 3.77919917582403e-14 9.61331014792677e-13 1.96939131669183e-12 3.43087780407814e-12 2.39542830016148e-12 6.65623112183766e-13 2.31775709735871e-12 1.89478432943702e-12 1.87624360492578e-12 7.49733608529368e-13 4.17654799633738e-13 1.09875442078078e-12 1.99410488121998e-12 1.0176970377529e-12 7.60114193809613e-13 7.02493618831568e-13 4.38316050122012e-14 1.38056233112138e-13 2.09265937911596e-13 3.3880453997881e-12 2.17038165217787e-11 2.30419017199779e-12 3.07028846791013e-12 1.43127731888626e-12 9.3736129969102e-14 8.72024674691829e-13 1.47071244072094e-13 1.11634035349084e-12 4.25248725122174e-13 7.26019244723375e-13 9.94437865386999e-13 4.73265870937212e-13
1.1370460129001e-12 7.79570852316169e-12 1.8616552743822e-12 8.1512574467979e-14 9.2817975527737e-13 7.61057883380545e-13 2.3519852732079e-12 6.79856171359461e-13 1.87200255297171e-12 2.76157985368286e-12 2.28461694007365e-13 4.55935289522813e-13 1.49658063719471e-12 1.99606997597357e-13 1.18394183346027e-12 1.70178315883618e-12 1.12611031610754e-12 2.21715978909742e-12 1.56599178069428e-12 2.03013161836907e-12 1.8880341734473e-12 1.74357195348307e-12 1.46691547797673e-12 5.35249622402034e-13 1.02003960833486e-12 1.25000010342546e-12 2.77414757832162e-12 2.15422124583142e-12 1.12450049272184e-12 1.16698872787424e-12 1.17639231689282e-13 2.45968800882679e-12 1.08156816835958e-12 3.7723268953016e-12 7.72204522547781e-13 7.55950857467269e-13 9.08684238964952e-13 4.01640942726544e-12 9.29023524776085e-13 2.45038433988043e-12 6.82498502158069e-13 8.37918623375344e-13 9.20408194104993e-13 1.17313936343066e-12 6.61515286992653e-13
1.59769975027757e-11 2.59481325315392e-12 1.51111345658705e-12 7.36037897297592e-12 5.97742411123647e-11 9.25715060162702e-13 1.02963193526762e-12 2.52635246056343e-11 7.71823716050335e-12 1.95456983931308e-12 1.46910261733524e-12 1.61202162729523e-12 6.82776057914225e-13 2.59980925676473e-13 2.29577468147113e-12 3.1343705408915e-12 3.49623663353782e-12 4.07874845009815e-12 1.244704339598e-12 2.10014228230193e-12 1.13967724146846e-12 6.45394848675096e-13 9.53281897864144e-13 6.65231203456074e-12 1.22027943305625e-12 1.00888186693737e-12 2.19467777284876e-12 2.09581241250589e-12 1.11449738326996e-12 2.88599144582236e-12 1.04501962638892e-12 2.75828249129972e-12 9.43988220925007e-12 5.1743276330285e-12 2.02340366683984e-12 1.00340846742597e-12 6.7380212520618e-12 2.02865502174632e-12 5.9056093348886e-13 2.31248353799174e-13 7.88502596549279e-13 8.86479778472449e-13 1.99150695934236e-12 6.69264643704537e-12 9.334200079536e-13
5.66716751304597e-10 1.45438994181291e-10 1.62397872927045e-11 5.92693227829955e-11 2.45169873291928e-10 9.03732644275124e-13 2.68483013599052e-12 5.34775557170519e-12 1.13210329999447e-11 5.12238029770629e-12 1.66428204551039e-11 5.58011414852899e-12 9.14690545528174e-13 6.62614407787032e-13 7.57225393499539e-12 2.86987877906597e-11 9.70370450659175e-12 1.6642465183736e-12 2.01647587516618e-12 2.3577695351662e-12 2.03562500189491e-11 5.02199393181968e-12 2.60641508376125e-12 2.0497270547537e-12 1.54786294892517e-11 5.59402524302755e-12 4.10816936025071e-12 2.45127251830013e-12 5.91660054283238e-12 1.62598490227595e-11 2.36373254303146e-11 1.14714127086302e-11 6.3780092318666e-12 4.44787540132552e-12 2.87362356132803e-12 9.77085079512108e-12 5.91746651679159e-12 9.75397540514678e-13 3.18720605463341e-12 8.87900863943969e-13 8.12439004960197e-13 8.72524275052911e-13 5.54534196339773e-13 4.29867252904614e-13 7.638556454026e-13
