Maxent_result_files_2/B_alagesianus_3.asc
NCOLS 594 
NROWS 330 
XLLCORNER -15 
YLLCORNER 23 
CELLSIZE 0.166666666666667 
NODATA_value -9999 
[rows 60 to 79 of 330, columns 315 to 359 of 594]
9.38561218899458e-07 2.38487677273191e-08 4.22601063032602e-08 4.66306957935814e-08 4.43776243197469e-08 1.40465328402062e-07 4.51623811170698e-07 6.36092259864718e-08 2.48526915269665e-08 2.35532165659968e-08 3.04118105698414e-08 1.09581568941142e-07 4.9333431650922e-08 4.54910197178471e-08 2.89714474510649e-07 4.02443339524439e-06 -9999 -9999 -9999 -9999 -9999 -9999 -9999 -9999 -9999 -9999 -9999 -9999 -9999 -9999 -9999 -9999 -9999 -9999 -9999 -9999 -9999 -9999 -9999 -9999 0.000263937746422016 1.11988888384928e-08 9.74564817735057e-09 8.32983105825136e-09 8.04668248699514e-09
1.94457215552113e-08 2.23643486507719e-08 1.74287097531867e-08 1.86013668357354e-08 1.9962201214252e-08 1.93653167390728e-08 1.5636983974332e-08 1.42993148988246e-08 1.36950207063613e-08 1.90846199954464e-08 1.94110745033171e-08 2.1768472446837e-08 2.35107550872193e-08 3.2402854832636e-08 3.52937819303456e-08 3.1717957871269e-08 6.4170464091351e-07 2.50647640553936e-07 0.00200059281778522 -9999 -9999 -9999 -9999 -9999 -9999 -9999 -9999 -9999 -9999 -9999 -9999 -9999 -9999 -9999 -9999 -9999 -9999 -9999 -9999 -9999 1.69578434157103e-05 5.0775588067431e-09 1.19857231473119e-08 2.17263006696555e-08 1.13239889354411e-08
4.9448789440909e-08 1.53135320124509e-07 2.49521645678819e-08 1.5593597924024e-08 3.09311564250514e-08 1.68952804968647e-08 1.38817237260724e-08 1.72892207994657e-08 1.46312434390339e-08 1.66507438392749e-08 1.7267116092512e-08 1.71132593096424e-08 1.78498933522953e-08 1.98080237767684e-08 2.09634130055036e-08 2.56916628527115e-08 2.77956120675604e-08 3.27769143604328e-08 5.05340288614597e-08 2.94902678388276e-08 0.000996387200575555 -9999 -9999 -9999 -9999 -9999 -9999 -9999 -9999 -9999 -9999 -9999 -9999 -9999 -9999 -9999 -9999 -9999 -9999 0.00614160141849425 9.10230307793469e-09 8.31706562509638e-09 4.1569541731068e-08 5.6173149772798e-07 1.39251649257099e-06
1.50957216726866e-09 8.28194024471429e-10 1.14973690568121e-09 8.39636582483649e-10 2.08547396018943e-09 8.45584295916524e-09 8.54147508277947e-09 8.72454584133209e-09 1.08517204888692e-08 1.83398212172392e-08 1.16613000811228e-08 1.17740185601178e-08 1.25980150866845e-08 1.45650872696024e-08 1.48164573166021e-08 1.56142917151492e-08 1.59877440508716e-08 1.87234888260335e-08 1.85418476017496e-08 3.78689643643071e-08 8.1121553336061e-06 -9999 -9999 -9999 -9999 -9999 -9999 -9999 -9999 -9999 -9999 -9999 -9999 -9999 -9999 -9999 -9999 -9999 5.0463040656723e-05 1.28244721175896e-08 8.015542785067e-09 8.04539366239254e-09 1.72619614713376e-08 7.18888335526913e-09 3.95166094222077e-05
9.56476852165267e-09 1.51536298620414e-08 7.94702414985693e-10 8.71662630963499e-10 1.70848418745706e-09 7.5018224632295e-09 8.94301299680933e-10 2.53890728441064e-09 7.32141778314599e-09 7.7212753080147e-09 2.78428601285796e-09 2.72910649634639e-09 8.4572369329905e-09 1.00372332334508e-08 1.03607254997584e-08 1.00896186072674e-08 1.11342367103973e-08 1.14541667928236e-08 1.23965529508219e-08 1.66103283461005e-08 3.34653787903427e-08 0.000239572608916205 -9999 -9999 -9999 -9999 -9999 -9999 -9999 -9999 -9999 -9999 -9999 -9999 -9999 -9999 -9999 -9999 1.68336251491041e-05 1.42140497016996e-07 3.42484398618836e-09 8.84214951257789e-09 8.47644421320126e-09 4.78833107608878e-09 1.65793084239141e-06
3.28596932996916e-09 2.74742121275651e-09 5.42901545941277e-10 2.1306784003805e-09 3.43807925462514e-09 3.45480740682191e-09 1.55352437580802e-09 1.34680170349455e-09 4.06396444496693e-08 1.07941872107276e-09 1.8556444603135e-09 1.29647119706533e-09 2.90936358449123e-08 1.25460580813197e-09 1.49900671875258e-09 1.54114092598689e-09 7.55825444453961e-09 7.64889094284626e-09 8.10885222302105e-09 9.15100970555471e-09 1.14708631704374e-08 1.28428592316432e-08 0.000228499943386851 -9999 -9999 -9999 -9999 -9999 -9999 -9999 -9999 -9999 -9999 -9999 -9999 -9999 -9999 -9999 -9999 -9999 0.000622413954988588 6.50188434789811e-06 1.85861132595555e-08 9.45341327884819e-08 5.16692780365702e-06
5.63300495137753e-10 7.70681518602601e-10 1.93854029495455e-09 2.94284452362348e-09 3.40963489664503e-09 1.44574103799755e-09 1.549983030813e-09 1.78614143475642e-09 1.07276094674091e-09 5.33039068439933e-09 6.26376287504726e-09 5.81610851702052e-09 6.77438400931152e-09 6.68972893747011e-09 7.19187439601754e-09 7.34778110578205e-09 5.92115964037632e-09 6.20163066455959e-09 6.9029470251003e-09 8.54552467677294e-09 1.87615364244387e-08 1.63458176408726e-06 2.87167465970128e-05 -9999 -9999 -9999 -9999 -9999 -9999 -9999 -9999 -9999 -9999 -9999 -9999 -9999 -9999 -9999 -9999 -9999 -9999 -9999 3.13282932449255e-06 7.65854120121645e-09 2.32617370365951e-08
6.63023724811751e-10 8.16271095160914e-10 8.47193193376228e-10 6.15879869325653e-10 7.5455821590964e-10 9.24912824107338e-10 9.84119963298724e-10 1.43258960250137e-09 1.4295974404277e-09 2.99077317467145e-08 1.03838422305103e-09 1.10785427498428e-09 1.8674179536049e-09 2.45762787898229e-09 1.77742868290309e-07 1.29124430814365e-08 8.10201753465023e-09 6.06473078423875e-09 2.27185356083126e-09 2.03341434801274e-09 1.28418327893787e-06 -9999 -9999 -9999 -9999 -9999 -9999 -9999 -9999 -9999 -9999 -9999 -9999 -9999 -9999 -9999 -9999 -9999 -9999 -9999 -9999 -9999 1.01496985209781e-06 7.03973914717437e-09 6.73821947128062e-09
2.04407895054715e-09 1.81587394010307e-09 1.26969531555332e-09 6.18566653343144e-08 1.14911772319815e-09 7.7418998989387e-10 4.52816772966713e-10 6.34244112784899e-10 5.1758695107651e-10 6.49867515356561e-10 1.64277442760152e-09 9.18463938237579e-10 9.06576713699536e-10 5.66471388685486e-09 4.73983063653538e-07 2.36285377930301e-09 1.03772276438541e-08 1.15918364906875e-09 4.29400380619338e-07 8.22536194444723e-07 -9999 -9999 -9999 -9999 -9999 -9999 -9999 -9999 -9999 -9999 -9999 -9999 -9999 -9999 -9999 -9999 -9999 -9999 -9999 -9999 -9999 0.000380101926748466 8.37385621954567e-09 3.07378454911245e-09 5.75930453328155e-09
3.86173922573008e-07 8.60763671450826e-10 2.23508425190033e-07 0.000678355804120656 0.00150599078624509 6.33396237148531e-07 1.56378370252952e-09 2.314341802645e-08 6.01103544717319e-10 5.18304021923655e-10 1.30620230187617e-09 8.23002854755117e-10 1.52442596323965e-09 7.51931195086541e-10 2.8314226518944e-09 3.01958202886254e-09 1.57171563752723e-07 6.01007043732338e-07 -9999 -9999 -9999 -9999 -9999 -9999 -9999 -9999 -9999 0.0163016205187887 0.0010898294247454 0.0021482300828211 0.000692597295710584 -9999 -9999 -9999 -9999 -9999 -9999 -9999 -9999 -9999 0.00621332748560235 3.82253101971486e-07 2.9326779804606e-08 7.25043702853867e-10 2.7742230401806e-09
8.38624661358978e-07 4.32080711032512e-07 5.78679403728799e-08 1.87384096572707e-08 3.94241547230223e-07 1.57614761020497e-08 1.06330461102644e-09 9.64751667442698e-10 1.12352580572406e-09 9.36680577545701e-10 7.09039538193679e-10 6.03983836122701e-07 7.24216590786142e-07 2.57087693604774e-06 0.000184956369776046 -9999 -9999 -9999 -9999 -9999 -9999 -9999 -9999 -9999 -9999 -9999 5.49353444057488e-05 4.41026446029724e-08 3.43113899403669e-08 4.38673654201693e-07 6.36113360208412e-08 2.70975227749659e-06 1.75333296965619e-06 6.7735550812742e-08 1.37850727499611e-08 1.66481720320633e-07 0.00188814906432526 -9999 -9999 -9999 5.43938654118392e-08 7.80320185134187e-09 2.07408699659517e-08 2.23390402576129e-07 1.79304006007186e-06
-9999 -9999 2.92468288819236e-05 4.7926140259591e-05 1.18138106210086e-05 9.60371766520751e-06 9.76246291088501e-05 3.96437586291043e-05 -9999 -9999 -9999 -9999 -9999 -9999 -9999 -9999 -9999 -9999 -9999 -9999 -9999 -9999 -9999 2.29318706859161e-06 7.85328012824493e-06 4.94567100717269e-08 2.2488549122901e-08 3.81833134110998e-08 4.07203247232424e-07 1.5414569780603e-07 1.37356857123905e-06 5.98063210510702e-08 2.96865519544554e-07 3.83878527543402e-07 1.58098721003697e-08 8.68529365902759e-06 9.98848528155349e-07 2.2234205107452e-05 0.0012313191058638 -9999 3.33330655131192e-06 3.57646052862037e-07 2.27536401276041e-08 4.68352270410755e-08 7.61660451487067e-08
-9999 -9999 -9999 -9999 -9999 -9999 -9999 -9999 -9999 -9999 -9999 -9999 -9999 -9999 -9999 -9999 -9999 -9999 -9999 2.16941462838349e-06 1.85499719140836e-08 2.94152250224222e-08 9.43786836460348e-09 6.54871018523906e-09 1.83500836747896e-09 1.69033810282215e-09 7.26186712984855e-09 1.36586304155806e-08 9.2737902579465e-09 3.63382056667305e-08 5.71777840074894e-08 1.60432674212174e-07 1.75897491221377e-06 2.0580169930895e-06 4.19186192814891e-06 1.55021372694186e-07 5.46253968503052e-08 1.59577896887697e-06 2.12386019160515e-07 2.8330597757531e-06 2.10488727958591e-07 3.09740597415065e-07 1.65375932725809e-08 1.55520879696613e-07 3.71618654182448e-08
-9999 -9999 -9999 -9999 -9999 -9999 -9999 -9999 -9999 -9999 -9999 -9999 -9999 -9999 -9999 -9999 -9999 6.6620191120137e-06 1.71538288540329e-07 9.38360589231024e-10 7.32380633916563e-09 4.45255282643942e-09 1.86864975049161e-08 2.08687195191182e-08 1.93548701066248e-08 5.16424142782412e-08 9.78866785406041e-08 3.61435370299645e-08 6.18874263502711e-08 5.70819755907337e-08 4.05985948526144e-08 9.39432301616527e-08 7.91638561925545e-08 5.37715924675553e-08 3.17852694031728e-07 1.50027569674194e-06 2.09451901023172e-07 2.87451172880537e-05 5.78066343859263e-07 9.92105219932427e-07 3.616392840744e-08 3.68743799672444e-07 3.79108705794717e-07 2.753730289351e-08 1.89198771893828e-07
-9999 -9999 -9999 -9999 -9999 -9999 -9999 -9999 -9999 -9999 -9999 -9999 -9999 -9999 7.88949793701477e-05 5.35419703595608e-07 1.85300516086784e-07 1.04418674762297e-07 1.02407349455991e-07 3.45370375298693e-08 2.11377796710543e-08 2.42657938409607e-08 1.34227388770558e-07 6.37033826578204e-08 9.11007759452076e-08 3.98164607284812e-08 5.69969903385648e-08 6.68238665735288e-08 1.80974243557674e-07 1.98402820617005e-07 4.28759005199897e-07 8.70548831910511e-08 1.31487967247601e-07 1.39963492029604e-07 1.2594545034661e-07 5.60387411780994e-06 3.73722339941374e-07 5.23737265609725e-06 2.29016003459037e-05 3.91364555753171e-05 1.87233751827165e-06 6.90700446739356e-05 1.89220206014973e-07 0.000215816295349214 1.68501584818515e-06
-9999 -9999 -9999 -9999 -9999 -9999 -9999 -9999 -9999 -9999 -9999 -9999 -9999 5.59661126729338e-05 4.71002140778332e-07 3.11250487994297e-07 2.3719939848954e-07 7.98109126676216e-08 1.87149778219098e-07 4.07774955457629e-07 9.1249593936471e-08 2.07773120430854e-07 1.11681645753592e-07 2.29918847203248e-06 2.36376890295764e-06 2.37337513845359e-06 2.80980237343798e-07 6.62011471352919e-07 2.6036883851166e-07 1.0326799917415e-07 7.36149507463146e-08 6.38242479644724e-08 1.01077102465652e-07 1.75867950702457e-07 1.20286699291094e-06 1.22140451082942e-05 1.77066253805869e-06 6.39030791482753e-07 1.48721568871135e-07 2.14585296087755e-07 3.27787631846377e-06 4.87409028892216e-05 2.19923885325102e-06 4.38792837087476e-07 1.83594273323706e-05
-9999 -9999 -9999 -9999 -9999 -9999 -9999 -9999 -9999 -9999 -9999 -9999 -9999 -9999 0.000503104169956714 2.58185688895018e-07 1.24221610899866e-06 2.36926809016325e-07 4.02128252430245e-07 3.9928830734004e-07 1.36983910203892e-07 1.98856033674089e-06 5.19495324002861e-06 1.3301848666325e-06 5.62608075853177e-05 7.58975173056342e-06 6.28438446759194e-07 2.1940758770933e-07 1.32027554766712e-07 2.21006208906971e-06 1.27579981130665e-06 1.15383832099969e-07 4.50403324570026e-07 1.93099668523988e-06 6.09795658590429e-06 6.91031058934755e-06 4.6213867204159e-07 2.13538409525427e-05 4.32363195663754e-06 3.35202118542099e-06 2.62581959162844e-06 6.75742569463012e-05 2.04526341192945e-05 7.00175850365525e-07 3.10248381847344e-06
-9999 -9999 -9999 -9999 -9999 -9999 -9999 -9999 -9999 -9999 -9999 -9999 -9999 -9999 -9999 -9999 0.0012557185186779 1.48290441960297e-06 2.09480587094468e-06 1.56450242890793e-06 4.28635963007906e-06 3.11232147953699e-07 3.24611627364746e-06 0.000717873273890746 2.6551823772536e-05 1.17996165376333e-06 5.36749857560359e-07 3.52239950558442e-06 4.40718018579478e-07 1.87024112741074e-07 2.73735848055345e-07 1.31823631566164e-06 1.79515840130762e-06 6.75216529499867e-07 2.0705276483568e-06 6.36600214076743e-06 1.58689345398644e-06 4.74584332330608e-06 0.000112080928829528 2.52151527192268e-05 2.97505002756493e-06 1.91202272894486e-05 4.54893029839809e-06 1.83814968712781e-07 1.23271312708617e-06
2.18121054899933e-05 4.31142465259882e-05 -9999 -9999 -9999 -9999 -9999 -9999 -9999 -9999 -9999 -9999 -9999 -9999 -9999 -9999 -9999 0.000722229808889097 1.61508339450167e-06 2.36230411010396e-06 2.42482151691092e-06 4.23965247520197e-07 5.57211046503525e-07 6.47789912466834e-06 5.70326008961786e-06 3.42755561522079e-07 1.87087111944706e-06 4.59640787642268e-07 4.30970279963194e-07 4.49744684860587e-07 7.14792737426251e-06 1.43678769682687e-05 1.88045070050435e-05 2.15765047290262e-05 3.70059543961077e-05 1.20233586431429e-05 3.35166208760285e-06 1.82966220734215e-06 1.6106175306474e-05 1.94950136119587e-05 6.03024388445839e-07 9.05823890633428e-06 4.719214197757e-07 1.53572944427971e-07 5.43738963632023e-07
0.000334896463982659 3.2129252505364e-05 7.33657451220226e-05 0.00172886627769913 0.005678458577313 0.00285682060639374 1.38668598054892e-05 1.65638039156812e-06 -9999 -9999 -9999 -9999 -9999 -9999 -9999 -9999 -9999 0.000141213886649894 1.08005961534374e-06 4.35555614899386e-06 3.435793619877e-06 6.33273472896434e-06 9.55935459145962e-07 2.13122582715108e-07 4.21913969972376e-07 2.75115700816286e-06 4.86679791919187e-05 3.35331098906266e-06 2.23432364383491e-06 7.21611763268015e-06 6.02679406442874e-06 3.48933861809009e-06 0.000198935608379269 0.000177967712359006 6.72920850053771e-05 4.81260872021494e-05 3.56240568768484e-06 7.83981955869706e-06 3.55132588200746e-05 4.78857720594306e-05 4.64450955675488e-05 0.000192814345246006 3.90928924645095e-05 1.11203559809425e-06 8.33314501615945e-06
