Maxent_result_files_2/B_alagesianus_2.asc
NCOLS 594 
NROWS 330 
XLLCORNER -15 
YLLCORNER 23 
CELLSIZE 0.166666666666667 
NODATA_value -9999 
[rows 180 to 199 of 330, columns 315 to 359 of 594]
0.000840389798304386 0.00330422323513631 0.0036146516657027 0.00840150241274387 0.00779032087884843 0.0101500008488074 0.00570946319494396 0.010175126278773 0.00497118139173836 0.00673016812652349 0.00604273062199354 0.00660253807436675 0.00619355537928641 0.00563235052395612 0.00450900574214756 0.00390800241148099 0.00240503233508207 0.00549486349336803 0.0219993151258677 0.0122395841404796 0.00364705054089427 0.00451881911139935 0.00339793788734823 0.00318581397878006 0.00319837252609432 0.00382007288280874 0.00337689592270181 0.00787296444177627 0.188238681852818 0.0994904279708862 0.59603526443243 0.865948015451431 0.289779276400805 0.32271424382925 0.274997426569462 0.248032945394516 0.248809930682182 0.223619628697634 0.219083662331104 0.0729092966765165 0.0615880578756332 0.0474795443937182 0.0377426018938422 0.0313400521874428 0.0286495183594525
0.00932606388814747 0.00831282397266477 0.00911057107150555 0.00851203750353307 0.00645939595997333 0.00617092826869339 0.00624847200233489 0.00482527336571366 0.00484386412426829 0.0054744386812672 0.00482039942871779 0.00584570583887398 0.00593231313396245 0.00579777180682868 0.0025310764380265 0.00544195815455169 0.00191660605023571 0.00527334765065461 0.00416999238077551 0.00376241428311914 0.0128363115945831 0.0013505849550711 0.00306784794665873 0.00286493564490229 0.00286016716854647 0.00287346373079345 0.00496038757264614 0.0211012632120401 0.436079289019108 0.27274396456778 0.202622823417187 0.27321125715971 0.475725969672203 0.129992325603962 0.243168118596077 0.232874763011932 0.199490502476692 0.189613822102547 0.184195241332054 0.173333897441626 0.144839733839035 0.0425669246353209 0.0360556430183351 0.0298910743556917 0.010231943463441
0.00658252679277211 0.00573167162947357 0.00567204023245722 0.00869562251027673 0.00545242913067341 0.00553965910803527 0.00538091366179287 0.0046837016241625 0.00533455889672041 0.00503209985326976 0.00520641449838877 0.00562812583521008 0.00583190137986094 0.00557695324532688 0.00557547360658646 0.00681641441769898 0.00662821750156581 0.00462919536512345 0.00787201011553407 0.000505409182369476 0.00580179260578007 0.00118369396659546 0.000701859027321916 0.000849755002127495 0.00258642131229863 0.00124871212465223 0.000391498867975315 0.0246398779680021 0.423221705108881 0.451252254843712 0.397884488105774 0.357602027058601 0.310765655338764 0.266090417653322 0.207301900535822 0.200693780183792 0.186322446912527 0.17217839807272 0.162025838717818 0.142643604055047 0.133334028348327 0.0375055535696447 0.0302540029399097 0.024353520385921 0.0222987735643983
0.00553548170719296 0.00554636304732412 0.00466632172465324 0.00530710702296346 0.0047917912947014 0.0053473750827834 0.00526577376294881 0.00525920586660504 0.00478783946018666 0.00507513941265643 0.00544552833307534 0.00604422038886696 0.00602169453632087 0.00202405739983078 0.00621744135860354 0.0042394146323204 0.00144273858168162 0.0110566867981106 0.00438442833255976 0.00359548991546035 0.00381227252073586 0.00343754417262971 0.00155404145480134 0.00319063438801095 0.00302626574411988 0.00282291823532432 0.000647366083285306 0.00639025603886694 0.00426969699328765 0.00648828116245568 0.14071501083672 0.171880159154534 0.27172869592905 0.23037036806345 0.186903981864452 0.172941817343235 0.174483674764633 0.157063752412796 0.137843276560307 0.130279066413641 0.0441124663688242 0.0351925238035619 0.0249504639301449 0.020841903379187 0.0192597212269902
0.00336019863025285 0.00506019636522979 0.00495394384488463 0.00490781969856471 0.0048837086185813 0.00665242420509458 0.0874276239424944 0.101933552138507 0.0223921429715119 -9999 0.0777507276274264 0.00666758756851777 0.000568666271010443 0.0111361770791291 0.00502034514211118 0.00595874185673892 0.00177516267867759 0.00310461123008281 0.00493192060384899 0.0180074202362448 0.0042225107899867 0.00355868852930143 0.00551320724189281 0.00320065306732431 0.00298520321957767 0.00326310034142807 0.00244809256400913 0.002208877785597 0.00231476844055578 0.00188583042472601 0.00927337293978781 0.275374916195869 0.232637898623943 0.183153194189072 0.17485818490386 0.162099163979292 0.160306170582771 0.140982604771852 0.0465917494148016 0.0452313008718193 0.0402274997904897 0.0321606408804655 0.0219687995500863 0.0175253919325769 0.0152444435749203
-9999 -9999 -9999 -9999 -9999 -9999 -9999 -9999 -9999 -9999 -9999 0.00359749585331883 0.0015928573673591 0.0740226115565747 0.00648364720400423 0.00695596444420517 0.00679183902684599 0.00609046155586839 0.0054493750911206 0.0244775485713035 0.12272603046149 0.0996687617152929 0.0502707329578698 0.00393625913420692 0.003059375542216 0.00272820960963145 0.00471632548142225 0.00214725133264437 0.00191588207380846 0.00246395514113829 0.00171603715862148 0.165848073363304 0.0925364632159471 0.184599294513464 0.172785611450672 0.155132929235697 0.135498038679361 0.127883277833462 0.0431508872658014 0.0399285485036671 0.034712522290647 0.0251275195274502 0.0146907649468631 0.0151552706956863 0.0086400217434857
-9999 -9999 -9999 -9999 -9999 -9999 -9999 -9999 0.0143191664945334 0.00617534844204783 0.0063985213637352 0.00658149973023683 0.00652742478996515 0.00703411719296128 0.00713461863342673 0.00705442624166608 0.00803504344075918 0.00657742721959949 0.00630193944089115 0.00246774723636918 0.00535601498559117 0.00527877525892109 0.132841335423291 0.0762735571712256 0.00531319777946919 0.00263747210847214 0.00237812119303271 0.00247986527392641 0.00169918580213562 0.00197032917058095 0.05622927704826 0.00913571163546294 0.197304484248161 0.177387064695358 0.171323985606432 0.163324917852879 0.146444305032492 0.128734560310841 0.039837546274066 0.0984506372362375 0.0343866005539894 0.0254223400726914 0.018597869342193 0.013514668145217 0.00942059676744975
-9999 -9999 -9999 -9999 -9999 -9999 0.0276791621930897 0.00366814475273713 0.00684970486909151 0.00106040172104258 0.0400454793591052 0.00756571288220584 0.00749768135137856 0.00721732720267028 0.00738358702510595 0.00724988239817321 0.00729472998064011 0.00891670417040586 0.0067411607131362 0.00634339731186628 0.00573311373591423 0.00527480749879032 0.00406332978745922 0.00317029311554506 0.0276974419131875 0.00177776613272727 0.00204705590149388 0.00187094326829538 0.00154160036472604 0.00126397151616402 0.00516311898827553 0.00571963649708778 0.111800471693277 0.175914170593023 0.171093633025885 0.143091735988855 0.130479351431131 0.11465464271605 0.111103557050228 0.0920193830505013 0.0823824791237712 0.0224668020382524 0.0159800150897354 0.0101282703748439 0.00799442320712842
-9999 -9999 0.00782240927219391 0.00672638125251979 0.0070976271526888 0.00684619687963277 0.00325669529847801 0.00814476244850084 0.00176812104182318 0.0030086811282672 0.00706638963893056 0.00715262945741415 0.00769421751610935 0.00730438767932355 0.0074613782344386 0.00747247713152319 0.00703940328676254 0.00675551821477711 0.00800670310854912 0.00641063535585999 0.00632198792882264 0.00582429352216423 0.00431077156681567 0.00415764588396996 0.00546240590047091 0.00381970233283937 0.00435334334615618 0.0119084290228784 0.0099291205406189 0.0116523788776249 0.0222666097572073 0.0720476802438497 0.0968100044876337 0.110436487942934 0.151594673097134 0.137219926714897 0.127023769170046 0.117019730806351 0.111845340207219 0.0319810457527637 0.0275644442997873 0.0212691782508045 0.0148982806596905 0.012380796787329 0.0282030011992902
-9999 -9999 -9999 0.0627943096682429 0.0159879818558693 0.00821920330636203 0.00785072173457593 0.00758091269526631 0.00761798773892224 0.00775483835022897 0.00744283476378769 0.00907321758568287 0.00707159717567265 0.00668896054849029 0.00731322937645018 0.00206719712878112 0.0038203576230444 0.00682061808183789 0.00667902305722237 0.00653469203971326 0.00598346858751029 0.00520825533894822 0.00430683768354356 0.00366638937266543 0.00232103977468796 0.00194735823315568 0.00154377526487224 0.00133040868677199 0.00251873101806268 0.0306483680382371 0.0173255870118737 0.0754486050456762 0.131972752511501 0.135406084358692 0.124269842728972 0.112048010528088 0.112424001842737 0.106408620253205 0.0816467799246311 0.0711856309324503 0.0816293898969889 0.0180603924207389 0.00976845700060949 0.010617513419129 0.0192658667336218
-9999 -9999 -9999 -9999 -9999 0.962383627891541 0.0143185924738646 0.0479464099742472 0.00946808960288763 0.00800102544017136 0.00780340111814439 0.00801345310173929 0.00805748419370502 0.00815622331574559 0.00775096688885242 0.00741677097976208 0.00674378832336515 0.00722363987006247 0.0068397062132135 0.00668155588209629 0.00607229208108038 0.00533661071676761 0.00412056960631162 0.00307220412651077 0.00231560417450964 0.00172317108954303 0.00138581570936367 0.00123408261570148 0.00101471441739704 0.0373376520350575 0.0374463899061084 0.124172951281071 0.0506870802491903 0.115554570406675 0.101569965109229 0.102814874798059 0.0966857519000769 0.0331622659228742 0.0274027184583247 0.068361265398562 0.0665494555607438 0.0187209874857217 0.0133502673357725 0.0101408819900826 0.00787301067030057
-9999 -9999 -9999 -9999 0.388868004828691 0.394397173821926 0.922484320402145 0.00506061767227948 0.00228697429120075 0.0106126323807985 0.00865143383853137 0.00908713776152581 0.00887053885962814 0.010491452505812 0.00797046644147486 0.00799303576350212 0.00814734995365143 0.00925710806623101 0.00756029451731592 0.00690020904876292 0.0058776184450835 0.00487082819454372 0.00378545272396877 0.00283118631923571 0.00225397044559941 0.00173605398740619 0.00136940981028602 0.00123237926745787 0.000982748350361362 0.000875426601851359 0.000921886260039173 0.00152754686423577 0.0328813642263412 0.0342162613756955 0.0460329983383417 0.100526039302349 0.0877867206931114 0.0810411592945457 0.0260381500702351 0.0612319473177195 0.0541130950674415 0.0474233651533723 0.0136195381172001 0.00996518388856202 0.00777357158949599
-9999 -9999 0.00838578122202307 0.0289185472589452 0.0386603937018663 0.00621367483399808 0.0193974867928773 0.00147976473672315 0.0321888948325068 0.0101145158987492 0.0105439834296703 0.00393239813274704 0.00282209227443673 0.0101178009528667 0.00899662342853844 0.0073077283333987 0.00866711160633713 0.00859803117346019 0.00261917108728085 0.00864157620817423 0.00594393273349851 0.00844011844601482 0.00363746772054583 0.00343309299787506 0.00278260299237445 0.00175491329864599 0.00141380314016715 0.00123749915510416 0.00101629851269536 0.000920260226121172 0.00061705102561973 0.000544266140786931 0.00288661911617964 0.0648306433111429 0.0523751102387905 0.0866132795810699 0.0697207894176245 0.06253707036376 0.0659987980499864 0.0589203016832471 0.045835823006928 0.0423368394374847 0.0131947405869141 0.0106899253092706 0.007967780448962
-9999 -9999 0.000397787433125529 0.180937995668501 0.0600969249382615 0.00564091350825038 0.0104037980781868 0.00800310941413045 0.0136775922030211 0.0110406646504998 0.0132590770255774 0.0135202127508819 0.0124202477745712 0.0137222463032231 0.0123790711397305 0.0116648630239069 0.0108847158728167 0.010096057667397 0.00900285420939326 0.00734123890288174 0.00584193030372262 0.00451477366732433 0.00331907044164836 0.00255175530910492 0.00230414327816106 0.00146657845471054 0.00139014876331203 0.00123900655307807 0.00103386626578867 0.000788203210686334 0.000636239029699937 0.000558331325009931 0.00152330799319316 0.00974724382394925 0.074364497512579 0.00494563677348196 0.00303844873560593 0.040106113627553 0.0574340546503663 0.0577106008306146 0.0467422916553915 0.0360548854805529 0.0388167616911232 0.0308534412179142 0.00851694262819365
-9999 0.00281621157464542 0.0234618327347562 0.0139885903568938 0.0153047386789694 0.011873957933858 0.0227088230429217 0.0142311208415776 0.00888439696282148 0.0149946579243988 0.0166892937384546 0.0189151213038713 0.0199735548812896 0.0206242085900158 0.0195588621776551 0.017330731311813 0.0156090209726244 0.0129917387384921 0.0103575146524236 0.00786671941168606 0.00589834291022271 0.00426330923801288 0.00396037369500846 0.00243696491234004 0.00199340987019241 0.000566170972888358 0.00144253735779785 0.0011913567839656 0.000960537299397402 0.000809347556787543 0.0006703132588882 0.000522271018417086 0.00194993370678276 0.000747422744461801 0.00220758323557675 0.0110707502230071 0.0254712648689747 0.0553747033700347 0.0509828312322497 0.0435022820718586 0.0449121105484664 0.0404238741844892 0.00377146630198695 0.0106110001681373 0.00826623704051599
0.00196200100326678 0.000805757625494152 0.013454749668017 0.0161884296685457 0.0191587699577212 0.00815005491022021 0.0144430920481682 0.0202182506676763 0.0191806856077164 0.0211108688730747 0.0239563154987991 0.0249197453260422 0.0307029669173062 0.0315852665342391 0.0317595618311316 0.0274636350572109 0.0283816900104284 0.00910398423438892 0.00142127983563114 0.010436924546957 0.000544808826089138 0.0056054585496895 0.00388101171702147 0.0025242168456316 0.00184215048211627 0.00192058060783893 0.00152539006667212 0.00128470846102573 0.000994756288127974 0.000833169231191278 0.000667578235152178 0.000665335402300116 0.000580155850911979 0.000381805311189964 0.000349768871092238 0.000273212043975946 0.000261473187856609 0.0218959809746593 0.0210845138411969 0.0328214205801487 0.0357309930957854 0.0325117844156921 0.0476450560614467 0.0284974518232048 0.00989031988428906
0.0140490341000259 0.00288880134175997 0.0134190507931635 0.0128681842703372 0.0252274628728628 0.00305583782610483 0.0260518112685531 0.0258233749773353 0.0272351830266416 0.0319093985017389 0.0419568124227226 0.0421722109429538 0.0527788745239377 0.0705389833077788 0.0588302355259657 0.0413455598056316 0.0357572593726218 0.0270060159265995 0.0187068810220808 0.0116232278523967 0.0127680173376575 0.00422991240629926 0.00312520345905796 0.00244020828977227 0.00358365389984101 0.00176008740672842 0.00163431029068306 0.00140189657104202 0.00115882296231575 0.00088021294795908 0.00068723218573723 0.000535963628499303 0.00073400925466558 0.000398574296559673 0.000365918452735059 0.000345902323169867 0.000290713142749155 0.000257902366138296 0.000206065288512036 0.00127564531285316 0.0073447966016829 0.034778122510761 0.0299699555151165 0.0280487980693579 0.0293420681729913
0.000448370305093704 0.00204567390901502 0.0132862055907026 0.272407707571983 0.0849220270290971 0.00111389660887653 0.00401254261960275 0.0396695444360375 0.0180532548343763 0.0494258605642244 0.879099333286285 0.136093326285481 0.251194669678807 0.037500689085573 0.0144137145485729 0.00712261754088104 0.00849419524893165 0.0114307816606015 0.0354083959944546 0.0159900845494121 0.00843998531345278 0.000692639632325154 0.00412568275351077 0.00215193647309206 0.00405527232214808 0.0434280067682266 5.32742218780413e-05 0.00162338803347666 0.001197293412406 0.000882982334587723 0.000694599433336407 0.000852460559690371 0.000523570289078634 0.000473892598529346 0.000430688982305583 0.000537211140908767 0.000429896435525734 0.000355872204090701 0.000225106256402796 0.0181029789149761 0.0413578226231039 0.0351609691046178 0.0307302723638713 0.0278276426251978 0.0256838710512966
7.47133718050463e-05 1.26809275343476e-05 0.00341886971727945 0.00123387624480529 0.00590172625961713 0.010731563786976 0.505489781498909 0.00418409053818323 0.022886254824698 0.0790956096723676 0.867298984527588 0.0545330390334129 0.0120416122023016 0.0108673800714314 0.0401040429249406 0.299619920924306 0.0512514989823103 0.0113076563924551 0.0045618288917467 0.0258709193207324 0.0102300051599741 0.00123246367147658 0.00107559781754389 0.000657474467152497 0.000673895931686275 0.000957886537798913 0.000330370401206892 0.000562764505593805 0.00117635578499176 0.000874381512403488 0.000669758838193957 0.000781575989094563 0.000546395857963944 0.000613709256867878 0.000557620949984994 0.000378652210929431 0.000317291338433279 0.000353396940045059 0.00125262249493971 0.0436399418860674 0.0484085712581873 0.0507154664956033 0.0446424474008381 0.0300860829651356 0.0262592588551342
0.000197120187294786 8.10178329800237e-05 2.54517111857311e-06 7.36057299932646e-07 2.63222516707629e-06 2.828299059221e-06 6.12056860020971e-06 1.10682728021061e-05 1.90165096398687e-05 2.30346022886962e-06 5.05047283240856e-05 3.2382174651957e-05 4.01215885474926e-06 0.000311123655046686 0.0105023481941316 0.050146459415555 0.0140261214692146 0.0543533055111766 0.00620289470534772 0.0265480980277061 0.0145698411855847 0.0020829965127632 0.00118927204166539 0.00314761269837618 0.00225695376866497 0.00256343195360387 0.00013305364518601 0.000163676641750499 0.000701160859898664 0.00102568483853247 0.00080398065620102 0.000236008968749957 0.000192878560665122 0.000595050962874666 0.000574575316568371 0.000452604993188288 0.000327168052899651 0.000401610674452968 0.000753812577750068 0.00586588800069876 0.0379119524965063 0.0592922345735133 0.0471723781898618 0.0368451376445591 0.0337888300418854
