Maxent_result_files_2/B_alagesianus_2.asc
NCOLS 594 
NROWS 330 
XLLCORNER -15 
YLLCORNER 23 
CELLSIZE 0.166666666666667 
NODATA_value -9999 
[rows 80 to 99 of 330, columns 270 to 314 of 594]
1.05838633899236e-06 7.10622026396379e-06 3.63719757743297e-06 3.62227045909158e-06 6.36576427595514e-05 6.93782695282419e-07 4.49741080639221e-06 1.17605918447339e-05 6.08664310919327e-07 2.91425219323127e-07 8.39042328864004e-06 4.02728079283321e-05 4.61945545620068e-06 7.02094116604712e-06 0.000587495526178827 7.70002221997856e-05 8.26447751123283e-08 4.41626358715919e-07 4.65218594591921e-07 7.80041527104203e-07 5.99538736298921e-06 1.02881485686268e-07 5.06543552547534e-08 7.95666096786718e-08 1.31498321758183e-06 1.00281873161023e-07 7.71464519377929e-08 1.1560588942805e-07 2.66115802627365e-07 -9999 -9999 -9999 -9999 -9999 -9999 -9999 -9999 -9999 -9999 -9999 -9999 0.00461091477191076 3.84569103459853e-05 6.90467394037775e-06 1.21474173189196e-05
4.8476323714175e-05 0.000369907283467086 5.90528421668068e-05 0.000267500179688795 0.000862417116877623 1.06247459136455e-05 1.08084538607667e-05 1.71111901081655e-07 0.000198572997740243 9.56330002479966e-05 0.000226075445573315 0.000598223452937674 0.00109928299093554 2.16938450797954e-05 1.78087868661914e-06 3.54356766365527e-05 1.58460067538613e-05 7.5833374765466e-06 6.06069068926018e-05 1.58401823989962e-05 1.11827159854361e-07 1.46241852183593e-07 5.13966932402798e-07 4.14518769709105e-06 2.06543037247542e-05 8.22926387709089e-06 5.19030772893059e-06 1.0383745217557e-06 1.48770693407796e-06 3.16395721067231e-08 -9999 -9999 -9999 -9999 -9999 -9999 -9999 -9999 -9999 -9999 -9999 -9999 -9999 0.00028755364146491 0.00015326653547163
5.95532817404543e-07 8.37261755315399e-06 1.77525390284927e-05 0.000127412119036308 0.000105186787368439 7.46648338918021e-05 1.61021694536911e-06 1.70532253946476e-05 2.02389526950952e-06 2.05559774457242e-05 3.06027732124292e-06 3.0681585334591e-05 2.54099120393647e-06 3.67194088348732e-06 1.18088922339554e-06 1.41403219089398e-05 1.00319247756886e-05 1.09303433348806e-06 3.37557464771265e-06 8.88198586546096e-06 6.47917775410178e-05 4.43657687592136e-06 2.28560324686544e-06 5.32486322490922e-07 9.26122969886478e-06 1.36748655424235e-05 6.79859450936071e-07 8.11212518336824e-07 1.94956529564472e-07 1.03982847877715e-06 1.1720182836461e-07 1.98545732263966e-06 2.88809744063201e-05 1.65595125207751e-06 1.61357314047983e-06 0.000485667160137382 -9999 -9999 -9999 -9999 -9999 -9999 -9999 -9999 -9999
3.01230041189759e-06 3.99785697267063e-06 2.54310359604659e-05 0.000106929589719584 1.077824633402e-05 0.000235797270681104 5.66690215476839e-05 1.2084391169398e-06 1.19319602518431e-06 1.02422751304676e-06 3.03173097554676e-05 1.73372374194791e-06 6.77385585220236e-05 0.00042380152926853 7.27068055876856e-06 5.40097523629157e-06 2.38426955469606e-05 4.23401093607723e-07 5.7627508592617e-06 1.37187031299391e-05 8.73191192738432e-06 4.10950834179857e-05 2.67844489578728e-06 2.82352681524323e-06 1.90742187687887e-06 0.000264141952015962 7.0188820734618e-06 2.95960421099473e-06 1.38942131784336e-06 1.35939011709496e-06 5.47552293674869e-06 1.73950086663766e-06 4.02816906530656e-07 4.42173707071447e-06 2.77705637010683e-06 5.92286920237939e-06 1.52555613190941e-06 -9999 -9999 -9999 -9999 -9999 -9999 -9999 -9999
4.63206333622956e-07 7.59400042383618e-05 8.15524921790711e-05 2.2395371523265e-06 3.14754341650403e-06 1.20274686217225e-05 2.11787322971668e-05 1.72117206185263e-06 8.47203747944558e-07 3.63816994950472e-06 4.78542352133626e-07 1.01719695891234e-05 3.33422586436427e-05 1.65968810210693e-06 2.95350246279913e-06 3.60533144672104e-07 4.33079410120385e-06 1.11466188933207e-05 5.24490816701473e-05 0.00185574290153454 9.09705131340477e-05 0.000100222828166352 5.10277903003953e-05 2.40762141512363e-06 2.27605310925583e-05 2.44655640869951e-05 5.87772036539036e-05 5.8731918702648e-06 9.73037045715053e-08 3.44528101527963e-06 0.00227116487185413 0.000337196451778254 1.75560876281011e-06 3.97751344198838e-06 3.02065151860376e-06 2.41819675972366e-06 1.22467007734883e-05 6.51682567820444e-06 1.8330173816139e-05 4.61686711332732e-05 -9999 -9999 -9999 -9999 -9999
0.000284112446388463 7.41546430390372e-05 6.14083651175434e-05 8.61491632915268e-06 2.25835279829001e-06 0.00328752300806627 0.00141276110946364 3.77873665780015e-07 3.07024560348701e-06 1.70569816739796e-06 0.000119300237565767 0.000107400002798386 6.8397748071547e-06 1.29171153985252e-06 1.07438726239195e-05 1.86388923310687e-05 5.37072909483349e-06 2.63201255048529e-06 3.81419180436327e-06 4.70923622017949e-05 0.00942245109472424 8.87565693847847e-06 9.18015789466153e-06 2.83591574216757e-05 3.13004903609304e-06 0.000137854808010118 0.0396610242314637 0.0495333255501464 0.00162358155248512 1.29789121855461e-06 1.25766856817755e-08 7.36548796068659e-06 5.31581281633109e-05 1.83251627957626e-06 3.28481154738824e-06 2.98316223745765e-06 1.43328558506184e-05 8.88645189753845e-06 1.83171695592677e-05 8.52007300409241e-06 1.36504099259582e-05 1.98403109379797e-05 1.29546803066205e-05 1.55135459785072e-06 5.37300954533748e-05
0.000170730265017482 0.000285586099062129 0.000508593442509664 0.00200446726673817 8.40904471888226e-07 5.85942536708295e-06 8.90695189472712e-06 2.12625427735702e-05 2.62167225244525e-06 2.48199075912225e-05 1.28909839771651e-05 4.48651646713927e-06 1.87956233418163e-05 5.40256482850054e-05 1.46722598522331e-05 1.37518586219576e-06 5.29519204434337e-05 4.05688738337462e-06 4.4619378265498e-07 4.04883853318827e-06 1.04838644711114e-06 2.03276732975155e-06 0.000147993702103122 0.000252840111261321 2.97282422110356e-06 4.02864268762571e-06 2.5510553383401e-06 0.461355444788933 0.339650116860867 0.00710394671186805 5.1100545235272e-06 1.78083037329912e-06 4.1365401304283e-07 6.2412998659056e-05 9.86075886757476e-06 1.41613552084863e-07 2.06211377644649e-06 8.80667043767769e-07 1.36966591512966e-07 2.47005320064275e-06 5.78145588363554e-06 3.84837672299909e-05 6.19742207163654e-05 1.50757897415588e-05 2.24666889721448e-05
1.81840636813035e-05 6.62744119381387e-05 1.3517945663466e-05 1.98536450576325e-06 1.03351120046113e-05 4.34285789085997e-07 1.18061677403247e-06 1.06838779082685e-05 2.49217891578724e-05 4.81441695683316e-05 8.1545707882924e-05 0.000254497954847466 7.05883147475106e-05 1.16283048200216e-05 1.32658223833459e-05 7.62053611254032e-06 1.25207431153296e-05 1.07131457253828e-05 0.000180079865367588 1.28833146876062e-05 0.00158696266880725 0.0124236502859276 0.00336361995650805 0.00342172264008696 2.17869717011876e-07 1.09778915742709e-05 1.87330860901724e-05 0.00122170455661035 0.0105192963383161 0.0202048252802342 0.0891982457600534 0.0103161106351763 0.00437062235578196 3.25271210499523e-06 6.0307613466648e-05 0.000114797595961136 5.71918899687773e-06 0.000661450299958233 0.000131141800011392 3.45080170973233e-05 2.90156205127179e-06 1.11459116228785e-06 5.80128220661891e-07 2.00411144092527e-05 2.0978925590498e-05
0.000462992772929738 8.75677960721077e-05 0.000529967529291753 0.000108425732969408 0.000129309639487474 0.000883154501207173 3.73226148610684e-05 0.000115164279486635 2.94279584878154e-05 5.87824780225787e-05 5.11385202173642e-05 2.069192575469e-05 3.8047272755648e-05 0.000638460078062053 9.0113315754925e-07 3.91337592281493e-06 6.44613626619162e-06 9.23496172546834e-06 0.00141196921922528 2.32175703254178e-06 0.00249370611127233 0.156113647297025 0.292945437133312 0.0296037090010941 0.00075924513339487 0.00012456501062843 4.74332261546806e-05 0.000172512058270513 6.46130804540235e-06 0.00917501844814978 1.5196105709947e-05 0.000239642790620564 0.000137727279798128 5.56038088689093e-05 1.19772983122601e-06 2.98149632627087e-06 1.68660191244285e-06 4.75217449547927e-05 0.000299462915609183 4.95168182776951e-06 5.14580296435696e-06 1.32338084171124e-05 3.25992330232339e-05 2.77597612068803e-05 7.39183307487679e-06
0.00326167299081135 0.00050447555622668 0.000131629887255258 2.89565615958054e-05 0.0100574545911513 4.81931568344862e-05 0.000677985706715845 6.93963615049142e-05 3.97100478181756e-05 7.09021137375032e-06 1.82865360358164e-05 4.36606437652642e-06 2.65249046956795e-06 9.71177582115956e-05 3.2630281985746e-06 4.40642492076648e-06 1.29345054716623e-05 5.26870930173118e-06 0.00104922788086697 1.46433307634197e-05 4.99464751371192e-06 9.98485221570533e-07 1.01618586782593e-05 0.00015309803314949 0.000646704423706979 0.000748335472599138 0.00920809598173946 0.00111091228900477 0.000931606746962643 0.0011836568122817 5.50805481054795e-05 0.000353359884047677 7.44064846358583e-06 8.048306833075e-06 7.90456959975927e-06 9.53606935212292e-06 2.6984585497658e-06 1.29107192151423e-05 2.25213686803727e-05 2.0049851465842e-05 7.19221679901239e-05 4.22237593966202e-05 1.35113684137877e-05 1.10735729947464e-05 5.98342917097483e-06
0.000876434263545889 0.00176169602164009 0.000327996448453405 0.000731573051780288 0.0111542566330172 5.43141952107362e-05 0.000163423571029853 5.30940605074193e-05 7.76423969114148e-05 6.49594278911536e-05 2.81207226095148e-05 2.46794101014913e-05 8.61085602409384e-06 4.02176460512216e-07 6.82677122551212e-05 3.36977720181153e-06 1.88140065006337e-05 0.000418095743566482 1.00379902406189e-05 8.76164015153336e-06 5.17391227567998e-06 5.77694508592685e-05 0.000360592415029259 2.29708377766258e-05 0.00133070527735981 0.00055256298801396 0.0220997274387628 0.00472242376126815 0.00366840112292266 0.00248008709895657 9.25890700727905e-05 0.000224503476238169 3.91734217985551e-05 2.07596715551261e-06 2.37869663692436e-05 5.61525510818228e-06 6.1789393566869e-05 1.87115824246575e-05 0.000115163880036562 1.52303721534963e-05 1.0058502141419e-05 5.96052870065478e-06 0.000506242747178476 5.50944157851063e-06 5.85566603149346e-05
0.000701349013525032 0.0016683485962858 0.00141677579522366 0.000710466272266785 6.88469168494521e-05 0.000133378163923226 0.00241146490880055 0.00135131440620171 0.000157322187533282 1.59358472274107e-05 2.08104178511803e-05 0.000132924489275865 1.99118216301031e-05 2.2950225947227e-06 3.00561037875013e-05 5.34268123260517e-05 0.000160783181263469 0.000451695898664184 0.000112730769342306 0.000137976519908989 0.000833809278083209 0.000199225514006685 0.000335201169332322 0.000157404980382125 0.00534976647395524 0.00191930158798641 0.00319708185961645 0.102270368859172 0.746120792627335 0.420457787811756 0.172611162252724 0.00261075230096139 0.00314083047887834 0.000168140377424209 0.000104718145792049 1.86653314447227e-05 3.47434229126975e-05 0.000256614753789108 1.32626301819982e-05 0.000226567186837201 0.00104863393498817 4.60208533841211e-06 2.83427534284897e-05 1.74395315468701e-05 0.000114402660256019
0.00104315444750682 0.00180382912803907 0.00125205302028917 0.000900517159755054 0.000233934626717769 5.84387597001523e-05 0.000343069154041586 5.36962514445349e-05 0.000644362205184734 0.000202863208323834 0.00238556637777947 0.00034738659960567 2.73295926035644e-05 4.22895438987325e-05 9.50107963944902e-05 0.00129492626583669 0.000139302442767075 7.8988556197146e-05 8.65653477376327e-05 0.00010626214043441 0.00082900237684953 0.000459828851489874 0.00988389060366899 0.00431441348955559 0.0050057005675626 0.00308261300210972 0.00524265919447657 0.0327298213735048 0.022789963374089 0.00112813836619807 0.090754318726249 0.744338262081146 0.104030137974769 0.0772364509524777 0.0093883519697556 0.000456677084482493 0.00012958334369344 2.35437101596681e-06 1.15822004894461e-05 2.19376565695484e-05 7.53344121221744e-05 0.000157522148947464 0.000253215363045456 0.000199950680689653 0.000190152240247698
0.0100575990687503 0.011627816373948 0.00154538202789354 0.00504889983094472 0.00184246433504995 0.000927894590745382 0.000338955481493031 0.000161564002496561 0.000966456565947738 0.000178993035297026 0.000171667008362419 0.00045376480120467 0.00139307789795566 0.000122643087888719 2.85576861642767e-05 0.000407039454148617 0.000259696703869849 7.46644805985852e-05 0.000179214618401602 0.0010541266441578 0.000176761699913186 0.000767071570135158 0.00559516075045394 0.060779598778754 0.0192399238236248 0.00534569746732245 0.0259127681531936 0.161891412490513 0.145510173717048 0.000412916634078897 0.0331043930957094 0.000138466730596321 0.0529612818078022 0.520497946441174 0.870367854833603 0.0174560406530418 0.000693989958051588 0.000777933407098885 4.98668326669005e-05 1.03012148113812e-06 0.00100837653008057 0.0854205143637955 0.000299582578941227 1.0570556435141e-05 2.16356659620942e-05
0.0126090338910217 0.000929986612904798 0.00170450782354692 0.00167456251111275 0.000837508041149704 0.00617241241852753 0.000748211945756339 0.000518515994190238 0.000501656399137573 0.00245383445871994 0.000499779262463562 0.000589568952273112 0.000276205598493107 0.000491750805122138 0.00583808278570359 0.000488755055357615 0.000466005316411611 0.000141595060631516 0.00206946553880698 0.000744838369973877 0.00377104948711349 0.000799906576003195 0.00241871453875433 0.00399034463916905 0.000532132810052133 0.0257149605880841 0.000460380283408668 0.0273995657444175 0.036073193885386 0.0119125060605256 0.170745531952707 0.0150291480612395 0.00258348727132187 0.277447815332562 0.153554347902536 0.000345153695786848 0.00259722863355023 0.00116805074012518 0.000289048330159858 3.5569660371948e-05 0.00100667833303305 0.166175440326333 0.0163730236738047 5.47716546947186e-05 0.0010330674580473
0.00370330350842778 0.00901268286720551 0.00151741636593101 0.00152746288913477 0.00231642998310804 0.232531957013998 0.000347590449803192 0.00191315989104623 0.00224483255733503 0.000683904273319058 0.00845646599773318 0.000417556933825836 8.57313023061579e-05 0.000342714584257919 0.0343665443360806 0.000955275283195078 0.000185513041378726 0.00116101566418365 0.011440550349289 5.73226456836551e-05 0.000474398243181895 0.000211225845771423 0.000165237795887663 0.000898348455482534 0.00832191455247084 0.0192057987436783 0.112460930785164 0.144413607171737 0.397131599485874 0.419488099962473 0.0517579347928404 0.144516173982993 0.57671677172184 0.969560730457306 0.0781186974636512 0.000317997031330464 0.00660575805009103 0.000812881498841733 0.00120969953068197 0.000395331002073362 0.000599747214167934 0.00118720979357505 0.000539962488270973 0.000728953006441912 0.0006528438006427
0.181941609922796 0.00118694655573108 0.0016156243327714 0.00264930190430732 0.0167136062053032 0.369231122266501 0.0615876970929094 0.00272885350304932 0.00531396095757373 0.00128044036100619 0.00155570846400224 0.00156932477839291 0.000314479356893571 0.000382839686062653 0.00025698456884129 0.000243166612017376 0.000427005949123327 0.00249385389573149 0.0193341959733516 0.536863142251968 0.00313233073825359 0.000192768220483686 0.000586210284471633 0.0045781088056799 0.090799378947122 0.0233896291050769 0.0035281699108964 0.159132493217476 0.947038507461548 0.967822217941284 0.415582286566496 0.0712267496506684 0.982489919662476 0.973018938302994 0.831426614522934 0.033438130750983 0.000683086616592732 0.00069802967201511 0.000851714464006648 0.00361066629462812 0.00134418630734103 0.0007237853342275 0.00077546523809815 0.00106988543138868 0.000801585876183708
0.123973106127232 0.00115230609153514 0.00120523900081935 0.0064902591003829 0.00399839637975674 0.111947356973542 0.0251642909639486 0.00576394981180783 0.00230604825192131 0.0219698721542954 0.00196663818205707 0.00296281888149679 0.000750881162457517 0.00312007078154011 0.00096894721937133 0.00269496768760291 0.0004370862292987 0.0272166124370415 0.0507431713500409 0.0116893331385654 0.00144970659310957 0.000429218127192144 0.00100779374624835 0.000639480569605411 0.000956276002671075 0.00518556228635134 0.0314483132679015 0.35331387296319 0.943424260616302 0.959479093551636 0.9684475004673 0.970168834924698 0.972565394639969 0.974979025125503 0.974337863922119 0.974969583749771 0.0104502760508694 0.00177363414856586 0.00186639616534592 0.000477061711501392 0.00176268641705803 0.000924641028658257 0.000365121737837626 0.000386543367275749 0.000977988267568719
0.00275280063797254 0.00269532109432475 0.00271378931798836 0.07075016972085 0.169544040039182 0.211307127587497 0.214944149553776 0.157638026587665 0.0388043364044279 0.00331192146986723 0.00309665946988389 0.00100513522047549 0.00110682263621129 0.00144923854531953 0.00127328481721634 0.0106625709478976 0.0284014263888821 0.00133868262379337 0.000827864174823389 0.00313170150275255 0.00202908590626976 0.00549439667847764 0.00241304917681191 0.000477448902893229 0.000772133634200145 0.00483136107877726 0.000737141677507935 0.0041116947050341 0.587845226749778 0.414358261227608 0.745316219329834 0.977689164876938 0.978718942403793 0.976458233594894 0.977170521020889 0.977882981300354 0.546410617232323 0.0235511362465331 0.00525534912612784 0.000901155175345991 0.000878011069055162 0.000328285745420942 0.000245323912468365 0.000462699100391006 0.00101808882289554
0.000720611041932884 0.0184718338277889 0.281787934154272 0.987653231620789 0.989858609437942 0.489719082415104 0.959291249513626 0.974256831407547 0.972272503376007 0.271047084406018 0.0328631388023496 0.00543091623112559 0.000954856080352329 0.00254478528222535 0.00909123811870813 0.00104195806197822 0.0015703829103586 0.00146587990238913 0.00205463435602269 0.00144028285139939 0.00161983711295761 0.00058177671598969 0.00176672646039151 0.0014073989661938 0.000993687375080299 0.000739257669727067 0.000879419168953177 0.00190225132463979 0.0017439625966432 0.000691145314669761 0.00686533139393077 0.0792254314863385 0.307591043412685 0.991193187236786 0.980025762319565 0.978960460424423 0.975634473562241 0.726334512233734 0.142194974049926 0.00012083855151328 0.000810348535073224 0.0010367984439263 0.00128589841102098 0.000447119156820008 0.00013419960912131
