Maxent_result_files_2/B_alpinus_3.asc
NCOLS 594 
NROWS 330 
XLLCORNER -15 
YLLCORNER 23 
CELLSIZE 0.166666666666667 
NODATA_value -9999 
[rows 40 to 59 of 330, columns 495 to 539 of 594]
1.37968308990821e-05 0 0 1.06454383058008e-05 1.53205037349835e-05 1.52301319758408e-05 9.9464385129977e-06 1.40495467348956e-05 1.32219749502838e-05 1.22331810416654e-05 1.26254657516256e-05 7.3047041951213e-06 7.21580727258697e-06 6.34320822427981e-06 6.34332318441011e-06 5.32435624336358e-06 4.03142948925961e-06 4.15888316638302e-06 5.90115305385552e-06 5.3724415920442e-06 0 0 4.42624914285261e-06 4.43763856310397e-06 4.25695252488367e-06 3.79210250684991e-06 2.70759173872648e-06 6.00448979590773e-06 -9999 -9999 -9999 -9999 -9999 -9999 -9999 -9999 5.17469161422923e-06 2.94971541734412e-06 4.41945703641977e-06 4.69338083348703e-06 5.16258514835499e-06 4.92604413011577e-06 4.78231268061791e-06 7.13451445335522e-06 5.0032129365718e-06
1.36812494019978e-05 1.57718357513659e-05 1.33514244225807e-05 1.22914323583245e-05 1.2586684897542e-05 1.7111626220867e-05 1.5302722749766e-05 1.13305031845812e-05 1.40590185765177e-05 1.37423456180841e-05 1.57039103214629e-06 1.20904122013599e-05 7.09818414179608e-06 6.60010919091292e-06 7.19884556019679e-06 7.41574913263321e-06 0 0 0 6.05274253757671e-06 5.37912710569799e-06 4.78139154438395e-06 5.20322464581113e-06 5.13191262143664e-06 5.15827159688342e-06 6.32949522696435e-06 5.40536020707805e-06 4.46524936705828e-06 3.80584642698523e-06 3.86484061891679e-06 0.20000324908433 -9999 -9999 -9999 -9999 -9999 -9999 5.10814979315377e-08 6.51472196677716e-06 4.93737788929138e-06 7.94873558334075e-06 5.85808666073717e-06 5.01611721119843e-06 4.3729003664339e-06 3.85260973416735e-06
1.3574214244727e-05 1.38287054141983e-05 1.66306810569949e-05 1.87033918336965e-05 1.11124041723087e-05 9.53986527747475e-06 2.101034806401e-06 2.13015810004435e-06 2.04498282982968e-06 1.9026283553103e-06 1.23672376503237e-05 1.78882764885202e-06 8.34074307931587e-06 9.08070505829528e-06 8.0107303801924e-06 7.82985371188261e-06 8.12511352705769e-06 8.23945520096459e-06 7.55512301111594e-06 8.57497361721471e-06 6.96901333867572e-06 6.8117275077384e-06 5.85919769946486e-06 8.27828553155996e-06 8.2190235843882e-06 7.71804989199154e-06 5.38182830496225e-06 5.97572361584753e-06 4.65088123746682e-06 4.48746977781411e-06 3.44610853062477e-06 -9999 -9999 -9999 -9999 -9999 -9999 -9999 1.73663003806834e-05 6.11447467300241e-06 5.41352019354235e-06 5.88917791901622e-06 7.09764426574111e-06 9.11656206881162e-07 4.57801070297137e-06
1.49822328239679e-05 1.39472307637334e-05 1.43514218507335e-05 1.188834066852e-05 1.37243128847331e-05 1.54955967445858e-05 1.01028395874891e-05 1.43025084980763e-05 1.09248016087804e-05 2.12540599022759e-06 2.17212036659475e-06 1.85750322998501e-05 1.35388967464678e-05 1.20583710668143e-05 1.62266689585522e-05 1.28640851471573e-05 9.77327363216318e-06 1.03861973911989e-05 8.87753631104715e-06 9.53583294176496e-06 1.17129333375487e-05 8.35965329315513e-06 6.44186802674085e-06 6.60679143038578e-06 5.65916161576752e-06 8.00694106146693e-06 5.9300524299033e-06 4.5785625843564e-06 8.97916324902326e-06 5.6774282711558e-06 4.02970945287962e-06 1.0666951297289e-05 -9999 -9999 -9999 -9999 -9999 -9999 -9999 -9999 5.72833996557165e-06 5.08880948473234e-06 8.64533012645552e-07 1.8421091226628e-06 3.39755351888016e-06
2.69164709607139e-05 1.44932040711865e-05 1.26322949654423e-05 2.2010134125594e-05 1.36273345560767e-05 2.05162767088041e-05 2.06753291422501e-05 2.49569584411802e-06 2.51185865636216e-06 2.67759787675459e-06 2.58283489529276e-06 2.45289647864411e-06 2.31785597861744e-06 2.29523648158647e-06 1.11665358417667e-05 1.48169827298261e-05 1.61240095621906e-05 9.90284097497352e-06 1.15527356683742e-05 1.24188416521065e-05 1.00136290711816e-05 7.97135799075477e-06 7.64957294450142e-06 6.76668641972356e-06 7.37325972295366e-06 1.10956061689649e-06 9.53358612605371e-06 5.21136680617929e-06 6.94475747877732e-06 9.35261996346526e-06 5.79063416807912e-06 -9999 -9999 -9999 -9999 -9999 -9999 -9999 -9999 -9999 -9999 3.91670582757797e-06 6.4047628256958e-06 6.08452028245665e-06 6.22556908638217e-06
3.43997817253694e-05 2.87616101559252e-05 1.77180278114975e-05 1.67134989169426e-05 1.55137342517264e-05 1.73869091668166e-05 2.31739948503673e-05 2.86433823930565e-06 2.21591151785105e-05 2.75946040346753e-06 2.70727487077238e-06 2.68110652541509e-06 2.63692509179236e-06 1.12941561383195e-05 2.45754872594262e-06 1.41945900395513e-05 1.79719310835935e-05 1.11444052890874e-05 1.1741480557248e-05 1.07454747194424e-05 1.11317232949659e-05 1.46508580655791e-05 1.33858629851602e-05 1.32454777485691e-05 9.26937427720986e-06 1.16490547952708e-05 9.87166931736283e-06 1.42596645673621e-06 1.37307697514188e-06 7.54336288082413e-06 6.75563569529913e-06 -9999 -9999 -9999 -9999 -9999 -9999 -9999 -9999 -9999 9.86157392617315e-06 8.83441243786365e-06 8.07956439530244e-07 6.36985532764811e-07 6.40865982859395e-07
3.78925178665668e-05 3.23121406836435e-05 2.44722905335948e-05 3.00545070786029e-05 2.43577815126628e-05 1.57642192789353e-05 2.67977447947487e-05 2.74237303528935e-05 2.69916956312954e-05 3.14838725898881e-06 3.03630313283065e-06 2.79548239632277e-06 2.60118686128408e-06 2.4821123588481e-06 2.00923401280306e-05 1.99248184799217e-05 1.91609855392016e-05 1.45970261655748e-05 1.29226129502058e-05 1.3346309424378e-05 1.22011100756936e-05 1.07052939711139e-05 1.57394766574726e-05 1.10448148916475e-05 1.09853484900668e-05 1.09877204522491e-05 1.54134933836758e-05 1.67590769706294e-06 7.71053673815914e-06 6.88714935677126e-06 -9999 -9999 -9999 -9999 -9999 -9999 -9999 -9999 -9999 6.27424378762953e-06 5.85727866564412e-06 8.83650227478938e-07 4.23321907874197e-06 7.33303158995113e-07 5.34257560502738e-07
5.0527899293229e-05 6.03341322857887e-06 5.51501725567505e-06 2.31795303989202e-05 3.60131525667384e-05 2.84714566078037e-05 2.7772196335718e-05 1.93365689483471e-05 2.07756704185158e-05 4.1651823266875e-06 4.1791790863499e-06 3.84465638489928e-06 3.55785050487611e-06 3.09444512822665e-06 3.45953922078479e-06 1.69119142810814e-05 4.51340565632563e-06 4.00511112275126e-08 3.03827437164728e-06 3.02705248031998e-06 4.26428186983685e-08 3.23063832183834e-06 1.14467002276797e-05 1.46924183354713e-05 1.35719761601649e-05 1.93162719369866e-05 1.66046578669921e-05 1.01578472822439e-05 1.52408552821726e-05 1.15005532279611e-05 -9999 -9999 -9999 -9999 -9999 -9999 -9999 -9999 7.47304802644067e-06 1.41053915285738e-06 1.17699441034347e-05 1.06388164567761e-05 1.04670762084424e-06 9.67199139267905e-07 7.78922367317136e-07
8.06181196821854e-06 7.95878659118898e-06 5.10225654579699e-05 5.5958132725209e-05 5.50931494217366e-05 6.25401444267482e-06 5.97137550357729e-06 3.27389279846102e-05 2.17103734030388e-05 4.59526418126188e-06 4.5648430386791e-06 4.57817768619861e-06 4.36327318311669e-06 1.8921893206425e-05 2.12815008126199e-05 2.34073406318203e-05 2.23290830035694e-05 2.53948324825615e-05 2.52644444117323e-05 2.10320387850516e-05 2.00755574041978e-05 1.55986024765298e-05 1.58283131895587e-05 1.69823644682765e-05 1.94506777916104e-05 2.00424867216498e-05 2.33787650358863e-06 1.99488087673672e-05 2.00396243599243e-05 1.34516609250568e-05 2.01097061488298e-05 -9999 -9999 -9999 -9999 -9999 -9999 9.25640997593291e-06 1.08058266050648e-05 1.94052208826179e-06 1.93362575373612e-06 1.81338236870943e-06 1.42644021252636e-06 1.24938578665024e-06 7.497188198613e-06
8.47283052280545e-05 5.87782065849751e-05 9.82711571850814e-06 1.01012621598784e-05 9.15975833777338e-06 8.6127060058061e-06 6.7218963522464e-05 3.91152803786099e-05 4.11204062402248e-05 3.74928116798401e-05 3.4563714871183e-05 4.66630386654288e-05 4.6280343667604e-05 4.73575637442991e-05 3.4485972719267e-05 2.74480902589858e-05 2.58181622484699e-05 2.56151775829494e-05 2.69585172645748e-05 2.30124191148207e-05 2.71722412435338e-05 2.1708695567213e-05 2.30466961511411e-05 1.99956150026992e-05 1.87627316336148e-05 2.34212217037566e-05 2.7229232728132e-06 2.46567178692203e-06 1.64834418683313e-05 2.264833310619e-05 1.18408104754053e-05 -9999 -9999 -9999 -9999 -9999 1.54982917592861e-05 1.2601912021637e-05 1.14403395855334e-05 1.12644986074883e-05 1.79090871824883e-05 9.84306389000267e-06 1.7993237634073e-06 1.46427837535157e-06 9.94016681943322e-07
-9999 5.38026681169868e-05 5.77402883209288e-05 5.06530050188303e-05 7.45313649531454e-05 8.57569539221004e-06 4.99548390507698e-05 7.5015181209892e-05 4.61298594018444e-05 4.6880470472388e-05 3.89028864447027e-05 3.85881663532928e-05 5.85736182983965e-05 5.30696474015713e-05 3.16215067869052e-05 2.87256145384163e-05 3.1306390883401e-05 3.2141909468919e-05 5.48027746845037e-06 2.85888585494831e-05 3.83538892492652e-05 3.04980349028483e-05 3.18018137477338e-05 2.90741765638813e-05 1.50287902215496e-05 1.43607845529914e-05 2.4193360877689e-05 1.53255619807169e-05 2.49153410550207e-05 1.72736516105942e-05 -9999 -9999 -9999 -9999 -9999 -9999 -9999 1.77475754753797e-05 1.47046710480936e-05 1.8362287664786e-05 2.27318567340262e-05 2.64825866906904e-06 2.05796077352716e-06 1.66288718901342e-06 1.27827470350894e-06
-9999 -9999 -9999 -9999 5.53657242562622e-05 5.31521043740213e-05 1.0565609409241e-05 5.10843121446669e-05 5.75505779124796e-05 5.99820108618587e-05 5.49261050764471e-05 5.02914714161307e-05 4.87024779431522e-05 4.79304493637755e-05 5.60323998797685e-05 5.23890717886388e-05 5.1077693933621e-05 4.88866062369198e-05 5.93074364587665e-06 5.58968131372239e-06 5.12212427565828e-06 4.93149782414548e-06 2.15316074900329e-05 2.13939259992912e-05 2.08414086955599e-05 2.31319281738251e-05 2.01458111405373e-05 1.69418810401112e-05 3.30541253788397e-05 2.1918787388131e-05 1.61469188242336e-07 -9999 -9999 -9999 -9999 -9999 -9999 -9999 1.86352146556601e-05 2.61456851148978e-05 2.82466517091962e-06 2.67306240857579e-06 2.23287224798696e-06 1.35478385345778e-06 1.14667700472637e-06
-9999 -9999 -9999 -9999 7.30425352230668e-05 7.23875011317432e-05 1.29468244267628e-05 1.2874290405307e-05 7.67614867072552e-05 8.94617638550699e-05 9.13434894755483e-05 5.807388224639e-05 0 4.68159734737128e-05 8.97039426490665e-06 4.82593575725332e-05 4.41334064817056e-05 4.26632585003972e-05 3.7279084790498e-05 3.57830023858696e-05 4.40763426013291e-05 5.07580225530546e-06 3.88184154871851e-05 3.65965708624572e-05 2.72701872745529e-05 4.82575887872372e-06 3.57237440766767e-05 2.55188933806494e-05 2.42075882852077e-05 0.0999754817254143 -9999 -9999 -9999 -9999 -9999 -9999 -9999 -9999 1.6799772856757e-05 2.27031545364298e-05 2.88145311060362e-06 2.71938115474768e-06 9.91449414868839e-06 7.0463320298586e-06 1.11181989268516e-06
-9999 -9999 -9999 -9999 -9999 6.62893929984421e-05 8.29515571240336e-05 9.10234346520156e-05 7.75236985646188e-05 9.80175216682255e-05 1.12779445771594e-05 5.83757180720568e-05 7.37355323508382e-05 8.01229616627097e-05 5.79720071982592e-05 5.53724588826299e-05 6.24107313342392e-05 8.97071731742471e-06 8.06500611361116e-06 8.03781804279424e-06 7.59643371566199e-06 7.28981103748083e-06 6.13933007116429e-06 5.8203462685924e-06 2.46380019234493e-05 5.46780393051449e-06 2.89025105303153e-05 4.52652748208493e-05 3.00571351544932e-05 3.1143773230724e-05 -9999 -9999 -9999 -9999 -9999 -9999 -9999 -9999 -9999 -9999 -9999 -9999 -9999 -9999 -9999
-9999 -9999 -9999 -9999 -9999 -9999 -9999 0.000108120185358473 -9999 6.15882279817015e-05 7.32920365408063e-05 0.000101336732041091 6.86378567479551e-05 6.1664410168305e-05 1.18108109745663e-05 1.07498570287135e-05 1.01128011010587e-05 9.64950595516711e-06 9.00134618859738e-06 4.22129174694419e-05 8.43429515953176e-06 9.13972908165306e-06 8.38685009512119e-06 8.25771494419314e-06 7.73635256337002e-06 7.64895885367878e-06 6.09242473728955e-05 4.08946129027754e-05 3.64354986231774e-05 3.52056726114824e-05 3.67368409300406e-05 -9999 -9999 -9999 -9999 -9999 -9999 -9999 -9999 -9999 -9999 -9999 -9999 -9999 -9999
-9999 -9999 -9999 -9999 -9999 -9999 -9999 -9999 -9999 9.14440606720746e-05 0.000141115521546453 9.5291220350191e-05 0.000100336654577404 9.16646618861705e-05 7.85171228926629e-05 7.45862431358546e-05 0.000101163564249873 7.25405989214778e-05 4.88726422190666e-05 5.04471943713725e-05 5.49454474821687e-05 1.0782788740471e-05 9.62529011303559e-06 5.68543327972293e-05 9.42980477702804e-06 9.90558764897287e-06 9.54030765569769e-06 9.73039568634704e-06 5.66458271350712e-05 5.7722837664187e-05 4.48482111096382e-05 3.88590386137366e-05 6.75844764130629e-05 -9999 -9999 -9999 -9999 -9999 -9999 -9999 -9999 -9999 3.33615763636885e-05 3.7801795406267e-05 9.39729070523754e-06
-9999 -9999 -9999 -9999 -9999 -9999 -9999 -9999 0.000136179130013603 0.000175381824374199 0.000214009312912822 0.00013628089800477 0.000142264529131353 0.000167449447326362 0.000153767399024218 9.20970749575645e-05 0.000134777172934264 9.1431726468727e-05 0.000112194265238941 1.31622335175052e-05 1.34060101117939e-05 0.000106304103974253 5.77425584197044e-05 1.08640029793605e-05 1.00309800473042e-05 1.07083760667592e-05 9.16884280741215e-05 1.28544212202542e-05 1.21736433357e-05 1.13833644718397e-05 8.99072911124676e-05 9.92546338238753e-06 4.27421735366806e-05 5.50217868294567e-05 5.58114319574088e-05 6.27272253557076e-05 -9999 -9999 -9999 -9999 -9999 -9999 2.73064069915563e-05 3.58583492925391e-06 2.74335452559171e-06
0.000964526087046302 0.000487593282014132 0.000450507209719675 -9999 -9999 -9999 -9999 0.000263132085092366 4.52434294857085e-05 0.000247821025550365 0.000273205223493278 0.000233148341067135 2.95070407446474e-05 0.00019638214726001 0.000126904307398945 0.00012079244479537 0.000113200815394521 2.1141889737919e-05 0.000112296396400779 0.000127658352721483 9.51905036345124e-05 0.000137399043887854 7.7737751416862e-05 9.37550561502576e-05 1.34827845613472e-05 1.32966641103849e-05 1.35580950882286e-05 8.08100798167288e-05 1.42754433909431e-05 1.26740109408274e-05 1.24286889331415e-05 1.19863623694982e-05 1.16826013254467e-05 1.20678669190966e-05 9.09676367882639e-05 6.63527869619429e-05 -9999 -9999 -9999 -9999 -9999 5.89418457821012e-05 7.607458246639e-06 5.00790229125414e-06 3.48844332620502e-06
0.000227162078954279 0.000133042060770094 6.88879925291985e-05 0.000303915981203318 -9999 -9999 0.000278404098935425 0.000450635282322764 4.98594949021935e-05 0.000383512442931533 0.000259885005652905 0.0002834607148543 3.92607471439987e-05 0.000309590995311737 0.000197773519903421 0.000208326894789934 0.000148178264498711 0.000210568541660905 0.000213107257150114 0.000209983834065497 0.000130537827499211 0.000111866893712431 9.29307658225298e-05 0.000114459311589599 1.61172181833535e-05 8.32313264254481e-05 0.000112699891906232 0.000119732564780861 1.60637820954435e-05 1.60983152454719e-05 1.45099678775296e-05 1.42291872180067e-05 1.36998802190647e-05 7.68645550124347e-05 -9999 -9999 -9999 -9999 -9999 -9999 -9999 -9999 6.54111267067492e-05 3.97359952330589e-05 2.82748718746006e-05
0.000190272671170533 0.000124326325021684 7.31043808627874e-05 0.000434260908514261 0.000188480445649475 7.35921959858388e-05 7.32030544895679e-05 0.000324212224222753 0.000440163165330887 0.000349996914155781 0.000306439492851496 4.51071857241914e-05 4.32729168096557e-05 0.000189941830467433 4.0882927714847e-05 0.000165234948508441 3.45211243256927e-05 0.000194748386275023 0.000165574788115919 0.000172592594753951 0.000139708595816046 0.000133933022152632 0.000140388624276966 0.000110425730235875 0.000103175838012248 0.000100260111503303 0.000119179044850171 0.0001158656203188 1.76420900970697e-05 1.71296152984723e-05 1.64223340107128e-05 1.58545793965459e-05 0.000121873058378696 -9999 -9999 -9999 -9999 -9999 -9999 -9999 -9999 -9999 -9999 -9999 4.80568385683e-05
