Maxent_result_files_2/B_argillaceus_3.asc
NCOLS 594 
NROWS 330 
XLLCORNER -15 
YLLCORNER 23 
CELLSIZE 0.166666666666667 
NODATA_value -9999 
[rows 200 to 219 of 330, columns 184 to 229 of 594]
0.479216215014458 0.0919049236923456 0.065995541960001 0.15611035823822 0.0871833279728889 0.0500338360667229 0.0703998640179634 0.168885846436024 0.111975971236825 0.11256821192801 0.0766998756676912 0.0325354881584644 0.0758111074566841 0.239024782180786 0.196679999679327 0.103406729176641 0.177733366936445 0.770473057031631 0.524805274605751 0.198323833942413 0.239659583568573 0.300046810507774 0.154231893271208 0.17990966886282 0.333985649049282 0.0932724267244339 0.16346817240119 0.258402039110661 0.139221047610044 0.189739805459976 0.198739355802536 0.412496939301491 0.215996058285236 0.326894770562649 0.338053807616234 0.544961896538734 0.323590755462646 0.00739462769124657 0.011078755534254 0.0226125157438219 0.0484808634966612 0.659572142362595 0.448625746369362 0.154453121125698 0.234118726849556 0.262296342849731
0.599666866660118 0.744143921136856 0.307482653856277 0.156734620034695 0.4890609562397 0.229197093844414 0.048945047147572 0.136389517784119 0.0879748310893774 0.184236162155867 0.0844823651015758 0.0402579693123698 0.0420292655006051 0.0736580066382885 0.119547098129988 0.0670210599899292 0.0884193498641253 0.461552149057388 0.446776637434959 0.303618732094765 0.307210573554039 0.0193381081335247 0.193888933956623 0.28655661791563 0.190674591064453 0.17894606590271 0.145090218633413 0.610350152850151 0.103933435678482 0.14859701320529 0.323951575160027 0.320249679684639 0.198137328028679 0.195528717339039 0.328161856532097 0.0963907327502966 0.060026765614748 0.00816982283722609 0.0572459865361452 0.138188622891903 0.408207613229752 0.677999466657639 0.0626735091209412 0.0940806947648525 0.196332320570946 0.11577247902751
0.68329621553421 0.66130039691925 0.517570313811302 0.336405175924301 0.345276692509651 0.288210134208202 0.281024077534676 0.153917993605137 0.109116278588772 0.0548068959265947 0.0810224115848541 0.0820128627121448 0.21800352782011 0.155004359781742 0.0475857803598046 0.0837821260094643 0.108660525083542 0.0973531998693943 0.0287636931985617 0.117194073647261 0.0349060682579875 0.0216175807639956 0.246934022009373 0.2054289534688 0.3179274097085 0.52847917675972 0.143519136309624 0.142149415612221 0.136644473671913 0.372074162960052 0.289953355491161 0.27928406894207 0.250446936488152 0.367591696977615 0.302036954462528 0.0876232713460922 0.252748259902 0.19343159943819 0.205219520628452 0.206291817128658 0.168930985033512 0.65746306180954 0.617573237419128 0.0606526289135218 0.160949352383614 0.0995315007865429
0.36739507317543 0.475945630669594 0.557317015528679 0.536928749084473 0.702210026979446 0.492967712879181 0.398843261599541 0.767827099561691 0.18685285076499 0.0525331370532513 0.207493314146996 0.141248790919781 0.0510671805590391 0.0789153408259153 0.589068466424942 0.152371515333653 0.0525498308241367 0.0883344452828169 0.077384552359581 0.0712512079626322 0.0440038822591305 0.017846999829635 0.00848652790300548 0.170904987305403 0.19292262122035 0.12574662938714 0.358634206652641 0.112946329265833 0.292806227505207 0.12710855230689 0.159159359335899 0.430821526050568 0.383660683035851 0.349569037556648 0.412530678510666 0.0606106318533421 0.0054032416199334 0.134591989219189 0.576846078038216 0.0925044395029545 0.177075171470642 0.200054746866226 0.278502404689789 0.46507006585598 0.654174345731735 0.13222669288516
0.510956528782845 0.498436313867569 0.557034730911255 0.481611913442612 0.773498785495758 0.638867816329002 0.634976246953011 0.329084572196007 0.308824187517166 0.161814641207457 0.187499971687794 0.150602031499147 0.125267604738474 0.0937219221144915 0.141987261176109 0.407303616404533 0.135410736873746 0.0945637345314026 0.275897240638733 0.170629295706749 0.143731204420328 0.0550521444529295 0.0588462974876165 0.197768670320511 0.36552839577198 0.654830479621887 0.39292323589325 0.30460053384304 0.408136813342571 0.212297873944044 0.264649926126003 0.130426552891731 0.329692395031452 0.400340884923935 0.289796306192875 0.0473513834178448 0.00433395090512931 0.218320924043655 0.130432812124491 0.212953010201454 0.203138062357903 0.205940416455269 0.116853006929159 0.966206234693527 0.55379646718502 0.309500394761562
0.00309642763459124 0.149035211652517 0.601396042108536 0.329669444262981 0.743500882387161 0.521554839611053 0.752293920516968 0.560475435853004 0.709706678986549 0.532774284482002 0.66253559589386 0.35002184510231 0.148895142972469 0.0916468612849712 0.11728903055191 0.410241243243217 0.109979066252708 0.100556006655097 0.0295544224791229 0.155689526349306 0.0338154355064034 0.0787010602653027 0.0595496106892824 0.150595437735319 0.45810464322567 0.254398089647293 0.271912625432014 0.21536799967289 0.157903128862381 0.274179466068745 0.355057267844677 0.129311429709196 0.378450039029121 0.330406053364277 0.331342649459839 0.243061648309231 0.0714424438774586 0.166844367235899 0.157311309874058 0.142349034547806 0.156727718561888 0.197952616214752 0.0801570571959019 0.535976105928421 0.342795199155807 0.209836491942406
-9999 -9999 0.152710451930761 0.482384794950485 0.428896111249924 0.879927158355713 0.0898209877312183 0.45512937605381 0.524956062436104 0.711445647478104 0.492670851945877 0.450500932335854 0.258838564157486 0.0323346069082618 0.152008723467588 0.298535645008087 0.233353236317635 0.0738128952682018 0.103175135701895 0.0676393397152424 0.023316866112873 0.0139037158805877 0.0560046412050724 0.352718728780746 0.0688613466918468 0.0524602834135294 0.104622009769082 0.0985437497496605 0.0243356335908175 0.0642446395009756 0.0447412598878145 0.0966319896280766 0.347624632716179 0.412188810110092 0.435887032747269 0.181790716946125 0.267072261869907 0.320874705910683 0.204088899493217 0.240536926686764 0.0107131393626332 0.0786447007209063 0.416076105833054 0.158154159039259 0.109697956591845 0.190323522686958
-9999 -9999 -9999 -9999 -9999 -9999 0.123056399077177 0.11083794683218 0.385784918069839 0.348244626820087 0.559546047449112 0.559817615151405 0.85009770989418 0.640806850790977 0.341407689452171 0.415023466944694 0.524260523915291 0.142797121405601 0.032865933701396 0.0527387654408813 0.0631661150604486 0.130612495541573 0.0990807950496674 0.133838584274054 0.106363068521023 0.0497505931183696 0.139641065895557 0.032391320168972 0.0437083011493087 0.184577438235283 0.0356102418154478 0.0703143123537302 0.271822638809681 0.0645538937300444 0.00628679764922708 0.128651201725006 0.367520911991596 0.385258001089096 0.537821793556213 0.150175359100103 0.0536069501191378 0.08624012991786 0.0544511936604977 0.0931435488164425 0.320900584757328 0.484621042013168
-9999 -9999 -9999 -9999 -9999 0.0276273351162672 -9999 -9999 0.00859154856589157 0.656357064843178 0.620004814863205 0.704670649766922 0.912353229522705 0.982748317718506 0.585672268271446 0.556712394952774 0.303922680020332 0.509768527746201 0.16723807901144 0.06857780367136 0.199730132520199 0.0660482227802277 0.0575628433376551 0.0537986874580383 0.061059856787324 0.0485357321798801 0.141479175537825 0.0767110627144575 0.0610368769615889 0.185024780780077 0.234492363035679 0.0465761881321669 0.00263831746997312 0.338536638021469 0.131704137474298 0.405337592959404 0.188455682992935 0.31535477116704 0.0490450832992792 0.386916600167751 0.331876143813133 0.516125822067261 0.220089556276798 0.0846587605774403 0.09296700283885 0.215815737843513
-9999 -9999 -9999 -9999 -9999 -9999 -9999 -9999 -9999 -9999 0.26471810489893 0.575854307413101 0.770855182409287 0.491631188988686 0.825192958116531 0.588409301638603 0.343597990274429 0.454746446013451 0.278439752757549 0.312162938714027 0.483446538448334 0.0701404996216297 0.0408058915287256 0.0601033002138138 0.45776515007019 0.0592698484659195 0.0497673967853189 0.0848438922315836 0.116748482733965 0.103749580681324 0.13989032804966 0.200510077178478 0.132106143981218 0.0378694428130984 0.00668690169695765 0.126293748617172 0.10497562289238 0.234607206285 0.208938701450825 0.241902071237564 0.499626129865646 0.270646804571152 0.555202001333237 0.286604729294777 0.324474580585957 0.243397095799446
-9999 -9999 -9999 -9999 -9999 -9999 -9999 -9999 -9999 -9999 -9999 0.171489274501801 0.369562956690788 0.749846661090851 0.775777405500412 0.313239930570126 0.790790256857872 0.240477212518454 0.3639608502388 0.513482022285461 0.496736013889313 0.304830442368984 0.255745129287243 0.228539416193962 0.157523542642593 0.256054595112801 0.0303417606279254 0.0455477051436901 0.0627907199785113 0.0280274135991931 0.0637480016797781 0.379346147179604 0.210386778414249 0.106929527595639 0.0163883571512997 0.152891357243061 0.31773659735918 0.327402471005917 0.259975948929787 0.00437924445141107 0.00424074697075412 0.0120468867942691 0.0469135861843824 0.481477177143097 0.763401472568512 0.169935368001461
-9999 -9999 -9999 -9999 -9999 -9999 -9999 -9999 -9999 -9999 -9999 -9999 -9999 0.0196156023070216 0.597982126474381 0.744748175144196 0.983001661300659 0.581245616078377 0.299218593537807 0.985049372911453 0.510035827755928 0.195741125941277 0.0308401765301824 0.0638391233980656 0.197297584265471 0.217870174348354 0.155232483893633 0.499196690320969 0.292580875754356 0.18398704379797 0.154737783223391 0.297540320456028 0.21641733199358 0.11588981077075 0.0600475957617164 0.0302568439394236 0.00628339583054185 0.0248557318001986 0.12552964091301 0.0278482398949563 0.0753831010311842 0.0765209846198559 0.0971471726894379 0.607597726583481 0.654993605613708 0.994744879007339
-9999 -9999 -9999 -9999 -9999 -9999 -9999 -9999 -9999 -9999 -9999 -9999 -9999 -9999 -9999 0.0316859889775515 0.8540776014328 0.323999720811844 0.718831142783165 0.297059965133667 0.743785926699638 0.89735454916954 0.688660109043121 0.280391478538513 0.186576689779758 0.121634726971388 0.215679301321507 0.400000324845314 0.338377547264099 0.210032290220261 0.165834433585405 0.480202120542526 0.441043937206268 0.215878045558929 0.314910903573036 0.129760148376226 0.158370261639357 0.291815616190434 0.0335972670465708 0.0558309078216553 0.144905514270067 0.0935808759182692 0.102299683541059 0.688858658075333 0.99556657075882 0.30917582064867
-9999 -9999 -9999 -9999 -9999 -9999 -9999 -9999 -9999 -9999 -9999 -9999 -9999 -9999 -9999 -9999 -9999 0.0140736188739538 0.605525293946266 0.812153571844101 0.588054925203323 0.999986988306045 0.938748806715012 0.479486018419266 0.407635924220085 0.220863714814186 0.633482906222343 0.74565566778183 0.605652046203613 0.462554773688316 0.306265644729137 0.139112189412117 0.358135366439819 0.128476428985596 0.229443064332008 0.11746093146503 0.130969893932343 0.0743249800056219 0.0864658780395985 0.0675867542624474 0.0422617688775063 0.181274592131376 0.23884487003088 0.450965303182602 0.832451850175858 0.147589772194624
-9999 -9999 -9999 -9999 -9999 -9999 -9999 -9999 -9999 -9999 -9999 -9999 -9999 -9999 -9999 -9999 -9999 -9999 -9999 0.0135896705091 0.361196559667587 0.278468805551529 0.866726398468018 0.695968496799469 0.500631153583527 0.54505909383297 0.907737255096436 0.966569954156876 0.689720350503922 0.850350397825241 0.712462323904038 0.144619319587946 0.099780684709549 0.241404466331005 0.0583974936977029 0.13696109354496 0.139942069351673 0.251826475560665 0.245541110634804 0.451757341623306 0.0403913971036673 0.0860838532447815 0.325862368941307 0.379091140627861 0.615885156393051 0.693133938312531
-9999 -9999 -9999 -9999 -9999 -9999 -9999 -9999 -9999 -9999 -9999 -9999 -9999 -9999 -9999 -9999 -9999 -9999 -9999 -9999 -9999 0.699376004934311 0.201093764975667 0.999200391769409 0.99632722735405 0.999134135246277 0.970583325624466 0.863637799024582 0.999313634634018 0.276819372177124 0.402189943194389 0.395997813344002 0.417238533496857 0.485281041264534 0.639937233924866 0.540416643023491 0.367622256278992 0.202329161018133 0.15847452878952 0.137035320699215 0.132165808230639 0.213099692761898 0.132230941951275 0.201934714615345 0.799250084161758 0.111176896095276
3.13684074357834e-06 0.000230129347937691 6.86234438546762e-05 -9999 -9999 -9999 -9999 -9999 -9999 -9999 -9999 -9999 -9999 -9999 -9999 -9999 -9999 -9999 -9999 -9999 -9999 0.00360059591184836 0.170977031439543 0.912907820940018 0.300207053124905 0.988973832130432 0.999612164497375 0.286335180699825 0.517956256866455 0.370906990766525 0.482437267899513 0.414384604990482 0.379055628180504 0.241246566176414 0.436617860198021 0.129038841277361 0.0371193835511804 0.261553713679314 0.206371141970158 0.263227874040604 0.467784440517426 0.589801451563835 0.27764757424593 0.138867139816284 0.383005657792091 0.158048499375582
0.0599592205137014 0.0127064848551527 0.000262318466047873 -9999 -9999 -9999 -9999 -9999 -9999 -9999 -9999 -9999 -9999 -9999 -9999 -9999 -9999 -9999 -9999 -9999 -9999 -9999 -9999 -9999 0.873437643051147 0.823188251256943 0.560946825146675 0.525607368350029 0.743525809049606 0.325833530724049 0.271614609658718 0.556180769205093 0.171301347017288 0.532704415172338 0.0132581127341837 0.238246685266495 0.708013391494751 0.427257367968559 0.443715140223503 0.680435526371002 0.198727975785732 0.00630305313970894 0.114765785634518 0.17624059766531 0.171299776434898 0.467389467358589
0.00357324471697211 -9999 -9999 -9999 -9999 -9999 -9999 -9999 -9999 -9999 -9999 -9999 -9999 -9999 -9999 -9999 -9999 -9999 -9999 -9999 -9999 -9999 -9999 0.00569729520357214 0.838408422470093 0.762594360113144 0.658549952507019 0.521473589539528 0.429863706231117 0.608020803332329 0.27777668684721 0.578882727026939 0.106355235725641 0.159151034802198 0.200603719055653 0.215985541045666 0.262282727658749 0.420016542077065 0.931152647733688 0.333446514606476 0.253138539195061 0.223249274492264 0.104093470424414 0.0501650704070926 0.131009350717068 0.695606333017349
0.00339852963807061 0.000330289559133234 -9999 -9999 -9999 -9999 -9999 -9999 -9999 -9999 -9999 -9999 -9999 -9999 -9999 -9999 -9999 -9999 -9999 -9999 -9999 -9999 -9999 0.163679749518633 0.490560355782509 0.856985759735107 0.640884286165237 0.481556466221809 0.543070435523987 0.543081906437874 0.114129400253296 0.0211084796115756 0.119187304377556 0.545828032493591 0.307444433867931 0.699648386240005 0.316257166862488 0.587343728542328 0.470029947161675 0.103777399472892 0.0873678438365459 0.396891501545906 0.108801940828562 0.182303935289383 0.435361456871033 0.164942165464163
