Maxent_result_files_2/B_armeniacus_3.asc
NCOLS 594 
NROWS 330 
XLLCORNER -15 
YLLCORNER 23 
CELLSIZE 0.166666666666667 
NODATA_value -9999 
[rows 200 to 219 of 330, columns 90 to 134 of 594]
2.21959671097283e-06 2.50513323207802e-06 2.61615845055241e-06 2.54850216577784e-06 2.49127493368029e-06 2.26148695680273e-05 3.45737188808926e-05 0.00016972427097327 0.000104604051896828 0.000419811158194205 0.000547242531976855 0.000789402349061008 0.000293691073922908 4.16933181085599e-05 0.000142040343826222 6.00528360310548e-05 0.000177623757978618 0.000173012760399516 0.000162626163473067 0.000611728447097448 0.00017315804611826 3.42766041785403e-05 0.000192673416688516 9.15681252587896e-06 1.57754976572444e-05 1.3965652959369e-05 5.17794120456272e-05 9.4506446964715e-05 2.88392943941229e-06 8.85350056437861e-05 9.05409799088375e-05 2.85905866183045e-05 2.71472854913135e-05 1.02688924029981e-05 0.000139214550381461 0.000281831659958698 2.57163397312077e-05 0.00452787635731511 0.00116925392794656 0.00644336211153131 0.00307467635211651 0.010765735411853 0.000378885865211487 0.000798235052297969 0.00039540856940441
2.64250087245177e-06 3.3313521093592e-06 2.85940327846568e-06 3.03081579127174e-06 3.08789864207348e-06 3.87146343615585e-06 5.35668200063455e-06 2.66142025757921e-05 1.69538518874357e-05 0.000341553837000164 0.000148146742263822 0.000786691511251358 2.17191303823916e-05 1.10222884092237e-05 3.03849411551482e-05 0.000132074687608674 0.000127644908586744 0.000383994550873745 0.000214095200100317 0.000107493536255598 0.000509878979710265 0.000360401941725286 0.000140604366970365 2.59574183936406e-05 2.96792651308664e-06 0.000132974810824416 4.34042352743358e-05 0.000117573002053439 1.81870562843134e-06 0.000447454066943465 0.000103185734716948 0.000457962589220529 2.55633411889278e-05 3.81791639725848e-05 0.000540376306167767 0.000322793658415343 0.000725512785452587 0.000584348616862584 0.000986688573993888 0.0022271182258919 0.00326017993329515 0.00321984887123108 0.000212865872344992 0.000269109894702524 0.000439067677159244
3.50932390675851e-06 8.16215728036696e-06 2.83632248569976e-06 5.69976779329906e-07 2.90346510183337e-06 3.84378510526195e-06 4.53076857628298e-06 5.6555562160443e-06 1.01728887574315e-05 1.30566163289103e-05 0.000389873028893428 0.000121912985485406 2.25627424991881e-05 1.60652973355213e-05 2.08118557072812e-05 3.86728954343662e-05 9.13050587287634e-05 5.36072511716501e-05 0.000878853956955494 1.35980078361797e-05 0.00103051751793828 0.000158413479986341 7.64121913586768e-06 4.16122613161596e-06 5.80485938170838e-06 0.000147938164656125 5.34930367032671e-05 2.11170767556723e-05 5.44539726847759e-06 0.0001268595280153 0.000264494165063234 0.000109516957979849 0.000458354852062826 0.000109842823343342 0.000133289387965319 0.000231527734423831 0.000108093863514114 0.000350215699904766 0.00105921410274732 0.00128812213151832 0.00370605257342483 0.00872757442953563 0.000985962044796906 0.00198753441800363 0.00114521826312739
3.29882203216059e-06 6.48392557424104e-06 2.56342508103691e-06 3.33735308307714e-06 3.88376643332133e-06 4.50473432379583e-06 2.35198029207018e-06 6.02473378472634e-06 8.21622427393809e-07 1.066492551417e-05 0.000309982156911826 2.64394596065642e-05 7.24950526284074e-06 1.98554244701388e-05 2.13658954467566e-05 2.74252456569535e-05 5.38277564494316e-05 0.000366498264436077 0.000109851878609513 0.000621455208647603 7.99713103884159e-05 4.05124260781542e-05 4.97051531374026e-06 4.88320054982116e-06 5.36189752988747e-06 0.000176983828842125 0.000151332911726554 7.38094666267841e-05 1.42637121252065e-06 1.04041579018554e-05 7.31514197485073e-05 0.000552447882182605 0.00100232151927262 0.00075619327417602 0.0050939613571245 1.66467299315909e-05 0.000968516050397739 0.00114315960408932 0.0010883070563068 0.00237365378661707 0.00149487768867402 0.0127311525622911 0.000867735780707335 0.000472751281631645 0.000486694560095202
1.04786105702415e-06 1.39893858012163e-06 1.93686839667917e-06 2.78478283630701e-06 3.85203437207604e-06 4.9539355924999e-06 6.23424067389689e-06 9.28923818961369e-06 1.09305384535352e-05 1.25674175080137e-05 1.49290928067036e-05 1.51127113036775e-05 2.41695259790564e-06 6.03303155137791e-06 4.07847032088071e-05 6.86779833961815e-05 0.000235168884008563 0.000157154480180843 0.00029399935302763 0.00156728813096861 0.000270628260068406 0.000119464649418433 3.26532981045347e-05 0.000150616851089325 0.000331292531717775 0.000300547916759719 2.3070285232063e-05 0.000255359585324166 2.8659140534848e-06 3.25770802223069e-08 0.000109814452668833 0.00172675110507043 0.00086184304263961 0.00120313825543944 0.000388591438928687 0.000211734087748117 0.0011723853997873 0.000326147597212412 0.00430410706181694 0.000632789157486968 0.000225717479882193 0.000191446624990799 7.83515206621121e-05 2.69900824029001e-05 0.00014701763312619
5.71394235371336e-07 9.13978693994899e-07 1.41372983678556e-06 2.2392684094763e-06 3.32238643884208e-06 4.82861279308411e-06 6.88764131296926e-06 1.02565434394908e-05 2.23073077427749e-06 5.80853261993752e-05 1.50399962412506e-05 1.59032906709156e-05 1.8099377623626e-05 3.57616068083155e-05 5.35485889032183e-05 3.71359711607511e-05 0.000177900064096803 2.26360114922386e-05 9.75702826320202e-06 1.71587819473684e-05 9.08638533971384e-05 3.80392498954052e-05 8.77473119274441e-05 0.000215287819852961 0.000362022737270717 7.75450062890926e-06 7.70947361260488e-06 4.06128654697468e-06 0.000376580218766387 0.00107556520118363 0.00100347102360985 0.000315351654333862 0.000808853703722934 0.00110471899328104 0.00092736532193598 0.000193465078822186 0.00222975838631938 0.000160628842604638 0.00035612238784779 0.000286945905327229 0.000173298514738462 0.000622715233157578 0.000315708637924672 3.66577450043648e-05 2.15667419982024e-05
3.56260960143739e-07 7.47772060516461e-07 1.72522677116538e-06 2.91254190174506e-06 2.9221443095695e-06 4.56012759415536e-06 6.70205560560078e-06 1.7662699097154e-05 2.57264090031128e-09 1.14988384369519e-05 1.46244130944662e-05 1.47153581650739e-05 1.68562881710188e-05 7.49537303192938e-06 1.54687675319565e-05 2.27546169017656e-05 4.38417051796813e-06 2.20587101388281e-06 1.98078287614312e-06 1.06065303375757e-05 0.000353608218038415 0.00119882195543255 0.000125352954577451 7.89550096502722e-06 3.31689245136602e-07 4.42272082066264e-06 0.000101851810625864 0.000785197054210585 2.9714256186697e-07 0.000799686716300152 0.000391650460483517 0.000935168170650513 2.83040167472492e-05 0.000203690246053156 0.000326738213254885 0.000113821635236633 2.3924252515517e-05 0.000319691485415774 0.000110332392854673 2.72124395804596e-05 2.9743707813823e-05 1.97216058484995e-05 4.60991295399227e-05 -9999 -9999
3.52311421059071e-07 6.99742374843382e-07 7.90214603618722e-07 1.75950343219711e-06 4.29893504403367e-06 6.51678529951516e-06 5.24198939938492e-06 2.86532608438916e-06 7.72341865815651e-06 1.30589597707842e-05 1.34934277799426e-05 1.32930730067371e-05 4.26475309723173e-05 1.49898785387848e-05 3.11416320069036e-06 3.5269252605219e-06 6.68314596108388e-06 2.82996032716198e-05 0.000599189201203398 1.50929473017314e-06 2.3103546742842e-05 0.000743649983871064 -9999 -9999 -9999 -9999 -9999 -9999 2.74850057646603e-07 4.65047940970464e-05 0.000108569492921973 0.000205482685400682 2.72454229137242e-05 0.000246509196233546 9.88865604293787e-05 8.78811586439099e-05 7.55986403319753e-05 2.04558176586822e-05 2.72548483671198e-05 2.44375659848473e-05 2.86500409563906e-05 -9999 -9999 -9999 -9999
1.31010219395211e-07 1.77491423064557e-06 1.09411547261073e-06 2.36743079882196e-06 5.06514187929019e-06 1.29648370330249e-05 4.73425111587877e-06 6.51111293049622e-06 9.02341326223244e-06 9.27008860650558e-06 1.17609670017838e-05 1.11783554537448e-05 1.47359617732712e-05 2.11586529385244e-05 8.02122358205759e-05 5.12642560113297e-05 9.7545370185248e-05 5.59925273246553e-05 1.34032673037243e-05 3.875657171859e-07 -9999 -9999 -9999 -9999 -9999 -9999 -9999 -9999 -9999 -9999 -9999 -9999 0.000143345219010593 8.43986399289065e-05 0.000226041193361226 1.28698707860253e-05 8.94665380016591e-05 4.91970022551413e-06 2.55323045557088e-06 2.17686432919528e-05 -9999 -9999 -9999 -9999 -9999
1.30877070001034e-05 6.52780038307266e-05 2.98582114297119e-05 4.68576540249899e-05 4.53742470583052e-05 1.33285838836428e-05 1.29832030111854e-05 1.80305161564087e-05 1.89872745890329e-05 2.53436613320446e-05 2.52161890677671e-05 2.5129219743647e-05 5.00503869091062e-05 8.27850986893863e-05 2.22834057616028e-06 2.28222532541622e-05 9.20978364344904e-05 0.000121750725188008 5.65484797310223e-07 -9999 -9999 -9999 -9999 -9999 -9999 -9999 -9999 -9999 -9999 -9999 -9999 -9999 -9999 -9999 -9999 -9999 2.527348275706e-05 -9999 -9999 -9999 -9999 -9999 -9999 -9999 -9999
0.00056903910035544 0.00106980667451353 9.75385210567392e-05 1.60655130141407e-05 1.78329612356976e-05 2.09856871739356e-05 2.56050913124195e-05 6.76551094116462e-06 1.79156533210101e-05 3.99715100613207e-05 2.86350810199232e-05 1.12827129454374e-05 3.87378187758358e-06 5.3178695039291e-06 4.0882763627792e-06 1.72694836213516e-06 1.20280676721762e-05 6.3184518108983e-05 -9999 -9999 -9999 -9999 -9999 -9999 -9999 -9999 -9999 -9999 -9999 -9999 -9999 -9999 -9999 -9999 -9999 -9999 -9999 -9999 -9999 -9999 -9999 -9999 -9999 -9999 -9999
0.000518162181106163 0.000100959330196559 0.000240409415891918 0.000196252592854762 0.000208801895337274 0.000111989168817672 5.20354033369586e-05 0.00014061387730635 0.000274945948376626 0.000147881054533627 0.00033281906078173 0.000112288380272607 9.7519431797366e-06 2.02325260743597e-05 3.27492454177403e-06 1.67901934160497e-05 0.00013945175640373 3.78574139885401e-05 -9999 -9999 -9999 -9999 -9999 -9999 -9999 -9999 -9999 -9999 -9999 -9999 -9999 -9999 -9999 -9999 -9999 -9999 -9999 -9999 -9999 -9999 -9999 -9999 -9999 -9999 -9999
8.05794038186036e-05 0.000299856184324199 0.000115240132072358 0.000355940589724923 0.000178934558789479 0.000436462701873097 0.000164240938559956 0.000359160415984405 0.000943890536751724 0.00257277890011665 0.000275669281836599 0.000164193926434564 0.000244493503089416 3.01546478817194e-05 1.4786017766788e-05 5.03693908219249e-06 7.32750390081804e-05 1.86158712425999e-05 -9999 -9999 -9999 -9999 -9999 -9999 -9999 -9999 -9999 -9999 -9999 -9999 -9999 -9999 -9999 -9999 -9999 -9999 -9999 -9999 -9999 -9999 -9999 -9999 -9999 -9999 -9999
0.00423451941760504 0.00076793861081228 0.000414600771750884 4.47895837538681e-05 4.13704274267124e-05 0.000524493788543623 0.000815299285596893 0.000514398152262263 0.000203893447941272 0.000188298700112455 8.64080122546795e-05 0.0014391268054169 0.000128315245299859 3.64127319471663e-05 0.000162083130771862 1.40133836380008e-05 7.88902719284223e-07 4.22130870233239e-05 7.11528493857472e-07 -9999 -9999 -9999 -9999 -9999 -9999 -9999 -9999 -9999 -9999 -9999 -9999 -9999 -9999 -9999 -9999 -9999 -9999 -9999 -9999 -9999 -9999 -9999 -9999 -9999 -9999
0.000101749793283901 0.126608922035666 0.000534213128138816 0.000986065476887199 7.08629606625211e-05 0.000155708663831455 0.000797512630868358 0.000806375900697309 0.000653815640635003 0.00125525729083051 0.000123379684434788 1.50189867724748e-05 8.88819160173027e-06 0.000127556230321768 2.60860335096424e-05 2.37984912786482e-06 2.11485537928713e-06 0.000187749277590399 1.29334876938003e-05 -9999 -9999 -9999 -9999 -9999 -9999 -9999 -9999 -9999 -9999 -9999 -9999 -9999 -9999 -9999 -9999 -9999 -9999 -9999 -9999 -9999 -9999 -9999 -9999 -9999 -9999
0.00225420717265294 0.000646817384356679 0.00103624316053259 0.00108366838795053 8.88355042633293e-05 0.00189681602451791 0.000599586889720793 0.000199184101438732 5.00489248541514e-05 6.35680578085718e-05 1.12618621125882e-05 4.30193179594807e-05 1.6143528475332e-05 0.000147306414266291 5.2874518507906e-05 1.19914080187744e-06 4.95462793858037e-06 6.96677599155038e-05 1.917930782247e-05 -9999 -9999 -9999 -9999 -9999 -9999 -9999 -9999 -9999 -9999 -9999 -9999 -9999 -9999 -9999 -9999 -9999 -9999 -9999 -9999 -9999 -9999 -9999 -9999 -9999 -9999
9.7452841938761e-05 6.3743067946187e-05 0.00122067627862781 2.64409015785394e-05 0.00296055071437422 0.000632425234607026 0.00160196094412716 0.00135642640783449 0.00234541995407229 0.00154533849787768 0.000162388665303481 5.13493625203809e-05 7.63860051987697e-06 1.70561000910285e-05 1.90627188904058e-06 1.16332876149983e-06 4.74981941414043e-06 8.08842571800028e-06 9.81922779691446e-06 -9999 -9999 -9999 -9999 -9999 -9999 -9999 -9999 -9999 -9999 -9999 -9999 -9999 -9999 -9999 -9999 -9999 -9999 -9999 -9999 -9999 -9999 -9999 -9999 -9999 -9999
0.000179527019150783 0.000122913475376851 0.000104146098515523 0.000160549476139582 7.93824905547691e-05 0.000120817390872319 0.000105149667905435 9.33586906450845e-05 0.000138637161157362 0.00332925601849325 0.000177827856467527 0.000650252147276476 3.31117878678455e-05 7.59719363876421e-06 3.15813580139102e-05 1.69990743921211e-06 2.01718507209847e-05 4.72550405650196e-06 -9999 -9999 -9999 -9999 -9999 -9999 -9999 -9999 -9999 -9999 -9999 -9999 -9999 -9999 -9999 -9999 -9999 -9999 -9999 -9999 -9999 -9999 -9999 -9999 -9999 -9999 -9999
9.87130593102847e-05 0.000258744185462956 0.000163759063616187 1.07270803370807e-05 0.000161191994261711 0.000141260277232336 0.00012964342113273 0.000103479254322281 0.0017341817534912 0.00157013275123532 0.000130583465561551 2.12428260022102e-05 0.0162103459537217 9.74551662480394e-08 2.52360516982408e-06 -9999 -9999 -9999 -9999 -9999 -9999 -9999 -9999 -9999 -9999 -9999 -9999 -9999 -9999 -9999 -9999 -9999 -9999 -9999 -9999 -9999 -9999 -9999 -9999 -9999 -9999 -9999 -9999 -9999 -9999
2.02658746684126e-07 1.24073039620143e-07 3.290210044814e-05 0.000436062299226636 0.00129683399421269 0.00499361970357277 0.000462489776941766 0.00255707932926089 0.000150128184348475 0.000688484981011905 0.000155787727696022 6.25344493589863e-05 0.00332869482440658 -9999 -9999 -9999 -9999 -9999 -9999 -9999 -9999 -9999 -9999 -9999 -9999 -9999 -9999 -9999 -9999 -9999 -9999 -9999 -9999 -9999 -9999 -9999 -9999 -9999 -9999 -9999 -9999 -9999 -9999 -9999 -9999
