Maxent_result_files_2/B_argillaceus_3.asc
NCOLS 594 
NROWS 330 
XLLCORNER -15 
YLLCORNER 23 
CELLSIZE 0.166666666666667 
NODATA_value -9999 
[rows 180 to 199 of 330, columns 506 to 551 of 594]
0.000458918098593131 0.000496288157592062 0.000564088836836163 0.00071286504244199 0.000956587097607553 0.00130687323980965 0.0015306784916902 0.00163445548969321 0.00172059501637705 0.0020388689939864 0.00223466733004898 0.00233230557059869 0.00282686934806407 0.00471759856445715 0.00711595469620079 0.00787510087247938 0.0112691766116768 0.00689366436563432 0.0100560380378738 0.0104271748801693 0.0100054961396381 0.00622260991949588 0.00587171447696164 0.00391288946848363 0.00145543233666103 0.000716591614764184 0.000460848494549282 0.000468749177525751 0.00134654363791924 0.000736682662682142 0.000654358595784288 0.0018589740677271 0.00278763031819835 0.0018453954544384 0.00203445152146742 0.00143894852080848 0.000901508430251852 0.00107043620955665 0.000564866191416513 0.00045642861223314 0.000958858855301514 0.000817525520687923 0.00164891624590382 0.00157430963590741 0.00282111131818965 0.00238602939643897
0.00051668080559466 0.000538032931217458 0.000616729710600339 0.000732022438023705 0.000957623429712839 0.00130049094150309 0.00156699836661573 0.00174492956139147 0.00206667899619788 0.00208803602145053 0.00234416272141971 0.002565072797006 0.0026174615835771 0.00312627402599901 0.00357612929074094 0.00409958488307893 0.00510298396693543 0.00610848914366216 0.00933430998120457 0.0064291754970327 0.00557401141850278 0.00559608051553369 0.00691879952792078 0.00328759348485619 0.00258358999853954 0.00184919824823737 0.000881300616310909 0.000600752803438809 0.000426729857281316 0.000539460509025957 0.00096297754207626 0.00233069029636681 0.00223337051575072 0.00197074975003488 0.00302071310579777 0.00105245645681862 0.000607550361019094 0.000537997792707756 0.000610549554403406 0.0015002443920821 0.00107453703822102 0.000817469719913788 0.000939557878882624 0.00114416033320595 0.00168853646027856 0.00347083852393553
0.000604206463322043 0.000721276058175135 0.000788509665289894 0.000872535648522899 0.00100954962254036 0.00117050241096877 0.00145275187387597 0.00171681471983902 0.00212892916752025 0.00184980962076224 0.00214229425182566 0.00296667090733536 0.00300029943464324 0.00314700010931119 0.00438126187073067 0.00553138589020818 0.0040474736248143 0.00468581015011296 0.00530495623825118 0.00320469334255904 0.00310998826171272 0.00266354154446162 0.00304352288949303 0.0014822556724539 0.00105915215681307 0.000892580379149877 0.000989789472077973 0.000656996310863178 0.000388854974880815 0.000504950077447575 0.000584822594828438 0.00110489056096412 0.0014376056031324 0.00126302529533859 0.00199536341824569 0.00114708036999218 0.000872583518503234 0.000511378439841792 0.00069726592337247 0.00131315822945908 0.0011038933385862 0.000842197742895223 0.00100236628495622 0.00139336362481117 0.00177985501359217 0.0021419249009341
0.000647145419497974 0.000748066922824364 0.000824237914639525 0.000929853681009263 0.00101453672978096 0.00111823560728226 0.00136111406900454 0.00163505428354256 0.00157162341056392 0.00168117493158206 0.00198219293961301 0.00235412075417116 0.00286958636133932 0.0035061173257418 0.00372083252295852 0.00402688760077581 0.00299085836159065 0.00322419619187713 0.00286314626573585 0.00267233707709238 0.0026673635118641 0.00150536245200783 0.00146358805068303 0.00162251093424857 0.00149637442664243 0.000816523865796626 0.00106422124663368 0.00091751684085466 0.000891730666626245 0.000665488268714398 0.00108894934819546 0.0020001525292173 0.00345231679966673 0.00172817558632232 0.00117738993139938 0.00106188986101188 0.000780382592347451 0.000583174411440268 0.00106334933952894 0.00136704168107826 0.00115799349441659 0.000809587282128632 0.00123919755278621 0.0015876782941632 0.00194359729066491 0.00269810449099168
0.000655856064986438 0.000729071311070584 0.000794592764577828 0.000853405793895945 0.000924372323788702 0.00104690310836304 0.00126265697181225 0.00160406942013651 0.00181089801480994 0.00191369212116115 0.00207006596610881 0.00209768253844231 0.00228470671572722 0.00231084233964793 0.00208208847325295 0.00196348001481965 0.00207092493656091 0.0026778225612361 0.00248137281741947 0.00419290884165093 0.00370474316878244 0.00157728751655668 0.0010798302537296 0.0012472182395868 0.000977836587117053 0.000712808742537163 0.000960408477112651 0.000817679226747714 0.000585682343808003 0.000680303701665252 0.00106716240989044 0.00168403051211499 0.00155138872214593 0.0012785873375833 0.000992466663592495 0.00117483541544061 0.000763898437435273 0.000841800280613825 0.00115774306468666 0.00113031223590951 0.000915185193298385 0.0010862411436392 0.00190405827015638 0.00200349890510552 0.00173592052306049 0.0016851935419254
0.000676454827771522 0.000725905149010941 0.000780646823113784 0.000816479543573223 0.000926647474989295 0.00101842654694337 0.00125494162493851 0.00158172586234286 0.00193668166175485 0.00214402872370556 0.00197663856088184 0.00170237265410833 0.00151311259251088 0.00154245899175294 0.00144521378970239 0.00168171756668016 0.00171038974076509 0.00177495970274322 0.00206130715669133 0.00331005658954382 0.0032890064874664 0.00142130968743004 0.00115507521259133 0.00100180605077185 0.000787738015060313 0.000912204073392786 0.000823181140003726 0.000761786424845923 0.000839319382794201 0.000777337569161318 0.000986703857779503 0.00114380671293475 0.00123779136047233 0.00105567261343822 0.000947054830612615 0.00102844265638851 0.000753731840813998 0.00101858909183647 0.000953185197431594 0.000850028314744122 0.000771337139303796 0.00144442325690761 0.00199580737971701 0.00183358094654977 0.00151418234454468 0.00149724843795411
0.000705344673770014 0.000783584406599402 0.000869685769430362 0.000912854538182728 0.00112095242366195 0.00117554092139471 0.00124306443613023 0.001403115739231 0.00150084706838243 0.00160597852081992 0.0016015458619222 0.00131959345308132 0.0012752686830936 0.00140662037301809 0.00146546217147261 0.00145959587825928 0.00136766042269301 0.00139397611201275 0.00149068270984571 0.00176600032136776 0.00178671074681915 0.00134895782393869 0.00116761145472992 0.000931466335896403 0.000852622621459886 0.000886762936715968 0.000879969118977897 0.000864893742254935 0.000931560990284197 0.000727328918583226 0.000929388264194131 0.00102933460730128 0.000938855629647151 0.000278575510310475 0.000940590971731581 0.000708799264975823 0.000710597836587112 0.000735715818882454 0.000846603050013073 0.00101915252162144 0.00139677217230201 0.00174400889663957 0.00177558166906238 0.0012505414779298 0.00138046726060566 0.00201212485553697
0.000761841429630294 0.000816981945536099 0.000904015710693784 0.00100763972150162 0.00121152447827626 0.00129578162159305 0.00139613225474022 0.00139234548842069 0.00149496257072315 0.00134545594628435 0.00124449725262821 0.00115081260446459 0.00148703036247753 0.00175013900734484 0.0021496485976968 0.00186702382052317 0.0016341190552339 0.00150675756740384 0.00152371263247915 0.0014539079653332 0.00124200629070401 0.0011010033718776 0.000962526956573129 0.000949717048206367 0.000998718620394357 0.000805326484260149 0.000834024359937757 0.000842660700436681 0.000793019798584282 0.000695484213065356 0.000837673526257277 9.95196449366631e-05 0.000216061378523591 0.000206206817892962 0.000181426854032907 0.00060961518320255 0.000288112735142931 1.12709163659019e-05 0.000224021902795357 0.000311872759266407 0.000504220965376589 0.000753677181637613 2.90333031898626e-05 0.000155998916306999 0.00148772650863975 0.00165290566510521
0.000859794678399339 0.00080723947903607 0.000864450336666778 0.00101928450749256 0.00111648793972563 0.0011252457217779 0.00120690090407152 0.00130020447832067 0.00131935786339454 0.00111198178201448 0.00107409909833223 0.00131990517838858 0.00151323103345931 0.00163628727314062 0.00156078825239092 0.00138667096034624 0.00137832952314056 0.00143198928853963 0.00151906391256489 0.00140952924266458 0.00118481921381317 0.0011412600055337 0.00103684085479472 0.000914945660042576 0.000886546829133295 0.000837399176089093 0.000897123673348688 0.000721343346231151 0.000765884827706032 3.29513878114085e-05 7.34555481358257e-05 0.000458463530958397 0.00732439770363271 0.00684633043128997 0.00608140028780326 0.000394655784475617 2.85507617832081e-05 9.01540129234491e-06 2.1997705243848e-05 2.97101122669119e-05 8.35957569506718e-05 0.000314520310348598 0.000574664692976512 0.000416030601627426 0.000195931303096586 0.000104907202148752
0.000919113386771642 0.000986576391733252 0.00100438422523439 0.00106494270148687 0.00111360648297705 0.00112269811506849 0.0010728886059951 0.00106064098654315 0.00106659736775327 0.0011799043539213 0.00127784182550386 0.00130348510574549 0.00122300632647239 0.0013018330471823 0.00125640095793642 0.001277395588113 0.00139359424647409 0.0014164533931762 0.00149071337655187 0.00131702091312036 0.00111463845532853 0.000961975517566316 0.00090358127199579 0.000835168294725008 0.000820442658732645 0.000823968148324639 0.000828133494360372 8.76574644280481e-05 0.00014731934224983 6.35217715171166e-05 0.00708240009844303 0.0074003777699545 0.00691558960825205 0.000310195336351171 1.99546178237142e-05 7.65470433634619e-06 2.17665326317729e-05 1.99559974021213e-06 6.3472991882918e-06 8.92308531547314e-05 0.000969390571117401 0.000100569613277912 8.27229319838807e-05 0.000849118031328544 0.000345339443811099 0.000174423435782956
0.00111658412206452 0.00115202731394675 0.00117138435307425 0.00116683681262657 0.00108994279871695 0.0011192833975656 0.00110249909630511 0.00106734591245186 0.0011997678258922 0.00126868299848866 0.00118773909052834 0.00110972956463229 0.00119952198292594 0.00135086409864016 0.00157222161651589 0.00145910030114464 0.00144475633860566 0.00133965601853561 0.0012626080220798 0.00130778668972198 0.00135045192728285 0.00135872444952838 0.00103018820227589 0.000904586815158837 0.000850990225444548 0.000774449011078104 0.000100920347904321 6.56158109450189e-05 0.000292421968333656 0.00745349728967994 0.00741089486982673 0.00695426024030894 0.0001562545181514 2.79215886166639e-05 7.63540757361625e-05 0.00064019158744486 5.03627507896454e-05 7.23923653822567e-05 0.000702076137531549 0.000426652347960044 0.000245276111672865 0.000286357567529194 0.000315499045245815 0.000948970846366137 0.00118528315797448 0.00130547726876102
0.00119365554710384 0.00106857191713061 0.00119236661703326 0.00116151669935789 0.00112370273272973 0.00119220930500887 0.00124917142675258 0.00123350571666379 0.0012208897533128 0.00117227554437704 0.00118656068225391 0.00122489130299073 0.00152494619833305 0.00156154080177657 0.00164165497408248 0.00180916239623912 0.00166176333441399 0.00123765628377441 0.00127428843115922 0.00125412918278016 0.00119396040099673 0.00113251008442603 0.00109753717551939 0.000994995713699609 0.000905803529894911 8.37601875900873e-05 0.000573308012099005 0.00282341257407097 0.00775919759180397 0.000494099665411341 4.64700318389077e-05 0.000456995832792018 7.22559638234088e-05 0.000782349763903767 0.000718351011164486 8.66221445903648e-05 4.84771162518882e-05 5.59903604880674e-05 8.60598604958795e-05 0.000764570600586012 0.000525492025190033 0.000707579965819605 0.00085913754592184 0.00115948505699635 0.000960272867814638 0.00104049351357389
0.00122334082261659 0.00124104288697708 0.00122976429993287 0.00119470076169819 0.0012467151042074 0.00126018960727379 0.00131872737547383 0.00132954819127917 0.00131340266088955 0.00144061293685809 0.0015592192823533 0.0015544522262644 0.00149046334554441 0.00056160295389418 0.00177662877831608 0.00182276759296656 0.00161733840941451 0.0013239527848782 0.00125713642628398 0.00127168609469663 0.00115214761171956 0.00110273080645129 0.00103520243137609 0.000354344030165521 0.000942599063273519 7.7005665480101e-05 0.00062972674422781 0.00751869552768767 0.00716281167697161 1.42658826916886e-05 1.63791975182903e-05 4.74036092782626e-05 0.000772475803387351 0.00071652109909337 0.00072242800379172 0.000260437128054036 9.61527026447584e-05 7.56970266593271e-05 4.61173651274294e-05 0.000872036576038227 0.000903295708121732 0.000919427748885937 0.0012393185053952 0.00132834433461539 0.00112282733025495 0.00119121304596774
0.00131858240347356 0.00137868119636551 0.00136280038859695 0.00135041839093901 0.00136829994153231 0.00142641463899054 0.00165227871621028 0.00182487405254506 0.00198042927659117 0.00198295376612805 0.00180964766186662 0.00165770678431727 0.00158835510374047 0.00172606741543859 0.00164287167717703 0.00164390397258103 0.00144154740264639 0.00138317630044185 0.00145908739068545 0.00146305513335392 0.00131050157942809 0.00121377757459413 0.0011571507086046 0.0010536351997871 0.000455115353179281 0.000392748778540408 0.00855907590594143 0.00813916136976331 0.00797906282823533 2.9956669754938e-05 6.69741519914169e-06 9.72134304902284e-05 0.000253492398769595 0.000218803732423112 0.000894215190783143 0.000873098397278227 0.000316310712878476 0.000109087824785092 0.000101662309316453 0.00104665239050519 0.00108311313088052 0.00115963640273549 0.00124278680304997 0.00131123159080744 0.00138362747384235 0.00145653166691773
0.00138734236825258 0.00143355404725298 0.00153967331862077 0.00151515043689869 0.00152267783414572 0.00172098908224143 0.00200293464004062 0.00216046294663101 0.0020028239407111 0.00202257592463866 0.00202018587733619 0.0017555249389261 0.00163201713585295 0.00180378772201948 0.00173844408709556 0.00216701735043898 0.00194385529030114 0.00184264665003866 0.00158959177788347 0.00150744713610038 0.00138001511222683 0.00130056390771642 0.0012671631295234 0.001171221077675 0.000130302404613758 0.000880794215481728 0.0016152852535015 0.00886100311763585 0.000570574244920863 1.62608359914884e-05 4.57873487903271e-05 0.000135640086591593 0.000230475950229447 0.000360089528840035 0.00156300033559091 0.00109802371589467 0.00109746293746866 0.00111370501690544 0.000190287649093079 0.00129987407708541 0.00132693244959228 0.00135730580077507 0.00143975876271725 0.00151943014352582 0.0016246804210823 0.00177321641822346
0.0015961472527124 0.00157841870677657 0.00163645469001494 0.00167595153907314 0.00193889556103386 0.00194629373727366 0.00202008556807414 0.00211415029480122 0.00213578181574121 0.00209389689262025 0.0020164564717561 0.00211306931450963 0.00188088979921304 0.00219109909376129 0.00235308976843953 0.00240375860012136 0.00227261136169545 0.00222596281673759 0.00201887974981219 0.00208562796469778 0.00161560211563483 0.0014371294179 0.00132112153514754 0.00132341385469772 0.00132944748038426 0.000156968125338608 0.000125746258163417 0.00065347481140634 1.93978591596533e-05 9.63844154284743e-06 0.000129345620734966 0.000375966420688201 0.000423168807174079 0.0006609107775148 0.000684855043073185 0.00183084073942155 0.00149088617763482 0.00138502630288713 7.904923222668e-05 0.000552697219245601 0.00165454063680954 0.0016634450701531 0.0016604951757472 0.00173479937948287 0.00181484618224204 0.00189949688501656
0.00179047789424658 0.00172044196515344 0.0016988915973343 0.00184237086796202 0.00196600348572247 0.00193317872472107 0.00210066691506654 0.00213228719076142 0.00206506482791156 0.00224556950852275 0.00244867044966668 0.00282317028613761 0.00248697723727673 0.00254363942658529 0.00282823008019477 0.00295351392123848 0.00320654701208696 0.00364880212582648 0.00324818112421781 0.00260952851967886 0.00242492390680127 0.00191194228827953 0.00179845584789291 0.00168892288347706 0.00167294894345105 0.00155112384818494 0.000179326900433807 0.000344844142819056 3.50589321897132e-05 6.87606570863863e-05 0.00155690724495798 0.00201638008002192 0.00367754241451621 0.000609442559652962 0.00167281967005692 0.00199886081973091 0.00244870757451281 0.00208422207506374 0.00197519337525591 0.00188603539136238 0.00206849192618392 0.00214477455592714 0.00205693685566075 0.00204769565025344 0.00208626468665898 0.00204347692779265
0.00204103130381554 0.00206879082834348 0.00193970971158706 0.00197317620040849 0.00232853752095252 0.0022490345290862 0.00090028042504855 0.00235046189045534 0.0022276210365817 0.0023184846737422 0.00260175779694691 0.00293733802391216 0.00287280874326825 0.00319075053557754 0.00298378607258201 0.00299865781562403 0.00351401866646484 0.00442201509140432 0.00463259953539819 0.00468947156332433 0.00375913304742426 0.00245717443758622 0.00269218815956265 0.00242671278538182 0.00223027737811208 0.00211108868243173 0.00212401956669055 0.00200482805958018 2.91700220259372e-05 8.36714447132181e-06 0.00258039885666221 0.00299666501814499 0.00329920487711206 0.00425533573143184 0.00529409490991384 0.00779309491626918 0.00689095333218575 0.00374538672622293 0.00299097369424999 0.00290487175807357 0.00571987144649029 0.00351935317739844 0.0025288401520811 0.00222156539093703 0.00218370063230395 0.0022210982744582
0.00218202521791682 0.00229452912462875 0.00246149036101997 0.00260423057479784 0.00271735123824328 0.00434769447892904 0.00112080881808652 0.0039231632836163 0.00286219274858013 0.00397643803153187 0.00318123779725283 0.00315567656653002 0.00315279045607895 0.00261575662298128 0.002618153905496 0.00260094247059897 0.0029103338252753 0.00353977676713839 0.00409671467496082 0.00443677871953696 0.0052876352565363 0.0054224684368819 0.00432215080363676 0.00349507969804108 0.00287044933065772 0.00275568432407454 0.00260024020681158 0.00237295620609075 4.85174597088189e-05 5.20791219059902e-05 4.26678800067748e-05 0.001010271035193 0.00314927963772789 0.00374418306164444 0.0051599744008854 0.00535225109197199 0.00493617495521903 0.00417195823974907 0.00471773229073733 0.00465127867646515 0.00766570717096329 0.00969604412093759 0.00335275270044804 0.00266015133820474 0.00223562425235286 0.00269198324531317
0.00200372695690021 0.00226118870778009 0.00263780899113044 0.00281251963460818 0.00288836427498609 0.00284760174108669 0.00245458459248766 0.00277030855650082 0.00249343090690672 0.00229952272493392 0.00252929285634309 0.00499690137803555 0.00350315988762304 0.00355549262603745 0.00362795981345698 0.00396989389555529 0.00340828145854175 0.00552517594769597 0.00447844758164138 0.000575392309110612 0.000271422186779091 0.00140750489517814 0.011911670351401 0.00602927238214761 0.00383153965231031 0.00346848730696365 0.00293077927781269 0.00717150466516614 0.00284927716711536 0.00379444696009159 0.000199796806191443 0.000641135733167175 0.000623836430168012 0.00404727924615145 0.00434021053370088 0.00465843584388495 0.00478860870935023 0.00494088954292238 0.00519204423762858 0.0052704595727846 0.00601150928996503 0.0216737587936223 0.00502356530632824 0.00540281787980348 0.00495647951029241 0.00317158278776333
