Maxent_result_files_2/B_armeniacus_2.asc
NCOLS 594 
NROWS 330 
XLLCORNER -15 
YLLCORNER 23 
CELLSIZE 0.166666666666667 
NODATA_value -9999 
[rows 280 to 299 of 330, columns 45 to 89 of 594]
0.00285764963991824 0.000620760166589207 0.00122557481117838 0.000154633253600878 7.43865385643971e-05 3.10882403475432e-05 1.54906047782788e-05 7.4020280158571e-06 3.05543509506734e-06 5.59986558982928e-05 6.69151999773021e-05 3.37910001235286e-05 5.37915387212706e-05 1.45755301113049e-06 7.24446927113931e-07 5.12337159197518e-07 3.25706716874929e-07 3.36431418324068e-07 1.97908913501799e-07 1.66088089526006e-07 1.50313265245838e-07 1.45099670845195e-07 3.28439192043284e-07 5.61684733979551e-07 1.04643469285293e-06 5.58243028281336e-07 1.64488504239557e-07 1.35517268473606e-07 1.48779354525175e-07 1.21359985905123e-07 1.18674958204945e-07 1.08304274482052e-07 1.05643898973273e-07 9.84379173507577e-08 1.37754774021115e-07 1.09977693729668e-07 1.62877772236225e-07 1.96186660139652e-07 1.91835997398471e-07 1.80501988045201e-07 1.80239470426447e-07 1.81418038025516e-07 1.69355608159449e-07 1.44584839822937e-07 1.4441793454445e-07
0.000444433775054698 3.14297380980655e-05 1.1288601943793e-05 4.68648494711399e-06 5.27897360294016e-06 2.59973940438529e-06 2.81381427700289e-06 5.87756226302361e-06 7.73636125813937e-05 0.00010068083229271 3.66855048355319e-05 0.000173222632020043 2.01814294261693e-06 6.31518989568924e-07 4.48743638492566e-07 2.56671597620439e-07 1.92045830427201e-07 2.07689875342254e-07 1.38638118296619e-07 1.36869182731925e-07 9.28110315823183e-08 8.96102471448223e-08 1.17600123916706e-07 2.27723236412292e-07 2.78905463846346e-07 2.35800525238972e-07 1.25500078929086e-07 1.16619923984373e-07 5.25425554842585e-08 4.44146898259667e-08 4.55270570354216e-08 6.5563623496967e-08 8.16807573023048e-08 1.1560866030047e-07 1.30585506319392e-07 1.16775248659717e-07 1.3454827849646e-07 1.49475131261401e-07 1.34344172275647e-07 1.14949537144415e-07 1.18157946726871e-07 1.19975063217481e-07 1.15649554166541e-07 1.04157293689955e-07 1.04869607520097e-07
0.00874218659591861 2.96272904819261e-05 1.84349383857807e-05 3.42022736032899e-06 2.50987916729173e-05 1.12289020364642e-05 5.64048193396616e-06 2.50630964160337e-05 4.88172544010013e-05 2.13196456293474e-06 8.76004178806955e-07 2.219067294007e-06 4.07799900103978e-07 3.32401303571039e-07 3.4515834221871e-07 1.56309596566206e-07 1.11629953503112e-07 1.0673315967713e-07 1.03058443134962e-07 9.47464922962382e-08 7.5469129490191e-08 8.12202305855436e-08 9.7579908531209e-08 1.30057552483187e-07 1.64985534356621e-07 1.44994224982042e-07 9.04014703650979e-08 7.58588482696609e-08 4.37793602814374e-08 4.34026939388765e-08 3.69922259157995e-08 4.99309405266324e-08 6.52775625331614e-08 1.04249754262487e-07 1.16155449891853e-07 1.17582872805055e-07 1.25487460400642e-07 1.16149901274731e-07 1.04635235853578e-07 9.9105548423406e-08 9.77732341422843e-08 8.60366312416261e-08 8.28886686177199e-08 8.50704404364855e-08 8.62478380270204e-08
0.000791720779488969 0.000126358572288154 2.86323874462369e-05 3.36768422812383e-05 8.3156349728597e-05 1.74962305436566e-05 1.58313193310278e-06 2.02654684962056e-06 9.02674270375492e-07 9.68612024054849e-07 1.14236873303142e-06 2.61338147222734e-07 1.97755711806025e-07 2.0681130649125e-07 1.43577762556912e-07 9.8243206680948e-08 8.32915070025919e-08 6.25259972797387e-08 6.29821476194614e-08 7.4341751377105e-08 1.14914662874277e-07 1.13947938273906e-07 1.31013135251656e-07 1.06228105634099e-07 1.00548369141862e-07 9.16204725864844e-08 7.89024644620717e-08 6.22448514953078e-08 4.52652791582686e-08 3.83697774553049e-08 3.03136496460077e-08 3.91989982140295e-08 5.06566370628292e-08 6.31386352312191e-08 8.07192681362423e-08 8.83490585024127e-08 8.7268950255126e-08 8.95725755567511e-08 8.3868461331349e-08 8.17861888657845e-08 7.95813966170122e-08 7.44521464479675e-08 7.51828015954636e-08 6.7533262959607e-08 6.7703881145853e-08
0.000208041478766852 6.55556307833649e-05 1.02388606150861e-05 5.29728188625178e-06 2.9316260000023e-06 3.20685721959535e-06 1.87898834553835e-06 9.98120118556045e-07 2.62807446982372e-07 4.44526972309678e-07 1.72104371098936e-07 2.78846711465608e-07 1.3473556299548e-07 1.08130736009571e-07 7.62003416143742e-08 7.34892813047949e-08 1.03763920522582e-07 1.13061897277777e-07 6.84858303956482e-08 1.03713193955191e-07 9.20822980088332e-08 9.5647445197411e-08 7.74225267785589e-08 6.28136143876468e-08 6.13513613800798e-08 5.92992252967939e-08 5.35755413921812e-08 4.69081228415824e-08 4.27810622039004e-08 3.77838659804119e-08 3.21773756195576e-08 3.39609833144294e-08 4.68473209447318e-08 5.23830944731962e-08 6.40135057516922e-08 6.59924585311167e-08 6.47606234638332e-08 6.56208519300705e-08 6.32639955644443e-08 6.10253202082411e-08 5.71375616598147e-08 5.41579966095718e-08 5.49161964902289e-08 5.11903301525507e-08 5.00922807011861e-08
3.87042198719989e-05 2.37263798804399e-05 5.77413451048336e-06 3.45911147725531e-06 4.60790851803949e-06 1.41465523970652e-06 1.11887236955432e-06 5.69121041538168e-07 2.2995344197696e-07 5.51210757038234e-08 5.90147283263676e-08 2.4222746616287e-07 1.93011908711238e-07 1.36514917370434e-07 5.87701924015249e-08 8.71363974419559e-08 1.3519447706889e-07 9.54048879453495e-08 6.8066344172113e-08 4.63141788031862e-08 4.33617961759225e-08 5.34547717312428e-08 5.3258951682178e-08 4.08571935950341e-08 4.44253225206914e-08 4.22816121670166e-08 4.07692751780431e-08 3.76443858085551e-08 3.56631413400699e-08 3.38313193459783e-08 2.93856201927234e-08 2.75337491029148e-08 4.28900158722101e-08 4.74118481696983e-08 4.95509158815466e-08 5.10719218915767e-08 5.23503144500559e-08 5.27580293119279e-08 4.96062609989245e-08 4.82305690829854e-08 4.46935891074141e-08 4.04703334067058e-08 4.08340666835372e-08 3.78098439779428e-08 3.72405380089091e-08
1.3323962601719e-05 4.3196257558975e-05 8.47909766277244e-07 1.97518130629071e-07 2.16599686431174e-07 7.01101333167031e-07 9.25104168558732e-07 2.31097331049313e-07 1.29622460842693e-07 4.9019319348087e-08 2.81009666203147e-08 3.06663001881091e-08 1.36902984804177e-07 5.63142262821614e-08 5.74885173909578e-08 7.04512057914108e-08 6.19771849508233e-08 5.621219908436e-08 3.29357980999312e-08 2.84804353545276e-08 2.75663147197847e-08 3.57962080643759e-08 3.82997325187873e-08 3.0702110509484e-08 3.01915116351914e-08 3.02290706466479e-08 2.75244580572043e-08 2.6614455594931e-08 2.72800371070581e-08 2.50668427126399e-08 2.13445084940034e-08 1.859274396665e-08 3.16330128091735e-08 3.58470169214975e-08 3.79825312091242e-08 3.95579766720999e-08 3.79299910036046e-08 3.77432854192783e-08 3.65536032109759e-08 3.47718426274568e-08 3.177218195205e-08 2.99700113837176e-08 2.90730889584978e-08 2.72005178381107e-08 2.6330732072477e-08
2.70158191373326e-07 1.66337291895857e-07 1.43413076181265e-07 1.31845197837155e-07 1.49759326584231e-07 2.55689559747196e-07 1.92697694956223e-07 1.61108893637074e-07 1.25925794525195e-07 5.79423255486766e-08 3.24431570719597e-08 2.56570770740261e-08 3.25504620479755e-08 3.66856337974397e-08 4.14608051668708e-08 3.78813828971758e-08 4.05213016474448e-08 2.15239948531121e-08 1.88227854303058e-08 1.7500154569916e-08 1.7791515150023e-08 2.04587753627194e-08 2.25358968819478e-08 1.84641904765748e-08 1.9109000870543e-08 1.95642212541536e-08 1.51475134768653e-08 1.53636300459503e-08 1.77082675523188e-08 1.86644587563123e-08 1.87765718528965e-08 1.67101142589665e-08 1.63337922853835e-08 2.43777058539507e-08 2.74392287780145e-08 2.8929466444616e-08 2.83244901089219e-08 2.80172724465011e-08 2.6404167008387e-08 2.45546907584604e-08 2.40407809215526e-08 2.31536485095774e-08 2.21002531275438e-08 1.94292807731422e-08 1.90823549295338e-08
8.61514463768032e-08 8.99792916286835e-08 5.19968849754804e-08 5.99919351640388e-08 3.39387741132846e-08 4.77178733637729e-08 1.43969903665386e-08 1.43416466036328e-08 2.22201477884099e-08 2.16808392905499e-08 1.53655167589584e-08 1.48963149593229e-08 1.85643933781066e-08 2.26962206806292e-08 3.09302317202942e-08 2.57478785181675e-08 1.81641039209701e-08 1.59049126646771e-08 1.49177749708684e-08 1.10053766655405e-08 1.10230801708688e-08 1.3611801408242e-08 1.46756867103193e-08 1.22214492304096e-08 1.06345005024266e-08 1.14449990595844e-08 9.95693908434347e-09 1.29621980815564e-08 1.06604465921478e-08 9.94273633425635e-09 1.15142133605417e-08 1.41769895600774e-08 1.19719195335044e-08 1.35683382085361e-08 1.89552096796497e-08 2.17144296432714e-08 2.30536139511628e-08 2.20641993564641e-08 2.08323660877419e-08 1.99983045456875e-08 1.9306168841382e-08 1.80641669067505e-08 1.58903063485205e-08 1.46136165612987e-08 1.48025355306558e-08
5.51208669485881e-08 5.26582166315848e-08 3.0676535855978e-08 2.65907037944046e-08 2.18914704031015e-08 1.6583378126267e-08 1.32557966270319e-08 1.06022884693857e-08 1.1361414065103e-08 1.15837615721759e-08 9.52483650840108e-09 1.0192641342055e-08 1.33668574764378e-08 1.96781352546083e-08 2.16260530039314e-08 1.88068839945821e-08 1.61734249992662e-08 1.50797404008252e-08 1.12977875499354e-08 7.79020186136847e-09 9.764612707297e-09 8.54071300349091e-09 8.08090379056381e-09 7.25726325701004e-09 6.68132236203434e-09 6.79067214681695e-09 7.79319818677848e-09 9.80826917462707e-09 1.00434687455575e-08 1.03330213496733e-08 8.48572377920576e-09 6.3521761517471e-09 7.02039247846287e-09 9.06320771765223e-09 9.97908335964581e-09 1.56282084051718e-08 1.73879697529244e-08 1.6292328797185e-08 1.68898550478858e-08 1.7180639233505e-08 1.62562899364005e-08 1.48892216333962e-08 1.33980957106594e-08 1.24373297105684e-08 1.18389117509388e-08
2.53928875371123e-08 2.5784385682126e-08 2.86864920484575e-08 1.90660808363496e-08 1.70059695547842e-08 1.27789232640119e-08 1.01696772225601e-08 1.14730071665292e-08 1.10240314099563e-08 1.31130335478957e-08 1.38114061076777e-08 1.10008486098323e-08 1.21311176881633e-08 1.38645223635159e-08 1.70165316393245e-08 1.85059762625173e-08 1.42183028351006e-08 9.05557067110152e-09 5.82941515059332e-09 5.59318650283913e-09 6.76590843351477e-09 6.96427810975564e-09 6.96951107936883e-09 5.56538531926165e-09 4.43147967210677e-09 4.32559075225214e-09 5.98221701064716e-09 6.796900831052e-09 6.95532846872737e-09 7.96362923383143e-09 8.66062881410556e-09 4.9054856177122e-09 8.06609803394309e-09 1.15791956578626e-08 1.0125410010442e-08 8.18182228634612e-09 1.16986782816575e-08 1.29124268277714e-08 1.31315972429213e-08 1.28573022117884e-08 1.27077937506215e-08 1.16346804635015e-08 1.10967566246956e-08 1.02864731066354e-08 9.56686561082165e-09
1.91853272379916e-08 2.21329985450325e-08 2.52695589231244e-08 1.97529949730324e-08 1.62502438283418e-08 1.86036525184896e-08 1.62768159173154e-08 2.53113474291133e-08 2.58080088078039e-08 2.92528726797414e-08 2.3359501322151e-08 1.83342688364618e-08 1.3939005683028e-08 1.38260350057706e-08 1.45742920287795e-08 1.23262014817271e-08 1.07379820257769e-08 8.2070672924317e-09 5.74400172981271e-09 6.42867959976812e-09 7.12828499560558e-09 6.39402981672532e-09 5.24070309371183e-09 3.81118384629175e-09 3.06204279709732e-09 3.17977896235888e-09 3.65300802940283e-09 4.57301583267622e-09 4.93624867647924e-09 6.06225434296448e-09 7.86306554312333e-09 7.1736957041324e-09 6.59004819603126e-09 9.52060545955646e-09 8.99360848016784e-09 7.61609524335682e-09 5.99757945529689e-09 8.52807587881088e-09 1.00703380301326e-08 1.05529547433925e-08 9.87340681435356e-09 9.37600633799107e-09 8.83289178466029e-09 7.87842493465973e-09 6.64350808809999e-09
2.00090898849759e-08 2.83005007650772e-08 4.75283582379582e-08 6.46771585066652e-08 4.37437067679625e-08 5.02960789128259e-08 4.21684860807403e-08 3.21129107194729e-08 2.83537974210546e-08 2.30756657670916e-08 1.95045483208922e-08 1.60110036673267e-08 1.10367011196821e-08 1.02639073129573e-08 1.01391905649173e-08 9.25170697829714e-09 7.45905633925403e-09 6.9681740488825e-09 5.54477890268856e-09 6.07182036871379e-09 5.89266857531356e-09 5.39204396687865e-09 3.17279613692989e-09 3.06301569663603e-09 2.71743229030008e-09 2.15073873155447e-09 2.50966172288258e-09 3.20859492308756e-09 4.65656617709698e-09 5.95011323545336e-09 6.2484957430442e-09 7.4341245270837e-09 7.07497954666181e-09 6.42723390065214e-09 6.08573098581644e-09 6.0614253061253e-09 4.41413066099017e-09 1.1973482771932e-08 6.65646905373407e-09 8.51988912753399e-09 8.5057653809173e-09 7.55308792177445e-09 7.01462997687585e-09 5.79115536636365e-09 5.27226304836148e-09
1.98963680642095e-08 2.39698699222579e-08 2.36817293441938e-08 3.41232933021018e-08 3.37739756162136e-08 4.1785942161976e-08 2.89506274619988e-08 1.95090693044797e-08 1.87260574491255e-08 1.84382811574402e-08 1.5854778512292e-08 1.30080395011056e-08 9.26834011760747e-09 8.53440573767017e-09 8.271113149938e-09 6.96053541471286e-09 6.31621639435309e-09 5.93730193898523e-09 5.43610219061463e-09 4.6278028520419e-09 4.37690156340764e-09 4.21821952922841e-09 3.31069772707693e-09 2.03995534908685e-09 2.53659528937078e-09 2.33958654671795e-09 2.52519964938358e-09 2.66307114138442e-09 2.97449618269496e-09 3.96758967902144e-09 5.2066736699885e-09 5.86551452963491e-09 6.17890023590917e-09 5.56160238973646e-09 5.1930364564079e-09 5.34546977792871e-09 5.20037187756728e-09 1.20312939499989e-08 7.79930370287119e-09 6.36631934947118e-09 6.84061491895704e-09 6.50856184503112e-09 5.72818600330649e-09 4.86729482274129e-09 3.00605124126108e-09
5.81848341951741e-08 4.61517540406575e-08 3.06605374977842e-08 2.00814359696544e-08 2.62064305811549e-08 2.31172817333203e-08 1.53430155691581e-08 1.42884718723479e-08 1.71467579468398e-08 1.56838520837255e-08 1.14890087887787e-08 8.66656990616832e-09 7.26002832296402e-09 6.92708519434149e-09 5.86081958520168e-09 5.00790224844394e-09 5.26821306578995e-09 5.48812930656339e-09 5.7150257193328e-09 4.44275967126373e-09 3.1037932668454e-09 3.07359246942696e-09 2.61044348359718e-09 2.63923899401775e-09 2.70627527054756e-09 2.54122229925713e-09 2.30341128393263e-09 2.25275009757553e-09 2.23269231991452e-09 2.77678757765187e-09 4.73810111145667e-09 4.73944307133323e-09 4.51262341938374e-09 5.01572592348509e-09 5.30088494210545e-09 5.25014149932446e-09 5.43300936461932e-09 5.94088840344398e-09 5.85969371913464e-09 5.12894726689694e-09 5.65695582599446e-09 4.85913604908461e-09 4.88988026736692e-09 3.0837615905277e-09 2.19694663572412e-09
5.6142359250444e-08 4.90910864958671e-08 4.41796166428254e-08 3.83537746895257e-08 2.82134319018468e-08 1.51881189180969e-08 1.20547271720284e-08 1.16308658815178e-08 9.61866825077706e-09 8.99898026096579e-09 6.96755482199052e-09 6.04071425103214e-09 6.22279661133263e-09 5.54908398120446e-09 5.03910071447677e-09 4.89775436873785e-09 5.01012776821241e-09 5.18132095006507e-09 5.08096518192502e-09 3.56187049854739e-09 2.86643448976776e-09 2.28703186389012e-09 1.98607947865526e-09 2.09894770453189e-09 2.1913988290656e-09 2.24451629504685e-09 2.13593921438715e-09 2.42649201842582e-09 2.44318044684277e-09 1.72633015660395e-09 2.25172551715502e-09 2.83348620122581e-09 3.65030142779332e-09 4.5366176926187e-09 4.40322203143495e-09 5.30348652771906e-09 6.16992175128672e-09 6.05149178545261e-09 5.73531524494797e-09 4.90970107902555e-09 5.60234186819386e-09 4.88536675558038e-09 4.23753607758925e-09 3.16138661915488e-09 3.09800056719212e-09
4.25930559710963e-08 3.56137861534656e-08 2.86477927047279e-08 2.21701095703963e-08 1.77478452378921e-08 1.36400966743722e-08 1.1489631457362e-08 9.5427232338352e-09 7.83673373971894e-09 6.77208176202981e-09 6.30025346337604e-09 5.93882768518128e-09 5.7317519730482e-09 5.47224221492115e-09 5.34071102897826e-09 5.17743463657183e-09 4.53676218814536e-09 4.06914382189427e-09 3.4971620266333e-09 2.8493453041456e-09 2.5446725171463e-09 1.99456227090167e-09 1.84474581166327e-09 2.08492115794101e-09 2.10754579343941e-09 2.10772780340207e-09 2.07797635765061e-09 2.00002439054714e-09 1.80896134738262e-09 1.64990183737501e-09 2.05021051247201e-09 2.20545607332312e-09 2.65161125279079e-09 2.82540418838906e-09 3.72248155633415e-09 4.537612463551e-09 5.54389967266644e-09 5.7762378991022e-09 5.48215400852925e-09 4.5835890638557e-09 4.78907943302076e-09 5.21598805258705e-09 4.73438203085763e-09 3.95345051140694e-09 3.84439846623508e-09
2.41315022964095e-08 2.03578316204656e-08 1.75006671598865e-08 1.51383975910413e-08 1.37754364581966e-08 1.13738689466736e-08 9.98501513693739e-09 8.04553916822215e-09 6.83003268386884e-09 6.01692481394522e-09 6.68554179794612e-09 6.19256308453942e-09 5.56740682444712e-09 4.97743772864823e-09 4.76378213543072e-09 4.07654358047793e-09 4.23785987413439e-09 3.5218760463529e-09 3.06646271708289e-09 2.91513329031545e-09 2.721454372967e-09 2.1340782696555e-09 2.02958476691606e-09 1.89548156059871e-09 1.74762548876828e-09 1.63196104407959e-09 1.5958548371664e-09 1.61176051394207e-09 1.49535214211127e-09 1.75224337262136e-09 1.77453507443914e-09 1.88210200757766e-09 2.13618684963279e-09 2.43818099043835e-09 2.52933005651101e-09 3.67108635712654e-09 4.16314958062713e-09 4.74141607087475e-09 5.04327196670928e-09 4.35807312459957e-09 4.47209612675081e-09 5.02098527199735e-09 5.15884371887765e-09 4.13806927612725e-09 4.23123164283723e-09
1.5147843812624e-08 1.37440957392876e-08 1.21236556238635e-08 1.18657241143794e-08 1.10916642981351e-08 9.71386256987117e-09 8.72307449606424e-09 6.01681114931196e-09 5.71490710310485e-09 6.42218228597002e-09 5.65738674795924e-09 5.49485202894218e-09 5.04435856418795e-09 4.55490144490867e-09 4.50146542263496e-09 3.92674404103843e-09 3.55726939016421e-09 3.11418725251755e-09 2.91131575513859e-09 2.62600104994348e-09 2.41823338020808e-09 2.0651863552601e-09 1.73919135759704e-09 1.66657965205985e-09 1.53079222631192e-09 1.53980206363258e-09 1.65922124928386e-09 1.37135802713573e-09 1.63671081132577e-09 1.68363459840393e-09 1.71444766161599e-09 1.76964800591151e-09 1.8822791658657e-09 2.66868021014943e-09 2.84858772126029e-09 3.04728773325991e-09 2.96086934969964e-09 3.68480350676492e-09 3.80388956999766e-09 3.61381572444586e-09 4.34634684909341e-09 4.98043811747451e-09 5.34816874120381e-09 4.43846910336276e-09 4.33579866454536e-09
1.2082246281242e-08 1.01889812920142e-08 9.58833660247294e-09 9.8808166981712e-09 9.89116374361387e-09 9.28847557757351e-09 7.57782120386352e-09 6.36546166887797e-09 5.9906245297725e-09 5.85397516017494e-09 5.12103361938188e-09 5.30113980490299e-09 4.81385581396765e-09 4.47469068465267e-09 4.03931420533965e-09 3.54520747203324e-09 3.01449284423327e-09 2.81530896373283e-09 2.63599755356836e-09 2.31990679999683e-09 2.05862997759709e-09 1.77469028361799e-09 1.48425841617339e-09 1.7549343866996e-09 1.738258126327e-09 1.83796584618534e-09 1.63292982469088e-09 1.47086377522143e-09 1.46796409472572e-09 1.51873821296888e-09 1.47245797776918e-09 1.57211677009883e-09 1.95216605103354e-09 2.48002023361948e-09 2.9918297506093e-09 2.69930563456811e-09 2.5415611615287e-09 3.15147873353183e-09 3.47756415886025e-09 3.58283022139361e-09 3.71317042668906e-09 4.20671021350572e-09 4.89778363421678e-09 4.93798568701465e-09 4.96316253650875e-09
