Maxent_result_files_2/B_armeniacus_2.asc
NCOLS 594 
NROWS 330 
XLLCORNER -15 
YLLCORNER 23 
CELLSIZE 0.166666666666667 
NODATA_value -9999 
[rows 200 to 219 of 330, columns 315 to 359 of 594]
-9999 -9999 -9999 0.202555652379735 0.000860101822763681 0.0013674920424819 0.00132901854813099 0.00133183784782887 0.00128108048811555 0.0961559414863586 0.00417972095310688 0.00110202450305223 0.00665160939097404 0.052684795856476 0.039423668384552 0.9 0.992982047796249 0.464202301204205 0.000540689332413136 6.84034927586175e-05 0.000870455744006904 0.00100483412411256 0.00105433032698556 0.00307620431740361 0.00236890214660125 0.00215142931529329 0.000122690863811392 0.00457194317132235 0.0136974066961557 0.00479280991712585 0.00665178400776663 0.00679179355502129 0.00593134536175057 0.00596161791472696 0.00508545735063086 0.00530365937156603 0.0045665146491956 0.00396986900013871 0.0193030570284463 0.018036793463286 0.107692053355277 0.100953621789813 0.0948098727880279 0.0389954552196288 0.068469925946556
-9999 -9999 -9999 -9999 0.000582950189709663 0.000219791405834258 0.000177933240775019 0.000396673195064068 0.000239834189414978 0.000200449419207871 0.00012161813210696 0.000197666278108954 0.0630601823329926 0.399999958276749 0.00526964217424393 0.017689161002636 0.954139184951782 0.364904031681363 0.00739891106313735 0.000150252320037136 0.000946756172925234 0.00154791090171784 0.0033038412570022 0.00279207111169342 0.0010379101107938 0.00150377070649392 0.00128148226097649 0.00512610634905286 0.00682510685874149 0.00263650855390987 0.00405796663796993 0.00507457317947698 0.00395763530734996 0.00653456914005801 0.00567279798560776 0.00499746029963717 0.00455275265267119 0.00401715138577856 0.000993739304354191 0.00327894278161693 0.102062959782779 0.110715332021937 0.181695784628391 0.030989675849878 0.148412208259106
-9999 -9999 -9999 -9999 -9999 -9999 -9999 -9999 0.000242032273672521 3.54782241629437e-05 4.40056959632784e-05 0.000132962258066982 4.21171898778994e-06 0.00569038987159729 1.90069531527115e-06 0.000591316260397434 0.731658804416657 0.214994381368216 0.527465663435134 0.00180530454963446 0.00110134789720178 0.000898372009396553 0.00179144255816936 0.00173722580075264 0.00265874695032835 0.00155512606841839 0.00202367806599568 0.000230193283201674 0.037484809424828 0.0197332098265178 0.00241026546981367 0.00258144074898681 0.00562048666179675 0.000981420557945967 0.00630983635783196 0.00218064514498336 0.00734690502285957 0.0168651401996688 0.000423559747741664 0.00408490210247692 0.00336790432047565 0.0132273667202668 0.00918686642639826 0.101758727431297 0.19962966889143
-9999 -9999 -9999 -9999 -9999 -9999 -9999 -9999 -9999 0.00152369579302261 2.33969520195387e-05 3.32436793542001e-06 1.37837972147281e-09 2.14748236970763e-09 2.34276318224147e-05 0.0211749316773907 5.11714454930257e-05 9.7889285299857e-08 4.73169326759448e-05 0.00182836428284645 0.00285768993198872 0.00288858506828547 0.00134482597932219 0.00031983305234462 0.00267726648598909 0.0228214904665947 0.0230732291936874 0.00720980390906334 0.0054749634116888 0.00506233461201191 0.00273409511646889 0.00270865407995728 0.000217189204975088 0.0650007516356513 0.00508543118135852 0.00148794759355313 0.00407346981110288 0.00656214618502418 0.0039733165424213 0.00449071619901792 0.00385088377224747 0.000503386574728115 0.00281572221637507 0.0754656751640141 0.13859014287591
-9999 -9999 -9999 -9999 -9999 -9999 -9999 -9999 -9999 -9999 -9999 9.12703544599935e-06 1.70333132700762e-06 4.5148336624834e-09 0.500001615714609 3.58915822289418e-06 4.2311448851251e-07 1.67607304319972e-06 3.97896474169102e-06 2.9427155823214e-07 4.53450354598317e-08 9.20334423426539e-05 0.0702262580394745 0.0278545618057251 0.0378554701805115 0.0382821844830392 0.0361105769872665 0.0242224128449177 0.0236816361546516 0.0196124285459519 0.0331889278621995 0.00684034004807472 0.0223086316475862 0.00297741728072652 0.00253172264376644 0.00282191158925684 0.00192971706688815 0.00411707921593916 0.00375172559579369 0.00356084929662757 0.00524483655489544 0.0032372830552049 0.00289117755601183 0.00243989615992177 0.139669156074524
-9999 -9999 -9999 -9999 -9999 -9999 -9999 -9999 -9999 -9999 -9999 -9999 1.93462392417132e-07 2.94021180735626e-09 2.16588862400613e-09 0.200000112616767 0.600012829138723 0.0870715670404024 5.0755148549797e-06 7.21955002518371e-06 1.56432706717169e-06 1.58354323502863e-06 1.51371648371423e-07 7.0712724209443e-08 3.13415193886613e-07 4.80718990729656e-06 3.91795983887278e-06 0.000196893909014761 0.00445856862128599 0.00390671975910664 0.00494633690778122 0.00788538333203075 0.0510882496971522 0.0328681490115817 0.00302766327193008 0.00294434082814143 0.00356741139164404 0.0051044449210167 0.00250010865251653 0.00130253554261229 0.00497822426259518 0.00250183834483286 0.000722399668607021 0.00387015752494335 0.0189579188842807
-9999 -9999 -9999 -9999 -9999 -9999 -9999 -9999 -9999 -9999 -9999 -9999 -9999 3.50104266544804e-05 5.94558802191614e-10 6.35616625999091e-10 1.41843634082761e-07 1.22826331789838e-06 2.50349221460056e-06 0.000115924258716404 3.10471514239907e-06 8.88697046320885e-05 3.92671609006356e-06 1.3647397281602e-05 2.60192500718404e-06 3.24682652717456e-05 1.10123492049752e-06 3.06053116219118e-05 0.000155292497947812 0.000863601250409352 0.00161095793148815 0.00211371691814534 0.00417526456994131 0.00213311873376369 0.000810172688215971 0.000236073415726423 0.00322288051247597 0.00281417073280569 0.00468111121480855 0.0011449797828379 0.00389712114956637 0.00290021291002631 0.0043377798050642 0.00430407559695383 0.00402282163713209
-9999 -9999 -9999 -9999 -9999 -9999 -9999 -9999 -9999 -9999 -9999 -9999 -9999 -9999 -9999 1.059181522578e-06 4.52946895768136e-08 1.34309984787251e-06 2.3089876776794e-06 0.600001889165105 0.600016048227641 8.80199077073485e-06 6.45548352622427e-06 1.27584411529824e-05 0.000115435803309116 7.95037558418699e-06 1.16413502837531e-05 5.00818947330117e-05 1.15407172415871e-05 7.31538784666808e-05 0.00302203240880772 0.00528942392780967 0.00209384113550186 0.00228232387453318 0.000896838773041964 1.56437204168469e-07 0.0511321723461151 0.00815052688121796 0.00454613380134106 0.00555563531816006 0.00153565863147378 0.000951252318918705 0.00171790346503258 0.00611216639768894 0.00330301727808546
-9999 -9999 -9999 -9999 -9999 -9999 -9999 -9999 -9999 -9999 -9999 -9999 -9999 -9999 -9999 -9999 -9999 1.10570653077957e-08 0.403796730069735 0.10000022409797 3.57603830991593e-09 0.500000740391811 0.70006103697815 0.100038465020666 1.52776119648479e-06 2.04731288249937e-05 4.12238645367324e-05 4.06913582660429e-05 3.14627948682755e-05 5.89770218255126e-05 1.62976895815903e-05 1.1186290794285e-05 6.65437198203667e-05 0.000495140813291073 0.00304294507967057 0.000317912944592535 1.97607369045727e-06 0.00010859064059332 0.00212414115667343 0.00280483309179544 0.000890848599374294 0.000457144539973342 0.00043794951484466 0.000276173715124861 0.00258325673639774
-9999 -9999 -9999 -9999 -9999 -9999 -9999 -9999 -9999 -9999 -9999 -9999 -9999 -9999 -9999 -9999 -9999 -9999 -9999 -9999 0.402110506303144 3.29170930513101e-09 1.01055261936267e-09 3.95342389936104e-09 1.63728827828891e-07 0.400000219763564 3.23366984957829e-06 4.41587326349691e-06 6.07147239861661e-07 9.97181778075173e-06 2.01004749261879e-05 7.9532022937201e-06 1.27711566165645e-05 1.19080303649821e-05 4.95753340258864e-05 5.69646770600229e-05 0.000968815013766289 1.30521555547602e-05 9.10870994630386e-08 0.000101579073816538 0.00238107591867447 0.000848839525133371 0.000445027882233262 0.00049930470995605 1.20449512905907e-05
-9999 -9999 -9999 -9999 -9999 -9999 -9999 -9999 -9999 -9999 -9999 -9999 -9999 -9999 -9999 -9999 -9999 -9999 -9999 -9999 -9999 2.01603324968436e-05 7.05272782397515e-08 5.23246910688613e-08 6.2728199736739e-07 5.07960176037159e-06 0.000105305610122741 1.87794557859888e-06 3.36477314704098e-06 8.61456355778501e-06 3.15761062665842e-06 0.700090850354172 0.700313609745354 0.0564068259370613 7.32404296291289e-05 6.80433033584227e-05 0.000102066178806126 2.4297958589159e-05 0.000801382679492246 9.38809593208134e-05 2.16515298234299e-05 3.59847072104458e-06 8.61560147313867e-07 6.64368053548969e-06 8.99214001037763e-08
-9999 -9999 -9999 -9999 -9999 -9999 -9999 -9999 -9999 -9999 -9999 -9999 -9999 -9999 -9999 -9999 -9999 -9999 -9999 -9999 -9999 -9999 -9999 8.45895446291989e-06 0.0848911525337242 2.03749060334602e-07 6.15330918662949e-08 2.92924087261781e-06 1.25407794257626e-05 8.52582306833938e-06 2.15315318200737e-05 0.500002025644062 0.700033483054722 0.500111907984277 0.700460209045559 0.692297157645225 3.91761539503932e-05 1.77837661019975e-05 1.9258915563114e-05 6.21762883383781e-06 3.66835709428415e-05 3.21049883496127e-05 4.3085336801596e-05 1.07799110992346e-05 2.9867729608668e-06
-9999 -9999 -9999 -9999 -9999 -9999 -9999 -9999 -9999 -9999 -9999 -9999 -9999 -9999 -9999 -9999 -9999 -9999 -9999 -9999 -9999 -9999 -9999 -9999 1.49239567690529e-06 1.96820013831367e-07 1.16183266896108e-08 2.70500432347776e-06 6.00538589989874e-07 1.29322224893258e-06 0.600151069113053 1.628955360502e-05 2.54211516530489e-06 0.198481318720314 0.700000459123385 0.600003511175601 0.100017961891306 0.000271694036211101 0.00056231288854014 0.00029752254486084 0.00110075622799988 0.0102152556841478 0.00870448643291115 0.000357001488743736 0.00456834621734831
-9999 -9999 -9999 -9999 -9999 -9999 -9999 -9999 -9999 -9999 -9999 -9999 -9999 -9999 -9999 -9999 -9999 -9999 -9999 -9999 -9999 -9999 -9999 -9999 2.1265383457103e-05 2.20797920502669e-08 7.38486088946999e-09 2.37900507082944e-06 2.71081089059377e-06 3.43037322636519e-07 5.79190327698598e-07 1.48081585393811e-07 3.82565340260044e-06 9.11356124544738e-05 0.104202421422815 0.900729821715504 0.499182601935172 0.500043569813715 0.000146089168265462 0.000327049940824509 0.543124354816973 0.156338481059595 0.00169520061471938 0.00234039407223463 3.11992480419576e-05
-9999 -9999 -9999 -9999 -9999 -9999 -9999 -9999 -9999 -9999 -9999 -9999 -9999 -9999 -9999 -9999 -9999 -9999 -9999 -9999 -9999 -9999 -9999 -9999 -9999 1.85947222064442e-09 1.01914978012374e-08 8.49426810001219e-09 1.52372240269649e-08 1.20724575092268e-07 7.06685174489685e-08 1.95339794117899e-07 3.1874831625367e-06 0.197321030092835 5.14555838890374e-05 6.98978505047521e-05 3.46704406183562e-05 0.000202712259048676 0.00144507847726345 0.000717760622501373 1.60766183398664e-05 0.000132725713774562 0.000538207124918699 6.23978383373469e-05 4.4241012801649e-06
-9999 -9999 -9999 -9999 -9999 -9999 -9999 -9999 -9999 -9999 -9999 -9999 -9999 -9999 -9999 -9999 -9999 -9999 -9999 -9999 -9999 -9999 -9999 -9999 -9999 1.51474625909032e-07 2.50285660419181e-08 3.55781641703246e-08 1.68350709395249e-07 5.91660099880098e-07 6.64165947039663e-07 3.16825207846705e-07 7.8388475230895e-06 0.000228962022811174 1.44743216878851e-06 5.40770406587399e-07 0.000355950952705963 0.000665322133906654 0.000747696482954652 0.00223225932076043 0.00174440704286098 0.000418193824589252 0.000379881355911493 0.000285905855707824 0.000134308449923992
-9999 -9999 -9999 -9999 -9999 -9999 -9999 -9999 -9999 -9999 -9999 -9999 -9999 -9999 -9999 -9999 -9999 -9999 -9999 -9999 -9999 -9999 -9999 -9999 -9999 -9999 1.24986903493607e-08 1.09066013465053e-07 8.70559313181918e-07 1.53544933709782e-06 3.93874870496802e-06 6.28717680228874e-06 2.28710305236746e-06 6.78132346365601e-06 2.29723991653774e-06 7.64777658903704e-06 8.33656194633048e-05 0.000206102780066431 2.90677911834791e-05 0.00045902687124908 0.208647326421334 0.910145974159241 0.00743312144045578 0.00241662245243788 8.16721294540912e-06
-9999 -9999 -9999 -9999 -9999 -9999 -9999 -9999 -9999 -9999 -9999 -9999 -9999 -9999 -9999 -9999 -9999 -9999 -9999 -9999 -9999 -9999 -9999 -9999 -9999 1.40551595186889e-06 1.79627406282634e-08 7.38065864425153e-07 7.42601987440139e-06 0.000119764998089522 4.28841187385842e-05 0.000640916032716632 0.000605996232479811 0.00040697013027966 0.000165229954291135 5.34228165633976e-05 0.000576523644949234 0.00278372943826624 0.00216862726956794 0.00381968953490173 0.000328689487650991 0.000106688670348376 3.21468564834504e-07 0.00102600082755089 0.0301638573408127
-9999 -9999 -9999 -9999 -9999 -9999 -9999 -9999 -9999 -9999 -9999 -9999 -9999 -9999 -9999 -9999 -9999 -9999 -9999 -9999 -9999 -9999 -9999 -9999 2.65726172252734e-06 3.68779854764689e-08 4.79627317417908e-08 6.96913193678483e-06 6.33742282546423e-06 2.44579645394483e-05 0.00118663413450122 0.00637465382297867 0.0046300174975463 0.00486989491510641 0.0136468261499581 0.00621666667172049 0.325666579604149 0.20274378284812 0.0300370819443572 0.00794475451111793 2.98343715257943e-05 3.88432876206934e-05 0.000636024167761207 0.0146315410733223 0.0029902863872467
-9999 -9999 -9999 -9999 -9999 -9999 -9999 -9999 -9999 -9999 -9999 -9999 -9999 -9999 -9999 -9999 -9999 -9999 -9999 -9999 -9999 -9999 -9999 -9999 1.38057643539469e-08 1.70647115282918e-07 3.4635784686543e-06 0.000108806311618537 3.02508298773319e-05 0.000185065029654652 0.017930391111986 0.0077550314772038 0.00741792884701242 0.0148917548138054 0.319642060436308 0.00324582624127857 0.385801489651203 0.326472885161638 0.347510538995266 0.0225282110070111 0.000291203591041267 0.000433201808482409 0.00198687892407179 0.00578561536967754 0.00524650401390758
