Maxent_result_files_2/B_armeniacus_2.asc
NCOLS 594 
NROWS 330 
XLLCORNER -15 
YLLCORNER 23 
CELLSIZE 0.166666666666667 
NODATA_value -9999 
[rows 260 to 279 of 330, columns 360 to 404 of 594]
6.71981794542198e-08 2.00995037724638e-08 4.37863884739098e-07 1.95111220539723e-05 3.14478108336402e-05 3.29493004642245e-05 0.014024912629975 0.00802353003819007 0.0444464334286749 0.00248477987406659 0.00451911781565286 0.0035285464975459 0.0806285547092557 0.201679615676403 0.0426508735865355 0.0593422446399927 0.187861364334822 0.00674179925809174 0.0128258757235017 0.0526268793269992 0.0343893738476646 0.0583556672558188 0.036198286479339 0.0266354183666408 0.00118694341363152 0.0147686580428854 0.0113574005896226 0.00221443410409847 0.0143941958900541 0.0214373851660639 0.0200270175235346 0.00540854153805412 0.00101343041460495 1.10720434179257e-05 8.54296386965103e-07 1.01619290704402e-07 4.38115790657445e-07 7.62419865529829e-07 4.73797327327219e-07 3.58334584527054e-07 5.43187145252144e-07 5.70753779693956e-07 4.7824130411378e-07 4.66143427846344e-07 5.8266256069972e-07
2.88640724432909e-08 4.89274568971076e-08 2.52459384508796e-08 6.23147921263723e-07 2.67102510127515e-06 4.19690517436955e-06 0.00101551294765159 0.00213292246553465 0.00305082437189412 0.000954385769500732 0.00179877454993402 0.000917979726500562 0.0053499654089752 0.43823105096817 0.00873718290979468 0.00343766149999283 0.0356464553871774 0.0248596256831661 0.0115770012023859 0.0324356998316944 0.0344033827073872 0.0270946559496224 0.0178038137033582 0.025723040336743 0.0157335859024897 0.0159430242842063 0.0179059498012066 0.00357241687888745 0.00980377725791186 0.000662356291286414 0.00829364820383489 0.00626734110992402 0.00197152210748754 2.37979270650612e-05 4.83791620354168e-05 1.22790621730928e-05 5.18167809673287e-06 3.89304521219991e-07 3.51847467827682e-07 3.34092113618567e-07 4.92150864139784e-07 4.19054202926983e-07 3.83249950308695e-07 4.11505479436247e-07 5.10711684553744e-07
2.47818033116687e-07 1.00509506129054e-07 1.4471082713241e-07 5.70338777194923e-07 5.90826483385154e-05 4.19460341465339e-05 0.000284004033119345 0.000686034670252411 0.00420218396830023 0.00140444757671503 0.00138064131861029 0.00542434595990926 0.000673370172717247 0.000447821753130029 0.00151126671626116 0.0116493806465769 0.137561206519604 0.0409712310880423 0.0217748556751758 0.00454235878532927 0.039835337898694 0.0466700493358076 0.0557664950023347 0.0195485792821273 0.027566303871572 0.0135971940355375 0.0217892359942198 0.00115803667795262 0.000389219930002582 0.000222849397505343 0.000655400090909097 0.00522614966612309 0.000195324911692296 3.73662534457253e-05 0.00242713812549482 0.000465799915946263 4.38249521721445e-05 1.08676839669641e-06 3.56614686647383e-07 2.34751185634874e-07 2.50048557426386e-07 2.39734739526654e-07 2.18268132823329e-07 3.09663468034405e-07 3.26124419214313e-07
1.47516971915618e-07 1.27214125622555e-07 1.41000512166034e-07 1.85360854643157e-07 3.3532934196856e-05 3.93913387604528e-05 0.000489558317190131 0.000796959207264081 0.002225289204398 3.72911022769706e-05 0.000406149680452472 0.00383371896132303 0.000928902285477307 0.00190419545660916 0.00414400067129463 0.00264730006456375 0.0312726412899792 0.00400983776485782 0.0163808351149783 0.0931694466620684 0.0270757636521012 0.02972875200212 0.0369444288313389 0.02848039586097 0.0334224087651819 0.0247679322492331 0.0110453709121494 0.0177513510920107 0.0229982435090279 0.000316693639979349 0.00121598971163621 0.00536309734452516 0.00419011724297889 6.22138046310283e-05 0.000192088100266119 0.000879277403510059 8.04799306934001e-05 2.80621706210127e-06 7.79747353019111e-08 1.87163224274478e-07 2.09648391658046e-07 2.9256099510766e-07 2.79614798976979e-06 1.07703487053357e-06 4.35362443529375e-07
1.21679974762756e-08 3.48052462073589e-08 4.62614383578419e-08 7.58236541553714e-08 5.22285713855375e-07 6.07307593245565e-06 0.000502537195467312 3.6471212827216e-05 0.000171783820087512 0.000687013732567721 8.26310143565934e-05 0.00161930948546569 0.00106143843499922 0.000282977888673486 0.00255621384385449 0.0045432845785399 0.018244275264442 0.00688039406668395 0.0204922868870199 0.0221689597994555 0.130389366298914 0.0681457446888089 0.00638444638925912 0.0330857722088695 0.0317380758933723 0.0316334321163595 0.00888950167122857 0.016541146254167 0.0122605554526672 0.0091434286092408 0.0129607302136719 0.00157995354893501 0.000531541062991892 9.69947727753606e-05 6.10641927551114e-05 6.48783508950146e-05 0.000673663284214854 5.84434303902981e-06 5.73982484930458e-07 1.22448336958847e-07 9.82745292588128e-08 1.77227513020739e-07 9.91005124983957e-07 1.01927552167425e-06 1.24624839790144e-06
9.8108679069675e-09 2.87270433108056e-08 3.55330482482152e-08 4.76543461025436e-08 1.15746762474611e-07 1.55593928325981e-06 1.64580087182786e-05 3.22622935357231e-05 0.000336223823154569 3.15979737479211e-05 0.000592145445709491 0.000156379728700529 2.14118664107588e-05 0.000236620139197896 0.000347739725930296 0.00215833601505437 0.0017079650562664 0.0102481748675928 0.00932803230243735 0.00594348336162511 0.101342100650072 0.0963237028568983 0.00579534895050529 0.00633325313101523 0.0267581881023943 0.0210333013907075 0.0194957327796146 0.0162585291545838 0.0105445143068209 0.0102228204254061 0.000823950822086772 0.00343232823652215 0.0028508827148471 0.000420541951461928 0.00071867131809995 1.7444909411779e-05 3.81457219191361e-05 0.000230776099078867 0.000170536031237134 5.5680663564317e-06 5.32492841065491e-07 1.43807385033501e-07 1.16643103087455e-07 1.89965430186234e-07 1.85139298014558e-07
3.31668496666993e-08 4.01709508990322e-08 5.04032966586188e-08 3.97088409487267e-08 6.0619742980883e-08 1.0913134987911e-07 5.84988382390517e-07 7.05088708377044e-06 2.39245021725676e-05 2.35344457045983e-05 0.000147252233373152 0.000142359301869099 0.000219708927467366 0.000320297681412285 0.000303264362872824 1.52283740468717e-05 0.000349057327770197 0.000453802319088936 0.00801628190674819 0.00526896135997959 0.00445069691867843 0.0168994842097163 0.0471280721947551 0.00776828326052055 0.00411631645952967 0.0225857390090823 0.0140022693667561 0.00688168911729008 0.0112673531868495 0.00825502238003537 0.0103690371732227 0.0053205415897537 9.99004271057036e-05 0.000125671621026413 9.12722758130258e-05 0.000262873294013843 3.38891658543616e-05 0.000114828818914248 0.000541120622438029 0.00024531038538953 2.87624595728175e-05 2.99149729272585e-06 1.62222127064737e-07 9.99677848945169e-08 1.60535917603788e-07
2.82112646687871e-08 2.91462553092536e-08 3.99189240329889e-08 3.13215417602208e-08 2.46392740099743e-08 5.58489215096714e-08 2.31978559939172e-07 5.28747604155999e-07 1.19658702402825e-05 5.78593608865141e-05 0.0011031038412284 0.000122034796489334 0.000103056657729006 9.6684311013906e-05 2.94769490088553e-05 5.12791988917627e-05 9.98868603083736e-05 0.000190290456426112 0.000466419116270345 0.000167533165085842 8.58756378209757e-05 0.00520856614457443 0.0608631864190102 0.0497747138142586 0.0136388385947328 0.0256037145853043 0.00553927469184288 0.00746956028742716 0.0218842796050012 0.0151252176612616 0.0112149303080514 0.00795316467754077 0.000251181092465202 0.00052694986879942 0.000328031408753304 0.000701299991851556 6.95686317953914e-05 0.000128124995444523 0.000121193626273453 0.000172522370098704 0.000162671664020309 1.37967640881698e-05 1.55185233507993e-06 5.32610284587065e-07 2.31595706423615e-07
2.05661382479683e-08 1.51056058772525e-08 1.9962406194729e-08 2.64958911255775e-08 2.60205171298544e-08 2.70230171461883e-08 9.99262475764873e-08 1.36774578196608e-07 1.12552732011162e-06 8.7037720499783e-06 9.55080609377212e-06 0.000439642641245541 0.000286370329774144 2.60277154794708e-05 5.92519880804332e-07 4.28336551180353e-06 5.96671554934369e-06 6.88673241343585e-06 0.000845047279926803 0.00323064239382802 0.00849117791804019 0.0273982310667634 0.0106187098659575 0.0122189601417631 0.0539921270683408 0.0705842763185501 0.0218508020567242 0.0221763502107933 0.0134528581053019 0.0130668870056979 0.00941418040310964 0.0164903359487653 0.000999941791087622 0.000336033036910521 0.000684009131509811 0.000328081561565341 6.50240340746677e-05 1.19028763769791e-05 1.36538592371949e-05 1.04262749630379e-05 1.82405641844241e-05 1.97498950072372e-05 1.24818163762086e-05 1.03323661925003e-05 2.55907078212658e-06
1.06344529959834e-08 1.40021544359215e-08 1.32501473237845e-08 1.39913002739078e-08 2.01170436531228e-08 2.00149991136378e-08 2.98937467779758e-08 3.69026179614096e-08 9.03450918632309e-08 3.32460126029055e-07 7.01846710582377e-07 1.95636683439915e-06 6.6372203100129e-06 1.30026336113143e-05 5.14762050807249e-07 1.98095124848141e-05 8.3814356325318e-07 3.66794435375795e-06 3.94145024872894e-05 0.00104375613532284 0.00378515676711686 0.000340598895286348 0.00270971909048967 0.00492890148889273 0.0138859085272998 0.00445158500224352 0.0680700160562992 0.0245598983950913 0.024663143325597 0.0301638687029481 0.0376336408779025 0.0253326373640448 0.0338402667548507 0.00185982959883404 0.000748641434620367 0.000126305762023549 3.05362292522204e-05 5.75523882346829e-06 1.74131433133828e-06 3.1175331985267e-06 4.94972396865023e-06 8.97083402087162e-06 4.72551151560197e-06 2.17672513834088e-05 2.23056735336513e-05
2.17869184915287e-09 5.75997881613333e-09 5.58839995390414e-09 1.02224021802932e-08 1.3845396662493e-08 1.98733756673342e-08 2.05525561680631e-08 1.58148119711043e-08 2.42245967840837e-08 3.64072972214302e-08 2.93503275805573e-07 5.45651543704118e-07 5.44554453940638e-07 4.41564454906063e-06 2.478904534986e-06 3.0298416859309e-06 2.60804956085936e-06 1.79189006669356e-06 3.90648746805278e-06 1.36833656398494e-05 3.85698760425157e-05 0.000254291428473152 0.00011297472819507 0.000175054096916938 0.000549209862765565 0.0031857974419836 0.033782303519547 0.0293123417533934 0.038359085470438 0.0360536797903478 0.0432123298291117 0.0294572953134775 0.0123769471392734 0.00264036795560969 0.00145145348069491 0.00069118181054364 6.18331151031271e-05 1.5813345218163e-05 2.3135069628144e-06 2.08632719032042e-06 2.09860305625531e-06 2.02071045785068e-06 3.13793428521336e-06 9.91120393862843e-06 8.53463762950923e-05
1.36595285971097e-08 4.7641891987027e-09 2.48714661088556e-09 5.75657183032874e-09 8.9319756702011e-09 1.33377092148557e-08 1.09097496259203e-08 2.09987481958329e-08 1.57161121561167e-08 2.48696827576111e-08 3.55664209195083e-08 6.69827437849158e-08 1.41885766824501e-07 2.42660191807076e-07 8.50047940703647e-07 4.78844230045183e-07 3.19929719005962e-07 6.92128602131081e-07 5.07398965587935e-07 7.87897906540103e-07 1.16977994791823e-06 1.98175177262283e-05 7.25533116582966e-05 0.00230569201448816 0.000967955712349067 0.00167539868343738 0.0230257347226143 0.00082557085697772 0.0103646024304908 0.0142932682938408 0.036009808909148 0.0290746332611889 0.00498729808605276 0.00102032748472993 0.00114489992629387 0.00104889635185828 0.000242139818146825 5.34089564098394e-05 1.66244388015047e-05 1.34985797191067e-06 5.18091741363857e-07 5.84593811503442e-07 8.09201143736615e-07 9.59740489736571e-07 2.21279093923776e-06
3.727383679486e-09 7.77412278996081e-10 5.6303525175494e-10 6.47489928340406e-10 1.1200687266566e-09 1.27225932011754e-09 3.27955913537181e-09 4.36924825208962e-09 9.86270303204861e-09 1.22523671319819e-08 2.42976673336948e-08 2.04554248650624e-08 3.21374674983055e-08 3.31927723529191e-08 4.56372127977112e-08 9.19098359530857e-08 1.07197669574344e-07 1.16352143586518e-07 3.42462373992269e-07 2.42094888058819e-07 6.60920550310529e-07 8.87472099287967e-06 1.3993000816126e-05 2.65128787845459e-05 3.60079111828782e-05 0.000713539079697512 0.0699994694441557 0.096675530821085 0.0364615796133876 0.0558629026636481 0.0202993312792387 0.0256269960198551 0.0241306284442544 0.0024760801679804 0.020406689029187 0.00165042033913778 0.000137072020152118 3.5910965221575e-05 9.80306115738738e-06 1.14127465431269e-05 2.08490180583221e-06 2.88172699125511e-06 1.51314642884426e-06 8.74264749295417e-07 6.20881268520446e-07
1.67210510992888e-09 7.64938183905883e-09 2.40145396901426e-09 4.46090165917568e-09 4.65780281011519e-10 4.44153985812434e-09 7.73079456006798e-10 4.26396282726671e-09 5.2336282307941e-09 5.47556704422192e-09 6.40895402304054e-09 2.23174075109078e-08 2.65346912553532e-08 3.25710965642934e-08 2.69706074029763e-08 1.94844516854253e-08 3.03904028498003e-08 5.8011894987775e-08 1.85857624734886e-08 1.07033509721965e-08 9.49649342496528e-09 1.24509828225428e-08 4.72900304936408e-06 6.79562600143235e-06 1.84366256346991e-05 7.96283600834613e-06 0.000462773257277149 0.00356531246798113 0.0103814248461276 0.0266552744433284 0.0192707420676015 0.00557841668778565 0.00613885525672231 0.00910641259688418 0.0231390983535675 0.0029179063225456 0.000309305498740287 7.34527328315027e-05 1.72505356883512e-05 7.35247018290863e-06 3.31156589257198e-06 5.05178722107758e-06 1.38649492049669e-06 1.83409296653503e-06 1.52256370945514e-06
1.37458731064299e-09 7.04515991101218e-09 9.14618426550717e-09 2.57431214456538e-08 2.88955108729283e-09 6.63606340989276e-09 8.9374754264071e-10 2.77652115743265e-09 4.2206162897962e-09 4.05417027726784e-09 6.55586270825737e-09 1.98961710218271e-08 2.19472369722418e-08 2.7566816551694e-08 1.85989518342033e-08 2.16508424188966e-08 2.84448133824888e-08 4.61896837222753e-08 2.75699827412268e-08 1.37022510560136e-08 2.72614172835972e-07 2.39680250424534e-08 7.97213683956244e-09 3.6861851904213e-08 1.55885512442833e-07 6.66638371557005e-06 2.59183423998444e-06 1.00284117955596e-05 0.000123401920939159 0.000923583045369014 0.00421808796236292 0.00872091976925731 0.00329689085483551 0.00208673107466528 0.00616785610443458 0.0020261103354466 0.0256908418145031 0.000445495843086974 5.99228022053921e-05 1.47609496764289e-05 1.67448368642908e-05 3.21319750700155e-06 2.62916096520627e-06 1.81834148497151e-06 1.69249305655983e-06
1.73931122837701e-09 9.1193163020975e-10 2.69788970053142e-09 1.50701350953852e-08 2.66249452485212e-09 4.02764187890092e-08 1.52353497817614e-08 2.97148585737261e-09 5.07453767895072e-09 7.07466258909051e-09 2.36886610327502e-09 4.38379713640913e-09 1.38382723502417e-08 1.25486098845329e-08 1.75008665337373e-08 2.5985636586956e-08 1.5649198747969e-08 1.87576174148774e-08 2.6534166719383e-08 6.34852811431941e-09 3.19121692182733e-08 3.58491951124584e-08 3.88253605931865e-09 5.18609376554124e-09 1.22162816962312e-07 4.55720927017289e-07 8.75107386544283e-07 1.02481887561678e-06 3.26728446964353e-05 0.000963256466638995 0.0167606288101524 0.0193379293079488 0.00354373207665049 0.00179234370589256 0.00196809789157442 0.00184730021919677 0.00662594370223815 0.000331876228574401 0.000603868586404133 4.36917223396449e-05 5.72421400732992e-06 3.9192614188055e-06 6.17266055975563e-06 3.62456049760596e-06 2.90720841817915e-06
2.91557088472061e-09 2.06936291435866e-09 3.66902949133774e-09 1.82612760468714e-09 1.72066134673798e-09 5.9318045253498e-09 5.47056233646259e-10 3.41624790678452e-09 3.83037509488204e-09 1.00160102101121e-08 4.66362410911358e-09 2.91689947751195e-09 2.77140127513675e-09 4.30228941361577e-09 1.21825490029259e-08 2.25388245400637e-08 1.57798719091495e-08 1.56614856750004e-08 2.24980921226248e-08 1.56663195194362e-08 6.3523526327991e-09 1.86681204494832e-08 1.89939974637454e-08 3.61840725160434e-09 9.29740540778212e-08 1.09497569900086e-07 2.65293646484199e-07 2.79495611810177e-07 6.52639289921986e-07 7.13378668892872e-07 2.89487178179115e-05 0.000386069116939325 0.0263884376036003 0.00169063558569178 0.00400906565773766 0.00360009375726804 0.00561528662595094 0.000701613980393745 0.000931731352466159 0.00116276841290528 1.76314846783043e-05 1.95576681619514e-05 2.20190619188543e-05 4.9874200234612e-06 2.96599252962437e-06
1.53020247584124e-09 2.38156532272882e-09 2.73923501659112e-09 1.86279865976857e-09 2.19766200793003e-09 1.76504616478113e-09 3.30984456509142e-09 8.72911922744635e-09 3.15011977614077e-09 4.21003971684542e-09 5.25257448646954e-09 2.56697966216635e-09 1.02659210021727e-09 1.25093524427911e-09 6.81298374383132e-09 1.15668494782284e-09 4.39475851266025e-09 6.22125456706257e-09 9.63792453623213e-09 1.55564211956616e-08 3.69221199170156e-09 4.68759664973284e-08 2.24332267750871e-07 3.00695371935333e-09 6.20709980303502e-08 7.61304191687628e-08 8.74486760005233e-08 2.09130888584319e-07 4.52573073783658e-07 9.10049200761875e-06 3.37391472385207e-05 1.79296514090765e-05 0.000875853704928886 0.000237723117425048 0.00641283341683447 0.00182402737555094 0.0011348120009643 0.00341468223123229 0.00106719520044862 0.00209711591887753 0.00124752789051854 0.000158565510992048 2.29181553351054e-05 1.91008629371936e-05 7.04563244937617e-06
1.35661710753965e-09 8.19865808576736e-10 3.75319378909111e-09 3.3615776717788e-09 2.59313275297046e-09 1.59341677630209e-09 9.84554333616217e-09 4.72271715179495e-08 2.10810521261706e-09 3.42351862414603e-09 3.46290386366022e-09 2.09379115156949e-09 3.46975513876302e-09 6.20140117035817e-10 2.86038396302146e-09 4.15283593513394e-08 2.5821561999706e-08 1.70702099011599e-08 1.98552774222094e-09 3.27466938010446e-09 9.31183057328866e-09 3.07646177866161e-08 2.60120072148595e-09 5.0425064679338e-09 2.26617790866079e-08 2.83831808500778e-08 4.84207981599205e-08 7.99753454350238e-08 2.26700541017255e-07 6.77783776437124e-08 0.000459825686266413 0.000345874906315657 5.44097272103805e-07 2.11290732226033e-05 1.65452760013451e-05 0.000124845982782062 3.53797042487169e-05 0.000126003867080726 0.000120298893489235 0.00015435501391039 0.00123790049983654 0.000196842601508251 4.60726090125263e-05 1.67051626803527e-05 1.75840998281274e-05
3.50797202397501e-09 2.20253535410109e-09 1.84076577314229e-09 2.87318351332999e-09 3.40304423529503e-09 1.8481016050842e-09 5.58319290799858e-10 6.39236297228507e-10 1.57657881194595e-09 2.78338195824901e-09 3.02846820954272e-09 2.42707888231664e-09 9.59201085226624e-10 6.82880285651777e-10 4.95876937289807e-09 2.69492252957804e-09 2.10958346347212e-09 8.74327445998802e-09 4.18388219625143e-09 7.64782334128356e-09 2.3100507895446e-08 2.5353636967651e-09 6.27590457380478e-10 1.03126524320096e-08 1.78607356682292e-08 2.04055780717027e-08 1.82353754207831e-08 3.09848586454997e-08 5.1027530389991e-08 1.09770254452801e-07 3.93751207532489e-06 0.000441071064415155 9.73514259385411e-05 0.000108944235304875 0.000260129088530903 0.00010604100780256 4.7853627393124e-05 0.00159556512953714 0.000824898419523379 0.0006457464874984 0.00174991920503089 0.000556684486582526 5.64918106420009e-05 9.77569679889712e-05 5.1757679034381e-05
