Maxent_result_files_2/B_argillaceus_3.asc
NCOLS 594 
NROWS 330 
XLLCORNER -15 
YLLCORNER 23 
CELLSIZE 0.166666666666667 
NODATA_value -9999 
[rows 80 to 99 of 330, columns 276 to 321 of 594]
0.000122510134860931 1.03104401205201e-05 8.24224976895493e-05 0.000130024993632105 0.00175199819495901 0.00220890968921594 0.000156622543727281 3.93457785776263e-05 0.000422140309819952 0.000304406161012594 0.000214040160790319 0.000932187023863662 0.00085111712833168 0.00125817516818643 0.00324407209991477 0.00133034793252591 0.00233546369709074 0.00100974834203953 0.00646947495406494 0.000463499539182521 0.000390563340624794 0.000574500137008727 0.00304437209269963 -9999 -9999 -9999 -9999 -9999 -9999 -9999 -9999 -9999 -9999 -9999 -9999 0.00110439691125066 0.000614770606625825 0.00367931822838727 0.00302059153327718 0.00484242188977078 0.0189666222315282 0.00110293916077353 0.000825015157170128 0.00195263711211737 0.000964966727042338 0.0005656594010361
0.00207972161588259 0.000642692753172014 0.00824920753948391 0.00575855289353058 0.0256633043289185 0.0125519225606695 0.00267126566614024 0.000135399644932477 0.000474396673234878 0.000135714769203332 0.000234741748136003 0.000366366603702772 0.00511082604061812 0.00239289391902275 0.00218381485901773 0.00176777275046334 0.00150724918930791 0.0129927019355819 0.00407564153429121 0.000794630064774537 0.0019068634690484 0.000973264101776294 0.00145181005063932 0.00256195949623361 -9999 -9999 -9999 -9999 -9999 -9999 -9999 -9999 -9999 -9999 -9999 -9999 -9999 0.000209264259501651 0.000266052966435382 0.00411922569619492 -9999 0.00662509243702516 0.00447675467585213 0.000701075854158262 0.000104579125763848 6.73537076181674e-05
0.000125871853924764 3.83844371299347e-05 0.00012472549915401 0.000237173667483148 0.000342569395434111 0.00141811774810776 0.00141053178085713 0.00107361544651212 0.000537272983638104 0.000828594736231025 0.000257192344361101 0.0011444131450844 0.00327330426662229 0.000436137186625274 0.000460426721838303 0.000716187174839433 0.00156424041779246 0.000250123169826111 0.000925070910307113 0.0075082364724949 0.00172383676399477 0.000177333775172883 0.000197316578123719 0.000524337824026588 0.00180766860139556 0.00112623347085901 0.000499393283826066 0.00162375944928499 0.0019531394529622 0.015201479382813 -9999 -9999 -9999 -9999 -9999 -9999 -9999 -9999 -9999 -9999 -9999 -9999 0.0113583593629301 0.00102051386274979 0.000468211814586539 0.000524349865008844
0.00412966344738379 0.000706217903643846 0.00247730039991438 0.00194858591712546 0.0162742929533124 0.000865545222040964 0.0011396087880712 0.00491826112847775 0.00145896691828966 0.000689565872016828 0.00226091841468588 0.00051026267465204 0.000176857464248315 8.43718672513205e-05 0.000230366114556091 1.72763326986569e-05 7.79464612605807e-05 0.000697337318706559 0.000994873837043997 0.0186035337392241 0.00454236713703722 0.000185074102955696 0.00302353564184159 0.00244169542274904 0.000950041358009912 0.000999757266254164 0.000791168324212776 0.000103838553695823 7.86816342952079e-05 0.000116298687316885 0.000703459812211804 -9999 -9999 -9999 -9999 -9999 -9999 -9999 -9999 -9999 -9999 -9999 0.0145804456202313 0.00119626821106067 0.000134487313152931 0.000123500265181065
0.00382276132004336 0.00248121558979619 0.00127907570276875 0.00543383292388171 0.00307890450349078 0.000195170036204217 3.11392152866574e-05 0.000556562739075162 0.000113007293020928 0.000256500261093606 0.000408589444850804 0.00266626199590974 0.00119622271449771 0.00370392557233572 0.0036824946757406 0.00177340190857649 0.000444911086378852 0.000416252247669036 0.0016996277438011 0.0136140471324325 0.0230044452473521 0.00188695340184495 0.000624131216318347 0.00197677850665059 0.0525277586653829 0.0196522587910295 0.000472708406232414 0.000380446767667308 0.000325439918378834 0.000397253554547206 0.000431384179682937 0.00239306991570629 0.000112578691732779 0.000618503492296441 -9999 -9999 -9999 -9999 -9999 -9999 -9999 -9999 0.001735102920793 0.000130675291211446 3.33194524614555e-05 0.000417415601259563
0.0114660917315632 0.00167074479104485 0.000303151820116909 0.000272038147522835 8.44423783746606e-05 1.9132697468649e-05 0.0017536331928568 0.000146877115821553 6.58499570818094e-05 0.000105678619911487 0.000550407060654834 0.000541621531738201 0.00347248749458231 0.00478633930906653 0.00621893503703177 0.00329351081163622 0.000135265856624756 0.000729807381867431 0.00048287423196598 0.0198575351387262 0.0302327117882669 0.0617090094834566 0.0170209649484605 0.00525040697539225 0.000367942398588639 0.00288309420575388 0.00352468452765606 0.00274257340352051 0.00132053000270389 0.00100563008745667 0.0010598239954561 0.000706533878110349 0.000478249854859314 0.000641860759060364 0.000108371997339418 6.64981525005715e-05 0.000159373580754618 0.00286190281040035 0.00478656688937917 0.000512362147856038 0.000110142125777202 1.84543947625571e-05 5.70123063880601e-05 6.10899823186628e-05 0.000203997112475918 0.000142560677704751
0.00397769538685679 0.00688970263581723 0.000507019598444458 0.000438869960635202 0.000700591038912535 0.00438445641775616 0.000415265945412102 7.80839969138469e-05 9.6043296798598e-05 0.000223346182428941 0.002298966566741 0.00233541541092563 0.00512956370948814 0.0113637181464583 0.00185115890344605 4.50191051641013e-05 0.000150050467527763 0.000208956618007505 0.000702140550129116 0.00278384096454829 0.0015073279500939 0.0627793589606881 0.0616764264181256 0.0071671440731734 0.00105250117339892 0.000361288233398227 0.00133927996794228 0.000183575057599228 0.00169969013659284 0.000794112685980508 0.000878308889514301 0.000518314451619517 0.000920230762858409 0.0010640125037753 0.000364254736632574 0.000453620549524203 0.000135991064598784 0.000194993250079278 6.82728913488973e-05 2.97999863732912e-05 7.44152212064364e-05 3.11481610879127e-05 2.58862615282851e-05 1.08182209828556e-05 0.00014683161098219 9.28262251363776e-05
0.00302736528683454 0.00686142663471401 0.00590304011711851 4.82879999253782e-05 0.000424938544165343 0.000136051444223995 1.67641696975807e-05 0.000126270541113627 4.46690488388413e-05 1.79772093019892e-05 0.0061112514056731 0.0139939938904718 0.0213396445848048 0.00132373180531431 0.0584933657199144 0.162541101872921 0.0121863590553403 0.0148571058642119 0.000270225205895258 0.000425489881308749 0.00616243183612823 0.00490489123621955 0.00362385155167431 0.0020042197429575 0.0085278898710385 0.0411575290374458 0.0139869121834636 0.000943645190272946 0.000559874130703974 0.000279153958399547 4.01957610847603e-05 0.000145829374378081 5.56529850655352e-05 4.49928847956471e-05 0.000759407070290763 0.00029958638624521 0.000951229214842897 0.00100740236521233 0.000612835920765065 0.000335106416605413 0.000248239859138266 2.14143149833035e-05 6.70779316465087e-06 1.45750056162797e-05 1.64770702667738e-05 7.23662115831303e-06
0.000622012902749702 0.000100899526569265 0.00175869349041022 0.00279647833667696 0.0146919610910118 0.00237816245644353 0.000565291021484882 0.0253381852991879 0.00259182562003843 0.00432492055697367 0.00118987721652957 0.00151067520637298 0.0414047094061971 0.0107230256777257 0.0138018226251006 0.103460086882114 0.152697157114744 0.123409478366375 0.0139637096086517 0.000244203949114308 4.96634024784726e-05 0.000187481886860041 0.00128727730188984 0.00638302718289196 0.00090229917987017 0.000222264878902934 3.13445867050177e-05 1.55770020455748e-05 6.70327747229749e-06 0.000163338413403835 8.47506972604606e-05 8.40467104353593e-05 8.73083185069845e-05 0.000218215928180143 0.00018974306731252 0.000163713113579433 3.29586789121095e-05 4.12850622524275e-05 0.00015296301098715 0.000411446447833441 3.81426273179386e-05 0.000169266368538956 8.9655329929883e-05 1.82950311113927e-05 1.58559046212758e-06 3.56235949084294e-05
1.66481123414997e-05 0.00048308630612155 0.000562066210841294 8.6695256686653e-05 0.00188538698130287 0.00467455984326079 0.00382195508573204 0.0115821058861911 0.0108641864731908 0.00799372217152268 0.00118028995202621 0.000675429245893611 0.00219757817976642 0.00302357948385179 0.003379620652413 0.00532176097622141 0.00261255269288085 0.00254840604029596 0.000489747839674237 0.000242167482610967 0.000281890722908429 0.000733815404237248 0.00374702418339439 0.00842813528142869 0.00212704694713466 0.0049425499048084 0.0064867511857301 0.000134656580848969 8.26176672489964e-05 4.86334070046723e-05 6.9034390435263e-05 8.6882762843743e-05 0.000168983989715343 0.000399406566430116 6.85946333760512e-05 7.31974221707787e-05 4.44119339590543e-05 0.000139650487471954 4.18955283294053e-05 1.84210664656348e-05 7.52051239487628e-06 0.000123188966790622 0.0145308752544224 0.00421408322872594 2.34591187336264e-05 3.17703026695426e-06
1.76250090589747e-05 0.00160339048889 9.08901676666574e-05 3.17582353773105e-05 0.00294192007277161 0.00985385063104332 0.00255568526918069 0.0037494863034226 0.0102545192232355 0.00197667463507969 0.000526284387888154 0.0164581140037626 0.000565649169584503 0.000794166474952362 1.75234619064213e-05 0.000949712746660225 0.01085717654787 0.00386805408052169 0.000301709291125007 6.28891705673595e-05 0.0263621775433421 0.0409107267856598 0.00477241134503856 0.0106422669719905 0.000175344976014458 0.00132786640024278 0.023130767326802 0.000395746990398038 1.82614101049694e-05 4.8694762881496e-05 2.92562120193907e-05 3.76770820366801e-05 7.52572752389824e-05 5.15481896400161e-05 2.2470524208984e-05 3.71490775251004e-05 0.00139680501888506 3.02335638934892e-05 0.000215259233300458 6.08748730996922e-06 7.08843222128053e-05 0.000676690147520276 0.000429924672062043 3.69226524526312e-05 8.39384743812843e-05 0.000443381175136892
0.0075462500914 0.00362954473821446 0.000901556827011518 0.000186103832129447 0.000214243304071715 0.00014776673669985 2.46623059410922e-05 0.000960705593752209 0.000270333672597189 0.00353670881595463 0.00324579023290426 0.000719175741323852 0.000205581711452396 3.22980743248991e-05 0.000247817288254737 7.40062130716979e-05 0.000593579103588127 0.000133969598391559 0.00100856305652997 0.00147258326178417 0.0047396894893609 0.044353798776865 0.223697483539581 0.0873076189309359 0.0369597375392914 0.0108133292989805 0.00835655697155744 0.00225675015244633 0.0001872402994195 0.000588490204609116 0.000316706144440104 0.000377545875380747 0.000149333697481779 7.91788979768171e-05 6.62786040265928e-05 0.000590046949218959 0.00203462356003001 4.57093401564634e-05 9.65900279652487e-06 7.76134136231121e-06 4.22366457769385e-05 0.000204854251205688 6.01924681177479e-05 1.78486257937038e-05 0.00010828608628799 5.99415086981025e-05
0.00260705242399126 0.0156226103426889 0.0105662174988538 0.000619743105198722 4.95631938179031e-05 1.49605092701677e-05 0.000140750908758491 5.15862138001921e-06 6.07957712048801e-06 0.000344806556677213 2.01169013450908e-05 2.19105664427843e-05 1.40502981594182e-05 4.80128863273421e-05 0.000136442055691077 0.000168842560287885 0.0207078393083066 0.0256071218289435 0.00523770996369421 0.00497105121612549 0.00795871326699853 0.0152465878520161 0.0491448221728206 0.0153794524958357 0.102623813599348 0.177061422169209 0.0732386499643326 0.0280967509374022 0.0143844127655029 0.000522398817702197 0.00296837753849104 0.000752351717528654 0.00211719678482041 0.000233023957116529 4.49047750521459e-06 8.39149629427993e-06 1.37184769528176e-05 1.21017812375612e-05 2.00133347334486e-05 1.58528112137901e-05 8.50414328397164e-06 1.86350524344903e-06 3.745093314933e-06 2.59994861977475e-06 1.81140091854104e-05 3.57359732333862e-05
0.00250240789609961 0.0095520902890712 0.00197234606021084 6.0221831176932e-05 0.000496832825592719 0.000185233853153477 0.000593689172092127 3.89459439475104e-05 2.49899204277426e-05 1.46537330948604e-05 4.31760772627854e-06 2.85707172793082e-05 1.33058200990632e-06 0.000121109499332306 0.000158013898089848 0.00476674470119178 0.0145872393622994 0.0216286206617951 0.0275149238295853 0.00568212650250643 0.0123725873883814 0.0425903482362628 0.0292992116883397 0.00292542080278508 0.0131504081189632 0.0261199185624719 0.0360092062503099 0.167390319705009 0.521158584952354 0.00669194918591529 0.000365249285823666 0.000413299065257888 0.000184615816033329 0.00126480734616052 0.0554055502638221 0.0786502387374639 0.0034109340631403 2.96319458357175e-05 4.0791744481794e-06 1.07380240876864e-05 0.000186494586523622 2.45950554472074e-05 5.58720752451336e-05 0.000134277359939006 1.51885957279774e-05 4.84231361042475e-05
0.000146896356363868 2.23201807102669e-05 0.000461014451866504 0.0119016808690503 0.000153849513480964 8.41676484014897e-05 0.00183090365608223 0.00544406240805984 0.0180350686423481 5.77801614554119e-05 1.65586075524971e-05 1.25680619703417e-05 0.000624119635904208 0.00193860296858475 0.00310174743062817 0.000647345455217874 0.00936133023351431 0.0029060777684208 0.00301439269678667 0.0045265476568602 0.00599353238940239 0.0227348578162491 0.135029689222574 0.0211578824557364 0.0188586245756596 0.0127587985247374 0.00554203386418521 0.0642417047172785 0.152664486318827 0.00970758297480643 0.0025798580958508 0.000402274939551717 0.000274633948356495 0.000584456019714708 0.0225527138449252 0.048158111795783 0.00958262258209288 0.00045267713139765 0.000162729164003395 2.97908227366861e-05 9.67268833846902e-05 0.000273160500364611 0.000135302674243576 2.82864384871573e-05 3.27368279840812e-05 0.000102156087814365
0.00640062721213326 0.00115535082441056 0.000513018116544117 8.06670084784855e-05 0.00114727192849386 5.67338463497435e-05 6.48040142550599e-05 0.000789634411921725 0.0184641361702234 8.40761269500945e-05 0.000102205278108158 0.000689272548333975 0.0105192204937339 0.00132549365516752 0.000186004059469269 0.00015617878507328 0.00139739853329957 0.0036449313396588 0.0203433028422296 0.00684337377315387 0.0523277198895812 0.0668922640383244 0.183248532563448 0.187730391323566 0.0629201900213957 0.0381703378632665 0.222752307355404 0.664159625768661 0.0329954275861382 0.0015770697616972 0.00633586825570092 0.000955390595481731 0.00378095973283052 0.00175343747832812 0.00134881242993288 0.00122344319242984 0.00070882649597479 0.000403752678539604 0.000303013801021734 0.000409796508756699 0.000252849076787243 0.000283692761877319 0.00389686266425997 0.0109056659741327 0.00100218682782725 0.000808253110153601
0.0857694178819656 0.0104681794065982 0.000704323517857119 0.000109136435253276 0.000355916135777079 4.72885625185882e-05 5.7156377283718e-05 0.000114473147004901 1.72332736042335e-05 1.94649608829422e-05 0.00086035433341749 0.0134529017377645 0.0202192441560328 0.014606004441157 0.00156865789904259 0.000120864541713672 0.000618293086881749 0.00344833042472601 0.0153001921251416 0.0292680257931352 0.0223937422037125 0.0971203692257404 0.805230885744095 0.824218338727951 0.241328462958336 0.0510661544278264 0.691207939386368 0.730411154031753 0.370063197612762 0.0234761377796531 0.0024394330510404 0.00107728966686409 0.000778766605071723 0.00421513497130945 0.00535626071505249 0.000519892893498763 0.000645115187217016 0.000451624050037935 0.000273923008353449 0.000341258778826159 0.000693523784138961 0.000443142408403219 0.000104918071656357 8.05819335255364e-05 5.2767077477256e-05 0.000179808741449961
0.0308190597221255 0.00315548782236874 0.00255222496925853 0.00224061203043675 0.000283391949415091 4.31425333999869e-05 0.000481374596711248 0.00793724674731493 0.000178056062122778 0.000679896715155337 0.000622339098481461 0.0398976745083928 0.00458182221627794 0.0043430129357148 0.00035639050474856 0.000131819842408731 0.000401198610779829 0.000781635736348107 0.00095667425339343 0.00201267224474577 0.047235800139606 0.175586663931608 0.822880834341049 0.82714142203331 0.820382398366928 0.803359252214432 0.780962443351746 0.764555376768112 0.750152796506882 0.252581479400396 0.0371908431872725 0.00169628335279413 0.00845192191191018 0.00231461628573015 0.000897696797619574 0.0011904661427252 0.000449435018526856 0.000498133989458438 0.000971465569455177 0.000991482002427802 0.00181094902800396 0.000445528555064811 0.0110305071109906 0.000122076241495961 5.38604199391557e-05 0.000232420284373802
0.329651106894016 0.443510499596596 0.221751660108566 0.00245281608658843 2.58899153379843e-05 4.07009505863698e-05 4.69587628174395e-05 0.00100142926894478 0.00070574497913185 0.00358947446220554 0.00777571252547204 0.0031762158148922 0.000386396561953006 0.000963871370186098 0.00100382537348196 0.00254205917590298 0.000942718685837463 7.13143647999459e-05 0.000301390925960732 0.00293229018570855 0.000870504908380099 0.0101886768359691 0.0818089101463556 0.187073442339897 0.445714569091797 0.817758345603943 0.808432310819626 0.778262466192245 0.753252798318863 0.736127650737762 0.194825854897499 0.0035071377758868 0.000934990575478878 0.00162414176738821 0.00110893446544651 0.000165063283020572 0.000982593445223756 0.00223254011943936 0.000879097057622857 0.000718960858648643 0.000725073144712951 0.000373245162336389 0.00024651961393829 0.000283558777300641 0.000200761285304907 0.00224207582650706
0.830156379938126 0.940461099147797 0.92347571849823 0.185032883286476 0.0537144897505641 0.00245805414597271 4.12645404821888e-05 0.000966733342647785 0.000706660316791385 0.000127845374254321 0.000701930734066991 0.000437229149974883 0.00117054292350076 0.000265376347306301 8.81325038790237e-05 5.38573382527829e-05 0.000732391744531924 0.000627776385226753 0.000362512952415273 0.00033848447346827 0.00175544232479297 0.00148389745154418 0.0017123025318142 0.00133929626317695 0.0123715262394398 0.0271513728424907 0.165163390338421 0.767496657371521 0.7831414103508 0.758538800477982 0.715753579139709 0.422515654563904 0.0146173269022256 0.000630660854221787 0.0010135948745301 0.000764406725647859 0.000988879342912696 0.00137019898975268 0.000948654105013702 0.000584224864724092 6.99492857620498e-05 6.8560830777642e-05 0.00013022396924498 0.000165249037854664 0.000100253903838166 0.000650833798863459
