Maxent_result_files_2/B_armeniacus_3.asc
NCOLS 594 
NROWS 330 
XLLCORNER -15 
YLLCORNER 23 
CELLSIZE 0.166666666666667 
NODATA_value -9999 
[rows 220 to 239 of 330, columns 270 to 314 of 594]
-9999 -9999 -9999 -9999 -9999 -9999 -9999 -9999 2.33189814625279e-05 0.000389646842794433 0.000206949601624729 0.00481603820377448 9.28009169519628e-05 6.05132019669274e-05 6.17213296173702e-05 2.72096865538196e-05 0.00489722469938214 2.48063557615197e-05 0.0843433767557148 0.0174843125514617 0.0112199732765698 0.05684928528913 0.0236366029573465 0.00624477287246953 0.000746245332936457 0.0112973797804207 0.00535460281408922 0.000792792994514002 0.706239712238312 0.00156321637644857 0.000185454582879185 0.001056531997223 0.000108565490203416 0.000152453740702185 0.00159470683372156 0.000774850701161878 0.000580628790339688 1.526129084084e-06 1.38786310894812e-05 7.41483019787381e-05 2.2133193576912e-06 6.33197292218779e-05 -9999 -9999 -9999
0.000973301656941417 0.000580263136993153 0.000372950786086268 0.000164023666460178 6.76778739332251e-05 -9999 7.95584684084361e-05 3.1253520261032e-05 2.43124936067707e-05 9.89437533402859e-05 0.000134328992144161 1.80300353396001e-05 3.61646783570646e-05 3.36378511324398e-05 0.000599210412917728 2.30469304344449e-05 0.000331732585334821 0.0017955260776489 0.00159100691153076 0.00122540412849048 0.00567868646394345 0.00614392347615649 0.0148250482848526 0.0180860816501081 0.390682625770836 0.0166840731690172 0.033767806889955 0.000150716582368204 3.27879209717219e-06 0.000859606883022934 0.0706766337156296 0.301618319390821 0.00969030130654574 0.00121290409796265 0.00369374405149756 0.00142720696894685 0.00111731222514209 0.00075077501573162 0.000846790358638572 0.00107400241687934 0.000199091654992412 0.000123524298987121 0.000203663853380931 0.000117434065018074 2.29741489823798e-05
0.0015611358291893 3.26836391803309e-05 4.08945211235578e-05 5.59218123794003e-05 1.52543120114923e-05 6.65962416576349e-05 0.0322276493883834 0.00185200922243545 0.000108030754061605 0.000101440837834943 6.10001759129619e-05 0.000836055934632896 0.000197921100982512 0.0140657641568441 0.0102720266364486 0.052292689681362 0.245914766192436 0.0172516767634079 0.225737833976746 0.111230127140881 0.0933915860950947 0.218819645360214 0.289488830743269 0.533569543063641 0.600555968284607 0.177240758389235 0.318140847142786 0.028288604086265 0.000280289021517655 0.0311266161126252 0.0277303291484714 0.300033699741471 0.118294426933976 0.013402390861706 0.00342293996454464 0.0342613317072391 0.00874181740073254 0.00397758527542464 0.400725762644285 0.00121164392040474 0.000383417919351814 0.00011250798781548 0.000605241405298251 0.000444629352568882 0.000275688215333503
0.00163260633618664 0.000705617498670108 4.18491365117291e-08 1.2277938289218e-05 5.57829410355093e-05 0.000331672509881642 0.000370790969896007 0.00484586233561922 8.31456203113867e-05 0.000578219252929557 0.00875920711726539 0.250718079694509 0.0292105766282823 0.18397578124199 0.370119615967269 0.121974442449009 0.302544308989307 0.357240115912547 0.858088064193726 0.84328008890152 0.821813124418259 0.533931640535593 0.507909149676562 0.667714160680771 0.703407620824873 0.531259249927691 0.480050828767708 0.099990370297246 0.0318637677461083 0.0972212427010912 0.104854695707512 0.122451147879474 0.020827555939195 0.0110307470726681 0.000212259310501395 0.00678959800861776 0.00108362323153415 0.0302695668031247 3.71419583622412e-07 0.118026658474267 0.005344100639266 0.00336831592073281 0.00300984416717256 0.00111141951056198 0.000412094876082136
0.0191516576341057 0.00159738024379182 0.000122154954033937 0.000131129007981912 0.000184561540203199 0.00275907211996467 0.00194151071700617 0.00430840235171859 0.00591954722171024 0.0128458916354854 0.0189743932139777 0.16407522973216 0.184583245310932 0.220010722982533 0.400580590963364 0.321423378586769 0.610936759773569 0.441883377078921 0.85298445224762 0.845208489894867 0.367377209677698 0.832759761810303 0.408174154162407 0.435668608546257 0.17933134175837 0.0378823432751233 0.00429743228627331 0.0190701130777597 0.238186383247375 0.0188772089615668 0.365885249711573 0.0885807394806761 0.285770508460701 0.0576126826927066 0.000165035224777244 0.00795535296201706 0.762226206883423 0.0542689770577346 0.00470378987913023 0.0106091134778861 0.0101084839137911 4.72312185894275e-05 0.0130415229127205 0.021586002459845 0.00253623205644544
5.23470606739185e-06 0.00218791460791528 2.18779861398843e-05 1.06218159828031e-05 0.694792198960204 0.0423532908498601 0.25367828803137 0.14419310092926 0.237135311961174 0.12267180448398 0.483341295649942 0.694051351025701 0.0816781532310441 0.859985089302063 0.471429520030506 0.899929410219192 0.744671857357025 0.514185677375644 0.856114947795868 0.546844562888145 0.556733500957489 0.458145675063133 0.200099688023329 0.0476198724936694 0.0109894480502589 0.0345731266686926 0.125714293288118 0.341088233143091 0.175778861623257 0.0773086257395335 0.384903620183468 0.433749018423259 0.0300366319545312 0.000271036312548745 0.493031726777554 0.0406318427287262 0.0564052764326462 0.00604056483134627 0.0685407495126178 0.203921926324256 0.500000000000001 5.94011449922327e-05 0.0321741146966815 0.0193842485314235 0.00268283158075064
2.65541581238038e-06 0.000131689667705359 2.34005764662815e-05 0.0032077239708542 9.10110830494304e-06 0.000438660374675237 0.0857813850045204 0.0540416691110295 0.00279177399225006 0.00936224768763623 0.0176152432424844 0.268945844478283 0.305040424014442 0.362836915760156 0.694197446107864 0.733789139986038 0.5016068952973 0.715289968252182 0.780277127027512 0.617160439491272 0.352998903393745 0.269397599995136 0.256727914512157 0.231664989888668 0.0736351363360882 0.0349100368708605 0.512999667227268 0.52815051227808 0.465732724964619 0.408366469293833 0.487094266712666 0.176555968508127 0.155593830347061 0.376268044114113 0.476767991110682 0.0497763433493674 0.511259430460632 0.0778372353622481 0.559348531789146 0.51913425726234 0.472043114353437 0.116907588392496 0.068863299395889 0.0550927016884089 0.0769434221088886
5.53562945823094e-06 0.000279300850074504 0.000280382723787165 0.00277947386785063 0.000199150502919598 1.38826679922488e-05 0.000788110190039637 0.00907288095263296 0.000857907800673274 0.0285599646224 0.0190588977144216 0.0349623251109733 0.0474964431516128 0.128029622510076 0.627963888645172 0.0626455590128899 0.881966239213943 0.794128721952438 0.567013415694237 0.859598761796951 0.319334003329277 0.381244982779026 0.513756540417671 0.540795695781708 0.0739202760625631 0.0612437914076509 0.726088482141495 0.427174834907055 0.527860060334206 0.0481122220585348 0.615864780545235 0.320743064861745 0.261803435273372 0.476322917640209 0.489264771342278 0.37125236702268 0.641835817694664 0.730127790570259 0.677698534727097 0.879112750291824 0.486792145818981 0.858981931209564 0.870953893661499 0.882253897190094 0.886476349830627
0.735797917843334 0.463871696559818 0.535910956784137 0.0267084663966671 0.500031001557363 0.00532154612286176 0.091869221497018 0.201721959595454 0.133477543223135 0.102848361610177 0.00546336358579477 0.103443572670221 0.088878764770925 0.11612377166748 0.103968164976686 0.0603639511653455 0.53410717099905 0.30177335281187 0.700760367512703 0.695495113730431 0.412999062240124 0.662870967388153 0.412172028422356 0.233486786484718 0.167842325568199 0.42323682308197 0.661750143766403 0.725403833389282 0.766728287935257 0.758010041713715 0.707621574401855 0.776775330305099 0.539468915760517 0.753341174125671 0.40310063958168 0.465690213441849 0.648663237690926 0.855191832780838 0.787290620803833 0.796577107906342 0.751668357849121 0.78413400053978 0.844240742921829 0.856421619653702 0.841649216413498
0.313612780684434 0.490845270454884 0.250875625035095 0.0420230215473566 0.389314597845077 0.0728813809575513 0.0342810622922116 0.0144086032693508 0.0147707438275877 0.0784320313483477 0.0374474894502782 0.0280856249191856 0.0969414055347443 0.222150826454163 0.057471473782789 0.492192631959915 0.313706849515438 0.453375303372741 0.525988781452179 0.463973728567362 0.312684185802937 0.513369207084179 0.570560279488564 0.100010577775538 0.123324177786708 0.169708298146725 0.208786571770906 0.106911870278418 0.715576112270355 0.771571987867355 0.67260080575943 0.184333307202905 0.575278162956238 0.625871521234512 0.58278828561306 0.450018333271146 0.866818881034851 0.76374688744545 0.816030031442642 0.780578398704529 0.591315761208534 0.859194386005402 0.894787496328354 0.72899454832077 0.77813925743103
0.0158862645071318 0.0177126365867449 0.102565892503342 0.742566210031509 0.416444033384323 0.270934508740902 0.370164346694946 0.260457666218281 0.459329192340374 0.0639458317309618 0.0229047410365183 0.022728816941526 0.0429716929327697 0.163832422345877 0.131588694825768 0.564926785230637 0.243804834783077 0.341072268784046 0.384467503428459 0.382500746846199 0.161899200081825 0.417162021994591 0.299659618735313 0.29105768352747 0.68809574842453 0.673000782728195 0.307691916823387 0.325047591328621 0.575317952036858 0.310607145726681 0.239175255969167 0.252540986612439 0.317492225021124 0.657517266273498 0.383424041333728 0.537864026368061 0.874753415584564 0.813209426403046 0.63198893070221 0.580532285571098 0.666781604290009 0.714043229818344 0.653496921062469 0.72029345035553 0.852906084060669
0.334479239137545 0.0512871604264657 0.32394486204721 0.401353453151808 0.545836171507835 0.11989344120957 0.074406834342517 0.108885869942605 0.247885182499886 0.0812921695411205 0.0610999380762223 0.0191146025180387 0.0392342674836982 0.0757540847174823 0.385397875308991 0.632194265723228 0.446427246928215 0.415549391508102 0.369364629685879 0.19404708519578 0.245753384381533 0.414745986461639 0.359583704173565 0.512504175305367 0.619936281442642 0.484870430827141 0.0958168439683504 0.198525677248836 0.313804347813129 0.0935237474623136 0.25938236862421 0.612754416465759 0.230048690363765 0.706339848041534 0.703996373713016 0.672333657741547 0.845069068670273 0.772250556945801 0.7004020601511 0.655709302425384 0.712987715005875 0.739710873365402 0.828030610084534 0.831229239702225 0.830149692296982
0.312462658480658 0.378040280938208 0.425843063600113 0.188989721320104 0.224318308755755 0.182640308141708 0.0655097420734819 0.0264564425757271 0.0472830878657987 0.150478246062994 0.0816321494057775 0.0342482721465785 0.0121450073548658 0.0360209103535453 0.268414831161499 0.567712730169296 0.549808156490326 0.544757989048958 0.382966563105583 0.463371530175209 0.368805465102196 0.291827422380447 0.631526729464531 0.766910737752914 0.608067482709885 0.578011900186539 0.0542196143418551 0.111894210474566 0.146107671968639 0.233303051441908 0.281089410185814 0.0831683408527169 0.425399188697338 0.724892663955689 0.876960897445679 0.679666262865066 0.568912720680237 0.625116223096848 0.701958417892456 0.74417154788971 0.76529603600502 0.805210518836975 0.782788407802582 0.758640748262405 0.768116015195847
0.396638515591621 0.675877976417542 0.558502370119095 0.105857369151272 0.207235032070321 0.522747772932053 0.0955753004178405 0.0509346008031571 0.0131815714211143 0.0245911555752173 0.0343404074003047 0.0168332306302545 0.0109505763233756 0.00880011998335704 0.0251246079240445 0.0953251564409584 0.384636184573174 0.212877673655748 0.180777675658464 0.0266941127367318 0.0321344538126141 0.0701900140149519 0.380503451824188 0.325891513377428 0.252984306961298 0.356311245262623 0.205082695931196 0.109879608266056 0.168928103335202 0.441374740004539 0.287259915471077 0.268299107253551 0.561048343777657 0.676199191808701 0.617762440443039 0.471680921316147 0.588594731688499 0.772503638267517 0.846444606781006 0.826407241821289 0.857097041606903 0.816406673192978 0.839638835191727 0.78409925699234 0.805521523952484
0.786742523312569 0.624532356858253 0.757881760597229 0.827882295846939 0.567949835853425 0.275599788988503 0.674923807382584 0.796040362119675 0.381807041168213 0.163884575478733 0.115503293275833 0.0202340778860162 0.014539196552596 0.0161312161980732 0.0271758485459031 0.138755841227248 0.0376640880844207 0.00937642681595889 0.0378591982647777 0.0108944554533537 0.0242355823691469 0.18498203009367 0.54527103304863 0.340485401451588 0.22021903693676 0.116248296573758 0.0648086722241715 0.239434400200844 0.285250173509121 0.245234539359808 0.37609044611454 0.30494751483202 0.313745808787644 0.519021365046501 0.613941651582718 0.706561484932899 0.826272910833359 0.859137237071991 0.869827270507812 0.856524163484573 0.879595798254013 0.860048651695251 0.855884259939194 0.851912093162537 0.792807948589325
0.459147569543091 0.138251759728882 0.699669849872589 0.163612501695752 0.38296911418438 0.534403732419014 0.769805082678795 0.146305673688767 0.534918408095837 0.147060015494935 0.0458281009159691 0.0244849430325303 0.00746352813987414 0.0254743268580569 0.0288930361452913 0.0410256309180113 0.0241000190126215 0.00405254643720809 0.00494518282066565 0.0112966957351375 0.101106810569763 0.00481513912382932 0.0689941370859742 0.498114559054375 0.511146524548531 0.129767869599164 0.0948618525639176 0.223192647844553 0.240323519706726 0.218508684635162 0.317850205302238 0.317040094733238 0.470444375649095 0.592568801343441 0.670585417747498 0.754752588272095 0.772219866514206 0.481275001168251 0.833788746595383 0.87118553519249 0.842315429449081 0.852681314945221 0.851147067546844 0.458649314939976 0.361845082044601
0.212533032272936 0.43243303373456 0.809868177771568 0.443819017708302 0.526719665527344 0.172843518853188 0.107381113782196 0.770559044182301 0.480643838644028 0.313358350098133 0.420076677948236 0.192431328259408 0.0119650779687845 0.0463872863954748 0.0120671330974801 0.0585770823672647 0.0514289418206317 0.0369636090692438 0.00691386695289111 0.00977174739111319 0.00500324443913969 0.000380870627039764 0.024323463672772 0.24619314968586 0.59024121761322 0.432742071151733 0.328295055031776 0.403044936060905 0.685205373167992 0.45563562810421 0.425282011926174 0.371467596292496 0.899968379735947 0.893971741199493 0.667475134134293 0.787236541509628 0.780112999677658 0.814064258337021 0.875442391633987 0.867007166147232 0.858839792013168 0.854943495988846 0.853336215019226 0.849752724170685 0.54366081058979
0.0132377901482171 0.0553046244138386 0.800527123361826 0.555476933717728 0.14727014461314 0.360865111514313 0.78354240655899 0.357941609033153 0.0179831639743853 0.00680231824617294 0.0680726944570779 0.253947900608182 0.0620231734879781 0.00531781149912656 0.0119349190511457 0.0257244088214065 0.0268920507897747 0.0204292310106666 0.0213192883961256 0.0431006760336459 0.0922439999878406 0.00162415647100067 0.0720320290187374 0.0110956567708172 0.0196844244375825 0.356075750291348 0.303295436501503 0.463368621468544 0.620069289207459 0.572409799695015 0.35392529964447 0.304975119978189 0.782029449939728 0.763348793983459 0.627025231719017 0.721193337440491 0.853619408607483 0.875445210933685 0.868958646059036 0.871986109018326 0.838863658905029 0.560517358779907 0.691142821311951 0.526661488413811 0.627232336997986
0.221249189972878 0.193183383159339 0.286615733802319 0.707468348741531 0.564253896474838 0.23838271796733 0.14210560861975 0.5253550095018 0.826096278429031 0.0734618030954162 0.0628123403201244 0.0767157504567876 0.0541388727811864 0.0683385935146362 0.0143735246529104 0.011814355681463 0.0226884600351241 0.0345959981817941 0.0074362885145149 0.0141525816226931 0.118129848176613 0.137162401899695 0.0557892097713193 0.178943379223347 0.229353694617748 0.467897287011147 0.483040857315063 0.595330998301506 0.319944335520267 0.501453134417534 0.380585339665413 0.0720396707783948 0.357317060232162 0.662891665101051 0.815059834718704 0.872026318311691 0.866214787960052 0.741024416685104 0.845338094234467 0.869522660970688 0.81078325510025 0.430829051136971 0.186163188144565 0.391253070533276 0.454382514953613
0.0598059864016692 0.0787705149035901 0.185670785759992 0.590907950291876 0.00538207791513901 0.232848262600601 0.875115722417831 0.649098354578018 0.358758523107321 0.498450466000941 0.264423376414622 0.622742021083832 0.890492302179337 0.441989384542994 0.809859782457352 0.265395028889179 0.165017164871097 0.38652546107769 0.0807780493749306 0.0368913989699649 0.0867653052788228 0.383570526540279 0.0240694833919406 0.177971928566694 0.484187069535255 0.782536423206329 0.763531720638275 0.81412239074707 0.537996634840965 0.65856169462204 0.64512277841568 0.859349709749222 0.759646540880203 0.721471279859543 0.675459587574005 0.524990148262771 0.804101765155792 0.749999049305916 0.633369452180341 0.729616385698318 0.330657757823923 0.671314436197281 0.463111644983292 0.645869958400726 0.89487424492836
