Maxent_result_files_2/B_armeniacus_3.asc
NCOLS 594 
NROWS 330 
XLLCORNER -15 
YLLCORNER 23 
CELLSIZE 0.166666666666667 
NODATA_value -9999 
[rows 220 to 239 of 330, columns 540 to 584 of 594]
0.0668663175776601 0.0459340989589691 0.0223319132579491 0.0208103601820767 0.0893323676660657 0.0341927292291075 0.020024737046333 0.00622450208466034 0.00203131907619536 0.000722130010035471 0.000264224614534214 0.000145952944353667 3.99353158172744e-05 7.64726841104846e-06 1.9872819137845e-05 6.01501230779178e-07 3.49440387825695e-07 2.29897353436481e-06 1.0521736599578e-05 3.44278746056137e-07 1.54192543877496e-07 5.08013346433134e-05 0.000372945298729055 6.71762873532655e-05 4.77652546788665e-05 0.000549802723838866 0.000924268383869276 7.34244270772066e-05 2.48095391447989e-05 0.000176658140045216 0.000174581188002776 1.85788929130126e-05 0.0043021566583775 0.0007474764570361 7.18171811691093e-05 1.0580487223355e-06 3.10577008555413e-08 2.30439340054289e-08 1.6408135838919e-08 1.1934693866511e-08 2.12236556884626e-08 9.72723278591658e-09 8.43562517616192e-09 1.86511552535684e-08 1.55965021078064e-06
0.0107044251926709 0.0080817440582905 0.0370218800846487 0.0730547717772424 0.00983938446734101 0.000781266354533727 0.000236629535811517 0.000108144657178855 0.000177204916940354 7.28497025832553e-05 0.000120568042410696 4.05468186386315e-05 1.26418617810486e-05 1.77031003931738e-06 6.74198171735085e-09 5.91525213144983e-08 9.59812027634399e-09 4.75566167112973e-08 4.16985991846808e-08 7.93049350359398e-06 0.00258329338757903 9.47716633179829e-05 1.22058517280643e-05 4.33944270731734e-05 0.00105933832335268 0.000653452875991434 0.000108257741974505 1.23102257648e-05 2.87690597388091e-06 3.3937030241904e-06 2.28866931140104e-07 5.99753728771191e-05 8.66540107246294e-05 0.000713599200753379 1.1678224006717e-07 7.7012981725133e-08 3.04697701403178e-08 1.91004978833398e-08 1.00979215655883e-08 2.08710006388557e-08 1.32823900322876e-08 1.04251996257965e-08 9.15187978733911e-09 3.2470086352987e-08 5.54937340080386e-08
0.00499577192240395 0.00807207496254705 0.00958625911734998 0.000486529090449039 5.48720052524487e-05 0.000221460604052481 0.000329380524613043 8.11154432014405e-05 1.07758838026939e-05 0.00019434073048501 0.000581934993897448 0.000628895205227309 0.000310434463791864 3.73581639063758e-05 5.27683945683588e-07 2.60038775863336e-06 9.8986462797046e-06 1.33697957025003e-05 0.000101144216241622 0.000235592795744044 0.00203465682780006 0.000294991173345383 0.00494107347913086 0.0029917035571998 0.00334014081745408 0.00272197380836587 0.000148676388883928 3.95150072392769e-05 1.06739771521536e-07 6.8336585534734e-08 3.80342534276212e-05 0.00162115609855391 0.000493385683148517 9.19186660265581e-05 8.15620497585101e-08 1.1530283061667e-08 9.3516669852356e-09 8.0232888444165e-09 7.84692000266318e-09 3.37170095066064e-08 9.25501008053331e-09 1.63834292465914e-08 1.40399579950934e-07 3.7028223836888e-06 1.25673197978182e-06
0.00179423308327387 0.00186692518764175 0.000749444984830916 0.000402580822583332 0.000434594390299026 7.47223482562731e-05 6.58352086304603e-05 0.000301809949974086 0.000220463143614325 7.19928761384381e-05 2.45087968323787e-05 0.000337429121282184 0.0004681980541136 0.00303865158930421 0.000961726465760648 0.000571622546313044 0.00124429927673191 0.000615239376253385 0.00191956649359781 0.0198133612051606 0.00261200722889043 0.00186243385833222 0.00119110116825141 0.000203895450915925 6.89421406313229e-05 3.10970136155886e-05 2.46102656952574e-05 1.88736686165258e-06 9.69027474706507e-08 3.26508237654677e-06 1.98564803025603e-06 0.00308084783291633 0.00100399705188465 0.000188810376960191 1.49943606007064e-06 2.19261981970753e-07 2.74570904090776e-07 2.05772910066848e-07 2.8498756489137e-07 2.04874211651607e-05 1.79345066317893e-06 3.47493877339566e-08 1.07847605401723e-08 2.73648355642031e-08 6.33576082709197e-09
0.00101456852389674 0.000575095695057826 0.00108929279049335 0.000158554702102265 4.91678598237399e-05 8.66139683864731e-05 0.000466217468419927 9.50459320847585e-05 0.000346454337795876 0.000332800978139858 0.000194969348558516 4.08631912007684e-05 9.97269084763719e-06 0.000112169611270851 0.000155305600937072 0.000115087044710038 4.46878137376983e-05 0.000668566751431854 0.000331526923746894 3.16153729171709e-05 4.21564526363882e-06 3.49537139532341e-06 1.15750941545034e-06 1.60377014669644e-06 2.88787124658185e-07 2.23873836646682e-07 1.26224937757602e-07 7.59997562438386e-08 4.00148469440253e-05 5.32327916814013e-05 1.03023232611577e-07 0.000179627593729492 0.000400829861056806 0.000636005263368133 0.000357781063576113 0.000137606574361371 6.27433969413005e-05 9.0683451269058e-05 0.000140051171482725 1.28084902609626e-05 5.21145671539269e-07 8.82625136311432e-09 6.1809903306731e-09 3.56474133544893e-09 2.92087016795506e-09
0.000160865397629095 0.000548636020175763 0.000794486158793006 0.000385425992135424 0.000377955297153676 0.000577526894994662 0.000568043791463424 0.000335972483117075 0.000159508803699282 0.000236090858470561 0.000943400215555812 0.000265073630398249 0.00276779341529618 1.29377187239599e-05 1.57841447619877e-05 7.40050466695452e-06 3.07891990177445e-05 1.01614196656663e-05 2.75335740097526e-06 6.37732940084179e-06 3.54010239973501e-06 7.18247214470669e-07 7.42181484858495e-07 1.27601400135013e-07 1.4195629129965e-07 4.8777528316446e-08 8.55048793990676e-08 1.13624716713279e-07 4.33337764293995e-07 6.07444181779382e-06 5.16530940153359e-07 2.32626991068075e-05 0.000302564604135114 1.11882637585992e-05 1.58768976170509e-05 7.06362892846091e-06 3.6381825652132e-07 5.18314758379823e-07 3.23110933342363e-08 4.49729650187081e-09 3.77713335053542e-09 3.38348526973675e-09 2.87873076487699e-09 2.67187372227085e-09 2.32499544061682e-09
0.00114201899559703 0.00389994316210505 0.00478523981291801 0.000913805996515293 0.0012695792625891 0.00255239199614152 0.00405802518362179 0.00327555703406688 0.00693248229799792 5.67504307528388e-05 5.33251990932904e-06 1.68063979373967e-05 1.67259463202396e-05 7.24784150926139e-06 5.76621756018803e-06 6.70212256448366e-06 2.93371973228318e-05 1.22860829451676e-05 5.96670301652447e-06 2.79239969572798e-06 2.46142451819642e-06 7.50332838306278e-07 3.55133790697071e-07 1.81451396874532e-07 3.56228597953034e-08 1.88914216159297e-08 2.23509418306733e-08 2.06099402544346e-08 1.28270392085739e-08 1.28409060717871e-08 1.68675403089402e-08 1.67418015006859e-08 1.56029112985401e-07 4.37869422609261e-08 1.75127920387652e-08 6.64374344427898e-09 4.87639664203954e-09 4.41456960986741e-09 4.08924339945216e-09 3.59134457728061e-09 3.29380234198595e-09 2.80570826571846e-09 2.68722826213263e-09 2.25062760650374e-09 1.91033029395271e-09
0.000228310062327064 0.000460255151176625 0.00648295758292079 0.00372339209861821 0.00233432229821489 0.00135514422609546 3.72205052922014e-05 6.62701253757114e-05 3.72245951377082e-05 2.55111861876545e-06 7.30311152244978e-06 3.96472183442631e-06 1.22730449205744e-06 5.92716673898375e-06 5.47963879207192e-06 2.60566943626195e-06 2.70752915819683e-06 7.77958444897475e-07 7.80421469726011e-07 3.48738894062617e-07 6.16826377930479e-07 2.23679282784772e-07 7.515827716853e-08 4.32069422018344e-08 4.80849818629281e-08 1.7743772035006e-07 2.68217832860573e-06 8.16758349619917e-08 1.19335748616223e-08 1.00413177328562e-08 1.00313707673827e-08 9.11169442119331e-09 6.93040118626698e-09 5.49886843836944e-09 6.78943016252376e-09 5.66801332535505e-09 3.35962012654178e-09 3.22215911729984e-09 3.23174788041669e-09 2.92650184086085e-09 2.55153822514842e-09 2.40623009295504e-09 2.25648516538612e-09 2.02625087819541e-09 1.9193362121861e-09
7.54379593531529e-05 0.00178282906975937 0.0120731978211552 0.00109432152272495 6.02046251093058e-05 1.24847449366139e-05 4.34392721133436e-05 2.28168066106371e-05 1.35554876182553e-05 7.41390313707679e-07 4.03347387378794e-07 6.42713795617755e-07 1.84819967389283e-06 8.67961121486793e-07 1.43030707678848e-06 2.26065049646618e-07 4.27285516768627e-07 2.31948773765644e-07 8.35074173366479e-08 7.33605079572541e-08 6.37819769777614e-08 1.85348938586127e-07 2.37473716445669e-06 1.43416253098882e-06 8.97946644840886e-05 0.00016728258454104 1.09013530260937e-05 3.56474023577302e-07 1.52180561707738e-08 8.16719544216582e-09 6.73223240488241e-09 6.0016870251367e-09 5.33489891152428e-09 3.9238064020175e-09 3.1727636184975e-09 4.41234295767146e-09 2.69109023953717e-09 2.39964574877405e-09 2.40604269841072e-09 2.25711657142469e-09 2.32030099578395e-09 2.17337973174025e-09 2.00768442981669e-09 1.75439696104007e-09 1.42575736772343e-09
0.000127386689142661 0.00024604069646188 0.000145167071500985 7.31046099011756e-06 9.43866636005097e-06 1.02621542563686e-06 1.25653872573572e-05 2.05514033392418e-05 5.23481314251839e-07 2.4108755987573e-06 7.34551446956999e-06 1.23467374245068e-05 5.37348914863012e-06 1.53116328669212e-05 2.05377948968577e-06 2.682852830449e-07 9.66588295736592e-07 9.90650110055391e-08 2.14893767525037e-07 1.71208551081881e-06 3.36401345123249e-05 7.87768491250063e-05 3.28337246231825e-05 1.22806714827561e-05 7.279390998427e-07 1.48875538086291e-07 1.64795749602042e-08 8.96891571011693e-09 6.90614787579591e-09 6.37259355285025e-09 5.31315968999024e-09 5.29558322748258e-09 4.52498373215704e-09 3.67208562446208e-09 2.59219430365221e-09 3.61958112371497e-09 2.51879000989774e-09 2.52099877640077e-09 2.29103197524338e-09 2.10350168394768e-09 2.22694388485323e-09 2.29841600196679e-09 1.86476792896073e-09 1.508083857793e-09 1.26986758886005e-09
2.71715692840013e-06 1.07976167516011e-06 1.4446194843809e-06 3.02597322320297e-06 5.50435198345411e-06 2.11721200683579e-05 2.94021298863134e-05 2.02255447105615e-05 1.14100637348402e-06 1.45947701343352e-05 0.00063842692925391 4.63347483051213e-05 3.31018183963305e-07 6.15429272909918e-07 3.17107151692753e-07 2.05280680909414e-07 8.96250619719652e-08 1.0305165448754e-07 1.81272932697762e-07 5.55135359714409e-06 0.000126437281301151 3.21655842599355e-05 5.82999551823615e-07 1.05790413252871e-06 4.09872849882476e-08 1.03701879194951e-08 7.61418438299799e-09 6.01079885864664e-09 5.92813959032767e-09 5.79013521573302e-09 5.18308332919659e-09 4.78608300769068e-09 4.15034276946002e-09 2.91917598982394e-09 2.41821079827176e-09 3.24749811486669e-09 2.2109798991643e-09 2.20200438993956e-09 2.01217842388246e-09 1.78501360359462e-09 1.76073423618917e-09 1.7223579118486e-09 1.43851857092869e-09 1.10513947992885e-09 8.63668048189936e-10
2.13762052941879e-06 4.92061215817685e-07 1.19310177801868e-06 5.97975940922479e-06 0.000109920185041767 4.12656101616449e-05 3.21867245929752e-05 0.000732532554138743 0.000310135611584883 0.00018637999460509 6.44633519011339e-06 2.42255123983348e-07 4.48996120172573e-08 3.97992069745001e-08 3.66368110071846e-08 1.70263723109354e-07 4.08583809341501e-07 1.87459482384411e-05 6.64658100269833e-05 6.11491440679401e-05 1.94419490701092e-06 2.80095004745462e-08 1.32360232663054e-08 1.13245649857596e-08 1.0779186898624e-08 7.54329978480683e-09 6.75720961407222e-09 6.10407865364593e-09 5.56903835269296e-09 5.76321439460514e-09 5.41867938297358e-09 4.89953635440799e-09 3.80763161000885e-09 2.65494487505791e-09 2.56509677942773e-09 3.91873478111648e-09 2.52856140470215e-09 2.03245664742724e-09 1.88223880925875e-09 1.79270109867957e-09 1.58263172567175e-09 1.37820828083335e-09 1.21795246110779e-09 1.02250835576356e-09 8.3914832860188e-10
2.37340589635981e-05 3.72977187657053e-07 2.26804383196555e-07 4.54522063006335e-05 0.000160874013458123 0.00318795213825069 0.00946958993445151 0.00269851551565807 0.000325642751795385 0.000348253391643993 1.50536160232417e-05 4.28966072829606e-07 1.51398966963257e-07 6.31461306244141e-08 5.40139358240488e-08 2.69329421983766e-05 0.000249223891478323 0.000213807596674087 1.10693709710619e-06 2.65344721972482e-08 1.42506669353892e-08 1.10911027473293e-08 9.78087069114508e-09 8.85859642307807e-09 8.57562715284033e-09 7.45999422235855e-09 7.00005987619434e-09 6.55827752105154e-09 6.04769785361725e-09 5.98514353633561e-09 5.53662806712651e-09 4.90571641087456e-09 3.4627798295439e-09 2.38990897072355e-09 2.55903264134716e-09 3.18176033298201e-09 2.15738150677325e-09 2.06551870052252e-09 2.03063489356836e-09 1.98308620635856e-09 1.78025022501416e-09 1.45443911359067e-09 1.18365058865422e-09 1.03711863541633e-09 9.08489028450532e-10
3.84931353024642e-06 7.6355160362751e-06 8.87820507733395e-07 2.27504733596451e-06 3.32822754086526e-05 1.42657069110763e-05 1.06068916004176e-05 4.80427962440633e-05 5.48164417322639e-05 9.03555724161009e-06 1.26310975231414e-06 2.1171999331715e-06 6.94698024564788e-06 4.84024750080358e-07 6.64784492143688e-07 0.000829312506539281 0.000874551115157374 0.000105758507095288 7.45916439959249e-07 1.63349526016709e-08 1.45562215947415e-08 1.20610524123599e-08 1.08294890943661e-08 9.59209306428122e-09 7.7502133266627e-09 7.47101609466227e-09 7.67443464333439e-09 7.89207738050024e-09 7.48150268403691e-09 6.81588989692727e-09 6.38449811907194e-09 5.15181327598313e-09 3.5372003437395e-09 2.65838999702339e-09 2.49390683659811e-09 3.09126155784156e-09 2.06668414604039e-09 2.18878436486492e-09 2.00927060545197e-09 2.16789749485358e-09 1.58699583474586e-09 1.44326327555788e-09 1.32081690029651e-09 1.13179843275191e-09 8.94801654993671e-10
1.20915950252432e-08 1.31683121103343e-05 1.81674404209242e-05 1.67185437208728e-06 4.13115109643147e-07 8.62904330778402e-07 2.38697914985098e-05 1.80132365470653e-05 6.63708194303947e-07 2.49685848330294e-08 2.42601779110174e-08 2.50334302509536e-08 4.23013695405317e-08 3.34705853233253e-07 2.46636670824696e-05 0.000570302434061887 0.000220276771005956 2.34128576404036e-07 2.0371096287608e-08 1.65227838300197e-08 1.34794785444647e-08 1.04196085870534e-08 1.05169406072747e-08 1.0971177888397e-08 8.9452768747833e-09 8.25686534700054e-09 9.22504247435896e-09 9.15212902130591e-09 8.45143592886899e-09 7.61131162541062e-09 6.90158625804571e-09 4.87053845033003e-09 3.8611958630419e-09 2.98760027828138e-09 3.12637199462173e-09 4.25068704679177e-09 2.42643962700129e-09 2.00210785727961e-09 1.7916274908103e-09 1.75986443196052e-09 1.56000574680348e-09 1.57833793812401e-09 1.53680151937508e-09 1.15280991419553e-09 9.66390767409564e-10
2.27702345978464e-08 4.09675247725616e-07 2.50178012822788e-06 0.000120529651883294 2.58782318992901e-05 3.67395799395487e-06 1.38767579034305e-06 2.26455715660601e-06 7.19178559716038e-07 7.0649925454358e-08 3.21798512725735e-08 1.67931992978154e-08 2.52839606773581e-07 1.17532966442013e-05 0.00031962483371899 0.00078704120387556 2.10740585846469e-06 2.77274406434991e-08 1.72603861092746e-08 1.33074017805157e-08 1.1419170709015e-08 1.01370624006059e-08 9.99661221579018e-09 1.0462489863361e-08 1.08912071694611e-08 1.02991931205665e-08 1.00698838156887e-08 1.01112951678139e-08 9.70446421000304e-09 8.92540267249942e-09 7.32767569955328e-09 6.76198004256889e-09 5.42593748820153e-09 4.41225894709518e-09 3.86851303213476e-09 3.6556426774581e-09 2.47463541880322e-09 2.22227882762382e-09 1.66998154194076e-09 1.64668184643446e-09 1.50465101489416e-09 1.77552094138278e-09 1.58484078083276e-09 1.23821121134071e-09 1.05057157417932e-09
2.31796840499676e-08 3.01208835651323e-11 9.52230245765406e-09 3.4245888036466e-07 5.69515402759624e-07 4.73040131103719e-06 1.92847739762803e-06 3.98497989007041e-07 8.55741939420618e-08 1.83497071670757e-07 1.03930734141056e-07 4.90985312739944e-08 2.45678295822671e-06 0.000456017300894018 0.00154203396959929 0.000210606427458515 3.30962646766242e-07 1.68845049719479e-08 1.41061133551723e-08 1.11620778397992e-08 1.05351900092643e-08 1.03352155944592e-08 1.07913807778637e-08 1.0462202237882e-08 9.89298061249144e-09 9.86144663706057e-09 9.90460078398314e-09 1.05078348799914e-08 1.04065143058385e-08 9.03010374253554e-09 7.04461282641233e-09 6.94887924979071e-09 6.46584409347284e-09 6.10259162092675e-09 4.4256419751143e-09 3.66189403244732e-09 2.90063245644845e-09 2.44653468595146e-09 2.25337961623495e-09 1.87946043173071e-09 1.93392999392472e-09 2.14521140851076e-09 1.86721086370412e-09 1.65843883070949e-09 1.31400658132108e-09
6.5045213819559e-07 2.10547183021603e-09 4.37068852332523e-08 1.3221755118531e-07 5.72166104442218e-06 8.99495244391924e-06 1.06286919859921e-05 0.000120831468521265 1.93647625336135e-06 6.59267938574182e-08 4.65437562935378e-08 1.05056759089894e-06 0.000413726926126401 5.24980379278617e-05 0.000582399780250853 2.21844316020681e-06 1.77289471547937e-08 1.65353725489759e-08 1.3878270410661e-08 1.24200197237911e-08 1.22927665158201e-08 1.21308410427901e-08 1.09484352917022e-08 9.90030436520683e-09 1.01313716416307e-08 1.0168027164692e-08 1.06043614445106e-08 1.05811691852864e-08 1.01101383043201e-08 8.86053375115381e-09 8.56581138242163e-09 7.44565443744349e-09 6.70925416335066e-09 6.26565374028942e-09 5.45651841488137e-09 5.97395206636264e-09 3.17115561587755e-09 2.92465451856572e-09 2.43206692562836e-09 2.30820794699937e-09 2.51322964661682e-09 3.11926189100475e-08 2.54358666351706e-09 1.93764925215945e-09 1.70617671102491e-09
1.70869929316808e-10 2.21321455606827e-09 2.07092384463259e-08 1.12320447509529e-07 1.79044113659987e-05 0.000102048927836162 4.99156069534767e-05 0.00061474382549136 0.000271568640335307 4.32993571408691e-07 6.7307339768341e-08 1.20305531514653e-07 1.97328362875338e-05 7.51383129561134e-05 0.00112013484176714 3.55046382616298e-07 1.87725478051348e-08 1.58442122644153e-08 1.54733308499466e-08 1.52927322694119e-08 1.45589777011956e-08 1.40321894104289e-08 1.25410730578146e-08 1.11093076182733e-08 1.0464344701866e-08 1.03392728934004e-08 1.05979651388033e-08 1.10025533572866e-08 1.01378253569706e-08 8.55081807582536e-09 8.57455135783169e-09 8.18274795699736e-09 7.83873895793263e-09 1.00187441787192e-08 8.31614441754169e-09 5.72606546622723e-09 4.32978303210874e-09 4.1274228257393e-09 3.66238738225277e-09 3.55456415412903e-09 3.73252021512727e-09 4.10436870046382e-09 2.50520502120821e-09 2.37016754001118e-09 2.37485786591662e-09
5.16452723198224e-07 6.71148545183797e-08 3.35581746480074e-07 4.55905175056337e-07 1.02004306118397e-05 4.67552970304652e-06 2.4467815853868e-05 3.72692270000918e-06 4.47143926206373e-05 9.02213458175982e-07 1.1698307466057e-07 9.67985070610133e-07 1.83448873305458e-06 0.000413240801572101 0.000319733747090822 8.59279942144742e-07 2.23790076359087e-08 1.71245582603063e-08 1.59703221869201e-08 1.73060282437909e-08 1.6417710191341e-08 1.59749315886693e-08 1.32973125399616e-08 1.27992930365473e-08 1.13983299354636e-08 1.09266962589061e-08 1.16159619700795e-08 1.11797700541594e-08 9.97208401409822e-09 8.96149614515451e-09 8.96700789176919e-09 8.46441589041902e-09 9.45335014712612e-09 1.26733113892108e-08 7.21613565568546e-09 6.21274208745248e-09 5.72799974118965e-09 5.07055708531823e-09 4.65652889580781e-09 5.57457052741128e-09 4.55736043347699e-09 3.69625340335133e-09 3.09646134288855e-09 3.19825724792722e-09 3.13154283615447e-09
