Maxent_result_files_2/B_armeniacus_2.asc
NCOLS 594 
NROWS 330 
XLLCORNER -15 
YLLCORNER 23 
CELLSIZE 0.166666666666667 
NODATA_value -9999 
[rows 180 to 199 of 330, columns 180 to 224 of 594]
0.00049106584749834 1.81040182593017e-06 2.86250109382324e-05 4.07336533265523e-05 9.62055315667509e-07 3.00599926855716e-06 3.94469032710676e-06 0.000813158171776274 0.00125787593789261 0.000410049920901656 0.00387964509427547 0.00596003982360332 0.00365385358722961 0.000535272910438378 0.00345834467049652 0.00193250218233797 0.00159467377839135 0.00147508938789117 0.00127506636194309 0.00172081996801287 0.00469698496162891 0.00250889383232877 0.00857232883572578 0.0277899414300919 0.0154718577861786 0.00615537352859974 0.00829910710453987 0.00855193883180618 0.00481288209557533 0.00181747730821371 0.0016694214195013 0.0019046813249588 0.0137346804141998 0.00424903854727745 0.00849866345524788 0.00531741462537712 0.00129098072365772 0.00248538502783049 0.0017079091927834 0.00262683155015111 0.000621883618863905 0.000398968546502676 0.00283618210182968 0.00096073390857333 0.00116145723586207
2.37452895817114e-06 7.71086685436018e-07 1.24034190076561e-06 2.28684093599441e-06 7.23276389180683e-06 2.83323277348035e-06 0.000452690529158362 8.16119772052759e-05 0.000971699711887186 0.00069840825162828 0.00950029641391855 0.0027605365848959 0.00267662312835455 0.00438865832984447 0.00152822489228015 0.000252958590680341 0.000856586787645475 0.00153595814638506 0.000248099558818404 0.000391948288215815 0.0607931971549988 0.00777604207396507 0.382016649307367 0.4 0.2 0.0052317950874567 0.00772898495197296 0.00200047483427639 0.00332330473287708 0.000735026552004292 0.00402656007454771 0.00250029738235753 0.00243953245226294 0.00307853976770713 0.00245559312896119 0.00445522792693871 0.000606709774618575 0.0023307242357987 0.00783948064098154 0.00360152086007494 0.00431054472515036 0.00195936506484923 0.00179939131003888 0.0049171295017004 0.00174976332366596
3.03865759633482e-05 5.17535988182605e-06 4.49052168153274e-06 2.4740075066676e-05 2.99542296930189e-05 1.64660841726949e-05 1.03468154402098e-06 0.000138765892498316 0.000390543683162126 0.00138231441381803 0.00335891246795654 0.0012200964614749 0.000946928030402938 0.00104434315960654 0.00140625094229563 0.00198026914149523 0.00390352196991444 0.0040307029758228 0.00147683184993473 0.00131270708358364 0.597932785749435 0.00685630738735199 0.00450214857021645 0.35099670725574 0.00128453111823404 0.000355698079749966 0.00695314779877663 0.00251072090977192 0.0032418896316873 0.00186172491774499 0.00217499812861206 0.0036685390845534 0.00220600285683759 0.00313292762741586 0.00158821102557067 0.00223416797816753 0.00057162772847954 0.0129105798180886 0.00769037001991819 0.000519798416644335 0.00231602769345295 0.00267567466354038 0.00236857034880495 0.00295827156517472 0.00168941832525888
1.34323577063999e-05 7.92923013983593e-06 3.09754676778295e-06 8.73356261563707e-06 2.931059390332e-06 9.55944961139599e-06 2.85358720147233e-05 0.000266659236682953 0.000191364488723411 0.00121030611917377 0.00172011896875197 0.00297135133296251 0.00126818677559077 0.00225726664066315 0.0029974391683939 0.00262328003493419 0.00145348832011223 0.00449502654373646 0.00551665648818016 0.05618776679039 0.0082569919526577 0.00280220335862396 0.00230213271953433 0.415242815611146 0.00043858725250201 0.000252869264487854 0.00146015945536753 0.00219755237096635 0.00286896876681028 0.00375012283461729 0.0020677105843788 0.002170944417594 0.0116155358846299 0.00354312850458721 0.00370843381706436 0.00952917953991346 0.00210803545051021 0.00717917214886293 0.00222186807056772 0.00165324619054266 0.00296575088061983 0.0039041300266511 0.0040996068590528 0.00344909185392785 0.00352706350386143
0.00773433246731161 1.99505716489412e-06 7.42889526040735e-05 2.69034483240782e-05 0.000157322201004839 0.00143699977561056 0.000496846162538123 0.00034134223943072 0.00133358161224892 0.000534018031670658 0.00272025037588682 0.00151278972625732 0.0016902407631278 0.00309257068507693 0.00361093021929264 0.00151181230321527 0.00161219201982021 0.0154830425977707 0.0865429759025574 0.00354741327464581 0.00037700701753417 0.00202870834618807 0.00271392294339421 0.00147768561267163 0.00122559620760313 0.00207133527060713 0.00325194494908952 0.00341622002511659 0.001545806872956 0.00183390880265506 0.00200871576443289 0.000123661144425791 0.00305067709460884 0.00679537703941588 0.00245732517424681 0.00182721341024159 0.00293411646898285 0.00193493369733915 0.00190069926611613 0.00161674862947834 0.00312553014682635 0.00180161416355986 0.0017163538504974 0.00487612560391426 0.00371930561959743
4.65977663456352e-06 0.000123914480268317 0.000173475161445158 0.000260180341180749 8.7526110611702e-05 0.000959168783772468 0.000644585474854009 0.00276082627939616 0.00175748750726363 0.00109557720037012 0.00207717755027594 0.00152424527332187 0.00175386127084494 0.00270483531057838 0.00170866027474403 0.00858025401830673 0.00334962010383606 0.012831062078476 0.00405407762438597 0.00143831869318135 0.00178051355001188 0.00136462673326605 0.00136700942239258 0.00188635958523374 0.000524509490365166 0.00496953128022142 0.00537311598566888 0.00571385622024536 0.00151646671511005 0.00169159891520394 0.00218413254987979 0.00190081793563928 0.00188927649724064 0.00190786103339633 0.00188588619785151 0.001852119420073 0.00276433249695742 0.00170968352817482 0.00175083563226508 0.00173175383970374 0.0016606125907856 0.000212455516303367 0.00529061779379845 0.013675644993782 0.00254120994359255
0.00398038677742457 0.000550005259091912 0.000652191417825965 0.000924152118483301 0.00102608227429195 0.00037769190717849 0.000354462786724696 0.000229071656267665 0.000184627261973969 0.00109200747683644 0.000935777369886637 0.00116516072303057 0.00193742848932743 0.00164925437420607 0.00294612515717745 0.00440537333488464 0.385468615365426 0.868986296653748 0.448712057992816 0.00307483951781846 0.00450293690810213 0.00379846666857335 0.00260259478986882 0.000798378606282368 0.00136873001247295 0.00138823284452343 0.0129577614422337 0.00132141577528486 0.00071370475164777 0.00417447953731066 0.00221518618362921 0.00170999063557247 0.00178300898114685 0.0018763201165333 0.0023286975785026 0.00221481726359505 0.00302888596238517 0.00225877712960464 0.00283723364768775 0.000881420855259019 0.00134537557217232 0.00601380094885826 0.00486936271190643 0.00320662222802639 0.000716814631596208
5.17192656456222e-06 5.3470093080088e-05 0.000290176776557793 0.000155663676599849 0.000848685125075832 0.00128722564293092 0.00149642501939893 0.00089030303066272 0.000375292333774269 9.65307408478111e-06 0.000500737503170967 0.00154734533280134 0.00184952486306429 0.00174421090632677 0.130850112362358 0.0418378328154068 0.0256841063499451 0.00268596317619085 0.00412275791168213 0.00307654894504907 0.00366654098056366 0.00777918249368668 0.00434048416436134 0.00130061179263179 0.00315637440380609 0.000653214297826465 0.00759168803822514 0.00505121969476932 0.00215008338950253 0.0016642866883922 0.00156700347156618 0.00125873142935291 0.00286077732141088 0.00233241001080546 0.00168615409622852 0.00162007882754551 0.000496579107808559 0.00237584431344047 0.00119285360166818 0.000196091293474021 0.00248962424016099 0.00499409958720207 0.00456781163811684 0.00296922102570534 0.00327091589570045
2.51081969332434e-06 2.14554321286142e-06 7.75077159647086e-05 4.05301180896767e-05 8.7159297770234e-05 0.0041354102519108 0.000807012161593068 0.000607206009753836 0.000762825785204768 0.000230316026136279 0.000628474168479443 0.00119096226990223 0.041438165307045 0.00252958834171295 0.0026686854660511 0.00290559586137533 0.00364746563136578 0.00328848846256733 0.00391039475798607 0.00393341146409512 0.00430138111114502 0.00300172414717963 0.0021696750702862 0.000985624549572261 0.00377929399905952 0.00105194440774513 0.0012625471826022 0.0026834797114195 0.00473642840456847 0.00325810955109773 0.000403986165796855 0.000666009571761628 0.00195666307115516 0.00146281088390575 0.00127578755195751 0.0019031593603078 0.00132440032152312 0.000798301420815373 0.00197831803736527 0.00283334739592471 0.00290661091750629 0.00476901717483997 0.00371875688433647 0.000917329639196396 0.00192403793334961
1.7809118159795e-05 1.27629853125533e-05 7.87292068373802e-06 0.00014647969062429 0.000110781518742442 0.000174414366484499 0.000266338605434524 0.00136304399513099 0.000301770432058623 0.000896558912591616 0.000741345807909966 0.00153240831568837 0.00094812773168087 0.000636437349021435 0.000704524479806423 0.00142188854515553 0.000414203489720555 0.00271549001336098 0.000805523638715933 0.00366461575031281 0.0035358265042305 0.00270315653643026 0.00144759677784437 0.00433997881017766 0.00217336793050333 0.00373340165766681 0.00309842433011785 0.00165473874743439 0.00215237594054628 0.00156835281359058 0.00766163953065124 0.00107042235513762 0.00153133236037584 0.00166074146691244 0.00252718388133353 0.00179224454308873 0.0011991365445684 0.00113970936541834 0.0018736205090386 0.00306011055849641 0.00136256187834078 0.0020368313531554 0.00239846613258123 0.000483591854572296 0.000575086940079927
0.000111600086721875 1.55620946674206e-05 6.08179258806074e-05 5.95957972109318e-05 1.19979857117869e-05 7.34877312424942e-07 0.000121884502004832 0.00047319158911705 0.00165132489055395 0.00687328726053238 0.0030487721785903 0.000982952024787664 0.000792291667312384 0.000759831536561251 0.00143462307751179 0.0013581084087491 0.00281143188476562 0.0032875020056963 0.00250553917139769 0.00262149162590504 0.00574569851160049 0.00354236885905266 0.00105200304797393 0.00177181307230575 0.00382459908723831 0.00265238741009739 0.00250154290724822 0.0582120609226324 0.00652067197998178 0.00302411402840335 0.00019464771801726 0.000993768573042431 0.000802569788706686 0.00136708087664058 0.0013923528439427 0.00145538844226394 0.00161094298066859 0.000577730780945818 0.000955627241017376 0.00221025347709656 0.000835964549332857 0.00222783256322145 0.000153427023906261 0.000541244400665164 0.000213924958370626
4.63805781691917e-07 7.80855552875437e-06 3.53000097675249e-05 4.1865833918564e-05 0.000116774172056466 0.000115178286831763 0.000336278881877661 0.000556483259424567 0.00144344000145793 0.00169111024588346 0.00183097589761019 0.00164088234305382 0.000333166099153459 0.00114867454394698 0.000919326581060886 0.000852662976831198 0.000805935966027904 0.0029641667380929 0.00297133158892393 0.350547099113464 0.00407604191277642 0.00236990160391177 0.000944198254612449 0.0029548477402296 0.00129464398778509 0.00227658095700463 0.00228330260706571 0.00169954541132548 0.0010360632979061 0.00496553938472606 0.00176807532436136 0.00168976474087685 0.00174108783612041 0.00135758842045151 0.00220141127784768 0.00475741951086093 0.00232599005103111 0.00154279057554896 0.00185839221413839 0.00419346801936626 0.00309527665376663 0.000704549252986908 0.00101801808923483 0.000830959249287844 0.000451718829572201
2.37315718550235e-05 2.61105597019196e-05 2.02583789359778e-05 6.9907505530864e-05 0.000112926261499524 3.52591276168823e-05 0.000815677177160978 0.000869971327483654 0.000828782841563225 0.00125886499881744 0.000894307252019644 0.00125812981277704 0.00188152734190226 0.00149929998442531 0.000188206786015765 0.00149027248819275 0.001123181078583 0.00126821352168918 0.00154043222235244 0.00166334211826324 0.00343576591039891 0.000960550710442476 0.00430665835738182 0.00326270238285438 0.00103980017083813 0.00109927184239496 0.00118508397499681 0.00125690133936587 0.00134245077206288 0.00142957742282306 0.00121138152462119 0.00144113292335533 0.00128902363593282 0.00178622937746872 0.00125218688845052 0.00121404775782139 0.00123362745071063 0.00126585077232448 0.00453621186316013 0.00458983331918716 0.00434585697948933 0.00340816974639893 0.00324651673436165 0.00299873147159815 0.000753290066495538
2.0743116238009e-07 3.72002214135136e-06 9.85494116321206e-06 0.000392643734812737 0.000178339798003435 0.402343727299012 0.00650894173988291 0.000387183600105345 0.000920450314879417 0.00679047182202339 0.0024451307952404 0.00106734950095415 0.000706261303275824 0.00507743172347546 0.0114333152770996 0.00336200892925262 0.00103188110515475 0.00146565741935027 0.00148996617645025 0.00173192323155441 0.00139354486018419 0.00160092686599677 0.00128065266198263 0.00678381100296974 0.00104090761074292 0.000969015487498837 0.00106154785244144 0.00199258334200749 0.00123302695064922 0.00128898245457094 0.00115889358022737 0.00124774075229652 0.00116681992343075 0.00101856433975627 0.00108265456219669 0.00113198429826298 0.00114334671816323 0.000102915800992942 0.00273736829291888 0.00242583360522985 0.00129330888674355 0.00128736980259418 0.00128951659426093 8.7385019287467e-05 2.80238197092331e-08
1.15282574597586e-08 5.1006609282922e-06 0.00017721657641232 0.000192007434088737 0.00127996020019054 0.00156086608767509 0.00365784578025341 0.000513903051614761 0.000152226141653955 0.00104758758097887 0.00608356036245823 0.139950817825122 0.000483134901151161 0.00121046341955662 0.00295737031847239 0.000634512025862932 0.00528326109051704 0.00125490864738822 0.00340727455914021 0.00119386408478022 0.00157325733453035 0.000552177524986719 0.000329374899513124 0.000736331339472418 0.00127562074555436 0.00319762534174906 0.00141259418453457 0.000872811841427068 0.00107226586042088 0.00112065279245144 0.000320175368847031 0.00115030517627019 0.00108575387421297 0.0010606912401272 0.00103633307298878 0.0010623119873344 0.00105955820909003 0.00311839990317821 0.00102255446981871 0.00245273280888796 0.00295844655483961 0.00175408260531528 0.00196332931518555 4.84150150441565e-06 1.79410435521277e-06
1.65139795171854e-09 6.58900593407452e-05 0.000316662061959505 0.000453977845609188 0.0016748458147049 0.00777650624513626 0.00767780542373657 0.053811521869508 0.549708235263825 0.000990962609648705 0.200332512776367 0.00263817198574543 0.0056319635361433 0.00465254113078117 0.00689223110675812 0.00160768069326878 0.00188742130994797 0.00377061665058136 0.00381356850266457 0.00144845899194479 0.000888643664954902 0.00124906119215423 0.00130224662095118 0.000799844200750344 0.00137564673093947 0.000313610234297812 0.000805861304615973 0.000885131075483514 0.000947248299053172 0.00100594079121947 0.00103338233893737 0.00469149594136979 0.000596583704290143 0.00270944177250385 0.000308340449813471 0.000972352535609389 0.000980733308097115 0.0011802273403941 0.00123395794613756 0.00173072144389153 0.0011029951274395 0.00198993310332298 0.000725711602717638 0.00106979664415121 8.66038171807304e-06
5.2770854352957e-10 1.05858445749618e-05 0.000160031963605434 0.00183098185807467 0.00149946874007583 0.00126367816701531 0.110674104094505 0.104253459721804 0.11453575193882 0.511292093353038 0.500479538915037 4.9262132961303e-05 4.62824747678448e-05 0.00063484376296401 0.00118368752300739 0.00329195186495781 0.00428059883415699 0.00488991029560566 0.0127086386084557 0.00197073835879564 0.000747067614353614 0.000579312304034829 0.000751499412605905 0.00142322555184364 0.0016773167337342 0.00193133843082542 0.00141501752659678 0.011464237421751 0.00562915690243244 0.00108653167262673 0.00213694098202772 0.000771202069859744 0.00671618799718468 0.00162402846700914 0.000438005931231655 0.00449066189589757 0.000857288002589485 0.000844393279840006 0.00120181849170782 0.00227591060101986 0.00117840338498354 0.00171130504459143 8.26852374302689e-07 0.00083372313529253 5.97216312598903e-06
2.84979569187271e-07 8.38025471239234e-08 1.58834664034657e-06 0.000417396333068609 0.000132969219703227 1.49453148245771e-05 0.000373286311514676 0.316882665222511 0.302160855107722 0.289257328771055 0.00057134386152029 9.85758106253343e-07 0.000940943881869316 0.000128932518419045 0.000403006840497255 0.000223842146806419 0.299307158385636 0.000595026183873415 0.000611812900751829 0.000513682374730706 0.000733472080901265 0.000990488473336304 0.000645515795359897 1.12422028905712e-05 0.000713688926771283 0.000881595981748984 0.00232550762593746 0.00181181114166975 0.00195243004709482 0.00246901735663414 0.000782996001238701 0.000805909183555342 0.000805418139537961 0.000642345102685571 0.00111974242560891 0.00307195793138817 0.00145200838480832 0.000301524621223759 0.00137576013803482 0.00117504987865686 0.00202059615403414 3.85650637326762e-06 0.00110723758116364 0.00265676286071539 0.00199376009404659
2.18852528632851e-07 6.28670750302263e-06 5.84290205551952e-08 1.63957224685873e-08 5.62152650672942e-05 3.74268041923642e-05 0.000204726145602763 9.24618914723396e-05 0.301135214976976 0.809859296679497 0.403875525568189 0.000160200020764023 0.00118144974112511 0.000163254479411989 0.000306759914383292 0.000733580207452178 4.15625795952446e-05 0.000625303341075778 0.000810462981462479 0.0021350622177124 0.000773000437766314 0.000753071438521413 0.000392836459035806 0.000716224835092172 0.000416466314345598 0.000361180538311601 0.00146899879133601 0.000236968320210351 0.00146322174206562 0.00062432218765025 0.00066119564310454 0.000262160150128832 0.000114459457570704 0.000368164999382103 0.00054844130342312 0.000575221891905642 0.000904400089796165 0.00170587416850637 0.00125557435676455 0.0038610402494669 0.00311757326126099 0.00460106544196606 0.00325377695262432 0.00245727710425854 0.000601169699802995
1.93334077636109e-09 1.29528291381575e-07 1.12558838736732e-05 9.45829378906637e-06 6.55539042782038e-06 1.07792235212401e-05 7.88382465088944e-08 4.01230849092826e-05 2.99659041047562e-06 0.200498035596686 0.403985033510279 0.00107772983295273 8.69552488439562e-05 0.504150846228004 4.59278380731121e-05 7.69085891079158e-05 0.000135335081722587 0.000891932565718889 0.000328694120980799 0.000399583810940385 0.000386967509985003 0.000916206184774637 0.00116928340867162 0.000506843579933047 0.000407359699784138 0.00020813133768095 0.00330881332212793 0.000331964895886605 0.00078958235681057 0.000973736401647329 0.00141468732104389 0.000187354109237814 4.10555179708449e-05 0.000605131918567348 0.000728721575957403 0.000418698795517813 0.00240092057797254 0.00228161085398865 0.198498648405075 0.526555837657396 0.0112435854971409 0.016792918741703 0.00795534178614616 0.0195069596171379 0.9
