Maxent_result_files_2/B_armeniacus_3.asc
NCOLS 594 
NROWS 330 
XLLCORNER -15 
YLLCORNER 23 
CELLSIZE 0.166666666666667 
NODATA_value -9999 
[rows 160 to 179 of 330, columns 135 to 179 of 594]
1.13791780273376e-05 5.07184012067396e-06 1.01077561286411e-05 8.72085432329639e-06 3.96279954855583e-05 1.26216062204532e-05 3.57944133515753e-05 0.000219252161312511 0.000103013856966072 0.000171036744677622 0.000114535478021227 1.40109971145108e-06 7.40416886071404e-06 8.42280015988406e-05 0.000626862375747805 0.000233999554814091 0.000844691641201012 6.7410909647414e-05 0.000688398339911345 0.000266443562435192 0.00237226609279079 0.00129710527791644 0.00330819079299614 0.00240110503422173 0.00212668399411726 0.000540734066306969 0.00530411459816537 8.18836763318287e-05 0.000162319498974828 7.64485744398358e-05 0.00047812447609239 0.00055833796575786 0.00109063438916777 0.000357138142559377 4.27033571151258e-05 0.000188217635098276 0.000136672222810852 0.000576390716378228 0.000206849515802787 0.000152717177944972 0.000707933528424098 9.8985309130839e-05 0.000633355392494883 0.000921924598421187 0.000415709044053225
1.09057779567268e-05 9.10486504829278e-06 8.41331422096747e-06 4.94023078713157e-06 1.81213106751343e-05 1.89856689593482e-05 3.19788165028645e-05 8.57580601696384e-05 0.000158395556480517 6.2775535706372e-05 0.000122599962322578 7.92385675389973e-05 9.58572702558058e-05 0.000188869707920958 0.000234321642437862 0.00160235769217252 0.000272968796161877 0.00153143776155957 0.000138662099930376 0.00062966071609486 0.000624563833258085 3.70282043575254e-05 0.000406061972921801 0.000327397774001703 0.000112881954655963 0.000202330322225408 0.000692590026224649 0.00013930840034011 0.000740662579376683 0.000181514269917216 0.00032140085822232 0.000622054576593478 0.000398017397267414 0.000110277721152341 0.000427024563138823 0.000141904938380788 4.89345801091279e-07 4.07821568171318e-07 3.51917532752655e-05 0.000934275767951931 0.000154966724898031 0.000664352266176138 0.000312438739613663 0.000440610586970913 4.34488043870473e-05
2.02468084378515e-05 1.07265186481409e-05 1.9345613233257e-05 1.20938653845104e-05 9.17942381605252e-06 2.06019305875715e-05 3.97502132555627e-05 6.33454237032538e-05 0.000439366593127488 0.00021868956189337 0.000141559625775578 0.000298626546100422 1.99921595685937e-05 3.82965527224055e-05 0.000822786668072695 0.000584530072956124 0.000116307478596411 9.64450263570171e-05 0.000140068049564313 5.14701101910209e-06 3.56225536501165e-05 2.29137699023108e-05 0.000364778500443208 0.000143977209567636 2.62163551063566e-05 0.00158657013291297 0.000233699685850308 1.2692913354162e-05 0.000538935989453659 6.63518256032281e-05 0.000493529040723306 2.66771111231079e-05 1.47006252229076e-06 0.000116884626515323 0.000127891918313894 3.88699434932582e-05 0.000206929706125991 0.000145200668886747 1.28318457410792e-05 0.000183891763624811 0.000187512959434832 0.000403954186828981 6.00329124473942e-05 0.000210721360402133 0.000321715250362786
4.00153021013372e-05 2.40665728821088e-05 1.92920867381541e-05 5.30354902145813e-05 2.8629476633435e-05 2.53415249316657e-05 7.69441573149621e-05 4.27401103252123e-05 0.00024988642308057 0.000220869851818861 0.000346229106435203 0.000149750619183919 0.000261145341823976 0.000322986101088041 0.000364959542538856 0.00199200871666108 0.000122228574701921 7.55085617178963e-05 0.000148301356083291 0.00199152685920143 5.34251944961039e-05 0.000343843329256099 7.18252541076936e-05 0.00028838223335157 0.00016720593501276 0.00032919022416138 0.000419305340523313 0.000360333418173431 0.000590013707234904 1.89163101145251e-06 1.45952240113378e-05 6.04358651448145e-06 4.04246812718556e-06 0.000440456414687518 0.000277513992327894 0.000654815949422005 0.000133700327602781 0.000470251131286148 0.00143561441546138 0.00068134853102152 0.000992066045908446 0.010711188280008 0.000349929742330624 0.00197282520991693 0.000960011483675771
3.57623355774384e-05 0.000121113606067524 9.61112367562578e-05 0.000237528197840264 7.34087328462252e-05 1.8519458938504e-05 4.67056743529426e-06 2.10419611498258e-06 0.000346619568524553 0.000332412224588552 0.00214261089890271 0.000643066545808357 0.000230170245220052 1.76971426443018e-05 0.000825180619347066 0.000254693005314854 0.000816311891685806 0.000228083209697161 0.000294209876954921 0.000171161108276896 5.58506083206844e-05 0.000363922440409437 2.84512735690856e-05 2.59526740673421e-05 8.36048521728139e-05 0.000160752351877136 0.000227482292760739 7.53705148119344e-05 1.09991144942256e-05 3.88747075677376e-05 0.000124871684123018 0.000191829927510678 0.000247411860984947 3.60276052964403e-05 0.000111050338616581 0.000941834398872743 0.00459554024537288 1.94368800627842e-05 0.00391767303433905 0.000273170378707088 0.00761219568212255 0.00575508414584049 0.00295572286995593 0.00553508851032528 0.00234692922787257
4.41484908499934e-06 1.14762409675007e-05 5.87639609900048e-05 2.65906407669325e-06 0.000191158381562673 6.8434001371287e-05 0.000110680553657261 8.07079766644847e-06 0.000185369019982362 0.000770856574919065 0.000209865867197057 0.0002133700303798 0.000262671819530169 0.00136183774379788 0.000691291367184743 0.00163246189404163 0.000919433650782087 0.00275601431116915 0.00295995703200818 0.000211717121550248 0.000264859511358395 0.000314686627871363 7.40877590075795e-05 0.00011168814645296 7.95112991804126e-05 0.000165111603034518 0.000153663927352843 4.32313661083428e-05 0.000126162181520328 0.0013261211715244 0.000210112800627615 0.000119466594942963 9.13804065161838e-05 0.000269400306115275 0.000584543489662792 6.78321816457883e-05 0.000694204534753728 0.000227693405418705 0.0055734347694918 0.00508016492894967 0.000993818054206486 0.000461977243333456 0.0120388735721009 0.00529657418010174 0.000320747437628199
9.86052601806842e-06 0.000130471220617778 0.000158898973910482 0.000216648756190807 8.53336195632437e-05 8.96054572351312e-06 2.74089684104695e-06 1.73005326853382e-06 6.46573187988997e-06 2.12433812259105e-05 6.5328136558418e-05 2.62558997802587e-05 5.72924330569768e-05 0.000425925998988763 0.00141541164848604 0.000102505218808702 0.000393427507270472 0.000908155465157767 0.00104905490775189 0.000547905870553223 4.53544275687334e-05 7.27034260288306e-05 0.00024370501632861 0.000181964052150896 2.57977947870525e-05 8.09010892004691e-05 8.28527073658547e-06 0.000717949629040104 0.000211372203359061 0.000672475639371672 0.000606399037027872 0.000328287323648491 0.000100747652118116 0.00240855044690241 0.00360848957697587 0.00124869027873729 0.00211597463938915 0.00784291304762803 0.0139609041060623 0.00143130064357138 0.00117967094524533 0.000623570922800809 0.000491045719431327 0.000819998675730793 0.00243225837393766
0.000200504440704208 3.34515522533607e-05 1.51152379250119e-05 7.49342685517407e-05 5.66826166102929e-06 2.97902048840282e-07 7.78216669395926e-06 3.83673857281552e-06 3.59419242431658e-06 4.22096684035145e-06 9.10637317513618e-05 1.32162620016363e-05 1.56830675432817e-05 0.000256808138863107 0.00166253614507226 0.000331040454743092 2.09176748189321e-06 0.000913784520455196 0.000178192107773989 0.00069546622726202 0.000286347920562147 0.000170587310843395 0.000234623995197647 7.68393779820742e-05 0.000974599385615305 0.000527916589029131 0.000636686284466881 0.000120627848607235 0.000509156692518831 0.000239868845415558 0.000376798524931154 0.000322544036649608 0.000461041212474822 0.00115306755835489 0.00127878516044113 0.000954378357083419 0.00563732161253938 0.00162027261752758 0.000641191555996556 0.000782079380770284 0.00013338844374966 5.49213043921082e-07 4.6473738929409e-07 0.00143404639129585 0.00500229927647524
0.000218962253620703 0.000521789556250951 7.34421732906387e-07 6.63430981792112e-06 4.62935463496628e-07 1.64858098927745e-07 6.55766683865799e-07 5.61606055713426e-06 2.24225340845763e-06 9.07570696073723e-07 3.09327901367284e-05 1.21502412317231e-05 0.000416828180092921 5.0437015599103e-05 3.06424392534144e-05 0.000179927837303229 0.000158845317311584 0.000739570663756561 0.000612631213260784 0.000165213946502352 2.55287464121512e-06 0.00224801833172706 0.00019588349435935 0.000320847766647603 1.11607408333159e-05 0.000486280513114612 0.000381646564762261 0.000186106534257102 0.000416872626707876 0.000670338230473833 0.00129564917011522 0.000775646815646258 0.00168208540417339 0.000663024136520352 0.00116437832032704 0.000347145401556759 0.00232272138641463 0.00126436600162378 0.00526797371741168 0.00285496236988548 0.00550371185915246 0.0032247520556304 0.00951446146686861 0.00418530773235895 0.00804307135046244
0.000915372610324994 0.000568453206733466 0.000377322482069076 4.17610498701926e-05 0.000188820333437212 1.68811173151262e-06 4.36639055068078e-07 0.000441419979804891 0.000115481651884153 9.5844478178797e-05 3.0308381706623e-05 0.000154445300782413 6.83916858737144e-05 0.000412144972964723 3.04300026021664e-07 5.05347362409481e-06 5.42962890071497e-05 0.000722681835398153 0.000556169243554905 0.000388503908379934 5.88991656172766e-05 3.34901764126316e-06 0.000340140004817613 2.43214446277396e-05 0.000338465194165893 0.000628426565709073 0.00014356408840358 0.000422944865127228 0.000167175757333626 0.00016818769105964 0.000330562938724332 0.00412397665272972 0.000995548460923634 0.00221249586408166 0.000258614353761744 4.19529550564901e-06 0.000314391830405458 0.00050566697274872 0.00155355768019048 0.00153483562018072 0.00409995778493085 0.00731100003204386 0.00871252337965416 0.00525281870213803 0.0105671019425407
0.000266944288115534 0.000362288413192613 0.000267515730502055 8.59658980242206e-05 9.03596096043513e-06 1.68887394624839e-08 5.79236434017361e-07 6.16664764728214e-05 1.53741816840136e-05 1.26451272563499e-05 5.13532006838457e-05 0.000138147424401947 0.000226909283823351 2.86527585135921e-05 0.000284735491354537 0.000220425502082477 0.000412071177702089 0.000377421429234637 0.00042531367226043 0.000366648173986983 5.92978723445992e-07 3.93579357459428e-06 6.25467476510933e-05 8.94182949121802e-05 1.56306467961165e-05 6.69469109955578e-05 0.000234346990628786 0.000140065179179538 0.000770764124536094 0.000115401017079009 4.22332757263777e-05 0.000744525744818392 0.000628401827697278 0.000491079746600553 0.00132888103887101 0.00204763063220323 0.00163831699338385 0.000713687786962725 0.00103756750394828 0.00242507021349105 0.0018759336317055 0.00359892578653671 0.00528160985168142 0.00990306199637416 0.00977351996116346
3.93880334038643e-06 9.80200494080652e-06 1.33800121612571e-05 1.47278938387507e-05 2.9798363444633e-06 9.55666990476445e-07 3.42008254494708e-08 9.18260223949918e-06 5.12934950717692e-05 4.1884282372362e-05 0.000453570742934273 8.91366076513078e-05 0.000207049897924316 7.71284299054487e-05 0.000105562684813298 0.000266265201182137 0.000341989958381128 0.000995348566502197 0.00103948652985917 0.000267653022877457 2.25870868657552e-06 1.16085078911476e-05 5.26810720777871e-05 0.000347921290974562 0.000119309817730873 0.000135414265751654 0.00025822644459611 0.000271613522237302 0.000187231525956122 0.000423978628260158 0.000319185727767057 5.54674200263783e-05 0.000439575074310861 0.00118808661216326 0.000191880086664287 0.00141963414457861 0.00130089740864849 0.00161903855661336 0.00120238392619675 0.00291548562703712 0.000618349751494163 0.00290541359233885 0.00393188272039424 0.00199797456344646 0.00540878368395852
5.44785080179855e-06 7.6612914578944e-06 8.4625713006159e-06 1.53686247692519e-05 6.0813576509311e-05 1.18868793621552e-06 8.69419321347653e-07 4.90797962177103e-06 1.84672382726681e-05 1.47355754061218e-05 4.21611804279909e-07 0.000109393286588211 4.51963846455961e-05 5.23299506211439e-05 0.000690120864305754 0.000256601874585571 0.000364545999275567 0.000509400451311182 0.000108786191236232 0.000791688700723858 0.000233794292739731 5.12533834818529e-05 0.000195101886188986 2.54082478616691e-05 0.000967689964978735 0.000552393837233467 9.99001566778901e-05 9.73004262320387e-05 0.000234668239324476 0.000338269539107183 0.000410924138333146 0.000662511778141506 0.00025363789059023 0.000287850665816203 0.000169998375688318 0.000257280368654733 0.000563537457375019 0.00100016494124753 0.000120716865512449 0.00050620794271885 0.00182401538860346 0.000807412765736615 0.0042792231235384 0.00258693227451658 0.0065837122066398
9.77085088973428e-06 6.72838847002311e-05 4.47012309484185e-05 0.000295885331447388 1.4045392108275e-05 6.22567067620761e-07 1.95746433090394e-06 2.64109303180438e-05 0.00019551312780095 7.37729564570522e-06 2.88334414466629e-07 6.27859491407645e-05 3.8480952121156e-05 4.68878323463429e-05 0.000491662080326694 0.000149298932242981 0.000729334662781778 0.000777162192226211 0.000317271249073336 0.000540694364057215 0.00050172792353963 0.000912662164846867 0.000693184765856525 0.000738832731301109 0.00115133714804937 0.000533367315859123 0.000442136332094556 2.70417097097964e-06 0.000199372862648484 0.000651905672020847 0.00100201637325325 0.000216192015085426 5.89906266682982e-05 4.22816191442021e-05 3.81779176133357e-05 6.16681996402857e-05 0.000110823009818661 0.000164097922168938 0.000328990680714136 0.000923923554462647 0.000372786051281082 0.000184336836124666 0.000473990029383231 0.000792241481087797 0.00376337452277146
0.000599915711632093 0.000314555294105667 0.000816450710181016 0.000277960067433025 3.50678228503432e-06 4.53160270890152e-06 1.39227513666129e-05 5.01109673418654e-06 1.6937977192355e-05 1.5499246763806e-07 9.57525310152363e-09 1.81024151456599e-06 8.01148195992862e-05 6.46334610274746e-05 0.000386709565850651 4.14859231578135e-05 0.000643997588547074 0.000109360781141354 0.000257163486583889 0.000884288345870599 0.00111909406282857 0.000327890793869301 0.000440791327673662 0.000589917993147537 0.000865592963965556 0.000382910367170575 0.000217427010829896 0.000536811087700073 0.0004859039289272 0.0013535215053821 2.54660506970539e-05 0.000634028971332867 6.95884802288216e-05 4.76203000621012e-05 8.05722058372371e-05 4.05329524627018e-05 2.54601070135863e-05 3.67605023787743e-05 4.07406843446978e-05 2.73113201751607e-05 0.000216770963118051 9.10631246635818e-05 0.000721928807083305 0.000146688111209414 0.00163502598124174
0.000118755939240855 1.76075123902164e-06 1.88032011536166e-05 5.4094397955895e-06 8.0406077045847e-06 6.36326152316791e-06 9.80358141662308e-06 7.90194483761386e-05 2.28562482967876e-06 9.74201836735356e-06 9.9999186087274e-08 7.9846009689577e-07 3.77767669298423e-06 3.03039832570962e-06 0.00025027250417794 3.40125911516664e-05 0.0015884194586306 0.00105100438066621 0.00120180651412809 7.59332518310729e-05 0.000341505305556322 0.00120141391914923 0.000185076936297091 1.45473725406964e-06 0.000112728318391886 0.000392819848074011 0.000382400395583371 0.00114905933370366 0.00182575501738924 0.00164615751712063 0.0014484470954244 0.000231527633234951 7.17701785915459e-05 0.000680517458672014 0.000518993326807127 0.000961041850731315 0.000183362874943238 0.000135336515314732 6.95441824069332e-05 0.0124368536846305 0.000115284430696327 0.000240528223940828 0.000468430889486737 0.00037344001535754 0.000479827111187703
3.65531468703884e-05 2.8210747207158e-07 4.01885748130826e-05 3.2267229607974e-05 1.25558043914897e-05 5.02182703428056e-05 1.75212772532962e-05 7.45245143505713e-05 0.000132278278755249 7.88932625668259e-06 5.42761073076825e-06 3.02012492056858e-05 0.000471741576354778 0.000318625497179437 0.000197531455097222 0.000389771992001353 0.000155588143461072 7.94665433273001e-05 0.000288389631530028 0.000443101666055035 0.000537958929395499 0.0012364718678324 0.000301629811679582 0.000551657098490188 0.000352503007329075 0.000253040720881603 0.000541031198990616 1.73805454544818e-05 5.80833015353277e-05 0.000323121245581603 0.000728373183172626 0.00112993105969679 0.00131768179428831 0.000889941270927608 0.000554469123892343 2.38576050825334e-05 0.000325052434601147 0.000160508119613234 0.000840995263656263 0.000260340683813698 0.000124962880132307 0.000950711301930352 0.000135548520289674 0.000106809487209936 0.000406362647703418
9.92307796406799e-05 5.54757687055485e-05 1.72680172073614e-06 6.71655021484696e-06 1.10290975762761e-05 0.000151087554472162 0.000153009889344524 0.00022487039379212 0.000109721385844685 0.000444146531728162 8.39966248031509e-05 0.00123931694461987 0.000180218505614382 0.000744663123043787 8.69623526318364e-06 1.43345183238441e-05 0.000107552093139374 0.000555887451403558 0.000414836363734139 0.000273863543270636 1.78911002735038e-07 0.000426894566985037 0.000829795810776612 0.000595075058945482 0.00106736496290366 1.47061075752797e-05 0.000270885691718004 0.000383574900608197 0.000320079135166806 0.000367376491198645 0.000438116716334669 0.000237332345547614 0.000202423869502766 0.0010457694292906 6.75904271573824e-05 0.000142384318828448 0.000567564824929478 0.000827282367765603 0.000478828826413735 0.000585900724787536 0.000401169701547133 0.00109422283111567 0.00192367189446937 0.000361244655425708 4.67444836640851e-05
0.000146585241221187 2.46317730623336e-05 2.20327840291246e-05 1.47727559632105e-05 3.82924632147397e-06 3.35211878875641e-05 0.000152437628441782 0.000333665698951791 0.000464125898949419 6.58433160964478e-05 0.000397971646361839 0.00212697616952938 0.00118362329667866 0.000408047218191521 0.000350106245126325 5.69807009241918e-05 0.0016005801200663 0.000400776267117575 0.000758667564151227 0.000468736546190751 2.45900823890421e-05 0.000601304526807933 4.49123268043694e-06 7.92169924435093e-08 2.72635533371535e-08 7.41423617686143e-05 8.35309901932812e-05 0.000581224267832781 0.000529934070989191 3.21878154131205e-05 3.72455322331433e-05 2.26168808044824e-05 0.000133706563203906 4.17794896646395e-05 0.000667453249329375 0.000153321420797159 0.000270847116370077 0.000248334461959354 0.000131301496285374 1.24208945924686e-05 1.22472863783862e-07 3.14403010534647e-05 0.000175498427451537 0.00306468220640843 0.00067456381516422
1.14493539270288e-05 3.95372749107947e-06 1.13042162264043e-05 2.14131631536274e-05 5.51406612445682e-06 0.000166834135442628 2.65197097368497e-05 9.48139480485111e-05 0.00024931161395898 0.000486127511339873 0.000246023717477328 0.000381231097239565 0.000673459596549364 0.000164233396547808 0.000871565537395869 0.00091294186860964 0.000799031089958979 0.000646442144049575 0.000460913976909705 0.000144617799946478 5.56368398742069e-05 0.00145768369620853 7.67256635796687e-05 2.30195780664411e-05 3.10383102306466e-05 3.50068825547556e-06 0.000138912830173332 0.000808707820245724 0.000547435384340278 0.00112114600374419 3.880154846857e-05 0.000156883816250408 0.000395706235963911 0.000464614431523047 5.76009704363445e-05 0.000189833320761601 6.82717084015461e-05 3.1590764840117e-05 2.44079088638327e-05 6.56827955096251e-05 0.000491319883634755 0.000204915034929343 0.00162338200007071 0.00122685961587194 0.00147634443455706
