Maxent_result_files_2/B_argillaceus_3.asc
NCOLS 594 
NROWS 330 
XLLCORNER -15 
YLLCORNER 23 
CELLSIZE 0.166666666666667 
NODATA_value -9999 
[rows 100 to 119 of 330, columns 368 to 413 of 594]
0.000101116593941697 0.00530508239753544 0.00171939336578362 0.000788386617205106 0.000773504670360126 0.000332813321438152 0.000158498279415653 3.05065295833629e-05 5.39669084446359e-05 8.53466322951135e-05 0.000137829148297897 0.00015836310776649 0.000165222302166512 6.62965518131386e-05 0.000107104366907151 0.00018189841939602 5.55621489183977e-05 2.24218305902468e-05 8.33034746392514e-05 5.88168393733213e-05 5.37495014214073e-05 5.52421701286221e-05 8.92523494258057e-05 6.86211482388899e-05 4.74173041766335e-05 0.000196944384515518 5.85822373977862e-05 7.17213104508119e-05 5.22955826454563e-05 3.09841188027349e-05 0.000101536895090248 8.08031680207932e-05 7.25009394955123e-05 3.11468964355299e-05 3.83104628781439e-05 2.60790737229399e-05 1.88871285672576e-05 2.23732997483239e-05 1.86088826694686e-05 7.32977521693101e-05 8.08166310889646e-05 7.31745485609281e-05 2.91064249722695e-05 8.68640232738471e-06 1.90130905593833e-05 1.86216336715006e-05
0.000136827897586045 0.000147803319487139 9.34429783228552e-05 8.52340237543103e-05 0.000101665622605651 9.8518553932081e-05 9.83822501439136e-05 9.30602929656743e-05 0.000136528543225722 0.000241400368031464 0.000199677471027826 0.000102477183281735 0.000110911080264486 8.18653226815513e-05 7.788044258632e-05 6.783720527892e-05 7.91543481682311e-05 6.93553172823158e-05 7.68362029702985e-05 0.000209208772139391 0.000208523792389315 0.000157192278493312 0.000127996006631292 8.06515281510656e-05 0.000235975396935828 0.00011257530459261 0.000104692299464659 0.00010448254779476 0.00012865357712144 7.0348542976717e-05 4.99891508752626e-05 8.13888604170643e-05 0.000112954921860364 0.0002796179469442 8.46170176373562e-05 7.12787177690188e-05 6.72279085847549e-05 8.3807412738679e-05 4.14444157286198e-05 6.17083101133176e-05 9.9252660561433e-06 3.49813360116968e-05 1.96653784769296e-05 1.37023207457787e-05 0.000150919721272658 2.17417420117272e-05
0.000191019407839121 5.61525140255981e-05 0.000102985176818038 8.78871440363582e-05 0.000101425900720642 9.75501196080586e-05 3.53033293549743e-05 0.00014463194856944 0.000156818084360566 8.84488126757788e-05 8.48929237690754e-05 9.67913963904721e-05 0.000118660506450396 8.53014282256481e-05 0.00023578626132803 0.000220360938692465 4.52909915111377e-05 0.000195083317885292 0.000141394241290982 0.00027340410015313 0.000146704120197683 0.00012556619985844 6.89817577949725e-05 0.00011450733509264 0.000131151189634693 5.14830211614026e-05 9.68490741797723e-05 9.46980680964771e-05 6.78434749715961e-05 4.40009103840566e-05 8.07672415248817e-05 7.26876893168082e-05 0.000103018865411286 5.06658210724709e-05 4.10590328101534e-05 3.95174329241854e-05 0.000133086155256024 6.28247042186558e-05 6.60556395814638e-05 0.000473971113387961 6.29800300885108e-05 0.000254758055962157 8.46374468892463e-05 0.000143630763341207 7.02041568729328e-05 1.53493445850472e-05
0.000142565336864209 0.000109969572986302 0.000111801140155876 0.000114181909702893 0.000119675743917469 0.00010357585924794 0.000125497174303746 0.00030696626054123 9.0292365894129e-05 9.19092062758864e-05 4.71252301849745e-05 9.73414134932682e-05 6.41471804556204e-05 0.000334117242891807 0.000291473577090073 0.00036219763715053 8.05118939751992e-05 0.000138037377109868 0.000160055142987403 8.61654041727888e-05 0.000104787351847335 6.69714741889038e-05 0.000102420844450535 0.000181379875721177 9.39243418542901e-05 0.000119267006448354 1.54776521071653e-05 3.30042325458635e-05 8.93439339506585e-06 2.75205147318047e-05 1.89125571750992e-05 2.57610246990225e-05 2.63219342286902e-05 1.70820207813449e-05 4.81419352581725e-05 2.49003272074333e-05 2.33901162573602e-05 1.26318177876783e-05 8.30801521942703e-06 2.91786530851823e-05 3.33201200646727e-05 0.000128722263252712 3.60323065251578e-05 0.000256814365275204 0.000151883479338721 8.80019139003707e-05
0.000206224220164586 8.95297755050706e-05 0.00010277422843501 0.00011407995098125 0.000118635447688575 9.74761713223415e-05 9.74582604612806e-05 0.000102087982304511 9.65006101978361e-05 0.000162562591503956 0.000175163297535619 0.000170555138174677 0.000325945409713313 0.00050717906706268 0.000486708030803129 0.000309202483913396 0.000291244032996474 0.000123850379168289 2.37989150491558e-05 0.000180975520561333 0.000285075790452538 0.00023325064976234 0.00014435594821407 9.91863122180803e-05 2.69477799520246e-05 6.83539046804071e-05 6.96331531798933e-05 1.31086135070291e-05 1.37735205953504e-05 3.8181609215826e-05 2.88503664705786e-05 5.29176939380704e-05 3.87336195672106e-05 3.09689971800253e-05 4.74665677757002e-05 5.02166887599742e-05 1.86155039386904e-05 2.4064485614872e-05 7.58114833274703e-06 8.92179745278554e-05 6.16295999861904e-05 1.6155145317498e-05 1.56661814116887e-05 8.78233595358324e-05 0.000102034192241263 7.49487127905013e-05
0.000261744444287615 0.00014922110713087 0.00016223835737037 0.000299767987598898 0.000477850950846914 0.000104921390629897 0.000101393392287719 2.95408319516355e-05 7.60227492719423e-05 0.000104929258850461 0.000105203467137471 0.000143123719681171 8.99955717613921e-05 0.000106021260398848 0.000287414910417283 9.20829916140065e-05 0.000103124656016007 0.000104989394094446 0.000101244717370719 0.000180048972470104 0.000204602597295889 0.000121859515274991 0.000152507371240063 5.62953951884992e-05 0.000184943731801468 0.000145182326741633 7.46772817365127e-05 5.43344729521777e-05 5.42024568858324e-05 5.9648131900758e-05 8.33674530440476e-05 5.20494520969805e-05 3.80127717107825e-05 5.79339703108417e-05 3.90479622183193e-05 4.88410500111058e-05 7.08007844878011e-05 0.000101052415993763 2.8452069773266e-05 6.64522535771539e-06 1.66834779975034e-05 3.30565354715873e-06 9.08305512439256e-06 7.57252642870299e-05 8.49859628942795e-05 1.19521187968985e-05
0.000125230368576013 0.00013856048535672 0.000170296724536456 0.000167107060406124 0.00068560759536922 0.000334212587040383 0.000172688182647107 0.000134986690682126 5.10557225425146e-05 0.000193154759472236 3.37855800808029e-05 4.80538113606599e-05 3.34325293124493e-05 5.27458062151709e-05 8.72892185725505e-05 0.000266901774739381 0.000237266720068874 0.000110654899435758 0.000104228428244824 0.000136525429843459 7.97496357336058e-05 9.04000098671531e-05 4.8749071538623e-05 6.17040655924939e-05 9.17237139219651e-05 0.000154399185703369 3.96069626731332e-05 2.0053721414115e-05 3.88445433600282e-05 4.18274591424961e-06 2.86320145278296e-05 8.01902873718063e-05 1.96059833115214e-05 6.97624347594683e-05 6.97525787472841e-05 7.68659589084564e-05 2.24833163429139e-05 6.18850856881181e-05 9.94918120795774e-06 1.63841328912895e-05 5.17875461696349e-06 1.80576827688128e-05 1.42969870694287e-05 4.21219132476835e-05 5.44778759831388e-05 3.72593731299276e-05
0.000177041092319996 0.0001380896592309 0.000118053667392815 5.00428456234658e-05 3.22470332775993e-05 3.26188978988284e-05 3.47395586004495e-05 0.000108002645538363 0.00010990068421961 0.000107152278178546 0.000103489180946781 0.000108890342562518 0.000112158411684504 0.000111414236562268 0.000201554912928259 0.000116431396418193 0.000102602476908942 0.000115355347043078 0.00020260719829821 0.000309696614567656 0.000141127509778016 0.000103021475115384 0.000198280597396661 6.74672893183015e-05 5.28905176906846e-05 5.85648747801315e-05 4.02350608055713e-05 2.85930496602305e-05 7.33736689653597e-05 6.43711371594691e-05 5.66187642107252e-05 4.50397838903882e-05 4.60695130641398e-05 4.75368575280299e-05 4.39800573076354e-05 3.83935492209275e-05 3.37643081820715e-05 3.77020807718509e-05 1.78165434249422e-05 3.32142127035695e-05 6.4398291328871e-06 1.34202968126829e-05 7.48236941944924e-05 0.000100836463207088 3.67900253877451e-05 3.76269578737265e-05
0.000304579686780926 0.000176320529863006 0.000137465001716919 0.000116144206185709 0.000108305244793883 0.000143494820076739 0.00011464644321677 0.000102942442208587 0.000105907512261183 0.000191163698400487 0.000138464015253703 0.000437352329754503 0.000108785088013974 0.000152097258614958 0.000283477570337709 0.000115598727279576 0.000118076554463187 0.000117407211837417 0.000115043144978699 0.000120001426330418 0.000109281228105829 0.000197021813437459 8.44286585561349e-05 0.000187031144014327 8.22008996692603e-05 7.53409376557101e-05 7.66166715038708e-05 7.03082514519338e-05 5.83624837418029e-05 5.15989961968444e-05 5.54533275135327e-05 5.20214121024765e-05 5.13134179527697e-05 4.88996729473001e-05 4.52274134659092e-05 4.52616690381546e-05 4.78481452773849e-05 4.4055199577997e-05 5.74905478060828e-05 9.96835938167351e-05 2.6344991147198e-05 1.29493287317928e-05 8.64007952259271e-05 0.000102484317903873 3.60692500180448e-05 5.13131915795384e-05
0.000132532431234722 0.000123787423945032 0.00012512566318037 0.000118945571011864 0.000116815756700817 0.000147534388815984 0.000107646340802603 0.000118409022979904 0.000106400092408876 0.000101733655537828 0.000102576778408547 0.000104935813396878 0.000384154400671832 0.000301456462329952 0.000115544663094624 0.000118040574307088 0.000120718676771503 0.000120454972056905 0.000186715979361907 0.000127341090956179 9.48022072407184e-05 9.83341875326005e-05 0.000100765604292974 6.61315561956144e-05 8.86547524714842e-05 8.47135697767953e-05 2.57248787875142e-05 3.97625795130807e-05 2.81794284774151e-05 6.39730132206751e-05 6.42987517494475e-05 6.01480051045655e-05 5.25180376826029e-05 5.39282258614548e-05 7.61749337470974e-05 8.0956468173099e-05 4.92239598315791e-05 0.000131705756757583 4.73664889341308e-05 2.11703661761931e-05 3.17290036036866e-05 2.41367401940806e-05 1.37551658326629e-05 8.85678478880436e-05 3.61457329745463e-05 4.17893430494587e-05
0.000135826389305294 0.000123820969020016 0.000126460390674765 0.000113965416130668 0.000156439809143194 0.000119824491412146 0.000193541818589438 0.000100661836950167 0.000139405026857276 0.000127056911151158 0.000105587435427879 0.000110398914512189 0.000115380251554598 0.000116885053284932 0.000117766444236622 0.000119164709758479 0.000115828790876549 0.000122158824160579 0.000192691626943997 0.000222717558426666 0.000120228835294256 0.000109984395385254 0.00010660246371117 0.000100223188746895 9.6868834043562e-05 9.60193367063766e-05 6.96557084665983e-05 7.12827843017294e-05 6.84700160491047e-05 6.17555830103811e-05 0.00010054560516437 6.41878551505215e-05 6.49021843855735e-05 6.13949998296448e-05 5.58007815925521e-05 5.13957704242785e-05 7.51946672608028e-05 3.85015448955528e-05 2.11594801953652e-05 1.05502746919228e-05 3.89004606404342e-05 3.75237976186327e-05 4.09447646234184e-05 4.45202105765929e-05 4.37460151260893e-05 5.81943774704996e-05
0.000147240476508159 0.000157799535008962 0.000114182305151189 0.000114351524644007 0.000102475158746529 9.9010054327664e-05 9.94879299469176e-05 0.000101028780227352 0.00023985693915165 9.93985500826966e-05 0.000104443477357563 0.000112478778100922 0.000310191400058102 0.000118936937724357 0.000121514847705839 0.000110781309376762 0.000195319274644135 0.000126214004922076 0.00022284219339781 0.000186744842721964 0.000116279746362125 0.000122795555944322 0.000116453860209731 0.000106052873343288 0.000115822348379879 0.000132154460152378 4.12240383639073e-05 0.000106012664218724 7.4419028533157e-05 6.93681837219628e-05 8.14496728708036e-05 6.64665467411396e-05 6.04981310061703e-05 5.33053080289392e-05 5.15024054038804e-05 2.44770378344583e-05 2.6681426675168e-05 6.34643282410252e-05 5.04204685512377e-05 4.32509471465892e-05 8.54210304169101e-05 7.69713678892003e-05 5.20194375894789e-05 3.85564589123533e-05 4.87625992718677e-05 5.96127411881753e-05
0.000148079099017195 0.000211328207296901 0.00019167324717273 0.000111499225022271 0.000114270461017441 0.0001045168901328 9.64130265856511e-05 0.000122716218174901 0.000162088980869157 0.000173743720006314 0.000108646640728693 0.00014538107025146 0.000180448524770327 0.000138564353983384 0.000124537180090556 0.000177816970608546 0.000140439942697412 0.000131819054513471 0.000162772721159854 0.000174282217994914 0.000148404669744195 0.000137068278854713 0.000121785672672559 0.000118765481784067 0.000148003532740404 8.05776982815587e-05 0.000130682185590558 0.000135550127561146 7.95699126683758e-05 7.75386184614035e-05 7.61864728701767e-05 7.20835327228997e-05 6.13513733696891e-05 6.62782178551424e-05 2.08922249498755e-05 2.35153907283348e-05 5.98861850448884e-05 5.80448960135982e-05 5.3916188335279e-05 5.02072973176837e-05 5.20842970217927e-05 5.72551503864815e-05 5.60063993361837e-05 5.36909437869326e-05 5.26695984262915e-05 5.90977810134063e-05
0.000259381623618538 0.000185245799366385 0.000150532657426083 0.000168704624593374 0.000111367648241867 8.48878471515491e-05 9.57646680035396e-05 0.000100466997355397 0.000111059689515969 0.000119807566989039 0.00014638421816926 0.000255294730595779 0.000111155233935278 0.000119662329052517 0.000125084174214862 0.000141106070077512 0.00022374459731509 0.000232418816813151 0.000189472808779101 0.000134453343343921 0.000135897590371314 0.000235067282119417 0.000135780817436171 0.000117606487583544 0.000107644655145123 0.000132831946939405 0.000139251799555495 0.000125507291704707 0.000150924785702955 8.88952286913991e-05 7.70993010519305e-05 6.51583679427858e-05 2.79578816616777e-05 1.82684933974997e-05 6.47389682853827e-05 1.65494670454791e-05 6.28066896751989e-05 6.17176394371199e-05 6.15599527009181e-05 6.03043535193137e-05 4.86026563521591e-05 0.000132125183336029 9.22420489587239e-05 5.23917822647491e-05 5.61448072403437e-05 5.56640160539246e-05
0.000222231426596409 0.000179455667966977 0.000256942748092115 0.000147872691195516 0.000140657639349229 9.15421369427349e-05 8.60992926391191e-05 8.45662263600389e-05 0.000144650060246931 0.000162111672761966 0.000141299062670441 0.000204492552802549 0.000215677886080812 0.000128079619753407 0.000128109431170742 0.000127260188128275 0.000203673012583749 0.000224415743650752 0.000183411230682395 0.000238426152282045 0.000124912639330432 0.000215298845796497 0.000217565915227169 0.000188421005077544 0.0001665096013312 0.000157782348469482 0.000140785197254445 0.000149669675374753 9.98952024019672e-05 8.2781606761273e-05 0.000129460322932573 7.77366618422093e-05 0.000105044968222501 7.39346784030204e-05 7.33710883650929e-05 6.77077676300541e-05 8.32948317111004e-05 7.18526731361635e-05 6.61810612655245e-05 6.22146874775353e-05 8.55762929859338e-05 0.000234242291480768 9.4628947590536e-05 6.14575392319239e-05 5.73478597289068e-05 6.09896857895365e-05
0.000231604330110713 0.000140102079603821 0.000138293700547365 0.000110578018029628 9.8499679552333e-05 0.000106524456896295 0.000116701845217904 9.22659693969763e-05 0.000142627556124353 0.000151554274634691 0.000162144030764466 0.000174709389830241 0.000198961397109088 0.000194723581444123 0.000226066573668504 0.00020812998409383 0.000215816121999524 0.000329349329695106 0.00173684550682083 0.000301700977615837 0.000533163577347295 0.000280607780587161 0.000511895184899913 0.000260787462320877 0.000150154328002827 0.000144277349863842 0.000153749421951943 9.6456591563765e-05 0.000100939245203335 0.000100588620807684 9.04966562302434e-05 9.00024147995282e-05 8.65837657329394e-05 8.0024099588627e-05 0.000284901096529211 0.000198295874724863 0.000105452072057233 7.43587814213242e-05 6.62692905279982e-05 6.26005235062621e-05 8.18892774987034e-05 8.3772716425301e-05 7.14115434675477e-05 5.58415500563569e-05 5.51327470930119e-05 6.1810064016754e-05
0.000289846047962783 0.000234094752158853 0.000201227613797528 0.00016182386498258 0.000151025774903246 0.000139360401590238 0.000122503257807693 0.000123595073637262 0.000142485786636826 0.000168961340750684 0.000202348758102744 0.000501583848381415 0.00020775189732376 0.00020016220441903 0.000195661999532604 5.43713851584471e-05 0.000165082831881591 0.000677479970909189 0.000438661918451544 0.00190904499031603 0.00111264181468869 0.000435648763232166 0.00157204420538619 0.000184623048698995 0.000164407454940374 0.000177739527862286 0.00018806973057508 0.00015803925707587 0.000110243742528837 0.000105870459628932 0.000104515363454993 9.2433186910057e-05 8.99354734428925e-05 8.38077277876437e-05 0.000214708678686293 0.000140257913699315 0.000105607374462124 0.000106476316432236 7.05328706317232e-05 6.9132376484049e-05 6.55242570246628e-05 6.22231777015259e-05 9.97071338133537e-05 8.33578033052618e-05 6.19265548266412e-05 5.10248692080495e-05
0.000323209344787756 0.000162431427452248 0.000168996155116474 0.000130180539417779 0.000106058852179558 0.000234959562294534 0.000132558626501122 0.000209678451938089 0.000167639533538022 0.000196461375526269 0.000437096615496557 0.00157166676945053 0.000832581061695237 0.000565961151733063 0.000615020065743011 0.000743772422720213 0.000294769219181035 0.000235394974151859 0.000283521930032293 0.000484973268612521 0.000869601973681711 0.000197966223640833 0.000234772223848267 0.000180661138438154 0.000243691090145148 0.000287613014370436 0.000584937287203502 0.000366572823259048 0.000288431760418462 0.000164023539764457 0.000124396824321593 0.000369932525063632 0.000113305936247343 0.000108123096470081 0.000100164195646357 0.000121214512182632 6.97400028911943e-05 6.30667642326443e-05 0.000155042697406316 0.000155108328181086 6.50992037662945e-05 7.02049252140569e-05 0.000129777924666996 0.000101136428020254 8.5106893129705e-05 6.49980993330246e-05
0.000252189739694586 0.000210088333187741 0.000268798196339048 0.000241252568230266 0.000139453051087912 0.000123384235848789 0.000247133686207235 0.000159837261526263 0.000145310852167313 0.0001524982497358 0.000171544434851967 0.000610950020927703 0.00076261552167125 0.000148781618554494 0.00020701177927549 0.000215458410457359 0.000238978320339811 0.000225489809236024 0.000218286224844633 0.000245849460770842 0.00031824557154323 0.000193802728244918 0.000397740863263607 0.00021583216948784 0.000175808097992558 0.000190442373059341 0.00015888587658992 0.000242909606458852 0.00055925787310116 0.000459631865669508 0.000324765144614503 0.000397896746289916 0.000441546442743856 0.000805090728681535 0.000458083101693774 0.000357923809497152 0.000155559982340492 0.000215870481952152 0.000124722059263149 0.000120306722601526 8.23679580207681e-05 0.000215693681457196 0.000672016650787555 7.76907612817013e-05 0.000230901861141319 8.59636027598754e-05
0.00026996439191862 0.000218525053060148 0.000197642447892576 0.000192984719615197 0.000201645742708934 0.000225141818737029 0.00011756101193896 0.000350609864108264 0.000115636442569667 0.000140996206027921 0.000111455818114337 0.000138731992046814 6.48872536203271e-05 0.000130552500013437 0.000174797587169451 0.000233240488523734 0.000199573918143869 0.000243070346186869 0.000202295426061028 0.000211207524989732 0.000278311557485722 0.00191042810329236 0.000485551792371552 0.000189288444380509 0.000413552446843823 0.000160906225573854 0.000169668138914858 0.000170496925056796 0.00019523609917087 0.000282478552981047 0.000218790932558477 0.000189280952326953 0.000117063495963521 0.000173664109752281 0.000311264146876056 0.000279273324849783 0.000300004715973046 0.000344543914252426 0.000922997741145082 0.000651243602624163 9.62825304668513e-05 8.49270363687538e-05 0.000624165181943681 0.000221491591946688 0.000190773852591519 0.00018809574903571
