Maxent_result_files_2/B_barbutellus_2.asc
NCOLS 594 
NROWS 330 
XLLCORNER -15 
YLLCORNER 23 
CELLSIZE 0.166666666666667 
NODATA_value -9999 
[rows 300 to 319 of 330, columns 276 to 321 of 594]
2.46852220198157e-07 2.73219625623877e-07 2.74928162824484e-07 3.0738504739336e-07 4.17852746747993e-07 5.72312326951874e-07 4.8915853805287e-07 4.78150370653019e-07 3.64620143578076e-07 3.07347965877724e-07 7.20020267541699e-07 5.54712541112057e-07 1.57967934877323e-07 1.03839812204409e-07 1.24826167013925e-07 -9999 -9999 -9999 3.26938223937923e-07 2.44131758875277e-07 -9999 -9999 -9999 -9999 -9999 -9999 1.63304877365267e-07 9.86417248993732e-08 7.34874208907499e-07 4.18484294295585e-07 6.45346169281247e-07 4.4792111715708e-06 4.3067458602053e-06 1.34200396884054e-06 4.82860335682123e-07 5.14370910786877e-07 8.60022850934783e-07 8.22837778180485e-07 2.44422269224387e-07 2.42760222868288e-07 2.78111592166841e-07 2.45601364068371e-07 1.79276510892112e-07 1.58739110256434e-07 1.53447324202638e-07 1.58010331752223e-07
2.15631050515253e-07 2.36680727527805e-07 2.73272923345669e-07 2.76635233231737e-07 3.58241109843505e-07 4.32681947448721e-07 4.63011137907809e-07 4.07131590440812e-07 3.26147893481288e-07 2.30067889317453e-07 2.12173031244323e-07 4.07865332019419e-07 1.08224495576348e-07 9.96887504101096e-08 9.3472459983257e-08 -9999 -9999 -9999 -9999 -9999 -9999 -9999 -9999 -9999 -9999 -9999 -9999 6.31824790597868e-08 2.77563551387416e-07 1.57799580979834e-07 6.8469912430924e-07 2.30239120035947e-06 1.81111566637249e-06 4.07486743672081e-06 3.64654589262159e-06 3.78067167066121e-06 1.70602658919883e-06 4.19559145359294e-07 2.73652176596695e-07 2.30005730772476e-07 2.49793571394097e-07 2.21592451610242e-07 1.75373096855669e-07 1.60128150583638e-07 1.6024225423239e-07 1.6187665341505e-07
1.96520773387832e-07 2.13189720776885e-07 2.13868265408479e-07 2.58055553015168e-07 3.30942018644809e-07 4.53583887605191e-07 6.33081547396497e-07 5.1734990580421e-07 4.23073915301053e-07 1.86737342489085e-07 1.86564787718613e-07 2.36074263193498e-07 1.48713211700624e-07 9.88975946691895e-08 9.36531910133986e-08 -9999 -9999 -9999 -9999 -9999 -9999 -9999 -9999 -9999 -9999 -9999 -9999 2.04732673003694e-07 2.66248445124351e-07 8.15861328606893e-08 8.73186965399952e-08 8.71640231436821e-08 2.19895080122434e-07 7.27288165047746e-07 6.68266036036869e-06 8.53711901029897e-06 4.94064799525518e-06 2.38849631184479e-06 1.13823559284576e-06 2.53381193637825e-07 2.20559536168174e-07 2.73760092295294e-07 2.90575972805573e-07 2.68836893990709e-07 2.50372429122514e-07 4.91050368101043e-07
2.35965906392188e-07 1.73079277498989e-07 1.72038085399784e-07 1.92941036691874e-07 2.5883617869038e-07 3.36667464606588e-07 4.49773665933684e-07 4.2554733684641e-07 3.13564031984015e-07 1.51725366692723e-07 1.52846734091661e-07 2.68376363787848e-07 2.54747483974249e-07 1.40559080785696e-07 9.75567798877641e-08 9.95530467839956e-08 -9999 -9999 -9999 -9999 -9999 -9999 -9999 -9999 -9999 -9999 -9999 -9999 2.75601214516641e-07 1.7154555940202e-07 1.82456260455766e-07 4.86809602184835e-08 1.21221385174231e-07 3.16803070887772e-07 5.57970487573556e-06 7.96582225461861e-06 6.70228983281618e-06 3.26120000107011e-06 1.91500438386782e-06 1.83860780902378e-06 3.81860399845113e-07 4.74859306365261e-07 4.72441975107873e-07 4.05973168149387e-07 3.6063837276501e-07 3.6916085184302e-07
2.90299521121806e-07 4.90152020393708e-07 1.46686182689315e-07 1.88195001349367e-07 2.14973225975967e-07 2.75743688227248e-07 3.22914007744313e-07 3.18827440326519e-07 2.88324922403937e-07 1.601158885145e-07 1.05483289747355e-07 1.48693349422135e-07 2.09398083206302e-07 3.06240245206979e-07 1.07913444724606e-07 1.01465305846205e-07 7.7678509489143e-07 -9999 -9999 -9999 -9999 -9999 -9999 -9999 -9999 -9999 -9999 -9999 -9999 6.49678361219763e-08 5.05419305074639e-08 5.86739251073887e-08 5.35252966837874e-08 2.58134590036541e-07 2.5172467535306e-06 2.14219973866392e-06 4.27496816399753e-06 2.65954765987786e-06 3.70620064842342e-06 3.24446957016278e-06 1.30208637374452e-06 6.22568923436262e-07 5.64274046666036e-07 4.82824859437958e-07 4.46685159560811e-07 3.86813828523458e-07
1.55989945527235e-07 2.16604477443205e-07 2.63132351674411e-07 2.14150551669512e-07 2.18056684830881e-07 2.66020062300587e-07 2.8348461483807e-07 2.77776174628652e-07 2.61497368447827e-07 1.82854154950896e-07 8.94161683473449e-08 1.06489591411574e-07 1.16173784281415e-07 2.57774425649337e-07 3.72738139819972e-07 1.87086407998915e-07 1.21285835796847e-07 -9999 -9999 -9999 -9999 -9999 -9999 -9999 -9999 -9999 -9999 -9999 -9999 9.24235945887197e-07 5.7300854106046e-08 5.14535989371012e-08 4.46457420033575e-08 6.50022374704129e-08 2.03641850582414e-07 5.00754958010496e-07 6.05037889367388e-07 1.33881225767851e-06 3.24244876459545e-06 3.92501024784053e-06 1.75930827612802e-06 5.10505554440766e-07 4.71442956262447e-07 5.12229132987318e-07 5.21831913502524e-07 4.98829335482398e-07
1.82908928469949e-07 2.70184489148395e-07 2.6796536061191e-07 1.73841300243893e-07 1.97938138013498e-07 2.39925888012582e-07 2.72235350506911e-07 2.74711230352498e-07 2.39455286521473e-07 1.86752240616261e-07 9.44411822301206e-08 7.61052077025148e-08 8.58912477141871e-08 4.19213593816359e-07 4.60128379276004e-07 3.02211894898097e-07 1.56001695461594e-07 2.78319630382384e-06 -9999 -9999 -9999 -9999 -9999 -9999 -9999 -9999 -9999 -9999 -9999 -9999 9.65267184538377e-07 5.08204490712316e-08 4.51552983449233e-08 4.28308576494452e-08 5.31015174054517e-08 5.28974148483741e-08 8.20532663725615e-07 5.48770082819949e-07 2.33465295771396e-06 2.4055013426505e-06 1.51844886557839e-06 2.17498281662731e-07 2.55662700077153e-07 2.96503223418121e-07 4.3226748641656e-07 4.95579875492425e-07
2.1431591640253e-07 1.9965910055264e-07 2.09323777056181e-07 1.91023773032928e-07 2.25256696195775e-07 2.15312866702622e-07 2.15263747749272e-07 2.11608689137943e-07 1.95062599728235e-07 1.41428010724809e-07 1.93358157729584e-07 4.99739141734956e-08 8.33272252642736e-08 2.72380615129464e-07 4.54857978682277e-07 2.24161276662915e-07 1.27597925325684e-07 1.59521696527776e-06 -9999 -9999 -9999 -9999 -9999 -9999 -9999 -9999 -9999 -9999 -9999 -9999 -9999 1.75533965462993e-07 4.29041875471548e-08 4.03184522212996e-08 4.24443067026381e-08 5.13435981841504e-08 4.25697307315787e-07 1.35112076526944e-06 9.27359836566666e-07 1.81765489468688e-06 1.83383660523617e-06 6.45365638973772e-07 2.60437479582265e-07 3.30223139732855e-07 3.91059718862774e-07 4.87116554737099e-07
2.40802702855536e-07 2.57629816391436e-07 2.18706452215223e-07 9.16132703365768e-08 2.04286005922594e-07 2.03115832797529e-07 1.61815132004861e-07 1.51119069213834e-07 1.67559018005026e-07 1.47984584197847e-07 1.08173656792054e-06 1.34880958913008e-07 1.11982315498249e-07 1.13694725822899e-07 1.5308571705841e-07 1.59745001038214e-07 1.14323173028286e-07 2.55254473535693e-07 -9999 -9999 -9999 -9999 -9999 -9999 -9999 -9999 -9999 -9999 -9999 -9999 -9999 -9999 7.60242689135104e-08 3.79410578399408e-08 4.33707891711599e-08 5.51585714103631e-08 2.0187622217227e-07 6.39522471646004e-07 9.66974370553153e-07 9.67470775936619e-07 9.78476700197461e-07 1.96920898645203e-06 1.21872682623536e-07 4.45194679610239e-07 8.78672668402913e-07 4.46056979086507e-07
2.9197001506498e-07 3.01274632119597e-07 2.32787680398694e-07 1.0608043634619e-07 1.53140722847223e-07 2.37646606937592e-07 9.64253221158451e-08 1.2309715613501e-07 1.45808618989829e-07 1.14947202856097e-07 5.76422512277297e-08 6.72790935296597e-08 8.19606831181652e-08 9.91573120501244e-08 1.65030694398993e-07 1.4177039860952e-07 2.55311592733953e-07 2.21111770004612e-07 2.17448401484965e-06 -9999 -9999 -9999 -9999 -9999 -9999 -9999 -9999 -9999 -9999 -9999 -9999 -9999 4.74388901283707e-07 3.85440994676856e-08 3.47213456763917e-08 4.14864191222719e-08 8.72078169344981e-08 1.7987051980306e-06 5.86582055328577e-07 3.86951961028892e-07 1.61882293481241e-07 1.62707314399491e-07 3.15565508390847e-07 1.41087240901339e-07 4.00516862542055e-07 4.54213203826548e-07
3.28984851527547e-07 3.06527532156764e-07 2.6911222463788e-07 1.36130577899074e-07 1.04718597204734e-07 1.38710484598459e-07 7.39930779869447e-08 1.35132617062883e-07 1.15885359108781e-07 1.49812127403504e-07 3.70736276662509e-06 9.58948626172962e-08 8.05283473348517e-08 7.45860943784926e-08 1.22149867598509e-07 1.23240579552597e-07 1.08764558615082e-07 9.58883044188674e-08 1.06027412349885e-07 -9999 -9999 -9999 -9999 -9999 -9999 -9999 -9999 -9999 -9999 -9999 -9999 -9999 -9999 6.56125487719095e-08 3.62249497287692e-08 3.51521546315681e-08 4.9423422421313e-08 9.55365027865973e-08 3.64983044565115e-07 6.54486235673879e-07 6.07560772714066e-07 2.06404722691289e-07 8.57304168766504e-08 2.98015655153527e-08 6.11626699065226e-08 7.8226075606036e-07
2.96035149727203e-07 3.04663760553048e-07 2.92304962312695e-07 1.96911645200526e-07 1.10482853032945e-07 1.07090533174592e-07 1.41584930679617e-07 1.87978549137657e-07 1.40457819652884e-07 3.91328461035734e-07 7.73514185659074e-07 2.26151107096673e-07 5.93374491986154e-08 5.1477574491976e-08 7.07119315324078e-08 8.71393535772924e-08 1.18796962833567e-07 8.95556270141817e-08 8.56558781903161e-08 9.14182723954493e-07 -9999 -9999 -9999 -9999 -9999 -9999 -9999 -9999 -9999 -9999 -9999 -9999 -9999 1.80179497466071e-05 2.03908401286146e-07 3.85892073739846e-08 3.88770712400621e-08 3.91642291486249e-08 3.17126859183947e-07 1.7806334906556e-07 1.00932250752805e-06 2.90254063317619e-07 8.69622048038643e-08 1.56623625657826e-07 1.08106022456145e-07 1.66212581842462e-07
2.91623982118239e-07 2.49857960343824e-07 2.34969456158751e-07 1.49877716792979e-07 1.33720765294054e-07 8.90013681087432e-08 8.85257117166915e-08 1.57077856210996e-07 1.68744403661325e-07 8.38239505362992e-08 1.4423411928477e-06 2.73461608335523e-06 1.2998363165373e-06 4.47373870837708e-08 5.18861224430012e-08 6.77609121590983e-08 9.92457802939661e-08 9.87217006587215e-08 8.18200668328828e-08 1.09138332682335e-07 -9999 -9999 -9999 -9999 -9999 -9999 -9999 -9999 -9999 -9999 -9999 -9999 -9999 -9999 4.41242008586418e-07 7.25947648438918e-08 4.9922918177181e-08 3.13037172183783e-08 3.53175571787823e-08 1.23586636946449e-07 4.95316508042354e-07 3.47411788426122e-07 1.34179801392076e-07 2.29083075620196e-08 1.38397388582678e-07 2.20396157069036e-07
2.71776418980796e-07 2.34971121537697e-07 1.46034783288229e-07 1.02184164740837e-07 1.27193072652076e-07 1.16008497053066e-07 9.80336287037531e-08 9.8388465419319e-08 1.0061805670869e-07 5.34882452751795e-07 8.93808852930888e-08 5.55388924738942e-08 5.95443555351238e-08 4.99444821167039e-08 5.04674420143125e-08 6.25361114447998e-08 7.77307861188348e-08 1.17818394451685e-07 1.44961329728854e-07 1.26651675924627e-07 2.11099209956878e-07 -9999 -9999 -9999 -9999 -9999 -9999 -9999 -9999 -9999 -9999 -9999 -9999 -9999 -9999 3.51503045137314e-07 6.94000232281944e-08 3.75224714743716e-08 3.19019217154271e-08 6.93645643257135e-08 1.21234196859277e-07 4.00967595348689e-08 7.48672926431659e-08 5.11270444092382e-08 1.9551706098575e-08 3.42643484585459e-08
2.09364407932622e-07 2.1820093570879e-07 1.59279884281993e-07 1.55422286163276e-07 2.27743248126799e-07 2.22123942661412e-07 1.84159755622915e-07 9.0477533432054e-08 1.94171276957089e-07 1.2045477365441e-06 1.34568018772541e-07 8.13426423329489e-08 8.87606198096691e-08 6.44253525639016e-08 5.61909697993634e-08 6.98987687508534e-08 8.38113390133621e-08 1.07082726330532e-07 1.580002366941e-07 1.51982179363852e-07 1.30576958068396e-07 1.90171621148316e-06 -9999 -9999 -9999 -9999 -9999 -9999 -9999 -9999 -9999 -9999 -9999 -9999 -9999 -9999 3.2406272821861e-07 5.66690274594883e-08 5.93122567726923e-08 4.79545667619874e-08 4.17411193609496e-08 3.83084138411149e-08 2.56553728705811e-08 1.71126237846764e-08 1.3972200663126e-08 3.62427262201592e-08
6.7897920201343e-06 3.01917873208879e-06 1.82687386829361e-06 5.13985803509698e-06 1.66117396871446e-07 2.38424448406604e-07 2.45776159302213e-07 1.04001391121322e-07 1.29365079393207e-06 2.49743586488993e-07 5.66316403327605e-08 7.20302893775226e-08 7.40573798618804e-08 6.87365487639369e-08 5.71968155838043e-08 6.32071033512816e-08 7.32684203641476e-08 8.28491996673897e-08 1.07545445382495e-07 1.38936319038496e-07 1.21758497673152e-07 1.34186776035161e-07 -9999 -9999 -9999 -9999 -9999 -9999 -9999 -9999 -9999 -9999 -9999 -9999 -9999 -9999 3.38619533404305e-06 6.77882548316688e-08 5.29572212859542e-08 9.11468149622507e-08 2.66752743172116e-07 1.26307908354661e-07 1.65323052558897e-07 7.12539279912328e-08 1.78119218818829e-08 1.5234013373e-08
6.67186460039382e-06 5.37454967259876e-06 3.99014455987334e-06 3.64870173394927e-06 4.24781516381589e-06 1.37923558818365e-07 1.90275872036239e-07 1.52099796568717e-07 3.50127642045894e-07 1.01526897449133e-06 4.01053544119012e-07 4.66390962183816e-08 5.15439580017762e-08 4.45831727979851e-08 4.82221431452601e-08 5.17710195602206e-08 5.88109896670908e-08 8.02682649903019e-08 9.82892824907822e-08 1.50006235799527e-07 1.07229319634694e-07 9.44506199251904e-08 1.0833081796946e-06 -9999 -9999 -9999 -9999 -9999 -9999 -9999 -9999 -9999 -9999 -9999 -9999 -9999 -9999 4.00008230760918e-07 7.30549145622206e-08 8.6568011481436e-08 5.19458116099436e-07 5.24277951807761e-07 3.29844794944023e-07 3.25119888788805e-08 7.06394575278324e-08 7.09883493321684e-08
6.00683762654874e-06 4.94331936637948e-06 3.99077632811107e-06 3.34519197140448e-06 5.53722446383631e-07 1.50874860493921e-07 1.3706735261243e-07 1.06897106766368e-07 2.46330543918205e-07 1.13451918966057e-06 4.38824732826859e-06 2.79968363203764e-07 4.35946807209042e-08 3.51004659338017e-08 3.95053133317447e-08 4.70933083973613e-08 5.57691622660172e-08 6.76456840209561e-08 9.00657107671954e-08 1.42494612120903e-07 1.4199968786377e-07 2.7042879953143e-07 1.29645512991772e-07 -9999 -9999 -9999 -9999 -9999 -9999 -9999 -9999 -9999 -9999 -9999 -9999 -9999 -9999 -9999 1.16200996946869e-07 8.83094703474363e-08 1.00468277408616e-06 1.09398800400839e-06 1.82920321545321e-07 2.45824049427412e-07 1.29531007142525e-07 2.04571785888952e-07
2.49261100129239e-06 4.81965727905376e-06 3.56922019526529e-06 3.14690982010646e-06 1.35922257815668e-07 1.71157439932124e-07 1.62173698536883e-07 1.20232821965161e-07 4.11200202221629e-08 1.1358147741114e-06 6.86368900071344e-07 6.23527296128579e-08 4.39382318417891e-08 3.41443105345007e-08 3.69940496347532e-08 4.36794324709666e-08 4.6776292672579e-08 5.74664852814877e-08 6.9528116197759e-08 9.51847913932546e-08 1.35002879719792e-07 1.84084347076841e-07 1.17841268509888e-07 5.19785274299966e-07 -9999 -9999 -9999 -9999 -9999 -9999 -9999 -9999 -9999 -9999 -9999 -9999 -9999 -9999 1.37703758518182e-07 3.17590724441263e-07 1.76426334683732e-06 8.05355081157089e-07 5.03469965262848e-07 2.1140801845787e-07 1.71440149299151e-07 3.61399829140741e-07
2.1352870256397e-06 3.58601416059479e-06 3.57301331050941e-06 3.23828825317118e-06 1.39646355457046e-07 1.63139588793548e-07 1.72617950788823e-07 1.57324297511696e-07 6.54133330391105e-08 1.04918302946677e-06 3.10335447006871e-08 2.10154494073578e-07 3.18210434335775e-08 3.20676459941716e-08 3.34356256126434e-08 3.76280845815202e-08 4.55121703213379e-08 4.55714806668617e-08 6.24982021468767e-08 7.99241575699661e-08 1.23958709108418e-07 1.70319184911172e-07 1.1986395977992e-07 1.38704417751434e-07 -9999 -9999 -9999 -9999 -9999 -9999 -9999 -9999 -9999 -9999 -9999 -9999 -9999 2.20711241660787e-06 1.31315772877727e-07 1.8413600149092e-07 6.83387826216908e-07 2.72181151739215e-07 2.18635473803186e-07 7.31252542296446e-08 2.40918411109625e-08 9.31735050668792e-08
