Maxent_result_files_2/B_balteatus_3.asc
NCOLS 594 
NROWS 330 
XLLCORNER -15 
YLLCORNER 23 
CELLSIZE 0.166666666666667 
NODATA_value -9999 
[rows 147 to 167 of 330, columns 336 to 383 of 594]
5.5297062040438e-09 8.21753776136802e-13 1.00333075181425e-12 1.34430355736015e-11 0 0 4.78140860238341e-12 3.45629707076966e-08 1.06248589926139e-09 1.16211484879614e-12 9.50804057708865e-09 1.15395470956514e-12 3.14511332533129e-08 1.20927001034943e-07 3.92504972523966e-08 2.04529939537679e-05 2.59483590525633e-07 3.16463820126955e-06 3.83937887704633e-08 4.39406289132194e-12 5.93866893439099e-09 2.94591929161925e-06 2.93343127566459e-13 2.36732855540822e-13 2.52686760404686e-14 9.40725275455634e-12 1.60755853073624e-12 4.12850587050428e-10 4.90838036881769e-11 6.38716302070463e-11 2.99842085382807e-08 3.19656301428495e-11 1.73772707334763e-10 1.18982934615985e-11 3.04187786070997e-12 6.68354260824344e-14 1.24246501975733e-11 0 0 5.55111512312578e-17 9.68881641583153e-12 1.01168962096665e-11 5.90638649100583e-15 4.21795931515589e-13 1.58389105164858e-09 5.39597255766466e-12 2.38153052833923e-11 4.52415882534751e-13
5.20317122720826e-13 1.80989410125676e-09 1.14797682471135e-10 1.04017001678613e-09 2.88657986402541e-15 3.7970737665205e-13 5.30175903179497e-13 1.01535446717094e-12 1.39508404828348e-12 1.36627376079446e-12 1.13588231598349e-08 1.75672598690113e-10 1.23160370790742e-12 7.50510764646606e-15 1.15229964592345e-07 1.0899258796826e-06 1.32541755348825e-11 5.89528426075958e-15 6.48370246381091e-15 6.63291643832053e-13 6.40258090989221e-10 3.97171184829404e-13 1.33323463380464e-11 6.10067107942314e-11 0 0 1.0182010328208e-07 2.71421924935566e-08 4.57434754252972e-07 2.90597874936793e-06 5.2197912658869e-12 4.15134593367839e-13 3.99626998159874e-12 2.15861772900894e-12 3.7995939727864e-12 1.54321000422897e-14 2.22044604925031e-17 0 0 6.66133814775094e-17 8.47886205690429e-12 0 5.21258414210024e-10 2.52748599827157e-11 3.88578058618805e-16 0 0 0
5.13666886803321e-13 1.22909460387177e-12 5.02616837039227e-12 5.21804821573824e-15 3.5122094121931e-11 1.2618905920192e-12 9.21895892957991e-13 1.0692113860955e-12 1.31854527296582e-12 1.3919199126633e-12 1.32831523558252e-12 1.25011112572793e-12 1.00223913612751e-09 9.94626780936869e-08 1.04656283639315e-12 9.55247170253415e-10 9.45068956426098e-10 6.99942193094216e-10 6.2995164640256e-13 4.83468820533517e-13 3.39517303160619e-13 2.36388686403188e-13 1.39750433447716e-12 2.05058192648266e-14 1.11022302462516e-17 2.07056594092592e-14 1.38069555788434e-12 2.6813103159995e-08 8.57174886625955e-11 4.16564560623556e-12 2.64813726502666e-12 1.45032452678606e-06 0 0 4.24171808788287e-13 0 1.11610720665567e-13 0 1.11022302462516e-17 1.11022302462516e-17 6.39325481444075e-11 2.09888573188266e-10 3.80362408236579e-14 1.11022302462516e-17 0 1.87627691161651e-15 6.66133814775094e-17 0
5.6958882055369e-13 1.84046478279853e-08 5.51036993812204e-13 3.73292508015766e-12 4.83013629093421e-12 2.50025820047739e-09 7.94975196782843e-13 1.18045573316294e-12 1.20832233108104e-12 1.25816024265646e-12 1.11940456903881e-12 2.55521370107203e-06 5.83088952055277e-07 5.49086842660529e-10 9.52292689149203e-12 7.12985226414276e-13 6.4991345638532e-13 5.87917403649385e-10 5.13200593132979e-13 3.88111764948462e-13 4.25678381432704e-12 2.12163964175005e-10 1.60838009577446e-13 2.23251618081122e-07 3.50408591032192e-12 1.19409777177282e-08 1.52633461425467e-13 3.93908794471542e-10 5.10331776837347e-12 3.14421821911992e-12 2.78131420117234e-09 9.78145231478322e-11 1.59564583768201e-12 1.79580794679168e-12 5.55111512312578e-14 1.60194080223164e-13 2.08721928629529e-15 1.51101353651484e-14 2.90172330608129e-12 1.37667655053519e-15 0 1.199393917517e-11 0 0 0 0 0 0
6.98296975798485e-13 6.34559071954755e-13 9.10382880192628e-16 1.11022302462516e-17 1.06205266803272e-11 0 8.84647910481817e-13 1.08643094520744e-12 1.1924239373684e-12 1.00878194686516e-12 1.25044419263531e-13 2.92947502984475e-06 7.82141018618176e-13 6.46904751988586e-13 6.03661565179436e-13 6.06248384826813e-13 6.04738481513323e-13 4.93161067538495e-13 3.70492525547661e-13 3.76665365564577e-13 3.31298322109319e-12 1.93530291792143e-10 1.19104726081787e-13 8.94062601730639e-14 4.70845584743529e-14 3.60623104711522e-06 3.090217866486e-07 1.37075611483795e-07 1.31250876833633e-10 1.04878701279176e-08 1.12143627717387e-13 2.38808667285539e-09 0 0 5.55111512312578e-17 0 1.07511777258651e-11 1.33559829862406e-14 5.12478948166972e-14 2.05443440037811e-12 5.55111512312578e-17 7.68851649013413e-13 0 0 0 0 0 0
6.75526301563423e-13 5.85220760740412e-13 1.32800437313563e-12 0 5.79278847112619e-11 1.11022302462516e-17 7.42894634697677e-13 9.10926889474695e-13 9.47908418424959e-13 4.3485771215046e-06 5.33274535641226e-12 6.2464579286825e-09 5.37669908595717e-13 6.40165698229112e-13 5.98143756747049e-13 5.68001201628476e-13 1.56698852933346e-06 6.43839619396402e-09 1.00555937021518e-08 2.37195818542091e-12 2.60336197044353e-13 1.48705492364343e-12 1.27453603226968e-13 1.35738087436721e-12 6.29607810331834e-11 3.51309417112589e-09 4.04496134365218e-08 3.08727500453188e-07 1.78143944040698e-11 3.63264973657351e-13 2.40023079189911e-10 3.5687230948156e-12 3.33066907387547e-17 0 0 0 3.59482443812453e-12 6.91738888392024e-12 8.54871728961371e-16 0 0 7.51620987671231e-15 0 0 0 0 0 0
5.80246961590092e-13 4.54780657577203e-13 2.69480864556471e-07 2.06929695600877e-11 4.26636503902955e-13 5.5211391014609e-13 6.14952533339874e-13 6.40365538373544e-13 6.99718061270005e-13 6.68115173652062e-07 1.72084568816899e-15 3.32545102565973e-13 4.78972417283785e-13 4.30877555857023e-13 1.06941098920288e-05 2.91060466111048e-06 5.07706490182613e-09 2.35732744435779e-10 1.15957432100799e-08 1.36535227568402e-12 5.53322855356697e-07 1.3796660480736e-10 1.27275967543028e-13 8.52935388984122e-11 7.48516360005169e-11 3.08947756266775e-11 7.09432512735475e-15 2.28078036457191e-09 2.55036214369397e-11 0 8.47359071798337e-11 0 0 1.82278636629007e-12 8.45989944764369e-15 2.22044604925031e-16 7.7937656328686e-15 2.22044604925031e-17 2.22044604925031e-17 0 0 1.11022302462516e-17 0 0 0 0 0 0
5.54134516050908e-13 4.80959716497864e-13 4.39481784297868e-13 3.71225272743914e-13 4.35529390330203e-13 5.06761299590153e-13 4.80493422827521e-13 4.36961578031969e-13 3.13105097404787e-13 1.1365997032442e-11 1.99995575655976e-13 3.09052783364905e-13 4.27291535487484e-13 1.36560802648233e-06 8.62863605544106e-07 3.07964764800772e-13 0 3.99347221957669e-13 3.49165141244612e-13 2.95141688866352e-13 2.37820874104955e-13 1.79534165312134e-13 1.35647049148702e-13 1.04827257985107e-13 4.67403893367191e-14 1.65312208366686e-14 0 7.92699239582362e-15 0 0 5.25801624462474e-14 1.81188397618826e-14 1.49624757028732e-13 2.95319324550292e-15 0 0 0 0 1.22124532708767e-16 1.33182354034034e-13 0 0 0 0 0 0 0 0
4.76496619938871e-13 5.31963362249144e-13 5.05306907427894e-13 4.06819022913396e-13 4.38771241562108e-13 3.91409127331599e-13 4.01956246065538e-13 9.07819375228769e-12 1.84918746981566e-13 2.06146211212399e-13 1.91280324912668e-13 2.0069501616149e-13 2.25497398531616e-13 3.45436834248147e-08 2.62992845279086e-09 2.77744494070475e-13 3.51685347510511e-13 3.50619533406871e-13 3.34676730773253e-13 3.10529379987656e-13 2.52531329181238e-13 1.98496774572732e-13 1.54676271790777e-13 1.214361944335e-13 6.33604280153577e-14 3.00204305858642e-14 1.70419234279962e-14 3.53699837196686e-09 2.74437139680117e-12 2.88657986402541e-16 1.38167255414601e-13 2.19380069665931e-14 0 0 0 0 0 0 0 0 0 0 0 0 0 0 0 0
4.43900471935876e-13 5.04951636060014e-13 1.11022302462516e-17 2.13165807227966e-10 3.89133170131117e-13 4.09372535870034e-13 3.25250937294186e-13 2.19824158875781e-15 1.1034107058272e-06 1.54032342436494e-13 1.21236354289067e-13 1.13609122109892e-13 1.48470125083122e-13 1.87672100082636e-13 5.23081356007538e-11 2.43161046853402e-13 3.16546788781125e-13 3.90698584595839e-13 3.79329900823677e-13 3.13837844601039e-13 2.78377321194512e-13 2.34523511721818e-13 2.08866257622731e-13 0 0 4.22994972382185e-14 2.26707541628457e-14 1.5962176025397e-11 6.36326547009958e-12 2.80349077286246e-12 3.33066907387547e-17 0 0 0 0 1.11022302462516e-17 0 0 0 0 0 0 0 0 0 0 0 0
4.36584102203597e-13 3.88566956388559e-13 3.89666077182937e-13 2.36934583064397e-11 3.50452999953177e-13 3.84403620046214e-13 2.79287704074704e-13 2.19602114270856e-13 9.52651291186157e-12 1.35091937636389e-13 2.06934469559883e-12 1.16973097874506e-13 1.48492329543615e-13 1.76805564862548e-05 7.36593195915791e-07 2.28195240481455e-13 3.28326255072398e-13 3.56192852990489e-13 3.50086626355051e-13 3.23407967073308e-13 3.01358937804253e-13 2.54474219474332e-13 2.3848700791973e-13 2.78137513021193e-12 1.78990156030068e-13 1.27708954522632e-13 1.23898891146723e-11 2.656763697928e-14 8.77076189453874e-16 9.99200722162641e-17 0 0 0 0 0 0 0 0 0 0 0 0 0 0 0 0 0 0
3.82294196299426e-13 3.54305473848626e-13 4.12392342497014e-13 5.88769111242726e-10 2.8931301798707e-13 3.02302627375184e-13 1.97541738522489e-10 6.99086388777914e-10 1.95886640241838e-12 2.54933918419908e-10 1.84627227295397e-07 2.82609896840036e-07 7.20858928104917e-12 4.63806770767405e-13 1.80955250783654e-13 2.26041407813682e-13 2.7254865031523e-13 3.11772829775236e-13 2.93731705625078e-13 3.29625216011209e-13 0 4.44089209850063e-17 4.30000226425697e-08 1.23242827054781e-09 1.83941750719896e-13 1.42796885427288e-13 8.76632100244024e-14 5.64770452626817e-14 1.96065386148803e-14 1.11022302462516e-17 0 0 0 0 0 0 0 0 0 0 0 0 0 0 0 0 0 0
4.15356637972764e-13 2.88258306113676e-13 3.79996034638452e-13 2.78744660686669e-09 3.39628325463082e-13 2.24971240969651e-08 1.5218504234582e-11 7.98029387016896e-10 7.82229847562377e-10 1.32135413721812e-12 1.72772907092167e-13 1.56363810788207e-13 1.33837385618563e-13 1.67499347725197e-13 2.04525285596446e-13 2.3392399128852e-13 2.39974706772728e-13 2.75823808237874e-13 3.13249426397988e-13 2.99060776143278e-13 0 2.3706592244821e-13 1.81465953374982e-13 1.71854752650802e-12 2.29427588038789e-13 1.45905509896238e-13 5.09703390605409e-14 4.46753745109163e-14 1.81965553736063e-14 0 0 0 0 0 0 0 0 0 0 0 0 0 0 0 0 0 0 0
2.69417821385787e-13 3.44191342094291e-13 4.1705527920044e-13 1.75841180691805e-06 2.63145061296655e-13 9.89917037230725e-12 2.76276885045945e-05 2.47895370897311e-11 3.20180213231325e-07 7.18647363839864e-14 1.53443924233443e-13 1.57562851654802e-13 1.4477308241112e-13 1.54287693732158e-13 1.88149495983225e-13 2.15327755626049e-13 4.61852778244065e-15 2.84527956750935e-13 2.95674595918172e-13 2.87747603522348e-13 2.56694665523582e-13 1.55597756901216e-13 1.47692968965885e-13 1.36658462324135e-12 1.33624222797835e-11 1.44473322194472e-13 2.67341704329738e-14 5.98965321785272e-14 0 0 0 0 0 0 0 0 0 0 0 0 0 0 0 0 0 0 0 0
4.06907840755366e-13 4.28834745491713e-13 5.10861353220093e-12 4.82530682077709e-12 2.08153716485526e-11 1.79523063081888e-14 2.2216672945774e-13 4.52458337463213e-10 2.21178630965824e-13 1.84152693094575e-13 1.66944236212885e-13 1.56930024530766e-13 1.67055258515347e-13 1.86906046195645e-13 1.91135995919467e-13 1.89848137210902e-13 2.1254109583424e-13 2.41429098934987e-13 2.23132623489164e-13 2.61601851292426e-13 2.15305551165557e-13 1.64457336637724e-13 1.18938192628093e-13 1.82664994241577e-13 1.08735243031788e-13 2.08100203735739e-13 3.8702374638433e-14 1.83186799063151e-15 0 4.63973304221099e-13 0 0 0 0 0 0 0 0 0 0 0 0 0 0 0 0 0 0
5.17585974080248e-13 5.73907588119482e-13 6.46427356087997e-13 5.69166935804333e-13 5.15154585656319e-13 2.87492696315894e-11 1.23234755733392e-15 3.21065396491349e-13 2.66187072384128e-13 1.89304127928835e-13 1.80000458982477e-13 1.75504055732745e-13 1.74704695155015e-13 1.7492673975994e-13 2.01128003141093e-13 1.76236802928997e-13 2.08710826399283e-13 2.0012200785402e-10 2.62425192687488e-11 1.84008364101373e-13 1.97497573850569e-13 4.2632564145606e-15 1.83456522195868e-09 1.35558231306732e-14 2.02271532856457e-13 7.40185690517592e-14 2.57571741713036e-15 1.0769163338864e-15 1.11022302462516e-17 1.11022302462516e-17 0 0 0 0 0 0 0 0 0 0 0 0 0 0 2.07700523446874e-13 1.87061477419093e-13 1.08502096196617e-13 0
5.67124125439022e-13 6.62547794405555e-13 7.34856619999391e-13 7.20734583126159e-13 6.28275209635376e-13 0 0 3.7470027081099e-13 2.84161583152809e-13 2.28794760914752e-13 1.86339832453086e-13 1.05814388362546e-09 8.58254578517403e-12 1.65201186064223e-13 1.64990243689545e-13 1.47082346302341e-13 1.7160717291631e-13 1.52078349913154e-13 1.55508939059246e-13 2.58933985364251e-12 2.39430697490661e-13 3.39173134022985e-14 4.9960036108132e-16 3.71924713249427e-15 8.72635297355373e-15 8.11573031000989e-15 2.54241072639161e-15 1.57762691799235e-14 0 0 0 0 0 0 0 0 0 0 0 0 0 1.43918210682159e-13 0 1.73938641268023e-13 1.43818290609943e-13 1.10800257857591e-13 0 0
4.8637064375967e-10 8.53683790325022e-13 9.03588315281922e-13 9.34174959610345e-13 8.12838685249062e-13 5.97011329261932e-13 4.23638901736467e-13 4.36717328966552e-13 1.90591986637401e-13 6.10622663543836e-15 1.67643676718399e-15 1.48248080478197e-13 1.98385752270269e-13 1.99573690906618e-13 1.98607796875194e-13 1.78346226675785e-13 1.43651757156249e-13 1.76503256454907e-13 2.13551398786649e-13 1.97708516225248e-13 5.02337638152994e-10 1.90952809120404e-12 1.13242748511766e-14 4.79616346638068e-15 1.83519865970538e-14 2.46469511466785e-15 6.10622663543836e-16 2.33146835171283e-16 0 0 0 0 0 0 0 0 0 0 1.06914477271403e-13 0 6.9022565440946e-14 9.55568957294872e-14 1.26387789123328e-13 0 9.00834962180852e-14 0 3.24629212400396e-14 2.07611705604904e-14
1.11022302462516e-17 9.07163233421215e-13 1.03927977335161e-12 1.00794927959669e-12 9.11315467533313e-13 1.96102023508615e-12 5.57098811526657e-13 6.75705047470387e-12 8.65711801911751e-08 2.78843614864854e-13 2.55806487103882e-13 2.47502018879686e-13 2.29016805519677e-13 2.34623431794034e-13 1.83186799063151e-13 1.54898316395702e-13 1.63635771599502e-13 1.54432022725359e-13 1.12909681604378e-14 6.27713436784916e-12 5.25223753378157e-11 9.45910016980633e-15 0 3.94129173741931e-15 3.19744231092045e-15 9.10382880192628e-16 9.99200722162641e-17 8.88178419700125e-17 2.99760216648792e-16 0 0 0 0 0 7.28417326456565e-14 0 0 0 9.0205620750794e-14 6.56807941368243e-14 5.83311177138057e-14 7.42961248079155e-14 7.95141730236537e-14 6.16617867876812e-14 4.07007760827582e-14 2.59237076249974e-14 0 1.71307412699662e-14
8.35131963583535e-13 8.77109496144612e-13 1.11120002088683e-12 1.37844180514435e-12 1.07639452906483e-12 8.16735568065496e-13 3.63131746894396e-13 1.17017506795492e-14 2.25708340906294e-13 3.04689606878128e-13 2.66231481305113e-14 2.26574314865502e-13 1.86339832453086e-13 1.50868206816313e-13 8.77076189453874e-15 9.88098491916389e-15 8.52550134933239e-09 1.73108860579418e-11 6.33937347060964e-15 8.69304628281498e-15 7.16093850883226e-15 1.12465592394528e-14 0 9.17044218340379e-15 9.43689570931383e-16 1.11022302462516e-17 5.96189764223709e-15 9.36151156594178e-13 0 0 1.26398891353574e-13 0 0 1.02429176251917e-13 0 9.10160835587703e-14 0 4.78728168218367e-14 5.28244115116649e-14 5.62772051182492e-14 4.57078819238177e-14 4.37538894004774e-14 3.70925512527265e-14 2.4624746686186e-14 2.03947969623641e-14 1.57651669496772e-14 1.2267964422108e-14 1.07802655691103e-14
6.8122174567975e-13 1.00577324246842e-12 1.02400310453277e-12 1.07615027999941e-12 1.39173117474911e-12 8.72468763901679e-13 6.72817357383337e-13 3.51307871682138e-13 1.58188018239969e-11 1.62481139653892e-13 1.29629640355233e-13 1.92779125995912e-13 1.74671388464276e-13 0 4.99426944244874e-11 2.12196926696606e-13 1.92973415025222e-11 5.05151476204446e-15 5.02931030155196e-15 5.26245713672324e-15 4.74065231514942e-15 2.97206703692154e-14 9.5368157815301e-15 2.88657986402541e-15 1.35114142096882e-14 0 0 6.75015598972095e-15 2.66453525910038e-16 2.06124006751907e-13 6.66133814775094e-17 1.11022302462516e-17 1.11022302462516e-17 9.52349310523459e-14 7.85926879132148e-14 0 0 5.12034858957122e-14 3.42170736189473e-14 3.04423153352218e-14 2.55240273361323e-14 2.07500683302442e-14 0 0 9.25926002537381e-15 8.45989944764369e-15 6.70574706873595e-15 5.67323965583455e-15
