Maxent_result_files_2/B_barbutellus_2.asc
NCOLS 594 
NROWS 330 
XLLCORNER -15 
YLLCORNER 23 
CELLSIZE 0.166666666666667 
NODATA_value -9999 
[rows 120 to 139 of 330, columns 368 to 413 of 594]
0.0077292594127357 0.00211227516992949 0.00389209728455171 0.0027972036798019 0.0142753083258867 0.0033757415600121 0.00534315956756473 0.00896362967323512 0.0110542940441519 0.0122458389960229 0.00278377557988279 0.0220144985243678 0.0514305647462606 0.0262657802551985 0.00297732900944538 0.00692511650267988 0.0155307120643556 0.00649801485706121 0.0202733277343214 0.0186458514072001 0.0302850399166346 0.0175251889973879 0.0194919344969094 0.0143514959141612 0.0318863805383444 0.022199674602598 0.0226069286465645 0.0200310601852834 0.0225197572261095 0.0212138572707772 0.021675231307745 0.0206388278864324 0.021756636351347 0.0247312167659402 0.0277105493471026 0.0146061348728836 0.0130923977121711 0.0119006839115173 0.011310628335923 0.0109372611157596 0.0310682473704219 0.0196249156259 0.00539205454988405 0.0177150899544358 0.0296986874192953 0.0117192064411938
0.020466380007565 0.0490273682400584 0.0193414140492678 0.0226416712626815 0.0194753684103489 0.0214957511052489 0.021458343975246 0.0208092079497874 0.0208082891069353 0.0210235853679478 0.0183780389837921 0.0157284675166011 0.0199668566696346 0.0212796974927187 0.0339019415900111 0.0118052863515913 0.00971458263229579 0.00480746945831925 0.0167544389143586 0.0161917561665177 0.0179647312499583 0.0528344040736556 0.0120538930408657 0.0126399599947035 0.0199610431678593 0.0200091714970768 0.0215266792103648 0.0288385948166251 0.0184931029565632 0.0188926413655281 0.0208702763542533 0.021120211482048 0.0255778069607914 0.0208240536041558 0.0261804948560894 0.0202548353001475 0.0402352459728718 0.0466114956885576 0.0393631586804986 0.0208056350238621 0.0166226129978895 0.00503398202126846 0.00897501613944769 0.0347601596266031 0.0167976410128176 0.0213698705658317
0.0206171911209822 0.0242013809271157 0.0239085528999567 0.00783278627786785 0.021853762678802 0.00651075448840857 0.010352366277948 0.0213802839629352 0.0208577934652567 0.0162165064364672 0.00980223170481622 0.0106365615967661 0.012087200768292 0.0127720217220485 0.0142899042926729 0.00995936193503439 0.00940006938762963 0.0106111763045192 0.0123373696580529 0.016062686406076 0.0351482331752777 0.0205663094297051 0.0189459648914635 0.0214519442990422 0.0154561849310994 0.0118309304583818 0.0212401328608394 0.0227541981264949 0.0221150793135166 0.0222533985041082 0.0231149509549141 0.0454770728945732 0.0574164260178804 0.013618647493422 0.00602383913937956 0.00484498149016872 0.00193857553822454 0.0151494760997593 0.00188298433204181 0.00335123752593063 0.0406388496980071 0.0178135996684432 0.0131342859938741 0.0337814746424556 0.0148370578885078 0.0178179981186986
0.0255915840156376 0.0189626283012331 0.0204907764680684 0.0220201367512345 0.0209493898786604 0.0204309219494462 0.0168015165254474 0.0141333877108991 0.0128822091035545 0.0125898065976799 0.010353876138106 0.0127184371463954 0.0139720036648214 0.0136235255748034 0.00660543269477785 0.00916021992452443 0.0116175571456552 0.0183733254671097 0.0105972364079207 0.00731809609569609 0.0232811434194446 0.0224922901019454 0.0242288035340607 0.0227956041693687 0.0229863921180367 0.00584814012981951 0.00205311403260566 0.0020924057404045 0.00433037468465045 0.00206680450355634 0.00435569635592401 0.00348092954372987 0.0108796162065119 0.00200829144450836 0.0160202289465815 0.00404349009040743 0.0206347974948585 0.0204759526066482 0.0152864056639373 0.00297008490306325 0.0183458783663809 0.018081637378782 0.0206466315314174 0.0161533050239086 0.0162228614091873 0.0164379578083754
0.0260266866534948 0.0108296704012901 0.023942718654871 0.0200474132783711 0.017266764305532 0.0172649051062763 0.0186004305258393 0.0153812427073717 0.0120883310213685 0.011680887453258 0.0146463681012392 0.00906611001119018 0.0121287514455616 0.00915155336260796 0.0106254641897976 0.00619985957164317 0.0134146591648459 0.0129854168742895 0.0110923889093101 0.0118580739945173 0.0116164814680815 0.0124355006963015 0.00704690432175994 0.00196777731180191 0.00198355110478587 0.00206608915468678 0.00400596329709515 0.00306639462360181 0.00413412422640249 0.00207845185068436 0.031001858599484 0.00454839580925182 0.0161981724202633 0.0224091321229935 0.0147284805774689 0.0117489193566144 0.0150066225789487 0.0170720942318439 0.00527427056804299 0.0167525234166533 0.0174559942446649 0.034369945153594 0.0156053335405886 0.0165084726177156 0.0166123569943011 0.0179852344095707
0.0273072013631463 0.0137822966091335 0.0133207668550313 0.0116891185753047 0.0205994620919228 0.0136916881427169 0.0141149261966348 0.0199184817261994 0.00983907361514866 0.013554697483778 0.00914997393265366 0.0107832715846598 0.0102071856148541 0.00761480000801384 0.0114074615761638 0.0118156827054918 0.0118491831235588 0.0132798942737281 0.0138300687074661 0.0175694730132818 0.00952676394954324 0.00958262123167515 0.0152798444032669 0.0332183159887791 0.00870436716359109 0.00205158249591477 0.00337656623451039 0.00364730305736884 0.00281367393326946 0.00363580979174003 0.0212780791334808 0.0303508251905441 0.0211392845027149 0.0194611863233149 0.0215298881754279 0.0218227753415704 0.00804772088304162 0.0142076833173633 0.0134531294927001 0.00395553398411721 0.00757635643240064 0.00264299949049018 0.0091977006290108 0.0161630089394748 0.015384569671005 0.143235465884209
0.0240130549296737 0.0267634285613894 0.0257816726341844 0.0236566847190261 0.0199877562001348 0.00906136040575802 0.0143460670486093 0.0195663020946085 0.0414648208767176 0.0146342600695789 0.0132769567891955 0.0125942119397223 0.0123697548173368 0.00894119385629892 0.00930685875937343 0.0121444185264409 0.00787436226382852 0.0107203683815897 0.00862302356399596 0.0127614942379296 0.0113902480341494 0.00945566678419709 0.0168922095559537 0.0125805457122624 0.0163883958477527 0.0362970656715333 0.0469109440222383 0.0166509645991027 0.0545146323740482 0.0192524828948081 0.0238020110875368 0.0222437870688736 0.0124045927543193 0.0229593406431377 0.0223973385989666 0.0225435964763165 0.0208592979237437 0.0170157697051764 0.018808173108846 0.0175547464750707 0.0735048465430737 0.239741033315659 0.01394835812971 0.00992025472223759 0.0100374084431678 0.0192139996215701
0.00255845437059179 0.00516090373275802 0.0127031232230365 0.0322557091712952 0.00502085015177727 0.00905881258659065 0.00885808086022735 0.0101773894857615 0.0202604248188436 0.0319479258731008 0.0147344130091369 0.0136135848239064 0.016008800920099 0.0102593294810504 0.0151354019530118 0.0160167593508959 0.0139937707222998 0.00834827432408929 0.0121865682303905 0.0112276587635279 0.0354166749864817 0.021249770745635 0.0205431674607098 0.011335959751159 0.015923492051661 0.0180940980091691 0.0538608863949776 0.0252560773864388 0.0246811160817742 0.023982160165906 0.0240256823599339 0.0184495724737644 0.0211444638669491 0.0365462305024266 0.0185895665548742 0.0146170700900257 0.0153425191529095 0.0189494136720896 0.0169052339158952 0.0170723828487098 0.0180659268982708 0.0305242019705474 0.00887218434363604 0.00836286717094481 0.0175112665165216 0.0449497696012259
0.00265468404977582 0.00260172304115258 0.00248205321258865 0.00223820926621556 0.00193746233126149 0.00174140157760121 0.00277042385423556 0.0153743083588779 0.0443584309890866 0.287245745956898 0.0200843666680157 0.0184294377453625 0.0106485965196043 0.00251664081588387 0.0132836108095944 0.00500679978867993 0.0175464864820242 0.0139137599617243 0.00561240362003446 0.0428042907267809 0.0516401555389166 0.0355949126183987 0.00995023078285158 0.00740443938411772 0.00763643737882376 0.0100564383901656 0.0179514347109944 0.0203469562344253 0.0497827894985676 0.00692984187044203 0.0146500818431377 0.0532855864614248 0.0225226679816842 0.0188763208687305 0.0346279256045818 0.0200385802425444 0.0200292025692761 0.0181441410444677 0.0154549393802881 0.0154433401301503 0.0339885687455535 0.0150714197196066 0.0119052454829216 0.00981492171995342 0.00490558568853885 0.00591838373802602
0.0256139436736703 0.0786460645496845 0.0395654861815274 0.0323581639677286 0.00225716392160393 0.00206302306614816 0.00168167717056349 0.00631236985791475 0.00301903132349253 0.00212882480118424 0.0228888000361621 0.00605013763997704 0.00147283120895736 0.0211265959776938 0.0122447174042463 0.0089323349762708 0.0182208176702261 0.019038047734648 0.0116587582975626 0.0114788974635303 0.0108940984588116 0.0109129555057734 0.0138578263111413 0.00753426346927881 0.015170721989125 0.0156574727036059 0.0129509104415774 0.0102291655726731 0.0117420335300267 0.0467127695679665 0.0553718790411949 0.0483228921890259 0.0225000124424696 0.0102072254754603 0.0425174668431282 0.0673773437738419 0.0186508564278483 0.0146617561578751 0.00888023008592427 0.0104537728708237 0.0112542317248881 0.00847364757210016 0.00590539178811014 0.0123043953441083 0.031080824509263 0.0130397186148912
0.0574037503451109 0.0930664673447609 0.0687592003494501 0.0251157908700407 0.0335937494412065 0.079499151930213 0.0034806419047527 0.0119713342748582 0.0228832381777465 0.007871054392308 0.012669475376606 0.0365095570683479 0.0189143030904233 0.00978910820558667 0.0459346685558557 0.0223943850025535 0.0187156831845641 0.00694146957248449 0.00705505888909101 0.0104660242795944 0.0115683347918093 0.0124856360256672 0.0190599910914898 0.0182404494844377 0.0205547893419862 0.0160587899386883 0.00775876743718982 0.00776908812113106 0.0207519210875034 0.0274211297743022 0.0496965005993843 0.0496486734598875 0.0169169411994517 0.0172972688451409 0.0198728284798563 0.00946276751346886 0.0107746974099427 0.0101125221699476 0.0108023440465331 0.0118379854597151 0.0109305000863969 0.0128842925652862 0.0120725872926414 0.0121084259357303 0.00626386478543282 0.00936146271415055
0.0169661617837846 0.0179576904512942 0.0193644689396024 0.042594800516963 0.0707203309983015 0.157103797793388 0.0625335577875376 0.0808686815202236 0.0210325188934803 0.0258794817142189 0.0304758373647928 0.014040146023035 0.0160844501107931 0.017263997066766 0.00820389217697084 0.0125244362279773 0.00685495054349303 0.00709020630456507 0.00722739361226559 0.0122858767397702 0.00748654995113611 0.0146983504295349 0.0109622208401561 0.0104723931290209 0.0114166554994881 0.0218087068758905 0.0204302471131086 0.0114954228047282 0.0108169217593968 0.0107264569029212 0.0322353783994913 0.0235884211957455 0.0187073069624603 0.0208451189100742 0.0133174009621143 0.0153039597906172 0.0111154122278094 0.013183362595737 0.0204366059042513 0.0135103361681104 0.0326934462413192 0.00774452462792397 0.0106310174334794 0.00602552690543234 0.00499709786381572 0.00644722010474652
0.00994225246831775 0.0139101973734796 0.0171893275342882 0.00810017408803105 0.00734341004863381 0.0132672416977584 0.00656097652390599 0.0127838920801878 0.0118683498352766 0.01522181564942 0.0162194837350398 0.0588205898180604 0.0721567343920469 0.0610576609149575 0.0553264606744051 0.0976358003914356 0.0933490037918091 0.0659384313970804 0.0114130369387567 0.0155074582435191 0.0136224777437747 0.0129348954185843 0.00970761538483202 0.00774639532901347 0.0154922986403108 0.0128003112506121 0.013955126516521 0.01142143975012 0.0107138501945883 0.0157996543683112 0.00504071163013577 0.0107654704712331 0.0159985045902431 0.00765394894406199 0.00757043464109302 0.0292749594897032 0.0394605193287134 0.0386368848383427 0.0307717896997929 0.0213865087367594 0.151026081154123 0.0105883278418332 0.00522615414811298 0.00617959082592279 0.0603200369980186 0.00466425130143762
0.0127223312854767 0.00900003397837281 0.00841034785844386 0.015184582863003 0.0147154865786433 0.0067340633366257 0.00635886872187257 0.00994755178689957 0.00604136153124273 0.00614992324262857 0.00617719017900527 0.00915347184054554 0.0282907772809267 0.00368578917114064 0.0241486259736121 0.055373035185039 0.262428298592567 0.0497087825089693 0.0137176883406937 0.0114556201733649 0.010559194535017 0.011267617251724 0.00771982045844197 0.0105057265609503 0.0151431608013809 0.0367592556402087 0.0415933754295111 0.0234239344485104 0.00960051910951734 0.0119309864472598 0.0126628398080356 0.0134459936991334 0.0179576911963522 0.0242957214824855 0.0821464318782091 0.676204416155815 0.130563001334667 0.0229121571406722 0.0117373089306056 0.0277960466220975 0.0493212110362947 0.0641734106466174 0.00651254111435264 0.00969421556219459 0.00590155688114464 0.0052724911365658
0.0493499111384153 0.0151635597459972 0.016493010148406 0.015813110023737 0.0115748537704349 0.0133986665867269 0.0153591169510037 0.0179435565136373 0.00746368994005024 0.0108471407555044 0.0124341134913266 0.00911982790566981 0.0128785618580878 0.00643519810400903 0.00664781918749213 0.0321510973386466 0.0335279228165746 0.0150429302826524 0.0139471123926342 0.0100041012745351 0.00918661975301802 0.0156882681883872 0.00764782102778554 0.0128931686282158 0.0131790301762521 0.016379520855844 0.0440929144620895 0.0331783017143607 0.0235447964631021 0.0356260536238551 0.0184803187847137 0.0244068097323179 0.37782129496336 0.0733672611415386 0.00994542590342462 0.0388806210830808 0.0345620967447758 0.0109387557022274 0.00667629241943359 0.0127410618588328 0.00652447922620922 0.00998200946487486 0.00591637811157852 0.00961108775809407 0.00856968900188804 0.0121731864288449
0.0456851931288838 0.0189263961277902 0.0157504896633327 0.0177027945406735 0.012513090390712 0.00996717871166766 0.0105890963226557 0.011127889668569 0.00823308890685439 0.00921628009527922 0.0120304573327303 0.0145492135547101 0.00909708207473159 0.00648878654465079 0.00777597678825259 0.013894610106945 0.0169105315580964 0.0364214515313506 0.0157516044098884 0.0268565220758319 0.0523955509066582 0.0474280633032322 0.058379053324461 0.0634228654205799 0.0292734988033772 0.498728434741497 0.501713003776967 0.0122120293788612 0.0186929203104228 0.017438956303522 0.0861017980612814 0.0172720782458782 0.011613935418427 0.0123920140787959 0.0202804314903915 0.0141169235110283 0.0119860226288438 0.00720544983632863 0.00675737611018121 0.0127353060059249 0.00763043519109488 0.00722513156943023 0.00855039446614683 0.0100708547048271 0.00946084465831518 0.0082890547811985
0.0199620198458433 0.0170091511681676 0.0188268535770476 0.0114936037920415 0.016446031536907 0.0129206353798509 0.0105323763098568 0.00758137609809637 0.0059163659112528 0.0059045611647889 0.00719812116585672 0.006912284437567 0.0084358561784029 0.00664332755841315 0.00675143240951002 0.014249212294817 0.0325139172375202 0.0311905445531011 0.0488753113895655 0.0218887448310852 0.0562118131667376 0.0300557475537062 0.0347118074074388 0.00816257144324481 0.00799351497553289 0.0153548056259751 0.0160509517416358 0.00799285499379039 0.00802890178747475 0.0110970471054316 0.0160191109403968 0.0182676626369357 0.0149949406273663 0.0162146745249629 0.0956195753067732 0.0126964827999473 0.0128188518807292 0.00729978638701141 0.00685124965384603 0.0134437912143767 0.00621212339028716 0.00608446816913784 0.0091325547080487 0.00698421667329967 0.019268015306443 0.0204897471703589
0.0152881762012839 0.0162392511032522 0.00928882784210145 0.00276542031206191 0.0123371407389641 0.0253412988036871 0.00849407184869051 0.00607575385365635 0.00602086333092302 0.00607258700765669 0.00613029771484435 0.012532531702891 0.00717637031339109 0.00950125874951482 0.0065942001529038 0.0324391851201653 0.0430414291098714 0.0359587983228266 0.0458174668252468 0.0294793464243412 0.0169945690780878 0.0134716387838125 0.0144289002753794 0.0135855413042009 0.010747507866472 0.0115321695804596 0.0130479829385877 0.0134764390997589 0.0159185229800642 0.00805444121360779 0.0160503997467458 0.0118511146400124 0.0131072259508073 0.0141837256029248 0.0131709998473525 0.0147033897228539 0.0146093687973917 0.00718201049603522 0.0140133233740926 0.00979224350303412 0.012390655092895 0.0120898911729455 0.00548689200077206 0.00690504838712513 0.00757203251123428 0.0154536291956902
0.0113642915152013 0.0241059090010822 0.0142054143361747 0.0105225638020784 0.019938035402447 0.00754338707774878 0.0123812190257013 0.0150637314654887 0.00816669180057943 0.00751254637725651 0.012197938747704 0.0126303124241531 0.0115350308828056 0.0101908000186086 0.0129843392409384 0.163185271096881 0.0268195992335677 0.0122221101075411 0.0159629662521183 0.0170848160050809 0.0123618886806071 0.0121756260283291 0.0125659208744764 0.0101859475951642 0.0156113301403821 0.0149044875055552 0.0103849693201482 0.0183475138619542 0.0123641905374825 0.0123021973297 0.00788148646242917 0.0161604621447623 0.00917684170417488 0.00815482069738209 0.0153646798804402 0.0554737262427807 0.0370160745456815 0.0148751777596772 0.0119881503283978 0.013549105450511 0.0170115186832845 0.00626158057712019 0.00591047005727887 0.0103652484249324 0.00634230612777173 0.0105453899130225
0.00817595040425658 0.0319156497716904 0.0160431023687124 0.00323945855489001 0.0167127924971282 0.0164091188460588 0.00739915785379708 0.00639866185374558 0.0062863283790648 0.00625353280920535 0.00615709938574582 0.00630660513415933 0.0101429977919906 0.00578091985080391 0.0675056805368513 0.0357712723314762 0.03866823092103 0.0164262589998543 0.0184716140851378 0.0125401485711336 0.00834501953795552 0.0103558171540499 0.0114946752320975 0.0147493348456919 0.0161313361488283 0.0278111143037677 0.0155686775222421 0.0128228229470551 0.0112107065971941 0.0126647345721722 0.0100764753762633 0.0133362384513021 0.0082279593218118 0.00731254466809332 0.0109486426226795 0.0215650789439678 0.00732509046792984 0.025368245318532 0.0278497315943241 0.010712588718161 0.012965127825737 0.0090991688426584 0.00604459035675973 0.0057405891129747 0.00545530908275396 0.00523175734560937
