Maxent_result_files_2/B_barbutellus_2.asc
NCOLS 594 
NROWS 330 
XLLCORNER -15 
YLLCORNER 23 
CELLSIZE 0.166666666666667 
NODATA_value -9999 
[rows 120 to 139 of 330, columns 322 to 367 of 594]
0.0447104413062334 0.0293459849432111 0.00914705614559352 0.0233573522418737 0.023494934104383 0.0328816495835781 0.0265363242477179 0.0266405382193625 0.0263867918401957 0.0252551111392677 0.0456157583743334 0.0354599958285689 0.0287759469822049 0.0387969385832548 0.0267637328244746 0.00776107099372894 0.0527811054140329 0.0224107053130865 0.0186353632248938 0.00326699475408532 0.00411949389381334 0.02497883066535 0.0326255924999714 0.00412792025599629 0.0105399715714157 0.00700275579001755 0.00369129226310179 0.00574989464366809 0.00233592548174784 0.0261577688157558 0.0200590159744024 0.0155965593643486 0.00273602008237503 0.00235971393994987 0.00832333499565721 0.00234269361244515 0.00234128340962343 0.00396681869169697 0.0103256966685876 0.0219115428626537 0.0276001049205661 0.0178947762586176 0.0356333894655108 0.0346333174034953 0.00235516712418757 0.00227011503884569
0.00594739634543657 0.0248466497287154 0.0285653438419104 0.0625990577042103 0.0237329991534352 0.0220232426188886 0.378611601889133 0.0786445327103138 0.0183377803303301 0.0540834256447852 0.0353367006406188 0.0511871928349137 0.0481446254998446 0.201231184601784 0.0708761613816023 0.0264524621888995 0.0269921604543924 0.0263505881652236 0.0172924525104463 0.00564333648653701 0.00740391004364938 0.0271182410418987 0.0272440137341619 0.00366531281033531 0.00369651430519298 0.0135671558789909 0.0023669388028793 0.00493519892916083 0.00280557289952412 0.0206177544780076 0.0204713687300682 0.0101944857276976 0.00241598561988212 0.00240703758317977 0.00407103929901496 0.00239409731584601 0.00239175279275514 0.00241773149464279 0.0047475726576522 0.026353838853538 0.0279538536444306 0.00902414212469011 0.0164817478507757 0.0275999220088124 0.0256804894655943 0.021424338594079
0.014325568638742 0.0084357199491933 0.00473037774208933 0.00855308079626411 0.0281716495752335 0.0241617284715176 0.0427128814160824 0.874108773469925 0.0475601781159639 0.0611949805170298 0.0177271337248385 0.0238289917819202 0.0230745192617178 0.0263196283951402 0.0358695834875107 0.0466187875717878 0.0503676887601614 0.0271101405844092 0.0186865341849625 0.0228606062009931 0.0540243621915579 0.0132457910105586 0.00793662155047059 0.00234178537502885 0.00237326092319563 0.00403541397536173 0.00692094590049237 0.0127616569865495 0.0279821632429957 0.0329804206266999 0.00653675629291683 0.00702050668187439 0.00431478095706552 0.00243437929311767 0.00243132556788623 0.00246026983950287 0.00248345540021546 0.0025107819295954 0.0174076281487942 0.00253314040019177 0.00423556632595137 0.0115126482676715 0.0251254526898265 0.0153962577693164 0.0243801200762391 0.0224969136528671
0.0133544262032956 0.0205326130613685 0.0294078011065722 0.0284043447114527 0.0534271266311407 0.0275587009266019 0.0223324120976031 0.0275709077715874 0.0265605811029673 0.0267714243382215 0.0228142683394253 0.0290018597617745 0.0286144565790892 0.0160455103963614 0.0614484801888466 0.0423948872834444 0.0582513961941004 0.0236859045922756 0.0587630104273558 0.0418826499953866 0.16464179828763 0.117299224436283 0.0685954928398132 0.091500972956419 0.031358097307384 0.0488345958292484 0.0468029925599694 0.0294993821531534 0.0654720908030868 0.00510198944248259 0.00599188953638077 0.00647175959311426 0.00447815395891666 0.0107859817333519 0.00249862930504605 0.00362091597635299 0.0104154820786789 0.0294012133032083 0.0299793848767877 0.00255866487277672 0.00370588933583349 0.0141030170023441 0.027751805819571 0.0283410796895623 0.0546955037862062 0.02726168949157
0.037238972261548 0.0299160145223141 0.0295805156230927 0.0131739617325366 0.150162360817194 0.0228121784515679 0.0284833641722798 0.049538529291749 0.027565192244947 0.0224529430270195 0.0447963882237673 0.0259031496942043 0.0295313445851207 0.05179093927145 0.0451162790879607 0.021183483209461 0.02683190908283 0.0213212440721691 0.0276254765689373 0.0398365616798401 0.0278811702504754 0.0226121803745627 0.0282876659184694 0.0280240264721215 0.0167870829813182 0.0485130168497562 0.0671219006180763 0.0356864757835865 0.0143889513798058 0.0128220866899937 0.0217963701114058 0.0260941293090582 0.00939933832269162 0.0295359008014202 0.015924225654453 0.00738510189112276 0.00368251708569005 0.0188140518963337 0.0320539513602853 0.00262270693783648 0.00840086848475039 0.0102451053448021 0.00493699876824394 0.0265160659328103 0.022588262706995 0.026801192201674
0.032401449419558 0.0331570897251368 0.0294012239202857 0.0195925675332546 0.0442763760685921 0.0236161164939404 0.0241566768847406 0.0281354067847133 0.0232936413027346 0.0491587646305561 0.0102935730945319 0.0179606417194009 0.0613651223480701 0.873271998763084 0.0423401400446892 0.0282602112740278 0.0287865510210395 0.0271320560947061 0.0502972027286887 0.05654042288661 0.0285635506734252 0.0282958872616291 0.0286782614886761 0.0282453866675496 0.0137421530205756 0.0285842483863235 0.0431197987869382 0.0757748551666737 0.0361877551302314 0.0294519335031509 0.0288458153605461 0.025930898077786 0.0250301614403725 0.00912802265956998 0.00533448937349021 0.0284127363935113 0.00792484388221055 0.00876311191823334 0.0336819740012288 0.0278795581310987 0.00516675600083545 0.00474620130844414 0.00260457659023814 0.00257594195427373 0.00253222944447771 0.00247019801754504
0.0136738101020455 0.00622846842743456 0.0556165926158428 0.0299193261191249 0.0137880242429674 0.0252810411155224 0.0152444522827864 0.0171807459555566 0.0159120813012123 0.0279421044513583 0.0248062254860997 0.056519578024745 0.0190779310651124 0.0558019569143653 0.0872388677671552 0.0285236852243543 0.0446821607649326 0.01934047434479 0.0214466105215251 0.0602231305092573 0.0283431932330132 0.020078965742141 0.0287126203998923 0.0287039907649159 0.0265695929527283 0.036665371991694 0.0608051810413599 0.0591667901724577 0.0646494243294001 0.0292755270376801 0.0297456370666623 0.0246957801282406 0.0169094493612647 0.020351105928421 0.0304240623489022 0.0263022910803556 0.0303053138777614 0.0300561780110002 0.0301036488264799 0.0309009075164795 0.0292704751715064 0.0302429001778364 0.0155841493513435 0.0103535886621103 0.0070735476212576 0.00254934246186167
0.0997502572834492 0.0941178172826767 0.0238448370248079 0.0246589113026857 0.0315753417089581 0.0293294731527567 0.0273671045899391 0.0251044092699885 0.0245759459212422 0.0284577311947942 0.0243026468902826 0.0599586382508278 0.00679467155132443 0.0286131957545877 0.0289656409993768 0.0271023787558079 0.0562833052128553 0.0293527254834771 0.0288669366389513 0.0221266554668546 0.0508234106004238 0.0715202394872904 0.0222434256225824 0.0183698229491711 0.012564337067306 0.0173794136382639 0.0249848887324333 0.0319211298599839 0.14770990088582 0.037539629638195 0.0145585633814335 0.0264258731156588 0.0309368448331952 0.0227453490719199 0.0224625141359866 0.030642871838063 0.0288788745179772 0.0153954800684005 0.0203308155760169 0.00851083856541663 0.0294852279126644 0.0602883707731962 0.013748374581337 0.00269485564786009 0.00265277527505532 0.00177418912644498
0.0305014733225107 0.0254790579900146 0.0215308981016278 0.0145374030806124 0.0239136406220496 0.0198191751725972 0.0294685125350952 0.0240273931995034 0.0186169135384262 0.0170419970527291 0.0354402877390385 0.0495390396565199 0.00465386535506696 0.0558962266892195 0.0286469073966146 0.0287918960675597 0.0249977342784405 0.061721857637167 0.0357730288058519 0.0774167254567146 0.0172404709737748 0.0839584216475487 0.0892011098563671 0.0230215512216091 0.0319724526256323 0.0128956075757742 0.0654717035591602 0.0891430672258139 0.18459604755044 0.0447548676282167 0.0136658813804388 0.0300328215584159 0.0251478243619204 0.00849213227629662 0.0027396596968174 0.00503839480224997 0.00464659591671079 0.00269599594175816 0.00213427367853001 0.00312410572078079 0.00456893718801439 0.00773507377598435 0.0105354367755353 0.00582632105797529 0.00965088955126703 0.0123665952589363
0.0493184080347419 0.0188368786126375 0.0208747714757919 0.0306046813726425 0.0447779193520546 0.0203966048546135 0.0166902420111001 0.0167187809944153 0.0228428312577307 0.0169843200594187 0.0116270639467984 0.0268035179004073 0.0292560763657093 0.0290246779099107 0.0637229409068823 0.0884267590939999 0.0662600949406624 0.0207237143069506 0.0497245937585831 0.0498635571449995 0.044528779014945 0.182755497843027 0.058059742115438 0.0251188384369016 0.0240363172255456 0.045173073746264 0.0400863450020552 0.0115428846329451 0.0855795882642269 0.0740668777376413 0.209163671731949 0.0605639478191733 0.857333143055439 0.0858070868998766 0.00929911879356951 0.0049741955474019 0.00274030547589064 0.00313579019857571 0.00183344055549242 0.0261775142978877 0.011078227031976 0.0112927263835445 0.00346463938476518 0.00659226549323648 0.00430304734036326 0.0285886971279979
0.0369317449629307 0.0829218126833439 0.0326391316950321 0.0261314729228616 0.0545310087502003 0.029662156663835 0.0160979275591671 0.0171943260356784 0.021709865424782 0.0211055679246783 0.0270957237109542 0.0199825757183135 0.0237144352868199 0.0217917090281844 0.0349917208775878 0.0542296189814806 0.0232318514026701 0.00686770738102496 0.00813082966487855 0.0251778481528163 0.0542618121951818 0.0752275694161653 0.0449832860380411 0.0196960429660976 0.0436804918572307 0.100173487514257 0.0558521330356598 0.070282869040966 0.174869030714035 0.0956960778683424 0.16368386298418 0.434185234646061 0.106593277305365 0.0674413738772273 0.0613774236291647 0.0316540649160743 0.0177583229728043 0.00393512009177357 0.00515242414548993 0.00684762601740658 0.00470062822569162 0.0563469685614109 0.0701994270086288 0.0581607745960355 0.0308595654554665 0.0871138960123062
0.0440328203141689 0.0750562127679586 0.0337363144382834 0.0157580349128693 0.0151583587750793 0.0324525168165565 0.0310202244669199 0.0352722089737654 0.0342138407751918 0.0408463025465608 0.291547398269176 0.0101301148999482 0.0274717634543776 0.0149814338423312 0.00554713170276955 0.0111177647020668 0.0634715978056192 0.00556772331474349 0.0274245822802186 0.0251069745048881 0.0189333010464907 0.0243044096976519 0.0238466246053576 0.0280906364321709 0.0280370717868209 0.0279134154319763 0.0129619657527655 0.0159413572400808 0.0255994169041514 0.0222584961913526 0.013573556765914 0.0132997801527381 0.0699446938931942 0.0233908582478762 0.0190424178726971 0.0877921067178249 0.0700565084815025 0.0749078128486872 0.212179291248322 0.0323886288329959 0.0773299656808376 0.0453124050050974 0.0431979861110449 0.0493108369410038 0.036189067363739 0.0339892604388297
0.0880119509994984 0.0800013121217489 0.060240887477994 0.0662255056202412 0.0387341804802418 0.0424480158835649 0.0281739739701152 0.0622317735105753 0.014540875190869 0.0139436844270676 0.0223104853183031 0.0259928734973073 0.0254163552075624 0.0253013372421265 0.010573183465749 0.00588388531468809 0.0157505195587873 0.0176665222272277 0.0260287143290043 0.0254427304491401 0.0233162110671401 0.0348344089463353 0.0309551257640123 0.0263959583826363 0.0187974472530186 0.0129031959921122 0.0149680471979082 0.0287830268964171 0.0143737594597042 0.0229320947080851 0.0256660725921392 0.0179916065186262 0.0140218418091536 0.0183940645307302 0.013319297041744 0.0135324412025511 0.0213693914934993 0.0191179372370243 0.0199220326729119 0.0172687178477645 0.0203819837421179 0.0170577201060951 0.0197333369404078 0.0122569838538766 0.0161559402011335 0.00522528633009642
0.0947371780872345 0.072917016223073 0.0759690791368484 0.0312097089365125 0.0280632201582193 0.0324217658489943 0.0111502716783434 0.0273886349052191 0.0229733815416694 0.0290412353351712 0.0199918956495821 0.0613530673086643 0.00741482675075531 0.0151737592183053 0.0148572202771902 0.0179044646210968 0.060187366232276 0.0298867493867874 0.0178799971006811 0.0158954735845327 0.0708574499934912 0.0594629004597664 0.0401598833501339 0.0251670084893703 0.0241080911830068 0.0207879999652505 0.0254336046054959 0.0274341724812984 0.0164701666682959 0.00642690155655146 0.0105764304753393 0.0250079883262515 0.0228919876739383 0.0186427237465978 0.0213253826834261 0.0191074066795409 0.0149884196929634 0.0164774898439646 0.0196949697099626 0.0153476035222411 0.0181964091025293 0.00955019947141409 0.00957575184293091 0.0140951913781464 0.0128705964423716 0.0139868925325572
0.0481405036523938 0.0856874767690897 0.0403407586738467 0.036282461322844 0.046864602714777 0.206107865273952 0.036495460011065 0.0847196165472269 0.0279620045796037 0.00497932229191065 0.0981669746339321 0.0713195536285639 0.0546369597315788 0.0794807370752096 0.0888735789805651 0.0320218849927187 0.0306459514424205 0.0257231798022985 0.0272980449721217 0.0304194215685129 0.0221905290149152 0.0265900641679764 0.013392272638157 0.0283521527424455 0.0101438156794757 0.00293252986157313 0.0131869420409203 0.00998507784679532 0.0139515300281346 0.0168777344748378 0.0179508632980287 0.021576713770628 0.0205741963349283 0.0129672532901168 0.0103123030625284 0.0215849535539746 0.010354732722044 0.0142249456606805 0.014637004584074 0.0126895443536341 0.0111635506153107 0.0176872162148356 0.0115052125416696 0.0120660746470094 0.022318403981626 0.0234301418066025
0.0577205758541822 0.0479342672973871 0.0938648711889982 0.0383847700431943 0.0112544146832079 0.0295707708224654 0.0416153216734529 0.084089282527566 0.0576432976871729 0.110011702775955 0.0251796398311853 0.00238985521136783 0.0137683062348515 0.0103227104991674 0.0273461803793907 0.00713436449877918 0.0529687352478504 0.0338383363559842 0.0308168344199657 0.017491864040494 0.106980670616031 0.0620065372437239 0.0264957117848098 0.0568204576149583 0.0115235031116754 0.0155913580209017 0.0212969857268035 0.0205952470190823 0.0143511025235057 0.0124367249198258 0.035524595156312 0.0455113608390093 0.0166834274306893 0.00964817046187818 0.0101836336776614 0.0187252544797957 0.0171982359141111 0.0101872157305479 0.0202081819064915 0.0188987081870437 0.0131277690641582 0.0166870477609336 0.00900525725446641 0.00913799651898444 0.00917769665829837 0.0169425528496504
0.0803048044443131 0.0269596194848418 0.0401386542245746 0.0338303286582231 0.0425331296399236 0.0180919949896634 0.0342036757618189 0.037939951941371 0.0727855622768402 0.0934807438403368 0.0284164495766163 0.0109760714229196 0.0372688073664904 0.0045748075703159 0.0354426458477974 0.00431479363469407 0.00957744638435543 0.0400976035743952 0.0481756862252951 0.0283568604849279 0.052617609500885 0.142383183538914 0.00516277283895761 0.0231324975378811 0.0199078564532101 0.0224617881700397 0.0159753618761897 0.00794563093222678 0.00744124874472618 0.00697290543466806 0.00700161149725318 0.0146609331481159 0.0225177213549614 0.0219372188672423 0.0166819733567536 0.0106477457098663 0.0103107580915093 0.0196949558332562 0.0135313788428903 0.0136772589758039 0.0165378658100963 0.00881986799649894 0.00886801076121628 0.00880836616270244 0.00885224286466837 0.0127866673283279
0.0519453853368759 0.182138688862324 0.0414772504940629 0.0411774225533009 0.0395704125985503 0.26307223290205 0.0590493440628052 0.059469585493207 0.0824748165905476 0.0379167824983597 0.0698206022381783 0.0335365947335958 0.0275212107226253 0.032493769749999 0.0746946968138218 0.0175026580691338 0.0414273425936699 0.0233211183920503 0.0369759300723672 0.0451327499002218 0.00407167234807275 0.0128794924821705 0.026325005851686 0.0128454902675003 0.0242519440129399 0.0228487817570567 0.0203450745902956 0.0126651098020375 0.0146242601796985 0.0105920162517577 0.0177452764473855 0.0212586463429034 0.0235360780730844 0.0202041242271662 0.0169335648417473 0.0108836504630744 0.0171147554181516 0.0101391824893653 0.0173082417808473 0.00940036987885833 0.0183254922740161 0.0170410044491291 0.00855701137334108 0.00861236057244241 0.00865171356126666 0.00854729870334268
0.0253824133425951 0.029369261674583 0.0490789759904146 0.0288105059415102 0.0294002089649439 0.0962701052427292 0.042636439576745 0.0453438848257065 0.0844156041741371 0.0173373236320913 0.0171010843478143 0.0327147714793682 0.0395342413336039 0.0325970772653818 0.0654763635247946 0.0284616909921169 0.0802386250346899 0.0463894344866276 0.0166032918728888 0.0882687628269196 0.0060441937064752 0.0242132825776935 0.00377802372677252 0.0256717389449477 0.0222383165732026 0.0181535846553743 0.0222672607749701 0.0644714377820492 0.0291411811485887 0.00775372798088938 0.0425886353477836 0.0221276354975998 0.0483334340155125 0.0259323554113507 0.0548867095261812 0.0152645666152239 0.0136533790268004 0.0155299522913992 0.0173873040825129 0.0187542027793825 0.0194629524834454 0.0204456235282123 0.0220686802640557 0.0213063196279109 0.0199555753730237 0.0120587199926376
0.0309944031760097 0.0513470884412527 0.0294105743989348 0.015227741189301 0.0256811322644353 0.0396615695208311 0.0951510220766068 0.0378237809985876 0.0938702277839184 0.00691044714767486 0.0393183898180723 0.0213166337460279 0.0403387360274792 0.0950808018445969 0.0686420064419508 0.0331731194630265 0.0569786708801985 0.0316699611023068 0.0381618278101087 0.0430405637249351 0.0297442443668842 0.0164567068219185 0.0205318219028413 0.0219470703043044 0.0139482024125755 0.0181114082224667 0.022674089949578 0.0278048474341631 0.0276669558137655 0.0272208847105503 0.0151751878671348 0.018119475338608 0.0241088211536407 0.024571180716157 0.0191370834596455 0.0208134639076889 0.0145858906209469 0.0137820050120354 0.0286476708948612 0.0235995136201382 0.0279894476756454 0.0369996480643749 0.0130327614024282 0.0129639606922865 0.012495141569525 0.0168597937561572
