Maxent_result_files_2/B_balteatus_3.asc
NCOLS 594 
NROWS 330 
XLLCORNER -15 
YLLCORNER 23 
CELLSIZE 0.166666666666667 
NODATA_value -9999 
[rows 42 to 62 of 330, columns 432 to 479 of 594]
-9999 -9999 -9999 -9999 -9999 -9999 -9999 -9999 -9999 -9999 -9999 -9999 -9999 -9999 -9999 -9999 -9999 -9999 -9999 -9999 -9999 -9999 -9999 -9999 -9999 -9999 -9999 -9999 -9999 -9999 -9999 -9999 -9999 -9999 -9999 -9999 -9999 -9999 -9999 -9999 -9999 -9999 -9999 -9999 -9999 -9999 -9999 -9999
0.00268598549882881 0.00194704559398815 0.00423468938097358 -9999 -9999 -9999 -9999 -9999 -9999 -9999 -9999 -9999 -9999 -9999 -9999 -9999 -9999 -9999 -9999 -9999 -9999 -9999 -9999 -9999 -9999 -9999 -9999 -9999 -9999 -9999 -9999 -9999 -9999 -9999 -9999 -9999 -9999 -9999 -9999 -9999 -9999 -9999 -9999 -9999 -9999 -9999 -9999 -9999
0.00387871104467195 -9999 -9999 -9999 -9999 -9999 -9999 -9999 -9999 -9999 -9999 -9999 -9999 -9999 -9999 -9999 -9999 -9999 -9999 -9999 -9999 -9999 -9999 -9999 -9999 -9999 -9999 -9999 -9999 -9999 -9999 -9999 -9999 -9999 -9999 -9999 -9999 -9999 -9999 -9999 -9999 -9999 -9999 -9999 -9999 -9999 -9999 -9999
-9999 -9999 -9999 -9999 -9999 -9999 -9999 -9999 -9999 -9999 -9999 0.00307670154143125 0.00284696575254202 -9999 -9999 -9999 -9999 -9999 -9999 -9999 -9999 -9999 -9999 -9999 -9999 -9999 -9999 -9999 -9999 -9999 -9999 -9999 -9999 -9999 -9999 -9999 -9999 -9999 -9999 -9999 -9999 -9999 -9999 -9999 -9999 -9999 -9999 -9999
-9999 -9999 -9999 -9999 -9999 -9999 -9999 -9999 -9999 2.9208849633422e-07 0.00128496990946587 0.00338967235062171 0.00252684710052691 0.00640563122016167 0.00141838961280882 -9999 -9999 -9999 -9999 -9999 -9999 -9999 -9999 -9999 -9999 -9999 -9999 -9999 -9999 -9999 -9999 -9999 -9999 -9999 -9999 -9999 -9999 -9999 -9999 -9999 -9999 -9999 -9999 -9999 -9999 -9999 -9999 -9999
-9999 -9999 -9999 -9999 -9999 -9999 -9999 -9999 -9999 -9999 0.000655134354019538 0.00943370952422811 0.00344103678368354 0.00383325698817012 0.00444868229501765 0.00799282008206319 0.000490660220384598 0.00439549001166597 -9999 -9999 -9999 -9999 -9999 -9999 -9999 -9999 -9999 -9999 -9999 -9999 -9999 -9999 -9999 -9999 -9999 -9999 -9999 -9999 -9999 -9999 -9999 -9999 -9999 -9999 -9999 -9999 -9999 -9999
-9999 -9999 -9999 -9999 -9999 -9999 -9999 -9999 -9999 -9999 -9999 -9999 0.0036034376360476 0.0568775335792452 0.0123557184415404 0.00222743717604317 0.00224872724014809 0.00106203474969392 0.00421449030568795 0.00124792950227857 0.016859676851891 -9999 -9999 -9999 -9999 -9999 -9999 -9999 -9999 -9999 -9999 -9999 -9999 -9999 -9999 -9999 -9999 -9999 -9999 -9999 -9999 -9999 -9999 -9999 -9999 -9999 -9999 -9999
-9999 -9999 -9999 -9999 -9999 -9999 -9999 -9999 -9999 -9999 -9999 -9999 -9999 -9999 -9999 -9999 0.015690316259861 0.0307074000597696 0.0370966326445342 0.0172281087376441 0.00832181618316099 -9999 0.0288318771868944 0.00246546786215539 0.0169741290928911 0.0926573978747418 0.096911155525595 0.100619540642947 0.102726340200759 -9999 -9999 -9999 -9999 -9999 -9999 -9999 -9999 -9999 -9999 -9999 -9999 -9999 -9999 -9999 -9999 -9999 -9999 -9999
-9999 -9999 -9999 -9999 -9999 -9999 -9999 -9999 -9999 -9999 -9999 -9999 -9999 -9999 -9999 -9999 -9999 -9999 -9999 0.0019640921818791 0.00540518237442898 0.0436527837300673 0.0476275799795987 0.00229156751884148 0.0091785890981555 0.00466158876544031 0.0128803269471973 0.00866219068848295 0.00926249255430298 0.0108605748042986 0.0129019806162011 0.00737024365278166 0.0127649242524058 0.00337620392429441 0.00442382832826148 0.00215315643139023 0.00242568383256412 0.0134901661775041 0.00829803419183008 0.0590758378617465 0.0287911937106401 -9999 -9999 -9999 -9999 -9999 -9999 -9999
-9999 -9999 -9999 -9999 -9999 -9999 -9999 -9999 -9999 -9999 -9999 -9999 -9999 -9999 -9999 -9999 -9999 -9999 -9999 -9999 0.00497340284055099 0.000116597942546748 0.000806303654098883 0.00190391348442063 0.00442418968304992 0.00599573915824294 0.00431253825081512 0.00434850475285202 0.00712324993219227 0.00534482882812298 0.00801391949215855 0.00475314221827645 0.00743566916789859 0.00555963957449421 0.00516515825875103 0.00095989002204675 0.00552355953259394 0.00221218289989338 0.00102756698824749 0.0030575705292854 0.00487630071584135 0.00415843941736966 0.00360173630760983 0.00528586531110395 0.0661286094924435 -9999 -9999 -9999
-9999 -9999 -9999 -9999 -9999 -9999 -9999 -9999 -9999 -9999 -9999 -9999 -9999 -9999 -9999 -9999 -9999 -9999 -9999 -9999 -9999 -9999 0.00110251895231066 0.00199067865614779 0.00390586816938594 0.00487422419246286 0.00372637796681374 0.00336545428144746 0.00436501065269113 0.00521161118522286 0.00530820213025436 0.0056981363799423 0.00535847347928211 0.00152431878954329 0.00605924448464066 0.00480367942946032 0.00414848583750427 0.00223230228878459 0.00364403409766965 0.000939672465043528 0.00252037784084678 0.00202520491438918 0.00163018790335627 0.00138757353706751 0.00127953227492981 0.00070423371660695 0.00038182960706763 0.0149986932054162
-9999 -9999 -9999 -9999 -9999 -9999 -9999 -9999 -9999 -9999 -9999 -9999 -9999 -9999 -9999 -9999 -9999 -9999 -9999 -9999 -9999 -9999 -9999 0.0360988022293895 0.000262592214562463 0.00183648839592934 0.00212582418462262 0.00403450124431401 0.0056457775644958 0.00148628425135877 0.0047668723273091 0.00437643507029861 0.00387261726427823 0.00455236278939992 0.00433607035083696 0.000520756663353339 0.00385410241433419 0.00355613526771776 0.00285352961509489 0.00225149633770343 0.00173502148827538 0.00143375449333689 0.00121384429003228 0.00106658219883684 0.00258579970395658 8.13795350040891e-07 0.00143344085949479 8.72521853376163e-05
-9999 -9999 -9999 -9999 -9999 -9999 -9999 -9999 -9999 0.00785794565454125 0.00162444829475135 0.0023799785412848 0.00149592034867965 -9999 -9999 -9999 -9999 -9999 -9999 -9999 -9999 -9999 -9999 -9999 0.00895732653884431 0.000653757532563759 0.00139749780501006 0.00188245986937545 0.00204315822629724 0.00223758476204239 0.0026156850712141 0.00258480416378006 0.00338740705628879 0.0034432688029483 0.00418563626008108 0.00296284343348816 0.00260292424063664 0.0024482695851475 0.00251955720887054 0.00224657682119869 0.0018354965839535 0.0014460231832345 0.00124066196367494 0.00105540544136602 1.53543135184009e-07 0.000182763879640779 0.000762538280832814 0.000730879861657741
-9999 -9999 -9999 -9999 0.0746231457218529 0.103133018850349 0.0205149210990381 0.000512155873002484 0.000305223162285984 0.000560585554922 0.000152989663183689 0.000110589450923726 0.000212216621730477 1.17104048058536e-07 0.084634705716022 -9999 -9999 -9999 -9999 -9999 -9999 -9999 0.0222342029679637 0.00020346982866305 0.000494080755743198 0.000885318018482495 0.00117685676959809 0.00114100008540845 0.00118985308872652 0.00139269614373916 0.00159648918925086 0.00171268589183455 0.00197182735719252 0.00184433040558361 0.00185401924973121 0.00158834068788565 0.00174334668190568 0.00181614171015099 0.00167446441264474 0.00158364978706231 0.00149241078834166 0.00139424026529014 0.00121869133145083 0.00109447784961958 0.000972681915663998 0.000934172951747314 0.000776568176115688 0.000623482208175119
-9999 -9999 -9999 0.0196153491189619 0.0123354341834784 0.0150444224476814 0.0117450579069555 0.00159949366934611 0.00277771097607914 0.00169953252307674 0.000431159703293871 0.000660342472838238 0.000891834811045555 -9999 -9999 -9999 -9999 0.00690552173182368 0.000335971836466353 0.00108241826383164 0.000967121942085214 0.00102790459495736 0.00111000338802114 0.00126861629687482 0.00127383189392276 0.00110660119171371 0.0010943705074169 0.00110768623708282 0.00108010380390624 0.00110820930676709 0.00129144189340877 0.00137489796325099 0.00148566396674141 0.00133650877942273 0.00124833701665921 0.00157101268996485 0.00170230373187223 0.0019461832169327 0.00168878457843675 0.00156281773233786 0.00148362064355751 0.00129630126029951 0.00114066940659541 0.00108582042739727 0.000980250105567393 0.000830047872659634 0.00072487546785851 0.000634827437897911
0.00331006997730676 0.00143349337746277 0.00175314155108082 0.00207175641553765 0.012050659628585 0.015142285451293 0.0129671487025917 0.0109107678290457 0.00738349966704845 0.00520936795510352 0.00454484929796308 0.00384238476399332 0.0703391696093604 -9999 -9999 -9999 -9999 0.00486816558986902 0.000136228194066024 0.000878384230600204 0.00102669079351472 0.00113872578658629 0.00135076119040605 0.00121199391505797 0.00123813001773669 0.00128340393930557 0.00121935696224682 0.00115137136435806 0.0011612338703344 0.00109077552915551 0.00109413851150748 0.00111973101429612 0.00118344582151622 0.00106468686808512 0.00107896532354061 0.00120054698381864 0.00138837460508512 0.00153572738490766 0.00162256745315972 0.00201679286838043 0.00171011507190997 0.00152263367344858 0.00133073771648924 0.00112416610136279 0.000911349641683046 0.000776115182816284 0.000698913377709687 0.000627622449792398
0.00395267417188734 0.00166008245432824 0.00792392771691084 0.00864963573403657 0.00995218125171959 0.0095310450065881 0.00458774224389344 0.00612850438337773 0.00548357446677983 0.00475389696657658 0.00427801023470238 0.00389785985462368 0.0038042280357331 0.00319756551180035 0.00205760132521391 0.000162280467702769 0.00012936239327247 0.00113597921736073 0.00109470741736004 0.00112239874142688 0.00111482784850523 0.00141908349469304 0.00166946812387323 0.00176263312896481 0.0017335614458716 0.00189494121295866 0.00177510357025312 0.00169228075392311 0.00148898795268906 0.00131059718041797 0.0013133978982296 0.00129947054247168 0.00122186208191124 0.00103232265587394 0.00105360066454523 0.00123770051759493 0.00145382433729537 0.00158599358765059 0.00157584949702141 0.00145747388742166 0.00122761340790021 0.00113130108147743 0.00101430112736125 0.000898614669677045 0.00085589471491403 0.000735849552620493 0.000655652524619654 0.000578934097575257
0.0085313803050667 0.00695182421477511 0.00592150622978807 0.00528631974593736 0.0048927356954664 0.00158054498024285 0.00366926205460913 0.00312485418398865 0.00276550913113169 0.00336736311437562 0.00312400896800682 0.00146987603511661 0.0029231914668344 0.00301543220411986 0.00240230244235136 0.000385121711587999 0.00106320672202855 0.00118360400374513 0.00122629007382784 0.0015186217482551 0.00171023877192056 0.00160855000140145 0.00154160423844587 0.00134422395567526 0.00125165785866557 2.87394026100007e-05 3.06199332555934e-09 4.93172169768741e-13 2.83586678051506e-07 2.47555690293666e-06 0.00150199983836501 0.00134486370534432 0.00128658884368633 0.00113933413049381 0.00104708008107082 0.00118029850418679 0.00135498115414521 0.00141080721587059 0.00129693074704846 9.88584197330056e-06 1.60622875000627e-09 7.01454268892121e-08 0.0010251299761876 0.000960038762059412 0.000870549163664691 0.000740273044721107 0.000590815331088379 0.000509477193736529
0.00909265566151589 0.00696988325798884 0.00551619555917568 0.000104375102317267 0.000927228643558964 0.00394483811687678 0.00336406528367661 0.00303636130993254 0.00253247577347793 0.00219803068903275 0.00198349543497898 0.000536943165934656 1.15307206215221e-05 4.00093658754486e-06 0.000583131035091355 0.00176718896836974 0.00137922432841151 0.00133772583940299 0.00134480676861131 0.00118729478563182 0.00116067716844555 0.00123102112338529 0.00111243789324362 0.00105744274023891 0.0010971443647577 2.44687811515876e-06 0.00111396779575443 3.05944958256532e-09 5.84101229605949e-09 0.00138076409093628 0.00145719591673696 0.00142254932998185 0.00141903115872992 0.00133556798991776 0.00119365644527534 0.0012838093231494 0.0014699598504194 0.00155250701354817 0.00153024721657857 9.49589666561224e-06 7.62200301769322e-06 0.00133552628212783 0.00116638040381076 0.00109003357174515 0.000878766554160393 0.000733228794342722 0.000511784669106419 0.000429526533389435
0.0070292167365551 0.00333705719616488 0.00538946807500906 0.00447356485237833 0.000931750683230359 0.0036276131431805 0.0030936568742618 0.0026187134324573 0.0020877082759398 0.00181884164485382 0.00153831522038672 0.00145357865549158 4.07081621233374e-05 5.83855112990306e-05 0.00214447565667797 0.00183237992896466 0.00144836082981783 0.0011577331872104 2.08704522636549e-05 0.00107679289067164 0.00115410148318915 0.00114760275828303 0.00105772366605379 0.00106472660663712 0.00101322473765322 0.00109241634327191 0.00108408345022326 0.00112394883472007 0.00117999140456959 0.00122563653767429 7.94135534827323e-06 0.00136444936742919 1.21943971862493e-06 4.63410793379859e-06 0.00124346422207964 0.00133124309022605 6.7111907810613e-06 1.07037803750321e-05 0.00151314351460314 0.00142901852141222 5.68277382626548e-06 0.00132937684556964 0.00110817923468858 0.000977291811250325 0.000704919284544303 0.000554400337296101 0.000474639282401768 0.000342526238318897
0.00010085658628195 0.00413303468667436 0.00072406038088958 0.000754849283839576 0.000684412989357952 0.00268367567477981 0.00224498256720835 3.47447054351857e-06 0.000346386861201609 0.00173093330522534 0.00145739330473589 0.00138372970541241 0.00125647314125672 0.00118990308546927 0.00131089601491112 0.00114732835427276 0.00108135554510227 1.18601122332196e-05 1.36851741636135e-05 1.52951660226108e-09 6.0104543564421e-11 0.00104244288249902 0.000987980596801208 0.000901489083480556 0.000929854820060427 0.000961271092273819 0.00100802414308419 0.000997882890078472 0.00104131542493633 0.00103429502405561 0.00093531864695251 2.88795661163022e-08 9.96068042180554e-07 1.75482250952541e-10 1.64400715263469e-12 7.84095011141517e-13 8.13735354654455e-09 0.000568038023448048 0.00163185378660273 0.00160913733488997 9.02278141090562e-11 0.00141776010987087 9.74912039986009e-11 0.000808077211422642 0.000672950992429833 0.000572312611257075 0.000377496878581951 0.000379782327763678
