Maxent_result_files_2/B_balteatus_3.asc
NCOLS 594 
NROWS 330 
XLLCORNER -15 
YLLCORNER 23 
CELLSIZE 0.166666666666667 
NODATA_value -9999 
[rows 168 to 188 of 330, columns 240 to 287 of 594]
2.16080617843062e-09 1.36109745696444e-10 8.93604279461613e-10 4.71444006056032e-10 4.50284254327471e-13 2.15416573468019e-13 3.53872486869022e-13 4.29722923911413e-13 4.04964950462272e-13 4.32542890393961e-13 7.57593987543714e-12 2.66459410092068e-11 5.46984303406717e-09 4.38742095987266e-09 3.36049477097644e-06 2.22805951133331e-08 7.36721794680761e-13 4.97250307596175e-10 1.99883094853526e-08 6.74550153512143e-09 4.30144198885207e-06 4.00790511889682e-15 1.93397760250846e-08 1.11822628934277e-10 7.72140612548267e-07 1.09162678896269e-12 1.58667146088476e-10 2.60558241094166e-08 7.95907784123528e-13 4.37026433346421e-06 1.52773684369834e-08 4.84390305643956e-13 5.75062220065092e-13 6.29118979134091e-13 8.88178419700125e-17 6.91102730598914e-13 5.35517585831258e-10 1.10310224954446e-08 4.32986668741364e-10 0 1.17662546372799e-12 1.49291690121345e-12 1.82298620643451e-14 1.66660019118581e-12 2.1094237467878e-16 1.471300858924e-12 1.57900359454288e-12 1.67383884530636e-12
2.40940600804151e-13 1.20061049990738e-10 0 2.65740408567083e-08 6.38766817218084e-13 3.33173399980069e-10 5.03330710444061e-13 4.28068691604722e-13 4.30455671107666e-13 2.59982047001728e-10 2.77316347663259e-10 3.99116849569836e-09 1.49084119493992e-09 1.11022302462516e-17 5.97444316241536e-13 6.25133278475687e-13 7.37143679430119e-13 7.14783787714168e-13 6.41553477009893e-13 5.88884496721676e-13 6.70419275650147e-13 6.0892402231616e-13 1.4432899320127e-16 7.73825448163734e-15 9.32043331403065e-13 8.80083224075179e-09 2.75738118116209e-08 1.00586206031039e-14 1.03062003375953e-13 7.99396830930554e-06 1.05158437513353e-11 5.46396261569271e-12 7.62003070642336e-09 1.77631198639006e-10 5.05373520809371e-13 5.50803846977033e-13 8.38448754869603e-11 4.24442845314843e-09 4.07446298922309e-12 2.90157675664204e-11 5.84784167756425e-09 1.18853815678222e-12 2.22044604925031e-17 1.44539935575949e-12 1.47866163757726e-12 1.44969591886479e-12 2.05153005694569e-10 1.0477333489689e-08
1.76070463764333e-09 2.17426077142591e-12 1.44698697468471e-12 3.85202980623944e-12 7.54951656745106e-15 5.84265968939235e-13 4.65516514225328e-13 3.79329900823677e-13 3.79274389672446e-13 3.87667675738612e-13 2.43654252329861e-10 3.93407528775924e-13 1.23624709025272e-08 8.95128415834279e-12 3.83257448000052e-10 6.2032601277906e-13 3.7939271724241e-10 6.2932992150877e-13 7.27875537620548e-12 0 3.85709242323173e-12 5.29121191306103e-13 6.53865850352986e-13 8.76398953408852e-13 6.78947642551719e-10 1.09330322572987e-12 7.51434470203094e-12 7.47202300033223e-13 5.16231501990205e-13 2.132119941467e-06 4.3059111831667e-12 5.98959437603241e-11 2.98658098252247e-10 8.91886605680625e-09 3.1037039605053e-10 5.97299987248334e-15 7.66009478070373e-13 5.36306743459392e-10 7.81931936755242e-08 2.83451040417049e-13 0 0 0 0 9.68336522078062e-14 2.22044604925031e-17 0 8.89344153875982e-13
1.97175609173428e-14 2.22044604925031e-17 1.09766640221665e-12 7.58282325818982e-15 3.62987018220906e-10 5.78426195829707e-15 2.92960233849726e-10 5.72599745396474e-12 3.82449627522874e-13 3.94406729498087e-13 7.18047399317356e-11 7.7715611723761e-17 3.59712259978551e-15 2.96229440976958e-10 5.5486808148153e-09 1.56751811530853e-10 7.4705071679837e-07 1.58673655659136e-08 3.042014418142e-10 1.32963297851951e-06 3.55228256809781e-09 1.39598839155042e-08 4.32098801184111e-14 7.77000686014162e-13 1.8596535422688e-11 8.61944871033415e-10 1.60268465165814e-11 1.39220657224826e-10 4.56834570172759e-13 2.19743123697214e-10 1.99211680484979e-10 5.69228553182199e-11 4.34197122700652e-13 6.51334541856841e-13 6.52432455838792e-09 4.90070839465062e-10 2.47245900641957e-08 5.20704257489513e-11 1.5158661756387e-06 1.18278387084558e-10 6.66133814775094e-17 1.01030295240889e-15 2.22044604925031e-17 0 0 1.19571019752129e-14 0 0
6.78977463142161e-10 1.03834718601092e-12 1.08633324558127e-11 3.71642849827936e-10 4.57411886145565e-15 4.32975877373565e-13 2.32868879734838e-10 2.35052344255138e-10 3.27848859171809e-13 2.16048523515866e-10 3.77331499379352e-13 6.78441636203786e-11 2.8761784065523e-10 3.29021598854951e-10 5.78925796190788e-13 4.12232903368448e-10 3.7287342102843e-10 5.21238607831265e-13 3.20521387209283e-14 5.88417325864121e-08 1.26683108447878e-11 2.59792187762287e-15 6.8349525995659e-07 7.0224936976615e-13 1.04817265977886e-12 1.45461420686388e-12 1.06487041406922e-12 3.53163942534707e-11 5.23525667261993e-13 3.26494387081766e-13 3.33066907387547e-17 3.15591996979947e-13 4.47830661443049e-13 7.65165708571658e-13 9.03555008591184e-13 5.47153533592137e-10 6.73468814049727e-10 7.66089358616995e-10 5.50559597911615e-14 7.70243036019025e-10 1.42615708131899e-10 0 1.00589969409537e-07 4.9237458554785e-11 0 6.51700915454967e-15 6.73127553696418e-11 2.49134046725885e-14
2.97352464873057e-10 4.77395900588817e-15 1.80877535171931e-13 4.12603284871693e-13 3.36397576461422e-15 2.08178818628113e-10 3.75177666711579e-12 1.54232004945243e-10 1.93675842030672e-10 1.8724171102491e-10 3.73301389799963e-13 7.74857955576636e-11 2.94150492852197e-10 3.86260445850439e-10 6.03062044746139e-13 1.11022302462516e-17 6.46149800331841e-15 2.59172627803395e-10 2.22044604925031e-17 1.85392068363655e-10 8.17771396155464e-09 1.92929872078196e-10 2.66956479144653e-10 6.68731736652717e-13 5.56727042244631e-10 5.97094806931153e-10 9.19453402303816e-13 5.3892789120269e-10 1.11022302462516e-17 2.82818213293012e-13 8.35320701497721e-13 1.93178806284777e-15 7.6957329397942e-13 6.80264478081227e-10 1.19815268817547e-12 1.16440190822686e-13 8.1594755840797e-09 1.0990945487066e-09 2.22044604925031e-17 2.13995599018801e-11 7.67831398462704e-10 1.23371313165421e-12 2.99760216648792e-16 5.87496717940894e-13 1.54731782942008e-13 2.74091914720387e-09 2.05391259555654e-15 3.73967100419925e-07
2.97210034361228e-12 2.22664251803284e-07 9.41357339223625e-07 1.11016240644801e-10 1.93633997724874e-13 1.91128623960868e-07 1.90545484946014e-09 1.54321000422897e-15 1.78268511064061e-13 4.88498130835069e-16 2.06676065150901e-10 3.49720252756924e-15 2.65937760701718e-10 1.33226762955019e-16 3.63465524344519e-10 1.11022302462516e-16 4.22994972382185e-15 3.77475828372553e-15 1.11022302462516e-17 3.1863400806742e-15 4.44089209850063e-17 2.10701811553804e-10 5.55111512312578e-17 1.22124532708767e-16 6.50590692430342e-15 7.8381745538536e-15 6.43929354282591e-15 5.17419440626554e-12 4.57411886145564e-14 7.7715611723761e-17 7.71716024416946e-13 9.04143426794235e-13 5.25124943528965e-10 1.20068399667161e-12 1.88737914186277e-16 1.66043847116271e-08 8.73494533037977e-08 2.57404098036318e-11 1.81206388560895e-08 2.69379991779672e-07 7.76560404869286e-10 1.36676225892529e-12 9.19839038102666e-06 8.77405841281931e-07 6.30061904871582e-09 7.43332928543339e-10 1.46660128486076e-11 5.27320168641765e-09
6.09092554171298e-11 3.57927359007082e-07 4.85833595575969e-14 5.95745675013859e-13 2.44249065417534e-16 7.10875802667488e-13 1.09912079437891e-15 1.11022302462516e-17 1.02312933680793e-09 8.32667268468867e-16 1.47335543765337e-10 6.5608241062165e-11 5.96033222777237e-12 9.37028232783632e-14 3.01575930894415e-10 4.05231403988182e-15 1.11022302462516e-17 3.68594044175552e-15 9.99200722162641e-16 3.26405569239796e-15 3.26405569239796e-15 3.5527136788005e-15 4.10782519111308e-15 4.82947015711943e-15 0 1.68753899743024e-15 2.88657986402541e-16 8.09352584951739e-15 1.11022302462516e-17 1.11022302462516e-17 1.92871352222568e-10 1.11910480882216e-14 1.77635683940025e-16 2.56339394155702e-13 6.29207463909154e-11 1.26596511051957e-12 2.22044604925031e-17 1.15816245482847e-12 1.21291865440298e-12 1.27041710484832e-12 1.04359788255515e-08 1.22982735106802e-12 9.76800877960926e-09 6.93554569330956e-10 7.45066097707081e-10 9.42579347906758e-15 1.11022302462516e-17 7.14162062820378e-13
2.32991403947835e-13 4.73288075397704e-14 4.91606755304019e-14 5.04041253179821e-14 3.33066907387547e-17 0 7.24975635080227e-15 2.49093190518579e-09 5.44009282066327e-16 3.88578058618805e-16 1.81854531433601e-14 1.60604862742275e-13 1.13191139983204e-07 5.55111512312578e-17 8.32430790964622e-12 4.94493668234952e-11 3.00925950824649e-13 2.21345164419517e-13 2.09243733451103e-13 1.77219017238883e-10 2.53993492904669e-12 3.50830475781549e-15 4.04121180963557e-15 4.66293670342566e-15 6.0507154842071e-15 3.40594219494506e-13 8.21342993617691e-14 2.83106871279415e-15 1.1414869049986e-12 9.92650406317352e-14 2.04648742396785e-11 8.6255776965416e-10 1.26694210678124e-12 8.39004488106809e-10 1.56269552853416e-11 2.30006458323828e-10 1.32831523558252e-12 8.89988083230264e-13 9.30200361182187e-13 7.60169704960845e-13 1.72605152393146e-11 9.54702983335665e-13 5.97821792069908e-13 1.11022302462516e-17 8.24629253770581e-13 8.34632363222454e-13 8.01625432700348e-13 7.72548691685415e-13
5.33906252542238e-14 3.55156102194165e-08 4.39415170916391e-13 0 2.89602786196497e-12 5.0802806406125e-12 9.2938714502111e-10 5.55111512312578e-16 4.10782519111308e-16 5.88418203051333e-16 5.47117906535277e-14 1.35491617925254e-13 2.25375273998907e-15 2.29816166097407e-15 2.22044604925031e-15 1.41109346429857e-14 2.66453525910038e-16 3.49720252756924e-15 1.41164857581089e-13 1.02605768326214e-10 1.93178806284777e-15 2.51798581984986e-14 3.99680288865056e-15 4.69624339416441e-15 5.67323965583455e-15 5.99520433297585e-15 6.68354260824344e-15 8.77076189453874e-15 2.26707541628457e-14 2.22044604925031e-17 4.3593507204065e-08 1.60541580029872e-12 9.58317591948088e-10 6.94933721678836e-10 4.90184237644797e-10 5.61817259381314e-13 5.76938496976709e-13 5.04951636060014e-13 4.48607817560287e-13 5.06572561675966e-13 7.04014624375304e-13 7.73192621039698e-13 6.24456042430666e-13 1.11022302462516e-17 6.61304344617974e-13 7.42872430237185e-13 8.15947309718013e-13 8.31879010121384e-13
2.22044604925031e-17 1.11022302462516e-17 4.61120031047812e-13 7.25162951908942e-09 8.00470800754738e-15 2.0227708397158e-12 1.99840144432528e-16 0 1.88737914186277e-16 1.11022302462516e-17 3.55049323275125e-14 3.42759154392525e-13 5.60662627435704e-15 0 6.0436011750653e-11 0 2.66453525910038e-16 1.35447209004269e-15 2.46880293985896e-13 2.66453525910038e-16 1.20081722343457e-13 1.54332102653143e-13 1.72270997467194e-10 3.73034936274053e-15 3.17672388394641e-10 4.58237892075886e-12 1.11022302462516e-17 7.3107123688132e-10 7.89615595131465e-10 8.32667268468867e-16 1.13845599614137e-12 9.68480851071263e-13 4.37540670361614e-11 1.76276360175365e-10 6.9727557061583e-13 4.82958117942189e-13 4.56568116646849e-13 3.19488879796381e-13 3.01936253777058e-13 3.90076859702049e-13 4.9880100050359e-13 6.64224231172739e-13 6.18838313926062e-13 6.97353286227553e-13 7.24886817238257e-13 8.05688848970476e-13 8.74489369806497e-13 9.31921206870356e-13
4.32986979603811e-16 3.41782158130854e-13 1.7430501486615e-15 4.33830749102526e-13 5.55111512312578e-17 3.05466762995366e-13 9.38569266750733e-10 1.78215331381182e-11 1.92926807862648e-10 1.67532654415936e-14 1.75304215588312e-14 2.27595720048157e-14 1.85518267414864e-14 3.77475828372553e-16 1.11022302462516e-17 7.99360577730113e-16 0 0 9.18709552877317e-14 1.08801856413265e-15 9.18487508272392e-14 1.11022302462516e-17 0 2.92541058044549e-10 3.58602036953926e-15 3.86957990589076e-06 5.31952237814437e-10 6.55946508221206e-10 3.10526125923971e-08 6.94131108147644e-10 7.69129604449859e-10 5.96716542844433e-10 7.99926791472672e-13 6.70730138097042e-13 1.11022302462516e-17 3.21964677141295e-16 4.60231852628112e-13 3.64430707833208e-13 3.94961841010399e-13 4.74298378350113e-13 5.26634291730943e-13 5.33528776713865e-13 6.02218275247424e-13 7.18358705853461e-13 8.08564326604255e-13 8.73412453472611e-13 1.11022302462516e-17 9.51372314261789e-13
4.90991691748377e-12 3.51085827077213e-13 3.83026943495679e-14 1.47659662275146e-15 7.74935671188359e-15 1.33226762955019e-16 2.44249065417534e-16 5.80117039516992e-08 9.99200722162641e-17 1.04249942012302e-14 1.17794662912729e-14 1.08801856413265e-15 9.07052211118753e-15 2.29816166097407e-15 3.44169137633799e-16 0 0 0 6.93001211971023e-14 0 0 1.47659662275146e-15 0 7.49289519319518e-14 2.95319324550292e-15 4.68303174017137e-13 6.49480469405717e-15 8.58202398035246e-15 2.58639268890803e-09 8.77076189453874e-15 9.62629975731488e-13 1.0502709812954e-14 7.63433760653243e-13 7.13407111163633e-13 5.85211878956215e-12 2.33638997038099e-11 5.81756864903582e-15 4.69624339416441e-15 5.01820807130571e-13 4.86555240541975e-13 5.80324677201816e-13 6.01863003879544e-13 6.5349947675486e-13 6.8219874194142e-13 8.70947758357943e-13 9.50239886776671e-13 1.02308161942233e-12 1.05349062806681e-12
1.34743777399082e-06 2.85366064112225e-11 5.40479838662122e-10 1.10245146345278e-14 2.16160422894518e-14 3.84736686953602e-13 4.34685620831488e-13 2.67375011020476e-13 3.0918991589246e-09 6.66133814775094e-17 0 4.31321645066873e-14 9.58191304079037e-12 1.67250657767681e-12 1.70265690435656e-11 0 5.99520433297585e-16 0 0 1.00042196748973e-13 1.0325074129014e-15 1.14940412743181e-10 2.95763413760142e-14 1.93178806284777e-15 1.99840144432528e-15 3.60023122425446e-13 6.01740879346835e-15 7.57172102794357e-15 6.36480268489947e-10 1.11022302462516e-17 8.63009663731873e-13 7.97018007148154e-13 8.11184452942371e-13 6.81388279133444e-13 5.95545834869426e-13 5.66624525077941e-13 6.18394224716212e-15 3.33066907387547e-17 5.66469093854494e-13 5.33628696786081e-13 6.20103968174135e-13 6.66633415136175e-13 7.10176362161974e-13 7.37931937777603e-13 9.8335783960124e-13 1.08698605671975e-12 1.09620090782414e-12 1.11241016398367e-12
6.13220407785775e-09 2.50747200780665e-12 5.71288572004391e-12 0 0 0 5.98809805074652e-09 0 0 6.66236066315662e-11 5.51003687121465e-14 0 0 0 9.82336434418585e-12 2.2726265314077e-14 0 6.16506845574349e-14 0 8.71414052028285e-14 0 0 1.72428737954533e-13 1.34070532453734e-13 3.33066907387547e-17 3.1229463459681e-13 4.19908552373727e-13 8.31557045444242e-15 7.77222730619087e-13 2.38176556477399e-08 7.7706729939564e-13 6.43129993704861e-13 6.29141183594584e-13 6.38133990094047e-13 6.30762109210536e-13 6.6490146721776e-13 6.16950934784199e-13 0 1.11022302462516e-17 1.1703996660728e-10 5.39313038672162e-13 7.24875715008011e-13 7.72615305066893e-13 9.90241222353916e-13 1.10669251540685e-12 1.27152732787295e-12 1.33160149573541e-12 1.33633104582032e-12
1.38883313738347e-09 7.5235040419841e-12 1.0635936575909e-14 2.07058178602892e-08 9.15933995315754e-15 2.34146035893446e-14 5.50670620214078e-15 1.99840144432528e-16 2.51550880125961e-10 3.51790230834759e-08 2.72537681311746e-10 7.7715611723761e-17 6.62803145701218e-15 2.22044604925031e-17 0 1.69864122767649e-15 3.10862446895044e-16 1.11022302462516e-17 1.16573417585641e-15 1.53210777398272e-15 1.56580304278009e-12 1.58761892521397e-15 1.53210777398272e-15 0 1.22124532708767e-16 4.44089209850063e-17 4.60087523634911e-13 1.10230713445958e-11 6.84108325543775e-13 6.69664323993402e-13 6.17295103921833e-13 6.05215877413912e-13 5.40556488459742e-13 6.98330282489223e-15 7.29050153580602e-13 6.4422911449924e-13 5.69222446955564e-13 5.47639711356851e-13 5.65791857809472e-13 8.42617087215558e-12 5.13655784573075e-13 5.90161253199994e-13 7.4114048231877e-13 9.79150094337911e-13 2.22044604925031e-17 1.51209045284872e-12 1.43064449176222e-12 1.38672406890805e-12
1.53987241469089e-07 3.21475681630545e-09 5.56387602657082e-11 4.25894397235727e-06 5.6710192097853e-14 1.43207667946399e-13 6.65922872400415e-13 2.52020626589911e-15 2.97561975060034e-13 8.52529158379411e-13 0 1.11022302462516e-16 0 6.80566714095221e-15 9.99200722162641e-17 0 0 0 2.10387263166467e-14 1.13642428800631e-13 2.8377300509419e-14 2.6018320831156e-10 3.47295525671143e-12 3.75255382323303e-15 0 1.11022302462516e-17 7.14792669498365e-12 7.33811418185404e-08 3.71520825215299e-10 6.11977135633879e-13 5.7566174049839e-13 6.35158592388052e-13 6.68354260824344e-13 6.9333427887841e-13 6.45061781767708e-13 5.91293680685112e-13 6.33015861950525e-13 6.74782452136924e-13 6.68598509889762e-13 6.3181682108393e-13 1.99840144432528e-16 6.45953290856482e-12 6.15862916220067e-13 8.79640804640758e-13 1.22947207970014e-12 1.56549218033319e-12 1.50702783585643e-12 1.43777212358032e-12
6.82735825874303e-08 1.38222766565832e-14 7.72904407142505e-10 1.97512108632836e-06 1.96459893686551e-08 0 1.44040335214868e-13 1.12500009308292e-12 1.66136818746665e-09 5.43658451590545e-12 1.791899961745e-14 0 7.24965643073006e-12 1.33226762955019e-16 1.55431223447522e-16 1.77635683940025e-16 4.21884749357559e-16 1.11022302462516e-17 7.66908758720319e-13 2.06182737549909e-10 4.87945158722525e-09 4.1000536299407e-14 5.55111512312578e-17 0 2.62789789928775e-14 5.84641952627862e-08 6.72795152922845e-15 4.70978811506484e-13 8.84160522574007e-12 5.42033085082494e-13 5.74706948697212e-13 5.20827825312153e-13 4.93372009913173e-13 6.10766992537037e-13 6.5794036885336e-13 3.03054248362855e-12 1.63680180520487e-13 6.65290045276379e-13 6.26143581428096e-13 6.24811313798546e-13 5.46684919555673e-13 7.54951656745106e-16 1.4432899320127e-16 8.38695779492582e-13 1.16590070931011e-12 1.42474920750146e-12 1.50435219836709e-12 1.38428157825388e-12
8.58202398035246e-15 1.09465503328465e-10 0 1.21125331986605e-14 2.14084305838469e-13 1.59094959428785e-14 1.30267796549788e-11 4.14457357322817e-13 1.63202784619898e-15 6.55031584528842e-16 6.70197231045222e-12 2.22044604925031e-17 1.32693855903199e-13 1.55431223447522e-16 0 2.89139823195228e-11 6.21724893790088e-16 1.053679365981e-12 1.0325074129014e-15 9.39861077853266e-11 2.67785793539588e-14 5.28466159721575e-15 0 0 1.96317206935248e-10 0 3.06421554796543e-15 0 0 3.88900023295946e-13 1.11022302462516e-17 4.80937512037372e-13 1.3141709942488e-13 5.70365976670928e-13 6.66033894702878e-13 1.11022302462516e-17 0 3.93074461868537e-13 6.16240392048439e-13 6.68787247803948e-13 6.52089493513586e-13 2.83106871279415e-15 1.99840144432528e-16 8.34898816748364e-13 1.00816022197137e-12 1.15476517237312e-12 1.25303101228269e-12 1.30556676580795e-12
2.02205141519585e-11 2.64198405486304e-08 0 0 3.44470407753761e-08 8.82738326879462e-14 4.44542183697383e-07 5.69022606811132e-13 3.08642000845794e-15 3.01758618093118e-14 9.99200722162641e-17 0 1.41631151251431e-13 1.84827486648942e-11 2.28905783217215e-13 3.3362201889986e-14 3.96238597488718e-14 7.89031062709e-11 8.32667268468867e-16 1.47659662275146e-15 1.75548542369341e-10 1.73483449827927e-13 1.28121457743102e-07 4.51422232927712e-12 2.33202346322514e-13 3.28137517158211e-13 0 1.55053747619149e-13 0 0 4.35984581770299e-13 5.47983880494485e-13 0 2.36077823956293e-13 4.70623540138604e-14 6.88971102391633e-13 4.53181936421743e-13 4.59443594280629e-13 2.04269934300783e-13 2.01838545876853e-14 1.40920608515671e-13 5.6621374255883e-16 5.31252819513384e-13 9.45898914750387e-13 9.33830790472712e-13 1.11022302462516e-17 5.74429392941056e-14 5.82591212605621e-08
5.55444579219966e-14 2.63803645594862e-11 2.27855134760091e-10 1.22124532708767e-16 0 1.85296222809939e-14 1.11022302462516e-17 8.88900064666132e-13 1.11022302462516e-17 2.17796891632815e-12 8.89943674309279e-13 1.14352971536391e-15 1.99840144432528e-16 3.47499806707674e-15 2.45261366771388e-11 3.85979470607367e-11 4.9960036108132e-16 9.03721542044877e-15 6.86243950553944e-11 1.10411679798972e-13 1.57551749424556e-13 2.71527245132575e-13 2.33535413229902e-13 3.02147196151736e-13 3.19466675335889e-13 2.44326781029258e-13 3.7194691770992e-13 5.584532836167e-13 2.26055750921494e-06 0 2.73669975570101e-14 5.87663251394588e-13 4.84723372551343e-13 1.11022302462516e-17 0 1.11022302462516e-17 -9999 -9999 -9999 -9999 -9999 -9999 -9999 4.6439868839343e-09 0 1.33226762955019e-16 0 1.4106878332143e-09
