Maxent_result_files_2/B_barbutellus_2.asc
NCOLS 594 
NROWS 330 
XLLCORNER -15 
YLLCORNER 23 
CELLSIZE 0.166666666666667 
NODATA_value -9999 
[rows 80 to 99 of 330, columns 368 to 413 of 594]
0.00123820402077399 0.00447585809743032 0.00509018176235259 0.0035508862696588 0.00322469893144444 0.00394499104004353 0.00320858537452295 0.0033815260278061 0.00267633104813285 0.00194374722195789 0.00517831707256846 0.00277340896427631 0.00426920473109931 0.00631975859869272 0.00546798908617347 0.002214065939188 0.0045018328120932 0.00312583134509623 0.00127885589608923 0.00231998009840027 0.00365882236510515 0.00229266367095988 0.00584818188799545 0.0056930412654765 0.00281549146748148 0.00255364635959268 0.0055543425027281 0.0025356461701449 0.00261249447939917 0.00375277849379927 0.00714348049368709 0.00358172175474465 0.00814184618648142 0.00496782284462824 0.00528633510693908 0.00360772269777954 0.00224507314269431 0.00253566140308976 0.0121804020367563 0.00740044000558555 0.00549529455602169 0.00217917258269154 0.00169997398625128 0.00583079936914146 0.00581409613369033 0.0066769132274203
0.00242903960170224 0.0132729762000963 0.00339753573061898 0.00470183196011931 0.00263150571845472 0.00285529738757759 0.00376207017106935 0.00256659693550318 0.00264624953269958 0.00340719107771292 0.00162693021120504 0.00313319439301267 0.0032747715478763 0.00216819545603357 0.00435105704236776 0.00345331905409694 0.00226718428893946 0.00348804875975475 0.00398252945160493 0.00400837433990091 0.00631690161535516 0.00160570947919041 0.00356234561186284 0.00337297251680866 0.00297979643801227 0.00271682974416763 0.00269008525647223 0.00344015827868134 0.00419173154514283 0.00337847850751132 0.00740428965073079 0.00267686633742414 0.0037928223842755 0.00421426628017798 0.00471355883637443 0.000786638850695454 0.00121674376423471 0.00506793644744903 0.015884190518409 0.0114854675717652 0.0140076410025358 0.00288620713399723 0.00192503104917705 0.00163625497953035 0.00230264779529534 0.00613350805360824
0.00192723213112913 0.000847720194724388 0.0067213409114629 0.00570013583637774 0.00289549945155159 0.001382409845246 0.00291433081729338 0.00312434409279376 0.00325366129400209 0.00343499552691355 0.00583139942027628 0.00406114017823711 0.00535231941612437 0.0062020925572142 0.000756254544830881 0.00119056178809842 0.00376390794990584 0.00211839933763258 0.00310963115189224 0.00329341181786731 0.00353316126856953 0.005799545138143 0.00111163959372789 0.000690823201148305 0.00302505964646116 0.00603548198705539 0.00386859275167808 0.00413241204805672 0.00382954839151353 0.00292000884655863 0.00230885615455918 0.00125989348161966 0.00317663971218281 0.00363773907301947 0.00256042405962944 0.00367310013389215 0.00633792218286544 0.00943926246836782 0.00817172010429204 0.00299391722073779 0.00542283889371902 0.00342437105719 0.00190902797039598 0.00396115002222359 0.00430365779902786 0.0055455788387917
0.00214138972805813 0.00329265610780567 0.00148807137156837 0.00185542381368577 0.00374383861199021 0.00377403241582215 0.00459380303509533 0.00344357629073784 0.00545089391525835 0.00180339685175568 0.00447422305587679 0.00485951278824359 0.00439431281993166 0.00407620011246763 0.00299829604336992 0.00401055564871058 0.00288874588441104 0.00433307013008744 0.00538461557589471 0.00274809010443278 0.00147543747443706 0.00147833262744825 0.0026916909875581 0.000763637459021993 0.000771778996568173 0.00113274373870809 0.0040919970953837 0.00184394633979537 0.00672431411221623 0.00534647873137146 0.00704643242643215 0.00438890791847371 0.00238621023308951 0.0032731628860347 0.00266129714436829 0.00307254906510934 0.00576162789948285 0.0037400129949674 0.00343926232890226 0.00362221794202924 0.00541669046506286 0.00700828763656318 0.00339211295358837 0.00290947960456833 0.00825469000265002 0.00570323553401977
0.00754455097485334 0.00598898646421731 0.00542317349463701 0.00201886924332939 0.00217925445176661 0.0020015511137899 0.0046374918310903 0.00465260660275817 0.0157965756952763 0.00740149372722954 0.00846912495326251 0.00597550284583122 0.00374977088067681 0.00733799079898745 0.00574263446033001 0.00601591455051675 0.00885263378731906 0.00153291750466451 0.00582212309818715 0.00196448666392826 0.00138792238431051 0.00130017970950576 0.00199036067351699 0.00352858835831285 0.00213277320144698 0.00126172061427496 0.00269668309483677 0.00317311955150217 0.00371496098814532 0.00286083782557398 0.00298076941398904 0.0021950799622573 0.00136825553781819 0.00404552058898844 0.0054180356208235 0.00305317854508758 0.00270859893062152 0.00647461356129497 0.00453478839481249 0.0069635072723031 0.0026566697168164 0.00767582906410098 0.00988948005251586 0.00866550779901445 0.0040073657350149 0.0156403184868395
0.00397454588674009 0.00560296976473182 0.00510776226874441 0.00497224873397499 0.00480754203163087 0.00483290661359206 0.00275665952358395 0.00334199063945562 0.00278225085930899 0.00768865752033889 0.00992076564580202 0.00739317126572132 0.00234645711025223 0.00448136602062732 0.00980829023756087 0.00227494642022066 0.00197291022632271 0.00507319464813918 0.00220846286392771 0.0017475753033068 0.00164456012425944 0.00433584654238075 0.00564246438443661 0.00621516788378358 0.00135756144300103 0.00345866805873811 0.0114420550409704 0.00495244910707697 0.00441227421397343 0.00314273464027792 0.00185239707352594 0.00136359859025106 0.00358132707187906 0.00172432416584343 0.00118128459434956 0.00899534709751606 0.021647983789444 0.00981224211864173 0.0116054465994239 0.00514202408958226 0.0141767608001828 0.0106484247837216 0.00349119433667511 0.0231872843578458 0.00683903458993882 0.00994939063675702
0.00947235790081322 0.00599977632518858 0.00414384782779962 0.0109392689075321 0.00210881233797409 0.000982987075258279 0.00383188461419195 0.00264899162575603 0.0054441218264401 0.00607461597537622 0.00748925167135894 0.0116031067911536 0.0110251491423696 0.00607863003388047 0.0082421709317714 0.011881884932518 0.0111260075587779 0.018791807629168 0.005271438928321 0.0126343174371868 0.00987034738063812 0.0052851056214422 0.00579243677202612 0.00312067662598565 0.00290276606101543 0.00575354595202953 0.00121907964639831 0.00626574662746862 0.00651146213058382 0.00378706797491759 0.00388177786371671 0.00369091216125526 0.00278753344318829 0.0020099270332139 0.00850658505223691 0.00663716178387404 0.00871877870522439 0.0104871584568173 0.00667221648618579 0.002005661156727 0.0103689829353243 0.0162225000560284 0.00440801823278889 0.0222175179515034 0.055577070498839 0.022877089958638
0.0024775582482107 0.00177295741159469 0.00283521394012496 0.00747997858561575 0.00948944657575339 0.0156810745596886 0.020065510366112 0.00727616180665791 0.0254114494775422 0.00422434026841074 0.0060963009018451 0.0198016113601625 0.0157639735378325 0.0194682145491242 0.00846006413921714 0.00956406970508397 0.00394170864019543 0.011145027121529 0.00569968952331692 0.0025627363123931 0.009301334945485 0.0104111431632191 0.00662056696601212 0.00182453932939097 0.00314769345568493 0.00249320618459024 0.00327612105756998 0.00797398691065609 0.00973278200253844 0.0079107420751825 0.0116919360123575 0.00880974211031571 0.00362179353833199 0.00398790966137312 0.0139265632373281 0.00884738764725626 0.00795759554021061 0.015175666147843 0.0109580186195672 0.00889744809828699 0.00811401871033013 0.00864909370429814 0.00738559504970908 0.0121055790223181 0.0164986908435822 0.0331424168311059
0.00831173285841942 0.00959896799176931 0.00606354642659426 0.00815484332852066 0.0110191536135972 0.0134652468375862 0.00584306004457176 0.00724246166646481 0.0031810492509976 0.00853751559043303 0.00355048454366624 0.00580374887213111 0.0127934013493359 0.00394453736953437 0.0348923118319362 0.119113909220323 0.0380474013043568 0.00331445710035041 0.0010951406089589 0.00876967892982066 0.0127169955521822 0.0064361898927018 0.0180394732393324 0.00946019785478711 0.00948223136365414 0.00483482463750988 0.0024232487718109 0.00328581596259028 0.01541952858679 0.00361245304811746 0.00766085685463622 0.00910692957695574 0.00649795783101581 0.00364480746211484 0.00560255357995629 0.00667958785779774 0.00530967593658715 0.0129716396331787 0.0101052034413442 0.00762264272198081 0.00364539767033421 0.000723084423225373 0.00191553416079842 0.00885888203047216 0.00519113666377962 0.0105665016453713
0.00588590810075402 0.0111821399535984 0.00602762850467116 0.00254106916254386 0.00372073620092124 0.00425562422024086 0.0104013609699905 0.0138208414427936 0.0126493738032877 0.0116135695949197 0.0197216504253447 0.00942535442300141 0.0157586077228189 0.0274334633722901 0.0200927228666842 0.0149319096468389 0.0212072411552072 0.0176381207071245 0.0117773131467402 0.0042361933272332 0.003411458467599 0.00162754694465548 0.00921353815938346 0.105207907152362 0.0188452066853642 0.012667825142853 0.00786227029748261 0.0142331741284579 0.00622798749245703 0.0255393799394369 0.00975505386013538 0.00436453040456399 0.0113655474968255 0.0122895248234272 0.0157997874543071 0.0161701664328575 0.0152997346129268 0.0201688086614013 0.020345879253 0.0109585259109735 0.00448259620461613 0.00295775362756103 0.0027861672337167 0.0125269751530141 0.00651119630783796 0.0093319091014564
0.00314976350637153 0.0127584105357528 0.00792580046691 0.00329349576495588 0.00261040079640225 0.00136380691837985 0.00386509236413986 0.0155923213809729 0.013534389808774 0.0148281551897526 0.00351108797476627 0.0115977608133107 0.0031446976470761 0.0185796643607318 0.0366933286190033 0.0201338325627148 0.00712406348902732 0.0210766295902431 0.0177404513582587 0.0200369759462774 0.0182434218004346 0.0214945837855339 0.00350591901224107 0.00362153857713565 0.0210753429681063 0.0184302652254701 0.0115071289008483 0.00306996692670509 0.00439848671667278 0.00451121700461954 0.0121691210661083 0.00856137522496283 0.0148181386757642 0.0152993531897664 0.0172829715535045 0.00358553712721914 0.00174303263629554 0.0049103579018265 0.00568364543141797 0.0143533364869654 0.0169719582423568 0.0331285236403346 0.0235061315819621 0.00901222620159388 0.00466758629772812 0.00439282604493201
0.00348460655659437 0.0139364885166287 0.00521418112330139 0.00393653450300917 0.00359033900313079 0.00231895577744581 0.00240868267137557 0.00470726434141397 0.00649343116674572 0.0123854788020253 0.0117182207293808 0.0132084843236953 0.0160785002168268 0.00635542820673436 0.0159741391427815 0.0219845590181649 0.0212968907319009 0.0230323078110814 0.0171623878180981 0.0639043176546693 0.0139631954953074 0.0136449436657131 0.00996917095035315 0.00830067419447005 0.0083259685896337 0.0167677861172706 0.00640232991427183 0.0046184346312657 0.00260851067723706 0.00603174213320017 0.0262975296005607 0.00933673521503806 0.0167484414530918 0.0151107253273949 0.00600912501104176 0.0020922883937601 0.00362386890919879 0.00376844833372161 0.00292960191145539 0.0407799392938614 0.0114982037805021 0.0123500506393611 0.00558479246683419 0.00870332475751638 0.00656710898038 0.011020668130368
0.00681280131684616 0.00274363143835217 0.00308048673905432 0.00481822669971734 0.00582086574286222 0.00341573994373903 0.00586648108437657 0.00578306682873517 0.00275701729115099 0.00676295068114996 0.010923710744828 0.0203240538015962 0.0156006385572255 0.0111272633541375 0.00952864880673587 0.0223933285102248 0.00895523950457573 0.0100819928571582 0.00987132699228823 0.00731150398496538 0.0073829855537042 0.00468086745822802 0.00245194507297128 0.00823982094880193 0.00261627587024122 0.00386301471153274 0.00537161249667406 0.0292024180293083 0.0125597525388002 0.0125570114701986 0.0133063156157732 0.00178523345966823 0.000791963227675296 0.00139662502333522 0.00180516410036944 0.0157508025411516 0.0323186751455069 0.0327224981039762 0.0276592314243317 0.00984911725390702 0.00374210615409538 0.0174497286556289 0.00321216318989173 0.00942813325673342 0.00622111733537167 0.00714628123678267
0.0066304299980402 0.00522412874270231 0.00431241884361953 0.00726754311472178 0.0105689903721213 0.00252177434740588 0.00260198801406659 0.00267684415448457 0.00636886120773852 0.00473442450165749 0.00415568534517661 0.0152619106695056 0.0223889520391822 0.00917988726869226 0.0123230677563697 0.0163191480562091 0.0120118814520538 0.0236639784649014 0.00414732466451824 0.00589170028688386 0.00582068332005292 0.00324308651615866 0.0500069603323936 0.0228094760328531 0.0114710751920938 0.00344380704918876 0.0102181668626145 0.0113365909084678 0.00828237277455628 0.00725077958777547 0.00378865815000609 0.00301674645161256 0.0020091891172342 0.00101410653733183 0.00558471567928791 0.00340779153630137 0.0115800425875932 0.00348161133006215 0.00239415532560088 0.00518520203186199 0.000887523591518402 0.00210900364327244 0.000999197521014139 0.00592987874988467 0.00297745192656294 0.00599813738372177
0.00624579975847155 0.00768750195857137 0.0066395330009982 0.0053271610988304 0.00532673369161785 0.00298273001681082 0.00251854347879998 0.00280860465718433 0.00272377897053957 0.00695744736585766 0.0034139133640565 0.00191358473966829 0.00803608354181051 0.012674217345193 0.00840508989058435 0.0129278399050236 0.0420259160920978 0.013196078594774 0.00345812732120976 0.00215429135132581 0.00734206340275705 0.0332668947055936 0.0195566040463746 0.0264433168806136 0.0262876816093922 0.0225578083656728 0.0150795693974942 0.0128623650409281 0.0136672127060592 0.0119768744334579 0.0102332974085584 0.00267211525933817 0.010048812860623 0.0128914067987353 0.0111055026762187 0.00965080219320953 0.0205404571257532 0.00345422762911767 0.00801266059279442 0.00248730363091454 0.00536373334471136 0.00883134906180203 0.00858782893046737 0.00312483185552992 0.00179239275748841 0.00482005418743938
0.0101116216741502 0.0101585879921913 0.00995720559731126 0.00349879935383797 0.00900077307596803 0.00574649493210018 0.00581408231519163 0.00305543362628669 0.00686510319355875 0.0120197802782059 0.00348362320801243 0.024412253126502 0.0132045690901577 0.0280732650309801 0.0376763118430972 0.0476963924244046 0.0438794089481235 0.00359837497817352 0.0439679745584726 0.033602406643331 0.0163259184453636 0.0255779651924968 0.0265825998038054 0.0451283449307084 0.0393450135365129 0.019922717101872 0.0204682596959174 0.0119488350581378 0.0059202526230365 0.00546951534925029 0.0131310743279755 0.0106946123298258 0.0111473516561091 0.0268093876540661 0.0186582930386066 0.00384411867707968 0.0215079992078245 0.0119396658148617 0.00226566609344445 0.0054978494765237 0.0201870358549058 0.0254790090024471 0.0211671189405024 0.0101149920839816 0.0122830444946885 0.0143146800808609
0.0132525499910116 0.00539159778272733 0.0146474850364029 0.0112382413353771 0.0234029876999557 0.0117972314823419 0.011757887294516 0.0130056907422841 0.0130375371780246 0.0108368925750256 0.0123447567690164 0.0140577306970954 0.023886987939477 0.0136955928988755 0.00513490345329046 0.00290603501489386 0.00637213776353747 0.00305243084440008 0.00312203031498939 0.0109365701209754 0.013305691909045 0.010781877534464 0.00536043114261702 0.0150540567468852 0.0305337730795145 0.0122281658928841 0.047199977375567 0.00751137426123023 0.00745525339152664 0.00715372359845787 0.0357167677953839 0.00728269701357931 0.0121258860453963 0.0402641480788588 0.00617129704914987 0.0147430316545069 0.0112905750516802 0.0297737513668835 0.0112570270430297 0.0143386404495686 0.01132710382808 0.00282696369104087 0.0169716907665133 0.028728917054832 0.020088417083025 0.0226532871834934
0.00452153014484793 0.00810250246431679 0.0358455922454596 0.0290000548586249 0.0288787486031651 0.0113385198172182 0.00632913580629975 0.00202107659424655 0.00533814616501331 0.00377119636395946 0.00477230389369652 0.0179417421109974 0.0308902396820486 0.0325185241177678 0.014265345595777 0.00447241314686835 0.00467751879477873 0.0068312746938318 0.00600022575818002 0.0190100377425551 0.0264592615887523 0.0114195671863854 0.0032596907694824 0.00488370882812887 0.0018208160152426 0.00426262854598463 0.806476648151875 0.805600524693727 0.0244697073474526 0.0263237506151199 0.00895934598520398 0.0253648862242699 0.0194474128074944 0.0135233946144581 0.0124596544541419 0.0112546122167259 0.0241000161506236 0.0226669576019049 0.0130300841294229 0.0156229771208018 0.0122437616810203 0.0312380265444517 0.0213941154070199 0.0434951132163405 0.0308774136938155 0.0272888635401614
0.0194447349756956 0.0113595936447382 0.0122720984742045 0.00399597559589893 0.0024719673790969 0.00148486393445637 0.00192415501805954 0.00147883220633958 0.0167942388448864 0.0133427091408521 0.0153031534980983 0.00441497901920229 0.01561808004044 0.0366614831611514 0.0141081017442048 0.0222026963718235 0.00845326555427164 0.0026661426294595 0.00262417736812495 0.0027526865247637 0.0129169232212007 0.00579090474639088 0.000902000156929716 0.00687254597432911 0.0027576849446632 0.0035140962805599 0.458372636511922 0.0771807309240103 0.0269129632040858 0.0240993233397603 0.0134378971066326 0.0139972569420934 0.0223504832945764 0.0200721285305917 0.00853226301260293 0.0104755479842424 0.00728462932165712 0.0153402979485691 0.0120699976570904 0.0255077557638288 0.0243089851923287 0.0265655424445868 0.0304923314601183 0.0276308367028832 0.0183483600616455 0.0101552327047102
0.0243896805681288 0.0478958045132458 0.0094064237549901 0.00619503821944818 0.00357982649002224 0.0364299606531858 0.00839235596358776 0.015682440623641 0.00286400989862159 0.00653502135537565 0.002055727809784 0.00773968347348273 0.0304409317672253 0.0136690928135067 0.00879965478088707 0.0182299455162138 0.0131489858031273 0.00871585509739816 0.00816527500282973 0.00619808221235871 0.0033447751251515 0.00214355409261771 0.0107022220734507 0.00156723747495562 0.00176808591349982 0.0392518520355225 0.0360533388331532 0.00212431925465353 0.00413877407554537 0.00918491373304278 0.00527494134148583 0.00862228064797819 0.0292447822168469 0.0263487601652741 0.0238917157053947 0.0188550473190844 0.0210190218873322 0.0281200893223286 0.0277232591062784 0.0293149905279279 0.0294912895187736 0.0289895938709378 0.0293170047923923 0.0189406839199364 0.0145772813819349 0.0435242167674005
