Maxent_result_files_2/B_balteatus_3.asc
NCOLS 594 
NROWS 330 
XLLCORNER -15 
YLLCORNER 23 
CELLSIZE 0.166666666666667 
NODATA_value -9999 
[rows 126 to 146 of 330, columns 384 to 431 of 594]
1.10189524171744e-11 7.05989711136112e-12 1.0855860654857e-11 5.58187052135395e-10 1.43945588781946e-10 1.34518396421868e-11 2.79776202205539e-15 4.09672296086683e-14 0 0 1.23234755733392e-15 6.45039577307216e-15 1.73194791841524e-15 4.98490138056695e-15 5.92859095149834e-15 1.02917674382752e-14 2.30926389122033e-14 1.6286971771251e-14 1.15796261468404e-14 7.38298311375729e-15 2.12385664610792e-14 2.47912801398797e-14 1.55320201145059e-14 9.69224700497762e-15 0 0 1.83186799063151e-15 5.10702591327572e-15 7.88258347483861e-15 2.61346499996762e-14 0 1.73194791841524e-15 1.66533453693773e-16 8.99280649946377e-16 2.96429547574917e-15 2.00950367457153e-15 1.54321000422897e-15 1.83186799063151e-15 1.25455201782643e-15 3.88578058618805e-16 2.1538326677728e-15 8.43769498715119e-16 4.06341627012807e-15 5.55111512312578e-16 3.5527136788005e-16 1.11022302462516e-17 0 2.2948309919002e-14
3.83026943495679e-15 2.41599185102359e-11 5.18746423594507e-10 6.43485265072741e-14 1.84297022087776e-15 2.16493489801906e-15 3.28626015289046e-15 4.3515191450183e-13 3.77275988228121e-13 0 0 7.11652958784725e-15 1.02140518265514e-14 1.08246744900953e-14 1.05693231944315e-14 5.91748872125208e-15 4.74065231514942e-15 2.28705943072782e-15 5.61772850460329e-15 5.25135490647699e-15 4.36317648677686e-15 8.79296635503124e-15 6.32827124036339e-15 6.80566714095221e-15 0 0 2.82107670557252e-14 1.17839515922924e-11 0 2.88657986402541e-16 0 2.22044604925031e-17 1.55431223447522e-15 1.08801856413265e-15 1.04360964314765e-15 1.17683640610267e-15 1.4432899320127e-15 8.77076189453874e-16 1.08801856413265e-15 1.0547118733939e-15 5.88418203051333e-16 6.66133814775094e-16 5.99520433297585e-16 2.55351295663786e-16 3.77475828372553e-16 5.99520433297585e-16 1.11022302462516e-17 1.43218770176645e-15
3.9190872769268e-15 3.39728245535298e-15 8.870681966755e-15 2.29816166097407e-15 2.55351295663786e-16 1.47659662275146e-15 2.77045053564962e-12 1.00208730202667e-13 9.08606523353228e-14 6.1345373225663e-12 0 0 3.90798504668055e-15 2.01394456667003e-14 1.41442413337245e-14 3.09752223870419e-15 7.01660951563099e-15 9.38138455808257e-15 3.77475828372553e-15 5.54001289287953e-15 1.19571019752129e-14 7.061018436616e-15 3.07531777821168e-15 1.45439216225896e-15 1.09912079437891e-15 1.96509475358653e-15 4.50869674928356e-11 1.90753635109786e-11 0 6.0285110237146e-15 3.67927910360777e-14 5.19584375524573e-15 3.98125976630581e-14 2.14273043752655e-15 3.29736238313671e-15 4.88498130835069e-16 3.21964677141295e-16 1.33226762955019e-15 4.10782519111308e-16 8.43769498715119e-16 1.55431223447522e-15 2.77555756156289e-16 0 2.22044604925031e-17 2.88657986402541e-16 6.55031584528842e-16 5.21804821573824e-16 1.11022302462516e-17
2.17603712826531e-15 2.97539770599542e-15 4.32098801184111e-14 4.95714580495132e-14 8.32820035157056e-11 2.7405855362872e-13 3.32056537821757e-10 6.52367049269742e-14 3.45224060449567e-10 6.58773291473125e-10 7.61848140129473e-11 0 0 1.66533453693773e-15 1.11022302462516e-15 5.46229728115577e-15 6.50590692430342e-15 2.58348897830274e-14 7.26085858104852e-15 0 4.56301663120939e-15 2.43138842392909e-15 3.39495098700127e-13 2.4535928844216e-15 2.22044604925031e-15 8.9777629774801e-12 2.24598117881669e-14 7.6071049459614e-11 0 0 0 2.57571741713036e-15 1.99840144432528e-16 4.00790511889682e-15 1.72084568816899e-15 1.44262379819793e-13 1.70530256582424e-12 3.44078099345779e-12 1.14686038443779e-14 2.28350671704902e-13 1.88737914186277e-16 2.33146835171283e-16 2.33146835171283e-16 2.99760216648792e-16 1.99840144432528e-16 4.88498130835069e-16 1.13242748511766e-15 1.0547118733939e-15
3.04201108747293e-15 1.71862524211974e-13 1.02295949488962e-13 1.17892362538896e-12 9.46671407930921e-11 1.71751501909512e-14 1.28785870856518e-15 1.70974345792274e-15 1.4432899320127e-15 1.76578762722812e-10 2.89990254032091e-14 1.84074977482851e-14 0 0 1.90958360235527e-15 2.1094237467878e-15 2.70894418008538e-15 2.1094237467878e-15 4.66293670342566e-15 1.43167699917512e-12 3.99680288865056e-14 1.99983807291915e-11 2.9169533455331e-11 2.72952327406983e-11 1.58761892521397e-15 3.33066907387547e-16 4.66293670342566e-16 3.21964677141295e-16 2.38697950294409e-15 8.41882119573256e-14 0 0 9.64807123082778e-12 9.39426314516822e-13 0 2.22044604925031e-17 3.59268170768701e-14 7.54485363074764e-13 5.77315972805081e-16 2.44249065417534e-16 2.66453525910038e-16 6.66133814775094e-17 6.66133814775094e-17 7.7715611723761e-17 6.10622663543836e-16 4.88498130835069e-16 4.10782519111308e-16 2.90878432451791e-14
2.0042856263558e-13 1.03816955032698e-13 6.54365450714067e-14 2.03398409226452e-12 3.90798504668055e-14 2.94229218766873e-10 2.22018958773162e-11 1.15960574476048e-12 2.49555043296823e-11 1.01030295240889e-15 7.66053886991358e-16 4.27031743299722e-12 3.94750898635721e-13 0 0 8.46515080255017e-12 7.7715611723761e-16 1.45439216225896e-15 6.36157793110215e-15 7.99360577730113e-16 5.63993296509579e-15 7.21644966006352e-16 0 0 1.0547118733939e-15 2.71530575801648e-12 3.85879883602058e-11 2.18713935851156e-14 0 0 0 0 5.89439608233988e-12 1.56700985520786e-11 4.57417326238385e-11 9.31010823990164e-13 2.11408668349122e-13 4.00934840882883e-13 7.2240546877822e-12 7.80112641152186e-12 2.66453525910038e-16 3.33066907387547e-17 3.82804898890754e-14 4.44089209850063e-16 3.21964677141295e-16 4.21884749357559e-16 3.33066907387547e-16 4.55191440096314e-16
0 0 2.20967688591145e-13 9.66704272187258e-11 1.42700329330836e-10 8.54252779625142e-11 3.90106835723714e-12 1.20681242776755e-14 8.98828900197657e-11 6.46149800331841e-15 2.62012633811537e-15 5.52288215160956e-12 2.93691837516263e-10 3.99680288865056e-16 0 3.29514193708746e-13 2.30868424377917e-10 3.61266572213026e-14 2.20934381900406e-14 1.16969323116223e-11 0 1.4432899320127e-16 0 0 0 0 0 0 0 0 2.02400318727314e-12 9.74800573594337e-11 1.35336186701807e-13 2.47803000341662e-11 9.28142007694532e-12 2.59577137562417e-11 1.26365584662835e-13 1.17283960321402e-13 6.20514750693246e-13 9.20608034249426e-13 3.02913250038728e-13 7.00450808466258e-13 2.75779399316889e-14 1.4432899320127e-15 9.02689034631976e-13 4.25548485338823e-14 1.87651005845169e-12 0
0 1.88737914186277e-16 6.87495420592654e-09 1.31966992888977e-11 2.8590463330147e-12 8.0102591226705e-14 3.09752223870419e-15 6.86672940730659e-14 3.10862446895044e-16 5.55304691118863e-12 2.07134309704315e-13 2.5659520952459e-09 1.11006862724139e-07 2.64131005955903e-09 0 1.71188063724514e-11 0 4.8194781498978e-14 0 0 0 6.43111119913442e-12 1.36450273302557e-10 2.19713136573318e-14 0 0 0 0 4.80726569662693e-15 0 0 0 0 0 2.66453525910038e-16 6.0507154842071e-15 6.07625061377348e-13 1.20825571769956e-13 6.98120550257642e-10 9.95081794741282e-12 2.42507962600058e-09 3.21243032175289e-13 2.88657986402541e-16 3.40838468559923e-15 1.85407245112401e-14 1.02140518265514e-15 1.0325074129014e-15 0
0 1.06630015928033e-10 8.09444833382855e-10 6.93871884394071e-09 1.40293934691726e-07 1.19528054121076e-11 6.21724893790088e-16 1.63535851527286e-14 3.00181210999284e-09 1.41388456498248e-11 3.85339538055973e-12 1.2870704502177e-12 4.50126458328981e-09 1.11022302462516e-17 0 0 0 2.12052597703405e-15 1.36097302316784e-09 2.67183830615636e-11 1.54098955817972e-14 6.33267260852222e-10 1.02251540567977e-14 1.5414214349363e-11 2.08965502679348e-08 8.31084068231291e-10 1.74082970261225e-14 1.09912079437891e-15 2.36843877843285e-13 2.02220462597325e-12 1.00827156401806e-08 6.10622663543836e-16 7.7715611723761e-17 4.78249662094754e-12 0 5.55111512312578e-17 0 0 2.13172701712949e-11 5.67323965583455e-15 5.03741397928081e-08 2.71782596428238e-14 2.2842994162886e-11 4.23928669945894e-11 5.55111512312578e-16 6.66133814775094e-17 9.99200722162641e-17 6.80566714095221e-15
0 0 0 9.27948514695132e-09 2.12052597703405e-15 3.77475828372553e-16 0 0 0 0 0 0 0 0 0 2.35326202968622e-12 5.76273251340353e-10 3.23618076780718e-10 5.34503108440276e-11 3.74698494454151e-11 2.44332121202007e-10 1.19237952844742e-14 1.20681242776755e-14 8.33921820486694e-12 1.09080431798247e-07 2.35219067690196e-07 1.46115692878368e-09 8.03282551586904e-11 2.98128188802593e-13 2.49377185568278e-12 9.95260700520362e-09 9.29856192044554e-13 4.13447054370408e-13 2.58681964737661e-15 2.22044604925031e-17 0 2.22044604925031e-17 6.07291994469961e-15 1.37667655053519e-14 0 4.32986979603811e-16 9.99200722162641e-17 5.6621374255883e-16 9.72555369571637e-15 7.7715611723761e-16 0 2.31004104733756e-13 2.0105028752937e-13
2.23689977651986e-10 0 7.21644966006352e-16 2.99706637285624e-10 1.02545749669503e-11 1.33226762955019e-16 2.22044604925031e-16 0 0 7.7715611723761e-16 2.91988655476416e-15 0 0 3.44169137633799e-16 4.76543249305905e-12 1.43509981676004e-11 1.64662061763465e-11 3.83929554814699e-12 0 1.44024397741305e-08 2.00308369890934e-10 1.94400051611865e-14 2.31370478331883e-14 1.43574740985031e-10 9.68114477473137e-15 1.39221967287995e-14 8.53060710959141e-10 2.12123740794823e-08 1.1177821761521e-07 6.42053077370974e-12 3.19803264980933e-09 4.3542835559407e-09 3.66373598126302e-16 1.99840144432528e-16 6.66133814775094e-17 3.99180688503975e-13 8.88178419700125e-16 0 4.87058515741268e-10 5.10702591327572e-16 2.44249065417534e-16 1.99840144432528e-16 5.63993296509579e-15 3.33066907387547e-17 5.31241717283137e-14 1.32116539930394e-15 3.5527136788005e-16 1.17683640610267e-15
2.06723527185204e-14 0 0 2.15083251209336e-10 3.05966363356447e-13 2.22044604925031e-16 1.61948954024993e-08 5.81756864903582e-14 7.99360577730113e-16 1.17295062551648e-13 2.06501482580279e-14 6.44806441574275e-09 4.49529302670726e-14 0 5.77315972805081e-16 3.07687209044616e-13 9.04095664999716e-10 1.34266332452171e-07 3.00510365036644e-08 3.84633436212312e-12 3.0365453485004e-10 5.29354338141275e-14 7.04807057161361e-10 5.47310264664702e-08 5.97505900756801e-08 4.10613999690668e-08 5.51730795450567e-07 1.62140460702176e-07 2.36041624024352e-09 7.78003050871945e-10 3.01165917093726e-08 5.28649502484768e-07 5.44009282066327e-16 3.21964677141295e-16 3.33066907387547e-17 1.11022302462516e-17 1.11022302462516e-17 5.6621374255883e-16 5.05151476204446e-15 9.32587340685132e-16 0 0 3.8968828164343e-15 4.16056078478277e-13 3.10862446895044e-16 1.11022302462516e-17 2.22044604925031e-17 3.33066907387547e-16
1.62392388425303e-10 9.38126270000339e-09 9.33206845132872e-11 2.35589325825458e-14 1.83186799063151e-15 1.11022302462516e-16 3.70025743379188e-09 7.01405600267435e-13 2.52287080115821e-13 4.43511449788048e-11 9.59232693276135e-15 1.48203671557212e-13 2.12518225239933e-11 3.0287772290194e-10 0 3.33066907387547e-16 2.38885744519024e-09 2.20429483555051e-08 1.58275333950186e-09 1.02140518265514e-15 5.67212943280992e-14 2.96257418597179e-10 9.18838622965268e-07 5.02038854932607e-11 3.03534974932518e-14 1.76636483217862e-14 3.10862446895044e-16 6.04818861660306e-11 3.02509510774485e-08 2.0092260109017e-07 4.89934893721511e-07 1.95453364604248e-09 3.18250263262598e-06 1.33892896769794e-14 1.4432899320127e-16 1.11022302462516e-17 3.33066907387547e-17 1.11022302462516e-17 1.11022302462516e-17 1.11022302462516e-17 7.37077066048641e-14 2.96429547574917e-15 0 0 0 0 2.22044604925031e-17 1.11022302462516e-17
1.98840943710366e-14 1.55431223447522e-16 1.22124532708767e-16 2.08100203735739e-12 6.66357831136111e-09 1.2543649896557e-09 1.09621967059326e-10 1.04912745158003e-12 2.11612838363351e-11 4.92632601378773e-12 1.11022302462516e-17 3.87256893219501e-13 4.01336741617797e-12 4.5869752440808e-12 6.09512440519211e-15 3.66373598126302e-16 5.07224162671349e-10 1.61921773766949e-08 7.44178743516954e-08 1.57342390849635e-07 3.59863736321131e-07 1.88109527954339e-11 9.16017262042601e-12 2.59524623347218e-08 7.41346639632212e-10 5.24313925609476e-13 1.59428026336172e-14 1.22124532708767e-16 1.93844940099552e-14 1.19904086659517e-15 2.26063768593576e-07 1.70182101744132e-10 4.42140768441845e-12 1.23234755733392e-15 1.11022302462516e-17 7.7715611723761e-17 1.33062005858164e-11 2.22044604925031e-17 9.48130463029884e-15 2.1094237467878e-16 0 0 0 1.99840144432528e-16 1.13464793116691e-14 1.22124532708767e-16 0 2.77555756156289e-16
6.66133814775094e-17 6.6125993569699e-13 3.05866443284231e-13 7.53536455455617e-10 1.50546464183776e-11 1.98173495391529e-09 1.77791115163473e-12 3.69979302750067e-10 7.72814034988301e-12 8.17776546480076e-10 2.37032615757471e-13 1.30955923882681e-10 1.13753451103094e-13 7.4202460842443e-10 1.41711564705105e-10 9.43959466148669e-11 1.33226762955019e-16 1.30187766123058e-09 6.77278388927505e-09 2.31944147799368e-07 1.42017397841698e-11 1.02022834624904e-12 2.22044604925031e-16 8.37795999242275e-10 5.1512127896558e-13 3.99680288865056e-15 0 4.78994621744277e-13 0 1.95621296938953e-14 3.99680288865056e-16 2.8659046733992e-06 2.55351295663786e-16 2.22044604925031e-17 5.55111512312578e-17 1.88737914186277e-16 1.26347821094441e-12 2.22044604925031e-17 2.73447930965176e-14 8.34237789959502e-11 2.22044604925031e-17 0 0 7.7715611723761e-17 1.11022302462516e-17 1.88737914186277e-16 1.11022302462516e-17 4.88498130835069e-16
5.10702591327572e-16 3.20343751525343e-13 1.58708718389633e-09 7.30914917479453e-10 2.94862563254839e-09 5.54815082765003e-12 4.51404469359318e-12 5.48379119891251e-12 0 0 0 0 0 5.40379430091775e-10 1.07570940932611e-08 2.09693620800699e-08 0 3.07135112898038e-09 2.51751194335625e-09 3.33066907387547e-17 5.55111512312578e-17 2.03170813506404e-15 2.9064528561662e-13 4.56190640818477e-14 9.61453139325386e-15 1.13242748511766e-15 4.36206626375224e-14 1.86006765545699e-13 6.36561184208517e-07 2.87316803682103e-09 5.42509400958124e-08 1.78066636546959e-08 1.27405863636909e-12 1.11022302462516e-17 5.55111512312578e-17 2.22044604925031e-17 1.11022302462516e-17 1.11022302462516e-17 1.2488255207721e-09 1.10650044682359e-11 4.35518288099956e-13 0 1.11022302462516e-17 6.88338275267597e-16 4.77395900588817e-16 3.99680288865056e-16 0 1.22124532708767e-16
0 8.17265144448243e-11 7.10398406766899e-13 0 6.1078919699753e-13 0 1.77635683940025e-16 0 0 0 0 0 1.22085130893623e-10 1.41216129900812e-09 1.11022302462516e-17 0 0 1.79856129989275e-15 1.05497222069317e-10 1.79618365958589e-08 6.41200561091182e-07 4.44089209850063e-17 2.33146835171283e-16 1.23476283553359e-07 2.75890421619351e-14 5.77315972805081e-16 8.88178419700125e-17 8.1794253314893e-08 1.05346459067235e-07 9.29185911502373e-07 1.97175989313791e-07 9.7462626857947e-11 2.72956925950751e-09 5.49613050626618e-09 2.22044604925031e-17 2.22044604925031e-17 0 2.22044604925031e-17 2.22044604925031e-17 1.11022302462516e-17 1.12992528999989e-08 5.89528426075958e-15 9.04831765069503e-15 3.56191653949622e-10 6.66133814775094e-17 1.11022302462516e-16 6.49780229622365e-12 7.39279304440288e-11
4.66293670342566e-16 5.43108891193356e-12 0 0 0 0 1.11022302462516e-17 0 0 0 0 0 9.07324735344162e-09 3.32288641047285e-12 0 0 3.91281451683767e-12 0 0 3.89218267615732e-09 6.01057936755467e-10 8.14421688977163e-09 4.44089209850063e-17 5.50808055832519e-08 5.55111512312578e-17 5.55111512312578e-17 1.11022302462516e-17 6.33937347060964e-15 7.7786754815179e-11 1.99951166734991e-14 3.35227397840754e-08 5.56948709373728e-11 6.00878769034807e-06 1.28881476030074e-05 2.55351295663786e-16 0 1.11022302462516e-17 2.52242671194836e-14 1.11022302462516e-17 1.11022302462516e-17 6.43929354282591e-16 5.07371922253697e-15 1.75754544251561e-10 1.99840144432528e-16 0 1.55431223447522e-16 7.7715611723761e-16 8.92419471654193e-13
5.99520433297585e-16 0 2.22044604925031e-17 0 0 0 0 1.99840144432528e-16 0 0 4.44089209850063e-12 2.22781793013382e-12 2.78255196661803e-13 0 0 9.70163338553931e-10 5.51259038417129e-13 4.52882914614428e-08 4.64412157952232e-08 7.32747196252603e-16 2.82009637864178e-11 1.57325263927532e-12 0 6.99440505513849e-16 2.22044604925031e-17 3.33066907387547e-17 2.22044604925031e-17 1.11022302462516e-17 2.22044604925031e-17 0 4.9960036108132e-16 4.32986979603811e-16 3.49720252756924e-15 1.38777878078145e-15 1.4432899320127e-16 2.22044604925031e-17 1.11022302462516e-17 2.22044604925031e-17 0 1.11022302462516e-17 1.11022302462516e-17 1.03023961917081e-08 1.73884240339817e-12 1.11022302462516e-17 0 6.482714365319e-12 7.77190628964419e-08 2.09730011135889e-12
2.1094237467878e-16 0 0 6.21724893790088e-16 3.14415160573844e-14 1.13908882326541e-14 0 0 0 9.82702808016711e-13 0 0 0 0 4.98943109050742e-12 4.77161643530621e-12 5.65244517858332e-12 5.42122413627055e-10 1.21171139788601e-10 5.22221821341873e-11 0 0 0 0 0 2.22044604925031e-17 1.5219447924153e-11 0 7.66053886991358e-16 4.44089209850063e-17 1.88737914186277e-16 2.44249065417534e-16 7.7715611723761e-17 3.33066907387547e-17 2.22044604925031e-17 1.11022302462516e-17 6.66133814775094e-17 4.44089209850063e-17 1.11022302462516e-17 1.11022302462516e-17 1.3779223286825e-07 0 0 8.40438829641244e-14 4.67181848762266e-14 9.70679092660021e-12 1.31906810565852e-05 4.9782400424192e-14
4.44089209850063e-17 0 0 0 5.55111512312578e-17 1.30917499063798e-13 6.10622663543836e-16 0 4.39938085960989e-12 0 0 0 1.84720017060158e-12 0 0 6.13776818259026e-10 1.06581410364015e-15 1.29581900765174e-12 0 9.15943099144556e-11 0 0 0 0 0 0 2.22044604925031e-17 3.33066907387547e-17 8.88178419700125e-17 8.88178419700125e-17 1.22124532708767e-16 4.44089209850063e-17 4.44089209850063e-17 3.33066907387547e-17 1.4432899320127e-16 4.27224922106006e-13 2.39041209937341e-08 1.4432899320127e-16 2.22044604925031e-17 0 0 0 0 0 1.53210777398272e-15 2.77555756156289e-16 7.32747196252603e-16 3.77475828372553e-16
