Maxent_result_files_2/B_bohemicus_2.asc
NCOLS 594 
NROWS 330 
XLLCORNER -15 
YLLCORNER 23 
CELLSIZE 0.166666666666667 
NODATA_value -9999 
[rows 240 to 259 of 330, columns 322 to 367 of 594]
8.13717339042341e-05 1.13808972400875e-05 1.0489445321582e-05 8.42579506752372e-06 2.3353313554253e-05 1.98979968445201e-05 1.72967831531423e-05 1.40724730954389e-05 8.22838524072722e-06 1.19733353585616e-05 4.87001675537613e-06 5.08762018398556e-06 5.0958431302206e-06 3.05624703287322e-06 1.2321659414738e-05 3.01908544315665e-06 5.53080931240402e-06 7.73301480876398e-06 6.91403206474206e-06 1.14762738121499e-05 6.92792673362419e-06 2.93778783088783e-05 6.19200327491853e-05 0.000188074356992729 0.000792600936256349 0.0031967757968232 0.00382245837245136 0.00456016636453569 0.00362341350410134 0.00437448946759105 0.00595642169937491 0.00626365183852613 0.00271521913819015 0.00511236884631217 0.00509022120386362 0.00257004636805505 0.000885206297971308 0.000329332682304084 2.71221319962933e-05 6.41093454760266e-05 2.28228232117544e-05 6.4628754671503e-06 1.28149979900627e-05 1.09258332031459e-05 1.50048248542589e-05 5.34989234438399e-05
1.11482898773829e-05 3.97005037484632e-06 5.66538501516334e-06 1.19241598895314e-05 2.5201167591149e-05 3.02019405353349e-05 7.29334533389192e-05 9.41950813285075e-05 6.66593755340727e-06 5.5101022553572e-06 3.89630208701419e-06 4.75855904369382e-06 5.24246543136542e-06 4.78601004942902e-06 4.64653098788403e-06 6.00714331540075e-06 5.70874533423193e-06 6.16169372733566e-06 4.68971047666855e-06 6.51103805466846e-06 1.77746405825019e-05 0.000223716134496499 0.000470081364619546 0.00180790320737287 0.000229813475743867 0.00215983752859756 0.00376918334513903 0.00406375254970044 0.00382047393359244 0.00486891735345125 0.0056668873410672 0.00436936635524035 0.00196058904984966 0.00502232743892819 0.00496608128305525 0.00501588738989085 0.00117567302659154 0.000484265995328315 7.32745887944475e-05 3.4938731641887e-05 4.35801118328527e-05 1.23395284845174e-05 6.95165763318073e-06 1.1426403580117e-05 0.000126318110415013 0.00080970234121196
8.47959868224279e-06 6.20691675976559e-06 2.42707292272826e-06 3.83631200975287e-06 5.65405468933022e-06 9.12241462174279e-06 4.78554084111238e-05 6.85660539602395e-05 9.71557496995956e-06 8.9521875452192e-06 9.09361342564807e-06 7.99740150796424e-06 6.08219027071755e-06 9.66620646067895e-06 1.17484820293612e-05 9.38314215090941e-06 1.20201390927832e-05 2.84076329990057e-05 1.03766864413046e-05 5.46946157555794e-06 3.9359390939353e-05 6.6763787981472e-05 4.38360875705257e-05 3.96888612158364e-05 0.000394569833588321 0.00222130527254194 0.00238183488836512 0.00289337353315204 0.00263912429800257 0.00158208947395906 0.00184013039106503 0.00382076755631715 0.00611171503551304 0.00210091600893065 0.00255770263029262 0.00377650433219969 0.00308363300282508 0.000364402798004448 0.000167800102644833 2.08484570066503e-05 5.53097826923477e-05 5.94182909480878e-05 1.27777328088996e-05 2.33856224440387e-05 0.000118044638657011 0.000329168878670316
5.38347258043359e-06 3.31456832327603e-06 3.06629287933902e-06 4.24181012022018e-06 5.34388007054076e-06 4.0373062006438e-06 6.91243808432773e-06 5.9736200455518e-06 6.45755017103511e-06 1.18115002806007e-05 1.07361580830911e-05 2.09565909244702e-05 1.21323803341511e-05 2.09799726690107e-05 9.05981587493443e-06 8.26473833512864e-06 1.14279554509267e-05 5.73237784919911e-06 3.50705345226743e-06 3.56296147856483e-06 2.0906725126224e-06 3.16320135880233e-06 8.76222547958605e-06 4.03361600547214e-05 3.91546542232391e-05 0.000200360893359175 0.00017444714467274 0.000862111733295023 0.00104995504370891 0.000412021248484962 0.00216396549949422 0.00219612129731104 0.00164081008406356 0.00249221568228677 0.001366933924146 0.00251646208344027 0.00309151019901037 0.000529381557134911 9.12805495318025e-05 4.23334226070438e-05 6.99945952874259e-05 1.53196731389471e-05 2.78696387795208e-05 1.00983288120915e-05 1.24936472275294e-05 2.98014507279731e-05
3.53858206381119e-06 2.35005031754554e-06 1.58854311962386e-06 1.7172535649479e-06 1.96008420516591e-06 2.93197216478802e-06 4.21624977207102e-06 1.22742926009778e-06 1.2327281240232e-06 1.3623912877847e-06 3.14578526285914e-06 6.12161102253594e-06 3.67085879133811e-06 5.42094228421774e-06 2.71624672905091e-06 3.89646108942543e-06 8.19332317405497e-06 5.68766001833865e-06 2.79657144801604e-06 1.98601510419394e-06 1.16286228717399e-06 8.75769279673477e-07 9.93451692465896e-07 1.22197842529204e-06 2.71287061650582e-06 2.51588122409885e-05 1.02242507182382e-05 7.01789991580881e-05 5.12837515998399e-05 3.74378065316705e-05 0.000130464856192702 9.07277211808832e-05 0.000169977876794292 0.000651860176003538 0.000192868348676711 0.00070605011715088 0.00399636614602059 0.000343704875558615 0.000327944905438926 5.96454345213715e-05 2.82230378616077e-05 3.73175424101646e-05 1.10067192736096e-05 6.03869273163582e-06 7.95117784946342e-06 2.52540865403716e-05
9.80374363734882e-07 1.22716430155378e-06 2.54420251621923e-06 7.07614259454203e-07 3.84202117942323e-07 7.12833596594464e-07 9.81313070269607e-07 6.54521309684242e-07 5.04976419790637e-07 9.82698628604339e-07 7.40431707413336e-07 1.36952301659221e-06 7.77506298277331e-07 4.67610297505416e-07 4.28780722927513e-07 8.42329617967152e-07 5.0949976184711e-07 5.53751536358504e-07 4.42707421655086e-07 6.01787161258471e-07 4.58702479022577e-07 3.28317592845906e-07 4.27750792653114e-07 6.24530898107878e-07 1.1221143097373e-06 7.50441125774159e-07 1.6975363223537e-06 4.83811224967212e-06 4.43045651081775e-06 3.42041331578002e-06 8.98933458302054e-06 1.09742110453226e-05 4.5283662257134e-05 1.84960104888887e-05 1.14308137199259e-05 0.000639442721148953 0.00117329604108818 0.00179500483209267 0.000627776188775897 0.000103061556001194 1.30463776258694e-05 1.78451332430996e-05 7.929887078717e-06 6.28186189715052e-05 0.000107098500302527 2.24330088713032e-05
3.01356469378788e-07 6.80775221439944e-07 8.36595441455756e-07 2.99287568594764e-07 2.88293885120083e-07 2.13919096125892e-07 1.72860049829637e-07 2.5010393045477e-07 6.35109084612395e-07 3.46859749811301e-07 4.86408723077147e-07 4.86804044896871e-07 2.36193676528274e-07 1.25845759058052e-07 8.50301169919021e-08 1.11815721126618e-07 1.19467070902601e-07 8.35664838660932e-08 1.124976169109e-07 1.17790705544962e-07 1.46487390395578e-07 1.39280630406802e-07 1.92022093870037e-07 3.93274653731623e-07 2.22335543043073e-07 9.79817770030422e-07 2.28272793947326e-06 4.50172724413278e-06 8.75866230671818e-06 1.1440345133451e-05 5.82949919589737e-06 1.21019955372503e-06 1.33674099060954e-06 1.43919496622402e-06 8.1424507243355e-07 3.67940981504944e-06 0.000370015486259945 0.00188583816634491 0.000309539127920289 5.78159710130421e-05 8.33641377539607e-05 4.56509500509128e-05 5.9809493177454e-05 2.27080422519066e-05 0.000172942108474672 2.78666013400652e-05
1.23637335036619e-07 3.76981559213618e-07 4.37880720483008e-07 1.26413046075413e-07 1.71512091284853e-07 1.22795205470538e-07 1.50603316484421e-07 2.00327581012516e-07 1.81226149109648e-07 2.23212624916869e-07 1.81958765921308e-07 1.22847123762426e-07 1.34320826106205e-07 1.11819959869308e-07 1.3539872654178e-07 1.00877619857442e-07 7.39341230016066e-08 4.28451877532154e-08 6.01618081574884e-08 7.98226501785848e-08 1.37613951523008e-07 1.16909743752558e-07 1.53759778953599e-07 2.86845718022732e-07 5.02948638825274e-07 4.3716896271917e-07 2.24388547565013e-07 2.64135994143544e-07 2.10405882938858e-07 2.21619281148833e-07 3.25999072003924e-07 4.92011352548616e-07 1.30900152726099e-06 1.61801490889957e-06 3.30383425080072e-06 2.2149171172714e-06 0.000158864527475089 0.00149167264462449 0.000497973561869003 0.000122693406592589 0.000202103292394895 0.000217723206151277 0.000105388283191132 0.000101547003578162 2.62367265349894e-05 4.25581809395226e-05
6.26380895596412e-08 7.63579123486124e-08 9.53784237367472e-08 7.76348421993589e-08 4.15986574964222e-08 7.72944776628037e-08 5.13365712606628e-08 9.89878643053999e-08 6.50575674221443e-08 6.88181081898165e-08 7.17450722831359e-08 9.37876617257416e-08 1.3554919497949e-07 6.02422403517266e-08 6.32758728968952e-08 5.65500648974648e-08 4.67569435613768e-08 3.03420693015255e-08 3.93274640408947e-08 4.7894452670505e-08 5.24165578497104e-08 3.37274661532661e-08 5.0457688693939e-08 9.49353836432465e-08 1.45260667849811e-07 4.46150268373913e-07 1.65526830642193e-07 1.18069420196321e-07 1.40396056735881e-07 1.32771784322472e-07 2.36050829016676e-07 1.21946513687021e-07 1.31136607706139e-07 3.8001475246574e-07 1.97199975673357e-06 1.31768753817596e-05 2.74024036116316e-05 0.000156055493425811 0.00238929151091725 0.000274824444204569 0.00135510732070543 0.000329342714394443 0.000162801499391207 0.000284767795528751 7.35672772862017e-05 5.85475158004556e-05
5.07797477844463e-08 3.9869875489984e-08 4.04472322301785e-08 2.4677098764414e-08 2.72338887441492e-08 3.79266917427401e-08 3.02901491888718e-08 5.10090070626745e-08 1.06918814246626e-07 1.33145928238321e-07 1.27089376533718e-07 5.54681981235206e-08 4.42494589414366e-08 3.25495316033653e-08 4.04091787586935e-08 4.23067597843385e-08 4.07613917730032e-08 1.56808454221391e-07 2.27010150410933e-07 1.11752973985801e-07 4.42948032919332e-08 1.84791036694776e-08 5.7435635447689e-08 7.60729966131635e-08 8.90304384881802e-08 7.01355771681733e-08 7.4149409670099e-07 4.14977453999654e-07 2.8307778094927e-07 6.90136033654198e-08 7.39222663526107e-08 8.66647301478451e-08 1.18752699052038e-07 1.20020538361132e-06 2.96328851163707e-06 1.49209467053879e-05 3.71171681763371e-05 4.72921614345978e-05 9.06577857676893e-05 0.000198079778056126 0.000195142647135071 0.000193405041500228 0.000219747191295028 9.81604236585554e-05 6.73874848871492e-05 0.000145841655466938
4.21066812528181e-08 2.38679001451914e-08 2.12989482939463e-08 1.94639327766311e-08 2.48385676027141e-08 3.00879380965569e-08 3.58864953753368e-08 5.14031486709143e-08 5.72080352867488e-08 4.99341645365803e-08 4.35504990292657e-08 2.113321380115e-08 4.55567746193708e-08 2.56430690903642e-08 4.3030389740295e-08 2.74969047975304e-08 1.71591541420213e-08 2.96451508674522e-08 2.57716662677154e-08 2.21013545687043e-08 2.04131793246631e-08 9.75225811217229e-09 1.14692080277479e-08 1.11223997345533e-08 4.8568859067899e-08 3.17187750731307e-08 6.07008624697869e-08 1.1373858868069e-07 1.29630370793166e-07 1.02184569072961e-07 9.89970686759989e-08 2.48310108474925e-07 3.48180264353459e-07 3.79355063273579e-07 1.02282400860076e-06 7.17491613499988e-07 2.56998114878115e-07 4.1265695074344e-07 3.32577037909232e-07 9.83043696578534e-06 4.71762037705048e-05 4.04302754759556e-05 0.000247548484185245 7.17293456546031e-05 0.000164340389892459 0.000283225299790502
2.04774512457817e-08 2.49302189558875e-08 1.55347853247889e-08 1.02081651132124e-08 1.23125804218915e-08 1.4786691471258e-08 1.67491210678605e-08 1.78325828770198e-08 1.86615387587352e-08 1.80133261640236e-08 1.67702990605534e-08 2.66458657804947e-08 2.0501896091929e-08 1.45528737505174e-08 1.80582868658519e-08 2.11006172090578e-08 1.06247938447268e-08 1.25953578011817e-08 1.22343584818552e-08 7.22448713075252e-09 8.28586045331647e-09 5.89163613451404e-09 4.72616297209072e-09 5.39638248531205e-09 6.63739003758934e-09 1.00252987689231e-08 2.62222177305205e-08 2.30969434245054e-08 4.2478044814942e-08 5.47885354862387e-08 5.70047777870286e-08 1.48503989549909e-07 1.98003015583481e-07 1.21421069465555e-07 1.45742428969697e-07 1.31119186974615e-07 2.6850231051867e-07 4.65025574669653e-07 3.46022027031267e-07 4.56290752026689e-06 4.40529889601748e-05 9.60812590165006e-06 5.67187307751738e-05 0.000372854611487128 0.00033475301170256 0.000145895758760162
3.93617583860362e-08 2.51298670761457e-08 2.93720748167914e-08 2.23077526673165e-08 1.05102352598863e-08 8.65061371424503e-09 9.29448901176855e-09 1.09627401378987e-08 1.093139210262e-08 1.12223736969952e-08 7.76090939291763e-09 8.48416958909581e-09 1.66854905447877e-08 1.82915769197933e-08 9.5354528495406e-09 9.48221225982593e-09 6.09160333286951e-09 4.29143961477863e-09 4.20714241222697e-09 3.41795542979639e-09 4.7845499118182e-09 3.16238214503883e-09 2.96755062745291e-09 3.01797776769419e-09 3.42148179788282e-09 4.54559542228949e-09 3.26325658717153e-09 6.05147774113135e-09 1.45022540642969e-08 4.65281772221715e-08 6.58290204569312e-08 9.34819725628699e-08 6.21001891687456e-08 7.6772118084989e-08 1.06584977288549e-07 7.53929310093326e-08 1.00686982307252e-07 2.5287080731573e-07 1.35217089791695e-06 2.6008809072664e-05 2.29009843906169e-06 1.40905825901427e-05 1.88423668987525e-05 7.00081443937961e-05 0.000295043046935461 0.000135234046319965
1.41597104930113e-08 1.09117780811019e-08 9.65548847542408e-09 1.1406651578838e-08 7.72184718389468e-09 1.56811274854007e-08 1.27968885266228e-08 8.95703327064013e-09 8.61032097843051e-09 8.44067914451685e-09 1.25381549809234e-08 7.83822446948079e-09 8.76680514849681e-09 1.07062387844081e-08 6.64993504706501e-09 4.71614992614278e-09 3.54251240564096e-09 3.34021065251378e-09 2.48418514647852e-09 1.96017058140541e-09 2.09057032796167e-09 2.1989247978027e-09 2.08201041962397e-09 2.1154228146969e-09 1.96591306567129e-09 2.48458947860186e-09 2.35515472679637e-09 3.01804997659971e-09 5.55748390640431e-09 1.90075425621217e-08 2.26708523065611e-08 4.35120301567338e-08 1.86092274923055e-08 4.34978767671623e-08 4.47173135853518e-08 9.89142709073576e-08 7.95302181444413e-08 1.16917330572619e-07 6.49263910190712e-07 5.69428493690793e-06 1.15788152470486e-06 1.91437421790397e-06 5.26013529906777e-06 1.89741229405627e-05 3.03026276014862e-05 0.000168636705348035
1.04738250517045e-08 1.0306479558686e-08 1.00968623906184e-08 1.08390970865457e-08 1.11104311972809e-08 1.06294182344868e-08 1.01609181735185e-08 7.1608039942106e-09 1.01847684064182e-08 5.47010928775293e-09 9.24342964392366e-09 5.39868363347296e-09 5.26769591280285e-09 5.35244633059762e-09 4.17952583653403e-09 2.64605032329612e-09 2.63429579261398e-09 2.81797968293418e-09 1.60517530378712e-09 1.60431337103972e-09 1.6031992955412e-09 1.55513034671984e-09 1.48680423528447e-09 1.5325079760764e-09 1.21670584718458e-09 1.28548991451538e-09 1.29606255727666e-09 3.75659675588835e-09 4.1801635597416e-09 3.82914827623537e-09 5.65983919731394e-09 1.39777609042824e-08 2.07171214849922e-08 1.41709333156825e-08 2.92225564635373e-08 5.99032244252839e-08 1.11134959723813e-07 3.18691382972247e-07 7.32566059014061e-07 5.67023829489699e-07 1.77391251554582e-06 2.96671114483615e-06 4.92959502480517e-06 1.23480681395449e-05 5.39400509296684e-05 2.07213376597792e-05
1.25801296269046e-08 1.43594947932257e-08 1.79950379042282e-08 2.90695990390333e-08 3.16287032120499e-08 2.09524193994781e-08 8.94409297735876e-09 7.81090669921269e-09 7.818576852614e-09 5.92540690957932e-09 3.86559105836071e-09 5.41078288840424e-09 6.1892136082875e-09 3.06192485810541e-09 2.16827350518756e-09 1.98255556416171e-09 2.05979728828964e-09 2.03609769044988e-09 1.35635741527196e-09 1.27462388421762e-09 1.2362187606918e-09 1.33820521330819e-09 1.32191956270233e-09 1.17355677398123e-09 1.0106844805513e-09 7.62056773240261e-10 8.68681349075473e-10 1.79194081795231e-09 1.13025597769933e-09 2.62130323003262e-09 1.02353463926619e-08 1.0526689431245e-08 1.29005148785666e-08 1.16988004172924e-08 1.79495090790738e-08 5.16454086607609e-08 1.29455376907117e-07 5.73368041045796e-08 1.16605801281366e-07 6.5586707194143e-07 5.89982178667015e-07 5.90763346508538e-07 5.28349306705422e-07 6.98906632123908e-07 2.30671912504476e-05 4.01638204493793e-05
1.74917677675523e-08 1.78893730939933e-08 2.17836021221274e-08 3.39126196458039e-08 1.95196926178198e-08 9.78763775583147e-09 5.99500549203213e-09 4.61638587356816e-09 3.95810932918295e-09 6.42548911855556e-09 5.84176603757314e-09 4.30085465019658e-09 2.87765481443714e-09 1.97666073509239e-09 1.7516210704116e-09 1.52465489122733e-09 1.41699733058331e-09 1.68852862802993e-09 1.63896221039295e-09 1.47096269609293e-09 1.27904988822536e-09 1.29079583688352e-09 1.19742942228385e-09 1.16688492202144e-09 7.95258514596497e-10 5.43709788303204e-10 5.14750164715139e-10 7.68019003949405e-10 1.62645866774724e-09 2.00146695883419e-09 4.70224237325567e-09 4.33073469308098e-09 3.82936546916568e-09 6.46681344029787e-09 4.6936763475891e-09 6.65291230994569e-09 1.4831743921917e-08 1.59993466919417e-08 6.64764790769823e-08 6.79539189718525e-07 6.33130170513141e-07 2.82798445994104e-07 1.81744734817357e-07 4.56586009534021e-07 3.11483188397688e-06 7.70682185248006e-05
2.58906863059849e-08 1.35852923577318e-08 1.02625233089348e-08 1.09453640817492e-08 8.68808354148598e-09 4.89557373528626e-09 3.91984608105744e-09 3.41097937672785e-09 2.93252219174533e-09 4.46103621820626e-09 9.15244866561693e-09 3.46772112136406e-09 1.99178378235132e-09 1.64981023287325e-09 1.16414680118027e-09 1.16666777350005e-09 1.16952456608033e-09 1.36644121573326e-09 1.67575487930449e-09 1.81162388424028e-09 1.39369302765147e-09 1.13741946972112e-09 1.03472398427229e-09 9.39889854834064e-10 6.01594496441038e-10 4.4082765215947e-10 3.43215267317731e-10 3.72735187159634e-10 6.53215648238614e-10 6.21804707723328e-10 8.13543765687541e-10 5.96234361882608e-10 1.48417562684244e-09 2.53287082419007e-09 3.74644197886909e-09 1.43410783248754e-09 4.39424036047242e-09 8.57799735687337e-09 1.81547386013392e-08 5.31313121499011e-08 4.06289221643874e-07 1.91307990604628e-07 4.23530127591221e-07 7.33329792979021e-07 3.86233750759857e-06 2.18683827370114e-05
2.38151771192463e-08 1.61296743961259e-08 9.35549083758147e-09 7.33326448454363e-09 5.63196429492763e-09 4.50002861640542e-09 3.71217753203368e-09 3.06334168032052e-09 2.40910658089177e-09 2.2385534759195e-09 3.08415464278511e-09 4.22774182329277e-09 1.85954949216693e-09 1.3346168281636e-09 1.06584069348159e-09 9.94335447312977e-10 1.07517381664479e-09 1.55606574292477e-09 2.18747723268464e-09 2.16828131005542e-09 1.4731666331258e-09 1.08922910690978e-09 8.9578849893357e-10 7.89201060058531e-10 5.23605570013075e-10 3.68368291425725e-10 3.02667080287478e-10 2.84796108918073e-10 4.30108293425491e-10 7.42950323484592e-10 5.31077060106355e-10 6.00428973207556e-10 4.7425677829338e-10 8.54826898155636e-10 1.52320369650738e-09 1.69593362686626e-09 1.79109704845359e-09 2.90803863212119e-09 8.35821758471411e-09 6.41332150053131e-08 5.27820866125239e-08 2.79667031755082e-08 5.55461298290538e-07 4.34036257956905e-07 1.52499452269694e-05 0.000142635488009546
1.45057713174523e-08 1.16954590900775e-08 8.90052667124053e-09 7.02662849016988e-09 6.00750055257393e-09 5.57330089856478e-09 4.9869283480497e-09 4.1140541195972e-09 3.36363242814386e-09 2.81864550588651e-09 2.45110872709731e-09 3.24454000333319e-09 4.24596302561753e-09 2.12845469027556e-09 1.06651159015314e-09 8.99427210487858e-10 1.40265270509587e-09 2.01048249159896e-09 1.88978398485418e-09 1.79084082008174e-09 1.34251706418453e-09 1.06672074506875e-09 8.26545609733387e-10 6.62310573051883e-10 4.32549818185635e-10 2.99510738432929e-10 2.63279109624648e-10 2.67446897961321e-10 2.70610078789701e-10 7.17305059794171e-10 6.57432119854917e-10 2.6194740820884e-10 2.43700548629988e-10 6.04650707280996e-10 8.16504797107598e-10 1.17418894607368e-09 1.40607587795216e-09 9.34951904785208e-10 4.26631501238006e-09 5.57973132142564e-09 7.21644659584797e-09 3.21867267061293e-08 8.36526503178447e-08 3.70508936953229e-07 3.52503230942602e-06 8.1146195952897e-05
