Maxent_result_files_2/B_bohemicus_2.asc
NCOLS 594 
NROWS 330 
XLLCORNER -15 
YLLCORNER 23 
CELLSIZE 0.166666666666667 
NODATA_value -9999 
[rows 180 to 199 of 330, columns 368 to 413 of 594]
0.000150057568680495 0.000102175382926362 7.44382286939071e-05 6.69179626129335e-05 6.41422389890067e-05 6.35229072941002e-05 6.50861416943371e-05 6.69574314088095e-05 5.38262356712949e-05 4.73355983558577e-05 4.6592526450695e-05 4.46197962446604e-05 4.00715784053318e-05 4.14694721257547e-05 4.87013696329086e-05 4.61840794741875e-05 4.57900507171871e-05 4.20272059272975e-05 4.15204589444329e-05 3.59981229848927e-05 3.39949339831946e-05 3.60986448868061e-05 3.50128564605257e-05 3.08892555040075e-05 3.33033804054139e-05 2.79725129985309e-05 2.87017588561866e-05 2.42556914599845e-05 1.89532050171692e-05 1.90765120350989e-05 2.10699903618661e-05 2.09419124075794e-05 1.84691341928556e-05 1.6767669148976e-05 1.57032373863331e-05 1.41567426908296e-05 1.38127239551977e-05 1.31231886371097e-05 1.22938020012953e-05 1.06108471300104e-05 9.87390221780515e-06 1.01674102552352e-05 8.99447463780234e-06 8.43012978748447e-06 8.36398253341031e-06 8.52733317060483e-06
0.000201817334163934 0.000151144008123083 0.000119967251521302 0.000132315222435864 6.29200858384138e-05 6.37803961581085e-05 6.22586248937296e-05 5.85362573474413e-05 5.30566025190637e-05 4.52899585070554e-05 4.25093823650968e-05 4.53451573775965e-05 4.7794295278436e-05 4.06390918215038e-05 4.55386760222609e-05 5.3511316946242e-05 5.02020242493018e-05 4.47429287305567e-05 3.90449289625394e-05 3.87776279239915e-05 3.46124872521614e-05 3.08769140247023e-05 3.12005233354284e-05 2.55340640251234e-05 3.06621640447702e-05 3.01850863252184e-05 2.57487796261557e-05 2.27837694183108e-05 1.98788070520095e-05 1.69058266692446e-05 1.76621072569105e-05 2.09126777917845e-05 1.88546166100423e-05 1.45955148127541e-05 1.47350548104441e-05 1.2022943019474e-05 1.11947792902356e-05 1.39569485781976e-05 1.14924963327212e-05 1.16060532036499e-05 1.10131024484872e-05 9.32423854465014e-06 8.83640141182695e-06 9.69101402006345e-06 8.77863749337848e-06 8.85115491655597e-06
7.63636020565173e-05 8.36361028632382e-05 0.000116633004654432 8.17602358438307e-05 0.000137262819771422 5.66790378798032e-05 5.45608469110448e-05 5.44419986908906e-05 5.18484488566173e-05 4.67795316581032e-05 4.41324555140454e-05 4.78394797028159e-05 5.0567322250572e-05 4.45384726845077e-05 3.88240066968137e-05 4.62644471554086e-05 4.21509766965755e-05 4.64404833110166e-05 4.36684547821642e-05 3.68659068044508e-05 3.20780374750029e-05 3.00777121083229e-05 2.55517174082343e-05 2.32507381952018e-05 2.39002530179278e-05 2.27345588427852e-05 2.17826122934639e-05 2.17558368603932e-05 2.29575977755303e-05 2.07572848012205e-05 2.20057858314249e-05 1.84845727744687e-05 1.78410915395943e-05 1.34226391310222e-05 1.22643305076053e-05 1.15867498152511e-05 1.18240796382452e-05 1.24259632229951e-05 9.68660688158707e-06 1.09113427697594e-05 1.02609383247909e-05 9.12127943593077e-06 9.95675090962322e-06 9.42183251027018e-06 7.37584164198779e-06 7.68982220051839e-06
7.57852470997023e-05 7.1269946420216e-05 0.000143006852158578 0.000254959062294802 0.000141125658410601 6.49461944703944e-05 9.35800082515925e-05 4.59928123746067e-05 4.43963344878284e-05 4.16073733504163e-05 4.17535828091786e-05 4.28976209150278e-05 4.31632835898199e-05 4.45964153186651e-05 4.15330976466066e-05 4.2901654887828e-05 4.15922335378127e-05 4.29101035479107e-05 3.79603894543834e-05 3.33709132974036e-05 3.06298788927961e-05 2.67468516540248e-05 2.56390782851668e-05 2.4513387324987e-05 2.28115160098241e-05 1.90448836292489e-05 2.1111801470397e-05 2.31353614253749e-05 2.38715383602539e-05 2.22578924876871e-05 1.86906200724479e-05 1.31610102471313e-05 1.26241678117367e-05 1.25930860122025e-05 1.10996251805773e-05 1.01609831745009e-05 9.0476621153357e-06 8.25106867523573e-06 7.49587998143397e-06 8.70074254635256e-06 8.38981118249649e-06 8.27190142445033e-06 7.88962843216723e-06 6.91921113684657e-06 6.12680903486762e-06 6.47454744466813e-06
7.5617799666361e-05 7.07598090230022e-05 6.46999018499628e-05 0.000108569513758994 8.47541727125645e-05 0.000142930139918462 8.84119141119299e-05 4.50919582362985e-05 4.19041050918167e-05 3.99969783757115e-05 4.36263400843018e-05 4.12667850469006e-05 4.09384132581181e-05 4.11212400649674e-05 4.50710274890298e-05 4.17246095821611e-05 4.05298254918307e-05 3.75928415451199e-05 3.41264541930286e-05 3.01702009892324e-05 2.68551387307525e-05 2.63088398241962e-05 2.25457503802318e-05 1.82621518433734e-05 1.78318464350014e-05 1.85081659765274e-05 2.01012657271349e-05 2.1368300258473e-05 1.96390431483451e-05 1.44762795116549e-05 1.42052655519365e-05 1.10014818801574e-05 1.772499163053e-05 1.00962195119791e-05 8.32389428069291e-06 8.83534626154869e-06 8.8734520431899e-06 8.45454296722892e-06 6.76060519708699e-06 6.86037894865876e-06 9.55715254349343e-06 8.09787495654746e-06 7.18199548828125e-06 5.99606457853952e-06 6.0874671817146e-06 5.54140860913321e-06
7.46019250073005e-05 6.94654718245147e-05 6.24226882791845e-05 5.78242135816254e-05 0.000135955352743622 0.00011204589609406 0.000111662389099365 0.000126918304886203 4.82395873405039e-05 3.9971414480533e-05 4.70429891720414e-05 3.63147617463255e-05 3.30670465700678e-05 3.72724049157114e-05 3.8390589725168e-05 3.65394578693667e-05 3.20350077345211e-05 3.26576864608796e-05 3.0790714208706e-05 2.98632813610311e-05 2.25322182814125e-05 1.90167341315828e-05 1.74343167600455e-05 1.96932044673304e-05 1.87087202903058e-05 1.73159462065087e-05 1.80215517502802e-05 1.92900623005698e-05 2.63660924247233e-05 2.36733047131565e-05 8.22947308734001e-06 1.55265856392361e-05 1.15745175662596e-05 1.53814840814448e-05 1.52433177845523e-05 8.6530861153733e-06 8.46731975343573e-06 8.11860045359936e-06 8.37815523482277e-06 7.70337287576695e-06 7.11188090463111e-06 7.61044332193705e-06 6.3603654552935e-06 5.26889632510574e-06 5.29063729572954e-06 5.62945872388809e-06
0.000106551546195988 9.49120010773186e-05 4.09433512686519e-05 7.69532707636245e-05 5.07061544340104e-05 4.28380606535939e-05 5.32796735569718e-05 0.000117091784341028 8.65062058437616e-05 6.42724211502355e-05 4.53463686426403e-05 3.58553288606345e-05 3.50343543686904e-05 3.45081170962658e-05 3.29298497490527e-05 3.19491905429459e-05 2.70275267212128e-05 2.76190698059509e-05 2.85079471723293e-05 2.63376438851992e-05 2.17428088944871e-05 1.91616790289117e-05 1.79588868377323e-05 1.80678388460365e-05 2.71248130957247e-05 1.24097381103638e-05 1.33613783418696e-05 -9999 -9999 -9999 -9999 -9999 2.23088651182479e-05 1.69139613717562e-05 1.78322768988437e-05 1.65939275575511e-05 6.82269560456916e-06 9.90743869806465e-06 8.18201517631678e-06 1.73841282958165e-05 1.25993913115963e-05 5.83561131861643e-06 5.88726177284116e-06 6.33320355518663e-06 5.93262998336286e-06 4.91378687001998e-06
0.000114981799561065 9.7024760543718e-05 7.67541579989484e-05 9.31496666453313e-05 3.10123832605314e-05 5.40098033525282e-05 7.63320105761522e-05 9.4877858646214e-05 0.000154864820797229 0.000117321401558002 0.000100212293546065 7.49766702938359e-05 3.31068798914202e-05 3.41985993145499e-05 3.11594209051691e-05 2.85822864498186e-05 2.34489095419121e-05 2.56693631854432e-05 2.16498525333009e-05 3.05830708384747e-05 1.4696653079227e-05 2.16574828300509e-05 1.32845719235775e-05 1.63767773301515e-05 -9999 -9999 -9999 -9999 -9999 -9999 -9999 -9999 -9999 -9999 -9999 -9999 -9999 -9999 1.42473232699558e-05 1.26804734463803e-05 8.82622721292137e-06 6.47942001705815e-06 5.72705082504399e-06 5.16293641794618e-06 4.7807390728849e-06 4.37300766407134e-06
3.44068310369039e-05 6.65497187583242e-05 6.81827510561561e-05 3.35006316163344e-05 8.80668088939274e-05 6.01888972596498e-05 4.73676154797431e-05 2.49544320467976e-05 3.75247183910687e-05 4.85409676912241e-05 6.54831124847988e-05 8.06028787337709e-05 4.35325919170282e-05 0.000102367329964181 8.58106493978994e-05 8.67713148181792e-05 6.36470100289443e-05 9.21826507692458e-05 0.000156500348384725 9.73787460679887e-05 6.10468570812373e-05 1.89397961548821e-05 -9999 -9999 -9999 -9999 -9999 -9999 -9999 -9999 -9999 -9999 -9999 -9999 -9999 -9999 -9999 -9999 -9999 -9999 7.92789253409865e-06 1.01926912066119e-05 4.92877964006766e-06 4.5062035724186e-06 3.86292556413537e-06 3.53138379978191e-06
5.53195779502858e-05 4.7892022121232e-05 2.95561940220068e-05 3.18189653626177e-05 3.36976407197653e-05 2.56379869824741e-05 4.00063196138944e-05 3.96782777897897e-05 3.78468996132142e-05 7.05400325387018e-05 5.73813784285448e-05 8.0578566485201e-05 6.31828086625319e-05 4.98115703521762e-05 9.10545422811992e-05 0.000128000116092153 0.000415783957578242 7.99999448645394e-05 0.000593109388137236 0.000110523154580733 2.19237980672915e-05 -9999 -9999 -9999 -9999 -9999 -9999 -9999 -9999 -9999 -9999 -9999 -9999 -9999 -9999 -9999 -9999 -9999 -9999 -9999 7.23457399089966e-06 4.97601445204054e-06 5.65807420116471e-06 4.01070885800436e-06 3.54720395989716e-06 2.67797920514568e-06
7.14202789822593e-05 8.1157284512301e-05 6.73778846248751e-05 3.09536060740356e-05 4.2864522220043e-05 4.83542276924709e-05 5.50295022549108e-05 2.52893540164223e-05 7.15602578566177e-05 3.4315578523092e-05 5.92454583966173e-05 3.13531756546581e-05 8.60177857248345e-05 5.29697292222409e-05 9.976883084164e-05 0.000165822094277246 0.000103399674844695 -9999 -9999 -9999 -9999 -9999 -9999 -9999 -9999 -9999 -9999 -9999 -9999 -9999 -9999 -9999 -9999 -9999 -9999 -9999 -9999 -9999 -9999 -9999 7.31199791061954e-06 4.7389174824275e-06 3.41623965596227e-06 3.67691898190969e-06 2.93734402703194e-06 2.7063229936175e-06
7.84947627835209e-05 4.51501025963807e-05 5.01727481605485e-05 4.75575941891293e-05 2.54463732744625e-05 6.85513179632835e-05 3.15115366902319e-05 1.67142931786657e-05 9.43404666031711e-05 2.86184832475556e-05 4.24851397838211e-05 0.000136526244023116 0.00010690533235902 8.10976333013969e-05 7.28389342839364e-05 -9999 -9999 -9999 -9999 -9999 -9999 -9999 -9999 -9999 -9999 -9999 -9999 -9999 -9999 -9999 -9999 -9999 -9999 -9999 -9999 -9999 -9999 -9999 -9999 6.73300248763553e-06 1.44918954902096e-05 3.40224564752134e-06 3.11776302623912e-06 2.81929823131577e-06 2.55302236382704e-06 2.40994103251069e-06
4.11899480241118e-05 3.09344808556489e-05 5.35066385054961e-05 5.03975457831984e-05 7.10767148120794e-05 7.33627668523695e-05 0.0001731483876938 5.60169351956574e-05 6.40526079223491e-05 8.61181913933251e-05 9.89295287581626e-05 0.000168295393086737 0.000655959185678512 7.57336114475038e-05 3.18101794618997e-05 -9999 -9999 -9999 -9999 -9999 -9999 -9999 -9999 -9999 -9999 -9999 -9999 -9999 -9999 -9999 -9999 -9999 -9999 -9999 -9999 -9999 -9999 -9999 -9999 7.76946908445097e-06 4.47514330517151e-06 5.67273855267558e-06 3.60314168119658e-06 3.47669414395568e-06 3.25265829133059e-06 2.05207563226395e-06
4.87714356495417e-05 7.22858578228625e-05 6.33667397778481e-05 6.59525805531302e-05 3.37466819473775e-05 8.96828409167938e-05 0.000154945121175842 0.000104101050237659 0.000215097645559581 0.000362942466745153 0.000104563305649208 6.46535929263337e-05 5.6458035032847e-05 -9999 -9999 -9999 -9999 -9999 -9999 -9999 -9999 -9999 -9999 -9999 -9999 -9999 -9999 -9999 -9999 -9999 -9999 -9999 -9999 -9999 -9999 -9999 -9999 -9999 -9999 5.40630378509377e-06 3.24403608829016e-06 2.11157208127588e-06 3.20340037660571e-06 1.29234487076246e-06 1.36784822188929e-06 1.40405445563374e-06
7.24840287148254e-05 7.33194970962359e-05 6.8894990181434e-05 5.99528044403996e-05 6.56198641081573e-05 6.25819648121251e-05 6.40363130514743e-05 9.60470017162152e-05 -9999 0.000231878635531757 -9999 -9999 -9999 -9999 -9999 -9999 -9999 -9999 -9999 -9999 -9999 -9999 -9999 -9999 -9999 -9999 -9999 -9999 -9999 -9999 -9999 -9999 -9999 -9999 -9999 -9999 -9999 -9999 -9999 4.6122596359055e-06 3.13091278485445e-06 1.36250832838414e-06 2.87173504602833e-06 1.40958932774993e-06 1.0768240372272e-06 6.26844557416462e-07
7.49394104786916e-05 4.69818794954335e-05 6.39168349152897e-05 5.98955830355408e-05 5.9079014317831e-05 4.14170681324322e-05 5.52724695808138e-05 -9999 -9999 -9999 -9999 -9999 -9999 -9999 -9999 -9999 -9999 -9999 -9999 -9999 -9999 -9999 -9999 -9999 -9999 -9999 -9999 -9999 -9999 -9999 -9999 -9999 2.69559170646971e-06 -9999 -9999 -9999 4.91519508614147e-06 5.01485778841015e-06 5.32650340119289e-06 6.71692425839865e-06 3.94674787003169e-06 3.28965112430524e-06 1.9767261051129e-06 1.89555870520053e-06 1.06521960958617e-06 7.18790687415094e-07
2.74848734079569e-05 6.02085856371559e-05 3.07849415548844e-05 6.11296585702803e-05 4.92463705086266e-05 7.4300917549408e-05 6.1160336190369e-05 -9999 -9999 -9999 -9999 -9999 -9999 -9999 -9999 -9999 -9999 -9999 -9999 -9999 -9999 -9999 -9999 -9999 -9999 -9999 -9999 -9999 -9999 -9999 4.92814295967037e-06 2.33642287525981e-06 1.01431110977046e-06 1.00877971931368e-06 1.90717193504497e-06 1.73609885223414e-06 1.51164763337874e-06 1.24837772546016e-06 1.27028727092693e-06 2.85069087908596e-06 2.63826216269081e-06 1.95389667965173e-06 2.02853111090917e-06 1.74594741793044e-06 1.44015247656171e-06 7.31821890553874e-07
3.62784598110011e-05 2.61279182268481e-05 2.72967727141804e-05 0.00010947648625006 7.26232166925911e-05 4.63551394204842e-05 -9999 -9999 -9999 -9999 -9999 -9999 -9999 -9999 -9999 -9999 -9999 -9999 -9999 -9999 -9999 -9999 -9999 -9999 -9999 -9999 -9999 -9999 -9999 2.91605284701291e-06 2.05474672156925e-06 1.25487938475999e-06 7.23892361520484e-07 8.96236130643047e-07 1.65437077157549e-06 1.24057207244732e-06 8.6424449250444e-07 7.86778960559786e-07 7.90401918493444e-07 1.08247629100333e-06 6.32386857546408e-07 1.2181523061372e-06 8.37338365045071e-07 8.03105945124116e-07 1.36479986281302e-06 1.80739739903402e-06
3.67561267921701e-05 4.10702043154743e-05 5.21838921486051e-05 2.62762970123731e-05 5.7527457101969e-05 -9999 -9999 -9999 -9999 -9999 -9999 -9999 -9999 -9999 -9999 -9999 -9999 -9999 -9999 -9999 -9999 -9999 -9999 -9999 -9999 -9999 -9999 5.55401929887012e-06 3.95030374420458e-06 3.76254331513337e-06 1.65898740078774e-06 1.5860876089846e-06 1.28937201111512e-06 1.60340205752618e-06 1.45704996441509e-06 1.28384003517112e-06 1.08894374477586e-06 9.81852119252835e-07 7.91418506196351e-07 8.11232696662501e-07 9.59762837737799e-07 1.99000131715366e-06 1.05220362911496e-06 1.47687183584821e-06 2.74200117473811e-06 2.40897564935949e-06
4.73478043204523e-05 4.39486557297641e-05 0.000105614031053847 4.20317066527787e-05 -9999 -9999 -9999 -9999 -9999 -9999 -9999 -9999 -9999 -9999 -9999 -9999 -9999 -9999 -9999 -9999 -9999 -9999 -9999 -9999 -9999 -9999 -9999 -9999 -9999 3.26408710407122e-06 1.67738104437376e-06 1.68858528013516e-06 1.48871980627519e-06 1.2804674184963e-06 1.29830768571537e-06 9.22631309663302e-07 6.50656764378255e-07 8.27123633939664e-07 3.90109302372821e-07 6.90547241788408e-07 5.95019858451451e-07 8.55826760925993e-07 1.71273262026261e-06 1.7849753533028e-06 3.36340903004384e-06 3.05096268675698e-06
