Maxent_result_files_2/B_bohemicus_2.asc
NCOLS 594 
NROWS 330 
XLLCORNER -15 
YLLCORNER 23 
CELLSIZE 0.166666666666667 
NODATA_value -9999 
[rows 80 to 99 of 330, columns 138 to 183 of 594]
-9999 -9999 -9999 -9999 -9999 -9999 -9999 -9999 -9999 -9999 -9999 -9999 -9999 -9999 -9999 -9999 -9999 -9999 0.949636924266815 0.887817144393921 0.412483829259872 0.279104074835777 0.339702552556992 0.433297911286354 0.388515901565552 0.298480197787285 0.391027149558067 0.373746532201767 0.441688513755798 0.519703215360641 0.429588919878006 0.553480735421181 0.564343929290771 0.596391150355339 0.674331802129746 0.574016156792641 0.717800030112267 0.60360586643219 0.337936264276505 0.323908822238445 0.355587568879128 0.422163069248199 0.431373780965805 0.302412271499634 0.249259020388126 0.229622660577297
-9999 -9999 -9999 -9999 -9999 -9999 -9999 -9999 -9999 -9999 -9999 -9999 -9999 -9999 -9999 -9999 0.67896112203598 0.580112320184708 0.509287253022194 0.363638699054718 0.367888969182968 0.382193458080292 0.390396627783775 0.443425634503365 0.684300518035889 0.432642933726311 0.344034889340401 0.41807014644146 0.578666687011719 0.50420777797699 0.518345671892166 0.439212733507156 0.503159871697426 0.624193978309631 0.605623787641525 0.838695496320724 0.74493094086647 0.817402321100235 0.682242435216904 0.745231235027313 0.58364026248455 0.468554416298866 0.411741489171982 0.412737593054771 0.380335316061974 0.35805626064539
-9999 -9999 -9999 -9999 -9999 -9999 -9999 -9999 -9999 -9999 -9999 -9999 -9999 -9999 0.839444118738174 0.592753088474274 0.419570541381836 0.287585699558258 0.369352731108665 0.85955405831337 0.490465277433395 0.372168570756912 0.528769585490227 0.485823372006416 0.421209794282913 0.671699291467667 0.687434515357017 0.371370132267475 0.375592434406281 0.371752509474754 0.413015267252922 0.383461081981659 0.377456903457642 0.416547930240631 0.853310859203339 0.530189493298531 0.562347885966301 0.383607757091522 0.378578224778175 0.408399924635887 0.506734716892242 0.515044286847115 0.665060311555862 0.729135620594025 0.559027227759361 0.535284739732742
-9999 -9999 -9999 -9999 -9999 -9999 -9999 -9999 -9999 -9999 -9999 -9999 0.992538797855377 0.712062209844589 0.521369194984436 0.366602462530136 0.111567694693804 0.262740684300661 0.355004519224167 0.503961724042892 0.613551351428032 0.894632655382156 0.995574194192886 0.654816973209381 0.727806842327118 0.435587838292122 0.676822996139526 0.594285723567009 0.663514274358749 0.488769739866257 0.492483416199684 0.484936189651489 0.492069482803345 0.430957892537117 0.371122434735298 0.689435684680939 0.830464541912079 0.565991920232773 0.488461393117905 0.442809051275253 0.398409894108772 0.340203911066055 0.418523895740509 0.893938452005386 0.858181357383728 0.455715030431747
-9999 -9999 -9999 -9999 -9999 -9999 -9999 -9999 -9999 -9999 -9999 -9999 0.76956912279129 0.560300335288048 0.407007324695587 0.389311495423317 0.297644828259945 0.352605637907982 -9999 0.981654107570648 0.912841361761093 0.992459625005722 0.591335165500641 0.69495821595192 0.542151927947998 0.590048250555992 0.481849640607834 0.405834537744522 0.551444682478905 0.439343956112862 0.696283933520317 0.57705751657486 0.604747828841209 0.406417632102966 0.338848072290421 0.354422749578953 0.42310908138752 0.866579878330231 0.911651188135147 0.620482337474823 0.342689910531044 0.482895335555077 0.670316326618195 0.582065671682358 0.761599326133728 0.828372079133987
-9999 -9999 -9999 -9999 0.973102593421936 -9999 -9999 -9999 -9999 -9999 0.985874342918396 0.955086886882782 0.906364160776138 0.530825504660606 0.306540076434612 0.181733453273773 0.263852266967297 0.752190619707108 -9999 0.937006479501724 0.745542001724243 0.702242511510849 0.962478309869766 0.474780035018921 0.636689203977585 0.586788392066956 0.507021781802177 0.676236796379089 0.632348394393921 0.48213839828968 0.477111966907978 0.832918983697891 0.359029391407967 0.671056932210922 0.610929131507874 0.575095149874687 0.503016591072083 0.701309829950333 0.617069748044014 0.759849452972412 0.752911508083344 0.739468824863434 0.783861243724823 0.613870763778687 0.622419819235802 0.363234061002731
-9999 -9999 -9999 0.99384029507637 0.915445065498352 0.872895288467407 0.914468067884445 -9999 -9999 0.999890446662903 0.969907504320145 1 0.999998396635056 0.998713004589081 -9999 -9999 -9999 0.846645951271057 0.896292924880981 0.53689714372158 0.392632475495338 0.605918717384338 0.463352990150452 0.434118464589119 0.755571013689041 0.578038820624352 0.6021589666605 0.497999587655067 0.475823605060577 0.608128991723061 0.81366736292839 0.627105534076691 0.721611750125885 0.766367864608765 0.841370272636414 0.85760378241539 0.973884576559067 0.723824054002762 0.709103965759277 0.675405943393707 0.616224956512451 0.671154093742371 0.512587404251099 0.398685458302498 0.256830862164497 0.284758462011814
0.659683954715729 -9999 -9999 0.950698602199554 0.963180792331696 0.954161989688873 0.992877352237701 0.816395074129105 0.91516073346138 0.877750766277313 0.823720210790634 0.987324929237366 -9999 0.999999648332596 0.999936258792877 1 0.959629774093628 0.983787781000137 0.597515323758125 0.457283014059067 0.47194981276989 0.723887377977371 0.500331801176071 0.770786809921265 0.581660032272339 0.391175410151482 0.431498324871063 0.804517960548401 0.687987637519836 0.45051049888134 0.602508071064949 0.753153944015503 0.88996753692627 0.773360025882721 0.81402153968811 0.884987074136734 0.860610657930374 0.899995762109757 0.890752148628235 0.888222002983093 0.585300129652023 0.492187684774399 0.725447261333466 0.614762461185455 0.328626203536987 0.377943885326386
-9999 -9999 0.842610287666321 0.9421291410923 0.98413046002388 0.946740561723709 0.999489295482636 0.902948021888733 0.628110134601593 0.612871581315994 0.820901590585709 0.883518981933594 0.991658192873001 0.864763784408569 0.741673845052719 0.608876872062683 0.727127891778946 0.80353502035141 0.808386957645416 0.596903032064438 0.517840877175331 0.520586490631104 0.610833838582039 0.747337925434113 0.388970443606377 0.532823687791824 0.909890931844711 0.486783298850059 0.833553594350815 0.54961596429348 0.680763137340546 0.718788278102875 0.698011517524719 0.815820187330246 0.521471562981606 0.8901715695858 0.870081198215485 0.475127753615379 0.932746565341949 0.808657431602478 0.803846001625061 0.388550570607185 0.425087997317314 0.332863831520081 0.283934515714645 0.292997995018959
0.859730929136276 0.942470294237137 0.998019129037857 0.991969227790833 0.959374058246613 0.869160938262939 0.780266386270523 0.578582820296287 0.564276793599129 0.60673343539238 0.677790001034737 0.501136028766632 0.765506935119629 0.859926700592041 0.4311115026474 0.703990405797958 0.253747761249542 0.753147655725479 0.576535767316818 0.559175345301628 0.578584262728691 0.733745491504669 0.545183211565018 0.507867401838303 0.531033134460449 0.511365532875061 0.314443553984165 0.539226832985878 0.598264265060425 0.522296738624573 0.588757783174515 0.59443838596344 0.57857780456543 0.494775944948196 0.431636413931847 0.57284705042839 0.479420068860054 0.601590305566788 0.84427478313446 0.692787504196167 0.929697912931442 0.426223960518837 0.500076758861542 0.434636402130127 0.385609319806099 0.435811963677406
0.988762998580933 0.99942838549614 -9999 0.974472224712372 0.795536452531815 0.637701666355133 0.666416102647781 0.457580435276031 0.522896736860275 0.73093364238739 0.491641989350319 0.620265609025955 0.574358439445496 0.768971693515778 0.671426045894623 0.74076361656189 0.661881375312805 0.743075573444366 0.71186016201973 0.61125408411026 0.376756256818771 0.503667441010475 0.469755333662033 0.547530543804169 0.459722572565079 0.518080544471741 0.508489990234375 0.329411648213863 0.635051620006561 0.653217542171478 0.578053134679794 0.563071820139885 0.389212191104889 0.368973886966705 0.530237025022507 0.662272548675537 0.363540859520435 0.429607784748077 0.793091237545013 0.976117551326752 0.663902622461319 0.663693803548813 0.522579124569893 0.501107832789421 0.376104950904846 0.405579271912575
0.999445116519928 0.845611327886581 0.968655204772949 0.926699197292328 0.706620925664902 0.592515414953232 0.460086867213249 0.308268195390701 0.470951747894287 0.527309110760689 0.729382765293121 0.426048585772514 0.593804824352264 0.485601201653481 0.529322421550751 0.539792600274086 0.339533343911171 0.491783437132835 0.476279935240746 0.556911891698837 0.396866378188133 0.41778110563755 0.438538792729378 0.694757199287415 0.478680872917175 0.562201699614525 0.314153300225735 0.308093811571598 0.441767325997353 0.422558355331421 0.471646136045456 0.504808405041695 0.45901605784893 0.474423798918724 0.465149176120758 0.227192577719688 0.307384051382542 0.248578261584044 0.822582674026489 0.652490735054016 0.705600851774216 0.535064545273781 0.502734097838402 0.473141002655029 0.47081253528595 0.410768169164658
0.711418920755386 0.506002113223076 0.369897213578224 0.344826576113701 0.452933949232101 0.614695337414741 0.674251425266266 0.745983242988586 0.650460749864578 0.746173083782196 0.685243463516235 0.658916333317757 0.619867998361588 0.500336474180222 0.58731244802475 0.421175077557564 0.447191214561462 0.496188381314278 0.699524933099747 0.599976140260696 0.630514919757843 0.468824270367622 0.606113308668137 0.615236565470695 0.527424171566963 0.344876307249069 0.378664350509644 0.300924441218376 0.426101189851761 0.403549465537071 0.389573147892952 0.396954670548439 0.402749288082123 0.340785729885101 0.485867863893509 0.503518098592758 0.542957717180252 0.474631157517433 0.292570415139198 0.433418601751328 0.493706172704697 0.443795707821846 0.459221649169922 0.670468425750732 0.329176273941994 0.281448115408421
0.39254979789257 0.400008153915405 0.239453306794167 0.279920996725559 0.201566741615534 0.44388840124011 0.15560335740447 0.177122661471367 0.298640412092209 0.736550939083099 0.346929115056992 0.430710437893867 0.322362101078033 0.204653020203114 0.243219673633575 0.54017847776413 0.451979574561119 0.50574471950531 0.794535517692566 0.727550947666168 0.484412920475006 0.422126197814941 0.464710256457329 0.556651097536087 0.577486211061478 0.370316740870476 0.43444904088974 0.385241097211838 0.484121903777122 0.638798999786377 0.277602845430374 0.316433906555176 0.286958914995193 0.178591648489237 0.341121676564217 0.39226036965847 0.517019936442375 0.459829118847847 0.560709968209267 0.576772204041481 0.607288134098053 0.373339772224426 0.399534896016121 0.542155736684799 0.471308669447899 0.358777076005936
0.659497207403183 0.555486312508583 0.572050487995148 0.492130175232887 0.337549990415573 0.44348920583725 0.249700558185577 0.251520075649023 0.447642761468887 0.363822451233864 0.727194464206696 0.301879474520683 0.51381211578846 0.576286637783051 0.437723398208618 0.317419618368149 0.404912549257278 0.527480825781822 0.460599231719971 0.281214535236359 0.348435977101326 0.455371224880219 0.426525864005089 0.36816528737545 0.493506965041161 0.423474186658859 0.571385642886162 0.262145085632801 0.16364399343729 0.360662347078323 0.406106713414192 0.390480968356132 0.572359731793404 0.393739396333694 0.446429872512817 0.242838993668556 0.112436698377132 0.265696480870247 0.227887253463268 0.484493681788445 0.573877587914467 0.412898108363152 0.4199915766716 0.290652173757553 0.393241655826569 0.330902764201164
0.155080307647586 0.176199218630791 0.277922411262989 0.617921012639999 0.621471905708313 0.735412055253983 0.719891601800919 0.424693378806114 0.29836473762989 0.203401684761047 0.304247087240219 0.457715836167336 0.461834999918938 0.241817109286785 0.498541927337646 0.257897363603115 0.49019483923912 0.364837226271629 0.560409718751907 0.323215714097023 0.274586306512356 0.432477924227715 0.404519349336624 0.527575019001961 0.654278349876404 0.477773916721344 0.512042400240898 0.202500583231449 0.326659142971039 0.507472622394562 0.50418099462986 0.385801246762276 0.481398794054985 0.426628485321999 0.436185932159424 0.3332549482584 0.248849043250084 0.400147989392281 0.334029415249825 0.27759590446949 0.384268149733543 0.44324976503849 0.503695073723793 0.505949667096138 0.346398228406906 0.485954016447067
0.682263600826263 0.663952666521072 0.356206932663918 0.6740498483181 0.766940075159073 0.809733200073242 0.617908608913422 0.411551934480667 0.357089422643185 0.307852154970169 0.224966455996037 0.290164689719677 0.437067487835884 0.317300982773304 0.300144332647324 0.199314686655998 0.11545637100935 0.321941593289375 0.43773832321167 0.256249435245991 0.243627415597439 0.15938428491354 0.277366234362125 0.386361128091812 0.381981906294823 0.277631188929081 0.311014303565025 0.262375576794147 0.480047753453255 0.507749679684639 0.444160658121109 0.593046167492867 0.350302213430405 0.281753136217594 0.293861591815949 0.234793329238892 0.271518559753895 0.417322885990143 0.570300063490868 0.422755122184753 0.525989118218422 0.536599758267403 0.41846099793911 0.412005227804184 0.547195100784302 0.503677913546562
0.49949609041214 0.587084528803825 0.85119577050209 0.599349370598793 0.395095199346542 0.898030835390091 0.754164123535156 0.429260474443436 0.355987250804901 0.373584648966789 0.649223321676254 0.377185788750649 0.233160248398781 0.273827190697193 0.283288951218128 0.354052713513374 0.381067255139351 0.477192094922066 0.442544028162956 0.470246982574463 0.419702556729317 0.246333129703999 0.454067385196686 0.191894023120403 0.306034000217915 0.390596225857735 0.388080671429634 0.360751950740814 0.265185292065144 0.321804144978523 0.164256144315004 0.252320741117001 0.281154033541679 0.164446006715298 0.42054400742054 0.33008286356926 0.456594797968864 0.160187547653913 0.314490747451782 0.570747309923172 0.570621871948242 0.400153496861458 0.386759820580482 0.521485278010368 0.442552351951599 0.55591766834259
0.212360817193985 0.231687906384468 0.905900388211012 0.1164620321244 0.256534889340401 0.639895415306091 0.736601954698563 0.67662478685379 0.630868065357208 0.577189540863037 0.567755582928658 0.616349583864212 0.709724336862564 0.754036450386047 0.394452282786369 0.434645020961761 0.262599240243435 0.351100277900696 0.490133148431778 0.563247931003571 0.438669329881668 0.393533551692963 0.469257596135139 0.385488131642342 0.397547712922096 0.489129859209061 0.26614900380373 0.238823886215687 0.473066791892052 0.43555743098259 0.34622965157032 0.416149145364761 0.270971396565437 0.169772081077099 0.437884449958801 0.301246501505375 0.190812703967094 0.326678106188774 0.358387994766235 0.548292660713196 0.501030278205872 0.618371909856796 0.554524108767509 0.51744991838932 0.400014647841454 0.553861403465271
0.0957563957199454 0.062019457668066 0.204295639693737 0.169838846847415 0.243397930264473 0.407479906082153 0.522307208180428 0.674070745706558 0.587496039271355 0.47337834239006 0.583622136712074 0.514099210500717 0.650605595111847 0.619469118118286 0.600934880971909 0.597892868518829 0.522508856654167 0.383571314811707 0.462893599271774 0.632418698072433 0.598037075996399 0.543966099619865 0.489723405241966 0.448215305805206 0.36897851228714 0.351689222455025 0.372802694141865 0.406065052747726 0.35638619363308 0.63434739112854 0.361947852373123 0.397225764393806 0.237225711345673 0.314419232308865 0.367775648832321 0.306978848576546 0.302008566260338 0.338705831766129 0.429570969939232 0.537291225790977 0.5278071641922 0.527379816770554 0.403276363015175 0.519156843423843 0.283233164250851 0.42574542760849
