Maxent_result_files_2/B_bohemicus_2.asc
NCOLS 594 
NROWS 330 
XLLCORNER -15 
YLLCORNER 23 
CELLSIZE 0.166666666666667 
NODATA_value -9999 
[rows 140 to 159 of 330, columns 322 to 367 of 594]
0.0168922707438469 0.0244336202740669 0.0215763098560274 0.0152871869504452 0.00806087492965162 0.0187547165900469 0.0277389373630285 0.0134706958197057 0.0200242743827403 0.0161233402788639 0.0244248731061816 0.022818592377007 0.0191921714693308 0.0240646143443882 0.0223174740560353 0.0172715905122459 0.00979613894596696 0.00715152299962938 0.0148932456970215 0.0241859743371606 0.0198598131537437 0.0129480848088861 0.0114683507010341 0.00880840630270541 0.00951929073780775 0.00814770106226206 0.0114989810157567 0.00965127479285002 0.00972601096145809 0.0131531361024827 0.00411322650033981 0.0100444164127111 0.00872717723250389 0.0131153062917292 0.00471036452800036 0.00507818246260285 0.00485244777519256 0.0109760257415473 0.0043227483285591 0.00384072223678231 0.00365433800034225 0.00529910319019109 0.00366863179951906 0.00351826148107648 0.00365075352601707 0.00917804930359125
0.0106197139713913 0.00979749537073076 0.00901352730579674 0.00815684041008353 0.00787511779926717 0.0074404863640666 0.00686326292343438 0.00639084249269217 0.00636559820268303 0.019430039729923 0.00621195563580841 0.0156868974678218 0.0116989477071911 0.00605257502757013 0.0122742121107876 0.01736527569592 0.00738187478855252 0.0220444415695965 0.00672849724069238 0.0155540974810719 0.0164157526567578 0.0156767178326845 0.01879857853055 0.0126958621665835 0.0111334030982107 0.0089429369661957 0.00877513433806598 0.00760393100790679 0.00419009916950017 0.00435244624968618 0.00837739678099752 0.0111295319162309 0.00813653403893113 0.00738472300581634 0.00515955972950906 0.00969229708425701 0.00466124720405787 0.0044394240481779 0.00402568047866225 0.00380465539637953 0.00375958720687777 0.00399893647991121 0.00336026079021394 0.00471918124239892 0.00381847482640296 0.00841659230645746
0.0100072843022645 0.0157684102654457 0.00858600940555334 0.00828439705073833 0.00766442781314254 0.0126180805731565 0.0132501438260078 0.00615312675945461 0.00649507637135685 0.0169659696519375 0.00656045523937792 0.0120091118384153 0.00814174734987319 0.0131623831577599 0.0107449542731047 0.0104784321971238 0.0166600841097534 0.010885948035866 0.00669987453147769 0.0112455651164055 0.0153807905502617 0.0117617369629443 0.0134297968819737 0.0112301192712039 0.0105401270091534 0.00827874294482172 0.00613503239583224 0.00799609087407589 0.00391610404476523 0.00418590055778623 0.00817399700172245 0.00461910322774202 0.00565062663517892 0.00564040506724268 0.00507818281184882 0.0115244671236724 0.00904106418602169 0.00882985657081008 0.0156930883880705 0.0200609937310219 0.00794938681647181 0.00786091657355428 0.00484330689068884 0.00477924684528261 0.00476016437169164 0.0106347693130374
0.0166725530289114 0.00950737185776234 0.0115307782776654 0.00803234446793795 0.00691412622109056 0.0183948478661478 0.0327348167076707 0.00893198898993433 0.00598856569267809 0.00617700482252985 0.00682365112006664 0.00657674288377166 0.00562110964674503 0.00542551530525088 0.0064076489303261 0.00823148298077285 0.0155566466506571 0.0150787091813982 0.0124785815365613 0.0172667424194515 0.0161697011440992 0.0145983621478081 0.0161866841837764 0.0152500756084919 0.0111652730964124 0.0137344636954367 0.00802450603805482 0.00376135555561632 0.00383008364588022 0.0038232215680182 0.00389514048583806 0.0123131347820163 0.00372295097913593 0.00537528116255999 0.00321034162770957 0.00944229722954333 0.00500354650430381 0.00986931379884481 0.0122181839775294 0.00752250687219203 0.00423410141374916 0.00310987220145762 0.00390509264543653 0.00275197256123647 0.00289498610654846 0.00742689464241266
0.00999489156529307 0.00979459071531892 0.00859302510507405 0.0123413534834981 0.007059162016958 0.00756881618872285 0.00655984955374151 0.00696829310618341 0.00661084654275328 0.00552262526471168 0.0057548665208742 0.0106211812701076 0.0155514025129378 0.0171162875369191 0.00835456638596952 0.00717066386714578 0.0170108623802662 0.00657320506870747 0.0153772464953363 0.0163581746630371 0.0155928255058825 0.0130338047165424 0.0104773883707821 0.0120822344440967 0.0158916682936251 0.013125156937167 0.00469540951307863 0.00450003552250564 0.00435822261497378 0.00400650145020336 0.00966798886656761 0.00346245162654668 0.00448168786242604 0.00327720158966258 0.00504372669383883 0.00440479279495776 0.00426195862237364 0.00417346730828285 0.00411937728058547 0.00410894837696105 0.00345008234726265 0.0024661022471264 0.0028271883376874 0.00786319875624031 0.00699675465002656 0.00532042291015387
0.0116254606749862 0.00889815334230661 0.00802146485075355 0.00737562882713974 0.00690856287255883 0.0191899868659675 0.0156434737145901 0.0182872294448316 0.0238426232710481 0.00765451812185347 0.00611652564257383 0.00676630060188472 0.0124903310555965 0.00712735424749553 0.0122271794825792 0.0166249335743487 0.00672419401817024 0.0127123558428138 0.0152463427744806 0.0144915542565286 0.013352498691529 0.0103422534186393 0.0100402976386249 0.00765811600722373 0.0157164191827178 0.0139375147409737 0.0155874442309141 0.0102532513439655 0.00482749191578478 0.00447122873738408 0.0045455640880391 0.00250072410563007 0.00229835896752775 0.00196835106471553 0.00365128664998338 0.00332627958850935 0.00428000576794148 0.00451799312140793 0.004005230916664 0.00402637082152069 0.0104718958493322 0.00338174120988697 0.00427144966088235 0.00377803955925629 0.0114206546917558 0.00509020276367664
0.00790213472209871 0.00816666223108769 0.0073332894127816 0.00643800136167556 0.00655951395165175 0.00654780343174934 0.0124384120106697 0.0136681386269629 0.00777490083128214 0.00672468291595578 0.00662690727040172 0.00681797596625984 0.00730049051344395 0.00669298097491264 0.00692873187363148 0.00665905247442424 0.00692113656550646 0.0167272871360183 0.0163264697417617 0.0146320646628737 0.0103067371062934 0.00629144734703004 0.00953146354295313 0.00790406654123217 0.0081517179030925 0.00604081694036722 0.0102713217027485 0.00592327860649675 0.0139099377207458 0.0164204595610499 0.0169846761971712 0.00489546798635274 0.00594556538853794 0.00288446985650808 0.00183413533377461 0.00293843931285664 0.00304441270418465 0.00458162731956691 0.00429206711705774 0.0129725066013634 0.00256275023566559 0.00199670258443803 0.00366321803303435 0.00600237741600722 0.00582006988115609 0.00773382454644889
0.00693298685364425 0.00678903670050204 0.00810199119150639 0.00615697400644422 0.0064576935954392 0.00645246300846338 0.00659590973518789 0.007227752963081 0.00709176799282432 0.0066674888599664 0.00657681287266314 0.00683177807368338 0.00799239128828049 0.00679886010475457 0.0104765550233424 0.00686270073056221 0.00695519726723433 0.011138112610206 0.0277551244944334 0.0136107176542282 0.00676384423859417 0.00755789282266051 0.00707286375109106 0.00658108736388385 0.0153894821181893 0.00609415345825255 0.00601725638844073 0.00537943572271615 0.00480556911788881 0.00614604731090367 0.00867267912253738 0.00758318575099111 0.00478945670183748 0.0049965369515121 0.00487207055557519 0.00659489657264203 0.00422424436546862 0.00407071190420538 0.00898314972873777 0.00490845327731222 0.00644342792220414 0.00260092767421156 0.00274712458485737 0.00235595083795488 0.00301138319773599 0.00497834214475006
0.00656906689982861 0.00659835797268897 0.0127357870340347 0.00731943366117775 0.0064754827413708 0.00662856069393456 0.00672916914336383 0.00683802790008485 0.00712974504567683 0.00697576026432216 0.00611024079844356 0.00660772025585175 0.00678562112152576 0.0067416348028928 0.0063612210098654 0.0178681236691773 0.0090446718968451 0.0167543376795948 0.00758005641400814 0.00843454492278397 0.0129927449394017 0.00646233567968011 0.0067908369936049 0.00662619513459504 0.0124472984112799 0.0117978151887655 0.00593729340471327 0.00607219492085278 0.00561117990873754 0.00605172736104578 0.00899852369911969 0.00578630326781422 0.00605107953306288 0.00499875470995903 0.00920879100449383 0.00447447749320418 0.00781803275458515 0.00755643942393363 0.0238193744793534 0.00715610063634813 0.00459788625594229 0.00254785227589309 0.00259914072230458 0.00321088365744799 0.00371640363009647 0.00525935469195247
0.00595894034486264 0.00595396324060857 0.00631144852377474 0.00638057510368526 0.00650746012106538 0.00694706030189991 0.0117350181564689 0.0227419560775161 0.0104946793522686 0.00675666588358581 0.00686356332153082 0.00457034932915121 0.00676397513598204 0.00654610432684422 0.00634773990605027 0.0163387252017856 0.018166823964566 0.0167592617683113 0.00674055851995945 0.0159347523935139 0.00640114147681743 0.00646047864574939 0.00656936215236783 0.00649485802277923 0.00630120129790157 0.00606824068818241 0.00484992240089923 0.00895883808843792 0.00564258678350598 0.00639042521361262 0.00361034220550209 0.00544460047967732 0.00501273325644433 0.0046294444007799 0.00433429102413356 0.00409232338424772 0.00404219797346741 0.00492572109214962 0.00758615713566542 0.00590442596003413 0.0034409818938002 0.00408325030002743 0.00218252680497244 0.00297764202114195 0.00511677791364491 0.00279445545747876
0.00595709215849638 0.00641015898436308 0.00663269788492471 0.00620093592442572 0.012150937365368 0.0073422044981271 0.0141159299295396 0.00963198132812977 0.00829959930852056 0.0167495729401708 0.0265872633084655 0.0147507196292281 0.00642372125294059 0.00728607871569693 0.0064768792130053 0.021133229881525 0.00640532022807747 0.0148792794905603 0.00652280454523861 0.022657260671258 0.00614241666626185 0.00651166581083089 0.00638944185338914 0.00638257258106023 0.00610798632260412 0.00759485040325671 0.00360424658283591 0.00442235788796097 0.00657790610566735 0.00516341836191714 0.00504432627931237 0.00467233289964497 0.00473691495135427 0.00444804080761969 0.0053360891295597 0.00467883055098355 0.00380720088724047 0.0045757241663523 0.00400797328911722 0.00585123335476965 0.00413090470246971 0.0024198783794418 0.00251379070105031 0.00554152767872438 0.00306385506410152 0.00192267380189151
0.00671053279656917 0.00846932446584106 0.0108866032678634 0.00741536668501794 0.0118436820339411 0.0155838024802506 0.0299990056082606 0.0206154110841453 0.00612624366767704 0.00623147555161268 0.0062381180236116 0.0155559500679374 0.0064388531493023 0.00667496980167925 0.00671441522426903 0.0066490713506937 0.0225785441696644 0.00990388793870807 0.00944086294621229 0.0237030958756804 0.00623951668385416 0.00636373716406524 0.0063486605649814 0.00611683090683073 0.0104636653326452 0.00748450169339776 0.00550302711781114 0.00526484367437661 0.00509977575857192 0.00497126802802086 0.00490451354999095 0.0047399849165231 0.00441997142042965 0.00442312485538423 0.00658237237948924 0.00294456741539761 0.00343289414886385 0.00320320460014045 0.0029674815479666 0.00498197176493704 0.00574513718020171 0.00228300591697916 0.00243229608749971 0.00227172740851529 0.0042197024798952 0.00261718761175871
0.00765160992741585 0.0214424686506391 0.0180809010751545 0.00747644915245473 0.0215009434148669 0.223720805346966 0.107655876129866 0.0342588808387518 0.00624845910351723 0.0116969771217555 0.0162516705691814 0.00618185070343316 0.00642535828519613 0.00681978743523359 0.00668950383551419 0.00659358622506261 0.0228441106155515 0.0158902902156115 0.0145180352032185 0.0130508443340659 0.00597873781807721 0.00607725584413856 0.00596325385849923 0.00527886946219951 0.0192136763595045 0.00588249727152288 0.00513841700740159 0.00521102729253471 0.00504970776382834 0.00484457053244114 0.00862406957894564 0.00546970465220511 0.00529610817320645 0.00306162072811276 0.00406951617915183 0.0039019177434966 0.00339202340692282 0.00394386820262298 0.0020898456685245 0.00293769097188488 0.00457230563042685 0.00404494113754481 0.00473364591598511 0.00186548831989057 0.00199611454736441 0.00529208056395873
0.0183948835358024 0.0296430286020041 0.0119461024180055 0.00854768184944987 0.0252000600099564 0.0215543325990438 0.0234422097913921 0.0160353728570044 0.00673174792900681 0.00604427005164325 0.00591541344765574 0.0059944782871753 0.0062687675235793 0.0065361674875021 0.0065064693801105 0.00609074719250202 0.013939145905897 0.0106683330610394 0.00568011009600014 0.00574619497638196 0.00573052449617535 0.00564562720246613 0.00562275745905936 0.0139369113370776 0.00488148736767471 0.00472533055581152 0.0049957841867581 0.00480188396759331 0.00746341682970524 0.0064877564786002 0.00475923102349043 0.0142141685821116 0.00517863198183477 0.0166493856813759 0.0111658859066665 0.00287979691056535 0.00307995317270979 0.00262132685165852 0.00197528853313997 0.00154039349872619 0.00248105060309172 0.00301767966011539 0.00162416339735501 0.00156548209488392 0.00209151657763869 0.0013585506065283
0.0101068469230086 0.0181139245629311 0.0242115531116724 0.00901976237073541 0.0301999527961016 0.0175871108658612 0.00704800090752542 0.00696014692075551 0.00657189930789173 0.00619994264561683 0.00601256997324526 0.00609389368910342 0.00619151962455362 0.00625485677737743 0.00622870486695319 0.00592538302298635 0.00563498756382614 0.00543602996040136 0.00546015060972422 0.00549652297049761 0.0053920921171084 0.00523790623992682 0.0100512212142348 0.00841812253929675 0.00442448526155204 0.00463979647029191 0.0048230855492875 0.0141482475213706 0.0044475139817223 0.00417895414866507 0.0101351744029671 0.00430464681703597 0.00421807270031422 0.00408469222020358 0.00370280707720667 0.003330431971699 0.00297833735821769 0.00262131795752794 0.00225696058478206 0.00188445297535509 0.00380986025556922 0.00182035401230678 0.00142729191575199 0.0013706901227124 0.00096135847561527 0.000706029750290327
0.0120545831508934 0.0118030812591314 0.0116644545923918 0.0151120701804757 0.0191067161969841 0.0229633331298828 0.0330792274326086 0.00709466310217977 0.00675132148899138 0.00639020982198417 0.00618385574780405 0.00659545725211501 0.00602406817488372 0.00593224295880646 0.00586226582527161 0.0057338718790561 0.00526696790475398 0.00527684208936989 0.00535020236857235 0.00530912096146494 0.00525116806384176 0.00718437328469008 0.00460640685632825 0.00461199942510575 0.00439909887500107 0.0043344933539629 0.00435783902648836 0.0131963163614273 0.00579226864501834 0.00398660150822252 0.00401828286703676 0.00398674346506596 0.00387761436868459 0.00376226915977895 0.00342271456029266 0.00323633200023323 0.00277350436663255 0.00242855484830216 0.00203063518274575 0.00185544426785782 0.00177900005364791 0.00163435933063738 0.00114190163440071 0.00144110677065328 0.00100830806768499 0.00109710764372721
0.0124620541930199 0.0119528405368328 0.0155016866512597 0.0117993483319879 0.0472605291754007 0.0266508776694536 0.00926623255945742 0.00742283007130027 0.00708591458387673 0.00667512500658631 0.00626549099106342 0.00601283151190728 0.00590543069411069 0.00579070169478655 0.00550488564185798 0.00517750398721546 0.00635236226953566 0.00934316474013031 0.00512876445427537 0.00534260799176991 0.00518980114720762 0.0216935311444104 0.00655033467337489 0.0044479108415544 0.00413567828945816 0.00392536437138915 0.00405329603236169 0.00399136089254171 0.0039657310815528 0.00373885438311845 0.00371115384623408 0.00374546656385064 0.00355261070653796 0.00340017068665475 0.0030746741220355 0.00284678470343351 0.00263199458131567 0.00449547078460455 0.00395699203945696 0.00172984765376896 0.00162538655567914 0.000924653126276098 0.000720394853851758 0.000960861443309113 0.00183501139399596 0.00236908122897148
0.0114674738142639 0.0111302985809743 0.0746981032192707 0.00172317629258032 0.0611776307225227 0.0265578422695398 0.00797656993381679 0.00756457750685513 0.00725584272295237 0.00678474227897823 0.00625378626864403 0.00601193318143487 0.005771016003564 0.00559105225838721 0.00534542778041214 0.00468173027038574 0.00431839802768081 0.0144762406125665 0.00497299141716212 0.00541201701853424 0.00528878762852401 0.00514907899778336 0.00909779840148985 0.00455382261425257 0.0072483207564801 0.00404974643606693 0.00405143315438181 0.00639040591195226 0.00821196353062987 0.00355629366822541 0.00358479279093444 0.00348173454403877 0.00326836921740323 0.00303050441434607 0.00289750316878781 0.00253338582115248 0.00225784038193524 0.00250926346052438 0.00195017950609326 0.00175164144020528 0.00208580938633531 0.00139889442943968 0.002839213993866 0.00238686832599342 0.00240107649005949 0.000786660262383521
0.0107733549084514 0.01294115036726 0.0357241112738848 0.125792522728443 0.018341226875782 0.00854246849194169 0.00817110128700733 0.00777460634708405 0.00721801682375371 0.00668025766499341 0.00826879665255547 0.00594565970823169 0.00551052533555776 0.00521800769492984 0.00510198425035924 0.00451901978813112 0.00445781892631203 0.0155221250839531 0.00485286433249712 0.00550022590905428 0.00355045143514872 0.0150541092269123 0.00809669466689229 0.0236504853703082 0.00931097529828548 0.015223369281739 0.0103310415521264 0.0283129004761577 0.00363054967019707 0.00348599657882005 0.00342068346217275 0.00324502971488982 0.00293848946457729 0.0028904362465255 0.00610443162731826 0.00315543877659366 0.00633948019240052 0.00196222430095077 0.00169565062969923 0.00151877257740125 0.00140222314512357 0.00133360242471099 0.00199378997785971 0.00434363014064729 0.00367610785615398 0.00124799866753165
0.0107932629995048 0.0102527613285929 0.0526330232620239 0.0538310404866934 0.0085888366214931 0.00808064388111234 0.00762816611677408 0.00734576843678951 0.00695075849071145 0.00646283817477524 0.00693060313351452 0.0058435449609533 0.00536178171169013 0.00513067357242107 0.00508525623008609 0.00442121436353773 0.0060089869890362 0.0109316137619317 0.00510862246155739 0.00272831622278318 0.0064238304272294 0.0146314752288163 0.0139781512320042 0.0157007521949708 0.00470898379571736 0.00440163335297257 0.00402439506724477 0.00378965530544519 0.00357564811129123 0.00337443924508989 0.0031488535227254 0.00293606898048893 0.00276786334579811 0.00252692750655115 0.00342896129004657 0.00193537062732503 0.00220530749065802 0.00254712806199677 0.00157312795054168 0.00133158392854966 0.00200511504663155 0.00115350504638627 0.001737875782419 0.00082558190333657 0.00027230185623921 0.00188353133853525
