Maxent_result_files_2/B_brodmannicus_2.asc
NCOLS 594 
NROWS 330 
XLLCORNER -15 
YLLCORNER 23 
CELLSIZE 0.166666666666667 
NODATA_value -9999 
[rows 180 to 199 of 330, columns 90 to 134 of 594]
0.000121562978529255 0.000326356227014912 1.32119098283923e-05 0.000412545930885244 0.000350200748653151 0.000387507754203398 6.39542062344845e-05 0.000120052529564418 8.29524638902512e-05 0.000275204783974914 0.000199367557797814 0.000104168985126307 0.000254414841765538 1.53917716094742e-05 1.87748724478354e-05 0.000461627383629093 0.00034011988354905 0.000583341107267188 0.000697300311003346 0.000232633230189094 0.00127586340822745 0.000276149462297326 0.000450114985869732 0.000450932862440823 0.00104763734998414 0.00145636860688683 0.000257931922169519 0.00203150584129617 0.000943909224588424 0.000671337403764483 0.000681179498496931 0.00169707983150147 0.00523544328752905 0.00129746057500597 0.000482817100419197 0.00162856344832107 0.000155485729919747 0.000185964245173409 0.000103215896018227 0.000119080722515719 0.000430842581044999 0.000289166883771941 0.000608050181563158 9.37788279458118e-05 7.71818293287652e-05
5.17877805577882e-05 1.75639780081838e-05 5.36530096724164e-05 0.000212398938310798 8.89495966475806e-05 0.000305721630138578 0.000230409457799396 0.000292158174124779 9.34967145440169e-05 0.000561436940915883 7.93750751626465e-06 7.8408208764813e-06 4.32348631989044e-06 3.03080019421031e-05 0.000164035967100062 2.30728913731881e-05 6.21243731075083e-05 0.000277953340264503 0.000324828294833424 0.000312891085923184 0.00132105125521775 0.0021076315199025 0.000520192006661091 0.000690729136113077 0.0012729587382637 0.00163236700173002 0.000646809225145262 0.00197362858452834 0.000597859676054213 0.00122846677841153 0.000171038818007219 0.00232574256369844 0.00207571524078958 0.00157651346526109 0.0012865337455878 0.00107863186567556 0.000251887048216304 0.000167594902450219 0.000180502096192292 0.000165934031883808 0.000311638236235012 0.000335390256259416 0.00096490377891314 0.000549165127449669 6.18425735419259e-05
6.68393066916906e-05 5.53079966266523e-05 7.24158780940343e-05 9.06786484847544e-05 0.000326559006498428 9.24049692912377e-05 9.25771933907526e-05 0.000229176986249513 0.000185574333954719 3.59040092310359e-06 1.24446570041847e-05 1.11614701012286e-05 5.12320202122885e-06 5.56426374060948e-06 0.000162815766816493 0.000224403715037624 0.000534401241020532 0.000672219395346474 0.000137306153192185 0.000640589067188557 0.000526851612085011 0.000279068251984427 0.000193538855455699 0.000917526283592451 0.00139615322987083 0.00175084339571185 0.00456858795369044 0.00669679400743917 0.00305435232003219 0.00187209168216214 0.00146033856435679 0.000792637307313271 0.00125277574115898 0.000574822594353463 0.000344329094514251 0.000310389725200366 0.000621785463590641 0.000481814900558675 0.000261227901501115 7.92524455150989e-05 0.000407561423662628 0.00300121639738791 0.000383517997897798 0.000404439688281855 0.00293556560645811
7.45768892788101e-06 2.16757582630622e-06 1.1661213318348e-05 0.000201148591804667 0.00091002349217888 0.000150551742808602 0.000158434295735788 9.69470404015738e-05 4.15606959450088e-05 6.09016596087031e-06 1.05764576342593e-05 3.47603610748592e-06 3.22306340070355e-06 1.41065292041276e-05 3.966432177549e-05 0.000369089064770378 0.00112957756500691 0.000585570788825862 0.000440322312351782 0.000283711094380124 0.000546791328815743 0.000893699505832046 0.000138519057873054 0.000331163703958737 0.000118887546057067 0.000765642030455638 0.00494277445832267 0.0107493977760896 0.00248798268148676 0.00421958165243268 0.00193997283349745 0.000740164851595182 0.000294821388524724 0.000630146756884642 0.000383077985316049 0.00041173330246238 0.000126820726472943 0.000208901469324019 0.000223281719507895 9.37889289088223e-05 0.000256145063758917 0.000372537788120142 0.00112977284020275 0.000506973423586887 0.000658764347463148
1.23895492720294e-05 7.52776894401563e-06 3.59072812141648e-06 0.000247056069565588 7.9022416502994e-05 0.000220038518091314 7.63536417252908e-05 8.5461206981563e-05 4.28407849994983e-05 4.72953545795463e-05 9.33529257963528e-05 2.65904965090158e-05 2.33288988306768e-05 6.07059488118011e-06 0.000248855080644717 0.000290147069972591 0.0010461396566825 0.000194769397239725 0.000618278659385396 0.000147075840141042 0.000193636076437542 0.000488784734625369 0.000151166812247538 0.000120028249507542 0.000285181438221116 0.000211358509659476 0.00241306487005204 0.00255478088511154 0.000549440519534983 0.00163347306661308 0.00182504172553308 0.00103675180580467 0.00102562065876555 0.000323729483352508 0.000571417079481762 0.000713796305353753 0.000193760104616958 8.3571891206291e-05 0.000229566897542099 0.000275779534737097 0.00106733247040438 0.00177210091956662 0.00210167016190574 0.000279105315530614 0.00134325610270063
0.000218628039147006 0.000142574856363353 0.000212778327477281 0.000178224583578412 0.000201668452791637 0.000246165691351052 8.26134546514368e-05 0.000418656575493515 0.000134918773801473 0.000106915884134651 0.000129873722653429 0.000121641238183656 0.00010958651701003 0.000280520261730999 0.000636781055800384 0.000180438387178583 0.00022774000899517 0.000246027290631901 0.000833590762340464 0.000369884750398342 0.000188404775690287 0.000709808677493129 0.000717075026477687 8.51175260099035e-05 9.6817648261549e-05 0.000106489802194787 0.000813175518123899 0.00204725953517482 0.000974802166456357 0.00158033089828677 0.000928494101390243 0.000956266769208014 0.00120439949678257 0.000121923284314107 0.000233834605387528 3.78473048613381e-05 9.64586906142095e-05 0.0001816663515541 0.00131122074712948 0.00333069862286735 0.0110568417255649 0.00379815380856598 0.0312139617864887 0.00143820703342499 0.000923908273398411
0.000222386543828179 6.91526174705359e-05 0.000150986767221184 0.000216550960612949 5.13276852871058e-05 0.000328791925858241 8.82646781974472e-05 9.77903277089354e-05 0.000132944694996695 0.000127140163567674 0.000416093694366282 0.000275459572731052 0.000252546292904299 0.000149724020775466 0.000175574550667079 0.000145139768028457 0.00063129992922768 0.000247168176065316 0.000673898372042459 0.000765066221356392 0.000643361185211688 0.000404851835628506 0.000304030611005146 0.00031029067322379 0.000340593642772546 0.000530202529625967 0.00013384774001679 0.00127036528429016 0.000935472082346678 0.000982610281789675 0.00115968993050046 0.000564662329270504 0.000471961247967556 2.87736527845084e-05 9.78843426885589e-05 0.000285472958451105 0.000173138952596352 0.00119423029998416 0.00331588923007982 0.000565209097840125 0.0177716685822816 0.805495443940163 0.0324675039388239 0.0022033292974811 0.0134979963302612
0.00023274396371562 0.00018418426552671 0.000292199291288853 0.000189748789853184 0.000264465842701611 0.000220282247755677 0.000342226906650467 0.000128328829578095 2.98166287166168e-05 6.58705765999912e-05 0.000307164717378328 0.000136570123322599 0.000162474278295122 0.000125468782607641 0.000281230255495757 0.000313439036835916 0.000197457547619706 0.000237390087568201 0.000766347392345779 0.000162367142547737 0.000670550917857327 0.000327427332376828 0.000173012879895396 0.00159997051232494 0.00236106921511237 0.000784089002991095 0.0175965503323823 0.00100460537651088 0.00129670566821005 0.00165163837082218 0.000522929619182832 0.00132342305732891 0.000209770130459219 0.000240835219301516 5.86032931644276e-05 0.000772481971959749 0.000419340163834647 0.000868578630797856 0.000431823588405678 0.017573518352583 0.108592192642391 0.0259175785817206 0.00469808243215084 0.0028713451279728 0.00992740053774417
0.000122740689766943 0.00016142253371072 0.000192521946883062 6.75102033710573e-05 0.000264395632257219 0.000242363449433469 9.48670602156199e-05 0.00011688207523548 0.000183781000669114 0.000190246707279584 0.000629707959888037 0.000579272235336248 0.000492247087095166 0.000516002316726372 0.000141721979889553 0.00012683060595009 0.000191994422857533 0.000210240483283997 0.000214238108310383 0.00054231166432146 0.000578956885146909 0.000300042561866576 0.000856973417103291 0.000526549761707429 0.00206610169261694 0.000548113111290149 0.00122505908366293 0.000648767373058945 0.000551318541693036 0.00117030562250875 0.000471582931641024 0.00269237098982558 6.33194465081033e-05 7.35427057435345e-05 0.000170719377638684 0.000401805071578565 0.000883157775388099 0.00146992561167281 0.00132554277879535 0.24887744858861 0.00413089606445283 0.00203978851186548 0.0217647387816174 0.0124776962417765 0.00823840064142949
0.00014818027993897 0.000301911737187766 0.000242112635169178 9.45471112572704e-05 8.91859746843693e-05 0.000582987899542786 0.000485316613048781 0.000699840305605903 0.000348140610003611 0.000472640302177751 0.00170850995054934 0.00123977738257963 0.000848252313153353 0.00233145852107555 0.000519766002253164 0.000407215148152318 0.000141262855322566 0.000177528171479935 0.00127269684453495 0.000756848760647699 0.000206336986593669 0.000242313511262182 0.000880473235156387 0.00152792304870673 0.000516386071103625 0.000378020394418854 0.00070890568458708 0.00032054510738817 0.000241219365489087 0.0058309881715104 0.00148451029672287 0.00132981089700479 0.000150609036245442 0.000104842144082806 0.000211283027533682 0.000544607535448449 0.000779390873503871 0.0219842794816941 0.397128722071648 0.1456656973809 0.157191664399579 0.00319676687215823 0.00970639084116556 0.0170479257300168 0.0515657602314604
0.000510258029680699 0.000477096757094841 0.000379327250266215 0.000363236558769131 0.000461804570659297 0.000899946679419372 0.000918440206442028 0.00111136566556524 0.00295577642973512 0.00135422262828797 0.000447797239030479 0.00484902439638972 0.00140184871852398 0.000286698830313981 0.000522167696908582 0.000358519033761695 0.000671382498694584 0.000683951456448995 0.00024545456544729 0.000495395519828889 0.000392443484452087 0.00078687206550967 0.00202668365673162 0.000203991925081937 0.000320679477590602 0.00220901400898583 0.000224362015401958 0.00028223226731825 0.00215657585067675 0.000857842431287281 0.00112070869945455 0.00197847856907174 9.37716862715488e-05 0.000309454707348777 0.000322701576260442 0.000257156172665496 0.0158514399081469 0.0130929163889959 0.000406364424634653 0.00374863490087591 0.0110527374177764 0.0281952042540071 0.135022236221407 0.0881854856386781 0.0587360461267508
0.000456787149596494 0.000464522693073377 0.000514910634956323 0.000626245590683538 0.000457098767219577 0.000385491867928067 0.000279516196314944 0.000287830861270777 7.09335881538209e-05 3.55393369261492e-05 0.00052852953231195 5.76710482448561e-05 0.000426220296503743 0.000368094324949197 0.000351200829027221 0.00161614517564885 0.000627623443142511 0.000147983289207332 0.000222415316238767 0.000184905965579674 0.000969826491200365 0.000120987082482316 6.83146332903561e-05 2.27650551650527e-05 0.0007201664528111 0.00441366971936077 0.000242390262563319 7.14809489378965e-05 0.00235379301011562 0.00133705486368854 0.00267360148718581 0.00016561813899898 6.49267261844444e-05 0.000618285797645512 0.000368186130124326 0.000114796343586931 0.00206845733337104 0.00103865979181137 0.00417295501102407 0.00131535955442814 0.00293412489336377 0.0100021034071688 0.015452090893825 0.122495332846665 0.0458864342886955
0.000448666590091307 0.000342570380598772 0.000170313403577893 0.000572307340917177 0.001231486920733 0.00299862781539559 0.00112082485866267 0.00399014357244596 0.00030567312205676 3.42587808972894e-05 3.30622088493659e-05 3.69895001313125e-05 8.00239873171904e-05 0.000590717047452927 0.00209396926511545 0.000415969947061967 0.000118373679841 0.000204090599254414 0.000202036676637363 0.000169988245033892 0.000801410296116956 0.000136111842039099 0.000421115720018861 0.00124618173285853 0.0012723408988677 0.00243215830414556 0.000416552194866648 0.000900252579594962 0.00639592214138247 0.00477547890041023 0.00309375036740676 0.00252585255075246 8.24237018605678e-05 9.71795902842132e-05 0.000145858535226073 0.000259625804028474 0.00133857293694746 0.00332608266544412 0.00340475804732705 0.0108495521824811 0.00721341148667068 0.000475925722275861 0.0495960569940507 0.149389387667179 0.397277645766735
0.000541430999874137 0.000202945472847205 0.000365535586024635 0.000865380451432429 0.00100784065143671 0.000307004967180546 0.000667569041252136 0.00610911624971777 0.00139776659780182 0.00104489223449491 9.53748844175095e-05 0.00018806913667504 0.000326338606282672 8.73259769150536e-05 0.000629291141376598 0.000368221786885314 0.000807802683630143 0.000206837246382807 0.000122275235753477 0.000258327414485393 0.000198298205214087 4.59089209273067e-05 0.000580690388051153 0.000311876938949907 0.00056351950915996 0.00146890630712733 0.00655264221131802 0.000562168072792701 0.0231186761579011 0.013488883379614 0.0130735730286688 0.00417749235639349 0.00132230315939523 2.94084059564104e-05 4.49776180751815e-05 0.0016304683231283 0.000129560789810057 0.00204151077123242 0.00202301778263064 0.0168775720406199 0.0705712689086795 0.213181943446398 0.987453585863113 0.115382430783939 0.557152293622494
0.000566703907679766 0.000214839915861376 3.72309749309352e-05 0.000333267030509887 0.000990180083317682 0.000363987930177245 0.00031328396871686 0.000878957111854106 0.000274733611149713 0.000853666708280798 0.000126085323762126 0.000201984360819552 0.000306033870310785 0.000190228590508923 0.000318780343711456 0.000124881972284474 0.00206666971207596 0.000623181949413265 8.81485597346909e-05 4.99260901051457e-05 3.02559782767275e-05 0.000217476737498146 0.00062237851525424 0.00127078830410134 0.0014444226573687 0.00160162183165085 0.00657477010972798 0.0220405425876379 0.0113959286303725 0.00299951686174609 0.00352849481860176 0.00453843851573765 0.00336251578992233 0.00107750407769345 7.56081452772506e-05 0.000225124688108735 0.000297840642757452 0.000178769616287933 0.0234935876738746 0.0463722577117551 0.153591437079012 0.0792971494607627 0.209067041426897 0.420969840884209 0.671439869701862
0.000306939426809549 0.000292215197987389 0.000311074881028617 0.00015751557002659 0.000252549877041019 0.000899987886077724 0.00105365543859079 0.000971606356324628 0.00124615524546243 0.0015693815134 0.000561201803066069 0.000136413068685282 4.28314496389248e-05 4.39520268628257e-05 4.14636775587951e-05 4.20907711138785e-05 0.000402711789320165 0.0487640779931098 0.00110768529411871 0.000347989182046149 2.28417669861813e-05 0.000195990867973705 7.64296130910225e-05 0.000696401711350347 0.000189624776017183 0.000370719001524122 0.00339646071136883 0.000889614495100333 0.00509918328025378 0.00055703557736706 0.00103604207397439 0.000603674189187586 0.00172947911778465 0.00022256041993387 0.000247840332667693 0.000370276115063461 0.000964336336619454 0.00212352326416294 0.0492516022990458 0.0659948764200522 0.652105413377285 0.41999976336956 0.975786942243576 0.634059837460518 0.0098147313176014
0.000437711638369365 0.00030864785767335 0.000310187788272742 0.000172695417495561 0.000334774798102444 0.000100753231163253 0.000364967459609034 0.000671337671519723 0.00111977919295896 0.00299657800933346 0.000209145908047503 2.50241969524723e-05 3.00660894254179e-05 3.73267553008816e-05 0.000381423415092286 0.00115523562999442 0.00640411368804053 0.0341124101541936 0.000183506737630523 4.31348807069298e-05 5.15229256052407e-05 6.01864494797155e-05 0.000424933062822808 4.45954019726691e-05 0.000180142030877128 0.000773020358612542 0.000570038640034909 0.000641045856179312 0.00601452580303885 0.000691515297512524 0.000783253961708397 8.96035464393208e-05 9.42702517932048e-05 0.00020700695567939 0.000584010315272487 0.00574702127196366 0.0670148445984523 0.0537890007894021 0.0424626131920377 0.879685866832733 0.999734634160996 0.711637298762798 0.839163181185722 0.0188818809139775 0.000138089718903045
3.59333610958856e-05 2.86879935174511e-05 2.25131483873042e-05 0.000268153342040023 0.000535618794674519 0.000430178383976454 0.000237047086920938 0.000502090055670124 0.00139226355822757 0.000467529766319785 0.000535414527985267 2.70414901054838e-05 0.000153977556101381 5.82470879351149e-05 0.00160265225567855 0.000525153487978969 0.00200105729745701 0.022290605539456 0.0261485881172121 0.00120879859500747 0.000398274554754607 0.000234543859328085 0.00281276038149372 0.000314218696439639 0.000674253549329351 0.000654167009722273 0.000284482823121834 0.000131954246899113 0.000114484190919484 0.00102088387211552 0.00171450506604742 0.000223997385910479 6.68869452056242e-05 0.00145080302208953 0.000151204300893715 0.0135552038698246 0.296114828740247 0.898745718598366 0.994865733385086 1 0.967539900541306 0.918161541223526 0.14191367952183 0.000725821864103882 4.71862151393054e-05
0.000153196172323078 3.26222511148444e-05 2.40209131732172e-05 0.000122216067029512 9.17493083761656e-05 0.000117668162602058 1.43645895576583e-05 0.00031462024380744 0.000112111806083703 0.000239055039128289 0.000342708708922146 2.76612662730713e-05 8.44399173274724e-05 0.00622953956481069 0.0111991481855512 0.000733404811762739 0.00222439192584716 0.000993451790418476 0.000453616960021463 0.000942605219825055 0.00108093586313952 0.000780608172786401 0.000938356970164023 0.000669898595384666 0.00134885278532693 0.0006455774193455 0.000166618682487751 6.80762170532034e-05 5.49376541133184e-05 0.00420568273402751 9.82124082156588e-05 8.02652057927844e-05 0.00112570291566954 0.00945402769722395 0.000132764270166585 0.0396469761808476 0.930933380126953 0.890771308541298 0.910418075323105 0.998212176561356 0.982885390520096 0.997939813137054 0.0436995848651416 0.000212663326062035 0.000425138612627052
0.000196240170771489 0.000336716594028985 0.000193892982497346 0.000162394984363345 0.000303957655705744 6.83290170471196e-06 6.0330544692988e-05 8.36357628031692e-05 0.000703539811365772 3.7735459909527e-05 4.56854362255399e-05 0.000443286192603409 0.000707918076659553 0.000999654849874787 0.00156020996510051 1.90531840775776e-05 0.00431916968664154 0.0154859494883567 0.01552798547782 0.0260103682056069 0.00134043181751622 0.00119373932744602 0.000561516637030046 0.00140963069571834 0.000597322696194169 8.79493910360907e-05 4.22264664621252e-05 2.91951284452807e-05 5.30970301735323e-05 4.5228248291096e-05 8.57367542713594e-05 9.71797971942578e-05 0.00253626703488427 0.00376167051690572 0.0105161729897133 0.0435644718618278 0.614496940374374 0.78017598092556 0.997256588935852 0.999647235870361 1 1 0.326180224120617 0.00127792387647787 0.000168358035807614
