Maxent_result_files_2/B_brodmannicus_2.asc
NCOLS 594 
NROWS 330 
XLLCORNER -15 
YLLCORNER 23 
CELLSIZE 0.166666666666667 
NODATA_value -9999 
[rows 280 to 299 of 330, columns 495 to 539 of 594]
9.04939934098792e-10 6.1758935743228e-10 3.05457563687384e-09 1.38157263407379e-10 3.97574639876552e-11 4.82811679525241e-11 3.11635162120183e-12 1.09612319221242e-12 2.14472883897088e-13 3.71369601737115e-14 2.27595720048157e-15 2.61346499996762e-14 9.46798195400333e-14 2.56528132069889e-13 2.31936692074441e-13 7.74935671188359e-15 0 0 0 7.7715611723761e-17 2.33146835171283e-16 1.11022302462516e-16 1.55431223447522e-16 0 0 0 0 4.44089209850063e-17 9.54791801177635e-16 8.07132138902489e-15 5.11812814352197e-15 2.04725125740879e-14 2.54352094941623e-14 2.9876101592663e-14 3.58491014651463e-14 4.92494933723719e-14 5.71320768472106e-14 2.82218692859715e-14 8.51430037585033e-14 1.14797060746241e-13 2.22266649529956e-14 2.37410091585843e-13 1.82975856688472e-13 3.22852855560996e-13 1.07690523165616e-12
7.99247421578997e-08 1.5645397311026e-09 1.86309001559692e-10 3.43235329047786e-11 1.47446499454418e-11 4.6514236906603e-12 9.50439726921104e-13 1.71573866225572e-13 1.5093482019779e-13 1.52544643583497e-14 1.53543844305659e-14 4.48530101948563e-14 5.96411808828634e-14 1.58240087699824e-13 4.91828799908944e-15 1.40998324127395e-15 0 0 0 9.99200722162641e-17 6.32827124036339e-16 9.88098491916389e-16 1.4432899320127e-16 0 0 0 0 1.22124532708767e-16 5.22915044598449e-15 5.17363929475323e-15 9.72555369571637e-15 2.15938378289593e-14 3.17856851950182e-14 2.80775402927702e-14 3.0231372960543e-14 1.34670052887031e-14 1.5709655798446e-14 4.56856774633252e-14 9.03721542044877e-15 3.50830475781549e-15 3.92907928414843e-14 2.28006502567268e-13 2.5986990337401e-13 2.04503081135954e-13 2.92699198212176e-13
4.05249520607498e-09 1.28804955590311e-10 3.60184104764016e-12 1.22583054817937e-12 1.15940590461605e-13 1.34559030584569e-13 1.37567734981303e-13 1.5665246877461e-14 8.01914090686751e-14 1.4388490399142e-14 6.66133814775094e-15 3.3539837573926e-14 1.41553435639707e-13 2.53908005731773e-14 5.20694598549198e-15 6.13953332617712e-15 2.22044604925031e-17 0 0 6.66133814775094e-17 5.21804821573824e-16 7.88258347483861e-16 2.22044604925031e-17 0 0 0 7.7715611723761e-17 2.55351295663786e-16 3.44169137633799e-16 5.88418203051333e-16 3.29736238313671e-15 6.60582699651968e-15 9.32587340685131e-15 9.22595333463505e-15 9.75886038645513e-15 3.06532577099006e-14 2.69340105774063e-14 1.12465592394528e-14 3.79696274421804e-15 5.90638649100583e-15 6.51256826245117e-14 5.45119505090952e-15 3.22375459660407e-13 1.38866695920115e-13 3.98026056558365e-13
3.16426496116406e-10 3.65762975462758e-11 3.21682280812752e-10 1.8938005608149e-10 1.3843592938656e-12 1.16301412944608e-12 1.09462439112917e-12 5.61106716645554e-14 1.20015108961979e-14 5.92859095149834e-15 8.21565038222616e-15 1.11244347067441e-14 1.17905685215192e-14 3.03090885722668e-15 6.21724893790088e-16 2.26152430116144e-14 1.11022302462516e-17 0 0 4.44089209850063e-17 2.28705943072782e-15 4.77395900588817e-16 5.55111512312578e-17 1.11022302462516e-17 0 1.11022302462516e-17 6.66133814775094e-17 1.22124532708767e-16 2.77555756156289e-16 3.8746783559418e-15 7.70494779089859e-15 4.50750547997814e-15 5.6843418860808e-15 2.26485497023532e-14 5.77315972805081e-15 2.02393657389166e-14 1.51656465163796e-14 2.09943173956617e-14 1.15463194561016e-14 1.7874590696465e-15 2.17603712826531e-15 6.69908573058819e-14 4.64517313503165e-14 2.04580796747678e-13 9.97646409928166e-14
1.32816369013966e-10 4.80941686475944e-10 9.63235047279909e-12 2.97062374698953e-13 3.24407167795471e-14 2.00173211339916e-14 1.03805852802452e-14 9.44799793956008e-15 5.35127497869325e-15 4.98490138056695e-15 2.74225087082414e-15 2.64233079860787e-15 5.6621374255883e-16 2.66453525910038e-16 1.56541446472147e-15 4.21884749357559e-16 0 0 0 5.55111512312578e-17 1.11022302462516e-16 4.55191440096314e-16 8.88178419700125e-17 0 0 9.99200722162641e-17 7.88258347483861e-16 2.1094237467878e-16 1.08801856413265e-15 1.55431223447522e-15 2.27595720048157e-15 8.14903700074865e-15 3.21964677141295e-15 7.54951656745106e-15 2.67563748934663e-15 3.38618022510673e-15 4.92939022933569e-15 1.51767487466259e-14 1.84852133600089e-14 1.17683640610267e-15 3.35065308831872e-14 1.98951966012828e-14 2.99538172043867e-14 1.1420864254319e-13 5.60329560528316e-14
6.14613393512542e-10 8.82356343545609e-10 6.3179792841872e-09 2.23744156535588e-10 1.43081102521592e-12 5.12145881259585e-14 5.25834931153213e-13 1.99951166734991e-14 3.9190872769268e-15 4.88498130835069e-16 6.99440505513849e-16 5.10702591327572e-16 5.21804821573824e-16 7.54951656745106e-16 1.33115740652556e-14 7.32747196252603e-16 0 0 0 4.44089209850063e-17 2.55351295663786e-16 4.55191440096314e-16 0 0 4.44089209850063e-17 6.55031584528842e-16 1.49880108324396e-15 7.32747196252603e-16 8.77076189453874e-16 2.91988655476416e-15 1.43218770176645e-15 1.29896093881143e-15 1.43218770176645e-15 1.62092561595273e-15 2.24265050974282e-15 7.31636973227978e-15 3.23074900165921e-15 9.35918009759007e-15 5.32907051820075e-15 1.92734717074927e-14 1.17239551400417e-14 4.11004563716233e-14 5.96744875736022e-14 2.78777001483377e-14 7.03659353007424e-14
2.66231481305113e-14 1.79209980188944e-12 2.80745759972945e-11 6.72300548565374e-11 4.49134063273959e-12 3.55937501694825e-13 9.29012422545838e-13 5.49560397189452e-15 1.06581410364015e-15 1.55431223447522e-16 2.22044604925031e-16 2.66453525910038e-16 1.85296222809939e-14 2.02704519836061e-13 2.02171612784241e-14 5.14033260401447e-15 0 0 0 4.44089209850063e-17 7.88258347483861e-16 1.11022302462516e-17 0 2.55351295663786e-16 1.55431223447522e-16 1.14352971536391e-15 1.23234755733392e-15 4.66293670342566e-16 4.9960036108132e-16 5.99520433297585e-16 1.64313007644523e-15 2.30926389122033e-15 1.18793863634892e-15 3.58602036953926e-15 1.4210854715202e-15 1.3988810110277e-15 3.97459842815806e-15 2.23154827949656e-15 2.22044604925031e-15 5.71764857681956e-15 2.19269047363468e-14 3.21853654838833e-14 3.84026144217842e-14 1.84852133600089e-14 1.16451293052933e-13
2.22044604925031e-17 1.11022302462516e-17 2.44249065417534e-16 1.62980740014973e-14 2.14717132962505e-14 3.9190872769268e-15 1.87627691161651e-15 9.99200722162641e-17 1.33226762955019e-16 2.33146835171283e-16 2.33146835171283e-16 3.99680288865056e-16 7.70494779089859e-14 7.66497976201208e-14 5.97299987248334e-15 5.21804821573824e-16 0 0 3.33066907387547e-17 5.55111512312578e-17 5.55111512312578e-17 0 8.88178419700125e-17 1.99840144432528e-16 9.99200722162641e-17 7.66053886991358e-16 3.77475828372553e-16 1.01030295240889e-15 1.09912079437891e-15 1.43218770176645e-15 1.49880108324396e-15 1.77635683940025e-15 7.54951656745106e-16 5.88418203051333e-16 1.65423230669148e-15 1.22124532708767e-16 2.66453525910038e-16 1.0769163338864e-15 1.63202784619898e-15 3.94129173741931e-15 1.5665246877461e-14 8.19344592173365e-15 1.2134737659153e-14 1.29896093881143e-14 1.63757896132211e-14
2.22044604925031e-17 0 0 0 7.7715611723761e-17 1.66533453693773e-16 5.55111512312578e-17 4.44089209850063e-17 3.10862446895044e-16 4.10782519111308e-16 1.46882506157908e-14 5.01265695618258e-14 2.1316282072803e-15 1.11022302462516e-15 3.48610029732299e-15 1.11022302462516e-17 0 0 4.44089209850063e-17 2.44249065417534e-16 5.55111512312578e-17 5.55111512312578e-17 1.11022302462516e-16 3.21964677141295e-16 3.10862446895044e-16 3.44169137633799e-16 3.88578058618805e-16 4.32986979603811e-16 4.66293670342566e-16 1.08801856413265e-15 4.9960036108132e-16 4.66293670342566e-16 4.55191440096314e-16 3.66373598126302e-16 9.99200722162641e-17 4.44089209850063e-17 5.32907051820075e-16 7.7715611723761e-16 4.88498130835069e-16 1.52100554373646e-15 2.39808173319034e-15 3.84137166520304e-15 6.66133814775094e-15 1.88959958791202e-14 3.07531777821168e-15
0 0 0 0 0 1.11022302462516e-17 2.22044604925031e-17 7.7715611723761e-17 1.4432899320127e-16 1.11022302462516e-16 5.55111512312578e-17 3.10862446895044e-16 1.22124532708767e-16 1.11022302462516e-17 6.66133814775094e-17 0 0 0 6.10622663543836e-16 6.66133814775094e-17 3.99680288865056e-16 9.99200722162641e-17 2.88657986402541e-16 2.66453525910038e-16 2.88657986402541e-16 6.10622663543836e-16 2.88657986402541e-16 1.01030295240889e-15 7.7715611723761e-16 5.55111512312578e-17 8.88178419700125e-17 2.77555756156289e-16 5.55111512312578e-17 2.66453525910038e-16 3.66373598126302e-16 3.21964677141295e-16 3.77475828372553e-16 5.44009282066327e-16 7.105427357601e-16 9.10382880192628e-16 1.37667655053519e-15 5.09592368302947e-15 3.24185123190546e-15 4.20774526332934e-15 6.43929354282591e-15
0 0 0 0 0 0 1.11022302462516e-17 1.11022302462516e-17 0 0 0 0 0 0 0 0 0 4.44089209850063e-17 1.3988810110277e-15 5.55111512312578e-17 3.77475828372553e-16 4.44089209850063e-17 4.44089209850063e-17 2.1094237467878e-16 5.55111512312578e-16 2.66453525910038e-16 7.54951656745106e-16 2.22044604925031e-17 1.11022302462516e-17 0 1.11022302462516e-17 1.11022302462516e-17 1.11022302462516e-17 6.43929354282591e-16 2.22044604925031e-17 4.44089209850063e-17 4.44089209850063e-17 5.55111512312578e-17 5.55111512312578e-17 1.80966353013901e-15 3.99680288865056e-16 4.44089209850063e-16 2.8421709430404e-15 3.86357612569554e-15 5.40678612992451e-15
0 0 0 0 0 0 0 2.22044604925031e-17 0 0 1.11022302462516e-17 0 0 0 0 0 0 7.7715611723761e-17 6.66133814775094e-17 1.55431223447522e-16 5.55111512312578e-17 2.22044604925031e-17 2.22044604925031e-16 2.1094237467878e-16 4.9960036108132e-16 3.33066907387547e-17 1.11022302462516e-17 0 0 0 0 0 1.11022302462516e-17 4.44089209850063e-17 1.11022302462516e-17 1.11022302462516e-17 1.11022302462516e-17 1.11022302462516e-17 4.44089209850063e-17 4.44089209850063e-17 6.66133814775094e-17 9.99200722162641e-17 3.44169137633799e-16 1.4432899320127e-16 4.10782519111308e-16
0 0 0 0 0 0 0 4.44089209850063e-17 5.55111512312578e-17 7.7715611723761e-17 2.88657986402541e-16 5.55111512312578e-17 0 0 0 0 0 3.33066907387547e-17 6.66133814775094e-17 1.11022302462516e-16 3.33066907387547e-17 6.55031584528842e-16 2.22044604925031e-16 2.1094237467878e-16 1.11022302462516e-17 0 0 0 0 0 0 0 3.33066907387547e-17 1.11022302462516e-17 1.11022302462516e-17 1.11022302462516e-17 0 0 0 0 0 1.33226762955019e-16 1.11022302462516e-17 0 5.55111512312578e-17
0 0 0 0 0 0 0 0 0 4.44089209850063e-17 1.22124532708767e-16 2.22044604925031e-17 0 0 0 0 0 4.44089209850063e-17 8.88178419700125e-17 5.55111512312578e-17 3.77475828372553e-16 1.11022302462516e-17 3.10862446895044e-16 1.33226762955019e-16 1.22124532708767e-16 0 0 0 0 0 0 0 0 0 0 0 0 0 0 0 0 0 0 0 0
0 0 0 0 0 0 0 0 0 1.11022302462516e-17 0 0 0 0 0 0 1.11022302462516e-17 5.55111512312578e-17 9.99200722162641e-17 5.77315972805081e-16 9.10382880192628e-16 0 0 0 0 0 0 0 0 0 0 0 0 0 0 0 0 0 0 0 0 0 0 0 0
0 0 0 0 0 0 0 0 0 0 0 0 0 0 0 0 3.33066907387547e-17 3.88578058618805e-16 1.35447209004269e-15 6.66133814775094e-17 2.22044604925031e-17 0 0 0 0 0 0 0 0 0 0 0 0 0 0 0 0 0 0 0 0 0 0 0 0
0 0 0 0 0 0 0 0 0 0 0 0 0 0 0 1.11022302462516e-17 2.1094237467878e-16 4.44089209850063e-17 1.11022302462516e-16 0 0 1.11022302462516e-17 0 0 0 0 0 0 0 0 0 0 0 0 0 0 0 0 0 0 0 0 0 0 0
0 0 1.11022302462516e-17 2.22044604925031e-17 0 0 0 0 0 0 0 3.33066907387547e-17 0 0 7.7715611723761e-17 6.66133814775094e-17 3.33066907387547e-17 1.11022302462516e-17 0 1.11022302462516e-17 0 0 0 0 0 0 0 0 0 0 0 0 0 0 0 0 0 0 0 0 0 0 0 0 0
0 0 1.11022302462516e-17 0 0 0 0 0 0 0 0 0 0 1.11022302462516e-17 0 1.11022302462516e-17 0 0 0 0 0 0 0 0 0 0 0 0 0 0 0 0 0 0 0 0 0 0 0 0 0 0 0 0 1.11022302462516e-17
0 0 0 0 0 0 0 0 0 1.11022302462516e-17 2.22044604925031e-17 0 6.66133814775094e-17 0 0 0 0 0 0 0 0 0 0 0 0 0 0 0 0 0 0 0 0 0 0 0 0 0 0 0 0 1.11022302462516e-17 3.33066907387547e-17 0 4.66293670342566e-16
