Maxent_result_files_2/B_brodmannicus_2.asc
NCOLS 594 
NROWS 330 
XLLCORNER -15 
YLLCORNER 23 
CELLSIZE 0.166666666666667 
NODATA_value -9999 
[rows 100 to 119 of 330, columns 450 to 494 of 594]
2.69216694270824e-06 4.47435537296315e-06 6.89350689686563e-07 9.96440508860274e-07 1.31219704879726e-06 9.55661676016462e-07 9.81239389119537e-07 6.93248852812189e-07 4.09458963046561e-07 3.97560451670387e-07 1.6843639173203e-06 1.29052482549241e-06 1.83703179459371e-06 1.92865732062675e-07 3.06813025163777e-07 3.0636004222373e-07 1.3341360102892e-06 3.80536166062484e-06 1.32227624767278e-06 2.95720618816997e-06 1.11826100919643e-05 1.09152786754718e-06 6.55454915987619e-07 8.83355770220362e-07 1.79908065547352e-06 7.39003357352885e-07 1.05470455125101e-07 3.3391160343399e-07 2.36314783852443e-08 9.46399146606325e-08 1.74104846806245e-07 7.84556295485572e-09 1.62202490230356e-06 4.54492795842754e-08 2.4865379231187e-06 3.28673866256679e-07 7.02740308611283e-07 1.7666205200384e-06 7.54576360950665e-08 1.66611240093317e-07 1.60494075429618e-07 6.43447634496308e-07 4.43890745505104e-07 2.05139730613535e-07 3.41688617622182e-08
1.9477422547709e-06 3.75466624120691e-06 4.24763651130089e-07 5.48217383999905e-07 2.68634702962345e-06 1.67481449899753e-06 9.34385582063157e-07 3.88485860858268e-07 2.63291231439311e-07 7.50149420492008e-07 5.12966001942061e-07 7.38251671794643e-07 1.10539434388102e-06 8.56447737973554e-07 2.21323201976542e-07 9.42715971774533e-07 1.79213848383597e-06 2.71339208950394e-06 2.25035105358984e-06 1.73751879503081e-06 5.66951160863027e-06 5.39539931310173e-07 7.81642073377498e-07 2.46349183008476e-07 1.90585173527325e-06 2.80556973564217e-06 4.75443740910464e-07 4.12367322955021e-08 4.34155077044807e-07 1.88642802534389e-07 2.68497405500057e-06 1.67587875132824e-07 3.37332380140332e-08 1.73366330979974e-07 5.3123903498431e-08 2.58431735034037e-07 1.65324688072843e-07 2.49317835043783e-08 2.89426924870995e-08 1.08928821944687e-06 1.17224285178796e-07 5.29899477363927e-07 2.4277403740669e-07 7.2399307100568e-06 0.00018212629329355
5.79121700283736e-07 5.99117447164232e-07 6.3181950697988e-07 2.8787654423601e-07 1.90377153508337e-06 2.14686814885567e-06 1.25701366471276e-06 4.330263672081e-07 2.52210013396148e-07 3.23306199789819e-07 1.08914799383797e-06 2.71429917331201e-07 2.80389783680057e-07 2.73390799261364e-06 1.14920171334632e-06 9.86583299322774e-07 3.58157250590629e-07 1.68218830509659e-07 1.005906626661e-07 2.16629578631e-07 6.3692216230038e-07 1.61894387019856e-05 1.3790013349535e-05 1.99843041173153e-06 2.07341172995257e-06 4.01636255560334e-06 7.26612250332437e-06 2.12580797267492e-06 1.04611583537917e-06 3.880192195993e-07 6.4145014491146e-07 0.000190605992975179 0.00014576772118744 4.52110282935791e-06 7.37137932915743e-08 2.81942137121405e-06 4.51378720356388e-07 1.64992093942828e-07 6.95040293097193e-09 7.67699124493149e-08 4.45192655740279e-07 3.12771969934733e-07 4.34424731743377e-08 0.000168679118178261 1.94946876597157e-07
4.557569042829e-07 4.76907460844611e-07 3.88826905994843e-07 4.61517952854429e-07 1.38826485258647e-06 1.3567327085795e-06 2.32546297809222e-06 4.97839244628651e-07 3.08719068105034e-06 3.28247928855774e-06 2.39423553038964e-07 2.69489617044094e-07 2.78005084508592e-08 2.00983648390718e-08 2.95719518428328e-08 1.12922212025524e-07 1.84406454284414e-07 8.30997532119682e-08 1.39117300479441e-07 6.161280641237e-08 1.42964528637712e-07 6.48341094944271e-07 1.00429997019091e-05 6.90295701133437e-06 1.68020972068916e-06 5.20290549843594e-07 4.47416072901774e-07 1.8185760580991e-06 1.88692527558487e-06 6.62088402805239e-06 0.00023213376334752 0.000225324296479812 6.14062403201388e-06 1.26821378671593e-05 7.3534546984888e-08 1.23496475481488e-06 7.76334644569943e-06 1.05826472918125e-05 8.55241761144043e-07 2.67382827345841e-07 4.07284053949297e-07 2.618294829837e-08 7.40844486868397e-09 1.00938506997217e-08 2.54955536682644e-09
3.93437639267802e-07 3.96471614361182e-07 2.83671142509156e-07 3.29879708793612e-07 2.63221724328133e-07 1.90746357802141e-06 1.03974905112381e-06 2.62822458481082e-06 1.26063518806063e-06 1.28361159340784e-05 5.46571135195961e-07 6.82218126080159e-07 8.81021016319039e-07 2.45814235799724e-07 3.52946681392297e-07 2.96972321223166e-07 4.31188888150302e-08 2.13567854845387e-08 6.49720932832665e-08 2.0976670782602e-07 4.26675758280481e-08 6.47866357228466e-09 4.7903701450025e-09 2.96014615742024e-05 7.4778316445645e-07 4.898918053442e-08 7.73630117834045e-07 2.31802657180147e-08 5.62042873752944e-07 0.000245645947870798 4.16929716720915e-05 1.44681181609485e-05 3.63000519882917e-06 7.75812941888887e-08 1.86778125632614e-08 0.000211347465301515 0.000216787994759216 2.15032364678791e-06 0.000178120110285818 4.22476480252954e-06 1.10859789629103e-05 1.12041079205483e-06 1.8105281485159e-08 1.0107812364879e-10 1.83308818901828e-08
4.01250373904816e-07 4.52072695256156e-07 2.6467321274648e-07 2.77739146326006e-07 9.84045271934519e-07 2.88352525323887e-07 1.79248672127486e-07 1.90759033291688e-07 2.69622716286833e-07 2.92192433815064e-07 2.42572900710503e-07 3.06325710264232e-07 3.20270274078993e-07 3.20242492501954e-07 3.35428922637604e-07 4.82361807385701e-07 1.59633638197043e-08 3.4358651646027e-08 5.78862735522989e-07 2.70155672499328e-08 2.98336996107373e-08 2.45512781993362e-08 2.00840887476517e-08 1.28011235278613e-08 7.67934980316909e-07 4.14711949892066e-08 1.70234714214068e-08 3.62114377039369e-08 1.86060541196298e-07 3.69072799912828e-06 1.62884358019255e-06 8.02337027039357e-07 1.98228766805642e-06 3.31659292385211e-07 1.01387158557564e-08 2.50725199293811e-05 2.66742499661632e-05 4.01977295894085e-07 1.20962669996061e-06 3.79641564336453e-06 9.55572868406307e-06 1.70875553706651e-09 8.36463132092291e-10 3.87966181403243e-10 3.32343051967499e-09
4.86180369065892e-06 3.79736924327467e-07 2.55072825983138e-07 2.89593279134692e-07 2.32985535386643e-07 2.00954886431237e-07 2.45018277666986e-06 2.64690509776955e-07 4.17352107096036e-08 7.1500772425015e-08 4.0099044296138e-08 3.55031312682108e-08 2.82773821802529e-08 2.12301784108249e-07 3.27848685111043e-07 3.29867582260501e-07 1.07693941160392e-06 3.55943716168206e-08 5.12354902504342e-08 5.36581235333067e-08 3.0382354898606e-08 1.63278300324698e-08 8.387140071342e-09 1.08048280189621e-07 1.13086009845276e-07 1.31350972765176e-08 6.67241264462604e-09 6.36814940779828e-09 2.53850911735576e-08 9.17731771465924e-08 9.28516690201775e-08 7.62473335136349e-08 1.58548984643403e-06 4.98021884953737e-08 1.22060214713393e-08 2.18330578505288e-07 3.33464230806157e-07 3.04523858574157e-07 1.10133203223839e-08 4.45197644305395e-09 1.36151357388314e-07 1.10798251817812e-07 1.87405525764461e-08 1.5628060434647e-08 1.26586088278202e-09
1.20249269892625e-06 3.80098723562483e-07 2.48285258941383e-07 2.1189806841404e-07 2.5404361324588e-07 2.20078640178478e-07 2.90872237407314e-07 2.36336936620951e-07 3.24773375082188e-08 3.94346249765753e-08 2.26057218055686e-08 2.54228851825911e-07 1.05162275730208e-05 1.36132481354245e-07 1.72404951759297e-08 1.59256040244138e-08 4.3685358019907e-08 1.87579141508465e-07 8.82765385484818e-06 1.28629088963494e-06 4.15755692206865e-08 5.70796962695574e-08 1.22402665780896e-08 1.40847258967014e-08 2.71495703585423e-08 2.34327663051204e-08 5.53917310908147e-09 2.35079530508386e-08 1.19558756583871e-07 7.72896203704576e-09 1.53381501721839e-07 1.16855535137184e-08 5.42729801766839e-08 6.22830340546443e-07 1.27368453228804e-08 8.01859997068277e-07 9.80756476565148e-07 1.02399929460262e-06 9.07352011836338e-06 9.37663527933452e-09 1.30086309946265e-08 2.07006606522953e-08 9.64182529372692e-08 1.21884944892514e-07 6.77097785839465e-08
1.15999615893259e-05 3.34380571320736e-07 2.85438786906678e-07 2.91577053594949e-06 2.90766253052688e-07 2.2314356303843e-07 2.96190550663766e-07 2.68831420413562e-07 9.33141531933579e-08 2.43536330324368e-08 6.90949759740711e-08 4.44715959524444e-07 8.22676480050077e-08 1.54088205217562e-07 4.13195869963801e-08 4.33207145822401e-08 5.99392413036526e-08 1.68429037050721e-08 5.96864881075021e-08 5.15834874370569e-07 9.49908571712399e-07 1.44177262351164e-08 9.83387624664545e-09 2.29024601361427e-07 2.07991981970856e-08 1.64438957228619e-08 1.88053127070376e-08 1.20484821153344e-07 4.11448292538807e-06 2.20596126121464e-07 3.65125903956098e-08 2.44320932374364e-08 1.54958158748997e-08 2.11107140435374e-08 2.14340470039431e-08 1.48222295770495e-07 1.09770365497752e-05 5.8674246793089e-05 3.12907396619266e-05 7.03957079167594e-05 6.23952957301555e-08 8.9361744937122e-08 3.32031650840392e-08 2.02332559262608e-08 2.632452219542e-08
4.75115363229861e-06 4.70281397326744e-06 3.34848687888467e-07 7.97108748940012e-07 4.62039462878483e-07 2.27097798810583e-07 3.20959001010035e-07 2.61118799993465e-07 2.94189252514343e-07 2.80209824710109e-07 2.5880428167202e-08 2.20256856420242e-08 6.97335149846268e-08 6.83744674212505e-07 1.41976727547899e-05 2.06481816977799e-08 4.87049835573572e-08 2.74450308368479e-08 1.64042846528822e-08 3.65134860569327e-08 2.47235604355911e-07 2.28144060976376e-08 3.85666775848392e-08 3.08207321553233e-08 2.35383103130982e-07 2.20095013214738e-08 2.95893036961203e-08 2.12378587538531e-07 5.56256067429928e-08 4.90919376083809e-07 2.40693924126845e-05 3.91558740975295e-07 1.51761328770483e-07 1.3658573743669e-05 1.35766806011905e-05 3.29726124697061e-06 3.05122452859408e-08 6.074776607079e-07 1.34432501535109e-06 1.48316254455771e-07 6.08257761996356e-05 5.11702004213355e-08 3.1649839002057e-05 0.000825819265446626 1.07072174486689e-06
4.87547295113799e-07 3.61220267097728e-07 3.52779619028354e-07 2.31258864346273e-05 6.03859546455254e-07 3.3340922553915e-07 3.45158553105573e-07 9.75337297037804e-08 3.50092187784146e-07 3.25135383505426e-08 3.12377916644735e-08 4.3044395892089e-08 2.76970978885238e-07 1.11010328112116e-06 4.92873615343115e-06 3.62409020340237e-06 2.83891191910079e-07 4.58956602722438e-08 1.26485298768131e-07 3.09349760474475e-08 9.849936565276e-08 2.91860546464129e-07 5.00391337698858e-08 1.18220266609459e-07 6.52192304384513e-08 3.03380893185157e-08 5.83438854895313e-08 2.11298708874263e-07 2.04056718200452e-07 2.31420572949226e-07 2.01943116728831e-07 2.21759913543451e-08 2.22609151989683e-07 2.04517733004561e-07 1.00681645932355e-05 1.05173320896768e-07 7.0778212309941e-07 8.58992892127652e-07 3.04380759800438e-05 9.22392968831787e-06 1.06808265172731e-05 7.85791676694014e-07 3.58114328520287e-06 2.83920384092085e-06 6.23925113103496e-06
5.41138012954967e-07 4.33299967106393e-07 3.36983718918216e-07 3.40940040111093e-07 5.15428896274983e-07 3.21809120915617e-06 2.63815095333797e-06 3.48656788606849e-07 3.10507638823232e-08 3.20617277527191e-07 3.01522666168452e-08 2.80311809064404e-07 3.75031692256833e-08 4.1159197579077e-07 4.26869338596703e-06 3.41403472225998e-07 3.48937875460642e-07 9.95724866603709e-07 7.25440006243971e-07 2.89164871158931e-08 4.10713685772279e-07 2.50207146390569e-07 4.107752889837e-07 2.07708796207129e-07 2.86487713818673e-07 6.37352480126196e-08 4.58950865533936e-08 3.49021189727239e-08 8.54982125875203e-08 1.27091855439687e-07 2.5153930749422e-08 2.71634563842049e-08 2.94285306456921e-08 2.36645678275416e-08 2.35231708278771e-07 2.29341564428331e-07 3.49637519825308e-08 1.62979475804015e-08 2.14775492057839e-08 1.12632906112964e-08 3.16012919299169e-07 1.51113607920195e-06 9.18581108888539e-07 8.39639843985829e-08 3.90845221076574e-08
6.64738608069371e-07 4.81878367675215e-07 3.74734243324681e-06 4.19436424392572e-07 3.4815528147103e-07 2.93815032992306e-07 2.7025096805966e-07 2.7010234079583e-06 4.06320916752634e-06 2.33245855625341e-06 3.13708214627617e-08 3.69133676372257e-06 6.1536702595788e-07 3.51223968309e-07 3.05736464922823e-08 2.97026172990655e-07 3.56261414313774e-07 3.39127727089217e-07 3.25853355143124e-07 3.22099336336201e-07 8.83471999202357e-07 7.90468843714365e-07 2.57074547738156e-07 7.13079899301583e-06 3.05933761879373e-08 1.57622828467208e-07 9.1988119177433e-08 1.67687399077465e-08 1.52660590280185e-08 1.661281969767e-08 2.03510849172694e-08 1.90840229064015e-08 2.00259210325626e-08 2.10399310085485e-08 2.29298675491485e-08 5.08276176924838e-08 9.00871816034154e-08 2.01176138414638e-08 1.91112241698654e-08 1.5388080842893e-08 3.48598008681478e-08 1.05982139686489e-07 9.31429396056061e-08 1.84674889958103e-07 1.90832317343848e-06
7.43589000262723e-07 7.41504104473378e-07 1.2258631091111e-06 4.20274392420872e-07 7.40350844274928e-07 4.71143586444622e-07 4.40686772540388e-07 4.21694014696161e-07 9.62668399040467e-07 3.75357578477065e-06 4.3619314361365e-06 3.69856000617119e-06 1.14037662790611e-07 2.7221315546111e-08 2.87240227969665e-07 3.65455264705883e-07 3.82579457525178e-07 3.56014517310932e-08 3.60296122481341e-07 3.3419115987865e-07 7.75024088994769e-07 1.14232356143162e-06 6.66903675394792e-07 3.36653662169617e-08 7.13654128126073e-08 7.20554777400295e-08 5.2872448330632e-08 1.20322095986669e-07 3.06671187333407e-08 1.02094389490048e-05 2.78375394380248e-07 6.70506970124052e-07 5.20901073164382e-08 2.38642954397683e-08 2.41873113870916e-08 3.45385261835141e-08 2.38661872264956e-08 1.16057442722806e-07 2.44779717006871e-07 8.63195714373433e-06 1.00787708101624e-07 3.24762444936511e-08 2.01895604732272e-05 3.77023368400842e-05 1.63358015612403e-06
8.20084086328166e-07 6.53878238177086e-07 1.45605125276838e-06 4.84194204442012e-07 3.81119927421736e-06 4.83307950371881e-06 3.72398507009208e-07 4.62912277676697e-07 6.9279242824738e-07 4.2942946963942e-07 3.9901122711461e-07 3.68678564799385e-07 4.10588227306441e-08 3.35578189925023e-07 3.5771747982638e-07 3.51371032281111e-07 3.71135661858535e-07 3.98141081969783e-07 3.18996969317364e-07 3.44610577518445e-07 3.25898027353499e-07 3.13254685091469e-07 1.1151269527776e-06 1.28314216505387e-06 2.50911779602347e-06 2.19290958580753e-07 1.63857930708389e-06 1.02463556250765e-07 1.82181197461162e-07 1.45146766494797e-08 4.38285912007785e-08 9.70168350988843e-07 1.20107599665964e-07 2.11473422506714e-07 2.11270384409268e-08 2.28228439569378e-07 5.39858500703261e-07 4.65789369585856e-07 5.20199710596359e-07 7.64577443801429e-08 1.30197005612231e-06 0.00265934215276502 8.45896738610463e-07 0.000127994929425768 1.72583415405825e-05
1.53340362674115e-06 7.36763347730651e-07 6.74460502425589e-07 5.749806590849e-07 2.8284550751323e-06 8.01355648416546e-07 4.57736599752678e-06 4.3052871095739e-06 3.78505324132306e-06 3.92616307607341e-06 4.11724036268879e-06 3.58383092375902e-06 1.17578282368136e-06 2.69757559978601e-07 2.91108191696754e-07 2.94966096303639e-07 2.82015927455248e-07 3.44477591462944e-07 3.64198272173599e-07 3.64144416964418e-07 2.82195164269528e-07 2.75970268082126e-07 5.14723751088297e-07 7.70938076710692e-07 2.14569325429625e-07 1.95359357701985e-07 1.6614645295121e-06 5.39692746315268e-07 3.09530782161005e-07 1.63546785714175e-07 4.52956663110626e-07 1.48671697386416e-07 4.21360159708062e-07 3.12403156255137e-07 7.16498948394317e-08 3.04624440916612e-07 2.16309517331315e-07 2.52731689742713e-07 2.5431658943198e-07 1.80743600974864e-07 1.40020491912196e-07 3.50260038395334e-07 2.40037316356911e-08 1.28476869593053e-06 8.20142629698317e-08
5.14660326302874e-06 7.91943033640052e-07 1.56229626400162e-06 2.05969112698767e-06 6.31343871271284e-07 8.31664000333632e-07 3.96974118839211e-06 4.15150117731855e-06 5.03447935384926e-07 4.79891360982698e-07 4.09485598429349e-08 4.22116684029028e-07 1.49308167616269e-06 3.04936133401768e-06 3.29172915627396e-06 2.19779539927245e-06 2.78963351207917e-07 3.43148566162022e-07 8.62156541669989e-07 3.478302578519e-07 3.51615121829685e-07 2.8268503826645e-07 2.53068317446203e-07 2.33948289396491e-07 2.4584901263669e-07 2.13358027478794e-07 1.69005404284661e-06 4.19661091299872e-07 3.36453017979466e-06 5.30463512760093e-07 6.0037909253019e-07 1.92373843554972e-07 2.32310625603027e-07 2.35582814234192e-07 1.49811676763978e-07 1.62841020034943e-07 1.74836560606906e-07 2.66039679175378e-07 3.2171658723712e-07 1.58999750166089e-07 6.2713654847002e-08 1.56597103728728e-08 1.2486803355749e-07 1.19500933959404e-07 1.83255625962886e-07
4.29899377508036e-05 7.75205570913151e-07 1.76780880236649e-06 6.91571825628401e-07 5.90729675464807e-07 4.96400326568391e-06 1.16427568030986e-06 2.99518904656182e-06 4.08579293598166e-06 4.47135254262321e-06 3.46349658428835e-06 3.79822645939498e-06 4.06434018784818e-07 9.72071895866122e-07 3.65700483073716e-07 5.39581781300313e-07 9.548286433958e-07 3.03198618452072e-06 4.16828910809741e-07 2.70980509027297e-06 7.28861151921833e-07 1.17055023247659e-06 2.79434700756198e-07 2.77840518969619e-07 2.06332812502374e-07 7.3622459188627e-06 6.1736209782115e-07 3.0982295549542e-06 7.13396138074529e-07 2.68844534234702e-07 7.96792051305228e-07 1.05163872603953e-05 7.41801417403209e-08 1.43501655833766e-06 2.24008653937346e-07 6.23871887706073e-08 1.05982234863689e-06 2.65019395474519e-06 2.05883708233046e-06 3.27062398994826e-06 1.87422278696836e-08 9.60163089702704e-08 3.51498697148678e-08 6.85694202839926e-07 2.89925846352901e-07
1.60714294622721e-05 6.3174896333118e-07 7.31785088947667e-07 3.814823115178e-06 5.36606537782092e-06 9.82163196439068e-07 1.47511745879569e-05 2.20443850800223e-06 5.19865536752206e-07 3.93926871957717e-06 4.54105474787525e-06 4.37413835752132e-07 5.44521960854638e-07 4.02575138358507e-07 3.90603519107024e-07 4.04162171407929e-07 1.93094169524954e-06 3.27499878736148e-06 3.51408637344619e-07 4.35512974377161e-06 3.09708667722841e-07 3.24249006888877e-07 6.85978314818314e-07 2.45790517023892e-06 2.59886317977021e-07 2.32678459699542e-07 1.42002013090448e-06 4.77181866420651e-07 1.78939582795579e-06 1.79492484022603e-06 7.90308797782302e-07 2.69769532845743e-07 1.57982781212596e-07 1.620339892483e-07 1.36215907019732e-05 1.48259132828343e-06 4.23882396050068e-06 1.85644108974481e-05 1.64751102182947e-06 2.76391143927412e-07 9.48420882451728e-07 4.11738025574149e-06 1.08936994885234e-05 1.64198087778678e-06 1.12573495292256e-07
6.36932791149292e-06 5.88658572873158e-06 6.16463761424768e-06 1.27970633727159e-05 1.28274299868281e-05 6.61278912561514e-07 5.57671170717811e-06 6.1769119670263e-07 5.52653461971531e-07 4.80782046152761e-07 3.89790880639396e-06 3.65577557914776e-06 4.00905009243502e-06 2.38806604748731e-06 3.99166874653911e-07 3.90235924718763e-07 2.72154520786216e-06 3.63921719781501e-06 5.64767817294864e-06 5.08430217740496e-06 4.96787146077038e-06 1.48599536473171e-05 1.28149699299196e-05 2.75962647720007e-06 4.09887662722319e-07 2.4003219156743e-07 1.67090079887799e-06 3.48805177496914e-07 4.60033443783203e-07 2.22883019040943e-07 1.05819514337746e-06 1.87897286210159e-06 1.5833324198411e-06 2.49752908871415e-05 3.37703275761214e-06 2.19174636555408e-06 2.56354761773991e-07 3.29670158976114e-06 4.27606423727411e-06 3.05932710852663e-05 6.96966093967077e-06 1.06824936362271e-06 9.85058177944698e-06 3.26681120704775e-06 3.71806726126023e-06
