Maxent_result_files_2/B_brodmannicus_2.asc
NCOLS 594 
NROWS 330 
XLLCORNER -15 
YLLCORNER 23 
CELLSIZE 0.166666666666667 
NODATA_value -9999 
[rows 120 to 139 of 330, columns 225 to 269 of 594]
-9999 -9999 -9999 -9999 -9999 -9999 -9999 -9999 -9999 -9999 -9999 0.000280692621160716 0.000157647327193899 0.000141896560103305 0.000106396742944526 0.000320083448492503 0.000338504378741789 0.000449285133072408 0.000184552024529694 0.00033218218222828 0.000259215707410476 0.000187592538190984 0.000256130865113136 0.000231542298402854 5.35344457603393e-05 0.000136780528373492 0.000492330486804349 0.000195911151118566 8.17464034298609e-05 8.14162055348788e-05 8.71158528980231e-05 0.000197922435654618 0.0933333661407232 0.870127558708191 0.000872769448324107 0.000318110756961687 0.000168827135212268 0.00017653252162404 0.000318054645686061 0.000330828593075694 0.000117730729755294 0.000358099101140397 0.000298841267294847 0.000255049747920566 0.000105826030251177
-9999 -9999 -9999 -9999 -9999 -9999 -9999 -9999 -9999 -9999 -9999 0.000451170055202976 0.000143448630819876 0.000177922082866644 0.000280092975321555 0.000353600487210315 0.0172321827782071 0.000175188389221148 0.000221708295250733 0.000253773280201131 0.000393449722196237 0.000968271377496432 0.000106538905424713 0.000137538843455332 0.000114729195183827 0.000126473771456403 0.000148455433071604 9.72862009689379e-05 0.000135444625482251 0.000134074169955056 0.000211990471875878 0.000117789337491558 0.000355087784919306 0.000280796414108409 0.000391900593804995 0.000538603581662767 0.000165406753876596 0.000334209619821735 0.000387593283499543 0.000360991997877136 0.000273160083384028 0.000284403644764097 0.000137278417640241 9.34024742491602e-05 8.72246556355427e-05
3.09522475902213e-05 -9999 -9999 -9999 -9999 -9999 -9999 -9999 -9999 -9999 -9999 0.00148479318488781 0.000134126288367042 0.000501482738072168 0.00037179549399311 0.000222691349517845 0.000253912943048551 0.000500614106932495 0.00020279149266984 0.00019853811190883 0.000418636574977449 0.000188482015710179 0.000132202618806332 8.52901073812973e-05 0.000137192471538583 0.000133950174142683 0.000243151192694313 0.000234862822310333 0.000186824814181819 0.000177261224780523 0.000122486216696416 2.15511313768957e-05 0.000485977518837899 0.000147378163544687 0.000155810123804689 0.00155006186105311 9.32663410992518e-05 6.09798176810727e-05 0.000132650210749075 0.000392743589708255 0.000138863022971236 0.000117507698087138 0.000206483363217558 0.000659282258129679 0.00501841476652771
0.000157612935791107 6.25890470473678e-05 7.23485192338558e-05 -9999 -9999 -9999 -9999 -9999 -9999 -9999 -9999 0.000615943112006789 0.000176037284380781 0.000311324443828198 0.000132868226592109 0.000213102897942008 0.000127619825548209 0.000127550029174017 0.000317733157260136 0.000287699075542214 0.000220488131708874 0.000176687287330424 0.000137615339872355 0.000112999708812822 0.000184520446418901 0.00019112933030101 0.000354195781983446 0.00428430640007424 0.00023121433241613 0.000147215133711143 8.13968957004363e-05 7.91046006270335e-05 0.000172919339206601 0.000291647828635178 0.000878933441708796 0.000375291190670168 5.40744548911509e-05 0.000280409648621571 8.85754375076431e-05 9.63836661526329e-05 0.000117522399932568 4.53660808148015e-05 2.99652886667445e-05 0.000104336609184164 0.000113271142314986
0.000249315084874979 0.000206221583945876 0.000120325081479677 0.00124938349181322 -9999 -9999 -9999 -9999 -9999 -9999 -9999 0.00172095703408524 0.0001584116858794 2.22504612955587e-05 0.000109555310029918 0.000195565462172453 0.000386967643680691 0.000203394154868874 0.000726929024676792 0.000396583302017461 0.000729236799452337 0.000324917982197803 0.00022223303822102 0.000250781213435403 0.000240261989893042 0.000386817353442925 0.000416566460632739 0.000226919872784492 0.000170159749814047 4.19332493038382e-05 7.97633321212743e-05 8.12101573504087e-05 0.000522651681967545 0.00357896109926514 0.000475106138037518 0.000463340920470046 0.000381507541897008 5.20260120993044e-05 8.47129111889444e-05 9.75998001194966e-05 0.000121118406150345 0.00014848114524284 8.11396742619763e-05 8.59893161772152e-05 9.8648607105567e-05
0.000177221673503358 0.000199760033816432 0.000174894285887817 8.96613777058519e-05 0.000304974744085629 -9999 -9999 -9999 -9999 -9999 0.025058807831374 0.000740086387925487 0.00120421379833715 0.000807565397553844 0.000424692507613145 0.000258803734050161 0.000218842568017408 0.000282295159036039 0.00171763924872721 0.0055930181464646 0.00179813463510072 0.000559462241562869 0.000486824290601362 0.000526579699866403 0.000651190514508926 0.000430641877630666 0.000175900063629797 0.00017683152123027 0.000208832725152031 5.09177100866509e-05 0.000143326346586559 0.000128521078485733 0.000824149243999273 0.00107634534069803 0.000102546230045186 0.000153486275577475 0.000216822031893571 7.08603458755119e-05 0.000161773396477316 0.000122786501742667 0.000138050453102256 0.000145883048389939 0.000153638378305487 0.00101341749250423 9.32248305853811e-05
0.000167627767912215 0.000150780485312152 0.000373252645658795 0.000349985134380404 0.000140782491689606 0.000117748585398658 0.000406912139442317 0.00603293564697713 0.000419230247064917 0.00261415716327065 0.0545871017573518 0.00416962835006848 0.000121506140203576 0.000144340798021858 0.000258888498516396 0.00028069086294874 0.00042648501766962 0.000465151581829559 0.000568413385417443 0.000765549303150692 0.00231764403033594 0.00144870765871019 0.0023826892316179 0.000563494939345732 0.000571646415301075 0.000196655248873867 0.000229266876021939 0.000203689233860205 0.000174162913266307 0.00016073401384622 5.29405193020693e-05 0.000235847161093261 0.00011492566119945 6.9414805921042e-05 0.000133483495119435 0.000264409077954042 0.000107890474412131 0.000337713205044565 9.50857449198428e-05 7.00781149134855e-05 9.32741944779991e-05 0.000134910006454447 0.000135143811166927 8.29466637766729e-05 0.00023962974009919
0.000177725799228301 0.000115905499797009 0.00017131144182656 0.000116609084513186 0.000767497977358289 5.71584864110797e-05 7.16541645942925e-05 0.000159051350601658 0.00012665534604821 7.33540126020671e-05 0.000120021611382981 0.000443013250878721 0.00392834864324227 0.00449219892761903 0.00052836627052556 0.000438767156265385 0.000317496207935619 0.000259116894631006 0.000938018348824721 0.000539165112422779 0.000463417135415511 0.000889704412475134 0.000826001252431019 0.00113459397667617 0.000413599595694336 0.0099261380819371 0.0249039773707828 0.000166247235896355 0.000372731384014458 0.000208760285522658 0.000291107970406301 0.000632203053100966 9.62633122071566e-05 0.000191212009667652 8.43353783693601e-05 0.000162778754747706 0.000133789989695288 0.000214718155984883 7.19051437272356e-05 8.71019357077785e-05 2.56577448247697e-05 0.000383709015932254 8.71031432616576e-06 0.000195760779206466 0.000298729498909234
0.000151414027550345 0.000170615893875947 0.000220769387517439 6.62349313643618e-05 0.000116020019413554 0.00177641569753177 0.000121826953545678 0.000270901925564715 0.00025617604405852 0.0001525155701529 0.000128025984881308 0.000127754666718405 0.000218747409618203 0.000122683386553035 0.000417411846956384 0.000183425595378139 0.000939559348490349 0.000552333408268213 0.000199303748877355 0.00030727765261459 0.00110307058306418 0.000368625192822947 0.000705780669523437 0.000912560968055942 0.000535187957114403 0.000539484576438554 0.000502335873898119 0.000936896033817902 0.00673739602789283 0.00166769914212637 0.00466048663947731 0.0097721753641963 0.000206507968702796 0.000135551489438512 8.16736875265178e-05 0.000157062668222352 0.00013300862340202 0.000109776432327635 0.00029300823448466 0.000191341707750325 8.08292891463225e-05 3.43781597933912e-05 0.000270654038831708 0.000342667480799719 0.000195562153925388
0.000202793502800458 0.000183248785159096 0.000412402953952551 0.000110808183808331 0.0009940548799932 0.000170860975049436 0.000105820792487066 0.00224420327576809 0.00231388062238693 0.00294239874347113 0.00101725125859957 0.000514539965661243 3.75144107063186e-05 0.00024813390723466 0.000138808469910145 0.000107462681782522 0.000120522448747806 0.000159258601411238 0.000228679706469848 0.000156226084800437 0.000578981305443449 0.000231163350508723 0.000319248809181127 0.00073842775040589 0.000863911468695733 0.000761987036094069 0.00348576691467315 0.000855677365325391 0.000329453569850102 0.0230895097833127 0.000405798529391177 0.000294385383593676 0.000656243237608578 0.000395031564466208 0.000154509127014535 0.000127275227225709 0.000180276574440086 8.04641775459913e-05 9.88824755978612e-05 3.46948960441296e-05 0.000351667170798464 0.000227527936101524 0.000486010434269701 9.73374845216313e-05 5.53865199208303e-05
0.000548511405867202 0.000231278912815469 0.000430593700730242 0.000154723049308814 4.94185638729272e-05 0.000654857281188015 0.00276991651044227 0.0023217196110636 0.00247219311422668 0.000835228007053956 0.00250103382277302 0.0016133256838657 0.00434777500922792 0.0156323407776654 0.000165612156375883 0.000139947843854316 0.000217195870326659 0.000308600825520244 0.000174499545255458 0.000256050948519404 0.000223683779950079 0.000368027731869713 0.000325731759949377 0.000655549260682165 0.000627443677512929 0.0019936648721341 0.000619102519704096 0.000569221183855073 0.000129463966595722 0.00115397636910551 0.000337044278785525 0.000145599257484719 7.88879334322701e-05 8.93220002581074e-05 0.000140423398170242 0.000508974113472505 0.000474553619255857 0.000175807497021196 6.61704704953081e-05 6.16413598606869e-05 0.000110078396301105 0.000305443784418458 0.000278633822563279 0.000256783630811697 0.000130454201240582
0.000490249028371181 0.000182569439999036 0.000251209797352203 0.000154453507266794 0.000137589335463417 0.000230057565931929 0.000890960736433044 9.94136316421645e-05 0.00253025935962796 0.0014577976311557 0.000912701411289163 0.00368729769252241 0.00397729413816705 0.00603497702395543 0.000225992587638757 0.000770459402701817 0.000269972049818534 0.00023130531347455 0.000212281440366802 0.000270321376562066 0.000343996416543524 0.00035225103113703 0.000308387896652296 0.00025999492960409 0.000301348663164891 0.0227785618510097 0.000950843485559005 0.000182915259446759 0.000727191074814471 0.000371410289015728 0.000334375608587334 3.96688668161005e-05 0.000247328359436594 0.00352326798340351 0.00412861072254649 0.00087741651500437 0.000104946021383512 4.35475534573015e-05 0.000323298808632444 0.000220327272245413 0.000162375527884251 2.55614934715709e-05 5.73084671714241e-05 0.000269926792861952 0.000873056612931444
0.00460755507228896 0.000244986728605989 0.000297828753900831 0.000241045121583738 0.0107895449735224 0.00375111181056127 0.00330293904989958 0.000409788243996445 0.000787204361404292 0.000131816417706432 0.000359217501681997 9.26939635947477e-05 8.3899869334747e-05 0.000985893924371339 0.0036093731992878 0.00181774444063194 0.000231240376865571 0.000425089067721274 0.000623121962416917 0.0031213681853842 0.00154780732118525 0.000346043468880453 0.000241068092175856 0.00351843072348856 0.00770596277672269 0.00175887276418507 0.000253986943846485 0.000243649480714936 0.000392690313321564 0.0120051905978471 0.00035759499805863 5.69594106447746e-05 0.000187931765015659 0.000871140079107136 0.000121125351279261 7.70084115060854e-05 0.000132519696353484 0.000223448599012954 0.000172129613815741 0.0026895946903096 0.000199845985707725 5.75528668491643e-05 0.000139054680261097 9.74492573050156e-05 0.00107850767162745
0.0211275316542014 0.00233411669032648 0.000501077807103911 0.000199279292281618 0.000188041358860858 0.0053137423703447 0.000505751044329372 0.00177072631777264 0.00292766392813064 0.000833995555876754 0.0017851710668765 0.000448451768352243 8.44644506488801e-05 0.000160533172402211 0.000387016839522403 0.000191876895428322 0.000276493272249612 0.00235350882867351 0.000968143632053398 0.000250293554040293 0.000414922471951129 0.000393082752241003 0.000213620540820614 0.000713077033287846 0.00486657960573211 0.00114710335412347 0.000271729723681347 0.0021384302948718 0.000391257390340627 0.000263243597146356 0.000656831046217121 0.000282962874666737 0.000512916614388814 0.000861898149014451 0.000547720352187753 0.000150136977481452 0.00017578060062533 0.000152126474313263 1.82529097024542e-05 0.000132877950721877 0.000151650858236962 2.69464223663363e-05 1.92901296259151e-05 0.000136356283837813 0.000247459388992866
0.00968229293357581 0.00672059973003343 0.012441740615759 0.00035777719313046 0.000204116030165946 0.000211022255064108 0.000803358448320068 0.00127386612584814 0.00331044009653851 0.000213701769098407 9.70733066480989e-05 0.00247419294901192 0.000130541758687741 0.000151073054166773 0.000160493776860449 9.87398295310915e-05 0.000203258471209722 0.000862710017827339 0.00474648792296648 0.018599917460233 0.000173025345689259 0.00035617147332232 0.016496945770632 0.00101790399033406 0.0305638702353463 0.0025654693483375 0.000681281285142177 0.00351934625577996 0.00639391150325537 0.00162177149967055 0.000341548733194941 0.000422350498411106 0.000224132175996072 0.00101555128057953 0.00032627256368869 0.000135729917838034 0.00072973290734808 0.000785775436452241 0.000436370569877909 0.000193814306112472 0.000271943467305391 3.22031741518458e-05 3.89934832128347e-05 0.000178927542339125 0.000149227834597854
0.0136953622568399 0.00459062753943726 0.00277265283511952 0.00291136061423458 0.00584201238816604 0.000962957335286774 0.000217894796878682 0.000540559820365161 0.00188747922366019 0.000427096462226473 0.00011675100249704 0.000155467272634269 0.000159014122663081 0.000165965481573949 0.000733925207168795 0.000899005238898098 0.00552717845421284 0.00470222717267461 0.00445413691923022 0.000275480754521595 0.000279274248668959 0.00422060660798398 0.0016455224995525 0.00258309318451211 0.023500970331952 0.000971280291582843 0.000385870196987526 0.000128201926440852 0.00821820988785476 0.00952746258117259 0.00291645174147561 0.000161316976510761 0.000385149130306672 0.000717803271254525 0.00115171717188787 0.000170818445758825 0.000668197131744819 0.00118007512064651 0.00045761786241203 0.000348602062306569 0.000248752999686985 0.000147301925972676 9.02611965983624e-05 9.35844924470075e-05 7.55619112769779e-05
0.000244787115419343 0.00135876836720854 0.00028422638288248 0.00430315897683613 0.00189092196524143 0.00164636347617488 0.00263847503229044 0.000139297093573987 0.00487636473262683 0.00233836354454979 0.000830371791380458 0.000346599298063666 0.000403103868302423 0.000502359263191465 0.0003365854601725 0.000504752091364935 0.000455953218624927 0.00086346143798437 0.00255469383477231 0.000643432598736238 0.000862452824378479 0.00992644423495221 0.000457845327387218 0.0138114852947183 0.000703757161682006 2.34607054322322e-05 0.00251195375458337 0.000176302589537569 0.000276952173441891 0.000360416595867719 0.000453522578027332 0.00914374245330691 0.000553321678307839 0.00033826115267459 0.00152023663758882 0.000454067168314143 0.000533817121411706 0.000584560832007763 0.00279410201387691 0.000299376792734463 0.00017243412548853 6.77353214925014e-05 0.00785246868617833 0.000408435035842203 0.000539810494865378
4.01570094027193e-05 0.000344234097428853 0.00245667405542918 0.000217875248927157 0.000534746857010759 0.000171631898047053 0.000379767536651343 0.000253067770245252 0.000195262162742438 0.000230975191516336 0.0002196207805369 0.000173715806499786 0.000105441559632746 0.00389326554723084 0.000191829049072112 0.000225478978745741 0.00225444126408547 0.00307528749108314 0.000943220452131754 0.000837072088936275 0.000289066620642586 0.000817934443530577 0.000571864069270078 0.00102640640507161 0.0163972259499133 0.00906925112940371 0.00075188249172129 0.000738200614796369 0.000256947290029075 0.000361445473390631 0.0199529184028506 0.00435495425481349 0.000379680470570065 9.30053862134628e-05 0.000168381602134104 0.000263973770028647 0.000341385863430332 0.00042201417927572 0.00470404380466789 0.0136387018952519 0.000379265243418558 0.00020905681047898 9.35886769184435e-05 0.000249357485154178 0.000351407408743398
0.000130104261029285 0.000161252509769838 0.00117195029451977 0.00318684065714479 0.000148025876114843 4.45199245547201e-05 0.000136858522273542 0.000324087815533858 0.00629716264083982 0.00999251092396132 0.000299311063015373 0.000104957418903195 0.000454934334265999 0.000118808837270024 0.000185055005030677 0.00052639852365246 0.000310698435532686 0.00305165016325191 0.000742164532201794 0.00031987595539249 0.000267807500131867 0.000977275005425327 0.000392537853622787 0.00255363448448183 0.00434571983932983 0.128727558255196 0.052062900364399 0.000514324748917261 0.00215847886865959 0.000304601591081599 0.000671093064011075 0.00292766454513185 0.000227988729780293 0.000231928086031985 0.000236668079287483 0.000151259459698849 0.000178320361740658 0.00266643204449792 0.000334877893057595 0.000685550857451744 0.000578434976341668 9.833350441113e-05 0.000755486235721037 0.00105588602891658 5.46093077624543e-05
0.00285153691656888 0.0023534395149909 0.00204131377686281 0.00240052595036104 0.00220471544307657 0.000118273322767548 8.58676279222093e-05 0.000209475023439154 0.00138492251862772 0.000248914652547683 0.0042837445391342 0.00085566928028129 0.000924986728932709 0.000876614595472347 0.00029200557146396 0.000488801020403429 0.009646482008975 0.00271180830511639 0.0012078660860425 0.00090885167446686 0.000278803486279389 0.00351977841928601 0.00240911032631006 0.00134217992635968 0.0038017838181986 0.00299794064471826 0.00293354921741411 0.000297422856784124 0.000220893061964489 0.000195308799579708 0.000241036285297014 0.0001853066211285 0.0001281745662709 0.000213799366383682 4.79858464700556e-05 0.000109130321357043 0.000269686499518684 0.000173532088047068 0.000243776318177225 0.0908993322402239 0.00160098373307846 0.000542391286580823 0.000261754218922761 0.00110668893612456 0.000163285109236266
