Maxent_result_files_2/B_campestris_3.asc
NCOLS 594 
NROWS 330 
XLLCORNER -15 
YLLCORNER 23 
CELLSIZE 0.166666666666667 
NODATA_value -9999 
[rows 80 to 99 of 330, columns 322 to 367 of 594]
0.00694205465260893 0.0146587232127786 0.00760459010489285 0.000899439284694381 0.00312653614382725 -9999 0.0159993897657841 0.00131826843135059 0.000347992402384989 0.000724333987454884 0.00050851814521593 0.0047928555868566 0.00597793660126626 0.00590729881078005 0.0031347363255918 0.00715879779309034 0.0017977629089728 0.00132500436448026 0.000864092641859315 0.000755733670666814 0.000543305568862706 0.000554246580577455 0.000240631109045353 0.000310814271506388 0.00048558282724116 0.00185290953959338 0.0171514314599335 0.0236896177753806 0.0217992183752358 0.00195327188121155 0.00152312784339301 0.00225393563741818 0.00247188538196497 0.000846152746817097 0.00203621931141242 0.00110927299247123 0.00147916438872926 0.0013040642690612 0.00287785254186019 0.00310924836667255 0.00111986234551296 0.00154690826893784 0.00233824357856065 0.00437875995412469 0.00208422489813529 0.000837925981613807
0.00143842984107323 0.000356398975418415 0.000880064239026979 0.000543705681047868 0.000361417648673523 0.000563918042462319 0.000733758497517556 0.00210919626988471 0.00094679839676246 0.000465789227746427 0.00202204179950058 0.00505901055876166 0.00623979730298743 0.00123449258389883 0.0244041721336544 0.00609817730728537 0.00285159300547093 0.0108287198469043 0.00342989343916997 0.00373830187600106 0.000456813347409479 0.000415910925948992 0.00259401113726199 0.00116988667286932 0.000547313815332018 0.00296444083796814 0.00378914817702025 0.00739112300798297 0.00162746266578324 0.00311730141984299 0.00134871590998955 0.00135304241557606 0.00323959545930848 0.00155139516573399 0.00279838576680049 0.000670769170392305 0.00106587852933444 0.000912790413713083 0.00160042115021497 0.0162484859116375 0.0179482446983457 0.00223325449042022 0.010839797090739 0.0161898604594171 0.00319716334342957 0.000432063898188062
0.000680611553252675 0.000435407974873669 0.00455728587694466 0.0024572648719186 0.000838917167857289 0.000693560746731237 0.00154240994597785 0.000478843800374307 0.00496847467729822 0.000524057526490651 0.00031219853553921 0.00138441761955619 0.000773289304925129 0.00685131377540529 0.00984609038569033 0.00723154684528708 0.00418045085389167 0.00232763774693012 0.0153369280509651 0.00154252111678943 0.000310174912738148 0.00130781815969385 0.001584763469873 0.00407019043341279 0.004493737523444 0.0309376951307058 0.00182796586013865 0.0226842540316284 0.00191772945108823 0.00120320379501209 0.000598958964110352 0.00183555686380714 0.0403004204854369 0.00151084056124091 0.00209880507318303 0.00166441922192462 0.00223289238056168 0.00161695049609989 0.00249510158319026 0.013825871469453 0.00522603779099882 0.00449088206514716 0.00417727472959086 0.000324662809725851 0.0007467845978681 0.00334593604784459
0.00285106416558847 0.00137666356749833 0.00212656223447993 0.000865215505473316 0.00153400222188793 0.00163714048685506 0.00153620516648516 0.000378874973102938 0.00069538265815936 0.00131926025496796 0.00102077543269843 0.00113779232779052 0.00096266083419323 0.00387668237090111 0.00156719617079943 0.000777424225816503 0.000463834703259636 0.000487420093850233 0.000976559409173206 0.00178768376354128 0.0011298755183816 0.000974892760859802 0.000662993299192749 0.00562108636368066 0.00305949165485799 0.000585670306463726 0.0166603507474065 0.000787821863195859 0.000909558514831588 0.000995657034218311 0.00116737523349002 0.000435353018110618 0.00705618332140148 0.00507042100653052 0.00527969007380307 0.00374090685509145 0.000733585527632386 0.0115153385791928 0.0014844385557808 0.00945093805203214 0.0013883411680581 0.00153554421849549 0.00069171260620351 0.00135283700219588 0.00134173346305033 0.00173660423461115
0.00114075873862021 0.000902316655265167 0.000768213474657387 0.00217007213504985 0.00875854226760566 0.00564909391105175 0.000945477266213857 0.000638471936690621 0.000778380886185914 0.00140046944725327 0.0005306213919539 0.0110489121172577 0.00503401327878237 0.0159770433790982 0.0117426633834839 0.00881450618617237 0.00363662551390007 0.00120390047668479 0.00123311643255875 0.00170278851292096 0.00206290275091305 0.00163982963422313 0.00166975640458986 0.00200960420770571 0.00169637153157964 0.00241171795059927 0.00418331568362191 0.000386058875301387 0.00216545270523056 0.0253232769668102 0.00288009732030332 0.00203582915710285 0.00258894599974155 0.00181056262226775 0.00261924205115065 0.0148430641740561 0.00455749572720379 0.00185769833624363 0.0120287378318608 0.00194320607552072 0.00141568049439229 0.00137676291051321 0.00352073448884767 0.00334968080278486 0.00150540866598021 0.00181902715266915
0.00389375584200025 0.0024189283605665 0.00253355867462233 0.00285037225112319 0.0225139182060957 0.00714543734211475 0.00605900073423982 0.0045269216876477 0.00189242643537 0.00187481659231707 0.00131911289063282 0.00319632380269468 0.0117339958436787 0.00403950300533324 0.00822030855342746 0.0217440824955702 0.00463346224278212 0.00282955289585516 0.000616945742513053 0.0304906159639359 0.00127764928038232 0.0030220556538552 0.00699485871009529 0.00976777516771108 0.00562406920362264 0.00177320864750072 0.00204775869497098 0.00560726104304194 0.0786114726215601 0.0113076662179083 0.0149549146182835 0.0269981307908893 0.00952234799042344 0.00562378359027207 0.00203185764839873 0.00280916054616682 0.000782408329905593 0.000399597306386568 0.000530833248922136 0.00208423465956002 0.000584639472072013 0.00102887190896581 0.00241412613540888 0.00163443252167781 0.00158066794974729 0.0020463161112275
0.00713205956853926 0.00111920098424889 0.00643086342606694 0.00419872286729515 0.00547385241370648 0.0114557008258998 0.00376831542234868 0.0121185910422355 0.00381933101452887 0.00162884470773861 0.00195745583623648 0.00256267189979553 0.0175066719762981 0.00194753573741764 0.00255305753089488 0.00658375534694642 0.00989891719073057 0.0322119425982237 0.00535688400268555 0.00245805461890995 0.00210675111156888 0.0159853397868574 0.0116615737322718 0.000605720328167081 0.000841242939350195 0.00202614938025363 0.00265940419631079 0.0066518793348223 0.00208971995743923 0.00102412195628858 0.00573600141797215 0.00518872425891459 0.00926131755113602 0.0081682141404599 0.00509126384276897 0.000973979430273175 0.00852278228849173 0.0113045946229249 0.00926143359392881 0.00104206930845976 0.000616103166248649 0.00101094383280724 0.00476377862505615 0.00311866839183494 0.0139693720266223 0.0143001161515713
0.00357551490888 0.0136102010495961 0.00423870307859033 0.0208256835117936 0.0107295569032431 0.0015861160994973 0.00174780166707933 0.00348689741222188 0.00285782838473096 0.00265057639917359 0.0160329638980329 0.000965816894313321 0.00242415315005928 0.00162792971823365 0.000496988926897757 0.00120669673196971 0.000979744200594723 0.01135736964643 0.0195438779890537 0.00295336825074628 0.00326217361725867 0.00367731747683138 0.0033018551999703 0.00190972680575214 0.0156048550736159 0.00182924227556214 0.000941750657511875 0.00071545976697962 0.000571268641124334 0.000464687604198843 0.00164922331314301 0.00384231752250344 0.0042278063017875 0.00132833794486942 0.0101116423960775 0.00762678226456046 0.0196757764555514 0.0209141694009304 0.00694268178194761 0.00287073929794133 0.0028644363686908 0.00764992078766227 0.00776200424879789 0.00304216827498749 0.00214882553555071 0.00739699476398528
0.0356581687927246 0.00205081672174856 0.017394944652915 0.00545188217656687 0.00988003094680607 0.00088954602542799 0.00110008479678072 0.00146637572906911 0.00140871063340455 0.000524648869759403 0.00121572479256429 0.00271667330525815 0.00122254314483143 0.0015063731756527 0.0028524590888992 0.00377325150184333 0.0120491235051304 0.000837761803995818 0.00394383763195947 0.000625861992011778 0.00168899331765715 0.00133791670086794 0.0057226600125432 0.00694488431327045 0.00271798729663715 0.0218114676885307 0.0140178312547505 0.0114736506715417 0.00602082719560713 0.0019088562221441 0.000350197200714319 0.00212740291317459 0.000946638568711933 0.00166632241234765 0.000936787665705197 0.000485705261962721 0.0200387363322079 0.00328316105296835 0.00259132563369349 0.0053279488813132 0.0111623509787023 0.0127508971840143 0.0217481940984726 0.0077236398588866 0.00201976569951512 0.010123242251575
0.0168334848247468 0.00762991416268051 0.0169591902755201 0.0586838666349649 0.00505271141882986 0.00534988259896636 0.0126338269561529 0.0100856776814908 0.00634966967627406 0.00613053885754198 0.0103237430099398 0.00271228012861684 0.00541583290323615 0.00144544362556189 0.0441928504034877 0.0124716536141932 0.00778910689987242 0.00146199582377449 0.00146926795132458 0.00153427816694602 0.00134674449218437 0.00176059828372672 0.0019882075896021 0.0102260373998433 0.00169377984129824 0.0191577355377376 0.042617068067193 0.00315516435075551 0.0298422725871205 0.00124324768548831 0.0135160221718252 0.00146355699107517 0.00131192691296746 0.00218897160084452 0.000947894834826002 0.00336576964255073 0.00128220252008759 0.00125096340780146 0.00563533725216985 0.000798780547847855 0.00141833043271617 0.000382212070508103 0.00129318470571889 0.00130159029067727 0.0125269247218966 0.00410216390155256
0.00272154989652336 0.00254494734108448 0.0227445481345058 0.00540791940875351 0.00709203351289034 0.00244851941242814 0.0119179391302168 0.00229490760248154 0.0551787570118904 0.00212145827244967 0.00750304274260998 0.00562172038480639 0.00357227963395417 0.00336604382609949 0.012503317091614 0.00215706463786773 0.0100778316613287 0.00639265486970544 0.0060135051375255 0.00264565082034096 0.00223952361848205 0.00127270205994137 0.000736238571698777 0.00711770695634186 0.0010439770645462 0.000935573742026463 0.00122890355414711 0.00205135172582231 0.0151113692671061 0.0216053723357618 0.016893670335412 0.0269307095557451 0.00787550283130258 0.015518952277489 0.00105195134565292 0.000447828000869777 0.00053453911023098 0.00062533888294638 0.00196916739041626 0.000486015188653255 0.000530736711789359 0.000500243757414864 0.00144792807259364 0.000353567033107538 0.0132174412719905 0.000515995908426703
0.0268596757203341 0.0183614880777895 0.0251625960692763 0.00684799328446388 0.00351100775878876 0.00162437260150909 0.0119560085237026 0.0035565352300182 0.0018925714539364 0.0096044790931046 0.0143641045317054 0.00542792500928044 0.012069281283766 0.00320913826581091 0.00919617135077715 0.0169584967195988 0.00867982641793788 0.00622002300806344 0.00372258385177702 0.00206548417918384 0.000752311194082722 0.00419264804804698 0.00509219863452017 0.0104265943635255 0.00131053141667508 0.00458644460886717 0.000787555254646577 0.00280157132074237 0.00524373173248023 0.000975643741548993 0.00222635693498887 0.0121413096785545 0.0203855120576918 0.0144310405477881 0.0470426566898823 0.00645577113609761 0.0196619094349444 0.00208821282722056 0.00207825462566689 0.0193890981376171 0.000564925690378004 0.0068647401407361 0.0196226338855922 0.0150666230358183 0.0103241388686001 0.0277290983125567
0.05223733112216 0.00795840856153518 0.00799788041040301 0.0129628831520677 0.00861425409093499 0.00120748407207429 0.00516993270721287 0.00679023570846766 0.00965680652298033 0.00377297778613865 0.00219323673518375 0.00557484324090183 0.00720907445065677 0.00309256052132696 0.00367307744454592 0.00370056999381632 0.0187418721616268 0.0078741917386651 0.00108613378251903 0.000808226977824233 0.000751161473453976 0.00116726349224336 0.00311174917733297 0.0172710054554045 0.00661551700904965 0.0107527593616396 0.000184172181616304 0.000261473612044938 0.00159815095830709 0.00180325574474409 0.00164129780605435 0.00345945777371526 0.00224844233016483 0.00353169064037502 0.0421514766290784 0.0131707845255733 0.0367238415405154 0.00811011577025056 0.0124802283477038 0.0180784043855965 0.0138872363604605 0.0230778992176056 0.017967227101326 0.0177051589824259 0.00352346529252827 0.0127379477955401
0.00110673747840337 0.0049514427781105 0.026661266759038 0.0040966312517412 0.0158420532941818 0.00308792906580493 0.0121121468488127 0.00318663839716464 0.00161340642953292 0.00520302813965827 0.00193678921787068 0.0035008228267543 0.010288447747007 0.00336936381645501 0.0112421728670597 0.00704270955175161 0.00973755214363337 0.00791370230726898 0.0117558693978935 0.0208069484680891 0.0074493809370324 0.00660873900633305 0.0316076587885618 0.00870283683761954 0.0218073229305446 0.0190543801523745 0.00198444747366011 0.000598229936440475 0.000597741361707449 0.00126623579999432 0.000838099513202906 0.00280698852147907 0.00204989954363555 0.00473200597334653 0.00179920209338889 0.00173664038884453 0.00847989376634359 0.00536240027286112 0.0109564201906323 0.0369747331365943 0.0128535793162882 0.00771315707825124 0.00873404431622475 0.00881265131756663 0.0105280972551554 0.00827159234322608
0.00508039321284741 0.00183494671946391 0.0263937741518021 0.017415473330766 0.0114558203145862 0.0235211580991745 0.00229494789382443 0.00100433850893751 0.000733314763056114 0.00198584588943049 0.00131716161849909 0.00316028802189976 0.016805156134069 0.0125335430260748 0.00794980577193201 0.00965562909841538 0.00739750601351261 0.0122130642645061 0.00451646489091218 0.00713347704149783 0.0212016290053725 0.0209448960609734 0.0406181847676635 0.00927488608285785 0.00503014721907675 0.00895283720456064 0.00109342790674418 0.000799633905990049 0.000981574383331463 0.000695934676332399 0.000475166636169888 0.000859007117105648 0.0013927330612205 0.00304876869777217 0.00202250600559637 0.000618699030019343 0.00135459075099789 0.00449397175107151 0.0158474132418632 0.00703435149043798 0.0199493323452771 0.00959214991889894 0.054538126476109 0.00983659075573087 0.00291859797143843 0.000629869672775385
0.00784292677417397 0.0401266036555171 0.00739637445658445 0.0139553688466549 0.00742640155367553 0.0138013462536037 0.00458707106299698 0.00451270081102848 0.00895400731824338 0.0118014725856483 0.000950800499413162 0.00162558271549642 0.0032030560891144 0.00622048173099756 0.00559859438799322 0.00525794697459787 0.0175398197025061 0.0170493455603719 0.0115956163033843 0.00677291979081929 0.00504733000416309 0.00419860894326121 0.00832898719236255 0.00163484677905217 0.0452744975686073 0.00661476491950452 0.000839004866429605 0.00106881857500412 0.00227889843517914 0.00160565101541579 0.00115692964172922 0.00103296203888021 0.00140503629809245 0.00141290930914693 0.00186865796567872 0.000966641085688025 0.000468211784027517 0.000920864602085203 0.00216404848615639 0.00291645170655102 0.00161531296325847 0.00775531427934766 0.00809143511578441 0.00660986569710076 0.0201742252334952 0.0128041493706405
0.0188878888264298 0.0254544736817479 0.0227399590425193 0.0439757525920868 0.00120665435679257 0.0010267332312651 0.000897710002027452 0.00414975930470973 0.00558053329586983 0.00622965255752206 0.0075645319186151 0.0129082608036697 0.00214840588159859 0.0290484584867954 0.00754474312998354 0.00502894367091358 0.00615761941298842 0.0108542135450989 0.00528176066000015 0.00429853030946106 0.0186821363866329 0.00329665739554912 0.00291881947778165 0.00510221170261502 0.00427035859320313 0.000623428492690436 0.000461691778036766 0.00523750996217132 0.0143667036667466 0.0389693262055516 0.0400549406185746 0.0106587067246437 0.00191777683794498 0.00746060889214277 0.00546634506899863 0.00257835719967261 0.0049678877228871 0.00464039349462837 0.0069946248549968 0.00419709146954119 0.00135410786606371 0.000756078358972445 0.00433158294763416 0.0030976147390902 0.0036795899970457 0.0331603297963738
0.0318826990202069 0.00582159762270749 0.0316423561424017 0.0318119382485747 0.00892991945147514 0.00238323587691411 0.0104733561165631 0.0471417112275958 0.0142241535708308 0.0339298158884048 0.0077392213512212 0.00470073036849499 0.0150836284272373 0.0317087899893522 0.031140355207026 0.00739415353164077 0.00376036905217916 0.00572251160629094 0.00620351382531226 0.00362616719212383 0.00424051710870117 0.00392588870599866 0.00426096487790346 0.025987864844501 0.00232881451956928 0.00576388372574002 0.00388796834740788 0.00358619994949549 0.0101886984892189 0.0152756174094975 0.0223231062293053 0.00796433496288955 0.00750211817212403 0.025394625030458 0.0222343661822379 0.0069866007193923 0.00915048699826002 0.0161423138342798 0.0186855500563979 0.0192860640585423 0.0121716509573162 0.01683404231444 0.00893795904703438 0.00224120212951675 0.00243720879079774 0.00484728636220098
0.0114297658205032 0.0446624282747507 0.0204887978732586 0.00375119901727885 0.000961791380541399 0.00252875346923247 0.0185237687081099 0.00916062793694437 0.00910407616756856 0.0150691668502986 0.00465470259077847 0.00507277250289917 0.00508690853603184 0.0187290576286614 0.003872602712363 0.00899102417752147 0.00446421904489398 0.00937823383137584 0.00456357398070395 0.0147113375365734 0.00676825912669301 0.00393616075161844 0.0134844647720456 0.0135856233071536 0.0031896629370749 0.00928176129236817 0.005174435605295 0.00515562645159662 0.0040779473260045 0.0127908148802817 0.00517638460732996 0.00694612362422049 0.00355818674433976 0.0135878711938858 0.00369995587971061 0.00507097416557372 0.00469182529486716 0.00309216917958111 0.00426786937750876 0.0052911541191861 0.00389658508356661 0.0634436875581741 0.0387450413778424 0.0369614092633128 0.00804287858773023 0.0068240174325183
0.0175652345642447 0.00378741619642824 0.00330093347001821 0.00456059097778052 0.00415072212927043 0.0022017513983883 0.00263380570104346 0.00576215302571654 0.0179988517425954 0.00434713065624237 0.0109050858765841 0.00517987762577832 0.00737251401878893 0.00700857914052904 0.00479341582395136 0.00475924592465162 0.00470609909389168 0.00458147774916142 0.00399888234678656 0.00442328350618482 0.0115504554472864 0.00411422001197934 0.0180781194940209 0.115587966889143 0.0110638725571334 0.00406905522104353 0.00414496483281255 0.00326793943531811 0.00407333844341338 0.0144724398851395 0.010968460328877 0.00332164880819619 0.00403970456682146 0.00305763422511518 0.00377325629815459 0.00376716570463032 0.00484944640193135 0.00368510871194303 0.00287119934801012 0.0129808392375708 0.0052658801432699 0.00342388025019318 0.00339635675773025 0.00511139617301524 0.00951072638854384 0.0148233462125063
