Maxent_result_files_2/B_campestris_3.asc
NCOLS 594 
NROWS 330 
XLLCORNER -15 
YLLCORNER 23 
CELLSIZE 0.166666666666667 
NODATA_value -9999 
[rows 80 to 99 of 330, columns 138 to 183 of 594]
-9999 -9999 -9999 -9999 -9999 -9999 -9999 -9999 -9999 -9999 -9999 -9999 -9999 -9999 -9999 -9999 -9999 -9999 0.663081330060959 0.69487122297287 0.219652132689953 0.124923076108098 0.0242948887404301 0.00694241024962849 0.00921461617290333 0.018735592073084 0.0432885683025233 0.00882402515999274 0.00256228932467888 0.00273233776456842 0.00218080032702028 0.00305799763745792 0.00366429462895859 0.00389917396683472 0.0106032046489418 0.015611182525754 0.10296092890203 0.00305258247368556 0.00223157185716221 0.0017986862487902 0.00479670812105986 0.0182269391138107 0.00886613247712376 0.00829659427981824 0.010129433311522 0.00452344950754195
-9999 -9999 -9999 -9999 -9999 -9999 -9999 -9999 -9999 -9999 -9999 -9999 -9999 -9999 -9999 -9999 0.545941971242428 0.284381900727749 0.0817392699879377 0.163806685060263 0.213583844900131 0.0661474659904343 0.0375470518050463 0.0391145764941939 0.0188776147584576 0.00883014815206593 0.00881332461576676 0.0173694047349272 0.00414686606592518 0.00229415914983069 0.00319258589486292 0.00357006244380068 0.00673685191013647 0.0370730857364833 0.0119933678070083 0.00597387955076556 0.00759029586024553 0.0180844381218776 0.117431550100446 0.0373508358374238 0.0512265824712813 0.0256875170394778 0.0239454241469502 0.00997668546624482 0.013569437712431 0.0150132716633379
-9999 -9999 -9999 -9999 -9999 -9999 -9999 -9999 -9999 -9999 -9999 -9999 -9999 -9999 0.675499939918518 0.180807740329101 0.0212969242173131 0.0283212889549645 0.0329780064181818 0.132164990343153 0.0544607749208808 0.0426711462438107 0.0086937261597086 0.0186815640249755 0.0364858742803335 0.049329811707139 0.0461878447327763 0.00802056725250217 0.00262054738081245 0.00353011367336079 0.00370985360513527 0.00322618029916443 0.00342346207710738 0.0041880688704623 0.00861852546804585 0.00350774639567248 0.00333646152402451 0.00323218867164972 0.00227921182995487 0.00643239918572362 0.057028613332659 0.0917173765599728 0.0363891651853919 0.0410030532628298 0.018855585064739 0.0232945905067027
-9999 -9999 -9999 -9999 -9999 -9999 -9999 -9999 -9999 -9999 -9999 -9999 0.76521555185318 0.284418748144526 0.146058120077942 0.0654891626731114 0.0110195095375677 0.0114241583345575 0.0223363492396159 0.0896891098469496 0.187987761944532 0.0354661162942648 0.135806728899479 0.0264597378467954 0.00968833449926478 0.00354662547455931 0.00350401559390079 0.00537436015152369 0.00620525268736856 0.00835625520849135 0.0139400845680939 0.00388802195680964 0.00361181103471466 0.00402359775899868 0.00381604045651329 0.0482131361030042 0.0364666600711644 0.0187630662025185 0.00350252763382741 0.00350266933668308 0.00657869433343876 0.00835950325708836 0.012402600236237 0.0342225480824709 0.0444409919902682 0.0275514286011457
-9999 -9999 -9999 -9999 -9999 -9999 -9999 -9999 -9999 -9999 -9999 -9999 0.795493274927139 0.358852759469301 0.108438509943335 0.0113452870980836 0.0126583619105077 0.0439408242702484 -9999 0.480003893375397 0.120261508598924 0.313042005896568 0.0151191810320597 0.0212696241893816 0.0246683426412346 0.0025179141990372 0.00281109271088902 0.00302566151968955 0.00536143694603197 0.0173157631419599 0.00483136796628969 0.00513937879213131 0.00471898096839141 0.00448902381954213 0.00371238010033466 0.00681576589137953 0.00984047027304769 0.0250532549805939 0.0789903558790684 0.0414816307835281 0.0148165767081082 0.0193513445556164 0.0076861591078341 0.0142263785935938 0.0252948528155684 0.0421476949006319
-9999 -9999 -9999 -9999 0.694719457253814 -9999 -9999 -9999 -9999 -9999 0.888968080282211 0.712592226266861 0.636778765916824 0.183203129307367 0.0700656978413463 0.0652701472863555 0.0849481299519539 0.270028266310692 -9999 0.92383987903595 0.189783021807671 0.164531918617649 0.129084726469591 0.013966192479711 0.0053423894502842 0.0056721915132421 0.00692575188186311 0.012807200757743 0.00417038217236723 0.142936140671372 0.0418448761105537 0.0262117440346628 0.00732094720764963 0.018915422540158 0.0346113234758377 0.00480704586248351 0.0205642358399928 0.027860264480114 0.0342052025720477 0.168305385112762 0.230027301609516 0.112138393521309 0.0684829745441675 0.0160490948706865 0.0214870809577405 0.119973847270012
-9999 -9999 -9999 0.944684451818466 0.735092648863792 0.895739412307739 0.820563608407974 -9999 -9999 0.526063916087151 0.584124752879143 0.779441511631012 0.569970712065697 0.795469802618027 -9999 -9999 -9999 0.241159902513027 0.117737855389714 0.112187502160668 0.00725645093916683 0.00528612292155526 0.00483910549548909 0.00963486282621044 0.00454922901118096 0.00609315308054192 0.0083109886982129 0.0111003669728342 0.028527731122449 0.0880639918148518 0.0239009235985577 0.0177967980038375 0.0139482632279396 0.00972886462695897 0.0331763200461864 0.049493258073926 0.0569521401077509 0.0462802859023213 0.062150901928544 0.0586744610220194 0.186668346822262 0.0289518309757113 0.0884921066462994 0.0717517163604498 0.0523861983790994 0.0731626648455858
0.404568827152252 -9999 -9999 0.633503192663193 0.797864764928818 0.968276226520538 0.963908833265305 0.789184558391571 0.581804929021746 0.210454330221205 0.328507809340954 0.797318577766418 -9999 0.804371458292007 1 0.983782380819321 0.617121571302414 0.348580500483513 0.0490255092154257 0.0171737052500248 0.00782843292242887 0.00364834237446203 0.0126166978559922 0.00653349576896289 0.00431099303032312 0.00462711900915664 0.00509243844932712 0.0343420932069421 0.126680555567145 0.0119783679256216 0.0099162214784883 0.0223553577437997 0.0296311136335135 0.0333733225241303 0.037655427120626 0.0719531450420618 0.131088166311383 0.138282003998756 0.217450681328773 0.184945487976074 0.189937435090542 0.101600619778037 0.0574933685362339 0.122414367645979 0.127413289248943 0.0569763949140906
-9999 -9999 0.999705493450165 0.938897466659546 0.377661539635785 0.390781101665846 0.746174785494804 0.0617835869226838 0.0165442336176057 0.0593060188461095 0.160559954959899 0.228791283071041 0.423702096939087 0.138212537020445 0.129907616600394 0.0311001768335721 0.04796697513666 0.0864974696189165 0.0282447640784085 0.00877631158946315 0.00305550440270822 0.00270646192945549 0.00229437680251383 0.0039241699278584 0.0019311925268665 0.00433093205315913 0.00873834946833085 0.0332060159184039 0.016037068143487 0.00789019773364998 0.0237506871111695 0.149246256053448 0.0501212906092405 0.142357854545116 0.272438330948353 0.187248134613037 0.102736932784319 0.109584347903728 0.0524317342787981 0.109040801599622 0.510760366916656 0.208744445443153 0.252878370881081 0.163678578287363 0.106629857048392 0.174425485730171
0.887045246362686 0.843025040626526 0.849857866764069 0.740879502776079 0.0779120288403647 0.0112163502394255 0.0103373669100847 0.0194177230226487 0.00694459014450786 0.0303405511425808 0.104128633157234 0.0332179022953199 0.0996529942378402 0.376505042612553 0.0236921087373048 0.00630415981312353 0.0208468353230273 0.00747219536669945 0.00467371073792719 0.00739155195448973 0.00712854640969454 0.0043379186902456 0.00487136461350801 0.00329203096856361 0.00402135347388253 0.00232558955994919 0.00203462699788974 0.00321743755866066 0.0036298218615002 0.0104451725026593 0.00946639988105744 0.00592717982071918 0.00501147521808889 0.00592210608629102 0.0066601816797629 0.202079103142023 0.137819366902113 0.0773320987820625 0.048418278619647 0.113888302445412 0.177821413427591 0.0648183546960354 0.25346337556839 0.332349710166454 0.0951291911303997 0.0287371673621237
0.885825026035309 0.871927833557129 -9999 0.783014893531799 0.043975882633822 0.00671307152759368 0.00278741811625993 0.0029559813721562 0.00249604642064298 0.00589623536436505 0.0146666869870387 0.0110438377685568 0.0197990309679881 0.0438762336154468 0.0235703224989265 0.024497714266181 0.0204746704548597 0.0141235328279436 0.0093430491453546 0.00845501989970216 0.00325103214583328 0.00217481665600647 0.00325556229989459 0.00318288872661583 0.00344682394998017 0.00233428413534575 0.00246069965613831 0.00246476346964055 0.00350588771526645 0.00435384310621885 0.00647892136767041 0.00699212058680132 0.00660949404118583 0.00622255934868008 0.00523468669707654 0.00862716424744576 0.0270597175695002 0.283216711878777 0.0453721038997173 0.0976167947053909 0.170115350186825 0.128993703424931 0.2550396874547 0.350669544935226 0.0756521195173264 0.0730561468750238
0.75307660412509 0.232602884509289 0.495122016407549 0.488081724640506 0.0205913440942822 0.00400197384819876 0.00233438057160455 0.00357005835103337 0.00391284476318106 0.00392400922829239 0.00562671550003984 0.0319642808288336 0.0246811928227544 0.00625536573934369 0.00539717316341921 0.00523580274420965 0.0063304077135399 0.00446277603678027 0.00500645566389721 0.00567540618885687 0.0034255857686091 0.00281031916281211 0.00213957008545549 0.0010620150710043 0.00216021227421215 0.0028100697891384 0.00212975704344487 0.00220304671376041 0.00267023364976922 0.00372819800977595 0.0041386402444914 0.0141684584785253 0.0476603271439672 0.0345057056285441 0.0563053520396352 0.069571640715003 0.102823162078857 0.0319323903881013 0.389865484833717 0.159932054579258 0.0882969457656145 0.155523117631674 0.305835038423538 0.0999843586236238 0.202562452852726 0.151586333662272
0.319477842168999 0.0850349954060221 0.0121640078610447 0.0257686639786698 0.00653624427821313 0.00479891929353471 0.00840237185766455 0.00441926354433235 0.0139532049652202 0.00817782308367896 0.0149365416262299 0.0126814215967897 0.0112790574494284 0.00371104427977116 0.00693088108600932 0.00335101756595577 0.00335490272773313 0.00392295843032571 0.00319628316124181 0.00316270353732762 0.00365914132589751 0.00125462095633111 0.00221042909008702 0.00674182256023528 0.0026213213633504 0.00259510368287508 0.00227095050140633 0.00478096350561827 0.00746779038308887 0.00423400645959191 0.0241982034873217 0.0181099390611053 0.00274244263709988 0.00488031855784357 0.0280846204608679 0.245743712037802 0.139597637206316 0.183325884491205 0.171330271661282 0.242900782823563 0.232144001126289 0.182664580643177 0.16132723018527 0.41252167224884 0.0892798718065023 0.138953144103289
0.00540149550894 0.0101650654396508 0.00562444915423157 0.00820399960248324 0.0106479302980006 0.00438927091228497 0.00802371222525835 0.0282756956294179 0.00634781924381969 0.00580698148696683 0.00499733755204943 0.00379733248846605 0.00518653634280781 0.00475800874119159 0.00274102486291667 0.00344927228215965 0.00339367255855905 0.0130342541262507 0.00605884529650211 0.00579615889582783 0.00419067117873055 0.00350142531669917 0.00242746007709229 0.00586263129371218 0.00313059750907314 0.00233002100500812 0.001392960143869 0.00707543743432311 0.0594912374392152 0.0198338243644685 0.133912412449718 0.0419533580541611 0.0453552603721619 0.0135339020751417 0.0476595673710108 0.249062150716782 0.0408701974898577 0.113434969633818 0.113462217897177 0.0560328899882734 0.212183508276939 0.179844231903553 0.255020540952683 0.112793878465891 0.187062712013721 0.0976274181157351
0.0045793924073223 0.00385106112298672 0.00778758410160663 0.0088222611186211 0.0207156320218928 0.00339153452732717 0.00698465239765937 0.00472444976039696 0.00574629381808336 0.00319535901862764 0.00470214368106099 0.00555929765105248 0.00493330208191765 0.00365661138785072 0.0351085646424141 0.0638118113391101 0.0842627620324492 0.0164129815356918 0.00647407472133636 0.007023966149427 0.00409831575052522 0.00334406546171522 0.00586866769626795 0.0119349161628634 0.00305764167860616 0.00452447086863685 0.00255873996502487 0.00159173400253394 0.00133061229556404 0.00205947002414177 0.0153427681419998 0.0348332022316754 0.125539411790669 0.176128797605634 0.0970903613604605 0.00494244433939457 0.0304121615365148 0.0269869597628713 0.0309776615351439 0.0506155773997307 0.0556610841304064 0.0654274549335241 0.230729204416275 0.115920924395323 0.154510496556759 0.0969571903347969
0.0135769166518003 0.00493620962370187 0.00415417359344982 0.00739229270257056 0.00748842206085101 0.00990169318974949 0.00817069270415232 0.00370975754540268 0.00567038451263215 0.00813462016521953 0.00393641901828232 0.00374214049370494 0.0052044257405214 0.00990645864512771 0.00626984577393159 0.0150093452961649 0.0112592652093356 0.0613226931076497 0.0128084019292146 0.00378131996912998 0.00254400710091431 0.00253832030521153 0.0107185608940199 0.0126368789933622 0.00132434357528837 0.00247122320251947 0.0040494231521734 0.0117846636101604 0.0168180888984352 0.00315623551141471 0.0386731063947082 0.00628887682105415 0.115796019136906 0.173062795773149 0.0124472525902092 0.012122278730385 0.0607842825353146 0.0367481648921967 0.0631474085152149 0.0210148669779301 0.0268748177215457 0.0303626702167094 0.0396979011595249 0.0404400215484202 0.075468248128891 0.137914054840803
0.00427523479156662 0.00558973376269423 0.0052122595079709 0.00623149993480183 0.010986831002463 0.00790507741039619 0.00707999390433542 0.0663481948897243 0.0121540503751021 0.036859455704689 0.0289686236530542 0.0160114954225719 0.0069426959002165 0.0160586585174315 0.00604708083264995 0.00811258369358256 0.00675306374323554 0.178291112929583 0.179520073905587 0.00272167696821271 0.00289666074022534 0.00438700262748171 0.0145895623136312 0.00751669895835221 0.0570051241666079 0.0455677658319473 0.0315486053470522 0.0256940451450646 0.0228381927125156 0.0211910060606897 0.0668079071678221 0.00182678202377247 0.00153655724134296 0.0805581545457244 0.0438679650425911 0.0490192614495754 0.0188619903288782 0.040419739857316 0.0384241323918104 0.135614001005888 0.0158340181456879 0.0240274865180254 0.0193611826747656 0.0540004417300224 0.00918301528436132 0.0152877025073394
0.00838207095730468 0.00441887241322565 0.00432176111498848 0.00349544616128696 0.00243366475806397 0.00365061887423508 0.0174305694876239 0.0471583511272911 0.220479074120522 0.192804020643234 0.00746695722918958 0.00794922193835263 0.00542529034126495 0.00691539243562147 0.00943012572287364 0.0355269343515943 0.212145457416773 0.0932731067761779 0.0611703519709408 0.105764904804528 0.00683312494074926 0.000733847417723155 0.047117037884891 0.0243075081612915 0.00325165730915705 0.00703397784382105 0.0554233975708485 0.0283015307039022 0.00989248468540609 0.0210757955443114 0.037057907320559 0.0137031601043418 0.0438087861519307 0.109229117445648 0.0820844391360879 0.0431064145639539 0.0254971525631845 0.0117685648147017 0.0151669006794691 0.0803611554205418 0.0524089461192489 0.00718948722933419 0.0115231668460183 0.141703813523054 0.0324934929609299 0.038653496094048
0.00926975822076201 0.00600681328214705 0.00845303440000862 0.0094995389925316 0.00471508530026767 0.00437004734121729 0.0030381554577616 0.0191043917089706 0.00719031590269878 0.0317750608548522 0.264434044063091 0.0494969912979286 0.049016292206943 0.0301060537807643 0.00351979057959397 0.00389987191592809 0.0103934518395727 0.155782593972981 0.0631734164431691 0.0392829224467277 0.0357100032269955 0.00639826282858849 0.00555583173409104 0.00290832646132912 0.0268514785915613 0.0015808371973435 0.00622216960182529 0.00224959834013134 0.00522256639669649 0.0359778763726354 0.0132115127984434 0.026026229467243 0.0473744381219149 0.0561229018494487 0.0301785194315016 0.063351465202868 0.0110539163928479 0.0316110398620367 0.0171765834093094 0.049189143255353 0.011548965878319 0.0259193004574627 0.279654242098331 0.00827571364643518 0.0170177318621427 0.0243303237482905
0.00874369160737842 0.0120955945225433 0.00819824277423322 0.00988730574026704 0.00856236627150793 0.00547230702653345 0.00516244398604613 0.0030594555184507 0.010222392254218 0.0048980080668116 0.0126785115338862 0.00480810399749316 0.033517278265208 0.168113094568253 0.036226437240839 0.00223349077916168 0.00348265828706644 0.0646619632062595 0.0138240672997199 0.0554723498411477 0.102334437519312 0.137486400641501 0.088235942274332 0.207697246968746 0.0501348836347461 0.0590941220521927 0.016284207161516 0.06136818472296 0.0417216494679451 0.0950650041922927 0.0317771522328258 0.0223652340471745 0.0137985761743039 0.0364882616326213 0.0201454524416477 0.00548450707719894 0.00585189726407407 0.00969520465005189 0.0126209005713463 0.0673982255160809 0.144744403660297 0.0100382353411987 0.00542263914830983 0.0104659757693298 0.00318606194559834 0.00515347901819041
