Maxent_result_files_2/B_campestris_3.asc
NCOLS 594 
NROWS 330 
XLLCORNER -15 
YLLCORNER 23 
CELLSIZE 0.166666666666667 
NODATA_value -9999 
[rows 140 to 159 of 330, columns 322 to 367 of 594]
0.00832541109994054 0.0107855882495642 0.0106834809761494 0.0224442633800209 0.00682743063662201 0.00573429493233561 0.105032164789736 0.0178313506767154 0.0202217513695359 0.0102745326701552 0.0124472767580301 0.0134890110697597 0.00931963589973748 0.0349356830120087 0.0998995181173086 0.0119864152278751 0.0109929329715669 0.00651472739409655 0.0135234756860882 0.0232034808956087 0.025484342686832 0.010855553811416 0.00776175931096077 0.0127123086247593 0.0157062607817352 0.0083261747378856 0.0104772405698895 0.00928278677165508 0.00592889818362892 0.00576232215389609 0.00400748442625627 0.00953734058421105 0.00963898552581668 0.0112237580586225 0.00516970342723653 0.00452938588568941 0.00439523132517934 0.00687120042275637 0.00406329678371549 0.00387810351094231 0.00381435516756028 0.00523632590193301 0.00375610267510638 0.00371039055753499 0.00371239035157487 0.0035939939902164
0.00750861619599164 0.00703906305134296 0.00677311550825834 0.00659344654995948 0.00663958822842687 0.00658097413834184 0.00643405569717288 0.00633241722825915 0.00632197856903076 0.0297105480916798 0.00609487283509225 0.00823375126346946 0.0153392783366144 0.00723841751459986 0.0427520655095577 0.0139243678189814 0.00655026184394956 0.0103148124646395 0.00601302175782621 0.00479951548622921 0.0102895072195679 0.00822478788904846 0.00732714803889394 0.0109911274164915 0.0105215401854366 0.00907799946144223 0.0132202966138721 0.00855818649288267 0.00395995812723413 0.0040122116683051 0.0112833855673671 0.0133812989108264 0.00935089478734881 0.00787541975732893 0.00490601984784007 0.0048341088113375 0.00425385558046401 0.00412993236677721 0.00393985385308042 0.00387533693574369 0.0038760579074733 0.00392132013803348 0.00289133553160355 0.00299724156502634 0.00378005070379004 0.00705035077407956
0.00708143645897508 0.0272728877142072 0.00648208686616272 0.00656041405163705 0.00648900209926069 0.0207733280956745 0.00637453775852919 0.00629341802559793 0.00635034635197371 0.0103772609494627 0.00712329326197505 0.00818533687852323 0.00594301642850041 0.0121660531964153 0.0115061884280294 0.0073957588057965 0.00877227380406112 0.0236974692903459 0.00595050761476159 0.0185530270449817 0.0125320307910442 0.0190643949434161 0.0136409416794777 0.00985388471744955 0.011577960755676 0.0121877175755799 0.00540502332150936 0.00870842924341559 0.00384030245477334 0.00398072726093233 0.00769044966436923 0.00492062550038099 0.00554456782992929 0.00706755516584963 0.00534490621648729 0.00634596572490409 0.00943589380476624 0.00361369025195017 0.00546292569488287 0.0138234413811006 0.00942834138404578 0.0132447842042893 0.0032563217333518 0.00269044525339268 0.00518167124828324 0.00643846960738301
0.038770910911262 0.00671466044150293 0.00890561663545668 0.00641578298527747 0.00514805803541094 0.00939477724023163 0.0314711698330939 0.0182784723117948 0.00633487706072629 0.00961230781394988 0.00656472714617848 0.00712031472939998 0.0064757258631289 0.00612268238328397 0.00858803549781442 0.0046682306448929 0.00935237752273679 0.0109192164149135 0.0157737283501774 0.0131323125213385 0.0166074883658439 0.0138567502610385 0.00979637475684285 0.0107534414157271 0.0144520257133991 0.0116171648725867 0.00522887025726959 0.00376486029708758 0.00379766464466229 0.00384455731837079 0.00397133674705401 0.00246246840106323 0.0048529195250012 0.00323275134433061 0.00280824771616608 0.00438921671593562 0.00313679300015792 0.00322973943548277 0.00731238616863266 0.00376469321781769 0.00552295400993899 0.00279712477349676 0.00218225273420103 0.00460899204481393 0.00296911142067984 0.00849525053054094
0.00714491265825927 0.00638604161795229 0.0065506805665791 0.0249299635179341 0.00621225114446133 0.0174288664013147 0.00645888650324196 0.00666829159017652 0.00669158506207168 0.00618855331558734 0.00691706521902233 0.019523757416755 0.0117483027745038 0.0135064280126244 0.023113654460758 0.00988167114555836 0.0133621891960502 0.0059266303665936 0.00895169517025352 0.0072054824559018 0.0121517119463533 0.0110290284734219 0.00765076829120517 0.00650027440860868 0.00940532935783267 0.0096067741047591 0.00424304533516988 0.00410826954757795 0.00405477940803394 0.00396244124276564 0.00600119380978867 0.00306622748612426 0.00423949233954772 0.00259590566856787 0.0044253536965698 0.00417104754596949 0.00409337553428486 0.00403460016241297 0.00403774153674021 0.0040552111226134 0.00306858943076804 0.00278738614870235 0.00480530983768404 0.00947236809879541 0.00714082191698253 0.00738642781507224
0.0131030165124685 0.006831537745893 0.00646168924868107 0.00632890781853348 0.00639367569237947 0.00451091484865174 0.00944024273194373 0.0126463419757783 0.0127481263596565 0.007945442548953 0.0065146577777341 0.00644297613762319 0.0204405255615711 0.00623039368074387 0.0209557697176933 0.0313475212082267 0.00598067515529692 0.0158940763678402 0.00855366860050708 0.0133377898484468 0.0136105993762612 0.0111663248855621 0.0105239355936646 0.0063065345864743 0.011338411225006 0.00695025306195021 0.0281467998400331 0.00997864757664502 0.00427354621933773 0.00420058227609843 0.00326253101229668 0.00238222517073154 0.001640813407721 0.00142756452260073 0.00204609146458097 0.0026388255006168 0.00416247611865401 0.0109400291461498 0.00408525387756526 0.00416541347512975 0.0067434144904837 0.00329191877972335 0.00391349960118532 0.00631319147069007 0.00635548098944128 0.00616183920064941
0.00727109597064555 0.00699154443573207 0.00661823833361268 0.00637069933582097 0.0064723001094535 0.00652083377353847 0.0178835715167224 0.018713266775012 0.00713535009417683 0.0068459777161479 0.00671018946450204 0.00652825518045574 0.0065009985351935 0.00620814969297498 0.0061704752035439 0.00600584112107754 0.00600608405657113 0.00708488791715354 0.0165439459495246 0.0134015414398164 0.00803577727638185 0.0100502752698958 0.00738847409375012 0.0061413959832862 0.00696689214091748 0.00502713115420192 0.00678336869459599 0.0050333030289039 0.00643858643015847 0.00961673215497285 0.00711760309059173 0.00458608543267474 0.00420367958722636 0.00231899077189155 0.00138259853411 0.00184651722665876 0.00254392998758703 0.00992667551618069 0.0110689353197813 0.00452354641165584 0.00480025593424216 0.0029518163530156 0.00529106700560078 0.00821544204372913 0.00760227499995381 0.0124100741464645
0.00708555644378066 0.00686203059740365 0.0117647261358798 0.00640091854147613 0.00650064679794013 0.00652299323119223 0.00664445469155908 0.00690398609731346 0.00690309456549585 0.00681936396285892 0.00666540442034602 0.00665831938385963 0.00881820009090006 0.00638683654833585 0.00981163189280778 0.00619157585315406 0.00613844192121178 0.0236346036195755 0.0153876192634925 0.0247084885835648 0.0093540214933455 0.00667357984930277 0.00521121507044882 0.0054683814290911 0.0079867800232023 0.00524778519757092 0.00550103924470022 0.00415794452419505 0.00398764464771375 0.00427800598554313 0.00523553426610306 0.00708207692950964 0.00398047473281622 0.011655302438885 0.00467687993077561 0.00358552164398134 0.00424358332529664 0.00421178264077753 0.0107301516458392 0.00685446483548731 0.00995234912261367 0.00455263282638043 0.00486588397761807 0.00443303070496768 0.00447575404541567 0.00703197036636993
0.00713836175855249 0.00682578035630286 0.00593454670161009 0.0182529266923666 0.00652322764508426 0.00653778626583517 0.00662206395063549 0.00672996090725064 0.00685422718524933 0.00684790255036205 0.00662677930667996 0.00665854276157916 0.00655813270714134 0.00642586010508239 0.0062336528673768 0.0105511637404561 0.0102937550283968 0.00961505288723856 0.0149195148609579 0.0325569333508611 0.0124779065139592 0.00558843505568802 0.00559216635301709 0.00546229062601924 0.0128129319753498 0.0143598923459649 0.00530860165599734 0.0245495409704745 0.00439788824878633 0.00389741646358743 0.0190009007230401 0.00201195283443667 0.00237952884053811 0.00452652364037931 0.0135664164321497 0.004351230582688 0.0140305297449231 0.00235486272431444 0.00601913724094629 0.00505254305899143 0.0071185868117027 0.00251782991690561 0.00372039353242144 0.0041470349591691 0.00545606520026922 0.00570302344858646
0.00710519903805107 0.00573885953053832 0.00682090809568763 0.00658561964519322 0.00653255893848836 0.00652225129306316 0.0260370794683695 0.00800505264196545 0.00942997036036104 0.00781042918097228 0.00510555512737483 0.00457011795369908 0.00659996112808585 0.0064335145521909 0.00618518837727606 0.007069610664621 0.0097420044708997 0.0138635442126542 0.00411727200262249 0.00874135387130082 0.00567489981185645 0.00561708689201623 0.00558755500242114 0.00549705475568771 0.0054054158506915 0.00533334212377667 0.00386764014838263 0.00624721206258982 0.00512066374067217 0.00534716411493719 0.00279568264377303 0.00448989680735394 0.00466601650696248 0.00448706144234166 0.00436931229196489 0.00430613127537072 0.0112658130005002 0.00216223567840643 0.00381959964288399 0.00430796844884753 0.00788258633110672 0.00485987633001059 0.00445749376667663 0.00495658888248727 0.00524123159702867 0.00362296782550402
0.00706305408384651 0.0070746811805293 0.0069174509961158 0.00655549364164472 0.0210689499042928 0.00607326270546764 0.0073265815153718 0.00447848899057135 0.00651724704075605 0.00731392137240619 0.00701004287693649 0.0053151614847593 0.00643796850927174 0.0150143729057163 0.00618312887381762 0.00949758193455636 0.00597957065328956 0.0107822561170906 0.00948536000214517 0.0121391774620861 0.00556021265219897 0.00563458583783358 0.00552651749458164 0.00550194864626974 0.00538128984626383 0.00388183961622417 0.00279351898934692 0.00376623966731131 0.00894579216837883 0.0049100213102065 0.00481391660869122 0.00387913594022393 0.0046047177282162 0.0045048791449517 0.00784311729948968 0.00468420806573704 0.00424543339759111 0.00531739094294608 0.00976140582934022 0.0227266150526702 0.0331626489758492 0.00422424235148355 0.00598820050945506 0.00866214664420113 0.00568818338797428 0.00512982397922315
0.00740823410451412 0.00853150382172316 0.00629422550555319 0.00686066744383425 0.0256906996481121 0.0187325858511031 0.0422161443158984 0.00604883811902255 0.00635873100254685 0.00639233903493732 0.00645163673907518 0.00929321718867868 0.00634601900819689 0.0062764298170805 0.00614276707638055 0.00605569081380963 0.0625218234024942 0.0137725417036563 0.00646181632764637 0.00460473612183705 0.00558903610799462 0.00560476446989924 0.0055634014075622 0.00548600172623992 0.0240860752761364 0.00416896765818819 0.00518223406979814 0.00510267246281728 0.00494729600613937 0.00483081515412778 0.00478578980546445 0.00470522693358362 0.00461238623829559 0.00458138651447371 0.0174482008907944 0.0030680563650094 0.00410873643122613 0.00397431047167629 0.00388398201903328 0.00428296264726669 0.00551347631262615 0.00200348453654442 0.00530750619946048 0.00399123952374794 0.0093942649255041 0.00489580288412981
0.00770802886690944 0.013316304795444 0.0169971337076277 0.00699926665984094 0.0166148604359478 0.787155100703239 0.0212074560113251 0.023106914293021 0.00624466680455953 0.0164758097846061 0.016049331985414 0.00617189216427505 0.00625075425487012 0.00626768486108631 0.00610101507045329 0.00601391789969057 0.00586693952791393 0.00817447665613145 0.00603081027511507 0.00442158504156396 0.00558383918832988 0.00559377551544458 0.00547102431301028 0.00514972475357354 0.00605152791831642 0.00666631778003648 0.00511912090005353 0.00505452576326206 0.00493034729734063 0.00480878329835832 0.00478220963850617 0.00368530906271189 0.00556043947581202 0.00349694517208263 0.00450551813701168 0.0112954776268452 0.00407817309023812 0.00705272492486984 0.00267496663145721 0.00361211614799686 0.00610882857581601 0.00403281571925618 0.00488874816801399 0.00332742344471626 0.00459257927141152 0.00439608417800628
0.0151163292117417 0.0295254036784172 0.00763757140375674 0.00757656085770577 0.016066866228357 0.010357673978433 0.0126351917628199 0.00521253042388707 0.0298567024990916 0.00613135597668588 0.00602338491007686 0.0060144855407998 0.00606369553133845 0.00605195201933384 0.00597324531991035 0.005827925237827 0.00784738347865641 0.018503190856427 0.00559955183416605 0.00557685613166541 0.0055510021513328 0.00542741804383695 0.0053893472533673 0.00538607558701187 0.0231773060746491 0.004975297418423 0.00502432722132653 0.0049438799964264 0.00332628914620727 0.00419264150550589 0.00473411063430831 0.00737447454594076 0.0053369049099274 0.00386451898957603 0.00501093155471608 0.00315655804006383 0.00402560029178858 0.00317441449733451 0.00233106685336679 0.00204064213612583 0.00452243786421604 0.00359347363119014 0.00331032885587774 0.00340552347479388 0.00486587695777416 0.00351686933427118
0.00855937148444355 0.0273381471633911 0.015406203828752 0.00791942439973354 0.0149076680652797 0.0115180193446577 0.00669393371790647 0.00657779925968498 0.0064484802307561 0.00621007431764156 0.00609491195064038 0.00605264266487211 0.00602330190595239 0.00592218532692641 0.0058545817155391 0.00574146879371256 0.00562270146328956 0.00554485388565809 0.00552736010868102 0.00549551679287106 0.00542280566878617 0.00537376041756943 0.0245194404385984 0.0166842210572213 0.00504216571571305 0.00498814969323576 0.0049755132640712 0.0031001998228021 0.00303844131994992 0.00471455308143049 0.00383736026706174 0.00466934291180223 0.00458410676801577 0.00456926572369412 0.00441658464260399 0.00424797834130004 0.00404758336953819 0.00376083435257897 0.00351511656190269 0.00335602836566977 0.00254039137507789 0.00692591582192108 0.00319998795166612 0.00322570675052702 0.00208838679245673 0.00147882066085003
0.00926356608979404 0.00904713398776948 0.00862388145178556 0.00786737510934472 0.0254716880619526 0.0176597341895103 0.010147962346673 0.00669782315380871 0.00652578694280237 0.00627413778565824 0.00612545888870955 0.00764761979226023 0.00594657256733626 0.00583742875605822 0.00572805877309293 0.00560727475676686 0.00546137851197273 0.00549373994581401 0.00552599388174713 0.00554803914856166 0.00550546459853649 0.00574098217766732 0.0053218136774376 0.00524382841540501 0.0051088452222757 0.00500690588960424 0.00495172688970342 0.00603519112337381 0.00676924793515354 0.00469979074550793 0.0046257329871878 0.00458469360601157 0.00448654147330672 0.0044033034122549 0.00427798718446866 0.00412615985842422 0.00384981092065573 0.00365638133371249 0.00349937486462295 0.00333530816715211 0.00328222953248769 0.00248449720093049 0.0023855095525505 0.00336780973593704 0.00206190640165005 0.00225676815025508
0.00939285820350051 0.00898097357712686 0.0103464692831039 0.00911873881705105 0.0204478605650365 0.0219387806952 0.00827230457216501 0.00695699425414205 0.00669329087249935 0.00643142927438021 0.00621730687562376 0.00608599372208118 0.00596596833784133 0.00580611096229404 0.00560567935463041 0.00544890693854541 0.0108017055783421 0.0119368903338909 0.00550094863865525 0.00564164044335484 0.00562277419958264 0.00675692096119747 0.00393299639690667 0.00532317977631465 0.00515740216942504 0.00499752340838313 0.0049638450727798 0.00487683780957013 0.00418732640100643 0.00469864961924031 0.00460707613965496 0.00452455715276301 0.00440273489803076 0.0042574995663017 0.00406224579783157 0.0039382932940498 0.00380985350348055 0.0034927474509459 0.00303820914705284 0.00326922520180233 0.00320068041328341 0.00155075851944275 0.00135143672232516 0.0021177966351388 0.00865084258839488 0.00920697193359956
0.00896621174179018 0.00872939946129918 0.0461427424103022 0.128295977413654 0.0164662942755967 0.0132726262323558 0.007305932440795 0.00707943555898964 0.0068197213113308 0.00655106804333627 0.00629105041734874 0.00609850375913084 0.0059003034606576 0.00577028209809214 0.00563391577452421 0.00534905220847577 0.005203667585738 0.00874352052342147 0.00555601743981242 0.00577933713793755 0.00588509193621576 0.00592724198941141 0.018814276298508 0.00558770261704922 0.0211717588827014 0.00516414321027696 0.00504597497638315 0.00331731538753957 0.0067345533054322 0.00462560311425477 0.00452462759567425 0.0044357473612763 0.00428671194240451 0.00412257959833369 0.00399632413173094 0.00383245741249993 0.00366019697394222 0.00628726384602487 0.00342511563794687 0.00324863805435598 0.00421703862957656 0.00301687482860871 0.00971297200303525 0.00977221140637994 0.00935023671481758 0.00193637244519778
0.0087364693172276 0.0236644700169563 0.060778071731329 0.0647109569050372 0.016927975602448 0.00724204229190946 0.00721745062619448 0.00713964249007404 0.00683684917166829 0.00653487164527178 0.0161060101352632 0.0061383071821183 0.00592695507220924 0.00578161471057683 0.00565961925312877 0.00538339358754456 0.00533884472679347 0.00853527435101569 0.00567968487739563 0.00604394499678165 0.00328357969410717 0.0107978921383619 0.0236814713105559 0.0119833424687386 0.00622500587487593 0.00422011822229251 0.004060325876344 0.0102714344160631 0.00483187910867855 0.00464777644956484 0.00453186810482293 0.00435888491338119 0.00420499333413318 0.00412688530050218 0.00305520126712509 0.00954929599538445 0.00448037110618316 0.00231816257582977 0.00324877973180264 0.00309822372510098 0.00298957256018184 0.00298150926246308 0.00772251298185438 0.00276457011168532 0.0129568048170768 0.0024337945273146
0.00885529480874538 0.00857896283268928 0.0295596462674439 0.0165792204905301 0.00744433174841106 0.00707059409469366 0.0068945846054703 0.00681514644529671 0.00665753476787359 0.00640972373075783 0.00357595364330336 0.00609907454345375 0.00590661745518446 0.00577338000293821 0.00573284905403852 0.0054221278289333 0.00875127469189465 0.00456038863630965 0.00585611087735742 0.00270918476162478 0.000413950380607275 0.00756353531032801 0.00767310524825007 0.0317557202652097 0.00570043094921857 0.0054708965588361 0.00528009843546897 0.00505289040738717 0.00484003631863743 0.00466439315350726 0.00450474835233763 0.00433435144368559 0.00416349553270265 0.00397855397313833 0.00632646156009287 0.00355657382169738 0.0053672248031944 0.00319366729236208 0.00314113217173144 0.00297151225968264 0.0075087322620675 0.00284716146416031 0.0073203043313697 0.0160631065489724 0.0054371717851609 0.00459303775569424
