Maxent_result_files_2/B_campestris_3.asc
NCOLS 594 
NROWS 330 
XLLCORNER -15 
YLLCORNER 23 
CELLSIZE 0.166666666666667 
NODATA_value -9999 
[rows 160 to 179 of 330, columns 138 to 183 of 594]
0.252865548431873 0.157972982525826 0.316311714053154 0.433924967050552 0.440893095731735 0.266841086745262 0.506660756468773 0.272281339764595 0.398379284143448 0.344266578555107 0.256857307255268 0.287860870361328 0.132634909451008 0.368422016501427 0.243402415513992 0.150679584592581 0.408483108878136 0.15950308740139 0.0980249553918839 0.189159590005875 0.137484486401081 0.160713510215282 0.157490429282188 0.405683487653732 0.0787318531423807 0.322469222545624 0.979034066200256 0.137769019603729 0.156306275725365 0.219127736985683 0.134412117302418 0.101705257594585 0.155143293738365 0.154935558140278 0.175736287236214 0.121858029812574 0.126636523008347 0.200044612586498 0.310006427764893 0.130581802874804 0.370004245638847 0.112982990592718 0.148783102631569 0.13882324770093 0.162632677704096 0.200077520310879
0.260159675776958 0.284175391495228 0.210267518460751 0.171800088882446 0.315923517942429 0.556017875671387 0.309776970744133 0.1977529078722 0.203321009874344 0.235102392733097 0.402518519759178 0.34270159304142 0.391258922219276 0.175477588176727 0.230149342119694 0.146231036633253 0.301284846663475 0.11827244758606 0.0991475723683834 0.183781300485134 0.151935729384422 0.117593428492546 0.0826057899743319 0.272781470417976 0.165478387475014 0.276731163263321 0.305336168408394 0.106338657438755 0.158212354779243 0.139993860572577 0.163436964154243 0.215264551341534 0.130905994772911 0.466435220837593 0.938741761445999 0.269971819221973 0.280193763971329 0.152526603639126 0.146369658410549 0.135204005986452 0.186521461606026 0.350227361917496 0.172396172583103 0.159482584893703 0.277626994252205 0.163773711025715
0.203903083503246 0.175612304359674 0.183413618803024 0.33292418718338 0.222854593396187 0.366443610191345 0.351878887414932 0.238042658567429 0.414256086945534 0.523844122886658 0.270793250203133 0.381193807721138 0.376120781898499 0.191736714541912 0.206719863414764 0.164973314106464 0.209365749359131 0.162342698872089 0.190879233181477 0.0900678895413876 0.180737714469433 0.125312182307243 0.0919933132827282 0.121328859776258 0.208564367890358 0.186638747155666 0.114606969803572 0.181656882166862 0.181650441884995 0.35655183494091 0.151552035659552 0.212002819776535 0.217409229278564 0.139050357788801 0.148671446740627 0.245041088759899 0.295277032256126 0.310931119322777 0.418119984865189 0.273743361234665 0.2929503723979 0.438229340314865 0.158510145545006 0.293623399734497 0.20412630289793 0.213773581385612
0.243991154432297 0.374012899398804 0.3795404702425 0.267894965410233 0.274063436686993 0.311016568541527 0.324824818968773 0.408672475814819 0.361412882804871 0.388358202576637 0.364172729849815 0.452267280220985 0.311943578720093 0.198862981796265 0.224412675201893 0.514996415376663 0.487695530056953 0.335853073000908 0.167372957617044 0.145781438797712 0.153034415841103 0.173115213215351 0.190422841906548 0.127262696623802 0.121030963212252 0.183637346327305 0.313016824424267 0.267241531610489 0.480001679062843 0.591663420200348 0.18833791166544 0.144261547923088 0.253274227678776 0.19855502396822 0.263189426064491 0.0990298748016357 0.0938482150435448 0.085794660449028 0.177405609190464 0.199073316156864 0.140073185414076 0.226350100338459 0.818296432495117 0.330942597985268 0.287864620983601 0.74496169090271
0.362076488137245 0.302822533249855 0.311896249651909 0.326716251671314 0.361877247691154 0.420010167360306 0.332612478733063 0.381913065910339 0.259611102938652 0.23019190132618 0.363256487250328 0.406984511017799 0.392263823747635 0.329127684235573 0.204084198176861 0.293536335229874 0.908716851472855 0.408954232931137 0.500588327646255 0.366941639780998 0.402751377224922 0.132763449847698 0.142733053117991 0.141935466229916 0.206288442015648 0.258966571092606 0.234385386109352 0.618320542573929 0.999988740682602 0.770662689208984 0.39457286298275 0.328383830189705 0.151380683481693 0.252303429692984 0.541370666027069 0.0818618111312389 0.0941685989499092 0.202685981988907 0.165663315355778 0.199584574997425 0.700880360603332 0.180312307178974 0.0947006933391094 0.13852136656642 0.233069874346256 0.111324671655893
0.401736348867416 0.255198763310909 0.386008843779564 0.268824578821659 0.294033500552177 0.29907782971859 0.223118387162685 0.289129412174225 0.374515071511269 0.281416341662407 0.228351004421711 0.140520726889372 0.174219730496407 0.150504040718079 0.315425288677216 0.251612436771393 0.208291721343994 0.296991111338139 0.466671645641327 0.543703562021255 0.577829656004906 0.337009429931641 0.216542536020279 0.184935827553272 0.395792675018311 0.166362568736076 0.936326271295547 0.275351412594318 0.535870662331581 0.48407139480114 0.140071431547403 0.188861244916916 0.432021450996399 0.217883184552193 0.121847355365753 0.0997393511235714 0.142163427919149 0.0944835193455219 0.0856350742280483 0.155150515586138 0.100391486287117 0.0899079628288746 0.172450923919678 0.152632611989975 0.105235107988119 0.0899823758751154
0.377238464355469 0.281161904335022 0.261489079892635 0.708651494979858 0.294790053367615 0.28210316747427 0.292725245654583 0.235301791131496 0.16564034819603 0.32997322678566 0.191796940565109 0.221705324947834 0.224193090200424 0.220748052000999 0.379955983161926 0.286448740959168 0.270297783613205 0.186632154881954 0.191694325208664 0.156623423099518 0.290063467621803 0.406228223443031 0.222910484671593 0.461249250173569 0.366183042526245 0.268113392591476 0.226560205221176 0.971667563915253 0.738993787765503 0.195219184458256 0.139519231021404 0.138070353865623 0.233036142587662 0.141116756945848 0.188754646480083 0.173532459139824 0.0852680142968893 0.0688103307038546 0.0745761066675186 0.0485712449997664 0.0650380663573742 0.0763100769370794 0.0755999360233545 0.114624810218811 0.129536316543818 0.12003808170557
0.169142317771912 0.766635167598724 0.873363965749741 0.888064980506897 0.974437695741653 0.875121980905533 0.422536280751228 0.214694599807262 0.20349728167057 0.210042405128479 0.375024384260178 0.3378432482481 0.360673570632935 0.327763563394546 0.344955965876579 0.177884577214718 0.283747485280037 0.213666167855263 0.224233266711235 0.15927000939846 0.179181538522243 0.354837027192116 0.245348082482815 0.335893480479717 0.293325281143188 0.178479710221291 0.404947340488434 0.273343080282211 0.356650894880295 0.21478665471077 0.252016827464104 0.224015544354916 0.201571002602577 0.213812205195427 0.0983866006135941 0.148379376530647 0.0917843021452427 0.0888606574386358 0.474416741728783 0.242212769389153 0.0765412732958794 0.106105099618435 0.0541186738759279 0.10896312892437 0.0631587829440832 0.0642430480569601
0.0996061347424984 0.265579016506672 0.369800147414207 0.852281588315964 0.405754402279854 0.331503146886826 0.674777871370316 0.247695870697498 0.156448905169964 0.213750915229321 0.296221581101418 0.27693629860878 0.350842958688736 0.111251981556416 0.301212602853775 0.163439537584782 0.134090093523264 0.241527923941612 0.236129330098629 0.254654923081398 0.208592073619366 0.293217334151268 0.230251643061638 0.281878060102463 0.297038285434246 0.213143664598465 0.272038857638836 0.322130519151688 0.138710355758667 0.189155896008015 0.18094417154789 0.176711884140968 0.162712934613228 0.167133232951164 0.124455902725458 0.130740277469158 0.0683623380959034 0.049362600967288 0.0552849140018225 0.0829896498471498 0.0560472991317511 0.0937173657119274 0.126783491671085 0.079102785140276 0.120751424133778 0.105174387991428
0.159358948469162 0.168160532414913 0.124085511267185 0.358246631920338 0.179874536395073 0.219734375178814 0.161239395290613 0.238824947178364 0.235380534827709 0.288324850797653 0.506342408061027 0.608813735842705 0.27256520986557 0.16674737483263 0.283771286904812 0.295661872625351 0.134235589206219 0.299690896272659 0.270459672808647 0.391073447465897 0.359673050045967 0.249311996996403 0.237061366438866 0.227396012842655 0.73420518040657 0.157635052502155 0.261394555866718 0.232746577262878 0.224118326604366 0.151945094764233 0.161969600617886 0.141076365113258 0.561186915636063 0.16120081692934 0.452093914151192 0.539512088894844 0.131923868507147 0.160898606479168 0.130060055851936 0.190127563476563 0.108918335288763 0.0945173919200897 0.0876356527209282 0.142309488356113 0.130811465531588 0.119741035997868
0.185912254452705 0.0908644326031208 0.909952992200851 0.29784215092659 0.246070685982704 0.253722576797008 0.224812330305576 0.256630356609821 0.249325987696648 0.425063681602478 0.341079640388489 0.317723169922829 0.298108138144016 0.31917787194252 0.336473751068115 0.185909911990166 0.142506556212902 0.890528655052185 0.42068547308445 0.196756812930107 0.27979311645031 0.34451402425766 0.254370415210724 0.181551857292652 0.249760867655277 0.177306036651134 0.209427909553051 0.268762145936489 0.175625339150429 0.172921703755856 0.148529636859894 0.24034576267004 0.269726738333702 0.250079806149006 0.193393360078335 0.23298546820879 0.159580828249454 0.16461044549942 0.210975961387157 0.223329421877861 0.201479510962963 0.261864544451237 0.129968734830618 0.119514185190201 0.0943066865205765 0.115334094315767
0.219877044856548 0.147742911428213 0.99887028336525 0.892221289873123 0.414393597841263 0.334550505876541 0.236607258021832 0.316928648948669 0.325967526435852 0.435137450695038 0.381819215416908 0.363315683603287 0.389342784881592 0.384399938583374 0.340497845411301 0.35911268889904 0.1361915782094 0.300957883894444 0.984873420000076 0.567540669441223 0.217135652899742 0.348601770401001 0.166922934353352 0.463115453720093 0.140011832118034 0.152339534461498 0.12243041023612 0.228926126658916 0.299166166782379 0.132130242139101 0.298334881663322 0.196569995582104 0.234350122511387 0.318702700734138 0.315663379430771 0.175423520803452 0.244957882165909 0.161099924147129 0.146739808470011 0.13335081115365 0.1021340534091 0.156065379083157 0.205567586421967 0.102959486842155 0.14764956086874 0.145565624535084
0.252882212400436 0.162349490821362 0.420818105340004 0.251430584490299 0.357615375518799 0.313295030593872 0.316319426894188 0.545902228355408 0.281783871352673 0.309651274979115 0.243482261896133 0.212420004606247 0.377811601758003 0.456631746888161 0.483535328507423 0.261527875065804 0.21664772182703 0.269017109274864 0.73519287109375 0.140044111758471 0.227404353022575 0.298095473647118 0.27803427875042 0.177891086041927 0.696029913425446 0.203017675876617 0.227788314223289 0.116300536692142 0.16457234621048 0.207307378947735 0.308877201378346 0.259614135324955 0.175524953007698 0.144244882464409 0.315374049544334 0.203751891851425 0.15710266828537 0.155401703715324 0.103341097384691 0.178207460045815 0.10416058152914 0.15289391130209 0.179622282087803 0.220991292595863 0.140720637887716 0.161991414427757
0.330317896604538 0.120338522642851 0.473357534408569 0.333786898851395 0.28767583668232 0.225721791386604 0.256623354554176 0.523013317584991 0.252213567495346 0.323621308803558 0.198390819132328 0.368141439557076 0.266191922128201 0.412368375062942 0.347613379359245 0.244990119338036 0.237696444988251 0.264822232723236 0.246974997222424 0.276877734065056 0.20523644387722 0.30365816950798 0.1934923812747 0.157404254376888 0.398383748531342 0.153798289597034 0.216332843899727 0.283017970621586 0.180506733059883 0.274994225800037 0.35608668923378 0.275189498066902 0.295870354771614 0.289012582600117 0.209965232014656 0.189129112660885 0.22416053712368 0.461510995030403 0.280285768210888 0.387023434042931 0.335909025371075 0.248080129921436 0.159077997505665 0.397770643234253 0.246550932526588 0.239201860129833
0.129078522324562 0.228236812353134 0.527690237760544 0.3106664031744 0.365948873758316 0.203692831099033 0.613219755887985 0.969964092969894 0.367565488815308 0.192105565965176 0.208139759302139 0.328039759397507 0.266365483403206 0.397468599677086 0.151176319271326 0.214419165253639 0.302956131100655 0.270405864715576 0.171146959066391 0.169997853040695 0.220013286173344 0.270829336345196 0.161554329097271 0.149699747562408 0.154627761244774 0.135911737382412 0.176450142264366 0.458855527639389 0.237473103404045 0.173279044032097 0.186544033885002 0.183475866913795 0.193065750598907 0.22745805978775 0.229197514057159 0.228548109531403 0.286620369553566 0.184491264820099 0.151962918043137 0.120908776670694 0.519038826227188 0.471248990297317 0.395182341337204 0.155964692682028 0.168169140815735 0.211646199226379
0.169482746720314 0.519309082627296 0.264752542972565 0.354583424329758 0.257132022082806 0.302390368282795 0.836252546310425 0.999172329902649 0.512657251954079 0.322618024051189 0.374717664718628 0.182129111886024 0.247751508653164 0.160363625735044 0.218219368159771 0.215845650434494 0.206872978806496 0.151958069205284 0.207082156836987 0.381355437636375 0.295503269135952 0.148733511567116 0.12416510656476 0.158952802419662 0.16933192461729 0.285595539212227 0.290138703584671 0.231599198281765 0.228251868486404 0.190393531322479 0.243857200443745 0.22509543299675 0.24637506455183 0.1293511480093 0.173855420947075 0.200513184070587 0.282237297296524 0.158084537088871 0.23815880715847 0.189995561540127 0.258466719090939 0.194315311312675 0.202748614549637 0.286513525247574 0.223367114365101 0.143891192227602
0.174078640341759 0.680662697553635 0.634486621618271 0.376651811599731 0.254793755710125 0.160137211531401 0.236089336872101 0.273722121119499 0.0919822134077549 0.11664772182703 0.115994752943516 0.213292384147644 0.165397416055202 0.148762118816376 0.156786826997995 0.165967944264412 0.18781404197216 0.276648831367493 0.225105294585228 0.137850514799356 0.165808030962944 0.132090011239052 0.179208470880985 0.310892921686172 0.219214794039726 0.184191572666168 0.173983244597912 0.147196491062641 0.289035362005234 0.18466572612524 0.231681980192661 0.122513560950756 0.175868094712496 0.209436656534672 0.166656988859177 0.150029312074184 0.157762340456247 0.225666762888432 0.240862876176834 0.300396685302258 0.434273767471313 0.207016271352768 0.239861299097538 0.213395853340626 0.160908664762974 0.216441108286381
0.327037951350212 0.345603847503662 0.613870576024055 0.221650815010071 0.232214383780956 0.165414413809776 0.0895857237279415 0.1137994132936 0.187606877088547 0.33878775537014 0.116518058627844 0.32645243704319 0.28628056794405 0.203897012770176 0.150474074482918 0.264201055467129 0.150549860298634 0.881649899482727 0.119731014966965 0.301512348651886 0.299146385490894 0.243589359521866 0.267054864764214 0.174124801158905 0.205743381381035 0.189982175827026 0.202866858243942 0.198000182211399 0.173154562711716 0.168340048193932 0.177894102036953 0.197617264091969 0.0710620138794184 0.213031062483788 0.172823089361191 0.13142301812768 0.149282798171043 0.155350568890572 0.216588304936886 0.205731530487537 0.246945491433144 0.279202289879322 0.316342163085937 0.248053786158562 0.232486838102341 0.0711325794458389
0.352404719591141 0.276982645690441 0.340163871645927 0.228724297881126 0.241665337979794 0.124349617958069 0.209207518398762 0.215912820398808 0.185215499997139 0.136003189533949 0.216667251288891 0.175496725738049 0.22466963082552 0.306180617213249 0.141357266902924 0.236712166666985 0.147905970364809 0.255479860305786 0.293935677409172 0.386158218979835 0.963121312856674 0.999992394447327 0.383895856142044 0.167169113457203 0.257069517672062 0.212788596749306 0.201831796765327 0.230456368625164 0.256437130272388 0.140840658545494 0.208101016283035 0.144828329235315 0.190646257996559 0.204837915301323 0.221508882939816 0.153434956073761 0.233791409432888 0.905890560150146 0.232067815959454 0.129809717833996 0.130988919734955 0.162507934868336 0.148156087100506 0.10815464630723 0.0963943161070347 0.120826636999845
0.338563939929008 0.482348242402077 0.522722482681274 0.308604317903519 0.228796264529228 0.257309427857399 0.269415330886841 0.170143166184425 0.201834650337696 0.271873347461224 0.181357674300671 0.245766545832157 0.182297025620937 0.210533352196217 0.282129538059235 0.277765640616417 0.199337796866894 0.210379596054554 0.272324778139591 0.240618340671062 0.891545253992081 0.999995321035385 0.504626190662384 0.112341889739037 0.133266711235046 0.116626445949078 0.310466593503952 0.21398351341486 0.107135675102472 0.157240065932274 0.210343442857265 0.154618409276009 0.188320237398148 0.127941640466452 0.176766876876354 0.199999688565731 0.113292095810175 0.192300316691399 0.135592436045408 0.261819867789745 0.143007368594408 0.123761335760355 0.140841788053513 0.233751091361046 0.16823887526989 0.124558252096176
