Maxent_result_files_2/B_cingulatus_2.asc
NCOLS 594 
NROWS 330 
XLLCORNER -15 
YLLCORNER 23 
CELLSIZE 0.166666666666667 
NODATA_value -9999 
[rows 100 to 119 of 330, columns 396 to 439 of 594]
0.0116186210399974 0.0167424033224961 0.0257765652357193 0.0151209596062017 0.0051081210905668 0.00583198794070086 0.0280360353473952 0.0216382833394164 0.0160222882939706 0.020154289482889 0.018142820931098 0.0241092424126691 0.0216516557207797 0.0367120931437967 0.0231589781329603 0.0115676288441136 0.00946378021759546 0.0116031260305334 0.0162084320243034 0.00153063973411929 0.000397540908306837 0.000116650524432771 0.00730840290816559 0.00954355206496829 0.0134936929608102 0.0120204049968095 0.0092685335069657 0.0128886374039252 0.00949812456302533 0.0128007993472693 0.00537320133298635 0.00361125078052282 0.00231199837289751 0.0198020916432142 0.0013522248249501 0.00311829661950469 0.00321951238438487 0.00175865881610662 0.00223158341832459 0.00257534701377153 0.00944197122007608 0.00105396315921098 0.000559590687043965 0.00109061214607209
0.0221421371337783 0.00794840387332272 0.0239094230662886 0.016515367478496 0.0252018902087002 0.0704244008025853 0.00403854620873467 0.018325827420631 0.0238738362477307 0.0315387469432608 0.0161198720801622 0.0133985589684016 0.0112728210036948 0.00133419116882578 0.0118608722692443 0.0156809373576834 0.0617030212710233 0.0152211614635235 0.0149432984922697 0.0146321057016081 0.018665924491579 0.00642981701319603 0.00133407499524765 0.0159921072558518 0.00109570403583348 0.00395889174101609 0.0211515415950998 0.0159455909754428 0.0104375675395849 0.0208503168940297 0.0101727859117091 0.00206083432548281 0.0022898759227246 0.00187743087299168 0.00235544526949525 0.00376160587184131 0.000906588160432875 0.00336426557041705 0.00125460214912891 0.00225235112011433 0.00413369387388229 0.00111568393185735 0.000886795402038842 0.00201265006326139
0.00300217000782096 0.00375834729248599 0.0053402654784982 0.0109404673666631 0.00711261998929906 0.00205352252214853 0.00457397735187239 0.00682360899808359 0.0228636759723713 0.0177987594894148 0.0342798312442028 0.0241423351078993 0.0219650366329006 0.0246681221367908 0.0300509276672528 0.0390086567611434 0.0282460225236719 0.0245945161528653 0.0118492739334215 0.0168785798885438 0.0122196524471292 0.0200394932342533 0.0211580282481009 0.0102296263311075 0.000253168877679855 0.000208357404335402 0.00305519720445949 0.00603880949945506 0.00928025408102271 0.00242409302933581 0.00393477017059922 0.0039498332887888 0.00132336143869907 0.00186486444436014 0.00266874576918781 0.00149283637292683 0.00143003202974796 0.00592459570616484 0.00408636005595326 0.00230727456510067 0.00393625046126544 0.00257903197780252 0.00204365309327841 0.00155757220927626
0.00416785246461586 0.0134201965716784 0.0117886577686477 0.012867266887406 0.0205724929674034 0.0137317909309786 0.021460046350694 0.0163938453912124 0.0141954073704255 0.0110036517497065 0.0106989805517514 0.00559529254815061 0.0173053024800538 0.0280538145190803 0.0188578540142771 0.0472263281852065 0.0369805853055368 0.00526132725195447 0.0121961893823482 0.0138014233744258 0.0116478511408786 0.0163521689160007 0.01249037623802 0.0124340531308533 0.00287111254575594 0.00462780017405748 0.00169565288815647 0.0036361051723361 0.0042321995138947 0.00258473386056721 0.0014555441448465 0.00150381536222994 0.00215693572536111 0.00163133749738336 0.00357328141108155 0.00147133260034025 0.00118810916319489 0.0013329210691154 0.00125116840936244 0.00207521561533213 0.00228345168288797 0.00889458488672972 0.00125069231726229 0.000681173009797931
0.00718134704318203 0.017307975699805 0.0144738838333069 0.019439759679517 0.00601565456993995 0.0129324598039602 0.0190802657078166 0.0203700093297812 0.00945915560123467 0.00711687914638333 0.00571523594296004 0.027585580210507 0.0125684215991896 0.0118556535150674 0.0113055145365252 0.0202511642048194 0.0203651545483808 0.013214750678479 0.0036311193280536 0.0132990813425295 0.0129709044140498 0.0112339769341927 0.00961374933855075 0.00599827959928128 0.00173077377451903 0.000597116607241332 0.00135743850842118 0.000772608793340623 0.000480721704661846 0.000719614140689373 0.000515282980632037 0.00349509189836681 0.000680078892037272 0.000239142052305397 0.000618463131831959 0.00120885537471622 0.00129505882505327 0.0019426666200161 0.00190621465444565 0.000832695770077407 0.00199288707226515 0.00340235116891563 0.0021399199264124 0.00118553414940834
0.00888761113143062 0.0142544396909216 0.00528543887533886 0.00681501577857944 0.0115206556628436 0.0149901577149649 0.00881488762315712 0.00834454177529551 0.0111464861079185 0.0272027758335753 0.0141390414515627 0.00886750152949389 0.0106121568537446 0.0051920366904957 0.0038774717784496 0.00401957271694862 0.00533681356830016 0.00169013755681873 0.00251094439987111 0.00375970200932443 0.00808697395400486 0.0134467842491475 0.00645228575294823 0.000800216046627611 0.000478232302702963 0.00100166636984795 0.00141371469944716 0.00042151891393587 0.0014937091851607 0.00240603904239833 0.00163853258127347 0.00258972507435828 0.00102451727725565 0.000229083542944863 0.000285191826696973 0.000413734652101994 0.00134375363122672 0.00291070472449064 0.00221295314840972 0.00229964614845812 0.000922807585448027 0.00129399166908115 0.00229203968774527 0.0131688469941715
0.0115879870383651 0.00690474531176051 0.00237540368324272 0.00664083776287043 0.00820100042965954 0.0115359063911001 0.0160309638119543 0.0149166730477191 0.00241870152218397 0.00445234693145018 0.00829357194180252 0.00088183027831974 0.00116339743030949 0.00069461699100426 0.0068960513383379 0.0115163432140434 0.00224687116488076 0.00162946926286212 0.00235524743087212 0.00117896430063529 0.000187248815200292 0.00037781388964504 0.000162385267321952 0.000257092068204656 0.000304606696590781 0.000824012490920723 0.00128831788897514 0.000332129519665614 0.000652095896657556 0.000887088663876057 0.00142260631546378 0.0032286933157593 0.000871056318283081 0.00109041562536731 0.000631767779123038 0.000699635548517108 0.00110138347372413 0.000776293443050236 0.000798366218805313 0.00333970822393894 0.000646583898924291 0.00118408815469593 0.00586626473814249 0.0203757812929235
0.00293579421627959 0.00361568916483463 0.0035590870372475 0.0018853774549325 0.00168922349055155 0.00176361519768236 0.00198133914150302 0.00183869040779809 0.00188920892225927 0.00183243256536041 0.0012398733908582 0.00041266844561052 0.000410387953795643 0.00057612059207961 0.00192645066773063 0.00189987308155124 0.00133940398523924 0.00164696286321105 0.00163879171100374 0.000789255054577964 0.00095217075137104 0.0013256153770271 0.0014148683578822 0.000654394238519984 0.000245585350785404 0.000344478516490199 0.000343457231065258 0.000346647371770814 0.000191562669351697 0.00119946480263025 0.00100562875159085 0.00395966387586668 0.000547250302042812 0.000407821670523845 0.000269332007155754 0.000244372300221585 0.000391229026718065 0.00032973475754261 0.000525743700563908 0.000196934858104214 0.000145208844332956 0.00307942791841924 0.00272883730940521 0.0176442308351398
0.00195958269345657 0.00196692145974792 0.00170647150831189 0.0017343962159928 0.0018541662950132 0.00182759231619832 0.00179637243370284 0.00177975441271756 0.00156242177676802 0.00204191696960102 0.0023927222682417 0.00157778866600982 0.00173466046146249 0.00290011118783013 0.00432906852856725 0.00301288483082593 0.00202430958550089 0.00157779944264271 0.000982482068161628 0.00124135308530992 0.00406410931743979 0.00123858264056818 0.000834819584812585 0.00356927354808092 0.000413590669631958 0.000450759555678815 0.000683246599510312 0.000682168744970113 0.000719907763414085 0.000713507167529315 0.000699750997591764 0.000454818730941042 0.00030546804482583 0.000267481754417531 0.000494692719075829 0.000542047352064401 0.000799340743105859 0.000570295669604093 0.000564683275297284 0.000553300848696381 0.000590412609744817 0.0006441286415793 0.00153388511389494 0.0151486438699067
0.00140560579207248 0.00174095000478928 0.00179070328992337 0.00176419773619357 0.00165773796701977 0.00172883186376931 0.00386748376638479 0.00431232670547743 0.0026204579119959 0.00377561333525449 0.00475828985204815 0.00168490289253604 0.00176139265709998 0.00295205075834559 0.00521630997136526 0.00429450619670764 0.00197199204608131 0.00158388009241153 0.00165906260056693 0.000541482229427714 0.000525945394229155 0.0019620710939889 0.000802763711481436 0.000608357955602889 0.000176297625876032 0.000598584127146751 0.000637100508902222 0.000646729650907218 0.000674159184563905 0.000681434851139784 0.000242089771199971 0.00024822230625432 0.000438716571079567 0.00425041192211211 0.00143876941874623 0.000461626902688295 0.000260198852629401 0.000383271794999018 0.000470389111433178 0.000670303078368306 0.000622691295575351 0.00186517699621618 0.00249542873352766 0.0155069243568007
0.00186781202821417 0.00174585360382 0.00385654682788186 0.00187664989145905 0.00186801355852938 0.00199141218377904 0.00204140779998849 0.00219195985940654 0.00543520353854562 0.000858613455262458 0.00164375678527154 0.00180305706239641 0.00135783421316226 0.00196904940859925 0.00187786292969347 0.00166519849563649 0.00158439178414206 0.00189424883847745 0.0013866740651841 0.00294146922634728 0.000331929783490659 0.000193326492444645 0.000600590952675995 0.000615936319809407 0.000557020294945731 0.000557311601005495 0.000600908116330345 0.000589468260295689 0.000214529919321649 0.000210818948107772 0.000338645209558308 0.000168379515525885 0.000169474445283413 0.000592019327450544 0.00560667682439089 0.000266073638340458 0.000278601064928807 0.000537059688940644 0.000530697393696755 0.000605871400330216 0.000552713172510266 0.00131436353549361 0.00302545009181038 0.00591988726519048
0.00182424832073869 0.00183942215984453 0.000656741907506131 0.00160119289794913 0.00177304078052383 0.00168844573647196 0.00147693849879763 0.00185380522896494 0.00122209107219924 0.00255218931656364 0.000540945734737153 0.00157747141382789 0.00324143160879133 0.00412611472643443 0.00991103639244102 0.0031652311349184 0.0016695662544461 0.000959642812646422 0.00346836619016796 0.00106338109089881 0.00311864627771324 0.0009807387707923 0.000707815461955796 0.000791251653863301 0.000805693349826464 0.000696777139893379 0.000506513158325106 0.00050764282932505 0.000495485367719084 0.000471477664541453 0.000163344861357473 0.000192881032126024 0.000387700871215202 0.005687027098611 1 0.000510125746950507 0.000618864351417869 0.00099594877101481 0.000465093605453148 0.000497458770405501 0.000595109781716019 0.000762658631073065 0.000840243743732572 0.00343956378151031
0.00173137765444983 0.00174369203694938 0.00174501767404048 0.00194762318196365 0.00216796123717379 0.00211219042149848 0.00205344108489667 0.00104160726223625 0.0022897131000909 0.00248663735883631 0.00259521992333793 0.00240964739119456 0.00237883225604297 0.00256911633791248 0.00240466392062619 0.00204985948244759 0.00190005475795567 0.00142707336845689 0.00642330018241624 0.00909427907934565 0.00052010507201975 0.00435232365391046 0.00148840808542445 0.00126560225617141 0.000245399616107367 0.00057914031950318 0.000698029942057854 0.000490943493787199 0.000448029383551329 0.000426727184094489 0.000369830039562657 0.000126424781046808 0.000432796264067292 0.00676135318353772 0.000355900992872193 0.000281343969982117 0.000161506523727439 0.000340576027520001 0.000131924037123099 0.00094739276682958 0.000882534915764621 0.000822196343149273 0.001075838961043 0.0027604079353616
0.00991894999668474 0.00198441425002405 0.00189931428784168 0.00196355052105408 0.00217100747561514 0.00188287409208141 0.0025068316773142 0.00108335714498935 0.00232541815364105 0.00305464495362266 0.00324656998832896 0.00335510761560289 0.00216394555115718 0.00284812870919511 0.0129746865124243 0.0020134977507328 0.00193742378517937 0.00180878950180873 0.00295240354722409 0.00129177328748913 0.00157371705863625 0.00135213537141681 0.00040369120251853 0.00026169384655077 0.00107805768493563 0.00134024769067764 0.000233346008462831 0.000213555293157697 0.000186553003732115 0.000596843281527981 0.000327429926255718 6.61969657812733e-05 0.000160648801829666 0.000318354595219716 0.000176075720810331 0.000274964689742774 0.000102612908813171 0.000194095860933885 0.0003661691211164 0.000229903578292578 0.000512386923407659 0.00103808369916197 0.00049821762368083 0.000852613290771842
0.00159353315976283 0.00185977163568619 0.00332425965415376 0.00226588659542085 0.00359030137265108 0.00296330332418563 0.00323222012254936 0.00337737116316283 0.00499315610143469 0.00443216613615248 0.00431382800513294 0.00401366169433836 0.00699921981115352 0.00434592170473235 0.0101906750904213 0.00160312477631521 0.00184980086750816 0.00138869280511056 0.00391316031525939 0.00181412866830787 0.00157051079440863 0.0010423275991343 0.00143052211496979 0.00116023720474914 0.00141421974403784 0.000260893674567342 0.00108647973975167 0.000204415060579777 0.000490076321875676 0.00941576659679413 0.00338343102484941 0.00386549541726708 0.00655538449063897 0.00446481816470623 0.000378805125365034 0.000272715126629919 0.000318280578358099 0.000319448567461222 0.000133528979495168 0.000154279306298122 0.000860964949242771 0.00686392094939947 0.000697718327865005 0.000534370995592326
0.00187409471870159 0.00209692007566965 0.00214388936093284 0.00252032222087682 0.00293263456575995 0.00343697762441713 0.103713273003646 0.0466149081834803 0.0207233112509051 0.00474486306671871 0.00553634267135646 0.00516654978990124 0.00537877502402182 0.00487158658753705 0.00407127119869364 0.00243669952275084 0.00185800293647271 0.00172627309359437 0.00122630908413257 0.00468140451046897 0.00238059972569165 0.00674969570111833 0.00123869897797704 0.000457038990924397 0.000928072491660714 0.000237542192917317 0.000172728192410432 0.000313608639407903 0.000178419635631144 0.000485758384456858 0.00296218236908317 0.00177892567589879 0.000863769254647195 0.000283445091918111 0.000109505141153932 7.86796590546146e-05 0.000116188835818321 0.000295238493708894 0.000336396880447865 0.000428499677218497 0.000515081593766809 0.000430683587910607 0.000409431115258485 0.000436089735012501
0.00176966003829196 0.00196976727580666 0.00221724761630627 0.00256795840817885 0.00348100712294024 0.0039994015243671 0.00822915015246515 0.103276080120756 0.0144008310398547 0.0254316255227614 0.00582817796025525 0.00551814780305495 0.00468471395716209 0.00404799051185901 0.00617259904179378 0.000966873361860865 0.00154995670551727 0.000935275717257855 0.00082266117776828 0.00340479312793541 0.000750159689181229 0.00366267408286777 0.0011702353833456 0.000731684966012902 0.000219796888995916 0.000962655409239233 0.000793640478514135 0.000294823123840615 0.000842307577840984 0.00247028460726142 0.000313863132032566 0.00150440167635679 0.000105033870204352 0.000125949058565311 0.000310653500491753 0.000239103968488052 0.000259885319974273 0.000295556825585663 0.000202757830265909 0.000275523134041578 0.000196247245185077 0.000135177283664234 0.000249901443021372 0.000286732474341989
0.00139108395669609 0.00218827240169048 0.00231779166768415 0.00269169760867953 0.00101872433808852 0.0229238299958534 0.00600333401905597 0.0272467279775587 0.00485864917719325 0.00439208924762551 0.0238467278194889 0.0263563715697188 0.00549427859680425 0.00472572465528468 0.00312513886021204 0.011354605977709 0.00293669914018295 0.000614341082212599 0.000404709379654422 0.000353224202990532 0.00130296754650772 0.000457060430198908 0.000275065928586782 0.00106003659311682 0.00072565078153275 0.00105816127033904 0.000224677193909883 0.000143136593396775 0.000140139157883823 0.000256218196591362 0.000137784288381226 0.000614118704106659 0.00226314910687506 0.000131515573593788 0.000301576108904555 0.000274481950327754 0.000270015699788928 0.000258244923315942 0.000235304172383621 5.30803939909674e-05 9.97343522612937e-05 0.00018947415810544 0.000246984965633601 9.66331514064223e-05
0.000232507870532572 0.000320545281283557 0.000613214232726023 0.000430083082756028 0.000926108181010932 0.000475800153799355 0.00108372315298766 0.00472758393734693 0.00345151311154978 0.00425200005993247 0.00275126327760518 0.00577228963375094 0.00577267613588968 0.00668043885108514 0.000823059971552509 0.0017739068354264 0.00737414054955524 0.000574511388970678 0.00121244322508574 0.00109667810611427 0.00114867344964296 0.000706291681854054 0.000826179690193385 0.00107781904516742 0.00064544624183327 0.000186638317245524 0.000636175542604178 0.000379520433489233 0.000176413264125586 0.000315272534498945 0.000214403666905127 0.00213632653467357 0.00192511444911361 0.00054156519472599 0.015500126965344 0.00146685508079827 0.000120810640510172 0.000111290279892273 0.000228572532068938 0.000206596773932688 0.000310779991559684 6.10888557275757e-05 0.000202411995269358 0.000215664488496259
0.00137083508307114 0.000906997243873775 0.00135950625408441 0.0016640960238874 0.00379710648450738 0.00268688423093408 0.00111959201749414 0.00235253199934959 0.00100358121562749 0.00223562956089154 0.000259718790766783 0.000494098791386932 0.00419769957661629 0.00377314407378435 0.000958059472031891 0.00189551450312138 0.00181182947733236 0.00113111603148639 0.000502716831953953 0.00121849592542276 0.00122972198296338 0.00120153804891743 0.000793269980931655 0.000843370647635311 0.000802820036187768 0.000694514048518613 0.000715330871753395 0.00038335919380188 0.00132252487819642 0.00146719310432673 0.00232694828882813 0.297918176092207 0.00215259827673435 0.00185107393190265 0.0016559942974709 0.000812822149600834 0.000235617556609213 6.73813134199008e-05 0.000205077067948878 7.55958535592072e-05 0.00039330183644779 7.35036213882268e-05 0.000274032261222601 0.000274192349752411
