Maxent_result_files_2/B_cingulatus_3.asc
NCOLS 594 
NROWS 330 
XLLCORNER -15 
YLLCORNER 23 
CELLSIZE 0.166666666666667 
NODATA_value -9999 
[rows 60 to 79 of 330, columns 484 to 527 of 594]
0.00608997493982315 0.0405152504798025 0.0157981200143695 0.0230587057769299 0.0381705826148391 0.00313861479517072 0.00109078987152316 0.000674531365802977 0.000527895282721147 0.000326027812843677 0.00036805737981922 0.00017946989974007 0.000160055406013271 0.000138086956940242 0.00013724282853218 0.000122454796837701 0.000110308540206461 9.14109266886953e-05 8.24392621325387e-05 7.31535512386472e-05 6.74486276693642e-05 6.24146883637877e-05 5.23070912549883e-05 4.72331385935831e-05 4.21482612637192e-05 5.68658862903249e-05 5.29331114194065e-05 5.28204358488438e-05 4.5091244737705e-05 4.79736326269631e-05 3.78790987269895e-05 0.000141493644332513 0.000103274371349471 9.84729404081008e-05 0.000109246929332585 0.000183412236401637 0.000193561710602808 4.64135806851118e-05 2.60052084286144e-05 2.45830019366622e-05 3.57900414428514e-05 3.35004582893816e-05 2.0459038773879e-05 3.09334034682251e-05
0.00568402300123125 0.0122476612450555 0.00765584714245051 0.00893360711634159 0.00354599227430299 0.00150265265547205 0.00283569701714441 0.00175582257215865 0.000584673004050273 0.000334091795230052 0.000161317549282103 0.000242838796111755 0.000158742089115549 0.00014397059858311 0.000129273988568457 0.000123046922999492 0.000107955418388883 9.36420590733178e-05 8.52809753268957e-05 7.629969250047e-05 6.52075985271949e-05 5.55293738671025e-05 5.30991334926512e-05 5.15035071657621e-05 3.89621751764935e-05 3.31693959424229e-05 3.0062275891396e-05 4.78324693631293e-05 3.87599368423253e-05 2.44255020106721e-05 2.35917191275803e-05 2.4055213475549e-05 4.15062647334707e-05 4.83830973735166e-05 5.24477453382133e-05 4.49083448984311e-05 3.8577800864914e-05 1.92972348145304e-05 1.7631250705108e-05 1.69084665571972e-05 1.60616427365312e-05 1.73441812194142e-05 1.92090858604388e-05 8.51429738531806e-05
0.00856209564954042 0.00752238925779238 0.0083414995810017 0.0130034685600549 0.0176106710918248 0.00380841849837452 0.00943577541038394 0.00238704112125561 0.000193876661069226 0.00024546595159336 0.000409122686687624 0.00154998465150129 0.0007285903164302 0.000648046064452501 0.000232519295605016 0.000114535600914678 0.000110690357359999 0.00010325717375963 8.67515934260155e-05 7.28727750356484e-05 6.05795814408339e-05 8.54492588587164e-05 6.99986340805481e-05 3.88086840303004e-05 3.26753418903536e-05 3.07986213783806e-05 2.77814294804557e-05 4.89707308588549e-05 2.93567761900704e-05 4.36037931194733e-05 2.4045352529356e-05 2.86215307824023e-05 3.38490126068791e-05 4.48363648501982e-05 3.52773241502291e-05 2.88331580804879e-05 2.38697051599956e-05 3.6632781757362e-05 1.5769463595916e-05 1.45592969602149e-05 2.59440251625165e-05 0.224092776328325 -9999 -9999
0.00860301316715777 0.00206907991087064 0.00678476267494261 0.00428923801518977 0.0015082282043295 0.00121607333712745 0.00698835793882608 0.00904006049968302 0.00123079930781387 0.000302326045493828 0.000340587908431189 0.000186936614045408 0.000245659400025033 0.000247906279400922 0.000191950385305972 0.000114331198710715 0.000118813311382837 0.000193514525381033 8.8470542414143e-05 6.95384731443482e-05 5.68462572118733e-05 4.8138331840164e-05 4.07237881063338e-05 3.67456448657322e-05 4.69582595542306e-05 2.73074348342561e-05 2.42079318695687e-05 2.15418408060941e-05 2.43789147361895e-05 4.52457361916458e-05 3.46295067402025e-05 2.4561658597122e-05 3.18053986120503e-05 1.61209362090631e-05 2.21484483745371e-05 2.14139053355211e-05 1.1462656925687e-05 2.25475720867507e-05 1.97490784557885e-05 1.93420587379478e-05 0.0559070762246847 -9999 -9999 -9999
0.000813813402783126 0.00207468933658674 0.034003896266222 0.00638765320181847 0.0072926156106405 0.00259194761747494 0.00110178161121439 0.00114942099608015 0.000381562404800206 0.000391947342723142 0.000316839532752056 0.000238569639623165 0.000161745442528627 0.000131659582257271 0.000152258552589046 0.000191127005746239 0.00020091782862437 0.000253522528873873 8.39150578940462e-05 6.74933072332351e-05 5.63795114430832e-05 4.61061433725263e-05 3.93077729768265e-05 3.56444924364041e-05 2.88424638256402e-05 2.44614949224342e-05 2.16054509223795e-05 1.92415159176562e-05 1.81184010330071e-05 1.83896012913465e-05 2.6183965906057e-05 1.42174529059957e-05 1.91708520446809e-05 1.32513781920807e-05 1.15204841847572e-05 1.84630368380567e-05 1.01142491530481e-05 9.63820129982196e-06 0.000391713201315724 -9999 -9999 -9999 -9999 -9999
0.00307157281786203 0.0341950998641551 0.0598699651658535 0.00213591069332324 0.000801763284835033 0.00025246271470678 0.000159939762670547 0.000164549605324282 0.000149842201790307 0.000137496132447268 0.000138820950451191 0.000128207316993212 0.000181525243533542 0.000221223354310496 0.000235741357755614 0.000264313174193376 0.000206267946123262 0.000105824617821781 0.00014391197655641 6.43185295302828e-05 5.47484952221566e-05 4.98338837587653e-05 2.99874378583809e-05 4.51422218247899e-05 3.90106885333807e-05 2.54537587352388e-05 1.98684300926288e-05 1.69216764675184e-05 1.571725397298e-05 1.42188113272823e-05 1.37010791036118e-05 1.23167335289054e-05 1.16241736634493e-05 1.12829912154666e-05 1.12848885066796e-05 1.0379533938476e-05 1.24760133473956e-05 1.88565298287813e-05 -9999 -9999 -9999 -9999 -9999 -9999
0.0154440777376294 0.00234316947753541 0.000462785552372225 0.000176447479680064 0.000112595452992537 7.60032511607278e-05 9.51275012994301e-05 0.000111130230834533 0.000131256930762902 0.000161171996296616 0.000223905982420547 0.000353617801738437 0.000356612925679656 0.000327633575943764 0.000206901538695092 0.000887149187474279 0.00051142418415111 0.00149206160131143 0.0002515010366551 0.000814241556508932 0.000502138866431778 9.5621907075838e-05 0.000295045803432004 3.57077363560165e-05 2.43377578499349e-05 0.000114003925364159 1.88545844366672e-05 2.49905947839579e-05 1.76801871759835e-05 1.21078529275565e-05 9.76485007868177e-05 1.38366616567964e-05 3.19949637514583e-05 0.000255926878435275 2.05166826503955e-05 -9999 0.0608965300023556 -9999 -9999 -9999 -9999 -9999 -9999 -9999
0.00181350992061198 0.000383018765569432 5.67558552575065e-05 5.17272905199206e-05 0.000124598353795591 0.000322786133256159 0.000770164775894955 0.0019201003247872 0.000878285158250947 0.00160422655171715 0.000770432571880519 0.000867142053903081 0.000709365701186471 0.000274535943754017 0.000597144781568204 0.000851617832176998 0.00210393185625435 0.232028160430491 0.000212524640119227 0.000234428990370361 0.000363907219434623 -9999 0.0144325385568663 8.55356690408371e-05 0.000135657978535164 -9999 7.62419178954588e-05 0.000116589138087875 0.000131724766833941 2.62812675430268e-05 1.00552884731542e-05 1.62552293545559e-05 0.000227246195686348 2.45112538209469e-05 2.83956084331294e-05 -9999 -9999 -9999 -9999 -9999 -9999 -9999 -9999 -9999
0.000232745554967551 0.000122339121480763 0.000436933521268656 0.00013530193718907 5.35814704562654e-05 0.000599599810084328 0.000241735065173998 0.000298408837261377 0.000230043373630906 0.000461912746686721 0.000333723982839729 0.00013129564740666 0.00108593187178485 0.000827746024879161 0.0012950234595337 0.00120016176952049 0.00120558122871444 0.000775115030410234 5.81046835577581e-05 5.08295426698169e-05 0.000243188942113193 -9999 -9999 -9999 6.20051930582122e-06 6.54091832643644e-06 0.00018336386547162 -9999 0.00253756833117222 3.35298474425372e-06 8.76333189694378e-06 3.20453449376146e-05 0.000104413614462828 -9999 -9999 -9999 -9999 -9999 -9999 -9999 -9999 0.0837428241968155 0.0488142982125282 7.65440046279764e-05
0.000570327309833374 0.00158264714846155 0.0012197656891658 0.00156015285174362 0.000251280172051338 7.2598705355631e-05 0.000347005490402808 0.00228298007859848 0.000887878695357358 0.00017798465451051 0.000174881356542755 0.000374141336942557 0.00037467051515705 0.000901132891885936 0.00301327767665498 0.000479539488151204 0.000453782125987345 7.15831654815702e-05 5.31552537722746e-05 3.947166924263e-05 3.54571331627085e-05 8.35109318359173e-05 0.00022056853340473 0.000114440164725238 0.000105733192958724 0.000511645751612377 -9999 -9999 -9999 -9999 -9999 -9999 -9999 -9999 -9999 -9999 -9999 -9999 -9999 -9999 0.000183975856089091 8.16495337971901e-06 1.85941759355046e-05 1.21188639241154e-05
0.000845495132671203 0.000818863190943375 0.000397545556916157 0.000184669255122571 0.00064723643954494 0.0013416575777228 0.000809506199584575 0.000311049160518451 0.000120372662422596 0.000118986182769731 0.000175208029395435 0.000291312900662888 0.00114521194191184 0.00385192660614848 0.000612703632941702 0.00252050277485978 0.000669959863444092 0.000389659987922641 6.77233911119401e-05 2.92181858412732e-05 3.1407950132234e-05 3.31462731310239e-05 2.92353675831691e-05 2.47630723379189e-05 2.20251964037743e-05 2.82082705552966e-05 4.55062393484695e-05 0.000419448665525124 0.000151804505821929 7.26164814523145e-05 1.68143815812982e-05 6.95633280884067e-05 2.58380353443499e-05 1.16073810431772e-05 6.61091879692322e-05 7.53184174300259e-06 0.00175061789923348 -9999 -9999 0.00193894261028618 4.34771177197035e-05 3.45737230873055e-05 2.1136925056453e-05 6.27787392488699e-06
2.90833510234734e-05 0.000302415540681977 0.0009400319569977 0.000546470298650092 0.000472124329826329 0.000932057816680754 9.38792535635002e-05 0.00165610742988065 0.00117145542535582 0.000181021525168035 0.000117513231452904 0.000117841812789266 0.000161869495423161 9.52557709752e-05 7.67284845096583e-05 0.000273179159376014 0.000966719731513876 0.00052783401661145 0.000198536159587093 0.000172029447639943 0.000546265093726106 0.000133616033781436 4.32498979080265e-05 2.57517757745518e-05 2.10835656616837e-05 3.35184347022732e-05 6.76177896821173e-05 5.17539833253977e-05 1.58800390067881e-05 3.65227329893969e-05 2.14592587553852e-05 1.25808700317975e-05 1.08366740903421e-05 1.023166536811e-05 9.79114903998379e-06 1.01121426382633e-05 1.07659263420601e-05 5.12812947022212e-06 9.18018441780077e-06 1.25953184067384e-05 1.7792883193124e-05 0.000128490296356176 9.97893879684852e-05 0.000109638011417701
7.46471038837626e-05 0.000548914188402705 0.0018849810352549 0.00125555359991267 0.00204419602523558 0.00111039707262535 0.00168921100412263 0.000199671514201327 0.000376411637262208 0.00115595608222065 0.00240553528128658 0.000392814053338952 0.000143440375541104 0.000122237592495367 9.28618494981492e-05 0.000145153850189672 9.92181711353623e-05 0.000942152281641029 0.00029994710257597 0.00126653974584769 3.13257231027819e-05 1.88782689065192e-05 2.64015266338902e-05 2.29882736675791e-05 2.41339905642235e-05 1.90153598794041e-05 1.97200209072435e-05 1.71345609601303e-05 0.000196852559565741 0.000501018791328534 0.000528456197207561 0.000274201021602494 0.000276428298275277 0.000381127748187282 0.000251834243135818 0.000214376989606535 0.000151189806820184 1.0502684008884e-05 1.6049974908583e-05 5.98210734096938e-05 0.000100042614940321 2.7581409983668e-05 2.54147913778979e-05 0.000103683265479049
0.000268006394617259 0.000250372592017811 0.000405471528574708 7.7520104832729e-05 0.000657525423594052 0.00053015079593024 0.000975684824516065 0.000124851107648283 7.10853401187706e-05 9.45619186495605e-05 0.00130831858550664 0.00164417066262104 0.00101879708163324 6.57722976939112e-05 5.70711746604502e-05 4.64332517822186e-05 3.83771130600508e-05 6.29686363026849e-05 2.87344289063185e-05 0.000844693228282267 0.000616955788427731 1.55809197849521e-05 3.28697632085095e-05 1.32888879761595e-05 2.01806432187368e-05 5.87267751143372e-05 2.6045094091387e-05 1.15893776012399e-05 1.09440187145537e-05 1.28634643886016e-05 1.37273103803182e-05 3.32546454501426e-05 5.70791102518342e-05 3.03708897718025e-05 1.6355394348011e-05 3.8943236677369e-05 0.00023646181289223 0.000231294697823614 5.07905289396149e-05 0.00031437128491234 0.000121034866424452 0.000313760954668396 0.000102437559712598 7.67046319225528e-06
0.00340224802785087 0.000994440671638586 0.000335028952213179 0.000551215153245721 7.78663442815741e-05 0.000271120525940205 5.27344801867002e-05 5.01011383448713e-05 3.35623324190237e-05 0.000902578831301071 0.00122038739355048 0.00108314758981578 0.00164787963876734 5.30089022959146e-05 4.97944760354585e-05 4.76820467156358e-05 3.93582485003208e-05 3.0092537440396e-05 0.000587560638450668 0.000600140407550498 0.000785241791891167 0.000403836300574767 8.72444485139567e-05 1.39175328399688e-05 1.33098639594209e-05 1.36624632091298e-05 5.01356159020361e-05 1.16134941947621e-05 1.09994167928562e-05 2.64998747525169e-05 8.46280719997594e-05 1.02511851196141e-05 9.60948396482308e-06 9.44149284123341e-06 1.66729461284376e-05 1.05619060491335e-05 6.15502452092187e-05 1.07435851987248e-05 1.11294016903685e-05 8.74717724741458e-06 0.00025256051812903 7.40842693176091e-05 5.30849787878651e-05 7.13263650027329e-06
0.000665699781529838 0.000651282504986739 0.000275063607477932 8.50308425469848e-05 4.55380083622003e-05 2.32339218314337e-05 3.01614842555864e-05 6.01611739512009e-05 3.80937800400716e-05 3.97353474227202e-05 0.00099678905098699 0.000890164047450526 0.000850296932912897 0.00098733448976418 0.00115514551725937 0.000278411314502591 9.53705998654186e-05 2.26330682835396e-05 4.90417330638593e-05 1.86031148928123e-05 1.90264294587905e-05 0.000243671136558987 8.51472497288341e-05 0.000156727610919916 1.39661540799807e-05 1.20347723395753e-05 1.13071421708355e-05 1.16749030439678e-05 3.03187148801953e-05 0.00019614568873294 0.000161518390268611 9.93785568539351e-06 1.27431459873151e-05 1.03742783778671e-05 9.27250537756663e-06 9.19806302590587e-06 0.000210187198536005 1.03683269969679e-05 1.09688183329126e-05 7.56475238574694e-06 8.98572349399274e-06 0.000147592989151235 6.20033172481271e-05 2.63363022895646e-05
3.25955495100061e-05 0.000141938500928518 0.000515146667385125 0.000111832307084114 2.51603860647265e-05 6.07055827003933e-05 4.37994992353197e-05 2.1266950284371e-05 3.95307355120167e-05 0.000110340223181993 0.00150739479868207 0.00123835795529885 0.00179475628829096 0.00111550050060032 0.00129008605290437 0.000541994894956588 0.000786580928979674 0.000144454804649286 0.000336867249461648 0.000421870912032318 0.000381297878084297 4.52584159120306e-05 5.63224067263945e-05 0.000291570495392079 0.000319256977672921 1.32457943379904e-05 3.69941236840532e-05 0.000194807409206987 6.36170229881827e-05 0.000161009534167533 8.36762630569865e-05 1.08113825035616e-05 1.00282001881169e-05 1.4161227375098e-05 5.38819102075649e-05 2.75533301646647e-05 2.7402297973822e-05 1.37172365668903e-05 3.8328634377649e-05 0.000166236838595069 0.00024851617135937 1.01629867145903e-05 0.000122490203420966 3.9196468856062e-05
0.00112954825162888 0.0005044068544521 7.6681157679559e-05 5.96177190800518e-05 6.24743217485957e-05 5.05241974678938e-05 3.28295353028807e-05 5.62754481961747e-05 1.88250964697545e-05 3.02893268326443e-05 0.000174484928538732 0.00056426308619848 0.00106637323551695 0.00118175937168417 0.000676505242518033 0.00034080175573763 0.000636171642690897 0.000292889149022812 0.000173185000858211 3.42051839425039e-05 3.45015586503905e-05 0.000327046151232935 0.000387906040305097 2.90808085537719e-05 0.000346168580654194 2.4531163330721e-05 2.37939005501175e-05 3.1336579058916e-05 1.24193048634424e-05 2.11998713211869e-05 1.13349839068633e-05 1.06116400843348e-05 9.54008390294803e-06 0.000121510046619733 0.000194377055777295 0.000238658979924367 0.000263621047361084 0.000161932470746251 0.000124317929567042 0.000146453359184306 1.21250059066824e-05 3.99009515945181e-05 6.63394873328116e-06 1.0895888172513e-05
0.00201292523561278 0.000600805899739498 3.9395972589773e-05 1.18031565193633e-05 4.33540712521108e-06 2.12427195549481e-06 7.7094069922623e-06 4.22258985054214e-05 0.000110067104469636 0.00120886974400491 4.8776753283164e-05 2.95758022502923e-05 6.78524674640357e-05 5.66386765285642e-05 0.000208110370567738 0.000335171166989312 0.000535388429489103 6.04412359734852e-05 2.78576590744706e-05 3.6274895137467e-05 0.000148119794630475 2.68954451144054e-05 2.17082247786493e-05 2.8361574425162e-05 0.000433016864735691 0.000151222778913507 0.000199769893060875 6.79251009159998e-05 3.13737080318788e-05 1.6653523266541e-05 3.33053907638714e-05 0.000210709357725136 0.000248261598881072 0.00018568248315205 5.65405021234255e-05 1.23692235774797e-05 1.1079758365895e-05 1.11127982847847e-05 1.07439514465568e-05 1.26741921576468e-05 4.01082810185471e-05 3.54386943399732e-05 6.41291829197144e-05 4.37758313864833e-05
0.000492565458989702 0.00143926416349132 6.68606031467789e-05 0.000111277231553686 4.41812947656217e-05 4.99169132581301e-05 7.80388961629797e-06 1.07893787287594e-05 9.76500069214126e-06 2.25553808377299e-05 1.61445840603847e-05 0.00010067163821077 2.11761972991553e-05 2.58372991766009e-05 0.000147307843053568 4.75712318689148e-05 0.000448718778716284 0.000663389812325477 0.000129250039617546 2.9743007110028e-05 1.442452018523e-05 7.86887811159431e-06 1.1446743212673e-05 0.000255369099613745 0.000153354002395645 0.00010894270112658 0.00056255701219925 0.000231305268152937 2.25348835328987e-05 2.81982118735868e-05 0.000124208034094409 7.85422061198915e-05 1.87027040510657e-05 2.96064632493653e-05 1.97210471696962e-05 7.70299801331475e-06 1.62412510292143e-05 6.45561899318636e-05 3.68320160305302e-05 6.54865350497857e-05 0.000149522970605176 9.15585166922028e-05 1.69422544558984e-05 1.82792797716047e-05
