Maxent_result_files_2/B_cingulatus_2.asc
NCOLS 594 
NROWS 330 
XLLCORNER -15 
YLLCORNER 23 
CELLSIZE 0.166666666666667 
NODATA_value -9999 
[rows 160 to 179 of 330, columns 88 to 131 of 594]
3.66884942195611e-06 2.17758281451097e-06 3.37964886512054e-06 1.63575643910008e-06 3.00018112397993e-07 7.51461456616198e-08 4.16593246654884e-07 4.86734950300161e-07 1.71981965735313e-07 2.27126781737752e-07 -9999 -9999 -9999 -9999 -9999 -9999 -9999 -9999 -9999 -9999 5.78267753326145e-07 2.41706086256954e-09 1.25242893034283e-07 5.7347495996396e-08 2.56721746083599e-08 3.85616111486797e-08 2.50865038964321e-08 1.51114309954181e-10 1.20497554235044e-05 4.60229578038707e-06 2.54224308946505e-06 2.00456708299157e-07 1.89962560739332e-06 0.000111897076567402 5.29193328020483e-06 3.72305464679812e-06 3.04106688275851e-08 3.39564718160545e-05 9.53961159666505e-06 8.70631353677709e-08 1.35767348474758e-09 3.94522826629995e-09 0.000201035334612243 1.57845911630261e-07
1.77587853613659e-05 2.98301503789844e-05 1.55348534462973e-05 1.50365690387844e-05 3.0520039217663e-06 6.34568857549311e-07 2.97442500141187e-07 4.47137640691153e-08 3.82579656843518e-06 -9999 -9999 -9999 -9999 -9999 -9999 -9999 -9999 2.89028690758641e-06 7.29867750237645e-08 1.47430336028265e-07 8.81433336985538e-08 8.36892667166467e-08 9.69280442575382e-08 3.38406916711165e-08 7.01817901571644e-09 1.71844266816379e-08 2.40248398952758e-09 6.3559045315742e-08 3.13390561279547e-09 1.62938631476095e-08 5.18607851773822e-08 1.13680753202061e-06 1.6564440699085e-07 2.57517825957621e-05 4.97135677051119e-06 3.95292588564189e-06 3.40594867509481e-07 1.67284035512694e-07 8.84864565620092e-08 5.16614660384107e-08 9.30819048505782e-09 1.80959922602142e-09 5.55603185681264e-09 0.000183879738324322
1.16713205500218e-07 2.46264937686647e-07 5.38323797627527e-07 1.57578392645519e-06 1.47725905890184e-06 2.58350569311006e-06 -9999 -9999 -9999 -9999 -9999 -9999 2.33318803566362e-06 8.36369487444699e-08 8.12376633518852e-08 8.30659082851071e-08 1.22698726556791e-07 2.37438783301513e-07 1.21429665966843e-07 7.60485107775821e-08 1.89685556151176e-08 9.59921575560685e-10 7.37845535780934e-09 5.14814124663587e-09 1.01262497764765e-07 9.88919261146748e-08 1.58440045527897e-09 9.65688984333468e-10 2.9696908487864e-09 3.71885832128882e-09 7.42656771635097e-09 1.38796953308429e-07 7.10599053377337e-08 5.5271296872661e-08 2.65728989923275e-08 0.000137624731723918 4.42696103108986e-09 9.46063938300767e-10 3.52857350005564e-09 3.68781458703893e-09 2.57197317665714e-08 1.57646544707291e-08 1.23314390698681e-08 0.000906047585885972
-9999 -9999 -9999 -9999 -9999 -9999 -9999 -9999 -9999 -9999 -9999 -9999 5.23999744928005e-07 2.92972893589649e-07 2.0887217146992e-07 1.48502839358855e-08 1.56647979565605e-07 1.69713162279095e-07 1.67795786865099e-07 1.39717160507757e-08 6.07955530362858e-10 5.38368716274107e-10 5.55036105964746e-08 5.56597207435061e-08 2.33106902669533e-07 8.21313129506507e-08 1.0310918909795e-07 3.27579785519561e-09 1.07468724763748e-06 9.76703255162192e-08 5.03330505807753e-07 6.42302445896803e-08 9.88055582240577e-08 4.26623643079438e-08 5.34480218306044e-08 7.66797514373252e-09 4.17992927737032e-07 6.93666385132019e-07 4.53187982429881e-07 3.19106230563193e-05 2.05933631150401e-05 1.13698396120299e-07 1.68980514914097e-08 2.9457583536896e-07
-9999 -9999 -9999 -9999 -9999 -9999 -9999 -9999 -9999 -9999 -9999 -9999 2.84564174535262e-07 3.28359487866692e-07 3.54778433120373e-07 3.17276513328579e-07 1.86749517183671e-08 1.03517611815818e-08 6.02930700921434e-09 7.82113307451482e-10 1.06163322577402e-09 4.93259097567034e-08 3.23202621332896e-09 8.56219912748202e-08 2.72520409794197e-07 3.02337556945531e-07 4.33241908126547e-08 1.17884457750961e-08 6.08716465677617e-08 1.09578419937861e-07 1.51860842834139e-07 2.43509165898104e-07 1.36691841845504e-07 3.27232741881289e-07 1.66787448918626e-07 6.41989981886582e-06 1.46891502481594e-06 4.58020034557194e-06 3.75462202100607e-05 0.000193974564809285 0.123248820399203 8.3851253634748e-06 8.32468084581706e-06 1.22528101428543e-05
-9999 -9999 -9999 -9999 -9999 -9999 -9999 -9999 -9999 -9999 -9999 1.06634965050034e-05 2.21899588837005e-07 3.32746341769052e-07 2.28895220288905e-07 2.80244267969465e-07 1.37463730709442e-07 9.05021853014887e-09 5.52254897367988e-10 7.35496219483878e-10 1.04061221861684e-09 6.2610617579395e-09 3.98307034465972e-08 6.26352147037324e-08 4.40139025670305e-08 1.16045915987684e-08 2.17809303038052e-08 5.18688781925292e-09 2.29001628326841e-07 1.41612384041423e-08 4.29741093910252e-07 4.4927673343409e-06 1.21218428716929e-06 1.64998223226576e-06 2.44766790729045e-06 1.10410713205056e-05 3.94194793312819e-06 5.1915536460001e-06 8.64501969772391e-05 0.000117276710807346 0.000150720179557773 6.39369674962031e-05 4.02746672872656e-05 2.29547549842613e-06
-9999 -9999 -9999 -9999 -9999 -9999 -9999 -9999 -9999 -9999 -9999 7.42633492336608e-06 1.71416797911661e-07 2.28108237365632e-07 2.02336659071989e-07 2.88294029360259e-07 4.66513284891334e-07 3.26042282949857e-07 8.69327489994021e-09 1.24113535093784e-07 2.15504869061078e-07 1.50180339275607e-08 1.20994296359811e-08 1.25902934655642e-07 2.17202881458434e-06 1.69305317321289e-08 1.67004791506997e-07 8.8295078057854e-07 1.46218721965852e-06 2.27277248541213e-06 5.76860484216013e-06 4.62055670595873e-06 6.28004468126164e-06 4.80633269717146e-06 1.11241190097644e-05 0.0272673107515402 0.00103686202202633 4.75959575851448e-05 4.33483735832851e-05 5.60388503799913e-05 7.76968779973686e-05 6.42824394162744e-05 6.32800154562574e-05 4.38794308310064e-05
-9999 -9999 -9999 -9999 -9999 -9999 -9999 -9999 -9999 -9999 1.16731058369623e-05 1.86891378461951e-07 1.17715863723333e-07 3.30385756797114e-07 3.27972423974643e-07 2.87661808329176e-07 2.62285601593248e-07 2.63740179207161e-07 3.13622911107814e-07 2.55450106578792e-07 2.50223376951908e-07 1.25407518680731e-07 8.95945390766428e-08 4.82465333107029e-07 1.13110893380508e-06 8.80039334560934e-07 4.68444634407206e-06 1.06604245956987e-05 9.6716594271129e-06 4.88911981877393e-06 4.16942000356357e-06 8.09036282589659e-06 8.12479893284035e-06 3.9006559074628e-06 0.000512278459905779 3.04154909827048e-05 2.92712920781923e-05 2.8384619326971e-05 3.80524596039322e-05 3.44860172845074e-05 3.69091012544231e-05 4.13034365920106e-05 2.14624203289548e-05 3.83570293706725e-05
-9999 -9999 -9999 -9999 -9999 -9999 -9999 -9999 4.51374947942895e-06 3.37240049930188e-07 2.22586183440399e-07 3.03989293115592e-07 2.38210549241558e-07 2.32036759939547e-07 2.4787307211227e-07 2.61032210957524e-08 1.10940408148963e-07 2.41335533246456e-07 2.60409638030978e-07 2.78034877965183e-07 2.8023044933434e-07 2.60239451321809e-08 1.62458174202129e-07 3.37527836791196e-07 7.07094517338192e-07 8.59197450608917e-07 2.05185895651994e-06 7.81765461397299e-06 1.81845782208256e-05 7.08365714672254e-06 8.84256478352885e-06 4.73521140569311e-06 3.14654054698216e-05 2.91017103375868e-05 3.21269350024522e-05 4.06422746891622e-05 4.42355616805834e-05 0.000319995625376124 2.49557969254965e-05 2.10775699997612e-05 1.57937220137683e-05 3.6485467262537e-06 1.77520276338328e-05 8.18494147551974e-06
-9999 -9999 -9999 -9999 1.76117862338288e-06 1.94895946492579e-07 1.69858785170618e-07 1.72776614704162e-07 1.84436589734105e-07 2.09935367934122e-07 2.85222716911448e-07 2.93721899424781e-07 3.60120054665458e-07 2.68909928990979e-07 2.69939604891078e-07 2.39796000300885e-07 2.33027787999163e-07 2.41977514292557e-07 2.58508993056239e-07 2.61014076841093e-07 1.07114018987886e-07 7.29368835550304e-08 1.36368363001793e-07 2.48036700156717e-07 2.96297073987262e-07 2.95904959557447e-07 6.34624768736103e-07 1.88002136383147e-06 2.70340749466413e-06 2.59401638231793e-06 2.5382259991602e-06 7.10031085873197e-06 1.33751303398211e-05 0.11195037381902 2.25325006028565e-05 3.57640245276625e-05 2.9854619060643e-05 1.05378382613708e-05 1.47538019746207e-05 1.55530730808096e-05 4.18793651988381e-06 2.02386186742842e-06 6.6524410067359e-05 1.2661148165527e-05
-9999 -9999 -9999 3.78143710122458e-08 1.53384092982378e-07 1.83372284823236e-07 3.81026728746292e-07 1.82629156597613e-07 3.21372806411091e-07 2.31462624356027e-07 2.93628781378175e-07 4.38979003547502e-07 2.88050682684116e-07 1.89894910818111e-07 2.81091152487534e-07 2.61819383240436e-07 1.6062422645291e-07 2.40906794601869e-07 2.38040759370506e-07 2.93410607810074e-07 2.56476555193785e-07 9.24586895933999e-08 1.15599011110135e-06 1.63376479278554e-07 5.802088622886e-07 2.685404353997e-07 2.59076372799427e-07 2.42879204392921e-07 1.77902859377355e-07 6.37569928585435e-07 2.94457317977503e-06 3.42469718361826e-06 1.96438428474721e-06 8.98908433555334e-07 9.42819788178895e-06 9.9087543276255e-06 3.36166400529692e-06 6.19861403095001e-08 6.19988330896604e-08 1.84997328460668e-06 1.52748680761761e-06 1.28309404772153e-05 3.94341534047271e-05 2.91799675347537e-05
-9999 -9999 -9999 1.80230254898106e-07 2.49049173817184e-07 8.84435479520107e-08 1.14203862722206e-06 1.78873544314229e-06 8.65402009253558e-07 1.82161787165569e-07 1.64915269351695e-07 2.17487081499712e-07 1.58086211854425e-07 4.23331420051909e-07 4.11467397043452e-08 2.54204201155517e-07 2.1265289404937e-07 3.94300934658531e-07 8.92183031453442e-08 3.11638120820135e-06 2.09975300435872e-07 9.62972627860381e-08 4.70669986540884e-08 3.99965864517071e-07 4.98223647582563e-07 3.12914977484979e-07 2.26470524467004e-07 2.25305724654845e-07 2.33466229815349e-07 2.31036131026485e-07 3.42725518294174e-06 7.78749028995662e-07 1.68286921962135e-06 2.37495866031168e-06 8.05639891154897e-07 5.21347033100028e-07 1.20064091788663e-06 1.40277836635505e-06 5.19413134725255e-07 1.90614873218919e-07 5.5570033055119e-06 3.77839411385139e-06 1.77132745193376e-05 3.00355068247882e-06
4.94641982129451e-07 2.2772845795771e-07 1.36849216403334e-07 1.29094620149317e-07 1.56409518581313e-07 1.62515885904213e-07 2.9091980877638e-07 2.79647221645973e-07 1.25458261734934e-07 1.19036142223194e-06 3.52255273128321e-07 1.94492409377744e-07 1.76766214110557e-07 2.1106785510483e-07 1.81989351233369e-07 2.19786070942973e-07 5.72680589172592e-08 1.70031094341994e-06 4.03349395128316e-07 4.02688056055922e-07 1.01736838473698e-06 3.42191742674913e-07 2.05618219695225e-07 3.14857942385061e-07 1.69114503023593e-07 1.00781961975827e-07 3.05984100279488e-09 3.50825516193254e-07 2.44965886508908e-07 1.27783887364785e-06 8.97241261554882e-07 3.33191305799119e-06 2.6567051463644e-06 1.26864667890914e-06 4.98711629006721e-06 2.38294642258552e-06 7.47391868571867e-07 2.98757666428173e-07 7.72842176388622e-07 2.77043218943618e-07 5.56568916181277e-06 1.39560152092599e-06 1.5723577234894e-05 2.5185120284732e-05
5.77149023683887e-08 8.2973788551044e-08 7.54765778765432e-08 9.09271648197318e-08 1.89123235827537e-07 1.12496765325432e-07 2.21626439156353e-07 1.93444807905507e-07 8.32885131529793e-08 2.31114449888992e-07 7.73425416156215e-08 1.67625671565474e-07 1.22897434806646e-07 7.24326572054679e-08 7.85888576437799e-10 1.40281787608387e-07 7.43804166702944e-08 2.25660961916674e-07 2.08523539413363e-07 2.41084865137964e-07 3.70960793816266e-07 2.85786234144325e-07 9.75658277724278e-08 5.97681031422326e-07 7.52941997461676e-07 1.28354487003435e-06 1.18574607768096e-06 1.68636712771786e-07 3.11241677763974e-07 3.05550713619596e-07 2.51707901099962e-07 1.85619586545727e-06 1.95369328821471e-06 3.71536202692369e-07 8.18588466700021e-07 7.42156926207826e-06 4.46028826672773e-07 3.36422667146508e-07 3.34903983656432e-07 2.61122890421461e-08 7.49209965533737e-07 4.25638812373563e-07 8.9300938199699e-08 5.64137127412323e-07
9.69234122294438e-08 1.43987972478499e-07 1.80916933345543e-07 2.3431890951997e-07 2.5885878187637e-07 1.56811333340556e-07 2.47206551762247e-07 5.5408003163393e-07 2.08138899893129e-07 1.40961860495281e-07 1.8434037372117e-07 1.14312884136325e-07 8.78826447170411e-09 8.40512606181676e-09 2.43511486814896e-06 5.59479685781961e-05 1.43881371741372e-06 2.11912353886845e-08 2.67534231213062e-08 3.6935776748237e-08 1.71983890595584e-07 3.14672291779061e-07 3.53451412138384e-07 2.67498275263733e-07 6.46147060479052e-07 9.58828798047762e-07 2.76580422564621e-07 1.44896750953194e-07 2.30491234987085e-08 2.50756659170293e-07 2.52883761220346e-07 8.58805947245855e-07 7.66154994380486e-07 4.73418168667195e-07 3.83044603040617e-06 2.04251964532887e-06 2.64901104856108e-06 1.14096259267171e-06 3.80565870727878e-07 5.26155312741139e-07 3.82434683388055e-07 4.33197831739562e-07 6.46961353822917e-07 2.92379700113088e-06
1.69964468454964e-07 1.85553088272172e-07 2.42724101440217e-07 1.70023653822682e-07 1.24357585491452e-06 2.07443227395743e-07 2.10394577493389e-07 1.25177394494358e-07 1.7526325137851e-07 1.94820702859033e-07 1.60044648112034e-07 1.94985604196063e-07 2.07649894718998e-06 4.0328784933763e-08 1.39754511074841e-08 3.01037430094908e-08 4.52961348855752e-06 3.25449347027273e-08 6.5427664139861e-07 5.55414550262867e-07 9.74318851376665e-08 2.7602837633367e-07 3.15224625069277e-07 5.24209102081841e-07 1.6384586700724e-07 2.94251839250137e-07 3.02013614827956e-07 2.8712180153434e-07 2.82558298181357e-07 3.94776218826109e-08 2.00926821491976e-07 1.21431964430485e-06 2.07312606903542e-07 3.68778492543242e-07 9.19817694011726e-07 8.63663899508538e-07 2.66184385964152e-06 5.16477268064364e-08 2.33953395536446e-06 2.79019829463323e-08 6.13784118286276e-07 5.216189777002e-07 1.23677014016721e-06 7.00398377375677e-06
5.60366612489815e-07 7.98846457428226e-07 1.20050934242499e-06 1.50677583121706e-07 1.66424996450587e-07 4.89299259243126e-07 5.13426329007416e-07 6.06946434800193e-07 2.20379737925214e-07 2.14071016557682e-07 1.92535031828811e-07 1.9317500203897e-07 1.31491347588053e-07 7.47799177247543e-07 1.37765265151302e-07 1.2317121367289e-08 2.66648130242686e-09 1.21014019427434e-07 9.16125845407123e-08 2.7578862500377e-07 1.49060888787744e-07 9.48061739336481e-08 1.85022439325166e-07 2.3730177787229e-07 8.77093988549404e-08 2.47878719505934e-07 2.16210113990201e-07 2.47603406933195e-07 2.38054703061152e-07 1.69050912290913e-07 6.25542764964848e-07 2.81030000337523e-07 3.26399961636525e-07 9.05719366528501e-07 6.46122197167642e-07 1.45851257684626e-06 4.68265138806601e-06 2.4062734837571e-06 1.27378559682256e-06 1.65444635769063e-07 5.447131428582e-07 2.92412028102262e-06 1.19302417260769e-06 8.73335770847916e-06
2.01284041168037e-07 1.477688073237e-07 4.04200726222825e-08 3.26359000268894e-07 8.23771067359758e-08 1.30183914848203e-07 1.15006234580051e-07 1.33796464751867e-07 2.54863951454354e-07 1.77213429708445e-07 1.65235841009803e-08 6.19684040970014e-08 1.89706550202118e-07 1.92931250353467e-07 1.32949459441534e-07 1.98068457279987e-07 3.03032516058011e-07 1.76117358705596e-06 1.78434230519997e-06 3.4492131959496e-07 4.15814156440319e-07 3.62966221700844e-07 1.67568435927024e-07 1.46173572090902e-07 2.76513600283579e-07 2.52626654173582e-07 2.16967033850324e-07 2.12841553093313e-07 2.65368963425772e-07 2.86353042611154e-07 2.51197643308387e-07 8.20448599370138e-07 4.78124394476254e-07 9.10544201815355e-07 1.79166199814063e-06 1.01173445727909e-05 7.17209144340813e-07 2.204078646173e-06 5.68827206848255e-07 5.50285335521039e-07 3.50849752521754e-06 1.81994601007318e-06 1.67339722793258e-05 7.47279473216622e-06
1.44834561410789e-07 1.58611759104588e-07 9.15817381041961e-08 9.64412194548459e-08 6.60244054984105e-08 1.16951524375963e-07 1.31281394999405e-07 1.46546690871219e-07 1.04499562780802e-07 1.54931259999103e-07 1.53675337344339e-07 1.65443393029818e-07 1.73689178950553e-07 1.75842941985138e-07 1.70183704994997e-07 1.69206423095147e-07 1.80921551873325e-07 4.21646149106891e-07 2.1656422148908e-07 1.59248367026521e-07 1.44054786233028e-07 2.34571931656546e-08 1.99068300332783e-07 2.14220470695636e-07 2.86296469198533e-07 2.69608162284385e-07 5.85650008488869e-09 4.67220547761826e-07 1.72112215750531e-06 2.99596746344832e-07 4.55858327086389e-07 1.52317136326019e-06 1.02126169849726e-06 2.96145963147865e-06 5.02042371408606e-06 2.5000200366776e-06 1.46208379874224e-06 9.1077637307535e-07 5.25103445170316e-07 1.79657631633745e-06 9.75023394289565e-07 1.30275866467855e-05 1.63253758150517e-05 3.01071951980703e-05
7.67109554544731e-08 6.85458680038664e-08 9.9644763906781e-08 1.21481239290233e-08 3.6157459817332e-07 1.06254434228958e-07 1.25881311419107e-07 1.01780895533921e-07 1.4555009357764e-07 1.27008549100083e-07 7.88993077094347e-08 1.44975710725248e-07 1.58391883076092e-07 1.96524418072386e-07 3.62189936709001e-07 6.78606170367857e-07 1.5367053265436e-07 1.4918705915079e-07 1.43906986238562e-07 1.43837350208287e-07 2.34044595970317e-07 1.0483916454973e-07 1.60618620839159e-06 1.08014385205024e-06 3.44134406304875e-07 4.20429529413013e-07 1.74934721144382e-06 4.84066916328629e-07 2.7584588906393e-07 1.04357750387862e-06 3.82280422854819e-06 1.2026581543978e-06 4.33976799740776e-07 2.75852817139821e-06 6.97900242130345e-07 4.67315601326845e-07 9.0248676315241e-06 3.69894746654609e-06 1.00543130429287e-05 8.75790137797594e-06 1.98152568373189e-05 2.9759140124952e-05 2.380477465036e-05 9.98598319711164e-05
