Maxent_result_files_2/B_cingulatus_3.asc
NCOLS 594 
NROWS 330 
XLLCORNER -15 
YLLCORNER 23 
CELLSIZE 0.166666666666667 
NODATA_value -9999 
[rows 260 to 279 of 330, columns 88 to 131 of 594]
4.05332329549424e-06 4.0205686786976e-06 6.88707051779147e-06 3.78011848027882e-06 7.11353731617237e-06 3.91988386638786e-06 6.09829172759646e-07 1.26682974723735e-06 3.49945523936412e-07 1.30655495667042e-06 4.27284798476535e-07 1.08560147111803e-06 4.52286842431704e-06 3.61548244356413e-06 8.8153572335159e-06 4.60939734736598e-07 6.46517577251871e-07 1.29924850114094e-06 2.6156450360304e-06 6.87566737269663e-06 3.50612407942208e-06 5.4168450844827e-07 1.30387990111558e-06 1.43059926642763e-06 1.35299930548172e-06 3.4425259514137e-06 1.21247635149757e-06 3.75338760960631e-07 5.06239325126501e-08 1.83799790276495e-08 7.5748124661601e-09 4.82486833819351e-09 2.03173831092585e-09 2.67537109133187e-09 1.15196048255939e-09 1.19721594860067e-09 9.57771217890979e-10 4.03864552911415e-10 4.16574919004375e-10 6.83559087111263e-10 6.5354275324836e-10 9.17202791494986e-10 1.03455342070902e-09 1.17061059734525e-09
1.05067433196382e-05 4.31939690059835e-06 6.09660206123408e-06 5.88201210405259e-07 4.65573158692223e-07 3.06623529411354e-07 6.40165546883509e-07 1.8511393058418e-07 4.73166739567432e-07 1.52617395485777e-06 3.79194016488782e-06 8.70970005450999e-07 5.50482567547306e-06 1.48885751229955e-06 1.75036281859775e-06 8.12455056689032e-06 9.23896675431024e-07 8.43193492983119e-07 5.73453438335036e-07 1.34168702743409e-06 6.0823753784689e-07 8.38299581573665e-07 3.11721598791337e-06 2.23630569280431e-06 1.94032204490213e-06 2.30499249482818e-06 2.51415823271373e-07 1.43088062287688e-07 3.92474682087141e-08 6.48020688220896e-09 4.0545835355843e-09 4.18778883792825e-09 3.8778525945915e-09 3.08711386454164e-09 2.39421117376182e-09 1.86133050084081e-09 1.49064640631025e-09 1.04052793048481e-09 6.45667885823542e-10 5.77303849169652e-10 7.13792702722316e-10 5.22919441081626e-10 1.03576256460514e-09 1.07301525442693e-09
1.30517340579672e-07 2.373317371962e-07 1.39477903715601e-07 6.26056128716357e-08 2.44148582595471e-07 3.28060491483484e-07 4.42289081092895e-07 3.04881224622022e-07 6.74822766200123e-07 8.73064333717366e-07 9.05784914095875e-07 1.94867927518771e-06 1.0899309125989e-05 3.61302639930727e-06 3.15556567898057e-06 1.16735122901446e-06 1.67604655416653e-06 1.99574645876055e-06 2.61667932477394e-06 1.34490624361661e-06 3.58155248392222e-07 1.15566002421019e-06 7.95256636365593e-07 5.24002540203128e-07 3.87754109354432e-07 1.46932500832975e-07 1.35357125685687e-07 6.99591796049503e-08 5.62041848617412e-09 4.19290614450674e-09 4.33850183556572e-09 4.15365453143579e-09 3.86112319894494e-09 2.90729053054051e-09 2.17798583612705e-09 1.66329617856675e-09 1.16816256667818e-09 9.47343692381253e-10 6.59197652019827e-10 6.94792068323125e-10 6.12824613277496e-10 6.30839847026721e-10 8.54191906096702e-10 9.10500064232878e-10
1.5987636139414e-07 1.7827703224782e-07 1.188033911248e-07 8.65678709160989e-08 1.26129019051291e-07 9.62905135182268e-08 1.5178546064476e-07 1.43672942343187e-07 1.12016100501933e-06 1.73182777984948e-06 1.43955384146466e-06 2.59929941250903e-06 2.91541953743035e-06 1.66518117907799e-06 9.2041140078436e-07 1.77263769671754e-06 4.92671988894244e-07 1.02879224641583e-06 2.03882421487833e-06 1.52420490735494e-06 3.8599250160587e-07 1.73707444872662e-07 1.69823780638012e-07 1.24460506256696e-07 6.98052307512853e-08 1.0264442593666e-07 4.68944698184259e-08 1.72195812719877e-08 7.26780934323656e-09 6.2608952577925e-09 5.16753272394865e-09 4.59663334062554e-09 3.66749925984067e-09 2.76109558550175e-09 1.95815569314917e-09 1.5123854502086e-09 9.46289380188148e-10 6.27476282044626e-10 6.63636801068179e-10 6.14135020615691e-10 7.54436579875062e-10 9.46624534314822e-10 1.16401356331508e-09 8.83260731221469e-10
5.08420566980305e-08 4.31405764445003e-08 6.53227660407651e-08 1.20324397201443e-07 9.73117970204385e-08 9.99077739649579e-08 1.35754512342601e-07 5.37087773011535e-07 1.23097525488447e-06 2.49239244567434e-06 2.40520582792669e-06 4.09293307370717e-06 1.39713861244672e-06 6.09621086766765e-07 1.47562531367385e-06 5.41417444139824e-06 4.42074621531674e-07 9.7120558706365e-08 3.65887443720681e-07 2.01430415103232e-07 6.07727094426025e-08 6.44131668003922e-08 5.45506419147301e-08 4.22021843693443e-08 8.02069889616064e-08 4.92360332060571e-08 3.72703620854509e-08 1.96779365690958e-08 1.1637821473176e-08 5.6022128602784e-09 4.29127646750516e-09 3.44917707728598e-09 3.03291961545327e-09 2.4401337728186e-09 2.03174487234392e-09 1.60119614234233e-09 9.19202425286869e-10 8.39227021209865e-10 4.23461110621304e-10 7.58010543222554e-10 9.41959910072399e-10 1.31443339546067e-09 1.50044631164192e-09 1.27632313606796e-09
5.12799497087713e-08 8.0403844116006e-08 7.13494769044587e-08 1.1800836148268e-07 1.67357407576674e-07 1.42899325794588e-07 2.72847641014096e-07 2.28316850581223e-07 1.93814320823549e-06 7.9669514576608e-07 6.78279010912775e-07 2.1005812243402e-06 1.20845471940356e-06 1.00510946481336e-06 1.88151943518733e-06 2.18286573172577e-07 5.94423795519106e-08 7.60219569073684e-08 8.91199913866103e-08 1.77527487466023e-07 4.45730871323491e-08 3.87857896910759e-08 5.88983921634423e-08 5.36181814503323e-08 7.94512179602691e-08 7.67639293464129e-08 4.10552336571612e-08 2.3591610709417e-08 1.00075940756561e-08 7.47041427606732e-09 3.86659079198992e-09 3.29316972580429e-09 2.97484220590505e-09 2.52982662596324e-09 2.19655930111529e-09 1.94216565052585e-09 1.35483808616499e-09 1.10851960943847e-09 7.04829794528905e-10 1.14340296120119e-09 1.3505048190865e-09 1.46590499738863e-09 1.47387454463299e-09 1.46883762930372e-09
1.54723610634733e-07 5.15806521939055e-08 8.15638031781418e-08 1.16986876719238e-07 1.22914940803298e-07 2.46519438817927e-07 4.13677352639752e-07 3.41104696133243e-07 5.53986493656566e-07 4.91480884079465e-07 6.71401213026002e-07 4.57045205592976e-07 1.4395624845065e-06 1.42929578927919e-07 4.03250003166988e-08 8.98420550399237e-08 5.10617684135184e-08 6.18170970856369e-08 1.06504518182504e-07 1.0986112393141e-07 1.13704636017786e-07 9.89447738852789e-08 7.97443201250303e-08 9.72996797798942e-08 7.41744723420368e-08 4.45830098172451e-08 3.25015097057957e-08 1.78949208562429e-08 9.86182933093715e-09 6.59269215885772e-09 3.90965892993478e-09 3.16875673478378e-09 2.78945764264904e-09 2.38512455341677e-09 2.11789931148232e-09 1.68209230988481e-09 1.43879467229269e-09 1.47223513380368e-09 5.52756684868427e-10 1.37951139400627e-09 1.45615518531983e-09 1.54779585814779e-09 1.68415411616607e-09 1.59531862164997e-09
4.48848793688228e-08 6.80992194190821e-08 9.08176810199279e-08 9.94305239032656e-08 1.7377625063375e-07 1.65285847231189e-07 2.29055664036082e-07 1.85526484841603e-07 3.32416333748142e-07 2.29651407579468e-07 4.22240216124692e-07 2.60994213263643e-07 9.83277273824967e-08 3.76740391327957e-08 4.11583194193099e-08 5.6210858545569e-08 6.23811665434459e-08 8.0948746106202e-08 9.08998954329832e-08 9.17028771141304e-08 9.77288506120999e-08 8.86783452003215e-08 7.04450697774917e-08 7.66312299393945e-08 4.79752469750849e-08 2.87637650364658e-08 1.97675557589427e-08 1.06161361812518e-08 7.98113417577184e-09 4.97250454145615e-09 3.42500943162349e-09 2.64788336812316e-09 1.99324697858216e-09 1.66775169230249e-09 1.6975368555272e-09 1.55353269137848e-09 9.70376223818903e-10 1.05471020805936e-09 9.27420817919966e-10 1.42749615461568e-09 1.4264718406487e-09 1.54825408049675e-09 2.31542779394189e-09 4.33962313861613e-09
5.5037844681749e-08 1.09450260765698e-07 9.83404786936148e-08 1.00815389281195e-07 1.07523700698664e-07 1.55940904278395e-07 1.69548397721542e-07 1.16765462720991e-07 7.25720804339858e-08 5.98626999526175e-08 4.33219743634083e-08 5.02346353847827e-08 4.16129018798728e-08 3.3763580642443e-08 2.42630100677488e-08 3.41697066197355e-08 4.11856346360651e-08 4.15265627218275e-08 4.89916924806266e-08 4.67801833714532e-08 4.94478442636392e-08 4.51206212837008e-08 4.3482509859416e-08 3.4591246311777e-08 2.21252591359189e-08 1.60952465799724e-08 1.08529530362667e-08 8.33281765810767e-09 4.03319364572496e-09 3.43322306139981e-09 2.75078521072558e-09 2.33827973650236e-09 1.72970719969356e-09 1.31663805413851e-09 1.2595468334986e-09 1.44119431944034e-09 1.28416001166087e-09 1.40214886368284e-09 9.21941922804592e-10 1.38705267271888e-09 1.45696387177097e-09 1.45245361293789e-09 1.43434685240251e-09 1.89799924665834e-09
7.16028573322092e-08 7.10073969401037e-08 6.17688126425264e-08 7.51876376270388e-08 3.51136752385628e-07 6.36039608536976e-08 7.33594833768336e-08 3.77636450110685e-08 4.51047807548122e-08 2.04462070607647e-08 2.3507118784849e-08 2.58033741484809e-08 2.19962732916912e-08 1.95383768941682e-08 1.51470440412638e-08 2.38689551235183e-08 2.92704195770099e-08 2.0880091078368e-08 2.42166110941966e-08 2.48794354229531e-08 2.57128535796625e-08 2.50215173913659e-08 2.50288059611137e-08 2.00181118903409e-08 1.03945716478648e-08 7.1190687900291e-09 4.74770527336688e-09 3.41694010863591e-09 3.14546766411183e-09 2.66484164734848e-09 2.31387324856058e-09 1.88542740309217e-09 1.69300784502724e-09 1.39179655578303e-09 1.32556715604082e-09 1.30540592779838e-09 1.22940502222946e-09 1.2602726973121e-09 2.88096508871405e-09 1.31559220184485e-09 1.3493063666381e-09 1.32872848279675e-09 1.29468233911467e-09 1.24036311222042e-09
2.97461824061429e-07 1.24743711182873e-07 6.6705549262025e-08 1.87064433276873e-07 3.7325538349009e-08 4.0343047080782e-08 4.47752067422869e-08 2.87849094782189e-08 2.82341279245202e-08 2.00138749351098e-08 1.02573215143842e-08 1.32933680396796e-08 1.90625664586719e-08 1.53138891456628e-08 1.57199893546789e-08 9.59744909101445e-09 1.06859560089489e-08 1.0806421679721e-08 9.58898516145723e-09 1.04325848293563e-08 1.17536965160703e-08 4.4291287348841e-08 1.69276296646537e-08 8.15245746466076e-09 5.17048625026106e-09 5.06602207961393e-09 3.34311057725856e-09 2.5021401284242e-09 2.3302477170084e-09 2.31788105375941e-09 2.02883650990415e-09 1.38547342487527e-09 1.32691738707891e-09 1.35841272674853e-09 1.24499495157693e-09 1.05561841490243e-09 1.14321340172197e-09 8.25305823681788e-10 1.08123758835177e-09 1.17454075354573e-09 1.21603177527518e-09 1.20768350875267e-09 1.14658584848826e-09 1.07578316255186e-09
1.78218240520778e-07 1.47053543742004e-07 4.63671884443073e-08 1.87825785813445e-08 2.59548266434706e-08 2.73714933829439e-08 2.62862887900894e-08 2.02673941629428e-08 1.80307500929899e-08 1.56672759876741e-08 1.08149409983049e-08 1.11795572355078e-08 1.04948754797718e-08 1.01687264608685e-08 8.45237649871322e-09 6.91183401624329e-09 6.98896246431602e-09 6.39093001852942e-09 6.51873248713741e-09 6.99561840677987e-09 7.35742814450546e-09 6.97050360765061e-09 6.25700763423609e-09 4.76488907219519e-09 5.8722911422393e-09 2.61766649467532e-09 2.45227774753332e-09 1.90622660989348e-09 1.29521738889693e-09 1.12490489145856e-09 1.53912489420094e-09 1.37844125003284e-09 1.35923743371791e-09 1.27971114816106e-09 1.00260493240967e-09 8.22555090707056e-10 9.48160638891693e-10 9.40975708463299e-10 9.89825676978029e-10 1.07710020902374e-09 1.07303299579087e-09 1.05396715799344e-09 1.00986961015792e-09 9.45555167497503e-10
6.75283911455438e-08 1.71783046232221e-08 1.49360823264999e-08 1.6929233681573e-08 2.03964447109684e-08 1.99800575417797e-08 1.85412459163814e-08 1.5933744501595e-08 1.5477038806111e-08 1.35694063763125e-08 1.176462677277e-08 1.2473952937242e-08 8.11511832177203e-09 6.36261977549069e-09 5.65352584747103e-09 4.68632382899514e-09 4.65296378093782e-09 4.59315694367746e-09 4.60272853164412e-09 4.50985595534803e-09 5.58100070602308e-09 4.12653737846824e-09 3.99088698754824e-09 2.36400446995688e-09 3.01080450570979e-09 3.07806293786683e-09 1.90569554581188e-09 1.70319289782839e-09 1.59328399362835e-09 1.55905836018988e-09 1.45005281115829e-09 1.39176654645468e-09 1.31137380954272e-09 1.15467821970583e-09 8.97724072856931e-10 9.81389514098652e-10 8.09354383513039e-10 8.39319858059184e-10 8.69140859283135e-10 9.04345986985078e-10 9.03601771184981e-10 8.82629369591825e-10 8.61947424546372e-10 8.28540080988205e-10
1.74598475455312e-08 1.21640917560839e-08 1.14997155908902e-08 1.46282786994689e-08 1.52711076895073e-08 1.53241830558315e-08 1.3723747704919e-08 1.19954795541055e-08 1.03818556973501e-08 9.23393805862815e-09 8.06100792782871e-09 7.2081939306301e-09 6.17346771480953e-09 4.69177430240109e-09 3.96657808821033e-09 3.47109835319159e-09 3.12658317014325e-09 3.4428157658084e-09 3.26440995346289e-09 2.76526724851678e-09 3.77814057817005e-09 3.05185150484277e-09 2.98196946024731e-09 2.14830676581457e-09 3.13366581572438e-09 1.80508049618666e-09 1.57627718655462e-09 1.06371510488756e-09 1.30284364407984e-09 1.35820936719711e-09 1.29647284019541e-09 1.24985866101213e-09 1.18798381132379e-09 1.00803020375295e-09 6.58866550207193e-10 7.44537043129156e-10 7.3323214166976e-10 7.62375185203723e-10 7.6000087334549e-10 7.44215544745686e-10 7.26978754972407e-10 7.23464232965654e-10 7.03998281892382e-10 6.95894974978017e-10
1.39979822955105e-08 2.04007893467306e-08 9.46581930616475e-09 7.74665921410289e-09 9.9293873234707e-09 1.43823140730248e-08 9.73495515310674e-09 8.4993548754575e-09 7.33812535180789e-09 6.58413656928758e-09 5.87630737403089e-09 5.07641714220242e-09 4.82887090313966e-09 4.22008384903805e-09 3.27141901346195e-09 2.7513146316771e-09 1.99619382135197e-09 2.18721846190206e-09 2.19288851521782e-09 1.90806414002154e-09 3.05823030233299e-09 2.45210988181199e-09 1.99050040894377e-09 1.6303593031175e-09 1.80487428336207e-09 1.61075515148212e-09 1.47947777362489e-09 1.32516875250843e-09 1.23006390628788e-09 1.13271253487923e-09 1.05919222281869e-09 1.08598969816853e-09 9.8620812627459e-10 7.54921980483658e-10 6.24525942072296e-10 6.54147191969656e-10 6.42087438773586e-10 6.92725887763146e-10 6.78680878163362e-10 6.45243947161589e-10 6.07781192041301e-10 6.16070627845744e-10 6.10906814024759e-10 5.73719305396736e-10
1.24395072131911e-08 1.28086656725479e-08 1.05682001816376e-08 1.16923750681508e-08 9.06632015018616e-09 9.78997513056967e-09 7.10708653040015e-09 6.3792813920216e-09 5.51902711309893e-09 4.72050903921328e-09 4.38786028622573e-09 3.79623624757741e-09 3.66664330009314e-09 3.43437088767828e-09 3.04335013856516e-09 2.52557862401304e-09 2.1682244444321e-09 2.02743026811447e-09 1.8287720449095e-09 1.85777266903386e-09 2.44348040689957e-09 2.05231538430439e-09 1.83246223750544e-09 1.71467450238438e-09 1.47434289221593e-09 1.46074041751376e-09 1.31176970397107e-09 1.1377338848817e-09 1.04390515121011e-09 1.00377312017841e-09 9.63485380367502e-10 9.50112455377905e-10 8.34299396235139e-10 7.31574478773922e-10 6.32984620274613e-10 6.23422968804022e-10 6.89749779514415e-10 6.45130693310847e-10 6.32936092426206e-10 5.72388036967908e-10 5.27813037720648e-10 5.11252828960806e-10 5.01536101538136e-10 4.87287421524485e-10
8.5785580195008e-09 1.13729081374636e-08 8.00616731799764e-09 7.41378611834875e-09 6.69239861306181e-09 5.7881605286525e-09 6.88007498750309e-09 4.31008813084333e-09 3.52225492106228e-09 3.08841806573312e-09 3.0330923661559e-09 3.00362215099881e-09 2.9947582413925e-09 2.81631226117796e-09 2.70118868384017e-09 2.28906411603447e-09 2.0056245220168e-09 1.90111154596551e-09 1.77727210726175e-09 1.7563664744813e-09 1.71577849705784e-09 1.4421726701741e-09 1.52891421745238e-09 1.43271319252847e-09 1.2767780499523e-09 1.26332135863549e-09 1.10820824739122e-09 1.01798425244937e-09 9.57983847804655e-10 8.85595163868658e-10 8.60105497935137e-10 8.56683435301875e-10 8.25875368093421e-10 2.29262862028179e-09 1.33891334685998e-09 6.00663452310357e-10 6.21509321785396e-10 6.05158134714401e-10 5.31020372118718e-10 4.73900019226647e-10 4.36733615938323e-10 4.26827562183263e-10 4.23931734161442e-10 4.28396096374684e-10
6.29502290294681e-09 6.63830204139515e-09 6.34003198829447e-09 5.56603053647464e-09 5.09737669851518e-09 4.88082385619037e-09 4.50473823798703e-09 3.50705789964323e-09 2.80058607415867e-09 2.36469769321346e-09 2.43533924138006e-09 2.68358115729228e-09 2.66455285613532e-09 2.53449259357552e-09 2.42101425573793e-09 2.00109341319532e-09 1.78696093477981e-09 1.7102713134598e-09 1.56922294047845e-09 1.48123681098511e-09 1.41862444014151e-09 1.23802017526486e-09 1.3441374790979e-09 1.22203310803926e-09 1.12086173675863e-09 1.08335787007974e-09 9.34017663212216e-10 8.90643170325944e-10 8.48001824316214e-10 7.88742238189144e-10 7.65048846496086e-10 7.40630168305501e-10 7.4908174108046e-10 6.75302469499428e-10 5.86989234996338e-10 5.641587752514e-10 5.41185574132186e-10 4.92308949162634e-10 1.31286925775242e-09 3.9412597629962e-10 3.74507647116218e-10 3.70539332550379e-10 3.70289654494371e-10 3.64921193263257e-10
4.72727417211161e-09 4.71497832998935e-09 4.42788282706275e-09 4.05925619784142e-09 3.86239059624316e-09 3.36366684505762e-09 3.26585305465699e-09 3.2586934928247e-09 2.60616828118287e-09 2.08563381010052e-09 2.30479308971354e-09 2.53681482487167e-09 2.4618394323106e-09 2.31587016230606e-09 2.18156301912131e-09 2.02166035023765e-09 1.75255456813517e-09 1.57906030473498e-09 1.45221660252659e-09 1.36829820807094e-09 1.3004648136139e-09 1.37933620081299e-09 1.14523442951153e-09 9.94427296063805e-10 9.45914790939639e-10 9.59348744888899e-10 8.1598143797379e-10 7.74163888550561e-10 7.48109829640242e-10 6.99559565831009e-10 6.18846518474214e-10 6.37636887734772e-10 6.72862943140728e-10 5.60344337596774e-10 5.13727438367084e-10 4.95042162818038e-10 4.79479500548052e-10 4.51732629080936e-10 3.8961164294804e-10 3.6461027530521e-10 3.44845407784788e-10 3.33335103963606e-10 3.37151229157229e-10 3.34981509197974e-10
3.33172635036405e-09 3.02035797483669e-09 2.74507259145906e-09 2.40172574050845e-09 2.39861640549677e-09 2.34339182503263e-09 2.24542362481372e-09 2.22412606110112e-09 2.19720751593044e-09 1.91612590239032e-09 2.10146410273282e-09 2.21481130102674e-09 2.20627318636701e-09 2.15663766844898e-09 2.02875478638731e-09 1.88823832125706e-09 1.64807203439921e-09 1.53224450905043e-09 1.42987157669694e-09 1.3235306184356e-09 1.24420730385211e-09 1.28833954615715e-09 1.07815381067411e-09 9.50332534888076e-10 9.19022358214505e-10 8.53704951175871e-10 7.22585735690728e-10 6.84097123393457e-10 6.67878830018509e-10 6.34310104441482e-10 5.75916547784772e-10 6.1248754956722e-10 5.69101576974873e-10 4.79546158338451e-10 4.67383376445696e-10 4.67205751863986e-10 4.45287962058671e-10 4.06852374013056e-10 3.76553455083695e-10 3.49215778516765e-10 3.27591709314845e-10 3.1436535596896e-10 3.18860104986385e-10 3.05868941286036e-10
