Maxent_result_files_2/B_cingulatus_2.asc
NCOLS 594 
NROWS 330 
XLLCORNER -15 
YLLCORNER 23 
CELLSIZE 0.166666666666667 
NODATA_value -9999 
[rows 220 to 239 of 330, columns 44 to 87 of 594]
1.30215244098508e-05 6.21757717453875e-06 2.93084352051665e-05 3.29697276129082e-06 1.76243804162368e-05 1.75845149897214e-05 6.31733544196322e-06 1.15014987613904e-06 3.35952796604033e-07 1.14260135433142e-06 1.15545549306262e-06 3.99827820274368e-07 5.33512803713165e-08 3.69716296688694e-08 4.29496459730672e-08 5.10443896928336e-08 4.42205241313331e-08 2.34252937048041e-07 7.00198847880529e-07 8.67000312609889e-06 4.56049031072325e-06 1.04034472315107e-05 4.12536048770562e-06 2.18020525153406e-06 3.63408005796373e-05 0.000380882422905415 0.000512396867270581 0.000348421817761846 2.8804004068661e-05 9.61531868597376e-06 3.89029883081093e-06 2.14624383261253e-06 1.3890489753976e-06 7.96992026153021e-07 6.11324267083546e-06 3.53393420482462e-06 1.72750367255503e-06 6.63339515085681e-06 2.0606397629308e-05 1.40346470494324e-05 1.03828790543048e-07 1.83268848985563e-08 1.39635700779905e-09 6.9026247828674e-09
1.77497543116356e-05 1.45630266160879e-05 1.01278252941484e-05 1.24063649648454e-05 3.13891635971064e-05 3.90530120057519e-05 8.1433123568786e-07 1.81209603056232e-07 3.1762488390541e-07 3.61009642801946e-07 1.24274852453254e-07 3.61730272402383e-08 4.8639513750004e-08 5.5136381149623e-08 6.19228856635345e-08 6.84206852952229e-08 6.37405904058141e-08 8.57181973401566e-08 3.41562565608911e-07 5.7740556940189e-07 5.80617432888175e-07 5.22426086035921e-07 5.18558750627562e-05 0.000397930608596653 0.000110619797487743 0.000402043503709149 0.000754593155885164 0.000280843828859767 4.23338904511183e-05 4.30143380071968e-05 3.65802490705391e-05 2.81423312117113e-05 8.33472736466168e-05 0.000203498794184043 4.59934304672061e-05 1.51400203321828e-05 4.97482710670738e-06 2.86424851765332e-06 1.79510052475962e-06 6.29588690471028e-05 3.99893826852349e-07 9.91876299849537e-07 4.2603634256011e-07 1.67649099935829e-08
4.04615562729749e-05 5.41579916898627e-05 1.3955568192614e-06 9.57407132773369e-06 3.44953882631671e-06 1.3255193562145e-05 1.02272523463398e-06 1.33648326254843e-06 4.25454697960959e-07 6.15808642123738e-07 4.49245185052405e-08 3.01624851317683e-07 1.10529004615501e-08 5.80747432366024e-08 1.02470906426788e-07 9.5886571216397e-08 1.06754663420361e-07 5.08498794715706e-07 1.19085631240523e-06 1.67972276585715e-06 2.41195596117905e-07 2.4648008911754e-05 0.00109482877887785 0.000125667107931804 6.15468364040361e-05 2.71836994215846e-05 3.04772293020505e-05 1.39248421646698e-06 6.85119246668364e-08 1.30227263070992e-06 7.67931096561369e-06 7.26258571376093e-05 0.000110098491976962 0.000408817877975387 3.58899702405324e-05 7.72670236983686e-06 6.91239119987586e-07 2.44959696829028e-06 1.95195559626882e-06 1.6265653539449e-05 8.92979623762891e-05 2.11587800544644e-05 3.36753582814708e-06 1.24813677757629e-06
4.40481357286471e-05 5.59978887395118e-05 1.19054258220785e-06 9.09535356186097e-07 1.3092832205075e-06 2.52182417170843e-06 3.72628769582661e-06 1.24636787859345e-06 5.89450849020068e-07 2.71486997007742e-06 5.28184946233523e-06 3.20180579365115e-06 1.12230237903077e-07 7.89428057146324e-08 1.88341883244902e-07 8.53298797665047e-07 1.81055066832414e-06 2.46788640652085e-06 1.79735738129239e-05 1.60151010277332e-05 5.89668692555279e-05 0.00146979255368933 0.000159766126307659 4.25789639848517e-06 1.12542520582792e-06 1.12796143980631e-07 3.84741078107709e-08 3.05734964456406e-08 4.84642384890321e-07 5.70644338040438e-06 2.47710202529561e-05 0.000635062578114043 0.000797038412453221 0.00115046453133221 0.000381631017080508 6.5862789779203e-05 8.35868675494567e-05 2.3146302510213e-07 5.54819052922539e-06 2.17773304029834e-06 2.64332961705804e-06 2.98676161037292e-05 0.000571448695738974 2.46815947336665e-05
1.64332396252576e-05 3.84550821763696e-05 5.77493821765529e-05 7.77465202190797e-05 7.82443676143885e-06 2.66126971837366e-06 0.128135481109558 4.79747791359841e-06 0.00031071995963573 0.000131963014791836 2.11539952942985e-05 2.80069066320721e-06 1.10204517113743e-05 5.64139781999984e-06 3.22700128890574e-05 5.03709554322995e-05 1.18460137855436e-05 1.04514561826363e-05 4.07202032131626e-05 7.42850570603304e-05 0.00011424514369921 7.0226400566753e-06 1.23183310099306e-05 1.38386603794061e-06 2.18200489143783e-07 6.93870045864742e-09 1.17162676005478e-08 5.82585812480829e-08 2.14701020695429e-07 1.07036828921991e-05 3.04058570691268e-05 0.000147445295806392 0.000443197388604955 0.000661121220880978 0.00573318718589378 0.00443674669625629 0.000592752827987064 2.57278486969881e-05 7.87889882758464e-07 3.37504593517224e-07 1.42076842166716e-05 3.26491204759805e-05 0.00107127982974485 0.000217228218389209
0.000351916119925943 0.000224533921573311 4.93936450766341e-05 6.54003033560002e-05 0.000261610019515501 7.18682009392069e-05 0.000142401221091859 0.114338338375092 0.206244848900249 0.0964396885679965 4.81004284665687e-05 6.80793680658098e-05 0.00043532515555853 0.000359872296394315 0.000219089441816323 0.000350172159680817 0.00099303819171096 0.000260868509789103 1.7077957818401e-05 6.24761910330562e-06 5.0251547049851e-06 2.12685392853018e-07 1.61521927566355e-06 2.09285890377942e-06 7.11245604634314e-09 3.93574453028123e-08 6.08557108705554e-08 2.56936266396224e-07 7.01925080193178e-07 1.0487016083971e-06 7.03235613741526e-08 9.28628480778571e-08 8.56157917041855e-06 0.00046052575926423 0.00406390617292554 0.00730634076225065 0.00460529132847419 0.000533185296288996 2.05459937205887e-06 1.52082188833447e-06 0.000398883110028692 0.00231517938669843 0.00380673822946846 0.00766991633087102
3.70737974662916e-05 4.33001750366202e-07 1.20483867704024e-05 0.000710140967263373 0.0028893420554552 0.00127769822373623 0.0115181348701957 0.0236997874526698 0.000198913398344303 0.000148785795317963 7.64788523156312e-05 0.000219756721344311 0.000672375067370512 0.000465691752658692 0.000122994091361761 6.35721611615736e-05 0.000233713825582527 2.65751447841467e-05 7.08849991497118e-05 1.87949124210718e-06 1.64558477422361e-07 3.42623955873478e-08 1.48114487785733e-08 9.74610010473498e-09 3.89076092233154e-08 9.54581977907765e-08 8.58858356878045e-08 1.46031519321355e-08 2.45728409709045e-07 5.10055258473585e-07 2.7532777835404e-08 1.18381530000988e-07 4.15735516980931e-06 0.000170124279975425 0.00652608639300818 0.00895239906135941 0.00815056455883875 0.00289907092110155 0.000770290583493438 1.96908789803274e-05 0.000515717543447214 0.00165505947243652 0.00573743564133221 0.00317648243945545
4.1670551399875e-05 1.04671804024292e-06 2.0003424197057e-06 0.000122270508140154 0.000409819359886399 6.17077223523665e-06 2.18100876736571e-07 3.27390438314978e-07 3.15046389687268e-07 1 0.000101544475182891 0.000525184020807501 6.32831784059817e-06 2.3702567204964e-06 7.12250543983828e-06 4.95406010259103e-07 7.04744192262297e-05 1.62029358762084e-05 4.9075382690944e-08 3.15583688070831e-09 4.84638160713757e-09 3.96213977182924e-09 4.60716238492864e-09 6.9134124203174e-09 1.16320631349254e-08 1.85305896849286e-08 1.35758401853536e-08 1.36491090430013e-08 6.9332817531631e-08 5.3238738928485e-08 1.36506088210808e-07 3.066735507673e-06 5.6358743677265e-06 3.65187292118208e-05 0.00243591012797967 0.00356582317396772 0.00105899202055008 0.00285383408212404 6.6773453897917e-05 0.00475570508961706 0.00407105841593072 0.00053014314995139 0.000280742633616071 0.000328863333934304
4.15821410797435e-06 3.0668540773604e-08 3.24430234854844e-07 1.48505173456215e-06 9.26775648824041e-07 2.8219670866747e-06 1.39103588026046e-07 4.46900926931448e-08 4.50537538654316e-07 6.40417053062725e-06 8.56154736084136e-07 2.90994728402438e-07 1.62002893944191e-07 4.61279967112205e-08 1.44031350401974e-08 2.84861371824263e-08 2.19791811417736e-08 1.27378250169841e-08 2.16398188257472e-09 2.28170049521026e-09 1.34493904901944e-10 4.90402749520058e-09 4.86691060785915e-09 5.97387437295538e-09 1.14221373692658e-08 1.28859662495984e-08 1.3591787073608e-08 1.72776505991123e-08 1.93004087378767e-08 2.67220304550619e-08 3.42416683452029e-08 1.86311365268921e-07 1.68218436556344e-05 1.67473451256228e-05 7.92561644630041e-05 8.36201412312221e-05 0.00132544614152212 0.00037142524463476 0.000442032744182241 9.51264228206128e-05 0.00190641079445625 0.00190269801987354 0.000132460566825232 3.47739228010457e-05
1.07680233440988e-05 8.8144110122812e-06 3.27539498812257e-07 1.38861972009963e-07 5.92642794572384e-07 5.4981050823244e-08 1.32799746666024e-07 5.39782604336292e-07 1.31974029833337e-06 3.01556824678917e-06 2.14732929039507e-05 9.52399383095326e-05 5.9735689584095e-05 1.44476589867382e-05 4.40938333667873e-07 4.46662845376977e-08 1.65581195687992e-07 4.07374933786286e-08 1.72473701809395e-07 1.85864237778333e-08 2.21832689106805e-08 2.13489297351543e-08 3.62211608262442e-08 1.08390338482423e-07 1.20470581066456e-08 1.09642899204232e-08 1.0972912178886e-08 2.14209606497207e-08 2.16239250505623e-08 3.09585168167814e-08 2.37388924517745e-08 2.76445319968843e-08 4.36694698180418e-08 7.79118936407031e-06 0.000336305997410269 0.000568488939460576 0.000264049010044831 7.34318247850752e-05 0.000125722929806216 7.36710109313643e-05 4.08686178235196e-05 1.9816160602204e-06 2.43875419982942e-06 2.2988389465961e-05
2.28891591177893e-05 9.23438055906445e-06 1.77487909240881e-06 4.45897783021287e-06 1.28712169811251e-08 4.81036179778016e-09 1.33908685029382e-08 9.65007593833889e-09 2.55313985064731e-08 8.43060860233891e-08 2.11200267585809e-07 1.11438632188765e-07 8.65389566550912e-05 0.00356771731790769 0.00176866571397322 2.54154313097388e-06 0.00105015099409631 0.000552397585422182 0.000391234796415185 3.36984159730491e-05 3.37696267251886e-06 5.16203244842473e-06 7.67178744354169e-07 4.81909253835511e-08 1.60377599200956e-08 3.00619490190002e-08 2.84325203381286e-08 6.90561464011807e-08 3.14110685906144e-08 1.30570898093652e-08 3.85848672124212e-08 2.57363932831822e-08 2.48740356312283e-08 6.72184455652314e-07 8.02724446202774e-07 3.95746455978951e-06 1.20866276120069e-05 1.89692568710598e-06 4.28747807745822e-07 5.34718397830147e-05 0.000202005181073162 1.28913126218322e-07 3.1917775089596e-09 8.13431411117449e-10
4.42157265495569e-06 0.00043095722537998 1.64250207490113e-05 6.80899006511027e-07 2.66947415851204e-06 2.28407784885754e-06 7.1042977651814e-07 2.50110082333776e-07 2.06568891769621e-08 3.64188203150206e-08 1.1851176395794e-08 4.56774941994809e-06 0.000889734433590417 0.000899741367918272 0.000236502432848984 0.000327290741176045 0.00438304941987953 3.81886633574746e-06 0.000110249634490323 2.97154004351152e-05 5.65263198950561e-06 0.000267015679590699 1.55050698595005e-05 4.73905799935892e-07 3.32516549406137e-07 4.46753759320018e-08 2.67246932139642e-08 1.66808234780547e-08 1.60054110409646e-08 8.94941134532701e-09 4.214178019879e-08 1.70118362063931e-08 2.25602498460375e-08 2.86064846477529e-08 1.7194186874292e-08 2.89565228683841e-08 1.47323567034618e-07 2.46999820774363e-06 5.60231120516619e-07 9.93487037703744e-06 0.000232074494092305 2.08262207479493e-07 2.37025608029739e-09 8.51567039106271e-11
5.32145568286069e-06 6.99236205036868e-05 0.000239385611373744 7.95732410097116e-07 3.67820695146293e-07 2.82778247949755e-06 3.09783024755594e-06 1.17237069616749e-06 4.248879804436e-07 6.7713630187427e-07 1.84589353580122e-07 3.65900039156486e-09 1.64389552992361e-07 3.65011946001914e-08 1.69789469081083e-05 6.00549390128435e-07 0.000237301397409828 0.000669490030125408 1.71060656953492e-05 2.85938920114859e-06 3.58613320372569e-08 3.41130635206355e-06 9.77046636307932e-07 1.29552147427603e-06 3.68070539025211e-07 8.2479645335809e-09 6.92293804505084e-09 8.55642436903281e-09 8.91757334642307e-09 8.06613780213183e-09 1.03896844905194e-08 1.2860715514762e-08 1.03239806037436e-08 1.13309164717634e-08 1.17933504739653e-08 1.46412165946685e-08 1.04247435572802e-08 6.33274595429611e-08 3.11621436139831e-06 2.80486205989083e-05 0.000144058948423065 1.45430539034153e-05 9.69641170911473e-08 5.60931179283131e-10
1.87007942464845e-09 1.01833402155194e-08 3.51675005560992e-08 6.03395173826016e-09 8.89943514437164e-09 8.45694927420482e-09 1.68849791037928e-08 5.6947881432734e-08 1.95024193772042e-07 1.31810018899614e-08 7.5542925248584e-10 9.2640477511452e-10 3.38006493905141e-09 4.41645550353087e-08 6.76535712784698e-08 1.25416626133301e-06 1.0029734064898e-05 1.42453717020485e-05 3.5576427126216e-05 8.23758296984001e-05 4.1016058276e-06 7.12333940100507e-07 6.45894544959447e-08 4.90566995914321e-09 4.92288911857486e-09 6.02238570124314e-09 6.50566729376578e-09 1.00473263486833e-08 8.26812993182102e-08 8.06591629043396e-08 2.18975166887958e-08 4.90665300389992e-08 9.70551354839699e-09 7.90045540099982e-09 9.6405889493667e-09 9.02271599656501e-09 3.04732850509026e-08 7.9689726817378e-07 8.79274657563656e-06 8.99280347749221e-06 0.000218475688553854 4.16371829519147e-06 2.90745230557832e-08 1.17240234942528e-07
1.32252647944142e-08 2.02891561329466e-09 3.18815667199601e-09 5.58346946455401e-10 7.26967982700444e-08 5.61875712623561e-10 5.73851921537027e-10 1.33584757122662e-07 8.65105309610925e-10 1.13541703816722e-09 9.81148606804538e-10 1.23887766712016e-09 1.46320080496309e-09 2.39954868419545e-08 2.93864282241429e-08 2.13832882423048e-07 1.64821744874644e-05 2.37232299906687e-05 9.11949473447748e-06 7.40760356165993e-07 6.48380648726743e-07 5.24517737687802e-08 4.04235995787872e-09 7.40735686122207e-09 2.88179592189408e-08 1.05733581889922e-08 4.38071261044115e-08 7.47177637094865e-08 2.27655471007893e-07 1.86706444083029e-07 1.13647516286619e-07 4.18991589867801e-07 4.58499215483243e-08 9.32331651881668e-09 5.70013556355775e-09 1.84591748109142e-08 6.37063379826941e-08 7.09486741357068e-08 3.8686781067554e-08 1.2525998727142e-07 2.29570613555552e-05 3.54654521288467e-06 4.61497727144433e-08 4.29530004453227e-08
6.61257547108107e-05 3.87930199963193e-08 1.69316656695173e-08 9.66622737408329e-10 7.09481939864531e-10 8.87966788987171e-10 1.70289560230685e-09 1.02207600605198e-08 4.92218257264199e-09 3.60655675990529e-08 2.39103400190288e-07 8.41397564954605e-09 1.48054848381207e-09 1.99567027792114e-08 2.18220634451427e-08 1.76950384229713e-06 6.88600459852751e-07 7.83927403062989e-06 2.87328914059581e-05 3.92769042264263e-05 1.35843828275028e-07 4.41360737113428e-07 2.59342580193334e-06 8.9033731498489e-09 3.40286341327101e-08 1.85484577031048e-08 2.08554382652437e-08 2.02412469008095e-08 7.99219122882278e-08 2.50794886369476e-07 1.00459237728501e-07 3.8899369428691e-06 1.01316294603748e-05 1.49357485952351e-06 5.12105515326766e-08 2.4945546428512e-08 2.21067750771908e-08 1.21601553360051e-07 5.92126525589265e-08 1.71137401139276e-07 4.12357863410762e-08 1.8214438114228e-06 9.16383728508663e-06 4.08581718147616e-07
3.84513700879552e-09 3.26463398536703e-09 4.11159760460578e-07 2.09757723723669e-07 1.98987272597151e-05 7.89021288483127e-07 2.95033700581371e-08 2.26411080994637e-09 1.86123538803429e-09 4.55210425798214e-08 8.66210498884357e-09 7.55296696297592e-08 2.3459298574835e-07 2.55621198874678e-08 2.40779551852199e-09 5.65029409926865e-09 5.16371994763176e-07 3.27300373692552e-06 3.14409537168103e-05 3.85474653512574e-06 9.84497637546156e-06 1.57802679723318e-06 1.33565617943532e-06 4.55557415079966e-07 4.23862800857933e-08 2.07482946734672e-07 4.21368065417482e-07 4.94483813895386e-08 1.396259278863e-07 1.44249308959843e-06 1.55168658238836e-05 0.00300821560778572 0.000537894574408182 6.24837612656082e-06 1.00918791190452e-07 1.52341868897565e-08 9.41971389778473e-09 1.07566112461654e-08 2.75197102439506e-08 9.85368302508505e-08 6.33144807693498e-08 5.62290529160236e-07 1.30242920022283e-06 3.79780594812473e-06
6.32740242423324e-09 2.07824868425632e-12 2.58048110879372e-08 7.29450221115258e-07 0.000136407263016736 0.000150163729540509 4.81899666738173e-05 8.75808972011782e-09 1.97392440171029e-09 1.8319251005039e-09 5.99222067521055e-09 2.57462513530982e-09 3.0069501111285e-09 1.51804499637365e-08 4.87091655898553e-09 6.02219767387169e-09 6.024759802159e-09 1.86693485204614e-07 6.84463220750331e-06 0.000178149596085686 0.00218765471654458 0.00762429493042095 0.00199895883844107 0.000548975233896332 0.000505998380424688 0.00018068329302755 6.24013354236341e-05 1.69120316140914e-05 9.33559977056575e-06 3.03109982270344e-06 0.000601949502422028 0.00168838293564262 3.01821069115249e-06 2.76685199196436e-07 1.3567394319125e-07 1.93290436101279e-08 1.39651785246997e-08 1.16929992799442e-08 1.92113446928488e-08 8.17163169131163e-08 9.61843671376528e-10 2.51601239842358e-09 2.94493759378511e-09 8.75165557800983e-09
6.54976224723214e-07 1.51054425856501e-08 5.26416696899901e-09 1.04754108178895e-06 6.82660656821099e-05 2.27825240472157e-05 5.11244701328906e-07 1.63517125173485e-08 3.41546209092769e-09 5.63022183541761e-08 1.5979978940095e-08 9.11971351769125e-09 2.31470874467732e-08 1.58654424353699e-07 5.80536454890535e-06 0.000174709527891537 0.000222337878221879 0.0011759968287719 0.000567180965299485 0.000974143984376441 0.000450736433437404 0.000270411419458327 0.000294376192538504 1.04804349120968e-05 3.40958834499361e-07 1.66984537308679e-11 3.40146078769976e-07 1.0856729559805e-08 5.73787536950476e-07 0.000242686177611517 0.00389184008049633 0.00117914070704033 9.21870687428106e-06 1.3936335381004e-05 1.73026514858066e-06 6.22563618435379e-09 4.39851675082536e-09 4.96035017505392e-09 1.57504951303622e-08 5.59109576414585e-09 1.91486102529836e-09 3.93981169910518e-10 3.5171865420125e-14 -9999
1.39966089829358e-09 6.42364317293698e-10 3.16933572719336e-08 8.83511646032953e-05 6.83601076161722e-05 0.00021860222077521 2.17663759485731e-05 0.00039569587133883 2.60992337189236e-05 7.59894363000058e-05 6.4174390718108e-05 2.86206049167959e-05 0.000569548151094867 0.000975574834274195 0.00186078476410246 0.000634117429746783 0.000260242909709885 0.00049973206833881 7.24716951481241e-05 6.14790195641035e-07 2.70240830957391e-07 4.64076123307677e-07 4.4312438873817e-08 2.17157947179913e-09 8.44614211903405e-10 7.11029268796182e-10 1.64102029742708e-09 1.82002792836755e-09 0.000149598057032563 0.00033860382768377 0.000813857554865516 0.000674225618400237 3.69576886441791e-05 4.52377671535942e-06 6.17656849044579e-07 1.62888559884777e-07 4.30380966420785e-09 9.81066428096256e-09 3.64416230524967e-10 2.19934526146659e-10 2.8050209932573e-10 6.83480605445652e-11 -9999 -9999
