Maxent_result_files_2/B_cingulatus_2.asc
NCOLS 594 
NROWS 330 
XLLCORNER -15 
YLLCORNER 23 
CELLSIZE 0.166666666666667 
NODATA_value -9999 
[rows 160 to 179 of 330, columns 528 to 571 of 594]
1.39936476443836e-05 1.36469575409137e-05 1.15930786705576e-05 6.52983840154775e-06 8.58830135257449e-06 1.75899251189549e-05 1.45979331136914e-05 1.46613010656438e-05 1.41814798553241e-05 1.70954945133417e-05 1.56624570081476e-05 1.44619638376753e-05 1.27071754832286e-05 1.11626510260976e-05 9.60270508585381e-06 9.57710135480738e-06 9.24901123653399e-06 8.58366975080571e-06 7.65969716667314e-06 5.95362325839233e-06 5.44587278454856e-06 5.34544142283266e-06 5.15962842655426e-06 4.76624149996496e-06 4.48486484856403e-06 3.91446806133899e-06 3.77476553694578e-06 3.89116862606898e-06 1.38142069090463e-06 1.57240630187516e-06 1.26250278071893e-06 4.38316060353827e-06 4.48383184448176e-06 5.17065659551008e-06 5.85856387260719e-06 5.87643453400233e-06 6.03845664954861e-06 7.06937335053226e-06 9.3410423687601e-06 1.07655075225921e-05 3.37177834808244e-06 2.52756678946753e-06 5.62293087568833e-05 0.000108815487328684
1.30995143990731e-05 9.34745203267084e-06 2.22705350097385e-05 6.4609609580657e-06 2.40092136664316e-05 1.84963779247482e-05 1.64646196935792e-05 1.7061230391846e-05 1.58148319314932e-05 1.76007737536565e-05 1.4105549598753e-05 1.1683271441143e-05 1.12447171886743e-05 1.0649345767888e-05 1.08400488898042e-05 9.67067044257419e-06 8.74219713296043e-06 9.66535426414339e-06 7.7316707574937e-06 7.1454353928857e-06 6.65409097564407e-06 6.76256186125102e-06 6.31310554126685e-06 6.29221444796713e-06 6.00224448135123e-06 5.34677774339798e-06 4.84082820548792e-06 4.87039624204044e-06 4.15164613514207e-06 3.77317733182281e-06 1.5216263932416e-06 3.88641201425344e-06 4.07526945309655e-06 4.33139534834481e-06 5.24075439898297e-06 5.94361922594544e-06 4.99548432344454e-06 4.32011361226614e-06 2.10841352782154e-05 2.18094914089306e-05 1.8416370403429e-05 3.32520805386594e-05 0.000776000053156167 3.38103367539588e-05
7.6182079510545e-06 8.29523285119649e-06 8.5410913470696e-06 9.06821001080971e-06 2.09822723263642e-05 1.58563727381988e-05 1.58788427143008e-05 1.92511157365516e-05 2.59352902503451e-05 2.34913732128916e-05 1.81057508598315e-05 1.47626933539868e-05 1.65644149092259e-05 1.76819035914377e-05 1.70852630617446e-05 7.81316311986302e-06 1.20149034046335e-05 1.63159644216648e-05 1.23364585306263e-05 9.04470807654434e-06 7.87495682743611e-06 8.05542258603964e-06 7.91154798207572e-06 7.73569181546918e-06 8.04260716904537e-06 6.02820650783542e-06 5.08438774886599e-06 5.32253834535368e-06 4.55221306765452e-06 4.24057425334468e-06 3.63677509085392e-06 3.85180037483224e-06 3.5544311913327e-06 4.16853290516883e-06 5.09442165821383e-06 5.43681398994522e-06 2.71378519755672e-05 1.46897483318753e-05 4.15613190853037e-05 0.000111416263098363 0.00102557529462501 7.65955148381181e-05 1.94620453839889e-05 4.15389007457634e-06
1.13676922410377e-05 1.37791830638889e-05 8.48751974444895e-06 2.10435917324503e-05 1.98228904991993e-05 1.81509796675527e-05 1.8043487216346e-05 1.9085721760348e-05 2.06844781132531e-05 2.18304305235506e-05 1.89654105270165e-05 1.59132703629439e-05 1.92803803656716e-05 2.55782120802905e-05 3.06632544379681e-05 1.43842603392841e-05 8.01861854142771e-06 2.08386420126772e-05 1.572077471792e-05 1.24517118820222e-05 1.07503489743976e-05 1.25708702398697e-05 1.45403311762493e-05 9.20320098884986e-06 1.04362889032927e-05 8.33095027701347e-06 6.93222200425225e-06 7.64819469623035e-06 7.92473529145354e-06 5.8322676068201e-06 4.76820164294622e-06 4.34931166637398e-06 3.56958369138738e-06 4.07067773267045e-06 2.07622040761635e-05 0.00010440711848787 0.000210658249852713 1.44777104651439e-05 1.90515491340193e-05 3.09798455418786e-05 0.000287293741712347 0.000329269026406109 2.37283815295086e-05 2.2731460489922e-06
1.42742036132404e-05 1.2878979123343e-05 2.37183794524753e-05 7.03973314557516e-06 1.42688561027171e-05 2.27611730224453e-05 2.53742615313968e-05 2.29745637625456e-05 2.52317597187357e-05 2.65298040176276e-05 2.23889124754351e-05 2.15070522244787e-05 7.50066535601945e-06 2.22323749767384e-05 2.64660222455859e-05 2.69424868747592e-05 3.60275960701983e-05 3.15413417411037e-05 2.66325539996615e-05 2.14353160117753e-05 1.66526117027388e-05 1.23013314805576e-05 1.30123220515088e-05 1.02954852991388e-05 9.46653099163086e-06 1.16387015623332e-05 9.09751224753563e-06 7.9749089309189e-06 6.26850182925409e-06 5.67979832339915e-06 4.46816502517322e-06 3.91461489925859e-06 4.2122447212023e-06 4.04830793740985e-06 3.69768918062618e-06 3.69539450275624e-06 3.99215077777626e-06 4.6301491693157e-06 4.59242864963016e-06 1.50624680827605e-05 2.40089817452827e-05 2.55628365266602e-05 1.24076338124723e-05 3.40242186211981e-05
1.39637963002315e-05 1.0027404914581e-05 1.00277025921969e-05 2.17044562305091e-05 2.328272566956e-05 2.51506287895609e-05 2.84952297079144e-05 1.06905273241864e-05 1.6207459520956e-05 3.71727157471469e-05 4.20894677517936e-05 6.1382885905914e-05 4.87058467115276e-05 3.03998840536224e-05 4.1254948155256e-05 3.86137257009977e-05 4.43623051978648e-05 5.68180650589056e-05 6.05261251621414e-05 6.470621083281e-05 3.96299095882568e-05 1.94133277545916e-05 1.63530405188794e-05 1.53856801262009e-05 1.29649328300729e-05 1.18637505693187e-05 1.12149960841634e-05 9.36245824050275e-06 7.15867472536047e-06 6.69833625579486e-06 6.67434187562321e-06 5.93609756833757e-06 5.274148998069e-06 4.5946990212542e-06 4.06811350330827e-06 4.00890567107126e-06 4.28910316259135e-06 5.04579388689308e-06 5.75603226025123e-06 5.91020962019684e-06 2.22753715206636e-06 9.36000890305877e-07 9.20568261335575e-06 0.000148669922782574
1.6438197781099e-05 3.39143796736607e-05 1.20862952371681e-05 2.2992601225269e-05 1.93036566997762e-05 2.05162676138571e-05 2.88759216346079e-05 4.04094294935931e-05 4.84393211081624e-05 4.05073089496e-05 5.82059932639822e-05 8.59425737871788e-05 7.3293547029607e-05 3.3103907117038e-05 2.08128825761378e-05 4.22969576902688e-05 7.70114420447499e-05 6.50488196697552e-05 5.91663949307986e-05 4.37538859841879e-05 4.19011565099936e-05 2.46929048444144e-05 2.65102498815395e-05 3.0572371542803e-05 4.20714619394857e-05 2.5148853455903e-05 1.63592663739109e-05 1.22729594295379e-05 1.06099705590168e-05 1.2563714699354e-05 1.01834442830295e-05 8.1907454841712e-06 6.35047435935121e-06 5.86107516937773e-06 5.4822721722303e-06 4.56870639027329e-06 4.38828819824266e-06 4.26847236667527e-06 6.50188621875714e-06 1.33656340040034e-05 1.18538446258754e-05 8.20992481749272e-06 8.20762043076684e-06 8.16168831079267e-06
3.19850048981607e-05 2.36694897466805e-05 3.15881279675523e-05 2.61592576862313e-05 2.47692965785973e-05 2.06732491278672e-05 3.01016250887187e-05 2.85335827356903e-05 3.53517036273843e-05 2.86502843664493e-05 2.7421151753515e-05 3.16451398248319e-05 3.71634105249541e-05 3.86615614843322e-05 4.22665092628449e-05 3.20855015161214e-05 3.3347432690789e-05 2.05836986424401e-05 5.77456354221795e-05 4.98496330692433e-05 3.15308581775753e-05 3.51168062479701e-05 5.4297787573887e-05 7.18837400199845e-05 5.75171732634772e-05 6.17128731391858e-05 4.0107942186296e-05 1.92258710740134e-05 1.27284045447595e-05 1.54753963215626e-05 1.34682299176347e-05 1.15386646029947e-05 1.02961111224431e-05 8.0616952800483e-06 8.36694562167395e-06 5.99478630647354e-06 4.98053736919246e-06 4.44253955720342e-06 5.21345964443753e-06 6.5070018536062e-06 8.6180496509769e-06 6.82987474647234e-06 1.01729465313838e-05 1.44542509588064e-05
0.000422250345582142 0.000156025547767058 5.57214560103603e-05 3.38142173859524e-05 3.12495718389982e-05 2.80210948403692e-05 1.74739623616915e-05 1.67969770700438e-05 1.92487354070181e-05 2.40169838434667e-05 3.70932899386389e-05 4.27307706559077e-05 2.87012157059507e-05 2.14566876820754e-05 3.38904141244711e-05 3.44166823197156e-05 2.12068582186475e-05 2.93028962914832e-05 5.09036624862347e-05 4.94430139951874e-05 3.11087096633855e-05 5.65349837415852e-05 5.35537437826861e-05 7.12236076651607e-05 6.01691397605464e-05 6.49917630653363e-05 7.81955401180312e-05 2.91755972284591e-05 1.64431165103451e-05 1.71113499163766e-05 2.49599488597596e-05 1.80680926860077e-05 1.37475817609811e-05 1.07611366729543e-05 7.72834700910607e-06 6.1493433349824e-06 6.39237200630305e-06 6.94928348821122e-06 6.58954036225623e-06 7.01282060617814e-06 6.545952101078e-06 9.28878316699411e-06 1.21722864605545e-05 1.51508613271289e-05
9.08651054487564e-05 6.268801735132e-05 1.76736550201895e-05 4.68998558062594e-05 4.50222451036097e-05 3.27205871144542e-05 2.79469531960785e-05 2.38221742620226e-05 1.84978382094414e-05 2.32523974773358e-05 2.2768846793042e-05 2.50374634561012e-05 1.88589961908292e-05 3.7291649641702e-05 4.20305852458114e-05 5.36624880624004e-05 5.30702898686286e-05 2.41455722061801e-05 6.92655579769053e-05 4.53167980595026e-05 2.20359379454749e-05 6.72943926474545e-05 8.24955583084375e-05 6.67969208734576e-05 4.62252886791248e-05 4.16864517319482e-05 3.55518703145208e-05 2.45268474827753e-05 2.70966123935068e-05 2.71941193204839e-05 4.17622883105651e-05 1.45469581184443e-05 1.0638487583492e-05 8.96856818144443e-06 8.0367062764708e-06 8.63419618326588e-06 7.24168721717433e-06 8.29572809379897e-06 8.39156864458346e-06 1.1056414587074e-05 1.02290663562599e-05 1.06798954220721e-05 1.27669696666999e-05 1.51960287439579e-05
7.46475263440516e-05 7.0294484612532e-05 7.4461854819674e-05 6.41382925095968e-05 5.1259137399029e-05 2.19762308006466e-05 1.71619268257928e-05 2.23906823521247e-05 2.55302045843564e-05 4.61928444565274e-05 4.40600022557192e-05 5.66107511986047e-05 4.97233595524449e-05 8.08037890237756e-05 0.000141808431362733 0.000143735352321528 0.000117517777835019 8.89271075720899e-05 0.000134275262826122 0.000112924039422069 6.26961271336768e-05 3.52914936229354e-05 6.77838157571386e-05 6.9453153264476e-05 6.43639854388312e-05 6.84436003211886e-05 6.1609320982825e-05 3.83043701731367e-05 3.06989950331626e-05 2.15360852962476e-05 1.75914941792143e-05 1.41392372825067e-05 1.15430204459699e-05 1.05855413494282e-05 9.33658029680373e-06 1.02723128293292e-05 1.25436346934293e-05 1.55623816681327e-05 1.26666147480137e-05 1.37973973323824e-05 1.5433388762176e-05 1.58782275320846e-05 1.90695118362783e-05 2.00223112187814e-05
8.04307099315338e-05 0.000119416919187643 4.25918276960147e-05 0.00010924579546554 0.000113919969589915 6.01883490162436e-05 3.22046125802444e-05 4.06617546104826e-05 5.36813407961745e-05 6.03520304139238e-05 0.000108892130083404 7.03230958606582e-05 2.13926640753925e-05 0.000110497232526541 0.000987209705635905 0.000222114837379195 0.000137378741055727 8.93463438842446e-05 0.000151851490954868 0.000170867834822275 0.000206232603522949 6.10710230830591e-05 5.68812356505077e-05 7.2726295911707e-05 9.42071506869979e-05 9.69431770499796e-05 6.41223683487624e-05 5.50247059436515e-05 4.61573166830931e-05 3.12394829961704e-05 3.04362012684578e-05 3.14382537908386e-05 1.89290745765902e-05 1.42579519888386e-05 1.20408152724849e-05 1.4633487444371e-05 1.65075591212371e-05 3.32766216160962e-05 1.88969250302762e-05 1.51947253471008e-05 1.93210245925002e-05 1.93409001440159e-05 2.46546953349025e-05 3.35496104526101e-05
7.66368117183447e-05 9.66200241236947e-05 3.08147566101979e-05 7.10042993887328e-05 0.000101661805820186 3.13609756631195e-05 4.26668422733201e-05 5.04856121551711e-05 7.66064200433902e-05 0.000105340545997024 7.23684734111885e-05 0.000153353667701595 0.000127457283088006 6.95997616276145e-05 6.4736915010144e-05 3.83823346055578e-05 8.3933772839373e-05 8.93178599653766e-05 0.000142404564394383 0.000264827706268989 0.000144041844760068 4.14529211411718e-05 4.80558028357336e-05 8.99918843060732e-05 0.000106311772833578 0.000176382705103606 0.000137894396902993 6.48348090180662e-05 7.38720074878074e-05 4.64413256850094e-05 5.01557522511575e-05 3.45031767210457e-05 4.26479418820236e-05 3.95345294236904e-05 2.29527639021399e-05 1.84100650585606e-05 1.85053180757677e-05 2.24113209696952e-05 2.24107192480005e-05 2.84576872218167e-05 2.26150950766169e-05 2.50562139626709e-05 3.3064722083509e-05 3.95783808926353e-05
0.000181200653605629 0.000212071652640589 5.43771806405857e-05 3.87897482141852e-05 4.30323536420474e-05 7.84517716965638e-05 8.49070842377842e-05 8.89744071173482e-05 8.12557351309806e-05 9.53534326981753e-05 4.88317768031266e-05 0.000114005761861335 6.40993835986592e-05 6.51915281196125e-05 9.73483882262371e-05 0.000181379215791821 9.77283372776583e-05 4.92713501444086e-05 9.56470612436533e-05 0.00012189045373816 0.000190277025103569 4.03134406951722e-05 2.95216286758659e-05 6.97014183970168e-05 5.06501928612124e-05 4.64095264760545e-05 4.09276432037586e-05 2.6138352950511e-05 4.32348770118551e-05 4.93796716909856e-05 5.46664057765156e-05 9.5333564968314e-05 8.14165774499997e-05 8.81589687196538e-05 0.000116989329399075 5.95659861573949e-05 2.75973303359933e-05 2.21003667320474e-05 2.41677429585252e-05 3.51249454979552e-05 2.23972419917118e-05 2.91783075226704e-05 6.83508435031399e-05 6.81440455082338e-05
0.000200173605117016 9.99126234091818e-05 4.82779178128112e-05 3.52669914718717e-05 6.87279607518576e-05 8.64456560520921e-05 0.000107747978472617 0.000137105247995351 0.000127423185040243 0.000195584827451967 0.000140930386260152 0.000249083578819409 0.000252860967884772 7.48462036426645e-05 8.20391112938523e-05 3.25717617670307e-05 0.000109081111440901 0.000103987580223475 0.000202766340225935 0.000120553895249031 0.000102447703829966 1.95372200323618e-05 1.59345594511251e-05 4.81171453429852e-05 6.95972208632156e-05 3.11231193336425e-05 2.43061569562997e-05 1.23342815641081e-05 1.08669418295904e-05 1.25232408208831e-05 2.642432700668e-05 2.73960942649865e-05 7.65013144700788e-05 8.74309393111616e-05 7.35464469471481e-05 0.000208922440651804 0.000128432788187638 4.90748188894941e-05 2.43447826505872e-05 2.66511988229468e-05 2.63426096353214e-05 3.05348590700305e-05 4.68606500362512e-05 7.55669985665008e-05
0.000167305956711061 0.000140284981171135 6.21626182692125e-05 2.73029867457808e-05 2.95267189358128e-05 5.13451159349643e-05 7.81576258304995e-05 5.33011960214935e-05 0.000111035970621742 7.94164989201818e-05 4.16047831095057e-05 7.26380239939317e-05 8.34487960673869e-05 2.67286279267864e-05 6.46071253868286e-05 7.39965471439064e-05 0.000118571768689435 0.000107341945113149 0.000108971909503452 4.58742961200187e-05 6.66603024001233e-05 1.06650395537145e-05 9.25503818507423e-06 3.14058492222102e-05 3.79688772227382e-05 2.03322691959329e-05 1.48000552144367e-05 1.43005691825238e-05 1.48111843373044e-05 1.47485629895527e-05 1.95462229385157e-05 2.8683234086202e-05 3.89442986488575e-05 5.55272104975302e-05 9.63426609814633e-05 0.000141444867767859 0.000184729055035859 0.000189022676204331 7.97153734310996e-05 3.07402013277169e-05 2.97624659651774e-05 3.22914158459753e-05 5.75549056520686e-05 8.26081355626229e-05
0.00011018726072507 4.14123769587604e-05 6.1440960780601e-05 6.77373944199644e-05 6.49316840281244e-05 4.23279561800882e-05 4.60390376247233e-05 0.000108659773832187 8.87464848347008e-05 2.83884339296492e-05 1.91316814380116e-05 3.21909185004188e-05 1.61381796715432e-05 8.48614785354585e-05 9.5769994368311e-05 1.78868813236477e-05 1.50678146383143e-05 2.40990053498535e-05 1.82577125087846e-05 1.67802108990145e-05 1.80667571839876e-05 7.10985614205129e-06 1.05990858173755e-05 2.07215789487236e-05 1.8319768969377e-05 1.10626608147868e-05 1.12914642159012e-05 1.34727332806506e-05 2.30689323871047e-05 3.16699512040941e-05 3.99191478209104e-05 4.30802152550314e-05 5.19406865350902e-05 5.78474711801391e-05 5.94102457398549e-05 0.000113728802534752 0.000121664798643906 0.000169697079400066 0.000272997817955911 0.000130712136160582 6.00005274463911e-05 4.39875428128289e-05 5.19677632837556e-05 9.26466251257807e-05
2.60682068983442e-05 2.34926434131921e-05 4.33590099419234e-05 6.67024723952636e-05 6.93195703206584e-05 9.62487276410684e-05 6.61869897157885e-05 9.67442450928502e-05 5.54692698642612e-05 4.2632844633772e-05 1.13541299469944e-05 7.4148446401523e-06 2.03780755327898e-05 8.46531373099424e-05 0.000221376790432259 0.000151220694533549 4.51813990366645e-05 1.12890733362292e-05 9.74461727309972e-06 1.12303140667791e-05 7.67057345001376e-06 1.17078589028097e-05 2.20650103074149e-05 1.50537188346789e-05 1.02845090623305e-05 9.86656768873218e-06 1.35791753564263e-05 1.4988693419582e-05 1.56292379870138e-05 1.7344859043078e-05 1.62536946845648e-05 2.19755222133244e-05 3.09716244373703e-05 3.53853192791576e-05 2.34292952882242e-05 5.09911144035868e-05 0.000125085888430476 0.000157445501827169 0.000235337935737334 0.000280429169652052 0.000119492251542397 6.56616328342352e-05 4.49767976533622e-05 5.81155458348803e-05
2.6631118998921e-05 3.16276569719776e-05 4.23619672801578e-05 3.36010818500654e-05 2.73821378868888e-05 2.81297709079809e-05 3.64687453838997e-05 5.22428374097217e-05 3.2249993091682e-05 1.95246575458441e-05 2.13119104955695e-05 6.73057375024655e-06 7.49146583984839e-06 1.17335215691128e-05 3.50254245859105e-05 2.42959707975388e-05 1.68031006978708e-05 7.14346506356378e-06 4.33122768299654e-06 4.86622047901619e-06 5.71267928535235e-06 1.52737489770516e-05 4.9020153528545e-05 2.82413002423709e-05 2.96166173939127e-05 2.56690402238746e-05 1.53041041812685e-05 1.45740385050885e-05 1.66027044542716e-05 1.43903552270785e-05 1.68576361829764e-05 2.66259361524135e-05 2.3178518313216e-05 3.25036002323031e-05 4.74616441351827e-05 5.10882207890972e-05 7.88057979661971e-05 0.000106561092252377 0.000164747740200255 0.000372635561507195 0.000422282080398873 0.000186841760296375 6.35920034255832e-05 3.92858448321931e-05
4.76221277494915e-05 7.08614817995112e-05 4.39157647633692e-05 2.3770596999384e-05 1.28887649225362e-05 1.33000307869224e-05 1.545927443658e-05 1.20523179248266e-05 1.21447749734216e-05 1.2171743401268e-05 2.7394195785746e-05 2.7835681612487e-05 1.36900094730663e-05 7.27138572074182e-06 4.44322618022852e-06 8.46525454107905e-06 5.88052639614034e-06 3.26945926190092e-06 3.72371814592043e-06 4.52382032563037e-06 5.43456781088025e-06 1.00865996500943e-05 2.83812718407717e-05 2.28802986384835e-05 4.18808387621539e-05 3.9664004361839e-05 2.61847522779135e-05 1.83271818968933e-05 1.37069232550857e-05 1.43689347169129e-05 1.19362503937737e-05 1.07349856079964e-05 1.46987369589624e-05 1.38654803777172e-05 2.13761077247909e-05 3.59501340426505e-05 4.42453885625582e-05 6.41341539449058e-05 0.000120139049249701 0.000162180734332651 0.000250077570672147 0.000243090774165466 9.30003661778755e-05 4.70206621685065e-05
