Maxent_result_files_2/B_cingulatus_3.asc
NCOLS 594 
NROWS 330 
XLLCORNER -15 
YLLCORNER 23 
CELLSIZE 0.166666666666667 
NODATA_value -9999 
[rows 280 to 299 of 330, columns 88 to 131 of 594]
2.35884735078074e-09 2.43209623551621e-09 1.91909921287703e-09 1.8610043284184e-09 1.95530698299251e-09 1.87400469586763e-09 1.82112461777351e-09 1.6980226225094e-09 1.70248374287141e-09 1.92119177233607e-09 1.98324419109497e-09 1.98979590582127e-09 1.99296603664578e-09 1.95585604378934e-09 1.86004295299469e-09 1.730119203458e-09 1.59442747893479e-09 1.5140558362603e-09 1.43487154380395e-09 1.35467912443232e-09 1.37121132226525e-09 1.22937950930435e-09 1.06358279960972e-09 8.81047723666484e-10 8.94470342238662e-10 7.62489482664108e-10 6.73442324128359e-10 6.01239591446756e-10 5.88526694045299e-10 5.47419287677542e-10 5.78543146723121e-10 5.97576677030531e-10 4.86341433791893e-10 4.48202308600543e-10 4.39799641149818e-10 4.66341154581329e-10 4.25455193298063e-10 3.94889509980345e-10 3.51887918803584e-10 3.24730597967005e-10 3.15223946945054e-10 3.09235870243896e-10 2.91012247632949e-10 2.85826895485286e-10
1.84288881932559e-09 1.903594604169e-09 1.99238042730698e-09 1.8948601576696e-09 1.80140539152163e-09 1.76354657543953e-09 1.7018550013681e-09 1.61459282610466e-09 1.62929928437805e-09 1.816166239621e-09 1.78053015664759e-09 1.81006489796687e-09 1.79795823784801e-09 1.77872477857832e-09 1.7221369774667e-09 1.64010892644839e-09 1.58308864905976e-09 1.51875381160238e-09 1.44931090462208e-09 1.39593111514458e-09 1.47343399703459e-09 1.3722856184728e-09 1.01961049603361e-09 9.66675617330992e-10 8.86952267187269e-10 6.97122015669294e-10 6.17764606136717e-10 5.62034985218673e-10 5.57731283379326e-10 5.16797582506001e-10 5.66818925129553e-10 5.1207128537456e-10 4.55845960978252e-10 4.43344783107591e-10 4.51753878749628e-10 4.55242565866598e-10 4.08507527804858e-10 3.87423426673195e-10 3.55781082372886e-10 3.13514392225045e-10 3.0246252169519e-10 2.92804658297285e-10 2.84891032986678e-10 2.79864920127437e-10
1.59627312479316e-09 1.63923080664929e-09 1.66979723381644e-09 1.6518511114505e-09 1.5196434666187e-09 1.53289347881724e-09 1.48762612228737e-09 1.47758848489943e-09 1.48641755570722e-09 1.55943453705731e-09 1.58422523988122e-09 1.61011346477835e-09 1.65190837675411e-09 1.63012586762434e-09 1.61908176865566e-09 1.58337364331018e-09 1.56659860639508e-09 1.54371059268854e-09 1.48903847030368e-09 2.35140498183739e-09 1.43553424702958e-09 1.16761327273451e-09 1.01616884906619e-09 9.74026659328331e-10 8.81950334985504e-10 6.66733535048536e-10 5.84660664326719e-10 5.3607537298106e-10 5.19766119033704e-10 5.22484777665255e-10 5.45012546204759e-10 4.70219752024548e-10 4.1981625953369e-10 4.33469160565636e-10 4.6040441459283e-10 4.20308343684894e-10 3.974816809027e-10 3.79381803750078e-10 3.60596918991263e-10 3.29409977073425e-10 3.07328451576439e-10 2.84543988371411e-10 2.80793988061134e-10 2.68939415182246e-10
1.38796281135001e-09 1.40484499588922e-09 1.26121373345001e-09 1.33051727413402e-09 1.28600704529802e-09 1.24871079032474e-09 1.17671482557924e-09 1.19124091702005e-09 1.20566815420275e-09 1.30471609072202e-09 1.39017091171922e-09 1.41781431040044e-09 1.47622586377238e-09 1.48606305039323e-09 1.50902369489003e-09 1.52934847008623e-09 1.53545042236303e-09 1.50246900476603e-09 1.44384716405099e-09 1.42033883543391e-09 1.3224123684985e-09 1.11412814529643e-09 1.0544259687606e-09 9.57895396336283e-10 8.04431310452713e-10 6.3826393059685e-10 5.77292569303722e-10 5.24036325444399e-10 5.11857278784333e-10 5.27889920665103e-10 4.99863261893552e-10 4.30284663455183e-10 4.11035294689555e-10 4.61215554636851e-10 4.59857329992985e-10 4.10005196460617e-10 3.88620968738707e-10 3.76290509862542e-10 3.53861784319065e-10 3.38538896915708e-10 3.16969250846455e-10 2.85244095010739e-10 2.72840716686318e-10 2.73865174982291e-10
1.11561722082598e-09 1.09461913977427e-09 1.05131627847754e-09 1.02197714735297e-09 9.79149072932728e-10 9.41609601401439e-10 9.4127737826355e-10 9.87425285980947e-10 1.04794783961637e-09 1.13983373850601e-09 1.21077147197113e-09 1.25123991168152e-09 1.3046908997616e-09 1.30266419873237e-09 1.34190852874028e-09 1.41815827969793e-09 1.43472964619917e-09 1.47324014099226e-09 1.47830659935622e-09 9.01219154858524e-10 1.21008205677953e-09 9.66799362789317e-10 1.10988607193718e-09 9.31907129242404e-10 7.2049205490643e-10 6.10819095303583e-10 5.72347658156502e-10 4.99937624631741e-10 5.04320096794686e-10 4.60916627087471e-10 4.33831115476124e-10 4.04292410660645e-10 4.33631808238744e-10 4.49358139587019e-10 4.41391478922526e-10 4.12716349984521e-10 3.8707562710627e-10 3.64761676419079e-10 3.57860463484627e-10 3.38377359465625e-10 3.32879290798616e-10 2.77263267900452e-10 2.77526990277721e-10 2.75521772064025e-10
8.51913817268013e-10 8.55702697588612e-10 8.21306478382411e-10 7.94670818038412e-10 7.92539345262355e-10 7.80991549209631e-10 7.96746735254317e-10 8.64511284781599e-10 9.09513231395209e-10 9.4722950594317e-10 1.00586097229183e-09 1.04715878190831e-09 1.07081506994788e-09 1.09937198233823e-09 1.11393692048267e-09 1.17985103909035e-09 1.22595434914885e-09 1.33068573937578e-09 1.31859829721748e-09 1.20932925895545e-09 1.02033227422638e-09 8.84830542169368e-10 1.10898935590242e-09 8.90044549173297e-10 6.65907795571741e-10 6.06317962503766e-10 5.16511622361548e-10 4.81441775335156e-10 4.65963356788279e-10 4.28957613873848e-10 3.93883947680251e-10 4.27965196614366e-10 4.34786651126728e-10 4.36680935855804e-10 4.28463531321199e-10 4.09943790025125e-10 3.79302567132811e-10 3.50314555142006e-10 3.5417084820466e-10 3.33588145995378e-10 3.08225955869545e-10 2.93156243724724e-10 2.82538914486707e-10 2.74729339277968e-10
6.55666687610079e-10 6.40289099518299e-10 6.23584994752235e-10 6.26855611862709e-10 6.2702789627167e-10 6.27877239089969e-10 6.71754174508266e-10 6.85398915400981e-10 7.10544134641111e-10 7.45683503833305e-10 7.86606624281205e-10 8.16153822302823e-10 8.54852133524986e-10 8.88772733187437e-10 9.15258147049514e-10 9.60649160219873e-10 1.03045514343592e-09 1.11535416458253e-09 1.32828575916122e-09 1.05224620128297e-09 8.59166671141054e-10 8.29486124231948e-10 9.42393985070567e-10 7.93097987283886e-10 6.86976897590341e-10 6.15830419992136e-10 5.44991629602976e-10 4.88048479407865e-10 4.30109969862258e-10 4.28753643699764e-10 4.46250714158936e-10 4.37706515477032e-10 4.04651778751486e-10 3.83622622557311e-10 3.61609342469649e-10 3.64515873041427e-10 3.53776108408255e-10 3.39634020907198e-10 3.40026240497338e-10 3.31292671074124e-10 3.18516402142421e-10 2.89034440825731e-10 2.85040968606154e-10 2.74012934564638e-10
4.86985329839484e-10 4.88663998154948e-10 4.92308727118029e-10 5.03409647301112e-10 5.15964870828611e-10 5.26813093149059e-10 5.34830912890527e-10 5.277121517544e-10 5.65819802123002e-10 5.92645510444356e-10 6.11591099985986e-10 6.17043882655821e-10 6.35253905034716e-10 6.62179400201524e-10 7.11194492186706e-10 7.38746430695159e-10 7.46903083825856e-10 1.06985372783086e-09 1.14011702301298e-09 8.40868386031701e-10 7.67994856598619e-10 9.17854947601882e-10 8.89719387053844e-10 7.85606479869472e-10 6.90926305058071e-10 5.81216441641885e-10 4.96526575410883e-10 4.59473459279991e-10 4.1210854728746e-10 4.30082292002254e-10 4.38736802443884e-10 3.97362309723093e-10 3.48682271944512e-10 3.26491256252837e-10 3.26528115657254e-10 3.35015959418428e-10 3.38551853218405e-10 3.28023586071424e-10 3.28845006780654e-10 3.3044897929102e-10 3.12506398536527e-10 2.9385400779347e-10 2.90386759083106e-10 2.80006540176458e-10
3.90999976840334e-10 3.96790644785483e-10 4.02310296188091e-10 4.07462430462857e-10 4.12896350443503e-10 4.29947200064618e-10 4.185385593658e-10 4.40915948196618e-10 4.42478509388167e-10 4.43201952915473e-10 4.67918370716802e-10 4.87398277293494e-10 5.20223442102008e-10 5.61359614348334e-10 5.54791113049902e-10 8.3178010035212e-10 1.10890099325189e-09 9.94850024582661e-10 7.39833860841088e-10 6.57121257408022e-10 7.73986019719786e-10 8.71798599977325e-10 7.93111321062412e-10 6.89909784856724e-10 6.1444918042497e-10 5.38670186234214e-10 5.04622510444364e-10 4.90465779101612e-10 4.46899850459204e-10 4.16647605305798e-10 3.94610888410085e-10 3.55434082166539e-10 3.30937455217395e-10 3.22764526217156e-10 3.26912830139747e-10 3.3210855177046e-10 3.35991989786066e-10 3.28752725042847e-10 3.26123372751397e-10 3.27146421064128e-10 3.08212044775047e-10 2.98866165149292e-10 2.92995372408456e-10 2.85244838860166e-10
3.35517125193974e-10 3.29391691700209e-10 3.18875148508369e-10 3.12429215831855e-10 2.9843281179609e-10 2.9574077631267e-10 2.87327639458823e-10 3.16862303062493e-10 3.23416504688367e-10 3.66149754960077e-10 3.98280308733234e-10 3.87612375529756e-10 4.14293666040066e-10 4.50490056369546e-10 4.65350302736311e-10 8.43847047793389e-10 8.69661898050822e-10 7.28299609509264e-10 6.14400452736419e-10 6.68238420153955e-10 7.59537133188104e-10 7.6393046333223e-10 6.88660928283014e-10 5.01670971431167e-10 4.88112850138833e-10 5.43115119544524e-10 5.48293199731376e-10 6.2412487400465e-10 4.25603918774442e-10 3.86205345481727e-10 3.51692897027078e-10 3.30875693510535e-10 3.30246929802769e-10 3.22773108241137e-10 3.23156434944849e-10 3.31970295697204e-10 3.39177785857458e-10 3.36090810737488e-10 3.31538929643216e-10 3.26187488131069e-10 2.96766966556561e-10 2.95775826053557e-10 2.88424439887081e-10 2.91613877489993e-10
2.86813717220724e-10 2.66264332804411e-10 2.4680023580359e-10 2.11686679296719e-10 1.92063243087404e-10 2.04535210990286e-10 2.13206907684338e-10 2.65119448616957e-10 2.66491761991006e-10 2.77950384930392e-10 2.73136324668854e-10 3.31548821730365e-10 3.61190843900516e-10 4.13492329265352e-10 6.85974366199105e-10 6.68814958970643e-10 8.27102730749374e-10 6.31575225451542e-10 5.92034143931386e-10 8.45938907811927e-10 7.11525394159196e-10 9.10516795293859e-10 6.50385290068556e-10 4.85740392353051e-10 4.58664484170868e-10 5.42790190571907e-10 5.28885157891068e-10 4.22877965977619e-10 3.52692852700898e-10 3.14111370247616e-10 3.2089861878859e-10 3.20921311747213e-10 3.25618343399725e-10 3.27853699744196e-10 3.28034599483829e-10 3.3560353385198e-10 3.43401673763566e-10 3.44427730780694e-10 3.41207395671006e-10 3.4458216280342e-10 3.02849834099561e-10 3.00133606856434e-10 3.00726388235972e-10 3.03313596461408e-10
2.25820229182716e-10 1.93771698686618e-10 1.64155289361645e-10 1.01199426616461e-10 1.54522117323808e-10 1.84011683668217e-10 2.0003003697866e-10 2.17563811411026e-10 2.07049855038832e-10 2.29674079754716e-10 2.36909236672744e-10 2.47760256755214e-10 4.50346004932101e-10 5.28875032657083e-10 6.45632824980424e-10 5.34507815785901e-10 5.32167321320998e-10 6.17721163109763e-10 6.84481116230984e-10 6.01275551570524e-10 6.15599149433876e-10 7.91816168188575e-10 5.38398003957496e-10 4.8238690819602e-10 5.28839572133677e-10 4.49686199388566e-10 4.93401286494333e-10 4.15413514698315e-10 3.27560056856413e-10 3.10103831502317e-10 2.89782986495624e-10 3.12124537327207e-10 3.33935545882014e-10 3.36805006106999e-10 3.33392291551604e-10 3.43310224693028e-10 3.46481998647619e-10 3.49497097928975e-10 3.59328800048075e-10 3.56919760413632e-10 3.18278559063856e-10 3.06892167234452e-10 3.18644222119246e-10 3.17226622748024e-10
1.71995517828094e-10 1.5747754211759e-10 9.00531871295129e-11 9.98121252315798e-11 1.38157263407379e-10 1.49384904446492e-10 1.54829771226161e-10 1.59086743778403e-10 1.78433390285448e-10 1.87807269735885e-10 2.00962591012654e-10 2.36876462889057e-10 5.00190600050132e-10 5.95150417836976e-10 5.94033522371973e-10 4.53809756439938e-10 4.77562600575965e-10 5.07149777728699e-10 8.03908750679483e-10 5.89851589793966e-10 5.77562653258923e-10 5.63548119281165e-10 5.18907561364301e-10 5.06085517937294e-10 5.24702192805648e-10 4.61069371571199e-10 4.52897874758662e-10 3.64859964463449e-10 3.16014703294343e-10 3.04029845743514e-10 2.72511380128293e-10 2.96682922673597e-10 3.29689076039585e-10 3.35055427846953e-10 3.42921080420666e-10 3.61531593551234e-10 3.5674835308086e-10 3.55468166013395e-10 3.61609953092312e-10 3.60768526164179e-10 3.42222827853789e-10 3.12849313122143e-10 3.24986870747779e-10 3.20556980959452e-10
1.44596479234593e-10 8.83801698492448e-11 5.71915070857187e-11 1.01528441209808e-10 1.29809685223137e-10 1.29855459718442e-10 1.24957910685453e-10 1.27209232037018e-10 1.54102097749131e-10 1.87516568939117e-10 2.06797146073967e-10 3.67024377556646e-10 4.45806935811532e-10 4.29192614781471e-10 3.48324402654754e-10 3.47324402572013e-10 3.60467788951269e-10 5.34243427274816e-10 6.98552959921273e-10 5.76031145005373e-10 6.9757630782874e-10 3.37416783402489e-10 4.34966318518803e-10 4.81338791047392e-10 4.55080306771549e-10 4.06488209758749e-10 4.17061074564629e-10 3.63142371728742e-10 3.13002268548246e-10 2.94490098973199e-10 2.80002454555728e-10 3.04023595187886e-10 3.14452563987544e-10 3.12819148362564e-10 3.24161608666884e-10 3.48046924614209e-10 3.45547124247503e-10 3.5669335263222e-10 3.52462026231848e-10 3.34254246503463e-10 3.44766715176803e-10 3.23065230123376e-10 3.20975768186571e-10 3.15974346687398e-10
9.39207045469459e-11 6.43885944562328e-11 7.25362769848914e-11 1.12355236225881e-10 1.20226528732559e-10 1.47232626090954e-10 9.9876695802692e-11 1.31754740451129e-10 1.81228809736922e-10 2.33302532848256e-10 2.85604573324605e-10 3.69258590371402e-10 3.37994654486806e-10 2.7271052083222e-10 3.03554836822428e-10 3.19717374797079e-10 4.44106185160109e-10 7.59867457844621e-10 5.40907862944806e-10 4.70362593318896e-10 4.48268044905831e-10 5.54544499209442e-10 4.75656580789519e-10 4.83442541554524e-10 4.10537681627687e-10 4.91064744423397e-10 3.74152586690712e-10 4.0132287493222e-10 3.77841957721614e-10 3.24689475306172e-10 2.90830537430509e-10 3.13982750910213e-10 2.95277935435934e-10 3.10280012794095e-10 3.15467485467735e-10 3.42826456112277e-10 3.39459294007582e-10 3.54764995158519e-10 3.46099982007075e-10 3.25233362463706e-10 3.25070059759014e-10 3.18791548714614e-10 3.25911775345133e-10 3.42700523514594e-10
9.66903557220178e-11 9.47513179028192e-11 1.04922670551844e-10 1.1248912912265e-10 7.97594879031749e-11 9.35516331068698e-11 9.60019508333687e-11 1.62334379272266e-10 1.86387960621204e-10 2.08530837042531e-10 2.96350233242038e-10 2.53334120348114e-10 1.95283589299322e-10 2.31470376199638e-10 3.702715689613e-10 4.34094271639651e-10 4.64181848514045e-10 9.57520629452091e-10 4.9182363737188e-10 5.03001029716899e-10 5.09899866774077e-10 4.69276073555847e-10 5.40878530852496e-10 5.51518830604891e-10 3.77518405425548e-10 5.75547576264768e-10 4.63841920428365e-10 5.10847253387681e-10 3.81465059540176e-10 3.47786432985941e-10 2.97014934869111e-10 2.88048673802166e-10 3.12530024082491e-10 3.13757730907582e-10 3.27219384921307e-10 3.36126770861256e-10 3.42475703352108e-10 3.32518601542375e-10 3.34610894547893e-10 3.3650249253725e-10 3.62183405488992e-10 3.64206220737628e-10 3.76468911600369e-10 3.61685925653887e-10
1.21659049501233e-10 1.1825500578766e-10 1.20583387719364e-10 1.19652909802426e-10 1.06999942239838e-10 1.43801548446731e-10 1.51289447636316e-10 1.67652447480293e-10 1.53294832383466e-10 1.69391478621606e-10 1.83508108708708e-10 1.84269421943384e-10 1.88150994784309e-10 2.65416144618058e-10 3.34751837360869e-10 5.71799974036224e-10 4.57460869185411e-10 5.63130164721315e-10 5.54873136326961e-10 9.55062051666289e-10 8.70846106337808e-10 5.52218992755371e-10 6.31472252266008e-10 4.41918168725408e-10 3.5805987064208e-10 5.13115572253753e-10 5.90200499583915e-10 5.23795640194891e-10 4.71209815611218e-10 3.67881092255828e-10 2.84414658491272e-10 3.34468308604841e-10 3.57616536383887e-10 3.18882598104864e-10 3.13693249154312e-10 3.25470117523707e-10 3.30842786500085e-10 3.28320182152453e-10 3.53190021673555e-10 4.05714872808716e-10 4.76987838116116e-10 4.52939885597914e-10 4.47225756428082e-10 4.44225367601803e-10
1.23614507518965e-10 1.28502108953654e-10 1.31945665504674e-10 1.22904364463494e-10 1.49610934752076e-10 1.76143333252554e-10 1.54267210117354e-10 1.83059978287048e-10 1.30282895582923e-10 1.58188462329178e-10 1.41617384485926e-10 1.49718093478413e-10 1.22201337937611e-10 2.02585725972426e-10 3.82083520378274e-10 4.22575407998949e-10 4.30414548446834e-10 6.78787692720562e-10 1.01072846758754e-09 1.09452210628191e-09 2.24182131747241e-09 6.54004961297971e-10 5.96378058048685e-10 4.56690274486249e-10 5.34197330814834e-10 5.03363828396886e-10 5.98922722527817e-10 4.81100759230912e-10 4.19346812829957e-10 3.62524976704748e-10 3.83051179664307e-10 4.57074533777302e-10 3.66505481519397e-10 3.45204098639584e-10 3.39197558929527e-10 3.49591777748515e-10 3.55758322800881e-10 3.52203388676031e-10 4.16699985628099e-10 5.0973409937427e-10 5.38895739143896e-10 4.73460926020408e-10 4.73930739097739e-10 5.20401699510842e-10
1.30996247182935e-10 1.32732014268555e-10 1.28508759189572e-10 1.24915788823898e-10 1.2002008276113e-10 1.34230548898273e-10 1.45470724355334e-10 1.75277325986656e-10 1.56094626113656e-10 1.14842835241546e-10 1.05647990356061e-10 1.39910361074413e-10 1.56907453696675e-10 2.71093170134407e-10 2.72130895595524e-10 3.36371730469409e-10 4.8667042618078e-10 4.18030210447284e-10 1.56043505894488e-09 1.06715447589778e-09 7.41713579444081e-10 3.08491896472418e-09 8.9803330327598e-10 5.42258449254263e-10 4.69852490248002e-10 6.26304519357745e-10 6.21032969494451e-10 4.43954928375234e-10 3.88089216318832e-10 3.55757734382678e-10 4.42973380199163e-10 4.52675430473448e-10 4.14326606357207e-10 3.9603985646508e-10 4.02447819514151e-10 3.95859656165953e-10 3.69095265462249e-10 3.82007470101087e-10 4.68637106898484e-10 4.30935853668046e-10 4.04928723884979e-10 5.46420886315957e-10 5.37966571290127e-10 5.38979816333551e-10
1.44952339020676e-10 1.45436074294736e-10 1.35834210546193e-10 1.21836074562509e-10 1.30227484351764e-10 1.30583543977991e-10 1.26508770126321e-10 1.66209868091016e-10 1.42244926948365e-10 1.04292119385008e-10 1.21833998445453e-10 1.47879275491647e-10 1.85030657462448e-10 2.02542504990078e-10 3.30625882227764e-10 3.34990168937566e-10 3.64800589736092e-10 5.53571977146561e-10 6.52879661444672e-10 4.98020413797207e-10 5.34620747671966e-10 6.95855917332011e-10 7.07758895934774e-10 5.18728682230574e-10 6.590827883457e-10 5.10835185263403e-10 3.98606136986501e-10 3.29890204042726e-10 3.3669635968181e-10 4.08049749545114e-10 4.65314109465709e-10 5.46448297722435e-10 5.52389045616053e-10 4.92299390142392e-10 4.59647819806008e-10 4.42383152332582e-10 3.85885901010852e-10 3.35350058833228e-10 3.494405431681e-10 3.20262827369078e-10 3.37227601399093e-10 3.65536223512208e-10 3.75813247188717e-10 3.60540342025928e-10
