Maxent_result_files_2/B_cingulatus_3.asc
NCOLS 594 
NROWS 330 
XLLCORNER -15 
YLLCORNER 23 
CELLSIZE 0.166666666666667 
NODATA_value -9999 
[rows 180 to 199 of 330, columns 176 to 219 of 594]
7.63213854952482e-05 0.000132743208450847 0.000178596287150867 0.000136680842842907 0.000105353239996475 0.000156694837278337 0.000124096096260473 0.000186950879651704 0.000322621078157681 0.000530837431142572 0.000150769541141926 0.000370764022227377 4.77049366054416e-05 0.000149177007187973 0.000285792946669972 0.000145229482586728 2.72823281193268e-05 0.000186225163633935 0.00010633291421982 0.00043344940058887 5.05382486153394e-05 5.9969546055072e-05 9.60387056693435e-05 8.1545617467782e-05 2.82389140465966e-05 3.11731551846606e-05 3.66073514669552e-05 0.000458910649467725 0.000176754278800217 7.668747803109e-05 7.03253852407215e-05 8.58038136357209e-05 0.000148378289668472 0.000440136836550664 0.000110634515476704 4.61766720036394e-05 0.000145368840458104 2.19760874642816e-05 1.27249490560644e-05 2.3611715187144e-05 3.79502941541432e-05 1.35311720441678e-05 3.25706729199737e-05 1.90587019915256e-05
0.00103413467295468 0.000211983973349561 0.000617177019012161 0.00142386247462127 0.00123717614042107 0.00106344891682966 0.00308333160355687 0.00397188671631739 0.00488111784216017 0.000428865311550908 0.00107230454741512 0.000837439901806647 5.16207843247685e-05 8.86901516423677e-05 0.0010293883329723 3.19067068630829e-05 4.22351367888041e-05 6.30670503596775e-05 4.50794941571075e-05 0.000546018230670597 0.000548596486623865 8.98986345418962e-05 0.000377872359240428 0.000409435652545653 0.000273649768496398 0.00017258683219552 0.000733141059754416 0.000640661227225792 0.00319871175452136 9.03989535800065e-05 5.95991352383862e-05 3.13747304062417e-05 2.86993886220444e-05 9.08735579287168e-05 4.1933645024983e-05 6.88811483087193e-06 6.45395180072228e-06 8.0859596891969e-06 1.45889392570098e-05 1.24759118989459e-05 1.44948244269472e-05 1.23831662904195e-05 5.96253813682779e-06 3.01155178931367e-05
0.00710973041132093 0.0173338680528104 0.00239202353404835 0.0214578456245363 0.0208685223013163 0.00561493191635236 0.00263577191508375 0.00447189209517092 0.0214728400111198 0.0173902532085776 9.74371601841995e-05 7.89399349741871e-05 4.6809297055006e-05 2.10949285246897e-05 7.25081921700621e-05 5.55988483029068e-05 7.69455862609902e-05 9.95559217699338e-05 4.56192301498959e-05 0.00013637960946653 5.24303168276674e-05 3.36782794875035e-05 6.03474478339194e-05 0.00012811562846764 0.000766261856188066 3.73064021005121e-05 2.51617815592908e-05 0.000746691173117142 0.00114206318394281 0.000432445365004241 0.000308017407951411 3.47809154845891e-05 2.24503713980084e-05 3.31657689457643e-05 1.12234462903871e-05 1.05170120150433e-05 8.00943084868777e-06 1.71871543898305e-05 7.88396795542212e-05 9.21829241633532e-06 3.10922611788556e-05 3.26648256304907e-05 2.2836737207399e-05 0.000147872666821058
0.0817869368940592 0.0902310483157635 0.040674457885325 0.00356559529900551 0.00237670534406789 0.00163605039415415 0.000832352982251905 0.00261967818951234 0.000238644565251889 0.000261555221368326 0.000147403989467421 3.76269130356377e-05 1.98709698452149e-05 1.92359343145654e-05 1.54113296503056e-05 1.44955324230978e-05 2.82672206594725e-05 2.37894674683048e-05 2.97624721497414e-05 2.46321901613555e-05 5.20543337188428e-05 7.42191046811058e-05 5.40147695573978e-05 0.000423058454907732 0.000101918688051228 2.7670143845171e-05 2.35071051974955e-05 0.000665466675127391 0.000996395223774016 0.000346550958784064 5.95275765590486e-05 5.75716238017776e-05 3.10600908960623e-05 2.11658479656762e-05 1.60439379214949e-05 1.34945838908607e-05 1.2084442187188e-05 1.83676231245045e-05 1.10505191969423e-05 1.55716743392986e-05 1.18814487905183e-05 2.04050517368159e-05 2.43819497882214e-05 2.78715434433252e-05
0.00582614673767239 0.00399621701799333 0.0107778182369657 0.00162466181209311 0.0132803834974766 0.000346503989567282 7.30497511540307e-05 0.000134180890745483 5.18291861226317e-05 3.49225212403326e-05 5.35010760359e-05 5.83458245273505e-05 1.81147505372792e-05 9.56447735006805e-05 1.02734278925709e-05 2.28554702061956e-05 2.22597581341688e-05 9.49740674514032e-06 1.58761000420782e-05 4.1675209740788e-05 0.000381812894920586 0.000225660493015312 0.000658004946308211 6.47356357148965e-05 0.000287786122498801 6.08670328347216e-05 2.23724694478733e-05 0.000513421618961729 0.000182796461012913 5.40636321602506e-05 3.05505463074951e-05 4.29959123721346e-05 8.22014842924545e-05 2.41605760493258e-05 3.39611948220409e-05 8.54332869494101e-05 1.77871040250466e-05 2.06763619644335e-05 1.90554179880564e-05 2.57998240158486e-05 1.76925034793385e-05 1.61139195370197e-05 1.85359560873621e-05 3.06335467939789e-05
0.00180011779302731 0.0633978899568319 0.00254353315103799 0.00411999188363552 0.000665059720631689 4.75678640214028e-05 0.00178324729640735 2.47987407419714e-05 7.94028292148141e-05 4.59759435216256e-05 4.8216751883956e-05 2.29024778946041e-05 2.36026589391258e-05 1.81682706624997e-05 1.16954173336126e-05 1.21230683816975e-05 1.05195489823018e-05 7.71216294879196e-06 2.15942007798731e-05 0.000243845699515077 0.000113144403439946 0.000447875363897765 0.000254069649236044 3.56623801962996e-05 2.92794979941391e-05 2.23362775614078e-05 2.11239178497635e-05 0.000693896769371349 5.85505074923276e-05 1.86350404874247e-05 3.0599983438151e-05 2.59819358234381e-05 7.11923821654636e-05 2.92389500827994e-05 3.68563385563903e-05 3.71459610505553e-05 2.13542650726595e-05 1.98759809791227e-05 1.75890222635644e-05 1.76367786480114e-05 2.1102274331497e-05 3.07765114484937e-05 2.21471336772083e-05 2.19370198465185e-05
0.00028743932780344 0.00849825243931264 0.00075252047390677 0.000625945297360886 0.00820915144868195 3.42848018590303e-05 4.44120892552746e-05 4.27737218160473e-05 3.85215619189694e-05 6.44369303699932e-05 4.32009848736925e-05 3.70153967196529e-05 2.39424935898569e-05 1.49498749351551e-05 2.88549242213776e-05 1.90021207799873e-05 9.59443591455056e-06 2.70850188826444e-05 2.79702209809329e-05 4.54947993603128e-05 4.04078431529342e-05 0.000643016865797108 0.000136587482847972 4.42516316979891e-05 2.31693771638675e-05 3.41459859555471e-05 2.43921727815177e-05 0.000543520593782887 1.98335922505066e-05 2.86153749584628e-05 4.06612505685189e-05 7.21638522009016e-05 0.000168012132417061 3.83002347007277e-05 4.59333177786903e-05 2.89200696897751e-05 2.6221790449199e-05 5.25177450981573e-05 2.62005820331979e-05 2.65064972154505e-05 2.25522711843951e-05 2.72874179245264e-05 2.51480028055084e-05 0.000361842645361321
0.000208301976090297 0.000434151249646675 8.31774686957942e-05 0.00109531904454343 0.00309351880569011 3.4514577146183e-05 2.75345498266688e-05 5.65687908419932e-05 2.40483352627052e-05 1.64683825232714e-05 2.09638762044051e-05 1.31187219722051e-05 2.24638774625419e-05 3.85068235118524e-05 2.22770735490485e-05 2.9446089592966e-05 1.33840127091389e-05 7.20191045729735e-05 5.39743193257891e-05 9.06879849935649e-05 6.75189042340207e-05 2.51875699632365e-05 3.25546205203864e-05 2.25432473143883e-05 2.27822912620468e-05 3.43093854098697e-05 2.30747567911749e-05 0.000168446536554256 3.64666956556903e-05 6.83232592564309e-05 8.31881519843591e-05 3.81865806048154e-05 6.13617992712534e-05 5.14478093464277e-05 7.18715866241837e-05 8.63565674080746e-05 2.93599564429314e-05 2.91642537376902e-05 3.62684512765554e-05 2.55320393989678e-05 0.000189072171633597 2.77702008133929e-05 6.0244107953622e-05 4.55547769888653e-05
0.000819145800778642 0.000215412506804569 0.000492165228934027 6.80145547448774e-05 7.73051966461935e-05 5.84652564612043e-05 2.33622354699037e-05 0.000411052589697647 8.2258594011364e-05 1.90615603059996e-05 2.48455738073972e-05 3.00591588711541e-05 2.4990151541715e-05 6.82072639392572e-05 5.88116909057135e-05 2.9604816063511e-05 4.15180519667047e-05 1.82352509455086e-05 3.19279437462683e-05 1.80883096618345e-05 1.96934804080229e-05 2.28365139719244e-05 2.20260730202426e-05 3.05202743220434e-05 2.85395254650211e-05 2.22818487600307e-05 2.45246137637878e-05 0.00098690765153151 3.52329230736359e-05 9.70551638602046e-05 0.000241414291667752 0.000430685118772089 5.05688245539204e-05 2.28168767534953e-05 1.70909371036032e-05 0.000186553780804388 3.63431431651406e-05 5.80223917495459e-05 7.65760547437821e-05 3.40383305228897e-05 5.46632507393952e-05 0.000111517408004147 2.92265711323125e-05 3.07227183839132e-05
0.00449524153373204 0.0103054843842983 0.00450395954539999 0.00100027243170189 0.000204591469264415 0.00149852092145011 0.000982573503279127 6.76891400416935e-05 7.43050972232595e-05 0.000133812529747956 3.93443719076458e-05 5.42556902473734e-05 6.3501859040116e-05 3.32376973346982e-05 3.48801288055256e-05 6.88942494889488e-05 3.48181407389347e-05 3.50732837432588e-05 2.28756256547058e-05 2.18089287955081e-05 7.70995564380428e-05 1.67029470958369e-05 4.39921212091576e-05 2.27688727591158e-05 2.34933049796382e-05 1.64898580351291e-05 4.98231866004062e-05 7.36797563149594e-05 1.98246427316917e-05 0.000181570722634206 0.00127329527167603 0.000170925078418804 3.95889421270113e-05 3.59619231858233e-05 0.000106189666985301 8.80416246218374e-05 4.5147018681746e-05 2.13999729567149e-05 2.58611477875093e-05 3.41607240443409e-05 5.96746876908583e-05 5.5459438044636e-05 2.53528592111252e-05 1.99531667021802e-05
0.000740346213569865 0.00120754393719835 0.00014177756911522 0.00010399846432847 8.07727171377337e-05 0.000160964177484857 3.22918469237265e-05 2.81521239230642e-05 7.46034002077067e-05 0.000105456748860888 7.44197770472965e-05 4.37506772868801e-05 0.000134017419986776 6.91922967234859e-05 3.31899374941713e-05 4.18996555708873e-05 2.74753433586739e-05 6.99092253853451e-05 2.38459347201569e-05 2.30841439133655e-05 3.70814454981883e-05 5.50065312381776e-05 2.12224188089749e-05 9.38489780310192e-05 6.37984132481506e-05 3.49159816323663e-05 2.38073537730088e-05 0.00039995139813982 1.55420548708207e-05 3.42037950758822e-05 2.41168911998102e-05 6.52117356366944e-05 2.56338792496535e-05 1.48885705584689e-05 3.20351273330743e-05 4.32766394624196e-05 8.55044523632387e-05 4.37062948549283e-05 3.96601735701552e-05 2.39533060266695e-05 5.66420678296709e-05 0.000172198296422721 5.16128604431287e-05 3.15355408019968e-05
0.000922726456337841 0.000994330778485164 6.8551962976926e-05 7.57021161916782e-05 0.000229623786435695 8.74119879881619e-05 5.84367783631023e-05 4.41769105236744e-05 2.58415769167186e-05 2.28393390898418e-05 2.39574661918596e-05 2.98675530757464e-05 3.79372294446512e-05 3.71867320609454e-05 3.51379259882378e-05 2.33284137721057e-05 1.9024815173907e-05 2.66954497419647e-05 1.52607113705017e-05 1.79222555289016e-05 1.94724697394122e-05 2.57572692135e-05 5.62580856239947e-05 0.00035965454444522 1.91204648217536e-05 1.82914324796002e-05 0.000182492549356539 2.49995846388629e-05 1.49484674693667e-05 1.95665323190042e-05 2.07513842724438e-05 7.3096556661767e-05 7.99438468675362e-05 1.8204214029538e-05 1.51200521941064e-05 1.15713062768918e-05 2.2531631111633e-05 3.56580922925787e-05 2.4766991919023e-05 2.29096812290663e-05 3.91662767469825e-05 4.08464524298324e-05 2.74399466434261e-05 4.08921558118891e-05
0.000101806216662226 9.37226028327132e-05 9.95275953755481e-05 6.4780040520418e-05 4.82404299873451e-05 4.43046524196689e-05 5.99162005528342e-05 5.52025072465767e-05 4.82313485917985e-05 8.29929809697205e-05 0.000115678096335614 1.68434666647954e-05 1.29504599044594e-05 1.78234192844684e-05 1.25733915183446e-05 1.41801831432531e-05 2.3697506321696e-05 1.22531249189706e-05 2.76765407761559e-05 1.29216850382363e-05 1.34351349061035e-05 2.78172149592137e-05 1.53377264268784e-05 3.10311142129649e-05 1.96988224161032e-05 2.08525237212598e-05 8.77296344697243e-05 3.32428745423385e-05 2.02160950721009e-05 1.85824093023257e-05 1.70520082519943e-05 1.52515859554114e-05 1.34432226332137e-05 1.14949438739131e-05 2.24366033762635e-05 1.23171992981952e-05 2.3552707170893e-05 2.29707888138364e-05 2.02564639039338e-05 2.0959427820344e-05 2.13933522900334e-05 2.04538289381162e-05 2.02685764634225e-05 3.03914112009807e-05
0.000179882617885596 0.000139843479519186 0.00022000907047186 0.000131660782790277 0.000235145943588577 0.000134600254023098 0.000133754281705478 9.22719118534587e-05 3.68062005691172e-05 0.000163471113410196 0.000106277499799035 9.78478719844134e-06 1.08226321344773e-05 1.92147550023947e-05 1.90370990821975e-05 8.6736062712589e-06 8.59752738051611e-06 4.0320435709873e-05 5.90556945098797e-05 1.94736240246129e-05 1.47538407873071e-05 1.33952079977462e-05 2.06061850349215e-05 3.56952824404289e-05 3.96046229070635e-05 1.78801742549695e-05 1.34781408178242e-05 0.000114833738189191 4.0747894490778e-05 1.8447232514518e-05 1.64962085818843e-05 1.53739480992954e-05 1.1476127701826e-05 1.05038610627162e-05 2.04953442789702e-05 1.29749758798425e-05 2.28447303015855e-05 1.62681782057916e-05 1.76050658865279e-05 1.80862047727715e-05 1.85694525498548e-05 0.00018213030671177 1.41935678584559e-05 1.28255394884036e-05
0.00093349924281938 0.000203553935716627 0.00038025199319236 0.00036733375309268 0.000156264325414668 2.59376559370139e-05 3.04437066006358e-05 1.45418504416739e-05 3.11535823129816e-05 2.50406135364756e-05 3.07750565298193e-05 1.77992751105194e-05 1.62445756814122e-05 6.88147129039862e-06 2.27945341521263e-05 3.97051445361285e-05 8.40679761040519e-06 2.35155250265962e-05 0.000138891137976316 0.000134822299514781 6.71400654027821e-05 1.24493132716452e-05 3.18909320412786e-05 2.06908038308029e-05 1.24256555182001e-05 5.68452387597063e-05 8.66448594024405e-05 6.60789793982985e-05 5.21570847922703e-05 2.38175967751886e-05 1.99723234800331e-05 2.71963606792269e-05 1.16834187792847e-05 1.1061666873502e-05 0.000268404349480988 1.22817103147099e-05 1.2731852939396e-05 1.34635700305807e-05 1.47396553074941e-05 1.44254066526628e-05 1.52812793658086e-05 1.29237224427925e-05 1.20542023978487e-05 1.26521011907244e-05
0.000416935977409594 0.000481811955978628 0.000221818954014452 0.000286033716110978 0.000118602476504748 4.24634656155831e-05 1.87605474366137e-05 1.57694278641429e-05 1.81338694346778e-05 2.61658945419185e-05 2.13104881368054e-05 2.63120151430485e-05 7.23888214452018e-05 1.12874823798848e-05 2.32326406148786e-05 9.18987973363983e-06 1.83921966709022e-05 5.32214578015555e-05 0.000103341027715942 1.83010629825731e-05 3.50071954926534e-05 3.69837584003108e-05 5.05973566760076e-05 1.48880524193373e-05 1.01404113365788e-05 8.78661876413389e-06 9.0809594894381e-06 5.08846451339195e-05 6.26851346169133e-05 1.33867809154253e-05 1.56602903189196e-05 1.58885831297084e-05 1.12526543489366e-05 9.09172681531345e-06 9.86310840289661e-06 1.13628864255588e-05 9.19147201784654e-05 2.48051021117135e-05 2.56037106964868e-06 1.2872872321168e-05 1.11974160518002e-05 1.17835352739348e-05 1.00756621577602e-05 1.27929819655037e-05
-9999 1.44570587053749e-05 0.000231484061077936 0.000677843333687633 0.000413067467161454 4.494091417655e-05 3.78699987777509e-05 2.10742799481523e-05 1.69350231772114e-05 1.03065780422185e-05 2.38882410940278e-05 2.00811378363142e-05 2.51160601237643e-05 1.59561054260848e-05 2.15859300169541e-05 7.38046662718261e-06 2.44369883148465e-05 1.26608849313925e-05 1.84830892976606e-05 1.6689289623173e-05 2.11086870876898e-05 3.94919058635423e-05 0.000109656950371573 1.95493789760803e-05 1.28202786072507e-05 1.36557040377738e-05 1.81088204953994e-05 1.04576412468305e-05 2.02093699499528e-05 3.17377109240624e-05 0.00011024772975361 0.00010072603727167 0.000463057465094607 0.000292548399738735 5.06354374010698e-05 6.68812699586852e-05 4.78116131489514e-05 2.96014044579351e-05 2.28201184654608e-05 1.49973203406262e-05 8.11043892099406e-06 6.42773693471099e-06 6.3199454189089e-06 1.89900860277703e-05
-9999 2.94714320716594e-06 -9999 0.000124679879081668 0.000336663291091099 0.000154731678776443 5.94404300500173e-05 2.95010152512987e-05 8.57041763993038e-06 3.25538246670476e-06 7.76636154569132e-06 2.43276695073291e-05 9.1458175347725e-06 8.41796668282768e-06 6.06982631552455e-06 1.61694612870633e-05 7.38107204369953e-06 5.84081928991509e-06 6.08459133673023e-06 1.7483108513261e-05 3.9474711411458e-05 3.18194319333998e-05 5.36174453372951e-05 1.56627850174118e-05 1.84796567737067e-05 1.71990198396088e-05 2.07947902254091e-05 2.63881290265999e-05 1.37857100753536e-05 1.44022999847948e-05 1.16307298640095e-05 1.65767683938611e-05 4.99622026836732e-05 1.53237041558896e-05 1.61386114541529e-05 0.00010643434652593 7.76744436734589e-05 2.66352687503968e-05 1.51897273553914e-05 1.14790888346761e-05 6.96295887223641e-06 3.50140588125214e-05 1.55011607603228e-05 1.92208263342764e-05
0.000159934776456794 -9999 -9999 0.000336866182624362 0.000360002083471045 0.00013547474736697 0.00030079216521699 0.000231759942835197 1.01539223578584e-05 6.21793346908817e-06 8.88810031938192e-06 4.37162737512153e-06 7.53028505187103e-06 1.44823763548629e-05 1.95189616533753e-05 4.3266178408885e-06 1.11301788592755e-05 5.98918817331651e-06 4.81101062632661e-06 8.69699019858672e-06 8.83083221197012e-06 7.49656354628314e-06 1.02645845117877e-05 2.94523219963594e-05 8.23172381387849e-06 7.84742086352708e-06 2.39574914303375e-05 1.28998463878816e-05 2.45795367391111e-05 1.68385830420448e-05 1.73966651345836e-05 8.52083348945598e-05 2.11671369470423e-05 1.0952914635709e-05 1.38539359340939e-05 0.000139553120243363 0.000313864172494505 0.000735008346964605 2.86064549982257e-05 2.09397629987507e-05 4.52927251444635e-05 3.42588442435954e-05 1.87846318567608e-05 4.09895116717962e-05
2.91015745460754e-05 -9999 -9999 0.000384582101833075 0.00176222989684902 0.000312269474670757 0.000240460489294492 0.000286850472184597 0.000205351523618447 8.30029497592477e-05 0.000173410456045531 5.78243203563034e-05 3.34857797497534e-05 1.1294302476017e-05 1.06893715383194e-05 8.93261039891513e-06 4.48683456397703e-06 9.49340356783068e-05 1.19727601486375e-05 1.06817404230242e-05 1.12752916720638e-05 9.94989550235914e-06 1.85563539162104e-05 2.12164462027431e-05 8.76563328802149e-06 2.53386795520782e-05 1.69391588315193e-05 9.2676351641785e-06 1.03612069096926e-05 3.15801726173959e-05 1.36868015943037e-05 2.09001638722839e-05 0.000241845945856767 2.76201866654446e-05 2.75184665042616e-05 0.00011740372829081 0.000358162353222724 0.000700441372464411 0.000143381397356279 0.00018347847435507 0.000136204787850147 3.59619611572271e-05 5.26025378349004e-05 5.83566999921459e-05
