Maxent_result_files_2/B_consobrinus_3.asc
NCOLS 594 
NROWS 330 
XLLCORNER -15 
YLLCORNER 23 
CELLSIZE 0.166666666666667 
NODATA_value -9999 
[rows 80 to 99 of 330, columns 484 to 527 of 594]
2.08885310604146e-08 4.88163915657314e-07 7.02229244753383e-09 1.51331770403829e-07 1.14809807771898e-08 9.59553221746567e-07 9.63682118404474e-07 1.11716186432798e-06 7.5018634786872e-05 8.55543205019793e-05 4.97613809691266e-07 2.4839898991047e-07 3.41354324583376e-06 3.23304631409949e-06 1.08334750149597e-06 1.63336336678199e-08 1.66056215666899e-08 7.78388815625419e-09 1.29887400146522e-07 5.7864365521354e-08 0.000114117429447813 2.28430552464798e-05 6.15407360737841e-08 2.74198940830583e-07 1.27548038797443e-09 2.65293134127376e-09 8.40621590891821e-08 5.78626869618404e-07 2.82845213916971e-10 6.17124895629928e-10 6.15424020078414e-08 4.05698163952195e-10 7.59197200661532e-09 1.78075542089928e-09 3.15408099638148e-10 6.25722699210129e-09 1.5891338410734e-07 2.14164314837895e-08 4.12688956452634e-08 5.84749920928829e-08 2.36827145894125e-08 1.1664682553203e-10 1.74019888499188e-09 9.85442151324456e-08
1.24793688716096e-09 2.46433272677038e-09 1.07350559538366e-06 3.11948481479529e-07 5.84805329717497e-09 4.89191956420942e-07 0.000380818170521735 0.000622079900115624 6.34691640410412e-05 3.51267091747154e-08 3.15613001508064e-05 2.90968315115325e-06 7.14254568524253e-05 6.66560537698757e-07 2.21089643592798e-08 4.59288003318292e-06 2.69931993313044e-08 1.28314930683771e-05 2.78449523771762e-08 9.2998855139026e-08 6.1254163963298e-10 4.04524292918484e-07 0.000317753602884274 5.23008787145507e-07 7.61496695700359e-09 9.9703778075888e-07 2.75504061286735e-07 9.51750680378005e-08 6.30872367568536e-08 6.1334383549827e-08 7.5078533601225e-07 2.58869068403556e-08 3.76258491030512e-10 6.28824325943356e-10 9.17942311051689e-10 1.75767767007784e-10 7.05488486796302e-07 2.80401076646619e-07 2.92946039903708e-07 0.000282262233909358 1.82010433613655e-08 2.94421418467472e-08 9.14369603366438e-09 3.82752807226439e-10
3.7497736815717e-06 4.65073597288868e-07 3.35748399193925e-08 1.13335593636466e-05 1.885530631629e-09 2.77410682525403e-07 0.00028759515690826 1.67449429809841e-05 4.30529090717058e-05 7.44243868247785e-05 0.000210545122335293 0.000179897850215793 5.06489223672801e-07 4.32681409756608e-07 1.44912256518914e-06 1.87444167865092e-07 1.71662862707977e-05 1.41888218951891e-09 5.77614787389269e-07 2.2448623380189e-07 8.7514793875032e-07 6.29293302656375e-07 6.85999916194557e-07 5.79861064476939e-06 6.99835058093345e-07 4.84906128374041e-05 0.000131031828773609 7.80748810869092e-07 7.4465537835966e-08 7.39085306622478e-08 4.54248327841356e-09 3.47205190144417e-05 2.47414394416445e-08 0.0013600309287952 5.78918631057856e-06 9.63746429716306e-07 0.000312186869818798 6.92158098162365e-05 1.41736989459629e-06 0.000121691917263733 5.086349597061e-09 2.10834107949864e-09 5.56051049649398e-10 3.63265484359943e-10
2.1407526594186e-06 2.56349792504551e-09 0.000381155171610248 1.14317657834428e-06 3.05721858442021e-05 2.77103022437331e-05 1.93244393192682e-05 0.000120569356629963 2.07628027457329e-05 2.79209195059527e-05 7.06768857941742e-05 2.11219977560906e-05 0.000218561214166868 1.07271710940826e-05 1.21724934158962e-06 8.84680529322779e-07 2.16482044834709e-07 5.7020714251721e-05 9.06684701207361e-08 7.45582196570727e-07 1.21814672655596e-06 9.39457825022139e-07 0.000101047627439088 7.17110524931508e-06 1.39673022812925e-05 3.74152418355367e-05 2.86954300890985e-06 2.70678182703321e-06 1.20390639453904e-05 1.86143453424492e-06 5.32605833462041e-06 1.44188988855376e-06 0.000267007276033127 0.000146556736040804 3.14142348617041e-05 5.29568220386523e-09 3.35237569615288e-07 1.46156905245221e-08 3.72734290321475e-08 1.6118125722997e-10 1.31362218303011e-07 9.02332578767151e-08 4.25699513417754e-09 9.06417129131754e-09
1.05118343234345e-06 1.51263366277021e-09 3.09293721121651e-05 5.04195353467907e-08 1.2176393209884e-05 6.94569516761723e-05 0.000283574322029656 0.000166763688496596 0.00456717758030877 0.000191041607174181 0.000276500887756548 0.000411691800752578 3.00857326290482e-05 1.07049851171714e-05 1.49684503371161e-05 2.28368773225185e-07 5.92779604904337e-06 4.33259920897822e-06 8.81504431644586e-06 2.78778762237697e-05 8.82782461816278e-06 0.000252170131119678 8.10467123980585e-06 0.00010755563697793 1.87189450336911e-06 2.22641295685166e-06 1.38388781143473e-06 1.56210993029759e-09 3.30406368931335e-11 3.5732170666769e-09 2.28883736408392e-09 5.1109426283058e-06 1.89965834087591e-06 5.9981070338333e-06 7.71532250076756e-07 3.05653278886986e-07 2.41656981201377e-06 5.57358410946396e-07 1.12502136617731e-07 7.41554864069904e-08 7.64243173190238e-08 5.51019296857191e-10 3.8096358467854e-06 3.07719190906219e-08
5.82643933100258e-12 5.6465746724732e-05 0.000983745574687711 5.42796513300248e-05 3.08197792509013e-07 1.58165540938615e-05 5.55387629375237e-05 2.87750641201345e-06 0.000254729804350973 7.86453644653351e-06 5.10603051357417e-05 0.00243843245107271 0.000117168535472589 0.000930788249095238 2.73057622015793e-05 2.47968501310147e-06 2.71493738601691e-10 1.5595748004138e-08 2.26907348910288e-08 5.44731448348657e-07 1.2725660003543e-08 1.41430021249889e-08 1.89749412443652e-06 1.15572967840372e-07 5.39691100920336e-08 8.34013319187532e-06 3.2783255596236e-05 3.9006343744985e-07 4.76952521921703e-10 2.48978357375584e-08 3.66471371177068e-06 1.25887805933256e-05 4.04272806087125e-06 1.95914786582652e-07 3.03423548952964e-08 9.35993876882701e-07 5.73034581863308e-07 2.29627037195979e-07 4.96597446941749e-08 4.59030264776672e-07 1.36448285813495e-05 1.03695202641196e-06 1.98691015108055e-05 2.54588548372903e-06
2.84610007117436e-07 1.48654159380923e-06 1.35543389163884e-05 3.51272596400221e-05 3.2556674695039e-07 5.70992392167069e-06 2.39676342106421e-09 8.46180365676741e-07 7.2110198844344e-07 3.8092183320515e-05 1.63864460318242e-05 4.18409515561491e-05 3.91300628344027e-08 6.95539594808281e-09 6.24858498543546e-07 1.65252319543896e-06 0.00954699766182472 4.62401711150973e-06 4.99199491117763e-05 0.000459862798445798 0.000724200494709326 0.00199430421146163 1.9664681653786e-05 1.44243542665734e-09 1.47109376575583e-05 5.70476263230812e-06 3.06672597683022e-07 0.000246640963581202 2.03792891595445e-07 1.42807092462505e-07 3.10004060528279e-05 5.96986373779806e-08 2.98614426741395e-08 1.25509004522684e-08 7.23810567038186e-11 3.44815209718519e-10 1.74527813493475e-06 1.47851507988905e-06 4.60144608811497e-06 8.36440771914693e-05 0.000200703797110402 1.01983607697642e-06 2.73513925413971e-06 1.84619331567992e-06
9.24997026192087e-05 6.62726052000351e-05 3.9773072589222e-05 2.10646142483784e-05 3.29907613925262e-05 4.82807261545926e-05 2.19007941630545e-05 6.87243283558736e-05 2.78089660027292e-05 0.000206228302503464 9.30818723105298e-05 1.55392089746798e-06 8.83991556399621e-08 1.21460845446952e-06 2.60939156104811e-07 4.89472201792296e-07 1.70433532860947e-05 3.07301601676357e-06 1.51302619162963e-05 0.00339026032733045 0.100121836891856 0.0996453743260082 0.00880352200052684 0.00436764980608346 0.000215749109696795 5.0165544975278e-06 0.000492837610533115 3.15448666327711e-05 1.54967655341842e-05 2.24333554443845e-07 0.000219731237913201 7.68286184928968e-06 1.11496371759667e-06 2.85444528014267e-09 1.34996058998027e-08 4.90474877379299e-09 1.39920695907403e-06 0.000403911296908865 0.000160685818689155 0.000627028243053485 0.000875586794758032 0.00122100254498037 3.4238125039332e-06 3.55501894491961e-05
9.29352706264486e-05 3.82505170456904e-05 0.000170191728530089 6.02885455605051e-05 2.03646582452865e-05 0.100599455209423 0.0983096294218537 0.116337637433935 5.55104407036433e-05 5.8123649197106e-06 1.31767876946576e-05 1.15893818132151e-05 3.91219642442708e-06 3.65872771100451e-05 5.07643527305146e-05 5.19799844501567e-05 0.000170183391358403 6.58098681998953e-05 2.29243171497862e-05 2.69104787622432e-06 1.11722265353609e-05 0.00128025782067378 4.31908530218461e-07 6.18090796228876e-05 1.17406657507146e-08 1.33926781387128e-06 8.64584379478561e-07 1.66865286272855e-05 6.42021666341641e-07 0.000345108114365189 8.39329610480277e-08 3.05286944538352e-05 4.19174573002001e-06 0.00296667139170267 7.04402232883039e-05 2.36269433971925e-06 2.40497741880508e-05 3.91157735876391e-05 0.000192946018049556 0.091018455947572 3.78337074659063e-06 2.02922005421158e-08 2.38706435806701e-07 9.51197796417169e-08
0.000110570152869038 7.46458445015419e-05 3.95678435357816e-05 0.00017131628894278 6.70958917767028e-05 1.39117322550675e-07 0.178485833529597 5.55017831270321e-05 8.98021775915803e-06 8.26575726023959e-06 5.33471794299523e-06 1.32336305315506e-05 0.029817311275659 0.0895243803101033 2.92918141905352e-06 0.000106635431163993 1.80145587003189e-08 1.14349530211388e-07 0.000252821191938002 0.000326666469272896 1.36772605652258e-06 2.05720740553694e-07 9.07886793521939e-09 1.16846383457769e-08 1.2435231633301e-08 1.83081784177475e-09 1.66729016148892e-09 1.0676661665876e-09 1.87128268436254e-10 1.63355384774633e-10 3.03882830010593e-10 3.65865830964651e-09 6.57200414533321e-08 9.25954801056505e-08 6.8749896642295e-08 1.40265478587587e-07 9.88390080891577e-10 1.68216062729654e-05 4.67550361634039e-05 0.0054763655990314 2.09445035394773e-05 1.71800311754566e-09 6.70195618868163e-07 1.15556893514057e-06
0.00172341026094138 0.133664517921027 1.61281387360268e-05 4.6165140121901e-06 8.26905500960207e-06 0.000234533782613933 3.49791138942734e-08 0.101863530413765 0.00445634756724758 8.17775167797241e-05 3.60988511134197e-05 8.41171914808703e-05 2.02502623370959e-05 1.42699908578514e-07 0.0991885880511037 2.54589932424665e-07 0.0788986837376912 0.000203886727405089 1.20809656948273e-06 0.00957579161572997 1.8829332362913e-05 5.36371572046335e-08 1.15162435143645e-09 9.27676204764971e-07 1.32089348559017e-07 2.56069776494172e-10 3.75881348269047e-10 3.26144444784404e-10 2.334510251778e-10 2.12261317922291e-07 2.67507094253716e-10 4.4496105688907e-10 7.24203108593002e-10 1.60615354349858e-10 2.10735762173897e-10 1.11321656226515e-08 1.40558907846255e-09 6.23580387326683e-10 3.985291854669e-06 0.0152278828731924 9.74242032936168e-08 1.36268629435943e-07 7.10193070463383e-08 2.26963335570041e-08
7.94696652456239e-05 1.04844097335022e-06 1.15531929841817e-06 6.56938829735054e-07 5.99817005006553e-05 4.37551942496728e-05 8.20348453751674e-06 1.2239895361188e-05 7.88582577894159e-06 4.6478004697148e-07 4.56860468345255e-08 0.00024658185026023 2.55818788719164e-07 2.15677440983386e-05 0.0995058807460856 0.0204164695444892 0.10011726308881 1.3517126531859e-06 3.05332417582793e-07 4.44181063041782e-08 6.70302571226245e-09 1.43637867688895e-07 0.000500689898201756 0.000450922948651455 3.05141056866631e-10 1.99672034462139e-10 4.15403444975482e-10 1.91232762958293e-10 2.15946882597962e-10 2.22401004449368e-06 2.80901691906976e-09 3.44602868462829e-10 3.60986596170676e-10 2.71266140661197e-09 2.10901784924999e-10 1.96595617563133e-10 3.89320209404076e-10 2.17828399762254e-10 1.68821856494361e-10 2.08925055034115e-10 3.33469374336204e-10 7.83879050558767e-09 2.67277584176107e-08 3.30726945829696e-10
0.400050515396547 0.000159088841735411 1.15631465485211e-05 0.000105381129314719 2.32342513739825e-05 1.81651203852162e-06 3.45769194678214e-05 4.1259489729617e-05 2.11749322818755e-05 1.82136915703235e-05 1.37665038976165e-06 3.85704426078104e-05 0.100949875751345 0.00657982429847765 5.26685053825471e-07 0.100006284196363 0.0064834227395506 8.67093748464498e-06 1.65493255988025e-07 3.48253271775789e-09 2.01563543633654e-10 2.69969935295933e-10 3.72661002057129e-10 1.63311741907535e-10 6.66796173831585e-10 1.23557114539707e-09 1.76158632125833e-10 3.2549956063832e-10 1.58460544685823e-10 3.60190222092882e-10 6.35864327858116e-10 1.37961664314901e-10 6.4456007198288e-11 1.68648539577987e-10 9.0641505412492e-11 3.03703089454821e-08 7.45688235603836e-09 7.84624809568868e-11 8.97237284469554e-11 7.04799330009109e-11 1.65069424795661e-10 1.68771951969404e-10 7.28238691571903e-11 1.44812101421365e-08
2.03366571743802e-06 8.6216544019635e-06 0.00212388080949378 4.54709466013115e-05 0.0646093454952184 0.000177260198146623 1.47703758179851e-07 8.62965923726922e-06 5.38799315813354e-05 2.33758041832788e-05 4.79528917320948e-06 1.5459919565397e-05 0.142438919871866 0.029053491055604 0.0189865635679332 7.08327886345117e-09 3.5574994328158e-08 2.4078861127208e-10 1.83101065188707e-06 8.90656283026869e-06 8.87418927231209e-10 2.24840079887656e-10 1.12659288564743e-09 1.67087033653424e-08 1.12368115923189e-09 1.12278022434964e-09 1.02505975660638e-05 1.04060356953539e-07 2.54101617525038e-10 3.72421427030645e-10 2.05151892140876e-09 2.06931349833184e-10 4.60326587958804e-10 2.05059047519995e-10 5.87682236208309e-10 1.03863957212624e-08 2.85064445987304e-06 3.095854095303e-09 1.48336065652899e-10 1.60731605802766e-10 1.52163170952235e-10 2.04507522028052e-11 1.18162302165103e-10 8.77910188989972e-11
0.00405478552432369 0.000244906650053234 0.00301272405625708 0.000111855681612105 0.450252872779471 0.0582399909354718 0.174306254094267 0.00162139154860073 1.67044538295302e-05 1.44968438062665e-05 9.091106053849e-07 4.06835909820824e-06 2.48713914228205e-06 0.000204998399952594 0.000571953102184131 0.000559264202970999 1.1828392479929e-07 0.0064941356258586 9.48097637021306e-07 6.89314390678319e-08 0.000259323563155223 0.0221481951490677 1.17629717077961e-10 1.90193395688265e-07 1.77238447252037e-09 1.96169084865083e-08 2.48509631872729e-08 5.05833930963817e-08 1.59983336911473e-08 2.70838717564281e-08 1.16327888433077e-09 8.50304826549575e-11 1.09923070645834e-10 6.99606816922938e-11 1.33748356834218e-10 5.88947779434079e-10 1.10608694647851e-08 5.45616772718027e-07 6.71558556875063e-08 9.47448342003554e-11 6.09039041421511e-11 9.37986355253884e-11 1.16439302644267e-11 9.27327103994457e-12
7.62389570555189e-05 1.55182656724762e-09 3.15776770398735e-08 1.38725262854855e-07 0.70015349581372 0.00719718526452171 0.0965665400448902 0.003282488636787 4.27726248586335e-07 0.400626129140971 0.300001834588242 2.04734106557525e-05 1.18564900217555e-05 1.15441501935543e-07 1.46635905589054e-06 0.00169812380709939 2.2498893337275e-08 0.000126190556304595 2.17742639013752e-06 7.30817106853188e-07 0.00114454903213486 0.00032015287442555 0.00073691129422041 0.000335253345838327 0.00056716555885703 7.09049731898448e-06 0.000265002349321775 2.98366702333741e-07 4.33684970503334e-06 1.35097322218058e-10 1.03905362092149e-10 1.4537039016993e-09 1.46700263048416e-10 1.45028911102685e-10 6.71322331058377e-11 1.86137671942532e-10 2.08644046484352e-10 2.98873851090065e-07 7.32822601490213e-07 4.63841598463688e-10 2.96630164875467e-11 5.96092730731357e-11 3.46921380511844e-12 1.45751521962723e-11
0.000106508466678901 0.000101076932642341 1.29842378834288e-06 2.38018118547956e-09 5.54206156144765e-07 6.2537723366507e-08 4.55824034073515e-10 1.79739105732324e-07 0.101820133574794 0.0632768271685795 1.83935473851982e-08 0.000120227614920332 7.86137307852153e-06 3.32956573960708e-06 1.18654603364909e-08 1.74265192587342e-06 0.00010495305110797 0.100006833034392 5.36755627689178e-07 1.90680495215645e-07 1.65941927643409e-08 9.95229441302925e-08 6.8384052966497e-06 0.000713151832519265 4.70363059107415e-06 2.56460419386428e-05 4.34548181075911e-05 9.36545308494185e-07 0.000291445041840177 2.47666258349488e-06 9.51779899338589e-10 1.15977048442684e-07 9.02841690297862e-11 6.17739637220893e-11 8.01492872071208e-11 6.36005248466631e-11 1.71303093932096e-10 5.54371160088607e-10 1.82355334054751e-05 4.72111213576376e-06 1.53611989051061e-07 1.25421872887443e-10 6.57995213870777e-11 8.5143714301239e-11
1.50796554132526e-09 7.37717547895089e-06 3.07453322966778e-05 8.78605660001974e-05 7.33655869611383e-08 2.86908020674659e-09 2.78877727272198e-06 7.85330656005723e-07 5.67208334223412e-07 0.0636625858667944 2.99217160176779e-06 5.57314616611571e-07 1.58080596698862e-05 0.000115109271062808 0.00187674746817635 4.16637445184387e-05 1.51997310626761e-08 3.9261286253589e-05 3.99773715642482e-07 5.55735313760075e-05 8.58432763450878e-07 1.60926522596583e-07 0.00185404080076648 0.263887645446937 1.90029840028694e-05 7.20751811011944e-08 2.85131894761648e-09 2.76588936267141e-05 3.05791657758681e-06 1.67852421879555e-06 0.000605843751417157 0.000498100814208668 1.04743760331871e-09 7.23850198669496e-09 1.63103728301195e-09 5.01992669654783e-11 1.34338928869937e-10 1.95376159695115e-10 4.05100259261992e-06 1.70801662421338e-06 1.66400704326719e-10 4.58067583863908e-11 1.60055901865519e-10 1.25873200751414e-10
4.09845922023311e-05 0.387218294098463 3.95069815431914e-05 1.7301844942752e-05 1.57326557996718e-05 4.24633211449033e-05 1.54686259251635e-06 0.000477083528058386 0.000330658147314711 0.000335711035280206 0.00182982883758366 0.0633405047586344 5.18070315648211e-06 4.30671526848725e-06 0.0142801776128799 8.76675525478987e-05 1.4273080910665e-05 2.81028365800573e-08 2.54687345957461e-07 7.54201611570693e-05 0.000411518529662469 0.000623888496852576 2.7741680644755e-05 1.57685076949132e-06 1.11309431516382e-07 6.78548195409689e-10 1.68886362619025e-05 1.73743542886129e-09 1.17406578415635e-05 6.81425804917257e-05 0.00136754104163179 0.106308686152032 4.43737774787678e-05 0.0152373544981401 0.00030355018616669 1.68076773610082e-09 1.48973522406948e-10 2.41974218440077e-10 7.41948506635115e-06 3.00383936431281e-06 7.08448877340118e-10 4.3818700889986e-10 3.10664984737308e-08 1.09638347289831e-09
6.25975772612364e-05 4.51400070244912e-06 2.68263664736645e-06 1.59462117776954e-07 0.127487936574832 7.85765575928021e-07 2.71702255605355e-07 2.55196008404068e-06 3.11448039412854e-06 7.68320282684698e-07 0.00727398993151596 5.2167253651203e-05 0.0632124047270642 0.063212175996529 1.42230487319983e-06 2.02584247044335e-08 2.68605251652176e-05 5.1094283318065e-05 0.000215648730038298 9.41169575979672e-05 1.71025818142434e-05 0.000330924670868138 0.00364460642747062 0.00185120667806586 0.000317800362893195 0.000140142331187865 0.000260389158076979 0.00169322299115606 0.000390540247739324 8.65707836868568e-05 0.000618000965396748 0.000416239397785456 0.000467322293487893 0.000381903936432892 1.33967311784167e-05 0.00054035427818917 1.18038363779327e-05 3.88892614899716e-05 1.93069022291326e-05 1.09815137294689e-07 5.34095778714771e-10 1.09705189232923e-07 0.000362177635942718 7.09545929111766e-07
