Maxent_result_files_2/B_consobrinus_3.asc
NCOLS 594 
NROWS 330 
XLLCORNER -15 
YLLCORNER 23 
CELLSIZE 0.166666666666667 
NODATA_value -9999 
[rows 280 to 299 of 330, columns 396 to 439 of 594]
2.89535062591995e-13 1.11244347067441e-13 1.12133635710165e-12 1.04360964314765e-15 1.29229960066368e-14 5.32907051820075e-15 8.99280649946377e-15 3.89910326248355e-14 3.5527136788005e-16 1.55431223447522e-16 1.55431223447522e-15 3.77475828372553e-16 2.66453525910038e-16 8.88178419700125e-17 6.66133814775094e-17 1.11022302462516e-17 1.11022302462516e-17 1.33226762955019e-16 1.02140518265514e-15 1.16573417585641e-15 1.0769163338864e-15 6.55031584528842e-16 1.31006316905768e-15 2.77555756156289e-16 4.44089209850063e-17 2.99760216648792e-16 1.11022302462516e-17 3.33066907387547e-17 5.55111512312578e-17 8.88178419700125e-17 2.22044604925031e-17 4.9960036108132e-16 1.52544643583497e-14 1.06581410364015e-15 0 1.11022302462516e-17 0 0 0 0 0 0 0 0
4.98479146848751e-11 6.15544726301209e-11 3.96460642093643e-14 1.98041583132635e-13 2.36477504245158e-15 3.95239396766556e-15 1.80966353013901e-15 2.68673971959288e-15 5.50759438056048e-13 2.83106871279415e-15 1.26565424807268e-15 3.44169137633799e-16 3.33066907387547e-17 0 5.55111512312578e-17 1.11022302462516e-17 1.11022302462516e-17 1.11022302462516e-17 4.9960036108132e-16 9.65894031423886e-16 1.0769163338864e-15 4.66293670342566e-16 5.6621374255883e-16 5.99520433297585e-16 8.88178419700125e-17 1.11022302462516e-17 1.11022302462516e-17 7.7715611723761e-17 4.21884749357559e-16 4.44089209850063e-17 1.11022302462516e-16 4.9960036108132e-16 1.66533453693773e-16 5.6621374255883e-16 1.22124532708767e-16 2.55351295663786e-16 6.43929354282591e-16 0 0 0 0 0 0 0
3.39313688257903e-11 9.55650569789412e-10 9.00834962180852e-14 1.30895294603306e-14 5.96189764223709e-15 8.8928864272475e-15 4.78506123613442e-15 1.06581410364015e-15 6.10622663543836e-16 5.4989346409684e-14 5.55111512312578e-17 4.77395900588817e-16 7.7715611723761e-16 2.22044604925031e-16 4.44089209850063e-17 1.11022302462516e-17 1.11022302462516e-17 1.11022302462516e-17 2.22044604925031e-17 7.7715611723761e-17 1.66533453693773e-16 2.1094237467878e-16 3.21964677141295e-16 3.10862446895044e-16 3.33066907387547e-17 0 1.11022302462516e-17 0 1.11022302462516e-17 6.66133814775094e-17 4.44089209850063e-17 1.88737914186277e-16 1.11022302462516e-17 9.99200722162641e-17 7.32747196252603e-16 2.88657986402541e-16 4.55191440096314e-16 1.11022302462516e-17 0 0 0 0 0 0
2.34590125103296e-13 7.91600118787983e-12 4.60425253479002e-11 5.50670620214078e-15 7.53441753431616e-13 1.22868382135266e-13 1.25510712933874e-12 6.54198917260373e-13 1.13242748511766e-15 5.10702591327572e-16 8.36664071357518e-14 2.4756352523525e-11 2.34446206892613e-10 2.34257058195908e-14 3.44169137633799e-16 1.11022302462516e-16 1.33226762955019e-16 2.22044604925031e-17 1.11022302462516e-17 2.22044604925031e-17 1.33226762955019e-16 9.65894031423886e-16 3.44169137633799e-15 2.46469511466785e-15 2.44249065417534e-16 3.33066907387547e-17 0 1.11022302462516e-17 0 0 1.11022302462516e-17 2.99760216648792e-16 1.11022302462516e-16 0 2.66453525910038e-16 1.54321000422897e-15 1.09356967925578e-14 6.10622663543836e-16 2.22044604925031e-17 0 0 0 0 0
4.9777213462221e-09 2.74084643869799e-11 1.1699308188895e-12 1.72861724934137e-14 1.4104273304838e-13 4.63340477097063e-13 4.43302061725603e-12 3.28104210467473e-13 2.44249065417534e-16 7.18758386142326e-14 6.10622663543836e-16 6.61248833466743e-14 1.55431223447522e-16 2.38697950294409e-15 1.56516471783164e-08 4.10782519111308e-16 9.2148511043888e-16 8.88178419700125e-17 7.7715611723761e-17 4.44089209850063e-17 1.4432899320127e-16 2.97539770599542e-15 2.88657986402541e-16 4.9515946898282e-15 3.37507799486048e-15 1.7874590696465e-15 1.01030295240889e-15 0 0 1.11022302462516e-17 0 1.4432899320127e-16 1.4432899320127e-16 6.77236045021345e-16 0 0 3.60045326885938e-14 3.56381590904675e-15 4.10782519111308e-16 0 0 0 0 0
2.2019830403508e-12 1.85851334322251e-14 6.21280804580238e-14 1.05476183343001e-11 3.49422712986325e-12 2.08200900964073e-11 4.78102890610899e-11 1.88293824976427e-14 1.78279357943012e-10 1.14435128040213e-12 5.12313458322922e-10 4.61375382343476e-13 1.67643676718399e-15 3.33066907387547e-17 1.61174407153908e-12 3.39139827332247e-13 1.22124532708767e-16 2.33146835171283e-16 2.22044604925031e-16 2.22044604925031e-17 5.55111512312578e-17 1.88737914186277e-16 2.19824158875781e-15 1.99840144432528e-16 3.01980662698043e-15 2.53130849614536e-15 2.1316282072803e-15 5.6621374255883e-16 0 0 0 2.22044604925031e-17 1.22124532708767e-16 5.55111512312578e-17 7.32747196252603e-16 0 3.33066907387547e-17 2.87547763377916e-15 3.44169137633799e-16 0 0 0 0 0
2.27273755371016e-13 2.52231568964589e-13 4.80726569662693e-15 1.16535670002804e-12 1.29290422812289e-10 8.47312553453605e-11 6.13810113847535e-12 3.69704267200177e-15 2.64233079860787e-15 2.29816166097407e-14 9.50390877108021e-12 4.30878910329113e-09 3.44489211601129e-09 2.99760216648792e-16 1.11022302462516e-17 1.4299672557172e-14 7.61937180016048e-12 4.10949052565002e-13 2.22044604925031e-17 1.55431223447522e-16 7.7715611723761e-17 2.22044604925031e-17 4.44089209850063e-17 3.44169137633799e-16 9.43689570931383e-16 6.66133814775094e-16 8.88178419700125e-16 1.37667655053519e-15 1.32116539930394e-15 1.99840144432528e-16 1.99840144432528e-16 1.22124532708767e-16 7.7715611723761e-17 1.11022302462516e-17 0 1.11022302462516e-17 1.77635683940025e-16 4.44089209850063e-17 2.83806311784929e-13 2.22044604925031e-17 0 0 0 0
1.99562588676372e-13 4.53581616710608e-13 2.62379007409663e-13 3.88578058618805e-16 8.08575939537093e-10 8.14090317380334e-10 1.94835592104425e-10 5.85900439276088e-11 0 0 2.22044604925031e-17 1.54209978120434e-14 4.44089209850063e-17 6.78679334953358e-14 2.43181317305385e-09 3.21964677141295e-16 5.8386628865037e-14 7.52581535978791e-09 1.21547216735962e-13 4.44089209850063e-17 1.66533453693773e-16 1.22124532708767e-16 4.44089209850063e-17 5.55111512312578e-17 1.11022302462516e-17 1.59872115546023e-15 1.63202784619898e-15 2.17603712826531e-15 5.88418203051333e-16 2.56461518688411e-15 1.99840144432528e-16 7.105427357601e-16 2.8199664825479e-15 5.27355936696949e-15 9.76996261670138e-16 4.44089209850063e-16 3.99680288865056e-16 0 1.65867319878998e-14 2.87103674168066e-14 1.88737914186277e-16 0 0 0
7.20756787586652e-14 1.35398359191186e-12 8.64275317979946e-13 3.93585164459864e-13 9.02753526377254e-09 3.94614375620606e-09 4.29793755030161e-09 4.37863977298392e-09 3.15303338993544e-15 0 0 0 2.22044604925031e-17 1.5565071453949e-11 3.82617271199592e-12 3.49185881320935e-09 5.53047940776707e-11 1.99729122130066e-14 1.85177762013211e-11 2.55351295663786e-16 7.21644966006352e-16 9.99200722162641e-17 1.4432899320127e-16 3.88578058618805e-16 7.66053886991358e-16 3.66373598126302e-16 1.0325074129014e-15 1.65423230669148e-15 1.34836586340725e-13 2.21489493412719e-14 5.52002887843628e-14 5.99520433297585e-16 1.35447209004269e-15 6.66133814775094e-17 5.55111512312578e-17 2.1094237467878e-16 8.43769498715119e-16 6.48592290986017e-14 7.37077066048641e-14 9.42135258696908e-14 9.54791801177635e-16 1.11022302462516e-17 0 0
0 1.11688436277291e-14 2.57693866245745e-13 5.55111512312578e-17 6.56570253720901e-10 1.04608188999933e-08 4.09233271714271e-09 6.35233550205783e-09 3.53572726652374e-13 8.95884699758653e-11 1.29718458197203e-13 0 0 0 0 1.11022302462516e-17 0 0 8.21676060525078e-14 0 7.88258347483861e-16 4.55191440096314e-16 1.97619698383278e-15 7.105427357601e-16 3.10862446895044e-16 3.33066907387547e-16 2.77555756156289e-16 2.66453525910038e-16 2.44249065417534e-16 1.27675647831893e-15 1.27052201315259e-08 5.18858001008482e-10 7.33080263159991e-14 1.24344978758018e-15 2.99760216648792e-16 1.32116539930394e-15 3.77475828372553e-16 9.76996261670138e-16 1.4033219031262e-14 2.58681964737661e-15 1.13242748511766e-14 1.55431223447522e-16 0 0
0 0 0 0 0 2.61117794053689e-12 2.0101787234772e-08 2.58949828246813e-10 9.75886038645513e-15 2.22044604925031e-17 3.69482222595252e-14 1.4432899320127e-16 1.11022302462516e-17 0 5.55111512312578e-17 1.11022302462516e-17 2.55351295663786e-16 0 0 1.24194321493576e-11 3.33066907387547e-17 7.7715611723761e-17 1.68753899743024e-15 1.48769885299771e-15 8.88178419700125e-16 3.44169137633799e-16 6.32827124036339e-16 0 2.22044604925031e-16 9.99200722162641e-17 3.32933680624592e-13 9.31864252429193e-11 3.33889471626492e-11 1.31347155374328e-12 1.01252339845814e-14 6.69020394639119e-14 2.40474307133809e-14 1.08146824828737e-13 4.31876756579186e-15 3.54161144855425e-15 1.01141317543352e-14 4.10782519111308e-16 0 0
0 0 2.22044604925031e-17 3.33066907387547e-17 1.11022302462516e-17 1.11022302462516e-17 3.21553661475349e-10 7.48792505778084e-10 8.97248275677498e-11 4.66293670342566e-16 1.95621296938953e-14 3.33066907387547e-17 1.37007960532287e-11 1.850086528421e-09 1.08357767203415e-14 7.34967642301854e-15 1.11022302462516e-17 0 7.7715611723761e-17 9.99200722162641e-17 7.7715611723761e-17 3.21964677141295e-16 4.44089209850063e-17 1.25455201782643e-15 2.22044604925031e-17 5.32907051820075e-16 1.46549439250521e-15 0 0 1.11022302462516e-17 1.11022302462516e-17 5.73066816222934e-11 6.60099023219729e-09 2.65811594957199e-11 2.7792323997744e-12 2.49846698885392e-11 5.2760981139599e-10 3.26697557895272e-12 1.49102952207159e-14 2.78665979180914e-15 1.50990331349021e-15 1.0769163338864e-15 1.01030295240889e-15 8.88178419700125e-17
0 0 3.30188099084694e-12 2.22044604925031e-17 0 0 2.27151630838307e-13 1.06651323328322e-09 2.29845753541014e-10 8.10173039766937e-11 2.22044604925031e-17 4.66293670342566e-16 0 3.33066907387547e-16 9.23927601093055e-13 2.24265050974282e-15 2.51809684215232e-13 0 0 0 3.8968828164343e-14 0 1.11022302462516e-16 4.55191440096314e-16 2.22044604925031e-17 1.11022302462516e-17 8.10462807976364e-16 0 1.55431223447522e-16 0 4.88498130835069e-16 3.71813690946965e-14 9.19317955094812e-12 7.7715611723761e-17 1.09401376846563e-12 7.30715488117539e-13 1.8033241566684e-12 1.58868918020971e-11 5.60662627435704e-14 5.91970916730134e-14 9.88098491916389e-16 4.55191440096314e-16 1.55431223447522e-16 1.55431223447522e-16
0 0 5.59552404411079e-15 0 0 0 0 2.09767886394374e-09 2.71620135272599e-09 2.0631568009577e-09 3.05516467680178e-10 8.84127215883268e-12 6.89390100561127e-11 0 3.75536934882348e-11 8.59151216836551e-10 9.09506892021739e-10 2.54072773930858e-10 6.50113296529753e-13 1.59786628373126e-11 5.5234413820493e-09 2.47060683022937e-09 0 1.88737914186277e-16 1.99840144432528e-16 3.21964677141295e-16 3.10862446895044e-16 3.33066907387547e-17 5.55111512312578e-17 2.22044604925031e-17 2.22044604925031e-17 2.22044604925031e-17 1.19315668456466e-13 2.22044604925031e-17 1.11022302462516e-16 1.11022302462516e-17 8.88178419700125e-17 2.59348098552437e-14 8.97737439942148e-13 2.13316808661546e-11 4.2854608750531e-15 4.77395900588817e-16 9.99200722162641e-17 0
0 0 0 0 0 0 0 2.94209101525666e-15 7.34504790322887e-11 1.15463194561016e-15 4.11837896008294e-09 8.1351132830143e-09 1.29562416351092e-10 1.29058663755899e-10 3.99680288865056e-16 1.11022302462516e-16 0 0 1.11022302462516e-17 8.02358179896601e-14 2.82480705493526e-10 2.20896939628901e-09 6.1874161461084e-09 0 5.55111512312578e-17 1.22124532708767e-16 2.88657986402541e-16 0 2.33146835171283e-16 0 3.45192874284805e-11 8.10462807976364e-16 1.04627417840675e-13 3.33066907387547e-17 2.6143975873083e-12 7.7715611723761e-17 1.11022302462516e-17 2.55351295663786e-16 0 0 2.22044604925031e-17 1.14797060746241e-14 6.31716901011714e-15 1.11022302462516e-16
3.33066907387547e-17 0 0 7.85882470211163e-13 0 0 0 0 4.32986979603811e-16 1.84652293455656e-13 3.47721453852756e-09 4.28579749467417e-10 2.22044604925031e-17 7.26640969617165e-14 0 0 3.66373598126302e-16 0 0 0 0 0 5.28062038540611e-12 4.74185265497695e-09 5.5883063732054e-10 7.86370968341998e-14 0 1.11022302462516e-17 0 0 0 0 9.27917520598953e-11 2.66229234213711e-09 6.49886533476973e-09 2.96074815775427e-08 2.22044604925031e-17 0 3.10862446895044e-16 0 0 4.55191440096314e-16 4.82347495278646e-13 4.14113188185183e-15
-9999 0 0 0 1.11022302462516e-17 0 0 0 1.18793863634892e-15 4.6029846600959e-14 6.79679645898545e-12 5.26781063214798e-11 1.08801856413265e-15 2.55351295663786e-15 1.22124532708767e-15 0 0 0 0 0 0 0 0 0 3.03834735149167e-13 5.20694598549198e-15 4.42978986825437e-15 0 0 0 0 0 0 0 2.23154827949656e-15 2.36294317446095e-11 3.68594044175552e-15 1.43218770176645e-15 2.99760216648792e-16 0 0 0 1.13242748511766e-15 4.02811117794499e-13
-9999 0 0 0 0 0 0 0 0 0 2.95319324550292e-15 0 0 0 0 1.11022302462516e-17 3.28084104328497e-10 1.9971579945377e-12 0 0 0 0 0 1.11022302462516e-17 0 0 0 0 0 0 0 0 0 0 4.44089209850063e-17 4.9960036108132e-16 2.09832151654155e-15 4.55191440096314e-16 1.11022302462516e-17 0 0 0 0 2.22044604925031e-17
-9999 -9999 0 0 0 0 0 0 0 6.21724893790088e-16 0 0 0 0 0 0 0 0 0 0 0 0 0 0 0 0 0 0 0 0 0 0 0 0 2.22044604925031e-16 1.66533453693773e-16 0 0 0 0 0 0 0 0
-9999 -9999 0 0 0 0 0 0 0 0 0 0 0 0 0 0 0 0 0 0 0 0 0 0 0 0 0 0 0 0 0 0 2.22044604925031e-17 0 6.66133814775094e-17 3.33066907387547e-17 2.22044604925031e-17 0 0 0 0 0 0 0
