Maxent_result_files_2/B_consobrinus_3.asc
NCOLS 594 
NROWS 330 
XLLCORNER -15 
YLLCORNER 23 
CELLSIZE 0.166666666666667 
NODATA_value -9999 
[rows 60 to 79 of 330, columns 484 to 527 of 594]
3.07507188041178e-05 1.13257062607897e-05 3.86989885603484e-07 2.56640995943691e-07 6.37709195017155e-06 8.39471970890737e-05 1.47625313667743e-05 4.90116029981946e-06 2.9219880397946e-06 1.21393157352934e-06 4.58366128119891e-07 4.1591979778044e-07 3.47754585228177e-07 2.85320545312384e-07 2.80569494559568e-07 2.69783365569598e-07 2.37316889351025e-07 1.68012012358165e-07 1.61039809964958e-07 1.47838506425746e-07 1.48893728024735e-07 1.36828454955218e-07 1.16621649415283e-07 1.16165718333505e-07 1.05575269815361e-07 5.86569985250307e-08 5.64531211999508e-08 7.03261114343157e-08 5.92635848395417e-08 8.78942080673184e-08 3.54867031759909e-08 9.79272095635864e-08 2.50611918994892e-09 1.67402193329558e-08 2.2236571406431e-08 3.35057161238161e-08 9.77739977869874e-09 3.59356340573491e-08 4.13866193760271e-08 3.73211159643283e-08 4.04551239618911e-08 2.55345391275696e-08 2.64604870015006e-08 1.62981261930817e-08
5.95022048759719e-05 4.27645374612151e-07 8.14649736557982e-09 0.000728598520212498 0.000208720257082218 3.27041211456547e-05 4.5730972287128e-05 1.07031344006137e-05 1.09736665051541e-06 7.02867968149778e-07 4.13092385476155e-07 2.4862664472769e-07 4.06087320314885e-07 3.71789334663308e-07 3.39254805692413e-07 3.24863390555041e-07 2.70314888206613e-07 2.08173247528975e-07 1.67666939643318e-07 1.51169267315066e-07 1.29478799815175e-07 1.19850018298617e-07 1.25365305947422e-07 1.28917910413584e-07 9.7844352386911e-08 8.41399981243995e-08 7.48829475427648e-08 5.56258448192182e-08 3.97697640930339e-08 5.83908532192368e-08 5.84653427671e-08 5.90677826317609e-08 3.9575984811524e-08 5.93348390531823e-08 1.50519665442772e-07 1.24454170469246e-07 4.2475326134106e-08 3.66768798887307e-08 3.16034717728897e-08 2.88855771524155e-08 2.64086226109406e-08 2.6448391876599e-08 2.60790336548133e-08 8.87534679083757e-10
2.54041042169195e-07 2.93378730198413e-08 6.56682939137454e-09 1.91931768271369e-05 0.000179395194078436 9.3239100641973e-05 6.10980194155286e-05 1.58400980148521e-05 7.31750412852339e-07 2.92384476419105e-07 1.55627786350143e-06 4.68063036584976e-07 1.06245495312685e-07 3.51861073932813e-07 6.92788297762537e-07 2.99787990165612e-07 2.76331782944617e-07 2.38179045375375e-07 1.74333853164566e-07 1.44775134680586e-07 1.24869943451955e-07 8.08975656352295e-08 6.17970504879217e-08 7.93712153335235e-08 6.78455560398916e-08 6.21848817217163e-08 5.66520342526466e-08 1.13571735493867e-07 7.06321190535597e-08 9.46526183542851e-08 5.59188730431259e-08 2.8492126924462e-08 5.46974633142128e-08 2.12318544479118e-07 5.21209458037575e-08 2.98746716365095e-08 2.73210062684548e-08 1.22372486455191e-07 3.05733578231937e-08 2.66961152295408e-08 3.58749724038709e-08 1.38927722659332e-09 -9999 -9999
0.000162396942978327 0.000687401851198843 2.29383959385654e-05 0.000290264632963388 1.11740980422326e-05 8.04646123268027e-06 0.000169791208868408 1.9358915388068e-06 3.11310101891449e-06 1.17044593409554e-06 3.85767071153786e-07 4.70709006705761e-07 4.99243085960721e-07 1.49443504037228e-06 1.34391080486296e-09 2.42852994614129e-07 1.79380654019567e-07 7.00675130316242e-07 1.69009158423883e-07 1.30174301782304e-07 1.06714049841194e-07 8.65660726656614e-08 7.04244301985568e-08 6.60576146338521e-08 3.47013043855426e-08 4.77230557738295e-08 4.26613528059505e-08 4.02784586461813e-08 5.42290926164313e-08 1.89134078942832e-07 5.80819895623641e-08 2.17070581176593e-08 1.52473859726943e-07 3.95993409618711e-08 3.41637579115428e-08 2.31488581747818e-08 2.63102545194904e-08 8.53073943485327e-08 1.80698516927258e-08 2.09285194618936e-08 3.95311587908509e-09 -9999 -9999 -9999
1.87774543806363e-05 9.48953359203752e-05 0.00223386952621039 0.000479143447001829 0.000161337760377667 1.55316652658333e-05 1.34963505858621e-05 3.43535540823225e-06 2.07169470745061e-06 1.94238590247586e-06 1.21769257158677e-06 7.71496125340221e-07 3.85249732182125e-07 5.04514153010227e-08 1.02545399838228e-07 3.84355038907103e-09 2.87038408930407e-08 1.54947377608572e-06 1.46834172198851e-07 1.15086207896908e-07 9.00635440559405e-08 7.23098701471692e-08 6.47033596590241e-08 6.0298676540782e-08 4.61148330299643e-08 3.9554191200164e-08 3.88968778741727e-08 3.59664021676309e-08 3.51400739617702e-08 3.53025439325805e-08 2.39151172864993e-08 2.76643745245053e-08 1.55634933496351e-08 2.6334026437258e-08 2.4032372136773e-08 3.80745681538563e-08 2.33582299169477e-08 2.08767412912536e-08 1.52987316592856e-08 -9999 -9999 -9999 -9999 -9999
0.00250435205491513 0.00190359380401937 7.6304935156335e-05 3.26768175484493e-05 1.07576493089678e-05 1.97463479232329e-06 9.22957349691611e-07 7.91111998454941e-07 5.7771976297305e-07 4.55961162149077e-07 4.07268431878993e-07 3.17877263089628e-07 4.2704174399999e-07 4.82992702566243e-07 5.03081673697281e-07 4.57991242786004e-07 1.17813107902709e-07 1.9068559926616e-07 2.39104069310603e-07 6.53642551196043e-10 8.64331400007856e-08 2.84393325222787e-08 4.30431612574722e-10 7.63794779645721e-09 2.62475335355283e-08 4.89609337517294e-08 3.45277315738635e-08 2.85894403373454e-08 2.67250204633029e-08 2.46155707817053e-08 2.34468408244481e-08 2.11196966914962e-08 2.0252762233941e-08 2.06476300168568e-08 2.2361572016294e-08 2.05999259317302e-08 1.75485249109819e-08 5.12058728752152e-11 -9999 -9999 -9999 -9999 -9999 -9999
0.000601327702817078 0.000166204566668571 8.3506519828247e-06 1.77150581147645e-06 7.3872901312777e-07 3.01594785390158e-07 2.94962660019049e-07 3.63946936965398e-07 3.72606975973522e-07 3.87304582660786e-07 5.02917958067339e-07 8.45340710031728e-07 7.73234156714597e-07 7.35252383321505e-07 4.15557431465707e-07 6.69045798651346e-08 7.09376302143738e-10 1.42480730902506e-07 5.36169253440022e-10 5.15410530699256e-08 1.80005411687389e-09 1.50498502549112e-12 3.91073595729097e-10 3.43996809926139e-08 3.9488742231697e-08 7.65618738407525e-09 3.30173101636966e-08 1.90328661386907e-08 1.90428423252342e-08 1.97638145293944e-08 1.62428233974055e-08 1.36192374600164e-08 5.13339811769598e-08 3.96078003728206e-10 1.8491397302256e-11 -9999 2.10994679616938e-08 -9999 -9999 -9999 -9999 -9999 -9999 -9999
2.37742284878162e-05 1.32133394080025e-05 3.04053643507274e-07 2.0934564787245e-07 2.4995155378793e-07 2.26813541726045e-08 1.66205105234241e-10 4.9551276193327e-09 4.12855634346343e-08 5.91307559250076e-08 5.85555270937732e-11 9.2578666954779e-11 3.51557225553023e-09 1.84537005898378e-08 4.11288669788235e-11 4.75213868256219e-11 2.8723100564676e-10 1.0047220055931e-09 3.69189234739053e-11 3.70387179815523e-09 7.1718282423916e-10 -9999 3.1264447801771e-07 7.27749232987129e-08 2.66717328334387e-08 -9999 1.23957255571128e-10 2.6187707558023e-11 7.26241511372905e-11 4.76831907292308e-12 1.58761892521397e-14 2.5685009674703e-13 2.88857826546973e-12 3.05030448011223e-08 1.32680162934218e-07 -9999 -9999 -9999 -9999 -9999 -9999 -9999 -9999 -9999
2.12081989288126e-06 1.42054504690403e-06 4.90368474670433e-06 1.86559479986581e-07 1.19162202327772e-10 6.43796695953824e-09 1.96817051545395e-10 8.42103053955157e-11 3.40815187183097e-10 2.38209685310409e-10 4.57416239505459e-06 3.21772172240387e-09 6.23232563556897e-08 5.14552711550209e-10 4.19996482037277e-11 1.08195546966172e-09 1.07564738893728e-08 4.28211222258668e-08 1.07907187696377e-07 8.16679367798834e-08 5.74049562329648e-09 -9999 -9999 -9999 1.7554655618035e-09 1.07565406581855e-09 4.83930451267156e-11 -9999 1.51327839148507e-11 2.14885850224888e-08 1.08470949999884e-09 5.40589795150481e-13 1.29145694138799e-11 -9999 -9999 -9999 -9999 -9999 -9999 -9999 -9999 3.78790199206946e-10 1.34851078081866e-09 1.41668565767361e-11
1.63214109073495e-06 1.55209393766231e-06 3.02636578664028e-07 1.78961792052235e-09 3.55382390182513e-12 2.67806109510715e-09 8.10750167001828e-10 1.04391601956078e-06 9.82266679105947e-10 1.17505003394136e-08 4.27729567320512e-09 3.48932898242005e-07 1.42906773997753e-06 9.82577982400201e-07 3.35305621368409e-07 2.88381325782572e-06 5.08299265344903e-07 1.243277173546e-07 8.65645378045343e-08 6.08488816666863e-08 5.18752015898905e-08 6.14852045277559e-08 5.5995980197121e-08 1.43390068707561e-09 1.15910503417638e-11 4.27019436477494e-09 -9999 -9999 -9999 -9999 -9999 -9999 -9999 -9999 -9999 -9999 -9999 -9999 -9999 -9999 5.51204393239857e-10 1.11232843602593e-08 4.3602916988128e-08 1.00202996344834e-08
9.10366844589783e-06 9.25139146235043e-07 1.19946450882757e-08 1.05551635209977e-09 6.00883175438938e-09 1.39410094801562e-08 1.54670754662911e-06 5.56285248975996e-09 3.06471320454804e-07 9.96535345354488e-09 1.42034933814372e-09 7.67825580894055e-11 3.78921808708022e-08 1.18455560201847e-06 1.13898399380918e-06 2.95449507359269e-07 7.57885825208859e-09 6.66643589219973e-09 2.33057257748026e-07 1.88882549378988e-08 4.78777694601362e-08 5.64161259708484e-08 5.00695658378625e-08 4.18855667705387e-08 3.55395565976302e-08 8.35743973581771e-08 1.03409445739722e-07 5.61679906363466e-08 2.38027078047764e-09 5.54821070197775e-09 4.68735926739683e-08 4.73251370225469e-07 1.62469661835196e-08 9.55495484955549e-09 1.69730641763621e-09 2.3069768317896e-12 6.87292545098472e-10 -9999 -9999 7.20745130244893e-11 3.24997858625053e-09 8.83614307711777e-07 2.52027016700573e-08 7.33526295260134e-09
5.36772424286624e-09 6.95602304645604e-09 1.31965176021209e-06 2.45004688270711e-07 5.9163053567346e-09 1.41703957290407e-07 3.32511845058114e-08 7.68930392758271e-07 4.35744125226734e-09 3.11028440780348e-09 1.42563969784959e-07 7.15140217488752e-08 1.2933999348208e-07 1.29704677476195e-07 1.28922227193851e-07 1.61077602367499e-09 1.55066566365214e-08 4.87971688611921e-09 5.7479771831126e-09 3.9202188575338e-07 6.86065915378453e-07 6.85401412903186e-07 1.14841252429887e-07 5.26294370195579e-08 3.58467549754771e-08 2.63916998477498e-08 5.48032327263304e-07 1.22200903329706e-07 2.92905389498443e-08 1.16644940706401e-08 5.69642722769714e-08 2.24502839096807e-08 1.89206334488823e-08 1.88081049068423e-08 1.78222908986392e-08 8.56217916567203e-09 3.48004958183878e-12 2.15773136691411e-08 9.46458892925328e-08 5.07942976568643e-10 1.91729776499727e-10 1.11790845236381e-07 2.54177367609021e-07 2.82615439661793e-07
2.20692772134878e-07 9.88459029782618e-07 1.27506539084887e-05 8.12738674693669e-08 9.34060403245951e-08 2.92255633749239e-07 1.60822366024327e-07 1.83156323441125e-10 7.82933962106824e-10 4.87209530497523e-09 1.07943683558265e-07 3.11883928406642e-06 1.76998003709183e-07 4.27576934414198e-08 1.56725873390329e-09 2.28773230359636e-09 1.26873902273061e-08 8.42967055980637e-07 1.27030509333714e-08 1.11999097773818e-07 4.8862860169141e-08 3.13266261375844e-08 2.07505670535291e-08 3.29135504406608e-09 2.26723395391204e-08 8.71196847995748e-10 2.85609661476727e-08 2.30039977733298e-08 3.76694398751543e-07 4.37709865019897e-08 1.4090586204496e-07 9.23618331039044e-08 6.34589717884992e-08 2.84012665940914e-08 2.38749330305765e-08 5.08914129726534e-08 6.58898011507425e-07 1.22342778130502e-09 1.06580189118688e-10 9.52341706283999e-07 1.82556346976837e-05 5.45297362819497e-11 1.56520645822056e-07 1.56872667489427e-07
2.46180316132438e-09 1.42983640705197e-08 3.4972694390456e-07 1.85592575752125e-09 7.00287344779227e-09 1.30983267454532e-08 6.93293776832249e-09 1.85656767737186e-10 1.37445499426292e-11 5.07415555794921e-08 1.77578677207357e-08 2.18470995194675e-07 8.51577851712637e-07 5.61197431525606e-08 8.53599630423751e-08 6.42432470776555e-08 4.88616158644817e-08 2.16214204051823e-07 3.53924154539165e-08 3.04327778755109e-08 2.29444185873007e-08 2.12089146578442e-08 3.60125930853883e-08 6.05172678636023e-10 2.33977483055092e-08 2.1339668334619e-07 4.5458694941658e-08 1.88640717380117e-08 1.83480285631532e-08 3.47641314180081e-08 5.11649928647273e-08 2.58890460247407e-07 3.27222465235089e-08 3.27802558097723e-08 2.05084084825558e-08 2.32203472116943e-07 1.54366497917557e-08 1.7376003554892e-07 1.6162799076902e-08 3.31388191221471e-08 5.94643104756543e-09 1.27282030170095e-06 1.5264071229204e-09 4.1515357818156e-11
6.6244055051623e-06 1.63499215510843e-07 2.29522865158316e-09 1.88353919683415e-08 2.67153033028933e-10 1.88753920271623e-09 5.65462303647735e-09 4.19568053633412e-09 4.67443295182335e-10 6.61175871219388e-07 1.04132691991499e-07 2.43316321790754e-07 0.0632121551714658 6.00841308040501e-08 5.93294177675396e-08 5.98117917971486e-08 4.30034572507232e-08 3.69361418561809e-08 2.53839736075179e-07 4.66019830613895e-08 6.45671054400054e-08 4.30908304593913e-09 1.0207605037893e-07 1.87611509105956e-08 1.83518766294632e-08 2.39332129448044e-08 1.74539305042298e-07 1.87326821943223e-08 1.82297509754292e-08 8.78529586079146e-08 1.92937569879481e-06 7.87109051270107e-09 7.13729098045235e-09 1.4811462456521e-08 2.52419151025585e-08 1.23907977322979e-08 3.03896188658115e-07 1.59830793045046e-08 1.57228648545171e-08 1.47698740127211e-08 1.41176191958969e-08 1.9948899443456e-08 4.48994154078619e-09 1.62110945356453e-07
3.54070301049614e-06 6.74003155731739e-08 1.05800192273797e-08 4.43666103855378e-10 1.41052284297061e-09 9.09792946024446e-07 3.98059450634758e-07 1.44522839917727e-08 8.64442783410357e-07 4.88485910754566e-07 6.9044741668467e-08 2.01425507051489e-07 1.2648633827661e-06 3.06374905911788e-07 3.3983416893868e-07 3.39761429422047e-06 5.21363583205758e-07 3.52912882806145e-08 1.31118278801079e-07 2.54672107735665e-08 2.49334426993819e-08 3.00076055115284e-09 2.23798390930341e-10 2.65389286213669e-08 1.95495874155682e-08 1.79882280737509e-08 1.85970926436241e-08 1.83188305191706e-08 1.40087523248233e-07 1.09270403793049e-06 2.45624675965228e-07 1.77467816331323e-08 4.37290809118807e-08 1.32467861346797e-08 1.75288708437193e-08 1.73104504508359e-08 9.96664555741322e-07 2.27442515376985e-08 2.40523634453815e-08 1.42274973469192e-08 1.24656396649492e-08 9.81791881238259e-08 3.0440159282108e-10 2.35443440299576e-09
5.7371061124023e-09 2.93204838186512e-10 1.86994987383393e-08 3.49430850921095e-10 3.63299962002905e-08 1.57752910623366e-08 6.94066996220766e-06 5.58786725373461e-05 6.35603065535228e-07 1.43448248834943e-09 1.71717108354841e-07 1.1406316193785e-07 3.66303191934314e-07 9.35971697924032e-08 1.05879756662208e-07 8.31862626538005e-07 2.66115063496386e-07 3.3954095611799e-07 2.2124005728541e-07 1.08287178324229e-07 2.07301802324089e-07 4.95561779501053e-08 5.38477057276943e-08 1.19364042316938e-08 2.31586324961341e-07 1.7669811847032e-08 2.61318018657253e-07 7.03705498250606e-07 5.04064837725249e-07 1.36593655120087e-07 5.68233421693876e-07 9.86768302624341e-09 9.25449468169859e-09 7.4091341839555e-09 1.98630901271368e-07 6.13761162893134e-08 1.76432533038895e-07 5.4955916073407e-08 5.763625743338e-07 1.29204048301412e-06 1.3917587370349e-07 7.67823583380789e-08 2.33212903433255e-09 2.04625833055694e-08
1.54485841976526e-05 6.15598712219167e-06 6.37199826236667e-10 1.26965156166392e-09 2.34128754050822e-08 2.8741500768259e-08 4.62447923695875e-05 2.91313458244957e-08 0.000785641969870809 4.51628228972378e-06 1.33242827882185e-10 3.55762656656378e-07 4.9080668884649e-08 1.67607848378104e-08 1.21208667214212e-07 1.47881662710958e-06 2.58149694798426e-07 5.08435308854693e-08 1.35698546843699e-09 1.24024577607962e-08 4.98326770959068e-09 4.8545946873535e-08 4.69447355322394e-08 3.6664928115826e-08 2.98411161991918e-07 6.46353695454849e-08 6.77239200497226e-08 3.27903253327655e-08 2.406232347818e-08 5.0813129504057e-08 9.90430574221435e-09 1.87799365058972e-08 1.56374881821186e-08 6.32757836668274e-06 2.70131966120246e-06 7.75118739859693e-08 2.3403224613805e-07 7.40497669915463e-07 4.1732520350557e-07 1.49227098056315e-06 1.99138857626124e-08 3.16910562681016e-08 1.25476307122341e-10 1.16639767622218e-08
0.465070887809449 1.95911057991882e-06 2.24600489828752e-07 2.89814005216105e-05 2.17422114981991e-06 3.48531068117275e-08 3.03008425313944e-05 1.81091477119533e-05 1.57927833688287e-07 6.24177552199789e-08 1.6824686194461e-06 5.40988216547467e-06 2.05110138873366e-09 4.48063854907588e-09 4.38004007730086e-08 1.83223123229048e-08 1.22875766905839e-07 1.18892261147252e-08 4.23838447149993e-07 1.5282868370825e-08 2.99064563114015e-09 1.32490896032067e-10 5.81238176255994e-08 2.90558774374006e-08 3.81333629118075e-08 9.89721060662419e-10 7.51290177403163e-08 1.6863631698838e-07 8.95607621398398e-10 2.67234092188318e-08 3.95859383939268e-08 1.32857083224858e-06 1.9020938091252e-07 1.06981145545637e-06 3.85252972345818e-06 1.37433912139606e-08 2.09208832369079e-08 1.2305379570865e-08 2.15209763010371e-08 2.91851517397745e-08 4.38535116109584e-08 3.73614306903303e-07 5.10261646391452e-07 1.55738714036069e-08
3.20518041685425e-07 0.000304230382502824 8.04433639534086e-07 1.57099622047907e-06 1.89717303846759e-06 1.18265598429979e-06 3.98592005373954e-06 4.41348851958345e-06 0.000539738887059038 3.4488218331219e-05 6.04675387164688e-06 2.43412426572664e-06 7.46481046662861e-06 5.11062579477972e-08 1.83904257489154e-08 8.21700556574712e-07 1.72508287280548e-06 1.64517254006569e-06 9.56916764716098e-09 5.799975051346e-08 1.69222840185057e-09 6.89578738555241e-10 4.11897682628393e-10 1.5915472462158e-08 1.36088057176575e-06 1.42012960058224e-08 2.44198414711683e-08 1.87370189286273e-07 1.2339332610134e-07 3.32715794804095e-08 1.23645789718019e-08 1.96595950185952e-08 1.60997626341697e-10 6.73640041526369e-09 4.21703675312912e-09 1.2925664982788e-09 1.14307330267849e-10 2.828383971476e-08 4.14204723409029e-08 7.54500610322673e-08 5.96051055368196e-06 0.000294642666541367 1.87954807273627e-10 3.78304620962666e-10
