Maxent_result_files_2/B_consobrinus_3.asc
NCOLS 594 
NROWS 330 
XLLCORNER -15 
YLLCORNER 23 
CELLSIZE 0.166666666666667 
NODATA_value -9999 
[rows 260 to 279 of 330, columns 132 to 175 of 594]
5.55111512312578e-17 9.99200722162641e-17 1.77635683940025e-16 2.22044604925031e-16 2.33146835171283e-16 2.44249065417534e-16 6.65023591750469e-15 1.92068583260152e-15 3.17523785042795e-15 1.92068583260152e-15 1.77635683940025e-16 2.88657986402541e-16 1.36557432028894e-15 6.66133814775094e-17 1.11022302462516e-17 2.22044604925031e-17 2.23598917159507e-14 1.33226762955019e-16 1.11022302462516e-17 4.09859368666332e-11 7.67164110015983e-15 6.55031584528842e-16 -9999 -9999 -9999 -9999 -9999 -9999 -9999 -9999 -9999 -9999 -9999 -9999 -9999 -9999 -9999 -9999 -9999 -9999 -9999 -9999 -9999 -9999
3.33066907387547e-17 5.55111512312578e-17 8.88178419700125e-17 9.99200722162641e-17 4.55191440096314e-16 4.9960036108132e-16 1.13242748511766e-15 3.5527136788005e-16 7.66053886991358e-16 2.22044604925031e-17 0 1.11022302462516e-17 4.32986979603811e-16 9.99200722162641e-17 1.15463194561016e-15 6.10622663543836e-16 3.13082892944294e-15 3.04201108747293e-15 1.08801856413265e-15 8.88178419700125e-17 -9999 -9999 -9999 -9999 -9999 -9999 -9999 -9999 -9999 -9999 -9999 -9999 -9999 -9999 -9999 -9999 -9999 -9999 -9999 -9999 -9999 -9999 -9999 -9999
2.22044604925031e-17 4.44089209850063e-17 4.44089209850063e-17 5.55111512312578e-17 4.44089209850063e-17 5.55111512312578e-17 5.55111512312578e-17 9.99200722162641e-17 9.99200722162641e-17 1.55431223447522e-16 1.4432899320127e-16 7.7715611723761e-17 8.77076189453874e-16 7.43849426498855e-16 8.10462807976364e-16 1.765254609154e-15 1.64313007644523e-15 2.50910403565285e-15 -9999 -9999 -9999 -9999 -9999 -9999 -9999 -9999 -9999 -9999 -9999 -9999 -9999 -9999 -9999 -9999 -9999 -9999 -9999 -9999 -9999 -9999 -9999 -9999 -9999 -9999
1.11022302462516e-17 3.33066907387547e-17 3.33066907387547e-17 2.22044604925031e-17 2.22044604925031e-17 2.22044604925031e-17 0 1.11022302462516e-17 5.55111512312578e-17 8.88178419700125e-17 1.33226762955019e-16 2.44249065417534e-16 3.10862446895044e-16 5.10702591327572e-16 2.66453525910038e-16 9.32587340685132e-16 1.80966353013901e-15 2.36477504245158e-15 -9999 -9999 -9999 -9999 -9999 -9999 -9999 -9999 -9999 -9999 -9999 -9999 -9999 -9999 -9999 -9999 -9999 -9999 -9999 -9999 -9999 -9999 -9999 -9999 -9999 -9999
2.22044604925031e-17 3.33066907387547e-17 3.33066907387547e-17 3.33066907387547e-17 3.33066907387547e-17 0 0 0 3.33066907387547e-17 3.33066907387547e-17 3.33066907387547e-17 3.33066907387547e-17 4.44089209850063e-17 9.99200722162641e-17 1.77635683940025e-16 6.66133814775094e-17 0 0 5.55111512312578e-17 -9999 -9999 -9999 -9999 -9999 -9999 -9999 -9999 -9999 -9999 -9999 -9999 -9999 -9999 -9999 -9999 -9999 -9999 -9999 -9999 -9999 -9999 -9999 -9999 -9999
2.22044604925031e-17 2.22044604925031e-17 1.11022302462516e-17 1.11022302462516e-17 1.11022302462516e-17 1.11022302462516e-17 1.11022302462516e-17 1.11022302462516e-17 1.11022302462516e-17 1.11022302462516e-17 0 0 1.11022302462516e-17 8.88178419700125e-17 2.22044604925031e-16 5.6621374255883e-16 9.2148511043888e-16 1.55431223447522e-15 7.7715611723761e-17 1.79856129989275e-15 -9999 -9999 -9999 8.65973959207622e-16 -9999 -9999 -9999 -9999 -9999 -9999 -9999 -9999 -9999 -9999 -9999 -9999 -9999 -9999 -9999 -9999 -9999 -9999 -9999 -9999
2.22044604925031e-17 2.22044604925031e-17 2.22044604925031e-17 2.22044604925031e-17 1.11022302462516e-17 1.11022302462516e-17 1.11022302462516e-17 1.11022302462516e-17 1.11022302462516e-17 1.11022302462516e-17 1.11022302462516e-17 0 0 6.66133814775094e-17 1.66533453693773e-16 2.77555756156289e-16 5.6621374255883e-16 7.43849426498855e-16 6.55031584528842e-16 1.11022302462516e-17 1.66533453693773e-16 8.10462807976364e-16 -9999 -9999 -9999 -9999 -9999 -9999 -9999 -9999 -9999 -9999 -9999 -9999 -9999 -9999 -9999 -9999 -9999 -9999 -9999 -9999 -9999 -9999
1.11022302462516e-17 1.11022302462516e-17 2.22044604925031e-17 2.22044604925031e-17 1.11022302462516e-17 1.11022302462516e-17 1.11022302462516e-17 1.11022302462516e-17 1.11022302462516e-17 1.11022302462516e-17 0 0 0 2.22044604925031e-17 4.44089209850063e-17 8.88178419700125e-17 2.22044604925031e-16 3.5527136788005e-16 1.58761892521397e-15 4.10782519111308e-16 0 4.44089209850063e-17 1.23234755733392e-15 2.03170813506404e-15 1.55653268052447e-14 -9999 -9999 -9999 -9999 -9999 -9999 -9999 -9999 -9999 -9999 -9999 -9999 -9999 -9999 -9999 -9999 -9999 -9999 -9999
1.11022302462516e-17 1.11022302462516e-17 1.11022302462516e-17 1.11022302462516e-17 1.11022302462516e-17 1.11022302462516e-17 1.11022302462516e-17 1.11022302462516e-17 1.11022302462516e-17 1.11022302462516e-17 1.11022302462516e-17 1.11022302462516e-17 1.11022302462516e-17 1.11022302462516e-17 2.22044604925031e-17 5.55111512312578e-17 1.22124532708767e-16 4.66293670342566e-16 7.32747196252603e-16 5.10702591327572e-16 2.99760216648792e-16 3.33066907387547e-16 6.77236045021345e-16 1.33226762955019e-15 2.58681964737661e-15 -9999 -9999 -9999 -9999 -9999 -9999 -9999 -9999 -9999 -9999 -9999 -9999 -9999 -9999 -9999 -9999 -9999 -9999 -9999
1.11022302462516e-17 1.11022302462516e-17 1.11022302462516e-17 1.11022302462516e-17 1.11022302462516e-17 1.11022302462516e-17 1.11022302462516e-17 1.11022302462516e-17 1.11022302462516e-17 1.11022302462516e-17 0 1.11022302462516e-17 1.11022302462516e-17 1.11022302462516e-17 2.22044604925031e-17 4.44089209850063e-17 6.66133814775094e-17 2.1094237467878e-16 4.88498130835069e-16 1.88737914186277e-16 1.66533453693773e-16 3.99680288865056e-16 5.44009282066327e-16 9.2148511043888e-16 1.77635683940025e-15 1.29896093881143e-15 2.83106871279415e-15 6.7612582199672e-15 1.36779476633819e-14 -9999 -9999 -9999 -9999 -9999 -9999 -9999 -9999 -9999 -9999 -9999 -9999 -9999 -9999 -9999
0 0 0 0 0 0 0 0 0 0 0 0 1.11022302462516e-17 1.11022302462516e-17 2.22044604925031e-17 2.22044604925031e-17 4.44089209850063e-17 1.55431223447522e-16 1.77635683940025e-16 1.66533453693773e-16 0 5.32907051820075e-16 6.10622663543836e-16 6.66133814775094e-16 1.18793863634892e-15 1.54321000422897e-15 1.67643676718399e-15 2.17603712826531e-15 3.75255382323303e-15 1.7874590696465e-15 5.6621374255883e-16 -9999 -9999 -9999 -9999 -9999 -9999 -9999 -9999 -9999 -9999 -9999 -9999 -9999
0 0 0 0 0 0 0 0 0 0 0 0 0 1.11022302462516e-17 1.11022302462516e-17 2.22044604925031e-17 4.44089209850063e-17 1.22124532708767e-16 2.33146835171283e-16 3.77475828372553e-16 3.88578058618805e-16 4.44089209850063e-16 5.88418203051333e-16 6.88338275267597e-16 9.76996261670138e-16 1.16573417585641e-15 1.0547118733939e-15 1.47659662275146e-15 2.36477504245158e-15 3.38618022510673e-15 1.60982338570648e-15 8.65973959207622e-16 0 1.11022302462516e-17 1.11022302462516e-17 0 0 0 4.77395900588817e-16 6.66133814775094e-17 3.33066907387547e-17 6.10622663543836e-16 -9999 -9999
0 0 0 0 0 0 0 0 0 0 0 0 0 1.11022302462516e-17 1.11022302462516e-17 1.11022302462516e-17 3.33066907387547e-17 1.33226762955019e-16 3.5527136788005e-16 2.88657986402541e-16 2.66453525910038e-16 3.66373598126302e-16 3.99680288865056e-16 5.32907051820075e-16 7.21644966006352e-16 9.2148511043888e-16 9.43689570931383e-16 1.25455201782643e-15 1.63202784619898e-15 1.86517468137026e-15 2.30926389122033e-15 4.32986979603811e-16 4.10782519111308e-16 5.77315972805081e-16 6.77236045021345e-16 1.11022302462516e-17 0 0 0 1.55431223447522e-16 6.66133814775094e-17 1.11022302462516e-17 0 0
0 0 0 0 0 0 0 0 0 0 0 0 0 0 1.11022302462516e-17 1.11022302462516e-17 3.33066907387547e-17 1.4432899320127e-16 3.5527136788005e-16 2.77555756156289e-16 2.55351295663786e-16 2.77555756156289e-16 3.33066907387547e-16 4.21884749357559e-16 5.88418203051333e-16 6.99440505513849e-16 7.66053886991358e-16 9.10382880192628e-16 9.99200722162641e-16 0 1.24344978758018e-15 1.27675647831893e-15 1.24344978758018e-15 2.33146835171283e-16 2.99760216648792e-16 3.5527136788005e-16 3.10862446895044e-16 2.33146835171283e-16 0 0 8.99280649946377e-16 1.11022302462516e-17 1.11022302462516e-17 1.11022302462516e-17
0 0 0 0 0 0 0 0 0 0 0 0 0 0 1.11022302462516e-17 1.11022302462516e-17 2.22044604925031e-17 7.7715611723761e-17 1.99840144432528e-16 3.33066907387547e-16 1.55431223447522e-16 2.88657986402541e-16 3.33066907387547e-16 3.5527136788005e-16 3.77475828372553e-16 4.77395900588817e-16 5.6621374255883e-16 6.32827124036339e-16 6.77236045021345e-16 6.99440505513849e-16 7.21644966006352e-16 7.66053886991358e-16 8.88178419700125e-16 8.65973959207622e-16 1.25455201782643e-15 1.11022302462516e-16 0 1.11022302462516e-17 3.33066907387547e-17 3.33066907387547e-17 1.34336985979644e-15 6.23369134089558e-12 1.49637657820278e-10 2.23457141679262e-11
0 0 0 0 0 0 0 0 0 0 0 0 0 0 0 1.11022302462516e-17 2.22044604925031e-17 4.44089209850063e-17 1.22124532708767e-16 3.21964677141295e-16 5.44009282066327e-16 3.88578058618805e-16 3.33066907387547e-16 3.66373598126302e-16 4.44089209850063e-16 4.88498130835069e-16 2.55351295663786e-16 3.33066907387547e-17 6.66133814775094e-16 4.44089209850063e-16 6.10622663543836e-16 7.7715611723761e-16 5.6621374255883e-16 6.66133814775094e-17 6.66133814775094e-17 0 9.99200722162641e-17 3.09261505293534e-12 1.88737914186277e-16 1.11022302462516e-17 2.49491294290749e-10 1.97780181121487e-10 1.98684254271164e-08 5.6843418860808e-15
0 0 0 0 0 0 0 0 0 0 0 0 0 0 0 1.11022302462516e-17 2.22044604925031e-17 4.44089209850063e-17 9.99200722162641e-17 2.1094237467878e-16 4.10782519111308e-16 6.66133814775094e-16 7.54951656745106e-16 8.77076189453874e-16 8.21565038222616e-16 9.88098491916389e-16 4.9960036108132e-16 1.25455201782643e-15 1.48769885299771e-15 2.35367281220533e-15 1.62092561595273e-15 1.19904086659517e-15 1.3988810110277e-15 2.42028619368284e-15 1.15463194561016e-15 7.54951656745106e-16 4.44089209850063e-17 5.55111512312578e-17 4.55191440096314e-16 0 0 5.61032675872042e-10 6.80899781002608e-14 2.22044604925031e-17
0 0 0 0 0 0 0 0 0 0 0 0 0 0 0 1.11022302462516e-17 2.22044604925031e-17 4.44089209850063e-17 9.99200722162641e-17 1.99840144432528e-16 3.66373598126302e-16 6.32827124036339e-16 8.54871728961371e-16 1.27675647831893e-15 1.7874590696465e-15 2.73114864057789e-15 3.43058914609173e-15 3.75255382323303e-15 3.30846461338297e-15 3.37507799486048e-15 3.40838468559923e-15 2.91988655476416e-15 2.14273043752655e-15 1.84297022087776e-15 1.40998324127395e-15 1.11022302462516e-17 4.44089209850063e-17 2.22044604925031e-17 0 1.11022302462516e-17 4.44089209850063e-17 0 0 5.99520433297585e-16
0 0 0 0 0 0 0 0 0 0 0 0 0 0 0 1.11022302462516e-17 2.22044604925031e-17 6.66133814775094e-17 1.66533453693773e-16 3.77475828372553e-16 6.21724893790088e-16 9.54791801177635e-16 1.4432899320127e-15 1.63202784619898e-15 2.26485497023532e-15 2.94209101525666e-15 2.85327317328665e-15 2.90878432451791e-15 2.88657986402541e-15 2.4535928844216e-15 2.43138842392909e-15 2.37587727269783e-15 1.65423230669148e-15 1.26565424807268e-15 1.0769163338864e-15 7.88258347483861e-16 2.99760216648792e-16 1.17683640610267e-15 1.22124532708767e-16 5.6621374255883e-16 3.44169137633799e-16 9.76996261670138e-16 7.88258347483861e-16 6.77236045021345e-16
0 0 0 0 0 0 0 0 0 0 0 0 0 0 0 1.11022302462516e-17 2.22044604925031e-17 8.88178419700125e-17 2.1094237467878e-16 5.55111512312578e-16 1.06581410364015e-15 1.60982338570648e-15 2.04281036531029e-15 2.19824158875781e-15 2.32036612146658e-15 2.58681964737661e-15 2.60902410786912e-15 2.60902410786912e-15 2.23154827949656e-15 1.765254609154e-15 1.70974345792274e-15 1.58761892521397e-15 1.18793863634892e-15 1.01030295240889e-15 9.2148511043888e-16 1.88737914186277e-16 6.43929354282591e-16 5.44009282066327e-16 1.4432899320127e-16 4.66293670342566e-16 3.33066907387547e-16 3.99680288865056e-16 4.66293670342566e-16 5.32907051820075e-16
