Maxent_result_files_2/B_cryptarum_3.asc
NCOLS 594 
NROWS 330 
XLLCORNER -15 
YLLCORNER 23 
CELLSIZE 0.166666666666667 
NODATA_value -9999 
[rows 60 to 79 of 330, columns 184 to 229 of 594]
0.0387991567142308 0.0388701973424759 0.00334294272470288 0.0771681061014533 0.0330956934019923 0.0107169356429949 0.00754029380623251 7.1693218868063e-05 0.00301321333972737 0.00789463662222261 0.0140822079963982 0.0472829439677298 0.00917613989440724 0.00491010979167186 0.00258285330055514 0.000364928322392188 0.000321337249624776 8.28049014671706e-06 0.00509177441126667 0.027550823520869 0.00214124404301401 0.0288378391414881 0.0397704638540745 0.100482565909624 0.0161118688061833 0.012057876214385 0.0451058991253376 0.000178851431701332 0.017392167262733 0.0557910934090614 0.00737190982326865 0.0572331856936216 0.0932805869728327 0.0265531226526946 0.0604889940470457 0.0715257372707128 0.0670705113559961 0.033157213870436 0.0289604063145816 0.0840922811999917 0.121005057170987 0.151065500825644 0.159700439870358 0.12306504137814 0.0784022178500891 0.0473260534927249
0.0353773226961493 0.00664825208950788 2.38245520449709e-06 0.0135369773430284 0.00676595731638372 0.00714885807828978 0.00801657275296748 0.000993253290253882 0.00255536588956602 0.0121603649575263 0.0153643966186792 9.16541903279722e-06 4.70209988634451e-07 0.000127492886366554 0.00361986351199448 0.00610643504187465 0.000960441812640056 0.0203743864782155 0.00229723304510117 0.00510266890050843 0.00746476254425943 0.0257048218511045 0.0214114161208272 0.195204263180494 0.035892273299396 0.029241038672626 0.0421424483880401 0.0222882979549468 0.0604151651263237 0.0837670499458909 0.0658136170357466 0.0215328548103571 0.0852612994611263 0.0384523130021989 0.0222640185151249 0.0186043121386319 0.0240677755791694 0.0216607439797372 0.0307107139844447 0.028434270946309 0.0616744417697191 0.0599030815064907 0.0679745722562075 0.103112266771495 0.0605512142181397 0.0466515379957855
0.00659448828664608 0.00730608984013088 0.000883007710308448 0.0120298397625447 0.0509578941157088 0.0269933519884944 0.0218929462134838 0.0037238005141262 0.00475608606357127 0.0058398796711117 2.18760087591363e-06 0.000687699243280804 0.00472384541062638 0.022207424370572 2.00258058612235e-05 8.81103233041358e-08 0.0102533644996583 3.02827684208751e-05 0.00729088849620894 0.0757984586060047 0.0341844355687499 0.110456731915474 0.0133735636249185 0.0162587318569422 0.0135594398714602 0.0134833725634962 0.0354523937217891 0.0262990015239926 0.194786316156387 0.0819493975490332 0.113411702215672 0.0833311017602682 0.195641174912453 0.09992899261415 0.059534403309226 0.0960004284977913 0.0679107012227178 0.0419656029436737 0.0854521337896585 0.0502916978672147 0.0357372595928609 0.0335945338476449 0.0553366254083812 0.0602480966597796 0.113685267418623 0.0430726731196046
0.00358673828304745 0.00010252572261038 0.000432441749217105 0.192910052090883 0.11290476359427 0.545172768831253 0.00696768473717384 0.00235647588544943 0.00165570757817479 0.000605691628743443 0.000222243403550237 0.00145003057841677 4.02975183533272e-07 0.000212483484392578 0.00206076294416562 3.32447939399572e-07 0.0202381807379425 0.0121168459765613 0.0098906168481335 0.00667459082324058 0.0226403680630028 0.0698531199246645 0.0796594426035881 0.115450812876225 0.0924860864877701 0.0833906307816505 0.0504998177289963 0.05468470454216 0.0813088595867157 0.119517968595028 0.141483551263809 0.136158486455679 0.0403974897228181 0.0552847282029688 0.0751380427740514 0.0385481875389814 0.0667473159730434 0.285981725156307 0.039766893396154 0.0254392225760967 0.0314207644201815 0.100146051123738 0.110605894774199 0.0252443848410621 0.0429697703570128 0.0205597046762705
0.000725287137902342 0.000144331787737428 0.00221855936615611 0.000582342788402457 0.00207688722002786 0.00431452309712768 0.000314897507655587 0.00535170660587028 0.0959884122014046 0.00119478443812113 0.000199390638772456 0.000316223820846062 0.000576628528142464 0.000109293649074971 0.000982888118051051 0.0138780853711069 0.0215782795101404 0.0128407569136471 0.00578112115617841 0.0463049300014973 0.0123198648914695 0.00420591117581353 0.0548222212120891 0.0758904999122024 0.0433210068382323 0.0297459153458476 0.0412726925686002 0.0519514141604304 0.079439115151763 0.0586633943021297 0.0811700623482466 0.191815334558487 0.529352277517319 0.102306087501347 0.0934639114886522 0.0753152575343847 0.114355882629752 0.0875300707295537 0.0682396873831749 0.0356355724856257 0.0150450915563852 0.0243122026557103 0.10555784702301 0.16857256218791 0.0166342841926962 0.0175092964433134
0.00451173272449523 0.108908873982728 0.00282575919409282 0.00204552489121852 0.000559906717535341 0.000243363313109057 0.0110161447431896 0.829516804218292 0.00622929534874856 0.00622240417869762 0.00634619996417314 0.00036831555421486 0.000816096666585508 0.0558020684868097 0.0113211627118289 0.0195664224214852 0.0124760930426419 0.017428701557219 0.0761911515146494 0.0854500692337751 0.091736076772213 0.0396200561895967 0.0215440426487476 0.046922972262837 0.00972208131570369 0.0331383449025452 0.0381152685265988 0.0249609877355397 0.074124713987112 0.0456057289615273 0.016205056104809 6.45559281110763e-05 0.0245520898140967 0.0184094909345731 0.0867888495326042 0.101814081892371 0.0282325452193618 0.0750587914139032 0.032657222636044 0.0353435214608908 0.0129226938588545 0.018210833799094 0.0182498479727656 0.0220264682546258 0.0173619917826727 0.0148752989247441
0.00131279969054958 0.00334975614277937 0.00737008329015225 0.00976228492800146 0.00142853803699836 0.00132592016452691 0.00983732109889388 0.00514445949811488 0.00358584980713204 0.0153614382725209 0.0104397967923433 0.197248233854771 0.0283805014565587 0.0261710355058312 0.0466235216706991 0.0849082682281733 0.0540717300027609 0.016092761233449 0.0104165581054986 0.00958425793796778 0.0220399114303291 0.01982128075324 0.0516373012214899 0.0352530498057604 0.0199109558947384 0.0774533573538065 0.13772345110774 0.095771512389183 0.138498947024345 0.0146925055421889 0.272893151640892 0.572781974077225 0.0865277150645852 0.0267817913554609 0.0167206004261971 0.0329664412885904 0.0569387769326568 0.00864995614392683 0.0145038795191795 0.0161623961292207 0.0468757944181561 0.0135655088815838 0.0181262203492224 0.0185234701260924 0.0389458235353231 0.0162835239432752
0.000681886066193116 0.000110677490157229 0.0205136073753238 0.00592023658100516 0.4142931625247 0.00346664325916208 7.60844295655261e-07 0.00532577959820628 0.00264738425030373 0.0142363320570439 0.0101269038394094 0.241819326579571 0.220887687802315 0.0435259288176894 0.0661774095147848 0.090002604201436 0.0641221724450588 0.041230302862823 0.0463512241840363 0.00478666939307004 0.00245455611729994 0.00252560521475971 0.0109913843683898 0.0219086887314916 0.0207972017116845 0.00453491138177924 0.0156988706905395 0.0179126110859215 0.145945258438587 0.0481267345137894 0.07345448769629 0.168530730903149 0.0381177332252264 0.0728565502911806 0.0291835979558527 0.0181652424391359 0.00591108578373678 0.00796952181262895 0.00401986712240614 0.0356705462560058 0.00313130395807093 0.00265043146209791 0.00245731286995579 0.00650991932488978 0.0202278180979192 0.0118854459840804
0.00495136011159047 0.000739248598983977 0.0891461908817291 0.164451026916504 0.0107931605074555 0.00682865532580763 0.191908752918243 0.099845252931118 0.00670894390204921 0.0152581751346588 0.0540609473362565 0.0528409115970135 0.109712813794613 0.0819241974502802 0.448793059587479 0.242856032401323 0.276150865852833 0.125494161993265 0.0441933518275619 0.015604226430878 0.00857404498383403 0.00666628766339272 0.00655598645098507 0.00232631329563446 0.00458986831363291 0.0029690873081563 0.0137860039714724 0.00971435813698918 0.00560924327000976 0.0119591855094768 0.0201216247864068 0.0632453758269548 0.00500043337524403 0.00798664055764675 0.0267387927509844 0.0843396440148354 0.0198660569731146 0.00884568693581969 0.00248060383601114 0.00176669997708814 0.00189843846019357 0.00248564246285241 0.0027229927109147 0.00285143121582223 0.0042436079820618 0.00696735992096364
0.00546836971770972 0.000488291142096386 0.0122349562589079 0.162464009597898 0.186741477251053 0.082176610827446 0.148010765761137 0.182356889545917 0.141994229331613 0.13577714972198 0.11950856372714 0.0263997320085764 0.0539789243601263 0.0351292910054326 0.0166024615056813 0.0187564488500357 0.054133453220129 0.0169014914892614 0.0775493543595076 0.195171853899956 0.0596700059249997 0.0180152472108603 0.0167314733378589 0.0103927406016737 0.00837938508484513 0.012181232124567 0.00907771249767393 0.00799528191564605 0.00626320005976595 0.00456348090956453 0.00252221066621132 0.00633051083423197 0.00920010648551397 0.00415226065015304 0.0112445319537073 0.0259701088070869 0.00361170303076506 0.00473192738427315 0.00472964809159748 0.00284510490891989 0.00212677058298141 0.00210498347514658 0.00178617016572389 0.00269748146820348 0.00397933092899621 0.00818077700678259
0.0316219037398696 0.00637024430325255 0.00650633417535573 0.0069630014244467 0.490178889036179 0.296061661839485 0.225878104567528 0.178096520155668 0.349000170826912 0.0693097598850727 0.0755702003836632 0.0527513537555933 0.0535008359700441 0.199519765377045 0.0574038058519363 0.0787631440907717 0.0602332223206758 0.0186636326834559 0.273415480554104 0.0640347056090832 0.130560399591923 0.0725404363125563 0.0613504108041525 0.0158594380598515 0.00387728807836538 0.00253528935936629 0.00869528562761843 0.00278229753057531 0.00439549578004517 0.00808403145056218 0.0110641530249268 0.00777248847298324 0.00816496029729024 0.0164555722847581 0.00997904075775296 0.00864920524181798 0.00856450410792604 0.00279625944094732 0.00252491959399777 0.00369759581517428 0.00269812683400232 0.00647375769913197 0.0103444697801024 0.00349146215012297 0.00913187605328858 0.00722198691219091
0.000834300722635817 0.00628562241327018 0.294525972008705 0.10490959957242 0.15151776522398 0.0720734644681215 0.319149550795555 0.228202718496323 0.0981789201498032 0.039483579993248 0.0881008226424456 0.126829089596868 0.120795336924493 0.0178727294784039 0.0794238144531846 0.156605682522058 0.0724326606839895 0.074097765982151 0.0196596827358007 0.0147292209789157 0.0870896395295858 0.0091446825186722 0.00941538767656311 0.0027176657335076 0.00230746222659946 0.00216323306085542 0.0023999946686672 0.00630350156279746 0.00409869407012593 0.0108081688871607 0.00559303123445716 0.0320141362026334 0.0106647374923341 0.00417913461860735 0.0144615214318037 0.00910662433598191 0.00667932752985507 0.00332907563133631 0.00215258754615206 0.00266870377818122 0.00270425208727829 0.00781036494299769 0.0037805539323017 0.002504292211961 0.00267873330158182 0.00777078098617494
0.415191098302603 0.46763748973608 0.221770400553942 0.137946164608002 0.158638787269592 0.138828231394291 0.175040045380592 0.163730086386204 0.0616957373917103 0.0944354221224785 0.123575314879417 0.0473596107214689 0.121688922960311 0.0583974523469806 0.242208421975374 0.0605920571833849 0.0468167511746287 0.0479603487998247 0.205662138015032 0.0159440544433892 0.00491860736510716 0.00819402207853273 0.00139769765955862 0.00487320854444988 0.00312935484398622 0.0212476270273328 0.0151984467171133 0.00952456556260586 0.0173340071924031 0.0140358626376837 0.0304784377105534 0.0244436699897051 0.0143624087329954 0.0126001259312034 0.00385260130860843 0.0130835662595928 0.00340632707229815 0.0100508471485227 0.00307124845858198 0.00281095777172595 0.00329371191328391 0.00600108548533171 0.0140618744306266 0.0124773896764964 0.00413351863389835 0.00433408331591636
0.263089390099049 0.643969768285751 0.124768893420696 0.252514373511076 0.208560907840729 0.140868251770735 0.111526123434305 0.04775415584445 0.0258313614875078 0.0590568140149117 0.0309589769458398 0.0468199448194355 0.0455169076099992 0.0460656206123531 0.0613127484451979 0.0353686657501385 0.0261970316059887 0.028679518494755 0.0314319971948862 0.037890350073576 0.0202220508828759 0.0158655755687505 0.0121944815851748 0.0065985020599328 0.0118248332350049 0.0191881882958114 0.015446268604137 0.0206294585950673 0.0130091456696391 0.0132349565625191 0.0254473433829844 0.00768096311949193 0.0103336648782715 0.00937490272335708 0.0283455165103078 0.00691650882363319 0.0106535529834218 0.00587690945249051 0.0150794751243666 0.00662716515362263 -9999 -9999 -9999 -9999 0.0162217151140794 -9999
0.111106810346246 0.114225773140788 0.100016855448484 0.143577987700701 0.121047416701913 0.146127600967884 0.0372036831453443 0.101302226260304 0.111861627176404 0.135138169676065 0.0312744492664933 0.0619791679084301 0.0225935444468632 0.0501107117161155 0.0425507159903646 0.0441466366872191 0.0440445017069578 0.086379686743021 0.0411064144223928 0.0333597287535667 0.0485361877828836 0.00767301513114944 0.00383208443090552 0.0226720826001838 0.0455316267907619 0.0228948150761425 0.018761369981803 0.00825022604403785 0.00880665169097483 0.010713216161821 0.00900860616238788 0.038082735426724 0.0496559439226985 0.00877227024175227 0.0128717801999301 0.0107774240430444 0.0220923448912799 0.0127854980528355 0.0158925516298041 2.1047792841955e-09 -9999 -9999 -9999 -9999 -9999 -9999
0.0478427324444056 0.194964287430048 0.0383488204330206 0.0362011746503413 0.0673430979251862 0.042528360709548 0.0611184310168028 0.0461965391412377 0.0158437509089708 0.0214496472850442 0.0327808887232095 0.0203045561909676 0.0357560702599585 0.0179130077362061 0.0358922662213445 0.0211667822673917 0.0386004585772753 0.0424159366637468 0.0188934492878616 0.0100225115544163 0.00924056870862842 0.0496174231171608 0.049532794393599 0.0195012552663684 0.00746032801544061 0.0119535289239138 0.0136320594698191 0.00425052657374181 0.00925063322065398 0.00815163450897671 0.0176677320152521 0.0251135296188295 0.0202471932861954 0.018118832539767 0.00921181721496396 0.0145530807611067 0.0207108745817095 -9999 -9999 -9999 -9999 -9999 -9999 -9999 -9999 -9999
0.134468913078308 0.138496495783329 0.0547675658017397 0.0942289214581251 0.0412501273676753 0.0134353361558169 0.0181947133969516 0.0155512363184243 0.0714821938425303 0.045114304125309 0.0208775802515447 0.0219108222750947 0.0207985837711021 0.0438948576338589 0.0127113818656653 0.0164272143971175 0.0214688014704734 0.0206258509773761 0.013490219367668 0.0267973815090954 0.0169841150986031 0.0126639077439904 0.00988888413703535 0.00917387373774545 0.00829519821563736 0.00876750882016495 0.0166757125640288 0.0103389939875342 0.00720496461726725 0.00556075347121805 0.00554630886035738 0.006939864771266 0.0152280386071652 0.00742840946186334 0.0119391729182098 0.0243250409606844 -9999 -9999 -9999 -9999 -9999 -9999 -9999 -9999 -9999 -9999
0.191446838527918 0.0529466036707163 0.020264965062961 0.0277084610424936 0.0191677762195468 0.0501692086458206 0.0668592270463705 0.0179484277497977 0.0093545516487211 0.00521343962464016 0.0060170998389367 0.01598531359341 0.0310652105137706 0.0166789492825046 0.0169869802426547 0.00432837897897116 0.00645545707957353 0.00875383964157663 0.0319372352212667 0.0197911062277853 0.0200399556430057 0.00842734021716751 0.00817091306089424 0.00680778416863177 0.00544811931613367 0.0109574421658181 0.00622895464475732 0.0186190399341285 0.0388093877583742 0.0158878789050505 0.0200376916211098 0.065891794487834 0.00752207465702668 0.0204057916067541 0.00814752469595987 -9999 -9999 -9999 -9999 -9999 -9999 -9999 -9999 -9999 -9999 -9999
0.131741396710277 0.0680036704987288 0.0469975255429745 0.0908150397241116 0.0473088765516877 0.0233511473983526 0.065719554759562 0.0386039907112718 0.0262374429963529 0.0778349118307233 0.0179440933978185 0.013072010083124 0.00468686712920316 0.0138672423665412 0.00706793151548482 0.00568413039436564 0.0142650156514719 0.0239410608075559 0.0127692888258025 0.00519218599365559 0.00736200316168834 0.0165240470319986 0.023676221491769 0.0199125899933279 0.0211306687444448 0.0271362790837884 0.0198492540046573 0.0137474898830988 0.0609894562512636 0.0330694137141109 0.0332061750814319 0.0316577359102666 0.00887327481468674 0.0302555467700586 -9999 -9999 -9999 -9999 -9999 -9999 -9999 -9999 -9999 -9999 -9999 -9999
0.180036883056164 0.125881381332874 0.0729839980602264 0.038741279579699 0.0270346226170659 0.0342006184160709 0.109695567190647 0.0372542312368751 0.0310479814186692 0.0311070014722645 0.0977069012820721 0.0129084515967406 0.00848571937458473 0.0113202315522358 0.00812803984299535 0.00769217829219997 0.0296052007935941 0.020541580952704 0.0346056621521711 0.053268344886601 0.037980845849961 0.0404423791915178 0.0154195212177001 0.00635827813821379 0.0179000781383365 0.0238328441977501 0.00981876546284184 0.0294081008993089 0.0460467427968979 0.0430351305752993 0.0742154572159052 0.118774601444602 0.020440813107416 -9999 -9999 -9999 -9999 -9999 -9999 -9999 -9999 -9999 -9999 -9999 -9999 -9999
