Maxent_result_files_2/B_cryptarum_3.asc
NCOLS 594 
NROWS 330 
XLLCORNER -15 
YLLCORNER 23 
CELLSIZE 0.166666666666667 
NODATA_value -9999 
[rows 260 to 279 of 330, columns 414 to 459 of 594]
9.83657599817889e-15 7.76045894212984e-15 6.48370246381091e-15 5.65103519534205e-15 4.08562073062058e-15 2.56461518688411e-15 1.57651669496772e-15 1.33226762955019e-15 9.32587340685132e-16 5.99520433297585e-16 3.5527136788005e-16 2.1094237467878e-16 1.4432899320127e-16 9.99200722162641e-17 7.7715611723761e-17 5.55111512312578e-17 4.44089209850063e-17 3.33066907387547e-17 7.7715611723761e-17 3.21964677141295e-16 4.44089209850063e-17 3.33066907387547e-17 3.33066907387547e-17 1.11022302462516e-16 1.77635683940025e-16 3.99680288865056e-16 2.55351295663786e-16 1.22124532708767e-16 9.99200722162641e-17 1.22124532708767e-16 7.7715611723761e-17 6.66133814775094e-17 2.77555756156289e-16 1.22124532708767e-16 4.44089209850063e-16 4.65183447317941e-15 7.12763181809351e-15 5.05438476849918e-08 1.55371650834013e-07 5.08482145278322e-15 1.50010038169057e-08 5.78426195829707e-15 5.21804821573824e-15 8.55551185452441e-12 1.299964074164e-08 2.16856676837907e-08
6.07291994469961e-15 4.9960036108132e-15 4.04121180963557e-15 3.5527136788005e-15 2.4535928844216e-15 1.85407245112401e-15 1.36557432028894e-15 8.21565038222616e-16 5.6621374255883e-16 3.88578058618805e-16 2.44249065417534e-16 1.22124532708767e-16 8.88178419700125e-17 7.7715611723761e-17 5.55111512312578e-17 4.44089209850063e-17 4.44089209850063e-17 4.44089209850063e-17 5.55111512312578e-17 1.77635683940025e-16 3.33066907387547e-17 2.22044604925031e-17 3.33066907387547e-17 1.4432899320127e-16 1.98729921407903e-15 1.70974345792274e-15 1.11022302462516e-15 3.44169137633799e-16 4.55191440096314e-16 1.88737914186277e-16 1.77635683940025e-16 1.77635683940025e-16 1.33226762955019e-16 4.66293670342566e-16 3.77475828372553e-16 3.21964677141295e-16 8.77076189453874e-16 9.65894031423886e-16 4.27435864480685e-15 7.4718009557273e-15 8.21565038222616e-16 2.07798740659015e-08 4.42978986825437e-15 1.06581410364015e-15 7.105427357601e-16 5.99520433297585e-16
4.38538094726937e-15 4.27435864480685e-15 3.76365605347928e-15 2.68673971959288e-15 1.96509475358653e-15 1.35447209004269e-15 1.0325074129014e-15 6.88338275267597e-16 4.32986979603811e-16 2.55351295663786e-16 1.22124532708767e-16 8.88178419700125e-17 7.7715611723761e-17 6.66133814775094e-17 6.66133814775094e-17 8.88178419700125e-17 4.44089209850063e-17 5.55111512312578e-17 9.99200722162641e-17 2.22044604925031e-16 2.22044604925031e-17 2.22044604925031e-17 2.22044604925031e-17 4.44089209850063e-17 4.32986979603811e-16 4.14113188185183e-15 2.01061389759616e-14 1.40998324127395e-15 3.77475828372553e-16 5.32907051820075e-16 3.88578058618805e-16 2.55351295663786e-16 1.4432899320127e-16 4.21884749357559e-16 3.99680288865056e-16 1.11022302462516e-16 1.33226762955019e-16 1.55431223447522e-16 6.66133814775094e-17 2.22044604925031e-17 1.18793863634892e-15 4.44089209850063e-16 5.6621374255883e-16 1.4033219031262e-14 1.55431223447522e-16 1.54506354044237e-08
3.78586051397178e-15 4.06341627012807e-15 5.83977310952832e-15 3.03090885722668e-15 1.87627691161651e-15 1.56541446472147e-15 2.70894418008538e-15 6.10622663543836e-16 1.99840144432528e-16 1.22124532708767e-16 8.88178419700125e-17 7.7715611723761e-17 5.55111512312578e-17 5.55111512312578e-17 1.22124532708767e-16 5.99520433297585e-16 1.55431223447522e-16 4.44089209850063e-16 4.55191440096314e-16 4.44089209850063e-17 2.22044604925031e-17 2.22044604925031e-17 3.33066907387547e-17 4.44089209850063e-17 2.33146835171283e-16 1.26565424807268e-15 2.59459120854899e-14 2.32736052652172e-13 1.7696955012525e-14 9.33697563709757e-15 5.67323965583455e-15 4.2410519540681e-15 5.6621374255883e-16 3.66373598126302e-16 3.5527136788005e-16 1.11022302462516e-16 6.66133814775094e-17 7.7715611723761e-17 1.22124532708767e-16 1.88737914186277e-16 2.1094237467878e-16 1.77635683940025e-16 2.22044604925031e-16 2.77555756156289e-16 1.70228045215381e-08 7.9241826966836e-08
3.9190872769268e-15 7.8381745538536e-15 2.25819363208757e-14 3.63264973657351e-14 3.93018950717305e-14 5.37347943918576e-15 1.79856129989275e-15 3.99680288865056e-16 1.77635683940025e-16 9.99200722162641e-17 6.66133814775094e-17 5.55111512312578e-17 4.44089209850063e-17 5.55111512312578e-17 1.33226762955019e-16 7.21644966006352e-16 1.88737914186277e-16 2.87547763377916e-15 6.51700915454967e-15 5.55111512312578e-16 2.22044604925031e-17 2.22044604925031e-17 3.33066907387547e-17 5.55111512312578e-17 9.99200722162641e-17 1.55431223447522e-16 2.1094237467878e-16 4.20552481728009e-14 2.21156426505331e-14 1.14797060746241e-14 6.67244037799719e-15 3.54716256367738e-14 1.40998324127395e-15 8.21565038222616e-16 7.43849426498855e-16 1.66533453693773e-16 2.66453525910038e-16 1.88737914186277e-16 1.22124532708767e-16 1.55431223447522e-16 3.66373598126302e-16 3.10862446895044e-16 6.77236045021345e-16 1.73194791841524e-15 1.33226762955019e-15 1.36848407716883e-08
1.82076576038526e-15 3.1641356201817e-15 7.93809462606987e-15 1.76192394008012e-14 1.2267964422108e-14 3.61932706027801e-15 7.54951656745106e-16 2.66453525910038e-16 1.22124532708767e-16 5.55111512312578e-17 4.44089209850063e-17 4.44089209850063e-17 5.55111512312578e-17 6.66133814775094e-17 8.88178419700125e-17 4.44089209850063e-17 3.33066907387547e-17 9.99200722162641e-17 4.09672296086683e-15 1.66311409088848e-14 3.44169137633799e-16 3.33066907387547e-17 3.33066907387547e-17 5.55111512312578e-17 8.88178419700125e-17 9.99200722162641e-17 2.66453525910038e-16 7.21644966006352e-16 1.5754064719431e-14 3.22419868581392e-13 1.17572618307804e-14 2.01949568179316e-14 2.14273043752655e-15 1.48769885299771e-15 9.33697563709757e-15 4.71844785465692e-15 3.33066907387547e-16 6.10622663543836e-16 1.55431223447522e-16 1.4432899320127e-16 1.99840144432528e-16 1.99840144432528e-16 3.21964677141295e-16 2.67563748934663e-15 1.14352971536391e-15 6.43929354282591e-16
1.47659662275146e-15 2.27595720048157e-15 1.7430501486615e-15 2.8643754035329e-15 3.40838468559923e-15 1.64313007644523e-15 4.55191440096314e-16 1.33226762955019e-16 9.99200722162641e-17 4.44089209850063e-17 4.44089209850063e-17 5.55111512312578e-17 6.66133814775094e-17 3.44169137633799e-16 1.19904086659517e-15 4.44089209850063e-17 1.11022302462516e-17 3.33066907387547e-17 1.88737914186277e-16 5.80646641878957e-14 1.46549439250521e-15 8.88178419700125e-17 7.7715611723761e-17 7.7715611723761e-17 8.88178419700125e-17 1.4432899320127e-16 8.88178419700125e-17 6.99440505513849e-16 5.99520433297585e-16 6.0507154842071e-15 5.4722892883774e-14 3.25517390820096e-14 4.41868763800812e-15 5.7065463465733e-14 3.76365605347928e-15 3.04201108747293e-15 3.5527136788005e-16 1.4432899320127e-16 8.88178419700125e-17 8.88178419700125e-17 1.55431223447522e-16 9.99200722162641e-17 1.4432899320127e-16 1.55431223447522e-16 3.99680288865056e-16 8.43769498715119e-16
2.20934381900406e-15 6.45039577307216e-15 8.20454815197991e-15 1.02362562870439e-14 2.14606110660043e-14 5.05151476204446e-15 2.33146835171283e-16 5.55111512312578e-17 4.44089209850063e-17 4.44089209850063e-17 4.44089209850063e-17 5.55111512312578e-17 1.33226762955019e-16 6.32827124036339e-16 1.56541446472147e-15 4.44089209850063e-17 1.11022302462516e-17 1.11022302462516e-17 6.66133814775094e-17 4.14113188185183e-15 5.80646641878957e-15 2.44249065417534e-16 8.88178419700125e-17 2.77555756156289e-16 1.22124532708767e-16 1.4432899320127e-16 1.11022302462516e-16 1.88737914186277e-16 4.9960036108132e-16 1.56541446472147e-15 7.17204073907851e-15 2.02449168540397e-13 6.85784762310959e-14 7.59303731001637e-13 1.06203934535642e-13 1.98829841480119e-13 5.88418203051333e-15 5.55111512312578e-16 6.66133814775094e-17 3.33066907387547e-17 1.22124532708767e-16 1.88737914186277e-16 2.22044604925031e-16 2.44249065417534e-16 3.21964677141295e-16 4.84057238736568e-15
2.33146835171283e-15 8.88178419700125e-16 5.32907051820075e-16 2.55351295663786e-16 3.5527136788005e-16 1.45439216225896e-15 4.10782519111308e-16 7.7715611723761e-17 5.55111512312578e-17 6.66133814775094e-17 4.44089209850063e-17 5.55111512312578e-17 1.4432899320127e-16 1.4432899320127e-16 8.88178419700125e-17 4.44089209850063e-17 1.11022302462516e-17 0 1.11022302462516e-17 5.55111512312578e-17 1.83186799063151e-15 4.9960036108132e-16 4.44089209850063e-17 5.55111512312578e-17 5.55111512312578e-17 1.88737914186277e-16 2.88657986402541e-16 8.88178419700125e-16 1.63202784619898e-15 1.96509475358653e-15 5.02931030155196e-15 2.53130849614536e-14 7.17315096210314e-14 2.15930606728421e-12 4.46698233957932e-13 6.10622663543836e-13 2.12241335617591e-13 3.50719453479087e-14 1.66533453693773e-16 6.66133814775094e-17 1.77635683940025e-16 1.4432899320127e-16 1.99840144432528e-16 2.33146835171283e-16 3.21964677141295e-16 3.66373598126302e-16
2.77555756156289e-15 1.14352971536391e-15 2.77555756156289e-16 1.66533453693773e-16 1.88737914186277e-16 7.99360577730113e-16 8.43769498715119e-16 2.22044604925031e-16 1.77635683940025e-16 2.44249065417534e-16 5.55111512312578e-17 4.44089209850063e-17 5.55111512312578e-17 8.88178419700125e-17 3.10862446895044e-16 2.22044604925031e-16 2.22044604925031e-17 1.11022302462516e-17 0 1.11022302462516e-17 1.36557432028894e-15 5.55111512312578e-16 2.22044604925031e-17 2.22044604925031e-17 2.22044604925031e-17 5.55111512312578e-17 7.7715611723761e-17 1.88737914186277e-15 1.19904086659517e-14 1.29674049276218e-14 1.10356168647741e-14 2.86770607260678e-14 4.53526105559376e-13 3.30968585871005e-13 1.01274544306307e-13 6.07736083679811e-14 4.77284878286355e-14 7.62390151010095e-14 1.06581410364015e-15 1.66533453693773e-16 8.88178419700125e-17 8.88178419700125e-17 7.7715611723761e-17 2.77555756156289e-16 1.77635683940025e-16 2.88657986402541e-16
1.23234755733392e-15 3.99680288865056e-16 1.99840144432528e-16 9.99200722162641e-17 7.7715611723761e-17 3.21964677141295e-16 2.33146835171283e-16 6.32827124036339e-16 2.53130849614536e-15 6.31716901011714e-15 1.55431223447522e-16 3.33066907387547e-17 4.44089209850063e-17 1.77635683940025e-16 9.76996261670138e-16 9.54791801177635e-16 4.44089209850063e-17 1.11022302462516e-17 1.11022302462516e-17 0 1.11022302462516e-17 3.33066907387547e-17 1.11022302462516e-17 1.11022302462516e-17 1.11022302462516e-17 1.11022302462516e-17 3.33066907387547e-17 1.55431223447522e-16 4.69624339416441e-15 1.66533453693773e-15 2.54241072639161e-15 2.91100477056716e-14 1.52877710490884e-14 2.46003217796442e-13 9.01945185205477e-13 4.35096403350599e-14 5.25135490647699e-15 5.10702591327572e-15 1.67643676718399e-15 3.66373598126302e-16 3.33066907387547e-17 3.33066907387547e-17 6.66133814775094e-17 2.1094237467878e-16 8.88178419700125e-17 9.99200722162641e-17
5.10702591327572e-16 5.99520433297585e-16 2.88657986402541e-16 2.55351295663786e-16 5.55111512312578e-17 4.44089209850063e-17 5.55111512312578e-17 1.77635683940025e-16 2.55351295663786e-16 7.21644966006352e-16 9.99200722162641e-17 5.55111512312578e-17 6.66133814775094e-17 2.33146835171283e-16 2.55351295663786e-16 2.55351295663786e-16 7.7715611723761e-17 2.22044604925031e-17 1.11022302462516e-17 1.11022302462516e-17 0 1.11022302462516e-17 1.11022302462516e-17 1.11022302462516e-17 1.11022302462516e-17 1.11022302462516e-17 2.22044604925031e-17 2.22044604925031e-17 1.33226762955019e-16 4.9960036108132e-16 2.10165218561542e-14 8.08686451136964e-14 7.70161712182471e-14 5.84421400162682e-14 1.90480964334938e-13 4.49007497849152e-13 2.96429547574917e-15 5.54001289287953e-15 1.17683640610267e-15 1.22124532708767e-16 4.44089209850063e-17 1.11022302462516e-17 3.33066907387547e-17 5.55111512312578e-17 1.33226762955019e-16 1.11022302462516e-16
2.77555756156289e-16 4.88498130835069e-16 1.26565424807268e-15 2.43138842392909e-14 7.43849426498855e-16 5.55111512312578e-17 2.33146835171283e-16 4.21884749357559e-16 3.5527136788005e-16 4.10782519111308e-16 1.55431223447522e-16 4.44089209850063e-17 4.44089209850063e-17 1.66533453693773e-16 1.22124532708767e-16 1.77635683940025e-16 8.88178419700125e-17 2.22044604925031e-17 2.22044604925031e-17 1.11022302462516e-16 5.55111512312578e-17 1.11022302462516e-17 0 1.11022302462516e-17 1.11022302462516e-17 1.11022302462516e-17 2.22044604925031e-17 2.22044604925031e-17 4.44089209850063e-17 1.33226762955019e-16 8.77076189453874e-16 3.59712259978551e-15 6.23390228327025e-14 9.46132061585558e-14 4.4353409833775e-14 1.11088915843993e-13 1.27675647831893e-14 3.48610029732299e-15 7.061018436616e-15 1.77635683940025e-16 2.22044604925031e-17 2.22044604925031e-17 5.55111512312578e-17 2.99760216648792e-16 1.22124532708767e-16 2.22044604925031e-17
5.55111512312578e-16 4.59632332194815e-15 6.3993255139394e-14 2.8510527272374e-13 8.5043083686287e-15 1.66533453693773e-16 1.59872115546023e-15 3.21964677141295e-16 1.33226762955019e-16 1.66533453693773e-16 8.88178419700125e-17 4.44089209850063e-17 3.33066907387547e-17 5.55111512312578e-17 6.66133814775094e-17 4.44089209850063e-17 6.66133814775094e-17 3.33066907387547e-17 2.22044604925031e-17 1.66533453693773e-16 1.0325074129014e-15 2.22044604925031e-17 1.11022302462516e-17 1.11022302462516e-17 1.11022302462516e-17 1.11022302462516e-17 2.22044604925031e-17 6.66133814775094e-17 1.4432899320127e-16 3.33066907387547e-16 5.44009282066327e-15 5.57331958361829e-15 3.29736238313671e-15 4.0645264931527e-14 4.75841588354342e-14 3.13415959851682e-14 4.06341627012807e-15 1.86517468137026e-15 1.25233157177718e-14 9.67004254448511e-15 7.7715611723761e-17 1.11022302462516e-17 3.33066907387547e-17 2.22044604925031e-17 1.11022302462516e-17 2.22044604925031e-17
1.35447209004269e-15 2.19824158875781e-15 1.01807451358127e-14 4.14335232790108e-14 1.13131726209303e-14 6.66133814775094e-17 3.33066907387547e-17 8.88178419700125e-17 3.38618022510673e-15 3.58602036953926e-15 1.68753899743024e-15 8.88178419700125e-17 6.66133814775094e-17 5.55111512312578e-17 4.44089209850063e-17 7.7715611723761e-17 1.88737914186277e-16 3.33066907387547e-17 1.11022302462516e-17 2.22044604925031e-17 2.22044604925031e-17 1.11022302462516e-17 0 0 0 1.11022302462516e-17 1.11022302462516e-17 1.11022302462516e-17 3.33066907387547e-17 4.44089209850063e-17 1.4432899320127e-16 1.98729921407903e-15 2.40696351738734e-14 4.03344024846319e-14 1.36446409726432e-14 2.01838545876853e-14 6.15174577944799e-14 3.75255382323303e-15 1.22124532708767e-16 4.66293670342566e-16 3.44169137633799e-16 2.22044604925031e-17 2.22044604925031e-17 1.11022302462516e-17 1.11022302462516e-17 0
6.43929354282591e-16 6.32827124036339e-16 2.88657986402541e-15 2.23887575145909e-13 1.8384183064768e-13 7.66053886991358e-16 2.22044604925031e-17 5.55111512312578e-17 2.8421709430404e-15 1.13908882326541e-14 9.41469124882133e-15 1.04360964314765e-15 2.14273043752655e-15 1.4432899320127e-16 9.99200722162641e-17 8.88178419700125e-17 6.66133814775094e-17 3.33066907387547e-17 1.11022302462516e-17 1.11022302462516e-17 1.11022302462516e-17 0 0 0 0 0 1.11022302462516e-17 1.11022302462516e-17 2.22044604925031e-17 5.55111512312578e-17 1.22124532708767e-16 1.63202784619898e-15 1.29229960066368e-14 2.17825757431456e-14 2.23154827949656e-15 3.33066907387547e-16 9.63673585374636e-15 1.61426427780498e-14 1.66533453693773e-16 6.66133814775094e-17 4.44089209850063e-17 2.22044604925031e-17 1.11022302462516e-17 0 0 0
3.36397576461422e-15 7.01660951563099e-15 3.83915121915379e-14 1.80966353013901e-15 1.05693231944315e-14 2.76445533131664e-15 3.33066907387547e-17 3.33066907387547e-17 2.66453525910038e-16 1.49880108324396e-15 1.20681242776755e-14 7.73825448163734e-15 1.35669253609194e-14 4.75175454539567e-15 3.77475828372553e-16 1.55431223447522e-16 2.22044604925031e-17 1.11022302462516e-17 1.11022302462516e-17 0 0 0 0 0 0 0 0 1.11022302462516e-17 1.11022302462516e-17 3.33066907387547e-17 1.88737914186277e-16 7.43849426498855e-16 1.7430501486615e-15 1.29340982368831e-14 2.08832950931992e-14 1.82076576038526e-15 1.21014309684142e-15 1.34114941374719e-14 7.43849426498855e-16 2.55351295663786e-16 4.44089209850063e-17 1.11022302462516e-17 1.11022302462516e-17 1.11022302462516e-17 0 0
3.80839804137167e-13 2.60014232367212e-14 1.08246744900953e-14 2.97539770599542e-15 4.16333634234434e-15 1.01030295240889e-15 5.55111512312578e-17 2.22044604925031e-17 6.66133814775094e-17 2.24265050974282e-15 8.23674461969404e-14 6.03961325396085e-14 2.08721928629529e-14 3.38618022510673e-14 5.02931030155196e-15 1.77635683940025e-16 5.55111512312578e-17 1.11022302462516e-17 1.11022302462516e-17 0 0 0 1.11022302462516e-17 0 0 0 0 0 1.11022302462516e-17 4.44089209850063e-17 1.22124532708767e-16 4.55191440096314e-16 4.10782519111308e-16 3.88578058618805e-16 1.95621296938953e-14 3.25517390820096e-14 5.40678612992451e-15 2.1538326677728e-15 6.77236045021345e-16 1.11022302462516e-16 2.22044604925031e-17 1.11022302462516e-17 1.11022302462516e-17 0 0 0
9.23979781575213e-12 4.1758818625226e-13 3.16968673530482e-14 4.79616346638068e-15 7.34967642301854e-15 1.07580611086178e-14 1.34336985979644e-15 4.44089209850063e-17 2.1094237467878e-16 4.32986979603811e-16 6.26720897400901e-14 1.22646337530341e-13 1.38056233112138e-13 6.46704911844154e-14 1.88848936488739e-14 2.66453525910038e-15 1.56541446472147e-15 3.63042929052426e-15 6.21724893790088e-16 0 0 1.11022302462516e-17 0 0 0 0 0 0 1.11022302462516e-17 2.22044604925031e-17 3.33066907387547e-17 8.32667268468867e-16 2.52020626589911e-15 6.66133814775094e-17 5.55111512312578e-17 2.77555756156289e-16 3.77475828372553e-16 7.7715611723761e-17 6.66133814775094e-17 2.22044604925031e-17 2.22044604925031e-17 1.11022302462516e-17 0 0 0 0
8.41349212521436e-13 1.93099980450029e-12 2.55984122787822e-13 1.2401191185063e-14 1.49769086021934e-14 4.39648317751562e-15 4.42978986825437e-15 3.44169137633799e-16 7.7715611723761e-17 1.77635683940025e-16 1.56541446472147e-14 7.29749594086115e-14 3.51829676503712e-14 1.15463194561016e-13 8.67972360651947e-14 2.05946371067967e-14 2.07611705604904e-15 1.99840144432528e-16 1.33226762955019e-16 0 0 0 0 0 0 0 0 0 0 1.11022302462516e-17 1.11022302462516e-17 1.11022302462516e-17 5.55111512312578e-17 5.55111512312578e-17 4.44089209850063e-17 8.88178419700125e-17 1.55431223447522e-16 2.22044604925031e-17 2.22044604925031e-17 3.33066907387547e-17 1.11022302462516e-17 1.11022302462516e-17 0 1.11022302462516e-17 1.11022302462516e-17 0
