Maxent_result_files_2/B_cryptarum_3.asc
NCOLS 594 
NROWS 330 
XLLCORNER -15 
YLLCORNER 23 
CELLSIZE 0.166666666666667 
NODATA_value -9999 
[rows 180 to 199 of 330, columns 322 to 367 of 594]
0.00330359986692201 0.00034046307355311 0.0029832874701242 0.00243819187235204 0.0024479023697495 0.00031221857689161 0.000291026629292901 0.00170653904569917 0.00534339675941737 0.00231768159428611 0.00251961060312169 0.00313527177750075 0.00266892623476451 0.000253841136782285 0.00160562216024118 0.000203730417706538 0.000177829692972864 0.00124516940954891 0.00129798663522251 0.00105434947895446 0.00112266734431614 0.00229394739957343 3.77764459699392e-05 0.0542113299597986 0.0583418150839861 0.0648134321905673 0.00637384765141178 0.00547653050539338 0.00565949477540926 0.0141831415599881 0.0121141572801207 0.0198725065823965 0.0164178926554087 0.0155488366337522 0.0127420456489745 0.0106927480425838 0.00817606534255901 0.00677179673850787 0.00658283849761574 0.00193817342541962 0.00172069760253848 0.00416617590513368 0.00380055299427724 0.0047200293440568 3.76998432471964e-10 2.31385910431925e-11
0.000386759870889364 0.000377235738778836 0.000394404038161156 0.00200194657882093 0.000348109220249171 0.000341164297242358 0.000348356833637808 0.00974198135081679 0.00287976158215315 0.118538144184276 0.0043905853657634 0.000309466440921824 0.000279028495424427 0.00150051112395886 0.00137197007879877 0.000201610377416728 0.000167610874962065 0.000167371725649446 0.000161006145071951 0.0013314779297616 0.00213196962008624 0.020485045784153 0.193826793879271 0.0525506090372801 0.00999711238837335 0.00757007996544417 8.79103390616365e-07 0.00833985064928129 0.0157386734972533 0.0057245523257734 0.00573061812465312 0.0145924914322677 0.0293214533623541 0.03412767774862 0.0123824201898969 0.0113333820480875 0.00817200677424807 0.00871484387821511 0.0132007722694652 0.00199336783606441 0.00261359659742055 0.0127736287384096 0.00395873721736066 0.00402739085088797 0.0036743242590191 0.00328023573362231
0.000338516225383501 0.0033384378431947 0.000341406296683999 0.000305246006064408 0.00030492684654746 0.000306654405358131 0.000293549697653361 0.000305749662857124 0.00308336731250165 0.00291358165122801 0.000294031382600224 0.00249925296229776 0.00578545774624217 0.00310541769722477 0.00321838366617158 1.97137360373745e-06 4.55984361380501e-11 0.0011743547262995 0.000985145089157413 0.00155435573478826 8.02410824690014e-05 0.0583336520940065 0.00794423022598494 0.00633077434049483 0.00822211991107906 0.00387426893462361 0.00951480579278723 0.00812203489331296 0.00712308578840748 0.00663461064286821 0.011686063601519 0.0440429647220299 0.0410220601188485 0.0387819726136513 0.0125105851539047 0.00983446007594466 0.0075940143532307 0.00687929389816873 0.00620127087736364 0.00557860930989591 0.00498864726006047 0.00445142838414085 0.00443294176930351 0.00434568140725844 0.0042113973713839 0.00385284594613609
0.000338588937484019 0.000295482967885619 0.000297251764823159 0.000294299107736151 0.000303199079098704 0.00029882349044783 0.00243376389771584 0.000294180296259583 0.0360190413892269 8.3349434135016e-06 0.00296476308867568 0.000214847963115972 0.00174623768980382 0.000202313408999544 0.000192778740711219 1.95504908333533e-06 0.000188623487338191 0.000177492484112918 0.000156883322631529 0.00322516690703196 0.00125659129776068 0.00188042616177881 0.00111645669414884 0.00231590611494994 0.00264535826895553 0.00424952994790146 0.00413201922074222 0.0074749990249984 0.00668007619751734 0.0176412798813544 0.0454808064270765 0.0156595087813912 0.0287306248326786 0.0195462964693434 0.0158590645522054 0.0094480909286176 0.006973437158058 0.00596340016418253 0.00574947272763211 0.00555685505398742 0.00487287075401355 0.00466859992436639 0.00467332627443398 0.0047123370949123 0.00438454496035092 0.00428024602416315
0.011486575572053 0.140612970478833 -9999 0.0295991176972166 0.0028473897051299 0.000376258534379303 0.804319758340716 0.0126756415120326 0.00265018497884739 1.55412479330153e-08 0.00171694750533788 0.00282169916390558 0.00216500904061832 0.000213425515858034 0.0026989681267878 0.00127072725408652 0.000182788355436969 0.00018295082354598 0.00159177572559201 0.000148382739121189 0.000135329746461821 0.00103599900603513 0.000951473077611809 0.00130185310385968 0.00435768011739128 0.00703527208315791 0.0032861647116988 0.00511780593551521 0.00706756415602285 0.0184165952989133 0.0364857212640345 0.0221600825403584 0.0202966374607058 0.0189612586225849 0.0150189169624355 0.00820909837939325 0.00657016086138356 0.00552044889134322 0.00521154514333375 0.00527298529225391 0.00266184107505296 0.00487506855833999 0.00480840872842236 0.00483862972264433 0.00480911454098987 0.0160514567039172
-9999 -9999 -9999 -9999 0.0261695894179866 0.00409743888594676 0.441703300923109 0.000251965157985978 0.000283865365690872 0.00029158077604734 0.000274171806631784 0.000256664651988103 0.00367665569792734 0.0054960845009191 0.00460560276260367 0.00158846083159005 0.00166395375017601 0.000228372456331272 0.000230970257507579 0.00172927570347383 0.000166504288472424 0.00016411175340636 0.00201489774699439 0.00112107834656854 0.00363088596895977 0.00243791689181307 0.00735741945391055 0.00939210640790407 0.00806204856635304 0.00707041843998013 0.0478402158711106 0.0221756984130479 0.0216448531864444 0.0185551049391506 0.0116472255635017 0.0197676721858443 0.00638323675925676 0.0193626080757895 0.0121242958230141 0.00209590186332207 0.011616690392475 0.0170654130444746 0.00513273271037633 0.00505278476016429 0.00906514895359578 0.00511883632186709
-9999 0.00866052185592707 0.00215516344469506 0.000266213993927522 0.000261576955836063 0.00024748651048867 0.000258028153621126 0.000275746713396074 0.000287655690408428 0.00409183174197096 0.000294926733113243 0.000300155158947746 0.00357529794127913 0.00028437700102586 0.0021074329946714 0.00452286821746384 0.00244952848806861 0.00169677066278382 0.00024496082942278 0.000257275463445694 0.00320206390533713 0.000192407803388051 0.00156633919286833 0.00260824452743691 0.00179346256391 0.00515732600033516 0.00882161800691392 0.00924888286972418 0.0122883519274183 0.0443708610720932 0.0550976619124413 0.0212285434419755 0.0327752205310389 0.0194354174629552 0.0120167713532283 0.00845744587913941 0.00645749339755639 0.0147244177233006 0.0151553603493085 0.000414731400530854 0.000317756394071012 0.00256580492059584 0.00526112298512089 0.00043889477856851 0.00341061685426212 0.018117843408254
0.00204790763527853 0.00031948641899362 0.00182004032612895 0.00692769736633636 0.000287856210525206 0.000282132106440258 0.000270877336424746 0.000296843647265632 0.000296720593178179 0.000297411270003067 0.00303260276705259 0.000309077388192236 0.000305816623585997 0.000303446971520316 0.000298522805042012 0.000251340399154287 0.000221923700246407 0.00205652949298383 3.22923551721033e-07 0.000245185456151376 0.000243104989385756 0.000232891642826871 0.000206935928963503 0.00190599936031504 0.00202717689026031 0.0043547791952733 0.01024852222763 0.0096328247745987 0.0110355733544566 0.0115211507538334 0.00914196242229082 0.0207051840494387 0.0406079513719305 0.0380216183839366 0.0121233146506711 0.00858873906036024 0.018020635398716 0.0195532174904656 0.017752157400173 0.00736089467218335 0.000148618491795105 0.000371690284441684 0.00310933882196878 2.88340905250095e-05 2.08015557596752e-05 0.00675413452236171
0.00324607084112358 0.00239401012549934 0.00501352575956844 0.000298340286826715 0.00028809008817916 0.00541316094167996 0.000284420390016749 0.000295704710333666 0.000296917843661504 0.000305626514455071 0.00030958466231823 0.00385080452542752 0.000307765121033299 0.000315771113673691 0.000307816484018986 0.000270115711828112 0.00234373113198671 0.0024231350478658 6.75975257991013e-09 1.3028851526542e-07 1.14111531335226e-10 6.90094648092554e-11 1.09254415292526e-08 8.74207928269755e-11 0.00297930124143022 0.0039566594583448 0.00444335617503384 0.00854680844349787 0.011317669658456 0.0095691024675034 0.00980580558534712 0.0441163085866719 0.0184674098069081 0.0157472864753799 0.0123118426650763 0.00856446345314907 0.00682802765677479 0.0139709132614371 0.00311527479971119 0.00326430447994426 1.54432303332896e-05 2.63457149998203e-05 2.3143756972388e-05 1.59278218362147e-05 4.75855053167606e-05 0.000206004408505578
0.000351530010811985 0.000357623322634026 0.000352425390701683 0.00034149414022977 0.00384140644018771 0.00031816617865843 0.00030241853746702 0.000318446222081548 0.00204025521015865 0.00235349368449533 0.00032517492709303 0.000329429443627305 0.000310523701409693 0.000293552018956689 0.000278406268535036 0.00028317073447397 0.00319420762534719 0.0127721052384004 0.000278577032622707 0.000238439075292263 0.000227875065502303 0.00162625863013091 1.2094658607964e-10 4.14888079447451e-10 6.91353996273847e-10 0.00401060475560371 0.00599581159767695 0.0095303674810566 0.0123290680348873 0.00676097558753099 0.00862888842239045 0.00643337908259127 0.00537394543571281 0.0303684269776568 0.00965298650698969 0.028734663198702 0.00751433893346984 0.0191236784827197 0.0191310685884673 0.00036920153625033 1.46351455157401e-05 1.30140248927546e-05 1.64849039094861e-05 1.5004765450044e-05 1.79269759627232e-05 9.72023673398326e-05
0.00711231156892609 0.00457092905562604 0.000391454193231766 0.000386331045592669 0.00795012363523711 0.000349772848130669 0.000354680974669463 0.000341704759739514 0.000338722554988635 0.00185187756942469 0.000345377994381124 0.000350008981877181 0.000348870515699673 0.000349874708808784 0.000348123179537652 0.000351528785358823 0.00034056103831972 0.00032810433585837 0.000289997914842388 0.000319316313471063 0.000295764939073706 0.00024659982718731 1.35187772684731e-05 8.70617222972214e-06 0.00563139953883365 3.6320069921203e-05 0.00672596392105333 0.00691700046882033 0.0497139742597938 0.010302131541539 0.0176236664003227 0.0149455253296765 0.00847673048847355 0.0519521990790963 0.0120505361948744 0.00957436878816225 0.0081869951725821 0.00750866056914674 0.0160305073892232 0.000252787417684885 1.42306150223703e-05 0.000142765990949556 2.952256760409e-05 1.73333964141875e-05 0.000945334764946892 0.00129067613543157
4.03202648158185e-06 0.00676968982443213 0.00358629767142702 0.000380458358813485 0.000387678531114943 0.000381306607232545 0.00370986240450293 0.0003661432518129 0.000369203293121245 0.000359960619607591 0.00419202386692632 0.000363479587213078 0.000363042935896374 0.000350956782494904 0.000345935821133025 0.000336000021161453 0.000347199338284554 0.000386794583755545 0.00043822748157254 0.000449398517957889 0.000389006703335326 0.00030670486848976 0.00224816079280572 0.00170530133036664 0.00164251296082512 0.00258017161395401 8.08022377896123e-07 1.07654807379731e-07 0.016826072987169 0.0248485812917352 0.0260120569728315 0.0162148549454287 0.014124928106321 0.0343895399244502 0.0326861107721925 0.0124116356484592 0.00940591536491411 0.00834986610134365 0.0245992508833297 0.00652999292360619 0.000126147330865933 0.00349116126599256 6.59749365695461e-05 6.8102314025964e-05 0.00577439794142265 0.0165793506021146
0.00294424369276385 0.0137642619665712 0.00443397690542042 0.000445000726176659 0.00259929307503626 0.00270436856953893 0.000406988092436222 0.000396104565879796 0.0170410700957291 0.000402136841148604 0.000382405571508571 0.00240526118577691 0.00416508230846375 0.000399087127880193 0.00357251065724995 0.000380270822279272 0.0038069331611041 0.00413296121405438 0.000449459515220951 0.000489943955471972 0.000464694298716495 0.00038076306154835 0.00253704815113451 0.000320931767782895 0.000306869902124163 0.00234960941306781 0.00531309487996623 0.00415940025704913 0.00684160289820284 0.00563199386233464 0.0051939768192824 0.0151316702831537 0.0378461621701717 0.00492685576609801 0.0100777836400084 0.014753906801343 0.0129929442889988 0.0105053458537441 0.0323847640771419 0.00224623451795196 0.000112065756547963 3.24613334214519e-05 0.00140160103619564 0.00356455385772279 0.00175809017928259 0.00318696683461894
0.00389723115804372 0.00577966850250959 0.00398843919538194 0.000478067393851234 0.000451915308804018 0.00243357869258034 0.000464390067645581 0.000444261667871615 0.000431229354944662 0.000405971953296103 0.000421145449581672 0.00042206661128148 0.000415627575057442 0.000426321432678378 0.000426057641379884 0.000435983423085418 0.000464456503686961 0.00356462631025352 4.03801914217183e-07 0.000478114259749418 0.000514112583914539 0.000516312761465087 0.00049579486658331 0.00044677442201646 0.000437390865408815 0.00526912214700133 0.00312934106914327 0.00771409863373265 0.00209582129027694 0.00143982920708368 0.0028999858914176 0.00985781522467732 0.0214702086523175 0.0122029920574278 0.0067008261801675 0.0285500157624483 0.0395494341850281 0.013431783975102 0.00949132117675617 0.000324210678809322 0.000982224648760166 5.78239590140583e-05 0.00086943578789942 0.00355463565210812 0.0187484479160048 0.00629520768998191
0.000510236953414278 0.0155871545779519 0.000498373589289258 0.000497166700733942 0.000511324781473377 0.00051990625433973 0.000511415567962104 0.000497232272755355 0.000475216390259448 0.000467392207065131 0.000447253054881003 0.000461939273372991 0.000462864562359755 0.000490895023904159 0.000486811491282424 0.00727813115809113 0.0005742921581259 0.000579748118616408 1.49397614279678e-09 0.000579492279211991 0.000644951367576141 0.000655197331798263 0.000665081868646666 0.000621908099856228 0.000525989102607127 0.00383678185753524 0.00320102603873238 0.00281721680075862 0.00294062743778341 0.0033492895658128 0.00662035848945379 0.00718551690224558 0.00849927770905197 0.016919822525233 0.0150074733886868 3.20215222018305e-06 0.0154187679523602 0.0115769145195372 0.00931619013426825 0.0329792122356594 0.0307750942651182 0.0153840790037066 0.00544669572263956 0.00771199679002166 0.0192119187442586 0.00982538940152153
0.00061049665309838 0.000540078798076138 0.000553769224643474 0.000543558800927713 0.0116657055099495 0.00058496455749264 0.000580259796697646 0.000559959768361296 0.00053214371582726 0.00458355586160906 0.00562162092246581 0.0305309668183327 0.0149414694635198 0.00528183726128191 0.00614304356276989 0.00854227732634172 0.000773352377291303 0.00577502143569291 0.014933843491599 0.00084641493158415 0.000945425825193524 0.00103745809465181 0.000985819855122827 0.000945341092301533 0.00786934220232069 0.00989071233198047 0.000489447245490737 0.00265819493506569 0.000284088991611497 0.000282799239357701 0.00385842644609511 0.00338277529226616 0.00410945003386587 0.00979235959239304 0.00584403723478317 0.0139059124514461 0.00514806054998189 0.0139020836912096 0.0117821934865788 0.00993032748810947 0.0233263718895614 0.00978665535803884 0.0339122645556927 0.0350326964631677 0.0376196825876832 0.0118098949547857
0.000626106265553972 0.00064554403652437 0.00065284887823509 0.00808133687241934 0.000657173103536479 0.0138483016518876 0.014547906210646 0.00563841764233075 0.000584101473941701 0.000545823883658159 0.000522137112784549 0.000529037566957413 0.000551656167226611 0.00503474709112197 0.00772659817012027 0.000901939763571136 0.000986707216361537 0.00952422092668712 0.0012365588278044 0.00135140165803023 0.00142361163161695 0.00122968032374047 0.00114516487519722 0.00103838618961163 0.000733966077677906 0.00704125403426588 0.000581383073586039 0.00051138297712896 0.000461530676693656 0.000344628828315763 0.000312919510179199 0.000216185869066976 0.00163902776257601 0.00216772193089128 0.00543137588538229 0.00960440482012928 0.00664506165776402 0.0155630656052381 0.0527279024943709 0.0108407741645351 0.0449612687341869 0.0105864913202822 0.0103521548677236 0.0338225074112415 0.0424420721828938 0.0249375384300947
0.00484711240278557 0.0885741939768195 0.0582210594788194 0.0116446157626342 0.0264922389760613 0.00687650837353431 0.000696843992045615 0.00551815877552144 0.0030324445979204 0.00375756326538976 0.00329193061043043 0.00581972796353511 0.000696025033539627 0.000749717591679655 0.0501718347892165 0.0125494982581586 0.0116293010301888 0.010338841821067 0.024468690995127 0.0839563617482781 0.0538740983232856 0.00138329828041606 0.00143259929609485 0.00113468894851394 0.00664321184158325 0.00565128918096889 0.000723375963571016 0.000607883030897938 0.0053507718956098 0.00269160583848134 0.00173065448179841 0.000234060843649786 0.003390736610163 0.00609553408576176 0.00906080869026482 0.0122507660184056 0.0117169161327183 0.0109940959140658 0.0173885744065046 0.0126066163182259 0.0118715785443783 0.00584518995601684 0.00809912721160799 0.00454693578649312 0.015389955881983 0.0186453987844288
0.00662170902360231 0.0105231439694762 0.0256603476591408 0.0352791834622622 0.00839044837048277 0.0100395295070484 0.0185260877944529 0.0127227888675407 0.213011123985052 0.00834497099276632 0.00835267658112571 0.0396249077282846 0.00949416286312044 0.000963496169424616 0.0499028466641903 0.0211522771045566 0.0502508098259568 0.0200800505466759 0.0158079949673265 0.0384243175387382 0.0227296942844987 0.00195083975559101 0.00149377633351833 0.00112742064520717 0.00928791891783476 0.00935633354820311 0.00927337263710797 0.00688161253929138 0.000476223364239559 0.000357627249468351 0.00200042405049317 0.00173531154287048 0.00424696566187777 0.0055942021892406 0.0121377092786133 0.020574639365077 0.0110448708757758 0.0085514928214252 0.0448546588420868 0.0164239898789674 0.00536134711001068 0.00971107808873057 0.00572464594151825 0.0122389750555158 0.0351893116720021 0.00993158053606749
0.00111047070968198 0.00118161134014372 0.000748915453732479 0.00211731841554865 0.00140374644543044 0.00067046058975393 0.00368583779782057 0.44924480561167 0.0124159584054723 0.00977115489076823 0.0117364839185029 0.00830612116260454 0.0163292004726827 0.0162954722996801 0.0159671020694077 0.0211449309252203 0.0161613111384213 0.0219053063541651 0.102557811141014 0.0945495530962944 0.00702501346822828 0.0123776927124709 0.00158785124658607 0.00129716963274404 0.00892083635553718 0.0113541564904153 0.00929464320652187 0.00562551380135119 0.00670127957127988 0.000351840149232885 0.00333838511724025 0.00273039964959025 0.0100865679094568 0.0262506148777902 0.0092938260640949 0.0137747546192259 0.00642267417861149 0.0331398788839579 0.071182718500495 0.0409279337152839 0.0402098149992526 0.0304367675445974 0.0254754236899316 0.0299553469754755 0.0101400638464838 0.020880613476038
