Maxent_result_files_2/B_cryptarum_3.asc
NCOLS 594 
NROWS 330 
XLLCORNER -15 
YLLCORNER 23 
CELLSIZE 0.166666666666667 
NODATA_value -9999 
[rows 160 to 179 of 330, columns 414 to 459 of 594]
0.000119662825819111 0.00050821623591395 0.000180265104066069 0.00016815111739702 0.000258213108469363 0.00103787706760805 0.00107264029217372 0.00072794902956681 0.00068443542118104 0.00101530866237382 0.000647883930669513 0.000707367574803164 0.00159580713961203 0.000222113173550331 0.00018255429149604 0.00172588661669176 0.000244325213862562 0.000288158625337587 0.00017433948305563 0.000121412870521476 0.000149872720157973 6.23330739927264e-05 2.59023487160559e-05 2.51343716399899e-05 0.000172271529391788 0.000716949696003133 0.0057503327023233 0.00457373692501097 0.00023565766914948 0.000215551883961285 0.000454712906515564 0.000652366460431275 0.000760028875112428 0.000781941521594742 0.000765798855017163 0.000973507645628946 0.00102969552401128 0.00103031898625853 0.00106194860429523 0.00119430039218219 0.000926386969570458 0.000670292723238253 0.00161556968236976 0.000594712109894602 0.00058616705065031 0.000474683800715281
0.000127552894992855 0.000938024849182983 0.000851928454374118 0.000124484419211779 0.000115050416934714 0.000219826485410779 0.00028734779626074 0.000235123999303355 0.000369532026529851 0.00056241996209514 0.000835358552339149 0.000854554644353145 0.000295662890135606 0.000856358109769006 0.00136977165823426 0.0012891805992935 0.000258767984087849 3.88973339113363e-05 0.000284459198884746 0.000218914031211792 0.000483262741188428 0.000228180762497543 2.68371769379883e-05 0.000100391462365257 0.000866182844071106 0.000843552430228445 0.000870067233400273 0.00079748369467213 0.00146710359263487 0.000511259386263319 0.00045636484428766 0.000560394281643539 0.000910210408687673 0.000953019631645846 0.000985405527274552 0.00129739875598975 0.000953801444938585 0.000852040477958349 0.000832568653316834 0.000842321387654621 0.000726260739633744 3.59444970854383e-07 0.00055990898691286 0.000562701770111584 0.000475933760757341 0.000371813686798317
0.000409886996207653 0.000492956640668496 9.67376092377403e-05 9.26140639422313e-05 0.000402332708473496 0.000219899761579134 0.000188932979655432 0.00180565117062808 0.000346065337370227 0.000695318789811994 0.000284413732155542 0.000638319946310606 0.000699788374196053 0.00117841715112363 0.000330408984886399 0.000662139873026391 0.00126352931549731 0.000273621467023122 0.00016860438818197 0.00045022830018272 0.00111631673355884 0.000317930353416884 0.000280284471594183 0.000147908679355435 0.000381918410157833 0.00294461429673136 0.00108784112985704 0.000959883752617663 0.000586742852474109 0.00046374456869912 0.00043236560595844 0.000465285633983958 0.000472027760408888 0.000530793638613292 0.000711825126219479 0.00102756784192815 0.000934080718507457 0.000899863688457148 0.000716802955160067 0.000618785747802864 0.000608736160220813 0.00063834694739423 0.000514666056556201 0.000362195534399601 0.000319038446469178 0.000356154200563508
0.000488741323361541 0.00051051490009888 0.000521476758885309 0.000430983003754892 0.000529067202299227 0.000523621412869302 0.00084112121549933 0.000610015878926351 0.00114660853292561 0.00173740446927811 0.000782585277937276 0.000665926295919705 0.000639365034296924 0.000469729512407402 0.000537603795238084 0.000568026749534356 0.00068697456154212 0.000279063091876741 0.000248288783041706 0.00127374202424578 0.00249359675834944 0.000623363250663134 0.000465943072072761 0.000750979301003696 0.00161371394685853 0.003471603932859 0.00312979150503259 0.000758042090483857 0.000496377368111645 0.000435348052998741 0.000392878371349992 0.000473303052424545 0.00044406621309645 0.000460002235197299 0.00057887418079845 0.000689837840051977 0.000826920603904246 0.000753092227412355 0.000546008936367426 0.00045750657154926 0.00050676577812232 0.000783218143666908 0.000395357038361288 0.000294959545135753 0.000306751516473347 0.000268495425553006
0.000515190770976481 0.000561925215893166 0.000608374539312251 0.00051255816943494 0.000405327462068772 0.000436061817164779 0.000426108376997614 0.00100785318937618 0.000667880140837418 0.000838508177571085 0.00107807063328977 0.00057051271143187 0.000761846650864151 0.000706979754617809 0.00055088313383842 0.000604433160334605 0.000536966406798911 0.000548223937221781 0.000940797172379038 0.000716796537759856 0.00175230862808912 0.00131713761368382 3.03100682685908e-07 0.000628385605562443 0.00275090619721977 0.00109341974609037 0.00102139761445837 0.000606592290575869 0.00042227811936878 0.000362599955407139 0.000378932776221352 0.000500828100488071 0.000521502349878644 0.000492027950534146 0.000556855450855565 0.000661600995240186 0.000536307602310604 0.0004515846216257 0.000449142335857866 0.000379390837043458 0.000323872704757799 0.000328462441394117 0.000274482498935158 0.000227848886424986 0.000257007235632178 0.000194980481319396
0.000471562155878535 0.000471530924556784 0.000478867143105954 0.000516661119770012 0.00060373047891753 0.000541364948735701 0.000434016944201954 0.000445469873376947 0.0006592327277817 0.000597220598142167 0.000713552904205494 0.000758055556804893 0.000869130314105804 0.000665450753879548 0.00170035654449511 0.000703271641399139 0.000635344255717174 0.000587023650587892 0.00125380135141635 0.000675894302550262 0.000642583941226771 0.00199025424667836 0.00110986730435595 0.00114658894602434 0.000892976860641559 0.00104647182746993 0.000954735040467392 0.000687583000408865 0.000885908550124148 0.000375724765763685 0.000328696858196331 0.000436955614715329 0.000411167947460089 0.000383453772520415 0.00036757511261456 0.000341670810303663 0.000317864818498836 0.000297575163131369 0.000255789121001859 0.000221111343125868 0.000213775660086002 0.000207764308288505 0.000250361139478761 0.000174006836459761 0.000168741143716056 0.000144448109131201
0.000467027453129321 0.000461442368401255 0.000501660018932215 0.000465479384005629 0.000552999533836573 0.000537109529255642 0.000541073805657433 0.000547986736642525 0.000469382676239238 0.00052456786070465 0.000625149992997609 0.000606256973699182 0.000699158554202073 0.000519442076620791 0.000625693250914672 0.000805152888647909 0.000770044713867535 0.000670471086052504 0.00179263515747541 0.00336775340257481 0.000664902763675046 0.000811711925784719 0.000845819388637736 0.00104491397507758 0.00110356220978053 0.000950789847428046 0.00216760043998919 0.000694211732486205 0.000473470243742902 0.000414141239890009 0.000324431719491469 0.00040354536904561 0.000356783879397404 0.000294532212137877 0.000268408051488334 0.000234606966842033 0.000190095226571452 0.000215236625808801 0.000202211000578278 0.000177943207381781 0.000173733686096977 0.000150707175635045 0.000140684450525452 0.000139723666507063 0.000129299805485072 0.000117112239968264
0.000460730885974603 0.000458049302691788 0.000453874579402158 0.000396068641568459 0.000385626163917296 0.000424788155944278 0.000560805902939565 0.000656433022243408 0.000528724773906442 0.000493397889660407 0.000528289141950167 0.00108929130656915 0.0004236029606561 0.000548238877673501 0.000689576327570063 0.000629976831261248 0.000690153316829656 0.000801037339264676 0.000697766916711584 0.000587102361897074 0.000624183249602372 0.000746704515770391 0.000801768322711793 0.000978074409077156 0.000959488603994108 0.000755517650399851 0.000591292610625949 0.000519651506329788 0.00108682513819455 0.000206130283914052 0.00031327937322212 0.000412624297314812 0.00036048605979927 0.000341832824779165 0.000281390907912404 0.000215959887282258 0.000167648352362459 0.000144622913649073 0.000148730672663089 0.000136531702810316 0.000123684636855614 0.000123677126612165 0.000113567039079498 0.000117256926023401 0.000108703134901589 8.96654360985849e-05
0.000361726105622229 0.000390142310064245 0.000424548760932963 0.0003986637399086 0.000340646592668237 0.000460641823887453 0.000515707174786984 0.000550774196749304 0.000525978533553695 0.000466808695638599 0.000551632998397844 0.000586068138367024 0.00061635861930216 0.000584754778539021 0.000602318887832676 0.000708465065693376 0.000666585291038813 0.000692373223138887 0.000717813509983489 0.00124528890010166 0.000537628376332844 0.000664015213261215 0.000819926217084721 0.000795831604048325 0.000855524264630181 0.000722035462970516 0.00055552967824104 0.000400438091310362 0.000414364354219532 0.000410224551160521 0.000324779217771776 0.00034415439295129 0.000310826186614688 0.000259528233436912 0.000221661060641076 0.000178161737130733 0.000135152298025787 0.000125881391068106 0.000116328642616281 0.000105891714338213 0.000100766428295174 9.74473183305236e-05 9.79706903308397e-05 9.57405201916117e-05 7.85996529884869e-05 6.41193419141928e-05
0.000357249542141291 0.000372861789949419 0.000409785544619601 0.000388160526928882 0.000298239297990677 0.000446971305066779 0.000410001672573157 0.00046990177798133 0.000591251099836287 0.000599454820625867 0.000641782811731728 0.00064470919315297 0.000708829189540272 0.000691152797665995 0.000632943713573386 0.000646004689043767 0.000773598832895639 0.00076333008764996 0.000721619933029871 0.000570384413004221 0.000633026075957355 0.00062671156920322 0.000674810729106801 0.000782279693523213 0.000763673716575719 0.000577610921755378 0.00044267456396494 0.000396870799886595 0.000416946706536814 0.000381831034610625 0.000422896521922866 0.000365579270874317 0.000292369282397031 0.00024914761525 0.000195277877355704 0.000160595775741967 0.000124364021394285 0.000115596826799447 0.000103866939389263 8.82842452483601e-05 8.18548020106391e-05 7.69185970057151e-05 7.27756712876726e-05 6.98193920470658e-05 6.63702605379513e-05 5.82364375077304e-05
0.000313227353036283 0.000322638596117986 0.000377113405559171 0.000386956962758822 0.000319147879782367 0.000382428482409147 0.000431751435100947 0.000390293348756088 0.000492162560115539 0.000531983294061111 0.000534323704781137 0.000602280526076471 0.000594874797391476 0.000670193717818113 0.000667745276589426 0.00062646686274257 0.000621932462674002 0.000640504038893641 0.000585990048421636 0.000568136267248054 0.000532650659443124 0.000548242239165497 0.000596326688537674 0.00071639710222452 0.000606779243390065 0.000458178693952638 0.000430815637810245 0.000442549372383005 0.000516897860507282 0.000497000897303601 0.000427560204116373 0.000326186830352582 0.000250337726902228 0.000226348112482822 0.000195092477952141 0.000154477201795089 0.000121718043737928 9.94161910057301e-05 8.64276638822048e-05 7.60219018047792e-05 7.05578575434629e-05 6.68430371661088e-05 6.51774982543429e-05 5.92011509070289e-05 5.51570833522419e-05 5.05660415910825e-05
0.000316972062865994 0.000322702541599473 0.000349067563367267 0.000336144484755252 0.000313961641223448 0.000346964244091419 0.000358692613372924 0.000402456619486935 0.00037027478392756 0.000437758825138346 0.000441028093338203 0.000500415185526182 0.000473076876370138 0.000422471408092406 0.000523500569398538 0.000553921549000036 0.000492497681989856 0.000529535458191199 0.00050342461181605 0.000565934031329052 0.0010923995665522 0.000522007945983438 0.00053446137171731 0.00057368453854012 0.00061526555800866 0.000571167713497378 0.000542911647062516 0.000535364377720038 0.000499659731576929 0.000503221017425271 0.000406643096357728 0.00030733358144065 0.000245865536271606 0.000216450476000329 0.000188898485794209 0.000144303642446175 0.000120365878683515 9.34783924094518e-05 8.09304066933692e-05 7.11927415977698e-05 6.68104072246933e-05 6.16585220996058e-05 5.64097189453605e-05 5.17489669618953e-05 4.74192153887998e-05 4.3826686032844e-05
0.000306455297687602 0.000304160601809478 0.000313600584923823 0.000253604047611966 0.000300458545098792 0.000331632477173982 0.000302643190662411 0.000314756928128646 0.000328347065079126 0.000359059142647933 0.000361399167741694 0.000363851570000739 0.000358509087527836 0.000446543419094059 0.000431559981371343 0.000409412322915459 0.00043591146095463 0.000483895523939781 0.000421631078643492 0.000478167530673368 0.000435248414578482 0.000406551404739774 0.000420660758391078 0.000456948112696565 0.000590679561720053 0.000541252168477868 0.000512575980974639 0.00064800501277279 0.000632509231218814 0.000395866051258109 0.000317216382973151 0.000276655214838695 0.000257751686149288 0.000212539321364613 0.000183461686174269 0.000137154599360656 0.000107786788430531 8.07701937446836e-05 6.77931278914912e-05 6.43228269836982e-05 6.69470417051343e-05 5.74768790102098e-05 4.92337514515384e-05 4.64730736894126e-05 4.46576033937163e-05 4.17844655203226e-05
0.000288293634367576 0.000296338541375851 0.000341694438249762 0.000279948765820148 3.17001869198919e-11 2.62097454850618e-11 0.000288396282122072 0.000359861316975318 0.000357869881555561 0.000384769112862449 0.000398488658539531 0.00034559266350731 0.000314448561403125 0.00033713188167912 0.000361662838259003 0.000409940927056962 0.000426014960976762 0.000396219889808236 0.000556676168344472 0.000362780646537519 0.000363034252950511 0.000356316077522978 0.00033743801977838 0.000381459349591817 0.000386780989356406 0.00036324800748847 0.00038655735988874 0.000711292793860407 0.000625472218963319 0.000369095297355715 0.000286787553341139 0.000260347183211718 0.00022068524704083 0.000181971627534949 0.00013615231764561 0.000112402704326087 7.99796032879385e-05 7.01970941008767e-05 7.30330864826101e-05 6.71850355502102e-05 5.98554695898201e-05 5.39593405846972e-05 4.85350712551735e-05 4.78004150863853e-05 4.22099311435886e-05 4.72935092147964e-05
0.000278034513758585 0.000221011452959174 0.000244542797736758 0.000293436869106734 1.00625550203404e-07 9.66792640610947e-08 0.000230465954519055 0.000239535069704466 0.000281380514207197 0.000279872218379973 0.000334900950838757 0.000383543595672164 0.000369533263438304 0.000326555113133653 0.000387505488470519 0.0004053785320142 0.000373048124311215 0.000294931646931296 0.000292316415289007 0.000407581428590131 0.000323262075835429 0.000364821721450526 0.000315511215012543 0.000316069811378872 0.000279288471210759 0.00028839516817244 0.000403220485895972 0.000667430143222747 0.000496288918657417 0.00044126072752998 0.000289595863432635 0.000227358536358224 0.000178844219044549 0.000132954379660077 0.000106209423029213 9.752146070241e-05 8.04270885055303e-05 8.42399542307248e-05 8.27530255264719e-05 6.35305768810213e-05 5.7768012447923e-05 5.18987791110703e-05 4.89650805320707e-05 5.1349985642446e-05 5.46764276805334e-05 5.99118924583308e-05
0.000242848253401906 0.000224786026228918 0.000227500365872679 0.000268537426018711 0.00028249321476399 0.000244778295746362 0.000214525637420682 0.000223155895219063 1.52429358024619e-10 0.000263002121937683 0.00031935499719159 0.000343898896244854 0.000344029997359407 0.000358882950968353 0.000372630622587455 0.000361694252933686 0.00034702535776906 0.000289561619865775 2.04300376935862e-06 0.000270256426301896 0.000304130052973162 0.000318177160807065 0.000259953663771761 0.000244797822233533 0.0002479797556589 0.000306548574735666 0.000455595193489222 0.000569488918700256 0.000444998014427378 0.000393649030593268 0.000283620872505708 0.000196170488925418 0.000137211133915116 0.000106537979081622 0.000105160852399422 9.44859171795542e-05 8.21913576146471e-05 7.49256498238537e-05 7.46840549254557e-05 6.05154133154429e-05 5.08784338308033e-05 4.95566989229701e-05 4.7503707537544e-05 4.24873307565576e-05 4.28529481723672e-05 3.84240061066521e-05
0.000239223860990401 0.000241711312992599 0.000222715952986885 0.000257304013940052 0.000297749794845736 0.000255677002860755 0.000249443242501179 0.000293263036292413 0.000287876091897765 0.000287712454155764 0.000313338717387912 0.000260215080925397 0.000248432188527758 0.000292070263822286 0.000283905107062454 0.000300989183597478 0.00032837575563498 0.000281927148171368 0.000469343192526384 0.000258075746387576 1.98005345737329e-06 0.000255205183202678 0.000214865167072287 0.000203930881252756 0.000231456565234123 0.000364092856762044 0.000490550632821729 0.000413992538233388 0.000316365360049553 0.000314505068672599 0.000226819964518654 0.00016464890941279 0.000129058715538122 0.000130258922581561 0.000102856203375268 9.33282357436838e-05 9.33723746129544e-05 9.71126844888204e-05 7.91572199887014e-05 6.05793302383972e-05 5.44680148777843e-05 5.89857108934666e-05 5.43625232239719e-05 5.2097068146395e-05 3.7954423987685e-05 3.40642143783043e-05
0.000213067600270977 0.00021141529287001 0.000195922903367496 0.000204439421213609 0.000204645845224283 0.000230120038759352 0.00022484497385461 0.0002502155686673 0.000284101448778973 0.00024867973043019 0.000253662707109581 1.94412914424902e-06 0.000272586196661162 0.000286481191870014 0.000310369893850559 0.000322326176683685 0.000334782218851937 0.00030126323836176 0.000245235898182794 2.01113126152563e-11 1.66812952340223e-10 0.00023916920545165 0.000215215778007416 0.000209286144672671 0.000249896483728673 0.000359627697616882 0.000533018329588775 0.000324551046651367 0.000242789796175202 0.000223549621296115 0.000166899457690306 0.000168558072618907 0.000127128476015059 0.000107286152888264 9.99444440822117e-05 0.000102754235376779 0.000108995462505845 0.000112746212107595 8.6084547729115e-05 8.64077668666141e-05 7.58992331611808e-05 8.14350409200415e-05 5.48041623915196e-05 4.41764653260179e-05 4.38004702118633e-05 4.13186795412912e-05
0.000203479376796356 0.000209281983552712 0.000210114246874771 0.000192547468759718 0.000184794018423529 0.000184210986481148 0.000218688394670719 0.000248058765282799 0.000287221331382548 1.80057850229787e-06 1.9855528332613e-11 0.00028234463534339 0.000286868412513552 0.000284945336170783 0.000290271095582595 0.000292516809713839 0.000279193080496243 0.000275375014462231 3.2685072426375e-09 2.36822783605817e-11 0.000254848005715824 0.000189952632354118 0.000181416859413741 0.000218716944073105 0.000243911682628106 0.000293497060192782 0.000370506323815889 0.000239183338999283 0.000214105694249156 0.000223593898044783 0.000157415906141978 0.000141108616116981 0.000111701384957996 8.94450949999737e-05 9.66426572631463e-05 0.00012615644664038 0.000146271357880323 0.000130723815891542 9.50690196987125e-05 0.00010309237477486 9.04593653103802e-05 7.59496511818725e-05 5.49216663785046e-05 4.31996897532372e-05 4.36422532402503e-05 4.65650148726127e-05
0.000222039595246581 0.000212741781433945 0.000213299203460593 0.000226412090705941 0.000221966975368781 0.000205509911757107 0.000198061419360007 0.000202382627321773 0.000207741851045407 0.000207365998358111 0.000240232169017152 0.000252524258394449 0.000238944247394268 0.000256164417078464 0.000262140065024352 0.000246136244095563 0.000248793811624803 0.000245881340379372 0.000262752806884481 0.000256526619341579 0.000221646831778377 0.000188379157771135 0.000173017087945493 0.000183317403570982 0.000191154370986624 0.000198636407731112 0.000172922420824762 0.000136189241311513 0.000120630554738455 0.000113884781603701 0.000115789830488211 0.000117185428825906 0.000111416043546342 2.14617656979499e-08 0.000105961562439916 0.000135143066654564 0.000140046386877657 9.97472292510793e-05 8.6107319657458e-05 8.35694489069283e-05 7.57043846533634e-05 6.41359392830054e-05 5.33338252353133e-05 5.30000112121343e-05 4.98184741445584e-05 4.9454568670626e-05
