Maxent_result_files_2/B_cullumanus_3.asc
NCOLS 594 
NROWS 330 
XLLCORNER -15 
YLLCORNER 23 
CELLSIZE 0.166666666666667 
NODATA_value -9999 
[rows 300 to 319 of 330, columns 276 to 321 of 594]
4.31878532936025e-11 5.69012836848515e-11 5.68962321700894e-11 7.78245579091674e-11 1.8396220102801e-10 3.84114939855351e-10 2.10560158198092e-10 1.84078052800629e-10 8.87230178214793e-11 5.82515813363216e-11 1.49587076059277e-10 7.11191106006481e-11 6.62169208354158e-12 2.44856357412004e-12 3.06744629696709e-12 -9999 -9999 -9999 1.5383061491292e-11 4.78195261166547e-12 -9999 -9999 -9999 -9999 -9999 -9999 2.1177060105515e-12 9.2666985196388e-13 5.06829134216957e-11 2.31859420551928e-11 7.26145921170485e-11 4.57130632236513e-09 3.43163002569646e-08 6.93205159940646e-11 1.30417676658112e-11 1.57312163295842e-11 2.00150451767911e-11 3.8539349489497e-11 2.50754972341838e-12 3.13805648133325e-12 3.99585919907963e-12 3.16102699571275e-12 1.56329393874444e-12 1.19318999125539e-12 1.09293685213174e-12 1.0927814209083e-12
2.89891444182899e-11 3.77862852118938e-11 5.7859317337261e-11 5.84067016973222e-11 1.22934573631994e-10 2.17935136603842e-10 2.49276899122464e-10 1.24637833387453e-10 8.04624034067558e-11 2.83953638380297e-11 1.9896784220208e-11 2.84608558942523e-11 2.54070098293369e-12 2.07506234417565e-12 1.31590294216721e-12 -9999 -9999 -9999 -9999 -9999 -9999 -9999 -9999 -9999 -9999 -9999 -9999 3.14859249783694e-13 5.72913938512443e-12 2.69058109125808e-12 2.31040631071266e-11 8.85744622092233e-10 1.60102253676797e-10 2.33745440780808e-09 1.99689862423469e-09 1.44052172412756e-09 2.38084063575172e-10 7.92803600546676e-12 3.74468234198844e-12 2.5365043399006e-12 2.9492519537655e-12 2.19838591775101e-12 1.23292487330673e-12 9.51094758505633e-13 9.75886038645513e-13 9.49218481594016e-13
2.17653672862639e-11 2.76543010713226e-11 2.77625256117631e-11 4.81396811302659e-11 9.70890812190817e-11 2.48587916917842e-10 5.92296356405342e-10 2.7570909999497e-10 1.64356495080398e-10 1.66718305827374e-11 1.59908641883533e-11 2.8509172800284e-11 7.13827885689966e-12 2.16408002629009e-12 1.88286053415254e-12 -9999 -9999 -9999 -9999 -9999 -9999 -9999 -9999 -9999 -9999 -9999 -9999 3.74384967471997e-12 6.83785250643609e-12 4.94759788693955e-13 4.43367564884056e-13 2.48223663845693e-13 4.9267256940766e-13 4.23328261334177e-11 6.76268374633082e-09 6.25518836727679e-08 2.00621449786276e-08 4.25366442069475e-10 1.03257202788143e-10 2.9425795133875e-12 2.04524175373422e-12 3.17269543970156e-12 3.38072903005582e-12 2.76764167139731e-12 2.14264161968458e-12 1.59706692315353e-12
2.35686914429323e-11 1.71413438998513e-11 1.6386925150158e-11 2.40262143513803e-11 4.71781391730985e-11 1.03400976669832e-10 2.52370147002523e-10 2.16120676910236e-10 8.22230727948181e-11 8.612255353313e-12 8.78705996854023e-12 4.8052128942544e-11 3.23244986333293e-11 7.21742665632519e-12 2.30571117754153e-12 2.53644882874937e-12 -9999 -9999 -9999 -9999 -9999 -9999 -9999 -9999 -9999 -9999 -9999 -9999 1.85937931718172e-12 8.04156741196493e-13 5.85276271891644e-13 6.0151883474191e-14 1.24789067967868e-13 3.5758285221732e-12 5.41029404610427e-09 2.42097226266225e-08 5.56535380669132e-08 1.40972510331849e-09 3.71728658965509e-10 1.52305745793058e-10 7.76250175249515e-12 1.31890831589487e-11 1.22605148256127e-11 7.4072525890756e-12 5.12563325116844e-12 4.81541473362768e-12
2.26566838623654e-09 3.35734118284137e-10 1.30442323609259e-11 2.70859001894053e-11 2.87189050318659e-11 5.65890445614059e-11 9.09861408437962e-11 9.22310228190781e-11 6.86675938332826e-11 1.06776698594047e-11 2.69103628269818e-12 8.98612295685552e-12 2.14386841612679e-11 5.37948463552596e-11 3.11769499106163e-12 2.58411070319653e-12 8.52668602391304e-11 -9999 -9999 -9999 -9999 -9999 -9999 -9999 -9999 -9999 -9999 -9999 -9999 2.03503880413791e-13 9.09605724075391e-14 1.17628129459035e-13 6.74238442854858e-14 1.40636391421367e-12 9.15240205845436e-10 5.39237499097567e-10 1.93279570126492e-09 5.65023139387222e-10 2.05828313171175e-08 1.67541394091586e-09 2.93356339220452e-11 2.84207324341423e-11 1.98006833151965e-11 1.18598464382558e-11 8.84570194870093e-12 5.6071924880996e-12
1.60256030667938e-11 9.92248005982077e-10 9.8973962359139e-11 4.03711730712075e-11 3.78872710982137e-11 5.21077403448089e-11 6.16657835905698e-11 5.71132030557919e-11 4.85496753910297e-11 1.65341296209931e-11 1.85991222423354e-12 2.92932345047348e-12 4.04236644158118e-12 3.47178508164347e-11 9.71269287219911e-11 1.48768442009839e-11 4.96482854828173e-12 -9999 -9999 -9999 -9999 -9999 -9999 -9999 -9999 -9999 -9999 -9999 -9999 5.48651013509982e-11 1.35125244327128e-13 8.23563439666941e-14 4.01567668006919e-14 1.11299858218672e-13 2.21404006239823e-12 2.16108020367756e-11 2.93739810253157e-11 1.51473711351713e-10 1.60641671742567e-08 2.15637246614442e-08 1.38762756840549e-10 1.68044911319498e-11 1.24942056700661e-11 1.38589917320076e-11 1.38215439093869e-11 1.13990927808061e-11
2.62493138336595e-11 3.27265659016973e-11 1.17849877634413e-09 2.28851604333613e-11 3.29919536135037e-11 4.42878955730919e-11 5.49560952300965e-11 5.614604337012e-11 3.63412966386534e-11 1.68227543007049e-11 2.68606248354786e-12 1.08451025937484e-12 1.40976119666902e-12 2.09350203839165e-11 1.65027269627416e-10 5.90676729750328e-11 8.45298275820028e-12 1.28806366683776e-09 -9999 -9999 -9999 -9999 -9999 -9999 -9999 -9999 -9999 -9999 -9999 -9999 3.90845689146602e-11 8.15458811587177e-14 4.52304860232289e-14 2.71005440311001e-14 5.21138687759048e-14 4.23550083894497e-14 4.5207315668705e-11 2.06110017941796e-11 5.7909846251647e-09 6.51671821572108e-07 7.14794778922112e-10 1.62814206561279e-12 1.81447079583563e-12 2.94381186094483e-12 7.70706831687562e-12 1.04405706302657e-11
4.27456514628943e-11 3.48543416350822e-11 3.90471799338599e-10 4.23532131588189e-10 2.58556065446669e-11 4.08732048207128e-11 2.79917200529667e-11 2.50261145140485e-11 1.9203783008237e-11 8.69235794453971e-12 7.62456764391573e-13 1.41359146610398e-12 1.37033717706458e-12 7.27095050834237e-12 5.50565260049041e-11 3.15353965163467e-11 5.97099036880877e-12 6.04176708662862e-10 -9999 -9999 -9999 -9999 -9999 -9999 -9999 -9999 -9999 -9999 -9999 -9999 -9999 3.53828077948037e-13 3.46167539078124e-14 2.36588526547621e-14 2.31481500634345e-14 3.66928709638614e-14 3.45131700996149e-12 1.66631053399868e-10 4.28791113726845e-11 3.5768986550444e-09 3.39287166140068e-08 7.01017022208816e-12 2.22405427408034e-12 3.89281940016417e-12 5.59783330800201e-12 9.3087537678116e-12
6.15968609452011e-11 7.64682206444434e-11 1.78131620565125e-11 7.47615414020686e-11 6.14073780713653e-10 1.25697452446616e-11 1.32375888028946e-11 9.36696276099269e-12 1.18825393968791e-11 8.8678731025027e-12 3.14692716330001e-13 7.19931891879355e-12 3.62034846546067e-12 3.72109010271515e-12 1.08014597266504e-11 1.25377708215524e-11 4.0235037523928e-12 1.21962440147172e-11 -9999 -9999 -9999 -9999 -9999 -9999 -9999 -9999 -9999 -9999 -9999 -9999 -9999 -9999 1.13309361893243e-13 1.68420832835636e-14 2.35811370430383e-14 4.71511718558304e-14 1.67880154222644e-12 3.17636805746702e-11 1.94092963923254e-11 3.61618179844925e-11 1.5162615829567e-09 1.94587790325329e-11 1.75415237890775e-13 3.6464720132301e-12 2.90010127024232e-11 6.8354766291634e-12
1.13460008055455e-10 1.2463319265521e-10 5.68453284444104e-11 4.52545778628632e-12 2.31330055111556e-10 1.33884792141714e-11 2.95766744429216e-12 5.44123635037863e-12 7.65056906715245e-12 5.07112130065934e-12 1.14960263530861e-12 3.02390334994129e-12 1.51834100847736e-12 2.26384466728291e-12 1.44588452322125e-11 8.7231999401638e-12 1.84210313669553e-11 5.49724710197097e-12 2.65537897226054e-09 -9999 -9999 -9999 -9999 -9999 -9999 -9999 -9999 -9999 -9999 -9999 -9999 -9999 1.89563920116598e-12 1.65423230669148e-14 1.00253139123652e-14 1.68309810533174e-14 1.76314518540721e-13 3.19559212424991e-10 2.88007950821623e-11 1.32628352744746e-12 8.98170426921752e-14 1.83686399424232e-13 6.67577104707107e-14 5.26911847487099e-14 9.71733804533415e-13 4.99738028736374e-12
1.65496727433379e-10 1.33451982797794e-10 9.01097529926176e-11 1.02691077863426e-11 5.01163555099993e-12 4.79962181110238e-10 1.28672927868223e-10 3.64864805035836e-12 3.16134896038989e-12 1.63377089634764e-12 1.406874616805e-13 3.37215810830571e-12 1.36206601553113e-12 8.9287466309429e-13 5.21396259500761e-12 5.64683855230896e-12 3.47090134411587e-12 2.16937579011756e-12 2.55973020557576e-12 -9999 -9999 -9999 -9999 -9999 -9999 -9999 -9999 -9999 -9999 -9999 -9999 -9999 -9999 3.52051721108637e-14 1.06692432666478e-14 7.88258347483861e-15 2.40696351738734e-14 1.44384504352502e-13 8.47129033587635e-12 1.16351706047624e-11 3.08564174211767e-11 2.13640216628619e-13 1.10023101740353e-14 1.7430501486615e-15 1.87405646556726e-14 8.97688590129064e-12
1.19149323740686e-10 1.30628263761423e-10 1.16720821896621e-10 3.02933678142381e-11 4.59543514352845e-12 1.72865055603211e-12 6.30978713722641e-11 2.4689039701542e-11 1.52402701569798e-10 2.14340767357157e-12 3.64058783119958e-12 6.34092778284412e-13 7.46414041685739e-13 2.97117885850184e-13 6.97242263925091e-13 1.5074275161453e-12 4.78197481612597e-12 1.73072667308816e-12 1.46808121215258e-12 5.00731789365716e-11 -9999 -9999 -9999 -9999 -9999 -9999 -9999 -9999 -9999 -9999 -9999 -9999 -9999 1.64317903483813e-07 2.54773979690981e-13 1.09356967925578e-14 9.85878045867139e-15 8.67084182232247e-15 2.4081070471027e-12 8.79851747015437e-13 4.53110104992049e-10 5.29463139997688e-11 1.67421632113474e-14 1.03173025678416e-13 3.03979064142368e-14 1.30895294603306e-13
1.14286891061965e-10 7.09142522481443e-11 6.98877511418061e-11 2.46656473024132e-11 9.56421608577784e-12 2.47319942303648e-12 2.30223617947445e-12 2.02218242151275e-12 2.84384737980758e-12 2.40995001732358e-12 6.48198161812275e-12 1.67410529883227e-13 4.86721773995669e-14 2.06334949126585e-13 2.40152342456668e-13 6.01230176755507e-13 2.61506372112308e-12 2.54277709998973e-12 1.25091048630566e-12 1.98667748918524e-12 -9999 -9999 -9999 -9999 -9999 -9999 -9999 -9999 -9999 -9999 -9999 -9999 -9999 -9999 8.13449307912606e-13 2.66453525910038e-14 1.84185999785313e-14 3.76365605347928e-15 4.76285677564192e-15 2.70816702396814e-13 3.27915472553286e-12 1.07061581822165e-11 2.8244073746464e-14 5.55111512312578e-16 4.6340709047854e-14 1.85684800868557e-13
9.14730735601665e-11 5.81365067198192e-11 4.89363327638159e-11 1.63496882699121e-11 8.08140221408848e-12 5.94637672435283e-12 3.40502070983462e-12 3.45046213823252e-12 3.31944471909651e-12 8.15314482593976e-13 8.10094213932189e-12 1.12573284027917e-12 9.59710089176724e-13 2.80708789546225e-13 2.30682140056615e-13 4.4987347180836e-13 1.00245367562479e-12 5.19433385193224e-12 8.27620194598921e-12 4.92170748600529e-12 3.70796726656408e-12 -9999 -9999 -9999 -9999 -9999 -9999 -9999 -9999 -9999 -9999 -9999 -9999 -9999 -9999 5.82034420659738e-13 2.45692355349547e-14 6.3504757008559e-15 2.87547763377916e-15 3.37840866393435e-14 3.13638004456607e-14 3.8968828164343e-15 3.31956684362922e-15 2.53130849614536e-15 2.44249065417534e-16 1.88737914186277e-15
1.21988130707962e-10 4.58683313553365e-11 6.48361586641499e-11 4.53217907647741e-11 5.38173505759687e-11 4.96452989828811e-11 2.6166968591923e-11 2.79712919493136e-12 1.13283826763677e-12 6.17428330684788e-13 1.18309806396155e-12 1.38682398898027e-12 1.71473946153355e-12 5.88196158446408e-13 3.21953574911049e-13 6.7301719752777e-13 1.30058186442739e-12 3.43679529279939e-12 8.54011306117286e-12 7.59065033051343e-12 3.15136805539851e-12 3.08031333773329e-10 -9999 -9999 -9999 -9999 -9999 -9999 -9999 -9999 -9999 -9999 -9999 -9999 -9999 -9999 1.49102952207159e-13 1.21680443498917e-14 1.99729122130066e-14 7.96029908656237e-15 4.16333634234434e-15 2.74225087082414e-15 5.99520433297585e-16 1.33226762955019e-16 6.66133814775094e-17 2.44249065417534e-16
1.06326947246771e-11 4.59579041489633e-12 5.04427610792391e-12 4.5826786809755e-12 7.95243204620988e-11 7.35665306450528e-11 5.04449038096766e-11 6.16884321402722e-12 2.07311945388255e-13 1.51701984307806e-12 1.18050014208393e-12 9.38016331275548e-13 9.83824133271582e-13 7.17426118512776e-13 3.26827453989154e-13 4.69557726034964e-13 8.05555622207521e-13 1.31217259280447e-12 2.78285172683468e-12 6.64707178188451e-12 3.85292908688939e-12 1.526079262959e-12 -9999 -9999 -9999 -9999 -9999 -9999 -9999 -9999 -9999 -9999 -9999 -9999 -9999 -9999 1.49623202716498e-10 1.06581410364015e-14 8.80406858527749e-15 5.65658631046517e-14 3.01236813271544e-13 2.17603712826531e-14 3.06532577099006e-14 3.17523785042795e-15 1.22124532708767e-16 6.66133814775094e-17
1.01903041560547e-11 5.28013188727527e-12 2.08603134765895e-12 1.57858170979353e-12 2.53023157981147e-12 3.23382542966044e-11 2.52368126396618e-11 9.96749349724269e-12 1.90580884407154e-13 8.53872528239208e-14 4.02899935636469e-14 6.04294392303473e-13 3.43580719430747e-13 1.6663337376599e-13 1.79689596535582e-13 2.26951790693875e-13 3.62310181856174e-13 1.13843379168088e-12 2.02059480258754e-12 7.27635729447229e-12 2.47215581339333e-12 1.24882326701936e-12 2.19693252478947e-10 -9999 -9999 -9999 -9999 -9999 -9999 -9999 -9999 -9999 -9999 -9999 -9999 -9999 -9999 1.84408044390239e-13 1.02473585172902e-14 2.4713564528156e-14 4.27878843467511e-12 2.77309286644822e-12 5.01032548783087e-13 8.88178419700125e-16 2.48689957516035e-15 4.84057238736568e-15
7.42825800870151e-12 4.10170786224739e-12 2.0883961227014e-12 1.2011835970327e-12 3.31141780662847e-12 1.42127642988044e-11 1.01766706173123e-11 3.86691789699967e-12 1.33471012020436e-13 2.9831692671678e-14 6.33615382383823e-13 1.04538599998705e-13 8.27560242555592e-14 7.99915689242425e-14 8.76854144848949e-14 1.59827706625038e-13 2.9849456240072e-13 6.19937434720441e-13 1.3978262991543e-12 6.23092688556426e-12 5.91677817851632e-12 1.42290512705756e-11 1.22866161689217e-12 -9999 -9999 -9999 -9999 -9999 -9999 -9999 -9999 -9999 -9999 -9999 -9999 -9999 -9999 -9999 1.47659662275146e-14 1.43995926293883e-14 1.234560231822e-11 1.66604174900442e-11 6.88782364477447e-14 1.81454851144736e-13 2.86770607260678e-14 1.50446322066955e-13
4.66326977033305e-13 3.79064557520792e-12 1.47469814137935e-12 9.89486270697171e-13 1.19497189920992e-11 2.145095212569e-11 1.38744460365103e-11 4.72325512035354e-12 7.44149186715504e-13 3.03757019537443e-14 7.76489983422834e-14 1.21027632360438e-12 7.41517958147142e-14 6.17284001691587e-14 7.10431713457638e-14 1.21114229756358e-13 1.55342405605552e-13 3.41182637697557e-13 5.55799850587846e-13 1.65288893683169e-12 4.97699659263162e-12 1.3297751788599e-11 1.79231074426411e-12 1.27945987138389e-11 -9999 -9999 -9999 -9999 -9999 -9999 -9999 -9999 -9999 -9999 -9999 -9999 -9999 -9999 1.37889699658444e-14 5.59774449016004e-14 5.80741787992167e-11 7.57641727133773e-12 2.31376029447006e-12 5.24025267623074e-14 2.79443135298152e-14 3.94728694175228e-13
2.79454237528398e-13 1.49816825611992e-12 1.48028256319321e-12 1.0844769526841e-12 9.45576950073246e-12 1.38691835793736e-11 1.36172739750862e-11 1.04207198425854e-11 9.21984710799961e-13 2.23376872554581e-14 2.44593234555168e-13 3.27937677013779e-13 4.69069227904129e-14 4.74176253817404e-14 5.23803223018149e-14 6.96553925649823e-14 1.40121247937941e-13 1.40798483982962e-13 3.84936527098034e-13 8.65640892300235e-13 3.51818574273466e-12 7.21216419918846e-12 2.53533860572475e-12 9.377165710589e-13 -9999 -9999 -9999 -9999 -9999 -9999 -9999 -9999 -9999 -9999 -9999 -9999 -9999 3.39401395876848e-11 6.47260023356466e-15 1.51212375953946e-14 3.29379856722767e-12 5.68012303858723e-13 2.44992914844033e-13 7.8159700933611e-15 1.33226762955019e-16 6.92779167366098e-15
