Maxent_result_files_2/B_cullumanus_3.asc
NCOLS 594 
NROWS 330 
XLLCORNER -15 
YLLCORNER 23 
CELLSIZE 0.166666666666667 
NODATA_value -9999 
[rows 120 to 139 of 330, columns 230 to 275 of 594]
-9999 -9999 -9999 -9999 -9999 -9999 0.0243840242736042 0.00688321540364996 0.00155301844934002 0.00864339573308825 0.0224503103177994 0.0281564953736961 0.0709846995770931 0.00331558031903114 0.00485961899976246 0.00944987508701161 0.00616821895819157 0.0452100044116378 0.0474306724965572 0.018650263408199 0.00760699254460633 0.288015562295914 0.0235347236506641 0.00172110961284488 0.00269055018434301 0.00174891219648998 0.0116420884616673 0.188685973733664 0.672893995046616 0.622466692328453 0.00268532806658186 0.00221376371919177 0.00271659435238689 0.00360547503805719 0.00495511475019157 0.0048934256657958 0.00277701898157829 0.00245562340278411 0.00216594214725774 0.0292186051607132 0.0080129872309044 0.00114793599786935 0.00140026041044621 0.0118307398166507 0.0392580876126885 0.0030812631099252
-9999 -9999 -9999 -9999 -9999 -9999 0.0226336387218907 0.00202883040474262 0.00629995682975277 0.022454441152513 0.0378578119911253 0.22014619410038 0.00416709999844898 0.0117646874859929 0.168695658445358 0.0019497631903505 0.00588686630362645 0.00626571265747771 0.00407626611413434 0.00346634355664719 0.00407470841309987 0.00535760580096394 0.00550998841063119 0.00278654787107371 0.00597705077962019 0.0245380498468876 0.0190932074794546 0.089188701286912 0.0202977224718779 0.00978304132586345 0.000521854844100744 0.00340394339873455 0.0195096324197948 0.015916213276796 0.00865272756200284 0.000765286626119632 0.00235040061234031 0.0368015728890896 0.0118943242239766 0.0134011464891955 0.0172718850895762 0.00231598831014708 0.000172785398899578 0.00226669909607153 0.000702671086764894 0.00120794840331655
-9999 -9999 -9999 -9999 -9999 -9999 0.0132649103412405 0.00634814674849622 0.0371189098805189 0.0125848019495606 0.00696836630813777 0.0214110289234668 0.0130543807055801 0.0118898230139166 0.00924564789747819 0.00661997246788815 0.001990389887942 0.00441228087875061 0.00218819399597123 0.00870680104708299 0.00339611047238577 0.00333053335198201 0.00405578606296331 0.00319309783517383 0.00818814234808087 0.00194562563556246 0.00465702042565681 0.0929169841110706 0.0257341418415308 0.0234889500774443 0.102744496613741 0.0319246037863195 0.0021974993578624 0.0404229623265564 0.0152911895886064 0.0101635764352977 0.0032430721912533 0.00435506985522807 0.136773477494717 0.0992609787732363 0.0292957785539329 0.000384974133703508 0.000370744073370588 5.4479708933286e-05 0.000135196272822213 0.000389571866617189
-9999 -9999 -9999 -9999 -9999 -9999 0.168041007220745 0.0207685267087072 0.00747938518179581 0.00389032193925232 0.0117953353212215 0.00248514001141302 0.00418159374967217 0.0468272641301155 0.0214732338208705 0.0122466802364215 0.00754824500763789 0.00859975724015385 0.00378345300559886 0.0110173498862423 0.010702624055557 0.014114646310918 0.213768339902163 0.0111004872946069 0.00581347293336876 0.000487058502767468 0.00214840775443008 0.0463987100869417 0.0831884983927011 0.0881812188774347 0.0218415366951376 0.00651824957458302 0.0019632385839941 0.00340692531899549 0.00219881742232246 0.00373640204197727 0.0303656350821257 0.0164656148990616 0.0130342580610886 0.0420929786749184 0.00091270081611583 0.000118688520888099 0.000227500819892157 0.00046409408278123 0.000550000513612758 9.10088753698801e-05
-9999 -9999 -9999 -9999 -9999 -9999 0.00386788581963629 0.0082537267007865 0.00548210483975708 0.00269512268423568 0.00195468725141836 0.00347503020893782 0.00431918287649751 0.0629419127479196 0.00666160290711559 0.0314748322125524 0.00570329857291654 0.00626001767232083 0.0096140342997387 0.0103523191879503 0.0444371508434415 0.057010523788631 0.0120445435633883 0.00950212251627818 0.00856980376411229 0.00196914577682037 0.00873226325493306 0.0340329424478114 0.0590291326865554 0.0816010724753141 0.0762035405263305 0.0225764563772827 0.00273831748636439 0.00360504015698098 0.00379067304020282 0.0070682778256014 0.00699546884279698 0.00352829779149033 0.0151714196894318 0.0304203565232456 0.000364962462117546 0.00113686477561714 0.00672274564858526 0.000717046965291956 5.05721408217141e-05 0.000149282796337502
-9999 -9999 -9999 -9999 -9999 0.00752754771383479 6.98657326893226e-05 0.000416420176770771 0.00128729368443601 0.0752715300768614 0.00677871687221341 0.00266967688221484 0.00411559048225172 0.0197698767529801 0.0457548349164426 0.0704022143036127 0.00665970304980874 0.0113774065277539 0.0349808502011001 0.0949206687510014 0.0335586688481271 0.00622597184265032 0.00723582662176341 0.0264344155788422 0.00524320555850863 0.0307876734063029 0.033595547452569 0.0356935602612793 0.0932159218937159 0.00356144199031405 0.0129542483016849 0.0123330218950287 0.0128934610635042 0.0474650502204895 0.0187944473000243 0.0229580155108124 0.0276869512628764 0.76907505095005 0.125571673363447 0.0300908877514303 0.000641856466245372 0.00404652517172508 0.000372322871498909 0.000106916177173844 0.000365618514842936 0.00190523396449862
0.00200012852437794 0.00621737531619146 0.00610932311974466 0.00923808899242431 2.34598458028867e-05 0.000135836751292118 0.00665078945457935 0.00915875153150409 0.00219120798574295 0.0215723222587258 0.0173183120554313 0.0452486151829362 0.0209553032997064 0.0171925453585573 0.0187389235245064 0.0299981013406068 0.0320240611676127 0.131826811283827 0.0234286369755864 0.0520822222344577 0.00943920548306778 0.00379309901618399 0.0112506307195872 0.0195378047414124 0.014468829613179 0.0629743747413158 0.0769438784569502 0.0188253132160753 0.00056473221629858 0.000843721219280269 0.0522595407441258 0.0964999694377184 0.0485671451315284 0.0260030558332801 0.00465275655733421 0.00240441873611417 0.0173358091851696 0.0103216042160057 0.0163769616512582 0.168375921994448 0.0433857230469584 0.000128000960194186 0.00240781441971194 0.000611556063086027 0.000253775265446166 0.000443826708942652
0.0344690004363656 0.0153514774050564 0.0100506126414984 0.0085316339507699 0.00350283499574289 0.0196699802298099 0.000847288659133483 0.0003785660428548 0.107595448940992 0.0444775030948222 0.0759523387998342 0.00500803618924692 0.0125501049216837 0.0759531196206808 0.0405914451926947 0.00988724820781499 0.0420115984044969 0.0228538407478482 0.0197585985064507 0.0230690583121032 0.30537216886878 0.027474669367075 0.00614940206287429 0.0536816304549575 0.0687348263338208 0.094190589338541 0.114209314808249 0.0015727623787825 0.00208243110682815 0.00105133103206754 0.0061973663920071 0.00299962708086241 0.00448016800219193 0.0025084007444093 0.00321941825095564 0.00402573186438531 0.00669761320459656 0.00584724459331483 0.0321947421878576 0.0832969656214118 0.0222806267440319 0.00564703585696407 0.000379918568796711 0.00028518443723442 0.000694824345555389 0.000767618537065573
0.0420250460505486 0.0657289449125528 0.0202281126286834 0.0860722433775663 0.0701252054423094 0.0368985388427973 0.0267417835071683 0.0531004888936877 0.0119533808436245 0.000923657626844943 0.00545897561823949 0.152274858951569 0.0628610662184656 0.00482192448689602 0.0174745317082852 0.026254113111645 0.00485254907398485 0.0221206785179675 0.0137604415416718 0.00246570645831525 0.057393273897469 0.104511773213744 0.141575001180172 0.162888006865978 0.165446934849024 0.439997486770153 0.321220114827156 0.0116059684427455 0.00136088550207205 0.000723667673446471 0.000875479295791592 0.00171616649458883 0.0199218400754035 0.00433157137595117 0.0158054690808058 0.00323982253321446 0.00460888661327772 0.00393702485016547 0.00446301414631307 0.447096610069275 0.0954390794038773 0.0358898873440921 0.00130295684430166 0.000275427609449252 0.000532078638934763 0.000113218129536108
0.0958694826811552 0.0762200467288494 0.0492701344192028 0.109726161137223 0.0610207252204418 0.112309647351503 0.131591924279928 0.0552564872428775 0.0719536617398262 0.0101803194382228 0.00480332602164708 0.00406276306021027 0.00448245311272331 0.00677800867706537 0.00548329893499613 0.013214157614857 0.00461083312984556 0.00731686598155648 0.0215154957491904 0.0206659306772053 0.116944216936827 0.14084845110774 0.0503316055983305 0.0601075366139412 0.511222249269485 0.26236746609211 0.124470461905003 0.328901931643486 0.0555616723373532 0.000686408331239363 0.00172077323368285 0.00255528938141651 0.00438443904276937 0.00292007843672764 0.00322797646804247 0.0061268265650142 0.00333734377927612 0.025124856736511 0.007480156829115 0.00516996490187012 0.0732959598302841 0.100477078184485 0.0646839268505573 0.0403680807445198 0.00796634851722047 0.00377228597353678
0.100593903660774 0.0846510890871286 0.0671083375811577 0.0879027370363474 0.110472982376814 0.13471001163125 0.101229394227266 0.0744526840746403 0.0803353324532509 0.0265012426301837 0.00898937310557812 0.0330676604993641 0.0860784282907844 0.00791219860548154 0.0326408553868532 0.0135845340788364 0.0274178371764719 0.0156697469763458 0.0273424432612956 0.0427537490613759 0.165161466598511 0.192604963108897 0.416731184720993 0.0037268214247888 0.0482307869940996 0.129646020755172 0.00366230350919068 0.0175573507556692 0.0345296845771372 0.00393767564964946 0.0141469739377499 0.00574904323439114 0.0260741386096925 0.00270897033042274 0.0395017025992274 0.00307749395724386 0.00620870101847686 0.0415276049636304 0.00322165889083408 0.00208034199749818 0.0114921965403482 0.0048831451946171 0.101735733821988 0.081650748103857 0.0279627118259668 0.0128315752372146
0.121569892764091 0.112330250442028 0.0849710408598185 0.0980192370712757 0.089839119836688 0.0947869814932346 0.0681451572105289 0.0742064651101828 0.072143130749464 0.0807253420352936 0.139400959759951 0.0720596075057983 0.045676114782691 0.0321639775298536 0.0425803562626243 0.0380992132239044 0.0638355903327465 0.0653278704732656 0.0141923700924963 0.0399597924202681 0.48809979557991 0.32566726282239 0.202618389204144 0.899966102838516 0.782931250333786 0.113707786612213 0.00645739697501995 0.0330314978957176 0.0976388676092029 0.085700898244977 0.0030808222363703 0.000800208502914757 0.0172927021514624 0.0149089654209092 0.0234959048451856 0.0172259622369893 0.00902782999910414 0.00327180879830848 0.00831688981270418 0.0653461496345699 0.166706530749798 0.00578132248483598 0.000432612362055806 0.0704877078533173 0.00374129355477635 0.00425918935798109
0.166801171377301 0.0740291200578213 0.154251296073198 0.127275455743074 0.106835315003991 0.147357188910246 0.052151557803154 0.0200663033407181 0.141225501894951 0.201908485591412 0.124686640501022 0.0697384595870972 0.109656525403261 0.119532534480095 0.115319646894932 0.179475294053555 0.0764618281275034 0.0336015788838267 0.0578343484550714 0.000470625989328255 0.147494222968817 0.0552678963169456 0.0400182046927512 0.699019861221313 0.215081981569529 0.0997236162424087 0.0397139877080917 0.0331774167716503 0.118634117394686 0.00487501061870717 0.00284150900261011 0.00189486795134144 0.00467995786748361 0.00385103793232702 0.0739255387336016 0.00308640659204684 0.001945892922231 0.00287283952056896 0.0146714437985793 0.336620625853539 0.104404732584953 0.002357811544789 0.050875511020422 0.00401524585904553 0.00440265604411252 0.00131694980809698
0.322189512848854 0.119809779524803 0.10827888995409 0.112855442240834 0.123071257770061 0.1898486956954 0.0226752086076885 0.0200216401834041 0.0669435150921345 0.114767099916935 0.0597908291965723 0.0135641045868397 0.0307439688593149 0.139702792465687 0.103589574620128 0.0894118618220091 0.0902629390358925 0.0358892663381994 0.121347998827696 0.397219929099083 0.628468537330627 0.0440826218109578 0.109524213895202 0.0039705291565042 0.0740810498595238 0.119007839262486 0.0579187281429768 0.0774163473397493 0.0570613194257021 0.0892518244683742 0.00255079498601845 0.00258383979962673 0.000562240037834272 0.00382186908682343 0.000631086711655371 0.00148079018254066 0.00577691815560684 0.00804405596572906 0.00266260338248685 0.00730806514620781 0.0200527126900852 0.00208056554401992 0.216350178793073 0.0318272708449513 0.0292429629247636 0.000215120188295259
0.0756417334079742 0.167585100233555 0.138985881209373 0.0777290787547827 0.188702758401632 0.0658652674406767 0.0704000674188137 0.0623873863369226 0.0641508001834154 0.0565737610682845 0.0183686775621027 0.114131949841976 0.137883580476046 0.181560169160366 0.968537503480911 0.0222968496382236 0.0511246300768107 0.221032679826021 0.434722571074963 0.818763887882233 0.338511534035206 0.192598607763648 0.377235239744186 0.561665654182434 0.278062964230776 0.0775951500982046 0.00341651641065255 0.00210101786651649 0.108094452694058 0.0660142436623573 0.00209078234620392 0.00039350155802822 0.000813246453617467 0.0043035669834353 0.00326350789400749 0.0618240028619766 0.00239388244226575 0.00174744615214877 0.126147723570466 0.0682695992290974 0.0144600679399446 0.00143562671073596 0.00387398118036799 0.00252398521115538 0.00126937863897183 0.00060256036449573
0.156848293542862 0.116108360141516 0.171196352690458 0.10095035918057 0.157655382156372 0.204174031317234 0.0932073399424553 0.0277651601471007 0.0826316352933645 0.122164309769869 0.134569610655308 0.0757752411067486 0.0960367675870657 0.152374916523695 0.0744891937822103 0.023304392863065 0.00167785380617715 0.24263648763299 0.830922555923462 0.309328249841928 0.279899836331606 0.031867309147492 0.000919380642881151 0.0851970005780458 0.0884586364030838 0.109353072196245 0.0160796053241938 0.0496410999447107 0.0720879834145308 0.106509491428733 0.0049994959263131 0.0095466201659292 0.00258691297785845 0.00860767449485138 0.00259597590338672 0.00170596163952723 0.00285871648811735 0.0570101164281368 0.064192590303719 0.0304143998771906 0.568854969739914 0.00707277812762186 0.0116580395377241 0.0143140483880416 0.0340729983523488 0.000411220759633579
0.12853576913476 0.0976950120180845 0.0953297711908817 0.124375980347395 0.0382498256862164 0.0370659488253295 0.111994599550962 0.110978402197361 0.053415790759027 0.105403588339686 0.134475798904896 0.118221314251423 0.321769227087498 0.233658213913441 3.59878164999827e-05 6.18022832895804e-05 0.236205093562603 0.0565955316647887 0.0992013420909643 0.0742666772566736 0.00244258441089187 0.138738614320755 0.0148520575836301 0.0207785377744585 0.0754759155213833 0.0676053654402494 0.120771392434835 0.0839612040668726 0.0383445842191577 0.257740832865238 0.0260381940286607 0.0214645350817591 0.0685380149632692 0.215374445170164 0.019941894384101 0.0038408569409512 0.026610808307305 0.127376011013985 0.0712163789197802 0.0855859626084566 0.0258074221666902 0.0260160980047658 0.0416755734011531 0.0700805993750691 0.0175412133336067 0.0747586276382208
0.103713205829263 0.133720294386148 0.117539639770985 0.106560946255922 0.123379116505384 0.0474150525406003 0.0143388501368463 0.0254191580694169 0.0987246956676245 0.0739582259207964 0.0735569156706333 0.216886280477047 0.275325837731361 0.10419227220118 8.81042757100658e-05 4.38393513064739e-06 0.0211002303287387 0.0408050142228603 0.112953340634704 0.217015646398067 0.0661190923303366 0.0678221240639687 0.208005673438311 0.04066898887977 0.0818210989236832 0.176949965208769 0.105728083848953 0.0177482336293906 0.000608007596019888 0.00126962835929589 0.0198221545666456 0.0164015193702653 0.0638263465836644 0.680899608135223 0.97401294708252 0.0463423430919647 0.0242513745091856 0.0725480698049068 0.123314664140344 0.0554045772179961 0.117237754166126 0.0609494568780065 0.075693828240037 0.0497617809101939 0.0724213469773531 0.0532191025093198
0.00506959818303585 0.0102687858277932 0.103689156472683 0.000794190847605059 0.0600975317880511 0.100871311128139 0.0380949900485575 0.116570854187012 0.0405565531924367 0.0435294192284346 0.194376985728741 0.0877310741692781 0.0878240179270506 0.0117183874361217 0.00435624250676483 0.0142728296574205 0.00290421810932457 0.0139339621178806 0.014771950058639 0.0229376420844346 0.34766381829977 0.656667250394821 0.0843367323279381 0.0397617840208113 0.0132466855924577 0.0925182100385427 0.0708821106702089 0.0307534323073924 0.00566220429027453 0.000605949677628814 0.0034673857036978 0.00810969419544563 0.178978320211172 0.0330396313220263 0.081217635422945 0.0844571491703391 0.592363357543945 0.0928665142506361 0.0364082520827651 0.0278736233245581 0.0389556454494595 0.0106714464956895 0.00299722086056136 0.00305290340911597 0.0234105126466602 0.0321683135814965
0.0283140046522021 0.00836059721186757 0.10017724186182 0.070917687844485 0.177324893325567 0.821631455421448 0.147439195215702 0.132968533411622 0.634669980406761 0.0314293432049453 0.0500868026167154 8.10254825255541e-05 0.000268978932217578 0.000464950020977994 0.00158944141876418 0.0196127518080175 0.137699656188488 0.0025854148552753 0.26074098572135 0.164051478728652 0.501613952219486 0.000800810054352041 0.00595474053407088 0.0167650833260268 0.0209288083948195 0.0355818641372025 0.0175634847022593 0.0021905913221417 0.00118299219830078 0.00114402644103393 0.00159011934010778 0.00945582130225375 0.00323716702114325 0.0138741665519774 0.501291552186012 0.166223344951868 0.168286559730768 0.0457926418632269 0.0458147569559515 0.0186091643292457 0.0873592548072338 0.0203415029216558 0.00692365966970101 0.00857486127642915 0.0043273568211589 0.0183091341983527
