Maxent_result_files_2/B_cullumanus_3.asc
NCOLS 594 
NROWS 330 
XLLCORNER -15 
YLLCORNER 23 
CELLSIZE 0.166666666666667 
NODATA_value -9999 
[rows 160 to 179 of 330, columns 230 to 275 of 594]
0.0660840701311827 0.0469489976763725 0.0291297975927591 0.0208771338686347 0.0514096785336733 0.0288396402262151 0.0294228363782167 0.062342756986618 0.00527267102734186 0.0165746562648565 0.0289788361638784 0.00933001439552754 1.63527637766947e-05 0.000507919347728603 0.00400883558904752 0.0243004532530904 0.0200267840176821 0.0184191107749939 0.0030036473821383 0.0117706427816302 0.00887072924524546 0.016320643434301 0.00107958454464097 0.0220833261497319 0.00207314570579911 0.00265213010134175 0.00281653772981372 0.00170783008361468 0.0022649356717011 0.00475911049870774 0.00253468937298749 0.0148771252017468 0.0199431704357266 0.0146437234245241 0.0201803651638329 0.000851520408468787 0.00608534866478294 0.0182211158797145 0.00470768937375396 0.00298088587587699 0.000467035446490627 0.0158897303044796 0.0539227494969964 0.077094388473779 0.000560335383488564 0.0115547339664772
0.0730928137898445 0.0506301961839199 0.0407437453046441 0.00881594417151064 0.0136356359813362 0.0348977115005255 0.0597285147756338 0.0611478146165609 0.0354087421670556 0.0572662975639105 0.0578084966167808 0.0229651903733611 0.0208782822825015 0.0140931223984808 0.017954808473587 0.01152403363958 0.00865654891822487 0.0173683662898839 0.00106897695804946 0.0034467528690584 0.00484751766780391 0.000670640599855687 0.00512115076417103 0.00729734648484737 0.00528782219626009 0.00279584481613711 0.00697579432744533 0.0110168336424977 0.0103174367686734 0.0284629137255251 0.00890685033518821 0.00705262911505997 0.0099007835611701 0.0031156507669948 0.0055111775174737 0.00290407764259726 0.00524648977443576 0.0190125167369843 0.028844518493861 0.013584378361702 0.00672108836006373 0.00216900208615698 0.00984662547707558 0.0288080425001681 0.00126204828702612 0.0300784599035978
0.0228817705065012 0.0382015787996352 0.0295259012840688 0.0350167090073228 0.0584399178624153 0.0922269776463509 0.0872056692838669 0.0235682317055762 0.031240065023303 0.0357755701057613 0.0205538320355117 0.0339148761704564 0.0308849189430475 0.00592047176323831 0.00212190452730283 0.00114349799114279 0.0209426021203399 0.00814328247215599 0.00619702318217605 0.0337795954197645 0.026073719188571 0.00463220747187734 0.00328231838648207 0.0030881246435456 0.00241076518723275 0.00960848890244961 0.021943564619869 0.0253854524344206 0.0112603347515687 0.00847085099667311 0.0230285341851413 0.0313045250251889 0.0262196155264974 0.0194915352389216 0.0299382083117962 0.0199820000678301 0.0297225195914507 0.0123407302424312 0.00383826864999719 0.00664353508036584 0.000372431256255368 0.00048185511113843 0.00853033347520977 0.0310668837977573 0.0112718338146806 0.0131648937705904
0.0679562654346228 0.0689771372824907 0.0709448575973511 0.0834803037345409 0.0894004050642252 0.134613586217165 0.0488547396846116 0.0237016887404025 0.0195477297529578 0.0199533176608384 0.0431959343142807 0.0873071532696486 0.019071222608909 0.0253591639921069 0.0363974846899509 0.0171335415914655 0.0115817358717322 0.00994186201132834 0.0195163644850254 0.0160890692844987 0.0133103702683002 0.0144194391556084 0.0139432012569159 0.0114346461137757 0.00327073494554497 0.00792521822731942 0.0247875761240721 0.0615446135401726 0.0229437039233744 0.0471299730241299 0.0255926349200308 0.209195272624493 0.0610594323836267 0.00700667882338166 0.00505036453250796 0.00482666324824095 0.00833525548223406 0.00107713951729238 0.000199691813395475 0.00927560420241207 0.00502789546735585 0.0821087058633566 0.0706712817773223 0.00480916677042842 0.028805015143007 0.00428879868704826
0.0221136146225035 0.0322259196080267 0.0301078891381621 0.0757490925490856 0.0301503461785614 0.0325848539359868 0.0725308761000633 0.0327991232275963 0.0429414855316281 0.026459689438343 0.0373315377160907 0.0332288667559624 0.0362570377066731 0.0574356913566589 0.0226206914521754 0.0124721812084317 0.0195996274240315 0.0750796193722636 0.0205336629413068 0.0118500273209065 0.0225804851390421 0.0398452204652131 0.0300439763814211 0.0204540732316673 0.00605360378976911 0.0859623942524195 0.0193536565639079 0.0383492229506373 0.040245920419693 0.0217388054355979 0.0221751173492521 0.0175683172885329 0.0130053676664829 0.0181655145250261 0.01662981742993 0.0203375889919698 0.000777161523001269 0.0014149886847008 0.0214445515535772 0.0101979395374656 0.0125748887658119 0.00353244650759734 4.1486631562293e-05 0.00357929673773469 0.00221416455460712 0.0184296731837094
0.0245522128418088 0.0366146318614483 0.0349055728875101 0.0333416284993291 0.043909851834178 0.00953188684652559 0.0213876828551292 0.0738853616639972 0.0509837848134339 0.0235023777000606 0.0286628436297178 0.0243006076663733 0.0266313392668962 0.0131156133022159 0.0405837334692478 0.0258564074989408 0.0256300408858806 0.0168456621002406 0.00698015058878809 0.0118696670047939 0.0211848230101168 0.0117095432709903 0.0121070250868797 0.0199896706268191 0.0244536012411118 0.0235239033587277 0.0196455377154052 0.00801486382260919 0.0253995664417744 0.0193439099937677 0.0112631679046899 0.0136600823141634 0.013690255349502 0.0166957572102547 0.0289378594607115 0.00243969581788406 0.0426120543852448 0.0209987664595246 0.0194904953241348 0.0141226426698267 0.0248890871182084 0.0201418346725404 0.000480467770605841 4.56301319429198e-07 0.00352692286833189 0.0377557627856731
0.014283688669093 0.0295633463189006 0.0310629007406533 0.0233244243077934 0.0307192179374397 0.0231530359946191 0.00899334646528587 0.0330502770841122 0.0311820432543755 0.0270045413635671 0.0210284289903939 0.021179146040231 0.0169561390765011 0.0133197674993426 0.0133292511105537 0.00135670917516109 0.00415312498807907 0.00348340764176101 0.012135410727933 0.0221979591529816 0.00241124140447937 0.0023301501525566 0.00127042162930593 0.00411829114891589 0.00164288097003009 0.0281156973913312 0.00578895034268498 0.000910918138106354 0.00248128659441136 0.0181429791264236 0.0010790217173053 0.000755236540135229 0.0053785850526765 0.0067644351394847 0.0010354583588196 0.0283120881766081 0.0145852248184383 0.0127113140188158 0.0115731919184327 0.0231776944361627 0.0101384453708306 0.0078596513485536 0.0253077606670558 0.179151734337211 0.0329236187506467 0.0127095782198012
0.0169494864530861 0.007854815851897 0.0333974853157997 0.0261449526064098 0.0490798555314541 0.0443123456090689 0.045733679458499 0.0183489414863288 0.0262410596013069 0.0178111796267331 0.0478379905223846 0.0615214213728905 0.030003830883652 0.0198295938782394 0.00843703807331622 0.0104231178993359 0.010086867515929 0.0142906308174133 0.0198673066217452 0.0231805613264441 0.0247567356564105 0.0223766254261136 0.0259863647632301 0.0141010936815292 0.0219314260408282 0.0156793081201613 0.00980217198375613 0.0225563014857471 0.0133476877119392 0.0177388015203178 0.0149266038089991 0.00971063943579793 0.0189794464502484 0.0202532606665045 0.00867744936840609 0.0346334209665656 0.0181512873619795 0.0150175920687616 0.00953393755480647 0.0241419305093586 0.0152390887029469 0.0189805036410689 0.0113869634456933 0.0136081219185144 0.202999069914222 0.149700966849923
0.103864875808358 0.00952173294499517 0.01218346580863 0.00041336643807881 0.0257019064098131 0.0178531819954514 0.0333248253911734 0.0116339365253225 0.0227001966908574 0.0107583038508892 0.000555603846078157 0.013013663655147 0.0354466956108809 0.0265060214325786 0.0135175729636103 0.0401861552149057 0.0124688854673877 0.0141772264847532 0.0135895797749981 0.0139493866125122 0.0225803298410028 0.0132812371710315 0.0197208863217384 0.00826119512785226 0.0116130095440894 0.0218513776082546 0.0187405476346612 0.0288094624876976 0.0221032206900418 0.00935928644612432 0.0119851718656719 0.0433546335436404 0.0223910976201296 0.0156820713076741 0.013712566671893 0.0225573904346675 0.00539188302354887 0.0238636471796781 0.0173457612749189 0.0233059179969132 0.0146757075097412 0.012795359431766 0.0139030889607966 0.0144611713476479 0.0209100444801152 0.0165367704350501
0.0287864057347178 0.0152743935119361 0.0405797241255641 0.0444432334974408 0.00315420498518506 0.0259539833292365 0.00207316571322735 0.0134288372006267 0.00624626806238666 0.0845906965434551 0.0556296626105905 0.0239591889549047 0.0239619766827673 0.0258657631929964 0.0172284690663219 0.0214300238993019 0.0156074349535629 0.0142373658251017 0.0141723874025047 0.0206648517400026 0.0210410709492862 0.0189919985365123 0.0624741774052382 0.0363312242552638 0.0162576872389764 0.0167734139598906 0.0184178233612329 0.0186844176147133 0.0179530132096261 0.0173909929580986 0.0187671408057213 0.0178206651005894 0.0260772719979286 0.0512146681547165 0.0207987100817263 0.0247146230656654 0.0234065933618695 0.0224386801943183 0.0252542587928474 0.011618412588723 0.0184540569782257 0.0122904108837247 0.0148275420535356 0.00404652486322448 0.0131311679258943 0.0142260435037315
0.0223530150484294 0.0216605817899108 0.0152282644994557 0.0710710745304823 4.67474268589285e-05 0.00184425474726595 0.00291165779344738 0.0111429586540908 0.0150661970023066 0.00380812008515932 0.0423245635814965 0.0320014053024352 0.027234282437712 0.0838688678806648 0.0227615122217685 0.0174283849075437 0.0155139852315187 0.0136488325195387 0.013434311049059 0.0133748684544116 0.0199843208771199 0.0134090689243749 0.0163675935938954 0.0263819829095155 0.0249610914848745 0.0170924272853881 0.0169309212826192 0.0119695123285055 0.0236187904141843 0.00543001422192901 0.0191568200010806 0.0160600433126092 0.0175914313644171 0.0199896410573274 0.0332181844860315 0.0211206404026598 0.0232755932491273 0.0161592369899154 0.0127234201878309 0.00763429193757474 0.0139968022471294 0.0146682429127395 0.0109088436001912 0.000418410373822553 0.00834779238793999 0.0171143168117851
0.0282453192397952 0.0421414513140917 0.0269688591361046 0.013035781797953 0.0110038357321173 0.0173675024416298 0.0296465261373669 0.00901609687134624 0.00638147580903023 0.00177369246521266 0.0439250878989697 0.0422288905829191 0.0242337294388562 0.0362019220367074 0.0251288190949708 0.0202105956617743 0.0150165697094053 0.022037557978183 0.0138561502564698 0.0138661408796906 0.02057686438784 0.0757108302786946 0.0559030249714851 0.0107882808428258 0.00429103545611724 0.289028359949589 0.00860293554142117 0.0090951036894694 0.00529866826254874 0.000269734699395485 0.0019530005985871 0.00915530333295464 0.0084478129632771 0.0185983825940639 0.035272313002497 0.0319118889980018 0.0305212711915374 0.0236369336955249 0.0115612751571462 0.0145149169256911 0.00914471338037401 0.0136323874117807 0.0117401346564293 0.014926470676437 0.0202469027135521 0.00424651181092486
0.00533169516711496 0.00603991805110127 0.0226605445146561 0.00365675536449999 0.00772921117022634 0.0144454002380371 0.00224075978039764 0.198923420906067 0.03231142135337 0.00981179131194949 0.0134224474895746 0.0232906646095216 0.0307321473024786 0.0206659340299666 0.0343607668764889 0.0153636110946536 0.0085553512442857 0.000911699183052406 0.0130380360642448 0.019267738237977 0.0140596167184412 0.0206046366598457 0.0222773829940707 0.0235919586848468 0.0163818754721433 0.024549004342407 0.0212117776740342 0.015640973392874 0.0262342392466962 0.0314782034605742 0.000441036944494044 0.0560544511303306 0.0094287037383765 0.0176796184852719 0.0211068531498313 0.0241557527333498 0.019692566851154 0.0137713348958641 0.0121142175747082 0.00903615483548492 0.0104904571780935 0.00878952059429139 0.0110869036987424 0.0158955682534724 0.0180030513554811 0.0160231723915786
0.0309066940099001 0.00555649478919804 0.00554362703114748 0.0200188403949141 0.00767336036078632 0.00308147628093138 0.00315797954099253 0.000392500368616311 0.0155760537832975 0.0184926338493824 0.00529315448366106 0.0372647364623845 0.0236418053507805 0.0149944082368165 0.0129526058677584 0.0102086783619598 0.0172714939340949 0.0171814700588584 0.0165423968806863 0.0133526271674782 0.0143985827919096 0.0227762423921376 0.0167207198683172 0.0157719417475164 0.0171345556620508 0.00531525194528513 0.0199184496887028 0.0167401945218444 0.0126396386418492 0.0063966584391892 0.0136739931069314 0.00784203866496682 0.0153276290744543 0.0174146018456668 0.0188925107941031 0.00644678506068885 0.0183849086519331 0.0257748165167868 0.0203133959788829 0.00682339931372553 0.013060747878626 0.0103523276280612 0.0159140779171139 0.0287166529335082 0.0211271075066179 0.0308111065998673
0.034263841342181 0.0476526331156492 0.0188855663873255 0.0132784275338054 0.0169123261235654 0.0212584159336984 0.00884615201503038 0.00492486155126244 0.00184676661997401 0.00400690315291286 0.0148969026049599 0.00705783320590854 0.00498577093239874 0.00800109866540879 0.00962903120089322 0.00620229900814593 0.00495047520380467 0.022340222960338 0.00956335223745555 0.0229550341609865 0.0193491647951305 0.0438890013843775 0.0218815119937062 0.0437713474966586 0.0250200644601136 0.0378312114626169 0.0335294001735747 0.0330476455390453 0.0260654218494892 0.0289427855983376 0.0165077311452478 0.0190648448187858 0.0191294649615884 0.0643904216587543 0.0210712374188006 0.0188558044377714 0.015000824443996 0.0190692143514752 0.0156311919912696 0.018084305524826 0.0153963721822947 0.0170109673868865 0.0232040917500854 0.0205434437375516 0.0315918748266995 0.0144561012741178
0.0384698336012661 0.0229631216265261 0.000974256955669262 0.00067071016819682 0.0197655100375414 0.0120318624190986 0.0164121073670685 0.0091812027618289 0.0112886149901897 0.00618088881019503 0.00780864185653627 0.0040603234898299 0.0149454678408802 0.00560636741574854 0.00915754630696028 0.0103883984033018 0.0102244131732732 0.0094573907321319 0.00877167349681258 0.0388018546393141 0.0126894559478387 0.021875933976844 0.0145013560075313 0.0306376817636192 0.0196354166604579 0.0467170445248485 0.0243914565537125 0.0279360757209361 0.0428586278110743 0.0299470910802484 0.0394783740863204 0.0119957319460809 0.032403109036386 0.0585899289697409 0.0125301313586533 0.0924934726208448 0.018187035433948 0.0590145405381918 0.0371825920417905 0.0409189390018582 0.0281855994835496 0.0678492702543736 0.0286911263130605 0.0260650088079274 0.0191113307606429 0.0213789590168744
0.0167157771997154 0.0196060608141124 0.00147818709665444 5.31239854922205e-05 5.92740752267673e-05 0.00800663842819631 0.0194972010329366 0.00396121256053448 0.00685359055642039 0.00646913340315223 0.0111376745859161 0.00440106987371109 0.00448798853904009 0.00450840083649382 0.0101321579888463 0.0075576608069241 0.00638015971053392 0.00229792617028579 0.0194063991308212 0.0202125859446824 0.00213101284462027 0.0956177182495594 0.0661453938111663 0.0824797279201448 0.045540421269834 0.0157973067602143 0.0177322829142213 0.00969370899256319 0.00944580861832947 0.0175142380408943 0.0228084708098322 0.0473253019154072 0.00873305553104728 0.0454044943675399 0.0225029915571213 0.0510303005576134 0.0130584287922829 0.0486195174977183 0.0222348803654313 0.0398106157779694 0.0347432198002934 0.0296475300565362 0.0208104507066309 0.0235955652780831 0.0279013564810157 0.0305877942591906
0.00261762966401875 0.0056060359114781 0.180340608209372 0.0101015981053934 0.000171874495481461 0.00146986450563418 0.000719138744898373 0.0171428894158453 0.00883838243316859 0.000202964396521566 0.000441619494813494 0.00246215336956084 0.00517713892040774 0.00727766242343932 0.00813809386454523 0.000578470643085893 3.75696743049048e-05 0.00109466930734925 0.00997593749780208 0.00545928269857541 0.0046750127337873 0.00827948610531166 0.0229894172400236 0.0255876699928194 0.0275964507833123 0.014549172623083 0.0154056709259748 0.00733457477763295 0.00727517646737397 0.0124531646957621 0.0196117332670838 0.0239333708304912 0.0428708143532276 0.0261423880234361 0.0306812837719917 0.00936584429582581 0.0258193861693144 0.0330930851399899 0.0227991106919944 0.0541521534323692 0.0218698233366013 0.0233083941042423 0.0303764548152685 0.0282016042619944 0.0228232833556831 0.0119408550672233
0.000295852858835133 0.000234222480139579 0.00110069998772815 0.00327785054687411 0.173352307081223 0.0914330096915364 0.0319327870383859 0.000158775457202864 0.000643933401443064 0.00780884507112205 0.00119573392439634 0.00193886773777194 0.00391746753593907 0.00109405933471862 0.000154424375796225 0.000651067494922319 0.00792546209413558 0.00757587663829327 0.0049591212766245 0.0083237855695188 0.00367598196608014 0.00674124407814816 0.00922087728977203 0.0130258513614535 0.00920194769278169 0.013782856380567 0.0118939995998517 0.00789896995993331 0.0109116188250482 0.0265462078154087 0.00681841740151867 0.00835726428776979 0.0118944235378876 0.021335413120687 0.00190464426996186 0.00981568088755012 0.0315033460967243 0.0319078325293958 0.0174605068750679 0.0206921747419983 0.0191928882617503 0.0169266651850194 0.0150230716448277 0.0262023277115077 0.0142733688466251 0.0110883607529104
0.000812555399897974 0.000609059797716327 0.00405244715511799 0.00017696915056149 0.00257006330648437 0.0167554426006973 0.0403607080224901 0.00275029480835656 0.00457791615044698 0.00921502744313329 0.00317551908665337 0.00167330667318311 0.00204720912734047 0.00565502909012139 0.00439119539223611 0.000162471828662092 0.00129377879202366 8.35779670524062e-05 0.00131098661804572 0.00242588805849664 0.00242601328645833 0.00278363217366859 0.005160774406977 0.00735974892741069 0.00569960746215656 0.00594953089021146 0.0120184275787324 0.00826926748268306 0.00558743161382154 0.0201916110701859 0.00578171708621085 0.00801368913380429 0.0146149988751858 0.015738376788795 0.0447455467656255 0.000672456633037655 0.0291555664967746 0.00718116019852459 0.024842188321054 0.0228045926894993 0.00732830087654293 0.012399835861288 0.0156886195763946 0.0142086990177631 0.0179947223514318 0.0261011542752385
