Maxent_result_files_2/B_cullumanus_3.asc
NCOLS 594 
NROWS 330 
XLLCORNER -15 
YLLCORNER 23 
CELLSIZE 0.166666666666667 
NODATA_value -9999 
[rows 140 to 159 of 330, columns 414 to 459 of 594]
0.0180983207916142 0.00137124505927204 0.00177043671919819 0.0012184868710392 0.00153740285113599 0.00191795281061786 0.000921251429917902 0.0014083432559346 0.00201750719752454 0.00108519529821933 0.00088029256403388 0.000196662407051917 0.000307011370500732 0.000828383656335063 0.000574211394132362 0.00014273607706059 4.68608722243857e-06 1.39867944021432e-05 1.94279167526901e-06 3.88585905435335e-06 9.09231909069774e-06 1.86145701324136e-06 1.04582676450082e-06 1.45470071588605e-06 2.4363373821501e-06 1.03884965949597e-06 1.89727672808004e-06 7.43799742131124e-07 6.24170156604542e-07 2.26078677867392e-06 5.43940704877954e-07 4.55019808565105e-07 1.08831230321016e-05 0.000260173137121456 0.000210580615521394 0.000124989468508829 3.61221819503044e-05 8.5028593844072e-05 4.16465072476058e-05 3.58563521785982e-05 5.26930882260856e-07 2.76246165668681e-05 3.09477894944621e-05 2.33668137440191e-05 3.43694295168007e-05 0.000229041908846739
0.0121332277281908 0.000913531743208296 0.00047826900677137 0.00737523857824272 0.0013917245405537 0.00113353020005889 0.00116605074454128 0.00123720501496791 0.00101831211404715 0.00124355586713136 0.000973570576570637 0.00069883142832623 0.00154857769621231 0.000843674041743725 0.000545596234223922 0.000423970506767546 0.000410333917966454 2.19877147813463e-05 2.81172714498013e-06 3.80502636296853e-06 4.17398766865418e-06 1.49876975876762e-06 1.70799079288741e-06 3.19053639135092e-06 1.31012157442711e-06 1.08251321178088e-06 2.67747267979068e-07 2.67818153765198e-07 1.36472893053075e-07 1.77192838113349e-07 2.02632412127368e-07 5.3181024730975e-05 2.22389841098902e-05 0.000200397344133307 0.000118242890482634 6.38854036651537e-05 4.71568194257088e-05 0.000123242703102733 0.00010264958168591 2.86328035457473e-05 4.84422862484735e-05 0.000218060346105631 3.59088285762255e-05 0.000551509117212845 5.48363792290729e-05 3.3397929541934e-05
0.000383635318212328 0.00113245799348078 0.000187691708742932 0.0617490983800963 0.00134802070024307 0.00127650205231475 0.00048218723793525 0.00152703026851668 0.00145683750452008 0.00139728833883055 0.000914573698082677 0.000888639893673826 0.000773089721087672 0.000807613859342382 0.000592715274456168 0.000540227482429145 8.6671447684239e-05 5.57113444799029e-06 4.81837043295741e-06 1.13226939941313e-05 2.19992820325032e-06 1.040238168315e-06 2.47460203972594e-06 2.09567269839894e-06 1.20831177188307e-05 6.21617777163408e-07 4.08362269510576e-07 3.19556672268018e-07 7.08088772061188e-08 2.02857640674292e-07 2.85280127457099e-05 0.000203173899762987 0.000475025452851696 9.81837682047626e-05 6.04802111581648e-05 8.26213523566821e-05 3.52504198360748e-05 2.63611705719313e-05 2.36911484819302e-05 1.52456936897138e-06 3.52568188560554e-05 6.44386638668948e-05 2.65395495389953e-05 1.90114806535746e-05 2.1830428235603e-05 3.20702510194337e-05
0.00181687385374971 0.00140997676044208 0.00106320980594319 0.000623261716100387 0.00174075811755756 0.00101249891413318 0.00127494659827789 0.0016649099323331 0.00143751818604869 0.00121184915924459 0.000898728977063001 0.000691764330440492 0.000925879125497886 0.00136260159388257 0.000490691752179373 9.88023150334527e-06 2.77863042938975e-05 5.04794768838579e-06 3.82897909068092e-06 1.3986758153095e-05 2.72702038648376e-06 2.56144724821716e-06 1.59325954545153e-06 6.51253127887941e-06 3.09864230567669e-06 6.49151527687408e-07 1.53982773865025e-07 2.65081410888435e-07 1.52221040590206e-06 8.79108220146918e-05 8.46584909709236e-05 8.69931115175859e-05 0.000156431723689821 1.47659874549788e-06 4.11913930605579e-05 3.26571466843006e-05 3.64898293724991e-05 6.44397102774974e-05 0.000101179290311393 0.000451768898096816 0.000158667491018605 5.88865468671429e-05 2.10707258943899e-05 1.81740998463908e-05 1.58292296795537e-05 9.96478721901894e-05
0.00166037428280106 0.00163735862824979 0.00211452496514539 0.00199413704285689 0.00153981030161958 0.00112810183181864 0.00108773499187009 0.00145214778531226 0.00111885653786885 0.00136953625187743 0.00161484744385234 0.000949764087908989 0.000118224460675265 0.000228741101943797 2.58452437691403e-05 7.79974095124203e-06 7.04451372151027e-06 5.77682647424638e-06 3.44715570674836e-06 1.19564236733538e-05 7.24690734500655e-05 1.90560512520754e-06 9.38615337731097e-07 6.71946902697229e-07 7.30818455974003e-07 4.37250396714717e-05 1.16334768807125e-07 4.98689259476048e-07 4.34452831683529e-06 0.0015605555532602 5.63993687990205e-05 2.46522339324429e-05 2.98595143334524e-05 4.84423087414143e-05 1.92214778465427e-05 2.28939818313734e-05 0.000462683153705257 3.9506548912982e-05 4.1330774078574e-05 0.000240190767726745 8.36348529503539e-05 2.79557170557609e-05 8.25563998574808e-05 0.000234491544301818 0.000284594866366206 4.68130930414645e-05
0.00292269053134078 0.00153043687769241 0.00134506490358035 0.00123364269229569 0.00119468831535414 0.00108591042462649 0.00152559554062464 0.0015709368068201 0.00128662048464321 0.00128832999562292 0.000915244462430564 0.00254779994447745 0.000994233108440312 0.000394125707407511 8.832151017657e-05 1.5524436471992e-05 1.59088294815035e-05 3.95456240154246e-06 5.32004732809455e-06 2.75281375952119e-06 7.71496268470173e-06 9.99708489857198e-07 1.91742160895458e-06 3.26906293590667e-07 4.57578764567756e-07 2.48064078445243e-07 3.66409822394331e-07 8.0884338835574e-07 0.000601670947116872 0.000152081402757176 1.73296936594625e-05 0.000342191955928683 1.93988572334547e-05 2.04766186215011e-05 1.66521212648263e-05 2.76075944555032e-05 1.90064252791444e-05 7.21177324578548e-06 3.1643905964529e-05 1.45511442497082e-05 3.00502483696619e-05 0.000283920103549917 5.23328221703423e-05 0.000360899680117654 0.000271155700261261 3.41942340071455e-05
0.00139614481167882 0.00111329822793778 0.00116218404646133 0.0011287880582131 0.00154921281828138 0.00112442264753554 0.00135610159777571 0.0020171494978058 0.00138250057079858 0.000987937265972505 0.000935761288383219 0.00414584230838955 0.000746740133445201 0.000686708737248409 0.000644372114811631 5.2382194954248e-05 8.40884164396982e-06 3.04909814730081e-05 5.11771003397499e-06 1.34197049550977e-05 5.40275693907688e-06 3.89550149328954e-06 7.88052261468941e-07 8.91938824199023e-07 6.04388834812841e-07 2.83139603129978e-07 2.02408778249286e-07 0.000102561456105832 0.000783772408294681 2.63581334408514e-05 0.00457773899579479 0.000115696175726043 3.02024956624791e-05 6.16867586671788e-05 1.24141553243362e-05 1.49976411464081e-05 8.09106946661586e-05 1.40895817359876e-05 4.11084211293655e-05 2.21444317546116e-05 3.61278209510374e-05 2.30055941727869e-05 6.52643002581499e-05 4.59901051343081e-05 0.000716421384800015 0.000189195289891586
0.000919263043488172 0.00168475012205818 0.0023321088114244 0.00135753356753412 0.0026635530837666 0.00366142383172701 0.00115641647626035 0.000356363620949196 0.00148140483697716 0.00091862614672209 0.000899636789199576 0.00495906232172274 0.00405890157344402 0.00103508701695318 0.000100023558667317 3.38851546839436e-06 3.25071879627714e-06 2.86610600170434e-05 1.13610052364876e-05 1.50960157996316e-06 1.47629429156915e-06 2.65712501079651e-07 1.67624241109721e-07 5.18585016207052e-07 9.66434998295185e-07 9.71644248615178e-07 0.000518349438743826 0.00679522900099983 0.000645707266812678 0.000453766645182441 4.48728361556183e-06 0.000118076260059752 1.02273392172947e-05 3.85383036643816e-05 1.78961356098739e-05 1.91600564463101e-05 0.000138262012285395 0.000116597541500596 0.000484770529715206 0.000481815734451629 0.000210191623591527 1.90017363784989e-05 0.00015468689882141 0.000972776305434309 0.00148749974314342 8.41362784512967e-05
0.00907433259744721 0.0112994809329393 0.00703525811259169 0.00226386941903911 0.00242227925737097 0.00221000849833217 0.00152102817846753 0.00175106072583731 0.00115339488629616 0.000917534290647382 0.00114874249120476 0.00138537635712055 2.08629019908813e-05 0.000227965819226483 3.0283053865432e-06 2.71644087987966e-06 2.61828489591664e-05 2.64087525017054e-06 2.99476630414297e-06 3.43695594295923e-05 1.37436843135053e-06 2.50064443125808e-06 6.69119167229226e-07 8.11076605322647e-08 2.69206588853876e-05 0.000210689878906578 0.00311521205876488 0.01419850528182 0.000692985237719768 3.50711485609168e-05 0.000279920509638032 5.57958136425896e-05 1.25468569365239e-05 7.67804181379006e-05 1.02146732835706e-05 5.08563844078935e-05 0.000130172856506761 3.79459073940325e-05 0.000534244813024998 0.00182993076741695 0.000562729299917919 0.000199063263124799 0.000198637157950543 0.00138684855573956 0.0020025483918289 0.00125960039140409
0.034909589329618 0.0225911076020566 0.0106910393402359 0.00806335520428547 0.00164390014424498 0.0018364836636465 0.00248853218363365 0.00128995612203653 0.00105101045373885 0.00114710983848454 0.0013096072972985 0.00104168501593449 0.000474315388373725 0.000136425854555 5.89866092468583e-05 1.3295610429509e-05 1.02013538928247e-05 2.64882310703207e-06 1.55224662750086e-06 5.31700353860742e-05 2.92960075034543e-06 9.75031283301231e-07 7.93381642016921e-07 1.43836932799957e-06 0.000959596026632425 0.00973588739288971 0.115231558529194 0.00417050802388985 0.000526447404035935 4.36234863030904e-05 0.000500976225384875 0.000315362429580546 0.00028683865128869 0.000221737493450291 0.00027630712776272 0.000107461235131723 1.1138702136293e-05 0.000161715329477374 0.000530086873982327 0.00207459224438935 0.00192722127976595 0.000899397201283136 0.00114267009284958 0.000327598218359526 0.0023858806300268 0.00380360280687455
0.00601816606795182 0.0280064230973949 0.0128003652796906 0.00361222874180385 0.0023740461100715 0.00705774681882758 0.0318552476106561 0.00159786903359418 0.00273142998466938 0.00176337706952836 0.00141703545932614 0.00113972039121109 0.0007601786637224 0.00100903024290346 0.00114424243506619 0.000273021206430713 8.04817520474899e-05 2.14277608159286e-06 1.2937887153619e-06 1.85459331389914e-06 1.32834974477802e-06 1.90067936007843e-06 5.92023122472085e-06 6.49614874646431e-05 0.00104660865044934 0.0268229838999105 0.0264429204224143 0.00230875796678447 0.00060209961518467 0.000234577855127327 0.00091644028752853 0.000197253327468161 0.000156880578063578 0.000514128959684967 0.000510931169469586 0.000320300402916018 0.000857524477532934 0.00160310745814058 0.00186796223406418 0.00315333841281245 0.0048436945406138 0.00322014039120404 0.00116205131007519 0.00291768133465666 0.00189745304687676 0.00584210683009587
0.00823143260895449 0.00129614141078491 0.0104785220613849 0.0268157681071898 0.0021056831504211 0.00769031717027246 0.0160545655089663 0.0164841716614319 0.00266116517159389 0.00141076522349977 0.0026131667817026 0.00966102878373931 0.000902714972880858 0.000280683153505379 0.00987711044508615 0.00080408176495439 0.000143264138944232 9.89057918019398e-06 3.90923621704786e-06 3.83873305205284e-06 2.05297479736188e-06 1.47900173557147e-06 2.51685247633304e-05 0.0184478124298039 0.000781630690789825 0.00670625707571162 0.1135256978916 0.00408443143896875 0.00188665355144622 0.000317180117099269 0.000966509177351327 0.000904133585117961 0.0005859380857828 0.00085599561239178 0.00120566806799616 0.00117335603581523 0.000918973700390779 0.00177376768342583 0.00228904761534068 0.00296564802265493 0.00248534419588395 0.00190094743720692 0.00195702983291994 0.00511607774533331 0.00174047222008085 0.0149447643896565
0.00358383696802775 0.00663181698910194 0.0120276952227869 0.0242845608838252 0.0273463591380278 0.00771897443119087 0.00155896520955139 0.00915183602301113 0.0058524143169052 0.000724528491537058 0.00114934226367041 0.00114107011854685 0.00152332655707141 0.000613509985532801 0.000608105599667397 0.000882242051397952 0.00188008941222506 0.000525945947947548 0.000237170941500153 2.43207368972875e-06 0.000197876835443367 9.77239724988976e-05 0.00261391075964639 0.00203908385083196 0.000835674999643743 0.00586328375738958 0.018566681361699 0.00403017226963129 0.000216525823395841 0.00117757480516047 0.00141777320332039 0.000971392353494593 0.00112017637529789 0.00181762795000395 0.00337253489487921 0.00113715973802755 0.00286804024435696 0.00413897665275726 0.00469179508945672 0.00387382451153826 0.00911963874823414 0.00430200161645189 0.00408293326909188 0.00342215747514274 0.00328701559992624 0.00161431216110941
0.0162468641807209 0.00907440403752844 0.0270247877982911 0.0309835748455953 0.0280067297804635 0.00813821523479419 0.00066280638857279 0.00041765399525957 0.000452723812691147 0.000473679641095259 0.000728442234844806 0.00108544559498114 0.0153852710456704 0.000857532042482489 0.000540405769606878 0.00490270861846511 0.00108726611251768 0.00221844549269008 0.00279437851822877 0.000585297517591243 5.58924869380917e-05 0.000357449938246646 0.000150947177604621 0.00604191576203448 0.00227012329905847 0.000218959567303045 0.0118288609999581 0.00383349271432962 0.00162690385664064 0.00167538568121017 0.00304572528257268 0.00134372657093991 0.00147752061366191 0.0014010418606631 0.0023192658482003 5.26287270758985e-05 0.00174269333074335 0.000358499270805623 0.00608809219265822 0.00376693377475021 0.00541619277792051 0.00460331951908302 0.00594963583862409 0.00630684223724529 0.00554811461479403 0.00289302953169681
0.000453996170244864 0.000598792238224632 0.0138870059869078 0.0347666231100447 0.0180952232360141 0.00463225923776918 0.00245297022729574 0.00043416597848136 0.00038646611611739 0.000481605255163231 0.00442164970427257 0.00453804325243254 0.00256231886696696 0.00522678193337924 0.000867549404324564 0.000934381758634117 0.0019561200661883 0.00176665744502316 0.00414606819758774 0.000571418091772102 1.0560875725929e-05 0.00125993089404801 0.00425522622208518 0.00152275452546746 0.0100810044306854 0.00301549640244048 0.00944437482394278 0.00305699941272906 0.00341458957191207 0.00525256910332246 0.00936435137409717 0.00608101269463077 0.00339089219633024 0.00420669895684114 0.00555586072441656 0.00407074791874038 0.00120119107814389 0.00675475751922932 0.0104904845822603 0.0122535653761588 0.00918404820840806 0.0158801485784352 0.0307957876473665 0.0413457707501948 0.0238944447599351 0.0172300619771704
0.00122587175465014 0.00439133069230593 0.00219411030739138 0.000895627484078432 0.0147208197595319 0.00768030714716588 0.00284694779575148 0.00295118388603441 0.000404246655330098 0.00057506457362706 0.000491535900778217 0.00047769799634807 0.00532212854777754 0.0087648041682769 0.00876629679733014 0.000929554459094106 0.00380748545794631 0.0173204427730525 0.00348807962000137 0.00316441840368498 0.00141162707095646 0.000385963224948682 0.0146215466578724 0.00112057797459784 0.0082530590974784 0.00714255667626276 0.00604291267591179 0.00643168683891417 0.00320214437379036 0.0296682256739587 0.00827684043324553 0.0110378688084893 0.00866899564862251 0.00803216139902361 0.00895381508162245 0.0100392963504419 0.00870712317992002 0.0231831297744066 0.0212234292877838 0.0318546516820788 0.0281799701042473 0.0113050256622955 0.0306131154298782 0.00588733272161335 0.00848467174218968 0.00631158765172586
0.00674240093212575 0.000472395671749837 0.00036692484741252 0.0113045388454339 0.0130287880689139 0.00646659606136382 0.00285788860583125 0.00742379779221665 0.00298328309027056 0.00145648493494264 0.000351512767372242 0.0028297191929596 0.000857928101800098 0.00178530904390755 0.00419432822836825 0.00129617462612259 0.00230039639427559 0.00286001200729515 0.00284584666169394 0.00658637573433225 0.00444897129673336 0.00427088551550696 0.00183364501035612 0.00162540710662142 0.00690991596748063 0.00618159479854512 0.0264893142972141 0.0294256323482841 0.0169116674922407 0.0438782040029764 0.0355285958852619 0.0185472008772194 0.0292714159935713 0.0265620005782694 0.00902697201818228 0.0280755898915231 0.00966802869224921 0.00969157618237659 0.0274795333389193 0.00888373050838709 0.0306609905790538 0.0113386746728793 0.0110925481887534 0.00827787095913663 0.00673422092804685 0.00558823402971029
0.000529019962846178 0.000902583377683186 0.000996985028814379 0.0086228251864668 0.0084389160896535 0.00562209830604843 2.06476035006009e-05 0.0183507887151791 0.0116657288999704 0.00572265362206963 0.0107673042279202 0.0161645711690653 0.00277845247837831 0.00178446509498826 0.000518935684794997 0.00578432690599584 0.0089932323742687 0.000858216127744527 0.00547605850006221 0.0208481317124097 0.0213323493546341 0.00131111670339124 0.00230594551958347 0.00136545633149581 0.00217801590597446 0.00769215935797547 0.0109312758082524 0.0276510836556554 0.0130391034530476 0.0578715048730373 0.0129540876252577 0.0108700769720599 0.0316904068924487 0.0277835709508508 0.0309779991395772 0.027543880790472 0.00912182609317824 0.00800295905210078 0.00736599619267508 0.00786379767814651 0.027453574212268 0.00884823385858908 0.0244792390149087 0.0244240827858448 0.00706850908463821 0.0051782842783723
0.00436882209796749 0.00576065849745646 0.00734270989050856 0.0277066052425653 0.0681779619306326 0.0286775272339582 0.0888638433068991 0.0435207052156329 0.0448393108323216 0.0242940009338781 0.0188838962349109 0.0107608765065379 0.00822557312094432 0.00477935146918753 0.00959852301311912 0.000944231676521667 0.0199171925931296 0.00551561666006819 0.00148997363376111 0.00161676898896985 0.00234253435683058 0.000907800353434141 0.00101912955278749 0.00109644744711659 0.0115594968767255 0.0181169190560468 0.0276543881278485 0.0241305350791663 0.0534631448797882 0.0328159984666854 0.0365395956672728 0.0324898491613567 0.0105827800696716 0.00940925548784435 0.00955196799477562 0.00811762640951201 0.00726541273761541 0.00788584747351706 0.00813691715011373 0.00881502198753878 0.0264425784815103 0.0203723858110607 0.0146528377430513 0.0133995840558782 0.0198577028699219 0.0141702774679288
0.0109514969517477 0.0121210880111903 0.0629722494632006 0.0226426326669753 0.014810425916221 0.032295273989439 0.0310109451878816 0.0486453225836158 0.0374753184616566 0.14529737830162 0.0941032778471708 0.0193211338599212 0.0158169514324982 0.0189838402206078 0.0160818941250909 0.0154607582153403 0.02132245892426 0.0163042575368308 0.01880474765494 0.0224806257676391 0.00937357348157093 0.0357284888072172 0.00942072715297399 0.000588290385053369 0.0124072575446917 0.0225785795366392 0.0360630964394659 0.0766159303486347 0.00819705014000647 0.0108831182587892 0.0252432251814753 0.0127959820907563 0.010650405427441 0.0246370257344097 0.00704918702831492 0.0218623525928706 0.00708713507046923 0.00903451442718506 0.00876934702973813 0.00966020852793008 0.0232712332624942 0.00660824282094836 0.00590568785555661 0.0058637656737119 0.00537117915228009 0.0146327598020434
