Maxent_result_files_2/B_distinguendus_3.asc
NCOLS 594 
NROWS 330 
XLLCORNER -15 
YLLCORNER 23 
CELLSIZE 0.166666666666667 
NODATA_value -9999 
[rows 80 to 99 of 330, columns 322 to 367 of 594]
0.42379934489727 0.451164841651917 0.176065364480019 0.0330189007334411 0.0860142659395933 -9999 0.586343314312398 0.745343900471926 0.0438135247677565 0.0174612217582762 0.0400376310572028 0.801589198410511 0.425855273008347 0.332247705757618 0.333571463823318 0.302748933434486 0.115433124452829 0.134540984034538 0.162418926507235 0.0500673871487379 0.0498435061424971 0.0623312711715698 0.0504959037527442 0.0584384594112635 0.0616838824003935 0.123997461050749 0.322839224338532 0.279350487887859 0.274786610901356 0.0371068814769387 0.163740612566471 0.116100042313337 0.131499267369509 0.0200120201800019 0.0616015411913395 0.0371046021580696 0.0723326472565532 0.141857869923115 0.129872786253691 0.0558757750317454 0.113849541917443 0.100811509788036 0.0650743411853909 0.102064728364348 0.127745439857244 0.0953415185213089
0.158973233401775 0.1107835739851 0.192645076662302 0.0923630706965923 0.124561829119921 0.0602902136743069 0.0653515372425318 0.0639251759275794 0.0986173119395971 0.0773598462343216 0.0534927058964968 0.257652635872364 0.414761473238468 0.0826145656406879 0.13770801872015 0.104739559814334 0.0678727779537439 0.309542897343636 0.23926669806242 0.163904207199812 0.0286675555631518 0.0445246117189527 0.200572986900806 0.125861538201571 0.0497150290757418 0.0839169394224882 0.196097007393837 0.305661302804947 0.159856313467026 0.174991629272699 0.0908504724502563 0.118207024782896 0.181962358951569 0.0512071715667844 0.0582233006134629 0.0381108710542321 0.0547983502969146 0.0543793253600597 0.0603372476994991 0.151232162117958 0.232995699346066 0.135363026708364 0.300540043413639 0.267229777574539 0.298396794497967 0.0743744287639856
0.046460111066699 0.0786333084106445 0.298651657998562 0.262420874834061 0.0918321158736944 0.0601002044975758 0.0981943525373936 0.0893255315721035 0.408541691303253 0.0616308830678463 0.0308755258098245 0.0454905951395631 0.0813208356499672 0.368464396893978 0.178071078658104 0.186918285489082 0.00408767555491067 0.000847929468727671 0.00369227343471721 0.0778215050697327 0.0399589240550995 0.050694127753377 0.155103530734777 0.218298637866974 0.139470583945513 0.373953235149384 0.235238069295883 0.250637286901474 0.0835189495235682 0.0839102059602737 0.0419030808843672 0.0942608818411827 0.288314168155193 0.0911814600229263 0.0506999559700489 0.182682557404041 0.102666079998016 0.160238293558359 0.111236288398504 0.335101301968098 0.34000526368618 0.24003798365593 0.174628449976444 0.0551884008571506 0.102994212135673 0.148538747802377
0.200760495662689 0.0534498531371355 0.0719557221978903 0.0528124175965786 0.0536544352769852 0.0869700573384762 0.0623747257515788 0.0200353434309363 0.0306346541270614 0.0645221225917339 0.0770856615155935 0.097426338121295 0.0755487684160471 0.217044320702553 0.0802253771573305 0.0549551755189896 0.0466474138200283 0.0424912985414267 0.115965642035007 0.0863993238657713 0.0782540775835514 0.0473119631409645 0.0764267504215241 0.196999025344849 0.0595787638798356 0.0419330008327961 0.230960392951965 0.0991105273365974 0.0284853076562285 0.0347512636333704 0.0190576992928982 0.0188636121340096 0.17728416621685 0.0605765758082271 0.0674314938485622 0.0812025774270296 0.042137655057013 0.214621721208096 0.179650337249041 0.2598079636693 0.232219943404198 0.182512219250202 0.0375074630603194 0.0557851370424032 0.0865825533866882 0.0394742118194699
0.0807350251823664 0.058552373945713 0.0365038838237524 0.087216829508543 0.187338629364967 0.159189081192017 0.0198405431583524 0.0265409412793815 0.0373499734327197 0.0342368979007006 0.025848520360887 0.12415673583746 0.165401980280876 0.270544017851353 0.137080121040344 0.275914452970028 0.0724161840975285 0.0528332764282823 0.0326804053969681 0.0633818481117487 0.0519304672256112 0.0462957166135311 0.113315206766129 0.179739493876696 0.0696015298366547 0.0984023869037628 0.12424641251564 0.0271419720724225 0.157227022945881 0.336329430341721 0.052413091994822 0.0371303968131542 0.0371634335257113 0.0352487990632653 0.0551204448565841 0.158731560409069 0.18270328566432 0.0739478450268507 0.281668151915073 0.138207521662116 0.150722156465054 0.0919676885008812 0.089060989394784 0.109279366955161 0.0942296050488949 0.101787484064698
0.0608460145071149 0.0822403483092785 0.0810724336653948 0.0456772964447737 0.192813812196255 0.186738868057728 0.130220802873373 0.0333753248676658 0.0736969254910946 0.0365702997893095 0.0322736218571663 0.0273735009133816 0.164008517563343 0.0865036632865667 0.19890865534544 0.22764318883419 0.192378069460392 0.137625864893198 0.0319264385849237 0.190143562108278 0.0500928374007344 0.12740218937397 0.263454440236092 0.391555213928223 0.0884594824165106 0.198354916274548 0.094786424189806 0.261245176196098 0.315679250657558 0.276387628912926 0.246590052545071 0.223008917272091 0.123738837987185 0.108241930603981 0.0323042250238359 0.0752260096371174 0.172749819606543 0.0515625912696123 0.0372866628691554 0.0833005629479885 0.0435140216723084 0.0330283427610993 0.16842098236084 0.0564224811270833 0.0655998002737761 0.11873240172863
0.138649269193411 0.0329053366091102 0.041451975889504 0.061820637062192 0.133478228002787 0.0719189178198576 0.111868806183338 0.0912601202726364 0.0644568640738726 0.0332667550072074 0.032124718092382 0.0201082076877356 0.118352780491114 0.0455560052767396 0.0830729477107525 0.123033507168293 0.139527049660683 0.300246167182922 0.0483341977000237 0.0635139411315322 0.0280856979079545 0.181742013990879 0.205507060885429 0.135490343719721 0.118367932364345 0.127143304049969 0.153289403766394 0.251479458808899 0.236683486402035 0.127521400898695 0.133150815218687 0.181873634457588 0.0911562267690897 0.149617555737495 0.180055257678032 0.151237545162439 0.223488892614841 0.264969865977764 0.124548447132111 0.034193366765976 0.037938429787755 0.0515570184215903 0.0868208959698677 0.126720482483506 0.088720191270113 0.211288288235664
0.147176871448755 0.322650170326233 0.112915156036615 0.265381813049316 0.0497149586677551 0.0355664544738829 0.0404093075543642 0.058047604188323 0.043656456656754 0.0726994223892689 0.0682269282639027 0.0379971960559487 0.0399586949497461 0.0188878643326461 0.0148745258338749 0.0334696957841516 0.0338638668879867 0.172407710552216 0.115784665197134 0.0392994260415435 0.046799654699862 0.0889122426509857 0.0612444639205933 0.0994909923523664 0.408142977952957 0.141683368384838 0.125888504087925 0.0378887308761477 0.0388984961435199 0.0297544116154313 0.158419810608029 0.288888712227345 0.225478452444077 0.129480494558811 0.201383029669523 0.340709953010082 0.157206273078918 0.244213549792767 0.130490857362747 0.100921347364783 0.126669958233833 0.0532690923660994 0.174161031097174 0.10064991414547 0.129915587976575 0.171630346029997
0.293476594984531 0.0332319801673293 0.21962603777647 0.108056052774191 0.0391507690772414 0.0169042524881661 0.0319162685424089 0.0167795524001122 0.0244309379719198 0.0204939757473767 0.0262965003028512 0.0429751925170422 0.0375555017963052 0.0239531140774488 0.0343998430296779 0.0540235070511699 0.0921163193881512 0.0233082352206111 0.0354902325198054 0.0141712273471057 0.00146949009504169 0.00993659305386245 0.0401431776583195 0.188969196379185 0.115925505757332 0.296191447973251 0.150555912405252 0.151200326532125 0.327488987147808 0.0588207144290209 0.0287878599017858 0.120804078876972 0.0794143699109554 0.0516930749639869 0.0619798991829157 0.0480348123237491 0.199152319133282 0.151536896079779 0.131953482702374 0.154030929505825 0.0845681138336658 0.138925275206566 0.166207592189312 0.17816653624177 0.145684166997671 0.176236597448587
0.276608364284039 0.0595837712287903 0.113668465614319 0.222486813366413 0.0558558523654938 0.0830766037106514 0.0665090795606375 0.0719119425863028 0.0631213676184416 0.0647006250917912 0.0971111536026001 0.0397543996572495 0.0517338838428259 0.0391058836132288 0.182127612829208 0.0819087356328964 0.099571531265974 0.0471183575689793 0.0224407852627337 0.021309576369822 0.0286475755274296 0.0171029806137085 0.000919276547210757 0.105503893643618 0.0472037844359875 0.126487185060978 0.232859298586845 0.0573260646313429 0.423311242461205 0.187819814682007 0.260380299389362 0.24978760778904 0.0736109331250191 0.124030043184757 0.0983255248516798 0.0445760497823358 0.0337697077542543 0.1187460642308 0.176258427649736 0.0307295439764857 0.0630215557292104 0.0212356951087713 0.112838721647859 0.112311684712768 0.170977807044983 0.149192506819963
0.0435229141265154 0.128312643617392 0.18233990073204 0.0595895539969206 0.0622813984751701 0.0276474172249436 0.115612781047821 0.0331899277865887 0.0654547039419413 0.0255916035734117 0.0963898122310638 0.0324642213061452 0.0402502121403813 0.0350380251184106 0.0339589778333902 0.0324767669662833 0.112502621859312 0.109180147945881 0.0795890882611275 0.0293517117388546 0.0288197289220989 0.0187626155093312 0.0216660985723138 0.00504406658001244 0.0191360915079713 0.0191128768958151 0.0348883699625731 0.0388343768194318 0.143493068218231 0.25105991512537 0.222093933820724 0.287895248830318 0.192076220363379 0.329413488507271 0.0799244556576014 0.0484586846083403 0.116487901285291 0.030381927639246 0.0389309443533421 0.100732751563191 0.0320692697539926 0.0432907922193408 0.116227774694562 0.0255110454745591 0.148417112231255 0.0622104762122035
0.261323262751102 0.188441194593906 0.137611962854862 0.0583911288529635 0.0503326427191496 0.0302698479965329 0.0568653870373964 0.051993215456605 0.028267159499228 0.0950053494423628 0.0543620456010103 0.0399143677204847 0.0439330853521824 0.0392239389941096 0.0481351491063833 0.0325287382118404 0.0644790951162577 0.0412124142050743 0.0430785475298762 0.0315022816881537 0.0254650373011827 0.052717562764883 0.0430386818945408 0.109671378880739 0.0668455548584461 0.0265671194531024 0.0233038892969489 0.00112878046202241 0.00308593692607246 0.0175021503120661 0.0322589384391904 0.142965123057365 0.166791916638613 0.245823994278908 0.25680880099535 0.20021241158247 0.202835030853748 0.0952139567583799 0.137759929895401 0.190190953016281 0.0277913419529796 0.182295580208302 0.173813235759735 0.166111688315868 0.172886530309916 0.169599455595016
0.224252852797508 0.0965028271079063 0.099297784268856 0.0987497612833977 0.109981390833855 0.0249541223980486 0.046039929240942 0.0353444505482912 0.028258747421205 0.0739176262170076 0.0212914627045393 0.0466605953872204 0.0372160630300641 0.0496715446934104 0.080029583722353 0.0299956949427724 0.050640856102109 0.109261742979288 0.0246006129309535 0.0255339156836271 0.0187911966815591 0.0178614157252014 0.0614934369921684 0.0993557386100292 0.0652713075280189 0.149679459631443 0.00685861562378705 0.00936743654310703 0.000770600750547601 0.018058714363724 0.0181573117151856 0.0242127264849842 0.0297100959345698 0.0448920058086515 0.228707844018936 0.167674311995506 0.184359946846962 0.116371881216764 0.200544540584087 0.269762934744358 0.242845313251019 0.178168050944805 0.17262826114893 0.172758643329144 0.143646957725286 0.169732026010752
0.0332837235182524 0.0445285055786371 0.0688464172184467 0.0472127910703421 0.0613993391394615 0.0315203908830881 0.103089704364538 0.0283195065334439 0.0305911425501108 0.0382518887519836 0.0205075008794665 0.0271427875384688 0.0361600903794169 0.0335936207324266 0.0510209493339062 0.0481517106294632 0.139255837351084 0.0959514185786247 0.060621740296483 0.162845161557198 0.106740794330835 0.102790768444538 0.121527491509914 0.0610960423946381 0.0719360988587141 0.0988703913986683 0.0309347273781896 0.00933304876089096 0.00863343540113419 0.00998942609876394 0.006348761706613 0.0123256366467103 0.00809279277455062 0.0190991596318781 0.0215598682872951 0.0449249416589737 0.0238415445201099 0.0627049464732408 0.176372286677361 0.228096513450146 0.0968964196741581 0.0737651620060205 0.202399069070816 0.184020732343197 0.20436650365591 0.180131304264069
0.0470035590231419 0.0159624404273927 0.0666176296770573 0.0637442916631699 0.0353930409997702 0.0555660825222731 0.0263057632371783 0.00957593095954508 0.0153779532760382 0.0190161594189703 0.0175914324820042 0.0499123048037291 0.0549535613507032 0.0546646285802126 0.0250635784119368 0.0474033549427986 0.0536992467939854 0.076042753085494 0.0494454747065902 0.0617487754672766 0.126503032445908 0.199946914613247 0.184723840653896 0.156549459695816 0.0490625716745853 0.0508342368528247 0.0175486539956182 0.0111868771258742 0.0114531129598618 0.0133198811672628 0.0168723403476179 0.0223139687441289 0.0215707591734827 0.0236076143570244 0.014409808954224 0.00804129159078002 0.0143901646602899 0.0332407802343369 0.114541069418192 0.0434516502544284 0.0720627069473267 0.0753978423774242 0.262547942996025 0.170899197459221 0.123197600245476 0.0307223038747907
0.0588538214564323 0.0575370457023382 0.0602464420720935 0.024243987351656 0.0306407993659377 0.031333289667964 0.0851262524724007 0.0774695463478565 0.0306002074852586 0.0346854228526354 0.0174267341382802 0.0131997587624937 0.0198485746979713 0.0341371539980173 0.0426622210070491 0.037410669028759 0.107137005031109 0.0865422569215298 0.0782805543392897 0.0543762136250734 0.0482249408960342 0.0616522481665015 0.0384922014549375 0.0365843573585153 0.156554058939219 0.0616059759631753 0.0114588927011937 0.0170938463415951 0.0322851210832596 0.0289426673203707 0.020141330268234 0.0176129341125488 0.0310971900820732 0.0189715704880655 0.0197607014328241 0.0096524674911052 0.0159578354097903 0.0217482163570821 0.0130221132654697 0.0178386691957712 0.0298635881394148 0.105371917039156 0.113395022600889 0.0625076476484537 0.193093693256378 0.14162196367979
0.0554285600781441 0.0535897307097912 0.126299296319485 0.0430487148463726 0.0184934849850833 0.018490474158898 0.0152057292405516 0.0362724481150508 0.0318918755277991 0.0324462711811066 0.0351929334923625 0.0314535077661276 0.0330159456469119 0.0488689078018069 0.0496546398848295 0.0414433397352695 0.0404195331037045 0.0665858905762434 0.0459147021174431 0.0952460303902626 0.0606588147580624 0.0513783004134893 0.0714784935116768 0.0356946639716625 0.0333283215761185 0.0183735806494951 0.0136587310582399 0.0811035063117743 0.16723460406065 0.205495394766331 0.211177122592926 0.11745128929615 0.0534451276063919 0.0817498609423637 0.0595162179321051 0.0219668909907341 0.0584063928574324 0.0652224265038967 0.0306835373863578 0.00704604378843214 0.00980766760185361 0.0124181573279202 0.034962874930352 0.0363878065720201 0.0391435822471976 0.142049952596426
0.0361263023689389 0.0547147996723652 0.0741507090628147 0.0826642472296953 0.0642409779131412 0.0285670541226864 0.0462599661201239 0.0543201193213463 0.0377050759270787 0.13904824256897 0.0309676361270249 0.0659832283854485 0.0267406387254596 0.0951518300920725 0.0419929124414921 0.0719736821949482 0.0204483860172331 0.0330141201615334 0.0493643529713154 0.0502629842609167 0.102230896055698 0.101488146930933 0.0442414723336697 0.0649862509220838 0.0369876574724913 0.105813973397017 0.0720357522368431 0.0460434185341001 0.0655170176178217 0.188077673316002 0.179766492545605 0.0895898029208183 0.074649465456605 0.139586270600557 0.0896288432180881 0.0562448848038912 0.12369432747364 0.176287506520748 0.18779119849205 0.0366842545568943 0.0669841006398201 0.00497018830501474 0.067509076371789 0.0272895117290318 0.0284033083356917 0.0228066802956164
0.043243657425046 0.115286552906036 0.0446009121835232 0.0355181876569986 0.0250073196366429 0.0345455583184957 0.0440031602978706 0.0501636940985918 0.0268727965652943 0.046185627579689 0.0278617706149816 0.0650437917560339 0.0731465924531221 0.0346173698082566 0.0297561390325427 0.041306728310883 0.084607157856226 0.0439167972654104 0.0476578246802092 0.0372464798390865 0.0485456991940737 0.052210608869791 0.0495415303856134 0.115735103189945 0.0613000094890594 0.0503947976976633 0.0510549478232861 0.0494118984788656 0.0944163598120213 0.036412070505321 0.0443664303049445 0.0294742498546839 0.0438910711556673 0.0572758805006742 0.0853256165981293 0.0392545891925693 0.0448699772357941 0.0439789928495884 0.0424993546679616 0.044089275225997 0.0303358169272542 0.00416736593469977 0.0134925816906616 0.0130371427861974 0.0372066132724285 0.0435765372589231
0.0231984666548669 0.0130632401909679 0.0603000773116946 0.039797910861671 0.0407254217192531 0.028098126500845 0.0414864212274551 0.0662867080420256 0.105042877793312 0.0251532545313239 0.0427552670240402 0.0683490701019764 0.038960887491703 0.0342846482992172 0.0765386942774057 0.0834025129675865 0.088179362565279 0.092278166860342 0.0473655665293336 0.101622489839792 0.0535099007189274 0.0461423967033625 0.146132610738277 0.228637897968292 0.106644909828901 0.0989871099591255 0.0973071940243244 0.0734327493235469 0.0966654047369957 0.0381117517128587 0.0466715428978205 0.0607929386198521 0.0948078155517578 0.0703973472118378 0.0462589707225561 0.0923100650310516 0.028626654855907 0.0880833499133587 0.0653913741931319 0.0482667211443186 0.0471563117578626 0.0829182431101799 0.0849294297397137 0.0475683894008398 0.0314700838178396 0.159809055924416
