Maxent_result_files_2/B_distinguendus_3.asc
NCOLS 594 
NROWS 330 
XLLCORNER -15 
YLLCORNER 23 
CELLSIZE 0.166666666666667 
NODATA_value -9999 
[rows 60 to 79 of 330, columns 184 to 229 of 594]
0.315657369792461 0.0825034834444523 0.1563565723598 0.274992409348488 0.240268565714359 0.117252508550882 0.00373070405330509 0.00543205738649704 0.00693801022134721 0.00422789852018468 0.00445954519673251 0.0237502264790237 0.0162028416991234 0.0164546911604702 0.00212422650947701 0.00286382819758728 0.00207706862129271 0.000400849429570371 0.0325086407363415 0.0378519898280501 0.0392546251416206 0.0219280851073563 0.0418797163292766 0.0278669117949903 0.0185975953005254 0.0145539495628327 0.0141047785524279 0.00244752700964455 0.0524734549224377 0.0481897499412298 0.0298009980469942 0.0272419849410653 0.0534146722406149 0.0406000534072518 0.0363628769293427 0.0409437868744135 0.0245409003458917 0.0266598420217633 0.0260831671766937 0.0315317270345986 0.0623188395053148 0.0386619664728641 0.0807687032967806 0.048613047413528 0.111236554384232 0.0924156602472067
0.153758722543716 0.103272803872824 0.00636685112258419 0.00286157102091238 0.0123367199441418 0.103663752600551 0.04560282882303 0.0152953648474067 0.0912181962281466 0.148537334054708 0.115348959714174 0.00465796835487708 0.000976779140182771 0.00560895623639226 0.0289156936109066 0.0486327882856131 0.0138052014401183 0.0585634715855122 0.0351691043004394 0.0296637173742056 0.0482543051242828 0.0410445554181933 0.0190243384800851 0.0228918338194489 0.0307627748697996 0.0122821697499603 0.0103338004089892 0.0153214164543897 0.0231190884485841 0.0371012516319752 0.0638440936803818 0.051967634819448 0.0359789103269577 0.034872168302536 0.0244198217056692 0.0246469837613404 0.0208431315608323 0.0336124712601304 0.0378549948334694 0.0290977170690894 0.0315771037712693 0.11426980830729 0.113047241792083 0.128840719163418 0.103168885409832 0.123906879127026
0.0820609245449305 0.0739431604743004 0.0242218608036637 0.004479410557542 0.0019966570136603 0.0324449336156249 0.0328857628628612 0.0541778262704611 0.0427475811913609 0.0858023051172495 0.00240046956168953 0.0177365240175277 0.10096494294703 0.0552382804453373 0.00375467369449325 0.000640258785279002 0.0691950403153896 0.00210020279628225 0.0343502923846245 0.0227950325235724 0.0212724205106497 0.0229313153773546 0.0289727320894599 0.015644889138639 0.0163350597489625 0.0117497947998345 0.00820494242943823 0.00909574134275317 0.00863436090294272 0.0315868536010385 0.0368195525370538 0.0791185665875673 0.0298111889511347 0.0883607100695372 0.0468678157776594 0.0344190238043666 0.0466892931610346 0.0960700187832117 0.0662790156900883 0.0444180891849101 0.0933878872543573 0.100634373351932 0.107939824461937 0.112132302299142 0.0609497355297208 0.1206383690238
0.0973384764045477 0.0151320467004552 0.0118988668080419 0.0149206793867052 0.0887651674449444 0.0523299612104893 0.112792079895735 0.0164182659471408 0.0131397120188922 0.0057600865024142 0.00473193523939699 0.00502559994347393 0.000290341581421671 0.00547656614799052 0.00864643305540085 0.00313948765397072 0.037514091283083 0.0723394602537155 0.043598486110568 0.0299493072554469 0.0230011015199125 0.0155995791777968 0.0167731137014925 0.0163250587880611 0.0163210935890675 0.0147509900853038 0.0137140347622335 0.013917540339753 0.0203938350081444 0.0457346640527248 0.069450830668211 0.0667565293610096 0.0494904594495893 0.0423458465375006 0.0505751705728471 0.137291595339775 0.171246487647295 0.0579714341089129 0.130893233418465 0.172029454261065 0.141132380068302 0.0893788740038872 0.106868963688612 0.102662279084325 0.101187899708748 0.110344852507114
0.0352350731845945 0.0160791668342426 0.00874486520187929 0.010093122231774 0.00322556903702207 0.143890644609928 0.0203428393462673 0.0616235218942165 0.0594270173460245 0.00437992460210808 0.00370215637958609 0.00431327066617087 0.00380377948167734 0.00553194790845737 0.00461487424909137 0.0124694807920605 0.00792219354771078 0.0104393107816577 0.0120426288805902 0.023374683316797 0.0145787049084902 0.0226577136665583 0.0316319139674306 0.0355498000979424 0.0327508208341897 0.0253685370087624 0.0225484785623848 0.0355771047994494 0.0488189188763499 0.118782328814268 0.121506188809872 0.111837594211102 0.0375068038702011 0.0643641551956534 0.102233768627048 0.182569075375795 0.0808847825974226 0.0847038066014647 0.126966869831085 0.233881232142448 0.209080322086811 0.168611115217209 0.140539204329252 0.0738416958600283 0.156865230202675 0.153985797613859
0.0494471123442054 0.0914850890636444 0.0886144436895847 0.00279487324296497 0.00862936942139641 0.0071651664795354 0.00222048191353679 0.00223740133224055 0.0356088444590569 0.0491107266396284 0.0446760214865208 0.0127651872579008 0.00553510922472924 0.0442231616005302 0.0242291171103716 0.023259852360934 0.0307025108486414 0.0174038889817894 0.0182087098248303 0.019965631980449 0.0139193885028362 0.0234046034514904 0.021007920615375 0.0175855462439358 0.0595880694687366 0.0410309298895299 0.0395559448748827 0.0462614838033915 0.0526830468326807 0.0964888714253902 0.150382704287767 0.0125707278959453 0.158373280614614 0.170846942067146 0.103844052553177 0.123723689094186 0.251392088830471 0.11150102391839 0.155168664455414 0.249631680548191 0.227165921032429 0.267063084244728 0.224475149810314 0.266288129985332 0.158722984045744 0.196699672937393
0.00712827513925731 0.00973036938812584 0.0398764934390783 0.0339403072372079 0.0649501472711563 0.056484691426158 0.0357734739780426 0.0478289920836687 0.0356729296967387 0.0230754665099084 0.050430753827095 0.074200951308012 0.0934858679771423 0.0845814093947411 0.0410247160121799 0.0466308357194066 0.0546355880796909 0.0712699372321367 0.0364608177915215 0.0384461909532547 0.035111103579402 0.0468865610659122 0.0437951127067208 0.0734355334192514 0.0898671604692936 0.059670428186655 0.0379884745925665 0.0311207104474306 0.0354991558939219 0.137372903525829 0.0711503433063626 0.0764034463092685 0.109426562860608 0.237301464378834 0.195145960152149 0.189705646038055 0.210878005623817 0.209224265813828 0.244373352825642 0.213958731293678 0.168373988568783 0.217937211692333 0.17977809086442 0.26227815002203 0.13592680208385 0.189856114983559
0.0231243762653321 0.00565367767121643 0.0315759787335992 0.0185605810023844 0.00392535474384204 0.0407346891239285 0.000532420578383608 0.0281903618946671 0.0496663764119148 0.0660321742296219 0.0503746105358005 0.0353957861661911 0.0413472088053823 0.0345517558977008 0.0425914470106363 0.0509206525981426 0.0494370132684708 0.0359359171241522 0.0205783453769982 0.0671527482569218 0.0339880829676986 0.0211833041161299 0.0305209552869201 0.0656691398471594 0.0969290059059858 0.118474644422531 0.106702613085508 0.0861867744475603 0.0666004894301295 0.0975528430193663 0.116173090785742 0.11005069501698 0.168081503361464 0.15709452778101 0.279843266308308 0.265907724201679 0.353169552981853 0.281302733719349 0.304912342131138 0.203521667420864 0.25005010664463 0.427160677313805 0.417187610268593 0.283072026073933 0.15483670309186 0.246810258924961
0.0277988473884761 0.00552194087067619 0.0439032360911369 0.0622523102909327 0.0753558170050383 0.0474072346463799 0.0768465060740709 0.0611821494996548 0.0527794308960438 0.0843165393918753 0.0564099613577127 0.0518526002764702 0.0544101804494858 0.033511328138411 0.0240546705201268 0.0312143424525857 0.0204023291356862 0.0205177079886198 0.0283902660012245 0.0587794946506619 0.0445180809125304 0.05426283814013 0.0569479860365391 0.058772161975503 0.0693601813167334 0.135076964646578 0.0956403166055679 0.11962768509984 0.202513833343983 0.184785802662373 0.179377226531506 0.125972246751189 0.317637768387795 0.24486440718174 0.193352134525776 0.127824016660452 0.168387292325497 0.228148816525936 0.239842721819878 0.310168249905109 0.291248369216919 0.353464749455452 0.337165462970734 0.304311735928059 0.307105533778667 0.207412755489349
0.0214834318496287 0.00609550650697202 0.0410489019006491 0.0740930784493685 0.0616823151707649 0.0596291564404964 0.0713401414453983 0.0655379991978407 0.0454232709482312 0.0501371569931507 0.0998567126691341 0.0769003495573997 0.0447644954547286 0.0689770270138979 0.0471405765041709 0.0301435926929116 0.0345183139666915 0.044166854582727 0.0326201949268579 0.03033057898283 0.0251680355519056 0.0475551886484027 0.0725444294512272 0.0807480502873659 0.0874984163790941 0.0987938858568668 0.119671779870987 0.146471130847931 0.174111153185368 0.239432311058044 0.325877299904823 0.276440918445587 0.298280362784863 0.374144005775452 0.226476024091244 0.150665257126093 0.321565243601799 0.170530037581921 0.173188410699368 0.278478236496449 0.272360716760159 0.300038884580135 0.397951900959015 0.337775675952435 0.226711146533489 0.240465769171715
0.0289824787527323 0.0224950007162988 0.0395552691072226 0.0402702931314707 0.0489311631768942 0.0449352268129587 0.0506648078560829 0.0687805086374283 0.0547951266169548 0.0993930816650391 0.0617409572005272 0.0761468343436718 0.0452180691063404 0.0247186330147088 0.0524236718192697 0.0576632801443338 0.0521829087287188 0.0672691702842712 0.0270864110440016 0.0534030269831419 0.0373815860599279 0.0456140657886863 0.0602434370666742 0.0746054504066706 0.134699507057667 0.184812960773706 0.143492057174444 0.225269821286201 0.253244005143642 0.239740392565727 0.278020717203617 0.333057494461536 0.323921222984791 0.371057911217213 0.350519895553589 0.466483798623085 0.352240180969238 0.312185716629028 0.171368247270584 0.173133052885532 0.148728422820568 0.254093401134014 0.177871066331863 0.364689785242081 0.183091194927692 0.189132960140705
0.00394447947037406 0.0236828040331602 0.0658427454531193 0.0499244932085276 0.037082495726645 0.0350696524605155 0.031098841316998 0.0324828874319792 0.0712256357073784 0.0950484797358513 0.0367158597335219 0.051230907253921 0.0260157861746848 0.0362431023269892 0.0190455384552479 0.036058796569705 0.0627397861331701 0.0600835874676704 0.0640246622264385 0.0729742884635925 0.0380507417023182 0.0945625897496939 0.118561646342278 0.197036724537611 0.19448493719101 0.213721276819706 0.22636476457119 0.198458677530289 0.261237689852715 0.252201877534389 0.423528295755386 0.398400837182999 0.502515703439713 0.63142052590847 0.37688550055027 0.528231823444366 0.465169960260391 0.433745762705803 0.328808528184891 0.208701880276203 0.221308526396751 0.17186016663909 0.254422025382519 0.327781531214714 0.28217254281044 0.172640642523766
0.0440650863572955 0.0758031416684389 0.0570942785590887 0.0580129016190767 0.0932025656104088 0.0563783757388592 0.0388692187145352 0.0541680622845888 0.0937458217144012 0.0843116037547588 0.0879313860088587 0.0806358333677053 0.0244927952066064 0.0250859832391143 0.0313707897439599 0.0391804099082947 0.0566188860684633 0.0844638090580702 0.0526360711082816 0.0898507528007031 0.145433082431555 0.10866175070405 0.155798234045506 0.166413996368647 0.281056524813175 0.236672426760197 0.150537243485451 0.23265495300293 0.282324825227261 0.263357347249985 0.273693183064461 0.325516620278358 0.451471689343452 0.556891912221909 0.640166196227074 0.534921273589134 0.607014834880829 0.487992411851883 0.57991329729557 0.452544727921486 0.301192367076874 0.394204637408257 0.180755891650915 0.247644545137882 0.41084463596344 0.383822140097618
0.0512400548905134 0.0318921707570553 0.074569184333086 0.0352466372773051 0.0575421795248985 0.0667695060372353 0.0722103845328093 0.0782343190163374 0.0720643382519484 0.0664150778204203 0.0943126276135445 0.0780973248183727 0.103813504427671 0.0777544323354959 0.0439550964161754 0.0308725982904434 0.0505356267094612 0.1136056676507 0.121343074738979 0.0688637157902122 0.0967637583613396 0.106080557405949 0.148231751471758 0.16266311109066 0.273863980174065 0.252093894779682 0.310594227910042 0.348590125143528 0.405781990289688 0.358393988013267 0.446602270007133 0.648232483863831 0.467998662590981 0.485831800103188 0.63630436360836 0.73846470117569 0.588334327936172 0.624954426288605 0.418709120154381 0.440582782030106 -9999 -9999 -9999 -9999 0.560508823394775 -9999
0.0652340363711119 0.0861234605312347 0.074857934564352 0.0666711755096912 0.0826845049858093 0.0677437294274569 0.0873330786824226 0.0471937684342265 0.0528542632237077 0.082371174916625 0.107773394882679 0.099422050639987 0.0817911703139544 0.059937871620059 0.110001128166914 0.120502158254385 0.10087381824851 0.119943225383759 0.129370441287756 0.113310372084379 0.144552172720432 0.136327379196882 0.19849299043417 0.167378279566765 0.131763800978661 0.238617168366909 0.267360666394234 0.410695430636406 0.411099234223366 0.397617396712303 0.474312922358513 0.373026019334793 0.565941688418388 0.587772464752197 0.737907528877258 0.80205078125 0.554961559176445 0.578953456878662 0.423432004451752 0.0326211390085518 -9999 -9999 -9999 -9999 -9999 -9999
0.130920556932688 0.134488707780838 0.228922872245312 0.143840167671442 0.119336551427841 0.0989722300320864 0.0579137241467833 0.100512425228953 0.0879407964646816 0.136939046531916 0.121593395620584 0.129170216619968 0.0980427071452141 0.150100503116846 0.113190963864326 0.154533656686544 0.111193080246449 0.130583849549294 0.136150571703911 0.157917858660221 0.197828428447247 0.159578483551741 0.167127948999405 0.23381514698267 0.435242033004761 0.366317203640938 0.329894734919071 0.334697051346302 0.240259720385075 0.281548047065735 0.305648970603943 0.430434611439705 0.738591450452805 0.502170291543007 0.640002030134201 0.656373566389084 0.584613254666328 -9999 -9999 -9999 -9999 -9999 -9999 -9999 -9999 -9999
0.137547098845243 0.132011795043945 0.129030483961105 0.0680233165621758 0.115748751908541 0.128152108192444 0.123800504952669 0.127466255426407 0.111928797513247 0.0925581820309162 0.163991147279739 0.157895096391439 0.140243279188871 0.0846145655959845 0.126009953022003 0.134661092609167 0.142006457597017 0.196688121557236 0.169185117632151 0.161038459092379 0.209749892354012 0.220381732285023 0.4252555757761 0.437652462720871 0.507931816577911 0.497050061821938 0.305445647239685 0.436762773990631 0.401658101379871 0.384658329188824 0.447407075762749 0.381296387314796 0.549010956287384 0.575935360789299 0.906780272722244 0.606469386816025 -9999 -9999 -9999 -9999 -9999 -9999 -9999 -9999 -9999 -9999
0.0810660440474749 0.115088745951653 0.160327491164207 0.116419072449207 0.104491580277681 0.111509118974209 0.156432125717402 0.148889603465796 0.109766149520874 0.168998336046934 0.188816075772047 0.159574238210917 0.15137682557106 0.151306758075953 0.156415122747421 0.291566887497902 0.306478686630726 0.259049625694752 0.195675356686115 0.260123381018639 0.349007260799408 0.466566255688667 0.529271963238716 0.580924052000046 0.508309543132782 0.539911079406738 0.44430251121521 0.418173080682754 0.392030593752861 0.472598478198051 0.559188181161881 0.390663868188858 0.776141077280045 0.696203792095184 0.768371856212616 -9999 -9999 -9999 -9999 -9999 -9999 -9999 -9999 -9999 -9999 -9999
0.16630799472332 0.168121834844351 0.172262116521597 0.0986597917973995 0.202535656094551 0.128629816323519 0.174613153189421 0.15919045060873 0.101003777980804 0.158745090663433 0.216867078840733 0.263117532432079 0.380064803361893 0.233217692375183 0.279089252650738 0.348493658006191 0.276149041950703 0.324730077385902 0.29420717805624 0.395488832890987 0.529223573207855 0.425281816720963 0.501696783304215 0.433445781469345 0.490056058764458 0.496045881509781 0.460835599899292 0.499715161323547 0.41390095949173 0.622824263572693 0.59859531223774 0.569719743728638 0.770285540819168 0.725515753030777 -9999 -9999 -9999 -9999 -9999 -9999 -9999 -9999 -9999 -9999 -9999 -9999
0.193505354225636 0.088837406039238 0.0920547295361757 0.184455988556147 0.147879417985678 0.208270084857941 0.155987098067999 0.214963817596436 0.240692262351513 0.264938957989216 0.17237835675478 0.234661178290844 0.240392306447029 0.334161892533302 0.385153220593929 0.426336234807968 0.329718819260597 0.375561654567719 0.388991665840149 0.358278024196625 0.377603650093079 0.462855404615402 0.495519331097603 0.624965769052505 0.671865016222 0.457894304394722 0.588296741247177 0.483393868803978 0.597928360104561 0.720661425590515 0.641066431999207 0.957909947633743 0.781623548269272 -9999 -9999 -9999 -9999 -9999 -9999 -9999 -9999 -9999 -9999 -9999 -9999 -9999
