Maxent_result_files_2/B_distinguendus_3.asc
NCOLS 594 
NROWS 330 
XLLCORNER -15 
YLLCORNER 23 
CELLSIZE 0.166666666666667 
NODATA_value -9999 
[rows 200 to 219 of 330, columns 322 to 367 of 594]
3.86854550015414e-05 2.43207698076731e-05 4.31547560765466e-05 2.16649633784982e-05 7.88314009696478e-06 1.33943678292781e-05 2.61982908341452e-05 3.59018986273441e-05 0.000454436075233389 6.32707606200711e-05 5.48515190530452e-05 0.000294237726484425 0.00245196871110238 0.00235417431686074 0.00623146714642644 0.0087657461874187 0.00560839949175715 0.0119730265811086 0.0106168372556567 0.00609256133320741 0.00824257135391235 0.00104402616270818 0.00911495466716588 0.00607341537252068 0.00614592777565122 0.00712556699290872 0.00526653204578906 0.00811014263890684 0.00299691827967763 0.00238008042797446 0.00196856483235024 0.00243144610431045 0.00546731685753912 0.0026017157244496 0.0022388344979845 0.00192294359439984 0.00286845595110208 0.00110912983072922 2.30575960813439e-05 2.19715971979895e-05 2.74985502983327e-05 3.13840062517556e-05 1.36355296490365e-05 1.56438275553228e-05 2.00972891889251e-05 4.98418957249669e-05
1.18434853220606e-05 2.0588027427948e-05 1.64589867836185e-05 9.61566915975709e-06 7.23075756923208e-06 2.3822287312214e-05 6.24833177425899e-05 1.50870643665257e-05 2.05295329124056e-05 6.7845195371774e-05 9.25485366678913e-05 0.000135020568995969 0.00131456683157012 0.00249360457528383 0.00731213497929275 0.0162293440662324 0.0113881329074502 0.0138535283505917 0.0119656621478498 0.00932502644136548 0.00879875468090177 0.016602436825633 0.0303554119542241 0.0305609844624996 0.0171004532836378 0.0184297696687281 0.00641464095097035 0.00415212160442024 0.00329382537165657 0.00248103534104303 0.00200799083104357 0.00242746266885661 0.00155851090676151 0.00244960462441668 0.00278352000750601 0.00142677405383438 0.00379657803568989 0.000156474508548854 0.00177235758164898 0.000203351950040087 2.81072626421519e-05 2.1611060401483e-05 1.4398870439436e-05 1.5579619230266e-05 1.59183105097327e-05 2.06142785827979e-05
-9999 8.42038616610807e-06 9.16793540000071e-06 6.78802623497177e-06 1.43775123433443e-05 8.08984028481063e-05 3.68769845408678e-05 0.000200077267072629 0.000449784372176509 0.000309967137582134 0.00105369256052654 0.000575811738963239 0.000333062291610986 0.00063744617800694 0.00385677721351385 0.0103065208997577 0.00517954570241272 0.00437144166789949 0.0244391636922956 0.0190522546879947 0.0123999833944254 0.0366588920354843 0.0231687543913722 0.030661546997726 0.02587710916996 0.00755529254674911 0.00262457532953704 0.003729592054151 0.00671900599263608 0.000967025524005294 0.00276681042741984 0.000279131273418898 0.001692973903846 0.00160843413323164 0.00309405643492937 0.00318075920222327 0.0014913939347025 0.000118000416841824 0.000328754742804449 0.0017109134234488 5.03113025843049e-05 6.84829170495504e-05 4.44242699813913e-05 4.15908871218562e-05 3.10894238282344e-05 2.588827856016e-05
-9999 -9999 0.0399492275901139 5.06894632508192e-06 4.68444372017984e-05 0.00118244703044184 0.00130236310651526 0.0216946566477418 0.00779300117865205 0.00289004737278447 0.0114343236200511 0.00505338063230738 0.00836174366995692 0.00928151956759393 0.0248097374569625 0.0212543013971299 0.00999663907568902 0.0146356479264796 0.0211894084699452 0.0170939342584461 0.0140577577985823 0.0116260086651891 0.0161718069575727 0.0954794481396675 0.0558395773172379 0.0183958707755664 0.00264894025003741 0.00940537415444851 0.00501941863913089 0.00954177966341376 0.00376749504357576 0.0047671020263806 0.0038613579235971 0.00158608661149628 0.00278545963810757 0.00262472045142204 0.00216072120238096 0.000865188363241032 3.03433384942764e-05 4.87666503431683e-05 2.11719146136602e-05 1.83581179726389e-05 2.53145765782392e-05 6.12197829468641e-05 2.2575802722713e-05 3.20047214700025e-05
-9999 -9999 -9999 -9999 5.08078306665993e-05 5.99659431827604e-05 0.00111025677761063 0.00756427540909499 0.00866590610239655 0.00478412517695688 0.0937224745750427 0.0320720871910453 0.0279169909656048 0.0647161744534969 0.0247830783948302 0.0872330108657479 0.117326251044869 0.144085582345724 0.0991465732455254 0.221263082325459 0.646384876966476 0.108454868197441 0.345203039050102 0.508233162760735 0.195370536670089 0.111589438468218 0.0610343061387539 0.0337867813184857 0.0193577323108912 0.0100256382953376 0.00304629141464829 0.00215607348363847 0.00187735893996432 0.00327149999793619 0.00137737891636789 0.00132871147361584 0.00114274265361018 0.000976784451631829 5.52350742509589e-05 3.74308687241864e-05 2.88811698737845e-05 2.16374283354526e-05 2.19385510717984e-05 2.00217732754027e-05 4.21931164964917e-05 2.75094706012169e-05
-9999 -9999 -9999 -9999 -9999 0.000137002539850073 9.35831176320789e-06 0.00114070688723587 0.00455444250255823 0.0125862604938447 0.0316996833309531 0.0456103650853038 0.0890222135931253 0.110332452505827 0.0266989518888295 0.032742783613503 0.0292180763557553 0.0437732305377722 0.036269237101078 0.0860591776669025 0.0578085489571094 0.382430359721184 0.173299445211887 0.347340482473373 0.389824551343918 0.175804137438536 0.103173929452896 0.0614849217236042 0.0254010729491711 0.0115346409846097 0.00350418188609183 0.00682874647900462 0.00640627234242856 0.00233148683328181 0.00151436013693456 0.0012471547604946 0.000759759703942109 0.00153048727661371 0.00202572693233378 0.00212378752185032 0.0011576083721593 0.000191403364442522 2.15196108001692e-05 2.06316927005901e-05 2.39216493355343e-05 2.61331488218275e-05
-9999 -9999 -9999 -9999 -9999 -9999 0.0522567357867956 1.11038413251663e-05 7.41312891477719e-05 0.00881289010867476 0.0170028085820377 0.00430097064818256 0.0466911790892482 0.0621818751096725 0.0376146225258708 0.097057793661952 0.0365958215668798 0.113414582237601 0.173085406422615 0.0572594154626131 0.122977112978697 0.265336410701275 0.478060212731361 0.391493687033653 0.311135599017143 0.364575192332268 0.0693313296884298 0.0229217342101037 0.00415408107219264 0.00364190310938284 0.00588953734841198 0.00544023561524227 0.00391450080787763 0.00265886023407802 0.00217481203144416 0.00142659189878032 0.00339135308749974 0.00365588834974915 0.00152593632228672 0.00213583982549608 0.00137666829396039 0.00243871457641944 0.00192093757214025 9.04461267055012e-05 5.10046580529888e-05 0.000704352237517014
-9999 -9999 -9999 -9999 -9999 -9999 -9999 -9999 0.000571050940197892 0.00683000977151096 0.0158753359690309 0.0219221390783787 0.00951789882965386 0.0136586241424084 0.0104782673064619 0.000783715059515089 0.000497525693936041 0.00460714598884806 0.0928305771201849 0.000454142067610519 0.111182390153408 0.145421078801155 0.00471818535588682 0.00528313963441178 0.047671627998352 0.796979659795761 0.449967753887177 0.102152163535357 0.014814438438043 0.0027074782672571 0.00138233107863925 0.000990136049222201 0.00280930799781345 0.000957811615080573 0.000361020813579671 0.000959560263436288 0.00547527642920613 0.00238532442599535 0.00260398951359093 0.0025697537465021 0.00304450697731227 0.00336202571343165 0.0039731175173074 0.000437553934170865 0.000906229842803441 0.000187740176625084
-9999 -9999 -9999 -9999 -9999 -9999 -9999 -9999 -9999 -9999 0.000239861985755851 0.00238649279344827 0.00393167561851442 0.00256184163736179 0.0109299053903669 0.0143819632939994 0.000230646361524123 0.000416470388154266 0.000637623749207705 0.000220254752639448 0.000417104405642021 0.000671967114612926 0.00019272226600151 0.000839373157941736 0.00103603514144197 0.00955420732498169 0.0799346577376127 0.210790149867535 0.0928817503154278 0.0107416835613549 0.00308940216782503 0.00159174540312961 0.00132815591059625 0.00146094630472362 0.00477741977665573 0.00511769750155508 0.00631964051863179 0.000505719469219912 0.000413949335779762 0.00154039989283774 0.00127345256332774 0.000787751150619442 0.000796997245038256 0.000954650025960291 0.000519113679183647 0.000168292387752444
-9999 -9999 -9999 -9999 -9999 -9999 -9999 -9999 -9999 -9999 -9999 -9999 -9999 0.000800701274420135 0.000126562239165651 0.00042813779291464 0.00516518694348633 0.00727228363975882 0.00661978791467845 0.0166225046850741 0.00934408870525658 0.00146411441819509 0.012831780873239 0.000374981307686539 0.000978271734493319 0.000287149494033656 0.000167369441442133 0.000465516837721225 0.00373403647099622 0.196080561727285 0.0559021316468716 0.00361388521268964 0.000555720704142004 0.00166685966541991 0.00114062785869464 0.00151162388501689 0.00135454717674293 0.000258347418275662 0.000172985466633691 0.000188083625835134 0.000151466702664038 9.49595348174626e-05 0.000127329367387574 0.000120546003745403 0.000176341922997381 0.000146293709622114
-9999 -9999 -9999 -9999 -9999 -9999 -9999 -9999 -9999 -9999 -9999 -9999 -9999 -9999 0.295296008884907 1.8825306369763e-05 8.72206430358347e-05 0.000271919314400293 0.0198608568869531 0.00100991730432725 0.0336753983050585 0.0530779790133238 0.000361851490015397 0.000730301690055057 0.000293282279380946 0.0330292025581002 0.00265091202454641 0.000442995579942362 0.000247568451595725 0.000415550631441874 0.0411157619208097 0.279658757150173 0.0969490706920624 0.05283880867064 0.0188193760812283 0.00763487410731614 0.02186144227162 0.00729678950738162 0.0156656525097787 0.0516923628747463 0.0112253862433136 0.000392892196396133 0.000760561198694631 0.00371863427571952 0.00572737746406347 0.00642098130192608
-9999 -9999 -9999 -9999 -9999 -9999 -9999 -9999 -9999 -9999 -9999 -9999 -9999 -9999 -9999 -9999 0.570448714494705 1.25847283243274e-05 5.9987717486365e-05 0.00150962666957639 0.0012710792478174 0.0195820962078869 0.0549712378531694 0.041929005458951 0.0202600576914847 0.0277218818664551 0.0363053038716316 0.0181667775847018 0.021876513119787 0.0113835802068934 0.000359084306910518 0.00155199002183508 0.00160515304596629 0.00137574842083268 0.00048837921822269 0.0337753653526306 0.013988336105831 0.00535488630412146 0.00400474264461081 0.407217958569527 0.0968593794852495 0.0171386135276407 0.0186092065647244 0.0392372233793139 0.412536951899528 0.23565613552928
-9999 -9999 -9999 -9999 -9999 -9999 -9999 -9999 -9999 -9999 -9999 -9999 -9999 -9999 -9999 -9999 -9999 1.97321813857343e-05 6.40379868855234e-05 0.000324265967356041 7.85759722930379e-05 6.32948582278914e-05 0.0016562748234719 0.0131180260330439 0.000414420494053047 0.000571159337414429 0.0167574900202453 0.00584836406633258 0.0324894823133945 0.0304274927824736 0.000497221940895543 0.000102836705627851 0.00357401972287334 0.00299655926064588 0.000136228186602239 0.0822554357349873 0.000229112731904024 0.131499959528446 0.00405830399831757 0.000728613838873571 0.00111992338934215 0.000720715298302821 0.0517821863293648 0.221754475682974 0.116480616107583 0.123799841478467
-9999 -9999 -9999 -9999 -9999 -9999 -9999 -9999 -9999 -9999 -9999 -9999 -9999 -9999 -9999 -9999 -9999 0.0111954963300377 5.92519750739484e-06 3.18027905450435e-05 1.15790840482077e-05 1.69617833535085e-05 2.39354265431757e-05 1.70660667208722e-05 1.26550121876789e-05 0.000231326749053551 0.0184347451664507 0.0121491997502744 0.0116222907789052 0.0272159699350595 0.0180655753239989 0.0329517550766468 0.0476124815642834 0.0107306591235101 0.0316672097891569 0.20223271548748 0.0928377762436867 0.0381583619862795 0.109186788648367 0.000328351684584049 0.00333600922022015 0.0595236659049988 0.000406484382619965 0.14172450453043 0.0667136793956161 0.00414143333910033
-9999 -9999 -9999 -9999 -9999 -9999 -9999 -9999 -9999 -9999 -9999 -9999 -9999 -9999 -9999 -9999 -9999 -9999 3.69420908441498e-07 3.09719241613493e-06 1.69451483543526e-05 2.57044143836538e-05 2.03596934625239e-05 8.23140208012774e-05 7.44357456824218e-05 1.08645038153554e-05 1.84520093171159e-05 0.000225864164531231 0.00205864799791016 0.00120674908393994 0.00242341023404151 0.0110498331487179 0.0131855625659227 0.0217759748920798 0.0323508467525244 0.0445837583392859 0.0254608838818967 0.0222033089026809 0.0248206218704581 0.0138039526995271 0.0330698946490884 0.0088441276922822 0.0272637783549726 0.148448984697461 0.000877285817114171 0.000507854044917622
-9999 -9999 -9999 -9999 -9999 -9999 -9999 -9999 -9999 -9999 -9999 -9999 -9999 -9999 -9999 -9999 -9999 -9999 0.000257377473462839 2.04604375824147e-06 1.21396716622257e-05 1.6490266443725e-05 1.42128582865553e-05 4.58358536889136e-05 6.88585499119654e-05 3.84448567274376e-05 3.89423987144255e-05 9.24777919863118e-05 0.000443327514221892 0.00203341284068301 0.00232852961635217 0.00708279837854207 0.0136322296224535 0.00570645001716912 0.00491192360641435 0.00391175338299945 0.00245922893518582 0.00827823672443628 0.00156389409094118 0.000206692282517906 0.000224655831698328 0.000859144510468468 0.0377603834494948 0.0231754960492253 0.0511739550158381 0.149908808618784
-9999 -9999 -9999 -9999 -9999 -9999 -9999 -9999 -9999 -9999 -9999 -9999 -9999 -9999 -9999 -9999 -9999 -9999 -9999 7.73388478592096e-06 3.63722703696112e-05 0.000930048432201147 0.00174918153206818 0.102576765418053 0.156398959457874 0.0212560837157071 0.0848792240023613 0.00453549600206316 0.00874630152247846 0.122891795635223 0.0215214291587472 0.0366061462089419 0.025791650172323 0.00435894548427314 0.00437540567945689 0.00909856441430748 0.00102796504215803 0.00231676808325574 0.00411240371176973 0.00167587260366417 0.00091536668187473 0.000195575978432316 0.000551643295329995 0.000163605587295024 0.000832495413487777 0.0238688342273235
-9999 -9999 -9999 -9999 -9999 -9999 -9999 -9999 -9999 -9999 -9999 -9999 -9999 -9999 -9999 -9999 -9999 -9999 0.00801314846612513 1.81295305537787e-05 0.0183921929448843 0.144642453640699 0.157911971211433 0.200652186572552 0.33657456189394 0.486394548416138 0.347306883335114 0.316101141273975 0.325961980223656 0.380615097284317 0.404040288925171 0.506715714931488 0.356360220909119 0.0479341585189104 0.0212834211066365 0.0026310124900192 0.00972857467568247 0.0110625996429007 0.00125516479020007 0.00166581038502045 0.00218362584710121 0.000339982743025757 0.000125126064449432 0.000182574000064051 0.000274911019369028 0.000139298308204161
-9999 -9999 -9999 -9999 -9999 -9999 -9999 -9999 -9999 -9999 -9999 -9999 -9999 -9999 -9999 -9999 -9999 0.0743134934455156 2.58476909948513e-05 0.000213856966001913 0.0101521875243634 0.0329928023740649 0.109645036607981 0.140614262223244 0.549211671948433 0.825061696767807 0.240283700823784 0.809058851003647 0.576229608058929 0.299296712875366 0.20114334076643 0.537749862670898 0.279892349243164 0.0176141199655831 0.00476264616008848 0.00119748167926446 0.000896895211189985 0.000967989865057461 0.00214806500298437 0.000874292416847311 0.0011417381290812 0.000612052938959096 0.000607273378409445 0.000577847304521129 8.6631994417985e-05 0.000190749019384384
-9999 -9999 -9999 -9999 -9999 -9999 -9999 -9999 -9999 -9999 -9999 -9999 -9999 -9999 -9999 -9999 -9999 3.64589433957008e-05 0.000273558300250443 0.19937612041831 0.206117917597294 0.372307261824608 0.261424697935581 0.0908518720418215 0.327177160978317 0.198907339572906 0.206710657477379 0.680457466840744 0.047209591884166 0.406004783511162 0.256491409242153 0.167294092476368 0.167040245234966 0.0053047678200528 0.000519979558885098 0.000388437378569506 0.000186719632256427 0.00085786206764169 0.000509523798245937 0.00107012832595501 0.000155428519792622 0.000109699138192809 0.000247593595850049 0.000174121482268674 0.00122182174236514 0.000677065868512727
