Maxent_result_files_2/B_distinguendus_3.asc
NCOLS 594 
NROWS 330 
XLLCORNER -15 
YLLCORNER 23 
CELLSIZE 0.166666666666667 
NODATA_value -9999 
[rows 60 to 79 of 330, columns 322 to 367 of 594]
0.0657473083585501 0.0569872533902526 0.0621376883238554 0.0734164576977491 0.0888760399073362 0.101336020976305 0.117311216145754 0.150303100049496 0.168886011093855 -9999 -9999 -9999 -9999 -9999 -9999 -9999 -9999 -9999 -9999 -9999 -9999 -9999 -9999 -9999 -9999 -9999 -9999 -9999 -9999 -9999 -9999 -9999 -9999 0.0239087361842394 0.0617618717253208 0.0385558109730482 0.0373656783252954 0.0351413760334253 0.0352767769247293 0.0360581554472446 0.037367539294064 0.0373559527099133 0.0381158227100968 0.0422783939167857 0.0543976796790957 0.0530796118080616
0.0391051799058914 0.0369759765453637 0.0496317161247134 0.0500802321359515 0.0541774198412895 0.0622483659535646 0.0830198358744383 0.102147096768022 0.118979972973466 0.128934917598963 0.215190851688385 0.0939356319606304 -9999 -9999 -9999 -9999 -9999 -9999 -9999 -9999 -9999 -9999 -9999 -9999 -9999 -9999 -9999 -9999 -9999 -9999 -9999 -9999 -9999 0.033103196695447 0.00845192412380129 0.0303788320161402 0.0191422024741769 0.0217641077935696 0.0267394136637449 0.0313242357224226 0.143571924418211 0.0565101580694318 0.0350453100167215 -9999 -9999 -9999
0.0399026859551668 0.0367299447767436 0.0422430887818337 0.0434337321668863 0.0432569151744246 0.0463149366900325 0.0516042318195105 0.0575927460566163 0.0725463606417179 0.0831222832202911 0.108766692131758 0.0874901484698057 0.138915737718344 0.115476982295513 -9999 -9999 -9999 -9999 -9999 -9999 -9999 -9999 -9999 -9999 -9999 -9999 -9999 -9999 -9999 -9999 -9999 -9999 0.0490760002285242 0.0412814101204276 0.0378546752035618 0.00206808964139782 0.00207972369680647 0.00574477536138147 0.00396961451042444 0.0260617134161293 -9999 -9999 -9999 -9999 -9999 -9999
0.0233270616270602 0.0288694956339896 0.0375120745040476 0.0312719839625061 0.0313086511567235 0.032584136351943 0.0382374355569482 0.041524195112288 0.0472216306254268 0.0528072686865926 0.0571474706754088 0.0729539074003696 0.0705345530062914 0.144433172047138 -9999 -9999 -9999 -9999 -9999 -9999 -9999 -9999 -9999 -9999 -9999 -9999 -9999 -9999 -9999 -9999 -9999 0.113187810778618 0.0469776785001159 0.0360471065156162 0.0354273442178965 0.000263964880650747 0.00559590429766104 0.0233896825928241 -9999 -9999 -9999 -9999 -9999 -9999 -9999 -9999
0.0307526072487235 0.0217344308272004 0.0292507843114436 0.0390468281693757 0.0491696115583181 0.0326774762012064 0.038809273019433 0.033874393068254 0.0345184122212231 0.0406781913712621 0.0452952461317182 0.0522053331136704 0.0382920799776912 0.0901757646352053 0.262316398322582 -9999 -9999 -9999 -9999 -9999 -9999 -9999 -9999 -9999 -9999 -9999 -9999 -9999 -9999 -9999 -9999 0.0509382367134094 0.0660787966102362 0.0451278010383248 0.0377989068627358 0.0360246948897839 0.0274781199172139 0.00236969195539132 0.0266150747425854 -9999 -9999 -9999 -9999 -9999 -9999 -9999
0.0417048899456859 0.0242902935482562 0.0394028089940548 0.032882827334106 0.0413875367492437 0.0256601608358324 0.0458146631717682 0.0443767359480262 0.0511412177234888 0.0335502193309367 0.0486192366108298 0.0386544242501259 0.0466718327254057 0.045533774793148 0.0672878473997116 0.101924016326666 -9999 -9999 -9999 -9999 -9999 -9999 -9999 -9999 -9999 -9999 -9999 -9999 -9999 -9999 -9999 -9999 -9999 0.04766955524683 0.0119390410371125 0.00801237914711237 0.00237912460870575 0.00214593476121081 0.00229150578379631 0.00147156584425829 0.0017913487055921 0.00521886053029448 -9999 -9999 -9999 -9999
0.0403045998886228 0.0361415000632405 0.0321403532288969 0.0210903147235513 0.0200240383855999 0.0236340126954019 0.0241831947118044 0.0281586883589625 0.0317767589353025 0.0284794460982084 0.0301085816696286 0.0369312547147274 0.0377843618392944 0.0232661666348577 0.0417736772447824 0.121039296686649 -9999 -9999 -9999 -9999 -9999 -9999 -9999 -9999 -9999 -9999 -9999 -9999 -9999 -9999 -9999 -9999 -9999 -9999 -9999 0.0374521659687161 0.0197310166899115 0.00752924303524196 0.00600631013512611 0.00138949070678791 0.00143750915158307 0.00192435528006172 0.00943591251270845 -9999 -9999 -9999
0.0354800154455006 0.034761858265847 0.0204161062836647 0.0456194065511227 0.0497580464929342 0.035533825866878 0.0582392953336239 0.0310567753389478 0.0442808175459504 0.0317761028185487 0.0321291653439403 0.0396720420569181 0.0577120997011662 0.0601435251533985 -9999 -9999 -9999 -9999 -9999 -9999 -9999 -9999 -9999 -9999 -9999 -9999 -9999 -9999 -9999 -9999 -9999 -9999 -9999 -9999 -9999 0.00924517349340022 0.0178074814844877 0.00148660558770644 0.00141671657911502 0.00821503484621644 0.00722805375698954 0.0111388718243688 0.00459957253187895 0.00532176874112338 0.00657779518514872 0.00736945217940956
0.0481083869934082 0.0385565102100372 0.0360206037759781 0.0437427328899503 0.039399185590446 0.0371193041093647 0.0603297792375088 0.0424347229301929 0.0390216132625937 0.0146968239918351 0.0630807217210531 0.0395434970036149 0.180903026461601 -9999 -9999 -9999 -9999 -9999 -9999 -9999 -9999 -9999 -9999 -9999 -9999 -9999 -9999 -9999 -9999 -9999 -9999 -9999 -9999 -9999 0.0295912020839751 0.0115473371464759 0.00744423451833427 0.0112238221801817 0.00737442788667977 0.0118058572988957 0.00633427361026406 0.00676994945388287 0.00600200158078223 0.00949749033898115 0.00362506867386401 0.00878452295437455
0.0154052412137389 0.0550943851470947 0.0630077883601189 0.0285177120007575 0.0394212294369936 0.0172605687752366 0.0519824434071779 0.0522190803661942 0.0813531704246998 0.108025486767292 0.120466954633594 -9999 -9999 -9999 -9999 -9999 -9999 -9999 -9999 -9999 0.0353418415412307 0.000860729564737994 0.000153473629688961 0.0226952843368053 -9999 -9999 -9999 -9999 -9999 -9999 -9999 -9999 -9999 0.0277023925445974 0.00856902317609638 0.00575566294137389 0.0120028303470463 0.0387717895209789 0.0298835025168955 0.00879924073815346 0.00822922899387777 0.00694986642338336 0.00723587749525905 0.0104782342445105 0.00760658748913556 0.0141496846918017
0.0185127946548164 0.0839402094483375 0.020286160055548 0.0597213458269834 0.0146657029166818 0.0332048030570149 0.105066130310297 0.0754272967576981 -9999 -9999 -9999 -9999 -9999 -9999 -9999 -9999 -9999 -9999 -9999 0.0157241680659354 0.0223579455167055 0.0180978000164032 0.0136171131394804 0.0135597844142467 0.00922370047774166 0.0143299433402717 0.0112061034888029 0.0134116256143898 0.0196221929974854 0.00213187000481412 -9999 -9999 -9999 0.0142041055019945 0.0105045296717435 0.020172029081732 0.0156560718081892 0.0134366947691888 0.0134957347996533 0.0134924164041877 0.0139127959962934 0.012187283905223 0.0112161049153656 0.0118374482728541 0.0099236496258527 0.0161921525839716
0.248460805416107 -9999 -9999 -9999 -9999 -9999 -9999 -9999 -9999 -9999 -9999 -9999 -9999 -9999 -9999 -9999 0.112290148809552 0.0190941411070526 0.0477381389588118 0.0684355892241001 0.0629937782883644 0.036330065317452 0.00325078827154357 0.0126618524082005 0.014445730810985 0.00956010094378144 0.0144111700356007 0.031986009888351 0.022752376832068 0.0155244275927544 0.00822313197422773 0.013534287083894 -9999 0.0163431086577475 0.0109034830704331 0.0187609168235213 0.013250840594992 0.0164413270540535 0.0133371290750802 0.0112964917905629 0.0118693911004812 0.0125039568636566 0.00822760346345603 0.0135416468139738 0.0904554132372141 0.0147003209218383
-9999 -9999 -9999 -9999 -9999 -9999 -9999 -9999 -9999 -9999 -9999 -9999 0.0239599415566772 0.0338760458864272 0.196790756285191 0.113223292678595 0.108063346147537 0.0634906746447086 0.0352113600820303 0.0478652983903885 0.121663995087147 0.124040220305324 0.0419638432562351 0.0334801192395389 0.0177462494932115 0.0171468008775264 0.0118421147111803 0.0252407942898571 0.0311713098548353 0.0169411638285965 0.0098122431198135 0.0193676373921335 0.012310227798298 0.00082050291239284 0.0135564150754362 0.0941639930009842 0.0158665421884507 0.0230031184852123 0.0195428668521345 0.0117709662299603 0.014945268118754 0.0146458760369569 0.0126671139616519 0.0139620320405811 0.0111589899752289 0.00739263915456831
-9999 -9999 -9999 -9999 -9999 -9999 -9999 -9999 -9999 -9999 0.321103006601334 0.20488153398037 0.138664267212152 0.19013447239995 0.145885970443487 0.131015584617853 0.0761662755161524 0.0285315726883709 0.0288219187408686 0.0247292126528919 0.121362709999084 0.104137816280127 0.022279879078269 0.128996293991804 0.167038759589195 0.180761542916298 0.0222353263758123 0.0369948480278254 0.0500639010220766 0.0209526192396879 0.00615881306584924 0.0156722381711006 0.0108094251714647 0.0253281612880528 0.0212307525798678 0.014021382946521 0.0487839544191957 0.013148128380999 0.017428621603176 0.0215847255662084 0.0230410355143249 0.015876226965338 0.00934367114678025 0.00981375025585294 0.00907113708090037 0.0134289316833019
-9999 -9999 -9999 -9999 -9999 -9999 -9999 0.559100967645645 0.0792219042778015 0.0246652321424335 0.141706427186728 0.0879608757793903 0.0566148331388831 0.170360907912254 0.0823036763817072 0.0488185789436102 0.063278085924685 0.0744855538010597 0.178646250814199 0.105087063461542 0.0645054202526808 0.113709846884012 0.192036023736 0.2413433983922 0.20334040671587 0.199779134988785 0.188942551612854 0.033037830516696 0.0170442725066096 0.0289810297079384 0.0188532055355608 0.00926081188954413 0.0089802008587867 0.012355707352981 0.00785828138468787 0.0617172058671713 0.00676226981449872 0.0151402453426272 0.0167252116836607 0.0156940542627126 0.0250403348356485 0.0117535281460732 0.012760411016643 0.00910458785947412 0.0126389678101987 0.0210781455971301
-9999 -9999 -9999 -9999 -9999 -9999 0.615385988354683 0.341421103477478 0.255967734754086 0.0721504218876362 0.243962380290031 0.172316752374172 0.0421774733811617 0.154094692319632 0.176630797982216 0.139852836728096 0.326936297118664 0.23530520349741 0.266707837581635 0.0282349241897464 0.0343010561540723 0.0340717613697052 0.164925897866488 0.184004391729832 0.10658131018281 0.170889796316624 0.236409379541874 0.167172951251268 0.0292259650304914 0.0405812842771411 0.0457549247890711 0.0762375421822071 0.0258041973225772 0.0107600363902748 0.00645801955834031 0.0163298699073493 0.0171349768992513 0.0119579649530351 0.023277382645756 0.0307489100843668 0.0190264829434454 0.0554716031998396 0.012708312808536 0.0201066180132329 0.0187985510565341 0.0295828555710614
-9999 -9999 -9999 -9999 -9999 -9999 -9999 0.695812779664993 0.263531792163849 0.169081758707762 0.0677345164120197 0.04486268106848 0.0426352165639401 0.0873927567154169 0.189845438301563 0.210432666540146 0.285315048694611 0.155233797430992 0.0424350392073393 0.0438446447253227 0.0728910379111767 0.160911639779806 0.0916833214461803 0.0282688062638044 0.113170332461596 0.220544022321701 0.194956083595753 0.015680269850418 0.0314071089029312 0.0481248531490564 0.0220898169092834 0.0675562117248774 0.0432666778564453 0.0358481739647687 0.0319585151039064 0.0236062534153461 0.0178494603838772 0.0163958897814155 0.0498526385053992 0.0404640395194292 0.0149911956861615 0.0178681321442127 0.0201069610193372 0.0185547293163836 0.0118262821342796 0.0426234379410744
-9999 -9999 -9999 -9999 -9999 -9999 -9999 -9999 -9999 0.0571648278273642 0.240909452736378 0.147487092018127 0.421264272928238 0.22941934093833 0.262451580166817 0.183990731835365 0.211804631352425 0.17243031039834 0.0761283870786428 0.0423884747549891 0.0576341960579157 0.121999313682318 0.0690612934529781 0.189095111191273 0.295208230614662 0.343982824683189 0.0372693924233317 0.0424577757716179 0.0793215915560722 0.172621461749077 0.0350494815036655 0.0176520568318665 0.123925129324198 0.0676473831757903 0.0266539718024433 0.0238372942432761 0.047596076130867 0.0632176456972957 0.0472816301509738 0.131067391484976 0.171466858685017 0.0468159737065434 0.045475435629487 0.0207054708153009 0.059620170108974 0.11973465718329
-9999 -9999 -9999 -9999 -9999 -9999 -9999 -9999 -9999 -9999 0.115391519293189 0.301478490233421 0.158992295712233 0.0546811787411571 0.208254206180572 0.114412946999073 0.0714654937386513 0.0519228404387832 0.261118613183498 0.075523779541254 0.258287078142166 0.0842795390635729 0.128282624483109 0.330707770586014 0.345503976941109 0.428448948264122 0.345770052075386 0.288328595459461 0.322395876049995 0.184008572250605 0.0379887174814939 0.0700971942394972 0.0278170795179904 0.0824002888053656 0.0544541176408529 0.0336196465417743 0.0311591824516654 0.0185650508850813 0.0183212850242853 0.0292399254627526 0.279887776076794 0.172061828523874 0.0990999322384596 0.0604462066665292 0.0212821211665869 0.0426728392019868
0.227292968332767 -9999 -9999 -9999 -9999 -9999 -9999 -9999 -9999 -9999 0.0918385170400143 0.108560897409916 0.120412459224463 0.0883009940385819 0.0726510085165501 0.299965201318264 0.161475827544928 0.23404860496521 0.0454616630449891 0.0255011403933167 0.0513598669320345 0.107477239146829 0.0910409659147263 0.111107954755425 0.32220624089241 0.291376052796841 0.352238738536835 0.297414343059063 0.245900516957045 0.214044589549303 0.0613837400451303 0.063218517228961 0.026238792669028 0.0522025482729077 0.0128207943867892 0.0392235981300473 0.0254757483489811 0.0485919538885355 0.0606806376948953 0.059361432492733 0.0522449651733041 0.0490253634750843 0.0732489623129368 0.0663182051852345 0.0314365708269179 0.0359000632539392
