Maxent_result_files_2/B_flavidus_2.asc
NCOLS 594 
NROWS 330 
XLLCORNER -15 
YLLCORNER 23 
CELLSIZE 0.166666666666667 
NODATA_value -9999 
[rows 100 to 119 of 330, columns 450 to 494 of 594]
0.000306656958309759 0.000543750623910455 0.000192062407586491 0.000158253245899687 0.000180683323515041 0.000154662955901586 7.0866307646611e-05 2.06367208193114e-05 1.08134508352009e-05 5.05392309605668e-05 2.9534168706391e-05 1.47136587344221e-05 1.31550450703344e-05 3.61079488024885e-06 1.84266351936913e-05 7.64683861916637e-05 9.17906284030323e-05 2.63498956172725e-05 0.000561293449572986 0.00081871144939214 0.000164939647493156 0.000154891785132349 0.000723119018948637 0.000357416825863766 5.92464830788231e-05 0.00279213397880085 0.00192709872499108 0.000385341611399781 0.00099174038041383 0.000332020287078194 0.000578991786096594 0.00051784891556963 1.44776199277885e-05 6.56191815039619e-05 0.000434748121597295 5.21697295425838e-05 8.63676505559852e-05 0.000251562165612995 0.00136660517891869 0.000471315790309745 0.000103523267171113 1.32942023725491e-05 5.7941204954659e-05 9.69580288938232e-05 5.28792202317163e-05
0.000301341934937227 0.000624092226644279 7.3438311164864e-05 0.000134138822977548 0.000321185992015671 0.000215479609050817 0.000162097990414622 6.28222797104172e-05 8.31010972660806e-05 0.000120507699875816 0.000107418368224899 0.000113902201223937 0.000127247024647659 0.000299999950402707 1.80107473056523e-05 0.000110767367641529 0.000257264986248629 0.00061138695164118 0.000157568722534052 2.3617501497597e-06 5.99403479668581e-06 8.00864528969214e-06 4.51042223176046e-05 9.68951055483558e-05 1.57284031487848e-06 9.2700924710698e-06 0.000105385821393611 0.000194664731316152 7.87668629982363e-05 0.000257455708333509 0.000147795497537118 0.000109478043432887 0.00010336246539282 0.000199158503869512 0.000473609206824221 0.000357740178003496 9.85498858426581e-05 6.77857501614199e-05 0.00129239742927894 0.00292588609736413 0.000274631843331008 3.62407482953131e-05 3.87764555284775e-05 5.57175730790505e-05 3.24396603196275e-06
0.000184017300671258 0.000204232565647544 0.000158880934532135 8.97705410579874e-05 4.76470097964921e-05 0.000313245275538065 0.000186324161040829 0.000171233125001891 7.9375921927749e-05 8.7370155233657e-05 6.8356971837602e-05 6.03069992735072e-05 8.02911757091351e-05 1.61868659120046e-05 5.74916481355103e-05 3.16533557111143e-05 3.49973932536329e-06 1.11094444875448e-05 3.39052788945082e-05 1.67413212011525e-05 4.23536176924699e-05 1.49785007323544e-05 1.60809910560999e-06 3.73684346897107e-06 9.64271311545417e-06 1.30144039349744e-06 1.61352651966595e-05 5.15303168654668e-05 5.73004395050702e-05 0.000103799467933641 0.000120987854671739 8.95952843777081e-05 6.44358626033181e-05 2.62003473629591e-05 4.51643451668815e-05 4.03075093437621e-05 3.61060774245914e-05 4.337748965213e-05 0.000322840549233661 0.000190172064867511 0.0075150266115088 0.00205021713918541 0.000119630938570481 1.12598258875884e-05 4.57614661776518e-05
0.000109062893670853 0.000141998997332848 5.89890393030146e-05 0.00011429202081672 0.000174897022861842 0.000179788572040707 0.000163731199427275 0.00010946093898383 5.40544484010752e-05 9.06320239437264e-05 7.18848696919849e-05 1.14942012146457e-05 1.13809508054175e-05 1.24716636989319e-05 1.5436490386378e-05 9.14060628733893e-06 3.765306706498e-05 1.82359260660903e-06 5.1036175986674e-06 4.19762478927055e-05 6.87170076503207e-05 0.000180848208424322 7.79868037284359e-05 0.000301611909844723 5.20080660862732e-05 4.33937929589234e-05 4.26852872741357e-06 1.59217074312323e-05 6.63169027291133e-05 5.70581069251119e-05 1.57985578145059e-05 2.81697929752522e-05 1.00730861385401e-05 2.24414258958916e-05 0.000152409725163238 0.000116446108863499 7.17538967216491e-06 2.00063048250598e-05 1.59282115230752e-05 4.56130951292266e-05 3.13465812894265e-05 0.0004084703842409 4.87364183541672e-05 7.35290658610666e-05 9.43498039404744e-05
0.000120716953438205 0.000166541175667589 9.64847143450243e-05 8.7366998923244e-05 1.25539282663567e-05 0.000115743082324116 0.000104212815313076 0.000270076546757991 0.000152653430995997 0.000292688507033745 0.00012134708922531 0.000131061390857212 0.000401087664795341 3.59161704579947e-05 9.62523739644894e-05 0.000130302402658344 5.8375652849918e-05 1.52574420884122e-05 0.000145729371183734 5.12456410774575e-05 0.000204002322993801 0.000240183323813881 0.000131004620155295 5.74122443083525e-05 0.000850467579152792 6.29720518567467e-05 1.11099263451209e-05 1.52311277344275e-05 9.04874686433743e-05 9.03485771137635e-06 1.23196975902573e-05 5.1985762329565e-06 3.07771185944716e-05 2.53944835236553e-05 0.000113741700079117 4.00550313084835e-05 8.62505063903285e-06 4.53217121312299e-06 6.66278784695606e-06 1.491182266804e-05 2.9047487790379e-05 1.84194956828421e-05 0.000100623565387536 0.000546907687271414 5.20299052141127e-05
0.000107508697465164 0.000150790103771214 9.19487294368082e-05 5.76794451148999e-05 0.000113887961651926 0.000263373213510931 4.76605963285692e-05 2.46085076980762e-05 5.83784579703206e-05 6.59351769854766e-05 7.30213336737506e-05 6.93940231826673e-05 7.36417087523478e-05 7.66886227324903e-05 0.00100466857693391 0.000170554090891528 0.000573933436680818 6.85949211117531e-05 4.5964444956681e-05 5.21246377033435e-05 0.000105344463258916 1.48598823752621e-05 0.000149027945778357 0.000262890640794922 4.67323612475923e-05 3.25012803685354e-05 0.000316943016176197 0.000109608567413488 4.74941914061944e-05 4.10165720069244e-05 8.95140897694269e-06 1.99116336300875e-05 2.29384126402721e-05 3.47987986998533e-05 6.06068818832739e-05 9.28948667052509e-05 5.97335020778189e-05 4.08699609348417e-05 1.43241004852968e-05 1.92246676771646e-05 1.04419150372514e-05 0.00049101463309853 0.000578644914708093 0.000629059363632223 0.000170754778469018
0.000134594198607374 0.000118168883363978 9.51092236846307e-05 7.96683205976478e-05 7.6980218409517e-05 9.10903904838278e-06 0.000333259747094417 3.83244954832662e-05 7.12441210794168e-05 2.96814353624164e-06 7.25023374452682e-06 5.66460012194625e-06 1.94777257604528e-05 2.78308275653671e-05 7.25344804209271e-05 7.13986442860914e-05 0.000549088290063082 0.000182934933218348 1.19867883949354e-05 3.05237182566032e-05 2.86898970871974e-05 2.40650741550885e-06 1.28077737066024e-06 9.41383683311869e-05 2.73647590532278e-05 1.8922212525041e-05 1.14798318907816e-05 2.34222756665403e-05 5.17540628688806e-05 7.67232380745497e-05 6.73286406230877e-06 9.4650032311705e-05 3.7308612079201e-05 4.24700222113827e-05 0.000129696651612221 0.00012356011137129 9.54274754640494e-05 5.72688885124961e-05 9.73495475619757e-05 0.000681663602188109 0.000101474739174279 0.000108899692092734 0.000235588058646385 0.000105594915778795 0.000498051508418484
0.000249876715406572 0.000124737177179668 8.82845658225051e-05 5.72627174051377e-05 4.00185791704644e-05 2.61256067290105e-05 7.15975669891122e-05 1.53588318276832e-05 2.47048201238442e-06 2.29432151733988e-05 4.21956075532526e-06 8.94304608607399e-06 4.93602398933035e-05 8.56900092912838e-05 2.26382355335009e-06 1.89794167448909e-06 1.08255745786323e-05 0.000322150511533437 0.00241325800161576 0.000133015318277785 6.06768346884223e-05 6.45257786572984e-05 4.12931012134798e-06 3.26270024615383e-06 3.15092704965991e-05 1.8375526158465e-06 4.40312729288461e-07 1.34773040255887e-05 0.000102415834976455 0.000157804992386446 0.000141390551902987 0.000133194867589737 0.000233814107338048 0.000123774300199386 0.000232956143540264 0.000107784747389417 3.64411026209765e-05 0.000137163727488598 4.81743539914703e-05 0.000414036287827457 0.000157274302303279 7.00518528965688e-05 5.80350024705467e-05 0.000104595540837238 3.26706842695756e-05
0.000230660652050574 0.000130727369287342 0.000115445833557715 0.000132045395503155 7.47112876069878e-05 5.15654461764825e-05 6.88962864046516e-05 1.30431722421775e-05 1.21498718741009e-05 1.49584896263377e-05 4.51711728175042e-05 0.000182509129126629 1.70681242741999e-05 2.17309366259855e-05 2.99830241798915e-06 4.94520472472004e-05 5.63008921915298e-05 3.69390821858273e-06 6.12754465841192e-05 0.000261542463158548 0.000209259863413536 3.5716994478463e-06 1.39172387095821e-06 5.44741580370101e-05 8.19032831032018e-06 5.24688683398722e-06 1.09480514083771e-05 3.13425357472141e-06 4.17656311725523e-05 2.78643555731151e-05 4.40782451960331e-05 3.30521352452706e-05 8.91809689527179e-06 2.12620141240905e-05 0.000178404451520464 0.000210694588582783 1.24081409634158e-05 9.22182365528101e-05 4.15116142015393e-05 8.1431059225423e-06 2.32933563895088e-05 0.000121397539793122 2.61863875493873e-05 2.99862735150924e-05 0.000105900606261855
0.000584565189910791 0.103406563808676 0.000100558447729782 0.000165186547110352 0.000117335229879245 8.39729371364228e-05 7.3713144206522e-05 5.77227227040566e-05 2.55577293913234e-05 2.1777378464094e-05 8.70851668075545e-06 6.67740207909162e-06 8.67935304540879e-05 8.75450781450127e-05 2.96928596754231e-05 2.70884829551843e-06 6.04897540071647e-05 1.14914996302673e-05 1.10178025876095e-05 3.11667913706515e-05 1.78143478620996e-05 5.37164275087321e-06 7.27824772283725e-05 1.57408493389966e-05 1.5463688268369e-05 8.63576282768008e-06 1.178762735492e-05 1.60175739040369e-05 0.000164320935709839 0.000220971282942628 5.52182955289027e-05 1.5435498255556e-05 8.01783474884132e-06 0.000240884153117804 6.79853791666574e-05 1.17195710201301e-05 0.000184983371518399 8.99145702831561e-05 0.000128883358307519 1.85549762482751e-05 2.62414978596581e-05 3.06917466666334e-05 8.75595874072488e-06 4.97828129586431e-06 1.17991659030814e-05
0.000153213650037287 0.000117628367320322 9.70907531154808e-05 0.00352392996192066 7.18717248219036e-05 7.79334060894143e-05 7.93520316960894e-05 3.06166719838075e-05 7.3874009285646e-05 3.81883490717883e-05 1.46224836655051e-05 1.50653526318933e-05 5.52222782594924e-06 1.51181265380274e-05 6.79896194810681e-05 0.00033410178784834 3.87485927433318e-05 3.45226519968378e-05 8.56591951778896e-06 2.10294719586557e-05 3.99533444294775e-05 4.84137209468827e-05 1.84724606121733e-05 3.8365787414385e-05 4.77175235538141e-06 1.38794679327425e-05 1.38325536930495e-05 3.12852423462573e-05 3.5911699319513e-05 4.13017039136321e-05 1.45975532873877e-05 1.09416268799123e-05 4.63269071815375e-05 4.25000231757622e-05 9.08294041664703e-05 0.000183908552844514 8.8169844764252e-05 8.54652780901688e-05 3.48711722523376e-05 1.61751921432085e-05 8.65067020292543e-06 3.53364415071056e-06 5.99918237806918e-06 4.9376398770562e-06 2.86575466899031e-06
0.000152895354403881 0.000112152411725219 4.8130849086192e-05 8.12670326467924e-05 0.00010941620334961 0.000234598843962885 0.000267250993056223 6.99632270993789e-05 1.59440488648244e-05 2.66707134624511e-05 1.40739808841772e-05 2.10548821399925e-05 1.60867599587888e-05 2.52139097447923e-05 1.23567129833191e-05 5.85924585152497e-05 6.11480770885464e-05 0.000166745166006876 9.15642960990226e-05 1.56010234633186e-05 0.000182372052677238 3.27459109144002e-05 5.59598148811347e-05 2.75137872847608e-05 0.00023789913575456 0.000318401505256816 4.01320259186377e-05 1.01792783884669e-05 7.1307917000496e-06 1.96903919402303e-05 1.37205371203208e-05 2.55962863320747e-05 7.5228065071542e-06 1.32401745275956e-05 5.71818564935711e-05 5.63294724770458e-05 8.71101607117453e-05 0.000138511877696601 1.43198891747076e-05 3.26657653451079e-06 5.44580353810886e-05 1.35410890202081e-05 1.7024656590614e-05 8.57082582417235e-06 4.00921112142072e-05
0.000185203100681974 0.000112583778400221 0.00011950575544688 9.30833525671915e-05 5.7745881917981e-05 5.7081855686647e-05 4.85563640040709e-05 3.77045795858066e-05 0.000167938873710227 4.46403203000045e-05 1.57258969700536e-05 0.00107955928615411 8.55963842695928e-05 4.2497514345996e-05 1.36180308942357e-05 6.76946906878584e-05 6.21043034129798e-05 5.77167678670776e-05 5.25316009543531e-05 5.10722409899245e-05 0.00015427204198204 0.000170423289910104 0.000101409719763978 6.09862879613843e-05 3.99198474640983e-06 1.55875969213071e-05 1.19989724346681e-05 9.1171664671208e-06 2.04838929334983e-05 1.22107707056784e-05 2.33800600369705e-05 2.74531968756264e-05 2.88868479149329e-05 3.3858477178228e-05 7.50191954597135e-06 1.75502215796541e-05 5.65219374948356e-05 2.28327369526937e-05 1.1655706549174e-05 7.01160811782398e-06 1.01488278537953e-05 3.1324143698086e-05 4.21388244561172e-05 2.25526356327777e-05 7.71263308942949e-06
0.000185568099777811 9.04925135728263e-05 0.000151182859372057 0.000108029524335507 0.000134042768468134 8.76768343118783e-05 8.1875838520773e-05 7.87469730994417e-05 0.000105709659192144 0.000452679617228569 0.000903468239630456 0.000378593180357711 1.90222913374782e-05 1.08291006656103e-05 3.63126817489956e-05 6.39607409539167e-05 6.86790305735485e-05 4.04442637488955e-05 6.14547041664082e-05 5.52900085835972e-05 7.17958272844044e-05 6.1813056322535e-05 5.37371447308033e-05 7.93851550042746e-05 1.26237311860677e-05 2.96168205295544e-05 1.01264196040063e-05 2.49086666266329e-06 2.50897975504927e-05 8.66826484561045e-05 1.44851341413954e-05 4.56642120711948e-06 3.70329952556148e-05 1.23833038842669e-05 1.49405455236007e-05 9.2298526164214e-06 1.39086139569145e-05 0.000457382626245817 6.15307253724495e-05 6.43390016454859e-06 2.07506534659618e-06 1.33696880035838e-06 5.26059492482744e-06 2.05933762199351e-05 1.07537483435061e-05
0.000190997177742247 0.000138586791945272 0.000178753244563268 0.000121032508877761 0.000127708626541789 0.000110595864293828 6.24345404617088e-05 8.7598633615471e-05 0.00012651105794248 7.97340149347292e-05 7.07791290096793e-05 1.9994370910581e-05 6.1129317441555e-05 2.03009056605197e-05 5.87888129302883e-05 5.87179543003913e-05 6.3508805260426e-05 8.48553914011063e-05 2.40366308162265e-05 5.70340837612093e-05 5.18395000085548e-05 4.5930782994219e-05 5.60855350613565e-05 2.91572424998776e-05 4.78668961591211e-05 1.06655138019107e-05 3.40724924285496e-05 1.36912518200916e-05 1.29447198780497e-05 2.3463986773109e-06 5.31827902761961e-05 6.56432469455126e-05 5.25636087105319e-06 1.36121539888734e-05 1.14810698406131e-05 2.00481227949467e-05 1.57966191721926e-05 0.000168167785159312 0.00028101778166274 0.000280482116249914 1.48914297620095e-05 7.0101206948614e-06 2.52762156087716e-06 5.95683654029955e-06 1.67551884445727e-06
0.000200444133588462 0.00016211751458286 0.000137548995053294 4.37418468123951e-05 0.000116065866677673 0.00012249859860276 9.44272680499125e-05 0.000116904176320531 9.22994857091908e-05 0.000106187962433069 0.000123803223050345 9.91116398836311e-05 6.01207078489097e-05 1.58546586021657e-05 2.31689532711243e-05 3.86509553834458e-05 4.77590400066674e-05 5.61379970463349e-05 6.07169774980321e-05 5.93497511999885e-05 3.83441722192401e-05 3.7199590263981e-05 3.11813657852156e-05 1.86063655924329e-05 1.15670492405684e-05 1.09641460468879e-05 2.35820239140594e-05 9.19849745013579e-06 6.38792854008585e-06 1.14791913006229e-05 3.64438748647444e-05 1.61968981387872e-05 1.37257687798709e-05 2.78265351023599e-06 7.07827809316441e-06 2.54527720699116e-05 3.29434126854267e-05 5.74940905039512e-05 2.11877951755923e-05 7.26119756322419e-06 6.22840688748738e-06 8.97453433594819e-06 1.74655972237758e-05 5.41053250572077e-05 2.01112704851791e-06
0.000324134700895229 0.000185090119975939 0.00058429694690858 0.000978277069225442 0.000121639257599782 0.000459389380739594 0.000129834381323235 0.000127204601949416 9.64403121770374e-05 9.03317843835794e-05 2.39789792829015e-05 8.04524116233551e-05 0.000101112851734797 7.70757395002875e-05 4.55674377349169e-05 1.23643027137632e-05 4.87577797116501e-05 5.73275495980852e-05 8.51741302085429e-05 5.44893747587594e-05 5.35161953280294e-05 1.82653107458464e-05 3.56838471816445e-05 1.87448551798752e-05 3.13593508963095e-05 2.5402860043755e-05 1.54102633075581e-05 2.48344270630696e-05 1.7480569476902e-05 2.08639202952554e-05 2.55262317978122e-05 2.01580595700079e-05 2.61732646791302e-06 3.42729790261398e-06 7.57506976323263e-07 1.848484671374e-06 6.60416538109665e-06 4.11217431839361e-06 4.04957312014176e-05 9.82371673643456e-06 1.65956527862221e-05 4.74544964230716e-06 4.92566246657056e-07 5.06680437739604e-06 2.507605561064e-05
0.000469668758335851 0.000179749265817009 0.000358361362395954 0.000155526094386005 0.000119570349284004 0.00015554291794615 0.000531770441375556 0.000156232650988386 0.000123989624717069 0.000196297655656963 0.000218483307344286 0.000114922804300477 7.7075882995814e-05 0.000107001319884148 6.51765236284518e-05 0.000314461892230611 0.000246246748429257 7.06992766026815e-05 7.97497988713758e-06 4.56190747854635e-05 2.82325592365851e-05 2.52376256170805e-05 1.65256227177224e-05 3.66420087345887e-05 9.96749777186778e-06 1.55914373010546e-05 1.34719768254854e-05 1.00774522294955e-05 1.8436623395246e-05 3.10921957904498e-06 2.26431998454624e-06 1.39938834266218e-05 1.1098030569201e-05 3.04115778533287e-05 1.10274259299104e-05 1.62475526991557e-05 6.15302480326818e-06 1.30443601854324e-05 6.54464647425357e-05 7.15230538568257e-06 8.2836072621717e-06 6.61128735277572e-06 2.93912353420467e-05 2.24293730601843e-06 8.48155727410926e-06
0.000222306892464985 0.00021725224214606 0.000181741566075289 0.000234400092449505 0.000200342696098232 0.000149911438847994 0.00025151759145956 0.000189646426588297 0.000112823589711297 0.000118446322539967 0.000206355785212509 8.87090032620108e-05 0.000109483219330286 7.72035646036784e-05 7.71247688703625e-05 7.97815960822845e-05 8.81322030636511e-05 4.73055061092964e-05 7.07095210827902e-05 9.22185774470563e-05 4.56999468440245e-05 4.64956612631795e-05 2.47469274142986e-05 5.25506039025458e-05 3.32290674862179e-05 2.80359518455953e-05 3.20752885215825e-05 3.09448197299389e-05 8.07523650223629e-06 2.99879111253176e-05 2.62187384433288e-06 5.13550567156074e-06 6.06795167783503e-06 1.37772883135767e-05 3.16995992079683e-05 0.000134338599127659 2.69192273179897e-05 9.74348402905889e-05 3.68300210766392e-05 4.06385407618615e-06 5.73729408648305e-06 1.91816705637393e-05 1.05541672505538e-05 2.27503226239989e-06 3.83289792367236e-06
0.000250551981025637 0.000259649128565798 0.000232514561594144 0.000791955237491493 0.000404069452179101 0.000164504769009 0.000199355274617119 0.000153273711111979 0.00012938613785991 0.000103854278177096 0.000116186764375925 4.97215393806982e-05 0.000170041049113934 4.68642436089794e-05 8.16726408856994e-05 8.21540244942298e-05 9.3924559973857e-05 0.000155945134156354 0.00030930864900256 0.000104555539071072 0.000105452209626833 0.000141063782904993 0.000288729346812033 5.43402374773905e-05 5.02535576742957e-05 2.98633953889293e-05 5.40441803842384e-06 3.56067224203116e-06 3.64695008784111e-05 1.97680720930293e-05 1.0375182455391e-05 0.0253767574715312 4.72658450007657e-05 6.14990970689178e-05 1.57792130920598e-05 4.04232697235329e-06 2.0381600603514e-05 8.47609034281049e-05 8.93790012924001e-05 2.19309008571145e-05 2.1388991706317e-05 1.74994775989035e-05 8.77337773165232e-06 2.7457970840139e-06 2.02526214380327e-05
