Maxent_result_files_2/B_flavidus_2.asc
NCOLS 594 
NROWS 330 
XLLCORNER -15 
YLLCORNER 23 
CELLSIZE 0.166666666666667 
NODATA_value -9999 
[rows 160 to 179 of 330, columns 135 to 179 of 594]
0.0178697900904808 0.00414555687748361 0.00670083090662956 0.014773796335794 0.0383968883659691 0.0233554511796683 0.0225617564981803 0.0233848330564797 0.0380293440073729 0.0121001563034952 0.00779093213786837 0.00362149902939564 0.0173669444804545 0.0299759675282985 0.00238375993212685 0.00571806572843343 0.00679897588925087 0.00476183385767399 0.000807887713825739 0.00140597061163903 0.000562425690732304 0.000365210811209504 0.000349854763734925 0.000487968181550968 0.000326648730819556 0.000680766350885387 0.00117660815530485 0.00231217018757608 0.00427235171512166 0.00193276719328423 0.000750689632377544 0.00104397944583781 0.00111978655844496 0.000984468289540352 0.00272905139420159 0.000800843048661348 0.00226099638390451 0.00104436118563171 0.00126573772577103 0.0038902445579879 0.000865659083331138 0.00430702063604258 0.000603520388722245 0.00175979834893951 0.00087819538189251
0.0272377972898539 0.00586285758181475 0.0206452853861265 0.00659107110113837 0.0214661539299414 0.00906710723647848 0.01939932157984 0.0240876629133709 0.0195790974888951 0.0152734803268686 0.0038786285698734 0.00287179951817507 0.00354927002917975 0.00668104168726131 0.00420936806476675 0.00247159575810656 0.00340580900847272 0.00192398147046333 0.00176322567949239 0.00107187229452776 0.00265230524996554 0.00280811294605314 0.000919416474130408 0.000828842703092447 0.00148969157449166 0.000848865988446068 0.000746819888938066 0.00250563318245138 0.00103222824353697 0.00225929938962395 0.00265067699786492 0.00125421047946759 0.00112496539004165 0.00278843683660028 0.00137855255754786 0.0015924974371329 0.00192615797868712 0.00105667260941118 0.00485909716153401 0.00203654517573639 0.00719513407093473 0.00412531137699261 0.00393344511885516 0.00262203931459979 0.00619367854269512
0.00942636070540175 0.00216485958226258 0.00971822659485042 0.0303389755659737 0.00632880844641477 0.00395890148356557 0.00307453799177893 0.00670783102978021 0.0059431356145069 0.008852803055197 0.00339938736779004 0.00481435150140896 0.00188918797648512 0.0131428763299482 0.00378077098866925 0.00277397193131037 0.0075129756500246 0.0120280610572081 0.00234541888730746 0.00626484501289042 0.00471585293965688 0.0063879096909659 0.00210939650569344 0.00333688470977904 0.00303798478344106 0.000576909285155125 0.00257481427688617 0.00383556838314689 0.000985126638642953 0.00416210378466175 0.00123499813773158 0.00496546177965058 0.00285914145141533 0.00671753431074649 0.00654144195914057 0.0109080626551986 0.00307872586281519 0.00322672918246099 0.00572757182599162 0.00145958934153896 0.00290267562959343 0.00267427935323212 0.0190631893696263 0.00518950963141833 0.00590195974655217
0.00517905466258526 0.00248490173253231 0.0028980651346501 0.00812739245593548 0.0119133104773937 0.00201972590293735 0.00558572449954227 0.0128601097676437 0.00445886680972762 0.00898805591277778 0.00908458402846008 0.0198959149420261 0.0113499484490603 0.00883734177332371 0.00538324265558003 0.00303271876473445 0.00613829086069018 0.00808107843622565 0.0176801060326397 0.00517874623983516 0.0206437478307635 0.00132888491862104 0.0091032741998788 0.00285170808783732 0.00308754503494129 0.00122875012821169 0.00237579509757779 0.00317728126942711 0.000805725033660565 0.00313837317880257 0.00599831420831833 0.0067510151748138 0.010996908089146 0.00194464251108002 0.0121867318201112 0.0125223590686801 0.0141323706600815 0.0291265918407589 0.00437996116702379 0.00692858400288969 0.00659934537252411 0.000954028184423805 0.0100778780295514 0.00140265787849785 0.0015408959297929
0.00483537276741117 0.00657777118030936 0.0138613448361866 0.00802969238429796 0.0048435203905683 0.0185638133436441 0.00969926718098577 0.0051896980687161 0.00283267929917201 0.00855582903604954 0.0108686008607037 0.0110836021398427 0.0185682878829539 0.0248546576243825 0.0106958040007157 0.0126620634373467 0.00749836718314327 0.00893183332518674 0.00235484951990657 0.141618361882865 0.114398505911231 0.0137153127929196 0.0331578898243606 0.0309981644502841 0.00231925966218114 0.00475077976007014 0.00342264844439342 0.0120412145799492 0.0100932398927398 0.0176570355193689 0.0247273963177577 0.0793076075613499 0.0386685746256262 0.0422323121223599 0.0197626853594556 0.0194121501408517 0.0291661993280286 0.00390773093822645 0.00155572067124012 0.00297907555504935 0.00127210139728504 0.000957242569347727 0.000690712932555471 0.00268869574356358 0.000610132004658226
0.00584318189212354 0.0500133847817779 0.0202946344390512 0.00631487710925285 0.00395911525120027 0.00716776106273755 0.00662978034233674 0.0041066364451126 0.00109390890929717 0.00179398666368797 0.0135814375733389 0.0097225246999983 0.00679796918411739 0.00428618828300387 0.0106821001740173 0.00438283183611929 0.00166328183036057 0.00138450095949452 0.00181788075287841 0.00271062607935164 0.00375961849931628 0.0150064230663702 0.0417998821940273 0.0163017511949874 0.0126738911960274 0.00626332093961537 0.00668948182467375 0.0113562782735244 0.00721403150819242 0.205849674716592 0.0556884916499257 0.0567619402427226 0.0460323479492217 0.0116861589951441 0.019251725889626 0.00516223515678575 0.00196963602748159 0.00235085610568575 0.00028479228125371 0.000510585764727844 0.00100107863015406 0.00267464615772042 0.000699777943009394 0.000436238437593817 0.00253397639506261
0.00236892286629882 0.0179980031447485 0.0194979880936444 0.00747225014492869 0.0132206472218968 0.0119991075247526 0.0111239573947387 0.00225578499988615 0.00322060983644405 0.00598981229049969 0.00614264832111075 0.00502879054984078 0.00265138726099394 0.00266319280490279 0.00329442790243775 0.00605636637774296 0.00252410241337202 0.00204133278457448 0.00273187281927676 0.00235770032159053 0.0119289861206198 0.00864641507505439 0.00385172972164582 0.00304885312216356 0.00980806425213814 0.0507432861137204 0.0194885331526166 0.00777702207269613 0.00955199361778796 0.00210382143122843 0.0640416610054672 0.033748440281488 0.0246676325681619 0.00905594774521887 0.00230509830744268 0.00100591537385943 0.00150778180186535 0.00138180076501158 0.00115706965898426 0.000945759547270608 0.000675848648585031 0.00114264343258146 0.00116655299899584 0.0023850045119616 0.000762503813851367
0.00812173779122531 0.00144934156560339 0.0010060503060231 0.00620919209395652 0.00120287399777226 0.0014396699709323 0.000956837985540915 0.00104849426984401 0.00144250851653851 0.00630122191214468 0.0068096532166237 0.00158484351268271 0.001232308211911 0.00226711821742356 0.000665686951697353 0.00133347012858565 0.00540639045939315 0.00188286254688137 0.00536403437145054 0.00226993607648183 0.00190883053699054 0.00724948886345373 0.00561151649453677 0.00767581643231097 0.00405464556970401 0.00470869124401361 0.00397722881571099 0.0163012301898561 0.00247508463507984 0.0258188374165911 0.00848585261264816 0.00518518978205975 0.00699855670100078 0.00600480961293215 0.00289892901200801 0.00178742161078844 0.00211331539085222 0.00201286824303679 0.00124932298640488 0.00503314498782856 0.00218682447379024 0.000398894460386145 0.000577688284306532 0.00127183418886716 0.000389034544308409
0.00540656657540239 0.00213746654771967 0.00158294060165645 0.00194473779384055 0.00102522046870774 0.000877923655934865 0.000938735641375388 0.00623727354322909 0.00556423892849125 0.0034689904176048 0.00441043523460394 0.00177536563569447 0.00328300208420842 0.00546889417018974 0.00722038950916612 0.000863956668467658 0.000902967179557024 0.00152093361093648 0.00141885087941773 0.00439403093478177 0.00588875603425549 0.00221179737054626 0.00521925759967417 0.00498542569112033 0.0160248266474809 0.00189915079099592 0.00341153184417635 0.00507248621433973 0.00429853957029991 0.00207131568058685 0.00176021663974097 0.0146467301878147 0.00810605734586716 0.00365814404794946 0.00119868833226064 0.00217703809612431 0.00134520150927528 0.000862650960334577 0.00134045855083968 0.00109476461675513 0.000740860524456366 0.00127465100922564 0.000824699873101054 0.00136901297446457 0.00071051349004847
0.00155171401274856 0.000444668472853493 0.000997266660306195 0.000888662855635136 0.000350287541503769 0.00101002763874476 0.00137126989902754 0.00410062695736997 0.00505386782460846 0.00113638534203346 0.00542173907888355 0.00342224309861194 0.00534941213118145 0.00212843404866021 0.00136243592642131 0.00311644909943709 0.00373046340669134 0.00209659916145029 0.00255743294255808 0.00279792147048283 0.0028456075466238 0.00735346951987594 0.00465074492385611 0.00499920611036941 0.00436734390677884 0.00633080238476396 0.00557172326371074 0.0246119099901989 0.0055699852109683 0.00746600388083607 0.0059886276954785 0.00425907056196593 0.00412768609821796 0.00264127372938674 0.00724901054345537 0.00561437534634024 0.00430438937619329 0.0033426355861593 0.00570159357739612 0.00134961094008759 0.00082927229886991 0.000603594466520008 0.000555855624387291 0.000989002226341995 0.000936078971062671
0.00461787040039781 0.00184041561296908 0.00173348278913181 0.00199797954883252 0.00147348250326278 0.000415677567798411 0.00118366479091492 0.00537027842365205 0.00138943791098427 0.00146517081884667 0.00213978521351237 0.0067584798351163 0.00255558534964848 0.00451978532391877 0.00134950326087964 0.00101061073754569 0.0012733428269641 0.0013891867041977 0.00281936998362653 0.00282456940331031 0.00477491974888835 0.00851360934902914 0.0117629101790953 0.0109702312765876 0.00326981073594652 0.0141385512659326 0.00267424947232939 0.00553843439556658 0.00430089589208364 0.00716357571072876 0.00762309499550611 0.00466336545359809 0.00242573314949368 0.0020091386311833 0.00258240546568231 0.00335109263687627 0.00352482594753383 0.00199509371268505 0.00127484698734861 0.00140610408811881 0.000802043937437702 0.00121542189221557 0.00128419503377728 0.00107021486173906 0.00384050505235791
0.0204526795481797 0.0122759709425736 0.00154876876913477 0.00165462265504175 0.00149457103734676 0.00180289577692747 0.000421022406771954 0.00729913153772941 0.00208517801947892 0.01196358523448 0.00327095249231206 0.00330713346823472 0.00408445434653686 0.00401239081301838 0.00373814639540839 0.00268324212128919 0.00211636391852039 0.00240275235191802 0.00198497713136021 0.00306326455465751 0.00551042273145867 0.00215606668825785 0.0314539036946371 0.00804896373301744 0.00584562367293984 0.0051913462462835 0.0136988833313808 0.00287709392141551 0.00287136391270906 0.00601765321334824 0.00341156272334047 0.00723857104312628 0.00621032766939607 0.00574255505780457 0.0104686167674117 0.00687865237996448 0.0053589989331158 0.00384333390638858 0.00380927688129304 0.00192609877849463 0.00154565724660642 0.00206360441889046 0.00198570477223257 0.00276876491989242 0.000854156636637526
0.0181591208704049 0.000869478873210028 0.00109230382950045 0.00698775347409537 0.00110617927488192 0.00199439748903387 0.00144051152910833 0.00475972153276985 0.00425077177987987 0.00472761355265447 0.0029398714468698 0.00303859689411183 0.0100572562918387 0.0118527437999163 0.00698504865006306 0.00717832059502577 0.00801764189111509 0.00489238390268838 0.00449731560238433 0.00184887786163017 0.00132112894498277 0.0942368847317994 0.00219150772900321 0.0154922423069365 0.00569681597226008 0.00364182111807168 0.00217048146296293 0.0135049465694465 0.00261334798997268 0.00124695550330216 0.00625340675469488 0.00516083563561551 0.00345285986550152 0.00492136103566736 0.00767652539070696 0.0179161959793419 0.0103132075513713 0.0051915839864705 0.00838640908367552 0.00400140562533124 0.00176298904698342 0.00304158980579814 0.00111240186197392 0.00183902207935489 0.00117487639072351
0.000781675813777838 0.000294949282033485 0.00138995108864037 0.000843890562464367 0.00151862331968005 0.00113961967153955 0.00322884251509095 0.00333120930454243 0.00174554507248104 0.00389871703910103 0.00231694005269674 0.00582951901014894 0.0135606734547764 0.0690433193929493 0.0136641950550256 0.0103176302916836 0.00507419919304084 0.00317473384930054 0.00134383242766489 0.00235485843150514 0.0017835394031863 0.00309432093199575 0.00378527143036536 0.00369916379568167 0.00342847383253684 0.00244289377042151 0.00245874500251375 0.00464838316547684 0.0102116194175323 0.0040778502181638 0.00493545095669106 0.00831386239733547 0.00785790854133666 0.0369174242485315 0.0560293964575976 0.129516296088696 0.0353566071949899 0.00996622245293111 0.00863678154419176 0.00410747526329942 0.000866716482107233 0.00368459791352507 0.000675337626307737 0.000948414679442067 0.00257142155314796
0.000899427237163764 0.00124318598609534 0.000536085673957132 0.000468705378170853 0.00139275118672231 0.00552738472470082 0.0191111952764913 0.0123680608288851 0.00611377274071856 0.00138596017759483 0.000695151423951756 0.00721237612160621 0.026219807844609 0.0215663680806756 0.0066141328541562 0.0200055765802972 0.0050500806499258 0.00297538252768694 0.00133721913707348 0.00285743712789781 0.00302718391467351 0.0045442596427165 0.00421551874605939 0.00363926881691441 0.00289781434112228 0.002479269716423 0.0168413988314569 0.00270145353174485 0.0013835714650885 0.00136238290058373 0.00620167209647207 0.00338262306092929 0.0194772813469172 0.0173338433494791 0.0142804867587984 0.054478102363646 0.0633756082504988 0.0410295934416354 0.0244055229239166 0.0152292064158246 0.00640750073362142 0.010598954060697 0.004399227941758 0.00257566561922431 0.00150792678759899
0.0035716799669899 0.00196323655181914 0.00384458649350563 0.00346864649909548 0.0292169854277745 0.0380129631608725 0.103000765107572 0.0147241339553148 0.00317964800415211 0.00285677210085851 0.00066622681406443 0.00388397433416685 0.011408179657883 0.0153065352293197 0.00945124902355019 0.0347804523597006 0.00412967637530528 0.00490603550351807 0.00280426927020017 0.00786174683173613 0.00305917182627695 0.00315562871255679 0.00205860842213497 0.0032039059827639 0.00290609206708723 0.00119020594975154 0.00147043329184271 0.00198373782837962 0.00147300982018805 0.00174171300697026 0.00224461682930439 0.00195404669185865 0.00611869165374372 0.00316394750334439 0.00628687132848427 0.00660191917559132 0.0149418030516244 0.0228689396753907 0.0210833916906267 0.0610743556171656 0.017571973381564 0.00605149579932913 0.00501662192400545 0.00270583492529113 0.00364517566049471
0.00108445356217559 0.000543194798592594 0.00119362313391775 0.00811427781009115 0.382960732653737 0.213580509833992 0.0385264158248901 0.0165476802096237 0.00471571496127581 0.00786016873898916 0.00468352689204039 0.00537135572376428 0.00583014726225883 0.0105924599491118 0.011687167454852 0.00738475316538825 0.00545128420061474 0.00607589906709904 0.00171538730867518 0.002781818860052 0.00226828088096482 0.00308929551260917 0.00237658917003216 0.00237584986914499 0.00281863329703071 0.00257262431925742 0.00246820510083969 0.0077150810706371 0.00803053805948366 0.00413469805362183 0.00342948601446551 0.00228361971492745 0.00290543336741393 0.00273064359645474 0.00377434811161947 0.0149678193411091 0.00433449274278246 0.013176695513539 0.0138897691002057 0.00576134651200846 0.00889793236274272 0.00899389593432716 0.0076237540692091 0.022203198634088 0.0077852537157014
0.000736853864302134 0.00124573696484731 0.00467271188899758 0.00739429711829871 0.113627403229475 0.0388875748729333 0.0263538169208914 0.00450708237312938 0.00708627310523298 0.00395000708376756 0.0207122776657343 0.00717253990442259 0.0195208049169736 0.00646543091770582 0.0140562271082672 0.00879000282086508 0.00962671106167363 0.00410196666016418 0.00270660601381678 0.00479660441924352 0.00298516897582886 0.00454187002378603 0.00340844741813271 0.00284187704338912 0.00278539453168065 0.00669548670165909 0.00270677797480339 0.00225359795860058 0.0020653255745085 0.00247234257761404 0.00234597261665872 0.00399795566108523 0.00720919922896428 0.00364770424639573 0.00656281788763096 0.00398150863949578 0.00452204059061216 0.00714480503229424 0.00434990753710736 0.00343140920904261 0.0153033446520567 0.00519467016056296 0.00458699796581641 0.0055707183026243 0.00799143147887662
0.000762152108291048 0.00178631818801023 0.000979734137945343 0.00148179904354038 0.0202160577056929 0.0217494112439454 0.0118178577824438 0.00818960746983066 0.0142741631600074 0.078999661677517 0.0170803678513039 0.00617490346776322 0.00275531446446848 0.00345786650242133 0.00511670052860609 0.0126773014155333 0.00353244055513642 0.00683147188428848 0.00444034627871588 0.00572856748185586 0.0144629914759207 0.00394804152467145 0.00901394859927223 0.00220189063406906 0.00118529863611911 0.00224121641727724 0.00541503193142638 0.00310042036720688 0.00287245694325273 0.0081516863188881 0.00989052753684518 0.0106658343749586 0.0044745554914698 0.0106159415008733 0.00354352912752347 0.00392657875918623 0.00485337112527517 0.00345533339758344 0.0028183611526214 0.00457436983631396 0.00135560744201939 0.00307690867884958 0.0036037964744537 0.0011450493693701 0.00165542736940552
0.00490524087108497 0.00489378017791751 0.00913548730168259 0.0216832092963159 0.0505655507557094 0.0367312151473016 0.0456175839528441 0.054521013610065 0.0201341083971784 0.012760012364015 0.0122110575786792 0.00482431870291293 0.0040620071590979 0.014119114933419 0.00492849116444631 0.00357768604008015 0.00533923449502254 0.00695685725850126 0.00909881528514234 0.0069994320175315 0.0251037982037815 0.00378719017462572 0.0184791230189148 0.00787007780381828 0.00193804969730991 0.00966508408891968 0.00589703297591768 0.00406939830452302 0.00421799865725916 0.00403139181153165 0.0135883478917819 0.00443418631716668 0.000947942748280184 0.00528925480581108 0.00507774622528814 0.00336362497182563 0.0108002635926823 0.0170600955294503 0.0129582824975898 0.00384489878742436 0.00125741485410116 0.00349070744308619 0.000833686935254896 0.000929977693716921 0.00184368224363425
