Maxent_result_files_2/B_flavidus_2.asc
NCOLS 594 
NROWS 330 
XLLCORNER -15 
YLLCORNER 23 
CELLSIZE 0.166666666666667 
NODATA_value -9999 
[rows 160 to 179 of 330, columns 495 to 539 of 594]
4.23498136399303e-06 4.46097866557693e-06 4.5054145672907e-06 4.32924127125034e-06 7.16989557076886e-06 6.85214407951662e-06 4.28540174510772e-06 4.14830818158407e-06 4.22508764614804e-06 6.46232031726868e-06 1.22550283776945e-05 4.96112676273697e-06 3.20090169836362e-06 3.47600353904909e-06 4.31110246665867e-06 3.46947611404858e-06 1.70718419161275e-06 2.4153686297268e-06 3.02936699370093e-06 2.22832451406418e-06 2.38825617557836e-06 2.43537119963833e-06 4.77958647877585e-06 0.000133832056769734 3.69787713694336e-06 7.17476299314512e-06 5.01792706160131e-06 5.44284226151603e-06 5.5853937539041e-06 1.11086716060527e-05 1.0079382798267e-05 6.53409992779075e-06 1.61346512186356e-05 3.82834153242584e-05 0.000132126687731215 1.71664024435358e-05 8.40162071824579e-06 6.34633804637019e-06 3.99779546320644e-06 2.42926914886255e-06 3.14775976608672e-06 2.54110140458508e-06 2.92946260422866e-06 2.52924261268106e-06 2.20661110401643e-06
4.123323366656e-06 7.63656547917435e-06 4.14638690813263e-06 4.1806030111502e-06 4.49531640498435e-06 5.5014597137415e-06 8.8708179475816e-06 8.39417460838376e-06 4.76099246071726e-06 3.79690551994827e-06 4.82157200565325e-06 2.86299991216765e-06 3.27707951583989e-06 3.41357965112365e-06 2.30458789189925e-06 2.11941528007742e-06 3.38242648822984e-06 6.58380346862941e-06 2.95032119979055e-06 2.37816472221652e-06 3.03353520649807e-06 4.45730861144966e-06 2.08304479656363e-06 5.61683736322038e-06 3.66927019541663e-06 4.48828509007626e-06 5.42891907571175e-06 6.03633712898954e-06 1.34593459051757e-05 1.39877960464219e-05 1.4236152196645e-05 2.24529628212622e-05 7.41692158044316e-05 7.58780848627794e-05 1.73765092540634e-05 7.47537039131885e-06 1.09058939187889e-05 6.73293826523036e-06 4.69871444153114e-06 3.92569551177502e-06 3.564037013426e-06 3.08083976303664e-06 3.20967805356176e-06 2.42452117813485e-06 1.85817978908265e-06
4.96584558646873e-06 4.77643387313265e-06 4.26357465954652e-06 4.8761270477371e-06 5.04744138822844e-06 6.21921504944112e-06 7.12295884284231e-06 5.87372652205431e-06 4.70337388662756e-06 4.56158728354694e-06 3.86938190928277e-06 3.16304010112844e-06 3.99828364407995e-06 3.57904128662767e-06 2.75218425898061e-06 2.86277093977105e-06 2.95596992430092e-06 2.47451902133378e-06 2.6433987855512e-06 3.23618049762331e-06 3.44648121881619e-06 3.99427800772401e-06 4.1029281518945e-06 1.2957621553511e-06 1.31707268273828e-06 5.2293291801675e-06 1.41995313470034e-05 1.64857528403672e-05 2.75038503048108e-06 3.55078056827551e-05 4.54974107697126e-05 5.79229179948015e-05 3.08444988476708e-05 5.86864341585169e-05 1.57980090193632e-05 1.60138133310284e-05 1.42554022431796e-05 6.80408814588418e-06 4.47760400632546e-06 4.29029303532502e-06 4.70194683011016e-06 6.09223068934739e-06 4.96363051638582e-06 3.48163764964937e-06 2.76314233538244e-06
7.3413031174141e-06 5.25262121442438e-06 5.6941005809108e-06 5.85990567714134e-06 5.83042447885873e-06 6.84873079563886e-06 7.08468428030073e-06 5.55735242357969e-06 4.62151901245989e-06 3.48260638673992e-06 2.66186488528941e-07 2.88721507835099e-07 2.00081955892273e-07 2.95062901898291e-06 3.02638095348584e-06 2.76947333546218e-06 2.65376003554252e-06 2.32545870382239e-06 3.54841974115061e-06 5.06253030607695e-06 5.70220019255885e-06 8.01433922106298e-06 3.65265495432254e-06 3.71902412510394e-06 3.24809869063358e-06 5.26528193489639e-06 8.01454129373269e-06 6.5733605282503e-06 6.2222802711176e-06 8.55629717193551e-06 2.09215765721638e-05 1.47641045145974e-05 1.92951519352391e-05 8.80178297848033e-05 3.38381316623781e-05 2.05755173737998e-05 8.40756730440262e-06 7.45438524916153e-06 6.19281808980077e-06 5.30832857492669e-06 4.78234610987727e-06 5.03423594970798e-06 4.57098811157408e-06 3.72469339717796e-06 2.97240073861005e-06
8.70061948177181e-06 6.99842502456249e-06 6.05048306567824e-06 4.96008895112254e-06 5.15662374453996e-06 5.83009389458766e-06 9.42569788833225e-06 2.70007302294317e-07 3.31859002855595e-07 5.03802059481639e-07 5.53282041670933e-07 1.9033143844327e-07 2.4364176628433e-07 3.47844255088603e-06 3.26573325111212e-06 2.83460810805991e-06 3.39605933561415e-06 5.45995189327186e-06 3.3429156438558e-06 3.45916606292462e-06 4.70658723656925e-06 3.30523868115051e-06 3.38089442948331e-06 4.28117711521736e-06 3.20549149037674e-06 4.33731980891139e-06 5.40825000143741e-06 8.21505720125515e-06 8.31566619297064e-06 8.83259385204838e-06 2.06458270895382e-05 2.18363681710798e-05 1.62708213565566e-05 3.93230616964502e-05 5.3401710192702e-05 8.44053104458453e-06 1.07656800594214e-05 2.63110976277403e-06 7.71884195174266e-06 7.62074390010525e-06 6.3136954956633e-06 6.46565652218101e-06 6.306313224691e-06 5.20851111911469e-06 4.25914183121989e-06
1.09670829530728e-05 9.2985696809933e-06 7.33635238390207e-06 6.73893290468186e-06 6.68212803418555e-06 6.78700562986023e-06 6.72614440873076e-06 6.11139127348892e-07 2.22102584757522e-05 1.23419755475584e-06 3.24820354506983e-06 3.41365409788352e-06 6.37083635552926e-06 4.48241860908638e-06 2.82930897270717e-06 3.67087894233009e-06 3.22862770900656e-06 3.29230019247007e-06 3.74063626935595e-06 3.58798572719365e-06 5.59487756959243e-06 6.82574153358928e-06 6.04699037012324e-06 3.07707054503226e-06 3.48132293126469e-06 4.31758299583862e-06 5.04076731004943e-06 8.70086344093579e-06 1.05886764345087e-05 2.29394924645021e-05 7.39000452085747e-05 6.16303538663487e-05 5.18956572705065e-05 3.27020755321428e-05 1.48948852938702e-05 1.09834480724658e-05 8.70122747755886e-06 8.99673649570332e-06 9.24910780213395e-06 8.78404079571737e-06 1.20697692310046e-05 1.41547195326552e-05 9.68942622847635e-06 1.01931574963743e-05 1.34348834702536e-05
1.21551241363704e-05 1.20757843703245e-05 1.14435327759566e-05 9.18196731163334e-06 7.93983460170011e-06 7.16733897832e-06 5.51808911666285e-06 3.64445855960405e-07 1.78955549642978e-05 7.36694986458453e-07 2.29940763096792e-07 3.46222443852184e-06 3.66706331789146e-06 3.61282214242919e-06 2.97306866272606e-06 3.01438839329649e-06 5.54975986517547e-06 3.97834269705299e-06 3.9005112185464e-06 4.37422438182011e-06 4.23782690432972e-06 4.75832346040761e-06 4.35467502768461e-06 3.93478806159919e-06 3.99052897961383e-06 7.73836207770273e-06 8.7110955632852e-06 6.94994195953313e-06 1.52795282815532e-05 7.49215013001958e-05 2.82052375411013e-05 1.51063902990245e-05 1.55366003184554e-05 1.8293977166195e-05 9.84526587899381e-06 1.62149504831177e-05 8.02498180689781e-06 7.39952811841249e-06 7.84503926070101e-06 9.71779662677363e-06 1.22748378927895e-05 1.32939483243888e-05 9.68662360705252e-06 1.30271965041118e-05 1.88246413344473e-05
1.44251073749047e-05 1.62776471853476e-05 1.5040142267253e-05 1.15472715606302e-05 9.57310010250012e-06 9.08897293925293e-06 7.26849152243858e-06 3.43336136499062e-07 5.60148206716349e-06 4.78064917501797e-06 1.69459945997819e-07 3.86444330615632e-06 4.12174226269713e-06 4.85559039731243e-06 3.7494905626545e-06 2.93702408171725e-06 3.36325626477674e-06 3.36390705655276e-06 3.08489502955922e-06 3.59773940914465e-06 4.28299760812934e-06 5.44074849813114e-06 5.61892138364328e-06 4.73022175242477e-06 6.39558595310064e-06 7.40596344712685e-06 1.22668638312007e-05 1.11976196421892e-05 2.39941186009673e-05 4.16067708556511e-05 1.85338404662616e-05 1.26628568068554e-05 0.000201282136504233 0.108794224602752 2.1497405680293e-05 9.60407334389402e-06 8.70724075809903e-06 9.11598746426989e-06 8.52977076988282e-06 1.15418788809052e-05 9.50783137483313e-06 1.06192960444673e-05 7.2976690375981e-06 5.89529264871658e-06 6.53169330426806e-06
2.39378930984913e-05 2.52869353118967e-05 2.18198761984922e-05 1.88965000148755e-05 1.72701626866001e-05 1.48175678816642e-05 8.97778017190376e-06 8.16460779020645e-06 6.27605329412972e-06 5.80880270604212e-06 5.65384262252167e-07 4.84609590571949e-06 5.09032350635152e-06 5.3097308125416e-06 4.14584671659668e-06 4.51139256441024e-06 4.44873896157105e-06 4.25716078922278e-06 4.14927029197543e-06 4.06447316692038e-06 5.12109503318925e-06 5.7316049648648e-06 6.79108087524583e-06 6.42549053679886e-06 6.73249689668864e-06 1.04036800451013e-05 1.2409631204946e-05 1.6347918875681e-05 1.14999502471846e-05 1.13093953700627e-05 7.45140520166387e-06 1.2073667568302e-05 1.61420733888917e-05 0.000617176824368926 0.000266436033371065 1.8150460994093e-05 1.10923250275619e-05 1.13157291281141e-05 1.1880710837886e-05 6.78318424007784e-06 5.76391929598685e-06 5.68503291944467e-06 6.31204160441712e-06 8.5543278661504e-06 8.60766638268728e-06
3.83032152228679e-05 3.52646125122646e-05 2.63826065577177e-05 2.94976178366824e-05 2.18895752539083e-05 1.49953445458095e-05 1.39759398848582e-05 1.56192548018907e-05 9.67506140483465e-06 6.97279432984033e-06 5.80541527455125e-06 4.48849009657693e-06 4.23468488861545e-06 4.7800967493572e-06 4.41750125972362e-06 5.16069037530542e-06 5.45561399860617e-06 4.85207156231127e-06 5.56813834009517e-06 5.61553046765084e-06 5.16450133005719e-06 5.59616818947006e-06 1.12151270940331e-05 7.6768275903305e-06 8.36085967534928e-06 8.63445661707374e-06 1.04551801570096e-05 1.13389208138415e-05 1.22490038563683e-05 1.44640672885998e-05 1.6339733190307e-05 9.75821362771967e-06 2.39573687281336e-05 0.000659074612849508 1.71041519934079e-05 2.16770015981638e-05 1.54474166095042e-05 1.78448652889074e-05 1.4998884867623e-05 1.17406935942199e-05 8.24287763094844e-06 5.48139621088239e-06 6.06698931093774e-06 5.29394015664764e-06 5.35113716324531e-06
6.36866207344156e-05 5.55632179953136e-05 5.90523577727708e-05 4.34827133290128e-05 2.68195295745954e-05 2.35054146685343e-05 2.05978041890376e-05 1.48161474555764e-05 9.95552009754874e-06 7.60678978366514e-06 5.87185118163802e-06 5.6056877504318e-06 5.29810677463161e-06 5.32142469040764e-06 5.65581547107286e-06 7.43992291063478e-06 6.72108942723071e-06 6.39382048177595e-06 8.84558269831359e-06 1.02796967496488e-05 8.61295714003063e-06 6.93681818262348e-06 7.78717913192395e-06 8.80053725609287e-06 7.79701154272061e-06 7.34211553776731e-06 8.69514291821361e-06 9.31568975772734e-06 1.18248242301888e-05 1.45352637787255e-05 4.13449813663647e-05 3.22084240451659e-05 1.6471638451776e-05 2.21558767407259e-05 2.18285963342169e-05 2.40773964378604e-05 2.38873686384977e-05 4.79942958691026e-05 7.1684858903609e-05 3.45569460705519e-05 7.78568049781825e-06 7.93598829957887e-06 1.32534443096688e-05 1.0729753583405e-05 1.23283949179154e-05
8.71283332799067e-05 9.04036373981398e-05 6.93434006450388e-05 5.57609226007116e-05 3.69464339911474e-05 2.89950069372935e-05 1.98617633685672e-05 1.53636372090205e-05 1.02991947628084e-05 9.99097965177498e-06 6.44018080393494e-06 6.55657676347232e-06 7.5084982299245e-06 5.98799732358657e-06 7.17874524553963e-06 1.03652564405365e-05 9.01514915199186e-06 7.92591372089646e-06 1.03863611258248e-05 1.4312726608523e-05 1.0866806999843e-05 9.15811537254285e-06 1.05732643532974e-05 1.44222915707815e-05 1.10641935208378e-05 1.10490995325563e-05 9.79205597104738e-06 1.01258386592917e-05 1.07579710260097e-05 1.59278756143522e-05 3.30409569187395e-05 2.27613359584211e-05 1.5572253909113e-05 2.46135593556573e-05 3.73361521724291e-05 6.58986732560152e-05 3.8959037397035e-05 5.09495196638454e-05 2.89764529838976e-05 1.48198443724823e-05 1.63834960233089e-05 1.88386070604452e-05 1.87990435208008e-05 2.98496848500918e-05 1.57314991319879e-05
6.65052154772638e-05 7.29600249201212e-05 8.47235032608751e-05 5.39380622456065e-05 3.42589868154164e-05 2.06521717501573e-05 1.82662288224833e-05 1.63178137583486e-05 1.33656440226559e-05 1.01104478233083e-05 7.12594630414287e-06 7.9763790424181e-06 8.51420278280557e-06 8.53936171978376e-06 9.77948838283282e-06 1.22672390460821e-05 1.45443747726404e-05 1.15183453999634e-05 1.25083493145439e-05 1.35587539801918e-05 1.52682094579859e-05 1.29017827532607e-05 1.18706933307067e-05 1.28588795803353e-05 1.69315018638372e-05 1.40197193019276e-05 1.0651096829406e-05 1.16939576969344e-05 1.77137883781597e-05 2.09892665452571e-05 2.0078129665535e-05 1.4402865701868e-05 1.62418627326133e-05 2.70182515578199e-05 3.00417941275555e-05 2.76490648388972e-05 2.21137440234997e-05 4.01038520294605e-05 4.39761908864966e-05 2.15789560058965e-05 2.17085752296953e-05 2.99231898338803e-05 3.70935771570657e-05 0.000171747471767958 4.19596255284205e-05
7.43587860824846e-05 4.84774829914159e-05 4.72885828600056e-05 4.69975583769156e-05 3.2295876943067e-05 1.99873652078963e-05 2.24123158602652e-05 1.61777569246624e-05 1.39255484185696e-05 1.22109199480747e-05 1.12319188701804e-05 8.49696831011215e-06 8.91837568275378e-06 1.00885732024381e-05 1.00633321125088e-05 1.1066867502052e-05 1.26775986444727e-05 9.71064282140333e-06 1.08310842051651e-05 2.04502744566071e-05 3.16379389801114e-05 2.4587262237219e-05 2.50060504811245e-05 2.15063047733111e-05 1.62684185994522e-05 1.7462984558847e-05 1.80137933398328e-05 1.6440820050434e-05 2.58110698212022e-05 3.61389537602008e-05 4.23513217810978e-05 2.93643651161801e-05 2.41847834217879e-05 6.85411690255933e-05 7.64423862619878e-05 1.46154392098197e-05 1.0767160952696e-05 1.45545761085941e-05 3.57311525021942e-05 4.7520421946956e-05 4.35584087313146e-05 3.30460461555049e-05 3.61833380850385e-05 7.57856902055209e-05 3.758009097794e-05
6.4444526429952e-05 4.77438076813996e-05 3.85549133511631e-05 3.17928571178072e-05 2.93016136083679e-05 2.1346656565413e-05 1.7229466143931e-05 1.51668272152961e-05 1.37099607272262e-05 1.32955895026043e-05 1.32381346091393e-05 1.02918447922207e-05 9.70519732703678e-06 9.64382269188491e-06 7.29294277874715e-06 8.15057180574286e-06 9.74136178939489e-06 8.50568521002515e-06 1.33839156163162e-05 1.95990088457165e-05 2.71899472238601e-05 4.05011411942269e-05 3.99158445020475e-05 3.59990992706116e-05 2.12605883405104e-05 2.12992892102193e-05 2.2263255937105e-05 2.16856870906668e-05 1.69385822573531e-05 2.00925843216737e-05 3.51132075138594e-05 2.83339971815622e-05 7.05530974073554e-05 0.000199481253275735 3.02816615999291e-05 1.32557290385193e-05 9.7415041267368e-06 2.63498217691449e-05 3.83746980787691e-05 6.37969089893886e-05 8.06347434945565e-05 5.99839418100601e-05 9.23888708825871e-05 6.37245261259523e-05 9.76198389594174e-05
4.63651203006066e-05 4.83584641187917e-05 3.82712857543765e-05 2.8314762721493e-05 2.77319907780793e-05 2.6331314303718e-05 1.56459772071571e-05 3.39656256231891e-07 1.24239621101196e-05 1.02359083165027e-05 9.38691702572214e-06 7.09220184020864e-06 8.07901501005404e-06 8.85234596808004e-06 6.4091288557222e-06 6.4597396892907e-06 6.99594280320071e-06 7.27412298360264e-06 1.14772495265925e-05 1.58203933665391e-05 2.21974888859222e-05 1.77207837936066e-05 2.0408483214851e-05 1.23663008963604e-05 1.21111642243932e-05 1.10321256727275e-05 1.10748703548325e-05 1.1975806998521e-05 1.41521300093928e-05 1.78002128961907e-05 1.94545576562177e-05 2.63705486588606e-05 3.8467674335152e-05 7.09549991142922e-05 4.56290164947859e-05 1.74697529644163e-05 7.55621948371754e-06 8.49974867662695e-06 2.08871187965087e-05 4.26211871854321e-05 3.36512029889491e-05 6.55455365631496e-05 4.4906049868132e-05 2.11395544283732e-05 3.5503269361925e-05
3.1548808854609e-05 3.643385221892e-05 3.58752711235866e-05 2.49406940497465e-05 2.17464651768751e-05 1.90145133473152e-05 3.3305232356895e-06 1.40223551511554e-05 1.29771863996098e-05 9.2630474142652e-06 6.28940503375475e-06 5.37858710423222e-06 5.33638846178519e-06 5.46814403534768e-06 5.89723911801343e-06 4.98768073242672e-06 5.6979012228453e-06 5.82925777621313e-06 7.26936305568415e-06 9.57120967939318e-06 1.08023206593089e-05 1.03194005546925e-05 8.75451262061233e-06 8.62647413413242e-06 8.75056290112752e-06 9.82278858145946e-06 1.55376297612975e-05 2.0787801656752e-05 2.17746786063344e-05 2.09320082660724e-05 2.32208423028624e-05 3.00909276006678e-05 6.89223666768157e-05 4.22729978140524e-05 1.21031672335903e-05 1.82043093104767e-05 2.34583990618376e-05 2.50500153470057e-05 1.5644002934323e-05 2.02808861104131e-05 6.84478246512299e-05 6.027873516814e-05 1.57987639852308e-05 9.0952491916596e-06 1.46390688229303e-05
2.73603107402209e-05 2.03175553352253e-05 1.6757300065251e-05 1.66209976377729e-05 1.67869344679161e-05 1.60959144182016e-05 1.551223695202e-05 1.34645106726339e-05 1.01882227916406e-05 6.23070113050517e-06 4.31988953266682e-06 4.01552183824094e-06 3.75048905283393e-06 3.64857221910597e-06 3.78995841785468e-06 3.86890031016662e-06 5.77155117937878e-06 7.47486771359718e-06 1.31472439548475e-05 1.07509587451204e-05 9.95332656543724e-06 1.01272056696189e-05 1.12438301627549e-05 1.3884519339058e-05 1.49768342026846e-05 1.72343188040713e-05 2.03730075924113e-05 2.21590032765562e-05 3.95002900063446e-05 4.16069089510529e-05 2.34251820756981e-05 1.13581370186466e-05 1.1082761679404e-05 8.97266044290745e-06 6.89780771807591e-06 1.15235321771934e-05 2.23782456600929e-05 2.48077392143387e-05 4.43825131469566e-05 3.10396893610232e-05 5.37260589453581e-05 3.30141079530222e-05 2.22142054838059e-05 5.44428424120724e-06 3.0295691537674e-06
1.59405822131475e-05 1.15844519889663e-05 8.18365739831961e-06 1.41573519584881e-05 1.674766379125e-05 1.28117606280398e-05 1.56474780752092e-05 1.0982357657241e-05 6.27557886012653e-06 4.60653615022011e-06 3.76826749999282e-06 2.416164327812e-06 2.04086233690504e-06 2.66093135472545e-06 3.13043682389491e-06 4.12072939006691e-06 5.91524922270992e-06 7.21589942784817e-06 1.01535236176176e-05 1.59450957724516e-05 1.26227640137699e-05 1.04990614701705e-05 1.5388668477101e-05 2.23839830965744e-05 2.21783301270762e-05 2.13041363622324e-05 2.38126428541818e-05 2.78933397055425e-05 0.000100949322131783 8.18467779026832e-05 5.55089593035518e-05 1.66734398078461e-05 7.05846577488955e-06 8.56430767015581e-06 1.04563444125461e-05 1.24966590760778e-05 8.61797858533464e-06 7.14068138734092e-06 8.57560393114909e-06 1.36227769985453e-05 2.36860896393409e-05 1.46325887669718e-05 8.40039032539153e-06 9.87153265725738e-06 2.86134935905125e-06
5.0002184700304e-06 6.65063746367878e-06 1.00532620038507e-05 1.04232045792685e-05 6.80460994928467e-06 5.46638947476197e-06 5.00877820286405e-06 4.5109217616357e-06 3.95996241806529e-06 2.86271082092782e-06 1.87942453617751e-06 1.83730525193937e-06 2.10555131499035e-06 2.72207701730309e-06 3.43606657224882e-06 5.92868127711199e-06 9.11333168502893e-06 1.0867029445194e-05 1.04883740632999e-05 1.26792357292516e-05 1.52877919816774e-05 1.2671779784057e-05 1.73211832375841e-05 2.48121559081937e-05 3.1048752452989e-05 6.53030110925101e-05 4.19654493043709e-05 3.88037292395893e-05 7.88535706533366e-05 0.000151113405490833 0.000102119914686227 3.26750043996071e-05 1.87446682900827e-05 1.79838588451275e-05 2.4934915711583e-05 1.35964760261231e-05 5.71818125507662e-06 2.86031277099141e-06 3.45949525524247e-06 4.83507900952418e-06 3.33774833691791e-06 3.84983500083536e-06 4.30584163808589e-06 1.3811632285865e-05 1.34966233616751e-05
