Maxent_result_files_2/B_flavidus_2.asc
NCOLS 594 
NROWS 330 
XLLCORNER -15 
YLLCORNER 23 
CELLSIZE 0.166666666666667 
NODATA_value -9999 
[rows 260 to 279 of 330, columns 360 to 404 of 594]
2.55039833696458e-10 1.14929292749366e-09 2.64247842496346e-09 1.1995991761049e-07 6.50953033809465e-08 1.5881422744668e-07 1.66202199257337e-05 3.36559690475857e-06 2.08288118386246e-06 7.01909144162904e-07 6.55458011067367e-07 1.06547360433362e-06 4.55820581127808e-06 2.72153844104173e-06 1.41365040848829e-06 1.94776914577144e-06 1.56051417870007e-06 3.92064538984327e-06 2.31491142465012e-06 4.02498390950079e-07 9.93230855079741e-06 1.58941427449433e-06 8.05421889260582e-07 9.78294042364158e-07 1.76142540619928e-07 1.24841753563754e-06 2.10784145460163e-07 2.25163633182923e-08 2.94013312052144e-06 4.84709855546717e-05 3.83034623508971e-06 1.85020333764996e-07 1.52123758700995e-08 6.75365955382645e-09 2.3225624906642e-07 5.25871099332775e-08 4.65197145249618e-09 7.07737146665721e-09 5.44035547722643e-09 5.02039430028134e-09 7.22447888179545e-09 7.65410049785586e-09 7.47554607105627e-09 9.12595411461936e-09 9.02992721707463e-09
5.65907110061659e-10 9.16175257881235e-10 6.00877025913604e-10 2.53862292298734e-09 3.03102416499002e-09 4.4524783515687e-08 6.96640600273968e-06 5.54042713164504e-06 4.16923214988652e-06 1.08945335614008e-06 5.98814719532381e-07 9.14731079459941e-07 3.30805132895406e-06 3.34437044074765e-05 1.61650878123254e-06 1.25379850685059e-06 4.31288745488256e-06 1.71830504180903e-06 2.0817594196032e-06 2.84304267497149e-06 1.8831932514507e-07 2.6552471275032e-07 2.17456382456405e-07 5.51403573978426e-07 2.28763721235037e-06 9.74088729610578e-07 6.30832739179077e-07 1.04836792902407e-07 2.56451610902708e-07 9.75177731832311e-07 1.63570345895536e-05 2.46426207353156e-06 1.00621551479829e-07 5.81548283307143e-08 9.90999116989855e-08 2.00539707173597e-08 8.31055276817594e-09 3.77887789948517e-09 4.52474392398372e-09 5.08604656168643e-09 7.56198141882436e-09 6.89989473334762e-09 6.78200835491083e-09 7.88457329425896e-09 1.00662136182095e-08
5.5713229585308e-10 2.27709229250195e-10 2.59205701347298e-10 9.73619551647431e-10 4.19916780269869e-07 3.07579887370846e-07 1.91921334148359e-06 1.8471696976663e-06 5.80898189084245e-06 3.20648523957079e-06 9.88687484071438e-07 1.54539580778934e-06 2.44904945212232e-05 5.21503515160671e-07 1.63854127929186e-06 1.07541377553755e-05 8.80481556119195e-06 5.97013497161125e-06 3.37011349356153e-06 2.92909005872311e-06 1.10374746511432e-06 3.4332877134613e-07 1.6891432185262e-05 1.51279567759399e-06 7.9866236077919e-07 2.79547749978404e-06 1.50997186114665e-06 1.01425321952231e-07 5.96287928700257e-08 5.52094826411498e-08 1.44457892392591e-07 3.69509217656994e-07 1.77371304876939e-07 8.73028662806696e-08 4.15360559161693e-06 2.42246481019226e-07 4.31272843326447e-08 3.64627009696861e-09 4.83823501262748e-09 4.21472226008746e-09 5.26892870444939e-09 5.43542703068667e-09 5.51060944653514e-09 7.69163278624418e-09 7.12965824156697e-09
1.7706105470694e-10 2.96416324818694e-10 2.1527054583359e-10 6.84822343277602e-10 8.13603815574826e-07 2.97372763935488e-07 3.20594016431919e-06 5.87128962774575e-06 1.61483663097317e-05 2.16934841240635e-06 8.56801286297504e-07 1.63041276833198e-05 1.76699380034506e-06 2.80527194558289e-06 2.67403341182249e-05 8.21211451274007e-06 2.08305608028425e-05 5.57391827034071e-06 5.02827060823163e-06 9.57306871750552e-06 5.66754381210455e-06 2.43822624415024e-06 1.33896812661849e-06 4.87096998968983e-07 7.33517031137332e-07 1.61228277526515e-06 1.09795531715196e-05 2.93057120215323e-07 1.30235678810209e-06 9.81403531663538e-08 3.20302621259483e-07 3.64736837710211e-07 1.95132965709055e-06 2.69802572083755e-07 9.35344636665558e-07 2.7306633281432e-06 6.32848274917386e-07 8.32469677636283e-09 6.10878245876911e-08 4.00301768399558e-09 5.11465342301065e-09 8.32957267604684e-09 2.32730286819915e-08 1.41947090970262e-08 1.34310228716572e-08
7.18839288094131e-10 1.66837776927053e-10 1.12484077607888e-10 3.92360166578953e-10 1.25994789046402e-09 2.04857652064128e-08 2.69826572671938e-06 5.61401468657241e-07 2.28799009079905e-06 5.93009908811393e-06 8.49515942347168e-07 1.45737794900014e-05 7.16431756986324e-06 3.43194221484877e-06 1.23173428233536e-05 1.34477366181551e-06 8.12889862307209e-06 6.82017834477966e-06 1.11154532207447e-05 3.98568047220715e-06 2.0604467715013e-06 9.18170703096966e-06 1.25945332232758e-05 1.95622920451388e-06 7.50312396424757e-07 1.41155486174105e-06 7.04613303277313e-06 2.6962753236992e-06 6.68994752361929e-07 2.6546931659599e-07 1.18487600732076e-06 8.11848303472473e-08 1.61216496441519e-06 1.69295419383264e-07 2.49802807916755e-07 1.43671540002721e-06 3.32118930725933e-06 1.80712097874736e-07 9.26909786480579e-08 2.31239942638517e-08 5.10003103082468e-09 5.26809454948207e-09 2.08331262352424e-08 3.79573214859263e-08 2.34994353420781e-08
1.6639187694345e-09 8.5856913800697e-10 1.56035306897451e-10 1.37076505701827e-10 2.32925101428805e-10 2.87364326778672e-09 4.33535101040938e-08 4.62411982116162e-07 4.1732477728762e-06 4.17413039699444e-07 8.57302847255825e-06 1.37527128376558e-06 2.09800686123973e-07 7.38784853859809e-07 7.18915792685682e-07 4.72165934332081e-06 9.97637270094831e-07 4.29755208100069e-06 1.3625075014545e-05 3.18269792887182e-06 1.33555233229554e-05 5.42118446882345e-06 2.27201206860483e-06 1.18315766791666e-06 9.06017231505629e-07 5.40154647821201e-07 5.42029143646427e-07 4.63898458391565e-07 5.34719282119234e-07 3.92336423815642e-07 7.56461819184651e-08 2.55911802926612e-07 2.82608926207573e-06 5.82325805997819e-07 9.51132571858082e-07 1.95866883176965e-06 3.47576675010508e-06 1.56788448966161e-06 7.74123905478152e-07 2.58620912574337e-08 7.79169716524919e-09 2.84835456332289e-09 3.53858736756862e-09 6.97024978846272e-09 7.23684991932316e-09
7.2441219689523e-10 4.97904661944659e-10 3.96329369323212e-10 1.29823862771161e-10 1.07724928977149e-10 3.73896036354182e-10 9.62949209259989e-10 1.04954216095798e-08 7.15106399951093e-07 3.11811051112443e-07 1.16420460206657e-06 1.92787951338591e-06 3.1552323378814e-06 2.63216923184206e-06 2.70288519933493e-06 1.1352271601317e-06 2.51644832635067e-06 3.24143294716528e-07 7.94175449603252e-07 2.88135642579901e-06 1.49945375624849e-06 5.43999710442833e-06 2.12140456912202e-06 2.08218760571199e-06 1.35651306585327e-06 2.31069513989546e-07 1.77331496298283e-07 1.96106087759773e-06 4.6557816368864e-07 3.20303210299411e-07 1.47116419193516e-06 3.786013380358e-07 9.73832925743601e-08 1.39310959224037e-07 1.71622020650464e-07 1.11579298247566e-06 3.06173543317412e-06 4.40001174395466e-06 4.97455147722148e-06 2.09861333422268e-06 2.76731500192806e-07 1.45909382132103e-08 4.24929745834746e-09 3.1484046925101e-09 3.17813156902602e-09
6.03801142418092e-10 4.84773510223135e-10 4.34888702827152e-10 3.37741168365824e-10 4.07873967933625e-10 2.1094015423273e-10 4.93776408649893e-10 7.68076235946324e-10 1.40666982284543e-08 1.75466872254226e-07 2.18736062539637e-05 2.79813940236018e-06 1.7109698653317e-06 1.01858082549588e-06 3.91195857807336e-07 6.06441283201864e-07 6.05757273386409e-07 4.41209466206516e-07 8.02590837811756e-07 4.70986657641337e-07 8.52262789952096e-07 1.93185228474224e-06 1.5660454585753e-05 4.69280563780705e-06 5.13480515197395e-06 3.74674757439575e-06 3.20194778441474e-06 1.89420147184149e-06 7.5493746539701e-07 8.66672314159267e-07 6.13114974856721e-07 6.30355594753995e-06 1.89507779158049e-07 1.22887439157893e-07 8.22537844136217e-07 1.45796682055055e-06 3.46557085273425e-07 7.11073552905894e-07 2.35209809094084e-06 1.5068257725015e-06 3.00053778488074e-06 3.58360329244523e-07 2.36644831175248e-08 1.41609775683449e-08 5.63299651368254e-09
5.86911896860443e-10 3.68954855556325e-10 4.02600919269247e-10 3.9664893591862e-10 3.24760807135505e-10 2.21235907371664e-10 3.23936621970944e-10 3.20827509003863e-10 1.84694293192678e-09 1.69691126816751e-08 2.99475612530742e-08 1.56430509723804e-05 9.07776951184491e-06 3.21144817727603e-07 1.27774371971867e-08 1.92686253730479e-08 7.38548558976149e-09 1.3518520181055e-08 1.82182832949573e-06 1.99503064558071e-05 3.47922125490285e-05 5.31858962182774e-06 1.91865750958087e-06 2.4799849852819e-06 3.35798841514245e-06 1.15421681958772e-06 3.99822618368795e-07 5.58699205821522e-07 9.76470654223682e-07 8.54768866909161e-07 7.38592898297252e-07 1.40743985626024e-06 7.55455972001329e-08 3.85017719128911e-07 3.16304305347792e-07 8.01662514149371e-08 9.12315600065661e-08 4.86006895394908e-08 5.43988322720956e-08 1.3194860620791e-07 4.36927538050025e-07 1.02821477439008e-06 5.00275168746622e-07 1.13039888294253e-07 2.20026082908831e-08
4.91665352875259e-10 4.96224128454514e-10 4.10622968960439e-10 3.66087515857316e-10 3.69040809022891e-10 1.5866912228546e-10 2.09505401915777e-10 1.30082966620648e-10 2.36202701842103e-10 5.06584529880172e-10 6.19925797362697e-09 5.37562885316589e-09 1.35004994072929e-08 6.60710725686187e-08 1.19266405862462e-08 2.06233146160528e-07 2.79938985325856e-09 7.23854023387815e-09 3.19194646181131e-07 9.47234751126347e-06 3.01137707854338e-05 2.03090586525789e-07 1.56381151628082e-07 2.93260598835943e-06 2.72026466981989e-06 5.72576166391059e-07 2.15080217440544e-06 6.10066825901257e-07 6.71724626277737e-07 1.9138295689114e-06 2.16506199313127e-06 1.82183324842766e-06 3.07015577863945e-06 2.89411121634497e-07 6.72119292000062e-08 1.44621026298974e-07 1.23989074429787e-07 5.46214399599343e-08 4.99897915173797e-08 4.79233752903596e-08 6.65289191625895e-08 3.17755822898391e-07 1.35883174979812e-06 1.28268967117817e-06 4.9261434429404e-07
2.0673588840836e-09 2.84173440334712e-10 2.33402874805222e-10 4.04663569320007e-10 3.92451871000787e-10 3.70598196575145e-10 3.17285164808112e-10 2.20842488740658e-10 1.80910908476051e-10 1.68499114661103e-10 5.44745060171437e-10 6.5163343609953e-10 1.44647736011194e-09 5.42404940961916e-09 1.056543629252e-08 1.00491908683331e-08 9.33924125812169e-09 4.03812088212163e-09 5.23238575800278e-09 3.44022708320679e-08 1.05649455972578e-07 7.42309248402684e-07 1.88833027847668e-07 1.38878827361522e-06 8.30544664709443e-08 6.59526857271775e-07 5.70886111236346e-06 2.65291419303537e-06 1.99213991716185e-06 1.6580343982775e-06 1.82812112414776e-06 1.57235606582651e-06 3.37867611045484e-06 1.80223332424401e-07 3.67409558810206e-07 3.32082372456188e-07 2.95683086604104e-07 1.31285229143518e-07 3.70976316443894e-08 3.68476409451368e-07 3.90308743103418e-08 6.71220890535729e-08 9.15666705902929e-08 4.33792799492405e-07 1.10069269304569e-06
7.32163207395331e-08 9.2767210579936e-10 4.75912198538708e-10 3.46408157714251e-10 4.36421132565812e-10 4.99981922530424e-10 2.90548762826859e-10 3.50672457738455e-10 2.30198105022339e-10 1.95999805274738e-10 1.860645415519e-10 1.8953922875653e-10 1.85238269168053e-10 2.94505531073241e-10 9.73958891314908e-10 4.10509104487033e-10 5.38452327170091e-10 9.78934489026528e-10 4.99652219598801e-10 1.25763166547443e-09 9.08340858085666e-10 2.08164749326833e-08 1.3635783540078e-07 3.68076415862006e-06 7.55118661225351e-06 5.44778554162351e-06 2.55689081481991e-06 4.28458101053852e-07 2.30177038572643e-06 2.80504395733239e-07 1.59835741576631e-06 1.66116092369384e-06 2.88826834926592e-07 2.09916836013679e-07 5.33691547177639e-08 2.14725482972078e-07 9.94839781665036e-08 8.23945726091679e-08 3.67318913851999e-07 3.52772162093284e-07 3.92290330464284e-07 2.80038746958144e-07 2.77212796051529e-08 3.69181124337814e-08 8.60746172226534e-08
8.91661655622045e-10 5.61769027962455e-09 6.91957601217652e-09 1.95386516965712e-09 4.88173451662632e-09 2.33136329130801e-09 1.32316626544338e-09 3.8340163266426e-10 3.54965201676549e-10 2.68772026856823e-10 1.83365023165294e-10 1.8286935299372e-10 1.24268817458528e-10 6.10930084299355e-11 6.54977516667543e-11 8.76592909371254e-11 8.42765746078555e-11 1.00395358693106e-10 1.26184718229894e-10 2.19594120665079e-10 7.270203772336e-10 2.31569403819076e-07 4.30338598023106e-07 6.8809051056995e-08 7.19854196140623e-08 3.3154727861251e-06 1.73138390295868e-05 1.6179259880178e-06 2.71330253542867e-07 1.60645078775001e-06 8.96470676758909e-07 7.66165091048432e-07 3.38152494772093e-07 4.93283432656533e-08 7.69856139981595e-07 6.47673566778195e-08 1.82169715534641e-08 1.29770880941127e-07 5.43218810866719e-07 3.98153208935881e-07 5.50015853373331e-07 5.00686420878971e-08 2.97240561053513e-08 3.29555600586673e-08 2.55145676475443e-08
1.68477971573822e-09 2.45198602533137e-09 1.98170244658513e-09 7.57291485076195e-10 4.73704395709262e-09 9.40317350650588e-09 8.47722270158613e-09 4.23239088220839e-10 1.55326111972443e-09 5.59159385460362e-10 4.31148872159781e-10 2.41857278648894e-10 1.76523706763021e-10 1.33240651845057e-10 7.45635664323174e-11 5.40603672938289e-11 5.11728437402326e-11 4.50629533688129e-11 1.00934449687173e-10 1.81516923714042e-10 7.99982577959213e-09 2.30654051414092e-10 1.60822091321844e-07 3.01591108864407e-08 4.40442522453566e-09 3.9307944788014e-09 1.57439646630841e-07 9.44771938793387e-08 5.33975910821383e-08 1.47497928664642e-05 3.55878900382134e-07 4.77703931967e-08 5.55238290345095e-08 1.99238992770745e-07 1.60258219663589e-06 1.43544615318625e-06 6.47406814380247e-08 2.01568551705389e-07 6.47736654701969e-07 1.14138175613121e-06 8.1447241692123e-07 6.03019498224278e-08 3.5888139648943e-08 6.26272699033592e-08 5.75679052872147e-08
2.14504056739173e-09 5.84946957538079e-10 1.03060278533462e-08 2.14678529397716e-09 7.69950176948697e-09 1.65249750994079e-08 9.10808886089853e-09 2.65610644589742e-09 1.68383755827506e-09 2.87008949939604e-10 1.15927106802971e-09 2.97352009681617e-10 2.40676667484507e-10 1.76231540471861e-10 9.16602238554276e-11 7.36605554330083e-11 6.35217212163752e-11 7.33890948012572e-11 6.94148405422368e-11 3.92351562350513e-10 3.43790882428863e-09 1.49559498119345e-10 9.91820847673353e-11 6.86632106727814e-10 5.38308653208475e-10 4.60898011866995e-08 3.54044833450473e-09 4.00846650316922e-09 2.19838685588947e-08 1.22123294130638e-06 3.23276165923314e-06 5.83092101491545e-08 2.5383280303215e-07 5.59159070745441e-07 1.93909371206669e-06 1.69273200664954e-05 1.08200838123462e-05 6.13550527417406e-07 1.24803612522317e-06 4.91384532508299e-08 2.33121690662585e-07 9.24313095063134e-08 6.00215071866472e-08 7.17801690974795e-08 5.93859991071533e-08
2.51531049322296e-09 2.01194537696736e-09 2.96680340294841e-09 9.07448538534084e-10 5.41829963118801e-09 4.579554124029e-07 6.39981971195525e-08 2.1096866364978e-09 4.00251620735759e-10 3.27071414396585e-10 5.9006004526907e-10 2.48480747089275e-10 2.20803242356737e-10 2.77801870396388e-10 1.35170707959986e-10 1.19127241404726e-10 7.06152913920732e-11 1.03214459201695e-10 1.03822028751921e-10 2.27814855868758e-10 2.27609175951216e-10 2.64012667283708e-10 1.52421675281289e-10 1.32290933763102e-10 3.77158626552188e-10 3.48951245676687e-10 9.9341538328801e-10 2.06945187652963e-09 2.34084753802932e-09 2.45866763148861e-07 1.35273332258379e-05 7.12307241002019e-07 6.20684475871602e-07 3.85939901104138e-07 8.4836995262183e-07 9.67034098853237e-07 4.86844390890084e-06 1.63557223578081e-06 4.39297752306e-06 1.58607405764677e-07 9.79443156712279e-07 5.25238420301388e-07 2.36122242769365e-07 1.04459402916479e-07 5.40542381743947e-08
3.57633951342251e-09 5.23064747071089e-10 8.44639336250452e-09 1.63492323013159e-09 1.1559906365477e-09 1.67085465019312e-07 1.50130037623875e-08 1.01416382292108e-08 6.26479346177433e-10 4.44557313183935e-10 2.0923818233598e-10 1.49585632769345e-09 4.41535457085251e-09 1.19951543142705e-09 2.27888641290974e-10 1.84936321812046e-10 9.7256180886518e-11 6.64001964523209e-11 5.39962741186173e-11 1.4319510022176e-10 1.7396105667089e-10 1.83911663675929e-10 1.14221332392361e-10 1.57715174253781e-10 7.13077374925319e-11 3.64938379515678e-10 4.95862384486401e-10 2.57823286053949e-09 3.53620784876441e-09 1.3368775342304e-08 9.13195325358274e-08 1.02946426961958e-06 8.24953033341513e-06 2.11215696449774e-05 2.12050505139505e-06 2.99371392292747e-06 1.85999132981785e-05 2.80620900006134e-06 2.67555612157855e-06 0.000144299436145445 1.24538522968676e-06 2.44522084014154e-07 1.45959209870705e-06 8.37601747960548e-08 6.68683565518968e-08
2.57738496101112e-09 7.43762285093652e-10 5.04021591130055e-10 7.59505480729672e-10 5.58636881198282e-10 3.8457653395163e-09 4.90128498342735e-08 3.80940358812865e-08 5.40459680342664e-09 5.09864583886355e-10 4.35506819496112e-10 1.33516987466109e-09 2.86986886477436e-09 2.44044868757953e-09 4.86425826284886e-09 4.83203022039191e-10 2.97295188467217e-11 2.92879087648856e-10 8.2761109077012e-11 6.42780384474406e-11 1.21678678244308e-10 3.03717270222492e-09 3.5347930471552e-09 1.81488357675619e-10 5.52546008947274e-11 5.88156190417521e-11 3.21665472036159e-10 2.92002093615906e-09 4.55282688216485e-09 5.03693514786185e-07 5.14742687629521e-07 5.67337358370334e-07 8.63749027669725e-06 6.72614864949406e-06 8.72515244098038e-06 1.08392354319919e-06 1.69971820055403e-06 2.27269236494188e-05 2.77491390529017e-06 2.76423401250892e-06 3.7363720153949e-06 5.5140065846615e-07 1.29520720126841e-07 5.09644672364029e-07 7.52927179603624e-08
6.2590663763018e-10 1.19136730480918e-09 4.77299788581575e-10 5.13946096791784e-10 4.10932188277258e-10 2.03965457856725e-09 3.35315273691794e-07 6.12624338436341e-07 5.20189596953102e-09 6.83342593621461e-10 1.51680069615523e-09 4.94411707130382e-09 5.04888111318991e-09 3.70521273662661e-09 4.3435164354122e-09 1.74072789516089e-10 2.32733031735322e-09 2.51303826859228e-08 8.6925152631423e-10 7.52439011098005e-10 3.88652465765915e-10 1.86569200866238e-08 2.23521279263394e-10 1.36833633312961e-10 4.62846094784197e-11 3.22576299005561e-11 4.51921167154978e-11 1.42600542485383e-10 1.73296571537307e-09 5.59277445466577e-09 1.18603146551655e-06 6.41018863702936e-06 6.01635684271962e-08 1.29495515059364e-05 2.31866815335824e-05 4.94714771477334e-06 8.17266033259489e-07 3.4805608279509e-05 6.71365541141666e-06 5.15766487697578e-06 2.23737602350615e-06 2.74651962194339e-06 1.84953369197771e-07 2.46047706053965e-07 1.43327899271295e-07
8.16308820539291e-10 1.83958130950401e-09 6.05164707234707e-10 8.23053225573744e-10 5.49236345293025e-10 8.59504689643131e-10 1.95191287355456e-08 9.42640172585385e-09 2.20591712674079e-09 1.15734795080868e-09 8.56938120463724e-10 3.66293487763514e-09 2.49622597037202e-09 2.31434429398547e-09 5.45824342390588e-09 1.53091630483715e-09 3.87606002849594e-10 4.33619151696263e-10 3.07320524584043e-10 1.70590538361992e-09 3.30294063211056e-09 3.85270981784203e-10 2.17070762476013e-09 6.88264778503367e-11 4.26965240940547e-11 3.17036397134984e-11 7.40994599013334e-11 1.01543007335891e-10 2.59409793645915e-10 3.15289448993283e-09 2.90660728952119e-07 2.34116575674737e-06 1.65357052489545e-06 7.4757747589671e-05 5.62423995424277e-05 2.86380471128389e-06 4.58907100063799e-06 7.77254098617286e-06 2.68086756338715e-06 2.37082085320361e-06 1.15791056298775e-06 2.7320568705802e-06 4.76233142432392e-07 6.00718084187157e-07 2.44104757096686e-07
