Maxent_result_files_2/B_gerstaeckeri_3.asc
NCOLS 594 
NROWS 330 
XLLCORNER -15 
YLLCORNER 23 
CELLSIZE 0.166666666666667 
NODATA_value -9999 
[rows 60 to 79 of 330, columns 450 to 494 of 594]
1.22124532708767e-16 1.11022302462516e-16 9.99200722162641e-17 1.11022302462516e-16 1.11022302462516e-16 1.11022302462516e-16 1.22124532708767e-16 9.54791801177635e-16 1.55431223447522e-16 3.66373598126302e-16 1.4432899320127e-15 2.1094237467878e-16 2.1094237467878e-16 2.1094237467878e-16 2.1094237467878e-16 1.99840144432528e-16 1.88737914186277e-16 1.99840144432528e-16 2.55351295663786e-16 3.66373598126302e-16 4.44089209850063e-16 3.66373598126302e-16 3.88578058618805e-16 5.55111512312578e-16 7.66053886991358e-16 1.17683640610267e-15 1.72084568816899e-15 2.29816166097407e-15 2.09832151654155e-15 1.73194791841524e-15 1.26565424807268e-15 6.88338275267597e-16 4.55191440096314e-16 5.42899059041702e-15 4.46309655899313e-15 6.29496454962464e-15 9.01068109016023e-13 1.10434994482489e-12 3.34177130412172e-14 1.18793863634892e-15 1.11022302462516e-16 5.55111512312578e-17 3.33066907387547e-17 2.22044604925031e-17 2.22044604925031e-17
1.11022302462516e-16 1.11022302462516e-16 1.22124532708767e-16 1.22124532708767e-16 1.22124532708767e-16 1.33226762955019e-16 1.4432899320127e-16 1.66533453693773e-16 1.88737914186277e-16 2.1094237467878e-16 2.22044604925031e-16 2.33146835171283e-16 2.1094237467878e-16 2.33146835171283e-16 2.22044604925031e-16 2.1094237467878e-16 2.22044604925031e-16 2.66453525910038e-16 3.21964677141295e-16 3.77475828372553e-16 4.21884749357559e-16 3.99680288865056e-16 3.66373598126302e-16 4.77395900588817e-16 6.10622663543836e-16 9.32587340685132e-16 1.28785870856518e-15 1.77635683940025e-15 2.22044604925031e-15 1.64313007644523e-15 1.0769163338864e-15 5.99520433297585e-16 3.77475828372553e-16 3.26405569239796e-15 4.66293670342566e-15 1.17100773522338e-12 2.24955942762506e-11 4.13002965160558e-15 1.98729921407903e-15 1.99840144432528e-16 9.43689570931383e-16 3.10862446895044e-16 4.44089209850063e-17 3.33066907387547e-17 1.11022302462516e-17
1.11022302462516e-16 2.77555756156289e-16 0 1.55431223447522e-16 1.4432899320127e-16 1.55431223447522e-16 1.66533453693773e-16 1.88737914186277e-16 2.1094237467878e-16 2.1094237467878e-16 2.1094237467878e-16 2.1094237467878e-16 1.99840144432528e-16 1.58761892521397e-15 1.90958360235527e-15 1.87627691161651e-15 1.96509475358653e-15 7.66053886991358e-16 3.5527136788005e-16 5.10702591327572e-16 4.55191440096314e-16 4.88498130835069e-16 5.55111512312578e-16 4.55191440096314e-16 9.54791801177635e-16 6.99440505513849e-16 1.02140518265514e-15 1.46549439250521e-15 1.3988810110277e-15 1.32116539930394e-15 9.88098491916389e-16 5.77315972805081e-16 5.77315972805081e-16 9.59232693276135e-15 1.69093627988559e-12 2.77993184027991e-12 4.41633396519592e-12 4.61852778244065e-15 4.74065231514942e-15 1.765254609154e-15 1.86517468137026e-15 2.22044604925031e-16 2.22044604925031e-17 2.22044604925031e-17 9.99200722162641e-17
1.33226762955019e-16 2.22044604925031e-16 1.55431223447522e-16 1.55431223447522e-16 1.55431223447522e-16 1.55431223447522e-16 1.88737914186277e-16 2.1094237467878e-16 2.22044604925031e-16 2.22044604925031e-16 2.33146835171283e-16 2.1094237467878e-16 1.88737914186277e-16 1.99840144432528e-16 1.99840144432528e-16 2.55351295663786e-16 2.66453525910038e-16 3.10862446895044e-16 4.21884749357559e-16 4.77395900588817e-16 4.77395900588817e-16 5.32907051820075e-16 4.77395900588817e-16 8.88178419700125e-17 2.66453525910038e-16 7.32747196252603e-16 9.2148511043888e-16 1.27675647831893e-15 1.65423230669148e-15 3.63042929052426e-15 9.20374887414255e-15 7.7715611723761e-16 7.88258347483861e-16 1.10134124042816e-14 8.8928864272475e-15 4.59632332194815e-15 4.03010957938932e-15 3.574918139293e-15 2.99760216648792e-16 2.77555756156289e-16 2.57571741713036e-15 2.1316282072803e-15 1.22124532708767e-16 3.33066907387547e-17 2.22044604925031e-17
1.55431223447522e-16 1.55431223447522e-16 1.55431223447522e-16 1.77635683940025e-16 1.88737914186277e-16 1.99840144432528e-16 1.99840144432528e-16 1.99840144432528e-16 2.1094237467878e-16 2.1094237467878e-16 1.77635683940025e-16 1.55431223447522e-16 1.77635683940025e-16 2.1094237467878e-16 2.66453525910038e-16 3.10862446895044e-16 3.10862446895044e-16 3.21964677141295e-16 3.33066907387547e-16 4.21884749357559e-16 4.88498130835069e-16 1.55431223447522e-16 6.10622663543836e-16 7.21644966006352e-16 8.65973959207622e-16 1.13242748511766e-15 1.28785870856518e-15 2.14273043752655e-15 1.70974345792274e-15 3.47499806707674e-15 1.62092561595273e-14 5.18960430184734e-12 2.42187381260806e-12 1.47659662275146e-15 8.10462807976364e-16 2.1094237467878e-15 1.30562227695918e-14 5.77315972805081e-15 1.66533453693773e-15 3.99680288865056e-16 1.77635683940025e-16 1.4432899320127e-16 5.55111512312578e-17 4.44089209850063e-17 3.33066907387547e-17
3.21964677141295e-16 1.88737914186277e-16 2.1094237467878e-16 2.22044604925031e-16 2.1094237467878e-16 1.88737914186277e-16 8.10462807976364e-16 6.55031584528842e-16 1.66533453693773e-16 6.88338275267597e-16 4.55191440096314e-16 5.6621374255883e-16 2.33146835171283e-16 2.77555756156289e-16 3.33066907387547e-16 3.21964677141295e-16 3.21964677141295e-16 2.77555756156289e-16 2.99760216648792e-16 2.88657986402541e-16 1.33226762955019e-16 7.32747196252603e-16 1.13242748511766e-15 1.88737914186277e-15 1.01030295240889e-15 9.88098491916389e-16 1.04360964314765e-15 1.0325074129014e-15 8.99280649946377e-16 1.45439216225896e-15 7.67941266133221e-14 1.90051308024408e-12 6.7168492989822e-15 1.34336985979644e-15 1.10245146345278e-14 4.27879953690535e-14 6.64623911461604e-13 1.12132525487141e-15 2.1094237467878e-16 6.66133814775094e-17 3.33066907387547e-17 3.33066907387547e-17 2.22044604925031e-17 2.22044604925031e-17 2.22044604925031e-17
2.33146835171283e-16 2.55351295663786e-16 2.33146835171283e-16 2.1094237467878e-16 1.0769163338864e-15 2.88657986402541e-16 7.105427357601e-16 1.4432899320127e-16 5.55111512312578e-16 6.88338275267597e-16 8.43769498715119e-16 7.7715611723761e-16 2.66453525910038e-16 2.66453525910038e-16 3.5527136788005e-16 3.88578058618805e-16 3.88578058618805e-16 3.33066907387547e-16 1.23234755733392e-15 0 3.44169137633799e-16 4.10782519111308e-16 5.88418203051333e-16 9.43689570931383e-16 1.21014309684142e-15 1.4432899320127e-15 1.54321000422897e-15 1.48769885299771e-15 4.50750547997814e-15 1.04694031222152e-14 1.19873666548642e-11 2.60091059800516e-11 2.06186734352798e-11 1.33226762955019e-16 8.88178419700125e-17 1.11022302462516e-17 2.44249065417534e-16 7.7715611723761e-17 4.44089209850063e-17 2.22044604925031e-17 2.22044604925031e-17 2.22044604925031e-17 2.22044604925031e-17 2.22044604925031e-17 2.22044604925031e-17
4.77395900588817e-16 9.99200722162641e-16 6.77236045021345e-16 4.10782519111308e-16 0 7.21644966006352e-16 2.44249065417534e-15 4.88498130835069e-16 4.10782519111308e-16 2.99760216648792e-16 2.33146835171283e-16 1.02140518265514e-15 6.66133814775094e-16 5.10702591327572e-16 1.56541446472147e-15 0 1.11022302462516e-17 0 0 2.19824158875781e-15 9.54791801177635e-16 1.73194791841524e-15 1.45439216225896e-15 1.64979141459298e-14 2.4891200212096e-14 5.1725290717286e-14 3.95062149660674e-10 5.2274873318936e-11 8.34665669913193e-14 2.8332891588434e-14 8.88178419700125e-17 5.55111512312578e-17 0 0 0 1.66533453693773e-16 3.33066907387547e-17 2.22044604925031e-17 0 0 1.11022302462516e-17 6.66133814775094e-17 1.11022302462516e-17 2.22044604925031e-17 8.88178419700125e-17
0 1.33226762955019e-16 0 2.54241072639161e-15 2.40918396343659e-15 1.11022302462516e-17 1.11022302462516e-17 1.11022302462516e-17 8.54871728961371e-16 0 0 1.16573417585641e-15 0 2.22044604925031e-17 0 0 3.88578058618805e-16 1.11022302462516e-17 2.22044604925031e-17 8.32667268468867e-16 1.93178806284777e-15 3.50719453479087e-14 1.47281853379866e-11 1.75463310547741e-11 2.13018380712526e-11 7.36506411413984e-12 5.71764857681956e-15 8.63753513158372e-15 3.33066907387547e-17 0 0 0 0 0 0 0 0 0 1.11022302462516e-17 0 0 0 0 0 0
0 0 1.11022302462516e-17 2.20934381900406e-15 1.11022302462516e-17 2.44249065417534e-15 0 1.46549439250521e-15 5.07371922253697e-15 1.11022302462516e-17 0 1.11022302462516e-17 0 1.11022302462516e-17 5.88418203051333e-16 1.04360964314765e-15 6.10622663543836e-16 7.99360577730113e-16 1.13242748511766e-15 2.70783395706076e-14 6.9074412856196e-12 3.76032538440541e-14 2.03392858111329e-14 1.13575815419154e-14 2.22044604925031e-17 3.33066907387547e-17 0 1.11022302462516e-17 0 0 0 0 0 0 0 0 0 0 4.44089209850063e-17 7.7715611723761e-17 0 0 0 0 0
5.6621374255883e-16 3.33066907387547e-17 5.44009282066327e-15 0 1.33226762955019e-16 0 2.1094237467878e-16 0 2.88657986402541e-16 2.55351295663786e-16 0 0 1.11022302462516e-17 6.43929354282591e-16 1.68753899743024e-15 9.99200722162641e-16 1.14352971536391e-15 2.30926389122033e-15 2.66342503607575e-14 6.34048369363427e-14 1.96409555286436e-13 1.94733118519252e-14 2.22044604925031e-17 1.11022302462516e-17 8.88178419700125e-17 0 0 0 0 0 0 0 0 0 0 0 4.44089209850063e-17 3.33066907387547e-17 5.55111512312578e-17 0 0 0 0 0 0
4.77395900588817e-16 2.22044604925031e-17 4.03010957938932e-15 1.30280231047664e-12 1.99840144432528e-16 0 0 0 0 0 0 0 4.44089209850063e-16 9.32587340685132e-16 5.02931030155196e-15 1.4432899320127e-15 1.5931700403371e-14 2.66897615119888e-14 2.27595720048157e-14 7.7715611723761e-17 1.6153745008296e-14 0 1.11022302462516e-17 3.33066907387547e-17 0 0 0 0 0 0 0 0 0 0 0 0 0 0 0 0 0 0 2.22044604925031e-17 1.22124532708767e-16 2.22044604925031e-17
6.66133814775094e-17 5.55111512312578e-17 0 0 7.88258347483861e-16 8.88178419700125e-17 6.66133814775094e-17 1.43218770176645e-15 0 0 0 4.10782519111308e-16 1.73194791841524e-15 8.17124146124115e-15 4.86277684785819e-15 2.73225886360251e-14 4.41424674590962e-14 5.02597963247808e-14 2.44027020812609e-14 1.27342580924505e-14 1.11022302462516e-17 0 0 0 0 0 0 0 0 3.33066907387547e-17 6.21724893790088e-16 1.11022302462516e-17 0 5.55111512312578e-17 2.22044604925031e-17 0 0 0 0 0 0 0 0 0 0
5.16919840265473e-14 1.98484229052553e-11 3.5661174013768e-11 5.28743715477731e-13 2.99760216648792e-15 9.76330127855363e-14 0 7.88258347483861e-16 3.33066907387547e-15 6.60582699651968e-15 6.49702514010642e-14 4.65316674080896e-13 3.91831012080957e-13 2.22044604925031e-17 3.33399974294935e-14 5.22248910783674e-14 7.58726415028832e-14 9.82436354490801e-14 1.77080572427712e-14 9.54791801177635e-16 2.22044604925031e-16 0 0 0 0 0 3.33066907387547e-16 0 0 0 6.66133814775094e-17 1.11022302462516e-17 3.33066907387547e-17 4.44089209850063e-17 6.66133814775094e-17 0 0 0 0 0 0 0 0 0 0
2.0731305561128e-12 2.26344498699405e-12 3.24185123190546e-15 3.96405130942412e-13 3.25295346215171e-15 2.8199664825479e-15 2.22044604925031e-17 5.02931030155196e-15 7.90256748928186e-14 7.21978032913739e-14 5.85864690094695e-14 3.83804099612917e-14 2.33701946683595e-14 1.4432899320127e-16 6.66133814775094e-17 0 0 0 0 0 0 0 0 0 0 0 0 0 1.4432899320127e-16 5.55111512312578e-17 2.22044604925031e-17 4.44089209850063e-17 2.22044604925031e-17 3.33066907387547e-17 4.44089209850063e-17 0 0 0 0 0 0 3.33066907387547e-17 1.11022302462516e-17 0 0
5.90860693705508e-14 2.77555756156289e-15 8.94728735545414e-14 5.61772850460329e-14 4.44089209850063e-17 1.08912878715728e-14 3.19744231092045e-15 5.08815212185709e-14 1.13298259662997e-13 2.48057130391999e-13 1.49324996812084e-14 2.78888023785839e-14 2.52020626589911e-15 0 5.55111512312578e-17 0 0 0 0 0 0 0 0 0 0 0 2.22044604925031e-17 1.11022302462516e-17 0 5.55111512312578e-17 2.22044604925031e-17 2.22044604925031e-17 4.44089209850063e-17 0 0 0 0 0 0 0 0 2.22044604925031e-17 0 0 0
7.17870207722626e-14 1.45139456009247e-13 1.63069557856943e-13 1.60982338570648e-15 1.80511161573804e-13 5.6621374255883e-16 4.84390305643956e-14 1.07347464251006e-13 8.62421245528822e-14 5.03375119365046e-14 2.08721928629529e-15 1.11022302462516e-17 0 0 0 0 0 0 0 0 0 0 0 0 0 0 0 0 0 1.11022302462516e-17 5.55111512312578e-17 4.44089209850063e-17 0 0 0 0 0 0 0 0 2.22044604925031e-17 1.11022302462516e-16 1.11022302462516e-16 0 0
2.58335575153978e-12 4.33064695215535e-13 8.78186412478499e-14 4.10227407598995e-14 2.11275441586167e-14 2.3037127760972e-14 3.71924713249427e-14 3.13304937549219e-14 2.99760216648792e-16 3.33066907387547e-17 3.93018950717305e-15 0 0 0 0 0 0 0 0 0 0 0 0 0 0 0 0 0 5.77315972805081e-16 3.33066907387547e-17 1.4432899320127e-16 0 0 0 0 5.55111512312578e-17 0 0 1.11022302462516e-17 0 0 0 1.4432899320127e-16 0 1.11022302462516e-17
9.11737352282671e-13 6.21724893790088e-16 1.25011112572793e-14 2.80042655731449e-13 3.46167539078124e-14 1.22124532708767e-16 1.22124532708767e-16 1.55431223447522e-16 1.11022302462516e-17 6.88338275267597e-16 0 1.92512672470002e-14 0 0 0 0 0 0 0 0 6.66133814775094e-17 4.86277684785819e-15 0 0 0 0 0 0 0 4.44089209850063e-17 0 0 1.11022302462516e-17 0 2.66453525910038e-16 1.11022302462516e-17 0 0 0 7.7715611723761e-17 1.33226762955019e-16 0 0 0 0
4.21884749357559e-16 7.7715611723761e-16 2.66453525910038e-16 1.37490019369579e-13 5.58442181386454e-15 4.11970457747657e-13 5.44009282066327e-16 0 1.65535363194635e-12 0 0 0 0 0 0 0 0 0 0 0 1.11022302462516e-17 0 0 1.11022302462516e-17 0 1.11022302462516e-17 0 0 0 0 0 0 0 1.55431223447522e-16 0 1.11022302462516e-17 0 1.11022302462516e-17 0 4.03010957938932e-15 0 8.88178419700125e-17 0 0 0
