Maxent_result_files_2/B_gerstaeckeri_3.asc
NCOLS 594 
NROWS 330 
XLLCORNER -15 
YLLCORNER 23 
CELLSIZE 0.166666666666667 
NODATA_value -9999 
[rows 200 to 219 of 330, columns 90 to 134 of 594]
3.21405346781489e-11 3.46264017458964e-11 5.94797899822197e-10 3.35549099617083e-10 2.49199416657575e-10 2.77007429316578e-05 6.571719556695e-05 1.62290531307008e-05 3.92028958628998e-08 7.22787285578619e-10 1.58745042426744e-06 1.2401578430854e-09 7.86400033980783e-10 1.50272905230509e-10 5.40683691383492e-06 1.92974305617488e-05 5.46867311292942e-06 6.69907631426714e-05 0.000930696510661788 0.000151461296783939 0.00174695885476694 0.0150175613205647 0.000831888199701603 0.949060332775116 0.0152553737629205 0.000797522662597316 5.19811978264229e-05 0.000389655516568865 0.00139579883252736 0.000102672382583258 0.00187419682774816 0.932664573192596 0.888284707069397 0.924450653791428 0.831706994771957 0.73111515045166 0.0294994672222579 0.339424509508535 0.0692448688903991 0.0117282984102758 0.463211917877199 0.00111556658921472 0.0826731760870109 0.000665823497473639 1.61297618537226e-06
4.06067233171825e-09 4.3529664969888e-05 8.822414132581e-10 2.11947071004914e-10 2.84451351362236e-11 1.29427479844679e-10 3.83318177199499e-10 1.37327752502969e-09 3.0446699605946e-10 2.84484776784666e-06 2.20160188968421e-09 1.58893787016723e-10 3.90120913351666e-07 9.86755122056593e-13 1.31401212133397e-10 5.75299474725455e-11 4.0578161849858e-05 2.46578675903164e-05 7.86201067413672e-05 0.000131619929057525 0.00908578222367359 0.69986272516835 0.0177401699475013 0.0362284308299442 0.365325282499625 4.8483810841593e-05 0.00012665917498077 2.98722599534673e-05 0.00180209063764778 2.0219191656512e-05 0.00285880003484636 0.0107111195313266 0.000400962583444198 0.930557936429977 0.25459491237998 5.82458171265898e-05 0.151131991244988 0.0768729179206417 0.0495223454387393 0.107105011382373 0.325556471366872 0.844237869977951 0.782598072290421 0.000889870927142056 1.95924624367683e-06
0.0357860268262781 0.0164764918569542 2.34867492121538e-10 9.3775354148562e-11 1.51081924748553e-11 1.48968604118949e-10 1.29481536603748e-10 2.33271801874935e-10 2.46095288591874e-10 2.31641250625358e-10 2.08415973368403e-10 2.44724870981372e-06 5.11810005719981e-05 1.20481669085848e-10 8.0975748328882e-11 8.57280036825614e-07 0.0100912144550108 0.000379180699737514 3.04922664722485e-05 4.21560021550249e-05 0.0552885909404551 0.781847843527794 0.168222117402183 1.9675749945236e-05 0.00268300475581782 7.73027446780983e-06 4.97235881079194e-05 3.33300934056036e-05 0.000484974375649472 6.90041339623804e-09 4.25570884169835e-05 0.0237072873465314 0.241528136320267 0.0005888568219234 1.70846016771975e-05 0.000196424515300031 0.775588199496269 0.601084663975053 0.0952099758462601 0.562797820733706 0.373464731127024 0.105286415817486 0.963212049007416 0.05152393092867 0.00120254550092795
0.0210339283620481 0.0145707470536765 2.75144573791408e-10 1.61056290526318e-10 1.27163379826101e-10 7.82928499809543e-11 4.31703051084753e-10 1.19422916000644e-11 1.64954605530454e-11 1.13747722352286e-10 2.64732175367932e-06 2.07876804658724e-10 2.57341148390822e-11 7.753840369773e-09 3.91877549787978e-07 4.87048686182101e-05 0.000169512142012729 3.67631191787399e-05 5.85059481104655e-05 0.000385894606494075 0.0205811120569708 0.0281332393496996 0.00187483806803357 0.000766071591169748 1.61352333129972e-05 2.5847708497917e-05 7.31721287976495e-06 1.70751190149643e-05 0.000360206054279288 8.90259865826693e-11 8.10321921562718e-07 0.00755921411388377 0.0222019035574972 0.228092520684004 0.00193807958438015 0.000101823554725355 6.9450415537986e-05 0.00509209531355738 0.0455078897569017 0.0914338525092646 0.395629541143288 0.0176301308039954 0.0888756135093672 0.0804472140534921 0.963139247894287
3.81560982809503e-10 3.33204330793535e-10 3.11407055697543e-10 2.11823891760332e-10 1.48235512753558e-10 1.01011166098175e-10 4.93747709384706e-11 8.93298214066363e-06 7.69209140827343e-12 7.21107618062433e-12 7.28256568649499e-07 6.98296975798485e-13 1.25622179325546e-11 2.65976432434201e-08 2.57228904400719e-05 3.44993906292279e-05 6.66935835624827e-06 2.16871078867809e-05 4.23428266671522e-08 5.09449528385719e-05 2.24835112305755e-07 3.26186330339429e-05 1.75599639079538e-06 4.95769882036257e-07 1.42515226004836e-06 6.01237245945185e-07 7.99972559673012e-07 0.000114075865558316 3.02322059810067e-05 9.67198543477821e-12 1.10147332173738e-05 5.01405375017416e-06 4.5574316118735e-06 0.000395993590377364 4.79651571417272e-05 6.51500146614969e-05 1.10139703721757e-06 0.0271104035616649 0.0039728803080834 0.0284258002706745 0.00789504470303997 0.00860119010335204 0.00620605673672128 0.192779602411775 0.0605725709255245
3.4178603280921e-10 2.85745604955423e-10 2.99421154537072e-10 2.86662138471172e-10 1.52756651772279e-10 5.64287505611105e-11 3.28980953590019e-11 5.72134561949156e-12 3.45092843190287e-12 9.8196561992836e-12 1.7956012232645e-10 6.47734088587981e-12 6.20749118773745e-11 4.48007547792728e-05 9.04564534229713e-05 0.000592274342575605 0.000113626796350474 0.00117438756967232 0.00218600556935371 1.0252787916365e-05 1.60148965733242e-06 1.22167500649084e-06 3.7956220921842e-08 2.13427641782005e-08 1.19822711752704e-09 3.67835360179924e-06 4.9652870703909e-11 6.93232138360145e-12 1.49108298731271e-05 1.4225055906536e-06 6.00150315221981e-07 2.75657957947706e-06 3.97519879726804e-06 6.81227265886264e-07 5.78387584937445e-07 1.44377661399631e-06 0.000139419379412786 0.00573437772804937 0.0102165126339514 5.31295361270168e-05 0.460863794386387 0.0130836256654908 0.000161648806059622 1.74084039608169e-05 5.99151535425335e-06
1.00585939577513e-10 2.7932041124501e-10 5.25413967888966e-10 6.06138783609822e-10 2.29020036268679e-10 6.77011002814254e-11 4.45078640609609e-11 1.05316692984303e-06 8.39603941926725e-12 6.28019858339712e-13 6.56052989711498e-12 9.89642812143643e-12 7.89780463250622e-12 1.06946712421063e-05 0.00016631740312224 0.00389562944033059 0.628453034831733 0.39832495988385 3.48906786492575e-06 1.47444324305468e-08 1.64714573429592e-06 4.02258468312766e-08 1.27601651911391e-07 9.87929804630028e-10 3.11639603012281e-14 2.22196705479405e-12 4.55917525954419e-12 2.20094401592874e-09 1.87069621233604e-06 2.29891665703974e-09 2.68331133979061e-09 3.61949581417775e-11 1.60663149451068e-11 0.000347219033924362 0.000272213848984348 1.62274673130014e-06 1.39306819946561e-05 8.70211056280823e-06 0.00037725110696909 0.000640802525048123 8.18982779408062e-05 3.86189198759657e-05 2.35852512560086e-06 -9999 -9999
6.9082450750102e-06 4.03290037809256e-08 2.90598334284908e-10 1.90988886927812e-09 9.86566672800393e-10 3.65628549658936e-10 6.83689660441189e-11 7.31474880666383e-12 2.46582754215297e-12 6.49406084463067e-12 7.94821986005445e-12 1.19389276242998e-11 8.29140472606738e-05 0.00247891821127268 0.00194465528653041 0.00950925350189211 0.00043300620136657 1.30301452827553e-07 1.74071868030978e-12 3.53027683530627e-08 6.74983638759841e-08 4.01704046453233e-06 -9999 -9999 -9999 -9999 -9999 -9999 1.10000897279861e-13 5.43576295086723e-13 5.08149078370934e-14 2.85866330607121e-10 3.50510742652688e-10 5.80866208466091e-08 9.250648925474e-06 3.17504338909203e-07 2.77912454293983e-06 7.70743361044879e-07 3.42075662729258e-07 2.62008787785817e-06 1.91098403767853e-10 -9999 -9999 -9999 -9999
7.59132415623753e-05 9.03320401688834e-05 5.90435800518208e-07 0.0006056633286041 1.84429751470816e-08 0.00024055630388774 3.2021473543864e-07 1.41365419370487e-10 7.14621695152573e-11 5.15833820102785e-11 1.25966126418575e-11 6.1970339970685e-11 8.02428123947152e-12 3.0812186565754e-06 2.29140939556061e-10 2.82885426639012e-08 1.70220171291646e-11 1.14553921903848e-12 7.76556596804312e-13 1.23910770533087e-10 -9999 -9999 -9999 -9999 -9999 -9999 -9999 -9999 -9999 -9999 -9999 -9999 2.11275441586167e-14 9.05024011288447e-09 2.23705008011166e-06 0.00188461683574133 0.409720389381619 3.94280654347767e-08 6.25822985966806e-06 2.01823504539789e-06 -9999 -9999 -9999 -9999 -9999
0.000160962338579085 8.44965677170184e-05 0.000140779821262516 0.00022500688217133 4.75062557452222e-05 0.000395335906470251 0.000360560362450646 0.000199188583144394 6.122113785898e-05 2.02871349709088e-05 2.15930703223566e-05 5.93733099077398e-05 3.9289302485479e-05 3.88045664385661e-06 0.000458239186964116 1.24432870798663e-05 6.21016266677543e-07 3.66690971986827e-07 1.69864122767649e-15 -9999 -9999 -9999 -9999 -9999 -9999 -9999 -9999 -9999 -9999 -9999 -9999 -9999 -9999 -9999 -9999 -9999 7.97638055605177e-09 -9999 -9999 -9999 -9999 -9999 -9999 -9999 -9999
0.0587663949292619 0.0448096030206244 0.00708957032768467 0.000280598513692043 0.000581616830033216 0.0139621954342147 0.000363137123978508 0.000253958123243336 0.00072536037659745 0.000272149257110887 0.00052788576550622 0.00730839255265892 0.0101657315157354 1.58638336245076e-06 0.00619089190222439 0.00192223055056644 0.000170508086285359 2.06776479672044e-07 -9999 -9999 -9999 -9999 -9999 -9999 -9999 -9999 -9999 -9999 -9999 -9999 -9999 -9999 -9999 -9999 -9999 -9999 -9999 -9999 -9999 -9999 -9999 -9999 -9999 -9999 -9999
0.867026817798614 0.385826761029852 0.0803615234516022 0.0715786451473836 0.0192249725172587 0.17472889707424 0.218612339171557 0.170864509320563 0.158783726571579 0.00428203050106148 0.00609162613337162 0.0168062618059594 0.961016201972961 0.0221800280734897 0.00282708120716961 2.97851177055719e-10 4.91070517583125e-12 1.24676580171013e-10 -9999 -9999 -9999 -9999 -9999 -9999 -9999 -9999 -9999 -9999 -9999 -9999 -9999 -9999 -9999 -9999 -9999 -9999 -9999 -9999 -9999 -9999 -9999 -9999 -9999 -9999 -9999
0.943347525596619 0.266381471133029 0.282135445477619 0.14247797243874 0.215408115694299 0.825009161233902 0.237438646372027 0.108438667818004 0.00460369928281463 0.00926174633262917 0.590899224673458 0.683072555810234 0.015107737123617 0.00329902712257217 0.00108338630661934 0.000990826651695898 2.89792975394221e-08 3.65416717329481e-07 -9999 -9999 -9999 -9999 -9999 -9999 -9999 -9999 -9999 -9999 -9999 -9999 -9999 -9999 -9999 -9999 -9999 -9999 -9999 -9999 -9999 -9999 -9999 -9999 -9999 -9999 -9999
1.01397293975625e-06 0.000357215441665404 0.0158836662667471 0.948450970649719 0.942154574394226 0.00805220788132601 0.783188804984093 0.0687162686274632 0.000304448365825571 0.403960816962847 0.622299710351126 0.780968387153735 0.419408805003252 0.430320245027568 0.0595288587519467 0.00180017831262376 2.1855975728613e-05 8.82449876371538e-07 1.48210982153785e-08 -9999 -9999 -9999 -9999 -9999 -9999 -9999 -9999 -9999 -9999 -9999 -9999 -9999 -9999 -9999 -9999 -9999 -9999 -9999 -9999 -9999 -9999 -9999 -9999 -9999 -9999
4.34197986578511e-06 2.10474801676241e-07 5.50572945030581e-06 1.7682483245407e-07 2.15283794551269e-06 0.000546956946618637 0.00437479601255233 0.00674310615613649 0.000536200879401816 0.00510076937603117 0.226357967080548 0.963122361898422 0.90254470705986 0.000987641133330919 0.00128540253296101 0.000389800903562132 2.37713021551178e-05 2.42089681634639e-12 2.00361949254102e-12 -9999 -9999 -9999 -9999 -9999 -9999 -9999 -9999 -9999 -9999 -9999 -9999 -9999 -9999 -9999 -9999 -9999 -9999 -9999 -9999 -9999 -9999 -9999 -9999 -9999 -9999
1.99327228500579e-08 3.79223212816027e-05 2.81428810815498e-06 1.51855487939834e-07 3.79612808501406e-05 5.68538991548073e-05 5.14106439508777e-05 8.27222634144364e-06 0.000526552821023485 0.0118806164187845 0.00775431010463425 2.81281807102407e-05 3.61101140796682e-05 8.13353518652749e-06 0.000399959440824205 0.00230359352135565 5.10554215253922e-06 1.73358870370066e-08 1.22192256313269e-11 -9999 -9999 -9999 -9999 -9999 -9999 -9999 -9999 -9999 -9999 -9999 -9999 -9999 -9999 -9999 -9999 -9999 -9999 -9999 -9999 -9999 -9999 -9999 -9999 -9999 -9999
3.53606033343112e-14 2.83884027396653e-14 5.81701353752351e-13 2.58195254065896e-10 1.2232392876399e-10 9.88130943735399e-10 1.0058398558499e-12 2.02983915897903e-08 2.49177087425778e-06 4.26035180467466e-09 1.13088005093687e-06 1.61266487452849e-07 0.00017407975228636 5.01503516544099e-05 0.000337285205073234 0.00116069370028526 1.9057127360611e-07 4.9997005469038e-07 1.26720914739309e-07 -9999 -9999 -9999 -9999 -9999 -9999 -9999 -9999 -9999 -9999 -9999 -9999 -9999 -9999 -9999 -9999 -9999 -9999 -9999 -9999 -9999 -9999 -9999 -9999 -9999 -9999
4.28836837262914e-08 4.46975789714088e-14 4.97490937334533e-14 4.64850380410553e-14 1.44995127016045e-14 1.00031094518727e-13 2.23132623489164e-13 7.8079764875838e-13 1.24254051492301e-11 5.14207152946256e-07 3.68648692017359e-08 1.47227901834412e-06 3.87335621519935e-05 6.27843995668287e-05 0.000373462850612438 4.72660888833909e-05 2.34204908339253e-06 5.17743401360349e-06 -9999 -9999 -9999 -9999 -9999 -9999 -9999 -9999 -9999 -9999 -9999 -9999 -9999 -9999 -9999 -9999 -9999 -9999 -9999 -9999 -9999 -9999 -9999 -9999 -9999 -9999 -9999
3.86690679476942e-14 1.24407667501103e-09 2.21822560320106e-14 1.5887291482386e-14 3.63931107472126e-14 2.11608508493555e-14 6.67688127009569e-14 2.2348545236639e-11 4.25413304583344e-10 1.69067426725178e-11 8.98913739888485e-08 1.05273190911248e-06 2.16741778785945e-05 2.40512758864497e-06 3.05638958034371e-05 -9999 -9999 -9999 -9999 -9999 -9999 -9999 -9999 -9999 -9999 -9999 -9999 -9999 -9999 -9999 -9999 -9999 -9999 -9999 -9999 -9999 -9999 -9999 -9999 -9999 -9999 -9999 -9999 -9999 -9999
8.65751914602697e-14 7.34967642301854e-15 1.25455201782643e-15 7.99988038813204e-08 1.09403597292612e-12 1.68130476208006e-10 5.10689681051391e-06 1.59741744276687e-09 6.21511825116272e-07 1.10495934624311e-10 6.76276812328069e-12 4.07062698286609e-06 1.56083249067018e-05 -9999 -9999 -9999 -9999 -9999 -9999 -9999 -9999 -9999 -9999 -9999 -9999 -9999 -9999 -9999 -9999 -9999 -9999 -9999 -9999 -9999 -9999 -9999 -9999 -9999 -9999 -9999 -9999 -9999 -9999 -9999 -9999
