Maxent_result_files_2/B_gerstaeckeri_3.asc
NCOLS 594 
NROWS 330 
XLLCORNER -15 
YLLCORNER 23 
CELLSIZE 0.166666666666667 
NODATA_value -9999 
[rows 100 to 119 of 330, columns 360 to 404 of 594]
2.89255346785922e-08 3.10275808601546e-08 3.83186772978661e-07 2.93593991784746e-08 3.26223734248288e-08 2.9072427309984e-08 2.16485087634055e-08 1.92770858831182e-08 1.26328432159539e-08 6.71160733656251e-09 3.40364737727583e-08 0.000120689941560603 3.51860246737168e-05 2.98286274149517e-05 8.96202928528655e-06 1.28381393580401e-06 0.000135579762172067 2.03875533344444e-08 6.08881293828745e-07 7.52246079790297e-05 0.000112135078349418 4.39845246091863e-07 7.09358573658392e-07 1.16922471988801e-06 5.21465676683874e-07 3.49549225120427e-07 5.05349589730031e-07 3.30743694121338e-07 4.03520914460387e-07 1.4415773108567e-08 8.34875782283806e-05 0.000100848095370232 2.19991815120113e-05 8.08423503834144e-06 1.05708684827732e-07 6.16141812770366e-07 2.52560715807704e-07 2.22325715171223e-08 4.01052932375023e-07 8.14219220046652e-07 6.61431852222449e-07 3.10961887350913e-08 5.36327398492631e-08 1.0407246486821e-08 1.73435789063703e-09
1.99390338906369e-08 2.89882645887474e-08 3.05863132155082e-08 2.58981739165165e-08 2.5999834463164e-08 2.44932135018416e-08 2.08926742573112e-08 1.44520374334434e-08 1.82216936520652e-06 1.18594078837519e-05 1.18873284549181e-08 2.4214270979428e-07 2.21861871096962e-08 2.28612343278201e-08 2.35486705690846e-08 2.31715858944881e-08 5.33711094237166e-06 1.26421732603577e-06 9.09283289729501e-07 9.39946083825527e-06 7.43423984677749e-05 2.1608616052049e-08 2.97681515348813e-07 5.37956043444865e-07 5.44596196050406e-07 2.44131382487467e-07 1.84845422523949e-08 4.95750691698049e-07 2.54779081387824e-08 3.32205229002236e-06 1.73003647087389e-05 7.88816149200899e-06 0.00020202297747367 5.23557866927149e-07 7.16537670086836e-07 8.96143365025637e-07 4.39164978160989e-07 1.03934146409301e-06 9.36644738658288e-08 1.8818428202394e-07 1.25311589727062e-07 9.25487029235228e-08 1.58646005843366e-07 6.72450494221266e-07 3.44991821066287e-07
6.45228305984347e-07 4.09066842621542e-07 2.58473903613776e-08 2.66360537182209e-08 2.15506613443495e-08 2.11484039169818e-08 1.71044476360294e-08 1.29110755864303e-08 1.05028667348961e-05 9.38391173313846e-05 1.35152738778288e-08 2.17042327221861e-07 1.90109801678773e-08 2.0635611264197e-08 2.00517831672187e-08 4.98804066388914e-06 7.13269293993735e-06 2.14724934721744e-08 3.18607419558248e-07 8.94230129777629e-07 3.23692576912338e-06 4.69286067072971e-07 1.6807288830023e-06 1.17016052172403e-06 2.7799183044408e-07 8.07968808658188e-07 3.52722042862297e-07 4.84169455106098e-06 8.89501700866546e-05 8.75875124900505e-06 7.1036845521677e-06 1.02060880563415e-05 6.12790108789341e-07 2.4128195832418e-07 1.52660451391284e-08 3.74153557913814e-07 3.89746446671779e-07 4.62250750388193e-07 9.62964759310125e-07 8.94749211965973e-07 1.67753128152981e-06 5.55437367211198e-09 5.90538434153132e-07 4.90152149268397e-07 8.49097136779164e-07
1.94420211485635e-08 2.43947138045542e-08 2.64581878184345e-08 2.38103467609108e-08 1.48692256729532e-08 1.66611329177613e-08 1.13152589520382e-08 1.76876738366971e-08 6.26727651820147e-07 1.19056725367273e-08 1.52383393015043e-08 6.98833929557718e-07 1.7526192568118e-06 6.88936217074776e-07 2.33468827622874e-06 7.0772039340028e-08 1.61041363355707e-08 1.86056244189103e-08 4.49123140044971e-06 2.60322522649403e-08 2.67899082473377e-08 1.46912244645137e-06 2.12801269299234e-06 5.0789200039425e-06 4.96987217957212e-07 2.78489369520685e-07 1.0220388048765e-06 1.71833008266731e-08 2.84383020243695e-07 3.1850842105996e-07 7.7795024760352e-06 0.000129209123629592 3.0881474231137e-07 6.30874342277821e-07 2.99588657526328e-07 2.03226375106169e-07 1.0477236855877e-08 1.20332416031488e-08 4.05209852338828e-09 3.38681734879387e-09 5.45619855074619e-08 3.06073305589294e-09 3.30417989857779e-08 1.36352512392079e-08 1.26217056806155e-09
3.99904132031281e-09 2.58818030118846e-08 3.34478158947604e-07 2.11086366164182e-09 1.0800429706137e-08 1.1413926515047e-08 1.96318260797801e-06 3.46408120321939e-07 5.20068774731985e-06 8.68147402303121e-06 1.1489560236555e-08 5.66125231771242e-07 1.27957578163196e-06 7.26109648643281e-06 5.88342063559955e-06 1.86707946880915e-08 2.1732337174285e-08 2.54663082585038e-06 9.95419050870972e-06 7.10826770955464e-07 1.66223358064599e-06 5.5250427521969e-08 2.15089068200669e-07 1.00449424301763e-06 6.50668115900754e-05 1.50376369134619e-08 2.6976595108863e-07 4.87483077904471e-07 1.10744858830003e-06 1.35342834255425e-06 6.75601279453986e-07 4.69912049538834e-07 8.35109915442445e-08 6.84839292830475e-08 1.86842333960158e-07 1.10312517860645e-05 1.92207999135663e-06 2.22661327597962e-08 9.16033957576445e-09 4.55388402542667e-08 4.48307923761604e-07 5.5922824060417e-08 6.61051245742783e-08 4.51915582289075e-08 5.8009808068249e-11
3.10421331306543e-08 3.0664711658801e-08 2.74556452239949e-08 2.13903724954889e-08 1.60535446269705e-08 1.47753808092954e-06 1.35857522565175e-08 1.21570804978433e-08 3.30431904007611e-06 1.66857012148247e-06 4.33555278356978e-05 6.2585721384667e-05 6.6418172954541e-05 1.83003923126535e-08 1.96161021648322e-08 1.74464538815755e-08 5.38351159207195e-09 2.24936826498379e-08 2.23813387378868e-08 5.53855965440886e-05 5.54129201191245e-07 1.99680151524717e-08 1.99529972633172e-06 5.76908723814995e-07 2.8027285452481e-07 1.66653514099835e-08 2.27525237050941e-07 0.000173899321903459 4.34468211096828e-07 2.34403711374398e-07 5.57357543584658e-07 3.92789411307604e-07 1.23715972222271e-06 5.62392472147621e-07 6.81291595583389e-08 9.81855282644606e-07 3.08768383695757e-05 1.40490402600335e-07 5.93036941154423e-07 2.97395331472217e-07 4.29634781085042e-08 1.06723217641047e-07 5.57127521005896e-08 7.87236785981804e-08 6.9731777330162e-07
2.99209290233193e-08 2.75911105518389e-08 2.77533061421309e-08 2.57972686767971e-08 2.28228902443561e-08 1.99169175374436e-08 1.58554136930888e-08 1.55106043564501e-08 1.48426313018035e-08 1.12461561943e-06 2.59012187156404e-05 8.65161073889675e-06 3.72409166837784e-09 6.13873126067421e-06 4.76126465165372e-06 2.68934019249656e-06 8.29138003100027e-07 2.84803739702966e-08 1.77755115515765e-08 3.97633121487217e-06 1.47280083240275e-08 2.27851664647005e-08 3.53329323843354e-07 1.29309323710913e-06 8.62705314830237e-07 1.64344154285345e-08 1.91208059163728e-07 4.31088011025649e-05 2.47940863573604e-07 2.52956851909403e-07 2.49609377078741e-07 1.25074517853818e-08 5.35596041117969e-07 1.42970163778955e-06 3.52549454873952e-07 4.38505107780429e-09 4.63922887661283e-08 2.36371260342594e-09 2.86852434783214e-07 5.9809734693772e-07 4.50396669959829e-09 9.92960565326939e-08 6.46697941419916e-08 3.49841639035731e-07 3.74439491679368e-07
1.4627101196929e-09 7.14794655031215e-06 2.49544373811528e-06 9.01994572349851e-06 9.38813528454929e-06 4.4297523350223e-06 3.67112672117198e-06 7.62558093074794e-06 5.9069122926303e-07 1.2183659243159e-06 1.45340958823681e-08 1.43277912201256e-08 1.16922347359605e-08 1.14343003332351e-07 5.27058949750803e-07 2.01394655618969e-08 2.18492786530078e-08 2.47451076518246e-08 2.74975441527658e-08 2.8543010444082e-08 2.94248330590108e-08 2.60285567321716e-08 2.84330134547872e-08 2.09808526108191e-08 5.18700869633903e-07 1.7756360648491e-08 5.22077956008893e-06 3.97936131163457e-06 2.19336899931477e-07 2.12743242400393e-07 7.29707835489535e-07 7.02741914437865e-08 3.79033417630126e-07 4.40817962044093e-07 3.1640919360143e-07 3.74825685867108e-07 4.87159866224829e-07 4.58513102330471e-07 4.83552958030486e-07 2.73677500217673e-07 1.33439385763268e-08 1.37641066544347e-08 1.54016767339726e-08 1.35144102131335e-08 2.41998884575878e-07
8.51474567298283e-07 7.6552170798827e-06 2.53279004670537e-06 2.59686849890528e-06 4.5407494093308e-05 2.43524538172668e-06 1.62171662765331e-08 6.78178221481529e-06 8.51092027456257e-06 4.86920453113271e-07 6.65602729185144e-06 1.64701525307009e-08 1.68832151814513e-08 2.94485237495312e-06 1.4790365649664e-06 1.99109177145829e-08 2.33901452872942e-08 3.32440293959735e-08 3.34711081961814e-08 1.05070443086608e-05 3.07817380473807e-08 3.07400675580993e-08 1.25152705653386e-06 2.27202093583401e-08 2.10041484649537e-08 1.94194651470525e-08 1.9143212881545e-08 5.9989671008509e-09 1.81331540005658e-08 7.5772852596856e-07 5.45281568520295e-07 8.5348885932035e-07 1.65834627807726e-08 3.34739121399252e-07 1.6730493967998e-08 1.69889876389107e-08 2.49085184123032e-07 3.43333658747724e-07 1.34778545657355e-08 1.45827776520946e-08 1.68294725710894e-08 1.59522549836311e-08 1.41500620998158e-08 1.32317541812199e-08 1.16759465565996e-06
1.30050941608006e-06 6.07221835480232e-07 1.18518224675013e-05 3.18049489655969e-06 2.38191013579581e-08 2.97918806315689e-06 2.39291260584196e-08 1.93039301876752e-08 1.71930995662706e-08 1.51750402466178e-08 1.77452903926678e-08 1.95345631226473e-08 2.01312790437669e-08 2.10329556438182e-08 1.84201990549582e-08 1.67565931571412e-06 2.35214720589738e-08 2.50592854911247e-08 2.77001987569747e-08 3.03443130178493e-08 5.69099193574729e-06 3.85064978020155e-06 2.87706718893332e-08 2.93325300049219e-08 2.76334631621467e-08 2.38766304505589e-08 5.46323847996355e-06 1.7980506549331e-06 3.44582070965771e-07 3.51249343566451e-07 2.84357292912318e-07 2.14602118830953e-07 1.5189330326848e-08 1.51129945891171e-08 1.17954343181736e-08 2.11464949196882e-06 1.98557437158797e-08 1.39125980069821e-08 1.46930808853085e-08 1.5244595985564e-08 1.47255832416704e-08 1.47886382251272e-08 6.87927661091825e-05 4.20764137238905e-06 1.77082274177565e-08
3.45044156802032e-08 1.64174455363097e-05 1.79282756113119e-06 8.96226591909577e-05 2.74142113071418e-06 2.31935374017667e-08 2.01889012174661e-08 5.98297846821083e-09 1.84804129332861e-08 1.62425706662361e-08 9.35713142524719e-09 1.82682693861125e-08 2.26985889639764e-08 1.84387980439737e-09 2.38083764259045e-08 1.8015283487216e-08 2.42219222457152e-08 2.54936031515163e-06 2.85627194784865e-08 2.97402003468505e-08 3.18808034194262e-08 3.34014892189316e-08 3.47014839974236e-08 3.54261061374928e-08 5.32559045041126e-07 2.59057912899152e-08 1.27762696139344e-06 8.03530716699807e-06 2.15540104875345e-08 3.14055404260216e-07 1.82749047894504e-08 1.66582292848716e-08 1.4453072338938e-08 1.08548179056367e-06 2.23171670654665e-07 1.52627762872726e-08 1.60767097412418e-08 1.49088041467849e-08 3.97057126348965e-06 1.63949579246037e-08 1.64735887153711e-08 1.75322696804869e-08 1.66104126009259e-08 1.53878897179993e-08 4.67375081771859e-05
3.60017466505269e-08 3.29774316298881e-08 1.11943376285284e-06 1.26559416737893e-05 2.29357219438953e-08 6.85282284652589e-06 2.07217262016002e-08 1.99648617638104e-08 1.81402270982289e-08 1.67106427606534e-06 1.41402807685154e-08 1.57155685798216e-08 1.67131791073416e-08 1.6821598691763e-08 1.66781646271374e-08 1.93142682292091e-08 3.6850824629453e-06 2.01621126905138e-08 2.50553988223601e-08 2.90036439309915e-08 3.52827028656799e-06 3.17801266191964e-08 3.35305571752542e-08 8.52806351758773e-07 6.86894246796355e-06 2.89976277656478e-08 8.16494790991662e-06 1.16658957268756e-06 1.91807576044312e-08 2.11220772428078e-08 1.83337487413837e-08 1.75078856301525e-08 1.86557499858297e-06 3.78248908434742e-06 1.60259528458884e-06 3.02345382109381e-06 1.40743900090001e-08 1.38293653861865e-08 3.35178538080072e-07 5.09715096219665e-07 1.33167361582309e-08 1.26834290625766e-08 1.35255209698926e-08 5.25021586376573e-05 9.65363433635957e-09
3.48924018567232e-08 3.27223169449553e-08 2.95316247900246e-08 2.76146600697302e-08 2.55261753068226e-08 2.26415394877222e-08 2.19903000697741e-08 2.00536717898103e-08 1.85663896701271e-08 3.97326323874347e-06 2.85117162112103e-06 1.37052474258326e-08 1.63521917784237e-08 1.62927822344727e-08 1.59389035303548e-08 3.89088377517055e-08 9.05160914044245e-07 2.10211073872202e-06 2.01593280735324e-08 3.46701584605924e-06 5.89332004558019e-06 2.83005548339377e-06 2.93462406375511e-08 5.07131953892959e-06 1.0441986676879e-06 2.65338719884767e-08 2.90902418421668e-06 3.50857138921024e-06 1.65964984446543e-06 8.00839337122827e-07 1.8122834433143e-08 1.9430590825209e-08 2.92232819588678e-06 1.23030059029361e-08 5.44294152859948e-07 2.96040926358598e-06 1.16907717284676e-08 1.19434155010367e-08 1.23913903138373e-08 1.50498131290533e-08 1.4603054410145e-08 2.71482940661372e-07 1.26933752397917e-08 1.71416159179261e-06 1.57787500398854e-08
3.1416025336739e-08 3.26048208876273e-08 3.18965490464507e-08 2.52842525583219e-08 2.68014574089648e-08 1.15803316083074e-06 7.77062518864113e-07 4.30900053061123e-07 8.76656304171775e-07 1.43523116096222e-06 2.43701302338195e-07 3.23111918697494e-06 1.00517481801399e-06 1.15792495591904e-08 1.44403060176046e-08 1.5364754446523e-08 1.23359000164802e-06 1.85524686791005e-06 3.21169540822286e-06 2.35759300970528e-11 2.36516058294001e-08 2.95678034945013e-08 2.880312877096e-08 1.10541307305478e-06 1.72014829336042e-06 0.000325971342036002 4.13134412291516e-06 2.35160676709256e-08 2.24205976451231e-08 8.53317561260169e-06 6.6433042353875e-07 1.42684793758008e-08 1.3239203866533e-08 2.13363938361688e-06 1.48561043717965e-06 6.91406035002728e-07 6.73079948976252e-06 1.37309381642581e-08 1.26232336583598e-08 1.25934693784302e-08 1.22863671236928e-08 7.58770415387744e-09 1.55827546421961e-08 4.644203786075e-06 6.12257201937361e-07
3.10479371989914e-08 3.32007608960794e-08 3.28545965544436e-08 3.57032025698478e-06 1.06973779192887e-05 3.14309354516595e-06 3.66939712010961e-06 3.25055374789107e-06 3.32343779549937e-06 1.28073796901162e-07 6.3189940036068e-08 2.2311870908176e-06 3.48196799715428e-06 7.93540039167873e-07 4.18344075181487e-07 1.25345621881934e-08 3.06271780211587e-06 8.56873953125614e-07 3.07702752286865e-06 6.58978791561182e-06 9.97120898784676e-06 2.50846838412144e-08 2.56847876300981e-08 2.36431120015368e-08 5.22886352303242e-06 6.39075460440175e-06 4.048932078482e-06 6.32788196843759e-06 1.92389087771971e-08 5.53549311540502e-06 5.75598735059746e-06 5.95111705720131e-06 2.76689381923934e-06 8.36514936963795e-07 6.30671024737239e-07 2.51689891683782e-07 5.26348333240723e-07 1.2971544194329e-08 4.0433318417854e-07 1.43208620073665e-08 6.58826751201103e-05 1.68891428842244e-08 1.66411869173544e-08 1.45651142702263e-08 2.68104632906718e-06
7.88976348825576e-06 1.31226918477223e-06 1.22701919736956e-06 4.67171642756226e-06 1.98343450108496e-08 8.49416654213897e-07 1.82494378719866e-08 1.4508783152678e-08 2.94650784000705e-06 1.17299844504259e-08 1.29332756974021e-06 9.79189547223314e-09 8.80510224732234e-09 8.16230749645097e-07 1.71497804837273e-06 8.63136733841863e-07 6.17891623733158e-07 4.48658829554915e-07 4.46510171059344e-07 5.03972705701017e-07 3.27506213620987e-06 1.02040589808894e-06 1.18128768285208e-05 2.04283214781942e-06 2.66268511950329e-07 1.59822511708319e-06 3.82996252490386e-09 1.43525818430135e-07 8.82483163888725e-07 1.0293574177922e-06 1.74969230215538e-07 2.43407153036612e-06 2.41746448637059e-07 4.67887298327696e-07 3.73600723885259e-06 1.98335161659791e-05 1.32959577570091e-08 1.43791091034018e-08 1.37447699444238e-08 1.55819808611568e-08 1.72239257523188e-08 1.77527081035578e-08 4.00232469388584e-09 3.14297011527742e-07 6.27908230091956e-06
5.40466984338961e-06 2.8946089969395e-08 9.56686062636436e-07 8.67023619022245e-07 8.70421104715025e-07 1.7269730981595e-06 1.85102223326794e-08 1.75112418787649e-08 1.23235745379535e-06 4.74035532632699e-06 7.62870740800281e-07 1.78456339483546e-07 6.47841056888865e-07 5.30906413587218e-07 5.5596069614694e-07 1.68588206861386e-07 6.78782885188411e-07 5.57568992188839e-06 1.02215403785522e-07 5.7655108776089e-08 1.29740828924696e-07 2.00277854389697e-07 3.78218373953132e-07 4.04688864852343e-07 1.67788905969246e-07 1.47482344914351e-07 8.90344820092537e-10 9.9066382974744e-07 1.37648769493737e-08 1.74064521171191e-06 3.60266403731657e-07 7.36150900593202e-07 3.19643254442781e-07 2.43479562427318e-06 4.0573450921344e-06 2.20568846890368e-06 1.19467618020508e-08 1.25721399513168e-08 1.44008243552207e-08 1.41618642146568e-08 1.7223585047077e-08 1.6544553105291e-08 2.57102300338374e-08 3.03876166452e-09 3.01993341066398e-06
8.9493003616492e-06 2.78809103804178e-08 9.50698517987458e-07 1.44648737432362e-07 2.39231841447918e-08 4.90318831842806e-06 2.13751036426402e-08 8.76914237568638e-06 6.53885581414215e-07 1.19005701293418e-08 7.20479374649585e-07 4.86997794268973e-07 9.66630182119843e-08 3.40506881002511e-07 2.22961094209495e-07 5.36605469392271e-08 8.05107113421855e-08 7.73797204089988e-08 4.70181632294953e-08 4.19068236112707e-08 5.14121918371302e-08 1.1589620498853e-07 7.69619373397479e-07 6.27430159738651e-07 1.1575492280258e-07 1.85388979900836e-07 9.02365684616324e-06 5.95756955590332e-07 4.95249683041266e-08 3.66428872666802e-07 4.73946247900869e-06 1.66315901140024e-07 5.10323655333877e-08 6.66276243066477e-08 8.84629812958337e-08 3.65913528810324e-08 4.256125066604e-07 8.64831001479161e-08 1.31220960497558e-07 1.26544640011161e-07 5.62619311494927e-07 5.01530212204671e-07 5.91412776884681e-07 5.51167168024724e-06 1.58834975394484e-08
3.30864800446307e-08 3.08310874961304e-06 2.39591990691679e-08 2.45995700254298e-08 6.83177381688438e-07 1.11591693895408e-06 2.09508055348806e-08 1.630389512286e-08 1.62872062503538e-08 1.34555893538391e-08 4.25506605161718e-06 3.11706044381355e-06 1.49052713993569e-07 2.36040847312324e-07 7.74088135813145e-08 4.88991327074473e-07 1.91604365795683e-07 2.03356376005104e-07 1.21617280512965e-07 8.7949942439991e-08 1.02762254261535e-10 3.93022301135026e-06 2.16102731087631e-07 2.61049930827539e-07 1.24603793667522e-06 1.83850440014566e-05 5.7010277032532e-07 1.97818808381767e-06 1.07900386866477e-06 2.52084947760522e-07 6.39133997282215e-08 8.4576586800722e-08 1.27119203341408e-07 7.74948269111064e-08 1.01227473692234e-07 4.32119175997059e-08 2.73817061469117e-08 2.74564520452714e-08 3.30985942653683e-08 2.74016068502192e-08 1.79686487911113e-11 1.40290112859986e-11 6.72776607757442e-08 3.3711458400143e-06 8.34881802802556e-07
3.39859028031242e-08 3.17912714820068e-08 1.16360704397467e-06 2.30859615157897e-07 3.70874511190777e-07 2.09681458329669e-07 2.07031508381306e-08 2.17712786897417e-06 1.56845359811086e-08 1.19440930035353e-08 1.08489826899927e-08 1.03848119437089e-08 2.7700235934236e-06 2.65446506410028e-06 5.85489701165898e-09 2.27176242437732e-06 6.14702226897634e-09 6.02866907750688e-07 6.94258392996971e-09 8.52337734613684e-07 1.41395585370185e-06 7.86225484716851e-09 1.09338166179862e-06 6.78648666507797e-07 8.72197783047257e-06 5.64928386873609e-06 3.3554257470314e-07 3.51667489439933e-07 6.52031548753484e-08 1.24268040302411e-11 3.58285994650487e-08 7.07715713588186e-08 2.45088094263934e-10 1.34669525664322e-07 9.36977947674222e-08 6.42881627044289e-08 4.72158980358017e-08 3.69511024445046e-08 4.44819882261527e-08 4.38353279008652e-08 2.10331222660898e-07 4.42688598667473e-08 2.87116927566444e-08 4.36825075667002e-08 3.14544880808398e-08
