Maxent_result_files_2/B_gerstaeckeri_3.asc
NCOLS 594 
NROWS 330 
XLLCORNER -15 
YLLCORNER 23 
CELLSIZE 0.166666666666667 
NODATA_value -9999 
[rows 220 to 239 of 330, columns 270 to 314 of 594]
-9999 -9999 -9999 -9999 -9999 -9999 -9999 -9999 3.50310539946386e-05 6.70404207479991e-05 1.39870812846832e-05 1.96031502852634e-07 1.00407745873166e-05 3.04895838928454e-06 6.88322794982099e-05 0.00138434710032289 0.00265838610138331 2.17976958083455e-07 6.766012983217e-09 8.38247084127275e-06 3.3407383490891e-06 3.15953378960732e-05 1.46895713457162e-05 4.58031916450441e-06 5.26907166119583e-06 6.21188020688557e-08 3.06417110573776e-09 8.83129853004427e-05 1.64121647685533e-06 3.43654337697785e-07 0.000446793153655989 3.22158712151577e-06 1.23084773804294e-06 2.13361636802745e-08 9.3601765378537e-07 3.14714562188456e-09 3.56048558083355e-06 7.23093427836829e-06 5.66286200154309e-09 4.21477608369969e-08 1.00408645842265e-09 7.00736131884483e-06 -9999 -9999 -9999
2.28258236489864e-06 9.84672013828458e-06 0.000134141310146563 0.000465485225398965 1.33752309228186e-10 -9999 9.09800679238515e-11 1.87933340978219e-07 2.99358071556677e-05 9.70025931439355e-06 1.33838950845178e-05 0.000470804241874134 5.45025318099412e-08 1.01280819220229e-07 0.00106351020313014 6.88958130012907e-07 3.94508311019059e-08 9.58760594249597e-08 4.58102499578672e-07 1.01864572332744e-10 3.76023158422223e-05 1.66087999572517e-05 1.47786892874535e-06 1.80635024305875e-05 3.81142148399682e-05 6.62616406188477e-11 2.22044604925031e-14 1.78235204373323e-13 1.11022302462516e-17 1.00951596682108e-07 1.60167385487853e-06 5.15810320845356e-05 6.80505378092278e-07 8.47455439156874e-13 1.44317890971024e-13 4.68092231642458e-13 1.10612630166429e-12 8.92662055385074e-11 2.53642310428237e-06 1.17614854294734e-05 3.94352437768641e-05 1.8024377536785e-05 1.82446395915581e-05 1.14058689789087e-05 4.03194477804902e-11
1.01339647784471e-10 1.24365318043829e-10 4.06905533296031e-05 8.2159423051531e-05 1.37998728575228e-05 3.0837717314347e-05 4.01061219013066e-06 5.23526798571483e-06 2.37007639971587e-06 8.88242540645345e-06 1.01278359920798e-08 0.00065435989706657 0.000296111314667158 0.000271071167467829 6.08319086051523e-05 0.00454971150203391 0.00019979781668048 0.00137886353430647 0.000556992646088261 1.64949449299456e-07 2.79275218417752e-06 4.29110742139471e-07 9.41027465950484e-09 2.24079151900369e-09 2.79717360385234e-11 3.64835972543887e-10 2.00467790034686e-08 2.77555756156289e-15 8.38218383591993e-14 8.7893758937696e-11 6.43109233351424e-05 1.25030308328888e-10 2.511720423648e-07 4.67059724229557e-13 1.97640589760795e-07 4.31907071707371e-07 1.7908900694863e-06 1.99710919375207e-06 2.91873928235598e-05 3.95455270703726e-05 5.62606508938135e-05 4.78342902074935e-06 5.40476667936218e-06 1.8864397725693e-06 1.22745912364497e-05
3.69837675862073e-07 8.9446468081178e-07 2.42643346481941e-07 7.7579056600996e-06 3.28825249120701e-06 1.8230572079414e-05 2.46807972875684e-05 3.00652319650263e-06 8.47791863822778e-07 5.84050934056668e-05 1.53309259859125e-05 3.4568174670957e-06 0.000325589060277387 0.000406893020525345 2.02041713670553e-07 9.27657367288948e-07 1.68405297529262e-07 2.18169202703677e-08 1.59670054955541e-10 1.83122406127723e-12 1.91789584214064e-11 5.39922440090379e-11 7.47995319017036e-09 1.14256781813538e-10 4.71898934151227e-08 4.91983626060843e-09 1.27036180685991e-08 9.12202642311399e-09 2.93381907656709e-10 9.2330304596544e-06 0.000187114869186378 1.3637192486371e-10 1.20217169552461e-12 7.32027771732646e-12 1.72728498171182e-12 6.96379342117526e-05 3.17169447953458e-05 5.72819368471755e-07 5.00179897500175e-10 1.56487156566243e-10 2.4412637415705e-06 1.01852554463155e-05 8.68675012111186e-07 4.14051118513559e-06 1.33220134603818e-06
2.21303484870816e-07 4.43463899912899e-07 1.63035723625971e-05 1.75279181430232e-06 9.21435435863316e-07 9.74164147550915e-05 0.000165172828191373 3.89356002296726e-05 0.000238387155014186 5.78116642135917e-07 6.24045038977172e-09 3.69058228422148e-11 2.32798114119248e-11 1.47781009651737e-11 7.5203843152849e-12 2.89240853490469e-12 2.07185842926449e-08 2.67613181614834e-09 1.8702484005928e-12 1.21785914686257e-12 6.45289909284585e-09 4.40832959025528e-10 8.41319236499771e-12 1.67138525242194e-11 5.48139311717932e-13 4.29312141392302e-13 2.60114152439428e-13 2.88445045626418e-11 1.22462181506577e-09 3.66769947746093e-12 9.17292908297895e-12 2.5052515617574e-12 2.12573292301954e-12 5.62272450821411e-13 1.88404847278889e-14 5.11999871832813e-08 6.42201172240675e-08 1.43222047555014e-06 5.44635968680041e-07 9.49114517467819e-07 1.11175057178059e-06 1.83285434900426e-06 5.55908475689981e-05 1.28341346794514e-07 1.18394671844158e-10
8.10573830278827e-14 2.49833897214558e-07 3.76220884845679e-07 4.69401811642456e-08 4.34021089290582e-07 4.28797831908412e-07 1.12041558253395e-09 7.0630162052332e-09 2.73239383341561e-09 1.1406258160207e-07 1.64266508363653e-05 2.62868153910745e-09 5.65103519534205e-15 1.38675648742037e-10 1.43920195649905e-08 7.02688740528146e-09 1.36454353372173e-09 2.20478751922215e-09 6.88036294604899e-11 7.41295913542217e-14 7.28555975548772e-09 7.6966077955376e-10 1.85856885437374e-12 1.00353059195868e-13 1.26210153439388e-13 1.81832326973108e-13 6.24687379602307e-10 1.36575375231374e-08 1.89998017319226e-12 1.71199721066273e-12 1.65131242013672e-11 5.46648837307373e-11 6.24833398354951e-09 2.73114864057789e-14 2.05462868940742e-11 7.64431529187703e-10 1.75283531689274e-07 6.78107481039913e-05 1.82425429318123e-07 2.11609807809765e-07 6.93061969059272e-07 2.1164606067714e-09 1.90003787734483e-05 3.18123605325127e-06 1.72970641870385e-05
1.22035714866797e-13 2.57000883721048e-06 4.32129199090525e-10 2.26546681414419e-09 8.65785665382646e-10 1.13052123218438e-11 1.81007853150561e-10 3.74969017924443e-07 3.02751812508717e-10 6.42307318443613e-11 8.41136826856825e-10 1.26562739843905e-08 1.25782884108361e-10 3.47965933067407e-08 1.13162867965144e-10 2.23641161145594e-10 8.5243034853022e-11 8.86086426454824e-11 7.3965944480392e-12 9.58788604066285e-14 2.06612504882742e-14 1.99679162093958e-12 1.60719215713812e-12 4.64628335805628e-13 8.26783086438354e-14 1.80955250783654e-13 1.7779777650162e-12 3.7394987995043e-09 8.69867511354982e-12 7.1466166318146e-13 8.66320348791305e-12 1.93506282997191e-08 2.57782684087715e-11 2.32972974245627e-11 1.58508095537968e-11 1.97120098022197e-13 5.74695846466966e-13 3.21801474356675e-12 5.39216560291322e-11 1.17395770882212e-10 1.82916330970784e-09 8.64575048353799e-07 6.57380505888483e-06 1.5851353822427e-06 0.000125100822164548
3.63264973657351e-14 1.6198153929281e-14 6.93889390390723e-15 5.13308362481979e-10 2.53685961126848e-14 1.28497646301184e-08 0.000605194759823213 2.62985411225714e-11 3.77475828372553e-16 2.4355006900123e-11 1.98249749949753e-11 2.83839618475668e-13 3.26549898232997e-13 7.01660951563099e-14 1.87607929191813e-11 3.13649106686853e-13 3.45864070716573e-10 1.12620912595673e-11 1.66153313330142e-11 1.69551528372835e-10 3.70591335396853e-12 5.19198017912004e-12 1.25264687511617e-11 1.57194923744441e-11 9.18265463667467e-14 1.97852845218449e-13 3.93957089173114e-12 3.38709060798692e-12 1.13671183576969e-11 2.30281349544725e-12 3.27024407553722e-11 6.3266802907691e-11 2.9330505491032e-08 1.67521219118782e-11 1.04093178521225e-11 2.02039318608627e-10 4.86745754813001e-11 8.58968451922237e-12 3.45350525954302e-11 9.41907378759765e-09 8.4116047460725e-13 5.62927482405939e-13 1.12029274745851e-12 7.01398639169071e-10 1.46145340274018e-09
3.14639923004734e-08 6.40745045910052e-10 8.68287304456317e-07 0.00405166286932396 8.18241070533077e-05 2.91216412096063e-09 3.77064210965727e-09 4.33964335577741e-09 4.97149698075461e-09 3.86145249109404e-10 7.08327396736763e-11 3.5091929362352e-13 2.89601675973472e-13 6.54753098183747e-08 1.77979853077659e-13 3.65707464311527e-13 2.10315964643826e-10 4.32986979603811e-16 2.15730766583988e-12 3.13297165988047e-12 4.17832435317678e-13 6.64744925771288e-12 6.71440680832802e-12 3.92474941435239e-13 2.31481500634345e-14 7.82112152819536e-12 4.3090220280817e-11 7.00377200679725e-11 5.19051468472753e-13 1.2996310694291e-10 7.9277262532429e-11 8.87365403379192e-11 6.50096809717837e-10 2.6708346645421e-11 1.40171430018654e-11 2.55761412049083e-11 2.40742425994256e-11 1.89870341671394e-13 2.10209627482527e-13 2.3223645229109e-13 1.51234580414439e-13 2.06390460277817e-13 4.3559600371168e-13 2.0620485319256e-10 8.83476625190838e-12
1.10826666166464e-07 4.9530464707459e-08 1.66645253152353e-11 1.0972001085463e-12 1.59346980055375e-12 8.81228423565972e-13 4.30899760317516e-13 4.43878267475384e-13 1.16207043987515e-12 3.97781807492947e-13 3.61866092646324e-13 1.63979940737136e-13 5.81024706125532e-10 2.96060918003604e-09 7.92366172674974e-14 4.6064019265657e-11 1.15720766302729e-12 1.7526014528535e-09 3.42133987807358e-11 2.51730969402786e-11 5.7530646913051e-13 6.29230001436554e-13 2.85778178898966e-11 1.14985798660427e-13 1.17639231689282e-13 3.38373773445255e-13 1.43265399543679e-12 2.16604512104368e-13 7.07510716679849e-11 2.09110928572898e-10 5.12846209943518e-11 1.70219394135529e-13 2.10962358693223e-11 2.46068609932593e-11 1.83191906089064e-11 2.62268438078195e-09 1.29711426044565e-08 4.81307105282269e-11 2.89546164822241e-13 2.04491978905708e-13 6.78346268045971e-14 1.49880108324396e-14 9.83768622120351e-14 1.3971046541883e-13 2.00839345154691e-13
1.25791176685652e-05 2.49970861787574e-09 0.403002577833831 3.10389093982622e-08 4.6011095555798e-08 1.08968389866959e-13 3.65426577886296e-12 9.60220791768052e-13 6.61981580662996e-13 5.76516612227351e-13 2.42939002248477e-13 1.41808786935371e-13 5.08866360160454e-10 1.5146772724961e-13 5.79051648852413e-08 4.14066674281344e-09 3.60089735806923e-13 3.67170738257983e-12 1.02192587725369e-11 5.28023180734749e-12 1.13720144412355e-13 6.28528340484991e-12 1.30611077509002e-12 2.2240431718501e-12 2.78417278121168e-10 3.20695026090334e-11 3.28366223101284e-12 3.61450869235114e-12 1.88837612213888e-11 9.97490978704718e-13 8.51996251327591e-13 1.03067554491076e-12 1.09652287250128e-12 2.83449264060209e-11 1.58355663915088e-07 2.10387263166467e-14 8.71831606907847e-11 2.73581157728131e-13 8.03246358316301e-14 6.23279206024563e-14 9.63895629979561e-14 1.25199850486979e-13 9.52238288220997e-14 1.40454314845329e-13 5.31963362249144e-13
4.67275107496334e-12 3.2577160080649e-08 8.98190336329208e-08 2.52563427949326e-08 8.64467386563206e-12 7.17070847144896e-13 5.18252107895023e-13 5.55804731128262e-09 6.58195720149024e-13 1.29862787190405e-13 4.77573536272757e-13 1.66144875635155e-13 1.36106681480896e-12 9.93712678809544e-10 1.86317627992594e-12 1.84775306166784e-11 2.10168216163709e-11 1.00109143197358e-11 2.05381267548432e-11 2.12785344899657e-13 8.87734330490275e-14 5.96549476483688e-12 2.08811856694524e-12 5.8653082390947e-14 4.13114209507626e-11 6.09763350922776e-12 6.70130617663744e-13 5.16309217601929e-13 9.33642052558525e-13 5.01187980006534e-13 8.15336687054469e-13 2.6316737677945e-11 9.4322327726104e-13 3.80599662896941e-11 5.43189383583886e-08 1.12633036231102e-10 4.12048173359381e-13 3.76762732123836e-11 2.22591944876172e-12 8.74411654194773e-14 1.23734356094474e-13 1.47137857453572e-13 7.33636040806118e-11 3.89621668261952e-13 4.83468820533517e-13
3.28031327656575e-09 6.9298275775509e-06 4.7888428778009e-10 2.52333893779877e-09 1.21224508209394e-10 1.38424827156314e-12 7.17803594341149e-13 9.29178955999532e-13 5.13122877521255e-13 4.24238422169765e-13 5.03341812674307e-13 2.63122856836162e-13 2.30175878357386e-12 9.32109944784543e-13 4.1847636467196e-13 4.19672581131181e-09 3.23475132901763e-08 2.66689151118271e-07 1.54650292572001e-11 4.14345731059029e-09 1.2069094612599e-10 5.83981751844931e-12 4.93764285014464e-10 1.83931203601162e-10 2.2108603836557e-11 1.79212755746505e-11 6.96277480116692e-12 4.0537240231231e-12 2.96329627502701e-13 3.46955797425608e-13 5.71875879984418e-13 1.13020703906841e-13 3.29303251334068e-13 4.92121121631328e-11 8.20204015816728e-11 3.63018615168187e-11 2.88352675070769e-12 6.82979228727731e-12 2.96030644442169e-11 1.48903112062726e-13 1.80333525889864e-13 2.7388091794478e-13 2.15572004691467e-13 1.71840319751482e-13 1.89448456922037e-13
7.01336178021705e-10 7.29016527145632e-09 1.676789151972e-10 3.22484356996e-09 4.5723547259513e-07 8.10462807976364e-15 7.20978832191577e-14 5.73208147613968e-14 5.81190651161023e-13 4.08937883555893e-11 4.72788475036623e-13 3.38969963209479e-12 6.21537488143531e-11 8.83134165796662e-10 3.52529117009226e-13 6.37106995604597e-08 1.55640667021117e-10 3.87068155305315e-13 2.01587846415663e-10 1.64538382918522e-12 7.83040299268123e-14 1.17181486736229e-11 8.57800275255727e-11 1.95442440009685e-11 9.84323733632664e-14 3.03845837379413e-13 3.69115848997126e-13 4.99345009785657e-13 4.3373082903031e-13 7.63323848573805e-12 4.64062122063069e-13 5.53623813459581e-13 1.40152334182631e-11 1.1784384579272e-11 1.46692658020697e-12 1.1249046139028e-11 1.60680024841042e-11 1.59490975981669e-11 8.07338640385069e-11 1.04203301543038e-10 8.97906304864193e-11 2.98427949019242e-13 7.19165837992364e-12 2.17270645919143e-13 2.94875235340442e-13
9.46277911584303e-10 3.80583897729991e-11 1.26981503090207e-10 1.6923432655247e-10 1.67807157058775e-10 8.75988170889741e-13 4.38715730410877e-12 2.68586364260415e-10 2.25520713215133e-12 9.98812144104022e-13 7.84605713732844e-13 6.37707775474894e-11 1.05146891193897e-11 2.62328433420222e-09 6.92235158084031e-13 1.06501474306242e-12 4.54176030117992e-11 6.07036643174297e-13 3.15303338993544e-15 8.59867732572184e-14 4.85774753755663e-12 3.0571356557374e-11 7.68239416970573e-08 5.49006395900165e-12 9.28568333335988e-13 9.12603326241879e-14 1.36268774042492e-13 4.12347933576029e-13 5.24691401437849e-13 5.11890529963921e-13 1.81727966008793e-12 1.46202427941944e-10 7.52514739410515e-10 8.86829176760528e-10 1.6476597863857e-12 2.70937716706499e-12 3.16306980607806e-11 6.62336852030876e-13 6.61203425345036e-11 1.64389790668906e-10 1.21639864847367e-10 7.01194657892756e-13 8.8751228588535e-13 6.24922336101008e-13 2.64477328926205e-13
2.96787373372354e-05 1.01540641139763e-07 1.00535080260755e-09 5.30347987748314e-12 3.20898863037655e-13 5.14344122848343e-12 1.27302934860296e-10 1.81347211913874e-08 8.95949980872501e-15 1.62959645777505e-12 1.59905422236761e-13 1.44736889140518e-11 1.18149934280609e-13 4.6207482284899e-13 6.39011066283501e-13 9.83779724350598e-13 8.45192582588084e-11 1.47916123793834e-12 4.32986979603811e-16 1.11022302462516e-17 1.11022302462516e-17 9.00390872971002e-15 1.4432899320127e-16 5.22602618957535e-09 1.68305055581186e-07 1.52222678906355e-13 9.04942787371965e-14 1.48862033810815e-12 1.71000991144865e-12 3.99802413397765e-13 2.95273805406282e-12 3.29281046873575e-12 1.43226541737818e-12 3.48453488285827e-12 9.30810983845731e-14 3.02635694282571e-12 3.85592002771773e-11 3.69704267200177e-15 3.46545014906496e-13 7.50388640113897e-13 2.54000154242817e-12 6.27065066538535e-13 5.58086910018574e-13 6.66133814775094e-17 4.13002965160558e-15
7.87814651292962e-09 5.42395534486317e-08 1.48049791803828e-07 8.82405259972074e-13 6.50596243545465e-12 5.59497504992734e-09 0.300371845136397 2.57591700147941e-07 9.88065185225651e-12 9.18202180955063e-12 2.37205810549312e-12 1.23209220603826e-12 4.39093206239249e-13 3.5026440137198e-08 3.47299966563241e-13 8.35220781425505e-13 1.87957427399965e-12 4.8046899792098e-12 7.88258347483861e-16 7.43849426498855e-16 3.88578058618805e-16 8.55981951985996e-15 1.11022302462516e-17 3.38463301829961e-10 3.87477516738954e-10 4.36462754827005e-11 3.83350018395845e-12 6.38633590455129e-12 2.43089992579826e-12 9.3866248107588e-12 3.06976666308856e-14 4.87748730293447e-12 2.01982874870055e-13 6.82676137842009e-14 9.38360500413182e-14 1.79690706758606e-11 3.77885389646337e-11 2.55384602354525e-13 1.14908083048704e-12 1.23294707776722e-12 6.97308877306568e-13 6.21180884508021e-13 9.72744107485823e-13 7.98283661396226e-13 6.91890988946398e-14
4.95005012535188e-09 4.65233833124579e-08 7.5275483624182e-09 2.91877411129349e-11 8.79814474608054e-08 4.62197222077521e-06 9.56544013996918e-09 1.57111450072023e-08 2.35530933423433e-07 5.24691401437849e-13 2.86279888683794e-12 1.53290713456045e-12 1.02192698747672e-12 2.84625656377102e-12 2.98772118156876e-13 7.09154956979319e-13 1.44075862351656e-12 2.79926082313864e-12 2.65646393771135e-12 3.33066907387547e-16 2.23154827949656e-15 0 2.50344189822727e-13 3.39728245535298e-14 2.09373857140704e-09 3.80727556148486e-08 3.10522718649509e-12 1.07605258037324e-11 1.21633814131883e-12 1.51075152388103e-11 2.26918484003136e-13 1.06392117338316e-11 4.43611813949474e-12 1.90916615849801e-11 7.94475596421762e-14 5.72652814057051e-11 5.12501152627465e-13 2.61579646831933e-12 1.09535713832543e-12 2.80877543445968e-12 6.55198117982536e-13 1.39002698240631e-11 1.89758209145907e-12 1.22288845716412e-12 1.24045218541369e-13
1.18648453508285e-05 1.32708066757914e-11 2.05334527159096e-11 1.78012715679188e-11 1.15020517554854e-09 7.79694448738155e-07 6.14731048464989e-07 1.77922167665656e-08 2.63133231555912e-05 4.71312620042852e-09 4.17275103359316e-12 2.24811780302758e-10 2.20830442820841e-10 8.20210566132573e-13 8.28781487882679e-14 9.44293561122578e-09 2.95189765520121e-08 1.72801772890807e-12 1.86061499540813e-11 1.75069657881721e-08 9.20730158782135e-13 4.05420141902368e-13 2.81619172426417e-13 3.85758092136257e-13 8.7039264684563e-13 1.19119498265263e-08 9.03022101539364e-13 1.5018819521373e-11 1.16190390642146e-12 6.25055562863963e-13 6.30502317022774e-12 1.92741844706745e-10 2.31832331110127e-12 3.07565972690327e-11 3.40599348724879e-10 2.30972763137771e-10 1.4450884933126e-12 3.80573350611257e-13 1.00554009563325e-12 5.61100055307406e-12 8.05711053430969e-13 4.95103957831589e-13 3.35964589481819e-13 6.95965507446772e-13 7.04513114513361e-12
5.12578868239188e-13 1.52634571648491e-12 3.44726441836585e-09 3.55018592301803e-09 3.63237204870082e-08 3.0518508165045e-09 7.49501379004869e-07 6.10678291934619e-08 5.57974755288626e-10 5.98540451468565e-07 8.59365483552033e-08 1.08470899817803e-08 1.73208997239271e-05 5.37409928780264e-08 1.90181204118289e-14 9.95759030786303e-14 1.12885256697837e-12 4.38592495655143e-12 1.10010889287082e-12 8.835154829967e-13 1.13692977166124e-07 2.02588834596895e-11 9.99200722162641e-17 2.91922042094939e-13 2.12658139275845e-07 2.93587301136711e-09 4.96241936431829e-12 4.47908377054773e-13 3.22150783826913e-10 2.26244455348024e-07 2.63185473414751e-11 6.72144582214429e-09 4.21520596205482e-12 1.8810508706224e-13 2.47150788723616e-10 1.08973413626146e-08 2.40618736047082e-10 1.1528484833434e-10 4.66869876092346e-11 9.98023885756538e-13 2.3210120492223e-10 6.74143110224179e-09 1.91244485137076e-08 3.5322855751474e-13 1.46901512065867e-09
