Maxent_result_files_2/B_haematurus_2.asc
NCOLS 594 
NROWS 330 
XLLCORNER -15 
YLLCORNER 23 
CELLSIZE 0.166666666666667 
NODATA_value -9999 
[rows 200 to 219 of 330, columns 45 to 89 of 594]
-9999 -9999 -9999 -9999 -9999 -9999 -9999 -9999 -9999 -9999 -9999 -9999 -9999 -9999 -9999 -9999 -9999 -9999 -9999 -9999 -9999 -9999 -9999 -9999 -9999 -9999 -9999 -9999 -9999 -9999 -9999 -9999 -9999 -9999 -9999 -9999 -9999 -9999 0.254827194288373 0.155406705010682 0.146867276076227 0.276343454048038 0.390121340751648 0.110056086629629 0.00643263971433043
-9999 -9999 -9999 -9999 -9999 -9999 -9999 -9999 -9999 -9999 -9999 -9999 -9999 -9999 -9999 -9999 -9999 -9999 -9999 -9999 -9999 -9999 -9999 -9999 -9999 -9999 -9999 -9999 -9999 -9999 -9999 -9999 -9999 -9999 -9999 -9999 -9999 0.148978897929192 0.513231185078621 0.0117738889472093 0.184498175606132 0.172211176156998 0.415138863027096 0.198743862658739 0.135690683871508
-9999 -9999 -9999 -9999 -9999 -9999 -9999 -9999 -9999 -9999 -9999 -9999 -9999 -9999 -9999 -9999 -9999 -9999 -9999 -9999 -9999 -9999 -9999 -9999 -9999 -9999 -9999 -9999 -9999 -9999 -9999 -9999 -9999 -9999 -9999 -9999 -9999 0.61411070227623 0.483360847830772 0.00796223979996285 0.0405859922349919 0.012498687554762 0.00923407228619908 0.0806285402271897 0.306744161248207
-9999 -9999 -9999 -9999 -9999 -9999 -9999 -9999 -9999 -9999 -9999 -9999 -9999 -9999 -9999 -9999 -9999 -9999 -9999 -9999 -9999 -9999 -9999 -9999 -9999 -9999 -9999 -9999 -9999 -9999 -9999 -9999 -9999 -9999 -9999 -9999 -9999 0.618980485200882 0.211966591514647 0.024689661746379 0.00405294149895781 0.0149049834173638 0.0911106986925006 0.0953483059071004 0.0623943973332644
-9999 -9999 -9999 -9999 -9999 -9999 -9999 -9999 -9999 -9999 -9999 -9999 -9999 -9999 -9999 -9999 -9999 -9999 -9999 -9999 -9999 -9999 -9999 -9999 -9999 -9999 -9999 -9999 -9999 -9999 -9999 -9999 -9999 -9999 -9999 -9999 -9999 0.385927643626928 0.079064458119683 0.0236303262907313 0.0765523642767221 0.0131200545511092 0.0506142866797745 0.0273498395457864 0.0302913201972842
-9999 -9999 -9999 -9999 -9999 -9999 -9999 -9999 -9999 -9999 -9999 -9999 -9999 -9999 -9999 -9999 -9999 -9999 -9999 -9999 -9999 -9999 -9999 -9999 -9999 -9999 -9999 -9999 -9999 -9999 -9999 -9999 -9999 -9999 -9999 -9999 0.315854331851006 0.169965560175478 0.0852108424529433 0.088195928093046 0.00810004159575328 0.00341320938314311 0.00227218082000036 0.0160394496284425 0.00138308719033375
0.391699087619782 0.439687802642584 -9999 -9999 -9999 -9999 -9999 -9999 -9999 0.324433215707541 0.294714704155922 -9999 -9999 -9999 -9999 -9999 -9999 -9999 -9999 -9999 -9999 -9999 -9999 -9999 -9999 -9999 -9999 -9999 -9999 -9999 -9999 -9999 -9999 -9999 -9999 -9999 0.247612936794758 0.119914058223367 0.0722704276442528 0.0730600986629724 0.00312576063442975 0.00191562764521223 0.00129031739343191 0.00106821704466711 0.00101997685414972
0.0964775817468762 0.30604028403759 0.361338696628809 0.458876359462738 0.613728661835194 0.541935551166534 0.253864665329456 0.36275654733181 0.438700434565544 0.270099301636219 0.243943452835083 0.320808456838131 0.424923844635487 0.360119211673737 0.335850342363119 0.490545260906219 0.267865253984928 -9999 -9999 -9999 0.191091565787792 0.248677974939346 0.128147022798657 0.113560651242733 0.23825961202383 -9999 -9999 0.097590840049088 0.142932207137346 -9999 -9999 -9999 -9999 -9999 -9999 0.246810884028673 0.0711021885275841 0.00499845610465854 0.0769624341279268 0.0945461990311742 0.0625284920446575 0.0239592895144597 0.0301880812970921 0.00104549273455632 0.0154768559033982
0.0203034177888185 0.103354399092495 0.157825930789113 0.180136424303055 0.213252959027886 0.257344398647547 0.265231855213642 0.379075168073177 0.431793047487736 0.712910851836205 0.789860397577286 0.569614338874817 0.668712514638901 0.742887282371521 0.869234174489975 0.537626630067825 0.683314076066017 0.952195429801941 0.56932757794857 0.754500144720078 0.819848889112473 0.24172440469265 0.114787925034761 0.271365314722061 0.167078492790461 0.329301851987839 0.440805947780609 0.385967326164246 0.485741770267487 0.414361786842346 0.363303484022617 0.363704060763121 0.192210131511092 0.190580268576741 0.315077865123749 0.22920805066824 0.147210601717234 0.116159767284989 0.0764839936047792 0.0989741407334805 0.0665919326245785 0.0523226029239595 0.0433954971842468 0.0371774815954268 0.0253443986177444
0.0618718684650958 0.0984689194709063 0.211989818140864 0.242411841079593 0.115259670931846 0.194073339551687 0.152585332468152 0.173745698668063 0.0662484026513994 0.630807533860207 0.284868914820254 0.38284427896142 0.191174630448222 0.311805683001876 0.348859752342105 0.228543869778514 0.42209210023284 0.96651930809021 0.664476463198662 0.561163175106049 0.337237587571144 0.831795865297318 0.259245654940605 0.235403814911842 0.702324640750885 0.570637118816376 0.58182415664196 0.754623648524284 0.508952951431274 0.804347994923592 0.610323947668076 0.48753170967102 0.253185730054975 0.317120637744665 0.355968289077282 0.332779994606972 0.279942721873522 0.263848720490932 0.306628728657961 0.266455279290676 0.184006790816784 0.319571033120155 0.0926429260522127 0.241184469312429 0.227420663833618
0.0550849246792495 0.104192800819874 0.177429664507508 0.399282684922218 0.101212030323222 0.0805267633870244 0.131644514016807 0.044460754795 0.062104004714638 0.147368464618921 0.129981410084292 0.344554801285267 0.341762709617615 0.453020432591438 0.633784931898117 0.699814015626907 0.184294307604432 0.583414909243584 0.379717546701431 0.630116415023804 0.329463712498546 0.712409323453903 0.375723424553871 0.528856128454208 0.317771466076374 0.616567263007164 0.519129845499992 0.529094967246056 0.407287505269051 0.225199037790298 0.306508129835129 0.53543886244297 0.583789670467377 0.413318645954132 0.507318738102913 0.81091393828392 0.67840578854084 0.353669352829456 0.524253371357918 0.525044123828411 0.22000872194767 0.155348935723305 0.177677413076162 0.0834567755460739 0.125588526949286
0.0297610476147383 0.0636307729408145 0.087360299192369 0.0582995697390288 0.142109262757003 0.0680224605835974 0.0515990491141565 0.0332527386723086 0.0688189972890541 0.126381469704211 0.0631729983258992 0.0725930680520833 0.367653296887875 0.77781508564949 0.365686382725835 0.680388031154871 0.894551828503609 0.975511634349823 0.928188610076904 0.65048279389739 0.994732904434204 0.885817098617554 0.797588267922401 0.909200513362885 0.733730185031891 0.568021473288536 0.57327376306057 0.213925176858902 0.375583353638649 0.903384721279144 0.692776882648468 0.909832429885864 0.610048025846481 0.228115218877792 0.283786456286907 0.50487659573555 0.280610708892345 0.395383594185114 0.498167659342289 0.641812697052956 0.608615535497665 0.211472825706005 0.112604359537363 0.104178526997566 0.0562658507376909
0.0433724140515551 0.0327727357856929 0.105019472166896 0.0771141304634511 0.0256686017964967 0.0276662734802812 0.0398860856483225 0.0124263975914801 0.00790252690494526 0.0293842062121257 0.0190421897917986 0.0155915463343263 0.047453405149281 0.429035504162312 0.87553609162569 0.396309225261211 0.75615915209055 0.714065679162741 0.279988621175289 0.831287053227425 0.972776305675507 0.253862503916025 0.319739270210266 0.928456395864487 0.0435328643769026 0.0260504647623748 0.283580428361893 0.735143160820007 0.872923445701599 0.715016359090805 0.662150403857231 0.552301254868507 0.358148823678493 0.0260539957787842 0.0294276312924922 0.255028183758259 0.405812781304121 0.387314130365849 0.320321312732995 0.223832792788744 0.151226503029466 0.519499379396439 0.273764470219612 0.257097920775413 0.364076507091522
0.0175471135327825 0.0379446630482562 0.00116186712546096 0.014861419875524 0.0049779397311795 0.0349712123686913 0.0130605536804069 0.00756685442102025 0.00495017592184013 0.0242592559196055 0.0565854308195412 0.053556621260941 0.019240930955857 0.00833094520494342 0.01444745156914 0.372170212864876 0.0289096402470022 0.456429011374712 0.0842435225844383 0.0815790954977274 0.036275130789727 0.0426467004232109 0.0361299521289766 0.0484316568821669 0.365608394145966 0.521055829524994 0.922921180725098 0.736448580026627 0.464115685224533 0.807927292585373 0.0991989463567734 0.123486096039414 0.0395213299430907 0.0473752527497709 0.071193540468812 0.0683068014681339 0.255986624211073 0.191447040438652 0.0805639256257564 0.236744170635939 0.36776351314038 0.125039683887735 0.0617612316971645 0.185563963465393 0.231969392672181
0.00315297833512886 0.00196816011939518 0.00474304970703088 0.00710981203010306 0.0114976170138107 0.00109783395507748 0.00014554364611854 0.030020771958516 0.000311692278137343 0.0042852948710788 0.0229138624854386 0.0210499590728432 0.010823837434873 0.0261585908941925 0.0307383993174881 0.0428046614862978 0.0323063669260591 0.042826300021261 0.0439714856445789 0.0433756894432008 0.0400182257406414 0.0407240491360426 0.0381732688751072 0.138557907193899 0.912902522087097 0.738665610551834 0.782736986875534 0.790220320224762 0.993249160051346 0.962552976608276 0.237828330136836 0.37702450081706 0.00149709980760235 0.153432805836201 0.0376174919307232 0.0221018704585731 0.0067051281221211 0.057968669757247 0.0350069554056972 0.183907820470631 0.402905607223511 0.747597867250443 0.46231092363596 0.593969184160233 0.0648656467441469
0.00682603737459431 0.00212750673017581 0.00161041937828941 0.000927958907436732 0.023127398363431 0.0114246834200458 0.00675461374521547 4.81111602297801e-05 9.27548334061612e-05 0.000149828552821418 0.00790640180930495 0.0178914239630103 0.0184068811126053 0.0296787108760327 0.0280677040107548 0.0345669153146446 0.0369284766726196 0.0262726313434541 0.0442718907259405 0.0459472477436066 0.0462811263278127 0.0471228614449501 0.0619032833725214 0.833073288202286 0.868588185310364 0.362979459390044 0.818429589271545 0.46473033875227 0.648433113098145 0.75047470331192 0.743471106886864 0.406716198846698 0.0105830132903066 0.00353020696420572 0.015955557837151 0.0180712300352752 0.00404907511547208 0.029280708450824 0.0192220055963844 0.00983502976596356 0.0292552204802632 0.0795562507584691 0.0531711782328784 0.0376088694669306 0.0831947580911219
5.51264268876972e-05 0.00104443930625848 5.57003133980771e-05 0.0019315792382713 0.000201114293327009 0.000300907560853148 4.57878763512554e-05 0.00394383601887967 0.000229063142865016 0.000148579011943184 0.00579019185388461 0.0182142696343362 0.0380953414831311 0.0424515949562192 0.0323357092216611 0.0390632752329111 0.0421576446853578 0.0407930479384959 0.0267996751703322 0.0571659322828054 0.0687635619193316 0.0456345427781343 0.0419426651671529 0.0627177219837904 0.0103230104199611 0.429892303794622 0.816657789051533 0.84665290415287 0.432495471835136 0.275606975331902 0.120230331271887 0.334812892973423 0.0531270970590413 0.00794137588236481 0.0184188513550907 0.00261204049456865 0.0586245210841298 0.0657328616827726 0.0019943799750763 0.000452616924303584 0.0515761337243021 0.00250453834887594 0.0481016525998712 0.0519574195146561 0.0757873642258346
0.000971022323125226 0.000319652804344628 0.000353059716326243 0.0109162067165016 0.00228536746308237 0.000296091029747458 0.000160566258972494 0.000214113459969667 2.23736152548781e-05 0.000393562361205113 0.0135459225391969 0.018535219412297 0.0165228668600321 0.0324836927000433 0.0240778336301446 0.0534218938089907 0.0162666560150683 0.0489533335901797 0.0497454500757158 0.0479223244823515 0.0477107612416148 0.0852897496894002 0.0445252685807645 0.057342844735831 0.0992552857846022 0.0305341395083815 0.00574289383803261 0.0620864775730297 0.00471636646252591 0.00829097595997155 0.00347922531655058 0.0176211706362665 0.251982877030969 0.0746587110683322 0.0289406141499057 0.000270979331571652 0.00936469007283449 0.0597064793109894 0.0083739013876766 0.00353621439717244 0.0245219620876014 0.00486432990292087 0.00066325700681773 0.00843313215300441 0.014763508643955
0.00292034721296659 0.000492481425544611 3.98430083574652e-05 0.000541569784491003 0.000124449095920909 3.58649190005167e-05 0.00105981348724526 3.78992163007297e-05 0.000207468972075731 0.00224699622194748 0.0432145500089973 0.0176948446780443 0.0145413793390617 0.0306571171618998 0.0364863260649145 0.0388740201946348 0.00269780405942583 0.0121019726851955 0.0311505300458521 0.0708634931594133 0.0750418408308178 0.106000091508031 0.0816983941942453 0.0476162400096655 0.0558468620292842 0.0820295591838658 0.0117967892554589 0.00502604746652651 0.0123223477916326 0.00752970498069772 0.0249902688432485 0.0675174304284155 0.0188777920790017 0.000322352657849478 1.79771289552377e-05 6.31195505754079e-05 0.00135730860820331 0.0186761846765876 0.00226847057347186 0.000918994074550028 0.00292150836321525 0.00528265149332583 0.0343300115317106 0.00400858080829494 0.0317806886509061
7.57686594613505e-06 9.32009800877154e-05 0.000343682265315692 0.000592299698291754 0.000100002024234414 0.00115361037096591 0.000484498712830828 0.000779492529545678 0.01424850076437 0.00119483652815688 0.0114078559214249 0.0118485803948715 0.00269853256177157 0.00816572434268892 0.026506467256695 0.0129896005615592 0.0146915182238445 0.0101275108987466 0.0236801189836115 0.0453637761529535 0.0397661162540317 0.0698021432384849 0.10676471600309 0.0781234772875905 0.11579216606915 0.0268906619865447 0.0331054551526904 0.0560730161145329 0.15025614798069 0.0512312634848058 0.0335333282127976 0.0253743384033442 0.00796170874964446 0.000601553657270415 0.000415895102230479 0.000104715672455313 0.00138384831334406 0.000880345422774553 0.000782243192861642 0.000397586446234754 0.00153421979775885 0.00332814489956945 0.0232599650509655 0.00933778574690223 0.0164546691812575
