Maxent_result_files_2/B_haematurus_2.asc
NCOLS 594 
NROWS 330 
XLLCORNER -15 
YLLCORNER 23 
CELLSIZE 0.166666666666667 
NODATA_value -9999 
[rows 160 to 179 of 330, columns 270 to 314 of 594]
0.135334096103907 0.216530058532953 0.205216751247644 0.142637820541859 0.16994614303112 0.0434448903426528 0.122922797501087 0.031925596203655 0.0834550328552723 0.0461959714069963 0.0697656385600567 0.0194760050624609 0.0709472563117743 0.0390791302546859 0.0260983801446855 0.0242699926719069 0.0235334368422627 0.00130397177999839 0.0388911377638578 0.0166846573352814 0.0301205422729254 0.00118822923395783 0.00118716525321361 0.00105584382836241 0.00315216593444347 0.00136229521303903 0.0011052298505092 0.0010865113203181 0.0010917415318545 0.00106325425149407 0.00102127145219129 0.000982484665291849 0.000928667759581003 0.000894661362690385 0.00182693847164046 0.00176434407476336 0.000787575995491352 0.000771069746406283 0.00091827875294257 0.000737750581174623 0.000746937985240947 0.00074706355080707 0.000708980184572283 0.000710340967634693 0.00072216150292661
0.077707327529788 0.0921044338494539 0.213288882374763 0.225013343989849 0.110655627027154 0.0324748499318957 0.0393461811356246 0.00195337254554033 0.0991529017686844 0.075512196496129 0.0624567963182926 0.0576762691140175 0.0424403408542275 0.0602734005078673 0.0270224140956998 0.00148805509670638 0.0218367136083543 0.00135664393601473 0.00131809322047047 0.00130957370565739 0.00124532477930188 0.00119885478052311 0.00120964998786803 0.00119773191690911 0.00116673659649678 0.00131808002479374 0.0014334022969706 0.0010970115341479 0.0252260493114591 0.0839508440345526 0.061219641380012 0.0126262434758246 0.0165788792073727 0.010053113149479 0.0151178536005318 0.00102473540609935 0.0131043045781553 0.000795528914022725 0.0128979550092481 0.000736859512107912 0.000726860003487673 0.000707451962807681 0.000697910353483167 0.000678795408748556 0.000714263967529405
0.143209166824818 0.176996240764856 0.206406983733177 0.280434334278107 0.0283592590130866 0.0232737712562084 0.0335342843085527 0.0348813853226602 0.207763288915157 0.0480741484090686 0.00233425731421448 0.0377278914675117 0.00181730287731625 0.0330813130363822 0.0557645041495562 0.0249035134911537 0.00273418983560987 0.00140010745089967 0.00136776456783991 0.00132523913052864 0.00188970791059546 0.00124723881017417 0.00267537843610626 0.0297964450437576 0.0281428494490683 0.00120373058889527 0.00118310952675529 0.00119381262920797 0.0590960897505283 0.109307739883661 0.17425262182951 0.0253634562715888 0.000973625460756011 0.000927265093196183 0.000821368211472873 0.000787570324609987 0.00127093233750202 0.0129197727655992 0.000748984683013987 0.00232534637325443 0.000715886396938004 0.000663798421737738 0.000670382830139715 0.000667861501278821 0.000680706834828015
0.100396086275578 0.137737469375134 0.16657257527113 0.0655011402443051 0.0428147200495005 0.0519771272316575 0.0720282103866339 0.0673110635951161 0.00304088078555651 0.00197388300439343 0.00200523809762672 0.00194880049384665 0.00183425648428965 0.0617148287594318 0.0599247984588146 0.0280648378655314 0.00324076093966141 0.003730236843694 0.00136422750947531 0.00131042925058864 0.00145399296889082 0.00135047369403765 0.0214426420629025 0.00127663606253918 0.00125743492681067 0.00125453944783658 0.0257086982950568 0.0548684624955058 0.0575809445232153 0.00150990808906499 0.0316303353756666 0.0399248274043202 0.0379195423796773 0.000888307254354004 0.00134599692828488 0.0102692610584199 0.0105176388868131 0.00116345222631935 0.000740916181530338 0.0187535965349525 0.000683324312558398 0.0013668402665644 0.00310467214439996 0.000622624700190499 0.000654537521768361
0.0622615173459053 0.0837224550545216 0.0401899011805654 0.0730464110150933 0.126677624881268 0.024736347142607 0.038981462828815 0.0969227161258459 0.0707909766584635 0.00458765610819682 0.00208515336853452 0.00205747630388942 0.00197823380876798 0.0018950949277496 0.00236392346560024 0.0567438850179315 0.0038557770953048 0.00159244099049829 0.00145814876887016 0.00326362935593352 0.0425367546267807 0.00130555791547522 0.0013280267099617 0.00133445069077425 0.00164111625635996 0.0013774351333268 0.039951666072011 0.0227694761939347 0.0450380316004157 0.00125527343770955 0.00112448954605497 0.00248827932809945 0.00117517741746269 0.00210600288992282 0.0316874760203063 0.0187899764627218 0.00191651058557909 0.000723189870768692 0.000709902451490052 0.0579540223814547 0.00103192929818761 0.00392404918093234 0.00206997388158925 0.00175578693451826 0.000612801528768614
0.0359098901972175 0.113919403776526 0.282673704251647 0.421042454987764 0.0626273976638913 0.0419470189139247 0.0374730460345745 0.0364677882753313 0.0366653984412551 0.00212076760362834 0.0388865620363504 0.00450314158806577 0.0371949926484376 0.00109667259675916 0.00190927681396715 0.0308909955900162 0.00389053355902433 0.00170362747448962 0.0016681983921444 0.0549257690086961 0.0186824579490349 0.00153897497802973 0.00148115211050026 0.023435983993113 0.0212596678175032 0.0189876093063504 0.0233819627203047 0.00146698566386476 0.0734729345887899 0.058154583722353 0.0272610899992287 0.00177210811525583 0.000942504215345252 0.0324054688215256 0.000887108407914639 0.000827550589747261 0.000736552619491704 0.000687827297952026 0.000694012864551041 0.00702897654846311 0.0165986350737512 0.0016674635495292 0.00208262829110026 0.00121706688660197 0.000559761137992609
0.175536195188761 0.0123981788754463 0.0354096139781177 0.263738611340523 0.026918889535591 0.0555840633809567 0.0384986871853471 0.00239604747039266 0.0582946794107556 0.0379635373130441 0.0366100510582328 0.00217743578832597 0.0021417484851554 0.00206681080744602 0.00202712026366498 0.0330293809995055 0.0383838523179293 0.0452190697193146 0.00409999690018594 0.00181693011836614 0.0438362505286932 0.0016737908939831 0.00376151286181994 0.0621899172663689 0.00679794147145003 0.00150743332342245 0.00145674727100413 0.00132810765935574 0.0298589499667287 0.0164096829015762 0.000998708997212816 0.000945030573348049 0.0131677193916403 0.000834033307910431 0.0268827044405043 0.00085871937990305 0.000832852425810415 0.017818461265415 0.037611274747178 0.000679520276025869 0.0416428461670876 0.0158687464427203 0.000542077835416421 0.000517821304674726 0.000542841310380027
0.039148037135601 0.00236539038014598 0.0405298203229904 0.0256697890348732 0.0038071459508501 0.107405128329992 0.0148002706002444 0.0226241086842492 0.0522574994713068 0.0631271658465266 0.041888377815485 0.00218910729163326 0.00214684880920686 0.00213007302954793 0.00193712799809873 0.00203335222322494 0.00199895131227095 0.00433357291622087 0.00540393748087808 0.00182583430723753 0.0017825664835982 0.00164413657330442 0.00358218024484813 0.011277874559164 0.0311072070151567 0.0201312465593219 0.00126628751750104 0.00116467144980561 0.0257973437197506 0.000986005317827221 0.0308201100677252 0.0438903642818332 0.0325776561163366 0.0141828516963869 0.0108721562661231 0.0171580803580582 0.0891717799007893 0.164377600699663 0.00481806807219982 0.0128801846411079 0.0239634536206722 0.0480339355766773 0.000568133570777718 0.000901718743261881 0.00607863490586169
0.0752677561715245 0.00235338355996646 0.00235418513184413 0.00232711295248009 0.00211440525599755 0.0023345272289589 0.198136128485203 0.458933761715889 0.608343902230263 0.271097712218761 0.00224919223110192 0.00224648979492486 0.00199142456403933 0.00217813047929667 0.0020067636796739 0.00215578394127078 0.00210855980112683 0.00188152006303426 0.00180170943785924 0.00185686201148201 0.00197380055906251 0.00210838934872299 0.00158712159318384 0.0531234526075423 0.0153703895397484 0.00121988182363566 0.00114862798072863 0.0368362625129521 0.018338104407303 0.0119622660567984 0.00936270707752556 0.0290208426304162 0.000915185903431848 0.000955358079227153 0.00214452034852002 0.00354956907685846 0.1074073754251 0.210149063542485 0.00242892958922312 0.0148704810533673 0.108539381995797 0.0684217385947704 0.000320855441532331 0.000993879878660664 0.00895129677373916
0.117520078271627 0.0901139155030251 0.0928737211972475 0.0208285513333976 0.00239799385890365 0.00240665503079072 0.0393657522276044 0.0241241410374641 0.178216824308038 0.363338385522366 0.0382290540263057 0.00223398119560443 0.00211838419199921 0.00219699205481447 0.00222595918457955 0.00225679289433174 0.0409245584160089 0.0387404164299369 0.00227542700595222 0.0371048044413328 0.00226015719235875 0.00205129719979595 0.0461463451385498 0.0402849480509758 0.00134134823747445 0.00113331813772675 0.00100200292654335 0.028624314442277 0.0117399977287278 0.000884166824107524 0.0100714168860577 0.0314436765387654 0.000931279419455677 0.0118984236498363 0.0181381940841675 0.0438170405104756 0.0225084450561553 0.0563145965337753 0.0573606794700027 0.0890661593526602 0.0117855502292514 0.000482135101628955 0.000686276608030312 0.000575888017920079 0.000543965023098281
0.00308277950971387 0.00404531032545492 0.007484317116905 0.183857161551714 0.045186853967607 0.00757680896203965 0.00245112293050624 0.00809711180627346 0.106199925020337 0.0927958894520998 0.0759778123348951 0.380883714556694 0.211742381006479 0.0265885420143604 0.00124742205371149 0.00240651534986682 0.0475354375317693 0.00251674492610618 0.00223468220792711 0.00297431647195481 0.00504992490168661 0.00234623171854764 0.0211478376761079 0.0165751974564046 0.00122556858113967 0.00100526233291021 0.00133236834662966 0.0326465908437967 0.0146424025297165 0.000816144423151854 0.000841305809444748 0.000902481001685374 0.000951488125429023 0.00101252649183152 0.00101801163546043 0.0184445414692163 0.0202066172845662 0.0830191485583782 0.0358860505744815 0.0267761185765266 0.000697963968559634 0.00100958813127363 0.000685299675387796 0.000559404159139376 0.00050734789474518
0.00711934498976916 0.00419036968960427 0.00273248095181771 0.0025938292092178 0.0544395088218153 0.0100951244821772 0.0724269609898329 0.073577156662941 0.0489825567230582 0.0921209942549467 0.539976543188095 0.241390326619148 0.0484265940263867 0.335941764712334 0.0240943144075573 0.171572913229465 0.32720747962594 0.103615955170244 0.00265416583279148 0.00238141584559344 0.00236212402814999 0.00247804451500997 0.0297241259366274 0.0244967594742775 0.00105065934185404 0.000896974804345518 0.0171832126099616 0.027481459453702 0.000808012769266497 0.000809119520999957 0.000842523323080968 0.000985025614500046 0.0188972027972341 0.0168711617123336 0.0171630520839244 0.00104612908762647 0.00108620438986691 0.0010738900542492 0.0168001480400562 0.0121434561908245 0.019914965191856 0.0270195479504764 0.0154821226838976 0.000538827419222798 0.000490829496993683
0.00245128460228443 0.00269059064448811 0.00261219677049667 0.00259869904257357 0.00244379378273152 0.00594388116151094 0.00467568032909185 0.00551433567889035 0.0349743474274874 0.00835549384355545 0.104120680689812 0.0409672477282584 0.080816266965121 0.0903117910027504 0.00495688135270029 0.0409940090030432 0.0799205288290978 0.0514402137137949 0.0267826965544373 0.00499940016306937 0.00335092984605581 0.076797703281045 0.0348119575530291 0.00131682198843919 0.000973804280511104 0.0120326644042507 0.00995392436161637 0.000785515396273695 0.0136124110780656 0.014928832789883 0.0153021005913615 0.0159612822812051 0.0117499930085614 0.00111472858407069 0.00107249673164915 0.00103487674932694 0.00097467839368619 0.000946611743711401 0.000931015583046246 0.000936125237785745 0.000937677532783709 0.0709502797573805 0.111813812702894 0.0239844348281622 0.0106966424267739
0.00511220295447856 0.00163098406628706 0.00290306489332579 0.0058221782441251 0.00251263795653358 0.042885528691113 0.0405826130881906 0.00480608710204251 0.00246354209957644 0.00255478401086293 0.00449782941723242 0.0020996723906137 0.0237164113204926 0.145830581337214 0.0452057925984263 0.132060303539038 0.0426567961461842 0.923644125461578 0.432932974398136 0.114445371925831 0.252418521791697 0.0455421809107065 0.0044787808554247 0.00145066715485882 0.00111965516407508 0.0105515775969252 0.000856775279680733 0.014311399217695 0.0135128643363714 0.000871100439690053 0.0265181361697614 0.00105301510338904 0.0011134929387481 0.00115645194018725 0.00109347514953697 0.000994587782770395 0.00118313419807237 0.000848968088394031 0.000604539422784001 0.000819351692916825 0.000785331973747816 0.00050376974613755 0.0243163323029876 0.0104939268436283 0.102039882168174
0.00268611140782014 0.00272235051379539 0.00557209974504076 0.00270327552570961 0.00251155862933956 0.0444823488593101 0.0493407513946295 0.0265870214207098 0.0630175886675715 0.0879419558681548 0.00670639616437256 0.00215469530667178 0.127209956943989 0.0769049551337957 0.0395814903080463 0.0153067456558347 0.00303191864513792 0.0489795403555036 0.015730582177639 0.0400221114978194 0.00303988209343515 0.0249862305819988 0.0406704785302281 0.0602842019870877 0.0391548972576857 0.00306719470536336 0.0167011234443635 0.00641802893369459 0.000792470865417272 0.00086706175643485 0.000983132017427124 0.00105450882256264 0.00115021024539601 0.00116194551810622 0.00116929313517176 0.0189308579079807 0.00164885657723062 0.00122027732722927 0.000827579593169503 0.000766101626504678 0.00077294833608903 0.000737887232389767 0.000717742060078308 0.011990523012355 0.0271510723978281
0.00404234192101285 0.00918728187680245 0.00252716655377299 0.0267730534542352 0.0441230906173587 0.00279618689091876 0.00243029759149067 0.00237007040996104 0.00230447223875672 0.00218377265846357 0.0477886399719864 0.00229944728780538 0.0533575196284801 0.00779405535431579 0.00488937220070511 0.0158731529023498 0.00238494911463931 0.00245002761948854 0.00382740187924355 0.00244135890970938 0.0417269002646208 0.00226205511135049 0.00224770940840244 0.033436126075685 0.0486377891153097 0.0806882906705141 0.0255753488279879 0.0005839492972882 0.000889554085733835 0.000893781856575515 0.000981828018848319 0.0520748792216182 0.115747487172484 0.0955742705613375 0.00132507657981478 0.00212383808393497 0.00109904669370735 0.00103427723079221 0.000938317897089291 0.000898482055345085 0.00152820632501971 0.000847021685331129 0.00080972649884643 0.000793921767035499 0.0007793364522513
0.0034334993804805 0.0067990479641594 0.00308116337400861 0.0077068395446986 0.00389644745155238 0.0045355879876297 0.00276320537086576 0.00242045532795601 0.00232975041144527 0.00213306777295656 0.00275577584980056 0.00236367388861254 0.00243911076104268 0.00775039859581739 0.00250327609828673 0.00257788742310368 0.00255953108426183 0.00264970338903368 0.00323938259389251 0.0341539836488664 0.00277275768457912 0.00243756921263412 0.00236123650101945 0.0371963715180755 0.00196452882955782 0.00238758969935589 0.0343055950477719 0.0494010487571359 0.03351855808869 0.0194127806462348 0.00188090037554502 0.0155658884439617 0.00157770910009276 0.0890975773334503 0.0329326519742608 0.0036393120419234 0.000558324938901933 0.00111997295316542 0.00104333722556476 0.00100627079518745 0.00103176475531654 0.000974660716019571 0.000918877574440558 0.00091215288703097 0.000813653900695499
0.100990065000951 0.00316559572820552 0.00754749731859192 0.00688515116926283 0.00609802108956501 0.00309581575565971 0.00315842309501022 0.00286710314103402 0.00251588893588632 0.00242161357309669 0.00234585535363294 0.00242675564950332 0.00258993454626761 0.00349469379289076 0.00284582904423587 0.00287755962344818 0.00285852568922564 0.00286999453674071 0.00312303258106112 0.00332090494339354 0.00321526215411723 0.00345654254197143 0.00284675048314966 0.00131880912813358 0.00361688536358997 0.00147403983282857 0.00130882560333703 0.00143759183411021 0.046698930580169 0.0121470981743187 0.00479466681135818 0.00128250870038755 0.00185299090517219 0.00204429028672166 0.00193554589059204 0.00172144445532467 0.0115831832401454 0.00129351580690127 0.000899384359217947 0.00139857916801702 0.00114962196530541 0.00110684822429903 0.00201118300610688 0.000891009440238122 0.000954094057669863
0.00323826554231346 0.00314397003385238 0.0503619002178311 0.00500922423088923 0.0033613211766351 0.00339527684845962 0.00339241281035356 0.00333786144619808 0.00326544310664758 0.00279760457924567 0.00277858628542162 0.0026923205179628 0.00285033106338233 0.00293680891045369 0.00301831808756106 0.00304002912016585 0.00302020113449544 0.00307168591534719 0.00316789574571885 0.0048068645526655 0.0335043446160853 0.00522316419519484 0.00546357096754946 0.00165990296227392 0.00216274810081814 0.00172973075823393 0.00154257302347105 0.0013598892983282 0.00119334616611013 0.00100107943144394 0.00319155885954388 0.00242750641773455 0.00181733775825705 0.00223616812145337 0.00194934926694259 0.00186796604830306 0.00158434172917623 0.00142502587405033 0.00142353414848913 0.00126838469295762 0.00129118215409108 0.00124452537856996 0.00141691104508936 0.00431821453385055 0.000953707328881137
0.00816262091975659 0.0101309128338471 0.00348054779460654 0.00359978464548476 0.0035140753199812 0.0746141884475946 0.00374265435966663 0.00376991819357499 0.00355218758923002 0.00333229306270368 0.00318743438692763 0.00301088728592731 0.00323832797002979 0.0033351750287693 0.00336500140838325 0.00326198613038287 0.0032375059730839 0.00339106594910845 0.00347788579529151 0.00194647554308176 0.149867118895054 0.0141772085800767 0.00332892494625412 0.0027877408079803 0.00229233308054972 0.00203087875270285 0.00166584631369915 0.00150745884748176 0.00133420997008216 0.00126719580730423 0.00536645484389737 0.0012358081236016 0.00194161996478215 0.00212583232496399 0.00204744687944185 0.00202966178767383 0.00184619896463118 0.00164617694972549 0.00161699479795061 0.025245023239404 0.00142011767311487 0.00133803988283034 0.00132692462357227 0.00190114339347929 0.00190156487224158
