Maxent_result_files_2/B_handlirschianus_2.asc
NCOLS 594 
NROWS 330 
XLLCORNER -15 
YLLCORNER 23 
CELLSIZE 0.166666666666667 
NODATA_value -9999 
[rows 200 to 219 of 330, columns 46 to 91 of 594]
-9999 -9999 -9999 -9999 -9999 -9999 -9999 -9999 -9999 -9999 -9999 -9999 -9999 -9999 -9999 -9999 -9999 -9999 -9999 -9999 -9999 -9999 -9999 -9999 -9999 -9999 -9999 -9999 -9999 -9999 -9999 -9999 -9999 -9999 -9999 -9999 -9999 0.000833938114374178 7.901018125267e-05 0.000116841473118257 0.000705718970857561 0.0121394693152979 0.0115485841408372 0.00951784993521869 0.0115570778492838 0.0102484198752791
-9999 -9999 -9999 -9999 -9999 -9999 -9999 -9999 -9999 -9999 -9999 -9999 -9999 -9999 -9999 -9999 -9999 -9999 -9999 -9999 -9999 -9999 -9999 -9999 -9999 -9999 -9999 -9999 -9999 -9999 -9999 -9999 -9999 -9999 -9999 -9999 0.000965455691039097 0.00779534366447479 1.14077194943718e-06 7.015116070761e-05 0.000250757194589823 0.00462876749224961 0.0223952713422477 0.0115012301597744 0.00879214997403324 0.013135007629171
-9999 -9999 -9999 -9999 -9999 -9999 -9999 -9999 -9999 -9999 -9999 -9999 -9999 -9999 -9999 -9999 -9999 -9999 -9999 -9999 -9999 -9999 -9999 -9999 -9999 -9999 -9999 -9999 -9999 -9999 -9999 -9999 -9999 -9999 -9999 -9999 0.00411684436257929 0.00047563807311235 5.70445218883719e-07 3.2304160242802e-06 1.09995577304289e-06 2.3833071523427e-06 0.000107505686810327 0.00593373506562784 0.00695767211727798 0.00924641136080027
-9999 -9999 -9999 -9999 -9999 -9999 -9999 -9999 -9999 -9999 -9999 -9999 -9999 -9999 -9999 -9999 -9999 -9999 -9999 -9999 -9999 -9999 -9999 -9999 -9999 -9999 -9999 -9999 -9999 -9999 -9999 -9999 -9999 -9999 -9999 -9999 0.0173508789623156 5.64121971365239e-05 2.74456684650204e-06 2.85109689945884e-07 4.04905796358435e-06 0.000191375068970956 0.000347148819491849 0.000360662594175665 0.00459260300267488 0.00796411968767643
-9999 -9999 -9999 -9999 -9999 -9999 -9999 -9999 -9999 -9999 -9999 -9999 -9999 -9999 -9999 -9999 -9999 -9999 -9999 -9999 -9999 -9999 -9999 -9999 -9999 -9999 -9999 -9999 -9999 -9999 -9999 -9999 -9999 -9999 -9999 -9999 0.0017042070365278 6.6558366256686e-06 2.06529087591889e-06 0.00013800192882627 3.58359144883025e-06 0.000227309839829104 0.0049097583279945 0.00356214519706555 0.00343994660070166 0.00484551781555638
-9999 -9999 -9999 -9999 -9999 -9999 -9999 -9999 -9999 -9999 -9999 -9999 -9999 -9999 -9999 -9999 -9999 -9999 -9999 -9999 -9999 -9999 -9999 -9999 -9999 -9999 -9999 -9999 -9999 -9999 -9999 -9999 -9999 -9999 -9999 0.00214564475463703 8.01703660727071e-05 5.92622800468234e-05 0.00017595126046217 0.000802679976914078 0.00145385762152728 0.00152486888400745 0.00141510432440555 0.00154781656892737 0.0019708081294084 0.00319452166440897
0.000396747716877144 -9999 -9999 -9999 -9999 -9999 -9999 -9999 0.000444224553939421 0.00223149845842272 -9999 -9999 -9999 -9999 -9999 -9999 -9999 -9999 -9999 -9999 -9999 -9999 -9999 -9999 -9999 -9999 -9999 -9999 -9999 -9999 -9999 -9999 -9999 -9999 -9999 0.00119314108451363 0.000486767016991507 0.000378425991948461 0.000525425665546209 0.000563285381940659 0.000461235884358757 0.000392157724490971 0.000497769213689025 0.000702367147823679 0.00117513418954331 0.00148407481829054
0.000302248355728807 0.000837792844686192 0.000548932226229226 0.000919072692340706 0.000839940037985798 0.000934881472494453 0.00114892314304598 0.00124439653591253 0.00180148356012069 0.000664096750551835 0.00192221726174466 0.001005704770796 0.00195137927075848 0.00136598393582972 0.000995338161010295 7.15436333848629e-05 -9999 -9999 -9999 0.000134530576178804 0.000312658411712619 2.90044644998488e-05 0.000487363300635479 0.000430704196332954 -9999 -9999 0.000170227652415633 0.000436098565114662 -9999 -9999 -9999 -9999 -9999 -9999 0.00143851885513868 0.000267269222968025 0.000370439111429732 0.000462680573400576 0.000312465589740896 0.00028867066357634 0.000174564219196327 0.000167906490787573 0.00040127865067916 0.000416978981411376 0.00106961623678217 0.00110459577626898
0.000284794008621247 0.000461790351255331 0.000289936335320817 0.000484577653696761 0.000813359179301187 0.00183371307794005 0.00151469256961718 0.00252367744687945 0.00961323520168662 0.00377616619225591 0.00584114366210997 0.00476572577608749 0.00601674601202831 0.017927804403007 0.172506727278233 0.122831781208515 0.0138629793887958 0.00525330761447549 0.00258103212690912 0.00122005693556275 0.00211845294106752 0.00250934574287385 0.0116002622293308 0.00199955336283892 0.00288683435646817 0.00104414380330127 0.000462259451524005 0.00103296383313136 0.00180702885263599 0.00294319862732664 0.000839118612930179 0.000997507835563738 0.00041678422021505 0.0023922978900373 0.00110638515616301 0.00196800576522946 0.000797567308472935 0.00080157826305367 0.00045032300404273 0.00162157610466238 0.000561665443819948 0.000549088203479187 0.000586155119526666 0.00213258074363694 0.00083846572888433 0.00362975160824135
0.00032102567529364 0.000880815948767122 0.000754139482160099 0.000890160488779657 0.00126924333744682 0.00209704310473171 0.00541332967113703 0.0090580822143238 0.0110024041961879 0.0024034048197791 0.00340044578770176 0.00164343290380202 0.00476171731716022 0.0162970485165715 0.0019919549144106 0.0292277838103473 0.0336278968956321 0.0245361141860485 0.011093628173694 0.00724611041368917 0.0596287235617638 0.00817036058288068 0.00434780686628073 0.0258419384714216 0.0219066238030791 0.0264379444066435 0.00405592731549405 0.00864355472149327 0.00752428303239867 0.00838134232908487 0.00428990657674149 0.00333748009288684 0.002710307930829 0.00198058318055701 0.00197075878677424 0.0032220515597146 0.00469825661275536 0.0125298963161185 0.0100510696414858 0.00753353785257786 0.0345460982061923 0.0110009658150375 0.00440605456824414 0.00469709722092375 0.0131716386415064 0.0112478876952082
0.000211561482410616 0.000477906339801848 0.00337029836227885 0.000347579220033367 0.000206525778230571 0.00198276202718262 0.00136333098344039 0.0111489865696058 0.0574198324233294 0.0212438389658928 0.339043816924095 0.141562581807375 0.16218519359827 0.417241984605789 0.0553792042657733 0.055899166688323 0.149252193421125 0.0447271479293704 0.0815123245120049 0.0937474273145199 0.0489867555908859 0.0201227208133787 0.047216968331486 0.0872528083622456 0.026943969167769 0.0125190891092643 0.0299099426250905 0.011921810451895 0.0367877610959113 0.0127006823662668 0.00702991579892114 0.0148216668108944 0.0125525541370735 0.00795626018662006 0.0104171607992612 0.0120972860837355 0.013446317310445 0.0238125276984647 0.0825833199545741 0.148563299700618 0.0987584166228771 0.137461700662971 0.145469837263227 0.0926447875797749 0.0665562086738646 0.065276837348938
0.000213588718816027 0.00102472842700081 0.000266071893202024 0.00035943801922258 0.000282566485111602 0.000109768957554479 0.000917502191441599 0.000452951346960617 0.0205597589258105 0.000271526580763748 0.00078503656986868 0.00304438359453343 0.183753053843975 0.075656346604228 0.0698329940438271 0.327608294785023 0.808553510904312 0.108942646160722 0.0530018528923392 0.483105555176735 0.308317048847675 0.0569323115050793 0.491212540864944 0.123150599375367 0.109688777476549 0.140679647214711 0.0355558514595032 0.0409193179570138 0.0512402380816638 0.0272977055050433 0.0731110601685941 0.0216155502479523 0.0206168199889362 0.0511472396552563 0.033869391027838 0.0162804673891515 0.00223491928773001 0.0120386930182576 0.0358425336889923 0.198808543384075 0.276146832108498 0.185115987434983 0.0262595413718373 0.0953686750493944 0.101951192691922 0.0344376838300377
2.61522901496392e-05 0.000320475223998073 0.000392268697396503 1.4309553006342e-05 1.37595058177453e-05 1.41397965876422e-05 7.76486452878089e-06 1.40552733682853e-05 0.0176123137585819 0.00168282545055263 0.0104274409590289 0.00382175212725997 0.00366591857746243 0.150657279603183 0.0358521210029721 0.039689464494586 0.0636089969426394 0.348967681825161 0.0970698848366737 0.405818301439285 0.479999497532845 0.471270313858986 0.304146525263786 0.0469098754227161 0.0126833011861891 0.0201430504210293 0.0341659570112824 0.0276365433819592 0.0150259644258767 0.00695207759272307 0.00984211107715964 0.0155852185562253 0.0147512681782246 0.0148664578795433 0.000952766224509105 0.00545000402489677 0.0101422991370782 0.00251409747288562 0.00179214105883148 0.00117131185543258 0.0509152143262327 0.0660507036373019 0.0698122708126903 0.151900211721659 0.125074667483568 0.262761907279491
1.16970028329888e-05 6.67704807000291e-07 3.29999284986116e-05 3.11732326736092e-05 2.53556089774065e-05 7.85314247877977e-05 0.000101039059154573 0.00257413910003379 0.00255478502367623 0.0210026205517352 0.00295315785333514 0.000879145305952989 0.00209520441130735 0.00737416954361834 0.00611538928933442 0.00260781543329358 0.0230119503103197 0.0478668339550495 0.0422029171139002 0.00682952704373747 0.0133754293434322 0.0119887378066778 0.0455222297459841 0.0258506615646183 0.0895421726629138 0.0299324703402817 0.0116814797744155 0.00332339198794216 0.0102456835564226 0.00467244680621661 0.00319110959535465 0.003467763424851 0.0112545805517584 0.00581984540913254 0.00712286897469312 0.000912285680533387 0.000111022010605666 4.83997872379405e-05 0.00238667857483961 0.000565137526427861 9.44934018662025e-05 0.000105946549047076 0.00112375552416779 0.0016740314749768 0.000451219760725508 0.00432122661732137
2.94126227373681e-07 4.01361773469944e-06 2.58955726849308e-05 0.00010641441331245 3.35387951011512e-07 3.63153536930838e-07 4.67298556714013e-05 5.33697883270179e-05 0.00160083369410131 0.00649647149257362 0.00247802395024337 0.00740178156993352 0.00554193820571527 0.00419974055839703 0.00842598304152489 0.00522849411936477 0.00428665747167543 0.00407798030646518 0.00434152719099075 0.00565890728030354 0.00503114050952718 0.00518152015283704 0.0657221499830484 0.492174673080444 0.11458279825747 0.0753666881471872 0.0592657823115587 0.0662054074928164 0.0438197108916938 0.00545559237943962 0.000829222194079193 0.00607745023189636 0.00639801484066993 0.000490222990629263 0.00105086559487972 0.00257291278685443 0.0116592843085527 0.000434227040386759 5.0660174292716e-05 0.000430061508450308 0.0837606040760875 0.0162770190858282 0.0678819024935365 0.000270422309949936 9.41426268582291e-05 0.000539770906107151
6.32658937860242e-07 4.02337277272125e-07 9.23246386719256e-07 5.22555134921277e-05 1.55000086806467e-05 5.77364816933823e-06 6.58719304880151e-07 0.000143310977637157 0.000389230966391096 0.000788133907190058 0.00120483366190456 0.00088073818187695 0.00325221929233521 0.00190106891386677 0.00373059692792594 0.00342101507121697 0.000576756782538723 0.00392750074388459 0.00375307926442474 0.00433581114630215 0.00420555074815638 0.00691555070225149 0.0153869049623609 0.0600827157497406 0.0122521501965821 0.155681208521128 0.121268975734711 0.206018035113812 0.156619298458099 0.106846058368683 0.023723032232374 0.000536400656801561 0.00268937678902041 0.00159882241423475 0.000985549048346002 0.00168949728899861 0.000225410797793302 0.00054684509159415 0.000351058191154152 0.0108524776704144 0.0209679506951943 0.01249261922203 0.00373381362296641 0.00690795360133052 0.000100656941685884 1.74202953076019e-06
3.319322411377e-08 2.08579258698105e-07 4.17369504734921e-07 3.44078970954342e-05 6.14112555240354e-05 2.68487329293521e-06 7.85295072489589e-06 5.95363076456579e-06 0.000235668909586195 0.00429175387253053 0.00132239137310535 0.00736239277757704 0.00634791268967092 0.00338741992600262 0.000461015745531768 0.000503862640471198 0.000372494300972903 0.000851231894921511 0.00563854726497084 0.0146895161829889 0.00460777184343897 0.00242752951744478 0.00555740719428286 2.04191004741006e-05 7.41983893021825e-05 0.00456466524628922 0.0242432488477789 0.0311321690678596 0.00511428285390139 0.0603653233498335 0.035450148396194 0.0020309077546699 0.00514518165318805 0.00180725339288301 0.00157512345608666 0.000483689014799893 0.00106041586986976 0.00106003020241019 0.000147697372568523 0.000692499506112654 0.00100862789240637 0.00102201062254608 0.00174238890176639 0.00893201648723334 0.00740212856326252 0.0116113774711266
1.68734342054222e-07 8.2118174704604e-09 3.40477210016843e-06 1.23735786274892e-06 4.30422803177066e-07 5.77611685415036e-07 1.83825385008163e-05 0.000878959711326388 0.0111504541158865 0.0299123089294881 0.00138378282717895 0.0036808843491599 0.00504142313729972 0.000350880826590583 0.00252208878227975 0.00074581922381185 0.00234457008191384 0.00423928251257166 0.00431456392398104 0.0045404433098156 0.00255134893814102 0.000253759138286114 0.0002356843175221 0.00312519487924874 0.00023877439161879 5.02957886681088e-06 2.35314345218285e-06 0.000132134330920053 0.00305741906049661 0.000791660881441203 0.00178460373426788 0.00160017932066694 0.00407932630623691 0.00102936999464873 0.000174056382715548 0.000847911530672718 0.00146811020968016 0.00104912157530634 0.00842073018594078 0.000749308888043743 0.000932518532499671 0.0151694388259784 0.00137971219992323 0.00151749546057545 0.000461414727760712 0.00445745100732893
4.92698819964943e-07 2.06858415952027e-09 1.09299804007534e-07 1.37601064977844e-06 6.17731704455338e-08 1.01164110191121e-06 1.79502896479278e-05 0.0103061194356997 0.0668468152638525 0.00553616669494659 0.00208911369554698 0.00149899641983211 0.00100688845559489 0.00482639581896365 0.00125564323097933 0.00565498470241437 0.0066408276790753 0.000109678641638311 0.00163186134886928 0.00662225424312055 0.0042208622675389 0.00250883934786543 0.000392617658508243 0.00169903051282745 0.00295050372078549 0.000182292119825433 6.33866133270544e-07 4.90286476178881e-05 9.4378566544151e-07 8.82379803442746e-05 0.00578892858466133 0.00222062784596346 0.00252700545966107 1.60321181658762e-05 0.00534693462379389 0.0032721864395711 0.000628271870300523 0.000168355126398012 0.00350671434561933 0.00134296551037778 0.00100246487086224 0.000446047939476557 0.00261108512968349 0.000373881607083604 0.000911876425379887 0.000358356675860705
2.12303143953818e-09 5.00884445031602e-10 1.34718486588525e-08 3.95282284570975e-08 6.71529184614883e-06 0.000192235630129289 0.00496676648181165 0.190586550533772 0.0883534473599866 0.00140642075566575 0.0023073855380062 0.00130187145150558 0.00113873497029999 0.00146209474769421 0.000810003411606886 0.00862482668599114 0.00205882300215308 0.000511093805107521 0.000295356581773376 0.00218706345767714 0.00386682288954034 0.00284603082109243 0.00152719645411707 0.0150939671788365 0.00129531087295618 0.0126022379379719 0.00122911815997213 0.0400860253721476 0.00334035893902183 0.00441171948332339 0.00114361416490283 0.00151962433210429 0.00669114673117974 0.0289709592299946 0.000595632494825504 3.78549442047404e-05 0.000519286800580687 0.0014028916983106 0.00927238259865115 0.00146544794680779 0.00105272100868774 0.000529418849691865 0.000789205126784509 0.000964552918230766 0.00475469970879203 0.00840252853304264
