Maxent_result_files_2/B_handlirschianus_2.asc
NCOLS 594 
NROWS 330 
XLLCORNER -15 
YLLCORNER 23 
CELLSIZE 0.166666666666667 
NODATA_value -9999 
[rows 200 to 219 of 330, columns 460 to 505 of 594]
4.49948484604334e-07 1.67670744047888e-06 4.22700331083048e-06 9.45398835767719e-06 6.67270095666694e-06 2.47907935918557e-06 1.55211432328883e-06 3.24975960097618e-06 3.21178786180099e-06 2.05328375386671e-06 5.45505766069709e-07 2.3803103431419e-06 7.11651611595698e-07 1.01021117018263e-06 9.5145580019107e-07 6.53302956834523e-06 2.91143592221488e-06 2.05928499781294e-06 6.04610252139537e-06 5.51625878415507e-06 3.15580267624682e-06 3.79429070562765e-06 2.62427219695383e-05 3.06193322558102e-05 5.94471861859347e-05 0.000155760136112804 2.08519107218308e-05 9.95176106698636e-05 0.000194517427007668 1.12997028509199e-05 0.000275402166880667 0.00173616764077451 0.00339934045041446 0.00349738009390421 0.0025486732571153 0.0017420211865101 0.00142391779154423 0.00114473845605971 0.00113590202818159 0.00109528905013576 0.00106070816691499 0.00102060356293805 0.00111208983726101 0.00115895687195007 0.00117359158757608 0.00133201570861274
8.43947389295163e-07 2.34027031886797e-07 5.98805427820537e-07 1.9993422614939e-06 2.24047459824739e-06 1.40141454409992e-06 8.62920351041296e-07 4.76238397340012e-07 9.0020165828264e-07 3.10374928176316e-06 2.30050645200208e-06 1.43363892846082e-06 3.80265432653459e-07 8.60322504081523e-07 7.51850973301771e-07 5.95671696501654e-07 1.58711334883321e-06 5.99064183006703e-06 7.22486582844795e-06 7.92643031672924e-06 4.84381651233434e-06 4.5897936502115e-06 4.48987939307699e-06 5.20646160566685e-06 8.34110450682601e-06 0.000151165812530962 0.000172969824961911 0.00311940617684741 0.00205264311225619 0.00224198539508507 0.00581602854654193 0.00331596252217423 0.00192256688678754 0.00423897472210228 0.00518822021549568 0.00302284614881501 0.000354646338382736 0.00171008036559215 0.00147539086610777 0.00135216697672149 0.00127647363842698 0.0012495785849751 0.00132176171173342 0.00142561392131029 0.00167460750817554 0.00180466158199124
2.48614276299186e-07 1.05890568136147e-07 1.08186984482117e-07 1.70530412280101e-07 1.17802244281595e-07 1.32822896858897e-07 1.6460462752832e-07 5.60881994715601e-07 6.87187680625812e-07 1.36138291395582e-06 1.85424212695295e-07 3.70492620760388e-07 3.6908220142351e-07 8.52028545494932e-08 3.18098350433615e-06 4.15774706965522e-06 5.40037195833065e-06 8.28769520921924e-06 6.08627277415508e-05 8.2226499216631e-06 6.67876220745711e-06 9.42930239943962e-05 6.56255746889656e-05 0.000189738528933958 0.00103620887821307 0.0011100459669251 0.00124879731592955 0.00151190350879915 0.00294732405163813 0.00533868045022245 0.00534379473538138 0.000285840644210111 4.40989021626592e-05 0.00300722398096696 0.00397289016982541 0.0060587077983655 0.00662795620737597 0.00374107762472704 0.00257844211882912 0.00185340294628986 0.00176687645143829 0.00164793154835934 0.00139933904138161 0.00140996477712179 0.0017759728449164 0.00197784262854839
1.45003176155178e-07 9.6351320166832e-08 9.7123883691097e-08 1.06326864468542e-07 1.3431118304652e-06 1.24606455358389e-06 1.64569110872037e-07 2.470478987604e-07 9.29896385670759e-08 2.44840756735698e-07 8.14445328956026e-08 7.79300854958365e-08 8.07547023029542e-08 5.25152344799107e-07 5.26459618352959e-06 5.38459140982939e-06 6.57709842641907e-06 8.3493916235966e-06 0.000439479815577215 0.00093617338934564 0.000984542223159224 0.00101911212404957 0.00106242556066718 0.00111477839091094 0.00117004828207428 0.00116519442672143 0.00126733052893542 0.00141488947556354 0.001217504305896 0.00198662313923705 0.0030463817238342 0.00180424152786145 0.000310767567862058 0.000477965957907145 0.00339171173400246 0.000824998429015977 0.00856017171172425 0.0121102700009942 0.00944623769028112 0.00455772577552125 0.00309957467252389 0.00264984958339483 0.0019877598475432 0.00168507820781088 0.00185323858750053 0.00205148523964453
9.84120731573057e-08 1.09156118988096e-07 1.10154240395843e-07 1.34788947434572e-06 1.30251602570297e-06 4.41288153751884e-07 9.5093289509407e-08 8.71073517316745e-08 1.20483832544149e-07 2.9701412443961e-07 1.69441123736291e-06 3.78840748871401e-07 4.00391154509183e-07 2.68609285705157e-06 3.51662984642287e-06 5.36818557508312e-06 5.18636439778675e-05 0.00087255834514508 0.000956160054192878 0.00100719238107558 0.00103075364895631 0.001157405795675 0.0011106835649116 0.00117374197434401 0.00126418500294676 0.00131400080572348 0.00151133755280171 0.000258654571553052 0.000680076844037103 0.000324457082388108 0.000553977630079316 0.000316960466443561 0.000271417096610094 0.000286330079325126 0.00234482100058813 0.000400477355287876 0.000729245091497432 0.00901164627866819 0.0131785574601963 0.0188201041892171 0.0156990098766983 0.00804885006509721 0.00579874516697601 0.00341278446721844 0.00264873325941153 0.0024784697976429
6.45689164002761e-07 1.42717946971516e-06 1.33569346871809e-06 1.28351131252202e-06 7.03840417770607e-07 3.95120071772226e-07 1.02251234890272e-07 3.61492895406545e-07 1.87443393018238e-07 5.04199261308624e-07 4.86116114128965e-07 4.22884046653582e-06 7.21850164209226e-07 4.90151870251365e-05 4.30428998534182e-05 6.88766607254365e-05 6.78281689033611e-05 0.000907949146494502 0.00095996419840958 0.001042740115372 0.00108638915262418 0.000976106911548413 0.00120738144469215 0.00128333191678394 0.00136414864828112 0.00144732593616936 0.000186568973276735 0.000151269097841578 0.00178180019574938 0.00172532231517835 0.00180429041065509 0.000196361505004461 0.000260918622734607 0.000266119712978252 0.000239441965095466 0.000208927723542729 0.000395057854257175 0.000510124478751095 0.000790476844849763 0.0114032299956307 0.0242296351585537 0.0612348902970552 0.0434065855573863 0.00898031519027427 0.00405745503958315 0.001931905739184
1.32152883054459e-06 1.26071392116955e-06 1.19824322268869e-06 6.51019063013791e-07 8.06354290006084e-08 1.56158669961659e-07 5.04997553840703e-07 7.97202831770427e-07 5.65662821683244e-07 1.99525110994303e-06 4.56849014106586e-06 7.1972210631599e-06 1.89592422598639e-05 4.59015758536907e-05 5.53124767520785e-05 7.79810116910085e-05 0.000916558423341485 0.000936619577987585 0.00101191431967891 0.00116208446124801 0.00121372486610198 0.00130522934778128 0.00132762823050143 0.00144530541729182 0.00154842214978999 0.00158380362408934 0.00166212272597477 0.00173675817932235 0.00174350875167875 0.00185816941666417 0.00187947430822533 0.00188008306286065 2.46568160491734e-05 1.68876005913532e-05 0.000917598322484992 0.0019738981325645 0.000169740105275196 0.000201384807621707 0.000531516648334218 0.000779834643617505 0.00526836599747185 0.00558033435081597 0.0159205431118608 0.0193674394860864 0.0116950419032946 0.00741177680902183
1.25841726230647e-06 1.11862565859155e-06 8.76596931931317e-08 8.24557305989515e-08 1.22425701520879e-07 1.03937499866813e-06 2.34923719028002e-06 2.54727878560179e-05 2.08286232638466e-05 4.67319633861152e-06 4.77195563476362e-06 1.4523479429962e-05 2.8047250113683e-05 4.97389176707053e-05 6.82869489541105e-06 7.52966391210919e-06 0.000123915501899319 0.00103338213884854 0.00111448501775158 0.00126501976483269 0.00140617275901604 0.00146048858296126 0.00147888515348313 0.00102198760287138 0.00168095588014694 0.00180076231918065 0.00190822941804072 0.0019446850696113 0.00202140346227679 0.00215057986788452 0.00215373334649485 0.00217235108138993 0.00139377567029442 2.37567450085407e-05 0.000445103890524479 5.22335897585435e-05 0.000223211256525246 0.000200740704644886 0.00032794249473227 0.000451906603484531 0.000522347693913616 0.000497330383950612 0.00465174674172886 0.0110442043980584 0.012908670050092 0.0143335808999836
1.21466075029275e-06 8.43209976508774e-08 5.63245446016936e-07 2.78645748608142e-07 1.0123734510481e-06 1.32345150745117e-06 9.02327164464811e-07 2.21771354502742e-06 9.48972381287216e-07 5.12029142762938e-07 6.72842690829789e-07 2.39598897079363e-06 2.3835708782427e-05 6.10736031224524e-05 5.71644681514272e-05 0.000109759323004255 6.66411600036554e-05 0.000565979215389234 0.00120024298230419 0.00136706404737197 0.00149613979592687 0.00157755698164692 0.00179234777679085 0.00174236590828514 0.00183882980199996 0.00195770071150037 0.00210787853575312 0.00220433502399828 0.0022581432829611 0.00148875614540884 0.00244175031548366 0.0025387500616489 0.000811707892717095 0.000141790291047528 0.000198831035959302 0.000338033397019899 0.000315849929575052 0.000297658383897215 0.000274997654196341 0.000454279779660283 0.000357433055978618 0.00030807604898655 0.000446170378381794 0.000528559393751493 0.00962406405014917 0.0118284505326301
1.1402069532096e-06 1.18401319859629e-07 2.28426188719766e-07 3.21481218845676e-07 2.17458067552911e-07 1.17152294644152e-06 4.6422064938767e-07 7.5611762099248e-07 2.17276366444308e-06 1.81691251770477e-06 4.50428964765881e-05 2.46737554320475e-05 7.03932816800257e-05 6.06067557896495e-05 6.30808385665205e-05 5.69871186666404e-05 6.60287077664634e-05 0.000116951922973385 8.02738229708666e-05 0.000132896479408373 0.00151577303768136 0.00104230826727871 0.00177003537828568 0.00188937140046619 0.000517318790298305 0.000689717932073108 0.000337525526083482 0.00261980832001427 0.00027937876748183 0.000233772547835542 0.00280647564213723 0.00186960529463249 0.000262405211469741 0.000141984734172951 0.000165940386112595 0.000169993130572266 0.000345007396234109 0.00115042170073139 0.000875986013852526 0.000340480194608972 0.000568449856655207 0.000412519292876823 0.000777218351140618 0.0017105939637986 0.01823391597718 0.0124044715659693
3.64374077221896e-07 7.27943998413139e-08 1.9152498165198e-07 2.1976269743984e-07 2.7715146335705e-07 4.71412902447454e-07 2.03711064956424e-05 4.79030653558477e-06 8.42387326644989e-06 4.36044218278808e-05 6.28946790629081e-05 3.00201150876811e-05 6.48289920437861e-05 7.18381835440596e-05 6.70674221538547e-05 6.33913462174007e-05 7.60971651968201e-05 7.34725871861741e-05 8.21007634016269e-05 0.000124521553880186 0.00012939806920258 0.000157201416732278 0.000752570642362116 0.000171484174097714 0.00019055357643083 0.000607823468453717 0.000228100507411 0.000151543088389872 0.000185217083253519 0.000380871470406419 0.00264363566529937 0.00165881123102736 2.420479961458e-05 0.000124053485092679 0.000193064684942978 0.000198474539581639 0.000274841518512403 0.00031270740500986 0.000439743355991595 0.000441777291584344 0.000583866846864112 0.00167978002100426 0.00287456193036633 0.00744896451942623 0.00838509957538918 0.00744335163617507
7.92837814067582e-08 8.37606334957997e-08 2.22220872658774e-07 1.42829156076774e-06 6.8105067213553e-07 2.21029089849667e-06 6.17438325376862e-05 3.24907523094331e-05 1.53815450010253e-06 1.44837618365479e-06 1.689834522689e-06 1.50707788502902e-05 1.16176913748101e-06 8.30954587751065e-05 6.9643703508393e-05 7.0094942174137e-05 0.000107152397322352 8.69351855271816e-05 0.00013897578464821 0.000141734793487558 0.000137568004720379 0.000138138650618203 0.000209710626222659 0.000191342482685286 0.000194143414591963 0.000175689423440417 0.000155403722884273 8.92541660069468e-05 0.000121896666110299 0.000196051334796987 0.000212567849621337 0.000235010548658465 0.000214597036240249 0.000126384159439863 0.000208966457423543 0.000244729760515749 0.000389420183637412 0.000471844046842307 0.000364398879548844 0.000611851015059983 0.000447809191547321 0.000676108914194629 0.000946387037402019 0.00149250054091681 0.000913577701430768 0.00210937919910066
5.61369666485234e-07 8.80601111252766e-08 5.42422654414843e-07 1.05405535991698e-06 1.03063997246577e-06 1.06206328052139e-06 1.16292221045144e-06 1.62831169014943e-06 1.29118895633162e-05 2.07455779837051e-06 6.27418390660273e-05 3.75859966955772e-05 1.71657135986658e-06 4.60167903829634e-06 5.90026760447171e-05 8.7289674583535e-05 9.2614249659595e-05 9.56705725798201e-05 0.000141060703936091 0.000163924935623072 0.000135320525441784 0.000154324949835427 0.000213953722959559 0.000524149294869858 0.000269787760225881 0.000209428138987278 0.000172186129343288 0.00017489007809639 0.000178592154645363 0.000231429875689226 0.000219233132439456 0.000277146515744686 0.000244262556058328 0.000237447337511931 0.000263331374924292 0.00318339172226843 0.00560795527999289 0.000946451125491876 0.000393506241857722 0.00169390943137842 0.000517583291502888 0.000739950825573033 0.000775471739916611 0.0010680979431072 0.00168962907991954 0.00159831417295209
4.58679846981891e-07 3.66037692134391e-07 2.58056371471582e-07 5.538764629609e-07 8.1043873301212e-07 3.99174882292908e-07 4.160295755673e-07 7.50625834022856e-07 1.02581325323037e-06 6.04436540323494e-06 1.31318838010097e-05 3.10944210880182e-05 1.51169475979152e-05 1.23520568751534e-05 5.38445522934361e-05 0.000107316096324184 4.30033808052177e-05 9.73062006927705e-05 0.000106294457068579 0.000130571189379225 0.00017110699773184 0.000194911407561449 0.00019638600970211 0.000164562492432196 0.000207210865301022 0.000195192763374052 0.000253156426333589 0.000311063912522513 0.000221072728828631 0.000251146933901669 0.000213416396196531 0.00012586918662274 0.000217184203507037 0.000378916944472429 0.000374811974594458 0.000368178653985751 0.000551196183369029 0.00551300198421814 0.00136872138537001 0.000784042715969235 0.000692743272975349 0.00108908364345552 0.000990903075035021 0.00160386432753512 0.00193068489961661 0.00303260118234903
3.43870898200649e-07 1.14063156642086e-07 6.03452100067514e-07 2.78702931003627e-06 6.18359819927972e-05 7.61798007773429e-06 1.21327880678868e-06 1.89898408908817e-07 3.53965642618803e-07 2.37486626297745e-07 1.0009650379228e-06 6.4229115367076e-06 6.10872247501781e-06 4.67262914874977e-06 2.961701090064e-05 5.62332733781479e-05 4.54897389515763e-05 1.16879150091842e-05 3.1283055057163e-05 2.48071587319432e-05 5.96150230337988e-05 0.000143151482790405 0.000178915475632013 0.000163301481600797 0.000181536608920396 0.000202625420217828 0.000209823381857888 0.000227309840830259 0.000242331399816464 0.000245780598517764 0.000271943563565014 0.000271070987434752 0.000414341643419647 0.000460027192047319 0.000456825636628366 0.00052614439790517 0.000491002110442196 0.000559733088448411 0.000534472728190849 0.000968487410267471 0.000887008852678406 0.00110178222283324 0.00138340232441863 0.00200867333292152 0.00301946733761724 0.00687452675774694
8.8879340331971e-08 2.9322129668774e-07 2.37006178991361e-06 4.15338204675653e-06 2.18940807090728e-06 1.7153430338257e-06 1.13357660413982e-06 1.43213251635466e-07 2.55235808666043e-07 2.45516212526997e-07 2.35545236304535e-07 5.50011163846786e-07 2.25858944165047e-06 4.28178291818071e-06 8.98894760305025e-06 7.10670515150169e-05 4.493529021522e-05 3.97771921914702e-05 1.27083755522395e-05 1.3432207448294e-05 6.19605603761508e-05 7.65570937681259e-05 0.000206511452452585 0.000178183550973188 0.000192681923437021 0.000125733079087675 0.000261841825535303 0.000274998121492587 0.000206830688868698 0.00018095058174824 4.29441598600255e-05 0.000208809263586296 0.000524601796993451 0.0005498456367107 0.000601265097233661 0.000525543174148879 0.000540425091594443 0.000588067500763145 0.000238970134319061 0.00124855249583931 0.000670547639261077 0.00134648178476429 0.00282164601014685 0.00296866451246842 0.00337224637332838 0.00682824890536722
1.18118831271552e-07 9.11791067770285e-07 2.00885226715464e-06 1.3174539510552e-06 1.17882732995067e-06 6.80644573125555e-06 8.89462268212071e-06 3.69417389043392e-06 4.26592750502053e-07 3.21277581150081e-07 2.05072209091828e-07 2.05065753577927e-07 1.59644424164718e-06 1.14961079644704e-06 3.34482528353552e-06 1.05813319894454e-05 9.81176088300173e-05 5.83060872477614e-05 6.60009437807085e-05 0.000137256949041653 1.88784269059994e-05 1.9001095876825e-05 0.000169090416225615 0.000201371447406018 0.00024435190521217 0.000293568888173468 0.000261964971838324 0.000314630492457546 0.000180219925473168 0.000156983555669421 0.000268656405845169 0.000554114610062584 0.000536738925103464 0.000564988324714477 0.000586995841975124 0.000708578651938296 0.00064479315546464 0.000165990631660407 0.000503722315761479 0.000757634580221089 0.000765048138125879 0.0014279414794512 0.00159740892078172 0.00640907203349315 0.00564964299846906 0.148221540823579
1.51910820322954e-07 5.74973763656228e-07 1.2862797112434e-06 1.85173855242748e-06 2.35453818031583e-07 4.18628210816507e-06 1.10493753260332e-05 9.29130119070587e-06 6.55262943496382e-06 7.426887549844e-07 9.32933229136346e-07 5.85584444583454e-06 5.21231891459362e-06 9.46538036060707e-06 5.25121084791191e-06 5.84805942994704e-06 5.13902781127285e-05 5.66782685319511e-06 6.28177138864872e-05 0.000128917138618689 0.000215645632124506 3.06639418568011e-05 2.8469878418802e-05 0.000286952748137992 0.000224119503513975 0.000256810096576743 0.000299587370552246 0.0002838588808319 0.000430882582620562 0.000419631903260786 0.000587915789084192 0.000587730787856344 0.000629725850447471 0.00066335737894434 0.000822260903896677 0.00122628074896056 0.00102039413941384 0.00046989846687211 0.000966834117753024 0.000711836059288307 0.000694506640071635 0.00287563940334792 0.00451669958529237 0.00442640052351635 0.00681807015062077 0.0225361634045839
1.15941987566259e-07 2.25867246694822e-07 3.22642572514464e-07 7.92088967160875e-07 1.76036028709525e-07 3.95302122805363e-06 3.60411234544555e-06 9.33622689833769e-06 9.86060466914296e-06 2.12413117983701e-06 7.71922540145908e-06 9.56717773004101e-06 1.48400385413083e-05 1.0286883472177e-05 1.47390541551662e-06 2.93800049178783e-05 3.0767862431369e-05 3.06148764864789e-06 2.43579911044067e-05 2.01670402386833e-05 0.000173854049432975 0.000186988653490516 0.000204708888952609 0.000213892960971762 0.000187235996745982 0.000289207743179531 0.00039970008518484 0.000389907147939539 0.000495087017014662 0.000416294094534686 0.000287665710175056 0.000682203499023615 0.000894690365748829 0.000988196561047516 0.000966018164444904 0.00167746814840939 0.00147000132128596 0.000908500254172395 0.00131732405516232 0.00097514554206376 0.00184088254237835 0.00263403992993005 0.00303011879962867 0.00308578298427165 0.00611984288625536 0.00621569263748825
1.49610547872658e-07 1.41807338827071e-07 1.25608040035807e-07 1.20207501730363e-07 4.62457431016361e-07 1.35169374182453e-07 2.14847306478916e-07 4.49800452693161e-06 9.2482615315248e-06 1.34754204658805e-05 1.75149030496868e-05 0.000187379539602261 0.000125730793160983 1.0064335239135e-05 1.69655816520953e-06 2.23595971353685e-06 2.19522120457061e-06 4.27244590469611e-06 7.06227850235663e-06 1.37326839119933e-05 0.000218518264288692 0.000230094443049111 0.000229512334556681 0.000257183056558663 0.000341752880984147 0.000181660766794434 0.000472443119337562 0.000214789907115198 0.000204493827900265 0.000423762619135815 0.000547992150846377 0.000859655020756822 0.00111259219556814 0.00124311221188691 0.00120434430255045 0.00260155953001231 0.0182509935228154 0.0013345451036912 0.00172465226205532 0.00100966262510831 0.00158245606679297 0.00253261699440941 0.00142549005683534 0.00179541106663237 0.00821152342832647 0.0104068204865882
