Maxent_result_files_2/B_handlirschianus_2.asc
NCOLS 594 
NROWS 330 
XLLCORNER -15 
YLLCORNER 23 
CELLSIZE 0.166666666666667 
NODATA_value -9999 
[rows 300 to 319 of 330, columns 230 to 275 of 594]
3.03721963131665e-05 2.12006064893799e-05 2.23060861276991e-05 2.10707073115657e-05 1.85290436142793e-05 1.85902700685858e-05 1.87127446178437e-05 1.92166367988023e-05 1.9478402479578e-05 1.9662217950156e-05 2.00233120036586e-05 2.03601895798045e-05 2.04919270881732e-05 2.06226366774587e-05 2.05964138032755e-05 2.02316197185581e-05 2.00398414399672e-05 1.98119266990204e-05 1.94950421018802e-05 1.9242716104273e-05 1.9149524595008e-05 1.90172727190685e-05 1.86873966171675e-05 1.86337227912503e-05 1.84906443529087e-05 1.9291707062763e-05 1.86275801322466e-05 2.31006714059845e-05 3.32069988623118e-05 3.80895827262862e-05 4.20377378006265e-05 4.97251909351348e-05 5.0822737460976e-05 5.04006429579817e-05 4.90384762514395e-05 4.90253020430487e-05 5.00711694272127e-05 5.36755202894312e-05 5.53046213077835e-05 5.67031703326393e-05 5.47343818638524e-05 4.96511332976013e-05 4.92391998818675e-05 4.93446121097918e-05 3.35636181937105e-05 6.01366858333563e-05
3.59107658553626e-05 2.618271774395e-05 2.10043295709283e-05 2.35508275004292e-05 2.16145976652982e-05 1.84050389288259e-05 1.84818152350275e-05 1.86953796525557e-05 1.90235944938166e-05 1.92974641773702e-05 1.9474084964699e-05 1.96163546402062e-05 1.97871426394158e-05 1.99058145899045e-05 1.97919736599772e-05 1.97357037023949e-05 1.94583099975887e-05 1.91141874847034e-05 1.89501553460758e-05 1.87343536250495e-05 1.84601837744935e-05 1.81705527968035e-05 1.81414651642342e-05 1.81711885115732e-05 1.81367906872509e-05 1.79520160166646e-05 2.40880051805448e-05 2.93878754284549e-05 3.09631600146076e-05 4.05832840911557e-05 4.92679012857877e-05 4.99074474404892e-05 5.02716670169434e-05 5.02545902918428e-05 4.90784918866893e-05 5.11813692327223e-05 5.63933797138816e-05 5.73269543636457e-05 5.70471306026832e-05 5.66325810360979e-05 5.46698716043181e-05 5.45305932725171e-05 4.94756191976364e-05 4.92466634327116e-05 3.55586387286166e-05 3.14050310230129e-05
3.68901514811171e-05 3.30130840371368e-05 2.99373344081033e-05 2.38534449206185e-05 2.34749300521031e-05 2.25466342641312e-05 1.84126295188491e-05 1.84593427844604e-05 1.84801948853064e-05 1.86613936305591e-05 1.89614537180915e-05 1.91871697065693e-05 1.93466183837643e-05 1.95182792445792e-05 1.9220675431697e-05 1.90784242121822e-05 1.89297744420003e-05 1.87585339627816e-05 1.8439162050754e-05 1.80571978035005e-05 1.78766645902328e-05 1.78255201664257e-05 1.7877240971842e-05 1.79156211586928e-05 1.78393673348154e-05 2.20619424410984e-05 2.54900790906731e-05 2.88268659438984e-05 3.72969223931818e-05 4.82112370235654e-05 5.00109572683982e-05 4.95987396718078e-05 4.946697937811e-05 5.01252153604526e-05 4.94964108625595e-05 5.23077588567844e-05 5.71336101458542e-05 5.70690698211251e-05 5.69068907587678e-05 5.66180204408795e-05 5.64106229141714e-05 5.59239948145773e-05 5.47434672512281e-05 4.90396549906791e-05 3.54700689072729e-05 2.90925719163226e-05
3.67827671365006e-05 3.67534584139406e-05 2.92663840543383e-05 2.3433265283046e-05 2.3261294860788e-05 2.32283713963e-05 2.17422029766823e-05 1.83939636446695e-05 1.84169431150849e-05 1.84316649685101e-05 1.84553496190176e-05 1.8521072919242e-05 1.87709757629051e-05 1.90537049213901e-05 1.87521760384612e-05 1.86926952114419e-05 1.84213555577628e-05 1.83018601322971e-05 1.80456650529237e-05 1.77553154944832e-05 1.77241123154204e-05 1.77023465191439e-05 1.77583786829416e-05 1.87851578345999e-05 2.07793145495572e-05 2.1818107488869e-05 2.81308059030039e-05 3.73571173447829e-05 4.87490988291484e-05 5.55201455604504e-05 5.57261062709813e-05 4.89660156297589e-05 4.96653911781664e-05 5.00178369641446e-05 5.00129473877564e-05 5.39643075569529e-05 5.71193857211938e-05 5.68691674821764e-05 5.67697346923524e-05 5.65553962090348e-05 5.63010476419379e-05 5.6404456118031e-05 5.63888592864714e-05 5.31401515559082e-05 4.62019593626906e-05 2.76578957887352e-05
3.67561478494594e-05 3.68296470394824e-05 3.38015719613338e-05 2.87052725408188e-05 2.10621912069442e-05 2.31758223264933e-05 2.3081486312293e-05 2.15322807667562e-05 1.82020907615765e-05 1.81287317577272e-05 1.81679969177395e-05 1.82705892360246e-05 1.82110349836506e-05 1.8438507064289e-05 1.85779252749541e-05 1.8574116173653e-05 1.83211422299934e-05 1.79038497247319e-05 1.77094941282263e-05 1.76872288253804e-05 1.77413429241824e-05 1.75063958970156e-05 1.7811751767205e-05 1.67376925292118e-05 1.76195306572424e-05 2.63094371387496e-05 3.61250633375221e-05 6.55708560202584e-05 5.56883224692939e-05 5.59770054223918e-05 6.32298790101515e-05 7.81824467303238e-05 5.73292951493443e-05 5.02319624828829e-05 5.11065693153512e-05 5.57844426339216e-05 5.71690965045946e-05 5.68054679042973e-05 5.6678320031267e-05 5.63392392535889e-05 5.64053912384566e-05 5.70260543952372e-05 5.68842562486793e-05 5.65960438407842e-05 7.80948031064099e-05 7.47047123482503e-05
3.75428864202831e-05 3.67691426443884e-05 3.53440989613318e-05 2.95459349523242e-05 2.67211782283283e-05 1.91971077878605e-05 1.95747840594507e-05 1.96190740645363e-05 1.87673774831865e-05 1.80515502403722e-05 1.79581748898983e-05 1.79969877088126e-05 1.81518333896236e-05 1.81795537404383e-05 1.82293494614072e-05 1.84315263659585e-05 1.78103918397454e-05 1.7676034768499e-05 1.76921559315701e-05 1.83922781030077e-05 1.80178626315808e-05 2.21214086149502e-05 1.67115907549587e-05 1.71881657832884e-05 2.19119705445081e-05 2.65750815493959e-05 4.86374966548908e-05 7.20938544695571e-05 5.56346642810013e-05 5.80029600655507e-05 7.31153527190997e-05 0.000117151534364268 7.44654144426704e-05 5.6733684931487e-05 7.34860855757802e-05 5.93547043749254e-05 5.71512113410222e-05 5.66819290916953e-05 5.65380167415697e-05 5.62264803036783e-05 5.7547620651377e-05 5.67853939386964e-05 5.70298159821903e-05 5.67170492267621e-05 7.25514211040945e-05 7.94574393026437e-05
4.61513326257545e-05 3.66371553440104e-05 3.62152472462185e-05 3.38494268444123e-05 2.85995646684967e-05 2.66905103423198e-05 1.95688655113102e-05 1.87191534077868e-05 1.86995859611017e-05 1.86745287063417e-05 1.8744002964155e-05 1.78583762670215e-05 1.79233987172012e-05 1.77510014616189e-05 1.77221712146292e-05 1.77563651618584e-05 1.77271340607632e-05 1.80118222576908e-05 1.81986874355999e-05 1.83216325225999e-05 2.27350309561558e-05 1.93459789866068e-05 1.690285037661e-05 2.06641644052041e-05 2.87403420273336e-05 3.5663947466702e-05 5.55464490822999e-05 9.38927397001521e-05 5.54042829868706e-05 7.26078266154673e-05 7.75129131291408e-05 7.78461072322045e-05 6.62081248052004e-05 5.68535195036191e-05 7.97609798510734e-05 7.82583948989668e-05 6.19717215514015e-05 5.66094862307409e-05 5.67088892744039e-05 6.02074655091656e-05 5.6229725377932e-05 6.26639861806666e-05 6.56625998281868e-05 6.95241146971171e-05 7.6008270946204e-05 7.95350553900675e-05
5.26548680685579e-05 4.71622457780541e-05 3.65389365047264e-05 3.65751634113565e-05 3.50632604327217e-05 3.12437775125574e-05 2.69150089561521e-05 2.22969266708617e-05 2.06972174456865e-05 1.88282985705612e-05 1.88045789908386e-05 1.88790482660295e-05 1.80978692910116e-05 1.90289893380324e-05 1.84979025757315e-05 1.90574713059277e-05 1.96081166439654e-05 1.88086510384267e-05 1.90403789083859e-05 2.0854213513033e-05 2.06067675907917e-05 1.84311629265466e-05 2.29880540931759e-05 2.44244679599603e-05 4.78382796003984e-05 5.56794737669009e-05 7.53346810625999e-05 5.503480533946e-05 5.5094582683779e-05 6.94210702505416e-05 7.73613984378585e-05 7.74851569538271e-05 6.85444767739796e-05 7.01827192209237e-05 7.94729793923921e-05 8.02844299514049e-05 7.08133833143165e-05 5.93023463423492e-05 5.66898178760766e-05 5.7195195903148e-05 5.76270810007884e-05 7.54850781866878e-05 7.88600224154834e-05 7.60465059741477e-05 7.95850801551978e-05 7.97822601143139e-05
4.91986115683574e-05 5.28949738626494e-05 3.90824637253928e-05 3.6483004365806e-05 3.63954011504575e-05 3.63115996435681e-05 3.3075984442732e-05 3.07757822909593e-05 2.91791286324283e-05 2.18526181683387e-05 1.92396169188314e-05 1.9266326831513e-05 1.93404640246086e-05 1.94772030649659e-05 1.95564331232134e-05 1.91627636340286e-05 1.77719212125282e-05 1.75440687211648e-05 2.08611248435631e-05 2.23159567021014e-05 2.00132989810697e-05 2.46228133729431e-05 2.55217864708612e-05 4.53492476538031e-05 5.26807135415197e-05 7.63195898628055e-05 5.57166269928189e-05 5.53164258896288e-05 6.24965428698943e-05 7.54044515595353e-05 8.84917840146215e-05 7.71819367130888e-05 6.65490358422005e-05 6.01664316441486e-05 8.38517856649901e-05 9.07891468344246e-05 7.69903921138848e-05 6.79577076041937e-05 5.79979793592145e-05 5.65647184863849e-05 5.67385429171452e-05 7.09252579326858e-05 7.86839887737756e-05 7.90885291223731e-05 8.0168858936247e-05 8.05902264431779e-05
4.82966377109761e-05 5.03453570441792e-05 4.01816579973513e-05 3.65822376984681e-05 3.6428512326836e-05 3.62279301185708e-05 3.6338136215619e-05 3.47634965571331e-05 3.1550311076245e-05 2.9340818465684e-05 2.02520322133637e-05 1.98389315951175e-05 1.94410795000266e-05 1.95057078659744e-05 1.95140666157556e-05 2.35192931970829e-05 2.17926132467738e-05 2.26967775294185e-05 2.5082956885214e-05 2.18084070954916e-05 2.55956376715716e-05 2.54214413427434e-05 4.73463910353189e-05 5.52426490429525e-05 5.47651772741631e-05 5.40486523888717e-05 5.48242446519964e-05 5.60672793533001e-05 6.3449446892605e-05 7.75048687856383e-05 6.30124291078005e-05 6.15119261787811e-05 6.00919624581309e-05 5.99760478984024e-05 7.07536427739797e-05 7.89968980214439e-05 8.60357674625334e-05 6.85068698416558e-05 5.90230034987371e-05 5.70897313444618e-05 5.64849721783389e-05 6.79428736219734e-05 7.86353879270507e-05 7.93995601014785e-05 7.98775754816461e-05 8.10592904628038e-05
4.8383322431178e-05 4.88389947165047e-05 4.34714886015541e-05 3.63070062554982e-05 3.61885962867348e-05 3.60636775546652e-05 3.6171119240791e-05 3.61436820774941e-05 3.59060871174321e-05 3.57647960289142e-05 3.36767554369288e-05 3.01683435406375e-05 2.40055544036721e-05 2.21735447173188e-05 2.48700257472478e-05 2.56032280606888e-05 2.71542890995846e-05 2.88015243661732e-05 2.65387952978813e-05 2.55885956409685e-05 2.55668026959199e-05 2.87243156211758e-05 5.42769891985984e-05 5.48631335391292e-05 5.50085792568211e-05 5.45349792005823e-05 5.51325978115358e-05 5.62989674804726e-05 4.99633923240594e-05 6.67582485263551e-05 7.76719972471085e-05 6.00693452263101e-05 5.9970941635612e-05 5.99527020540336e-05 5.98450747474999e-05 6.47724836404962e-05 7.80710494169057e-05 8.45075073442558e-05 6.04442976694486e-05 5.78268025023476e-05 5.87865888121541e-05 7.4779482173426e-05 7.9847027772928e-05 8.00767685731785e-05 8.04028322050954e-05 8.08430746829458e-05
4.86001782302736e-05 4.99957010426044e-05 4.39720389397991e-05 3.59270749164864e-05 3.6567399027021e-05 3.6392961245113e-05 3.607527307814e-05 3.60245254974245e-05 3.61181210415396e-05 3.56826494439133e-05 3.60179565909391e-05 3.60888201988985e-05 3.37098357778842e-05 3.17502781165047e-05 3.08593816804148e-05 3.16157856165233e-05 2.9707951782143e-05 2.60244607567017e-05 2.548397353479e-05 2.5557922520747e-05 2.55733009574044e-05 3.80716324379193e-05 5.22047347594423e-05 5.50583154087292e-05 5.44644614052459e-05 5.41634131430158e-05 6.14045165484356e-05 6.95499207360228e-05 6.30588437118718e-05 7.22730990290188e-05 5.76494768118607e-05 8.54193005636716e-05 7.06789583688305e-05 6.84385292487377e-05 6.65332858510226e-05 6.62197847361767e-05 6.63901680056256e-05 7.27375968359922e-05 8.16210917463423e-05 7.23648708046198e-05 6.4824074814851e-05 8.27350183783437e-05 8.66958210721691e-05 9.09851907024972e-05 8.08155918747389e-05 8.14057858363526e-05
5.23130849238385e-05 4.97973551947695e-05 4.47057985834221e-05 4.16544116916384e-05 4.67555424235044e-05 4.03096085589638e-05 3.50433966739061e-05 3.59771408390941e-05 3.20852910331126e-05 3.02516416549992e-05 3.09729035635087e-05 3.34800866621521e-05 3.58356749529776e-05 3.13930297995313e-05 2.94407380103223e-05 2.74601348106529e-05 2.63341934193306e-05 2.5573245692101e-05 2.55201185524356e-05 3.10307888902628e-05 3.64843112230062e-05 5.0301327205915e-05 5.34051662931745e-05 5.48699053545931e-05 5.48041085302486e-05 5.52430315210017e-05 7.08517042760093e-05 7.53324792462706e-05 7.3315311338007e-05 5.93407978595195e-05 6.33604146781153e-05 0.000101612658500017 6.09273853498848e-05 6.33577776213201e-05 6.43786314981298e-05 7.135501691522e-05 7.51253368520111e-05 7.33986199023207e-05 6.26897396415416e-05 8.29898501294224e-05 8.43593195426706e-05 9.12182302286624e-05 6.71364716296807e-05 5.91274443443979e-05 8.66006243498418e-05 8.18828573727615e-05
4.93776928873757e-05 4.68482276257731e-05 4.59890813271358e-05 4.55995739136128e-05 4.59645536107445e-05 4.61509365834445e-05 3.96127260238188e-05 3.22867426248763e-05 3.12421507313587e-05 3.07883938894804e-05 2.76702647344251e-05 2.89399623454756e-05 3.06791498417169e-05 2.82814402893905e-05 2.64369942801324e-05 2.55588941911355e-05 2.55753068618247e-05 2.55772990659153e-05 2.55623176411035e-05 4.11513825106624e-05 4.80115627276234e-05 4.80081862335169e-05 4.97068914448562e-05 4.99883585156624e-05 5.48895709250985e-05 5.65142173329036e-05 7.23519544322926e-05 8.48465878519278e-05 7.95101137995857e-05 5.95206880014132e-05 5.92625003967839e-05 5.79065096015796e-05 0.000215120232007848 0.000110827767136357 7.21647122574609e-05 4.96724723760167e-05 5.19369233586531e-05 5.11866686878193e-05 5.2397963152373e-05 7.08477490420023e-05 7.4655400624124e-05 7.63531952458152e-05 6.63013154948544e-05 5.9827892468256e-05 6.77940469003602e-05 8.04853223201007e-05
4.5505767024423e-05 4.67534883672016e-05 4.56099739217564e-05 4.62793127601557e-05 4.63644852629841e-05 4.52260087374867e-05 4.52510349859381e-05 3.60570639269753e-05 3.04116675955868e-05 2.95025239964275e-05 2.8533452337598e-05 2.66078618562204e-05 2.66783976485385e-05 2.58078049466093e-05 2.55079637405231e-05 2.55152891860178e-05 2.55950213635003e-05 2.56473306158966e-05 2.66958846118825e-05 3.83022156974278e-05 4.86468451846633e-05 4.85318657084122e-05 4.84341810526701e-05 4.90994348169238e-05 5.23949739246632e-05 6.08677020096593e-05 7.68651427307532e-05 7.5750911017991e-05 8.19545806429289e-05 5.79663027949096e-05 5.87042487609324e-05 5.72401478795115e-05 5.62857267148331e-05 0.000109393192188634 0.000309173491400116 0.00018106232007753 0.000175607695533131 5.85449327076049e-05 5.13895833734068e-05 5.05229467577806e-05 9.11519660817817e-05 5.66272300877912e-05 5.61762451859238e-05 5.52571162232951e-05 5.8608088795431e-05 7.43373500753819e-05
4.57073376896489e-05 4.63358249923829e-05 4.67758012490549e-05 4.62575114276831e-05 4.62143467530041e-05 4.64221831325773e-05 4.62546151993593e-05 4.53584023180298e-05 3.058391334676e-05 2.660708957265e-05 2.63872964570311e-05 2.52378592028535e-05 2.53643660116154e-05 2.6541427558513e-05 2.87072633831542e-05 2.65492655358912e-05 2.55876493987728e-05 3.39417355938565e-05 4.32154000627349e-05 4.88396901360488e-05 4.89036197933501e-05 4.87141685027836e-05 4.85295400338259e-05 4.83587397013707e-05 4.85093930080893e-05 5.81289521932149e-05 7.13088730016409e-05 7.71783709190288e-05 8.08541317724121e-05 5.73731746623451e-05 5.75799682074774e-05 5.77110928691837e-05 5.77274200132649e-05 6.8833303255289e-05 0.00023384067933705 5.48638873121732e-05 5.49345213945784e-05 7.53621502116886e-05 6.3484620501697e-05 5.06806982514263e-05 7.41358008745863e-05 5.62904968408162e-05 5.50480023189692e-05 7.18872757060396e-05 5.79987409508931e-05 5.21206056234291e-05
4.6756972643891e-05 4.67873542252306e-05 4.649725624013e-05 4.64722813884322e-05 4.62931996661808e-05 4.62396861646397e-05 4.60688956632538e-05 4.58313280866207e-05 4.63171712787869e-05 2.86509543592217e-05 2.5561806171126e-05 2.52213317006422e-05 2.86131107689158e-05 4.11977817783793e-05 4.83132507952178e-05 4.84745663534625e-05 4.86885186077757e-05 4.86492906198066e-05 4.85014906367098e-05 4.82481905997645e-05 4.84357707769334e-05 4.85577954691507e-05 4.83463622146019e-05 4.80980224210725e-05 5.15853184147375e-05 5.56754159013906e-05 6.24518259201068e-05 6.6155366171472e-05 8.60145174243598e-05 6.07748197303692e-05 5.53431899689372e-05 5.98105727984688e-05 7.88757164585263e-05 5.96645069563806e-05 5.69029029172441e-05 5.72949893683727e-05 5.58211292563726e-05 5.49011280872591e-05 5.56062266371171e-05 5.6115283640068e-05 5.50226449393065e-05 5.5618976473859e-05 5.44215680026383e-05 6.87943415480952e-05 5.65028116056965e-05 6.08693356141998e-05
4.70850088710506e-05 4.70015567824333e-05 4.66671080246783e-05 4.63992101558119e-05 4.62303306159484e-05 4.61951780241776e-05 4.57301630593321e-05 4.582034580487e-05 4.61986760885935e-05 4.65527243260766e-05 2.96254125697004e-05 2.41366800104004e-05 3.10760663602139e-05 4.83963256684206e-05 4.82281631732917e-05 4.83340663080867e-05 4.86696063283887e-05 4.83452346010438e-05 4.75049606116329e-05 4.76043029564721e-05 4.78219490666731e-05 4.77459174071271e-05 4.77180278082301e-05 4.92049826426921e-05 5.50214070898392e-05 5.74918924108658e-05 6.93607574071109e-05 6.74713405310001e-05 8.1218609079059e-05 6.26542682184095e-05 5.76489240533107e-05 5.85014905361447e-05 5.71321596385843e-05 5.8317017053966e-05 5.97845442587897e-05 5.82744131428115e-05 5.72904391894724e-05 5.56599385717504e-05 5.46277760864911e-05 5.42174892238734e-05 5.49484346709761e-05 5.52013010775454e-05 5.40249700787143e-05 5.27265560210211e-05 5.4446080658721e-05 5.99049084446079e-05
4.67907764271303e-05 4.66423648056491e-05 4.64253881055754e-05 4.64079684078911e-05 4.61640702805965e-05 4.64252724192704e-05 4.63447696979813e-05 4.67491270526921e-05 4.7238977009556e-05 4.72812957418967e-05 4.74194496824509e-05 3.40151893851726e-05 3.88163045847989e-05 4.80832108451068e-05 4.8273544744859e-05 4.8218495297192e-05 4.78538845001708e-05 4.77636410892046e-05 4.76577798067979e-05 4.78052748107416e-05 4.79112498354084e-05 4.77234434775653e-05 4.75951372585826e-05 4.85091141243288e-05 4.88407635209853e-05 5.02193776320325e-05 5.1463547721653e-05 6.14777464356564e-05 7.0441747566008e-05 6.66410404377871e-05 5.84869351957451e-05 5.79508085664315e-05 5.73484711264172e-05 7.10228067703156e-05 7.14320705220928e-05 6.37323500487952e-05 5.73814586537935e-05 5.60221350873746e-05 5.6445826788476e-05 5.57556025260197e-05 5.56479938964571e-05 5.43137941324545e-05 5.3708444657552e-05 5.25334017317469e-05 5.42311618259461e-05 5.58140036529764e-05
4.70302382233001e-05 4.67419222911047e-05 4.63752459033628e-05 4.64410667643023e-05 4.6462094786115e-05 4.67948507612448e-05 4.70253318368918e-05 4.72505577668869e-05 4.75925006181654e-05 4.7583080256075e-05 4.14101371738695e-05 3.63607993527637e-05 4.74062345652726e-05 4.74307485852421e-05 4.80121834726788e-05 4.74165619891664e-05 4.74854977930761e-05 4.7640454338449e-05 4.78280950439114e-05 4.79434754467434e-05 4.77420057094946e-05 4.76812611168498e-05 4.86438921406318e-05 4.86444017234078e-05 4.85993492858938e-05 4.82013946083271e-05 4.83084428587688e-05 4.87524848843179e-05 5.56178796770723e-05 8.27430690527819e-05 6.18109502525499e-05 6.45986709372437e-05 8.55014373385643e-05 7.0035186626427e-05 8.44608498724142e-05 6.19207787337928e-05 5.64777462312094e-05 5.75642366616336e-05 5.69464089544169e-05 5.59221993526648e-05 5.53040877177224e-05 5.38773411534521e-05 5.36343585681109e-05 5.6867390450055e-05 5.89735402666491e-05 5.97673025335865e-05
