Maxent_result_files_2/B_haematurus_2.asc
NCOLS 594 
NROWS 330 
XLLCORNER -15 
YLLCORNER 23 
CELLSIZE 0.166666666666667 
NODATA_value -9999 
[rows 80 to 99 of 330, columns 540 to 584 of 594]
4.96935603777615e-11 6.02330740839818e-11 8.65118976456358e-11 1.31842492478995e-10 1.39533602450115e-09 8.74243233361938e-11 2.54450349679303e-11 3.22879056824377e-11 3.99523525373979e-11 7.4436946606582e-10 4.17131107433022e-11 7.66450125588847e-11 4.84846163217867e-11 2.47636022798758e-11 3.91966792356868e-11 1.99066874095877e-11 2.17681317415952e-11 5.78489611768873e-10 7.28507099090336e-10 3.03690850245175e-11 2.64967381369274e-11 3.87478715779821e-11 1.96078153713586e-11 5.72209835070225e-11 2.12942730115628e-10 2.74832823166093e-11 3.79084208468328e-11 2.89360646554826e-10 2.98028046685772e-11 9.83859549386068e-11 4.57281990051683e-11 1.52122869856441e-11 1.3537737597602e-11 1.62144631055128e-11 2.07333705759538e-11 1.32708732891729e-11 1.31522570612219e-11 8.03156252615622e-10 1.48381873454895e-10 2.00136573980103e-11 3.39053007891721e-11 3.21646709267043e-11 2.48800757773893e-11 7.39838856844699e-11 3.084754673921e-10
3.33544636355043e-11 6.85035583813942e-11 5.01822916554318e-11 8.62245941313233e-11 6.25643981067014e-11 1.93098648182399e-11 6.37634389732966e-11 2.805287002694e-10 3.70373065550211e-11 5.84744475062848e-11 7.87931497825411e-11 5.00421926119543e-11 3.02476821367748e-11 3.34206440300022e-11 2.80378276151794e-11 2.30365948539202e-11 3.7773584260492e-11 9.3543661705553e-11 2.11766493229959e-11 2.54346321781895e-11 4.70565364452113e-11 5.82927817127654e-11 3.55193918721852e-10 6.27196661273643e-10 8.30925910300095e-08 1.1543210076681e-08 2.58080401493999e-10 6.58416061671829e-09 9.22612430898084e-11 3.36750183294043e-11 1.54296952992183e-10 7.32153671023639e-11 6.10272055112659e-11 2.3745050370394e-11 4.08302391896598e-11 5.54781331985055e-11 3.45956707725747e-11 2.39578468175239e-11 2.64178789954883e-11 7.99081134594815e-10 6.67796928865982e-11 4.08837297349862e-11 4.14838829954078e-11 1.20996468400136e-10 2.512766994478e-10
1.5030003908123e-10 1.86255322276452e-10 4.15800949227219e-11 7.61946949978665e-11 4.35929514708278e-11 8.76352990175633e-11 1.1587499848531e-10 6.963184473463e-11 1.10756226412434e-10 2.21819451695637e-11 9.84209835852567e-10 4.51245485422191e-11 4.29252300371274e-11 2.33815966588224e-11 3.61157437289705e-11 2.70974798155521e-11 3.49657414133731e-11 8.92372620242554e-11 5.38256439419627e-11 2.93230106862552e-11 1.70628011719742e-10 3.01615825648582e-09 1.35764539055394e-08 1.00218395249208e-08 2.24544570937013e-08 4.67373119095171e-09 1.29332862197629e-09 4.24829471601385e-10 2.15965832772724e-08 2.26613293685674e-08 1.07818521111191e-08 1.0279008311187e-09 4.58609183962011e-09 4.40016145741851e-10 4.689687527204e-11 1.2355566569866e-10 2.03528105480189e-10 3.03616787267202e-10 9.44394829005546e-10 2.57130672309813e-10 1.05639793246404e-08 5.36690469843393e-11 2.68305458961393e-09 2.71122491124487e-10 1.32355182369537e-10
6.2108884701928e-11 3.21681237203109e-11 3.56306206761303e-11 2.58064758451582e-10 4.74667194438894e-10 6.30883345564825e-11 7.41022465611252e-10 6.59546084413876e-11 9.9445729428993e-11 2.47057596602929e-11 1.47632620572935e-09 8.01520183557614e-11 4.16070289332993e-11 2.56373811069466e-11 3.31578542400735e-11 2.89286483656781e-11 2.46798692593586e-11 4.49449921724465e-11 1.05202546674121e-10 1.54485824133133e-10 3.54256290968635e-11 6.02792649129213e-10 4.27330926200398e-10 1.16290529916796e-07 5.28799060894869e-07 2.12326331183732e-07 1.91853593012326e-07 1.60512323987838e-08 3.53649262097022e-09 9.52919498864446e-10 2.89800980990407e-09 1.3455248393246e-08 3.94355990085415e-09 3.03174207960666e-09 7.15019942143513e-09 1.15946831025227e-09 3.31506022632766e-10 2.56567789236328e-10 4.55074311567216e-11 4.00637523156888e-11 6.41054542782626e-11 4.02355371242891e-11 5.07260344839722e-11 2.9510061061444e-11 6.25890783645389e-11
9.47261824535417e-11 1.07718423070224e-10 1.25065735545604e-10 6.26536162950941e-09 1.72104379636551e-09 1.01201432345377e-08 5.51261289949423e-09 1.47646642346899e-05 1.26279026169129e-07 6.10702266534702e-11 9.54016310394934e-11 5.95413829351799e-11 3.23985460681797e-10 9.85516335205716e-11 2.40020547881414e-10 6.4732330606887e-11 4.58356241850311e-11 8.9077822895689e-11 3.64503760508228e-11 1.37612354844663e-10 1.87503874649053e-09 5.80703850561193e-09 1.12813039687687e-08 5.77972933957227e-09 3.36067146333718e-09 5.14773147219927e-08 1.83314569612847e-07 3.96591396389923e-09 2.69752620241093e-10 3.42088690707953e-11 1.62892921373725e-11 3.09794745412262e-11 1.61289642752749e-09 8.01920274628998e-10 7.73191288772068e-11 1.04821740176675e-10 3.69213548623293e-11 1.63270397202098e-11 5.54839951760755e-11 6.61478538610538e-11 3.15624781865864e-10 3.91915377928598e-10 7.943871116467e-11 1.23822396780326e-10 1.3640577556373e-11
1.32516009276884e-10 2.68705346861964e-10 3.89512633258704e-10 7.02240668948306e-09 4.56826387829068e-09 1.62627652455782e-08 2.48946246950155e-09 5.34680588692993e-10 1.44324774353777e-10 4.90801910224548e-10 2.79022538407503e-09 6.06926964241694e-10 4.74580443832195e-08 3.46903627423956e-07 4.54735601618239e-08 1.64513429545821e-09 2.58662635754803e-10 3.42523287510943e-10 2.58789767393353e-11 5.50776424468324e-11 1.91659510484499e-10 1.47283632068174e-08 1.42035810890562e-08 9.37569152315021e-09 1.02269642310304e-08 1.89974540099058e-07 3.76775544097541e-10 2.51631337988556e-10 1.04829822600294e-10 9.11492370470057e-10 1.08085276284697e-09 4.31361002473096e-10 1.63824498411458e-10 1.17800391663536e-10 7.31601113024283e-10 2.60411514574344e-10 6.60031918009452e-11 2.63074650952433e-10 1.56113810767522e-10 9.52272372067853e-11 4.39035385824127e-10 8.25836066198349e-11 1.48443624059524e-10 8.69207517073534e-10 5.08629227624624e-10
6.49202552827077e-09 4.7367111344343e-10 1.39070248650341e-09 2.10047990112372e-09 2.57016476989946e-09 6.49372688954486e-09 4.56380929936273e-08 6.70630478927237e-09 1.30335796155734e-08 4.59422531129405e-09 3.14344301477476e-08 6.47562128364143e-07 1.66218429740184e-06 2.82645663389758e-06 8.60157907123238e-09 2.47382546669783e-09 2.01238703478879e-10 2.92507951193954e-10 1.00917786349797e-09 1.10750527082537e-08 1.94883354676101e-08 8.69086369537086e-10 7.70151038498312e-09 8.80419501747554e-08 1.27336799660149e-08 1.40602935294609e-08 9.94405968679501e-10 2.42729426558341e-09 6.65179000769456e-10 7.092681886256e-10 2.43152586953954e-10 5.09914832580449e-10 2.21826634838607e-10 2.94130020339622e-10 2.02830530149356e-09 1.24903493103901e-09 2.00139038675218e-10 6.08836093762832e-08 2.09943917806044e-09 3.60307694791118e-10 3.04186312805044e-09 9.27244170334518e-11 3.42675721132224e-10 1.05218188606315e-09 1.98055234545969e-08
4.29843008742381e-08 8.18772486477215e-09 9.50271314970053e-09 2.29704968379707e-09 9.82022141382544e-10 3.66515376715171e-08 3.6541346060126e-09 1.44033945659316e-08 8.68289906641451e-10 3.47315626259004e-09 7.1830826398056e-09 5.18680665084759e-10 1.83907168382902e-09 1.26639431163866e-09 4.19853085631416e-10 5.8408993197645e-10 3.79553577456448e-10 5.83563392053676e-09 1.04028637748499e-07 6.31141315432515e-08 5.0588001587748e-08 1.02194591677929e-09 1.48468142890934e-08 5.96952048681487e-07 1.14836236519977e-08 1.28402619647972e-09 6.51451981248385e-10 2.9925109057416e-10 1.04333891526309e-09 3.6446824447367e-10 2.02222683043374e-10 9.32041699375219e-10 1.99791672095273e-10 1.67561429176288e-09 1.03932178419086e-09 4.03383696445658e-09 1.95979938943935e-09 8.08511135819146e-10 4.2940222488852e-10 3.48085460455394e-10 4.02766400231513e-09 4.97842872482224e-09 2.13289275130535e-10 1.11386577739125e-10 1.90566249447244e-09
8.72338755186775e-07 4.93656711775259e-07 5.1883056628732e-09 5.61746821281517e-09 1.54929614692989e-09 2.73137755635311e-08 7.00731211944472e-09 1.96281038755686e-08 2.29432671750018e-08 8.47191338415598e-08 2.42849473863771e-10 9.65489937998498e-09 3.70539514071844e-08 3.90166603470021e-09 4.85290129192961e-08 3.73374829187867e-07 4.44130975774115e-08 1.2789384129519e-08 2.68709670070422e-09 8.99344695604043e-08 1.10289046684198e-07 2.61083776109672e-07 1.7131426002237e-07 1.60798497219616e-06 5.39869716043029e-08 1.55982517902054e-08 5.22176537565144e-09 7.81006453953736e-09 5.10830560074282e-09 1.34101818538568e-10 1.54966051102434e-10 5.83637660422909e-10 3.06799852189954e-10 1.76885713853991e-09 7.62397667219972e-10 1.6956427817405e-09 6.53788601034933e-10 4.85815232487141e-10 2.18009241770289e-09 3.13919301664356e-10 3.82865439352287e-10 7.25565674208894e-10 1.58897529578539e-09 6.00570015940605e-10 4.72353468561337e-09
1.45134373363831e-07 2.89616212079125e-07 7.13954894981938e-08 8.24122184051035e-08 3.22785632711486e-07 4.58564206695655e-07 1.23097878628187e-06 1.28194862512032e-06 8.74288775154497e-08 1.4714500917723e-08 7.52070117293613e-10 3.22119031448409e-10 9.44976763506133e-10 3.99040684384566e-08 1.14103721915448e-08 2.89330088776296e-09 2.05710682266158e-08 3.60454499137575e-08 9.94198617654263e-08 2.21376979325782e-07 3.82971690982004e-07 2.13471243792895e-08 2.78591445468379e-09 3.00751263671017e-08 6.44717356612645e-08 7.12329738483675e-07 2.46250932756098e-08 6.40195018108969e-09 5.84664784364364e-09 3.1067878270008e-10 6.25597840198111e-10 1.8893097863959e-09 4.93188234695907e-10 5.17710263547855e-10 5.75544889525048e-10 3.52972973072241e-10 1.83642756557134e-10 4.1647097992481e-10 3.26258903227128e-09 2.58871772906843e-09 1.59457862469736e-09 1.45319916100561e-09 4.51040893523214e-10 8.23764940705018e-09 1.55464098261504e-09
3.39420611616958e-09 1.16499327962316e-09 3.48306594677439e-10 1.3681643262764e-09 1.97895554387983e-08 3.54287303272471e-08 2.22131157734395e-07 1.86140669988788e-07 2.49436314492257e-08 2.37118930357383e-07 1.00458837914985e-09 1.07264364057613e-10 8.23759638279853e-10 2.72962374925356e-10 1.95267478853012e-09 1.90405763711432e-08 5.42262679203986e-08 1.86629023346541e-07 3.78985615867578e-07 4.73922161070561e-07 5.54721204792941e-07 1.3232628597315e-07 4.9235449173235e-08 2.19645383991995e-08 3.51720100044695e-08 5.45986777389373e-07 3.44819176656408e-08 5.94021565269998e-10 2.92211577157531e-10 4.52546866647197e-10 1.96529059692807e-10 1.36703522946036e-09 1.24236581022785e-09 2.51701537390403e-10 2.12307038616188e-10 4.7666427471782e-10 1.17517783726484e-08 9.46358231779243e-09 5.77679104551976e-10 1.92399629561635e-09 4.62266114276133e-10 1.62470855658015e-09 5.48742318251527e-10 1.50192773773483e-09 5.48035945513448e-09
8.83002734264338e-09 1.1586772936667e-07 2.23774351937323e-07 8.10473097523357e-08 1.80879480993212e-07 2.20734364653197e-07 1.79521634535718e-07 1.59336023264345e-09 2.85239205766175e-07 8.23719621401153e-09 2.27330254620739e-10 4.58551844273458e-09 4.57727244995709e-09 9.75985765538923e-09 5.16668632322137e-09 1.60877574906237e-07 1.61660646780248e-07 1.85132428676127e-07 1.4017509940345e-06 2.13233867185636e-07 3.02603853530314e-08 2.81018291659052e-07 6.50490134201931e-08 5.32975738321007e-08 2.73064739042539e-08 3.37173939790603e-07 8.1930909168193e-09 4.24153568934216e-08 1.18712036867308e-09 4.70577444788844e-09 3.3116219766427e-10 2.51807270590376e-09 1.62031609685087e-08 1.96062474033809e-09 3.23276140301587e-09 8.29737090146665e-10 4.61898761461299e-09 6.00262806127461e-10 1.60030553253421e-09 1.12467093082991e-08 4.65613170241852e-10 1.00242374401205e-09 3.01663438673216e-10 1.50448853375451e-09 1.02919989197758e-08
5.4438713732452e-07 1.78482809509717e-07 2.47763358274256e-08 6.36381916052642e-09 2.19785452273413e-06 6.37517152846101e-08 2.64416093465059e-08 8.38332570474165e-08 6.92961275916559e-08 2.53725282339801e-08 4.39904069615693e-08 2.46190998609563e-07 6.7400218561886e-07 3.85981691408688e-07 2.05323823632142e-07 1.83241703588521e-07 6.65949361433604e-08 1.2963361584184e-08 5.85082630788492e-08 3.42397497021807e-09 3.54752573095141e-08 8.85728782318296e-08 2.03789706176849e-05 7.93601990567438e-08 7.1582205829479e-09 7.43707541106531e-09 7.59719384291202e-08 9.90083507179662e-08 1.03771619741622e-08 2.91584884015705e-09 4.29987970784751e-09 9.8150496508076e-09 1.43827385667983e-08 7.54796569690797e-09 6.4649530395755e-09 6.25117403396658e-09 5.62203128939842e-08 2.55339126398191e-08 2.38539210606348e-10 1.89634741243339e-10 3.25351495744641e-09 2.64083176437779e-09 1.35105386878109e-09 2.35494299616335e-09 3.81892473977352e-08
1.44580322853471e-05 3.2020303493141e-07 4.56036302054486e-07 9.64591626129163e-07 1.03383373328825e-07 8.78183674224431e-08 1.73288105855818e-06 6.62879751089918e-07 3.61719112973447e-07 6.31582125265595e-08 2.09831853226206e-07 4.00451428994586e-07 2.97855943429681e-06 1.87195613454705e-08 1.39912192942404e-08 3.33002333929855e-08 3.97092120429932e-07 2.47687756385062e-06 1.29126167869309e-08 5.07274574790273e-08 3.53738766989409e-07 3.44781721572929e-07 5.47653539229032e-07 5.33448776351975e-07 5.09474296350731e-07 1.48796792998063e-08 3.60231994234184e-09 1.01393240470315e-09 1.72916795992961e-08 3.72539132875716e-10 5.12320985635029e-10 1.8739768625764e-10 4.62664946354607e-09 1.70082040007458e-08 2.27155702026138e-09 4.71678491820171e-09 3.24942133200778e-08 4.63485216872783e-10 5.73611069754065e-10 3.28379878844487e-10 2.73075806411782e-10 9.32162824707206e-10 1.74270652353314e-09 1.9887195112922e-09 4.81707857158398e-08
1.11420744772772e-06 9.24805748425683e-08 2.89213024728952e-07 1.40242613326791e-06 5.94841210954655e-07 4.4473602713424e-06 6.66684855730182e-06 4.33430573707483e-06 7.90004240229791e-06 1.30929949833103e-06 2.69382316897548e-07 5.64359075383436e-07 1.87019830264035e-05 1.37301286429192e-07 4.38314704886977e-07 2.07891774195446e-07 1.7249518954543e-06 5.65590769596724e-07 1.03785706695447e-07 6.340892722001e-08 3.90286993479094e-06 1.38242783620512e-06 2.97203519039613e-07 7.56365927756519e-07 4.61373896243344e-07 3.33109310579616e-08 1.87292009679041e-09 7.47241445386848e-09 8.02864859927865e-08 3.24602314472067e-08 1.02416515268544e-09 2.80345171077556e-08 3.7263229257789e-08 9.85493916694225e-08 2.34932220677386e-08 1.53932667057433e-07 2.74564954105827e-09 1.43973410970943e-10 7.42970129863352e-11 8.69293304006646e-11 7.86499754212855e-11 1.26761390273344e-10 1.46648848620146e-10 3.6299484529323e-10 3.23270674451592e-08
2.3726136902269e-06 3.33198911839361e-07 4.77054131238219e-06 6.7294144173502e-06 4.12699141065787e-06 8.09903514209509e-06 6.35440019607358e-06 5.61166417867298e-06 5.44868948963995e-06 4.67313459040497e-06 5.93742513288475e-07 5.9125694451545e-08 9.67434825027702e-08 1.5154282410057e-07 3.12309058614346e-08 1.25251180871366e-08 1.55568552440144e-07 1.76862362764041e-06 4.94122074368164e-08 3.01083749465469e-07 2.59470052665911e-07 4.5547567562032e-08 4.74484810411013e-06 1.1125660784872e-07 3.00098077954392e-07 1.80884799361181e-09 2.78557586996797e-09 7.72958186345818e-10 2.47245281359554e-08 9.02174115413601e-09 1.75475467489861e-10 2.3234161150576e-09 2.15679587856066e-08 5.38726709908843e-09 3.53871292602115e-08 4.20905391251836e-07 3.87651272637513e-08 1.92452890290795e-09 8.68970340128783e-11 1.78510284332134e-10 7.54737083941137e-10 5.06858510718189e-10 3.88592114042297e-10 1.55357726683292e-10 5.29489351253076e-09
3.10854373566372e-06 1.41796635588776e-06 8.33772660371324e-06 7.08660470927214e-07 4.91582540860236e-06 1.08328782346234e-05 1.6536751672902e-05 1.58605209108487e-06 3.16453843218767e-07 7.39282878114977e-07 3.66027475662278e-08 1.09136810486632e-06 3.80890691360491e-06 1.18527681181035e-07 2.18817224106882e-07 8.56575704375473e-06 3.93273311232178e-06 6.11478411904898e-08 1.1025231516637e-08 2.10150533641595e-09 2.89938181241567e-09 3.32808404279739e-08 1.09679854420897e-08 1.47595076938067e-08 2.6656649432244e-08 1.47269689776408e-09 5.92649773700771e-10 1.25623118873985e-07 3.44591794321225e-08 6.2497253594529e-09 1.68819724866154e-10 3.99139976625662e-10 1.79032156877312e-09 3.95525112661943e-10 6.9649575706876e-08 1.32949933284721e-09 1.67322537270032e-08 1.09247075052998e-08 1.2397405324549e-09 1.78003108697311e-08 6.56197989834517e-08 3.20748437809826e-09 2.24825724703948e-10 1.01065111834941e-10 2.79147807091817e-09
2.13110611935186e-08 5.38419020301717e-07 7.52912448476195e-07 3.92672895355162e-07 3.36963634595122e-07 8.04228801776219e-07 4.90045400436401e-07 3.04080798618767e-07 6.74228112718112e-07 1.50022735549982e-06 4.69575261252686e-07 1.03304633194412e-06 1.08016214337425e-06 6.51140959773144e-07 7.85019635185513e-08 1.84257194746351e-06 1.88935780194299e-06 3.13096481119324e-07 6.99348136956601e-08 1.7685405293566e-07 4.99679879695236e-07 5.71629396484141e-08 2.70748799158227e-08 2.12550397393763e-08 3.68347164991789e-08 5.10901748351777e-08 1.52525044150309e-06 5.50947659689882e-06 6.89683944088415e-07 4.14562147943443e-09 1.74427259969079e-08 1.99173932902141e-09 6.85867758498659e-07 2.85545892886319e-07 7.45977961624789e-09 1.21689225363042e-10 6.50205586039121e-09 6.9795973054454e-07 1.30687951638286e-07 3.1061702756574e-07 2.23992224546166e-08 1.47603556044373e-09 1.72034030931911e-07 8.27725194385565e-08 5.75295461047176e-07
5.46014907776282e-07 6.49622164772268e-07 2.98563913645467e-06 8.63705276401561e-06 1.13312868620596e-05 4.36161840795535e-06 4.53115804077697e-06 1.1654821431506e-06 1.09789239539637e-06 2.4589614078252e-07 5.84585905372137e-07 4.76798192039496e-06 2.63820633747969e-06 2.4539634274845e-06 3.21738541475547e-08 1.69308744968344e-07 2.0215654707556e-06 1.59844119618224e-07 6.16812988685211e-08 4.25316540431098e-08 3.3862619577274e-07 1.53894043430913e-07 4.25904210454853e-08 8.45606031063539e-07 5.23734756452399e-08 5.6185650842977e-08 1.94782933071735e-07 2.26542393448881e-06 1.69849227873442e-06 5.40376198898684e-07 6.48227722499506e-08 1.0882645795629e-08 3.98237436138871e-08 2.17243153031177e-06 1.2090950987087e-07 8.94792887562446e-09 5.8139783620792e-08 3.48109647996253e-08 1.4389842650786e-08 2.24147796545893e-07 3.47734611771955e-08 9.40425673334744e-08 2.66003579518781e-07 6.12860408644167e-08 2.54085286144345e-10
5.97630594256771e-06 2.41758049526197e-06 1.04882637614878e-06 9.95914095369699e-07 1.05428730989843e-05 9.8182738170749e-06 1.21031812234662e-06 4.64653445719776e-07 5.06856287003643e-06 7.20607012105745e-07 1.2130077831074e-06 1.56626334515408e-06 1.117038908518e-05 8.18253215584264e-07 5.56076714929077e-05 2.33465317478476e-06 1.69224818158398e-06 1.15300504802462e-05 5.07860455556397e-06 4.20150242348427e-06 6.48953671422703e-07 6.39875526120548e-08 2.71475974145119e-08 3.24009020999938e-06 1.69150911858651e-05 9.62894453095942e-06 9.86601410346566e-07 1.00764154495891e-06 8.20267948498099e-07 2.06063277241597e-07 7.65036917371731e-08 3.99121209526676e-07 1.32828119747685e-06 3.26779503012631e-07 9.31656426672589e-08 3.08605939136619e-08 1.59443137803805e-07 2.43402426325368e-08 7.82040112934368e-07 3.89865700056724e-08 1.33179462569188e-07 6.12569744617986e-07 2.2145946106944e-07 6.18334556889977e-08 7.65980653794074e-08
