Maxent_result_files_2/B_haematurus_2.asc
NCOLS 594 
NROWS 330 
XLLCORNER -15 
YLLCORNER 23 
CELLSIZE 0.166666666666667 
NODATA_value -9999 
[rows 80 to 99 of 330, columns 135 to 179 of 594]
-9999 -9999 -9999 -9999 -9999 -9999 -9999 -9999 -9999 -9999 -9999 -9999 -9999 -9999 -9999 -9999 -9999 -9999 -9999 -9999 -9999 0.0107116585364565 0.0422303337138146 0.00653578239507624 0.00133769707972533 5.48311079128894e-05 4.15740484385196e-05 2.61275184840315e-05 1.98075950468279e-05 0.000180815759347297 1.70425352639114e-05 8.91217583443016e-07 3.84380455011879e-06 1.48886362860701e-06 3.53482218726775e-06 5.48655691101629e-06 1.75560619645188e-06 3.04856946451437e-06 4.77648726118218e-05 0.000202169851606016 1.99634203790211e-06 8.44329476445971e-07 6.24562583195765e-07 6.66159046425197e-07 3.10134404641893e-06
-9999 -9999 -9999 -9999 -9999 -9999 -9999 -9999 -9999 -9999 -9999 -9999 -9999 -9999 -9999 -9999 -9999 -9999 -9999 0.00282146502140677 0.000806815146825102 0.000478065822244389 0.00690783005557023 0.0244642075384036 0.000753734793943295 0.000156939789974331 0.000192241283355088 9.49419513744942e-05 1.33650784817974e-05 1.30652265802667e-05 6.80044024532478e-06 6.97108872316221e-06 9.59588702120762e-07 6.96720287596264e-06 2.07148818217595e-06 2.27863705166698e-06 1.59997389907574e-05 7.46556406572285e-07 4.67621976021348e-06 6.81795102224214e-06 0.000117146363800202 9.6342486781964e-05 0.000111056873825532 0.000110432845801256 2.96858120947263e-05
-9999 -9999 -9999 -9999 -9999 -9999 -9999 -9999 -9999 -9999 -9999 -9999 -9999 -9999 -9999 -9999 -9999 0.00234998342421022 0.000251379643981409 0.000105950091835894 0.000422534694160959 0.000360933795002438 0.00605902089882875 0.000835115972995482 5.80127659283392e-05 1.96965597410781e-05 0.000226374673957253 0.0101932712539565 0.00219808486290276 0.000517465545362938 2.10419603206446e-05 1.73331747114203e-06 2.30122742207461e-06 3.11076644232688e-06 2.3884237630889e-06 2.45173572760438e-06 8.31764836550786e-07 5.86247724605471e-06 9.93741485411093e-07 3.43869105456918e-06 1.3604532276501e-06 2.77019726857564e-07 6.83247471944259e-07 0.000184142479258753 0.000110119860747204
-9999 -9999 -9999 -9999 -9999 -9999 -9999 -9999 -9999 -9999 -9999 -9999 -9999 -9999 -9999 0.0422278848942369 0.0026311035560866 0.00150898560775659 0.00118624596161681 0.000109620934858157 0.00016105208572128 9.40649124345327e-05 0.00654181734571466 0.00367223961084164 0.00775020908549777 0.0294695265591145 0.000407348344197089 4.43479437626237e-06 1.60022183179898e-06 9.34922372124447e-06 3.99413884599742e-06 1.64137026659184e-05 2.42224319222828e-05 5.09922000819785e-06 5.85759507725214e-06 1.34574590219927e-05 3.51063548564845e-06 7.1389195199778e-07 3.01608815874488e-05 0.000294508906824831 1.49294629451902e-05 2.73792980454157e-07 1.097753460233e-06 6.18293264165182e-07 4.91666879023356e-06
-9999 -9999 -9999 -9999 -9999 -9999 -9999 -9999 -9999 -9999 -9999 -9999 -9999 -9999 -9999 0.0166365638608113 0.00284638126104255 0.000651326958097798 0.000296004609947431 4.98958724477916e-05 0.00370376399660017 -9999 0.0647439774125814 0.0270812917151488 0.00362094462907407 0.000117638544043075 0.000189556802706647 6.04710088696336e-06 1.60985928872037e-06 2.06802479354451e-06 1.30626942543843e-06 1.58131643075876e-05 6.26055230313227e-05 8.38614314453423e-06 1.7744334542158e-05 2.66658260670738e-05 3.23813554700791e-05 3.43611057695981e-06 1.09223618436349e-06 7.38573930956221e-06 0.000241021019041909 9.65083559236746e-05 2.41295785883722e-05 9.91731565456178e-06 1.14813506699285e-05
-9999 -9999 -9999 -9999 -9999 -9999 -9999 0.02200298064854 -9999 -9999 -9999 -9999 -9999 0.236685798317194 0.0122867193247657 0.00426508876262233 0.00100029183113293 0.000585120916571213 0.000294702248790202 0.000360544585726075 0.0111381469498156 -9999 0.031385811464861 0.0262700003921054 0.006854092865251 0.0112535263993777 2.85669401989708e-05 8.32705729365557e-06 9.72402948846707e-06 5.06850948145399e-06 0.00015471128781428 1.86757228179957e-06 0.000203494980485175 0.000714434052611068 1.42061443508368e-05 1.23990953264652e-06 3.92122920686688e-05 1.91700669574857e-05 3.51204248136838e-06 1.04486305173346e-05 0.000141744687221035 0.000275964694151298 0.00374048572721222 0.00445810519486258 0.00126011949673739
-9999 -9999 -9999 -9999 -9999 -9999 0.0748247505165636 0.00550352977006696 0.00754473903216422 0.0380914001725614 -9999 -9999 0.00568901554215699 0.0512443652376533 0.158907986432314 0.0232746705936734 0.00594481160369469 -9999 -9999 -9999 0.0885927478782833 0.00538610488874838 0.000564747668602195 4.58324576815272e-06 9.15979057918292e-06 2.72946577752009e-05 0.000131147934621367 4.09851296069519e-05 1.37808407089324e-05 2.9765121945502e-05 3.33519328620469e-05 9.45185468822274e-05 0.00456698370107915 0.00350722798211791 5.69980687892269e-06 1.30360852352851e-05 9.0819886032989e-05 6.44170331725036e-05 0.00279857760542654 0.00227264656932675 0.00109124097671156 0.00495220445591258 0.00167714437047835 0.0398710640147328 0.00121812412471627
-9999 -9999 0.0213125009089708 0.0300631482619792 -9999 -9999 0.0371645371895283 0.0397980686277151 0.057679692003876 0.069580296240747 0.0449681406375021 0.00185513815085869 0.000641849578096298 0.00282682920260413 0.0532297730445862 -9999 0.0127022865985055 0.0194609508151188 0.0628577444702387 0.0616867681965232 0.0317416407633573 0.00119854096483323 0.000108314950239219 8.45133617985994e-06 1.77451628303515e-05 3.59065597820063e-05 0.000158595120956306 1.32420360877461e-05 3.03235916054856e-06 2.78504705438776e-06 2.97191647007367e-05 5.00604117753767e-05 2.57968941124176e-06 8.12141269932454e-06 0.000250710909472218 0.000275059856755888 0.000167218967118288 0.000884573061875926 0.00397593710949877 0.00332244568126043 0.0819542352110147 0.172080547735095 0.0564383560791612 0.0487126275897026 0.0281768912449479
-9999 -9999 -9999 -9999 -9999 0.0242373103043064 0.0361135469283909 0.00247840905212797 0.00195632794057019 0.00931493359385058 0.000144419120078965 0.000411113651898631 0.00285830495340633 0.00525473221787251 0.00420717139495537 0.0210896536242217 0.00595603325637057 0.00498552459175698 0.000147742701346942 0.00122111053824483 0.000911755034576345 0.000510169330573262 8.88141470909432e-06 3.41790297522238e-06 2.27573161621919e-06 1.67930020404938e-06 1.52722004912675e-05 9.43070755365927e-07 4.01572398915917e-06 5.74812438799199e-05 0.00126820908553782 0.0001362330383472 2.10661501460763e-06 2.20553331729434e-05 0.00229238393985725 0.00207985822598857 0.0262187192216516 0.0639250004664063 0.0449951685033739 0.0894921060651541 0.284953231364489 0.0802182478830218 0.049318991205655 0.0995893601328135 0.0602717847097665
-9999 -9999 -9999 0.0215481517487206 0.106565413530916 0.0141041936352849 0.00345867833821103 6.9290240276132e-05 3.13925747576604e-05 9.40859336424182e-05 0.000495848656100861 1.27758796296007e-05 0.000250178598616912 0.0016177974321181 0.000359127675619675 0.00289857086609118 0.0517180684953928 0.000230211901725852 8.2783047673729e-05 0.00140086333267391 4.14799834175028e-05 6.37541874120018e-06 1.10435102683937e-05 7.80964813600349e-06 9.23447132947786e-06 6.96840246963148e-06 1.36022222847032e-05 2.09972579114037e-05 2.64332587422977e-06 1.74191500901255e-06 1.91638552166751e-05 4.66507024690088e-06 2.67450158784044e-06 1.22747518545907e-05 1.51392107568427e-05 4.37358166891499e-06 1.35747507687967e-06 1.06601994701805e-05 0.00394834139151499 0.00852374914102256 0.0496952129527926 0.0136359820025973 0.0560935622779652 0.0124802180682309 0.013708587596193
0.00480394943747342 0.00156508466079686 0.00358518671673664 0.00306109606754035 0.0272124049253762 -9999 0.0177767074201256 0.000430627875903156 6.01334104430862e-05 2.81068013180175e-05 1.74375970402707e-05 9.30118133055657e-06 7.67228447330126e-05 5.1260863006064e-05 5.36253180143831e-05 0.000106361241887498 0.000415313953180885 5.51683806236269e-05 0.000177304558019387 4.96553739139927e-05 0.000330973786913091 1.64628053113347e-05 1.1475701150232e-05 1.16751356590283e-06 1.2875709895499e-06 1.1168536124373e-06 4.32742691778287e-06 3.17459868711012e-05 2.5966309429748e-06 2.66085019335893e-06 1.34272814730219e-06 1.98908934114783e-06 8.88198695747633e-06 5.53097255391322e-06 3.36919069336972e-06 9.91355028379104e-07 3.68559846974925e-07 1.04806067353636e-06 8.37645025342226e-06 0.000415190701460233 0.00432431282824837 0.0141369849792682 0.135957263037562 0.0194697138853371 0.05850202832371
0.00469342841188336 0.00487577058302122 0.00274111714825267 0.010769871994853 0.00170324766077101 0.0173100470565259 0.00595914135919884 0.00012071415403625 0.000329854757728754 2.18079855073938e-05 0.000107571287753672 5.14987468250183e-05 1.00523132331887e-05 4.65390929704768e-05 0.000219637352711288 0.000107532147376332 4.96783161224812e-05 2.23521529790105e-05 2.11252622932534e-05 0.000198773853117018 3.39182294510465e-05 5.41334480203659e-05 2.68437408635691e-05 1.56831379874989e-06 8.91069966335589e-07 9.02646430012144e-07 5.6208268571778e-07 1.30178279764692e-06 2.56396182001239e-06 1.09677873687541e-06 1.1363935058295e-06 6.20179387056385e-07 1.02868078539764e-06 1.49530475681559e-06 1.97838081192003e-05 0.000317637107946211 0.00059887658644584 0.00223464534501545 0.00106060684920521 0.00483801357913762 0.00335346863139421 0.0967702087014914 0.080070561543107 0.0142672087531537 0.104629008099437
0.0043829807669681 0.000259298370292527 8.55768693327264e-05 0.00469829836511053 0.00353030835976824 0.00107585745136021 0.00160599236551207 0.00277061371598393 0.000785440886102151 0.000286524782131892 0.00013196737600083 0.000627161105512641 3.69884422411815e-05 0.000434360720100813 0.00055149060790427 0.00116633354482474 1.17567397410312e-05 0.0001163054738754 1.35048010065475e-05 1.33549755048534e-05 6.65834113569019e-06 9.43327449576259e-06 6.2601156074038e-06 1.14765674297246e-05 9.00360478128803e-07 2.12081497741323e-06 1.77150692943773e-06 4.28532683915961e-06 1.01255093059027e-06 5.43970492095092e-07 1.30578012118576e-06 2.74022892599035e-07 7.46283525909774e-07 8.97601439433515e-06 6.04567978843562e-06 6.21998772203369e-06 1.25928370323436e-05 4.50864481933877e-05 0.000233936470249319 0.000639505470462609 0.0390054965391755 0.0528284919913858 0.0726190680637956 0.0210604198742658 0.09281852170825
8.34748229181059e-05 0.00436658453400014 0.0020850608474575 0.00240460110653657 0.00756701841019094 0.000510451474838192 0.000559763498313259 0.00149097025860101 9.47737643400615e-05 0.000484539502213011 0.000749039238144178 0.00032689052313799 0.000813516303605866 0.000167484261146456 3.50056417119049e-05 0.000133901109893486 0.00022685431795253 7.01929337481033e-06 1.4217261539784e-05 4.52664966728022e-06 2.2527509571546e-05 1.61899556985645e-05 9.64031141847954e-05 1.53035129130785e-05 1.19275647705308e-05 3.81450708246689e-06 8.89314525807095e-06 1.54823429213025e-05 4.05403161671813e-06 5.08881056981991e-07 1.2221713028282e-06 1.77847651301022e-05 5.18356869804393e-05 0.000655657942115795 0.00244674657296855 0.0150160925462842 0.00344210534240119 0.00632437588647008 0.0036127868341282 0.00149421521928161 0.0159215423511341 0.137836223095655 0.178080010041595 0.141733362339437 0.110518175177276
6.72648599788772e-06 0.000234510863992909 0.000100547026340791 0.000408252849592827 2.35025845228165e-05 0.00233252766483929 0.00123716560483444 0.00668457648716867 4.11674740917078e-05 0.000403221342276083 0.000139690927608171 0.000118471424411837 9.34595673243166e-06 3.33963821219641e-05 0.000206254164550046 0.000178529805998551 6.01779986482143e-05 7.07271279679844e-05 6.64329711526079e-05 0.000526900236582151 9.61454838034115e-05 0.00053915626485832 0.000293698189489078 3.76688346932497e-05 1.61539281066325e-05 1.86143206084566e-06 0.000621376358321868 2.49866735543947e-05 4.65229116343835e-05 8.03430668270266e-06 2.63226393870664e-07 2.22959955964441e-07 5.30776108398356e-07 3.18519450843269e-05 0.000148766029633407 0.00131587837240659 0.001260370053933 0.0136111767729744 0.0149901854805648 0.00102528567076661 0.00173766634979984 0.00288502308249008 0.00828935368917882 0.0337164864409715 0.14137860853225
0.000153930379713074 0.000113563156378405 0.000399464292877383 0.00123063064893358 0.000526848146182601 0.000223240164996241 0.00115994050865993 0.00191705827601254 0.000389667935087346 0.000140491883757932 3.34752282977746e-06 0.000252610677489429 0.000681228023313452 5.05528660369237e-05 0.000288645462569548 0.000906222724006511 0.00279682802502066 0.000277866740361787 0.000511648150859401 0.000307409838205786 0.00369104444980621 0.000167646591035009 3.78809332914898e-05 1.84319505592612e-05 4.40715686636395e-05 0.000811264543153811 0.000126682438803982 1.21426264154678e-06 7.49934274457686e-07 6.40122419426348e-06 5.45232110624738e-06 1.27800241102705e-05 1.82638004730507e-05 0.000190132964416989 3.36200952801846e-06 0.00124841613214812 0.011659097764641 0.0109032709384337 0.090186558291316 0.0209136144258082 0.0152169191278517 0.0726618594489992 0.061539295129478 0.0343081759288907 0.094653978291899
0.00147066715408073 1.8501997169551e-05 8.23305993435497e-05 0.000459569614031352 0.0029586490127258 0.000158313785505015 0.000611553362978157 0.00170949941384606 0.000891710779978894 0.000138334206076252 0.00433156780200079 0.00189369096187875 0.00302158987615257 0.00389158014440909 0.00189184593036771 0.00199327477603219 0.00453213544096798 0.00010137732988369 0.000331471331446664 0.000191404534416506 0.00295938564813696 0.000779728051566053 1.67352446169389e-05 3.97490024624858e-05 5.19994852311356e-05 0.000396768354039523 0.000819227998727001 0.000223323119644192 0.000216372643990326 0.00580595734063536 0.00644752678927034 0.00633789038984105 0.000280968378501711 0.00099108911017538 4.93777121306493e-06 1.91047887767581e-06 0.0112807987025008 0.0199975081253797 0.0250979699194431 0.0445580132771283 0.0279437639284879 0.143676172196865 0.0665159105323255 0.0505953962448984 0.123277897294611
0.00128269595179518 0.000520004868940305 0.000891594467429968 0.000560710798708897 6.53040163342666e-05 9.36411706788931e-05 0.000161823723829002 3.48156392192323e-05 0.00015695266356488 9.26626413274789e-05 0.000361452538891172 0.00929730602074414 0.00124365542142186 0.000343765018624254 0.000104744879990903 0.000242960428658989 0.000277044912581914 0.000152542195792194 1.69934296366137e-05 0.00260151687543839 0.00430816547013819 0.00114790405496024 0.00072972969210241 7.78483892645454e-05 2.84018091889493e-06 0.0012894787651021 0.000301197235967265 3.00284028071474e-05 4.51856679433149e-06 0.000214690056418476 0.000405558157035557 0.000803801952861249 0.00305738874594681 0.00577493576565757 0.0023915069992654 0.000323244659375632 0.00276914921414573 0.003219707403332 0.00600083725294098 0.0743444433435798 0.00739080135244876 0.0167576364707202 0.122812544647604 0.0966000941582024 0.0893190914765
0.0020238505967427 0.00210228932846803 0.00107820492921746 0.0009022632119013 0.000770626747907954 0.00100189971526561 0.00135008592042141 0.000306124167400412 6.56988379148515e-06 5.50326859993788e-06 3.3605497139888e-05 5.30389977484447e-05 0.000251833570291637 0.00119206697418122 0.000749399179767352 0.000330657908489229 0.00029759999451926 2.83901542161402e-05 8.77788224897813e-06 0.000140776742773596 0.000257503048123908 0.0069663431844674 0.0416324242018163 0.000737088992900681 4.85236331257966e-06 7.14942739250546e-05 7.89637509228669e-06 4.06664335059759e-05 1.90243819844227e-06 5.16760944265116e-05 1.14707357283805e-05 8.55345329910051e-05 0.00530255367048085 0.00992533155949786 0.00283581512921955 0.000929338390415069 0.00123062002967345 0.00390280724968761 0.00301098988566082 0.00502453389926814 0.0136568260146305 0.0308060279116035 0.0589144859462976 0.015429081194452 0.193937234021723
0.00772895099362358 0.00525841675698757 0.000733907147514401 0.000862245930329664 0.00349177450698335 0.00125538902357221 0.00193287325964775 0.000355467291228706 0.000147795931479777 3.31659140329066e-05 3.38627137850267e-06 1.02075511236421e-05 4.95363624821721e-06 3.72797246939172e-06 1.20172816790998e-06 0.000304077542386949 0.0133243111777119 4.35896986687112e-05 6.98801597820431e-07 1.78548450264771e-06 5.59883274945605e-05 0.125858344510198 0.0318309005815536 0.00343295698403381 0.00342348897247575 0.00277257185662165 0.000659640806406969 0.010000217508059 0.00251907303463668 0.000642103611608036 0.015662640100345 0.00136336827126797 0.00214256810140796 0.0343748754821718 0.000608908759750193 0.00609826003201306 0.0455638186074793 0.0154273264342919 0.00966037833277369 0.0277014491846785 0.0149436387931928 0.0494902483187616 0.0403749847318977 0.020164835464675 0.110293480940163
