Maxent_result_files_2/B_handlirschianus_2.asc
NCOLS 594 
NROWS 330 
XLLCORNER -15 
YLLCORNER 23 
CELLSIZE 0.166666666666667 
NODATA_value -9999 
[rows 200 to 219 of 330, columns 506 to 551 of 594]
0.00140825985290576 0.00154110587754985 0.00174757330096327 0.00209784128819592 0.00225909809814766 0.00251837014511693 0.00254438650154043 0.00257885060564149 0.00260100248269737 0.00254747295111883 0.00255925578530878 0.00260436708340421 0.00274426967371255 0.00319294555229135 0.000576616972102784 0.00015519806111115 0.000790364135173149 0.00547595827374607 0.0122574934968725 0.0117269843700342 0.0133231047308072 0.00747945623006672 0.00776859844336286 0.00941205865237862 0.00191377418814227 0.00737758178729564 0.00720741949044168 0.00866415470372886 0.010670954384841 0.0117019564611837 0.0196560659445822 0.0174097690265626 0.00172120433417149 0.00886791301891208 0.00946411639451981 0.0110229616984725 0.0114096926990896 0.0122677016071975 0.012868065526709 0.0131281155627221 0.0142003557179123 0.0143148744478822 0.0153136330656707 0.0309597692452371 0.0212891583330929 0.0300256354734302
0.00184835272666533 0.00194541050586849 0.00225329115637578 0.00241768503037747 0.00252682744758204 0.00269542286114302 0.00287120556167793 0.00311630771611817 0.00329953484470025 0.00336971012875438 0.00336931390920654 0.00316597403725609 0.00331795206293464 0.00352804278954864 0.00401793728233315 0.00436225441517308 0.00486349211423658 0.00548663584049791 0.00767233297228813 0.00353000269387849 0.0145705961622298 0.0166272258153185 0.0015572126605548 0.00159498381544836 0.00193137815222144 0.0128806867869571 0.016015682881698 0.0250756719149649 0.030190703086555 0.0267703176476061 0.021225606277585 0.0187795010395348 0.0159808163531125 0.0143261042889208 0.0124915291089565 0.0123467094264925 0.0131338606588542 0.0145682050380856 0.0154762890655547 0.0169846816919744 0.0194655380211771 0.0193653605878353 0.0189548376947641 0.018523966986686 0.0211673813872039 0.0296101238578558
0.00201018363877665 0.00204928572056815 0.00210651063825935 0.00229565351037309 0.00250997300609015 0.0025488217594102 0.00275038355030119 0.00312634434085339 0.00349911631201394 0.00369538170634769 0.00386602101498283 0.00400126754539087 0.00422774602775462 0.00475547234527767 0.00489789567654952 0.00525487596169114 0.00559932246105745 0.00616385154426098 0.00689409435726702 0.00754495587898418 0.00908524917904288 0.0101352596655488 0.0103538491996005 0.0116730836685747 0.0125800461275503 0.0136599878780544 0.027864090539515 0.0643202126026154 0.0508711563423276 0.0428819376975298 0.0352913012728095 0.0398079564794898 0.0348238589242101 0.030848796851933 0.0275852164253593 0.0270132663659751 0.0219391086138785 0.0208389983512461 0.0208601921796799 0.0196348811499774 0.0209871315397322 0.023891803715378 0.0238196239806712 0.0214224356226623 0.0222186209633946 0.0224036316387355
0.00199906178459059 0.00210167159966659 0.000437646040518302 0.00247524508158676 0.00286411546112504 0.00306472655502148 0.00574538126238622 0.00306152673438191 0.00356572224991396 0.00374120298656635 0.00426630627480336 0.00451942994841374 0.00497364573529921 0.00542653076117858 0.00612859134562314 0.0064209170290269 0.00667788988212123 0.00763379670679569 0.00812031988753006 0.00866769696585834 0.00946699518244714 0.0101925695315003 0.0104530184762552 0.0117461332818493 0.0239947076886892 0.0306685368530452 0.0230652458500117 0.0385008203797042 0.0475230056792498 0.0535507971420884 0.0592359993606806 0.06988784968853 0.0786634054034948 0.0762761455029249 0.0713878512382507 0.0635002870112658 0.0525230387225747 0.0510858150199056 0.0508254831656814 0.0399156473577023 0.033910208567977 0.0434047563001514 0.0437916558235884 0.0306578114628792 0.0344269845634699 0.037655832991004
0.00243685216701124 0.000490404841548298 0.000531466603570152 0.00299385692051146 0.00329080572701059 0.00353362608002499 0.00707812030450441 0.00756017037201673 0.00438692772877403 0.00466615732875653 0.0045109374972526 0.00488219880498946 0.00541974373627454 0.00586540212389082 0.00689266743138432 0.0076063520507887 0.00773922752123326 0.00914356329012662 0.00993189124856144 0.00965683658141643 0.0106249262811616 0.0116322642657906 0.0119376465678215 0.0133906130678952 0.0159588619600981 0.0368156503885984 0.0438120538368821 0.0395411597564816 0.0451398657634854 0.0720043331384659 0.104304326325655 0.104617340117693 0.0934848416596651 0.09115278609097 0.0912592057138681 0.111881019920111 0.113899663835764 0.0763974443078041 0.0775797232985496 0.0650310676544905 0.0542838785797358 0.0559968180954456 0.0647700536996126 0.0546744205057621 0.058607629686594 0.0533284107223153
0.00397660179878585 0.000475252094474854 0.000344703112568823 0.0074157212395221 0.00446228597429581 0.00485239048139192 0.00517174197593704 0.00526259484468028 0.00522624005097896 0.00595521439099684 0.006040978373494 0.00616875704145059 0.00665056023281068 0.00726316266227514 0.00836328758159652 0.0090300087351352 0.00984482523053884 0.0110911963274702 0.011593745299615 0.0130023306235671 0.0142664460930973 0.0157297149300575 0.016571206599474 0.0175235116388649 0.0179203759413213 0.0352981336414814 0.0426259776111692 0.0512392265722156 0.0559482179582119 0.106255035102367 0.145299581438303 0.162274204194546 0.114814361184835 0.10753867700696 0.0715643294155598 0.0856906078755856 0.0914878729730844 0.0898633982986212 0.0628130532801151 0.0704917807132006 0.052043254300952 0.0374469110742211 0.0383598476648331 0.0655873782932758 0.0672587640583515 0.0553497543558478
0.00753405448049307 0.010685314424336 0.00582228979910724 0.00871940185315907 0.00809846940683201 0.00726210594875738 0.00170573875075206 0.00152210013184231 0.00740633639506996 0.00855443510226905 0.00880313743837178 0.00889267562888563 0.00865362784825265 0.00948506973218173 0.0107186773791909 0.0112201856914908 0.0122468896675855 0.0140552144730464 0.0158581892494112 0.017537934333086 0.0191227687522769 0.0205905460752547 0.022659564204514 0.0239553845487535 0.0234775725752115 0.0217088132165372 0.0304037829395384 0.052003282122314 0.0702905697748065 0.142907705903053 0.181560704112053 0.227469603717327 0.234548206627369 0.118871282041073 0.0964522134512663 0.1491001278162 0.060673975944519 0.0469605062156916 0.0393810654059052 0.0345138810575008 0.0346707170829177 0.0687217861413956 0.0417434606701136 0.0635996580123901 0.10575674213469 0.0886051818728447
0.0130118706729263 0.0160611996427178 0.0283606168814003 0.0291301776655018 0.0260991947725415 0.0172335089184344 0.0154172640293837 0.00315349197480828 0.012107940018177 0.0118828574661165 0.00206782137684058 0.0121260098181665 0.0120272334897891 0.0126867104088888 0.0136251949938014 0.0150222615571693 0.0165138643234968 0.0162784122861922 0.0163534939754754 0.0171654462814331 0.0190484018996358 0.0211760994978249 0.0250876226462424 0.0291402003727853 0.0286046052351594 0.00963878135662526 0.0169999806210399 0.0608873760327697 0.121236649155617 0.0858935721218586 0.156003000587225 0.197290828824043 0.220943608880043 0.195078817009926 0.183345483988523 0.0641866907477379 0.0786220543086529 0.037502272054553 0.0618680186569691 0.0567177213728428 0.039943184889853 0.0446614392101765 0.0558208642527461 0.110838501155376 0.114080432802439 0.0716117729840335
0.01451523124706 0.0202205249574035 0.0878937004134059 0.163624239712954 0.0706747967749834 0.0477391427382827 0.0277028602547944 0.0222215610090643 0.0197356164455414 0.0184381080325693 0.0192734711337835 0.0204506244510412 0.0354122334159911 0.0286903695203364 0.0176254780497402 0.0186677595600486 0.0185155801475048 0.0184544369578362 0.0184339943807572 0.0194703625980765 0.0213656239211559 0.0216384840197861 0.0244357365183532 0.0257934997789562 0.0450453408993781 0.0328172159381211 0.04236194267869 0.051594677567482 0.0572860434651375 0.0731104213744402 0.103619327396154 0.160303705185652 0.180681626498699 0.215722727775574 0.325370071828365 0.333813501894474 0.208583981543779 0.120808140933514 0.0930198460817337 0.10531809926033 0.0735749963670969 0.0730573009699583 0.0853025272488594 0.0779820173978805 0.0911322839092463 0.03565448350259
0.0176887641195208 0.0262451460584998 0.0897510405629873 0.129661312699318 0.16374986320734 0.136024507135153 0.0763111867010593 0.0554541893303394 0.0281776663847268 0.0269773865118623 0.0309581944718957 0.0238369493279606 0.026400096854195 0.0238551676273346 0.0289392382372171 0.0393753898330033 0.0401443374343216 0.0280256880447268 0.0270854761824012 0.0283755864016712 0.0271008874289691 0.0449951351620257 0.0537543216720223 0.0399959390982986 0.0387490533292294 0.0510472644120455 0.066870941594243 0.0315593125298619 0.0546798337250948 0.0426533559337258 0.0705018632113934 0.0876174058765173 0.143475726991892 0.20221930667758 0.272872689366341 0.234143891185522 0.251418597996235 0.191949941217899 0.172001084685326 0.092367997020483 0.0672754857689142 0.0844168702140451 0.0961052432656288 0.118278235942125 0.175196485966444 0.252729317545891
0.0355958035215735 0.0522020243108273 0.10283963046968 0.186091692745686 0.211992448568344 0.295649698376656 0.264600713551044 0.376724930107594 0.0726814882829785 0.0463863741606474 0.0710701065137982 0.0503085561096668 0.0266645110430545 0.0945028930902481 0.0898721758276224 0.0878289138898253 0.0535015595145524 0.07608956489712 0.0952814446762204 0.0783467069268227 0.0802028464153409 0.0527657074853778 0.0473444717004895 0.023944435082376 0.0417488107457757 0.028156515955925 0.0339965825900435 0.0260027350857854 0.0234094079583883 0.0194941493682563 0.0448168232105672 0.0630212694986767 0.0512856978923082 0.0843338463455439 0.134758235886693 0.159549765661359 0.184374710917473 0.0769878592342138 0.0827659400179982 0.0653959393501282 0.1622519351542 0.411802591383457 0.451723666489124 0.292051875591278 0.206945505738258 0.203086909651756
0.00334032621467486 0.0580800142139196 0.123956734314561 0.39438221603632 0.377969962358475 0.519331634044647 0.555635026097298 0.315427377820015 0.255128195881844 0.147759199887514 0.167036974430084 0.126379240676761 0.0838496387004852 0.0702020408585668 0.176119741052389 0.540066936612129 0.746751219034195 0.821145206689835 0.825821089744568 0.517867863178253 0.483398818969727 0.593910828232765 0.487314975261688 0.324959106743336 0.463875609636307 0.179843643680215 0.143791045248508 0.164889425039291 0.146392636746168 0.233820992708206 0.265079906582832 0.156972457095981 0.178042847663164 0.129579764604568 0.144562201201916 0.0525445787236094 0.0575587866827846 0.0628709889948368 0.0948717337101698 0.0376654882915318 0.0211196444928646 0.15747208930552 0.289897707849741 0.24720595292747 0.202767633646727 0.285999523103237
0.0167162787402049 0.0643096806481481 0.0853194339200854 0.123530525714159 0.161882044374943 0.24379720762372 0.592480570077896 0.508036682009697 0.51408394575119 0.357890054583549 0.429079857468605 0.329855075478554 0.226815262436867 0.12172405384481 0.141555589810014 0.26002164632082 0.290302722156048 0.439041408151388 0.757211542129517 0.765467315912247 0.969858705997467 0.91089306473732 0.933307510614395 0.921585613489151 0.944372832775116 0.914390832185745 0.811357992887497 0.547590529918671 0.552550593018532 0.451671858131886 0.473067073896527 0.277567375078797 0.354537083208561 0.253717941045761 0.106855981424451 0.190591509640217 0.0759896182455122 0.132714451290667 0.0942093165591359 0.0951862785965204 0.222138565033674 0.209500620514154 0.143839579634368 0.178643011301756 0.13458216059953 0.323703261464834
0.0498685625381768 0.07068582912907 0.158805715665221 0.249378503113985 0.589020442962646 0.837881112098694 0.791354781389236 0.932856798171997 0.998560774326325 0.952397990226746 0.846978330612183 0.867332136631012 0.831749135255814 0.746930414438248 0.764458960294723 0.641890743374825 0.376002213358879 0.648156136274338 0.767294400930405 0.915737593173981 0.844896245002747 0.983605515956879 0.987442916631699 0.863822621107101 0.839546328783035 0.836324873566628 0.784855175018311 0.950230407714844 0.787584176659584 0.622645728290081 0.245549481362104 0.118809427693486 0.18501061052084 0.360124956071377 0.315042961761355 0.296392408385873 0.317041212320328 0.26527756601572 0.200507814064622 0.0768926015123725 0.0580227323807776 0.0235287700197659 0.125212674448267 0.0971675449982285 0.11642129663378 0.155704152956605
0.0779916238039732 0.105111949960701 0.185160483047366 0.441561880707741 0.681213480234146 0.979074674844742 0.989516705274582 0.988915157318115 0.947642916440964 0.931659018993378 0.953109139204025 0.960348397493362 0.947307056188583 0.95803330540657 0.921772730350494 0.956574189662933 0.951001513004303 0.965142846107483 0.884789562225342 0.812052941322327 0.770927459001541 0.743268656730652 0.619100484251976 0.522235599160194 0.492152333259583 0.471188205480576 0.239711576700211 0.125580262392759 0.123538681864738 0.274609023332596 0.227524204552174 0.241975843906403 0.290259245410562 0.20010903403163 0.156451160460711 0.363129836320877 0.151765922084451 0.17208284381777 0.100999070610851 0.0108281151973642 0.0574838470667601 0.100610881857574 0.00507593479705974 0.0908458719030023 0.0968284126371145 0.133057238999754
0.20345056578517 0.337707409262657 0.700260290503502 0.863086885213852 0.998686987161636 0.98538880944252 0.955992406606674 0.933610606193543 0.904956179857254 0.909118491411209 0.934842282533646 0.889119702577591 0.819401526451111 0.681993049383163 0.695699709653854 0.868831348419189 0.759690237045288 0.844340986013412 0.834217447042465 0.848876661062241 0.789353507757187 0.90793514251709 0.696857810020447 0.675413000583649 0.453873336315155 0.508820626139641 0.344412730634213 0.0894723169505596 0.184466116130352 0.371731716394424 0.371872824430466 0.229762107133865 0.099965151399374 0.134179144352674 0.13972530849278 0.147497612610459 0.154513562098145 0.107787659019232 0.135439493879676 0.142053245007992 0.172245459258556 0.159862618893385 0.152720421366394 0.10113786039874 0.142685383372009 0.134089470840991
0.300416101515293 0.602101492881775 0.525950610637665 0.9605244576931 0.975105136632919 0.996558219194412 0.995329362154007 0.926710474491119 0.896740764379501 0.804095512628555 0.8010409116745 0.589725083112717 0.404837775230408 0.770074772834778 0.982797282934189 0.962227892875671 0.964174008369446 0.772578197717667 0.361395458877087 0.486964111030102 0.441601118445396 0.488942238688469 0.749939012527466 0.744922965764999 0.867818665504456 0.691513192653656 0.53330359607935 0.73732922077179 0.549181082844734 0.311479032039642 0.0791981160640716 0.0797397516667843 0.0632861044257879 0.0759206891059876 0.0827376004308462 0.0455845708027482 0.0907546669244766 0.144430525973439 0.231070565804839 0.136574076861143 0.110457258671522 0.104240507446229 0.0875921061262488 0.0740094842389226 0.0100252473726869 0.0747401290107518
0.162475472316146 0.391639138758183 0.973761039972305 0.971440434455872 0.976863896846771 0.998733550310135 0.998301464319229 0.912369221448898 0.475309020280838 0.602019616961479 0.409726077318192 0.620452809333801 0.934172487258911 0.985530871152878 0.837094879150391 0.389693133533001 0.503145436942577 0.866022938489914 0.938126707077026 0.679249423742294 0.178044579923153 0.2379459425807 0.256401082873344 0.311470627784729 0.240277467668056 0.32350120395422 0.593224143981934 0.519314339756966 0.341909855604172 0.243543221056461 0.286147309839725 0.215542627871037 0.227454126626253 0.0991547748446465 0.0447903981432319 0.0478426963090897 0.0515649409964681 0.0587425405159593 0.0987978739663959 0.0618782680481672 0.0528982970863581 0.0528262846171856 0.0519454230554402 0.0368986976332962 0.026386731211096 0.025906824413687
0.00185552024631761 0.459217083454132 0.489926874637604 0.674852776527405 0.931353557109833 0.980393826961517 0.972099339962006 0.897202283143997 0.766129690408707 0.80253968834877 0.895544731616974 0.968346071243286 0.964958590269089 0.812533950805664 0.803449308872223 0.794857060909271 0.384619204699993 0.409654319286346 0.520846477150917 0.522106850147247 0.679558661580086 0.760406041145325 0.849373555183411 0.706348258256912 0.58429688513279 0.657623171806335 0.677109920978546 0.403477817773819 0.589794418215752 0.379700681567192 0.255029608309269 0.191003026813269 0.130062641203403 0.0710960287600756 0.0430831148289144 0.0545141872018576 0.0563024520874023 0.0409242139197886 0.0195366372121498 0.0302839545533061 0.0935300346463919 0.0839218519628048 0.0374485862674192 0.0360430739820004 0.0441302978200838 0.0507357730297372
0.008449316379847 0.0151750281147542 0.431764245033264 0.967829179763794 0.970089012384415 0.983439469337463 0.935728144645691 0.870712769031525 0.741814124584198 0.821240198612213 0.866835749149322 0.834142601490021 0.549464899301529 0.409829033911228 0.336825779080391 0.572310549020767 0.388003250956535 0.11472693644464 0.728172612190247 0.985360181331634 0.935745185613632 0.938263249397278 0.895047235488892 0.940036559104919 0.938618177175522 0.762918293476105 0.542172306776047 0.115791400521994 0.0843412887305021 0.106509458273649 0.180462209880352 0.0796607360243797 0.0205930483527482 0.0138734986074269 0.0165284336544573 0.0122017116751522 0.0106780351838097 0.0108661373960786 0.0149002567632124 0.0286490714643151 0.0404960609506816 0.0309590083081275 0.0487224969314411 0.0391951153520495 0.0352978979237378 0.0397187313414179
