Maxent_result_files_2/B_hortorum_3.asc
NCOLS 594 
NROWS 330 
XLLCORNER -15 
YLLCORNER 23 
CELLSIZE 0.166666666666667 
NODATA_value -9999 
[rows 160 to 179 of 330, columns 92 to 137 of 594]
1 1 1 1 1 1 -9999 -9999 -9999 -9999 -9999 -9999 -9999 -9999 -9999 -9999 1 0.998918968439102 0.215981727838516 0.162970324605703 0.0659237055107951 0.12079054787755 0.0643755476921797 1 1 0.140906313806772 0.157175744324923 0.313995330035686 0.244173415005207 0.990270614624023 0.567521277070046 0.750865668058395 0.189140985161066 0.904707056283951 0.887527042627335 0.229020047187805 1 1 1 1 1 1 0.631846356391907 0.331960016489029 0.323932826519012 0.261406001448631
1 1 1 0.999999821186066 0.0444810586050153 -9999 -9999 -9999 -9999 -9999 -9999 -9999 -9999 0.300676257908344 0.999704885482788 0.782468712329864 0.553835025429726 0.644272011518478 0.389781808853149 0.10500865355134 1 0.0608756687492132 0.686602145433426 0.691371631622314 1 0.14100182056427 0.380453172326088 0.176878118515015 0.0572973880916834 1 0.911857551336288 0.291282972693443 0.734474349021912 0.581193280220032 0.06075669080019 0.115563078224659 0.543399810791016 0.954833525419235 1 1 1 0.573916745185852 0.379129830002785 0.537112158536911 0.283098950982094 0.499131411314011
1 1 -9999 -9999 -9999 -9999 -9999 -9999 0.00478441524319351 0.999663496017456 0.999468159675598 0.999280089139938 0.862305104732513 0.986273062229156 0.664045757055283 0.474033266305923 0.129362810403109 0.434231016039848 0.0308321695774794 0.0399540890008211 0.0508079582825303 0.064068378508091 0.269830510020256 0.672929394245148 1 0.997625011205673 0.913904237747192 0.164426263421774 0.174644213914871 0.11600039228797 0.900363034009933 0.999959236383438 1 1 1 0.909158140420914 0.977110558748245 0.686531841754913 1 1 1 0.384054815769196 0.330407154560089 0.285158309340477 0.215569278597832 0.322229737043381
-9999 -9999 -9999 -9999 -9999 -9999 -9999 -9999 0.993888115882874 0.999866592884064 0.964583683013916 0.942124426364899 0.602829349040985 0.988677644729614 0.898908925056457 0.299168929457664 1 1 0.0987602405250072 0.204571776092052 0.660586524009705 0.199548399448395 0.200717280805111 0.99743081331253 1 0.190216161310673 0.519559255242348 0.290371122956276 0.147105199843645 0.218526701629162 0.254808539152145 0.559401217103004 0.610541981458664 0.989436060190201 0.998497301340103 0.503599336743355 0.999577778577805 0.337307196855545 0.0441638167947531 0.64292266368866 1 0.999971574544907 0.539147773385048 0.245600578188896 0.216925777494907 0.285604505240917
-9999 -9999 -9999 -9999 -9999 -9999 -9999 -9999 0.785222810506821 0.998346525430679 0.93552953004837 0.880824780464172 0.777105921506882 0.99984375834465 0.79120654463768 0.990803867578506 1 0.233861473202705 0.170277462154627 0.406139978766441 0.427590355277061 0.420110595226288 0.912929046154022 0.298612593114376 0.744136035442352 0.867206805944443 0.494522276520729 0.700235140323639 0.832292360067368 0.573022705316544 0.80726403594017 1 0.671912258863449 0.920791149139404 0.859366536140442 0.750815379619598 0.571898278594017 0.693677252531052 0.757673752307892 0.79008903503418 0.465903547406197 0.797769916057587 0.777720510959625 0.744557470083237 0.632382601499557 0.320684602856636
-9999 -9999 -9999 -9999 -9999 -9999 -9999 0.024481397587806 0.331591786444187 0.960102641582489 0.665310966968536 0.996139532327652 0.733554011583328 0.976908975839615 0.999920797348022 1 1 0.669647979736328 0.394167748093605 1 0.296023924648762 1 0.533830580115318 0.999999976158142 1 0.973279064893723 0.662876802682877 0.400360736250877 0.691299712657928 0.695563650131226 0.564971575140953 0.712715172767639 0.816766899824142 0.775637292861938 0.854129940271378 0.436089816689491 0.347499316930771 0.373490756750107 0.707250583171845 0.616702204942703 0.478986003994942 0.910000532865524 0.999997162818909 1 0.901810508966446 0.789389789104462
-9999 -9999 -9999 -9999 -9999 -9999 -9999 0.0301880678161979 0.267572012543678 0.270666019618511 0.652697938680649 0.739634323120117 0.985334575176239 0.980378705263138 0.742172759771347 0.768291121721268 0.982966923713684 0.550169989466667 0.329633960127831 0.367543390393257 0.994314759969711 0.767356103658676 0.957765680551529 0.979606890678406 0.964644396305084 0.912317323684692 0.506793984770775 0.294871108233929 0.399868538975716 0.658245468139648 0.809930354356766 0.267075048387051 0.869984060525894 0.94025462269783 0.771873074769974 0.433668518066406 0.63734575510025 0.739669752120972 0.374061200022697 0.146194868534803 0.805814218521118 0.724460303783417 0.5507528424263 0.758527660369873 0.649981361627579 0.690838021039963
-9999 -9999 -9999 -9999 -9999 -9999 0.268596783280373 0.736811763048172 0.458500730991364 0.955143159627914 0.706601637601852 0.828252828121185 0.999899405241013 0.990731102228165 0.990792238712311 0.999274170398712 0.853186696767807 0.621187168359757 0.796825033426285 0.883394306898117 0.966237652301788 0.999968588352203 0.993784701824188 0.982469743490219 0.887577724456787 0.542228588461876 0.46364318728447 0.299722868204117 0.380628952383995 0.301711267232895 0.390053197741508 0.973345184326172 0.883954447507858 0.278314308822155 0.507012185454369 0.344176107645035 0.53073987364769 0.383379650115967 0.205941917002201 0.258670282363892 0.503536412119865 0.333623975515366 0.653214401006699 0.403120997548103 0.262116122245789 0.364383548498154
-9999 -9999 -9999 -9999 0.602472111582756 0.982335579395294 0.947923994064331 0.543509760499001 0.658052802085876 0.951679074764252 0.772128146886826 0.944204485416412 0.734296005964279 0.972453045845032 0.998196679353714 0.89142832159996 0.840637814998627 0.510615161061287 0.425183266401291 0.793356001377106 0.927504473924637 0.999716556072235 0.996447098255157 0.940385186672211 0.98008696436882 0.931146782636642 0.37449714243412 0.374372285604477 0.343152523040771 0.563209599256515 0.983744889497757 0.744784581661224 0.209450875222683 0.130048956722021 0.319716268777847 0.679798793792725 0.790249049663544 0.622483932971954 0.717387646436691 0.795805031061173 0.935390281677246 0.901030814647675 0.512881824374199 0.465771186351776 0.347514602541924 0.66476081609726
0.0323997139930725 0.998483335971832 0.999999850988388 0.989378321170807 0.945656716823578 0.77744026184082 0.745321089029312 0.556619581580162 0.554147860407829 0.939223700761795 0.992107528448105 0.956105053424835 0.938476669788361 0.889703047275543 0.835550963878632 0.958372008800507 0.476094970107079 0.520753797888756 0.578127372264862 0.369763255119324 0.495535209774971 0.457037904858589 0.947093546390533 0.857546585798264 0.9014852643013 0.32557310461998 0.434781977534294 0.862153309583664 0.487017118930817 0.558850878477097 0.532278025150299 0.394365119934082 0.561279454827309 0.135353549569845 0.354696533083916 0.554483285546303 0.79514148235321 0.701828473806381 0.886947011947632 0.161174932122231 0.161450459063053 0.51341444849968 0.539077404141426 0.438713946938515 0.325258934497833 0.264193546772003
0.999591547250748 0.998922270536423 0.980091059207916 0.997552728652954 0.733749103546143 0.7935979783535 0.626344662904739 0.582300934195519 0.619327515363693 0.724021720886231 0.850862640142441 0.905827021598816 0.62875964641571 0.76060603260994 0.958887147903442 0.601199388504028 0.43258141875267 0.60312505364418 0.0944765776395798 0.179476600140333 0.132071571797132 0.195641033351421 0.493393671512604 0.148385453224182 0.21696545034647 0.53906686604023 0.387294283509254 0.637051790952682 0.410373097658157 0.525793397426605 0.197482253611088 0.25969572365284 0.0877899378538132 0.12841789573431 0.521105745434761 0.427283602952957 0.532590678334236 0.368453136086464 0.426121246814728 0.22700902223587 0.141502698510885 0.412786382436752 0.422804373502731 0.580930238962173 0.463206225633621 0.445596048235893
0.988362985849381 0.998477292060852 0.954674392938614 0.997189515829086 1 0.515479412674904 0.48293282687664 0.505029827356339 0.502777877449989 0.868271964788437 0.707215946912765 0.463839548826218 0.510732281208038 0.609006971120834 0.610127806663513 0.650553029775619 0.236750948429108 0.325241339206696 0.349897587299347 0.206327556073666 0.104013369232416 0.185562539100647 0.12600329592824 0.0489439234137535 0.0674122683703899 0.13815343901515 0.225770969688892 0.377723586559296 0.433274412155151 0.247268214821815 0.112720561027527 0.157056707143784 0.233988291025162 0.0690492104738951 0.243447810411453 0.250693041086197 0.337482297420502 0.436444115638733 0.649060767889023 0.234125638008118 0.261817093193531 0.279435098171234 0.186312897503376 0.442173138260841 0.950989997386932 0.490956643223763
0.976091682910919 0.995381247997284 0.77058190703392 0.453904834389687 0.587217932939529 0.766634613275528 0.681750828027725 0.662135261297226 0.529996684193611 0.754953819513321 0.514220198988914 0.819054818153381 0.128354977816343 0.540151265263557 0.490607950091362 0.180158749222755 0.0938487201929092 0.0787444561719894 0.0431442646309733 0.12154491469264 0.169824302196503 0.424172723293304 0.225746311247349 0.16934711933136 0.13860497623682 0.0673871859908104 0.106741632521152 0.537425693869591 0.258754728734493 0.300896187126637 0.780448544025421 0.250930945575237 0.287774656713009 0.153822505474091 0.999938952922821 0.482128235697746 0.453987419605255 0.31107289493084 1 1 0.998745560646057 0.083941787481308 0.153204090148211 0.197927497327328 0.199627758562565 0.581943756341934
0.921474325656891 0.236944915354252 0.388945117592812 0.464363238215446 0.320869329571724 0.346182078123093 0.275992019474506 0.804593586921692 0.821552497148514 0.850334042310715 1 0.896002191305161 0.0875465098768473 0.161995550990105 0.151384057849646 0.417425420880318 0.181560450792313 0.298099571466446 0.222206257283688 0.140928850322962 0.158628857880831 0.363743372261524 0.192991901934147 0.169204913079739 0.419403010606766 0.146484081447124 0.0939827516674995 0.0510940007865429 0.134662384539843 0.616342946887016 0.299268947541714 0.175645768642426 0.313166724145412 0.474480694532394 0.33260632455349 0.220826041698456 0.449466207623482 0.404687115550041 0.370025399327278 0.399461042881012 0.0690606445074081 0.282162579894066 0.378627362847328 0.287564669549465 0.614732444286346 0.189250820875168
0.689741867780685 0.668493312597275 0.326687413454056 0.15031756311655 0.149581870436668 0.0633965980261564 0.183492511510849 0.351273840665817 0.47884059548378 0.382320243120193 1 1 1 1 0.14065258577466 0.183385088294744 0.258081339299679 0.385112273693085 0.548884758353233 0.433565357327461 0.442886155843735 0.321402156352997 0.747243988513947 0.0722845785319805 0.053099786490202 0.31556850373745 0.130142546445131 0.0409262116998434 0.158732394874096 0.216822935640812 0.0543022248893976 0.0942123465240002 0.327277880907059 0.379374471306801 0.290017545223236 0.851813977956772 0.219539792835712 0.237865313887596 0.350672459602356 0.136270825564861 0.265947617590427 0.215429897606373 0.164659491181374 0.117966745793819 0.103450053185225 0.0444086752831936
0.513498091697693 0.337402069568634 0.24166511297226 0.0837520521134138 0.564523637294769 0.786724644899368 0.61688147187233 0.830097395181656 0.293676464259624 0.144902477413416 0.844218099117279 1 1 0.892875647544861 0.0434628646820784 0.0362370761111379 0.118589520454407 0.508751812577248 0.639264297485352 0.371186286211014 0.160167455673218 0.301511730253696 0.387967970967293 0.410408315062523 0.246967174112797 0.186863434314728 0.0715447902679443 0.0235061138868332 0.260384094715118 0.110250520706177 0.0968627065420151 0.0836269497871399 0.0715236805379391 0.278317165374756 0.463871091604233 0.198015578091145 0.367154079675674 0.300691337883472 0.175165155529976 0.457077527046204 0.391096046566963 0.434686106443405 0.15673354268074 0.0565202593803406 0.0139544087462127 0.0533936738967895
0.256283840537071 0.111676444858313 0.219275222718716 0.334444117546082 0.433262279629707 0.805325335264206 0.572829473018646 0.70061908364296 0.50876253247261 0.303492802381515 0.311978086829185 0.0792401570826769 0.287117101252079 0.0133375573437661 0.0633369073271751 0.0521167051047087 0.143337374925613 0.209436413645744 0.333309592306614 0.0540299501270056 0.0501254998147488 0.106832636892796 0.6689896941185 0.387938332557678 0.51901039481163 0.0535445339977741 0.0531816337257624 0.044612461142242 0.224694707989693 0.118763460218906 0.060432193800807 0.127328024059534 0.0520036783069372 0.187751591205597 0.712580859661102 0.626912224292755 0.361366055905819 0.180289871990681 0.237170279026031 0.264898031949997 0.321567314863205 0.133155185729265 0.0725980445742607 0.0399122318252921 1 0.0258539452217519
0.0945364963263273 0.106174302846193 0.3412607640028 0.426832759380341 0.328726372122765 0.334786708652973 0.282977366447449 0.380906814336777 0.470468255877495 0.405857050418854 0.418615090847015 0.15640120729804 0.0634148918092251 0.0714631155133247 0.103552742302418 0.118246625363827 0.183743877708912 0.598392647504806 0.183862198889256 0.054857299476862 0.104809009283781 0.393844467401505 0.724585419893265 0.476226371526718 0.316744735836983 0.130179503560066 0.044789794832468 0.167346547544003 0.0862144894897938 0.0813854597508907 0.100444812327623 0.0448623336851597 0.278382681310177 0.448562097549438 0.961821782588959 0.561189901828766 0.237684574723244 0.200240787863731 0.855601114034653 0.630576354265213 0.870367729663849 0.578943198919296 0.495865970849991 0.0213913694955409 0.0459916731342673 0.0418994279578328
0.0226635940372944 0.118987518548965 0.376844069361687 0.722183918952942 0.236903481185436 0.296375054121017 0.260957467556 0.368143659830093 0.400871789455414 0.375754278898239 0.299139493703842 0.243845850229263 0.170231072604656 0.0675505887717009 0.0561912350356579 0.0874397620558739 0.0393770944327116 0.181264786422253 0.143753462284803 0.215135709941387 0.364328381419182 0.243529266119003 0.0547941710799933 0.197199369966984 0.107104688882828 0.196348075568676 0.193332134187222 0.0516128491610289 0.0480098437517881 0.0396100915968418 0.0681014098227024 0.24138642847538 0.752240610122681 0.611390334367752 0.764073175191879 0.362271684408188 0.163468448072672 0.509136214852333 0.679769033193588 0.968546080589294 0.568625050783157 0.773924338817596 0.0449510803446174 0.0408533554524183 0.0813532263040543 0.140270875394344
0.0946996457874775 0.0891474325209856 0.088697699457407 0.1365722887218 0.325790125131607 0.690819835662842 0.0938051357865334 0.251275558769703 0.230791592597961 0.0955226376652718 0.105178333073854 0.0627029903233051 0.175873023271561 0.261432231962681 0.129786521196365 0.0891933254897594 0.110021179914474 0.401649218797684 0.0864124223589897 0.130880036205053 0.193219228088856 0.089352098852396 0.032609417103231 0.121514938026667 0.260511772334576 0.272518490254879 0.0660823713988066 0.0355409009382129 0.0506488002836704 0.0633342299610376 0.537236592173576 0.668607592582703 0.213997447490692 0.339512360095978 0.756897139549255 0.449409276247025 0.646905338764191 0.891957527399063 0.517658933997154 0.82638868689537 0.928540956974029 0.554361039400101 0.0134467251598835 0.230834816396236 0.0210822992026806 0.098819275200367
