Maxent_result_files_2/B_hortorum_2.asc
NCOLS 594 
NROWS 330 
XLLCORNER -15 
YLLCORNER 23 
CELLSIZE 0.166666666666667 
NODATA_value -9999 
[rows 140 to 159 of 330, columns 368 to 413 of 594]
0.0170966659672558 0.0272555533796549 0.0277225801721215 0.0118685294874012 0.0169816347770393 0.0220404660329223 0.0296225547790527 0.0198252934962511 0.0188249660655856 0.0162659658119082 0.0146232388913631 0.0162353970110416 0.00427548328880221 0.00154541982337832 0.00361748097930104 0.0217928078025579 0.0337037846446037 0.00793754984624684 0.0131664694286883 0.0177792319096625 0.00926911402493715 0.0113830086775124 0.00964931324124336 0.0105447707697749 0.0100841274484992 0.0123394233174622 0.00847380245104432 0.0203862676396966 0.00795130357146263 0.0193828282877803 0.00857763211242855 0.00676960330456495 0.0167311577126384 0.0146078904159367 0.0151323314756155 0.0298018302768469 0.0447834938764572 0.0197680424898863 0.0417667772620916 0.0379154790192842 0.0193880755454302 0.0165301071479917 0.0167825785465539 0.0233954908326268 0.0150215433910489 0.0155780352652073
0.0190047400072217 0.0336451495066285 0.0231052981689572 0.0183328153565526 0.0280665695667267 0.0316036537289619 0.0102403646335006 0.0102659894153476 0.017436155769974 0.0158997046761215 0.0139194135554135 0.0215757183730602 0.00437237294390798 0.031517662294209 0.0226563926786184 0.0230350391939282 0.014152776170522 0.0268568512052298 0.0182597883045673 0.0191542819142342 0.010152808111161 0.0106935756281018 0.0147096054628491 0.0122381697408855 0.0137964067049325 0.0129194387234747 0.0126664019189775 0.0115478157065809 0.0103878925554454 0.00568738342262805 0.015131192933768 0.0109421412460506 0.0131146692670882 0.0113470475189388 0.0145925547927618 0.016810283344239 0.0193302150815725 0.0192103018984199 0.0196933934465051 0.0207279056310654 0.0178628121502697 0.028482979349792 0.0391324549913406 0.00791400535963476 0.0117623064666986 0.0077269921079278
0.0467849712818861 0.0224953480064869 0.0231247583404183 0.0443349000066519 0.0142533486708999 0.0315334057435393 0.0132193741388619 0.0141888098791242 0.0159166638739407 0.0153363395482302 0.0202152874320745 0.0373892510309815 0.0238158309832215 0.0401170844212174 0.0152469789609313 0.0126500274054706 0.0137786107137799 0.0101695015095174 0.017288438975811 0.0463329158723354 0.012143038213253 0.0203591582365334 0.0141777063719928 0.0154770188964903 0.0153584618121386 0.0135514506138861 0.0138586208224297 0.0136840490624309 0.0150119762867689 0.0120312512852252 0.0115246023982763 0.011645148973912 0.0135301478207111 0.0190207328647375 0.0132483311928809 0.0112924966961145 0.0146931772120297 0.0166318844072521 0.0174722115509212 0.0153026454150677 0.018495992384851 0.0150245876982808 0.0128791302442551 0.0059314398560673 0.0101293466053903 0.00976847093552351
0.0177212667651474 0.023724171333015 0.0218868654221296 0.0345536891371012 0.03353216573596 0.0354470111429691 0.0266842290759087 0.0170837248675525 0.0170146996155381 0.0154545760713518 0.0123727383092046 0.0249829169362783 0.0149216898716986 0.017666048463434 0.0217641258612275 0.0193082085810602 0.0166534412652254 0.00754528185352683 0.0132490682415664 0.0230264861136675 0.0146806881763041 0.0157865466549993 0.0162550821900368 0.0168580529280007 0.0168687890283763 0.016765710990876 0.0159128789789975 0.0163509052246809 0.0100521848537028 0.00480193798430264 0.0112025178968906 0.0127535289153457 0.00797897689044475 0.0126858492381871 0.0124966971576214 0.00689229164272547 0.0182317901402712 0.0156047084368765 0.016244609374553 0.0165067718364298 0.0142770350910723 0.0132944255135953 0.0112226885743439 0.0118195719085634 0.0143236772157252 0.0124424850568175
0.0450238764286041 0.0221151176840067 0.0232795011252165 0.0194472528994083 0.0270524900406599 0.0286213554441929 0.0209883455187082 0.0253925167024136 0.0164194390177727 0.0135073930025101 0.0285853004083037 0.0267392929643393 0.0155312862247229 0.0124642138369381 0.00575874880887568 0.0520731970667839 0.0134722435846925 0.0184928270056844 0.0161307722330093 0.0161865569651127 0.0171074114739895 0.0167610056698322 0.0173907440155745 0.0193811388686299 0.0177139048464596 0.0172605913132429 0.01940639000386 0.0189095107838511 0.0252924410626292 0.0124131869524717 0.0128550547175109 0.00603083185851574 0.0156846147030592 0.00950698000378907 0.00860914676450193 0.0144826117902994 0.00815751650370657 0.0194377716630697 0.016546172555536 0.0137357053346932 0.013147921860218 0.0122355476953089 0.0114963937550783 0.00994041273370385 0.0102286359295249 0.0103187645785511
0.0360559027642012 0.029236526787281 0.0249093893915415 0.0236732698976994 0.0284112518653274 0.0342625001445413 0.0362160552293062 0.0220935743302107 0.0292280117049813 0.01347591644153 0.0193050922825933 0.0190924045629799 0.0104460201226175 0.00508022895082831 0.00589522230438888 0.0190403899177909 0.015844448376447 0.0127935559488833 0.0126977123320103 0.0136518739163876 0.0225375808775425 0.0388482388108969 0.0256566189229488 0.0159333137795329 0.0241692300885916 0.0122970951721072 0.0201297000050545 0.0159960306249559 0.0134737638756633 0.0116663882508874 0.00821443796157837 0.0090977412648499 0.0096412155777216 0.00655418508686125 0.00702035198919475 0.00818649348802864 0.0130030580796301 0.0143104239366949 0.0114723623730242 0.0100376443006098 0.0128816675394773 0.0119524972513318 0.0151451490819454 0.00887465146370232 0.00917037818580866 0.0115446821786463
0.0362069398164749 0.0361627876758575 0.0343315865844488 0.0427421011030674 0.0276255618780851 0.0431731283664703 0.0216190317645669 0.0191604922525585 0.0269162394106388 0.0303025420755148 0.0201088452711701 0.0194367663934827 0.0126785648986697 0.00542218592017889 0.00616113874129951 0.00796447307802737 0.0232106439769268 0.0706033438444138 0.0754170801490545 0.0379797352477908 0.0229864217340946 0.0168189695104957 0.0225225253030658 0.0309886844828725 0.0224101584404707 0.0146200779825449 0.0169147533364594 0.0142356384545565 0.0129334513098001 0.0114742373116314 0.0133073874749243 0.00860303705558181 0.0168149383738637 0.00454082763753831 0.00629256279207766 0.00564596159383655 0.0151713801547885 0.0110362836159766 0.012250504642725 0.00954371569678187 0.0109258257783949 0.00945575088262558 0.0100618002004921 0.00945084020495415 0.00969891054555774 0.00898557966575026
0.0484102793037891 0.025227921269834 0.0240625753998756 0.024558443389833 0.015450141299516 0.0213811425492167 0.0251317720860243 0.020766035746783 0.0102840840816498 0.0190514747053385 0.00872154594399035 0.00906656472943723 0.0095862022601068 0.00558825191110373 0.0142019721679389 0.0100297972094268 0.00542683098465204 0.00672479383647442 0.00734344334341586 0.0102369111962616 0.009255001693964 0.00618601893074811 0.00382258289027959 0.0093911986798048 0.0152050420641899 0.0145313517190516 0.0113443467766047 0.0121632562018931 0.0110210663639009 0.0214913237839937 0.0264583056792617 0.0101968231610954 0.010099079972133 0.0113671259023249 0.0114575595594943 0.0111751622520387 0.0110847526229918 0.0113227630034089 0.00989849846810103 0.00878599821589887 0.00735492454841733 0.00731838499195874 0.0100514923222363 0.00772425839677453 0.00859532165341079 0.00709422435611486
0.0313527232035995 0.0234812801703811 0.0322151871398091 0.0279125550761819 0.0259502831846476 0.0213727552443743 0.0178694892674685 0.0321891246363521 0.0148513698019087 0.0171214097179472 0.012331551592797 0.00966239557601511 0.0195242728106678 0.0173401418142021 0.0174160216003656 0.0107095429673791 0.0066319293808192 0.00663287620991468 0.00333993784151971 0.00503138934727758 0.00168823981657624 0.00503143901005387 0.00688126578461379 0.0134582966566086 0.0304747277870774 0.026171225681901 0.011240145098418 0.0117878885939717 0.0096323617734015 0.0107259513810277 0.00527743934653699 0.00535673690028489 0.0112186047248542 0.00777469375170767 0.0117177873849869 0.0119164146482944 0.00666787098161876 0.0108828018419445 0.00967680783942342 0.00939072095789015 0.0082333845552057 0.00860292282886803 0.00781221925280988 0.00611280328594148 0.00586138577200472 0.00642452039755881
0.0314056746661663 0.0624526534229517 0.0155878464691341 0.0255527934059501 0.0234721690416336 0.0219882072880864 0.0161353874020278 0.017145858798176 0.0195047141984105 0.0207511983811855 0.0152476723305881 0.0143752424046397 0.0225291674025357 0.0201536072418094 0.0163984433747828 0.00519968138542026 0.0101309875026345 0.0103149490430951 0.0074300454929471 0.00577874984592199 0.00608938094228506 0.0180597862228751 0.0152373686432838 0.00749186207540333 0.00844662166200578 0.00970388101413846 0.0125788767822087 0.0210578305646777 0.00647484720684588 0.0103912857361138 0.0154243377037346 0.0148621913045645 0.0244357837364078 0.0288533132523298 0.0127653609961271 0.012856056727469 0.0134007032029331 0.00816815178841352 0.00828931229189038 0.00782105191610754 0.00711689600721002 0.00730813536792994 0.00664234580472112 0.00676855104975402 0.00579853178933263 0.00601588110439479
0.0148466261103749 0.0167466790415347 0.0171189651824534 0.0218019550666213 0.0167073968797922 0.0166030107997358 0.0140030919574201 0.0313242767006159 0.0231402589008212 0.0135121697559953 0.0112313110381365 0.0108243769034743 0.0139482583850622 0.00993755110539496 0.00977020938880742 0.00911051393486559 0.00877673821523786 0.0102740798611194 0.0115687386132777 0.00953777148388326 0.0152448629029095 0.0118313354440033 0.00900867329910398 0.00896880431100726 0.0108835293911397 0.00821253871545196 0.007401256961748 0.0099403150845319 0.0169881439767778 0.00716442023403943 0.00810378659516573 0.00884085916914046 0.0172187631949782 0.0138038878329098 0.0219543561339378 0.0145759228616953 0.0120227847248316 0.00881328196264803 0.00672857677564025 0.00579027840867639 0.00585172343999147 0.00529226828366518 0.0044915534555912 0.00466181472875178 0.00496579869650304 0.00466987937688827
0.0145045109093189 0.0139057945460081 0.0167173711583018 0.0123059323988855 0.0127292215824127 0.0174290429800749 0.0137651870958507 0.00792365893721581 0.00910100219771266 0.00974642997607589 0.0107889288570732 0.0135406440123916 0.0122410302981734 0.00675061759538949 0.0090669278986752 0.00929003171622753 0.0100209686905146 0.00992723759263754 0.00927142282016575 0.0088019295129925 0.00929751880466938 0.00868410752154887 0.00751663339324296 0.00798209742642939 0.00699514388106763 0.00659424313344061 0.00684379846788943 0.00749177723191679 0.00667139133438468 0.00621812506578863 0.00886198692023754 0.00890295570716262 0.00959092350676656 0.0114393380470574 0.00900207632221281 0.0340579720214009 0.0192369550466537 0.00746031105518341 0.00784780601970851 0.0102997268550098 0.00569496108219028 0.00569697716273367 0.00441233240999281 0.00442587989382446 0.00378930594306439 0.00455610300414264
0.0161502528935671 0.0109513255767524 0.0123749496415257 0.0116813012398779 0.00792952068150043 0.00542552694678307 0.00664048870094121 0.0135305691510439 0.0128377174958587 0.0109517730306834 0.0142106860876083 0.0137130095623434 0.00732177072204649 0.00822626585140824 0.00821078014560044 0.00784847508184612 0.00911855413578451 0.00838501462712884 0.00849090274423361 0.0084336515981704 0.00810043686069548 0.00778732467442751 0.00713394796475768 0.00689933663234115 0.00643767961300909 0.0065351314842701 0.00654984214343131 0.00647824304178357 0.00584124829620123 0.00534273472148925 0.00676309852860868 0.00779078034684062 0.00833999733440578 0.00877365623600781 0.00732140396721661 0.0079677710775286 0.00622598552145064 0.00631218613125384 0.00691244113259018 0.00900088306516409 0.00421663485467434 0.00415361176710576 0.00448528120759875 0.00376775052864105 0.00445359761361033 0.0036078164819628
0.0127965479157865 0.0105539565905929 0.0102889142464846 0.0106220362242311 0.0228709341958165 0.00516813891008496 0.00600653877481818 0.0167373404838145 0.0182567102834582 0.00342072832863778 0.00094746959512122 0.0085341215133667 0.00762520134449005 0.00730752814561129 0.00728849247097969 0.00685668885707855 0.00725109376944602 0.00667051426135004 0.00724110561423004 0.00655278749763966 0.00672621801495552 0.0060458404943347 0.00569919752888381 0.00487555537838489 0.00505546955391765 0.0054227844811976 0.00590045284479856 0.00695226648822427 0.00689774961210787 0.00605238196440041 0.00641499231569469 0.0061438487842679 0.00611699991859496 0.00666506718844175 0.00635811537504196 0.00783793092705309 0.0063178223092109 0.00568708055652678 0.00458321387413889 0.00456111694220454 0.0051135343965143 0.00580375213176012 0.00334431047085673 0.00317868653219193 0.00312795315403491 0.00364681424107403
0.00733857271261513 0.00962860728614032 0.0119697745889425 0.012207355722785 0.0139327429234982 0.0172898568212986 0.0040212819352746 0.0091041708830744 0.0173641530796885 0.020620777644217 0.00690704262815416 0.00253598045092076 0.00246711948420852 0.00573205128312111 0.00545815858058631 0.00477017532102764 0.00494970681611448 0.00585518321022391 0.00606626681983471 0.00710660233162344 0.00561479865573347 0.00645820004865527 0.00585899539291859 0.00592877818271518 0.00667959242127836 0.00474684699438512 0.00493564209900796 0.0050229802262038 0.005189244216308 0.00507678517606109 0.00546618986409157 0.00574440560303628 0.00530591695569456 0.00492668512742966 0.00646306411363184 0.00542871078941971 0.00547203759197146 0.0050250755622983 0.0046764548169449 0.00476409129332751 0.00403815661557019 0.00310164622496814 0.00284120042342693 0.00317640132270753 0.00349016613326967 0.00333756727632135
0.011730089597404 0.0120745740830898 0.0124283897690475 0.0123817681334913 0.0119383539073169 0.00397014517802745 0.00865627424791455 0.00760851558297873 0.0221416703425348 0.0208304302766919 0.00918413801118731 0.00678987582214177 0.0062266684602946 0.00450316667556763 0.00619898410513997 0.00437335313763469 0.0038167190970853 0.00449851101730019 0.00515674757771194 0.00441471226513386 0.00545171839185059 0.00533130199182779 0.00568133587948978 0.00616796589456499 0.00713100098073483 0.0054717481834814 0.00515244610141963 0.0043948468985036 0.00447717120405287 0.00448648813180625 0.00496706585399806 0.00524989552795887 0.0046231321291998 0.00535914509091526 0.00433379379101098 0.00429231957532465 0.00429685565177351 0.00364162004552782 0.00348039905074984 0.00350304907187819 0.00343233910389245 0.00396545808762312 0.00324812589678913 0.00264459090540186 0.00276295820949599 0.00277197352843359
0.0101010859012604 0.00563412108458579 0.0106773160863668 0.00606601210311055 0.00206222218694165 0.0104780878871679 0.0158397873863578 0.0109238639473915 0.0156143073923886 0.00851048021577299 0.00649085906334221 0.00576450068037957 0.00526695949956775 0.00443043427076191 0.00549530973657966 0.00340152862481773 0.00342192556709051 0.00343859414570034 0.00353365265764296 0.00408020913600922 0.00426611336879432 0.00490552205592394 0.00457936343736947 0.00653852005489171 0.00556527264416218 0.00514687253162265 0.00500525757670403 0.00440821016672999 0.00436572672333568 0.00420495811849833 0.00450772873591632 0.00391205972991884 0.00371983523946255 0.00382513019721955 0.00362544716335833 0.00382683093193918 0.0041701692622155 0.00296476513613015 0.00293107831384987 0.00275048788171262 0.00260898820124567 0.00271979232784361 0.00258540858048946 0.00257979133166373 0.0025326261529699 0.00248100087046623
0.00478716362267733 0.00239842978771776 0.0103670152835548 0.0144779780879617 0.00867182295769453 0.00895315939560533 0.00896806325763464 0.00836681202054024 0.0080730234272778 0.00709154815413058 0.00667233150452375 0.00566487486939877 0.0048882610630244 0.00451035746373236 0.0041862579761073 0.00358449902851135 0.0033608531113714 0.00326633048243821 0.00329459810163826 0.00338767748326063 0.00370712927542627 0.00394868939183652 0.00424344437196851 0.00438163122162223 0.00352748837321997 0.00456741424277425 0.00483593163080513 0.00407972014509141 0.0038915092125535 0.00296489873435348 0.00356299863196909 0.00362323448061943 0.00388679772149771 0.0032031127717346 0.0033370673423633 0.00318730936851352 0.00302874224726111 0.00274278888246045 0.00223318549105898 0.00208057092968374 0.00209375559352338 0.00193234052276239 0.00202924609184265 0.00206115782493725 0.00200452243443578 0.00190634187310934
0.00164068399462849 0.00745409182272852 0.00645680585876107 0.00679876240901649 0.0084613835439086 0.00666523524560034 0.00662813424132764 0.00693031502887607 0.00665610623545945 0.00656189545989037 0.00670306528918445 0.00560242065694183 0.00461559155955911 0.00432538860477507 0.00371051765978336 0.00333153449464589 0.00285794480005279 0.00282422184245661 0.00205413864459842 0.00269055716926232 0.00251596671296284 0.0021687236148864 0.00220844635041431 0.00230982193024829 0.00286068093264475 0.00243565307464451 0.00245716196950525 0.00287784640677273 0.00291710681049153 0.00229012366617098 0.00298153404146433 0.00287690890254453 0.0029963351553306 0.00290810184087604 0.00216219425201416 0.00225643499288708 0.00211403404828161 0.00233350839698687 0.00388791470322758 0.00402821248862892 0.00287942453287542 0.00377681131940335 0.00292550201993436 0.0035310362232849 0.00427186398301274 0.0018996624276042
0.00518732846248895 0.00529311578720808 0.00486794193275273 0.00532876725774258 0.00625171810388565 0.00528548730071634 0.00548068734351546 0.00537685356102884 0.00537491759750992 0.0052137394901365 0.00454602560494095 0.00669121737591922 0.00431649489328265 0.00354386316612363 0.00327154789119959 0.00224259801907465 0.00248995752772316 0.00162470574723557 0.00170874447794631 0.0018109091965016 0.00173357547610067 0.00184884084155783 0.00191483538364992 0.00248585552326404 0.00236390887293965 0.0029245953890495 0.00244248382514343 0.00298253488726914 0.00247899773530662 0.00193776376545429 0.00182766446960159 0.00204118121182546 0.00194707360351458 0.00196484801126644 0.00240373178385198 0.00337032894603908 0.00252195242792368 0.004787642438896 0.0037570099812001 0.00566941061988473 0.00142850179690868 0.00161072342307307 0.00186396957142279 0.00155675886780955 0.00126549380947836 0.00113750519813038
