Maxent_result_files_2/B_hortorum_2.asc
NCOLS 594 
NROWS 330 
XLLCORNER -15 
YLLCORNER 23 
CELLSIZE 0.166666666666667 
NODATA_value -9999 
[rows 200 to 219 of 330, columns 322 to 367 of 594]
0.0547873262315989 0.0468221688643098 0.0672232586890459 0.0546815566718578 0.0460831079632044 0.0350766165181994 0.0369100205600262 0.0583058565855026 0.0319241968914866 0.043853354267776 0.0344660283997655 0.0283629663288593 0.121737512946129 0.0650888312608004 0.0693773206323385 0.0711708568036556 0.0862622290849686 0.0741912413388491 0.0662810124456883 0.115108513832092 0.0839938178658485 0.0346759136766195 0.0780971325933933 0.0958089627325535 0.0629094857722521 0.0563980843871832 0.0450719390064478 0.0347311416640878 0.0312499035149813 0.0268978362902999 0.023748954385519 0.0191479621455073 0.0240682052448392 0.0150384869426489 0.0124844062142074 0.00981271038763225 0.00923505611717701 0.00682272487320006 0.00191340585588478 0.00204182002926245 0.00123626067652367 0.00144109423272312 0.00169607851421461 0.00112912875483744 0.00102488647389691 0.00100761803041678
0.0597672007977963 0.0634294539690018 0.0646997101604938 0.0607236601412296 0.0669134080410004 0.072060626372695 0.061497300863266 0.0504768142476678 0.056653830036521 0.0636987805366516 0.0960486996918917 0.0457961846143007 0.0805204406380653 0.0679404903203249 0.110225850343704 0.149756081402302 0.101782034337521 0.0989557847380638 0.078109985217452 0.0851221114397049 0.089164961874485 0.109237651526928 0.0965852431952953 0.0878429524600506 0.0784623228013515 0.060633360594511 0.0521746441721916 0.0409984823316336 0.0359674414619803 0.0304969048127532 0.0261471714824438 0.0330515597015619 0.0205749979242682 0.0167254167608917 0.0167109629139304 0.010258952062577 0.0138649958185852 0.0049787862226367 0.00806412780657411 0.00425017476081848 0.00306731538148597 0.00223057372495532 0.0019169628736563 0.00125349045265466 0.00126735614612699 0.00121895524207503
-9999 0.0299290135502815 0.0946362912654877 0.0677668303251266 0.0837853036820888 0.189195148646832 0.119547262787819 0.210933123528957 0.322474046051502 0.180652476102114 0.288444092869759 0.101794636249542 0.0795816347002983 0.0591101922094822 0.133807668834925 0.120871449261904 0.0712337017059326 0.0579045686870813 0.0971863746643066 0.0828893803060055 0.132333450764418 0.111569105088711 0.131959427893162 0.100274001061916 0.0871147394180298 0.0753308102488518 0.0847682110965252 0.0444873072206974 0.0502326596528292 0.0187237164005637 0.0465413648635149 0.0138310735113919 0.0242583408951759 0.0216813141480088 0.0207709496840835 0.0199626659974456 0.0110367998480797 0.00553344241343439 0.00564751080237329 0.00908798277378082 0.00346817735116929 0.00311937950318679 0.00251540694152936 0.00233224495314062 0.00315545427147299 0.00257386800367385
-9999 -9999 0.855254119634628 0.0656067930161953 0.186055983603001 0.314743191003799 0.305423626303673 0.740889137983322 0.321715915203095 0.324503472447395 0.349378937482834 0.349957555532455 0.300808809697628 0.267043504118919 0.126977392286062 0.122919698059559 0.140789153426886 0.110618346184492 0.116211556643248 0.0737471647560596 0.0719210501760244 0.0782746192067862 0.102193223685026 0.151258876174688 0.126070033013821 0.248929998278618 0.0855599127709866 0.0893401049077511 0.112574587762356 0.0491411190479994 0.0444412913173437 0.0322123249992728 0.0289636321365833 0.0248366883024573 0.0189727916382253 0.0175899568013847 0.0146169021725655 0.0095883880276233 0.00405975331086665 0.00355540339369327 0.00351511775515974 0.00292097626952454 0.00288369274931029 0.00391395357437432 0.00345340359490365 0.00268481146777049
-9999 -9999 -9999 -9999 0.218396893143654 0.210302777588367 0.330502080917358 0.150871783494949 0.65454780459404 0.397460389137268 0.849383932352066 0.635914236307144 0.374023190140724 0.521243405342102 0.239262680709362 0.120458696037531 0.0804728724062443 0.151185356080532 0.254632370173931 0.338033387064934 0.501108539104462 0.129774738103151 0.34927619099617 0.317785939574242 0.544870740175247 0.279613342881203 0.124459821730852 0.0974075324833393 0.0751385618001223 0.0709084197878838 0.0478206779807806 0.0395548472180963 0.0341146921738982 0.0323018493130803 0.0241971831768751 0.0206823196262121 0.01754917409271 0.0117945245467126 0.00490656725596636 0.0038892931304872 0.00388187600765377 0.00413381714606658 0.00395122792106122 0.00360358410980552 0.0039532573078759 0.00457798263523728
-9999 -9999 -9999 -9999 -9999 0.267855462431908 0.178995510935783 0.377412465214729 0.22878592312336 0.161433304846287 0.670121383666992 0.92617039680481 0.883809661865234 0.829154521226883 0.362441730499268 0.277097934484482 0.32075058221817 0.277770902216434 0.247843258082867 0.239755263924599 0.206956124305725 0.677359598875046 0.45720819234848 0.320847129821777 0.292634257674217 0.299001048505306 0.297039350867271 0.139112724363804 0.0950962200760841 0.107039593160152 0.0610473282635212 0.0485604416579008 0.0858294144272804 0.0571545578539372 0.0473131816834211 0.0586683515459299 0.0192540917545557 0.0371240036562085 0.0375509813427925 0.023850622586906 0.009693584125489 0.00598993818275631 0.00482218170072883 0.00448739549610764 0.00482953707687557 0.00376643571071327
-9999 -9999 -9999 -9999 -9999 -9999 0.922892421483994 0.162313960492611 0.24175540804863 0.367210158705711 0.534276404976845 0.528932482004166 0.919044017791748 0.862146759033203 0.820934587717056 0.877038985490799 0.632637804746628 0.750163578987122 0.669983220100403 0.36197903752327 0.384533029794693 0.709713608026505 0.608474367856979 0.487465026974678 0.43850771188736 0.406022092700005 0.150227834284306 0.0828625597059727 0.104539964348078 0.128668987751007 0.167607770860195 0.149296130239964 0.158131876587868 0.056016044691205 0.0471774447709322 0.0429211586713791 0.0635007753968239 0.0395088316872716 0.0329469403252006 0.0659189723432064 0.0327124573290348 0.0170143471099436 0.0158223238773644 0.00718927378766239 0.00576916984282434 0.0117102682590485
-9999 -9999 -9999 -9999 -9999 -9999 -9999 -9999 0.399794667959213 0.391331103444099 0.551521137356758 0.736630636453629 0.177264608442783 0.214680221676826 0.820547616481781 0.235123625397682 0.371242445707321 0.777407121658325 0.729737138748169 0.464936152100563 0.709472590684891 0.722795861959457 0.519422337412834 0.142405679821968 0.438732647895813 0.730549627542496 0.551030540466309 0.245866933465004 0.192721854150295 0.205139549076557 0.0576883029192686 0.0518359731882811 0.123378974944353 0.0499873988330364 0.0314300920814276 0.0389683380723 0.0691690176725388 0.0550288129597902 0.0472997806966305 0.0334278294816613 0.0311776299029589 0.0455322843044996 0.0846473574638367 0.0196019125171006 0.0325126705691218 0.00841419245116413
-9999 -9999 -9999 -9999 -9999 -9999 -9999 -9999 -9999 -9999 0.325263905525208 0.165806925296783 0.244899083673954 0.398732373118401 0.172475297749043 0.313475200533867 0.480592626333237 0.440625593066216 0.244936308264732 0.19968705624342 0.191077822446823 0.181921961158514 0.097762580960989 0.192842499911785 0.187147089838982 0.325211951136589 0.7150485932827 0.644868212938309 0.24705024510622 0.228206771612167 0.173442091792822 0.0743686202913523 0.0583827346563339 0.0866819448769093 0.111646740138531 0.0894347600638866 0.10793854445219 0.0529989000409842 0.0403027098625898 0.0813318990170956 0.0692463170737028 0.0934717141091824 0.0623490124940872 0.0667052257806063 0.016501198336482 0.0103022612631321
-9999 -9999 -9999 -9999 -9999 -9999 -9999 -9999 -9999 -9999 -9999 -9999 -9999 0.280954441428184 0.1813452064991 0.294932925701141 0.467145222425461 0.478406631946564 0.42532584965229 0.726505398750305 0.316207353770733 0.54772951900959 0.674958190321922 0.261650803685188 0.0910629760473967 0.124337178468704 0.135189709067345 0.160294545441866 0.853327958285809 0.570058536529541 0.19513204395771 0.205525301396847 0.0711912948638201 0.0847617320716381 0.0462425634264946 0.0820199698209763 0.0867020152509212 0.0478184912353754 0.0535812512040138 0.0413028426468372 0.0193482950329781 0.0200093720108271 0.0192361521534622 0.0131718850694597 0.0181674684397876 0.0144288768991828
-9999 -9999 -9999 -9999 -9999 -9999 -9999 -9999 -9999 -9999 -9999 -9999 -9999 -9999 0.999883908033371 0.1474768191576 0.225839446485043 0.354156810045242 0.867513787746429 0.399429038167 0.90366644859314 0.939596849679947 0.60558574795723 0.149100964516401 0.430824722349644 0.346330481767654 0.786486655473709 0.195613872259855 0.0799889206886291 0.126242896914482 0.544972229003906 0.644521176815033 0.271865013241768 0.259220296144485 0.123752936720848 0.0987410001456737 0.177758499979973 0.0835842743515968 0.0850442502647638 0.135149836540222 0.0501736290752888 0.0385124886408448 0.0407359290868044 0.0430495934560895 0.0404347093775868 0.0635595805943012
-9999 -9999 -9999 -9999 -9999 -9999 -9999 -9999 -9999 -9999 -9999 -9999 -9999 -9999 -9999 -9999 0.99991307258606 0.11115493029356 0.258373735845089 0.466685497760773 0.420965579152107 0.863036859035492 0.986860537528992 0.885752058029175 0.333138394355774 0.231400972604752 0.471548104286194 0.340242069959641 0.504104682803154 0.673153427243233 0.153746730089188 0.15836964994669 0.163649882376194 0.251494355499744 0.0775981146842241 0.256327341496944 0.351340961456299 0.285088314116001 0.29560112953186 0.523955821990967 0.416027370095253 0.125066583603621 0.103057633340359 0.108307772874832 0.268798054754734 0.112164948880672
-9999 -9999 -9999 -9999 -9999 -9999 -9999 -9999 -9999 -9999 -9999 -9999 -9999 -9999 -9999 -9999 -9999 0.264929819107056 0.230302713811398 0.128956516087055 0.14627732411027 0.20805791914463 0.363974475860596 0.274502028524876 0.184498623013496 0.175810889899731 0.470321625471115 0.324816882610321 0.428671184182167 0.359958669543266 0.388421714305878 0.353934323787689 0.404083958268166 0.482594269514084 0.222580905258656 0.527760511636734 0.194985000789166 0.543875861167908 0.223317822813988 0.227396607398987 0.204807816445827 0.0847288854420185 0.179416379332542 0.266070139408112 0.11207438185811 0.138362938165665
-9999 -9999 -9999 -9999 -9999 -9999 -9999 -9999 -9999 -9999 -9999 -9999 -9999 -9999 -9999 -9999 -9999 0.988417184352875 0.0801640953868628 0.0899182140827179 0.059300633892417 0.061033895984292 0.0716223433613777 0.0804734636098146 0.0938284881412983 0.142107053846121 0.535897099971771 0.365310591459274 0.199792490899563 0.367696875333786 0.208548000454903 0.297010281682014 0.52478075325489 0.368847984075546 0.497072517871857 0.519148856401443 0.453213739395142 0.133488607406616 0.607925087213516 0.175129573047161 0.251660990715027 0.386608636379242 0.109577071666718 0.304131335020065 0.21269973218441 0.140246047079563
-9999 -9999 -9999 -9999 -9999 -9999 -9999 -9999 -9999 -9999 -9999 -9999 -9999 -9999 -9999 -9999 -9999 -9999 0.0444252997636795 0.0877114307135343 0.0646398242563009 0.0585928928107023 0.0559485096484423 0.045441473275423 0.14243126064539 0.115534720569849 0.0725520458072424 0.112188527733088 0.235317341983318 0.152666662633419 0.154606822133064 0.151155824959278 0.203596988320351 0.246159255504608 0.246084655821323 0.240992997586727 0.230385734140873 0.163005095720291 0.115356083959341 0.0642107330262661 0.0551256958395243 0.348060631752014 0.240153473615646 0.289661806821823 0.0912481606006622 0.0675030156970024
-9999 -9999 -9999 -9999 -9999 -9999 -9999 -9999 -9999 -9999 -9999 -9999 -9999 -9999 -9999 -9999 -9999 -9999 0.530700248479843 0.0925152212381363 0.0699145000427961 0.0908169083297253 0.103075049072504 0.0973708987236023 0.280747163295746 0.115711909532547 0.0911346808075905 0.10800332352519 0.130423985421658 0.139382632821798 0.131771259009838 0.157122269272804 0.194448101520538 0.132299616187811 0.212544995546341 0.159893605113029 0.159055668115616 0.195859268307686 0.175595232844353 0.0559750381857157 0.0627851206809282 0.113238837569952 0.0480364689603448 0.0377818206325173 0.234692689776421 0.28665619045496
-9999 -9999 -9999 -9999 -9999 -9999 -9999 -9999 -9999 -9999 -9999 -9999 -9999 -9999 -9999 -9999 -9999 -9999 -9999 0.0706459980458021 0.181149791181087 0.361908683180809 0.490877643227577 0.833772724866867 0.780191397666931 0.472181785106659 0.627911520004272 0.285418759286404 0.281256321072578 0.441740038990974 0.335797545313835 0.323287642002106 0.492661142349243 0.106959850341082 0.19830417484045 0.341312304139137 0.0824349086731672 0.149087576568127 0.170331063866615 0.118107223510742 0.0837157398462296 0.0641779638826847 0.0859217621386051 0.0552386399358511 0.106584767997265 0.03341322876513
-9999 -9999 -9999 -9999 -9999 -9999 -9999 -9999 -9999 -9999 -9999 -9999 -9999 -9999 -9999 -9999 -9999 -9999 0.994078624248505 0.339682799577713 0.709221297502518 0.819664633274078 0.769902956485748 0.659481602907181 0.555514371395111 0.560038959980011 0.526942285895348 0.389300829172134 0.509666526317596 0.506401136517525 0.482709541916847 0.526673698425293 0.499279528856277 0.37942006289959 0.253291833400726 0.193247193098068 0.268730562925339 0.211207564175129 0.0218164023011923 0.0281437467783689 0.035564624145627 0.0366927506402135 0.0330813016742468 0.0809583954513073 0.0806444004178047 0.0528850268572569
-9999 -9999 -9999 -9999 -9999 -9999 -9999 -9999 -9999 -9999 -9999 -9999 -9999 -9999 -9999 -9999 -9999 0.999148428440094 0.389743918180466 0.208062863349915 0.595761066675186 0.515391370654106 0.48600033223629 0.746921443939209 0.473330765962601 0.584853023290634 0.475472185015678 0.707052302360535 0.431403627991676 0.242526660859585 0.359575673937798 0.430827727913856 0.362563526630402 0.211629708111286 0.152319907397032 0.140659810602665 0.0898535832762718 0.0856129497289658 0.0457534689456224 0.0392960384488106 0.040384228900075 0.0454821854829788 0.0585859410464764 0.0571882758289576 0.0272321308031678 0.0354799745604396
-9999 -9999 -9999 -9999 -9999 -9999 -9999 -9999 -9999 -9999 -9999 -9999 -9999 -9999 -9999 -9999 -9999 0.17658688724041 0.423454749584198 0.899939566850662 0.96037745475769 0.798617261648178 0.619864332675934 0.519996729493141 0.5385079652071 0.539376616477966 0.530942416191101 0.422743031382561 0.11781947016716 0.298264673352241 0.304667267203331 0.310851643979549 0.364558628201485 0.165981714427471 0.0643153496086597 0.0529389478266239 0.0393211413174868 0.0333842983469367 0.0420009318739176 0.0273193299770355 0.0171473423019052 0.013060843013227 0.0209347332827747 0.0220408821478486 0.12312123849988 0.0731319256126881
