Maxent_result_files_2/B_hortorum_3.asc
NCOLS 594 
NROWS 330 
XLLCORNER -15 
YLLCORNER 23 
CELLSIZE 0.166666666666667 
NODATA_value -9999 
[rows 100 to 119 of 330, columns 414 to 459 of 594]
0.0111954605206847 0.00108162854448892 0.000379715350572951 0.000611543317791074 0.00262858726782724 0.0017649074899964 0.00449246156495064 0.0113155697472394 0.00467921341769397 0.00239955222932622 0.00512901297770441 0.00181123591028154 0.00179754409473389 0.00335273509845138 0.000257615640293807 0.000538482682895847 0.000378563106642105 0.000394703383790329 0.000314355615410022 0.000388276025478262 0.000187555888260249 0.000309563608607277 0.000439417047891766 0.00178394084796309 0.00363223552703857 0.00490857099648565 0.00912380847148597 0.0142991024069488 0.00440336959436536 0.00945711508393288 0.0107675916515291 0.0137772226706147 0.016572571080178 0.00434264300856739 0.00743892397731543 0.000512646420975216 0.000420059697353281 0.00140079638222232 0.000252391133108176 0.000339907791931182 0.000371672792243771 0.00028461083129514 0.000239685758424457 0.000164251605747268 7.61217961553484e-05 0.000126592997548869
0.0060368285048753 0.00323705109767616 0.00528622237034142 0.0019109740271233 0.00153686710400507 0.0046474568080157 0.00421225528698415 0.00133071733289398 0.00364191550761461 0.00457030832767487 0.00413475455716252 0.00140754000749439 0.00152874834602699 0.000368493820133153 0.000536929041845724 0.000273699185345322 0.00086669095326215 0.000330139126162976 0.000242314484785311 0.000390255119418725 0.000423754498478956 0.000195067230379209 0.00178954828297719 0.00301836711587384 0.00316161554073915 0.0151598216034472 0.0119405521079898 0.0249344307929277 0.0157528139650822 0.00570168802514672 0.0016949026263319 0.00363573699723929 0.0846431534737349 0.016941815149039 0.00578429945744574 0.000983091414673254 0.000342122618167195 0.00133756960276514 0.0003289395433967 0.000176719736191444 0.000639785948442295 0.000315966566267889 0.000143297728209291 0.000230509557877667 0.00027892467478523 0.000197610180475749
0.00848176395520568 0.00480576341506094 0.00604660171084106 0.0037797789555043 0.00485826036892831 0.00699712340719998 0.000619146617827937 0.000261584539839532 0.000340693561884109 0.000801415130263194 0.00106311567360535 0.000139326647331472 0.000675003550713882 0.000606406552833505 0.000377925889915787 0.000275739669450559 0.000394695607246831 0.000273625248519238 0.000426905727363192 0.000750390579923987 0.000544356578029692 0.000293914791836869 0.00131699376506731 0.00225697627756745 0.00111967388656922 0.00267491264967248 0.0099259439855814 0.0147038661874831 0.0151228941045702 0.0169459791854024 0.0117977250367403 0.0159162695519626 0.00653921822085977 0.0155455552972853 0.00414902826305479 0.000778379198163748 0.000480700537445955 0.000638561975210905 0.000379161664750427 0.000368989800335839 0.00020360497146612 0.000300511132809334 0.000152997200348182 0.000519254579558037 0.000256785858073272 0.00014449235968641
0.00147622809745371 0.00132213892647997 0.00112375582102686 0.000983901304425672 0.00133711491944268 0.00227494818391278 0.000695992607506923 0.000818688975414261 0.000676886629662476 0.000979429762810469 0.000688143449951895 0.000858506886288524 0.000342001896933652 0.000285812512447592 0.000497458994504996 0.000248392183857504 0.000396157486829907 0.000399716739775613 0.00014687747170683 0.000331944030767772 0.000328027477371506 0.000306824904691894 0.000338703180023003 0.00201621996238828 0.00204174300888553 0.00652576955035329 0.00174655312439427 0.00487619100604206 0.00332516676280648 0.0071105417329818 0.0262636825442314 0.015228620544076 0.0129263519775122 0.0222711520269513 0.00720474030822515 0.000561993426526897 0.000320331013062969 0.000771908386377618 0.000257029035128653 0.000153129490354331 0.000238948795595206 0.000242853151576128 0.000615713302977383 0.000230002819444053 0.000591408769832924 0.000756129127694294
0.0022067234152928 0.00841697566211224 0.00767843700014055 0.00365561370272189 0.00458423525560647 0.00204124733572826 0.00135462948237546 0.000247929157922044 4.98203583447321e-05 0.000293640235031489 0.000143215392017737 0.00111873347195797 0.00022597781062359 0.000954923086101189 0.00157498611370102 0.000981575256446376 0.000787957810098305 0.0002193764958065 0.000212247838499025 0.000509257850353606 0.000921701453626156 0.000481408761697821 0.000491184429847635 0.000958632654510438 0.00163677977398038 0.00209991601295769 0.00307538053020835 0.00169424524065107 0.00837948876433075 0.0173910613171756 0.0287892578169703 0.0262431584298611 0.0498094296082854 0.00503336447291076 0.0012015191372484 0.000575056858360767 0.00065785672632046 0.000605840655043721 0.000368288377649151 0.000167003773094621 0.000113751800381579 0.000194863168871962 0.000141687592258677 0.000435193197336048 0.000135003077593865 0.00188172037014738
0.000973028677981347 0.00230663513066247 0.00228567614685744 0.00532437851652503 0.00386482933536172 0.00058267937565688 0.00180378392105922 0.000287162602762692 0.000172557939731632 0.000121865351320594 0.00140847685397603 0.00118845753604546 0.00255073959706351 0.00154275289969519 0.00576090915128589 0.00163996435003355 7.79354588303249e-05 4.74793481771485e-05 0.00066210214572493 0.000337170867715031 0.000622623096569441 0.000570824820897542 0.000301355303963646 0.000400932796765119 0.000747464585583657 0.00413369515445083 0.00934945093467832 0.00330982557497919 0.00596160120330751 0.00652163485065103 0.0165337157435715 0.00174130145460367 0.00624169688671827 0.00345490023028105 0.000586357401334681 0.000577363520278595 0.000230752126662992 0.000237665988970548 0.000287294136069249 0.000191182411072077 0.000587808273849078 0.000123102501675021 0.000179348878737073 8.39136922877515e-05 0.000136636312527116 0.000154129156726412
0.00421049720607698 0.0119400097988546 0.00185543765546754 0.000610030238749459 0.00223494134843349 0.00135474907583557 0.00503720655106008 0.000667426901054569 0.000942408334231004 0.000250317789323162 0.000556055223569274 0.000484077003784478 0.000213240679295268 0.000741851289058104 0.000258694308286067 0.00103783856029622 8.78036655194592e-05 0.00147428639465943 0.000195625438936986 0.000324841722613201 0.000267734973749612 0.000315677888283972 0.000753794109914452 0.00059057641774416 0.00108287098701112 0.00853187888860702 0.00686173075810075 0.00734794978052378 0.00193685096455738 0.00752568617463112 0.0123586532659829 0.00432632518932223 0.000759529898641631 0.00217704069800675 0.00145510298316367 0.000352555181598291 0.000904053461272269 0.000177795674244408 0.000262388927512802 0.000125514661340276 0.00022956177854212 3.33321984726354e-05 0.000879957439610735 7.81637070758734e-05 5.35819170181639e-05 0.000264377245184733
0.0026047425926663 0.00587178324349225 0.00557689913548529 0.0028306397376582 0.00390548661816865 0.0114958469755948 0.000174757195054553 0.00116321129607968 0.000329823546053376 0.000339666193758603 0.000194191884656902 0.000581870388123207 0.000524415748077445 0.0175794018432498 0.000239532507839613 0.000307649014575873 0.00119262883090414 0.000787122861947864 0.000106737612804864 7.56116776756244e-05 0.000225057534407824 0.00101661971420981 0.00103836311027408 0.000281042573624291 0.000602482008980587 0.00276058779563755 0.00934629207476973 0.00569809963926673 0.000713040574919432 0.0024597002658993 0.00459839755203575 0.00592453014105558 0.00052103960479144 0.00148275417741388 0.000594470091164112 0.000344162742840126 0.000773113762261346 0.000162659212219296 0.000246384298952762 0.000130405145318946 5.49561613297556e-05 9.16451022931142e-05 0.000132060827309033 0.000100991408180562 7.43184495149762e-05 0.000315037994005252
0.0014955805032514 0.00216213908279315 0.00521578548941761 0.00712505532428622 0.00282974241999909 0.00600924785248935 0.000607257839874364 0.000322056890581734 0.00101598467445001 0.000842177594313398 0.000693384220357984 0.000541113017243333 0.000443631206871942 0.00281823899131268 0.00150186474784277 0.00163616003701463 0.000192838258226402 8.92022930202074e-05 0.000223085256584454 0.000327728179399855 0.000264275560039096 0.000195350743888412 0.000535639267764054 0.000577086981502362 0.000289622653508559 0.00208154596621171 0.003264300362207 0.00623416327871382 0.00638471092097461 0.00410010255873203 0.0117755424231291 0.00509447520598769 0.000837057770695537 0.00199161134660244 0.000654874026076868 0.000230607007688377 0.00211940942099318 0.000325736623199191 0.000283595691144001 0.00051780792127829 0.00012636390820262 0.000134970571525628 0.000132111732091289 2.31554896345187e-05 0.00013708213227801 0.000175847571517806
0.00267292920034379 0.00385306705720723 0.00356410013046116 0.0046731456881389 0.00143281817436218 0.00273507671663538 0.00953890257515013 0.00126712275086902 0.00108700704877265 0.000896127463784069 0.00147932077525184 0.000558913359418511 0.00222699724836275 0.00147356253582984 0.000822891958523542 0.00767971323803067 0.00117295928939711 0.00103456062497571 0.00148184793652035 0.000124161482381169 0.00015902619343251 0.000393780911690556 0.000245048911892809 0.000610533182043582 0.000692340236855671 0.00449820009525865 0.00897644241340458 0.0107771394774318 0.00711222682148218 0.00445235201623291 0.00577426049858332 0.0034657274838537 0.00192527519538999 0.00105438919272274 0.000523106259061024 0.000439777053543366 0.000272381442482583 0.000176918022771133 0.000136130944883917 0.000421874615130946 9.59741832048167e-05 0.000210144765151199 0.000147673121682601 0.000118629838107154 2.72464669251349e-05 8.50214197271271e-05
0.00242113864514977 0.0215171428397298 0.00367070203647017 0.00525130601599813 0.0013952944020275 0.00264388791983947 0.00152766334358603 0.00142693443922326 0.00121398842893541 0.00102723526651971 0.00341222523711622 0.00279537480091676 0.000414319580886513 0.00209658012026921 0.001758965884801 0.00132655284251086 0.00116732880123891 0.00442336751148105 0.00295947171980515 0.000319721741834655 0.000339203354087658 0.000339099820121191 0.00033131814270746 0.000558725232258439 0.000748425658093765 0.000583165333955549 0.00613781209103763 0.00930117275565863 0.00291188657283783 0.00149946248857304 0.00470123148988932 0.0303367498330772 0.00328807954210788 0.00164915021741763 0.000465579214505851 0.000276298890821636 0.000214512333332095 0.000391425218549557 0.000153870926442323 4.62884487205884e-05 0.000161945501167793 0.000151653311331756 0.000160991231678054 0.000101807008468313 0.000170400463684928 0.000185099657392129
0.00461943258997053 0.0062410868704319 0.00423877309076488 0.00265581998974085 0.00653465092182159 0.00139110742602497 0.00157700510462746 0.00168263692175969 0.00135096606099978 0.00117636684444733 0.000915208167862147 0.000753222953062505 0.00296830590814352 0.00127997080562636 0.00109491627081297 0.00511782092507929 1.62435576953612e-05 0.0010746689629741 0.00032871889998205 0.000485205653239973 0.000334472907707095 0.000344978785142303 0.000388934666989371 0.000416149743250571 0.000340552313718945 0.000705609330907464 0.000643674490856938 0.000539414686500095 0.00191636566305533 0.000727565330453217 0.00110133178532124 0.00677200681529939 0.00420177089981735 0.00105308910715394 0.00053822019835934 0.000365944454097189 0.000277547331643291 0.00020928016747348 7.92504775745328e-05 0.000153568766836543 0.000115368232218316 0.000923823058838025 0.00113859297707677 0.000174168676312547 3.19109722113353e-05 3.04280809359625e-05
0.00538720863405615 0.00270220078527927 0.00299476016080007 0.00862214756198227 0.00594880753196776 0.00246021398343146 0.00486418106593192 0.00163043022621423 0.00165742880199105 0.00132990865968168 0.00109949651523493 0.000901158701162785 0.000562131032347679 0.000630181300221011 0.00123686434235424 0.000263338434160687 0.00085116479313001 0.000498528513708152 0.000856617779936641 0.000323274949914776 0.00153807052411139 0.00139749121153727 0.000458642159355804 0.000368342525325716 0.000499023604788817 0.00105207396554761 0.000448526773834601 0.00164387450786307 0.00141131562995724 0.00218957087490708 0.000655240734340623 0.00194912137230858 0.00117742953589186 0.00117744168965146 0.000818093499401584 0.000529402011306956 0.000378783902851865 0.000261800533917267 0.0016517290729098 0.000210815700120293 0.000128097068227362 0.000226264660886955 0.000152395531767979 0.000392059781006537 0.000385963002918288 0.000441804635920562
0.0058005303144455 0.00321250595152378 0.00288076766300946 0.00533379400148988 0.0063062503002584 0.00474695102311671 0.0079072829335928 0.00434980669524521 0.00437346524558961 0.00438313821796328 0.0031592812621966 0.00521184308454394 0.00210853945463896 0.00202032369561493 0.000395002090954222 0.000533314619679004 0.000316249381285161 0.000345943137654103 0.0017761780298315 0.000269617172307335 0.000357595481909811 0.00361258834600449 0.000827057822607458 0.000499260105425492 0.000429417582927272 0.000412456167396158 0.00073758228099905 0.00294563916977495 0.00050518701900728 0.000858992472058162 0.000979989371262491 0.00118104834109545 0.00150676192715764 0.001233091566246 0.000959936698200181 0.000606000662082806 0.000483398689539172 0.000108452008862514 0.000760178593918681 0.000554281458607875 0.000206786884518806 0.000266689089767169 0.000243106517882552 0.000231033787713386 0.000555008230730891 0.000766934268176556
0.00579911936074495 0.00427584371063858 0.00289232828654349 0.00528565663844347 0.00227745614247397 0.00657460857182741 0.00440600332804024 0.00383182452060282 0.00341990212909877 0.00559359996113926 0.00267613041214645 0.000499514289549552 0.00479318422731012 0.000404542972682975 0.000687102950178087 0.000158227143401746 0.000702352606458589 0.000459487873013131 0.000424202386057004 0.000374271391774528 0.00189678947208449 0.0017978320363909 0.00121161659481004 0.000233262176334392 0.000325476052239537 0.000580288277706131 0.00163858979940414 0.00249060275964439 0.000620275744586252 0.00332468801643699 0.000536203096271493 0.000892011204268783 0.00143897902453318 0.00242860619910061 0.00453528659418225 0.0012181346246507 0.000594432096113451 0.00043235243356321 0.000969464052468538 0.000692586705554277 0.00184699412202463 0.0012550714367535 0.000657769656390883 0.000250484644493554 0.000182208379555959 0.000237254395324271
0.00141135298181325 0.00456618387252092 0.00552504095248878 0.0022642252384685 0.00206503724912181 0.00478623502422124 0.00215441858163103 0.00455751477275044 0.00653835660777986 0.00398998879827559 0.00585168343968689 0.00302855765912682 0.00756993610411882 0.00277010900899768 0.0018251956673339 0.000730912643484771 0.0017003899673 0.00194944622926414 0.0010090010240674 0.000394836877239868 0.000409886086708866 0.000583908657426946 0.00112620276631787 0.000595716340467334 0.00081119469832629 0.000412656980915926 0.000484342401614413 0.000857279158663005 0.000518068391829729 0.000650967977708206 0.000832709908718243 0.000882687297416851 0.00137840179959312 0.000874764393665828 0.00368310743942857 0.000982845522230491 0.000522947782883421 0.000505356516805477 0.000444076673011296 9.76407718553673e-05 0.00136119116214104 0.000263558597362135 0.00284229123499244 0.000741823739372194 0.000992117245914415 0.000677349377656355
0.00609314036555588 0.00539078861474991 0.00577733335085213 0.00417747588362545 0.00232315595494583 0.00255069952690974 0.00358074924442917 0.00690293521620333 0.0102583957836032 0.00655591362155974 0.00983222764916718 0.0029051668709144 0.0048060999950394 0.003456567437388 0.00460267560556531 0.0018172224634327 0.000620552129112184 0.000530097278533503 0.000495671239332296 0.000421865686075762 0.000356073421426117 0.000797649333253503 0.000325288306339644 0.00729930344969034 0.000787913694512099 0.000369480848894455 0.000440565613098443 0.000490541683393531 0.000467388992547058 0.000499437667895109 0.000703494294430129 0.00081336788716726 0.00105023250216618 0.00121799227781594 0.000284031983028399 0.00792328724637628 0.00380678796209395 0.000543782438035123 0.00712463471572846 0.0721169089898467 0.000383342828718014 0.000449673956609331 0.00156635089078918 0.0014976009610109 0.000297203035734128 0.000273215434572194
0.00250298057217151 0.00489584349561483 0.00440094515215605 0.00225345946382731 0.0034376640804112 0.00623051626607776 0.0064775007776916 0.00552131729200482 0.0281053587794304 0.00787551053799689 0.00697512649931014 0.00803600288927555 0.0060933674685657 0.00283813390415162 0.00374120348133147 0.00190957786981016 0.000714244885602966 0.000632376119028777 0.000557597007718869 0.000490466522751376 0.000435202522203326 0.00161254610866308 0.000254542613402009 0.000373794126790017 0.000368307810276747 0.00323765606153756 0.000269475257664453 0.000407706343685277 0.000420456228312105 0.000443252091645263 0.000524252190371044 0.000769306643633172 0.0011126899451483 0.00131470968481153 0.00314624314196408 0.00369170543272048 0.00166558003984392 0.000530806905589998 0.000308235792908818 0.000418527208967134 0.00048561102594249 0.00175533153815195 0.000959682342363521 0.00167231030063704 0.00136155097279698 0.000520943498122506
0.00481193417217582 0.00697554955258965 0.00555817447602749 0.00518250705208629 0.00614887746050954 0.0102406185586005 0.00846869023516774 0.143318338505924 0.0189745524898171 0.00611271841917187 0.00383881242014468 0.00368118728511035 0.000936387456022203 0.00218028615927324 0.00694243356119841 0.00342656411230564 0.000718764451448806 0.000774340803036466 0.00060251709073782 0.00171495476388372 0.00203793982509524 0.000587407703278586 0.000270921416813508 0.00191523146349937 0.000378955667838454 0.000355226872488856 0.00170848108828068 0.000384831652627327 0.000429666359559633 0.000504211231600493 0.000986362679395825 0.000852680235402659 0.00106131616630591 0.00132958089234307 0.00222773890709504 0.00164616273250431 0.00281400075182319 0.000666356983128935 0.00043820692517329 0.00211936499690637 0.00198485570726916 0.000684093812014908 0.00616658171638846 0.00162607431411743 0.000293605829938315 0.0012224814388901
0.00248410062631592 0.00463875471614301 0.00374805657193065 0.00141951917321421 0.0114310923963785 0.00648520267568529 0.00675420379266143 0.0126974777318537 0.0142714530229568 0.0114575679413974 0.00138089847750962 0.00590231718961149 0.00504817708861083 0.00717847303021699 0.005218835035339 0.00260663267690688 0.00218854997074232 0.0012721162464004 0.000900783517863601 0.00158719264436513 0.000459602448972873 0.000903713266598061 0.000776950363069773 0.00179326372453943 0.000414147137780674 0.000382945375167765 0.000344327779021114 0.000368429126683623 0.000562061934033409 0.000958412734325975 0.000712048838613555 0.000906111102085561 0.00108695653034374 0.0014471688773483 0.00449964818544686 0.0018545157276094 0.00231132750632241 0.00203077254118398 0.00163593175821006 0.000561350531643257 0.000770225492306054 0.000382835653726943 0.00156634513987228 0.000359978250344284 0.000335464734234847 0.000277106129215099
