Maxent_result_files_2/B_hortorum_3.asc
NCOLS 594 
NROWS 330 
XLLCORNER -15 
YLLCORNER 23 
CELLSIZE 0.166666666666667 
NODATA_value -9999 
[rows 160 to 179 of 330, columns 368 to 413 of 594]
0.000661938029224984 0.000639611293445341 0.000579318107338622 0.000398802176641766 0.000600749254226685 0.00071884862263687 0.000537006912054494 0.000823935278458521 0.000649428405449726 0.00103764014784247 0.00118092863704078 0.000338462385116145 0.00084124768327456 0.000197045471577439 0.00053281789587345 0.00036923963270965 0.000381212875072379 0.000245604934025323 0.000226391252363101 5.89080619647575e-05 1.64074165923012e-05 1.92649702967174e-05 2.4399536096098e-05 2.80261556326877e-05 3.00472976505262e-05 0.000138315025469637 0.000320343908970244 2.86088113625738e-05 2.89634022919927e-05 0.000258052156277699 8.57629113113489e-06 0.00031167566194199 0.000486777714104392 0.000154332992315176 4.0123375629264e-05 2.70525959876977e-05 3.02820455544861e-05 8.65830817929236e-05 2.4241709047601e-05 2.53503860903947e-05 1.5598224445057e-05 2.2866324206916e-05 5.5364590298268e-05 5.95641362451715e-05 0.000195701941629522 5.12854817316111e-05
0.00183107240009122 0.000611120046232827 0.000497003440978006 0.000320119944808539 0.00107769703026861 0.00079668318212498 0.000935047512757592 0.000869472717749886 0.00112463853729423 0.000545915671682451 0.000282176616747165 0.000988008311833255 0.000216110362089239 0.000404083082685247 0.000200187756126979 0.000456240806670394 0.000181264257116709 2.89544558654597e-05 2.80555652807379e-05 1.81742605491309e-05 1.67662999501772e-05 1.52185891010959e-05 1.94706898810182e-05 2.0775908478754e-05 0.000111084108903015 2.64720270024554e-05 2.78463542144891e-05 0.000143952453800011 0.000275404244894162 0.000311130199406762 0.000397301602788502 0.00011675278765324 2.36839955050527e-05 9.28291570744477e-05 2.22780633976072e-05 2.29964929985726e-05 2.10449534279178e-05 1.82816666210783e-05 1.47908346434633e-05 1.47655012369796e-05 8.06349264166784e-05 1.3580876384367e-05 1.41407930641435e-05 7.57051996515656e-05 2.72026998345609e-05 4.82277125229302e-05
0.00131350580486469 0.00109595488174818 0.000769188415142708 0.000656042451737449 0.0003371608137968 0.000760726659791544 0.000708532106364146 0.000200024127479992 0.000485875702725025 0.000717442226596177 2.5207599173882e-05 7.74642121541547e-05 4.88644262077287e-05 5.08069918396359e-05 4.64741780888289e-05 6.18301487520512e-05 3.60915468263556e-05 3.0789104903306e-05 0.000139487125670712 8.62730554445079e-06 1.51247772237184e-05 1.43859675517888e-05 1.44865674656103e-05 1.60901638082578e-05 1.95610607534036e-05 2.02059238972652e-05 0.000288596479367698 0.000289068414349458 0.000164402676819009 0.000164421884255717 8.53693833050784e-05 3.1579099368173e-05 2.23177831685462e-05 2.19859191020078e-05 1.69556086348166e-05 1.82834799716147e-05 9.06811625327464e-06 1.7153187400254e-05 1.51195169109997e-05 1.46341860499888e-05 2.14255116134154e-05 1.2096038767595e-05 1.29231760638504e-05 1.10183328501989e-05 8.51250545110815e-06 4.05418021500736e-06
0.000678353221155703 0.00081594830553513 0.000234830696354038 0.000185972108738497 0.000524249761656392 0.000427203241270035 1.86744201073452e-05 0.000122652691788971 0.000338625036238227 3.62992964255682e-05 5.82377248065313e-05 4.35493166150991e-05 4.45735850007623e-05 4.79302580970398e-05 7.63837402701029e-05 0.000176449982245686 4.24271642259555e-05 3.16142166411737e-05 2.41490446569514e-05 1.82329078370458e-05 1.80674966259176e-05 0.000185131430407637 1.67300661587433e-05 1.7518789445603e-05 1.73554913999396e-05 6.58274548186455e-05 0.000161811580073845 0.000132183612367953 0.000123164587057545 0.000171883819712093 1.47198664535608e-05 1.55194599074093e-05 1.67935000035868e-05 1.65296465411302e-05 1.47424845181376e-05 1.35650783704477e-05 1.44826551832011e-05 1.28770545416046e-05 1.35947374019452e-05 1.27891711258599e-05 4.93721815018944e-05 1.04465241861362e-05 9.97863442080415e-06 1.08285673718456e-05 1.10773105348017e-05 9.43852418231472e-06
0.000854497407271992 0.000208305661362829 0.000741045652830508 0.000562036759220064 0.000607269047759473 0.00036584023910109 3.30429156292666e-05 0.000367467270552879 2.35744792917103e-05 3.3030572512871e-05 4.06540084441076e-05 2.33761621529993e-05 5.16587716447248e-05 2.76647944247088e-05 5.80053893827426e-05 5.23057110513037e-05 4.06009771722893e-05 2.96331350455148e-05 2.54880811553448e-05 0.000106305609187984 0.000147058130642108 0.000197222660062835 1.7887530839289e-05 9.70685374568347e-06 2.17332956253813e-05 1.91434496173315e-05 6.70090104904375e-05 2.13626040931558e-05 0.00027584208510234 0.000183713422120491 1.64101697464503e-05 9.04832079413609e-06 2.66508420281752e-05 1.34809159590077e-05 1.2659280673688e-05 1.19364388069698e-05 1.20516755600875e-05 1.12241965666726e-05 1.05222423599116e-05 1.02568053648611e-05 1.19327386414625e-05 1.16982051963532e-05 1.02097414469426e-05 8.87126890347645e-06 1.04876349723781e-05 1.1723507645911e-05
0.00103522173740203 0.00033931461875909 6.48364690277958e-05 0.000734614908287767 0.000657175910600927 0.000129218517395202 3.14799962325196e-05 2.83559795207111e-05 2.59413064213732e-05 3.00361435165541e-05 3.92045924854756e-05 5.14175430907926e-05 6.21115964349883e-05 6.40273110548151e-05 0.000269415484945057 5.0281615312997e-05 4.12420432439831e-05 3.17239838750538e-05 3.90291835628886e-05 8.38272775581572e-05 2.42733119193872e-05 8.54048441397026e-05 2.10587552373909e-05 3.15972352382232e-05 2.31796665957518e-05 2.33576130995061e-05 3.50811351381708e-05 2.16551352195893e-05 0.000171103972024866 1.82180975343726e-05 1.9163919159837e-05 1.91722217550705e-05 1.98758011492828e-05 1.63122112553538e-05 1.46160764188608e-05 1.45475045655985e-05 1.35638589540576e-05 1.22423193033683e-05 1.1162951022925e-05 1.00723659443247e-05 9.71518769574686e-06 9.86200092256695e-06 1.06077526424997e-05 1.05733998452706e-05 1.17633139552709e-05 1.12304362005489e-05
0.000339815604093019 9.0163288768963e-05 4.85140684759244e-05 9.76227174760425e-05 0.000108671820271411 5.36222603841452e-05 4.04953211727843e-05 3.33011289512797e-05 3.23158097671694e-05 4.06034226216434e-05 4.45394328380644e-05 5.08870509293047e-05 6.74154285661643e-05 7.76408263845951e-05 6.63554551465495e-05 4.96614791700267e-05 4.16839143326797e-05 3.57252896719729e-05 2.85841662844177e-05 2.56465210441093e-05 2.40990739712288e-05 2.1686739796678e-05 1.14713210336959e-05 2.25595264055301e-05 2.72082993433287e-05 2.50149722887727e-05 3.06148816889618e-05 2.52594309586129e-05 8.08748302915774e-05 0.000142271530057769 2.30265042773681e-05 2.10188162100167e-05 2.06990133619911e-05 1.78044173026137e-05 1.82804285486782e-05 1.5546831946267e-05 7.01202669915801e-05 1.2434554560059e-05 9.49452283975916e-06 1.13435070261403e-05 1.02222474083646e-05 1.09109068489488e-05 1.21757839451675e-05 5.78976346332638e-06 1.17158689590724e-05 1.04063701996893e-05
0.000399011636909563 0.000113349398816354 0.000122512628149707 0.00253267528023571 0.000149041801341809 7.22357663107687e-05 5.2946749565308e-05 4.476842486838e-05 4.16783881519223e-05 5.03569920510927e-05 8.46653992994106e-05 3.15707460231351e-05 6.91489131895651e-05 7.45593502870179e-05 6.42646812593739e-05 5.04547974742309e-05 3.73914082047122e-05 3.01356445106649e-05 2.64207895725122e-05 2.40790776388167e-05 2.1258448032313e-05 2.09155991797161e-05 2.22579036517345e-05 2.29242940122276e-05 2.26304436864666e-05 2.78786038961698e-05 2.90576605493698e-05 2.40809487877414e-05 2.33746964340753e-05 8.94751975465624e-05 0.000193511153338477 2.6895400696958e-05 2.10551329928421e-05 2.02125832402089e-05 1.65493964914276e-05 1.49969483345558e-05 1.55274111648396e-05 1.24276450947036e-05 1.16687589638786e-05 1.11825602857607e-05 8.29497912491206e-05 1.33351387603398e-05 1.06662148255054e-05 1.12535729385854e-05 1.19791915949463e-05 1.06782378679782e-05
0.000127375580632361 0.000124208429042483 0.000119795175669424 0.000129566196119413 9.68549722529133e-05 7.26308342564153e-05 5.34417973540258e-05 4.17678142184741e-05 3.81277182896156e-05 4.23720441176556e-05 6.02917455580609e-05 7.11838111783436e-05 7.6742216515413e-05 6.86757241965097e-05 5.62924410587584e-05 4.55985237749701e-05 3.52309109075577e-05 2.52368690325966e-05 2.03409352025119e-05 1.84981272013829e-05 1.94842735936618e-05 1.0763053012397e-05 2.10353987313283e-05 2.01524535214048e-05 2.06911902068896e-05 2.33076929362142e-05 0.000168114973348565 1.24681321381104e-05 2.57344144984017e-05 0.00011891877893504 0.000194700805332104 2.55973666753562e-05 2.334107725801e-05 2.0526227172013e-05 1.95172207213545e-05 1.39857210683658e-05 1.23267250501158e-05 1.25495709653478e-05 1.20309478347735e-05 1.02127324566936e-05 9.70948867689003e-06 8.90828275714739e-06 9.68441074746806e-06 1.07162052813692e-05 1.01690901374241e-05 9.16012073730599e-06
0.000105820003227564 0.000104692466629785 0.000100664872297784 9.15901035114075e-05 7.55359909817344e-05 6.38047349639237e-05 4.94336503834347e-05 4.65399244603759e-05 4.19657957536401e-05 4.11088165492401e-05 5.40763132448774e-05 6.4681587718951e-05 6.70572131639346e-05 7.18928197784408e-05 3.1382118277179e-05 4.52448547548556e-05 3.04054884963989e-05 2.55634312452457e-05 1.82155970605891e-05 2.67844717427579e-05 1.63895485229659e-05 6.44119086246064e-05 2.19838107796022e-05 2.15549992844899e-05 7.81573797212332e-05 2.44398442646343e-05 0.000168302903693984 2.68967523652464e-05 2.12694322954121e-05 2.51338766929621e-05 0.000244799109350424 0.000167550650257908 2.42014477407793e-05 2.30750273203739e-05 1.88954065379221e-05 1.39553903295564e-05 1.35125028009497e-05 1.28876419694279e-05 1.15025375635014e-05 1.02843452282286e-05 9.82950783736669e-06 9.21936683653257e-06 1.08668061898243e-05 1.02838951534068e-05 1.03779147252681e-05 7.5962148173403e-06
8.1724996198318e-05 8.31652509077685e-05 7.48008067603223e-05 7.77415312768426e-05 7.48503563954728e-05 6.33393292446272e-05 5.14956736878958e-05 3.98005234728771e-05 4.64941073005321e-05 5.04832190017623e-05 6.02031734160846e-05 5.94702649323153e-05 6.36340868368279e-05 5.86785343330121e-05 5.05353193148039e-05 4.46213280611119e-05 3.57928185167111e-05 2.43251542087819e-05 1.76066218273263e-05 8.11666752269957e-05 7.92575183368172e-06 1.69915978631252e-05 2.02774898980351e-05 2.19846213440178e-05 1.20476721122031e-05 1.93100583828709e-05 2.04161571218719e-05 2.06776637014627e-05 2.04663250087833e-05 2.20286566673167e-05 2.21338759047285e-05 2.29963787205634e-05 1.88175960602166e-05 1.69857820310426e-05 1.61472597369539e-05 1.55614687741945e-05 1.36164644459313e-05 1.19897085028242e-05 1.16256163892103e-05 1.05310751109755e-05 1.04505783042441e-05 1.16558019954027e-05 1.00749069019912e-05 9.09700717102169e-06 8.84396247329278e-06 7.30831099531315e-06
6.55935263239371e-05 7.0692337158107e-05 7.6240313683229e-05 6.97962021149578e-05 6.54908584692748e-05 7.03336949300137e-05 5.62923596589826e-05 4.83803415590955e-05 4.95003221658408e-05 4.92838645186566e-05 1.8847899514185e-05 1.82708089937478e-05 6.14402371866163e-05 5.12734866788378e-05 4.49501587354462e-05 3.70284313703451e-05 2.99400853236875e-05 2.40180508171761e-05 1.60687440711627e-05 8.45024689624552e-05 6.72374290388689e-05 1.64158447205409e-05 8.93389229531749e-05 0.000220497317059198 6.74625976898824e-05 1.94236557263139e-05 9.19717739407133e-06 1.76628662302392e-05 1.76736003595579e-05 1.88389837148861e-05 1.94751694152728e-05 1.69444957691667e-05 2.31692787792781e-05 1.42323397994915e-05 1.3032195931828e-05 8.75616331086349e-06 8.39634319618199e-06 8.81897012732224e-06 1.06813694287666e-05 9.37086757630823e-06 8.74844100167138e-06 9.38945223651899e-06 9.73039117297958e-06 7.37189894834955e-06 5.63235388995054e-06 6.98594259915808e-06
5.1702620658034e-05 2.00620298755894e-05 2.22315984046872e-05 4.51436394541815e-05 5.38487496669404e-05 5.47037089745572e-05 5.94113257648132e-05 4.99544929880358e-05 5.4604750857834e-05 6.14056587437517e-05 5.61735814699205e-05 5.75901555748715e-05 5.40675797310541e-05 4.52226606739714e-05 4.03388733502652e-05 3.41165505687968e-05 2.7202085539102e-05 1.84963862920995e-05 1.48237744724611e-05 1.4873251939207e-05 1.27454692574247e-05 1.3887571651594e-05 1.32529352299571e-05 1.68673586813384e-05 1.55745156234843e-05 7.08536836668827e-06 9.82731995691211e-06 1.51779751035974e-05 1.62338896416259e-05 1.53199485794175e-05 1.63058500675106e-05 1.70018769040325e-05 1.70109053897249e-05 1.72707139881823e-05 1.01573803590327e-05 8.016620216722e-06 8.71093922683031e-06 1.00239501762189e-05 1.00046627721895e-05 9.03795381645978e-06 7.63616068297779e-06 7.18761976372662e-06 6.62834216313968e-06 6.56135933354562e-06 6.07487363026848e-06 6.696691855268e-06
4.62136013993586e-05 1.65325510920411e-05 4.0672613681636e-05 3.2558516068093e-05 3.59206068878848e-05 3.05015360481775e-05 4.61220392935502e-05 4.88775574922329e-05 4.80083301226841e-05 5.0341834048595e-05 1.88034971188245e-05 2.01385513491914e-05 4.23187578689976e-05 4.44806013092602e-05 3.86467334465124e-05 3.29247104673414e-05 2.17048387639807e-05 1.56034865995025e-05 1.40630659984708e-05 1.36866948537318e-05 1.49218767205639e-05 1.80424635345844e-05 1.5489402426283e-05 1.54168492372264e-05 1.73532658891418e-05 1.66267892836913e-05 1.73108683611645e-05 1.8833614626601e-05 1.70151806287322e-05 1.53720313733174e-05 1.3143946512173e-05 1.46835020586877e-05 1.36903208044714e-05 1.44212815257561e-05 1.07654793168876e-05 9.08577113136744e-06 1.07266165400688e-05 8.34566828302741e-06 8.30944438234837e-06 7.52835583739397e-06 7.36061308543867e-06 8.40697001081026e-06 6.91495231990302e-06 6.28321518547637e-06 6.15793113638574e-06 5.73082875234832e-06
4.19470814449596e-05 4.44786855041457e-05 4.23947194576613e-05 3.28382105180935e-05 3.7097232097949e-05 3.96970774090732e-05 4.9741033672035e-05 6.14183364632481e-05 5.95290284763905e-05 5.80132948016399e-05 4.43526141680195e-05 4.89954584736552e-05 5.1664460079337e-05 4.99712493365223e-05 3.81568106149643e-05 3.153813490826e-05 2.78516325124656e-05 2.25919613512815e-05 1.80966140760575e-05 1.66674505408082e-05 1.59004739998636e-05 1.96865117686684e-05 2.04331455051943e-05 1.48773913451805e-05 1.48463658774745e-05 1.56273964421416e-05 1.72571902339769e-05 1.65092644465403e-05 1.74984560317171e-05 1.51272153630089e-05 1.44521697961864e-05 1.09514360019602e-05 1.38620596317196e-05 1.33713975287719e-05 1.03798830082269e-05 9.33059562839844e-06 9.57194525881278e-06 9.52711961303976e-06 8.28707581490562e-06 8.1043887234955e-06 8.5498503551662e-06 9.00624604582845e-06 7.97571597104252e-06 7.91146701430989e-06 6.56326045600508e-06 5.39789859885786e-06
4.40857392277394e-05 4.10664770242875e-05 4.38141379163426e-05 4.38414641394047e-05 3.89845589324977e-05 1.39630637477239e-05 2.68377638349193e-05 6.65054560158751e-05 6.09383182563761e-05 5.79530127652106e-05 5.83767349780828e-05 4.92181480694853e-05 5.4525540326722e-05 4.77093596146005e-05 4.30412333571439e-05 4.45135959125764e-05 3.72787711057754e-05 3.11208411403641e-05 2.50604713528446e-05 2.28281748377412e-05 1.8456976113157e-05 2.11212892736512e-05 2.51334554832283e-05 2.01853035832755e-05 1.89536396646872e-05 1.58594658955735e-05 1.62327641078264e-05 1.55588997927225e-05 1.38272003823658e-05 1.33961232563706e-05 1.31597034510378e-05 1.18672598773628e-05 1.44012103191926e-05 1.18525878974651e-05 9.31254727447595e-06 1.00154474012015e-05 9.70262709643066e-06 8.47731568569543e-06 7.97038217115187e-06 1.02390940469377e-05 1.40400704367494e-05 1.08404299226095e-05 1.05617976828398e-05 8.47564932087152e-06 7.37687730634207e-06 6.08307996685653e-06
4.28036632001749e-05 4.80994712233951e-05 5.28269312781049e-05 5.11429157995735e-05 4.59363888694497e-05 5.51712651031266e-05 1.62444641773618e-05 6.86321904595388e-05 6.33726743217267e-05 6.35826659163286e-05 6.30101225397084e-05 6.62372582155513e-05 6.41358208667953e-05 6.59405340229569e-05 5.26550546965154e-05 4.71734905659105e-05 4.42663095782336e-05 4.36601443652762e-05 3.68537545000436e-05 3.42071559316537e-05 2.77322523515977e-05 2.89463481522034e-05 2.78201235005326e-05 2.12087328009147e-05 1.8852692778637e-05 1.90000782822608e-05 1.7805111110647e-05 1.78801359425051e-05 1.80374540832418e-05 1.46451908108247e-05 1.34053530473466e-05 1.48438362316483e-05 1.58764684670132e-05 7.33197663009832e-06 1.06330318885739e-05 9.84727677177943e-06 9.53274206949573e-06 9.52667016349551e-06 7.5806133338574e-06 7.80722562581104e-06 9.73521814557898e-06 8.89698521291393e-06 1.01470760114353e-05 8.7417409417867e-06 7.04760880125832e-06 6.21375038463157e-06
4.71114120955463e-05 5.78614200094307e-05 7.58515694542439e-05 5.85797264648136e-05 4.71469196781982e-05 5.49992482774542e-05 1.84671654892554e-05 1.72911828030919e-05 1.82577893383495e-05 7.26911304809619e-05 6.85035597598471e-05 7.31831422854157e-05 7.58653487537231e-05 6.26920067588799e-05 6.44437659502728e-05 5.22347663718392e-05 4.87066866753594e-05 4.49304382527771e-05 4.53433368420519e-05 4.3012423793698e-05 3.76387502001307e-05 3.25481432810193e-05 2.46312924218728e-05 2.42551350993381e-05 2.09845921972374e-05 1.93438736459939e-05 1.92888682477133e-05 1.64779872534382e-05 1.7078327289255e-05 1.48682126905442e-05 1.65732723189649e-05 1.83459385880269e-05 1.19123592412507e-05 2.629056947967e-06 3.97974237671406e-06 9.40799191084807e-06 8.82544387650341e-06 9.30759337052223e-06 7.43759541705913e-06 7.0778608630917e-06 8.09842392186511e-06 7.7901686779569e-06 8.44219073314889e-06 8.72695034672688e-06 7.45895045497491e-06 5.8870214104445e-06
5.20301086908148e-05 6.5835132227221e-05 9.2626709738397e-05 6.92184770741733e-05 6.53861817227153e-05 7.89692843682133e-05 6.05570369771158e-05 7.45685297260934e-05 6.60956387037004e-05 6.45804142550333e-05 5.31012491592264e-05 6.59145513964177e-05 5.45179269465734e-05 6.14137757111166e-05 7.00645205142791e-05 7.64372244702827e-05 6.52333957987139e-05 4.9033505274565e-05 4.11994346904976e-05 3.81340456442558e-05 3.81020170152624e-05 3.46309602264228e-05 3.70585991277039e-05 3.69722328287025e-05 2.88664165964292e-05 2.08022448759948e-05 2.24415722641424e-05 1.38825540034304e-05 1.48971174098733e-05 1.50066718106245e-05 1.62826586119991e-05 1.74465384134237e-05 1.09947782789277e-05 9.53459651782396e-06 9.33090104240364e-06 8.81407834185666e-06 8.69653173367624e-06 9.43682754837027e-06 8.0461361108064e-06 6.96271112019531e-06 7.88406620131354e-06 8.58934990901616e-06 8.51651221296379e-06 7.41964863095745e-06 6.50364812031512e-06 5.13277933009704e-06
0.000298767053755 7.17213352800172e-05 9.21881912290701e-05 3.42216726494371e-05 8.15657416751492e-05 7.83453461735917e-05 7.61292454626528e-05 7.67519652072224e-05 6.59728397295112e-05 4.63099950138712e-05 4.78287073747197e-05 5.00641841426841e-05 5.6576259976282e-05 4.84326380501443e-05 4.77917407806672e-05 5.88720419727906e-05 5.91246232033882e-05 5.50904317606182e-05 5.47140004528046e-05 4.54743253158085e-05 4.30235455041839e-05 4.09953428516019e-05 3.13759916934941e-05 3.11673710712057e-05 2.81125603351029e-05 2.47137515998475e-05 2.27534312443822e-05 1.99594272316972e-05 1.63879925253241e-05 1.32897257799414e-05 1.34294843064708e-05 1.53422297671568e-05 1.21353613394604e-05 8.99143695960447e-06 8.61329302210834e-06 9.54891601168129e-06 8.61352651213565e-06 1.0155461609429e-05 1.02687499293097e-05 8.62869372895148e-06 6.97306240908802e-06 6.60835060557474e-06 5.83765253168167e-06 4.99507499114316e-06 4.62762491224567e-06 5.66746588219758e-06
