Maxent_result_files_2/B_hortorum_2.asc
NCOLS 594 
NROWS 330 
XLLCORNER -15 
YLLCORNER 23 
CELLSIZE 0.166666666666667 
NODATA_value -9999 
[rows 280 to 299 of 330, columns 230 to 275 of 594]
1.1261660870332e-05 1.15546759388963e-05 1.27086113934638e-05 1.51225182889902e-05 1.70499300566007e-05 1.80006749360473e-05 1.91469246601628e-05 2.20407222968788e-05 2.57374756074569e-05 2.8493593345047e-05 3.27022190504067e-05 4.00353161239764e-05 4.2464018042665e-05 4.07546041969908e-05 4.78297602967359e-05 4.62565922134672e-05 4.53938653663499e-05 4.66348970803665e-05 4.59360731838387e-05 4.62333369796397e-05 4.69458334919182e-05 4.52471418611822e-05 4.1163855803461e-05 4.16616934671765e-05 0.00140058266406413 -9999 -9999 -9999 -9999 -9999 -9999 -9999 -9999 -9999 -9999 -9999 -9999 -9999 -9999 -9999 0.00123023196356371 2.62143558757089e-05 0.000110311700700549 0.000186884072900284 7.22174539987464e-05 6.72574498821632e-05
8.80261079601041e-06 1.03539443443879e-05 1.12335180801892e-05 1.1748507813536e-05 1.29893152461591e-05 1.44406527397223e-05 1.65345046298171e-05 1.76502962858649e-05 2.01242002276558e-05 2.27572899802908e-05 2.59918418123561e-05 3.10798531245382e-05 4.63302019852563e-05 3.89204740713467e-05 4.17550689235213e-05 4.78114718134748e-05 4.0039730265562e-05 4.05149089601764e-05 4.08698908358929e-05 4.31227506851428e-05 4.1115582553175e-05 3.74459321392351e-05 3.38568368533743e-05 2.93558737212152e-05 2.56523770076456e-05 2.27417843234434e-05 1.84624026587699e-05 6.20343742411933e-05 0.000424537404614966 -9999 -9999 -9999 -9999 -9999 -9999 -9999 -9999 -9999 0.000223696761531755 7.28993700249703e-06 6.7705611945712e-05 7.98042612586869e-05 7.71313116274541e-05 6.8710698542418e-05 8.1766654693638e-05 7.06090690073324e-05
7.7476501246565e-06 1.00338871106942e-05 1.23862260807073e-05 1.13076605202878e-05 1.11240688283942e-05 1.32356561152847e-05 1.40828959956707e-05 1.43864225719881e-05 1.63882090419065e-05 1.81249460638355e-05 2.11017510537204e-05 2.30475604439562e-05 2.60838839494681e-05 3.01150911582226e-05 3.06564193124359e-05 3.07220344438974e-05 3.18009466354852e-05 3.35308667672507e-05 3.33929026055557e-05 3.38899702001072e-05 3.26253798448306e-05 2.9626444211317e-05 2.7397207213653e-05 2.44132715124579e-05 2.13755177810526e-05 1.80680515313725e-05 1.5199797690002e-05 1.30735588300013e-05 1.36586797907512e-05 1.48330331739999e-05 1.54433286752464e-05 1.51467869727639e-05 3.49730279594951e-05 -9999 -9999 -9999 -9999 8.52038708671898e-06 2.17946859265794e-05 9.25978933992155e-06 5.10598314576782e-05 6.48870527584222e-05 6.84045095113106e-05 7.35744193661958e-05 9.89562850008952e-05 0.000101078117950237
8.6760628846605e-06 1.03587464764132e-05 8.68530535171885e-06 1.09284653035502e-05 1.57688163199055e-05 1.16621370125358e-05 1.47851909787278e-05 1.25245100662141e-05 1.25424269754149e-05 1.35009563109634e-05 1.56058187712915e-05 1.75402788045176e-05 1.89302154012694e-05 2.1042768503321e-05 2.25669970404851e-05 2.38305374296033e-05 2.42699922637257e-05 2.47037277404161e-05 2.52670842201042e-05 2.47194901930925e-05 2.29690248488623e-05 2.2150385484565e-05 2.07460447199992e-05 1.87173100130167e-05 1.7748060008671e-05 1.52588690980338e-05 1.35101174237207e-05 1.15553134946822e-05 1.13411307211209e-05 1.12935969355021e-05 1.20206380870513e-05 1.15646515951084e-05 1.03259947309198e-05 1.05739826722129e-05 1.20460526886745e-05 8.45464455778711e-06 9.17087768357305e-06 1.17234100343921e-05 1.19299738798873e-05 1.78034882992506e-05 1.44258819091192e-05 2.59603347330994e-05 4.71339508294477e-05 8.72247364895884e-05 8.92642292456003e-05 9.86026636383031e-05
1.08012490272813e-05 1.18320606816269e-05 1.15932990183865e-05 9.04171529327868e-06 1.05199456356786e-05 1.35347081595683e-05 1.19793108751765e-05 1.19654886020726e-05 1.11018661755224e-05 1.14637480919555e-05 1.20885062187881e-05 1.38320355745236e-05 1.61779653353733e-05 1.79182710326131e-05 1.92407589565846e-05 2.12239778647927e-05 2.21873256123217e-05 2.28122789394547e-05 2.15079606277868e-05 2.04230298095354e-05 1.97829622720747e-05 1.82613441666035e-05 1.68492812917975e-05 1.60347605742572e-05 1.52489992615301e-05 1.42951650559553e-05 1.31815130316681e-05 1.1775022881011e-05 1.00554536857089e-05 9.29791874568764e-06 1.01738295825271e-05 9.7445510846228e-06 1.04211322195624e-05 9.99463816242496e-06 9.15485252335202e-06 8.32586081287445e-06 8.50441817874526e-06 7.7839544019298e-06 9.13678370579874e-06 8.61341607105715e-06 8.46558868943248e-06 1.54240470692457e-05 1.23303169402789e-05 2.37319172811112e-05 4.65317185444292e-05 9.36622822337085e-05
1.08423166238936e-05 8.9406233655609e-06 8.77963145740068e-06 8.84577725628333e-06 9.06452125946089e-06 1.09187450561876e-05 1.04155826647911e-05 1.25360160836863e-05 1.02447674407813e-05 1.26378266941174e-05 1.03476328376928e-05 1.1223404158045e-05 1.25684148315486e-05 1.43392643622065e-05 1.5707032116552e-05 1.69615174399951e-05 1.85917223916476e-05 1.97073602976161e-05 1.92638408861967e-05 1.8774223553919e-05 1.69986859873461e-05 1.65968862347654e-05 1.62330878083594e-05 1.61502126502455e-05 1.43114936236088e-05 1.31693587718473e-05 9.58822931806935e-06 5.81678134494723e-06 5.54291351591019e-06 5.89830464150509e-06 5.62520756375307e-06 7.41619253403769e-06 8.13296039723355e-06 8.50419382913969e-06 8.20825193841301e-06 6.80518069202662e-06 5.98141583623146e-06 8.02550650860212e-06 8.79880778938968e-06 7.61263329422945e-06 5.72726784184852e-06 1.88131270988379e-06 3.31680060980943e-06 7.34368136363628e-06 2.69944710453274e-05 0.000112804488890106
1.00211950666562e-05 1.0050466426037e-05 9.98259640709875e-06 9.62220115070522e-06 9.56381504693127e-06 9.21343516893103e-06 9.04648386494955e-06 8.32253663247684e-06 9.63609043083125e-06 9.80192016868386e-06 1.19492985049874e-05 1.18930031021591e-05 9.76991079824074e-06 1.12112199985859e-05 1.32555364871223e-05 1.35579388825136e-05 1.46074949043395e-05 1.59757127221383e-05 1.68317090810888e-05 1.46622194279189e-05 1.34562753828504e-05 1.28808951103565e-05 1.0937292017843e-05 9.20308596050745e-06 4.89464525799121e-06 2.1218132701506e-06 1.70402087178445e-06 1.48538426003597e-06 1.67583946222294e-06 1.90780386333245e-06 2.96217118602726e-06 3.6357763747219e-06 4.86918428350691e-06 3.72582328509452e-06 4.69856584004447e-06 4.84945491052713e-06 5.34979118356205e-06 5.63160818956021e-06 5.90512847793434e-06 5.43448810503833e-06 7.29564164885232e-06 2.86036113266164e-06 3.3620866702222e-06 8.50079163683404e-06 1.59022060870484e-05 3.54806106770411e-05
1.06391671579331e-05 1.0518400881665e-05 1.15539643047669e-05 1.03526933571629e-05 8.68111344516365e-06 8.44267672164278e-06 7.27039966932352e-06 6.85655259076157e-06 7.60124639782589e-06 8.87632763806323e-06 8.99904778179916e-06 1.07186007880955e-05 1.22019096124859e-05 1.00647541330545e-05 1.37498340336606e-05 1.44823339724098e-05 1.51764917973196e-05 1.35720327762101e-05 1.48591609104187e-05 1.06033265637961e-05 9.28178274079983e-06 8.3697414765993e-06 3.14861932793065e-06 2.38399753698104e-06 2.02017470201099e-06 1.80923667585375e-06 1.8939532708373e-06 2.34673856880363e-06 2.78639513453527e-06 3.55258181343743e-06 3.89718950373208e-06 4.94144038611921e-06 5.707977959446e-06 6.3454481505687e-06 6.51905882023129e-06 7.33991687411617e-06 6.65842924263416e-06 6.52134435767948e-06 5.72337731910011e-06 5.30676749121994e-06 5.01050257071256e-06 5.12122252303016e-06 6.13942568179482e-06 9.30586286358448e-06 1.77838476247416e-05 1.63445154157671e-05
8.53429510243586e-06 8.04405121925811e-06 7.57289360535651e-06 6.72033354476298e-06 6.54133989428374e-06 6.92081041506754e-06 6.12313820056443e-06 6.24334013537009e-06 5.92504959513462e-06 6.87420924805338e-06 7.98408134414785e-06 8.06100993031578e-06 9.26598045225546e-06 9.98044915831997e-06 1.29871569697571e-05 1.13875024908339e-05 1.25167332043929e-05 1.27359877751587e-05 1.36184810799023e-05 1.04080457958844e-05 6.68285554183967e-06 3.94281111084638e-06 2.25338330892555e-06 2.2903646481609e-06 2.03911940843682e-06 2.51193090434754e-06 2.9270723132413e-06 3.10625965767031e-06 3.64240712542596e-06 4.33266866366466e-06 5.29872120296204e-06 5.96810584738705e-06 6.71624882215838e-06 7.22815079825523e-06 8.31479428597959e-06 8.98358462109172e-06 8.57783227274922e-06 6.98682206348167e-06 6.72821306579863e-06 7.00554232935247e-06 6.8837877279293e-06 7.26647001556557e-06 7.83327607223328e-06 1.00302018836373e-05 1.16910523956903e-05 1.37960082611244e-05
8.62146891904558e-06 7.22848103578144e-06 7.10763911229151e-06 6.53034328479407e-06 5.56908330509032e-06 4.67493835003552e-06 4.70401205348026e-06 5.84569149850722e-06 4.06501784482316e-06 5.28572629718838e-06 6.66522471419739e-06 7.06666439782566e-06 1.00865662034266e-05 1.07866033431492e-05 9.57927347826626e-06 1.06293247199574e-05 1.06613714933701e-05 1.24197639252088e-05 9.44457437981327e-06 5.92538863202208e-06 4.34532555573242e-06 3.12183137793909e-06 2.44499595964953e-06 2.80356588291397e-06 2.996126090693e-06 3.10038445832106e-06 3.59960907871937e-06 4.14327695352767e-06 4.97834796533425e-06 6.07343515639514e-06 6.80983366692089e-06 6.4890968360487e-06 8.09120529083884e-06 8.45383067371586e-06 8.49352213663224e-06 8.4224109969e-06 8.09482360182301e-06 7.9957381103668e-06 8.38558626128361e-06 8.90479495865293e-06 9.29909372189286e-06 1.00419825230347e-05 1.18420546186826e-05 1.51707167788118e-05 1.5194816796793e-05 1.62041915700684e-05
6.95644002917106e-06 5.98899093802174e-06 6.02288307618437e-06 6.18626854702598e-06 5.76174878688107e-06 4.32916854151699e-06 3.71476891132261e-06 3.67210250260541e-06 3.16278595846597e-06 3.2642207884237e-06 5.67943534406368e-06 6.56910997349769e-06 8.56842614211928e-06 1.22465595268295e-05 8.8378869349981e-06 8.60194545566628e-06 1.01738097100679e-05 1.11594815734861e-05 9.22466751944739e-06 4.29220273190367e-06 3.49013845379886e-06 2.93194371465688e-06 2.70446714694117e-06 2.65289712615413e-06 2.63031813005909e-06 3.30807126829313e-06 3.99770295871349e-06 4.5924149617349e-06 5.18159944249419e-06 6.14921468695684e-06 7.09684995854332e-06 8.43825937408838e-06 9.37343409077585e-06 1.03331391528627e-05 9.89406325970776e-06 1.02802799801793e-05 1.08190009768805e-05 1.10348370299107e-05 1.15095528826714e-05 1.17669549581478e-05 1.29771279716806e-05 1.4618123168475e-05 1.74795658494986e-05 1.68793862030725e-05 1.6689779704393e-05 1.20149487884191e-05
6.48981108497537e-06 6.31444731880038e-06 6.19477984855621e-06 5.72890650119007e-06 4.34590167515125e-06 4.49364879386849e-06 3.77922418692833e-06 3.34156554799847e-06 3.04024493971156e-06 3.57151649268417e-06 4.27865135179672e-06 5.08728978729778e-06 5.97403900428617e-06 6.80989892316575e-06 6.17155103554978e-06 4.95535354048116e-06 7.59775218739378e-06 8.41181388295809e-06 6.35914848317043e-06 4.16616938991865e-06 2.35167683513282e-06 2.25053511258011e-06 2.46930556500047e-06 2.4453792946133e-06 2.8711654408653e-06 2.60566778251814e-06 3.08947257963155e-06 4.9978002152784e-06 6.07674560342275e-06 7.12289133844024e-06 8.31605902931187e-06 1.00134676131347e-05 1.06802744539891e-05 1.1201893426005e-05 1.21208742712042e-05 1.29166349779553e-05 1.36831616146083e-05 1.41804554914415e-05 1.48479072777263e-05 1.63458577844722e-05 1.35578961362626e-05 1.08283028339429e-05 1.35665526613593e-05 3.17788304528222e-05 5.98141617956571e-05 0.000106549316842575
7.22009597211581e-06 7.27115336758288e-06 7.12613953055552e-06 5.96509205479379e-06 5.11095479396317e-06 4.30216528002347e-06 4.06583429821694e-06 3.47875485431359e-06 3.32887175318319e-06 3.89931695963242e-06 3.81501978381493e-06 4.19896840639922e-06 9.0095350287811e-06 7.90011954450165e-06 4.8951972416944e-06 2.87539851910879e-06 3.56929442659748e-06 6.76493918945198e-06 5.54521441245015e-06 2.78210646342814e-06 2.07023624057001e-06 1.96375985410668e-06 1.96276047290667e-06 2.24034092184411e-06 2.85952945091594e-06 3.61836888487233e-06 4.68187844262502e-06 5.73172110307496e-06 6.48596142127644e-06 7.11678530933568e-06 8.83590646481025e-06 9.89367531474272e-06 1.1737806335077e-05 1.3368337886277e-05 1.52227421949647e-05 1.70738438555418e-05 1.8174944761995e-05 1.86264829608263e-05 1.89629703072569e-05 1.77235393948649e-05 1.212537849824e-05 1.27684433664399e-05 1.68137724813278e-05 2.05015433493827e-05 6.16991117567522e-05 2.49582079959509e-05
8.19645651972678e-06 7.57486275233532e-06 7.5707714586315e-06 6.02580389568175e-06 5.06122871684056e-06 4.91203556975961e-06 3.80484306106155e-06 3.78967251890572e-06 3.52183174072707e-06 3.99790476421913e-06 3.84546743816827e-06 4.20009274648692e-06 4.41490800540123e-06 4.35169849879458e-06 3.72662299241711e-06 3.95960229297998e-06 4.12803374274517e-06 4.78141251960551e-06 3.39078738988974e-06 2.95691735345827e-06 2.80980383422502e-06 2.61670100485389e-06 2.84487284716306e-06 3.09953896930892e-06 3.45943622050982e-06 4.05466146276012e-06 5.214236455231e-06 5.34737198449875e-06 7.83747418608982e-06 9.50719143020251e-06 1.05750831380647e-05 1.29834152176045e-05 1.45725920901896e-05 1.61363423103467e-05 1.98924533833633e-05 2.10678737857961e-05 2.24866626012954e-05 1.98732226635911e-05 1.99745324607647e-05 1.72616782947443e-05 1.63950445312366e-05 1.71108950780763e-05 1.67304086517106e-05 2.10179486202833e-05 2.73739746262436e-05 5.93439997828682e-05
9.58319519668294e-06 7.37502009542368e-06 7.40747309464496e-06 5.72879965829998e-06 5.46249624449047e-06 4.82625590620955e-06 3.87790738614058e-06 3.98340085894233e-06 3.55608053723699e-06 3.57724015884742e-06 4.03727424327371e-06 4.16474679241219e-06 4.3430367441033e-06 4.42624776724188e-06 4.47305280886212e-06 4.66950888267093e-06 5.11064437205277e-06 6.60878392864106e-06 3.92099226473874e-06 4.25685931304542e-06 4.07270536015858e-06 5.00815202713056e-06 6.02969068950188e-06 5.63133986588582e-06 6.45154254925728e-06 5.88620866892597e-06 7.13072074631782e-06 8.46957971134543e-06 1.03532654748051e-05 1.28699449305714e-05 1.5756229413455e-05 1.77146686382912e-05 1.6453247053505e-05 1.70279479789315e-05 1.78322152351029e-05 2.13963524402061e-05 1.91678885585134e-05 1.83074189862964e-05 1.86581150501297e-05 1.99130872260866e-05 2.06391181109211e-05 2.14186705306929e-05 2.38880442338996e-05 3.15080551445135e-05 2.86578278064553e-05 5.95759735006141e-05
1.07565885400618e-05 8.1248650303678e-06 7.85481513503328e-06 7.09992405063531e-06 6.26140247277363e-06 4.87473215571299e-06 4.00168523810862e-06 4.05190796755051e-06 4.0969638007482e-06 4.3584138325059e-06 4.30503432653495e-06 4.20084189727277e-06 4.183715191175e-06 4.28246195269821e-06 4.4933701701666e-06 4.76075348387894e-06 5.10313839185983e-06 5.71569171370356e-06 4.86600316662589e-06 4.79572775020642e-06 4.78990954206893e-06 4.70962943381892e-06 4.404721858009e-06 4.3176120584576e-06 6.14485252299346e-06 7.71230204463791e-06 8.99359679351619e-06 1.08789419982713e-05 1.42829773722042e-05 1.61856910381175e-05 1.99466976482654e-05 2.35856299696024e-05 2.64759945821424e-05 2.38774476201797e-05 2.00744255380414e-05 1.91886640095618e-05 1.97392349946313e-05 2.20110954614938e-05 2.54547585427645e-05 2.63328225628356e-05 2.9030045880063e-05 3.13623355395976e-05 3.13613906655519e-05 3.05280489556026e-05 5.02251865327708e-05 3.93660340705537e-05
1.06121237195111e-05 1.0537853495407e-05 9.12789407720993e-06 8.1650837955749e-06 6.28532025075401e-06 5.02152734043193e-06 4.66022577256808e-06 4.74884935783848e-06 4.17048041754242e-06 3.97377045828762e-06 4.63915073396492e-06 4.54298167369416e-06 4.52532574399811e-06 4.56540381037485e-06 4.62432637959864e-06 4.79531829569169e-06 5.303409636781e-06 4.10671003692187e-06 3.95917891182762e-06 4.61847017731998e-06 4.82850180105743e-06 5.10035375782536e-06 5.65377322345739e-06 6.00715427481191e-06 7.27391600321425e-06 8.19666468032665e-06 1.16135759526514e-05 1.39674048114102e-05 1.64373106599669e-05 2.24506629820098e-05 2.96797770715784e-05 3.1480547022511e-05 2.88882856693817e-05 2.70830890258367e-05 2.49891440034844e-05 2.57616325143317e-05 3.17686680318729e-05 3.00134859571699e-05 2.92815943794267e-05 3.03836568491533e-05 3.09654499687895e-05 3.15703326123184e-05 3.1131852301769e-05 3.21247295687499e-05 0.000157747319462942 3.58656891876308e-05
1.03068897942649e-05 1.214781964336e-05 9.60070415203518e-06 8.72027715104196e-06 6.33465301689284e-06 5.6211483183688e-06 4.90508167558801e-06 4.74493251658714e-06 4.39427310539031e-06 4.11503993973383e-06 4.2284172991458e-06 4.75248086786451e-06 4.96159916565375e-06 4.99589325499983e-06 5.04550968116746e-06 4.76352701070937e-06 4.32964662877566e-06 4.79379216358211e-06 5.76231525428739e-06 6.19383120010752e-06 6.5568286117923e-06 6.22676391230925e-06 7.24963565517101e-06 8.24695880510262e-06 9.25442770949303e-06 1.29595858652465e-05 1.51957191974361e-05 1.91292846920987e-05 2.35841638641432e-05 2.86668859189376e-05 3.33992909872904e-05 3.23923999530962e-05 2.93918649731495e-05 2.12195183848962e-05 4.09678949836234e-05 3.36707003953052e-05 3.26030264659494e-05 2.91709783596161e-05 2.71244467512588e-05 2.78611615613045e-05 2.74687788078154e-05 2.83116783066362e-05 2.85446577436232e-05 2.87441716864123e-05 5.13300610691658e-05 2.15569557440176e-05
9.76479318524071e-06 1.17776917704759e-05 1.07767245253854e-05 8.48467891501059e-06 7.06242992691841e-06 6.03229964326601e-06 5.37573175733996e-06 4.66561733674098e-06 4.58422229030475e-06 4.47423828973115e-06 4.27710319854668e-06 4.27573802426195e-06 4.50369285545094e-06 4.37181435017919e-06 4.11169319249893e-06 4.21555938601159e-06 4.54421621043366e-06 4.87840245568805e-06 5.10126001245226e-06 6.41249246200459e-06 7.45725455999491e-06 8.37819575281173e-06 9.21569196634664e-06 8.99703554750886e-06 1.0549738226473e-05 1.32590481371153e-05 1.55782163346885e-05 1.86842286893807e-05 1.92614085335663e-05 2.4397621746175e-05 2.94108973321272e-05 3.16618617944187e-05 2.7931466956943e-05 2.58098289123154e-05 2.73903346169391e-05 3.34590905367804e-05 3.22488744131988e-05 2.91940881652408e-05 2.5806481789914e-05 2.57750337368634e-05 2.49865491241508e-05 2.56185859143443e-05 2.6763543337438e-05 2.70578114395903e-05 4.51861715191626e-05 2.78911043096741e-05
1.20422113923269e-05 1.17655288704555e-05 1.1802692188212e-05 8.67456831201707e-06 7.98673063400201e-06 6.02071961566253e-06 6.07176741596049e-06 5.25829776734099e-06 4.49361042456076e-06 4.67485206172569e-06 4.64111042219884e-06 4.76004253187057e-06 4.72431825073727e-06 4.6201655322875e-06 4.8144651941584e-06 4.61769205912788e-06 4.68007910967572e-06 4.97437948752122e-06 5.01841368532041e-06 5.74742153958141e-06 6.5289562826365e-06 7.48796908283111e-06 8.00282114141737e-06 9.37614299800771e-06 1.1429325422796e-05 1.16057943159831e-05 1.67458576470381e-05 1.78834898633795e-05 2.18511119783216e-05 2.91729436867172e-05 3.38338692017715e-05 2.70652350081946e-05 2.39616774706519e-05 2.83856539681437e-05 3.22871070238762e-05 3.3181472463184e-05 3.0990066807135e-05 2.8866359298263e-05 2.52871995144233e-05 2.41135991018382e-05 2.45248932515096e-05 2.37749420193722e-05 2.48775731961359e-05 2.36367170145968e-05 4.51246751254075e-05 2.43193616370263e-05
