Maxent_result_files_2/B_hortorum_2.asc
NCOLS 594 
NROWS 330 
XLLCORNER -15 
YLLCORNER 23 
CELLSIZE 0.166666666666667 
NODATA_value -9999 
[rows 300 to 319 of 330, columns 460 to 505 of 594]
7.08987954567419e-06 7.15992944151367e-06 9.62833439643873e-06 3.73830893067861e-06 1.03194031453313e-06 3.47660225230584e-07 2.78406647424845e-07 2.84455135357575e-07 3.00578029310827e-07 2.94637069941928e-07 3.09825762201399e-07 3.20904139528011e-07 2.90408475223103e-07 3.18482528172126e-07 3.25376981180625e-07 4.97719953784781e-07 5.91969373431311e-07 7.48750927925812e-07 9.29535329419195e-07 1.18444764041215e-06 1.74014779759091e-06 2.91361353674802e-06 8.18524993064784e-06 1.90015865427995e-05 1.81311108008231e-05 3.21988329233136e-05 3.29535962009686e-05 4.63227548607392e-05 2.52387315413216e-05 2.37448046391364e-05 2.50659160883515e-05 6.16030788478383e-06 1.26917621855682e-05 1.54164420109737e-06 1.39740818099199e-06 3.28331607590826e-07 1.06663493397718e-06 1.07891343077426e-06 1.46100426832163e-06 2.48835045795204e-06 1.9764461626437e-06 1.5691007206442e-06 2.42586850163207e-06 1.70559940784187e-06 1.72769172763765e-06 1.34148908728093e-06
3.37359513196134e-06 3.64730625506127e-06 1.18316779662564e-05 4.81979797086751e-06 1.64980256158742e-06 4.10100199843555e-07 4.13532281839935e-07 4.19861122935572e-07 3.96145755132693e-07 4.47728720587293e-07 4.70739716718072e-07 4.20673454470943e-07 4.05536636094439e-07 4.0487684884738e-07 4.62094165243343e-07 6.10103539600004e-07 7.21828155292314e-07 1.00953945434412e-06 1.43714448768151e-06 2.2253571330566e-06 4.17775586356584e-06 9.19605902254261e-06 2.473705490047e-05 2.52375642958214e-05 2.12281688618532e-05 3.02273169836553e-05 2.23760489461711e-05 2.54275768384105e-05 2.39720346144168e-05 1.61371853209857e-05 1.42122442412074e-05 6.07360141202662e-06 2.67979230557103e-06 2.17489388205649e-06 5.68969028336141e-07 2.44992263986887e-07 6.22033851982451e-07 1.52290954815726e-06 1.55051509409532e-06 1.61443085175961e-06 1.58911807375262e-06 1.35542259158683e-06 1.34229991886059e-06 5.82107861646364e-07 9.51320643594045e-07 2.75969884455662e-07
2.18045812516721e-06 3.33466888378098e-06 2.77026755384213e-06 4.87658059000751e-06 2.99263725196397e-06 6.28388517043277e-07 9.83811503374454e-07 7.00467845149433e-07 7.20771076601068e-07 6.32084008600486e-07 6.54268109201439e-07 6.53960076135718e-07 6.91993348311826e-07 7.62634162754239e-07 9.00550563187608e-07 1.14732362135328e-06 2.02424499207154e-06 2.93643007580613e-06 3.16188629767566e-06 7.96278629877634e-06 1.78306133420847e-05 2.20021292079764e-05 3.09330110212613e-05 2.73190705229354e-05 2.63301476479683e-05 2.53418484135182e-05 3.07574274302169e-05 2.64978124505433e-05 1.64985182891542e-05 1.49738767504459e-05 1.01135548447928e-05 5.72810668018064e-06 9.99675698949432e-06 9.90393414213031e-06 2.17339784569504e-07 2.61496325038024e-07 1.05603942301968e-06 1.93805155390692e-06 1.8389797276086e-06 1.78339409444561e-06 1.03403986599915e-06 1.88107484859756e-06 1.17374297587958e-06 1.7319235965374e-07 1.60407535076956e-07 5.10202095682644e-08
2.41446950894897e-06 2.23307428086628e-06 3.0942828800562e-06 2.32271369782211e-06 4.97749564374317e-06 2.54240848676091e-06 1.15506153406386e-06 1.26616220939013e-06 1.52353642874914e-06 1.48541366513655e-06 1.25268075805707e-06 1.18251244600742e-06 1.34347579887617e-06 1.63797466257165e-06 2.16162461583735e-06 2.91353527472893e-06 4.63144820059824e-06 9.17064721761562e-06 1.70891507423221e-05 1.98655697658978e-05 2.39300004068355e-05 2.75809993581788e-05 2.76102288808033e-05 3.85892749363848e-05 2.24388614697091e-05 3.18745534968912e-05 2.47406954258622e-05 2.39939158291236e-05 2.07422724088246e-05 2.21061724005267e-05 7.60791499487823e-06 5.60693406441715e-06 2.42953842644056e-06 4.61244126199745e-06 2.16178658263289e-07 1.23710319499537e-07 4.40616216224043e-07 2.1574264735591e-06 1.58839540063127e-06 3.71135301691083e-07 9.92610159755714e-07 8.57190568126498e-07 1.54801837481955e-07 5.59833512880914e-08 4.81987745715173e-08 2.34815998645388e-08
3.72761651306064e-06 2.95524930606916e-06 1.8021805317403e-06 2.10939440989932e-06 1.37532893234038e-06 2.29943960334822e-06 3.7062910109853e-06 5.23939515915117e-06 6.05898185312981e-06 3.49814463334042e-06 1.67515244697825e-06 3.12616567725854e-06 4.15526968708946e-06 3.82808735821527e-06 5.77276159674511e-06 1.06780549685936e-05 1.51604618622514e-05 1.34115155105974e-05 1.39181019676471e-05 1.72598677181668e-05 2.27073461246619e-05 1.91273781638301e-05 2.59042896686879e-05 3.17894689942477e-05 2.6059817901114e-05 1.6787601816759e-05 1.30877997889911e-05 2.6121552400582e-05 1.86680431852437e-05 8.57617083056539e-06 8.55187486195064e-06 1.93409380244702e-06 2.86073751567528e-06 1.55850701730742e-06 2.24271353488348e-07 2.04364099687382e-07 1.4339546737574e-06 1.51905539382824e-06 8.38944350789461e-07 7.67784095501156e-07 1.12345588831886e-06 4.77388608999263e-07 3.78375796472596e-08 3.02102376892321e-08 3.53439509659381e-08 1.7794526474546e-08
4.97628815310236e-06 2.59982110719648e-06 1.88079717418077e-06 1.45373081466005e-06 1.2406498854034e-06 1.12502841034257e-06 1.24171744175783e-06 1.32205288991827e-06 1.31010058339598e-06 1.32972673441145e-06 1.49489108309808e-06 2.21458836335842e-06 3.45873422702425e-06 6.39976253751229e-06 1.39525984195643e-05 1.06269270872872e-05 1.03591933338976e-05 1.25805574043625e-05 1.79478802238009e-05 1.68275847499899e-05 1.26744877434248e-05 1.39730343562405e-05 2.17774119846581e-05 1.63838047228637e-05 2.27104020268598e-05 1.09342061477946e-05 1.36461221245554e-05 1.52853464896907e-05 5.58261770038371e-06 1.08227007331152e-05 6.3174755723594e-06 2.15409658039789e-06 1.75644959767851e-06 7.75843008682386e-07 1.80108812131152e-07 1.77595532591113e-07 1.00830785072503e-06 9.44459014817767e-07 5.31818636773096e-07 7.33399392061074e-07 3.95567843725075e-07 1.19936362708017e-07 2.79237302613922e-08 2.18600950674386e-08 1.6952342996035e-08 1.57170600978418e-08
7.80467858021439e-06 5.25436812495172e-06 3.8872637901477e-06 4.27930833666323e-06 4.03661609880146e-06 3.78123268092168e-06 3.70558265103682e-06 3.46758326941199e-06 2.65442223508217e-06 2.32629438414733e-06 2.32208464012729e-06 2.91858648324705e-06 3.98168608626293e-06 4.66263643374987e-06 1.00104246030241e-05 1.01465207080764e-05 1.26906569221319e-05 1.45522973070911e-05 1.30931095100095e-05 1.3593367748399e-05 1.53549067363201e-05 1.54706610373978e-05 1.12078761048906e-05 2.12686507438775e-05 1.24580981264444e-05 1.15311232093518e-05 1.20456081276643e-05 1.0909643742707e-05 5.51538241779781e-06 8.59478200254671e-06 5.74196731122356e-06 3.74368248685641e-06 1.53342984958726e-06 2.76391327247438e-07 2.19389589162233e-07 1.37696930835318e-07 6.28781012323998e-07 5.80255982640665e-07 7.03504377952413e-07 5.95055834651248e-07 2.89729676694606e-07 2.90681619219413e-08 1.83626090777267e-08 2.50087332176463e-08 1.29375678836752e-08 1.28937564625176e-08
6.77840760090476e-06 3.35916165568051e-06 1.9094741162462e-06 3.48071075677581e-06 7.43825312383706e-06 6.36142008261231e-06 4.63977157778572e-06 4.1530065459483e-06 5.19195763217795e-06 5.47555781622577e-06 5.47855316881396e-06 6.20190228346473e-06 6.99225456628483e-06 7.45180448120664e-06 8.40744016841199e-06 1.05366063053225e-05 1.28728641811904e-05 1.42226546813617e-05 1.45842354413617e-05 1.1727419359886e-05 1.18722639399493e-05 1.21758651857817e-05 7.8409279240077e-06 1.0100411645908e-05 6.33053871297307e-06 1.71020258676435e-05 8.30693149964645e-06 8.76189697009977e-06 2.34789481510234e-06 1.16842182251276e-05 5.40028634077316e-06 2.90757939183095e-06 1.27106079048644e-06 2.63975469749766e-07 2.22430886154257e-07 1.44825602177434e-07 1.94981567602781e-07 5.57424144176366e-07 1.17980989955413e-06 6.84200753653386e-07 3.59063847099606e-08 1.86498124055134e-08 1.82227880340946e-08 3.39140097338486e-08 1.29447912389224e-08 1.2821248507322e-08
7.59908677991916e-06 4.54889266165992e-06 2.83459420415966e-06 1.40603497129632e-06 1.60916838467529e-06 2.10706997449961e-06 3.09815929995239e-06 4.87171681697873e-06 6.9448563408514e-06 7.90340661751543e-06 8.66814175424224e-06 8.55869816405175e-06 8.15771343241067e-06 7.83375908213202e-06 8.26682721708494e-06 8.68860893206147e-06 8.2555109884197e-06 8.57440736581339e-06 9.20443069389876e-06 8.41864807625825e-06 6.8472148541332e-06 5.05899186009628e-06 5.49008461803169e-06 5.77959876864043e-06 4.26312112722371e-06 5.1731726671278e-06 5.95574672388466e-06 3.61008983418287e-06 6.96115034770628e-07 6.80339971950161e-06 5.94554499002697e-06 9.2225999992479e-07 7.83051419261938e-07 3.6848590241334e-07 1.72758731764588e-07 1.488857868992e-07 4.15143013299257e-07 5.24790635836325e-07 6.94498751840911e-07 1.80954578610226e-07 4.55487692008205e-08 2.01246705078262e-08 1.71559976003266e-08 2.67484439042676e-08 8.28287067822231e-09 1.359647723298e-08
4.26894970360081e-06 4.26846606842446e-06 2.79454393421474e-06 1.8234021013086e-06 6.65221873532573e-06 8.04273943231237e-06 4.41027555098117e-06 4.72605416916849e-06 5.50526060578704e-06 5.47117158475885e-06 5.98495737449412e-06 5.81649971991283e-06 5.09259889440727e-06 4.24349456125128e-06 4.37553578649386e-06 3.93250134038681e-06 5.14141713665595e-06 7.7788740327378e-06 9.25493259273935e-06 5.14950922934077e-06 3.31206971395659e-06 3.29140913208903e-06 2.73943571755808e-06 5.82345332986733e-06 2.81583808146024e-06 3.07215630073188e-06 4.77807486731763e-06 2.66060837930127e-06 9.70597602645285e-07 9.54592669586418e-06 8.29422824608628e-06 1.50231136331058e-06 7.08373519842098e-07 8.70556840482095e-07 2.2264045824727e-07 5.31153609983903e-08 3.22009692688141e-08 1.16761646395958e-07 3.90864222765686e-07 3.64472035130348e-07 3.24192890843733e-07 3.86132082752511e-08 2.09390389471764e-08 8.42259286315539e-08 6.8586684109917e-09 1.24888621666486e-08
3.40005459520398e-06 2.06634572350595e-06 1.77861813881464e-06 1.64776259339305e-06 3.6903765135321e-06 6.49847675049386e-06 6.44317460682942e-06 5.06932515236258e-06 8.03709224328486e-06 4.8559106517132e-06 3.67969865919804e-06 3.8079536125224e-06 3.79217160570988e-06 3.63270091838785e-06 3.86334577342495e-06 4.76159586924041e-06 5.77749069634592e-06 4.07727997071561e-06 3.10960861042986e-06 3.11032737272399e-06 3.40914363050615e-06 2.53557934684068e-06 2.45143680785986e-06 3.47643720033375e-06 1.53635196511459e-06 2.51719872039757e-06 3.76122268335166e-06 1.71389467027439e-06 1.7564226311606e-06 1.54729437440437e-06 4.96530094551417e-06 1.34063676568985e-06 7.84904199235825e-07 9.28456339011063e-07 4.92906588078768e-07 2.69003999875395e-07 1.30350991689454e-07 7.96840989636394e-08 4.41169213161174e-07 5.45261386264428e-07 6.82804764551292e-07 3.52885103893641e-07 1.19721185853905e-07 1.33557338699575e-07 3.71767704621107e-08 8.77753785211155e-09
3.12703082272492e-06 1.89559752357127e-06 1.85203944624845e-06 3.79492281581406e-06 2.77367788612537e-06 2.05901596928015e-06 2.78473452226535e-06 3.82358267643212e-06 8.75256864674157e-06 4.36103188121706e-06 4.29858281449924e-06 5.17409555413906e-06 6.15709975591017e-06 4.18594277107331e-06 3.13484147227427e-06 3.24206611139743e-06 2.92572045736961e-06 2.91827115006527e-06 2.94936803584278e-06 2.85729737470319e-06 2.06777276616776e-06 1.72110931089264e-06 1.88570138561772e-06 3.76244222479727e-06 2.68077917553455e-06 2.01368862349227e-06 3.04722144619518e-06 1.63817143175038e-06 9.20662208159229e-07 7.77167498711151e-07 9.54484426074487e-06 1.44413228326812e-06 6.43964602886626e-07 9.02248041256826e-07 7.8166476100705e-07 4.05090133881458e-07 1.75822748005316e-07 1.35757708363826e-07 7.47027304015546e-08 5.96636816396767e-07 6.08447277272717e-07 5.33490521092972e-07 3.63041290540878e-07 3.3662390706013e-07 3.72281492744264e-08 3.08289632044989e-08
5.05273328599287e-06 4.24831177952001e-06 3.92981739878451e-06 5.41447627711023e-06 5.37745604560769e-06 2.86212856508428e-06 2.68417200004478e-06 3.09966854956656e-06 4.02595967443631e-06 4.78505396586115e-06 8.32412270028726e-06 7.42790793992754e-06 8.13619174095948e-06 7.82837616952747e-06 1.72408481375896e-05 8.67954358909628e-06 3.85254444381644e-06 3.026522347227e-06 2.06506963422726e-06 1.91353058767163e-06 1.43376357755187e-06 1.49820219803587e-06 2.5750159124982e-06 1.23958978406336e-06 1.27406182173218e-06 2.57181582128396e-06 4.57101383517511e-06 1.19074258293494e-06 8.74205477430223e-07 1.172369707092e-06 1.05605362819006e-06 3.29054980738874e-06 2.95321019905259e-07 3.35751042257471e-07 3.90775377923092e-07 4.76459128151419e-07 2.32971568436824e-07 1.69446665054807e-07 7.7761055905512e-08 6.7862961650178e-08 5.28406589239694e-07 7.27316330539907e-07 5.54328634905232e-07 2.25532976827481e-07 2.72561953806871e-07 2.53461948318545e-07
1.09251700450841e-05 4.60423841559532e-06 2.5609113322389e-06 2.82824513533342e-06 3.180494377375e-06 3.26251400792898e-06 4.14162281003883e-06 3.6899717997585e-06 4.074485275396e-06 3.8061890222707e-06 4.08602486459131e-06 4.13320002508044e-06 5.04785557495779e-06 8.59874619436596e-06 1.008549661492e-05 5.80405805976625e-06 5.25322680005047e-06 4.42546455587944e-06 2.84434383956977e-06 1.69283686659583e-06 1.33463367433251e-06 1.145225778032e-06 1.01951770830055e-06 2.87958347371386e-06 2.09701520930139e-06 1.62340776341807e-06 2.08940411994263e-06 1.5614165192801e-06 1.19209054787461e-06 1.07043955495101e-06 5.63388323371328e-07 1.69049901614926e-06 2.32445993333386e-06 2.79147204196306e-07 3.29546438138095e-07 2.74320745319301e-07 2.37427044424976e-07 1.87492983272364e-07 1.03126950889987e-07 9.66478541641891e-08 5.61481340355385e-07 8.08324995205112e-07 5.28780014974473e-07 3.06376104219908e-07 2.35786295377238e-07 2.05194695723776e-07
8.07694646027812e-06 5.2402835308385e-06 5.39725206181174e-06 1.14197863240406e-05 1.62663592618628e-05 7.25267591406009e-06 7.49078537864989e-06 8.52293387652026e-06 8.5606364564228e-06 6.16864015228202e-06 6.15910807937325e-06 7.12748376372474e-06 8.32978550988628e-06 9.55175278249953e-06 1.00379295872699e-05 6.68976670112897e-06 4.48740049705521e-06 7.59036615818331e-06 5.62209554573201e-06 4.20608643025844e-06 3.52488834778342e-06 8.81718497112161e-06 6.20415084995329e-06 1.91068148183149e-06 2.97431847684493e-06 2.47815849547806e-06 2.65787430180353e-06 1.1814774143204e-05 5.59824252377439e-06 1.35155540306187e-06 4.14647075785979e-07 1.37195398224321e-06 3.13476632527454e-06 2.71340404367493e-07 3.27277588496599e-07 3.0269461746002e-07 1.94005689024834e-07 1.51333982145729e-07 9.40973592378214e-08 9.5888141515843e-08 1.63582065937362e-07 1.51257686411554e-06 7.05057451000357e-07 3.97874666191456e-07 4.38417896475585e-07 3.28265845439546e-07
4.5373692614703e-06 5.07875901121224e-06 6.47737019789929e-06 9.78510208824446e-06 1.19162916234927e-05 2.03301886358531e-05 7.8354105426115e-06 8.72671862452989e-06 8.34624788694782e-06 8.75667542459269e-06 9.43307579746033e-06 4.54834807896987e-05 4.35361833297065e-05 1.4368210304383e-05 9.89649438452034e-06 9.2143635811226e-06 4.74044447855704e-06 4.66048219323056e-06 4.21442883862255e-06 4.31330189485379e-06 5.01550933904582e-06 2.53246303145716e-05 9.80986220383784e-05 1.2690351513811e-05 3.84826078516198e-05 0.00304013157729059 -9999 -9999 -9999 1.0321623881282e-05 1.45705880072455e-06 7.23200170682503e-07 9.95734455955244e-07 4.84121522958958e-07 4.6785385734438e-07 3.05994326765813e-07 2.26109830947507e-07 1.95434184746546e-07 1.36856467847224e-07 2.01659064913429e-07 3.94102045220279e-07 1.36715241012553e-06 9.64522959634451e-07 5.51896191325341e-07 3.11707329103683e-07 4.23382377334747e-07
2.57966987646796e-06 3.79514406176895e-06 7.08091031356162e-06 1.1876623648277e-05 1.28239935747843e-05 -9999 -9999 0.000117762742956984 0.000757405812328216 0.000115414894389687 0.000126362681839964 -9999 -9999 -9999 -9999 -9999 -9999 4.74566506454721e-05 -9999 -9999 -9999 -9999 -9999 -9999 -9999 -9999 -9999 -9999 -9999 -9999 3.04253358081041e-06 1.43638167173776e-06 2.65130090326693e-07 8.78638849144409e-07 4.65370919755514e-07 3.70816736960933e-07 3.62503266160275e-07 2.14010953669685e-07 1.75802694357685e-07 1.39190441217352e-07 1.80371281999214e-07 1.15538519480651e-06 5.66004514723772e-07 6.17589414275699e-07 5.18946085037442e-07 7.73001372067483e-07
-9999 -9999 -9999 -9999 -9999 -9999 -9999 -9999 -9999 -9999 -9999 -9999 -9999 -9999 -9999 -9999 -9999 -9999 -9999 -9999 -9999 -9999 -9999 -9999 -9999 -9999 -9999 -9999 -9999 -9999 1.56058993070474e-05 3.09974302581395e-06 6.59843948369598e-07 4.57571189826922e-07 4.24522771425018e-07 3.07649335695714e-07 2.83478811979876e-07 3.11051513790517e-07 1.91912668867644e-07 1.4896197697567e-07 8.86919917775231e-07 2.08190487569482e-06 1.01912065701981e-06 8.67238270529924e-07 7.77560612164052e-07 6.91679210262919e-07
-9999 -9999 -9999 -9999 -9999 -9999 -9999 -9999 -9999 -9999 -9999 -9999 -9999 -9999 -9999 -9999 -9999 -9999 -9999 -9999 -9999 -9999 -9999 -9999 -9999 -9999 -9999 -9999 -9999 -9999 7.60631687057867e-07 7.697800947426e-06 2.37520100768052e-05 7.29005640778269e-06 5.22664836921649e-07 3.19249167546332e-07 2.94110345322451e-07 1.84257115165565e-07 7.98483380748394e-08 1.11749126290306e-06 1.74533201970917e-06 1.77498523612485e-06 1.88493854125227e-06 1.3737550773385e-06 1.03346358741874e-06 8.90540547970886e-07
-9999 -9999 -9999 -9999 -9999 -9999 -9999 -9999 -9999 -9999 -9999 -9999 -9999 -9999 -9999 -9999 -9999 -9999 -9999 -9999 -9999 -9999 -9999 -9999 -9999 -9999 -9999 -9999 -9999 -9999 -9999 -9999 -9999 9.94579817614749e-08 1.51271346027215e-07 2.99412977255997e-07 7.54888628762274e-07 6.17098424982032e-07 8.73371061516082e-07 2.81426591755007e-06 1.3009242991302e-06 2.07708329753586e-06 9.44428794014129e-07 2.38437002053615e-06 5.31714903218017e-07 9.10100703777061e-07
