Maxent_result_files_2/B_hortorum_3.asc
NCOLS 594 
NROWS 330 
XLLCORNER -15 
YLLCORNER 23 
CELLSIZE 0.166666666666667 
NODATA_value -9999 
[rows 260 to 279 of 330, columns 322 to 367 of 594]
1.25517096716266e-10 9.14448738953411e-11 8.45092662515867e-11 7.5391304310557e-11 7.49292627943987e-11 6.86790735393572e-11 6.61725008122005e-11 5.72858205316606e-11 4.66987337688352e-11 4.12518907921822e-11 3.39381855951615e-11 3.06843106478993e-11 3.90862675558878e-11 4.98477481514215e-11 1.9671131390453e-11 2.04842587336884e-11 2.32955654766442e-11 2.33651875625185e-11 1.40661704506329e-11 2.3186086384186e-11 2.48983500483746e-11 2.41216491225771e-11 2.40751862889965e-11 2.18128737294876e-11 1.85701565236229e-11 1.82554193983719e-11 1.34957600650409e-11 1.3389045427914e-11 1.39916189745293e-11 1.62524216307247e-11 1.10396913832744e-11 1.12410969421717e-11 7.55795426243822e-12 3.691913441628e-12 6.18605167090891e-12 2.47296960687038e-11 2.23638885188393e-12 4.9479970121169e-10 9.03775254634809e-10 4.87661706571885e-09 1.24732769668512e-09 4.29089980213959e-09 1.61780869412098e-07 2.20240820389961e-06 2.65813350210919e-06 5.65037936439694e-07
1.19960652522622e-10 1.20515064594429e-10 1.14480991353361e-10 1.11578624117925e-10 1.04292985358967e-10 8.64035065717417e-11 7.77373276861226e-11 7.21717574592162e-11 7.47158113156843e-11 5.36441446818969e-11 4.14304812679234e-11 3.51637163831242e-11 2.75136802230236e-11 4.44143832822874e-11 2.4004243037723e-11 3.00321323365438e-11 1.43156853038562e-10 2.34053776360099e-11 2.84405388129017e-11 2.22957208251273e-11 5.1176873849812e-11 2.89989698920579e-11 3.6565173111569e-11 1.94293692246106e-11 1.81492820772178e-11 1.4436596362799e-11 4.57851645485618e-11 1.40172984330889e-11 1.4670542558548e-11 1.34228406167836e-11 5.4148241446228e-12 1.10047859713802e-11 3.69787089837814e-11 6.63250565580142e-12 4.31979785275871e-10 1.91687221651193e-11 8.13326073156872e-12 5.19050391556419e-10 1.53979728967357e-10 2.06072263808643e-08 4.2967008062611e-09 1.74520683460244e-09 9.43730888547378e-08 6.47138115312806e-06 5.12659555056416e-06 5.61735576241063e-06
1.59765456420047e-10 1.59423829693139e-10 1.82489257039009e-10 1.4045211660374e-10 1.28412291910962e-10 5.0623683023332e-11 9.88894632847348e-11 8.23100698710277e-11 7.06657621307727e-11 6.20707152343414e-11 4.93942442503226e-11 3.78803655110005e-11 3.24243076832431e-11 2.73805755846013e-11 2.74438027858537e-11 2.9844904325671e-11 3.83719833685348e-11 3.04567038256209e-11 2.96741964334046e-11 2.29220087355486e-11 5.22966114857581e-11 1.20090049016142e-11 1.72467040648883e-11 2.21059504035281e-11 1.81930914777695e-11 1.47052481302978e-11 7.22466531044574e-12 2.19487872321622e-11 1.41048173141201e-11 1.47201140165976e-11 1.06513242670303e-11 1.48698942048497e-11 7.49906470254302e-11 4.27825552762329e-12 1.02314656746927e-10 1.58831614527344e-11 8.8216656202178e-12 3.74879016717955e-12 1.76581083088934e-11 1.95962590598953e-10 1.4779187207381e-09 8.4729925298177e-09 6.82546430041953e-08 5.21738925129966e-07 4.01196537325177e-06 2.20276701803357e-05
2.10727102434305e-10 2.07043837630039e-10 4.29225155418322e-10 1.23543741903376e-10 4.41887526569928e-11 1.08293685130434e-10 1.17023690737739e-10 9.82043113495479e-11 7.54847628847699e-11 6.73041178345102e-11 5.54908563543677e-11 4.86663043197666e-11 4.44246861519559e-11 4.06099598393439e-11 3.19247295266223e-11 3.66567887155611e-11 3.91027876744943e-11 3.70229402690825e-11 3.32767591260108e-11 2.46073827980808e-11 4.52003323658801e-11 1.72807435028233e-11 1.25694676889054e-11 1.66142211099896e-11 1.6617307529998e-11 1.43379419448308e-11 6.87233603358095e-12 2.23459029058404e-12 1.22109211631027e-11 1.45721545941058e-11 3.24050009048449e-11 6.08381123257118e-12 1.87892326142247e-09 1.37491351637209e-11 7.61519736158789e-12 2.16241691219921e-11 6.43968789404425e-10 1.05974983233281e-09 5.69810865158615e-12 2.28639773780515e-11 1.44660394774121e-11 6.34601815541203e-10 7.06976401865234e-09 3.61841156859555e-07 2.57980524906998e-06 3.51935605351628e-06
2.24925167380263e-10 2.09777739623718e-10 3.55382778760571e-10 4.56221838085469e-11 3.60876895033613e-10 4.52672010986532e-11 1.99685157298291e-10 1.12086306902626e-10 9.1820562264644e-11 7.82024667245196e-11 8.21853696209018e-11 5.74084002558095e-11 6.12477957240287e-11 6.09658323824647e-11 4.45648073998939e-11 4.16471523934092e-11 4.84496998076622e-11 4.0778491694482e-11 3.05014902224343e-11 2.7363655785706e-11 2.86936363558254e-11 1.65270130914053e-11 1.36010092077754e-11 1.09876097109662e-10 1.08957842748225e-11 1.29542265803195e-11 5.6992965902225e-12 9.37283584079296e-13 6.4707128544228e-13 5.51193091169466e-11 1.67311831056338e-11 9.80221459556674e-12 6.8422711940741e-12 2.28041930894207e-09 3.12920656053706e-10 8.71716143713286e-11 8.38537613789825e-09 2.40422187713918e-09 2.36786601437444e-10 6.06980021800041e-12 8.23395795990223e-12 6.55475163036101e-10 1.82319220831673e-09 1.04498074415815e-08 7.68825444197319e-07 1.5731748726644e-05
1.53427970328579e-10 2.09949213569871e-10 4.70314120981641e-11 1.06422226586744e-10 7.43341499465089e-11 2.10703932079781e-10 1.43523726237049e-10 1.37520794751822e-10 1.48072731853688e-10 8.83782158567214e-11 7.73375585794156e-11 6.10682282520258e-11 6.01572125447092e-11 5.04571273651777e-11 6.48985420959036e-11 3.8800840318487e-11 4.45807057936065e-11 2.89118395890853e-11 2.7493185505989e-11 2.78550627008656e-11 2.406181920378e-11 1.85058857127274e-11 2.37394992552709e-11 1.28820842881794e-11 8.71595018381299e-12 1.17301390822888e-11 1.150657347182e-11 5.62426771821833e-12 9.81270620314945e-13 9.92453563775086e-11 1.12352904757529e-11 1.1470369098987e-11 1.05711772668826e-11 3.28495693979747e-09 4.58915883072564e-10 5.20863463471244e-11 5.153277582437e-10 1.32891608828345e-10 1.65286484499205e-10 1.6206314068512e-11 8.94579965660114e-12 1.69642855318841e-11 1.11588849271982e-11 3.33150891318468e-09 2.82844078824951e-08 3.02338442699224e-06
7.64911722850314e-10 2.35478603283212e-10 5.27117238746655e-11 8.42984571036709e-11 3.65887808939647e-10 3.08412506644373e-10 6.45098419127521e-11 1.02514596811432e-10 2.39316011452217e-11 7.53716200563304e-11 5.93064930498599e-11 5.85426040977666e-11 6.30114738164878e-11 5.3228421670326e-11 4.17263223972952e-11 3.24933968620655e-11 3.23780113831162e-11 2.9394597866883e-11 2.81931145096337e-11 3.17079251743735e-11 2.93045032684347e-11 2.26422991467246e-11 1.51490819888522e-11 1.4940826353893e-11 3.23243098954151e-11 7.52641282630861e-12 5.14205344970264e-12 8.01230193303581e-12 8.98748853117581e-12 1.1343859185331e-11 1.15982445869633e-11 1.07610809152447e-11 1.53045354167602e-12 9.93808146887432e-11 1.14055520583634e-10 1.80912840264114e-11 4.61198856882561e-12 1.80644388336759e-12 1.23990817613162e-11 8.36392066716485e-12 9.79312186899506e-12 3.16852100112897e-11 6.03469829663084e-11 2.00908545355816e-10 1.52892631888335e-09 1.48224449159073e-08
5.92773496954635e-11 2.71413180819025e-10 4.86466311677702e-11 5.17797726917735e-10 1.05331843247569e-10 4.61601823431579e-10 3.2248292924919e-10 2.69045452583327e-11 1.07219977341089e-10 8.97325103110802e-11 9.10288844302443e-11 1.58353719026394e-10 6.10460570982241e-11 4.94776553061627e-11 4.18592494000336e-11 3.93336252457743e-11 3.31122129715311e-11 2.95714563947058e-11 2.71988986888516e-11 2.91815349662272e-11 3.02520009043405e-11 2.32009189637949e-11 1.64877222985638e-11 1.21942789199636e-11 1.05532138583442e-11 9.29095689272685e-12 1.45370049331461e-11 6.73394673356142e-13 3.44981820887824e-12 2.36223818284031e-11 1.62982960461022e-12 2.22591944876172e-12 1.69919922576867e-10 1.37511931841416e-09 5.70963752943854e-09 6.68497313061067e-10 1.78741466072552e-11 6.68166633133183e-12 7.12094827548526e-12 7.05624447761011e-12 8.48290326871393e-12 7.50715045683137e-12 2.84946621853521e-11 1.52869716885107e-11 1.17512610753323e-10 7.6232861134784e-10
2.66014987815311e-10 1.80939363492172e-10 2.2174564406896e-10 3.59111074210716e-11 2.39413389113707e-10 1.53313106654451e-10 2.91378321470859e-10 1.23516374905819e-10 1.26467281091891e-10 1.20042353835004e-10 1.01760055937206e-10 8.11406053458086e-11 6.77913836177879e-11 5.82820014471963e-11 4.9579518268672e-11 4.01458088994389e-11 3.50162454587632e-11 2.93432167453034e-11 3.07633363227922e-11 2.59902543930934e-11 2.7866486895789e-11 2.4359514405603e-11 2.33318586673192e-11 1.51118895175273e-11 9.19777587427006e-12 7.54137863268056e-12 7.54314388728972e-12 2.92918245214935e-11 7.26952942287085e-12 2.15747419929357e-12 1.68592917404453e-12 7.06787961490818e-12 1.02764918796794e-10 5.13038711513758e-10 1.00332649966006e-09 1.68117308962934e-10 2.21075380224534e-12 3.04211100754515e-12 5.90164583869068e-12 6.71797062423707e-12 5.57849322291304e-12 6.64361898827792e-12 7.59466933786257e-12 1.13795084466517e-11 2.11544892714244e-11 1.50746415350511e-11
3.08126479886539e-10 3.0835599629242e-10 3.07798897480893e-10 2.88460159092452e-09 4.27586754891962e-10 3.45659834088963e-10 1.17029774759914e-10 1.14237908022119e-10 1.31640520706355e-10 1.64592039997302e-10 1.1593088711237e-10 1.13080211860961e-10 7.77172326493769e-11 5.78128211969897e-11 4.50726456158179e-11 4.14016709804343e-11 3.78824083213658e-11 3.2059699339726e-11 2.96004887267998e-11 2.29578023258625e-11 2.49894438475451e-11 2.35124475445048e-11 1.84467885411266e-11 1.31033628392174e-11 1.05112474280133e-11 9.22779630485593e-12 7.61510854374592e-12 6.32156549329466e-12 6.43348707640712e-12 7.4407147110378e-12 8.68597416214811e-12 2.71087485792521e-11 4.32951452467023e-12 1.96476090952302e-10 1.04736719297449e-10 3.62491168193202e-09 1.62466821107543e-09 1.25834898057065e-12 1.27754917755851e-11 4.75193218107961e-12 4.54257742532604e-12 4.78859174535273e-12 5.85315129697506e-12 1.81868742288316e-11 5.18030063290098e-11 7.34390326329049e-12
3.02140479302437e-10 2.91999024959466e-10 2.39234210219763e-10 1.08646769358955e-09 4.3265102611656e-11 1.41954892285412e-10 1.81601722548663e-10 1.08032960355331e-10 1.26377408538048e-10 1.28824628742308e-10 1.19272047793828e-10 1.00869079755483e-10 7.56882223562627e-11 6.35990704545009e-11 5.04053021543882e-11 4.66445992941544e-11 3.41838668482808e-11 3.14582582205958e-11 2.81032530580205e-11 2.3113411184994e-11 2.09589234856367e-11 1.93367433176661e-11 1.62761693012214e-11 1.24094623465965e-11 1.10592979218893e-11 1.02965191928206e-11 8.74313954568606e-12 6.80377976181035e-12 1.29422139671931e-11 1.15780163234547e-11 5.99958971392311e-12 5.53406209746754e-12 9.38238375880474e-13 1.22731791396546e-10 5.17464515681354e-11 5.17833775859344e-11 6.466894020285e-10 4.30589097710765e-10 4.47297665573387e-10 6.71462885293295e-13 1.57286406121671e-12 3.98464594653092e-12 4.57861526470538e-12 5.88676885016071e-12 6.92070845076387e-12 2.05335748404423e-12
2.99838753825554e-10 2.91324231405099e-10 2.62999644284889e-10 2.2968553725633e-10 1.85994619705809e-10 2.11148476481071e-10 1.20637089207065e-10 1.12152109821295e-10 1.25714172405367e-10 1.27931887305976e-10 1.19360532568891e-10 1.03870401169104e-10 8.68836336209711e-11 6.30655971889382e-11 5.14656872674379e-11 4.05498634670209e-11 3.48735373911779e-11 3.06397573979211e-11 2.66935695769632e-11 2.16528794894089e-11 1.92662996667536e-11 1.79004144840178e-11 1.52723278468159e-11 1.22874377339599e-11 1.06171516023323e-11 9.97639748590018e-12 8.57187654190739e-12 6.36863894953876e-12 1.46548884139008e-11 1.00398578339878e-12 8.55157056278699e-12 3.51688678179585e-12 6.86887213774412e-12 3.24679283458806e-11 4.97207153227208e-10 1.17941345578743e-10 8.56042792207745e-11 2.29413743557672e-10 1.65899196602481e-09 3.19097441803251e-09 1.96110017114393e-11 1.28066446336561e-12 3.79533071637184e-12 4.67196281661586e-12 5.72989433678117e-12 7.70256081139564e-12
6.06239058953406e-11 2.95006608030945e-10 2.67338984283327e-10 2.48517462164699e-10 2.12718143099977e-10 1.65298552623483e-10 1.3536159970684e-10 1.28274324495692e-10 1.29662258707697e-10 1.29470545395804e-10 1.12611664437878e-10 9.21093645800397e-11 7.49349693407453e-11 5.67389468741908e-11 4.52824999719326e-11 3.88707288578871e-11 3.19349213739883e-11 2.74312350612149e-11 2.35657715563775e-11 2.07142303310093e-11 3.05100167352634e-11 1.731486065637e-11 1.67280411744741e-11 1.27922894499477e-11 1.1040934833062e-11 9.14311959476777e-12 7.73269226428397e-12 6.71996902568139e-12 2.8825986042591e-11 1.87274640239821e-12 2.18112194971809e-12 9.24499365950737e-12 1.44970702109504e-12 1.66653471023182e-09 2.9130398093713e-11 2.6053772361756e-09 3.59513763203978e-10 9.63262247744012e-11 1.19701869527589e-09 3.91182053416372e-10 4.86007178945869e-10 2.14235729156798e-10 7.58125562327905e-11 3.40961758826808e-10 3.87212584218588e-10 1.8059438389173e-10
5.67478175561575e-11 2.89133117448159e-10 3.58550000800761e-10 2.41459241490105e-10 2.07204065016953e-10 3.38567618385355e-11 6.47081055404897e-11 1.2788562431254e-10 1.23102705806843e-10 1.17185572356959e-10 1.02900721277166e-10 1.21996845958705e-10 6.73844757770326e-11 4.45815939720262e-11 4.44058345649978e-11 3.42744943537809e-11 2.95893420876325e-11 2.7964996984764e-11 2.1202262168174e-11 2.62368349268627e-11 1.37959310642088e-11 1.41414768783932e-11 1.31405553105424e-11 1.25128241101891e-11 1.04478203866165e-11 8.41745562141227e-12 8.30464585988011e-12 7.80836506564242e-12 5.69060354393969e-12 7.21728232733199e-12 3.31435989764373e-12 2.98645552732069e-12 2.69921862638967e-12 1.02491348741296e-12 2.6040547496109e-11 2.13228336098936e-09 5.7740022763042e-10 1.73306743400659e-09 2.97228874845956e-10 6.39225006260347e-11 3.00572655653752e-10 1.52298500477599e-09 3.57973461984074e-10 1.66839309034827e-10 6.73578148813192e-10 4.94161933595194e-10
8.36901659084788e-11 9.12865449897993e-11 1.01929353846231e-10 2.80463452462243e-10 4.53368587116643e-10 1.79384485043954e-10 1.47458578680926e-10 1.21844745404331e-10 1.12521214568062e-10 1.00310493245104e-10 1.34871369628087e-10 7.19958426209644e-11 8.22933943211979e-11 4.27411106507236e-11 3.55024565301676e-11 3.40922734487492e-11 3.09518188856828e-11 2.25171326029283e-11 1.92499460816009e-11 1.55581880711964e-11 1.39829370304767e-11 9.97574245431565e-12 1.08494990769259e-11 1.0427825269943e-11 9.48828793312373e-12 6.8464234281862e-12 7.44923012163667e-12 6.7002625669943e-12 6.36519725816242e-12 5.55673285163039e-12 3.63036267714278e-12 3.2238101077553e-12 3.50328654974419e-12 3.91425780676968e-12 5.26509391640673e-11 1.17279118638791e-09 6.2223662222749e-09 9.97063348551208e-09 3.07742942240452e-10 1.5972816402865e-10 6.46948283833382e-10 6.13494588463937e-11 3.12292092186084e-10 4.20343160278946e-10 6.60732712987056e-10 3.41616368526587e-10
6.53555443097531e-10 4.82223949660465e-10 5.66190205830708e-11 2.57829202432447e-11 1.8580891270048e-10 1.52156209853871e-10 7.8527773172965e-11 1.12860387702085e-10 9.5217755902155e-11 9.15831077641371e-11 8.07595768037572e-11 7.45191242046417e-11 5.9327776025242e-11 4.53755810703171e-11 3.77544551177778e-11 3.22418203246855e-11 2.82824763608858e-11 2.26041407813682e-11 1.87269422191605e-11 1.40122913272478e-11 1.22543197811353e-11 1.2765566381745e-11 8.94542218077277e-12 8.93346507879755e-12 7.67423902203745e-12 5.49124079540775e-12 5.92339510774309e-12 6.86809498162688e-12 6.63820109991775e-12 5.2701287778234e-12 3.78176379101092e-12 3.0829783170816e-12 4.8335668800803e-12 2.68182698270891e-11 2.98282509803016e-12 9.01388386154167e-10 2.897813700109e-09 8.18341916453136e-10 1.78205602496817e-09 6.68470501175022e-10 2.80007916853009e-10 1.06119557585771e-11 4.80463557828159e-11 1.02207153851452e-10 6.10746453411082e-11 3.99630994962763e-11
3.26443871934146e-10 2.18607587587627e-10 1.0663439020675e-10 1.92045157554332e-11 1.18889975642134e-10 1.51353707344981e-10 1.34285482733532e-10 1.13227061060428e-10 1.01900410331979e-10 8.69536997960552e-11 7.26671167683435e-11 6.31478314083722e-11 5.55937962332109e-11 4.93216800734331e-11 4.24921320352212e-11 3.00956592980128e-11 2.24591567565824e-11 1.90998772353623e-11 1.68625557961377e-11 1.42290623728059e-11 1.0896705759933e-11 7.84151632515773e-12 6.68760602451357e-12 8.15064682413436e-12 9.05739927503646e-12 6.21522833199606e-12 5.593414620364e-12 5.32919264273346e-12 5.77984327065906e-12 5.41420241972901e-12 5.00859353991245e-12 3.82732734394153e-12 3.22799564855814e-12 4.43851622122793e-12 1.58700386165833e-11 2.91742308089482e-10 4.5996122466363e-10 6.43997610794145e-10 4.36675640091977e-10 1.7174150990229e-11 1.51114576407707e-10 3.85103504640938e-11 3.10606540487868e-11 4.31668256695161e-10 3.30894645017565e-11 3.85912191092075e-11
3.25805948886426e-10 2.12099593444037e-10 1.83970250144938e-10 2.80405554331509e-10 2.82745926671879e-10 1.48430545632294e-10 1.35158506608946e-10 1.10298536970532e-10 9.80252767845968e-11 8.3575524278956e-11 7.67821473068864e-11 6.44463704624343e-11 5.14813747187759e-11 4.23913903979667e-11 3.77178843713466e-11 2.8595692480593e-11 2.24060103803936e-11 1.77167058801331e-11 1.55743973273559e-11 1.29405597348864e-11 1.06353925666269e-11 8.903999759724e-12 7.62193641534736e-12 7.29609705985013e-12 6.71228628235099e-12 6.03093130990828e-12 5.11496400790179e-12 4.87996310027938e-12 5.36389821448324e-12 5.66622304631892e-12 4.96958030282713e-12 3.95073973535887e-12 3.60623753081768e-12 3.99821287189184e-12 1.62269087056188e-12 2.09479700252757e-10 3.1479368001186e-10 3.40432715351113e-10 3.13684733743713e-10 1.61834212697443e-11 1.78317360877145e-12 2.06945682812432e-11 2.87961876566101e-12 2.73624567448394e-11 2.5857593843881e-11 3.5050407021231e-11
2.1409832795527e-10 1.97282523650699e-10 1.64930258339524e-10 1.61214952498767e-10 1.35675248813527e-10 1.3421957989479e-10 1.1263926458227e-10 9.70938551780875e-11 9.01225538640915e-11 8.26125834407776e-11 6.49846509936935e-11 5.42143663295747e-11 4.56343851595875e-11 3.74555719773184e-11 2.80829692833606e-11 1.99380068011124e-11 1.88013271618104e-11 1.28540067478866e-11 1.03870356760183e-11 9.12385722529052e-12 8.46596126535815e-12 7.67507168930592e-12 6.32915941878309e-12 6.94040380722072e-12 5.7594262692362e-12 4.87587747954876e-12 4.56213955501994e-12 4.20048440474829e-12 4.50155468456614e-12 4.87035967111638e-12 4.64492888596624e-12 3.83721943109094e-12 4.02380351260945e-12 3.71411790212051e-12 7.06246172654801e-12 1.17826859380443e-12 1.47636347591629e-12 5.28961319190557e-12 3.69655972498606e-11 1.97926108835844e-10 2.19644302745792e-12 2.51485499092041e-12 5.35849142835332e-13 2.79600675945346e-11 8.72129146678446e-11 5.06584107995423e-11
1.6706078742601e-10 1.57019963697991e-10 1.3260554876382e-10 1.23613264069178e-10 1.29702104612051e-10 1.08294218037486e-10 9.12589448454071e-11 8.77000028154384e-11 8.61626214820888e-11 7.37611749457301e-11 5.9887550474258e-11 4.55488091688494e-11 3.81906062330017e-11 2.78595368996548e-11 2.07833972254434e-11 1.67955538366016e-11 1.68832836600075e-11 1.3222367645227e-11 9.86494219645806e-12 8.12139244743548e-12 7.4787620540917e-12 7.27574667180875e-12 5.42446088047654e-12 5.09527975367519e-12 4.62330174144654e-12 4.30961932806895e-12 3.47506468045822e-12 5.00427477234666e-12 4.02806676902401e-12 4.32389679616563e-12 4.37885283588457e-12 3.7739589231478e-12 3.86849441369463e-12 3.79650755277794e-12 3.90267818062284e-12 3.57931462247052e-12 2.25606200388029e-12 2.25182095192622e-12 8.1197160106683e-12 2.48116749368421e-10 5.98822103015095e-12 4.33941771404989e-13 2.43859377135891e-12 2.12120543352512e-11 3.98398736223271e-10 1.06414368428176e-09
