Maxent_result_files_2/B_humilis_2.asc
NCOLS 594 
NROWS 330 
XLLCORNER -15 
YLLCORNER 23 
CELLSIZE 0.166666666666667 
NODATA_value -9999 
[rows 294 to 314 of 330, columns 230 to 275 of 594]
5.7325562851096e-07 4.6418013938121e-07 4.66835872237059e-07 3.8021524093601e-07 3.679884164276e-07 3.34198176366041e-07 2.81688367897992e-07 2.88057146258236e-07 2.62611404322488e-07 2.5465418461712e-07 2.88399805370432e-07 2.96273666267055e-07 3.07438037705499e-07 3.13449185551651e-07 3.2401537332083e-07 3.39836107077218e-07 3.78165910064343e-07 4.96808850414254e-07 2.82688589747782e-07 3.15276351114946e-07 2.90421078619207e-07 3.6026746640383e-07 4.38924651136041e-07 3.99622172675418e-07 4.4985440411649e-07 4.09716173888075e-07 4.9285685992384e-07 5.91951034778493e-07 7.25511978183491e-07 8.74713587017961e-07 1.0347006891398e-06 1.12164746591814e-06 1.02507402598428e-06 1.06051487537284e-06 1.1131724676261e-06 1.30865040469663e-06 1.1967776377686e-06 1.13816624072172e-06 1.16539721446429e-06 1.23421026915205e-06 1.28055082989631e-06 1.34600871005697e-06 1.36924419072981e-06 1.76097737816239e-06 5.54941479240512e-06 1.62432776605215e-05
6.23342809003002e-07 4.97937968912954e-07 4.85197387189995e-07 4.47218962218443e-07 4.07310291128393e-07 3.33723763179528e-07 2.8630807710206e-07 2.89370408945722e-07 2.95456653531811e-07 3.06959706564136e-07 3.03775379550952e-07 2.99115322033305e-07 2.99970544692663e-07 3.09888435168215e-07 3.29411387911538e-07 3.50093101664228e-07 3.74916555556659e-07 4.33608684613507e-07 3.59248771375498e-07 3.6030140292409e-07 3.533853677129e-07 3.41666672998286e-07 3.14301091530744e-07 3.10599983865956e-07 4.38552582404661e-07 5.50617270667075e-07 6.39158954041097e-07 7.50509547930989e-07 9.43660135144242e-07 1.04582670503728e-06 1.24562668082362e-06 1.42658500710269e-06 1.58403216010683e-06 1.46508511611465e-06 1.2489167471208e-06 1.15385028250925e-06 1.17318667683941e-06 1.25426182135957e-06 1.42140506739219e-06 1.48309652172607e-06 1.64353157767749e-06 1.79946919214302e-06 1.75711238901144e-06 6.08961622035054e-06 1.38969738291195e-05 8.98063821521688e-06
6.09916073290862e-07 6.10030370018499e-07 5.42881211196278e-07 4.96905340396925e-07 4.05261239089238e-07 3.38408242350763e-07 3.19713846896885e-07 3.25872665773996e-07 2.98442884461014e-07 2.84006619921673e-07 3.22007239528244e-07 3.1880876635304e-07 3.19568472539888e-07 3.2574842041555e-07 3.30839089768276e-07 3.4438134115522e-07 3.77132655016155e-07 3.0221512878903e-07 2.93441522392079e-07 3.37568784525288e-07 3.60149855016534e-07 3.70149139483633e-07 3.99809031770282e-07 4.24899837569992e-07 5.24679458568933e-07 5.75206449116017e-07 8.16183324059416e-07 9.55494130117085e-07 1.07359438583643e-06 1.41207204555904e-06 1.84101540452453e-06 1.97659257099581e-06 1.77202801947551e-06 1.6491163372212e-06 1.51377040333855e-06 1.50073109546067e-06 1.73957615627884e-06 1.81663351912498e-06 1.76337264181647e-06 1.84961400169215e-06 1.86979200451631e-06 1.88261512685806e-06 1.83554861046265e-06 6.93946008594182e-06 0.000119429013284389 7.47766301163466e-06
5.85322532731247e-07 6.71517008843381e-07 5.55072399410772e-07 5.15020820213152e-07 4.01673021299676e-07 3.6515613229815e-07 3.2791350520478e-07 3.21714304274412e-07 3.01955794856923e-07 2.89448824775107e-07 2.9821267489849e-07 3.28966175100476e-07 3.43131681945774e-07 3.49129399601633e-07 3.52373313405874e-07 3.38591602833116e-07 3.19733850251414e-07 3.66215376201851e-07 4.45772288160118e-07 4.89965224492739e-07 5.0458493959793e-07 4.63882284074124e-07 5.31543329884698e-07 5.9362992652634e-07 6.69931467334184e-07 8.97094680851751e-07 1.00695542721851e-06 1.21770793463094e-06 1.44890816002885e-06 1.75711431360526e-06 2.07477485965057e-06 2.00685760460839e-06 1.71170969873735e-06 6.21698542735416e-06 5.39410686442032e-06 2.14520247701078e-06 1.94087703468959e-06 1.71174619245651e-06 1.54273757209111e-06 1.5913744245255e-06 1.56296677096268e-06 1.62474689502368e-06 1.64185593574118e-06 6.02977180701458e-06 9.53350328334324e-06 5.54296934627274e-06
5.49045826325756e-07 6.39755407683129e-07 5.97162492987913e-07 4.94206918733031e-07 4.30519218241887e-07 3.8124381968041e-07 3.48751150647253e-07 3.13873856316871e-07 3.09684304955482e-07 3.05083109586324e-07 2.98131008158453e-07 3.00738675351742e-07 3.16060259553108e-07 3.12799337442993e-07 2.99256374847179e-07 3.06875454225697e-07 3.26824927054936e-07 3.52271861436826e-07 3.78460584804508e-07 4.76432860452292e-07 5.38111353842741e-07 6.03715961144946e-07 6.66605331955949e-07 6.46724654806974e-07 7.42348515103686e-07 9.01547262155411e-07 1.00372508851088e-06 1.1322755663401e-06 1.17696361442432e-06 1.43840157005304e-06 1.76590104459251e-06 1.79977965648614e-06 1.64740981358769e-06 1.4344312782355e-06 1.58830866057169e-06 2.09377294266844e-06 1.99455502816193e-06 1.68731986813775e-06 1.44178103527182e-06 1.43492042419258e-06 1.38086496537237e-06 1.42417249346938e-06 1.51133980024198e-06 5.53536820833145e-06 1.03708366188116e-05 1.58933940710426e-06
6.34513972908035e-07 6.26482735310852e-07 6.31512556270586e-07 4.94725779998095e-07 4.66240382712701e-07 3.73359117866734e-07 3.78636694464696e-07 3.39515349212505e-07 3.00747378667587e-07 3.11973801192522e-07 3.14313713045689e-07 3.24871347123778e-07 3.25216846952525e-07 3.23525972467653e-07 3.34423833703301e-07 3.26396314709321e-07 3.32384102041949e-07 3.51426216915751e-07 3.6086253654144e-07 4.12117602133222e-07 4.71383067213171e-07 5.44423500359326e-07 5.72948728172484e-07 6.38842213207536e-07 7.47734756145757e-07 7.74837948513962e-07 1.06633891382435e-06 1.10744427981313e-06 1.30607333120869e-06 1.64173406829171e-06 1.95291050932855e-06 1.54084553933842e-06 1.3099296235386e-06 1.62597154158561e-06 1.91763734558315e-06 1.98253048191432e-06 1.83300929170738e-06 1.68227343015914e-06 1.48617022602826e-06 1.44062838539627e-06 1.38813412187133e-06 1.32355096029713e-06 1.3979870376879e-06 4.80198326484604e-06 1.97616106760279e-05 6.40323491278849e-06
7.17218235957162e-07 5.50111949304544e-07 5.8334924787351e-07 5.68160256497752e-07 4.60628129872465e-07 4.22847994152598e-07 3.59015154616227e-07 3.65115553435658e-07 3.2800922125098e-07 3.12160939797135e-07 3.14106996646135e-07 3.30491105771102e-07 3.27716253067933e-07 3.32640581013344e-07 3.3600515221277e-07 3.16285418267004e-07 3.31743413239938e-07 3.45604757057139e-07 3.73665123287736e-07 4.17228396798475e-07 4.89536813830238e-07 5.4285289557976e-07 5.73496104783189e-07 6.55966029816657e-07 6.80053817048165e-07 9.06049846549628e-07 8.87768398327715e-07 1.04364693476189e-06 1.32788045165144e-06 1.46862713692464e-06 1.91029606106952e-06 1.54316897242879e-06 1.89519461046839e-06 2.04916346153716e-06 1.92828251424082e-06 1.89312978671197e-06 1.86076693089454e-06 1.78896334097622e-06 1.69364869444522e-06 1.52459229849633e-06 1.46432657782691e-06 1.29402564835734e-06 1.28374401744402e-06 1.31474325216763e-06 1.21202667660469e-05 6.25757630849932e-06
7.76583606743042e-07 6.3212152792147e-07 5.26929713284829e-07 5.72068949300508e-07 5.36341160040088e-07 4.21710995723856e-07 3.92046277242208e-07 3.65251509171216e-07 3.47559214497473e-07 3.34245806077327e-07 3.36913939102956e-07 3.27247444043e-07 3.12094546917052e-07 3.23095354404224e-07 3.28175379038509e-07 3.41541851900384e-07 3.65452805028976e-07 3.64817968168119e-07 3.86182549005909e-07 4.20902413356128e-07 4.27002506298013e-07 4.7989935316739e-07 5.21461285896141e-07 6.16635039674129e-07 7.5228761273749e-07 7.452242169248e-07 1.01768369022981e-06 1.18012414918045e-06 1.13264047891803e-06 1.4592441974326e-06 1.78155147856351e-06 1.71837932514407e-06 1.84807778431662e-06 1.9446478826568e-06 1.99889533627484e-06 1.88352415069204e-06 1.94309070609133e-06 1.90227852105984e-06 1.67611873405082e-06 1.76362223522908e-06 1.64099913133597e-06 1.36885568779999e-06 1.20699709342809e-06 1.24440778627166e-06 7.49355436875376e-06 7.81834474672394e-06
7.86801580954233e-07 7.03852435335328e-07 6.33309194075782e-07 5.39851333847263e-07 5.53100436107012e-07 5.45424871889466e-07 4.11041933423562e-07 3.976483547663e-07 3.55450710498584e-07 3.34002891133611e-07 3.40453848479694e-07 3.51430242184758e-07 3.58339055950285e-07 3.90928357496545e-07 3.62287277022588e-07 3.64840269828637e-07 3.72676209547951e-07 4.03119379543959e-07 3.75091700521857e-07 3.98314295046998e-07 4.1325028384831e-07 4.48496646532348e-07 5.80173518838212e-07 6.80343739589695e-07 7.11840118960971e-07 9.52503509810132e-07 1.16697181192782e-06 1.27247246597406e-06 1.28747408005836e-06 1.53196770424913e-06 1.61775788916074e-06 1.63385882565592e-06 1.7603255342058e-06 1.72559813047535e-06 1.96032176982275e-06 2.00515051917982e-06 1.85693984102731e-06 1.77977690523079e-06 1.63669175132775e-06 1.48291131458755e-06 1.37530256106855e-06 1.34730000314054e-06 1.26254180489171e-06 1.14034304262711e-06 1.09987131065026e-05 6.84872478222687e-06
7.67478712793146e-07 7.74874746645171e-07 6.62622254721246e-07 5.65320591505714e-07 5.65715592759641e-07 5.79086864627154e-07 5.38595662047392e-07 4.01495568946864e-07 3.87725264694438e-07 3.93697595135745e-07 3.83073381704513e-07 3.55612970792674e-07 3.67489610786365e-07 3.94408582327088e-07 3.66811114582699e-07 3.93851448587945e-07 3.72068088716482e-07 3.97826572351434e-07 4.35527689590653e-07 4.02529558030107e-07 4.51546626678567e-07 5.3827112900251e-07 6.18259839857416e-07 6.76946776478893e-07 7.5828628324226e-07 9.22816657655812e-07 1.047402500165e-06 1.27222471560939e-06 1.28502308989198e-06 1.17207524283902e-06 1.26342875829133e-06 1.62281746760584e-06 1.71225970573285e-06 1.71459487421366e-06 1.74661906022777e-06 1.91506492468463e-06 1.91319972002724e-06 1.70917247146463e-06 1.59740567657884e-06 1.45998126805935e-06 1.33159371734637e-06 1.38100578774836e-06 1.38831105337411e-06 1.29564114623726e-06 5.54614011401e-06 9.90934194904369e-06
7.70196051691485e-07 8.02785608355894e-07 7.59979758757634e-07 6.56242694707654e-07 5.06578892545129e-07 5.72458926817454e-07 5.64860321883298e-07 5.23679395791898e-07 4.06805401409471e-07 3.59638874136703e-07 3.64604337199648e-07 3.91820826672884e-07 3.5866869656509e-07 3.98612132046505e-07 4.41743755708046e-07 4.7019687022809e-07 4.5228172330658e-07 4.29789706268835e-07 4.10059305522292e-07 4.75020490431355e-07 5.47097592518142e-07 5.44563526294617e-07 4.44796138088233e-07 4.04103747431161e-07 5.20763206068864e-07 7.59892112744964e-07 1.2001666205963e-06 3.97394293010223e-06 1.06457111809233e-06 1.16588786451821e-06 1.24369998233398e-06 1.32014506174505e-06 1.6807808242536e-06 1.93602070448495e-06 1.62287402569738e-06 1.93830438961484e-06 1.96695043224171e-06 1.71194896125826e-06 1.61010731396516e-06 1.41344590680603e-06 1.42078637966891e-06 1.73054387913041e-06 1.66798717256e-06 1.51733973522417e-06 4.94784978992691e-06 7.27461183220868e-06
7.68181583321592e-07 7.98617265818091e-07 7.99530000017423e-07 7.02598780721875e-07 6.18685035047584e-07 4.71220060949129e-07 4.85290483664969e-07 4.86513082675888e-07 4.63243031689764e-07 4.43888966250583e-07 3.9134756539827e-07 3.66260475859193e-07 4.06725814383613e-07 4.24621208439113e-07 4.55507722141313e-07 5.37328687710836e-07 4.26746989901083e-07 4.29553392367055e-07 4.94521238403323e-07 6.37814881321308e-07 5.69521057314226e-07 6.29938694141074e-07 4.23770019009062e-07 4.87264350779171e-07 7.37144484952434e-07 1.11803095645957e-06 1.53416500809911e-06 5.13986071939421e-06 1.04875485027467e-06 1.14872061004467e-06 1.40933778101093e-06 4.17869724711473e-06 1.80181850444328e-06 1.93883170735987e-06 2.18786632735224e-06 1.78020263343903e-06 1.94055701459028e-06 1.65717075872873e-06 1.57504959097388e-06 1.39461098686011e-06 1.43756763442138e-06 1.61562178220276e-06 1.74819089424627e-06 1.57234776270165e-06 1.66623330950522e-06 1.7542788494751e-06
8.99345013094521e-07 7.71616189665369e-07 7.87102494437253e-07 7.66256859652259e-07 6.57717622154497e-07 5.84997837793644e-07 4.69518563905869e-07 4.63943434225733e-07 4.58432977534784e-07 4.47980073514653e-07 4.68901063599425e-07 4.42324681548811e-07 4.19770652637652e-07 4.02266577337329e-07 4.31530217770426e-07 4.74135716099777e-07 5.22968292460124e-07 6.20053544642118e-07 6.84405530182452e-07 6.35674437354794e-07 7.23064151786357e-07 6.65092890839158e-07 5.62174565266194e-07 6.79028626748845e-07 1.03482224238505e-06 1.4140328993717e-06 1.14718617647558e-06 4.08114918775127e-06 1.03808299519725e-06 1.25175137113409e-06 1.34826175856029e-06 1.44568931000899e-06 6.55965771412248e-07 1.77904261886574e-06 2.13363370047404e-06 2.1822316141229e-06 1.92854199032588e-06 1.62882842178469e-06 1.68174120753761e-06 1.6363064232916e-06 1.40594139458328e-06 1.57268386944409e-06 1.74671430164253e-06 1.69333204140809e-06 1.84117521178084e-06 1.85099999530092e-06
9.81018942936007e-07 9.11211999388151e-07 7.43020145077544e-07 7.64878698922278e-07 7.4021391125445e-07 6.134625611387e-07 5.90044047454885e-07 5.12618944337184e-07 4.64713138548234e-07 4.30576735332977e-07 4.66135868859574e-07 5.32485614590517e-07 5.1132189698988e-07 5.19730432091414e-07 5.8215593480293e-07 6.37021034510799e-07 6.70763777110839e-07 6.09780382454517e-07 6.90455034346726e-07 6.81721999384877e-07 6.6662403426232e-07 6.13917667180441e-07 7.25814651392209e-07 8.64823621493649e-07 1.34097121076149e-06 1.30203284919306e-06 3.70344055329319e-06 9.87562312892987e-07 1.0304769172631e-06 1.23475002392626e-06 1.31991106331331e-06 1.37186475543949e-06 6.72713469485053e-07 8.00212454932225e-07 2.02086866010198e-06 2.34523466426939e-06 2.38689029652406e-06 1.8337372892141e-06 1.6769884363832e-06 1.92405381720384e-06 1.52688963053205e-06 1.64816384726763e-06 1.67674977498145e-06 1.86948795350972e-06 1.94313030292825e-06 1.97594630770848e-06
9.07994573218218e-07 9.79782666421514e-07 7.76863369700287e-07 7.62735490467126e-07 7.25656045508227e-07 6.85770816177822e-07 6.82135097107572e-07 5.96634689820075e-07 5.95561654603838e-07 5.17019665535745e-07 5.07336556754279e-07 5.40224871892203e-07 5.08419484990252e-07 5.78677132212491e-07 6.35618423283635e-07 6.26136632742025e-07 5.49093972568304e-07 5.82193108999984e-07 6.93137680540801e-07 7.20354059902117e-07 6.575251158214e-07 7.73756627159283e-07 7.827680258643e-07 1.31253447058777e-06 1.30678984415766e-06 4.27283980095616e-06 1.33794427864542e-06 1.1192767591317e-06 1.15095731140213e-06 1.2427135745896e-06 1.113069810732e-06 8.86859615190083e-07 6.36539105003386e-07 4.59247589690293e-07 1.25932761876335e-06 1.79252163416965e-06 2.36870168590642e-06 2.34202705799991e-06 1.72687014821093e-06 1.59641588615145e-06 1.65408477950102e-06 1.67169063796102e-06 1.63263183279305e-06 1.76415862802592e-06 2.17218501594729e-06 2.28874528094281e-06
8.71684292969022e-07 9.76356413417978e-07 8.80922597734646e-07 8.1627016160768e-07 7.56280442237855e-07 6.74278313816945e-07 6.90996956009826e-07 6.32257400046132e-07 6.05417853882795e-07 6.81254154011324e-07 5.37851170856474e-07 5.1620590434398e-07 5.45365304638334e-07 6.1327934408606e-07 6.33187788767753e-07 6.59777515765736e-07 6.62213890434415e-07 7.34229868559755e-07 7.91610851158531e-07 7.12361056098843e-07 8.20041307925123e-07 8.11872402262104e-07 1.18861681810412e-06 1.28156239472821e-06 1.15957056218141e-06 1.01418564747435e-06 1.06427978820989e-06 1.5202583706686e-06 1.53282437970192e-06 1.34733841029577e-06 5.27567450170352e-07 5.01129307506343e-07 4.67347639554472e-07 4.49690916026757e-07 7.73991582425637e-07 1.82351473214659e-06 2.04568767427915e-06 2.58001116826279e-06 2.26641750811218e-06 1.80684941573084e-06 1.536419190451e-06 1.6421782472964e-06 1.60680510179478e-06 1.85977490070321e-06 2.04576868290118e-06 2.49811139632072e-06
8.98324775933101e-07 9.721140651342e-07 8.57896596118124e-07 6.83225820463651e-07 6.54643820596768e-07 5.83528390896149e-07 6.39022049331306e-07 6.45765580842284e-07 6.03282005118277e-07 7.10085742794409e-07 7.89420476454694e-07 7.0004891155051e-07 6.79208782539131e-07 6.82030700493996e-07 7.68544049978281e-07 7.72232966483877e-07 8.35372810192858e-07 8.90175140466631e-07 8.32734684397263e-07 8.14240003432776e-07 8.04653471564443e-07 8.46122387376802e-07 1.31820819682105e-06 1.26875658074121e-06 1.24438069115662e-06 1.13112471638033e-06 1.17115050910499e-06 1.6694953435703e-06 1.74020874235126e-06 1.77490426214177e-06 9.9137179525588e-07 4.77233825568746e-07 4.62367210452008e-07 4.64534508548553e-07 4.32072406730821e-07 5.6142637686607e-07 1.00002577566594e-06 2.03815305130917e-06 2.35402494368486e-06 2.19909644192384e-06 2.04232361473711e-06 1.99514590932814e-06 2.00422158873614e-06 2.0801499845291e-06 2.22429126126578e-06 2.39804722008685e-06
9.49098102831503e-07 9.45680786801351e-07 7.91774826225389e-07 6.24839527529897e-07 5.19756670547267e-07 5.23307032196385e-07 6.37892773391879e-07 6.51034813026197e-07 6.41405356127667e-07 6.59878627329302e-07 7.85387786794711e-07 9.18480369549446e-07 8.96187802379433e-07 9.05754370195133e-07 9.12986321344178e-07 9.53267569692162e-07 9.23317004786206e-07 8.24205810889822e-07 7.72255353698181e-07 8.15450047320088e-07 8.09644161992029e-07 1.08080242839925e-06 1.32130507310979e-06 1.28964421923783e-06 1.10540865027042e-06 1.05879659552111e-06 1.17950387291677e-06 1.33742692801642e-06 1.42288324966877e-06 1.75039715712977e-06 1.71583918926466e-06 1.38435410461657e-06 8.11175624371163e-07 7.10957344118857e-07 6.52716482330007e-07 6.08212052299883e-07 6.07471135827264e-07 7.95916897977644e-07 1.14949645526607e-06 2.2098729851816e-06 2.67461093457211e-06 1.19760082080145e-06 1.18985138888306e-06 1.51027653008118e-06 2.30002523444739e-06 2.61731436814738e-06
1.05478087820687e-06 8.84124067057623e-07 7.64722121926464e-07 6.24120292891384e-07 5.87070120150468e-07 5.96380022910292e-07 6.12939153887826e-07 7.21024834116069e-07 6.37578752782364e-07 6.42233447012419e-07 6.727019460806e-07 8.65391955384709e-07 9.65011693965234e-07 8.96578208842147e-07 8.81445585609875e-07 8.61175427457894e-07 8.42235222120458e-07 8.2785517179218e-07 7.99974574383633e-07 8.77124634457438e-07 9.73451320696039e-07 1.21017660971168e-06 1.20851987484016e-06 1.33181000413485e-06 1.2966198403741e-06 1.15127121119718e-06 1.274321593836e-06 1.10027926210066e-06 6.18240179328655e-07 3.51056972835995e-07 4.34114149638898e-07 3.69684457885988e-06 2.46732825464058e-06 1.94953347838478e-06 1.8156171904149e-06 1.76096742512399e-06 1.75606581032106e-06 1.83392801405002e-06 1.87732548968533e-06 1.87078982127886e-06 1.19342006263956e-06 1.40988034327272e-06 5.99675328971649e-07 2.92002074275821e-07 1.14904483520251e-06 2.84040603226732e-06
9.66097087251594e-07 8.07051119444679e-07 6.79706549788772e-07 5.50568240753613e-07 5.72503122975299e-07 7.66744444724576e-07 6.80305076283805e-07 6.61865631845782e-07 6.32788236609727e-07 6.59522253820821e-07 6.30816450297722e-07 7.25815772040228e-07 8.64028411029505e-07 8.32823969865171e-07 8.02530197130391e-07 8.07811775960232e-07 8.2790130756516e-07 8.32899049851843e-07 8.24747104744006e-07 1.14254806461433e-06 1.21806041538663e-06 1.22718406712075e-06 1.29930885747198e-06 1.36687053593487e-06 1.35510382239801e-06 1.17260237726402e-06 1.33989693297254e-06 1.01092676659809e-06 7.44920636741586e-07 3.6351678639468e-07 3.35439372867175e-07 2.95157586138739e-07 5.82110432603145e-06 4.28117284094753e-06 2.69674041279977e-06 2.59326845006846e-06 2.60899869901632e-06 2.77851063845702e-06 2.32438821565761e-06 2.07607867359627e-06 7.46891465130961e-07 6.81772527333369e-07 4.46343665716498e-07 2.75968574436902e-07 4.97675608179815e-07 2.87698017451543e-06
7.38093152707897e-07 7.21168847728215e-07 5.7978627159283e-07 6.05141838216916e-07 6.67238932405834e-07 7.54840000982693e-07 8.23080387502006e-07 7.06225176982933e-07 6.91401599095531e-07 6.91003200514739e-07 6.59106782907593e-07 6.34473046290385e-07 7.43006564785098e-07 7.73259380215663e-07 7.84180441237847e-07 8.01461765431721e-07 8.36490014100022e-07 8.63463858746805e-07 8.86419926138249e-07 1.199935511631e-06 1.41621934117708e-06 1.36687986679318e-06 1.32494973817954e-06 1.30097347788016e-06 1.31658528729206e-06 1.3433435621435e-06 1.47913742470918e-06 1.34761672641037e-06 8.65571834185452e-07 3.45851894034688e-07 3.38309784375657e-07 3.11692893062432e-07 2.92408069346717e-07 1.77750838310509e-06 3.27590409829881e-06 4.08654672110487e-06 3.51604131800798e-06 2.05118789260439e-06 2.57508914698334e-06 1.93189337340804e-06 1.27497645568964e-06 2.26837597738783e-07 2.22061130716877e-07 1.87528321593522e-07 2.59368220434375e-07 1.91594296512498e-06
