Maxent_result_files_2/B_humilis_2.asc
NCOLS 594 
NROWS 330 
XLLCORNER -15 
YLLCORNER 23 
CELLSIZE 0.166666666666667 
NODATA_value -9999 
[rows 294 to 314 of 330, columns 92 to 137 of 594]
7.66220074721602e-08 1.23797051854169e-07 1.181882546053e-07 8.19634102255939e-08 9.79757241004187e-08 1.13153115699482e-07 1.21859589807816e-07 1.42640205380573e-07 1.3665062235102e-07 1.16998468113749e-07 2.31702939379463e-07 1.82328452924541e-07 3.78488502683627e-07 4.82015352265552e-07 2.30389143773824e-07 2.25274180642998e-07 1.94002962272677e-07 2.58831690580497e-07 3.3559723520149e-07 1.66828553305187e-07 1.50001159504587e-07 1.77814447754887e-07 2.08060102413477e-07 1.76893287029412e-07 1.74950857356748e-07 1.42169488748234e-07 1.09357644073604e-07 1.09052772256923e-07 1.05446184484048e-07 1.15206680295632e-07 1.07649411018595e-07 1.23399077345265e-07 1.23113573702316e-07 1.25170093934202e-07 1.17502663199431e-07 1.19205162119052e-07 1.16654132342742e-07 1.13887333386131e-07 1.14691522978827e-07 1.22494960419495e-07 1.30370612794195e-07 1.40515373203698e-07 1.55051282513252e-07 1.64251495149426e-07 1.76930994277846e-07 1.8856972666681e-07
2.89582873902461e-07 1.11882244868688e-07 1.29015712702074e-07 1.56485240865312e-07 9.62761881329044e-08 1.05007876571861e-07 1.61627694805766e-07 1.07026413154188e-07 2.14450818536438e-07 2.37686826232153e-07 2.04408334247841e-07 3.69624681850755e-07 4.15860834734882e-07 4.06837271993421e-07 2.1118666397868e-07 2.10169847048025e-07 1.94749913817738e-07 1.81244158303784e-07 3.79378713688538e-07 2.30683225710404e-07 1.86809449287395e-07 1.90386507437079e-07 2.25856089708376e-07 3.27544830458493e-07 1.71080721822481e-07 1.69811183059476e-07 1.4759613806703e-07 1.42325571783619e-07 1.2558452573419e-07 1.14645273507907e-07 1.13728602468832e-07 1.17320954740041e-07 1.20657150870507e-07 1.19864130332381e-07 1.16700579211315e-07 1.11968264460138e-07 1.19291514588671e-07 1.21827615118253e-07 1.27728843635211e-07 1.28327763149194e-07 1.43085865611514e-07 1.54078583092243e-07 1.58560290053344e-07 1.98218711211506e-07 2.23383248176834e-07 2.66085191968912e-07
9.04609005258905e-08 1.83872703729548e-07 1.77023929703868e-07 1.55893770570348e-07 8.89718359653457e-08 9.48956673019197e-08 9.64905962685947e-08 9.06838127145981e-08 1.66485888619672e-07 1.72232913009385e-07 3.72985206453791e-07 2.05954798004893e-07 3.98323355565999e-07 3.92757770784069e-07 2.20290605101869e-07 1.99886604002053e-07 1.86455117379136e-07 1.91992677833763e-07 1.95383739376442e-07 1.74377874118115e-07 1.71172814267262e-07 2.27204872760289e-07 1.9137092838184e-07 1.87664399731169e-07 1.89427286889643e-07 1.77438000770191e-07 1.50506490004254e-07 1.57162748837258e-07 1.64383778089583e-07 1.36757625412987e-07 1.27874295108299e-07 1.22321659801194e-07 1.22038192318374e-07 1.20463496744438e-07 1.21701372213234e-07 1.31240593204129e-07 1.44255269529658e-07 1.46769886155695e-07 1.46031657055623e-07 1.39596565384981e-07 1.42499580801925e-07 1.57306643377986e-07 1.97900687148866e-07 2.25004447518273e-07 2.4539591633177e-07 2.4472332016412e-07
1.15167714576092e-07 1.32726989277021e-07 9.19457825099279e-08 1.71100262991164e-07 8.95407574530438e-08 9.85223964744542e-08 2.13824777395288e-07 1.83180814750106e-07 1.25905094849887e-07 1.1120965139888e-07 2.03766975948039e-07 3.54113987521831e-07 2.94198689310132e-07 2.25977208445638e-07 1.84346355802667e-07 3.33974748034649e-07 2.04036573892008e-07 1.96604060043182e-07 1.87111360805403e-07 1.85199686275617e-07 2.12877395233679e-07 2.20688094465515e-07 1.94435163314299e-07 1.74347299009003e-07 1.71461888631708e-07 1.69938762484279e-07 1.78902282199633e-07 2.09459105271481e-07 1.75247053812999e-07 1.5834280233662e-07 1.48199514271585e-07 1.36569535147402e-07 1.41484836746475e-07 1.42879156472819e-07 1.4031796728986e-07 1.5292578553483e-07 1.49610671573708e-07 1.46771676734492e-07 1.45668453488401e-07 1.57920113130761e-07 1.62819352089727e-07 1.77244008048305e-07 1.95456888174572e-07 2.2286417256101e-07 2.70981258965186e-07 2.10626915453371e-07
7.97650994033283e-08 8.0954456582738e-08 8.7313776075959e-08 1.32751933334951e-07 1.01338929259231e-07 1.71870318976808e-07 1.24083470820491e-07 9.97201335395381e-08 1.49370114499447e-07 2.89911628614803e-07 3.09587991842442e-07 3.0408856087627e-07 2.30800863953995e-07 2.05879242531903e-07 2.93904002279799e-07 1.8291604177989e-07 1.76736586920967e-07 1.99468407657832e-07 2.0065168759853e-07 1.98147262109316e-07 2.028097112583e-07 1.9271781712682e-07 2.00129125760284e-07 1.72248747154491e-07 1.72480669358155e-07 1.65702293652981e-07 1.99258364685928e-07 2.10358956209689e-07 2.00169768960201e-07 1.79425739410544e-07 1.85619618031652e-07 1.74283245091278e-07 1.51111537860515e-07 1.55099609033815e-07 1.69709048969402e-07 1.45198905709965e-07 1.38293157847524e-07 1.60332835819066e-07 1.51295052874811e-07 1.59042646752372e-07 1.61477269855492e-07 1.51557460437157e-07 1.47600646938084e-07 1.47433748387549e-07 1.4999513645586e-07 1.7354139061343e-07
7.03920294164995e-08 7.95837395872745e-08 8.29924132861315e-08 1.55706435889247e-07 1.02956287095779e-07 1.36551246621153e-07 1.75825489645565e-07 1.33244438849101e-07 1.18378792235418e-07 1.76213435343353e-07 2.49319796197245e-07 1.86285525971552e-07 1.43439112820776e-07 2.06434854488347e-07 2.24499654555288e-07 1.70125429765911e-07 1.69527536264535e-07 1.76723815126234e-07 1.97457270501022e-07 1.97575558003038e-07 2.61257977651752e-07 2.38998312551697e-07 1.61616968674672e-07 1.57758686847309e-07 1.5680870520951e-07 1.8396321674885e-07 1.99350429230805e-07 2.38670676122599e-07 2.38316175515951e-07 2.14362948847135e-07 2.0358073246074e-07 2.04158575167757e-07 1.87802693007999e-07 1.55521074884923e-07 1.56486007996115e-07 1.45029707732114e-07 1.36022312524631e-07 1.30978458601216e-07 1.26615085371817e-07 1.22274842584424e-07 1.36126516814272e-07 1.38703214103142e-07 1.58200155486732e-07 1.68164815328442e-07 1.74142844366898e-07 1.97859316786175e-07
6.68671738313087e-08 7.60247360620525e-08 7.68049109423075e-08 9.10491079197939e-08 1.00415268633469e-07 2.12321354697842e-07 1.11836273242183e-07 9.1592800055551e-08 1.14629519409881e-07 1.3502826879952e-07 1.50750267258193e-07 6.84623674751528e-08 7.37915480386597e-08 9.42415187887846e-08 1.51362905997932e-07 7.67512595589714e-08 7.10390610669798e-08 1.16811371075887e-07 1.68619739637776e-07 2.04332344766467e-07 2.41541659073974e-07 1.83532777431328e-07 1.43650680506369e-07 1.46889884955481e-07 1.43331044966111e-07 1.84832056404627e-07 2.1827142011599e-07 2.54624860773767e-07 2.48592854656948e-07 2.44332748577936e-07 2.06186449003276e-07 2.05054230517643e-07 1.81201965743227e-07 1.76586124878142e-07 1.84717397755385e-07 1.53863740337545e-07 1.62824784255555e-07 1.3731149446361e-07 1.41604164516362e-07 1.3892486386835e-07 1.44606284668836e-07 1.59908513508444e-07 1.86803891799592e-07 1.80644649316886e-07 1.73225387067877e-07 1.92879956295577e-07
6.65358924067938e-08 6.85687650658906e-08 6.88609745003177e-08 9.27735459566037e-08 1.89556976804006e-07 1.08945414611927e-07 8.64999331495753e-08 6.23122861198588e-08 9.23071878267123e-08 1.46668487077672e-07 6.89052853997119e-08 5.82977495500181e-08 6.09358677294836e-08 6.44693560536425e-08 6.54607416716857e-08 6.28962354864981e-08 6.21540829803813e-08 1.17724134007791e-07 1.83550319576842e-07 1.43415794051638e-07 1.4875883740384e-07 1.33680615566067e-07 1.26073063899668e-07 1.30389622077232e-07 1.44983683658673e-07 1.59355716666809e-07 1.89943441131213e-07 2.16802000829741e-07 2.47968923139386e-07 2.33164498719685e-07 1.86638938148853e-07 1.95232583399818e-07 1.7463157834241e-07 1.94809099729465e-07 2.11281635542626e-07 1.69748213529886e-07 1.67629447622719e-07 1.46798280720173e-07 1.47749407541919e-07 1.50656096364887e-07 1.70579898839396e-07 1.90503409613907e-07 1.84263457048139e-07 1.72311939317105e-07 1.72103914364286e-07 1.84112418011306e-07
5.50169932944655e-08 6.51424965303349e-08 6.69052745760901e-08 7.64447330103835e-08 9.2741022728049e-08 1.41693671384946e-07 1.71995198638975e-07 1.75596468232619e-07 2.21723901105975e-07 9.30442805358034e-08 6.45600350179798e-08 5.33072295083592e-08 5.50704439383765e-08 6.06891767618301e-08 6.72127974166159e-08 6.06957668569663e-08 5.8453279494497e-08 6.93888112301977e-08 7.92807870131362e-08 8.85537484451859e-08 1.10753579896095e-07 1.15864120675546e-07 1.19159459233131e-07 1.28722205472442e-07 1.48646100850414e-07 1.60837931084679e-07 1.63880671788519e-07 1.78041491216696e-07 2.15687484095284e-07 2.18370357984998e-07 2.16382916118363e-07 2.08661086331663e-07 2.00017282780962e-07 1.99758258734306e-07 2.03888368144334e-07 1.77654119637438e-07 1.68133104694324e-07 1.52152044408105e-07 1.44914894906201e-07 1.44687607916971e-07 1.61167934309425e-07 1.61412498067559e-07 1.63269266961752e-07 1.83749690807478e-07 1.83354524252444e-07 1.7566153092119e-07
3.90514971693179e-08 4.52025079367147e-08 5.75497658639179e-08 7.42516602536547e-08 7.59949060680221e-08 1.05358610480444e-07 1.01315043832262e-07 9.85709679768298e-08 8.28183683410089e-08 6.60821285691782e-08 5.57819707425189e-08 5.10420080201968e-08 3.91918440034722e-08 4.68216427407242e-08 5.26333663208867e-08 4.75948031652962e-08 5.3598923854814e-08 6.18120812978518e-08 6.57835567130505e-08 7.04138120477538e-08 1.01856914780374e-07 1.09280090021535e-07 1.16552369422429e-07 1.28611727201466e-07 1.53697470595127e-07 1.64551631376408e-07 1.75747262853854e-07 1.71343751720343e-07 1.77489542585452e-07 2.28046228623047e-07 2.24728571729393e-07 2.40730306633186e-07 2.04341713661016e-07 1.99064978667618e-07 2.20144530826971e-07 1.86013142244867e-07 1.70054346393389e-07 1.54586338962925e-07 1.65111556493791e-07 1.50465561743474e-07 1.51865874531421e-07 1.63696553256987e-07 1.80590246134926e-07 1.93935537617929e-07 1.84205965525486e-07 1.66275120749848e-07
3.10875993170256e-08 3.62139078280421e-08 4.5384064173426e-08 5.97794481804748e-08 6.82350783209884e-08 8.15706107104575e-08 8.97026705914961e-08 8.13847192415729e-08 7.2482493995718e-08 5.39762130657984e-08 4.80228943611216e-08 3.91924047105086e-08 3.8411565683738e-08 4.23233636470677e-08 4.19752895108871e-08 4.63909889836245e-08 5.14725053579745e-08 6.04260901093667e-08 7.01352013132706e-08 5.05672767880938e-08 7.10913478085828e-08 1.00462280350211e-07 1.13101060850163e-07 1.42173925976596e-07 1.74268162955737e-07 1.88004405521358e-07 1.91693825069006e-07 1.92162105883131e-07 1.86930263557095e-07 1.85133634811319e-07 1.86553714764948e-07 1.82026137018898e-07 1.84509472644923e-07 1.9394792694083e-07 2.04268939762997e-07 1.73277843606989e-07 1.83293328681611e-07 1.91647702441067e-07 1.77975782278406e-07 1.66394745171328e-07 1.59001118638091e-07 1.80424099494036e-07 1.89160526431476e-07 1.89218122026436e-07 1.76251634675939e-07 1.61662064945833e-07
2.98073408400157e-08 3.47228403363431e-08 3.63450874396598e-08 4.00309262960086e-08 5.36680857532446e-08 8.30536418749972e-08 8.80551417337117e-08 7.49675723943355e-08 6.29764507764641e-08 5.40071855126278e-08 4.6306850720601e-08 3.42809369002772e-08 3.31116032592504e-08 3.72218616706554e-08 4.02354752293554e-08 4.56540777071801e-08 4.78718752194851e-08 4.83995204136889e-08 5.23226763360363e-08 5.71434166540818e-08 7.30991103869982e-08 9.61203293403656e-08 1.1120355072336e-07 1.40876900611708e-07 1.74511571715552e-07 1.90980752401426e-07 2.04503227207997e-07 2.11103101788179e-07 1.99333124362155e-07 1.93817781801719e-07 1.84583622320211e-07 1.81988686087653e-07 1.80256560822212e-07 2.13736146970067e-07 2.01336414840103e-07 1.90700878821559e-07 2.09987671784262e-07 2.17442474848006e-07 1.87421631703266e-07 2.31386563798175e-07 1.55376312915845e-07 1.67775522375013e-07 1.80579966813088e-07 1.90697417179475e-07 1.67104748893809e-07 1.59768876140109e-07
2.81960823911298e-08 3.35635632398024e-08 3.77700659970337e-08 3.45135593438073e-08 5.6879508858465e-08 7.01678319225962e-08 7.1648960320303e-08 6.73988713839613e-08 6.0085863595738e-08 4.02770823360044e-08 4.92041691169121e-08 4.40388669642466e-08 3.27632840524394e-08 3.31535101927294e-08 3.68277143225626e-08 3.67166851478196e-08 4.04808857101813e-08 4.31262099032104e-08 4.87725208664358e-08 6.23110304798224e-08 8.50019269083013e-08 9.50721702808188e-08 1.15848253234851e-07 1.38462124343874e-07 1.75952334224849e-07 1.85011209030694e-07 2.03395377962323e-07 1.96399298069139e-07 2.17693625970128e-07 2.05861669133611e-07 2.62374486181827e-07 2.00193166233209e-07 1.87426927167333e-07 2.65002580090989e-07 1.90919414511104e-07 2.04427753103253e-07 2.20358640601326e-07 2.17567836602317e-07 2.05206013870196e-07 2.34323357395372e-07 2.2306693588936e-07 1.57227128771975e-07 1.83639548001491e-07 1.5992597934833e-07 1.60984644059781e-07 1.60491322964695e-07
2.46194529984756e-08 2.78602478753776e-08 3.19418860916798e-08 3.4925152347931e-08 4.32309233522332e-08 5.62034273232648e-08 6.1923554628418e-08 6.8053026003323e-08 5.37809507261677e-08 3.52588261698372e-08 3.51715528923435e-08 3.70956339090789e-08 3.58369340647258e-08 3.51701054390752e-08 3.37868362176863e-08 3.62926800057117e-08 3.73456316760112e-08 4.4177944868995e-08 4.60405404467679e-08 5.93735034803977e-08 8.7676708371287e-08 9.2778763982615e-08 1.06647988917796e-07 1.36873670897319e-07 1.41845801504559e-07 1.47779028047967e-07 1.74396150343092e-07 2.02175581953679e-07 2.79324580898521e-07 2.45958120181911e-07 3.79870130473581e-07 2.52708086156961e-07 4.13844380087181e-07 4.95727921878686e-07 2.654439555827e-07 1.98478540025526e-07 2.13406031401853e-07 2.25320987412569e-07 2.73656620131124e-07 2.35766988065933e-07 2.17828493809247e-07 2.62610375267869e-07 1.6361217149985e-07 1.59438129609946e-07 1.93065005960058e-07 1.77515893284852e-07
2.35333843856544e-08 2.66362763068351e-08 3.34783147426521e-08 3.45149114289178e-08 3.53807714126297e-08 3.81356308087888e-08 3.56274115986821e-08 4.32339819389504e-08 4.13604138160828e-08 3.79480608825311e-08 3.14526628519829e-08 3.50151811878696e-08 3.59857152854026e-08 3.37158406193971e-08 3.55205701074723e-08 3.72982358554097e-08 4.24611792060325e-08 5.47845783405165e-08 5.20301157713732e-08 6.18412584252326e-08 7.39619814060788e-08 7.58085944019271e-08 8.63879460188954e-08 9.95398682590576e-08 1.16598653565614e-07 1.21021052201797e-07 2.15580089801826e-07 4.61012694485952e-07 5.03121975192755e-07 2.44212231637064e-07 3.36886072271891e-07 5.0210618298685e-07 8.05352343724586e-07 6.55285093431601e-07 3.07859803128085e-07 2.45828015343896e-07 2.00966829622118e-07 2.24400860449059e-07 2.93325506584008e-07 2.48393407309422e-07 2.45022475398038e-07 3.7395181351485e-07 1.74834104227362e-07 1.73629890298788e-07 1.29446654861809e-07 1.37722461757139e-07
2.84991059751327e-08 2.96672052702007e-08 3.7181359280325e-08 3.53081382908904e-08 2.98949797805648e-08 3.24187469202819e-08 3.48086456658514e-08 3.56515341470853e-08 3.84533114905494e-08 4.07187586870528e-08 3.66595190315344e-08 3.26364197222873e-08 4.04091570649356e-08 4.19278376573296e-08 4.18820502501305e-08 4.62663076628012e-08 5.10712844570271e-08 5.31517468482789e-08 5.74087652416289e-08 1.00835350769213e-07 7.593466025968e-08 7.71523795628504e-08 8.03174654562255e-08 9.83087726003085e-08 1.01373974070729e-07 1.20511020829106e-07 2.03764942319218e-07 2.92896201126158e-07 2.9955637605994e-07 2.58251169160673e-07 6.46929048342404e-07 8.20234268705811e-07 9.05499990100367e-07 5.94501841444384e-07 3.86095208493309e-07 2.49978935895623e-07 2.9388665718777e-07 1.73926363267185e-07 2.30273813295323e-07 2.41246471732737e-07 3.48551694784316e-07 3.9265671879507e-07 2.63305432823824e-07 3.93199353521112e-07 2.08712251514864e-07 3.01928505719307e-07
4.05767253019995e-08 3.93884515670351e-08 3.63623484544995e-08 3.97807329521882e-08 3.89575948500642e-08 3.87002944579606e-08 3.9228929471502e-08 3.76003305935235e-08 3.60421181677673e-08 4.11775675668302e-08 4.64386140541784e-08 3.89269873113385e-08 4.03005517402022e-08 4.66649146657616e-08 4.61340490032214e-08 5.94104690887498e-08 6.65549242939711e-08 6.4963387380601e-08 6.79693475835741e-08 1.17436454816211e-07 1.06195861016012e-07 8.74825521357536e-08 9.23763559979029e-08 9.80694591423692e-08 1.11508653732884e-07 3.34647098476637e-07 5.66884355035491e-07 3.5025530621402e-07 2.58162977329057e-07 2.63768180808199e-07 9.36218914437958e-07 6.61608590346585e-07 9.6608531583442e-07 1.27005190968532e-06 8.9354881703807e-07 1.01455109250415e-06 4.55569427115776e-07 3.42932046404343e-07 2.44328433418595e-07 2.39107731070387e-07 8.24604504501281e-07 5.3192045764705e-07 4.77707208723643e-07 7.1249789438399e-07 6.26582595220082e-07 6.47852846691332e-07
5.75080916553894e-08 5.12900529825444e-08 4.92234314974915e-08 4.43544715067468e-08 4.17875958946823e-08 4.15032605394217e-08 4.17718624134977e-08 4.40296530901385e-08 4.15337346515443e-08 4.62823882441121e-08 6.96512486797474e-08 6.98264995380171e-08 6.22149695095331e-08 5.88053511774156e-08 5.93026069695135e-08 7.14759588071878e-08 7.78507057486166e-08 7.24963175380289e-08 7.43665836577811e-08 1.52852181056762e-07 1.58090505386621e-07 9.33887649323672e-08 1.02656688083513e-07 1.38359771040264e-07 2.46294963823779e-07 4.14695975925472e-07 8.29809248081847e-07 4.95455037563541e-07 2.9707895943254e-07 2.99531777547823e-07 4.22106443054293e-07 4.5982397334221e-07 5.55049329686863e-07 7.03776346067109e-07 8.18401202351549e-07 1.023152558699e-06 9.22045999940391e-07 8.54163052887991e-07 8.31777837428937e-07 8.77021745859796e-07 9.27108924742015e-07 1.27198179303845e-06 1.27670882530406e-06 9.23438672528754e-07 1.26009593767185e-06 1.06466224915058e-06
6.39740740382422e-08 6.11067022648903e-08 5.82319136022136e-08 4.80194617735741e-08 4.2728101490308e-08 3.88991297506358e-08 4.64299144020686e-08 4.4915190333672e-08 4.63581391940693e-08 6.0821911496145e-08 8.25821894978596e-08 8.47911102774823e-08 9.51608435606488e-08 8.5870836341595e-08 7.99044473365207e-08 8.12889620060986e-08 8.26390835650947e-08 8.18882706865587e-08 1.02128187551287e-07 1.73942040437858e-07 3.14357530872833e-07 1.43964593368739e-07 1.48915276088069e-07 2.84211186685202e-07 3.29456000636164e-07 9.09282300654013e-07 1.72521354745436e-06 4.04634759232358e-07 3.15017236773851e-07 3.64602684888027e-07 4.6306460164125e-07 5.83144284360682e-07 5.49583933640019e-07 5.68406953771472e-07 5.71490502732086e-07 7.48708888254068e-07 1.58154235988528e-06 8.83479014013311e-07 8.47137254067487e-07 8.49325104823606e-07 1.34954515904617e-06 1.4556085866535e-06 1.27043678441741e-06 1.66961610468253e-06 2.15535246192999e-06 1.50627773323198e-06
6.506148481078e-08 5.84517554691466e-08 5.02115250156088e-08 4.88816076060772e-08 4.49299990101792e-08 4.01365200630721e-08 4.93721979744066e-08 5.20325258546173e-08 6.11727462129785e-08 6.85593429361475e-08 8.17548285070302e-08 9.20648627222853e-08 9.92311816938596e-08 1.06751062389776e-07 9.87861923373856e-08 9.96932442709486e-08 1.00291905769101e-07 1.35205111628789e-07 1.5940052560115e-07 1.81898170137362e-07 2.74898092955667e-07 2.25914878793088e-07 2.29443420396436e-07 4.22959439116966e-07 1.60461643353704e-06 1.74220385317225e-06 3.47563738007928e-06 5.57696947200981e-07 3.48069601807666e-07 4.51397564116274e-07 4.2204972258153e-07 5.93169378770852e-07 6.53175860110267e-07 8.92727583767794e-07 6.60160168686197e-07 6.44709068431393e-07 1.36940862174306e-06 1.88786125010498e-06 1.33059216821385e-06 1.18894394076641e-06 9.78739986634558e-07 1.16249103173649e-06 1.28458391669417e-06 1.42795155779751e-06 1.21328444724345e-06 1.37217321576344e-06
6.15179316709735e-08 5.9721875789176e-08 5.07382637682241e-08 4.33456186721415e-08 4.17831543142455e-08 4.16475706255248e-08 5.67116754890407e-08 5.57968507619577e-08 6.03527284814831e-08 6.65221860485232e-08 7.50261006987607e-08 9.50320672599148e-08 1.02941529067646e-07 1.06355609019726e-07 1.06562353041628e-07 1.13828401893112e-07 1.18031760987236e-07 1.59578695890783e-07 1.71067526244517e-07 1.60448893837817e-07 2.46661778524615e-07 3.24721326849797e-07 3.72981083318624e-07 4.62731808881234e-07 1.77626462253277e-06 2.90100266329141e-06 1.62621082119285e-06 5.03875792923214e-07 4.70573052857581e-07 4.39461414303288e-07 4.86922450926297e-07 6.77756571210164e-07 9.13904234600693e-07 8.04915057717182e-07 1.05473159850433e-06 6.78434089329549e-07 7.83388307867838e-07 1.05870625933813e-06 1.47325940929033e-06 2.28719982873216e-06 1.67960189316751e-06 1.61892060448476e-06 2.11926686435326e-06 2.2151581883012e-06 1.92436559984799e-06 1.60932455699481e-06
