Maxent_result_files_2/B_humilis_2.asc
NCOLS 594 
NROWS 330 
XLLCORNER -15 
YLLCORNER 23 
CELLSIZE 0.166666666666667 
NODATA_value -9999 
[rows 294 to 314 of 330, columns 138 to 183 of 594]
1.92978156154933e-07 2.1083615773243e-07 2.2188432637904e-07 2.64436584207495e-07 2.7624420853023e-07 2.62532904882207e-07 3.3360386652026e-07 4.60283641645631e-07 5.04909498710848e-07 5.9255361813948e-07 8.9642945604318e-07 8.06304127054514e-07 8.69240394540949e-07 9.43997560487464e-07 9.91922111015509e-07 1.07027919329372e-06 1.46907783168393e-06 1.37623222685734e-06 1.44705632102449e-06 1.54418240432275e-06 1.54591287975236e-06 1.58202578867117e-06 1.88687283582123e-06 1.90284115015871e-06 1.73706806945173e-06 1.57940006451085e-06 1.65585174658478e-06 1.67743648580299e-06 1.67557368191407e-06 1.65552189836937e-06 1.63671749888739e-06 1.57293765046251e-06 1.59122411829138e-06 2.50111583497414e-06 1.70487147648224e-06 1.70550223861365e-06 1.65582450724067e-06 1.51694850898387e-06 1.62905212124365e-06 1.42589743726829e-06 1.74718014387398e-06 2.2685452023774e-06 2.22717888818114e-06 2.42984530922641e-06 2.41824579623184e-06 2.57766159816875e-06
2.51289434038959e-07 2.90022142279689e-07 2.69181442902333e-07 2.82551119124008e-07 2.86395861481825e-07 2.97823101536032e-07 3.4274219805619e-07 5.01896491555964e-07 5.19203627546983e-07 6.07501333838023e-07 9.24616284725399e-07 8.16495404165618e-07 1.20030372667834e-06 8.29782805544799e-07 1.23740654801585e-06 9.77438247717899e-07 1.10812992936138e-06 1.25254618342785e-06 1.26778822533424e-06 1.20000511931728e-06 1.1294061861733e-06 1.35724370513568e-06 1.61746025475473e-06 1.50949833944702e-06 1.29504238327582e-06 1.21284348861828e-06 1.27967530035855e-06 1.28208690231002e-06 1.38241160363428e-06 1.37964824369341e-06 1.41795072734485e-06 1.44399536211592e-06 1.48037155693892e-06 1.78027199322361e-06 1.70486110351309e-06 1.87195537240115e-06 1.86519632330295e-06 1.5127255192815e-06 1.85227511451114e-06 1.68594404776901e-06 2.05967250836991e-06 2.46047015148854e-06 2.56219901009214e-06 3.76609029633102e-06 3.69157288955257e-06 3.29770418252551e-06
2.58582883050362e-07 2.69456916168753e-07 2.69259674368083e-07 2.87665604548071e-07 2.8498044352121e-07 3.02076449254507e-07 4.04504364626135e-07 4.87766132517553e-07 5.56428579956414e-07 6.06806647052149e-07 9.47340157153587e-07 8.77325746240221e-07 1.27911019206506e-06 8.19399615947791e-07 9.48988384874561e-07 9.63184652336135e-07 1.01408027360916e-06 1.01290842411395e-06 1.09800195281506e-06 1.26296252020985e-06 1.0655471705312e-06 8.6956422065132e-07 8.62471812812515e-07 8.92531764851157e-07 8.57912371310388e-07 9.97029389504522e-07 1.04177031464703e-06 9.88496653619997e-07 1.10313323079536e-06 1.1063779525311e-06 1.13558781387191e-06 1.23519194883404e-06 1.27080783577371e-06 1.71544235803012e-06 1.80991375442474e-06 2.05367959957847e-06 1.70021612242444e-06 1.44914425410647e-06 1.62100553020572e-06 1.84315420499459e-06 1.95506797742162e-06 1.96750869261297e-06 2.56649680818732e-06 2.54582554044536e-06 2.7734877166008e-06 2.92636757923681e-06
1.96563759302659e-07 2.16881106651634e-07 2.17875285613012e-07 2.32535523425614e-07 2.53433528896174e-07 2.61793079470163e-07 2.95568926189649e-07 3.19006650295606e-07 3.83802951242629e-07 4.25221644351215e-07 4.73821754098935e-07 5.819065702517e-07 6.57743329979255e-07 7.83796458936337e-07 8.43213772772078e-07 8.62299881410067e-07 8.72966610576675e-07 9.20410049232157e-07 9.94475747617685e-07 1.1407755984516e-06 1.09639469143552e-06 8.59739338721077e-07 8.87766782242672e-07 8.10479273738451e-07 7.62676368848414e-07 7.05705441539362e-07 7.22344941739283e-07 6.79972366135484e-07 7.25144238022946e-07 1.01602364374065e-06 1.07003506392145e-06 1.15134770858338e-06 1.12817832328416e-06 1.09798829115437e-06 1.19788566873558e-06 1.69183885039281e-06 1.91397410413963e-06 1.50314229008242e-06 1.59349815374021e-06 1.56331104392837e-06 2.57078140393219e-06 1.63056833526465e-06 2.10855634603657e-06 2.24806967430435e-06 2.72022510312553e-06 2.40324387337232e-06
2.07010717656608e-07 2.33879772715273e-07 2.1741725507729e-07 2.20187255084436e-07 2.46569511097583e-07 2.81195640949861e-07 3.29841372948003e-07 3.67898167730196e-07 3.7580898063494e-07 4.22884154649417e-07 4.4969867718514e-07 4.58917534085224e-07 4.94165659725709e-07 5.40537401039209e-07 6.15769947331923e-07 7.38522747611992e-07 8.4950683659768e-07 9.28054110360677e-07 9.97825714887934e-07 1.06351687479966e-06 9.97513924083648e-07 8.29385908218683e-07 7.65435027638706e-07 8.86986180148597e-07 8.01349619250491e-07 7.70311808850899e-07 7.4700682223261e-07 6.56475743732177e-07 8.11387940680142e-07 9.14492206804951e-07 8.89682144744608e-07 9.79578545434734e-07 1.03850628350166e-06 1.0126831909818e-06 1.09721018815012e-06 2.04922038720134e-06 1.68028523084285e-06 1.41519546408286e-06 1.25706447560159e-06 1.38395609794451e-06 1.23546742502034e-06 1.19331060971506e-06 1.49726780129811e-06 2.08619382489061e-06 2.53988583813758e-06 2.77942908657458e-06
2.27069299774119e-07 2.35360687195207e-07 2.17149161096941e-07 2.29035475673989e-07 2.49518349759725e-07 2.53730069554869e-07 2.68630937927394e-07 3.0433060662638e-07 3.19111302693464e-07 4.18358595810631e-07 3.49772486085698e-07 3.90692299745421e-07 4.85150189155625e-07 5.40014272287781e-07 6.68666552972042e-07 7.75207287206925e-07 7.8736417944425e-07 7.63782536650215e-07 7.72024697004436e-07 7.98010744629263e-07 7.67810606117081e-07 7.99310907084738e-07 7.99482181390587e-07 8.22011556833591e-07 7.3557454683959e-07 7.0984667182028e-07 6.8536287884946e-07 6.58544559595242e-07 7.19817950911583e-07 8.6801519944002e-07 1.02308894114334e-06 9.77192396689475e-07 1.04972635777134e-06 1.06640221289034e-06 1.04132937089885e-06 1.42281691241086e-06 1.52767391834452e-06 1.33208244407212e-06 1.25249661730997e-06 1.24711289966051e-06 1.30834038566396e-06 1.35551822729729e-06 1.37477735123737e-06 1.74245450477173e-06 1.99466873007648e-06 2.5719141997449e-06
2.32266949495852e-07 2.18298250465043e-07 2.13389253478358e-07 2.26193636221339e-07 2.15415075566217e-07 2.25723518287868e-07 2.3414380306841e-07 2.6115988149833e-07 2.74492816165761e-07 3.00059324187529e-07 3.22054856383147e-07 3.74335371167156e-07 4.20695972613849e-07 4.13679682520485e-07 4.87954760886034e-07 5.8327155796345e-07 5.54343592462647e-07 5.78988748178855e-07 6.41372296050768e-07 6.9785080251128e-07 7.47900093012177e-07 8.69698020466991e-07 9.56436308052755e-07 9.54034431899231e-07 7.72985008679061e-07 6.86392773530109e-07 6.63541472789575e-07 5.67179320953848e-07 7.15334834733294e-07 8.81231624194623e-07 8.44382498865759e-07 8.63092973912849e-07 9.76685987741366e-07 9.76185849344002e-07 9.18427519636111e-07 8.73640282827992e-07 9.71104204883222e-07 1.0410303031505e-06 1.00090254214757e-06 1.10852308100595e-06 1.32837117614581e-06 1.29671018376243e-06 1.35218785189961e-06 1.5292907103337e-06 1.78407060020813e-06 1.96893427322209e-06
1.92103435836533e-07 1.97788731659543e-07 1.91946782068797e-07 2.03072298765594e-07 3.6319367503479e-07 1.98657961292259e-07 2.63306291758969e-07 1.91693649020941e-07 1.94368141759327e-07 2.3550178047671e-07 2.93201852119562e-07 2.85397083987782e-07 3.13026474263456e-07 3.49711905700545e-07 3.64275151121252e-07 3.91405387201171e-07 4.74867346145214e-07 5.55060501139515e-07 6.77208570976084e-07 7.69603413797171e-07 7.85775199763083e-07 8.28764164051421e-07 8.60655312406866e-07 8.73205145579536e-07 8.16376965573351e-07 6.17932955626621e-07 5.68536603851033e-07 5.03345080149487e-07 5.83322409530851e-07 6.79847976836623e-07 7.43077785814172e-07 6.72489563258161e-07 7.27190245430886e-07 7.79757137747694e-07 7.6901665726492e-07 7.44550082043549e-07 6.2460091907468e-07 8.48709930245661e-07 6.76567700275132e-07 8.81035522160012e-07 9.47458985822713e-07 9.01465740044127e-07 1.05678333855996e-06 1.40014949534528e-06 1.57202274224666e-06 1.83991292210806e-06
1.76244530702974e-07 1.75697720750101e-07 1.86485216946419e-07 2.08844833116117e-07 2.19819896374318e-07 2.06239578970369e-07 1.95316400142254e-07 1.91861959553119e-07 2.06409934677687e-07 2.47604872627427e-07 2.58440324152343e-07 2.70781004285681e-07 2.70078192565748e-07 3.00754650117696e-07 3.62625948335804e-07 4.61809429386228e-07 5.43898069305104e-07 6.2146872478186e-07 6.30462642592367e-07 6.58087927474238e-07 6.65328212323679e-07 7.25688366109978e-07 7.79966617225902e-07 7.87936494073271e-07 7.6766745542578e-07 6.53073526268866e-07 5.26472545614443e-07 4.99860386049544e-07 4.86287338063995e-07 5.42821534899041e-07 5.682858265188e-07 5.72248112640228e-07 5.28340096961344e-07 6.82472622270946e-07 5.07532665949828e-07 5.07431166030248e-07 2.01409152698062e-06 5.08569198487407e-07 4.09159969561035e-07 4.99635872441839e-07 6.10408929169193e-07 7.41591444763934e-07 9.48239977216492e-07 1.216779881974e-06 1.57726022491644e-06 1.86887474431519e-06
1.67147055940564e-07 1.83615104198953e-07 1.91917760139493e-07 2.04882794052619e-07 2.08455017258746e-07 2.2255983020969e-07 2.20294775477026e-07 1.97236528487466e-07 2.02265793070033e-07 2.42255042903761e-07 2.61581539928724e-07 2.43334792005001e-07 2.39688683667527e-07 3.17819282691367e-07 4.01873987954104e-07 4.78199986664318e-07 5.56428321596414e-07 5.44540598856891e-07 5.7092816151405e-07 6.35171937424239e-07 6.72562244108388e-07 7.03747608576943e-07 6.85480149020812e-07 6.83976460280622e-07 6.75679339445789e-07 6.75410481620897e-07 5.50411188038336e-07 4.83909723614229e-07 4.99263907494107e-07 5.17464751248475e-07 6.93358269221456e-07 7.32398078850949e-07 5.25856824851179e-07 3.96291007409566e-07 3.4744370918105e-07 3.27966429458648e-07 4.73196745776061e-07 1.11644744286155e-06 1.28581867071542e-06 4.434704415468e-07 6.07270969943396e-07 7.46539274043556e-07 8.34214875244932e-07 1.29120213463452e-06 1.44027995895302e-06 1.47202295441851e-06
1.68251806775821e-07 1.73722902752083e-07 1.86208209318472e-07 2.03783651930856e-07 1.93159406403076e-07 1.99978864101613e-07 2.2006976585498e-07 2.28449896244598e-07 2.45711640978197e-07 2.54366441776455e-07 2.69745641257035e-07 2.50317380767751e-07 2.7779479443435e-07 3.55615728964143e-07 4.48398240382453e-07 4.89221535615592e-07 5.13911487232122e-07 4.91344090647328e-07 5.47117588289847e-07 6.68924719537944e-07 7.09960594347248e-07 6.9018078823202e-07 6.50330393203724e-07 6.37171794759528e-07 6.39541477498451e-07 6.33730529320253e-07 5.60870519017431e-07 5.66216273145681e-07 5.35933556611301e-07 5.09247573299287e-07 5.45008222652132e-07 5.01825935605993e-07 4.26831631783475e-07 4.56863379749706e-07 4.48416626142034e-07 3.6739069548819e-07 3.65799099155684e-07 3.71128631837525e-07 3.81522105807885e-07 5.65248803807705e-07 5.02039612981786e-07 9.8953444357397e-07 9.10447250024315e-07 1.18480804270904e-06 1.18814090644959e-06 1.41597923208892e-06
1.56825165098518e-07 1.47909020309367e-07 1.56161186548598e-07 1.64940033464678e-07 1.76082825198431e-07 1.94513579487854e-07 2.06864347551683e-07 2.10510355014293e-07 2.22086846557445e-07 2.40556317843144e-07 2.59356488940821e-07 2.57492982558283e-07 3.23243906175108e-07 3.83346123644657e-07 4.36994231134413e-07 4.88271202470081e-07 4.85373792469268e-07 5.37382844012502e-07 5.8947234465867e-07 6.44886609735273e-07 6.38178883338725e-07 6.33547534889534e-07 6.21856697258227e-07 6.20141411455943e-07 6.15951872506848e-07 5.82995642461892e-07 5.58650490456447e-07 5.7635218414509e-07 5.90845507708604e-07 6.13214502664938e-07 6.29830395271203e-07 4.62603402739958e-07 4.68222778005067e-07 4.50708628252361e-07 4.20021989211428e-07 3.66965219111837e-07 3.74322551688344e-07 3.0872296065132e-07 1.92945540873346e-06 3.88848157251154e-07 5.7766207602894e-07 6.44755117107376e-07 7.82850874492258e-07 1.00773275027999e-06 1.15248634002807e-06 1.45163223796985e-06
1.50114121066913e-07 1.42812970771455e-07 1.47687244089756e-07 1.36113293303097e-07 1.57535827194355e-07 1.79513628162375e-07 1.94482870452539e-07 2.0764699194542e-07 2.1978032010983e-07 2.40212480873136e-07 2.70038840000097e-07 2.52647927823091e-07 2.86432522900171e-07 3.9756628359422e-07 3.76056034212535e-07 4.87215085676063e-07 4.80341565023412e-07 4.65085893186501e-07 5.20411640314578e-07 5.32258102836636e-07 5.42227105304605e-07 5.71461989684607e-07 6.13847340014129e-07 6.17799804403241e-07 6.29749927205658e-07 6.35471678411825e-07 5.63253519669793e-07 5.79292720626068e-07 6.09348898883422e-07 6.24608084465184e-07 6.3623225374787e-07 5.14201913881518e-07 5.22228603139219e-07 5.51361612988188e-07 4.73467686035178e-07 4.56891145594884e-07 4.45100196655446e-07 1.20008796379301e-06 1.57425425468816e-06 5.48581509596246e-07 4.96556807849657e-07 6.43819019052749e-07 7.51837260359878e-07 1.00912899322347e-06 1.12867656719695e-06 1.46151052387022e-06
1.65926705586461e-07 1.37562000535052e-07 1.22134417401831e-07 1.1352998283698e-07 1.34886350744434e-07 1.63623997817552e-07 1.95627118793062e-07 2.12303575686246e-07 2.15071555353941e-07 2.26439460471184e-07 2.31308812193021e-07 2.54791091003348e-07 3.22341689917849e-07 3.70022512585777e-07 3.77125462258654e-07 4.41889206448387e-07 4.18361577092519e-07 3.94978446160987e-07 4.64175931080835e-07 4.93636416132315e-07 5.50588338366076e-07 5.78479590129799e-07 5.76693006892892e-07 6.00852724530476e-07 6.21596079719566e-07 6.42594406252695e-07 5.77843718796434e-07 5.85499764671482e-07 6.4637946178836e-07 6.38910650019309e-07 6.36312245383408e-07 5.2080729894266e-07 5.14329515910461e-07 5.58141885231844e-07 4.79677579856563e-07 4.29320668537958e-07 4.13200438287298e-07 4.23346177091943e-07 4.26237583117661e-07 4.57027597611237e-07 5.35126038425648e-07 6.45915466546132e-07 7.60667588295405e-07 1.07782651957988e-06 1.12093227443433e-06 1.56918278635398e-06
1.31998378427589e-07 1.27186042875316e-07 1.54028646548454e-07 1.23104051807932e-07 1.30763961636582e-07 1.5005533575696e-07 1.92323232295344e-07 2.10380247800401e-07 2.20940747286402e-07 2.35445175944538e-07 2.48228114052562e-07 2.52378784992846e-07 3.13912665994565e-07 3.44200228030722e-07 3.77953906294248e-07 4.14408690729839e-07 3.79066944522499e-07 3.85997249541248e-07 4.66590722958404e-07 4.9532044773537e-07 5.38344696920934e-07 5.59528744403792e-07 5.59328630489464e-07 6.1051905375642e-07 6.552265831683e-07 6.28605889141376e-07 6.78182083257983e-07 5.86050857120934e-07 7.17642919023653e-07 5.76939688801126e-07 7.98532316503842e-07 5.78568614706398e-07 5.01598967705963e-07 6.66742973343126e-07 5.09279235771931e-07 5.2413641827842e-07 4.54296729401893e-07 4.32244641390689e-07 4.4635328482201e-07 5.67227564962636e-07 6.76458568993343e-07 7.45515699274168e-07 9.037462142647e-07 9.66461587681433e-07 1.12733565151846e-06 1.42723241914888e-06
2.01617602046955e-07 1.73549259996353e-07 1.38774126190455e-07 1.43458805790253e-07 1.52165265898674e-07 1.62699443873038e-07 1.78290170382844e-07 1.93643264800869e-07 2.02284066308511e-07 2.35101569745488e-07 2.75559106399648e-07 2.88190624808671e-07 3.26562205044123e-07 3.4640387476248e-07 3.7739441264284e-07 3.98289686120989e-07 3.88523441130495e-07 3.99543954288095e-07 4.79013665077854e-07 4.85865156663046e-07 5.04488420938198e-07 5.10318736801629e-07 5.90226658325754e-07 6.0614793978564e-07 5.94105975892933e-07 6.22825435059315e-07 6.66264273996298e-07 6.79536911163403e-07 6.2065130371769e-07 8.31546224944191e-07 9.08720862702328e-07 6.60944089070359e-07 1.99991884639594e-06 5.20872236464687e-07 4.66098118967473e-07 4.71646051825036e-07 4.58276742143493e-07 4.48871476488311e-07 4.73890350360939e-07 5.47813591833535e-07 6.57415502203218e-07 8.91758500665141e-07 1.01059483912369e-06 9.4708620088646e-07 1.16861718409966e-06 1.30385710475078e-06
5.44265774093944e-07 2.43418564971343e-07 3.20673844345087e-07 2.78117883056872e-07 3.75366965332802e-07 2.39636651744313e-07 2.42717046605723e-07 2.60378932881444e-07 1.91075509303751e-07 2.31625545121794e-07 2.95663508387278e-07 3.1525548851441e-07 3.67075851759324e-07 3.37380060855263e-07 3.544227998864e-07 3.7738822017408e-07 3.53973735389701e-07 3.75606221358904e-07 4.584097426652e-07 4.65523250070543e-07 5.00176879691949e-07 5.19748067140391e-07 5.53580035300705e-07 7.05623292740487e-07 9.53314802920602e-07 8.66589240744453e-07 7.90708003506335e-07 6.18056777235143e-07 5.85212704451443e-07 5.92432645329932e-07 6.22211427758756e-07 5.95306861617129e-07 5.72982188640214e-07 6.21386527166479e-07 5.81603726612645e-07 4.7570141501474e-07 4.33858827086908e-07 4.43109998782276e-07 5.26837541980907e-07 6.27052166157771e-07 7.47920846855266e-07 7.29740708016457e-07 1.03355821573503e-06 9.48370759290551e-07 9.96072444836571e-07 1.04182723540402e-06
6.94082180108246e-07 6.03657106112987e-07 5.37820151469415e-07 5.11547291792702e-07 4.63067748190937e-07 3.97318741218733e-07 3.93681378929589e-07 2.62509039972159e-07 2.02138698124354e-07 2.53140586592426e-07 2.88376618473585e-07 3.03188985173453e-07 3.28498373425301e-07 3.28945269623127e-07 3.34941934565514e-07 3.38554454903939e-07 3.5638431928886e-07 3.46149948504681e-07 3.8945515616895e-07 4.52372857784322e-07 5.05273739703771e-07 5.64174505202075e-07 8.87172786612211e-07 9.23522799212151e-07 8.10602593070975e-07 7.65171412653309e-07 5.70238596442341e-07 5.44745070663044e-07 6.51467917900384e-07 2.05233659156256e-06 1.74958142933335e-06 5.69513060211246e-07 5.84718579377252e-07 5.57821549085347e-07 5.33652581047317e-07 5.54948528586063e-07 5.98832532616722e-07 6.2073803930307e-07 6.43895157514951e-07 6.65792580467617e-07 2.75622891912075e-06 6.47014633248233e-07 7.18658087206503e-07 8.87990925857451e-07 8.11137747802615e-07 9.34981258526868e-07
1.03714785643083e-06 1.26831873088484e-06 9.45021835663251e-07 7.60708100999707e-07 3.82594896974897e-07 6.53196612765416e-07 4.50968697318643e-07 2.02247023473046e-07 2.84994266575023e-07 3.58756568274998e-07 3.33955498421634e-07 2.69434429311932e-07 3.02072754854166e-07 3.1396029839259e-07 3.2380432047896e-07 3.06174108888335e-07 3.27324510229765e-07 3.06877199218736e-07 3.74736400277076e-07 4.53233859221136e-07 5.42620662424831e-07 7.60224753804106e-07 9.78968164988547e-07 8.6302284454387e-07 7.85485131915564e-07 6.86271899763558e-07 6.30474713025908e-07 7.04607032264715e-07 7.44417756071147e-07 5.63374814688267e-07 5.57376411725041e-07 5.72501119466828e-07 6.05108579299074e-07 6.4093254286135e-07 6.27324592339384e-07 7.27307645664865e-07 7.38634940233851e-07 5.03306947874371e-07 5.79759442309591e-07 5.67334995404956e-07 7.13022362697213e-07 7.41485415900467e-07 7.33800848584654e-07 9.05307746579265e-07 1.08051168939971e-06 1.00719611026978e-06
1.76155105928721e-06 1.16122365395599e-06 1.63870037719338e-06 8.26013073751408e-07 7.78133544787618e-07 3.58212403184233e-07 5.89348843516024e-07 6.04919438007556e-07 3.46453832633653e-07 3.92314655850434e-07 3.0672129484044e-07 2.76145191879795e-07 2.91220970205508e-07 2.91162632948261e-07 2.98565379630578e-07 3.04823531582787e-07 2.99808734849361e-07 3.21509830991662e-07 3.87042487948186e-07 4.46494074690662e-07 6.38898813598576e-07 8.79123781216684e-07 8.79904656991837e-07 8.86639514596777e-07 7.91573652925148e-07 7.18089083517892e-07 8.08084746395377e-07 8.19748263225506e-07 7.63557118066416e-07 7.44709570554836e-07 6.78271292320343e-07 5.89800244743532e-07 5.91370926916746e-07 6.22136540229246e-07 6.36854680335919e-07 6.3423715032096e-07 6.26575629558701e-07 6.45632206408564e-07 6.81297522753255e-07 6.96946522671382e-07 7.00816193444087e-07 7.50849656183661e-07 9.26520422805943e-07 1.01615742665873e-06 1.06633714683779e-06 1.09735763600405e-06
1.82154590882e-06 1.46620927995444e-06 1.0231310998976e-06 9.70902276953289e-07 1.03034470780861e-06 5.78102998993746e-07 5.52830633626655e-07 3.94461097841248e-07 3.70002311844697e-07 3.69390012733284e-07 2.79161996408206e-07 2.57194850794562e-07 2.7365380000921e-07 2.70155303017106e-07 3.0636289368724e-07 3.48911251446538e-07 3.45262013201619e-07 3.55497603532484e-07 4.41723116983983e-07 4.00394411936844e-07 7.8652387278666e-07 1.0199716664272e-06 9.71727364806885e-07 8.11055582206066e-07 8.3416100121747e-07 8.6804671668439e-07 8.01411067452573e-07 7.99471775747573e-07 7.8428039693712e-07 8.9182270444077e-07 8.74959743013548e-07 7.80413191481255e-07 7.32098207134602e-07 7.10776024248627e-07 7.11219053606271e-07 7.14765507359161e-07 7.06713380849155e-07 7.3913506307699e-07 7.60636595864561e-07 9.45134457541741e-07 8.17708195843814e-07 8.47531659564638e-07 9.71361827661887e-07 1.02713476939353e-06 1.15617926070843e-06 1.16628019977139e-06
