Maxent_result_files_2/B_humilis_2.asc
NCOLS 594 
NROWS 330 
XLLCORNER -15 
YLLCORNER 23 
CELLSIZE 0.166666666666667 
NODATA_value -9999 
[rows 168 to 188 of 330, columns 184 to 229 of 594]
0.345795372128487 0.307017409801483 0.304887862503529 0.36001011133194 0.440175560116768 0.354305854439735 0.267802745103836 0.523020851612091 0.419180124998093 0.491536736488342 0.489857661724091 0.532293412089348 0.437619143724442 0.536247643828392 0.463436844944954 0.922890520095825 0.907084357738495 0.963740986585617 0.608825755119324 0.892359375953674 0.714986222982407 0.633352822065353 0.46128476858139 0.462766698002815 0.551391994953155 0.490957742929459 0.730394953489304 0.275143285095692 0.473130568861961 0.413459864258766 0.337116849422455 0.30103994011879 0.289241974055767 0.264356708526611 0.451425492763519 0.298211587965488 0.376053103804588 0.379059159755707 0.306771913170815 0.328453269600868 0.396776455640793 0.297275507450104 0.238563805818558 0.24908039867878 0.277873864769936 0.306305107474327
0.508909434080124 0.442047297954559 0.368462660908699 0.516888448596001 0.430974143743515 0.429822275042534 0.404447713494301 0.401778557896614 0.469932332634926 0.399966159462929 0.529054573178291 0.446900343894958 0.429191339015961 0.432774421572685 0.41448817551136 0.986923557519913 0.912635284662247 0.934215408563614 0.717886626720428 0.54196782708168 0.64254897236824 0.822304040193558 0.573510736227036 0.535173752903938 0.455748385190964 0.572044196724892 0.589049631357193 0.628476315736771 0.491047263145447 0.543610727787018 0.552652734518051 0.366080382466316 0.323906460404396 0.345339077711105 0.460484954714775 0.339853668212891 0.447789400815964 0.329114231467247 0.429157176613808 0.321323254704475 0.297726207971573 0.266843664646149 0.381049844622612 0.199863627552986 0.310446462035179 0.246468390524387
0.393026554584503 0.43670240342617 0.450568294525146 0.549878585338593 0.418109974265099 0.389602959156036 0.439869222044945 0.38816731274128 0.250142641365528 0.790407973527908 0.39790375828743 0.451768523454666 0.490471202135086 0.351475158333778 0.608834999799728 0.548010689020157 0.60192705988884 0.875557988882065 0.686169582605362 0.694064974784851 0.70718896985054 0.882553988695145 0.752237445116043 0.685377836227417 0.402588891983032 0.479364717006683 0.507536992430687 0.478069552779198 0.450598728656769 0.429206684231758 0.563749307394028 0.389833492040634 0.45827950835228 0.390847453474998 0.326128059625626 0.32531073987484 0.45088866353035 0.424564841389656 0.348967650532722 0.420704874396324 0.361369869112968 0.340291205048561 0.419075816869736 0.394009175896645 0.35844142138958 0.402078840136528
0.495913761854172 0.492233270406723 0.508982840180397 0.398401468992233 0.438512974977493 0.432305750250816 0.492109659314156 0.363449224829674 0.468922784924507 0.354448953270912 0.5184266269207 0.364760065078735 0.402019932866096 0.434146168828011 0.536362275481224 0.732511991262436 0.508563470840454 0.805797672271728 0.659212064743042 0.779889971017838 0.816613912582397 0.82300973534584 0.827396738529205 0.912665790319443 0.496569433808327 0.307793870568275 0.603634691238403 0.855991446971893 0.518368136882782 0.563794332742691 0.365567284822464 0.508892661333084 0.296900354325771 0.291003940999508 0.193077692389488 0.136702893674374 0.190733981132507 0.331001022458076 0.433274260163307 0.50291251540184 0.693898910284042 0.600365859270096 0.426710379123688 0.475460729002953 0.416789957880974 0.343050852417946
0.402917370200157 0.526317527890205 0.496486920118332 0.4683946788311 0.355253052711487 0.825036191940308 0.412351074814796 0.392473298311234 0.3640271961689 0.38900620341301 0.614624953269958 0.574919658899307 0.434277456998825 0.368212151527405 0.505776089429855 0.428718832135201 0.614308905601501 0.526469936966896 0.846897286176681 0.790244448184967 0.720355266332626 0.806798160076141 0.742735874652863 0.804647296667099 0.957313942909241 0.803357851505279 0.776689767837524 0.790689879655838 0.494128847122192 0.512617665529251 0.57883837223053 0.37559697329998 0.227990919351578 0.323747575283051 0.157198460400105 0.129047970473766 0.0651052724570036 0.135450450330973 0.273674437403679 0.42493357360363 0.42341924905777 0.424719530344009 0.547129374742508 0.603086078166962 0.475442504882812 0.455203571915627
0.48016844689846 0.329755255579948 0.391998618841171 0.366647088527679 0.362784051895142 0.369203731417656 0.233917486667633 0.369591423869133 0.37615439593792 0.411124062538147 0.786933708190918 0.429654461145401 0.381507796049118 0.475702661275864 0.298249451816082 0.53112932741642 0.500197353959084 0.581761258840561 0.825009667873383 0.725087672472 0.689180111885071 0.759442973136902 0.697781926393509 0.847114497423172 0.591466397047043 0.756086146831512 0.784977674484253 0.813985252380371 0.493257507681847 0.45920444726944 0.375349220633507 0.442742872238159 0.351976555585861 0.316873320937157 0.14960358440876 0.0965207010507584 0.109392257779837 0.0667042713612318 0.111757276207209 0.134498194605112 0.177421397715807 0.324526749551296 0.426457700133324 0.658596086502075 0.706659179925919 0.545558726787567
0.37294519841671 0.282890100777149 0.437229841947556 0.16566704288125 0.15825125426054 0.632820934057236 0.550551605224609 0.219114217162132 0.555771487951279 0.443151023983955 0.446260979771614 0.505150139331818 0.279531162977219 0.295507913827896 0.373797848820686 0.299395737051964 0.315379011631012 0.449095141887665 0.409910461306572 0.690678536891937 0.662419652938843 0.773926424980164 0.964907819032669 0.955452221632004 0.692081809043884 0.791372209787369 0.821830934286118 0.688204431533813 0.394069117307663 0.393173390626907 0.267805901169777 0.221670782566071 0.096713525801897 0.14922518581152 0.0771430741995573 0.132170164585114 0.172767235338688 0.132859364897013 0.135647428780794 0.13966183885932 0.0972171165049076 0.183385406434536 0.385128262639046 0.633937799930573 0.636796891689301 0.619816207885742
0.430828937888145 0.391505694389343 0.183674535155296 0.050687303300947 0.217519555985928 0.361286115646362 0.473040378093719 0.493904456496239 0.390548074245453 0.354121741652489 0.415513363480568 0.361956688761711 0.470995211601257 0.248808443546295 0.222176852822304 0.34190881550312 0.200012266635895 0.558463233709335 0.431948131322861 0.600776499509811 0.338017466664314 0.319991236925125 0.564393875002861 0.613898175954819 0.451462617516518 0.316662064194679 0.250408080220222 0.21662405282259 0.179261419177055 0.266251699626446 0.286960569024086 0.140485717356205 0.0819730713963509 0.366092762351036 0.13109069019556 0.0708861067891121 0.260806149244308 0.659875339269638 0.468616276979446 0.172924462705851 0.117930129915476 0.152336145937443 0.125083701312542 0.154051438719034 0.192437750101089 0.735571265220642
0.357285484671593 0.197366923093796 0.385116147994995 0.342775496840477 0.458939862251282 0.381579926609993 0.25670472830534 0.369714540243149 0.437258368730545 0.483312448859215 0.172931125760078 0.164779351651669 0.675813466310501 0.292511504888535 0.348216518759727 0.398514723777771 0.227759358286858 0.232090206444263 0.237110397219658 0.170924822986126 0.185186678171158 0.256994876265526 0.455656599998474 0.298426741361618 0.17439973950386 0.0989136964082718 0.049914662912488 0.127267636358738 0.0708834607154131 0.069963425770402 0.157167369127274 0.114098177850246 0.1853360414505 0.466856068372726 0.111584263294935 0.112471764534712 0.271577414870262 0.250673761963844 0.31540934741497 0.592241570353508 0.186854323744774 0.149876637011766 0.11674622669816 0.154421075433493 0.12031614035368 0.17587429434061
0.320092031359673 0.450033375620842 0.505306500196457 0.505169150233269 0.497680616378784 0.353354352712631 0.37501967549324 0.443249455094337 0.647507566213608 0.119844943284988 0.226153773069382 0.480378475785255 0.556190523505211 0.438019993901253 0.38158046901226 0.156862451136112 0.174882227182388 0.125774882733822 0.107092433422804 0.172522713243961 0.151250011473894 0.199458140134811 0.101961813867092 0.117455312609673 0.171693186461925 0.129454429447651 0.127518306672573 0.0899519078433514 0.0542837601155043 0.0500559061765671 0.0743765231221914 0.119332402944565 0.170507772266865 0.162511995434761 0.0543818201869726 0.115470329672098 0.161717392504215 0.25160965025425 0.440073698759079 0.403727754950523 0.378586867451668 0.42567146718502 0.468215152621269 0.20833366215229 0.194912730157375 0.14927010089159
0.409594285488129 0.360745847225189 0.440821039676666 0.32397246658802 1 0.676525062322617 0.419820100069046 0.60381218791008 0.24884936362505 0.470189282298088 0.419586002826691 0.338845890760422 0.863663190603256 0.386561039090157 0.586898219585419 0.263841776549816 0.340137666463852 0.245911632478237 0.171341960132122 0.176554676145315 0.121438359469175 0.142704866081476 0.167852137982845 0.154939811676741 0.113814431428909 0.0851584155112505 0.0701643951237202 0.126193867623806 0.0535425078123808 0.0797897979617119 0.186886841058731 0.110758388787508 0.17357305586338 0.132167981564999 0.146445208787918 0.274201267957687 0.248719137907028 0.241615265607834 0.589426738023758 0.457053843140602 0.24631185978651 0.403285521268845 0.301800620555878 0.371941640973091 0.454193463921547 0.176666530966759
0.457303786277771 0.432399019598961 0.564782243967056 0.534569370746613 0.833883112668991 0.70355036854744 0.58327642083168 0.489552229642868 0.739453130960464 0.85544627904892 0.293410414457321 0.313906008005142 0.331056672334671 0.453242084383965 0.285762491822243 0.299787360429764 0.210144767165184 0.190943206846714 0.151862083375454 0.174667173624039 0.155758985877037 0.279492641985416 0.23799375295639 0.193237476795912 0.149614344537258 0.0973415993154049 0.058250967040658 0.0573519438505173 0.0666040871292353 0.0367349818348885 0.350478720664978 0.134644532203674 0.144330069422722 0.23639081120491 0.350795251131058 0.179486833512783 0.245930868387222 0.205994111299515 0.264679279923439 0.319576400518417 0.239618444442749 0.282102230191231 0.248187652230263 0.322844785451889 0.447688537836075 0.134300516545773
0.252242949604988 0.356166815757751 0.646756833791733 0.99394713640213 0.555359327793121 0.339212927222252 0.557254332304001 0.659176224470139 0.338537418842316 0.601064974069595 0.525038221478462 0.595315766334534 0.287129825353622 0.302896545827389 0.351162073016167 0.357747304439545 0.193712037801743 0.196360240876675 0.111386524885893 0.0526833672076464 0.119034878909588 0.16013116762042 0.164170402288437 0.0917129892855883 0.114027893543243 0.0762453462928534 0.084931892901659 0.0896392252296209 0.142107501626015 0.069575310125947 0.131549375504255 0.154807457327843 0.261348976194859 0.0961543075740337 0.183940327167511 0.118249635398388 0.537668997049332 0.213935725390911 0.306290596723557 0.342423292994499 0.224924972653389 0.2051573574543 0.211668638885021 0.212456426024437 0.153256691992283 0.312896910309792
0.978614753484726 0.825083816051483 0.601698064804077 0.560292840003967 0.491450759768486 0.552765303850174 0.738673710823059 0.394086101651192 0.422625520825386 0.34298942387104 0.324121400713921 0.736733388900757 0.632373714447022 0.433647418022156 0.723190003633499 0.594231867790222 0.211516943573952 0.267627967894077 0.263531184196472 0.0872732821851969 0.281594167649746 0.156375756859779 0.162547987699509 0.160461321473122 0.197984647750855 0.36421662569046 0.29312087148428 0.0635163176804781 0.0589651126414537 0.0862212531268597 0.209252321720123 0.229126065969467 0.176006568968296 0.0895976662635803 0.14703045040369 0.217006893455982 0.340890994668007 0.254454019665718 0.249786150455475 0.222607146203518 0.296960237622261 0.145305989682674 0.24890768378973 0.430313700437546 0.222736912965775 0.223802591860294
0.993235784769058 0.684145158529282 0.670035779476166 0.495624572038651 0.458135852217674 0.464809516072273 0.504660624265671 0.422059181332588 0.491031613945961 0.446489289402962 0.389956131577492 0.377967402338982 0.246116727590561 0.275956219434738 0.28647271245718 0.406861880421639 0.260343323647976 0.192635829746723 0.155576346814632 0.17586512863636 0.997368842363358 0.676615345478058 0.179630155861378 0.141913159936666 0.126983316242695 0.15641155987978 0.0689045656472445 0.0933511711657047 0.0591089610010386 0.202204328775406 0.427471789717674 0.0750642977654934 0.133135806769133 0.181051404774189 0.222057066857815 0.554993906617165 0.456025123596191 0.249394352734089 0.231898283958435 0.162291591614485 0.148397551476955 0.151628933846951 0.163982602953911 0.202828924357891 0.0917325340211392 0.104323855787516
0.766735661029816 0.794532585144043 0.605160838365555 0.526556625962257 0.356988942623138 0.407429179549217 0.411699134111404 0.333647415041924 0.409273520112038 0.290747311711311 0.324597629904747 0.380376955866814 0.232341876626015 0.142785000801086 0.237595136463642 0.212907582521439 0.119466299563646 0.189218217134476 0.216370396316051 0.550341510772705 0.999995547533035 0.553374019265175 0.199392566084862 0.193100430071354 0.131783951818943 0.11625867113471 0.0821245092898607 0.0812070734798908 0.125524760037661 0.311245703697205 0.107165487110615 0.178893512487412 0.0885967534035444 0.156973876059055 0.232471996545792 0.205957813560963 0.249405215680599 0.2226507589221 0.168706254661083 0.169911639392376 0.226619458198547 0.148600694537163 0.131658364832401 0.124377116560936 0.149121333658695 0.178938680887222
0.470243036746979 0.434863093495369 0.474180960655212 0.402680125832558 0.459962972998619 0.588391906023025 0.430645528435707 0.370390295982361 0.372971537709236 0.227561685442924 0.217434239387512 0.22664610594511 0.0831982396543026 0.263076987862587 0.475361457467079 0.347535690665245 0.50858461856842 0.226058183610439 0.150201296806335 0.254462656378746 0.405553323030472 0.220149317383766 0.189447189867496 0.148813726007938 0.180249065160751 0.0858088102191687 0.151568805426359 0.299810765683651 0.144832520186901 0.121827895194292 0.151393042504787 0.16194339543581 0.151525950431824 0.104785487055779 0.115886392444372 0.193115873634815 0.19037664681673 0.14166148006916 0.156439971923828 0.17281741052866 0.163955023139715 0.187652236223221 0.232650232315063 0.21003660261631 0.256697924435139 0.123003260791302
0.318557280302048 0.366195186972618 0.447082135081291 0.322785478830338 0.335105630755424 0.45033723115921 0.439030495285988 0.246414759755135 0.195602256059647 0.246219277381897 0.193677568435669 0.191029666364193 0.170923238247633 0.663450878858566 0.676583641767502 0.248771430552006 0.227370201051235 0.11344071701169 0.104748848080635 0.24882115572691 0.295068010687828 0.12383669167757 0.150664438307285 0.157817962765694 0.251201342046261 0.087268840149045 0.147478235512972 0.162153857946396 0.0981310158967972 0.0984052628278732 0.0983542799949646 0.103053899854422 0.161482162773609 0.171269446611404 0.114561457931995 0.123619168251753 0.136382107436657 0.549402087926865 0.149565802514553 0.201107603311539 0.206229130923748 0.13989589959383 0.170687440037727 0.15492439866066 0.125685614347458 0.133756829053164
0.30607463568449 0.399290382862091 0.36322229206562 0.381549966335297 0.348207545280457 0.455329033732414 0.346708047389984 0.308248645067215 0.251293024420738 0.166528509557247 0.32890782058239 0.261354702711105 0.284113970398903 0.327136600017548 0.384960994124413 0.276101365685463 0.16087438762188 0.167192625999451 0.162826973199844 0.357574239373207 0.0966953530907631 0.176843956112862 0.240462663769722 0.215687565505505 0.295949900150299 0.190025705099106 0.187019808590412 0.100711326301098 0.104718437045813 0.251005552709103 0.158618472516537 0.165660764276981 0.16424587816 0.174336305260658 0.173087310791016 0.657243999838829 0.281501144170761 0.124054355174303 0.168079704046249 0.144108121842146 0.130353835225105 0.185721763968468 0.139789191633463 0.136793240904808 0.163825485110283 0.132462740689516
0.476027280092239 0.477228653430939 0.531967693567276 0.479414662718773 0.353688448667526 0.248945808410645 0.279894703626633 0.346934509277344 0.383458533883095 0.539265206456184 0.31457584798336 0.610157120227814 0.456557816267014 0.281439723074436 0.183767728507519 0.147945416718721 0.147866053879261 0.151082038879395 0.230061113834381 0.267129853367805 0.204379579424858 0.390096008777618 0.563978278636932 0.145214960724115 0.298564557731152 0.225668017566204 0.257277356088161 0.233436171710491 0.162861160933971 0.163335601985455 0.171944230794907 0.111451781541109 0.364943742752075 0.183919434249401 0.23126907646656 0.208459278941154 0.184485574066639 0.140102683752775 0.164462126791477 0.221240463852882 0.203569608926773 0.231366910040379 0.934503811597824 0.309825266897678 0.41885823905468 0.0804357759654522
0.65927819609642 0.425809133052826 0.548161864280701 0.528704386949539 0.330854848027229 0.180687129497528 0.0985830746591091 0.138175077736378 0.317295053601265 0.376117557287216 0.265075609087944 0.336486181616783 0.163522188365459 0.235990984737873 0.156679727137089 0.178431689739227 0.27695978730917 0.152530358731747 0.180908048152924 0.370887914299965 0.197094506025314 0.25013510286808 0.223564124107361 0.300631326436996 0.298392736911774 0.118049654364586 0.0868562631309032 0.35634049475193 0.164933948218822 0.211301304399967 0.237643021345139 0.1656712859869 0.204260884225369 0.295276409387588 0.175677171349525 0.186885525286198 0.163925719261169 0.135877349227667 0.0827962882816791 0.0557808253914118 0.165474183112383 0.0910881631076336 0.743547999858856 0.890175372362137 0.787674528360367 0.555102866888046
