Maxent_result_files_2/B_hyperboreus_3.asc
NCOLS 594 
NROWS 330 
XLLCORNER -15 
YLLCORNER 23 
CELLSIZE 0.166666666666667 
NODATA_value -9999 
[rows 160 to 179 of 330, columns 352 to 395 of 594]
1.51418367844158e-09 1.82463936182486e-09 1.94694610433643e-09 2.11040526165718e-09 1.99947270962397e-09 1.37318416637555e-09 1.18732020881751e-09 1.00830052085499e-09 1.13292762948802e-09 1.26121294519166e-09 7.7901632922206e-10 7.56531037815478e-10 6.32518049048514e-10 5.06579167502963e-10 4.07888944842227e-11 3.20468873660218e-11 2.55044985131292e-11 2.63382204934715e-11 2.95997226729128e-11 1.86622495235156e-11 2.20986451360261e-11 2.56704990597711e-11 3.3420677336693e-11 6.47446540824603e-11 7.84528553232633e-11 1.21255938623221e-10 1.59904689489565e-10 9.46606237839376e-11 1.73549963289332e-10 2.91835144938801e-10 1.46912693121948e-10 1.50936074749808e-10 1.00646302403362e-10 1.02828023873514e-10 6.12321415793815e-11 4.59182691869842e-11 1.50629930750767e-10 2.20158669073101e-10 3.07969783008843e-10 4.42791781019025e-10 4.29811397584245e-10 1.12812592600875e-10 1.47088652369121e-10 4.01288258178312e-10
1.14240731319271e-09 1.33371481636502e-09 1.33254437484354e-09 1.55622656983212e-09 1.26890128404611e-09 1.14693040620395e-09 1.09621690613793e-09 1.08949480548404e-09 9.34131927365911e-10 1.23327242862459e-09 6.63789023747086e-10 7.45492856335517e-10 6.20305784515551e-10 1.00562402849391e-09 7.47448547500085e-11 3.7570835331735e-11 7.7328199399318e-11 1.67818425822475e-11 1.61255009345496e-11 2.34315011837793e-11 5.18020737416691e-11 4.59229432259178e-11 5.29562171891484e-11 6.60883681113944e-11 9.4432106578779e-11 1.8700997417298e-10 2.59126820001399e-10 1.50662893272369e-10 2.14932005526691e-10 1.78047587784391e-10 8.24916135400144e-11 9.52566470147076e-11 1.04186781424431e-10 1.75114200917648e-10 2.10290052038431e-10 1.38135070049117e-10 1.51356038813333e-10 1.20550480708914e-10 1.86466464491275e-10 2.3735491350152e-10 6.34309049729609e-11 2.55074372734754e-10 2.31882280044005e-10 7.04161173814555e-11
7.84300124845316e-10 7.35682215147193e-10 7.56713003369214e-10 8.62080096197815e-10 8.83751705149649e-10 8.4281465140279e-10 8.20764090025961e-10 6.91640245076286e-10 1.15282964285868e-09 8.73693362102301e-10 9.19980513991447e-10 8.82180761774265e-10 4.23941226568303e-10 5.85261539232107e-10 4.91870633112512e-10 4.98999952469603e-11 7.40620564876337e-11 7.0454464484726e-11 5.90018478519028e-11 3.51755069516457e-11 8.20051360150842e-11 5.34003175012288e-11 5.65667734875319e-11 1.26259003252471e-10 1.56146662266821e-10 1.35630462416714e-10 1.08868869475032e-10 9.68137681134351e-11 4.13004919153082e-10 3.97399702034562e-10 2.67674871157197e-10 5.14836617782066e-11 1.85257542639761e-10 1.70370262342345e-10 4.62828997349618e-11 3.21521032020655e-11 1.29255361969172e-10 1.04528419253569e-10 1.0186936849621e-10 1.06606834471279e-10 1.15872933470484e-10 1.29774091472967e-10 4.44457470827331e-11 4.98052155073481e-11
6.40745767555018e-10 5.68297853220656e-10 5.55903767462951e-10 6.58367194095177e-10 8.39401426144804e-10 6.21219009566687e-10 5.87972559529248e-10 5.70275149325283e-10 8.01475930067852e-10 8.73737460160839e-10 1.20690233362808e-09 7.18725690074251e-10 1.28895160100839e-09 3.29143035049384e-10 1.29887944844143e-10 1.46692014091343e-10 5.678805203857e-11 4.41780501070355e-11 4.91193974383464e-11 3.8722169914962e-11 8.07629740862126e-11 1.30069899295648e-10 7.95235099992908e-11 1.06950714950926e-10 1.34993893841084e-10 4.53872817107737e-10 9.89382797911276e-11 4.14738732246178e-10 3.69174513181747e-10 3.068122755856e-10 5.91991122789182e-11 3.88722720678913e-11 1.21210663728277e-10 1.1245845366048e-10 1.10572750955384e-10 8.78411343663288e-11 8.13467182503302e-11 2.21046514425893e-11 7.70500441227284e-11 8.25939316939639e-11 8.48688341825721e-11 2.22149632023161e-11 4.37786029650056e-11 3.35087069203155e-11
4.82438655691197e-10 5.61442914381871e-10 6.81872913688153e-10 6.54876808336979e-10 5.63472801751175e-10 4.92813978514306e-10 4.0997513162111e-10 4.80753381548737e-10 6.6126266684563e-10 5.72681224664251e-10 8.05647359936046e-10 3.95551535969929e-10 1.03717605615117e-09 1.33421051984328e-10 1.15320331062208e-10 1.31967714533943e-10 8.51279491342893e-11 4.85747886358467e-11 2.47859621715918e-11 5.00690156002292e-11 8.26701263001439e-11 1.07193620646484e-10 4.00247834875245e-10 1.20769538813903e-10 4.85133844208008e-10 3.89247911680712e-10 3.53701667954454e-10 8.03788369196923e-11 2.73446021381574e-10 5.03697750176002e-11 1.31454958030019e-10 9.20461373787873e-11 1.02082786668234e-10 8.8374318973905e-11 8.2880768914606e-11 1.89128157579432e-11 3.53203910563593e-11 2.63515320675367e-11 7.65317031969914e-11 9.84474723964013e-12 5.80474668332442e-11 7.17227721658276e-11 1.78179693222091e-11 7.0932903994958e-11
4.84319973015346e-10 4.85931872518108e-10 5.42384481772018e-10 5.59338020345024e-10 4.19124912554025e-10 5.00222363530867e-10 4.36314973040197e-10 4.39858371947821e-10 4.93534868528656e-10 4.11942391309594e-10 5.25445775778621e-10 7.10819780813665e-10 5.55529733325955e-10 2.49285636577667e-10 1.15795084631998e-10 1.03261477146788e-10 7.68746288848376e-11 5.29877364208176e-11 2.34179176050731e-10 9.62814716842786e-11 8.49191050811271e-11 9.11115738411183e-11 3.48516004944344e-10 3.65504781996151e-10 3.43547168490943e-10 3.19720017127878e-10 2.75969846974533e-10 2.24789797886871e-10 1.65947811048284e-10 1.27672106220444e-10 2.573762314384e-11 9.46612899177524e-11 8.79089800953636e-11 8.3837603526149e-11 1.88584481364273e-11 1.67921787586067e-11 5.95128391012167e-11 1.66383573585449e-11 6.15719475405285e-11 1.38353772882738e-11 5.25482324320592e-11 5.0048354349741e-11 1.36765598846011e-11 5.16571896369555e-11
1.2718859299099e-10 3.50117057568156e-10 3.64496244298351e-10 4.13572120994132e-10 3.94219956678654e-10 5.00996089058958e-10 7.3481148943344e-10 7.60910578989638e-10 4.18821677339309e-10 4.50108084137923e-10 7.65472929487032e-10 1.46188205984998e-09 2.63194843697079e-10 1.29075261590117e-10 3.50680928740132e-10 8.59744164749543e-11 3.65201091589995e-11 3.4988686392623e-10 9.37663946487532e-11 3.4539417992363e-10 7.71453234627018e-11 2.11344242107003e-10 2.56990928537704e-10 2.70142663794104e-10 2.30242003240733e-10 2.09476080925697e-10 1.77236880727349e-10 1.32831790011778e-10 1.12351095093999e-10 9.75747815878947e-11 8.73275229906767e-11 8.30680635388603e-11 7.37741201461972e-11 6.73370137427298e-11 6.55809739846802e-11 5.56058754597188e-11 5.13817655090065e-11 4.90008145170862e-11 1.32897470805915e-11 4.63891813851092e-11 3.97466060064744e-11 4.30521951422236e-11 3.44750672454097e-11 3.9921921324293e-11
2.30876895379595e-10 2.08685657643315e-10 4.18426104875635e-10 3.7974298150445e-10 3.26488436286354e-10 7.95902710404306e-10 5.71234726187697e-10 3.7316196799253e-10 5.96635385541333e-10 6.35137931137564e-10 4.00569877267998e-10 3.22175741640507e-10 1.41493861072206e-10 4.80574646744003e-10 1.00996422336408e-10 7.81970710406199e-11 7.72194641562862e-11 3.70872965671509e-10 3.47751250018291e-10 1.18430520945623e-10 7.82096276630284e-11 2.622765005178e-10 1.99995375815831e-10 1.7557779674604e-10 1.59384871967205e-10 1.3408389953895e-10 3.15178549925577e-11 2.68447819529172e-11 6.95159707575499e-11 6.38762931437498e-11 5.99820859648048e-11 5.7792770569165e-11 6.17357498455817e-11 5.93186610942098e-11 5.49292833440518e-11 5.0733328649244e-11 4.82389572731279e-11 4.38943215108623e-11 4.07691103099239e-11 3.99132948913916e-11 3.71057962134103e-11 3.12544878866561e-11 2.936290099953e-11 3.12858072781808e-11
2.29157415265746e-10 2.81819712011355e-10 3.01994629303692e-10 2.14444939583558e-10 3.76695108439407e-10 3.06771841263043e-10 4.04569611145433e-10 7.1639563170578e-10 3.72713027108063e-10 4.66479699312572e-10 3.28810267902213e-10 1.63154323384873e-10 2.04319072771852e-10 4.2951676659797e-10 3.91074483907516e-10 3.18199355753279e-10 3.12036629868118e-10 2.86889190181938e-10 2.83553991398122e-10 2.96995417148338e-10 2.26586938101292e-10 1.78024217589723e-10 1.38171463159864e-10 8.35447711011739e-11 8.31500424069986e-11 7.09660108455523e-11 6.65400845534236e-11 6.51399045814571e-11 4.87261897497149e-11 4.26995994118329e-11 4.297899813821e-11 4.56179427565928e-11 4.40156910919143e-11 4.59020821352851e-11 4.64470351069224e-11 4.51187975869516e-11 3.87672893786828e-11 8.74772476677776e-12 3.10152681315401e-11 3.12866954566005e-11 2.97635582846567e-11 2.66111022106941e-11 7.03255231826461e-12 6.23927576270944e-12
3.05075087414508e-10 2.47767562022716e-10 4.0129494172092e-10 5.61968527268419e-10 3.47379314202811e-10 1.74757086579547e-10 5.13033360238779e-10 1.1648374043105e-09 2.32842245484477e-10 3.44005512964429e-10 2.7767618204777e-10 1.89986615328763e-10 1.18745280275334e-10 1.0877004852361e-10 8.69960437022144e-11 7.44926231810439e-11 2.83283685398317e-10 2.44126274751011e-10 2.3169405283241e-10 1.8607624330258e-10 1.69320113485583e-10 1.39123867981539e-10 7.7828099520616e-11 6.54624132678805e-11 5.51238721335778e-11 4.64708271863401e-11 4.39082659120515e-11 3.59155594154004e-11 3.20241944073985e-11 2.62037391784986e-11 8.27123924906914e-12 3.05056535587767e-11 3.29097082918395e-11 3.20319326618801e-11 3.21212167975204e-11 9.0461749202575e-12 2.99452573848669e-11 7.27050641913252e-12 2.35932606784672e-11 2.23993268377853e-11 5.49370549052242e-12 1.66607505569516e-11 8.81212880443627e-12 1.46940237755189e-11
5.06474828743109e-10 3.83607934306696e-10 4.43184955400966e-10 4.81779871552845e-10 3.04968816866591e-10 4.89412077531171e-10 5.63308621970293e-10 3.21584159301835e-10 1.91765137103062e-10 7.14138159718658e-10 4.15069201231688e-10 9.6582386532873e-11 3.56776896914823e-10 3.05502700914673e-10 2.56169874202072e-10 2.38743347313886e-10 2.47300102618198e-10 1.97316329941799e-10 1.76207348712154e-10 1.41174116841114e-10 1.03475061852265e-10 1.09756626009982e-10 7.63590302099715e-11 6.17262796431817e-11 4.26634949590721e-11 3.54813955993905e-11 2.69419819787231e-11 2.46259568292828e-11 2.1020796214799e-11 2.04294692274232e-11 2.04089856126188e-11 1.9969370601558e-11 2.28070118346579e-11 2.48999043606091e-11 2.68667643688048e-11 1.4527845593193e-11 6.80980827283406e-12 1.85482296188866e-11 1.6996337670605e-11 1.46451184512841e-11 3.74114073053988e-12 1.35595534800359e-11 1.10198405955941e-11 8.77430350598729e-12
3.16770565333968e-10 3.26764881819486e-10 2.91688428966097e-10 3.43310280204179e-10 3.06588043841316e-10 2.58148147302961e-10 4.31436175674094e-10 2.9100779563862e-10 8.91849172290904e-10 4.24811841259753e-10 3.67140318147108e-10 3.29039673285791e-10 2.97171676155727e-10 2.33674246619131e-10 1.82634085632571e-10 1.65851654632121e-10 1.67668623429762e-10 1.59347124384368e-10 1.21210241843528e-10 8.09937339418809e-11 9.02292351945277e-11 8.86382967024701e-11 6.46173781149173e-11 5.51193535258676e-11 3.68620911572748e-11 2.56306087464964e-11 2.54990917269993e-11 1.31066268949098e-11 1.50634726914234e-11 1.46935130729275e-11 1.29949051519418e-11 1.43992706647111e-11 1.55565560433502e-11 1.34574129617704e-11 1.407099992079e-11 5.62581092822256e-12 3.14165360393304e-12 1.35254141220287e-11 3.84989817803216e-12 4.56010784688488e-12 3.15102388626087e-12 9.40901800916549e-12 2.27495799975941e-12 6.40778541338705e-12
1.99407457213141e-10 1.95361693489104e-10 1.7118695350149e-10 1.84700821304062e-10 8.01976229869439e-10 2.73774714010244e-10 2.50485310271387e-10 2.35870867282273e-10 1.71144098892739e-10 3.93163301914967e-10 8.90439721956682e-11 3.07047987035958e-10 2.47944098585862e-10 1.78885162238629e-10 1.46802292544379e-10 1.11826325976949e-10 9.95805549131035e-11 1.06400177557475e-10 1.31198507613561e-10 6.56354748329591e-11 6.1598748324343e-11 6.51820708519324e-11 4.70372296668131e-11 3.009372750995e-11 2.03210448468383e-11 1.61853086488861e-11 1.20665588632107e-11 1.22451937478729e-11 1.2215939371174e-11 1.03220432201567e-11 8.68684013610732e-12 8.0062734220121e-12 9.21460685532338e-12 1.13649534227989e-11 1.02710395744054e-11 1.10297881938948e-11 1.36083366797379e-11 1.11275544334433e-11 8.59623483506766e-12 8.45031822294118e-12 3.02073921432111e-12 5.59449153669789e-12 1.74180669887392e-12 4.92050844513869e-12
3.09815673116276e-10 1.77575909532379e-10 1.88018800528766e-10 1.40545275417736e-10 2.18656248662796e-10 2.16795104091005e-10 2.33864949628071e-10 1.76532125584217e-09 4.25291080130563e-10 3.11934145180714e-10 2.73184153076755e-10 2.41836184411426e-10 1.805754323847e-10 1.31641830769524e-10 9.89024973030439e-11 8.49006531744578e-11 9.43148115162273e-11 3.92567089946283e-11 3.97938904050932e-11 3.93263088760421e-11 4.88585061297897e-11 3.62768037831529e-11 2.68839839279167e-11 2.66856647890279e-11 1.95127136670692e-11 1.41788469854021e-11 6.74362787833616e-12 1.26305299552598e-11 8.86362094831838e-12 7.42469419279246e-12 6.37575547912661e-12 6.52899956321562e-12 7.41244843283084e-12 8.25191026621042e-12 7.04686309305202e-12 7.38217265094931e-12 7.70878916256379e-12 6.29690743991773e-12 6.24748031086142e-12 5.3111515185833e-12 4.54946080807872e-12 3.92128551851556e-12 3.1614488804621e-12 2.94575475123793e-12
4.44802972232594e-11 1.28015342770738e-10 1.67754266033882e-10 1.68234959296854e-10 2.38934905194554e-10 1.81127557397076e-10 4.74172412445739e-10 7.65129515301055e-11 8.67831917439332e-11 2.51246734528365e-10 2.37948660775089e-10 1.90688664858385e-10 1.57614454820987e-10 1.03292041586656e-10 8.07713229633578e-11 6.86632528612563e-11 6.16868556235772e-11 5.30479105087522e-11 3.96494947985104e-11 3.08691516792692e-11 2.53109089243253e-11 2.67106226026215e-11 2.09566919373572e-11 9.54607504155547e-12 8.49751380371799e-12 7.94114773938759e-12 7.3018036061967e-12 5.68154412405875e-12 4.11536360545028e-12 4.46505055151647e-12 6.22747409195767e-12 5.40162359286001e-12 4.73516781340777e-12 4.9113157984948e-12 5.10134157138964e-12 5.39681632716338e-12 5.57566215420024e-12 6.46506181922746e-12 5.08050268521742e-12 3.66299213183652e-12 3.22182280854122e-12 2.77815548344051e-12 2.48766562904734e-12 2.54263277099653e-12
1.32039135181117e-10 9.24671672564159e-11 7.7180906110641e-11 4.8658028717341e-10 2.71970357346163e-10 1.43456357903915e-11 3.24123061723469e-11 1.04624864327718e-10 1.13194742468181e-10 5.76009018260493e-11 1.64677960157178e-10 1.18981968721954e-10 1.20425003302671e-10 1.01105013250447e-10 8.54357251611759e-11 6.40290376274777e-11 4.24404400511946e-11 2.78527201302836e-11 2.33435382135383e-11 1.72360903327728e-11 1.42236666889062e-11 9.10073127968758e-12 3.72900599288073e-12 6.95657975668951e-12 6.0042193439358e-12 5.38419309137339e-12 5.05978592357792e-12 5.00052221852343e-12 4.16934264890756e-12 3.86138898633703e-12 4.47731851593858e-12 4.02404776167487e-12 3.89589471794238e-12 3.84664522457001e-12 4.04695166267288e-12 4.03651556624141e-12 4.02909927643691e-12 4.13232781326656e-12 4.18337586793882e-12 2.88186141617075e-12 2.52429188662973e-12 2.56916710128507e-12 2.54859466863877e-12 2.41163755632101e-12
7.0856531753094e-11 8.3006912454664e-11 9.41193456505118e-11 8.15786105334837e-11 1.74571357369757e-11 8.43315417498047e-12 1.96415772535374e-11 1.99034788650465e-11 1.89937732208989e-11 2.43009612432843e-11 2.88199131226463e-11 3.06625613788469e-11 3.86989773559776e-11 1.69046998621525e-11 5.70948843758856e-11 4.15779632945146e-11 3.34855254635613e-11 2.43510878128461e-11 1.73960512661608e-11 1.24256605005257e-11 8.7190477060517e-12 4.6595616254308e-12 3.23003845892345e-12 2.94090307662032e-12 4.74511541170841e-12 4.40781855459704e-12 4.57697213462893e-12 4.28953539355348e-12 4.06000788544247e-12 3.73192587943549e-12 3.69393404753282e-12 3.72637476431237e-12 3.72918362856467e-12 3.57535112627261e-12 3.45310446903113e-12 3.33063576718473e-12 3.28195248755492e-12 2.87189161340962e-12 2.99548164051089e-12 2.85770296315491e-12 2.52471377137908e-12 2.30050423155603e-12 2.16807682917874e-12 1.94242399942368e-12
2.35305064322233e-10 2.66137178961401e-10 1.13953102509612e-10 7.58470175554748e-11 6.45738351678915e-11 1.99122629496173e-10 5.60662516413402e-11 4.21882195844603e-11 5.50029355395054e-11 9.38909394676557e-11 2.70212852093721e-11 1.88677740098342e-11 4.54581483566585e-11 2.63499888575325e-11 2.61058064054964e-11 3.15758308389036e-11 2.50155562930843e-11 1.87680870844531e-11 1.54401491592182e-11 1.11162079541316e-11 7.96670507341446e-12 5.90368864905599e-12 3.50102169477395e-12 2.47071252346132e-12 2.53780330083941e-12 3.55407925312079e-12 3.74128505953308e-12 3.46788153748889e-12 2.95318214327267e-12 3.48534534566625e-12 2.89004375986224e-12 3.02547986663626e-12 3.01338953789809e-12 2.95147239981475e-12 3.09774428330911e-12 3.11018988341516e-12 3.00031111066801e-12 2.59249288703245e-12 2.80858669654549e-12 2.43058906335136e-12 2.14902540207618e-12 1.70905511964747e-12 1.42743594722106e-12 1.42903466837652e-12
6.79292400107556e-11 9.76395742036118e-11 8.8545282217467e-11 8.08077715852562e-11 5.35306465820895e-11 1.4372707468624e-10 1.21559218246858e-10 1.01977493116578e-10 2.47529108321487e-11 6.78609168858202e-11 5.15018694358105e-11 1.20170540185427e-11 1.30170219048154e-10 4.80139927816481e-11 1.90405691213869e-11 2.85359624818682e-11 2.20477525125773e-11 1.43600908941721e-11 9.25570731169501e-12 4.05873112896416e-12 6.39556185788592e-12 4.89044360563184e-12 4.47896164601502e-12 3.75348641057371e-12 3.16462411831253e-12 2.8672064722457e-12 3.04956060404038e-12 2.32721619752851e-12 2.17537099445053e-12 1.97333260842925e-12 2.06140660097276e-12 2.0112467247202e-12 1.86168858107294e-12 2.55110377267442e-12 2.59076093911403e-12 2.70513611511092e-12 2.77804446113805e-12 2.29521956995882e-12 2.03435046586264e-12 1.88611348761469e-12 1.7157830711767e-12 1.4881762488983e-12 1.20875531806064e-12 1.4128032077565e-12
8.52106718518542e-11 6.583118494774e-11 2.60561239251444e-10 2.73890421453871e-10 2.03022798572761e-10 3.16681902923222e-11 7.88182630273582e-11 1.66466951334598e-11 5.03817210173452e-11 5.40832600925967e-11 5.44532974267042e-11 4.75036565639186e-11 3.82395226594667e-11 4.08647782279559e-11 1.45779388560641e-11 7.78318520744392e-12 5.29114529967956e-12 9.33224608701266e-12 7.38826777535451e-12 8.9521279278415e-12 5.5398130527351e-12 4.60398386081806e-12 3.75014463926959e-12 3.19650972357977e-12 3.03563840731158e-12 3.23604476548667e-12 2.8771207638556e-12 2.5095481248627e-12 1.8366419496374e-12 1.68953739887456e-12 1.54691814913122e-12 1.36166633524226e-12 1.46554990365644e-12 1.52179380208395e-12 1.56874513379535e-12 1.74134040520357e-12 1.82880377508354e-12 1.6883938691592e-12 1.85786941386823e-12 1.85537141206282e-12 1.56723523048186e-12 1.2949197270018e-12 1.2482570532768e-12 1.22629684184972e-12
