Maxent_result_files_2/B_hypnorum_2.asc
NCOLS 594 
NROWS 330 
XLLCORNER -15 
YLLCORNER 23 
CELLSIZE 0.166666666666667 
NODATA_value -9999 
[rows 220 to 239 of 330, columns 230 to 275 of 594]
0.0247310176491737 0.330505320429802 0.152002393454313 0.151434071362019 0.338712522387505 0.157276428490877 0.057677173614502 0.0617012459784746 0.122147580236197 0.0583373289555311 0.0307284343987703 0.0930869400501251 0.0488572262227535 0.0152685462031513 0.0643999718129635 0.0670149706304073 0.0302772322669625 0.020113226538524 0.00271211499057245 0.00230980855994858 0.00944312131032348 0.00241942704014946 0.0021885261812713 0.00220522702147719 0.00242953504493926 0.00614519621594809 0.0161247500916943 0.0184853818034753 0.0175944129936397 0.0042343411478214 0.00803718455135822 0.0186649556271732 0.0262950165662915 0.602439615130425 -9999 -9999 -9999 -9999 -9999 -9999 -9999 -9999 -9999 -9999 -9999 -9999
0.0041965739641455 0.0124246093764668 0.0351787773892283 0.0151084281504154 0.00267997864430072 0.0124180492945015 0.134092091023922 0.131206696480513 0.0285664764232934 0.0151888884516666 0.00398353124619462 0.014425038639456 0.0135627174458932 0.00810354121495038 0.0150565904099494 0.0249527944251895 0.0664648037403822 0.00665747371967882 0.00143559916323284 0.00165674804738956 0.00509137572371401 0.00518312937929295 0.0018743922439171 0.00461815257440321 0.00288710742024705 0.00273498189635575 0.0122361242538318 0.00945626889588311 0.397323033213615 0.317270150780678 0.13657044917345 0.0163535443789442 0.0346408818293696 0.14321507793761 0.0694477450771124 0.0597890878212638 0.0319508786313236 0.026643856568262 0.0336354142054915 0.0155662338715047 0.0254005395341665 0.0143901744158939 0.0195337392389774 0.0150813389569521 0.341600002348423 -9999
0.00468001384288073 0.00328286428702995 0.00339328801201191 0.00828083823435008 0.108339801430702 0.00176062981190626 -9999 -9999 0.00104742594412528 -9999 -9999 -9999 0.192024572193623 0.00992900314740837 0.0444269894622266 0.0208395478897728 0.00270468923263252 0.00454980212962255 0.00114837068031193 0.00789401817601174 0.00781034033279866 0.00446729625109583 0.0039339599723462 0.00507156475214288 0.0749976437538862 -9999 -9999 -9999 -9999 -9999 -9999 -9999 -9999 -9999 -9999 0.128359727555835 0.0241631018077896 0.0829332108609378 0.020555785112083 0.0167676181066781 0.0109275830676779 0.00688256354769692 0.00937382854754105 0.0170508002862334 0.0650965813547373 0.0421565154567361
0.00780470264144242 0.00663470288272947 0.360069087147713 -9999 0.272493617236614 -9999 -9999 0.397725540399551 -9999 -9999 -9999 -9999 -9999 -9999 -9999 -9999 0.00124176356766839 0.00782323345774785 0.00416200463077985 0.00426176693872549 0.00938633142504841 0.00610871848184615 0.00424787119263783 0.0139560100622475 -9999 -9999 -9999 -9999 -9999 -9999 -9999 -9999 -9999 -9999 -9999 -9999 0.43178247064352 0.586391566693783 0.181633959617466 0.0554679899043549 0.0168264970649034 0.0226436647120863 0.0199042409387403 0.0194050569203682 0.0454122529365122 0.326779529452324
0.00306464769819286 0.0148775617126375 0.0299662101082504 -9999 -9999 -9999 -9999 -9999 -9999 -9999 -9999 -9999 -9999 -9999 -9999 -9999 -9999 -9999 -9999 -9999 -9999 0.0522553229704499 -9999 -9999 -9999 -9999 -9999 -9999 -9999 -9999 -9999 -9999 -9999 0.602151626348496 0.0540257431566715 0.0232182894367725 0.022431359346956 0.0223081277683377 0.0583823177963495 0.170964651554823 0.424231523275375 0.0919903859496117 0.121262322366238 0.0760789651423693 0.0827125649899244 0.373219826817513
0.0614908030256629 0.0958559298887849 0.0207675984594971 -9999 -9999 -9999 -9999 -9999 -9999 -9999 -9999 -9999 -9999 0.0516305282711983 -9999 -9999 -9999 -9999 0.248107954859734 0.00362209139275365 0.21859138906002 -9999 0.368028637766838 0.128893150389194 -9999 -9999 -9999 0.0672892609611154 -9999 -9999 -9999 -9999 -9999 -9999 0.683142298460007 0.0600280632264912 0.0296907480806112 0.0214602422434837 0.0995731925591826 0.0375639889389277 0.00168213003489655 0.00570327546447516 0.0289217526093125 0.030390727892518 0.134685416519642 0.266207572817802
-9999 0.107611352205276 -9999 -9999 -9999 0.0931654963642359 -9999 -9999 -9999 -9999 -9999 -9999 -9999 -9999 -9999 -9999 -9999 -9999 0.00439802589244209 0.00404512427048758 0.0136897245887667 0.00657839756458998 0.00175449091766495 0.00475490545504726 0.0078243411029689 0.00378120278473943 0.00479206357849762 0.0027537772883079 0.00280240505526308 0.00341840156470425 0.00687948768027127 0.00321301550138742 0.00392068751971237 0.00945558331068241 0.021414101587618 0.104788390081376 0.0237924869172275 0.0253981274203397 0.0114986264612526 0.0149855259805918 0.00160308543709107 0.0129407655447721 0.0127563281916082 0.215268886089325 0.0209271060302854 0.0285229582339525
0.017240350227803 -9999 -9999 0.00214843827125151 -9999 -9999 -9999 -9999 -9999 -9999 -9999 -9999 -9999 -9999 -9999 -9999 -9999 -9999 0.00422900564153679 0.0166025116108358 0.0437925856560469 0.00294847136246972 0.00611614103545435 0.0204260162310675 0.0180494483560324 0.0105851679225452 0.00429281782126054 0.00479284831089899 0.00496032278169878 0.00238856821961235 0.00476062949455809 0.00970538679976016 0.0460326278582215 0.0228129738010466 0.595734202861786 0.656633007526398 0.152938957884908 0.0383260828442872 0.0665411416441202 0.0395832810550928 0.00487900134176016 0.00567654626211151 0.00384708859492093 0.029829322360456 0.0131731167435646 0.00885398252867162
-9999 -9999 -9999 -9999 -9999 -9999 -9999 -9999 -9999 -9999 0.00358403073623776 0.0006936611398487 -9999 -9999 -9999 -9999 -9999 0.000400925179292244 0.0115057624818292 0.0063263215823099 0.00734968896722421 0.0082958037732169 0.0206736926920712 0.0204099690075964 0.0102711164625362 0.0068723583011888 0.00371111289132386 0.00413294996833429 0.00423879694426432 0.00383028984069824 0.00626587984152138 0.0272685683332384 0.0142432007007301 0.119975373148918 0.28868236541748 0.334913676977158 0.458089110255241 0.107938212156296 0.443561318516731 0.15810239687562 0.0308947712182999 0.0642830096185207 0.0177494331263006 0.0507023271173239 0.0329607915133238 0.0211068105883896
-9999 -9999 -9999 -9999 -9999 -9999 -9999 -9999 -9999 -9999 -9999 -9999 -9999 -9999 -9999 -9999 -9999 0.000236357618814509 0.000233585690511973 0.00311201455187984 0.028844390809536 0.20513036698103 0.0251889392733574 0.0263056004885584 0.0164236666169018 0.00754369838396087 0.0015578711318085 0.00537465422530659 0.00229111535882112 0.010913133341819 0.0909972168505192 0.07616246342659 0.108173389732838 0.00449460961390287 0.00905210617929697 0.089401164650917 0.0665121249854565 0.0203871170990169 0.292825764417648 0.0897665850818157 0.0257442682981491 0.00527184701059014 0.00752278617583215 0.0078181931108702 0.0243444018997252 0.0274529097601771
-9999 -9999 -9999 -9999 -9999 -9999 -9999 -9999 -9999 -9999 -9999 -9999 -9999 -9999 -9999 -9999 -9999 0.000856070099689532 0.00125447094033007 0.0540618877857924 0.585594534873962 0.109831099957228 0.00168809960341605 0.0138193998020142 0.00143467074667569 0.00213724142522551 0.00137771997542586 0.0035285237523567 0.00101938175212126 0.0146065626526251 0.0218749335035682 0.0267073420807719 0.00437355870380998 0.00258928220719099 0.00477230933029205 0.0233947766944766 0.109209506958723 0.0651296105235815 0.0664577443152666 0.0198142819106579 0.0113890279084444 0.0281239892356098 0.0174504488706589 0.0163734742440283 0.0267891699448228 0.0331115525215864
-9999 -9999 -9999 -9999 -9999 -9999 -9999 -9999 -9999 -9999 -9999 -9999 -9999 -9999 -9999 -9999 -9999 -9999 -9999 -9999 -9999 0.000381308381565759 0.00854687734972686 0.0509355222806335 0.00410465289605781 0.00127747144724708 0.0101841742638499 0.00223319595097564 0.0014016163389897 0.00417445253115147 0.00556755997240543 0.210836474597454 0.0137563009280711 0.0741234939545393 0.11852018609643 0.0129936097189784 0.18915156275034 0.0195455527864397 0.304760846495628 0.261380842328072 0.140013628453016 0.0513397451490164 0.113414021581411 0.0393639627844095 0.0485463773831725 0.0351396037265658
-9999 -9999 -9999 -9999 -9999 -9999 -9999 -9999 -9999 -9999 -9999 -9999 -9999 -9999 -9999 0.00973588631022721 0.00253440015658271 0.000440256614456302 0.0291305540129542 -9999 0.00107103251211811 0.00275326257833512 0.0161369774257764 0.000843223614356248 0.000261338096788677 0.00175514638976892 0.0120463425992057 0.00458006738917902 0.00374271462787874 0.00150439408025704 0.0263953162357211 0.0744041554629803 0.31453215777874 0.068356915563345 0.0494533186778426 0.0425579132512212 0.145896227657795 0.00525937480852008 0.026573418546468 0.0256547783501446 0.0509598031640053 0.0374762589111924 0.0110511348117143 0.0138568183407187 0.0185302249155939 0.0323898925445974
-9999 -9999 -9999 -9999 -9999 -9999 -9999 -9999 -9999 -9999 -9999 -9999 -9999 -9999 -9999 -9999 -9999 0.000830018723354442 0.000185711010681189 -9999 -9999 7.64363349389896e-05 0.000173251277919917 0.000138536346690898 0.000336735389646492 0.0171827134210616 0.000563635551043262 0.004950972480583 0.00611738030565903 0.0216157731600106 0.0550687111914158 0.0476526778191328 0.0815885256975889 0.120736631006002 0.039394716732204 0.251384891569614 0.0899344108998776 0.0317552117630839 0.0718880333006382 0.053730078227818 0.0614410033449531 0.0470289735123515 0.0308629410341382 0.0318831996060908 0.0210020644590259 0.128053312003613
0.114079094305634 -9999 -9999 -9999 -9999 -9999 -9999 -9999 -9999 -9999 -9999 -9999 -9999 -9999 -9999 -9999 -9999 -9999 -9999 -9999 -9999 -9999 7.9739187776795e-05 0.0017537660052767 0.00820177089772187 0.000269609648148617 0.000301248465507342 0.00107618761521735 0.00786486711585894 0.0025924353627488 0.00553956249495968 0.00442600020905957 0.0116542399162427 0.012400318775326 0.0193782622925937 0.00915922462008894 0.0535655036568642 0.22643071860075 0.29454040825367 0.218223862349987 0.0348622227087617 0.0801260106265545 0.033374426420778 0.0276574624702334 0.112574658542871 0.170866400003433
0.00113415929954499 0.00672105266712606 -9999 -9999 -9999 -9999 -9999 -9999 -9999 -9999 -9999 -9999 -9999 -9999 -9999 -9999 -9999 -9999 -9999 -9999 -9999 0.00199081020768972 0.000174563344785383 0.000235330014174906 9.42175082855101e-05 0.000208993332159935 7.15332065510665e-05 0.000120013007244779 0.00146927244204562 0.00127278383588418 7.71623006812661e-05 0.00303654630843084 0.00214903423911892 0.00297971086401958 0.00300352098420262 0.0061137736774981 0.103191052377224 0.111872704327106 0.056030860170722 0.118493173271418 0.158026468753815 0.170501919090748 0.0399836285039783 0.0948209239169955 0.0482994051650166 0.0602929862216115
-9999 0.00250838992506033 0.00110457601695089 0.029201339604333 0.00116642382563441 -9999 -9999 -9999 -9999 -9999 -9999 -9999 -9999 -9999 -9999 0.0319074252620339 -9999 -9999 0.00017920479467648 -9999 -9999 9.98761419936045e-05 0.000118930006785156 0.00100507500283129 0.00395047196288942 7.21305208003287e-05 0.000241130662175237 0.000261802744842043 0.000451539067796602 0.000338088761054678 8.13375414963957e-05 0.000385370054573286 8.81930000559805e-05 0.00211098990985192 0.00542833289364353 0.0186352869030088 0.0136990381870419 0.024769932962954 0.0961844697594643 0.0537699373438954 0.0871602453291416 0.0483106937259436 0.0196328979451209 0.133583354204893 0.0923731960356236 0.0699619017541409
0.00023355100183835 0.00034516672633913 0.00169757510739146 0.0249305165372789 0.000381148319047497 -9999 -9999 -9999 -9999 -9999 -9999 -9999 -9999 -9999 -9999 -9999 0.000203523704914232 -9999 -9999 0.000686857008531661 -9999 -9999 0.00476797399955778 0.000892235133881325 0.00169532756735862 0.000680681039011688 0.00472439179793582 0.0116344460402615 0.0265623316401616 0.000997519081283826 5.63475110652689e-05 0.000763949365091321 0.0033915326668648 0.00523999257711694 0.00409200873109512 0.00519569457392208 0.0124498879071325 0.020865306025371 0.125093176960945 0.0407755320891738 0.0286380903795362 0.111394406855106 0.0293346061371267 0.0709606364369392 0.143579725921154 0.0632690673694015
0.000318104035432043 0.000521206394296314 0.000911741993331816 0.00313479905889835 -9999 0.00804757154546678 -9999 -9999 -9999 -9999 -9999 -9999 -9999 -9999 -9999 -9999 0.00817590474616736 -9999 0.000414740374617395 0.000520520140207736 0.000156277297651286 0.000371284324864973 0.000181628376370213 4.12295895799275e-05 0.000129021818321462 0.000395109506280278 0.000174575284881939 0.000159296324574143 0.00030791136323387 0.000587675613496685 0.00495172797236592 0.000386664939833281 0.000520733843404741 0.00688314099097624 0.000674467931094114 0.000989464411395602 0.0273500885814428 0.0366670595481992 0.0255263176746666 0.0383328421041369 0.0471349451690912 0.0711190462112427 0.0719254691153765 0.101849091053009 0.0239353595301509 0.085340528935194
0.000601202828602254 0.000526647373066824 0.634466448239982 0.00034966469126726 -9999 -9999 0.000782296437864716 -9999 -9999 -9999 -9999 -9999 -9999 -9999 -9999 -9999 -9999 -9999 -9999 -9999 -9999 0.00971969128586352 0.0017772689643607 5.06759383256394e-05 2.30100232448294e-05 2.72136004213053e-05 0.000213832181475482 0.0004039536932396 0.000605407659895718 0.00102179665555013 0.00115077154332539 0.0301220094785094 0.00345433312468231 0.00210036935386597 0.00925173696596176 0.00922501031309366 0.0592759242281318 0.0217721785418689 0.0369716554880142 0.0185363575816154 0.0364634858444333 0.0900856990367174 0.0670244302600622 0.0838921032845974 0.0130798284430057 0.00259856834891252
