Maxent_result_files_2/B_hyperboreus_3.asc
NCOLS 594 
NROWS 330 
XLLCORNER -15 
YLLCORNER 23 
CELLSIZE 0.166666666666667 
NODATA_value -9999 
[rows 140 to 159 of 330, columns 176 to 219 of 594]
-9999 -9999 -9999 -9999 -9999 -9999 -9999 -9999 -9999 -9999 -9999 -9999 -9999 -9999 -9999 6.11535506112038e-07 1.09036171835886e-07 8.48053452906505e-08 1.82598381825994e-07 1.85996477364281e-07 1.29027217032895e-07 1.32272111252885e-07 9.80181108500844e-08 3.95047482282251e-08 8.09459881012664e-08 -9999 -9999 -9999 -9999 -9999 -9999 -9999 -9999 -9999 -9999 4.1431156834193e-07 6.85369626940435e-08 7.07798977206409e-08 8.7933035530785e-08 4.87812456206882e-08 7.34248564615569e-08 9.43998596070195e-08 6.87338504778978e-08 7.8838872807907e-08
-9999 -9999 -9999 -9999 -9999 -9999 -9999 -9999 -9999 -9999 -9999 -9999 1.88095321429493e-07 4.94646754445327e-08 5.48126301458396e-08 8.79061396119596e-08 6.55526229853542e-08 4.23645242553228e-08 6.54300460589674e-08 4.83932957706656e-08 8.25873039844716e-08 1.54372084826271e-07 2.71299707199635e-07 2.58540323117007e-07 3.25515688726075e-07 7.03938475987709e-07 -9999 -9999 -9999 -9999 -9999 -9999 5.09127529890741e-07 4.97880239147541e-08 1.0643572150304e-07 1.01200172264448e-07 8.22637709840812e-08 9.13172726213496e-08 1.2063120738981e-07 1.1000582532672e-07 9.69463699762585e-08 1.01881740155463e-07 8.92139866093267e-08 1.15756693119806e-07
-9999 -9999 -9999 -9999 -9999 -9999 -9999 -9999 -9999 -9999 2.31330192621559e-06 4.49926833345771e-08 1.10299094968624e-08 5.26186158422703e-08 1.09394584169031e-08 2.18277360741759e-08 3.87503826915214e-08 5.74831043986812e-08 7.27950329904026e-08 9.23073325775903e-08 1.2422865288686e-07 1.50876546933798e-07 1.53953670467555e-07 2.60545982977423e-07 1.83188463520612e-07 1.19749345961484e-07 7.69437387804217e-08 4.96633928204204e-08 8.11181942061978e-08 2.07791673212387e-07 1.81006756309054e-06 1.2224135471639e-07 7.13375690075679e-08 8.3966015240744e-08 1.03834572551254e-07 1.09913866019884e-07 1.17845519398418e-07 1.01376467120939e-07 8.82290746351266e-08 8.15850908164606e-08 7.21297400030352e-08 8.21754988500345e-08 8.17923885731986e-08 9.18706175467854e-08
-9999 -9999 -9999 -9999 3.0687888843417e-07 3.27620011897345e-08 1.14111920024307e-08 8.01776944836519e-09 1.63281245413316e-08 2.10671031730669e-08 2.62106805148932e-08 1.57147923118828e-08 2.88814829829676e-08 2.4624125483097e-08 3.89229867781005e-08 2.10199056382976e-08 5.49066240140839e-08 6.22880879430632e-08 8.40080486619321e-08 1.65697300269496e-07 2.01658815945915e-07 1.98148674424026e-07 8.58411903892353e-08 2.1695675639366e-07 1.4526969629447e-07 1.25580660548241e-07 7.24291795317633e-08 1.05911461367736e-07 8.20762002806674e-08 8.92855761214229e-08 1.50177220559211e-07 1.09356072952593e-07 1.11653298218162e-07 1.1376314494882e-07 9.09063686216349e-08 6.52665991918155e-08 4.15853231738872e-08 1.21194274016467e-07 1.2511468124865e-07 1.14450432164848e-07 1.13950669133889e-07 6.83651182442624e-08 4.21054101362728e-08 1.4060935511484e-07
-9999 3.33580183475846e-09 3.74374291567392e-09 6.94151534030851e-09 7.6814411498205e-09 9.62125064063457e-09 3.19701056739063e-09 3.05525313937238e-09 1.0700853880774e-08 1.75058402995809e-08 6.52495038000467e-09 1.02403363788639e-08 4.21561198393761e-08 6.0103281096513e-08 1.69639870151173e-08 3.53530331009821e-08 7.09576257196254e-08 1.19260704756208e-07 1.08763667316936e-07 1.60933444270928e-07 1.01158087051356e-07 8.57216002514427e-08 3.51056002922956e-07 7.50933644044771e-08 4.52164091724327e-08 9.16713133514158e-08 8.41636110249233e-08 1.73534615455218e-08 1.3461740873133e-07 1.22429582871675e-07 1.23722064260257e-07 1.44872190677159e-07 1.43947951813939e-07 1.27785869274977e-07 1.43039886657537e-07 1.22743582897655e-07 8.21002703044194e-08 8.93092972242826e-08 3.42415704568388e-08 1.44150160286127e-07 1.28190727177735e-07 5.25153870611916e-08 6.27302232492077e-08 5.19992137015812e-08
-9999 2.71280735542057e-07 3.21335761332975e-09 4.82277463520475e-09 6.87128440812756e-09 7.45479464825394e-09 7.75024975308014e-09 1.01176751421406e-08 1.78834559050323e-08 2.57200634012911e-08 3.46866733225149e-08 2.19883326657566e-08 3.16975253045193e-08 3.03417535096884e-08 1.92976686519408e-08 3.99149138075039e-08 3.66426185949287e-08 2.46315509655481e-08 3.96233260424594e-08 6.81896297205498e-08 1.54949956943096e-07 1.60353157940829e-07 1.04275196277648e-07 1.34678467089699e-07 1.35133106160534e-07 3.88114988703059e-08 5.78248326776887e-08 6.09330036982492e-08 1.10958535937122e-07 1.12960690745734e-07 1.09633764056039e-07 3.06732831800716e-08 5.77028470338803e-08 3.91807425059731e-08 4.57901503492231e-08 2.67797028552508e-08 4.43636888336485e-08 2.47910579620481e-08 3.03525400591198e-08 8.70894308113712e-08 4.26698835598316e-08 3.69175464309812e-08 9.28936205735198e-09 1.87313441424308e-08
2.12496522600247e-09 1.7116038919518e-09 1.43284565323754e-09 4.25454973473904e-09 9.90065182060462e-09 1.22026700410949e-08 7.59740544920007e-09 9.43798408314933e-09 1.38198749444207e-08 1.25617041879522e-08 7.6186107422771e-09 8.42251411947714e-09 1.43118719098112e-08 1.47709657838391e-08 2.15612244169883e-08 2.87354404937545e-08 2.39933514500912e-08 4.35440494550576e-08 3.67537531187345e-08 9.06341273698708e-08 9.35102760446505e-08 5.37489732721497e-08 6.68642521128859e-08 6.5792162950995e-08 3.76250921196863e-08 4.14822289074301e-08 2.0728935212766e-08 5.29171339969103e-08 1.16658985871432e-07 1.4251569291357e-07 1.37988408732692e-07 1.31089658172989e-07 1.18055443687481e-07 1.86446474548241e-07 1.42232436761702e-07 4.73397500755368e-08 3.71662927656224e-08 6.49418720577444e-08 4.2938362876388e-08 2.03559362255135e-08 1.23796310536051e-08 2.70873539154337e-08 2.16350922732644e-08 2.62130140260552e-08
1.05362253366437e-08 2.29777764593209e-09 2.89910104811497e-09 2.06975266925369e-09 1.17994586434911e-08 9.71385929471325e-09 9.4726645416543e-09 3.36165546510614e-09 3.87267085066867e-09 2.92636262999579e-09 9.11901739675258e-09 2.0914717824283e-08 2.72062682160623e-08 3.21563910721245e-08 1.9396212935785e-08 2.03175937740774e-08 3.66785372629685e-08 1.30530917963334e-08 4.31221812702276e-08 5.84942055459337e-08 8.45473031363397e-08 6.38748523962285e-08 2.1123576765536e-08 7.18329004723017e-08 1.67067320422376e-08 1.51946155768634e-08 2.93565439513088e-08 1.00987929796403e-07 1.08864728953773e-07 4.86244229658261e-08 2.28033622762247e-08 1.10236307027112e-07 1.35060085337813e-07 2.16484628412505e-07 1.39110412555876e-07 1.95157124771583e-07 4.02626229134562e-08 6.7231745104479e-08 3.43335881392015e-08 1.81348375871693e-08 1.28464052062682e-08 1.47392143712288e-08 3.2542824768278e-08 1.0717197884702e-08
6.97434570096078e-09 5.29519228464892e-09 9.50633132212886e-09 5.64237814248969e-09 9.64594073504799e-09 8.25906052437375e-09 9.62871721243985e-09 8.25490360512049e-09 4.35475430160537e-09 1.38236181057572e-08 8.66552301026502e-09 6.44831085194753e-09 1.14316469845832e-08 1.67491661207109e-08 2.97254952874582e-08 1.8824206016177e-08 2.23556359202348e-08 2.8603195489918e-08 2.89601561731523e-08 3.714227585494e-08 5.30782252372575e-08 2.175931851367e-08 2.34037498603179e-08 1.92383403874175e-08 4.73846834769809e-08 7.03063296914053e-08 1.01343421909927e-07 8.03254962100652e-08 7.56327715012439e-08 6.58956799792776e-08 1.26294133262483e-07 9.92142216937886e-08 2.03010126820224e-08 5.05077513146546e-08 1.23813593755351e-07 1.59886298012335e-07 1.3386952166794e-07 8.94641830950782e-08 2.07685686648418e-08 2.64186954535006e-08 1.50511235363915e-08 1.38090897494614e-08 1.0883530898731e-08 1.10774389106005e-08
4.2087319074291e-09 6.20566625864072e-09 1.22667859425718e-08 7.07071160510608e-09 5.12092239723927e-09 9.45612335101487e-09 1.09325132724436e-08 7.09630502138125e-09 6.15719215613098e-09 6.94026207614939e-09 5.74964374999709e-09 1.11002952385419e-08 7.60269730504248e-09 8.50285071241075e-09 1.16608537381602e-08 5.05666392092152e-09 7.38932337540632e-09 1.16315202358663e-08 1.03169799370306e-08 1.27145708406218e-08 2.06407641978323e-08 1.47767884817185e-08 2.34530942444522e-08 2.20889128321744e-08 1.71407761317965e-08 1.76703081500307e-08 1.81476832228356e-08 2.15777993473054e-08 4.54553517603706e-08 8.32222576296893e-08 8.09924283085017e-08 5.69142618145335e-08 6.03172817470465e-08 8.76613791667147e-08 1.13803373436028e-07 1.01042774736104e-07 1.11187370055443e-07 9.46257674327988e-08 8.1342682167751e-08 1.47743418166257e-08 1.04997850969291e-08 1.03682317287301e-08 1.052302049942e-08 7.16504632292114e-09
3.88051910604759e-09 4.61002255258691e-09 7.46502428761175e-09 2.54942916777523e-09 4.27684261339323e-09 9.32525390240357e-10 1.98257510408695e-09 5.09629062284134e-09 2.52678157286468e-09 5.45855249889371e-09 4.76103283464369e-09 7.87385098233173e-09 6.0659089973214e-09 7.54123249402383e-09 1.042130418627e-08 5.71175724495276e-09 6.19784981115146e-09 2.60768752480267e-08 2.49771221150219e-08 2.76738614246597e-08 7.83497461354088e-09 1.28102531582464e-08 1.24163010650769e-08 9.88406564372824e-09 1.9119583383187e-08 2.33619389167217e-08 1.78998394884111e-08 2.70367966237473e-08 2.93273149432061e-08 5.01483173320771e-08 2.10083415774776e-08 3.19297045803246e-08 8.54922638571232e-08 8.39235168803576e-08 8.63073410184434e-08 8.04136604970473e-08 2.90327407892477e-08 6.03988357883445e-08 5.46055817340907e-08 3.92633019319355e-08 1.05423352048106e-08 8.17126579732985e-09 7.16359617181084e-09 2.09708792553442e-08
1.96865298507376e-09 2.83031369452402e-09 3.47602628902877e-09 1.73378675860647e-09 3.11607926128943e-09 4.4176576174948e-09 3.40475070359503e-09 7.35770605553299e-09 9.55237571265144e-09 1.44915226263365e-08 2.26196666064382e-08 1.39473613103291e-08 1.24834906078952e-08 6.92249896294683e-09 5.43972007438498e-09 6.44182988063235e-09 6.44334499089183e-09 1.03065891821075e-08 1.95949329429013e-08 8.97259195831168e-09 8.16782023127516e-09 1.7799019946807e-08 1.03672489815132e-08 1.75962038828636e-08 1.42747720421887e-08 2.65892729500727e-08 2.93996136546681e-08 9.06660928556846e-09 8.79499084671664e-09 3.1287693613713e-08 2.34136917742767e-08 4.80602592167756e-08 6.78820813004855e-08 6.47270326781246e-08 6.11787905224759e-08 5.34940440388709e-08 2.93213984869922e-08 3.25294740588511e-08 3.65910427291283e-08 3.13790677108905e-08 1.11427641003026e-08 1.87499801795887e-08 7.05023287528306e-09 5.34405242280656e-09
5.93336154652846e-09 1.95370655209359e-09 3.53432587640867e-09 2.69690285659152e-09 4.24880221006063e-09 7.10372783929714e-09 6.32838993430696e-09 4.3461183873994e-09 3.34465620754898e-09 4.04921555174909e-09 5.17042408887392e-09 6.7827448546609e-09 1.01295024035331e-08 1.90837811553379e-08 1.6026664373392e-08 8.16513101575822e-09 3.03457806660745e-09 7.64633275585069e-09 1.98268374607125e-08 1.34753837977009e-08 1.1235775176921e-08 2.11856966081392e-08 1.43157220744428e-08 1.69685487994009e-08 6.7466516373571e-09 1.44788369293991e-08 1.9841453613445e-08 1.29205500187801e-08 8.46404288878944e-09 2.0181373994177e-08 2.49471665880741e-08 7.60684998324379e-09 2.29175489696587e-08 5.79685034196586e-08 5.96654687101683e-08 4.82512470201257e-08 3.48408144223988e-08 1.82550773053514e-08 2.43198738258954e-08 2.18602670964962e-08 1.20941882286729e-08 9.26544396762097e-09 6.10278217960669e-09 4.79270424458278e-09
4.77168041745912e-09 4.79865114311195e-09 4.28870199353781e-09 2.68906035216787e-09 3.88118238658919e-09 4.63694183050478e-09 3.61275461768784e-09 5.28165015056814e-09 5.08412852928686e-09 7.0757823822376e-09 9.38932407379411e-09 1.06361337182115e-08 1.94349942139738e-08 1.50968905487936e-08 6.82366174675764e-09 2.06875324093581e-08 6.34986759839862e-09 1.22421015436025e-08 1.16759177437586e-08 1.53924105572578e-08 1.17132103016893e-08 4.86463997972919e-09 6.898600024563e-09 3.56855953675961e-09 3.09644596629965e-09 6.85568690705907e-09 2.26600250563536e-08 2.91682295427975e-08 2.93524422545488e-08 3.17292473295261e-08 9.45160151255564e-09 6.52592386796158e-09 6.47309066348356e-09 1.01804130014926e-08 7.97688859410783e-09 1.11565788607493e-08 1.12681150188365e-08 9.29803603000323e-09 8.72620630198995e-09 2.91064926605245e-09 3.61192179498815e-09 1.29319983721565e-08 2.0979573889246e-08 9.3204122642021e-09
2.84121051130626e-09 3.98960913194912e-09 7.05504861198136e-09 5.18512700553586e-09 1.29787635971823e-08 1.23964632336993e-08 5.16627121083246e-09 5.81834664892256e-09 6.67784577634833e-09 5.5655048902814e-09 9.1256056045097e-09 8.4025479130112e-09 1.71806662785379e-08 1.80983495079445e-08 1.11538048797044e-08 4.70105058214543e-09 8.07551896464531e-09 1.48121681697866e-08 1.03180829102989e-08 1.12249792239005e-08 8.64178718584796e-09 8.53798625133351e-09 8.642927806779e-09 2.38181382394842e-09 5.84438517581276e-09 5.31959495342349e-09 1.43075247538427e-08 1.89916538828605e-08 2.48407363456771e-08 2.31307204723308e-08 2.26590597507403e-08 2.27137734620797e-08 2.24818413663286e-08 2.00764193047931e-08 1.7912972150036e-08 1.06366058405527e-08 1.78840676379188e-08 6.89918403518064e-09 5.29013247652088e-09 7.22850624912397e-09 1.08583142699459e-08 3.86730325541151e-09 1.49519346126503e-08 1.88020759406271e-08
6.08474425289884e-09 6.72175332061542e-09 7.85961452587358e-09 6.50887969078084e-09 6.52431327852199e-09 7.86909769567856e-09 9.49718954590395e-09 4.94694499808546e-09 5.34056754375456e-09 8.39762455129289e-09 9.55947609959651e-09 1.55887744823779e-08 1.99114807641898e-08 2.21137524847315e-08 2.31034527731211e-08 1.70278088407194e-08 1.03986144028845e-08 5.00771520917098e-09 9.75741358821836e-09 7.57230225190142e-09 4.43010176320868e-09 7.59940816941196e-09 1.11558508097964e-08 4.50062607182389e-09 3.42976611555912e-09 3.72489177280499e-09 4.3951880690507e-09 1.6489231902117e-08 1.73833645700228e-08 1.77274715351672e-08 1.80459416299072e-08 2.28781736666406e-08 9.64444082374172e-09 1.50280608735009e-08 1.24495784681322e-08 9.91023776375499e-09 1.8202863116823e-08 2.12338375660259e-08 1.94506504458403e-08 1.21823715337754e-08 1.02248599143095e-08 1.16942610928206e-08 5.80535635119617e-09 2.83349269936117e-08
4.90105778183647e-09 6.4764325902189e-09 4.23485921885458e-09 1.09817814619717e-08 1.31536423197964e-08 1.13908186105682e-08 8.46522574260433e-09 1.13809179747015e-08 6.70939838132156e-09 1.2938293958431e-08 6.22670008887383e-09 8.42270994061423e-09 8.00003882028832e-09 1.47794913085697e-08 2.13180281094516e-08 2.29174075050409e-08 1.55872618479158e-08 1.89035331832343e-08 1.50777432095239e-08 1.64069298924652e-08 1.43208491842906e-08 4.84852059612351e-09 5.98234086712779e-09 6.26066106734768e-09 6.90598243036078e-09 1.47963947205731e-08 5.25027404885137e-09 1.26948471512733e-08 1.71517823832623e-08 1.05643647274611e-08 1.82147113503284e-08 2.99652239355019e-08 2.23490571826801e-08 2.42750091028476e-08 2.21805100064643e-08 1.23293132814339e-08 3.37352214718756e-08 4.36311855644966e-08 3.63279725634769e-08 2.19656125288736e-08 1.68317906501514e-08 6.10835352299333e-09 6.68995498998015e-09 1.85527727625256e-08
2.88882582299976e-09 5.95233308198218e-09 1.05075365963714e-08 4.54850958009345e-09 5.98573364207766e-09 1.18942419469192e-08 6.11326096411347e-09 1.14642232040829e-08 7.5491839113262e-09 1.24903722475977e-08 9.45650988626312e-09 9.97651171674718e-09 1.4704100526064e-08 1.00809356529119e-08 2.66567322215749e-08 2.34346765437543e-08 2.65058217596703e-08 2.21650262255402e-08 2.19350464125689e-08 2.11875839983833e-08 2.2302183544376e-08 1.88912401388741e-08 1.50109863206183e-08 1.26399088751228e-08 2.02952394001699e-08 1.46316453841777e-08 1.26381416665211e-08 1.49720304820633e-08 2.21389199195343e-08 2.71511339300368e-08 2.66347183641713e-08 4.5312239937978e-08 3.52333557995799e-08 3.27563087210159e-08 3.54438551286584e-08 1.86519865108536e-08 3.01593867435557e-08 3.95222280125118e-08 3.39168654495126e-08 2.49346557512631e-08 1.60878470989445e-08 4.19843035892597e-09 7.52038270546151e-09 5.12330097235392e-09
2.9329487394314e-09 3.46647285320856e-09 6.831933241358e-09 5.87130137841285e-09 5.28206106631401e-09 1.6171599659387e-08 7.20703166035008e-09 1.02842033666839e-08 8.76413847050728e-09 1.41534475472938e-08 1.80937329008479e-08 9.83860612979726e-09 9.48696645686198e-09 8.86782882680848e-09 2.21012001810905e-08 1.72649207375031e-08 5.25460082112517e-09 1.21161057520247e-08 6.58377304896263e-09 7.35582499356013e-09 1.45869931578169e-08 9.93351458866698e-09 7.43420339732737e-09 8.23731561849783e-09 9.36621570302165e-09 2.59442631600493e-08 8.48245560458594e-09 1.61177469371054e-08 2.21962565438716e-08 1.13471511520302e-08 1.81740806515229e-08 4.81904002813671e-08 4.29308824601016e-08 1.06714759806614e-08 8.156368225265e-09 1.0679852457951e-08 1.16626589385938e-08 7.67602691409408e-09 1.87159695630434e-08 1.54139184527224e-08 9.66121219692084e-09 1.41811948739523e-08 3.11589941626167e-09 1.0919852977409e-08
3.76340776320205e-09 7.65852165018899e-09 8.13719808201441e-09 1.13331967144248e-08 2.25876594206476e-08 2.30936312406449e-08 2.29710593657728e-08 3.25185345984025e-08 3.33637112714946e-08 1.56292929598401e-08 1.45365161019484e-08 1.97315681127463e-08 2.77261797521078e-08 1.05351436685552e-08 2.46073407872416e-08 2.76846631952488e-08 9.72063418647195e-09 8.13307120539619e-09 2.79526970348165e-08 8.52162855835559e-09 2.50707759996693e-08 1.97757311637403e-08 1.39547639110837e-08 1.48249039932935e-08 1.11692205928549e-08 2.29067866452937e-08 1.11614299358465e-08 1.15068524264572e-08 1.15239267239886e-08 1.29516747660041e-08 4.5415416849437e-08 4.88849207447295e-08 1.01518478956564e-08 9.40983475583579e-09 1.01659798912301e-08 1.18896976042393e-08 1.27306205577327e-08 2.32080380024868e-08 3.37653717097375e-08 2.02781659242035e-08 2.02522942527317e-08 1.45163079778854e-08 1.53162742377866e-08 6.69159003763298e-09
