Maxent_result_files_2/B_hypnorum_2.asc
NCOLS 594 
NROWS 330 
XLLCORNER -15 
YLLCORNER 23 
CELLSIZE 0.166666666666667 
NODATA_value -9999 
[rows 120 to 139 of 330, columns 138 to 183 of 594]
-9999 -9999 -9999 -9999 -9999 -9999 -9999 -9999 -9999 -9999 -9999 -9999 -9999 -9999 -9999 -9999 -9999 -9999 -9999 -9999 -9999 -9999 0.695590770244598 0.746466565132141 0.680478072166443 0.725118356943131 0.706107920408249 0.966155123710632 0.819613081216812 0.87756604552269 0.705392515659332 0.492360466718674 0.43189195394516 0.80123006105423 0.835975140333176 0.74895903468132 0.842740476131439 0.196521098911762 0.816559368371964 0.86159029006958 0.749862080812454 0.70291548371315 0.86937592625618 0.839725017547607 0.900497025251389 0.787096601724625
-9999 -9999 -9999 -9999 -9999 -9999 -9999 -9999 -9999 -9999 -9999 -9999 -9999 -9999 -9999 -9999 -9999 -9999 -9999 -9999 -9999 -9999 -9999 0.990250825881958 0.978058284521103 0.770979422330856 0.871329790353775 0.956953966617584 0.912010645866394 0.99808235168457 0.662848335504532 0.83997095823288 0.886423391103744 0.782712471485138 0.892623108625412 0.888875043392181 0.983452355861664 0.991466051340103 0.783462566137314 0.863343679904938 0.836570018529892 0.965132761001587 0.837504261732101 0.870062583684921 0.877772986888885 0.881956213712692
-9999 -9999 -9999 -9999 -9999 -9999 -9999 -9999 -9999 -9999 -9999 -9999 0.539277455210686 0.708003675937653 0.843843024969101 -9999 -9999 -9999 -9999 -9999 -9999 -9999 -9999 0.99973886013031 0.891783493757248 0.822881770133972 0.868067651987076 0.782978767156601 0.827958101034164 0.882915782928467 0.768504530191422 0.879566407203674 0.844687271118164 0.823348039388657 0.939127349853516 0.693941456079483 0.797401541471481 0.812880879640579 0.862850302457809 0.821198105812073 0.965009468793869 0.880970406532288 0.760626965761185 0.84437991976738 0.806412291526794 0.833125561475754
-9999 -9999 -9999 -9999 -9999 -9999 -9999 -9999 -9999 -9999 -9999 0.635107642412186 0.666840875148773 0.539314717054367 0.692366284132004 -9999 -9999 -9999 -9999 -9999 -9999 -9999 -9999 -9999 0.894016408920288 0.740696859359741 0.779022794961929 0.763637590408325 0.715651392936707 0.957474541664123 0.77938751578331 0.846517533063889 0.613918089866638 0.903148305416107 0.677029854059219 0.956551331281662 0.851911002397537 0.842293441295624 0.868627333641052 0.899881517887115 0.861540871858597 0.63651037812233 0.874672442674637 0.615888726711273 0.777676773071289 0.806064194440842
-9999 -9999 -9999 -9999 -9999 -9999 -9999 -9999 -9999 0.572220423817635 0.473672750592232 0.499676570296288 0.254560914635658 0.485180541872978 0.505171936750412 -9999 -9999 -9999 -9999 -9999 -9999 -9999 -9999 -9999 -9999 0.705914801359177 0.62023059129715 0.853022599220276 0.872140032052994 0.876745826005936 0.904289102554321 0.836950147151947 0.850319695472717 0.825633805990219 0.808851325511932 0.801476258039475 0.992801213264465 0.867795187234879 0.817855757474899 0.854159951210022 0.7616359770298 0.739307409524918 0.819811737537384 0.771099019050598 0.717769503593445 0.748838955163956
-9999 -9999 -9999 0.369103476405144 0.476419225335121 0.838739746809006 0.39530041217804 0.613224548101425 0.470583111047745 0.533201277256012 0.310080076754093 0.966815942525864 0.640163892507553 0.555155974626541 -9999 -9999 -9999 -9999 -9999 -9999 -9999 -9999 -9999 -9999 -9999 -9999 0.565294378995895 0.602834022045135 0.680818039178848 0.761248958110809 0.795504838228226 0.744930243492126 0.844515347480774 0.738435137271881 0.798712229728699 0.744259303808212 0.910343807935715 0.806053918600082 0.863082301616669 0.774955481290817 0.808973389863968 0.882921254634857 0.782370495796204 0.766297352313995 0.852422684431076 0.788200712203979
-9999 -9999 0.857766377925873 0.704127883911133 0.636446464061737 0.0936039768159389 -9999 0.580170550942421 0.488755425810814 0.570463979244232 0.462803655862808 0.413604357838631 0.438132032752037 0.704628819227219 -9999 -9999 -9999 -9999 -9999 -9999 -9999 -9999 -9999 -9999 -9999 -9999 0.700572484731674 0.783144336938858 0.566355031728744 0.696827125549316 0.757188135385513 0.793175464868546 0.875289034843445 0.795027190446854 0.800372040271759 0.79773188829422 0.812760281562805 0.77736354470253 0.683310115337372 0.909747719764709 0.994986659288406 0.827607935667038 0.859161043167114 0.491586494445801 0.414688071608543 0.459318464994431
-9999 -9999 0.583389726281166 0.45326769053936 0.501329207420349 0.655347239971161 0.473545768857002 0.383759686350822 0.469480508565903 0.22790701687336 0.433600869774818 0.592856138944626 0.594435483217239 0.689946383237839 -9999 -9999 -9999 -9999 -9999 -9999 -9999 -9999 -9999 -9999 -9999 -9999 -9999 -9999 0.751348280906677 0.918599206209183 0.676737034320831 0.76161562204361 0.783484959602356 0.863092935085297 0.770795691013336 0.58651482462883 0.742791354656219 0.805544310808182 0.528164252638817 0.763643592596054 0.804336422681808 0.688365948200226 0.79675999879837 0.806782132387161 0.855999857187271 0.729284673929214
-9999 0.736737495660782 -9999 0.403615736961365 0.407739761471748 0.539961364865303 0.697077071666718 0.623039898276329 0.58544836640358 0.514917984604836 0.670771241188049 0.534995293617249 0.407722726464272 0.599629586935043 -9999 -9999 -9999 -9999 -9999 -9999 -9999 -9999 -9999 -9999 -9999 -9999 -9999 -9999 -9999 -9999 0.499737760424614 0.489750769734383 0.718510842323303 0.736246013641357 0.733885741233826 0.846412444114685 0.867216068506241 0.81250678896904 0.792265594005585 0.806576275825501 0.737469869852066 0.754468369483948 0.56544044315815 0.770202594995499 0.686403673887253 0.727038103342056
-9999 0.473494949936867 0.485509645938873 0.929588800668716 0.472083988785744 0.481644925475121 0.431813406944275 0.451490026712418 0.7903813123703 0.463794514536858 0.407434213161468 0.585911172628403 0.709237271547318 0.42883303463459 0.394582086801529 0.429053023457527 0.384946125745773 0.299539549648762 -9999 -9999 -9999 -9999 -9999 -9999 -9999 -9999 -9999 -9999 0.595916926860809 0.900361281633377 0.447984328866005 0.406863433122635 0.601455062627792 0.721110361814499 0.729680734872818 0.784852737188339 0.63546130657196 0.704742032289505 0.711051428318024 0.704537779092789 0.764156806468964 0.801907652616501 0.709787541627884 0.681514567136765 0.68057291507721 0.56432783305645
-9999 0.398240521550179 0.450352108478546 0.403117948770523 0.41284895837307 0.465970399975777 0.510270074009895 0.509294059872627 0.479751428961754 0.801888537406921 0.407287755608559 0.404245430231094 0.736200177669525 0.972121161222458 0.443224510550499 0.628187847137451 0.609701907634735 -9999 -9999 -9999 -9999 -9999 -9999 -9999 -9999 -9999 -9999 -9999 -9999 0.737401878833771 0.675193345546722 0.388785722851753 0.333365158736706 0.460768583416939 0.70831144452095 0.503233087062836 0.590263509750366 0.756457674503326 0.733087086677551 0.546018040180206 0.754859501123428 0.638065195083618 0.635342419147491 0.766188323497772 0.497801595926285 0.932365065813065
-9999 0.319872857630253 0.454602214694023 0.307323762774467 0.401766890287399 0.816880393028259 0.705126875638962 0.531819880008698 0.607156682014465 0.613191372156143 0.551284947991371 0.764024257659912 0.871315741539001 0.206343966722488 -9999 -9999 -9999 -9999 -9999 -9999 -9999 -9999 -9999 -9999 -9999 0.645099937915802 0.528516718745232 -9999 0.784588205814362 0.604657572507858 0.464329156279564 0.488396859169006 0.575510966777802 0.357165411114693 0.879508382081985 0.502640941739082 0.671000808477402 0.797905290126801 0.73177889585495 0.727210956811905 -9999 -9999 -9999 -9999 -9999 -9999
-9999 -9999 0.534994068741798 0.488942936062813 0.476453319191933 0.486920356750488 0.444321897625923 0.454489105939865 0.443386042118073 0.416816157102585 0.648906463384628 0.884845185279846 0.540333744883537 -9999 -9999 -9999 -9999 -9999 -9999 -9999 -9999 0.370527350902557 -9999 -9999 0.476297521591187 0.727679097652435 0.811139780282974 -9999 -9999 0.753019070625305 0.391645735502243 0.644462364912033 0.51713385283947 0.737675541639328 0.520195528864861 0.558507835865021 0.437448069453239 0.935706841945648 -9999 -9999 -9999 -9999 -9999 -9999 -9999 -9999
-9999 0.542592540383339 0.322830078005791 0.37054451406002 0.467836916446686 0.618737155199051 0.571182411909103 0.461944189667702 0.461375921964645 0.885138362646103 0.563543790578842 0.527612501382828 -9999 -9999 -9999 -9999 -9999 -9999 -9999 -9999 0.503922992944717 0.428317180275917 0.769475626945496 0.484536552429199 0.636806237697601 0.569164979457855 0.987974554300308 0.999239951372147 -9999 -9999 0.715793097019196 0.614239037036896 0.433150535821915 0.583081978559494 0.455255818367004 0.478194305300713 0.436828535795212 -9999 -9999 -9999 -9999 -9999 -9999 -9999 -9999 -9999
-9999 0.739700669050217 0.808017426729202 0.459093204140663 0.433144128322601 0.505831968784332 0.479427775740623 0.459589019417763 0.713000351190567 0.665215927362442 0.978207778930664 -9999 -9999 0.550423291325569 0.130796069651842 -9999 -9999 -9999 -9999 0.428451818227768 0.358697190880775 0.332117033004761 0.3401342689991 0.364560106396675 0.705019915103912 0.970643609762192 -9999 -9999 -9999 -9999 0.744078427553177 0.604470038414001 0.391767272353172 0.449952274560928 0.496779429912567 0.326398801803589 0.412709429860115 0.628631526231766 -9999 -9999 -9999 -9999 -9999 -9999 -9999 -9999
-9999 -9999 -9999 -9999 0.452943778038025 0.133674267679453 0.614387100934982 0.46539620757103 0.788476371765137 0.825027817487717 -9999 0.523898836970329 0.361986064910889 0.485619962215424 0.796197432279587 0.373020794987679 -9999 -9999 -9999 0.407170268893242 0.569973826408386 0.443303048610687 0.444684919714928 0.455276083946228 0.315452098846436 0.425351713597775 -9999 -9999 -9999 -9999 0.74646520614624 0.724400478601456 0.622082686424255 0.24115482121706 -9999 -9999 0.506998708844185 -9999 -9999 -9999 -9999 -9999 -9999 -9999 -9999 -9999
-9999 -9999 -9999 -9999 0.578785252571106 0.478187701106071 0.469121873378754 0.378032159805298 0.757007652521133 0.698046326637268 -9999 -9999 0.467827233672142 0.250511792302132 0.0858760375529528 0.336525014042854 0.735419237613678 -9999 -9999 0.499648639559746 0.440931552648544 0.403325062990189 0.7373051404953 0.307492429018021 0.460720950365067 0.423876422643661 -9999 -9999 -9999 -9999 -9999 -9999 -9999 -9999 -9999 -9999 -9999 -9999 -9999 -9999 -9999 -9999 -9999 -9999 -9999 -9999
-9999 -9999 -9999 -9999 0.576347279548645 0.468773159384727 0.136486335843801 0.2825065523386 0.849525284767151 -9999 -9999 -9999 -9999 0.496240147948265 0.605782520771027 0.751329213380814 -9999 -9999 -9999 -9999 -9999 -9999 -9999 0.42520859837532 0.445656907558441 -9999 -9999 -9999 -9999 -9999 -9999 -9999 -9999 -9999 -9999 -9999 -9999 -9999 -9999 -9999 0.233770597726107 0.446173888444901 0.602557748556137 -9999 -9999 -9999
-9999 -9999 -9999 -9999 0.367213299870491 0.556935727596283 0.431996756792069 0.514197579026222 0.653113180398941 0.604057949781418 0.94169694185257 0.726244390010834 -9999 -9999 -9999 -9999 0.464905390143394 -9999 -9999 0.393694138526916 -9999 -9999 -9999 0.674207091331482 0.400297245383263 -9999 -9999 -9999 -9999 -9999 -9999 -9999 -9999 -9999 -9999 -9999 -9999 -9999 -9999 -9999 -9999 -9999 -9999 -9999 -9999 -9999
-9999 -9999 -9999 -9999 0.379356727004051 0.423735716938972 0.515176701545715 0.491168147325516 0.931335866451263 0.430293920636177 0.699150079488754 0.518004730343819 -9999 -9999 -9999 -9999 -9999 -9999 -9999 0.651673963665962 0.328458172082901 0.435658901929855 0.356868413090706 0.684007197618484 -9999 -9999 -9999 -9999 -9999 -9999 -9999 -9999 -9999 -9999 -9999 -9999 -9999 -9999 -9999 -9999 -9999 -9999 -9999 -9999 -9999 -9999
