Maxent_result_files_2/B_hypnorum_2.asc
NCOLS 594 
NROWS 330 
XLLCORNER -15 
YLLCORNER 23 
CELLSIZE 0.166666666666667 
NODATA_value -9999 
[rows 180 to 199 of 330, columns 92 to 137 of 594]
0.202351100742817 0.211546684801579 0.129416126012802 0.061684736981988 0.199478654563427 0.206274330615997 0.0773117788136005 0.0902778279036283 0.236560881137848 0.442558205872774 0.291233801841736 0.301726457476616 0.402482384443283 0.318917246162891 0.408712276816368 0.104455131292343 0.109347305446863 0.278291638195515 0.499916794896126 0.465312162041664 0.411269593238831 0.625343769788742 0.330672192573547 0.312943384051323 0.225973415374756 0.216226077079773 0.0617320444434881 0.042110713198781 0.0441224513575435 0.312450477480888 0.424707496166229 0.179482688009739 0.138132979720831 0.178099553287029 0.127679600566626 0.235838824510574 0.303653924167156 0.478947106003761 0.770646393299103 0.531498849391937 0.700939834117889 0.48537520468235 0.291189423203468 0.184497299790382 0.453427106142044 0.837968170642853
0.075688423588872 0.0379114497452974 0.0833271287381649 0.0871164165437222 0.190717820823193 0.0533216863870621 0.138978189975023 0.317722575366497 0.282062789797783 0.299527844786644 0.271541705727577 0.275597961246967 0.459073755145073 0.462187322974205 0.286459614336491 0.325781917572021 0.292307353019714 0.0786392983049154 0.345807674527168 0.532096347212791 0.317778006196022 0.252122259140015 0.30536867082119 0.156215234100819 0.224122507870197 0.126112612336874 0.0732195846736431 0.146758725494146 0.113080836832523 0.249928799271584 0.362523630261421 0.222025322914124 0.175244987010956 0.221388460695744 0.188725027441978 0.139717633277178 0.432004165649414 0.556346687674522 0.479315102100372 0.719652807712555 0.634820383787155 0.541834953427315 0.473828822374344 0.480086064338684 0.390785875916481 0.49667341709137
0.112381678819656 0.134381639957428 0.16422733515501 0.0891646042466164 0.0847279798239469 0.172822519391775 0.119915559887886 0.139716018736362 0.204413190484047 0.239613482356071 0.233975532650948 0.311246424913406 0.233736434578896 0.191320737451315 0.402761960029602 0.356441444158554 0.11173182502389 0.398458418250084 0.242424216866493 0.204719820618629 0.180463999509811 0.215710213780403 0.363315808773041 0.225057739019394 0.429574531316757 0.129585145413876 0.281236013770103 0.0628893196582794 0.125863501429558 0.242061942815781 0.242521765828133 0.275321541726589 0.230415977537632 0.225816209614277 0.437655529379845 0.359196510910988 0.269376902282238 0.210099567472935 0.685324376821518 0.846133458614349 0.406464809179306 0.412698575854301 0.352655410766602 0.6897745013237 0.850174075365067 0.770840853452682
0.120164263248444 0.226790022850037 0.335647747665644 0.205440771579742 0.0611621694639325 0.114914980530739 0.195242057740688 0.176419354975224 0.254453422129154 0.188049378991127 0.168022681027651 0.123504111915827 0.296629570424557 0.135844644159079 0.108587408065796 0.327111253142357 0.259880658984184 0.0826017864048481 0.230555284023285 0.0879289943724871 0.206562432646751 0.205705066025257 0.360331580042839 0.466829061508179 0.505212184786797 0.419028827548027 0.213226392865181 0.0846557755023241 0.284941056370735 0.18774499297142 0.17565551251173 0.299521842598915 0.183852325379848 0.153805249929428 0.152330431342125 0.395778760313988 0.659058058261871 0.443085494637489 0.84514245390892 0.781638354063034 0.628701621294022 0.434902301430702 0.54089250266552 0.627451401948929 0.731711691617966 0.850748658180237
0.066584961488843 0.0989780981093645 0.112574688345194 0.0732865080237389 0.073863773047924 0.146988569945097 0.172043378651142 0.10566480755806 0.17204168587923 0.178107286989689 0.293806377053261 0.212045100331306 0.111570511758327 0.256874503195286 0.206148460507393 0.161236998438835 0.071641393378377 0.0709770433604717 0.244476316869259 0.21231415271759 0.323173969984055 0.516330814361572 0.620664775371552 0.378386500477791 0.301118209958076 0.241148717701435 0.0661222763359547 0.191158257424831 0.411668527126312 0.138708578795195 0.165224404633045 0.161779718101025 0.215960818529129 0.59421135187149 0.674029958248138 0.382142254710197 0.558745494484901 0.659726488590241 0.709998917579651 0.840914887189865 0.809351688623428 0.598927202820778 0.664606791734695 0.796246159076691 0.596575623750687 0.688576930761337
0.0884057462215424 0.0554727118462324 0.0266225904226303 0.131032253056765 0.0646222177892923 0.160586902499199 0.143490683287382 0.0657591629773378 0.149526374042034 0.0988662675023079 0.100951665639877 0.161948492377996 0.419128294289112 0.13906266912818 0.130718211084604 0.0864485837519169 0.146833202987909 0.0906484633684158 0.133797197043896 0.275876376032829 0.166905647516251 0.393921425938606 0.591451209783554 0.289625436067581 0.194619937241077 0.15749152302742 0.120756357163191 0.218937174975872 0.0445311795920134 0.192396472394466 0.29586638212204 0.0880517520010471 0.0779308427125216 0.34672623872757 0.399684473872185 0.61308907866478 0.764143115282059 0.902654772996902 0.998651725053787 0.986185348033905 0.808014565706253 0.791238498687744 0.457339352369308 0.46435432434082 0.355577117204666 0.546917501091957
0.104534710198641 0.101516561210155 0.106214851886034 0.121758967638016 0.117978421598673 0.0735472433269024 0.0990104824304581 0.0786843672394753 0.0430806839838624 0.160490337759256 0.0962983496487141 0.140236178785563 0.163946182280779 0.0776555716991425 0.0619307797402143 0.0933389559388161 0.12753489613533 0.179105964303017 0.0898095346987247 0.104085426032543 0.0681733589619398 0.297694793343544 0.320863261818886 0.362520983815193 0.171450723707676 0.156382308900356 0.231906220316887 0.0809892281889915 0.119685404002666 0.106932100653648 0.147715800255537 0.137926989048719 0.283186794817448 0.501526507735252 0.687222933769226 0.741108798980713 0.985126835107803 0.909895431995392 0.695456182956696 0.383895021677017 0.424965107440949 0.294601088762283 0.83234715461731 0.514061930775642 0.453547832369804 0.690486353635788
0.118169415742159 0.178287602961063 0.10212431512773 0.108756619691849 0.117995303124189 0.172786976397037 0.0997340299189091 0.111422216892242 0.0718861375004053 0.0929940562695265 0.126968324184418 0.190205596387386 0.155506847798824 0.0798629064112902 0.0955958724021912 0.10126264244318 0.090066385269165 0.0535338886082172 0.214151644706726 0.143163742870092 0.0822184469550848 0.0511626943945885 0.207921971380711 0.279238770902157 0.583737328648567 0.201555778086185 0.107981026172638 0.33448029011488 0.131151846051216 0.0313464425504208 0.132633669674397 0.467019674181938 0.444104510545731 0.780690097808838 0.720603507757187 0.820101541280746 0.848671871423721 0.796467053890228 0.573116761445999 0.382365688681602 0.658072853088379 0.646187120676041 0.793216598033905 0.881256592273712 0.70342561006546 0.982346785068512
0.171550989896059 0.0934901263564825 0.0606878705322742 0.0268992458470166 0.0617910698056221 0.0566525217145681 0.0983548775315285 0.0797991562634706 0.0526735428720713 0.0576843582093716 0.0512795384973288 0.117918653041124 0.116270677000284 0.0893988363444805 0.0378902226686478 0.0916475795209408 0.0705722488462925 0.113971455395222 0.208719734847546 0.142470445483923 0.0814081449061632 0.136310940235853 0.189176128804684 0.178163932263851 0.275736492872238 0.14363966435194 0.0937592215836048 0.215145528316498 0.111751084774733 0.147521340101957 0.160338622331619 0.292486959695816 0.466088128089905 0.747235906124115 0.842134284973145 0.948721450567245 0.744593042135239 0.922419303655624 0.644074773788452 0.626123535633087 0.857154941558838 0.830246484279633 0.884480500221252 0.944256120920181 0.958658194541931 0.993686634302139
0.0215201701968908 0.0911828368902206 0.0630244322121143 0.0536084972321987 0.0322093050926924 0.0362919425591826 0.0804749544709921 0.191801233589649 0.229548418521881 0.150804544240236 0.0623361866921186 0.130916368961334 0.0495398189872503 0.252385298907757 0.138190754503012 0.0981330826878548 0.120097696781158 0.0461679514497519 0.0685999874025583 0.0900440961122513 0.0426705772057176 0.147772844135761 0.163075618445873 0.105379020422697 0.215267170965672 0.193152552843094 0.126989508420229 0.140575632452965 0.0832796216011047 0.106242686510086 0.25680211186409 0.376509961485863 0.373420739173889 0.842399853467941 0.815841817855835 0.579488301277161 0.237314422428608 0.381932592391968 0.435894283652306 0.802797967195511 0.914267605543137 0.826973605155945 0.783917599916458 0.900780856609344 0.946315515041351 0.937742066383362
0.0215888348408043 0.0220585034228861 0.025131387449801 0.111748673021793 0.0367907764390111 0.0424452688544989 0.103768729418516 0.0567965380847454 0.297476388514042 0.437309330701828 0.181246627867222 0.188068971037865 0.0585080981254578 0.305951027572155 0.398063197731972 0.254539458453655 0.159282025694847 0.078635248914361 0.132678763568401 0.0864974815398455 0.226231436431408 0.0765234537422657 0.13301949352026 0.200334899127483 0.268060672283173 0.252427187561989 0.29541924148798 0.160151778161526 0.0241751918569207 0.283312359452248 0.227102907001972 0.739652109146118 0.612878370285034 0.524944186210632 0.900866639614105 0.665602511167526 0.48978878557682 0.77950376868248 0.901289612054825 0.992884147167206 0.832868051528931 0.784659367799759 0.961864197254181 0.989939993619919 0.968459564447403 0.900410622358322
0.0221916082315147 0.0533562835305929 0.0898684829473495 0.143848976492882 0.157408799231052 0.217936015129089 0.237020902335644 0.268098492920399 0.323430822789669 0.31378108561039 0.270873732864857 0.160974176973104 0.135987663269043 0.255077382922173 0.328048250079155 0.26147028952837 0.244757215678692 0.254153367877007 0.203641088306904 0.271380676329136 0.402734288573265 0.2328493475914 0.243350646644831 0.224572448432446 0.291756272315979 0.266114340722561 0.149397114291787 0.0583092886954546 0.227447159588337 0.136144022643566 0.248955999314785 0.629177618026733 0.589215707778931 0.198407010734081 0.470062685012817 0.564460045099258 0.851671880483627 0.992711925506592 0.807480823993683 0.438455554842949 0.744622039794922 0.670952665805817 0.512456986308098 0.698572278022766 0.849575740098953 0.838064712285995
0.0681705746799707 0.0240682821720839 0.0914657220244408 0.140720332413912 0.0991993319243193 0.535919281840324 0.222185286879539 0.228529284894466 0.375979498028755 0.561025089025497 0.368878909945488 0.306989465653896 0.346971362829208 0.343425139784813 0.331657817959785 0.451303240656853 0.518910795450211 0.132221519201994 0.201174038648605 0.532381188869476 0.524666684865952 0.328031015396118 0.189770776033401 0.157845877110958 0.400075948238373 0.14688647761941 0.235313282161951 0.249863803386688 0.254536578059196 0.175860789418221 0.384480062127113 0.362592953443527 0.40354208946228 0.309223333001137 0.859486591815948 0.821827417612076 0.756241929531097 0.937051689624786 0.765737688541412 0.64316428899765 0.666958472132683 0.416375370323658 0.513912233710289 0.507463786005974 0.652170979976654 0.473746609687805
0.0335184817202389 0.0628082003444433 0.120713634043932 0.14945317581296 0.119141706824303 0.278277215361595 0.124489736557007 0.231539925932884 0.38408400118351 0.50750136077404 0.553363540768623 0.431380712985992 0.387295514345169 0.377076870203018 0.436122661828995 0.484029859304428 0.537701168656349 0.33444812297821 0.234910459816456 0.378500890731812 0.516797795891762 0.44282853603363 0.157497105002403 0.157086654752493 0.243377135694027 0.282223987579346 0.241725739277899 1 0.211591281369329 0.229776104539633 0.194927522540092 0.152232714742422 0.254615284502506 0.439543467760086 0.397168371081352 0.782367193698883 0.916221958398819 0.769289541244507 0.450847494602203 0.431296417117119 0.588057044148445 0.980143636465073 0.905288100242615 0.871171140670776 0.892981785535812 0.764484149217606
0.0726311191916466 0.0971260111778975 0.127287252992392 0.147647741436958 0.184713367372751 0.192064947634935 0.197939014434814 0.272921578586102 0.367347472906113 0.524896588921547 0.558500435948372 0.597061419487 0.361851492524147 0.391901549696922 0.595115429162979 0.53283431828022 0.369171327352524 0.405187609791756 0.31649309694767 0.498578935861588 0.664645093679428 0.65357820391655 0.34752049446106 0.205367232859135 0.144947140663862 0.416079500317574 0.17340389136225 0.136062598787248 0.178222783654928 0.219475734978914 0.136363165080547 0.140487974882126 0.269077299535274 0.732674658298492 0.52771358191967 0.567616802453995 0.925695335865021 0.803445887565613 0.893114310503006 0.442758002877235 0.316341336071491 0.50940043926239 0.24914785772562 0.589436203241348 0.736225187778473 0.53411101102829
0.0354654474183917 0.0808218851685524 0.0904749233275652 0.111143441125751 0.094479239359498 0.0993934594094753 0.116754474490881 0.161509402096272 0.332314930856228 0.460253125429153 0.352295964956284 0.346402287483215 0.331972146034241 0.297160533070564 0.492276248335838 0.764335501194 0.404827386140823 0.281336523592472 0.341780418157578 0.236172245442867 0.480687537789345 0.49716617166996 0.483159643411636 0.490040221810341 0.787042033672333 0.646799045801163 0.206973925605416 0.0588051669299603 0.146902120113373 0.178203059732914 0.200249589979649 0.322660282254219 0.368659752607346 0.735881876945496 0.730939877033234 0.923100620508194 0.611345458030701 0.710516285896301 0.548155423998833 0.162164251040667 0.136865414120257 0.44885670542717 0.640266138315201 0.50693499147892 0.251156143844128 0.11784641072154
0.0622327763587236 0.0670849241316318 0.0852224953472614 0.0822402969002724 0.0851269617676735 0.114817976206541 0.116973927617073 0.298629282414913 0.272611249983311 0.355462637543678 0.307135328650475 0.158719632774591 0.308409881591797 0.405154833197594 0.484329417347908 0.642130452394486 0.291330882906914 0.327743911743164 0.297915604710579 0.433938118815422 0.516905122995377 0.389363208413124 0.402403634786606 0.403549268841743 0.54894258081913 0.447979143261909 0.19534165263176 0.0409832386299968 0.112027708441019 0.107077883929014 0.167007844150066 0.699714285135269 0.883593446016312 0.868944019079208 0.681831681728363 0.653697174787521 0.962758660316467 0.527960163354874 0.596420148015022 0.331835232675076 0.30360799357295 0.653527271747589 0.390897724032402 0.146490505337715 0.0709236174821854 0.107908768579364
0.0665308531373739 0.054637335985899 0.0791290681809187 0.0939883437007666 0.089050630107522 0.103084598854184 0.133144761621952 0.258252430707216 0.183477482199669 0.217308619618416 0.303047515451908 0.234465005993843 0.346001514792442 0.471097040176392 0.678074437379837 0.529269421100616 0.654697811603546 0.493672659993172 0.662388855218887 0.417163434624672 0.427147802710533 0.537271219491959 0.428907772898674 0.476750642061234 0.385121843218803 0.309155228734016 0.1893459841609 0.113127388432622 0.094556234870106 0.12377505376935 0.261700119078159 0.743776196241379 0.450671535730362 0.788587963581085 0.690902349352837 0.376505717635155 0.224695277959108 0.260929170995951 0.909047526121139 0.792785161733627 0.960409259796143 0.554745477437973 0.23942412622273 0.990601515769958 0.115483840748493 0.0857169508934021
0.0829169996082783 0.0610322816297412 0.0522934827953577 0.0621567526832223 0.0663423912599683 0.0916058029979467 0.121132889389992 0.0533505361527205 0.0737919215112925 0.177455711364746 0.316797518730164 0.320203748345375 0.572303354740143 0.379457718133926 0.476563775539398 0.423970937728882 0.455951470136642 0.448944187164307 0.631502747535706 0.506978988647461 0.489100921154022 0.409271043539047 0.560165297985077 0.566461765766144 0.251167359948158 0.242174477875233 0.161869239062071 0.0856668929802254 0.126898701488972 0.325069051980972 0.621605902910233 0.60321056842804 0.375633102655411 0.685203045606613 0.643066251277924 0.149525185488164 0.310205102711916 0.974514484405518 0.70946671962738 0.39356459826231 0.805529928207397 0.366272231936455 0.0975827824324369 0.0828365184832364 0.0570436520618387 0.015628007799387
0.0123364520259202 0.0235667708329856 0.0410845187492669 0.0620125006884336 0.0543691989034414 0.0629345512017608 0.0901699598878622 0.0301731099374592 0.0318830944597721 0.206188169121742 0.242995464801788 0.143663063645363 0.331414043903351 0.252301703393459 0.378481203317642 0.564257755875587 0.591637349128723 0.650264865159988 0.551106041669846 0.693169540166855 0.616271615028381 0.674566298723221 0.58587988615036 0.458716961741447 0.420843154191971 0.25121348798275 0.0935633059591055 0.0602383080869913 0.16152803376317 0.440462920069695 0.501422244310379 0.701931321620941 0.574701729416847 0.657162606716156 0.779611390829086 0.53311493396759 0.41324121505022 0.968634307384491 0.680332905054092 0.466558337211609 0.614835631847382 0.350584781169891 0.0425297867506742 0.0219519340898842 0.0373161970637739 0.0388901541940868
