Maxent_result_files_2/B_hyperboreus_3.asc
NCOLS 594 
NROWS 330 
XLLCORNER -15 
YLLCORNER 23 
CELLSIZE 0.166666666666667 
NODATA_value -9999 
[rows 220 to 239 of 330, columns 220 to 263 of 594]
4.47550596582857e-10 2.45187870007157e-11 3.21062065822275e-10 1.57177099113781e-09 1.36712863252342e-13 2.23043805647194e-14 8.96860363752694e-13 1.67241775983484e-12 5.48415757251064e-12 4.69224659127576e-13 1.01932906559909e-12 1.11582109107999e-09 3.0313585530628e-09 1.22321419659954e-10 4.19922889793867e-09 1.29007393656622e-10 5.45590461697998e-11 6.04526095848712e-11 4.95225660479548e-10 6.43453512694236e-11 3.682445459674e-11 1.81174864000155e-10 8.18682233116874e-11 5.95914873002812e-11 2.920884534241e-10 2.1080218681746e-10 7.30986382535548e-12 2.75156564200074e-12 8.30846502708482e-13 6.16562356725581e-13 6.27276008913213e-13 7.25497439901801e-13 5.54289947274356e-13 6.50601794660588e-13 1.09128261982505e-12 1.55094825871061e-12 2.38361552717947e-12 3.3547054023586e-12 9.15307829529866e-12 9.26245746768473e-12 4.07153200043808e-12 6.16451334423118e-13 3.59674290351109e-11 1.3183441460729e-08
6.80917755513377e-10 8.27857918883623e-09 3.86417997599864e-10 1.03384840688392e-09 8.96749341450231e-13 1.69864122767649e-14 2.89879231729628e-14 1.09301456774347e-13 3.15506509807051e-12 7.03770375309887e-14 2.33368879776208e-14 3.38939987187814e-13 1.38537181726406e-11 4.56479298804879e-12 3.98903132747819e-14 6.15718587226866e-13 3.2543234773641e-11 4.14502432377617e-11 2.73048250676311e-12 3.05666603139798e-13 6.89415191601483e-13 4.81603645852147e-13 3.74017261606241e-11 8.31501534293011e-13 2.62561195008004e-11 1.13576670290882e-10 3.83044707064073e-12 8.43181080512068e-13 3.96371824251673e-13 5.74307268408347e-13 1.24654730981888e-12 1.44977363447651e-12 6.30440144533395e-13 1.35881306206898e-12 2.4318214109087e-12 2.23285834266562e-12 1.62522217905803e-12 1.78088654934072e-12 1.34330949697059e-09 3.90859594689985e-09 1.91392468540386e-10 9.94815341215372e-13 7.98783261757308e-13 2.06124006751907e-13
1.51710771922886e-07 1.71156167017017e-10 5.69988500842555e-14 1.63681290743511e-11 6.05637762163269e-13 3.39728245535298e-15 3.48610029732299e-15 3.57602836231763e-14 1.35465638706478e-11 5.14566167453268e-12 2.52664555944193e-13 4.4619863359685e-14 2.74114064779951e-14 3.51607631898787e-13 9.8149988136953e-11 1.5825118993007e-13 -9999 -9999 4.18887147191072e-14 -9999 -9999 -9999 1.032322571759e-07 6.27597973590355e-13 4.588607271927e-12 1.33369981725195e-12 5.76538816687844e-13 3.25794946576252e-13 3.50208750887759e-13 6.12099260166588e-13 1.03725916744679e-12 6.90913992684727e-13 7.75868258529044e-13 2.24006369009544e-12 2.7328128648918e-11 -9999 -9999 -9999 -9999 -9999 -9999 -9999 -9999 -9999
2.39279935976278e-08 7.51031570267457e-11 6.13620265710324e-14 6.7168492989822e-15 4.30766533554561e-15 4.88498130835069e-15 4.17443857259059e-15 3.75810493835615e-14 6.13065154198011e-14 3.34443583938082e-13 8.19755374692477e-13 7.13651360229051e-13 1.99436888115301e-09 -9999 4.16956780213695e-10 -9999 -9999 1.43053618950617e-09 -9999 -9999 -9999 -9999 -9999 -9999 -9999 -9999 1.55130353007848e-12 1.04061204098116e-13 4.14757117539466e-13 4.42101910635984e-13 6.16739992409521e-13 2.39505082433311e-12 2.64103183766906e-12 1.51094470268731e-11 -9999 -9999 -9999 -9999 -9999 -9999 -9999 -9999 -9999 -9999
4.43751151379956e-09 1.03206620538643e-07 3.34897665155154e-11 9.79216707719388e-15 7.105427357601e-15 4.2854608750531e-15 5.87530024631633e-14 -9999 2.47949771825517e-11 1.67887925783816e-13 2.99341440523904e-11 4.66510829966182e-11 4.53092008356748e-12 -9999 -9999 -9999 -9999 -9999 -9999 -9999 -9999 -9999 -9999 -9999 -9999 -9999 -9999 -9999 -9999 -9999 -9999 1.0916906267866e-10 -9999 -9999 -9999 -9999 -9999 -9999 -9999 -9999 -9999 -9999 -9999 1.56777450999179e-07
2.17673143509955e-08 6.3678392014932e-08 6.50588760642279e-10 1.36891609159306e-12 5.44009282066327e-14 6.77813360994151e-13 -9999 5.24013900049525e-09 1.88731363870431e-11 7.79623032798327e-12 6.38174513234446e-11 8.54716297737923e-13 6.84563516983872e-14 -9999 -9999 -9999 -9999 -9999 -9999 -9999 -9999 -9999 -9999 2.68115307417993e-06 -9999 -9999 -9999 -9999 6.86265150817711e-08 2.93731705625078e-13 7.6736685894474e-10 -9999 3.41909938139651e-08 1.17258586174174e-09 -9999 -9999 -9999 7.47022443903234e-12 -9999 -9999 -9999 -9999 -9999 -9999
1.52403508701937e-09 2.68920441470755e-12 6.44384878789595e-11 2.41206277173944e-10 9.89351933711191e-12 2.58511545503382e-11 -9999 -9999 -9999 -9999 -9999 1.32736066582595e-10 -9999 -9999 -9999 9.11301145656296e-11 -9999 -9999 -9999 -9999 -9999 -9999 -9999 -9999 -9999 -9999 -9999 -9999 4.9560355819267e-14 2.16371365269197e-13 5.54289947274356e-13 1.95932159385848e-12 5.06217290308086e-13 5.22692999993524e-13 7.22555348886544e-13 1.10440545597612e-12 8.8635765393974e-13 8.93507490218326e-13 4.65816274441977e-13 8.05622235588999e-13 1.18390852676953e-12 1.6804002633819e-12 5.69921887461078e-13 4.88520335295561e-13
1.88360882447114e-11 4.53687754031762e-11 1.59586732717543e-10 2.0359646746293e-09 1.63914795292541e-08 -9999 -9999 -9999 -9999 -9999 1.1288225909567e-11 -9999 -9999 3.11639603012281e-13 -9999 -9999 -9999 -9999 -9999 -9999 -9999 -9999 -9999 -9999 -9999 -9999 -9999 -9999 6.20281603858075e-14 1.99684713209081e-13 1.16349152534667e-12 8.38396019275933e-13 7.02815583508709e-13 1.35020883362813e-12 8.8865248493164e-12 1.27837740393488e-12 1.5371925954355e-12 8.51430037585033e-13 4.1563419372892e-13 5.02642372168793e-13 6.45949960187409e-13 1.46895828834204e-12 1.04057429339832e-11 3.43274964009765e-11
8.42150904567518e-11 2.33970343099799e-10 3.10799475045087e-10 4.05918632040425e-12 3.10707126693899e-11 5.52757839500373e-13 -9999 -9999 -9999 -9999 -9999 -9999 -9999 -9999 -9999 -9999 -9999 -9999 -9999 -9999 1.38950988493036e-09 1.11355369369903e-14 -9999 -9999 -9999 -9999 -9999 3.20965476419133e-14 7.52287121486006e-14 1.47848400189332e-13 4.1483483315119e-13 5.75817171721837e-13 1.84676718362198e-12 1.57006629919465e-12 1.30725430480538e-12 2.33945085525988e-12 7.45559169956778e-13 4.99185137670111e-12 2.89261947727937e-12 7.85789211477095e-12 2.09157802188997e-11 2.04054551034005e-12 9.4272145645391e-11 7.01700768601654e-09
3.48867601474012e-12 1.88317672566996e-10 2.81930034873312e-13 6.1353488955973e-11 1.91624494050302e-14 9.88296111614773e-11 6.98773261476049e-12 -9999 -9999 -9999 -9999 -9999 -9999 -9999 -9999 -9999 -9999 -9999 -9999 -9999 -9999 -9999 -9999 -9999 -9999 -9999 -9999 3.30957483640759e-14 1.78579373510956e-13 1.69708691544201e-13 1.95475857722727e-12 2.60841415133939e-10 2.6840085709523e-12 9.82525172332771e-13 2.44980702390762e-12 1.15933929123457e-12 2.4007129617587e-12 1.25698340625036e-12 8.36819502580965e-13 1.65529812079512e-12 3.56233709197795e-11 1.05461961386055e-10 2.9571012305496e-11 1.00888359666484e-08
9.59232693276135e-15 3.68260977268164e-14 8.24340595784179e-14 4.32098801184111e-14 2.87547763377916e-15 2.38697950294409e-15 4.40647518473725e-14 1.36425371000115e-10 -9999 -9999 -9999 -9999 -9999 -9999 -9999 -9999 -9999 -9999 -9999 -9999 -9999 -9999 -9999 -9999 -9999 -9999 -9999 7.93187737713197e-13 4.63629135083465e-14 1.73029368610855e-11 9.84268866410787e-09 1.20497192224178e-09 9.39470723437808e-14 9.17732556615647e-13 9.87987469613927e-13 1.52748924620028e-12 8.678169294285e-13 1.91324733833653e-13 3.47677442391614e-13 9.49496037350173e-13 3.25936300171747e-10 1.57611812490188e-11 2.43662001686573e-10 3.52585571850028e-10
9.92650406317352e-14 4.39648317751562e-15 7.30526750203353e-15 1.16018306073329e-14 6.0063065632221e-15 6.33160190943727e-14 1.08812958643512e-13 1.65903513149601e-11 1.86708271066038e-10 -9999 -9999 -9999 -9999 -9999 -9999 -9999 -9999 -9999 -9999 -9999 -9999 -9999 -9999 -9999 -9999 -9999 -9999 -9999 -9999 -9999 -9999 2.69850808365391e-13 2.33246755243499e-13 6.31287244701184e-12 8.39506242300558e-13 1.04692920999128e-12 1.84454673757273e-12 5.22848431216971e-13 3.99691391095303e-13 1.67316160926134e-12 8.15864376058073e-11 6.9267105384796e-10 4.20939605394466e-10 1.77818420321607e-08
1.11083908738152e-10 1.7089663018055e-13 1.42330591756945e-14 6.07291994469961e-15 1.39011024913316e-13 5.51780843238703e-14 1.76303416310475e-14 -9999 -9999 1.06226138996135e-13 -9999 -9999 -9999 -9999 -9999 -9999 -9999 -9999 -9999 -9999 -9999 -9999 -9999 -9999 -9999 2.81455603268199e-10 1.87094784109831e-13 1.75415237890775e-15 5.5561111267366e-12 -9999 5.54482237902221e-11 9.45976630362111e-13 4.65072425015478e-13 5.39679412270289e-14 4.31099600461948e-14 3.18547410671499e-12 1.0530841754175e-10 1.30281629928675e-10 7.43916039880332e-13 5.1808246581686e-11 1.23426566744911e-09 4.48709158717975e-09 1.74530004970475e-07 7.02457451873251e-08
1.51739465437117e-10 2.17832896165504e-10 1.35599309558643e-12 6.66389166070758e-13 1.3337109194822e-12 4.62205496098989e-11 3.56599194617502e-12 1.58951740658608e-12 -9999 -9999 -9999 -9999 -9999 -9999 -9999 -9999 -9999 -9999 -9999 -9999 -9999 -9999 -9999 -9999 -9999 -9999 -9999 8.03024313711376e-14 2.4535928844216e-15 -9999 -9999 1.30118138486068e-14 1.07147624106574e-13 2.48689957516035e-15 1.45450318456142e-12 7.09453717995245e-11 5.77817793612212e-12 2.77972089790524e-12 3.04054215138905e-10 6.01957672596853e-09 5.45573053400972e-09 1.07533176141317e-08 5.20467499098842e-08 6.80391271434821e-08
1.38873901267544e-10 7.8797923741547e-11 3.68405306261366e-13 6.74904576669633e-14 3.40505401652535e-14 1.48159262636227e-12 1.87072801693944e-11 3.26405569239796e-15 6.71351862990832e-14 1.56097357262297e-14 1.29160038220277e-10 -9999 -9999 -9999 -9999 -9999 -9999 -9999 -9999 -9999 -9999 -9999 -9999 -9999 -9999 -9999 -9999 -9999 -9999 -9999 -9999 -9999 6.66133814775094e-16 1.84736670405528e-12 1.17439391544849e-11 8.33810798184231e-13 1.0325074129014e-15 3.10114156576446e-12 3.9255476647071e-11 1.86813164937405e-10 4.74883732337617e-10 3.68974728548466e-10 1.08855201519376e-09 9.03683077257966e-09
2.16155970900189e-10 4.50011383712479e-10 1.71828545836306e-09 3.39980263941442e-09 5.02131669577466e-13 1.09656728142227e-13 9.24127441237488e-13 5.04126951295092e-10 -9999 -9999 4.11892742135933e-14 3.31832339384164e-12 -9999 -9999 -9999 -9999 -9999 -9999 -9999 -9999 -9999 -9999 -9999 -9999 -9999 -9999 -9999 -9999 -9999 -9999 -9999 2.71427325060358e-13 2.57194265884664e-13 4.28468371893587e-13 4.59432492050382e-13 6.21724893790088e-16 6.40598685208715e-15 1.54588564171831e-12 5.41479083793206e-12 3.49400508525832e-11 6.62536692175308e-13 2.97845637042826e-11 4.01785271719746e-11 1.33353739162345e-10
9.79161196568157e-13 1.78314030208071e-11 2.7841917660254e-11 8.91756691823176e-09 6.59946541858858e-12 4.99090624384024e-10 3.98459043537969e-14 3.83582055007992e-14 9.57012247226885e-15 1.43758338566613e-12 -9999 1.96986871259242e-13 1.14541709450577e-13 2.95197200017583e-13 2.73114864057789e-15 -9999 -9999 -9999 -9999 -9999 -9999 -9999 -9999 -9999 -9999 4.00286017265827e-07 -9999 -9999 5.89639448378421e-14 -9999 -9999 2.88657986402541e-16 1.66533453693773e-16 3.56270568602213e-14 3.35618199898136e-12 2.12962980583598e-13 3.1863400806742e-15 2.62823096619513e-13 2.37587727269783e-15 8.1556983388964e-13 3.51588758107368e-12 3.30099503287329e-11 1.97513116972914e-12 1.75705117122504e-11
1.52026169430997e-12 1.07606590304954e-11 1.13954179425946e-11 1.71243019764233e-12 1.53953777060067e-08 8.53407100542825e-10 2.92676993751684e-13 5.70987701564718e-14 7.48290318597356e-15 3.28592708598308e-13 1.49547041417009e-14 3.1774582964772e-14 4.60964599824365e-12 3.82462683745644e-10 2.19602114270856e-14 -9999 -9999 -9999 -9999 -9999 -9999 -9999 -9999 -9999 -9999 -9999 6.57041088203414e-12 -9999 -9999 2.17825757431456e-14 -9999 -9999 1.61506363838271e-12 1.02584607475364e-14 3.35820260488617e-13 8.46389625053234e-13 5.13034059679285e-14 3.11206616032678e-13 5.19862597414544e-11 8.79318839963616e-11 4.34807745364196e-13 1.80631065660464e-12 8.03693778195225e-11 3.29637639406855e-10
4.45475267785156e-09 1.28328458970373e-12 4.79555506416318e-10 -9999 -9999 -9999 -9999 4.14340572962857e-10 9.81971171043483e-12 1.04483088847473e-13 8.71525074330748e-14 4.03121980241394e-14 1.14463993838854e-14 1.14235731984991e-11 -9999 5.35045785454713e-11 -9999 -9999 -9999 -9999 -9999 -9999 -9999 -9999 -9999 -9999 1.01015470654886e-08 -9999 1.83908777096065e-11 4.10782519111308e-16 3.59823282281013e-14 4.44089209850063e-16 2.12385664610792e-14 5.55111512312578e-16 1.49880108324396e-15 2.48689957516035e-15 4.11892742135933e-15 3.56381590904675e-15 1.3568035583944e-13 4.71122030276661e-12 4.93082856767302e-09 4.42346159701401e-12 6.7131300518497e-12 5.34869903923152e-10
2.78221889971064e-14 1.25672916517772e-11 2.60875987478926e-11 1.92629912021403e-11 7.17215176138097e-13 9.6841759056332e-10 -9999 -9999 -9999 1.77191594730175e-14 5.81779069364075e-13 1.40409905924344e-13 1.20126131264442e-14 7.68718422250458e-14 -9999 -9999 3.40679706667402e-12 -9999 -9999 -9999 -9999 -9999 -9999 -9999 -9999 -9999 -9999 -9999 -9999 -9999 -9999 2.43984832337674e-12 1.2401191185063e-14 5.55111512312578e-17 4.44089209850063e-17 1.11022302462516e-16 2.20934381900406e-15 3.3670177757017e-12 1.73550063209404e-13 3.68971520003925e-13 3.86267906549165e-11 2.60642019078716e-10 1.65950109209945e-10 4.87938578430658e-12
