Maxent_result_files_2/B_hyperboreus_3.asc
NCOLS 594 
NROWS 330 
XLLCORNER -15 
YLLCORNER 23 
CELLSIZE 0.166666666666667 
NODATA_value -9999 
[rows 240 to 259 of 330, columns 528 to 571 of 594]
6.22406276704623e-06 1.23208443085665e-05 2.06522726446501e-05 1.38783956524668e-05 2.48755563835523e-05 2.25094717832275e-05 1.45996796707792e-05 1.22126418533819e-05 1.27368342048517e-05 2.83238801583874e-06 4.73758655213929e-06 1.52478327780314e-05 2.4082342591214e-07 2.80439969035928e-07 3.56650291217786e-06 7.38191704653501e-05 0.000232773318473967 0.000540677035382475 5.22154669173269e-05 3.28768369195487e-09 1.4713685825285e-11 6.38378239159465e-15 7.38742400585579e-14 1.56097357262297e-14 9.99200722162641e-17 1.19904086659517e-15 1.0547118733939e-15 1.92623694772465e-14 1.77635683940025e-15 0 0 1.11022302462516e-17 2.22044604925031e-17 2.22044604925031e-17 2.22044604925031e-17 1.11022302462516e-17 0 0 1.11022302462516e-17 1.11022302462516e-17 1.11022302462516e-17 1.11022302462516e-17 1.11022302462516e-17 1.55431223447522e-16
1.16090193603924e-05 6.07690247225179e-06 1.17668877452459e-05 7.23970008704722e-06 7.38770960774238e-06 9.78475209635343e-06 1.50815390538628e-05 1.09019552397727e-05 8.78719187389354e-06 6.87113854652699e-06 2.20114535641747e-06 1.55276462679876e-05 2.11658319885455e-05 1.58526607285658e-08 2.6478349928194e-07 7.81634529843922e-06 6.58836309012867e-05 1.95170844765502e-05 7.88282768187098e-06 2.01600607995234e-06 1.72204203929827e-06 3.61192997733184e-10 3.57602836231763e-13 1.39958045153321e-12 4.64073224293315e-15 1.73194791841524e-15 2.40030217923959e-14 5.55111512312578e-17 5.55111512312578e-17 2.22044604925031e-17 2.22044604925031e-17 4.44089209850063e-16 1.96509475358653e-15 0 2.22044604925031e-17 1.11022302462516e-17 0 0 0 1.11022302462516e-17 1.11022302462516e-17 1.11022302462516e-17 1.0325074129014e-15 1.11022302462516e-15
3.99223671110227e-05 6.50869279983812e-05 4.23385064044823e-05 3.84044337372158e-05 2.39105750894697e-05 2.73923561742717e-05 1.59419885016998e-05 8.62172140677631e-06 5.8144987000075e-06 1.00952371329899e-05 1.2050730509694e-06 8.47354838848791e-06 6.04423058229164e-06 5.74159366516502e-06 6.18684654629664e-07 1.96490490161905e-06 9.1972882591218e-06 0.000228746518181244 0.000830200739405307 3.05782621778938e-08 0.000408244620584042 9.61057301518409e-09 5.18619491796102e-10 4.38528102719715e-12 1.60128577064711e-12 2.66453525910038e-15 9.99089699860178e-14 9.99200722162641e-16 2.4535928844216e-15 1.49880108324396e-15 9.99200722162641e-17 7.94919685631612e-15 4.2410519540681e-15 1.7430501486615e-15 3.38618022510673e-15 2.22044604925031e-17 0 0 1.11022302462516e-17 0 2.67563748934663e-15 1.90958360235527e-15 6.99440505513849e-16 1.22124532708767e-16
4.15161604240377e-05 6.67942673389099e-06 6.74339955009096e-06 1.47745444434744e-05 1.84081269711145e-05 7.65136257643295e-06 1.30118359233378e-05 2.44370622373258e-05 1.70096439153333e-05 6.5048723140948e-06 2.37912666006812e-06 4.47655299685712e-06 2.62145275868875e-06 1.11629775671029e-05 1.26073032585827e-06 2.20960566406747e-05 2.10879533150576e-05 6.98350233978573e-06 0.00269894340382457 2.30529978106908e-08 0.00230070256646011 7.71832643705617e-06 6.61891475961518e-08 2.72098676923349e-11 1.23052790179656e-11 5.63182833701603e-12 2.91762169979393e-12 1.70641278884887e-14 5.93014526373281e-13 5.65980595723659e-13 1.99362748531939e-13 3.10862446895044e-16 4.44089209850063e-17 1.19459997449667e-14 3.15303338993544e-15 5.55111512312578e-17 1.11022302462516e-17 2.27595720048157e-15 2.17603712826531e-15 4.65849581132716e-14 1.90847337933064e-14 4.17443857259059e-15 1.43218770176645e-15 1.11022302462516e-17
3.50983701168039e-05 8.76687292787892e-06 1.24234765506159e-06 2.20379193471842e-06 2.06341737474247e-06 1.64622124394498e-06 1.62040909774785e-05 2.69002868325874e-05 7.70024904995781e-06 1.81861448620424e-06 2.69169690554349e-06 1.56077289474865e-06 2.58135156201433e-06 1.3228389135389e-05 5.61205062432624e-07 1.10794541226089e-05 1.61588732420004e-05 1.18422654737937e-07 1.33296237159186e-08 0.000259000764369244 0.00511049525666749 0.00386206666444195 1.29011427130177e-07 1.39453078018548e-07 4.39260405826758e-11 7.11644210227291e-10 3.57919249793781e-12 3.56126905742826e-11 5.9589000400706e-12 1.28875909943815e-11 5.51891865541165e-14 8.36775093659981e-14 3.95905530581331e-14 7.27640170339328e-14 2.1094237467878e-16 1.22124532708767e-16 3.33066907387547e-17 4.36317648677686e-15 1.79856129989275e-15 5.89417403773496e-14 1.67277303120272e-13 8.75965966429249e-15 1.22124532708767e-15 1.69864122767649e-15
3.36826648421606e-06 1.87860655600502e-06 6.99568876427747e-06 2.93380489916006e-05 1.72468598250486e-05 1.32199932376231e-05 1.04998994240657e-05 2.64550179789325e-06 3.12124443757611e-07 5.86818271663958e-07 3.54102583131066e-06 8.30765318968751e-06 2.00271209997993e-06 2.07138446199906e-06 1.60033201194176e-06 4.81030877802491e-06 1.15047728717066e-05 1.03550434290556e-06 5.62236211558709e-06 0.000939558934957663 2.82806352517762e-05 1.56917058319994e-05 1.02402382907707e-06 6.7801996626482e-06 2.63848472156214e-06 7.96034847484251e-05 8.32718701214707e-06 2.34123480035153e-06 7.21421729685812e-06 8.6330597764972e-07 8.21098490311201e-08 8.10027611652941e-10 6.4624983142636e-11 9.79882841534163e-14 2.29605223722729e-13 3.76397801815642e-12 3.53272966435725e-14 2.31925589844195e-14 1.3988810110277e-15 5.6621374255883e-16 1.80333525889864e-13 8.24562640389104e-14 7.25308701987615e-14 2.00617300549766e-14
2.36816070867008e-05 5.7794412054335e-06 4.32623458264114e-06 7.35161845000221e-06 3.27931055039699e-06 3.81488526279838e-06 8.1090703873965e-07 1.33748122306265e-06 3.29321436165486e-06 6.41514149037903e-06 5.78893590770235e-06 9.85550154730675e-07 7.21418694733522e-06 1.68884968498872e-06 1.89995479327187e-07 7.82640228920162e-06 2.8268118327901e-06 6.4884856635361e-07 7.04848367044653e-06 9.7214021536729e-06 2.81862622927398e-05 5.7588291463162e-05 0.00589098366508551 9.4591246652842e-05 5.24820452962871e-07 2.37893001668876e-05 5.61949063749845e-06 1.46356420049898e-06 2.79574382667791e-06 1.08283333855042e-06 5.75189370675355e-05 1.07766881623839e-05 9.32705175982207e-08 1.62790744440144e-08 6.28367324839729e-10 6.74471922756936e-11 2.27456942170079e-12 8.33377811204627e-13 3.45339312701753e-12 2.65654165332307e-13 1.538658089828e-13 3.39728245535298e-15 7.43849426498855e-16 6.88338275267597e-16
7.52209875543031e-06 5.44000442630477e-06 7.61812161300668e-06 3.57975613347605e-06 5.4393686749199e-07 1.30899255315065e-06 3.91614203998358e-06 1.34339028123875e-06 2.49036681392312e-06 6.44848815056775e-06 3.76851361878483e-06 1.66527170537223e-05 5.48447317996192e-06 2.03543736514433e-06 1.97927913603291e-07 4.95520255938686e-08 4.8426454826056e-06 3.28217095102445e-06 1.21382654366675e-06 1.12298721663961e-06 7.98151565017946e-07 4.57832140626779e-06 7.76888659430597e-06 1.56788952040188e-05 1.94514866396767e-05 9.47513212691264e-06 8.51093987939144e-06 4.57455733109402e-06 4.93611962269824e-05 8.76532579541234e-07 1.22943241471773e-06 7.62042099310745e-05 0.000102184941686567 7.18154085040945e-06 1.65859082947861e-06 1.18554362860124e-07 9.03319097300681e-10 4.02571420643483e-11 2.83854051374988e-12 6.15357764743862e-12 2.15693019001151e-12 1.04727337912891e-13 5.35682609381638e-13 2.16959783472248e-13
2.53939527283364e-05 2.23514076310494e-05 6.35806673123795e-06 9.20093664547039e-06 5.01502071615922e-05 0.000359303416826229 0.000998780484989936 1.08755405818783e-06 1.54322458667533e-07 1.09664468530557e-06 6.82158745703987e-06 7.83602546987616e-06 8.94218355611542e-06 3.01939937674689e-06 1.28196458426544e-06 3.42262236219248e-08 2.62183191823695e-08 1.99561964921657e-05 4.80594631427911e-06 4.90661139291859e-06 1.58778601111687e-05 1.36187897259443e-07 1.12113940895497e-06 1.03043996471097e-06 1.05991138453776e-06 2.19919524935275e-07 6.94909457310544e-07 9.19937042098695e-09 1.20232830069789e-07 3.12634484367358e-07 1.13673172178474e-06 1.10899399441422e-06 3.21296793725168e-05 1.9846748822161e-07 2.90896511190297e-07 3.17863405374652e-08 1.07416775474434e-10 1.30591221170206e-09 7.60315377323906e-10 6.08991745920662e-10 3.45270922963437e-11 2.89528401253847e-12 9.62668698423208e-08 1.16991007805822e-06
2.82285103253344e-05 3.79859666248539e-06 6.91342375902515e-07 4.30826897286352e-05 0.00142249784809678 6.38608981011757e-06 1.25995923582423e-05 0.00235973530201445 1.24754982550712e-05 0.00147105598589405 5.30697149088155e-05 0.000469401725746366 2.01942996440607e-06 2.58182829764309e-06 1.72546203785373e-05 1.71235254526891e-06 8.39780730288453e-07 4.93897173683422e-06 1.67922013035393e-05 2.25663897843731e-06 2.46616504995245e-06 6.71362049332602e-06 3.93533604017282e-06 2.20197066189698e-06 1.62953605175042e-06 1.24343640841573e-06 1.0272382022336e-06 1.40784772795222e-07 4.52829734687299e-07 7.82244111796615e-07 5.06535563493671e-07 9.17658290466861e-08 6.68894157884736e-07 5.28460906124018e-07 6.32019563240327e-08 2.70263890094213e-06 6.28942505276342e-07 8.98869664434088e-07 4.60304685745427e-06 1.05514742188006e-06 9.58636093839615e-09 9.1425800263778e-11 1.84477699782803e-10 1.23725488154758e-07
8.14536765119778e-05 0.00316373783862218 8.33507297493541e-05 0.000291015639516168 1.1458798248043e-07 0.0151605790248141 7.76315432176489e-05 3.95010306374566e-05 1.92242904454409e-05 1.09232558584305e-05 2.52700976780318e-05 0.00201191505493625 2.16151580412216e-07 4.60108828814754e-10 1.46561137970291e-07 4.24235234142145e-07 3.55155333231494e-07 3.62837404588312e-07 7.05413383261799e-09 4.55719858594161e-06 1.0680264150853e-07 1.89462876897251e-06 1.3203847087695e-06 1.9320638328324e-06 1.79551635026698e-07 1.51393059810712e-07 1.7995310988006e-07 6.78453287872305e-07 2.599592245911e-07 2.25838575462767e-07 1.54386500683668e-07 3.20498211114906e-07 2.98325611225447e-07 3.00032810940376e-07 1.39629433505761e-05 2.17396971313732e-07 1.79559843538346e-07 7.09285550222205e-06 6.77743740873371e-07 3.80547955664001e-06 9.80575989514287e-06 1.86928053792501e-06 2.10384993818091e-05 5.78310407828297e-07
0.000102776900558688 0.000439639455451457 0.000592117832520056 0.00119797656532542 0.00204435039874058 5.23700224559498e-06 2.8706665846423e-06 6.10009257551169e-09 0.0101102484269038 0.00259608527703676 1.8109261707977e-06 7.41070079079975e-07 2.37336705204427e-06 8.94780828941677e-07 1.57855430793496e-07 8.15276007815058e-09 1.25589856292407e-09 7.78890226760254e-09 9.41921475261509e-09 6.540487541562e-08 8.97988828008067e-06 8.87392251147645e-07 2.88324933594986e-08 2.3384646197222e-07 9.00386413205112e-09 1.6737994050775e-07 1.77751876850873e-07 4.9797787142758e-07 3.62962410171974e-07 2.72786002664116e-07 7.89738224593606e-08 1.04273564116575e-08 2.93774906845456e-08 7.69992536620023e-08 5.90058489291501e-08 5.48950613410426e-08 2.07433292409576e-07 1.81001380550327e-09 3.4029842832517e-09 1.66809821511293e-09 1.60184284196951e-06 2.08764999946043e-06 1.39729162640823e-05 6.46104113399826e-07
0.00246876213586358 0.00187358493050794 0.00107385322882398 0.000550445803887145 0.000608307267804209 0.00067406669562966 0.00609464846907031 1.22268638325096e-08 4.24823953792952e-11 2.89708285773571e-05 0.00039268065311262 2.47291152479789e-06 9.16890749325106e-07 6.44020666868528e-05 1.26556049579563e-05 2.84791272986418e-07 7.76922066014762e-08 2.03607778481718e-07 4.05151647786539e-09 1.793072501588e-09 2.40538233775567e-10 7.2660510941347e-11 7.42232002970411e-07 6.81491232557008e-08 4.20593845307238e-09 2.73048145205124e-09 1.04504395670446e-07 2.76012859901087e-07 9.25719708444461e-08 1.08744119908799e-07 1.67099740211452e-07 7.25545342139533e-08 4.80937891400579e-08 8.01728210264585e-08 3.18054885761754e-08 1.41163797651167e-08 5.65677116592944e-08 6.35042142538289e-08 1.46203665840616e-09 8.56159121376265e-10 1.75659002010775e-08 2.04681926296857e-08 4.17994441814784e-07 2.75068070121343e-07
0.00277058114942763 0.00105834446787174 0.000210876757982836 0.000685038672142468 0.0051869448107027 0.00321494570034702 0.000413124205754056 0.000601291468686482 0.00600761675741524 1.50561452194609e-11 9.29664263105146e-07 0.0135929204762244 0.00286720153248669 2.66765848436989e-05 1.97132978429826e-05 0.000599204151189425 2.54604061012742e-05 5.07938803986363e-06 1.85498397164974e-07 6.36904887274525e-07 1.8009461577595e-08 1.38779121527932e-10 1.31481699972014e-09 4.17654174911242e-08 7.69784799237172e-09 5.6574035456336e-10 2.15926942992439e-11 6.39956280190646e-09 7.58281169410679e-08 7.82541842436757e-08 5.83606533433034e-08 2.77633729561799e-08 2.03649767382963e-08 8.06929942864798e-09 1.04115669419258e-09 1.17999899407195e-08 1.25700011843755e-08 8.75765719943189e-09 3.76291561354769e-08 2.37096621558131e-08 2.06978201244823e-10 1.91869559129643e-09 1.58082745671528e-08 3.39447915331803e-09
0.00149415707214473 0.0451067693531513 6.88560048534015e-08 2.18162932164034e-11 3.13633452542206e-11 1.56941792894827e-11 3.08925561238738e-06 0.0164358655689284 0.0324138003372354 2.49756044734539e-09 0.00301745400174696 0.0715671530924737 0.000185850363573969 0.000145360555462215 0.00282365427461109 1.91063247712897e-05 1.97574973110903e-06 8.47229600822175e-06 1.22316729997962e-06 4.15639500817022e-08 1.89877505762937e-07 2.76112099850678e-10 4.1681180729114e-11 6.23791351905823e-11 2.61969668180484e-11 1.00642860711986e-10 3.83581166829572e-11 4.91963735305134e-09 1.77965635228539e-08 5.47579633858319e-09 2.89996114899438e-09 7.64828667065842e-09 2.01543636335622e-08 3.51029494249921e-08 6.99832931605471e-09 1.65215521263917e-08 2.66421359529367e-08 6.54835090818651e-08 4.16728083041384e-08 4.71486208186711e-08 6.79499417843843e-09 1.55205037710715e-10 3.38883476835861e-10 2.98008862031907e-10
3.54656657702845e-06 9.76391356655171e-10 4.75351870495189e-05 0.0042624612673535 8.91748164888462e-07 1.01209374214761e-11 8.57314219615546e-14 8.47253378566393e-12 1.26567041291992e-09 0.0010877075677854 0.00899807160021737 0.194296497665346 6.37375856740619e-05 2.74723561346946e-05 5.08208875261928e-05 1.04410492885676e-05 1.99578792403621e-07 0.00102235793238283 2.50329020374807e-06 4.45347846023125e-07 1.99249260965928e-06 1.2484053900641e-07 4.76238198321433e-08 7.4812867012497e-11 9.19279219413482e-10 4.50380843730613e-12 2.54574139546548e-12 6.3576084396999e-10 7.71250202591389e-09 1.6817334835828e-08 1.88936183920241e-08 1.84635177480352e-08 9.15005634594124e-09 7.55440237032445e-09 3.47824134272479e-08 3.6889374599447e-08 3.39934853821333e-08 3.63932637359454e-08 4.5984502616836e-08 5.66150167635726e-08 4.12870857946501e-08 2.75629943646827e-08 7.54661094726217e-09 1.7549333741762e-08
1.06867734814831e-06 1.52841139744453e-10 2.31898297734845e-05 0.00198877899731089 0.000943588918888072 0.00732872123662673 0.000887319941148235 0.00175895820250389 0.356349953263998 0.00552170726005015 0.000162430110770806 0.0188731608359376 0.000281492389431459 7.18750041187377e-05 0.000171729120674236 2.29385143624139e-07 0.00039693035224968 1.27273295236208e-06 0.000273911349381706 8.68445676127649e-07 6.51172508819853e-06 3.93371161820921e-06 1.15138377356772e-06 2.20901696157405e-08 3.18462443082979e-09 1.73457907248764e-07 3.86459531043215e-11 1.56075929957922e-11 1.33194513529666e-08 3.0573823583957e-09 1.81009512045804e-08 6.07903265503751e-09 2.07846049260496e-09 1.42403094871568e-09 2.9787990740715e-09 4.47479879817081e-09 8.05312473373121e-09 1.43710691569154e-08 3.94385484270288e-08 5.58562738062207e-08 1.89208138734465e-07 2.80211620640181e-07 4.22253192411404e-08 3.16680061951402e-08
1.15656628718597e-10 8.92659688169761e-06 0.00189132582054636 0.00459618664507619 0.0028975146653579 0.00279405577392406 0.00303144168282081 0.00468429276169573 0.000678504396637447 0.000969662039278862 0.00025075031624322 0.000382852486768037 0.000172829621181936 0.000387553171840693 4.95497294266234e-05 5.52513596668525e-05 4.11042272623008e-05 4.33085220094998e-05 7.06232570091281e-08 1.67728526145883e-06 5.96494140359116e-07 3.70829895249836e-06 9.68134856282887e-07 4.03691910899617e-08 7.41324057695891e-10 2.50558930792177e-07 9.91323106935837e-09 7.26236515369294e-11 3.54009717096204e-09 1.11179638051517e-08 9.4819582074912e-09 3.64337843228313e-09 2.79105013545333e-09 1.48743828365383e-09 7.24379197736269e-09 1.06708823999213e-09 4.07335917218532e-09 9.47525274908045e-09 1.49974520358143e-08 4.37794089092058e-08 3.60319457493041e-08 8.08111795480571e-08 7.67140487800688e-08 7.91872259764403e-08
2.32645452791225e-08 2.1591096877871e-05 0.0068913956045435 0.0162547639964032 0.000517582342763134 0.00536590138763131 0.00637854750675615 9.4932507274148e-05 0.000133287415933125 0.00148478360145343 0.00129135346644381 0.000119972883054986 0.000302034624646752 0.000124181713766325 9.72987592749996e-06 8.5406216949091e-05 2.77505348603491e-05 7.59915506312048e-06 6.02345193470022e-06 4.10674493700469e-07 6.17305560287606e-06 2.48764746206831e-06 5.34319624678758e-07 1.02114127606967e-06 6.95571504039094e-07 2.09588581490117e-08 7.82623782402681e-07 1.24384701094549e-08 2.92155299952412e-11 7.41320471675522e-10 9.35039758065415e-08 2.41040942761117e-10 4.32898383806446e-11 1.67966330844038e-09 3.5017963195827e-09 3.43561016302729e-09 4.91978248140512e-09 5.45042911914706e-09 5.58627990532301e-09 1.39420088474118e-08 3.21200282926704e-08 3.56440537419012e-08 4.33111223885341e-08 5.85289021026725e-08
3.15382164828293e-12 1.32315956524742e-08 8.38616293330485e-07 2.91450853162623e-07 0.0023578788841727 1.5311097411641e-05 1.41379309992473e-07 2.63106099309685e-06 2.22191773098235e-06 0.000492975504749893 7.30923339431477e-06 0.000800713607606873 0.000890245994930083 9.8712070140905e-05 0.000134644984634202 6.9290636301389e-05 6.49407298887183e-06 9.69304481280853e-06 1.29967973702128e-06 4.8340548508552e-08 2.38381854913428e-06 4.128421008609e-07 2.99109409240828e-07 4.01011079742553e-06 3.01515105630701e-06 1.471712626544e-06 2.23558084069264e-06 4.28077659078152e-06 4.18560297532622e-11 7.87062082174828e-11 3.94997602071179e-08 6.58494427874246e-08 1.33820420300523e-08 1.08653055108654e-08 3.65964477611058e-09 5.76080074754515e-09 5.24544865321275e-09 6.84594316791021e-09 7.3623984242488e-09 7.5266672672214e-09 9.39210034189841e-09 5.6439716344947e-09 1.22963290993816e-08 9.02363420651753e-09
