Maxent_result_files_2/B_hypnorum_2.asc
NCOLS 594 
NROWS 330 
XLLCORNER -15 
YLLCORNER 23 
CELLSIZE 0.166666666666667 
NODATA_value -9999 
[rows 120 to 139 of 330, columns 414 to 459 of 594]
0.0163030618801713 0.0175933700986207 0.0265186909586191 0.0311743410304189 0.032041534781456 0.0282201133668423 0.0349442955106497 0.0334762994199991 0.0730876673012972 0.0497185356914997 0.0272316883318126 0.0415855804458261 0.111825515329838 0.347013293579221 0.0193683352321386 0.010022562276572 0.018600504565984 0.0239651439711452 0.00586391508113593 0.00958675793372095 0.0147738764528185 0.0074439543299377 0.00530495160492137 0.0057401335099712 0.00643941469024867 0.00666394256986678 0.00694841498043388 0.00630074727814645 0.00593015907797962 0.00676176308188587 0.00806549610570073 0.00806414380203932 0.010462710307911 0.0107780733145773 0.0049637752934359 0.383163220249116 0.560779834911227 0.00830360848922282 0.0073792174924165 0.00251861097058281 0.00259280917234719 0.00260960347368382 0.00260651448043063 0.00224491728004068 0.00233246183488518 0.00858627639245242
0.0311929956078529 0.0305659145116806 0.021206436958164 0.0212451444938779 0.0289779148995876 0.0228894285857677 0.0203080391511321 0.0348540613427758 0.0480753691866994 0.0210649280808866 0.00728456836659461 0.0198418877087533 0.0208958961069584 0.0234433577395976 0.0205966624431312 0.014040088839829 0.031841934286058 0.0228441774845123 0.0148882475215942 0.0117779952008277 0.0116328280419111 0.00866791638545692 0.00592514320742339 0.0078396862372756 0.00645009505096823 0.0101233121939003 0.00703469938598573 0.00669262723531574 0.00683069995138794 0.00671492589171976 0.00723698516376317 0.00749887663405389 0.00670140283182263 0.0071747211040929 0.0258456698618829 0.0227897897362709 0.0253484077751637 0.00291054704575799 0.0104300039820373 0.0177014807239175 0.00844794940203428 0.00850500774104148 0.00632250302005559 0.00647838565055281 0.00369102220283821 0.00637604121584445
0.0289527637884021 0.0275421997532249 0.022980987560004 0.0227059053257108 0.0268729446455836 0.0262225871905684 0.0245429486967623 0.0231115414761007 0.034118377789855 0.0448092946782708 0.0198791402392089 0.00810939194634557 0.017315021995455 0.0116215005982667 0.0175125643610954 0.0128044352401048 0.0114812672603875 0.0123583872336894 0.0115651040803641 0.0114240881986916 0.0122238791082054 0.0109387462958694 0.016708891838789 0.00511424336582422 0.0058128664502874 0.00777743889484555 0.0063121447339654 0.00725686438381672 0.0075669375481084 0.00736212031915784 0.00771486007142812 0.00796519375871867 0.00894059087149799 0.0153087425976992 0.00826924736611545 0.00500995619222522 0.00874082511290908 0.0283431020565331 0.00923060972709209 0.0102369139436632 0.010113336192444 0.00761629992630333 0.00961494478397071 0.00985311446711421 0.0094068668782711 0.00753136910498142
0.026842943765223 0.0269563183188438 0.0195272337645292 0.0244245993904769 0.0208987342193723 0.0221004525199533 0.0491861376911402 0.0342424528673291 0.0332879798486829 0.0441261406987905 0.0198086306452751 0.0097729051951319 0.00780690526589751 0.023062489181757 0.0155342880636454 0.0134079851675779 0.0113336510490626 0.031749221496284 0.011638852301985 0.0116350885946304 0.0119849279988557 0.0136190799530596 0.0153910071589053 0.00596343455836177 0.00652274403255433 0.0112104391679168 0.00621279010083526 0.00679730807896703 0.00799823785200715 0.00769694137852639 0.00709041135851294 0.019346403889358 0.00849539001937956 0.00615274857264012 0.0109199631493539 0.0221430327743292 0.069122301787138 0.0402104979380965 0.0125261285342276 0.0198081381618977 0.0113598969299346 0.00987743041478097 0.00844857653137296 0.00858219044748694 0.0222157694399357 0.00740653104148805
0.0213817100040615 0.0199975054711103 0.0270671846345067 0.0223922847770154 0.026457934640348 0.00917751328088343 0.0586953140795231 0.0320105824619532 0.032169040478766 0.0166939194314182 0.0293355213478208 0.00845247893594205 0.0102145882323384 0.0225137423723936 0.0147239403799176 0.0128199764993042 0.0114677065983415 0.0106990313157439 0.0127601755782962 0.0127088473644108 0.0123438886366785 0.0126063462812454 0.0178612616844475 0.0116906778421253 0.0063475294969976 0.00667544270399958 0.00708406835328788 0.00746163560543209 0.0284223265014589 0.00810927709098905 0.0081272640498355 0.0131930123083293 0.021360420435667 0.00671344678848982 0.00594087825156748 0.00862222034484148 0.208041234314442 0.00937069994397461 0.0152018073014915 0.0127741634845734 0.00296165104373358 0.00339215225540102 0.00264148290734738 0.00311537736561149 0.00264466729131527 0.00452088399324566
0.0692197009921074 0.0275488512590528 0.019549944344908 0.0184581434354186 0.0241187335923314 0.0149609085172415 0.0326610203832388 0.0288183422759175 0.0254604062065482 0.0169658829458058 0.027008586935699 0.0219853074289858 0.00917355313431472 0.0149021552875638 0.020961289294064 0.0126724679023027 0.0144550172612071 0.0124513694085181 0.0150268713012338 0.0150336334481835 0.0152101744897664 0.0134460736531764 0.0209770892746747 0.0145075782202184 0.0142554775346071 0.00761353834532201 0.00663111922331154 0.00752932676114142 0.00829861774109304 0.00802209691610187 0.00818949732929468 0.00766612500883639 0.00761268937494606 0.00800071361009031 0.00575309111736715 0.00858165149111301 0.00705412265378982 0.0185141212306917 0.00743295382708311 0.0159969230182469 0.00655349297448993 0.008204176556319 0.00311929472372867 0.00283610075712204 0.047555885836482 0.0126523800892755
0.0303005833178759 0.0567296743392944 0.0422736249864101 0.0212264806032181 0.0280664693564177 0.0235734154470265 0.0215576384216547 0.0243920248001814 0.0256379124708474 0.0190310345962644 0.0276025956496596 0.0236217979341745 0.0263044193387032 0.0196152426302433 0.0177742834202945 0.0189495111815631 0.0127215309068561 0.0129581540822983 0.0152716443873942 0.0169358597137034 0.0207684395834804 0.0141534297727048 0.018931304756552 0.0209875930100679 0.0227831878699362 0.0126852272078395 0.00720006914343685 0.0182350126095116 0.0220191267319024 0.0144737676717341 0.0342834578827024 0.0154947215691209 0.0179971710778773 0.0127038808073848 0.0356460215523839 0.426247663982213 0.0185964283533394 0.00374114124570042 0.041922309063375 0.436080864653923 0.10625408180058 0.0138181374408305 0.00287757461192086 0.0190907548181713 0.00921755173476413 0.00647559522185475
0.293289642035961 0.0485095957294106 0.0246542852371931 0.0214182472787797 0.0213213227689266 0.0238393701612949 0.0220730896107852 0.0220284214243293 0.0235697260126472 0.0232469369657338 0.0223806696943939 0.023771997820586 0.0225893928669393 0.0202508142217994 0.022857257630676 0.0175995672121644 0.0160675659775734 0.0148010126315057 0.0171056536957622 0.0240234918892384 0.0140832917764783 0.0223064739257097 0.0164646476507187 0.0181237294338644 0.0207830656319857 0.0234158061444759 0.013715389650315 0.0184414414688945 0.0238452741876245 0.0271707772277296 0.0086552764987573 0.0200235649943352 0.0202119410037994 0.0211358913220465 0.00662837473209947 0.110550187900662 0.037557859160006 0.0136747357435524 0.0160619826056063 0.299220243375748 0.0571783045306802 0.0175255859270692 0.0134115789085627 0.0200105734169483 0.00897362863179296 0.00838261048775166
0.00751396871637553 0.0251863826066256 0.0282406751066446 0.0244451503269374 0.0249347977340221 0.018434732966125 0.0181625572964549 0.0185733587481081 0.0187394678592682 0.022351561486721 0.0258642464876175 0.0183351498097181 0.0235407595522702 0.0168156556785107 0.0209817815572023 0.0218978197313845 0.017988418135792 0.0157535494305193 0.0250441518612206 0.0217489656992257 0.00749277644790709 0.00771844054106623 0.0326946660876274 0.0167088976129889 0.0189592497423291 0.0190060497261584 0.0258021766319871 0.012144048511982 0.00884435430634767 0.00926056769676506 0.00817163274623454 0.00812594231683761 0.0114495981950313 0.0257862359285355 0.00720621515065432 0.0121465383563191 0.00557293341262266 0.0180412613786757 0.00905639850534499 0.00954569196328521 0.0150239699520171 0.0138457215856761 0.0103109624702483 0.0113210081588477 0.00759266400709748 0.00568388078827411
0.0433658408001065 0.0280441790819168 0.0266634248197079 0.0203545780852437 0.0217282822355628 0.0180991466157138 0.0135225537233055 0.0165072037838399 0.0157294243574142 0.0165541613474488 0.0179511677473784 0.016523424256593 0.0157551712356508 0.0175941619090736 0.0220124862156808 0.0254968015477061 0.0192638037726283 0.0207891754806042 0.0246487647294998 0.0207655903883278 0.00804053510073572 0.00813932626042515 0.0189085398800671 0.0165337838232517 0.0182708222419024 0.0195789645425975 0.0211752140894532 0.0284638145938516 0.00734666064381599 0.0250488182529807 0.0316625392064452 0.0246676134876907 0.00888304638210684 0.00777989744674414 0.0209893153980374 0.00961319655179977 0.00899393213912845 0.0404220083728433 0.00399675400694832 0.00384386850055307 0.0049711711704731 0.00963552738539875 0.00529243289493024 0.0123567407485098 0.0130259165540338 0.0123994801193476
0.0139272768050432 0.0241867240518332 0.0231460212729871 0.0245428481139243 0.0196825047023594 0.0303569786250591 0.00775484694167972 0.0167880060151219 0.0184296409599483 0.0184826060198247 0.0195195500738919 0.0173570396378636 0.0179624781943858 0.0178243230096996 0.024309457372874 0.0247348770499229 0.0250111285597086 0.0295710295438766 0.0252425145357847 0.0245265615172684 0.0176264614798129 0.008038379997015 0.0070887774694711 0.0173456993885338 0.00735724633559585 0.0170974433422089 0.0182990938425064 0.0210954817011952 0.021534513682127 0.0234934723936021 0.0203331484459341 0.0224557465873659 0.0179109705612063 0.0075902943033725 0.00696392103563994 0.0116490187123418 0.00563859363319352 0.00711123489309102 0.00776566488202661 0.0119931746739894 0.0128275052178651 0.0116193325258791 0.0084669548785314 0.00795170378405601 0.0104048644658178 0.00317904129624367
0.00984036014415324 0.0608966361731291 0.016173601616174 0.0123926968313754 0.0134536800906062 0.0104922821745276 0.00922318883240223 0.0101884749252349 0.0136410816572607 0.0174919741228223 0.0188858645968139 0.0152227153070271 0.0165095081552863 0.0225551585666835 0.0202002647332847 0.0169227687641978 0.0197693444788456 0.019203255046159 0.0235805583186448 0.00970781855285168 0.00688612745143473 0.00644069903064519 0.00654627876356244 0.0229483649134636 0.0158279491588473 0.0166717574000359 0.0175525830127299 0.0198716960847378 0.026225509122014 0.0306896958500147 0.0148997748270631 0.0205020844005048 0.0179615095257759 0.00993898026645184 0.0113052339758724 0.00670053279027343 0.00520389284938574 0.0307248441502452 0.00773574828635901 0.0197670757770538 0.041610087826848 0.0149821334052831 0.00832808916456997 0.0105051710736007 0.00991291576065123 0.0050192452268675
0.0165572903119028 0.0153584531508386 0.0173491231165826 0.0152194182388484 0.0190513224340975 0.0149681176058948 0.015365350805223 0.0138756401836872 0.0152407983317971 0.0154866584576666 0.0112911227159202 0.015655227843672 0.0164007619023323 0.0171178160235286 0.0166478721424937 0.0098396216519177 0.016146173607558 0.0217949516139925 0.0117691405117512 0.00756556480191648 0.00947580984793603 0.00765897068195045 0.00784058817662299 0.0182184367440641 0.0147181041538715 0.016251942422241 0.0157799006439745 0.00407574174460024 0.0211300396360457 0.0164274368435144 0.0242382602766156 0.0209666177630424 0.0262806826271117 0.0266887376084924 0.0126608057878911 0.00847546819131821 0.013628299580887 0.00470551704056561 0.00460865970235318 0.00561157369520515 0.023708784673363 0.0103340820409358 0.0123861246742308 0.00780333892907947 0.0070230606244877 0.00582146006636322
0.00485541461966932 0.00937421661801636 0.0115237609483302 0.0150984408333898 0.0229657149873674 0.0199406758882105 0.0152358130551875 0.0141199651174247 0.0151789797469974 0.0154784188605845 0.0160940269939601 0.0164142645895481 0.0184774861671031 0.0172977939248085 0.00766688892617822 0.00366786210797727 0.0292868146672845 0.0345286007970571 0.0172214792110026 0.0130066260695457 0.00736511207651347 0.00854100491851568 0.00682870198506862 0.0169292249716818 0.011849338747561 0.0163494023494422 0.0132120504975319 0.00383008467033505 0.0195353826507926 0.0219861061312258 0.0209005451761186 0.0229508360847831 0.0283929448574781 0.0243781624361873 0.022653425578028 0.00688137598335743 0.0265878126956522 0.0048543231212534 0.00635336469858885 0.0635256629437208 0.0937096018344164 0.0060375165194273 0.00433264239691198 0.00597677454352379 0.00489088797476143 0.000906169178779237
0.0142655390314758 0.00337656039046124 0.00303908074274659 0.0153875658288598 0.020985390804708 0.0146912300959229 0.0133186491206288 0.0131757885217667 0.0148493726737797 0.00817526057362556 0.012158419797197 0.0161699613556266 0.0156114406883717 0.0197384300641716 0.0215996339917183 0.030120044760406 0.0365865325555205 0.0204358642920852 0.0137004503980279 0.00762266132514924 0.00770677856635302 0.00700101256370544 0.0120697672944516 0.0174112951382995 0.00375775299035013 0.0148114246316254 0.0163010342977941 0.0176196569576859 0.0209430182352662 0.0207602228969336 0.0209796120412648 0.0312718166038394 0.0298059154301882 0.0227669510059059 0.0212609739042819 0.00787185316439718 0.00662881073076278 0.0102470089215785 0.0270568480715156 0.0211974116973579 0.0117993911728263 0.00824487991631031 0.00726305488497019 0.00672617794480175 0.00609271477442235 0.00174903993902262
0.0150706463493407 0.0105282706674188 0.0096622696146369 0.00587312006391585 0.00267632687464356 0.0245906058698893 0.0028116381727159 0.0197019131854177 0.0173224728554487 0.0262148056179285 0.015250860247761 0.0157665534876287 0.0155853562988341 0.0169243573211133 0.0196765280328691 0.0314899951219559 0.00673156636767089 0.0163919549435377 0.00835759732872248 0.008851910661906 0.00911203955765814 0.00825413838028908 0.0219955080188811 0.0200512944720685 0.0171120480634272 0.0159111779183149 0.0129796334542334 0.016923008672893 0.018741150572896 0.0189496046863496 0.018707859236747 0.0241590074263513 0.0213195244781673 0.0182302146218717 0.0263829179108143 0.0274873455986381 0.0073195145232603 0.0384260684251785 0.0184962656348944 0.0149487533606589 0.00769764701835811 0.00531221106648445 0.00547352260909975 0.00189010002650321 0.00506636139471084 0.00315564771881327
0.00952847576700151 0.0123227555304766 0.00312630000989884 0.00307238827226684 0.00301563205430284 0.0117323239333928 0.00549970963038504 0.005258335522376 0.0157104342244565 0.016844239179045 0.0151723837479949 0.0165198648348451 0.0176750647835433 0.0160727581009269 0.0152500024065375 0.0170214474201202 0.0213808907195926 0.019642747938633 0.014853856433183 0.0118970505427569 0.00745328413322568 0.011360079376027 0.0114267647266388 0.0221358533017337 0.0176175622269511 0.0169313764199615 0.0156852129846811 0.0163656715303659 0.016354160476476 0.0168085345998406 0.021229126304388 0.01911809919402 0.0133271854370832 0.0848861958831549 0.137840873003006 0.0115830895956606 0.0291127325966954 0.0188062348403037 0.0188598895445466 0.00680458238348365 0.00729574565775692 0.00402872439008206 0.00557536820415407 0.0128561168909073 0.305995149695082 0.00197280739666894
0.00887115197256208 0.0139279193244874 0.00306343564298004 0.00307941440260038 0.00270352837396786 0.00239371234783903 0.00244581459555775 0.00625491854734719 0.0155922254547477 0.0121107577346265 0.0217588153667748 0.0395407147705555 0.0178001240827143 0.0151682675816119 0.0157051799818873 0.0166413011960685 0.0196215439587831 0.0197023826651275 0.020356132928282 0.0583887983113527 0.0101473281159997 0.0262538651004434 0.0197148540057242 0.0230316497385502 0.0186910348013043 0.0182330516166985 0.0266005830839276 0.0173246192745864 0.0254068791866302 0.0971909217536449 0.0836432814598083 0.019675612822175 0.0116530035156757 0.0167329380754381 0.0427073257043958 0.0111387454904616 0.296856741607189 0.0346797075122595 0.0236451300792396 0.00740956263616681 0.00569354395847768 0.00292900602798909 0.00422277797479182 0.00482357342261821 0.0623974596150219 0.0114146805601195
0.01409762352705 0.00812111739069223 0.0132735529914498 0.00579524566419423 0.00287227134685963 0.00226581270107999 0.00277222396107391 0.00253608750645071 0.00246439522597939 0.00265447800047696 0.0128107190132141 0.0153821677900851 0.18039788082242 0.0171801830641925 0.0146179112605751 0.0152569090947509 0.0174203440546989 0.0204461141489446 0.018455511238426 0.0225492919795215 0.0128582093399018 0.00963579383678734 0.0108539851848036 0.0231964643113315 0.0483728056773543 0.0151674410328269 0.0529957365244627 0.0135129774920642 0.126427352428436 0.0220447393134236 0.00938644167035818 0.0496935285627842 0.009755639731884 0.00976798192132264 0.0258386862464249 0.0223370692692697 0.0377823637798429 0.0225243240594864 0.0223254062235355 0.00840706862509251 0.0052680512657389 0.00407421845011413 0.00467729296069592 0.00372333182021976 0.00448712769430131 0.00321163133485243
0.0096499040722847 0.00675769569352269 0.00720631456933916 0.00478204174432903 0.00213992468779907 0.00265670852968469 0.00489322789944708 0.00269976797280833 0.0123692728579044 0.0136199962347746 0.0210545662790537 0.280272500216961 0.361093608289957 0.0188883317634463 0.0141800416633487 0.0152981292456388 0.0156269151717424 0.0152462730184197 0.018121609929949 0.0114873512648046 0.03519431874156 0.079852258041501 0.0623481929302216 0.0244117733091116 0.0122839461546391 0.0668541170656681 0.0338298803195357 0.00724977923091501 0.00789723377674818 0.0154890250880271 0.0194522351492196 0.0112738691736013 0.00975861584302038 0.0310570711269975 0.0115497230552137 0.00483604455366731 0.0106223387178034 0.00759069081395865 0.00676640693563968 0.00565932434983552 0.0048390602460131 0.00334927912335843 0.00383286590222269 0.00444601904600859 0.00129101471975446 0.00153831651841756
