Maxent_result_files_2/B_inexspectatus_2.asc
NCOLS 594 
NROWS 330 
XLLCORNER -15 
YLLCORNER 23 
CELLSIZE 0.166666666666667 
NODATA_value -9999 
[rows 300 to 319 of 330, columns 484 to 527 of 594]
4.50179294397834e-08 1.64548468184478e-09 4.32051061594052e-12 2.55603982424191e-11 1.06392672449829e-13 3.49542617072984e-13 7.87037102156773e-14 5.6843418860808e-15 6.03961325396085e-15 1.36557432028894e-15 7.87148124459236e-15 8.06649191886777e-11 4.39510527971976e-10 7.68538899187377e-11 2.5862851638081e-09 3.29132639920182e-08 2.40754373326268e-08 1.55078042962664e-08 2.81192460538371e-08 1.25348834145722e-07 1.25785065008266e-07 1.44623636399999e-08 5.46168090753696e-09 4.00554108770379e-09 3.95966526234304e-10 9.72080105299256e-10 2.8457234346746e-10 1.29376872548548e-09 1.83730876068822e-09 1.08118494157594e-09 3.81427518458821e-09 3.94604948716903e-10 1.69842806485576e-11 5.08104136542897e-10 3.44109418737304e-10 1.15952247803364e-11 1.78906717218652e-09 2.47423077581743e-09 2.39669531998388e-09 4.30322444344711e-14 3.47721851312599e-14 2.19524898259493e-10 3.72403181625458e-09 1.27393249282903e-09
1.28241499774973e-07 2.68029635153155e-09 2.11728190535609e-11 1.11979842065679e-09 6.91935397867383e-13 5.295763827462e-14 4.42405001521706e-12 1.67088565206086e-14 2.19824158875781e-15 1.13686837721616e-14 1.15463194561016e-15 6.68671784609387e-12 6.83464396189493e-13 9.31842466522781e-09 1.42993663465596e-08 1.71844508178864e-08 1.65445845246026e-08 1.16174676212388e-08 3.79390255877965e-09 1.67751714408304e-08 1.23264301987724e-08 3.84191530811151e-09 4.97637042684573e-11 1.80820214357169e-10 3.48144479911383e-10 4.35564551093393e-10 8.27968027472537e-10 1.37418186829663e-09 2.11593825794054e-09 2.45942819443457e-09 4.119744378972e-09 1.05824016216616e-11 8.59826676524733e-10 1.81095090034944e-09 2.84540662143229e-09 1.56849034871342e-09 1.64324029938712e-09 2.81711542982066e-11 5.66646729538434e-13 1.48861367677e-11 1.61318458591353e-10 3.07522033393681e-09 1.86251691847161e-10 5.31066302045247e-12
6.56976154922439e-08 1.59721934611667e-07 2.02744043775738e-11 9.04437302828853e-11 5.41566791412151e-14 2.76001443921814e-14 3.90798504668055e-15 5.45119505090952e-15 5.01820807130571e-15 2.79554157600614e-14 9.76996261670138e-16 1.73466796482558e-12 4.84146234214222e-10 1.87375066351692e-08 2.16428356680787e-08 3.66582115773895e-09 1.46231965425514e-09 2.00977371855871e-08 7.37306613540767e-09 1.16673830263814e-08 1.29773631840635e-09 6.9651274747784e-10 9.58998436217939e-12 3.8251213307916e-11 3.25700244552252e-10 4.53457493776455e-10 8.92440843447417e-10 1.44061990114963e-09 2.16399282937374e-09 2.84847487819206e-09 2.11383940351695e-09 1.98747567292656e-09 1.63900885086221e-09 1.59370031616035e-09 1.5288378008016e-09 1.53688022308529e-09 2.92672863722032e-10 3.88584053823138e-11 1.50139856103237e-10 1.89322613142195e-10 2.52467812211776e-09 5.08891329076278e-10 1.04928732369558e-11 7.80597808613948e-14
5.43507449046743e-09 1.00274188952199e-09 9.34756716475249e-12 4.58703075523204e-12 4.47860637464714e-11 7.27640170339328e-14 3.27515792264421e-15 3.00870439673417e-15 3.38618022510673e-15 5.82867087928207e-15 6.18394224716212e-15 1.21633170202529e-10 4.1596195377025e-10 7.53687350307786e-09 1.73926745339337e-08 5.12622300163912e-10 1.31447877471658e-08 8.73433194659157e-09 2.9860855343955e-09 4.35343356919304e-09 1.5688783605583e-12 3.61461804931906e-10 3.22514503992011e-10 3.15797898942094e-10 3.28981775155057e-10 5.55463053331096e-10 8.62653593003415e-10 1.23722857514608e-09 1.53061099350538e-09 4.35420455247026e-10 2.28391239254222e-10 1.54688484244048e-12 1.56330504097468e-13 1.16505027847325e-11 4.95831153912718e-11 4.12668177407483e-10 1.74158720778195e-10 4.45863330700291e-09 1.9810554530153e-09 1.11390352497409e-09 4.02485331729707e-09 2.97130098303455e-12 1.79967152291738e-13 2.24931184789057e-14
1.771634650094e-09 1.07821396255758e-10 1.45910283855244e-11 7.05370206688372e-12 8.55537862776146e-13 9.2370555648813e-15 3.93018950717305e-15 3.9190872769268e-15 1.00253139123652e-14 2.76445533131664e-15 6.13873396559939e-12 1.55466468587662e-09 1.3664843978578e-08 1.57580099746646e-08 7.40991934478075e-10 5.40502197443615e-09 4.18689025671881e-09 3.61391027103863e-09 1.92733570214543e-09 8.11198574979244e-10 8.9610097120385e-12 2.86593782039546e-10 3.16014936441178e-10 5.0514489258191e-10 3.47489204077789e-10 5.49474865607635e-10 1.16928265958549e-09 2.27234608907168e-10 5.55496126874999e-10 6.16416457877023e-09 4.52523423177809e-09 2.57827530436572e-09 2.52705634196104e-12 1.17012954881091e-11 8.04136368603992e-10 2.67672376486061e-09 1.54742774149952e-11 1.03633328585317e-09 3.11462300395249e-11 3.58035823211367e-13 1.61191060499277e-12 3.84080545146048e-12 6.3753446966075e-13 4.88498130835069e-16
5.16568926178795e-07 1.51378173329775e-08 4.32966995589368e-12 5.01221286697273e-13 4.82835993409481e-14 6.3504757008559e-15 3.80806497446429e-15 4.37427871702312e-15 2.12385664610792e-14 5.98410210272959e-15 1.77133067102986e-09 1.82829562600517e-10 6.97761061152491e-09 9.39337125860362e-09 4.58861548757739e-10 7.02493689885841e-09 2.62507092729791e-09 4.40525416145476e-10 3.24065951851082e-10 1.847083597184e-11 1.40734091047534e-12 2.84919265958195e-10 3.4277066740529e-10 3.70666486393389e-10 3.60745955330088e-10 5.93948656923971e-10 1.06821329559637e-11 5.00605434883283e-10 5.91394289095604e-10 1.62570833461828e-09 2.2725435755433e-09 2.88429102823784e-09 1.06043190895022e-09 1.5591754221056e-09 2.27334706615068e-11 4.32875957301349e-14 5.2110538106831e-13 3.51133666587344e-10 5.45752332214988e-13 1.44551037806195e-14 5.62994095787417e-14 2.40569897336229e-11 2.05502281858116e-13 3.94129173741931e-15
2.45787148256404e-07 6.62566557174671e-09 9.23194853896803e-13 1.03398400952415e-12 7.71938069021871e-14 4.71844785465692e-15 3.2085445411667e-15 2.56461518688411e-15 1.57429624891847e-14 9.88098491916389e-16 2.28627683451776e-10 2.73698996799965e-10 1.7495977555626e-09 8.25143076088608e-10 7.20741893944776e-09 5.9143782871196e-09 3.95601196245821e-10 1.85830240084783e-12 3.18198101201261e-10 9.41513533803118e-12 1.19472620685457e-10 4.57382554053254e-10 2.20833928921138e-10 5.2007205209037e-10 3.59174079367364e-10 4.2145242851177e-10 9.65314739254097e-10 3.31825245059036e-10 1.59680151323727e-09 2.97741357124792e-09 2.03961857403456e-09 1.78222725466526e-10 2.57568188999358e-11 3.06199510191618e-14 4.82947015711943e-15 1.22124532708767e-16 1.84297022087776e-15 3.99680288865056e-15 3.28626015289046e-15 2.53130849614536e-15 1.46549439250521e-15 2.83106871279415e-15 2.8688162956314e-14 1.93961090522166e-09
7.70880269618246e-09 8.282589836206e-10 3.5352387683929e-12 1.30282451493713e-12 1.36602951172904e-12 6.89448498292222e-15 3.40838468559923e-15 2.34257058195908e-15 2.36477504245158e-15 2.54241072639161e-15 2.76140366128885e-10 1.53670038915976e-09 8.21671064521468e-11 5.2168429576227e-10 4.57204195614125e-09 6.12225011797918e-09 6.17950135506362e-14 3.60680596500629e-11 4.12974510144437e-10 1.84824600069078e-11 3.964406580792e-12 4.02267108512433e-12 3.51830564682132e-11 3.80832920754415e-11 4.48988979329101e-10 8.42075209561699e-10 6.35142383131893e-11 8.64937010902622e-12 6.88398016368552e-10 2.12315720560241e-12 1.26276766820865e-13 1.41153755350842e-13 1.11185838314043e-11 9.61897228535236e-14 3.69504427055745e-13 8.28226376370367e-15 3.33066907387547e-16 2.1538326677728e-15 7.39382999270788e-12 1.03003161555648e-12 1.08024700296028e-14 6.0285110237146e-14 5.97299987248334e-15 2.58248977758058e-13
1.44562610737697e-07 2.89319936341847e-08 4.58550104553979e-09 3.59490215373626e-14 1.8007184632296e-11 7.68274333040608e-15 3.43058914609173e-15 1.3988810110277e-15 4.76285677564192e-15 1.63202784619898e-14 1.66358615771856e-10 4.44510128705389e-10 3.70438646424276e-10 7.57052087685395e-11 4.99839473144803e-09 8.5793837589776e-10 3.93440835466663e-12 1.59736013305434e-10 2.7109965383687e-10 8.1912254756844e-14 5.55111512312578e-17 6.73527900119098e-13 8.10548506091635e-10 2.50411391622407e-10 1.04949084978045e-09 1.08745314975067e-09 1.66533453693773e-16 2.41906494835575e-13 6.14589046321612e-11 1.31518129720121e-11 9.99200722162641e-17 3.70814490224802e-15 9.02611319020252e-15 1.33226762955019e-16 3.91930932153173e-13 8.80243877787734e-11 1.18793863634892e-15 4.10782519111308e-16 1.29873889420651e-13 9.34807786734382e-14 1.40998324127395e-15 5.98665561568623e-13 1.55053081485335e-11 9.25350724934049e-09
8.94141813145843e-08 7.45344366226419e-09 6.87105927710263e-13 8.07687250414801e-13 3.39612116206922e-11 1.0413891970984e-14 2.91988655476416e-15 1.7874590696465e-15 2.31814567541733e-14 6.62759847003258e-12 2.22440954544822e-12 1.46167993708701e-08 4.95501717434621e-10 4.79992712243416e-12 6.07250827400208e-10 4.15444012524802e-10 5.03012786978729e-10 2.14306350443394e-13 2.656763697928e-14 3.3504310437138e-13 1.11022302462516e-17 1.0547118733939e-15 2.95678370676455e-11 3.27268390165614e-10 2.817581723491e-10 1.40043532326217e-13 2.33146835171283e-16 1.86517468137026e-15 4.29656310529936e-15 2.4669155607171e-14 5.55111512312578e-17 8.59756710269721e-14 5.72875080706581e-15 4.32986979603811e-16 6.02767835644613e-12 1.22013510406305e-14 2.22044604925031e-16 2.99760216648792e-16 4.10782519111308e-16 2.25153229393982e-14 2.70894418008538e-15 1.69864122767649e-15 1.10246478612908e-11 1.23974275290095e-10
1.15809994960525e-07 3.16859533056046e-09 9.41397448883663e-10 3.66924766126431e-09 1.50299028778278e-10 1.56170631981922e-12 3.26405569239796e-15 3.44169137633799e-15 1.47448719900467e-13 2.58030485866811e-11 1.4964762762304e-11 1.55277424251921e-10 7.27518656429282e-10 6.80483447368374e-12 2.71419198227818e-10 6.89031474099266e-09 1.22814223235679e-09 3.16014525658659e-09 2.417588351733e-12 1.32057698110088e-11 1.32960309429109e-13 2.22044604925031e-17 1.55431223447522e-16 5.01820807130571e-15 3.12895931386947e-11 1.1607381722456e-13 3.44169137633799e-16 3.5527136788005e-16 4.77395900588817e-15 2.88657986402541e-16 1.4432899320127e-16 1.77635683940025e-16 5.10702591327572e-16 6.21724893790088e-16 5.30842036994272e-13 1.50990331349021e-15 3.21964677141295e-16 8.10462807976364e-16 2.55351295663786e-16 9.32587340685132e-16 2.80886425230165e-15 7.76589903495051e-13 1.23557397091467e-08 6.16163675637438e-11
1.73749056253669e-09 2.75798290427787e-08 2.24963281336699e-10 5.66089544129511e-09 4.05570943495803e-10 7.25286009028991e-10 6.27609075820601e-14 1.01141317543352e-14 4.20774526332934e-15 1.4356660305026e-11 4.07153089021506e-11 5.13585840522524e-12 4.10312783749589e-11 2.8078794844788e-11 3.00262037455923e-12 4.13765722795389e-09 1.19003557452757e-08 7.47253716681939e-09 5.69087615920338e-09 1.62523862146102e-09 1.03355665137528e-09 6.49480469405717e-15 7.7715611723761e-17 8.88178419700125e-17 6.10622663543836e-16 1.57074353523967e-13 5.55111512312578e-16 8.10462807976364e-16 1.55431223447522e-16 1.4432899320127e-16 5.32907051820075e-16 7.66053886991358e-16 1.43218770176645e-15 6.77236045021345e-16 3.44169137633799e-16 1.04360964314765e-15 2.44249065417534e-16 2.55351295663786e-16 4.77395900588817e-16 5.97299987248334e-15 1.45558787245648e-11 8.06329736313671e-10 5.9530271367958e-08 6.5384353820086e-08
1.79392594312766e-07 1.0461662092176e-09 3.94444488183154e-10 2.70988289796659e-07 9.14288147413345e-09 4.50261938844676e-11 4.20274925971853e-13 1.01696429055664e-14 1.4210854715202e-15 1.00586206031039e-14 2.30293561997996e-13 3.7881919823235e-13 2.97742719368443e-11 3.14759329711478e-12 2.15520075119713e-09 5.50770540286294e-13 8.06893361016137e-09 1.46453808635982e-08 1.22079361286609e-08 5.60455004627869e-10 1.47557452923053e-09 4.2647397835438e-10 2.06834549487667e-14 1.33226762955019e-16 1.4432899320127e-16 3.25295346215171e-15 2.55351295663786e-16 2.22044604925031e-16 1.77635683940025e-16 2.77555756156289e-16 4.9960036108132e-16 1.16462395283179e-14 1.45805589824022e-13 4.21884749357559e-16 2.22044604925031e-16 8.88178419700125e-17 1.99840144432528e-16 2.1094237467878e-16 5.58442181386454e-15 3.94617671872766e-13 4.94888789948078e-08 7.21587612995123e-08 4.46790760477711e-07 4.98271193882793e-07
6.87645013153215e-08 7.94897963563024e-08 1.28124637643889e-07 2.34087046790954e-07 2.31143529472178e-07 2.42477304901456e-10 1.0591527654924e-14 8.32667268468867e-15 3.43058914609173e-15 2.08721928629529e-15 1.23345778035855e-14 3.74478226206065e-14 1.59521928999595e-10 7.16000481126855e-11 4.98982299923512e-11 3.19032911200168e-11 4.8685032671969e-10 2.18291859477304e-08 1.19521537778056e-08 3.15040604714767e-09 4.40349423591613e-10 5.64871371899756e-11 1.24366485998451e-09 3.99680288865056e-16 2.1094237467878e-16 1.4432899320127e-16 2.66453525910038e-16 2.99760216648792e-16 2.99760216648792e-16 1.14352971536391e-15 1.11022302462516e-15 6.32827124036339e-16 4.32986979603811e-16 2.99760216648792e-16 3.33066907387547e-16 1.55431223447522e-16 1.55431223447522e-16 3.56381590904675e-15 1.56212820456858e-12 4.16819356807707e-11 5.48714351733537e-09 1.25716716459223e-07 2.81982976990669e-07 6.66372631963341e-08
2.94493095664983e-07 4.91116427336902e-07 4.11361690400014e-07 2.90667658261468e-06 3.77838368811334e-06 1.51390156077902e-08 5.65103519534205e-15 5.36237720893951e-15 4.38538094726937e-15 2.52020626589911e-15 5.18474152499948e-15 6.65467680960319e-14 6.79556411142812e-13 4.90418672338677e-10 3.40344763483103e-10 4.40444569704823e-11 2.50820614278169e-09 2.07507726002198e-08 2.36215302429343e-08 1.92013824840132e-09 1.00633201771672e-09 1.23599770418537e-09 2.91257351570096e-11 3.58213458895307e-13 2.40696351738734e-14 6.43929354282591e-16 3.33066907387547e-16 1.88737914186277e-16 3.5527136788005e-16 1.7430501486615e-15 3.77475828372553e-16 3.99680288865056e-16 2.77555756156289e-16 2.33146835171283e-16 1.66533453693773e-16 2.66453525910038e-16 1.4432899320127e-16 1.96076488379049e-13 9.02100949495832e-11 2.73088373026198e-09 1.03117026029054e-10 2.01284541367919e-08 6.00972096198582e-08 5.20679721005557e-08
2.89077914163993e-06 2.64740075124337e-06 -9999 -9999 -9999 6.92315210715222e-09 2.27162733068553e-13 4.14113188185183e-15 3.5527136788005e-15 2.35700348127921e-14 6.48370246381091e-15 5.295763827462e-15 1.40887301824932e-14 1.12137188423844e-11 2.03991024072536e-09 5.46750311691824e-11 4.62595295402934e-11 2.9343345375743e-08 3.55394845663604e-08 2.27249500883708e-08 1.02056864070832e-09 3.41262976766288e-09 3.57132678985295e-10 2.94555860813617e-08 1.69230185420588e-12 1.22124532708767e-15 4.32986979603811e-16 1.99840144432528e-16 3.21964677141295e-15 3.23074900165921e-15 1.13242748511766e-15 2.36477504245158e-15 8.32667268468867e-16 4.88498130835069e-16 1.0547118733939e-15 2.65787392095262e-14 1.36557432028894e-15 6.49480469405717e-15 8.70356465787481e-09 3.13179067013003e-08 3.21754947352204e-08 5.78522095673328e-08 2.15125890989931e-08 3.63004403536316e-08
-9999 -9999 -9999 -9999 -9999 -9999 1.00104013966984e-10 3.26405569239796e-15 7.13429315624126e-14 1.68531855138099e-14 1.34336985979644e-15 9.82547376793264e-15 1.47004630690617e-13 9.13817655989746e-09 5.50187628789445e-10 1.00294683669233e-10 1.83621140514845e-10 8.80189758634131e-08 1.43930643403678e-08 2.15813474646609e-08 1.85703638022616e-09 7.93979298974179e-09 4.09294346193079e-09 4.57916908835898e-09 2.16826556709293e-13 4.55191440096314e-16 4.32986979603811e-16 3.99680288865056e-16 9.32587340685132e-16 2.28705943072782e-15 8.3011375551223e-14 5.69544411632705e-15 5.55411272529227e-13 7.68252128580116e-13 7.13987757805512e-12 5.73618375021567e-11 2.31149543949982e-12 3.5833939149299e-10 2.20218082325196e-08 2.20781916748791e-08 2.75715380748665e-08 3.66824613240446e-08 4.31795763589093e-08 3.38179425019014e-08
-9999 -9999 -9999 -9999 -9999 -9999 8.38816047732394e-09 1.05201403144406e-12 1.86961557346876e-14 9.13269460056654e-14 3.06421554796543e-15 7.43849426498855e-16 5.57776047571679e-14 1.19050658220488e-11 1.61727307101955e-09 3.37828653940164e-12 1.52151064747308e-08 6.19870196616468e-08 6.74295309255335e-08 5.22381467416011e-08 6.97054677312181e-09 1.27256184145885e-08 1.59863827176032e-08 1.19952126009792e-10 1.12576614696991e-14 4.44089209850063e-16 4.32986979603811e-16 3.99680288865056e-16 5.51780843238703e-15 1.4432899320127e-15 9.10382880192628e-16 1.26565424807268e-15 6.27276008913213e-15 3.6196601271854e-13 4.50750547997814e-15 7.8963835470347e-12 8.89203702780783e-08 4.12356234658073e-07 2.29140554086626e-08 2.72643444043652e-08 2.83396038303074e-08 2.8847778110741e-08 9.75639003697459e-08 4.68408950071719e-08
-9999 -9999 -9999 -9999 -9999 -9999 1.47220124979697e-11 5.39754463346753e-11 9.75934888458596e-11 4.69047023443636e-13 1.93178806284777e-15 1.62092561595273e-15 2.10609307771392e-13 1.2430719786849e-10 4.40296282766539e-09 6.85002257139189e-09 2.86490854928267e-08 1.63199033742512e-07 1.66383832234107e-07 6.58249833862534e-08 1.4685306715112e-08 9.79453140814712e-10 6.10026923419937e-09 9.57012247226885e-15 6.49480469405717e-14 4.9960036108132e-15 4.11892742135933e-15 3.67483821150927e-15 6.21724893790088e-16 4.21884749357559e-16 3.66373598126302e-16 1.96509475358653e-15 3.3850700020821e-14 2.1094237467878e-15 4.63118432492138e-13 2.06805944591437e-09 7.93874577187381e-10 2.28143089087141e-08 2.56808376564166e-08 3.03635040554973e-08 3.45445954619272e-08 3.27435424440914e-08 3.82305387791604e-08 1.7760112728249e-07
-9999 -9999 -9999 -9999 -9999 -9999 -9999 -9999 -9999 8.76034344510224e-08 1.42029544791811e-09 1.34492417203091e-13 1.43003275887565e-11 1.7619815606551e-10 7.97195975899001e-11 1.71904113688282e-07 4.43173132635977e-09 1.28034895641171e-07 3.17499481816697e-08 5.6413064719596e-08 2.03913003149481e-09 2.13536114346269e-09 1.82298620643451e-14 4.32986979603811e-16 6.55031584528842e-16 3.17523785042795e-15 2.58681964737661e-15 2.26485497023532e-14 3.39728245535298e-15 3.44169137633799e-16 1.96509475358653e-15 2.68926703128614e-10 3.14896109188112e-11 7.05647832388578e-09 1.39916333741219e-08 3.04088690117332e-08 2.59597222718178e-08 2.75610695377182e-08 3.54147683956363e-08 8.05825048688646e-08 5.22008444248101e-08 4.02278012012758e-08 1.622875096563e-06 3.72091685296727e-07
