Maxent_result_files_2/B_incertus_3.asc
NCOLS 594 
NROWS 330 
XLLCORNER -15 
YLLCORNER 23 
CELLSIZE 0.166666666666667 
NODATA_value -9999 
[rows 180 to 199 of 330, columns 405 to 449 of 594]
0.000130905100377277 0.000123554741003318 0.000113486687769182 0.000112343981891172 0.00011033197879442 0.000107688258867711 0.000107506405038293 0.000103801421209937 0.000109654128027614 0.000130309976520948 0.000140286012901925 0.000154218002717243 0.000161505669530015 0.000168371224572184 0.000172664970887126 0.000177139598963549 0.000180218467721716 0.000169975049357163 0.000138304768188391 6.55363128316822e-05 0.000182635440432932 0.000171274482272565 0.000151863126666285 6.70368623104878e-05 0.00019112890586257 0.000236551501438953 0.000244937985553406 0.000260961746971589 0.000223196466686204 0.000183110432408284 0.000146490636689123 0.00014381076398422 0.000131504235469038 0.000113747988507384 9.52397866058163e-05 7.16788679710589e-05 5.31244571902789e-05 4.85123608086724e-05 4.51130747023854e-05 4.0461219214194e-05 3.84646220481955e-05 3.74868597646127e-05 5.36774285137653e-05 5.02863003930543e-05 5.15378153068014e-05
0.000131076623074478 0.000124990986660123 0.000114329403731972 0.00010887754651776 0.0001081816979422 0.000109332208376145 0.000100758035114268 9.99723913992057e-05 9.97982213448267e-05 0.000128977552230936 0.000139427402609726 0.000132206794660306 0.000150359361578012 0.00015771512844367 0.000174089716165327 0.000218372848758008 0.000189299510384444 0.000172387065686053 0.000184295315557392 0.000163855868595419 0.000160235980001744 0.0001451363103115 0.000165361441031564 0.00022458237799583 0.000321245938539505 0.000265560892876238 0.000231655791867524 0.000205376528901979 0.000217449017509352 0.000190765869047027 0.000162317375361454 0.000146447219594847 0.000145396081643412 0.000141692056058673 0.000105581574462121 6.46148797386559e-05 5.0129563169321e-05 4.52734309874359e-05 4.09822641813662e-05 4.22078917836188e-05 4.11882736443658e-05 3.90456718378118e-05 6.39902293187333e-05 7.28344050003216e-05 5.91866228205618e-05
0.000135098030295921 0.000126142637600424 0.000134129296930041 0.000109719225292793 0.000115292770351516 0.000120517782488605 0.000100331089197425 0.000102692877771915 0.000105764684849419 0.000102860879633226 0.000108901751809753 0.00012459447098081 0.000143223586928798 0.0001596170666744 0.00016043559226091 0.000205035295221023 0.000198149935749825 0.000176291252137162 0.000181467548100045 0.000144272731995443 0.000142429395054933 0.000153552676056279 0.000190262636169791 0.000242324505234137 0.000194002620992251 0.000172290678165155 0.000179874231980648 0.00018266312617925 0.000161702856712509 0.000178738989052363 0.000195288573740982 0.000194505775289144 0.000172371521330206 0.000140756130713271 8.8554489047965e-05 6.28892146778526e-05 5.06868891534396e-05 4.00621262087952e-05 3.95466455302085e-05 4.10483302403009e-05 4.31641119575943e-05 5.55971444555325e-05 7.69207243138226e-05 7.1298945840681e-05 6.72291778755607e-05
0.000141927053482505 0.000138917336153099 4.28205084972433e-05 4.16463335568551e-05 0.000113606712329783 0.000110464465979021 0.000105029330734396 0.00010099296196131 9.73220587184187e-05 0.000101436737531913 0.000117804726323811 0.000149225434870459 0.00013969898209325 0.000155634442489827 0.000148704798630206 0.000275648868409917 0.00016595132619841 0.000151296112744603 0.000132646414567716 0.000140017158264527 6.14049346040701e-05 0.000204243144253269 0.000236883517936803 0.000217078041168861 0.000188492074084934 0.000144997831375804 0.000139681334985653 0.000133783525234321 0.000135541766212555 0.000154173935879953 0.000163835736020701 0.000147108633245807 0.00015271235461114 0.000108844371425221 8.49718926474452e-05 8.08588836662238e-05 5.3750179358758e-05 4.82848876345088e-05 1.80368992005242e-05 2.31910949423764e-05 2.94586554446141e-05 9.520738167339e-05 8.48674997541821e-05 8.81501917319838e-05 7.56482590077212e-05
5.4797909433546e-05 5.64716663575382e-05 4.96816053782823e-05 3.81675884455035e-05 3.85658800951205e-05 0.000103632335594739 0.000103817065246403 3.84345945349196e-05 0.00010108476417372 0.000100080149059067 0.000101026780612301 4.63430373201845e-05 0.000126436413847841 0.000127053248434095 0.000139257476985222 0.000170428523415467 0.000168902578298002 0.000142972625326365 0.000145346968929516 0.00014515966468025 0.000142084407707443 0.000160512759612175 0.000168550469243201 0.00017356730895699 0.000156678695930168 0.000123972039000364 0.000113526126369834 0.000105905663804151 0.00012021216462017 0.000110244612005772 0.000113175812293775 0.000119416544475826 0.000127228703786386 9.45129788306076e-05 9.22043811442563e-05 7.46572128264233e-05 1.25671792829962e-06 5.60784425033489e-05 6.18265243247151e-05 5.99726470682071e-05 3.08901534481265e-05 8.2864097203128e-05 6.68308566673659e-05 6.65392213704763e-05 6.58921282592928e-05
0.000181842160964152 0.000154524664685596 0.000153364754805807 0.000135706596483942 4.52326388767688e-05 0.000113262626837241 0.000108914970769547 0.000115897590876557 0.000113622878780006 0.000101516124777845 0.00010262694049743 0.00011307613531244 0.000126187623391161 4.14751960306603e-05 0.000137563412863528 0.000130821359198308 0.000132569719426101 0.00014084194044699 0.000140179166191956 0.000143431047035847 0.000133606609597337 0.000133878318592906 0.000127830649580574 0.000130589465697994 0.000126830994122429 0.00012405292945914 0.000115914653724758 0.000105240975972265 0.000114507123362273 0.000115796102909371 0.000108160049421713 4.51396105745516e-05 0.000138862761377823 0.00010694309748942 8.26654653792502e-05 8.02444716100581e-05 1.63627512961284e-06 2.4948662303359e-05 2.66758113866672e-05 8.48006766318576e-05 4.28665096478653e-05 3.7383699145721e-05 8.69775401952211e-05 8.02605401986511e-05 7.8547549128416e-05
4.79977977192902e-05 3.59000649723384e-06 9.95512540612253e-05 6.29321895758039e-05 4.96995938192413e-05 0.000129528141405899 0.000133142653066898 4.95054769999115e-05 0.000120743148727342 4.9630194735073e-05 0.000114261497219559 4.20398783717246e-05 4.49615997240471e-05 5.1291302224854e-05 0.000138516508741304 0.000122723876847886 0.000128741839580471 0.000136691035731928 0.000141330070619006 0.000146607617352856 0.000140850814204896 0.000135251010215143 0.000129027460206999 0.000129217149515171 0.000130188326147618 0.000125447229947895 0.000115699896559818 0.00011453436454758 0.000135381679865532 5.47463315342611e-05 4.68819377601903e-05 0.000128348700673087 0.000136674871464493 0.000107967603253201 8.55261361721205e-05 9.1398314179969e-05 8.31732337246649e-05 8.12848589703208e-05 9.36449410801288e-05 0.000100492684941855 3.83159670491295e-05 0.000121698847215157 0.000105639498360688 8.46188919240376e-05 8.85618152096868e-05
-9999 1.00657887287525e-06 5.11310321599012e-05 6.55409681712626e-05 0.000202808922767872 0.000141706570866518 0.0001346850367554 4.18042526689533e-05 0.000109426806739066 4.06886948439933e-05 2.23896268380486e-05 3.80084101379907e-05 3.49027946867864e-05 0.000107926088094246 0.000131678773323074 0.000134880287805572 0.000122607201046776 0.000131648262322415 0.000127561030240031 0.000125758006470278 0.000123475176951615 0.000126225481653819 0.000119711892330088 0.000121346580272075 0.000117603225226048 0.00011222041430301 0.000117248436436057 0.000121862860396504 0.000129999213095289 0.000161119014956057 0.000178422377211973 0.00016108082345454 0.000140448235470103 0.000116897141560912 0.000108023223583587 0.000105308811907889 0.000104864456079667 9.98804862319957e-05 0.000104280143568758 0.000100611667585326 0.000104903901228681 0.000125311922602123 0.000133587862364948 9.55362105742097e-05 3.86549067115993e-05
-9999 -9999 -9999 5.18883111908508e-05 8.77401738762274e-05 0.00014669067459181 0.000144236475898651 4.1408672950638e-05 3.40225346917578e-05 3.69194900486036e-05 2.35909158618597e-05 3.23766345900367e-05 3.42619992807158e-05 0.00010093511591549 0.00010641215776559 0.000120317513210466 0.000146520062844502 0.000151867991371546 5.65446318432805e-05 5.25575751453289e-05 0.000136829789698822 0.000128180348838214 0.000135154608142329 4.58634953247383e-05 0.000123456427536439 0.00013963641540613 4.34236665569188e-05 3.0416948175116e-05 4.5904714261269e-05 0.000141320171678672 5.54787138753454e-05 0.000142425976810046 0.000116461380093824 0.000126118359912653 3.99802973333863e-05 5.37615076609654e-05 3.95725151975057e-05 0.00011248418231844 0.000120005445205607 0.000120496063027531 4.30652100476436e-05 0.000127767530648271 4.39649453255697e-05 9.08673653611913e-05 3.29886574036209e-05
-9999 -9999 -9999 7.00278320437064e-05 4.31765330176859e-05 5.22802350133134e-05 4.48274477093946e-05 4.10553585425077e-05 3.98815090193239e-05 4.20585416577524e-05 3.95220914469974e-05 0.000104606071545277 0.000100401842064457 9.73292604612652e-05 3.16395483423548e-05 4.42357787505898e-05 5.78123488594429e-05 7.24876988897449e-05 0.000187807144538965 0.000172139887581579 0.000139393504650798 0.000134382813848788 0.000170017638447462 6.91473362167017e-05 0.000206875409639906 0.000208875936368713 0.000225682964082807 0.00019982229496236 0.000197346703498624 0.000197558430954814 0.000176087942236336 0.000149326409155037 0.000139833497087238 0.00014352510261233 0.000129975582240149 0.000132424214098137 0.000124193150259089 0.000125243085494731 0.000121183890587417 0.000117601533565903 4.60963159639505e-05 4.37490047261235e-05 3.73744766875461e-05 0.000107391573692439 3.99982492126583e-05
-9999 -9999 -9999 0.000108080285463075 4.82414970065292e-05 4.54718447144842e-05 0.000174338337092195 4.92382872835151e-05 4.0067428653856e-05 0.000115808009286411 0.000119069117499748 1.1265829812146e-05 3.58939821126114e-05 0.00011184346221853 4.3016937070206e-05 0.000118802586075617 0.000141244938276941 5.89327633861103e-05 0.00014992600408732 0.000147743717388948 0.000146663583291229 0.000173206577164819 7.50806810174254e-05 0.000196015552501194 0.000190081266191555 0.000195469566824613 0.000202583844657056 0.000204409167781705 0.00017963139762287 0.000167175027308986 0.000151492031727685 0.000161636593111325 0.000152935340884142 0.000149079466791591 0.000142897744808579 0.000154985948756803 0.000143388430296909 0.00015988650629879 0.000141540119511774 0.000127540367975598 0.000125413687783293 3.89876458029903e-05 2.97546914225677e-05 0.00010716897668317 4.36434175753675e-05
-9999 -9999 2.89906909500814e-07 0.000196756114019081 6.11671290243976e-05 0.000183391954487888 5.94759270825307e-05 0.000156184036313789 0.00011753915787267 0.000111260931953439 4.51146422165039e-05 3.84097313144594e-05 3.74121768800251e-05 4.4498463103082e-05 0.000138472127582645 3.95467726775678e-05 1.90315310646838e-05 1.94724690118164e-05 5.58012963665533e-05 0.000151808932423592 0.000147657240449917 5.24724777278607e-05 6.43984276393894e-05 6.96735649398761e-05 0.00021103150138515 0.000207755756855477 0.00020801755017601 0.000189196132851066 0.000168804788700072 0.000150815927190706 0.00015426115351147 5.58624120458262e-05 0.000169304750306765 0.000174296551995212 0.00018460435239831 0.000187163615191821 0.000162846985767828 0.00014295272558229 0.00015252878292813 0.000141406508919317 4.7318874294433e-05 4.33677188993897e-05 1.1092185900452e-05 4.2204338387819e-05 5.87030493989005e-05
-9999 -9999 0.000239289660385111 0.000101655355501862 0.0001067085959221 6.37410286799422e-05 6.30624159384752e-05 4.5383872839011e-05 4.82572319924657e-05 0.000125397608280764 0.000132169800053816 0.000132226157438708 0.000122560220188461 0.000122637121967273 1.28074186022786e-05 1.87750306849921e-05 3.05409153043001e-05 5.88714288824121e-05 6.31714670817018e-05 2.30807953357726e-05 0.00017388912892784 5.38143071025843e-05 3.10383936266589e-05 5.52043602510821e-05 6.73897120577749e-05 0.00019392436806811 6.55615294817835e-05 6.42077038719435e-05 2.98366101560532e-05 0.000171901064459234 6.7414532895782e-05 5.67517712624976e-05 0.000187731257756241 0.000194066046969965 0.000205667448608438 0.000196295400382951 0.000189491760102101 4.52177115221275e-05 7.01543296599994e-05 4.66349890302809e-05 3.4438862803654e-05 1.52224782823396e-05 6.82395364037802e-06 0.000109008898652974 4.24744654992537e-05
-9999 -9999 0.000134536681798636 6.21904227955383e-05 1.96857802620798e-05 7.52270047087222e-05 3.12106486489938e-05 1.23982156765123e-05 4.96804172485099e-06 2.38883705605986e-05 8.06577613730042e-06 3.92630973692576e-05 3.74948464923364e-05 3.20971880682919e-05 9.16289626502476e-06 4.42070980852805e-06 9.63806320442018e-06 3.99402592847764e-05 0.000228753659757786 0.000235065759625286 0.000223476883547846 5.66920396522619e-05 4.65613824417233e-05 6.09638571404503e-05 6.44101864963886e-05 0.000252695633389521 6.37096392893e-05 4.87613764562411e-05 7.65991726439097e-05 0.000253500360122416 8.04021239673602e-05 4.08223622798687e-06 0.000234326448116917 0.000223300531797577 0.000229155404667836 0.000221528034307994 7.25996411347296e-05 0.00031116194659262 7.22718783435994e-05 3.13403475189489e-06 1.41563820772461e-06 4.29818871907628e-06 4.45573568867985e-05 5.31854488144745e-05 1.21305090260648e-05
-9999 -9999 8.99613431101898e-05 3.23489417496603e-05 1.23336714750621e-05 8.5662769265582e-06 1.29870431464951e-05 1.19828520581677e-06 1.66834353110268e-08 6.53837498099108e-07 2.08689442282584e-08 2.05943883173632e-06 8.60656635950363e-06 1.97470952571166e-05 5.42610827324097e-05 1.53126842405982e-05 2.71470461257195e-06 1.79769733222201e-05 5.95067687754636e-05 4.53078450846078e-05 6.05562323471531e-05 0.000227701624680776 8.74441084306454e-05 4.10870357882231e-05 3.31453346916533e-05 5.9757971939689e-05 9.48170738411136e-05 4.24470437792479e-05 4.25901383096061e-05 6.08939702942735e-05 9.25288582948269e-05 0.000268197135301307 0.00024860477715265 0.000255400425521657 0.000258808357466478 0.000244985564495437 0.000120010431055562 0.00020204018583172 8.25810465130417e-06 4.14062080067445e-08 2.64915108783015e-07 1.76249396190542e-05 9.8133773644804e-05 1.0688499060052e-05 6.65039343630269e-06
3.50107953181578e-05 6.15304665188887e-05 0.000187462741087074 8.58317258462193e-05 2.2558275099982e-05 4.34144259315872e-06 1.30121878441969e-05 4.87371778801204e-07 2.77825049410652e-08 7.83109869075815e-06 3.4145618144521e-06 1.67438346632132e-08 9.82485224376717e-07 1.32261506678333e-05 5.68016937904758e-05 6.61112991906521e-06 3.93901069628555e-06 4.4445415642258e-05 3.47089544447954e-05 3.15747418426326e-05 1.58643375925749e-05 1.70454247609086e-05 1.96618532299908e-05 2.10076935672987e-05 5.39406682946719e-05 5.5983990750974e-05 8.71863840075093e-05 0.000123429298037081 0.000127174616864068 0.000353488327527884 0.000123743939911947 0.000337559456238523 0.000310243196145166 0.000318744208198041 0.000290830481390003 0.000104919086152222 0.000282266522117425 4.34886636355714e-06 3.35424495179204e-08 3.28112108927137e-08 3.44366660742779e-08 2.71372627480559e-06 8.94497993613186e-06 0.000376118948042858 3.14294561576389e-05
3.22937525197631e-05 1.41966908813629e-05 8.8958561320851e-06 9.48083610410322e-06 4.61591245084492e-06 5.46631065958536e-06 1.15474685458139e-05 1.06627972247253e-06 4.21671511374733e-08 7.29491682136541e-06 9.70675193912029e-06 3.8369560428908e-08 1.53981763673094e-08 1.0954466720392e-07 6.05921758278782e-06 3.06847264823773e-06 1.22039070582503e-07 6.7291348557319e-06 1.21039755640595e-05 3.4031194218187e-06 5.80134953942491e-07 9.31871219336244e-06 1.16118647952135e-05 7.52014263412093e-06 8.17060035842587e-05 0.000156924209295539 0.000476756852003746 0.000463554100133479 0.000428764813113958 0.000400387325498741 0.000126564864331158 0.000392616634781007 0.000351031399623025 0.000343082337349188 0.000341737433336675 0.000196864755707793 0.000491815451823641 1.99298456138308e-06 4.18489561448965e-08 3.24732032486175e-08 2.2463657131766e-06 2.03714645365949e-06 6.56224203339661e-05 0.000467555377690587 2.24037431962643e-05
4.78856589325005e-05 4.24710793595295e-05 2.43946958562447e-05 1.98335202412636e-05 4.97936252941145e-05 4.16977331951784e-05 3.26959332141996e-05 1.0964987029638e-05 2.25022869017266e-05 7.27943263427733e-06 4.0812919792188e-06 1.55994601698239e-06 6.33609462452611e-08 3.47157680096188e-06 1.42310861292572e-05 7.58319778242367e-06 6.16246752542793e-06 2.80932013993151e-05 2.17703203361452e-05 4.37985784742523e-06 4.37582304471107e-06 2.44218378611549e-05 2.88371543774701e-05 5.87525462833582e-05 0.000119177087253775 0.000550358914188109 0.000165149580789148 0.000566626808722503 0.000189965459867381 0.000177489907946438 0.000157999118528096 0.000154891804049839 0.000403257102880161 0.000114650931936922 0.000119150892351172 0.000520718420739286 0.000300659376080148 1.97279810691953e-06 4.33279286782273e-08 3.95136497854942e-08 7.98110858113432e-07 5.37950614987182e-07 0.000125986808779999 0.000535708689130843 6.09057626206777e-05
7.10058853670148e-07 5.34474588698153e-08 1.67514155187121e-06 1.44458040836071e-05 9.01358482224168e-05 2.41995057422173e-05 5.39138848125731e-06 1.08895607354498e-05 0.00014499777025776 2.82517407867999e-05 7.43353352845588e-06 1.47520712062033e-05 3.91114537706017e-05 6.2090156825434e-05 3.70953523088247e-05 1.1937794329242e-05 1.78149068233324e-05 1.36237142442042e-05 2.72857807431137e-05 1.14624789830486e-05 5.02094777061757e-06 1.64557279276778e-05 9.5812939980533e-05 0.000145217885801685 9.93422876490513e-05 0.000221082855568966 0.000198431701574009 0.000152259261449217 0.000146180831507081 4.64138538518455e-05 4.14349845414108e-05 0.000132182896413724 0.000101832142172498 0.000464769004611298 0.000211433984077303 0.00195186560158618 0.000172197370920912 1.04668736877755e-06 4.94849134335951e-08 3.0969538737935e-07 3.30276418925024e-07 2.2839048779133e-05 0.000495148767367937 0.000530889988294803 3.40458603204752e-05
4.41576952159295e-07 6.1175305454686e-08 5.80825455642753e-06 1.90675039220878e-05 4.33289978900575e-05 8.29280827474577e-06 7.44058002965175e-05 0.000608263263711706 0.000534577344660647 0.000174014778895071 0.000441366877930704 0.000115856123738922 5.6081071124936e-05 5.21854735779925e-05 7.37220256269211e-05 7.82701194111724e-05 2.55022026522056e-05 5.6481445483314e-06 2.15851539735468e-06 2.35140018503444e-05 3.86160745620145e-05 9.19030305794877e-06 3.99320908428535e-06 6.6825888279709e-05 0.000676698252209462 0.000215498073521303 0.000112614328827476 2.82005451026635e-05 3.34203126840293e-05 1.62423216885088e-06 4.99699840950107e-08 1.65562531577734e-06 4.88257062443154e-06 3.73553957615513e-05 0.000256541043199832 0.00190851845545694 0.000106245353526901 5.126417283563e-07 5.34497514137478e-08 6.35484022071253e-08 1.46260540077492e-05 0.000524535405565985 0.000503635025233962 0.00050544120313134 5.8412404257524e-06
