Maxent_result_files_2/B_inexspectatus_2.asc
NCOLS 594 
NROWS 330 
XLLCORNER -15 
YLLCORNER 23 
CELLSIZE 0.166666666666667 
NODATA_value -9999 
[rows 60 to 79 of 330, columns 264 to 307 of 594]
3.32569183303377e-10 4.40089744646599e-09 1.93841453999255e-10 1.26065629602046e-08 8.20762844355727e-08 2.5163946917317e-07 6.06994335905497e-09 2.64075772027361e-08 1.86131639212661e-08 1.82534898529596e-08 3.60639393903739e-09 1.28862621462389e-08 4.2504904596008e-09 1.38391533677229e-08 2.95987749754367e-08 9.35095756382509e-10 3.78862763383836e-10 3.07112668629372e-11 5.62944402204835e-10 9.55861821250181e-08 1.77979989537391e-06 1.03003770582921e-06 1.23867810707168e-05 1.50967796024304e-06 1.40952904015279e-07 0.000464719812589465 9.52822774658024e-07 1.00687052974058e-06 1.54942515493417e-06 5.467969704398e-06 2.65222787343422e-07 1.47893398161347e-07 1.92441471247307e-07 7.97930971998539e-06 2.55374333635316e-07 8.574205232037e-07 8.50279814130772e-06 5.2632820143117e-06 8.83676071206096e-09 3.33925098683352e-10 5.7506888140324e-12 2.14116535612874e-10 3.0363156433566e-12 3.85602660912809e-13
2.86197820997813e-10 1.08317423475057e-08 5.6417426508304e-09 4.07751782893762e-08 1.53570486216559e-08 3.47622064245101e-08 2.84755894086608e-08 2.94862048744182e-07 2.23039130020641e-07 2.36969567302125e-09 1.93465463538267e-08 1.45284883013019e-08 7.87900775955919e-08 3.09204357673565e-08 1.71501605217284e-07 5.85457022861391e-09 2.56033778289755e-08 6.158223444519e-08 1.66362367215456e-08 3.13941207430446e-07 1.70645278552151e-07 3.57403407980073e-09 8.35266705911941e-08 4.38227235299848e-07 5.53334426513175e-05 0.00018656770726011 3.81229852735032e-05 3.21464312776243e-05 0.000418576353695244 6.69713266674421e-06 2.53175445985576e-07 0.000264658711239463 0.000782170309685171 0.000270174330216832 4.5929568898373e-06 5.07185096694229e-05 9.67634550761431e-06 2.1290455043399e-08 4.33743818639698e-11 3.27872728966838e-11 1.18670628879158e-11 8.67700356010914e-12 3.80551146150765e-13 3.91831012080957e-13
1.07844825292247e-09 2.47790516993973e-09 2.18672787655194e-08 2.70714743622058e-08 2.77145426608172e-09 1.9942993922939e-10 9.16515149329555e-09 3.69953290446645e-08 8.20428653058869e-07 1.87923815342383e-07 2.38464972324159e-08 1.22076552666606e-07 1.1810253608413e-07 1.63967149635624e-07 1.73619704724182e-08 1.60176529151457e-08 1.95163086003092e-07 6.43667113564561e-07 6.73588672661651e-07 8.10782214588635e-08 7.08426970974507e-08 2.97706271634723e-07 2.89949242304743e-07 7.84691305533158e-07 5.37362864179158e-06 3.66885900540126e-06 3.49603773264207e-08 1.2326016403108e-07 7.25144510038689e-07 1.32385690463366e-06 4.21444966125506e-07 6.7437361028766e-08 0.000394848897121847 5.86065310281825e-07 3.58742555994773e-08 4.23859299103491e-08 1.70349485295596e-08 9.94130555653783e-11 1.2335321653012e-11 6.62889265701239e-10 2.23349253536398e-09 1.85107640326976e-10 6.43385345000525e-13 4.56740201215666e-12
2.24876366083926e-08 5.35623121855622e-08 5.63442278389559e-09 1.55296946191541e-08 1.75561928328349e-09 3.07125892495819e-09 1.42061345020927e-08 5.3970512170487e-09 2.81384016087571e-08 4.09589127725596e-08 1.31084536891812e-08 1.48090663287803e-08 2.84945603779008e-08 1.02293243042784e-07 9.59425972224537e-08 2.3279230143558e-08 3.1170640013567e-08 1.41158844257916e-07 1.37192272293696e-06 2.90299369627434e-06 1.56654619765106e-06 4.93386957742814e-06 1.65842750421419e-08 2.04507693002398e-09 3.4228183557472e-07 1.61017622568593e-09 4.0340153995011e-09 2.53775786940302e-08 2.68561280991619e-09 2.6520605045377e-09 1.82932547998504e-09 1.05693638763338e-07 2.29846993660132e-09 8.56078087307921e-09 2.41285813551428e-10 3.09118131092134e-09 1.34214527269805e-09 1.807609306681e-09 1.77602699213963e-10 1.53795864932249e-12 4.0556447089557e-13 3.19869242204618e-11 5.08469710780446e-11 2.36177377654911e-10
1.90319666470984e-08 1.43839747779317e-08 3.00846295542279e-08 3.07078726669019e-08 1.70650889974588e-08 2.13206523547171e-09 3.95012433873632e-10 6.16946727038936e-10 2.1952782258694e-09 4.50155646092298e-10 2.19924821132089e-08 8.69643845824442e-09 6.5746082134055e-09 6.06767602828739e-10 5.13627764764379e-09 3.46490840463787e-08 4.34565746099125e-07 2.97801262472142e-07 2.59794701196192e-08 2.19560376979455e-07 2.05038350309383e-07 2.09789209284494e-06 3.62916052876194e-08 7.38988263804252e-08 6.61074405328144e-08 2.27865592572485e-07 2.64419640272351e-07 1.76356468761796e-08 1.18517212055469e-07 5.18709997177069e-10 8.99508290075346e-10 1.64841385597025e-07 1.27194895949145e-08 2.90733164987067e-08 4.37146985277082e-10 9.3986048499417e-09 1.60939990223596e-09 1.43568245181136e-08 3.36823889890425e-09 8.49672554537051e-11 2.74681721812442e-11 1.39263600651418e-11 2.02747818534021e-12 1.11500697563827e-11
9.87755723880213e-09 1.40267988335552e-09 7.65478336273162e-10 2.18619988001656e-08 9.63592339253694e-09 5.83475142645895e-09 2.15893431909642e-08 1.37465653304858e-09 1.18058431919366e-09 9.90106264753265e-09 2.64913165182179e-08 2.72796998324054e-08 3.55180247213482e-08 5.42667885072845e-09 8.59269682074171e-09 2.6465948588239e-08 2.8333235874145e-07 9.01161224864389e-07 2.16677873521309e-07 4.30499447041655e-06 0.000180642035593337 -9999 0.00695120226591825 1.8028148014082e-05 8.59795742824687e-08 5.19070827842416e-07 1.3941185606825e-06 1.21382626738775e-07 7.09243453078656e-08 4.06036229083639e-09 2.42111281592017e-06 8.08045820810399e-08 1.59672806865352e-08 5.42908078049464e-08 1.38491506895821e-07 3.15927508487412e-08 4.40569855042483e-08 4.23647992242593e-09 1.70866808035797e-08 1.17643439434545e-09 1.39436541202187e-09 2.90316781725863e-10 8.67504401647068e-11 6.82284673203526e-11
1.16377579795213e-08 2.29242065219459e-08 1.69780827175003e-09 1.25751243862382e-08 2.0700892089387e-08 2.18705684673637e-09 1.08478580562732e-09 1.23679776198315e-08 1.68862127780667e-07 1.71550482819249e-08 6.8710353415824e-07 7.53061456295612e-06 6.08371561194865e-06 8.25487297229088e-07 2.42135133610155e-08 7.63380333357322e-07 2.10680369340244e-06 2.07273742590663e-06 1.26601364325296e-07 4.17698027510571e-07 5.28996251136782e-08 -9999 -9999 -9999 3.32621992242821e-06 2.8119607433652e-07 2.31402215278287e-08 1.27044598152715e-07 4.84968889491455e-09 1.12333246593543e-08 2.65140587418777e-07 3.30373852508448e-07 2.71578567856423e-07 1.5085632554257e-08 1.26840626002434e-08 2.23792556708347e-08 9.40791094028448e-08 1.17874789995476e-07 2.75368655655583e-09 7.71729101733953e-09 5.57931534306277e-10 9.3110929988427e-08 5.32789937723876e-09 1.43271841057668e-09
2.42054869759034e-07 7.35575512722519e-09 3.3941325350284e-08 2.001315974276e-07 1.94912948003889e-09 9.31511547896946e-09 4.29660116374464e-08 2.86912988234356e-06 4.20715387488002e-06 6.75099986913175e-08 1.43196814550439e-07 9.64296240946183e-07 1.11658687164118e-06 4.19293732956127e-08 4.47110584778088e-07 4.1259491225798e-06 2.7185030239707e-05 1.90004328203486e-05 1.85739276275854e-05 4.61270445441642e-05 2.41155783700098e-06 1.34728983913757e-06 4.48505180770553e-05 -9999 -9999 -9999 0.000633977973484434 -9999 -9999 7.66362422521816e-08 6.87505374248332e-06 4.05001287884232e-07 1.85708214250901e-08 2.28536540691771e-08 1.55145239988386e-08 2.87141820320969e-09 3.39267329119153e-08 1.83924657611856e-06 1.20983503992811e-08 2.24387376457358e-09 4.26897150962446e-10 3.06659793669617e-08 6.91384405282491e-10 1.9568520137625e-10
1.03253757055555e-07 1.03240565141327e-07 1.86127081747145e-07 6.64896816715555e-08 8.7123585434945e-08 9.29811169392281e-08 7.44963075449689e-08 1.72310016144372e-07 1.79659301728918e-06 8.32411725149029e-07 2.33014025865508e-06 5.92149566811528e-06 7.76866436904555e-06 1.65916663481536e-06 1.78889485278333e-06 1.45363844152868e-06 2.05406553801524e-06 4.30541772700188e-07 7.36795077935781e-06 7.27745168460636e-07 2.09311539745016e-07 2.88690709449035e-08 9.38374610681691e-08 5.53861239527276e-07 9.35206911947262e-06 -9999 -9999 -9999 -9999 -9999 -9999 -9999 -9999 0.000340365006331922 -9999 0.00126097272004699 1.35571709436455e-07 6.2558264296575e-07 1.45878921675724e-07 9.28024545987505e-08 5.12084705972526e-07 2.81573560023674e-08 3.90478571921093e-08 8.84805269052435e-09
1.1329943294669e-08 1.07727994658191e-07 1.13351086628022e-08 7.22472464076418e-09 7.98715102057201e-08 1.31444341999742e-07 5.61012400424055e-08 4.89311286377969e-08 1.29528706107607e-06 2.10995976715367e-05 3.59738742616855e-05 8.68878450148713e-06 5.20782119401986e-06 4.37805848392259e-06 4.11102191932855e-07 8.07190676610503e-07 9.77230869980694e-07 5.16877323346598e-06 6.30904567593404e-06 1.20032406840664e-05 2.50908584598086e-07 1.3641469275294e-07 7.88086088943096e-08 1.81906453133873e-07 1.21104242836179e-06 1.15523943396978e-06 3.43849827828535e-06 -9999 -9999 -9999 -9999 -9999 -9999 -9999 -9999 -9999 -9999 -9999 0.00163624088745564 3.66332830935789e-05 4.75303317557518e-06 2.52749810751851e-06 2.63997379503778e-06 3.72094376488441e-07
9.21584254465202e-09 8.18071412611587e-08 7.39914695069288e-09 2.53445852305134e-08 9.43783800000375e-09 1.55036762938821e-07 2.67823805288892e-07 4.87260289128155e-07 9.14172577104466e-07 1.72670501285666e-05 1.48999938119232e-05 0.000248389205626154 4.31101483343355e-05 1.86755467199706e-06 4.8413110358414e-07 1.48828539736634e-07 3.442839002048e-05 1.5926225273688e-05 4.06162374189112e-07 1.09761839284239e-08 2.66519663005838e-08 1.00823770754488e-07 3.01260995261288e-08 2.30760040298428e-07 7.91293310764551e-08 1.58266847538613e-06 5.52392017567627e-06 2.17879572925739e-06 3.00745488992504e-06 -9999 -9999 -9999 -9999 -9999 -9999 -9999 -9999 -9999 -9999 -9999 -9999 -9999 -9999 -9999
2.55234692603246e-08 1.11186405749031e-08 8.11981626380742e-10 1.10627014549003e-08 6.72909786558762e-08 4.83046084243099e-09 2.20335939138394e-07 8.33671791045099e-08 1.71838390961021e-07 7.06334330380365e-07 0.000281227093364578 6.8357314557943e-05 0.00013577147074102 8.38191104612918e-06 8.87962100626361e-08 1.01334393043384e-07 1.25555592729309e-06 9.82701944929332e-07 3.8581205662469e-07 1.15066138739461e-07 2.6289699728288e-08 4.30418963026646e-08 1.30191159630755e-06 2.63620437862544e-06 7.9060304547518e-08 1.83471734516161e-07 1.31446719486838e-07 1.93688391070257e-07 1.72180478763551e-08 3.45850252003732e-07 3.13482542368959e-08 3.56094384690309e-07 1.96079981691355e-06 -9999 -9999 -9999 -9999 -9999 -9999 -9999 -9999 -9999 -9999 -9999
9.62659116643394e-08 1.42264832980743e-07 1.12870790602848e-08 4.7375531276872e-07 5.05858429356021e-07 2.82442870258581e-07 3.43914756006924e-08 5.04913499899118e-10 8.54150907780848e-09 1.27900479540699e-08 1.19408042265068e-07 1.40660578432872e-05 2.76658237325478e-05 1.25398693398893e-05 1.08123402378091e-06 3.14544209245593e-07 4.44099737606507e-07 1.09674329455967e-06 7.46488940661649e-09 1.07655643066806e-08 8.19197721879661e-09 2.09255352445759e-07 1.64731890484049e-07 1.62296102388382e-06 2.75775437783565e-06 1.13444102889382e-07 1.8983188214694e-07 1.15218614726853e-07 1.18232206780533e-07 2.51533637696255e-08 1.18106856028533e-07 2.17474868113854e-07 4.69527304147732e-08 5.17925039522638e-09 -9999 -9999 -9999 -9999 -9999 -9999 -9999 -9999 -9999 -9999
1.12338219393493e-07 1.61204424475869e-08 1.01768890969911e-07 9.89157070696578e-09 1.11551495818318e-08 6.19752293928855e-10 6.68138455672818e-09 6.81036324001738e-09 1.3035692114638e-08 4.58592275265346e-09 1.39773525220654e-07 1.45996175482388e-08 6.44717674802564e-09 2.59889862819218e-07 1.63622316762257e-07 1.28672251875628e-06 9.65289771556854e-05 1.27327520203835e-05 3.05883723058287e-05 1.01315464391405e-06 2.10326215510648e-07 5.98798208018003e-08 2.77707251479242e-06 1.99379586396375e-08 9.86750642750778e-08 1.70780687043237e-06 4.39273262209383e-08 1.43732341695291e-07 5.18116124950119e-06 1.71492382178284e-06 2.94657944488463e-08 2.68453648200051e-09 2.7143417125064e-08 4.97295319146218e-08 6.69794516383604e-07 -9999 -9999 -9999 -9999 -9999 -9999 -9999 -9999 -9999
4.00180360760061e-07 2.07769433868688e-07 1.13821770453271e-08 2.22516938097606e-08 7.70504717806375e-09 6.13026334139732e-09 7.23176889483312e-09 3.89638462605646e-09 2.7120615622156e-07 2.34937585952277e-07 1.19696596345698e-07 2.39253972655895e-06 4.67517003999163e-09 1.03632056380754e-08 3.30356997535475e-08 8.65217093526382e-09 1.13507490209219e-06 8.27106583112247e-08 1.2266257488136e-05 4.12780385943279e-06 1.40753273192296e-07 1.29709142967505e-06 2.33921652692537e-07 8.44373687769462e-07 1.45605796397774e-07 4.99379162577363e-08 3.59817137107754e-07 9.08708473468245e-07 9.62323193576253e-08 1.74410323960927e-09 2.70665951651594e-08 5.5053654468562e-08 5.63058550007156e-08 1.34405266725146e-06 -9999 -9999 -9999 -9999 -9999 -9999 -9999 -9999 -9999 -9999
1.43255803330966e-08 1.06370884211948e-08 1.33652579115129e-08 8.36527807024368e-09 8.14295679774091e-09 1.35582674198886e-08 2.80252422046878e-08 1.34733478152071e-08 1.45824202157918e-07 7.28921081316614e-07 2.45076603133665e-07 3.5556493971356e-08 1.13700019288565e-08 8.09840652871152e-08 4.49943750258086e-08 1.34306872068279e-08 3.26478754142379e-08 4.65209885280871e-08 1.549035741788e-07 3.16106114039982e-06 3.58535535127658e-07 1.02687673845026e-05 1.98824719417345e-06 4.53349588367402e-06 2.46256983382764e-07 9.20085801947579e-07 1.46207689255551e-07 1.88018776459131e-07 9.95627069855232e-07 4.15270639986254e-08 4.39962438925079e-08 9.44347085085617e-08 6.03651602482103e-07 -9999 -9999 -9999 -9999 -9999 -9999 -9999 -9999 -9999 -9999 -9999
1.09087294763999e-07 3.50091385215023e-08 2.68716355944498e-08 1.47940387607015e-08 1.05028214458791e-08 1.03845854804163e-08 1.25314772347895e-07 3.23617514230712e-07 6.26973728579117e-07 2.18821092679011e-07 2.38944460217994e-08 4.06691106102919e-07 1.54585577456512e-06 3.15723320287731e-07 1.5084126436804e-07 3.49854066716837e-08 1.93743923793122e-08 2.21400129563065e-07 8.45955275607935e-08 9.59747724416094e-07 5.27638293978949e-07 3.17762678281319e-08 1.72197326673285e-06 2.12560622951941e-06 1.75671708300129e-06 2.15948888615536e-07 6.28287366311042e-07 4.63058210371514e-06 3.46078204871425e-07 8.44745528416624e-08 1.08390279440762e-07 1.57904381592466e-07 1.09876681753107e-07 -9999 -9999 -9999 -9999 -9999 -9999 -9999 -9999 -9999 -9999 -9999
8.67391239500748e-08 3.9147246971849e-07 1.44719034333995e-07 2.17699512639058e-08 3.47393724564604e-08 5.16404221939659e-08 2.28029259963236e-06 2.71796566506666e-06 3.7344226292646e-06 8.36651268754096e-07 1.96695766078392e-05 5.13982455832007e-06 6.44129259264048e-06 4.836791178775e-06 2.90447951005746e-06 2.42176053120602e-05 7.12820341797205e-07 8.09693032621794e-09 2.86232384882901e-07 3.66211983493514e-07 1.91176259711767e-08 7.58414368640104e-08 1.45114012251035e-08 1.51973035156239e-08 4.25231344358679e-08 8.33666375044118e-07 4.06448415128935e-06 6.0140227514438e-06 3.63055393504119e-07 5.39942470423327e-07 7.54844007966327e-07 1.27086926005049e-07 2.01095759289061e-07 4.09566753756252e-07 -9999 -9999 -9999 -9999 -9999 0.0185652283835225 7.52965707079056e-05 -9999 -9999 -9999
7.51298766088482e-07 2.59281499381814e-08 2.65814408151321e-08 6.09859298728033e-08 5.04741198970038e-07 1.0808203943391e-06 1.14934565313973e-06 2.80146775661905e-06 1.10264493891066e-06 5.14587680511269e-07 6.29110766787733e-06 2.67940420295432e-07 1.2224618977541e-06 2.57751311725229e-06 2.25236124262729e-07 1.63211116577244e-07 2.69114927871072e-06 9.85844737400043e-07 2.49210510383513e-07 7.36166413517481e-07 2.5426526963912e-07 1.35253782396205e-08 2.53695223384476e-08 1.87166546483653e-08 3.225231134385e-08 6.18085999049001e-08 8.76972978680612e-08 1.37410417011541e-07 1.9503255142439e-06 4.19420655617397e-07 3.0590823950627e-07 1.67641468418189e-07 3.92312497687897e-07 7.84161205746869e-08 6.2543130047743e-05 -9999 -9999 -9999 -9999 -9999 -9999 -9999 -9999 -9999
3.59527647986191e-08 3.87671998669514e-07 4.49837757576788e-07 1.364625483391e-07 7.40782568064979e-08 7.18220465434349e-08 6.90280365978069e-08 3.05243236464747e-07 2.50350713582037e-07 4.88454108271696e-07 9.95983425866598e-07 4.63235106717974e-07 1.3058423531831e-06 1.76772942683812e-07 2.30242287235782e-07 3.52264040071049e-07 5.29624754674884e-07 1.87504000259686e-07 2.82043702570789e-07 1.2296457195804e-07 9.00653219204628e-07 1.32645111694529e-07 1.52485067461683e-08 4.08984567834558e-07 1.11517248591042e-07 8.78945186300051e-08 4.39157622711406e-08 2.69525023377515e-07 2.39291360792926e-07 4.93111985577777e-08 1.56261718053941e-06 3.81228319112914e-07 1.61290985323248e-07 2.88943536430608e-07 2.00249443025768e-05 -9999 -9999 -9999 -9999 -9999 -9999 -9999 -9999 -9999
