Maxent_result_files_2/B_inexspectatus_2.asc
NCOLS 594 
NROWS 330 
XLLCORNER -15 
YLLCORNER 23 
CELLSIZE 0.166666666666667 
NODATA_value -9999 
[rows 200 to 219 of 330, columns 528 to 571 of 594]
1.78298406039445e-09 6.00880817325233e-09 1.38632501034408e-09 5.28585064607512e-10 4.29485091935078e-10 7.00631808125962e-10 1.36298814457092e-09 1.46743086570922e-09 1.43151094311733e-09 9.1290859316473e-10 3.79326725585827e-10 3.94587862384554e-10 4.19904944148897e-10 5.27558108309734e-10 5.54857526591235e-10 5.53310530726492e-10 5.26777277354285e-10 5.24967558312994e-10 5.49827805507164e-10 5.17263509802746e-10 5.69440106179542e-10 9.15169462434307e-10 3.37874600520038e-09 2.66353390454555e-09 2.3353579070573e-09 4.34274125549194e-09 1.32505460048726e-08 7.00906355510789e-08 3.74941636072101e-08 2.91689481124457e-08 3.64445865819185e-08 3.56958465097534e-07 1.23049308967893e-05 0.000320711543463403 5.44522157852612e-07 3.41959214367193e-07 4.87806702835769e-06 6.17640467680758e-05 7.19470323019777e-05 0.000682579763906688 0.00135313471691916 0.000781826650199946 0.000210443109881453 0.000165491024307585
1.22626355736344e-09 1.08708538837377e-09 1.6798765045678e-09 3.77880087221172e-09 5.26245683696303e-09 1.53290888316171e-08 2.12732903515089e-08 1.30891711025427e-08 5.90121572718871e-09 3.59135952088252e-09 2.07741456259569e-09 1.28061558024584e-09 6.63048271842825e-10 6.11374439962731e-10 6.29124219386767e-10 6.79912659506954e-10 7.0241348293365e-10 8.49007997238971e-10 1.11483591247463e-09 1.00141676062648e-09 8.83392969885932e-10 8.84411521795414e-10 1.34098839810193e-09 3.18681386834996e-09 5.78071723822404e-09 2.39714418315273e-08 4.45749699928832e-08 1.07960774631266e-07 1.52795989993848e-07 1.57885996387996e-08 2.50224548858924e-09 5.9401340624099e-08 5.27052825560759e-07 7.43507829525925e-07 1.80710456561428e-05 6.99305022862973e-05 0.000100151961487427 4.34184551522776e-05 5.72822175854526e-05 0.000765392316679936 3.94665488272494e-06 1.03603378747152e-06 3.48878809575126e-06 3.22207919452921e-05
3.25664479827736e-09 3.5354502325724e-09 3.98435425763566e-09 4.58770637035144e-09 3.14848236815379e-08 2.00772803315985e-07 5.30923608410561e-08 2.91476060176876e-08 1.54875495983475e-08 2.30070203777188e-08 1.48363501595306e-08 8.88061578718791e-09 5.65629489912567e-09 4.82255669842502e-09 2.3909426327684e-09 1.74252559048682e-09 1.42545257819648e-09 1.05057658128516e-09 1.10790450147391e-09 1.46089832453455e-09 1.29975898932599e-09 9.70636293562421e-10 1.30223790639761e-09 1.04356585595156e-09 1.03938223583455e-09 2.31515510096258e-09 8.28400694707909e-09 6.00600577160826e-08 1.33571828841994e-07 5.35059393902415e-08 4.61192763312468e-08 1.86119359746328e-07 4.06201505995796e-06 1.10414607888742e-05 1.83769958113089e-06 8.67921266767269e-07 6.16615036541646e-07 5.41507952078746e-07 8.00361912567382e-07 6.21501937736468e-07 4.55051803172069e-07 4.70520273410102e-07 1.22609252706241e-07 5.05397882832881e-07
3.13492225512135e-09 3.19561112016586e-09 5.1886665186629e-09 1.04503089626284e-08 1.56747110180433e-08 4.97777116748033e-08 5.36317495192229e-08 4.61096593351584e-08 4.9550683101085e-08 8.25421653360969e-08 1.23921930206272e-07 9.84871923348507e-08 7.16222696817148e-08 4.80322306151137e-08 2.6079022452663e-08 1.9686013397191e-08 1.67325179489808e-08 7.33892431270533e-09 3.91604481064789e-09 1.28462936954676e-09 1.27166218666375e-09 2.4165312861868e-09 2.98805127307844e-09 4.36609044474068e-09 6.33888470602528e-09 5.25307999321711e-09 1.86312436589731e-09 4.39384620909422e-09 3.45342283880612e-08 2.24691681260936e-07 2.3281835524358e-06 5.29953846637454e-06 8.09367919600845e-06 5.36920652471906e-07 1.53678066250329e-07 9.64595799857193e-07 7.58701345127122e-07 6.10532881917258e-08 2.01727630599891e-08 4.11647976594764e-08 5.60627527068647e-08 8.5427188145637e-08 6.01340648498372e-08 2.80413736453156e-08
3.44118824546769e-09 3.63052528040697e-09 5.00105489242841e-09 1.1286041445846e-08 1.35848143179018e-08 8.3399961048336e-09 4.20900493014464e-08 1.37821395251869e-07 2.38583853739982e-07 1.53241192646369e-07 9.87520859863089e-08 7.25939524159891e-08 7.21733542929925e-08 1.28252690401176e-07 1.70441101765562e-07 4.3972655383584e-08 4.07535392210612e-08 2.13725083852978e-08 1.16112746972874e-08 1.87963795639234e-09 2.63350410367735e-09 6.40353002845373e-09 6.92896492404671e-09 6.21401081701833e-09 2.34114625130566e-08 8.19378128014137e-08 5.07940876559587e-07 2.0851115296594e-07 1.09544756354829e-07 6.24948880645348e-07 6.16130088175737e-06 3.87103907968367e-06 1.66074268062033e-06 1.21209941050804e-07 4.45121575265439e-08 1.92394700171405e-08 2.23859805470461e-08 6.30757078345923e-08 5.56381150929042e-08 1.67092286895709e-08 1.73262831415499e-08 2.24183866803784e-08 1.33842884297852e-07 2.97238063051708e-09
7.23218643861045e-09 6.22133123906465e-09 5.30026678102757e-09 5.99162329750769e-09 1.1789039200405e-08 1.38643678981865e-08 5.55611058827843e-08 2.29525832562416e-07 4.02354781048331e-07 3.30017597427457e-07 8.92775809613333e-08 7.87195456042333e-08 1.90769534502699e-08 3.57892732782972e-08 5.33278162628825e-08 4.96148037876232e-08 1.46690547819794e-08 2.20444022813737e-08 6.39594726070669e-09 1.59124218246376e-09 1.35359687902792e-09 7.96825547766389e-09 6.44935271854052e-09 4.39052456613354e-09 1.30734359227169e-08 4.71193941420367e-08 1.93455395547382e-07 1.72004423930616e-06 3.58445482806502e-07 2.35114134312653e-06 9.07359766544324e-08 2.72313782145872e-07 1.36953016827146e-07 3.61415695826484e-07 1.62852685670067e-08 1.7121917872398e-08 1.34608851176665e-08 1.97467382445637e-08 2.20691247609928e-08 4.98058868481088e-08 7.00574932510634e-09 6.88409628191167e-09 6.26858934760222e-09 8.56034225726887e-09
1.37506488417927e-08 1.17448608505377e-08 8.35609360594347e-09 4.79583138757178e-09 3.72038846396805e-09 2.74635712949056e-08 6.866359925084e-08 3.21171472839055e-07 3.94267141778926e-07 6.07199849156359e-07 6.01645170306142e-07 7.46490622427487e-08 4.4480808081282e-08 4.30669024553687e-08 1.25261781169783e-08 6.1064636236452e-09 3.11661705332256e-09 1.87617208435853e-09 1.49509326030639e-09 1.31423818494625e-09 1.21015315546202e-09 4.02171040914112e-09 1.93813304294466e-09 1.18989138764292e-08 2.64014158091186e-08 6.57717846297423e-08 1.03582532506863e-07 1.08618071026356e-07 1.06909958641488e-07 1.78353907720474e-07 2.0008721874909e-07 2.66820181860083e-07 1.96829836607293e-07 1.51706153506126e-07 4.81616641856419e-07 4.54429894780617e-07 2.06145032422e-07 2.55001537552424e-08 4.41365038517105e-08 6.27687518628406e-08 4.95768887165404e-08 1.49509571167883e-08 1.11153896420468e-08 9.71380015313272e-09
1.41716994139784e-08 1.5398848374204e-08 1.08093587525282e-08 1.47022554464193e-08 1.42994828533638e-08 4.97561190360152e-08 7.30568449180957e-08 8.26979168033759e-08 4.30234030668331e-07 6.72303182636114e-07 6.30942539281421e-07 2.98568032697233e-07 6.22113921155965e-08 1.28198067828045e-08 6.79043724582939e-09 2.65671906696241e-09 2.3109829050405e-09 5.39961279022449e-09 1.94415193943698e-09 1.94401761355323e-09 2.38558642839948e-09 8.16660347124909e-09 1.08437707369013e-08 2.106742880148e-09 1.75920356948467e-08 3.24944064289401e-07 2.00763780719981e-06 2.9447294892293e-06 3.10672730847728e-05 0.000402078614388302 0.00229741143702995 0.000865360887837596 4.04771270865467e-06 3.69380697495814e-07 3.3559925025628e-07 4.25766539358108e-07 1.20056076113872e-07 7.71287311129853e-08 1.04768190534177e-07 1.90398903541222e-06 3.63217297945084e-05 9.62472606261144e-05 2.28803544018774e-05 0.000238055061890918
9.65768768290687e-09 8.28152126874926e-09 8.52295363173994e-09 5.4506297841872e-08 1.01743308889013e-08 1.57347371465555e-08 3.23297392967881e-08 5.41753675142864e-08 1.30310101675857e-07 4.28932384366476e-07 4.33656354736911e-07 5.74305726797064e-07 1.2778124201418e-06 1.80521162747027e-05 9.7021041995049e-06 7.19450140351796e-08 1.11652171375098e-07 7.60167173985415e-08 1.82321919783845e-08 1.56852119737039e-08 1.796602735471e-08 1.37750515549762e-08 4.65057014120696e-08 2.06391535362282e-07 0.000336920358495263 0.000885142508195713 0.00309437341638841 0.000657825080270413 0.0144325858447701 0.000945205389507464 0.000367966578050982 0.00361789449234493 7.22464769467024e-06 5.34913572209916e-06 1.0724255491823e-05 7.12656132861866e-07 4.44847812008931e-07 5.75479160147552e-07 0.00459629756514914 0.0179203462321311 0.00859785330831073 0.00406279099406674 0.00101347012387123 0.00047118119764491
6.9165577321062e-08 6.81171147265403e-08 5.91787076231753e-08 6.18915691030786e-08 4.30067600420969e-08 3.90008182193924e-08 5.11285750848245e-08 6.939565563302e-08 1.3917055746715e-07 1.97186688777329e-07 2.18967300824602e-07 6.05854653557003e-07 4.32483099075398e-06 2.46398483341181e-05 0.00012259217146493 0.000650536258763168 3.85198260119068e-05 8.14521897609666e-06 2.24637387020721e-06 1.28604994188208e-05 0.000147270889829088 0.00141891707899049 0.00333545816247351 0.00378615629742853 0.00229892472561914 0.00275938101455977 0.000317938153533248 8.69082817644085e-05 0.000893461174564436 0.001268403683207 0.0196932988241315 0.0120848562452011 0.00282875008706469 2.35267392554306e-05 5.70575264646322e-05 0.000786011472519022 0.000915932961652288 2.52582460689155e-05 0.0111840799218044 0.0249080853536725 0.000188974308548495 2.78030806384777e-05 0.000364923747474677 0.000680072055547498
3.51433637124643e-07 8.91050781159919e-08 1.80665914406575e-07 1.08511603524875e-07 1.25649353055479e-07 1.01427105114738e-07 7.52269355586144e-08 1.26782932829972e-07 1.56262691630715e-07 2.37311280071317e-07 2.66182362040901e-07 5.90503789688057e-07 1.32956553322572e-06 1.89992125285698e-06 1.13751349658742e-05 3.59882501470565e-05 7.17986647941871e-05 0.000108306158654159 0.00727817642036825 0.000158163154264912 0.000277418735640822 0.000506352952834277 1.21129087830241e-05 1.69810338320531e-05 8.17488820167966e-05 0.000292594196644047 0.000474438605806426 0.000103382428187615 7.00077886904182e-05 0.00103260223477264 0.00187028730579186 0.0394076343625784 0.0246667203260586 0.0162512531271204 0.0160934950457886 3.14778910251334e-05 9.71858574416729e-07 3.80965085469143e-06 2.5587251457182e-06 1.73902379401625e-05 1.06809175463241e-05 3.42141476608049e-06 5.19351755201569e-07 1.95151969073493e-07
4.06331495469203e-05 0.000664086428150767 8.27915463560203e-05 1.20779002145355e-05 4.77314760694014e-06 1.14230337544541e-06 2.51755380276109e-06 5.89140967690582e-06 7.30624514062583e-06 7.19117088920029e-05 4.21341323431079e-06 2.91373465302058e-06 2.34874110674355e-05 1.20230669296006e-06 3.35784877734113e-06 6.34932277989719e-06 0.000106621970462584 0.000123690404507215 0.000926872962736525 0.000859881591168232 0.000450991640536813 5.83170654863352e-05 0.000111630353990222 0.000205107477358979 0.00030465926679426 0.00142419246840291 0.00380988740362227 0.000480655787396245 0.00352542381733656 0.00603043807204813 0.000714693363988772 3.48652419006612e-06 7.38684043426474e-06 3.12713012135646e-05 0.000286255266109947 0.00117230355972424 3.61688948942174e-05 9.3860963033876e-06 4.50022429504315e-05 0.000524993831641041 3.15151546146808e-05 0.000464723806362599 4.38508852084851e-05 9.80475179090945e-07
0.000344134755869163 0.000601720444683451 0.00134113132589846 0.00238161855377257 0.00904376700054854 0.00531502072699368 0.00333404487464577 0.0155097319046035 0.000911086314590648 0.000914225872111274 0.000645322288255557 0.00104508659860585 0.0148255323991179 0.000993620211374946 0.0133901613065973 0.000342191667004954 0.00112502996053081 0.00655181359034032 0.000524503162159817 8.01027985289693e-05 5.20646597578889e-05 8.81509480677778e-05 0.000554942818416748 0.000795900414232165 0.00182357256417163 0.00312678056070581 0.00266042484436184 0.00243848957470618 0.00122933763195761 0.00111996734922286 0.00217629881808534 1.39868040150759e-05 3.7163979129673e-06 4.38822833302765e-05 0.000145460418389121 0.000799335290503222 1.64097430797483e-05 2.27458312338058e-05 1.26683320445409e-05 2.06152792657122e-05 0.000206953343877103 0.0303666082210839 0.0132688305107877 0.00617737721186131
0.000286133265763056 6.29224508884363e-05 3.89123794548141e-05 5.50368987433103e-05 0.000782635700306855 0.000481065027270233 0.000323344595017261 9.04733992967977e-06 1.95866472196826e-05 4.7406525030258e-05 5.15133874280593e-05 2.9453129468493e-05 2.09298282243253e-05 4.46296249037914e-05 0.000487103106934228 6.19374648522353e-05 0.000172532283977489 6.34430964055355e-05 1.45667079777922e-05 0.000853702814492863 0.00148145593120717 0.000973690807586536 0.00119063743622974 0.00129614925244823 0.0013940921460744 0.00133894608588889 0.00124054801999591 0.00111465750960633 0.000960962189128622 0.000430567701550899 8.66825615958078e-05 0.000150624386878917 0.000367423917487031 0.00399430774268694 6.91420470843695e-05 1.64728331725428e-05 2.48367945005157e-05 1.73257252868098e-05 5.81219808566402e-06 4.96408920014346e-06 9.16344400394564e-06 4.53281447533982e-05 0.000164625809354213 8.28826751728684e-05
7.32677619339484e-06 1.8515410417308e-06 1.19134153511169e-06 9.21333148085068e-07 1.20880310827687e-07 1.72392342956407e-08 4.5925320379947e-08 4.38463288254809e-07 7.86233524330271e-07 1.82698919957147e-06 4.29533782622116e-06 3.36889679104502e-06 1.25229195873544e-05 0.00105221846315544 0.00026672183375922 0.000118237448259606 5.30346661435033e-05 2.78455996522098e-05 2.23609762542765e-05 0.000176661428486113 9.97833664769132e-05 0.000214139033778338 0.000130693356550182 0.00193893581454176 0.000934091489762068 0.000825620940304361 0.00104774805076886 0.00597673146985471 0.00611021725926548 0.00212955067690928 0.00383966914378107 0.0017101260527852 5.44253303587539e-05 0.00016622342494278 0.000108614536732166 4.92743307731303e-05 2.28221169436438e-05 5.65400245804426e-06 3.57321782745501e-05 2.99242126999388e-05 7.66331007251098e-05 0.000124188041790141 0.000291251327437647 0.000139417709946199
1.03394716859384e-05 5.89241298314391e-06 7.19048656705468e-07 5.96623588222656e-07 3.4448647872054e-07 2.47867529945545e-08 4.78879908527574e-07 4.27554803792418e-06 6.55210965874176e-06 2.21798970017062e-06 1.50542665551257e-06 2.50676444011333e-06 8.11322777281021e-06 2.79521379070502e-05 4.92688743179315e-05 6.89820530169527e-05 8.73574279466993e-05 3.21957376854698e-05 4.23133230242456e-05 7.44477107218699e-05 0.000185045844045817 0.00011738795619749 0.000115522128180601 0.000207279801179538 0.00135310814657714 0.00106842975947075 0.00283667264739051 0.00542190620908514 0.000167772396343935 0.000444426479975846 0.00086473799215625 0.000149503706102505 0.00012374465792544 0.000138988080712321 0.000123208054071489 0.000139465234565073 8.44072454128764e-05 0.000130554441420827 5.49493927639588e-05 0.000140100626958084 0.000131352476415203 0.000375452525686082 7.66982930152538e-05 2.41263210915221e-05
1.06631894368547e-05 1.24133164263185e-05 3.37909185873286e-05 0.000100899140943511 3.54589017774742e-06 6.78336066073371e-06 9.46405009472073e-06 1.62961877663292e-05 1.33512085476184e-07 1.10560924948544e-07 2.02440975094476e-07 2.65505706522617e-06 4.71977925542433e-07 3.45402030887953e-07 3.69660250214565e-06 4.67363715870306e-05 0.000132331350687309 3.7659624558728e-05 1.96548487110704e-05 1.56416751906363e-05 7.08876572730333e-06 5.2855347280456e-05 0.000307576672626864 5.26944859075229e-05 3.26815717357931e-05 5.87051863931265e-05 2.79751426489838e-05 0.000132454976024121 7.87883388998267e-05 3.20495849752245e-05 2.12236222658646e-06 4.0250750273807e-05 0.00025702531621149 5.04853884763179e-05 7.82786801039492e-05 6.48243522846315e-05 7.54502612835495e-05 7.41046319035377e-05 0.000949516180116916 0.0018471613361271 0.000147977421225498 7.88784702429046e-05 0.000242701263242429 6.42306051201191e-05
1.10669723994761e-05 1.72568401069384e-05 8.1122021902047e-05 0.000713512623042334 7.06331319179299e-05 6.1926264925205e-05 3.39693759656257e-05 1.88876896231704e-05 0.000125889628452569 1.43160274319598e-05 0.000119886587390283 1.94384696925454e-06 2.90879644193609e-07 5.43711538725233e-07 1.05356878634666e-06 2.0193896773435e-06 2.76357476991507e-06 2.59435470013614e-06 1.49587073678958e-06 2.27846339555526e-06 2.21812611442829e-06 9.61115382125399e-07 4.60945700098137e-07 6.23830455737107e-07 2.79855577645094e-06 8.96327887858206e-06 5.08407694752577e-06 1.71589614119227e-05 6.60371064640231e-06 4.37017150396457e-06 5.81358688052092e-06 7.8158844707954e-05 3.42055581469936e-05 3.13093496288275e-05 4.12436618887568e-05 0.000110097103838314 0.000161433774205599 7.81290040322347e-05 7.2847825140343e-05 1.81885494384915e-05 0.000104658843338257 0.000324810649671292 0.000895654856122619 0.000391980695012251
0.000281906910822727 0.000608358146564569 1.59307903459194e-05 1.30944180398274e-05 9.80323073918044e-05 0.000435765713154979 4.11585233905498e-05 9.90475207800046e-05 1.52891189827642e-05 9.59422369533058e-06 5.69488473161073e-06 2.44485191842614e-06 1.27848130375696e-06 2.3521772618551e-06 2.90551292891905e-06 1.67730043472147e-06 2.63892061980187e-07 8.14789090952672e-07 4.24488691805891e-06 1.3842866928826e-05 2.51121578571656e-06 1.7031250294508e-06 1.92586653042781e-06 3.897423951571e-06 7.57795590118349e-06 3.80262789402952e-05 1.71168708617664e-05 2.94117547952055e-06 1.21386013418601e-06 1.14912511506304e-06 3.75608416902651e-06 8.78657777150238e-06 1.01177681074205e-05 1.12504510759948e-05 0.000138762485029709 0.000392522343562973 1.7092511438932e-05 1.21785674025432e-06 5.08227967088715e-07 4.02653909548079e-08 4.03544229357067e-06 3.60007501285509e-06 2.94601946961848e-06 2.83588618898989e-07
0.00706644422607496 0.00452650884399191 2.04659325390821e-05 1.20431114055464e-05 3.72728170532355e-06 2.64484404044474e-08 2.54633116814063e-08 2.05052982593656e-07 7.18081935247028e-07 1.40661627483496e-06 8.15463206960132e-09 4.94303774578597e-09 5.12263592655771e-09 1.48959954926475e-08 3.04022303776463e-08 2.75978740749139e-08 1.28056283887901e-07 2.43559776080815e-07 5.6258151985844e-07 1.54292978038484e-06 4.34065641456982e-06 3.60556556131542e-06 3.26039069307171e-06 4.18110027311513e-06 4.08535333633608e-06 6.26081123868971e-06 5.29828820674538e-06 4.65708308107438e-05 0.000102919506817667 5.29239046954899e-05 5.8201353158438e-05 1.21035541532422e-05 1.62199945506813e-05 5.25998026574825e-05 8.26064064312959e-05 6.89209150550596e-06 4.51526093314669e-07 4.81445555089444e-08 6.60375278682679e-08 1.21435409505821e-09 2.47142449838478e-09 5.526975044301e-09 1.70338087301936e-08 1.75559322634911e-10
