Maxent_result_files_2/B_incertus_3.asc
NCOLS 594 
NROWS 330 
XLLCORNER -15 
YLLCORNER 23 
CELLSIZE 0.166666666666667 
NODATA_value -9999 
[rows 40 to 59 of 330, columns 495 to 539 of 594]
4.57827967537128e-07 2.16345832582121e-08 2.31818658158467e-08 7.87870502394483e-08 6.4423576584538e-09 6.88367776113807e-09 1.59958915002534e-09 4.10237492864951e-09 4.48889856397017e-09 9.48601686090456e-09 6.58849547141571e-09 3.4967379458628e-08 2.26989511520337e-08 7.00556944455144e-08 1.40752254207399e-07 1.9740589349837e-07 3.36848277981971e-07 3.49421159206997e-07 3.84634286532126e-08 2.71655418382366e-08 2.7422479520478e-08 3.31599749325839e-08 2.5776709466907e-08 1.51328222286473e-08 6.8662606711456e-09 3.36027213609924e-08 2.12837215496364e-07 1.02298425417757e-05 -9999 -9999 -9999 -9999 -9999 -9999 -9999 -9999 1.17716041359017e-06 2.14017881994266e-07 1.14478576840327e-08 2.11454215470752e-08 6.4875901539807e-09 7.81502786928456e-09 1.16399821892266e-08 1.18109215740958e-09 5.03650274819023e-09
2.5790263240566e-07 5.57446743432166e-08 6.14999085657431e-08 6.0074101115859e-08 4.58203189168671e-08 4.13205710758646e-09 4.7641932732212e-09 1.88638689113674e-09 5.99764238273792e-09 7.26623193836318e-09 1.08616471372613e-10 1.7485803693873e-09 3.4151916894487e-08 4.14743809629137e-08 4.4086605177629e-08 4.44334537164082e-08 3.60112695219073e-08 1.7635479721001e-08 1.57111725851422e-08 8.25578239993518e-08 7.63515551449601e-08 4.07465888696557e-08 8.8058345948383e-09 4.3193799870167e-09 3.11600376612375e-09 1.48014652756601e-09 3.41936035042067e-10 3.77046146526894e-09 1.37467969785199e-08 3.98978384108517e-08 6.43042348968947e-07 -9999 -9999 -9999 -9999 -9999 -9999 1.20737023223683e-06 3.47219935292742e-07 3.02190550360848e-08 1.82690921279871e-09 2.65519469744291e-09 2.21775664499546e-10 2.41329300987303e-10 2.50116616307139e-10
5.74988387924691e-07 9.35276279090402e-08 4.72595464984238e-09 1.29949416560748e-08 2.41985327331662e-09 1.81723166514658e-09 1.8852526206814e-10 1.66523039801802e-10 1.44643275135081e-10 1.31280786241916e-10 1.53742888420183e-09 1.04798869582368e-10 8.17678214026785e-10 1.90320196491456e-08 3.68146690576943e-08 3.40748927851742e-08 1.41134753328664e-08 2.07907653648753e-08 1.4865307729206e-08 4.37661020757929e-09 1.05456416821248e-08 6.16383821760991e-09 1.10123221985781e-08 2.72907780818343e-09 6.6646499430334e-10 2.12183616232764e-09 5.06310182668557e-09 2.96402558053188e-10 2.32590324777959e-10 7.65568188842991e-09 3.68956157892342e-07 -9999 -9999 -9999 -9999 -9999 -9999 -9999 1.61674421292446e-05 3.79936296468486e-07 6.26342558929238e-09 2.27445540179616e-10 4.78730621811252e-10 1.94245841633744e-11 2.07311945388255e-10
8.07077562825498e-07 2.19160551839792e-07 1.26489241125682e-07 2.84123153893034e-09 3.02859994860682e-09 3.17713492181682e-09 1.71471972176818e-09 2.3518089364849e-09 1.46856986571464e-09 1.4137500059519e-10 1.27528620996742e-10 2.07560985066024e-09 1.73999425867599e-08 1.11610654052186e-09 8.33693821755688e-09 7.8096214717327e-09 1.75762838727778e-08 7.96117914925176e-09 1.34231889159508e-08 6.60305453648036e-09 2.35819733740428e-09 3.80079897555063e-09 8.69798436609059e-09 4.59197643243314e-09 6.37320171081868e-09 7.05776648235457e-10 2.65880439886956e-10 1.83649462304203e-10 2.19000121370883e-09 4.9870211404901e-09 1.02478427743691e-07 3.65777988918126e-05 -9999 -9999 -9999 -9999 -9999 -9999 -9999 -9999 1.00252153956149e-06 2.50682338887032e-08 1.7320178624658e-11 3.840887496942e-10 1.71374414659198e-10
1.80043894126847e-08 4.5581476371126e-09 3.47152937507644e-09 1.30654338792446e-08 9.56449714095697e-08 6.47919863316915e-09 8.45725987019819e-09 2.20677298656824e-10 1.90447724257581e-10 1.75612069330811e-10 1.551759609697e-10 1.25695120978264e-10 1.05991138088513e-10 9.69972768771754e-11 8.22198165106869e-10 1.10699291955285e-09 2.10426995828072e-09 1.80070342081784e-08 7.15584003163627e-09 4.64010612155619e-09 5.25361386616296e-09 1.42872584096843e-08 4.92998114332011e-08 1.39813789767906e-08 4.70212888625809e-09 2.4954993627091e-11 2.04323422625663e-09 2.17444651173793e-10 2.9109118449e-10 8.59472304437503e-10 3.00554725440882e-08 -9999 -9999 -9999 -9999 -9999 -9999 -9999 -9999 -9999 -9999 7.66884052483263e-08 4.36639002732164e-10 7.17366421820742e-10 8.82343476060754e-10
4.81116268491455e-08 1.00746188946843e-08 1.33775039312667e-07 4.3910439266881e-07 6.19673492252559e-07 5.66450590100409e-08 1.45350861235904e-08 2.66534561088605e-10 3.60893005479923e-09 1.98297112063983e-10 1.66345048846495e-10 1.43686862408288e-10 1.22164078852904e-10 8.37109670470681e-10 9.17049769455502e-11 9.01916308304607e-10 2.94370471332073e-09 2.05726534474593e-08 1.01659875739735e-08 1.41004330656003e-08 7.458420137052e-09 2.26232784727998e-09 1.8266883117235e-09 1.30315952473481e-09 5.52608384607467e-09 4.94886087665236e-10 3.78080056151475e-10 2.84420265117546e-11 2.53256304816318e-11 4.67907885770558e-09 1.46852346745163e-06 -9999 -9999 -9999 -9999 -9999 -9999 -9999 -9999 -9999 1.68681733612175e-06 1.3342581706155e-09 1.3619383398833e-11 1.30760624550419e-11 1.25689458840839e-11
2.16591834356628e-08 1.78087709579167e-08 8.31671191914296e-08 2.48184158113673e-08 6.04810510562714e-09 3.22858069168319e-09 8.64318235871409e-09 9.38992341659173e-09 6.66312042207906e-09 2.38520292406008e-10 2.01335648153389e-10 1.71159553197242e-10 1.47403278472069e-10 1.21639609496071e-10 2.04805314929502e-09 2.34813870569894e-09 8.20732554140946e-09 7.28943811534322e-08 8.88683688415881e-08 1.19468083292773e-07 9.04368496534857e-08 2.92177233629509e-08 3.82127293141465e-09 4.25290525019051e-10 3.93113475105622e-10 3.89561694014162e-10 3.21799532576605e-09 2.89639312534007e-11 1.38887462197701e-08 3.36681015653539e-06 -9999 -9999 -9999 -9999 -9999 -9999 -9999 -9999 -9999 5.79392082089569e-09 1.44404765922701e-10 1.22467702645679e-11 9.67347202340818e-11 1.1818379608286e-11 1.16022191853915e-11
1.52674950792964e-08 7.83224929357118e-10 6.84548262519513e-10 4.58606218556312e-09 4.80283685599936e-08 7.84262629283106e-08 4.81558523057757e-09 3.00674399822398e-09 2.6447354639636e-09 2.52281906476526e-10 2.26464835773044e-10 1.98902183612404e-10 1.7198947821484e-10 1.4562517858252e-10 1.38987099607135e-10 3.66100615045717e-08 4.43451274918516e-06 5.37606480293107e-06 3.71022619845007e-06 3.86851462224058e-06 4.66919634902752e-06 1.6004645218004e-06 1.95815109726993e-07 1.23114919703404e-08 9.83979658863987e-09 3.62299431566626e-09 2.39693423997878e-09 3.32940774949719e-10 6.50482057107382e-10 7.72687236860747e-08 -9999 -9999 -9999 -9999 -9999 -9999 -9999 -9999 6.73791785699152e-09 1.44473988328286e-11 3.76427256032485e-10 5.70651736975236e-10 1.11146647441274e-11 1.12595932577619e-11 1.14224074643232e-11
1.24378614074772e-09 1.02547265123931e-09 1.0602087796574e-08 1.12406094987527e-08 1.54050416201201e-08 5.4734841103965e-10 4.71643069044347e-10 5.06447792592013e-09 2.70988067541111e-09 2.90116097811932e-10 2.5877432419108e-10 2.44002096305707e-10 2.17494655618822e-10 1.51979563378646e-09 1.61385618202559e-09 8.07924290580075e-08 1.09434382933316e-07 2.18450394484648e-07 1.71481842770049e-07 2.32774917918732e-07 2.99189307817471e-07 7.28485292711412e-07 3.61625489730955e-07 1.83549511478809e-08 4.44791437015368e-09 1.1874581096194e-09 3.97089250370186e-11 2.8740985258402e-09 6.42721675880864e-10 3.78072373852234e-08 1.98721607375774e-05 -9999 -9999 -9999 -9999 -9999 -9999 2.27450274934426e-06 9.67199297319255e-09 1.54374402150381e-11 1.43381528872055e-11 1.36867628341975e-11 1.28833388401972e-11 1.14248166482867e-11 1.8209974639305e-10
2.19782589683248e-08 1.26018641966041e-08 1.02925770129048e-09 9.0382582529358e-10 7.71414354616695e-10 6.70490696297321e-10 2.98800136744326e-08 1.50138195831317e-07 4.85435619923535e-08 1.05015416940191e-07 5.59081531514849e-08 5.35906526932806e-09 1.02262506906925e-08 7.25859364836268e-09 1.86656767486859e-08 1.30730245899713e-06 1.67523123622004e-06 8.48950031695495e-07 8.06449681256538e-08 3.56330152495588e-08 6.50529537082889e-07 5.87190316592157e-08 1.82232687429007e-07 2.93165360432113e-07 1.32210158487744e-08 8.6989939696025e-10 3.91236598673572e-11 3.52113449508806e-11 4.49403514402036e-10 1.63389181073725e-09 4.17181716727555e-06 -9999 -9999 -9999 -9999 -9999 1.70823935548015e-06 1.51939831050107e-08 1.64276503511473e-10 1.42443024042649e-10 3.29943072863159e-10 1.09534514791676e-10 1.26113897103153e-11 1.13434595050421e-11 1.09352749078084e-11
-9999 6.22882287188986e-06 3.46700241493636e-07 3.46992877098273e-07 1.9698744113672e-08 6.94092250341782e-10 6.2899160102603e-09 1.01696469467782e-08 2.64466143562458e-07 3.52234909328786e-07 2.91545826236472e-07 8.23663384164064e-08 1.15273764533796e-08 7.30939555548815e-09 5.60634186630438e-08 7.88303949228464e-08 4.35557460320979e-08 1.59800801480259e-09 1.26977028891417e-10 2.4611623805626e-08 2.91209577563123e-09 1.1219753903724e-09 2.1935523397687e-09 1.36135226425083e-09 4.45124370695993e-10 3.73225050864789e-10 1.50427112988183e-09 3.87926124556515e-10 1.46736064410291e-09 2.09540361395533e-08 -9999 -9999 -9999 -9999 -9999 -9999 -9999 1.5135061721594e-05 6.44527552218221e-08 3.05683193202455e-09 5.16397546945768e-10 1.39233402585148e-11 1.18715814956261e-11 1.07911013458306e-11 1.04862118988081e-11
-9999 -9999 -9999 -9999 3.85686374393401e-07 8.18225686094465e-09 7.86270271113665e-10 5.46396417000494e-09 3.2676646082308e-07 6.33777780478795e-07 4.01075928380123e-07 7.48433495179057e-08 3.4144779237355e-08 3.41699653017002e-09 5.72035774304425e-09 5.9843902500134e-09 5.79802003075614e-09 1.04651173393755e-08 1.20403598202756e-10 1.13172493598768e-10 9.05966857089879e-11 7.79978637233114e-11 6.04013539184933e-10 2.11471827160636e-08 2.04996117747491e-08 8.00005469647758e-09 4.57314541790765e-10 3.42531636388088e-10 4.16599177377464e-09 1.04622764496298e-07 2.10767840371773e-05 -9999 -9999 -9999 -9999 -9999 -9999 -9999 3.29104596943353e-06 1.05642392611571e-09 1.47779455339503e-11 1.33283717396182e-11 1.19440346502131e-11 1.04388164778868e-11 9.53023215899407e-12
-9999 -9999 -9999 -9999 2.2042266778044e-06 2.86151149353486e-07 9.0800923446821e-10 8.15157841227432e-10 8.64648240783694e-09 1.13399588275165e-08 3.78221240104892e-08 1.07708320795652e-07 2.02403538374085e-10 2.79452385676393e-09 2.73254163740688e-10 8.45957043527079e-08 1.43174442168714e-07 1.02709858484928e-07 9.39485141682184e-08 8.09649124189349e-08 9.41038943436112e-09 7.92202525801144e-11 1.96205909297475e-09 1.13601955620268e-09 6.92868218354903e-10 5.36922395433237e-11 8.5559576090688e-10 1.03228232295471e-08 2.02488917189214e-07 7.45302486393484e-07 -9999 -9999 -9999 -9999 -9999 -9999 -9999 -9999 6.34748277050789e-08 2.4683087795907e-10 1.50136902909992e-11 1.31929911439954e-11 9.81871695060477e-11 9.99012317315362e-11 1.03452912902924e-11
-9999 -9999 -9999 -9999 -9999 8.43035286379745e-06 2.61779372756621e-07 1.32247682271824e-07 7.99416563523891e-07 1.96128577600874e-08 5.25833498965511e-10 4.68022588462347e-09 5.43723988055689e-09 5.53214200005314e-09 3.12159844639837e-09 1.61287246491781e-07 2.8208867119961e-08 1.83862436387017e-10 1.56349422297808e-10 1.36879796386324e-10 1.10269460229517e-10 9.95846516360643e-11 7.88584864075403e-11 7.25240201226995e-11 5.69617752965712e-10 6.07199734936614e-11 5.53931811531072e-10 2.87775901997023e-09 1.03046426724873e-08 5.86160854521012e-08 -9999 -9999 -9999 -9999 -9999 -9999 -9999 -9999 -9999 -9999 -9999 -9999 -9999 -9999 -9999
-9999 -9999 -9999 -9999 -9999 -9999 -9999 1.94834455896853e-05 -9999 1.25956895900003e-06 5.31180861784719e-07 4.99232107875613e-08 4.05723203922292e-09 3.49299379420742e-09 3.3387183018263e-10 2.8696682807805e-10 2.28979224470294e-10 1.91667526294737e-10 1.60742463783947e-10 1.1965429536076e-09 1.0966949570701e-10 1.02051644912393e-10 9.35585831030039e-11 8.31368640596963e-11 7.91064325156299e-11 7.36268823686714e-11 3.39047750985699e-09 1.86841891847145e-08 1.34970850163008e-08 3.2023449114682e-08 2.32224028650307e-05 -9999 -9999 -9999 -9999 -9999 -9999 -9999 -9999 -9999 -9999 -9999 -9999 -9999 -9999
-9999 -9999 -9999 -9999 -9999 -9999 -9999 -9999 -9999 3.39864866987227e-06 2.05295987321108e-08 6.14007099608571e-09 5.6829252859103e-09 6.94735966089155e-08 2.09911743276336e-07 1.05477830514289e-07 5.83126104070075e-09 3.66823653341619e-08 1.59575801461642e-09 1.5524779128917e-09 1.53502336397437e-09 1.29803856552257e-10 1.09542275250618e-10 1.02244066546575e-09 8.27808155356991e-11 7.58568652337033e-11 6.56957266365055e-11 6.43431308233744e-11 7.89822354185787e-09 7.86675540265236e-08 2.34667776433106e-08 1.61581870994354e-08 9.80853910732549e-06 -9999 -9999 -9999 -9999 -9999 -9999 -9999 -9999 -9999 2.43381043674162e-05 2.745346142774e-06 3.60453953351936e-09
-9999 -9999 -9999 -9999 -9999 -9999 -9999 -9999 2.58749895010624e-05 1.10567667999106e-07 1.66627527886654e-08 3.26425464791669e-07 6.28127010182666e-08 2.65885759298534e-08 3.03941466661684e-08 3.40720223146462e-09 6.58455375779354e-09 4.81957124431887e-08 9.32431624134367e-09 1.963141427197e-10 1.7121399853437e-10 2.85737318250767e-09 1.0281694828862e-09 1.10943831899135e-10 9.07302788455411e-11 8.21218648638933e-11 1.29251549463305e-09 7.85712273021488e-11 6.93330504120127e-11 6.15954509619598e-11 5.36174848964066e-09 4.99439489765052e-11 3.56575347026933e-10 5.79595108574082e-09 7.00342414727828e-08 1.75548667812109e-05 -9999 -9999 -9999 -9999 -9999 -9999 2.11187700660531e-10 1.98907113002633e-11 1.88156379365978e-11
1.52045094647946e-07 2.93798985495641e-06 3.53166940385563e-05 -9999 -9999 -9999 -9999 2.65070457601269e-06 1.51322079311456e-09 1.44297294113471e-08 9.34668269891858e-08 9.70787090714964e-08 6.71196354051773e-10 1.03082928082365e-08 8.52883730750875e-08 1.25545849449793e-07 2.96166156044109e-09 2.93598223510827e-10 2.57983567841791e-09 3.4179662022904e-08 1.77891283925646e-09 9.89498353254348e-09 4.68111586160447e-08 1.63424566101966e-09 9.77499414744898e-11 8.3965734365421e-11 7.9911111061648e-11 8.92220286541345e-10 7.67067964702051e-11 6.3200389366358e-11 5.80970604957542e-11 4.9579562677593e-11 4.31700786229783e-11 4.35079861027532e-11 1.13562628190067e-09 2.45567294001603e-06 -9999 -9999 -9999 -9999 -9999 2.27202499303303e-06 2.56245136220912e-11 2.14889772642834e-11 1.99435579162355e-11
1.31547213011451e-08 8.44716472325757e-09 4.97810155319911e-09 8.57266607567908e-07 -9999 -9999 2.42880555418878e-06 3.01807543512389e-08 1.54245793915209e-09 2.39996226780725e-08 1.27929053794773e-08 1.19348843696798e-08 7.550726377481e-10 3.44619559666803e-08 1.54767713844706e-07 6.86786909565029e-09 4.07923538281452e-09 5.50808161303706e-09 1.86145580172159e-08 1.0206917477884e-08 2.9166240658185e-07 4.45761007483725e-07 5.3942652522565e-08 1.29864725750828e-08 1.05930408889066e-10 2.06721287643319e-08 2.07059365209261e-09 1.57256565547215e-09 8.63464411082759e-11 6.79908795930828e-11 5.62105917367717e-11 4.95229968144884e-11 4.77251127506406e-11 8.8965004074737e-08 -9999 -9999 -9999 -9999 -9999 -9999 -9999 -9999 4.58139427905735e-06 3.2053120158082e-10 1.85652793138757e-10
7.55518086981155e-09 6.79404268399964e-09 4.10182102728029e-09 3.62365544015475e-08 3.32143609282909e-09 2.76310112568012e-09 2.36980780554674e-09 1.64356602549987e-08 1.89383892346129e-08 2.48283910320168e-07 1.20270252867982e-08 9.48785250365347e-10 8.47112868740396e-10 5.37527754529421e-09 6.00411398377076e-10 3.84749282433816e-09 4.43608727529465e-10 1.21293217247853e-07 8.40402071045077e-08 3.03934972745168e-09 2.41503850517688e-07 1.01443073958762e-06 3.07346202532699e-07 5.82005915816808e-07 4.29882060171138e-08 4.13638582275055e-08 9.47371677773035e-09 8.82238243571365e-09 8.17669154606904e-11 6.95567381470141e-11 6.00059668620645e-11 4.99456587199631e-11 9.99842497684256e-10 -9999 -9999 -9999 -9999 -9999 -9999 -9999 -9999 -9999 -9999 -9999 1.55424824122008e-09
