Maxent_result_files_2/B_incertus_3.asc
NCOLS 594 
NROWS 330 
XLLCORNER -15 
YLLCORNER 23 
CELLSIZE 0.166666666666667 
NODATA_value -9999 
[rows 300 to 319 of 330, columns 135 to 179 of 594]
2.67365624795346e-07 2.66392925019066e-07 2.57245369461589e-07 2.43529997812075e-07 2.34261191534024e-07 2.37198142427619e-07 2.54365180951677e-07 2.86431710760926e-07 2.96936417587545e-07 2.89226988459124e-07 3.06855806286865e-07 3.16273780831544e-07 3.11663451535438e-07 2.99723240904104e-07 3.02436242105575e-07 3.06674232519732e-07 3.20892007643625e-07 3.39938371318738e-07 3.5287284320118e-07 3.56388563538257e-07 3.62516491836384e-07 3.76834997550812e-07 3.8269022728521e-07 3.85755022125345e-07 3.70354929712935e-07 3.64280763920366e-07 3.63609803000209e-07 3.90520743343004e-07 3.97592852041662e-07 3.96372373789866e-07 3.44938986318599e-07 3.4848431130774e-07 3.51180366853221e-07 3.60351772421552e-07 3.71586535041768e-07 3.70433719210084e-07 3.63801175495837e-07 3.5124268584763e-07 3.84397617858578e-07 3.84505032358096e-07 3.7470942042539e-07 3.64980395239911e-07 3.37332308830707e-07 3.07050088677041e-07 3.02468525381627e-07
2.56831355804898e-07 2.55817391281443e-07 2.40759598790774e-07 2.33849821718035e-07 2.32108464859326e-07 2.40008228546973e-07 2.46934510561569e-07 3.85381715899413e-06 2.5690808386214e-07 2.76248259989398e-07 2.27273383357485e-07 2.31721913745986e-07 2.4951310916288e-07 2.62632912539917e-07 2.78715392854068e-07 2.83930963940193e-07 2.97349567579541e-07 2.97722156383795e-07 3.00089984806018e-07 3.24982357335912e-07 3.2390353433831e-07 3.30938479098375e-07 3.25326224914768e-07 3.32844901473894e-07 3.39738003296564e-07 3.47343399487166e-07 3.51875809267987e-07 3.66471259982681e-07 4.04901353079357e-07 3.9698591138837e-07 3.60644299002288e-07 3.37770940705973e-07 3.38560068169347e-07 3.4258540100307e-07 3.61111952107418e-07 3.62248812868504e-07 3.60679229860494e-07 3.38206008443365e-07 3.42301602840323e-07 3.51873577342232e-07 3.91153588519266e-07 3.40950346688906e-07 3.19154707772995e-07 3.11710201472692e-07 3.03185264227679e-07
2.3581537419437e-07 2.33246805558807e-07 2.34989709979594e-07 2.35133586035108e-07 2.32013997392144e-07 2.40018400776698e-07 2.50275515756293e-07 2.70561549453596e-07 2.43455963855332e-07 2.3432762624731e-07 2.28441525851331e-07 2.36632273575843e-07 2.51692769792644e-07 2.6068249560085e-07 2.67920080077033e-07 2.68620875254477e-07 2.64496371682466e-07 2.62338240142324e-07 2.77192231579182e-07 2.93677912099888e-07 2.93897121672604e-07 2.94771401498917e-07 3.04282841301351e-07 3.11608988912138e-07 3.26775929992973e-07 3.35781085558651e-07 3.38908219310596e-07 3.42561839639099e-07 3.70135566318819e-07 3.88576022170017e-07 3.70840709307263e-07 3.22089849458251e-07 3.18261549392407e-07 3.15434904984979e-07 3.17125416970931e-07 3.38513223052672e-07 3.72638105250456e-07 3.33446944433824e-07 3.23860863782333e-07 3.4803646578041e-07 3.77218427605186e-07 3.02444428856852e-07 2.88469084008813e-07 2.95414335016453e-07 2.8778333442947e-07
2.18933994400317e-07 2.22578551101194e-07 2.34478431393459e-07 2.34790784081618e-07 2.31238974357506e-07 2.32994466420333e-07 2.38203669122861e-07 2.56383228758317e-07 2.79290337856786e-07 2.49218868964007e-07 2.39996781203899e-07 2.39162925419478e-07 2.56476082283186e-07 2.67662160424731e-07 2.57120201296868e-07 2.48454135454157e-07 2.3565488995736e-07 2.46721566798946e-07 2.67079107141299e-07 2.78466938263833e-07 2.79835416405749e-07 2.897838366267e-07 3.05992274640676e-07 3.16471457106893e-07 3.22690475640375e-07 3.18209307559325e-07 3.21909394873643e-07 3.24035787757637e-07 3.30530065739687e-07 3.64778218497897e-07 3.79572143749396e-07 3.54706614402733e-07 3.26792570748413e-07 3.17138541516826e-07 3.08954211714063e-07 2.77257037106793e-07 3.09052074354277e-07 2.97780847924312e-07 2.85783282583107e-07 3.21315197227001e-07 3.11911378869656e-07 3.19941106896593e-07 3.53489477256108e-07 3.42775333206369e-07 3.07845131020112e-07
2.15824196814207e-07 2.22932274562826e-07 2.29294287268367e-07 2.23735662030489e-07 2.2733832505395e-07 2.32068169037092e-07 2.34106666918699e-07 2.38547164543856e-07 2.4718349822539e-07 2.53643526215708e-07 2.5485391712543e-07 2.65306460223158e-07 2.69157565213618e-07 2.67528473096856e-07 2.49504406713008e-07 2.30859292960073e-07 2.3801195770945e-07 2.59394252721812e-07 2.69918943718306e-07 2.75464494781108e-07 2.73844666143219e-07 2.87962774780937e-07 3.13073473057202e-07 3.24394292972041e-07 3.27730391480596e-07 3.18954947786665e-07 3.1360035265271e-07 3.16895599195011e-07 3.32243304146385e-07 3.55373946581139e-07 3.57714757803773e-07 3.61340030030632e-07 3.61504114443356e-07 3.43675962799495e-07 3.46686780094974e-07 3.59456059251251e-07 3.57604361178598e-07 3.54897689569533e-07 3.82852034985781e-07 3.90304918418405e-07 3.90126800597912e-07 3.7777193445665e-07 4.64151144086156e-07 3.60379448760551e-07 3.46629277203636e-07
2.07513736993903e-07 2.23249840969331e-07 2.2449487256937e-07 2.21468519745471e-07 2.20222007896176e-07 2.25153859378935e-07 2.31017369078934e-07 2.37177051609638e-07 2.40388435224226e-07 2.41091375463576e-07 2.45119097064261e-07 2.52955538915245e-07 2.63616428508584e-07 2.70875551167116e-07 2.57353897437085e-07 2.44483485545288e-07 2.47791739305114e-07 2.62448083532263e-07 2.71251824046637e-07 2.70274927904879e-07 2.81473270613564e-07 2.95535105931943e-07 3.08723011432921e-07 3.14181208516118e-07 3.1756584060183e-07 3.11965000543424e-07 3.1224980371336e-07 3.19018329131282e-07 3.39251586489731e-07 3.54863283447138e-07 3.56772723686394e-07 3.50041038699178e-07 3.43888107079415e-07 3.36894870811566e-07 3.78165139180986e-07 3.76825397196967e-07 3.8137085708323e-07 3.94380266799388e-07 4.24190728620655e-07 4.24460561287976e-07 2.36829468636124e-07 2.11690313944857e-07 3.69096005614633e-07 3.74891570098512e-07 3.40094516459999e-07
2.12188882497966e-07 2.17624412046646e-07 2.19662620715155e-07 2.19660767242225e-07 2.20734925915345e-07 2.23109511909847e-07 2.40625713088249e-07 2.36267719588845e-07 2.32670532063217e-07 2.38375517713774e-07 2.43441347436146e-07 2.49001654417658e-07 2.58458550361773e-07 2.70737333196713e-07 2.69823610343778e-07 2.71022509945595e-07 2.61127553446983e-07 2.67986774526996e-07 2.71664585549392e-07 2.6985305430216e-07 2.67586602709091e-07 2.80588642376234e-07 2.854496012894e-07 2.9272675774461e-07 3.02381607952817e-07 3.12246138023387e-07 3.1372577697919e-07 3.1767782494585e-07 3.21621797039207e-07 3.57086251956407e-07 3.55217565806143e-07 3.53916719186831e-07 3.48756258761185e-07 3.4240735726776e-07 3.80308613412428e-07 3.79163342123512e-07 3.74031977845579e-07 4.04482257843064e-07 4.21273265038824e-07 4.22538811484241e-07 4.20031027248413e-07 3.16369755992696e-07 3.70970087582023e-07 3.78951901991442e-07 3.37434740715903e-07
2.0891219347785e-07 2.0965703761977e-07 2.1833695074136e-07 2.31044132681379e-07 2.37090435450948e-07 2.37034533112634e-07 2.48215801645912e-07 2.47090392035965e-07 2.30558251934632e-07 2.40147605901075e-07 2.46964388450621e-07 2.48398664293159e-07 2.5352049504157e-07 2.56540522458604e-07 2.70940326563274e-07 2.57039907280987e-07 2.48311356276787e-07 2.48583764228538e-07 2.63324467209003e-07 2.55993209297145e-07 2.53167480479544e-07 2.71465805845583e-07 2.79022954630115e-07 2.94123606203733e-07 3.01792573975668e-07 3.04454486454997e-07 3.10825531535386e-07 3.15678629647653e-07 3.20186807578615e-07 3.50325890219327e-07 3.47048680204853e-07 3.3481207335484e-07 3.43901754262799e-07 3.46686766472537e-07 3.74275748471486e-07 3.82786705377391e-07 3.78921215515859e-07 3.82699651269025e-07 3.83111279178561e-07 3.95062917968314e-07 3.89757583985073e-07 3.8344154117409e-07 3.85622943177566e-07 3.50973065421645e-07 3.42289043819832e-07
2.04094096356577e-07 2.05209125125894e-07 2.10180988691189e-07 2.10296101355034e-07 2.31736663336424e-07 3.02686435837973e-07 2.51550545915524e-07 2.50942759794093e-07 2.51661616657017e-07 2.41151191016087e-07 2.48221760279499e-07 2.53483875622962e-07 2.53935058791566e-07 2.66084699751534e-07 2.52192837402188e-07 2.69507075822961e-07 2.49327760781792e-07 2.50121207578946e-07 2.57749390242257e-07 2.49020457776528e-07 2.52230377151275e-07 2.71832565434949e-07 2.80775504879482e-07 2.90948427272841e-07 2.98016738853324e-07 3.01549606607221e-07 2.83869542716531e-07 2.48910086630971e-07 2.63088731566885e-07 2.28444208205669e-07 2.77901703493733e-07 3.34425832171359e-07 2.81880687036384e-07 3.29865909121097e-07 3.14106148480153e-07 3.49905226570968e-07 3.8363217638171e-07 3.45200496687514e-07 3.45620262531821e-07 3.55717452149573e-07 3.59146055906034e-07 3.60019315626126e-07 3.34265461476857e-07 3.27556901746906e-07 3.20524941332945e-07
2.68656963731129e-07 2.33228540880148e-07 2.29165112383134e-06 1.10828368269367e-06 1.25900417374814e-06 2.46643824053372e-07 2.5187760408496e-07 2.49791379602904e-07 2.50690406133902e-07 2.52153273716527e-07 2.62342429124818e-07 2.5993676751046e-07 2.61832508818838e-07 2.77105605861472e-07 2.656463179318e-07 2.57062261266316e-07 2.47456752910935e-07 2.49269681640296e-07 2.53387171456065e-07 2.518712572952e-07 2.56794565345331e-07 2.75329840815353e-07 2.78558286304076e-07 2.85375983033465e-07 2.91561839582677e-07 2.44429403739588e-07 2.14844915946699e-07 2.17401047197807e-07 2.76906193263926e-07 3.02879156910407e-07 3.55511043459433e-07 3.40371338114487e-07 1.94900250902741e-06 2.06679626054695e-06 2.89625238358848e-07 2.92961800174574e-07 3.24249886440864e-07 3.40831114886697e-07 3.33590375545256e-07 3.25404727585799e-07 3.20934782505056e-07 3.20759971605966e-07 3.21931674229781e-07 3.16388561927283e-07 2.75639388702675e-07
3.0273998841146e-07 2.80867597768353e-07 2.5535859840109e-06 5.49432128433835e-06 2.75231401503095e-07 2.93007005003343e-07 2.98411998411741e-07 1.94602047759451e-06 2.76331612070191e-07 2.83703692149917e-07 2.8429999501256e-07 2.53367234059887e-07 2.63065332828383e-07 2.83739990114551e-07 2.83661605127161e-07 2.45783658781029e-07 2.41323364535972e-07 2.44738234966846e-07 2.49950534958465e-07 2.44228059975704e-07 2.51878585078025e-07 2.71959184838799e-07 2.77534768511334e-07 2.9120961553275e-07 3.01550004211393e-07 2.77199858300659e-07 3.38673307920256e-07 3.92956852557358e-07 3.72404450976749e-07 1.7584409918836e-06 3.41082561539086e-07 3.2466536560305e-07 2.96374426889123e-07 2.89894399918555e-07 2.95853506704358e-07 3.00126901153774e-07 2.96237198571525e-07 2.96196212734579e-07 3.14724637762165e-07 3.20676213116933e-07 3.19709963314541e-07 2.98427376788091e-07 2.76199976667613e-07 2.58782771000998e-07 2.54534158450337e-07
1.29144274444437e-06 3.83330585873587e-07 3.96581145467589e-07 1.60325296700847e-06 3.49165674506935e-07 3.70560986906465e-07 3.80969025259859e-07 3.29808320320701e-07 3.36447899240699e-07 3.34461974937916e-07 2.87348287042466e-07 2.60312118527395e-07 2.72916619226127e-07 2.85219128548508e-07 2.88932734737735e-07 2.63197486527478e-07 2.43470450134176e-07 2.41570229464472e-07 2.42479846479515e-07 2.4393838929937e-07 2.44418368011701e-07 2.57707326267731e-07 2.79194965135954e-07 2.97118606729097e-07 3.18368733898122e-07 3.9391997516125e-07 4.02164024282392e-07 3.71326875214795e-07 3.33117209261324e-07 3.34470801033326e-07 3.09522730479461e-07 2.88550056626313e-07 2.69056168777926e-07 2.95373569902946e-07 3.05177970949533e-07 2.96932891596935e-07 2.78679973375606e-07 2.7031271667699e-07 2.66417696281884e-07 2.67299450540381e-07 2.6529397428865e-07 2.61579122540212e-07 2.56050805380603e-07 2.85017969570145e-07 2.63605150696566e-07
3.99108054094377e-07 2.49170128214793e-06 2.58513960671447e-06 2.26856595747504e-06 4.61412675056838e-07 4.39338781277332e-07 3.89659662891617e-07 3.05243778564446e-07 1.77952906661449e-06 3.54242427258455e-07 2.58932490115882e-07 2.68905485845128e-07 2.83331315886759e-07 2.96135981037171e-07 2.85859873128125e-07 2.61888288599632e-07 2.41097867026419e-07 2.42386564641706e-07 2.38844236943869e-07 2.43956591639005e-07 2.47316718215984e-07 2.55553812433806e-07 2.82485684943712e-07 3.01597382257324e-07 3.56307677418233e-07 4.13449841452085e-07 3.7092091539348e-07 2.77670934711871e-07 2.79805741987271e-07 2.82358610326217e-07 2.82622524172549e-07 2.7564791693635e-07 3.20903098116609e-07 3.15130294115118e-07 3.05664946009809e-07 3.01094370902533e-07 2.9214645204112e-07 2.82918512717334e-07 3.20039137724493e-07 2.9277915398751e-07 2.54044647240992e-07 3.06877933642369e-07 2.53496847135715e-07 2.68214592946681e-07 2.46851274410265e-07
1.79050113645607e-06 1.97784212661034e-06 1.07697278445951e-05 2.06707750427526e-06 4.92273568475365e-07 2.69949903242139e-06 1.91481499017598e-05 7.79535602442039e-06 2.8892828739524e-07 6.73295434436838e-06 3.63771112916744e-06 3.04422261121484e-07 2.92731214290853e-07 2.8055406516847e-07 2.62919784221882e-07 2.49761212023358e-07 2.34460086923072e-07 2.40610107793415e-07 2.44270297478089e-07 2.42172489284265e-07 2.50400530865669e-07 2.53660437743442e-07 2.82623828884443e-07 3.09929215280835e-07 3.78950848867188e-07 3.64149772258404e-07 2.88806180459567e-07 2.61049238270417e-07 2.81283569070201e-07 2.80250777850988e-07 3.03687890501614e-07 2.89776570350231e-07 2.88243518842268e-07 3.02720144473856e-07 3.09185478619689e-07 3.11535959562903e-07 3.08424913730843e-07 2.99114513169219e-07 2.85761507667903e-07 2.77106816048978e-07 2.73503500836103e-07 2.74180512427336e-07 2.72694461134204e-07 2.51728394429218e-07 2.15167764960889e-07
3.84831330257906e-07 4.35696780087813e-07 4.00728751459578e-07 2.72454059035976e-06 2.47948161029576e-06 2.37508831052224e-05 2.09630385716864e-05 6.32546638179576e-06 3.59708831965122e-07 3.36802633260636e-07 3.29738277249358e-07 3.15554378638172e-07 3.01067649155495e-07 2.73476368450876e-07 2.4217081490141e-07 2.39815986158298e-07 2.33471475541425e-07 2.47683704313051e-07 2.63248207410527e-07 2.48520702361699e-07 2.529413732133e-07 2.26206855769018e-07 2.68689528637456e-07 3.34071029894911e-07 3.58514524267939e-07 3.1385355581115e-07 2.9634805870371e-07 2.69793717355693e-07 2.66675761584345e-07 2.84272100548044e-07 2.63760771501698e-07 2.64640603397925e-07 2.2745049353956e-07 2.25646415574765e-07 2.58597775615321e-07 2.85171212099922e-07 2.94142884760262e-07 2.91732607882178e-07 2.8691390336899e-07 2.84764086455613e-07 2.74405314992787e-07 2.57391763824888e-07 2.11232038582754e-07 2.1613072174187e-07 2.08347565944234e-07
4.2574387116856e-07 4.24424685230296e-07 4.72420869968015e-07 4.50333774415501e-07 2.61275715280895e-06 4.32941518735408e-07 4.9263562581503e-07 4.7311815175588e-07 4.64716882464522e-07 4.1466635714027e-07 3.55954455732999e-07 3.46111513771508e-07 3.27540144251515e-07 2.94413773727076e-07 2.5383724756578e-07 2.31417185658778e-07 2.07364874116323e-07 2.46994120900457e-07 2.67588295443932e-07 2.62106773152304e-07 2.32870868988044e-07 2.0281927614052e-07 2.25791167141054e-07 3.21864462005106e-07 3.09094491246498e-07 3.018329285287e-07 2.98432507983559e-07 2.80514482531302e-07 2.69496061511276e-07 3.03445244398404e-07 2.43554569279159e-07 2.35472500542677e-07 2.37171431305416e-07 2.25382367602389e-07 2.19937566692252e-07 2.16174785527823e-07 2.36965627342656e-07 2.44370393431836e-07 2.30172441073595e-07 2.13180778863009e-07 1.87772005288966e-07 1.92502414075868e-07 2.13313834540596e-07 2.05409212339358e-07 2.00082250068068e-07
3.53076201820013e-07 3.91407229836105e-06 2.06205436661833e-05 2.04314627428204e-05 4.27087329422093e-06 5.12839312727387e-07 5.23322692147499e-07 5.2833276017461e-07 5.55678461611198e-07 5.27734100852495e-07 4.85745076539423e-07 4.24988831659867e-07 3.76284785752468e-07 3.40818282773547e-07 2.93158405606508e-07 2.4491505178359e-07 1.93817946692043e-07 2.55118032588264e-07 2.93695663677873e-07 2.31915039594632e-07 2.20926047800329e-07 2.16446763534606e-07 2.21191134108789e-07 2.37131043645533e-07 2.65115312958475e-07 2.8376671908914e-07 3.03803278622894e-07 3.05190439420233e-07 2.77367335288492e-07 2.60373486293819e-07 2.02935743420785e-07 2.16907661410026e-07 2.31204268186236e-07 2.23362658302584e-07 2.20204998024887e-07 2.15717527518589e-07 2.12246125763649e-07 2.08931772649468e-07 2.0541629061066e-07 2.02373941404765e-07 1.8869675650901e-07 2.03254702990652e-07 2.18238671823023e-07 1.96577605682258e-07 2.04245106194545e-07
3.07279248179526e-07 3.38477990311503e-06 4.76231013635697e-05 9.49039218198777e-06 3.83023126930837e-06 4.01615102729735e-07 4.93098133058645e-07 5.89683320617596e-07 6.67260483500076e-07 6.97143065864214e-07 6.63119229915576e-07 6.17275205339052e-07 4.60514069100526e-07 4.00171644543423e-07 3.30027592043702e-07 2.81666493551214e-07 1.98352620195408e-07 3.14564487058355e-07 3.05670954170445e-07 2.38294678667206e-07 1.92187243164277e-07 1.89792910776365e-07 1.92636072970931e-07 2.40241538906893e-07 2.42950892626048e-07 2.36975526479721e-07 3.08515360258887e-07 2.97184783082383e-07 2.30327943762099e-07 2.44988059350248e-07 2.18208330693415e-07 2.1890116237433e-07 2.25460886393858e-07 2.22253440074205e-07 2.17970967397729e-07 2.14168461398767e-07 2.1123176576765e-07 2.07793669759759e-07 2.03935238329844e-07 1.98825837494088e-07 2.2601412970058e-07 2.47195083269425e-07 2.18857684608498e-07 1.91670737370586e-07 2.12344480043924e-07
2.98726768477309e-07 3.31597718283838e-07 3.70957208917222e-07 4.71212508768026e-07 3.64032043864704e-07 3.43808948410906e-07 3.73553247179359e-07 4.20459000516349e-07 4.42523286114938e-07 5.22048430273703e-07 6.38531994712199e-07 7.1583069591874e-07 6.19660351086626e-07 5.24363540033157e-07 3.70492251344778e-07 2.56333905646056e-07 2.68331446506842e-07 3.27250565645976e-07 2.94345265139384e-07 2.26113734946853e-07 1.63387669860349e-07 1.82169574924895e-07 2.0605105723881e-07 2.41647053500493e-07 2.26735756092555e-07 2.18533817164523e-07 2.46553630978141e-07 2.58210314374452e-07 2.5796644979037e-07 2.56586170344075e-07 2.06821601222984e-07 1.91829437334867e-07 2.21954106860434e-07 2.1917558109541e-07 2.14941632459276e-07 2.1250007588014e-07 2.1168328473431e-07 2.06005047853619e-07 2.02482678268723e-07 2.21806590094964e-07 2.50659749201354e-07 2.44775626068172e-07 2.54691942414009e-07 2.13079642774616e-07 2.11691739704367e-07
3.04392885486227e-07 3.33208011293884e-07 3.46038086240785e-07 3.98572855686563e-07 2.83328013295225e-07 2.76219219952356e-07 2.91689259079853e-07 3.26412400430964e-07 3.30542424920033e-07 3.69354099849506e-07 4.21361783520258e-07 4.73241223220011e-07 6.87840024948816e-07 5.46100896248181e-07 4.04647383156487e-07 2.76444668789733e-07 2.38259694651521e-07 3.26676770179279e-07 2.64332302390979e-07 1.89974572273321e-07 1.70793170350958e-07 2.05092680682917e-07 2.06675521430277e-07 1.85276358299902e-07 2.20129797734447e-07 2.16998674895663e-07 2.17070624120019e-07 2.17772893129631e-07 2.20617908108789e-07 1.93138233461898e-07 1.90997046378705e-07 1.7511032917028e-07 1.770753399577e-07 1.76802649931584e-07 1.74555476195604e-07 1.81542466459739e-07 1.91140855632099e-07 2.13266871540441e-07 2.17157085757869e-07 2.49641846072901e-07 2.47028199318322e-07 2.33463113741283e-07 1.90159302781989e-07 1.86944242630549e-07 1.79795720711695e-07
