Maxent_result_files_2/B_incertus_2.asc
NCOLS 594 
NROWS 330 
XLLCORNER -15 
YLLCORNER 23 
CELLSIZE 0.166666666666667 
NODATA_value -9999 
[rows 120 to 139 of 330, columns 225 to 269 of 594]
-9999 -9999 -9999 -9999 -9999 -9999 -9999 -9999 -9999 -9999 -9999 0.0143239228986204 0.00982922336552292 0.000144467314385111 0.000527596350730164 0.000798150595801417 0.000937292634625919 0.00284386827843264 0.000925439895945601 0.00119187067612074 0.000450952523533488 0.00716151022352278 0.00139674939855468 0.00618882670532912 0.000569903079303913 0.00371156937326305 0.0486085828160867 0.00358696993207559 0.000115985503362026 0.000792691625247244 0.00253856680647004 0.00210039260564372 0.0591794529929757 0.118597670644522 0.00320157435489818 0.00103210957895499 0.00193456946290098 0.00118237837014021 0.00175474379211664 0.00232864972495008 0.00119735032931203 0.000976129196351394 0.000944704402354546 0.000937657094618771 0.000503558579657692
-9999 -9999 -9999 -9999 -9999 -9999 -9999 -9999 -9999 -9999 -9999 0.0129410089924932 0.00123288927425165 0.00356399329612032 0.00408582166128326 0.00134966754412744 0.137509386613965 0.000580376396828797 0.000669960037339479 0.00332157492521219 0.000709152476338204 0.00071301844145637 0.000602681603777455 0.00656931716948748 0.00115185673348606 0.000984347081976011 0.0120306608383544 0.00268250597582664 0.00156187605170999 0.000689081747259479 0.000802554264373612 0.000361398680252023 0.00154522836674005 0.000231408735271543 0.00517485064337961 0.00484867672203109 0.000685406262346078 0.000710898128454573 0.000631741451798007 0.000596884076367132 0.000282351032365113 0.00128646686498541 0.000551834706129739 0.000411827008065302 0.000399333460518392
0.0157598251942545 -9999 -9999 -9999 -9999 -9999 -9999 -9999 -9999 -9999 -9999 0.146442137286067 0.000772002374287695 0.00070987685394357 0.000481927084911149 0.00054369094541471 0.00099597742955666 0.00117472573328996 0.000701793184271082 0.000504042259854032 0.00218265937146498 0.000801853579469025 0.000581115845852764 0.000936797274334822 0.00083276497607585 0.000852053734706715 0.0014496280811727 0.00176088215957861 0.00157033077266533 0.000656693898781668 9.196916998917e-05 0.00181924362841528 0.00466544640948996 0.0012103812143323 0.0044620180822676 0.00610585471149534 0.001130663677759 8.65967236677534e-05 0.000594852369977161 0.000622999203187646 0.00531619102694094 0.000611274778202642 0.000170316556614125 0.00242995035368949 0.00792962200939655
0.00132637791684829 0.00116322454268811 0.0292847355827689 -9999 -9999 -9999 -9999 -9999 -9999 -9999 -9999 0.0215822261758149 0.000964787237171549 0.000851666693051811 6.36002522696799e-05 0.00642379623604938 0.000525311913952464 0.000725818052887917 0.00181391171936411 0.000849522392672952 0.000546098442282528 0.000842235311574768 0.00425610915990546 0.000752866904076655 0.000866779871284962 0.008117678493727 0.000715753139957087 0.0369396629277617 0.000684158250805922 0.000722812871390488 0.000211057972046547 0.000895890212268569 0.0020337794412626 0.011072595755104 0.00451632334152237 0.000293466539005749 8.60666768858209e-05 8.97349558727001e-05 0.000658380035019945 0.000787939055589959 0.000749376430758275 0.00594210739945993 0.00748576113255695 0.000356570720032323 0.000648235192056745
0.00410427539609373 0.00235155127884354 0.000843211082974449 0.00911970383021981 -9999 -9999 -9999 -9999 -9999 -9999 -9999 0.0115926049649715 0.000431518022378441 0.000159802815323928 0.000699079506739508 0.00377652302850038 0.00462402174598537 0.000733923556981608 0.0176091587753035 0.0066666781087406 0.0189854985335842 0.00687116500921547 0.00722992306109518 0.00537425500224344 0.000914542659302242 0.00115177835687064 0.00565137259836774 0.0043947218451649 0.000765850115567446 0.0030303994222777 0.00111822536273394 0.000746296675060876 0.000755222752923146 0.0163917194120586 0.00386670022271574 0.00711416769190691 0.000331385499157477 8.04709938165615e-05 0.00069265686761355 0.000724482198711485 0.000400892338075209 0.000527793103537988 0.000470431418216322 0.000407099129370181 0.000546274481894216
0.00152052353951149 0.00180181852483656 0.00189761274377815 0.00546744518214837 0.0179316995665431 -9999 -9999 -9999 -9999 -9999 0.0727682713419199 0.000868845186778344 0.000880664796568453 0.000693775355466641 0.00931911504594609 0.00050333765684627 0.000912076025269926 0.00145887266844511 0.0471887087449431 0.0567861645482481 0.0212408692226745 0.00701543934410438 0.00574235423991922 0.000930382072692737 0.00219722302863374 0.000781755705247633 0.00926583532709628 0.000633093545911834 0.000932735277456231 8.64251824168605e-05 0.00127511825558031 0.0015604793356033 0.000951765986974351 0.00723629377316684 0.000126991902470763 0.000177282528602518 0.000254550725367153 0.000116909846292401 0.000470394028889132 0.00176979115058202 0.000359497691533761 0.000334210979781346 0.00455734898278024 0.00442443287465721 0.000563288266857853
0.00136857770557981 0.00126126616669353 0.00499462024308741 0.00516966453287751 0.00331996238091961 0.000771300677297404 0.0025826396944467 0.0316913484130055 0.000758028026757529 0.00111578103824286 0.00613496194127947 0.00535304375225678 0.000553072246111697 0.00125122774916235 0.00384313823888078 0.000746847962000174 0.00924814634490758 0.0118163333274424 0.0138369805645198 0.0127940507605672 0.0448282973840833 0.00516226120525971 0.00623111412569415 0.00078984192077769 0.00749469781294465 0.000646688541746698 0.000370456706150435 0.000185445741954027 0.000837377461721189 0.000625834827951621 0.00119785167626105 0.00345450907479972 0.000967606161430012 0.000149754619633313 0.0001079930949345 0.0019295439182315 0.00775076429708861 0.00163432145491242 0.000521694666531403 0.000402606239367742 0.000407500071742106 0.000336696905287681 0.00239380191196688 0.00041540272286511 0.0128383617615327
0.00115555021329783 0.0013753689112491 0.00219770158000756 0.00213824921229389 0.0111934724729508 0.00125639066682197 0.00253866648999974 0.00628627760743257 0.00084967016155133 0.00195778921770398 0.00908318618312478 0.000886940750933718 0.00811194078996777 0.0105366201256402 0.000767267668561544 0.00203191112377681 0.00105770384980133 0.00493127144873142 0.027825161034707 0.00656439536833204 0.00424768863304052 0.00588879474380519 0.000712941051460803 0.000124639925343217 0.000176687328712433 0.0193654456641525 0.0267334562726319 0.000157359612057917 0.000967724964721128 0.00216112758498639 0.00369148694444448 0.00558884327765554 0.0001209524612932 0.00168938494753093 0.000110723947545921 0.00048035460349638 0.000630597378039965 7.51288389437832e-05 0.000568375762668438 0.000759348626888823 0.00233157962211408 0.00109957167587709 0.00172647834406234 0.00350424208445475 0.00573158185579814
0.00157271425414365 0.000150611848403059 0.0221085696364753 0.00111551649752073 0.00463793926173821 0.0190697941929102 0.00373227337840945 0.00833036762778647 0.00399779997533187 0.00252275664242916 0.00128509291971568 0.000766637251217617 0.00143414370249957 0.000589984043472214 0.00848645755904727 0.000656755061208969 0.00506069361290429 0.00580436342861503 0.00101937812723918 0.00266156959405635 0.00124798807373736 0.00130330479150871 0.000610022062028293 0.00068669923057314 0.000145806496584555 0.000450559172895737 0.00255778898135759 0.00403098599053919 0.0146914427168667 0.00686254780739546 0.0279233247041702 0.0361531658563763 0.000134056339993549 0.000522903347155079 0.000293561691432842 0.000172485396251432 0.00128697446489241 0.000296851956227329 0.00741336146602407 0.00900844595162198 0.00202896559203509 0.00169418063887861 0.00132569011184387 0.000296884328417946 0.00281955247628503
0.00129290159238735 0.00154290798236616 0.00537320924922824 0.00273955182055943 0.0158980281092226 0.00586088991258293 0.00403541384730488 0.0212577286176384 0.00856654001399875 0.0188688795082271 0.00791427958756685 0.0049171922262758 0.000637272276071599 0.00186848626472056 0.000915429477026919 0.00235183798067737 0.0021842018380994 0.00144590927811805 0.000837517926993314 0.000129239043417329 0.00105710397474468 0.000131709349625453 0.000133359747451323 0.000160472656716593 0.000181773910298944 0.00277048032730818 0.00683683075476438 0.000768854323541746 0.00119705251418054 0.0318202768452466 0.0187810158124194 0.00493566115328576 0.0149554527713917 0.000929460549377836 0.000187869136425434 0.00124332150735427 0.00126457565929741 0.0101898511406034 0.00206200644315686 0.00114052067365265 0.00631005329778418 0.00679950983030722 0.0158190700225532 0.00278635237482376 0.000446530098270159
0.0015247611416271 0.00280061844387092 0.00532718023750931 0.00367774316109717 0.000196110533579485 0.0109193414449692 0.0239932568743825 0.0178215844556689 0.0131718930322677 0.00895984158851206 0.0084582865703851 0.0108425300568342 0.0161862814798951 0.0215568486601114 0.000934829395555425 0.00100766999676125 0.000992638304887805 0.0110010398202576 0.000908039418573026 0.00580553307663649 0.000802374866907485 0.00068138025526423 0.000102024646548671 0.000214367952867178 0.000501035843626596 0.00476862471550703 0.00908487702254206 0.00583683513104916 0.000871832117263693 0.0104629386449233 0.0162804096587934 0.000660994116333313 0.00204546599125024 0.00304595786728896 0.000596086571749765 0.00853311417158693 0.02161347521469 0.0204482240602374 0.000591142688062973 0.0289834790863097 0.0020641275390517 0.00327765444526449 0.00952526065520942 0.000738333375193179 0.0014046480122488
0.00366015530889854 0.00111283071601065 0.00334644063841552 0.00207252273103222 0.00268404114176519 0.0048847773228772 0.0108695356175303 0.00305340441409498 0.0134190649725497 0.0137476744595915 0.0159647919703275 0.020872924849391 0.0174630152061582 0.0172111491672695 0.00206466106465086 0.00411751699866727 0.00180367859138642 0.00122333630861249 0.00459644662332721 0.00113153559505008 0.000802101987937931 0.00149445210117847 0.00701730556902476 0.000147753896817449 0.000607316461537266 0.0817887147888541 0.0123252497811336 0.00108727322221966 0.0334796659299172 0.0244483356946148 0.00816427270474378 0.000580001236812677 0.000866245906217955 0.0170030079083517 0.0492102602031082 0.0149923090822995 0.0032912859111093 0.00976410917937756 0.055647442676127 0.0258816817775369 0.0163246611133218 0.014776358474046 0.000812009729270358 0.0105696765705943 0.00385809116414748
0.00955915730446577 0.0010924980379059 0.00279966678353958 0.000631958751182538 0.118557942286134 0.0103260757867247 0.0224342246539891 0.00614888130221516 0.00940066855400801 0.00365157619817182 0.00844035253394395 0.00168803792039398 0.000997605284646852 0.00620307584758848 0.0731055520474911 0.00722887138836086 0.00184645237459335 0.00316592471208423 0.00357092167250812 0.00789245674386621 0.00267843586625531 0.00185585365106817 0.00100023097184021 0.00530031566740945 0.00584912019548938 0.00425600805319846 0.00110656597826164 0.00114848068333231 0.00628601038479246 0.0124956883490086 0.00314563555293716 0.000740097725065425 0.00117006610817043 0.00460599175421521 0.000471936057147104 0.00170831489376724 0.00116695703618461 0.00961570664076134 0.00174760097288527 0.0631356297060847 0.000623930017172825 0.000804486536799232 0.00149615340633318 0.00842967503704131 0.00795712377876043
0.0220123203471303 0.006567577784881 0.000788136760093039 0.00119188593816943 0.00163337283302099 0.00982675882987678 0.00320275890408084 0.0130521056242287 0.01320268381387 0.00933458148501813 0.0107805884908885 0.00259920556854922 0.000972550878941547 0.00206309198401868 0.00372472958406433 0.00168571338872425 0.000672891311114654 0.00170924858539365 0.00466594691388309 0.00934178998577409 0.0042048754519783 0.00143551692017354 0.000616630369768245 0.00105157882790081 0.0270260245073587 0.0284296858124435 0.00435223586391658 0.0152960776817054 7.57457994041033e-05 0.00225851129507646 0.00311042169341817 0.00144295616191812 0.00363216411788017 0.00100219320738688 0.00323654557578266 0.000891356736246962 0.00710494890809059 0.000189038126700325 0.00265988088212907 0.000311604491434991 0.00230368913034908 0.00127137025410775 0.00155554920202121 0.000661078236589674 0.00251280808297452
0.0107784085441381 0.010109888901934 0.0203469395637512 0.00290260388865136 0.00122492486989358 0.00197660666599404 0.00629231992643327 0.00941281989216805 0.0213187598623335 0.00625755018554628 0.00215703487046994 0.0165958792902529 0.00207378887571394 0.00210601653088816 0.00171956240374129 0.000645636084664147 0.00288816296815639 0.00456480147549883 0.00934845679439604 0.146371106617153 0.000645001241355203 0.00589007426751778 0.0663591239601374 0.011630867049098 0.255077502131462 0.000892865491914563 0.00435211987933144 0.0111947359982878 0.0241441129008308 0.00976326623931527 0.0018569596024463 0.000207572309591342 0.000390869325929089 0.00510254483669996 0.00235321516520344 0.000106175647852069 0.00124577597598545 0.00155564554152079 0.00100861208629794 0.00453188283427153 0.00624339586356655 0.00175182296079583 8.16765159470378e-05 0.000681587585131638 0.000321888761391165
0.0155587125569582 0.00196404767921194 0.000844219780992717 0.00112909888848662 0.0163044064305723 0.00589269052725285 0.00329658923437819 0.00573544281069189 0.0139312820509076 0.00624568148050457 0.00415475142654032 0.00326423115329817 0.000759502196160611 0.00302403766545467 0.00584317296743393 0.00561194706242532 0.0138269766233861 0.0120177757926285 0.00852709943428636 0.00134529808710795 0.000706559710670263 0.0225001907907426 0.0326665328349918 0.0735980892088264 0.0513162709772587 0.00574948785942979 0.0107128800591454 0.000188682779116789 0.00184039723826572 0.0204816683195531 0.0073716037441045 0.00126516292075394 0.00029781744160573 0.000431728218973149 0.00474400802049786 0.000127257146777993 0.00451705672312528 0.00422969590872526 0.000870543374185218 7.02905977959745e-05 9.86026501777815e-05 0.000105522219564591 0.00102510789292865 0.00128728928975761 0.000483209802769125
0.00522843179060146 0.00588111665565521 0.00236067132791504 0.0137274134904146 0.0084299267269671 0.00862956219352782 0.013482678681612 0.00268907770514488 0.0219750072807074 0.00334465578198433 0.00156821362907067 0.00427521411329508 0.00473340328317136 0.000680255475162994 0.0037862426484935 0.00346394238295034 0.00353757010307163 0.0131922534084879 0.0152094790711999 0.00117461191839539 0.000998713774606586 0.0103006382938474 0.00116068998613628 0.0145141042768955 0.000561012599791866 6.21631181729754e-05 0.00636568930931389 0.00074717241950566 0.000588711476302706 0.00191861559578683 0.000371250212629093 0.0102884425781667 0.0037727567483671 0.00105068618286168 0.0177086475305259 0.000564319361001253 0.00441287061548792 0.0012635751903872 0.00527874433901161 9.73981055722106e-05 5.78299050175701e-05 0.000581054777285317 0.00724635031074286 0.000839628516405355 0.0013641874626046
0.0087287045258563 0.00233781194547191 0.0119183118920773 0.0156064575538039 0.00546666358131915 0.00269684192608111 0.00374592414591461 0.00400326122762635 0.00341945281252265 0.00216077494551428 0.00157120613730513 0.0164034714340232 0.00104540953325341 0.0110784499440342 0.00233785808086395 0.00210910546593368 0.003786279365886 0.0226954124402255 0.00877763438038528 0.000337458406283986 0.0011943814024562 0.00064365921280114 0.000885991743416525 0.00133950965828262 0.00624081040732563 0.00170056076021865 0.00118303000053857 0.00149243463820312 0.00126932102866704 0.0029243475117255 0.183101234585047 0.0122886257711798 0.000823894644418033 0.000114282067806926 0.00102356160641648 0.000805610092356801 0.000499992664845195 0.0021222896699328 0.0109003060264513 0.0450520797632635 0.00123643904807977 0.00100859959347872 0.00164330591214821 0.000345786860270891 0.00022431956967921
0.00130051480955444 0.00286553489277139 0.0104439300019294 0.0204626549035311 0.00311294982675463 0.00225370156404097 0.000707198065356351 0.00327540840953588 0.002015134190151 0.153415159322321 0.029375305166468 0.000908072873426136 0.00427326307399198 0.000998372682079207 0.00109082573180785 0.00517778391949832 0.00217725109541789 0.00254709253786132 0.000670301383070182 0.000687597977230325 0.000595984727260657 0.000664549684734084 0.00055860457214294 0.000593917712831171 0.019651145581156 0.0319511748850346 0.023416640330106 0.000667111107031815 0.0012251665815711 0.000121836961807276 0.00426378006814048 0.0117075585760176 0.00143535000970587 0.000501765964872902 0.00116997775330674 0.00393006483500358 0.000320692033892556 0.00560981073940638 0.000537036006426206 0.00329098419751972 0.00404163916828111 0.00145685562456492 0.0028388659178745 0.000589231876074337 0.000640086361090653
0.00915907062590122 0.0115213509183377 0.0120641337241977 0.0241981231607497 0.0105843369849026 0.00089502940827515 0.000729057732678484 0.00367010993650183 0.00153524482157081 0.000886338076088577 0.102697259746492 0.00542163078207523 0.00682931466726586 0.0299032472539693 0.00365085609955713 0.00192785610852297 0.000830697662240709 0.00116157286392991 0.000861759061808698 0.000841847086849157 0.000625711899920134 0.00294582407223061 0.000582028008648194 0.00439874159928877 0.0121164022479206 0.0279732061317191 0.00426666049752384 0.000483236356376437 0.000297235095058568 0.000887551174673717 0.000497212652408052 0.00090043756790692 0.000804601148411166 0.000558874252601527 0.0015307725087041 0.00138082853518426 0.0120458724442869 0.000754926321678795 0.000684169737360207 0.0714603491127491 0.0041543954401277 0.00238553262315691 0.00165121748868842 0.0011862808431033 0.000869691256957594
