Maxent_result_files_2/B_inexspectatus_2.asc
NCOLS 594 
NROWS 330 
XLLCORNER -15 
YLLCORNER 23 
CELLSIZE 0.166666666666667 
NODATA_value -9999 
[rows 80 to 99 of 330, columns 352 to 395 of 594]
5.29630540380133e-07 2.05988258308309e-06 2.53960478895365e-06 1.01331972084395e-06 1.13796895382379e-06 3.37066447819723e-06 1.15725466143246e-06 8.95725850202922e-07 5.61003657262305e-07 1.19578246415841e-06 1.20456595098517e-06 1.0942470223263e-06 1.22403659794656e-06 7.19901610679585e-06 6.05765827899063e-06 7.39211627864833e-07 2.79213566978243e-07 2.08248476889494e-06 9.18861270839955e-06 3.84534886670451e-06 1.08865852897821e-05 4.81434623615939e-06 6.5566526733507e-07 1.03617017752633e-06 1.2353928962483e-06 1.1122695995347e-07 3.15242001402982e-07 1.68939409150859e-07 6.14336278523808e-06 4.58238684686307e-07 1.5211020275574e-07 1.07059987786151e-07 8.83975864396369e-08 6.29105372240701e-09 1.80210894984434e-08 6.13314624975381e-08 1.25401668915615e-07 2.30546665869191e-08 1.93943738513447e-08 1.33751541842031e-08 5.51759299771692e-07 1.36198460194414e-06 1.1835394844173e-06 5.28981185548005e-06
1.13008648749968e-06 1.87027748097535e-06 3.38370710011304e-06 3.26968686117368e-06 3.25315999027964e-07 8.8186591531425e-07 3.08877809196417e-07 1.20094629565415e-06 5.61838721395702e-06 1.14359835890809e-05 1.15992602957249e-05 1.61498458304266e-06 8.38859835283756e-06 3.12976250569363e-06 7.40100031926261e-07 8.3640983272737e-08 1.76688268069825e-06 3.32194828192023e-06 1.99845781798658e-06 4.27088823347077e-06 1.27210191500637e-06 2.37298012240039e-06 2.63615873121736e-06 7.15127175099362e-07 4.64834092317457e-07 8.40210975627809e-07 1.40242320278983e-07 9.69539673656428e-08 3.15383376736644e-07 3.77134779183663e-08 2.6824406182957e-07 8.42167937498139e-08 8.63563552888635e-09 1.30496323635931e-08 3.37310493869758e-08 7.90634615555064e-09 2.2089040785378e-08 8.96066481015367e-09 3.95498217842238e-08 2.97376279601025e-08 1.84687943272088e-08 7.62232084561276e-08 1.34009293450976e-07 3.10972375661134e-07
1.70511520281025e-07 1.03006602198974e-06 1.90288244994008e-05 6.09438933167894e-06 1.23197793243435e-05 9.82748301359138e-07 5.81830559420737e-07 2.74287365464865e-07 5.98943558003384e-06 5.13347315127533e-06 1.81950235216277e-06 1.94879731925113e-06 1.17609366601101e-06 2.22818547046533e-07 1.87434457692426e-06 5.21821201249217e-08 2.49078287506421e-07 4.98979372820507e-08 7.56283651281997e-07 1.50577607351821e-06 6.50235850585545e-07 3.776052404314e-07 8.10787144445158e-07 2.74190991256251e-07 6.42439060760669e-07 4.92224942094666e-07 2.14937646862978e-06 2.81035181448619e-07 2.7344319115663e-07 4.87036000373919e-07 3.07944725164155e-08 1.45430608111674e-08 4.86064972049505e-08 3.68960789698392e-08 1.0815280704346e-08 5.45554564523876e-08 4.68987552459943e-08 3.13062240353545e-08 4.8314052203402e-09 3.45035205073785e-08 5.1199928241541e-08 1.98335686629747e-07 5.54003410790926e-07 4.72275125018573e-07
1.19970800245284e-06 2.13391735073287e-06 4.80311114543497e-06 2.07225321595672e-06 6.87199310220876e-06 1.36834485644499e-06 6.76329086735095e-08 1.3947055942154e-06 1.90976330483039e-06 1.67105532611345e-07 9.12077819990031e-06 9.93319057940312e-06 7.89515587973355e-07 2.82805764242333e-06 1.10704441706133e-05 1.16085345869266e-06 1.27611604505695e-07 4.33922052323066e-07 3.45376789834262e-08 2.71956303499188e-07 5.96134353947342e-07 5.60862429110909e-07 6.55809122074302e-07 5.2628517324127e-07 1.63024325825489e-06 3.26021578822555e-07 1.03244658677948e-06 4.8352759717929e-06 1.48737113481179e-07 2.60054883705063e-07 2.58621333004694e-07 1.09608013483253e-06 3.53524919893822e-08 9.00465979558618e-09 1.85890025417024e-06 1.51845200835332e-07 1.64179132122744e-07 4.54984998565777e-09 1.845420796176e-08 1.64418533565858e-08 1.44012028968632e-08 1.1073491953395e-07 3.0222688072179e-07 4.26761483707239e-08
2.83065584625319e-06 5.0523053698015e-06 6.32163188782897e-06 1.12791256981382e-05 1.06365649202189e-05 1.9781013378406e-05 2.37504338258532e-06 1.75737591163738e-06 2.80992465100383e-06 8.13376309016789e-07 3.87325155326579e-06 4.11336155146103e-06 3.5523113281144e-06 1.54616580942957e-05 4.24652295230032e-06 1.65373098525379e-05 3.18070171829277e-05 1.47794972362725e-06 2.49175729232221e-06 1.61108926366449e-07 8.39702358812477e-07 1.5667394249741e-07 7.94602905784814e-07 6.26925921878296e-06 9.9839279513958e-06 3.52207365423851e-06 2.79823339468521e-06 8.10273737794631e-07 1.62336197169211e-06 2.82137572540364e-06 5.50937836507614e-07 5.0555354424997e-08 1.96635125426781e-07 3.07129231491565e-07 1.630233084704e-06 2.47452541457527e-08 7.61320601783133e-08 3.59039981079334e-09 2.42976225250935e-08 1.90225501606189e-07 8.43211501289076e-08 2.3720262539717e-07 6.43959464752264e-08 1.22966848192796e-07
8.40180409795721e-06 4.82352465667191e-05 2.30250289064315e-05 4.24524919466762e-06 2.06291751823073e-06 4.06142943765175e-07 8.3237530290603e-08 5.29931513248982e-07 7.88960272712913e-07 2.78338277532875e-06 4.9769266103894e-06 5.94659084618421e-07 1.70002300460936e-05 2.73691163319434e-06 6.64531330940576e-06 3.71775371537098e-06 3.16101499265642e-05 4.41624087503811e-06 1.25118360834175e-06 3.24103848514667e-06 2.49929424720463e-06 1.96457416897999e-05 3.14081998293858e-06 3.18818612576877e-07 2.03028710232811e-07 8.04214582537099e-06 4.3112289719538e-06 4.15602361591993e-06 5.945523102735e-07 5.81052447534702e-07 1.53048424937907e-06 2.02715679762377e-06 2.81241218225148e-07 2.07923100044027e-06 8.00106601417383e-08 2.43502509222893e-07 4.69877595721258e-08 2.52440232384465e-08 3.72360278610984e-08 1.10142934239832e-06 4.18021687265124e-08 2.88650097179932e-07 1.34429414258008e-06 7.69528866650937e-07
1.86046443701571e-05 1.8286865514483e-05 3.53740713649131e-05 1.32784149002418e-05 2.31928930993774e-06 2.93976542953267e-06 1.48601800429304e-06 3.21126814597505e-06 6.72173757294559e-06 2.62874145138259e-06 1.04195844051747e-06 1.59626377424615e-05 1.36388727267622e-06 3.30816168760961e-06 3.03523825998298e-05 3.7684345919331e-06 3.15437864202295e-06 3.29920246311843e-05 1.17362410531285e-05 1.45026505649071e-05 1.27243917809494e-05 6.4491038010317e-06 2.10937245842757e-05 3.73208672899139e-06 1.21745864798406e-06 8.87780817571127e-07 1.45374420448263e-06 7.42574317627032e-06 2.08554404395045e-06 4.85684236632977e-06 2.25360617100989e-06 1.80514534235954e-06 1.68713416570654e-06 1.2287029451219e-06 1.17501458833935e-06 8.25523549927709e-06 4.96976636377156e-06 1.13751186248123e-06 4.13728175852057e-07 4.39680695052402e-07 1.29100233492441e-07 1.11750641242914e-06 2.31239830394969e-08 1.82549092586637e-07
3.70637572295607e-06 1.5926096601504e-06 2.11252934150252e-05 2.04072289577972e-06 4.25542768844878e-06 1.8663390377327e-05 1.49106864839155e-05 6.03286636930989e-06 7.94180032492875e-06 9.22078491800704e-06 1.68440947252435e-06 8.63241394952752e-06 1.59157718888636e-06 4.50163245098167e-06 8.39796123042191e-07 1.21682049201155e-06 2.67049792024299e-07 8.25361155420978e-07 2.36691838466641e-06 5.18497675280116e-05 7.92265308518836e-05 5.39354500475042e-06 7.7960782807196e-06 1.68414280459217e-06 1.25268657935607e-06 3.79244997272821e-06 8.7853434379781e-06 1.69390002476177e-05 2.72534962952875e-06 1.20823014785998e-05 1.24545439643242e-05 4.47236009009089e-06 5.92263595455833e-07 1.84490710921637e-06 8.65529952465138e-07 4.72986026900379e-08 4.31794960409349e-06 3.4455862728322e-06 3.18940748194052e-06 8.59809897046926e-07 2.51857181166049e-07 5.34363371695878e-07 6.963668437443e-08 1.2087769374336e-07
3.99794818239929e-07 2.27309525328678e-05 4.46518291257192e-06 2.66062248845955e-06 2.09867703135913e-06 1.01312170293077e-06 2.08096095306587e-05 3.05990206790341e-06 3.90821979765477e-06 3.55166716516919e-06 1.68351474187034e-05 2.0983651317863e-06 2.83642560319208e-06 1.5238422353292e-06 1.95542416676631e-06 3.42824830852351e-06 8.42202398807501e-06 2.31569680160248e-06 3.17609463014179e-06 5.08707935587438e-05 3.74008836473649e-05 5.65914691676994e-06 1.24735090949457e-06 9.41449069369327e-07 7.51506020479908e-07 1.5379092986656e-06 6.45598373227862e-07 7.45756066944381e-07 1.04550285612959e-05 5.08129435630167e-06 1.59719336352282e-06 1.58941730376228e-05 1.3094395704627e-06 2.99049874374901e-07 1.65294015364026e-07 1.7086331327576e-06 7.95236180373138e-07 2.56956261903696e-06 4.54250857835348e-06 1.22979217422881e-06 3.05773932947062e-06 2.0324300162855e-06 5.66769582954763e-07 3.19770154781907e-06
3.41818806077754e-05 1.06754025154032e-05 3.47173316206373e-06 6.49310668343617e-06 1.40243550612595e-06 6.61230809240187e-07 3.24923080319284e-07 1.49166850862414e-06 3.38616329607078e-06 6.26293010952406e-07 6.39362736842841e-07 2.78972314537995e-06 1.25551629786003e-06 4.43127831473156e-07 1.42817041943744e-06 1.56191618501111e-06 1.47412169861916e-06 1.81788032751484e-06 6.99600922859922e-07 7.97785408845897e-07 1.65159097802459e-06 1.83781065308253e-06 4.60440077105773e-06 9.84824826275599e-06 7.62830458320707e-06 1.19475170591521e-05 3.62930426874186e-05 1.90561696022939e-06 1.47593763557552e-06 1.06975464518655e-05 1.12591925320871e-06 9.65196558588843e-07 1.9818240417635e-06 1.43102944427653e-06 1.10034844453821e-06 6.16105248063548e-07 6.83686577662712e-07 1.10484134756561e-06 7.61160207507494e-07 1.43302421165004e-06 4.56890413893518e-06 5.81624296032146e-06 5.28572842668495e-06 8.51148368274934e-07
1.11320150210759e-05 1.80870382564535e-05 2.45038655293683e-05 2.09592720949559e-05 1.27923631279003e-06 4.69030788852187e-07 2.06010624772546e-06 2.62075652968097e-07 5.97595304152598e-07 2.64611030598161e-07 3.53862317359344e-07 8.05870650300022e-07 1.03546049210479e-06 1.84835473915346e-07 2.81484224871065e-06 9.38423798824139e-07 1.75873052574715e-06 5.13899916221305e-06 1.08994424090625e-06 1.2607956611177e-06 2.30626894044406e-06 4.78319148300432e-07 4.74090502775582e-06 4.57404468452438e-06 6.39972764737706e-06 3.5813145972341e-06 1.04671115224164e-05 9.95195889146316e-06 1.49848527986052e-06 2.10491897831844e-06 5.13060245026509e-06 1.34049588567109e-06 6.47740389503326e-07 6.02966668736826e-06 2.3903096305844e-06 5.71110480791503e-06 3.69058829079449e-06 1.07612579000715e-05 2.17396819559568e-06 1.58538057797308e-06 8.21396527292961e-06 3.80648900861757e-06 7.8933443603546e-07 8.63500987691168e-07
2.00829772616373e-06 2.6424287543847e-06 1.82759205330285e-05 1.57390043170835e-05 7.71480015600901e-05 2.01363700853108e-05 7.35479998468236e-06 6.08757508189228e-06 1.57117973724752e-06 7.14481972181602e-06 6.16242563089564e-07 1.69172196944345e-06 2.75013447179617e-06 1.85605120783805e-06 1.51161378045828e-06 2.12921999406035e-05 1.65986470896939e-06 1.59190915525187e-06 1.02389229752475e-06 9.81002489464089e-07 1.31789544575156e-06 2.20125813488181e-07 1.46690351110479e-06 1.05789266671152e-06 1.95814474892586e-06 1.28164897787997e-06 9.97649532692435e-06 7.63102885841249e-06 4.46120403090333e-06 7.15655507121937e-07 4.01921945183403e-06 9.92608784002869e-06 9.62357596421271e-06 3.02410200845316e-06 2.62613060151295e-06 2.024480180296e-06 3.35671576969787e-06 1.3253173236194e-06 1.46825056930311e-06 1.19994582898908e-06 2.07121785242848e-06 1.7508808658917e-06 1.49102244733079e-06 1.41472952678301e-06
6.09625057677476e-05 1.74140980789161e-05 2.42219719588377e-06 6.45176883438126e-06 4.54906005664668e-06 3.35035818750384e-06 3.28012789765353e-06 3.80759489715388e-06 1.49124282584623e-06 3.939728566138e-06 3.90407923092084e-06 5.31909820864485e-06 2.43543058431328e-06 1.95843833523668e-06 1.00874510007287e-06 1.04992830918249e-06 8.86402829936017e-07 8.45860114706554e-07 6.38916732997874e-07 1.2490617168126e-06 2.22470757478277e-06 1.03791330809955e-06 9.56187820522203e-07 8.27164448069517e-07 6.86078114675581e-07 1.49108746156923e-06 8.51465876365864e-06 2.14707449771367e-05 1.76040798777422e-05 2.15867427932892e-06 1.77924033373245e-06 5.84585223677436e-06 1.56735234098093e-06 1.61358457777538e-06 1.41162270956841e-06 1.45969826768066e-06 4.20923687656227e-06 3.81032993974628e-06 1.16811349162305e-06 5.46372768983616e-07 8.08669865737244e-07 5.68139880208207e-07 4.19525658612585e-07 1.56169927194583e-06
3.13829552069933e-05 0.000394630731625512 7.13980113914658e-05 0.000141179920035484 2.93068469176205e-05 5.55186293524912e-06 1.60237626133153e-05 3.45415460571985e-06 4.30474015331583e-06 1.43570904697299e-05 1.26364228663078e-05 5.62460974720125e-06 3.77112128617796e-06 1.40305144302744e-06 2.42792393709834e-06 1.26215913809347e-06 1.29077631161323e-06 2.72649206216613e-06 9.93461928278094e-07 1.72057785938762e-06 1.875773218174e-06 8.20978016791152e-07 5.53598259267485e-07 1.74103505612422e-07 8.43774050052204e-07 9.34941974861658e-07 3.98296628647543e-06 6.53702916348919e-06 1.66030053776467e-06 8.80702252459287e-07 1.18307655672112e-06 4.38887728275716e-06 1.19101102100672e-06 2.30036705275438e-06 1.49170740613158e-06 2.34850142675214e-06 1.42318583566947e-06 1.15599969721103e-06 1.22044294057488e-06 1.06465766229746e-06 1.26930832458072e-06 4.52169631204313e-07 3.66060920775624e-07 4.79366347505561e-07
1.92844351198929e-06 1.79968464735225e-06 2.41826290228175e-06 1.08246434464832e-05 1.42126437879142e-05 3.7012357529953e-06 6.09945002434387e-06 4.29866071897322e-05 3.05980288658247e-05 1.07024609285133e-05 2.57546282341536e-05 6.25417156072672e-06 7.55407690462562e-06 3.79122227869289e-06 1.18542108569208e-06 4.18794881928974e-07 2.81110248829819e-06 1.53875953607496e-05 1.40145326503749e-06 4.30958790420544e-07 2.43462797777649e-07 7.03822229108919e-07 2.19194024420055e-07 7.76418883874364e-07 2.32946573175408e-07 2.64778959557788e-06 9.65394487817406e-07 8.91262401259141e-07 1.15306486119238e-06 1.21721449488632e-06 1.29959390040568e-06 1.04469412445241e-06 2.30101369567137e-06 1.08396264177912e-06 1.2044030142988e-06 1.42159233380568e-06 8.41501415527191e-07 1.1988300025223e-05 4.01523254112135e-06 5.61431538699253e-06 2.93404189513069e-06 1.13763923685894e-06 7.26598035605264e-07 1.25638852619403e-06
2.05349970485713e-06 4.62942127086308e-06 1.26450551238833e-06 5.15499659421437e-06 9.65054089405726e-06 8.04365533344509e-06 6.58711611745133e-07 8.92620523629262e-07 2.98965974451448e-05 3.56736007347536e-05 1.78122848843998e-06 2.24956351289052e-06 2.2857466497328e-06 2.77461716322591e-06 1.42542104157428e-05 2.40362808980876e-06 3.39594914606778e-06 3.85920423155994e-06 3.34599573434957e-06 8.03932207427138e-07 4.72037874672537e-06 1.9581429505644e-07 2.52819194090925e-07 7.16558525248878e-07 9.36128932504943e-07 1.43528270939441e-06 8.82582766426054e-07 1.77484153596197e-06 1.28777261050317e-06 5.92871153628494e-06 1.85763828994823e-06 7.81770856406183e-06 1.5354199970119e-06 6.05061746661306e-07 6.93311299073684e-06 9.31238600969664e-06 7.42242081912536e-06 5.72337098283526e-06 1.11965415108273e-06 1.03617782833965e-06 8.60308494736728e-06 3.51252384174217e-06 5.83391706321379e-07 7.01498063904182e-07
2.97548287235827e-06 1.00154213839687e-05 2.06058231668749e-06 2.93233169017526e-06 2.63776821398665e-06 2.38726388005261e-05 4.01529564442171e-06 2.11915473364854e-06 0.00013546933323596 9.45073414300168e-06 1.87840060050348e-05 4.08562420517455e-06 7.74172881676805e-06 8.97123391609966e-06 1.04890263738611e-05 2.40706078891151e-06 1.92986955340757e-06 2.93446848118606e-06 1.95109489453671e-06 2.0912962760633e-06 1.99818138284513e-06 1.39135744952057e-06 1.41865235931959e-06 1.51326586355083e-06 1.67759498168607e-06 1.2459637968476e-06 1.35239962339995e-06 1.32397993031219e-06 2.18559790585715e-06 2.13970872664504e-06 1.45354524043739e-06 1.54936081546708e-06 1.08777818557115e-06 1.30086865031132e-06 1.34211794637906e-06 1.01212598551115e-06 1.00709042918368e-06 9.31781643487284e-07 8.5668272227224e-07 4.31070004722756e-06 1.80656377928301e-06 1.00289858631086e-06 1.25909902042309e-06 2.76685274824828e-07
2.33990544415974e-05 4.82038292375364e-06 4.44956305472033e-06 2.37263148846978e-05 6.67228900397276e-06 4.60339051784331e-06 3.40469622983619e-06 3.23193576434733e-06 3.40670352727557e-06 0.000121139238945034 6.80971550536924e-05 3.13216474978617e-06 3.09086714871398e-06 2.43435312086149e-06 1.32383890623089e-06 8.01380771662252e-06 9.91903346836409e-07 3.6796553471774e-06 1.64080681201995e-06 6.2656748191614e-06 5.61874693829623e-06 2.37925955843821e-06 2.14500855548749e-06 2.19987564484825e-06 1.94349546731587e-06 1.93856992822816e-06 2.09921982090577e-06 1.11676993270748e-06 1.78211493526703e-06 3.57186506168006e-06 1.31525087709861e-06 1.25425863615192e-06 1.15408751657498e-06 1.17509120283188e-06 1.57007085679339e-06 1.28593285353418e-06 1.19957125797043e-06 9.28754566409395e-07 9.56304824484278e-07 7.73093898942534e-07 8.41473673762749e-07 6.88371243562358e-07 7.00178145263131e-07 6.58817267851219e-07
9.39259802521519e-06 1.04690371642846e-06 5.90921147249901e-06 5.39110667716614e-06 6.18126744456049e-07 3.01992293074704e-06 3.42615817032765e-06 5.09703589983701e-06 3.70038508918924e-06 1.28126576342424e-05 1.49097058184111e-05 0.000175896651307994 1.03685138100218e-05 2.25909767976873e-06 4.19702523004162e-05 2.78228044862772e-05 2.52628888475215e-06 1.32484952644063e-05 1.0578642744008e-05 7.8946642503297e-07 3.1775402931089e-06 2.84409995821022e-07 1.60871512520089e-06 3.18149484002106e-07 1.09485252153263e-05 1.51803664607542e-05 1.33323852324452e-05 1.00759954104745e-06 1.09947881732353e-06 6.49112168105148e-06 1.91979110581997e-06 1.46060142256488e-06 1.2926916951983e-06 1.48144758735924e-06 1.52122966188273e-06 1.28569273432078e-06 1.05406743156067e-06 2.07665080154129e-06 5.89445793397481e-08 9.18595577914516e-07 1.22003891771527e-06 2.68656336146478e-06 2.70038658513272e-05 5.91754729981631e-06
9.24612087942478e-06 6.05108259748022e-06 8.52147398688885e-07 3.41831693759786e-06 5.35651776800705e-06 5.37111237974841e-07 4.49035057137337e-07 5.09271096404973e-07 2.68693696767741e-06 3.07968677262238e-06 5.17952076606321e-07 4.46304305867784e-07 4.43421484597195e-07 4.72158591335869e-07 1.57564154079637e-06 1.74900097704267e-05 5.4699097233879e-05 1.88708660402881e-05 2.29755059848458e-06 2.65623141557647e-06 7.46928382255874e-07 8.23075506239945e-06 5.98093358661345e-06 1.73322359842132e-06 1.49282245915927e-06 8.54122013027592e-07 4.46008808552278e-07 9.51140500049519e-07 1.50339748383743e-06 1.00427702323103e-06 4.47402223251459e-06 2.19084543822135e-06 3.85193122731664e-06 1.05749221628315e-06 1.66057737214231e-06 5.76776491989506e-07 1.22577419965353e-06 1.37699003239788e-06 1.18766944918747e-06 1.44829767911858e-07 7.76152084291937e-07 2.35870315009379e-05 3.23139263755934e-06 9.68266448708732e-07
