Maxent_result_files_2/B_incertus_2.asc
NCOLS 594 
NROWS 330 
XLLCORNER -15 
YLLCORNER 23 
CELLSIZE 0.166666666666667 
NODATA_value -9999 
[rows 100 to 119 of 330, columns 360 to 404 of 594]
5.17766542543541e-05 5.12566361976496e-05 3.45973672665423e-05 4.18595268456556e-05 4.11282459026552e-05 4.12718030929682e-05 3.70718803424097e-05 3.57736882506288e-05 2.95146178359573e-05 0.000127468633945682 5.29456350705004e-05 0.000167061779939104 0.000123556770267896 3.14640980832337e-05 2.00305966245651e-05 4.18507637505172e-06 6.19958841525658e-06 2.71070922735817e-05 9.85088594461558e-05 4.17221968746162e-05 5.35041659531998e-05 1.6600388516963e-05 8.20455912617035e-05 0.000125434629808296 1.53802729982999e-05 8.97004797479895e-06 7.32803917344427e-05 1.49726860627197e-05 1.39374230229805e-05 1.81842700840207e-05 8.88983061031468e-06 8.25826762138604e-06 9.81897569545254e-06 8.358300033251e-06 0.000166985947362264 7.8584008042526e-05 8.00640669694985e-05 9.77734394837171e-05 0.000401300915109459 0.000259064260535524 6.82596539263614e-05 1.88133127721812e-05 7.26546155419783e-05 0.000116366392103373 3.56867753907864e-05
4.99431436765008e-05 5.27695829077857e-05 4.96713262691628e-05 7.82043166509538e-06 4.18280446865538e-05 4.07259747589705e-05 3.99202619519201e-05 3.56601019120717e-05 2.59755110164406e-05 2.16242262922606e-05 2.82414553112176e-05 2.02186917704239e-05 3.19630868034437e-05 3.12067985760223e-05 3.10769419229473e-05 2.97295293421485e-05 1.77715236077347e-05 5.42908034731227e-05 5.96918664996338e-05 6.12564443827068e-06 1.62951695529046e-05 2.5756586683201e-05 1.84506685855013e-05 1.70707358392974e-05 6.17419686022913e-05 1.6487123002662e-05 2.41679257669603e-05 0.000127054886252154 0.000169464325517765 8.43697060190607e-05 3.10985118630924e-05 9.37404734031588e-06 2.3959204008861e-05 4.20928660787467e-05 8.14119324786589e-05 9.27203243918484e-05 0.000500276200909866 4.9300709815725e-05 9.33958559471648e-05 0.000203916218379163 0.000327428591845091 0.00134759587817825 6.54457254313456e-05 0.000213148027614807 0.00021770998610009
3.78012122382643e-05 3.23652320730616e-05 0.000203322456218302 0.000243917686748318 4.32578188338084e-05 4.35830996138975e-05 3.9612535147171e-05 3.7101360521774e-05 3.22280299315025e-05 2.91738689384147e-06 3.132775245831e-05 2.06183165573748e-05 3.16594632749911e-05 3.06785425891576e-05 5.37713569883635e-06 2.40766649312718e-05 2.07080725431297e-05 2.76036479590402e-05 1.98595157598902e-05 2.67630030066357e-05 2.50272914854577e-05 2.02417848868208e-05 0.000195347873159335 0.000145101346424781 2.21363380660478e-05 0.000120196783245774 9.26592110772617e-05 9.2744692665292e-05 3.15575066451856e-05 7.38551847462077e-05 1.46412841104393e-05 1.87772584013146e-05 7.97553193478961e-05 1.2640299519262e-05 7.97328573753475e-05 5.77964659896679e-05 4.46509409812279e-05 3.62928979484423e-05 8.10548523077159e-05 0.000201430177185102 0.000245458765130024 3.37613626470556e-05 3.22219621921249e-05 3.68515243280854e-05 0.000500004979403457
1.09390622810679e-05 5.56652996237972e-05 0.000284725928213447 8.2734382704075e-05 7.69219270750909e-06 0.000174076283656177 3.71669464584556e-05 4.08872860134579e-05 3.87468340477426e-05 3.40792708811932e-05 3.49361055668851e-05 3.19946555464412e-05 2.7943124587182e-05 2.85391411125602e-05 2.64380400949449e-05 6.56047751590449e-06 2.75234766377253e-05 2.81133208773099e-05 4.3486692334227e-06 3.00868625345174e-05 2.61206152572413e-05 0.00054636128115817 0.000328421249287203 0.000435686288983561 1.91861658549897e-05 0.000114791366650024 7.08848712747567e-05 2.57542992130766e-05 6.6204801441927e-05 1.6025646482376e-05 5.84686215006514e-05 9.2441192100523e-05 8.53959154483164e-05 8.08166467322735e-05 6.43824687358574e-06 7.60309824272554e-06 4.08210112254892e-06 4.69539232653915e-05 5.4093764629215e-05 0.000221908784078551 5.87880262173712e-05 5.33061953319702e-05 0.000219820015263394 7.64045646064915e-05 0.000234226600150578
8.33162132494181e-06 4.15138998505427e-05 3.86718171284883e-05 3.46001738762425e-05 8.2872435768877e-06 3.16772712722013e-05 3.77742068849329e-05 0.000337811900681118 2.5211554748239e-05 2.16509140045673e-05 3.15823134769744e-05 3.10683832140057e-05 2.98338856737246e-05 2.0187819518469e-05 1.98574336536694e-05 3.08261109239538e-05 2.96744618935918e-05 0.000114253106585238 2.04146041596687e-05 0.000113994380444637 0.000775946037902031 0.00303516632411629 5.09773193698493e-05 0.000214241167122964 0.000139441996361711 0.000105821797842509 3.1689536228896e-06 0.000115781200656784 0.000590731066768058 0.000364555817577639 0.000144022085441975 6.93746256729355e-05 1.12320413791167e-05 0.000121621861762833 0.000105307016929146 6.28378031706234e-06 3.00645780953346e-05 0.000125830046090414 0.000173610170531902 0.000234494089818327 3.70736452168785e-05 3.72016191249713e-05 0.000143270292028319 0.000208438229310559 0.000396392396942247
1.15656994466917e-05 6.0188375209691e-05 5.60353913897416e-05 9.26600841921754e-06 8.46619223011658e-06 7.10492913640337e-06 4.18529464695894e-05 4.0075333618006e-05 0.000128112560196314 2.48613350777305e-05 1.9540157791198e-05 7.9340088632307e-05 0.000156623426300939 3.18916564538085e-05 3.09018347252277e-05 5.21354237434935e-06 1.88909375083313e-05 3.12049218337052e-05 3.11195550239063e-05 8.03259223175701e-05 2.05625577564206e-05 3.03559735584713e-05 0.000329136463551549 2.15328185731778e-05 2.2292420908343e-05 2.97329584100225e-05 2.15047636629606e-05 3.98519670852693e-05 0.000110615328958374 7.31154384993715e-05 9.65867111517582e-05 1.58119229126896e-05 0.000171089772265987 0.000419121192680905 0.000156805969891138 7.7932903150213e-05 1.9253182108514e-05 9.85659415164264e-05 5.92184840570553e-05 4.59351518657058e-05 4.53144612038159e-05 0.000197963462051121 2.96269795398985e-05 0.000128186830806953 0.00013775646511931
6.41483713479829e-05 1.05111529137503e-05 5.65711201488739e-05 5.37136378625291e-05 5.09886953295791e-05 4.95580683491426e-05 4.31759951425192e-05 4.05403898184886e-05 3.8662864244543e-05 3.43982010235777e-05 9.65290420936071e-05 1.09708579884682e-05 6.76417683280306e-05 0.000116312540922081 2.47121090069413e-05 2.72888988547493e-05 5.28189763144837e-06 0.000170174756203778 5.80581124722812e-06 1.631289683246e-05 5.75441631553986e-06 2.17369371966925e-05 8.11901289125672e-05 0.000192086547031067 0.000144294502752018 3.06006495520705e-05 2.1311557475201e-05 1.04272407043027e-05 7.04803631379036e-05 1.94335065771156e-05 1.6360720837838e-05 0.000130115589126945 7.19540006684838e-05 0.000212486770396936 1.10592821101818e-05 4.88679235786549e-05 4.72351595817599e-05 5.92882211094547e-06 8.1494775486135e-06 0.000194526125778793 7.27746633856441e-05 0.000259440542868106 0.0002784456279187 0.000245047335192794 7.2109643724616e-06
7.25260333638289e-06 4.95146596222185e-05 5.30064931808738e-05 3.44034729096165e-05 3.32364851601596e-05 2.71182996584685e-05 3.19051159749506e-05 0.000116244676246424 1.61742055297509e-05 3.03943617836921e-05 3.47744157807028e-05 5.7300322168885e-06 5.50896522781841e-06 5.80934886329487e-06 5.32209687662544e-06 3.14957671434968e-05 3.2070355155156e-05 3.13908217322023e-05 3.04206995679124e-05 3.16710241349938e-05 3.23304858284246e-05 3.17715109304118e-05 0.00016900875561987 3.21922473631275e-05 2.24146584059781e-05 3.14532491756836e-05 2.40995329022553e-05 0.000131019086256856 8.21355926746037e-05 2.11673983812943e-05 0.000111027943421504 7.54192453769065e-06 1.50431433667109e-05 1.48471872307709e-05 1.25009896237316e-05 8.90224903287162e-06 5.03395167470444e-05 4.85100317746401e-05 4.06148044930887e-05 1.06675796587297e-05 1.42407712246495e-05 1.48587237163156e-05 1.42886491858008e-05 1.25660539652017e-05 8.47070441523101e-06
2.5480279509793e-05 5.17494974701549e-05 5.30404879100388e-05 4.51215946668526e-05 0.000107002885488328 3.60769351573254e-05 4.1077894911723e-05 2.76467119874724e-05 0.000115863323662779 1.43739829127298e-05 4.07394157946328e-06 3.37381698045647e-05 3.14237692691677e-05 2.61723237599654e-05 2.73960300546605e-05 3.01588221191196e-05 3.08510030663456e-05 0.000164498842786998 0.000122136120626237 0.00021605035290122 3.15766397761763e-05 0.000131318231069599 0.0001853398665844 3.20787439704873e-05 3.22331415191002e-05 3.17615586027387e-05 3.13183848447807e-05 2.39535072068975e-05 2.99179129797267e-05 0.00011530867050169 1.93279417544545e-05 0.000150372733332915 2.37935783843568e-05 1.68170427514269e-05 2.22688774556445e-05 2.09022099625145e-05 1.31949752130822e-05 1.20334477060169e-05 1.66238338351832e-05 1.5836619422771e-05 1.59814293510863e-05 1.53505968683021e-05 1.42819137181505e-05 1.42604166740057e-05 1.2495486134867e-05
2.85489620182489e-05 2.19869191823818e-05 3.86776193408878e-05 4.71835646749241e-05 0.000217644145595841 4.29447420174256e-05 4.54762333902181e-05 4.24679199568345e-05 3.82592974347062e-05 3.54124652403698e-05 3.59544500497577e-05 3.44197016602266e-05 3.38560666023113e-05 0.000127456430709572 3.06563670164905e-05 2.75943185442884e-05 3.04961277834082e-05 2.93370418148697e-05 2.95644060315681e-05 3.02653783364804e-05 0.000268854986643419 0.000183586198545527 3.23109304190439e-05 3.31888858454477e-05 3.35387363520567e-05 3.32410862029064e-05 2.72642750132945e-05 2.90487322672561e-05 2.02767428163497e-05 2.09508728858054e-05 2.10028710171173e-05 1.45122726507907e-05 2.48377033585712e-05 2.39971565861197e-05 3.59004504844052e-06 1.0550501247053e-05 4.22698885813588e-06 1.8675492856346e-05 1.89311929716496e-05 1.7873050092021e-05 1.57905798005231e-05 1.63893545050087e-05 9.18054033718363e-06 1.09910425862836e-05 1.1322219233989e-05
6.94806753017474e-05 4.65795450509177e-05 3.45760125128436e-05 2.4520669830963e-05 4.87896291815559e-05 4.82589341118e-05 4.26338203396881e-05 3.07580061871704e-05 3.89275048291893e-05 3.49437221302651e-05 2.70092348728213e-05 3.23784586726106e-05 0.000131321373555693 2.0221944714649e-05 0.000161850166477961 2.84240018117998e-05 0.000119158442612388 2.67428048573493e-05 3.00879914902907e-05 3.11629057250684e-05 3.24980641380534e-05 3.30087415022717e-05 3.32929223077372e-05 3.37837191182189e-05 2.45868816818984e-05 3.40113715537882e-05 1.61913565079885e-05 2.4918531471485e-05 3.25639442053216e-05 2.26447068598645e-05 2.97286625936977e-05 2.78112198429881e-05 2.67535416242026e-05 2.18456462789618e-05 1.49479903029714e-05 2.06769872420409e-05 2.00747192593553e-05 1.82739404863241e-05 1.56705612880614e-05 1.92440911177982e-05 1.937003016792e-05 1.87565875421569e-05 1.72798742823943e-05 1.62255166742398e-05 6.20052776412194e-06
7.23942008335143e-05 6.61976593619329e-05 5.67444838452502e-05 3.87262171898328e-05 5.13090006279526e-05 2.98363785077527e-05 4.3876046402147e-05 4.23334671722841e-05 4.07708022976294e-05 3.25552887261438e-05 3.16674105306447e-05 3.18325956868648e-05 2.87358345303801e-05 2.78010465081024e-05 2.79390405012236e-05 2.84855551399232e-05 0.000137811784588848 2.77598064712947e-05 2.9402179097815e-05 3.16502694658993e-05 0.000187475413258653 3.33605023115524e-05 3.40373559993168e-05 2.40436221247364e-05 2.83038913039491e-05 3.51013722138305e-05 2.68319092356251e-05 1.54036550156889e-05 3.13837409521511e-05 3.34063870468526e-05 3.17988384267665e-05 2.94232060696231e-05 2.45591860220884e-05 1.78280556156096e-05 2.06958550279523e-06 1.59190552494692e-05 2.15809643123066e-05 2.04348905299412e-05 1.41038744004618e-05 1.76377665411565e-05 1.80292983714025e-05 1.60424733621767e-05 1.5704400220784e-05 1.45059243550349e-06 2.20139828570609e-06
7.48164333344903e-05 6.91654900947469e-05 6.29774320259457e-05 5.77697441258351e-05 5.44161046491354e-05 4.83508805700694e-05 4.43835880105326e-05 4.19919862906681e-05 4.06948907766491e-05 2.77899433967832e-05 1.86308884622122e-05 3.03100579913007e-05 3.10208422888536e-05 2.85133538454829e-05 2.66846769591211e-05 2.05520536383119e-05 1.32427753669617e-05 1.59244254518853e-05 2.93345378850063e-05 2.74262194579933e-05 2.60230005551421e-05 3.13394731165317e-05 3.4059691188304e-05 3.04388137010392e-05 3.41711272085377e-05 3.56572903911001e-05 3.32293307110376e-05 3.23074158586678e-05 3.26643116750347e-05 3.35580354658305e-05 3.29962702380726e-05 3.27493784425315e-05 2.58652004959004e-05 2.28364895519917e-05 8.59183505781402e-06 2.0851065437455e-05 2.27336668103817e-05 2.22727675918577e-05 2.19163422571e-05 2.1286874107318e-05 1.88101483217906e-05 1.4985969846748e-05 3.2473126111654e-06 2.53236112257582e-06 1.86424344065017e-05
7.2481511051592e-05 7.3721367152757e-05 7.00177228281973e-05 6.01791702138144e-05 5.80936721235048e-05 0.000288264322443865 1.84931325748039e-05 1.45501989209151e-05 7.04885243976605e-05 1.70477747360565e-05 1.06261513565187e-05 2.15512192426104e-05 2.43131424213061e-05 2.32500738547969e-05 2.60124811575224e-05 2.72141052846564e-05 2.46743130446703e-05 2.4557310007367e-05 2.48319062848168e-05 1.4304876958704e-05 3.02847885905066e-05 3.24144423757389e-05 3.41921469953377e-05 3.43024323228747e-05 1.87441023172141e-05 2.17411728044681e-05 3.22583166962431e-05 3.72366384908673e-05 3.73005755136546e-05 2.46175543907157e-05 3.28480088683136e-05 3.23216640026658e-05 2.9587443350465e-05 2.27864195039729e-05 1.30012875160901e-05 1.10090275939001e-05 1.68537794252188e-05 2.56538798566908e-05 2.24872373109974e-05 1.94925170944771e-05 3.31329396203728e-06 3.37086459012426e-06 2.01397179807827e-05 2.01610236558736e-06 1.78704371592175e-05
7.6729356078431e-05 7.68099462220562e-05 7.8485997619282e-05 6.12532639934216e-05 0.000175266253791051 0.000182374328869628 2.73966111308255e-05 3.19755553391587e-05 2.13935017200129e-05 1.24052627825222e-05 2.22867995944398e-05 1.38449272526486e-05 1.3731401440964e-05 1.99558694930602e-05 2.05930197807902e-05 2.28872433126526e-05 2.02690665446426e-05 1.33212729679144e-05 2.37812394516368e-05 2.23592930524319e-05 2.22084416236612e-05 3.3512532900204e-05 3.40955463798309e-05 3.41226756063406e-05 2.79513959867472e-05 2.84718655166216e-05 3.07100963254925e-05 2.31173318752553e-05 3.42988516422338e-05 2.57322642028157e-05 2.45375252234226e-05 1.95964737031318e-05 2.34251761867199e-05 1.39145837238175e-05 1.19723832995078e-05 5.71308848520857e-05 2.52029436524026e-05 2.38219263337669e-05 8.71252697834279e-05 2.32631922699511e-05 1.4899715415595e-05 2.32452221098356e-05 2.34301667660475e-05 2.20524366795871e-05 1.71642845089082e-05
5.93924920394784e-05 7.47206055166316e-05 3.28749097207037e-05 5.37661942871637e-05 6.31170791166369e-05 5.82356111408444e-05 5.23451755725546e-05 4.232642122588e-05 3.15800202770333e-05 3.60764358447341e-05 2.42196829276509e-05 2.80195292361896e-05 2.49320555212762e-05 2.25264157052152e-05 1.91714976608637e-05 1.99812419396039e-05 1.15811684509026e-05 1.11612083628643e-05 1.15340017146082e-05 1.23170470715195e-05 1.79636073426082e-05 1.46662778661266e-05 2.28115951358632e-05 1.7671562727628e-05 1.24526823356064e-05 6.5822896976897e-05 4.48374546976993e-05 1.89223579127429e-05 4.6701982319064e-05 7.53979491491918e-05 2.30294445827894e-05 1.95516332155421e-06 1.00027065627728e-05 1.11631542040413e-05 1.5510111779804e-05 1.6581923364356e-05 2.83727665191691e-05 2.88061192804889e-05 2.63315483607585e-05 2.68888166829129e-05 2.6640539363143e-05 2.55318186646036e-05 0.000233311971533112 3.34941457367677e-05 1.37737588829623e-05
7.4365528053022e-05 9.1007919581898e-05 3.15722990308132e-05 6.80949528032215e-05 6.52493927191244e-05 6.09172053373186e-05 5.442874662549e-05 5.19042891028221e-05 2.49410589276522e-05 2.28630782658001e-05 1.70071500178892e-05 1.10839267108531e-05 1.27168296330638e-05 1.16721041194978e-05 1.03980181165753e-05 8.4634269342132e-06 1.20635922030488e-05 1.69440666013543e-05 1.39529107855196e-05 5.13924434926594e-05 1.31262759168749e-05 1.19037772265074e-05 1.2086187712157e-05 9.62978285201643e-07 4.19896324501678e-06 0.000121190580284747 7.7938662343513e-06 1.51987509184437e-05 5.58373908461363e-06 1.28909811110134e-05 7.65512233556365e-05 1.55430743234319e-05 1.13844861289181e-05 1.69126525634056e-05 2.11405323170766e-05 2.4454699268972e-05 3.04386703646742e-05 2.99470569188998e-05 3.00878545203886e-05 2.7633107129077e-05 2.83268440398388e-05 2.73212238425913e-05 0.000232624530326575 3.85359003303165e-05 1.30121806705574e-05
6.30859860393684e-05 9.43723844102351e-05 0.000114537482295418 4.16744789617951e-05 7.90656034951098e-05 5.66457540116971e-05 6.88251133396989e-05 4.04791187975206e-05 8.15882782262634e-05 4.03996089517022e-05 1.42694347687211e-05 1.08151911263121e-05 7.21440896995773e-06 5.00172708598257e-05 5.98786692762587e-06 1.74057847971198e-05 1.1963045938046e-05 1.47357573041518e-05 4.66427292849403e-05 0.000357682278263383 0.000318553245597286 1.48194473695185e-05 5.4072076909506e-05 7.14229621735285e-05 1.82127863581627e-05 1.34933150320649e-05 1.93024347936444e-05 2.92395883661811e-05 0.000133307454507303 1.34990784317779e-05 2.42748379605473e-05 1.12504716980766e-05 1.63594564355662e-05 1.53576000229805e-05 0.000111670294336363 3.09055608340714e-05 4.63574902369146e-05 7.47918326169383e-06 7.88787166356997e-06 7.03419128967653e-05 1.03591791230429e-05 9.43818822634057e-06 9.51028223425965e-06 1.58869760525704e-05 2.61810219853942e-05
0.000118788062900421 9.69161934335716e-05 9.37551614697441e-05 9.0420080050535e-05 3.08440858134418e-05 3.43209342645423e-05 7.83237903306144e-05 6.3098923965299e-05 6.19816515609273e-05 5.13785345901852e-05 2.50102171776234e-05 2.40371698964736e-05 9.38437021886784e-06 6.17168034295901e-06 5.69722791169625e-05 8.1290019465996e-06 9.87517989869957e-06 1.03107941868075e-05 1.09984006712693e-05 4.82861415093794e-05 1.62338622885727e-05 3.59366991915522e-06 1.25802217326054e-05 1.31080601931899e-05 1.96738422800991e-05 1.36925576043723e-05 1.57634869538015e-05 2.13185353459266e-05 8.85362958797486e-05 1.27221918319265e-05 9.6209179082507e-05 1.42789836218071e-05 1.09230602902244e-05 1.23071571579203e-05 9.9348182175163e-06 1.73504312442674e-05 5.90470766837825e-05 4.3221068517596e-05 2.67505597548734e-05 3.42979702509183e-05 1.21361547826382e-05 2.44150415710465e-05 9.356086770822e-05 0.00014259735980886 5.82736816340912e-05
0.000128144756308757 0.000125222225688049 4.1974268060585e-05 3.06330650801101e-05 2.58957060850662e-05 2.49153184086026e-05 8.12554892036133e-05 7.43558230169583e-05 6.62874976114836e-05 5.29517456016038e-05 4.75044522318058e-05 4.58740745671093e-05 1.82528680397809e-05 1.53774314640032e-05 2.75252731626097e-05 0.000111950860082288 2.75766654340259e-05 2.78339759461232e-05 2.70650495622249e-05 2.99527437164215e-06 3.37337486371325e-06 3.14084386445757e-05 3.16672989356448e-05 1.77570623236534e-05 1.0442928851262e-05 2.33643035244313e-05 1.36483483856864e-05 1.82156756181939e-05 1.98692775711606e-05 0.000121433244203217 4.94748313940363e-05 1.23209952789693e-05 6.03900811029234e-06 1.00615981182273e-05 1.06062853092226e-05 1.06208490024073e-05 1.25583179169553e-05 2.05511698823102e-05 1.47660334505417e-05 1.20940447004614e-05 8.15673195120326e-06 1.01916343055564e-05 1.96573741504835e-05 5.5000345219014e-05 1.65933306107036e-05
