Maxent_result_files_2/B_incertus_2.asc
NCOLS 594 
NROWS 330 
XLLCORNER -15 
YLLCORNER 23 
CELLSIZE 0.166666666666667 
NODATA_value -9999 
[rows 220 to 239 of 330, columns 540 to 584 of 594]
0.0485631324350834 0.0539812307804823 0.0444422563537955 0.0483271822333336 0.0403134668245912 0.00632016523741186 0.00958833091426641 0.00892862682230771 0.00391898732632399 0.00142726093763486 0.000969544675899669 0.000783677768777125 0.000101330134202726 3.24143550642475e-05 4.35866240877658e-05 4.88526918616117e-06 3.31448661654576e-06 7.3658038445501e-06 4.82624279356969e-05 2.02934326694049e-06 1.26194329652662e-06 0.000138960362164653 0.000737200253934134 0.000749525244464166 0.000264889282698277 0.000827160821063444 0.0002685364572244 4.01590021283482e-05 2.17684170365828e-05 3.50534402059566e-05 1.40020504431959e-05 0.000188297270506155 0.000132581852085423 9.88842158221814e-05 3.29748502736038e-05 7.3012757638935e-06 3.52250896007433e-08 3.23355369147293e-08 2.27863697688235e-08 1.4687610905284e-08 4.85237758418577e-08 9.4275617312789e-09 6.99926033798093e-09 9.76011119702136e-09 2.9191573887033e-07
0.0389745669439435 0.0374426798895001 0.0442984750494361 0.0262103401124477 0.00117253399803303 0.000562040015938692 0.000344456075981725 0.00020984730872442 0.00030103590543149 0.000141123210050864 0.000281339610228315 6.91128116159234e-05 0.00026880070581683 1.12602651825e-05 3.22770016225604e-07 1.01965777901114e-06 2.9947574802236e-07 5.99652955202146e-07 5.31127216163441e-07 1.48451166296582e-05 0.00156120200990699 0.000649228764814325 0.000146493281499716 0.000251447131449822 0.000576564097718801 0.00091157435963396 0.000249188805901213 6.41091877696454e-05 1.49372126770686e-05 4.59487389434798e-06 3.54859673024066e-07 5.22584135978832e-05 1.26465562061639e-05 3.2278736898661e-05 3.85735524588426e-07 1.46278826562707e-07 7.79488562585584e-08 2.54136691246742e-08 1.09575513995708e-08 5.27978917475025e-08 1.14764360459318e-08 8.60806474989317e-09 6.9259892265805e-09 3.8067624608118e-08 7.95259612829113e-08
0.0258689807727933 0.0331201372668147 0.0393714612349868 0.00110033270320855 0.000300911004887894 0.000339220660680439 0.000743363003130071 0.00015507816860918 6.08631717113894e-05 0.000292916396574583 0.00231419202755205 0.000920668183243833 0.000631863794114906 4.88131009660719e-05 4.5797983148077e-06 1.01331704399854e-05 2.11785635201522e-05 3.34258694238088e-05 0.000510647609189618 0.000975609736633487 0.00181014928675722 0.000814305940002669 0.000989671656861901 0.000831344600010198 0.000741147048393032 0.000677879241993651 0.000265601839055307 9.10832688532537e-05 9.58990403532312e-08 5.75113420886453e-08 7.9629400261183e-06 4.59236088772741e-05 4.89463185658678e-05 8.50274240065119e-06 1.57639945541632e-07 1.2707278651547e-08 1.02968062298814e-08 8.18093148780008e-09 7.35049022759782e-09 5.49737917410198e-08 6.75411619965871e-09 2.20265451211787e-08 3.82456221359462e-07 2.87719338984971e-06 1.52346499220357e-06
0.00835158997215331 0.0152698838151991 0.00524756321683526 0.00196955081191845 0.00151337060960941 0.000153222037624801 0.000106284625144326 0.000832834024913609 0.000258099372149445 0.000144654801624711 4.9874937030836e-05 0.00047186839801725 0.000492418619978707 0.00229668042738922 0.00108559737564065 0.000740688547375612 0.000709732972609345 0.000482517571072094 0.000515694559726398 0.00250661348400172 0.000469105376396328 0.000507018077041721 0.000671109295944916 0.000368025493662572 0.000147537557131727 9.22841578358202e-05 6.81102843373083e-05 1.13826635924852e-05 8.83297197162847e-08 3.16127932009636e-07 1.13497373348537e-06 2.55706619327611e-06 2.02224574422871e-05 1.73177668330027e-05 1.22676286764545e-06 2.12475323024819e-07 1.00620007081886e-07 1.3874570221617e-07 7.09563255441026e-07 4.83642805875206e-06 5.6687891927254e-07 9.43088331872843e-09 5.93269552373599e-09 3.53079460779782e-08 3.20690942690049e-09
0.00720605414826423 0.00298360480228439 0.00658841910772026 0.00217286855913699 0.000264144314132864 0.000328747705498245 0.00193073454429395 0.000268737338774372 0.00230065631913021 0.00176195049425587 0.000417442771140486 0.000171510163636412 2.47013942498597e-05 0.000355990572279552 0.00040682916296646 0.000341896726604318 0.000182369753383682 0.000569058425026014 0.000599485427665059 0.000264122407679679 3.37719644448953e-05 3.0287011531982e-05 1.03425798442913e-05 1.90727562085158e-05 3.96094026910987e-07 5.73015167049107e-07 1.17927039688936e-07 1.10330983282836e-07 1.26849657249295e-05 4.56241964457149e-06 1.34631640236194e-07 2.37935532368283e-05 3.83133319701301e-06 2.66366849245969e-05 4.01771608267154e-05 8.56511960591888e-06 8.49419069481883e-06 6.97950576977746e-06 2.228095860346e-06 3.50629313317086e-07 6.19931339151947e-08 4.63317320065215e-09 4.00801566380338e-09 2.32680404943508e-09 1.80378680880722e-09
0.00049893874238478 0.00311902181711048 0.00365478883031756 0.00180816387000959 0.00344284249003977 0.00323620322160423 0.00307267812313512 0.00208656776812859 0.00044134173222119 0.0004664589818276 0.00119151842809515 0.00105132559256162 0.00319735868833959 0.000286070950096473 0.000224006106873276 8.4179606710677e-05 0.000249064220406581 0.000118656821723562 2.30662305057194e-05 6.38628520391649e-05 3.40898385729815e-05 2.27415519589158e-06 4.93977626092601e-06 1.71328429843243e-07 1.05628442170769e-07 7.83520622604783e-08 8.54665490379602e-08 5.25335970280594e-07 5.81263205390314e-07 5.55672654911632e-07 6.68081538535148e-08 5.3140074953717e-06 1.35610565507704e-05 6.02570614773867e-06 3.86255661624091e-06 3.92912709230586e-06 7.98667923618268e-07 1.6530656559155e-07 1.0531780212375e-07 3.65800771895408e-09 3.1195081184876e-09 2.56566305978367e-09 2.06715998762874e-09 1.9678862095418e-09 1.6360978682961e-09
0.0132403722964227 0.00763521284097806 0.00586511450819671 0.00203946067776997 0.00205446807085536 0.00275494202796835 0.00313749162014574 0.00300899510039017 0.00558460653410293 0.000842397965607233 0.00016924753508647 0.000345809265854768 0.000253099401015788 0.000133545144853997 0.000100646180726471 9.92838187812595e-05 0.000170162289214204 0.00013036299169471 7.32623107978725e-05 3.50227312992502e-05 3.34201130499423e-05 8.50421045015537e-06 8.49782213663275e-07 5.64590914109431e-07 6.67576760982058e-08 3.33712327993396e-08 3.4367309353911e-08 3.42757472626687e-08 1.56641590809414e-08 1.227932220349e-08 1.68800203148578e-08 1.42601314312429e-08 5.2042634806071e-07 1.38481841815974e-07 1.36454254562324e-08 5.63139466169815e-09 4.33514846243099e-09 3.85353524645637e-09 3.60539306187846e-09 3.02607038316083e-09 2.65913818742192e-09 2.0789296839574e-09 2.03362096051762e-09 1.54181142297816e-09 1.26167372105357e-09
0.00172723347204737 0.00175759444537107 0.00797760972054675 0.00542620257474482 0.00643208980327472 0.00605479143559933 0.00144927095388994 0.00118843925592955 0.000634841168357525 0.000104404536068614 0.000229061960271792 9.44022705880343e-05 2.59108323461987e-05 0.00013044111256022 0.000110574841346534 3.80816269171191e-05 5.69870601793809e-05 1.03279023051073e-05 1.10612951630173e-05 1.53405346168256e-06 5.24689351664165e-06 6.71799764973002e-07 1.52212709991772e-07 6.43613608630744e-08 4.42619948692879e-08 1.90258771226581e-07 1.06798827061994e-06 1.77052534056088e-07 1.42887388365764e-08 9.86061352570289e-09 1.04082567897734e-08 1.0335460443045e-08 8.15780473173433e-09 6.38277863895809e-09 6.01605476546752e-09 4.40948049185152e-09 2.53535468175414e-09 2.39236730426029e-09 2.44976823271514e-09 2.16806101960287e-09 1.82270502024906e-09 1.68947043022172e-09 1.51339825116281e-09 1.29590115305334e-09 1.32094644111902e-09
0.00124247097119223 0.0038332263182383 0.0100071061286144 0.00584788111736998 0.00157243155990727 0.000635398033773527 0.000926635914947838 0.000663665489992127 0.000525672362709884 1.55816126607533e-05 3.91626605278361e-06 1.27744758628978e-05 4.55811773463211e-05 9.43634647683211e-06 2.51540736826428e-05 5.02404561331105e-07 3.88074198554023e-06 1.78475418124435e-06 2.26583578566419e-07 1.56046282384636e-07 1.39028693979526e-07 2.81064891893834e-07 1.49298444966917e-06 1.5686078370436e-06 1.63464115303213e-05 4.19228189230125e-06 1.81175288389568e-06 1.50629534445557e-07 1.62702372241696e-08 9.31061364672914e-09 8.22696536451062e-09 7.18986615799722e-09 6.45047486536043e-09 4.09566274228723e-09 2.53931889959702e-09 2.95109110481917e-09 1.87312141353146e-09 1.50822496713943e-09 1.48413965561645e-09 1.47204440859028e-09 1.62473862141965e-09 1.4393949698821e-09 1.25859704880327e-09 1.03134549789274e-09 7.9443809308799e-10
0.0048197886440903 0.00692027355544269 0.00280095356283709 0.000290266591036925 0.000405427116493229 1.78199597030471e-05 0.000113236345350742 0.000183627294245525 2.47474218326715e-06 2.01198417016712e-05 2.2156468094181e-05 3.78995388018666e-05 1.4696696075589e-05 1.51266782040693e-05 2.87795218696374e-06 4.41765421044238e-07 3.62101806317128e-07 1.86386531098037e-07 2.26716867146592e-07 8.60687802060056e-06 3.29218278693588e-05 0.000509144418174401 0.000107178844336886 1.30361570995774e-05 3.64871940519151e-06 1.46768214293047e-07 1.88271543688501e-08 1.05292800478551e-08 8.35571297708171e-09 8.4498731345306e-09 6.20207073476209e-09 6.39761490450752e-09 5.28413833800201e-09 3.87783474220527e-09 2.04534675862789e-09 2.37294378591102e-09 1.73460121821734e-09 1.70641847319075e-09 1.43272107511194e-09 1.31715733875382e-09 1.50510620633426e-09 1.58520923054795e-09 1.16842592268185e-09 8.78797090653194e-10 7.46307859955664e-10
6.27746843747445e-05 1.00642004554174e-05 3.15795323331258e-05 0.000145356296161481 3.69465506992128e-05 8.93380429261015e-05 4.11645362873969e-05 3.30980859416741e-05 2.37033595453795e-06 2.19218616166472e-05 3.10067948703363e-05 4.04793912821333e-05 1.37347211932592e-06 2.98388691248874e-06 3.0858051296434e-07 2.3040488841275e-07 1.83787924434853e-07 2.19427739622802e-07 6.53473357203893e-07 1.27904876308094e-06 5.94102079048753e-05 4.3110951082781e-05 3.61558777512982e-06 6.41676817281223e-07 3.68761052360611e-08 1.56341770196633e-08 1.11572544314598e-08 7.71671511134997e-09 7.5526716547536e-09 7.20637122197942e-09 6.1665506145836e-09 5.48689315094109e-09 4.714419021834e-09 2.60183826705784e-09 1.87123342376694e-09 2.36792495611482e-09 1.33183181150187e-09 1.28509983765568e-09 1.14224211200664e-09 9.49624456847431e-10 9.28568089086923e-10 9.55733048257912e-10 7.85957277038563e-10 5.61674495802578e-10 4.04879985094198e-10
5.45349375897786e-05 4.30419116810299e-06 1.58500550696772e-05 5.9761951888504e-05 9.86219291007728e-05 0.000366271046368638 0.000142470215905632 3.84648886210925e-05 5.83407895646815e-05 1.4832430451861e-05 7.35304985255425e-07 2.15830933569805e-07 9.82365675028518e-08 8.88478554728067e-08 8.79325098068762e-08 1.56215966562456e-07 2.79165485395083e-07 6.9350229068732e-06 1.92984985005751e-05 4.67401065179729e-05 1.46510762306207e-05 5.00758175370208e-08 2.38934495300214e-08 1.98431389986098e-08 1.64950028080924e-08 1.21787124385264e-08 1.11254220946932e-08 9.3961045721791e-09 7.54434480443322e-09 7.89472628381915e-09 7.13555894371609e-09 6.38398276464613e-09 4.34724333198133e-09 2.26217387044869e-09 1.98316080224359e-09 2.62715376120326e-09 1.62765023681288e-09 1.16083620493868e-09 1.07519296799197e-09 9.64550839199774e-10 8.04911015617194e-10 7.01920754853091e-10 6.17697926141858e-10 5.16274312190035e-10 4.16745471465418e-10
0.000697677885182202 2.69288662479994e-06 1.4710679494101e-06 0.000162332987019909 0.000113669996062526 1.48640827774216e-05 0.00125428211467806 0.000401560028694803 0.000114657805170282 7.89188250564621e-05 6.28945559810745e-06 9.26170159232242e-07 5.10999373659615e-07 1.16710043229773e-07 1.25232481451576e-07 5.36669480197816e-06 4.45310194663762e-05 4.91984312247951e-05 9.03021009435179e-07 5.64042276884891e-08 3.19509401602858e-08 2.432320549417e-08 1.92983222957466e-08 1.61262664111206e-08 1.57853344173731e-08 1.33451562689402e-08 1.22181148309863e-08 1.07724312581325e-08 9.35022121950624e-09 9.19414442357436e-09 7.9009909725869e-09 6.80480254366955e-09 3.91966251678255e-09 1.9614913027155e-09 2.02283004790971e-09 2.01956570355932e-09 1.26315914394937e-09 1.27463076760037e-09 1.27102022240422e-09 1.1385957843224e-09 1.04075673634796e-09 8.47178016627481e-10 6.27862539737123e-10 5.50751089178902e-10 5.04653152599843e-10
7.36272746507893e-05 0.000150415691314265 1.28686650214149e-05 5.12907057782286e-05 7.4019864496222e-05 9.54301605815999e-05 2.81209131571813e-05 8.35406999613042e-05 5.0275125704502e-05 1.72705025988762e-05 6.30865289394933e-06 5.73072629777016e-06 6.6242241132386e-06 8.57074033433491e-07 7.70744762235154e-07 0.000138505308859749 7.86879420047626e-05 0.000106398646857997 5.34341352675938e-07 3.68961598162798e-08 3.43774509303785e-08 2.54374419306203e-08 1.95017405335562e-08 1.72462820469121e-08 1.47659858118487e-08 1.45284686503544e-08 1.49754054934448e-08 1.54743762914578e-08 1.47898484570419e-08 1.20015775983973e-08 1.05918871451394e-08 7.47732007422286e-09 3.81288361994692e-09 2.31846486453691e-09 1.94422971055985e-09 2.14692419397977e-09 1.30798238906493e-09 1.52757120286395e-09 1.28344026517624e-09 1.36633637737305e-09 8.83652084837649e-10 9.05054520217163e-10 8.1288864528517e-10 7.02803693020115e-10 4.99984842416978e-10
7.81149998374531e-07 0.000110017554470687 0.000264604012772907 2.76270199947248e-05 3.54048119106665e-06 1.17955832365624e-05 2.84233240108733e-05 5.2671223784273e-05 1.21805006756404e-06 7.57192076150659e-08 7.144447522478e-08 7.74153201987815e-08 1.20789428947887e-07 4.64961030957056e-06 1.60021688316192e-05 0.00025122061415459 7.4629888877098e-05 2.46733808353383e-06 5.4554929729278e-08 4.39037061816805e-08 3.31698537081593e-08 2.01952850442666e-08 1.9733095335539e-08 2.01532007526595e-08 1.67921947902272e-08 1.60029110407578e-08 1.89774190584302e-08 1.89323471122549e-08 1.76277713315187e-08 1.44845476501843e-08 1.19396338593702e-08 6.07887530312823e-09 4.05152252858088e-09 2.56772130224903e-09 2.60915308247789e-09 3.10753996979329e-09 1.83928673402889e-09 1.316462705514e-09 9.95858751018375e-10 9.31040522456072e-10 9.32269761388937e-10 1.07185130771015e-09 1.0928585036929e-09 7.69840791114973e-10 5.70584757220161e-10
6.72711352933675e-07 5.00056651162595e-06 4.14995414757868e-05 0.000198005090896913 0.000169250348335481 4.14219193771714e-05 1.4538510345119e-05 6.193446256475e-06 2.1258289166326e-06 1.32461256896477e-07 9.89157429742704e-08 5.34650874683962e-08 4.96240182314978e-06 3.49483470927225e-05 0.00010128550020454 7.41716563425143e-05 6.79759169770477e-06 7.55564068199988e-08 4.74260165361784e-08 3.5669042475206e-08 2.74230607111292e-08 2.18057965017948e-08 2.16563655897062e-08 2.29004020191326e-08 2.33909629443474e-08 2.00476382605785e-08 1.82824788641511e-08 1.89958767604637e-08 1.94746702320003e-08 1.46545687584876e-08 8.7578179042147e-09 5.75527441259993e-09 3.96212765929604e-09 3.75141739894502e-09 3.77682083385622e-09 2.6123782359555e-09 1.95307675587841e-09 1.69260909732571e-09 9.90431647807099e-10 9.3818860458228e-10 9.08620823025785e-10 1.2247028724488e-09 1.16919267600935e-09 8.15706868717569e-10 6.53861009780599e-10
4.81799413876161e-07 1.25876192136332e-08 3.6531398066586e-07 2.55261646202598e-06 2.83434775951719e-06 7.84733517775749e-06 1.8728644931798e-05 3.15042956913203e-06 2.29673624474458e-07 7.47299894499065e-07 8.13199281424204e-07 8.81152569576216e-08 1.38548545010053e-05 5.65210254535486e-05 0.000143114789898391 2.9113878190401e-05 7.84725635583072e-07 4.68407227671719e-08 4.095344650068e-08 2.78118436281005e-08 2.39772520949089e-08 2.34524524689306e-08 2.64443295261429e-08 2.4817637589436e-08 2.18774606430827e-08 2.14711018298175e-08 1.94551601939708e-08 1.94776640594085e-08 1.90006019584743e-08 1.62574733675314e-08 1.00230660771139e-08 1.03132678730411e-08 8.0827374793202e-09 5.45971672316625e-09 3.94906746192802e-09 2.86785843961468e-09 2.43396816035357e-09 1.91564074603079e-09 1.75711001304535e-09 1.25375655413151e-09 1.46160532565887e-09 1.60081579103633e-09 1.45071934465335e-09 1.3534407261595e-09 8.51278858515769e-10
1.49900001815695e-05 3.59324051402155e-08 1.33613505397534e-06 1.6026653128165e-06 2.8737452794303e-05 3.38387263582263e-05 3.63438508429681e-05 0.000164224483341968 1.78407340399644e-05 1.43548129116766e-07 1.70480065975198e-07 6.06326361776155e-06 7.45833773180493e-05 1.51474212088942e-05 8.79435612660018e-05 8.75911355535663e-07 4.84658714050568e-08 4.37104837658353e-08 3.98021285263894e-08 3.59999707377767e-08 3.37263757810291e-08 3.16405994738034e-08 2.70950888836552e-08 2.25355924587944e-08 2.24432241235917e-08 2.21911046427437e-08 2.25238737439071e-08 2.16982239287233e-08 1.87186377731408e-08 1.63782548412428e-08 1.56755996183477e-08 1.2490320377978e-08 1.07931130699512e-08 9.80556741358996e-09 6.57792662561718e-09 5.8066822239411e-09 3.16289782142931e-09 2.7702493077264e-09 2.02153027650809e-09 1.93484802624155e-09 2.02211194455515e-09 1.50196342474374e-07 2.20499021263976e-09 1.73624548072127e-09 1.26386819898627e-09
2.5652678825594e-08 2.03876011539705e-07 1.22140467624376e-06 1.66528618308348e-06 3.97992220769083e-05 8.94239834451582e-05 5.96038467392646e-05 0.000206601778882032 0.000262810038111638 2.30592911236727e-06 1.85227143489897e-07 1.9138881484082e-07 1.80909304674515e-06 2.68926835133243e-05 6.18933046098391e-05 4.32763941660141e-07 4.74816580720017e-08 4.16424803084681e-08 3.99095947400951e-08 4.07262166213229e-08 4.00936791322692e-08 3.72272303650334e-08 3.35803584938787e-08 2.73223989211147e-08 2.40657392680532e-08 2.28640465671504e-08 2.30362537489981e-08 2.34375395091746e-08 1.96887661729761e-08 1.49265059867787e-08 1.52747683168641e-08 1.4696753747323e-08 1.40481127619552e-08 1.71854084296541e-08 1.40203635368152e-08 8.80013804049895e-09 5.72658196418274e-09 5.14942584128875e-09 4.24744963645196e-09 3.9002130525212e-09 3.90294941920999e-09 4.33088620521715e-09 2.53778867920218e-09 2.31149706042544e-09 2.17748185038502e-09
2.70114177283176e-06 1.56108115447751e-06 8.38867267702881e-06 4.11715499808452e-06 3.57814140897972e-05 1.9236294701841e-05 0.000106009435330634 1.97331095023401e-05 0.000112944421198335 1.18388584610329e-05 2.95114085346881e-07 5.18481569997675e-06 2.19036578528176e-06 2.04924087938707e-05 1.44216445278289e-05 1.28292387557849e-06 5.10941889686478e-08 4.26635340389225e-08 4.11930997756826e-08 4.40137503332494e-08 4.25566450523718e-08 4.07649786815512e-08 3.57170251596983e-08 3.45633873077844e-08 2.75928950799198e-08 2.47211016990434e-08 2.66704514029215e-08 2.44175465624608e-08 1.86839610449852e-08 1.53415226300524e-08 1.50128532938609e-08 1.46647022969404e-08 1.62354286459276e-08 2.09648990612266e-08 1.18690854922221e-08 1.00680582204582e-08 8.94673940488033e-09 7.10193729380748e-09 6.22931496385704e-09 7.1476276675142e-09 6.28739403873979e-09 4.68259049313247e-09 3.43117021461836e-09 3.38090940799063e-09 2.89211257165078e-09
