Maxent_result_files_2/B_incertus_2.asc
NCOLS 594 
NROWS 330 
XLLCORNER -15 
YLLCORNER 23 
CELLSIZE 0.166666666666667 
NODATA_value -9999 
[rows 260 to 279 of 330, columns 540 to 584 of 594]
0.132654614746571 0.00698932987870649 0.00015971563916537 8.27280196972424e-05 1.04719822957122e-05 1.64320419571595e-05 0.000279581619543023 3.6501282829704e-05 2.29179980124172e-05 1.00398972790572e-05 1.33787111167294e-08 2.65251672848521e-09 2.6235432493138e-09 9.80870984435e-09 4.36262685354905e-07 6.70503934088629e-05 3.92621768430246e-10 7.84827758337769e-13 1.55503387944123e-12 2.27530549956612e-11 1.00957020521264e-12 7.95641330597618e-13 3.45065087614671e-12 2.27893259818757e-12 1.81891168793413e-12 2.93757240754644e-12 3.2481017875341e-12 4.47068049247434e-11 2.63115162990601e-10 7.71998021065201e-12 1.51671120107721e-11 9.09706021623435e-10 7.13833061549707e-09 1.43486337256249e-09 1.47328327315677e-10 1.16562584029367e-09 5.1466831796354e-09 1.45674361462511e-11 2.47265541375441e-12 1.42049068063699e-09 7.28870879207477e-09 1.38207110200739e-09 2.1848101106059e-11 1.82288628636229e-12 2.46695996963808e-12
0.0492976760491729 0.00398119292221963 9.98446066660108e-05 8.63820347149158e-05 3.34200714860344e-05 3.24160694617603e-05 7.54568027332425e-06 6.02911793521344e-06 3.51767984057005e-06 1.23779938348889e-05 3.13122721991022e-06 8.64549441814688e-08 6.26531457825763e-09 4.40463199247176e-10 1.71557119621468e-09 1.79914332321118e-09 9.29094047918966e-08 1.6836466665282e-10 6.95005164530471e-12 1.65201208268684e-10 1.76026970777343e-12 7.68940466855383e-13 2.18410844965433e-12 1.73205338960258e-11 5.22326626395397e-13 2.61936028422838e-12 1.33809630042947e-12 1.39765976570061e-13 4.13957756961736e-13 1.56427093500611e-12 3.12816439418384e-13 1.82964754458226e-13 7.21732451580692e-11 5.10720354895966e-12 1.54448676070729e-12 6.8102967709649e-12 3.68865604727375e-11 2.62606603129711e-12 2.64976929287286e-13 1.86763604581586e-11 3.05835404779131e-09 3.52854729879226e-09 1.82742271315206e-09 4.84541164968988e-09 8.67678484617329e-10
0.198281688243151 0.00921983858570457 0.00181265948340297 0.000152244853961747 6.18213127836498e-06 3.44338573995628e-05 2.20171560840754e-06 4.09847115179218e-07 9.54867456215425e-09 1.00247119938501e-07 3.56752342867139e-07 1.50945483028408e-06 8.2655676436616e-07 1.8479289883544e-05 2.62963037300779e-07 6.17583199868932e-07 4.00901172703527e-08 3.81652144332278e-09 1.85623811876923e-09 2.68541999748351e-10 5.94715388047007e-12 1.68806080225181e-12 2.63790655985474e-11 2.75426348395058e-12 2.41070496898033e-12 7.08354486178564e-12 3.61394247860858e-12 8.52873327517045e-14 2.74616140938377e-10 1.15758624907869e-11 1.67799107941846e-13 5.80380188353047e-13 8.18167755767263e-12 6.10073880302764e-11 2.09553485674974e-12 5.93625149036825e-13 1.39583899994022e-12 7.34293736925906e-12 5.43751932369219e-11 2.38761344029115e-11 1.43057787838075e-12 7.22732984570484e-13 1.32332922397893e-10 1.42272922554199e-08 6.1694269803958e-09
0.320326199382544 0.0160740599967539 0.00462044870946556 0.00113962592440657 1.21769225188473e-05 6.09918741247384e-05 9.23550268794315e-07 7.42300753131531e-07 2.08591423245252e-08 2.64544441908043e-09 6.38423898191576e-09 1.14019184094261e-08 8.60496033316949e-09 1.45564998206282e-06 6.30106409005293e-07 0.000239802370560938 9.53534131440392e-06 3.03892480069123e-09 4.62954912183733e-09 9.44443068195966e-10 2.2066983129676e-09 1.43340006530934e-11 1.94850802159863e-12 5.08174613500501e-12 7.56444906713227e-12 6.93988200239914e-12 1.61914925911333e-13 5.32847099776745e-12 3.21342163989158e-10 5.02142771807712e-13 7.00361990624288e-13 2.03593364389576e-11 5.17666132182626e-11 8.22397261401875e-11 3.61615370980672e-10 1.3492519657099e-09 7.79466824418762e-11 5.34822852671368e-11 7.14700003623392e-09 1.31178309459301e-07 1.90188939264146e-08 3.42610828596435e-11 1.13112852417885e-12 6.95244828374797e-10 4.78099181133729e-08
0.0519211377948523 0.1268759528175 0.00731045284774154 0.0102060559671372 0.000243965692061465 1.17054255497351e-05 7.0301564392139e-06 3.78571631642899e-07 1.03594689448983e-07 4.09770833931233e-09 6.32589514104609e-09 5.20415244409378e-07 3.4184197659215e-07 1.35539471273205e-06 2.51314387078594e-08 9.06870818440098e-08 1.90770962944953e-05 1.6973781380436e-09 8.56977933061387e-11 4.55143046584894e-09 3.89405494516382e-08 3.09923875079221e-06 9.42301792150602e-12 1.45710432608581e-10 9.28113919052009e-11 1.07478725919208e-10 6.40509867366745e-13 1.24545929125475e-12 2.53996823573743e-13 1.63657976059994e-13 9.92583792935875e-12 3.94823729266136e-11 8.18687118098183e-11 3.63288732430078e-11 4.69218552900941e-11 6.92071279839723e-08 8.28102808547726e-11 3.12666537105599e-10 2.09040646570458e-08 1.8470351037525e-08 1.05634204272675e-08 5.40323141784427e-10 1.58328690158527e-09 3.65263108648151e-10 1.21488149140703e-07
0.00607165653491393 0.171785731613636 0.275016528367996 0.313973496854305 0.00992856230586767 0.00133243392338045 5.69591040857631e-06 5.83145896015935e-08 3.66543270047259e-07 1.37974824454545e-07 2.05891278426407e-07 1.81694665712939e-07 3.28773660518422e-09 1.6699979576984e-08 4.92953622810433e-08 4.45145849070627e-09 6.84101841130769e-07 2.79015312116826e-06 1.44824829906298e-10 5.31378274715166e-12 7.32449079166031e-10 4.50618082403764e-08 7.18296819286479e-06 1.72684301844583e-06 5.06147610224161e-07 2.46824169636284e-07 1.04503117537291e-07 1.33660339329822e-07 3.22747939485168e-11 1.08047404356881e-10 3.85132487012996e-09 1.64469761143593e-09 3.20756170513192e-09 7.78546005442138e-10 8.13377143416005e-11 3.38867156557399e-11 1.04282693591529e-11 1.76500036808136e-11 1.17250820164116e-10 1.84258086566302e-10 1.73248480006549e-09 3.39792705084108e-10 1.28084023387487e-09 1.4336820619576e-11 7.10339564946594e-12
0.101993012800813 0.19211858548224 0.204296186938882 0.419542670249939 0.277406544983387 0.00615601276513189 0.000131304119713604 5.88254461035831e-06 1.13887743395935e-06 2.13146385164009e-07 8.69773194267509e-07 6.24816686922713e-07 9.10943771526007e-09 3.52125871572184e-08 5.43793233553913e-08 3.81179556807609e-09 6.8344270909293e-09 5.38757669588108e-09 1.12471219182453e-07 5.84600590158857e-11 4.88603602022408e-12 1.19391446729011e-09 6.52189062755326e-08 1.99794727109293e-06 1.60308534224995e-08 3.24773485882446e-10 1.38884624911739e-09 2.53730942922914e-08 1.28987916696133e-05 4.40665964163145e-07 2.07700513454867e-09 1.15320378801798e-09 1.40316556151987e-09 1.08063336057285e-10 3.9122971529082e-11 1.95423344173662e-11 3.18770121410239e-11 9.70777014330793e-11 8.37915847817783e-11 3.47454620630572e-11 1.46779699505828e-11 7.47329975681055e-12 1.16920606529902e-10 2.72291078573517e-12 1.40124478686943e-10
0.36102397069335 0.169297075271606 0.341565388441086 0.149584579467773 0.27082936167717 0.0091976749477908 0.00183363913092762 0.00125177144655026 0.000235650283138966 2.56820732857932e-07 3.06010155526337e-07 8.13856638615107e-07 5.58383218773884e-08 5.60066316879215e-08 1.57627089159007e-08 2.68392122748651e-08 6.6292559441905e-09 1.29704475160253e-08 1.21981647005498e-08 5.11376685441434e-09 6.01205529804361e-11 5.33293409432645e-11 7.35656757733238e-11 1.92670188026156e-08 1.59210213013239e-08 2.06938362001807e-09 2.4467077985868e-08 1.88925828403796e-07 2.06112511591527e-06 8.19285963515881e-08 5.87289439302197e-09 7.1478738927766e-09 7.11579675627405e-08 9.04665796719328e-09 2.82955647801231e-10 6.94813095947211e-11 9.73242042512368e-11 1.07122699599671e-10 2.44409603666895e-11 1.39903733042956e-10 3.98350075148102e-10 1.18144802829789e-09 6.19336260054837e-10 2.75650691161644e-10 1.29476553922814e-09
0.00165651930146851 0.000140815442637177 0.0138229316566139 0.295439764112234 0.13932104408741 0.0706365328282118 0.00803775407839566 0.00704513373784721 0.000245887928758748 1.44851907862176e-05 7.97784132089419e-08 1.23926687365383e-06 1.25782046325185e-06 4.94525460226214e-07 7.72640074586661e-08 4.91533576507663e-08 3.71296108525598e-08 1.31960928850816e-08 1.13354645669972e-09 2.06734473984227e-10 3.01839527594439e-08 8.80889377441463e-08 1.55242773081099e-09 3.08156496586776e-07 1.79233239361309e-10 1.67799885097963e-11 4.06249478501763e-12 4.61241045357497e-12 1.12336868807184e-08 3.07935205778875e-08 5.48953121848328e-09 6.57995657959987e-10 6.11204614697769e-09 6.25002827270293e-10 8.382466498702e-10 4.0035581516662e-10 3.67404773271574e-10 7.20763715378325e-10 9.14233011517496e-10 1.54834878252075e-09 5.48450507231735e-10 4.34303781826628e-10 7.57628226821794e-10 1.1099605901066e-09 3.06458410870292e-09
0.000501826248000725 0.0453646531328559 0.00164269276683626 0.194463554024696 0.006023409741465 0.0354525579605252 0.0257444157265127 0.00546019002795219 0.00935341995209455 0.000298506792751141 7.76010710978881e-06 1.34004599061655e-07 5.90573375802705e-07 4.33889719886338e-07 2.97278613459184e-07 2.08621594310898e-07 3.26086387225644e-08 5.74551406451462e-09 4.35564584400083e-11 2.88639304679705e-09 1.09045217300263e-11 3.18534791876601e-09 1.27141743746506e-06 2.42912408765505e-07 1.03698772768723e-07 1.82733817766234e-07 1.85105133443386e-09 1.44754697117833e-10 2.42053984633728e-09 7.81986442266458e-10 2.17980456795885e-08 1.52089805971478e-08 9.44788425272236e-09 6.7634711942155e-09 5.00437435935197e-10 1.05636398517461e-09 2.21082308016207e-10 5.78749759228003e-10 7.35846528154838e-10 1.30021682309689e-09 6.98356616979368e-10 1.61208051352446e-09 2.39253737932543e-09 1.5417220944336e-09 6.75642224390316e-09
4.43585402763347e-05 0.0120179801248014 0.00539120838511735 0.0874633427709341 0.104119236394763 0.0637277647852898 0.0863837469369173 0.0154637914150953 0.00624571400694549 0.000919439888093621 3.5465844484861e-05 1.42262394547288e-05 1.33431999671529e-07 4.45893432754474e-07 6.93388224703995e-07 5.1872151942689e-07 3.53095134464354e-08 4.75433843405426e-09 6.77660327852436e-10 1.39847558671136e-06 2.5486340504699e-08 1.31291805205436e-09 9.85105950146448e-09 1.05554410794184e-06 5.35834598913709e-09 6.05231135608619e-07 1.69380151127108e-08 6.41810983914581e-08 1.27984595366115e-08 1.04382980037343e-09 1.2993426334873e-10 3.95199428737669e-12 2.90017587722957e-09 8.14840895868585e-09 4.1651515569896e-11 6.25741458648577e-11 2.7619874165552e-10 5.58487609492175e-09 4.86884764727691e-09 2.21325938132289e-08 1.36659342730994e-09 5.42048146368046e-09 1.03870226020319e-07 5.41025097611225e-08 2.26989268492517e-09
2.29272673095693e-06 3.17070738731218e-06 0.000736620181851322 0.00122381198161747 0.0136088799219579 0.00272798032383434 0.000572573320823722 0.0324186742305756 0.00403853640891612 0.00225028319982812 0.0020600876538083 1.87370569619816e-05 7.48027780446137e-06 4.41063675680198e-06 7.35676579211031e-07 2.75420724449305e-07 3.9198375674232e-07 3.01410964631543e-08 4.0099314757569e-09 1.15241808273936e-07 3.40020378644113e-06 2.34229510454043e-07 2.30811214585458e-10 1.10701514159928e-06 4.10418345531127e-08 2.33850361297527e-10 1.30926597452508e-08 3.11933785468455e-09 1.08946385246611e-09 5.02456543038932e-10 1.83133698206106e-09 1.6894263765721e-10 6.78152312083569e-11 2.27849509260025e-09 6.39913122491009e-11 4.11759515372978e-13 6.93201052115455e-13 1.61577331514451e-09 2.55219491096526e-08 3.29342951577161e-08 2.7524013592739e-07 1.09529800451647e-08 1.40942113424636e-08 2.46111513035885e-07 3.76016398018209e-09
1.56927202965562e-05 3.44920334782728e-06 1.88291440537114e-06 5.99633921751774e-06 6.51748063091873e-06 1.26909509390316e-05 1.47491042753245e-05 0.00118915899656713 0.017487011756748 0.00185478662024252 0.0010447857377585 0.0013423643540591 0.000592435232829303 5.55778718990041e-05 3.82577792379379e-07 2.50434261062082e-07 1.0303807158607e-07 2.10883720264121e-08 1.51587342678283e-08 2.53130255645218e-09 1.4931675118568e-09 1.65815303532213e-07 1.4005274273643e-09 1.13156836456518e-08 7.1720178684842e-10 1.53590473672693e-12 9.15647557775401e-12 1.06105573438597e-08 3.62943637810531e-08 1.50876738880257e-09 6.06936334524022e-10 5.30451849112268e-10 2.8580496858055e-10 4.85312257048065e-10 2.59582837447425e-09 3.61198192466716e-09 1.05287041307633e-09 4.71936595358713e-09 5.37961794000452e-09 1.62915426260568e-08 7.18950552425213e-09 6.72546883739855e-09 3.7645161086175e-07 3.56191261374761e-07 4.68060405989235e-08
9.12396787100533e-06 9.25312479012064e-06 7.43047637570271e-06 1.40615325221916e-05 7.13462292623035e-07 3.06509238967578e-07 5.32007991864703e-06 0.00155926331062801 0.000512251487634785 0.00592059609480202 0.00537023574579507 0.00168103713658638 0.00134317192132585 0.00244375909678638 3.57531641839159e-06 1.08006577193009e-05 8.11043483395224e-07 7.36000089318622e-07 2.63854857074364e-08 8.81679740327712e-10 1.8381141608792e-09 7.5300425450564e-08 1.97345727315223e-08 1.60065549703603e-10 6.60098975480139e-11 4.19092982539837e-11 3.73229225303362e-11 1.11855413820194e-11 2.98318029390288e-08 1.02021816217324e-08 2.1549222806172e-08 1.41453196933483e-08 7.67782570854081e-10 2.81961551884535e-09 1.4526387837055e-08 1.30214192983757e-08 2.78963407929211e-10 1.1216406692327e-10 2.34922601372034e-09 4.22119712517599e-09 9.29887487011172e-09 9.11305461093193e-09 2.19086799191359e-07 5.43105262984511e-08 5.63212860527074e-07
1.46517317205053e-05 8.60097080419564e-06 7.46067409522766e-06 1.80887130255769e-05 1.75479844166659e-07 6.34441922553464e-08 1.27728317433906e-07 2.71998392804562e-06 0.00183780648512766 0.0449196290224791 0.0145071303937584 0.00443790012504905 0.00631310609169304 0.0153709784615785 0.000239555198641028 2.1806048698636e-05 1.57767294339806e-08 8.76490946666308e-07 7.65636937103409e-06 9.67287243724968e-07 1.20341623333076e-08 5.5543045607287e-09 3.29103202716396e-06 1.2661295434313e-08 1.85534432262102e-10 2.91387719641989e-07 1.68558942803543e-08 4.2721824300429e-09 2.95142799089376e-12 2.38503265848067e-07 5.59450443748943e-08 1.42236807887386e-09 5.30316724978164e-09 3.38795653753721e-09 4.05854952978402e-09 1.3337067050756e-08 5.71980027785912e-09 3.50552095573775e-08 3.2943850314382e-09 1.20464024311318e-08 2.57192342090207e-08 7.75876334735415e-08 2.86298195284473e-07 7.92165108265408e-07 6.53165029973479e-07
8.78597278699544e-06 7.95002596021277e-06 1.51259378981194e-05 5.66380304007907e-06 1.42621313941049e-06 2.544976206309e-06 3.74266610947416e-06 5.00229873079405e-09 5.45982269395395e-09 1.80503882916128e-06 0.000456476023828145 0.0690873302519321 0.0287535344716161 0.0153082584962249 0.00266910799546167 4.50991487014107e-05 1.39983225722062e-07 4.03645434516875e-06 0.000209336561601958 2.84921519551062e-06 1.83313453590017e-06 8.41190772916889e-05 1.7286193099153e-07 7.45837824833728e-10 4.59488732396096e-08 6.64950206896719e-07 1.84538280123547e-07 2.6267712227579e-08 8.46654268915614e-10 4.2513673692568e-10 1.76649878369517e-06 2.44811715344184e-10 5.87176751665197e-11 7.1686271363447e-10 1.21660451712913e-08 2.36211993298596e-09 4.58515611034827e-09 7.11005839981738e-08 6.07803023022768e-08 9.33498903510355e-08 3.0995754984886e-08 3.01796434953872e-08 1.71756711431215e-07 2.84887827461944e-07 5.73140259874094e-07
8.38817190640384e-06 1.37251260923676e-05 6.47850857546928e-06 5.95286094835501e-06 1.13054998216455e-06 1.35665440836874e-07 1.96857116065985e-06 2.01090638896062e-07 3.09464669445703e-09 4.14478961152653e-09 1.9795030825609e-08 5.67254559982189e-06 0.000765117912669666 0.0295367756392807 0.0156403908738866 0.000648073287447915 8.04778788733529e-05 2.70515992042419e-06 1.91392512078892e-05 2.26982066124037e-05 8.24365101834701e-06 0.00364114325493574 8.54072817801921e-08 3.04245401139269e-07 3.58109668141537e-08 1.49260449120447e-06 8.75030370934837e-06 2.37391489008587e-06 7.37060488518182e-06 9.27392052041398e-11 2.61386299271749e-09 2.48308396511021e-08 4.93177942928469e-11 1.53540715697176e-09 1.1816805212117e-08 2.76028418788599e-08 5.38027559171539e-09 2.01387754295013e-07 2.62418844165779e-07 2.00216997470193e-07 4.7130929630157e-07 7.1811991517734e-07 1.37945440599196e-06 7.58514190124515e-07 6.44730032917096e-07
8.01897892017678e-06 2.29126943281699e-05 7.56009154656567e-06 5.91807823440149e-06 5.89425420400858e-06 1.4484521071445e-08 2.69126781970996e-08 5.77063649087606e-09 1.01643098826543e-08 4.10703149267277e-08 1.44715337824231e-08 1.83486530325183e-07 6.15547636243718e-05 0.00732909210491925 0.114316594973207 0.0125935968011618 0.000298735842807218 0.000249702048313338 8.19101602246519e-05 0.00021437565155793 0.0022096857544966 0.00392780401743948 0.000132312877758523 0.000145385773066664 9.36766764425556e-06 6.81467081449227e-05 6.21503435468185e-05 4.80908724966866e-05 1.61774202638298e-06 9.94896961259428e-08 2.29293550813026e-10 4.84664883515507e-07 3.19554850136683e-07 1.14898596192958e-09 8.14464710119367e-09 1.55379946242817e-07 1.66972643000918e-07 2.20674976070256e-07 2.14652075314348e-07 5.79253338628405e-07 1.1040917883065e-06 1.09985329252993e-06 1.79745836419443e-06 1.44061216360569e-06 1.21549697098544e-06
7.09689670941316e-06 5.79658833714802e-06 5.19122580158182e-06 5.12856111924975e-06 5.4430434090591e-06 3.88626775560397e-06 8.10294013220414e-08 5.79727984728606e-07 1.04068283213188e-08 3.91460935889043e-08 2.8754465247971e-06 4.79806271869165e-06 5.2516783654255e-06 0.0097954403841868 0.0429048968479037 0.00632046565879136 0.0953814867883921 0.0824213340878487 0.0267502713017166 0.0857007697224617 0.0539910739287734 6.10348182817688e-05 1.69944557342205e-06 1.5619006308043e-05 0.000382215870195068 0.000106151277213939 0.000241851147438865 0.000157558307546424 0.000198817202544888 9.07242567336652e-05 3.90874922651108e-08 1.76722652511785e-08 4.53136836995327e-06 5.67231671766422e-07 1.19211504001626e-08 6.35789024983069e-08 1.42094726385267e-07 1.70238056540484e-06 4.79199556835397e-07 3.99457684352456e-07 1.4795285963487e-06 2.38336509141845e-06 4.70255322326807e-07 3.33047932485897e-06 5.38206370492844e-06
6.42987702690334e-06 5.10464238345776e-06 1.77324790911371e-05 9.91913754582185e-06 6.06870162300766e-06 6.51752078795198e-06 5.86170624039539e-07 3.33683152007325e-06 1.70995063172086e-05 1.277138737521e-06 3.20724064817313e-07 1.39725610495134e-06 3.60363990239421e-05 0.000109947779856157 0.00524089592508972 0.00776412446866743 0.0379882487468421 0.0652967607602477 0.00690978339407593 0.00977442697621882 0.000123987298138672 8.84820292412769e-05 2.54482350783292e-06 1.81033698936517e-05 4.1956841343449e-07 5.76647697414501e-07 0.000299768295371905 0.000607265831786208 0.000171159125966369 0.000113051538937725 0.000153411284190952 6.38085344562001e-08 2.49693612204283e-06 1.0333368868487e-05 5.02968240567725e-07 1.56304150600306e-07 4.13336694293776e-07 8.92720287026805e-07 4.86748651837843e-06 8.71367723220828e-07 9.3861547867391e-07 2.94571222525519e-06 1.16225808369563e-05 8.40736360032679e-06 5.53256838315974e-06
