Maxent_result_files_2/B_incertus_3.asc
NCOLS 594 
NROWS 330 
XLLCORNER -15 
YLLCORNER 23 
CELLSIZE 0.166666666666667 
NODATA_value -9999 
[rows 220 to 239 of 330, columns 450 to 494 of 594]
1.55652859934463e-07 1.91062836574218e-07 1.81815788806716e-06 7.97034875859026e-06 8.7696051423336e-06 3.8659081766923e-07 0.00134729493203167 0.00976933283236576 4.06659788495745e-05 3.64389868991566e-05 5.97710723013734e-06 4.1234158221215e-08 4.56899895140417e-08 2.88683896276787e-07 4.52758430413702e-08 4.27608071285057e-08 1.41237206596756e-07 4.15187002431594e-06 2.65585049874062e-05 6.21339371718932e-05 4.82779689264135e-05 1.78688300593421e-05 2.00406379690321e-05 1.36472635972495e-05 6.40247860062004e-07 5.08265874366032e-07 4.27358061116934e-07 4.53486209828213e-07 6.71219718810789e-06 3.31237465616141e-05 2.21393738456754e-05 2.67441779897126e-05 5.3802941010872e-05 1.79775882998001e-05 2.73349380819354e-06 8.79779928482094e-06 4.97268290018837e-05 2.81688203813246e-05 6.39365439667472e-06 4.13163734720001e-05 0.000794569685240276 0.00211094305268489 0.00254396903328598 0.0088497809600085 0.0131569829303771
7.99182895860895e-08 1.66071236984422e-08 1.70454039682966e-07 2.04161919148405e-08 1.60315209796202e-07 1.03405373197418e-07 1.75235291277609e-08 1.26029545977069e-07 1.81437069386448e-05 2.8670095190364e-06 1.42395354814084e-06 7.02692007692463e-07 5.35399520162905e-08 5.5436367085715e-08 5.98164314302707e-08 6.41568053572072e-08 5.11941308456443e-08 2.07847121451721e-06 2.64054859542284e-06 1.37046118720008e-07 1.2200854788702e-07 6.66101217294823e-08 4.45523738656917e-07 8.64357498286949e-07 2.46673618562454e-06 5.05932023031619e-06 1.10524378271748e-06 2.54767837333247e-06 5.90518736771628e-06 9.59030792273552e-06 2.1312365038284e-05 5.46268139260064e-05 2.07733937216403e-06 3.86640930827298e-07 3.3969874664308e-06 1.62261833111188e-05 0.000120425199565943 0.000719993469829205 0.000718110373418313 7.76298923028662e-06 0.000275981369486544 0.00126693749043625 7.60614069804433e-05 0.00215379068977199 0.00512902026530355
1.2240796765095e-08 1.09066517817169e-08 1.66862710981874e-08 3.82015372335509e-08 2.94988219540215e-07 4.36641399215176e-07 2.80841966571188e-08 2.77918944191491e-08 3.33489446835422e-08 3.0956146546135e-08 6.17150530217714e-06 6.99020882954926e-07 7.79180219456777e-08 5.52924651286979e-08 5.24393932832545e-08 5.23611453973061e-08 3.49558150913865e-07 5.48597741101275e-06 7.47471703088642e-08 8.21598463041084e-08 1.04875621858014e-06 3.32450268274442e-06 8.69212201450864e-06 3.8299729294522e-05 1.27097298104673e-05 1.81684857487596e-06 7.39164920560142e-06 1.4155163171381e-05 1.18512892186118e-05 1.0606360284271e-06 2.25600749672594e-06 1.22411768259667e-06 2.89867872993455e-07 5.3702136284528e-07 5.64631613144684e-06 0.000335492492376943 0.00134169983793981 0.00076915380632272 0.000810268691566307 0.00211524059704971 0.000135246207355522 0.000361840121331625 0.000168709115678212 0.000723326604929753 0.000600969466904644
2.07770433879872e-07 1.7604933022497e-08 1.20967180405884e-07 3.66868713630453e-08 2.09154050834215e-07 3.86208974800795e-07 2.59986311812455e-07 3.52111314105841e-08 4.5208055010626e-08 4.95893035745709e-08 2.65417198885842e-08 6.27370578953901e-07 2.78801805677631e-06 4.00535634437205e-08 5.04907609388816e-08 5.05920668802951e-08 8.58407120318816e-07 5.3525702092827e-08 6.97678579353322e-08 7.48273584205705e-08 1.0235363935962e-06 2.60040520760896e-07 1.7382151913381e-07 1.47924214566331e-07 6.49323657864187e-07 1.2931615120948e-06 2.76023829925975e-06 3.80031406166381e-05 7.97392953586495e-06 4.65518767445161e-07 9.75811041925567e-07 2.29003934997252e-06 6.96516826437232e-07 1.26441722372306e-06 2.11459266523661e-06 5.78678535475774e-05 4.57072754898036e-05 0.000330297386608436 0.000811433372291503 0.000180797182474635 0.00103645363851683 0.000759156679123407 0.00106557691324269 0.0018957122694701 0.00454407600918785
2.64750447875883e-07 1.32370796368519e-07 8.7447805730001e-08 2.93651934657468e-08 8.28051772749916e-07 4.18304318827722e-07 3.54675984581831e-07 2.87425911293937e-07 4.75219416595785e-08 2.80131751129176e-08 3.22346440873034e-08 4.00388732502144e-08 3.68501495318085e-07 5.21531819952514e-08 5.25866988621004e-08 5.10301940814806e-08 4.07577091232625e-07 5.63919627438736e-08 6.77216849154227e-08 5.13536714707996e-07 6.79368952027914e-07 1.31260581803794e-07 1.58860948884509e-07 1.71118067715526e-07 1.45250687255682e-07 9.29372620461777e-07 1.49560955605921e-05 3.6015163641423e-05 3.44144872510554e-07 6.20108396631736e-08 9.42792583558116e-07 4.10229573844845e-05 2.01917314200273e-05 4.29714390065783e-05 0.0231261326125605 0.000235596658058057 0.00157412878179457 0.00226627977972385 0.0129470019601285 0.205730780959129 0.0252309563569725 0.00531734070973471 0.00177489882626105 0.00141633335442748 0.000158317706882372
5.64639015543378e-07 4.1582642280602e-07 1.28346602590312e-07 1.68635787556326e-07 1.5757879801015e-07 2.33518534997756e-07 2.90861662399777e-07 3.62894407412995e-08 3.71161607004566e-08 2.22414390549375e-07 2.59965590787559e-07 4.81442643640584e-08 5.23635808091782e-07 2.79089852028846e-07 6.51648952842976e-07 5.26037661430223e-08 6.01347302842115e-08 7.6747999600002e-08 7.20529978570639e-08 5.57117998880585e-06 1.19262985780466e-06 1.1175298975985e-06 1.36276710915872e-07 1.11626812526744e-07 1.33850653902812e-06 1.42712563775405e-06 9.5382824571999e-07 1.06071903172023e-07 7.26973953391052e-07 1.07029810862969e-05 1.38668106188788e-06 1.82923251600187e-05 2.95143025397238e-06 0.000663376054581022 0.00109140504937386 0.00988913415931165 0.000244369720167015 0.00332254149252549 0.00972927463008091 0.133578687161207 0.13353525698185 0.131416508927941 0.0231041568797082 0.00160406141221756 0.00126997572369874
1.96346560521476e-07 2.28866839391273e-07 1.2210773665533e-07 1.93056702380012e-07 3.10586223761788e-07 1.38044906206058e-07 1.52538315245643e-07 3.16937375810511e-07 1.42477792621776e-06 5.53149394590946e-06 3.00417888041693e-06 7.20746413307438e-07 6.2342456141895e-08 6.64604341449326e-08 5.34437895360895e-07 7.15821597663258e-08 5.40853440043065e-06 6.36723968971964e-07 1.02715826888478e-07 1.188680716524e-07 1.47482301482427e-07 1.69459011356565e-07 1.81053993264513e-07 1.36367450433994e-06 1.71475045762648e-07 1.04433765102385e-07 6.46011072191754e-07 2.28163110591595e-06 1.94590742808032e-06 9.73791671640356e-05 0.00011354921534803 0.00351028955628863 0.032060889298009 0.00104452391788072 4.8318797871616e-05 0.000213424953653885 0.000219812775230821 0.000462629148205451 0.000640901120459603 0.00466768027981743 0.00598751239012927 0.0164068544749171 0.0268968059681356 0.116369637101889 0.0321307072881609
1.61721978297891e-07 5.81672509269993e-07 2.24006347471217e-08 5.6760845055237e-07 4.51225000830391e-07 5.25900074066499e-07 1.70011833873218e-06 4.31651025678548e-06 5.2863458279262e-06 1.27376691352765e-05 4.85670458374443e-06 5.17924524388036e-06 1.25017438818986e-06 6.62890126434945e-07 7.82027152812503e-08 8.68792869535007e-08 1.38124078148394e-05 9.58376583204412e-08 1.0595353026055e-07 1.30105710471895e-07 1.4806158481484e-07 1.41953184717991e-07 1.2718892183905e-07 1.40616401367311e-07 7.62132425613515e-07 3.7114741232358e-06 2.90228032930884e-06 2.2826373863305e-06 2.97711741170659e-06 5.22788528769524e-06 1.66128151448675e-06 0.158786946513283 0.800201099348487 0.308456898399163 0.00096401142909599 0.00586564382829238 0.00645301390904933 0.798324901767774 0.00726619784254581 0.117394203087315 0.000937965798948426 0.00640160063048825 0.0265196789056063 0.0444791367277503 0.0607287667691708
2.91932729652444e-06 2.52688260786726e-06 4.60348182507175e-07 2.98071510007603e-07 1.16425979541646e-06 2.61985926641728e-06 4.91369249289164e-08 3.39023044748643e-07 2.36524577479358e-07 1.19688173640498e-05 1.02722882616035e-05 7.0106916439272e-06 3.76296575694823e-06 1.96492828443695e-06 2.2521358161498e-06 1.26940559994182e-05 1.39214885166439e-05 1.02324881368077e-07 1.14532049488858e-07 1.38025020834931e-07 1.48706341329685e-07 1.30756943139687e-07 1.07560738382695e-07 1.11203708339502e-06 3.03933921514954e-06 2.60873839899034e-06 2.87887847179036e-06 1.28441758448616e-05 0.000160653122293297 0.000137030077348754 7.16254860293475e-06 2.53615648873051e-06 1.30881822997253e-05 1.9635106775695e-05 0.0463902959658299 0.12261394747693 0.235930656650453 0.0276040917553473 0.000518191144055891 7.81595425891624e-05 0.00012324941803854 0.000160640993499328 0.0910804085433483 0.059455519169569 0.0996220126748085
4.35778428808931e-07 6.97826042141969e-06 1.67142513052276e-07 7.25981155191846e-08 6.02363319330834e-06 6.58220149603039e-06 6.58993466817748e-07 6.48672866709887e-07 4.60699546911414e-07 4.07445095351733e-07 6.71007641184218e-07 3.18888211081614e-07 7.65943030955896e-06 2.13318619195491e-06 1.25238765025237e-07 1.51354147760685e-05 2.39033212437789e-05 3.8469465291513e-06 1.14622008284826e-07 1.33844076444234e-07 8.08037257105099e-07 6.5665765127676e-07 7.98603225007355e-06 3.61810900670889e-06 5.10292756416675e-05 3.79503120484515e-06 1.53546062664489e-06 0.000173625608476868 2.63039778474194e-05 2.68096821855579e-05 3.29482571093109e-07 6.74154147173311e-07 1.156176766548e-07 2.75879841904469e-07 3.55467084602878e-06 9.11799419895942e-06 3.80733687279644e-05 0.000490647075639572 0.000155688163340528 0.000151813349214081 0.000185417639789875 0.000158917047679097 0.000813585599303224 0.000313132335213595 0.0043853101786226
6.48105663914045e-08 7.50917445024868e-07 6.53548115678859e-06 1.09654229625278e-06 8.02673549742394e-06 2.63483173634782e-07 1.4587464971072e-06 6.55175196850877e-07 8.15792614883293e-07 6.60386085371556e-07 5.19788932109577e-06 1.94374490263272e-06 8.08898052468976e-06 1.45118370333819e-06 1.16871556965492e-07 7.99355537095536e-07 1.81708053446528e-05 1.56355724129753e-05 1.14521194216621e-07 1.00184815399196e-07 8.85072423018052e-08 1.43200896260964e-06 3.84422917498739e-07 2.95789621773679e-06 2.46748251271356e-06 1.81747460281656e-06 2.25650777752051e-07 4.55396029508393e-06 1.80632314368268e-06 3.03383936284263e-06 4.91420200310344e-08 3.72134240200772e-08 4.5624207323236e-08 1.01000175423138e-07 8.24313383418485e-06 7.40240568006811e-06 1.23259608457715e-06 1.04606368950044e-05 0.0001178512739898 0.000738502906096983 0.00611640183487907 0.463466378347948 0.000298987981096843 0.0168848995032022 0.0589348625391722
7.78707664461642e-08 9.19493462703258e-08 6.5905126731991e-06 5.47356757607531e-06 4.29968433266481e-06 7.9171953237811e-08 1.0269941648211e-07 1.34630480830289e-07 1.45611629220888e-07 1.42653986112684e-07 1.56574395804299e-07 9.13076271524815e-07 1.27965557972232e-07 1.26886257056924e-07 1.21111518525119e-07 1.2520817564976e-07 1.30529026387549e-07 8.96748938430392e-06 1.00794418983696e-05 5.68872079043103e-06 7.32041497464309e-07 1.9890579554982e-06 3.21571103427232e-05 4.46853128295288e-06 2.05870551219789e-06 5.57037264528049e-06 1.60454780370856e-05 3.125781122435e-05 2.9306158225495e-06 4.82497495468692e-07 2.55504269031093e-07 4.05929950320072e-07 5.15569775316749e-08 8.94272578433331e-08 5.28706757449982e-06 2.23250097004524e-06 1.29820316345786e-06 5.50700699704976e-05 0.000319472000774113 0.0180769346188754 0.163703484833241 0.220179295539856 0.0964324202388525 0.2297258105129 0.144418670982122
7.2033100750879e-07 1.85615044188125e-05 7.68400015829229e-06 1.21924615115177e-07 1.49233398527571e-07 9.76268326713381e-07 6.73136092599336e-07 1.44038030169824e-07 1.58151640738957e-07 1.1718465700028e-07 1.57422925495254e-07 1.53581453510299e-07 1.47577094411488e-07 1.47729833122057e-07 1.42225458210632e-07 1.30616401672334e-07 1.01744392599912e-07 9.73661242920088e-07 1.42437221768432e-05 2.47577756397277e-05 4.15486692418199e-05 1.5655791963809e-05 7.45147634120258e-06 3.01882932731701e-06 2.93861394084161e-05 1.47216955156182e-05 1.59690700002102e-05 1.60326433388036e-05 3.18299724426652e-06 5.04172970394734e-07 2.25744893995738e-06 4.44234819667599e-06 5.67289940800464e-08 1.00861067258151e-06 3.73511748250621e-06 1.76024688807175e-06 0.000204375274552149 0.00422883972642012 0.00719643663614988 0.0146014654543251 0.0376735846046358 0.134551501274109 0.187978622317314 0.666778427362442 0.953316330909729
1.28319732306537e-07 8.35161072298973e-07 6.90713666839926e-07 1.07018566541939e-07 1.33394555623667e-07 1.36837068778206e-06 1.5162545121683e-07 1.75994133400081e-07 1.76351078540193e-07 1.69139785066719e-07 1.04996735448282e-06 1.66611920215942e-07 1.56568327671636e-06 1.48364360419428e-07 8.70391978136098e-07 8.05235937528792e-07 6.89236809421345e-06 7.60464476741163e-06 1.49254702364487e-05 1.27944558787618e-06 1.89132238404e-05 2.12641120270973e-05 1.05554458343704e-05 1.22689617292338e-06 6.16162230471673e-05 0.000131091858384025 4.16275304814917e-05 1.25531872527063e-05 3.5122612956684e-06 3.81852573649866e-07 7.54299247063273e-08 1.88586903320243e-06 1.73319675802475e-06 4.92130991176509e-06 3.50682881347097e-06 5.01333964031403e-07 8.20027788904554e-05 0.000736954862077255 0.00546633768244646 0.00853761736361775 0.000294478006685495 0.000424827326594368 0.0830994606018066 0.56976004242897 0.992906707525253
1.24271494494899e-07 1.38442089294699e-06 8.07377550131605e-06 8.61148956010638e-07 1.44338456298243e-07 1.62804437309205e-07 2.96574882590051e-06 1.60091632972481e-07 1.65252120409853e-07 1.94127603458938e-07 1.08668949021506e-06 1.43906039298258e-06 1.44283104530629e-07 3.7680182106925e-06 5.70609895049756e-06 2.35222691209458e-06 1.11219271250462e-06 9.88224661324644e-08 9.17576503556283e-08 8.98799840998166e-08 7.25117383026941e-07 1.40597283309063e-06 4.64356291729473e-07 3.36722206597528e-06 1.07312305015483e-06 1.29786923025677e-05 8.17007536397796e-06 1.75889213551272e-05 1.1813145636097e-05 3.83512020807331e-07 6.47606215498087e-07 3.87004870390228e-06 2.53906995553166e-06 8.65953611750569e-07 8.3210253301047e-06 5.72467390611564e-05 0.000304552500892896 0.00474218672170537 0.00184479026065674 0.00436984747066163 0.0222040375578217 0.0404064358212054 0.0928044721484184 0.608151939511299 0.669012039899826
3.84460006266352e-06 2.32947515108606e-06 8.65471217252889e-06 2.92618375041798e-06 1.83372541684435e-06 1.31808082857177e-06 9.18649974437358e-06 1.75712012151052e-05 1.39535591650031e-06 1.53040758554823e-07 1.61175683577319e-07 1.04042944233385e-06 8.49744345714498e-06 1.6035839973938e-05 3.94545904640609e-06 9.95973954753815e-08 8.54097602975834e-08 8.63088455482774e-08 7.80945824674362e-08 8.3972922171327e-08 7.65725987839083e-08 8.40321798034616e-08 1.0647224938376e-07 2.94844691666185e-06 3.52355432141849e-05 4.49744431989529e-05 1.28288865653303e-05 3.14971781790518e-05 1.96188380101603e-06 6.22911171888063e-07 4.16697759231255e-07 1.86303725300263e-06 1.64086879443914e-06 3.33943030099704e-06 4.1253975808786e-06 5.81032100370749e-06 3.75512095160957e-06 3.5981857911338e-05 0.000781950494274497 0.00375791635597125 0.0788917526602745 0.573796585202217 0.884131067991257 0.985126638412476 0.400821259617805
1.32551947956472e-05 1.39737446289701e-06 1.96085743198182e-07 1.98352487368325e-07 2.34836350454515e-07 2.06100707678125e-07 1.68171720416055e-07 4.99277436887269e-06 1.21579708771691e-06 1.77200210638162e-07 1.65593172862799e-07 1.35011604429636e-07 6.92443935657039e-07 9.69922747118268e-08 7.79988778987217e-07 5.42538511449919e-07 6.62090925196423e-08 6.52603387218953e-08 6.27305603240203e-08 5.5140617227778e-08 3.88384984972845e-07 4.27114038803467e-07 5.23423214326968e-08 7.93955924205392e-07 3.59737945188954e-05 1.74644975913907e-05 5.06105601743911e-05 3.06515969725751e-06 1.89864355837344e-07 6.02886658107593e-07 2.2850677954267e-07 4.32929239480018e-07 7.01033251226946e-08 2.65643080297195e-06 5.40295630742094e-06 2.06753351594813e-07 3.02352136714035e-05 0.105652808072045 0.000334400505016674 0.00344869145774283 0.0420627791434526 0.31209953725338 0.673538011312485 0.971032857894897 0.98444305062294
2.70244448074664e-05 2.46717869423207e-07 2.33755239165134e-07 2.05589509461035e-07 1.50690012805654e-06 2.12854983194788e-07 2.12626447559927e-07 1.08937899518935e-06 2.68601474289198e-06 1.7866647066711e-06 1.54050873124589e-07 1.38161244001012e-07 1.31976150208324e-07 8.01652428994437e-08 4.23611683397773e-08 4.43594809329539e-08 5.95862834851246e-08 4.11313104353717e-08 4.96772672775592e-08 3.12349269782075e-08 1.00106586287119e-07 1.72517550578455e-08 2.64451667897347e-08 4.42877404172037e-07 3.51176206550008e-06 1.44644419037832e-05 0.00013193784361647 3.3615046822888e-05 2.04720803651526e-06 2.45083705507909e-07 4.55570148094608e-07 7.4799945473103e-07 9.51356209988319e-07 1.48009882309452e-05 1.44783139210958e-07 2.52399138656045e-07 5.59759575935459e-07 1.36954466881889e-05 0.000309367520458181 0.0180836646351963 0.052584420144558 0.202862943708897 0.378536108136177 0.907783454656601 0.913651478290558
4.30274244820339e-06 4.69891796726074e-06 2.43563402912983e-07 1.96709190491973e-07 2.10671286993147e-07 2.50484557966502e-06 2.89241119375561e-06 8.72360610326695e-07 1.5136226720891e-07 3.28648618079797e-06 1.22911026103623e-06 1.44039770733073e-07 1.43130996743679e-07 9.02400294933159e-07 2.59742323933665e-06 3.55085400940425e-06 2.75169828922728e-08 2.05459709845535e-07 1.49038664765122e-07 1.0950049122993e-08 1.03203539270069e-08 1.1262696342218e-08 2.47912173456655e-07 1.67252819593955e-08 3.36779514498176e-06 4.37927921666415e-05 5.2989492269262e-05 5.57671927708725e-05 3.02940641631722e-05 5.33034025806955e-06 9.73383080915546e-08 1.43133524366235e-08 1.72443103496622e-07 2.70111067512957e-07 1.00647671574805e-07 2.48170019290228e-07 6.43295135205335e-07 4.02982794639684e-05 0.000476703223102959 0.00345584671595134 0.0605158098042011 0.0289340938441455 0.148264141380787 0.246748289465904 0.0399730879813433
3.38180038625069e-05 1.27245299950118e-05 1.5953808023994e-06 2.68074847831201e-06 2.13960500907717e-06 1.51633355063296e-06 4.47796500111508e-06 6.41508706848981e-06 5.56518947121276e-06 1.76782636458483e-06 7.09801229277218e-06 1.69473141351517e-06 1.22445236883095e-07 1.04580520865483e-06 4.65549320836089e-06 2.76583948668474e-06 3.71109201591224e-07 1.68685024419801e-06 3.75191251400508e-07 9.44528247837084e-09 9.01816039622361e-09 2.28434393845234e-08 1.65256233763955e-07 2.05581927588128e-06 3.12171893256163e-05 0.000122387776355026 0.000105611185244925 0.000160510321438778 7.70506336266408e-05 0.000127274352598761 3.35942874698958e-05 1.15126129784926e-06 2.5491387822818e-08 7.5914171260294e-08 2.89197564784516e-08 1.48769809582561e-07 5.11653349377639e-07 1.20244634871369e-06 3.38747167461406e-05 0.00189148163772188 0.0250856585334986 0.0147759300190955 0.0016391619341448 0.00265067717991769 0.000581856736971531
