Maxent_result_files_2/B_lapponicus_3.asc
NCOLS 594 
NROWS 330 
XLLCORNER -15 
YLLCORNER 23 
CELLSIZE 0.166666666666667 
NODATA_value -9999 
[rows 144 to 167 of 330, columns 108 to 161 of 594]
-9999 -9999 -9999 -9999 -9999 -9999 -9999 -9999 -9999 -9999 -9999 -9999 -9999 -9999 -9999 -9999 -9999 -9999 -9999 -9999 -9999 -9999 -9999 -9999 -9999 -9999 -9999 -9999 -9999 -9999 -9999 -9999 -9999 -9999 -9999 -9999 2.38034602084713e-07 5.8403321117062e-07 1.95976047057123e-08 1.12317974865217e-07 1.44968835114057e-07 1.70392107390338e-07 4.9802597477111e-07 8.34780166991678e-08 7.59142438022664e-08 6.63908274134428e-08 3.1314345960709e-07 8.767480608185e-08 2.84026134544924e-07 4.30364632819646e-09 8.80528405744485e-10 4.0371112396409e-07 9.7570391510704e-08 4.45725339193181e-08
-9999 -9999 -9999 -9999 -9999 -9999 -9999 -9999 -9999 -9999 -9999 -9999 -9999 -9999 -9999 -9999 -9999 -9999 -9999 -9999 -9999 -9999 -9999 -9999 -9999 -9999 -9999 -9999 -9999 -9999 -9999 -9999 -9999 5.11796646063267e-08 3.66931352679956e-07 2.49678010677545e-07 8.80273698156131e-08 5.88408259116768e-08 1.38936357529928e-08 1.95851642459388e-08 3.06571098507291e-07 4.97433609669695e-07 2.19023206737834e-07 1.96063948165737e-07 1.26962480362369e-07 7.23039170269502e-07 2.14708831014487e-07 3.4619444032602e-07 3.62556793476188e-08 4.4202645883562e-07 3.47123510602287e-08 1.22076554043282e-07 1.93877569221179e-08 6.13226755075136e-07
-9999 -9999 -9999 -9999 -9999 -9999 -9999 -9999 -9999 -9999 -9999 -9999 -9999 -9999 -9999 -9999 -9999 -9999 -9999 -9999 -9999 -9999 -9999 -9999 -9999 8.74662395622394e-08 1.06582865877503e-07 2.2685488363372e-07 3.55762440729102e-08 1.01212924152883e-07 9.7274585186824e-07 -9999 -9999 2.32327670379728e-07 4.5838843112378e-07 2.68960025584519e-07 4.80894060239656e-08 9.59678432832511e-08 7.79674795836627e-09 7.37967610686674e-08 2.52802067279845e-07 0.00012878525740273 0.00406796941712582 2.40411009155839e-07 3.61135414905789e-09 5.62895934308472e-08 3.33874767832754e-09 2.43080967277098e-07 5.61610051241779e-08 4.12585211639893e-07 5.32740898540052e-07 1.25531975925242e-09 4.54869871746588e-07 4.13592992631884e-07
-9999 -9999 -9999 -9999 -9999 -9999 -9999 -9999 -9999 -9999 -9999 -9999 -9999 -9999 -9999 -9999 -9999 -9999 -9999 6.44725773213395e-08 2.35148123195472e-11 7.98044474947801e-09 1.24973031478959e-08 -9999 2.87011978628016e-09 7.70865301036316e-08 8.337036927486e-09 1.86486846698308e-07 1.67293717556749e-07 1.21674716746512e-08 6.72110083144162e-09 2.61516208688306e-10 2.44952339523152e-08 3.41720858498817e-08 9.94527409980961e-08 4.03232570922452e-07 2.9427866377052e-08 6.42994607003011e-08 4.63229048375258e-07 7.70897657043079e-08 5.39805597554732e-08 1.05459190535839e-07 1.14372696776721e-06 2.35855532082496e-07 1.13592025741127e-07 5.18137852623113e-08 1.63622765114724e-08 2.84938732897366e-07 3.09123532904465e-07 1.07715038777378e-08 1.26659152610564e-08 1.86449211625472e-09 4.35799656361979e-08 1.34373798055254e-07
-9999 -9999 -9999 -9999 -9999 -9999 -9999 -9999 -9999 -9999 -9999 -9999 -9999 -9999 -9999 6.66766848622657e-07 4.441993051163e-08 2.95465170774278e-08 6.39047190720277e-09 3.52677684833935e-09 5.02875320051999e-08 1.49517778453845e-06 1.04110505105837e-08 2.03494401884718e-08 1.69696004377329e-06 5.63294477728959e-08 7.96098515998267e-09 1.40880601429139e-07 2.97164184814847e-08 2.431392296387e-08 7.32087834798278e-09 1.53235151867381e-07 8.60237054922663e-09 8.53427281066743e-08 1.01555562181943e-08 1.08192311998323e-08 7.10244940749227e-08 7.13628978243897e-08 6.89646178386738e-08 3.57958711560968e-08 8.67347793587214e-09 3.72518922375775e-09 2.33450450082273e-09 1.89669734140807e-08 6.26265716618946e-08 1.39908209462192e-09 5.65414985942425e-09 5.69558551433147e-09 4.74640998615605e-08 9.11834661110333e-09 4.3112383008026e-08 1.35528658518069e-08 4.01587834641948e-07 5.96953362108632e-07
-9999 -9999 -9999 -9999 -9999 -9999 -9999 -9999 -9999 -9999 -9999 -9999 -9999 -9999 1.4174961185387e-06 4.46781933924001e-05 1.86902105980824e-07 5.14829177511444e-08 1.31830713856473e-07 9.88331565809908e-08 1.44467986351593e-08 3.62276956877849e-08 1.32922595597051e-08 1.58092495539108e-08 1.50648675756315e-08 1.28904852569889e-08 3.39920065428601e-09 6.00906258085843e-09 1.98915032001423e-07 1.23327358325653e-09 4.25817416882524e-09 1.11173869754566e-07 5.67118434102731e-08 1.52341729631189e-07 1.97270225044122e-08 3.33513401074015e-07 2.8283556474662e-08 3.82534338538854e-08 9.2321224443026e-09 3.90218804124931e-07 1.44075350760886e-08 7.17386354764926e-09 2.08464953743714e-08 1.4393556568848e-08 6.82567105059206e-08 3.50664201675954e-08 1.61447223945288e-07 2.64631040636232e-08 3.16501918118384e-08 7.08468252952343e-09 5.52374203266481e-08 5.41007363352719e-09 8.54337926625703e-08 1.50654966590835e-07
-9999 -9999 -9999 -9999 -9999 -9999 -9999 -9999 -9999 -9999 2.82626324464852e-06 -9999 -9999 -9999 3.60263677711248e-05 3.71779589203314e-07 5.61288516998104e-08 1.24748315533108e-07 2.15773538370101e-08 4.19475157942273e-09 4.24070947246946e-09 3.59754843026749e-08 2.89974400047299e-09 4.87870856713535e-08 1.97987782613041e-08 3.88144663299173e-08 3.4152968497736e-08 4.68862836666695e-08 2.74929352173103e-08 1.60468429655225e-08 7.05760342611939e-08 3.71649335417779e-08 4.31301323544631e-08 2.99320625285482e-08 4.92569029120204e-08 3.7586950440982e-08 1.65027465470757e-08 1.13546340685389e-07 5.0828854902818e-09 5.3344217043616e-09 1.30300226164337e-10 1.24239241117152e-10 4.87506255808512e-08 6.74937541622622e-07 2.42839141721962e-06 6.68244933899054e-07 9.91835861552381e-08 7.53617030113674e-08 4.96912086811463e-08 2.67581143242879e-08 1.28286117739851e-07 2.63076378825833e-07 3.78805500744761e-08 3.2414209850673e-07
-9999 -9999 -9999 -9999 -9999 -9999 -9999 -9999 -9999 -9999 2.13022697703735e-07 2.36638282968826e-08 6.32717658266557e-09 -9999 -9999 -9999 2.07848124600396e-08 3.53174834932801e-09 6.40641301119516e-09 6.14437443147153e-09 1.94241067674739e-08 5.75641774247515e-09 3.27789156040481e-08 7.56600037732369e-08 4.04165003686785e-08 9.48786606724816e-08 2.91446358713365e-08 1.81533749810114e-07 2.90025425897511e-08 3.85091031063212e-08 8.56866412268786e-09 3.60926279086016e-08 3.37040784614828e-08 1.01860962331557e-08 9.17585635251683e-09 3.74991802942759e-08 4.60217599140833e-08 5.29316878328245e-08 2.84570319308841e-07 1.56382100158226e-08 3.32286525406289e-08 1.54340401792297e-08 7.64200773772927e-09 1.12521835404777e-08 5.50636855223274e-07 7.06023328689298e-09 1.02117130051926e-07 1.52299153932667e-07 2.32320961413013e-07 1.59260709176046e-07 1.3404341815404e-07 2.26897149957495e-08 3.29425409728579e-08 8.74429159081203e-08
-9999 -9999 -9999 -9999 -9999 -9999 -9999 -9999 -9999 -9999 1.70245964576821e-05 1.54787021411362e-07 -9999 -9999 -9999 4.15708399259529e-08 1.58836856556377e-08 1.92275377131068e-07 9.21295351119511e-08 1.21369739147781e-08 1.01863111834355e-08 2.95014427220686e-08 2.99106691636908e-08 3.66134305096466e-08 1.02980639127281e-08 5.25392707118044e-08 4.17397281293752e-08 2.63157936442049e-08 2.84931935823352e-09 3.0486945590269e-08 4.55536385279842e-09 1.36630137426152e-08 4.15312011448066e-09 1.76116674310833e-07 1.44801042267773e-08 2.95707579311966e-08 3.33554964981886e-08 1.05391375626596e-08 2.80699721244559e-09 7.33421046561489e-08 1.57427880509431e-08 2.25481104898506e-09 4.88618709937327e-08 1.57101602837884e-08 4.27526973822978e-09 1.26538189704206e-08 1.13880315688597e-07 1.86369896948424e-07 6.34085374540128e-08 1.22096457810805e-07 7.68675740059344e-08 9.87595498713745e-09 2.95783337489475e-08 1.53099996225148e-07
-9999 -9999 -9999 -9999 -9999 -9999 -9999 -9999 -9999 0.00024959833291115 1.22547112144433e-05 4.11508441454878e-05 -9999 2.16074746505202e-06 1.51481600596526e-08 9.25790706318708e-09 2.23193111992259e-08 1.19352010496954e-09 4.76275419103445e-09 1.16179457165799e-08 2.47678748621638e-09 3.75537645425084e-08 1.52142600740035e-08 8.22712157289018e-09 8.86509042286043e-08 4.96908212355152e-09 3.43101121624834e-08 1.05641169589887e-08 2.07360592696659e-08 2.44825983486407e-08 4.85291977270208e-08 6.37562944660885e-09 5.75742520325662e-09 4.0744678742044e-08 1.84789510626615e-07 3.20713340329348e-08 1.92420009170746e-07 6.75802755978339e-09 2.6666920405205e-08 1.29762086942264e-07 3.18975244226749e-06 1.17090777962403e-07 3.39420175521354e-08 3.25667127043516e-08 4.81092033766117e-08 2.24201802012658e-08 1.33073550045992e-07 4.14685725869113e-08 2.17783403422267e-07 5.6897804567857e-08 7.03855270955955e-08 2.15171393147529e-08 2.71734346835029e-07 5.21151279528898e-06
-9999 -9999 -9999 -9999 -9999 -9999 -9999 -9999 -9999 1.41257417132334e-05 8.47361165345339e-05 1.70854684315214e-05 3.02991201137637e-06 3.52368179079576e-08 4.20903065930789e-06 3.74192086420866e-06 5.77797654166545e-10 4.31777258391719e-10 1.96420753439952e-08 1.38637624047533e-08 5.64898812172032e-09 1.82173646834372e-08 1.42989186713294e-08 1.79752667861521e-08 6.60085483161765e-08 9.071677314898e-08 7.7074121282994e-07 1.65624055648017e-07 7.55394616192007e-08 1.11229867627571e-07 5.49059632271032e-07 3.48690832763232e-08 3.17539694094648e-08 7.4723438814317e-08 1.10337664693816e-07 4.45924826639854e-05 5.66725205430885e-08 5.84449448995938e-06 6.75861819843249e-09 2.70658773615651e-08 4.6213847326726e-08 2.99403469128379e-08 6.4161219981429e-08 1.88419096325276e-08 1.35918441657168e-07 1.64769238608642e-07 2.51205861445669e-08 3.27673255751115e-08 5.09368760504003e-09 1.05979700382175e-07 4.12676158800807e-08 1.04574609149921e-07 2.11397821892056e-07 2.94879766160605e-09
-9999 -9999 -9999 -9999 -9999 -9999 -9999 4.53146078505107e-07 1.11191828935375e-06 1.59052239623314e-07 4.86321594287409e-06 6.87564964962917e-09 5.21338256509463e-07 1.31474622300232e-09 1.07639581692354e-09 6.34271739574643e-09 1.03450620514423e-08 7.28711724296005e-10 1.90792135867923e-08 1.21480598025414e-08 7.69073711381907e-09 4.44066086124906e-09 2.74897974605892e-08 2.97204579169374e-08 2.81180589922769e-08 3.61972180229486e-08 3.40890881744826e-08 1.03000388662622e-07 3.60189893910956e-08 3.69317550763526e-08 5.07164884311351e-08 3.20084925675701e-08 7.59275067707676e-08 6.3430357499783e-08 7.02439983513159e-08 4.71446711003409e-08 1.76854811880345e-05 1.22069661780966e-06 9.3838207249064e-08 1.22477361585993e-08 2.03629613290124e-06 1.20341132986423e-06 1.60289817392467e-05 3.09408193288618e-08 5.84846425510932e-08 3.56150831493096e-08 3.73623637765941e-05 8.53347520948233e-06 1.74847879008677e-07 9.13728670504099e-08 2.10194855565504e-07 7.81778023761781e-08 9.06617334206494e-08 6.1400981621329e-08
-9999 -9999 -9999 -9999 -9999 -9999 0 0.000107670220648426 8.7316179299457e-05 5.40556328504249e-05 1.18081688427196e-08 1.21002045716523e-08 5.0174908672318e-09 7.5117298159455e-09 1.25775603265765e-08 1.32331873459179e-08 1.12133662355518e-08 1.5523233400927e-07 1.18641878543713e-07 1.28371976160224e-08 1.11294524707262e-08 9.23452398993163e-09 1.06232316277044e-08 3.49370001373472e-08 2.53717193032799e-08 3.75443622857574e-08 3.50179860220123e-08 1.35383331212324e-07 8.22367297814708e-08 2.57566048489366e-08 6.27601515645892e-08 4.75647134123847e-08 3.02093535964332e-08 9.37112503152093e-08 1.66432769788116e-09 3.54740690156063e-09 5.85304874789472e-08 5.79308423453995e-09 4.70309453604045e-09 1.47295846630868e-09 1.0413041594548e-07 1.91753679689155e-06 6.43136232270081e-08 7.75424808807657e-08 0.0506369739452396 3.58927673129728e-06 2.97251090193518e-05 2.30954976112585e-06 8.53498138491671e-05 6.7783556021439e-07 4.72244531568578e-07 6.08686762770816e-08 4.27505257638572e-08 1.80959969109384e-07
-9999 -9999 -9999 -9999 -9999 3.82292271061679e-08 9.37381623433708e-09 2.38182786160834e-08 6.5784452552009e-09 3.85681971692975e-08 2.66095129613952e-05 8.77254052511489e-08 7.06448503251522e-08 8.81260888263569e-08 1.36982109211203e-08 5.30617443317283e-09 4.62390545408198e-08 3.72782565705165e-08 2.51747049873074e-09 9.46678397895084e-09 2.82408738172535e-08 6.64206382339216e-08 1.37793653820495e-08 1.54032974819529e-08 2.55907339763439e-09 3.30396217051998e-09 2.15026265237839e-08 3.78510058851589e-08 1.16717360754137e-07 9.00373426337975e-07 5.26441982084957e-07 3.23410228375565e-08 2.04711174234262e-08 2.2448037739764e-08 1.03370702220218e-08 6.92153911963089e-10 4.53033361935695e-09 8.28367383576278e-09 9.69693458863219e-10 5.08607045368592e-10 4.10677671591753e-07 3.2402734717607e-08 9.57152153091556e-09 1.17885451823563e-06 0.00073067512742 0.0104009116417728 3.46842531696701e-05 2.98660380870786e-09 7.2357539626644e-09 3.82230537554484e-08 3.17636108637664e-08 4.73343911844282e-08 8.06290935795317e-08 3.05347223839014e-08
-9999 -9999 -9999 2.15587880880719e-11 4.87729963305483e-08 2.39052717176946e-08 2.16097411076532e-09 1.24521420730161e-08 1.37927030019469e-08 5.57407648926755e-08 6.77620434430537e-08 4.27172977879309e-08 4.22964859581043e-08 9.34572010891088e-09 3.72840190721035e-08 2.96909588470839e-08 8.65903064806162e-09 2.37110256762207e-08 8.62218758612698e-09 1.18616672040162e-08 1.87786787009259e-08 7.78222382535887e-08 4.32203050877433e-06 4.81675846231155e-07 7.5137400017411e-06 3.96330367493647e-06 3.84144701115474e-07 3.66626800314407e-06 1.41451764079648e-07 1.75403414492958e-07 3.91659719323201e-08 2.02799039783486e-08 3.54867328411501e-08 2.19716962845951e-08 2.31967918651321e-08 6.4245369024718e-10 5.5013170907614e-08 5.6849482632515e-08 3.99285138286132e-09 2.53160248320228e-08 6.00491691926663e-09 8.50528231309822e-06 1.6771091625789e-06 1.48714295278296e-07 2.79985986817888e-05 2.99408885376939e-06 0.000182963076620501 2.92316040032548e-06 1.07357152501208e-07 8.14606602483892e-07 0.000105449479547304 1.16500961044874e-07 2.90556756399329e-07 1.12039519573059e-07
-9999 -9999 -9999 1.65763536230656e-08 2.96067753424722e-08 5.00640027212285e-08 2.0869272532309e-09 4.84074590190176e-08 5.10132904807392e-09 1.52607146475248e-08 8.24528640919198e-09 6.63408963319512e-09 9.20645026880607e-10 1.30533020836765e-08 1.17529705789821e-07 2.72408090040699e-07 2.3115449110378e-09 1.54783428296668e-09 6.33013641504476e-08 1.51257765423907e-08 4.84830366964673e-09 5.41209965376765e-07 0.00544859026015633 0.00196686931976974 2.84469009787847e-05 9.03286036191275e-07 1.88171668470405e-06 3.11034973776714e-08 3.0381903570742e-08 6.66212618405382e-10 2.02108694224989e-09 1.48233074703796e-09 2.58541987818717e-09 1.64738332975034e-09 2.86181922604101e-10 2.09808533213618e-08 3.75748541614485e-08 4.1845696330256e-08 2.2914716168998e-07 6.75108058345586e-10 1.14131575301712e-09 8.13066790846806e-06 9.69761714486594e-08 1.25317495780486e-07 8.48632998670107e-06 2.5036585242777e-06 3.43097330472997e-06 1.34958779844929e-06 6.34904066154629e-07 3.59140401529068e-08 1.79002285500829e-05 5.98685364394669e-08 2.2368531360506e-09 1.21559425381168e-07
8.80700326888473e-08 4.4402110432884e-08 1.23530134565897e-08 5.29409467375785e-09 2.96478203765105e-08 3.09423984212742e-09 2.63366469965831e-08 6.57344179089137e-12 1.55339292291501e-06 1.91345002065191e-09 5.47821898955192e-11 3.56391929301481e-08 3.66347798319566e-08 2.02622496559002e-09 1.82283974936581e-07 2.20369507530904e-08 2.68696261684909e-08 6.57846749174684e-07 1.10328677749294e-08 4.73334779371726e-08 6.60525756757124e-08 1.18249877800736e-07 0.00020509624737326 1.92168917578783e-07 2.28675103244314e-06 1.37033833880196e-07 1.86242938848835e-09 2.75065703547739e-09 7.44520234352564e-10 9.19100806573425e-10 1.12648825378869e-08 7.86715421696726e-09 5.73716707474858e-09 9.55394885426841e-10 3.66309249599794e-09 1.42799898128487e-08 7.50923889736299e-10 4.35442373714068e-08 0.000185075867961693 1.71781550761807e-08 6.56483856165124e-10 2.81675613689192e-07 1.22089265965908e-06 5.90703359390932e-05 5.57223757419623e-05 7.15419517892668e-06 3.10526545921341e-08 7.85244909768612e-05 4.26708184525504e-06 1.26098416427745e-05 2.23032460233696e-06 2.92700106458765e-05 3.00137905639986e-09 1.92576873470074e-07
8.58616782117849e-09 3.0745900059248e-08 2.27603305091861e-08 5.61121131781306e-09 1.47236801240069e-07 6.55720657771752e-09 4.86724509585201e-08 3.02683744735077e-08 5.49612806821642e-08 2.57534232162016e-08 1.16703439134724e-09 6.92263890655909e-10 1.77384347210818e-08 2.95877907774411e-07 1.96143652431147e-08 1.83083426197328e-10 8.81116854145603e-08 2.27349084980233e-07 2.93397693695852e-08 3.473714578206e-08 8.38606757369575e-09 1.25154132391003e-08 3.52240199674725e-08 8.66885151483032e-05 1.13931652379051e-07 3.8613467978621e-11 5.78724845823331e-10 4.80261483915001e-09 1.45419043473538e-09 1.64774677458013e-08 5.33704015426295e-09 1.85421604970148e-07 7.45616115516157e-09 2.07534822660449e-09 5.51707475260343e-09 6.87364165585791e-11 8.70914185213678e-10 5.70555514056714e-08 1.17508238972608e-07 1.88873402473533e-09 1.46692202829257e-09 2.54206243832655e-09 9.40734548993127e-07 1.49452520616267e-05 1.07035346209594e-06 1.90696954538438e-07 1.45617462932179e-07 9.55843649785848e-09 3.54024537896347e-07 1.39268388921199e-07 6.79272093795369e-08 1.70490186346406e-07 5.58090516630916e-05 8.27469203046327e-08
1.37493547214262e-08 3.21534052716288e-08 1.87501573378768e-08 2.0606784101318e-08 4.85061696364752e-09 3.87240302046621e-09 7.336148621917e-09 1.34798549211723e-08 8.33364393315605e-07 1.60258975867578e-08 2.91004166541597e-08 2.71452392786031e-09 4.21975199227376e-09 1.95654154211411e-08 2.56668581499753e-08 1.16325600174605e-07 6.06554252158276e-08 1.96950876940605e-08 9.73914893620531e-08 9.99329419215655e-10 8.86538176203544e-09 1.81418652545062e-08 4.12526833315496e-07 8.04324532538092e-05 5.41278518548793e-06 3.86592091672355e-10 1.20085053012531e-10 3.45209789642809e-09 7.92426713136507e-10 2.35442364493466e-09 3.13903996129738e-09 1.92977326340937e-09 7.31228289030383e-10 8.10984090993117e-10 6.00187366472937e-09 1.61403329812515e-08 1.49748990985188e-09 5.55563943294146e-08 2.98589395431037e-09 1.64488211940039e-10 2.67096634809505e-09 2.06288288495671e-07 9.05905075399005e-09 3.26370990233471e-09 8.09908100585233e-09 1.08403601212226e-06 2.92070663665545e-07 9.18530839277842e-08 8.13940234101196e-07 4.99657404717691e-05 5.28114885312014e-07 2.59679253992839e-05 3.01918661713696e-06 6.48622626331363e-07
2.90218814313903e-08 2.69873510205798e-08 3.09580627799733e-09 3.25110590670974e-09 3.09495415962147e-09 3.14403895140813e-09 2.62389612259994e-09 2.95397406091524e-08 7.72092420220361e-08 1.5888041815515e-08 3.03292871706162e-08 4.24977161239681e-09 5.32505476380507e-09 8.62263149770115e-09 1.00108263012544e-08 1.52726993718488e-08 1.84635156275093e-08 2.08837992232702e-08 4.76428789752958e-09 1.71255711833851e-09 1.2779184377365e-10 1.83913392959312e-08 9.69450781873604e-09 1.09528943426085e-07 1.52161403095041e-05 3.92473666011028e-08 2.63416466417254e-10 7.4438480934802e-10 5.35516053723484e-10 2.56659782316149e-10 1.70573544178154e-10 2.36073360859734e-10 5.0970389020577e-10 9.9639505535265e-10 5.46869980411202e-09 1.45539161167108e-08 2.03972210233161e-09 9.83700543244481e-10 5.4623122691666e-09 6.39110813160926e-09 2.06803044022763e-08 7.89760656527694e-07 1.00799320809086e-06 2.78267211939465e-08 4.34952724504001e-08 4.84911484560646e-06 0.000250936419773873 3.46524211636279e-07 1.42442250552488e-06 2.20789722527037e-07 3.7874504826263e-05 6.50505964838732e-07 2.55426155556515e-06 2.53440613253719e-06
2.66119954517308e-08 4.20177528326349e-09 6.57587338537269e-07 2.31531238625848e-09 6.45431716961298e-09 1.41624284429875e-06 2.89570870615208e-09 3.50064135457018e-09 3.18934780807467e-09 7.38244105846775e-09 3.34131009527283e-09 3.16174936232372e-09 7.2326594491301e-09 8.19540302288146e-09 5.65468944557779e-08 7.76098602273123e-08 1.14860219113666e-08 1.05801940541994e-09 6.88990642316867e-10 5.74818059817517e-08 1.63016435905661e-09 1.07611182187384e-09 1.01513690786703e-09 2.56631582651323e-10 2.25758585159497e-09 1.17934193895053e-06 1.08452358205113e-11 1.83149606591826e-11 9.62320501063374e-10 1.40487493638375e-08 1.93168830264767e-08 6.90221368948585e-10 1.24968618786525e-09 1.1828356250021e-08 5.37284904567059e-08 1.46950597468276e-08 3.46387462712983e-08 9.653844065316e-06 1.69327284328835e-05 2.35271351289867e-09 6.94887603458483e-08 1.65641898797197e-07 5.78022375608001e-07 3.31889339133529e-07 6.37621244692355e-09 2.11767689972664e-07 9.33093433622689e-06 1.82374797938034e-05 2.41830279364974e-05 1.30315468694908e-06 1.85290582521702e-07 3.29311268387755e-07 8.7143322806682e-07 5.46487252195416e-06
2.48372245437167e-08 1.76967336784628e-08 3.18092731961261e-06 9.16752469493076e-09 1.17945259781038e-08 1.43279738296087e-08 5.56053771916254e-09 2.54085687600991e-08 4.26274862519449e-08 2.78616454352232e-08 7.50896065326856e-09 8.40480796071574e-10 6.30012406688252e-09 4.78923976032775e-08 5.31214951138281e-08 9.21551335242299e-10 1.75439662797316e-12 9.94578974733429e-11 5.47228751202056e-10 1.71105646984415e-08 1.90505087260817e-08 9.17348774720494e-09 3.12934076429627e-09 2.81141776525828e-11 8.55896309381876e-10 9.37266519951408e-10 1.33549838210456e-07 7.62080134109056e-08 7.01227964583495e-10 1.38066348354116e-09 7.40175138957966e-08 8.1074347235699e-10 2.39661170908789e-09 8.77009509459015e-10 7.9312572154322e-08 5.59966892410557e-08 1.46290990776787e-07 1.94055737743337e-06 3.71007535293622e-07 3.14024049541395e-08 1.48204231696258e-05 1.59635534290326e-06 1.72128606027444e-06 1.23932488817036e-05 0.000486460182832604 0.000132065342231957 2.61624745701017e-07 1.83082357818609e-07 8.02984250365402e-06 4.79977916278962e-07 4.44047591612318e-06 6.94045041882418e-08 2.39110250044305e-07 1.8162783647302e-06
3.42818529119882e-10 2.88052569574759e-09 4.41079834878622e-09 3.6421963329758e-07 1.21150829812677e-08 1.1622337936501e-08 7.68019159380628e-09 4.00674831091408e-09 1.31799223979101e-08 2.06029093785531e-09 9.00705443562799e-10 7.51208574456541e-08 5.44500711185947e-10 2.22359810564399e-09 2.32221353257955e-11 3.3892267881086e-10 6.63648225263103e-10 3.04037652831823e-09 2.95201232347608e-09 6.29038199306819e-09 1.38743482258619e-09 4.9488853015589e-10 2.76892808681595e-10 1.17655020170915e-09 7.39296734941775e-11 6.3698507801746e-09 5.8512883072126e-08 9.77635528087717e-11 2.8293940523838e-10 5.78258929628817e-10 5.90466933125811e-09 2.7547703673747e-09 5.44894218634795e-10 8.9063064478978e-09 1.11454279760892e-07 1.23183190225973e-07 8.63461991684744e-08 3.41429255978909e-09 7.12513443801299e-09 1.76763713666261e-09 2.30489707748749e-06 1.67056790851494e-05 8.84927668920454e-09 1.0469255472545e-07 1.31098832445442e-07 5.07364450197389e-07 3.91859260595595e-09 1.82343950438923e-07 1.9728688585019e-07 5.7651166684991e-08 9.25018284192447e-08 2.27571124611359e-08 4.0235110009279e-07 1.76645445513657e-05
2.42776093095642e-07 1.46817709101299e-09 2.1130964533711e-09 2.40813093910219e-08 6.04763425871013e-07 1.37992527404762e-09 2.31658856542083e-09 6.16101587525009e-08 1.23525256690016e-09 7.24932158746583e-09 2.2251000153517e-09 4.26294377575687e-10 8.07481015385747e-09 3.10880210463438e-12 1.12533349305721e-10 4.20609591600396e-09 1.50775640861411e-09 5.14537518370162e-08 6.6521318675683e-09 2.73359660241113e-08 9.77466090290591e-09 3.80686933088015e-09 8.25212009836207e-11 1.60182015429555e-09 1.60959690020945e-10 3.69938302213768e-11 8.23872148281168e-10 8.66234168839242e-09 9.08496833318395e-11 5.89013282592532e-11 9.54645244632957e-08 0.000159917162091217 1.15781075464838e-06 1.48778711264286e-05 4.99991351716744e-06 7.65708068684035e-07 2.19092541442478e-08 7.27418845158922e-09 7.63339280673847e-10 5.03531649709288e-10 2.06400330160506e-09 2.90474885381031e-05 7.58840826731166e-08 3.25171833992499e-07 1.10436559508376e-07 6.26170283624106e-08 1.59680038969157e-08 2.33890620249255e-07 2.46942988757493e-07 4.50033347476619e-08 6.80865127933306e-07 4.00007208223308e-07 8.83766055579383e-06 3.23243026521758e-05
