Maxent_result_files_2/B_lapponicus_3.asc
NCOLS 594 
NROWS 330 
XLLCORNER -15 
YLLCORNER 23 
CELLSIZE 0.166666666666667 
NODATA_value -9999 
[rows 72 to 95 of 330, columns 270 to 323 of 594]
0.00346962270559743 0.00768514210358262 0.0244110876694322 0.0041086517565418 0.00229201683414431 8.36088740296947e-06 6.35449267039068e-07 1.90665282542302e-06 0.000505408408071162 2.88516839987096e-05 1.05726684653029e-05 1.91741605356288e-05 0.000325665678883524 0.00715722464374267 0.000964674122951692 2.96906897006011e-06 1.67343118391283e-06 2.48304960872581e-06 4.61528337842854e-06 0.000111152050999408 5.50863783143063e-06 0.000240735931774338 0.00121406877879053 0.00338114814949222 0.00207459179291618 0.00283781756006647 0.00237111202004598 0.000350439599060337 -9999 -9999 -9999 -9999 -9999 -9999 -9999 -9999 -9999 -9999 -9999 -9999 -9999 -9999 -9999 -9999 -9999 -9999 -9999 -9999 -9999 -9999 -9999 -9999 -9999 -9999
0.0183139570523053 0.0210868449881673 0.00581684736534953 0.00404101236636052 0.00189563279418508 0.000292767977589392 0.000146161982399917 1.03729230764849e-06 0.000177909596209247 2.90623503229614e-07 0.000179466879006895 0.00119616933370708 1.34541689089662e-07 3.05790083532376e-06 0.000171797804875951 0.000440755611634813 1.38549066708293e-07 3.46062636940037e-06 4.00701634021061e-05 6.37573322932461e-06 5.18357322509821e-07 4.35549621802256e-07 8.37452573898556e-07 4.80362761354769e-06 0.0139194226358086 0.00439218984683976 7.14650973350217e-05 6.57112657336256e-05 0.000242158728042341 -9999 -9999 -9999 -9999 -9999 -9999 -9999 -9999 -9999 -9999 -9999 -9999 -9999 -9999 -9999 -9999 -9999 -9999 -9999 -9999 -9999 -9999 -9999 -9999 -9999
0.0183394313789904 0.000582949227009522 0.00401968543301337 5.42755895467373e-06 0.000248712052226097 0.114891023188829 0.00072415005415678 0.000118070242388058 0.000269764336189837 0.000692028211778961 6.15226941247937e-05 1.80553454922294e-05 2.17005364674172e-05 8.41661709815034e-06 2.12950502781473e-06 4.18960445813354e-05 0.000379527696532023 1.18583048504206e-05 6.9765172098224e-07 3.0890919030746e-06 1.75394669010842e-06 2.16534874182273e-06 2.10363940311709e-05 0.00023299099302676 0.000692505796905607 7.56897353312524e-05 3.79312793768349e-05 4.5380552592178e-05 -9999 -9999 -9999 -9999 -9999 -9999 -9999 -9999 -9999 -9999 -9999 -9999 -9999 -9999 -9999 -9999 -9999 -9999 -9999 -9999 -9999 -9999 -9999 -9999 -9999 -9999
0.00192775157338474 0.00287382646929473 0.0019972714886535 7.58399460667913e-05 5.26159648287505e-06 0.000397124484663891 0.00577178829116747 0.000991101963518304 0.0028109067803598 2.71035285379639e-06 2.08004400519712e-05 7.20617301084303e-06 0.000191147491568699 2.30410581366414e-05 6.51126324484608e-06 5.39663468277496e-06 1.39732853676744e-05 1.89229200830976e-06 2.92557660827697e-05 6.09772551296572e-07 6.40963282762641e-05 0.000102925656301522 0.000102362068992079 1.34175514574508e-05 0.00014078111814797 0.000206859157515282 6.98093101263453e-06 -9999 -9999 -9999 -9999 -9999 -9999 -9999 -9999 -9999 -9999 -9999 -9999 -9999 -9999 -9999 -9999 -9999 -9999 -9999 -9999 -9999 -9999 -9999 -9999 -9999 -9999 -9999
0.00118247515201801 0.00159874580604082 0.00146375811455073 0.00128636677945906 0.000183367781846755 2.06733942456072e-06 1.9845048088829e-05 1.69874486088406e-05 0.000146308386275962 1.34837298510604e-05 1.02058235327718e-05 1.97878121866779e-05 0.000434957917934753 1.54763906403677e-06 2.47888853346367e-06 3.5951493245534e-06 3.56643790382805e-05 5.60767317494992e-05 2.21445829538425e-05 0.000188684795693916 2.34116027668652e-06 0.000150615182064939 1.56852013461162e-05 0.000101283151832376 3.02116304478184e-05 0.000180122374467828 1.94535654969741e-05 -9999 -9999 -9999 -9999 -9999 -9999 -9999 -9999 -9999 -9999 -9999 -9999 -9999 -9999 -9999 -9999 -9999 -9999 -9999 -9999 -9999 -9999 -9999 -9999 -9999 -9999 -9999
0.00377520313486457 0.000968775001820177 8.17515452951056e-05 0.000164622223986299 7.80955709610454e-05 0.0290197143513979 3.34451968345362e-05 0.0295517449034378 0.0543688873309293 1.85978222061456e-06 0.00078024063113844 0.00338822652120143 1.01807484213623e-05 8.31095013211325e-05 2.85526005882275e-05 9.13412812622028e-06 0.000395468395072385 0.000710534378595185 0.000910204073079512 2.93580050942488e-05 1.11494306052506e-05 1.70582380909501e-06 0.00027865381225638 0.000124615352422097 9.06248360479478e-05 7.1784120425189e-06 0.000198050088465607 2.18787967838807e-05 -9999 -9999 -9999 -9999 -9999 1.99716820134199e-05 0.000353834548816678 -9999 -9999 -9999 -9999 -9999 -9999 7.25699626457299e-05 0.179435132816434 0.00437847717604711 0.0974655589465016 -9999 -9999 -9999 -9999 -9999 -9999 -9999 -9999 -9999
0.00639476642245427 0.00044229106690068 0.00148407683645928 1.48829715106658e-05 0.000561369928586686 0.00347832895349711 0.000479989590530749 0.0440823324024677 0.00074023797060363 8.46315874811321e-05 1.63626715291021e-05 6.32951675907378e-06 1.42859160584763e-05 0.000109563149499081 5.95420558988646e-06 1.59895348231798e-06 7.65196790837308e-06 3.6719363362181e-05 0.000196117845780464 8.19800424778805e-05 2.33907380788878e-06 4.83539838796787e-05 6.47498277170921e-06 9.26771915992219e-06 1.53822370755563e-05 0.000262753327046994 1.39821282886032e-05 5.53176054212123e-06 0.00562754452694207 -9999 -9999 -9999 -9999 -9999 -9999 -9999 -9999 -9999 -9999 -9999 2.63256867749639e-07 0.132555987033993 0.0277005972340703 0.152827384695411 0.00115491230208136 0.000761759615852498 3.08215673827661e-07 -9999 -9999 -9999 -9999 -9999 -9999 -9999
5.94336434801335e-05 0.000841746235226992 0.000320876407204196 0.004411047603935 4.42722920446226e-07 0 0.000656243303092197 0.0157366614323109 0.00014377558400156 0.000178876323286659 0.000197928110719658 1.87540281331167e-05 2.97026186432348e-05 9.47442920996577e-06 6.18937525961316e-06 4.99277055333591e-06 6.86875396283426e-05 1.75657262616369e-05 5.04872993133176e-05 3.75196862023586e-05 5.27623827295542e-07 1.05457311750934e-06 0.000234695222355441 9.13692099784313e-06 7.9579509110772e-05 0.000121402068246823 0.000129121830049428 7.60762482286737e-05 0.000954081297095399 -9999 -9999 -9999 -9999 -9999 -9999 -9999 -9999 -9999 -9999 1.68857072768702e-10 0.000117539948382728 0.0624362517148256 0.000626659707631916 0.00122006862657145 0.00209503674414009 0.000356137178901861 0.00411011429823702 0.000710688842991658 0.122592715546489 7.68392578720523e-05 0.00216635370161384 0.0923833594407142 5.07841286889743e-07 -9999
1.70741972941313e-05 1.65165382227883e-05 0.000800196739146486 0.000197021613507786 0.0190914826467633 0.000326694562681951 0.000125165722602105 0.000707551907180459 0.00265378101612441 0.00118168126173259 0.00014413552444239 9.16107943339739e-05 4.45715727892093e-05 8.01367129497521e-05 1.11440201237656e-05 0.000265135773224756 1.63497987707761e-05 2.9602925590666e-05 9.15063828813345e-05 2.59489081667397e-05 5.81046524059659e-06 0.00855477864752174 0.00215087733813561 2.9118538675732e-05 2.93512599512269e-05 9.22915105209476e-05 7.15161850166623e-05 1.91707434875177e-05 0.000345293525970192 -9999 -9999 -9999 -9999 -9999 -9999 -9999 -9999 -9999 -9999 -9999 -9999 0.0587812274694443 0.00374975646759594 9.71567827320996e-05 0.0140774708241224 0.00448621055111289 0.00224315769737586 0.0798503514612094 4.39884173829341e-05 0.000254884950118139 0.0373306043446064 0.227335685491562 0.247219705581665 0.000133374014330911
1.50496838713043e-05 3.37994490192672e-05 0.000819691329525085 0.00890971869521309 0.00353696379315807 0.00151351158037869 2.09835150599247e-05 0.000248977127466787 2.11399972243953e-05 0.000139998799107488 2.930066388529e-06 1.08841299850782e-05 0.00580352433025837 0.000103491420668433 2.35488045184695e-05 0.0238387998659164 2.86054342723219e-05 0.00104546877555549 3.13542835439495e-07 1.38619818728314e-05 0.00011237107873967 4.35101918542458e-05 1.21215802687757e-05 4.96356767797135e-05 2.97258214713159e-06 0.00549181983224116 2.62043110069499e-05 0.000166329391504405 0.000144829014880088 0.0552494833245873 -9999 -9999 -9999 -9999 -9999 -9999 -9999 -9999 -9999 -9999 -9999 -9999 -9999 0.0146853175014257 0.00226558581925929 0.0337973698973656 -9999 0.00129685383435572 0.0119848631322384 0.000314124079886824 0.000169247426310903 0.00174266613321379 0.00081935840571532 0.000340286360005848
0.00015538732384357 0.000566323864040896 0.00246981531672645 0.00656711231895315 0.0128818361554295 0.0587870262563229 0.000432658862700919 0.0951559442211874 0.00199767779558897 0.000105751168302959 0.00196113041019998 2.5171721284778e-05 4.3354906301829e-05 0.000110174051448597 7.242494291404e-05 2.73723856837549e-05 9.5786224846961e-05 6.62840597215109e-05 3.47108949121377e-06 0.0319359196117148 0.00040180956984841 1.93965941434726e-05 9.13569767817535e-06 7.47733829484787e-05 0.000843878708110424 0.00011853641798325 5.42245086762705e-05 4.49808418352404e-05 5.22487202943012e-05 4.5254889437274e-05 4.06700707038077e-05 9.74002485236269e-05 0.000683652370935306 0.000241523636941565 0.000108052258292446 0.0826077458448708 -9999 -9999 -9999 -9999 -9999 -9999 -9999 -9999 -9999 -9999 -9999 -9999 0.151733532547951 0.00617525549605489 0.0338367610238492 0.000909042523198877 0.00103149730712175 2.84947407635627e-05
0.000380725047989472 0.00430512851453386 0.00554411290213466 0.00232921580900438 0.000158040413816707 0.0264236670918763 0.000634594604889571 0.0240442976355553 0.000234960575744481 2.67271720872486e-05 1.83446119467634e-05 0.00105907290271716 0.000667708443540804 1.51955592627928e-05 3.90444037293491e-05 3.05710105749313e-05 1.43103108712239e-05 5.54406384253525e-05 5.35446597496048e-05 2.36164043290188e-05 5.02332994074095e-05 3.6186854515563e-06 7.79311153564777e-06 6.51895173859884e-06 0.00370264078956097 0.000111960195499705 0.000459152145776898 0.00212789746001363 3.13016576257041e-05 0.0020197931342409 0.00085480316192843 0.000497091464785626 0.000406315829604864 1.73403375811176e-05 0.000229943844169611 0.000414744537556544 0.0031612113234587 -9999 -9999 -9999 -9999 -9999 -9999 -9999 -9999 -9999 -9999 -9999 0.0242356650531292 0.000409580603445647 0.000110182277830972 9.38464181672316e-05 0.000270032192929648 0.0106582039035857
0.00162591804983094 0.0010579072035398 0.000275427601377487 7.50670562979394e-05 6.46655187930278e-06 2.79609215663279e-05 0.000131961058357644 0.000720545984222554 0.00274089756858302 0.000454000297861512 0.000494318677834826 0.00178597925460053 0.00303900369526673 0.000342401668542625 0.000426649284781888 0.000162232560887787 0.000109708179297741 0.000143873197521316 0.000729021491133608 8.64210267523258e-05 2.76053568143197e-05 0.000161604352251743 0.000266772962640971 1.60880286784959e-05 0.0031878549605608 0.00108707486069761 4.45611232197218e-05 5.11723927047569e-05 0.0138123610406183 0.00297025344043504 0.000106987786762147 4.48913474041746e-05 0.00103190533118323 0.000403705053031445 2.86078231965803e-06 0.00151498254854232 0.000365049656829797 4.47693387286563e-06 0.0480778437107801 0.00893015675246716 -9999 -9999 -9999 -9999 -9999 -9999 -9999 -9999 0.0304542179626878 0.00165601889893878 7.8998465710356e-06 0.00042461259290576 0.000869943131692707 9.87811326922383e-06
0.0050814939342672 0.000544091350525378 0.000185274831076487 0 0.000245889223424456 1.57419340329756e-06 5.0867152437184e-06 0.00108805048512295 0.000641659576874076 0.00103557217589696 0.00701810888604086 0.00148334372034782 0.000299890898168087 0.00231948029249922 0.000442938701598905 1.4387290502782e-05 2.06294434974552e-05 0.000319026131182909 4.19949497491023e-06 0.000129221967563353 0.0202521748840809 2.5700060177769e-05 1.1203376470803e-05 1.77544767797189e-05 2.5409435693291e-05 1.27241409300094e-06 5.54202767233392e-08 1.01721396161047e-05 7.37033975197754e-06 0.0153262832202017 0.00859949493315071 1.04176591776195e-05 1.51055664390221e-06 2.37047078854857e-05 0.000129472813569009 0.00205210217245622 1.2453724824546e-05 0.000149553673691116 1.64094403842796e-07 1.71208439496695e-06 1.78017467987956e-05 9.35627256694715e-05 1.81725352376816e-05 9.17821966140764e-05 0.0921662664040923 0.00151543586689513 0.000803583825472742 0.000136562111583771 2.66117869159643e-05 0.00160047347890213 5.99088649323676e-05 6.21265740392118e-05 0.000510184189624852 2.83734202639607e-06
0.0272028086706996 0.000499684293373548 7.95888751625284e-05 1.78219646093103e-06 0.00163421810166255 0.0106339323800057 2.41725494433798e-05 0.000635659662657417 0.000648184464080259 0.00256232414394617 0.0185982281342149 0.00223967222991632 0.00708469122182578 4.63026048237225e-05 3.66448171917e-05 0.000371925638353643 0.000601231443033612 0.0434165801852942 0.00446499369572848 1.75318964032112e-05 2.59432297752937e-05 0.00161995822927565 0.000480149895884097 0.00038705402330379 9.24913634662516e-05 0.0160617764049675 9.07572718915617e-05 3.5993755295749e-05 0.00500030103139579 0 0.0216474680230021 0.00597379198297858 0.0017731684318278 0.0569448830094188 0.00834537096088752 0.0365416949614882 0.000120540425996296 0.011480484472122 0.210260047018528 4.59903605587897e-05 0.00118099221144803 6.74437353154644e-05 5.61950656674526e-07 3.8987436255411e-06 0.000171145632702974 0.117358129331842 3.33657961164135e-05 0.000357725686626509 0.00114893266145373 0.000158792925140006 9.51179281400982e-06 1.60285947004013e-06 1.28779874103202e-05 0.0100204328657128
0.0125584349036217 0.00128039193805307 0.00869957357645035 3.59233269193737e-05 0.00138495703649824 0.00177092340582021 8.08076610042008e-05 2.11959691007735e-05 0.000729621813661652 0.00256945258806809 0.00375068622943218 0.00228595316038991 2.7709673162235e-06 0.00109098717512097 0.000273621068254215 0.00271284312620992 6.41005481156753e-05 2.09619324151089e-05 0.136408166587353 4.43020770717339e-06 0.000343845279439847 3.91716015735177e-07 6.98800287572965e-06 3.28563983240659e-06 0.103939039260149 0.000633696421573404 6.14042829511163e-05 0.0687006385996938 3.16556308462168e-05 0.000118366908282042 3.83273947591078e-05 9.32238450680467e-06 0.000867087303777225 0.17674977183342 0.000155927747255191 0.00456346590071917 0.000300070888624759 0.000962325387081364 0.000302778254263103 0.000137611752870725 3.42580449796515e-05 0.000655324786202982 0.000152178128519154 0.00386273353360593 7.44634089642204e-05 0.00895307073369622 0.0947978720068932 0.000121417862465023 3.76436566511984e-05 1.34748106065397e-06 2.10602819379346e-05 3.72945571802674e-07 1.08428703460284e-08 1.58755401580279e-07
7.68747508885781e-05 0.018314947700128 0.00744442732539028 0.00391876890789717 0.021655761852162 0.0394739548675716 0.00422598077639122 0.00208090147789335 0.000135099253384396 0.000137908271087506 9.31860694436182e-05 0.00497415810823441 0.00593583227600902 8.75493603416544e-05 0.00395225137472153 4.49334099194232e-05 0.00249105395050719 0.00251517658616649 6.19710139517338e-05 0.0182568398362491 8.11754278413623e-06 0.00111700010602362 0.000420039067103062 0.0018681298157901 0.000160166466457667 8.0387678281113e-05 0.000878406967967749 0.012563604908064 0.0134043165948242 0.000152137649274664 0.104127569496632 0.00907849473878741 0.00183039809344336 0.0148177872411907 0.00917217961396091 7.18833201972302e-05 0.000489846782875247 0.000306343860574998 0.000251527320051537 0.000260644976515323 0.00013435203654808 0.000271482464449946 0.000466177011549007 0.00529482977144653 0.000426856882404536 3.43301653401795e-05 0.000149455244536512 7.79654841608135e-05 0.00789467025315389 9.14870171982329e-05 0.00256894325721078 0.0062369282823056 0.000433944110773155 1.0386952262742e-07
4.30402412703756e-05 0.00843272712081671 0.0163423541933298 0.00309554987470619 5.64747355383588e-05 0.000303196856475552 0.0597853928804398 0.0195086515042931 0.000135689188948618 4.68178338451253e-05 0.000277479498254252 0.0843255072832108 7.34262724990664e-06 3.99894288413805e-05 0.000961555724643404 0.00394255851861089 0.00685130492202006 0.000937127450015396 9.74147846136475e-05 0.000379507058096351 3.12413954816293e-05 0.080418287217617 0.00278888494940475 0.000275743852398591 0.00181423097383231 0.0242296598851681 0.0183877294883132 0.0774607369130536 0.000312874637893401 6.67669865460851e-05 0.000225588764442364 0.000302578979972168 0.000285786555468803 0.0093996673822403 0.102988974004984 0.0011304845160339 0.00030831404728815 0.000822720103315078 0.000451971413349383 0.00124229002103675 0.000187943851051386 0.000123198250366841 4.22064041686099e-05 0.000230512223788537 8.41705470520537e-05 3.29991149556008e-05 0.00581581679871306 0.00713902254938148 0.000125726270198356 1.24844877973374e-05 0.00011189846045454 0.000278387722210027 3.7266149941928e-06 1.3856036606974e-07
4.07684634330385e-06 3.58453688157567e-05 0.000208586064900373 7.05786269065811e-05 0.0002805920436316 0.00642176566179842 0.00670554089883808 0.0364343972876668 8.97650839760899e-05 0.00675068244454451 0.000525378759584783 0.000197026375215614 2.58352307206389e-06 0.0136006418499164 6.75878368401328e-06 0.00013660679323948 0.00263805226422846 5.29917933874913e-05 6.24442131083924e-05 2.90544376184698e-05 0.000456306107662385 0.000748518842738122 1.44503274053465e-05 0.000252224655832833 0.000727490551071241 0.00478090573451482 0.00471652345731854 0.040109502710402 0.000203300386056071 0.000345980231577414 0.00107558974996209 0.000944181118393317 0.000324067782258908 0.00266357476357371 6.48951703624334e-05 7.63678661314771e-05 0.000134279492340283 3.79097561630459e-05 0.000209433526833891 8.29564953164663e-05 4.85632779600564e-05 4.91491020511603e-05 1.41476047133438e-05 0.000280641253630165 0.00569002008996904 0.000197040653438307 0.000283066682459321 0.00542243358795531 0.0223447632044554 0.000205399130209116 0.000364705745596439 1.8587886415844e-05 0.00046357062901734 4.59219071657913e-06
7.74808849200781e-05 3.12733511464103e-05 0.000974773615598679 8.09414974355604e-05 1.29522054521658e-06 2.43810069150641e-05 0.000201803472009487 0.0010258027468808 0.00134092839434743 0.167264997214079 0.00130420449590929 0.00947065241452947 0.000471102950791646 0.220121249556541 0.00108612062904285 0.00189363874960691 0.00649626650847495 0.0017442328389734 0.000251399329863489 0.000395100093010114 1.4651029050583e-05 0.000430798338493332 0.00021465281060955 0.00041873527225107 2.95765588660402e-06 3.42315108881053e-06 1.67758765878823e-07 0.000176253189272302 0.00217648927064147 5.70120738302649e-05 3.64722434539999e-05 0.000587637135606656 1.03475899530636e-05 1.21845202997406e-05 1.64792646501155e-05 5.66619616364505e-06 2.08191088404419e-05 7.76053311710712e-05 0.000199626697576605 0.000192891616461566 7.2226133033837e-05 1.20897814213095e-05 5.70724138924561e-05 2.33350407143007e-05 0.000638136762427166 0.000241674165954464 7.18003211204632e-05 0.000357115594670177 0.00224441843456589 7.24034384802508e-06 0.00290248004021123 3.13310631099739e-05 3.90622338208857e-06 0.000843266202355153
1.05921698767553e-06 2.07254273423274e-05 0.000523041055424756 1.78870739745207e-05 3.53543860228456e-05 0.000125276458538792 0.000171637933090096 0.000164412099593392 5.30349666405527e-05 0.0116307412739843 0.00884948912438404 0.0025831241189735 0.000692160427570343 0.000205998351793824 0.0119645918253809 0.00113398365210742 0.00125426629019785 0.000142852990938991 7.83075694926083e-05 3.26137513184221e-05 2.96967186244501e-05 7.58394151489483e-05 0.0152903575042728 0.000132862102844911 0.000386536991027242 6.09588761701918e-07 1.22893340583907e-06 1.19315722874047e-06 1.28536998320605e-05 2.24539611753838e-05 8.15180682263161e-06 0.00981176197528839 2.73409484265796e-05 1.36539687528359e-05 1.79003129574085e-05 1.28939303667419e-07 1.19167536851705e-05 8.69608211360173e-05 0.000400617724153562 0.000301934645540314 1.15810925649384e-05 0.000313915978767909 0.000105096101287927 1.99970637027036e-05 0.000270389925208292 9.8620757489698e-05 1.85290102990621e-05 1.56464680836965e-05 3.00995243495805e-05 6.58858799582163e-05 5.86367455071013e-06 0.00010621443434502 1.13872786755564e-05 3.19205427423697e-05
1.47560100481892e-06 8.98278128715901e-06 8.55769827778907e-08 3.87144962132879e-05 1.63963436822234e-06 0.000287228348315693 0.001328226539772 0.000685735008300981 0.0109976562322117 0.0057593984703999 0.00252854190766811 0.00198808551358525 0.0011771023098845 0.00567118840408511 0.143347972631454 0.0018476712136362 0.000143418315860799 0.000175842182216002 1.41887799763651e-05 0.000154155507561882 0.0024163588474039 0.000438722736907948 2.50032685075174e-06 9.04254427211981e-06 0.00304404785856605 2.26419697435531e-09 3.29856178615806e-07 4.30120620080743e-05 1.582072180355e-05 1.95282096641103e-06 7.87819051765837e-05 0.000226818151552521 1.5685008541988e-06 0.012733993679285 0.00059204674312241 3.00219822335634e-08 3.78632090869413e-07 7.51106082219621e-08 5.98533870885376e-05 0.252515697479248 0.000129359130119155 1.42691829877473e-06 7.77467446226865e-06 0.0210511156357825 0.0138762287213467 2.58730664654649e-05 7.17165278842913e-06 1.04357537944466e-08 2.79626847232706e-09 1.15070299332443e-06 1.48666415167309e-07 1.29297611839441e-08 2.11229983504424e-09 5.19906490081823e-09
3.31958809258737e-06 6.4285902157124e-10 2.33614105538127e-07 5.82932895287769e-08 0.00314520633255597 0.00032493411708856 0.00171519048453774 0.000299682390453881 0.00288535975851119 0.00050117794671678 0.00489288860117085 0.00511025653686374 0.00189571999944747 9.11855251843008e-05 0.00096463199952268 1.05177671639645e-05 0.000157552499285885 1.25586040418568e-05 3.07676698866999e-05 1.45665455420385e-05 1.54994784097084e-05 1.24028277708188e-06 1.17646433426266e-06 2.41239209159971e-06 8.68323983427288e-07 2.3253735631501e-07 1.56186582743523e-05 0 1.92873556157602e-05 0.000364504392689469 1.90129356893998e-06 2.33544477207914e-05 5.15054827787687e-08 1.09727996250308e-06 0.271839022636414 0.000142344891486346 1.17542643562896e-07 1.65790746905259e-05 0.0024392603430897 0.000955423037521541 0.000182433395241333 0.000184847791979337 1.69232871817249e-06 8.22592793099375e-06 1.85211074755998e-05 2.15462351293993e-08 1.46530965139391e-09 2.67750741689277e-08 2.40065246570609e-09 2.37424837667977e-07 1.82446263519154e-06 1.86875251939611e-09 1.01435325916555e-08 6.15992165831081e-08
3.28603073196376e-08 6.15807706028093e-07 3.13398240248119e-08 1.60998350873243e-08 1.44271304347576e-08 4.29791384590317e-05 0.00132883815094829 2.78901305179602e-06 6.47230612855765e-05 0.0011660941889204 0.000549584264263103 0.000220441618398581 0.000365191851597046 0.00134579999139532 0.0043989110738039 0.000195351770466345 2.35087498123843e-07 0.000424289063084871 1.10674968048841e-05 0.000128896826686287 3.08805139237478e-08 1.0972170243484e-07 1.73076401577266e-07 5.46886824714932e-10 0.000140706774931232 1.68840275782678e-07 2.15907997045406e-05 2.09852873069849e-05 6.80775794421606e-05 0.000312876412317564 3.82212849416419e-05 5.50856428346291e-06 0.000973733699356671 0.000112829125374603 0.000719179782026913 5.47387347926698e-07 6.36111644116255e-05 7.86788367790336e-10 2.51731340938477e-05 0.000830918085557641 7.45336528551466e-07 1.32810288167029e-07 1.03966797504462e-08 1.17535500621102e-07 2.68129635050407e-07 1.00014661075232e-07 3.11201993907773e-07 2.41605026995995e-07 2.96829093713313e-05 0.000664505158783868 2.12424501544461e-08 5.23113162120836e-08 1.36636471026463e-09 4.91051016515698e-09
