Maxent_result_files_2/B_laesus_2.asc
NCOLS 594 
NROWS 330 
XLLCORNER -15 
YLLCORNER 23 
CELLSIZE 0.166666666666667 
NODATA_value -9999 
[rows 168 to 188 of 330, columns 322 to 367 of 594]
0.273946453630924 0.172234224528074 0.270916347950697 0.265692920982838 0.263552691042423 0.260015146434307 0.258727490156889 0.258180890977383 0.256687557697296 0.257788477838039 0.157189878821373 0.245124167948961 0.226353341341019 0.374694290012121 0.18994156755507 0.160351882874966 0.292935211583972 0.212989357113838 0.26222340092063 0.254532495886087 0.192890179902315 0.233782054483891 0.4023163869977 0.567638537287712 0.583679297566414 0.36675391793251 0.530298960208893 0.634482258558273 0.488921222090721 0.616123273968697 0.41363293081522 0.57955593764782 0.588014462590218 0.46302133500576 0.617883884906769 0.610974341630936 0.619631806015968 0.641374716162682 0.750939977169037 0.590708082914352 0.625953748822212 0.477010080218315 0.492476487159729 0.305475987493992 0.280939519405365 0.258690167218447
0.281283847987652 0.175610025972128 0.277963324636221 0.272207348048687 0.266566633433104 0.264826079457998 0.264509236812592 0.263500852137804 0.261440972238779 0.261721696704626 0.261828441917896 0.248892271518707 0.264371258765459 0.212498770654202 0.168445090204477 0.652110114693642 0.796233695745468 0.612825153768063 0.659542697668076 0.633383411169052 0.747094550728798 0.244341684877872 0.585517847537994 0.699922585487366 0.545462900400162 0.206089554727077 0.646354922652245 0.670755338668823 0.702708628773689 0.997876101732254 0.973118978738785 0.62932505607605 0.685532879829407 0.714351105690002 0.656051242351532 0.560581502318382 0.657997995615005 0.461640386283398 0.807313001155853 0.811933892965317 0.537663811445236 0.554644596576691 0.602663961052895 0.580651053786278 0.608441120386124 0.581412398815155
0.286171339452267 0.283552613854408 0.282178548723459 0.278561002016067 0.273163155466318 0.267900443822145 0.265400614589453 0.263503351062536 0.259174890816212 0.254959154129028 0.259190868586302 0.263775236904621 0.267335017025471 0.268037161976099 0.26666968986392 0.353985647857189 0.664877930283546 0.388506418466568 0.596444325149059 0.553142593801022 0.653473988175392 0.560503724217415 0.625765296816826 0.569618299603462 0.345063848793507 0.639609798789024 0.68976885676384 0.865830969810486 0.701682597398758 0.546191911399365 0.722945517301559 0.709783357381821 0.720214027166367 0.710402250289917 0.66791718006134 0.683409875631332 0.65874579846859 0.692627590894699 0.802701359987259 0.691694056987762 0.694262906908989 0.724199065566063 0.317748960852623 0.285364507138729 0.265022956579924 0.248904122412205
0.286946653574705 0.287317118048668 0.284142794460058 0.282189318537712 0.277551384270191 0.272779137641191 0.270567882806063 0.265733250230551 0.555869644880295 0.261264605820179 0.214534331858158 0.216588826477528 0.265980392694473 0.254399280250072 0.255561198294163 0.272827868163586 0.274539785832167 0.265145866572857 0.421050560474396 0.285449573397636 0.243802028894424 0.259613542258739 0.375978994369507 0.241158977150917 0.259911449253559 0.507978203892708 0.632213711738586 0.657135963439941 0.425743451714516 0.691531330347061 0.679397201538086 0.707637071609497 0.708341842889786 0.708527559041977 0.759554636478424 0.799059677124023 0.646149525046349 0.689108824729919 0.432732680439949 0.388791781663895 0.359002953767776 0.341558049619198 0.312983696162701 0.272050755470991 0.259122740477324 0.229391411691904
0.285680042952299 0.536092993617058 0.28420657813549 0.28256856277585 0.280037399381399 0.452073115110397 0.276494935154915 0.270391982793808 0.266730637103319 0.265429708361626 0.264116653800011 0.27836370319128 0.273522441089153 0.26612960845232 0.273069580644369 0.27642657160759 0.410560685396194 0.255827680230141 0.238978433609009 0.448075911402702 0.330517008900642 0.224527655541897 0.502278751134872 0.51683906018734 0.180589065700769 0.426576162874699 0.589029410481453 0.680744343996048 0.706190073490143 0.701835721731186 0.670897132158279 0.68686420917511 0.798272025585175 0.866938078403473 0.51317675858736 0.847278463840485 0.82581941485405 0.822936993837357 0.70813302397728 0.384383298456669 0.652179396152496 0.34106842726469 0.306599245965481 0.264301407337189 0.252608714997768 0.212257488816977
0.178150983899832 0.178408109396696 0.284975585341454 0.283080953359604 0.28172774463892 0.279592818766832 0.279769250750542 0.276978971064091 0.277519476413727 0.273915006220341 0.27128921598196 0.236216194182634 0.284775526821613 0.272665058076382 0.27397508174181 0.274315097928047 0.270982030034065 0.271160801500082 0.330899235606194 0.380744317173958 0.616108855605125 0.534975406527519 0.582090324163437 0.478219552338123 0.603060925006866 0.535853609442711 0.581945812702179 0.677980560064316 0.788148272037506 0.820907294750214 0.723497039079666 0.658685547113419 0.693553781509399 0.846070086956024 0.79219274520874 0.827772361040115 0.979396677017212 0.982067364454269 0.406484222412109 0.38106552362442 0.359105847775936 0.333029003441334 0.291167896986008 0.260896832495928 0.236197204887867 0.217539709061384
0.176486437022686 0.373331542313099 0.169673980772495 0.267405721545219 0.166031187027693 0.280057609826326 0.277532318979502 0.280234851688147 0.278313970565796 0.274658359587193 0.658719944953919 0.271608295291662 0.313203150033951 0.167477023601532 0.272375726699829 0.265582177788019 0.263383626937866 0.162262074649334 0.31535486727953 0.292431999742985 0.639207234978676 0.554108163714409 0.434015800058842 0.645973214507103 0.613519644737244 0.707066756486893 0.702156388759613 0.709648239612579 0.677622532844543 0.562077212333679 0.59434297978878 0.716176986694336 0.715746092796326 0.701569557189941 0.691127115488052 0.994215494394302 0.99545082449913 0.948367565870285 0.692473968863487 0.362296405434608 0.341275590658188 0.324705566465855 0.296081826090813 0.260559605807066 0.236448439210653 0.215963734686375
0.241913110017776 0.540347385406494 0.373627366125584 0.839671242237091 0.899062377214432 0.52908460944891 0.395126231014729 0.279552683979273 0.276406736671925 0.273133001476526 0.255036747455597 0.273692540824413 0.249167200922966 0.446215106546879 0.252985608577728 0.215618245303631 0.207642828673124 0.262051153182983 0.236943632364273 0.308987511694431 0.602861076593399 0.593467688560486 0.508073452115059 0.596170940995216 0.696817141771316 0.702173805236816 0.691480189561844 0.716676878929138 0.95732107758522 0.990355920791626 0.886086016893387 0.79388427734375 0.851262640953064 0.98483601808548 0.993417376279831 0.996589851379394 0.997408819198608 0.980665594339371 0.556550043821335 0.918504959344864 0.334544843435287 0.303920996189117 0.290555529296398 0.268776594847441 0.248533980548382 0.224992883950472
0.799886107444763 0.494741600751877 0.280682768672705 0.960330724716187 0.885483628511429 0.576774753630161 0.362466711550951 0.68835711479187 0.274391979724169 0.251666432619095 0.267792692780495 0.271432267129421 0.286705656349659 0.387165841460228 0.3068652972579 0.267932851612568 0.254423459619284 0.238375921547413 0.235673557221889 0.255270095169544 0.628030779957771 0.695283168554306 0.964323210716248 0.953726291656494 0.987380254268646 0.988587671518326 0.739796710014343 0.715959811210632 0.44273756146431 0.430822733044624 0.785615241527557 0.778526568412781 0.712934935092926 0.800256729125977 0.99903256893158 0.911668974161148 0.786108773946762 0.329791957139969 0.336619228124619 0.373061752319336 0.37407850921154 0.419615632295608 0.928665661811829 0.579405450820923 0.235850168764591 0.213662356138229
0.707538449764252 0.594890716671944 0.38904404938221 0.276942822337151 0.271323908120394 0.496423721313477 0.55619161427021 0.841092097759247 0.674843135476112 0.811812824010849 0.209642678499222 0.293418344855309 0.255438908934593 0.253184047341347 0.290177066624165 0.263558768481016 0.241435645520687 0.355808219313621 0.958338415622711 0.873729354143143 0.200346480309963 0.901539129018784 0.597614318132401 0.674519550800323 0.761684846878052 0.756129938364029 0.620697295665741 0.793503898382187 0.695838290452957 0.72610821723938 0.490712352097034 0.484790641069412 0.74327957034111 0.779921972751617 0.983120423555374 0.982634675502777 0.986391931772232 0.562513992190361 0.516389971971512 0.326594708114862 0.334733125567436 0.378112977743149 0.320224666595459 0.359528277814388 0.767106801271439 0.801402282714844
0.446607202291489 0.679305505752563 0.256429163366556 0.361930933594704 0.25995431765914 0.267502637207508 0.871487909555435 0.858529031276703 0.616224071383476 0.955217826366425 0.369751317799091 0.273265470564365 0.901522314548492 0.749364167451859 0.645799821615219 0.303255240619183 0.264229506999254 0.259504449367523 0.393350857496262 0.341866655647755 0.581405785679817 0.621284154057503 0.61822062432766 0.691836458444595 0.790856170654297 0.762850141525269 0.802251029014587 0.713592267036438 0.790976923704147 0.876418387889862 0.822090804576874 0.765753579139709 0.84375376701355 0.83060644865036 0.797106862068176 0.405047093331814 0.581488452851772 0.357717771828175 0.626173388957977 0.308821012079716 0.287798316776752 0.593815052509308 0.282797001302242 0.395033632218838 0.812272375822067 0.86066529750824
0.763623678684235 0.753744632005692 0.747216480970383 0.450292104482651 0.722515213489533 0.596388766169548 0.556534013152122 0.953514432907104 0.961539608240128 0.575027936697006 0.36675526201725 0.366701406240463 0.753359466791153 0.279901903867722 0.252206569910049 0.291439916193485 0.270097741484642 0.256037679314613 0.409567651152611 0.295702289044857 0.615173843502998 0.65040747821331 0.756658804416656 0.822754919528961 0.693402090668678 0.70743573307991 0.72819442152977 0.714554017782211 0.726662731170654 0.679826861619949 0.748663657903671 0.860236197710037 0.463344022631645 0.438623099029064 0.399775940179825 0.754713773727417 0.346180467307568 0.702095293998718 0.308526369929314 0.304234208166599 0.288596475124359 0.271667172014713 0.245736915618181 0.239377407729626 0.250374376773834 0.280596476793289
0.16605414301157 0.258511673659086 0.356950289011002 0.201384976506233 0.199407124519348 0.243298078328371 0.244681021571159 0.193023733049631 0.609082955121994 0.17086803689599 0.285915234684944 0.468191275000572 0.391396988928318 0.275693459063768 0.27484036386013 0.271348342299461 0.26827989295125 0.213142880797386 0.259432198107243 0.234811225533485 0.32940170019865 0.66010993719101 0.700077845156193 0.926136934757233 0.859809964895248 0.87073250412941 0.729898929595947 0.716475564241409 0.687345921993256 0.791386753320694 0.765913110971451 0.801513171195984 0.448036694526672 0.418807832896709 0.375726985931396 0.344743385910988 0.321196419000626 0.304633770883083 0.299896055459976 0.440207394957542 0.297405776381493 0.259324170649052 0.246203525364399 0.251960348337889 0.325987905263901 0.246588033437729
0.264784602075815 0.257517948001623 0.252909006178379 0.149273833632469 0.245982533693314 0.245221810042858 0.248881717771292 0.647188985347748 0.456765413284302 0.805800139904022 0.524678778648376 0.268920207023621 0.270013871788979 0.393594631552696 0.328107363730669 0.268097112327814 0.264190591871738 0.264491668343544 0.262687710672617 0.232747386395931 0.857409542798996 0.966667526960373 0.938368904590607 0.873168355226517 0.698307234048843 0.742215764522552 0.651587605476379 0.737524449825287 0.797086834907532 0.664675974845886 0.65918088555336 0.747722989320755 0.788157629966736 0.790729582309723 0.364232859015465 0.339150862395763 0.309236134588718 0.234194539487362 0.63660169839859 0.436119458079338 0.216697868704796 0.254571203887463 0.242670345306396 0.233893556147814 0.22673417404294 0.455418807268143
0.25642294883728 0.407291251420975 0.244103978574276 0.239585489034653 0.24182420372963 0.239663019031286 0.242340294271708 0.246433092653751 0.402730762958527 0.366718778014183 0.260722666978836 0.16597456112504 0.628477904200554 0.458811420202255 0.518093433976173 0.19173428453505 0.100466938130558 0.161088087409735 0.140668110176921 0.182532847672701 0.953332185745239 0.999990123510361 0.796177977323532 0.761654460430145 0.784870892763138 0.685836362838745 0.99538232088089 0.72027902007103 0.688272392749786 0.66475977897644 0.724323266744614 0.816609406471252 0.787611895799637 0.781514686346054 0.354089683294296 0.324205535650253 0.295815055072308 0.282040211558342 0.272597648203373 0.262427727878094 0.253865388035774 0.241273296624422 0.234858611226082 0.23314496576786 0.223595359921455 0.216294187307358
0.254183935374022 0.243608678132296 0.239409318566322 0.237847546488047 0.237767457216978 0.236031873524189 0.146480564773083 0.241538556665182 0.900639277696609 0.648408503830433 0.485379478335381 0.254843870550394 0.161017813533545 0.259939926117659 0.261439458280802 0.187075004354119 0.268140006810427 0.266857746243477 0.263666858524084 0.0609714053571224 0.317646127939224 0.738729417324066 0.306745421886444 0.612966755032539 0.891409373283386 0.68581218123436 0.660272240638733 0.705787014961243 0.685330182313919 0.774092942476273 0.836947184801102 0.715834665298462 0.74678053855896 0.385954953730106 0.358498433232307 0.309327907860279 0.283622147142887 0.271693597733974 0.262971313297749 0.252541010081768 0.240697713941336 0.233697533607483 0.229559627920389 0.22582930251956 0.216672446578741 0.215465229004622
0.884077787399292 0.997449618577957 -9999 0.764168724417686 0.601723799109459 0.569693734496832 0.953586161136627 0.668966791033745 0.270646519958973 0.0814827393274754 0.312276935577393 0.231360822170973 0.388175411522388 0.256196600943804 0.214792791754007 0.290970626473427 0.263495015352964 0.266204912215471 0.159294299036264 0.257269181311131 0.240722232311964 0.209180795401335 0.164810691028833 0.353786510229111 0.688716459274292 0.731291198730469 0.619254329800606 0.658273440599441 0.688097792863846 0.774280023574829 0.798868727684021 0.413672912120819 0.397800140082836 0.378204818069935 0.354055185616016 0.303715032339096 0.277604515850544 0.258397808670998 0.248550041019917 0.242209433764219 0.134065606445074 0.228950610011816 0.223585227131844 0.217525447160006 0.212163770198822 0.240552246570587
-9999 -9999 -9999 -9999 0.428500494360924 0.407875396311283 0.987833762168884 0.230765981972218 0.237536147236824 0.242160421609879 0.244214852154255 0.247297511249781 0.346994233876467 0.418266845494509 0.591339367628098 0.615978613495827 0.246567182987928 0.264657076448202 0.268058531731367 0.165882033854723 0.246100626140833 0.229072799533606 0.59974650144577 0.187506309896708 0.62999692261219 0.565138494968414 0.71822464466095 0.721596163511276 0.695770663022995 0.660315036773682 0.824137979745865 0.414663295447826 0.397146551311016 0.371290059387684 0.329479232430458 0.445535033941269 0.271152983605862 0.267983667552471 0.226111149787903 0.119683725386858 0.211165007948875 0.287426219880581 0.214371906220913 0.208932395279407 0.180787608772516 0.208874854445457
-9999 0.301431903988123 0.151940897107124 0.23518033400178 0.230565816909075 0.227693302184343 0.22899586558342 0.232048982381821 0.23495497405529 0.498303744196892 0.242341221123934 0.245083341002464 0.144065363332629 0.249648988246918 0.238819532096386 0.740729731321335 0.665513667464256 0.303449073433876 0.267853717505932 0.267695441097021 0.523792681097984 0.230007553845644 0.219573974609375 0.569741234183311 0.388617080450058 0.663610070943832 0.721827179193497 0.716430556774139 0.720874255895615 0.834843075275421 0.831800806522369 0.417491446435451 0.746906805038452 0.375642627477646 0.333173730969429 0.296027173101902 0.264471746981144 0.382560889422894 0.281866081058979 0.0742203485220671 0.0674468699842691 0.115562110394239 0.208029160648584 0.0678012195974588 0.121952956914902 0.226306876540184
0.143529182299972 0.247737026959658 0.161144676804543 0.266096901893616 0.234198598563671 0.231168456375599 0.229658345133066 0.231485071033239 0.233871380984783 0.23625803142786 0.384191498160362 0.242886669188738 0.244370906800032 0.246344339847565 0.250301358103752 0.250850240886211 0.253941938281059 0.560754323005676 0.701309403777122 0.262983328849077 0.25275227278471 0.231326084583998 0.212606333196163 0.327582034468651 0.339589683711529 0.607387399673462 0.732786363363266 0.7078773021698 0.714836740493774 0.708932036161423 0.65628154873848 0.741574555635452 0.781151878833771 0.756760990619659 0.329725873470306 0.294458502531052 0.410289388895035 0.314547581970692 0.22700173407793 0.174240351468325 0.0527794418856502 0.0650500979274511 0.119169077277184 0.0279108487069607 0.0229026357643306 0.150523530691862
0.161811570078135 0.208320426940918 0.375561401247978 0.238760130107403 0.23482131883502 0.556053504347801 0.231729812920094 0.232670599222183 0.23389432951808 0.233657974004745 0.236218853294849 0.430277308821678 0.240278996527195 0.243843653798103 0.247471614181995 0.249274811893702 0.35792420655489 0.263924811780453 0.3715053640306 0.416384502500296 0.487868608534336 0.453597582876682 0.482131168991327 0.465042055398226 0.577941918373108 0.600812783837318 0.608298209309578 0.686932551860809 0.714668810367584 0.707725197076797 0.677703070640564 0.803344041109085 0.397246006131172 0.367347614467144 0.329882127046585 0.290173500776291 0.263702447712421 0.571419391036034 0.127739917486906 0.122110072523355 0.0190320597030222 0.0263439148664474 0.023923763493076 0.0183840848505497 0.0325956742279232 0.0517203344032168
