Maxent_result_files_2/B_laesus_2.asc
NCOLS 594 
NROWS 330 
XLLCORNER -15 
YLLCORNER 23 
CELLSIZE 0.166666666666667 
NODATA_value -9999 
[rows 252 to 272 of 330, columns 92 to 137 of 594]
0.000153529537419672 1.8070139435622e-05 0.000691120611736551 0.000580255540262442 0.000208423335425323 0.000147507009978654 0.000127771880261207 0.000205396155797644 0.000103676130402164 0.000462008477916243 0.00201987061518594 0.00182982628030004 0.00200953245221172 0.00128585225174902 0.00037111168330739 0.000176392088542343 0.000141779395153208 0.000365885820610856 0.000108437335939016 8.48991559450951e-05 0.000193240083990531 8.81009740623995e-05 0.000105460614258845 0.000226675109479402 0.000117966228663136 8.23251467863884e-05 0.00300500477460446 0.00420694821077632 0.0153405766701326 0.00350792504614219 0.0020311861357186 0.00474106431938708 0.00130118822708027 0.00401749926386401 0.00304450677940622 0.00353311486542225 0.00857658876338974 0.00365215633064508 0.0165280153509229 0.00547494074562564 0.0277960926294327 0.0173786161933094 0.0213213515933603 0.0054455864126794 0.000273471532909753 0.000321117057592346
0.000156872124716756 0.000392092183756176 0.00136875415046234 0.000187935391477367 2.05304946234719e-05 4.51527087534487e-05 0.0003664730111268 8.60369589872789e-05 0.000135840997700143 0.000507123953502742 0.000273447099425539 0.000139544612466125 7.57261118224051e-05 2.97384720170157e-05 1.91621756698623e-05 2.13055693620845e-05 2.46280463898074e-05 2.82858688024135e-05 8.1213822159043e-05 3.59077353778048e-05 6.25372153081116e-05 0.000114003085172953 2.26985729909757e-05 1.93249964354436e-05 1.32409242951326e-05 9.90198761428474e-05 0.00014528060264638 0.000680016564001562 0.000424222351284698 0.00246231623459607 0.00199367141758557 0.00317716656136326 0.00078079682571115 0.00197724214522168 0.000475885807463783 0.00234051457664464 0.00110428262414644 0.00526710789417848 0.000671247505306383 0.00037116332223377 0.000691772950085578 0.00225649576750584 0.0155371967237443 0.00227397576381918 0.000635870855330722 0.000732895562032354
5.90189416470821e-05 6.31199650342751e-06 3.96725233713369e-05 0.000281063056354469 0.000115779497537005 3.01347866582091e-05 8.49770442982845e-05 0.000125636420580122 0.00297297318174969 0.000191181528043671 8.49662099426496e-05 5.26593544464049e-05 3.04040435253228e-05 1.93158841511831e-05 1.35436263860811e-05 1.07457929800603e-05 1.48686775332862e-05 9.59337233780388e-05 2.59371345350701e-05 2.84794393110133e-05 6.59428869312251e-05 2.79867063568418e-05 2.13281201240534e-05 1.78465117187443e-05 7.98963556917442e-05 1.18735668593217e-05 1.02342061154559e-05 1.13522229639784e-05 6.70484185320674e-05 4.09421112181008e-05 8.58881423482671e-05 0.000577521935338154 0.000361587544466602 0.0064447811775608 0.007154815128888 0.00176581529958639 0.00277607344032731 0.000346535308199236 0.000956676121859346 0.00381257947301492 0.000577242846338777 0.00133107403235044 0.00284008580492809 0.00268190562492236 0.00125824416172691 0.000363979378016666
0.000258762880184804 4.88067594233144e-05 1.39724313953593e-05 3.1658291226222e-05 0.000836673158119083 0.00151780388114275 0.00409640388679691 0.00482480524806306 0.00236195643665269 0.00192120810097549 0.000133422649741988 6.79566916005569e-05 3.64049760719354e-05 1.77987569486504e-05 1.95029645681188e-05 5.64650728165361e-05 1.87275610642246e-05 2.2443243926773e-05 0.000168699976620701 4.34913818253335e-05 6.51040095362987e-05 5.63933844887288e-05 3.03573108340061e-05 1.7597091175503e-05 3.5613980890048e-05 1.35027319174696e-05 4.71955844659533e-05 2.57238940321258e-05 1.86143152177465e-05 6.49973622785183e-05 0.00036450627449085 7.21272820555896e-05 0.00035604520526249 0.00108490528655238 0.000239196927759622 0.00639262157928897 0.00113307664360036 0.00034949867749674 0.00031266215019059 0.00185214237972104 0.010255939362105 0.00174975313566392 0.00140218062442727 0.00481614923628513 0.00196328995371005 0.00445254655205645
0.000419680761842756 0.000101916507992428 0.000155720716884389 0.000493751091926242 0.000791791026858846 0.0125911538023502 0.0272609617561102 0.00403354766312987 0.000306277498930285 9.83816120879055e-05 8.00708527776806e-05 0.000261867833614815 6.296148706042e-05 3.53106830061733e-05 1.83284957245178e-05 1.74143817389449e-05 2.44904764599596e-05 3.22362313454505e-05 4.73303630769806e-05 9.41764265007805e-05 4.25353881837509e-05 6.67042408394991e-05 0.000289826891821576 0.000162291140622983 2.22624502157487e-05 2.92795498580745e-05 1.72637968034905e-05 1.89357063845819e-05 3.03723895740404e-05 2.69311143256346e-05 6.09081577749748e-05 0.000166192601682269 0.000131186912767589 4.76709873737491e-05 0.000426022644751356 0.001527004584932 0.00340582849748898 0.00572538900887594 0.00177389458985999 0.000121832471904781 0.000267807723139413 0.00158983045257628 0.00491262980503961 0.00096991204918595 0.0105007107602432 0.00154791578534059
0.000151398496836919 0.000244350499633583 0.000369841837709828 0.000275729408713232 0.0073263687081635 0.00663977570366114 0.0051534135825932 0.00156453393428819 0.000570703502307879 0.000155281958814157 5.93283739135586e-05 5.95684171912581e-05 4.76778151096369e-05 3.43075470937038e-05 4.04728157491263e-05 2.84394644040731e-05 0.000248939164521289 3.54095998773118e-05 4.93238192802892e-05 8.07021101081773e-05 0.000316315855798166 7.92199741226796e-05 9.79747262135788e-05 0.000178474952008401 0.000157727939949837 0.000862859710468911 4.21289713813167e-05 0.000107297966678743 0.000129452307191968 0.000366401216160739 7.27504439055338e-05 6.54906363706687e-05 5.77510736547993e-05 3.04213647723373e-05 4.08316236644168e-05 0.000101250307716327 0.000214706161932554 0.000678909779890091 0.000380783675063867 8.09056307844003e-05 0.000433439016342163 0.000698511647351552 0.00168711080332287 0.000493144751817454 0.0010333007958252 0.000667803743272088
0.00101914608094376 0.000144919425110857 8.61114621329762e-05 0.000578138150740415 0.0118069491814822 0.00334152608411387 0.000243657988903578 0.000777465806095279 0.000222776617738418 0.000129843152853937 0.000102256477839546 0.000134444209652429 5.05438086520371e-05 2.68438103375956e-05 0.000333960029456648 0.000108532235935854 3.86029936180421e-05 6.20623095983319e-05 0.00132953213542351 0.000177918995541404 0.000167238764515787 0.000196049080386729 0.000221436725041713 0.000304186777793802 0.000950393349921797 0.000214411206616205 0.000300338390297838 0.000213563596116728 0.000153237258018635 5.58448205993045e-05 2.270776271871e-05 2.73309288559176e-05 0.00012650507815124 3.95498045691056e-05 6.98128182193614e-05 4.98449865517614e-05 2.20681646169396e-05 4.28528285738139e-05 3.86045880986785e-05 0.000587353877199348 0.000679535548260901 0.000915956508833915 0.000306681748770643 0.000437526731548132 0.000337908076835447 0.000419789757143008
0.000560319101714413 0.000123128348968748 6.55427434367084e-05 0.000181517086912208 0.000509480912296567 0.000136194762217201 8.22468827209377e-05 0.000202208799328218 0.000107043010848429 8.51856170129395e-05 0.000116324393638934 0.000251928089164721 0.000131957461871934 3.33662928596823e-05 3.74634228819559e-05 8.36824486214027e-05 0.00011909409040527 0.00309043287998065 0.00334783884463832 0.000686754092748743 0.00036183001138852 0.000431365535769146 0.00051787390402751 0.000641834594716784 0.000202655915200012 0.000258366910202312 7.10297522346082e-05 1.60596992827777e-05 2.45098542563937e-05 4.28492134687986e-05 0.000203018387037446 1.37450487500246e-05 4.80023041745881e-05 8.73518310982035e-05 7.80761733381041e-06 8.41563438598314e-06 8.49362492090222e-06 8.70218997306438e-06 1.35406053459519e-05 1.93205183222744e-05 2.50019078066543e-05 4.02848398152855e-05 5.64506966838962e-05 6.87044119331404e-05 0.000190367755203624 0.000318760355003178
9.46925862081116e-05 7.19576725714433e-05 9.29385688777984e-05 4.07274430472171e-05 3.49611426145202e-05 6.19855948571057e-05 4.05299231488243e-05 8.86913259819266e-05 5.29185608684202e-05 5.94565248093204e-05 0.000134930986041581 6.98343789281353e-05 5.3591206051351e-05 0.000357337233799626 0.000775249929210986 0.00076774741828558 0.00218352959200274 0.0140011326642707 0.000998443659045733 0.000865752718527801 0.001511710966588 0.000296598190288933 0.000303244475071551 7.6434474249254e-05 2.39132558817801e-05 1.84828571036633e-05 2.39247535773757e-05 7.83527540988871e-05 0.000131288465127 4.09221574955154e-05 1.96810948636994e-05 3.14995453663869e-05 2.4806218334561e-05 1.18991902581911e-05 7.60040587692856e-06 6.27016007683778e-06 8.21475925931736e-06 8.11794373589692e-06 1.36759557960886e-05 1.10783392869962e-05 2.97770304769074e-05 4.08849678478873e-05 5.4943438135524e-05 3.28320101743884e-05 3.7837185573153e-05 4.09328416026256e-05
7.13034240561683e-05 3.31503731558769e-05 3.17398719289486e-05 7.3036604680965e-05 4.76738689030753e-05 4.62186137156095e-05 4.69169818188675e-05 4.26357070409722e-05 7.20172715773515e-05 0.000118479352431677 0.000151994096358976 0.000129010936780105 0.000111765472138359 0.00126506127562607 0.00139921872032573 0.00126825249462854 0.00169929766852874 0.00048112624353962 5.16668939326337e-05 0.000173426225228468 0.000527974109718343 0.000212594263393839 2.50887862421223e-05 8.53992836482575e-06 6.49419005185337e-06 1.33905281018087e-05 2.25356895498408e-05 0.000129532534265309 0.000317618517146911 4.48490064627549e-05 3.60707329491561e-05 2.83718362425134e-05 2.23454956085334e-05 1.56330939262261e-05 1.05522433159422e-05 9.6327947858299e-06 1.19494614182258e-05 1.17079569918133e-05 1.77760959331863e-05 1.86386056384436e-05 2.31978209285444e-05 2.57411017173581e-05 3.20226307394478e-05 1.72629306007366e-05 3.5438050463199e-05 3.48959703842411e-05
0.000143059194851958 4.08715487537847e-05 4.51882712241058e-05 5.93964391555346e-05 8.2096668666054e-05 0.000104068078826458 0.000114270141421002 0.000175343347473245 0.000136306611648251 0.000728966799579211 0.000257844366387872 0.00109047967125662 0.000619912507681875 0.000336100420827279 0.000424745838245144 0.000427132553159026 0.00150482431054115 9.84338464149914e-05 0.000247509394284862 0.000562923112011049 0.000326799598406069 4.51622666332696e-05 9.23354517681219e-06 4.86849979211001e-06 2.1017230437792e-05 4.78281994219287e-05 3.19852994834946e-05 2.84712823486188e-05 5.62501826607331e-05 4.2307322155466e-05 3.21842433095298e-05 2.52315788657143e-05 1.73938815578367e-05 1.42354331728711e-05 1.01046515851522e-05 2.40100354858441e-05 9.42313293990083e-06 9.61526180844885e-06 1.31506384832392e-05 1.43506558060835e-05 1.87435882935461e-05 2.16017387856482e-05 2.28427751608251e-05 2.13761082932251e-05 1.74917704953259e-05 1.63601287567872e-05
0.00156783974380232 0.000509373038948979 0.000306782842380926 0.000880181719549 0.000151637392991688 0.000448136850900482 0.000139477843822533 0.000148148980315455 0.000285993571196741 0.000586164764172281 0.00604640287347138 0.000110643840343982 4.92026671054191e-05 0.000170460475783329 0.000469124182563974 0.000139608964855142 0.000179223953091423 0.000127269125005114 0.00167501357209403 0.000307825487834634 6.2658347087563e-05 1.5956756851665e-05 1.33901887011234e-05 1.91413041648048e-05 3.75342292045389e-05 9.35706581003615e-05 7.96759087279497e-05 6.65838957502274e-05 5.34945769686601e-05 3.87146056255006e-05 2.90229441361589e-05 2.20721081632291e-05 1.32588973428938e-05 4.85921067593154e-05 2.90855464754713e-05 9.12088397626576e-06 1.1191991029591e-05 1.40682838264183e-05 1.65653738349647e-05 1.32648848648387e-05 1.44115443390547e-05 1.7861619494397e-05 1.70525886687756e-05 1.28588968664189e-05 9.21301997323099e-06 7.57542748033302e-06
0.00501377407927066 0.00215582535602152 0.0027328229509294 0.000522344280761899 0.000342054374777945 0.0003309108204121 0.000255027431194321 0.000288813169572677 0.000658238014875678 0.000411990119755501 0.000313631360404543 7.18752015018254e-05 5.74624461933126e-05 0.00103649531083647 0.000139851736821583 0.000830985051288735 0.000167789825718501 9.02544519703952e-05 8.49070964250131e-05 6.98343094882148e-05 9.18922965865931e-05 7.41051122531644e-05 0.000133587238087784 0.000382864884159062 3.6833389003732e-05 4.42070868302835e-05 6.48972285489435e-05 5.1894078933401e-05 4.2808722355403e-05 3.43171676831844e-05 2.84696112885285e-05 2.18386662027115e-05 1.55097712422503e-05 8.89471351911197e-05 4.69871870336647e-05 9.54698031137014e-06 1.15324275839157e-05 1.54439165044096e-05 1.79841083536303e-05 1.6083408081613e-05 1.5757157416374e-05 1.83960402864614e-05 1.74796728742876e-05 1.5609966521879e-05 1.30501596458998e-05 5.34406258339004e-05
0.0023280672961846 0.00352661039214581 0.00142917011398822 0.00186998065910302 0.0032974780886434 0.000932363123865798 0.00118116298108362 0.000125237359679886 5.82447388296714e-05 0.0001498497045759 9.94989982245897e-05 0.000114905756163353 0.000134146009077085 0.00024840068690537 0.00076534741820069 0.000889028771780431 0.0014035279978998 0.000129356504112366 0.000205622469002265 0.000108096553049108 0.000239268178484053 0.000234051369261579 0.00018349090605625 0.000141114921643748 4.33078477726667e-05 8.02932812803192e-05 5.74593971577997e-05 4.75490587632521e-05 4.08915728257853e-05 3.48339397532982e-05 2.90917523670942e-05 2.34810094298155e-05 1.63548353384613e-05 1.31468203335316e-05 1.35103283128046e-05 1.30980266021652e-05 1.49089879414532e-05 1.58737521360308e-05 1.65513343972634e-05 1.66963936862885e-05 1.62681876872739e-05 1.6507767963958e-05 4.2075719920831e-05 4.54734879895113e-05 9.4734237677585e-06 5.86466869663127e-06
0.0040162455290556 0.00109592077496927 0.00126168483693618 0.00120341264409944 0.00135736629308667 0.000670319753407966 0.000631282523681875 0.0005623159755487 0.000109235385207285 0.000129526332784735 0.00112886295537464 0.000675770320231095 0.000355826209852239 0.000309222126088571 0.000314384244120447 0.000311475031048758 0.000315647906973027 0.000288711988832802 0.000257617679380928 0.000258401339306147 0.000229179369853227 0.000186507778562373 0.000154078526975354 0.00011828242604679 9.39009649300715e-05 7.42313284717966e-05 5.69627166441933e-05 4.32407178323047e-05 3.77021228814556e-05 3.16454267249355e-05 2.57937177138956e-05 1.94194553387206e-05 1.64337237492873e-05 6.60754946693487e-05 5.43334725989553e-05 1.49179579466363e-05 1.56262005020835e-05 1.63407770514823e-05 5.25272486811446e-05 4.25499726588896e-05 1.50524945638608e-05 1.58289348519247e-05 1.55984934963271e-05 1.33241176627052e-05 1.06396039996071e-05 8.13936001122784e-06
0.00445586084388197 0.00341428745305166 0.000984057068126276 0.00105865904333768 0.000317588933103252 0.00042177958675893 8.00439211161574e-05 0.000217151667311555 0.000201626046691672 0.000597324244154152 0.000340399285050808 0.000353115238976898 0.000319097165629501 0.00031968425391824 0.000298645328439306 0.000273932577692904 0.000260751854511909 0.000243256122848834 0.000218281133493292 0.000702345138415694 0.000176466902485117 0.000139266659061832 0.000120480943223811 9.43215698498534e-05 7.82898114266573e-05 6.16287417869899e-05 4.62043471088691e-05 3.67226388334529e-05 2.64995102952525e-05 1.98797116354399e-05 1.91928635103977e-05 1.72664295178038e-05 1.5316165195145e-05 1.50134134628388e-05 1.39806988045166e-05 1.40841342727072e-05 1.45042968370035e-05 1.52893608628801e-05 6.64394463456119e-05 8.97709232958732e-05 1.40222905656628e-05 1.41364148930734e-05 1.37591327074915e-05 1.30625273413898e-05 1.12438457449571e-05 9.72354491750593e-06
0.00217483955202624 0.000579667823330965 0.000342345636454411 0.000565124685817864 0.000295235793237225 0.000153900714576594 0.000107384948933031 0.000407422670832602 0.000349643621302675 0.000420810320065357 0.000236396981927101 0.000254989831228158 0.000252706173705519 0.000215843733167276 0.000199126772713498 0.000185448633419583 0.00017624677529966 0.000170819965205737 0.000167305270952056 0.000152501693992235 0.000124211132606433 0.000110538857734355 8.34513531117409e-05 7.08727408891718e-05 5.53814994418644e-05 4.53055647085421e-05 3.73870416751743e-05 3.16290149385168e-05 2.11344357012422e-05 1.46637930583893e-05 1.38424705028228e-05 1.50664484181107e-05 1.2121751876748e-05 1.21214213322673e-05 1.1707336057043e-05 1.24538885529546e-05 1.36860192242239e-05 1.3937167250333e-05 1.3837837786923e-05 4.85301125081605e-05 1.18386461849695e-05 1.18358540476038e-05 1.17805689797024e-05 1.06771078776546e-05 1.00582408776972e-05 9.22981874964535e-06
7.31175990949851e-05 0.000194061200454598 0.000149941346899141 0.000537641096161678 0.000185248250818404 0.00113860327837756 0.000233804955496453 0.00024644631666888 0.000360678586730501 0.000272547302301973 0.000151610068314767 0.000276985949312802 0.000200907352336799 0.000143656391264813 0.000133775558242633 0.00012676367732638 0.000124983349451213 0.000128602741096984 0.000140488577017095 0.000119442903633171 8.22097345007933e-05 7.01169137755642e-05 5.72258397369296e-05 4.56079131254228e-05 4.21112005824398e-05 3.54655113824265e-05 3.00735341170366e-05 2.30296646577699e-05 1.87091085308566e-05 1.51596320392855e-05 1.35862257593544e-05 1.25013006254449e-05 1.07855432588622e-05 9.96263260049091e-06 8.5042935461388e-05 1.11904965933718e-05 1.24290837220542e-05 1.21711397241597e-05 1.14180300670341e-05 1.01829387290309e-05 1.00191941783123e-05 1.01260359883781e-05 9.11998141646109e-06 8.90019994130853e-06 8.37759073419875e-06 7.95846647179133e-06
0.000138984646036988 0.000765840412350371 0.000333938018593471 0.000220085232649581 0.000274892593006371 0.000201248672965448 0.000111402397851634 0.000134204972528096 0.000203557360873674 0.000215351943552378 0.00017600608189241 0.000108365524465626 0.00011880982110597 0.000108177573565627 9.48069715377642e-05 9.18263425774057e-05 9.74876906184363e-05 0.000662860249576624 0.000116737610369455 8.09766877864604e-05 0.000190904890405363 6.89356034854427e-05 4.30252116984775e-05 3.26004457292584e-05 2.97645702175942e-05 2.81107782939216e-05 2.28617845550616e-05 1.55187565724191e-05 1.45475910358073e-05 1.41502369160662e-05 1.22235432399975e-05 9.50837650179892e-06 9.31814545310772e-06 2.45657430241408e-05 8.80456290133225e-06 9.40679666427968e-06 1.08084145040266e-05 1.04442387623749e-05 9.53100925471517e-06 8.26092154966318e-06 7.53949891532102e-06 8.07133008038363e-06 7.78564744905452e-06 7.66225574579948e-06 7.32810004819839e-06 6.87225262936408e-06
0.00018188951726188 0.000176578528771643 0.000182492705062032 0.000160314622189617 0.00015196291697066 0.000140603451836796 0.000107212352486386 0.000111415795072389 0.000106426790807745 0.000102829241404834 8.93753289346932e-05 7.82452523708343e-05 7.8831776863808e-05 7.44993089938362e-05 7.25581509868789e-05 7.56825496864622e-05 8.15892688478925e-05 7.95030077824777e-05 7.26786456652917e-05 5.76172849832801e-05 0.000221126319956966 3.20884881602979e-05 2.90422633952403e-05 2.15795125541263e-05 2.06818374181239e-05 2.04509639388561e-05 1.74435189137512e-05 1.57005991241022e-05 1.39374153150129e-05 1.22947246040894e-05 8.86209808186322e-06 7.24133894891565e-06 7.99410383933719e-06 8.50749387382166e-06 8.50984240514663e-06 8.49314769766352e-06 8.7851789544402e-06 8.50428402827674e-06 8.37245902403083e-06 7.39542292649276e-06 6.63596064214289e-06 6.60649510564326e-06 6.61500175738183e-06 6.69381192892615e-06 6.48395094913212e-06 5.99415366764333e-06
0.000145906515717797 0.000132969014339324 0.000127082941980916 0.000118207656123559 0.000122358107000764 0.000113670195605664 0.000101149077636364 0.000107652175938711 7.62881502851087e-05 6.39708022390551e-05 5.64006252716354e-05 4.7767580144864e-05 4.8210282693617e-05 4.78020327136619e-05 4.85918222693726e-05 4.83407929095847e-05 6.0535931152117e-05 4.44191415681416e-05 4.35998230841506e-05 3.87477387448598e-05 8.09703794402594e-05 3.15958615374257e-05 2.01151339524586e-05 1.83957263288903e-05 1.70060398204441e-05 1.70834648088203e-05 1.55587066046792e-05 1.33223785269365e-05 1.17798053111073e-05 1.0438294668802e-05 7.97706788944197e-06 2.48997014296037e-05 6.9386161840157e-06 7.18299013442447e-06 7.24711937891698e-06 7.31877817088389e-06 7.10551629481415e-06 7.13374961378577e-06 7.38252003884554e-06 6.98253483051303e-06 5.90621728520091e-06 5.44207092048055e-06 5.39396518206559e-06 5.18051855351587e-06 5.16396589773649e-06 4.89173128244147e-06
