Maxent_result_files_2/B_lapponicus_3.asc
NCOLS 594 
NROWS 330 
XLLCORNER -15 
YLLCORNER 23 
CELLSIZE 0.166666666666667 
NODATA_value -9999 
[rows 216 to 239 of 330, columns 270 to 323 of 594]
-9999 -9999 -9999 -9999 -9999 -9999 -9999 -9999 -9999 -9999 -9999 -9999 -9999 -9999 -9999 -9999 -9999 -9999 2.55242553204305e-08 3.65800610135913e-08 2.11301801389396e-08 7.57927772432332e-08 8.76555321360772e-07 2.70431130400262e-07 1.92889967332022e-08 1.36378837982676e-06 2.13461308851137e-08 2.02255775194615e-07 6.7919442699016e-06 7.53780723949937e-08 8.16194135944137e-07 -9999 -9999 -9999 -9999 -9999 -9999 -9999 -9999 -9999 -9999 -9999 -9999 -9999 -9999 -9999 -9999 -9999 -9999 -9999 -9999 -9999 -9999 -9999
-9999 -9999 -9999 -9999 -9999 -9999 -9999 -9999 -9999 -9999 -9999 -9999 -9999 -9999 2.79589721750018e-06 1.57878768913822e-07 3.30401431469785e-07 9.1638220123258e-08 2.051499577993e-08 5.02405355762292e-08 4.68557468791264e-07 7.12830701830036e-06 3.891421435398e-06 3.00511950723781e-07 0.000554125322773125 1.73425175137298e-06 1.60068913346301e-08 2.8977051920176e-07 1.21423539778398e-08 7.7323542124752e-09 2.89089562510725e-08 2.56316398795642e-06 -9999 -9999 -9999 -9999 -9999 -9999 -9999 -9999 -9999 -9999 -9999 -9999 -9999 -9999 -9999 -9999 -9999 -9999 -9999 -9999 -9999 -9999
-9999 -9999 -9999 -9999 -9999 -9999 -9999 -9999 -9999 -9999 -9999 -9999 1.68373926445753e-07 9.57395269876926e-05 1.00313194957291e-06 4.52285763885563e-07 1.96820336484382e-07 1.50351434274887e-06 4.32433910013685e-08 3.9704694082543e-07 5.58826491840359e-05 3.15969174424779e-07 0.000199675763611595 4.85938003280673e-08 1.61655855623888e-07 3.37435726420088e-05 0.000502774168608156 0.00213761438853908 0.000100924947050607 0.000351933883282951 4.69643105364126e-06 5.72860981051804e-07 6.13426476792078e-07 2.87608191640309e-05 1.11315529238709e-07 5.47968029185331e-07 9.38715955902669e-06 -9999 -9999 -9999 -9999 -9999 -9999 -9999 -9999 -9999 -9999 -9999 -9999 -9999 -9999 -9999 -9999 -9999
-9999 -9999 -9999 -9999 -9999 -9999 -9999 -9999 -9999 -9999 2.41637204376755e-06 3.40618500072054e-10 0.00278377067423428 1.00688439573782e-06 9.29656247872224e-08 2.73796402161519e-06 1.10165442102073e-08 9.00289792349351e-05 1.05665536527244e-06 5.59113165140568e-06 6.40101289965944e-06 1.07209244096795e-06 5.6168325779371e-08 1.33859097140032e-08 2.31154255181387e-07 2.12179146009128e-05 1.22948560873137e-05 0.0435864639584906 3.04506158377293e-07 1.24866592333683e-06 0.000345995702252388 0.000378046416426325 6.69103114777636e-06 1.3002231211634e-05 6.51271447298374e-06 5.04657689903709e-06 5.23202495639197e-07 -9999 -9999 -9999 -9999 -9999 -9999 -9999 -9999 -9999 -9999 -9999 -9999 -9999 -9999 -9999 -9999 -9999
-9999 -9999 -9999 -9999 -9999 -9999 -9999 -9999 0.000814699517532969 9.19048408540402e-05 4.17383356708934e-06 6.87607325858153e-05 4.52540879848362e-06 2.0971575620532e-08 6.49930585572278e-08 1.58600582289559e-07 7.06232986359079e-05 1.2999437976613e-05 0.000631819433218972 0.0324234667288692 0.000368808600074289 7.66558606923873e-08 2.22953793083125e-07 1.07008935977482e-05 1.59471025355629e-05 0.00100342351497602 0.000842605788398032 1.5621233439056e-05 7.88503395369844e-05 5.42387132531741e-05 1.0920453521357e-06 8.25150055411283e-06 2.34249974185863e-06 3.99301705442778e-05 2.23737967418702e-05 1.39798052343543e-05 2.29599986334428e-07 1.82125318440862e-06 1.66531358499755e-06 1.80690873580192e-06 9.21495067907063e-06 0.000629741974114328 -9999 -9999 -9999 -9999 -9999 -9999 -9999 -9999 -9999 -9999 -9999 -9999
3.40267135156225e-05 0.000218603560665986 0.000100270307788886 3.91313046482766e-06 1.51739579978827e-07 -9999 2.12427474499677e-09 5.95475533047285e-06 6.6889394823022e-08 1.26174872794316e-07 9.72779349628361e-08 1.61990357540165e-05 1.54790899359325e-06 3.04309941890901e-06 1.0588902321329e-05 5.82159439047158e-05 0.00024263892200409 0.00598005664505763 3.37281972036862e-05 1.60216755693554e-05 8.22766929402974e-05 0.000307952844241299 0.000618121277443606 0.000345206656493247 3.2406605513402e-06 8.52863933009651e-07 8.78206261845094e-07 2.19189007377718e-07 7.91761743179631e-07 8.03854968522977e-07 2.19476645637151e-05 4.82581233074431e-07 1.21561892314492e-06 4.8911214989289e-08 5.72220721305472e-06 2.31933856845723e-06 8.35723956034151e-06 8.61881516399654e-06 0.000108898816500869 1.71155155588409e-05 5.85782451201222e-07 1.15667764788441e-07 8.9339143864775e-06 4.34293847539902e-07 2.00321274679283e-08 -9999 5.10592451652414e-08 -9999 -9999 -9999 -9999 -9999 -9999 -9999
0.000385178686778387 1.69165385000003e-07 1.62272667159069e-07 6.5603226340194e-08 6.98753925276741e-08 1.66231684306517e-08 9.55410341632046e-06 1.08081525223014e-05 5.58296094199662e-07 4.81283415454392e-08 3.13159708165145e-09 2.49123435325238e-08 3.86927951179228e-07 0.00034954107351215 0.000458708040351041 1.96495204392466e-05 0.000220803482372478 2.65121234786059e-05 0.000100800097948239 1.8100394589593e-05 3.02532896638397e-05 3.06713102713019e-05 1.33833757544721e-05 5.27365475144759e-07 1.2899105192421e-06 1.82493043192622e-05 5.01621100937655e-05 2.57011206008517e-06 3.81297667206848e-07 2.5938825931604e-08 3.2578238919112e-06 3.85110960898771e-09 1.61703747370012e-06 1.18106245006189e-08 2.18920455874461e-08 1.34221887326813e-07 4.1190028652327e-07 9.98354930448198e-07 1.73190124428402e-05 1.11728045448789e-07 1.74319133350309e-08 1.29169446738686e-07 1.04516297570023e-05 3.47128673815478e-06 2.5509769089993e-06 4.74417715612407e-07 2.05572117577546e-06 1.29709690344093e-07 3.76303204996375e-07 1.04579077893074e-05 -9999 4.79301528991671e-06 1.32034394528802e-09 2.38430803278789e-07
9.08362196856083e-05 5.45264923746958e-06 2.44523229753213e-07 3.95132602193371e-08 2.80995574597487e-07 2.7108047184754e-08 2.00176109813266e-05 3.71155139704538e-06 2.61316659422306e-09 5.32416580792949e-06 2.34615622785039e-07 0.0010629965195232 2.68687209139529e-06 7.22816179299368e-07 3.05254679078937e-05 0.000315075484741101 1.09433109861001e-05 0.0975163097372501 4.47216161212571e-05 3.63060679695493e-05 3.71157409223888e-05 5.31359315711688e-05 8.98076232436207e-07 4.04418364812198e-05 3.37450863796551e-07 1.57834937730694e-06 2.54815612044101e-07 6.29689834719116e-09 5.78574927379005e-07 1.55578450799276e-05 3.89104841880261e-07 6.22761913926517e-08 5.38745709488531e-08 1.77337033946401e-09 1.74927893736854e-07 8.67740789340488e-05 0.000254373547804188 1.42607425197561e-06 1.94132002473424e-08 8.78717207299928e-06 9.45295557075454e-07 8.9331418551275e-08 5.00945337789105e-07 4.73064715976079e-05 1.49169786459513e-05 1.10599506355502e-05 3.66945406515828e-07 1.13372708905324e-06 4.08521160651931e-06 3.7770733118947e-08 5.47251268423477e-07 2.71095601722671e-07 1.51755395214614e-06 4.52583051253619e-06
1.5276677006959e-06 8.25125563630458e-07 1.01664229144038e-06 2.08110659849492e-07 2.50155044408951e-06 9.04535099233161e-07 1.25672008355338e-08 1.92644611640702e-07 3.04432583323244e-05 0.000207592864721429 0.0034041383458316 7.83250582607309e-05 1.87133340109558e-05 2.94969581432269e-05 9.6240985840268e-06 3.69170012648468e-07 1.92346726202164e-07 5.57955247115771e-07 3.58320106685239e-05 2.57897546728447e-05 5.30067339281182e-05 2.83148269349942e-06 4.04775103970967e-05 0.000289816955178135 1.98827997732742e-08 1.72627117933644e-08 1.75479520692079e-08 1.09633115918939e-08 3.59993385183888e-06 1.64179162931433e-08 8.96564344432527e-08 8.1447029931514e-08 6.56457421310819e-08 3.47233140129966e-08 5.96588534340636e-07 1.7745043976447e-07 0.00273619179296318 2.76278055487689e-06 3.37007445631032e-06 9.32491138083691e-08 1.11278498373668e-06 2.20608576462222e-07 2.88228897760145e-07 0.000326239899777203 2.29257780369085e-05 9.45568892374293e-05 5.39543202998094e-05 1.08662950761618e-05 0.00774468363888445 5.4492706254905e-05 2.26891186005274e-05 0.00024122255934742 0.000991039958898909 0.110396536625922
3.08596003972816e-08 0.00392262547766565 7.90480015788742e-07 7.46241927562785e-07 0.0443560723421797 0.00151568003203479 9.67796935904874e-05 0.000355819471880991 2.30877625980619e-05 1.92546394117699e-07 1.05661370852772e-07 1.63648115000248e-06 0.000150871493601557 1.06512602915387e-07 0.000454158050567344 5.631136764217e-07 8.49083567079134e-05 3.38830668256129e-07 2.56076812417128e-05 5.33828257637259e-06 1.79837808564232e-05 1.4325480081101e-05 3.17098565183471e-09 7.67355086139787e-09 9.31405033099964e-09 9.74822604860037e-09 1.03044229216032e-07 5.20469846787552e-07 1.66553899427768e-07 6.62417279584382e-08 3.09476742899051e-08 1.24223669279999e-06 3.82404114136481e-06 9.10172170964785e-09 2.68803553638008e-08 1.37459442939303e-07 3.72117307345654e-07 5.76400526652865e-07 4.24252342490217e-07 4.12829005025372e-06 1.22254701201641e-05 1.54020883136319e-07 8.19387656498805e-06 8.94099559010542e-05 9.844320447705e-08 1.42511026969272e-06 1.90714263202718e-05 0.00017002710608125 2.8270688822829e-06 0.00986423045396805 0.0177258525043726 0.000284907848602245 0.00157229938165528 0.000201085870298812
8.87747736655342e-08 3.04354237533611e-06 5.02734924245907e-08 3.35124096711992e-06 1.248610708382e-07 7.20158969846896e-07 1.10163759555748e-06 5.70398153511453e-05 7.49875348459161e-06 2.39700002188092e-06 0.000326399238801578 2.84259480309856e-07 8.05136780135385e-08 4.67481172883311e-08 1.56290267436354e-05 2.19209624718886e-07 1.97713623251161e-10 0.00058005036029174 4.08709524890583e-08 8.14321287236908e-06 2.96517290107046e-06 3.74896631557542e-06 1.52021812915848e-09 4.29122257727954e-09 1.00366570277011e-08 8.93130298607048e-09 5.64251738666144e-09 1.11585612216913e-07 3.95088278981603e-08 5.97646826472342e-09 2.37971349403843e-08 3.75926369144963e-08 2.66438866774577e-05 1.71941703541734e-08 3.17303857855222e-08 1.51824821714719e-08 1.45463692961312e-05 7.16125605392914e-05 1.84662769708854e-07 6.56536205221325e-06 4.5226880743765e-05 0.000513970059262192 8.61708289363605e-06 0.000194228238241134 3.69356344054217e-05 6.89456270808186e-07 4.40995648498532e-06 5.03858447653549e-07 6.34854346870384e-09 1.44046060635006e-09 3.45925040834416e-09 5.74920993290373e-06 0.00306904482931714 0.00091813886692762
1.81881532501649e-08 1.26923162635517e-07 6.52108375680527e-06 6.34338302641924e-06 3.60149153496581e-06 1.80638082839524e-06 6.13691281625695e-07 5.88914095278614e-07 1.77591063821314e-07 0.000183662376598792 3.30270790982468e-06 3.94459149788418e-09 6.91195896074248e-09 7.71271728705614e-09 4.4781987007525e-09 2.37931428448412e-08 1.99518677199251e-05 2.63613493700632e-08 1.55012514824193e-08 0.00118980130052506 1.59439021808927e-05 1.48815206152064e-05 1.69678623160197e-05 2.63786050822556e-06 6.47065913073064e-09 4.57774103068687e-09 1.44891712405837e-08 4.01373015268547e-08 3.81674198579596e-08 6.22141684614164e-08 2.90531708913022e-08 3.00072806380669e-08 7.88367970339099e-07 2.2783025954709e-08 5.01462878443881e-08 3.20555944099965e-07 4.94772385842612e-05 5.47130429483289e-05 3.32755776112137e-05 9.01456494547537e-06 2.67427053983305e-05 3.29468231939245e-05 4.37240294714147e-05 0.00304638615339172 0.00448790584559902 5.43529345566895e-05 1.15514951348761e-07 0.0169544000178576 6.41380416599446e-07 5.12489627735313e-08 1.19460565883855e-09 5.2864041236278e-06 7.30932374728099e-05 6.45786088686595e-06
3.25883981979636e-05 0.000168267975951875 0.0481302420531392 1.72382525345238e-06 0.00030229329736331 5.7552270330774e-05 7.64740452884327e-06 7.57840045072178e-05 0.000100765512556922 2.15164387206257e-05 3.82361815417176e-05 1.42050634366342e-08 3.59208682798595e-09 1.5033039479917e-09 2.65480578631738e-09 4.21303737452305e-09 0.0632120596332566 3.60464870996502e-07 0.000191525595329267 2.24364861907356e-05 8.09711231286592e-08 1.12096236293269e-08 5.88644670784788e-09 3.57945983964214e-09 6.1812543972195e-11 3.75749171768303e-05 0.000380072459862113 0.000222106363987873 1.24454309144983e-05 3.67854405088353e-05 5.48707362213463e-08 0.000315657897070221 0.00226271698191933 5.33354212079451e-05 9.72656428882557e-06 0.000271738450133885 0.000174974437685904 7.73962393930683e-06 2.75146156406225e-05 2.68411714938077e-05 1.51148992839856e-05 1.72254765517188e-05 2.07521634400631e-05 0.00117665876850879 0.0001867931509409 1.51867989895749e-05 7.74814753964348e-06 9.69532335473478e-05 1.14142608763856e-05 2.75609966151613e-06 1.09866516071921e-05 1.72180978164072e-07 2.09727007538518e-08 4.81646049710349e-09
0.0056601883645456 5.95561607709127e-06 6.33922206816351e-07 0.0632128165349968 2.9598754736071e-07 3.06689088347412e-08 5.83243149776536e-08 5.92181521597013e-08 1.77695939101996e-06 3.51862332776953e-06 9.2471169721442e-09 3.47017969914987e-12 1.97831750980981e-12 5.87075943414561e-12 1.29241062296614e-13 1.49443944996719e-09 2.17563633775342e-11 0.000239263957971225 0.000261182176112218 3.6791287181781e-05 6.33670609540005e-07 1.90452343345138e-05 0.000868469090574386 3.27152777090944e-09 1.42440254036202e-09 2.29166463583397e-11 9.12948050491025e-11 2.34461737691483e-08 3.57129338877105e-06 0.00098901908175435 2.77072800258793e-08 3.14416714775056e-08 2.26083670895605e-08 8.42931833062832e-05 1.01511207091232e-06 0.00132106419246441 1.24551149471852e-07 1.04287797099367e-05 3.9718286198609e-05 2.54131118823553e-05 6.29425198557243e-06 5.63470859983539e-05 8.72195279931986e-05 9.86968112789421e-06 1.00392011861516e-05 7.84010483143582e-06 1.01411122704564e-05 9.9503726591621e-09 3.29767324558361e-12 1.25498056391393e-11 1.78079773149875e-14 1.99840144432528e-16 1.94944060893931e-13 6.43152198165353e-14
3.54843058048004e-07 1.75269821922619e-07 1.7229421303e-07 0.000573780383762756 3.981085541227e-08 6.20234937942499e-07 8.69510773122251e-05 0.00295880682476977 0.000673008105198081 2.20280869152267e-05 1.67344649248946e-10 5.46629408404442e-13 2.52020626589911e-15 4.94049245958195e-14 6.87261358933711e-13 2.94019457156569e-06 2.3795954096073e-11 2.36317894586335e-08 4.36842480633359e-07 6.97903834723235e-10 1.97045890715231e-10 6.17643058897777e-07 4.97929146803244e-09 1.5819454524113e-09 0.00220364659096504 0.000390347443406691 8.70551444265288e-09 1.06319330313021e-06 1.21476569676093e-05 9.24280192937665e-08 2.85565220126127e-07 3.85277494918679e-07 2.29595456302523e-07 3.96212590303424e-07 1.77633388032117e-07 3.76888707204204e-06 2.67390712804794e-07 3.97825182380851e-05 7.96053959997156e-06 4.04752836110633e-06 9.2938423984501e-06 1.37697909259993e-05 9.01310147636281e-06 1.26758717916897e-05 2.14242246254437e-05 2.74527274246594e-08 3.41649020185741e-10 4.87165863205519e-14 6.77236045021345e-16 2.22044604925031e-17 0 0 0 0
7.52288707750459e-07 2.77096826954981e-06 9.60097745894561e-07 8.89291718421115e-06 4.16931216123295e-05 7.794408930617e-07 4.94776699611066e-08 2.26636936773161e-08 9.55374002975518e-07 5.90341471993217e-06 1.09478963139509e-07 1.2205569888124e-12 1.22013510406305e-14 4.04121180963557e-14 4.35128943987451e-10 1.90779955292264e-05 3.65476426900102e-09 4.73956631719119e-09 1.46286619417957e-07 4.29322133399523e-11 1.07806719107373e-10 1.56548382035382e-09 4.45542003291166e-10 4.45306574509141e-06 0.00116377740312146 1.81299792956224e-08 1.07946796612524e-08 4.0881285845451e-08 5.87816586516965e-09 2.67806882781052e-08 2.75428264351341e-07 2.60219358949598e-08 2.19629249387232e-07 0.000447804839100385 1.47957114299824e-05 0.00043746136111622 5.39119297115809e-05 0.000222243762707475 2.06540122807519e-05 6.06873856527912e-06 1.34250475649522e-05 1.86241785828267e-05 0.000680167487823269 2.16466598732423e-05 5.37482593077065e-07 1.61582406787986e-08 2.76478325789142e-09 1.71451741692863e-12 0 0 0 0 0 2.22044604925031e-17
5.9035593350143e-05 2.39413383825271e-05 3.83917616264107e-05 4.086905377787e-07 2.41782178265315e-05 1.92729316101037e-05 2.30251589529162e-06 1.69094553470472e-08 1.81714870706173e-08 1.24305354731735e-07 1.60671253299771e-06 6.04506444901176e-12 1.47581946663422e-13 3.80306897085347e-13 2.17885176567734e-10 8.95817532153842e-08 2.75050809905864e-09 1.25951037932559e-08 1.09887654531349e-12 9.5677576972264e-12 1.0458300891969e-14 0 3.52927687075066e-12 5.96635006693269e-06 0.000174941733664102 2.74257163757063e-06 0 3.43344090936171e-09 2.29678984720039e-09 1.69072609246257e-09 7.30996857489785e-09 8.98164165263893e-10 9.3733605321944e-10 0.000660690926408947 0.000331368658972764 0.000292718109127232 3.69550456550405e-06 3.12220564089305e-06 8.57202203646601e-05 1.85680572399649e-05 2.65150121410485e-05 3.57188310181389e-05 2.52266113398014e-05 1.69933838232272e-05 1.16371421931105e-05 5.78557836521387e-06 5.67637048476399e-12 5.77315972805081e-16 0 0 0 0 0 0
1.16383523651731e-07 4.112525395783e-08 1.08520253026767e-05 0.0974655618507017 1.57932910436198e-06 0.0107751341538233 1.46397480658478e-05 4.84561326286048e-08 4.13138426580417e-08 4.88694196221218e-09 1.01631048021744e-09 2.31353713964211e-11 1.0917267090349e-12 1.64268598723538e-13 1.45431333642421e-11 2.50268694657052e-11 0 0 0 0 0 0 0 1.02092639897577e-09 6.83634482356865e-11 6.07940586760947e-11 9.78096825754449e-11 1.42914335921063e-10 1.00302033345656e-10 2.05314987233862e-11 6.57497389866535e-11 1.48435286284609e-10 7.96293770699563e-08 7.79237372414698e-06 4.08650981936765e-06 1.35155230235662e-05 1.62919822435437e-05 4.45097486443391e-05 0.000828329989977306 0.0029621917238785 7.54850108520722e-05 4.13737728406582e-05 6.44109775624679e-05 1.7648530959713e-05 1.50226551007937e-05 1.13272113910767e-10 5.32907051820075e-16 0 0 0 0 0 0 0
1.00132859205959e-05 1.72324111215261e-05 4.46930096131837e-07 7.95271503324369e-06 8.70541023700877e-06 0.000306659341304583 0.00109540983607417 0.00016833734353906 0.00296971934539343 5.94073324781341e-05 4.03165268003658e-07 9.45590494794146e-11 2.35825803329703e-12 1.90301108204949e-12 7.09910141782899e-10 0 0 0 0 0 0 0 0 1.66533453693773e-16 7.81840481245411e-11 9.61175583569229e-13 3.45778961019505e-13 2.94712032555822e-12 2.29322116851449e-12 2.23070562022087e-11 1.21906928995941e-12 1.31017419136015e-13 1.20343096599029e-09 5.76511949290648e-11 1.29460069604459e-06 1.45529366807118e-05 0.000139206764851529 9.13632399051068e-05 0.000302033113359101 0.00969785583874909 0.000510733316608025 5.65766182661243e-05 3.68405618271117e-05 2.06803099039865e-06 1.11268987468272e-08 9.49240686054509e-15 0 0 0 0 0 0 0 0
2.66793759351458e-07 1.22294188997785e-07 2.87658227227094e-07 0.0632122805019265 5.12563873011906e-08 1.98157547866229e-05 8.57184888649387e-05 8.21217181555811e-06 0.0024042102304012 1.17612125919875e-05 2.90630211452481e-08 5.72000515841609e-09 1.70494729445636e-12 5.15587572635923e-13 3.54581197736792e-10 0 0 0 0 0 0 0 0 0 4.98490138056695e-14 1.02762243159304e-13 1.79500858621395e-13 4.7599701957779e-13 4.09894340691608e-14 1.47548639972683e-14 1.54962820353433e-11 8.72857341960298e-14 5.5769722173693e-12 4.13777900831747e-12 3.49183653742813e-06 3.08251791933278e-05 0.00010731694249102 9.80900573852139e-05 4.90115952214043e-05 6.8474066121027e-05 7.72314620775205e-05 3.8234088046174e-05 2.22501355961025e-05 2.5116769948319e-07 1.24050769656492e-12 0 0 0 0 0 0 0 0 0
1.71108008545362e-06 3.34021665437945e-08 0.00585786475558052 2.78876954161733e-06 0.000371894438209663 7.35458286382773e-08 0.0632121430471871 2.90917650236366e-07 2.76560754174371e-06 2.0908466356051e-07 0.000226832565648527 7.61429838356253e-06 1.55851220817738e-11 1.45550238528358e-14 1.16430198815465e-12 0 0 0 0 0 0 0 0 0 0 7.17204073907851e-15 8.68194405256872e-15 1.04372066545011e-13 1.13905954668425e-09 3.91475740713076e-12 2.96644242503419e-10 6.32778596187933e-10 0.000206033766451696 0.000875535877685252 1.07878388746485e-05 5.59046685424724e-05 0.000189663025658415 2.43592067431297e-05 6.69019599136789e-05 5.01202893429031e-05 3.13527768289745e-05 2.11557061679635e-05 5.70716595538201e-08 9.96380755680093e-13 0 0 0 0 0 0 0 0 0 0
2.17462584611861e-05 3.21662265712064e-09 0.00610960762940351 4.00007447789452e-06 3.33360740313315e-06 2.97302960916568e-08 1.89000455821375e-06 3.74078656232291e-06 1.73451371043853e-09 1.72896573502612e-08 7.19033920404399e-08 1.38698149633076e-05 6.00079708146239e-10 6.13509243407862e-14 1.64590563400679e-13 0 0 0 0 0 0 0 0 0 0 0 0 6.27609075820601e-13 7.9148909648552e-13 5.24643017918436e-10 4.56679138949312e-13 1.28906511720484e-07 1.63246429474295e-07 6.18532217672163e-05 9.5947339722402e-06 0.00135148469505175 2.7768453258481e-05 6.65795443808292e-05 3.24820938702786e-05 5.45761080621432e-05 1.2200280817376e-05 1.23098753412876e-11 1.93456362040934e-13 0 0 0 0 0 0 0 0 0 0 0
8.7813613802723e-08 3.74872661768055e-07 3.49231515460735e-06 1.16801326748517e-05 4.10548143037204e-08 2.41648836052377e-08 4.28025870857773e-08 3.49885819961315e-07 6.27730089673983e-06 1.86373702026899e-08 1.03944474183493e-07 9.3513619958685e-09 4.32958387364124e-08 3.82710033663969e-09 3.78572007075917e-10 0 0 0 0 0 0 0 0 0 0 0 0 7.57172102794357e-15 0 3.56470408746645e-13 1.49532364268623e-10 8.43925751503605e-10 4.71418742931107e-09 0.000180713880976646 7.78478293594231e-05 0.000324004110058773 2.22641310130611e-05 4.48193975796096e-06 1.24644450278599e-05 1.1744505634681e-08 3.3770763963048e-13 0 0 0 0 0 0 0 0 0 0 0 0 0
1.76115611094652e-08 1.16366546357716e-06 2.14445407920039e-06 5.06027229896233e-08 1.48541068938357e-06 3.98103555443452e-07 9.41096238238348e-07 5.37473141548617e-08 6.61496694192354e-05 0.000323447889744877 0.000114364600205863 0.00137593594716612 0.000117728468555556 1.13630869976733e-06 1.43679890090676e-05 0 0 0 0 0 0 0 0 0 0 4.92939022933569e-15 3.68594044175552e-15 5.62002333559519e-11 3.96793709001031e-14 1.13779319299567e-11 2.02569480101111e-07 2.60166609944434e-06 8.86105116004288e-05 5.74300896936109e-06 0.000150175969321253 8.4107858155047e-06 1.20330611030894e-09 4.22867296734353e-12 5.03332708845505e-11 0 0 0 0 0 0 0 0 0 0 0 0 0 0 0
