Maxent_result_files_2/B_laesus_2.asc
NCOLS 594 
NROWS 330 
XLLCORNER -15 
YLLCORNER 23 
CELLSIZE 0.166666666666667 
NODATA_value -9999 
[rows 84 to 104 of 330, columns 414 to 459 of 594]
0.00132403972929751 0.000740066836988262 0.000272585859784158 0.00100705716031371 0.000542115780990571 0.00273020231397823 0.00297877256234642 0.0052158584992867 0.0031823564262595 0.00285125661175698 0.00445137224742211 0.00142090583685786 0.000814887374872342 0.00041469146599411 0.000285703684494365 0.00141502508340636 0.000282004883774789 0.00114048656396335 0.000851654954021797 0.00555146586266346 0.00244601826416329 0.0011565668071853 0.00418727165670134 0.000585571250121575 0.000476291198538092 0.00138778123655356 0.00060014702467015 0.000361683468509 0.000880198421509704 0.000527477708965307 0.00288196217443328 0.0052936939697247 0.00162873488006881 0.000711555452471657 0.000629052675594721 0.00113549837260507 0.000950961011767504 0.000576075361095718 0.0004125357418161 0.000758154141658451 0.000684931260911981 7.15139655767416e-05 8.07331482974405e-05 6.10756287869663e-05 0.000176800623876261 0.000258329498501553
0.000881629020659602 0.00122565818692237 0.00201661082537612 0.001252115087118 0.000677752265619347 0.00560222226195037 0.0179836888797581 0.0027982108615106 0.00200180178362643 0.00202928022772539 0.0019579590880312 0.0196433381177485 0.00472799305571243 0.00326720430166461 0.00779514269670472 0.0011626180174062 0.00185466973780422 0.000929325820470694 0.000316495098013547 0.000883359181170818 0.00053965367260389 0.00306664701201953 0.00669128348818049 0.00691138586262241 0.00170534591597971 0.000515965307931765 0.0166637834860012 0.00252399241435342 0.000835227721836418 0.00263010203343583 0.00215586350168451 0.0115990080696065 0.000509437170512683 0.000625572041099076 0.00064587016349833 0.000718922268424649 0.000548258399430779 0.000170488909679989 0.000204861493693898 0.00037717456016253 0.000236968635908852 0.000241584869945655 0.0006409259773136 0.000128861756275001 0.00022126244748506 0.000132202397344372
0.00026156210251429 0.000225518060551622 0.00128892267966876 0.000346742399779032 0.000502955547199235 0.000698601425392553 0.00196630857535638 0.00507325102225877 0.000805313717137324 0.000741933853350929 0.00144533861457603 0.00114811454550363 0.000786050748138223 0.00107362166163512 0.000571843317447929 0.000562608343170723 0.000808307103579864 0.00102911570429569 0.00175472840783186 0.000794764573220164 0.00013236402232053 0.000923452566712513 0.00173946893701213 0.00232264555525035 0.0141985218273476 0.00406121091218665 0.00887593715451658 0.00189661683689337 0.00576675313641317 0.0036344200183521 0.00339609316870337 0.0024512373835023 0.0003071483113672 7.66638105801576e-05 0.000167386783414258 0.000428677211493778 0.000586808192201715 0.00017928390598172 0.000325023645928013 0.000935220607789233 0.000958247780363308 0.0006000977838994 0.000270689721583039 1.58073396050895e-05 0.000204012947506271 0.000167546548891551
0.00315911757061258 0.000982078320157598 0.000705374291646876 0.00173632456280757 0.00132947236998007 0.000757556373719126 0.000778036659175996 0.00213581732823513 0.000390024680382339 0.00012827177095005 0.000958941459975904 0.000630466841084854 0.00112020520027727 0.000223201276457985 0.00100499260006472 0.000151352811144534 0.000410881666539353 0.000299611303489655 0.00112560047855368 0.0014098624647886 0.00216139991025557 0.00170827501424355 0.00106873992681358 0.00462330119917169 0.00176817618776113 0.000544676771460217 0.000167770119378474 0.00102442961215274 0.00144660388468765 0.00406424990214873 0.00804267682833597 0.000457572236700798 0.000263395272941125 7.13259940738453e-05 0.000129732068546673 0.000280352434538145 0.000254163269346463 7.84123646099033e-05 0.00016856893826116 0.000159785297546478 0.000280521154490998 0.000290846447933291 0.000187928265222581 6.70490704123949e-05 0.000207665961897874 0.00052654856335721
0.00223041286808439 0.00261392716492992 0.000649385854922002 0.000594356043438893 0.000336861735740968 0.00060446937859524 0.00278773679747246 0.00601832151878625 0.00354615466785617 0.00146139636344742 0.000173553864806308 0.00016230340806942 0.000180963276125112 0.000746881428494817 0.000154683948312595 0.000714933667404694 0.00352935683331452 0.000610087911627488 0.000275556740962202 0.00843848355289083 0.00345278250460979 0.0029533245935454 0.000507557782475487 0.00062546142780775 0.000552716365200467 0.00106802339141723 0.000253126126335701 0.00162863088771701 0.000850582395651145 0.00287734601588454 0.00426705823483644 0.00384308581633377 0.000396169818486669 0.000402199238192225 0.000154894777188019 0.000225720560570153 0.000138738834755259 0.000142871966613711 0.000147621326368608 0.000170944493584102 2.92762008257341e-05 0.000100352937352 9.89787266007625e-05 8.74145208399568e-05 6.24737269390607e-05 6.60910318856622e-05
0.000981677880554344 0.000196054903472032 0.00145378860215715 0.000321608670492424 0.000783623338793404 0.00107729467417812 0.0074361226754263 6.07117135075441e-05 0.000274618037110486 0.00157944664824754 0.000499032155403256 0.000530060025266721 7.8242323388622e-05 0.000450394263316412 0.000850111754698446 0.000397951367267524 0.00179605941521004 0.00170751186851703 0.00163841047760798 0.00188580590474885 0.000331786144124635 0.000653445754869608 0.000516057333334174 0.003362411132548 0.00525362680200487 0.00119647436367814 0.000722534458327573 0.000461940321838483 0.00138298527308507 0.0052312828192953 0.00429730878677219 0.00186899608415843 4.63619687565142e-05 0.000367161458302689 0.000396289771560987 0.000112460516061219 0.000119175621057366 5.06131939516763e-05 0.000224834073696911 0.00016168894344446 3.44246158306305e-05 9.32256580654212e-05 6.1916287177155e-05 0.000113530637281656 9.73152351434692e-05 2.54617250448064e-05
0.000615634881251026 0.000252537909000239 0.000799621743317402 0.000621347967535257 0.000976209887085133 0.00147731025645044 0.0105486229178496 0.0166611312539317 0.00709927969437558 0.0245789474574849 0.00106614444102888 0.000348038847050702 0.000660157005131623 0.000144450152424724 9.91947032503049e-05 0.00152805646939669 0.000322113999936846 0.000352270772782504 0.00296116666868329 0.00124377929023467 0.000238049486506497 0.000870935731381906 0.000712536385935891 0.00120542129516252 0.00413041642459575 0.00431707159732468 0.00144651110022096 0.000102677917058713 0.000588578720180522 0.00412363015348092 0.00322992666915525 0.0013259619132441 0.00113603044810588 0.00028855127350198 0.000286566462455085 0.000257412062319418 9.169358543204e-05 8.47776305363368e-05 4.79232872066859e-05 5.19924030413677e-05 2.16417579352424e-05 2.82648839629474e-05 0.000110382307320833 6.7991835067005e-05 6.3329665999845e-05 2.12048686535127e-05
0.000224839941347454 0.00016798507178919 0.000281027384471599 0.000418885991803108 0.000348053833113227 0.0025559557856468 0.00901121895294637 0.0031427717563929 0.00290731466084253 0.00268263354810188 0.00748956590541638 0.000994414072920335 0.000815616099862382 0.000859586159640458 0.000708929394750157 0.00140576187695842 0.00020417507557795 0.000389376575913047 0.00106546439928934 0.000193062853759329 0.00022168002287799 6.52069885973106e-05 0.000753799487029028 0.00124056168260722 0.000756149452354293 0.00251669429708272 0.000794770653465093 0.000289856513177256 0.000219107194379831 4.18685556013543e-05 0.00142144669407571 0.000953946142180939 0.00346563491912093 0.000213741568836667 0.00027586672401867 0.000210946924016753 5.69709351566416e-05 0.000127881422918108 9.34736856777363e-05 3.97227072028272e-05 6.14920323926071e-05 8.95760718094607e-05 9.04938804978883e-05 0.000166986538783931 1.70669362887565e-05 2.69518212007824e-05
0.00114729115248338 0.000664987530535654 0.00140557007107418 0.000972910230393609 0.000756217529897185 0.00126512168553745 0.000819540869815682 0.00027468937496451 0.000314880010262186 0.000941695403707854 0.00277955138953985 0.00364641396736261 0.00113410294397909 0.000657336067888536 0.00130822310748044 0.000507630587526364 0.000404503810750612 0.000160358138828087 0.000164686725747742 0.000279311819758732 0.000333085889724316 0.000465690588316647 0.000108578260687864 0.000170810195800186 0.000969273236933077 0.003116117202444 0.00112931409712473 0.000249381678565896 0.000171444047919067 8.8227318060774e-05 0.000327000167885672 0.000885846352321096 0.00530708028818481 0.00112803257870837 0.000150700769461309 0.000217565340653891 5.43076302051304e-05 0.000180531460523525 0.000138282242949117 3.06742335396848e-05 7.72231288692637e-05 0.000193228162288506 0.000133288813231047 7.7312269650065e-05 3.64507488484378e-05 7.19253313945956e-05
0.000576839071618451 0.00183221072147717 0.00105668401010917 0.000118208925323415 0.00195595229888568 0.00117765048817091 0.0021365840879298 0.00281990282019251 0.00082678811227197 0.00261113191882032 0.000971995036888984 0.00129652105424611 0.000460902652048389 0.000579962416304625 0.000548857638113986 0.000279426593533572 0.000177503147119751 0.000105651709209553 0.000225221840992162 0.000127012052962527 0.000314418260677485 0.000235787696237821 0.000934366849105572 0.00107902650070173 0.000737188642233377 0.000468122985876107 0.000534832350058423 0.000113561854519162 8.07482047136432e-05 0.000146665328310291 0.000146982909643612 5.0132649730017e-05 0.00023516835292412 0.00224821620067814 0.000147742357950165 0.000134753045244906 0.000100381169454522 0.000114071487752199 0.000136395304025427 1.20726750424183e-05 2.24316635126343e-05 3.71934396753204e-05 0.000135338232121285 8.21882549644215e-05 6.16459632965416e-05 9.18352388680432e-05
0.000292043123454278 0.000308182107664834 0.000164412090794031 0.000150373444932939 0.000826318882263877 0.000899191000098654 0.00205982816005417 0.00225593247378129 0.00145579905838531 0.00100105585552228 0.000780585006123147 0.00202694547915598 0.000897970812729909 0.00098680287701427 0.000190419475381987 0.000185914223766304 0.000109156318728765 0.000143930722106234 0.000161227241824236 4.50864007277119e-05 4.67834658834931e-05 0.00017763792243386 0.000222767606203433 0.000903160279267468 0.00203334060570342 0.00049952593008129 0.000895450485040783 0.000269789358003436 0.000245001586199578 0.00036897517820762 0.000258976425084256 5.12782909424914e-05 0.000431937130815641 7.90824404475643e-05 0.000431728797320829 0.000361953411265858 8.31842369962033e-05 0.000283679322274111 0.000246591020095366 2.2195291535354e-05 5.60497180231323e-05 2.89312077484283e-05 0.000332868297482491 9.01413546671392e-05 2.32427452147022e-05 6.91021634793287e-05
0.00032209660494118 0.000275813968255534 0.000403096357308641 0.000466394744262288 0.000712450085848104 0.000636040357630918 0.000898558420158224 0.000311517893351265 0.000361748906288994 0.000155324126137657 0.000318437198711763 0.000341078487872437 0.000170065044085277 0.000197687064155616 0.00049687034784256 0.000254164361672338 4.92306931604958e-05 9.23155301677525e-05 6.2602081766272e-05 4.03063849276464e-05 0.000104573284909293 0.000383550060723792 0.000124676818239777 0.000317588746270303 0.000346216931620802 0.000400795624454986 0.000219092724944403 0.000117609632698645 0.000114694630229906 0.000148592585173901 0.000418323182111635 0.000251614477201656 0.000336778594282805 8.24497806348745e-05 0.000214756487662271 0.000296928217994719 0.000423586653960228 4.48929598292125e-05 4.13199076660931e-05 5.65405966881372e-05 0.000102180995918388 0.000165035105987954 9.05051703284698e-05 2.96098784701826e-05 0.000135159761794057 2.0595141342028e-05
0.000188781783299419 4.03151616069408e-05 0.000412181204592343 0.00237964716943679 0.00108876649101148 0.000559212026564637 0.000291582374256905 0.000638146959863661 0.000506171904635266 0.000138325896773495 0.000153845696127064 0.000536708562322019 0.000431069106525683 0.000352158651639911 0.000335657369623732 0.000360891149102827 0.000311239579286848 9.23781884431207e-05 3.89570431337916e-05 0.000175543387086918 0.00010797807104268 0.000534886961304437 0.000100120697251782 6.13660244823677e-05 0.000176338950899435 0.00118062232504599 0.000528929660367794 0.00103065198509285 0.000117113677609382 0.000118767875468961 8.3416582413065e-05 0.00052910489084752 0.00487626644899137 0.000212541091150342 0.000217454919720694 0.000406481381560297 0.00030058674844895 0.000216885637019004 0.000236830768471918 0.000281428877451617 0.000265805855542567 0.00028128123424267 0.000155082109154137 4.86666648157552e-05 0.000180967434243939 8.37701739328622e-05
5.77270318473211e-05 0.00052491108981485 0.000813946982088964 0.00153666805126704 0.00173636060353601 0.000210340008925414 0.000400091993560636 0.00210159650341666 0.00163152047462063 0.0003901584189407 0.000567578481059172 0.000657678043489796 0.000102177974923734 7.74451714050883e-05 0.000176272992661097 0.000169336110297991 0.000219461095230145 0.000124058214510114 8.28874146861836e-05 7.93550725973091e-05 0.000152804366450709 0.000155370220375062 0.000277751539272231 0.000141001171004973 0.000140014559528368 0.000165591132792997 0.000607350824520836 0.000118169445724448 0.000158843924737084 0.000263307450097727 0.00208317122160224 0.0051342319638934 0.00358147358056158 9.58711205356622e-05 0.000161790508769855 0.000124855357341858 0.000165978833319969 0.000323759018647252 0.000376615143068193 7.60284698799296e-05 7.55916924390476e-05 0.000115280528279982 0.000134160051538856 9.61110200933035e-05 1.83648189363339e-05 9.00148263099254e-05
0.00525257342960686 0.000637766811996698 0.000188082009572099 0.000114584655466388 0.000568236308754422 0.00099913496960653 0.00117966867619543 0.0046568979989388 0.000554040773931774 0.000303721222280728 0.000229413423085134 0.000493729647496366 7.19833326627395e-05 7.09590129190474e-05 0.000422315247487859 0.000307643174619443 0.000104205892000664 7.16877611523614e-05 0.000383018090724363 0.000585613726252632 0.00108245210249152 0.000568457246254184 0.000183253371733372 0.000142213100258459 0.000578995781233971 0.000598081413863838 0.000323775516494607 0.000108668136132906 0.000252311089639079 0.0218443529913202 0.021030063694343 0.0146100532263517 0.0158912418177351 0.000169282556004191 0.00157640281377098 0.000518102550631738 9.12514855599511e-05 0.000152356110697838 0.00024835313533913 0.000182094763204077 7.77909819134948e-05 4.1744407508304e-05 6.94624151037715e-05 6.44587820943343e-05 0.000123961987105758 5.09864637024293e-05
0.000396080507243823 0.00558294776128605 0.00226951251388527 0.00114317559782648 0.000857711949720397 0.000468349784205202 0.00231777260341914 0.00199667748383945 0.00279820100113284 0.00148864966467954 0.00115787887116312 0.000423144482374482 0.000282062779206171 0.000617701783630764 5.32273638555125e-05 0.00196073849801905 0.000342323923541699 0.000636942405981245 0.000170825629720639 0.000396690246634535 0.000458803820220055 0.000149311616405612 0.00084676759015565 0.000282622083170736 0.000382777832965075 0.000296261420419341 0.0013249044523036 0.000339771641006337 0.000443455628624179 0.000151845827235775 0.000217294735375617 0.00270953245417331 0.00113301443816454 0.000155721093011607 0.000901924170102575 5.12151072427969e-05 6.87467680108966e-05 3.41863586811542e-05 4.56004006082367e-05 1.25730123670564e-05 2.4499350968199e-05 2.3847413126532e-05 2.00171633991886e-05 7.51485281398345e-05 9.66820623943931e-05 3.96060498360384e-05
0.00120357771593262 0.000612551701487973 0.00260832747153472 0.000643309431325179 0.00315000237751519 0.00481658767093904 0.00337693531473633 0.00126948728129719 0.00519908597998437 0.00868494246678892 0.00213226273408509 0.00151720631183707 0.000761972369946307 0.00189442586597579 5.22440328012408e-05 0.000975755314721027 2.72899155319806e-05 8.23241965349553e-05 9.13658836225295e-05 4.08333889708956e-05 5.32347630326058e-05 7.15558894739843e-05 0.000198074468789855 0.000510373912675277 0.000754080115257239 0.000452490660609328 0.000343995751609327 0.0003153652977403 0.00154426172484818 0.000296582403575485 0.000677242456367821 0.0123770346865058 0.000230263967682731 0.000584075502592896 0.000156849159611738 6.66652926611278e-05 3.74411876578051e-05 0.000134134603649727 2.05028754436398e-05 3.58244603603453e-05 4.51252424568338e-05 3.65467400229136e-05 2.54925717001697e-05 3.17487966526642e-05 1.60315659286425e-05 1.38703012737551e-05
0.00141265767888399 0.00066227105417056 0.00132611950757564 0.000301086498620862 0.000618496338211116 0.00463257113879081 0.000412024883189588 0.00161033617332578 0.00339118254778441 0.00147024217803846 0.00156901669834042 0.000750665817759 0.00041614454730734 7.49601996005822e-05 7.01426687328421e-05 5.04860472034352e-05 6.60223422585204e-05 8.78152132827381e-05 3.24824739465157e-05 0.000127580650541859 3.130816332515e-05 6.33703355674697e-05 0.000596024659898831 0.00119611363770673 0.000797733337640238 0.000242188593381343 0.00018770978002749 0.000500863708020915 0.000241517986739836 0.00120366596747772 0.00435048502986319 0.00190564404183533 0.000259976824031583 0.000184892294885231 0.000646145080099814 0.000109516454631375 3.27413299942236e-05 0.000161654639032349 1.19986953606599e-05 1.94840654359041e-05 0.000101824713692622 4.46992890033471e-05 2.68840711100893e-05 1.71956834719822e-05 1.37215191905682e-05 3.3454828894719e-05
0.00327132380043622 0.00814042818674352 0.00604564562236192 0.00115298498712946 0.00191220858105225 0.00321533101814566 0.000335276248915761 0.00160271948407171 9.18829573492985e-05 0.00016355455759367 0.000242485375383694 5.81986223210151e-05 0.000130185782290937 0.000113814069436557 4.51464745580665e-05 5.14977825361029e-05 7.46626931231731e-05 4.42376354328644e-05 3.53648636803427e-05 0.000264367962608958 0.000156520375594482 8.45023015472179e-05 0.000906116563055548 0.000859178017708473 0.000417136171927268 0.00166629481573182 0.000648252487189893 0.00111927768357418 0.000625095787472674 0.000409802336935172 0.00153068817453459 0.000525894556085404 0.001028853355092 0.000441705155367345 0.000450975041167112 2.64447861809458e-05 1.83613952472683e-05 2.37310709906069e-05 2.89640723110551e-05 1.5118125251945e-05 2.43091186462152e-05 7.18931230949238e-05 3.43719420982325e-05 1.08940102919064e-05 1.44411347740458e-05 1.59375844319243e-05
0.000540777594324027 0.000358488193523954 0.000983500380971236 0.000765383338875836 0.000611989219760289 0.000578959073391161 8.36531145921526e-05 0.000210683662680822 5.91218641034175e-05 0.000192361689960308 0.000147766030977436 7.27801367645497e-05 5.6456216552192e-05 5.26453466193288e-05 7.84377294053229e-05 5.1577353411858e-05 0.000164272140455068 3.78130606975446e-05 4.38858926372632e-05 3.36632788147995e-05 3.61972191228688e-05 5.82319432055556e-05 6.0153335709856e-05 0.000446827357154689 0.000823533976654289 0.00238438309388584 0.00356618117148173 0.000957706711960782 0.000789432716919691 0.000833729627811408 0.000241992302881044 0.000143232941067595 5.4553628154963e-05 0.000224709657675248 0.00090181159794156 3.9249568123978e-05 1.82401369713148e-05 2.45779965723614e-05 1.33546721201583e-05 2.08179855832213e-05 4.76184005492541e-05 5.48397827742519e-05 0.000143805665265972 2.89905258114231e-05 1.67194899702849e-05 4.1672456222841e-05
0.000162906225546067 0.00167149726185016 0.00194593553896993 0.000739035093283746 0.000673778772397782 0.000309686632772355 7.07123801134912e-05 9.32738178335058e-05 0.00828445863444358 0.00107512353133643 5.9411812134158e-05 6.27277617923028e-05 2.51227505451368e-05 6.5699162968258e-05 0.000121682875123952 0.000516659575077938 0.000110419774728143 4.6278557208268e-05 4.31382328244467e-05 5.86078844833082e-05 6.46615332016154e-05 3.42041857791742e-05 0.000135384296982011 0.000362214490269253 0.00129618686405593 0.00402454721406684 0.00167228232276102 0.000305162565746286 0.000590982384801464 0.000392863789920739 0.000270039092436036 0.000332472249351667 0.000239340752614225 0.000561462301993743 6.03186222406293e-05 1.41863718297941e-05 2.42342342971824e-05 2.0565912193149e-05 1.90508563100877e-05 1.93338608866611e-05 5.6168101842502e-06 7.40777834835171e-05 3.8983718104646e-05 0.000136482357720524 3.80966021566564e-05 0.000113574446640996
