Maxent_result_files_2/B_lapidarius_2.asc
NCOLS 594 
NROWS 330 
XLLCORNER -15 
YLLCORNER 23 
CELLSIZE 0.166666666666667 
NODATA_value -9999 
[rows 280 to 299 of 330, columns 46 to 91 of 594]
0.0235954239033163 0.0290581946261227 0.00514735712204129 0.00272220800397918 0.00173225638573058 0.000564766250317916 0.000376671024423558 0.000244144110911293 0.000171776071510976 0.000612824349082075 0.000895327361649834 0.000364523287862539 7.51575113099534e-05 6.91968762112083e-05 1.29165882754023e-05 6.4751674699437e-06 7.85084878316411e-06 3.79542336759187e-06 6.54091759315634e-06 2.10274368441787e-06 1.68329429470759e-06 3.06154070131015e-06 3.61124268692947e-06 6.02625118517608e-06 3.28940699318991e-06 1.23276590784371e-06 1.21537876793809e-06 1.66377167829523e-06 1.64352185834105e-06 1.55641561718767e-06 2.03814684596182e-06 1.86240973221174e-06 1.7016236370182e-06 2.24021744656966e-06 2.63885460753954e-06 3.24864914773571e-06 3.11204679519506e-06 3.27725914530674e-06 2.92586292971464e-06 3.19577175105223e-06 3.4055283890666e-06 3.01644770388521e-06 2.8038575408118e-06 3.11660214720177e-06 2.18385371226759e-06 2.15179848623848e-06
0.00123306307941675 0.00024995474377647 0.000207729035901139 4.61781075500767e-05 0.000177260153577663 0.000105151733441744 0.000165869347983971 0.000354630099900532 0.000301575570483692 0.000358080820296891 0.000427857102476992 9.89404044958064e-05 9.26482007344021e-06 5.82376130751072e-06 5.56469642560842e-06 4.35359592074747e-06 4.60205002354996e-06 2.52685505870431e-06 2.45127656057775e-06 1.38124497652825e-06 1.16963522600599e-06 1.34532893412143e-06 1.88128665286058e-06 1.95475487885233e-06 1.69962610243601e-06 1.02172638491993e-06 1.19482837988016e-06 6.74274778589279e-07 6.45650447950175e-07 7.55387372919358e-07 1.23999466552505e-06 1.49381009180161e-06 1.74175572738022e-06 2.35652819924326e-06 2.35801117582923e-06 2.86296015019616e-06 2.98381559673544e-06 2.85332864109478e-06 2.51617657909264e-06 2.6657627415716e-06 2.68595711645503e-06 2.61816404645288e-06 2.68015019173617e-06 2.48622349658945e-06 2.34016671925019e-06 2.22056152097139e-06
0.000638821290340275 0.000251156800368335 0.00031328917684732 2.59519207247649e-05 8.0622631139704e-05 0.0001644614720135 0.000387561871320941 0.000129080016631633 3.0614185561717e-05 2.48691264459922e-05 2.55127552918566e-05 6.96744364176993e-06 6.51448515327502e-06 7.33465667508426e-06 3.32151278144011e-06 2.68141121750887e-06 2.40495393200035e-06 1.9856708036059e-06 1.63703018642991e-06 1.14512552329415e-06 1.03005398273126e-06 1.09691613658924e-06 1.11034610199567e-06 1.46290459497322e-06 1.15755618423918e-06 1.61980056532229e-06 9.10141582721735e-07 5.75324443730096e-07 6.97542884608993e-07 5.85345483727906e-07 9.14904961746288e-07 1.29616190918114e-06 1.67643530062378e-06 1.82130406756187e-06 2.13414816130353e-06 2.55317683581779e-06 2.49500861286833e-06 2.15573852528905e-06 2.0354914681775e-06 2.29546150194437e-06 2.35833837791688e-06 2.37944479408725e-06 2.17169031202502e-06 1.88668908549516e-06 2.11049093081783e-06 2.13319153772318e-06
0.00105620786198415 0.000371848180657253 7.24262543371879e-05 4.22536491896608e-05 3.92958198062843e-05 2.92114577860048e-05 3.62536267857649e-05 9.27298556234746e-06 3.97125015751953e-06 7.02080312748876e-06 2.33514625733733e-06 3.36927814714727e-06 3.86698519605488e-06 2.88695708832165e-06 2.02395538053679e-06 1.6485062474203e-06 1.04654977519658e-06 1.04458425198573e-06 1.13973834459102e-06 1.48719409480691e-06 1.29395575356739e-06 1.45667929700721e-06 1.02598627336192e-06 9.87875347391309e-07 9.52801985931728e-07 8.65675033878688e-07 7.27366759178949e-07 5.82027108464445e-07 6.12222463303169e-07 4.98108803981268e-07 7.84034915568554e-07 1.03341698434178e-06 1.18523152252692e-06 1.61540200451782e-06 1.80173250328153e-06 1.71876773720214e-06 1.66550321409886e-06 1.7832621836078e-06 1.9623468347163e-06 2.18583822402252e-06 1.9302190196413e-06 1.82271377866527e-06 1.86155153301115e-06 1.900130729382e-06 1.73234984117698e-06 1.49490038268141e-06
0.000458234763937071 0.000124592044448946 7.8091556133586e-05 6.11358387686778e-05 3.30213615598041e-05 1.50272850078181e-05 1.49599838096037e-05 5.11675361849484e-06 2.33067529507025e-06 1.4099911197718e-06 2.81182894923404e-06 1.97894077018645e-06 2.03922783157395e-06 1.39765255653401e-06 1.29320126802668e-06 1.84772575835268e-06 1.94013260852444e-06 1.07126028296989e-06 1.52721976292014e-06 1.19957816764327e-06 1.17523325400271e-06 9.48395080513364e-07 6.1793968626489e-07 5.70265297028527e-07 5.83842174251004e-07 5.74308529621703e-07 5.53657497448512e-07 5.78094386582961e-07 5.33311227002287e-07 5.72488872307986e-07 6.00915120685386e-07 7.98270710333782e-07 9.85321787538851e-07 1.26323313622834e-06 1.25268010719992e-06 1.41667022148795e-06 1.51394432066354e-06 1.60207266048928e-06 1.70235960581522e-06 1.72223355434653e-06 1.67938044910443e-06 1.84980197559526e-06 1.85510480719131e-06 1.51912065575743e-06 1.21501898320275e-06 1.16622489372276e-06
0.000232931078062393 5.76565644223592e-05 2.86530476842017e-05 9.50016283240984e-06 1.10073368887242e-05 1.0515575104364e-05 1.80477925823652e-05 1.83611608122192e-06 1.22169162750652e-06 1.49105104583214e-06 2.38666174254831e-06 2.19090752580087e-06 1.98298104692185e-06 8.91039331918364e-07 1.38631750701279e-06 2.04819056079941e-06 1.39432509058679e-06 8.90287523702682e-07 6.04058374165106e-07 5.08596475867762e-07 5.55946817826225e-07 5.43390422080847e-07 4.17467165902963e-07 4.45920140634826e-07 4.31148657753511e-07 4.90498845806542e-07 5.00975583861418e-07 5.15848444138101e-07 5.67818904073647e-07 5.3979364196266e-07 4.68030572164935e-07 6.79307413520291e-07 7.75564880939328e-07 8.91690990556526e-07 9.60696669949357e-07 9.96385767848551e-07 1.02666017767206e-06 1.04394362381299e-06 1.05814490609646e-06 1.07496744021773e-06 1.23573204859895e-06 1.20871126227939e-06 1.07056719684806e-06 1.05444572966462e-06 1.07875336823327e-06 1.05852792557926e-06
0.000108408777668956 1.17457816941169e-05 2.12844500993015e-06 6.7608775680128e-07 6.1406289205479e-06 1.06086127743765e-05 1.88486351362371e-06 8.81202234381817e-07 7.34096616383795e-07 3.13739658963641e-07 3.18471343518922e-07 1.45474144801483e-06 7.26848233512101e-07 8.17455259038979e-07 9.19841977520264e-07 8.09242601462756e-07 7.57684446739404e-07 4.29426987125225e-07 3.64377750372569e-07 3.62994985891874e-07 4.13557815193144e-07 4.02510801222888e-07 3.01308438110937e-07 3.04567240760889e-07 3.5763670354072e-07 3.65863587603599e-07 3.81333445886867e-07 4.24664602860503e-07 4.23593863274618e-07 3.46912266735444e-07 3.20348062388121e-07 5.76121786366457e-07 6.61125574197285e-07 7.18860431447865e-07 8.34073249222911e-07 9.09356322154053e-07 9.47527138350779e-07 1.06307983855913e-06 1.17003750972344e-06 1.20339975353545e-06 1.09128254734969e-06 9.69629738278854e-07 9.1713957885986e-07 9.21083153571089e-07 9.58608649170856e-07 1.04268316647449e-06
2.01495881810843e-06 4.66757836647957e-07 3.43311718609129e-07 6.16618257254231e-07 1.05016958400483e-06 1.00443231190184e-06 9.01180848700278e-07 7.76165074967139e-07 4.7524880670835e-07 3.03065396423108e-07 2.70802723179031e-07 4.0754917591812e-07 4.36025632666315e-07 4.69217697229851e-07 4.24433719103945e-07 5.74250995555303e-07 3.15687464080838e-07 2.84426700858376e-07 2.62336536138719e-07 2.64004957273301e-07 2.62454341992679e-07 2.31231030056733e-07 1.70461325410542e-07 1.83434728029397e-07 2.23392645892773e-07 1.20821410121152e-07 1.97928569178885e-07 2.79367586841772e-07 3.70370069902037e-07 3.65220159892488e-07 5.08733305082387e-07 3.34909843502373e-07 4.80100840150044e-07 6.14225815809277e-07 8.18905267863101e-07 9.63065440373612e-07 9.43678884368637e-07 1.0415983126677e-06 1.01500342850613e-06 8.68897504346933e-07 8.59871622083119e-07 8.3586896550969e-07 8.84557431390931e-07 9.68966404002458e-07 9.55002828106899e-07 9.50570732527467e-07
4.36152120641964e-07 2.93129400574799e-07 3.09146018651063e-07 1.69427187302063e-07 2.66606370757927e-07 1.10267125918995e-07 1.25115449378654e-07 1.95267318758852e-07 2.07863992329749e-07 1.7337215894031e-07 3.3830587256034e-07 2.33377780034516e-07 2.88946727522443e-07 3.62102332474024e-07 3.62877570125875e-07 2.69415188114408e-07 2.26381040846491e-07 2.09597566680486e-07 1.54188117917897e-07 1.57476989315342e-07 1.78347405110912e-07 1.39359919870685e-07 1.18869182585968e-07 9.93290242945477e-08 1.01651286854576e-07 1.51905207701475e-07 1.13139384794181e-07 1.4304376669827e-07 1.55447288463506e-07 2.17317819561913e-07 3.08604904120102e-07 2.58388374163587e-07 3.0638025521057e-07 4.86240602981525e-07 5.61036351598432e-07 6.59277777970146e-07 7.49038751735043e-07 7.45767374610296e-07 7.5454772172634e-07 7.811521044232e-07 8.26452541957678e-07 8.88618463079638e-07 8.36728055730873e-07 7.57889044677995e-07 7.30726047493135e-07 7.24158014975274e-07
3.80798415733352e-07 1.89103128178658e-07 1.61365237971722e-07 1.40894757549859e-07 1.14827410868656e-07 9.94618304162032e-08 9.34287822218494e-08 1.16995841636935e-07 1.36936006711608e-07 1.29504585544282e-07 1.41625594807238e-07 1.84328845165282e-07 2.65454384162922e-07 2.71961172160218e-07 2.21443436032587e-07 2.28022489778823e-07 2.06298688709694e-07 1.39380714259119e-07 7.45150597225575e-08 8.41125185502278e-08 5.87129029838707e-08 5.1567848302625e-08 4.71577342509022e-08 4.29307991822725e-08 4.39077588509917e-08 5.53659734947587e-08 8.96487303947424e-08 1.07850686958955e-07 1.63925369989215e-07 1.71972387619235e-07 1.21851740786383e-07 1.54448672873286e-07 2.2652746523022e-07 2.13075184163358e-07 3.69845140113512e-07 4.21935710903654e-07 3.19743196541822e-07 3.61216538635745e-07 4.54037915176286e-07 4.91272089675476e-07 5.2791321110135e-07 5.74124187835423e-07 6.02420465156683e-07 6.32275455814124e-07 6.56883656802165e-07 5.92356185791232e-07
1.79817079981603e-07 1.70210084604605e-07 1.22165326388313e-07 1.18266538251532e-07 1.00228334787289e-07 6.96670827693424e-08 1.0359564726059e-07 1.23657395789678e-07 1.49464424481494e-07 1.54969462684562e-07 1.28057214965338e-07 1.41908529016632e-07 1.68887818574603e-07 2.05267615172033e-07 2.30939735246238e-07 1.80485407952347e-07 9.72568777513061e-08 5.2080983081737e-08 4.83078080648625e-08 7.52360358902138e-08 5.24444034866178e-08 4.76509852020968e-08 3.21881910458899e-08 2.10518092735867e-08 1.79502117170216e-08 3.44796827533855e-08 5.46343793317305e-08 6.72552221914202e-08 1.06592876747413e-07 1.36258785943255e-07 9.45861396317582e-08 1.9573009737428e-07 2.93827150699144e-07 2.69874701785966e-07 1.90635782360005e-07 2.78382603369209e-07 3.1533473858758e-07 3.10770930411763e-07 3.30615297627901e-07 3.81577948616041e-07 4.31987393767486e-07 4.10533425565518e-07 4.32009506567965e-07 4.84818729518111e-07 4.32373118286478e-07 3.47244078113818e-07
1.52881855797204e-07 1.57804918643478e-07 1.33784814337901e-07 1.15208215234475e-07 1.25338576140166e-07 1.19465607539837e-07 1.97843710481038e-07 2.2390978173803e-07 2.40891854730307e-07 2.03628901829234e-07 1.69912473069189e-07 1.50592774161851e-07 1.49889497080835e-07 1.34938914442273e-07 1.23827222608952e-07 1.10752097981504e-07 6.92548162817275e-08 5.81252752596129e-08 6.32719475035515e-08 7.131149519779e-08 6.2149805657441e-08 3.73220435889721e-08 1.92321677694451e-08 1.31638542733015e-08 1.63389370033684e-08 1.35514662602532e-08 2.48113033229913e-08 3.89819091672905e-08 8.14470444865378e-08 1.18342553179218e-07 1.20484618548744e-07 1.83438369560918e-07 2.50281673430663e-07 2.26128266689329e-07 2.29400912843403e-07 1.74633803240454e-07 2.36148349586074e-07 2.83493589137152e-07 3.72558172045956e-07 4.22795014998201e-07 3.93833570910829e-07 3.69978782543967e-07 3.71940888754807e-07 4.60355674647417e-07 4.49559046700188e-07 3.62804760101199e-07
1.95063552865804e-07 2.68783539070228e-07 3.17882472700148e-07 2.31076548828923e-07 3.07418105194301e-07 2.98257725717122e-07 2.52966572134028e-07 2.49096474647104e-07 1.98234700832245e-07 1.83716684887258e-07 1.5589817294881e-07 1.11777764288945e-07 9.53811934323312e-08 9.50923432441186e-08 9.40157384832219e-08 6.60898555437939e-08 6.95543233675267e-08 6.71018588249694e-08 6.84280884399868e-08 6.46670965664953e-08 4.99190459635202e-08 2.34751118100007e-08 1.8963367232061e-08 1.48661031929009e-08 1.28239792118734e-08 1.44794043421825e-08 1.61312389224122e-08 3.74637791011878e-08 7.4627902435509e-08 9.28087912299702e-08 1.51141339088667e-07 1.36989477184102e-07 1.22833089122309e-07 1.17756807327396e-07 1.56900537717775e-07 1.22412711434094e-07 3.34221201114815e-07 2.35729608633051e-07 3.2987878739732e-07 3.66587963895881e-07 3.74395840907482e-07 3.87537394175297e-07 4.90450507584228e-07 4.86007667177546e-07 3.46007912099822e-07 5.10638327000379e-07
1.88024824154809e-07 1.82437793228019e-07 2.19283767677325e-07 2.11589854615113e-07 3.2588344964779e-07 2.51788907945638e-07 1.90641139852232e-07 1.75607856789384e-07 1.64013858494627e-07 1.47360943714148e-07 1.20308888895693e-07 9.49383291981576e-08 8.8738637415986e-08 9.55938116220523e-08 7.60873973604248e-08 7.13716467259928e-08 7.17021626073233e-08 6.59097992183888e-08 5.71033741181282e-08 4.71126972101388e-08 3.74370837441518e-08 2.61549721436438e-08 1.37552459200663e-08 1.57749716400701e-08 1.39888892025652e-08 2.02656448511362e-08 2.22128453408743e-08 2.46361933520234e-08 4.37100155181724e-08 9.01618076198929e-08 1.12655332529243e-07 1.22063897833868e-07 9.93422140993516e-08 8.97767401752958e-08 1.08099353113289e-07 1.27590719500859e-07 3.57852262311553e-07 2.65170447732999e-07 2.28146361180848e-07 2.54465815885396e-07 3.14240998733339e-07 3.68068080547346e-07 4.50192628420609e-07 3.38864958848717e-07 2.72421600300277e-07 3.75543960018376e-07
3.28356037471167e-07 2.48934786384325e-07 1.75624586518097e-07 2.34471802684766e-07 2.17239016819804e-07 1.60870725096629e-07 1.20906626932538e-07 1.46529822941943e-07 1.47341780021293e-07 1.22357801402018e-07 9.63985815616297e-08 8.34255773796144e-08 9.73019513850204e-08 7.68310867371724e-08 6.10715106930115e-08 7.26889471280856e-08 7.13267702678877e-08 7.86658517881733e-08 5.93890174371836e-08 3.90322064447446e-08 3.59857926568452e-08 2.35746430377048e-08 2.30655831323645e-08 2.57391213231983e-08 2.32047821846493e-08 2.14598470993366e-08 2.02206293931084e-08 2.60403283824928e-08 3.46306216592041e-08 8.26862665448402e-08 9.2009645946689e-08 7.78442920790212e-08 9.66275644387338e-08 1.23916082372943e-07 1.22764185661595e-07 1.38527921222931e-07 2.02993858522404e-07 2.83277639567814e-07 3.09411990428998e-07 3.26613038481582e-07 3.01040793715401e-07 4.04471479953372e-07 3.27194229043926e-07 2.66508087065631e-07 3.01045398032329e-07 3.97972318921802e-07
4.06978874423203e-07 3.88945088047876e-07 3.4739477854373e-07 2.80804138697022e-07 1.4942104975546e-07 1.12532240947871e-07 1.13453744532421e-07 1.10748531767513e-07 1.16766863200723e-07 8.39633649718507e-08 7.79220297175698e-08 9.86982872319686e-08 8.25944717064431e-08 6.53837554764891e-08 7.21174027162874e-08 8.82057586082397e-08 9.35011915004225e-08 8.37480619964026e-08 5.04811170642938e-08 4.08590452138924e-08 2.69315335366116e-08 2.09234369830114e-08 2.12017595480063e-08 2.22353937928688e-08 2.50363275888787e-08 2.5785013058055e-08 3.24824296349391e-08 3.24940251594796e-08 2.0401115374824e-08 3.08612776223072e-08 4.93730927253466e-08 7.83647136515242e-08 8.55654443299159e-08 8.82154797210433e-08 1.36846920995026e-07 2.04229148437207e-07 2.13480339539274e-07 2.09271131978994e-07 1.95127286062302e-07 2.80817089759466e-07 3.43700759941612e-07 3.94903580058781e-07 3.30510299306752e-07 3.25132366896241e-07 3.56187361916227e-07 3.75470604296879e-07
3.79256563576291e-07 2.98061576842201e-07 2.12493874585107e-07 1.54191042511798e-07 1.21697704003054e-07 1.1729111797365e-07 1.10329174418666e-07 9.60770695002111e-08 7.79662496341871e-08 8.68024002897982e-08 9.5456753612666e-08 9.02462458540754e-08 8.57344980786934e-08 8.77750508720965e-08 9.24558493764494e-08 8.65588528853323e-08 7.63511254220361e-08 5.22862160678983e-08 4.17535974683858e-08 3.63231087874283e-08 2.23564833312651e-08 2.17582841077757e-08 3.09578030766033e-08 3.11317086776341e-08 3.07584777203829e-08 2.95333834721134e-08 2.71555380848554e-08 2.31789083926515e-08 1.82258022007886e-08 3.2986898546028e-08 3.86357681847471e-08 4.80354938048322e-08 5.35662641354406e-08 7.16293611091601e-08 1.02203572716064e-07 1.76616055114209e-07 2.11103471770002e-07 2.04361755606897e-07 1.8225279987405e-07 1.97880956420704e-07 2.74921519860527e-07 3.44211908753778e-07 3.89054039828807e-07 3.81058770670961e-07 3.88481465307677e-07 3.92029588880405e-07
2.28144154590382e-07 1.86081900466206e-07 1.53026402571754e-07 1.40158174133376e-07 1.29466351239671e-07 1.21389118490356e-07 1.10424282695476e-07 8.18735689023242e-08 6.9874790753488e-08 9.99973511994767e-08 1.0654248150388e-07 1.04985223714493e-07 8.6247439767817e-08 8.30749476321557e-08 7.83906038748228e-08 8.8645878015825e-08 7.70282861495275e-08 6.68154937599752e-08 6.09633215020722e-08 6.05841778522631e-08 3.73938348730007e-08 3.58556052404424e-08 3.24147674923836e-08 2.83295124248184e-08 2.46316642638078e-08 2.32329427252154e-08 2.17206365338285e-08 1.80547070183223e-08 2.84575655484787e-08 2.94575807302522e-08 3.0146959772992e-08 3.52316942731079e-08 4.65025791207552e-08 4.84448781534752e-08 1.02467841855969e-07 1.21692652399474e-07 1.39389998565775e-07 1.6535391864636e-07 1.67088310476515e-07 1.72970511869153e-07 1.89363194991188e-07 2.11691985896323e-07 3.11358887472579e-07 4.18774175159342e-07 4.24867155146558e-07 4.11844598602329e-07
1.73105557621511e-07 1.55245919586378e-07 1.44132342683179e-07 1.42259372282183e-07 1.33441405125723e-07 1.31010977710844e-07 7.62510923735249e-08 7.18050960912819e-08 9.22790100332804e-08 7.88438368815036e-08 9.59706270009519e-08 9.72450699521232e-08 8.83348061364586e-08 1.13245604893564e-07 1.05015339535441e-07 9.13399523128078e-08 7.06265113947779e-08 6.671193002461e-08 6.14796338282986e-08 6.0348513031272e-08 4.56941918969278e-08 3.13999116485775e-08 2.82386488414943e-08 2.51711002263733e-08 2.51213545077178e-08 3.03149857217022e-08 1.89018222851445e-08 2.87938994425474e-08 2.88753831512167e-08 2.89232634287373e-08 2.9366389497909e-08 3.14329731132545e-08 6.83068368090289e-08 7.20876533577552e-08 7.46006239893404e-08 7.93817019228982e-08 1.14481758295426e-07 1.1491674136721e-07 1.17052265125039e-07 1.62673095616128e-07 1.89040834897014e-07 2.17649258260622e-07 2.54552094958171e-07 4.20106426446409e-07 4.17693759402482e-07 4.14267108084232e-07
1.58005148875873e-07 1.51435530426625e-07 1.6390331296634e-07 1.72001995579762e-07 1.56788895466775e-07 1.08289612654744e-07 8.35350713046523e-08 8.70792202789517e-08 8.6093227302797e-08 6.98828204193092e-08 1.02795414846923e-07 1.04270545975282e-07 1.1679019600308e-07 1.1096265026822e-07 9.61361919848969e-08 7.34755221998284e-08 6.73245180493609e-08 6.37613680964932e-08 5.84745661669217e-08 5.35978626814426e-08 4.23447401587396e-08 2.82905272541711e-08 4.16170722772335e-08 4.19636451809424e-08 4.72054251687837e-08 3.53655791762719e-08 2.76867428539163e-08 2.71623695091705e-08 2.73714315213169e-08 2.6501796668299e-08 2.73536352679571e-08 4.08715554733874e-08 5.83238199070024e-08 9.21988830171472e-08 6.75495460455977e-08 5.53801442038093e-08 8.71096718313424e-08 1.08331652626248e-07 1.0969373835934e-07 1.21562690935662e-07 1.86352945519275e-07 2.82284518959841e-07 2.49085010750605e-07 2.7009281140522e-07 3.56960581626709e-07 4.07328740692492e-07
