Maxent_result_files_2/B_laesus_2.asc
NCOLS 594 
NROWS 330 
XLLCORNER -15 
YLLCORNER 23 
CELLSIZE 0.166666666666667 
NODATA_value -9999 
[rows 294 to 314 of 330, columns 322 to 367 of 594]
6.21750318714476e-06 6.29393349527163e-06 7.21536559922242e-06 7.35118195507312e-06 7.06707838844522e-06 6.52072035336459e-06 6.16315106753973e-06 5.7261636527528e-06 5.62498098020114e-06 5.27680909954142e-06 4.94470008902681e-06 4.57215959954738e-06 4.13009196904568e-06 4.09392299047795e-06 3.99708993654713e-06 3.7632877138094e-06 3.37395204041968e-06 3.22433564292623e-06 3.0299532340905e-06 3.05198290107001e-06 2.88216538422148e-06 2.65456864099178e-06 2.65329948945237e-06 2.47635285575143e-06 2.26815255643942e-06 2.03179318418734e-06 1.92850149716151e-06 1.91380329113144e-06 1.80153069919697e-06 1.69241278626942e-06 1.48681135954121e-06 1.25917062163694e-06 1.1185224458643e-06 1.03671347915224e-06 9.20185470221213e-07 9.00450841356815e-07 2.50884154269215e-06 1.05798069540697e-06 9.67654723638134e-07 9.29036441732478e-07 9.46349958752535e-07 8.74025800712275e-07 8.77006003818792e-07 8.38625508947644e-07 7.80290686108742e-07 7.3538656337746e-07
5.67073402066853e-06 5.88890615631499e-06 6.52110652481497e-06 7.06948690094578e-06 7.01409279599829e-06 6.6750191194842e-06 6.72570363349223e-06 6.26536192385174e-06 6.37115724657633e-06 6.23101788050917e-06 5.80331617925367e-06 5.40164898552575e-06 4.76812675742622e-06 4.30885479545395e-06 3.9176946245334e-06 3.50061036726856e-06 3.32950998824799e-06 3.18613664944678e-06 3.04135571127517e-06 3.09465135615028e-06 3.00340263379439e-06 2.89755495543886e-06 2.78145751622105e-06 2.69669023111874e-06 2.49915418635283e-06 2.34832532726159e-06 2.20237907058163e-06 2.1043394553999e-06 1.80911321905342e-06 1.5762660979135e-06 1.2587478792625e-06 1.20929493689914e-06 1.10849604837426e-06 1.07116087022519e-06 1.00393845130498e-06 9.37564952607772e-07 9.27084601443084e-07 9.10806162224276e-07 9.78797020678712e-07 1.07161930458233e-06 1.06630196867741e-06 9.59126931476817e-07 9.46010525382235e-07 9.27438300024619e-07 8.6509561860737e-07 7.49454969550811e-07
5.74640707213803e-06 6.02794985979926e-06 6.20484993874015e-06 6.80775093542252e-06 7.14104604639942e-06 7.10109776491663e-06 7.53512947540003e-06 6.89089347361005e-06 6.8965411969657e-06 6.47317771154121e-06 6.19085340076708e-06 5.78606788508296e-06 5.19675415375787e-06 4.59174160596376e-06 4.06266656227672e-06 3.54294545275025e-06 3.32024262377217e-06 3.292425537893e-06 3.25533208922479e-06 3.03567473736166e-06 2.99884162302533e-06 2.95253686033448e-06 2.88095842222447e-06 2.98007054482241e-06 2.60570984096375e-06 2.64299776517873e-06 2.37623010121979e-06 2.07488843528836e-06 1.9336707012485e-06 1.71239289983305e-06 1.48753809554592e-06 1.33492615148612e-06 1.29743041981101e-06 1.05047201302e-06 1.07960844673016e-06 1.02091369740265e-06 8.96912595393928e-07 8.29111381506209e-07 9.2195037488807e-07 9.86201230190886e-07 3.04501460419715e-06 1.04524559034758e-06 9.20582221652921e-07 9.43491466287583e-07 8.9955298712141e-07 9.27839405306941e-07
5.71993226685663e-06 5.24677085991243e-06 5.38680660611135e-06 6.37155742424511e-06 7.02451816323446e-06 7.6130568913868e-06 8.00995704821616e-06 7.57482353037631e-06 7.72903357528776e-06 7.34669257553833e-06 6.50433498776692e-06 6.06989883635833e-06 5.26333062680351e-06 4.65908049136488e-06 4.42961726889735e-06 3.84916257871737e-06 3.50048377129042e-06 3.41873444540397e-06 3.2645436419898e-06 3.28036356052053e-06 3.20753926246198e-06 3.01594229483726e-06 2.93800462713989e-06 2.88496549956108e-06 2.92303335811539e-06 2.79340147812945e-06 2.38561610785837e-06 2.05716956571678e-06 1.99262841533709e-06 1.75769971804129e-06 1.56884223940779e-06 1.32584483125697e-06 1.20968737817861e-06 1.10327863396265e-06 1.08355445860298e-06 1.00697704468189e-06 8.82152056291829e-07 7.94210473742396e-07 7.5043727427726e-07 7.82850914049504e-07 1.04662113820098e-06 9.86497319388491e-07 9.45918964490033e-07 8.20496956066563e-06 4.55028700514504e-06 1.02712559062468e-06
4.95279483061495e-06 4.7950950829545e-06 5.53049736140565e-06 6.11758481454672e-06 6.75972208910025e-06 7.40986441769564e-06 7.86032088626598e-06 8.14039566421343e-06 7.8397386459983e-06 7.13690652673904e-06 6.36698061953211e-06 5.70897846614571e-06 4.90027558726069e-06 4.41018212313793e-06 4.08877900213156e-06 3.82873969613229e-06 3.57881527008885e-06 3.38737158074309e-06 3.19758441662543e-06 3.1581325629304e-06 3.11281295353183e-06 2.95873787194978e-06 2.9432959991027e-06 2.94192252567882e-06 3.03911450032501e-06 1.06769188846556e-05 2.48257532717844e-06 2.11994249070813e-06 1.96017946052507e-06 1.76049033626668e-06 1.60121692829307e-06 1.2998757107141e-06 1.20939786256713e-06 1.17908681716017e-06 1.10455281969735e-06 1.01196802191339e-06 9.34179511702382e-07 8.61199604074159e-07 8.08741902602605e-07 7.72604395748999e-07 7.89719563343283e-07 8.75831710089869e-07 8.13841789693015e-07 9.33433122440874e-07 4.8879953993719e-06 9.70314981785236e-07
4.58160138236963e-06 4.56413351344054e-06 5.55003706494972e-06 5.97847247831851e-06 6.83312370028943e-06 7.19935636652735e-06 7.6032221954847e-06 7.62456958227631e-06 7.51637438725083e-06 7.03313716030607e-06 6.15103699601605e-06 5.30269791170213e-06 4.9444881369709e-06 2.1259144295982e-05 3.61038750327225e-06 3.56207759466542e-06 3.36242182470414e-06 3.30905757266464e-06 1.17729939120181e-05 3.4848737016091e-06 2.859885174189e-06 2.64028722654075e-06 2.60236972735584e-06 2.63573138283846e-06 2.69475349909953e-06 2.70642460407089e-06 2.47210069517223e-06 2.14130461841933e-06 1.69924054773674e-06 1.46855659082235e-06 1.38069586057554e-06 1.20921434714205e-06 1.08597930079668e-06 1.1159887755241e-06 1.10476045023233e-06 9.97492354315455e-07 8.31968953463047e-07 7.12149346782098e-07 7.55340442282204e-07 9.10214157556766e-07 7.61943111982077e-07 3.53621610713617e-06 2.54108863089186e-06 8.93060400031231e-07 8.92193009960351e-07 8.42241635012897e-07
4.2360073848613e-06 4.17987558876121e-06 5.52502345385619e-06 6.24280775696207e-06 6.49507334173904e-06 6.69360911160766e-06 7.13703835799606e-06 7.2523341714259e-06 6.98998612733703e-06 6.3274661442847e-06 5.70576559653091e-06 5.03000122762387e-06 4.32748609568989e-06 3.74027509906227e-06 3.73392261110439e-06 3.65897099356971e-06 3.33345954004471e-06 3.6188580736507e-06 9.81743087322684e-06 3.19012214617942e-06 5.31228601516887e-06 2.5861767682045e-06 9.37374867930885e-06 2.30162611956075e-06 2.37322536804641e-06 2.5327717665391e-06 2.18449437738855e-06 1.96105795566837e-06 1.73927278268593e-06 1.36680908440212e-06 1.23326431165083e-06 1.16243719432418e-06 9.89941126050553e-07 1.07027662181736e-06 1.01481505367929e-06 9.924134698025e-07 9.44667968383328e-07 7.81365698543368e-07 6.76103203645084e-07 6.123560384097e-07 2.93629769174686e-06 4.15275121667946e-06 7.20207493998259e-07 7.59710291831084e-07 8.23655119575051e-07 7.26350268465126e-07
3.80576270799793e-06 4.13650828932077e-06 4.96497499966608e-06 5.81356159727875e-06 6.14321770058268e-06 6.56817919661989e-06 6.60518064705684e-06 6.58232429486816e-06 6.17517560499436e-06 5.44597054386031e-06 5.06285265373663e-06 3.93171830523897e-06 3.75729645156753e-06 3.81367533464072e-06 3.94722890462162e-06 3.84607365049305e-06 3.72465228508645e-06 3.46931646504345e-06 3.19668386339345e-06 3.21007616150837e-06 2.96281142766475e-06 2.70731405862534e-06 3.5068032474328e-06 2.5915929512621e-06 2.11738978919129e-06 2.17469780778856e-06 2.06933077464555e-06 1.85900472899903e-06 1.72769809694273e-06 1.39704265293972e-06 1.31525514248665e-06 1.09780543624538e-06 1.04755273255819e-06 1.0204800645397e-06 1.0135064798078e-06 9.29971528051965e-07 8.57905444107132e-07 7.04104681759077e-07 5.27401411787309e-07 6.46287342931373e-07 5.93019977124243e-07 7.6337988801356e-07 6.13777840996477e-07 6.87805552601617e-07 7.72046379893254e-07 6.61755032638212e-07
3.22500321203734e-06 3.87270405894924e-06 4.78347578223293e-06 5.45939788025862e-06 5.53289600588869e-06 5.55158018755719e-06 5.61718408675915e-06 6.2266346560591e-06 7.22084239441756e-06 4.01417999000842e-06 4.07499766765795e-06 3.44156070752888e-06 3.53197386573356e-06 3.84003423619106e-06 3.92232543902082e-06 4.20288980649275e-06 2.52909233324772e-06 1.50288587519753e-05 1.23332226621642e-05 3.62402263647255e-06 3.36339282398512e-06 3.12573814937878e-06 2.79241717180412e-06 4.03798630372876e-06 4.08418056281334e-06 2.04204166180944e-06 1.90462791067603e-06 1.73500301485774e-06 1.51979056113305e-06 1.33885880870821e-06 1.24521712692172e-06 1.14530745776165e-06 9.87291839749105e-07 9.73918517388483e-07 8.37387386809496e-07 7.14660326650574e-07 6.59970666205822e-07 6.23741604499628e-07 5.74857729773726e-07 4.87974178753348e-07 6.1201704006919e-07 6.93455279687782e-07 7.24107735550206e-07 5.60922208592274e-07 5.65960464271598e-07 5.89798790429086e-07
3.6282624080286e-06 3.68459960213841e-06 4.38334905652482e-06 4.62725587340174e-06 4.46486876057861e-06 4.97704643862562e-06 4.35062681845011e-06 4.70018143801099e-06 7.82385073989644e-06 4.19814346059866e-06 3.88098840744533e-06 3.97135034404528e-06 4.70564598344936e-06 3.82918964021428e-06 3.74654309212019e-06 4.08437770431647e-06 3.76818510403609e-06 5.69578827480655e-06 2.10388277878337e-05 4.12032096619441e-06 3.55496948429845e-06 3.28113839316302e-06 3.03733309579002e-06 4.86062696154477e-06 5.05350212165467e-06 6.2423027998193e-06 1.92705402497495e-06 1.62311850147034e-06 1.43190575130347e-06 1.2495612928376e-06 1.17657082228106e-06 1.03953489514197e-06 9.13023009019298e-07 3.1335081800421e-06 2.01977269327358e-06 5.69297455399465e-07 6.0532424690507e-07 6.76310258640456e-07 7.2692188339829e-07 5.74645807205343e-07 5.75825444926181e-07 5.72844101753844e-07 6.76134119359517e-07 5.55574490590516e-07 5.40229225443056e-07 5.05531678030025e-07
3.41811099815459e-06 3.79647459567423e-06 4.42422900164274e-06 4.33674918554061e-06 4.21125384377774e-06 4.69603235728755e-06 4.89078790906206e-06 4.37314423038515e-06 5.73475805367707e-06 4.25057111783644e-06 4.20467629851373e-06 1.39955980102968e-05 4.76564615610187e-06 4.0664210672503e-06 4.70490284669722e-06 3.25632132103237e-06 6.67916235670418e-06 5.51074685972708e-06 4.81587188687627e-06 4.12127404274543e-06 3.5129830337155e-06 1.4877067087582e-06 2.29705058529817e-06 2.93359580894048e-06 4.66562636347589e-06 4.04500488571102e-06 2.20513259137078e-06 3.7754839866011e-06 3.52375770376057e-06 1.13549715834438e-06 2.65944400297258e-06 8.8773330588765e-07 8.02327821958215e-07 7.23434935778755e-07 6.05679995402397e-07 5.39155695378213e-07 6.79032888939446e-07 6.96014531698097e-07 7.21664514458098e-07 6.98227768225479e-07 6.61946145896763e-07 5.74319493473752e-07 6.01077368678204e-07 5.26799674815948e-07 5.21583542223425e-07 5.20750107924073e-07
3.70797510527154e-06 3.7408180901366e-06 4.43663520286464e-06 4.85545286892375e-06 5.90916336591363e-06 6.24991148470144e-06 5.61817982429602e-06 5.11307207489153e-06 4.87295610014371e-06 4.12359146366725e-06 3.73951901337932e-06 3.93000398730692e-06 4.44688586185293e-06 5.88018128269141e-06 8.20508719243662e-06 8.37862843354742e-06 8.21474573626801e-06 5.86922615752883e-06 4.82272283193197e-06 3.93569145273887e-06 5.16629996241136e-06 1.58269437662284e-06 2.27342830640964e-06 2.21642656583754e-06 2.49791580131387e-06 1.86345271089294e-06 5.07941540490719e-06 1.53513953051743e-06 1.17896484894686e-06 1.02159614243646e-06 8.31530503830891e-07 7.59696173702196e-07 6.18371295502129e-07 6.17635966193575e-07 5.13289440462472e-07 5.17668935984261e-07 6.19142222291202e-07 6.95075529577593e-07 6.6624514190039e-07 6.57483968424799e-07 6.5597843388332e-07 6.07045895151259e-07 5.47704040343433e-07 5.26718222459976e-07 4.54660031579124e-07 5.03413334129732e-07
3.88879633419492e-06 3.80644456186019e-06 4.33155108225947e-06 4.39709977513303e-06 4.68833721356532e-06 5.36490686613433e-06 5.4424168922651e-06 4.69269995733157e-06 4.33920437785673e-06 3.39762158603207e-06 3.19801731905045e-06 4.60426531958547e-06 5.9376694139246e-06 6.09658241046418e-06 5.65013684195037e-06 5.47059045175047e-06 6.54008352967139e-06 6.77731621863131e-06 4.01602759723119e-06 4.55560009129385e-06 3.56469357427613e-06 3.35966497289064e-06 2.57767152049837e-06 2.20864537539001e-06 2.11240274126112e-06 1.93046428478283e-06 1.67708649314591e-06 1.31955210207479e-06 9.38896262425715e-07 7.34307076655227e-07 7.05161827596612e-07 6.40356765657657e-07 2.06005856853153e-06 4.68739497527793e-07 4.47055921881656e-07 4.96725421506028e-07 5.98573773658018e-07 6.58538163733624e-07 6.23749098949133e-07 6.66077250244257e-07 6.42528164718215e-07 6.06356718790835e-07 5.30215938887579e-07 4.58340678655134e-07 3.92257581971478e-07 4.29561440640214e-07
4.39645092455976e-06 4.09040637237013e-06 4.0719469495798e-06 4.77646598824322e-06 5.45036091352813e-06 4.76635756285759e-06 4.20377886598544e-06 4.09709357427346e-06 9.90582043414179e-06 3.27055414004462e-06 4.0850006769233e-06 4.52314108088103e-06 4.71022946726407e-06 4.77935389540107e-06 3.98480786145683e-06 1.22269392022645e-05 1.20036016141967e-05 3.60611563507973e-06 2.67072914539312e-06 3.95801752688385e-06 4.50882296547661e-06 4.0412449067162e-06 3.08434774467514e-06 2.20526753622607e-06 1.77078096186278e-06 1.6177962336883e-06 1.63522685667772e-06 1.0441025459329e-06 3.11764015492599e-06 1.20134900853941e-06 6.15427802941326e-07 1.69799049558605e-06 4.87156226114394e-07 1.25863389044412e-06 4.11006138278935e-07 4.84576492176814e-07 5.52055588798339e-07 6.32867727645703e-07 6.40029991672009e-07 1.94372093602624e-06 5.80405313854726e-07 6.11231898517417e-07 5.37725065363759e-07 4.77749790483983e-07 4.12808105565432e-07 3.72055260555726e-07
4.39282445654499e-06 4.23483172085071e-06 4.07937415047854e-06 4.1173653869464e-06 5.0105167986203e-06 4.97217097290559e-06 5.02458019582264e-06 8.95071235618161e-06 1.57872960699024e-05 6.03226783368882e-06 1.09586601411138e-05 2.5734998189364e-06 2.44640901598814e-06 3.29743840836727e-06 3.69480839310654e-06 2.9069373084667e-06 2.61496230109515e-06 1.94052351218943e-06 1.88015874300618e-06 2.65514359227836e-06 2.98750777290024e-06 3.39133679574388e-06 2.74946344234195e-06 2.34133051009167e-06 1.81541733041968e-06 1.47854378127477e-06 1.41104056154973e-06 1.17131771091294e-06 6.89763749761596e-07 2.04782005397419e-06 1.45532234654411e-06 4.1845252578554e-07 3.64349507897543e-07 3.23433546700613e-07 3.7801870540477e-07 4.31134004763578e-07 5.17126813370794e-07 5.85197842362106e-07 6.10518444688068e-07 4.98944778115629e-07 2.61988026011295e-06 6.0725757577984e-07 5.27928832028124e-07 4.50414725250425e-07 4.33522714793355e-07 4.02310705638342e-07
5.03447163282544e-06 4.83983778849506e-06 3.3369659888649e-06 2.49754321259843e-06 2.98382128960384e-06 4.41046307741999e-06 1.16068925308355e-05 3.0551188501704e-05 2.55419235600129e-05 6.21521886614573e-06 3.21104725458099e-06 2.43511312589817e-06 1.6968909861248e-06 2.03730891428222e-06 2.18734897146078e-06 2.84515952273523e-06 2.19524180238295e-06 1.69050156131334e-06 1.33178081966889e-06 1.37403707611838e-06 2.10836221867794e-06 2.26912469827312e-06 7.14450068244332e-06 2.39275946256612e-06 1.7989646892147e-06 1.13160723103078e-06 1.00733177603729e-06 5.28877337160338e-06 1.70914356516505e-06 1.24566088928191e-06 4.99377156515379e-07 2.46152016671886e-06 2.91804223717662e-07 3.25844450976831e-07 3.11942582875702e-07 3.96103310862372e-07 4.51891466113352e-07 4.94610566725839e-07 5.61791769371212e-07 5.35271448853791e-07 4.37901322847267e-07 4.92083862013715e-07 5.20405991721873e-07 4.36827364680425e-07 4.62233622577912e-07 3.90923075777039e-07
1.29469421068507e-06 2.33226154477961e-06 2.18939340044244e-06 2.51264629014258e-06 4.27438670058677e-07 8.66344572614253e-07 2.12396006133986e-06 1.82981772923085e-05 5.53645601030439e-05 6.54755497180304e-06 1.66366410496721e-06 1.33454765460783e-06 1.29187062753999e-06 9.56444655741961e-07 1.24230850673257e-06 1.71288990884477e-06 1.11541982832364e-06 1.02559029997451e-06 1.00043041513231e-06 1.02344622447958e-06 1.26327361869016e-06 1.08711669568606e-06 1.36205708969328e-06 1.21004276039116e-06 9.20147130756277e-07 9.04749067132116e-07 8.37300382983131e-07 7.02837877852858e-07 1.01083339600905e-06 1.72913103142491e-06 1.72199101768911e-06 1.5311647480587e-06 8.32585686438847e-07 8.49480673537073e-07 2.88788818192387e-07 3.16218868245954e-07 1.91647379637061e-06 1.74675096928922e-06 4.29955808378679e-07 5.33713976125227e-07 4.68121479713091e-07 4.49531231971889e-07 4.58508741019159e-07 4.95995498184243e-07 5.60561441176333e-07 4.66478242877599e-07
2.90712338113508e-07 2.30374679404122e-06 3.77726414058088e-07 3.84860395286069e-07 1.22333110841311e-07 2.90806768177276e-07 6.27644126325322e-06 8.09020844826591e-05 5.25123172337771e-05 1.52685999665891e-06 1.65361567923128e-06 7.77147607777806e-07 2.03745502460606e-06 6.78421830713205e-07 7.69514941367788e-07 7.43664021030099e-07 6.14371441542971e-07 6.90484714027662e-07 1.93390506240121e-06 6.70925646417686e-07 7.24333285262446e-07 7.54077398568143e-07 9.81371778152606e-07 5.66264569457076e-07 4.75521772358434e-07 6.83058424755245e-07 5.09256409486625e-07 1.03503179929021e-06 3.85039044026314e-07 1.26612600510612e-06 1.13433798301088e-06 1.74572117259686e-06 1.37210236985652e-06 7.55378547268037e-07 2.7106377986641e-07 2.52269355804913e-07 3.34846675897893e-07 1.2326693131115e-06 4.82090295506055e-07 4.78756808419689e-07 1.29814010918494e-06 1.11490413630122e-06 3.97116735406655e-07 4.39172280763955e-07 4.20657234556643e-07 3.98563526182727e-07
2.89315541479596e-07 5.75196550300916e-07 2.04002661163827e-07 1.05630575575333e-07 1.13097177134591e-07 2.01023443580084e-07 7.93099475231429e-06 0.000120046695155906 5.76644979446428e-05 3.14949235757922e-06 1.02849195826593e-06 6.45180112712751e-07 5.26527681543598e-07 5.10420845856174e-07 4.72975685639199e-07 4.60892519171807e-07 5.07704298513545e-07 7.76081995468303e-07 1.01102907876793e-06 5.0096626544871e-07 3.8899761314326e-07 1.20733811712626e-06 6.42203513478989e-07 3.74666507418908e-07 3.15632033753843e-07 4.06174506828449e-07 4.48550646403589e-07 3.40912227692058e-07 1.30255529597889e-06 8.8731908753914e-07 8.87615672695574e-07 2.82517157401685e-07 3.12615225883661e-07 9.54942935749159e-07 2.40329983558496e-07 2.72887958718826e-07 2.83913784393519e-07 2.82766118964162e-07 5.18549423667025e-07 4.97013049560735e-07 2.1596295326276e-06 4.39679963903927e-07 7.93189410330797e-07 5.87209180125115e-07 4.14773138857072e-07 1.2317287698238e-06
2.23458485271166e-08 1.94161254518654e-08 9.80098931790962e-08 1.54139066488312e-07 2.25787174557013e-07 1.34150327024685e-07 3.61023517143622e-06 1.40012199608464e-05 9.09325221982726e-06 1.81326034294216e-06 9.56386747930083e-07 6.8181273746859e-07 4.62188605965252e-07 8.37143273457741e-07 5.11054519236609e-07 5.36276704110605e-07 4.11657652676922e-07 8.09850077843066e-07 8.00927593047618e-07 2.93725816113977e-07 2.37385060231077e-07 2.43009452738363e-07 2.57733678310501e-07 2.18413962471686e-07 1.75598085672135e-07 1.69053345189241e-07 2.01901684793171e-07 2.35357661093616e-07 2.75467753940717e-07 2.89223444838171e-07 2.88529192182807e-07 3.12872281327259e-07 3.04193628686278e-07 2.61513771437905e-07 2.18334640234019e-07 2.36415391974276e-07 2.33072685507096e-07 2.78476143211748e-07 2.56580462831835e-07 7.49001021560503e-07 3.18044144478336e-06 5.54390978990682e-07 1.63949732225888e-06 3.9035552617861e-06 2.53737967881307e-07 2.6015417127212e-07
5.17980427439113e-09 3.82834894452344e-08 1.18029330025138e-06 9.24290894488422e-07 2.19044561156068e-07 1.21133106656401e-07 6.89431622902248e-07 1.20530345157022e-05 0.000138651477027452 6.07962322192179e-06 8.44923976472955e-07 9.67934249729296e-07 7.35886887781589e-07 6.10154623359449e-07 7.2781630535701e-07 1.21273517521558e-06 4.41479562951486e-07 4.27916878109613e-07 3.16899986252395e-07 2.12938950916453e-07 1.95419582027512e-07 2.72819069913055e-07 1.83749540205724e-07 2.57429366001816e-07 8.08519389217111e-08 2.08087932129786e-07 3.28642575730953e-07 2.96405969990587e-07 3.38262828059044e-07 3.50771470269962e-07 3.23157045478695e-07 2.83930954125822e-07 2.70880574682053e-07 9.67046044308972e-07 2.37349048504143e-07 2.42624941915182e-07 2.31975230935433e-07 2.71062683143697e-07 2.3257108594521e-07 2.61387156541559e-07 4.98521902692062e-07 1.80195156360696e-06 4.71654020195444e-07 4.08012521724288e-07 2.12774497576618e-07 2.03362590145417e-07
