Maxent_result_files_2/B_lapidarius_2.asc
NCOLS 594 
NROWS 330 
XLLCORNER -15 
YLLCORNER 23 
CELLSIZE 0.166666666666667 
NODATA_value -9999 
[rows 280 to 299 of 330, columns 230 to 275 of 594]
4.23091560719513e-07 4.52341006962342e-07 5.21343133641494e-07 6.6889345475829e-07 8.00845617732193e-07 8.62110607613431e-07 9.23622326354234e-07 1.13400438408462e-06 1.40941277777529e-06 1.55153285277265e-06 1.74364233771485e-06 2.17906579109695e-06 2.21658990540163e-06 1.91031390386343e-06 2.23059302015827e-06 1.97156609829108e-06 1.82831250867821e-06 1.83116389962379e-06 1.71951962784078e-06 1.72666701701019e-06 1.74245443531618e-06 1.59458546136193e-06 1.32186336827544e-06 1.47958722322983e-06 0.00451381807215512 -9999 -9999 -9999 -9999 -9999 -9999 -9999 -9999 -9999 -9999 -9999 -9999 -9999 -9999 -9999 8.53220994940784e-06 5.98668227667076e-06 9.19989611247729e-07 7.85721309171095e-07 8.30321479838858e-07 8.38509862433057e-07
3.18072491722887e-07 4.30574593224264e-07 4.84077597207033e-07 5.04578642335218e-07 5.66817158187405e-07 6.5742010519898e-07 7.91992195559033e-07 8.54730933497194e-07 1.01461261010627e-06 1.17217163619898e-06 1.31506840261864e-06 1.56181899910734e-06 2.83187728200573e-06 1.89943656323521e-06 2.0082880382688e-06 2.63858996731869e-06 1.66552684959242e-06 1.63589778594542e-06 1.61142688170912e-06 1.73168830315262e-06 1.56674140043833e-06 1.3199987677126e-06 1.10262550379048e-06 8.61008274455344e-07 6.60222173110014e-07 5.34300147592148e-07 3.78724693916865e-07 3.29049115634916e-06 0.00029267851205077 -9999 -9999 -9999 -9999 -9999 -9999 -9999 -9999 -9999 2.749982104433e-05 3.60385814701658e-07 7.94329639575153e-07 9.34654900675014e-07 1.31397104041753e-06 1.31315757698758e-06 1.61332515631329e-06 1.7455374347719e-06
2.86310890373898e-07 4.22369177499604e-07 8.05472114961958e-07 5.31192296193694e-07 4.86118466369589e-07 6.18003662111732e-07 6.62610915469486e-07 6.68174996576454e-07 7.9083623063525e-07 8.83410791630013e-07 1.04187852230098e-06 1.07721870676869e-06 1.18284550580938e-06 1.35874443003559e-06 1.29428699437995e-06 1.22752338143073e-06 1.22368155643926e-06 1.29843549530051e-06 1.25997805753286e-06 1.27468006212439e-06 1.17145812623676e-06 9.88629028597643e-07 8.81906163385793e-07 7.19174570917858e-07 5.76062041091063e-07 4.37032416300553e-07 3.26815732876184e-07 2.46772516732108e-07 2.68818136817117e-07 3.12940400704065e-07 3.34977966076622e-07 3.17218560041965e-07 8.68266687348296e-07 -9999 -9999 -9999 -9999 3.42136362974088e-07 7.39912758263017e-07 3.41560004812891e-07 5.77682743596597e-07 1.35756077384031e-06 1.21007809070761e-06 1.47409085684558e-06 2.7617572982308e-06 2.64853179032798e-06
8.06524460017499e-07 8.93669204060643e-07 3.60562434309486e-07 5.28529344023809e-07 9.28169748704022e-07 5.57221449071221e-07 6.85790351440119e-07 5.88999347428398e-07 5.65348477721272e-07 6.05782051366077e-07 7.17849349030075e-07 7.95692662336478e-07 7.98387205236395e-07 8.60064812968631e-07 8.82155944736951e-07 8.9415345883026e-07 8.60810860103811e-07 8.4435367284641e-07 8.50968365284643e-07 8.03346458155829e-07 7.01309681971907e-07 6.56448301583623e-07 5.91839648222958e-07 5.06494407659375e-07 4.79221827731635e-07 3.77783477745197e-07 3.14441764714957e-07 2.43639340169466e-07 2.42967377062087e-07 2.47542779163723e-07 2.73053215948948e-07 2.32443349545974e-07 1.79786348297739e-07 1.73940613734658e-07 1.80079414491274e-07 1.19280949917311e-07 1.76628399373158e-07 2.07466338508766e-07 2.49132948937358e-07 6.15812513160563e-07 5.96849943690358e-07 1.27131535236913e-06 2.16795360756805e-06 2.6144693833885e-06 3.28957440842714e-06 3.62742093784618e-06
6.28962618520745e-07 7.99828401909508e-07 7.79229978320473e-07 4.32698972474554e-07 5.70680936107237e-07 1.59681989657656e-06 1.36127141558973e-06 1.24202008464636e-06 5.21978060419315e-07 5.13160179593797e-07 5.21957963428576e-07 5.92076622751847e-07 7.02791260209779e-07 7.64368743944033e-07 7.61952807692978e-07 8.23087745516204e-07 8.20929585643171e-07 8.20312382643351e-07 6.98681037647475e-07 6.2257983586278e-07 5.87452845479675e-07 5.16303933295603e-07 4.54596974464039e-07 4.2256483965275e-07 3.95872748981674e-07 3.66507273952266e-07 3.30575056750604e-07 2.77707999885024e-07 2.18494034953665e-07 2.00960879936929e-07 2.33897748103118e-07 1.97384846245541e-07 2.01624072815321e-07 1.79553904899876e-07 1.49107329860954e-07 1.23570553967056e-07 1.23818173847212e-07 1.06964222013062e-07 1.40378877233616e-07 2.202385743999e-07 2.42989554521955e-07 4.96374781278064e-07 5.61461877168767e-07 2.531956488383e-06 5.52790272649872e-06 4.12164057479458e-06
8.4333834138306e-07 4.73887466512224e-07 4.63764858693594e-07 4.93076888119504e-07 5.20971946116333e-07 1.2227182821789e-06 1.20768836495699e-06 1.28312999549962e-06 5.27489558521665e-07 7.62268035714442e-07 4.46215165084141e-07 4.59149896414601e-07 5.11136673253532e-07 5.93498060652564e-07 6.38090568827465e-07 6.44405159277994e-07 6.85747741613341e-07 7.0663894007339e-07 6.51707156862358e-07 5.81963558943244e-07 4.98747454003023e-07 4.82438585436284e-07 4.53548341283749e-07 4.5298137933969e-07 3.73241223883269e-07 3.40609472004871e-07 2.2568536195422e-07 1.00352988141594e-07 1.12084194370254e-07 1.25274966222833e-07 1.21692916366101e-07 1.67945698592575e-07 1.816401187682e-07 1.86538984081608e-07 1.69276837880261e-07 1.25059813882444e-07 1.03420416053268e-07 1.40353051136799e-07 1.61805806442317e-07 1.47340981015986e-07 7.70596582100325e-08 4.30730667133616e-08 9.31981734453302e-08 3.12754451670116e-07 4.35183419540408e-06 8.31883894534258e-06
6.86380064962577e-07 6.95740718015259e-07 6.85318164528326e-07 6.59274891745554e-07 6.4676974318445e-07 5.88039819149344e-07 5.39881889949356e-07 4.4518640578417e-07 5.23502225746597e-07 4.85110052750315e-07 4.97630543350169e-07 6.1082176898708e-07 3.68256212368578e-07 4.27651869472356e-07 5.27634210811811e-07 5.0979144248231e-07 5.39602768867553e-07 5.7049788324548e-07 5.76179084532669e-07 4.40736138784814e-07 3.98516776556335e-07 3.92804537341362e-07 3.07542153166196e-07 2.52050811866411e-07 1.14286755348303e-07 4.04482246807447e-08 2.22634621849238e-08 1.97485922726059e-08 2.10086463781067e-08 4.63336803591119e-08 6.40988037758916e-08 7.95826124999621e-08 1.15175810577739e-07 8.54385511672717e-08 9.78183980038239e-08 9.75975574135646e-08 1.0624101740575e-07 1.13898536113766e-07 1.27671080463188e-07 1.08640210783051e-07 1.49670414373304e-07 7.06290965268863e-08 8.93824175562941e-08 6.11155630281246e-07 1.44657973919493e-06 6.36959709936491e-06
8.80634215150167e-07 8.8641588149585e-07 9.96829132304811e-07 8.34526477433428e-07 5.89439309806039e-07 5.54236589778156e-07 4.14234919787759e-07 3.54684813430595e-07 3.82927154873869e-07 4.32639703262794e-07 3.95609453107681e-07 4.57097894468461e-07 5.15976549309016e-07 3.62559087818681e-07 6.12316014780845e-07 1.08378149548116e-06 1.12697319423205e-06 5.0884572999621e-07 5.35138767077115e-07 3.13587823086436e-07 2.75042940245385e-07 2.47881254722415e-07 6.94590724492628e-08 5.31969000405752e-08 4.67768664691448e-08 3.87280179481309e-08 3.89501506603551e-08 4.98044780528062e-08 6.06253991008998e-08 7.99521689742733e-08 9.17400569733218e-08 1.31136315673075e-07 1.58855169019034e-07 1.77603265427706e-07 1.69921391091066e-07 1.93873443521397e-07 1.73424610494521e-07 1.69509853975569e-07 1.41858370739101e-07 1.2626262346771e-07 1.20992978480672e-07 1.40760761269121e-07 2.17122798318314e-07 5.09867376763395e-07 1.79547543552871e-06 8.79350477589469e-07
6.40665487594561e-07 5.64078175102622e-07 4.85360600066542e-07 3.91297214719089e-07 3.68307900089349e-07 4.06371025007957e-07 3.26153696050824e-07 3.20739647463597e-07 2.641970439754e-07 2.93421518904324e-07 3.40218802818981e-07 2.89244391638022e-07 3.23765168275258e-07 3.42848076684277e-07 4.93193840611639e-07 4.03932321546563e-07 4.74279227091756e-07 4.82431576642739e-07 5.06215570794666e-07 3.2631270840966e-07 1.95449375439694e-07 9.94885439808968e-08 5.46394925748928e-08 5.59653770437762e-08 4.96768505442446e-08 6.35069770993368e-08 7.24939557272819e-08 7.34048086314942e-08 8.82338589747178e-08 1.14987869181959e-07 1.62152978333552e-07 1.94676214704259e-07 2.22257288839955e-07 2.45022017963947e-07 2.91488724712963e-07 3.26931260019592e-07 3.0701866222671e-07 2.31132293038172e-07 2.28621928499706e-07 2.50279296665212e-07 2.53260790827881e-07 3.0288391741351e-07 3.78096065389855e-07 6.60728858292714e-07 9.41494394623987e-07 9.63449028290597e-07
7.78609316398615e-07 5.750410181804e-07 5.54175812794711e-07 4.33748505201947e-07 2.9244151136254e-07 2.03952360067206e-07 2.20369415870891e-07 3.99427358388493e-07 1.77282613122998e-07 2.11602912969511e-07 2.68986534024407e-07 2.50381083333195e-07 4.87328145482024e-07 4.95320992399684e-07 6.82452193245808e-07 7.0138985961421e-07 3.76056570416949e-07 4.61332376744394e-07 3.01209874464803e-07 1.74464003066532e-07 1.13855520567085e-07 7.63591593511137e-08 6.17536159097654e-08 7.3715599313573e-08 8.36651047109171e-08 8.89771108347759e-08 1.0320101466732e-07 1.28437066138076e-07 1.62260108282908e-07 2.1409036534692e-07 2.51847916388215e-07 2.3637434480861e-07 3.28562782669906e-07 3.58699999480905e-07 3.64545824993456e-07 3.47788946442051e-07 3.32853903728392e-07 3.45422608916124e-07 3.7895790399034e-07 4.3022847080465e-07 4.94711349574573e-07 6.0731971984751e-07 8.85348367773986e-07 1.42821617714617e-06 1.6301780192407e-06 2.26291534204393e-06
5.51243925883682e-07 4.20461697103747e-07 4.29947216673554e-07 4.52276387363781e-07 3.84522114416086e-07 2.11702775487765e-07 1.56769396397749e-07 1.6089518624085e-07 1.12111471750609e-07 1.05703979969007e-07 2.15597357566821e-07 2.25637488426855e-07 4.75889345352698e-07 5.40478450261617e-07 5.91108030789655e-07 2.74338898975657e-07 3.40676200494272e-07 3.770957292204e-07 3.67506285670061e-07 1.15042249149155e-07 8.79395500419378e-08 7.28691492923872e-08 7.44092336191216e-08 7.78408189461288e-08 8.04059155257164e-08 1.10574627143478e-07 1.37628126140044e-07 1.68038623371558e-07 1.95441315753442e-07 2.53721103149473e-07 3.05094009434015e-07 3.91051709414114e-07 4.69454499807398e-07 5.52357826677508e-07 5.19446084012998e-07 5.50267841958885e-07 6.17977738670561e-07 6.51304353027626e-07 7.28620528889223e-07 8.04442802859739e-07 1.00327654024568e-06 1.27372564406869e-06 1.71985338965897e-06 3.65708501703921e-06 3.36181335569563e-06 3.08023983279782e-06
4.89776167000855e-07 4.66469833781957e-07 4.52779171666862e-07 3.92920873082403e-07 2.30894698205475e-07 2.41663494193745e-07 1.70573667901408e-07 1.26390396815168e-07 9.62500706691571e-08 1.1385572165068e-07 1.353577161467e-07 1.48153205259405e-07 1.77177102500536e-07 2.05780352047213e-07 1.80575167263441e-07 1.37294917834652e-07 2.42522214932706e-07 2.70067845065114e-07 2.03011193633529e-07 1.20659992575156e-07 6.30974067661327e-08 6.52130417222452e-08 7.83322157360544e-08 7.79928882366221e-08 9.69648453974514e-08 8.98962607465137e-08 1.13510479593515e-07 2.14605020687486e-07 2.83708887138801e-07 3.76599314222403e-07 4.89168490958036e-07 6.24858049036448e-07 6.71607850222244e-07 7.10293406314122e-07 8.24980617153415e-07 9.50742972349872e-07 1.03415726186995e-06 1.14823137664644e-06 1.27880840636863e-06 1.56086970832803e-06 1.34229437094291e-06 1.14498237451244e-06 4.05965577101597e-06 1.67837324624998e-05 6.97738358212518e-05 2.17221187995165e-05
6.08837639504145e-07 6.1713444807765e-07 5.96445821088309e-07 4.24017692068901e-07 3.1134929088239e-07 2.18774086135909e-07 1.89202742717498e-07 1.32929969964835e-07 1.12059347401328e-07 1.32249906670268e-07 1.12977988209195e-07 1.15478596285357e-07 5.91681950368184e-07 3.80360111762457e-07 1.24134975010293e-07 8.15946762600106e-08 1.25830418085116e-07 2.25944306464498e-07 1.82945564120018e-07 8.00145649293427e-08 6.09384802174873e-08 6.24829333162324e-08 6.38649868989205e-08 8.06218228177613e-08 1.11499056387743e-07 1.49614751165927e-07 2.20664914252211e-07 3.08718333030811e-07 4.01128048110877e-07 4.52689830865438e-07 6.26643941359362e-07 7.44193422974604e-07 9.82255619419448e-07 1.19647243081999e-06 1.45767565982169e-06 1.79891581524316e-06 2.03433382353069e-06 2.21149320509539e-06 2.31275682835985e-06 2.23645131427475e-06 1.40582167773573e-06 1.57328317413885e-06 4.78766133937825e-06 6.35530252566241e-06 5.28958704308025e-05 9.94102797449159e-06
7.82872174909244e-07 6.73907931059148e-07 6.73413720164717e-07 4.31545521450971e-07 3.05672007527846e-07 2.77232662426741e-07 1.65075925195879e-07 1.54569094235058e-07 1.24481294960788e-07 1.43546500908087e-07 1.17545626210358e-07 1.23568003829178e-07 1.26761011642884e-07 1.24991426986298e-07 1.02421011050069e-07 1.18323662690045e-07 1.24959098002364e-07 1.55047868588554e-07 1.04154455726757e-07 8.91599391650288e-08 9.21483312765758e-08 8.62599126350005e-08 1.04207313711413e-07 1.27580357656143e-07 1.50286280842238e-07 1.90332095684198e-07 2.82791854999687e-07 3.06806400374171e-07 5.51835654505339e-07 7.48894689195367e-07 9.14564816412167e-07 1.32568516164611e-06 1.69446490190239e-06 2.06110661906678e-06 2.8521770673251e-06 3.17790703547871e-06 3.67160064342897e-06 2.9504924327739e-06 3.05024900626449e-06 2.4857807375156e-06 2.51639285124838e-06 2.7858168266448e-06 2.93716827286517e-06 7.27037265733088e-06 1.19003499548853e-05 7.41621204724652e-05
1.07782876455076e-06 6.52513688237377e-07 6.55897426327101e-07 3.97456574319222e-07 3.52953814797274e-07 2.68658560997892e-07 1.71244992941411e-07 1.69848597408873e-07 1.2832500644322e-07 1.25251573024343e-07 1.36464097266753e-07 1.32466515623264e-07 1.36498123737283e-07 1.40209235865996e-07 1.38893209111757e-07 1.49921132930331e-07 1.72965641098699e-07 2.33712452768486e-07 1.23965825338246e-07 1.39927227138514e-07 1.40314903518401e-07 1.78593379018821e-07 2.45655002117928e-07 2.32607737160606e-07 3.16262396893308e-07 3.22621636428266e-07 4.72777125537505e-07 6.13364255741544e-07 8.78027401540749e-07 1.33897918317416e-06 1.98686365138201e-06 2.55337888575013e-06 2.34022833751624e-06 2.50550033342734e-06 2.73336719942563e-06 3.77826789872415e-06 3.11002337411992e-06 2.91429562366829e-06 2.9859619871786e-06 3.36479778297871e-06 3.56603956106483e-06 3.71220039596665e-06 5.18568075449366e-06 9.61873838605243e-06 1.33194392219593e-05 7.54665350541472e-05
1.3622278117964e-06 7.93570822565926e-07 7.38777455921991e-07 5.98922336791929e-07 4.59481753978253e-07 2.77893850153532e-07 1.83807135556435e-07 1.78009097595577e-07 1.67944423168365e-07 1.77653134869615e-07 1.62077650855963e-07 1.45734053091928e-07 1.39486435557501e-07 1.42342448583577e-07 1.52469092284946e-07 1.70517346731458e-07 1.97960459047408e-07 2.25983175994315e-07 1.7814833626062e-07 1.66843549465057e-07 1.86304415450422e-07 2.03414263921786e-07 2.04173999662771e-07 2.01857876902523e-07 3.41565319672554e-07 4.61446869337578e-07 6.17124689483717e-07 9.49416448747797e-07 1.67024680877148e-06 2.13700133713246e-06 3.18137716703859e-06 4.40650283053401e-06 5.37442352879225e-06 4.48705985718334e-06 3.3885151992763e-06 3.32902204718266e-06 3.54961265429665e-06 4.54097391866526e-06 5.92782512285339e-06 6.18674858969825e-06 7.18101744041633e-06 7.97185357441776e-06 8.41279220367141e-06 1.38148893029211e-05 6.33748744803597e-05 2.8482969628385e-05
1.34924721351126e-06 1.30585579256604e-06 9.84596965736273e-07 7.88719464139831e-07 4.67483236832322e-07 2.99198048026028e-07 2.50052453765193e-07 2.44996224552096e-07 1.79083954776615e-07 1.57526297073218e-07 1.97124264644799e-07 1.80475707622918e-07 1.73872856379376e-07 1.72520984165203e-07 1.7719247651371e-07 1.91832089058153e-07 2.34398645204692e-07 1.56198998979562e-07 1.51545076931825e-07 2.03465275916415e-07 2.18396401407972e-07 2.53412260065033e-07 3.18128613230328e-07 3.6035378343513e-07 4.76126422199741e-07 6.17877142872203e-07 1.04479705953509e-06 1.47339817431202e-06 2.14385225376645e-06 3.83678312800839e-06 6.18508377101534e-06 6.69965254473937e-06 6.19929517142737e-06 5.73549954197006e-06 5.10018151089753e-06 5.69025414733915e-06 9.37134816467733e-06 9.11416495910089e-06 8.84528672031593e-06 9.24231005683396e-06 9.46770824157284e-06 9.70633329870907e-06 9.55143627834332e-06 1.92811389297276e-05 6.79208285873756e-05 2.05986039873096e-05
1.31649892693986e-06 1.75615681428098e-06 1.11412257695065e-06 9.21605169423856e-07 4.85995089150038e-07 3.81813491401317e-07 2.84075602507983e-07 2.54968400525968e-07 2.13102235591123e-07 1.77816533408759e-07 1.76944888607977e-07 2.10588245863619e-07 2.21800590338717e-07 2.18745871904957e-07 2.24128127968015e-07 2.04495482591938e-07 1.72794228348039e-07 1.98088507374905e-07 2.67239070694814e-07 2.9994296824043e-07 3.51108495522112e-07 3.46491745517596e-07 4.60007147751185e-07 5.95871060227182e-07 7.23035699934371e-07 1.34159690787783e-06 1.8648106731689e-06 2.89497298808783e-06 4.32960652005932e-06 5.98336177972669e-06 7.54402237816976e-06 7.37635839413997e-06 7.03127345786925e-06 9.79614453626709e-06 1.14071078769484e-05 1.03906795402509e-05 1.01069966603973e-05 8.83316135968926e-06 8.09792441032187e-06 8.36187330151006e-06 8.21821904537501e-06 8.52254759138305e-06 8.60747268234263e-06 1.67178091032838e-05 4.87493998662103e-05 1.22140455459885e-05
1.2324255663998e-06 1.71480614881148e-06 1.43221638495561e-06 9.01770670225233e-07 6.18120066064876e-07 4.4830620851144e-07 3.47210328754954e-07 2.57305215711767e-07 2.40810584983819e-07 2.21055540805537e-07 1.93453029595503e-07 1.86820539482824e-07 1.99708495784989e-07 1.84013757120738e-07 1.64683856951342e-07 1.7413533726085e-07 2.02296187978845e-07 2.31634127345615e-07 2.44979516139665e-07 3.59432657148773e-07 4.86001995625429e-07 5.99579593085764e-07 7.13367811044918e-07 7.06279726614412e-07 9.53508208567655e-07 1.4630430428042e-06 2.08201082614323e-06 3.09031170218077e-06 3.23463914355671e-06 5.06009653236106e-06 6.72079172545637e-06 8.23666750875418e-06 8.37533420963155e-06 7.64358783271746e-06 8.18553833141777e-06 1.03743057024985e-05 9.93116061636101e-06 8.85019564975664e-06 7.6307693234412e-06 7.6196318559596e-06 7.33910774215474e-06 7.56234737764316e-06 7.9677120766064e-06 1.48496978454205e-05 3.43984407663811e-05 8.37935083382035e-06
1.92044857953988e-06 1.76269798544126e-06 1.75100105934689e-06 9.64398620340034e-07 8.11632835961973e-07 4.62588394611885e-07 4.55515775854565e-07 3.34978909677375e-07 2.43362773488798e-07 2.53329743316044e-07 2.38613808534183e-07 2.41509319920397e-07 2.32924069365481e-07 2.17831910021005e-07 2.36776300255315e-07 2.18871395674114e-07 2.27131106100842e-07 2.57272863990465e-07 2.605059336247e-07 3.30067815923485e-07 4.10410851259257e-07 5.1607652835628e-07 5.95154057236869e-07 8.36992126096447e-07 1.24001492167736e-06 1.24132108112462e-06 2.41450028966028e-06 2.83914255305717e-06 4.1893356979017e-06 7.3331741077709e-06 8.9857713874153e-06 8.07936639830587e-06 6.98729193118197e-06 8.55526859595557e-06 9.97608506168035e-06 1.03033067716751e-05 9.49374807532877e-06 8.7208388322324e-06 7.41225792353362e-06 6.92304762424101e-06 7.16400021474328e-06 6.90703241161827e-06 7.29348492995996e-06 1.1225502612433e-05 4.4992575476499e-05 1.16445357434714e-05
