Maxent_result_files_2/B_lapidarius_2.asc
NCOLS 594 
NROWS 330 
XLLCORNER -15 
YLLCORNER 23 
CELLSIZE 0.166666666666667 
NODATA_value -9999 
[rows 80 to 99 of 330, columns 322 to 367 of 594]
0.0790134228765964 0.0897724576294422 0.0432736210525036 0.0119580358732492 0.00409828210249543 -9999 0.0442034365609288 0.0146352967247367 0.0171672289259732 0.00651468206197023 0.0190412667579949 0.0457283481955528 0.0432926878333092 0.0595461409538984 0.0278498776257038 0.041490913182497 0.0358117265626788 0.0103343436028808 0.0478329759091139 0.00713508920744061 0.00739316493272781 0.00625518166925758 0.0100752774626017 0.00845585688948631 0.0107174931559712 0.0305989032611251 0.0904123075306416 0.08799187541008 0.0441689398139715 0.00611032301094383 0.0121833770535886 0.0162195202894509 0.0234994160942733 0.00293486756272614 0.0162931520491838 0.0160984075628221 0.0187610143795609 0.023572897259146 0.0374315349385142 0.0131908854003996 0.00619282908737659 0.00922561995685101 0.0122855893801898 0.0205132914707065 0.0142007539980114 0.0111911634914577
0.019286594633013 0.0100383706856519 0.0191101195290685 0.0119184299837798 0.0136590914800763 0.00497196002397686 0.00809689401648939 0.00960532845929265 0.0185858573764563 0.0160878486000001 0.0205005448311567 0.0506260924041271 0.0457636777311563 0.0303831791505218 0.048966521397233 0.0329767504706979 0.021564476378262 0.0829205721616745 0.04368653036654 0.0273439038544893 0.00582023956812918 0.0130927443504333 0.0328087788075209 0.0184789095073938 0.00868531526066363 0.0186764691025019 0.0491727210581303 0.0558494720607996 0.0278292642906308 0.0229453359730542 0.015196268633008 0.011667428072542 0.0403169797733426 0.00787703490350395 0.00906781936064363 0.00761676947586238 0.00773270255886018 0.00901284785941243 0.0163913149386644 0.045747584104538 0.0710373658686876 0.0376332860440016 0.058551562204957 0.0521106582134962 0.0380769401788712 0.0060208267532289
0.0159282270818949 0.0129702026955783 0.0634607918560505 0.0251321683637798 0.0101747114211321 0.0223849051631987 0.00978357172571123 0.00885223564691842 0.0265584215521812 0.0168972371146083 0.00837628128938377 0.0120115055702627 0.01147814062424 0.0542448177933693 0.0657025791704655 0.0572298161685467 0.0405446339398623 0.00335905777756125 0.0081811104901135 0.0406298881396651 0.0128092586994171 0.01633709250018 0.0212859375402331 0.0288398504257202 0.0274213455617428 0.063537385314703 0.0429005084559321 0.0480161357671022 0.00910161370411515 0.00912606474012136 0.00340290670283139 0.0039063717587851 0.0417198836803436 0.0135935189668089 0.0100157931447029 0.01618573339656 0.00815322804264724 0.0275126469321549 0.0386020880192518 0.0353140912950039 0.0443870577961206 0.0316658655181527 0.040474296733737 0.0192556200549006 0.0179400539491326 0.0151727385818958
0.0378871673718095 0.0152016069740057 0.0114287524949759 0.0047133848303929 0.0150610364973545 0.0189297318458557 0.0117324262391776 0.011424663150683 0.0174866638146341 0.0221954048611224 0.0150291108526289 0.0247504217550159 0.0207852957770228 0.0380548948422074 0.014058227557689 0.0160519825294614 0.0108576553408057 0.013174320012331 0.0330215334892273 0.0120569949503988 0.0169206800870597 0.0116673231590539 0.0216696294024587 0.0437509503215551 0.0183623403310776 0.0128662799485028 0.0506906267255545 0.0228605654090643 0.00986146656796336 0.00794044896028936 0.00493067698553205 0.003302647464443 0.0260721368715167 0.018578178063035 0.0188357939943671 0.0160388637334108 0.00618148946668953 0.0350465817376971 0.0173995110206306 0.00889987396076322 0.0296407904475927 0.0585433352738619 0.0244557395577431 0.0279075955972075 0.0452434496954083 0.0202020579017699
0.0222401070408523 0.0162722222507 0.0167081626132131 0.0194347330369055 0.0400810319930315 0.0436132505536079 0.00580712524242699 0.0123787765391171 0.0139475516974926 0.0102222971618176 0.0122075707651675 0.0238315276801586 0.0307510605081916 0.075914715975523 0.0347352832555771 0.0575642772018909 0.0151710880920291 0.0174258752726018 0.0146294243633747 0.0183094791136682 0.0177123120054603 0.016386582609266 0.0229051416739821 0.0236062612384558 0.024797822162509 0.0162565564736724 0.0344459317624569 0.00510365427471697 0.0335350444540381 0.0556505691260099 0.0136171487160027 0.011079074954614 0.0087919763289392 0.0213641988113523 0.0116030132398009 0.0560518931597471 0.0530969131737947 0.0126937895547599 0.0609813239425421 0.0284376559779048 0.0270440705120564 0.0315763480961323 0.030564727447927 0.032413462176919 0.027711296454072 0.0450956577435136
0.0213897396810353 0.0175101971253753 0.0212893283925951 0.0155858831480145 0.0329831309616566 0.0554106511175632 0.031724713370204 0.020600663870573 0.0265139268711209 0.00882064895704389 0.0134254038333893 0.0125835256651044 0.0340762209147215 0.0197827619500458 0.0227893825620413 0.0483025379478931 0.050746588036418 0.0535125780850649 0.00840007965452969 0.0440099701285362 0.0189653338864446 0.0188845662400126 0.046582512371242 0.0595252882689238 0.0321003930643201 0.0152160031720996 0.0112932540010661 0.0351135047152638 0.0892226628959179 0.0594868749380112 0.0481871038675308 0.0667399439960718 0.0162039670161903 0.0252837117761374 0.00949134612455964 0.00778956324793398 0.0159059900790453 0.006093511544168 0.00208984154742211 0.0108020321466029 0.0077841239515692 0.0328941166400909 0.0390570595860481 0.0287908146157861 0.0296682495623827 0.0306907892227173
0.0441314408555627 0.0212836292572319 0.0130434480961412 0.0394839370623231 0.0607012946158648 0.024108973890543 0.0385917644947767 0.0369138412177563 0.0265683824196458 0.00908870487473905 0.0118329806253314 0.0134639807976782 0.028884687460959 0.0134403551928699 0.0191415248438716 0.035043072886765 0.0253554038703442 0.0925114423036575 0.05098528675735 0.0379827396944165 0.0126793729607016 0.056853935495019 0.0415052015334368 0.024027933459729 0.0254454140551388 0.0212326022796333 0.0284517242573202 0.0469622051343322 0.0250666838139296 0.0410296404734254 0.0213248264044523 0.0397543873637915 0.0233019921928644 0.0196291011758149 0.0360114328563213 0.0331327423453331 0.0627493735402822 0.0487171284854412 0.0289121828973293 0.0151631063781679 0.00578605954069644 0.0115924787707627 0.0123741693329066 0.0244476499967277 0.035151794552803 0.0471513196825981
0.0386007994413376 0.127156669646502 0.039746573753655 0.0549655117094517 0.0213694792240858 0.006474185641855 0.0151804622262716 0.0345693409442902 0.0175416043959558 0.0122531439177692 0.0163840377703309 0.0126890497747809 0.0105518091004342 0.0105966728180647 0.00861041718162596 0.00946858529932797 0.0116074301768094 0.0351393772289157 0.0560131222009659 0.008884387020953 0.0167276130989194 0.0169897257350385 0.0138306261971593 0.0279107855632901 0.0436480566859245 0.0183964419178665 0.0498322365805507 0.0355858964845538 0.0305700236931443 0.020424980763346 0.0379436014220118 0.0600908666849136 0.0447121666744351 0.0307281542569399 0.0653647899627686 0.045819428935647 0.0613739427179098 0.0484200056642294 0.0279052792117 0.0312337949872017 0.022145773191005 0.00652519634459168 0.0394256696105003 0.0275049094110727 0.0250654134899378 0.0295909184962511
0.0768994238227606 0.0121523845475167 0.0545657530426979 0.0182202046737075 0.0238455006852746 0.00698171476833522 0.016082279663533 0.00683776896912605 0.00963796311989427 0.00886905905790627 0.00934849604964256 0.0135584592819214 0.0133202822878957 0.0104390373453498 0.00983902998268604 0.0178111413493752 0.0338515274226665 0.0102381043601781 0.010516714816913 0.0110300882253796 0.00976653476245701 0.00752224028110504 0.0266527626663446 0.0426006861031055 0.0172555315308273 0.058207630738616 0.0368772836402059 0.0357330076396465 0.0439811028540134 0.0271505767479539 0.0161511578597128 0.0577568795531988 0.0441978977993131 0.0336364084854722 0.0291048178449273 0.0198808625340462 0.0435145884752274 0.0457523964345455 0.0369173787534237 0.0445073422044516 0.0324137326329947 0.0275541057810187 0.0459286943078041 0.032713901437819 0.0345175934955478 0.0436792444437742
0.0475043457001448 0.0230539405718446 0.0275439312681556 0.0725587364286184 0.0162314753048122 0.0228935971856117 0.0210172798484564 0.0263574745506048 0.017027547582984 0.0171540498733521 0.0261524423956871 0.0126745178364217 0.0119057204574347 0.0149477430619299 0.040839321538806 0.0186941403895617 0.026907647587359 0.00898867971263826 0.00659262728877366 0.0106208527460694 0.0106899965088814 0.0163498189300299 0.0181128103286028 0.0344643944874406 0.0139825229998678 0.0206374334171414 0.0878934405744076 0.0119372858665884 0.0280071495100856 0.0373705511912703 0.034894248098135 0.0221821029670537 0.0463243652135134 0.0388403501361608 0.0189327163621783 0.0254734050482512 0.0168899729847908 0.0246313791722059 0.0507032297551632 0.0249468768015504 0.0316574225202203 0.0110340950079262 0.0229891514405608 0.0286277644336224 0.0285966359078884 0.0303876169025898
0.0361805642023683 0.0294226121157408 0.0497869458049536 0.0242206607013941 0.0298262612894177 0.0120371340308338 0.0227970691397786 0.0112864247057587 0.0344583658501506 0.00796415726654232 0.0194644941017032 0.0190554623492062 0.0146215714514256 0.0107059450820088 0.0115081205964088 0.00763279241509736 0.0287401806563139 0.0172141925431788 0.0205436451360583 0.013158498890698 0.018052467238158 0.0169576196931303 0.00800588419660926 0.0234608496539295 0.0266260201111436 0.0149044105783105 0.0155919726938009 0.00932677588425577 0.0300564045086503 0.0628353890031576 0.050395855307579 0.0708129115402698 0.025423888862133 0.0643682796508074 0.0236967898905277 0.0168635781854391 0.0189889411441982 0.0177659724839032 0.0225551738403738 0.0225495985709131 0.0183972323313355 0.0195826646871865 0.0241884782910347 0.0142975892871618 0.0298801351338625 0.0200623176060617
0.0678515210747719 0.0901182301342487 0.0392058864235878 0.0212834447622299 0.0213389033451676 0.00981863080523908 0.020727679785341 0.0157648553140461 0.00759692904539406 0.0237804491072893 0.0281309489160776 0.0137233584187925 0.0143450320698321 0.0152303902432323 0.0172630694694817 0.015812445897609 0.0201078042387962 0.0110378209501505 0.0141375723294914 0.0075326663441956 0.00889368467032909 0.015875309612602 0.011407817248255 0.0301331518217921 0.0144912608899176 0.0109494813717902 0.0089176969602704 0.00591494073159993 0.0168251841329038 0.00520513239316642 0.00564992660656571 0.0323881277814507 0.0446473084390163 0.0713160239160061 0.0486829582601786 0.0534852217882872 0.0802887659519911 0.0307007128372788 0.0301661668345332 0.0610497295856476 0.0222360194660723 0.0352705525234342 0.0546306844800711 0.0392048861831427 0.0377448925748467 0.109226460009813
0.0731735423207283 0.0370280234143138 0.0580130212008953 0.0396252416074276 0.0283910425379872 0.0110981151927263 0.0174114320427179 0.012822372931987 0.0260847195982933 0.0160441082902253 0.0189698077738285 0.0311526909470558 0.0141832357272506 0.0159094448201358 0.0165166986174881 0.0142232988029718 0.0179666903801262 0.0218697732314467 0.00576036092825234 0.00815236135385931 0.00603683944791555 0.0100334167480469 0.0146160293370485 0.0255937907844782 0.0180813345126808 0.0381072303280234 0.0046388823306188 0.00901037263683975 0.00625867717899382 0.00878547113388777 0.0102366530802101 0.0134081200230867 0.0089712277520448 0.0181261784397066 0.112925709038973 0.0323052026331425 0.034062834829092 0.0210890909656882 0.0293453531339765 0.0489531744271517 0.0748325388878584 0.0522868823260069 0.0433770038187504 0.0425822399556637 0.0315183686092496 0.0290354168042541
0.0135220615193248 0.0143200176768005 0.0281125746667385 0.0168873284943402 0.0199866187758744 0.0113065180368721 0.0354107847437263 0.019622709415853 0.00752337663434446 0.0217273047193885 0.00637606191448867 0.0103003930300474 0.0130487130954862 0.0143904329277575 0.0233895866200328 0.0168492128141224 0.0266241133213043 0.0226276451721787 0.0159069064073265 0.0261488789692521 0.0233757153153419 0.022415529191494 0.0362580943852663 0.0225347481667995 0.0227448519319296 0.0484517056494951 0.0150848680175841 0.00647983411327004 0.00658977562561631 0.0114193821325898 0.0161638756282628 0.0044024221599102 0.00614457454066724 0.0148209501989186 0.0103771025780588 0.0145091042853892 0.0126451888121665 0.0131784617900848 0.0334909226745367 0.0726244054734707 0.0388058237731457 0.0238497864454985 0.0270759139209986 0.0367820598185062 0.057156278565526 0.0364948432892561
0.0154684807173908 0.00994326397776604 0.0315031008794904 0.0284582616761327 0.0350481040775776 0.022963859885931 0.0120795601978898 0.00675868238322437 0.0049428153084591 0.00717670931480825 0.00698535684496164 0.0149333766661584 0.0281292239204049 0.0331543004140258 0.0171380667947233 0.0204567627981305 0.0180872265249491 0.0302099093794823 0.0233189977705479 0.0196175640448928 0.0237922748550773 0.0506688445806503 0.0414045196026564 0.028839966841042 0.0176526503637433 0.0291079746559262 0.0211800155229867 0.00823156186379492 0.0108199518639594 0.00706180725246668 0.0100771562196314 0.00571559495292604 0.00905402293428779 0.0212162575684488 0.0111290961038321 0.00521983874496073 0.0175507994368672 0.0416687149554491 0.0939630165696144 0.0130663456395268 0.0406450968235731 0.0264484407380223 0.0452951718121767 0.0367752183228731 0.024108637496829 0.0203156685456634
0.0305342754349113 0.0748654115945101 0.0199619300663471 0.0231677049770951 0.0252182859927416 0.018836747854948 0.0209938194602728 0.0189670151099563 0.020005283690989 0.0142728229053319 0.00734429387375712 0.0053061509039253 0.00906327273696661 0.0207531206309795 0.0196940191090107 0.0193826102651656 0.0428506698459387 0.0205425400286913 0.0316540090367198 0.0205791957676411 0.018200799357146 0.0242722081020474 0.0165773498825729 0.013652625028044 0.0970087729394436 0.0423377010971308 0.00946912080980837 0.00675409897230566 0.0129561598412693 0.00995239415206015 0.00899810837581754 0.00807001916691661 0.00797522305510938 0.00665532569400966 0.0120010394603014 0.00907970345579088 0.00606382461264729 0.00611972413025796 0.00352554171113297 0.0139494936447591 0.00702650295570493 0.0213633593171835 0.0223249040544033 0.0179709759540856 0.0553675901144743 0.0292226227000356
0.0330065462738276 0.0316057270392776 0.0551217801868916 0.0488505430519581 0.0142566398717463 0.00751920333132148 0.0123477788642049 0.0185238109901547 0.0177913402207196 0.017952695954591 0.0260999128222466 0.0269208580255508 0.0111094638705254 0.0400986861437559 0.0342283092439175 0.0223063888028264 0.0208377776667476 0.0264950329437852 0.0189531516283751 0.0217944478616118 0.037478668987751 0.0192156625911593 0.019138696230948 0.0169462839141488 0.0143997777719051 0.00588182504288852 0.00566267473623157 0.0226517822593451 0.042713400349021 0.041173829883337 0.0530233882367611 0.039489915035665 0.0196649553254247 0.0207118757069111 0.0141211294569075 0.0111994219012558 0.0144489383324981 0.0145852042827755 0.0253638645634055 0.00264821108430624 0.00809421357698739 0.0102814943529665 0.0172559353522956 0.0162062083370984 0.0169775040820241 0.0320485761389136
0.0448325600475073 0.0257051967084408 0.0732035517692566 0.0613715127110481 0.0243252852931619 0.00952099105343223 0.0287469360977411 0.0336861977353692 0.0267991747707129 0.0828737646341324 0.0254378085955977 0.0181864539161324 0.0305813889950514 0.0519586779177189 0.0224408071488142 0.0194159120321274 0.0128281694836915 0.0164728131145239 0.0198079640045762 0.0202049218118191 0.0222147718071938 0.0205708341673017 0.0133050496689975 0.0343017784878612 0.0107001417316496 0.025052382517606 0.0197708102874458 0.021382100880146 0.0283984975889325 0.0419854957610369 0.055646812543273 0.0243122488260269 0.0216732524335384 0.0491963252425194 0.0288407206535339 0.0182435854338109 0.0207780284807086 0.0388208717107773 0.0448547653853893 0.0294610515236855 0.0394773975014687 0.0299496049061418 0.0219830475747585 0.00512422889005393 0.00677063688635826 0.0144233850762248
0.0544407095760107 0.0455713395029306 0.0677080783993006 0.014815550390631 0.0119251591153443 0.0112317824270576 0.0255967956036329 0.0344798253849149 0.0254458077251911 0.0331709483638406 0.0172940833494067 0.0195364978164434 0.0206538300961256 0.0205764357000589 0.012314118584618 0.0139376524835825 0.0193228453397751 0.0232846133410931 0.0199384847655892 0.0351960113272071 0.0255172664299607 0.0194891782477498 0.018097136542201 0.044131713733077 0.0127731472253799 0.0189932292327285 0.0307094609364867 0.0298733280971646 0.0223133398219943 0.0232185484841466 0.0209202464669943 0.0219043185934424 0.0179158976301551 0.0250349961221218 0.0176837299950421 0.0135494021698833 0.0120889436453581 0.0162537455558777 0.0154150144197047 0.0160509353503585 0.0140244072303176 0.0370185138657689 0.0513705411925912 0.0728644371032715 0.0155037547461689 0.0181680899113417
0.0745065502822399 0.0158730743452907 0.0428410988301039 0.0208168621174991 0.0174943991005421 0.00965741267427802 0.0112163347192109 0.0206452652812004 0.0345782920718193 0.012311967741698 0.0189257005229592 0.0206469153985381 0.0193804044276476 0.0142680941149592 0.019743986800313 0.0202204240486026 0.0206800075247884 0.0209758842363954 0.020442147180438 0.0222896430641413 0.0351368309929967 0.0142641736194491 0.0451273154467344 0.105381831526756 0.033621390722692 0.0229782296344638 0.0226516423746943 0.0219354437664151 0.0215485572814941 0.0350995168089867 0.0343621995300055 0.0204612584784627 0.02073755543679 0.0191933806985617 0.0182973151095212 0.0184551859274507 0.0122333829291165 0.0175781756639481 0.016986776702106 0.0147110456600785 0.017174291331321 0.0159860683605075 0.0166060634888709 0.0172527474351227 0.0305648077279329 0.0593297965824604
