Maxent_result_files_2/B_lapidarius_2.asc
NCOLS 594 
NROWS 330 
XLLCORNER -15 
YLLCORNER 23 
CELLSIZE 0.166666666666667 
NODATA_value -9999 
[rows 280 to 299 of 330, columns 460 to 505 of 594]
7.49472404137919e-09 6.76350211392673e-09 3.34629699505484e-09 1.94606802894626e-09 1.54062474999606e-09 1.50158964151714e-09 1.68159486335639e-09 2.07605310720282e-09 2.85508218178521e-09 4.26384720864092e-09 5.69311224829505e-09 6.11646133741317e-09 6.03931822329429e-09 6.48663283087103e-09 6.33624344104078e-09 2.03286369959699e-08 9.25671348461776e-09 1.1827667778519e-08 1.15049308746507e-08 1.0209755885171e-08 8.88545286237275e-09 8.57779345331267e-09 8.66398757182196e-09 9.97683846648556e-09 1.23603742352429e-08 1.48240065556138e-08 1.67116276372781e-08 4.11573585878955e-08 6.65435239355361e-08 1.10202170944262e-07 1.75681823293417e-06 1.43029662353911e-06 7.27336495742747e-07 1.16905885647611e-06 2.9036493856438e-06 6.58783619655878e-06 6.14979721831332e-06 1.19669771265762e-05 1.62842503868887e-05 1.89772762496432e-05 7.57635778427357e-05 0.000104295359778916 0.000305953253700864 0.000211380489781732 0.000101397162507055 2.11383437999757e-05
4.21216659329815e-09 7.4740280631147e-09 9.41921092234565e-09 2.34461929871088e-09 2.16916602457928e-09 2.15533701997117e-09 2.11253208259876e-09 3.02892180226166e-09 4.45825345529727e-09 5.64574815786756e-09 7.45472146235215e-09 7.76293260784655e-09 8.69953655779909e-09 8.37497124983599e-09 7.74055490815329e-09 2.59642188638054e-08 1.0293723962107e-08 1.25159241637363e-08 1.46478489781998e-08 1.15191514993285e-08 1.07797681891952e-08 9.69597104827358e-09 1.11388924750599e-08 1.26235086383986e-08 1.39870195869918e-08 1.63920172546739e-08 1.83704911727034e-08 2.29654556704872e-08 9.10191598535448e-08 1.9694699275874e-07 1.68811518506118e-06 9.44564934002301e-07 3.54848915549155e-06 5.0035867616316e-06 7.37589339223632e-06 3.16500118060503e-05 1.9732186501642e-05 3.55326494172914e-05 6.0041295546398e-05 0.000177324372634757 6.38700399576919e-05 6.75435221637599e-05 0.000132019565353403 0.000340160440828186 6.16656963757123e-05 2.5841491878964e-05
4.84349715890176e-09 4.85179216802578e-09 2.89174882928123e-09 2.94064715911091e-09 3.61600567266862e-09 4.21934340799623e-09 3.82056484227178e-09 5.30992672054253e-09 6.46652635882816e-09 7.29981217695297e-09 1.03241818649735e-08 1.18874480481423e-08 1.03808617701873e-08 9.26682632851339e-09 1.4721903252024e-08 1.45569106546617e-08 1.12790964124088e-08 1.42055440299771e-08 1.70012163458466e-08 1.2935814730497e-08 1.12953155273487e-08 9.81080048312322e-09 1.20189771912749e-08 1.29469114096281e-08 1.49623597955895e-08 2.02980407593145e-08 2.68630335753528e-08 4.296103561785e-08 1.81411597566239e-07 5.40677611127194e-07 9.10288088107336e-07 8.06730097338004e-06 1.00857796496712e-05 3.01224649774667e-05 2.27996871217329e-05 5.16330173923052e-05 6.01581443333998e-05 6.99208438163623e-05 8.46034537971718e-05 3.99019023461733e-05 8.78112910868367e-05 6.24146776317502e-05 4.09916512580821e-05 2.84854394521972e-05 1.07930477952323e-05 3.50898171745939e-05
5.44668339319543e-09 3.82292180134414e-09 3.07111062136656e-09 3.5907841811067e-09 6.25238714135889e-09 7.03565503634707e-09 8.75854437865087e-09 9.20437712714772e-09 9.294025504758e-09 1.02173590033061e-08 9.96316371626449e-09 1.23913765914807e-08 1.2595686715855e-08 1.02671931401233e-08 3.31034440748113e-08 8.65865472654548e-09 1.25741122403156e-08 1.44087726194897e-08 1.28253430098368e-08 1.11422100879111e-08 1.00854309792453e-08 9.55579864125866e-09 1.03040005861033e-08 1.04713325566053e-08 1.36571394637741e-08 1.9619055180442e-08 3.04203419787541e-08 6.85495528784941e-08 1.48846373093647e-07 3.70824140816239e-07 2.82108942428749e-06 2.42124139049338e-06 6.21116969341529e-06 5.6972641914399e-06 5.38514339496032e-05 9.65019928116817e-05 2.19046152778901e-05 3.39775146130705e-05 5.78031122131506e-05 6.13848262219108e-05 1.46975539792038e-05 1.06534510450729e-05 1.28419068460062e-05 2.9311170692381e-05 3.8914892320463e-05 4.43034175987123e-05
5.28500976315627e-09 5.68484419538606e-09 4.78635697742646e-09 6.0777364474518e-09 6.40244059990636e-09 6.09601378265268e-09 1.00404070835225e-08 1.16456260634834e-08 1.14757147340327e-08 1.07118335535006e-08 1.01285241527194e-08 1.76403530005587e-08 4.87165825902025e-08 2.50135883561597e-08 2.10270699518844e-08 1.00148425996593e-08 1.48140626876625e-08 1.3715338464948e-08 1.05021940033367e-08 9.1302987392794e-09 8.56109041436071e-09 9.12708641997995e-09 9.35923649691972e-09 9.53064791531233e-09 1.17867360316382e-08 1.58628727930932e-08 2.88435389350639e-08 4.04739196824266e-08 2.86080832267999e-07 1.31279450101829e-06 1.0171555402394e-06 2.02813554324166e-06 3.67076361271756e-06 6.05011546213063e-05 5.74791791223106e-05 0.000235714448353974 0.000622623326489702 0.000417461431061383 0.000281020540569443 0.00013587996509159 0.000122636656305986 0.000112065723806154 8.44743230118183e-05 5.31209821929224e-05 3.09646796267771e-05 2.14093860449793e-05
6.63795485245089e-09 9.46103182464242e-09 8.87015145778491e-09 5.75177834249985e-09 4.7379454137797e-09 5.9115283113087e-09 1.00201059005656e-08 1.26516249032704e-08 1.14853785149194e-08 9.36801405337917e-09 9.34873805036318e-09 1.36045810172902e-08 8.96453880017134e-09 9.25182375155487e-09 9.23288476784023e-09 1.22344997244284e-08 1.51368922729489e-08 1.32094390536963e-08 1.06870562621708e-08 1.02118299594167e-08 8.55792317011606e-09 7.62777907503676e-09 7.63864691499805e-09 7.14523185063598e-09 8.34093758506071e-09 1.13922486111306e-08 2.12112840181078e-08 6.682824356119e-08 1.63524251206582e-07 4.92394192974643e-07 6.6332981987216e-07 2.04882201160217e-06 2.74739846645389e-05 3.98866659452324e-05 0.000136189784461749 0.000515975162852556 0.000596264281193726 0.00140971257933415 0.000854566742782481 9.31280192162376e-05 8.5215501167113e-05 0.000164638820569962 2.08337786716584e-05 6.28224256615795e-06 8.32374021229043e-06 9.28043341446028e-06
5.58443753462257e-09 9.39429409818615e-09 9.00170875617334e-09 9.20517471136861e-09 6.05389176566717e-09 6.33721550791222e-09 1.01811371777671e-08 1.08544159438395e-08 1.05664686778084e-08 1.06856601345129e-08 1.36924265703442e-08 1.79436274727607e-08 1.70853346581623e-08 1.30491088157214e-08 1.33055068296528e-08 1.77947449664373e-08 1.41304978384937e-08 1.22310943595494e-08 9.89167729947837e-09 9.61342019323297e-09 7.3380214793417e-09 6.38061439239834e-09 6.15459336827939e-09 5.40599272014219e-09 6.09577199828237e-09 8.6013489664083e-09 1.53072560848955e-08 5.63782972307081e-08 1.54524693840585e-07 2.24711774166053e-07 2.38218276535918e-06 7.33753738586529e-06 0.00011816546866612 0.000224385884939693 0.000127925493507064 0.00010762738311314 0.000505006563616916 0.0018696435901802 0.00237536674831063 0.000312285835389048 5.13166305609047e-05 1.77485869244265e-05 1.19342470043193e-05 8.05746894911863e-06 4.22899396426146e-06 4.27949703407648e-06
5.02977788308101e-09 6.63685955082371e-09 7.25526820843925e-09 6.33942622840777e-09 6.28077432285323e-09 9.15313540517104e-09 1.2492878775916e-08 1.2349618616625e-08 1.10008388176652e-08 1.37987441917176e-08 1.9028809106203e-08 2.74812103739919e-08 2.77368748413664e-08 2.12570007818158e-08 1.86831323745196e-08 1.85750600678602e-08 1.27167762098424e-08 1.08338106041828e-08 8.91659608370787e-09 8.21072783097065e-09 6.86649275216666e-09 5.65055480183929e-09 4.98816932203994e-09 4.63827041219389e-09 4.72267582818375e-09 6.62819596985997e-09 1.29233222345704e-08 6.92262240420405e-08 1.50078069083293e-07 1.86987463735022e-07 2.96099213983325e-06 8.29900363896741e-05 0.000192005024291575 0.000219383629155345 6.30907054073759e-05 8.33796370898199e-06 5.85180882808345e-06 1.00463502803905e-05 3.93919382986496e-05 0.000242214580066502 6.56836935377214e-05 8.21527876269101e-06 2.12726698123333e-06 2.25648585683302e-06 3.10005373194144e-06 3.28734702179645e-06
5.25880905488663e-09 5.12382563044866e-09 4.801258102205e-09 5.08140920452149e-09 5.52674865872405e-09 5.41280567034619e-09 6.33914545300485e-09 9.8038774432041e-09 1.29129616333046e-08 2.01794223109175e-08 2.95704941422059e-08 4.36999048503139e-08 4.35389457820179e-08 3.25288260327739e-08 2.75129565352472e-08 1.85109612971246e-08 1.3417674171734e-08 1.20380143631138e-08 1.06236206942611e-08 8.44930747589956e-09 7.11893282101528e-09 5.47537153394728e-09 4.76857411335629e-09 3.99926138872075e-09 3.57204061884886e-09 4.31129667521901e-09 1.58203143030278e-08 7.23904907573569e-08 9.79230588171731e-08 1.61309107937768e-07 4.86097037821764e-07 8.60599989209732e-06 2.42330350374687e-05 4.9068115731643e-05 3.28790332787321e-05 4.7566465809723e-06 3.43172837347083e-07 4.55518160435986e-07 6.08997194717631e-07 1.26497343899246e-05 1.02183191756922e-05 2.74617625564133e-06 1.96481147440863e-06 6.20396644990251e-06 5.87384447499062e-06 1.3871181408831e-05
8.24348673766906e-09 7.59154890062064e-09 5.61437245583107e-09 5.56498787052107e-09 5.47843848064389e-09 5.6493425493187e-09 8.66831544321656e-09 1.55071422369701e-08 1.98651656013737e-08 2.94253212018702e-08 5.29679420324669e-08 5.76731704171607e-08 5.2194189770205e-08 4.13520188757843e-08 5.07229358959194e-08 3.9620131708773e-08 1.83487392391157e-08 1.86893232445584e-08 1.41309458356886e-08 1.91803027682624e-08 7.28331506216762e-09 5.40348792377188e-09 4.80384318990446e-09 3.6184622964619e-09 3.50467674881116e-09 3.68786698956569e-09 1.53806116287569e-08 3.83513047097495e-08 7.15601391476639e-08 4.9160362323164e-07 8.86166066038641e-07 1.51273376104655e-05 4.13997795476462e-05 1.41012195854273e-05 2.08378699539935e-07 4.25177876195448e-07 1.05983046694291e-07 6.15107119017466e-08 1.32526907847819e-07 1.70890260164924e-07 1.81056214501041e-06 2.97487498528426e-06 3.30006184867671e-06 3.30044636029925e-06 2.8321440822765e-06 2.53933008025342e-06
4.4761734763199e-09 6.2997634220352e-09 7.22206372483214e-09 7.26322681998681e-09 7.47929562727734e-09 9.77759282427826e-09 1.35617417740264e-08 2.42525842963914e-08 3.18308666535927e-08 4.40847186311544e-08 7.17694945251424e-08 7.05189815874974e-08 6.8702023625633e-08 9.68649061405813e-08 8.40491548359523e-08 8.96971034336502e-08 4.08388077133281e-08 2.68882249798708e-08 2.44281885386499e-08 2.06085670306777e-08 8.35657965048142e-09 6.53111438264631e-09 4.35139484444846e-09 3.66025678655291e-09 3.67165098325017e-09 3.50175111130113e-09 1.4471539566685e-08 3.44289530218589e-08 5.56072588864254e-08 1.15852966757757e-06 7.57793611683155e-06 3.25775207784318e-05 5.47730996913742e-05 1.21241407214256e-05 4.07781323019663e-07 7.71345010974755e-08 9.98930236306705e-09 4.61418077080111e-08 2.45285409761209e-08 7.36213067398239e-08 4.75349801831726e-07 1.36352417143826e-06 1.49879315927137e-06 1.08658502711023e-06 6.25965523681771e-07 1.04591049705505e-06
5.59552923995454e-09 8.53379273912935e-09 1.53380213419041e-08 1.83514209162183e-08 1.98688478114661e-08 2.42566039254655e-08 3.14568039172514e-08 3.43051173246067e-08 4.03020742112403e-08 4.8076328340585e-08 1.27012665984694e-07 1.66994691852551e-07 1.73022288407765e-07 1.87279039209898e-07 1.483935733404e-07 8.23881737943566e-08 3.36002653256173e-08 4.39561739895566e-08 2.14333482517759e-08 1.33183007733351e-08 1.00672969516324e-08 6.8428931410125e-09 4.58544733294985e-09 4.20487755725674e-09 3.89945367107458e-09 4.75462382798497e-09 1.66437575721545e-08 6.65986444658984e-08 5.99361226250039e-07 1.59636600187696e-06 9.6578744432918e-06 6.92016172251897e-05 3.11214265821036e-05 4.04840324335964e-05 1.44543822671039e-06 3.67786382682311e-08 5.09762700939831e-09 3.90679278927664e-09 4.49614263597908e-09 1.15128258926234e-08 6.42457262500784e-08 2.61245678956357e-07 6.85540925360328e-07 5.66824751047079e-07 3.63750102394533e-07 5.7334049046176e-07
1.84427019433997e-08 2.21819349555119e-08 3.18725485115579e-08 3.54101464594692e-08 4.20170016113275e-08 7.76895127785338e-08 1.08374506169184e-07 6.08211013997106e-08 4.50360362336255e-08 6.09447479149594e-08 9.7402046606021e-08 3.94233833134194e-08 8.76364172341937e-08 1.04387801513894e-07 7.28713061448616e-08 9.17314579851336e-08 3.31307942857961e-08 2.86351028222498e-08 1.88112358578962e-08 1.38743041944167e-08 1.17228861284957e-08 9.32864283598178e-09 6.24699687534758e-09 5.58296064934183e-09 6.2543677348259e-09 1.06795579934982e-08 5.44917686085e-08 5.37541158251997e-08 1.16642670491274e-06 4.74014716473903e-06 1.21799417684088e-05 4.7134535634541e-05 2.45050505327526e-05 5.49083208170487e-05 4.66623372119557e-07 5.36858564270659e-09 7.04441496246488e-09 4.54333952681907e-09 3.70085582179769e-09 4.71286634162738e-09 9.12101075556393e-08 2.52183722437849e-07 4.75428507229481e-07 1.68866861116612e-07 2.71733082257697e-07 1.28559182144272e-07
2.56232836726156e-08 2.66662733672263e-08 3.23482762354388e-08 4.14096325229707e-08 4.16160032656876e-08 3.7100944361157e-08 4.69813564052401e-08 2.03328242243117e-08 1.97055840089888e-08 3.55219070158341e-08 4.29801987777978e-08 2.43658964116378e-08 2.70577210415013e-08 3.18648659458631e-08 3.61097930223764e-08 3.98440736404382e-08 3.71433440449209e-08 3.60307302216256e-08 2.69586437617875e-08 2.03661951303502e-08 1.64283012971111e-08 1.36446645981891e-08 1.19096671635788e-08 1.26332150518493e-08 1.78020092889142e-08 3.36850254356591e-08 8.85654046101081e-08 9.82861925535872e-07 1.0137402256305e-06 7.92824268955883e-06 0.000159264190733666 9.13944571948377e-05 3.09355122226407e-05 2.25765490540653e-05 8.16017898586097e-08 2.23518433761782e-09 1.06637926045039e-08 4.16510039791262e-09 5.00903143407783e-09 4.58757511978547e-09 1.40085450794913e-08 4.81898775106515e-08 3.98623102526585e-08 3.04784153470905e-08 5.14039786736475e-08 1.08056513781207e-07
1.44112504152361e-08 1.27485642043013e-08 1.43797038276716e-08 1.74410158315652e-08 1.54473110747233e-08 1.46648098109381e-08 8.9022206495315e-09 5.35942838997272e-09 7.0219570158514e-09 1.72867350656247e-08 2.55221649148041e-08 2.49547076336398e-08 2.39102146970538e-08 2.0661596256133e-08 2.40704132181691e-08 2.50802326462463e-08 2.73087097824032e-08 2.74366544594784e-08 2.67699336475857e-08 2.84703251196561e-08 4.98834191731135e-08 4.78986557084227e-08 2.90274122960454e-08 2.17259642276701e-08 2.63687891965958e-08 8.34204819000206e-08 1.98307347432092e-07 1.10082145283741e-06 1.48551926031359e-06 1.84064396307804e-05 0.000174400690593757 4.35231982919504e-05 1.03272141586785e-05 3.23995234339236e-06 2.17021909776349e-08 1.56758059866036e-09 3.79440022735267e-09 2.9618524743924e-09 5.19137333121478e-09 3.59193110810452e-09 5.43659619545167e-09 1.2308999997046e-08 5.06275695144609e-08 4.58235462019729e-08 2.79021023175119e-08 1.99652890664481e-08
1.07379994673806e-08 1.13886391872597e-08 1.07350731415323e-08 1.08334376136554e-08 1.02381316757771e-08 8.63506088855104e-09 5.79353143237427e-09 4.04187110447651e-09 3.10331849107115e-09 5.95780400569623e-09 1.74999903457262e-08 1.81177948199718e-08 1.23864532408646e-08 1.28335753135644e-08 1.57476647721921e-08 2.57746687992721e-08 2.80072985248125e-08 3.20201950287924e-08 4.76355586087607e-08 7.92575058028433e-08 1.19275516397011e-07 1.64138287317428e-07 3.31171145617759e-08 3.34597846318729e-08 4.5778209312175e-08 1.94372623951722e-07 4.95886347096075e-07 9.88378653232758e-07 2.04554710308003e-06 3.55643060174771e-05 3.1562813455821e-05 5.02093504110235e-05 2.54825526099012e-05 9.0659807767679e-07 2.32834085345246e-09 2.13720998676337e-09 1.57032712388983e-09 2.25999370329077e-09 2.85631003293929e-09 8.08158648890611e-09 4.41817004093181e-09 4.3108101310807e-09 5.25751147062437e-09 9.77743686014776e-09 9.89312685106825e-09 7.96764658694826e-09
7.15179899746232e-09 9.20574283469477e-09 8.00479909024432e-09 6.75066833544236e-09 6.93425523667912e-09 5.04310329052515e-09 4.13064418225417e-09 2.56571317525101e-09 2.20244310566997e-09 4.03518185532192e-09 8.53142136936214e-09 1.00002916614272e-08 7.69786510090853e-09 1.27322858922696e-08 2.66118354907974e-08 5.93243406399324e-08 6.10304038417553e-08 4.93059028272569e-08 5.37003710832096e-08 5.45610106428285e-08 3.85302117322794e-08 3.67928315370136e-08 7.30658516800986e-08 6.15503722656285e-08 1.04362662511903e-07 3.82910636176348e-07 5.93147672134364e-07 1.47212426782062e-06 1.22163967262168e-05 0.000157739332644269 1.80932367584319e-05 5.19599538165494e-05 1.05454320419085e-05 1.53082086740142e-07 2.47424095656257e-09 1.82704207318807e-09 1.47774041892035e-09 3.36795621391772e-09 9.54425463106645e-09 4.84691762281386e-08 5.51852847863188e-08 2.99805432035782e-08 7.1057094430671e-09 7.55124651696804e-09 5.56548929164791e-09 4.8829042587073e-09
6.236757883471e-08 1.10903651595606e-08 7.02540843278143e-09 6.61476402541439e-09 4.17753636128282e-09 4.03248363589626e-09 3.02841404176135e-09 2.90845185713096e-09 2.65641882934986e-09 3.02274801855518e-09 4.40178725691354e-09 5.96903309002528e-09 7.79696018859966e-09 1.39179430647118e-08 2.87323372205606e-08 2.98228246542465e-08 2.75554916662202e-08 2.63573681102969e-08 2.77502658185824e-08 2.90589370344208e-08 3.73283240762134e-08 4.59242858852349e-08 6.71105588878618e-08 9.20934418502384e-08 2.3093732295365e-07 8.89649453483798e-07 8.59727572333213e-07 3.09199656385317e-06 1.79071853381174e-05 7.17499799520738e-06 8.46826146698731e-06 1.90393212506024e-05 5.05734283251513e-06 1.20914839030206e-07 3.19204166432385e-09 1.17771625784968e-09 3.00213726101006e-09 3.22769511562626e-08 5.88018686187297e-08 4.84949566725845e-08 5.48032566882739e-08 5.88587722560874e-08 5.20169551876393e-08 2.82446525723401e-08 2.71717353506062e-08 1.69886799739061e-08
6.53208027756591e-07 9.44774626532308e-08 1.77068543827374e-08 9.842535719784e-09 3.6094615851745e-09 2.22406357774929e-09 1.97614288266479e-09 2.63077671869283e-09 3.51662018394094e-09 4.43129155591748e-09 3.72548508709158e-09 5.03574346666369e-09 6.7608506348904e-09 7.80742916983712e-09 1.05819614404368e-08 1.29358630918119e-08 1.68122048727071e-08 2.17040716954386e-08 2.90562956806184e-08 3.68004913653408e-08 5.44622974274489e-08 5.91482963940848e-08 8.67606146925937e-08 2.08552140890106e-07 5.2191439294802e-07 7.47110297538711e-07 1.28903849372364e-06 1.11345188543055e-05 1.65820904840075e-05 1.32041059259791e-05 2.08980246497958e-05 1.12989277113229e-05 3.89224337595806e-06 4.25074998133823e-07 5.41442450874285e-09 3.21193520669283e-09 1.41595385194648e-08 3.1642165509993e-08 2.44521244141538e-08 2.81754899855713e-08 6.1589702404774e-08 5.10286504606938e-08 2.48144432113406e-08 2.52384577237308e-08 2.53904868685595e-08 3.63550604731699e-08
9.12001274855356e-07 1.73594680319411e-07 9.77991863493344e-08 2.0014546731062e-08 8.43244944981336e-09 4.33370379582243e-09 2.53598033683744e-09 3.18001449617356e-09 5.77973597870596e-09 5.90025066582456e-09 3.99254175276198e-09 5.16604623523875e-09 5.84094161926174e-09 8.17075527237421e-09 8.59351527715546e-09 1.35434651049593e-08 1.73354413490756e-08 2.65625438089501e-08 3.64985288214825e-08 4.37785461215867e-08 6.47336863224268e-08 9.58889170732391e-08 1.92586536229555e-07 6.38793116536362e-07 1.07899676322631e-06 5.10547240537562e-06 2.46608344696142e-06 1.16126269858796e-05 1.01483413345704e-05 1.80019417712174e-05 6.50746519568202e-06 5.66735325264744e-06 1.35887321448536e-06 5.1767202648989e-07 2.74735821648164e-08 4.86355993256637e-09 1.62260533009828e-08 3.51298929501809e-08 3.42652912266317e-08 2.79946118286745e-08 3.70745666167238e-08 2.44679394967307e-08 2.77151835703648e-08 2.12918065400913e-08 4.80992021323345e-08 2.63955167945085e-08
