Maxent_result_files_2/B_lapponicus_3.asc
NCOLS 594 
NROWS 330 
XLLCORNER -15 
YLLCORNER 23 
CELLSIZE 0.166666666666667 
NODATA_value -9999 
[rows 192 to 215 of 330, columns 162 to 215 of 594]
5.04519308897056e-07 1.65117513151847e-05 4.34772470470079e-08 5.21322927937717e-08 5.70921708131777e-08 6.70801600932691e-08 2.84340194423027e-07 2.79847270701072e-07 1.84897763955139e-07 4.14265640035882e-05 0.000351687445081705 2.74297311320781e-05 0.000827910502082407 4.23076491648966e-05 2.25519950731723e-06 0.000122661059552664 1.84408637093902e-06 9.18354598693494e-06 1.40911105678265e-06 8.290085076057e-06 5.1052740457358e-07 9.51842471019759e-07 3.93376365582787e-06 1.70537860761932e-06 1.42569909949986e-06 8.23741563715785e-07 5.10375654747541e-06 2.5877519858053e-07 1.25062402412945e-06 7.55366755478271e-08 1.09291587887528e-06 3.97004151131419e-07 4.59051051393544e-08 4.55108159358453e-07 4.0220011617853e-07 2.91905545857229e-07 9.20333956566655e-06 6.50656640721614e-07 4.35996057479571e-08 6.96461754268185e-08 6.23513906905515e-07 9.46829881854905e-06 4.25672517789799e-08 4.40378379207296e-08 4.10082368174081e-08 3.81793395232144e-08 3.46347182156315e-08 3.31007051213028e-08 3.76678853664103e-09 3.05747711593085e-08 4.95807888079014e-09 4.33504090402437e-09 2.94535379197214e-08 3.17835105789754e-08
1.79781558589109e-06 3.80693934154408e-08 1.82074601173809e-08 2.24045515473392e-08 2.78630504890742e-08 2.00157000307399e-08 1.12363393256487e-08 -9999 1.95847178474651e-09 -9999 2.47529596899554e-06 4.13434529493717e-06 1.14867872159308e-05 3.18276599601486e-05 1.34894471428892e-05 0.000120172839717547 3.46860713007491e-06 1.07779890949899e-06 4.41146348895138e-08 6.71469684754289e-06 0.000500338211911977 1.20580773465551e-05 5.61459119918784e-07 3.71278304345246e-07 6.47820608842276e-06 1.26658550764214e-06 4.77391020914375e-07 1.62306569850834e-07 3.593910693378e-07 3.22494697069242e-07 4.57976475631838e-08 9.60766391411294e-07 1.8434812655288e-06 7.67878714802439e-07 1.04235954423437e-07 1.8354930082809e-05 1.93878089060906e-07 3.84956127014169e-06 3.2320671289332e-07 1.52702692208795e-06 3.37619874157813e-05 2.36887679472275e-08 5.73792295649467e-06 5.12058321189279e-08 5.00545681458853e-08 7.06460571153755e-09 4.12823805473472e-08 3.61227016409948e-08 5.79984815729517e-09 2.96099877061806e-08 4.65490348489084e-09 2.73013977647452e-08 3.17984731879051e-08 3.54657789358726e-08
1.48388355825091e-08 5.03386049288679e-08 2.5656500035609e-09 6.82049439149068e-09 1.08511541085932e-08 -9999 -9999 -9999 -9999 -9999 1.57264571498672e-07 2.05926564689207e-08 2.38873041020993e-05 4.17071582481388e-07 3.87257962274346e-06 3.58959358977784e-05 5.71028546140218e-06 3.87694216676948e-06 0.000106488437330809 4.1743961454177e-08 1.15046369713268e-05 2.29098548343298e-07 2.43149848992985e-06 2.7307906009133e-06 9.20150035046419e-06 3.73745259351077e-06 1.24375928278742e-07 2.17131079438548e-07 2.8172318621511e-06 1.6862545731966e-07 1.58822666784797e-06 1.4905643691554e-07 0.000394139983326447 0.0015245477296105 1.95270075658671e-05 5.25334245160547e-07 1.47505814496185e-07 2.41639547737815e-07 1.00313026503152e-06 5.3095159523453e-06 1.51134660432928e-05 1.04971708914103e-07 3.91176024716611e-07 2.99039033535564e-08 8.33460617188919e-09 9.9093425021124e-09 4.83279350871335e-08 4.44070391236728e-08 0 3.556195872223e-08 3.30084503730177e-08 3.72063531983713e-08 3.90271878925041e-08 4.57197209979832e-08
1.76526006034905e-09 -9999 -9999 -9999 -9999 -9999 -9999 -9999 -9999 8.36443553176025e-07 6.74545917422886e-07 2.07415160972113e-06 1.19958553810307e-06 4.28115759927294e-06 1.70800433790252e-05 5.22428402923492e-05 2.82123529484757e-06 1.41467055646771e-05 1.88753417835197e-05 0.000145826923345904 3.16843107828202e-07 3.03731431783305e-08 4.02321743342426e-07 5.3999483965117e-06 3.06946383323847e-06 3.80714647252312e-08 2.41417717594672e-07 2.66800330078754e-06 1.9117890634246e-06 3.81199442567315e-08 2.14047861528677e-06 2.51697435008413e-05 0.000201136921566836 7.52039213003375e-07 1.50787097807914e-07 1.72743118188601e-06 1.09532758729713e-06 1.09581544651682e-06 8.41485070735004e-07 1.71977609909946e-05 8.18032496461285e-06 1.83311712299572e-06 3.5321717949699e-05 6.55978542862812e-07 6.21055669225434e-08 5.82434225404604e-08 6.34051609549324e-08 6.05413781440411e-08 4.91122875811989e-08 1.11482131681662e-07 2.35054393726841e-09 5.95984583906528e-10 0 5.40106754098879e-08
1.51085762789549e-09 -9999 -9999 -9999 -9999 -9999 -9999 -9999 -9999 -9999 2.12500456570064e-06 1.26050242577058e-08 1.23364350746558e-05 1.78652776018251e-05 -9999 1.30779214685406e-06 1.72418546401376e-06 1.40546157495147e-05 1.52685200435876e-05 6.79532022871299e-05 0.000201509562898405 2.13068570024122e-06 1.5803663783176e-07 1.3047378236708e-07 1.2619919562129e-05 3.15535933186339e-06 1.79770227078713e-05 2.55839175644645e-07 3.57446221277424e-07 1.20180618857768e-06 2.80518995672274e-06 3.85416891590662e-07 3.94175916906825e-08 5.08828883594159e-07 8.42235726383755e-08 1.01619779913076e-07 6.87888455974672e-07 6.03476876614995e-07 6.01746675497061e-06 3.12191557668706e-06 2.89876035118875e-06 8.61979788986389e-06 3.08362638963944e-05 9.51415183878868e-05 3.17722521991914e-06 9.55587274853453e-07 3.93776242879618e-07 2.2830549999231e-05 1.24549047519906e-08 6.37903511790938e-08 3.99570976306052e-09 8.90888636151388e-07 3.20074908799484e-09 3.73825383981341e-09
2.93901152303988e-09 5.07051711728934e-09 -9999 -9999 -9999 -9999 -9999 -9999 -9999 -9999 0.000275152668746792 3.38411837297325e-07 9.54576673239948e-07 -9999 -9999 2.44041368402392e-07 -9999 2.07212171030591e-05 0.00218061811139023 1.78727018678382e-05 1.83078947136317e-05 2.4768175247103e-06 3.23547238878508e-07 7.14106413406412e-06 1.55968688020369e-07 2.89080550187615e-05 2.99070373910304e-08 2.00298026720169e-07 1.89507700643077e-07 3.14971098597239e-06 4.86419958656281e-07 6.84902465897252e-07 2.27822541006839e-06 7.82357544859558e-08 1.12163430200374e-06 2.92658400380397e-07 9.3715871363198e-08 1.6302890078812e-06 2.50178900418341e-07 3.27055375978214e-06 1.73289384003406e-06 4.89004310488816e-08 6.97327503328404e-06 1.17296864975525e-05 1.35694518526019e-06 4.38979236183634e-07 3.4501246670704e-08 1.98187213495959e-07 1.85574471456285e-08 3.73054682367702e-08 6.55448787134638e-08 1.34307699184433e-08 1.37292882951279e-08 4.79973558009661e-08
3.36534913270015e-09 1.9893546365779e-09 6.43991615589812e-10 -9999 -9999 -9999 -9999 -9999 -9999 -9999 -9999 3.49454823433959e-07 -9999 -9999 7.25927357748457e-05 -9999 -9999 0.000185446630304753 0.000204695136249455 5.39137935078315e-06 1.94817625939536e-05 1.554605158679e-05 3.86215767800291e-07 8.86414250889089e-08 2.69293617849442e-08 9.88475492014196e-08 1.04901388986445e-07 2.15567405349448e-06 8.27457569241297e-08 1.18457784437087e-07 1.53526579804719e-07 1.0147974828234e-07 3.65753539388614e-07 3.57883791268776e-08 5.58458658872496e-08 3.79478567088531e-06 4.35062864367897e-07 5.98574072140368e-06 6.23598413207471e-06 8.40826092821656e-06 1.08422404938691e-05 1.14071332722898e-05 3.29043231028781e-06 8.35883856931119e-07 2.63107153875009e-07 2.32584753234732e-08 3.2496422923689e-06 1.26244580678225e-07 1.97551418890107e-08 5.98607869162215e-08 9.21959076849443e-07 9.67472745139197e-08 1.80648362047009e-08 2.85343731198928e-08
2.51811210771891e-09 3.87718945837889e-10 -9999 -9999 -9999 -9999 -9999 -9999 -9999 -9999 -9999 -9999 -9999 -9999 7.88291334969493e-05 -9999 -9999 0.000984832328019536 9.70183876679798e-05 0.0013823939922446 2.68969410740283e-05 7.74547327750952e-05 3.84000309312071e-05 1.28911879568983e-05 0.000101772893695984 4.2410535876769e-05 1.94670328114155e-06 8.09058186779232e-08 4.92716232369794e-08 2.27093923432786e-07 3.16821323773642e-06 3.87681809954632e-07 9.62262920278789e-07 4.12187730081115e-07 7.89152156710493e-07 8.02229936625043e-07 1.69442927189234e-07 3.00874783842886e-07 1.60375847695016e-05 2.61839679323028e-06 4.4119053961289e-07 5.54210848502379e-06 3.91089093998431e-07 9.82309188879427e-08 1.14113510130132e-07 5.34676147134761e-08 1.65328516391505e-05 1.37896478539234e-06 2.30087372895982e-05 2.4232067522556e-07 1.31495603461484e-06 2.74740557288267e-05 8.27038038053729e-09 4.84641326292667e-08
1.20614374043981e-09 8.97208501937641e-09 -9999 -9999 -9999 -9999 -9999 -9999 -9999 -9999 -9999 -9999 -9999 -9999 -9999 -9999 -9999 -9999 5.85661636302248e-05 0.000148495528367221 4.95394405053418e-07 2.04505692966706e-06 2.18350301381065e-05 5.11368056749895e-05 4.58045593633161e-06 7.69780822359456e-06 1.8619193234537e-06 7.51628888184808e-07 2.04109842806277e-06 1.77016531919261e-06 2.63608288509909e-06 2.6759935770837e-06 5.89373699513285e-06 7.90173903175706e-06 1.03572049214851e-07 2.08677287349968e-07 2.30330522521527e-07 5.86422495008065e-08 9.90108068532614e-08 1.64875590968894e-07 4.44530942356192e-07 3.42039910148362e-06 2.59868149443676e-06 9.2455422025961e-06 4.38287665853743e-06 5.43856808172816e-06 6.03692626743868e-07 9.79886409080422e-07 1.50741794879838e-07 4.57243213292102e-08 3.43526742970779e-06 1.52520570908532e-05 2.08939530943475e-07 4.68902221939516e-08
8.67423626260688e-09 3.43203163311046e-07 -9999 -9999 -9999 -9999 -9999 -9999 -9999 -9999 -9999 -9999 -9999 -9999 -9999 -9999 -9999 -9999 0.0632287645011609 7.61224064355304e-05 2.29847361733704e-05 1.67792434588421e-05 1.25122591011717e-05 1.18389109118766e-05 1.2891863439124e-05 1.49149848862051e-05 1.25703489262108e-07 2.71476888971778e-05 1.81984217801912e-06 3.09142473360335e-06 4.50350233351937e-06 1.80499744439899e-07 2.46949385032114e-06 9.10070569346555e-06 7.26413247791324e-06 7.59522266968737e-08 3.94871743980563e-07 3.33436220911754e-07 1.47563007257823e-08 3.60057289539029e-08 3.42536712261143e-07 4.83130386663699e-07 1.44518011846451e-07 0.000274230562045219 1.10370041209062e-05 9.85651598583992e-07 2.21558866231097e-05 1.25736199601767e-05 2.64437504805981e-05 3.87425005698994e-07 5.96608334102466e-07 7.90296964239268e-06 5.07603992838668e-08 4.14289076045016e-08
5.19254186315266e-08 9.04633958853651e-09 -9999 -9999 -9999 -9999 -9999 -9999 -9999 -9999 -9999 -9999 -9999 -9999 -9999 -9999 -9999 -9999 -9999 1.06850334617992e-06 4.94263481809476e-08 6.06422046194322e-06 4.19580603983061e-07 1.20535074465966e-06 8.03418513739551e-07 8.34902123161285e-06 5.6462808684099e-06 3.1063558204858e-05 8.9619653965034e-06 1.37131700543858e-06 1.53853794094827e-06 5.40791732813739e-06 4.19327718344409e-05 6.36583408075708e-06 1.79799437192152e-06 1.11873750551217e-06 1.58568419184046e-06 2.65520597086955e-07 2.77482797128581e-07 2.84507096870446e-07 3.9803583857112e-05 2.72253600175354e-06 1.53603087730048e-05 9.07215089693825e-05 3.52842727309177e-06 8.37457020521626e-06 1.16907467010541e-05 1.49628058456197e-05 8.41711543786094e-05 1.32549237837121e-05 8.49976256216411e-06 2.17573311656061e-07 3.46825754726776e-07 2.36614516857525e-07
4.44139351452044e-07 2.65651115327614e-08 1.82433158801842e-08 -9999 -9999 -9999 -9999 -9999 -9999 -9999 -9999 -9999 -9999 -9999 -9999 -9999 -9999 -9999 -9999 5.37993106286439e-05 4.23102675417564e-07 2.72302068893282e-08 1.63720440604642e-07 8.49175315065231e-08 2.09629815728363e-08 1.91027046589132e-05 0.000161005400345005 3.71635229027056e-05 8.77054586877479e-06 6.01161239155434e-07 1.08796717939841e-05 2.33045305533253e-05 8.36512051516358e-07 9.35894218662137e-06 4.47854345408949e-07 5.94731353891209e-06 2.17722496809181e-08 3.4823949847107e-07 6.29598702284184e-08 4.06278752551614e-07 3.01889353981899e-06 1.19141359714581e-06 4.62023049668803e-06 2.84569420140879e-05 0.000292697995765079 5.93505211544665e-06 1.32886770084717e-05 5.75919565228844e-06 8.75064849461538e-06 0.000167596551036686 2.23144794255781e-06 4.24819016070499e-06 1.61612450550019e-05 1.89976384523671e-07
2.6391055671926e-07 7.53098815975406e-08 1.81261901044394e-08 1.58550461648588e-08 7.53981034273821e-09 2.87064827464434e-10 -9999 -9999 -9999 -9999 -9999 -9999 -9999 -9999 -9999 -9999 -9999 -9999 -9999 -9999 -9999 1.33788131573276e-07 4.60854238415465e-07 4.67908154178076e-07 2.6580522671793e-08 6.94613650598086e-08 4.98765133116752e-07 6.82803266364829e-05 0.00220803293729617 1.01331114623737e-05 4.46904803057535e-06 2.53309217875808e-06 6.97320856557493e-07 7.20346816129869e-07 3.15742926191298e-06 2.70347681801786e-05 5.28874045879757e-07 7.18855910686322e-08 2.22963859290992e-06 5.36195191682909e-05 6.85256620018171e-05 6.59057182567091e-06 1.47431616117633e-05 6.50077013886197e-08 9.48004157841353e-08 9.11784994084286e-07 1.35560491043574e-07 6.78819739174941e-07 1.18322557768336e-06 9.47017719221677e-07 2.23265407388595e-06 6.42021531471748e-07 2.21067235067762e-06 2.34181497107411e-06
4.64302685798668e-07 1.03511921172084e-05 2.06643107958371e-07 1.49730042586782e-08 2.17061038665367e-07 4.91433663762919e-09 1.27471498245768e-08 -9999 -9999 -9999 -9999 -9999 -9999 -9999 -9999 -9999 -9999 -9999 -9999 -9999 -9999 -9999 1.0135602783734e-06 3.44148190266624e-06 7.45140256630528e-07 4.44509631103429e-08 0.0632138000394139 3.83042283136348e-07 4.23455540599083e-07 0.000109414138501762 5.72006008636716e-07 7.72758116903693e-06 0.000166717654311554 2.05194482267856e-06 6.4649552343754e-07 5.63172961554059e-06 1.41189858959834e-06 9.8584683666525e-07 2.92769583439823e-06 3.14963876324459e-07 1.62482123643004e-05 7.57123681727201e-07 1.27787873035912e-05 2.97052171971401e-08 3.64313962220031e-08 3.29130000420452e-07 5.21003250003593e-06 6.21231481290341e-07 5.26525522059895e-07 4.33377789949008e-06 8.38676599710375e-06 6.51762832687419e-06 9.02414923453776e-07 1.17529001701588e-05
0.000111288357996386 1.55221421891838e-05 3.95281433629657e-05 3.08546290739287e-08 9.98908980420765e-08 4.82538217383421e-08 1.13681715419034e-07 4.45086874023559e-09 9.1026075565992e-10 -9999 -9999 -9999 -9999 -9999 -9999 -9999 -9999 -9999 -9999 -9999 -9999 -9999 -9999 -9999 4.0095979443322e-07 1.53257946589047e-07 1.06170530145278e-08 2.25463210401511e-07 1.05212603085381e-07 4.08933139163348e-05 7.1775739781621e-05 0.000772153445220325 3.59158613989052e-05 0.000582298184294316 6.64104267000809e-07 0.000108142902831787 6.87117381136249e-06 3.16908794467663e-06 4.71963903599937e-06 1.5776326713568e-05 1.50767721487366e-06 4.34665929527345e-06 5.50169540486367e-06 9.55638236164402e-05 2.40027621657424e-06 8.42054383998203e-09 2.99404413669491e-06 9.01279449951886e-06 1.77848218523735e-05 1.00878276695693e-05 0.00089350158777961 6.91994312407296e-07 8.67595740703386e-06 8.41395074279161e-06
3.97792033979272e-08 2.47819861987075e-07 5.11746197018326e-07 5.94616366467182e-07 2.99241594047261e-06 4.34341430377572e-08 3.44942509477031e-06 1.61364128814512e-07 8.40056679773937e-09 8.47997529973554e-09 -9999 -9999 -9999 -9999 -9999 -9999 -9999 -9999 -9999 -9999 -9999 -9999 -9999 -9999 -9999 -9999 -9999 -9999 0.0114159615956107 0.00103749683276622 1.35279003016242e-06 9.05434135334282e-08 0.000115466109537854 9.60123258170853e-05 4.19468951751156e-07 7.48463465509719e-06 5.75018491737467e-06 7.53112393536703e-07 3.27605995638081e-06 3.35738192360768e-06 0.000163006328660231 5.68280178322444e-06 8.97744845079762e-06 2.6440840908748e-06 1.86344289210272e-07 3.38333929117418e-07 2.08259691237833e-06 0.00122177202856584 1.42995617947506e-05 7.76606670235935e-05 5.0113591632206e-06 8.96344534151439e-09 7.03848124202988e-05 9.97512709970394e-06
4.56436275442229e-09 2.04358132283033e-07 2.05255880181276e-08 2.47993081359255e-07 8.1864013923294e-08 2.22874815125618e-07 2.65786520695643e-06 6.09485413249899e-09 8.09888089925437e-09 5.86795494417203e-09 6.7769910572224e-09 -9999 -9999 -9999 -9999 -9999 -9999 -9999 -9999 -9999 -9999 -9999 -9999 -9999 -9999 -9999 -9999 7.61714011521031e-05 -9999 -9999 0.000141963567725545 1.36392897692295e-05 2.23735733606567e-06 4.34358293477377e-07 0.000114997349379231 3.72778678392471e-07 7.93318409753496e-05 8.08201692126254e-07 3.77150585071373e-06 5.47893999610638e-06 6.29459837969026e-05 3.43940289494471e-05 2.67684927265366e-06 1.52967406476856e-05 2.03547636076884e-05 3.37324287404961e-06 4.53591616546012e-06 0.000133982975716318 7.70526754198642e-05 2.75122404896244e-05 9.20543848937916e-06 3.75379132844245e-07 1.07322341174054e-06 1.37259864858463e-05
2.19486858910045e-08 3.68027448516273e-09 1.54937646357212e-07 1.3668125121713e-07 1.47950389060347e-05 4.67149782635845e-06 6.83095599640637e-08 1.14124519612346e-08 1.44593330730913e-07 7.53964028987753e-09 9.10617969918093e-10 -9999 -9999 -9999 -9999 -9999 -9999 -9999 -9999 -9999 -9999 -9999 -9999 -9999 -9999 -9999 -9999 -9999 -9999 -9999 -9999 -9999 2.22524675395408e-05 7.87155852333132e-07 3.19498080614267e-07 1.81400051838532e-06 0.000130579200255898 0.000353558306650825 0.00150021476453226 0.00014551661021347 8.38238872312047e-05 0.00018782550151073 2.22011875239403e-06 1.67719541260714e-05 1.14628983379106e-05 2.6222213755378e-05 2.88873116904842e-07 5.99311029055305e-05 3.17935905612687e-06 1.55609925325262e-06 4.99247777840939e-07 7.51169797719164e-07 3.41752046328914e-08 3.21605180020335e-07
1.00771455924242e-07 1.05927631488534e-07 2.20122331362482e-08 2.71292304920845e-07 6.02099107788301e-05 3.00026415635757e-05 7.38367021080322e-08 0.000165358810103378 9.1012167346971e-08 0.000274540770341158 3.0769111258877e-09 -9999 -9999 -9999 -9999 -9999 -9999 -9999 -9999 -9999 -9999 -9999 -9999 -9999 -9999 -9999 -9999 -9999 -9999 -9999 -9999 -9999 -9999 1.25848299843745e-05 1.03850400364647e-05 5.31616795426904e-05 0.00119628023863925 0.00184456667968931 0.000185086255775235 4.32350144193849e-06 1.54038352594643e-05 0.000158980306730427 0.000447869176033322 8.84179788058437e-05 7.02775614002116e-06 1.55940487502892e-06 3.0968963631306e-06 4.45248875569071e-07 3.95761255864713e-06 8.96345574985524e-08 4.75159833113192e-07 5.80111815211559e-06 4.54201279043165e-07 4.09074141316523e-07
3.44921140205123e-08 3.91551946421487e-09 1.50055843306518e-08 1.26871560768294e-07 2.23053349457381e-07 5.1267053967885e-05 8.24642718000312e-07 6.26169173028046e-06 3.5449228386053e-08 5.86058168994263e-08 4.96389664927932e-09 3.34862280126913e-09 -9999 -9999 -9999 -9999 -9999 -9999 -9999 -9999 -9999 -9999 -9999 -9999 -9999 -9999 -9999 -9999 -9999 -9999 -9999 -9999 -9999 -9999 -9999 6.08648964080305e-05 3.6887966250454e-07 0.00119960054417341 1.57096166331083e-07 5.68329598302775e-06 0.000306085840952663 0.000861388236624894 0.000193605285011955 2.01870829308337e-06 0.00065733313396521 6.89546113075146e-05 9.69999653854803e-07 1.61963322686809e-07 1.03342744303792e-05 1.33541979293605e-06 1.81195427728653e-07 4.47994466415969e-06 1.64375928763949e-06 1.28430277090974e-07
4.8141490793796e-13 7.79190941213592e-08 4.83039826804088e-08 6.32943288891852e-09 2.43238644004329e-08 2.00809122652412e-07 3.80784232570264e-05 2.367544592774e-06 2.38308240071206e-05 9.47930600403435e-07 5.76324320566979e-07 7.5137450394891e-08 1.97544669511274e-09 -9999 -9999 -9999 -9999 -9999 -9999 -9999 -9999 -9999 -9999 -9999 -9999 -9999 -9999 -9999 -9999 -9999 -9999 -9999 -9999 -9999 -9999 -9999 -9999 2.14722085092323e-06 0.000455976190411889 0.000902408001883259 3.12913959060301e-05 1.99242459067994e-06 3.94666079783779e-07 0.000129240382216267 1.63586213147937e-05 3.23562859865234e-06 8.40890044244702e-06 1.28454928602917e-06 0.000331071493094948 1.1569028150249e-06 9.66564527971059e-08 1.63510253516796e-05 3.12065608343293e-06 6.92538563495937e-08
0 5.77315972805081e-16 1.3704921342228e-08 1.02486405273439e-07 2.74840043104074e-06 1.31032417968191e-06 5.15469871733565e-06 6.34718544527679e-06 0.000400294424252934 0.000712218753854454 7.654295198678e-06 7.78775775054363e-06 8.10536469053602e-09 3.97525630191353e-09 -9999 -9999 -9999 -9999 -9999 -9999 -9999 -9999 -9999 -9999 -9999 -9999 -9999 -9999 -9999 -9999 -9999 -9999 -9999 -9999 -9999 -9999 -9999 -9999 -9999 3.57521678712169e-05 0.00307396614272912 7.54580091892332e-05 0.000180946030561635 2.63210441435735e-06 5.05343549060955e-06 5.92500810313812e-05 0.00058046810408996 0.000198335812797268 0.000104886767992696 1.7098060395182e-06 2.37626904080468e-06 3.50739505217135e-09 9.59825172230921e-08 1.80343146594097e-07
0 0 1.11022302462516e-17 1.10620671966988e-07 1.58663810180149e-05 3.08549354324561e-05 1.32144854725347e-08 8.81327692565659e-06 0.000341632739673514 1.00657767708734e-05 0.000750829146264054 2.54444318219416e-05 1.54266317242691e-07 1.94450694913639e-06 2.51230936609836e-08 -9999 -9999 -9999 -9999 -9999 -9999 -9999 -9999 -9999 -9999 -9999 -9999 -9999 -9999 -9999 -9999 -9999 -9999 -9999 -9999 -9999 -9999 -9999 -9999 -9999 -9999 1.0578017787144e-06 0.000197685051904273 2.67506067075374e-07 8.12143453813308e-06 7.28064454009747e-06 1.1358111395765e-05 5.35733348172585e-07 1.63753006757306e-05 2.93851179444249e-05 7.09203483277854e-06 2.00295441665777e-07 5.83016044342077e-07 1.79800598182345e-06
0 0 5.73985303731206e-15 6.6803394993542e-08 9.4223763525636e-06 2.33472341392371e-05 2.7684423962171e-06 6.13694255413577e-07 2.31173146403307e-08 3.74135319853863e-06 2.25200932518765e-06 1.79153960049305e-05 2.26773666514246e-05 8.30015528818784e-07 1.46786986210401e-07 4.61793707717817e-08 4.04121180963557e-15 -9999 -9999 -9999 -9999 -9999 -9999 -9999 -9999 -9999 -9999 -9999 -9999 -9999 -9999 -9999 -9999 -9999 -9999 -9999 -9999 -9999 -9999 -9999 -9999 -9999 -9999 1.06380401489581e-05 0.00550728434606917 3.77053280131712e-07 3.30339332806906e-06 0.0300480228116612 0.0439185197728875 0.00325002705480983 0.00349252273101683 4.88849893827137e-06 9.6461827773453e-06 2.49058031123184e-06
