Maxent_result_files_2/B_lucorum_3.asc
NCOLS 594 
NROWS 330 
XLLCORNER -15 
YLLCORNER 23 
CELLSIZE 0.166666666666667 
NODATA_value -9999 
[rows 220 to 239 of 330, columns 506 to 551 of 594]
3.86793808502262e-05 3.18377373332623e-05 0.00630200973246247 0.000887161813443527 0.00556354033760726 0.00561260245740414 0.00510342454072088 0.00467114790808409 0.00700215431861579 0.0207542020827532 0.0261226501315832 0.00231370454421267 0.000732918048743159 0.00530297313816845 0.000285351737693418 0.000376628490630537 4.46241714598727e-05 0.000537370913662016 0.00597134227864444 0.0309205384925008 0.0303221389651299 0.0116081085987389 0.0662010040134191 0.00764084341935813 0.0383351707831025 0.00092155896127224 0.000687258056132123 0.000136921623925446 0.000777448780718259 0.000803212629398331 0.000486141903093085 0.000202418827393558 8.80374005646445e-05 2.95960022413055e-05 3.82649075618247e-05 2.46881179919001e-05 9.7745115908765e-06 1.13988302018697e-05 3.40770040565985e-05 4.5628766201844e-06 7.39278930268483e-06 1.76634580384416e-06 1.11674078766555e-06 4.99603382309033e-07 5.60421932505051e-07 6.27641423989189e-07
2.06000867365219e-05 2.81810433079954e-05 0.000998094078386202 0.00267649005400017 0.895839083194733 0.00127211264916696 0.0110978685319424 0.0174298376776278 0.0263820204883814 0.00827680099755526 0.0050485307816416 0.000236663740361109 8.97318955139781e-06 0.00012913962782477 0.00704036324750632 2.82340983176255e-05 1.46782346746477e-05 8.49832858875743e-06 0.000131821247487096 3.75009007257177e-05 0.000414557762269396 0.00137927717296407 0.00357790843117982 0.0376624897122383 0.00493857606779784 0.0124037998728454 0.000966951018199325 0.000426113556022756 0.000100910355831729 0.000540133399772458 0.000276529665279668 7.90297424828168e-05 5.66028920729877e-05 3.10774335957831e-05 1.80187559635669e-05 1.3606539232569e-05 1.4259397812566e-05 2.85259786323877e-05 1.01984357570473e-05 1.51470632772543e-05 1.89642587429262e-06 4.28173805744336e-07 1.42398051394821e-07 6.77065461474058e-08 1.66491662412227e-07 1.70470135429923e-07
1.8028940212389e-05 0.000406198368000332 4.74598818982486e-05 0.000221042712655617 0.0517905335873365 0.00663575490470976 0.0121334013529122 0.000961596943670884 0.000113192212666036 2.74612002613139e-05 2.21867248910712e-05 4.37646436694195e-05 3.37076537562098e-06 2.5291270389971e-06 1.0981169907609e-06 2.6928348461297e-06 2.00734747295428e-06 1.63230128578107e-06 1.08172880572965e-05 7.28610044461675e-05 2.50812123340438e-05 0.00680365422740579 0.0113430347759277 0.00258113594027236 0.00596621274016798 0.0475149609148502 0.0853946201503277 0.00888554346747696 0.000128207143279724 0.000195121219439898 0.000121485671843402 8.16056519397534e-05 5.52457102457993e-05 2.51052848398103e-05 1.0683178106774e-05 1.15850271868112e-05 1.35421173581562e-05 4.84030977077055e-06 9.80673194135306e-06 1.66463027539976e-07 3.54516035372399e-07 6.91503512229019e-08 6.09741064749869e-08 1.39682637012584e-07 1.39031018306923e-06 3.05263596374061e-06
4.7872866389298e-06 4.86801862280117e-05 0.0010836188448593 0.00700895579066128 0.00816103112883866 0.0164023973047733 0.000686344021232799 1.11734837901167e-05 1.27599872143946e-06 4.82369148357975e-06 4.24748170644307e-06 3.64956633802649e-06 1.2769493991982e-06 4.9602177568886e-06 4.47594736669998e-06 2.6758239641822e-06 8.2321624290671e-07 3.70833785012792e-07 0.00300212592119351 0.00011501372573548 2.53522912316839e-05 0.000150726998981554 0.00133692898671143 0.0315919172018766 0.00332798399031162 0.0165763742290437 0.00725485873408616 0.000376005738507956 7.42289645131677e-05 7.00775206496473e-05 4.87465204059845e-05 8.77716943250562e-06 5.66412054467946e-06 3.25997286836355e-06 4.37954981862276e-06 1.00986771030875e-05 3.85091993848619e-06 1.37157135782218e-06 8.73576726689862e-07 2.81744610930446e-07 6.26093275002404e-08 4.66056172854223e-07 2.09802701789386e-07 2.50594098361034e-06 4.09884227110524e-06 5.59456545090598e-07
3.8406365206356e-06 1.28267165564466e-05 0.000454854391864501 0.00203483604127541 0.000271358025202062 7.0856164882116e-07 1.07314803017289e-05 1.41163326929927e-06 3.63545534582954e-06 1.94505374917497e-08 1.75953671899265e-06 6.32764144370412e-07 2.96009226303795e-06 4.80846167647542e-06 2.23821302114402e-07 1.93520205584719e-06 8.42860737293449e-07 3.52646680767066e-05 1.58970674419834e-05 0.000666822044877335 0.0110190771520138 0.00185194262303412 0.00136724949115887 0.00622916910797358 0.00831638216041028 0.00924216876737773 0.00688169132918119 0.00267208062577993 0.000433800832252018 0.000186655049037654 3.55882617441239e-05 7.62517651310191e-05 2.23781146814872e-05 9.17863767426752e-06 5.34915602656838e-06 2.12504082810483e-06 4.69084957330779e-06 3.44800569109793e-06 1.48968691178197e-06 1.36219424007322e-06 1.27704484498281e-06 9.48593577732026e-07 3.53243051449681e-06 2.99629987239314e-06 2.901517632381e-06 7.19524459782406e-06
6.01904187647051e-07 2.96228240586061e-06 2.22669743266124e-06 2.24035578867188e-05 1.06884743900082e-06 4.9424824851485e-06 1.18674464374635e-05 3.34093347191811e-05 1.67433014297558e-07 2.15343427498738e-06 4.45720675088523e-06 9.33978920869549e-08 2.32964544011338e-06 3.80441080778837e-05 6.17208157564164e-05 3.84952591048204e-05 3.25854935908865e-05 4.92671095344122e-05 0.000517793695325963 0.00107249877764843 0.0611278161406517 0.00171218206523918 0.0197181687690318 0.0184448250569403 0.0150504050776362 0.00412598541006446 0.00289571847533807 0.000239870499353856 0.000243660654814448 0.000341140093223657 8.25622446427587e-05 5.95490382693242e-05 1.92598724424897e-05 1.52040542161558e-05 2.00801890059665e-05 2.13615993743588e-05 2.05507008104178e-05 4.3154898321518e-06 5.00786882184912e-06 3.26529464018677e-06 3.90987988794223e-06 5.1537173021643e-06 2.81657127061408e-06 4.5972586121934e-06 9.70413457253017e-06 6.09185035500559e-06
0.00027210906118853 9.35046176891774e-05 2.34440864915086e-05 1.27594338152903e-06 5.37749705472379e-05 1.08189519778534e-05 0.000289375548891258 1.11932301024353e-05 1.7729528599375e-05 1.33359663323063e-05 0.000151649012695998 2.52637729317939e-05 2.18417549149308e-05 5.13536586367991e-05 3.53783811078756e-05 0.000162484467000468 0.0126273764297366 0.00158408143906854 0.0407023819163442 0.94769406914711 0.15975489243865 0.0228204192593694 0.0148672011680901 0.00592728320043534 0.0182815222069621 0.00694054998457432 0.00155064678983763 0.000152304815128446 0.000160150440206053 1.65472965818481e-05 0.000101152942806948 1.58763540639484e-05 4.87217999989298e-06 3.79346977297246e-06 3.39483240168192e-05 5.13595778102172e-05 8.50528952014429e-06 1.98938178073149e-05 1.68928931543633e-05 7.66440757615783e-06 1.52333562709828e-05 1.311026944677e-05 1.35560121634626e-05 1.02075216545927e-05 1.04289510545641e-05 5.08282460032206e-06
0.00010270146849507 4.41833020886406e-05 1.16579833047581e-05 9.82504650437477e-06 4.34973449955578e-05 4.24750465754187e-05 6.91070164975827e-05 0.00735670062713325 0.00128420742694289 7.95166608440923e-05 0.000303291527961846 0.000630702493072022 0.00460252179764211 0.00132950059487484 0.000598763470770791 0.00411326796747744 0.00606891450006515 0.0148050252348185 0.00955163002945483 0.00743004744872451 0.005929706688039 0.00758171221241355 0.00639345145318657 0.00249690002528951 0.00528810638934374 0.00690191965550184 0.0008369262854103 8.95373771072627e-06 0.000133799645846011 7.85505872045178e-05 5.45307320862776e-05 2.00984678485838e-05 1.17572941690014e-05 2.56444696788094e-05 3.74320627088309e-05 2.50299432082102e-05 4.17849030782236e-05 3.05648811263382e-05 3.70714729797328e-05 3.32267276462517e-05 3.24222408380592e-05 1.88378600796568e-05 1.34144997446128e-05 2.77237552381848e-06 2.82006509451094e-06 1.6375239908939e-06
1.71905721799703e-05 5.41195171535946e-05 0.000125829249009257 8.04273160611047e-05 0.000488853720889892 0.00192755996249616 0.00101147917448543 0.0233055678196251 0.0032698602299206 0.000674661714583635 0.0343202143907547 0.0468294909223914 0.0126708858180791 0.0147437342442572 0.0211121642962098 0.0126840136945248 0.0280694486573339 0.0304751005023718 0.00108757982379757 0.00831854604184628 0.00107643503579311 0.00425300947390497 0.00381376659497619 0.000197249131451827 0.00144444887409918 0.000168671990104485 8.16177962406073e-05 4.63288226455916e-05 0.000175685303111095 0.000122270942665637 0.000127597319806227 6.41441278276034e-05 6.06521098234225e-05 5.24742590641836e-05 4.69718175736489e-05 2.87592247332213e-05 4.55238952781656e-05 3.63516168363276e-05 1.70151697602705e-05 9.28397998904984e-06 1.12690555852168e-05 7.06156758951693e-06 3.59599441708269e-06 1.87411681906724e-07 7.22041455958333e-08 2.07691162756873e-07
0.000568925139668863 0.00282980350311846 0.0122249289415777 0.00783364274539053 0.00336781209334731 0.00972718461416662 0.00557323975954205 0.00737813129089773 0.0066931699635461 0.0071010859683156 0.0097323389723897 0.00428079271223396 0.00301500406349078 0.0120238068513572 0.0101574946660548 0.00248100793687627 0.0210073316469789 0.0127868102863431 0.00156881114235148 0.00284991790540516 0.000705332227516919 9.1514839004958e-05 0.000917732232483104 0.000444803052232601 5.84955560043454e-05 5.22882792211021e-05 6.73123591695912e-05 8.73074139235541e-05 5.29084038134897e-05 7.60417777200928e-05 9.34378604142694e-05 7.97750912170159e-05 4.38403183579794e-05 7.13482204446336e-05 6.37391698546708e-05 6.40322308754548e-05 2.64562907432264e-05 1.03294708878821e-05 8.91690792741429e-06 3.40317113511901e-07 4.30860700362246e-07 1.28366592093698e-06 5.88907690612928e-08 9.59066131400732e-08 6.36024548583691e-08 1.33990815953666e-07
0.00800175559706986 0.0113035412505269 0.0414615388959646 0.0147973067127168 0.0453830931335688 0.0725014120340347 0.0368165640160441 0.0214346200227737 0.0479865867644548 0.0135208055377007 0.0112763873301446 0.0229449884966016 0.0325438929721713 0.0104809439275414 0.0101274776272476 0.00357763052452356 0.00185620200354606 0.00235695944866166 0.000668225783738308 0.000395693158498034 0.000163084053929197 0.000209404859924689 0.000129225134878652 9.55688978137914e-05 0.000427520781522617 0.00016525418322999 0.000159982300101547 0.000151575270865578 0.000154132172610844 0.000116085862828186 6.15166529314593e-05 4.45046194727183e-05 3.99019840187975e-05 2.07310295081697e-05 3.64493864708493e-06 3.73317488993052e-06 2.31521735258866e-06 6.00376420152315e-06 9.69485051882657e-07 4.89054701802161e-07 3.35079963065255e-07 7.1435706416878e-08 4.50745080371462e-08 1.93672309478643e-07 1.56389830294756e-06 2.536721936508e-07
0.00249691019998863 0.00378379869507626 0.00364245045930147 0.00777320931665599 0.0209099381230772 0.00998821980319917 0.0207545763812959 0.017561717517674 0.0200110590085387 0.0203917504288256 0.024080070015043 0.0063651472562924 0.0047581365564838 0.0084586969576776 0.000319755679811351 0.00227131973952055 0.00280150251928717 0.000757606897968799 0.00845437156967819 0.00381378214806318 0.00799630982801318 0.0086994749493897 0.0289826920256019 0.00100337268668227 0.00217132533434778 0.00232716703321785 0.000471706318785436 0.000278787473507691 5.56810184207279e-05 2.17300064832671e-05 1.03773313639977e-05 3.66753440175671e-05 2.29509560085717e-05 2.02683808311122e-05 2.97467435075305e-06 4.76110487568349e-07 5.89258485206301e-07 3.85703508243296e-07 8.4807103348794e-07 5.58725056180265e-05 2.97425456665223e-05 5.44840213478892e-06 1.32642264247806e-06 4.15139271581211e-07 1.46416648139081e-08 5.55357551057512e-09
0.00422331842128187 0.0123141035903245 0.00438253779429942 0.0037666488904506 0.00441842689178884 0.000543674294021912 0.00390062688384205 0.00398304804693908 0.00051519223197829 0.00479076709598303 0.00925010042265057 0.0114288155455142 0.00420048056403175 0.00565292343962938 0.00679249176755548 0.0139110800810158 0.00425499295815825 0.00350997962523252 0.00207987874746323 0.00305058474186808 0.0111263240687549 0.0237979503814131 0.00715721750166267 0.000566990458173677 0.000116964450717205 0.000957801355980337 0.000475604104576632 2.86897520709317e-05 3.06245556203066e-05 0.000170124874421163 0.000384365904028527 0.000145817329757847 7.43261829484254e-05 4.90405544042005e-05 1.97405218386848e-05 3.18916980290851e-07 1.19952602162243e-07 4.29031052817663e-07 1.80737193318237e-06 3.62411465175683e-05 1.35339916596422e-05 1.66639889357612e-05 1.24715420497523e-06 3.67536861745066e-07 5.75482701492547e-08 1.01787677841969e-08
0.00159710320876911 0.00386281316168606 0.00414525377564132 0.00390605239663273 0.00736378494184464 0.00290181912714615 0.0163224427960813 0.0095410814974457 0.010499399388209 0.00488765987101942 0.00238806016277522 0.000743036001222208 0.00423428968060762 0.00521273342892528 0.00484485842753202 0.00640550488606095 0.0186593399848789 0.00647266609594226 0.00375274945981801 0.00513908884022385 0.0135184524813667 0.0079872959991917 0.000676557634142227 0.000948832201538607 0.000294796205707826 9.72016394371167e-05 0.00174736144253984 0.000277051574084908 0.000171576590946643 2.45277802605415e-05 2.37161622862914e-05 1.61478066729615e-05 0.000329473943565972 0.000118943947018124 3.94830056393403e-05 9.27058827073779e-06 7.3144505847722e-07 7.10894985900268e-07 4.25478329191264e-07 1.29825025396713e-07 4.73869310013697e-08 2.19270008017247e-07 1.33744767794042e-07 3.21689780591328e-08 7.64684520149217e-09 7.10323000419066e-09
0.00196085124043748 0.000161790473794099 0.00162439724663272 0.00198780948994681 0.0025744876707904 0.00768780747894198 0.00138198151253164 0.00269284920068458 0.00286266333423555 0.00216416789917275 0.00163864851929247 0.0048260951647535 0.0102946376893669 0.00265516901854426 0.0430854639969766 0.0711724405642599 0.0759400842711329 0.0249762496910989 0.0291785513982177 0.0149481780827045 0.00108367128996179 0.00301081457873806 0.0010060528293252 0.000272969336947426 0.000196085082279751 0.000265675353875849 0.000645775522571057 0.000206522434018552 4.84572778077563e-05 4.54509416158544e-05 3.91862287870026e-05 2.16996480958187e-05 5.71106153074652e-05 8.99576774827438e-05 0.000160951941506937 2.07455989766459e-05 8.80592715475359e-06 3.72892332052288e-06 3.49167139290785e-07 1.63999060731612e-07 1.17557065237861e-07 4.534492852315e-08 6.11079964407679e-09 1.01272247254869e-09 1.05203689093614e-09 1.08874935733638e-09
0.000156328999582911 0.00114950315910392 0.000252549890137743 0.000288545239891391 9.4165013069869e-05 0.000804261528537609 0.0056304318131879 0.0011343615478836 0.0011561015911866 0.000199956297728932 0.0022224479354918 0.000106692845656653 0.00723081091418862 0.00278022589627653 0.00511488465126604 0.0181557696778327 0.0173401236068457 0.0510163332335651 0.015008119889535 0.00141356049862225 0.00266775978961959 0.000905211677309126 0.000217262045771349 6.7014358137385e-05 6.37947399809491e-05 0.0001081772519683 0.00015350990506704 3.31823710439494e-05 3.59289480911684e-05 3.25489105307497e-05 0.000134412570332643 0.00010575840351521 7.49131770135136e-05 2.15457111153228e-05 6.77043855830561e-05 3.69306093489286e-05 2.20332792196132e-05 1.93985835039712e-06 4.49671099431725e-06 3.91524740734894e-06 2.15509841439143e-07 2.51869913370228e-08 8.30779933735926e-09 2.76977381030719e-09 6.39747543829117e-10 6.48016384996453e-10
1.53060290358553e-05 0.000690144175314344 0.000358301942469552 0.000259249957161956 0.00131779803195968 0.000860144122270867 0.000815974944271147 0.000129483061027713 0.00192297308240086 0.000410285734687932 0.00226151666138321 0.00276294873328879 0.0112850604113191 0.0337103832513094 0.00262594628147781 0.00157291351351887 0.00991676968988031 0.024180847662501 0.0161149548715912 0.00380021332530305 0.000173403845110442 0.000134866889857221 5.23462331329938e-05 0.000386667976272292 0.000518961902707815 5.96425841649761e-05 3.66211324944743e-05 3.24507574987365e-05 2.32947658332705e-05 2.9925813578302e-05 3.71575079043396e-05 7.46153320505982e-05 5.92178035731195e-05 4.95876502100145e-05 8.50162916322006e-05 0.000268157718528528 0.000209532868757378 3.33705171215115e-05 7.87762610343634e-06 4.72384947443061e-06 3.03076506042998e-06 3.12737142849073e-07 2.86049409936595e-08 1.15057514182837e-08 1.3578901669753e-09 2.06024448612396e-09
2.23358335460944e-05 0.000147441625449574 1.49159067859728e-05 4.1959528971347e-05 9.63358572334982e-05 0.000212128562270664 0.000522511487361044 6.74333536153426e-05 0.00213804672239348 0.000459614586725365 0.00191280742292292 0.00181111034471542 0.00252771382220089 0.00187673055334017 0.001422797027044 0.00217884801095352 0.00241495727095753 0.0173971297219396 0.00171324462862685 0.00065574224863667 0.000227210749289952 0.000173887245182414 0.000112141868885374 0.00110990373068489 0.001043008590932 0.000267556452308781 0.000138762380811386 2.96247220830992e-05 1.21589034733915e-05 2.92722059384687e-05 9.08147567315609e-06 1.01454089872277e-05 4.78390620628488e-05 8.56754730193643e-05 2.69656520686112e-05 4.33697943662992e-05 6.69751549139619e-05 3.50071588400169e-05 1.23331919439806e-05 7.96412455201789e-06 6.75111432428821e-06 9.46435054061112e-07 1.55419762108977e-06 2.48097093979993e-08 5.53326000574117e-09 3.63360749489061e-08
2.68757795538477e-06 1.40387891178761e-06 5.1289753855599e-06 6.14219959516049e-06 6.91401139192749e-05 0.000657873580348678 0.000500581896631047 6.5444987922092e-05 7.27414339053212e-05 0.000114812930405606 0.00318910016212612 0.000940006854943931 0.000530492694815621 0.000562066299607977 0.00269884776789695 0.00638332504313439 0.00349214572925121 0.000145451315620448 0.000149285396037158 0.000414345215540379 0.00131766534177586 0.000333630249951966 0.000101406802423298 0.000133732287940802 3.50155862179236e-05 3.41633984135115e-05 2.55947121331701e-05 2.20458833609882e-05 8.94734203029657e-06 1.01154537787806e-05 1.46705163388106e-05 3.47976314515108e-05 1.3073232548777e-05 1.13416430394864e-05 0.00214111159439199 0.000499551814573351 0.000806422377354465 2.36094281717669e-05 5.13395962116192e-06 3.33789362230164e-06 3.31455795503643e-06 1.86645573876376e-06 1.5668082198772e-06 4.65676200178677e-07 2.15055350416549e-08 1.14515476656862e-08
1.86175321346127e-06 4.887731606118e-07 6.69340759884562e-07 5.43949742848326e-07 0.000250628349022008 0.000500932268914767 0.000260303956747521 3.77073835807096e-05 0.0010793577588629 0.000694213321548887 0.0012025703152176 0.000278257409809157 0.00122472221846692 0.00128113179234788 0.00131282604415901 0.000322037360456306 0.000169379324506735 0.000589601634419523 0.00279262751573697 0.00207526695448905 0.00156573448330164 0.000294284298433922 0.000504915355122648 0.000519825427909382 0.000145599526877049 3.05720981486957e-05 2.1082207604195e-05 1.00580490197899e-05 1.26798571727704e-05 6.3381224663317e-06 5.07526804085501e-06 4.44184029220196e-06 1.30751363940362e-05 2.20596704821219e-05 1.5925099614833e-05 0.000134666113444837 1.56599040565197e-05 1.26113973237807e-05 7.4500790105958e-06 9.86370287137106e-06 4.17145027995502e-06 3.74737398942671e-06 1.73727452192907e-06 1.3357675811676e-06 1.24142546553685e-07 3.13944953589385e-08
