Maxent_result_files_2/B_lucorum_3.asc
NCOLS 594 
NROWS 330 
XLLCORNER -15 
YLLCORNER 23 
CELLSIZE 0.166666666666667 
NODATA_value -9999 
[rows 140 to 159 of 330, columns 276 to 321 of 594]
0.0672422107309103 0.0787012867629528 0.0754749931395054 0.0769157059490681 0.0636380981653929 0.0658029478043318 0.0915914997458458 0.0383312307298183 0.0726285547018051 0.0636940985918045 0.0402727130800486 0.0577166341245174 0.0472473353147507 0.051681062579155 0.013780478015542 0.0725957959890366 0.0555312093347311 0.059768258407712 0.0233231840655208 0.0200357280671597 0.0209059897810221 0.0373761281371117 0.0355182912200689 0.0418032553046942 0.041405837610364 0.0419235177338123 0.0431010201573372 0.0444978624582291 0.0390574391931295 0.0429911330342293 0.0407179400324821 0.0261609261855483 0.0850020110607147 0.0281759088858962 0.0320345541462302 0.033608334697783 0.0486680932343006 0.033732539229095 0.0311592096462846 0.0227859271690249 0.018717728368938 0.0160440747626126 0.00654626474715769 0.00474708662368357 0.0145747682079673 0.0208371762186289
0.0716398477554321 0.0828412264585495 0.0661245454102755 0.0775306463241577 0.0666300516575575 0.0360532786697149 0.0349321447312832 0.0555396806448698 0.0167384541593492 0.00667474325746298 0.0594728037714958 0.0502800766378641 0.0374012321233749 0.0468693118542433 0.0464470595121384 0.0397252526134253 0.0365867499262095 0.0502577971667051 0.0310995256528258 0.0370770085602999 0.0276663154363632 0.0384719576686621 0.0364666137844324 0.0433171782642603 0.0427533570677042 0.04301951341331 0.0470361024141312 0.047508517280221 0.0171627493575215 0.03237299695611 0.0352492041885853 0.0316376244649291 0.0342169275507331 0.0365294884890318 0.0327808717265725 0.0413077086210251 0.0282070184126496 0.0279331089928746 0.0319263368844986 0.0269945651292801 0.00761144300922751 0.00693735433742404 0.00716397734358907 0.0157424006611109 0.0151928171515465 0.00697656031697988
0.0418187879025936 0.0853088542819023 0.116618920117617 0.0471133146435022 0.0834551066160202 0.0517436936497688 0.0101929344236851 0.017407373059541 0.0488686211407185 0.046972594037652 0.0593254551291466 0.0578625112771988 0.041676103323698 0.19846496284008 0.0451296404004097 0.0359480798244476 0.0312873544171453 0.0352719109505415 0.0321841346099973 0.0305393064394593 0.0124302024021745 0.0370212364941835 0.0354884665459394 0.032350330427289 0.042228489741683 0.0118381313979626 0.025602906756103 0.014849353954196 0.0571556620299816 0.0360334496945143 0.0360213302075863 0.045462366566062 0.0350542649626732 0.0284362973645329 0.0198039960116148 0.0099579774774611 0.0159602683968842 0.0271074989810586 0.0128746447153389 0.0118655865080655 0.018211527261883 0.00713713667355478 0.00713964160531759 0.0147411831654608 0.0141512426547706 0.01650914195925
0.0769833862781525 0.0860930323600769 0.068457805365324 0.15819938480854 0.0709122598171234 0.0639611747115851 0.0600241776555777 0.066717354208231 0.0700247436761856 0.0720241114497185 0.0707033909857273 0.0582021810114384 0.0638968527317047 0.0703454382717609 0.0443280354142189 0.043609282746911 0.0372035220265389 0.0372732676565647 0.0336009884253144 0.0358245119452476 0.0293614603579044 0.031400110386312 0.0376716863363981 0.0355912130326033 0.0493319120258093 0.0447326190769672 0.0161658616736531 0.0619852278381586 0.0462382294237614 0.037237948179245 0.0255441259592772 0.0347527209669352 0.0925606481730938 0.0198809757828712 0.0138146930374205 0.0111030299216509 0.0161963911727071 0.00853876359760761 0.00843042708002031 0.00370187205262482 0.0116662407293916 0.0146076117642224 0.0143010835163295 0.00220787107245997 0.0182990593835711 0.0128838248550892
0.0778012923896313 0.0790913239121437 0.071189808100462 0.0401274785399437 0.0443853378295898 0.0700181618332863 0.0621691528707743 0.0687593918293714 0.07182472422719 0.067142029479146 0.154941266775131 0.0881999738514423 0.0436697948724031 0.0565510265529156 0.0522190786898136 0.037896690517664 0.0395311985164881 0.0376721441745758 0.0351719595491886 0.0257748374715447 0.0622852150350809 0.034930925257504 0.0371347520500422 0.0394634321331978 0.0314323335886002 0.0341326147317886 0.0492725390940905 0.064097847416997 0.0240800477564335 0.0295188494026661 0.00858668144792318 0.0286597965285182 0.0141030798666179 0.00796035132370889 0.0140868882648647 0.00973702669143677 0.00747991735115647 0.00806047674268484 0.0158682545647025 0.000820448203012347 0.00590228792279959 0.00121375354938209 0.00120516057941131 0.00401300706434995 0.0079924504738301 0.00520990663208067
0.0654828920960426 0.0680491596460342 0.0804826632142067 0.0722961001098156 0.120604273676872 0.0657154746353626 0.0745526298880577 0.0750853396952152 0.0646198622882366 0.0614509876817465 0.0623479377478361 0.0869256168603897 0.0623407650738955 0.0371307175606489 0.0409615598618984 0.0189036102965474 0.0467054612934589 0.0370507333427668 0.0319356432184577 0.0227993778884411 0.0343149565160275 0.0354048375040293 0.0390431638807058 0.0333998426795006 0.0322015481069684 0.0325012441724539 0.035239140689373 0.0366831663995981 0.0132281254045665 0.0194399232044816 0.00761683848686516 0.0216532196849585 0.0199556615203619 0.0120324364863336 0.017807658482343 0.0145269902423024 0.0139804488047957 0.0120275445282459 0.0144798751920462 0.0134545116685331 0.0281165771186352 0.0271439373493195 0.0125074483454227 0.0136527297087014 0.0108320794068277 0.0108243809081614
0.0630551517009735 0.0758636832237244 0.0777672365307808 0.0758122161030769 0.059189124032855 0.0770817704498768 0.0580498196184635 0.058400459587574 0.0780257396399975 0.0751354195177555 0.0692809972912073 0.0619405586272478 0.0530528046190739 0.0534947101026773 0.0497456382960081 0.0390748526901007 0.0459500681608915 0.0414080187678337 0.0174827029928565 0.046536798030138 0.047773265838623 0.0298935865983367 0.0343595283105969 0.0282159056514502 0.0329689579084516 0.0297604942694306 0.0243435880169272 0.0278807435184717 0.0172660263255239 0.00875101182609797 0.066914851590991 0.0210459945723414 0.00740005122497678 0.00738054709509015 0.015417259465903 0.0152230125851929 0.0132613928988576 0.0418394319713116 0.0125289821065962 0.0125817929394543 0.0105660791974515 0.00945889372378588 0.0325761580839753 0.00963197401724756 0.00788069204427302 0.00930313146673143
0.0738522492349148 0.0642214715480804 0.0645133849233389 0.0496078561991453 0.0680750068277121 0.0570399276912212 0.0943930521607399 0.0523792453110218 0.0537999242544174 0.10206688567996 0.0713097207248211 0.0603164620697498 0.0517085619270802 0.0511440902948379 0.0497822657227516 0.0510871391743422 0.0467519488185644 0.0490313299000263 0.0543659165501595 0.0738018441945314 0.0488763649016619 0.0340056568384171 0.0345091318711638 0.0425261776894331 0.0375921964645386 0.0328416395932436 0.0162424772046506 0.0338498117402196 0.0176832543686032 0.0174006273970008 0.0163860003463924 0.0164717193692923 0.0190100885927677 0.00590210095979273 0.0123631075955927 0.00569776925258338 0.0125131742097437 0.0143658486194909 0.0132572470232844 0.0115544668398798 0.00906245969235897 0.00842498536221683 0.0069320728071034 0.0084966778755188 0.00708579327911138 0.006419010553509
0.0758761249482632 0.0802987419068813 0.0827290527522564 0.0550291609019041 0.078112456202507 0.0824979707598686 0.0666896484792232 0.0770330533385277 0.0603874247521162 0.0623635359108448 0.0529137175530195 0.0559330008924007 0.0558678012341261 0.0676890954375267 0.0240563476458192 0.0345759959891438 0.0442106384783983 0.0353238932788372 0.0323369897902012 0.0163640656508505 0.107012966275215 0.0467375431209803 0.0250514084473252 0.0169381757266819 0.0342116378247738 0.0313277645036578 0.0368482053279877 0.0195986789651215 0.0173364805057645 0.0157937311567366 0.015542059764266 0.0231269909068942 0.0062008639331907 0.00409224173054099 0.00524796135723591 0.0109429688192904 0.011502191144973 0.0117047686129808 0.0106795542407781 0.0102511207573116 0.00728207579813898 0.00541109556797892 0.0063894425984472 0.00490650951396674 0.00547307047527283 0.00598760233260691
0.0404213920235634 0.0638569194823504 0.0705496989190579 0.0688324175775051 0.0769528336822987 0.0731495954096317 0.0590201295912266 0.041449061408639 0.0573436960577965 0.0616317912936211 0.0685142651200294 0.0605393663048744 0.0177112570032477 0.00920372186228633 0.0333198525011539 0.0309795539826155 0.0446609497070313 0.0416401736438274 0.0324862141162157 0.0377266071736813 0.043605575710535 0.0329904092475772 0.0386408820748329 0.0510998442769051 0.05251997821033 0.0222089877352118 0.0217876302078366 0.0192816186696291 0.0172881564125419 0.0151286413893104 0.0236986210569739 0.0140494417399168 0.0123058306053281 0.0110826482996345 0.0111327500082552 0.00950540681369603 0.0100118278991431 0.00906375646591187 0.0095420160330832 0.00872465223073959 0.00615584957413375 0.00414361038710922 0.00123455378925428 0.00373069662600756 0.00393724136520177 0.00437235131394118
0.0703343734145165 0.083700580149889 0.0838345520198345 0.0475890260189772 0.137342530488968 0.0477330971509218 0.0740903116762638 0.0734402388334274 0.0681012649089098 0.0834166496992111 0.0869142167270184 0.0488107692450285 0.0586529415100813 0.0361816642805934 0.0504786640405655 0.0461732033640146 0.035068603605032 0.0437961921095848 0.0306825557723641 0.0341733984649181 0.0365426417440176 0.0374736778438091 0.0363186154514551 0.0313557868823409 0.00853080865927041 0.011632220633328 0.013461325597018 0.0141350318677723 0.0220092330127954 0.01664371881634 0.0112730720080435 0.0141413686797023 0.012694582529366 0.0117438521236181 0.0108376765623689 0.00881312005221844 0.00897944360040128 0.00852062390185893 0.00861167036928237 0.00718782185576856 0.00626263064332306 0.00512228603474796 0.00442918355111033 0.00390683121513575 0.00412330671679229 0.0045566028682515
0.153040836751461 0.0607418581843376 0.0661714036017656 0.0588978834450245 0.106620123237371 0.083294889330864 0.0713407143950462 0.105465184152126 0.0703722544014454 0.0690080083906651 0.068696054071188 0.0621271464973688 0.0383443789556622 0.0363540556281805 0.0522337879985571 0.0368896491825581 0.0463718142360449 0.0351142199710011 0.0265872424468398 0.027568381652236 0.0348340114578605 0.0370849296450615 0.0304266139864922 0.0231040483340621 0.0222585406154394 0.021424674987793 0.0203811981715262 0.0185786992311478 0.0180285220034421 0.0177525482140481 0.0156413813121617 0.0134539964608848 0.0124526466242969 0.0109808143228292 0.00968931056559086 0.0091499290894717 0.00876389280892909 0.00816197940148413 0.00759786744602025 0.00668998998589814 0.00592772578820586 0.00537142301909626 0.00474288668483496 0.00402814738918096 0.00456712071318179 0.00524544506333768
0.0703549884259701 0.0996939152479172 0.0647991552948952 0.0671769581735134 0.0699154779314995 0.107840315997601 0.0729530237615108 0.0565629027783871 0.055991467833519 0.0601851541548967 0.0509665559977293 0.0890296787023544 0.0352157853543758 0.0158615075983107 0.0145573884248734 0.0405623339116573 0.0754819191992283 0.0469525843858719 0.0220143374055624 0.0209317723289132 0.0375809293240309 0.0428830176591873 0.0388798210769892 0.0195867547765374 0.0290769428014755 0.0360452208667994 0.0202065693214536 0.0186730775982141 0.0184049693867564 0.016716390568763 0.016142176836729 0.0148573137819767 0.0129001008346677 0.0116723583079875 0.0100918788462877 0.00912577114067972 0.00821386901661754 0.00788633190095425 0.00761906309053302 0.00763338906690478 0.00671921409666538 0.00632512238807976 0.00545321274548769 0.00134949471103027 0.00208498478168622 0.00155605507898144
0.0639069017022848 0.100004397332668 0.0788361206650734 0.0751115575432777 0.0581032540649176 0.0588367756456137 0.0550085972994566 0.0935054011642933 0.0249149037525058 0.0619776464998722 0.0467175871133804 0.0176685689017177 0.0481121726334095 0.0199223350733519 0.0493947837501764 0.0302384529262781 0.00777579271234572 0.0132765012793243 0.0116584395058453 0.0143356813117862 0.0438739292323589 0.0305978644639254 0.0809529304504395 0.0508083119988441 0.00897823655977845 0.00860593495890498 0.00170025882543996 0.0248323833569884 0.0173733825795352 0.0169724115170538 0.0154996363446116 0.014540371671319 0.0128943406045437 0.0113720829598606 0.0102156510110945 0.00993916783481836 0.00889183254912496 0.00843332246877253 0.00807912922464311 0.00264144141692668 0.0089352204464376 0.00916484734043479 0.00887266756035388 0.00776745728217065 0.00813435227610171 0.00802447507157922
0.0652611516416073 0.0738970838487148 0.0523653332144022 0.116537638753653 0.0229925639927387 0.0746605686843395 0.067294716835022 0.0688432689756155 0.0660845998674631 0.0605472967028618 0.0590180531144142 0.0247372573241591 0.0440832197666168 0.0439838353544474 0.0433667695149779 0.0479101926088333 0.0412924848496914 0.0476104035973549 0.0155195406638086 0.0363296087831259 0.0128547730855644 0.0617903508245945 0.0238638458773494 0.00934003214351833 0.0084216546267271 0.00870381304994225 0.0128120473586023 0.0352250063791871 0.00629211277700961 0.0152762386016548 0.0145688612014055 0.0138789294287562 0.012441966868937 0.0113108415156603 0.0104259535204619 0.00948068820871413 0.00884972885251045 0.00826770919375122 0.00797925558872521 0.00929422774352133 0.00966597101651132 0.00889132837764919 0.00894257449544966 0.00894809956662357 0.00835172650404275 0.00923582203686237
0.073771359026432 0.0866425111889839 0.0774305932223797 0.0586106672883034 0.0779131397604942 0.0724707543849945 0.0722966983914375 0.0761373966932297 0.0585854757577181 0.0627463176846504 0.0545934922993183 0.0551349002867937 0.0486210789531469 0.0811927482485771 0.043998447060585 0.045121031627059 0.0515251960605383 0.060898857191205 0.0511537291109562 0.0111654142849147 0.0437714971601963 0.0205791391432285 0.00871625579893589 0.00404672233853489 0.0116130500100553 0.0608698464930058 0.0167560708709061 0.0159021345898509 0.0156216978095472 0.0146872119046748 0.0139264859259129 0.0129393793642521 0.0118277759291232 0.0114281441085041 0.0105656864587218 0.0100580909755081 0.00936131533235312 0.00919594177976251 0.00844549424946308 0.0087474930100143 0.00899643269367516 0.00927545949816704 0.00938493954017758 0.00906097148545086 0.00965740559622645 0.00937799708917737
0.0525000762194395 0.0803013734519482 0.0652720499783754 0.0823728419840336 0.0602865852415562 0.0617241326719522 0.0567822877317667 0.0694396611303091 0.0412701066583395 0.0616791263222694 0.0555436939001083 0.0601125854998827 0.0691155359148979 0.0387735884636641 0.08747553601861 0.0712809167802334 0.0450470626354218 0.0500774081796408 0.0598259840160608 0.0170335304923356 0.0119495225138962 0.0227006554603577 0.00268388164695352 0.00763849639333785 0.0261447401717305 0.0172111410647631 0.0603683795779943 0.0161287104710937 0.0152032202109694 0.0145426167175174 0.0135643632151186 0.0128521142527461 0.0119912965223193 0.0116446368396282 0.0110889713279903 0.00298745762556791 0.0102363620884717 0.00976677071303129 0.00958438720554113 0.00886281351558864 0.00695158410817385 0.0096068739425391 0.00947043350897729 0.0101402807515115 0.0106830367818475 0.0107256677467376
0.0862602718174457 0.119289563596249 0.080193816870451 0.0740080811083317 0.0876484543085098 0.0620471134781837 0.0592968467622995 0.0260977927595377 0.0658034980297089 0.0200547561049461 0.0515757381916046 0.0151765767484903 0.0396803915500641 0.0398943036794662 0.0510066129267216 0.0437463521957397 0.0531693551689386 0.0464552499353886 0.00133765779901296 0.00154936939943582 0.0242210732772946 0.020633209310472 0.0196783187799156 0.00837776586413383 0.0225588733330369 0.034366662055254 0.00287393536418676 0.0120305414311588 0.0488840043544769 0.0495993543416262 0.0162666525691748 0.00583254555240273 0.00304938722401857 0.0118555245921016 0.0113190810196102 0.0112394410185516 0.0110954061150551 0.010711434436962 0.0101833346765488 0.00979972849600017 0.0100062838289887 0.00971393594518304 0.00875931358896196 0.00966769112274051 0.0236971220001578 0.0100906206294894
0.0680607080459595 0.0600624985992908 0.0917780578136444 0.0693600565195084 0.0341382622718811 0.042641007527709 0.0403334384784102 0.0734459325671196 0.0141144316643476 0.0709994815289974 0.0624199386686087 0.050311129167676 0.0375170208513737 0.0445067752152681 0.0687094755470753 0.0445143111050129 0.0075399178545922 0.0179421271197498 0.02126200851053 0.0227497762069106 0.0216540303081274 0.0206056801602244 0.0237940402701497 0.0083911940921098 0.0183576771989465 0.00607750578783453 0.00758186355233192 0.0286612648516893 0.00395684435497969 0.0140193696133792 0.0047879469813779 0.00969907846301794 0.0123904775828123 0.00587873705662787 0.0107508910819888 0.0115541608072817 0.0117618936114013 0.0112700592726469 0.0107709462288767 0.0105153780430555 0.0103005304001272 0.0100967165082693 0.00973679721355438 0.00990255903452635 0.00942950872704387 0.00951850446872413
0.0811311431229114 0.0946043327450752 0.122468457370996 0.0506531149148941 0.0588017899543047 0.0639995511621237 0.0636524319648743 0.133880627155304 0.051149870082736 0.0216958003118634 0.078626249730587 0.0442782767117023 0.035145758651197 0.0556825965642929 0.0136701605282724 0.0307344796136022 0.0101434618234634 0.0203935548663139 0.0154611367732286 0.014760874863714 0.0276611531153321 0.0259473368525505 0.0728546399623156 0.0168253141455352 0.0189859349280596 0.0171095014549792 0.0158309333957732 0.0152933686040342 0.0148143829777837 0.0142835221253335 0.013763037417084 0.0133222483098507 0.0132316254079342 0.0127149663865566 0.0119349181652069 0.0116878589615226 0.0118868907913566 0.0117890981957316 0.0112152280285954 0.0108034797012806 0.0217720387503505 0.0283577922731638 0.012211474403739 0.00977388937026262 0.00958178634755313 0.00940061737783253
