Maxent_result_files_2/B_lucorum_3.asc
NCOLS 594 
NROWS 330 
XLLCORNER -15 
YLLCORNER 23 
CELLSIZE 0.166666666666667 
NODATA_value -9999 
[rows 120 to 139 of 330, columns 322 to 367 of 594]
0.0170998052693903 0.0187805199995637 0.0126498826779425 0.0175891414284706 0.0147619884461164 0.0207159830257297 0.0161823869682848 0.0159179550595582 0.0164176715537906 0.0186757754534483 0.0165761808864772 0.00665158722549677 0.00326013630256057 0.00884545505978167 0.0125065979547799 0.00759422406554222 0.0145169571042061 0.0127630123868585 0.0112716038711369 0.00385688347741961 0.00481413099914789 0.0118495982140303 0.00854749227873981 0.00471101808361709 0.00843755593523383 0.00640915199182928 0.00402440130710602 0.00558487046509981 0.00261322318110615 0.0116819433867931 0.0104835554026067 0.0118458974175155 0.00258170668967068 0.00259870269801468 0.00768320178613067 0.00270637192297727 0.00286192076746374 0.00493394169025123 0.00866629993543029 0.0100045396946371 0.009274722635746 0.00909045347943902 0.00923579940572381 0.0103492993861437 0.00216795970918611 0.00217368605080992
0.00991388075053692 0.0169191736727953 0.0188533117994666 0.0257122354581952 0.0177922487258911 0.0175023192539811 0.00810295934788883 0.0223314182832837 0.0154056053608656 0.0155793377198279 0.0100617906078696 0.00934205902740359 0.0308883599936962 0.0267555188387632 0.0145250732079148 0.0112006628885865 0.0117144731804729 0.0119277397170663 0.0100907884538174 0.00503278621472418 0.00611912659369409 0.0102089780382812 0.0105660650879145 0.00366514190100133 0.00371524037327617 0.00965925524942577 0.00229193489067256 0.00485745198093355 0.0030769141856581 0.00945788733661175 0.00846816236153245 0.00507455845363438 0.0024607315659523 0.00260161720216274 0.00468135359697044 0.0027019769186154 0.0028038497781381 0.00268365608062595 0.00510381795465946 0.00983975194394588 0.00743701630271971 0.00570437852293253 0.0079612962435931 0.00796034839004278 0.00757792894728482 0.0080206552054733
0.0193705579265952 0.0129464653320611 0.00927020786330104 0.0133368310518563 0.0190771879628301 0.0200651096180081 0.0116128323134035 0.00736867026425898 0.0133225441910326 0.025720271281898 0.0135258452966809 0.0156252834014595 0.0100386764854193 0.0138673364184797 0.00881477799266577 0.0187855001538992 0.0152984305284917 0.0103399981744587 0.00935099273920059 0.00919859567657113 0.011599263548851 0.00299488690216094 0.00579085228964686 0.00203728021588176 0.00211507371859625 0.00376591049134731 0.00545913185924292 0.00704478570260107 0.0304251533001661 0.00961924334987998 0.00505851525813341 0.006365796783939 0.00251374195795506 0.00256441230885684 0.00262433316092938 0.00261292471550405 0.0024927313439548 0.00232863263227046 0.00854106671176851 0.00223934007808566 0.00249357807915658 0.00810516430065036 0.00922542959451675 0.00876982002519071 0.00845224824734032 0.00840083290822804
0.0200838815420866 0.0213954824954271 0.0205681320279837 0.0180266181007028 0.0272635538130999 0.0139931393787265 0.0192254457622766 0.0163711659610271 0.0160037564113736 0.0148423468694091 0.0158240204676986 0.0147985494695604 0.0178859626874328 0.0135962467640638 0.03013611510396 0.020250460319221 0.0237863136455417 0.0075727398507297 0.0167031887918711 0.00978648029267788 0.0492113374173641 0.0320855759084225 0.0235345400869846 0.0232774397358298 0.0121900441125035 0.0107353439554572 0.00575892399065196 0.0174827256239951 0.0226341810077429 0.00457406574860215 0.00545546193607152 0.00519972969777882 0.00457130135037005 0.008200923493132 0.00239990348927677 0.00373555291444063 0.00792005714029074 0.00948218726553023 0.00760703682899475 0.00218459124444053 0.00326019455678761 0.00752451466396451 0.00727693904191256 0.00819712304510176 0.00902349557727575 0.00943155703134835
0.0273898795247078 0.0229826994240284 0.0223775885999203 0.0190652549266815 0.0666681908071041 0.0188725722022355 0.0163115547969937 0.0197386525571346 0.0129067378118634 0.0177508555352688 0.0188516305759549 0.0146317481063306 0.011714144051075 0.0144681587815285 0.0148754190653563 0.0113008599728346 0.0111328557133675 0.0113160192966461 0.0102813663892448 0.013349100202322 0.00900817066431045 0.00996622806414962 0.00963429305702448 0.00803907793015242 0.00480672675184906 0.0156637068837881 0.0199672954156995 0.00439458899199963 0.00779108656570315 0.0073241681791842 0.00879101986065507 0.0102821703068912 0.00672338199801743 0.00951840449124575 0.00856611314229667 0.00560798016376793 0.00350330858491361 0.00966958208009601 0.00818930524401367 0.00191284219035879 0.00504539250396192 0.00602639205753803 0.00416283565573394 0.0084090631455183 0.00762091223150492 0.00758305373601615
0.0321096438914537 0.0261922398582101 0.0214560361579061 0.0226946393027902 0.020957775041461 0.021439184807241 0.0200895307585597 0.015656235255301 0.0106625097803771 0.0127032195217907 0.00760129820555449 0.00940271620638669 0.0116830598562956 0.00506806494668126 0.00716882771812379 0.00752245672047138 0.00840552439913154 0.0108970775268972 0.0135817710310221 0.0109317661263049 0.00898371934890747 0.00923898154869676 0.00844479487277567 0.00864865528419614 0.00682435221970081 0.00841551441699267 0.0100624467246234 0.0188286927528679 0.0101453476585448 0.00825357851572335 0.00781577881425619 0.00796640263870358 0.00853061066009104 0.00639082603156567 0.0046217733528465 0.00875272015109658 0.00549008557572961 0.00603135526180267 0.00990386004559696 0.00760664781555533 0.00332293836399913 0.00349155731964856 0.00183852335903794 0.00184082967462018 0.00184470601379871 0.00182923116954044
0.0193504419177771 0.0100329239852726 0.0295340387150645 0.0195658016949892 0.0101659148931503 0.0224145207554102 0.0196795525029302 0.0168860012665391 0.015219652466476 0.0105445907451212 0.0100003997795284 0.0131178872659802 0.00676856017671526 0.00722594731487334 0.00675601935945451 0.00861090649850666 0.0101553532294929 0.0116775930859148 0.0108465130440891 0.0129644513130188 0.00848816530779004 0.0106218561530113 0.00812429147772491 0.00788073721341789 0.00805577873252332 0.00962442085146904 0.0137590521015227 0.0140679892152548 0.0116454795002937 0.0065430240239948 0.00651998887769878 0.0079134127125144 0.00807444006204605 0.00829055076465011 0.00885089654475451 0.00656196577474475 0.00775218433700502 0.00790756484493613 0.00704682413488626 0.006604013312608 0.00680098813027144 0.00624940902926028 0.0065943798981607 0.00504573960788548 0.00402279391419143 0.00157377874711528
0.0604244370013475 0.0651618514209986 0.0234764713793993 0.0215628754347563 0.0219215584918857 0.017391380853951 0.0155934295617044 0.0127009626477957 0.0116501288488507 0.00984068084508181 0.0097137798089534 0.0136441336013377 0.00380663753021508 0.00815040236338973 0.00667213099077344 0.00661738528870046 0.00896131657063961 0.00937785711139441 0.00841730809770525 0.00738436477258801 0.00953517826274037 0.0140809457749128 0.00775258098728955 0.00690843397751451 0.00636812746524811 0.00715408399701118 0.00683000781573355 0.00283571602776647 0.0174730520695448 0.00680606989189982 0.00684234346263111 0.007762990007177 0.00769407576881349 0.00735648488625884 0.00723566906526685 0.00650876387953758 0.00729569257237017 0.00690127834677696 0.00836749542504549 0.00427358311135322 0.00735975648276508 0.00833921739831567 0.00423800642602146 0.0014753922005184 0.00150354700163007 0.000710075645474717
0.0224274910986423 0.0206943329423666 0.0287655567750335 0.021182263083756 0.0214727971702814 0.0282454473897815 0.0205866387113929 0.00924995555542409 0.013855519797653 0.013116561435163 0.0126123105175793 0.0128090983256698 0.00351637355051935 0.00818537236191332 0.00891442401334643 0.00642474265769124 0.00751723754219711 0.0118754599243402 0.0108563154935837 0.0103397431783378 0.00576888299547136 0.0212809222750366 0.00773155055940151 0.00687721106223762 0.00813270956277847 0.00438111939001828 0.0129031125456095 0.0398264657706022 0.0375370997935534 0.0037901992443949 0.00599540448747575 0.00634174640290439 0.00599295701831579 0.00407339097000659 0.00170698419678956 0.0028673158492893 0.00285548171959817 0.00164127629250288 0.000901800050633028 0.00154836494475603 0.00248964021448046 0.00364762982353568 0.00465906504541636 0.00305086064618081 0.00422900072298944 0.00306805125437677
0.0261018488556147 0.0208887659013271 0.0218917727470398 0.0205885389819741 0.0220415394753218 0.0198786797001958 0.0170385740697384 0.0171176359057426 0.00597406346350908 0.0325338918715715 0.00882915398105979 0.0125699925236404 0.00909701106138527 0.00682686311192811 0.00887050754390657 0.0144486687146127 0.0100646527484059 0.00616939659230411 0.00771187013015151 0.0213421270251274 0.0119860181584954 0.0624103266745806 0.0148662415333092 0.00284809055738151 0.00937246759422123 0.0287794949486852 0.0106278020888567 0.00314122317358851 0.0142194646410644 0.0175088927149773 0.0202739586122334 0.00582058951258659 0.00429100662004203 0.011826445069164 0.00406346761155874 0.00280994852073491 0.00150140767218545 0.00142227764008567 0.000684750295476988 0.00233551592100412 0.00247281470801681 0.00315086732152849 0.00155068025924265 0.00125225922092795 0.00139472652226686 0.010291623044759
0.0171077433042228 0.0216138312593102 0.0184764243662357 0.0191295970231295 0.0223111070692539 0.0199955178424716 0.0176191888749599 0.0165506965480745 0.0120818830095232 0.0116318942047656 0.0143705396912992 0.0125328856520355 0.0115945424884558 0.00977894673123956 0.0109554483555257 0.0127546573989093 0.00699961045756936 0.00386528917588294 0.00411137838382274 0.00686454139649868 0.013577945670113 0.0116514156572521 0.0221592247486114 0.00467181489802897 0.0130481030791998 0.022751466371119 0.00946643110364676 0.0123802904039621 0.0103823302779347 0.0166073166765273 0.00821978519670665 0.000591300457745092 0.0114862856455147 0.00586419967003167 0.00768483611755073 0.00578491315245628 0.00592945194803178 0.00218161590164527 0.00129740561242215 0.00341079581994563 0.00241094341035932 0.0103214549832046 0.0173253200016916 0.0215976718813181 0.00831422922201455 0.0187620988115668
0.0194864520803094 0.0202253004536033 0.0170605114661157 0.0148911755532026 0.0140581303276122 0.0128361935727298 0.0158269799314439 0.019924240745604 0.0156154236756265 0.0170163895003498 0.0157616658136249 0.00761166624724865 0.00910665784031153 0.00747381350956857 0.0042845546035096 0.00572161902673543 0.00860599991865456 0.00380277188960463 0.008092270931229 0.00760028157383204 0.00797252329066396 0.0071176287252456 0.00697758160531521 0.00816005831584334 0.0116213189437985 0.00967215551063418 0.00533546507358551 0.0086410999763757 0.00970377158373594 0.00842063496820629 0.00617486331611872 0.00598509190604091 0.00850848229601979 0.00680309920571744 0.00388109504710883 0.0101206290535629 0.0101193928159773 0.0077969710342586 0.00556422406807542 0.00748628545552492 0.0120439131744206 0.00795428147539496 0.00910185170359909 0.0102341685444117 0.00460841078311205 0.0027671268209815
0.0140058376826346 0.0156824775971472 0.0168985119089484 0.0153460669331253 0.011877912003547 0.0160885494202375 0.0128050471656024 0.0138423144817352 0.00784386456944048 0.00540810846723616 0.01128462376073 0.00943736955523491 0.00857528676278889 0.00828027022071183 0.00464646159671247 0.00416347875725478 0.00265777572058141 0.00586479818448424 0.00770211103372276 0.0069222604855895 0.00816817716695368 0.0100079515948892 0.0084527735132724 0.00525469221174717 0.00788594223558903 0.00625403146259487 0.00478064953349531 0.00940077751874924 0.00608201413415372 0.00785504435189068 0.00774348950944841 0.0065077583771199 0.00530542451888323 0.00501128095202148 0.00623052748851478 0.00576724503189325 0.0012316646752879 0.00428415464702994 0.00338253381196409 0.00430697398260236 0.00265700691379607 0.00403403080999851 0.00299048118758947 0.00254844320006669 0.001920805813279 0.00287585624027997
0.0126987997442484 0.00709536755457521 0.0149996445514262 0.0103907257318497 0.0110426268540323 0.0162855701521039 0.00646965801715851 0.00448701393324882 0.0114158094860613 0.0126877359114587 0.0111643185839057 0.0181132270023227 0.00612402525730431 0.00799029786139727 0.00825455202721059 0.00909933317452669 0.0104136241599917 0.00764564969576895 0.0111072501167655 0.00978915262967348 0.0135299267247319 0.0185068560764194 0.00819530938751995 0.00726465079933405 0.0103816823102534 0.00850495812483132 0.00786858592182398 0.00759046557359397 0.00786637174896896 0.00555581049993634 0.0070561989210546 0.00733214202336967 0.00778574929572642 0.00497307237237692 0.00181892246473581 0.00411879566963762 0.0125658142380416 0.00484605226665735 0.00287249656394124 0.00349453985691071 0.00368828175123781 0.00326362196356058 0.00318893771618605 0.00462875757366419 0.00373119462747127 0.00268844524398446
0.0149023599922657 0.0119143608957529 0.0139209629036486 0.015357122104615 0.0131468758918345 0.0763725075870752 0.0160790958441794 0.0209828412160277 0.0136585588566959 0.00548940910957754 0.144005595892668 0.0214782753959298 0.00958247082307935 0.054722436517477 0.020492497459054 0.00907945223152637 0.00892791864462197 0.00822215839289129 0.0113731347955763 0.0127046711742878 0.0127114396076649 0.0087859230581671 0.00729850945062935 0.00953289996832609 0.00604148176498711 0.00268949924502522 0.00704925670288503 0.00654548485763371 0.00636947145685554 0.00481431889347732 0.00689981849864125 0.00701706483960152 0.00710727931000292 0.00614786092191935 0.00403636663686484 0.00188213093206286 0.00384504529647529 0.00165251333964989 0.00424126463476568 0.00344332926906645 0.0031905856449157 0.00230476649012417 0.0019417131668888 0.00394165909383446 0.00146823675604537 0.00151218280661851
0.00699728848412633 0.0109342918731272 0.0165486307814717 0.0152400753460824 0.00968890972435474 0.0151200653985143 0.0171214509755373 0.0268939083442092 0.0134169165045023 0.047088386490941 0.0110367093235254 0.00235169313382357 0.00834370073862374 0.00556167713366449 0.00838291188701987 0.004810228664428 0.00878965817391872 0.00733360140584409 0.00799831780605018 0.0112744776532054 0.00786385745741427 0.0105107480660081 0.00868752356618643 0.0112221546471119 0.00654350253753364 0.00683303135447204 0.00634927148930728 0.0064249639865011 0.00615159389562905 0.00623831851407886 0.00528232138603926 0.00871725617907941 0.00587706575170159 0.00418158553075045 0.00433458467014134 0.00549313230440021 0.00936409826390445 0.00383195648901165 0.00167136871023104 0.00289685605093837 0.0108338329009712 0.00443295384757221 0.0031109208939597 0.00335605363361537 0.00333199421875179 0.00543876271694899
0.0150327896699309 0.0131537310779095 0.0202008087188005 0.0180745285004377 0.0209415292367339 0.0105750637128949 0.0155759607441723 0.0148199387826025 0.0235131842084229 0.045975785702467 0.0123266407288611 0.00617973729968071 0.0107044439762831 0.00379804642871022 0.00899954396300018 0.001821381773334 0.00324522356968373 0.00829508132301271 0.00998108899220824 0.00700044413097203 0.0137076802551746 0.0132119559682906 0.00381777815055102 0.00793583695776761 0.00579223898239434 0.00626560049131513 0.00656049172393978 0.00436990838497877 0.00405182891990989 0.00395635669119656 0.00383129022084177 0.00491858944296837 0.0079303793143481 0.00823693862184882 0.00822637006640434 0.00498542014975101 0.0044837491819635 0.00232074442319572 0.00512923519127071 0.011732036061585 0.00488776857964694 0.00326262733433396 0.00338156011421233 0.00361461425200105 0.00347117842175066 0.0055686516687274
0.0198460527695715 0.0127759114839137 0.0217090232297778 0.0161018732003868 0.013939356803894 0.263295368850231 0.0165752249769866 0.0182765887118876 0.013754990696907 0.0113571702502668 0.0141484887339175 0.011456451844424 0.00816555735655129 0.00837111244909465 0.0132912128232419 0.00489034433849156 0.00966094247996807 0.0087216068059206 0.00757260913960636 0.00714886477217078 0.00161618278361857 0.00728642558678985 0.00984693951904774 0.00710043720901012 0.00698786838911474 0.00685642189346254 0.00691417949274182 0.00565556799992919 0.00511175002902746 0.00629894314333797 0.0070318107958883 0.00678882692009211 0.00708064078353345 0.00698255491442978 0.00640334081836045 0.00423543434590101 0.00773271801881492 0.00402307766489685 0.0051245903596282 0.00352028280030936 0.00285075870342553 0.0028454831102863 0.0036446480313316 0.00355310623999685 0.00344795766286552 0.00352371535263956
0.0216988926753402 0.023846821859479 0.0190333595499396 0.0158781677484512 0.0173283376730978 0.0227815240621567 0.0100625704973936 0.0160897170193493 0.00934627521783113 0.00499576427973807 0.00490276096388698 0.0100237526930869 0.0124926956370473 0.00952207064256072 0.011723571177572 0.0108475562185049 0.0134400928393006 0.00858637895435095 0.00679185818880796 0.0136766045354307 0.00398898606654257 0.00702977385371923 0.00309674208983779 0.00629194178618491 0.0066772498190403 0.00625741053372622 0.00617282767780125 0.0120641713961959 0.00580675518140197 0.00178564523812383 0.00765120540745556 0.00532816844061017 0.0068049537949264 0.0055227390024811 0.00633914731442928 0.0020628668484278 0.00187728997552767 0.00630703424103558 0.00370637194719166 0.00477757062762976 0.00212441498879343 0.00395564965438098 0.00665827072225511 0.00507130813784897 0.00275642508640885 0.00162198866019025
0.0064935642760247 0.00493609765544534 0.00479137017391622 0.0114393135532737 0.023360456712544 0.00237403518985957 0.0300355492159724 0.00997732989490032 0.0242748452350497 0.00543849188834429 0.0106824933551252 0.00613399501889944 0.00903482609428465 0.0163332086056471 0.0236409276723862 0.00735662616789341 0.00605065510608256 0.00543025047518313 0.00746043189428747 0.0119863749481738 0.00922318948432803 0.00916009531356394 0.00793665684759617 0.00217116716085002 0.00677317338995635 0.00618831082247198 0.00499769994057715 0.00619453485123813 0.00591068384237587 0.00492928866297007 0.00428601915482432 0.00577043970115483 0.00527051924727857 0.00307041853666306 0.00166526851244271 0.00231937796343118 0.00549742095172405 0.00598183497786522 0.00717640509828925 0.0046531711705029 0.00603737602941692 0.00363688399083912 0.0044695942196995 0.00456498111598194 0.00530451885424554 0.00285834448877722
