Maxent_result_files_2/B_lucorum_3.asc
NCOLS 594 
NROWS 330 
XLLCORNER -15 
YLLCORNER 23 
CELLSIZE 0.166666666666667 
NODATA_value -9999 
[rows 80 to 99 of 330, columns 184 to 229 of 594]
0.487136402726173 0.463757783174515 0.151082556694746 0.219183653593063 0.571004608273506 0.677604645490646 0.495919555425644 0.400586333870888 0.3408790320158 0.577297508716583 0.780111557245254 0.165579972416162 0.0360813627019525 0.146294645220041 0.127745082229376 0.0357941135764122 0.101679346710443 0.0226286148652434 0.0272603651508689 0.0283949784934521 0.0268230622634292 0.0261767193675041 0.0675020329654217 0.0551852643489838 0.021140068769455 0.161331480741501 0.360987943410873 0.125384370237589 0.157983813434839 0.307795214653015 0.240060132741928 0.387040436267853 0.404118117690086 0.240189199149609 -9999 -9999 -9999 -9999 -9999 -9999 -9999 -9999 -9999 -9999 -9999 -9999
0.649520152807236 0.139287745207548 0.367059996724129 0.241785238683224 0.0608820751309395 0.104448641091585 0.0594171945005655 0.298277378082275 0.850977736711502 0.42664093375206 0.560791951417923 0.394230410456657 0.914471906423569 0.196931281685829 0.252304987609386 0.740007072687149 0.154246655851603 0.151878525316715 0.132617331296206 0.0889257311820984 0.0228977173566818 0.0413271373137832 0.143263750523329 0.112760023772717 0.205978006124496 0.218097217381001 0.296469475328922 0.121773210912943 0.266462528705597 0.336689287424088 0.184489174187183 0.279389141499996 0.201991707086563 0.212612475454807 0.207523345947266 -9999 -9999 -9999 -9999 -9999 -9999 -9999 -9999 -9999 -9999 -9999
0.449339225888252 0.589091926813126 0.452878752350807 0.484947162866592 0.349381473660469 0.552470135688782 0.358322706818581 0.0804937422275543 0.448948749899864 0.422091653943062 0.521786984801292 0.732926231622696 0.0612923335283995 0.0599021211266518 0.151143169403076 0.209007346630096 0.535279178619385 0.205383577942848 0.13105721399188 0.11748973056674 0.0250384224578738 0.0212756912223995 0.0199071990326047 0.0700123127549887 0.166184239834547 0.104024416208267 0.111663561314344 0.0985978074371815 0.265397852659225 0.228488187491894 0.204559993743896 0.245863573253155 0.188769868016243 -9999 -9999 -9999 -9999 -9999 -9999 -9999 -9999 -9999 -9999 -9999 -9999 -9999
0.529353761672974 0.147630832344294 0.352800995111465 0.277639704942703 0.237112794816494 0.202128145098686 0.226042965054512 0.206195494532585 0.0234363991767168 0.21661639213562 0.587148281931877 0.656872600317001 0.485239109396934 0.121330665051937 0.247530651092529 0.264039196074009 0.468985685706139 0.160034327208996 0.0287790214642882 0.251655274629593 0.238123998045921 0.138682682812214 0.108542349934578 0.11588077545166 0.0937919117510319 0.0994088269770145 0.192876143753529 0.136468172073364 0.103097020834684 0.141823935508728 0.157241667807102 0.0471138950437307 -9999 -9999 -9999 -9999 -9999 -9999 -9999 -9999 -9999 -9999 -9999 -9999 -9999 -9999
0.336596640944481 0.428218626976013 0.204489724338055 0.226780390739441 0.164461253583431 0.0980202347040176 0.0886859375983477 0.241886286437511 0.363522154092789 0.736921864748001 0.0924679383635521 0.542018961906433 0.150627445429564 0.185732984542847 0.112019533663988 0.122280413657427 0.180435332655907 0.155402801930904 0.163863316178322 0.123121929913759 0.154444934427738 0.14432158768177 0.120269775390625 0.0956546619534493 0.137260559946299 0.209388947486877 0.237256659567356 0.498745545744896 0.152689062058926 0.104845988750458 0.118823204189539 -9999 -9999 -9999 -9999 -9999 -9999 -9999 -9999 -9999 -9999 -9999 -9999 -9999 -9999 0.00452455738559365
0.231782884895802 0.276692433655262 0.144176255166531 0.174999922513962 0.178000751137733 0.12778909727931 0.13729191198945 0.165567220747471 0.121922798454762 0.0603334154933691 0.293531562387943 0.241142030060291 0.103360383957624 0.123345965147018 0.128731220960617 0.126939309388399 0.186870920658112 0.167494808137417 0.2520886734128 0.20552276968956 0.153703120350838 0.16560652256012 0.138554712384939 0.147528223693371 0.18137422055006 0.220832160115242 0.207603415846825 0.671249139308929 0.0649416409432888 -9999 -9999 -9999 -9999 -9999 -9999 -9999 -9999 -9999 -9999 -9999 -9999 -9999 0.0155292507261038 0.0361447796225548 0.106651835143566 0.159531636536121
0.255015391111374 0.274631807208061 0.275772853195667 0.277075301110744 0.2816311866045 0.150622329115868 0.163278523087502 0.231408782303333 0.190556383132935 0.179601602256298 0.207047247886658 0.219045275449753 0.142192040383816 0.253397583961487 0.137655375152826 0.150709739327431 0.264933077991009 0.241098183393478 0.234472753107548 0.330587193369865 0.275177843868732 0.176713028550148 0.322769051790237 0.191697213053703 0.268995998799801 -9999 -9999 -9999 -9999 -9999 -9999 -9999 -9999 -9999 -9999 -9999 -9999 -9999 -9999 -9999 -9999 0.0519379004836082 0.127723263204098 0.0687137473374605 0.0793570399284363 0.0231469606980681
0.26990482211113 0.283562308549881 0.40507493019104 0.258837650716305 0.364316356182098 0.212263993918896 0.21962101906538 0.196889074146748 0.243124049901962 0.271510595083237 0.197069457173347 0.306832924485207 0.3161869764328 0.23129958063364 0.199255113303661 0.272955837845802 0.222403715550899 0.235650441050529 0.241059954464436 0.299361330270767 0.223446676135063 0.110007046163082 -9999 -9999 -9999 -9999 -9999 -9999 -9999 -9999 -9999 -9999 -9999 -9999 -9999 -9999 -9999 -9999 -9999 -9999 0.117263542860746 0.196219995617867 0.151932083070278 0.0341065965592861 0.0395064037293196 0.068451526388526
0.286279410123825 0.280552393198013 0.253496396541595 0.188402853906155 0.20213917195797 0.211147812008858 0.292381136119366 0.329141995310783 0.487227991223335 0.185309588909149 0.285776150226593 0.214244304597378 0.28293100297451 0.319143217802048 0.349665257334709 0.308642429113388 0.360212808847427 0.247542349994183 0.345043215155601 0.0929157249629498 -9999 -9999 -9999 -9999 -9999 -9999 -9999 -9999 -9999 -9999 -9999 -9999 -9999 0.0157744930125773 -9999 -9999 0.0156597785651684 0.0158633247949183 0.0181164958514273 0.0765074729919434 0.0900575257837772 0.519812995195389 0.211426627635956 0.145268385112286 0.0930943928658962 0.0207134039141238
0.274843220412731 0.355756348371506 0.271549960970879 0.257957763969898 0.229922594130039 0.168162819743156 0.322561451792717 0.374152782559395 0.302992814779282 0.25873675942421 0.24540209621191 0.211863820254803 0.316259050369263 0.333277308940887 0.277219513058662 0.357211539149284 0.292159748077393 -9999 -9999 -9999 -9999 -9999 -9999 -9999 -9999 -9999 -9999 -9999 -9999 -9999 -9999 -9999 -9999 -9999 -9999 0.175083501636982 0.4746307939291 0.373072066903114 0.47796865105629 0.274346409738064 0.580981224775314 0.447110506892204 0.409118390083313 0.16012617200613 0.11862665861845 0.188873018324375
0.187539021670818 0.18451199233532 0.344801551103592 0.188867726922035 0.20147856771946 0.281536418199539 0.19324144423008 0.230328819155693 0.349058735370636 0.281065770983696 0.183477072417736 0.326068311929703 0.274768435955048 0.163203486800194 0.509710249304771 0.168328259885311 0.0757667083293199 -9999 -9999 -9999 -9999 -9999 -9999 -9999 -9999 -9999 -9999 -9999 -9999 -9999 -9999 -9999 -9999 -9999 0.0149129154160619 0.338774248957634 0.243963216245174 0.357839170098305 0.339052739739418 0.189935994148254 0.479742100834846 0.334588503837585 0.239713691174984 0.291135534644127 0.323980318009853 0.198963539302349
0.324292105436325 0.204785637557507 0.215450187027454 0.215315823256969 0.295808357000351 0.301412403583527 0.31723410487175 0.317863693833351 0.265129007399082 0.414984208345413 0.238243514299393 0.398732367157936 0.372478154301643 0.169368515908718 0.0777288757264614 -9999 -9999 -9999 -9999 -9999 -9999 -9999 -9999 -9999 -9999 -9999 -9999 -9999 -9999 -9999 -9999 -9999 -9999 0.113751726597548 0.117696221917868 0.226840227842331 0.167515435814857 0.411240693926811 0.137565238773823 0.413704943656921 0.420112723112106 0.145057610422373 0.430855220556259 0.576874679327011 0.115719120204449 0.337071833014488
0.209841066598892 0.368026730418205 0.230744157731533 0.346617576479912 0.271012036502361 0.311007526516914 0.339487782120705 0.350225332379341 0.406442537903786 0.331430169939995 0.328543072938919 0.285535863041878 0.239277292788029 0.140203127264976 -9999 -9999 -9999 -9999 -9999 -9999 -9999 -9999 -9999 -9999 -9999 -9999 -9999 -9999 -9999 -9999 -9999 -9999 -9999 0.111347059160471 0.293522998690605 0.289738617837429 0.142815919220448 0.124094823747873 0.358826291561127 0.368029895424843 0.606590664386749 0.645986366271973 0.464953234791756 0.579125425219536 0.387512737512589 0.145070390403271
0.277092272043228 0.238477063179016 0.18327122926712 0.390961334109306 0.134999484568834 0.336993631720543 0.385001203417778 0.237146945297718 0.214391982555389 0.235604803264141 0.102605480700731 -9999 -9999 -9999 -9999 -9999 -9999 -9999 -9999 -9999 -9999 -9999 -9999 -9999 -9999 -9999 -9999 -9999 -9999 -9999 -9999 -9999 -9999 0.0749487955123186 0.324916997551918 0.303758305311203 0.371400898694992 0.46171986758709 0.128697248548269 0.309163391590118 0.366067773103714 0.511519166827202 0.527665030956268 0.438673284649849 0.139224468171597 0.167258475720882
0.211673071980476 0.381727156043053 0.327090433239937 0.240214397013187 0.303734984993935 0.334565073251724 0.314691767096519 0.370355641841888 0.327074718475342 0.326021364331245 0.371944645047188 -9999 -9999 -9999 -9999 -9999 -9999 -9999 -9999 -9999 -9999 -9999 -9999 -9999 -9999 -9999 -9999 -9999 -9999 -9999 -9999 -9999 -9999 -9999 0.143465200811625 0.480622950196266 0.378098225593567 0.170503102242947 0.171256865561008 0.548978325724602 0.172998687624931 0.551496285200119 0.213094465434551 0.146675161272287 0.183651183545589 0.108639664202929
0.388255345821381 0.332241982221603 0.156869664788246 0.2771050542593 0.431879279017448 0.321727982163429 0.441270610690117 0.355176055431366 0.455157864093781 0.434230697154999 0.207599610090256 -9999 -9999 -9999 -9999 -9999 -9999 -9999 -9999 -9999 -9999 -9999 -9999 -9999 -9999 -9999 -9999 -9999 -9999 -9999 -9999 -9999 -9999 -9999 0.108712806552649 0.225004133582115 0.133629174530506 0.172853314876556 0.148885250836611 0.229084356129169 0.20452334433794 0.170133510231972 0.244190829992294 0.177258035540581 0.0975902885198593 0.157953092455864
0.206070193648338 0.35545842051506 0.320576444268227 0.304481303691864 0.305790722370148 0.341996139287949 0.261849522590637 0.360053968429565 0.577984136343002 0.553035092353821 -9999 -9999 -9999 -9999 -9999 -9999 -9999 -9999 -9999 -9999 -9999 -9999 -9999 -9999 -9999 -9999 -9999 -9999 -9999 -9999 -9999 -9999 -9999 -9999 -9999 0.165424519777298 0.124406486749649 0.0731156673282385 0.0940926268696785 0.222001969814301 0.162853617966175 0.0505253795534372 0.0500397983938456 0.0980170264840126 0.0983731411397457 0.170740248262882
0.401697528362274 0.34112776517868 0.456221136450768 0.323904329538345 0.425216326117516 0.686158746480942 0.613869488239288 0.689927917718887 0.717318665981293 0.148583251237869 -9999 -9999 -9999 -9999 -9999 -9999 -9999 -9999 -9999 -9999 -9999 -9999 -9999 -9999 -9999 -9999 -9999 -9999 -9999 -9999 -9999 -9999 -9999 -9999 -9999 0.0871322274208069 0.425604444742203 0.352774930000305 0.233505448698998 0.407618403434753 0.137850007414818 0.242843322455883 0.21218137294054 0.103703381866217 0.0816424179822206 0.0851785689592361
0.377623251080513 0.27445497661829 0.361843332648277 0.559285327792168 0.535819461941719 0.423320731520653 0.418561524152756 0.313583967089653 0.343560445308685 -9999 -9999 -9999 -9999 -9999 -9999 -9999 -9999 -9999 -9999 -9999 -9999 -9999 -9999 -9999 -9999 -9999 -9999 -9999 -9999 -9999 -9999 -9999 -9999 -9999 -9999 -9999 0.502597403526306 0.56838271021843 0.337803384661674 0.22817525267601 0.213582590222359 0.284649381041527 0.268942883610725 0.128798061609268 0.0816256754100323 0.098052853345871
0.472970107197762 0.688540709018707 0.746183061599731 0.621523010730743 0.663037365674973 0.558754181861877 0.625619411468506 0.217732977867126 0.218502646684647 -9999 -9999 -9999 -9999 -9999 -9999 -9999 -9999 -9999 -9999 -9999 -9999 -9999 -9999 -9999 -9999 -9999 -9999 -9999 -9999 -9999 -9999 -9999 -9999 -9999 -9999 0.158543737232685 0.94034583568573 0.478985670208931 0.513338422775269 0.310724318027496 0.29473385810852 0.442036417126656 0.293354091048241 0.339486911892891 0.161835379898548 0.1491186209023
