Maxent_result_files_2/B_magnus_2.asc
NCOLS 594 
NROWS 330 
XLLCORNER -15 
YLLCORNER 23 
CELLSIZE 0.166666666666667 
NODATA_value -9999 
[rows 260 to 279 of 330, columns 45 to 89 of 594]
-9999 -9999 -9999 -9999 -9999 -9999 2.62008005393e-05 2.88858388479696e-06 7.35032365639654e-06 8.96182529501743e-06 1.02815670629752e-05 1.21102166254161e-05 1.58920665306539e-05 5.63240880495641e-06 1.21874636533903e-06 5.27693664480466e-06 4.05325736246853e-06 2.35089555644663e-06 1.9485990924295e-05 4.55910018758332e-05 0.000319793633843801 0.000749773310963064 0.000103697825761628 4.98754961881787e-05 0.000327571166417329 3.53181048922124e-05 7.32875621451967e-06 7.69556331761123e-06 0.000305327372916508 0.000193391432094359 0.000255183740955545 0.000287179564475082 0.000185350755145919 0.000219386056960502 0.000332699347200105 0.000227851782437938 0.000208851005845645 0.000182710649096407 0.0001675258467003 0.000631643178712693 0.000439206431474304 0.000107787652666502 0.000422031145535584 0.000433273348244256 7.76412666766646e-05
-9999 -9999 -9999 -9999 -9999 -9999 8.8728474615607e-06 4.61220585590283e-06 6.04342928731683e-06 7.65073130892802e-06 9.78398709605699e-06 1.15400341883287e-05 1.42589925388847e-05 1.72707765926816e-05 1.17001381056525e-05 1.03343158443181e-05 7.60413808293947e-06 6.97499897341913e-06 2.76192839052669e-06 3.10028190142475e-06 8.50877410203399e-06 9.99366260998613e-06 5.54513430870429e-06 6.6006117890538e-06 6.5121793227263e-06 9.53413457409624e-06 2.60829220678716e-05 2.56928376984433e-05 0.000764248442283133 0.000559709151275456 0.000441171042984934 0.000378750992513233 0.000268294294073712 0.000495552438951563 0.000225845063323504 0.000203667243113159 0.000250484575371956 0.000352603235296556 0.000231529403890818 0.000343064007938665 0.000107449702227314 0.000291767457838432 0.000200899309834313 7.97427860732114e-05 0.000137579071372329
-9999 -9999 -9999 -9999 -9999 9.25045117270429e-06 6.18274351538162e-06 4.33397311292438e-06 5.78996822699906e-06 7.94752290005363e-06 1.21289580178541e-05 1.51708572957432e-05 1.26014261581986e-05 1.10488216193971e-05 1.17636884553463e-05 8.31031424581852e-06 5.44998161728927e-06 5.3719872319391e-06 2.05828273465158e-06 3.33491824885401e-06 3.3007885756775e-06 5.41091177375108e-07 1.61468392150255e-06 8.59824651655572e-07 2.2521866114289e-06 3.86886500223227e-06 2.0320924591033e-05 3.89320858630526e-05 0.000125342471437762 0.000248831087810686 0.000302485940119368 0.000247600799957581 0.000209376610405343 0.000169021119654644 0.000143469818522135 9.46984639085713e-05 0.000276434756051458 4.14334868764854e-05 2.76056617167342e-05 0.000123025530137966 4.3915723742316e-05 1.4404160592818e-05 1.06231147078972e-06 1.14226378240545e-06 1.2418426923233e-06
-9999 -9999 -9999 -9999 4.40136106479638e-05 1.00972604357707e-05 7.31683391705928e-06 7.13902989062376e-06 7.17948399255874e-06 1.4554363836794e-06 1.95443091911329e-05 1.61132877125714e-05 9.0241546861991e-06 5.53291730653882e-06 2.16759819068102e-05 4.24539634167331e-06 2.45331857229303e-06 1.24543799131516e-06 2.38993942693888e-06 3.17435129545629e-05 0.000136722216854257 2.89015231828671e-05 3.7627706819876e-05 4.35357503079104e-06 3.99207320356254e-06 7.41050221790829e-06 0.0104797387961298 0.00375004157540388 0.000710015586810187 0.000361524671643565 3.11260024318472e-05 1.14105811917398e-05 1.30321573351466e-05 8.36732597235823e-06 1.21013145871984e-05 0.000123090355737077 1.85878332857214e-05 1.84690532094578e-06 2.39580301411024e-06 1.6828195921903e-05 1.66572770240236e-05 5.15568341370454e-06 1.01734940471943e-06 3.1531742340718e-06 3.61075970261027e-06
-9999 -9999 -9999 8.81560787093227e-05 9.8347945867161e-07 6.42102315190352e-06 1.80130323713001e-05 1.40295901303489e-05 1.2018307904782e-05 4.84585233024859e-06 2.18510505703762e-05 2.29630387650559e-05 1.13014418177571e-05 7.05923546036047e-06 6.31471143748286e-06 2.97112854070747e-06 4.13933198188943e-06 2.76331763942039e-06 0.000143170742690302 0.00189107838086784 0.00257187518291175 0.00595945101231337 0.000354863385200588 2.80469286281004e-05 1.0801687676576e-05 0.000176074269802484 0.000442555562221969 9.27308137761429e-05 3.07811270431557e-05 1.84799450380524e-05 2.12320225330131e-06 1.73107106471448e-06 1.4814206281244e-06 1.29858259754201e-06 1.74132487451573e-06 8.34046592217419e-06 1.16122129973917e-06 2.01388859011331e-06 1.33296209412492e-06 1.82810129558675e-06 5.68493455830321e-06 4.96798347739968e-06 1.1360560198348e-06 9.67507092486386e-07 1.08673319587638e-06
-9999 5.68362008408485e-05 1.49109318954288e-06 1.72383606695803e-06 2.65791059064213e-06 4.08754425418323e-06 4.68614094870645e-06 1.64455378211414e-05 1.91850817600425e-05 4.92795734317042e-06 1.44101050771894e-05 1.37464028910017e-05 1.22053914878961e-05 1.31762089317533e-05 0.000161495096287712 0.000249554549223163 0.000207605276773393 6.50328800475108e-05 3.10088700672395e-05 0.000664732379664201 0.00735177746973932 0.0331694632768631 0.000810099218506366 2.2979752293395e-05 3.55934455001261e-05 0.000106972780849901 4.17803506479686e-05 1.34944043963969e-05 4.48456160526689e-06 3.29217908010548e-06 2.39729439339698e-06 1.24892952646505e-06 1.25225058198453e-06 1.35146266586617e-06 1.98284534747017e-06 2.32015349972414e-06 9.21863031777548e-07 1.40194156657003e-06 1.32091541189538e-06 1.44616264918795e-06 1.30835266318741e-06 1.91663365711747e-06 2.90805076588185e-06 1.15433955798494e-06 6.65785653630735e-07
0.00480391192926462 3.2803916613533e-06 1.62115593411727e-06 2.09968366107205e-06 6.16101732084928e-06 1.17799145300523e-05 4.5483435172855e-06 5.2029396982789e-06 4.0914754208643e-06 8.03357324912213e-06 9.85875012702309e-06 2.32383689564131e-05 1.65245915717094e-05 3.01051273709163e-05 0.000292712374784654 0.00158498930977657 0.00126390550140059 0.000333943391524372 0.00211620617774315 0.00652343179099262 0.00749221909209155 0.00445155708875973 0.000352164846117375 0.000136917549434656 8.87121165305871e-05 3.49397275499541e-05 4.67655126143995e-06 3.350760000842e-06 2.09611734973691e-06 1.56310038192942e-06 1.44301380409217e-06 1.1999195834278e-06 1.151833545876e-06 1.29493666065628e-06 9.96891228055574e-07 7.71275623323575e-07 8.40452234740496e-07 9.92899936136382e-07 8.52054316879958e-07 9.09637997992263e-07 1.09851221097301e-06 1.18752312729953e-06 7.35327349943304e-07 9.83553180677887e-07 8.35573336388507e-07
6.86773462064139e-06 6.9958351886612e-06 3.59615892264742e-06 2.68613839580212e-06 4.6428867385373e-06 1.99696674371808e-05 1.22933052736585e-05 3.74570008716546e-06 5.17493826919235e-06 1.58550887135789e-05 0.00013990038191527 4.07035150033153e-05 1.2459492262451e-05 1.471087889513e-05 0.000363803212575331 0.00167513279011473 0.000846082800126169 0.0018792835297063 5.52005549252499e-05 0.000363305518840207 0.000531611559563316 0.000124866665919399 3.16738707169861e-05 2.07783151267904e-05 1.89414363887863e-05 7.77862397285389e-06 3.92261111628045e-06 6.36983974402483e-06 4.18408338589415e-06 1.33206710302147e-06 1.23385880073101e-06 1.49305298293712e-06 9.2288759958592e-07 8.3273088336e-07 9.98530970264255e-07 1.22515481457697e-06 8.07105763911409e-07 2.432322378354e-06 1.16923795872026e-06 1.23011274517637e-06 8.11593100280561e-07 7.83778612145625e-07 8.27519788160203e-07 6.89021768263132e-07 1.81109906804977e-06
5.94043146975309e-06 7.61888407083688e-06 3.57250542393217e-06 5.48599361991364e-06 6.65507703843105e-06 6.85626505116943e-06 1.72592673663985e-05 8.14825543784536e-06 1.50661969559707e-05 7.1142305387184e-06 0.000103423840999106 0.000151883553917287 7.23578326869978e-05 5.2933458937332e-05 0.00110567558040202 0.00305657960125245 0.000287188310176134 1.67305341292945e-05 6.26035649020196e-05 6.29964727977494e-05 3.706013314968e-05 1.71736578892023e-05 4.10587967145659e-06 2.25270955178658e-06 3.62033298628717e-06 4.41655914613648e-06 4.44899969522794e-06 6.933724878877e-06 4.41141142744073e-06 2.8641693106124e-06 2.53225397273127e-06 2.16135061918976e-06 8.60008387348898e-07 1.83154307080713e-06 1.63215059671984e-06 5.4163188953904e-07 5.70398647470327e-07 7.27735528549545e-07 7.54837246219609e-07 1.04152189805973e-06 9.262634851126e-07 9.2729803640168e-07 5.16967160280046e-07 6.40866212098246e-07 5.28179504122317e-07
8.05887846127007e-06 1.52155725004377e-05 4.89894946085201e-06 5.7964090856899e-06 9.9088624025967e-06 2.53424557632442e-06 1.64776756832907e-05 3.69738997562763e-05 6.98699706696004e-06 1.04535538412165e-05 1.82430027706459e-05 4.90800210754871e-05 2.33362967264839e-05 3.99381446186453e-05 0.00681214998476207 0.00199406864776392 0.000196948318262002 2.39801990460364e-05 9.04429480215185e-05 1.42824488037263e-05 1.61734852667905e-05 1.62353431790052e-05 1.17437263016384e-06 2.52166388388098e-06 3.23660779093515e-06 5.29950041325833e-06 6.326517927846e-06 7.54393005877318e-06 1.94998316302986e-06 5.36501508463516e-06 3.35750779640875e-06 1.04512047016669e-06 1.93840010354052e-06 1.8689105772296e-06 5.83141551402377e-07 4.91295983273687e-07 1.29499755576745e-06 4.35713180468866e-07 5.20381102653289e-07 6.66100784840751e-07 5.55139533453541e-07 4.3645660703362e-07 4.2086648464057e-07 3.97702714016734e-07 3.47751433071863e-07
1.04214491358334e-05 1.1220452817895e-05 8.47086614754744e-06 2.75028136798028e-06 1.58905187923608e-06 9.77573843030655e-07 1.69804663237016e-06 1.6497597366083e-05 4.02582808078478e-05 3.41824455261985e-05 1.51245690005908e-05 1.5480867296036e-05 4.26462414907292e-05 2.04564305022359e-05 0.000129909600309475 5.49010041595466e-05 7.45933835332835e-05 0.000231803556141585 1.99916714507253e-05 6.01472387415924e-06 8.85836091413239e-06 3.77052376627773e-06 8.7847667039398e-06 1.86920741329644e-06 3.26811349071754e-06 4.19755405687283e-06 4.37816430123306e-06 1.89111766530914e-06 1.26689090578225e-06 1.07568969305305e-06 1.07855696001025e-06 1.37828882316171e-06 5.40474682431125e-07 1.09223723647744e-06 4.2151121828482e-07 1.02258362844054e-06 3.76860447348637e-07 5.81553919065669e-07 6.72982715377302e-07 4.02370746854785e-07 1.27121480373304e-06 4.65264235560703e-07 1.06727217428215e-05 4.101687413538e-06 1.32221340187755e-06
4.61672020506398e-06 4.78981181117888e-06 1.95864449974437e-06 9.44727779117471e-07 9.62844800067586e-07 1.01943280654382e-05 3.38449425143494e-06 1.66176118474581e-06 1.40967050143104e-05 1.69674808240927e-05 3.45804440999409e-05 2.70202925079843e-05 0.000227219277933155 0.000318412392843825 2.76893484169705e-05 1.61454900705849e-05 3.64425507768829e-05 1.66349286416789e-05 1.47179787859386e-05 1.35379651311496e-05 1.26747159455931e-05 2.08262867772646e-05 1.64855515478735e-05 1.12488197224536e-05 3.68623283200087e-06 7.16982630279972e-06 9.55783612721639e-07 3.68685242391198e-07 3.73097107964071e-07 4.17267413155287e-07 5.93393097858552e-07 7.32627495869664e-07 6.10956646696081e-07 2.3806808329141e-07 2.08038201954253e-07 2.46501606859795e-07 7.01344429243633e-07 1.48777976205494e-06 9.72983267666372e-07 3.59709662156593e-07 9.28568297320354e-07 8.17022897425801e-07 2.88491806159641e-06 7.35070854895881e-07 7.23295933235946e-07
1.2108918485465e-06 8.41659549521978e-07 9.45807314023384e-07 2.21207449131455e-06 7.55173562794198e-07 6.86452808817961e-07 7.77883350089326e-07 2.34290229812473e-06 6.03275293542538e-07 2.24894189159386e-05 0.000208330608135332 0.000640170542465057 5.99006860284135e-05 7.48081111851206e-05 0.000101282439391071 0.000335102139797527 0.000170483682995837 9.14855129849457e-05 8.44378445435723e-05 7.73035488464302e-05 5.09041201894433e-05 6.4804452563294e-05 7.06897121517613e-05 3.65003670310671e-05 3.18421025280458e-06 1.01832885670561e-06 6.21927174471182e-07 2.18756616376936e-07 1.6246855065738e-07 2.28424768433655e-07 2.45733087922417e-07 1.51170409679047e-07 1.48315701697932e-07 1.15586336846274e-07 1.9751615111252e-07 1.75760369824918e-07 1.88471432960302e-07 6.19084679320814e-07 2.73114156108534e-06 1.27300022203514e-06 1.399426050952e-06 9.61155872358788e-07 5.41130116649136e-07 3.00513621964704e-07 9.83744604776682e-08
9.95892731259218e-07 1.08106709246769e-06 5.34755927521502e-06 4.54977316943772e-07 1.75841140839239e-06 3.41917293056326e-06 2.50507648580367e-06 2.41591333192126e-06 5.26053776421009e-05 0.000140285089946701 0.00107695523329312 0.000624005767167546 0.00799926854670048 0.000428312036819989 0.00023929519502417 0.000112340359510199 0.000140763499803143 3.82604166759393e-05 2.62136345952513e-05 4.02921515501475e-05 2.19720206388274e-05 7.6645401215103e-06 1.53763327683798e-06 9.47663787131958e-07 1.6414260283204e-07 6.89508979467846e-08 2.85706511227168e-08 6.786848657514e-08 5.83592356551144e-08 4.70096104265849e-08 4.31937281941686e-08 1.16664831306679e-07 1.08132104570391e-07 2.51630375003309e-07 1.37958674395477e-07 1.94412955945023e-07 8.12682938633458e-07 1.07744427548795e-06 7.47910138159114e-06 1.01433940402629e-06 3.8934385192535e-07 1.24468945505996e-07 8.68882738647159e-08 8.78104925772227e-08 7.60347829142916e-08
1.6548559597318e-06 7.78347691676728e-07 4.79180542862778e-06 8.57525787267832e-07 1.90181286345847e-06 1.06477209556033e-06 2.71048647846328e-06 0.000178771703031089 0.000289006397360936 0.00124345500662457 8.15588809928158e-05 0.00166413999395445 0.00562269659712911 0.000280558263330022 0.000151158623157244 4.8167225133966e-05 2.95483538820918e-05 3.59192241376149e-05 7.51108773755504e-06 5.02372197246359e-06 3.42534954835827e-06 1.54709166837463e-06 4.11077205819677e-07 5.76354061587736e-08 4.8013281739312e-08 4.82116040978475e-08 5.55239099919724e-08 1.89466598743415e-08 2.15300810735286e-08 5.4933403903501e-08 3.29411252053546e-08 4.60584328787483e-08 7.47455303984346e-08 2.79868217956114e-07 1.56102553339199e-07 4.26164016087416e-07 7.05334819661729e-07 2.29804891505037e-07 4.38913583700185e-07 1.0095399659571e-07 8.39378682782055e-08 7.48074225453976e-08 1.55456360417805e-07 1.76614972335898e-07 1.48862778226455e-07
2.93395246533379e-06 8.24238108154685e-07 2.02241365307998e-06 1.33749958854956e-06 1.92842334723053e-06 1.27697605512012e-05 1.59230900678153e-06 0.00141058450681157 0.00363352932035923 0.000195489765951606 3.45480869782477e-05 5.60649995804852e-05 2.91448887111301e-05 4.86113642637065e-05 4.68797790176723e-05 3.4384934724585e-05 0.00015527160601323 1.4908042774664e-05 1.51413527436084e-06 1.04840322028288e-06 3.79938812478109e-07 1.09931675085218e-07 5.23811404917751e-08 4.77054538650101e-08 1.76657005246383e-08 9.06370813957835e-09 7.59297626995448e-09 7.88989265032569e-09 1.05536048788935e-08 1.82595476072578e-08 2.61676271207101e-08 3.44450316713818e-08 6.79483464272046e-08 1.68336396011437e-07 1.55284006631007e-07 9.69779507253854e-08 7.33981079692469e-08 5.55383524392106e-08 5.39001993260513e-08 4.89857825192175e-08 1.2388995382917e-07 9.31348428268031e-08 1.04593121086349e-07 1.15621285112777e-07 1.30418820343259e-07
4.47329287531773e-06 1.07760058578599e-06 9.911770364468e-07 2.08004048714017e-06 5.42318968008715e-06 0.000115273495066504 0.000798882386879995 0.000746751436963677 0.00187079571187496 0.000180844039243766 3.44903005725428e-05 5.07290696987184e-05 2.50628521598628e-05 3.57566742195559e-05 8.02617302895214e-06 1.13232697458443e-06 5.7715404294667e-07 2.13458770936814e-07 6.13591492171217e-08 2.24985693808577e-07 5.80824105367306e-08 5.36135212114708e-08 6.27357370053261e-08 2.53743044797972e-08 2.44361165857576e-08 1.75993862927548e-08 1.26951678502962e-08 1.02169986693212e-08 1.49421687578588e-08 9.22383134316362e-09 1.16437909314371e-08 1.84946431280864e-08 2.69006575570607e-08 5.00102605771602e-08 2.51597187195252e-08 2.78619330718044e-08 6.15880859755613e-08 5.74317614576714e-08 3.6083276011567e-08 7.63015065463613e-08 9.09718885111488e-08 7.87817749370312e-08 7.45822616887715e-08 8.17234325323213e-08 9.17852741477709e-08
9.85276407483582e-07 1.21302244373567e-06 1.97288020373776e-06 1.52864632809724e-05 0.00212567166618101 0.000452998227046919 0.000960896355900331 4.02130951442814e-05 0.000316442153780372 5.52319696453196e-05 3.70827343886049e-05 2.32176668646389e-05 1.9664001649744e-05 2.11218925088019e-06 4.52904876158122e-07 1.67959276708984e-07 2.87238712015636e-07 1.93443685381212e-07 2.30781845589334e-07 6.78739638049208e-08 6.92973345928216e-08 6.86426511076199e-08 4.14636362466858e-08 3.52991016416837e-08 3.4528821202251e-08 3.86124081042105e-08 1.56465820189133e-08 6.7197472142233e-09 5.14302109788645e-09 1.59104828978407e-08 2.24705304252559e-08 2.87855977498808e-08 1.70562697743293e-08 2.18697649878585e-08 1.73629275068699e-08 1.78185421972898e-08 4.2301112501697e-08 2.88396097225529e-08 8.24475063221364e-08 8.72247769234669e-08 7.58693299296453e-08 7.4564978647107e-08 5.3615050921163e-08 6.86691881579549e-08 5.98019447628495e-08
1.65536838675373e-05 1.97792560399868e-05 0.000782788766809972 0.0099477656185627 0.000114964885869995 0.000102844489811105 6.25475055130664e-05 0.000118311418214034 2.34827337294519e-05 1.85638336688498e-05 1.07164751341315e-05 1.43338148745897e-06 5.04331077821885e-07 2.72041002213896e-07 2.2596635704808e-07 1.32342516379058e-07 8.93369590415638e-08 4.12525040127676e-08 7.95314947232839e-08 6.97182077402658e-08 6.99392185721237e-08 1.16745462275247e-07 7.71355130546603e-08 6.06339683240087e-08 2.95369585678884e-08 1.7619228298571e-08 1.1799477639407e-08 1.07596609510985e-08 6.93860303657701e-09 1.50124736753021e-08 1.977310341017e-08 6.78711008506028e-09 1.73987765084149e-08 1.20268995096318e-08 2.62787182236934e-08 1.61634874262795e-08 1.58785983028764e-08 5.17442350966846e-08 6.87801393617349e-08 6.75144091188962e-08 5.4367881563433e-08 5.31463640873753e-08 3.70194590204598e-08 4.65380282754779e-08 4.54988793752165e-08
0.00256677595316432 0.00125685722159687 3.99016080336878e-05 0.000398398545803502 5.39685269359325e-05 5.53156765363383e-05 4.38660011241154e-05 2.68382171043413e-05 4.0618066002196e-06 2.07861376804175e-06 3.26382585713603e-07 4.79337522107937e-07 2.85065124316919e-07 1.70911638841531e-07 2.69960975363137e-07 2.8284475961371e-07 1.11618202569552e-07 4.00907875341972e-08 5.87622198677806e-08 2.07477947822277e-08 3.09260669739686e-08 2.73214397772392e-08 2.96258598875276e-08 6.79326667363256e-08 2.82438609167102e-08 2.05643351014473e-08 1.28526823517383e-08 4.18368706345262e-09 4.54260938864692e-09 9.5894405638397e-09 1.56172670795485e-08 2.14052013003396e-08 2.33108752412114e-08 1.78258703131817e-08 2.54298190172086e-08 1.89327970079312e-08 3.24014079455814e-08 3.92208175603592e-08 4.23884735423208e-08 4.42133406219902e-08 3.90377942527387e-08 4.10047075294351e-08 3.00881624837324e-08 3.49157931900379e-08 3.16613334105931e-08
