Maxent_result_files_2/B_magnus_3.asc
NCOLS 594 
NROWS 330 
XLLCORNER -15 
YLLCORNER 23 
CELLSIZE 0.166666666666667 
NODATA_value -9999 
[rows 60 to 79 of 330, columns 360 to 404 of 594]
6.80516386637464e-06 7.02802863088436e-06 7.28314480511472e-06 7.38206435926259e-06 7.54712818888947e-06 8.54921308928169e-06 1.53103159391321e-05 1.15672119136434e-05 1.71875755768269e-05 0 -9999 -9999 -9999 -9999 -9999 -9999 -9999 -9999 -9999 -9999 -9999 -9999 -9999 -9999 -9999 -9999 -9999 4.98116241942625e-06 5.61196975468192e-06 2.39702676481102e-06 6.35797478025779e-06 3.23406493407674e-06 1.28640140246716e-06 1.2126678484492e-06 1.12124334918917e-06 1.08235499283182e-06 9.83096015261253e-07 9.59877797868103e-07 9.17947636480676e-07 8.61231819726527e-07 8.06239222583827e-07 2.52177178481361e-06 1.84036925929831e-06 1.79668058990501e-06 2.21776881517144e-06
1.502531231381e-05 2.69851007033139e-05 3.46311571775004e-05 7.7528360998258e-05 0.000381931778974831 -9999 -9999 -9999 -9999 -9999 -9999 -9999 -9999 -9999 -9999 -9999 -9999 -9999 -9999 -9999 -9999 -9999 -9999 1.8203210493084e-05 5.13509512529708e-06 3.32858544425108e-06 2.07749944820534e-06 1.96455548575614e-06 1.7678374206298e-06 1.53654746100074e-06 1.37589004225447e-06 1.22675919556059e-06 1.12770758278202e-06 2.52397603617283e-06 2.46332092501689e-06 9.29176894715056e-07 8.81186315382365e-07 8.23271875560749e-07 8.17576164990896e-07 7.93754225014709e-07 7.47428748582024e-07 7.10705853634863e-07 1.54598292283481e-06 0 3.05648398352787e-05
0 3.48109198966995e-05 -9999 -9999 -9999 -9999 -9999 -9999 -9999 -9999 -9999 -9999 -9999 -9999 -9999 -9999 -9999 1.01983096101321e-05 7.43249329389073e-06 3.5144948924426e-06 4.08362138841767e-06 6.82799145579338e-06 3.04994755424559e-06 2.62749108514981e-06 5.4930045735091e-06 4.38756578660104e-06 1.62885880854446e-06 1.46135989780305e-06 2.90450316242641e-06 1.14587863208726e-05 2.54945484812197e-07 1.38844161483576e-06 4.02260702685453e-06 1.23366680782055e-06 9.47624448599527e-07 2.06258355319733e-06 1.95971097127767e-06 7.82786628406029e-07 7.50439312469098e-07 7.15465239409241e-07 6.96063125360524e-07 3.42637372341414e-07 6.89182343194261e-07 0 1.91778303815227e-07
-9999 -9999 -9999 -9999 -9999 -9999 -9999 -9999 -9999 -9999 -9999 -9999 -9999 -9999 -9999 -9999 -9999 1.67858495842665e-05 3.11010371660814e-06 3.13622003886849e-06 3.42488128808327e-06 3.18845450237859e-06 3.16406330966856e-06 4.18107229052111e-06 2.79075738944812e-06 3.10343384626322e-06 2.49076783802593e-06 2.20352776523214e-06 7.20510797691531e-07 1.77900892595062e-06 4.46402591478545e-06 1.16004794108449e-06 1.06475081338431e-06 7.120177087927e-07 4.15751237596851e-06 8.58771454659291e-07 1.89943511941237e-06 1.03292950370815e-07 1.17949718969612e-07 2.42998812609585e-06 4.03400872528437e-07 3.61448655894492e-07 6.87635338181281e-07 4.28241655754391e-06 4.69017686555162e-05
3.08203103486449e-05 -9999 -9999 -9999 -9999 -9999 -9999 -9999 -9999 -9999 -9999 -9999 -9999 -9999 -9999 -9999 -9999 7.76884699007496e-06 2.33059417951154e-06 1.8923881725641e-06 1.14785616460722e-05 2.99956191156525e-06 2.88691662717611e-06 2.90332482109079e-06 2.87322345684515e-06 2.68787989625707e-06 2.26875963562634e-06 1.84882137546083e-06 3.19941282214131e-06 4.23310448240954e-06 4.21884749357559e-16 1.16218521725386e-05 1.18522830234724e-06 1.48493181768572e-06 1.86453016794985e-06 7.08584639141918e-07 2.34577692026505e-06 1.81631148734596e-06 3.98349357055849e-07 1.98080647351162e-07 7.36043739379966e-07 1.20333186259813e-07 4.46075728177675e-07 1.5978535884642e-06 2.00812905859493e-07
0 0 0 0 -9999 -9999 -9999 -9999 -9999 -9999 -9999 -9999 -9999 -9999 -9999 -9999 4.05911065172404e-05 8.47671253723092e-06 4.34212925028987e-06 6.33512536296621e-06 2.88034079858335e-06 2.64917762251571e-06 2.83171339106048e-06 2.61446220974904e-06 2.54570841207169e-06 2.31951071327785e-06 2.1038438717369e-06 2.28796907322248e-06 1.50794812725508e-06 8.63399236550322e-07 4.69782862637658e-06 2.01677958102664e-06 2.68501735263271e-06 3.88506305171177e-06 9.72554153122474e-07 1.01698697108077e-06 2.54528663390374e-07 7.49854052628507e-07 4.3065788304375e-07 2.95265681415913e-07 7.47823105484713e-07 2.42177202380844e-07 5.91884308960289e-06 4.29501187682035e-07 1.83365264092572e-06
6.27952249487862e-06 0 0 0 0 -9999 -9999 -9999 -9999 -9999 -9999 -9999 -9999 -9999 0.000130882160738111 7.40121759008616e-05 4.5180284359958e-06 2.13437979255104e-06 5.74429577682167e-06 1.33233588712756e-06 2.21343525481643e-06 5.10864992975257e-06 3.57391436409671e-06 2.38833526964299e-06 2.30529076361563e-06 3.4664713894017e-06 1.37248644023202e-06 1.51508365888731e-06 8.8796032287064e-07 8.2948445196962e-07 7.46925798011944e-07 1.57998510985635e-06 2.45804631049396e-07 6.23178266323521e-07 7.54455732021597e-07 1.00082916105748e-06 7.33786464479635e-07 6.42469285594416e-07 7.81365724833449e-07 1.6690353731974e-06 1.79636743268929e-05 4.91382388645434e-07 4.90317834191956e-06 4.726069746539e-05 2.17989618249703e-06
0 2.665959073056e-06 9.30803435039707e-06 1.08205269498285e-05 6.1623752117157e-06 5.11427024321165e-06 1.41624652314931e-05 1.65126562933438e-05 1.05608254671097e-05 2.10295984288678e-06 2.31204867304768e-06 9.39394976740004e-07 1.35435126139782e-05 4.28918247052934e-06 1.7120113625424e-06 3.49836409441195e-06 1.15994307634537e-06 1.18251637104549e-06 1.98315847228514e-06 1.20419490485801e-06 5.20535286341328e-06 3.33943753503263e-06 2.38586162595311e-06 9.54111146711512e-07 5.96956888330169e-06 1.92168317880714e-06 2.53808557317825e-06 5.58759020350408e-06 7.63654461479746e-06 3.83935221179854e-06 3.5627690522233e-06 1.82277526619146e-06 5.18435881531332e-06 3.07460577460006e-06 1.20324348245049e-06 1.39675948958029e-06 7.49737955629826e-06 3.80898200091906e-06 3.60215417458676e-06 3.98388656321913e-06 1.81105733645381e-06 1.3013273019169e-06 4.11219662055373e-07 5.25425712112337e-06 1.0871912309085e-06
5.66388189326972e-07 9.07627691049129e-07 5.70451775274705e-06 7.47649610275403e-06 2.82317068922566e-06 5.8771220210474e-07 4.73923573736101e-06 9.2659262008965e-06 4.73776926810388e-06 1.65955116244731e-06 1.77030324266525e-06 2.22453345486429e-06 3.74189839931205e-06 4.95057538500987e-06 2.44568254856858e-06 1.25679462144035e-06 1.40226647999953e-06 1.21270923045813e-06 6.65368634145125e-07 1.07112864498049e-06 1.67991402122425e-06 1.8007516337093e-05 2.32496007811278e-05 1.18090229079826e-06 1.81041414180072e-06 7.19689051038586e-06 1.22358032967895e-05 7.13992994860746e-06 3.3340955269523e-06 3.52978713635821e-06 3.9701128116576e-06 3.14665630867239e-06 1.38366929604672e-05 3.8222784496611e-06 4.60275769000873e-06 3.36521334247664e-06 3.0679993301419e-08 1.01448167697527e-06 9.12712857825682e-07 1.37957584229298e-05 1.3941846191301e-06 3.41593549819663e-06 8.11975041870028e-06 1.48551116581075e-06 1.2781147233909e-06
2.18902300730406e-07 8.34113234304823e-07 5.04576337334584e-07 5.63998037250713e-07 2.56252478720853e-06 7.27009464753792e-06 2.64238824456697e-06 1.74348531345458e-07 7.89151727076387e-07 2.44828679569764e-06 4.42890723206801e-07 1.82355179276783e-06 3.06980291497894e-07 1.79462076630443e-06 1.3298023986863e-06 1.53386954480084e-06 1.66959907801356e-06 1.4882593859511e-06 2.83829158433946e-06 3.36292714564479e-07 1.16426208478515e-06 3.83169851403409e-10 1.36306255171803e-07 6.26654800726101e-06 2.73560294772324e-07 5.37152300239541e-07 4.64383119833656e-06 7.87222597864456e-06 3.35827098751906e-06 2.63422339230601e-07 4.13397719967179e-06 3.77029355149716e-06 6.85008853906766e-06 6.54020041110925e-06 1.22625340281957e-07 1.46638257092491e-11 1.4432899320127e-16 2.23164846602231e-08 1.13733280159067e-05 1.42048975249054e-06 2.70826803898672e-06 6.90110318828374e-06 2.00037120521301e-06 0.000114972318988293 2.33146835171283e-16
2.1465782992891e-06 1.28364918055013e-06 7.7588788727212e-10 7.17810144124087e-07 7.79485435487004e-07 2.16537755477475e-06 3.28858914144803e-06 8.86227371665882e-07 1.05708110709202e-08 3.77837295673089e-07 3.12118868350808e-07 2.52554116286774e-08 3.36928133037873e-07 1.85261205842835e-07 2.03919535124442e-07 1.11533281597076e-06 4.06972776545444e-07 1.59429504265063e-08 7.65123729706829e-08 6.65277821099153e-07 1.41693570185453e-05 4.25941607318237e-08 4.65259208937141e-10 1.29963527797372e-06 1.42974077022018e-11 7.46674944096526e-11 5.73326524033746e-09 3.19648120239435e-07 4.23887058786931e-10 2.30981895583682e-06 3.24538705172017e-06 1.60304243763676e-06 8.19515753391897e-07 4.18466406699736e-06 5.88757931296868e-12 3.11646857653614e-08 5.60745149869035e-08 1.20224569855054e-07 5.56294788012224e-11 2.77210492640734e-06 5.37329688086174e-06 1.59696228365647e-06 6.40376238152385e-05 1.06532206700649e-07 9.74246941041201e-06
2.6968530164595e-08 1.00279365256029e-08 2.32738699423862e-08 3.11904813088404e-08 1.21802568031626e-13 7.17400538974289e-10 5.64422009574628e-08 3.40527265052515e-08 4.60120404000008e-09 2.20757243596381e-08 5.86194437346421e-07 1.08184985947446e-06 0 3.17608552791171e-09 2.8369453453081e-10 1.85953467735089e-06 4.71081730211154e-06 2.54822296597013e-10 2.84438783637597e-08 5.50670620214078e-15 0 2.22044604925031e-15 6.13178708590567e-06 2.95319324550292e-14 1.62047143703603e-08 4.71959629066987e-07 1.75897296728067e-10 7.98680446223443e-08 2.81032635029987e-07 1.11355369369903e-14 1.25020696941647e-06 1.7253301848541e-06 2.70105374511331e-08 9.7723716407927e-08 4.30968475484406e-07 5.33448272221904e-09 2.90878432451791e-15 0 1.27156781672966e-06 9.10863491299096e-09 9.17759552976349e-07 0 9.5912877640103e-11 5.86641846211933e-14 6.77084187827859e-08
7.99760879743872e-10 2.31909510262085e-08 9.12603326241879e-15 1.39285250000398e-12 3.0962564778747e-07 7.9297301169845e-09 1.00593283036687e-08 6.15788451341359e-09 8.67641290369647e-08 6.88163765971694e-09 2.4683059152153e-09 4.31621405283522e-13 0 1.3739644089128e-09 1.75182091055603e-13 1.89661102467653e-07 4.65677607586201e-11 2.74846700953901e-11 7.63011200888286e-09 5.13220799192027e-11 0 5.55111512312578e-17 1.7625900738949e-13 2.09313441246195e-08 1.42343333209283e-06 2.34378383368039e-09 4.37219938476119e-08 7.09010627986117e-13 1.06381570219583e-13 5.2695906305189e-09 0 0 8.65973959207622e-16 0 4.27523355028825e-07 0 0 4.70528050300345e-08 1.11145263872459e-06 1.01373123229109e-09 1.10822350052331e-07 0 1.14352971536391e-15 9.2098737525248e-10 3.65704818250379e-07
1.11022302462516e-17 1.51828549732613e-12 3.13006176533293e-11 3.40604984216952e-09 6.3993974563914e-10 8.870681966755e-15 1.47992729182533e-14 8.88178419700125e-17 1.11022302462516e-17 1.56831281294956e-10 7.18635595475803e-11 2.22044604925031e-17 1.66178182325893e-13 0 4.70734562441066e-15 1.22124532708767e-16 4.23692192441649e-11 1.19348975147204e-13 2.70397038093506e-12 1.85088055992821e-11 0 0 7.88258347483861e-16 6.6697879219646e-08 1.09245945623115e-14 4.25116608582243e-12 0 0 0 0 0 0 0 0 0 5.10724795788064e-13 0 0 2.72942823897893e-10 2.03754879635198e-10 5.55230634802228e-09 0 0 0 0
0 0 1.11022302462516e-16 0 8.88178419700125e-17 1.54734891566477e-11 3.47065906680655e-07 6.26509955026222e-13 1.79533055089109e-11 3.03790326228182e-13 3.61613331278932e-08 1.30444036017252e-08 2.2425489021316e-08 2.55351295663786e-16 3.30846461338297e-15 6.47237818895974e-13 1.57318602589385e-14 0 0 8.15014722377327e-14 0 0 0 0 0 0 0 0 0 0 0 0 0 0 0 0 0 0 0 0 0 0 0 0 0
0 0 3.28626015289046e-15 7.44179162737169e-12 1.92068583260152e-15 7.9020793464224e-08 6.13368683843873e-06 5.41848454993499e-11 0 0 5.23714405176179e-13 0 0 0 0 0 0 0 0 0 0 0 0 3.94129173741931e-15 0 0 0 0 0 0 0 0 0 0 0 0 0 0 0 0 0 0 6.91283759124417e-09 3.77475828372553e-15 0
0 0 1.33226762955019e-16 3.77475828372553e-16 0 0 0 0 0 0 0 0 0 9.99200722162641e-17 0 0 0 0 0 0 0 0 0 0 2.07056594092592e-13 1.69479430489616e-11 0 1.9260903982854e-11 0 0 2.1094237467878e-16 0 0 0 0 0 0 0 0 0 0 0 0 0 0
0 0 0 0 0 0 0 0 0 0 0 0 0 0 0 0 0 0 0 0 0 0 0 0 0 0 0 0 0 0 0 0 0 0 0 0 0 0 0 0 0 0 0 0 0
0 0 0 0 0 0 0 0 0 0 0 0 0 0 0 0 0 0 0 0 0 0 0 0 0 0 0 0 0 0 0 0 0 0 0 0 0 0 0 0 0 0 0 0 0
0 0 0 0 0 0 0 0 0 0 0 0 0 0 0 0 0 0 0 0 0 0 0 0 0 0 0 0 0 0 0 0 0 0 0 0 0 0 0 0 0 0 0 0 0
