Maxent_result_files_2/B_magnus_2.asc
NCOLS 594 
NROWS 330 
XLLCORNER -15 
YLLCORNER 23 
CELLSIZE 0.166666666666667 
NODATA_value -9999 
[rows 140 to 159 of 330, columns 405 to 449 of 594]
3.75177626210643e-06 3.09258477367846e-06 4.61753516084462e-06 3.17203609938588e-06 2.33455480156408e-06 2.46331429138991e-06 3.93888411736043e-06 2.53133882779366e-06 1.41979783734314e-06 1.31533907392622e-06 1.31887593539659e-06 1.51622130601936e-06 1.19676546148639e-06 1.47737794975455e-06 1.77124643983007e-06 2.82843896002305e-06 1.50153651929941e-06 2.1910347091314e-06 2.26628525297201e-06 4.96938480409881e-06 4.9646245315671e-06 5.34320865881455e-06 4.9779546316131e-06 7.91877400843077e-06 7.63831887979904e-06 1.9847114890581e-05 2.43476623836614e-05 2.08443817427906e-05 0.000102972167951521 0.000332424382213503 0.000356048934918363 0.000123016407087562 6.90989108989015e-05 0.000151439335604664 5.53751082406961e-05 0.000175776088326529 0.000105662775604287 7.73818114794267e-05 3.16437121227864e-05 7.98048562501208e-05 3.73497041891824e-05 4.0870746317978e-06 7.47341760298781e-07 2.34837841572855e-07 3.48273891082052e-07
2.60672916283511e-06 3.08091264287214e-06 3.09012389152485e-06 2.58163182706994e-06 3.33458818886356e-06 1.61959681150847e-06 3.48282487152574e-06 9.6793183933519e-07 1.8590479555769e-06 1.78336222234066e-06 2.71835430112333e-06 1.85111210271316e-06 1.33786303422312e-06 1.25561150241538e-06 1.16268094245697e-06 1.23759505754606e-06 1.29067337582001e-06 2.20704373532499e-06 2.17273970406495e-06 1.91167056868835e-06 6.82887875882443e-06 1.96204975395631e-06 2.57153246820963e-06 2.92853407017901e-06 4.91553983010817e-06 6.88446514232055e-06 2.12105585887912e-05 1.78939724264637e-05 0.000205947879294399 0.000150683931133244 0.000143244176433654 6.78596537909471e-05 0.000335623072896851 0.000362284696893767 0.000146129187123734 3.50247525148006e-05 3.98788825350493e-05 8.18780817724019e-06 1.65480519626726e-05 5.78505556916298e-06 1.27472841207066e-06 9.04960896264129e-07 3.43686228188034e-07 1.71254538317012e-07 1.08976363621949e-07
2.08090027058461e-06 2.23675737061058e-06 2.03533263629652e-06 2.66071136820756e-06 2.12480279628835e-06 1.82635419037069e-06 1.08201147099862e-06 1.24020126861524e-06 8.85360756797127e-07 1.09968039510022e-06 3.90952982343151e-06 2.12670269076343e-06 2.09818164194075e-06 1.15481271905082e-06 1.14179642594081e-06 1.32552542595477e-06 1.48090794880318e-06 1.51555965430816e-06 1.54519924535634e-06 1.97536724613201e-06 2.65569698285617e-06 3.49580454894749e-06 3.96282802057613e-06 3.57548155989207e-06 3.48604363580307e-06 1.24209541354503e-05 2.9253080356284e-05 0.00019270216289442 0.000620354316197336 0.000123716746747959 4.22463657741901e-05 8.97491387149785e-05 0.000482083501992747 0.000757411474478431 5.47069415915757e-05 3.37895240136277e-05 6.76707110187635e-06 2.56034814967165e-06 8.55339760050811e-06 5.50534242638179e-07 2.48671499236686e-07 1.57345094775607e-07 4.59684232678725e-07 6.0598070454887e-07 2.0446260964313e-07
1.66026175065781e-06 2.03772120244139e-06 1.80515937699965e-06 1.88195034525052e-06 1.75470638623665e-06 1.47606439497849e-06 2.2764985089907e-06 1.06980293423931e-06 1.83859067419689e-06 1.71756800000367e-06 2.05263995667337e-06 1.33211916377718e-06 1.05474558315111e-06 1.35307743960311e-06 1.0260617784752e-06 1.24157460845709e-06 1.66580737470667e-06 1.47506930261443e-06 1.43091710356202e-06 2.33580315125437e-06 2.9472014489329e-06 3.72653398699185e-06 4.21267288857052e-06 6.63080481899669e-06 2.50870037234563e-05 2.76842737548577e-05 0.000334955708240159 0.000283520761877298 0.00205335656646639 0.000256702875776682 0.000108894106233492 0.000125155010755407 0.000926707565668039 0.00116503648459911 5.74045964640391e-05 2.53623105209044e-05 2.24269648469999e-05 7.9964122335241e-06 8.39126237650589e-07 1.05042092268803e-07 8.43872465239315e-08 1.6647886690313e-07 8.8620938698547e-07 4.10746065337975e-07 6.04211191190807e-08
1.09529821656906e-06 1.72664160800196e-06 2.03024251845818e-06 1.72730161125401e-06 1.59000678081611e-06 1.50096970230607e-06 1.30162870277672e-06 1.44247133277986e-06 1.12138697545561e-06 1.43147918549857e-06 1.36024157200154e-06 1.5866595163061e-06 1.49523582706479e-06 1.27246890713195e-06 1.07799183410862e-06 1.11635773691887e-06 1.4090793882815e-06 1.24931846414711e-06 1.53510418385849e-06 1.7991789206917e-06 1.91496123989054e-06 5.24502913776814e-06 3.02704933119458e-06 1.63852394507558e-05 2.12254049074545e-05 0.000157238124666037 0.000598100636852905 0.000119195538718486 0.000682814393076114 0.000470596126979217 0.000228885086835362 0.000106702266202774 9.08686470211251e-05 1.52038165197155e-05 4.52058945086264e-06 4.55809187656087e-06 8.0704504125606e-05 2.21712294816712e-06 1.80943713545822e-07 8.07180597472978e-08 4.82455242756252e-08 5.3750567552413e-08 1.17938538479745e-07 8.79749516236039e-08 4.98100819701364e-08
1.35735427306827e-06 1.31084069039389e-06 1.47388553273231e-06 1.38206730753154e-06 1.56645999140892e-06 9.40445335118056e-07 9.72425794998344e-07 1.38283918715842e-06 1.29538426563158e-06 1.42200004518145e-06 1.30852076836163e-06 1.21617057118328e-06 1.15590820541911e-06 1.1358832324504e-06 1.09880896843606e-06 1.36206465697342e-06 1.45202027965752e-06 1.34472245463257e-06 1.43246875268233e-06 1.07009228571542e-06 2.36048576880421e-06 2.53945860890781e-06 3.95603717606718e-06 8.48935756039282e-06 2.30561980060884e-05 0.00125480775604956 0.000300673271703999 0.000277832127176225 0.000312355114147067 0.00267673461930826 5.1905054897361e-05 0.000453027704497799 1.89869726000325e-05 2.1468286149684e-05 6.56406850225721e-06 5.74532899008773e-05 6.60248171868716e-06 3.80814984746181e-07 5.78940790307847e-08 4.11149688295254e-08 4.39070768631922e-08 4.2517578513479e-08 4.41683952412397e-08 4.08104850913027e-08 5.46373099430397e-08
1.19137403089553e-06 1.17292782988443e-06 1.22002282694211e-06 1.30355564351703e-06 1.32935705323689e-06 1.35972018711072e-06 1.27517096473184e-06 1.34622123937334e-06 1.22418046260009e-06 1.24090778399477e-06 1.08757420775873e-06 1.11745126218921e-06 1.11159695563856e-06 1.34277649124215e-06 2.62467550555812e-06 1.84391794277872e-06 1.68263491673315e-06 1.36631147995558e-06 1.12513021690575e-06 1.16462606740697e-06 3.67874484368258e-06 4.77990397484973e-06 9.04977864593093e-06 3.06945312331663e-06 2.23201102926396e-05 0.000320448497950565 2.21829142901697e-05 0.00026288369554095 0.0019772921979893 0.00140048812609166 0.000294826251047198 6.07562045843224e-05 0.000148152720794315 0.000177526486368151 3.14528020680882e-05 2.67886056917632e-05 2.06697185589633e-06 8.20039530613492e-08 4.56346741395386e-08 1.51753539512356e-08 1.30635952722002e-08 3.36189294736222e-08 3.76208849295345e-08 3.62320774160985e-08 4.04030310874326e-08
1.12718217337715e-06 1.17998823441212e-06 1.06137989916988e-06 1.16459497121468e-06 1.20378588235326e-06 1.18018305386158e-06 1.20689897187276e-06 1.05240453365241e-06 9.81128761168293e-07 9.34991511769567e-07 9.46332738749334e-07 9.8633205425358e-07 1.20940996168883e-06 8.99212054328302e-07 9.26866280792638e-07 1.23243709708731e-06 1.03843772762957e-06 1.31545417616508e-06 9.86237037636783e-07 1.03376536344513e-06 2.78114434877352e-06 3.22494390729844e-06 3.76349860289338e-06 1.52190431435884e-05 0.000160841160686687 0.000395329669117928 0.000146467328886501 0.000578858592780307 4.34171784945647e-05 9.75738606939558e-05 1.85713188329828e-05 0.000152121746941702 4.46246687715757e-05 0.000111836709402269 8.91527303110706e-06 1.41801722191026e-06 3.6481950016487e-07 7.03396436652071e-08 2.09862860467425e-07 2.57559975125332e-08 3.99795801020453e-08 3.22259939511405e-08 3.05254401311572e-08 3.79265885697144e-08 6.7532584036023e-08
1.37338724357505e-06 1.2409916564593e-06 1.27994663330355e-06 1.10714378251942e-06 1.05354438062477e-06 9.17968483804543e-07 9.01213533666123e-07 1.03512791440608e-06 9.02145200143423e-07 1.01753662420379e-06 1.08739935740232e-06 1.31387971578079e-06 1.07520181700238e-06 9.39495265583901e-07 8.71578315297938e-07 1.41174820669221e-06 1.30120205881212e-06 1.02997189799225e-06 9.10819841237753e-07 1.13397661891668e-06 1.09358236102253e-06 8.60633147112821e-06 3.82782075121213e-06 1.36376141199435e-05 5.90518106037052e-05 2.64020120084751e-05 0.000107292893517297 0.000267935619922355 0.000494913221336901 0.000107843660953222 1.81009491825535e-05 0.00011436384593253 4.05175826017512e-05 5.14099741679708e-06 1.38606579269673e-06 1.74244095091369e-06 2.28957524439632e-07 6.93632674630962e-08 4.92455212164344e-08 4.39323009748804e-08 3.10441659157057e-08 3.09323749836388e-08 3.62652120666773e-08 6.66408516258876e-08 1.88139805423759e-07
1.3194059192756e-06 1.10029743325413e-06 1.08385397084021e-06 9.97199950347749e-07 1.07040170576056e-06 9.91152276696994e-07 8.94256615424638e-07 1.07167419685084e-06 9.87027357268744e-07 9.43323442470501e-07 8.73476162155384e-07 9.23846764067093e-07 1.0278847042855e-06 9.86009234793528e-07 1.27266214065003e-06 6.99599507925086e-07 1.03964388813438e-06 9.2450850388559e-07 9.82637868673919e-07 1.13648829653812e-06 9.84895677902387e-07 2.23281485887128e-06 2.52713559802942e-06 4.41110388464949e-06 4.5035565381113e-05 3.60144667865825e-05 0.000238576797710266 6.46742097160313e-05 1.25835060085677e-05 3.00244808386196e-05 0.000200409594981465 0.00015034566167742 0.000185528388101375 1.79483904503286e-06 7.06586934029474e-07 1.37756387630361e-06 1.46529000843998e-07 8.04660020392589e-08 5.04447729809954e-08 3.87875220719813e-08 3.39864622223018e-08 3.07338009930547e-08 3.74415840442843e-08 4.43083838730374e-08 1.57287187785293e-07
7.61447574859631e-07 9.42208112064691e-07 8.20557499991992e-07 8.0325507951784e-07 7.94316025576336e-07 8.12936414718024e-07 8.59452896406765e-07 7.65216285003589e-07 7.57930757799841e-07 9.05579679510993e-07 9.5669035431456e-07 1.00803297868879e-06 8.52349188562584e-07 7.49298209257176e-07 8.85960648133732e-07 1.03762227467996e-06 9.30606586280192e-07 1.09591634895878e-06 1.19205315627369e-06 1.07095149814995e-06 9.46938018842047e-07 1.16448267135638e-06 1.02516527249463e-06 1.19777755571704e-06 3.85600951631204e-06 5.70051996726662e-06 0.000222916749771684 3.35517410348984e-05 0.000216479334631003 7.89264362538233e-05 0.000397526379674673 0.00167331572738476 9.99602528075627e-06 1.70134730694826e-06 6.62969705444993e-07 1.02601543119363e-06 1.6155914039917e-07 8.78039328244817e-08 5.93966731687878e-08 4.74785946669165e-08 4.53812644796159e-08 4.10025183250617e-08 3.95423536359019e-08 6.41002556811543e-08 1.097480907708e-07
1.60841489105223e-06 1.55719159806722e-06 1.09030750081729e-06 8.87850126218837e-07 8.17700069433158e-07 8.48017594989869e-07 7.0382240409117e-07 7.18767978469259e-07 6.60122152851272e-07 8.14746522337373e-07 7.78921145183631e-07 9.30730857362505e-07 8.39434642330161e-07 6.92068610419483e-07 7.58037313630666e-07 9.03181393141494e-07 1.12345477418785e-06 8.79349749993708e-07 9.96733231772851e-07 1.11211574278514e-06 1.46292142630955e-06 1.37366739068057e-06 4.82838456719037e-06 1.71569165559049e-06 1.87485550213751e-06 2.73867425555352e-06 2.35425519349519e-05 2.99599408208451e-05 0.000196952454280108 0.000641812081448734 0.000104560558247613 1.08854144855286e-05 2.02477094717324e-06 6.27117699281143e-07 5.73440411244519e-07 3.1481047244597e-07 8.93411007396594e-08 9.25158702758111e-08 6.86162088703313e-08 5.6087686206574e-08 3.71433099277674e-08 3.7143313669219e-08 3.90557429064131e-08 4.22728546500828e-08 5.64505400091342e-08
1.91905556903293e-06 1.57541074941037e-06 3.00190417874546e-06 8.06687904741921e-07 8.56412236771575e-07 6.74745375306429e-07 7.47807041534543e-07 6.74443548120962e-07 7.18339458671835e-07 7.19033292284621e-07 7.49311467984626e-07 7.06662396510183e-07 6.59353926835138e-07 6.86244220560184e-07 7.03806506408e-07 6.00106783110732e-07 8.85089102098391e-07 8.25941236826111e-07 6.93070677471042e-07 8.5868941539502e-07 8.62401401491297e-07 8.69550616755532e-07 1.68825772562942e-06 1.04838405263763e-06 1.38254381829572e-06 1.57868697846508e-06 9.46509971981868e-06 6.41599481809862e-06 4.90996881126193e-05 8.97541484305986e-06 5.56503194222291e-06 2.33667233260348e-06 1.58050900154194e-06 4.99721243585327e-07 5.34042093391918e-07 5.75686457793267e-07 2.50389788902794e-07 1.11698367266655e-07 7.22298033384305e-08 6.45982892621966e-08 4.74223318058797e-08 4.50170479227019e-08 5.57997806405197e-08 7.07758850748696e-08 1.98649998495171e-07
1.00472205701863e-06 8.25520982061789e-07 7.66817763064864e-07 7.47672117995535e-07 8.61588199541075e-07 6.11714054343793e-07 6.22521261561815e-07 6.50081872777264e-07 6.33003473637928e-07 7.32630286393032e-07 7.71995777881784e-07 7.05024052649605e-07 6.69514901119328e-07 6.27657479412846e-07 6.8807620152711e-07 5.73092216882287e-07 5.46271256496311e-07 5.65047912459704e-07 5.70470818672675e-07 5.94055656222281e-07 7.1828691261544e-07 1.17026744987925e-06 8.97791393994485e-07 7.44533927843349e-07 1.38696868248189e-06 2.97317242337058e-06 2.66943268707465e-06 3.5093516970619e-06 6.53427340234769e-06 8.88197735846585e-06 2.68551011686213e-06 6.62851403324671e-06 9.79220493491084e-07 5.43388007656631e-07 3.57294537067787e-07 3.42058304170223e-07 1.6077837265982e-07 1.04187404081912e-07 8.49555100268518e-08 7.44530308405267e-08 6.32466635841489e-08 5.78603681966605e-08 6.52982196647223e-08 1.32855263446086e-07 3.20825482669207e-07
9.45729624390879e-07 8.7031342843602e-07 7.81755971956954e-07 7.35068249468895e-07 6.93366629889169e-07 5.58757014346156e-07 6.09790134831201e-07 7.89623103969461e-07 7.74553194560212e-07 6.57983190421874e-07 6.11964298968815e-07 6.61596104123419e-07 6.7141796478154e-07 6.38074837411295e-07 5.56939522766697e-07 5.53805462288892e-07 4.77170114265846e-07 5.25889836922033e-07 5.72568627887904e-07 6.77476432997537e-07 7.46806301776815e-07 8.26929544928134e-07 9.50684523104428e-07 7.36123215006046e-07 8.12929519611316e-07 1.56839440137446e-06 1.34770422164365e-06 1.5059887289226e-06 6.15966016089819e-06 9.12762443476822e-05 4.25499165430665e-06 3.8941168961748e-06 1.15053393301423e-06 3.71895490047791e-07 4.18547312364126e-07 2.61449608629505e-07 1.32864387669684e-07 1.00826259297193e-07 1.11862614571301e-07 1.30515036200762e-07 1.02371249555144e-07 8.25939369120121e-08 9.69055740096536e-08 1.02313810257382e-07 1.1426445749585e-07
8.66246725195197e-07 8.17765828742267e-07 8.3851014380798e-07 8.65873710154119e-07 7.49653358411706e-07 6.80298873589891e-07 6.33150997941812e-07 6.2893876418002e-07 6.36886397842318e-07 5.96001059705031e-07 7.51924187625264e-07 6.37590582641678e-07 5.90391621813069e-07 5.05711241771678e-07 4.86406295863162e-07 4.89721146834654e-07 5.14362557169079e-07 5.34093150861281e-07 5.38855958609474e-07 5.86943831137887e-07 5.47010503737511e-07 7.0398004368144e-07 8.3105092585356e-07 8.51307217430985e-07 7.26182153698574e-07 9.94106818552609e-07 1.53475956351512e-06 2.22772204097055e-06 2.45899897268753e-06 2.41611682554321e-06 3.39063094840775e-06 2.28746303098104e-06 8.51983207894591e-07 4.39424317733028e-07 2.52444649717631e-07 1.98614239899086e-07 1.5821080636691e-07 1.04980969073409e-07 2.44772201529742e-07 1.44251034361886e-07 1.53390041512935e-07 1.38746339350959e-07 1.36208557144357e-07 1.44007630709098e-07 1.68983162707192e-07
7.20433394008069e-07 6.3154642475638e-07 7.14931994139079e-07 6.67681996446845e-07 5.8107280835884e-07 5.53646977152766e-07 5.96914605921484e-07 5.47033828013355e-07 6.22013769202567e-07 5.16666605676619e-07 5.30632212303317e-07 5.40254764302972e-07 4.39788283301823e-07 4.34609336252834e-07 4.30903816095451e-07 8.84119231159275e-07 4.98618464916945e-07 5.39184114245472e-07 4.67571517503984e-07 4.86268585575544e-07 5.5636708111706e-07 5.31787746638201e-07 5.9491973445347e-07 7.21138653148046e-07 6.22797460891889e-07 1.0173497400956e-06 9.04123768918907e-07 8.23930204774115e-07 1.55721043029189e-06 1.10571252278646e-06 1.33901384629098e-06 1.03837691938224e-06 6.36622854699453e-07 4.40441878879483e-07 2.31348339951865e-07 3.60189428505464e-07 3.83346931265294e-07 2.85648141229444e-07 3.15703680442425e-07 2.78544594678465e-07 1.96898431514825e-07 2.72384822785909e-07 2.65027591694889e-07 1.73181881812923e-07 2.91862398427156e-07
5.79841784542623e-07 6.1759787115534e-07 5.55709378602387e-07 5.21403504194495e-07 5.25651319094322e-07 5.42706253270353e-07 4.86395671828177e-07 4.92317310829549e-07 4.65436832541855e-07 4.21345031043074e-07 4.03812546778681e-07 4.28720944967154e-07 3.89367569653132e-07 5.16494289115599e-07 5.08323869841121e-07 4.88877786608555e-07 3.77600854051252e-07 4.32399781402637e-07 4.8849650795546e-07 5.08541188537492e-07 5.08017484435186e-07 5.4824581354751e-07 5.22755240695005e-07 5.26567357894692e-07 5.98185346234459e-07 9.79095960929044e-07 4.2856163702254e-07 5.95562198668631e-07 1.13168759412474e-06 1.44287623697892e-06 7.93242492136415e-07 9.38327607968858e-07 6.33032483676743e-07 4.5961996804067e-07 2.85717155890097e-07 2.78665793373989e-07 4.54135859584426e-07 3.90118592719091e-07 5.36528119710056e-07 2.44936752435976e-07 2.10418179058536e-07 3.29596864823145e-07 3.01075307440613e-07 3.49696701107405e-07 3.28317894471297e-07
4.66018690303827e-07 9.92252219589318e-07 1.12198759438797e-06 1.04179156039663e-06 1.19075294501281e-06 9.02856831430654e-07 5.48775308473193e-07 6.6634703284052e-07 7.17406896910688e-07 5.00407671211178e-07 4.41632357706112e-07 3.41004779613741e-07 5.904345933061e-07 8.69333359787561e-07 5.75960765303307e-07 9.95457097019425e-07 7.36861808547928e-07 7.41287179550909e-07 5.24793217948627e-07 4.43636680813597e-07 3.85445815709318e-07 4.56739715559706e-07 5.02336877161724e-07 5.76815617137072e-07 5.13144271963029e-07 6.27052332902167e-07 5.58159720753793e-07 5.99714221038994e-07 7.04399258211197e-07 7.7434432910195e-07 6.15722828456455e-07 6.779112482036e-07 5.47805426265313e-07 3.46051749744447e-07 4.35924194164272e-07 5.22608187480955e-07 4.8816518045669e-07 5.65848137412672e-07 3.79919798199069e-07 3.8981800862814e-07 3.89940968403835e-07 2.43114646503173e-07 2.33056848664148e-07 2.45495128314843e-07 2.22930618720696e-07
1.19933088100765e-06 9.56831411258463e-07 8.64502897712782e-07 7.37692606378459e-07 5.92013780931211e-07 4.23696830864628e-07 4.02976149871392e-07 3.29248279484773e-07 3.26747208134748e-07 3.96885655362666e-07 4.54974087915616e-07 8.55418848288991e-07 5.31482367094327e-07 4.23027670848342e-07 6.22971721497834e-07 6.12699005841932e-07 7.45770287835512e-07 6.77490318423679e-07 1.39907035929809e-06 9.65255009077737e-07 4.29354270181648e-07 3.90926815185821e-07 4.25316590479952e-07 3.91116203957154e-07 4.16912754985788e-07 4.36951698645771e-07 3.899897563997e-07 3.87189133732591e-07 5.38542965955458e-07 5.22493309063066e-07 4.72780959626107e-07 6.68892926114495e-07 5.11585646734147e-07 3.42992083091076e-07 4.36917699175865e-07 4.36665856895502e-07 7.96358497012761e-07 2.70941780655676e-07 2.87765799455997e-07 3.74156487303878e-07 3.35693511210877e-07 2.90560117122141e-07 3.75469577562626e-07 2.01590244541805e-07 3.32311360828896e-07
