Maxent_result_files_2/B_magnus_2.asc
NCOLS 594 
NROWS 330 
XLLCORNER -15 
YLLCORNER 23 
CELLSIZE 0.166666666666667 
NODATA_value -9999 
[rows 120 to 139 of 330, columns 450 to 494 of 594]
8.23663594307078e-07 1.56154820869503e-06 1.79676855118771e-06 9.35845343903452e-06 4.88797060214097e-06 4.92198684582945e-06 5.01031620778747e-06 9.19573449209565e-06 4.50270302625455e-06 1.06355358875376e-06 4.43477857692276e-07 6.72172287941031e-07 6.0231919132292e-07 5.71310245245371e-07 8.81126842511293e-07 7.63462365860335e-07 7.94620134669799e-07 7.74762681121643e-07 3.26440138600503e-06 6.21288781061935e-06 2.09778586288678e-06 1.98959246304753e-06 7.72751148669926e-07 4.84751353857504e-07 7.78956092428729e-07 2.83993303717978e-06 1.97659993101951e-06 2.93592957625322e-06 7.2864247018245e-07 9.07053121101953e-07 2.70396388468708e-07 1.87276440033468e-07 1.42655990587048e-07 2.95415638085217e-07 2.98622968974982e-07 2.3146652067263e-07 5.5964530867314e-07 3.7990436183577e-07 1.0603333080117e-06 8.01299499308961e-08 8.48049573010101e-08 1.35610847280532e-06 1.72885969773606e-07 1.39648907637735e-07 1.72072472104379e-07
2.24913409763161e-06 5.64128045361656e-06 1.20929280691406e-06 1.90472330000579e-06 1.11568298044595e-06 1.08810077565913e-06 2.19259275766603e-06 2.04666300804845e-06 3.4954587681213e-06 1.30528465671631e-06 8.27203452824499e-07 8.06149147347668e-07 7.58243627352329e-07 8.27914892820303e-07 2.58113778155433e-06 7.48934611536356e-06 1.52600007599091e-06 5.34151180975329e-07 3.46184208432909e-07 7.56616324260051e-07 7.3871102950207e-07 2.27994125161501e-06 8.63969339182091e-07 1.43091999653677e-06 6.84510611925759e-07 3.73839401923703e-07 4.27226620125509e-07 2.70565822688695e-06 1.30173566734726e-06 1.21930299501471e-06 6.61021467029954e-07 7.09067877746605e-07 3.73611705528631e-07 3.55378325256339e-07 2.13578421282001e-07 8.63988718236008e-08 1.15790952726069e-07 1.80941600802509e-07 4.00000841249692e-07 2.3998619069765e-07 2.49432495902369e-07 4.09591777428275e-07 4.52853225396677e-07 3.47410311074547e-07 4.28974518262848e-07
7.38548345395884e-06 1.22557752995078e-06 1.34242002953755e-06 1.34332513939128e-06 1.30362463632849e-06 5.76615413327985e-07 1.07956848101054e-06 1.14982500027949e-06 1.40210359225179e-06 8.60542906933048e-07 7.65111186451506e-07 1.34943504752627e-06 2.53582571616562e-06 8.88198850956812e-07 8.25552279559716e-07 6.31391888905597e-07 4.43170989616881e-07 5.5420772917536e-07 4.58738787667556e-07 1.84974390593506e-07 2.69832298760431e-07 3.90127961580333e-07 3.24552192676464e-07 3.2458833807425e-07 4.05018452154238e-07 2.85130760713237e-07 2.37311326145573e-07 1.34339437463105e-07 5.10810913034732e-07 2.68572798789446e-07 3.40667284581819e-07 4.04558925581888e-07 4.15570610101668e-07 1.83993329583298e-07 1.49388283365859e-07 3.59514144565587e-07 3.75276083697251e-07 3.68290497232415e-07 2.79221677379482e-07 4.83123162076104e-07 1.86701463722461e-07 4.56031175932736e-07 3.96490577392328e-07 3.19679979821075e-07 4.13978059810027e-07
1.23275661501054e-06 1.63245696622738e-06 4.09847417373044e-06 1.37283202130689e-06 1.2972993781446e-06 1.22086472327254e-06 1.11704351866138e-06 1.08304152184324e-06 6.0975978040112e-07 9.36108141402769e-07 5.69950088991078e-07 5.44788726930534e-07 9.1023127248846e-07 1.48192387530166e-06 7.28021264784218e-07 4.99333894565801e-07 3.6207648473896e-07 4.35494769124301e-07 4.01149891449126e-07 8.07360307319982e-07 5.81132368804305e-07 3.6459971650693e-07 2.24339077548041e-07 4.06388683149572e-07 5.04729407158067e-07 5.01300704192076e-07 4.45707504193038e-07 4.02422855527718e-07 3.16281146939268e-07 3.3557008627394e-07 4.0828777019275e-07 1.9592008951852e-07 2.26571724548652e-07 2.70722587847327e-07 3.89842040438015e-07 3.50980302288306e-07 1.71631124878946e-07 1.62762215527579e-07 6.20438033571702e-07 8.92637430105481e-07 1.22138305549413e-06 2.30572333537182e-07 2.58997750002266e-07 4.77598933201762e-07 1.5120440131966e-06
1.97523528839838e-06 8.80686073543302e-06 4.19988026045814e-06 1.95693662146113e-06 6.48667387110891e-06 9.53035799042823e-06 5.70757479998463e-06 1.00902887695042e-05 6.06797512254786e-06 4.77186761429493e-06 5.34884950518233e-06 8.05381373325531e-07 2.52476883657593e-06 9.8183968924026e-07 2.69553315312976e-06 4.40072255158963e-07 6.41996417605206e-07 9.91330443298466e-06 7.77305849331e-07 6.70873460473231e-07 7.61794294490414e-07 8.24298882040608e-07 9.23759239235267e-07 6.98550051581037e-07 5.2507823600223e-07 9.29946088845668e-07 8.76519686254795e-07 6.6069591317941e-07 4.36039408757694e-07 2.61502047349538e-07 2.80890339787732e-07 1.65081382141885e-07 1.05990674492684e-07 9.14794262008023e-08 2.12640191044056e-07 1.57532067057709e-07 9.69083958302086e-08 3.07611959760035e-07 1.46824313962401e-07 1.03079366109426e-07 1.12402184626603e-07 1.51797621861238e-07 3.47685513713003e-07 8.7207462637906e-07 1.2324651387452e-06
2.93077795276986e-05 1.04443456079295e-06 8.75431999780574e-07 1.71133517525845e-06 5.28563894377498e-06 3.91784480733293e-06 7.46223345018393e-06 1.28828459068586e-05 4.19085855307699e-07 9.92337170990787e-08 1.13279699300861e-06 1.41369201225316e-06 9.27687802310118e-07 8.6066850191191e-07 7.16753715024332e-07 6.38737244940124e-07 3.27328935445514e-07 2.70626479947911e-07 2.46451778973533e-07 4.49205962371746e-07 3.28919321379573e-07 2.9694731202845e-07 4.63177137044468e-07 3.50329831633189e-07 4.53435886971221e-07 1.37682212439927e-06 2.90573138883587e-06 3.96077758635371e-07 3.21337663322652e-07 2.6365470674472e-07 3.51880470272903e-07 2.7127885052769e-07 1.66201099827123e-07 9.23449934742138e-08 1.41054180036182e-07 1.59872497773605e-07 2.25556149158201e-07 2.54796423138082e-07 2.74165972924401e-07 1.64085156617588e-07 3.19245652669053e-07 2.78442705625714e-07 7.48467433098199e-07 7.26762841729567e-07 4.65428849194538e-07
5.11951240866892e-06 2.21588558872554e-05 2.04557944911699e-06 4.47630567990132e-07 8.45571862662098e-07 2.53135651782088e-06 1.54521525473683e-05 1.74237357697393e-06 1.19468229762276e-06 3.9297107564451e-06 2.02116983798462e-06 8.22059550120713e-07 3.76046420325071e-07 4.4969975383502e-07 6.72437534254833e-07 5.1821360068649e-07 1.96634790328165e-07 2.30024854186439e-07 1.46562399705452e-07 4.13861219472622e-07 3.03076559831084e-06 3.2453260789822e-06 4.64383234728416e-06 5.82413233640722e-07 4.99743832960142e-07 4.03404479021319e-07 4.02112422048795e-07 5.12561288168456e-07 4.19733693513003e-07 1.932305514174e-06 2.83191398053884e-07 2.15945897219516e-07 2.33175367636562e-07 1.84639456590752e-07 4.25780982826751e-07 2.48696205085164e-07 2.41928925293067e-07 2.39060830820037e-07 1.96254307271992e-07 1.14761825309451e-07 2.96298137070217e-07 2.99959611638201e-07 1.42253629924483e-06 9.24403812696539e-07 2.8229782587097e-07
1.85234763012687e-06 2.00026773512718e-05 2.87337938047472e-06 1.42010084882571e-06 1.26517903051848e-06 2.17419735246693e-06 2.27885105594794e-06 2.13828849009445e-06 1.248405779819e-06 1.01349600942768e-06 6.78217051097718e-07 4.00607775308259e-07 1.98027115205779e-07 4.355995705696e-07 2.69226748650375e-07 2.03248551911006e-07 1.8730304616188e-07 1.53818795811667e-07 1.84018209714587e-07 6.00433119268828e-07 6.76454378467639e-07 7.05617072149778e-07 5.98650061256478e-07 5.87503613580509e-07 5.23793577533738e-07 9.74891983140935e-07 5.0088106324786e-07 4.04448416180259e-07 6.42374464554507e-07 2.62088898406176e-06 3.88587516919614e-07 3.26756453017385e-07 2.29312443611462e-07 2.50369798648897e-07 1.46957326552233e-07 7.88828931397312e-08 6.42693454677712e-08 1.13566944615062e-07 9.68881500806873e-08 2.32869900385069e-07 1.26769588044695e-06 2.33972600516275e-07 2.74538446576322e-07 2.72240748699915e-07 1.06892570905792e-07
1.74169957517734e-05 7.10581853553549e-06 1.19234837285376e-05 2.31493484186274e-06 2.20987329599964e-06 2.03850840314601e-06 2.11441119173372e-06 1.65765819941655e-06 4.72277826224499e-07 2.5758187903735e-07 2.57858690877466e-07 1.60418179151467e-07 1.2621936837931e-07 6.34003223598523e-07 4.57404496578828e-07 4.98298509432615e-07 1.55647834387818e-07 1.74417736842347e-07 9.11712339735082e-08 2.43952816703086e-07 2.59160410909232e-07 1.01693352838605e-07 2.34544717481189e-07 2.63927099242167e-07 2.97443545371756e-07 5.43358901872182e-07 4.93026161763055e-07 1.82574699014726e-07 1.44484377007093e-07 1.10785637263966e-07 9.53327008224036e-08 8.10163422571009e-08 4.74375293491036e-08 5.93511995106155e-08 4.17335156988052e-08 1.10126898433816e-07 1.52234052364086e-07 1.14268390372096e-07 1.3871074868721e-07 2.94212348717071e-07 1.73294744998387e-07 9.83778420726722e-08 1.17623226636443e-07 1.40337501153276e-07 9.02047011863694e-08
1.48200843455015e-05 7.51193158237129e-06 1.06163693374128e-05 3.64212404804221e-06 8.50271853707341e-06 4.7549659207391e-06 6.9792429798099e-06 1.66393342162507e-06 9.14162129150853e-07 3.41305482987053e-07 3.4522480527599e-07 7.38780335207689e-07 3.40098119866461e-07 6.09770745541027e-07 4.96442525554919e-07 2.43130366162081e-07 1.04855928728664e-07 1.61032206746903e-07 1.05696319296911e-07 2.29822421460302e-07 2.7770642033742e-07 2.6803632101613e-07 2.91750957526204e-07 3.66984802813164e-07 5.34537434049298e-07 4.47082645926855e-07 3.01185134721216e-07 1.89228938551889e-07 1.03894402947446e-07 1.27147411344009e-07 1.82462477371637e-07 1.60514837377335e-07 1.06255074772132e-07 7.92117629044853e-08 6.46200256637641e-08 5.26945183487726e-08 7.18876186578399e-08 7.85912522394128e-08 1.16487493362349e-07 6.18124278206622e-08 5.28823587919724e-08 8.7319209529646e-08 8.460206269989e-08 6.61072814711616e-08 8.46026527390187e-08
1.76586411726021e-05 1.20941688237508e-05 1.72028110256406e-05 1.17165356925852e-05 7.18042154730369e-06 1.48857606783181e-06 1.16297731249659e-06 1.13462892192828e-06 1.05145293591846e-06 4.69290837434855e-07 3.15452775834224e-07 3.95146305398608e-07 2.18308603849859e-07 1.90487127726957e-07 2.11714379338979e-07 1.69341192368666e-07 8.91026391447447e-08 1.49907415003536e-07 1.59722622317116e-07 1.90732719818065e-07 1.70583512149047e-07 2.06551605619332e-07 2.11890695434036e-07 1.70525269593824e-07 2.03811513987962e-07 2.45220625805231e-07 1.41917380025447e-07 1.2668561544249e-07 1.8107468492401e-07 2.14006982335313e-07 6.94298376302527e-07 8.39851874046005e-07 1.19173666646155e-06 2.8100014792809e-07 2.25668133857493e-07 1.4478173073762e-07 9.93690871475828e-08 2.22574211028448e-07 7.22962243848713e-08 1.31100798816952e-07 2.33205818545024e-07 2.77941301107809e-07 2.64120083715014e-07 1.04241415366246e-07 1.13558761416499e-07
4.03100913445087e-05 1.05705847612825e-06 9.32158321944598e-06 1.23592003680173e-06 6.96539736377844e-07 9.28668438993086e-07 9.61422291734237e-07 1.31784902128729e-06 7.91595361948616e-07 3.5864313379097e-07 3.89714947157671e-07 2.53318689180659e-07 2.93636450943158e-07 1.53181647066791e-07 1.43555170883936e-07 1.08885976546347e-07 2.05302650502226e-07 1.57291613189781e-07 1.19568189560493e-07 1.19315980917634e-07 1.91024022788699e-07 2.89677353249029e-07 3.14175198079525e-07 1.76411638797003e-07 1.72611932114375e-07 1.83679690790584e-07 1.48959868173648e-07 2.5731408059837e-07 2.9290985198438e-07 1.73460116348334e-07 1.77887647911934e-07 1.51696881056651e-07 1.33597437623756e-07 9.32967244571259e-08 7.39332325472297e-08 6.16060495950421e-08 1.01832299170823e-07 6.38998487456632e-08 6.5426922080114e-08 6.43747456674504e-08 6.84579255616491e-08 5.06434875480188e-08 5.66392173717567e-08 5.41052823099797e-08 4.95242427511755e-08
1.02521061251082e-05 1.37937544877786e-05 2.79162481206185e-05 1.43834004347809e-05 4.35568174061984e-07 6.40726988054841e-07 8.60312122874518e-07 5.98686613617616e-07 4.09851315863463e-07 2.57998972308382e-07 1.42552643633831e-07 1.54331484447656e-07 1.86305386906671e-07 1.48688381340634e-07 1.44749196540062e-07 1.76985573974164e-07 1.9159163671123e-07 1.03767894144013e-07 1.15920239973644e-07 1.19099820194979e-07 1.24080946117822e-07 1.13033668125428e-07 1.1297234912e-07 1.07939372850918e-07 9.42653450741737e-08 7.10310384288704e-08 2.13382701830245e-07 1.53448439066395e-07 1.18308620333796e-07 1.22774393529479e-07 6.66356616330077e-08 5.15828483260705e-08 3.98681062718786e-08 3.27414943823712e-08 5.79051369409278e-08 1.12595893431155e-07 8.63767243286517e-08 5.00160040273201e-08 8.44299861135767e-08 4.60593096662798e-08 4.12560103524306e-08 4.6614303361725e-08 4.81967509680103e-08 2.51776174464702e-08 3.00509330308785e-08
5.66028086268489e-06 1.51592228007758e-05 1.18645144198126e-05 4.79542915883258e-06 2.58471197567278e-07 3.60492542972324e-07 1.98560081865473e-07 1.34972954346502e-07 2.85465532778861e-07 1.1701610627135e-07 1.35313905569312e-07 6.76959388878906e-08 2.47843202771936e-07 2.3416060770387e-07 2.5405586780991e-07 1.26203257666546e-07 2.19183990701755e-07 1.09098668699126e-07 1.04297816394539e-07 7.23483158160398e-08 2.15981058371284e-08 2.06902487875915e-07 1.82369845314057e-07 1.41812444121037e-07 8.14131194570855e-08 1.47498273783686e-07 1.47036267128531e-07 3.39877566957192e-07 3.11325078272695e-07 1.03033811582609e-07 8.85731575084314e-08 8.32253171711983e-08 3.50026270745651e-08 2.0603543593456e-08 1.37485711859675e-07 1.59901737972756e-07 7.33317653489607e-08 3.37974951469811e-08 3.17784600301074e-08 4.14662662762133e-08 3.4918098446024e-08 3.79047431553481e-08 2.19776687404583e-08 2.01994310167208e-08 4.05512948109532e-08
2.48814852056967e-05 3.09240213368867e-05 1.08744457882892e-06 1.00059593197699e-06 9.65672915675952e-07 4.30170276222164e-07 3.69339944916724e-07 3.17736094390675e-07 3.02607683166922e-07 3.84349188142785e-08 2.70007009517403e-07 2.2046445256052e-07 2.22034860508646e-07 1.12863289503107e-07 1.22024533444343e-07 1.11652363421477e-07 2.23128705556519e-07 1.32787183748651e-07 2.87379385510711e-08 1.03799078166045e-07 2.40846773746917e-08 2.15493623667573e-07 2.11699929231202e-07 1.35477792628791e-07 9.09152986894313e-08 1.10133780339972e-07 2.40645285365382e-07 2.1466361076472e-07 1.48809576994147e-07 1.42785272472246e-07 3.18779371966116e-07 2.80140528674533e-07 2.99299398798247e-07 2.30150966196163e-07 2.02266900295456e-07 4.11012618828366e-08 5.13040100624806e-08 3.47185008631179e-08 3.22462021529191e-08 4.04380990914888e-09 3.27633337682265e-08 3.50891704470335e-08 5.29741386312566e-09 3.6274679116044e-08 3.6449751239509e-08
2.56741343264366e-05 3.40618944107973e-06 5.09177331586841e-07 8.82479238573097e-07 4.07125420776033e-07 2.15029738859229e-07 2.3272718433498e-07 1.48622144580113e-07 2.76672180021809e-07 1.23341777713559e-07 1.28831792578499e-07 5.07475614308639e-08 1.0522334785712e-07 1.40076768295749e-07 8.51924057299058e-08 8.32874202938427e-08 9.407503486214e-08 8.9445056128401e-08 7.3244762965885e-08 1.05790511850667e-07 1.19108504703647e-07 1.56621060920514e-07 2.30234540998797e-07 2.42087480595288e-07 2.04932266201219e-07 2.09974298903681e-07 1.43110107087008e-07 3.73883132009922e-08 1.49063878696065e-07 1.46105151199727e-07 1.48581803338654e-07 9.90017497315421e-08 4.39767509041733e-07 1.58066457778272e-07 3.43626635035399e-08 3.82795706910244e-08 4.69141442249743e-08 1.41441339640558e-08 9.34830189924796e-09 2.93006740093027e-08 8.792210415276e-09 4.19592472988839e-09 1.58141643447074e-08 3.31303653178239e-08 4.9909699484374e-09
7.54675668588334e-06 1.43746212472706e-05 1.28410453203998e-06 3.5529596591477e-07 3.79242291281834e-07 2.33749041911313e-07 2.68784092727348e-07 2.64035289598841e-07 2.96699597680528e-06 1.94719542456756e-07 1.00355204701863e-07 4.5394214454042e-08 8.64867777283784e-08 6.69205938996775e-08 2.84963230456903e-08 1.13585394578841e-07 1.46565824921119e-07 1.19185115843301e-07 1.24388254951757e-07 8.7062294484852e-08 7.72509663793386e-08 1.73670294700834e-08 3.87733451012728e-08 6.40079492741918e-08 5.74239334638627e-08 8.00022627367447e-08 1.52084360527382e-07 4.83344722246315e-08 4.38279997738711e-08 3.62635729889149e-08 4.07912717159675e-08 1.55314141903062e-07 1.13715941751913e-07 3.59895359736129e-08 4.04058809966301e-08 1.881810839377e-08 8.15907823525919e-09 3.67416780333585e-09 3.43037652728029e-09 3.0706322673435e-08 3.63145741255622e-09 1.23785824146516e-08 3.01908559707797e-08 7.6395274772878e-09 4.98043893903954e-09
4.73113844350337e-06 3.76695033210694e-06 1.8260390766911e-06 5.08108842822708e-07 3.05851572734994e-07 2.60110126604207e-07 2.64182598708196e-07 3.15975125386725e-07 1.08197868785576e-06 2.70263265322868e-07 1.58013601381235e-07 1.29850123531394e-07 8.00240829379462e-08 4.3196624488484e-08 8.74889290347625e-08 7.37593845001605e-08 4.85793178794935e-08 1.30993505931265e-08 3.65794390111418e-08 7.13724815248895e-08 7.32271606795898e-08 6.94661173028521e-08 7.09302255708089e-08 6.3519287596403e-08 8.28782589001875e-08 1.68481477746951e-07 7.51749351990405e-08 5.12943400976518e-08 4.41421702634948e-08 4.93679199742303e-09 4.29225575193648e-08 3.64340798753027e-08 3.38315432335534e-08 3.86125448170738e-08 3.79349834211951e-08 3.92090059420092e-08 3.0695099473288e-08 2.6768311911507e-08 2.84391562077602e-08 1.43777853067739e-08 2.78371879991468e-08 1.27888726275671e-09 2.74669086475221e-08 3.19931845571553e-08 8.24387864639675e-09
3.01656021584051e-06 1.91452067133113e-06 3.70129809168507e-07 4.29042921457068e-07 2.89369842942921e-07 2.3283101013849e-07 2.6912996066164e-07 2.76178126734639e-07 3.4073756738362e-08 1.77102719189914e-07 1.41384335972106e-07 3.11457985180397e-08 1.02085739983604e-07 9.69075829582167e-09 6.99851388397121e-08 6.37025085348242e-08 6.14894162032087e-08 6.69827829091751e-08 6.27500648331392e-08 7.17437318664693e-08 2.01095449736677e-08 2.23180888880847e-08 3.13890161751651e-08 5.23179651934491e-08 1.03681021745849e-07 2.32523983512145e-07 2.50995104744689e-07 2.09299632936144e-07 5.77442494709146e-08 9.16657303395851e-08 1.19526031083783e-07 3.86691778153647e-08 3.79609181533347e-08 4.09389102618007e-08 3.92832617102101e-08 3.1395137856105e-08 2.88772938339399e-08 2.89704904954391e-08 1.37591800619674e-08 2.74543544898087e-08 2.8167421883829e-08 3.4892121747454e-09 7.65432400795518e-09 4.65937224358726e-09 8.60497929577875e-09
5.97361156806642e-07 4.11386229703936e-07 4.24986951386153e-07 5.36991882693627e-07 5.57603398010365e-07 2.13703029783296e-07 1.73359470945211e-07 5.16666093686169e-08 8.14911725988132e-08 4.61352552383332e-08 1.19669552578472e-07 1.47847179032823e-07 6.078704346546e-08 3.52691530203231e-08 7.18977732905302e-08 6.17072072772729e-08 3.08966496831431e-08 8.88854204683653e-09 1.48272934041849e-08 4.89298739414501e-08 1.65896814285915e-08 2.18101590454545e-08 5.01895245252903e-08 4.53238805930845e-08 3.39653537295703e-08 9.1846834116005e-08 1.38083019662893e-07 2.75718637809952e-08 5.78668883144395e-08 1.870507199353e-07 5.2805093031516e-08 3.36233552777898e-08 3.54813796121789e-08 3.74402980951594e-08 3.48554732632067e-08 1.19883604043913e-08 8.94935294759591e-09 2.82500605908176e-08 3.10273076120637e-08 2.78058922664748e-08 3.08755584654818e-08 2.77745578536326e-08 2.55703260454432e-08 2.74345386186425e-08 3.12327657070455e-08
