Maxent_result_files_2/B_magnus_3.asc
NCOLS 594 
NROWS 330 
XLLCORNER -15 
YLLCORNER 23 
CELLSIZE 0.166666666666667 
NODATA_value -9999 
[rows 240 to 259 of 330, columns 450 to 494 of 594]
6.54639649155797e-09 1.324408849257e-09 0 0 0 0 0 0 0 0 0 0 8.63487725766277e-11 0 0 0 0 0 0 0 0 1.15185883053925e-10 5.04332131612273e-11 0 0 0 8.79604655779076e-10 2.91326118784241e-10 4.09552280977721e-11 6.03535310617076e-10 2.61614196972459e-10 0 0 0 0 0 2.02012784278338e-10 6.52969367465062e-10 1.19537020282223e-09 6.40227590338327e-06 1.86742072401103e-06 0 0 0 0
7.7875306203623e-10 6.18388451556484e-10 4.70523886519914e-10 0 0 0 0 0 0 4.59638993532963e-10 2.22538565353148e-10 2.55396326309665e-10 9.13741748931329e-11 1.71652814184853e-10 0 0 0 1.69121427973096e-09 1.16519727200171e-09 0 0 5.35920530175815e-11 0 0 0 0 0 0 0 0 1.15691267676965e-10 0 0 0 0 0 0 0 1.91826945439288e-09 8.83692919160239e-06 0 0 0 0 0
2.78905361028592e-09 1.18233813850566e-09 2.29199792478596e-10 6.46615516686211e-10 5.69898261915114e-10 2.59972110505657e-10 3.95318666690514e-10 0 0 0 4.36905889245054e-10 3.80924358722723e-10 7.89101561871064e-11 6.18078255243404e-11 0 1.88831261738187e-10 1.19199061732189e-10 8.2276585544605e-10 8.21530488082089e-10 1.14810827511747e-11 0 0 0 0 0 0 0 0 0 0 0 3.75817643671894e-10 0 0 0 0 0 0 0 0 0 0 1.3072687377047e-11 0 0
1.44539926694165e-09 6.46115267954883e-09 8.33566105029604e-10 7.44499173421787e-10 3.05552205759341e-10 2.34702524082309e-10 2.25165130984806e-10 2.08268069457063e-10 7.60964269375108e-10 1.31458675056706e-09 0 0 3.70395936144519e-10 1.53405110836502e-10 0 0 6.4485583539664e-11 6.78922029706541e-11 4.10772749148691e-11 3.28469695887179e-11 5.70066216454279e-11 0 0 5.96499916127868e-10 0 0 0 0 0 0 0 0 0 0 0 0 0 0 0 0 0 0 0 0 0
0 9.00476671006345e-10 6.46318287778058e-10 1.59171253955037e-10 3.60112495378928e-11 5.27810239958626e-11 6.84989398536118e-11 0 0 7.0618844105752e-10 0 0 0 0 0 0 8.17794276741779e-11 4.69238647937686e-11 3.43944761560522e-11 3.33078009617793e-11 3.44263839657799e-11 3.68497232727805e-11 1.14434606235392e-10 1.08024322820199e-10 0 0 0 0 0 0 0 0 0 0 0 0 0 0 0 0 0 0 0 0 0
1.811151228992e-10 0 0 1.25617172219705e-10 5.24475440855099e-10 2.07476302804821e-10 0 6.80923406548573e-10 4.88889533301062e-09 1.1901289953542e-10 6.90706825068332e-11 1.47822831753075e-10 0 0 0 8.64707638825735e-11 2.95658164617407e-11 3.4270664084346e-11 3.91549459521912e-11 4.35122493591678e-11 4.39398961660231e-11 4.26709001466463e-11 5.06222397334e-11 3.16157877655598e-11 0 2.25042540158427e-11 0 0 0 0 0 0 0 0 0 0 0 0 0 0 0 0 0 0 0
0 1.92793647713074e-10 0 0 0 6.51566023357475e-11 0 0 0 3.61210727994887e-11 2.92897706088979e-11 4.10260492245129e-11 4.62531235534414e-11 4.02040956082317e-11 1.05663211513729e-10 0 3.61187302289068e-11 6.25846041657496e-11 5.59293944490946e-11 6.94989510385824e-11 7.44244665895621e-11 6.79534539749227e-11 7.55304263577727e-11 7.04919678184979e-11 5.81041992298026e-11 4.85467666067052e-11 2.1980472997285e-11 1.51762824529555e-11 0 0 0 0 0 0 0 0 0 0 0 0 0 0 0 0 0
1.16036424913091e-08 0 0 0 0 2.63941757339126e-11 0 0 3.76741082774856e-11 1.83246084972666e-11 2.30931829214853e-11 3.13759129788593e-11 3.68615471479927e-11 3.09529291087074e-11 1.07831066298303e-10 0 6.41963926462097e-11 7.25739801588077e-11 8.45923553427497e-11 9.48970568792617e-11 1.19591825331611e-10 1.36661759686518e-10 1.67085911773057e-10 2.36312081014489e-10 1.8667680734552e-10 2.08562500603193e-10 9.17365960972916e-11 7.10351666377562e-11 0 0 0 0 0 0 0 0 0 0 0 0 0 0 0 0 0
1.73116836776899e-07 0 0 0 0 0 0 0 2.06613504083464e-11 1.83883464011103e-11 1.54531609730668e-11 2.48594922425127e-11 4.36302549644552e-11 2.98500335560448e-11 5.7705351608206e-10 0 7.30355553812956e-11 1.50700896206502e-10 0 2.24663110337531e-10 2.3470936305614e-10 2.58513677131589e-10 3.98520194622165e-10 3.80979958691796e-10 3.50205064947318e-10 2.5692898919516e-10 1.47527123850466e-10 5.30658961217512e-11 4.08904909932062e-11 0 1.70759961726219e-11 0 0 0 0 0 0 0 0 0 0 0 0 0 0
2.9768714284728e-07 2.3907986701488e-08 1.59502615559859e-09 0 0 0 0 0 2.3425850148584e-11 0 3.8246250610996e-11 8.03022870421444e-11 5.55838042259893e-11 6.41625974573401e-11 5.46124034883633e-11 0 5.1218984609136e-11 2.28593055595638e-10 3.6759442156864e-10 4.59049953605017e-10 4.37401226349721e-10 4.65842031616148e-10 5.17256903975749e-10 6.38329566982065e-10 4.38668745772475e-10 1.70878500238558e-10 6.36783514806893e-11 2.92301516324756e-11 2.44138043115072e-11 1.19578225099559e-10 2.06305750261038e-11 2.7776092537124e-11 2.23152052392095e-11 1.82735382381338e-11 1.72224678962607e-11 2.90420687498738e-11 3.07691427892109e-11 8.20806200785285e-11 7.88870413437337e-11 0 0 0 0 0 0
0 5.73324534514086e-09 2.10567819181051e-08 0 0 0 0 1.04732478245495e-10 3.54313800521311e-11 2.53193355170822e-11 3.43646000544595e-11 5.11519826495999e-11 5.24890020336954e-11 7.19646342517422e-11 4.50366521853596e-11 3.75817421627289e-10 0 5.76404146634957e-11 1.5865065927656e-10 4.67481431343231e-10 8.53331805217294e-10 8.21426837660511e-10 5.80407544248374e-10 5.2551696327896e-10 1.25074517409729e-10 5.44314704420401e-11 3.50129591986104e-11 2.91088708692655e-11 5.4777626878888e-11 1.49897783074948e-09 2.4029853662455e-10 6.96085633578036e-11 3.42803474495668e-10 4.95393726041016e-11 7.81752884648768e-11 1.73612890730368e-10 9.1299110493992e-10 4.9099686094678e-09 2.90682073966764e-09 5.75543479541807e-10 0 0 1.28530828646944e-08 2.22044604925031e-17 0
0 0 2.71218656422434e-09 0 0 0 0 7.00284719101774e-11 6.1232297010605e-11 4.10726341826262e-11 3.96743082831108e-11 1.11178655171074e-10 0 9.51588696729289e-11 3.25634963438404e-11 1.86255122436307e-11 1.65500135818064e-10 7.21855242247216e-11 7.72295116746591e-11 1.90907045727329e-10 1.48553180867594e-10 1.11227704824302e-10 1.08143138888295e-10 1.32945887632019e-10 2.01590744097757e-10 1.7371172278402e-10 1.78851566889904e-10 2.43498377017204e-10 9.18757248058455e-10 4.00631492425418e-09 1.33984148220634e-09 5.45013811859008e-09 9.3314724836091e-09 0 1.02666695056541e-07 2.89191206093165e-08 1.80744876843164e-09 8.07268349944934e-09 1.44209209906876e-08 3.4638654256014e-08 5.03303816401512e-09 3.13973238519338e-09 9.93523414649644e-09 1.3604434343506e-07 6.52283824820188e-07
4.33862936688456e-08 7.4079615330902e-09 3.54288012260895e-09 0 2.17417053249846e-09 1.80910966207648e-09 8.92900953175513e-10 0 1.05993802623772e-10 2.27527241491998e-10 2.57718624219194e-10 2.48111886591573e-10 1.31775879097518e-10 9.41187350278483e-11 3.93341026416749e-11 1.4146339655241e-11 9.85339143610986e-11 6.8225147753509e-11 2.42091324764715e-10 2.3942658966547e-11 2.62189159272452e-11 3.77758602176925e-11 5.65318680756377e-11 1.02138808522056e-10 2.50050025130122e-10 4.30696367459404e-10 1.58036925768101e-08 3.30712225604657e-08 6.84521353377931e-08 5.35107346877339e-08 1.35376076286775e-06 1.46734273585025e-06 4.14874193666037e-06 1.08801856413265e-15 0 0 3.16298678626481e-07 1.97201561746851e-09 1.2902420465366e-09 7.57776703608215e-09 2.1805792584928e-07 2.42777314269915e-06 3.47909349329711e-08 2.43680187850259e-07 0
4.47911806986667e-06 2.32860966207227e-06 2.28032740778872e-07 1.06092034002359e-07 1.0551249118862e-08 0 0 0 7.02599711743801e-10 4.31774660469841e-10 0 0 1.66704361426184e-10 8.17403256192506e-11 4.8596260349143e-11 3.02711966604363e-11 3.32271987701915e-11 1.85585657952458e-11 1.34317978961462e-10 2.68962896399216e-10 1.63293267796405e-11 3.89019816360303e-11 2.36980302048551e-10 1.46017766766704e-09 3.67270644119344e-08 6.56098563922569e-08 3.86990586775937e-07 3.2112666303874e-07 1.59259616339114e-06 7.38928647479042e-06 1.02649777545594e-05 1.28514466268825e-06 1.08699539850932e-05 1.36972220232678e-09 0 9.64689519378226e-09 1.37552845558275e-08 2.59063916985269e-09 2.03686312261198e-08 6.6886792637888e-08 5.38206919031836e-09 2.93896107450564e-08 0 0 0
5.2740307410204e-08 3.06533621596827e-08 2.33153223234694e-06 1.29337900034443e-07 3.21327820529405e-07 2.02950516836609e-08 8.67468230580926e-10 0 0 2.53223708668315e-10 8.45091330248238e-11 5.27187626886416e-11 1.98410088358969e-10 2.61139510016051e-10 7.25272730761617e-11 5.83448400703901e-11 4.31211732987435e-11 3.38317707182512e-11 2.52858844973503e-11 3.38135297539566e-11 8.66893112849709e-11 3.2716094278129e-10 2.25256201247248e-08 2.88090859612566e-07 6.20355649516569e-07 7.59630420361646e-06 4.07542793254834e-06 2.09496956813382e-06 2.05624564841855e-07 3.03518305599937e-08 1.12555011583027e-05 3.7253083428368e-05 0 0 1.09958282479283e-09 1.02843564775412e-09 6.04187544439583e-10 0 0 0 0 9.27498611247302e-10 0 0 0
2.08911777008325e-05 3.39964117301861e-08 5.45370077986718e-09 1.51084634580911e-08 3.07043023894948e-08 5.07120773818315e-08 1.66225476050386e-08 0 0 0 3.94018639937599e-10 0 0 1.28027521917318e-10 1.07179765063137e-10 6.7898597855276e-11 8.56928084047581e-11 5.08320052716726e-11 1.8513938160325e-10 1.4913378976189e-09 2.47546427800671e-09 2.80004724118044e-07 1.4360981003847e-05 2.78800202067941e-05 1.85796729056165e-05 1.64070943498018e-09 5.46891314456843e-09 2.63037122749665e-08 1.70916663932985e-08 6.77808209559316e-10 8.36276559113003e-10 9.42919342605819e-10 8.55564419310895e-10 0 0 0 0 0 0 1.06404796085258e-09 0 0 0 0 0
3.94628623325843e-06 1.5919680299703e-05 3.30100505152586e-08 6.36587316193982e-10 2.85553980461373e-10 6.87606416249764e-10 4.69338479192061e-10 3.40941719301213e-10 4.93678653512575e-10 0 0 3.79831455177282e-10 1.25052164179351e-09 1.53018024917628e-09 1.75927672430021e-10 1.33900734944348e-10 1.20519672019981e-10 7.88281995234286e-11 1.50902657036767e-10 2.64516453185593e-10 5.97235683130748e-10 5.48312044656996e-09 7.73500801187765e-08 8.5382598626893e-07 1.0367627692176e-05 6.9440713559743e-06 9.07509001990547e-07 2.3115429939935e-06 6.65798643240123e-07 0 0 0 0 0 4.34780700331316e-10 0 0 0 0 0 0 0 0 0 0
1.03007403140509e-07 4.98786585012567e-07 7.9639100647455e-09 5.51381162949838e-10 4.80353801179945e-10 0 0 1.83601323033855e-10 6.14522921438265e-10 0 3.04484082391809e-10 3.21285598126053e-10 7.9914315165297e-10 1.21079430925874e-09 3.76232378584973e-10 1.3147438693295e-10 2.11777284597758e-10 3.2055780252449e-10 1.54407189256744e-09 1.17703471858022e-08 8.35908977592226e-09 5.21341689818655e-08 2.2373373553819e-08 2.47273578679597e-07 1.12967964014388e-06 3.50528025592212e-06 2.56593011727091e-08 2.80369164329386e-08 0 0 0 0 0 0 0 4.32080993206796e-10 5.16467224542794e-10 0 0 0 0 0 0 0 0
5.96570816924213e-07 2.11294945984264e-07 3.99468689238347e-09 1.2715704045263e-09 5.85594062130213e-10 3.48839823693936e-10 0 1.59079183159605e-10 3.18518500463938e-10 7.2301574505218e-09 4.54187194520728e-09 4.68677470166767e-09 4.27423039184305e-09 8.73458745331845e-09 5.82240922142319e-09 3.01820328729718e-09 2.03499112672034e-08 6.26345126875094e-09 2.59584680861735e-08 1.16025273655396e-07 2.37833447158664e-08 5.98879807967023e-08 2.26712245421368e-07 4.31653518262465e-08 7.88563829701161e-07 1.88504236575682e-06 2.46391937963608e-09 0 5.58398127736837e-10 0 0 0 0 0 0 3.69628283536372e-10 3.31367422390372e-10 3.42524453245119e-10 0 0 0 0 0 0 2.13411399663244e-10
0 9.01441410405823e-08 1.21319388313168e-08 8.34006641525775e-10 2.78398681885506e-10 0 0 0 1.76150005692932e-10 4.27573976224949e-10 4.96237220204421e-09 2.19850804228372e-08 3.11661210616876e-08 5.70697523016861e-08 7.95339076375967e-08 3.30055581798661e-07 1.66605786944274e-07 3.33305206368095e-07 2.79327809948882e-07 5.18892084073741e-06 1.49664774653502e-06 3.66162385034841e-06 1.40360361911007e-07 5.14258590555983e-07 1.53281316528364e-09 2.50919729438692e-10 0 0 0 4.26965751643138e-10 0 0 0 0 0 0 0 0 0 2.95548652218258e-10 0 0 0 0 0
