Maxent_result_files_2/B_magnus_3.asc
NCOLS 594 
NROWS 330 
XLLCORNER -15 
YLLCORNER 23 
CELLSIZE 0.166666666666667 
NODATA_value -9999 
[rows 120 to 139 of 330, columns 405 to 449 of 594]
4.37492490164004e-06 3.94185844925232e-06 3.34853539243341e-06 1.02836151199881e-05 8.42666486278176e-06 5.14084007591009e-05 5.01894319313578e-06 1.24559315736406e-05 7.80803602538072e-06 4.82540897792205e-05 3.4368020715192e-05 3.53937612089794e-06 1.51381087221125e-08 1.25575388665311e-05 5.11108783030068e-07 3.21436459671531e-07 2.68673971959288e-15 7.48667794425728e-13 4.68682730570436e-05 2.86582653643563e-06 1.32722675516561e-07 1.27508756122552e-05 4.32768487712565e-11 3.54309740941972e-06 5.5271084420383e-05 3.48963794749579e-07 3.76426542061381e-06 2.19905312405899e-05 2.51516961725429e-05 3.10495779558551e-06 5.40249980986118e-05 3.08515154756606e-05 3.56576958438382e-05 3.92929767258465e-05 3.99877812014893e-05 4.22969169449061e-05 3.92052170354873e-05 3.70344496332109e-05 0.000103257840964943 3.39189951773733e-05 2.64326692558825e-05 6.71731913826079e-07 1.34204270807459e-08 9.64996288530529e-06 0
3.9663354982622e-06 8.45445392769761e-06 8.95483099156991e-06 1.10824417788535e-05 6.95669266860932e-05 1.8624952645041e-05 9.49095920077525e-06 3.64274419553112e-06 3.06380425172392e-06 5.02373914059717e-06 4.2029674659716e-06 2.79772084468277e-06 1.87597288459074e-06 4.07154402637389e-06 2.51561402819789e-08 3.00476567645092e-06 2.84887011758883e-09 2.34263079619268e-06 6.37947814539075e-06 0.000108208355959505 1.66963058291003e-05 9.2796326498501e-06 2.52043628279353e-06 2.19897756323917e-06 8.31022116472013e-06 1.21153561849496e-06 4.94457435706863e-07 1.02623389466316e-06 1.09750972114853e-06 9.90443913906347e-07 1.02742145827506e-05 4.55795088782907e-05 5.75034006033093e-05 3.95081093301997e-05 7.46259931474924e-05 4.19348594732583e-05 4.01858414988965e-05 4.21265867771581e-05 3.8705495535396e-05 3.15124198095873e-05 2.38677006564103e-05 4.92237973958254e-05 3.06175381410867e-05 5.87324711887049e-07 4.19592561229365e-07
5.10702591327572e-15 6.97996059898287e-05 0.000161650765221566 9.39564488362521e-06 4.4833363062935e-06 3.53375035047065e-06 5.27425872860476e-06 1.84707241714932e-06 1.66707432072144e-06 5.98495944359456e-07 1.98039947463258e-07 2.76737009698991e-06 1.79504258994712e-06 4.20105825469364e-06 5.36476072738878e-06 5.65010741411243e-06 3.02535045193508e-06 7.9075880421442e-07 8.43784073367715e-06 6.00536914134864e-06 3.36000550305471e-05 1.93750398466364e-05 3.36494471412152e-05 2.33380451390985e-06 9.73433907347498e-07 8.32619662105571e-07 3.83726137442864e-07 5.41984036317444e-07 5.28816281075706e-07 1.0312944141333e-06 1.01659488791483e-06 2.55085633398267e-06 8.38202133309096e-05 3.37811885401607e-05 5.5933347903192e-05 3.82664060452953e-05 4.29622654337436e-05 4.44196775788441e-05 3.92843969166279e-05 7.53956264816225e-05 2.53444508416578e-05 6.05417706537992e-05 9.47016087593511e-06 1.38926785439253e-05 8.32479636301287e-06
5.37557789357379e-06 1.2018238339806e-05 0.000183831958565861 5.55599799554329e-06 6.61429803585634e-06 5.45662915101275e-06 3.36014527420048e-06 2.84484904113924e-06 2.56053135672119e-06 1.66177524079103e-06 3.84495324396994e-06 3.05274625134189e-06 3.63806429959368e-06 2.91829801426502e-06 1.03219506854657e-05 1.00108563856338e-06 7.38405869924463e-06 2.69027241301956e-06 5.39539087185403e-07 6.0551490605576e-06 6.72888068947941e-05 2.94467667117715e-05 4.25511643697973e-06 9.31203430809546e-07 7.71505256125238e-07 6.5409062699473e-07 2.20802285184618e-06 7.25234122000984e-07 8.72468535817461e-07 1.29481513795326e-06 1.29325671878178e-06 5.24534734722693e-06 3.52808187017217e-05 7.45307712350041e-05 2.82226654235274e-05 3.78330849343911e-05 4.09378495533019e-05 0.00010632446501404 3.75571427866817e-05 2.7805072022602e-05 1.07990330434404e-05 2.08954501431435e-05 3.6492251092568e-05 1.76879751961678e-05 6.46354965283535e-07
5.3702144214185e-06 6.92648347467184e-05 3.39989142958075e-05 4.98864865221549e-06 8.43590823933482e-06 3.22720152325928e-06 8.00952875579242e-07 2.18122586375102e-06 2.55562008533161e-07 2.844550908776e-06 2.84056932287058e-06 5.12255464855116e-06 9.83112113317475e-06 6.15404205746017e-06 1.25643991850666e-06 0 1.60673710070114e-07 6.85468694427982e-06 1.79214821400819e-06 4.11937689932529e-06 3.74693452613428e-05 5.56898419745266e-05 1.99009718926391e-06 9.59882709139492e-07 2.18709210457746e-06 7.90214471635409e-07 6.87308374835993e-07 5.36393554284587e-07 8.23771551949903e-07 9.31152135308366e-07 1.3593811672763e-06 2.7967811547569e-06 2.41128349443898e-05 3.87990323361009e-05 4.17527306126431e-05 4.38547664089128e-05 4.38742339611053e-05 4.13670029956847e-05 0.000100412045139819 3.02142987493426e-05 2.45464383624494e-05 3.64433013601229e-05 1.47574770380743e-05 1.14687070890795e-05 1.33783221826889e-05
1.17222196422517e-05 1.21676552225836e-05 9.35107294935733e-05 0.000153998262248933 0.00013122878735885 1.04686281702016e-05 3.4103803045582e-06 3.34750839101616e-06 9.42641345318407e-06 1.64032433531247e-05 4.60889968962874e-06 3.17171611641243e-07 1.68233509612037e-07 4.66503479401581e-06 3.84386521545821e-07 1.755412449711e-06 7.89980913395993e-06 5.43913229194004e-06 1.46128159030923e-06 4.22783232352231e-06 6.5986139816232e-06 3.57718905434012e-05 2.77027051197365e-05 1.70624116435647e-06 9.25321000977419e-07 8.29106102173682e-07 7.84458461566828e-07 1.05596482171677e-06 1.07555333670462e-06 1.17585641419282e-06 1.44828145494103e-06 3.76899588445667e-06 7.95496453065425e-06 3.42795887263492e-05 4.48502076324075e-05 0.000109780696220696 4.36914298916236e-05 4.05390805099159e-05 3.42599785653874e-05 2.89039133349434e-05 2.35820189118385e-05 4.76850022096187e-05 2.77997780358419e-05 1.17509378469549e-05 1.21616969408933e-05
1.19970769446809e-05 8.0795623944141e-06 9.34417403186671e-06 2.96871701721102e-05 2.6530638569966e-05 3.60638696292881e-06 2.71203116426477e-06 2.65196194959572e-06 2.76660448434995e-06 3.80257260985672e-06 3.23003845892345e-12 2.91345440928126e-06 3.25686560245231e-06 5.47656090930104e-06 3.30130969814491e-06 3.16606747219339e-06 3.65293271897826e-06 4.31972584920004e-06 3.14560675178655e-06 4.73052496090531e-06 2.56308612733847e-06 4.99499183206353e-06 3.58601464540698e-06 3.42120074492414e-06 1.4186658518156e-06 8.77073489391478e-07 4.29842430094141e-07 5.44021622772561e-07 7.59377599024447e-07 2.35763636737829e-06 1.26308314065682e-06 1.89587826753268e-06 2.63182537310058e-06 3.11711701215245e-06 4.73943422548473e-05 3.81608464522287e-05 2.08782046684064e-05 6.22727966401726e-06 2.95551610179245e-05 5.10242025484331e-06 2.82188906567171e-05 1.18437215860467e-05 5.6528311688453e-05 3.07299217183754e-08 2.51563633355545e-06
5.24800234416034e-06 4.40600415458903e-06 5.79478255531285e-06 4.3312360503478e-06 7.25252684787847e-06 2.19210160139482e-06 1.46875217978959e-06 1.30159503896721e-05 6.02105217240023e-08 8.43582057541425e-09 5.64370639040135e-06 3.85672465199605e-06 3.48953617503867e-06 3.4541550121503e-06 3.80451383534819e-06 3.16639707307331e-06 2.93448447337141e-06 3.42264502251055e-06 5.47605668543838e-06 2.72039160336135e-06 2.71448934654472e-06 2.11183778446866e-06 1.57950998982415e-06 2.84232610283652e-06 3.80780948034953e-06 1.28107722048298e-06 7.02762781656929e-07 9.90764874586603e-07 1.91080653166864e-06 1.59645176609047e-05 2.00854083232116e-06 1.01796849776292e-06 2.45789724431233e-06 4.78658585052472e-06 4.10343855037354e-06 3.46441171132028e-05 1.86014716746286e-05 5.63261601200793e-06 7.05717684468254e-06 2.68394127488136e-05 9.69054836374994e-12 1.64911281899549e-05 3.03467040794203e-06 1.39422729262151e-05 1.18955967991496e-06
4.32242704846431e-06 4.47213715233374e-06 4.24482386733871e-06 5.91576863371301e-06 3.76699899788946e-06 1.00731294878642e-06 1.46720822158386e-06 2.4988654331537e-06 5.16445899847895e-05 0.000176832883153111 9.29545713006519e-06 6.62477323203348e-06 7.38479648134671e-06 7.45923680369742e-06 3.16320110869128e-06 3.02650969388196e-06 4.02499244955834e-06 3.04376335407142e-06 2.82424643955892e-06 3.67504035239108e-06 2.32415313803358e-06 4.05458195018582e-06 1.74655087903375e-06 1.62426204042276e-06 3.6281631764723e-06 3.85494095098693e-06 1.24471316667041e-06 2.13157363759819e-06 3.77815267711412e-06 6.54767674859613e-05 2.53672158578411e-05 1.29581865621731e-05 1.34654419525759e-06 2.59629505308112e-06 2.02569044631673e-06 3.65096348104998e-06 5.06509735714644e-05 3.36990342475474e-05 3.15629818942398e-05 2.60580593021587e-05 1.28379528177902e-05 2.96948246614193e-07 0 1.52523265569471e-05 1.50674837641418e-05
4.6002689487068e-06 2.22378639591625e-06 2.83299486909527e-06 3.72827671526466e-06 1.49167472045519e-06 7.92887112766039e-07 1.28178126033163e-06 6.78442120261025e-09 1.65830824698787e-06 1.72385160112754e-05 9.71327899605967e-06 1.11048910184763e-05 9.57856536842883e-06 4.55813642474823e-06 1.83223710337188e-06 8.71353495313088e-07 1.61045390996151e-06 1.38748018798651e-06 1.34866759253782e-06 2.86682370642666e-06 1.72094405570533e-06 1.31932292788406e-06 1.69930899573956e-06 2.18907971429871e-06 3.05404646496754e-06 4.81578608741984e-06 4.16034745285288e-06 2.92558288492728e-06 4.21646655013319e-06 2.56310857366771e-05 2.53740116022527e-05 4.17745650338475e-06 7.37416394258617e-07 7.80845039116684e-07 9.62891681410838e-07 1.00335355455172e-06 5.32369886059314e-06 2.49986129347235e-05 3.8048699934734e-06 5.46327137271874e-06 4.74291118734982e-06 2.30264442507178e-05 1.90122664207593e-05 3.5750686947722e-06 2.00445545488037e-05
1.68419446708867e-06 1.49679353853571e-06 1.2680758118222e-06 3.40665683324914e-06 3.75326817447785e-06 3.70809866581112e-06 3.48756548191886e-06 7.63767729949905e-07 9.42048518481897e-07 1.5048907698656e-06 1.62423690198921e-05 6.25933316769078e-06 4.29289138992317e-06 2.89823656203225e-06 1.75537898030598e-06 8.92355819814838e-07 1.36956587084569e-06 2.99852508760523e-06 3.22758569382131e-06 2.85651258309372e-06 2.73369787464617e-06 2.32293532462791e-06 2.33550963457674e-06 4.29524843639228e-06 3.81968675355893e-06 2.80894219031325e-06 3.67107240890618e-06 3.29099711962044e-06 3.69805966329295e-06 1.73937471117824e-05 2.43429152760655e-05 2.17685665120371e-05 1.49047991726547e-06 4.03658305003773e-07 5.68707309867023e-07 6.66051300868276e-07 1.09410038930946e-06 1.86843553819926e-06 1.81901596079115e-06 1.23812014862779e-06 1.62015057867393e-06 2.0689434313681e-05 1.90720602404326e-05 1.65394332725555e-05 1.86819903319702e-05
4.18646450270899e-06 3.66863387171179e-06 7.60598413762636e-06 7.2804708906915e-06 2.22046801354736e-06 1.33417725010077e-06 8.46229613671312e-07 4.19753014284652e-06 4.76408058602829e-06 1.52227121361648e-06 4.49280778411776e-06 1.23533682199195e-06 9.78458683675853e-07 9.69234042713652e-07 8.72056443768088e-07 9.58112650550902e-07 1.11765784822637e-06 9.83439258561702e-07 1.41159252962098e-06 3.65059131581802e-06 2.0385516108945e-06 1.35048621814349e-06 2.72741599474102e-06 2.38115790125448e-06 1.51972753883456e-06 3.48458233929705e-06 2.8027441658196e-06 3.53762370650657e-06 4.20751515775919e-05 2.22353060962632e-05 1.96168999536894e-05 1.98465102585033e-05 2.0170047719148e-06 9.71981535258237e-07 9.10723792912904e-07 6.78418837196659e-07 9.61555542744463e-07 3.11341282213107e-06 3.49086803907994e-06 3.34050710080191e-05 1.7573691366124e-06 5.75584672333207e-06 3.768460592255e-05 3.68254724889994e-05 1.5959756274242e-05
2.19104549614713e-06 5.6159217365348e-08 7.87750650488306e-07 1.61431496962905e-05 2.98891518468736e-06 1.22073868169537e-07 4.06268827646272e-07 1.98239504243247e-06 3.85176899726503e-06 1.54157914948883e-06 1.23089394037379e-06 1.84746113518486e-06 1.34373985929415e-05 1.48636681842618e-05 8.29809796414338e-06 1.90854516404215e-06 1.04173986983369e-06 1.21624134408194e-06 1.22148621812812e-06 9.82545861916151e-07 1.22811607070616e-06 1.56357982632471e-06 1.98164852918126e-06 1.134351350629e-06 6.79352342558559e-07 8.50477590574883e-07 5.25098294019699e-06 4.40824602264911e-05 2.74454068858176e-05 5.17073436640203e-05 2.34963954426348e-05 2.16644926695153e-05 1.20491486086394e-06 5.03592582390411e-07 8.4108842202113e-07 5.34196942680865e-07 3.59059504262404e-07 1.69697232195176e-06 2.66238901531324e-05 5.15750325575937e-06 1.72883592313156e-06 2.1133862901479e-06 3.56016571458895e-06 1.62245982210152e-05 2.42941750911996e-05
2.39130276895594e-06 1.81452596734744e-06 3.4655549825402e-07 2.94135898002423e-06 5.06601463712286e-07 4.11353721574415e-06 3.38011886924505e-07 8.19852903077845e-07 2.92326640192186e-06 6.77239813740016e-07 2.84738598566037e-06 2.82966739177937e-06 4.8454872739967e-06 8.35404425743036e-06 3.61291713488754e-06 1.26448430819437e-06 1.6459072867292e-06 1.8323187759961e-06 1.15862603706773e-06 3.32964373228606e-06 1.46009488162235e-06 3.44681102433242e-06 2.05658470804337e-06 8.95230732567143e-07 6.29671603746829e-07 8.51673248689622e-06 2.03804942429997e-05 3.93446651287377e-05 4.31966444011778e-05 6.62932521663606e-05 5.67144190426916e-05 4.95128624606878e-05 8.77894763107179e-07 3.68051769328304e-07 6.51091704639839e-07 4.15326758229639e-07 3.25920154864434e-07 1.00696042864001e-06 2.099537414324e-06 2.1464831661433e-06 1.49992238220875e-06 4.02888763346709e-06 3.45917396771256e-06 2.40750268858392e-06 4.83830866869539e-05
2.33541923080338e-06 9.82772507995833e-07 1.24234020404401e-06 3.76785428670701e-06 5.50883760297438e-07 9.35731895879144e-07 1.30342741613276e-06 1.02053809314384e-06 1.0387124348199e-06 1.48620501931873e-06 7.52563073547208e-07 6.77798425385845e-07 3.71601163351443e-06 8.91913514351472e-06 9.27263317862526e-06 7.3557959694881e-06 1.20809672807809e-05 6.60004006931558e-06 9.97886854747776e-07 5.58402352908161e-06 1.64123539434513e-06 1.02833000710234e-05 5.86063179071061e-06 3.28932692355011e-06 4.12909248552751e-06 5.78906874579843e-06 1.55537796672434e-05 4.0138655458577e-05 3.1163016683422e-05 2.70391028607264e-05 6.08558009844273e-05 2.1419305994641e-05 8.86220277607208e-07 2.9117586564098e-07 5.01335580338491e-07 5.47268746231566e-07 6.79658842273057e-07 1.84839991561603e-06 2.09998797799926e-06 1.50614323501941e-06 3.32249146595132e-06 2.94982255581999e-06 1.47588589243242e-06 4.90219754283316e-06 1.83906493475661e-05
1.06012421383639e-06 1.01720970633323e-06 1.2988558410143e-06 4.7879628255032e-06 4.87128054373898e-06 8.00447742221877e-06 1.57365120685427e-06 1.14713348011719e-06 1.61249645316275e-06 5.98727638134733e-06 9.90413718682248e-07 9.85532460617833e-07 8.0116224125959e-07 6.09514472671435e-07 2.85291152977152e-06 6.29877649771515e-07 3.03591950796545e-06 3.77005017071497e-06 6.66906926198863e-06 3.46208216797095e-06 2.43118956859689e-06 1.99769565369934e-06 3.33628413500264e-06 3.86847277695779e-06 2.35670973779634e-05 0.000136713753454387 4.81353927170858e-05 4.83598007122055e-05 3.93635156797245e-05 3.16299789119512e-05 2.71814700681716e-05 3.24054199154489e-06 7.17969896868453e-07 5.95364872424398e-07 5.67283223062987e-07 4.27111444878392e-07 5.64113724976778e-07 1.16299379442353e-06 1.51016165546025e-06 1.25333635878633e-06 3.09795032080729e-06 1.42912203955348e-06 3.33141397277359e-06 2.73574172751978e-05 4.44089209850063e-17
1.09798675111961e-06 1.06487450466375e-06 1.54161771206418e-06 9.22296476346673e-07 9.26663506106706e-07 7.93509461800568e-06 7.51337865949608e-06 2.95040208584396e-06 7.13787158019841e-06 2.5437760996283e-06 7.78632384026423e-06 7.14158250048058e-07 7.02322995493887e-07 6.65141442368622e-07 9.65380058914889e-07 7.34795230528107e-07 8.45868999022059e-07 8.10366400401108e-06 5.82211687287781e-06 2.50089105975348e-06 2.8299100449658e-06 2.51589153776877e-06 2.90451625915011e-06 1.39353924168972e-06 3.81763675250113e-06 3.58831566700246e-06 9.00504455785267e-06 7.97216838691384e-05 6.25416578259319e-05 9.47052903939039e-05 5.70437870919704e-05 4.06833045417443e-05 3.25378496199846e-06 1.44106888910756e-06 6.58450062474003e-07 5.89637829762069e-07 7.23382208889234e-07 5.68048653803999e-07 9.80672029982088e-07 4.33460190834012e-06 2.8228948940523e-05 1.96090375538915e-05 6.69630026095547e-06 3.36011794388469e-07 2.81465363514144e-06
1.10788596430211e-06 1.68501064763404e-06 3.52391070919111e-06 1.83856191142695e-06 1.74911328940652e-06 1.47549808389158e-06 5.80224696022924e-06 8.19760534795933e-06 2.4316976123373e-06 1.80749684659531e-06 2.45203536906047e-06 7.0670307650289e-07 6.90506976752658e-07 6.19642969468259e-07 5.54602547708782e-07 5.7561619541957e-07 9.24154574022395e-07 4.51059931947384e-06 1.10571809273097e-06 1.09990069177002e-05 9.64737919275649e-06 5.19927125424147e-06 1.33057737912168e-06 3.39408325089607e-06 4.23734454670921e-06 3.90111454180442e-06 7.10950480424799e-06 3.82704238290898e-06 5.20863104611635e-05 4.50880499556661e-05 7.51854968257248e-06 4.9511745601194e-06 1.7494805433671e-06 1.13701453301474e-06 2.30375426326646e-06 2.45414266828448e-06 1.5831392374821e-06 3.23986241710372e-06 9.04348416952416e-06 5.77315972805081e-16 2.69125011982396e-06 3.67049011401832e-05 3.29722795868292e-05 6.96693838108331e-05 2.30751844355837e-05
1.59207902470371e-06 2.65966446022503e-06 1.48478784467443e-06 7.77436725911684e-06 9.50782123254612e-07 7.76260549173458e-07 1.43451607073075e-06 3.66498061339371e-06 3.75873673874594e-07 1.69068753166357e-06 1.47582095451071e-06 1.97828740056138e-06 3.19826631312026e-07 6.64425624563592e-07 5.45314378541661e-07 6.3799284362176e-07 5.72956423638971e-07 5.70894917473197e-07 6.3291709011537e-07 1.46448064697324e-06 2.74259509751573e-06 1.21197088446934e-05 5.87993927183561e-06 3.14241005980875e-06 3.37134079018142e-06 3.16023142659105e-06 4.62374955532141e-06 3.34277501679026e-06 1.68695944012143e-05 8.12313926871866e-05 0.000120557402260602 9.87501000054181e-05 1.75594868778717e-06 8.95299381227233e-06 2.98937258776277e-05 2.80491603916744e-06 3.6906756577082e-05 4.58211980003398e-07 3.09087597997859e-05 2.04692827537656e-05 2.20518977585016e-06 2.0760424376931e-05 2.52178608207032e-05 1.8550668755779e-06 2.03055315068923e-06
1.16806886580889e-06 1.4607540833822e-06 2.0275636416045e-06 1.43650195241207e-06 6.50232186671928e-07 8.96130495675607e-07 7.32928947400069e-07 7.84142139309552e-07 6.84071346768178e-07 3.97493167838547e-06 7.80737082095584e-07 5.75621879761456e-07 7.44312865208485e-07 5.34146829522797e-07 6.40573398413835e-07 2.82810651697218e-07 6.23070263827685e-07 1.02480307759834e-06 1.58980892592808e-06 5.12737242388539e-06 1.89509828487644e-06 1.75523164216429e-05 2.77234612440225e-06 1.4004419426783e-06 2.19589655898744e-06 3.1545936508337e-06 8.71693919179961e-06 3.13789641950279e-05 0.000159032852388918 3.17786441883072e-05 2.59051867033122e-06 5.84232002438512e-06 4.01039753342047e-05 2.65894894255325e-05 4.50085826741997e-06 1.18954318168107e-05 1.80289629497565e-05 1.82360425242223e-05 2.49712047661887e-06 1.33379828184843e-05 4.56578098237514e-05 1.83017269591801e-05 1.70005296240561e-06 2.33058608500869e-07 8.9552020199335e-08
