Maxent_result_files_2/B_magnus_3.asc
NCOLS 594 
NROWS 330 
XLLCORNER -15 
YLLCORNER 23 
CELLSIZE 0.166666666666667 
NODATA_value -9999 
[rows 220 to 239 of 330, columns 270 to 314 of 594]
-9999 -9999 -9999 -9999 -9999 -9999 -9999 -9999 0.126496475934982 0.000279146665707231 0.00407011769711971 0.00400026813149452 0.000205086800269783 6.89565145876259e-05 0.000915680360049009 2.25375273998907e-15 0 0 0 0 0 0 0 0 0 0 0 0 0 0 0 0 0 0 0.00443978570401669 0.00390185341238976 0.00211373642086983 0.000351415062323213 0.0436319351196289 0.00367701537907124 0.000519127957522869 0.0028666203841567 -9999 -9999 -9999
0.00157337803393602 0.000449534552171826 2.29852830671007e-06 2.57707124546869e-06 0.313311064243317 -9999 0.240951520204544 0.0901086688041687 0.00029888495337218 3.6914853262715e-05 8.07925753179006e-06 4.67916066781982e-08 4.43515782535542e-06 5.45882867299952e-06 0 0 0 0 0 0 0 0 0 0 0 0 0 0 0 5.19015941335965e-12 0.00191890615969896 1.33226762955019e-16 0.000637079449370503 5.95062912907451e-05 4.31683118222281e-05 0.00016492783324793 0.000137675553560257 0.00182786732912064 0.00770781189203262 0.00249228402972221 0.0002833207603544 0.0052098635584116 0.0029648857191205 0.0245174884796143 0.376318645477295
0.000172189821023494 7.82850198447704e-05 0.000128708290867507 0.000560413952916861 0.000108247366733849 0.00215571373701096 2.5819378788583e-05 0.000166942120995373 3.36036930093542e-05 0.00513347052037716 0.000310184806585312 0 6.003642027963e-13 0 0 0 2.82760674963356e-07 1.11022302462516e-17 1.3824749123259e-10 0 0 0 0 0 0 0 0 0 0 1.96825862275318e-09 0 4.80729941045865e-06 0.000969420000910759 2.1349941380322e-05 0.000151264399755746 0.000282176537439227 0.000452378764748573 0.00170475021004677 0 9.11493103217253e-15 5.14980047228164e-07 0.000757801858708262 0.0141456991434097 0.0144427061080933 0.00854376181960106
0.00042060250416398 0.00195238366723061 0.000127176498062909 0.000313870701938868 0.00459297820925713 1.98042878764682e-05 0.000241224677301943 7.85485201049596e-05 0.00107908695936203 1.00145003401053e-11 0 0 3.44557604670115e-10 1.98073002444232e-11 0 0 0 0 5.2897616114933e-06 1.08781328890473e-05 1.8678157357499e-05 3.13526982154144e-14 0 0 0 0 0 0 0 6.85418388712833e-13 0 8.00329798948951e-06 8.21141584310681e-06 1.59341288963333e-06 3.94270027754828e-06 1.03028696685215e-13 0 0.000114676891826093 0 0 0.007523413002491 0.015041609108448 0.00776587128639221 0.011569744348526 0.0166922062635422
0.000343817193061113 0.000139315344858915 6.03145781497005e-06 9.83928330242634e-05 2.8475957151386e-06 1.21407084385794e-10 3.56883091967575e-09 1.54326385004566e-10 0 0 0 0 0 0 0 0 0 0 8.70663861860521e-06 7.58853784645908e-06 0 1.0327206467764e-08 5.16732734467951e-07 1.39544454214047e-06 1.44991254273918e-06 1.47765304063796e-06 2.47596399276517e-06 1.3438956614209e-10 3.72526619685232e-07 1.70427229022607e-05 1.70756509760395e-05 8.22608344606124e-06 5.77285318286158e-06 1.52394704855396e-06 1.13389258331154e-05 6.79123622830957e-06 7.55920552819589e-09 8.29281925689429e-05 1.31557080749189e-06 8.75278328749118e-07 0.000124863034579903 0.000326935155317187 0.00155086517333984 3.49517081943418e-12 0.0015235791914165
0 0 0 0 0 0 0 0 0 5.77760062014931e-13 0 0 0 0 9.14490705383741e-14 0 1.05745634471077e-09 0 3.33347743435297e-06 2.04882053367328e-06 0 5.30587328739784e-08 2.27085280357642e-08 4.03188460040838e-07 9.20227739698021e-07 7.3215755946876e-07 1.99840144432528e-16 0 6.30830472800881e-06 5.63596222491469e-06 2.36149353440851e-06 1.65315228514373e-05 3.45177140843589e-06 1.54174686031183e-06 6.52773633191828e-07 3.45683802152053e-06 1.87983037903905e-05 1.94102667592233e-06 0.000150236894842237 6.96576084010303e-05 3.6506206379272e-05 8.35884139682719e-11 1.85091321327491e-06 0.000628177030012011 0.000165671738795936
0 0 1.12132525487141e-15 1.11022302462516e-17 0 0 0 0 0 0 0 8.81517081552374e-15 2.11941575400942e-14 0 6.19575348537182e-07 2.49755930781248e-07 3.69848649484084e-09 3.19319588015787e-06 2.11830683838343e-07 2.95495265163481e-06 7.20519574315404e-07 2.61304353443847e-07 7.43818930004636e-08 4.29671626989148e-07 3.21543188874784e-07 8.73752378538484e-07 1.91173676284961e-06 3.06963521268244e-09 5.79614934395067e-06 1.19538672151975e-05 7.83390569267795e-06 1.42691033033771e-06 4.45129671788891e-07 3.0802484616288e-07 8.90789760887856e-07 2.00431404664414e-06 1.72702966665383e-06 4.74457163363695e-05 3.4362776659691e-07 1.20306896860711e-05 1.37857685331255e-05 0.000459250062704086 5.56263839825988e-05 0.00124692060053349 6.67973381496267e-08
0.000132269819732755 9.00805652293002e-10 1.50954815314464e-10 0 0 0 0 0 0.000447210483253002 9.45427736098736e-10 1.00219983778516e-07 4.38742972619366e-06 4.02663272325299e-07 1.03433931144536e-06 1.16154624265619e-06 1.02906606116449e-06 1.77753881871467e-06 1.15280488444114e-07 3.17837930197129e-07 4.48245009465609e-06 5.60434955332312e-07 2.51884989665996e-07 3.7692082059948e-07 2.55535564974707e-07 3.28772262037091e-07 8.56665701576276e-07 4.91993978357641e-07 3.79767989215907e-06 4.38508250226732e-06 9.21293030842207e-06 1.41396758408519e-06 1.44751509651542e-05 3.99032671793975e-08 3.97162921217387e-07 1.61771495186258e-06 1.29276650113752e-06 1.09250167952268e-06 4.41774282080587e-06 8.19832439447055e-07 1.06161469375365e-06 2.9191318390076e-06 1.55157595145283e-06 1.38771274578176e-06 1.98665638890816e-06 1.5898482160992e-06
3.32506751874462e-05 6.81333185639232e-06 3.17266398042193e-08 0 0 6.94783119925546e-12 0 0 0 0 3.78613806972794e-12 3.30760201904923e-05 1.3800710439682e-05 1.7270736861974e-06 5.35338949703146e-07 1.24252555906423e-06 1.42898861668073e-06 4.27057739216252e-07 5.81998756388202e-06 9.12679024622776e-07 4.25574535256601e-07 4.30939792295249e-08 7.13305382760154e-08 3.17893614010245e-07 4.49660728918388e-07 4.34170942753553e-07 2.36519845202565e-06 2.44950388150755e-06 5.23340604559053e-06 1.47860100696562e-06 3.10430300487496e-07 2.40165027207695e-06 2.80226668110117e-06 2.16833050217247e-06 5.41311464985483e-07 2.20456731767626e-06 2.34507569984999e-06 1.07973955891794e-06 2.05247361009242e-06 1.37451015689294e-06 1.29206255223835e-06 1.04668542917352e-06 9.13846361072501e-07 1.03016036518966e-06 3.99173004552722e-06
3.25831479131011e-07 7.90487683843821e-06 7.78206958784722e-06 3.38673737132922e-05 3.71731963241473e-05 1.02238802355714e-05 8.70700809173286e-05 8.40872526168823e-05 0.000254509481601417 0.00126305483281612 0.000181354570668191 1.46169477375224e-05 2.74742178589804e-06 3.21093102684245e-06 1.27110497487593e-06 3.90147533835261e-07 1.75483592101955e-07 6.54424496815409e-09 1.33242965603131e-06 1.19858277685125e-06 4.99065845360747e-07 7.30612237020978e-07 1.25394853967009e-06 2.58145291809342e-07 3.47599393535347e-07 1.41746579629398e-07 7.04095384662651e-08 6.64924209559103e-07 5.21622541782563e-07 4.59251459687948e-06 2.89936338049301e-07 4.63170581497252e-06 4.38530969404383e-07 9.61496061790967e-07 2.41395355260465e-07 2.36518582497069e-12 0 0 1.55754605657421e-06 1.37134975375375e-06 1.43188544825534e-06 5.31700516148703e-07 4.25973394158063e-07 1.48245662785484e-06 1.57535469043069e-06
1.11022302462516e-16 0 0 1.54374050907791e-05 4.12003828387242e-06 0.000637197634205222 0.00431091636419296 0.0127258107066154 0.0182123199105263 0.0014446503482759 6.12732430454344e-05 3.81570978788659e-05 3.10091345454566e-06 5.90995796301286e-07 1.81067607627483e-06 3.12841075356118e-06 5.58270676265238e-07 1.77821277702606e-07 3.36072162099299e-07 6.38049300505372e-08 1.59951332534547e-07 4.95001813760609e-08 8.99359235972952e-08 4.40514781985257e-08 2.91357737296494e-06 3.03344440908404e-06 1.10743246750644e-07 1.41922407692618e-07 3.55679094354855e-07 1.66664376592962e-06 1.6812953617773e-06 2.22669023060007e-06 2.33372156799305e-06 1.90386049325753e-07 0 0 0 1.63095864991192e-06 1.80124716280261e-06 1.60529161803424e-06 1.56653004523832e-06 1.42414164656657e-06 1.51297890624846e-06 1.76308221853105e-06 1.11983326860354e-06
0.00242055170238018 0 0 8.06298805400729e-05 0.00212854631245136 0.00021186035592109 3.23307031067088e-05 3.16149526042864e-06 0.0001515724346973 0.00486321486532688 0.000247240765020251 4.55621397122741e-05 4.13434972870164e-06 2.47499610850355e-06 0.000214142678305507 7.70239566918462e-06 4.86215867567807e-08 5.67614279134432e-08 3.0041192076169e-07 1.46630395647662e-07 7.77811465013656e-08 8.72778514349193e-08 3.36491234520508e-07 1.33904932226869e-06 2.06635941140121e-06 8.41397741169203e-07 2.29912238864927e-06 1.6100919310702e-06 4.58470913144993e-07 1.21389966807328e-06 1.86693487194134e-06 3.17789158543746e-07 2.55844115599757e-06 1.43572679007775e-06 0 0 1.57218273670878e-06 1.89043021237012e-06 2.36857831623638e-06 1.76813045982271e-06 1.59113715199055e-06 1.41827731567901e-06 1.50626547110733e-06 7.38147036827286e-07 4.78666288472596e-07
1.357357687084e-05 4.80467079455593e-09 0 0 1.11022302462516e-17 0.00462072268128395 0.000395870534703135 1.54172477778047e-05 2.41735266172327e-05 8.2081975415349e-05 0.000884826667606831 8.55830032378435e-05 2.13514158531325e-06 9.71931331150699e-07 7.13409797754139e-05 5.92071637584013e-07 2.13798580261937e-07 1.69410068338038e-06 1.85697658139361e-08 1.80985500719544e-07 1.60904960466723e-08 1.8928737688384e-08 9.52737354964484e-07 2.54158039751928e-06 1.58894727064762e-06 3.89422621083213e-07 0 2.33814243983943e-06 8.76815465744585e-07 8.42550707602641e-07 1.30592461573542e-06 3.47073037119117e-06 3.80720011889935e-06 1.66918889590306e-06 1.54336757987039e-06 1.52029851960833e-06 2.93693483399693e-06 2.95887784886872e-06 1.11697700049262e-06 1.55881025420967e-06 1.41767486638855e-06 8.77354796102736e-07 8.02667636889964e-07 6.99893507771776e-07 7.41949315852253e-07
2.1639846090693e-05 4.47272541350685e-06 0.00138650434091687 0 0 0.0123515605926514 0.00542732812464237 0.000534762861207128 0.000120173580944538 1.23304460430518e-05 1.14460272016004e-05 3.19856553687714e-06 5.09302153659519e-06 5.27181000506971e-06 8.59743086039089e-06 1.43678880704101e-06 1.89016991498647e-06 2.1684470539185e-07 1.0626746188791e-06 0 0 1.62166156769672e-07 1.62327822295083e-08 1.22966503113275e-07 1.130948703576e-07 1.90306150216202e-07 9.71157896856312e-07 1.71812589542242e-06 1.49889065141906e-06 1.24419409530674e-07 1.05485260064597e-06 1.5852239812375e-06 3.32976151184994e-07 2.30092609854182e-06 3.50374903064221e-06 1.0898224900302e-06 1.61308053066023e-06 3.51447815774009e-06 1.27422117657261e-06 8.17563886812422e-07 1.96643895833404e-07 7.95979212853126e-07 1.98739526240388e-06 1.1013838047802e-06 7.82548522693105e-07
4.94115345645696e-05 0.00332309603691101 5.28448472323362e-06 3.05250578094274e-05 0.00887496024370193 0.00181132461875677 0.0306242197751999 0.00018161260522902 0.0185944959521294 0.00200043581426144 0.000378677016124129 1.14897229650524e-05 4.41118791059125e-06 9.14457850740291e-06 6.28946407232434e-05 9.70611989032477e-05 1.08603126136586e-06 1.64807022429159e-07 4.44089209850063e-17 0 0 1.63502645591507e-06 2.16327293856011e-07 1.63244763484727e-08 2.35622769650945e-07 1.32472177938325e-07 2.87994544123649e-07 1.17286408567452e-06 1.09884222183609e-06 1.70703478943324e-06 4.49335584562505e-07 1.705449506062e-08 1.23781285221725e-10 3.04885429613933e-07 3.25883229379542e-06 3.05213361571077e-06 2.22841135837371e-06 1.14129279609188e-06 1.66649460879853e-06 1.35687414513086e-06 1.13657197289285e-06 8.54495920066256e-07 6.6417360358173e-07 6.80611765346839e-07 8.379900464206e-07
0 1.11022302462516e-17 3.58453598892083e-07 4.57079848274589e-05 6.94020593073219e-05 0.00239453725516796 7.17308314051479e-05 4.76713785246829e-07 0.0126732736825943 0.00113613223657012 0.000485647795721889 5.12357655679807e-06 5.85665402468294e-06 1.97431349079125e-05 4.08514577429742e-05 1.76001092768274e-05 1.35065229187603e-06 9.97455003926007e-08 0 0 0 0 1.77635683940025e-15 1.53490182128735e-06 1.22603807994892e-07 2.70080454356503e-07 1.74915726347535e-07 5.54276027742162e-08 1.54768557081297e-08 2.20910260395613e-07 3.33678963215789e-07 3.6120724189459e-08 4.43398721472477e-07 3.85309522243915e-07 1.85689696081681e-06 4.12677363783587e-06 7.30332976672798e-07 3.33066907387547e-17 2.1621508494718e-06 1.26973700389499e-06 5.9420681282063e-07 7.07790331944125e-07 7.40149471312179e-07 0 1.4432899320127e-16
7.5881334549166e-11 1.76698899956307e-10 3.89447901397944e-05 0.00370229631662369 0.0138638854026794 1.01480487501249e-05 1.99840144432528e-16 3.33066907387547e-17 0.000289875757880509 1.71247418620624e-05 0.00814928859472275 0.00105523727834225 3.76578886061907e-05 5.03092996950727e-06 3.55809170287102e-05 2.14191983104683e-05 2.03602285182569e-06 3.91426438000053e-06 0 0 0 0 0 6.76227909934823e-07 2.08466076401237e-07 6.57090652111947e-08 1.00915588063799e-07 8.77941431554063e-08 1.02413123386214e-06 6.74495481689519e-08 1.27701050587348e-06 4.46025842393283e-07 5.28933105670148e-07 5.31753903487697e-07 2.04742955247639e-06 3.71237001672853e-06 2.24538598558865e-06 2.67211580649018e-06 1.45973590406356e-06 1.00688212114619e-06 9.63600450631929e-07 1.00188990472816e-06 6.62977163301548e-07 6.77255502523622e-07 6.50523816148052e-07
4.12741396615957e-11 1.24438287457451e-05 2.19838329940103e-05 0.000950386375188827 0.00191568098962307 0 1.38666264319909e-06 7.72999410401098e-06 1.87759887921857e-06 1.19736359920353e-05 3.09775321511552e-05 0.000519904727116227 2.10646190680563e-05 5.01065915159415e-06 9.12841569515876e-06 8.4313825936988e-06 3.26851040881593e-06 1.05553181128926e-06 1.69595277839107e-06 0 0 0 7.54413413233124e-06 6.2647377490066e-07 1.8117158106179e-06 2.77161666417669e-07 3.26355433344361e-08 1.10516530185123e-06 2.66564870798902e-07 4.31966736869072e-07 3.51071116710955e-07 1.05662968508113e-07 2.53500934377371e-07 1.87289260793477e-06 1.82446055987384e-06 2.00765007321024e-06 2.10113539651502e-06 1.24320977192838e-06 1.7389536878909e-06 1.05774415715132e-06 1.46117072290508e-06 4.60003008129206e-08 4.0073487070913e-07 1.03285419754684e-06 6.27172903477913e-07
0 6.91908877342939e-05 0.000256355642341077 0.00933218225836754 3.26164663420059e-06 1.66727454065096e-10 4.81838760606479e-06 1.28573548863642e-05 5.56314844288863e-06 1.98758360880902e-09 5.02874354424421e-06 1.23138815979473e-05 7.22765253158286e-06 3.05744091747329e-05 3.47592169418931e-05 3.07996560877655e-06 1.03505462902831e-06 4.32354063377716e-06 3.15425404551206e-07 4.09786707677995e-07 1.72698928508908e-05 6.03215652517974e-05 8.33966332720593e-06 7.32061627786607e-05 1.70822950167349e-06 3.71843702851038e-07 1.58386319526471e-06 9.3309336079983e-07 4.05386754209758e-07 3.4138854516641e-07 4.44095945795198e-08 2.52656832344655e-07 2.70688906311989e-07 8.33046669868054e-07 8.04997125669615e-07 2.49151598836761e-06 1.60938834596891e-06 2.01257553271716e-06 1.71631654666271e-06 9.74761951511027e-07 1.45232042996213e-06 4.93978234317183e-08 1.38078553391097e-07 3.4250595604135e-08 1.31269962366787e-07
4.08949592383578e-05 0.00593823119997978 1.57656744704582e-05 1.35322348796763e-05 1.88737914186277e-16 1.77497526010484e-08 4.6579705667682e-06 7.61701157898642e-06 1.52645225171e-06 3.86801701779405e-14 1.99694816238605e-11 3.15661774948239e-05 1.90941558685154e-05 6.18640285665606e-08 0.00298443399369717 0.000469397846609354 5.8727335272124e-06 0.000229259091429412 9.75275106611662e-06 4.90566417283844e-06 2.8116205612605e-07 9.26940811041277e-07 4.31543689671798e-14 0.000523261399939656 1.8719407307799e-06 1.16524015538744e-06 1.30403150251368e-06 7.34447939976235e-07 1.68800743267639e-06 2.44619841396343e-06 3.53450536749733e-07 1.07314981505624e-06 3.66104177373927e-06 1.76499415829312e-06 0 1.04971036307688e-09 0 2.31534214023554e-10 5.21804821573824e-15 1.53160472109448e-06 5.5840232437987e-11 6.3716123577251e-08 3.75125978280266e-08 4.4003541006532e-07 8.53893925523153e-07
