Maxent_result_files_2/B_magnus_2.asc
NCOLS 594 
NROWS 330 
XLLCORNER -15 
YLLCORNER 23 
CELLSIZE 0.166666666666667 
NODATA_value -9999 
[rows 100 to 119 of 330, columns 540 to 584 of 594]
4.27674831104952e-08 4.94525557659387e-07 1.07558759010473e-06 8.17124725993601e-08 7.98926137912659e-08 4.75610694827822e-08 5.94959607913559e-08 7.9140032926972e-08 4.48012014930832e-08 9.92381559594691e-08 3.26885265189425e-08 2.52454669280588e-08 1.61149836896968e-07 4.44737291538377e-07 6.84283083418613e-08 6.70082098364055e-08 4.60784809308557e-08 3.29325939629754e-08 2.84486955992591e-08 1.78425841101948e-08 2.68222020927134e-08 2.97578685248823e-08 1.79332378724695e-08 1.22795212220694e-08 1.41001921583062e-08 1.3480093830065e-08 1.09567310346836e-07 2.68313396680764e-06 6.56535818266413e-08 2.72809063228685e-08 8.42070840834097e-09 1.7812030961295e-08 1.42317960305505e-08 1.43136993591142e-08 1.97088218301111e-08 8.79439875367538e-09 4.99483722715688e-08 4.20169491199829e-08 7.73498993633659e-08 9.90647558318791e-08 2.23187727144136e-07 3.48046540343816e-07 2.29784535239474e-06 1.76728397018877e-06 5.38776547454045e-07
3.9765081933929e-07 1.68881794138098e-07 1.09688145233378e-08 5.7893275284826e-08 1.46471501938361e-07 1.82417413441272e-07 4.14086001043756e-09 5.48291101520881e-08 8.16668428438305e-08 2.78945430753907e-08 3.21292713545418e-09 1.59342488648129e-08 7.75801065278081e-08 4.0806145451544e-08 3.82803651444163e-08 2.72347866370204e-08 4.22910866992865e-08 6.20520251071177e-08 6.20126479278227e-08 4.64212531969821e-08 1.8671468541287e-07 2.29012815600171e-08 3.53674109887514e-08 2.58214532533607e-08 2.83481262242091e-08 1.70222662188024e-08 1.61064638404262e-08 1.76972360066419e-06 3.10015321747237e-08 3.79449975440593e-08 2.72167509529631e-08 4.9766127396822e-08 4.17382659656518e-08 5.17992924331523e-08 1.87174055732431e-07 1.20608662723676e-07 1.42349540888098e-07 1.46567026781952e-07 2.02746062438752e-07 2.00192835042579e-07 6.66585827169275e-07 1.59783024045179e-07 5.38589635645792e-07 3.18446570124475e-07 4.69753689180674e-07
2.13732099740849e-07 1.01054822221336e-07 1.62119100255431e-07 1.33666578849834e-06 4.39987145717247e-08 1.82810979554304e-07 7.98700963478005e-08 6.38931403340592e-08 9.44968370220067e-08 3.77717841448799e-09 2.96177360228356e-06 4.83550414487333e-08 4.75013434475535e-08 6.2401053968486e-08 7.33650003192921e-08 3.76650777345056e-08 5.18503601054654e-08 1.60885679767464e-07 1.49228312518179e-07 5.44630072929486e-08 5.31132581582661e-08 1.1731973202922e-07 4.1973366791126e-07 7.86856292789295e-07 1.3754975407565e-07 6.84777524573299e-08 8.88150195055282e-08 5.74626629057384e-08 1.31258882174468e-07 1.33958399921585e-06 8.99907654883236e-07 3.14395057854355e-07 5.65332650159789e-07 1.45745629493987e-06 1.37093241567854e-06 2.41344440210511e-06 2.63948170839967e-06 9.66721806650028e-07 4.39771633742314e-07 1.02290938028826e-06 2.42311968259301e-06 3.12537468039054e-07 5.79801736855234e-07 8.08079016856311e-07 1.28723950014731e-06
2.63739068495639e-07 2.90659243940006e-07 2.17179406658552e-07 1.05717130616245e-07 1.93694238670439e-07 8.5330356847102e-08 2.56780915175447e-07 5.67730162770452e-08 6.65736425875529e-08 2.9791095845777e-08 1.38839909191724e-07 3.71831740952899e-09 2.53455298160343e-07 8.2383279931264e-08 2.98506346085858e-08 2.1634684221894e-08 1.30453049862478e-07 2.69843120404012e-07 3.16684613199669e-08 5.64244533318714e-08 9.67344758517896e-08 8.32015126683849e-08 6.14443293800448e-08 1.63735624436612e-07 1.38902521884532e-07 1.32334954938695e-07 5.35331309614584e-08 1.24769685905246e-07 1.09047718710453e-07 1.59420771528307e-07 2.032006298891e-07 3.29670945298233e-07 8.19728749990034e-08 1.59200542071414e-07 5.34338559388114e-07 1.01832614607389e-07 1.85988213041721e-07 1.20398855537607e-06 5.65404411034809e-07 2.87449018909758e-07 5.05905002523566e-07 6.45966182111213e-07 4.08581680688691e-07 3.87168662885351e-07 6.70401333568993e-07
9.1485422404336e-08 1.34809185547979e-07 2.33730798981924e-07 2.9103440175593e-07 5.58088150848235e-07 1.31716971329965e-07 1.09476919588625e-06 2.63569583114354e-07 2.89997092461913e-07 9.87903409965796e-08 2.33582322772818e-07 2.42222994040198e-07 3.53911333683676e-07 7.73858922387127e-08 1.3674724250512e-06 9.22751596132976e-08 3.86159963672306e-08 1.2259436277251e-08 7.93921446695656e-08 7.81874795130477e-08 1.52885878790254e-07 7.06812833928261e-08 2.00235759884038e-07 6.17894430621213e-08 3.69171246572542e-08 3.90996519272768e-08 7.35462022172229e-08 5.31756388255644e-08 2.55845933361254e-07 2.06581821382557e-07 1.75098109989058e-07 5.8979085437727e-08 9.98141210351022e-08 1.2923882395377e-07 1.7644920722315e-07 1.67478289869738e-07 9.85215470539202e-08 8.61631578308319e-08 1.96492110282609e-07 6.09322137368196e-07 1.96135228136551e-07 8.45094686785508e-08 4.39853557132608e-08 5.22816321757436e-07 1.25760887592641e-07
6.36200252368546e-08 1.84355425225657e-07 3.3270858350587e-07 3.97318996403495e-07 3.38997150750586e-07 6.00263429406667e-08 1.75258647761023e-07 7.70025330831814e-08 7.60124305498877e-08 4.93867533857273e-07 7.44084639403564e-07 8.63330561251541e-07 3.37359001134629e-07 3.05161912117491e-07 4.42820782375897e-08 8.54790543236561e-08 1.38307320307618e-07 2.08488902364579e-08 2.50588435157795e-07 1.70947745081751e-07 6.238770127176e-08 5.525590813793e-08 9.37447665161351e-08 1.76592354128591e-07 4.63248896687141e-08 5.74860531399324e-08 7.38307317504905e-08 9.36619385050186e-08 9.45434396437683e-08 9.04431126658167e-08 1.05314892817621e-07 5.34704449384193e-08 1.57419733204378e-07 1.89060641586636e-07 6.23975358193807e-07 1.55226847031731e-07 9.71050203579793e-09 1.10012254361802e-07 5.47502850278825e-08 4.86692061130167e-07 8.11837432390661e-08 4.43710921915752e-07 1.5238824996322e-07 2.15927850144571e-07 1.98308974463934e-07
2.05800208130658e-07 1.04262946365452e-07 1.59201507743401e-07 1.93129856418395e-07 1.31591989038782e-07 9.42812162674222e-08 1.41135924125457e-07 2.02802668991531e-08 4.7350989051953e-08 1.60756383382754e-07 1.79661095656147e-07 4.81465592716557e-07 2.7540622332678e-07 2.51872036449718e-07 1.01601875368562e-07 5.98139381657869e-07 1.96060821211486e-07 1.46938197942426e-07 1.58159068397445e-08 1.67831241215666e-07 6.52578016069327e-09 5.92258263543144e-09 6.63077788676247e-08 4.9180848649133e-08 6.32750668638771e-08 8.58131827707886e-08 1.04952446844386e-07 9.93504653989952e-08 1.23804730645105e-07 1.59372006791614e-07 1.41006337706084e-07 7.96850611939348e-08 1.05422403262612e-07 1.34367427340187e-07 9.28142060763193e-08 5.44640491151327e-08 9.28228912622231e-08 4.53124701760288e-08 1.73902271205506e-07 7.9998580848617e-08 7.15093710135228e-08 1.09374429702047e-07 2.47825834043258e-07 1.46320725136206e-07 4.08688536523982e-07
1.53718448814288e-07 1.02689628622699e-07 8.46598566028867e-08 2.45787155783717e-07 7.6630617340534e-08 3.9179826926139e-07 2.63283445378626e-07 1.28136927857181e-07 2.19420917102475e-07 7.07179318659712e-08 3.90388875670666e-08 4.5085585623772e-07 1.0458107167266e-06 2.82361832104616e-07 2.68655277713137e-07 2.90603029728942e-07 6.44959781581633e-08 6.16238650996692e-08 1.81398965448665e-07 1.06954136747106e-07 2.870286828216e-08 1.34040772814537e-08 4.61467547951955e-07 2.49403007135385e-09 4.69863185692532e-08 1.02209445718149e-07 4.21299177433276e-08 2.28920779665742e-08 5.57355940400406e-08 5.720310659596e-08 4.93785827893056e-08 4.69878914721722e-07 3.31648761398018e-07 6.81457854923018e-08 1.16984985698565e-08 6.31346695367796e-08 6.36196986980586e-08 9.19872935489785e-08 3.69595460014693e-08 4.98210700139445e-08 1.24738914408784e-07 3.99215412283382e-08 5.36101634063257e-07 6.68045849305798e-08 2.63629550956157e-07
3.02100392812754e-07 1.55362048115393e-07 1.26363580343902e-07 7.26687961805084e-08 3.42640918082893e-08 6.84004721862586e-08 9.68002668133572e-08 1.70903475771311e-07 7.96204718667148e-07 5.03144659935728e-08 1.60114767333575e-07 9.44669117597385e-08 8.7433968387618e-08 1.03773351833869e-07 2.388792694763e-08 1.96124164575373e-08 9.31800029246865e-08 3.15975580589267e-08 6.37709889894644e-08 1.57378541576492e-07 3.40641297169597e-08 3.55488481651456e-08 2.26998895413999e-07 2.93361364644973e-08 4.77391888242806e-09 2.19623048081097e-08 1.91593951814895e-08 2.23934087051347e-08 1.02903545240451e-07 3.98750627739197e-08 2.32782049636171e-08 1.31768279398869e-07 7.8319896257284e-08 5.00968186489814e-08 8.81924432705183e-08 5.73734821429639e-08 5.16665164429497e-08 6.07236786076548e-08 9.08629645079984e-08 2.85096164764909e-07 1.7476955864737e-07 5.25090178804533e-07 5.83734388603929e-08 1.13902098819452e-07 1.80673547589549e-07
2.5980332736264e-07 3.44233161297947e-07 1.84936661540291e-07 1.28876910134856e-06 3.16909699504819e-07 1.05682192008683e-07 3.59100265079348e-08 9.68164330150678e-08 3.16446608472631e-07 1.53686072101866e-07 1.43530972229744e-07 1.13834800852253e-07 1.26883284390367e-07 1.22801483792845e-07 1.67589131139234e-07 1.65861948497881e-07 2.51322823763278e-07 8.3931958394512e-08 2.03270781740095e-07 1.02294182358076e-07 2.02866232701382e-07 9.57588672179099e-07 7.83916492963499e-07 1.86673226432177e-08 2.91524557827216e-08 3.87813959723537e-08 5.04099815001879e-08 4.46224218653146e-07 1.20160400918223e-07 1.28531685272826e-07 1.66148497848795e-08 5.83210356897013e-08 4.08538691987204e-08 1.44321650730195e-07 1.6008948833246e-07 2.55058538001229e-07 2.78487515159576e-08 1.03422587405255e-07 8.08208690861178e-08 3.11666152041923e-07 2.81721575579041e-07 5.23171040445192e-07 9.66062958740466e-08 2.10386610888236e-07 3.38866900939649e-07
3.33977871858071e-07 2.54395123755469e-07 1.24245348753771e-07 3.68252070503949e-08 2.20554488139513e-07 5.98081493885516e-08 9.9383134155584e-08 1.10414597742636e-07 1.33856243378361e-07 1.96474391733759e-07 1.93513278101687e-07 1.18789787206808e-07 1.91885226241695e-07 6.96873728278646e-08 9.89576236509748e-08 8.96176817977157e-08 9.57539301404964e-08 1.20284476246013e-07 2.69883089432099e-07 1.16753330836605e-07 4.93901663789487e-08 1.40061127995583e-07 2.34277624588941e-07 1.15755768153036e-06 3.79052195365048e-07 5.85749393988699e-08 1.13163420079054e-07 1.71867922249547e-07 2.90010639059091e-08 4.24290496181534e-08 3.14890300501247e-08 3.39249827674415e-08 7.31247100649313e-08 2.5457640351334e-08 2.31658091265352e-08 2.84943635464607e-08 3.91124277410171e-08 3.52128085245873e-08 6.02051002274173e-08 4.86945390898441e-08 1.60202897292461e-07 6.10619174223892e-08 5.51571049278721e-08 2.08888138564234e-08 5.44658674828113e-08
2.91565100651869e-07 1.12349827785518e-07 2.97667212545427e-08 1.24875933948942e-07 2.35698091566316e-07 2.54819276102047e-07 2.8211761918806e-07 9.56868687507217e-08 1.13194386253124e-07 2.31131374550664e-07 8.18289028092778e-08 7.09823422373468e-08 2.11575900999073e-07 8.50785583872415e-08 5.48194394212054e-08 2.80942969665965e-08 6.85290719171228e-08 6.89664053532546e-08 1.00672347180808e-07 5.05571436937302e-08 3.28096760204843e-08 1.56764431991085e-08 5.78202661305482e-08 1.51603149822765e-07 3.52145981374896e-08 3.47067832584536e-08 2.96731475168954e-08 1.94372275090782e-06 1.05122300197991e-07 6.70020781079472e-09 1.51452184615763e-07 9.50111612318949e-07 3.03845641536071e-08 4.14499742973362e-08 3.76850014527363e-08 3.02159160248117e-08 1.14000823447924e-08 6.59429180149829e-08 3.14845737703351e-08 3.34800745904751e-08 2.33144828110099e-08 2.31913955484053e-08 1.18448963970508e-08 7.91058239246745e-08 3.02081416103661e-08
3.86758584880464e-07 1.26241995390686e-07 3.00123500418525e-07 1.32340004488363e-07 2.57571225970032e-07 9.89358748038072e-08 4.18987574857255e-08 3.162406976287e-08 3.17944915728674e-08 8.34244797354167e-08 9.14916139627131e-08 9.47465775280598e-08 1.86430239390578e-07 2.20685787477581e-07 1.1245709734542e-07 1.21002281139315e-07 2.32017324242051e-07 5.4937445903569e-08 4.0342228150303e-07 3.17067470578802e-07 1.22047063921826e-07 7.59110812653674e-08 6.09538306939328e-08 2.39239605137609e-07 4.98175669272349e-08 3.06253188697703e-08 3.02671021468193e-08 1.26891629204096e-08 1.38493875145862e-08 4.56614098309771e-08 1.81696579815149e-07 6.92776301436382e-08 1.7904558300863e-06 7.64713588008448e-09 9.93105479407674e-08 2.72172930637637e-08 2.84731751065692e-07 2.58533919572645e-07 5.02518794021078e-08 2.91610768754502e-08 1.00600984231924e-07 5.14566168230424e-08 6.24756370415369e-08 2.40932885087197e-08 3.20247741103508e-08
3.95425822463658e-07 2.38352926684726e-07 1.17044598890725e-07 1.92695675826915e-07 5.92350026362709e-08 9.5505481934044e-08 1.07310949160055e-07 2.66015343486359e-07 1.34830083875492e-07 2.8940620504514e-07 5.00594428576306e-07 9.75387942458994e-07 6.61241305199844e-07 4.86975245106436e-07 1.33881628716637e-07 1.967882284859e-06 1.64902064891947e-08 9.63385329177946e-08 2.03147365818168e-07 6.93013458297198e-07 1.68221861207574e-07 4.6019542743192e-08 2.02671726212689e-07 4.55539003629823e-07 1.53134062075289e-07 2.68795097224661e-07 1.46051942684355e-07 1.2740142563139e-08 7.81316616293992e-08 1.0539385794095e-07 1.08878201543483e-07 2.9344936891551e-08 1.59742116390138e-07 3.51886011422664e-06 2.08945731938748e-08 3.99057631383926e-09 4.73686179058852e-08 1.47737361233524e-09 3.03195926143474e-09 4.4443240609926e-08 1.95494376065142e-07 6.61187377515304e-08 6.01282904022504e-08 4.25628498557096e-08 7.25095331444159e-08
2.12063097404513e-07 2.20336899137141e-07 9.8968911232955e-08 3.06247273795801e-07 2.33830220819353e-07 5.36710728527012e-08 3.9257796269343e-08 2.73727400679213e-07 6.24743366817171e-08 9.35772130006285e-08 2.48752838882815e-07 1.9773371641163e-07 5.1664151801134e-08 1.26164230418446e-07 6.96745591888259e-08 7.8542764825329e-07 3.82801737974781e-08 6.29864303935967e-08 2.09021622077366e-07 2.45311223445732e-08 4.78617771415557e-08 1.68195699701279e-08 8.25861099396086e-08 3.97207706614999e-08 8.65380483050515e-08 3.09964563016685e-08 4.2739282835047e-08 1.00607581354772e-07 1.97262843559809e-07 1.46437860992776e-07 3.21463014918422e-07 3.31455163438132e-07 3.43340706798756e-06 4.22117998888361e-07 1.6528630939483e-07 1.52712977841141e-07 2.018577448748e-07 1.14756332436627e-08 9.79164340719763e-09 2.05254626295392e-08 6.82286974029722e-08 2.28927814882596e-07 5.74626074056894e-08 1.15977878889506e-07 1.96437520849635e-07
2.70716534034321e-07 1.48146659628701e-07 2.86255814341274e-07 6.62415270547001e-07 1.42806974234855e-07 2.28184968997791e-07 9.15106838972335e-08 2.27465912150393e-07 5.35582407090729e-08 2.4601545851155e-06 8.23739653710298e-08 1.7133726593066e-07 2.8364702338024e-07 4.83963553010724e-08 1.56369522141819e-07 5.18885865496976e-08 4.88616356708604e-08 1.03419850450148e-07 7.4349577938726e-08 1.90638699981704e-07 2.10087313732288e-06 8.0628390692894e-07 2.51202752155066e-07 8.56827583328723e-08 1.28800728382839e-07 4.45818942873544e-08 8.52397563089191e-08 5.07920184134036e-08 9.10563781597595e-08 1.64519898704363e-08 2.43098076557757e-08 1.23456160572299e-07 3.8855396822246e-08 2.2979376756993e-08 5.8652680290372e-08 5.66579180016902e-08 4.02079395867005e-07 2.67888308758124e-08 1.38524316350974e-08 1.35834000047907e-08 1.90287890555751e-08 2.13811858884583e-08 3.80423744950065e-08 2.20449799748224e-08 1.71163023165999e-07
2.9732307276209e-07 4.46862728997743e-07 1.75689139625401e-07 6.54289206036829e-08 1.10290527732815e-07 1.15025476787878e-07 1.1423076788919e-07 5.20253092606282e-08 4.86390110721047e-07 1.25578605436605e-07 1.71204149046478e-07 2.35444350416003e-07 9.1348671704683e-08 8.97799448340564e-08 1.09473209031208e-07 1.04968100411718e-07 6.21568059866462e-07 4.58556536631072e-08 7.46689236996723e-08 4.33876267003086e-07 9.64073239240193e-08 3.39577327235219e-07 2.00952288920142e-08 7.33511992478952e-08 1.04164775616145e-07 8.83330358081302e-08 2.84871546907262e-08 4.61822289077318e-08 3.73573781686787e-08 1.84171956574275e-08 2.18083303638039e-08 5.44735973995181e-08 1.83130210440474e-08 3.56885713093114e-08 9.1284695635796e-08 6.71580124733673e-08 1.79282862404762e-06 9.70124980881337e-07 5.55672363677928e-08 1.16150417106553e-07 2.05876653058823e-08 1.53636468325224e-08 1.28170840163477e-08 1.31991513385721e-08 1.85197805535608e-08
2.31745999834665e-08 4.44630211493546e-07 2.69822703868883e-07 2.2496253399007e-07 1.38923764980703e-07 1.23525565232097e-07 3.24265670093027e-08 2.97023485362757e-08 4.59277947317815e-07 8.17804424801949e-07 1.58940520034179e-07 2.81155488739415e-06 2.0700178932076e-07 4.90466448299642e-07 8.7314280126094e-07 5.11241984124666e-07 4.42685690948963e-07 1.97845226268534e-07 5.34840000732117e-08 4.88678340127002e-08 1.82069194221146e-07 2.34519201869343e-07 3.93367146900303e-07 1.77658597910746e-07 3.75302181776505e-08 9.31090002320722e-08 5.30084311334278e-08 8.14000019833117e-08 1.83412117160664e-08 2.84054814114754e-08 1.74479427983432e-07 5.91388819359828e-08 2.68740808495593e-08 1.09207408993672e-07 2.0509044118544e-08 5.56084216096764e-07 2.58853526946545e-08 6.19360531417534e-08 1.19987872260197e-07 6.73861157429734e-08 5.30954441080311e-08 1.41257887098512e-07 6.68846826923364e-08 2.76080457828343e-08 2.24227318934567e-08
3.02053210110564e-08 2.94485298257818e-08 2.20837564446352e-07 1.2572997671878e-07 1.38903829771664e-07 1.33398983059863e-07 1.32789646767328e-07 2.35474679977088e-07 2.41200656603269e-06 2.96605360672331e-07 3.26579153053785e-08 1.84969390271128e-07 3.40766876050225e-08 1.07833151741232e-06 9.2132221141128e-07 1.56212198954009e-07 9.13410924896496e-08 5.53035549466507e-08 1.49562564799588e-07 1.47706756981059e-07 1.55373469801212e-07 8.32385213023201e-07 8.47368935641413e-07 8.51622293929211e-07 1.28269016919091e-07 1.85125595075775e-07 5.48375913567156e-07 2.3310194752213e-07 4.36100617617896e-08 5.64294614635585e-07 8.83167744447633e-07 9.38368438241355e-07 4.88799276276985e-08 4.17022317167337e-07 3.03294406700516e-08 1.11919120060477e-07 5.25862024480794e-08 1.7040567024118e-08 2.85661798216097e-08 4.84630964803223e-08 2.4138826169029e-07 1.06464338878176e-07 3.06660976057138e-08 4.29369853893746e-08 4.23733391041736e-08
1.198869984953e-07 3.07573895574897e-08 1.88534802381124e-07 1.12486021190961e-06 2.5019270055715e-08 2.49565575871635e-07 1.28209041350136e-07 1.2586340098153e-06 7.05338521700405e-08 3.51808871768e-07 2.31978493552276e-06 2.37733661201389e-07 1.2497457467564e-06 3.89981835269282e-07 6.60917668771077e-07 6.99364686695958e-07 2.61687295193269e-06 1.43118207773796e-07 1.76636844118061e-07 1.72699821787692e-07 1.25715212764277e-06 3.54351616294046e-07 9.81516530362825e-07 7.16822871105194e-07 1.6026553493198e-07 4.27813987791126e-08 3.53894512183928e-07 1.99404305405437e-06 9.42393745440029e-07 7.18644714226002e-07 8.80749419507332e-08 1.15989134363836e-07 6.73243673254831e-07 3.28767498336546e-07 1.47013861040435e-07 6.57544007354183e-08 3.41180419693998e-08 9.42436581885531e-08 3.9536924294481e-07 1.36866680711112e-07 6.12407447775354e-07 7.72952249938896e-07 3.80390310850132e-07 1.45823960528979e-07 4.62907189913153e-08
