Maxent_result_files_2/B_mesomelas_3.asc
NCOLS 594 
NROWS 330 
XLLCORNER -15 
YLLCORNER 23 
CELLSIZE 0.166666666666667 
NODATA_value -9999 
[rows 160 to 179 of 330, columns 225 to 269 of 594]
5.49201001908806e-05 2.92028760435992e-05 3.61483365463045e-10 1.89334124335083e-05 2.28109309802549e-05 0.00164805574776068 1.95905291988652e-11 4.01123352188337e-06 1.42142846635274e-06 4.63502004555139e-09 2.38990989753773e-06 3.12159299698411e-05 7.55204787594721e-12 7.95177525837465e-06 4.15745475601526e-08 3.57707449556655e-05 2.15872484111701e-06 0 2.18358664483276e-13 7.57500920878229e-09 8.43347613965761e-13 8.57699906331e-05 8.38213441445301e-07 4.78447232166168e-08 1.13802689494236e-09 6.79417807236682e-07 3.82024087364208e-08 4.70068428626291e-14 1.63080493553736e-10 2.61270384549483e-08 1.41673486386829e-08 1.42164331418115e-09 1.55265009738059e-09 8.40068714591524e-10 2.16701293489496e-06 8.2917331889476e-09 2.20981884171412e-06 7.6358919187669e-13 5.15155644056908e-05 2.28441010184266e-05 2.64542474592844e-09 7.11005890008387e-07 5.76158398046811e-06 5.93500514078915e-07 2.70076543840148e-07
2.34654141182955e-05 2.16065727117187e-05 7.55166322419232e-07 4.52082815627364e-14 1.5798473640416e-14 1.29799239753425e-05 1.44475410379652e-07 2.42374678869228e-05 1.3941250993188e-06 5.26224444330481e-07 3.80020431123285e-08 6.93587087263747e-07 8.23785484271866e-14 4.89767030598109e-08 1.8953818161449e-05 2.66531241521761e-13 1.61821575488497e-05 2.31673510495689e-06 2.32813768263895e-14 4.17277845610187e-09 5.01193252000487e-07 3.34695477943736e-07 3.44835030177126e-06 8.51871007068183e-10 7.37116454541109e-09 8.92137252961334e-11 5.96616089865165e-12 2.30109580612314e-08 2.10747141771161e-07 1.61610411719693e-09 1.29762228961994e-08 8.47462530151333e-09 2.90664098345772e-07 2.41737222606009e-07 1.63192634880849e-05 1.82624595157499e-07 3.44187757961301e-07 1.78428719666002e-07 1.38869437116274e-07 8.32121520022433e-08 1.0017005501739e-07 7.19910746505015e-07 2.74791330231006e-05 3.37311585522082e-06 2.29536483731252e-07
0.000573599920812495 0.00172327809794256 8.49141040955792e-05 7.43849426498855e-14 3.93252097552477e-13 5.65626360555016e-05 6.54272622662821e-05 0.000187923222291386 3.65745349406588e-06 3.10196313080269e-14 1.73534078337201e-05 1.57196478056676e-13 4.65005706135058e-06 5.10401645018255e-05 0.000169277622105668 6.40246443843862e-05 1.2139586125226e-08 2.98944202725693e-12 4.81327300146939e-06 1.3154337394905e-07 0 1.28432179515858e-06 6.10205732543001e-07 1.43623065884668e-08 7.42219848605119e-06 0.000219631995135983 2.15305801287702e-07 6.52271570089624e-12 1.1019563039838e-11 1.78729264721511e-10 1.69049341747218e-07 1.7500417947347e-06 1.98600826532003e-06 2.30328171790806e-07 1.00126586266569e-07 2.83283744791918e-06 5.82619240154791e-06 1.49769086021934e-14 2.33962376906094e-05 5.16309155218386e-05 1.31480415015428e-06 4.39857613925287e-06 2.06599728358459e-07 3.7024156085419e-08 9.31241258550486e-08
0.000452556168727802 0.000183115167383818 5.16335488386366e-06 2.93859250072304e-06 0.0665082571851165 0.00247716060876556 0.00183891459191029 0.000488867727689157 1.30457755709301e-11 1.05872683962005e-06 1.68574350700723e-07 3.12598812390874e-09 3.27349807939137e-05 4.11253641717124e-05 0.00581339684565063 1.03088308494037e-06 7.46784086445351e-05 3.89020216861824e-05 2.40806243707814e-05 6.57114362923039e-12 1.70974345792274e-15 1.77635683940025e-16 1.06649823705673e-07 3.76882994272965e-06 2.20764262445994e-05 1.23870201241827e-06 6.66294032891646e-07 6.08638734711509e-07 1.24128617162711e-07 5.6478095533663e-10 2.535002127102e-08 2.79329249920357e-06 5.92522878734791e-05 3.81411285778066e-05 2.99611681535139e-05 2.05321749360277e-06 1.07371277844326e-05 9.93332705756522e-08 3.13887379066458e-07 3.06135047201117e-08 4.40733671780436e-10 2.63273544143239e-07 1.11022302462516e-17 9.56568158017035e-14 1.69462655528196e-06
0 0 0 1.33804141100313e-09 0.000322744931645502 0.000554922872602459 0.000314389181994779 4.2644416270754e-05 0.000597716411766014 0.000130901668728556 0.000158044865087303 2.34956498701422e-13 5.530370305874e-05 4.06197298019606e-13 6.94927403763867e-05 8.76429642878485e-05 7.34925298274014e-05 0.00057704868697247 3.99821287189184e-11 0.000529488152116431 4.16341504812068e-05 4.96686051208672e-05 0.00205365357175146 5.72822848312948e-05 5.42372802775803e-05 7.05918667655014e-05 0.00106055518178652 3.26772937508935e-07 0.000230546569937218 0.000507244712086885 0.000158590716017926 4.02705254154423e-05 7.75691346864837e-06 8.9520790176989e-06 0.000150761699419388 4.31295536696297e-05 6.17017893443483e-05 6.69824032110467e-05 1.86105489766386e-05 1.90199245884815e-05 1.615533650412e-05 4.67026728401265e-10 4.2851983517167e-09 1.90164499706325e-05 2.80311104186026e-06
1.49826429821642e-06 6.53791429357953e-05 1.19978055666659e-05 0 2.1316282072803e-15 2.87984886135906e-06 3.99499858916297e-07 1.3562608780493e-06 0.000446850627079864 3.48525577420489e-07 9.06453863336321e-07 0.000295162664294957 4.50346153422321e-05 5.64184845064375e-08 0.000339838526865854 3.59344815651363e-06 7.918595818035e-06 0.000129329038176351 0.0820236528392421 4.87245074011433e-05 0.000496581870891088 0.000209790903864771 0.00362152681382049 0.254853347470662 5.44342348973714e-14 2.51243470472673e-13 6.47965144556895e-05 2.77317052880033e-05 0.00013146191763922 0.000172150625566347 5.2727255478735e-05 1.75832881773585e-06 1.22802505986286e-07 1.83508790165265e-05 3.68870554882439e-05 5.12251137401387e-05 1.8092891356325e-05 7.26554960825076e-05 4.11379157227887e-05 6.62780887394909e-08 8.47344678867046e-09 5.74181808322693e-06 1.32686060342335e-06 2.70327515730528e-05 2.14881808909828e-05
1.6335436904269e-07 8.6391370168748e-08 2.52386233997592e-06 1.57105559672743e-09 2.538955448117e-06 6.97921295866877e-06 8.75220137475097e-09 8.10837049359803e-06 4.54497180847335e-06 3.39987726971636e-08 6.90558721316847e-14 5.764466681768e-12 2.32813768263895e-14 2.71521566288402e-05 4.90434331282819e-06 2.06333370399436e-06 2.57228548813382e-06 0.000182739773089868 9.00630796796253e-07 9.23960172816152e-09 1.92834335166481e-09 3.63343636955449e-08 1.33429766223658e-06 4.99591328428917e-07 1.10800257857591e-14 3.87636422960469e-10 8.33928182064625e-10 3.39317391961913e-09 1.12695656395712e-07 4.24873809534709e-07 2.07576040800461e-09 1.37098393941937e-06 4.9014921732482e-08 3.98655180193774e-06 2.15107298109363e-06 9.31363964540299e-07 1.49429075614327e-06 3.7327862949077e-06 8.08486784298346e-08 1.56029633657795e-12 2.70638811725732e-06 0.000123539492160552 5.12430564640898e-05 2.56845535310024e-05 1.70254540975856e-05
6.51700915454967e-15 3.20835377987105e-07 1.14040011360839e-06 9.66074180697163e-07 1.33183348249855e-07 1.60146750527446e-08 8.92265285568072e-07 1.20718476326331e-09 5.25234143888831e-07 2.82004755104204e-05 8.81434498734013e-07 5.99289842417861e-08 1.33579773282655e-06 5.37039607010348e-06 1.38490974460614e-06 7.57626351743923e-07 2.959782174905e-09 9.24919596543283e-05 3.49117069281757e-05 5.37945261623762e-05 0.00043377064489587 1.58325056172637e-05 0.000220251042006092 0.00167772415034786 0.000172337180213766 3.71125352671697e-13 3.32340794956254e-06 0.000521711637086486 4.63479418255419e-05 2.79329315636012e-05 5.56528632178477e-07 0.00022301980317182 8.65326103955955e-05 6.78333289565791e-05 3.30575923710441e-06 8.83029120257728e-07 1.52706401572833e-05 0.000236549989926538 6.65528147975158e-05 1.97642575191503e-06 8.8239942181545e-06 2.67736344361946e-05 1.1663022058872e-05 6.28172430960916e-07 4.97974621371799e-07
1.3329989458899e-05 6.04007374738202e-07 2.02647333491512e-07 1.02424902346243e-06 9.47150771263283e-06 6.21226625696636e-11 1.29857236075281e-12 6.72240041410532e-14 0.000656240513281459 0.000299831487665614 0.000113212018460573 0.000698720538400188 1.26454402504805e-14 0.000242248540261647 0.00393032200564083 0.0509825749893707 0.000539605157754075 0.00059029330158511 0.000260887434267176 4.37746622432345e-05 0.000208079506560022 3.6394899264891e-05 4.21838316963963e-05 4.19853719529573e-05 4.63262558337951e-05 0.000511991584389215 1.99648145827402e-05 0.000302836324920319 7.92614656771606e-06 9.50498309763126e-05 0.000112764938626664 7.04109595384028e-05 0.00161613682314361 0.000276436311313744 0.0175076900145104 0.000219344674139144 0.000142297287388204 0.00023835230574617 2.79385826838952e-05 5.78111569685125e-05 6.87306694194478e-05 6.26470402498303e-07 8.27379819325902e-05 4.63026860037408e-05 7.42661515172327e-05
1.22646134940174e-06 1.2677985047671e-06 9.96091875962613e-05 1.34359190440136e-13 6.70544359448799e-05 2.59314791861698e-13 9.42342870402513e-11 1.01628649280539e-06 6.54711946662556e-05 0.010558834178776 0.00329661599461071 0.0441679214893089 1.09908138590242e-08 0.228941842872797 0.000134365371483036 2.65504336227629e-07 7.28615847626068e-05 3.2832078911138e-08 0.000113570091269555 5.76881451374134e-05 0.00159309337164267 4.88672155955605e-05 4.46575077029387e-05 4.54821067503053e-05 0.000322221043585535 0.000338680862739715 6.10701082447873e-05 0.00695328811501589 4.80760260468172e-05 6.41094530309694e-05 6.66323397952029e-05 7.29351039052917e-05 7.23701506524343e-05 6.77447410805887e-05 6.4425793786449e-05 6.83626838417495e-05 6.30191493120269e-05 2.04469774445215e-13 3.76261721779514e-10 6.6415743734638e-05 0.000364510897945192 0.000192331349891017 7.0856685085996e-07 2.00849048173635e-05 0.000121106660862902
8.11643606035695e-07 1.200430865822e-11 2.10975681369518e-13 2.6372237726946e-13 0.00043094504044956 0.000495268557154449 0.0002124365174904 0.000105614224247486 4.48020295670037e-05 4.03193879320307e-06 0.0916133983238069 0.173217741193127 0.44228313973581 0.430891900206916 0.369975684667588 0.00720917854555447 0.000124906898315291 9.74100316394666e-05 0.000643791584335163 6.57895279998488e-07 5.54899965361622e-05 4.727537094662e-05 4.1733768761576e-05 4.32217133757185e-05 4.46853974658712e-05 0.000315572213259663 4.70423185479962e-05 7.47919557508192e-05 0.000493557765023189 0.000706993239844955 6.63696165387639e-05 0.00612063873233385 1.98740850909651e-07 0.000518546921033824 6.91873758321693e-06 6.50480997242409e-05 5.79773442757836e-05 6.46307011605729e-05 7.14143744833251e-05 0.000339385459990882 6.51480242867541e-05 6.48763756083359e-05 4.3277599187308e-05 3.14220116072961e-05 6.22700265002885e-05
2.83540968482043e-12 0.00022840612389986 2.80325591628383e-09 2.76889622341514e-14 6.71965494160598e-05 9.89989211586106e-07 0.000140260162643602 2.14062101377976e-12 7.10609349141578e-13 3.89734514898543e-05 1.61204383175573e-13 0.000292776999254407 4.45448607988563e-07 0.392368857742986 7.7141281381643e-05 3.69573934788647e-09 1.24602872464408e-10 8.41584277007201e-05 1.68128355682029e-10 0.00141772415211978 5.60971152996359e-07 0.00826845929453934 0.000389630275641872 4.34296676929735e-05 4.53618772989772e-05 0.000147691507000536 0.0104023665514417 0.000541688102144078 0.0389745551237855 0.0536655711179055 3.51518991461686e-05 7.56482443855844e-05 0.00207963434784555 0.290466170879207 0.00199169102226213 6.43426768551447e-05 3.15738359712991e-07 3.13026721380227e-06 6.73677926828597e-05 0.000879376317445602 0.0020366547173681 0.000579601858824375 0.000154606537035995 2.77649639439548e-05 0.000258440183660302
1.5608022872704e-06 0.0226144597692536 3.77518471656346e-05 0.00352460951972375 0.00114931617069107 2.80617686725382e-05 2.46588852318319e-05 7.49710771241752e-10 3.54697571463891e-05 0.00235957734594187 2.20748369583745e-09 1.98927037041718e-05 3.99191790734221e-13 3.14710446973621e-06 0.378593105271875 0.16870242879931 8.25865286568361e-05 0.000736818343632617 0.00354508657644824 1.09358078148603e-12 4.47336237249907e-05 0.102372739693084 0.230102804533505 3.78605946295907e-05 0.000859010538735305 4.43268855924606e-05 0.000142463963022155 0.00054613786264458 0.000387525702651137 6.08759917833268e-05 0.00172330467059238 0.00234159180106217 5.84912010966221e-05 9.86845240575907e-06 0.000154122847533766 0.00231902314431427 0.000873961472740881 2.72967419199799e-05 6.15525204296086e-05 7.27183237001161e-05 8.15918503741853e-05 5.74031053872437e-05 1.37038055497585e-05 2.96494119838564e-05 2.06359213884011e-05
1.59547881783961e-07 0.0594335620316997 0.343977465434 2.7849714423489e-09 0.9538838326931 0.000595172051539561 6.71070254565365e-07 6.26742059205765e-05 7.40267847021414e-12 3.66743202855346e-06 2.04855678762716e-05 0.000727524491753317 0.000111717891013796 2.13257202770212e-06 7.42088889271186e-05 0.304226613049303 7.18813897293558e-13 1.79691816981631e-12 4.3988026681574e-05 1.78724484911297e-05 0.0259032975796448 0.000249052392535498 0.000137167306809427 0.00138705380895919 0.00288227015841317 4.24967186891334e-05 0.000149967542096852 0.00318710685202761 0.0111762434610064 6.0597881351665e-05 0.00018718272580317 6.71021570575192e-07 0.00198818156976965 6.44887789835735e-09 0.0749541444467596 0.000112237645452817 0.0179055474814788 0.00234459642919328 5.82283026557162e-05 0.00468089344919165 0.296201099326071 5.14494498026319e-05 0.000328452701630433 3.54849483130693e-13 1.67260390394608e-06
7.4513728520742e-13 0.00308689548828625 0.889973655343056 0.872815318405628 1 0.0197224335471276 0.334091230854392 0.00528803183906348 3.3495428652941e-13 4.02595487436486e-07 8.60559401516525e-12 3.26486330572973e-06 1.28008714739281e-14 4.61823073142908e-05 1.66381994848308e-09 0.000192841344506178 0.000256688134203908 0.000129842063853691 1.64379190058184e-05 2.42764188245537e-05 0.000246481493319051 0.00634573389249761 1.85294002363889e-12 2.36423485633575e-05 3.11203650515957e-08 0.000981765953096858 5.42794710604033e-06 0.000701047162557034 7.43175521122907e-12 0.000593932612271386 8.32045543575077e-13 3.25170298243194e-08 4.05401201497568e-10 1.11570586103227e-10 4.78048711727297e-12 4.38464199392641e-09 0.00028380195582608 4.7524955082423e-09 0.00371089049954715 3.59205998279322e-12 2.50981013749652e-11 6.62828680830785e-12 6.83538469867462e-05 1.8735935249925e-06 3.52634963451948e-09
7.39930339221928e-12 8.18681310799096e-07 2.93115531846411e-12 0.033158451053896 0.000604855646964308 1 0.996174889802933 1.06581410364015e-15 4.44089209850063e-17 0.000170295155706768 0.000109960613366566 1.52752833937342e-07 9.06337537764923e-07 2.49333238371285e-06 3.39728245535298e-15 0.000227633668959859 1.46788481866778e-05 1.45976564169814e-12 1.19333098957952e-11 1.1705081348623e-13 3.12680799265941e-06 4.90338321168515e-08 1.69224619872566e-09 0.000114382471850027 0.00107399583858595 0.0018244043101871 0.000117604635532953 1.01073260804552e-05 9.75526180024833e-06 0.0016911877047626 3.63179072303543e-06 1.60594870735054e-12 3.15363291036874e-12 4.21341230666172e-05 4.70835592736307e-12 7.07513394759829e-08 5.67128644046733e-10 4.57841686785088e-10 0.000270517966237172 6.26771967660034e-12 0.0209262929000829 3.31303033062058e-06 0.000181699944295277 5.64327667929021e-09 1.06976193922859e-05
1.07132080984229e-12 4.12484299286975e-06 8.60778115452376e-13 5.99520433297585e-16 0.000147453083876314 1 0.99999948143959 6.76902978113958e-14 0 0 6.0835640969259e-10 0.00153513734475779 4.30194584977173e-06 2.13413494654091e-08 1.33226762955019e-16 1.42739991493279e-08 6.91436965460923e-08 8.02991864861102e-06 9.97602780350437e-06 3.62001939382406e-06 2.91564550281009e-12 4.53378521171222e-05 5.34629390577246e-06 2.6634416814697e-05 1.77871315148015e-05 2.05018663157475e-08 9.24815779512755e-15 0.000228423592626636 1.18062493758675e-05 6.90008647441509e-08 8.16186958615295e-05 3.64591368207101e-09 2.61498574633312e-05 2.52760796461304e-05 0.000148599757779055 5.15607768277748e-06 5.98005014587955e-05 0.0517097704295134 4.17075322391103e-05 3.54898332943776e-12 9.79393091959935e-08 1.05250697046699e-11 2.00363059477127e-12 5.04557421491469e-05 5.73195803710291e-08
7.61670110445145e-06 5.5245581391139e-05 3.19855253394508e-13 0.00469103928189725 6.03407256050126e-08 1.33226762955019e-16 1.60751360600564e-07 0.999869829416275 2.84198409250536e-10 1.11022302462516e-17 1.16573417585641e-15 1.54876111935209e-14 0.00186586870568526 0.000316793513710478 3.62314150903487e-09 0 5.71374980662398e-10 3.29106768837129e-08 2.58673438224832e-10 1.15677148957771e-05 0.000162444649163751 0.00047627872825764 0.00338591186895434 9.06510755349643e-11 2.57464971564758e-10 8.8355881474711e-06 1.64804580410016e-05 1.35302120684133e-05 1.14174225629426e-12 7.1949255275805e-05 2.17959099546583e-08 1.1939631293989e-05 8.29577517791336e-12 1.68311857540515e-05 9.25100678498381e-05 2.06739070307549e-12 1.60600377885345e-08 0.0001066764199529 0.000525604097326049 5.82002224192024e-12 1.0604195299635e-11 9.0999208168796e-12 0.00492787224814824 2.40823011532498e-09 2.93174355737058e-05
6.03142084387276e-05 1.72528658026749e-14 0.000137769385643771 1.02379503299721e-05 6.30995798438283e-05 9.55708319959614e-06 2.90386747899163e-05 2.13059217981648e-06 1.51745283005766e-13 0.993296015262604 0.999999958276749 0.575275177170988 0 4.29509504074055e-08 5.07855047469752e-05 5.11812814352197e-15 3.33066907387547e-16 2.69784194983913e-15 3.6449168128172e-10 9.99608174012678e-12 9.51365729631171e-06 1.34802247997445e-07 1.77906288194585e-05 0.000109375947901436 3.75472986036129e-12 6.56394083958789e-06 2.20348670642023e-06 1.52984835022352e-08 6.04935048886812e-07 9.21542257969143e-05 1.8435216353474e-09 4.6439896372874e-11 1.53582136119823e-07 7.63381064339264e-07 0.000243053665609094 1.41466388905886e-05 1.76779283901696e-05 0.00224341985417706 8.97445947223297e-08 0.287721685676472 0.001653118378671 4.7620263288195e-11 0.00147437501526052 0.0123478518937608 1.85551574105602e-13
3.13137549223796e-10 8.38932256996827e-12 1.41165523714903e-11 2.29881902241602e-05 5.36237720893951e-14 0.000503431173446634 1.21360541949223e-08 3.0665827299714e-08 3.30180327523522e-14 2.25419682919892e-13 1.12463542367713e-08 0.035415432150694 1.38333788868294e-14 3.6958685039501e-06 1.4884487735678e-06 9.05937547202029e-12 0 0 0 0 0 2.8676003682726e-09 0.000131763892996817 0.00130169527624 4.13585208484113e-06 4.12385265550208e-06 4.74567097009659e-06 1.35719743785345e-05 7.19456050291001e-11 8.66098692764439e-10 1.0337133707905e-07 8.94536212566743e-06 3.7514436002084e-14 1.10944721360196e-05 2.99371745171584e-09 1.09137214004407e-05 1.20101868450462e-09 3.69681507628172e-11 6.64048232623671e-07 6.763870094183e-05 0.00443027711412027 0.00111245443202311 0.312815351942089 0.000144215735843745 0.00207684611907293
