Maxent_result_files_2/B_melanurus_3.asc
NCOLS 594 
NROWS 330 
XLLCORNER -15 
YLLCORNER 23 
CELLSIZE 0.166666666666667 
NODATA_value -9999 
[rows 300 to 319 of 330, columns 540 to 584 of 594]
9.34141652919607e-14 1.85002013708413e-12 7.55784324013575e-13 8.75532979449645e-13 1.18571819029967e-12 8.19500023396813e-13 7.5627282214441e-13 8.62354632147344e-13 8.45301606489102e-13 8.10462807976364e-13 7.76489983422834e-13 7.03359592790775e-13 4.73043826332287e-13 4.98312502372755e-13 9.298672942748e-13 4.69646543876934e-13 4.93038943005786e-13 5.73652236823818e-13 4.83072026824516e-11 4.14968059914145e-13 3.91220389417413e-13 4.26425561528276e-13 6.28685992154487e-13 2.72826206071386e-13 3.78430620173731e-13 4.17532675101029e-13 2.96263014121223e-13 2.91300317201149e-13 8.95161722525017e-13 9.40185707065666e-12 3.05133696087978e-13 4.43223235890855e-13 2.78321810043281e-13 2.73070455136803e-13 1.22897247933906e-12 1.63724589441472e-13 1.71307412699662e-13 1.27609034450416e-13 6.17472739605773e-13 5.25857135613705e-13 8.4320328497256e-13 4.8271830976887e-12 9.57214307817367e-12 1.10077946757769e-11 6.747047365252e-12
4.48385772955362e-13 7.18114456788044e-13 6.74249545085104e-13 1.02062802653791e-12 1.20332632747022e-12 1.15772946784887e-12 8.34921021208856e-13 8.76332340027375e-13 9.21962506339469e-13 1.08959508082762e-12 7.56339435525888e-13 5.50981482660973e-13 4.03155286932133e-13 4.03865829667893e-13 8.91486884313508e-13 4.92605956026182e-13 4.13435952140162e-13 4.12347933576029e-13 3.79696274421804e-13 3.87812004731813e-13 8.38074054598792e-13 1.14175335852451e-12 4.19608792157078e-13 5.64748248166325e-13 2.85060863802755e-13 2.32092123297889e-13 2.70194977503024e-13 3.94817512017198e-13 2.88080670429736e-13 2.93964852460249e-13 2.99860136721009e-13 2.82562861997349e-13 2.77755596300722e-13 2.75368616797778e-13 2.63311594750348e-13 7.20068449311384e-13 1.90447657644199e-13 6.60027588139656e-14 3.25262039524432e-13 2.96274116351469e-13 2.65953925548956e-13 4.72877292878593e-13 3.41249251079034e-13 2.08960626579824e-12 1.09849906948511e-11
1.92534876930495e-12 6.44195807808501e-13 1.36578526266362e-12 1.00904840039107e-12 1.43239864414113e-12 9.70001856614999e-13 9.46331901729991e-13 9.71056568488393e-13 1.14797060746241e-12 8.99575969270927e-12 5.06961139734585e-13 4.25515178648084e-13 3.53483908810404e-13 5.95812288395337e-13 3.33455485446166e-13 1.59973145841263e-12 4.28607149771665e-12 3.66806585105905e-13 1.87120319239398e-12 3.617883770346e-13 3.59223761847716e-13 1.55740975671392e-12 7.59481366685577e-13 3.25306448445417e-13 2.94042568071973e-13 6.39888142472955e-13 4.0707437420906e-13 1.98741023638149e-13 2.55850896024867e-13 8.29070145869082e-13 2.86604073806984e-13 4.18609591434915e-13 3.44724249146111e-13 1.0009437723113e-12 3.89891452456936e-12 5.94402305154063e-13 2.6075808179371e-13 6.27942142727989e-14 5.70765656959793e-14 2.5085378219103e-12 2.42117437210254e-13 2.36810571152546e-13 2.11797246407741e-13 2.04303240991521e-13 5.41489075800428e-13
5.22404342007121e-13 3.08042480412496e-13 7.60425056256508e-13 1.28325128301299e-12 1.3532508447156e-12 1.00683905657206e-12 1.03623776226414e-12 9.98845450794761e-13 1.54806167884658e-12 4.77495820661034e-13 4.40392167178061e-13 3.61244367752533e-13 3.01358937804253e-13 5.65436586441592e-13 2.91566770727059e-13 1.10094156013929e-12 5.72133451726131e-12 3.6036729156308e-13 4.30666613482344e-13 6.47348841198436e-13 3.27948779244025e-13 3.13593595535622e-13 2.98838731538353e-13 2.80964140841888e-13 2.60425014886323e-13 2.39586128714109e-13 2.36199948489002e-13 6.16701134603659e-12 2.41284769941785e-13 2.58160159916088e-13 1.54556367704117e-12 2.59581245387608e-13 2.37998509788895e-13 2.54041232494728e-13 2.61057842010359e-13 3.21820348148094e-13 2.3751001165806e-13 2.4257262865035e-13 2.51088039249225e-13 2.3303581286882e-13 2.25619523064324e-13 2.141398169897e-13 2.62212473955969e-13 7.45914441324658e-13 2.01172412062078e-13
3.28870264354464e-13 3.10207415310515e-13 6.63447075055501e-13 9.94659909991924e-13 1.51411105875354e-12 8.79152306509923e-13 8.80429062988242e-13 7.80753239837395e-13 1.42841294348273e-12 4.90252283213977e-13 3.64586139056655e-13 3.12505576971489e-13 3.4822145167368e-13 2.52087239971388e-13 1.93366433975939e-12 1.42723610707662e-12 3.27871063632301e-13 3.16348724993531e-11 3.99564714648193e-11 8.87834250562491e-13 1.93332017062176e-12 2.74813505285465e-13 2.74102962549705e-13 2.48012721471014e-13 1.28568267143692e-12 2.82873724444244e-13 2.01860750337346e-13 2.06124006751907e-13 1.63702384980979e-13 2.39341879648691e-13 3.65840691074482e-13 2.42972308939216e-13 2.29227747894356e-13 2.24409379967483e-13 2.84117174231824e-13 2.43227660234879e-13 4.22428758639626e-13 3.08131298254466e-13 4.10116385296533e-14 2.5418556148793e-13 2.02349248468181e-13 3.03279623636854e-13 1.98929761552336e-13 1.9826362773756e-13 2.79831713356771e-13
1.69453340248538e-13 1.76669789908601e-13 4.08295619536148e-13 8.17479417491995e-13 1.84708914829912e-12 5.99886806895711e-13 5.05306907427894e-13 3.67339492157726e-13 4.16422452076404e-13 4.14579481855526e-13 3.12394554669027e-13 2.92355029074542e-13 2.73892020175026e-13 2.45636844198316e-13 2.33346675315715e-13 2.43693953905222e-13 3.33855165735031e-13 1.77579062565769e-12 1.98091543168744e-12 2.60569343879524e-13 1.5508039297174e-12 7.51576578750246e-13 3.42137429498734e-13 2.69972932898099e-13 2.17759144049978e-13 2.04181116458813e-13 3.1641356201817e-13 3.06166203500879e-13 3.27260440968757e-13 9.80948655637803e-13 3.18622905837174e-13 2.19613216501102e-13 2.05413464016146e-13 4.70112837547276e-13 2.23288054712611e-13 2.30071517393071e-13 2.43094433471924e-13 2.49456011403026e-13 5.31241717283137e-14 1.54443124955606e-13 3.04745118029359e-13 8.5105256175666e-13 2.05169214950729e-13 1.99606997597357e-13 2.11142214823212e-13
4.37888836302136e-11 6.99373892132371e-13 2.91133783747455e-13 5.4953819272896e-13 1.48216972029047e-10 4.27641255740241e-12 3.26727533916937e-13 3.65407704094878e-13 2.81163980986321e-13 3.3690827905275e-13 3.14248627120151e-13 2.57016630200724e-13 2.53175258535521e-13 2.97939450888407e-13 2.50344189822727e-13 2.0291546221074e-13 2.07156514164808e-13 2.2296609003547e-13 2.27273755371016e-13 2.22177831687986e-13 2.15683026993929e-13 2.0176083026513e-13 1.83952852950142e-13 2.20190532473907e-13 1.91857640885473e-13 1.90558679946662e-13 1.79489756391149e-13 1.8588464101299e-13 2.75357514567531e-13 1.99373850762186e-13 1.70252700826268e-13 3.78896913844073e-13 1.98807637019627e-13 2.07422967690718e-13 2.24265050974282e-13 8.23011880868307e-11 9.00279850668539e-13 1.02841068994053e-12 2.20690132834989e-13 5.5211391014609e-14 7.81374964731185e-14 1.2729817200352e-13 3.31890070981444e-13 2.29383179117804e-13 2.00350847023856e-13
6.01407812439447e-14 1.29318777908338e-13 1.27586829989923e-13 1.63469238145808e-13 9.23017218212863e-13 2.12241335617591e-13 2.60347299274599e-13 2.72792899380647e-13 3.09496872574755e-13 2.68229882749438e-13 1.89503968073268e-13 2.1950219419864e-13 3.5740299608733e-13 1.9928614314324e-12 1.8102852550328e-12 1.99062988315291e-13 1.92212912253353e-13 6.05293593025635e-13 1.61748392457639e-13 2.41551223467695e-13 1.85740312019789e-13 1.72084568816899e-13 1.69331215715829e-13 1.62214686127982e-13 1.08747455485059e-12 2.55628851419942e-13 2.54707366309503e-13 3.01936253777058e-13 1.89193105626373e-13 1.88815629798e-13 1.2294609774699e-13 1.53310697470488e-13 2.42794673255275e-13 1.95521376866736e-13 1.9240165016754e-13 1.9069612555711e-11 2.02893257750247e-13 2.10975681369518e-13 2.00250926951639e-13 1.78046466459136e-13 2.53952414652758e-13 2.19280149593715e-13 1.27012844686192e-12 2.33069119559559e-13 1.38966615992331e-13
2.14961382027923e-13 9.66782209843586e-14 1.13342668583982e-13 4.53836968006272e-13 1.24300569837033e-13 1.47237777525788e-13 1.55353507835798e-13 2.28550511849335e-13 2.22288853990449e-13 1.62259095048967e-13 1.71906933132959e-13 2.21511697873211e-13 7.95885579663036e-13 1.44706580051945e-11 4.6913917195468e-12 5.63737945213916e-13 2.40829578501689e-13 4.70190553159e-13 2.44049225273102e-13 1.71851421981728e-13 1.63580260448271e-13 1.54354307113636e-13 5.88262771827885e-13 1.65001345919791e-13 1.59039448277554e-13 1.65878422109245e-13 5.97411009550797e-13 2.89746004966673e-13 2.26030305583436e-13 1.79589676463365e-13 1.7812418207086e-13 1.62422297833587e-12 7.12885306342059e-13 1.78679293583173e-13 1.77480252716578e-13 1.74915637529693e-13 1.8446355554147e-13 1.89182003396127e-13 1.80455650422573e-13 1.67110769666579e-13 1.59594559789866e-13 1.59239288421986e-13 1.64013247427874e-13 1.70874425720058e-13 2.1307400288606e-13
7.80593811811059e-11 6.57907062162621e-13 2.17581508366038e-13 9.75108882528275e-14 1.0902390101819e-13 1.11621822895813e-13 1.13509202037676e-13 1.363908985752e-13 1.49902312784889e-13 1.56785695537565e-13 5.85442805345338e-13 1.03661523809251e-13 1.9195756095769e-14 1.77635683940025e-16 1.04682928991906e-13 8.13460410142852e-14 1.61881619220594e-13 3.21087600951842e-13 5.85864690094695e-13 1.72475367321567e-12 3.82072151694501e-13 1.36757272173327e-13 1.43873801761174e-13 1.59006141586815e-13 1.59239288421986e-13 1.58661972449181e-13 2.26119123425406e-13 3.61588536890167e-13 1.68509650677606e-13 1.69153580031889e-13 1.67066360745594e-13 4.05891986687834e-11 1.71070047016997e-11 1.37734268434997e-13 3.08364445089637e-13 2.0202728379104e-13 1.65867319878998e-13 1.66122671174662e-13 1.58306701081301e-13 1.98130400974605e-13 1.50557344369417e-13 1.44306788740778e-13 1.44184664208069e-13 1.45417011765403e-13 1.47759582347362e-13
5.93080806687851e-10 7.27051752136276e-13 4.82458517581108e-13 7.60169704960845e-14 6.06403816050261e-14 7.53619389115556e-14 8.70192806701198e-14 9.08606523353228e-14 1.21191945368082e-13 1.37678757283766e-13 1.42410527814718e-11 2.09166017839379e-14 9.65894031423886e-16 6.50757225884036e-13 4.88453721914084e-13 3.29891669537119e-13 9.65461044444282e-13 4.27750057596654e-12 5.60593416132349e-10 1.17018839063121e-11 1.50746082283604e-13 7.98694443915338e-14 1.45838896514761e-13 1.98274729967807e-13 1.52644563655713e-13 1.92257321174338e-13 1.46127554501163e-13 1.07791553460856e-13 2.10176320791788e-13 1.82487358557637e-13 1.85662596408065e-13 1.43307588018615e-13 1.37123645771453e-13 8.89399665027213e-14 1.39577238655875e-13 2.07112105243823e-13 1.46971323999878e-13 1.46773704301495e-12 1.46926915078893e-13 1.44884104713583e-13 1.37445610448594e-13 1.28386190567653e-13 5.67523805727888e-13 1.26343380202343e-13 1.28619337402824e-13
1.58568713715113e-11 3.65496521936848e-13 1.13165032900042e-13 1.09623421451488e-13 1.25843779841261e-13 1.13664633261124e-13 8.97504293106977e-14 9.09716746377853e-14 1.95754523701908e-13 1.28108634811497e-13 1.71831326944982e-11 3.98459043537969e-14 2.692290834716e-14 1.46438416948058e-14 3.53195472868606e-11 4.69069227904129e-14 3.10862446895044e-16 1.80633286106513e-14 2.92366131304789e-13 1.4495071809506e-13 7.89812659718336e-14 5.95523630408934e-14 2.08422168412881e-13 1.5137890940764e-13 2.34534613952064e-13 1.84630088995164e-13 4.20585788418748e-13 1.19881882199024e-13 5.72419889266484e-13 1.23090426740191e-13 1.50091050699075e-13 1.50812695665081e-13 1.11610720665567e-13 1.4024337247065e-13 7.28861415666415e-14 1.11022302462516e-13 9.53015444338234e-14 1.37745370665243e-13 1.31050725826753e-13 1.24233956455555e-13 1.48336898320167e-13 1.11799458579753e-13 1.07502895474454e-13 1.08557607347848e-13 1.11854969730985e-13
2.09973816112097e-11 2.36877184534023e-13 4.500511074923e-13 8.07132138902489e-14 1.97963867520912e-13 9.95314941576453e-14 6.66355859380019e-14 8.47100167788994e-14 4.86388707088281e-14 4.06341627012807e-14 3.0044855492406e-13 6.92668145063635e-14 4.91162666094169e-14 1.6116774581576e-12 5.16586773358085e-14 4.60342874930575e-13 4.44050352044201e-12 5.10258502117722e-14 1.95921057155601e-13 3.71935815479674e-13 2.28173036020962e-13 1.37434508218348e-13 1.30462307623702e-13 1.65367719517917e-13 1.58717483600412e-13 1.14230847003682e-13 3.12494474741243e-13 1.11621822895813e-13 9.78772618509538e-14 1.11333164909411e-13 3.65885099995467e-13 9.4135810257967e-14 6.91002810526697e-14 9.82325332188338e-14 4.77562434042511e-13 1.15163434344367e-13 1.135869176494e-13 8.67750316047022e-14 1.20470300402076e-13 1.12798659301916e-13 1.05548902951114e-13 3.17945669792152e-13 1.35780275911657e-13 9.55568957294872e-14 9.52238288220997e-14
3.14115400357196e-13 3.86364273907702e-12 6.61248833466743e-14 5.97633054155722e-14 5.64770452626817e-14 6.95221658020273e-14 4.74065231514942e-14 7.20201676074339e-14 5.35016475566863e-14 8.47544256998844e-14 3.99708044440672e-12 4.84057238736568e-15 1.62536650805123e-14 4.90163465372007e-14 1.90383264708771e-12 2.89120949403809e-12 4.97057950354929e-13 2.17806883640037e-12 1.83597581582262e-13 1.48303591629428e-13 3.54716256367738e-13 1.32116539930394e-13 1.18050014208393e-13 1.28841382007749e-13 1.11488596132858e-13 8.71414052028285e-14 1.01052499701382e-13 1.05149222662249e-13 1.07558406625685e-13 1.10811360087837e-13 2.85738099847777e-13 8.44213587924969e-14 7.51509965368768e-14 9.67226299053436e-14 9.24815779512755e-14 9.58677581763823e-14 9.79882841534163e-14 9.81881242978488e-14 8.11239964093602e-14 1.06159525614657e-13 9.87210313496689e-14 9.31255073055581e-14 8.68638494466722e-14 8.3499873682058e-14 8.42770297992956e-14
5.03763697423665e-13 7.06434910568987e-14 7.58060281214057e-14 6.87561119150359e-14 1.73083769539062e-14 4.23772128499422e-14 3.5349501104065e-14 4.36872760189999e-14 7.43738404196392e-14 8.44546654832357e-14 2.96710434000147e-12 1.75859327100625e-14 1.26787469412193e-14 4.87165863205519e-14 2.90412138781448e-13 3.02824432196758e-13 8.99225138795146e-13 1.02438058036114e-12 1.53099755095809e-13 1.1598499938259e-13 1.08379971663908e-13 1.32827082666154e-13 1.27786670134356e-13 1.12376774552558e-13 8.70081784398735e-14 1.16906484493029e-13 1.02418074021671e-13 1.9426682484891e-13 2.37698749572246e-14 9.20485909716717e-14 8.22897305852166e-14 8.27449220253129e-14 1.06126218923919e-13 6.59916565837193e-14 8.55648885078608e-14 6.9333427887841e-14 8.14126543957627e-14 9.28923604703869e-14 6.52145004664817e-14 8.65640892300235e-14 6.58584298207643e-14 2.88169488271706e-13 7.86815057551848e-14 7.2819528185164e-14 7.123190925995e-14
4.52859971744601e-14 4.52304860232289e-14 3.41615624677161e-14 1.55675472512939e-13 5.47339951140202e-14 5.4678483962789e-14 5.51891865541165e-14 5.59108315201229e-14 7.970291093784e-14 6.43818331980128e-14 3.01649927259007e-11 2.56905607898261e-14 1.50324197534246e-14 1.33071331731571e-13 4.49862369578113e-13 6.03361804962788e-13 1.93893789912636e-12 1.54953827546933e-13 1.36024524977074e-13 1.10844666778576e-13 9.87876447311464e-14 1.48543399802747e-12 1.17328369242387e-13 1.06203934535642e-13 8.38218383591993e-14 8.75632899521861e-14 9.41913214091983e-14 8.43214387202806e-14 1.13076215058072e-13 8.82183215367149e-14 7.00439706236011e-14 1.71962444284191e-13 2.04969374806296e-13 6.80566714095221e-14 7.50510764646606e-14 6.55253629133767e-14 6.64246435633231e-14 7.68052288435683e-14 8.39772695826468e-14 8.74966765707086e-14 2.76957345946016e-12 7.07681691025641e-12 1.32638344751967e-13 6.79678535675521e-14 6.40709707511178e-14
7.94142529514374e-14 1.40354394773112e-13 1.25919275006936e-12 8.49040837636039e-12 6.15243522794628e-11 3.07369685259573e-12 6.10733685846299e-14 7.76601005725297e-14 6.65356658657856e-14 6.3860028376439e-14 1.01300745569688e-11 4.74772443581628e-12 7.9747319858825e-14 1.2195244813995e-12 9.39248678832882e-14 3.86735088397927e-13 1.17774678898286e-12 2.61379806687501e-13 1.13842268945064e-13 1.16706644348596e-13 6.13287198802936e-14 6.95887791835048e-14 1.03395070283341e-13 9.69446745102687e-14 1.84052773022358e-13 1.00530694879808e-13 7.48512363202281e-14 1.44118050826592e-13 1.22934995516744e-13 2.16959783472248e-13 6.23945339839338e-14 4.94937424377895e-14 6.49480469405717e-14 1.04294350933287e-13 6.58584298207643e-14 5.47117906535277e-14 7.91477994255274e-14 5.84643444767607e-14 7.36743999141254e-14 5.22915044598449e-14 7.7848838486716e-14 7.87592213669086e-14 8.56537063498308e-14 3.62709862145039e-14 2.09277040141842e-14
3.99358324187915e-13 1.10715325796207e-11 1.27309274233767e-13 4.5138337512185e-13 4.56345961019622e-11 5.79386538746007e-11 5.58109114479066e-14 1.33659749934623e-13 5.82422998718357e-14 9.11382080914791e-14 4.21329637845247e-14 7.77045094935147e-14 6.12176975778311e-14 1.62903024403249e-13 2.26874075082151e-13 2.03548289334776e-13 4.65771865520992e-13 5.71631630919001e-13 6.9333427887841e-14 8.058387290788e-12 4.45083525590917e-11 9.28368493191556e-14 1.43574041544525e-13 7.72382158231721e-14 1.03284047980878e-13 9.11382080914791e-14 1.10789155627344e-13 1.24578125593189e-13 1.25710553078306e-13 7.20756787586652e-14 5.04041253179821e-14 4.75619543749417e-14 5.70543612354868e-14 5.76760861292769e-14 1.40298883621881e-13 1.28441701718884e-13 1.13431486425952e-13 8.87734330490275e-14 3.73256980878978e-14 5.36681810103801e-14 6.38045172252078e-14 6.2272409451225e-14 6.77902178836121e-14 6.0507154842071e-14 4.98046048846845e-14
3.48610029732299e-14 5.38458166943201e-15 1.0769163338864e-15 1.52538204289954e-11 1.70140568300781e-12 8.31555935221218e-12 5.39510658370546e-12 5.56110713034741e-14 8.32445223863942e-14 4.95825602797595e-14 4.45976588991925e-14 2.8110846983509e-14 3.94240196044393e-14 1.31539223957589e-13 9.71778213454399e-14 1.48137058175735e-13 1.93789428948321e-13 1.23812071706197e-13 1.36912703396774e-13 1.13753451103094e-13 6.50368647825417e-14 1.11843867500738e-13 1.03905772874668e-13 5.33906252542238e-14 8.4732221239392e-14 6.91224855131622e-14 1.23168142351915e-13 2.80042655731449e-13 9.00168828366077e-14 6.12954131895549e-14 2.8244073746464e-14 4.01900734914307e-14 9.10493902495091e-14 1.76103576166042e-13 3.80440123848302e-13 2.62789789928775e-13 3.34132721491187e-13 7.35189686906779e-14 7.19091453049714e-14 7.52176099183544e-14 1.00963681859412e-13 4.92383911421257e-14 4.91717777606482e-14 6.7168492989822e-14 1.01385566608769e-13
1.04727559957496e-11 7.14128756129639e-13 1.55225832187966e-12 3.34243077659835e-11 3.64589469725729e-12 1.60427227058335e-14 1.12013176511994e-11 1.15086828955668e-12 1.76891834513526e-13 1.82742709853301e-14 4.90718576884319e-14 3.08975067753181e-14 4.02344824124157e-14 1.42497125210639e-13 1.06936681731895e-13 1.43240974637138e-13 1.60838009577446e-13 1.22535315227879e-13 1.45905509896238e-13 2.3969981555183e-11 3.45989903394184e-13 9.2370555648813e-14 2.00328642563363e-13 1.38766775847898e-13 1.08657527420064e-13 9.74220704108575e-14 1.07192033027559e-13 1.20581322704538e-13 5.3268500721515e-14 1.71529457304587e-14 1.22524212997632e-13 6.2941873935074e-13 4.27902158151028e-13 5.04540853540902e-13 1.24555921132696e-13 1.42652556434086e-13 1.29130039994152e-13 1.18105525359624e-13 1.80533366034297e-13 1.51800794156998e-13 1.69753100465186e-13 1.66122671174662e-13 1.98163707665344e-13 5.02931030155196e-14 5.09259301395559e-14
