Maxent_result_files_2/B_mesomelas_3.asc
NCOLS 594 
NROWS 330 
XLLCORNER -15 
YLLCORNER 23 
CELLSIZE 0.166666666666667 
NODATA_value -9999 
[rows 200 to 219 of 330, columns 180 to 224 of 594]
5.02858266138162e-10 0.00134017452573971 3.01762675736228e-07 0.610414331406355 0.446729148924351 0.000355425627216477 2.43124260195349e-05 1.24539960655867e-05 0.00113410493878519 8.60584203232762e-07 1.70927083598116e-09 2.57807110193298e-07 4.24304735802128e-07 2.35557287452393e-06 1.85718150023106e-06 1.79241865794211e-10 8.25322545877638e-06 2.62012633811537e-15 6.89472400838831e-08 5.55111512312578e-17 6.98229057916056e-07 0.000419311694958446 0.00260583503756595 0.00192064995118142 0.00150722455004495 9.74237811146583e-07 4.36823373489825e-05 0.000179011895334824 7.5920164184895e-06 1.65044726247232e-05 4.68702069508886e-05 1.64732454036587e-06 0.00019247721136012 0.000277969774445264 0.00202966068877561 0.00166092173939786 6.73842228426924e-07 5.1275407478224e-05 7.73381358953884e-14 1.97823559755506e-09 0.000948437803037372 8.38473734887657e-13 2.13095097123528e-12 3.30419813732163e-10 0.0107593357492019
5.94273375864596e-07 8.39839309207946e-13 1.99379972531943e-09 0.0157260855576169 0.0174255308316788 0.104384485844639 8.33396447863954e-05 1.82474279055267e-05 1.34975600984966e-07 0.744541090447456 4.22657248113634e-06 1.08574125406991e-06 4.82801298529179e-07 6.70685729176057e-14 0.117882185988128 5.67944492043337e-05 6.24813011318448e-07 4.77831091716396e-07 2.22044604925031e-17 7.01108907819048e-08 1.82144894658176e-06 6.71462885293295e-14 2.03578265356441e-11 0.00412451043165163 1.73777315489398e-05 2.60243982462605e-05 0.000440987350536759 0.0140137615378421 8.45488416221785e-05 6.7633038209125e-05 2.86220307012308e-05 8.18124501478224e-10 8.01664515741596e-06 5.72363487986949e-05 4.54500031055183e-08 7.44396923513246e-06 1.27967282779196e-06 3.65273589153503e-11 2.54762877460735e-13 0.00108689262051948 7.53533789300098e-05 1.38136724281424e-11 6.74308411330316e-09 2.4819132197984e-05 0.0124158141399049
-9999 1.45172762699985e-13 0.000770308588233792 6.6437039417111e-06 0.108887906338396 0.00802496771538728 0.000117572351108641 0.00641316802066285 0.458403900940903 0.431069406867027 0.536721072159708 0.459702029079199 0.00026295089008066 0.000109827106134563 0.0347848957488168 0.000403914352384049 1.08838824682822e-06 1.39715606450874e-07 1.87424407493975e-07 7.50367740165458e-09 1.15647114107276e-10 1.42872153729989e-06 7.86331033619803e-08 1.28896893158981e-14 2.08949443725848e-05 3.35426154600582e-05 0.001582937000226 0.00264364185094337 0.0773589679312863 0.000158011649354761 2.24771881903396e-05 8.0952611761842e-05 0.000658609825730083 3.00398261821044e-11 9.36800146008609e-06 8.41391608653597e-06 1.77858130803177e-06 1.45326726124329e-05 4.38984404382836e-12 0.00208563807791723 0.000567290640302442 0.0795545652938017 0.00183016764477557 0.000994968569899157 1.73642124112749e-07
-9999 1.6150047965624e-11 1.84269649539104e-09 0.00214139267686448 0.000219921413616131 0.000513726039416307 1.05905368832371e-05 1.09181448922024e-05 0.00188791620311974 0.112109949765727 1 0.0884379585240822 0.750915318354964 0.335139802843332 6.38167296784786e-13 0.000202892399616417 1.97781324027257e-06 2.49475151858913e-07 1.17274667754685e-10 4.95714580495132e-14 4.44830532055906e-06 8.28265012797758e-08 6.26434935611542e-05 9.96344821487583e-05 1.6574546520709e-06 2.52013041956989e-07 3.41309034835868e-06 0.00102492198230308 0.17469214951434 0.00352820732559849 0.00546936415239543 0.000167865973102843 4.27095581123638e-11 0.00671606383295398 0.000125955043718529 0.000471282364755421 1.2798073711906e-11 4.89919216306589e-13 3.12804993019e-09 0.00638816675710469 2.89174355727617e-07 0.0852657926618122 2.17509250466374e-07 4.81838207588514e-05 4.86250258957544e-07
-9999 -9999 -9999 1.66533453693773e-16 2.01476670685929e-06 0.00206951923559596 1.09092971095071e-05 2.13898088416098e-05 0.0294001453819195 0.100776548034767 0.559443942923099 0.210552410595119 1 0.913486897945404 0.867902851104736 0.0404396617319435 0.143379885924514 7.23368148491943e-08 9.37602687711703e-09 3.30907652468237e-07 1.95947001230268e-06 0.444976746364046 0.13513115216665 5.8838917273929e-05 0.0343188180673678 2.18757547632009e-09 8.62564464298998e-11 1.25440274112432e-07 2.25257257291389e-11 0.00446638699419379 1.48738919320213e-05 3.41968795146697e-06 0.00130711575851226 0.0133456754479624 0.208586030443621 0.00148312965085696 0.0282006286113301 0.000396166092638461 0.000225250574601787 7.00658270753385e-05 1.68951875710865e-06 0.0497711585313652 7.77272884198599e-05 1.43696444008246e-06 1.68399749711501e-06
-9999 -9999 -9999 -9999 0 2.09832151654155e-15 1.45373907865176e-05 6.15149954423799e-06 0.00836474120974513 0.00038605591560632 0.00013740557337758 0.000675196804752431 0.371684129419737 0.0115535112965063 0.030108053398726 0.103229440926225 2.87048725677863e-08 0.000423276614515089 6.24445629755499e-06 9.98421245679282e-09 9.74135878628601e-09 6.7568173278687e-14 9.565048930682e-09 1.11022302462516e-17 9.985077320529e-10 0 4.44693312173783e-09 0.0267689777829219 1.14348631954364e-06 6.25844931434472e-12 1.00679031778128e-10 0.000642726744176769 0.000336059467671668 2.55558164656833e-06 0.00109138240682062 0.0676781061511285 1.57190704896948e-11 0.0184902632617366 4.25139533393182e-06 2.35748464516572e-07 0.0105323501909733 0.0223324134077302 0.00313791294205714 0.00155258005442054 0.0803201501490677
-9999 -9999 -9999 -9999 -9999 -9999 0.000511411099653669 1.02065056517553e-08 1.2552022896628e-07 4.80726569662693e-15 5.41130299592796e-06 0.00329920699824697 0.00971823132422287 0.904661069810391 0.00393438898117893 1 0.00335503194500859 0 0.000958730025377008 0.000774928461197533 1.13809800311726e-06 1.62294659822315e-07 2.72139762946821e-09 5.99520433297585e-16 6.7248429047595e-13 1.72880187943036e-10 2.52417886592582e-09 8.33777491493493e-13 0.0122984634215754 0.0366774348833133 0.017435930445572 3.18075030758536e-09 2.80907828335675e-05 4.09172173587713e-08 2.19976082904694e-09 1.44621092879049e-11 1.69759317835028e-05 0.00245930899542942 0.0185686430842329 0.00136832819269816 3.28639049307355e-10 0.00646445695106195 0.00158697559038111 8.85976999840388e-06 6.07962214926872e-07
-9999 -9999 -9999 -9999 -9999 -9999 -9999 -9999 -9999 -9999 4.27364810207109e-12 8.13567072668775e-05 1.10486816642164e-05 1.20970384346664e-05 0.000119258628672014 0.00218137812871646 1.17036321301001e-08 0.00048785006110279 0.00574086157139391 0.127913531870581 0.154977317852899 0.48060752521269 1.22662746226965e-07 3.59694668744526e-06 2.56062463744211e-05 5.63487763172166e-07 1.18849923991249e-07 3.66373598126302e-16 1.80273285188548e-10 0.483976798783988 0.265805196017027 0.001982919532864 0.00032610022609596 1.47948320261548e-13 0.000102037723105664 0.00172033267371035 1.17423915035886e-10 0.00785645159412349 6.89523968627648e-05 0.000696584833724567 1.75794299117626e-08 0.000124884821091709 6.15798523284639e-12 0.00117953860828068 0.00517178888171413
-9999 -9999 -9999 -9999 -9999 -9999 -9999 -9999 -9999 0 -9999 -9999 1.34871465995445e-08 0.000133960515556453 3.26037717934824e-09 6.89571511003351e-11 6.25230021533696e-08 4.0467629247587e-14 0.0610318430524785 0.0446997517137788 0.702623614668846 0.0417399505124195 0.00651268024885212 0.00264635865965488 0.355406795232557 0.00563126400156762 0.000672304109119182 0.000514598547633227 1.37776183222194e-06 2.6093722502929e-05 1.23783869376837e-08 0.15704249991395 0.0103148955961842 2.47861597912902e-10 0.000100686268397254 0.000213847485760565 6.61826165870849e-08 3.90806355943241e-08 1.95795257612819e-05 6.4013905287652e-12 6.25055562863963e-15 7.17441306894551e-05 4.45578964692883e-05 4.02833322254992e-13 0.000993890017590393
-9999 -9999 -9999 -9999 -9999 -9999 -9999 -9999 -9999 -9999 -9999 -9999 -9999 -9999 6.49480469405717e-15 2.44249065417534e-16 6.66133814775094e-16 1.13205475593681e-07 0.000420220219149314 0.00760124256485142 0.749056689441204 0.0448576795821282 0.932445901632309 0.444882740406319 0.00354679779703702 0.141667734642851 0.003025116085837 0.00277989423907457 1.1875091319169e-07 0.000105960035740749 0.000113433663458262 0.00478475495401653 4.24080730308307e-05 1.08706475598908e-08 5.55111512312578e-17 5.45978713351047e-09 0.00062116732676003 6.77902178836121e-14 2.22091996627483e-05 0.000519710257890171 4.0901758013856e-08 3.03970620563199e-08 0.000757960463792173 0.00514127715913766 1.48064028704376e-07
-9999 -9999 -9999 -9999 -9999 -9999 -9999 -9999 -9999 -9999 -9999 -9999 -9999 -9999 -9999 2.22044604925031e-17 1.00742897579664e-08 2.9721026972851e-08 0.00856467798039375 0.726512213796377 0.73697722076904 0.0202900981588755 0.776222252845764 0.396375943720341 0.461252580955625 0.0418387619793066 0.0057104945194169 1.03846597987456e-11 1.17088703057933e-05 3.61784657787467e-09 6.65109352826487e-07 2.87790736797078e-09 8.67843524021694e-07 5.64305415728938e-08 3.20548104393303e-08 1.04956819568791e-08 0.000150218180493467 9.04957297098719e-07 0.000295464247317878 9.41705179826835e-05 5.24215504338343e-10 6.73772044545995e-07 1.72989400581969e-12 7.07842172033013e-06 5.81636107606087e-06
-9999 -9999 -9999 -9999 -9999 -9999 -9999 -9999 -9999 -9999 -9999 -9999 -9999 -9999 -9999 -9999 -9999 2.43461813598245e-08 1.73763083800571e-06 0.000701950080447133 1.90958360235527e-14 0.000798838201308172 0.314496534317732 0.128812754462706 0.280069352313876 0.0457222633500351 3.85708408279228e-06 8.63459285183055e-09 1.18065323719496e-05 5.28488364182067e-13 0.233982542386002 9.41963174128091e-12 1.17710206681831e-07 4.32809333705819e-08 1.4178450370439e-07 5.76427794385381e-14 1.53543844305659e-14 5.42788036739239e-14 6.14752489704329e-05 0.000366487120787218 0.00011469798973649 0.00527260149120224 2.86064938403996e-10 0.000806870855834463 4.34261465295238e-06
-9999 -9999 -9999 -9999 -9999 -9999 -9999 -9999 -9999 -9999 -9999 -9999 -9999 -9999 -9999 -9999 -9999 -9999 -9999 8.47910580503708e-07 0.000434799968513744 0.914294351637363 0.480142219550908 0.00220168410814949 2.77049133745488e-05 0.778924760222435 0.0128729033468289 0.100959458145735 8.80227767233066e-05 0.0327506342582637 0.907007824629545 5.99409410995122e-13 9.340312797812e-05 7.52723650698783e-07 8.17683028619953e-08 2.20667217654125e-07 2.43596852689265e-09 1.36557432028894e-15 2.25781037367923e-05 1.04157228033808e-05 0.000505171165127294 0.000202372859485922 0.0120831162503478 0.0176008037728025 8.53017002244716e-07
-9999 -9999 -9999 -9999 -9999 -9999 -9999 -9999 -9999 -9999 -9999 -9999 -9999 -9999 -9999 -9999 -9999 -9999 -9999 -9999 -9999 1.43569224730911e-08 8.53000386991098e-09 0.685238275118172 0.128350545784997 9.77818803704622e-10 0.0234318117735938 0.459421636164188 0.999998831748962 0.415466995816678 0.00398368233945803 0.000715303662773059 6.41902642151138e-11 1.95869879204835e-09 8.93668520962621e-08 3.69813599203628e-06 1.22361010213012e-12 8.10836675635418e-07 8.36103408730082e-12 4.49656761395412e-06 1.43218770176645e-15 4.09279577296973e-06 0.00100713479604053 0.334762530215085 0.00180370456344718
-9999 -9999 -9999 -9999 -9999 -9999 -9999 -9999 -9999 -9999 -9999 -9999 -9999 -9999 -9999 -9999 -9999 -9999 -9999 -9999 -9999 -9999 -9999 7.20534742981727e-15 6.41276620998221e-05 0.1404014414418 9.80348161538913e-09 0.00740390984003483 0.000391763813649959 0.0205022562964587 0.000247307134444608 0.000979427800362032 1.47589953381821e-05 0.350492952120453 2.42860919137278e-05 5.92702081492202e-07 6.05989702862075e-11 7.09350781114004e-08 9.50791964543507e-06 2.80846218703168e-07 5.42344486764712e-08 2.72314672915552e-06 0.0072235365667122 0.00254443374522531 9.44679245065583e-05
-9999 -9999 -9999 -9999 -9999 -9999 -9999 -9999 -9999 -9999 -9999 -9999 -9999 -9999 -9999 -9999 -9999 -9999 -9999 -9999 -9999 -9999 -9999 -9999 -9999 3.73576630013916e-06 7.60191909421337e-13 3.17246229286638e-13 2.75203896935583e-06 0.000253866164496475 0.397696652529885 0.0157214378937567 2.84304468856078e-11 0.0383885654402547 0.00220820608008694 7.84032979073146e-06 1.43113397244043e-08 0 5.09130674000158e-06 7.9140027864355e-13 5.70295580115676e-07 3.63189416505705e-06 8.27187609547586e-05 0.00145982893419205 0.397270143032074
4.97097167873051e-09 0 -9999 0 0 2.55317988973047e-13 0 -9999 -9999 -9999 -9999 -9999 -9999 -9999 -9999 -9999 -9999 -9999 -9999 -9999 -9999 -9999 -9999 -9999 -9999 7.43849426498855e-16 1.02668944457207e-09 3.16018558353948e-06 6.8098866545796e-09 6.15908078154037e-05 0.000123435251695503 0.0542891495977528 0.00489983537210037 0.999890863895416 1 0.000291336174776324 5.45504205087255e-06 3.24066474317597e-05 4.92253253270292e-08 4.28657220830075e-11 2.80316622813803e-07 2.87946676490458e-06 7.18058916747699e-06 7.18278084432811e-07 3.71924713249427e-15
0.000408586468081651 9.68658486755203e-12 5.30109660487055e-06 3.79803426323155e-05 1.35590871863656e-10 0.0257976937646851 0.612154674388512 -9999 -9999 -9999 -9999 -9999 -9999 -9999 -9999 -9999 -9999 -9999 -9999 -9999 -9999 -9999 -9999 -9999 -9999 -9999 -9999 -9999 0.00267999250634148 0.000350936224005727 0.584751783078536 0.503687526285648 6.05718956825374e-07 0.016088155796642 0.241867121867836 8.07355930792619e-05 1.36484220814026e-08 0.376271541230381 0 1.93463966674523e-06 4.36835889683351e-10 8.23655570261206e-06 4.16266952114608e-06 2.30114816091032e-12 5.88354809316627e-11
1.32916707019315e-05 2.59659868051543e-09 1.2543299732215e-13 5.3478657434991e-06 3.59686592681707e-05 -9999 -9999 -9999 -9999 -9999 -9999 -9999 -9999 -9999 -9999 -9999 -9999 -9999 -9999 -9999 -9999 -9999 -9999 -9999 -9999 -9999 -9999 1.07351572076197e-09 0.000250836701558854 0.476934638331295 0.000487477694539606 0.335124429594725 0.000413250879182669 1.99548932933169e-11 0.999999856948853 2.71915200356077e-09 0.0159151217063055 2.21683005285911e-11 1.45299400849952e-06 6.13418514472386e-07 0.000183452088730207 3.96904731303493e-14 2.22044604925031e-17 5.74772398469481e-06 9.09636443779949e-07
8.86449084602781e-06 1.41053560266391e-06 2.02795236865505e-06 1.74683830318267e-05 4.78591610786339e-12 0 -9999 -9999 -9999 -9999 -9999 -9999 -9999 -9999 -9999 -9999 -9999 -9999 -9999 -9999 -9999 -9999 -9999 -9999 -9999 -9999 -9999 1.42567269101335e-10 5.93509241753054e-11 4.45369185975153e-11 0.0274447560776025 0.120724320900626 0.00169396599767424 0.000398919423231003 0.159575338335708 0.00228671922920078 2.64005373118437e-11 0.000233636446200824 5.43994935050973e-05 1.78295855857158e-10 4.42223732077807e-09 1.23780985461508e-12 7.66104729210682e-08 3.70498751678383e-09 3.99913793747153e-07
