Maxent_result_files_2/B_melanurus_3.asc
NCOLS 594 
NROWS 330 
XLLCORNER -15 
YLLCORNER 23 
CELLSIZE 0.166666666666667 
NODATA_value -9999 
[rows 160 to 179 of 330, columns 405 to 449 of 594]
0.0107619694666937 0.00871072306763381 0.0101100726984441 0.0101766543462873 0.00907678052317351 0.00414570332504809 0.00394549573538825 0.00107167040696368 0.0028731326921843 0.00296103758737445 0.00591940927552059 0.00448091544676572 0.00456613884307444 0.00591162333730608 0.0101126838941127 0.0116817206144333 0.0102788670687005 0.0101010192884132 0.00409805256640539 0.00995069751515985 0.00306539395824075 0.016285939142108 0.00527806251775473 0.00534097122726962 0.0187094827648252 0.00427051482838578 0.00950787300243974 0.00274144985305611 0.00109771831484977 0.00115437850472517 9.04913664271589e-05 2.14279190317024e-06 2.25011956546117e-06 0.00163377491408028 0.0588431268930435 0.175916617922485 0.147973618656397 0.00661956057883799 0.00377077016746625 0.00405247582821175 0.00157357449643314 0.00166633692570031 0.00162424068548717 0.0015587430796586 0.00180421873228624
0.00244246504735202 0.00205978039302863 0.00196173316799104 0.00763966180384159 0.002201525028795 0.00235497838584706 0.00587707296945155 0.00571668782504275 0.0050044153816998 0.00284485245356336 0.00298515377799049 0.00663646514294669 0.00306248175911605 0.00283060346846469 0.00460185285191983 0.00538429906591773 0.00549770935904235 0.00610176785849035 0.00807917360216379 0.0118822928983718 0.0125773795414716 0.00840452024713159 0.0130281497724354 0.0140453181695193 0.0147448406089097 0.00456884311861359 1.24320162660396e-05 0.00723019746365026 0.00704836351796985 0.00957797155715525 0.0057723114034161 1.04898919313534e-05 0.000826263627095614 0.00329397192690521 0.0104651722824201 0.00278774168109521 0.00238127337652259 0.00401245975517668 0.00505042502190918 0.00127824174705893 0.00148740147415083 0.00205694960895926 0.00199469957733527 0.0020198437559884 0.00248657285701483
0.00232661163900048 0.00196156608872116 0.00171307577402331 0.00636352592846379 0.00168336810311303 0.00189969945349731 0.00169870557729155 0.00126994613092393 0.00272637226153165 0.0012021086527966 0.00438536696601659 0.00238941894494928 0.00233490982209332 0.00136218360567 0.00401045407634229 0.00449400887591764 0.010255536204204 0.00656841152813286 0.00252015529549681 0.0060353399021551 0.00880772562231869 0.00989030529744923 0.0134378700051457 0.00849092050921172 0.00962210388388485 0.0144757423549891 0.00424921432859264 0.00131314389582258 0.00830219117924571 0.0145105552626774 0.00823880657553673 0.00422246448579244 0.000840616159985075 0.00960413604043424 0.00962602060753852 0.0123178168665618 0.00294054918922484 0.00181189848808572 0.00139691609656438 0.00126994047604967 0.00134147251374088 0.00133769169042353 0.00143372310558334 0.00170176640385762 0.00216648186906241
0.00154658459941857 0.00164231884409674 0.00161257518921047 0.00650199083611369 0.00128610653919168 0.00125862454297021 0.0013677453098353 0.00151319981669076 0.00125288831186481 0.00139085408300161 0.00148448268300854 0.00156261523952708 0.00136464662500657 0.0050565829500556 0.00510760007891804 0.00673129116185009 0.00205954353441484 0.0103140858234838 0.00629296516999602 0.00274930783780292 0.00237193463253789 0.00228550822939724 0.00643392181955278 0.00194848546525463 0.00209994228207506 0.00247806285042316 0.00708697398658842 0.00480848951265216 0.0149523638887331 0.021088553359732 0.0106087350286543 0.0103632922517136 0.0115197805687785 0.018755036778748 0.0110419963486493 0.0147093181498349 0.00242436836706474 0.00160803531762213 0.00137455980875529 0.00126498127065133 0.00142317513236776 0.00130913279717788 0.00134255737939384 0.00149122516741045 0.0016483576677274
0.00130139295361005 0.00128110045916401 0.00124627500772476 0.0013665103178937 0.00133577780798078 0.00126476059667766 0.00114694984513335 0.00115151964128017 0.0012457454984542 0.00142745814519003 0.00159831550554372 0.00180461509735323 0.00152790587162599 0.00122624609794002 0.00132684950949624 0.00134251971612684 0.00343145014485344 0.00219600356649607 0.00278339958749711 0.0117365152109414 0.00743428110145032 0.00257053491077386 0.00242270846501924 0.00191496841143817 0.00208809089963324 0.00180241923080757 0.001849634363316 0.0032400963245891 0.00937793897464871 0.00992508421186358 0.0119403474731371 0.00332240448333323 0.0101411543320864 0.00902191086206585 0.00356323125306517 0.00326116762589663 0.00197431023116224 0.00136838577745948 0.004177551867906 0.00124725517525803 0.00152962461579591 0.00156933335238136 0.0014614975603763 0.00149882039404474 0.00165648452239111
0.00110675935284235 0.00112259420566261 0.00110857053368818 0.00111325916950591 0.00111909551778808 0.00115081907715648 0.00113839414552785 0.001279584254371 0.0012205247185193 0.00123935161391273 0.0012857566413004 0.00134583202889189 0.00147567549720407 0.00174126495840028 0.00157800242304802 0.00130035373731516 0.00136326744104736 0.00602392624132335 0.00181856244453229 0.00215314310626127 0.00233064187923446 0.00269082378363237 0.00216343717765994 0.00603649910772219 0.00232237828313373 0.00207271488616243 0.00182638308033347 0.00764139422681183 0.00211207432439551 0.0019524400937371 0.00684969439171255 0.00355980000458658 0.00359005386708304 0.00280868385452777 0.00324740309733897 0.00295048939296976 0.0021739023795817 0.00643244794337079 0.00121404847013764 0.00108158906223252 0.00138299674727023 0.00128505741304252 0.00115426261909306 0.00104882451414596 0.000951535449712537
0.00101708244474139 0.00095505790959578 0.00100559242127929 0.00104984898935072 0.00102892995055299 0.00100855253695045 0.00222153382492252 0.00102096565242391 0.00104406929458491 0.00118322289781645 0.00117663488490507 0.001316263678018 0.00123097404139116 0.00151068694540299 0.00147323489654809 0.00152055397629738 0.00158313200226985 0.00134026604355313 0.00147633788292296 0.00179274989059195 0.00172906935913488 0.00203411126858555 0.00152580211870372 0.0018374208942987 0.00244010796886869 0.00237591756158508 0.00210459536756389 0.00925401372369379 0.0152951878495514 0.00185512811294757 0.00237449551350437 0.00249616450746544 0.00319398890715092 0.00327266050735489 0.00286108285654336 0.0122959341853857 0.00208148505771533 0.00145647197496146 0.00128731250588316 0.00104316303040832 0.0012793391419109 0.00110611961572431 0.000891368795419112 0.00079979001020547 0.000695407611783594
0.000958870028262027 0.000923427133238874 0.00091187164071016 0.00275299426866695 0.000908973760670051 0.000882755883503705 0.000908285248442553 0.000938249108730815 0.000979147155885585 0.00108427579398267 0.00108955424220767 0.00110954888223205 0.00100965538003948 0.000987086232635193 0.00110280692751985 0.00148303451715037 0.00176984544959851 0.00143057343084365 0.00130604475853033 0.00137037659878843 0.00321666261879727 0.00438816327368841 0.00144254495971836 0.00180526146432385 0.00168931716470979 0.00195703039644286 0.00226411045878194 0.00196104148635641 0.00159266187110916 0.00168918494018726 0.00207860280643217 0.00228950837627053 0.00272743952227756 0.00271488442085683 0.00216184666496702 0.00167661721352488 0.00149908197927289 0.00326410102425143 0.003051236376632 0.000935562761151232 0.00126441686006729 0.00109332917490974 0.00144096844014712 0.000829123088624328 0.000630177243147045
0.000871986936544999 0.000828090938739479 0.000800832430832088 0.000777006399584934 0.000754967122338712 0.000760948381503113 0.000803195487242192 0.000795084904530086 0.000762957552797161 0.000747985043562949 0.000848853931529447 0.000950674712657928 0.000974467035848647 0.000820917342207395 0.00111533920571674 0.00130693660466932 0.00139831912820227 0.00133290991652757 0.00119699147762731 0.00139794363058172 0.00150053660036065 0.00155814694589935 0.00143831006716937 0.00147356775705703 0.00182816393789835 0.00171900641871616 0.00180707693216391 0.00181934786378406 0.00644115973263979 0.00134991107042879 0.00166631166939624 0.00209842692129314 0.00208509252406657 0.00227525713271461 0.00194164279964752 0.00149131725193001 0.00110984647471923 0.00407704245299101 0.00109373643063009 0.000892736742389388 0.000977054165559821 0.00088663682108745 0.000732895516557619 0.000625664358085487 0.000499739636143204
0.000685457381769083 0.000652531301602721 0.000666475512844045 0.000640337014920078 0.00063689106318634 0.000673884400748648 0.000669263453164604 0.000680270360317081 0.000626560066302773 0.000692440854618326 0.000748486598604359 0.000860687150270678 0.000864980506594293 0.000670040701515973 0.00333950755884871 0.000938600971130654 0.0011088618717622 0.00134605400962755 0.00138857020065188 0.00150398444384336 0.00156479349243455 0.00171870170161128 0.00165619343752041 0.00151742874877527 0.00151655161753297 0.00181427401257679 0.00183872847119346 0.00169415640411898 0.0013375071604969 0.00143589291837998 0.0014927246782463 0.0016221554717049 0.00185541661921889 0.00185592829366215 0.00142731010564603 0.00109278838208411 0.000964194771950133 0.00103572305233683 0.00098503218323458 0.00109289376705419 0.000988098996458575 0.000797104954835959 0.000678973029425833 0.000528398383175954 0.000421590050973464
0.000513939456141088 0.000545490958029404 0.000539616672904231 0.000542591309931595 0.000637808405735996 0.000591448679915629 0.000578203535405919 0.000578893470810726 0.000521267690055538 0.000544923519191798 0.000587828674179036 0.000743520393734798 0.000823510211193934 0.000682877804501913 0.000783085040166043 0.000924267183290795 0.000835574307711795 0.00105125017289538 0.00115879269433208 0.00119894833478611 0.00138827981427312 0.00135380146093667 0.00154285510652699 0.00153217738843523 0.00146327529801056 0.00145029127015732 0.00147513262345456 0.00136351446853951 0.00133425313106272 0.00121503708651289 0.00126454457640648 0.00128696652245708 0.00156198772019707 0.00140499488916248 0.0010984093620209 0.00100754019222222 0.00099357845610939 0.00118621807196178 0.0012038781947922 0.00107027437479701 0.000818440350121819 0.000629338677390479 0.000580763822654262 0.000491221978154499 0.000382477997482056
0.000437719533510972 0.000483416460338049 0.000446692733385134 0.000428743331576698 0.000481198763009161 0.000552722258726135 0.000441708297876176 0.000430748898361344 0.000451761941076256 0.000521308716270141 0.000567498797317967 0.000637015275424346 0.000643161420885008 0.000621419562958181 0.000671412130759563 0.000700476611382328 0.000791307777399197 0.000716730250860564 0.000882696692133322 0.000907130507403053 0.00108310110808816 0.00099008830729872 0.00091050450282637 0.00110677258053329 0.00122269572457299 0.00108219753019512 0.00120498876203783 0.00110610969422851 0.00120133654563688 0.00520173392724246 0.00111225014552474 0.00115912886394653 0.00109356265456881 0.00135400672443211 0.00134062934666872 0.00115808099799324 0.00113100991875399 0.00111299649288412 0.00116474935202859 0.000962258962681517 0.000719118781853467 0.000566145851917099 0.000504461326636374 0.000450218179321382 0.000332744630577508
0.000393775818520226 0.000390677848918131 0.000386730887112208 0.00034628997600521 0.000397229512600461 0.000367978757276433 0.000374759275291581 0.000384856972959824 0.000409470844897442 0.000457449899113271 0.000483965930470731 0.000537857628660276 0.000449156574904919 0.000537785053893458 0.000609557918505743 0.000574480314389803 0.000602156236709561 0.000636794696038123 0.000686693825991824 0.000709752613329329 0.000703618765692227 0.000689198283362202 0.00089945989602711 0.000883279723348096 0.000838162453146651 0.000916249357396737 0.00103796826442704 0.000907950455439277 0.000992358781513758 0.000867503180052154 0.000756161284516565 0.000783687294460833 0.000933434785110876 0.00127791712293401 0.00116927903727628 0.0010842064890312 0.00125937311677262 0.00129539897316135 0.000826278314343654 0.000683473612298258 0.000601471702975687 0.000560565732303075 0.000457960940548219 0.000383756206429098 0.000294787933671614
0.000333115406829165 0.000327600163291208 0.000341747116908664 0.000343239003996132 0.000363666054909118 0.000335792254190892 0.000317809171974659 0.000332150083704619 0.000331873029790586 0.000381205249868799 0.000419957308622543 0.000531581092218403 0.000460547464899719 0.000150662759915576 0.00013634612550959 0.000488726490584668 0.000636759374174289 0.000666850844572764 0.000718968480941839 0.000763241830281913 0.000654275879787747 0.000609178740705829 0.00062719429115532 0.000683019388816319 0.000791260253754444 0.0008576574298786 0.000838281618780457 0.00316351717920043 0.000715778142330237 0.000701716807088815 0.00067609642574098 0.000630817194178235 0.000727632705820724 0.000765601402963512 0.000677572900895029 0.000722317938925698 0.00132466850336641 0.00129381095175631 0.000743710677488707 0.000563760154182091 0.000528709458012599 0.000447257836640347 0.000359289899643045 0.00026167088362854 0.000212559125793632
0.000295933707093354 0.000277262618328678 0.000266895831009606 0.000296874679042958 0.000344114210020052 0.000329578276432585 0.000368089281982975 0.000351986666646553 0.000300567998056067 0.00033893522049766 0.000285603768134024 0.000325808391789906 0.000426670338492841 0.000488242626306601 0.000159423428704031 0.000353243775316514 0.000383346318267286 0.000469760397390928 0.000473452484584413 0.000562082685064524 0.000663773684937041 0.000680821720743552 0.000574982851685491 0.000690088419651147 0.000749665682087652 0.000727887093671598 0.000608650311187375 0.000586346290947404 0.00280545053537935 0.000603151111863553 0.000670267335954122 0.000560827672597952 0.000569966946204659 0.000501883194374386 0.000500298124097753 0.000706384313525632 0.00117834795382805 0.000955710079870187 0.00081174153892789 0.000534645342850126 0.000417791557265446 0.000327752717566909 0.000239701371174306 0.000194362911497592 0.000165277341511683
0.000247224044869654 0.000255410557292635 0.000268961074471008 0.000325926475488814 0.000313580063084373 0.000313779295538552 0.000302730911789695 0.000255596590432106 0.000258582638343796 0.00029012640225119 0.000286533921462251 0.000284619649028173 0.00035033513122471 0.000387114140903577 0.000352775014471263 0.000307596524362452 0.000320746853685705 0.000149225331188063 0.000413040457351599 0.000513347769447137 0.000581809019786306 0.000603433170181233 0.000594999616441783 0.000647699691762682 0.000651272873801645 0.000655136571731418 0.000545895195682533 0.000204442379617831 0.00057132213114528 0.00057455947244307 0.000605829329288099 0.000459537620190531 0.000417124749219511 0.000394538715772796 0.000505617509770673 0.000741592841222882 0.000957254233071581 0.00082758643256966 0.000665922558982857 0.000429087602242362 0.000305744467186742 0.000213312863343162 0.000164848225176684 0.000161885360284941 0.000146201215466135
0.000235674850773648 0.000219134170765756 0.000211517574643949 0.000243095401674509 0.000263480388821335 0.000271538252127357 0.000248779678076971 0.000229316823970294 0.000240620810654946 0.000265318802848924 0.00028258837555768 0.000267386629275279 0.000318842723208945 0.00039234787618625 0.000342648227524478 0.000329375213186722 0.000394300914922496 0.000405531657452229 0.000406153980293311 0.000495334535662551 0.00041215232340619 0.000394470617175102 0.000471147838106845 0.000473649195919279 0.000528638980176765 0.000619879955775105 0.00053432373679243 0.00100925869774073 0.000500198686495423 0.000185844370935229 0.000460610959271435 0.000375049165450037 0.000341500620561419 0.000374587395344861 0.00052475103730103 0.000760177048505284 0.000699086155509576 0.000508056404942181 0.000426041895116214 0.000270630353770684 0.000209908827673644 0.00018120489512512 0.000185724911716534 0.000155702232586918 0.000137673101562541
0.000233992694120388 0.000205008866032586 0.000188664149754914 0.000194617489978555 0.000209209858803661 0.000209699674815056 0.000211230787681416 0.000212356724296114 0.000206261799394269 0.000221851826790953 0.000232363916438771 0.000220622783672297 0.000230987204849953 0.00023316032384173 0.000275048673211131 0.000280487730924506 0.000328769530460704 0.000412083025730681 0.000368120837083552 0.000350351513770875 0.000142941973899724 0.000401601160410792 0.000442864010983612 0.000482318754075095 0.000516367823001929 0.000566489416814875 0.00053426145168487 0.000439451292913873 0.00012978981667402 0.000198589491628809 0.000411735006491654 0.00035744482811424 0.000332263577001868 0.000371806790644769 0.000510202831355855 0.000804218740086071 0.000510951189789921 0.000347887669340707 0.00027748763532145 0.000217578271985985 0.000206712340150261 0.000181910216633696 0.000156187135871733 0.000133375836958294 0.00014622793532908
0.000214704878089833 0.000197690542336204 0.00018475807410141 0.000180997322240728 0.000186522880176199 0.000190805530291982 0.000182497416244587 0.000185015596071025 0.000187422045928543 0.000198016880676732 0.000206809783776407 0.000215147929338855 0.000205029711287352 0.000200656901142793 0.000202724690097966 0.000237205521989381 0.000295808578084689 0.000374595863831928 0.000119215287850238 0.000103507755557075 0.00035723848050111 0.000417673531046603 0.000431038763781544 0.000469702736882027 0.00046887931675883 0.000431051032501273 0.000451666368462611 0.000156277783025871 0.000128683842194732 0.000407448559417389 0.000306462896696758 0.000291309476597235 0.000327229093090864 0.000345369240676519 0.000417143272352405 0.000540144354454242 0.000318976438575191 0.000243846211378695 0.000208220806962345 0.000181313740904443 0.000164404538008966 0.000143842794932425 0.00012555382309074 0.000133337463557837 0.000170379870178294
0.000204030794338905 0.000194248305342626 0.000178399358264869 0.000167339877225459 0.000169749674751074 0.000164853373644291 0.000164705343195237 0.000161159934214083 0.000178957158277626 0.000197693264635745 0.000204285879590316 0.000204680724345963 0.000221066338417586 0.000232518445409369 0.000217254195013084 0.000212598308644374 0.000219794631266268 0.000234828260727227 0.000241921646374976 0.000284234034916153 0.000306195734447101 0.000324003519926919 0.000361981892638141 0.000378080594964558 0.000347859095199965 0.000346965283824829 0.000369845882232767 0.000406753558490891 0.000407154629647266 0.000347296320251189 0.000289669833728112 0.000262781242054189 0.000264803995378315 0.000268238112039398 0.000287667509837775 0.000259518934035441 0.000193634111201391 0.000157061249046819 0.000139645951276179 0.000132383805612335 0.000128331285668537 0.000118594753803336 4.58201113360701e-05 0.000133356557125808 0.000171544570912374
