Maxent_result_files_2/B_mesomelas_3.asc
NCOLS 594 
NROWS 330 
XLLCORNER -15 
YLLCORNER 23 
CELLSIZE 0.166666666666667 
NODATA_value -9999 
[rows 220 to 239 of 330, columns 270 to 314 of 594]
-9999 -9999 -9999 -9999 -9999 -9999 -9999 -9999 4.22507455084542e-05 0.00515261796780919 0.00790381247723859 1.95387039880757e-11 0.00132081614162729 3.30735439035834e-14 2.67394858529668e-05 2.72448730243013e-14 8.85550123230772e-09 3.54494211762812e-13 0.00896011759919378 9.47784073446201e-12 2.99760216648792e-16 1.28160815293654e-11 1.03417274743833e-13 1.64868119156836e-14 0 0 0 2.90989454754254e-14 3.9373897353645e-08 0 0.000154548424024303 0.000318132439874352 7.25853222746653e-05 0.00743864130463253 0.000416618587265649 0.000949972551126332 0.00232089821931987 1.32382036515999e-05 4.39003308150276e-09 1.15179532578225e-10 3.42462082070227e-07 2.95297107655301e-08 -9999 -9999 -9999
4.01645383618643e-13 6.11633721743221e-06 4.17032454635979e-07 5.0347665813133e-07 0 -9999 0 2.73164046937779e-11 0.000562179624732151 3.57457205567235e-05 1.42495903965312e-11 2.72626365926953e-13 0 0 0 1.88737914186277e-16 0 0 0 0 7.08655356618237e-14 0 0 0 2.67349258409322e-07 7.85373011069623e-10 0 6.1245781779462e-10 2.4561130906875e-12 1.27360245252062e-05 2.70628832585995e-06 0.000432254802705045 7.13052535494363e-05 1.20866444796808e-05 0.000298792587216168 0.196795987975202 9.78588616951548e-05 0.000524407409015615 0.00166649979852025 0.000865518474170557 0.000745176134716352 9.41762743882246e-05 0.000416245231735957 8.20085668262749e-08 0
1.55061219059283e-06 9.52120562625058e-07 1.7021870468259e-06 9.62255501005815e-06 2.2178226812275e-06 0.00460097459716645 0.00353468399862489 0.00802138331396958 0.000208252620851912 8.40721884010076e-07 4.06644424810754e-07 7.59958762586166e-13 1.76560832620964e-10 8.88178419700125e-17 0 0.431381191977157 3.57316658705642e-08 0.0203880006984809 2.78692581234807e-09 0 3.49493317175487e-08 4.20333981177023e-08 0 3.66373598126302e-16 0 0 2.03093692974221e-09 0 1.21931575947087e-11 0.000240884254819895 0.248111424389825 3.03423952630055e-14 1.28692279055542e-11 9.31787980107401e-13 4.92383911421257e-14 1.60760293965723e-14 4.14028228044705e-05 0.0013822857438865 0.011941354581621 0.00345399180282442 0.00737586600448594 0.000346979777412071 0.00143104764876583 3.85280363168761e-10 9.48670343836611e-07
2.53970729335862e-08 1.11022302462516e-16 3.1004128696166e-06 1.38515658676397e-07 2.55185080104803e-05 8.56151218109336e-07 1.61679814592031e-07 0.000380327556843252 2.30279605384354e-09 7.05633962475583e-05 6.94763480735272e-07 1.82431514339498e-11 2.59470553678476e-05 4.82328296409817e-05 8.38387741168844e-06 0 1.63202784619898e-15 6.2201355177649e-13 0.403971688263118 0.00101173103607834 0.0019427736480493 1.75833897098077e-07 1.76927507522517e-07 1.16569194829053e-06 6.61014127312232e-07 2.33246755243499e-13 0.0295034115979051 0.000878271452848622 0.00375710553455604 2.84595019713896e-05 0.0137289251168146 5.23261347528892e-05 0.00011675386562422 9.93698456852599e-12 9.46002529866874e-08 0.00119617152634192 0.0121011420688679 3.98240669476912e-06 0.000379382342243539 1.80711695132452e-06 0.000110503501706161 0.00256884769002044 0.000221612798999149 0.00525679560707886 1.81894499462487e-12
2.75191660570329e-08 1.95932710146063e-05 0.000124537962881754 8.31045242947082e-05 2.15683786910503e-06 0.000808895676965449 3.13300646220149e-05 1.91795104958037e-05 1.96904916124341e-06 0 0 0 0 0 0 6.47031317413393e-12 4.58821869386838e-13 4.58099614242258e-08 0.000953418170911391 0.000565112794606648 2.77180351337947e-08 7.51645079510865e-11 0.000124283491564525 0.000983813551584589 1.39900951639294e-05 5.08887712542983e-05 7.99581634403856e-05 1.93210753748896e-05 0.00514304570524458 2.95191640148351e-06 0.000235735582520702 4.41252974938022e-05 3.21373152259885e-05 1.74986590204873e-05 6.26897740718668e-08 3.04606673218188e-11 9.2254136806913e-06 2.29339880419843e-12 5.81257264542501e-13 7.74503817177918e-05 0.000687284296900692 1.45226020437095e-06 7.53136631267304e-05 0.0465281352306192 0.136413549681129
1.53210777398272e-15 7.93034807822224e-09 3.859061070699e-09 6.12210903737642e-05 3.76343400887436e-13 0 0 0 0 0.00608266837458346 0.00207078828296359 1.11022302462516e-17 0 6.67984261237819e-09 2.46035553530533e-06 2.7778890299146e-13 3.35929684069924e-10 8.15233540119031e-08 0.197051646979526 3.53608808115302e-05 9.68657025257613e-08 0.00132858692304664 0.000346716745082576 3.60587989622907e-06 5.50599788251116e-05 4.04477426988237e-05 0.235758196296159 0.130050149427816 9.05721113597657e-06 2.85822719834572e-05 0.000381885120742331 2.28520783077668e-06 0.000315987730829836 9.07052211118753e-15 0.000638414080503225 0.000305472163375031 8.33756935434637e-05 0.0229715927607685 0 1.94345650683658e-12 1.14227533784428e-05 5.70168765756662e-08 5.94877551318707e-07 2.61227515850893e-06 9.02644625710991e-13
3.6603720054984e-12 4.25101816636797e-08 2.13134718207719e-08 0.00918197679061466 1.35746412999183e-09 1.34003919072256e-14 0 3.566036355096e-14 1.40619903499228e-09 0 3.20648677498703e-08 0.0100881807463793 0.00130816973032732 0.0480937289627093 2.87602977783408e-05 0.000782910515253832 2.69131566144054e-08 0.00174421014721133 1.85720094220354e-05 0.00010946618503378 4.72061732980866e-05 7.42767143330658e-05 9.01974812542616e-05 2.07659003533478e-05 2.21757940422895e-06 5.04524250805272e-05 6.12869088811863e-11 0.290598951861193 0.000113648242423592 1.41476014019482e-06 2.31336923717129e-05 0.00293356933332234 0.00545092926591828 0.00047953219838851 0.000468535335780196 5.90597985961061e-08 0.00641116940505242 1.276534433714e-13 0.019301395893126 5.39114157694476e-05 0.00014053924174563 3.43407312162314e-05 1.11268878555393e-08 0.000165371661865255 0.0797449271485675
3.33066907387547e-17 1.21014309684142e-15 9.04831765069503e-15 0 4.47419878923938e-15 8.76305172869962e-10 8.06021915877864e-15 2.26152430116144e-14 2.22044604925031e-17 1.02414787761518e-10 2.85463743754377e-09 2.55724700692905e-07 1.21996942926361e-05 5.50036712509971e-08 7.15603609702242e-10 9.93902604462527e-07 1.31724510987752e-07 0.00335404970110738 0.000492393757091225 0.0541094261878243 3.49089490589205e-05 0.000132862545266133 0.00368177422263329 0.0187888882860534 1.64202000606517e-06 6.68517700410653e-06 5.35237409948763e-12 5.58999333210353e-05 0.000108605466282974 7.07684577134882e-05 0.000390786509895225 2.19894263990161e-05 0.0676901843090491 0.000589015550273153 0.000453283990121189 0.00500008495841939 0.137510784878395 4.15755392622841e-05 0.0861996967767482 0.0566565599510795 0.00112248559435471 0.00117450247314466 0.00231953743550832 0.0746424438722897 0.515307244146243
4.41902958669971e-11 0.00233775791193693 1.03429085991258e-05 3.13155535811571e-06 2.81186626781893e-05 2.64216100708259e-06 2.54806598043444e-10 5.74593927993305e-11 5.03661556905399e-12 0 3.80473430539041e-14 1.32916856665499e-07 2.53013884565778e-07 1.92464626482813e-06 2.30258140935247e-06 0.000289533577555479 9.00837848760716e-10 3.02881855818171e-07 2.21311421388926e-07 4.32917978021585e-08 2.99760216648792e-16 0.00084679406035657 0.000471768009158513 1.07574914589348e-05 6.10622663543836e-16 0.000240796438990953 0.000833069592093238 0.0002097609976496 0.000175642681378996 0.00152328275475782 0.0020052562011216 0.00046818272321012 2.33035111390389e-05 0.000226121227991638 0.008676246217005 0.00733028535036713 0.00539165971956503 0.0042835576496941 0.00244589868457297 0.00153267813272038 0.000584976243614221 0.000676150218023963 0.000906259597035053 0.00977723414152933 6.74632444352952e-08
0.00245201204670593 2.15244360446398e-08 8.94406868123809e-08 1.68040968503425e-05 1.42987125891891e-05 1.44453130213051e-06 2.87359544492993e-08 5.4097019575039e-08 1.33996956863669e-08 5.08522113307208e-12 7.20068457082945e-09 1.30905362072387e-07 7.28011497994618e-06 3.18060299537515e-05 1.46385820710693e-06 0.000118450098133149 0.000112405972747387 0.00648204621820565 0.0265564087372084 4.34136450003786e-06 9.58845254986906e-05 2.90434343241941e-14 0.0294460657442812 7.87402624546907e-07 2.4265071834062e-06 3.89596733750497e-05 0.00021447110298537 1.98440588540238e-06 0.0131496687049548 0.016203432250677 0.00138109228231684 4.66293670342566e-16 0.0008387975570324 0.00330373435564866 0.0486473137731082 2.37735374254311e-05 2.66377826608766e-06 2.60895071846345e-07 0.00411660913531478 0.0020509503138527 0.000434484525417211 5.08327824277899e-12 1.54280336284174e-09 0.000262336044240419 0.000235574333318533
9.26095519582226e-06 1.60427227058335e-14 8.91499873922896e-11 1.82100088264026e-07 2.53452247548025e-05 6.76805492094701e-08 2.12813100475273e-12 2.1094237467878e-16 0 7.37948591122972e-12 4.12712886199707e-08 3.83401013381857e-08 3.14369125176128e-09 2.29527578949562e-05 5.46362271457435e-06 1.13268250605536e-06 8.41074099291461e-06 0.000453782220679955 0.000194753314033547 0.000270405022333697 1.48587155520685e-06 0.00152158989041027 1.07686056835532e-05 4.63561545016034e-05 0.00834864184767127 0.0142510605329974 0.0241700249347559 0.00130016492028844 0.00932508798935032 1.23763590114456e-05 6.79971006826152e-06 9.55791215683233e-06 2.1882213532487e-05 0.0225619931277834 0.0186433630251841 0 6.38596151514292e-09 0.00369016382489917 0.000930700087804581 0.000736121441399718 0.00100501277010068 0.0012527380961167 0.000481443470220277 0.000492164000411321 0.00151043240157076
1.05729869304128e-12 1.47420964324851e-12 0 4.70818096731662e-09 8.82349726616383e-10 3.9788508199301e-08 3.03628498576902e-07 3.70141755220432e-06 2.35699884331142e-06 7.22644166728514e-14 1.21569348809913e-08 5.52079633564517e-08 1.19538968464283e-05 1.59994776559813e-05 4.79698192945577e-06 1.0042711107161e-11 0.00239727083536039 0.00624825713277914 0.000173993802379546 4.23629057751951e-06 1.95404803449151e-12 8.47544322447602e-06 9.44448697914879e-07 0.000293687390339414 0.130611194503967 0.000587316344460653 0.000239210167995618 9.55060737164448e-06 3.18167179098272e-05 2.38545339574792e-05 1.30875686237819e-05 0.00312693251944154 1.47674575488033e-05 0.00348918611037448 0.0533014363138411 1.78840642067746e-06 0.00578037876568942 0.00727375336620364 4.23703216956284e-10 0.00152302559880368 0.00174452089458583 0.00212452678702562 0.0198428500783848 0.00305254275833065 5.39931869433574e-05
3.89915874665636e-07 8.2417334188456e-07 1.0568836061875e-08 5.43266542862852e-12 4.99879715398777e-10 2.00730295718543e-09 5.78651191407431e-09 1.59612324505565e-05 5.58053953891857e-07 1.27190224851192e-06 4.18920712563775e-09 6.81749851128011e-08 0.000129171069799416 6.89080693701993e-05 1.18707940791607e-06 0.0547871315068918 0.00548739264709461 1.96960340259622e-09 1.37728640964285e-06 1.34233463233713e-09 1.79354042728619e-10 1.98743022039594e-11 1.43472744795758e-10 2.43864354787515e-07 0.00649797933802452 0.187487814581254 0 0.000178677026346585 5.50333232771649e-06 1.22023938171623e-05 2.28126358417957e-05 1.05550216340511e-06 5.18341429414093e-06 0.030886349473144 0.00636918259917538 0.0210908788807615 0.000220304238575486 0.00138734010238425 0.00336748843010355 0.00294807428944637 0.00313239696719734 0.00410974032325555 0.00185569258227112 0.000904342676378622 0.000648228860881916
1.91317543047909e-06 6.50545140360115e-05 3.99722477339992e-12 2.02060590481778e-15 3.69295161117833e-10 0 8.88178419700125e-17 9.9253938401489e-15 2.31483091506224e-07 6.7334570298716e-05 9.74868251080174e-06 0.000122221353087792 0.000221842757175161 0.000280608052287123 2.51575785829017e-06 1.3198726089847e-08 1.11022302462516e-17 0 0 0 0 0 1.07347464251006e-13 3.71826138767517e-09 2.1360690993788e-14 1.85258475227101e-12 1.65433255513769e-05 8.87834770019302e-05 1.86936534008697e-05 0.00267855906544199 4.00465404083117e-05 4.70442845413088e-05 0.218490072101122 0.0014559056466512 0.00378920323172101 0.0453989298036504 0.0156089946702153 0.00287485343154693 0.0169413869199161 0.08572342222933 0.345316782442387 0.00374928425449923 0.00852114259807101 0.0010568223051564 0.000348243996569331
2.38221461557053e-08 6.57378455448665e-08 7.22457428578016e-06 2.18030534737679e-09 0 0 1.11022302462516e-17 2.8846400157434e-09 1.49431578222448e-12 1.47716730625191e-08 1.24229104936369e-07 0.000136968000759163 0.000205980719204013 0.000508973744576224 5.18520316927784e-07 2.22044604925031e-17 0 0 0 0 0 0 4.44089209850063e-17 1.09964554129149e-09 1.72817862316155e-06 1.25204294546544e-06 7.92240426245039e-06 4.3359269406773e-05 7.44905538601293e-05 5.20703967401448e-05 0.000332039132620154 0.0156475863763939 0.0179429797589287 0.0218624138485431 1.03548602720105e-06 2.29960495090609e-11 0.00237073377877541 0.034820595819474 0.00391872370756029 0.611659264867194 0.00765115493479043 0.0123047209149263 0.0126981119608558 0.000207403720917232 9.83393617060013e-07
0.00108436394948868 1.76285243252527e-05 0.000969060298632485 1.83417328802893e-07 7.39581133557543e-08 4.28227559001737e-07 4.83835736508897e-07 4.1851769254686e-05 2.22044604925031e-17 1.18825486228324e-08 1.47805441219617e-09 0.000112928051177863 0.00126665664911531 2.23178915009448e-05 7.35931740758478e-07 0 0 0 0 0 0 0 0 3.68260977268164e-14 3.65737706596869e-06 2.83840301228411e-06 1.28838966989564e-06 0.000948341024344934 0.0031597746833036 4.21429953844532e-05 0.00138042085287798 0.000897279613179602 0.0653267315712238 0.0539634406265966 0.00272450276890197 0.00765983691789801 0.0235437095247107 0 0.00403492035761701 0.0114992444198833 0.142430823281757 0.00532039202168448 0.00247920433022699 0 0
0.000241569530694974 0.0242712050240932 4.76228875367912e-07 0 7.5440764746304e-13 5.15654708788116e-07 1.66533453693773e-15 3.20932633801618e-09 1.05541967359013e-06 1.97094845552082e-06 1.0425963711258e-07 1.48184977566412e-07 2.62836972033997e-05 0.000344505063966527 8.03991140652105e-07 0 0 0 0 0 0 0 0 3.33066907387547e-17 3.79756549095944e-08 0.00123634502770558 0.155666578071759 0.11532019018332 7.01119510226889e-09 0.0272345032390376 0.00150949047779623 0.00297429996239711 2.89537072095669e-10 1.09219570054719e-09 0.00115562451203459 0.00139226782451269 0.00120190622395721 0.00078385093697193 0.00924042054675738 0.00669001340188515 0.0018361897570351 0.00139220040376937 7.76930695450817e-06 4.31010869217374e-09 2.93765012315816e-14
2.65609702676528e-08 1.11022302462516e-17 2.73091381430834e-07 2.8751068380517e-07 5.48571372438467e-08 0.00561779804878436 0.00806113723829185 0.00313468910163976 1.73470423581179e-09 1.58218553571121e-05 2.35878995895611e-06 1.04071946510631e-06 2.38214102276868e-05 0.000230381181668549 8.7772911536832e-05 0 0 0 0 0 0 0 0 0 4.86055640180894e-14 1.25989313548569e-07 0.00986621571309571 0.199809185995395 8.96633101099553e-11 0.000340460737396953 5.14477349611298e-14 2.22411261778022e-05 4.34788507586159e-07 0.000683259335501218 0.000403697140938242 0.0306419018997985 0.000900740497165486 0.0223100966746642 0.00104841759055425 0.0215179209905727 0.000260439886669239 1.82549408145327e-07 0 2.73248090820744e-13 1.11022302462516e-16
3.26844486775446e-05 3.28531077120608e-08 4.5386267877312e-08 0 2.99211142726463e-05 4.30841052834197e-09 1.01472392288748e-07 4.47430170691376e-10 0.00805131728220658 1.19406269882827e-07 3.34573623810619e-05 3.58063978467271e-10 0.000117448845665447 2.11670648799789e-06 5.6843418860808e-15 2.04281036531029e-15 0 0 0 0 0 0 0 0 5.55111512312578e-15 1.52019270061032e-08 1.18421229711174e-08 4.96121100379554e-07 1.14943301920967e-07 1.32872633729075e-07 0.00104688157729012 1.25835424602538e-07 2.76439263569572e-05 0.000529438123045267 0.000120899514264572 0.00122933869664053 0.000862166369065243 3.46870405396271e-05 0.000135113343707627 2.64534123253335e-05 2.61038080040521e-10 0 0 0 0
1.15463194561016e-15 7.54951656745106e-16 1.79200988703609e-07 3.96491587723036e-06 0.00162934158856477 1.13866576933686e-05 2.33715269359891e-12 0.000102227219024986 0.000151614597670968 5.92903721674531e-09 0.000153339252585971 3.52622930854807e-11 8.51715840466394e-07 1.09111747637058e-08 0 0 0 0 0 0 0 0 0 0 4.44089209850063e-17 2.20754525770417e-12 1.14451446764363e-08 1.63750926933659e-06 3.39072727340017e-08 2.49818346453878e-08 0.000268153744943511 0.000157338751980485 3.46900004721817e-08 3.40548164950993e-05 2.36925603136484e-08 7.55125640683474e-08 1.09010578341895e-12 1.80076470401858e-09 2.40252262528884e-14 9.99200722162641e-17 0 0 0 0 0
