Maxent_result_files_2/B_melanurus_3.asc
NCOLS 594 
NROWS 330 
XLLCORNER -15 
YLLCORNER 23 
CELLSIZE 0.166666666666667 
NODATA_value -9999 
[rows 180 to 199 of 330, columns 405 to 449 of 594]
0.000200522490922594 0.000189428098747157 0.000171244498778833 0.000166314678790513 0.000165514003310818 0.000157010385373724 0.000154131108502042 0.000150470896551269 0.000156727713329019 0.000182899278297555 0.000201107725297334 0.000217389144017943 0.000237312512035714 0.000250969687476754 0.000260362900007749 0.00024955038970802 0.000254633581789676 0.000269499194837408 0.000219063888653182 0.000108175328568905 0.000295330869266763 0.000280934852344217 0.000245959940366447 0.000109794452509959 0.000300494907423854 0.000365170105214929 0.000387975476769498 0.000420935184956761 0.000379130309011089 0.000339680720935576 0.000287285409285687 0.000287321933865314 0.000272126054915134 0.000248570495023159 0.000224081393389497 0.000178727382808574 0.000143605970151839 0.000134410613100044 0.000123140143841738 0.000119329944936908 0.000114237274829065 0.000111626502257423 0.000519330693350639 0.000139813176429016 0.000142881239662529
0.000202295584313106 0.000184197002818109 0.000174450367194368 0.000166826596250758 0.000158519755859743 0.000157208882228588 0.000152733108188841 0.000147579434269574 0.000148138526128605 0.000178173982203589 0.00020262915204512 0.000188868926488794 0.000217735164915211 0.000223059423660743 0.000246241878630826 0.000304352410603315 0.000280359586031409 0.000257781968684867 0.000274489419825841 0.000248408017068868 0.000243719592981506 0.000221989779674914 0.000246946835250128 0.000313062511122553 0.000420416983251926 0.000384835103614023 0.000347799908922752 0.000325743270514067 0.000356612277391832 0.000330837327055633 0.000292511679435847 0.000276544968073722 0.00028567700937856 0.000293583645543549 0.000233525754447328 0.000157853742348379 0.00012958136103407 0.000122436585297692 0.000110061709710862 0.000110407261672663 0.000112785249075387 0.000113542117469478 0.000153304354171269 0.000169769471540349 0.00015504191396758
0.000198037779409788 0.000175282720738323 0.000670977315166965 0.000161346684762975 0.000161329488037154 0.000612864263530355 0.000150190155545715 0.00014263190132624 0.000147326433943817 0.000145185031942674 0.000155946355152992 0.000166756368707865 0.000185324896301609 0.000217288949716021 0.000215234656570829 0.000268836572649889 0.000282530203548959 0.000247097312967526 0.000251230962749105 0.000211428052352858 0.000206486173556186 0.000224619777509361 0.00026128594763577 0.00031492637572228 0.000285471227107337 0.000264460357720964 0.000270525695668766 0.000281055388768436 0.000260310474550352 0.000283189783658599 0.000311808526021196 0.000325496828008909 0.000309800930699566 0.00027745039697038 0.000189916929230094 0.00015568960334349 0.00013271633797558 0.000107835404196521 0.000105310030266992 0.000111786381239654 0.000118138670586632 0.000138348368636798 0.000177008865284733 0.000175676506478339 0.000168467316689203
0.000179523534461623 0.000169987544359174 5.88713766774163e-05 5.73340706978342e-05 0.000154024530638708 0.000147870212822454 0.000137987811831408 0.000131116511693108 0.000131421313199098 0.000137127319976571 0.000152348031770089 0.000185077501373598 0.000179072428363725 0.00019053747637372 0.000187077636292088 0.000244629022199661 0.0002277400210005 0.000202231690855115 0.000177317115230835 0.000190800604468677 8.03591123258229e-05 0.000252216570515884 0.000287802326784004 0.000281478871329455 0.000264226392755518 0.000218705365841743 0.000205149439352681 0.000211521847450058 0.000212746049510315 0.000228053416867624 0.000250972357025603 0.000234735124104191 0.000252983308746479 0.000207428589783376 0.000176746995202848 0.000173404866291094 0.000128883739307639 0.000119110195009853 4.65664397779619e-05 4.81311837575049e-05 5.58019202799187e-05 0.000187696675493498 0.000186593358375831 0.000205255546825356 0.000180039880797267
6.82206175042666e-05 7.09286381606944e-05 6.19583486695774e-05 4.46386839030311e-05 5.26675972650992e-05 0.000136772963378462 0.000130476736558194 4.94531959702726e-05 0.000127583702305856 0.000126840233679104 0.000128639059585112 5.75435215068865e-05 0.000152644512127154 0.000151995920532499 0.000161070287504117 0.000195842467292096 0.000205657686456107 0.000172284709697124 0.000174310601141769 0.000180350441587507 0.00017851218690339 0.000197546590425191 0.00021462803488248 0.000224734934454318 0.000206940905263764 0.000177443802385824 0.000160657899323269 0.000156511780733126 0.00017731987645675 0.000169437726435717 0.000176363843274885 0.00018867431099352 0.000206637973315082 0.000172808750721742 0.000171859337933711 0.000155559767517843 1.351058444925e-05 0.000123645776693593 0.000136948582076002 0.000136429987469455 6.77678488500533e-05 0.000170292581606191 0.000156957426952431 0.000160126126866089 0.000153383710858179
0.000207025860072463 0.000186175250564702 0.000180682922291453 0.000161439055591472 5.75341995499912e-05 0.000139641032001236 0.000130589285436145 0.000135221854361589 0.000137599326626514 0.000124039607544546 0.000122871393614332 0.000127951947615657 0.000135141981809284 4.43891029135557e-05 0.000147205836401554 0.000148534239997389 0.000148821013499401 0.000160807221618597 0.000162363995696069 0.00016863115306478 0.000159111785615096 0.000163971017536824 0.000158183737585205 0.000164986059098737 0.000160422028056928 0.000159326341963606 0.000154320367437322 0.000148842905764468 0.000154647287854459 0.00016058045985119 0.000155863962572766 6.81612556945765e-05 0.00020776534693141 0.000176682604796952 0.000147893737084814 0.000140338270284701 1.65571912475571e-05 4.50161534899962e-05 6.00117575231707e-05 0.000162392697893665 6.03755388510763e-05 7.30503496015444e-05 0.000182455270260107 0.000171103350294288 0.000170380180861684
0.000109699162931065 7.27170394384302e-05 0.000119072093002615 7.64744952903129e-05 5.79065195779549e-05 0.000147110267789685 0.00015440976312675 5.71544404010638e-05 0.000131387114015524 0.000142025847162586 0.000121965184735018 4.41567683083122e-05 5.07562084749225e-05 5.11918984557269e-05 0.000131486963073257 0.000126820374498493 0.00013507985859178 0.000140735765671707 0.000146807964483742 0.000148553228063975 0.000152299480396323 0.000152787388287834 0.000145516229167697 0.000143352389932261 0.000142820142355049 0.000140095593451406 0.000136765519346227 0.000141418331259047 0.000158096782615758 7.22579752618913e-05 6.23376734438352e-05 0.000168094398759422 0.000183743788511492 0.000173315971187549 0.000152005002746591 0.000158859071234474 0.000149417875582003 0.000148396260556183 0.000161499518071651 0.00017003744833346 5.89389386732364e-05 0.000210117083770456 0.000202200619605719 0.000164123888316681 0.000180551540688612
-9999 0.000203061074898869 0.000124572139975498 0.000115013807226205 0.000204362626755028 0.000151348464714829 0.00014042218317627 4.0223198266176e-05 0.000119202604764723 3.79435141439899e-05 3.12460220811772e-05 4.20357882831013e-05 3.9031575761328e-05 0.000110697039053775 0.000120014728963724 0.000127969971254061 0.00012404138869897 0.000131129150395282 0.000127484705626557 0.000130038941642852 0.000127378827528446 0.000127035841796896 0.000128262570615334 0.000126793110757717 0.000125467411271529 0.000122219833974668 0.000124507247710426 0.000130970373720629 0.000140029377871542 0.000169792547967518 0.000210728362435475 0.000196163629152579 0.000181317796523217 0.000163911232812097 0.000156393421639223 0.000152911251279875 0.000161094681971008 0.000164811624563299 0.000170196225735708 0.000171045185197727 0.000176764091520454 0.000202938613074366 0.000223918847405002 0.000174553713441128 6.73587142955512e-05
-9999 -9999 -9999 0.000108035507582827 7.8395132732112e-05 0.000145825795880228 0.000136957931499637 4.41300269812928e-05 3.8552838304895e-05 3.91692596167559e-05 2.57647722719412e-05 2.69883337750798e-05 3.22029631206533e-05 9.17922514418024e-05 9.34099727601279e-05 0.000103926636074902 0.000124192741168372 0.000131485387464636 5.58033998458995e-05 4.87031329612364e-05 0.000123696375339932 0.000112081199767999 0.0001191299621496 4.61285959318047e-05 0.000118552061394439 0.000132079232571414 3.86724881536793e-05 3.56329273927258e-05 4.91725835672696e-05 0.000141753746356699 5.99551096456707e-05 0.000162295989866834 0.000141158204132807 0.0001482569896325 4.48045670054853e-05 5.57962321181549e-05 6.24186955974437e-05 0.000165523418763769 0.000166552570954082 0.000175548955667182 6.87803167238599e-05 0.000191859428741736 6.79694225254934e-05 0.000150279758781835 5.18227525390103e-05
-9999 -9999 -9999 0.000116961135790916 6.63451786749647e-05 0.000115965021177544 3.37250372467679e-05 2.94115947326645e-05 3.31849181748112e-05 3.40372631399077e-05 3.23232574373833e-05 8.8004755343718e-05 8.45321534143295e-05 7.9466854367638e-05 2.52913209806138e-05 3.80329067411367e-05 4.25520316639449e-05 5.6117316307791e-05 0.000151793142504175 0.000141281509058899 0.000116999341662449 0.000110075379598129 0.000133529597223969 5.94213512158603e-05 0.000174588090158068 0.000182684564060764 0.000196139524268801 0.000179699873115169 0.000180132347304607 0.000186187654617243 0.000183333864697488 0.000167721322577563 0.000158085345537984 0.000164805302847526 0.000159819335021893 0.000163393028560677 0.000163381781021599 0.000168735637998907 0.000166029543834156 0.000159157997404691 6.61180780298309e-05 6.43354849671596e-05 5.33101336259278e-05 0.000161721321273944 5.98105796598247e-05
-9999 -9999 -9999 0.000123046399312443 6.75798266456695e-05 0.000101706924579048 0.000476752982649487 3.58717505150707e-05 2.87026776277344e-05 8.3857796198572e-05 8.68784713020432e-05 1.81101746420609e-05 2.49400774919195e-05 7.99155895947479e-05 3.29605551087298e-05 8.07487209385727e-05 9.17550682061119e-05 4.24190990088391e-05 0.000106886467074219 0.000107394395308802 0.000103798762393126 0.000112884613554343 6.24591168161714e-05 0.00016177492470888 0.000154679036495509 0.000162218430705252 0.000168022436992032 0.000175380082146148 0.000159136326328735 0.00014921182373655 0.000151839466343517 0.00015799729990249 0.000159351709953626 0.000163187502766959 0.000160482649152982 0.000169639168234426 0.000160275647795061 0.000172196372659528 0.000168477877377882 0.000166167076895363 0.000165408531756839 4.55961795523763e-05 4.98591625728295e-05 0.000111493634176441 5.47587573237251e-05
-9999 -9999 2.28499642616953e-05 0.000148194249049993 5.74854948354186e-05 0.000119206168892561 3.61287949999678e-05 9.36674612603383e-05 8.22356387288892e-05 7.87525752457441e-05 3.09738872601884e-05 2.28334487474058e-05 2.19049859879306e-05 2.98904195005889e-05 7.93608945969027e-05 2.17147320654476e-05 2.1785512990391e-05 2.25283949021104e-05 3.44222708008601e-05 9.20830423638108e-05 9.10717475562706e-05 2.96910704491893e-05 4.02451887566713e-05 4.85449803818483e-05 0.000138951112239738 0.000142321845487459 0.000148237816756591 0.000144629021451692 0.00013455268490361 0.000132813514210284 0.000135641938504705 5.84907536904211e-05 0.000163928138135816 0.000167223322569043 0.000172887990265735 0.000183278827898903 0.000166673279090901 0.000160094637976727 0.000166142903981381 0.000160317729387316 5.17211492478964e-05 4.41701851741527e-05 1.48496703786805e-05 4.5727182077826e-05 2.20887441173545e-05
-9999 -9999 0.000432171323336661 9.13875181140611e-05 0.000158637762797298 3.32172134221764e-05 2.94188377665705e-05 2.50203821451578e-05 3.02562386423233e-05 6.91157079927507e-05 7.20970852853497e-05 7.52464413380949e-05 7.04733845850569e-05 6.65312409182661e-05 1.38354445880395e-05 2.00813322862814e-05 2.52010854637774e-05 3.27922194628627e-05 3.75572717530304e-05 2.20882747271389e-05 9.90451913821744e-05 2.82425544355647e-05 2.64982680164394e-05 2.99802810332039e-05 3.7143408007978e-05 0.000123482095295913 4.62499087007018e-05 4.74312693768297e-05 3.33586209308123e-05 0.000127066103777906 4.17985211242922e-05 4.27222625148715e-05 0.000150025763650774 0.000164104723808123 0.000177017832174897 0.000180619336606469 0.000184106583401444 4.8785557555675e-05 6.6220943335793e-05 5.5917001918715e-05 2.96119457743771e-05 3.18676724418765e-05 1.02554754676021e-05 5.09767294715857e-05 2.21738198888488e-05
-9999 -9999 0.000117752986989217 5.36229570570867e-05 2.28303073981806e-05 3.57666827767389e-05 2.24724999497994e-05 1.5053983861435e-05 7.12040905455069e-06 1.82115000825434e-05 1.06899052298104e-05 1.85452888217696e-05 1.70489327501855e-05 1.58319166985166e-05 1.01660593145425e-05 5.59649944307239e-06 1.15555066031447e-05 2.36928089179855e-05 0.00011467858657852 0.000113942525422317 0.000113702831367846 2.95945819743793e-05 2.75997959761298e-05 2.84122574157664e-05 3.20609766276903e-05 0.000131154840528325 3.89614782761782e-05 3.86540799809154e-05 4.38767736341106e-05 0.000144169753912138 4.70834609586745e-05 1.24695948670706e-05 0.000160073674487649 0.000166230126342271 0.000171105118351988 0.000174344384140568 5.73343822907191e-05 0.000174045021412894 8.17624008050188e-05 1.78954587681801e-06 8.50823039399984e-07 2.9236058907145e-06 3.64748886568123e-05 1.94525805454759e-05 6.8280420236988e-06
-9999 -9999 9.33587878535036e-05 3.04505407257238e-05 7.74180007283576e-06 9.66866853104875e-06 1.49991467424115e-05 6.25254583042079e-07 2.11500401547937e-07 4.06727772883642e-07 2.4375121725484e-07 2.44480818309967e-06 9.1870664846283e-06 1.1339834145474e-05 1.9554895334295e-05 1.04971540167753e-05 3.05509206555143e-06 1.47953792293265e-05 2.61587480963499e-05 2.4587660391262e-05 2.6517120841163e-05 9.69262840953888e-05 4.27419805419049e-05 2.94686937195365e-05 3.07881402477506e-05 3.54825466274633e-05 4.1435262937739e-05 3.4510039131419e-05 3.45169720276317e-05 3.99607881263364e-05 5.39253600436496e-05 0.000160256164599559 0.0001681243400526 0.00017089171014959 0.000176904592444771 0.000179682034286088 7.81303944677347e-05 0.000125395500435843 1.10923433339849e-05 4.56026432971157e-07 4.65467678623099e-07 1.57558774617428e-05 7.48412039683899e-05 7.45119494922619e-06 5.65615524124041e-06
4.07490797442733e-05 6.73377358907601e-05 0.000117454588689725 7.6301051012706e-05 2.16904665194306e-05 2.456270692619e-06 1.38252697524877e-05 3.76049959527336e-07 2.59530685298159e-07 6.07480142207351e-06 1.70452752854544e-06 1.74385225193419e-07 4.38767278865271e-07 9.6634649707994e-06 1.78404111466079e-05 5.24988547567773e-06 1.0475969656909e-05 1.85675034117594e-05 1.84436336894578e-05 1.95235861610854e-05 1.71504283116519e-05 1.46340287301427e-05 1.02163328847382e-05 1.34995376811275e-05 3.11322015477344e-05 3.23472278068948e-05 3.69047258573119e-05 4.93433863084647e-05 5.97412334172986e-05 0.000156732347386424 6.50172460154863e-05 0.000164226876950124 0.000168500495419721 0.000167814427913982 0.000172062954879948 5.81396321649663e-05 0.000129066486624652 2.66224720917307e-06 4.32871061661899e-07 4.34551455441579e-07 4.19558740816228e-07 2.00489940880288e-06 1.40116351303732e-05 0.000214042160223471 3.24368502333527e-05
1.11030350126384e-05 8.42179692881473e-06 4.65174980490701e-06 5.45823795619071e-06 1.1355976255345e-06 2.70343148258689e-06 1.09045421822884e-05 5.52743773596376e-07 2.94419060509199e-07 5.02378659348324e-06 1.74491798134113e-05 1.05840972608462e-07 1.46888337937412e-07 1.52164257372078e-07 4.86216974877607e-06 3.05665707855951e-06 7.95262559449839e-07 1.59326837092522e-05 1.0123362790182e-05 3.8266236401796e-06 3.82912473639863e-07 8.89268310402258e-06 1.06872118067258e-05 8.06778289188514e-06 3.21848332532682e-05 5.24607381521491e-05 0.000157218228196143 0.000164120269255363 0.000163194244669285 0.000164531771224574 5.36797353561269e-05 0.000170734503262793 0.000168411388222012 0.000167173127556453 0.00017841069457063 7.31234620616306e-05 0.000165925499459263 9.20755110200844e-07 4.86776474417638e-07 4.37340028724975e-07 4.25637598056028e-07 5.11730235075447e-07 4.29525973231648e-05 0.000231962252655649 2.82104907455505e-05
1.02552380212728e-05 9.83391778390796e-06 1.57812146881042e-05 8.16577926343598e-06 1.69192070643476e-05 1.55370657012099e-05 1.33782576540398e-05 7.01161086453794e-06 1.35528326154599e-05 1.42839477121015e-05 1.01401060419448e-05 4.59243327668446e-06 9.28186523196928e-08 3.10659652313916e-06 9.59707799665921e-06 6.60659029563249e-06 3.81471603532191e-06 1.26990730223042e-05 1.27924921343947e-05 1.0061877719636e-05 4.17940452734911e-06 1.60145852078131e-05 1.97260782442754e-05 2.67561898908752e-05 3.5864701931132e-05 0.000153493822654127 4.93722533065011e-05 0.000175204141851282 7.1521919380757e-05 7.26598082110286e-05 7.14826968760463e-05 7.076095607772e-05 0.000176227381598437 5.35459525053739e-05 5.38828184289741e-05 0.000148580659151776 0.000111352974636247 8.61228525650404e-07 4.40581763427872e-07 4.54680977668431e-07 6.97524814086137e-07 3.15121612359803e-07 5.37311503649107e-05 0.000211501185185625 3.92146273952676e-05
3.51517536500978e-07 3.18739154892e-07 2.11893027923793e-07 3.9897317606119e-06 1.90634313185001e-05 1.12061092522708e-05 1.14334132376825e-05 1.44696600727912e-05 4.12917397625279e-05 1.58894472860993e-05 5.87153538162966e-06 1.13443890995768e-05 4.46638685389189e-05 1.60284079356643e-05 1.30948466903646e-05 8.54098432228056e-06 1.19076468081403e-05 9.63120241976867e-06 1.40922816626698e-05 9.27817563933786e-06 2.55522981262857e-06 1.23262233046262e-05 2.79581247013994e-05 3.43795532899094e-05 3.35438584443182e-05 5.66074711969122e-05 4.93948527946486e-05 4.6977227248135e-05 4.95919204695383e-05 3.76710240743705e-05 3.73763851712283e-05 5.37487665496883e-05 5.07731376274023e-05 0.000196616769972024 6.7088086871081e-05 0.000520908635371598 7.47112040698994e-05 6.12758455531548e-07 4.38897644983172e-07 4.58847735274048e-07 4.53925520105258e-07 2.0112293850616e-05 0.000184965429070871 0.000196144682558952 2.78877359050966e-05
8.46853220437538e-08 1.66164347081832e-07 9.98349447201008e-07 5.43748670907007e-06 1.45151204833383e-05 1.20827440241555e-05 3.1220033451973e-05 0.000163740979405702 0.000146213295010966 5.36729010491399e-05 0.000120965412133955 3.54823927409598e-05 1.87008015018364e-05 1.71408250025706e-05 1.72383659446496e-05 1.08625346229019e-05 1.25396880775952e-05 4.41977150558159e-06 6.95594437161162e-07 7.29905557363963e-06 9.09951689891386e-06 4.76463216045886e-06 1.42144048140835e-06 2.99890049063833e-05 0.000150069409210118 4.9401990872866e-05 4.35765909060137e-05 2.30268412906298e-05 1.10415906419803e-05 9.65293966714853e-07 6.33755921342072e-07 1.02884782222645e-06 3.08528382220175e-06 3.60078387529938e-05 3.55156969362724e-05 0.00044982340587012 5.85703965043649e-05 4.82573000226694e-07 4.25910063484025e-07 4.66521584030488e-07 1.12426371060792e-05 0.000155180686670064 0.000169046375776816 0.000158070344150474 5.61393596854032e-06
