Maxent_result_files_2/B_melanurus_3.asc
NCOLS 594 
NROWS 330 
XLLCORNER -15 
YLLCORNER 23 
CELLSIZE 0.166666666666667 
NODATA_value -9999 
[rows 180 to 199 of 330, columns 90 to 134 of 594]
1.15498740058229e-05 0.000136408158175527 1.2697966863584e-05 8.70085398747555e-06 9.27349728674365e-06 1.13723406702904e-05 1.41021264444152e-05 1.1588304536192e-05 3.12784816397738e-05 1.12680548225774e-05 3.34253244494542e-05 0.00176357033196837 4.48649580921057e-05 9.0637200207766e-05 8.5540158056574e-05 1.35182176717152e-05 0.000108997323374727 2.04369195123677e-05 2.28214150268191e-05 3.12103813678632e-05 9.90300197594607e-05 0.000146798061864928 8.11365450251511e-05 0.000134946252816803 4.77792223033902e-05 5.67655367220254e-05 7.04474247271492e-05 0.000329135584928508 0.000173639863805874 0.000207647892239038 0.000245247941165871 6.85962592604561e-05 5.83817004291554e-05 0.000111178899058473 0.000119963023928449 8.35910585941235e-05 0.000121178043036707 0.000484322716511087 0.00026643221553968 0.000665919303435203 0.00185624500772974 0.00110430925979301 0.00281063238397792 0.000921497118179104 0.000219584375685145
1.34901774093255e-05 9.25205430339915e-06 1.34046865886361e-05 7.8664226280778e-06 8.62208772561823e-06 9.27906523263689e-06 5.65753594909291e-05 1.07642012277309e-05 1.18882516212393e-05 2.89846198860189e-05 0.000169788748598876 0.000312839663320119 0.000129550133453904 6.58152844067672e-05 7.83566592851059e-05 0.000228011801391403 2.49481845568056e-05 1.76378316409043e-05 2.98574673832652e-05 9.91110898070247e-05 2.45781821187507e-05 0.000196010794645396 2.70973095615634e-05 3.90022014081004e-05 4.44955050466156e-05 7.68598066208881e-05 7.71816920121182e-05 0.000128282089042386 0.000204751746059628 0.000126729292756522 0.000184731836816354 8.51871132922177e-05 0.00027148064905731 9.1230295924305e-05 8.24520699282516e-05 0.000290051639012745 7.01282046051688e-05 9.48097079913168e-05 0.000575096083775861 0.00158575353780179 0.00151903312907962 0.00223529213271831 0.000538151486534844 0.00503848726511933 0.00633813605381874
5.77583582831442e-06 5.07185994095272e-06 6.94723659703245e-06 6.52421026479111e-06 8.79394766357677e-06 1.09421226574535e-05 1.0187531704775e-05 0.00013968052794695 0.00015172535792658 6.32735558156128e-05 6.83584837588569e-05 0.000230926791212482 9.64472732903232e-05 0.000169653259587221 2.17657998251575e-05 2.79542506923525e-05 0.000110117618433137 0.00012790525087274 8.10638190728241e-05 2.69559958268384e-05 4.39859895916772e-05 4.99929134051058e-05 6.38582454527636e-05 6.16264602557592e-05 3.50437074861043e-05 5.10436480873899e-05 0.000209325461663923 4.87995125257212e-05 7.6036865878315e-05 0.000264228266405553 0.000622520093475032 0.000236664123960395 5.01757060600738e-05 4.24127186304801e-05 4.8200650924457e-05 4.78791984058091e-05 0.000411762485339295 0.000266909644810198 6.41101640773911e-05 0.000145744616020238 0.00147697448410327 0.00135395489151051 0.000112542754055767 0.000243965043458161 0.000219343050904186
2.17518941553863e-05 1.2436170197816e-05 1.74118960302394e-05 5.84904245746642e-05 0.000347980153310345 3.82252370318525e-05 6.62570423143549e-05 1.2262291393994e-05 1.03196865242294e-05 1.71588887049268e-05 0.000181863365287427 0.000145818031091949 0.000215842243359887 0.000438954278798853 2.78517359117103e-05 5.58663863055031e-05 2.53949524981922e-05 0.000152971097845711 3.00576040971112e-05 0.000105523175011513 4.21852203878359e-05 0.00037095069744737 6.59073638047403e-05 0.000183153755216381 8.83453716937765e-05 0.000152964024848501 0.000138525067467299 4.71643605204797e-05 0.000101167330777585 0.00145275564027543 0.000681539743229109 4.17116119250549e-05 4.67911940980059e-05 0.000252363484179341 4.61689016564293e-05 6.08915760174966e-05 6.72426580990759e-05 6.686333063044e-05 0.000297413414466519 0.000208170178484579 0.0025200927615515 0.00139091927121626 0.000699755827599802 0.000464901685518271 0.002847363526962
3.92752667317531e-06 7.45366463092978e-06 1.45239725441115e-05 5.91428577236819e-06 6.07427859138365e-06 7.09486415134686e-06 1.29753308105829e-05 1.06375402690428e-05 9.81413244938167e-06 1.39197620734777e-05 1.26236199462948e-05 1.3543609972988e-05 0.000298232871136861 0.000152327885564318 4.48021196191917e-05 3.29661125284097e-05 2.1071535478534e-05 1.27691970845056e-05 0.0003006401156739 0.000124331223923946 4.71413820484656e-05 4.39027764686628e-05 4.21022209767585e-05 0.000185262784907536 0.000644163660280128 8.20218261992522e-05 4.59834146251392e-05 5.92604289800569e-05 0.000185116844750155 0.000597090967335134 0.00115421544182936 0.00020491748082172 0.000338735966829518 4.18385777795294e-05 3.1102747001821e-05 0.000246483133091147 0.00101645026734332 0.000207767466781661 8.79478330574557e-05 0.000185841800521302 0.00024171833647415 0.000532267922062601 0.000360961339174537 0.000950754906170914 0.00226203015990905
5.13510794715177e-06 5.7862956385879e-06 5.32742671252029e-06 5.95052692111686e-06 7.36461082997408e-06 7.6184957976011e-06 1.48133594407795e-05 8.75480175224208e-06 9.78870387337016e-06 1.99179355996115e-05 9.61366148506393e-06 1.14498170766475e-05 1.76988002295486e-05 6.74636058333622e-05 0.000473920387366888 1.70754731047107e-05 1.88590310672643e-05 4.19241218695632e-05 0.000419814045704925 0.000455116913872189 6.75212003983461e-05 2.55048140856529e-05 5.2875281809861e-05 0.000215254909107898 0.000583828693839905 0.000116047076426185 6.39859216757799e-05 7.54728032934082e-05 0.0014676769838843 0.000441136932865049 0.000341539630767329 0.000118859899099633 0.000278854885243618 0.000225960257284896 0.000329785088615608 0.000177707560169438 0.000104914233315867 0.000117587627210014 0.000143491770239734 0.000738397440773042 0.00265643375314539 0.00198230017449532 0.00975978029309772 0.00341855526494328 0.000538955213767167
5.44798869226426e-06 6.05410456909761e-06 6.57311808024419e-06 5.93935550057267e-06 8.58886006063209e-06 6.9491905025032e-06 8.33794169066149e-06 9.15762800269837e-06 1.18253992841377e-05 1.22877526215648e-05 1.2465381241078e-05 3.84332893922146e-05 9.04475769383239e-05 1.78147317679844e-05 1.9212391043899e-05 3.06217202322934e-05 1.82551605555803e-05 3.4155044197437e-05 0.000263772939473483 0.000221944373616267 0.000341059986180881 4.00560120226601e-05 6.31578563883295e-05 4.36206585568755e-05 9.01811543940312e-05 0.000499960897380447 9.01735458683106e-05 4.43187548376578e-05 0.000129397255619157 0.000181281726809246 0.000106154068601105 2.64236883142699e-05 9.16883897023268e-05 4.91919176283773e-05 0.000229294778591793 0.000240282731374464 0.000217777153466159 0.000156082964133475 0.00187077672599116 0.000587899783567991 0.0253727007424459 0.36455732434988 0.00386804483841843 0.000100315037228427 0.0049560964180273
6.81689275872088e-06 6.59546655947807e-06 1.75327699780792e-05 3.78642733004142e-05 6.51152468991167e-06 6.74579054894542e-06 6.89441764097909e-06 1.28162904758256e-05 1.25275554700544e-05 1.3253162802318e-05 0.000216334287455311 1.84521142240879e-05 1.82637515401929e-05 1.09588387540605e-05 6.52289585203469e-05 0.000189738256148075 2.39567018864406e-05 2.55847211586779e-05 1.74893988464042e-05 5.03042105407303e-05 7.04799654114296e-05 1.96505181929818e-05 4.33921847061924e-05 2.94559684519635e-05 2.77836302484014e-05 0.000102730823885366 0.0007261582647061 3.06984922264109e-05 0.000424560704186661 0.000482782717449481 2.06905870648644e-05 2.08565560132046e-05 1.8479715649522e-05 0.000177665091359813 0.000120775467712519 0.00115591101639438 0.00015757905796363 0.000625181147381682 0.000554671598729328 0.00042956004495629 0.00241498696658482 0.000277191267760601 0.000877817670914283 0.00124474883759831 0.00312356061549508
5.45122832725786e-06 4.38808204340946e-05 5.82355151372838e-05 5.57179261967411e-06 6.42680243595484e-06 7.40314870902869e-06 9.11905851966877e-06 1.27121937695929e-05 1.11470382441747e-05 9.15527831967244e-06 1.08049311856928e-05 1.20200283039829e-05 1.29888738728878e-05 1.20484691479406e-05 1.19629943749255e-05 1.66727447311166e-05 5.76946280745005e-05 2.79261499312788e-05 3.37540925296143e-05 0.000277824803143289 0.000178212592234672 1.85844208961505e-05 2.01075073525958e-05 3.2405556844628e-05 0.000221915992483268 2.36597253620796e-05 0.000243638035343086 2.98595637309162e-05 3.64868276578889e-05 0.000221571407093535 1.85403950803464e-05 6.12625263623712e-05 2.41837299157055e-05 5.67134169045858e-05 0.000185978919080299 0.00106948039424424 0.00217881239218514 0.00183149199901891 0.000321290722337153 0.0164734789694194 0.000392522025791919 0.000266589469276823 0.0104789966717362 0.0312810532272124 0.0203005308707361
6.18578199784725e-06 6.30374269725564e-06 6.73484372003541e-06 5.66869618465748e-06 6.40261621567273e-06 1.60489563878485e-05 7.92326317086145e-06 8.37362019998622e-06 9.33210850349031e-06 8.1776450490012e-06 9.84085685755698e-06 1.26375328483475e-05 1.45961331951328e-05 0.000133348777886966 1.62540255524202e-05 0.00026820026123815 1.4464417345128e-05 2.67919667019445e-05 2.35324565160955e-05 1.9974545596857e-05 3.0389611391346e-05 2.61668190913888e-05 2.25810630027024e-05 7.78048891584171e-05 9.49647179333768e-05 3.25028965831864e-05 3.74361832247594e-05 2.99148499937729e-05 3.90011031720761e-05 0.000121241824267515 1.71839801324958e-05 1.75018824330353e-05 4.19211980030809e-05 0.000175638499308661 0.000505426918161334 0.00212732951349608 0.0018343504258155 0.0167825614800677 0.328106701374054 0.143212728947401 0.0763017747551203 0.0527446062013041 0.0236368022106035 0.0343780790084566 0.0165032465010881
5.10439713320432e-06 5.65551290623301e-06 6.12778067615727e-06 6.49539732867632e-06 7.08630828613055e-06 6.4600084162314e-06 8.07647119396293e-06 8.83286041158948e-06 1.88809347197005e-05 1.02378518395896e-05 1.04031365129931e-05 0.000102697934900409 1.39750753203605e-05 1.63151143397378e-05 1.74279545443801e-05 4.94343145123421e-05 8.62289620365164e-05 5.52669142019457e-05 2.84612252851257e-05 1.65662700791325e-05 8.01852710591522e-05 1.98242048378261e-05 2.29615378259274e-05 2.21445991969493e-05 2.48404910573097e-05 2.48068445207084e-05 0.000186678123372985 6.43342440383776e-05 0.000278914491781279 8.44887174077602e-05 2.00627978352075e-05 0.000594521775775547 0.000124322828469303 0.00162370791485955 0.00195135734543328 0.000406590724742273 0.0038404335238738 0.0244678728980944 0.000429440425614302 0.00276567105554477 0.0273745484650135 0.0222976353259583 0.0342740008039982 0.0450186553411186 0.0685847873217426
4.72621587845889e-06 4.98145904782588e-06 5.6650182507334e-06 5.65112776773624e-06 1.20851331189331e-05 6.38175153263587e-06 7.37556728163113e-06 6.80546800659876e-06 2.96286400995882e-05 1.5724011989704e-05 1.22531622737676e-05 3.11282327999152e-05 1.55995978829981e-05 1.71644800246451e-05 2.57395134834582e-05 2.3306249316879e-05 3.55007422242259e-05 4.10065262633097e-05 2.02168612604359e-05 4.78198456684398e-05 0.000753784945436564 4.1867350496716e-05 0.00047292917604409 5.29717405242991e-05 0.000341730740706225 5.38671257004797e-05 0.000271779396189231 0.000112985741338889 0.000265580850916081 1.93081943045348e-05 0.000117766831123056 0.000192120754578795 0.000322286832306418 0.0010377709471868 0.000905134287313558 6.04823010291966e-05 0.000206647627806689 0.000322245764996865 0.00697707448271103 0.00747088713742414 0.0147831555183075 0.00174346587155014 0.00939614027447533 0.0206078413815703 0.0161613072734326
3.39070974075817e-06 4.22864340892115e-06 4.75664194309333e-06 5.54109897380473e-06 1.1804357734202e-05 1.24887971655996e-05 7.06095919978944e-06 0.000151467900114 1.90676281887958e-05 1.42275861900742e-05 5.12250827341632e-05 0.000145221409985652 4.14151039365152e-05 2.58441012569222e-05 3.94063226681673e-05 4.2633028828476e-05 0.000120778886298467 0.000207673097690986 0.000570855808700799 4.69230327591608e-05 8.00934356378846e-05 0.00255762469723777 0.000618141854977239 5.08520883728991e-05 4.78102339736886e-05 2.71845195570219e-05 0.000555907058696903 9.20125792525983e-05 0.00140235280414345 0.000297709794502055 0.000128395784623336 9.93744080099113e-05 0.00109359202215273 0.000310126558906632 0.000496916157499072 0.000185996251393306 0.0020550334098516 0.00541679316847876 0.00923237853980936 0.0609073145038565 0.0135646814116626 0.00291908613871783 0.0275137083604932 0.0196757554076612 0.0571983937174082
1.14223139559111e-05 1.86124003894617e-05 3.92673647583441e-06 1.1798893373749e-05 5.37086482219618e-06 6.19131387734617e-06 1.6436584054802e-05 0.000115335947931472 7.35351556153674e-06 9.15279167890137e-06 8.65379387505527e-05 0.00031961982233355 0.000358621827558636 0.000567848084324396 7.02658905623821e-05 0.000162050543713121 9.94153957407207e-05 0.00029056191433483 0.00427090498851612 0.000284163596040798 1.37479346740688e-05 0.000214332729478883 0.000966885739117629 0.000927425440568186 1.76954509956584e-05 0.000110656231890216 3.25424102482597e-05 0.000117102108118949 0.0107318420778029 0.0227036490105093 0.00264000498245878 0.000196171371360165 0.000118288064750693 0.000107955930616299 0.000211139154544071 0.00387915456958581 0.000477235931793984 0.00473726221935067 0.00652325744995323 0.0147387041815819 0.0116927907336503 0.016018265997991 0.0511353940702975 0.0583279702346772 0.112474944442511
1.42868865691703e-05 1.09586776992354e-05 3.90176586709812e-06 6.38275726013715e-06 1.14196583463455e-05 6.19043449776591e-06 6.78097319185555e-06 1.29524520404267e-05 7.54126034598901e-06 1.06925493085219e-05 3.46319040204435e-05 0.000442535738903871 0.00054624176436846 0.00185715329535014 0.000187665581142937 0.000173028167591838 0.000116231245240783 0.000140505753199704 0.000123622816133917 0.000126442429976237 7.22118100156877e-05 0.000885481105856911 0.00413838484710141 0.00088302318335991 0.000115034839799577 0.000340059682093852 8.06658882907096e-05 0.00060368968839839 0.00348227758950088 0.000358694502665458 0.000234299864062137 0.000362538001233759 0.000115832011480732 7.07084832933802e-05 0.00014093377901645 0.00260279175417963 0.00143254974391311 0.000854607230212423 0.0654799688025378 0.0995836520567536 0.0470289536751807 0.0122423807159066 0.0196553323650733 0.0140902596991509 0.0242533118929714
3.03321879953078e-06 3.10259996589846e-06 3.0239432672996e-06 3.64093818052691e-06 6.7112486551002e-06 6.90961008505964e-06 1.14255608685609e-05 5.88433341134342e-06 6.79169835188231e-06 7.71072479264223e-06 1.28590024636832e-05 0.00016728228924876 0.000361798615108455 0.000379520425366309 3.29399607124969e-05 0.000120864978816826 0.000101055479345291 0.000130118196157447 8.12587093882655e-05 4.57332985160486e-05 0.000256429309297346 0.00154001794175116 0.000486921186916334 0.000595642769440019 0.000345189251856937 0.00153679458671832 0.00786720051546581 0.00212660979668726 0.00107032837058796 5.93378134621236e-05 0.000103902663026734 8.59862752605078e-05 0.000141860405750949 0.000102130554159174 0.000459427519035671 0.00165045387311693 0.00311049580905092 0.0258066988320934 0.0310505773173645 0.0289398200868163 0.0300933505408466 0.0166514315875247 0.138535171747208 0.0915376564487815 0.0313706584624015
4.280414997615e-06 4.49230796176758e-06 2.56940639681291e-06 4.83081558233511e-06 3.52058976853087e-05 6.19054465507141e-06 3.85435862934047e-06 4.15524776729015e-06 7.29530328968941e-06 7.83353972715783e-05 2.15826680580733e-05 0.000173731231643615 0.000256171596106469 7.24291262031329e-05 0.000146040322803032 7.5312275852113e-05 7.42496213054444e-05 7.90927540476272e-05 0.000125557945716537 5.21209052166682e-05 0.00017173400366346 0.000773286476749036 0.000773847299115005 0.000366636864055181 0.00173557209054707 0.00136096784735855 0.000634041244040873 0.000915877339139115 0.000813848315192445 1.04089939918173e-05 6.79670175317337e-05 4.2740873257685e-05 0.000101215174267821 0.00639095820533839 0.0115753873367794 0.0243495278024056 0.0462867086404003 0.0245328685967252 0.111186475586146 0.0177274794317782 0.0637944350019097 0.0286797459237278 0.0416848212480545 0.0312138252425939 0.00178018471997348
4.86722616344082e-06 4.43269699008653e-06 5.37750572284779e-06 4.69895256854924e-06 4.67446868083199e-06 5.7159195124945e-06 5.88891646047252e-06 6.44878679888494e-06 3.18646643561848e-05 5.68192867721251e-05 8.13480958651303e-06 9.4367299516307e-05 3.11741517322162e-05 5.22645460989679e-05 3.67777161730309e-05 9.03850204934997e-05 0.000101829389192432 7.15677365680456e-05 0.000534732423724638 0.000175840107579006 0.00293745286326157 0.000508226854435634 0.000176286522593117 0.000522468660483355 0.000293508806407772 0.000436094256929209 0.00076630400643154 0.000359309637030947 0.000209955512104898 6.21351285321481e-05 0.000200665421770907 6.7945883322551e-05 0.000532826683559051 0.00354156411158328 0.00338988262083149 0.0167493958637351 0.0354708862258121 0.00907489142846316 0.126855062879622 0.141742546856403 0.170962614193559 0.162674693763256 0.231278903281782 0.0164027596416417 0.00262805300590117
5.10283474253193e-06 4.23488464864619e-06 1.55563556937466e-05 1.29890654365417e-05 3.88514500802017e-06 4.59182730807584e-06 5.90543354270778e-06 6.72493957289966e-06 3.27379757587565e-05 1.23015834677886e-05 1.17958351235625e-05 1.48565544023427e-05 2.80279462756994e-05 4.90724325968195e-05 0.000439022304696124 4.42390099004264e-05 3.59133689886271e-05 7.30704957675243e-05 8.34741413143547e-05 0.000116328714869951 0.000637331960297161 0.000472034603080829 0.000268377057682301 0.000182050572698245 0.00016926083396811 0.000620066925466745 0.00073875710049478 0.000347658115791205 0.00013073535537842 0.00144342917265021 8.48938050808101e-05 0.000561239994959806 0.00178886093867732 0.00664807344655856 0.000478484780796862 0.00459952582168626 0.0580598860047758 0.0130842488026246 0.0253914318978786 0.305569635331631 0.144675469398499 0.12505292724818 0.095135854894761 0.00170641317381524 0.000202666553438746
6.29276134829215e-06 5.09160188411073e-06 2.34292393472835e-06 1.98129403344849e-06 4.24069857418718e-06 8.074770171973e-06 8.00287565763114e-06 7.27626389869229e-06 8.15946597643169e-06 2.70237585752398e-05 3.59899455375512e-05 1.55615603348647e-05 1.3667523703309e-05 1.21192354525013e-05 2.60060734574186e-05 3.86387207925054e-05 4.61088592081715e-05 6.75060417827389e-05 7.02722452665228e-05 0.00024329388953781 0.000120378905387497 0.000232919670179399 0.000373465365464654 0.00117307239052025 0.000894816452114355 0.000496865990601236 0.00043240392751045 0.000842195039695071 7.63277838814247e-05 3.43292380803106e-05 0.00017729918790792 0.000242209713192665 0.00236832762211634 0.00268509483935304 0.00500414157904743 0.00820581668231171 0.0211744970118161 0.0862742250785232 0.109608364664018 0.182870944403112 0.298740738630295 0.235234600305557 0.188728519901633 0.00555488395038992 4.30884827600897e-05
