Maxent_result_files_2/B_mesomelas_3.asc
NCOLS 594 
NROWS 330 
XLLCORNER -15 
YLLCORNER 23 
CELLSIZE 0.166666666666667 
NODATA_value -9999 
[rows 140 to 159 of 330, columns 45 to 89 of 594]
1.25627955120833e-05 0 4.31442659376557e-12 1.57605458683818e-09 1.765254609154e-15 2.21114238030395e-12 6.39155395276703e-14 4.37427871702312e-15 2.22044604925031e-17 0 1.11022302462516e-17 0 -9999 -9999 -9999 -9999 -9999 -9999 -9999 -9999 -9999 -9999 -9999 0 4.11899958585593e-11 1.39100722692964e-05 2.30890693231345e-09 0.000405540805988125 3.22125129237349e-08 9.27176055554035e-07 1.23402054253763e-05 0.88302572965622 6.17679505994673e-05 4.70252725648379e-10 0 2.57682764015499e-14 6.11732886568461e-15 0 0 -9999 -9999 -9999 -9999 -9999 -9999
4.99977892309822e-08 2.60669263951741e-12 1.01818553588373e-12 8.20635167597672e-09 1.53334681618489e-09 0 2.97539770599542e-15 5.32907051820075e-16 4.69686400883518e-11 1.60982338570648e-14 1.11022302462516e-17 0 -9999 -9999 -9999 -9999 -9999 -9999 -9999 -9999 -9999 -9999 -9999 -9999 6.77236045021345e-16 1.86573201332862e-11 3.10064196540338e-12 1.25830075248246e-09 1.67625938873872e-07 1 0.99951177239418 0.00490394888909738 1 0.0958163155248258 4.78096451317356e-12 1.53033141714332e-13 3.33066907387547e-17 5.50714389316864e-06 8.09013526063884e-05 9.00246913682068e-09 1.00808250635964e-14 0 -9999 -9999 -9999
2.80471201818955e-12 6.0507154842071e-15 1.43309625222354e-07 1.11022302462516e-17 2.14492513750386e-09 1.13581366534277e-12 0 0.00618618191652587 0.000460722511495959 0 -9999 -9999 -9999 -9999 -9999 -9999 -9999 0 0 -9999 -9999 -9999 -9999 -9999 -9999 1.53632662147629e-13 0.000119455972801974 3.41370808176755e-08 3.30604348330876e-07 0.999996656179428 2.67151860573467e-06 0.000150029976991084 0.00239958678598562 0.340815608281173 1.94916982121929e-05 3.48077122680479e-13 1.38910039026996e-10 1.40659717207114e-10 2.46703538709925e-06 3.55048768163613e-11 1.12794140694206e-10 1.06854769255094e-08 5.55111512312578e-16 -9999 -9999
1.50277568167212e-12 2.04517609625476e-08 2.85405032940389e-13 1.8937783563544e-10 3.1805558187159e-12 2.65931255638563e-06 0 2.63122856836162e-14 0 -9999 -9999 -9999 -9999 -9999 -9999 -9999 -9999 -9999 -9999 -9999 -9999 -9999 -9999 -9999 -9999 -9999 -9999 -9999 1.67613785073684e-09 0.196563870902173 0.779670014977455 0.908597433567047 0.50622264444828 1 0.03504365355343 0 0 2.04160743866311e-10 4.05231403988182e-15 8.17264189656441e-10 1.5948929177334e-09 2.29312256960767e-09 3.13711245869541e-10 1.11022302462516e-17 -9999
3.574918139293e-15 8.51665430136039e-06 6.57406381276981e-07 1.43259898044423e-07 1.94908684747475e-08 3.0030677100612e-08 8.72635297355373e-15 -9999 -9999 -9999 -9999 -9999 -9999 -9999 -9999 -9999 -9999 -9999 -9999 -9999 -9999 -9999 -9999 -9999 -9999 -9999 -9999 0 0.00115406457007818 0.655537043744698 0.0018439827669659 1.71987063479762e-09 2.54607968042109e-10 7.12118586321253e-11 0.000183392433285001 3.4607970492706e-07 1.11022302462516e-17 5.6008221394066e-10 3.08125899461942e-08 5.60072427324698e-09 7.16725149230157e-09 1.45371981119524e-10 6.43929354282591e-16 8.03906941015953e-12 -9999
3.44407835584093e-12 3.06377145875558e-13 6.84173051546111e-11 1.25265159123256e-07 9.85636091632713e-09 4.41471303957996e-12 1.99840144432528e-16 -9999 -9999 -9999 -9999 -9999 -9999 -9999 -9999 -9999 -9999 -9999 -9999 -9999 -9999 -9999 -9999 -9999 -9999 -9999 -9999 5.54559244081432e-08 0.532740479169976 0.00313957223650334 0.319512929456323 0.503115366213024 1 0.415696430159733 0.202967954272611 3.05006920831019e-09 3.86373755212333e-10 3.13234189242007e-07 7.94064813902651e-13 1.88737914186277e-16 1.74193228763553e-06 1.33018458570167e-07 2.58413102027788e-10 6.21003248824081e-13 2.74158473700936e-13
4.77395900588817e-16 1.27042820707857e-12 1.42330591756945e-14 8.50802590712796e-08 1.13242748511766e-15 5.57665025269216e-14 1.0724754417879e-14 1.32116539930394e-15 -9999 -9999 -9999 -9999 -9999 -9999 -9999 -9999 -9999 -9999 -9999 -9999 -9999 -9999 -9999 -9999 -9999 -9999 -9999 5.55301538085473e-07 0.000890597824699724 0.355832164487282 0.310815875308036 0.200024358988004 0.305576360549633 0.837666389346123 0.668916872888804 4.21348648388387e-05 7.76028121762806e-09 1.22078804842829e-09 1.79315274146941e-06 2.36375992346272e-07 2.96429547574917e-14 1.76008312358089e-07 2.62864894295944e-09 1.14634102210687e-10 1.99840144432528e-16
6.61692922676593e-15 7.56061879769732e-15 2.04090266908707e-10 9.2148511043888e-16 2.22044604925031e-17 1.8052226380405e-14 7.88258347483861e-16 2.22044604925031e-17 -9999 -9999 -9999 -9999 -9999 -9999 -9999 -9999 -9999 -9999 0 -9999 -9999 -9999 -9999 -9999 -9999 -9999 0 4.11663825250486e-10 6.83678485969841e-06 0.8010771217203 0.0151070087821026 2.66864803255551e-08 0.071212874613044 1.74006102840019e-05 0.901340541988611 0.945318150520325 7.92669670007795e-06 9.48407859358014e-08 5.10702591327572e-15 7.1880688734538e-09 2.61858794980974e-07 1.70525833953494e-07 6.82417765140997e-07 1.28512631314415e-08 5.6967763839566e-13
0 1.55431223447522e-16 2.33146835171283e-15 8.98725538434064e-14 0 0 1.45512490945521e-12 0 -9999 -9999 -9999 -9999 -9999 -9999 -9999 -9999 -9999 -9999 8.88178419700125e-17 1.99840144432528e-16 0 0 0 0 0 2.52020626589911e-15 1.08006746912803e-07 5.98900640191857e-09 9.00653845281596e-08 4.18522093009521e-05 2.71194511292094e-11 9.30333232673775e-10 4.11552170120899e-10 0.00348042325731324 0.127005350403851 2.67731313103314e-05 4.48004295994231e-08 2.28114860334472e-11 5.33091817356279e-09 4.17634815619294e-12 3.21606354555248e-06 0.000316342265126146 1.1224194629289e-08 6.24575705743258e-07 8.25981450902624e-08
1.23234755733392e-15 2.66453525910038e-16 2.06501482580279e-15 1.47548639972683e-14 6.61593002604377e-13 1.66533453693773e-15 1.06589548298786e-10 2.07500683302442e-14 0 -9999 -9999 -9999 -9999 -9999 -9999 -9999 -9999 -9999 -9999 0 0.0400066600312102 0.000235472430256678 1.85744238989649e-08 4.17291726728664e-09 7.19129866766366e-11 4.29122240741542e-08 6.78798128816993e-12 1.72826197797349e-12 1.10361426898242e-06 0.00051799459747206 1.52658494290137e-08 3.9285035535741e-08 9.3020149249945e-09 3.32206243547351e-07 0.0767343628941558 6.56463217119096e-11 1.99559258007298e-12 4.34335647936379e-07 1.35612134555263e-07 2.15133397406753e-05 3.01237468118831e-06 1.60964953722642e-06 1.04081850098581e-06 3.98801006675775e-06 1.30667495152448e-05
1.64757096854373e-14 1.33226762955019e-16 7.4365624769257e-12 6.66133814775094e-17 2.59936516755488e-12 5.6621374255883e-16 4.86277684785819e-15 1.22124532708767e-16 0 -9999 -9999 -9999 -9999 -9999 -9999 -9999 -9999 0 0 0 9.47458778099985e-12 0.0450107161095161 4.71727592941673e-05 2.55812108163056e-08 7.4288761076069e-08 0.000324972280743663 4.74570112096728e-09 1.98155035713299e-09 2.65070687621716e-10 7.78135422763171e-10 4.05087851040875e-09 3.31888183602302e-11 3.0066731315781e-08 4.14746348376127e-11 6.68095763378673e-08 2.16117934659366e-10 9.07781462222701e-09 3.75009074871091e-07 0.000830020120829567 0.00016599937959092 3.14177478366484e-05 0.0036372990142697 4.54065927415925e-05 0.000585337167618683 0.0219929407085017
4.44622572093323e-10 5.10588238356036e-12 2.22044604925031e-16 1.34336985979644e-15 6.55031584528842e-16 4.09339229179295e-14 1.13020703906841e-14 3.33066907387547e-17 -9999 -9999 -9999 -9999 -9999 -9999 -9999 -9999 -9999 -9999 -9999 -9999 0 0.0282647369154888 0.00103228199411741 0.00017240278477032 7.61528100579056e-09 0.00122962465699686 5.48215531953611e-06 1.25326908850809e-09 9.37694366598407e-14 0 5.86916482081534e-10 1.77077070784293e-09 9.60969637198161e-11 3.97076715952238e-10 6.08624262099511e-14 8.80377359901985e-10 3.95317556467489e-11 2.01866547921981e-09 4.11381048885939e-06 2.23709939461969e-13 0.0576310983130218 0.00308243919585069 0.000248847612738312 3.0435653997074e-13 2.55108983193697e-06
3.16022030766305e-10 0 7.74269537373584e-14 0 9.37924182764505e-12 1.33226762955019e-16 4.94726482003216e-13 0 -9999 -9999 -9999 -9999 -9999 -9999 -9999 -9999 -9999 -9999 -9999 -9999 0 3.8128231238943e-09 2.73850798704345e-09 2.34595793902059e-09 0.142344682680123 0.00294216294906846 0.0985896702852187 0.0244803054622025 1.08679941934753e-08 6.69674637965301e-10 3.90689369744734e-11 3.18498571960646e-10 4.50091061865443e-08 9.47812328622177e-10 4.47351933274831e-11 3.86720100387095e-11 4.96302157926287e-08 2.6959652557057e-07 0.00258491803222081 0.0221014055987442 0.163194287504126 1.96813940922524e-08 1.99211035702418e-05 0.000263413966319481 5.03047248570088e-06
1.68915992304619e-11 1.82376336255174e-13 3.33066907387547e-17 2.31940022743515e-12 1.10844666778576e-13 3.27515792264421e-15 0 -9999 -9999 -9999 -9999 -9999 -9999 -9999 -9999 -9999 -9999 -9999 -9999 -9999 0 3.37420078322381e-08 0 3.49009710021164e-13 2.13820330086101e-07 0.0028712640263592 1.92254820707838e-07 3.21827735686453e-06 9.84726356012544e-09 7.36751574206274e-06 7.50941009997064e-07 1.88505736020694e-08 0.000247218855537368 1.85888346937446e-09 6.05534067332769e-11 4.45046930419579e-09 3.20467769968635e-06 1.73473017965886e-06 2.64300722093713e-06 1.17654697096015e-10 9.63052170521506e-05 1.14319193000867e-09 8.46546734345477e-06 7.90158283248132e-08 7.01612957731967e-09
2.53574938824386e-14 1.33226762955019e-16 0 4.02455846426619e-14 0 1.11022302462516e-17 0 -9999 -9999 -9999 -9999 -9999 -9999 -9999 -9999 -9999 -9999 -9999 -9999 0 1.3105696372584e-08 1.72209198012752e-09 0 1.47781786807855e-13 0.000296345922803931 1.4072957466027e-09 5.47518151350346e-07 0.000511301105580886 2.60102928084649e-09 5.1877888090468e-06 1.0487387250846e-07 1.16064287070117e-09 1.24344978758018e-15 9.31654420277539e-11 4.89497331557231e-14 6.93710082710908e-07 3.21452432447966e-06 1.79565686764249e-09 3.01404180916842e-06 3.86907791485536e-05 9.47586808375256e-07 1.02985509009557e-10 0.000170239523094984 1.69286875739694e-08 0.000149093093886288
-9999 -9999 -9999 -9999 -9999 -9999 -9999 -9999 -9999 -9999 -9999 -9999 -9999 -9999 -9999 -9999 0 0 2.0759571839335e-11 2.3014235877028e-07 3.36873862138987e-12 7.37135541495348e-10 3.38488983064877e-07 0.000360788792523581 0.000224881101979857 4.106144839362e-05 0.767285263724625 1.41276315912542e-07 7.23719417727864e-11 1.8562629211516e-09 1.97279426128461e-10 2.01412408973312e-10 7.34323357676203e-10 7.7715611723761e-17 4.29103819143961e-10 1.99033969860984e-08 1.59539048638635e-14 9.42357303301833e-14 4.89405735093484e-07 5.05294317917349e-06 0.000131300784962185 4.73877087570074e-09 1.37554675934237e-05 1.98618899105441e-14 2.15716333684668e-14
-9999 -9999 -9999 -9999 -9999 -9999 -9999 -9999 -9999 -9999 -9999 -9999 -9999 -9999 0 7.73914266005704e-13 7.04295510800534e-12 1.06485831263825e-10 6.65520510478856e-08 5.18474152499948e-15 4.47719639140587e-13 2.63992366252852e-06 1.29219126954183e-08 1.65024122145141e-08 9.1587758377365e-09 0.0106356403281097 2.34324387671236e-09 0.140238801929809 1.14629664085264e-06 1.61705982715254e-08 2.18870899182377e-10 6.16361472971505e-10 3.99919353188949e-10 7.08070961863427e-09 5.18092790890989e-11 2.49241227656682e-10 1.83825847877017e-09 1.65569121413078e-08 4.10782519111308e-16 1.32183880845904e-05 4.8174760847175e-10 5.52862534974885e-08 2.24726567206179e-06 8.54081312429145e-07 6.55853149567065e-13
-9999 -9999 -9999 -9999 -9999 -9999 -9999 -9999 -9999 -9999 -9999 -9999 -9999 -9999 0 0 0 0 0 0 4.25026347450341e-11 2.05946371067967e-14 1.53181445305961e-10 0.899591684015468 0.121189582265052 3.13082892944294e-15 6.18866016022568e-05 3.34487184419974e-05 1.45107567139924e-07 9.27308957088258e-07 1.91084426059973e-10 8.21387402538676e-13 8.6862700809931e-09 2.80685440001704e-08 3.58752072493473e-10 7.32646610046572e-11 0 2.72431258663275e-09 5.13173682437085e-09 7.73525687947085e-13 2.8967820031589e-09 1.0351719481605e-13 2.6290380648053e-07 2.83533665551561e-06 1.03222847765871e-05
-9999 -9999 -9999 -9999 -9999 -9999 -9999 -9999 -9999 -9999 -9999 -9999 -9999 -9999 -9999 -9999 -9999 -9999 -9999 -9999 0 -9999 9.78217506997225e-14 3.28782339572564e-06 0.00218160747065123 0.345638013919024 5.62136738487817e-06 8.24095680584946e-11 0 2.2486519754783e-06 3.63042929052426e-15 1.6675886937989e-08 1.48861890258978e-08 2.80876544245245e-11 3.86299265353607e-08 3.91297844126726e-09 5.07341983979614e-09 1.22124532708767e-16 4.04810273857414e-08 7.4407306138724e-08 1.4525172934321e-06 4.68125118669005e-05 2.54761754018062e-05 7.7715611723761e-17 4.66293670342566e-16
-9999 -9999 -9999 -9999 -9999 -9999 -9999 -9999 -9999 -9999 -9999 -9999 -9999 -9999 -9999 -9999 -9999 -9999 -9999 -9999 -9999 -9999 -9999 -9999 0 0 -9999 -9999 1.00375560135979e-05 0.200501066930864 1.86061104301416e-09 7.76952682191023e-09 1.22778454070271e-12 2.75305720554009e-08 3.27850873227398e-07 5.31246424506637e-07 4.64043026227046e-11 3.28065052901394e-10 6.99294040451548e-09 0.000102709984539739 0.00115425626991109 0.000594297960424228 6.08353010189688e-08 3.82893638684045e-08 2.61341615015454e-11
