Maxent_result_files_2/B_mocsaryi_2.asc
NCOLS 594 
NROWS 330 
XLLCORNER -15 
YLLCORNER 23 
CELLSIZE 0.166666666666667 
NODATA_value -9999 
[rows 200 to 219 of 330, columns 405 to 449 of 594]
0.000119018827535911 0.000109764128319512 0.00103672593249939 1.30050722894737e-05 9.58360194545094e-06 9.92530087842169e-06 3.50333751941712e-07 6.42867162459204e-07 3.18120029951796e-07 7.38056239546481e-07 2.70835611837494e-07 4.35272018206589e-07 7.84517599550227e-07 5.96787821915967e-07 1.22156012904995e-06 9.87194725894369e-05 0.000218634852353716 0.000369490931188921 0.000155161735528964 0.00132711928454228 9.1444277222763e-05 0.000163298363986542 1.16380379722614e-05 8.56530948283307e-06 0.000108676849959011 0.00026524020722718 0.000302766879394767 0.000305845725233667 0.00041078178837779 0.000290575450708275 0.00029985294022481 0.000300952685938682 0.00031102259454201 0.000307985897234175 5.08004722178157e-05 7.07721882098333e-07 0.000109842105121061 0.000183825938074733 0.000177192845512764 0.000185572217014851 1.9922303772546e-05 5.76559503495666e-07 6.13026815265982e-07 3.98080158736658e-07 0.000262515784561401
0.000135051552933874 0.000113990753379767 0.000104196579923155 0.000238067016471177 6.30854869086761e-05 1.18846690497776e-06 3.35538170415095e-07 6.2622849761329e-07 5.13665172197086e-07 3.31089870613255e-06 2.70167058289417e-06 4.85106995862239e-07 8.28378401118712e-07 2.01780139585939e-06 3.41642470232273e-05 0.000282389122367022 0.000136077895331255 0.000651194810052402 0.000231638882542029 0.00148340549203567 0.000333995472828974 0.000272346719066263 0.00012551931267808 0.000234332865511533 0.000344280644640094 0.000276484668938792 0.000276604159807903 0.000270756861937116 0.000268607413454447 0.000258618281441159 0.000265637422126019 0.000291054408444324 0.000277711445596651 0.000267805729890824 0.000479978325165575 6.48857370833866e-05 0.000189892694106675 0.000164738354942529 0.000160359954315936 0.000202683432871709 0.000148594581878569 2.70645417721482e-06 5.72070172633055e-07 8.27011967032831e-06 0.000146245104406262
0.00217057054396719 0.00166253259521909 0.000111729278432904 0.000232573170069372 1.59624446709472e-06 5.50720664171944e-07 4.20581565785394e-07 5.96869820435053e-07 5.13673012436655e-07 2.31737567657486e-07 4.76846219876759e-07 4.69185206086742e-07 1.02999530135151e-05 0.000234674410967273 0.000119516975792067 2.90754250272585e-05 0.00088089252676582 0.00203962110099383 0.00183667965175118 0.000251137504164944 0.0004967383814801 0.00163449404935818 0.000278744539900799 0.000221100279304665 0.000230055676729535 0.000230494324932806 0.000225934939953731 0.000224111763236579 0.000233542559726629 0.000235683243226958 0.000229481244605267 0.000274203629669501 0.000230833997557056 0.000242697466092068 0.00053408567328006 7.5776781886816e-05 0.000330455203220481 0.00017801906215027 0.000166894054564182 0.000168283636048727 0.000191998405352933 0.000188623194844695 4.72699424420853e-06 9.76046972937183e-05 0.000170591566893563
2.4270642893498e-05 9.55192690241802e-06 3.10735073753676e-05 4.98600551509298e-05 1.88754130022062e-05 1.86215447772753e-06 2.6047744655644e-07 2.96329433580045e-07 7.09584155755838e-07 1.07643331767049e-06 1.97308429150667e-06 5.98634403576881e-06 0.000239535666696611 0.00124758450838272 0.000359536782343639 4.83082380924316e-05 0.000159318266196351 0.00181243069237098 0.000172306078820839 0.000224739096665871 0.000169217029178981 0.000166704582079547 0.000174090392829385 0.000206287455876009 0.000194981100139557 0.000201059580285801 0.000206867084489204 0.000209525401078281 0.000197960840523592 0.000198037719383137 0.000203914699523011 0.00025521153875161 0.000221537834295305 0.000219524882777478 0.000233860291700694 0.000159629114568816 9.38497596109755e-05 0.000160837191106111 0.00014461755999946 0.000748198828659952 0.000336690937911044 0.000147111612204753 0.000117390565083042 0.000175388478601235 0.000192554899695097
0.000592495161981788 0.000235035342120682 9.9215713362355e-05 2.08130341860624e-05 7.29040182321228e-06 1.15594760927706e-05 0.000324647999514127 0.000128679608860693 1.01328378072196e-05 9.0079991107217e-06 7.88897887566975e-06 2.46358920035217e-06 0.000112433154299652 0.000624640518071828 0.00101440851576626 0.00157007483358029 0.00143284871883225 0.00110728588770144 0.000208085348640452 0.000198259179160232 0.000156009820057079 0.000160803033213597 0.000163502663053805 0.000171103634784231 0.000179542283513001 0.000180083484519855 0.000184233035179204 0.000177637867091107 0.000164280737590161 0.000199095934658544 0.000202174865626148 0.000197538578504464 0.00020166024514765 0.000201652760006255 0.00021206138189882 0.000170858709952881 3.16637600462855e-05 0.00158717852900736 0.00050198418321088 0.000343395046002115 2.14452536738463e-05 1.81095137996579e-06 2.48817256562006e-05 0.000311416522708896 0.00232148177456111
0.000746689831430558 0.00112206819758285 0.000125661549645883 5.16399987304794e-05 9.74126093751693e-05 2.29245252967303e-05 3.33185994731977e-06 1.70107746484405e-06 1.25239394378696e-05 1.6220271832168e-05 5.27627515518603e-06 3.70440409255934e-05 0.00024324645564775 0.00155283568892628 0.00150579218461644 0.00142704112513457 0.000673399330116808 0.00131586837233044 0.0014074508624617 0.000144296445432701 0.000154163242768846 0.000149421952664852 0.000153178519758512 0.000161118778123637 0.000168759806911112 0.000168682659568731 0.000170153670478612 0.000157421671610791 0.000151705568350735 0.000123569075731211 0.000176920136800618 0.000185452416917542 0.000184036906284746 0.000186402555118548 0.000188078260543989 0.00146164957259316 0.000102146625204114 1.15947564267582e-05 0.00150658383208793 3.5002047555821e-05 8.87274725442921e-05 5.35200011730907e-07 9.00168495177045e-07 5.14380044791096e-05 0.000739208822778892
0.00256739566102624 0.00262618339620531 0.00101407135662157 0.00137451673508622 0.000294297790969722 0.00022220927021408 0.000144242188798671 0.000233238607688691 3.57437273009964e-05 0.000130031445405621 0.000747246226819698 0.000944563488883432 0.00467672774102539 0.0036831179400906 0.00140682153578382 0.00136854510637932 0.00134850011963863 0.00144561284396332 0.00131986384512857 0.000174474388040835 0.000138414238244877 0.000140962373188813 0.000148911572614452 0.000156965111818863 0.000164118837346905 0.000171434268122539 0.000161518240201985 0.000136542472318979 0.000134018464086694 0.000131016275918228 0.000152034736674977 0.000142644324660068 0.000155650227679871 0.000179627800389426 0.000171161994148861 0.000509691775368992 0.0136224945541471 1.83433853039539e-05 0.000137378205545247 1.15046817857234e-05 0.000150759601172012 6.25924018834212e-05 4.36233780076734e-07 0.00287837377982214 0.00106565614551073
0.00147848823689856 0.000809772725915536 0.00108530527504627 0.000502320769010112 0.00108277265680954 0.000288276078208582 0.000110342014340858 0.000960760691668838 0.000842502925661393 0.000767044888925739 0.00045853724659537 0.00115371314168442 0.00141776652308181 0.00206758118583821 0.00121016179036815 0.00091377153294161 0.00108062691288069 0.00129058766178787 0.000161089171706408 0.000165441725584969 0.000123825093214691 0.000134420481845154 0.000142486912227469 0.000154354520418565 0.000153338278323645 0.000145244546001777 0.00013503052177839 0.000119864443331608 0.000116216791866464 9.21021874091821e-05 8.05618092272198e-05 8.74042754730908e-05 9.8020999939763e-05 0.000146281946581439 0.00014332549435494 0.00299992483924143 0.00880052382126451 4.1834225396542e-05 1.72567450420047e-05 6.96924093887219e-05 0.000133286529694487 4.10970035673586e-06 3.68279916629355e-07 0.00101712166106154 0.000506930040683074
0.000998915372474585 0.000934972772665788 0.000839561806060374 0.000694610162463505 0.00100590419024229 0.00211112771648914 0.0032287162146531 0.00111339229042642 0.000111803985782899 0.000409992576169316 0.000513112412590999 0.000235431863984559 0.000209264495788375 0.00011785737651735 0.000167849216359173 0.000930643707397394 0.00108274841040839 0.000111474783807353 0.00011021889076801 0.000111749238385528 0.000113883179437835 0.000112668363544799 0.000115312275192991 0.000131620810861932 0.000128031534768525 0.000119148449084605 0.00011576284905459 0.000116144109415472 0.000110094139199646 0.000109488314592454 8.35140954222879e-05 6.75600429531187e-05 8.01235819380963e-05 0.000122247955732746 0.000128175971440214 0.000134228105707734 0.000963812560075894 0.000184380451014476 0.000841561637571431 0.000236053169510342 7.94084574010867e-05 7.98196843334154e-05 5.28098726647386e-05 0.000161145568381471 0.00286134531488642
0.000799525043112226 8.59679852510453e-05 0.000546099006896839 0.000722260055772495 0.000730875445879065 0.000765648407104891 0.00122591615945566 0.00196478298748843 0.00133446593827102 0.000469634946784936 0.000320004117384087 8.22289865027415e-05 0.000428200227906927 0.000173813178844284 0.000215015503817995 0.00130837197357323 0.000206013059505494 9.80762937615509e-05 9.64749329796177e-05 0.000408139575301902 0.000376408280862961 9.48615746892756e-05 9.57386624577339e-05 0.000102036813404993 0.000103827433486003 0.000118002404633444 0.000110431587381754 0.000100147070770618 0.000104070414818125 0.00010573545259831 0.000104280836058024 7.91924996519811e-05 7.72341236370266e-05 0.000106608153691923 9.84562730081961e-05 9.64036740697338e-05 0.000960555174970068 0.00611514893826097 0.0124451543437317 0.000280164774721925 0.000167369910241177 0.00163963816012256 0.000664521637372673 0.0121457831235602 0.0220891228644177
0.00125016443780623 0.000452286234212806 0.000414028405793942 0.00130238616256975 0.00123614369076677 0.000829338436597027 0.000853506817657035 0.000992308295099065 0.00115866402338725 0.000938708524336107 0.000340561813209206 0.000419193221023306 0.00152644824120216 0.0027623851550743 0.00124213465023786 0.00125097188283689 0.000695282594824675 8.44387290271698e-05 7.83021983806975e-05 7.06993574567605e-05 7.67051709772204e-05 7.4189934093738e-05 7.74903874116717e-05 7.47730824514292e-05 7.43980730476324e-05 8.33740352391033e-05 0.000100555967765104 9.50960837144521e-05 9.84372301900294e-05 0.000103586885961704 9.86254679446574e-05 9.06595245396602e-05 8.271476108348e-05 8.77209644386312e-05 8.62930846778909e-05 8.93925363925518e-05 0.000111854844726622 0.00166371275554411 0.00302911501494236 0.00470123452832922 6.44765501419897e-05 0.000526496789825615 0.00838058810913935 0.0236776751815341 0.0200551333837211
-9999 0.00087836156017147 0.00185242687584832 0.00301436685840599 0.0018559294519946 0.000742859204183333 0.000749030230508652 0.000551242573419586 0.000593249693338294 0.000641754806565586 0.000278129389334936 0.000794649749877863 0.00103673464036547 0.000656549617997371 0.000543422397458926 0.000391380897781346 5.9237124696665e-05 6.13416348642204e-05 6.19137290414074e-05 6.02568819886073e-05 6.13695614447352e-05 6.39090547338128e-05 6.12934578384738e-05 5.98625527345575e-05 6.16519415416405e-05 6.73602105962345e-05 6.61255651721149e-05 6.97297464284929e-05 7.12262346496573e-05 8.13299437140813e-05 8.72578058988438e-05 9.22112356420257e-05 8.72144293680321e-05 7.91133048551273e-05 0.000401745359704364 0.000397427485586377 0.00247985406313092 0.00513662232551724 0.0138377778464928 0.0161179330898449 0.000738144054048462 0.0155127267818898 0.00545058826683089 0.0105797182768583 0.0069699110230431
-9999 0.000964684266364202 0.00898754664231092 0.00539130331017077 0.00236517560551874 0.00282386395847425 0.00172931473352946 0.00124845661921427 0.000604401252348907 0.000539573958667461 0.000435040863521863 0.00114031360135414 0.000596420426154509 0.000363474377809325 4.60899775134749e-05 5.10699547703553e-05 0.000105241618257423 4.79875779092254e-05 4.84761705592973e-05 4.63867479084001e-05 4.5800807311025e-05 4.47526269454102e-05 4.48191379291529e-05 4.81525460600096e-05 4.92195391416317e-05 5.32399384610471e-05 5.23580324625073e-05 5.38634277290839e-05 5.3915305488772e-05 0.000398440131539246 6.68430979203549e-05 6.81966319461935e-05 7.90292901001521e-05 5.52238177078834e-05 0.000347018439788371 0.00126186245761346 0.000480741708815913 0.000891145375499036 0.000526280437588866 0.000476157800949295 0.000491081889958878 0.0134471481665969 0.00394833219470456 0.00124762621126138 0.000212077878677519
-9999 0.00283300043083727 0.0135924342786893 0.00912166335619986 0.00210996748646721 0.00187437471468002 0.000797072178102098 0.00081973088090308 0.00063355161837535 0.000529170183290262 0.000967798545025289 0.000447032977535855 0.000317573286883999 4.07150182581972e-05 4.15453396271914e-05 4.5948145998409e-05 0.000187755618753727 4.38515273344819e-05 3.97909727325896e-05 3.9942425701156e-05 4.04695610995986e-05 3.67277535588073e-05 3.36004854943894e-05 3.73308494999947e-05 3.99888563151762e-05 3.76980295186513e-05 4.09307698646444e-05 4.70535612294043e-05 5.69824323974899e-05 5.25544939591782e-05 4.27428914008487e-05 7.57483077904908e-05 5.22362242918462e-05 4.04760236051516e-05 5.00512360304128e-05 0.000780668204242829 5.53767792496274e-05 8.99258251763513e-05 5.38055531819737e-05 0.00016759479266284 9.94884697661291e-05 0.00349179955082946 0.00738152572303079 0.00114989758876618 0.00140858569357079
0.00101366807939485 0.0380426528863609 0.00334170793648809 0.0350487196817994 0.00677417602855712 0.00157527276896872 0.000951970435562544 0.000483609452203382 0.000500940198253375 0.000654862730880268 0.000978920244961046 0.000678386662912089 0.000290927931928309 7.55648889025906e-05 7.49960065149935e-05 3.79093173251022e-05 0.000320073554030387 8.26870500532095e-05 3.72300839444506e-05 3.62570884135494e-05 3.34385652422497e-05 3.30298978042265e-05 3.27477754581196e-05 3.33903932187241e-05 3.65732055797707e-05 3.92275928788877e-05 4.05160601985699e-05 4.67403435322922e-05 4.21104089698421e-07 1.58898781854599e-07 7.83605823926337e-06 0.000167716059149825 0.00018571977288957 5.05438842992589e-05 0.000199125997096417 0.000399628236482386 0.00206373934051953 0.000775172875000862 0.000263395087495155 0.000497674786674906 0.00408914136933163 0.00385448586312123 0.00662818488199264 0.00124141566629987 0.00151560045196675
0.0027798761613667 0.0257666368968785 0.00189408729202114 0.000494703122240026 0.000258570809091907 -9999 -9999 -9999 0.000583879531768616 0.00107383631693665 0.000725128460908309 0.000396707697655074 0.000303055585391121 3.46432393598661e-05 3.27401820868545e-05 3.53589530277532e-05 3.72482742022839e-05 3.86263894142758e-05 3.65063285244105e-05 3.28208708197053e-05 2.96776489449258e-05 2.95864200779761e-05 3.06450612697518e-05 2.99333582006511e-05 3.31520225699933e-05 3.71274723875104e-05 3.68290872756916e-05 1.65112374361343e-05 2.1218004273571e-07 2.01107319208749e-07 2.33553713733237e-06 0.000316751190621289 2.92827302928345e-05 2.98777066291223e-05 4.15838762819476e-05 0.00145175341749564 0.00311608258634806 0.0014246862323489 0.0018715524347499 0.00020560793873301 0.0010570676138741 0.00324053248623386 0.0105578233487904 0.00987291208002716 0.00567376049002632
0.00126791967195459 0.0259198832791299 0.000378803459898336 -9999 -9999 -9999 -9999 -9999 -9999 0.00162804552237503 0.00400851668091491 0.00121560750412755 0.000294965718785534 0.000257704442628892 0.000261730540296412 0.000205041910521686 0.000141522494232049 3.4048227553285e-05 3.49293764884351e-05 2.95702824587352e-05 2.76339726951846e-05 2.83889363345224e-05 2.86390848486917e-05 2.96027347758354e-05 3.08594986563548e-05 3.45001086316188e-05 3.24609750350646e-05 1.90271989737312e-06 1.77820170288445e-07 1.67410897178311e-07 8.54408029993259e-08 3.29412921349359e-06 1.07171381841908e-05 0.000208581296101329 0.000297901703743264 0.000261918430624064 0.000184565983363427 0.00201869664597325 0.00420938446186483 0.00337758038658649 0.000374547237152001 0.00172818606952205 0.00536834249505773 0.0137779880780727 0.0239532734500244
0.00074245982686989 0.000432636166806333 -9999 -9999 -9999 -9999 -9999 -9999 -9999 0.000767790197278373 0.00772545040817931 0.0013450294994982 0.00076455923699541 0.000530840546707623 0.000310731225908967 0.000236862150632078 0.000317914043262135 3.07564906506741e-05 3.13783184537897e-05 2.8094804565626e-05 2.62370672317047e-05 2.56779161645682e-05 2.69444827154075e-05 2.8218615170772e-05 2.82128464277775e-05 2.97356423288875e-05 2.76999689049262e-05 8.16292347735725e-05 3.11994556563278e-06 1.62571387307686e-07 1.5217386796218e-07 1.19210286729787e-06 4.2072527048731e-05 2.18647489873547e-05 0.00014461146784015 1.98351222934434e-05 0.000163567150229937 0.00299585678731091 0.00102577699581161 0.000501432224700693 0.000378217233810574 0.000387308534118347 0.00236708103329875 0.0122786544729024 0.0067399540450424
0.000424934117472731 0.000321132347016828 -9999 -9999 -9999 -9999 -9999 -9999 -9999 0.00032841017091414 0.000625824327289592 0.00121491636382416 0.000894059790880419 0.00156942030007485 0.00111596876231488 0.000392544282658491 0.000244991001090966 0.000258019361353945 2.94725407911756e-05 5.60586340725422e-05 2.49767187597172e-05 2.22913427023741e-05 2.31658138091007e-05 2.55444129834359e-05 2.62506403942098e-05 2.72845000381494e-05 2.49787367465615e-05 2.38251360315189e-05 9.47551758144982e-05 1.03592940263297e-05 9.28394898437546e-05 0.000132540401318693 6.8502172416629e-05 1.41664263310304e-05 1.41871872983756e-05 1.59395403443341e-05 0.000255241239938186 0.00035639239649754 0.000117756388499402 9.81318498816108e-05 0.000102584009619022 9.64219358138507e-05 0.000192644130220287 0.00141785061859991 0.00464520533569157
-9999 0.000156387368042488 -9999 -9999 -9999 -9999 -9999 -9999 -9999 -9999 0.000172726323944516 0.0002414243426756 0.000327763088716893 0.000360089642344974 0.000608692756213713 0.000779529035207815 0.000621017478988506 0.000394426369166467 0.000204103548821877 2.38722902395239e-05 1.96499548565043e-05 1.82144653081195e-05 1.98698496660654e-05 2.37789740367589e-05 2.41093756358168e-05 2.38715892919572e-05 1.92894970496127e-05 2.19594946884172e-05 1.35830286808414e-05 0.000116940978477942 9.3770434250473e-05 9.16820050406386e-05 1.08545421426243e-05 0.000104889276190079 0.000103583206509938 4.81407317238336e-05 8.1494358528289e-05 6.30934521723248e-05 3.59430857770349e-05 5.77299341784965e-05 9.44512563364697e-05 7.42930667911423e-05 8.7278527826129e-05 0.000128505849352223 0.00028150151410955
