Maxent_result_files_2/B_mocsaryi_2.asc
NCOLS 594 
NROWS 330 
XLLCORNER -15 
YLLCORNER 23 
CELLSIZE 0.166666666666667 
NODATA_value -9999 
[rows 60 to 79 of 330, columns 225 to 269 of 594]
0.0795326970517635 0.0844979524612427 0.0544884143397212 0.11790696978569 0.119228996708989 0.123642996326089 0.149458848312497 0.076355917006731 0.012432982865721 0.0388398429378867 0.00916340595576912 0.0444480184465647 0.0623023672029376 0.0473300509154797 0.0730783056467772 0.0598662005737424 0.0416378643363714 0.0532063510268927 0.00832152795046568 0.0654691495001316 0.0511274553835392 0.0631148284301162 0.0639478735625744 0.0856976471841335 0.0628856379538774 0.110990415886044 0.0894470639526844 0.0685061428695917 0.0503930325619876 0.000558898529561702 7.44111817738258e-05 0.000682491270708852 0.0541788572445512 0.0588723314926028 0.0713507369160652 0.0880960620939732 0.0866747424006462 0.104399486258626 0.075677277520299 0.122024873271585 0.170120980218053 0.150641108304262 0.11796059794724 0.140270927920938 0.110429974272847
0.12387277521193 0.0848487108945847 0.103045273572206 0.0879017878323793 0.125509975105524 0.141806171089411 0.0878960501402617 0.019389247475192 0.0799183119088411 0.0502935884520411 0.0682313105091453 0.0258053692057729 0.092072106897831 0.076524580270052 0.117905301600695 0.0119341601617634 0.0242058238945901 0.0117954197339714 0.0633277334272861 0.0528709344565868 0.0483316123485565 0.0534300977364182 0.0659978546202183 0.0836967632174492 0.0801846999675035 0.0186535394284874 0.0331602738704532 0.0176624213345349 0.100374622270465 0.128826156258583 0.0521197758615017 0.0221575586125255 0.0962940834462643 0.0795712284743786 0.0960914615541697 0.059798233397305 0.0654790729284287 0.101212323829532 0.103273560851812 0.0871349807828665 0.0771502790972591 0.112769795581698 0.120459196716547 0.111272222176194 0.101849635317922
0.0463434471748769 0.188194811344147 0.153373228758574 0.099726827442646 0.189955499023199 0.0201028884854168 0.0222998419310898 0.068089222535491 0.0154561862815171 0.0187219355255365 0.0903527680784464 0.013683966267854 0.0662861337885261 0.0135701881255955 0.0179153258912265 0.00876167374663055 0.011445005889982 0.097804082557559 0.0167601394467056 0.0127781211864203 0.0177582723088562 0.0172630611341447 0.0793815888464451 0.05851787365973 0.120250764116645 0.0155483944807202 0.136477383598685 0.0214843143709004 0.0140959981363267 0.0466866855509579 0.0646961046382785 0.0662602094933391 0.0768235683441162 0.108012619614601 0.0662232244387269 0.042203358002007 0.0789894124493003 0.0676537625491619 0.082794338837266 0.101748748123646 0.0848639981821179 0.0825105499476194 0.131045927107334 0.113511629402637 0.149540762975812
0.0320064281113446 0.144754640012979 0.0562643190845847 0.0226960960309953 0.0323836334981024 0.021891307644546 0.0154019175097346 0.0191650275141001 0.0233215988613665 0.0140930444933474 0.0176524046808481 0.0167638466693461 0.0160782438702881 0.016764075262472 0.0300332244485617 0.0147191198542714 0.0139336436521262 0.0182871319819242 0.016065746312961 0.0142153811408207 0.106788421794772 0.0185472695389763 0.0657632226124406 0.1027737705037 0.0165906698675826 0.109255201369524 0.122430715337396 0.168515453487635 0.0955403991043568 0.0118637889157981 0.0658318212255836 0.0105282578617334 0.0155508432071656 0.15255140401423 0.0262794293928891 0.0213269263040274 0.0341870507225394 0.0256452773232013 0.125971011817455 0.114734496921301 0.109767119586468 0.0748301401734352 0.136662869900465 0.0767160259187221 0.0846467746421695
0.0349135209806263 0.181718943268061 0.0270749850198627 0.0207439044490457 0.0187088444828987 0.0405552544631064 0.0225715923588723 0.0434957718476653 0.14804852604866 0.0210238851606846 0.019430316099897 0.0218535758089274 0.0247742993989959 0.0193476386833936 0.0194203255930915 0.0162627811543643 0.0215304686222225 0.0139490166679025 0.0154996930854395 0.0223458868451416 0.0229903348255903 0.0313733282964677 0.0188889084849507 0.0111077739391476 0.0927650116384029 0.148522825911641 0.120833198726177 0.119709359109402 0.023680414725095 0.0416691867168993 0.008910919027403 0.115735500119627 0.0828260608017445 0.0144588183844462 0.0244576841359958 0.130475028976798 0.0213913469575346 0.156643158942461 0.0328258796129376 0.0779185205698013 0.067533016577363 0.0701985750347376 0.0846437824890018 0.0707995912060142 0.0902073875069618
0.0612073715776205 0.0397529073059559 0.0450369799509645 0.0266745639964938 0.0282840683124959 0.0308742285706103 0.0248526343144476 0.0226226408034563 0.0239329211879522 0.0149651793763041 0.0225039126351476 0.0279447297565639 0.0274636125192046 0.0201507065445185 0.0203621927648783 0.0195636045187712 0.0169734722934663 0.0145738848950714 0.0165043517015874 0.0268763339146972 0.0238022856414318 0.0244456429034472 0.108522009477019 0.0523054681718349 0.0281668592244387 0.107859625853598 0.0804313570261002 0.0205247375648469 0.0296578374691308 0.0208798431092873 0.0179520689649507 0.010253913118504 0.0514888907782733 0.0158150966279209 0.0971398934721947 0.0606133794412017 0.11238166578114 0.0255286156665534 0.0916441354900599 0.179332788288593 0.0994877766817808 0.112722193077207 0.121592999622226 0.142039490118623 0.0720575086772442
0.136326783895493 0.0375471350736916 0.0235885311849415 0.0252902482636273 0.0248491840437055 0.0295599980279803 0.0333442361094058 0.0310470134951174 0.0371748199686408 0.0321434112265706 0.0211321719922125 0.030120824277401 0.0226529706269503 0.0161002508364618 0.0215279906988144 0.0355342580936849 0.0252920776605606 0.0217494389973581 0.0217756771482527 0.027685934305191 0.0159146457910538 0.0861410684883595 0.0320655525662005 0.0284723728429526 0.0185433977749199 0.0283159298822284 0.0949794908985496 0.0316638462245464 0.0448864601552486 0.0554240103811026 0.027059441478923 0.0417433932423592 0.0248019445687532 0.0207107824739069 0.140427950769663 0.0213661913760006 0.0139087280491367 0.0178998077521101 0.0202606495004147 0.0175318421330303 0.0967953935265541 0.0166789127048105 0.014989959448576 0.0474044658243656 0.0910725567489862
0.00783255002461374 0.0144746217876673 0.0474360230378807 0.0339259543456137 0.0289731408469379 0.0235402446240187 0.0324257297441363 0.034957171510905 0.027155364304781 0.0286749453283846 0.0461787949316204 0.0286015007877722 0.0237575488165021 0.0260045076254755 0.0330489105544984 0.0238164355512708 0.0297740423120558 0.024989821575582 0.0157323455670848 0.143104637041688 0.0564814257435501 0.193636304885149 0.043780096899718 0.0281885587610304 0.0243546789046377 0.0381483177654445 0.12064848318696 0.0462955479510129 0.124974688887596 0.0164493810385466 0.0286053207237273 0.0245752519927919 0.0215349037665874 0.0326280170120299 0.0179452596232295 0.0175718578975648 0.0771373447030783 0.0268339760601521 0.0149351653177291 0.0402725196909159 0.0967588994652033 0.0530825514346361 0.0486271653790027 0.0166161204688251 0.0146587528754026
0.00489118947880343 0.0171486888546497 0.0188042517751455 0.0215898189693689 0.0366036726394668 0.0289350492879748 0.036199523601681 0.0443501075729728 0.0333462011069059 0.0441641827113926 0.0326613693032414 0.00581542492145672 0.0148133402690291 0.0205189738422632 0.0230591585393995 0.0205489032436162 0.0186037629260682 0.0206317853182554 0.0156211806461215 0.0736841008067131 0.0417888315394521 0.0476916932500899 0.0472235367633402 0.0421498962678015 0.0269880770239979 0.046822933293879 0.0298743795603514 0.0433174745179713 0.0439434451051056 0.00301002432825044 0.0153022840502672 0.0242146311793476 0.0394706098129973 0.0229482215829194 0.0189757186919451 0.0230654924642295 0.106822061166167 0.0141777712386101 0.0208459328860044 0.0237600462045521 0.028760807402432 0.126084505394101 0.0189122623763978 0.0185972191626206 0.0194865361321718
0.014214278338477 0.00748227986041456 0.0147037919610739 0.020373365143314 0.00772462687455118 0.0186162163503468 0.0208677893970162 0.0263172392733395 0.029713019169867 0.0279752592090517 0.027664106246084 0.0148210167884827 0.0163761745207012 0.010563343949616 0.0112246555741876 0.0256941560190171 0.0948268543928862 0.0216740885283798 0.0193931162822992 0.0442286739125848 0.0293543910607696 0.0283743639942259 0.0316485452465713 0.0281614736653864 0.0401086639612913 0.0190064631169662 0.0429516940377653 0.0341962547972798 0.029287847969681 0.025641000457108 0.0197225979529321 0.0276916182599962 0.0228191685630009 0.0270025341771543 0.0263111255597323 0.0208194666542113 0.0145312684122473 0.0215743651613593 0.0247100042644888 0.0250811128877103 0.02360720327124 0.0304119816049933 0.0209265504963696 0.0253121551824734 0.0213126179296523
0.0412879325449467 0.0165321146138012 0.0146139248739928 0.011191007704474 0.0515751214697957 0.0171895602252334 0.0110142432851717 0.0159391443710774 0.0113060722593218 0.0130806275177747 0.015441058925353 0.0181998112238944 0.0172770800068974 0.049834306910634 0.0166336678899825 0.0155791893135756 0.0581208030693233 0.0148801509756595 0.0108352617826313 0.0165292413206771 0.0128135074861348 0.0171719663776457 0.126262389682233 0.0302634377963841 0.15572750903666 0.036007231590338 0.050409210473299 0.0290358618833125 0.0268538117408752 0.0242089175619185 0.0192650695797056 0.0190763257443905 0.0165455063572153 0.0213900112197734 0.0199872712488286 0.0155631628120318 0.0168977431952953 0.0482214920688421 0.00482017952017486 0.0284636072348803 0.0276578963268548 0.0234004911966622 0.0245244773104787 0.018179592397064 0.0228623840492219
0.0121268728282303 0.014954737923108 0.0103331591933966 0.00625656687188894 0.0112907656701282 0.0132902980665676 0.00940469070337713 0.0135105248307809 0.0160796745331027 0.0108215989777818 0.0113923593657091 0.0217611242784187 0.0226641348563135 0.0274882325902581 0.0891181875020266 0.115501191094518 0.0351956429891288 0.0248021804029122 0.00923753713141195 0.0123880801489577 0.00812821565777995 0.00875143006560393 0.0139308707322925 0.0473252880387008 0.036705996375531 0.151464046537876 0.10919238999486 0.0269193454878405 0.0400948467664421 0.0324960039928556 0.0204053032677621 0.0177792898379266 0.0262754394672811 0.0153544257394969 0.00549897199962288 0.00814947003964335 0.00287041449046228 0.0110083555104211 0.0212806112598628 0.0237704025115818 0.0170277462806553 0.0157641739118844 0.0264282085001469 0.0222441060235724 0.0129022874170914
0.024789777258411 0.0192443159874529 0.016105383541435 0.018113953480497 0.00787885873578489 0.0153080510674044 0.01862652907148 0.0203658789396286 0.0116579616558738 0.0286470786202699 0.0247887771576643 0.0207051176112145 0.0224422960542142 0.017847793083638 0.0699618613347411 0.00860375779448077 0.0278183572459966 0.0815549456514418 0.0511264675296843 0.0768579446710646 0.00891819440294057 0.0104655288858339 0.060668851993978 0.16501924674958 0.12533484371379 0.0774177236482501 0.0505750883370638 0.0202619180083275 0.0423155762255192 0.0608629133552313 0.0233935286756605 0.0195708836894482 0.0195453918073326 0.0120399694191292 0.00668291783367749 0.0214420614182018 0.0103953420417383 0.0198860551696271 0.0238007172942162 0.0276859682518989 0.0205271282698959 0.0279136233497411 0.00923591310856864 0.0116468063089997 0.0135385414352641
-9999 -9999 -9999 0.0139393226359971 -9999 -9999 -9999 -9999 -9999 -9999 -9999 -9999 0.0164693558006547 0.0346906175371259 0.0250163752585649 0.0524319057352841 0.0168612502980977 0.0205710003618151 0.0603912752121687 0.0529724740423262 0.0360187764279544 0.0605846387334168 0.0192052185535431 0.0791765233501792 0.123541506007314 0.13602291457355 0.0603949725162238 0.0316377460025251 0.0382282357662916 0.0285260458476841 0.02073715752922 0.0169063507113606 0.0151959400624037 0.00885209455154836 0.00804228910710663 0.00670688494574279 0.0172736722975969 0.0234351497609168 0.0268451070412993 0.0278984010685235 0.0486989517230541 0.0311056023696437 0.0244867219589651 0.0343775412067771 0.0185177871026099
-9999 -9999 -9999 -9999 -9999 -9999 -9999 -9999 -9999 -9999 -9999 -9999 -9999 -9999 -9999 -9999 0.00723076396388933 0.00870363916619681 0.00544922925764695 0.0456917902920395 0.0220347744063474 0.0991675760596991 0.0626048300415278 0.0149734331527725 0.0250255561433733 0.0185339187970385 0.0137929699383676 0.0239765361417085 0.0484939762856811 0.0301105543971062 0.0266442161053419 0.0204496985301375 0.0203159817378037 0.007815155480057 0.0100269196089357 0.0109928384190425 0.0211806926527061 0.0273638987448066 0.173304859176278 0.0551574422977865 0.0861467402428389 0.0294929806143045 0.0287590460386127 0.0227810963056982 0.0212151245679706
-9999 -9999 -9999 -9999 -9999 -9999 -9999 -9999 -9999 -9999 -9999 -9999 -9999 -9999 -9999 -9999 -9999 0.0136566445231438 0.0108227298711427 0.0149454546626657 0.0300487942062318 0.0236416922882199 0.0563062966801226 0.0292226958088577 0.0568187753669918 0.00930992669891566 0.0214703966164961 0.0320911274524406 0.00852935102302581 0.0257083815522492 0.0303466733545065 0.0329316421411932 0.0237580926157534 0.0091288031428121 0.00931485447799787 0.00663231103098951 0.0111282147816382 0.0153976923204027 0.0373149133520201 0.035001275036484 0.0268533689901233 0.0275515938177705 0.0339658973738551 0.026071444246918 0.104759509116411
-9999 -9999 -9999 -9999 -9999 -9999 -9999 -9999 -9999 -9999 -9999 -9999 -9999 -9999 -9999 -9999 -9999 0.0317302309907973 0.0270663522183895 0.0255364377051592 0.0264707404188812 0.0229695898946375 0.0188497480470687 0.20402209199965 0.0158726350869983 0.0368412657175213 0.0772073898464441 0.00729701444506645 0.0139046900440007 0.0242211888777092 0.0431324635632336 0.0346666739322245 0.0245486568193883 0.11808651201427 0.0243657597806305 0.0128992411540821 0.0121308393892832 0.0239030598895624 0.0227988492930308 0.0479483430972323 0.0410776899894699 0.0414776002988219 0.0393687404692173 0.0300341984722763 0.0528842903673649
-9999 -9999 -9999 -9999 -9999 -9999 -9999 -9999 -9999 -9999 -9999 -9999 -9999 0.0114792711101472 -9999 -9999 -9999 0.043734054453671 0.0439172310754657 0.0340183140709996 0.033841803111136 0.0460852492600679 0.0244339635595679 0.0226625818293542 0.0291245876811445 0.0130875444039702 0.011124419933185 0.0156534510198981 0.0101514718960971 0.0623542896471918 0.0441886272281408 0.0648263594135642 0.0180382227525115 0.0222882878035307 0.03285370063968 0.0276425080373883 0.0179335717111826 0.0432517515262589 0.0478532260283828 0.0118572639126796 0.043554848479107 0.0225624828133732 0.025598414731212 0.0299535517115146 0.0305998876690865
-9999 -9999 -9999 -9999 -9999 -9999 -9999 -9999 -9999 -9999 -9999 -9999 -9999 -9999 -9999 -9999 -9999 0.699974340200424 0.22166465818882 0.149147751182318 0.0982122665271163 0.0294863108545542 0.0409822452813387 0.0178446812089533 0.039778399374336 0.0259083404671401 0.0270605503581464 0.033704480715096 0.0689137727022171 0.013874981040135 0.0222278023138642 0.0348330521956086 0.0296329889446497 0.0183176802936941 0.0251087627373636 0.02260318743065 0.0303044227417558 0.0572902735322714 0.0192731505958363 0.0326248958241194 0.0416341686621308 0.0337020253762603 0.0379085940308869 0.0300884586758912 0.00309524647891521
-9999 -9999 -9999 -9999 -9999 -9999 -9999 -9999 -9999 -9999 -9999 -9999 0.297158732265234 0.0542486097663641 0.0892209926620126 0.0273464628495276 0.148676581680775 0.0868265837430954 0.0713261611759663 0.136724913865328 0.24323143735528 0.291104502230883 0.0188745547086 0.0246816136874259 0.0230485533364117 0.0208632617257535 0.247721767425537 0.119356568530202 0.0268363831564784 0.0415617719292641 0.0337451411411166 0.0371835672296584 0.0277317023370415 0.022990517062135 0.0213836098089814 0.0311085727997124 0.037461481243372 0.0235042005777359 0.0392545591108501 0.0254138822667301 0.0304626352153718 0.032670110790059 0.0439355725422502 0.0228054991923273 0.0193241192959249
