Maxent_result_files_2/B_mocsaryi_2.asc
NCOLS 594 
NROWS 330 
XLLCORNER -15 
YLLCORNER 23 
CELLSIZE 0.166666666666667 
NODATA_value -9999 
[rows 200 to 219 of 330, columns 315 to 359 of 594]
-9999 -9999 -9999 0.0195479521295056 5.07930788899102e-05 1.60980586997539e-05 7.3907032998477e-06 5.01884029233679e-06 3.58726019271671e-06 1.60369489776713e-05 1.22038819540649e-05 5.58740552492054e-06 9.66350019098172e-06 1.39455360908869e-05 2.43970454363307e-06 0.000293538899859414 9.02895347394406e-06 4.17155392824498e-05 0.00272272154688835 0.00581121774157509 0.0236929439008236 0.0456702876836061 0.0508411908522248 0.0373108830302954 0.0519877023994923 0.0559617925435305 0.126631814613938 0.0457099004648626 0.0506273336708546 0.055230204295367 0.0599487131461501 0.111310323700309 0.0579515717923641 0.0576208472251892 0.0821012007072568 0.0583645855076611 0.0598746903240681 0.0606942849233747 0.100947028025985 0.122850753366947 0.0579102128744125 0.0319375138729811 0.00152424702828284 0.0114809828111902 0.000931320984454942
-9999 -9999 -9999 -9999 0.0035090945661068 0.000430859945481643 9.78449204922072e-05 2.66894923470318e-05 6.47851730946059e-06 5.52974379104398e-06 4.36622500217254e-06 5.34339421278673e-06 1.3241083615867e-05 2.03556650376413e-05 7.03091157205904e-07 2.27500558338534e-06 6.89596776624057e-06 2.75510962097769e-06 5.79663111238915e-05 0.00457718927646056 0.0512273417785764 0.0376176243647933 0.0416899973526597 0.0381471806205809 0.0553799912333488 0.0539685450494289 0.0614951577037573 0.0383809016086161 0.0422659992240369 0.0799258127808571 0.0925740204751491 0.0718130359426141 0.0810005247592926 0.0525236048735678 0.0546074530109763 0.0570027315057814 0.0574547572992742 0.0591195105575025 0.116324226558208 0.0586601651273668 0.0899948574602604 0.0259905921295285 0.00292054772435222 0.0204027459956706 0.00013583935516408
-9999 -9999 -9999 -9999 -9999 -9999 -9999 -9999 8.85600341462123e-05 1.66168704936354e-05 4.03771851722468e-06 4.39342311722157e-06 2.78814702596719e-06 5.77245175463759e-06 1.80484783811607e-06 2.60188907930115e-06 2.48943469500773e-06 1.15050225275581e-06 2.86453261196584e-05 9.01591802175972e-05 0.00313402931205928 0.024616077542305 0.0373335910961032 0.0858657971024513 0.0905668437480927 0.0474953409284353 0.0482710665091872 0.0886037815362215 0.0456175036728382 0.0653925158083439 0.0794676538556814 0.086971628293395 0.103386979550123 0.157788686081767 0.103942786902189 0.0926498278975487 0.106230230629444 0.153262060135603 0.0540449135005474 0.0537698439322412 0.0571389271877706 0.0926525603979826 0.0954163838177919 0.0166085279546678 5.98733754657132e-05
-9999 -9999 -9999 -9999 -9999 -9999 -9999 -9999 -9999 0.00463476880686358 3.75264448564394e-06 3.87345669423667e-06 3.54783577222406e-05 3.0144707625368e-05 0.000183300062417402 3.99038497562287e-05 4.38166584331157e-06 2.57967205470777e-05 2.1724523620037e-06 6.21122424945497e-05 0.000288952158007305 0.00327191370888613 0.00507191028445959 0.00782055612653494 0.0513515491038561 0.09136608466506 0.054975189641118 0.0415666894987226 0.0487408690154552 0.0867353655397892 0.0673791721463203 0.0662884630262852 0.134349757246673 0.126825271826237 0.0774550488218665 0.0934019077569246 0.0731323266401887 0.0527277456596494 0.0717034900560975 0.0722847267985344 0.0529760706238449 0.0737460192292929 0.0845043119043112 0.07988909073174 0.00188518606737489
-9999 -9999 -9999 -9999 -9999 -9999 -9999 -9999 -9999 -9999 -9999 6.22839781499351e-05 2.53628608390954e-06 8.3704578742072e-06 3.05643035972025e-05 0.000559005183458794 6.07406149356393e-05 0.000381801900948631 0.00225182682625018 0.000304226411390118 0.000911140683456324 0.00165798126545269 0.00613380514550954 0.0226922241970897 0.101940034329891 0.0583896066993475 0.063723649457097 0.133241388946772 0.169026535004377 0.127725618332624 0.0958458032459021 0.100209806486964 0.0760609168559313 0.0559722624719143 0.05893246345222 0.0652780339121819 0.0765847444534302 0.0442313835956156 0.0447916761040688 0.0478748478926718 0.0811645865440369 0.0532084353268147 0.057077702973038 0.0534869845956564 0.0101317821070552
-9999 -9999 -9999 -9999 -9999 -9999 -9999 -9999 -9999 -9999 -9999 -9999 0.00107255651091691 1.13729611712188e-05 1.30247578226772e-05 1.35715000396885e-05 4.41018447418173e-05 2.86419465737708e-05 0.000262574295993545 0.000127325001813006 0.000782132614403963 0.00335765222553164 0.00568455916363746 0.00376313977176324 0.010955303395167 0.00937900794669986 0.00920893012080342 0.0278042579069734 0.0998340770602226 0.0814151290804148 0.0346092300489545 0.0259035266935825 0.0221434756182134 0.0862733863294125 0.0576670654118061 0.0535169288516045 0.0850641265511513 0.0793003663420677 0.0666286151856184 0.0640068236738443 0.101134326308966 0.076928954012692 0.0997108411043882 0.196238155663013 0.0976961802691221
-9999 -9999 -9999 -9999 -9999 -9999 -9999 -9999 -9999 -9999 -9999 -9999 -9999 0.0278676828369498 1.89650294032617e-05 1.61249447955925e-05 0.000122191447553632 0.000107523392398434 3.75729578649953e-06 3.7701140051638e-06 7.98342831330956e-05 1.72708787530951e-05 0.000289922383308294 0.00151335471891798 0.00199003893649206 0.0170843803323805 0.0176197784719989 0.153652703016996 0.131059382110834 0.0702443975955248 0.0611699180677533 0.0244360034354031 0.0291044982150197 0.0576573953032494 0.0175642492249608 0.00688682787586004 0.135560565814376 0.0711482085287571 0.0872851748019457 0.156033067032695 0.0386452059261501 0.0403268310241401 0.0868917848914862 0.0589554657228291 0.0584021225571632
-9999 -9999 -9999 -9999 -9999 -9999 -9999 -9999 -9999 -9999 -9999 -9999 -9999 -9999 -9999 0.00875104330480099 0.000170352898203419 0.000153005383435811 9.6454920276301e-05 6.48172013825388e-05 2.26040876441402e-05 5.5351001208237e-06 4.05796346569787e-06 4.34342051462977e-06 3.91995314661386e-06 0.000738586047373246 5.53220291408252e-06 0.00102934973983793 0.00223996451240964 0.000347645574538547 0.000148892870538475 0.000224772622323144 0.00531885121017694 0.00773351429961622 0.0371798084117472 0.00482319938018918 0.00264763478189707 0.00872977706603706 0.0459467705339193 0.126320060715079 0.0651801891624928 0.0109499102924019 0.0360146783292294 0.0522608751431108 0.030983651522547
-9999 -9999 -9999 -9999 -9999 -9999 -9999 -9999 -9999 -9999 -9999 -9999 -9999 -9999 -9999 -9999 -9999 0.0014330530364532 0.000707700042403303 0.000458138089743443 1.93141012005071e-05 9.33355446250061e-05 0.000188682104817417 6.5733791348066e-05 1.79055846274423e-05 1.58612430141147e-06 2.48952988108897e-06 5.88273556090257e-07 2.47293523358394e-05 9.25919029981515e-07 1.98102132003442e-05 7.19925862540549e-05 5.55814099953977e-06 0.000203992496881256 0.00104550453215779 0.0566746950149536 0.00438399235717952 0.00192112116201315 0.0115010893438011 0.0296200865879655 0.0424039537087083 0.028549755550921 0.0390704983845353 0.0439352842047811 0.0192627226933837
-9999 -9999 -9999 -9999 -9999 -9999 -9999 -9999 -9999 -9999 -9999 -9999 -9999 -9999 -9999 -9999 -9999 -9999 -9999 -9999 0.000519471119332593 0.000161250200471841 0.000152267362864222 7.0025982313382e-05 0.000361295464244904 0.0045321583369514 0.00223681855568429 7.41177323106967e-05 9.80269382125698e-05 0.00180079697747715 0.000315770170709584 0.000774292298592627 8.26056235382566e-05 3.47670538758393e-06 1.50024930519521e-05 0.00111047351892921 0.00515409312647535 0.0322617769241333 0.00290891244658269 0.00345125398598611 0.0318019578233361 0.0302133247256279 0.0560110555030406 0.0421029995661229 0.000602801546483533
-9999 -9999 -9999 -9999 -9999 -9999 -9999 -9999 -9999 -9999 -9999 -9999 -9999 -9999 -9999 -9999 -9999 -9999 -9999 -9999 -9999 0.00826555844396353 0.000265278197912266 0.000431682775524678 0.000639143229636829 0.000747971093005617 1.90212812867685e-05 0.000543385203491198 0.000989591803227086 7.31042661357151e-06 2.35995755701879e-05 6.31334485206025e-06 0.00146990583452862 1.09537507277935e-06 1.761379465961e-05 3.19926866723108e-06 7.55369359012548e-05 0.0137942709960043 0.00492362868972123 0.0453836645931005 0.0499613150954247 0.015765233989805 0.0130946680437773 0.0298620667308569 0.00486330837011337
-9999 -9999 -9999 -9999 -9999 -9999 -9999 -9999 -9999 -9999 -9999 -9999 -9999 -9999 -9999 -9999 -9999 -9999 -9999 -9999 -9999 -9999 -9999 0.00419817346846685 0.000121297641999263 0.000170651527696464 0.000818837857514154 0.00269175365974661 0.00212712470529368 0.000571924676478375 8.46252991323127e-05 0.000210554278601194 4.95800653879996e-05 0.000149532030627597 1.63334779927027e-05 4.03361115559164e-05 0.000493128967355005 6.85186356577105e-06 0.000303632564464351 0.00125692914880347 0.000199037330276042 0.00145464824308874 0.00805751562584192 0.00574882631190121 0.0222907520830631
-9999 -9999 -9999 -9999 -9999 -9999 -9999 -9999 -9999 -9999 -9999 -9999 -9999 -9999 -9999 -9999 -9999 -9999 -9999 -9999 -9999 -9999 -9999 -9999 0.000214129119740392 0.000155102962889941 0.000129125160765398 2.87473474827493e-05 0.000186049688454659 0.000570133050496224 0.00117313147638924 0.000959348425385542 9.22340077522676e-05 0.000288445615296951 3.60188731065136e-05 0.00015426349164045 0.000825507010449655 7.71767288085812e-06 1.15716751405426e-06 0.000686472425149987 1.68939621346453e-05 1.4126165620798e-06 0.00161913231931976 0.00029236433524602 0.00105713445445872
-9999 -9999 -9999 -9999 -9999 -9999 -9999 -9999 -9999 -9999 -9999 -9999 -9999 -9999 -9999 -9999 -9999 -9999 -9999 -9999 -9999 -9999 -9999 -9999 0.0024870520865079 0.000231278025330539 7.63164349336876e-05 2.11488273862415e-05 2.22470865992364e-05 0.000156098549268791 0.000279553065411164 0.000127617814723635 0.000310481985434308 0.00110029418428894 0.000417415286938194 0.000116250119390315 0.000605663079477381 0.000607320165727288 0.00663293113466352 0.00484023903263733 0.000142008324633025 0.00196754258977307 0.0139012800529599 0.0471817751415074 0.0178039250895381
-9999 -9999 -9999 -9999 -9999 -9999 -9999 -9999 -9999 -9999 -9999 -9999 -9999 -9999 -9999 -9999 -9999 -9999 -9999 -9999 -9999 -9999 -9999 -9999 -9999 0.00104577253223397 0.000459832187698339 0.000345144425045874 0.000368228730621922 0.000692447489564074 0.00203750650252914 0.00177260100754211 0.00646025569294579 0.00357667653588578 0.00399849856039509 0.00128727739793248 0.000171489006606862 0.000327971368096769 0.0102975290734321 0.0319212751463056 0.0142146987374872 0.0514032401144505 0.0644528983160853 0.0462659548968077 0.0130919893737882
-9999 -9999 -9999 -9999 -9999 -9999 -9999 -9999 -9999 -9999 -9999 -9999 -9999 -9999 -9999 -9999 -9999 -9999 -9999 -9999 -9999 -9999 -9999 -9999 -9999 0.00207121371204266 0.000540007139170484 0.000774081842973828 0.00170008973072981 0.000713870454274002 0.00324733385059517 0.00395707406569272 0.00635033131111413 0.00749166563618928 0.0010721399099566 0.000188680717110401 0.000778228521812707 0.00299492417834699 0.00540767849888653 0.0322922516614199 0.144741442427039 0.0236133841797709 0.0282457866705954 0.0358058031648397 0.0173022525385022
-9999 -9999 -9999 -9999 -9999 -9999 -9999 -9999 -9999 -9999 -9999 -9999 -9999 -9999 -9999 -9999 -9999 -9999 -9999 -9999 -9999 -9999 -9999 -9999 -9999 -9999 0.00287468775422894 0.0065911728219362 0.00262910565361381 0.0021925848122919 0.000380255136406049 0.000699780536524486 0.00378999765962362 0.00416086225304753 0.00335682147415355 0.00319282945711166 0.00599752573762089 0.0196340458467603 0.0811634842306375 0.105631747096777 0.471246603131294 0.474068534374237 0.049692664667964 0.0469702592119575 0.00386380007257685
-9999 -9999 -9999 -9999 -9999 -9999 -9999 -9999 -9999 -9999 -9999 -9999 -9999 -9999 -9999 -9999 -9999 -9999 -9999 -9999 -9999 -9999 -9999 -9999 -9999 0.0101202532066964 0.000818724842611118 0.0245274442364462 0.00813032116275281 0.00135756219387986 0.00147235174081288 0.00549043491482735 0.0398870756849647 0.0747198907658458 0.0717955246567726 0.0216104902327061 0.0254064281471074 0.0603813426569104 0.111118450760841 0.11478421241045 0.112742025032639 0.089561814442277 0.00870468351058662 0.287196968495846 0.136584037914872
-9999 -9999 -9999 -9999 -9999 -9999 -9999 -9999 -9999 -9999 -9999 -9999 -9999 -9999 -9999 -9999 -9999 -9999 -9999 -9999 -9999 -9999 -9999 -9999 0.00746156491368311 0.00142975126400415 0.0121613848954439 0.00949860399123281 0.00771618890576065 0.00224725198931992 7.48013513657497e-05 0.0818621354177594 0.113619888573885 0.203764382749796 0.193506033718586 0.104249184951186 0.0818101190030575 0.0158235342707485 0.147490822523832 0.220743277668953 0.0243891220539808 0.0349471239373088 0.065007609128952 0.0544770432636142 0.0600209556519985
-9999 -9999 -9999 -9999 -9999 -9999 -9999 -9999 -9999 -9999 -9999 -9999 -9999 -9999 -9999 -9999 -9999 -9999 -9999 -9999 -9999 -9999 -9999 -9999 0.00913533149869181 0.00776404571952298 0.00354127755272202 9.88459820291609e-05 0.00537100923247635 0.00160427303635515 4.94007160341425e-05 0.00390173572814092 0.00100420462695183 0.00129591316945152 0.168921709805727 0.0655780769884586 0.110714259371161 0.0309355289675295 0.00851860970724374 0.0878020539879799 0.0415979785844684 0.0178838079795241 0.0466756902635097 0.0486578430980444 0.0341127547435462
