Maxent_result_files_2/B_mocsaryi_2.asc
NCOLS 594 
NROWS 330 
XLLCORNER -15 
YLLCORNER 23 
CELLSIZE 0.166666666666667 
NODATA_value -9999 
[rows 180 to 199 of 330, columns 405 to 449 of 594]
2.54631905782787e-08 2.67887264371325e-08 2.96807923794162e-08 3.40364015305461e-08 3.33891300163813e-08 3.93424436695433e-08 4.47198162389917e-08 4.49258744095182e-08 4.79480907755736e-08 5.43952462517261e-08 5.79562178137927e-08 6.19472447782599e-08 5.51774767876267e-08 6.7008872239871e-08 6.41726365602224e-08 8.93513759092635e-08 8.75945491141117e-08 6.57840374729268e-08 7.15653118543713e-08 6.0543634639032e-08 7.8390298419162e-08 8.02913314057463e-08 8.26915447338372e-08 5.94903840633876e-08 9.90720907312337e-08 1.05609931710937e-07 9.96214294168851e-08 9.70024486179888e-08 9.26586924854256e-08 7.07714481684718e-08 6.1754335944908e-08 5.94702610601239e-08 5.48598677374557e-08 4.64570140801257e-08 3.63659546365191e-08 3.40655117225808e-08 2.71643054716719e-08 2.48146561410145e-08 2.7117101397689e-08 2.01009591083157e-08 1.98088755842818e-08 1.96995973200664e-08 2.70496202992021e-08 2.29999823520011e-08 2.25389986563407e-08
2.06836805127786e-08 2.42637932745815e-08 2.32442776471054e-08 2.44619601019735e-08 3.05551135615367e-08 3.47858809202073e-08 2.79915569501021e-08 3.28082405132157e-08 3.26535752326329e-08 4.91363239762954e-08 5.00380100576514e-08 5.09812849380786e-08 5.25059194678157e-08 6.44608000199831e-08 7.15675353868406e-08 8.34444227382214e-08 8.48314826051855e-08 7.98172548832632e-08 8.59221397586651e-08 9.01050994372987e-08 8.73865071304714e-08 9.04556305525439e-08 9.81604497463095e-08 1.36000718120588e-07 1.80545191241777e-07 1.32423199550313e-07 1.31192129027013e-07 1.07496658940942e-07 8.90881295179113e-08 8.22917262333078e-08 7.78217393748726e-08 7.0605432056503e-08 5.84327770836168e-08 5.04704468329287e-08 4.69886796805596e-08 3.79966212715743e-08 3.28432931850919e-08 2.74346825923644e-08 2.92616445629612e-08 3.19647356694652e-08 2.5586704899272e-08 1.94041721912619e-08 3.74844298711707e-08 4.04911079554537e-08 2.61365451947881e-08
2.09815336105201e-08 2.58101162664559e-08 2.65997055381995e-08 2.18084979075606e-08 2.63078434925568e-08 2.68989644891526e-08 2.34922954867045e-08 3.56109359778145e-08 3.71184999958807e-08 3.72257488612249e-08 3.95585225909656e-08 5.44874534380568e-08 6.59625461474356e-08 6.66908995583526e-08 7.7838133161201e-08 8.26470682668834e-08 8.3826110974794e-08 8.94305782317417e-08 1.03728185096852e-07 8.47190444130952e-08 8.64551887191922e-08 8.85985635856734e-08 1.25648737636652e-07 1.8746420272775e-07 1.2807196840825e-07 1.07959482786857e-07 1.20166340966676e-07 1.10321853474815e-07 9.60553767304084e-08 9.63727905367584e-08 9.26590372762881e-08 8.08234857818668e-08 6.82508466298692e-08 5.9133839402925e-08 5.08580655922408e-08 3.20918266405457e-08 2.73721393551085e-08 2.67620008487235e-08 2.73757605917524e-08 2.33385782033579e-08 2.17401551205754e-08 3.02626284809371e-08 3.58440848446939e-08 2.86854695774608e-08 2.88624243505176e-08
3.13229176929219e-08 3.21442704009911e-08 1.36083146085042e-08 1.39239179852702e-08 2.38885801917554e-08 2.42566242092401e-08 2.80941726771289e-08 3.47081957952078e-08 3.46706310550005e-08 3.69721488868713e-08 4.3568084395762e-08 6.44476620181855e-08 7.33667847696573e-08 9.01007300768697e-08 8.04397403464385e-08 3.67772421006052e-07 7.92761906454054e-08 9.98675503960378e-08 9.86499628208293e-08 8.69824249849493e-08 7.70601864652498e-08 1.42066048480771e-07 1.67294859176881e-07 1.54841984079113e-07 1.16267377880952e-07 1.01049436140865e-07 1.14349794766433e-07 8.8925120167449e-08 9.45734330182191e-08 1.03429104525432e-07 9.05825414787564e-08 8.72967942600056e-08 7.53988441237752e-08 6.54755082485359e-08 4.61375547100573e-08 4.60424296466755e-08 3.36882165163921e-08 3.03892754405233e-08 1.96727112489192e-08 3.30113549495969e-08 5.04813457147257e-08 5.99930699562989e-08 3.66362886250471e-08 3.17090938173337e-08 3.16043880510541e-08
1.57697250924294e-08 1.85555736886833e-08 1.68244200571266e-08 1.97965766446373e-08 1.08733817061335e-08 2.15489037835859e-08 2.80809174246777e-08 1.88664185496457e-08 3.84702934508319e-08 4.23986185382752e-08 4.36703824657769e-08 4.70723968137854e-08 7.34769528887291e-08 8.38986967233168e-08 8.68535703024698e-08 9.99243685351203e-08 9.30933865106454e-08 1.0793558706812e-07 1.09620015209533e-07 1.04186444072063e-07 1.05031687736012e-07 1.31094649669095e-07 1.21202579028701e-07 1.2059769022299e-07 1.12333061463854e-07 9.70182465365177e-08 1.19078482152535e-07 1.05427830099369e-07 1.03259310002546e-07 8.7261253933768e-08 8.46376386753889e-08 8.18675261693436e-08 8.39898746884948e-08 7.12528526070066e-08 6.05565080635806e-08 4.5257945990862e-08 2.88079824328769e-08 3.76631372756009e-08 3.64990997203662e-08 3.31808670317457e-08 3.29774078600131e-08 4.54567558483276e-08 2.85100597574584e-08 2.77504348833446e-08 3.58067606343049e-08
3.07373032693015e-08 2.38560708742952e-08 2.61392366196489e-08 2.37684355197665e-08 1.29378841640104e-08 2.49381632344559e-08 3.30921828606279e-08 4.0516245081168e-08 3.81146044170499e-08 4.22776845976358e-08 5.06384803644622e-08 7.15918091365175e-08 9.50037430391681e-08 6.32002503109241e-08 1.05311254705587e-07 8.76108435576839e-08 9.75789310020403e-08 9.41903362972063e-08 9.89390545824698e-08 1.07579377350842e-07 1.06790267595525e-07 1.02546717806185e-07 1.08079106153625e-07 1.03794558770076e-07 1.18326393694357e-07 1.18547152827553e-07 1.14068562762082e-07 9.67226778780805e-08 1.12531504381508e-07 1.10520652940593e-07 1.09010555016109e-07 6.35087382461208e-08 8.52969804343573e-08 8.20807118273592e-08 7.2574556486682e-08 7.69905561637252e-08 3.0940044315475e-08 4.34174758368044e-08 2.52117746457614e-08 4.92428261500422e-08 2.9424517642429e-07 4.24841160695522e-08 3.84869026981427e-08 4.02772780572214e-08 4.04025508160544e-08
5.1459321568359e-07 7.43053995777565e-08 5.44196307017408e-08 4.2308330394647e-08 1.55400882495549e-08 2.62785595839254e-08 2.64846776509842e-08 1.93079081833858e-08 4.61471093227139e-08 4.61950792507437e-08 6.6159988743042e-08 5.63691838317837e-08 4.89208124565543e-08 6.40309973709563e-08 1.41948270471204e-07 1.08438410495459e-07 1.02168837079475e-07 1.15751417983923e-07 1.24360062114803e-07 1.52767102123974e-07 1.28682918021372e-07 1.21548585141351e-07 1.25775142179041e-07 1.43306505506757e-07 1.63980772005523e-07 1.68733352101658e-07 1.44083636632875e-07 1.26239052533617e-07 1.51927576363953e-07 8.25672884396944e-08 8.34383340309053e-08 1.20607574827236e-07 1.10375477591074e-07 8.46583341318485e-08 6.44019312434629e-08 6.56357772355065e-08 5.93834507678359e-08 5.2160819807856e-08 6.15815137994247e-08 6.74001935929702e-08 5.72194769565826e-08 6.09710670840258e-08 4.87989366138031e-08 5.08956341960243e-08 3.75816491593461e-08
-9999 1.25454634826383e-05 4.38031158012109e-07 1.79536917288559e-07 3.29999746750964e-08 2.39421538039686e-08 2.54663714560621e-08 2.35056753061791e-08 3.05139431056034e-08 3.70034781926876e-08 2.32256796706132e-07 2.6573970202115e-08 2.94251221610864e-08 7.57692773301066e-08 1.42443033346318e-07 1.30018157917799e-07 1.01776704675149e-07 1.11970309457643e-07 1.16077498113487e-07 1.11255753998396e-07 1.23340749513812e-07 1.54986796041534e-07 1.24522110644953e-07 1.47249519477644e-07 1.41126581731932e-07 1.35323202954396e-07 1.62161471417566e-07 1.63255392182649e-07 1.69281374640118e-07 1.60263450466047e-07 1.66093382925059e-07 1.72993176650316e-07 1.56678449669823e-07 1.23477181224185e-07 1.07740782617771e-07 9.82093258161676e-08 7.13831308285506e-08 5.70849129410966e-08 6.24626874778933e-08 5.3407261668692e-08 5.36802833184247e-08 5.93020749395379e-08 5.8298418437186e-08 4.39183386991004e-08 3.03456927586154e-08
-9999 -9999 -9999 6.42582920207246e-07 4.75848384473565e-08 2.55114385172561e-08 2.77426160044669e-08 1.46276092349851e-08 1.54158486531664e-08 2.22457448462166e-08 1.58463900001848e-07 6.52974638248871e-08 4.68695258604157e-08 9.00030647565941e-08 1.13702723036901e-07 1.35494965802785e-07 1.57813466417078e-07 1.62438934170339e-07 8.02113453102216e-08 9.40534528925951e-08 1.72114098662135e-07 2.2139319862946e-07 2.15808414294472e-07 1.05250868587259e-07 1.55022768666413e-07 1.7042658866373e-07 1.65500406057451e-07 2.93301367915166e-07 1.0839615888214e-07 1.61042221991092e-07 1.12606556812445e-07 1.79103269881686e-07 1.71993062236808e-07 1.92019656153342e-07 1.45953612096239e-07 1.81715700642293e-07 5.06579607040258e-08 8.00572187542592e-08 1.04593928917929e-07 8.63391595773422e-08 4.20075205287418e-08 6.29618073122451e-08 5.09200231979534e-08 5.56432880882696e-08 3.71331941861897e-08
-9999 -9999 -9999 3.76136326885046e-07 3.57776505950369e-06 5.30514775221036e-08 2.77278232929667e-08 3.21372109701734e-08 3.27878265871107e-08 3.87988724703803e-08 4.2660517052262e-08 8.61773431504176e-08 9.02221321652519e-08 9.85390633978511e-08 1.37595456550788e-07 7.80803102617966e-08 1.22716124006939e-07 1.40751765698166e-07 2.50414518732089e-07 2.33423690987333e-07 2.22102814606551e-07 2.2335324701972e-07 2.3625090084245e-07 1.40832404449398e-07 3.05100726416541e-07 2.69957641219065e-07 3.07678131672429e-07 2.56106542828594e-07 2.24188243858059e-07 2.38982293487844e-07 2.09684000218591e-07 1.97697451009837e-07 2.00029317576345e-07 1.92965233380971e-07 1.346209086317e-07 1.36688268637108e-07 1.10256026175648e-07 1.07692111939173e-07 1.0458402354141e-07 1.16236788849644e-07 6.39822981263194e-08 4.12486203860141e-08 9.18335169020068e-08 6.51921012173595e-08 5.27741269351623e-08
-9999 -9999 -9999 1.89547335205376e-07 3.32632412209932e-06 1.21764334537477e-07 4.94233416414858e-08 2.29800762308052e-08 3.35779908877676e-08 6.84335761169663e-08 7.16316792992444e-08 2.50955983602807e-06 7.62947044430362e-08 1.24975432258534e-07 7.7068425596849e-08 1.86244464184249e-07 2.21166198954847e-07 1.66393342238003e-07 2.71861133793738e-07 2.78418618304688e-07 2.96562825530255e-07 3.45770306975357e-07 1.82806938697766e-07 3.31149933718855e-07 3.97152849562765e-07 3.80046758174934e-07 4.21529240546281e-07 4.31250163224206e-07 4.03076639310385e-07 4.04811104937064e-07 2.49358425719048e-07 2.85878678529805e-07 2.36329962144399e-07 2.10312430537485e-07 1.9057157253366e-07 1.98098608727992e-07 1.9314841498419e-07 2.29123622708105e-07 1.60492259015932e-07 1.13209771912537e-07 9.94564627654348e-08 1.01297703292147e-07 1.56038566068162e-06 9.09686421191047e-08 6.75267223249065e-08
-9999 -9999 4.88251326213884e-07 5.5591300618385e-08 2.56987056967972e-07 4.63366010117205e-08 2.87270903620573e-08 5.18317536224444e-08 4.40775403953708e-08 4.89594826014184e-08 5.11018491633486e-08 7.20008036303454e-08 9.86595435903403e-08 7.90846604870055e-08 2.01224472506922e-07 2.12367524632384e-07 2.73285784118116e-06 3.48499346287667e-06 1.94315308121862e-07 4.11266263644627e-07 4.20526685618317e-07 2.88403908987878e-07 3.29132540932697e-07 2.83494279529339e-07 6.94587914129574e-07 6.50519873612865e-07 6.30813258428731e-07 5.12420949760894e-07 4.38691800064284e-07 3.16505520281396e-07 3.26291741481466e-07 1.28033889656987e-07 2.32206659123158e-07 2.6931444486733e-07 3.11309915845825e-07 2.72654438293607e-07 2.50167832793746e-07 1.74769750260761e-07 1.91499972035381e-07 1.39069497395727e-07 8.64997296012859e-08 1.27043544462246e-07 0.000143967551412061 8.8350939009274e-06 3.28093605270752e-06
-9999 -9999 1.59688579088879e-06 4.63435197151085e-07 5.45510241312108e-08 5.56444705646086e-08 8.41895088532496e-08 5.7051918089801e-08 3.68841312936574e-08 9.02888878107078e-08 1.25165150199891e-07 1.37193249671874e-07 1.43465645940921e-07 1.53529179958145e-07 2.54532781767125e-06 3.66126959505664e-06 1.4305311752949e-06 4.11202890271412e-07 1.9387372021118e-07 2.49193527395164e-06 4.57178084500853e-07 3.35888704461329e-07 3.99454002533162e-06 7.61543629279604e-07 6.46509463597678e-07 6.84136106843258e-07 3.13998909950985e-07 2.90455384155397e-07 1.908947034579e-06 5.09548216121036e-07 6.17113301781824e-07 1.77367444873511e-06 4.10481392010276e-07 3.45900889875406e-07 3.43720621009957e-07 2.96679759459462e-07 2.46036682505224e-07 9.78034240883829e-07 1.35709724560229e-06 1.88197212587227e-06 1.08933815425871e-05 1.63879381489096e-05 0.000307738942501601 1.08414872665996e-06 1.96442778879202e-05
-9999 -9999 3.53833852440033e-07 3.65761482896687e-06 6.30537477945836e-06 5.02285218084708e-08 3.79903197167408e-07 3.70731567613802e-06 2.46545134132248e-05 5.65844575994845e-07 7.65129788078411e-06 1.14700037034954e-07 1.81092375639569e-07 4.3630157294805e-07 9.42828199868018e-06 5.45225512269099e-05 2.94519281396788e-05 1.27777703093912e-06 7.08382655756346e-07 7.62092145090154e-07 7.35252226424787e-07 8.1823078984522e-07 1.32959856644632e-06 5.3434297437871e-07 7.97634349269938e-07 8.39201194535732e-07 1.09950992084329e-06 4.95725363549582e-06 1.65451594060784e-06 8.68400790898782e-07 5.24161497972297e-07 1.73250331854113e-06 5.79684817714199e-07 4.6631877247405e-07 4.94910040693686e-07 4.27853586348892e-07 5.84104540957142e-07 2.00588545962166e-07 8.80317812459452e-06 0.000444130186224356 0.000491630435863044 0.000842098861903651 1.82412655476583e-05 0.000141776513419245 0.000991418192279525
-9999 -9999 1.01023331566807e-06 1.81704638634983e-05 9.23762803722639e-05 0.000109819289627922 3.9584298463069e-06 6.95683100730093e-05 8.26634310215013e-05 0.000158011385246937 0.000181224218431453 0.000143202439448942 1.53625173652472e-05 2.84755679906823e-06 2.338811786462e-07 8.3949574474218e-06 0.000160596729074314 1.21177021242147e-05 7.71887511463731e-07 1.57459241831859e-06 6.34887615436064e-07 7.5703387604209e-07 3.85079490383689e-07 4.0463986540118e-06 1.05847398543801e-05 1.65045390883023e-06 6.21302088188447e-07 1.78050462295687e-05 2.18088934161642e-05 6.22621972894422e-06 4.57030894585042e-07 7.24811187624574e-07 4.90543380293751e-07 5.58129904082438e-07 5.62128693393227e-07 4.3699711339551e-07 1.15686779649238e-06 1.52945876754629e-06 0.000319855890847975 0.000294294342529611 0.000393688341137022 0.000141449495913548 1.48756136919559e-07 0.000420611604204169 0.000877788150683045
1.50874492192088e-05 6.86340839592958e-06 2.53252402671045e-07 1.95022156148639e-06 4.66500500806433e-05 8.69960743330012e-05 1.73294733713192e-05 9.55530104874924e-05 0.000169871908110508 0.000246416312438669 0.000178739696275443 0.000147662550079986 0.000229253725228773 7.9388184445861e-06 2.24531553594254e-07 6.99768303093151e-05 0.000149894294372643 1.04737371491304e-06 2.28483440114502e-06 3.4779755001324e-06 2.22380827608504e-05 0.000383054596386501 0.000229609629059269 6.79684669194103e-05 4.15004439453526e-06 4.18789001770392e-06 1.313332970998e-06 5.44328733997901e-07 4.47394025726577e-07 8.84261463152125e-07 4.49408036895527e-07 8.83887212188572e-07 8.55318412029682e-07 8.67956584127416e-07 7.96106871503444e-07 5.1994503116326e-07 1.06275985660709e-06 0.000413278479754808 0.000324507336335955 0.000327095214015571 0.000300596585657331 0.000402380141167669 0.000120921219604497 5.23539553798358e-07 9.3420810628686e-06
2.55060951189989e-05 4.40480028828461e-05 0.000172207867217367 0.000242240804436733 0.000311021888046525 0.000126579352672707 2.8850452235929e-05 0.000282684138801415 0.00019287921495561 0.00019465615550871 2.7734693954784e-06 0.000218421417048376 0.000164546611631522 0.000218646051689575 5.00241440931859e-05 0.000180412729241652 0.000324906229798216 6.81152780089178e-05 2.49711626111093e-05 0.000236562582358602 0.000354232718746061 9.84102036454715e-05 8.49667632792261e-05 0.000185370964391041 1.78130565053891e-06 4.2231561114825e-07 9.18686517314971e-07 9.43964899069449e-07 9.36525028150115e-07 9.27851931509238e-07 5.82206494048609e-07 9.24648965283659e-07 8.71746748520863e-07 8.59489142823744e-07 8.41034375598238e-07 5.54628718563155e-07 6.53829912777848e-07 0.000404257365516969 0.000312922181183239 0.000326974767449428 0.00336077089305036 0.00265312978881411 1.98356175138414e-06 6.62275811569302e-07 3.12084180222882e-05
8.54171901920608e-06 1.13061606782594e-05 2.81157013404254e-06 8.23420754727522e-06 3.51823859823241e-07 8.28478954684186e-07 2.30549239645939e-06 7.25089512343402e-05 5.43274131814542e-05 3.61786892995042e-06 6.55425892546191e-06 3.50280901784572e-05 0.000183562644087942 9.5582233825553e-05 1.21745559567898e-05 4.71393420411914e-05 0.000123368888307596 2.61970492800856e-06 7.74166400390186e-06 0.000208794747959473 0.00022647010810033 1.7740583689374e-05 1.77934201246899e-05 4.29412273632579e-06 1.02084346034204e-06 8.4892739866671e-07 6.96612860329182e-07 9.15603779672036e-07 4.73474839102206e-07 4.77443872759498e-07 4.71750143693495e-07 4.950765165046e-07 8.98277163330352e-07 5.48790097376628e-07 7.70162892094195e-07 5.33529512247721e-07 1.30104309352674e-06 0.000366633999874466 0.000262932740952238 0.000287697450767155 0.000426354989031097 0.000688912947953213 5.12335849223167e-07 7.23046847561637e-07 3.30153877072803e-06
0.00018106283605448 0.000158337136963382 0.00116197975439718 0.000168027267136495 3.63041502249306e-07 1.42745999028193e-05 1.00519013813027e-05 1.23288924234188e-06 1.21600648061992e-06 1.66135095014397e-05 0.000125711253713234 3.32526636611874e-05 2.59194974567833e-06 4.76301339025209e-07 1.50174264570424e-06 2.21275445483116e-05 1.35782682377794e-05 2.39621862419881e-05 5.65082791013083e-06 4.85379406200082e-05 0.0015973613713868 4.79117649774707e-05 1.17151641214619e-06 5.76468585644641e-07 2.06481144591208e-06 4.26973779799056e-07 6.79383214230445e-07 1.19143892760576e-06 1.44532611789927e-06 1.72680651303381e-05 2.04880926844453e-05 1.37205082251235e-06 1.71972677280863e-06 8.88498709772367e-07 1.10340100223372e-06 8.94954014563076e-07 2.7736083263008e-06 0.00031767346408742 0.000233445687990752 0.000320426179314381 0.000301029209367698 3.14800606702192e-05 6.78650323915342e-07 7.11614595172438e-07 1.59360994757662e-05
0.00151628999155946 0.000304370213052607 0.000331376570102293 4.56089878298371e-05 3.98061957653795e-06 5.43559849290887e-06 1.00138143068307e-05 6.13937381999108e-07 5.89981736687228e-07 3.08633362855471e-07 5.94675805798417e-07 2.61011975510872e-07 1.0817280408304e-06 1.32936340904166e-06 3.75270082320078e-07 6.287880751632e-07 6.54344679844598e-06 0.000140449614991667 0.000254000712448033 9.58764741426421e-05 5.76904118247512e-05 0.000304268612671876 0.000325462683031219 6.49105288346163e-06 7.02267296182058e-07 6.55763605494908e-07 3.76433844309076e-06 6.69756003844668e-05 0.000400948865353712 0.000429911375977099 0.00033451506315032 0.00042938893820974 0.000400421324593481 2.60074772086227e-05 3.90292078420451e-06 8.48266098307793e-07 6.4686431642258e-06 0.000268632487859577 0.000200664858493838 0.000198708935204195 8.75180805451237e-05 6.60736375002191e-07 6.69047920065502e-07 6.93007748153729e-07 0.000218977714757784
