Maxent_result_files_2/B_muscorum_3.asc
NCOLS 594 
NROWS 330 
XLLCORNER -15 
YLLCORNER 23 
CELLSIZE 0.166666666666667 
NODATA_value -9999 
[rows 300 to 319 of 330, columns 184 to 229 of 594]
2.61068944240606e-13 2.92899038356609e-13 2.12108108854636e-13 1.94566585065559e-13 1.91235915991683e-13 2.16904272321017e-13 1.78090875380121e-13 1.7510437544388e-13 1.45150558239493e-13 2.56192844716452e-12 4.91169327432317e-12 1.33271171876004e-13 1.13120623979057e-13 1.82875936616256e-13 1.37656552823273e-13 1.83286719135367e-13 1.48636658536816e-13 1.33582034322899e-13 1.66644475996236e-13 1.69020353268934e-13 1.62303503969952e-13 1.5922818619174e-13 1.70130576293559e-13 1.80311321429372e-13 1.94211313697679e-13 2.1520563109334e-13 1.71507252844094e-13 1.21425092203253e-13 1.25910393222739e-13 1.2312373343093e-13 1.039612840259e-13 9.17044218340379e-14 8.57203197313083e-14 8.07021116600026e-14 7.75601805003134e-14 7.48845430109668e-14 7.69384556065233e-14 7.55839835164807e-14 8.4865448002347e-14 9.4135810257967e-14 9.67559365960824e-14 9.81548176071101e-14 7.11097847272413e-14 7.11986025692113e-14 7.26085858104852e-14 6.19060358530987e-14
2.51976217668926e-13 1.78967951569575e-13 1.64623870091418e-13 1.70607972194148e-13 3.40127925824163e-13 2.12471706895201e-11 2.45192754988466e-13 2.64244182091033e-13 6.45550279898544e-13 8.84074302653914e-10 2.12152406753319e-11 2.25914842388875e-12 5.95690163862628e-13 4.21029877628598e-13 1.61859414760102e-13 1.78057568689383e-13 1.45827794284514e-13 1.39677158728091e-13 1.42186262763744e-13 1.67765801251107e-13 1.89370741310313e-13 2.03581596025515e-13 2.06612504882742e-13 2.08155714886971e-13 1.92335036786062e-13 1.74882330838955e-13 1.66788804989437e-13 1.50879309046559e-13 1.33604238783391e-13 1.19970700040994e-13 1.10422782029218e-13 1.02373665100686e-13 9.81881242978488e-14 9.3736129969102e-14 8.83737527601625e-14 8.12683254025615e-14 7.80930875521335e-14 7.95363774841462e-14 8.60977955596809e-14 9.0161211829809e-14 9.29367693913719e-14 1.01207930924829e-13 1.01973984811821e-13 6.55253629133767e-14 6.21058759975313e-14 6.15285600247262e-14
1.59572355329374e-13 1.47259981986281e-13 1.64246394263046e-13 1.7785772854495e-13 1.84852133600089e-13 3.02094682602672e-10 8.84285868973933e-09 3.51748630222914e-11 4.68461935909659e-11 1.8541486124235e-10 2.38770225813312e-11 1.58076329803691e-11 4.31823243829399e-11 4.80102624322853e-12 1.18617338173976e-12 1.24378285448756e-13 1.98840943710366e-13 1.88915549870217e-13 1.97963867520912e-13 2.00550687168288e-13 2.19879670027012e-13 2.08133510426478e-13 1.96154203990773e-13 1.77979853077659e-13 1.76370029691952e-13 1.69930736149126e-13 1.59294799573217e-13 1.47626355584407e-13 1.34947608643188e-13 1.24789067967868e-13 1.16728848809089e-13 1.06215036765889e-13 9.63229496164786e-14 8.63198401646059e-14 8.26116952623579e-14 8.34221580703343e-14 7.4318329268408e-14 6.87339074545434e-14 7.02993219192649e-14 7.41073868937292e-14 8.41660074968331e-14 9.85544978959752e-14 1.03117514527185e-13 1.02196029416746e-13 6.37601083042227e-14 6.01629857044372e-14
1.76236802928997e-13 1.72195591119362e-13 1.72362124573056e-13 2.31481500634345e-13 2.1458390619955e-13 3.25350857366402e-13 1.23393575468533e-08 2.12418597156372e-09 2.34351316130699e-11 4.28677648933729e-11 5.9326631163259e-09 2.75016649675663e-08 1.67212873547484e-09 2.55671328552864e-10 1.41527678465536e-11 2.7183810757947e-13 2.69373412464802e-13 2.1861401577894e-13 2.15771844835899e-13 2.21411777800995e-13 2.10598205541146e-13 2.0229373731695e-13 1.90392146492968e-13 1.8401946633162e-13 1.78546066820218e-13 1.66688884917221e-13 1.56097357262297e-13 1.49347201272576e-13 1.32049926548916e-13 1.25155441565994e-13 1.12332365631573e-13 9.0516483197689e-14 7.89257548206024e-14 7.19535542259564e-14 6.97109037162136e-14 7.13429315624126e-14 6.83564316261709e-14 6.50479670127879e-14 6.42375042048116e-14 6.9466654650796e-14 7.62501173312557e-14 9.69557767405149e-14 1.02140518265514e-13 1.05604414102345e-13 8.94284646335564e-14 5.89639448378421e-14
1.63147273468667e-13 1.69253500104105e-13 1.83142390142166e-13 2.07867056900568e-13 2.13229434109508e-13 1.85207404967969e-13 8.635969717119e-12 5.31882315968346e-11 4.39244185468368e-10 3.39608263733027e-10 1.01296214638502e-08 3.61632149559199e-08 6.13532133986183e-09 2.71259147366365e-09 1.2489242973146e-11 2.46125342329151e-13 2.52098342201634e-13 1.97331040396875e-13 2.00561789398535e-13 2.00395255944841e-13 2.00794936233706e-13 1.89026572172679e-13 1.76547665375892e-13 1.64768199084619e-13 1.5691892230052e-13 1.47859502419578e-13 1.4122036873232e-13 1.24600330053681e-13 1.12532205776006e-13 1.06403774680075e-13 9.40802991067358e-14 8.24340595784179e-14 7.32525151647678e-14 7.02660152285262e-14 7.00106639328624e-14 5.76427794385381e-14 6.24389429049188e-14 4.29989377437323e-14 4.82169859594705e-14 6.9377836808826e-14 7.30082660993503e-14 8.66196003812547e-14 1.0019762797242e-13 1.0387246618393e-13 1.02085007114283e-13 6.18616269321137e-14
1.59305901803464e-13 1.55409018987029e-13 1.64690483472896e-13 1.91124893689221e-13 1.90858440163311e-13 1.91879845345966e-13 2.97128988080431e-13 1.20131682379565e-12 7.92195198329182e-12 3.88813561347234e-09 2.22718379294662e-09 1.52957050358893e-09 7.52509721202443e-11 1.76387349171137e-11 1.86100024279767e-12 1.66033853332692e-13 1.5647483309067e-13 1.55031543158657e-13 1.61337609938528e-13 1.78590475741203e-13 1.69131375571396e-13 1.58106860936869e-13 1.4738210651899e-13 1.37900801888691e-13 1.31739064102021e-13 1.29130039994152e-13 1.25011112572793e-13 1.16473497513425e-13 1.03195230138908e-13 9.74553771015962e-14 8.62088178621434e-14 7.83484388477973e-14 7.25197679685152e-14 7.05879799056674e-14 6.25832718981201e-14 6.23279206024563e-14 6.21946938395013e-14 5.39568389967826e-14 3.53272966435725e-14 7.32969240857528e-14 7.34190486184616e-14 7.87703235971549e-14 8.95727936267576e-14 1.0073053502424e-13 1.0493828028757e-13 1.005528993403e-13
1.75137682134618e-13 1.49036338825681e-13 1.68509650677606e-13 1.72495351336011e-13 1.75781611488901e-13 1.80355730350357e-13 1.83375536977337e-13 2.74691380752756e-13 5.51592105324517e-13 1.77415082625032e-11 5.37851985171756e-12 3.69795971622011e-11 6.57618404176219e-12 1.80091164203589e-11 1.84616766318868e-12 1.86095583387669e-13 1.50102152929321e-13 1.52766688188422e-13 1.47770684577608e-13 1.42341693987191e-13 1.36701761022096e-13 1.41964218158819e-13 1.30961907984783e-13 1.276534433714e-13 1.23312471345116e-13 1.21047616374881e-13 1.17095222407215e-13 1.09634523681734e-13 9.96314142298615e-14 9.32143251475281e-14 8.56759108103233e-14 7.92477194977437e-14 7.01882996168024e-14 6.31938945616639e-14 6.11177775056149e-14 5.97966121063109e-14 5.03375119365046e-14 4.85389506366118e-14 3.13193915246757e-14 5.62550006577567e-14 7.56950058189432e-14 7.8115292012626e-14 8.27449220253129e-14 8.99724739156227e-14 9.96203119996153e-14 1.05060404820279e-13
1.89726012678193e-13 1.76714198829586e-13 1.9826362773756e-13 1.6618928455614e-13 1.83175696832905e-13 1.58739688060905e-13 1.81799020282369e-13 2.04936068115558e-13 2.21400675570749e-13 2.32158736679366e-13 1.30282451493713e-12 1.57897617203417e-10 5.21781173823399e-11 4.75053330006858e-13 1.92057481029906e-13 1.53121959556302e-13 1.53765888910584e-13 1.48148160405981e-13 1.34481314972845e-13 1.26243460130127e-13 1.24067423001861e-13 1.33937305690779e-13 1.27686750062139e-13 1.22801768753789e-13 1.14674936213532e-13 1.14708242904271e-13 1.11055609153254e-13 1.01951780351328e-13 9.47353306912646e-14 9.0116802908824e-14 8.67528271442097e-14 7.49067474714593e-14 6.90558721316847e-14 6.49591491708179e-14 6.11399819661074e-14 6.15729689457112e-14 6.06403816050261e-14 5.93636251267071e-14 4.81836792687318e-14 4.04787314778332e-14 7.51620987671231e-14 7.65831842386433e-14 7.80153719404098e-14 8.61311022504196e-14 9.03499497439952e-14 9.52127265918534e-14
1.58839608133121e-13 1.41320288804536e-13 1.97430960469092e-13 1.92768023765666e-13 1.99384952992432e-13 2.1905810498879e-13 1.79112280562776e-13 1.77358128183869e-13 1.4530598946294e-13 2.93365332026951e-13 1.30273569709516e-13 1.92601490311972e-13 1.11716191852906e-12 9.88265025370083e-13 1.70197189675036e-13 1.29463106901539e-13 1.24844579119099e-13 1.16795462190566e-13 1.11233244837194e-13 1.16906484493029e-13 1.19637633133607e-13 1.27942101357803e-13 1.18971499318832e-13 1.12576614696991e-13 1.10544906561927e-13 1.08768549722527e-13 1.03705932730236e-13 9.31477117660506e-14 8.93396467915864e-14 7.95363774841462e-14 7.78377362564697e-14 7.36188887628941e-14 6.84119427774022e-14 6.40043573696403e-14 6.28608276542764e-14 6.49036380195867e-14 6.48703313288479e-14 6.213918268827e-14 3.53828077948037e-14 3.35176331134335e-14 4.49862369578113e-14 7.38964445190504e-14 7.74491581978509e-14 8.1867845835859e-14 8.870681966755e-14 8.94617713242951e-14
1.24755761277129e-13 1.50623957750895e-13 1.79256609555978e-13 1.72994951697092e-13 1.97009075719734e-13 1.97830640757957e-13 1.92956761679852e-13 1.89215310086865e-13 1.70130576293559e-13 1.22213350550737e-13 5.58419976925961e-13 1.9293455721936e-13 2.03059791203941e-13 1.1403100685925e-13 1.20048415652718e-13 1.07058806264604e-13 1.11910480882216e-13 1.0413891970984e-13 7.78599407169622e-14 3.46278561380586e-14 9.94426763156753e-14 1.16195941757269e-13 1.13753451103094e-13 1.0635936575909e-13 1.04560804459197e-13 1.04183328630825e-13 1.03750341651221e-13 8.66973159929785e-14 8.04800670550776e-14 7.6172401719532e-14 7.4584782794318e-14 7.08433312013312e-14 6.53477272294367e-14 6.33049168641264e-14 6.74460487459783e-14 6.7656991120657e-14 6.7168492989822e-14 6.19282403135912e-14 3.3495428652941e-14 3.23741033980696e-14 3.1952218648712e-14 7.67941266133221e-14 7.74380559676047e-14 7.87703235971549e-14 8.48765502325932e-14 8.7119200742336e-14
1.24489307751219e-13 1.33959510151271e-13 1.68198788230711e-13 1.73117076229801e-13 1.90925053544788e-13 2.02404759619412e-13 1.95177207729103e-13 1.94333438230387e-13 1.74771308536492e-13 1.70308211977499e-13 1.58029145325145e-13 1.54387613804374e-13 9.94537785459215e-14 9.61009050115536e-14 1.05371267267174e-13 1.0946799022804e-13 9.62896429257398e-14 1.00974784089658e-13 9.0205620750794e-14 9.01501095995627e-14 9.12936393149266e-14 1.06148423384411e-13 1.06969988422634e-13 1.02262642798223e-13 1.00008890058234e-13 1.01152419773598e-13 9.42135258696908e-14 9.04387675859653e-14 8.42548253388031e-14 7.48401340899818e-14 7.14095449438901e-14 6.80233647187833e-14 6.44595488097366e-14 6.68021193916957e-14 6.88560319872522e-14 6.81121825607534e-14 6.7390537594747e-14 4.5763393075049e-14 3.3717473257866e-14 3.16968673530482e-14 4.25326440733897e-14 7.67719221528296e-14 7.66164909293821e-14 7.82152120848423e-14 8.17457213031503e-14 9.04942787371965e-14
7.20201676074339e-14 1.40709666140992e-13 1.62236890588474e-13 1.6645573808205e-13 1.66000546641953e-13 1.78046466459136e-13 1.93056681752068e-13 1.77358128183869e-13 1.62436730732907e-13 1.49646961489225e-13 1.35791378141903e-13 1.18483001187997e-13 1.00974784089658e-13 1.08779651952773e-13 1.13098419518565e-13 1.28852484237996e-13 1.26743060491208e-13 1.25233157177718e-13 1.26576527037514e-13 1.09434683537302e-13 1.10600417713158e-13 1.0627054791712e-13 1.01019193010643e-13 9.68447544380524e-14 9.61675183930311e-14 9.75552971738125e-14 8.92841356403551e-14 8.52429238307195e-14 7.98139332403025e-14 7.45736805640718e-14 7.09099445828088e-14 6.70130617663745e-14 6.71573907595757e-14 6.84563516983872e-14 6.81343870212459e-14 6.76014799694258e-14 6.7390537594747e-14 6.26720897400901e-14 3.70592445619877e-14 3.11306536104894e-14 3.5349501104065e-14 7.60724816473157e-14 7.55173701350032e-14 7.96918087075937e-14 8.33444424586105e-14 9.53792600455472e-14
1.1767253838002e-13 1.43229872406891e-13 1.70374825358977e-13 1.72040159895914e-13 1.91791027503996e-13 1.49769086021934e-13 1.61870516990348e-13 1.30828681221828e-13 1.21957999255073e-13 1.16417986362194e-13 1.13709042182109e-13 1.06026298851702e-13 1.0822454044046e-13 1.12987397216102e-13 1.33093536192064e-13 1.50235379692276e-13 1.42763578736549e-13 1.31206157050201e-13 1.25022214803039e-13 1.18627330181198e-13 1.1518563880486e-13 1.07491793244208e-13 1.00608410491532e-13 9.744427487135e-14 9.46576150795408e-14 9.51128065196372e-14 8.35331803727968e-14 8.21787082827541e-14 7.78599407169622e-14 7.2419847896299e-14 6.92668145063635e-14 6.85118628496184e-14 6.69908573058819e-14 6.73350264435157e-14 6.70685729176057e-14 6.67799149312032e-14 6.68021193916957e-14 6.1739502399405e-14 3.13415959851682e-14 3.19744231092045e-14 3.78475029094716e-14 7.64943663966733e-14 7.56616991282044e-14 7.94919685631612e-14 7.88813458996174e-14 8.11906097908377e-14
1.46349599106088e-13 1.61526347852714e-13 2.02926564440986e-13 1.91924254266951e-13 1.39865896642277e-13 1.34103839144473e-13 1.1474154959501e-13 1.00308650274883e-13 1.35369493392545e-13 1.48481227313368e-13 1.09401376846563e-13 9.67004254448511e-14 1.43218770176645e-13 9.44688771653546e-14 8.1246120942069e-14 9.5590202420226e-14 9.2015284280933e-14 6.44484465794903e-14 6.41597885930878e-14 8.18123346846278e-14 9.49573752961896e-14 1.00752739484733e-13 1.03017594454968e-13 9.81659198373563e-14 9.29478716216181e-14 8.72857341960298e-14 8.51541059887495e-14 8.17568235333965e-14 7.81374964731185e-14 7.40629779727442e-14 7.1276318180935e-14 6.86339873823272e-14 6.47149001054004e-14 6.56918963670705e-14 6.47704112566316e-14 6.55142606831305e-14 6.5802918669533e-14 4.99822405686245e-14 3.05866443284231e-14 3.22075699443758e-14 3.56825680114525e-14 7.69162511460308e-14 7.74491581978509e-14 7.96473997866087e-14 7.53286322208169e-14 8.09796674161589e-14
1.43596246005018e-13 1.83153492372412e-13 1.73916436807531e-13 1.50124357389814e-13 1.2972956042745e-13 1.17328369242387e-13 9.24704757210293e-14 9.74331726411037e-14 1.27864385746079e-13 2.05468975167378e-13 9.3736129969102e-14 9.31366095358044e-14 7.58393348121444e-14 8.63420446250984e-14 5.09814412907872e-14 4.66626737249953e-14 4.48641124251026e-14 5.23692200715686e-14 5.61328761250479e-14 7.92588217279899e-14 9.26925203259543e-14 9.76108083250438e-14 9.52349310523459e-14 9.21707155043805e-14 9.15378883803442e-14 8.74966765707086e-14 8.4998674765302e-14 8.08908495741889e-14 7.73603403558809e-14 7.51732009973694e-14 7.25752791197465e-14 6.95665747230123e-14 6.63802346423381e-14 6.80011602582908e-14 6.66466881682481e-14 6.49258424800791e-14 4.43423076035287e-14 3.12305736827057e-14 3.11861647617206e-14 3.30624416733372e-14 4.91939822211407e-14 7.64610597059345e-14 7.3041572790089e-14 7.40407735122517e-14 8.07465205809876e-14 7.63389351732258e-14
1.58584256837457e-13 1.47815093498593e-13 1.38122846493616e-13 1.36968214548006e-13 1.13808962254325e-13 1.14952491969689e-13 9.45354905468321e-14 9.49684775264359e-14 1.25655041927075e-13 1.28574928481839e-13 8.8928864272475e-14 7.39297512097892e-14 7.17426118512776e-14 4.68847183299204e-14 4.81725770384855e-14 4.58189042262802e-14 4.79616346638068e-14 4.91051643791707e-14 4.83502127224256e-14 6.91779966643935e-14 9.47464329215109e-14 9.14823772291129e-14 7.9924955542765e-14 5.47561995745127e-14 8.40327807338781e-14 8.34887714518118e-14 8.10684852581289e-14 7.95585819446387e-14 7.72049091324334e-14 7.56394946677119e-14 7.47291117875193e-14 7.08211267408387e-14 6.94888591112885e-14 6.83342271656784e-14 6.57363052880555e-14 4.65294469620403e-14 3.16968673530482e-14 3.06421554796543e-14 1.36002320516582e-14 1.28674848554056e-14 3.47055717497824e-14 5.57665025269216e-14 5.68767255515468e-14 6.40931752116103e-14 7.72271135929259e-14 8.08686451136964e-14
1.38800082538637e-13 1.11211040376702e-13 1.22024612636551e-13 1.09690034832965e-13 1.0875744749228e-13 9.94648807761678e-14 8.81628103854837e-14 9.01723140600552e-14 8.96949181594664e-14 9.39470723437808e-14 7.48401340899818e-14 6.28941343450151e-14 4.6207482284899e-14 4.35540492560449e-14 4.51083614905201e-14 4.53970194769226e-14 4.43756142942675e-14 4.53193038651989e-14 4.84834394853806e-14 6.30162588777239e-14 5.66879876373605e-14 8.40105762733856e-14 6.14730488734949e-14 8.1423756626009e-14 8.19899703685678e-14 4.43423076035287e-14 2.59459120854899e-14 7.7626793881791e-14 7.75268738095747e-14 7.57505169701744e-14 7.36410932233866e-14 6.66244837077556e-14 6.89892587502072e-14 5.95301585804009e-14 4.53193038651989e-14 2.41251463251047e-14 1.51878509768721e-14 2.93542967710891e-14 1.4299672557172e-14 1.10078612891584e-13 1.47326595367758e-14 6.27498053518139e-14 6.70574706873595e-14 6.69242439244044e-14 7.36077865326479e-14 7.15205672463526e-14
9.9387165164444e-14 9.39359701135345e-14 1.03894670644422e-13 9.44577749351083e-14 1.02651220856842e-13 9.09494701772928e-14 9.00723939878389e-14 8.83848549904087e-14 8.62088178621434e-14 5.36237720893951e-14 4.09450251481758e-14 4.2410519540681e-14 4.24882351524047e-14 4.37316849399849e-14 4.19775325610772e-14 4.37538894004774e-14 4.20552481728009e-14 4.10227407598995e-14 4.25104396128972e-14 4.77284878286355e-14 6.17061957086662e-14 1.02584607475364e-13 9.5901064867121e-14 8.09796674161589e-14 7.63833440942108e-14 6.09401418216748e-14 1.72528658026749e-14 7.18980430747251e-14 7.01216862353249e-14 7.19979631469414e-14 6.79678535675521e-14 1.91624494050302e-14 1.4210854715202e-14 2.4802382370126e-14 1.37001521238744e-14 4.32542890393961e-14 1.02795549850043e-13 1.05093711511017e-13 1.08413278354647e-13 1.10533804331681e-13 1.12798659301916e-14 6.61359855769206e-14 6.51478870850042e-14 6.37379038437302e-14 6.60915766559356e-14 6.68243238521882e-14
9.87654402706539e-14 9.45132860863396e-14 8.3588691524028e-14 9.25814980234918e-14 9.37472321993482e-14 8.81072992342524e-14 8.8573592904595e-14 8.86402062860725e-14 8.31668067746705e-14 8.25894908018654e-14 7.77711228749922e-14 4.74287276119867e-14 6.52145004664817e-14 6.23390228327025e-14 4.09783318389145e-14 3.89466237038505e-14 3.87245790989255e-14 4.02233801821694e-14 4.34097202628436e-14 4.38538094726937e-14 4.84279283341493e-14 9.79660796929238e-14 7.01327884655711e-14 8.36664071357518e-14 7.92810261884824e-14 7.54618589837719e-14 2.19047002758543e-14 1.24789067967868e-14 1.67865721323324e-14 5.5122573172639e-14 1.46438416948058e-14 4.73954209212479e-14 1.08613118499079e-13 1.0627054791712e-13 1.04627417840675e-13 1.04993791438801e-13 1.06170627844904e-13 1.01485486680986e-13 9.75552971738125e-14 3.77031739162703e-14 3.79030140607028e-14 6.85673740008497e-14 6.7701400041642e-14 6.45372644214603e-14 6.32049967919102e-14 6.78790357255821e-14
9.3780538890087e-14 8.99391672248839e-14 8.80406858527749e-14 9.50906020591447e-14 9.36251076666394e-14 8.61311022504196e-14 8.44879721739744e-14 8.77853345571111e-14 8.28115354067904e-14 7.88036302878936e-14 7.60724816473157e-14 6.7434946515732e-14 6.93445301180873e-14 6.25832718981201e-14 3.85025344940004e-14 3.7203573555189e-14 3.96793709001031e-14 4.01012556494607e-14 4.14557277395033e-14 4.21329637845247e-14 4.71289673953379e-14 6.06847905260111e-14 4.32320845789036e-14 7.84927678409986e-14 8.852918398361e-14 5.51558798633778e-14 1.90403248723214e-14 3.83026943495679e-14 3.35065308831872e-14 3.01092484278342e-14 1.21391785512515e-13 1.16817666651059e-13 1.09812159365674e-13 1.0449419107772e-13 1.06215036765889e-13 1.07436282092976e-13 1.01740837976649e-13 1.06437081370814e-13 8.09907696464052e-14 2.08055794814754e-14 6.51256826245117e-14 7.09543535037938e-14 7.37077066048641e-14 7.41517958147142e-14 7.16204873185689e-14 7.53841433720481e-14
