Maxent_result_files_2/B_mucidus_2.asc
NCOLS 594 
NROWS 330 
XLLCORNER -15 
YLLCORNER 23 
CELLSIZE 0.166666666666667 
NODATA_value -9999 
[rows 160 to 179 of 330, columns 225 to 269 of 594]
0.000194051948039942 0.000114307226863275 0.000103088509297322 8.3057826628874e-05 0.000118428650409896 9.64478540026903e-05 0.000139060196204355 0.000155362774114565 0.000218459229540713 0.000432475495290419 0.00024033601703195 0.000124574235269392 0.000251741161082464 0.000351417577394386 0.000583861718030221 0.00073864981504812 0.000331085263826481 0.000197105140267695 0.000948668257410645 0.00101266256660892 0.00119452350627398 0.000292226163082887 0.000144237338270159 0.000841317204685765 0.000585527539465147 0.00265532443809207 0.00469680189853534 0.00343047875430784 0.00053042793788336 0.00115730735524266 0.000774718745833525 0.000385648875453626 0.00057826839279187 0.000411778337388569 0.000445671908619261 0.00104910433078658 0.00150908012215041 0.000659613590323715 0.000116302469245966 0.000493254840694135 0.000528510927006209 0.000578325702667826 0.000253641058225185 0.000502564022860952 0.00043179629824408
0.000103983425515253 6.89466510351622e-05 0.000293944579493655 0.000145679811021182 0.000179696716031685 0.000121775777796529 0.000214186124821936 0.000111373189861297 0.00126539794596283 0.000299694725356403 0.000389808855788942 0.000101166460706281 0.000223166538853548 0.00031574823142364 0.000104640953310309 2.8065047869319e-05 7.36435321982754e-05 0.000188071000934542 0.00123745503642567 0.00014750075466452 9.3426440758293e-05 0.000232049825604008 0.000237904174218784 0.000878052786993067 0.000148959920534253 0.00265425362813403 0.00221569825334882 0.000613442153098731 0.000475067431511889 0.000290393242622144 0.000763113082666678 0.000249968357296382 0.000205984688335548 0.000196684652064505 0.000138450897020448 0.000130439935295357 0.00041493895660949 0.000133954931129665 0.000625672027467772 0.000257342295651597 0.000687687422851013 0.000675330018111708 8.18580027328153e-05 0.000117285289422853 9.99702693007976e-05
0.000136393767760978 0.000187550469900088 0.000466074883976031 0.000205545411563435 0.000154271609790158 0.000234009321661688 0.000352210713026579 0.00020542252038922 0.000211605359035616 0.000566739974237862 0.000174908250073713 0.000179383204249461 0.000206659925385111 0.000116782717293518 0.000182135984198339 0.000118060349836924 0.000166525236227244 0.000198870562496722 9.07901818280266e-05 0.000112653281461661 0.000261530331499671 0.000264084613053228 0.000408786182288168 0.000797048041840753 0.00012445981811311 0.000110854613245692 0.00213490215128331 0.00101220594042388 0.00105566056372481 0.00120369299711456 0.000227629723667633 0.000205381638556901 0.000156248401373205 0.000145638471521181 0.000164437699825726 0.000160801367917429 0.000100992958005008 0.000118342656037385 6.39292878986453e-05 3.65712962526743e-05 0.000131137661014691 0.000140644838359094 0.000125367846334257 0.000464085019905269 0.000589838119958586
0.000372641125079554 0.000146174542825861 9.61651079080639e-05 0.000342180758889299 3.01885554051751e-05 1.89938649294952e-05 1.94009919820104e-05 1.99385257903639e-05 0.000505756231177656 0.000711362379479397 3.62888856447086e-05 0.000617136072287394 0.000170059655033583 0.000208046456555167 0.000177661711751398 2.72200463506067e-05 0.000406742338236654 0.000142257504239751 3.88701012710158e-05 6.71590225550744e-05 0.000173351950189726 0.000225420393553577 0.000109948709254581 0.000361942630786416 0.000238177973528764 0.000128514292497073 0.000178855078809192 0.000200551154546247 0.000186996273700402 0.000314414336747859 0.000208651596429377 0.000197233053290802 9.69699018526171e-05 8.89781270814183e-05 0.000138382932357217 0.000120339052890017 0.000250934986570428 0.000514828234099696 0.000268999012837412 0.00018121868674541 6.47827361371256e-05 0.000612473578485151 0.000901081951406013 0.000975180321074731 0.000301802448791477
0.000136940097437233 0.00057080353820993 0.00124857173404962 0.00239134761905007 0.00103037810586102 0.000239907122113436 0.00028278399215651 0.000180816100919401 2.51191014662311e-05 0.000210566345094776 0.000289527643849397 0.00018578682252155 0.000147572267087526 0.000454959922490161 0.000328767076689473 0.000554137026778001 0.000471276020224387 1.00571158208829e-05 0.000259181057822389 0.000129558521518902 0.000160862262123374 0.000303781921273494 2.00104642930299e-05 0.000321700669934 0.000168629951099319 0.000354795798624608 1.2502467726172e-05 0.000342478715901962 0.00015310077854167 4.05543187717683e-05 2.90732256374326e-05 0.000132256368715389 0.000139036518120861 0.000130638496193569 0.000126062496207169 0.000175241282033767 0.000157498988880889 0.000138434144355415 5.3646807313612e-05 5.94822547185458e-05 4.68366725613123e-05 0.000400584101680579 0.00122014182552448 5.30038656364695e-05 0.000370505009004773
0.000762687302994891 0.000551069567245577 0.00231023787928279 0.000148506334044107 0.00265945575520163 0.00257272581220604 0.000249380928698884 0.000419198299073287 0.000324011242264532 0.00021413906597445 0.000327991057201871 0.000132686213578381 3.42260171368736e-05 0.000477139667373194 0.000223862296928701 0.00027289714280414 0.000286837697331066 0.000200320977364754 9.48206551663056e-06 2.09089651090011e-05 9.81171680140003e-06 9.27743200453968e-06 7.85743987172793e-06 6.84025253089304e-06 0.000220795095356152 0.000366066811238852 0.000185899397888534 0.000137521370834293 0.000161154869425673 0.000170943602648777 0.000100785394084824 0.000166375638377758 0.000180344258433252 7.40458866971494e-05 6.76427179655548e-05 0.000125556569855689 6.40878737328876e-05 0.00014225290315153 0.00013635852905054 0.000114745846940423 0.000694644570967284 0.000709862283110851 0.000114168941860271 5.82077341334752e-05 7.61361928198312e-05
0.00101995235399954 0.000332400475463146 0.000226489183879153 0.000657611897531751 0.00147509881171572 0.000542771412619913 0.000695459493454109 0.000420090336319845 0.000409139814564696 0.000466091162718385 0.00246411835178151 0.000278061707513189 0.000354657384286838 0.000144396165410399 0.000284872785869084 0.000250068822310823 0.000224194729162264 0.000199628827266451 0.000212444496804665 0.000197372620436909 0.000577386021166149 0.000104550791017743 7.88625105080598e-05 8.62400928482998e-05 0.0114757177536376 0.000579710522811183 0.000870655924063612 0.000396015591798005 0.000166290246190215 0.000143040913020798 0.000124995041767306 0.000248993045352108 0.000121756359116887 0.000100638497535499 0.000126262007051992 8.16581540327377e-05 0.000324005999755173 0.000149681464381501 0.000291860395850563 0.00140718467473562 8.42449715804605e-05 0.000165355535648359 0.000107627846483638 7.89504282749931e-05 0.000129372559081276
0.000242853722284053 0.000484386351672583 0.000237027673870216 0.000310590578226311 0.000176026841631938 0.00146625080014928 0.000640769932351759 0.000778504301388239 0.00029766562884106 0.00038205659977848 0.000226694797629534 0.000614683925823556 0.000302345958940009 0.000334442756729914 0.000218630475168879 0.000506515171946376 0.000327955402008229 0.000757479993364996 8.89680709633467e-05 0.000195441817243136 9.97925335923355e-05 0.000143146020593576 0.000123120251885211 8.40634851695388e-06 9.63031968042038e-06 0.000258017203577765 0.000217222886374202 1.1054209727801e-05 0.000193842306794068 7.91890112054716e-05 0.000147325727499492 8.52349551152543e-05 0.000287535378288695 8.45348357614739e-05 8.82116508705622e-05 8.38259565739463e-05 6.71535400044831e-05 8.55587522735846e-05 0.000206209011982939 3.24810589631852e-05 5.36221363375944e-05 4.29011129639889e-05 4.18536318022689e-05 5.47633936776037e-05 6.28746222162135e-05
0.000252834983189132 0.000303112414667339 7.76805478380993e-05 5.88311820365561e-05 0.000343724389313138 0.000840533254813636 0.000438063963019886 0.00126395281240548 0.000569107472301766 0.000545008552285253 0.000527239986422501 0.00015993288361642 0.000392913939140271 0.000318846525851768 0.000293114236728798 1.343357843826e-05 8.89066583145137e-06 1.61043080582512e-05 1.24245335075823e-05 0.000289688953975897 3.28339753524531e-05 0.000242579811089749 0.000271868414555509 0.000261123298490329 0.000286174565729969 1.02976747545114e-05 0.000202695164443867 0.000144823660235716 8.35674305562861e-05 0.00010482290340974 0.000125954571660714 0.000261197708911975 8.20039175182252e-06 0.000105907331905541 9.1796957079282e-05 8.727521893519e-05 0.00022108170521733 9.60061819966995e-05 0.000126314192061727 4.58606597113942e-05 0.000211655037604341 3.35996664915683e-05 7.43521155882831e-05 0.000141298941599244 6.63982422878462e-05
0.000785411133620073 0.000528469414211941 0.000266046663170982 0.000263817046675285 0.000270002507159006 0.000339904127349655 0.00065474279836053 0.000233476128823895 0.000942332025442738 0.000734063133904783 0.00047021162870351 0.000340413906087633 0.000684745752823801 0.000339966407454995 0.000681361947135883 3.57494851240148e-05 9.26718189413478e-06 0.000545573464751214 0.000171457813758025 0.000323451481387949 8.84254667889994e-06 0.000293491616395869 0.000274194717184084 0.000279113006159371 8.75321100936022e-06 9.45964908529717e-06 0.000139118994701448 0.000455149015760981 2.11102686360931e-05 0.000284069982953827 0.000266656863872683 0.000263217368499813 0.000248040653888459 0.000227005102323297 0.00021551969636997 0.000222915707131133 0.000203670525133726 0.000225498303279892 1.0856909384982e-05 0.000207088455723614 8.38802854389087e-05 8.10530474339544e-05 1.10123578066279e-05 5.83893502696942e-06 4.94841421243564e-05
0.00884625929174945 0.00209179597877664 0.000498366637293657 0.000549452818813734 5.64881948186269e-05 0.000537108171374712 0.000560663660007776 0.000260140961052002 6.15661340759743e-05 0.000156909308884678 0.000382516103468333 0.000404116204435923 2.45462167120181e-05 2.3907413348212e-05 1.67566132890151e-05 2.23822411874686e-05 0.000629257019514284 0.000471004061149571 0.000355574991635876 1.88547568527042e-05 0.000314749074452081 0.000282747455510446 0.000258022142597269 0.000254585117211237 0.000265104639528335 8.57419016816463e-06 0.000292798122235816 0.000133541317347863 1.01434922430421e-05 8.98866153224986e-06 0.000274266000587708 7.12931935865635e-06 0.000150392086391093 6.91892661448534e-06 3.98236435077415e-06 9.97338570787321e-06 0.000177937618752733 0.00018141350576224 0.000196696889971548 6.80527387107999e-06 0.000197506590814589 9.73054195423373e-06 0.000158518462456714 0.000119647016414959 3.68671988795199e-05
0.0169571776059456 0.0120362894784193 0.00736908021790441 0.00314964473800501 0.000802099324664596 0.00116840717782907 0.000988865157705732 0.000267794312048863 0.000149352174776141 0.000519714587107956 3.04312106308657e-05 3.23691997012432e-05 3.46505113377304e-05 2.10192621908689e-05 1.50026301600548e-05 3.97366561493584e-05 4.52960127546476e-05 0.00045140880204162 1.706230729841e-05 9.07631856772451e-06 1.75283975833551e-05 8.17713098006934e-06 8.77399076033569e-06 0.000262622537328294 0.000265454802365372 8.59967340276491e-06 1.44132745929504e-05 1.35685643898764e-05 6.99919261404336e-06 2.79222090833198e-06 1.30523031357299e-05 5.53255413095144e-05 8.42501284509467e-05 4.49559449102743e-06 4.88546749075169e-05 2.13388665830649e-05 6.82502207610014e-05 3.47755103633496e-06 0.000179720859488164 7.13212593308476e-06 6.54023736015308e-06 6.03660144196105e-06 4.98015585149725e-06 0.00011739096588359 3.22409648921829e-06
0.0263512992067263 0.013288054568693 0.0103364257753128 0.0137761041580234 0.0127180303214118 0.00823056502704276 0.00182204674838431 0.000473428300301748 0.000244448198282043 0.000417024020316603 0.000223205555835193 0.000322039874208713 0.00636160546273459 0.000694520780962193 1.83001374708169e-05 1.70383729384493e-05 0.000611477549904116 1.51035677729006e-05 1.04188749941336e-05 1.62731952459083e-05 0.000290700877457084 6.92352090493342e-06 4.97140081325842e-06 0.000263874647251594 7.8896916007376e-06 0.000263398899914868 8.13373096506531e-06 8.63249140269362e-06 8.62634522914574e-06 0.000267468984670671 8.04556058241479e-06 7.05547894556124e-06 0.000205834335137967 0.000115704953680051 0.00020026907944839 6.67553882706784e-05 6.57174657694437e-06 3.67828021612837e-05 0.000167005863377945 0.000186122970059355 0.00021414777775659 0.000179249858024821 9.07293238924467e-05 0.000117286614556233 9.03184270549251e-05
0.0298852751962841 0.0409278105711564 0.0229413332854165 0.0441612279973924 0.123245825245976 0.0437375473789871 0.00613692694896599 0.00175719165272312 0.00145291171102144 0.000791701661751176 0.000699452197204664 0.000446360346313668 0.00012697882494308 0.000412095076535479 0.00025051129481426 1.24578882211956e-05 2.78881661982311e-05 0.00032586533372978 0.000361977576506955 1.29625388330723e-05 7.69891606278161e-06 7.74513886607764e-06 7.45176445995366e-06 7.67183855131526e-06 6.77569461393634e-06 0.000260376130125328 8.30072686799355e-06 7.66905550445562e-06 7.82548678468498e-06 0.000259142340827534 2.3278023743023e-07 1.48716981170693e-05 5.56849448143382e-06 4.22233986596687e-06 3.54988817838908e-06 5.78136139061769e-05 3.27336797145694e-06 3.85562749715129e-06 0.000156341660112203 4.60383142412146e-06 3.9425175974106e-06 0.000158681492506307 4.74841805143678e-06 9.00330760256196e-06 2.56591951734997e-06
0.00598031118279323 0.0234616629197262 0.0380557616532315 0.0192586041113827 0.0402590148849413 0.113433262333274 0.355536505579948 0.205383369326591 0.00752706784696784 0.00153864939129562 0.000830777675764693 0.000805973943624849 0.000616545861612394 0.00016173963101096 0.000256333756760796 1.30862346424898e-05 0.000153299216657388 0.000112426744675531 0.000175548062293274 0.000265699096042304 9.36067203952007e-05 8.39519956059576e-05 1.00891799795555e-05 0.000193583872633774 1.14424219303189e-05 7.15111176718963e-06 1.23869850026104e-05 8.19454731565417e-06 1.60294775414016e-05 8.40613553750869e-06 1.37703107849774e-05 1.08569929258007e-05 9.67443955475211e-06 1.33422054190646e-05 7.67885917136724e-06 9.91727025461131e-06 4.31427909517446e-06 9.83124827245163e-06 7.41726542554666e-06 6.48491040771138e-06 7.24211752840542e-06 6.07854385350492e-06 5.34351186900484e-06 9.31152451130401e-05 7.91300013363028e-06
0.00394023081171326 0.00894408414606005 0.0174329570494592 0.0102845933957724 0.0435842859733384 0.122860492300242 0.326734930276871 0.0292028073687106 0.0296300318092108 0.122209435608238 0.00486262421909487 0.00126981464491109 0.000537743940367363 0.000136568390018965 0.000396257573265757 8.89892020761174e-06 8.20684555378648e-05 0.000222708620685808 7.44499937695764e-05 0.000237983150145737 8.40778074864268e-06 9.12377984700896e-06 1.25819603868038e-05 6.645245788377e-05 7.02466859163753e-06 6.37749967795642e-06 8.44591267188388e-06 0.000174436804309153 1.41113318728792e-05 8.22597260823343e-06 1.2677753058643e-05 1.63752254918492e-05 1.00192346720096e-05 9.19085577102408e-06 7.94399759835862e-06 7.67248646260654e-06 6.20707566656442e-06 7.46569009879572e-06 7.34710355279056e-06 6.88867916238678e-06 0.00150480640513706 6.11034596516902e-05 7.10333620319581e-06 1.01037962306094e-05 9.98496532069737e-06
0.0014539982079441 0.0022803678017226 0.0109442024957389 0.0134805057197809 0.0327670915983617 0.0432165597332641 0.237120561301708 0.090003156568855 0.00618405902860104 0.013654439750826 0.231379236280918 0.0113072243053466 0.00234735906051355 0.000405917730381589 0.000328060111223749 0.00016775746474309 0.000206960707193016 0.000188300464303959 0.000176566783449683 0.000167307797323701 1.17295721601351e-05 0.00010165036582066 8.12300720269832e-05 7.13370927027945e-06 1.43402658833836e-05 0.000259992499923101 0.00257951279927511 0.00122072331569143 0.00133179613912944 0.0025976347607866 7.58955328072908e-06 0.00015490606158437 0.000164464934940356 0.00015130550875726 5.10265610210725e-06 6.83608169756988e-06 7.50031352643177e-06 5.73444697448133e-06 7.58015878055129e-06 7.23720925761562e-06 0.000133299172591705 0.000133582862645198 8.54058785004774e-06 0.00015206297559307 6.98919012354082e-06
0.000472356979389588 0.00021209768931385 0.0010087616436067 0.00508477825496811 0.00787041232688352 0.0067352868267335 0.016528978315182 0.124747998360544 0.144026854075491 0.0091168632672634 0.138818993791938 0.102940985467285 0.136586425453424 0.00934418335891678 0.000297841293263446 6.52000773300188e-05 7.73671088893479e-05 5.08145543760552e-06 1.1113868200141e-05 8.9856196780147e-05 9.16314310615007e-05 5.52953730377226e-05 5.87734112103e-06 6.56074475169355e-06 0.000136247222872044 0.000133862979876387 0.000197912547771528 1.0460687113989e-05 1.21228460009171e-05 1.05751085484496e-05 9.76099889848925e-06 0.000168164361366507 0.000174801225034571 0.000150299360916017 4.40439974780382e-06 7.14137329351772e-06 7.46440832111173e-06 0.000129992822223812 6.39510203279681e-06 7.48667982675144e-06 0.000139464677101842 1.50475195690447e-05 6.13576251048409e-06 0.000147521518988469 1.13451465224124e-05
0.000351616030366131 0.000265686460033976 0.000208537463527136 0.000960625765219447 0.00229113401728682 0.000792168282168859 0.00472606857656501 0.0298162931576371 0.0418841558508575 0.445695005357265 0.675418625771999 0.331797156482935 0.0984816423617303 0.0900345516391099 0.0065338993750629 0.00144181358027708 0.000313153901106489 0.000113194901521751 2.93702287756048e-05 0.000125982053896223 6.12411931200541e-05 5.76303442507697e-06 7.46182046311716e-06 4.31540538715636e-06 6.16035946698901e-06 0.000121997593882806 5.29283565546823e-06 6.91176843927721e-06 1.08267215596314e-05 4.67740381441262e-06 1.14538112832463e-05 7.3743174940244e-06 9.96856563597603e-06 6.90274166401661e-06 8.80255465518509e-06 0.000130767341993954 0.000134927679757069 4.05247675631104e-06 6.21547219417096e-06 2.69204812041179e-06 4.89730844802638e-06 1.21294974465336e-05 4.95990691813386e-06 4.39526861791828e-06 3.3536803216716e-06
0.000411730408632138 0.00058989803037548 0.000511377618386177 0.000835672875473392 0.000753291594446637 0.000281853229034823 0.000462969292766502 0.00234867963881698 0.00348723136703484 0.0134450987214223 0.196538166888058 0.596818879246712 0.430204296112061 0.164092463627458 0.0104794417391531 0.0185108822013717 0.0191348705790006 0.00119695546618459 0.000127037684643483 0.000164997579474857 4.93540420336558e-05 6.00184261159598e-05 2.3550705370079e-06 3.93776655243983e-05 0.000103737515000946 9.94416591088676e-05 0.00010869389873952 1.17805597776854e-05 5.92277428906884e-06 8.56408980434153e-06 8.36202863658819e-06 9.72431687351616e-06 9.89803877162743e-06 0.000142989616472278 8.05359249793636e-06 0.000132730531869796 8.25607685577268e-06 8.94346609499053e-06 8.14107362003824e-05 7.02171541848706e-06 3.86230517733566e-05 5.16256230677081e-06 3.63305064272623e-06 6.25035792644724e-05 3.70422975182194e-06
