Maxent_result_files_2/B_muscorum_3.asc
NCOLS 594 
NROWS 330 
XLLCORNER -15 
YLLCORNER 23 
CELLSIZE 0.166666666666667 
NODATA_value -9999 
[rows 280 to 299 of 330, columns 230 to 275 of 594]
1.35225164399344e-14 1.53210777398272e-14 1.99951166734991e-14 3.07975867031018e-14 4.39870362356487e-14 5.57776047571679e-14 7.01327884655711e-14 1.03272945750632e-13 1.58650870218935e-13 2.09554595897998e-13 2.81752399189372e-13 4.38282743431273e-13 5.06095165775378e-13 4.82447415350862e-13 8.12594436183645e-13 8.20399304046759e-13 7.97184540601847e-13 9.16566822439791e-13 9.29145649308794e-13 1.02501340748518e-12 1.15003562228821e-12 1.12657660977789e-12 8.68138894105641e-13 5.05695485486513e-13 0.600281435663778 -9999 -9999 -9999 -9999 -9999 -9999 -9999 -9999 -9999 -9999 -9999 -9999 -9999 -9999 -9999 5.0212822788609e-11 4.65660843218529e-13 5.20793630442995e-11 2.11015649398405e-11 1.26139876321929e-11 9.62752100264197e-12
8.29336599394992e-15 1.23345778035855e-14 1.50546242139171e-14 1.79856129989275e-14 2.40363284831346e-14 3.19300141882195e-14 4.5941028758989e-14 5.78870285039557e-14 8.3411055840088e-14 1.15518705712248e-13 1.59372515184941e-13 2.3759882950003e-13 3.44257955475769e-13 4.49051906770137e-13 5.67490499037149e-13 5.12412334785495e-13 6.15707484996619e-13 6.67776944851539e-13 7.20901116579853e-13 8.44302405766939e-13 7.77389264072781e-13 6.3252736381969e-13 5.10591569025109e-13 3.55293572340543e-13 2.40818476271443e-13 1.82587278629853e-13 1.14719345134517e-13 5.35982369598287e-13 7.19510340196905e-10 -9999 -9999 -9999 -9999 -9999 -9999 -9999 -9999 -9999 1.62063729103323e-10 4.96647167835817e-13 2.34150365763242e-11 2.09849360111036e-11 1.96945015851213e-11 1.39019351586001e-11 1.01510688743645e-11 1.09717235297069e-11
6.49480469405717e-15 8.30446822419617e-15 2.10165218561542e-14 1.61204383175573e-14 1.65978342181461e-14 2.41473507855972e-14 2.94098079223204e-14 3.45168338355961e-14 5.00266494896096e-14 6.72906175225307e-14 9.86433157379452e-14 1.21658239038425e-13 1.72373226803302e-13 2.47635245642641e-13 2.78665979180914e-13 2.9893865161057e-13 3.44002604180105e-13 4.13291623146961e-13 4.42068603945245e-13 4.79583039947329e-13 4.68070027181966e-13 3.85669274294287e-13 3.18645110297666e-13 2.35966801653831e-13 1.7027490528676e-13 1.09434683537302e-13 7.27196081129478e-14 4.87831997020294e-14 5.41122702202301e-14 7.13873404833976e-14 8.24340595784179e-14 7.7626793881791e-14 1.44628753417919e-13 -9999 -9999 -9999 -9999 1.53210777398272e-15 5.18474152499948e-15 1.12032605414925e-13 7.533418333594e-12 1.28847488234385e-11 1.06426312207475e-11 1.03354769187547e-11 1.1937717481203e-11 1.38009159655894e-11
1.23612231561765e-13 3.68483021873089e-14 8.20454815197991e-15 1.39332989590457e-14 2.25930385511219e-14 1.79967152291738e-14 2.1138646388863e-14 2.49578135935735e-14 2.77333711551364e-14 3.55382390182513e-14 5.25468557555087e-14 7.19868609166951e-14 8.89621709632138e-14 1.16828768881305e-13 1.42885703269258e-13 1.6592283103023e-13 1.8034462812011e-13 1.984412634215e-13 2.17692530668501e-13 2.16393569729689e-13 1.97275529245644e-13 1.78512760129479e-13 1.5683010445855e-13 1.25499610703628e-13 1.10056408431092e-13 7.75490782700672e-14 6.23834317536875e-14 4.41979786103275e-14 4.24216217709272e-14 4.42423875313125e-14 4.91273688396632e-14 3.60600438398251e-14 2.42139641670747e-14 2.1316282072803e-14 1.84074977482851e-14 1.38888900380607e-14 2.88657986402541e-16 3.88578058618805e-16 4.9960036108132e-16 7.19424519957101e-15 1.30073729565083e-13 7.4629191715303e-14 1.62716506935112e-12 9.25050036570951e-12 1.35855993121936e-11 2.38001951480271e-11
1.11799458579753e-14 1.5665246877461e-14 1.53099755095809e-14 9.24815779512755e-15 1.37001521238744e-14 1.06836761659679e-13 2.41873188144837e-13 1.84385839929746e-13 2.11497486191092e-14 2.49023024423423e-14 3.12416759129519e-14 4.41202629986037e-14 6.59472476627343e-14 8.85846951348412e-14 1.04294350933287e-13 1.28885790928734e-13 1.43729472767973e-13 1.5665246877461e-13 1.41797684705125e-13 1.31072930287246e-13 1.22923893286497e-13 1.02551300784626e-13 8.97948382316827e-14 8.36664071357518e-14 7.38853422888042e-14 6.20281603858075e-14 5.28577182024037e-14 4.14002165882721e-14 2.99316127438942e-14 2.90989454754254e-14 3.2041036490682e-14 2.18602913548693e-14 1.90403248723214e-14 1.50657264441634e-14 1.11466391672366e-14 8.47100167788994e-15 7.96029908656237e-15 6.22835116814713e-15 7.50510764646606e-15 1.88737914186277e-16 2.66453525910038e-16 0 4.44089209850063e-16 1.89959159513364e-14 2.13209450095064e-12 1.79276815615026e-11
1.43551837084033e-14 8.40438829641244e-15 8.47100167788994e-15 9.24815779512755e-15 1.04694031222152e-14 4.94160268260657e-14 1.71829217521235e-13 4.80393502755305e-14 1.73749903353837e-14 2.83550960489265e-14 2.26929586233382e-14 2.9831692671678e-14 4.19664303308309e-14 6.00075544809897e-14 7.53730411418019e-14 8.63531468553447e-14 1.03828057262945e-13 1.13686837721616e-13 1.05726538635054e-13 9.76885239367675e-14 6.72906175225307e-14 6.16839912481737e-14 6.48592290986017e-14 6.94444501903035e-14 5.30131494258512e-14 3.93129973019768e-14 2.1271873151818e-14 2.01172412062078e-14 8.30446822419617e-15 9.75886038645513e-15 9.09272657168003e-15 1.19237952844742e-14 1.22457599616155e-14 1.19126930542279e-14 1.01918473660589e-14 6.88338275267597e-15 5.02931030155196e-15 5.90638649100583e-15 6.21724893790088e-15 5.44009282066327e-15 3.04201108747293e-15 1.33226762955019e-16 4.44089209850063e-17 4.44089209850063e-16 1.01552100062463e-13 2.93398527695388e-11
1.13575815419154e-14 1.15907283770866e-14 1.16240350678254e-14 1.14241949233929e-14 1.16129328375791e-14 1.12576614696991e-14 1.12132525487141e-14 1.00364161426114e-14 1.49991130626859e-14 1.75748304798162e-14 2.00617300549766e-14 3.28514992986584e-14 2.83661982791727e-14 4.00235400377369e-14 5.87641046934095e-14 6.05182570723173e-14 7.09543535037938e-14 7.85482789922298e-14 7.8337336617551e-14 5.21360732363974e-14 3.95683485976406e-14 3.6937120029279e-14 2.69007038866675e-14 2.25486296301369e-14 7.7937656328686e-15 2.24265050974282e-15 3.19744231092045e-15 2.69784194983913e-15 3.00870439673417e-15 3.530509218308e-15 3.34177130412172e-15 3.95239396766556e-15 5.48450174164827e-15 6.68354260824344e-15 4.06341627012807e-15 3.77475828372553e-15 3.65263375101676e-15 3.60822483003176e-15 3.86357612569554e-15 3.08642000845794e-15 2.79776202205539e-15 2.22044604925031e-17 6.43929354282591e-16 5.32907051820075e-16 2.05391259555654e-15 1.36668454331357e-14
1.36557432028894e-14 1.37334588146132e-14 1.59539048638635e-14 1.33115740652556e-14 9.40358901857508e-15 9.01501095995627e-15 6.98330282489223e-15 6.75015598972095e-15 9.2148511043888e-15 1.43551837084033e-14 1.73194791841524e-14 2.14717132962505e-14 3.28181926079196e-14 3.37840866393435e-14 5.76427794385381e-14 2.27295959831508e-13 2.29594121492482e-13 6.45261621912141e-14 6.61914967281518e-14 2.88213897192691e-14 2.37365682664858e-14 1.92956761679852e-14 4.07451850037432e-15 2.77555756156289e-15 2.35367281220533e-15 1.80966353013901e-15 1.73194791841524e-15 2.1094237467878e-15 2.53130849614536e-15 3.38618022510673e-15 3.65263375101676e-15 5.07371922253697e-15 5.87307980026708e-15 6.13953332617712e-15 5.38458166943201e-15 5.72875080706581e-15 4.68514116391816e-15 4.22994972382185e-15 3.31956684362922e-15 2.68673971959288e-15 2.48689957516035e-15 2.80886425230165e-15 4.09672296086683e-15 9.34807786734382e-15 1.01696429055664e-14 2.58126853225349e-14
9.24815779512755e-15 8.11573031000989e-15 7.061018436616e-15 5.61772850460329e-15 5.28466159721575e-15 5.96189764223709e-15 4.81836792687318e-15 5.39568389967826e-15 5.63993296509579e-15 9.17044218340379e-15 1.50990331349021e-14 1.78856929267113e-14 2.74669176292264e-14 3.48387985127374e-14 4.49529302670726e-14 4.66959804157341e-14 5.68656233213005e-14 5.6443738571943e-14 5.72319969194268e-14 2.75335310107039e-14 1.34003919072256e-14 5.83977310952832e-15 2.62012633811537e-15 2.52020626589911e-15 2.09832151654155e-15 2.57571741713036e-15 2.76445533131664e-15 2.64233079860787e-15 3.04201108747293e-15 3.93018950717305e-15 5.46229728115577e-15 6.20614670765462e-15 6.63913368725844e-15 6.96109836439973e-15 7.84927678409986e-15 8.49320613838245e-15 7.50510764646606e-15 5.00710584105946e-15 4.72955008490317e-15 5.06261699229071e-15 5.04041253179821e-15 5.76205749780456e-15 6.7390537594747e-15 1.14463993838854e-14 1.67532654415936e-14 2.84550161211428e-14
1.0635936575909e-14 7.60502771868232e-15 7.34967642301854e-15 5.80646641878957e-15 4.01900734914307e-15 2.85327317328665e-15 3.04201108747293e-15 3.38618022510673e-15 3.1641356201817e-15 6.32827124036339e-15 1.26454402504805e-14 1.65201186064223e-14 4.13447054370408e-14 4.85611550971043e-14 2.33701946683595e-13 1.38244971026324e-13 4.48308057343638e-14 5.32907051820075e-14 2.61568544601687e-14 1.11688436277291e-14 5.87307980026708e-15 3.59712259978551e-15 2.58681964737661e-15 2.8421709430404e-15 3.14193115968919e-15 3.09752223870419e-15 3.41948691584548e-15 4.15223411209809e-15 5.08482145278322e-15 6.49480469405717e-15 7.20534742981727e-15 6.31716901011714e-15 8.30446822419617e-15 8.69304628281498e-15 8.26005930321117e-15 7.49400541621981e-15 6.89448498292222e-15 6.93889390390723e-15 7.32747196252603e-15 8.28226376370367e-15 9.42579347906758e-15 1.11133324764978e-14 1.58539847916472e-14 2.58792987040124e-14 2.72115663335626e-14 3.62487817540114e-14
7.34967642301854e-15 5.37347943918576e-15 5.57331958361829e-15 5.99520433297585e-15 5.09592368302947e-15 2.8643754035329e-15 2.17603712826531e-15 2.43138842392909e-15 2.17603712826531e-15 2.96429547574917e-15 1.14797060746241e-14 1.80633286106513e-14 5.29354338141275e-14 3.41504602374698e-14 1.43718370537727e-13 3.21631610233908e-14 3.93574062229618e-14 3.97237798210881e-14 1.64535052249448e-14 6.06181771445335e-15 3.90798504668055e-15 2.8421709430404e-15 2.65343302885412e-15 2.62012633811537e-15 2.58681964737661e-15 3.39728245535298e-15 3.98570065840431e-15 4.57411886145565e-15 5.06261699229071e-15 6.49480469405717e-15 7.51620987671231e-15 9.24815779512755e-15 1.06026298851702e-14 1.19126930542279e-14 1.05582209641852e-14 1.08690834110803e-14 1.18238752122579e-14 1.2267964422108e-14 1.37223565843669e-14 1.50435219836709e-14 1.81965553736063e-14 2.20934381900406e-14 2.31481500634345e-14 8.86068995953337e-14 4.15845136103599e-13 7.7715611723761e-16
6.47260023356466e-15 6.27276008913213e-15 6.09512440519211e-15 5.340172748447e-15 3.2085445411667e-15 3.54161144855425e-15 2.68673971959288e-15 2.37587727269783e-15 2.40918396343659e-15 4.56301663120939e-15 8.78186412478499e-15 1.46882506157908e-14 2.27817764653082e-14 2.80997447532627e-14 2.16160422894518e-14 1.27675647831893e-14 2.39475106411646e-14 2.42916797787984e-14 1.36335387423969e-14 5.85087533977458e-15 2.30926389122033e-15 2.25375273998907e-15 2.52020626589911e-15 2.28705943072782e-15 2.67563748934663e-15 2.25375273998907e-15 2.73114864057789e-15 5.14033260401447e-15 6.59472476627343e-15 8.33777491493492e-15 1.06248343456627e-14 1.32227562232856e-14 1.36890498936282e-14 1.38888900380607e-14 1.55098156540134e-14 1.74971148680925e-14 1.89070981093664e-14 2.06390460277817e-14 2.28705943072782e-14 2.72115663335626e-14 2.06168415672892e-14 1.5754064719431e-14 1.40998324127395e-15 8.28248580830859e-13 8.97815155553872e-13 1.05040121045619e-10
8.53761505936745e-15 8.81517081552374e-15 8.5043083686287e-15 6.10622663543836e-15 4.68514116391816e-15 3.47499806707674e-15 3.41948691584548e-15 2.88657986402541e-15 3.25295346215171e-15 6.13953332617712e-15 8.79296635503124e-15 1.49213974509621e-14 5.20472553944273e-14 6.7390537594747e-15 1.94400051611865e-14 1.23234755733392e-14 1.37778677355982e-14 1.69753100465186e-14 1.0635936575909e-14 3.17523785042795e-15 2.04281036531029e-15 1.97619698383278e-15 1.79856129989275e-15 2.14273043752655e-15 2.69784194983913e-15 3.35287353436797e-15 4.79616346638068e-15 6.43929354282591e-15 8.22675261247241e-15 8.78186412478499e-15 1.21125331986605e-14 1.36335387423969e-14 1.75304215588312e-14 2.1094237467878e-14 2.52464715799761e-14 3.06310532494081e-14 3.41504602374698e-14 3.68705066478015e-14 3.80806497446429e-14 3.49165141244612e-14 1.90514271025677e-14 2.05946371067967e-14 8.98403573756923e-13 2.58681964737661e-15 3.34920979838671e-13 6.13953332617712e-15
1.14686038443779e-14 9.88098491916389e-15 9.9031893796564e-15 6.51700915454967e-15 4.72955008490317e-15 4.88498130835069e-15 3.2085445411667e-15 3.71924713249427e-15 3.95239396766556e-15 6.90558721316847e-15 8.95949980872501e-15 1.52877710490884e-14 1.80300219199125e-14 1.49547041417009e-14 9.35918009759007e-15 9.27036225562006e-15 8.58202398035246e-15 9.07052211118753e-15 4.5852210917019e-15 3.23074900165921e-15 2.75335310107039e-15 2.27595720048157e-15 2.60902410786912e-15 2.99760216648792e-15 3.24185123190546e-15 3.80806497446429e-15 5.42899059041702e-15 5.39568389967826e-15 9.9475983006414e-15 1.31561428418081e-14 1.6020518245341e-14 2.28261853862932e-14 2.85660384236053e-14 3.38840067115598e-14 4.73399097700167e-14 5.30575583468362e-14 6.11510841963536e-14 4.6385117968839e-14 4.67847982577041e-14 3.60156349188401e-14 3.43947093028874e-14 3.76920716860241e-14 3.81916720471054e-14 2.46469511466785e-15 4.39648317751562e-15 1.599387289275e-13
1.5931700403371e-14 9.62563362350011e-15 9.70334923522387e-15 6.0507154842071e-15 5.73985303731206e-15 4.90718576884319e-15 3.46389583683049e-15 4.25215418431435e-15 4.14113188185183e-15 5.39568389967826e-15 8.81517081552374e-15 1.17794662912729e-14 1.41553435639707e-14 1.4033219031262e-14 1.21680443498917e-14 1.11133324764978e-14 1.10911280160053e-14 1.40887301824932e-14 4.9737991503207e-15 5.07371922253697e-15 4.16333634234434e-15 4.88498130835069e-15 6.20614670765462e-15 5.15143483426073e-15 6.4170890823334e-15 5.93969318174459e-15 8.49320613838245e-15 1.07580611086178e-14 1.51434420558871e-14 2.27484697745695e-14 3.35731442646647e-14 4.30655511252098e-14 3.73034936274053e-14 3.83582055007992e-14 4.10782519111308e-14 5.89528426075958e-14 4.58189042262802e-14 4.27435864480685e-14 4.404254738688e-14 4.94493335168045e-14 5.20361531641811e-14 5.52335954751015e-14 7.33302307764916e-14 1.5315526624704e-13 5.02931030155196e-15 8.53761505936745e-14
2.05280237253191e-14 1.18127729820117e-14 1.11799458579753e-14 9.6034291630076e-15 7.71605002114484e-15 5.05151476204446e-15 3.75255382323303e-15 4.44089209850063e-15 5.30686605770825e-15 7.40518757424979e-15 8.70414851306123e-15 9.54791801177635e-15 1.00919272938427e-14 1.04249942012302e-14 1.03916875104915e-14 1.03916875104915e-14 1.06026298851702e-14 1.05804254246777e-14 6.45039577307216e-15 5.19584375524573e-15 5.12923037376822e-15 4.85167461761193e-15 4.25215418431435e-15 3.70814490224802e-15 6.3504757008559e-15 8.11573031000989e-15 1.04916075827077e-14 1.57318602589385e-14 2.78332912273527e-14 3.59934304583476e-14 5.35571587079175e-14 7.40185690517592e-14 8.81072992342524e-14 6.86450896125734e-14 4.83058038014406e-14 4.75397499144492e-14 5.21138687759048e-14 6.72684130620382e-14 9.03943586649803e-14 9.45465927770783e-14 1.11299858218672e-13 1.24145138613585e-13 1.26698651570223e-13 6.29718499567389e-14 6.0329519158131e-14 6.94999613415348e-15
2.04281036531029e-14 2.04058991926104e-14 1.57207580286922e-14 1.28452803949131e-14 7.90478793533111e-15 5.39568389967826e-15 5.07371922253697e-15 5.97299987248334e-15 5.17363929475323e-15 5.49560397189452e-15 8.75965966429249e-15 9.25926002537381e-15 9.65894031423886e-15 9.78106484694763e-15 9.61453139325386e-15 9.39248678832882e-15 1.04471986617227e-14 5.62883073484954e-15 4.66293670342566e-15 5.65103519534205e-15 5.49560397189452e-15 5.79536418854332e-15 6.66133814775094e-15 6.79456491070596e-15 8.42659275690494e-15 1.00142116821189e-14 1.72750702631674e-14 2.41140440948584e-14 3.566036355096e-14 6.44595488097366e-14 1.07125419646081e-13 1.15940590461605e-13 9.60009849393373e-14 8.46100967066832e-14 7.32192084740291e-14 8.19011525265978e-14 1.44162459747577e-13 1.68864922045486e-13 1.64346314335262e-13 1.72784009322413e-13 1.72317715652071e-13 1.69375624636814e-13 1.63624669369256e-13 4.51860771022439e-15 4.86075835137712e-10 6.16173778666962e-15
1.96953564568503e-14 2.8377300509419e-14 1.80633286106513e-14 1.49213974509621e-14 8.21565038222616e-15 6.72795152922845e-15 5.62883073484954e-15 5.73985303731206e-15 5.47339951140202e-15 5.30686605770825e-15 6.23945339839338e-15 8.59312621059871e-15 9.67004254448511e-15 9.86988268891764e-15 9.76996261670138e-15 8.07132138902489e-15 5.88418203051333e-15 6.29496454962464e-15 7.87148124459236e-15 7.87148124459236e-15 8.24895707296491e-15 7.12763181809351e-15 9.13713549266504e-15 1.09245945623115e-14 1.26565424807268e-14 2.31481500634345e-14 3.20521387209283e-14 4.95714580495132e-14 7.31081861715666e-14 1.02873265461767e-13 1.32194255542117e-13 1.18538512339228e-13 1.0547118733939e-13 5.46229728115577e-15 1.4388490399142e-13 1.95266025571073e-13 1.7018608744479e-13 1.5279999487916e-13 1.41109346429857e-13 1.45372602844418e-13 1.44628753417919e-13 1.4871437414854e-13 1.49591450337994e-13 7.00550728538474e-15 1.06659125975739e-13 3.14193115968919e-14
1.81077375316363e-14 2.78999046088302e-14 2.35700348127921e-14 1.45550238528358e-14 1.03139718987677e-14 7.78266340262235e-15 6.70574706873595e-15 5.3179682879545e-15 5.57331958361829e-15 5.77315972805081e-15 5.62883073484954e-15 5.86197757002083e-15 6.75015598972095e-15 6.3504757008559e-15 5.42899059041702e-15 5.39568389967826e-15 5.97299987248334e-15 6.17284001691587e-15 6.0063065632221e-15 8.30446822419617e-15 1.05693231944315e-14 1.21458398893992e-14 1.31894495325469e-14 1.2134737659153e-14 1.56985535681997e-14 2.39475106411646e-14 3.35731442646647e-14 4.90940621489244e-14 4.99489338778858e-14 7.7937656328686e-14 1.03672626039497e-13 1.28730359705287e-13 1.49313894581837e-13 1.25921495452985e-13 1.4495071809506e-13 1.91324733833653e-13 1.81921144815078e-13 1.49136258897897e-13 1.3274936705443e-13 1.31927802016207e-13 1.27486909917707e-13 1.31283872661925e-13 1.39788181030553e-13 6.16173778666962e-15 1.11244347067441e-14 1.41631151251431e-13
2.85660384236053e-14 2.90101276334553e-14 2.92099677778879e-14 1.56985535681997e-14 1.32782673745169e-14 7.88258347483861e-15 8.35997937542743e-15 6.69464483848969e-15 5.10702591327572e-15 5.87307980026708e-15 6.10622663543836e-15 6.58362253602718e-15 6.63913368725844e-15 6.32827124036339e-15 6.70574706873595e-15 5.89528426075958e-15 5.62883073484954e-15 5.95079541199084e-15 5.51780843238703e-15 6.66133814775094e-15 7.66053886991358e-15 9.09272657168003e-15 9.98090499138016e-15 1.35003119794419e-14 1.93622895494627e-14 1.89515070303514e-14 3.77475828372553e-14 4.31432667369336e-14 6.34492458573277e-14 1.16662235427611e-13 1.44118050826592e-13 1.41509026718722e-13 1.19826371047793e-13 1.45539136298112e-13 1.70130576293559e-13 1.76769709980817e-13 1.56019641650573e-13 1.43163259025414e-13 1.28785870856518e-13 1.23323573575362e-13 1.21447296663746e-13 1.16728848809089e-13 1.22868382135266e-13 4.52970994047064e-15 1.0884626533425e-13 9.06386077303978e-14
