Maxent_result_files_2/B_mucidus_2.asc
NCOLS 594 
NROWS 330 
XLLCORNER -15 
YLLCORNER 23 
CELLSIZE 0.166666666666667 
NODATA_value -9999 
[rows 100 to 119 of 330, columns 540 to 584 of 594]
7.43380912382463e-12 1.15261351907314e-08 5.14558033959389e-09 6.04354088995507e-10 5.47563894226499e-10 5.29395427495416e-10 1.61389418495972e-09 9.31933430425857e-10 9.11267250547354e-10 6.06420302862176e-10 9.5627037399737e-10 6.47166498168872e-10 1.22325258833378e-07 1.63352443127707e-08 1.3275567312121e-10 5.11012732129501e-10 1.04440933679228e-10 2.05538341901956e-09 3.83469511699985e-10 5.27048404919128e-12 2.65023780698925e-11 1.68115465992713e-10 5.47290346375462e-10 9.50431289226117e-11 2.12600270721452e-10 4.01379972592153e-09 1.05324338139923e-10 9.5769641106358e-10 5.2104094372396e-10 1.07483175693091e-09 3.63910568346171e-11 5.13655873390917e-10 2.72210254337324e-11 2.73264744166113e-11 1.60818691696818e-11 5.14788212058193e-13 1.12651132866404e-10 4.63041605058834e-11 8.36080138455486e-10 3.41834327510782e-10 8.28596602442389e-10 1.47060988942016e-09 1.14591073296921e-08 3.54817064618373e-11 7.17555459495145e-11
4.20939212486537e-08 7.88597176448747e-10 7.00497670980127e-10 6.53505516368114e-08 9.39961086743324e-10 1.32130778540684e-09 2.23375096197742e-11 1.21109900996785e-09 1.51547162596799e-09 1.74802461394563e-10 2.44747577760052e-10 4.45673498106203e-12 2.93999480316387e-10 2.56264554021612e-10 5.67783486893347e-11 3.91554455525522e-11 2.12353834516676e-10 2.25275409437842e-10 1.96220717452178e-10 1.86149951009185e-10 1.36455846622141e-11 1.13239884136362e-10 2.57345067478099e-10 3.6818681437012e-11 5.22490095633543e-10 7.74457831198561e-11 4.11035205871713e-11 2.93143365137638e-10 1.30420763078121e-10 1.57555779534135e-10 3.97317623246352e-11 3.06445979703085e-11 9.32933175157302e-11 9.60083790246813e-11 6.31772134607189e-10 3.39731923704178e-08 3.53917517514901e-10 3.7745361280983e-10 4.83287854180503e-11 2.74410782985512e-10 5.81915293729196e-11 4.959074595412e-10 1.35209154761284e-08 7.07970015945136e-11 4.76521488934623e-11
3.03467539986002e-09 1.48977417069318e-09 6.77841129892443e-09 6.30380100341554e-09 1.19282675792309e-07 2.21597266886198e-06 1.00883069675817e-09 2.34511747798649e-09 1.2494559498144e-09 4.13864897907956e-10 6.53538589912017e-10 1.98198324419252e-10 6.03559535683473e-11 3.01898617216523e-11 5.66167019933062e-09 4.93890428554522e-10 1.69741557476399e-09 2.25663226993689e-09 3.52199414077603e-10 4.69290095672648e-10 9.56764001358579e-11 2.78338585513183e-10 5.84710030393509e-09 7.16351311602637e-11 1.83027409894621e-09 6.12920192377686e-10 9.27483012613806e-10 1.85912440997527e-10 2.77567018258651e-09 1.16509578651502e-08 3.88307321408377e-08 2.90280274262145e-09 6.34843587921097e-08 1.35477017271235e-08 6.39833083182495e-09 5.00245231904728e-09 1.76812787633374e-08 1.0860190524653e-09 4.64519378517991e-10 8.87167461716132e-10 2.56789983721362e-09 5.18112076353106e-08 1.56471069434616e-10 1.28577781755013e-10 3.01522964374357e-09
4.264819537525e-07 6.58611266635134e-08 3.26779647452646e-08 2.39928836798242e-09 4.62480740370808e-09 1.47664379612777e-09 1.99532425027016e-09 1.1108342357069e-09 1.02019154568644e-08 2.93114730598454e-08 1.61500230966283e-09 2.33383457004521e-10 1.83644558449103e-09 1.82233400591869e-09 5.28693233636801e-10 3.96021261339641e-09 6.51932430262292e-10 1.8174780458402e-09 5.94379812035584e-10 3.7779757100509e-11 7.06314451370815e-09 2.07996320167325e-10 2.08612194185775e-10 9.27072196788004e-11 1.19861607750238e-08 2.48116035495016e-09 1.02031305626582e-09 3.63769526723345e-09 1.85206703307017e-09 3.96037003191907e-10 2.57342701592833e-09 6.46537089421528e-09 2.52365629505036e-09 4.66594995973679e-10 1.30966604783289e-08 9.70073421591167e-10 4.18010475122799e-09 7.34930805101897e-10 2.08530027689946e-09 3.34927799938711e-09 2.40662667572167e-10 1.17761445039832e-10 5.27022869789562e-12 2.00199590238981e-10 1.39515797803469e-09
1.84055541141426e-08 3.79463216848563e-08 2.80118494400128e-08 4.40529747569585e-08 7.34769540766678e-09 1.08853659419594e-10 2.59974971550392e-09 9.47926258598741e-09 7.09890057848384e-10 1.76908123694641e-07 2.59774841415705e-07 3.7418207532447e-09 2.56093305450733e-09 4.97830443535463e-10 1.08263668807673e-08 1.54100744609309e-08 1.81238908325554e-09 8.01499195901556e-09 4.9932797563379e-09 3.03133518286813e-11 2.62445731813443e-11 2.37852593176768e-10 1.17199947524682e-09 3.99886723734255e-10 1.15029360481245e-09 7.25558169101248e-11 1.3860952385869e-10 1.93962768069156e-10 1.76358816439404e-11 1.06785858489111e-08 1.49114542935536e-10 1.47538541384051e-09 4.6651205121151e-11 9.99279681224152e-10 1.26767596420052e-10 1.00878905229251e-10 1.33206710106748e-09 4.11169568392822e-09 1.74031109523298e-09 1.52834985778227e-09 1.68877687389823e-09 1.6732078056414e-09 1.7062202761764e-10 2.91020540998943e-11 9.71840163899174e-11
5.60793933512826e-09 1.4777247379083e-07 5.2732493049934e-08 4.12137164951254e-08 4.13565069523614e-08 1.75010116398866e-09 5.5680680788317e-08 1.23629417814186e-10 1.34913402671799e-10 3.81146558758871e-10 6.80844935985192e-11 4.92694895992685e-10 4.32708480158084e-10 3.98620698671692e-09 8.53356252328297e-10 5.90801485511605e-10 5.10170589107517e-09 9.65515918327497e-09 5.88722162131461e-09 4.52073903867145e-09 1.73526982782946e-09 1.18932778070402e-09 5.79555575752622e-09 3.01177394135266e-10 2.30539209944425e-10 3.18501269802596e-10 2.14485882277238e-08 3.05094345232071e-08 8.39237579430829e-10 8.9089725596736e-10 1.48548507938884e-09 1.87408621954432e-09 2.69751188053391e-10 2.03675487586707e-10 3.47358675156784e-10 3.76947709712638e-09 2.27803576002827e-10 8.49761727650389e-10 2.50051636063731e-09 1.99361975816714e-09 5.76434883825527e-08 2.51682319429847e-10 2.4469838377783e-10 3.55274265562144e-10 9.72643576790944e-10
2.12303446867068e-07 6.2015425017492e-10 2.14790365637985e-07 1.02307026184079e-08 5.71141729688307e-08 3.42384931517614e-10 2.37309548345443e-08 1.28430439616523e-09 2.736807669379e-10 8.01807187311709e-10 2.55012677641275e-12 4.63165983344282e-10 1.33132308510753e-09 3.27008498057779e-09 6.49700515609197e-11 5.0827964059863e-11 2.13921835801045e-10 1.44782177358138e-09 1.05945390316275e-07 5.3561404311786e-09 1.8530662226901e-09 5.43230249672177e-10 5.34392831097463e-09 1.76410175356523e-10 1.31555858429167e-09 2.16915363449033e-09 1.82972947904148e-09 2.26731489139098e-10 3.00907199157763e-10 1.01948605113478e-10 3.66952335184578e-10 1.17593523807358e-10 1.7967063870028e-08 1.7696416887425e-09 2.57506148626518e-09 1.47538558037397e-09 3.72083475141949e-10 2.32961221424688e-09 3.65472584862303e-08 1.20167833461693e-09 1.92642455321135e-09 1.19148798605195e-09 1.15692608826379e-09 1.96988554357347e-09 2.22473477418106e-09
2.28106777910853e-10 7.63154006655498e-10 6.38980734990469e-10 5.43676351716371e-09 2.20708173959139e-09 1.17761759232948e-09 2.26076246612195e-10 1.11529948831901e-08 1.97202173479738e-09 7.07765690499684e-10 3.51566886713783e-11 4.33975078095727e-13 2.33475239141967e-11 8.73183714222847e-10 1.6153200999014e-11 3.73131092690215e-10 1.85963399590428e-07 1.9479341473172e-10 2.55116608394168e-08 1.2086044094417e-07 3.1866536631675e-09 1.20287240834571e-08 6.24103524415887e-10 2.98826374756089e-10 6.32961572044621e-10 4.02687994061068e-10 3.34094022447218e-09 1.41233602590773e-10 2.83330081618516e-10 2.28155031534172e-09 1.44437495297467e-10 2.22969132046558e-10 1.11935739566249e-09 1.43436262867169e-10 9.65040036771114e-10 2.97080322564369e-09 1.66852232030834e-09 6.01849831527446e-08 5.1531119216186e-08 3.91594017878916e-08 4.0424079639223e-10 5.16596972977013e-09 4.83137285733903e-10 9.25221088632355e-10 3.47093387365049e-10
1.7069554270055e-08 1.2971017593344e-10 7.28451998721624e-10 4.77650241581529e-10 1.37749555095823e-09 8.40620356767907e-08 4.17035361799378e-10 3.16387083199032e-10 4.51411241719768e-11 1.48760470608522e-10 1.33220844245052e-08 5.21326506963682e-08 7.22940350694756e-08 4.65656880832555e-08 7.78304498627591e-10 1.40955358496342e-09 7.15765537639967e-07 5.03040931132404e-10 3.14614178043016e-09 4.06927848306537e-08 1.87744173540949e-08 3.39645669333866e-07 3.67549843693915e-07 2.54481700157072e-09 5.02179964279037e-11 7.73335506742967e-11 1.02979602623066e-10 9.45651346118126e-10 6.29576490940309e-10 5.49252476833573e-10 1.1100536045916e-10 8.9933767621897e-08 1.4325053365738e-09 7.04087321778957e-10 8.8350826654704e-10 4.55876603133731e-10 1.22676517833042e-09 5.51444645502386e-09 2.14576070023398e-08 1.02657372602621e-09 5.70809867372901e-08 1.53028695271118e-09 1.00287055326831e-09 9.77950986857934e-10 4.37764989813516e-09
8.74288077934437e-08 6.29626802917116e-09 5.26950350021593e-10 2.00481881096337e-09 1.08142187538185e-08 3.76638207177926e-08 2.28508154620499e-09 3.11019506504806e-07 3.71583342984039e-09 6.64332111210975e-08 2.08600241335954e-07 7.23846946470985e-07 8.18822198933589e-09 5.38625159185457e-07 5.82051961162122e-07 2.03302059298416e-08 1.00022340743244e-07 6.96246454823246e-08 7.26185789012845e-07 3.55885749758755e-09 4.79735689062899e-08 3.6309656703537e-08 2.95640607328451e-08 3.5230303740974e-07 9.68339453510936e-08 1.98280003416151e-07 2.15468325404089e-09 6.16342810122461e-10 2.0719403970304e-10 2.20886198221137e-11 2.33853825193364e-11 5.90582338588774e-10 1.33498848642333e-09 5.30606714121973e-10 6.08032322824137e-08 7.61766971724143e-10 1.43779675942923e-09 3.32839060757095e-09 9.71100522884072e-08 5.68480940654759e-08 4.71645050459379e-08 1.11908609046196e-09 9.44160938320948e-10 9.79773592924005e-08 4.1391468175167e-08
4.1814105256055e-08 9.17369977093685e-08 2.35675268189794e-10 1.82284946026456e-09 8.35877630445125e-09 6.26607454812245e-10 2.90771303701476e-09 4.82029445247889e-09 7.7525718067406e-10 3.78738662876188e-08 2.59926768764185e-07 1.22023834558949e-07 9.89853968569321e-08 7.27782673237698e-08 1.04397427957981e-07 2.03634783479956e-09 2.58410517428587e-09 1.48419409506939e-07 5.31691995209194e-08 8.04820479705093e-08 3.40082685346133e-09 8.73796824008011e-08 1.17758486517516e-08 5.06281553680488e-08 1.56776366999622e-06 7.46338412183079e-09 2.78969259914774e-09 5.6847227480894e-09 3.05402368949714e-09 1.47181840048916e-09 2.77887790556264e-10 2.4469071213673e-11 2.14665266673464e-09 7.69823316204565e-11 5.60250712489108e-10 4.99947527821121e-11 1.71684155780838e-10 8.43379033277358e-11 1.03209889523725e-09 1.57360680042018e-10 3.30770081435894e-08 6.40124366846351e-09 8.52228722036941e-09 3.42029871092109e-10 1.26724557514279e-09
8.91475986475321e-08 2.52809570522317e-07 1.56977443266371e-09 6.04674299520269e-09 2.19817855995341e-07 3.42157030597257e-08 7.909572193876e-08 3.57705198794633e-09 5.55190936557537e-09 9.4079631818289e-08 1.64513392908461e-09 7.25383678679137e-09 1.8050787495838e-07 2.35455757113812e-09 1.27983819431243e-07 2.88076842380747e-09 7.66061502011084e-09 8.53309641835054e-09 5.60998242971067e-08 2.20425488972609e-10 1.83380802765143e-09 1.19977765500323e-09 2.55153366213179e-09 9.71011782868736e-08 1.19292762668088e-08 4.77544659371887e-10 1.24908020593395e-09 7.94741882303995e-09 3.33554366349631e-09 1.19626056838129e-09 1.10291795918371e-08 9.44516787004801e-10 9.2549622854321e-09 2.90348134424079e-10 1.50647583296859e-10 9.68411484336684e-10 2.70376399047478e-10 1.38949352024298e-10 2.42650077808548e-10 7.6653322578224e-10 2.70363054166722e-10 1.61096191941823e-10 2.79944567527224e-10 7.64438228273434e-09 2.23070872884534e-10
3.1076938511454e-08 1.86898316822948e-09 9.87792554307809e-08 4.02283802936054e-09 1.80775585911785e-07 1.60189643771957e-09 9.98325663248423e-09 5.1098878461886e-09 2.50895024755948e-09 2.47102346362382e-09 2.98295953493621e-09 6.72544918645102e-09 4.28489251858011e-09 1.8184995009829e-08 2.75221895273958e-09 5.27715582343546e-10 7.85651470547322e-09 4.25551216487463e-10 8.02405586419752e-10 4.31790800892173e-09 9.96717008927561e-10 5.74201286518417e-10 2.82383827432398e-10 7.71349917272346e-10 2.36489211768998e-08 9.51490614076178e-09 9.03912136251961e-09 3.05842307035675e-10 3.77290898523341e-10 4.43670467031865e-10 1.17759153885899e-06 1.68363595287602e-08 6.49896181315057e-10 3.32289801230345e-09 1.58643110870216e-08 3.04478673385233e-09 1.70570831903305e-09 1.52550116983008e-10 3.34460337203524e-10 4.83716278143476e-10 3.21744764164578e-10 7.11344431136851e-09 8.87811129057781e-09 1.26825783208773e-10 1.95114269185837e-10
3.13655362449428e-07 2.37569396521753e-07 3.61839297413624e-09 1.44961106451902e-09 4.26511115314554e-10 3.36171869230739e-09 4.47463108343982e-07 4.76589895370694e-07 5.16836465358495e-07 5.0382137428695e-08 2.09052137822852e-09 1.41942388953709e-09 9.23788245899004e-10 2.05062558045199e-09 7.24545057284587e-10 3.81246910707844e-08 1.99198662009792e-09 8.2505505250019e-08 2.59314782979914e-09 1.96181749734237e-09 1.42836735772534e-09 4.70731809087965e-10 1.13544770252716e-09 4.17796985896501e-10 1.86457355111358e-09 1.2383073788591e-09 2.14170658985324e-10 5.29703736429354e-10 6.56438703394713e-10 5.15827203173558e-10 8.25620527500348e-10 5.4212893063621e-10 1.00245302059321e-09 8.31636626230647e-10 1.58529064320234e-09 2.61557355774045e-09 4.93790892175383e-08 6.9174636019298e-10 7.71206432048643e-10 2.21573581704604e-10 1.69955871598404e-10 1.60040491969937e-09 2.64401622818156e-10 5.45714307076395e-10 1.7178253264305e-10
5.34982747768531e-08 4.018209669443e-08 8.80645345535669e-10 6.28930088786284e-08 5.90282029033773e-08 5.4113835978864e-08 5.00241884582309e-09 2.74942240485743e-07 6.964690157929e-10 4.76535899629482e-10 1.35855701244303e-08 3.72180796182064e-09 4.98723931041667e-09 3.80623543794201e-09 2.06530565982632e-09 1.13654723843393e-07 9.21456921876285e-10 7.84940179521243e-10 6.29980012600839e-10 2.82646528404484e-10 1.20815906168303e-09 1.14922772409543e-09 1.16346644540855e-08 3.18926230868932e-08 1.98750175028906e-07 1.67760798586158e-09 3.7366322702681e-08 5.61423263434335e-10 1.03239262694288e-09 3.02625067893914e-08 4.53957115009729e-08 4.50853028244325e-09 1.48180484216276e-08 3.48523593318717e-09 1.98738467904747e-09 8.43179570608754e-10 7.72382490676904e-07 7.72935223603e-09 3.91258997423094e-09 1.21956584053784e-08 2.11718617082468e-09 1.71110403623942e-10 5.56077128788246e-10 2.1065024169431e-10 1.25755165170105e-09
8.47108652890505e-08 4.10393814820331e-08 3.4458899997869e-07 2.22410889749725e-07 6.74362043429078e-08 8.53773048259399e-08 5.11332825858801e-07 3.77192015732497e-08 4.15742658077534e-09 1.65938901464102e-07 9.1532395707361e-08 3.03887044417195e-09 5.43699841593082e-08 6.55239646984995e-09 1.06533180499468e-08 2.1810919292875e-09 1.26747257134241e-09 2.85618111162123e-08 1.9289964625635e-09 4.62135153256327e-08 2.99913129475637e-07 9.18372909830545e-08 3.54123193102573e-08 2.32891216533915e-08 2.8671306240291e-08 9.93185333975077e-10 1.74538119956935e-08 3.67935810263731e-08 6.31675789675157e-08 2.28168305360654e-09 2.41713363768881e-09 1.18955440231439e-07 4.59652525597321e-08 5.37626210217468e-10 1.08193730086192e-08 1.92366668150257e-09 5.32220312265963e-10 4.92649628869302e-09 2.57069398101883e-08 5.10372207829235e-09 9.41055980918648e-09 4.14164580408993e-09 6.41553904445757e-09 5.13930881185232e-09 2.59310994898954e-10
5.58602114231199e-08 8.15978078660962e-08 3.48704630726004e-07 6.51109849147957e-08 9.87943060470897e-08 1.14115446092633e-08 8.29977133687265e-09 1.48523494614139e-08 9.11728770258691e-10 5.55160725168591e-09 2.23351242611969e-07 2.5838345663054e-08 3.54698165283551e-09 2.33982765496243e-08 3.15890107738248e-08 2.62923079086264e-08 4.9290471038077e-08 6.09444628096867e-10 1.29631798628793e-09 4.53072846462454e-08 1.37133460698102e-08 4.11863251725819e-08 1.88062829753477e-09 3.66426698539257e-07 2.32965059021595e-08 1.78000012174273e-08 2.46247147117629e-09 2.65173588642753e-09 1.56446948729183e-09 5.12031073096608e-10 8.09337330487381e-10 8.66726956871844e-09 4.64040383896247e-10 2.21094915708875e-09 1.49977130714518e-09 1.55716201044598e-09 1.54317488576527e-07 1.4142447692933e-07 2.8779491267894e-08 4.70664360818773e-09 2.20746247503456e-08 2.69296523969231e-09 9.43125026964253e-09 1.37115434450941e-08 4.99363249639728e-09
6.82650336258916e-10 1.04425164837441e-07 1.7047022631278e-07 1.09922687263619e-07 1.38432885277151e-07 2.28194245166513e-08 2.64975993369276e-09 7.62619378757989e-10 1.81136628185641e-07 1.12524540896164e-07 3.47991880245147e-07 1.21479953318904e-08 8.06159504485038e-08 8.17542276099203e-08 6.7519794877402e-08 2.06231497434928e-09 2.18865726397954e-07 1.2551806053418e-07 3.12534986779411e-10 1.40375847612617e-09 9.90750721574507e-08 6.00444575171721e-09 5.76450015277175e-08 8.93777493460313e-08 4.01159394591843e-10 1.80026411888967e-08 8.07631805876952e-10 1.81761338424735e-08 3.40781414198688e-10 1.99707556047812e-09 8.07432022131849e-08 9.85067906911219e-08 1.70839256075084e-09 1.4593131147933e-09 2.74559244228811e-09 5.34733228918505e-08 1.37265923072505e-09 6.62600141421166e-10 4.01428422724948e-09 7.24885029779188e-09 1.01805850416525e-09 1.17312707326178e-09 1.83255061791954e-08 6.14375623708696e-09 1.39191875692113e-08
4.31368185616066e-10 1.10808656694772e-09 8.8597748859609e-08 3.38881753880749e-08 1.29429178929996e-08 2.60775792737533e-08 2.25192597236301e-08 5.48926372578862e-08 4.96591733367691e-07 1.89223239077663e-07 4.45817465166698e-09 5.37413094137129e-08 1.96507432548287e-09 3.86043725830731e-07 5.30956902322632e-07 2.99432786343701e-09 2.01680342426513e-09 8.63861051358938e-08 1.06129471388883e-07 1.40149031824244e-07 2.18009250863016e-07 3.70585877307317e-07 1.35558681901848e-07 1.0238169846355e-07 5.95349847420934e-08 3.1838491720837e-08 5.55767446508426e-09 3.83572375750596e-08 7.0811744601329e-08 5.19054396019847e-08 1.20895104693819e-07 1.22061259810735e-07 2.42505563408102e-09 1.28784507202884e-07 4.04032163281443e-09 1.08441460255904e-09 1.05359848401321e-07 2.69914016692852e-09 1.03119114358563e-09 1.09932685177228e-09 5.03185849254351e-07 7.73911783547021e-07 1.53585735240824e-09 5.53542978121158e-10 1.6095960009288e-09
1.08128294318277e-08 1.5805800557267e-09 4.83532489048422e-08 1.5415477514491e-07 3.34189678152796e-09 7.71724035786292e-08 1.58898678437325e-08 1.59016956735591e-07 3.87390051148628e-09 5.29269602589366e-09 3.87726036166214e-08 2.39402448976023e-09 1.51339900722469e-08 6.14623853256724e-08 6.81436868599228e-08 6.7939440506759e-08 3.65506280963768e-07 2.61290043790385e-07 3.28257986126346e-08 2.8480517025864e-07 8.06924069651771e-07 4.50444897526214e-07 1.67678639289015e-06 4.7208938125376e-08 1.45559546638196e-09 5.00225061372817e-10 1.41235411266205e-07 1.40515625512982e-07 1.11365176413969e-07 5.27246872605858e-08 3.7655802698211e-09 2.29928821537939e-09 5.41782677720981e-08 4.27420020487901e-09 5.30793368147542e-09 1.04358125474491e-09 4.91408091995993e-10 8.06680855447439e-09 5.25545380769543e-08 6.21677773704476e-09 6.07093551430182e-08 6.34301045354668e-08 2.7146318429816e-07 4.14633175349621e-08 2.1632887825529e-08
