Maxent_result_files_2/B_mucidus_2.asc
NCOLS 594 
NROWS 330 
XLLCORNER -15 
YLLCORNER 23 
CELLSIZE 0.166666666666667 
NODATA_value -9999 
[rows 260 to 279 of 330, columns 540 to 584 of 594]
7.52839300113273e-06 0.00011599382564782 2.96744522698678e-06 8.36488402922164e-07 1.85798691643146e-07 3.03410834567863e-08 4.95031998726247e-09 4.70388819007184e-09 4.72097650972003e-09 7.65037624361753e-09 6.2674904710569e-08 9.63360762940013e-08 6.68478521537175e-08 4.25902477507734e-08 1.10818798493284e-07 1.50346143812374e-07 1.81653326269959e-08 4.82254858047426e-08 1.72382839336294e-08 5.46720627658814e-09 1.80435865804185e-08 1.88493843866766e-09 6.70499922250656e-10 8.46169756485438e-10 8.5438706109997e-10 4.10151057561592e-10 3.71139796673248e-10 1.05939138572708e-09 2.10662826072294e-09 4.02351474360074e-10 3.4734816134474e-10 1.72400030917785e-09 5.70976079750096e-09 2.57036371076325e-09 1.11488459131337e-08 3.86317634548661e-09 8.67125633519095e-09 5.90049931137315e-10 6.68026973738023e-09 4.70524484930124e-09 5.4275379746116e-09 3.0079174262454e-09 6.25310381252575e-10 9.8505077428257e-10 1.35487518981847e-09
0.000215853986586012 3.18176747785559e-06 2.84699886599071e-06 4.9271537762019e-07 3.59394709548155e-08 8.23837126295857e-09 7.87263238377633e-08 2.45497163708919e-09 4.55892283923731e-09 6.4772606056529e-09 3.75867952318032e-09 5.24921440425707e-08 7.07270102040525e-08 7.32767155953162e-08 4.65727384879599e-08 3.06241304981469e-08 7.82155863410239e-09 1.67433983788712e-08 4.01691656493064e-08 3.76081944475359e-09 8.94309301058271e-09 6.34350695305486e-09 1.98916697558005e-09 3.50780771096737e-10 1.16108755943145e-09 5.50351164640972e-10 1.68650606813259e-09 1.32067736746677e-09 1.18407930127518e-09 1.9708485399228e-09 1.00137039771298e-09 1.51327178565808e-09 7.06124358984539e-10 4.95348928541972e-10 4.4931993237185e-09 1.08611554638927e-08 1.36940319972467e-08 2.5012438009675e-09 2.19573124127237e-09 1.05344930112494e-08 4.13019301759299e-08 2.63460326554998e-08 2.00621009804891e-09 6.96715813930382e-09 1.68498978103671e-09
0.000269059360740442 0.000119385536780303 6.59715728883459e-06 2.5554321542498e-06 1.64988650435127e-06 3.62625113914383e-07 9.52958022271133e-08 1.51049701746508e-08 5.44160922988368e-09 3.47371966746834e-09 5.25654219041272e-09 4.48750601123038e-09 3.41036286988228e-09 1.26207198358763e-08 5.33817223979938e-08 5.75789992951492e-07 3.824860986823e-08 8.96003925499045e-09 1.05131897409905e-08 7.48300966746385e-09 4.35857006042539e-09 4.09206695195508e-09 1.98708927090507e-09 1.61888172867108e-09 7.84182574431469e-10 3.16487014373479e-10 3.42246098128385e-10 7.28986243592189e-09 5.45559480924496e-09 3.29711892788076e-08 2.34869889093048e-09 9.1584093642183e-10 2.39871600360431e-10 5.15015285973419e-10 9.22541076864292e-10 7.70153597562384e-09 5.8470450259307e-09 1.7119222817108e-09 1.05405048023144e-09 4.79710837719693e-10 2.21953240231443e-09 2.20430655950565e-09 1.20636807654506e-08 2.33454320319737e-08 2.82640502113907e-09
0.0846222941763699 0.00391398699212004 0.000645838054651904 2.0589161047635e-06 2.83530944900079e-06 1.38924238508586e-06 1.20325801197252e-06 3.4929150755092e-07 6.29082652636725e-08 2.42334618372198e-08 6.81144809333567e-08 1.01211457881334e-08 1.03084253466612e-08 8.58618902643826e-09 4.92418437136877e-09 1.13854501404553e-07 9.86037263284167e-08 4.56153748773502e-08 5.97963307757965e-09 6.5342097732568e-09 3.24081120828268e-09 4.55813999877819e-09 5.78139222051632e-09 3.94510661916314e-09 1.64583182638012e-09 3.30527250014256e-10 1.39757210249059e-09 1.72707714796161e-10 2.8795202444698e-09 3.0995836231007e-09 6.8504494299404e-10 3.25728044536788e-10 2.61092358844195e-10 2.03694039413449e-10 1.8265610135515e-10 1.76407156660119e-09 8.0666239243854e-10 3.22935966856619e-10 2.08475060547997e-09 6.31381481541737e-09 2.90753299214686e-09 3.57816631879615e-10 2.51901595138548e-09 1.71575919472033e-08 7.88006621066373e-09
0.00213813252921682 0.0198699744418263 0.00287415239636175 0.0005121666108721 3.15388281898477e-06 4.33859917694512e-06 3.63777196418225e-06 6.64033366426509e-07 1.61867088765977e-07 2.49392018591976e-08 1.10938690456308e-08 1.20180202123343e-08 6.29515223282695e-09 8.87309473673881e-09 1.91848384512028e-08 2.15461131602979e-08 5.26536876988004e-08 1.47786974213915e-08 1.02311291105828e-08 1.23580606081752e-08 8.56181472497219e-08 2.63773904163322e-08 7.61809034743877e-09 3.18070747518107e-09 1.06451059078694e-09 2.62509580739589e-10 8.51580728156165e-10 2.67776478768411e-10 9.33014165926949e-10 1.06004393041204e-09 2.34055652637011e-10 1.92352633821002e-10 1.54177870470562e-10 1.11519393719561e-10 1.61051771918608e-10 2.99206299736454e-09 1.56523061178859e-10 5.79987569082618e-10 2.04669656778123e-09 3.77849168620159e-09 3.12224890386403e-09 6.82816958530452e-10 1.07968307627715e-09 1.22612626385354e-08 1.56852022481502e-08
3.09968591807319e-05 0.00850925683043897 0.00337048015135224 0.00173673391500415 0.00315769309045209 0.000626378061292598 3.304750388744e-06 1.42191739448405e-06 1.61437645695983e-07 1.00871579333806e-07 3.86177282263311e-08 2.91886679271158e-09 2.38858429146838e-08 1.12136788854578e-08 9.2418616093326e-09 5.92944810584584e-08 1.45936262629931e-08 2.67311523693969e-08 1.01557183551648e-08 8.48464788427705e-09 1.45863054523687e-08 6.43734364369486e-08 8.08103636940061e-07 3.13327747969439e-08 9.50608033400968e-09 4.55904696217146e-09 2.90069067654386e-09 2.24437506357589e-09 2.91174861999366e-10 2.89497015248941e-10 5.89041049270378e-10 3.26324511856768e-10 2.32262387100945e-10 1.7901008453336e-10 1.07765774082225e-10 1.46868950334778e-10 3.37474870271137e-10 4.30418634067564e-10 3.15130210815084e-10 9.27438603692821e-10 2.69728855917251e-09 9.84519543667517e-10 8.73366634568384e-10 4.25164540240885e-09 1.17747752992337e-08
0.0176489836769179 0.0120344284689054 0.00461528990081206 0.028130149282515 0.00570412744418718 0.000261366791437467 3.5337496472998e-06 2.16718715608799e-06 1.69450092225576e-06 3.20359877481469e-07 6.60635483540339e-08 1.56859733424497e-08 7.74855436480593e-09 7.34886412945279e-08 8.61996309886592e-09 6.68540777293281e-08 2.1835910635204e-08 6.68667154979374e-09 8.16745242548933e-09 1.85798632146295e-08 1.46153184554798e-08 1.99509172515988e-09 3.60216417805148e-09 3.51797670550269e-08 3.03042615446003e-09 5.48713163794901e-10 5.06762309893105e-10 1.37085003348858e-09 2.25143086396429e-08 8.50260924778468e-08 4.46176828816647e-10 2.66450184138733e-10 2.58721866153166e-10 9.33482069420677e-11 1.45920131533472e-10 1.95783267376015e-10 2.38670161412102e-10 1.56776125415092e-10 1.73360470423489e-10 2.91980672972869e-10 4.16848278117499e-10 3.52333734410237e-09 2.18009789110241e-09 6.12076089812064e-10 2.0019680024852e-09
0.358609756082296 0.0510473364032805 0.0207958146638703 0.00240441696869311 0.246894887648523 0.00757082423660904 0.000440369613352232 0.00131029912899976 1.97327466262553e-05 1.33000123577753e-06 6.31872261658284e-07 4.34857626907537e-08 7.91977791791965e-08 7.98200240348379e-09 2.87912338525764e-08 7.31442117984926e-09 2.50767883458458e-08 3.93302374002147e-09 3.00802103336828e-08 1.86373512622851e-08 9.89863921940781e-09 1.74338895542192e-09 2.81114865829935e-09 6.62377520610491e-09 3.16734046768019e-09 9.2153290554009e-10 2.49877258884368e-09 7.4690119866716e-09 4.91614261521889e-09 3.35891648939324e-09 4.00163457925373e-10 3.8584657691132e-10 1.04569386483178e-09 4.0558160163684e-10 2.57281052018499e-10 1.34764277515131e-10 2.5266126968404e-10 3.55526874606937e-10 2.3423911699183e-10 7.29680171840386e-10 1.16880660705476e-09 4.70828787069166e-10 1.11854659978761e-09 6.47028854938725e-09 1.03500668036105e-09
0.242984219361097 0.0409382076584734 0.00226909196608176 0.125139517895877 0.0542975661344826 0.0101982556981966 0.000638074954076728 0.00270878944356809 3.233876451747e-06 1.9416044930054e-06 1.34107506654102e-06 4.23654916126281e-07 1.24123464639858e-07 2.35909156431902e-08 6.87246357600202e-09 7.06800623584414e-09 5.14080210622936e-09 5.66860373085731e-09 1.36387820592887e-08 1.07890888445539e-08 6.1549322416532e-09 8.10259521699663e-09 3.33925855855455e-09 4.89241146484076e-09 2.65185879921859e-09 1.73931888891588e-09 5.94127114172949e-10 4.46338166426585e-10 1.30221045058221e-09 4.67582365049068e-09 1.34166170395744e-09 1.13819758063016e-09 2.17499465104964e-09 1.32506994265924e-10 1.00013031190116e-10 1.08537012710741e-10 3.27910432140754e-10 2.39539865720673e-10 2.89876911363507e-10 3.2211232570134e-10 1.63125823959831e-10 2.24497642697941e-10 6.51274245644373e-10 6.85339163197796e-10 1.14259033345832e-09
0.0696038328809664 0.0180573800462298 0.0102736903339974 0.00779396787111182 0.00234047766498406 0.0236644836142659 0.104928861721419 0.00213248627578651 0.00107559172956826 0.000170001252070051 2.00711202837933e-06 9.7228584501341e-07 5.76635171622986e-07 1.763855957293e-07 1.37414602641162e-07 2.21523604460039e-08 8.78064670972734e-09 6.88532204584646e-09 1.47804861128087e-08 2.67184529390008e-08 8.31121256261724e-09 8.88100747387099e-09 1.29941251536536e-08 1.18234758095248e-08 3.86694347653815e-09 5.20171153928217e-09 2.74845860515072e-09 1.49590890785589e-09 6.28179852579791e-10 1.76512546801177e-09 4.06399243146893e-09 1.39096211215772e-09 7.00695090838366e-10 6.26518759094807e-10 7.71182451231311e-11 2.8527116224808e-10 1.08907816098736e-10 3.36680683332702e-12 2.65274913147095e-11 5.93374960278226e-10 7.06022806884476e-10 2.1159114460545e-10 1.43496847737623e-10 1.64291447113385e-10 3.65159569248874e-10
2.09718208074028e-06 0.000128934374379241 0.00895858175936155 0.0741471929475665 0.0328054865822196 0.181561226397753 0.233527389168739 0.0153635934460908 0.000427775745538384 0.000241554448030001 2.76223441175727e-06 2.18856934921519e-06 6.57028241923818e-07 8.9113115169237e-07 3.33595681278887e-07 2.30531877143392e-08 1.09553945581986e-08 7.17778215753029e-09 1.22056984963592e-08 3.3883843228999e-07 1.15428372282622e-07 2.80701625277047e-09 4.02258142351286e-09 1.11095802557415e-08 4.50862500667171e-09 3.82372002949438e-09 1.01246238060071e-09 1.82312387408956e-09 8.78866490694463e-10 1.07222799528017e-09 1.51401304826493e-09 7.31991955937872e-10 2.52591273453007e-09 2.65077999550556e-09 1.21064180902408e-10 3.71152223399562e-09 5.22061033292331e-09 7.23282655989976e-10 6.41498820730391e-10 2.3958258710266e-10 1.71543501625848e-10 5.19170539892144e-10 1.07187823061849e-09 9.84603121256811e-10 2.74555267409937e-10
5.35706951976245e-07 1.1167646695398e-06 0.000107477488575114 0.00300755032803863 0.00391393700556364 0.00681444471119903 0.0010470120685568 0.0677192899864167 0.00128414097780478 4.09715322263082e-05 3.35908371493332e-05 3.64563286161523e-06 1.23814528647515e-06 4.08371867544055e-07 8.77434929713594e-07 4.59913050021576e-07 1.73791545587942e-07 3.83869565578898e-08 1.64981758477012e-08 3.28610390676332e-08 3.24810570107026e-08 8.02188930837389e-09 1.57885233442734e-08 1.29533172632534e-08 8.19402236063027e-09 1.11600546581769e-09 1.44632689158541e-09 4.95024332636262e-10 2.74374334363614e-10 3.79199682765119e-10 5.26385024457454e-10 1.39280608157932e-09 4.94728147337753e-10 4.69613870013319e-10 2.95570157238245e-10 1.81649739694478e-09 1.48147411005439e-09 6.14585604630236e-11 1.15484104501462e-09 4.30514961458073e-09 2.87323176362264e-09 1.3691324518561e-09 8.86714379699782e-10 2.34951598176991e-09 7.52864581787804e-10
8.3776212811415e-07 4.06632305727239e-07 6.04946847315713e-07 1.51965542795063e-06 4.30791610410708e-06 1.66684178777743e-05 2.4355204254789e-05 0.00540066687244689 0.012922664731741 0.000368694990356744 0.000535934892059231 5.73856018114327e-05 2.01537738652835e-05 8.58989556651313e-07 1.36017442741165e-06 3.9556098287985e-07 3.35414543983781e-07 1.91214670341999e-07 1.14690061669975e-07 4.60126294066221e-08 3.2141001682362e-08 7.86488036919053e-09 3.71732037374173e-09 4.28907095395559e-09 1.98224751057907e-09 2.72247185906238e-09 1.33781267175337e-09 8.10219813462965e-10 8.69353566912423e-10 2.11749917600201e-10 1.36182964904918e-10 1.19732856962429e-10 9.219368601876e-11 1.55704460436112e-10 1.02712729432852e-09 3.94365882172565e-09 1.35587471250531e-09 2.00302204822478e-09 1.06000712651877e-09 1.26968753288992e-09 1.45917726790401e-09 4.51230341980136e-10 6.90884437437589e-09 3.72013060356835e-09 3.72953934402176e-09
2.36805601278034e-06 3.38665855088571e-06 3.28168394347905e-07 1.4316919356272e-06 7.67916663946266e-07 5.79361317198934e-07 2.19218436129154e-05 0.00846877331496216 0.0992798966821283 0.0902642132714391 0.000650845858672255 0.000165939401540527 0.000113316214537917 5.83042100601006e-05 2.30370459326501e-06 7.1632225098206e-07 2.57891847055269e-07 8.20645582155777e-08 1.03629612169254e-07 7.02655445716793e-08 4.18473264374164e-08 4.66154205680525e-08 3.07867034865517e-08 1.74570413014052e-08 1.39561397993759e-09 1.05099933200847e-09 4.88171003620863e-10 1.45787479866044e-09 1.00301205341324e-08 4.20032908454715e-10 4.31587787730336e-10 8.53757764485152e-10 3.07168845914418e-10 1.45249818839233e-09 2.6940136343967e-09 1.0455228238726e-09 6.85130041588877e-10 1.18279330774129e-10 1.05330169031248e-09 2.9677367230363e-09 3.66306920351889e-09 2.09245565319094e-10 3.48467695809873e-09 1.10070960790409e-08 2.6460536639572e-08
4.16046566420469e-08 1.54384505214322e-06 2.77296811355132e-06 1.19107701090915e-07 3.04727026834151e-07 1.83629914340955e-07 1.68968961344884e-07 6.52435179882005e-07 0.0117944371304475 0.271186956018209 0.00533583233773243 0.000225092786695313 0.0180247554555535 0.00891171887051314 6.45264064349504e-06 2.19249743729222e-06 4.18099389409843e-07 1.38744234035038e-07 6.32216447304934e-08 1.32854981482744e-07 7.22788509488481e-08 2.61905855780675e-08 2.04530891334542e-08 1.17918156572472e-08 2.53358567459117e-09 3.44991156753238e-09 1.61055393466114e-09 1.29279251748216e-09 1.75092706999891e-09 1.89781136805678e-08 7.91611296513395e-09 6.12463123550455e-09 1.80275223637949e-09 1.94854332669081e-09 3.06042658992922e-09 3.87894359965557e-09 1.38397371340915e-09 1.97786335087713e-09 6.92370438759582e-10 1.68848024451052e-09 3.62602281533952e-09 3.40253922814782e-09 4.85370414970987e-09 8.17390499729953e-09 4.88654450236936e-10
4.50306449539806e-07 7.75598795710319e-07 7.66400506946319e-08 2.66417505569994e-06 5.6738627703945e-07 1.18307977716725e-06 1.72683200473367e-06 1.40263307613075e-07 2.93440137744128e-08 1.60770503184748e-06 0.00593998000840656 0.0353432783391327 0.0213812684174627 0.112794384546578 0.00444895373657346 0.00010630527668809 2.01062110184447e-06 3.23629516030266e-07 1.06560779711273e-07 5.18733432541829e-08 1.2568171368077e-07 1.91543695193808e-07 9.16650313875778e-08 3.73833854316885e-08 2.64905745117616e-09 4.15687401167375e-09 2.2136267041617e-09 9.08410691113914e-10 1.14665995587515e-08 3.98424777725559e-08 2.49871349500275e-08 7.01530755709001e-10 7.38847216741334e-10 2.51387370919787e-09 3.0464776257233e-10 2.6904422023577e-10 9.4541572348561e-10 6.16241280226859e-11 5.08832617152066e-09 1.61671397380658e-09 6.75390632309814e-11 4.5666870285288e-11 3.06095482294211e-11 2.65878108418605e-10 1.22467832985862e-08
3.34967337833891e-07 2.55454369546548e-08 9.06030012204351e-07 1.60922659324658e-06 8.81528970231304e-07 1.1653798954625e-06 5.85589073511805e-06 6.37283373849939e-07 1.9784589853078e-07 2.6520008383768e-07 6.939253883953e-07 6.90640760225847e-05 0.00996569061826449 0.0849909018725157 0.015228744619526 0.000578726797903073 6.83126788665334e-06 1.19604385886429e-06 4.14833300232953e-07 6.74302227032797e-07 5.44565973548128e-07 1.11462182755817e-06 4.29877093255371e-07 7.72586489117266e-08 3.33584698752887e-09 7.04129957673771e-09 1.05955931917201e-08 7.17518203741108e-09 1.7105474103829e-08 8.85699024122388e-09 1.28592542170125e-09 2.7297131444115e-09 1.57143680290517e-09 7.58117350008192e-09 2.5680658155558e-09 9.41164923773386e-12 3.6828018412649e-11 8.13519251963157e-12 3.26044746756793e-12 5.5115134678374e-12 1.52909906958598e-12 8.50008952113512e-13 1.13638654042347e-10 3.69220998219788e-10 4.50056746315042e-09
2.72967390779755e-07 1.85090364368534e-08 2.1285265094928e-08 8.75482953954787e-07 8.6824842093769e-07 1.76834027804107e-06 6.71114219141788e-07 8.00594619498884e-07 8.21505444326132e-07 8.74522067784156e-07 8.31027497372183e-07 6.42920399025471e-06 0.0012421897717104 0.00637276856068638 0.0874424470588565 0.00360204669414088 2.88024227742767e-05 0.000170299450610401 5.39197469265673e-05 2.26767221566115e-06 1.56438238478884e-05 1.35137277733843e-05 9.82735724197603e-07 9.26481785623601e-08 1.81975834179227e-08 2.87191797787578e-08 2.58229311045355e-08 1.68720919679899e-08 8.15408953691588e-09 2.55717575781134e-08 1.55157214853929e-09 2.22436888019928e-08 2.5750467080865e-08 1.43473925184878e-08 1.65686442676893e-08 8.20418391000999e-09 1.03545301222141e-09 1.25489729718709e-10 3.95872731262514e-09 9.78745973156947e-12 1.01289310272534e-11 1.32146515952059e-12 1.29956795325015e-09 1.23666388684995e-08 1.40739715881466e-08
2.19225809827694e-07 2.51198000111863e-07 3.31012719634316e-07 4.66149129252358e-07 7.10420323302152e-07 3.49288348899801e-07 6.56057840797697e-07 4.44129956578276e-07 2.08422050831381e-06 1.94918672069555e-06 1.86145033873597e-06 3.18146037416867e-06 0.00055267265670409 0.0560810062102973 0.0825288759544492 0.0955396499484777 0.0187129829195328 0.0439085197867826 0.0226941443514079 0.114690641174093 0.0300635032355785 0.000230376897445694 3.98295264014692e-07 7.128852552718e-08 1.64378994449432e-07 1.07154906592299e-07 7.94616070498577e-08 6.79488318833243e-08 7.21495820976692e-08 1.63363558935981e-07 4.84360617614143e-08 1.44119801204212e-08 2.28209847130678e-08 9.07734379662628e-08 3.49885250439108e-08 2.21834076885585e-08 2.52016935431421e-08 5.41462054082231e-09 1.0699991561669e-07 6.6425556632943e-08 3.91194170390463e-09 4.33480711325984e-08 1.17805036004004e-07 3.8085011733191e-08 2.04871042353005e-10
1.54793454187896e-07 1.77369386111792e-07 1.02294378745427e-08 1.45297468723271e-08 3.96197926322284e-07 6.10168842551939e-07 4.11705535385831e-07 2.36803669073637e-07 4.61298414080602e-06 1.28475905652348e-05 4.14795061898232e-06 6.60621074262124e-06 0.00153788223688025 0.00410143829649314 0.00492370152605872 0.00459237428913184 0.193270014412701 0.0380323793273419 0.0148726618266664 0.0212399773066863 0.000150715763220433 4.82387339055812e-06 1.12972800622169e-06 2.02208227351175e-07 7.44044573841585e-08 2.89578444556682e-08 2.94890899255051e-07 2.59820767511965e-07 2.5975988211524e-07 9.04212282937245e-08 1.92996692838232e-07 2.1343414137176e-07 1.98069909473908e-08 6.27692139376634e-09 6.45435846990949e-08 5.35410113466916e-08 4.47263847624946e-08 9.26025846670342e-08 5.20779485602141e-07 5.28311624670152e-08 1.83494412309138e-07 4.45862224174309e-07 1.86771379891981e-06 7.97617294434616e-10 3.68696564612136e-08
