Maxent_result_files_2/B_muscorum_3.asc
NCOLS 594 
NROWS 330 
XLLCORNER -15 
YLLCORNER 23 
CELLSIZE 0.166666666666667 
NODATA_value -9999 
[rows 220 to 239 of 330, columns 46 to 91 of 594]
0.00782766444608569 0.000479219552653376 0.0107661630492657 0.00228294732514769 0.00515459638554603 0.000937302030069986 0.00317655385588296 0.00895753209479153 0.0233946653315797 0.304518286138773 0.303416459262371 0.0433856645599008 0.0360443700104952 0.0333272220566869 0.0902574371546507 0.0168356529902667 0.0103442404186353 0.00818107903469354 0.0519939770456403 0.11895353384316 0.50558574795723 0.166216220706701 0.630065643787384 0.871038699150085 0.448146803677082 0.436372132599354 0.160168655589223 0.458681878447533 0.568169468641281 0.3499666467309 0.175271078944206 0.106544890254736 0.0302292473614216 0.00884461515233852 0.00243892457365291 0.057409049756825 0.0322755517438054 0.115412585809827 0.225089281797409 0.085761746019125 0.0107252165209502 0.0382921496406198 0.0407047795131803 0.024222495034337 0.0720672447234392 0.00415074962656945
0.00458895592018962 0.00160893761494663 0.00301117536437232 0.00175916844746098 0.00164050058519933 0.00401043360470794 0.0214131832588464 0.0175584215205163 0.0164937787136296 0.0962826050817966 0.0538483325392008 0.0459003958851099 0.0372388243675232 0.0357163792476058 0.0334184594452381 0.0201915248762816 0.11227615699172 0.0361688951030374 0.165025474131107 0.243778251111507 0.251612736284733 0.661210376024246 0.278336645662785 0.591815580800176 0.0510084015782922 0.313358615338802 0.0521727433428168 0.20865753442049 0.117350406572223 0.0477517977356911 0.225436016172171 0.428096786141396 0.0609339821152389 0.0422664312645793 0.697638684511185 0.00773208551690914 0.32530482262373 0.226485135406256 0.141910875588655 0.128985187038779 0.00283291614614427 0.130763876438141 0.039977091550827 0.0642396245151758 0.0856361214071512 0.109935270994902
0.0308488862589002 0.00708696350920945 0.00203089449496474 0.00104796119339881 0.00137105632020393 0.0011355987022398 0.0349399751517922 0.0222652303986251 0.0486753282137215 0.163181641325355 0.102892817556858 0.0521837379783392 0.0505709461867809 0.0434727562591434 0.0397827100008726 0.0196757189696655 0.201636186987162 0.177891325950623 0.147730319947004 0.32118939012289 0.0680590976029634 0.161218532919884 0.111197202233598 0.0150105252454523 0.0131518044741824 0.337188318371773 0.106409903615713 0.359990137815475 0.453797733783722 0.159800337255001 0.422399899363518 0.877152144908905 0.676236414909363 0.56446296274662 0.605315253138542 0.332251253724098 0.117472217977047 0.718680846691132 0.183716358244419 0.0593739384785295 0.0192613931372762 0.0633775828406215 0.0561915565282106 0.155522402375937 0.108481030911207 0.312940241396427
0.0404857294633985 0.077571939304471 0.00720576081657782 0.000774016294110424 0.0273861078545451 0.0120241293683648 0.00314044006518088 0.00490737848449498 0.0200924540869892 0.197472862526774 0.111286332085729 0.12564655104652 0.169028018601239 0.331598918512464 0.166989479213953 0.164315531402826 0.133531888574362 0.412584561109543 0.207191843539476 0.458785893023014 0.141977798193693 0.0551013212651014 0.0186886185780168 0.253577277064323 0.129348619282246 0.0227712168358266 0.163864685595036 0.609617075324059 0.0430928963236511 0.281521584093571 0.642108863592148 0.294764403998852 0.252365125715733 0.551580011844635 0.149611470103264 0.63104347884655 0.421059042215347 0.770889759063721 0.437047496438026 0.0789918033406138 0.346296963095665 0.176108022034168 0.0635570926591754 0.197443502396345 0.134610632807016 0.229605402052402
0.00989375747740269 0.0707239894196391 0.0306510891765356 0.00235457013077394 0.00211803905549459 0.00179446456022561 0.0596134599298239 0.0136486888630316 0.0363447743467987 0.173678125441074 0.0715435048565269 0.874525082111359 0.990091949701309 0.348180735111237 0.207447464764118 0.255304914712906 0.595944753289223 0.68976072371006 0.122738038003445 0.0903165016323328 0.0301136563532054 0.057485836930573 0.0576064782217145 0.0261971328407526 0.0418176982551813 0.0914306532591581 0.0953912742435932 0.200148080289364 0.167532547563314 0.0372438956983387 0.511210429668427 0.852276837825775 0.886574065685272 0.935578471422195 0.578298884630203 0.0617628168314695 0.32487458884716 0.377620089054108 0.510466736555099 0.161587822809815 0.958448308706284 0.371182338893414 0.104039480164647 0.251815735176206 0.2511155128479 0.262997490167618
0.0236705081537366 0.0326711151748896 0.0234787508845329 0.00479483429517131 0.00460415618108527 0.0337381995748729 0.0582335351034999 0.16803469248116 0.0820886442437768 0.088492233864963 0.159124526008964 0.303912781924009 0.043723089993 0.229560117423534 0.30209911800921 0.645071813464165 0.170636855810881 0.0276639298535883 0.0434161263518035 0.0795550975948572 0.0768932783976197 1 0.228797229612246 0.125435839220881 0.0937217205762863 0.112721068412066 0.121180905401707 0.0114358485909179 0.078115302324295 0.034847660548985 0.455254688858986 0.499414263665676 0.958238017559051 0.973480331897736 0.742568945884705 0.383756649494171 0.452243915200233 0.388126069307327 0.715886223316193 0.988603341579437 0.482185915112495 0.898007255792618 0.533435437828302 0.259640703350306 0.0740598412230611 0.0257813688367605
0.00980068778153509 0.0344995698425919 0.0515874939970672 0.052738829376176 0.100379215925932 0.01854431736283 0.00177427826929488 0.000276636146827514 0.0245995758101344 0.0392882368294522 0.0954337909817696 0.0567344782873988 0.0394726239144802 0.174141497910023 0.747562053799629 0.0186255554668605 0.252266695350409 0.046207194076851 0.00268183534647051 0.0464399419724941 0.0663915582001209 0.273694206029177 0.0278439974412322 0.0154057359322906 0.104307439923286 0.0319152932614088 0.0789519120007753 0.119880460947752 0.0202323568053544 0.0403212141245604 0.502505081892014 0.506849446892738 0.558537673950195 0.876151907444 0.916878962516785 0.897649997472763 0.294460572302341 0.042328173853457 0.33509298786521 0.296884886920452 0.711313539743423 0.647872748970985 0.358768518269062 0.0361514479853213 0.0502554641105235 0.00944954025326297
0.000458308675479202 0.0271218688692898 0.00268150984047679 0.000714066514865408 0.000523092417188309 0.000137518420031313 0.000333496640435271 0.0083506548544392 0.0634896842762828 0.101498090662062 0.095501671358943 0.0204461793997325 0.00653707048040815 3.98429178538606e-11 0.0339567545801401 0.0446125704795122 0.0131964399222397 0.00708045706649045 0.025505479099229 0.0172179095447063 0.0245578002184629 0.0330094803124666 0.0375047842040658 0.0562324285507202 0.0405979946255684 0.0394736737012863 0.134139358252287 0.0837789371609688 0.103884978592396 0.41661893427372 0.48861745595932 0.371199250221252 0.291586115956306 0.524807021021843 0.410411781072617 0.342316214740276 0.115296941250563 0.83170126080513 0.618609446287155 0.147328352183104 0.0236988140270114 0.0571542227640748 0.0496526028960943 0.121309067308903 0.0362208805978298 -9999
0.00159691816570557 0.00020077730491721 0.00842087682103738 0.00702899571042508 0.000337818543914636 0.00029165801043618 0.000515419997771005 0.00335981500975322 0.000230337746597797 0.000156516135090357 0.000630360715513234 0.00309421822894365 0.00934940996812656 0.00493478569333092 0.00961425887653604 0.00856404972728342 0.0130119705980178 0.00820390955777839 0.00226548158243531 0.0308632378466427 0.0296239431016147 0.0284337799996138 0.0364933731034398 0.0304613027721643 0.0234217001125216 0.010995696624741 0.0324001997709274 0.0622653726488352 0.102033773809671 0.0801344227045774 0.0300510108470917 0.175011442601681 0.0929722541943192 0.0893630182370544 0.110853391140699 0.201185195147991 0.262893968820572 0.249485298246145 0.656583338975906 0.35450783520937 0.101182943955064 0.0602162927389145 0.0331982512958348 0.0513710556551814 -9999 -9999
0.00308283804333769 0.0177138971630484 0.00667187510989606 0.0197058700723574 0.219530977122486 0.312713688611984 0.00723083110060543 0.00356217971711885 0.00496851354837418 0.00176615664786368 0.018153361347504 0.0294812303967774 0.00563151549431495 0.021949160611257 0.0448059196583927 0.0455765118822455 0.0129047008231282 0.0184570824261755 0.0752984248101711 0.0993857569992542 0.0489628588780761 0.0143500161357224 0.0365580560639501 0.0292383380234241 0.0253841763362288 0.0578810315579176 0.0550320275127888 0.0734950631856918 0.0606851644814014 0.0609095744788647 0.301851391792297 0.0338966390118003 0.174597787111998 0.0929900888353586 0.0336479974444956 0.0438000689260662 0.128207451850176 0.0290914489887655 0.0701375041157007 0.0274270906113088 0.0272964455187321 0.02414605114609 0.0102241605520248 -9999 -9999 -9999
0.00155128800979583 0.0130407334072515 0.0128578909672797 0.000745845869914774 0.00152584808820393 0.00441090322565287 0.0731174724176526 0.0224534984212369 0.00260536223941017 0.00102186425747277 0.00911770375678316 0.041838119411841 0.174473202973604 0.00610178277711384 0.0139199972385541 0.0752072984352708 0.0126249354332685 0.0169998330529779 0.0648060362786055 0.013054631347768 0.0191506994888186 0.0447969617322087 0.0473670963197947 0.0442586913704872 0.0411426272243261 0.0236545124091208 0.0653163883835077 0.0233950007706881 0.154853590577841 0.0731763549149036 0.106563739478588 0.164486790075898 0.114952088147402 0.0231634116265923 0.00321963391907047 0.0886971659958363 0.0917430877685547 0.060809120349586 0.0362419217824936 0.0514590226113796 0.0250452199950814 0.0312050913460553 -9999 -9999 -9999 -9999
0.004297628896893 0.0001556037639034 0.0157757895532995 0.0145040936302394 0.000388584070219622 0.00321080128196627 0.00206167285796255 0.000526649127823475 0.00510151804191992 0.000406438281436294 0.0276364664081484 0.113466848991811 0.0280128953047097 0.0326758741866797 0.0040109884168487 0.0175927385687828 0.0657302279025316 0.125811552256346 0.0393144344910979 0.0185948630096391 0.0214665166568011 0.0227589166723192 0.0106753608910367 0.0216743014752865 0.0319630386307836 0.0420585583895445 0.0428908687084913 0.0191682607866824 0.0403542678803206 0.0508021607995033 0.0744115021079779 0.106592394411564 0.0495996568351984 0.0331761507317424 0.0642507120966911 0.0273756655864418 0.0365269551053643 0.0127570036565885 0.0543236125260591 0.0292445291765034 0.0189932536333799 0.202382207475603 -9999 -9999 -9999 -9999
0.00936682299943641 0.0122960587497801 0.0140653730835766 0.000873266354574298 0.00202158898537164 0.00154467294487404 0.000522379352878488 0.000294036649074769 0.000177014805530007 0.00181056573637761 0.00109058413509047 3.5201306314292e-10 0.0675836083479226 0.0374799974262714 0.0865560317412019 0.0293444830924273 0.102197656594217 0.00912063370924443 0.0203191827051342 0.00759724557865411 0.00869815561454743 0.0202617867849767 0.0320055805146694 0.0231678307056427 0.0046884183306247 0.0225781520828605 0.0227291883900762 0.0158799192868173 0.0293615147471428 0.0319439955055714 0.01808812469244 0.0396871393546462 0.0644804857671261 0.0621389079838991 0.0253975795581937 0.033538444340229 0.00439464759547263 0.0127286540344357 0.0514154747128487 0.0423059290274978 0.0380837956443429 0.0113494987599552 -9999 -9999 -9999 -9999
0.00134138982275545 0.00170351028864388 0.0312988212797791 0.00111657416346134 0.000404680086376175 0.0112262503476813 0.000201175057736691 0.000276617095511256 0.000180707016261294 0.00171570681268349 0.000748277717502788 0.000958718663605396 0.0068140139861498 0.00447608808754012 0.0723164221271873 0.0811248822137713 0.0640075396746397 0.0866535399109125 0.00138372217334108 0.000908016968605807 0.024253224208951 0.010218205396086 0.00786869679577649 0.0122714037075639 0.0130134121514857 0.0259130327031016 0.0207373758777976 0.0387066323310137 0.0401484999805689 0.0732265535742044 0.0130825746804476 0.0141387255862355 0.0417955692857504 0.0293608976528049 0.0964899517595768 0.0462723199278116 0.00697706641512923 0.0229481013026088 0.0540879916399717 0.0336860510520637 0.0252990855835378 0.0142035213764757 0.00309736337875197 -9999 -9999 -9999
0.000962896427313353 0.000499751973256934 0.000992652861532406 0.000202563475249917 0.000562645349418744 0.00260549938248005 0.000930119543045293 0.00133305239432957 0.000846331373759313 0.000171371865508263 0.000430037120531779 0.000106980860982731 0.00108042216743343 0.00656236954964697 0.0156074882717803 0.0360620688647032 0.0320911499671638 0.0111953604035079 0.0117418123409152 0.0149828112800606 0.0175746093504131 0.0197757325135171 0.0506691487506032 0.0259251341223717 0.0388597311452031 0.049618854559958 0.00575940643902868 0.0311121696606278 0.0867181897163391 0.0331363317556679 0.0648873902857304 0.0317370690405369 0.0402596771717072 0.0654347583651543 0.135222103446722 0.155670800805092 0.119011780619621 0.0208269702270627 0.0341761349700391 0.0104235130595043 0.0485960613936186 0.0472764391452074 0.00323228642810136 5.36561232525878e-05 -9999 -9999
0.000248732491910175 0.00259366954705911 0.00153491953678895 0.00352420448325574 0.00168209277326241 0.0005187484974158 0.00446392561716493 0.00050974953937839 0.000362469258834608 0.0011398991423448 0.000840048352256417 0.000503246868902352 0.00217297152266838 0.00742742565926164 0.0159212722443044 0.0191951415268704 0.0402347440831363 0.0123782637296244 0.0211994312470779 0.0237211382831447 0.0025382962252479 0.0359468353912234 0.0363268973305821 0.0214224006980658 0.0332459468394518 0.0376190107315779 0.0454766301438212 0.0360037121921778 0.130569822713733 0.00767586850561202 0.0186682392843068 0.0472023213282228 0.0943770539015532 0.0831307850778103 0.0716045331209898 0.164955238997936 0.0736783303320408 0.0531406566500664 0.0516935518011451 0.0235294941812754 0.0164084386080503 0.0371370512992144 0.0874282315373421 0.0239260320551693 0.00759839011889198 -9999
0.000363924760677037 0.000156194906695362 0.000141521062812444 0.00439560610684566 0.00147734753118129 0.000381668021873338 0.000269741890224395 0.000973255353164859 0.00105932612787001 0.00036519764077525 0.00556646989425644 0.00438732535112649 0.000299599927529925 0.00157749690115452 0.00745867626974359 0.0666111631318927 0.020890481537208 0.0366123950108886 0.00654669696232304 0.0189687531907111 0.0159089911496267 0.00285630903381389 0.0128775448305532 0.012857152428478 0.00408938648179173 0.00809934777207673 0.0227500663138926 0.0136009509209543 0.00866242737974971 0.178270953893661 0.0483733683591709 0.0128771189658437 0.0334489790722728 0.0539357870817184 0.0423568457365036 0.0605581693351269 0.120348298549652 0.0356360453180969 0.0311906687915325 0.00248835876700468 0.00479303625761531 0.0239333037054166 0.0144766710465774 0.000512663090394416 -9999 -9999
0.000277957877530355 0.000124498810118467 0.00231967728905147 0.00510271759703755 0.000469525267931203 0.00121873705684266 0.00233599704224616 0.000320011010626331 0.0012216684051964 0.000342203122272622 0.00258355515252333 0.00168094296241179 0.00304193956253584 0.00295953082386404 0.00431165519694332 0.00323952297039796 0.00426643287064508 0.0575273271650076 0.0226695258636028 0.0127393678529188 0.0155838856007904 0.00411196226486936 0.0168310333974659 0.00424791793338954 0.0289419131353498 0.00328422470774967 0.0111365130636841 0.0123062181985006 0.0486748855561018 0.149488228559494 0.0144541212823242 0.00162085092742927 0.0170199714135379 0.001340807122439 0.00569105178601603 0.0128102361748461 0.0100557305035181 0.0500752413645387 0.00363921318785287 0.0363115284126252 0.00476588595629437 0.000427465349438261 -9999 -9999 -9999 -9999
0.00128593757908675 0.00816127920988947 0.00202031452790834 0.00238464671347174 0.000746146567371397 0.000891863974993612 0.000645342098141555 0.000302771351692854 0.00114672853596858 0.000116063935581678 0.000455183462258901 0.000537411745483496 0.00166749781492399 0.00962668017018586 0.0015917392927804 0.00355498442077078 0.00967946705641225 0.00417113975272514 0.0129710107576102 0.00377999474585522 0.0141816888703033 0.00591130112297833 0.000570829162825248 3.78085340813072e-12 0.0155873174546286 0.0183892772533 0.0221985581330955 0.0473669204860926 0.133212887495756 0.170645963400602 0.018968255398795 0.004959744043299 0.00441161593189463 0.00584075213769069 0.011915996533922 0.0109991648991456 0.00116619949482697 0.00786941120240954 0.0098225822731365 0.0106378472333269 1.16822608214773e-05 -9999 -9999 -9999 -9999 -9999
0.000200197104321376 0.00713160235318355 0.00692524135811254 0.000658137480422738 0.00142933898678166 0.00395138176681939 0.00350785831687972 0.00389220772194676 0.00599559244001284 0.00261557363264728 0.0010711175713368 0.00062798475191812 0.00243579603848048 0.00241476819501258 0.0100508963223547 0.00225039280194324 0.00202796587254852 0.00300701521919109 0.00334470126545057 0.00295946088444907 0.00265679503791034 0.000827080794260837 0.00329812993295491 0.00556866275146604 0.00470095053315163 0.0037386821815744 0.0253871439956129 0.147387895733118 0.346844720840454 0.224923557043076 0.0229840965010226 0.0350987342186272 0.0438552578911185 0.000599568642337545 0.0134882368234685 0.0025526220601428 0.0014535664429018 0.00229696337464093 0.00109370287455823 0.000305979310313753 -9999 -9999 -9999 -9999 -9999 -9999
