Maxent_result_files_2/B_muscorum_3.asc
NCOLS 594 
NROWS 330 
XLLCORNER -15 
YLLCORNER 23 
CELLSIZE 0.166666666666667 
NODATA_value -9999 
[rows 220 to 239 of 330, columns 276 to 321 of 594]
-9999 -9999 0.123255473747849 0.0257274119183421 0.00949631035327911 0.0321417024359107 0.00357876928756014 0.00456157992593944 0.0122821460710838 1 0.0936975292861462 0.0267561675747857 0.0157312386436388 0.127158569544554 0.208117968589067 0.708053439855576 0.869558918476105 0.455892272293568 0.60451979637146 0.242709878832102 0.268610315024853 0.379936102032661 0.0292169427033514 0.0331077254377306 0.0217277477961034 0.0380978828296065 0.0673050673678517 0.0486050976440311 0.0732852011919022 0.0505995240062475 0.0294675972312689 0.0301018847152591 0.0183669709338574 0.0167537792876828 0.0280807875096798 0.00749659020220861 -9999 -9999 -9999 -9999 -9999 -9999 -9999 -9999 -9999 -9999
0.0242311430876725 0.00845045001478866 0.00282259321538731 0.00477697020978667 0.0729932050220668 0.101551010459661 0.177079066261649 0.163215924054384 0.3614477455616 0.0603625810239464 0.106603059917688 0.203295546770096 0.182513653859496 0.24231951572001 0.289040873944759 0.264370456337929 0.138934327661991 0.312947225570679 0.899379569292069 0.0849420436657965 0.661770007014275 0.620544987916946 0.948298227787018 0.867733287811279 0.609309121966362 0.502216172218323 0.0707894492894411 0.108177337050438 0.0469723366200924 0.0384371288120747 0.0610771700739861 0.0593935526907444 0.0378941552713513 0.0275689513422549 0.0161526192910969 0.0199755019508302 0.0115781072992831 0.0131147471547592 0.00742699686543347 -9999 0.0376407763222232 -9999 -9999 -9999 -9999 -9999
0.00211549964151345 0.00431007178267464 0.0045812432304956 0.0374839002266526 0.0425766639411449 0.232448253035545 0.121050414443016 0.211970108747482 0.843420201539993 0.0508212075568736 0.691710764169693 0.403747189044952 0.98826220035553 0.999567925930023 0.948439419269562 0.834792682528496 0.722938668727875 0.945384496450424 0.0836144134402275 0.121042042970657 0.266332814097405 0.0631890132091939 0.856424883008003 0.0559843694791198 0.300756920874119 0.788099908828735 0.226256735622883 0.132718878239393 0.345648001134396 0.14001851156354 0.145704475045204 0.120612202957273 0.0246714868117124 0.058953807502985 0.0273157238960266 0.0171631050296128 0.0315090963616967 0.0194272662047297 0.0153205901850015 0.00665920022875071 0.0115002140402794 0.00764076169580221 0.000841274738922948 0.00885632079771312 -9999 0.0110423464735504
0.0225764520466328 0.00346249209833331 0.0158525073435158 0.675108802318573 0.707663196325302 0.327467505633831 0.385168159008026 0.368627831339836 0.0820968266576529 0.186464100331068 0.652251976728439 0.649736541509628 0.0573365526273847 0.0623700674623251 0.0856755102053285 0.097944176197052 0.508307501673698 0.841630607843399 0.648132532835007 0.80497881770134 0.140485091507435 0.279699195921421 0.0279851518571377 0.287866315245628 0.649913457036018 0.112262006849051 0.157796297222376 0.137848334014416 0.390839150547981 0.894458788633347 0.101671268418431 0.161928246170282 0.0188570363214239 0.738553640246391 0.268683223426342 0.384242284297943 0.196912485361099 0.189404061436653 0.0557388892397285 0.0337988913059235 0.0049330648733303 0.033333532512188 0.0482925772666931 0.122526057064533 0.00334692251635715 0.0125664737541229
0.118668469414115 0.614986646175385 0.23663707524538 0.785996955633163 0.134607101231813 0.0458867194131017 0.0929216504096985 0.171142046153545 0.614643055200577 0.171183980256319 0.247975359112024 0.117813503742218 0.0398099568672478 0.0434651220217347 0.638974206149578 0.0988454852253199 0.0137838860973716 0.00912255162838846 0.119020416215062 0.0385107634589076 0.0485441474243999 0.038644197024405 0.132435059547424 0.223088034242392 0.444856467843056 0.0788745746016502 0.189885477721691 0.0371922206133604 0.255485290288925 0.0535180856473744 0.0858908567577601 0.567816749215126 0.0719513526186347 0.0136927704152185 0.0243021080736071 0.129434540122747 0.957427549362183 0.529214060306549 0.126212825626135 0.330699470639229 0.567833817005157 0.127702066302299 0.0413984213024378 0.0508248316124082 0.0677658591419458 0.212931700050831
0.045449292473495 0.323406561464071 0.383824323117733 0.076765470020473 0.159608758985996 0.7685471534729 0.03521549240686 0.492457795143127 0.0136504160473123 0.579762476682663 0.0275464079342783 0.432534471154213 0.0504896713420749 0.011123492079787 0.207285238429904 0.0122053578495979 0.0217464932240546 0.017774997279048 0.0681707754731178 0.0283701103180647 0.176622144132853 0.0890397563576698 0.0862751692533493 0.0663834489881992 0.183739563077688 0.0923899728804827 0.0474930990487337 0.0179488219087943 0.0833404153585434 0.0864617192186415 0.150993434339762 0.245660928636789 0.240301096439362 0.191036674380302 0.0680074167437851 0.0579107920639217 0.179359951615334 0.144707618281245 0.409511975944042 0.427957412600517 0.0652634065598249 0.0121885635890067 0.0303788745775819 0.00186363722896203 0.000492699411552167 0.0404599805362523
0.183857902511954 0.251838142424822 0.0183956721797586 0.0805248875170946 0.00822312781820074 0.172858407720923 0.0687218137085438 0.0285053632687777 0.0265356219373643 0.0423368344083428 0.0473174431361258 0.00425424970453605 0.0191707890247926 0.0142949889879674 0.00740640826988965 0.00635147921275347 0.0264629770070314 0.0567704644054174 0.0189123402349651 0.0324477760121226 0.124248100072145 0.119771539233625 0.193735925853252 0.176385471224785 0.305829241871834 0.0873747311066836 0.0589710110798478 0.0693277332931757 0.086217899993062 0.0242869262583554 0.0802029632031918 0.0364499773830175 0.0827645616605878 0.692147624492645 0.180171032994986 0.182661993801594 0.307620465755463 0.194758276641369 0.31061832010746 0.0640611730515957 0.460609492659569 0.0578240383416414 0.0617827722802758 0.057684194482863 0.0342783659696579 0.0243038637563586
0.0509611786808819 0.0472218811511993 0.013629852887243 0.0198302390053868 0.00939557722304016 0.0676279213279486 0.0225867945700884 0.0187114900909364 0.0430074704810977 0.0418197309598327 0.243904514610767 0.0671896735206246 0.0363243903964758 0.025164189375937 0.00563961048610508 0.00420305404113606 0.0164712885394692 0.0304598149377853 0.0146254558116198 0.0436382826417685 0.0816273832693696 0.153143512457609 0.125228131562471 0.153580629080534 0.0804332263767719 0.178837793320417 0.0935499966144562 0.0591321144253016 0.0946445420384407 0.109464183822274 0.0515111558139324 0.0249171415343881 0.0318145398050547 0.130061245337129 0.00777167906053364 0.00549613001057878 0.00266965071787126 0.0018747060908936 0.000808674375002738 0.00762432941701263 0.00340582330827601 8.01571746706031e-05 0.0112446171580814 0.0333886322565377 0.0265055666910484 0.00899139719549566
0.0368301010690629 0.46939372420311 0.53107802271843 0.116495911777019 0.0133673762902617 0.0601763416081667 0.0480120223015547 0.0293155040591955 0.0144280756358057 0.280190058797598 0.989782255887985 0.977019792795181 0.0109342074254528 0.00850998579990119 0.00630379045614973 0.0154309979639947 0.0200003386475146 0.036357032135129 0.0383887073025107 0.013228059373796 0.0111884520156309 0.0113823771243915 0.0166958568617702 0.0160663867834955 0.0375026067718863 0.0117192887235433 0.0220788379199803 0.0223243083804846 0.031721109803766 0.00634505359921604 0.013954841485247 0.0313849882222712 0.0217528278008103 0.00882880240678787 0.00819545299746096 0.0044769894448109 0.00211459114216268 0.00107307206199039 0.00348618403659202 0.00778500945307314 0.00451781544834375 0.000963273899105843 0.000230224494953291 0.000217213926953264 0.00147880621661898 0.00722114313393831
0.229197171330452 0.398691153526306 0.05732137914747 0.0355476362630725 0.117870134115219 0.121410707384348 0.0392378987744451 0.0953872185200453 0.0334204867482185 0.0562749303877354 0.0250654679723084 0.00853760552126914 0.00619895656127483 0.00848457308020443 0.0015623138169758 0.00168387019948568 0.00324336048797704 0.00848324408289045 0.0157755025662482 0.0410333594307303 0.0363090896978974 0.0188568253070116 0.0220371829112992 0.00497585178818554 0.0362416435964406 0.0227179352659732 0.0461861986666918 0.0154445467051119 0.0313212105771527 0.0293938806280494 0.281544661521912 0.37299150377512 0.0113000815501437 0.0102642056299374 0.00935196427162737 0.0072359879501164 0.0320549962110817 0.00829374333843589 0.00795374289155006 0.00741538682486862 0.00329387550009415 0.000352027799817733 0.00027051699362346 0.000343566975789145 0.000520945178868715 0.000174929667264223
0.299411344528198 0.10930990204215 0.175128899514675 0.0359668646939099 0.296694584190845 0.220872004330158 0.0488257575780153 0.0435580315068364 0.0321867290884256 0.0887399708852172 0.0523424986749887 0.0046658848063089 0.00400115001248196 0.0116432266542688 0.0113427130505443 0.00402993006864563 0.00968924579210579 0.00969571145251393 0.0102455231361091 0.0170932816807181 0.0291247450746596 0.0131781060714275 0.0175473387353122 0.0526509856805205 0.0296300113201141 0.0306529211811721 0.0473247462883592 0.039409333281219 0.0679672325029969 0.0271570710465312 0.0496201530098915 0.0126689258497208 0.0191240424755961 0.0142073354683816 0.0162400289438665 0.0139960090629756 0.0105414906283841 0.0128208418376744 0.00329147397424094 0.000898709327157121 0.00080138004705077 0.000306654455198441 0.000285042616087594 0.000401360187242972 2.27454296009455e-05 1.31854866026515e-05
0.107589042931795 0.0599534776061773 0.181663874536753 0.0454158265143633 0.105319259315729 0.293783985078335 0.0915918104350567 0.0466963604092598 0.020454491302371 0.0422642456367612 0.0180462135467678 0.0114555718842894 0.00219998105312698 0.0122179185971618 0.00483113608788699 0.00665015153354034 0.013446460198611 0.00639213800895959 0.00503096079919487 0.0636385856196284 0.0351356785744429 0.0258933165110648 0.0402060970664024 0.0211281098425388 0.0316104319877923 0.0457527667284012 0.0290329416282475 0.0114531676052138 0.12489212397486 0.046753579005599 0.00931758866645396 0.0191743054892868 0.00891012127976865 0.0239179559983313 0.018793437583372 0.0139196858275682 0.00899606628809124 0.00189958912669681 0.000599978616810404 0.000637783341517206 0.000951493825414218 0.000404188536049332 9.46328692407405e-05 6.26010841187963e-05 1.03888495686988e-05 4.26252296620078e-05
0.0815006747841835 0.291556829214096 0.143997478485107 0.137025463581085 0.0140201915288344 0.233544531464577 0.0825083278119564 0.0679328992962837 0.0565236426889896 0.0175557472277433 0.0112605044967495 0.00483989107888192 0.00541987203177996 0.00714352382346988 0.00371835446567275 0.00426106216036715 0.00125545235350728 0.00868907403200865 0.00696770971408114 0.0349169110879302 0.00393117411858839 0.0486474184319377 0.0161814637482166 0.034933203831315 0.0453165469691157 0.0215180374216288 0.0680087547749281 0.00896129556931555 0.00679909901227802 0.00650707411114126 0.0043279129313305 0.020325020654127 0.0138928052503616 0.017530222563073 0.0128875784110278 0.00376629327656701 0.00317331942496821 0.00221818098216318 0.00221587874111719 0.00171929820207879 0.00069157491234364 0.000221880808385322 0.000370975917758187 3.39293137130881e-05 0.000126414737496816 2.36373668030865e-05
0.0545375991612673 0.223136128485203 0.422830408811569 0.285155168175697 0.19315948933363 0.138361956179142 0.0924489840865135 0.0827100969851017 0.127952928096056 0.0183856735005975 0.0119305103551596 0.00408835344715044 0.00420044087804854 0.00018331330905994 0.000432150175333845 0.00380870745866559 0.00422043598955497 0.00107819547411054 0.00715439331252128 0.0157087852712721 0.0246973538771272 0.024036699719727 0.0198676931206137 0.0289983572438359 0.0512667793780565 0.0436272943392396 0.0339597009588033 0.0225339516066015 0.0249190113972872 0.00294981348561123 0.00830820768605918 0.034783598408103 0.00702552767470479 0.00181448608636856 0.0077888763975352 0.00264394471305422 0.00546912481077015 0.00546601366950199 0.00239580196212046 0.000957708169880789 0.000938243701239117 9.90011212707032e-05 4.23536437665462e-05 0.000111935804852692 2.50909735768801e-05 3.99862524602668e-07
0.502684696018696 0.839671498537064 0.184178975969553 0.0421690199524164 0.155098486691713 0.285651932656765 0.108201760798693 0.147071833908558 0.207357507944107 0.0292620858177543 0.0145385065115988 0.00328205432742834 0.00036492176077445 6.62182355540608e-05 9.1246421632718e-05 0.0042610119911842 0.00717803324805573 0.00383216782938689 0.0239134521223605 0.00751909865066409 0.00805214785505086 0.0370512261986733 0.0569990914314985 0.0368364857509732 0.0373852139338851 0.0348067054525018 0.0446747224777937 0.0949233815073967 0.00532091237837449 0.00659328367328271 0.0231109192129225 0.00405390149680898 0.00853417906910181 0.00396241610869765 0.00457075085723773 0.00191573340853211 0.000970870652236044 0.00123563341039699 0.00264045539661311 0.00136712038947735 0.000401002074067947 7.27576876670355e-05 0.000147363025462255 8.75542095855053e-06 3.98619977204362e-06 2.06732578931224e-06
0.159543214738369 0.257126596570015 0.430911011993885 0.10397959575057 0.282827404141426 0.20691461712122 0.0476456763222814 0.245399223268032 0.192464549839497 0.0388443982228637 0.0188596895895898 0.00174089898355305 7.94483130448498e-06 0.00123754084617076 7.17981503797205e-06 0.0208702971252023 0.00359617854701355 0.0363352660089731 0.0133755180286244 0.00738335861824453 0.00572275223676115 0.00357870666775852 0.00799516105325893 0.0240372074767947 0.00361481985892169 0.0119142855517566 0.069150335714221 0.0502810303121805 0.0331030801869929 0.0398509814403951 0.0308864610269666 0.0056361009599641 0.0183512261137366 0.00397565964376554 0.00039834598719608 0.00119821243861224 0.00137310242280364 0.000364945824912866 0.000914602441480383 0.00120266327576246 0.000628775940276682 6.77876062582072e-05 8.89630804294939e-06 1.42283141997268e-06 1.0066026561617e-05 1.28220513602173e-06
0.28355408012867 0.131397804617882 0.0493921464309096 0.15785283446312 0.0705533284693956 0.140488637238741 0.283147045969963 0.129428782314062 0.151171091943979 0.0225737987086177 0.00407163302879781 0.0013383696321398 3.1988101893532e-06 0.000989393748989187 0.00857352035905024 0.00104344201713502 9.74523832297791e-05 0.0160597697366029 0.0183227274334058 0.0186425334075466 0.0123906432883814 0.0173460702295415 0.0168877623043954 0.02110052020289 0.0106910263421014 0.00277667584014125 0.00229729992570356 0.00452574053779244 0.0277600700967014 0.0284541606903076 0.0178367839194834 0.0256476290524006 0.00353151627350599 0.00150119402096607 0.00180465923331212 0.00220299063948914 0.00075777187012136 0.000860964741150383 0.000620449022972025 4.57991173789196e-05 0.000428738439950394 5.14642431880929e-05 3.93556382505267e-06 0.000139806939841947 1.13902340785899e-05 2.61625022801582e-06
0.060935699660331 0.0818298966623843 0.135676391422749 0.0448636339977384 0.204142512381077 0.180926215648651 0.165851767361164 0.0790962971746922 0.101606513559818 0.0670537300407887 0.0171372584067285 0.00650912327691913 0.00423055390128866 4.05178141775764e-06 0.000368819613331084 0.000151173220280043 0.00372054666513577 0.0100561751751229 0.0191867470741272 0.00934573396807536 0.00646763350232504 0.00598034241702408 0.0164177974918857 0.00785160071682185 0.0161549158859998 0.00241394639015198 0.0203307630028576 0.0144336493685842 0.0134845401160419 0.00394840681692585 0.00992701784707606 0.00135177573247347 0.00388141587609425 0.000894993262772914 0.00315498699201271 0.00227251895412337 0.00127394353039563 0.000506407633656636 0.000601640544482507 0.000233896983263548 0.00013500244331226 0.000397073870408349 0.000163774748216383 0.00139881375944242 0.000525493099121377 9.35079101509473e-06
0.0229771373793483 0.0737229842692614 0.325643444061279 0.110987989977002 0.0998774833977222 0.0784383703023195 0.166894862800837 0.135477826744318 0.16998352855444 0.0374909130856395 0.0235064467415214 0.0127878065686673 0.00420766451861709 0.00819505082909018 0.00150100469472818 0.00044154332135804 0.0060452057980001 0.00176734498818405 0.00945843444205821 0.00886339188436978 0.0133017325541005 0.00877008356619626 0.0229781017173082 0.0115624737227336 0.0103926660725847 0.0239757796749473 0.0153819156810641 0.00215008973027579 0.0116925872396678 0.00863440490793437 0.00247302395291626 0.0033557916933205 0.00300994509016164 0.00043273453193251 0.00195724542718381 0.000165865306371415 0.00130024208338 0.000786300240724813 5.6415391372866e-05 0.000191996355351876 0.000119323042599717 1.75993017819565e-05 5.28403066937244e-06 4.65040614017198e-05 4.0698662678551e-05 2.26313059954464e-06
0.026007145550102 0.0320768222212791 0.00740233935648575 0.0971043780446053 0.0847606675699353 0.0725351434201002 0.0691445399075747 0.425160321593285 0.161641244590282 0.00369623560691252 0.0044867288088426 0.0016672556695994 0.00414798012934625 0.00604185529518872 0.00164112511847634 0.0064138017129153 0.000667373243777547 0.00933956266380847 0.00253971715574153 0.0182459867559373 0.005100148008205 0.00287764332024381 0.00592152926838025 0.0373595274984837 0.0126459554070607 0.00584648951189592 0.00279361061402597 0.00561451165704057 0.0222900157328695 0.00341461564530618 0.0758908921852708 0.00228800005279481 0.00073947947967099 0.000828729860950261 0.000728282917407341 0.00094672109989915 0.000222355089863413 0.0003505531414703 0.0003035280322365 0.000163647965382552 8.8681136003288e-05 2.6179403266724e-05 6.3597835105611e-05 1.62187070600339e-05 1.22983660276077e-05 6.0368061895133e-06
