Maxent_result_files_2/B_mucidus_2.asc
NCOLS 594 
NROWS 330 
XLLCORNER -15 
YLLCORNER 23 
CELLSIZE 0.166666666666667 
NODATA_value -9999 
[rows 280 to 299 of 330, columns 180 to 224 of 594]
7.65528962443085e-10 2.80623257964407e-10 3.53578377687569e-10 3.96506871780389e-10 4.57068494164048e-10 7.43755135257373e-10 1.65725465572919e-09 -9999 -9999 -9999 -9999 -9999 -9999 -9999 -9999 -9999 -9999 -9999 -9999 -9999 -9999 -9999 -9999 -9999 -9999 -9999 -9999 -9999 -9999 -9999 -9999 4.61445104349423e-11 2.44232967183677e-11 2.65055644099732e-11 2.75558909024198e-11 2.72632472153589e-11 2.48048248607802e-11 3.29909655150118e-11 3.77767706005727e-11 4.66538030430286e-11 5.22840326588891e-11 5.75109404543639e-11 6.3888205836804e-11 6.76324440895826e-11 8.63821902896689e-11
3.22783288986272e-10 3.07648329034293e-10 3.52292450767067e-10 3.96150490189484e-10 3.4658484970862e-10 3.19154958017265e-10 2.93546653651333e-10 3.8870722196549e-10 3.68775998627058e-10 3.46177886356713e-10 1.84456649954257e-10 9.69322500044001e-10 3.91255867704388e-09 1.50120292863321e-09 -9999 -9999 -9999 -9999 -9999 -9999 -9999 -9999 -9999 -9999 -9999 -9999 -9999 -9999 -9999 -9999 -9999 4.87653251113329e-11 1.01243691208452e-10 2.9249469513104e-11 3.05111047538276e-11 2.87025070377922e-11 2.76905609553069e-11 3.55303231280857e-11 4.64123739440936e-11 5.61114044117517e-11 5.71888647549201e-11 6.49093556681635e-11 7.3311401393994e-11 2.60394839024514e-10 5.51037293572421e-10
4.13169520818713e-10 3.63128815905611e-10 9.22058196461961e-10 4.19782286709136e-10 4.13708778346233e-10 3.83821285865338e-10 4.67690697281142e-10 3.42546191411941e-10 2.82287038189111e-10 2.54483689676732e-10 2.51784670890487e-10 2.60393040463214e-10 2.64091482016227e-10 2.5549529159008e-10 5.73652980673245e-10 5.06377373366007e-10 1.14723847088882e-09 -9999 -9999 -9999 -9999 -9999 -9999 -9999 -9999 -9999 -9999 -9999 -9999 -9999 -9999 2.27798335750151e-11 7.76968711591053e-11 7.74662001212789e-11 4.08859501810355e-11 2.67285082955482e-11 3.24756666003623e-11 4.21211843182334e-11 5.49170264818599e-11 6.54419407553064e-11 6.71474542635053e-11 7.49838524605195e-11 4.97780872077414e-10 3.19247051017157e-10 1.22435011018496e-09
4.64336358252382e-10 4.23428747620136e-10 4.13944645227815e-10 5.22145715553535e-10 5.40717215447017e-10 5.44576894689897e-10 4.54723780851651e-10 3.99703581344113e-10 3.59111007597335e-10 3.34226590847919e-10 3.27557181378779e-10 3.33140881547678e-10 3.46944462048526e-10 3.43792627699457e-10 3.47385264998223e-10 2.99136670989242e-10 2.81698675497211e-10 8.02051747239574e-10 1.97567773252416e-10 -9999 -9999 -9999 -9999 -9999 -9999 -9999 -9999 -9999 -9999 -9999 5.8827787086102e-11 5.4030480090006e-11 4.36522262781125e-11 3.43060913010618e-11 2.64329780286232e-11 2.70250932743465e-11 2.91998647483638e-11 4.17312628897548e-11 5.14246978333688e-11 5.51770185097666e-11 5.45739453627903e-11 6.8521177620795e-11 5.77305037108289e-10 1.0198729416544e-09 9.01106089745696e-10
4.89041274143176e-10 5.89444559828678e-10 5.15210119012011e-10 6.29963237130937e-10 6.8920132934025e-10 6.31701668751816e-10 5.67289104580482e-10 5.16743059453262e-10 4.73287697921876e-10 4.32199409594602e-10 4.07759792597773e-10 4.19054513312034e-10 4.22434720537268e-10 4.25740143139564e-10 4.21893697755138e-10 3.8622801623589e-10 3.33006522357238e-10 2.98671121168326e-10 2.75371792035628e-10 2.84965617769473e-10 5.93708915364033e-10 -9999 -9999 -9999 -9999 -9999 -9999 -9999 -9999 2.00017491458482e-10 3.17898041224396e-11 4.20435464221214e-11 4.08662326201181e-11 3.50137918658788e-11 3.04987479715635e-11 2.94018254187733e-11 3.12148751291375e-11 4.1027314878761e-11 5.32328181535036e-11 4.56775839374757e-11 5.76053871270688e-11 7.02391145246395e-11 2.83216750052162e-10 8.36055658037793e-10 4.47408476933475e-10
4.82219164599229e-10 5.22773790923026e-10 5.46639034038066e-10 1.95903697708388e-09 2.44016628014876e-09 8.41899616688124e-10 6.91986767886732e-10 6.86079315581622e-10 6.7039507278821e-10 5.75632808086368e-10 5.26160337521731e-10 5.14303299947727e-10 4.79394379748754e-10 4.70534244900733e-10 4.877236059464e-10 4.13622669448443e-10 3.97927635287232e-10 3.78769671183221e-10 3.36549177415435e-10 2.71453848288417e-10 2.2731677651322e-10 3.83905074397006e-10 -9999 -9999 -9999 -9999 -9999 -9999 9.50465928184485e-11 4.29597801776538e-11 4.39266623075696e-11 4.40631642284473e-11 3.70413366646005e-11 3.2905178581899e-11 3.28531091220441e-11 3.18384096864577e-11 3.45378614596825e-11 4.0506897835968e-11 4.99304486645258e-11 5.30029575784852e-11 6.51190434908244e-11 8.6876594806995e-11 1.22981014261114e-10 1.49139200988913e-10 1.6868247909585e-10
5.93321169972683e-10 4.98788332858879e-10 5.66327595930005e-10 7.15264214523614e-10 2.4587862523795e-09 1.07631943357944e-09 9.74438063572336e-10 8.6450139269445e-10 9.65880708747591e-10 8.56626325429488e-10 7.22687798493382e-10 6.39000508062537e-10 6.32123420274411e-10 6.09723793676409e-10 5.16452092202968e-10 5.15444342763516e-10 4.87618778688415e-10 4.64366167740593e-10 4.00288147073269e-10 3.51627260641862e-10 2.8180506816966e-10 2.25916862994779e-10 1.47959999807767e-10 2.90447321749099e-10 3.22754645232237e-10 2.52117882126868e-10 1.83574211387594e-10 7.72016117700503e-11 7.77818365271798e-11 5.71904745783058e-11 4.95355867435876e-11 4.09861700134684e-11 3.94549615201356e-11 4.24427271106254e-11 4.1687808760571e-11 3.72148423188889e-11 4.34747682298564e-11 4.24634771789556e-11 5.03574959509479e-11 6.28344043462903e-11 8.06159583532917e-11 1.03230723969006e-10 1.3147303246086e-10 1.5732066760421e-10 1.65439639765452e-10
8.49317915996295e-10 6.82954992559104e-10 6.39803299229413e-10 8.55138726496563e-10 2.54405230215582e-09 4.56937597759222e-09 1.27358044110792e-09 1.16632902225078e-09 1.13737804730007e-09 2.92666079149129e-09 1.02760675524394e-09 8.92516571759927e-10 8.13541423116959e-10 7.18005566113789e-10 6.57726118014068e-10 6.36693375799524e-10 5.842982209181e-10 5.08221531525521e-10 4.84086570828879e-10 4.72695949049751e-10 4.16375456335771e-10 3.36398597866605e-10 2.16756246285144e-10 1.41422318300499e-10 9.66330016005656e-11 9.57703694126622e-11 9.82384507075551e-11 8.45725822706811e-11 1.14678810891888e-10 6.21717677340428e-11 5.54987722445333e-11 5.13226128262545e-11 5.2036375208786e-11 5.42680678172758e-11 5.58057267063816e-11 5.05208097578702e-11 5.94992721758558e-11 6.02630723101072e-11 7.15129289119432e-11 9.20168607976279e-11 1.179313091626e-10 1.48474676997523e-10 1.84686543835966e-10 1.86256965406528e-10 2.37440322958804e-10
1.06519139064787e-09 9.5512117104235e-10 7.29168059265817e-10 8.39405678298988e-10 8.85952256002298e-10 3.50075639587999e-09 4.9829392723133e-09 1.50864595260813e-09 1.51860634067802e-09 1.57054024230163e-09 1.45128578044051e-09 1.18853086261694e-09 1.06734072691239e-09 8.88218432137933e-10 7.79756925695096e-10 8.36845470697512e-10 7.28171689612367e-10 6.66751331923621e-10 6.73178812693465e-10 6.47853093393991e-10 5.56884582891826e-10 4.57936821796068e-10 3.20383086727105e-10 2.25581509027961e-10 1.7017662834462e-10 1.43328615642702e-10 1.17042209257789e-10 1.02734643014912e-10 8.7894658218346e-11 7.49193374005586e-11 7.043075012092e-11 6.79500233857766e-11 6.98474056370912e-11 7.29821869605018e-11 6.4931515719735e-11 6.90461576802193e-11 7.81093190127535e-11 8.89150975069697e-11 1.00709418582312e-10 1.29198240994555e-10 1.70618175143744e-10 2.19261553358052e-10 2.26565566308068e-10 2.7251078060786e-10 3.24344562319112e-10
1.18555543160426e-09 1.11661218049619e-09 1.09615067023228e-09 8.89454376817866e-10 1.1111983222456e-09 1.20654148894062e-09 4.68640833917178e-09 2.20130967898413e-09 2.02997165743568e-09 1.93594135167174e-09 1.89399634864529e-09 1.64538586089336e-09 1.35012259150358e-09 1.1751540296423e-09 1.02284292147203e-09 1.14121002647849e-09 2.54212552119881e-09 9.3229332032152e-10 9.504796616433e-10 8.4480830109257e-10 7.58932217070907e-10 5.37302691228092e-10 3.42714701062619e-10 3.07013570122194e-10 2.58273280540067e-10 2.25017537935912e-10 1.89368321024119e-10 1.41931866259881e-10 1.09657649627337e-10 1.02469110974113e-10 1.04383968135835e-10 9.58339074763614e-11 9.25010179564367e-11 8.49731840446566e-11 9.12743880476796e-11 9.2101082316276e-11 1.01590991175016e-10 1.0627955182585e-10 1.44355094544579e-10 1.85504367422595e-10 2.1904459357458e-10 2.79408074455034e-10 2.92829449577425e-10 3.16162573898993e-10 3.2596257915074e-10
1.03245658689133e-09 1.19882520577264e-09 1.21646270834219e-09 1.21983135814574e-09 3.54170096583672e-09 1.37242424091966e-09 1.53280871328931e-09 6.5586374109472e-09 2.60477456270891e-09 2.28890459919029e-09 2.50699996318104e-09 2.32448160719656e-09 1.7027771304079e-09 1.13278517677173e-09 1.11426491367084e-09 1.13452752747989e-09 1.47494942925874e-09 1.32245587813884e-09 1.12178051292489e-09 1.22502751276343e-09 9.15105990983989e-10 5.64663893420914e-10 4.47174530737726e-10 3.79927456162221e-10 3.91027543678035e-10 3.42688277754633e-10 2.95090130109088e-10 2.57266852266014e-10 2.06331585150821e-10 1.61143931531882e-10 1.33963351522937e-10 1.26918697773704e-10 1.2905509993999e-10 1.30368082995602e-10 1.31039978867875e-10 1.23742815993921e-10 1.31504385159076e-10 1.77480863339241e-10 2.12506179320116e-10 2.4619248861768e-10 2.81355627684832e-10 2.84297896335772e-10 3.1324547400402e-10 3.50841544705105e-10 4.08696743114945e-10
1.19876542026276e-09 1.31308708350986e-09 1.21724155199843e-09 1.45357020864267e-09 1.45725251865514e-09 1.4869950826224e-09 1.60460289500008e-09 6.84113125037911e-09 2.74377047748686e-09 2.60509764871131e-09 7.57583054067368e-09 2.39421658054795e-09 2.06141699266027e-09 1.44045986250063e-09 1.16761919022323e-09 1.04587439819781e-09 1.22558773130166e-09 2.12365526275349e-09 1.54238227745296e-09 1.11700878546728e-09 8.73819394620057e-10 7.27277149614736e-10 6.55196863430518e-10 5.2497231006754e-10 4.03035949059216e-10 3.84453424651099e-10 4.12813394579103e-10 3.79753140045125e-10 3.18435378066084e-10 2.66264132964267e-10 2.33820229844639e-10 1.94347926640859e-10 1.94779536943912e-10 1.80075132583113e-10 1.57909318954097e-10 1.83779380602545e-10 2.2542770983236e-10 2.74296119151529e-10 3.28553173556401e-10 3.67254382460658e-10 3.63323204854993e-10 3.93564070222396e-10 4.43442893516277e-10 4.72975070220372e-10 4.50450277078573e-10
1.20453984564506e-09 1.22817144232457e-09 1.28940076393746e-09 1.52952924770133e-09 1.47724307231201e-09 2.18567978160777e-09 2.42628425128899e-09 2.15155231408914e-09 3.09336591897136e-09 6.67297713752291e-09 6.5669918392075e-09 2.09360991876295e-09 1.65053004597127e-09 1.39289757505878e-09 1.19500760398239e-09 1.10143598686108e-09 1.24797827627532e-09 1.37291573665266e-09 1.30637682893564e-09 1.23733553403227e-09 1.18686065420093e-09 8.8796133779212e-10 7.36980609872262e-10 5.79370496023301e-10 4.37489300342264e-10 3.74233521949208e-10 3.66426611275728e-10 4.49195902696431e-10 4.48710046896394e-10 4.28519719708476e-10 2.64509802949675e-10 2.92513369082315e-10 2.353950923073e-10 2.14996809244639e-10 2.48890785758959e-10 2.89870927261404e-10 3.23211368780107e-10 3.97015598174733e-10 4.42260505995051e-10 4.71845040816987e-10 4.88207918536432e-10 4.70375061123463e-10 5.22390530832695e-10 5.44574985106294e-10 5.52765144767875e-10
1.21656179574714e-09 1.04395789790601e-09 1.21410218545392e-09 1.07488978162706e-08 1.09783396151641e-08 2.17691294990274e-09 1.977516650431e-09 1.56430354225634e-09 1.7542988173247e-09 1.92871687509921e-09 1.83841453171851e-09 1.70292020484908e-09 1.51610024534676e-09 1.57700306147035e-09 1.38045022080036e-09 1.06942393829357e-09 1.25974628506498e-09 1.64589715190289e-09 1.60459354692222e-09 1.35251702060302e-09 1.21347787374049e-09 1.01993022916247e-09 7.3529842214981e-10 6.15336293030566e-10 5.49289058682234e-10 4.9988257977418e-10 5.32467359093403e-10 5.48383694010113e-10 4.5825524486176e-10 4.10926037641701e-10 3.03294911407903e-10 3.04042202525778e-10 3.0751654556127e-10 3.30576499507629e-10 3.54760432141887e-10 3.99749700008556e-10 4.42452297022555e-10 4.91233009825009e-10 5.04676178625374e-10 7.35478822289082e-10 5.54846546485521e-10 5.74578151724126e-10 5.51953927008242e-10 5.54669432606403e-10 5.49731704602152e-10
1.67814729890026e-09 2.35316088836868e-10 3.85272191927299e-10 6.29623353454178e-11 9.22499854283387e-11 2.00032213015788e-10 1.59029927004894e-09 1.59909877561759e-09 1.69683064266124e-09 1.75951845315936e-09 1.65122427953079e-09 1.57254973487397e-09 1.57790858157369e-09 1.66378480992435e-09 1.73434036021547e-09 1.22570790184184e-09 1.11193875218518e-09 1.49221588419124e-09 1.59816961886605e-09 1.73199993236395e-09 1.49553174288997e-09 1.18410957705706e-09 8.95951557389196e-10 7.7312420909692e-10 6.37780428469625e-10 6.38137187536358e-10 6.75078981604571e-10 6.78175937629533e-10 6.38046149248339e-10 4.858706437183e-10 4.11100420372179e-10 4.51506099174992e-10 4.78389439173554e-10 4.73020655977763e-10 4.93369278764533e-10 5.28701604718407e-10 5.38974243013968e-10 5.52682899446211e-10 5.79194725514043e-10 6.04525274283674e-10 6.02465866084145e-10 6.26534035763626e-10 6.44648379122259e-10 6.48457021412696e-10 5.43085576509839e-10
4.39256298001567e-11 8.82249828748627e-13 1.72921676977467e-12 6.02075056477247e-12 1.26859633908794e-12 2.44031461704708e-12 3.72289817862637e-09 6.44414720474273e-09 6.7528588276744e-09 1.68027549651839e-09 4.52361060832018e-09 1.74305355704618e-09 4.53771771269373e-09 1.81601260695885e-09 1.63242909190231e-09 1.27786839998478e-09 9.41831512779601e-10 1.33537549906748e-09 1.68101851327762e-09 1.86314393912923e-09 1.68683783607904e-09 1.36862056132614e-09 1.11111241318795e-09 8.04201649717839e-10 6.6080597660445e-10 6.3794790561289e-10 8.01587918264346e-10 8.72232952531249e-10 6.90129398073225e-10 6.1192848566094e-10 5.93195137454927e-10 5.52450718505071e-10 5.93357174505371e-10 5.80069647870829e-10 5.63267332776007e-10 5.93314652963528e-10 6.03351846262257e-10 5.8739780817163e-10 6.39893804610381e-10 6.20048856703192e-10 6.26222806943133e-10 6.17233264499362e-10 5.75167347083294e-10 6.40391606410162e-10 6.18955686704226e-10
1.46534373524076e-09 5.72772418383494e-10 1.05906983183246e-10 3.94200894149321e-11 1.13555498337803e-11 1.02984961669605e-09 5.18997790299736e-09 5.51493519740376e-09 6.41235362586201e-09 1.81949637578782e-09 4.429726008226e-09 6.313881628639e-09 6.33044411335604e-09 2.50723940498077e-09 1.34088838921187e-09 1.83484236693232e-09 9.36399024986656e-10 9.13035080873925e-10 4.16655369095409e-09 1.29354389422076e-09 1.39868752135897e-09 1.31140380776884e-09 1.20407778192444e-09 1.14046571075832e-09 8.89418116933882e-10 8.02710875547064e-10 7.36105920662311e-10 8.40127778456434e-10 9.38761590685289e-10 8.98018770456588e-10 8.37808100673243e-10 6.79645495438308e-10 7.12525338730785e-10 7.10247027857491e-10 6.98522784059463e-10 6.65534338750717e-10 6.58410914677887e-10 6.74952738144441e-10 6.90936297065292e-10 6.65031851809772e-10 6.48417042281579e-10 6.61645715993586e-10 5.89991056010319e-10 5.60146395933714e-10 6.12970962876602e-10
7.92837318019934e-10 8.63773119696987e-10 1.64941839075894e-09 1.01604171742764e-09 1.23160405207656e-09 1.63150538634582e-09 1.85161282972857e-09 2.01949517109057e-09 1.85184795276072e-09 1.66072963159181e-09 1.81831405487998e-09 1.83598272140983e-09 1.61259416930903e-09 1.41872940062626e-09 1.35772441067772e-09 1.37915988629445e-09 1.3116656538692e-09 1.19271320597747e-09 1.16013313400387e-09 1.18128867798717e-09 1.21246918061146e-09 1.20553567128923e-09 1.21829607513391e-09 1.17403118338189e-09 1.01729691337482e-09 9.14751352443233e-10 9.22325738006435e-10 8.34607882804761e-10 7.88539600282689e-10 8.37657243568657e-10 8.9455183260867e-10 1.05796013061266e-09 9.78778891269627e-10 7.83109954660688e-10 7.46085759839588e-10 7.48337036782232e-10 7.79170428177878e-10 7.88438236920541e-10 7.05386571375755e-10 6.38633479432826e-10 6.31562013797549e-10 6.41744912766029e-10 6.02564331764199e-10 5.95308902173741e-10 5.75713310357884e-10
5.8302095373719e-10 8.10420297536751e-10 1.00748713816046e-09 1.11668471136639e-09 1.27891055523577e-09 1.58071523648218e-09 1.72694137878793e-09 4.94711859255759e-09 1.73865959407493e-09 1.72662285580216e-09 1.56498404235705e-09 1.5287575982903e-09 1.19073825244342e-09 1.15638377762295e-09 1.19491113670378e-09 1.7863681978092e-09 1.19641446749696e-09 1.24919894428643e-09 1.16218917822764e-09 1.08988120750553e-09 1.21407105480031e-09 1.36092812574873e-09 1.39281569611072e-09 1.40196224629463e-09 1.8069913232388e-09 1.15294984670555e-09 1.09952937865643e-09 1.08887333594154e-09 1.08673684495741e-09 9.80373349168673e-10 9.5137053790495e-10 1.05330915101121e-09 9.81304282277051e-10 2.41029585179575e-09 9.38930777572011e-10 8.67624394551569e-10 8.22211221329638e-10 9.88520243438984e-10 6.70079092213172e-10 6.22890750090477e-10 5.98080163172199e-10 5.96862170798573e-10 5.62363977607561e-10 5.70937119803716e-10 5.70666824906141e-10
5.36084721058927e-10 6.95571544806484e-10 8.09644362664841e-10 1.03272026485968e-09 1.15696541236332e-09 1.39836536794391e-09 1.4322481756146e-09 9.41166882206801e-09 4.59767968141733e-09 1.54441617272738e-09 1.4439455742199e-09 1.45304493992526e-09 1.16794617310845e-09 1.07014154204776e-09 1.91917084446658e-09 1.68524173504991e-09 1.87704691789747e-09 1.84918231838083e-09 1.06742681360572e-09 1.18665124393402e-09 1.29117616598506e-09 1.35282508528789e-09 1.28761024065227e-09 1.42359111166002e-09 1.39056631764944e-09 1.32377050432453e-09 1.30984039170556e-09 1.21063975511149e-09 1.13240092858291e-09 1.01718224954084e-09 9.53477463649932e-10 1.08684099497935e-09 1.21186546353513e-09 1.18029999107705e-09 9.12508169026438e-10 8.26370449846792e-10 7.36120109312566e-10 6.70299660221474e-10 6.25996898762082e-10 5.90736004557613e-10 5.76171832467054e-10 5.60361679280419e-10 5.0279688190713e-10 5.00664687486108e-10 5.37144839718451e-10
