Maxent_result_files_2/B_norvegicus_2.asc
NCOLS 594 
NROWS 330 
XLLCORNER -15 
YLLCORNER 23 
CELLSIZE 0.166666666666667 
NODATA_value -9999 
[rows 160 to 179 of 330, columns 360 to 404 of 594]
8.22913407318993e-06 4.78280025504319e-06 4.49304466201283e-06 3.94303957023112e-06 5.59388622605184e-05 0.00017240313864022 2.18798118680752e-06 1.15330925751778e-06 0.00533923486000276 2.6623360895428e-06 7.13865402985903e-06 2.88351175186108e-06 1.47584351282148e-06 1.33489976121837e-06 2.55297590001646e-06 1.10353803279395e-05 8.7947858219195e-06 1.81834605086806e-05 2.30568032748124e-05 4.47960094334121e-06 2.13631787687518e-05 0.000157986984777381 0.000164611545551452 0.000147554891009349 0.000128439373111178 0.000121121378651878 0.000107932669561706 9.44907835219055e-05 7.19333693268709e-05 8.08257700555259e-05 9.58591772359796e-05 0.000106028964728466 0.000110905213114165 0.00014745850021427 0.000144957697557402 0.000115446343079384 0.000123596749472199 0.000166819859077805 0.000984249798057135 3.77039420982328e-05 5.42819445854548e-05 0.000175279263567063 0.000145606165096979 0.000124356628657551 0.000137859470487456
4.93657757374422e-06 5.12282319959922e-06 4.0098540694089e-06 1.75307257904933e-05 4.55089689239685e-05 0.0010628127885866 2.17525280049813e-05 4.94560158585955e-06 4.3725445311793e-05 1.18859289273132e-06 9.78855170896686e-07 4.89022219198887e-06 2.25531130354284e-05 1.72841702010373e-05 2.03582113840639e-05 1.94560888530759e-05 2.58812545780529e-05 0.000124938840599498 0.000225896843221562 3.62909762770869e-05 0.000195909300236963 0.000192186745698564 0.000176499828739907 0.000153415746899555 0.000147198484319233 0.000100049701904936 0.000103620310983388 8.62312415847555e-05 8.3258218728588e-05 7.92695491327322e-05 9.27442924876232e-05 9.87872568657622e-05 0.000127947262080852 0.000112023932706506 0.000113710794539656 0.000142754768421582 0.000202091132996429 5.1420548106762e-05 3.57166550202237e-05 0.000155677646944241 0.000120233854613616 0.000148507369158324 0.000121764397772495 0.000127702642203076 0.000121592089271871
5.49921680317311e-06 4.75198379490394e-06 2.52408730375464e-05 5.22013760019036e-05 5.10282928644301e-05 0.00071010259052855 0.00062441154368571 1.41982544960229e-05 4.14850241213571e-05 4.98556272759743e-05 4.5988074680281e-05 1.78174176767243e-05 0.000107496926466411 2.06338340944967e-05 2.09105410704069e-05 0.000162041632029286 0.000210379175041453 0.000208077301795129 0.000182085610504146 0.000196744489949197 0.000157901596685406 0.000155700483446708 0.000145316660928074 0.00016189255475183 0.000124252537352731 0.00011306573778711 0.000132349495652306 9.79945763901924e-05 8.5665004371549e-05 8.35401971926331e-05 8.53840871059219e-05 9.02656032849336e-05 9.92128872894682e-05 0.000103532783396076 0.000140710229425167 0.000147435805592977 0.000173415169774671 1.15644255856751e-05 0.000149592359230155 0.000142746387609805 0.000123794488536078 0.00012345152827038 0.000112449899643252 0.000117522593791364 0.000131493843946373
9.77358540694695e-06 8.74616630426317e-06 8.45030932396185e-05 6.21753438281303e-05 0.00044600572255149 0.000163070531925769 0.000399196756916353 0.000248357963209855 0.000203891785349697 4.55038598374813e-05 0.000166360577168234 9.61707005444623e-05 0.000171388491799007 0.000188284466275945 0.000161165412282571 0.000198422845278401 0.00020415768303792 0.000166818614525255 0.000198446391368634 0.000172644758640672 0.000165753672627034 0.00016000101568352 0.000189662365301047 0.00019085936328338 0.000135596005929983 0.000124674675498682 0.000114846529140777 0.000100054692120466 0.000100540781932068 0.00012009675920126 0.000100068369465589 0.00010462402497069 0.000105724635432125 0.000137335564249952 0.000163041745690862 0.000149377263915085 0.000122536034723453 7.67774876294425e-05 0.000109149117452034 0.000110567645060655 0.000115034500595357 0.000113953149411827 0.000110381178092211 0.000109337266803777 0.000111468134491588
8.65315882947471e-06 2.20505243760272e-05 0.000125379780001822 4.14716536852211e-05 0.000762207778461743 0.000205367120179289 0.000264689895266201 0.000256158153570141 0.000228840542695252 0.000215957108957809 0.000297321320613264 0.000180786675628042 0.000205612384161213 0.000207479621531093 0.000167832436636672 0.000211844177465537 0.000159040747894323 0.000178846943890676 0.000182643115476822 0.000198351755534532 0.000175057418164215 0.000190420121361967 0.000164995086015551 0.000152401881859987 0.000147796340752393 0.000137675712903729 0.000129074948199559 0.000145626044104574 0.000156559753122565 0.00014505302424368 0.000116955005978525 0.000137649235330173 0.000123512233585643 0.000123163485659461 0.000152933291792579 0.000131994603179919 5.26042530282211e-05 0.000164325055993686 0.000118873850442469 2.32756186960614e-05 0.000186062842840329 0.000114546152690309 0.000111820281563269 0.000109363008959917 0.000107858481351286
2.32338329624326e-05 2.99523854664585e-05 9.75158774963347e-05 0.000332003630319377 0.000470417081669439 0.000496486248448491 0.000297917302668793 0.000265345616207924 0.00026458728389116 0.000235579781292472 0.000202344066201476 0.000262779945114744 0.000237870631099213 0.000228838192560943 0.000182224960735766 0.000186507802573033 0.000174598867306486 0.000179601094714599 0.00018708136958594 0.000194189541070955 0.000193178922199877 0.000190137233948917 0.000227872809045948 0.000165180116164265 0.000157625111023663 0.000148154748967499 0.000165625043882756 0.000171219022013247 0.000134296024043579 0.000163396957941586 0.000132401836526697 0.000155930024629924 0.00013375861417444 0.000133455952527584 0.000165241625290946 0.00013624147286464 4.94444014293549e-05 0.000134407805308001 0.000135586009673716 0.000145560458258842 0.000147453078170656 0.000126141643886513 0.000122082572124782 0.000119499536594958 0.000116138849989511
8.0682058705861e-05 0.000101090043062868 0.000515051732509164 0.000390570370655041 1.17590552235924e-05 0.000310871865076479 0.000258240941911936 4.9122128621093e-05 5.52719520783285e-05 0.000269199735339498 0.000308146999304881 0.000273830075457226 0.000292852992424741 0.000205929500953062 0.000203923643130111 0.000196662871894659 0.000188306095878943 0.000193174229934812 0.000188069337309571 0.000185659683847916 0.000193727339137695 0.000199459261784796 0.000190349087279174 0.000175886389115476 0.000165982879479998 0.000158216144700418 0.000148474658999476 0.000143750381539576 0.000140566789195873 0.000134994517065934 0.000152400864681113 0.000139141450927127 0.000144163963341271 0.000141194149910007 0.000149841597158229 0.000144904357512132 0.000191680023272056 0.000226408098205866 0.000142575579229742 0.000142202849383466 0.000142852936369309 0.000134905884260661 0.000136182128517248 0.00012908852295368 0.000152166613042937
0.000374307207675884 0.000634269241709262 0.029947266029194 0.000592329129722202 0.000377657743229065 0.000292093970347196 0.000370493209629785 0.000349747265136102 0.000392758582893293 0.000313026896765223 0.000326162373676198 0.000668403181771282 0.000364589102537138 0.000258074090379523 0.000221652699110564 0.000199831913778326 0.000194331462262198 0.000197885624220362 0.000244965372985462 0.00022039755131118 0.000184590385833872 0.000184989497574861 0.000181430642987834 0.000171860265254509 0.000163157456336194 0.00015448162193934 0.000148960142905707 0.000143870223837439 0.00013883876890759 0.000135963558204821 0.00013904984916735 0.000139749608933926 0.000140359854412964 0.000144865268885042 0.000150093143747654 0.000144076568176388 0.000143533278605901 0.000187241132152849 0.00020968911867385 0.000147720295353793 0.000137691118652583 0.000138226618037152 0.000133726062813366 0.000131679148034891 0.000132370199389698
0.00059529060672503 0.000604322388244327 0.000618636126455385 0.000246286784022232 0.000398576862062328 0.000304858067829628 0.000298545981058851 0.000304099575441796 0.000318653231079225 0.000324332708260044 0.000327260849735467 0.000342284796352033 0.000290150479122531 0.000251525187923107 0.000215566583210602 0.000173617513428326 0.000168151246907655 0.000168777353246696 0.000187387564801611 0.00019477970272419 0.000188258027264965 0.000176474326508469 0.000168722373564378 0.000164532211056212 0.000153387989848852 0.000144659576471895 0.000137041260313708 0.000134376261848956 0.000135348301409977 0.000149685214637429 0.000134168498334475 0.000135451525420649 0.000136420801572967 0.000138376458198763 0.000183285480306949 0.000157612280236208 0.000142842221248429 0.00018632754436112 0.000205711287162558 0.000141786168751423 0.000137538052877062 0.000133739295051782 0.000133022910449654 0.000120171404341818 0.000117704892727488
0.000465271498251241 0.000622855505207553 0.000467736077553127 0.000375517189968377 0.00037767258763779 0.000374506911612116 0.000360025142435916 0.000370555100380443 0.000308272863912862 0.000307572216843255 0.000306193449068815 0.000286459319613641 0.000261792742094258 0.000236205730470829 0.0001857116825704 0.000174492916630697 0.000162593339337036 0.000154552865569713 0.000169254599677515 0.000172238390950952 0.000168517295605852 0.000163936062745051 0.000189638838855899 0.000154726738401223 0.00014004258409841 0.000139428686816245 0.00012600144436874 0.000158756055316189 0.000121930805107695 0.000162159592946409 0.000129839078363148 0.000128918597329175 0.000168883040896617 0.000126936958986335 0.000174985536796157 0.000131837434673798 0.000124740493993158 0.000129668706358643 0.000166610950873292 0.000170138728572056 0.00013026262204221 0.000133440962599707 0.000129370246577309 0.000117637558287242 0.00011873596431542
0.00052728726004716 0.000465436256490648 0.000319137405313086 0.000321000965777785 0.000270942313363776 0.000261335528921336 0.000265116133959964 0.000261573627358302 0.000275588623480871 0.000272476184909465 0.000256741367775248 0.000260862907452974 0.000235444150166586 0.000230889805970946 0.000194437661411939 0.000166326501494041 0.000158256071154028 0.000157072075671749 0.000155128760525258 0.000153061722085113 0.000149794284880045 0.000149447990770568 0.000144527524389559 0.000141591538704233 0.000140231529803714 0.000129968864348484 0.000119968773651635 0.000177131380951323 0.000131879456966999 0.00011089824984083 0.000117269942711573 0.00011659329138638 0.000132672396284761 0.000111369244041271 0.000107641622162191 0.000103052435042628 0.000104529359850858 0.000111132763777277 0.000110252237027453 0.000116731445814366 0.000103913092971197 0.000100143301096978 9.71466795817832e-05 0.000102671502463636 9.23734201933257e-05
0.000458814910962246 0.000284914956137072 0.000266861016280018 0.000261758927081246 0.000251614901935682 0.000227055462892167 0.000227468548109755 0.00020479539380176 0.000218228678568266 0.000232024207798531 0.000225854365999112 0.000203272891667439 0.000216973505303031 0.000226613412814913 0.000191547704889672 0.000177385222923476 0.000157969936844893 0.000141049992816988 1.9873442761309e-05 1.93347686945344e-05 0.000140495450978051 0.000129863016627496 0.000122698365885299 0.000121605246386025 0.000119803583220346 0.000107273752473702 9.51761485339375e-05 0.000133618670770375 2.19902928620286e-05 0.000102357582181867 0.000131497284928628 0.000138048538428848 0.000141152813012013 0.000103298910471494 0.000109532800524903 8.92442976692109e-05 8.87368903931929e-05 9.18720612389734e-05 9.68060374361812e-05 9.20861610211432e-05 0.000107925325573888 8.12299715107656e-05 7.91431424659095e-05 6.74481203532196e-05 6.66935531626223e-05
0.0004214362372295 0.00025469073880231 0.00032112274056999 0.000240371833206154 0.000219173043296905 0.000192467115994077 0.000188149331370369 0.000156756798969582 0.000162041038129246 2.59127509707469e-05 3.08164937450783e-05 0.000154351691162447 0.000172213729820214 0.000185055353358621 0.000176168000325561 0.000144820066634566 0.00013440319125948 0.000133702860694029 0.000117448719174718 0.000120890207836055 0.000125935550386203 0.00010835888897418 0.000104466385528212 9.80728860668023e-05 9.86596771326731e-05 9.33111958147492e-05 8.36014749438618e-05 8.93627653567819e-05 9.31779493839713e-05 9.05091836102656e-05 8.36273115055519e-05 9.27300752664451e-05 0.000212061802085373 0.000110112120819394 0.000106945128754887 7.97797978520976e-05 7.72097086155554e-05 7.66712841141271e-05 7.79677360696951e-05 7.9963615280576e-05 8.12077094451524e-05 8.82616157468874e-05 6.22278823357192e-05 5.84545276069548e-05 5.87829487812996e-05
0.000256128257024102 0.000237300369190052 0.000232658020104282 0.000213059802626958 0.000188308431097539 0.000172035286232131 0.000155128818732919 0.000144735772482818 0.000149694852007087 1.79875351022929e-05 1.94471339455049e-05 0.000110307852810365 0.00013182035254431 0.000140032980198157 0.000128379268790013 0.000135763704020064 0.000123980982607463 0.000116614164289786 1.66429227647313e-05 2.01337154067005e-05 9.37517910642782e-05 0.000101536342481268 9.45330224567442e-05 9.31567114093923e-05 8.53035502586863e-05 8.02770064183278e-05 7.43612350561307e-05 7.72419731219998e-05 8.38221481899382e-05 8.5903933904774e-05 8.24085400381591e-05 7.9502029257128e-05 8.0393320422445e-05 7.66497969379998e-05 7.34236600692384e-05 7.52291238313774e-05 7.35997933588806e-05 7.08215673512313e-05 6.65779127302812e-05 6.80709998050588e-05 6.75374649290461e-05 6.68204776957282e-05 5.99811902247893e-05 5.68982959521236e-05 5.9478841467353e-05
0.000314091322070453 0.000212356539850589 0.000203298417909537 0.000195205312047619 0.000182612664502813 0.000157893138384679 0.000139592978666769 0.000129380398720969 0.000123161917872494 0.000128028037579497 0.000118471142195631 0.000102086790502653 0.000105148684815504 0.000116239910130389 0.00012202974066895 0.000102313427487388 0.000100388505597948 0.000101223274759832 9.01992578292266e-05 9.13702548132278e-05 8.70676387421554e-05 9.2759059407399e-05 9.49573017351213e-05 8.62358485392178e-05 8.23320586277987e-05 7.91665946962894e-05 7.5271954483469e-05 7.59379678129335e-05 7.71533888837439e-05 9.00313410966191e-05 8.73759177920874e-05 7.02149874996394e-05 6.79854018017068e-05 6.70923203870188e-05 6.89928690917441e-05 6.97605408277013e-05 7.13312490915996e-05 6.75493654853199e-05 6.38322253507795e-05 5.80406155677338e-05 6.38706638710573e-05 6.24964011876727e-05 5.50830479369324e-05 5.36623345396947e-05 5.37625005563314e-05
0.000342535006348044 0.000280027269036509 0.000193081174074905 0.000167962353589246 0.000167800416238606 0.00015665993487346 0.000142774080450181 0.000129805395408766 0.000111284907325171 9.91097324003931e-05 0.000102029558911454 9.62879501457792e-05 9.02025334653445e-05 1.3527561986848e-05 1.3761171612714e-05 9.12352519662818e-05 9.04349613847444e-05 8.910359483707e-05 9.09208596567623e-05 8.82876027390012e-05 8.94677243195474e-05 8.48508214403409e-05 8.76550837347168e-05 8.85379227838712e-05 8.46821325467317e-05 8.10999032182735e-05 7.86083070124732e-05 7.72774043070967e-05 7.28607572455076e-05 7.97855509517831e-05 8.7884454842424e-05 7.46702171454672e-05 7.08366575054242e-05 6.74698201692081e-05 6.89716534907348e-05 6.76923911669292e-05 6.59266097500222e-05 6.36166389085702e-05 5.9864490867767e-05 5.63946715374186e-05 6.06443547439994e-05 5.82160188059788e-05 5.17492902872618e-05 5.09163955939584e-05 4.80273144603416e-05
3.61088592399028e-05 3.40517457971146e-05 3.75699926735251e-05 6.38928636817582e-05 0.000478175648459001 0.000166679726680741 0.000120872256957227 0.000110112514448701 0.0001005196107144 0.00010172277361562 0.000100137401750544 9.12851002794923e-05 7.97399996372405e-05 1.18725475658721e-05 9.01699343103246e-06 1.24182960462349e-05 8.41956687509082e-05 8.7617633107584e-05 9.08147008885862e-05 9.48614735534648e-05 9.50695502979215e-05 9.63704202149529e-05 8.73872906595352e-05 8.77321886946447e-05 9.00524617463816e-05 9.23832594708074e-05 8.83090560819255e-05 8.64251365783275e-05 8.18038764919038e-05 8.1808822505991e-05 8.48542396852281e-05 7.67230794735951e-05 7.16358441422926e-05 7.11181943188421e-05 6.90871658662218e-05 6.82003392284969e-05 6.77961768815294e-05 6.17729026998859e-05 5.70368120861531e-05 5.86843183555175e-05 6.19856853518286e-05 8.66319023771212e-06 5.13601215061499e-05 4.66960282210493e-05 4.53746555649559e-05
0.000918624372570775 0.000358651467831805 0.000248421778087504 8.32531415653648e-05 0.000353991398878861 0.000214450698149449 0.000214672461152077 0.000108544211980188 9.72712608927395e-05 0.000102486638570554 0.000112473611807218 9.26765344047453e-05 7.8294902050402e-05 7.77479714088258e-05 1.355165672976e-05 8.65840872847912e-06 1.2190162033221e-05 8.79182865901385e-05 8.91355022758944e-05 9.30060050450265e-05 9.36619042477105e-05 9.25535841815872e-05 9.09737271285849e-05 8.77839971508365e-05 8.66681350089493e-05 8.83514630913851e-05 9.11130737222265e-05 9.3578747328138e-05 9.05676664842758e-05 8.24951304821298e-05 7.7398630855896e-05 7.59269933041651e-05 7.00786718880408e-05 6.45832080408582e-05 6.34679881841294e-05 6.12311716395197e-05 6.40286878478946e-05 6.01480018303846e-05 6.23891934083076e-05 6.45357973553473e-05 5.60172272344062e-05 9.28133881643589e-06 7.5596220085572e-06 4.39688765254687e-05 4.29368666118535e-05
0.000256930958130397 0.000141946519579506 0.000122161439503543 0.00015716524067102 0.000265338829194661 7.67935100157047e-05 0.000128042475262191 0.00156848111073487 9.89905591268325e-05 9.9433433933882e-05 0.000102110415537027 1.37330724101048e-05 8.33809186588041e-05 8.70404586748919e-05 7.95312233094592e-05 8.6058826855151e-05 7.94079373008572e-05 7.74397431086982e-05 7.37755102818483e-05 7.72836841861135e-05 7.13404906491633e-05 7.59982302042772e-05 8.53647659823764e-05 9.29217858356424e-05 8.73284170666011e-05 8.87401114596287e-05 8.46862563776085e-05 8.48073075758293e-05 8.3769813318213e-05 7.8463814134011e-05 8.1078133371193e-05 8.18349199107615e-05 7.34855428163428e-05 6.32543051324319e-05 6.38641678960994e-05 5.65082007597084e-05 5.75786198169226e-05 5.72718019611784e-05 6.1338946215983e-05 6.24370375589933e-05 5.38502413292008e-05 4.9171347382071e-05 4.53030323114945e-05 4.14260000979993e-05 3.84562354156515e-05
0.000153303795377724 0.000130454925965751 0.000106945284642279 0.000101530548636219 9.06576158740791e-05 9.04507633094909e-05 6.10245512689289e-05 3.30426511141013e-05 0.000145129088195972 9.01146846445044e-05 9.54268401983427e-05 1.58712997290422e-05 8.86924604856176e-05 8.59205534652574e-05 8.32523484859848e-05 8.19559976662276e-05 7.72915433117305e-05 6.85591863657464e-05 6.76160596412956e-05 7.05890244717011e-05 7.02552484654006e-05 6.46650732960552e-05 6.48387334877043e-05 7.09852773070452e-05 7.61978772061411e-05 7.74269667090266e-05 8.07628968686913e-05 7.95764133727062e-05 7.89523064668174e-05 7.49936603824608e-05 6.94353377184598e-05 7.32254275135347e-05 7.02936540619703e-05 6.49901707220124e-05 6.37230135907885e-05 6.19639025899232e-05 5.71709982978064e-05 5.50237706193002e-05 5.86120348089025e-05 6.08738693699706e-05 5.34950930159539e-05 4.57629965239903e-05 4.24123227276141e-05 4.15746466387645e-05 3.61728573807341e-05
