Maxent_result_files_2/B_norvegicus_2.asc
NCOLS 594 
NROWS 330 
XLLCORNER -15 
YLLCORNER 23 
CELLSIZE 0.166666666666667 
NODATA_value -9999 
[rows 220 to 239 of 330, columns 360 to 404 of 594]
0.000811582326423377 0.000670126947807148 9.4514877491747e-05 6.9214845825627e-05 7.74371306761168e-05 0.000117367529310286 0.000121288595255464 0.000294175444287248 0.000107594417204382 0.000145838837488554 8.46410650410689e-05 0.000103088160904008 0.000368458140292205 0.0048983269603923 0.00502736042253673 0.00372707562055439 0.00232505730818957 0.00195780875510536 0.00115430250298232 0.00633011285681277 0.00131750983418897 8.04553172201849e-05 7.73701540310867e-05 0.000366997906530742 7.78630586864892e-05 -9999 -9999 -9999 -9999 -9999 -9999 -9999 -9999 -9999 -9999 -9999 -9999 -9999 -9999 -9999 -9999 -9999 -9999 -9999 -9999
0.000344713206868619 0.000460828008363023 0.000501430414442439 0.000141845647522132 7.28188835182664e-05 3.93108712160029e-05 7.95570253103506e-05 4.78467274660943e-05 6.21108185441699e-05 1.42569690069649e-05 1.79707152710762e-05 4.60895926153171e-05 0.000243650228367187 0.00045093625667505 5.97455611568876e-05 0.0060563315579202 0.00263136036228389 0.0012836526526371 0.00404994672862813 0.0188174793496728 0.0336623020470142 0.00552720902487636 0.000658362300600856 0.000648942263796926 0.000283978431252763 -9999 -9999 -9999 -9999 -9999 -9999 -9999 -9999 -9999 -9999 -9999 -9999 -9999 -9999 -9999 -9999 -9999 -9999 -9999 -9999
0.00250731585547328 0.000136814944562502 0.000461976512451656 0.000897105174954049 0.00110560785687994 0.000186739976743411 0.000946394601487555 0.000146277648218529 5.06001259054756e-05 2.69857939201756e-05 4.20396892877761e-05 7.52621272113174e-05 0.000131991868329351 0.000201116018433822 0.000326280269655399 0.000657893245806918 0.000404034816165222 0.000168655544985086 0.000230595769244246 0.00734413121826947 0.0254304924979806 0.0189801847562194 0.00266661772038788 0.00503827999345958 0.000701528426725417 0.000105816578434315 -9999 -9999 -9999 -9999 -9999 -9999 -9999 -9999 -9999 -9999 -9999 -9999 -9999 -9999 -9999 -9999 -9999 -9999 -9999
0.0124190794304013 0.00203878700267524 0.00123857299331576 0.00313825275516137 0.00371089257532731 0.00103098381514428 0.000649175366561394 0.0016644592047669 0.00277595148654655 6.17947642240324e-05 8.4057894309808e-05 7.67686665312795e-05 0.000772064287957619 0.000104978923627641 4.86569220811361e-05 2.43949980358593e-05 3.90940687169383e-05 0.000688810710562393 0.00117620910750702 0.00153707899153233 0.00286724148318172 0.0032391092274338 0.00768658928573132 0.00620744936168194 0.00846793204545975 0.0265184539952315 2.6814123702934e-05 -9999 -9999 -9999 -9999 -9999 -9999 -9999 -9999 -9999 -9999 -9999 -9999 -9999 -9999 -9999 -9999 -9999 -9999
0.0058274676091969 0.00732654097955674 0.0129390518646687 0.00578535771928728 0.0111326846294105 0.00237690702779219 0.00284159894799814 0.000639999934355728 0.00038228361227084 0.000135069310636027 0.000151516365258431 8.29604798127548e-05 0.000119869247100723 6.26388754426444e-05 0.000203420262187137 0.000187771555283689 0.000156643695950176 0.000251713560282951 0.000146752315777121 0.000252941226066061 0.00137099185958505 0.000652252565487288 0.000475892244139686 0.000777870486490428 0.000230113073484972 2.51386276431731e-05 1.24011001616964e-05 0.000196684409456793 -9999 -9999 -9999 -9999 -9999 -9999 -9999 -9999 -9999 -9999 -9999 -9999 -9999 -9999 -9999 -9999 -9999
0.034259164519608 0.0410982701927423 0.00949057303369045 0.0177616631612182 0.00499010789208114 0.00275564042385668 0.0207224098499864 0.00503009154926985 0.00397487027803436 0.00100497847888619 0.000225537513324525 0.000132344071971602 0.000806755885423627 0.000120931120818568 4.88883041725785e-05 0.000343870654978673 0.000287267880048603 6.82738859723031e-05 0.000253851000888972 0.000120655592763796 5.22649456343061e-05 4.00186956539983e-05 0.000152221575262956 0.000164473573386204 0.000100456723157549 2.61660066826153e-05 1.94590720639098e-05 4.63066613747287e-06 0.000337847807531944 0.00415410152636468 6.12970503425458e-05 9.12881781687247e-06 -9999 -9999 -9999 -9999 -9999 -9999 -9999 -9999 -9999 -9999 -9999 -9999 -9999
0.00502736408961937 0.0317982167005539 0.0187980197370052 0.0377125330269337 0.0117716208100319 0.00493056573905051 0.0306799031794071 0.00804773299023509 0.00397301516495645 0.00376546932384372 0.000256724415521603 0.000103410423980677 7.94223842603969e-05 0.000116807824542775 1.32448693477727e-05 3.29467470464806e-05 0.00011433259514888 3.73647356354922e-05 3.79655035430915e-05 2.9738916146016e-05 2.87293219116691e-05 9.23948909985484e-06 6.75777027936419e-06 2.28455626711366e-05 3.13500047923299e-05 1.36377893795725e-05 5.14549162744515e-06 9.78484357574416e-06 -9999 -9999 -9999 -9999 -9999 -9999 -9999 -9999 -9999 -9999 -9999 -9999 -9999 -9999 -9999 -9999 -9999
0.00477820970118046 0.0163734054192901 0.0229777161031961 0.00642937836237252 0.00517359431833029 0.00665015671402216 0.0442620623856783 0.0340589398518205 0.0132239593192935 0.00191589388996363 0.000206341680313926 0.000128499980382912 0.000162855131384276 5.30259170545833e-05 0.000138840598083334 9.58895514941105e-05 7.03852418155293e-05 8.61478320075548e-05 7.52820513298502e-05 6.47944634692976e-05 0.000102065114151628 5.56177176349593e-05 9.54668234953715e-06 1.05489923953428e-05 2.70565407845424e-05 9.98331715891254e-06 2.54847105679801e-05 -9999 -9999 -9999 -9999 -9999 -9999 -9999 -9999 -9999 -9999 -9999 -9999 -9999 -9999 -9999 -9999 -9999 -9999
0.00314508648589253 0.00284385127015412 0.00840547950938344 0.00362442652694881 0.00315083619207144 0.0059435804374516 0.00679356260225177 0.0324642516672611 0.0222602482885122 0.0164595452137291 0.000366720842430368 0.000445304595632479 8.77326836871362e-05 4.64955983943582e-05 5.49012771443813e-05 0.000190607536205789 4.80036524010075e-05 3.39288830446094e-05 0.000274885636827094 3.05629160948229e-05 0.000113915346400972 8.68682567670476e-05 4.88569053857191e-05 1.46080217803046e-05 1.04033933895797e-05 5.58177853235975e-06 2.21331412831205e-05 -9999 -9999 -9999 -9999 -9999 -9999 -9999 -9999 -9999 -9999 -9999 -9999 -9999 -9999 -9999 -9999 -9999 -9999
0.000120704564324114 0.000214037245314103 0.000441168498946354 0.00297821708954871 0.00416462486609817 0.00259922579862177 0.00435155807062984 0.0229766593314707 0.00305477738147601 0.00661689206026495 0.00438678525388241 0.000663557360530831 0.000160019778923015 4.91564821459178e-05 2.87906399307758e-05 4.52753714284881e-05 3.04945352013419e-05 1.3025548821588e-05 3.11325500149451e-05 1.440051093482e-05 9.48214378695411e-06 1.0759548013084e-05 1.6106308748931e-05 3.6021139294462e-05 1.10581081344208e-05 1.24817877804162e-05 -9999 -9999 -9999 -9999 -9999 -9999 -9999 -9999 -9999 -9999 -9999 -9999 -9999 -9999 -9999 -9999 -9999 -9999 -9999
0.000106420929296291 0.00184042113833129 0.00235536065883934 0.00442179129458964 0.00486474111676216 0.00733916657045484 0.00590254692360759 0.0115546932443976 0.00541430641897023 0.0025718837743625 0.020305621996522 0.00249478683108464 0.000224851322127506 5.95145208308168e-05 3.79161599994404e-05 4.02416908627856e-05 2.76831990191795e-05 5.68269764016804e-05 2.52806767292668e-05 2.9993149234997e-05 1.8432371803101e-05 9.5605861133663e-06 8.2934880083485e-06 6.11959684647445e-05 3.66187829058617e-05 1.56193833390716e-05 -9999 -9999 -9999 -9999 -9999 -9999 -9999 -9999 -9999 -9999 -9999 -9999 -9999 -9999 -9999 -9999 -9999 -9999 -9999
4.22394438572837e-06 8.26027633138438e-06 1.08727889710281e-05 9.43249295232818e-05 0.00335859237238765 0.00792392292059958 0.00803039642050862 0.0258529245853424 0.00117283389554359 3.17609206831548e-05 8.24437869596295e-05 8.24971888505388e-05 6.52669344162859e-05 4.45594718712528e-05 4.24278311129456e-05 2.06063784844446e-05 2.37009060583659e-05 5.25489022948022e-05 4.68840957864813e-05 3.68405085509949e-05 3.90003886479917e-05 6.47802549792686e-05 1.95745180462836e-05 4.06676183274612e-05 4.59982630218292e-05 2.46649576638447e-05 -9999 -9999 -9999 -9999 -9999 -9999 -9999 -9999 -9999 -9999 -9999 -9999 -9999 -9999 -9999 -9999 -9999 -9999 -9999
6.21372589648672e-06 8.61330036983077e-07 3.01751057691035e-05 1.99287977011409e-05 0.000177378368971404 0.00197116427589208 0.0143901783972979 0.0122885568067431 0.00174569885712117 0.000161874936384265 4.1267103233622e-05 1.75164228721769e-05 4.14648690366448e-05 5.42628400580725e-05 3.19884881264443e-05 3.50040572811849e-05 0.000100227831717348 0.000156542416516459 0.000141764037834946 8.70694119839754e-05 4.13062513757723e-05 6.61376125208335e-05 4.38987585766881e-06 3.17284721091937e-06 6.53873595410914e-06 -9999 -9999 -9999 -9999 -9999 -9999 -9999 -9999 -9999 -9999 -9999 -9999 -9999 -9999 -9999 -9999 -9999 -9999 -9999 -9999
2.40055095162006e-06 4.44062450810634e-06 7.2388625540043e-06 6.97913419571705e-06 9.23960024010739e-06 0.000589399470482022 0.00385923464782536 0.00843828541692346 0.00543548953719437 0.000159972321853274 4.58850770883146e-05 2.64718170001288e-05 9.84887043159688e-05 8.14519521351476e-05 9.961499927158e-05 6.35311613223166e-05 0.000164394444436766 0.000167942067491822 0.000224544486991363 0.000149335851529031 0.00135979034239426 8.72757403158175e-05 1.37181449645141e-05 4.30190550105181e-05 -9999 -9999 -9999 -9999 -9999 -9999 -9999 -9999 -9999 -9999 -9999 -9999 -9999 -9999 -9999 -9999 -9999 -9999 -9999 -9999 -9999
1.98181531629871e-05 1.13284256713087e-05 1.10371827986455e-05 2.99368860794402e-06 4.10274677165035e-06 5.76743992724005e-06 0.000208474556711735 8.07857693871483e-05 0.000167420796060469 0.000121569450857351 0.000845253884472186 0.000406110632320633 0.000511579056910705 0.000821453421667684 0.000118717056830064 0.000121794213191606 0.000290472149936249 0.000482359642046504 0.00250112591893412 0.0111378202214837 0.00104288289439864 0.000435962996562012 0.000135199192664004 -9999 -9999 -9999 -9999 -9999 -9999 -9999 -9999 -9999 -9999 -9999 -9999 -9999 -9999 -9999 -9999 -9999 -9999 -9999 -9999 -9999 -9999
2.56269485248595e-05 4.31317417763921e-06 6.22327343080542e-06 2.34302684020804e-05 0.000368342762521934 0.000392231598380022 3.32880215864861e-05 7.57314969632716e-06 0.000980392206110992 0.0015321446058806 0.00793752146419138 0.00211488385684788 0.000960419798502699 0.00038694278919138 3.36323580995668e-05 5.83097367780283e-05 0.000111814826959744 7.33011911506765e-05 0.000783214147668332 0.019539218954742 0.00474614701233804 0.00234285827027634 0.00108253082726151 -9999 -9999 -9999 -9999 -9999 -9999 -9999 -9999 -9999 -9999 -9999 -9999 -9999 -9999 -9999 -9999 -9999 -9999 -9999 -9999 -9999 -9999
1.15973639495337e-05 1.32281798386202e-06 4.16563690919247e-06 1.71553889913412e-05 3.25097446989275e-05 0.000755578762618825 0.000947053454001434 0.000201815116452053 0.000452089629834518 0.000837687301100232 0.000706039668875746 0.000323622673749924 0.000266646516683977 0.000201720277982531 3.20021175866714e-05 3.99885766455554e-05 6.81471503412467e-05 0.000100354323876672 5.46848321391735e-05 0.000183545357140247 0.00294761299155653 0.00540743060410023 0.00165775502100587 -9999 -9999 -9999 -9999 -9999 -9999 -9999 -9999 -9999 -9999 -9999 -9999 -9999 -9999 -9999 -9999 -9999 -9999 -9999 -9999 -9999 -9999
1.29644292655939e-05 4.29425279435236e-05 3.59353621064429e-06 4.21572102311529e-05 4.78307017829138e-05 4.03550535224895e-05 0.00016756323257141 0.000508696011820575 0.000770818081218749 0.000819008272083011 0.000572082141297869 0.000137157374774688 0.000503176570055075 0.000209348305543244 4.67021433451009e-05 0.000123740373783221 0.000716187425132375 0.0014322359347716 0.00037712479243055 0.000445968582425849 0.00160852679982781 0.00311562188435346 0.00225888548884541 -9999 -9999 -9999 -9999 -9999 -9999 -9999 -9999 -9999 -9999 -9999 -9999 -9999 -9999 -9999 -9999 -9999 -9999 -9999 -9999 -9999 -9999
3.80041868552894e-06 5.05264202672606e-06 9.10089149144255e-06 0.000147328646562528 6.56364930364361e-05 2.05907710437714e-05 1.41021248964535e-05 1.36082103836088e-05 4.24724842105206e-05 2.68382811555057e-05 3.34154656684404e-05 2.08707519504969e-05 0.000163616447025561 0.000823958480759757 0.00151796530117281 0.000845775255584158 0.00100198812287999 0.00136196334206034 0.00178833032696275 0.020859847869724 0.00179832122666994 0.00530821173451841 0.00304335551336408 -9999 -9999 -9999 -9999 -9999 -9999 -9999 -9999 -9999 -9999 -9999 -9999 -9999 -9999 -9999 -9999 -9999 -9999 -9999 -9999 -9999 -9999
4.00906470616746e-06 5.84326983386063e-06 8.08724457641574e-06 1.74355744491095e-06 9.40389359698202e-06 1.15249440355569e-05 4.7450912117597e-05 0.00216925890708808 0.000168794369892566 1.98730776673983e-05 1.95527221876546e-05 1.28524324509272e-05 3.09015007360358e-05 6.88536693814967e-05 0.000290378649333434 0.000796351930330275 0.000789534230716527 0.00125519938592333 0.000767978120711632 0.000623291681404226 0.001218638876162 0.00379166107159108 0.00470204399898648 -9999 -9999 -9999 -9999 -9999 -9999 -9999 -9999 -9999 -9999 -9999 -9999 -9999 -9999 -9999 -9999 -9999 -9999 -9999 -9999 -9999 -9999
