Maxent_result_files_2/B_norvegicus_2.asc
NCOLS 594 
NROWS 330 
XLLCORNER -15 
YLLCORNER 23 
CELLSIZE 0.166666666666667 
NODATA_value -9999 
[rows 100 to 119 of 330, columns 450 to 494 of 594]
0.000949377205688506 0.00172564834356308 0.000481891568051651 0.000565761141479015 0.000651323114288971 0.000544219894800335 0.00051695992005989 0.00153241934476682 7.09929052391089e-05 0.000342469193856232 8.61688473378308e-05 0.00014971280033933 0.000148083899694029 6.05181503487984e-05 0.000409163814038038 0.000642821512883529 0.000479944361723028 0.000190995352750178 0.0024943019496277 0.004563889792189 0.00089303400600329 0.000419499684358016 0.000240858974575531 0.000312147859949619 0.000402159075019881 0.00618628137744963 0.00607520174235106 0.00148211667547002 0.00281196045689285 0.000490770264877938 0.001348437811248 0.000619520770851523 0.000295099958020728 0.000336181860620854 0.000178482512274059 0.000229357145144604 0.00018412126446492 0.000272060382121708 0.000554121437016875 0.000232087126642 0.000289265824540053 0.000117727554606972 0.000122585224016802 0.000219091674807714 0.000269439059047727
0.000873820169363171 0.00174534467514604 0.000198876258218661 0.000402818029397167 0.00117982953088358 0.000721897202311084 0.000530425226315856 0.000334423157619312 9.78439828031696e-05 0.000444358435925096 0.000380136698368005 0.000421866797842085 0.000496378081152216 0.000625042617321014 0.000136277466663159 0.000486981682479382 0.000882671889849007 0.000817159528378397 0.00111337066628039 0.000141137421451276 0.000187304084101925 0.000414777333207894 0.000490161910420284 0.000185089496517321 0.000282775842060801 0.000203060294734314 0.000181262281694217 0.000496031968214083 0.000216349758557044 0.000221586764018866 0.000120878831876325 0.000353246566021315 0.000215524173836457 0.000170731971326177 0.000168553079129197 0.000128037212925847 0.000248026819463121 0.000411352802620968 0.00023192373191705 0.00121234353864565 0.000202572552370839 0.000199944971245714 0.000173185954918154 7.4845857307082e-05 9.12861055439862e-06
0.000238208452356048 0.000268708856310695 0.000396778614958748 9.99806492472999e-05 0.000527024193434045 0.00109591210493818 0.000605520617682487 0.000206728058401495 9.27598361158744e-05 0.000162706138507929 0.000503555504838005 4.75187378469855e-05 0.000117733364459127 7.41880634450354e-05 0.000472494191490114 0.000232396640058141 0.000207415178738302 0.000208370067412034 0.000218926763045602 0.000283462664810941 0.000236501867038896 0.000195741587231169 0.000172737097818754 0.000397680840251269 0.000336335183965275 3.2741691575211e-05 2.60832451203896e-05 0.000109010113737895 0.000348953502543736 0.000195520791749004 9.72868605458643e-05 4.59168240922736e-05 4.06326946176705e-05 0.000141548686224269 0.000247783493614406 6.48069461021805e-05 0.000353040956008144 0.000149209233131842 0.000226855561049888 0.000921973393997178 0.00211143728811294 0.000349850216298364 0.000192085486196447 4.23680161475204e-05 5.42447012776392e-05
7.57662506657653e-05 0.000176471067243256 0.000179432203003671 0.000305889008450322 0.000611151260090992 0.000606379064265639 0.00128173484699801 0.000343344238353893 0.000358885485911742 0.000224603558308445 7.88049022958148e-05 0.000379201050964184 4.82325569464592e-05 4.52862688689493e-05 5.15421543241246e-05 8.64346857269993e-05 0.000179795200529043 0.000126485800137743 0.000120121028885478 0.000165033812663751 0.000289914854511153 0.000352087501960341 0.000298071329962113 0.00041457025508862 0.000404596133012092 0.000201313475918141 6.87881404701329e-05 0.00136646640494291 0.00044254744934733 6.02641743171262e-05 2.95940249998239e-05 1.60542917001294e-05 4.70027271148865e-05 5.78995044634212e-05 0.000341932473384077 6.66114754494629e-05 4.73500769658131e-05 4.6393971570069e-05 7.33604045308311e-05 0.000129905570793198 0.000265518387459451 0.000369230582145974 0.000590261704928707 0.000209790391090792 0.000309726456180215
0.0001104296912672 0.000127263012109324 8.58146173413843e-05 0.00016061840869952 0.000227637574425898 0.000779938092455268 0.00061622402863577 0.00101810280466452 0.000536025501787663 0.000988511939067394 0.000390290253562853 0.000426228748983704 0.000525762513279915 6.57111348118633e-05 5.11514863319462e-05 7.54526226955932e-05 6.03407483140472e-05 0.000118190631837933 0.0001229752364452 0.000192313057050342 0.000180155033012852 0.000313853017723886 0.000442329634825001 7.65145203331485e-05 0.000186823258991353 0.00107293637411203 4.93533491884079e-05 0.000812984503136249 0.000147350940096658 7.77368222770747e-06 2.84333711533691e-05 6.19934411588474e-05 3.06096291751601e-05 0.00037268615646896 0.00021158888048376 1.75485145518905e-05 1.06817275991489e-05 4.86539422974386e-05 2.48832965894508e-06 3.21131960845378e-05 3.76111674995627e-05 8.68053196427354e-05 0.000657631544891046 0.000582269910955802 0.000315433560535894
7.0328735455405e-05 8.59151099575684e-05 0.000103947418392636 5.21473590197274e-05 0.000126515250303783 0.000155980110866949 9.77548595983535e-05 3.85613002436003e-05 4.75752483907854e-05 5.23702467035037e-05 6.856184991193e-05 5.28929358551977e-05 5.58520245249383e-05 5.64762282010634e-05 0.000407604564679787 0.00279074716381729 0.00113897413248196 7.601440011058e-05 2.83586292425753e-05 7.31300577172078e-05 0.000134843788691796 0.000118748418390169 0.000135916174622253 0.000205423790612258 0.00034858197250287 0.00059936620091321 0.000218944268999621 0.000240060569922207 0.00148575032908411 0.000267970684217289 0.000140805111368536 9.66372594120912e-05 1.8861887838284e-05 0.000197524113173131 0.000459428953035967 7.80605656473199e-05 2.82531462289626e-05 9.23514071473619e-05 5.82615397433983e-05 3.89630837162258e-05 7.94833351392299e-05 0.000525278419081587 0.000431712079443969 0.000312166617368348 0.000383125011285301
0.000110120355384424 7.17275244824123e-05 7.89665675256401e-05 5.52519511984428e-05 7.85510055720806e-05 2.57057192357024e-05 0.000548313686158508 8.01689202489797e-05 0.000111932768777478 0.000101447388806264 5.57503684763261e-05 4.49142098659649e-05 5.8708174401545e-05 5.11616613948718e-05 5.59897984203417e-05 5.70708158193156e-05 0.00124601422576234 0.000157554818724748 4.89467623992823e-05 7.43083652196219e-05 6.30248787274468e-05 0.000140851950163778 0.000132133973602322 0.000179507967550308 0.000314143484865781 0.00026010743677034 0.00037220641534077 0.000341572188699502 0.000719754415331408 0.000128827932712738 6.26044143245963e-05 0.000125262200708676 4.65567655379306e-05 6.74674640322337e-05 0.000178916823278996 0.000158561595708306 0.00018836985436792 0.000355639225199411 0.000358147921360796 0.000223339643707732 0.000690754252354964 0.000431212373950984 0.000805965208564885 0.000420203736575786 0.000239964898355538
0.000121940036478918 7.54656961362343e-05 7.76469263655599e-05 0.000125862636195961 0.000141660992812831 5.13750281243119e-05 5.65408372494858e-05 6.73268026730511e-05 0.000141658412030665 7.65752345614601e-05 4.94224528665654e-05 4.3677692883648e-05 0.000313289719633758 0.000159194589650724 8.54283221997321e-05 7.43417120247614e-05 5.46474737348035e-05 0.000193516995932441 0.000653080095071346 0.000160588186554378 8.85986999492161e-05 0.000324239223848888 0.000117293271250674 7.43694639822934e-05 6.07772446528543e-05 0.00041120007954305 0.00011416026391089 6.82731399137992e-05 0.00026108486308658 0.000207059256354114 0.00016485751257278 0.000185791030889959 0.000163964327293797 0.000147160644701216 0.000580490050924709 0.000531710338691482 0.000158155111785163 7.85466021625325e-05 6.71216282895903e-05 0.000119800365428091 0.000382031066328636 0.000830990581744118 0.00097335707032471 0.000206334688118659 0.000438425702691347
0.000776539114303887 9.93849505903199e-05 9.76798393821809e-05 0.000347366550704464 5.82090302486904e-05 0.000119848610484041 5.62762663321337e-05 5.9299825807102e-05 5.96379813941894e-05 9.99643918476068e-05 2.07757504540496e-05 0.000102013400464784 6.75546943966765e-05 0.000111062819269137 0.000106171910374542 8.18325861473568e-05 0.000218400881567504 0.000155759995323024 0.000137297139008297 0.000896107847802341 0.00124306532088667 0.000250104963197373 0.000119750942394603 6.81168239680119e-05 4.49225888587534e-05 0.000117760714783799 4.97780118166702e-05 7.09990064933663e-05 0.00012254578541615 7.10469474142883e-05 0.00015296815399779 0.000248553935671225 0.000126464232380386 0.000154798343282891 0.00036612214789784 0.000673030028337962 3.91817027775687e-05 5.19310648087412e-05 5.89832827245118e-05 2.44992346779327e-05 0.000150051296077436 0.000796363176929282 0.000166315073147416 0.000103094550286187 8.92936908712727e-05
0.000784084526821971 0.000702787016052753 6.99059004546143e-05 0.000203208008315414 6.89996064465959e-05 0.000113954435801134 6.09935945249163e-05 7.66056175052654e-05 5.97791986365337e-05 4.57125410321169e-05 6.19500682660146e-05 0.000111364963231608 0.000150785689766053 8.89193739567418e-05 2.2827913016954e-05 0.000113177306775469 7.0994792986312e-05 4.34392270108219e-05 8.56184895383194e-05 0.000378176546655595 2.9489795997506e-05 9.877266784315e-05 0.000138889102163375 5.52859048184473e-05 3.40064631018322e-05 4.29062405601144e-05 5.95685167354532e-05 3.53107523551444e-05 0.00019174758635927 0.000960164819844067 0.000620117888320237 0.000388582306914032 6.51602531434037e-05 9.70642962784041e-05 0.000125879720144439 0.000216289901436539 0.000122893340449082 0.000198290730986628 7.21386822988279e-05 7.2651545269764e-05 3.95739703890285e-05 0.000157976728587528 0.000182488370774081 2.93635360776534e-05 4.89257565277512e-05
9.22266503039282e-05 0.000110285749542527 7.2721550532151e-05 0.000341177024529316 8.90790099219885e-05 6.43599498289404e-05 6.4919434953481e-05 0.000180095435644034 6.22458574071061e-05 9.71446119365282e-05 7.09024490788579e-05 6.76439914968796e-05 8.2781350647565e-05 0.000584905064897612 0.000109693701961078 0.000425949459895492 8.04736926511396e-05 0.000143196306453319 0.000134476323000854 0.000117058781688684 7.53028252802324e-05 4.97867156809662e-05 0.000179347514495021 0.000147551831651072 0.000114913883589907 6.11031864536926e-05 5.73080320464214e-05 6.82989375491161e-05 6.07812857197132e-05 4.54030388937099e-05 3.90296288969694e-05 4.68368933070451e-05 4.65711844299221e-05 4.32433316746028e-05 0.000688603124581277 0.00107953082770109 0.000209328011260368 9.55563478783006e-05 0.000110960612801136 5.64862402825383e-05 6.97344175932813e-05 5.33696144884743e-05 7.04536430021108e-05 0.000139676172148029 9.17729301363579e-05
0.000101779661054024 8.33550744573586e-05 8.81262414623052e-05 6.73601036396576e-05 7.07973398675676e-05 0.000154403045598883 0.000116007964243181 6.29755122645292e-05 6.07411122473422e-05 6.39248406514525e-05 6.81138590152841e-05 3.86102230550023e-05 9.18013014597818e-05 0.000168458349071443 0.000121441943338141 5.77413527935278e-05 6.01640385866631e-05 0.000465555908158421 0.000306908745551482 6.45935906504747e-05 7.7817658893764e-05 0.000100632793328259 0.000505879008414922 0.000305959227262065 0.000887257035356015 0.000242269376758486 0.000105250873457408 0.000134390543826157 9.95836264337413e-05 0.000150834859232418 0.000218007515650243 0.000423378520645201 0.000107329093589215 3.24018774335855e-05 5.27842224983033e-05 5.20324014360085e-05 9.91418448393233e-05 0.000140142344025662 4.73868771223351e-05 6.17990586761152e-05 7.22046541341115e-05 4.47761252871715e-05 4.32726370490855e-05 2.88197619738639e-05 4.36543226896902e-05
0.000122388402814977 8.96478435606696e-05 0.000154307360935491 7.68712408898864e-05 0.000103280989424093 0.000135686746216379 0.000112237040593755 0.000127251262892969 0.000269213688443415 0.000138606506516226 9.13449832296465e-05 0.00066947402083315 0.000132919258612674 0.000134242734930012 3.97788422560552e-05 8.21311405161396e-05 6.20113816694357e-05 6.01243918936234e-05 5.76216058107093e-05 5.64433976251166e-05 0.000144394263043068 7.7069086546544e-05 0.000126544355589431 5.95609761148808e-05 8.34350437845854e-05 5.80216863454552e-05 4.53966851637233e-05 4.99393976497231e-05 9.80063821771182e-05 4.4291610174696e-05 6.5886382071767e-05 7.57938643801026e-05 0.000105106344562955 0.00017149076302303 3.23786442095297e-05 4.73087075079093e-05 0.000196551898261532 0.000140502118301811 4.53766733699013e-05 6.00563646003138e-05 4.40730321262683e-05 3.98906049667858e-05 0.063280833861063 0.000205927033675835 0.000177411073855183
0.000131772385793738 0.000128459854749963 0.000110928632784635 0.000127956924552564 8.68734881805722e-05 7.70817729062401e-05 7.33114196918905e-05 7.13771842129063e-05 8.49114563607145e-05 0.000835587119217962 0.000617336522554979 0.000527881714515388 5.24201641383115e-05 5.82230841246201e-05 8.16081119410228e-05 6.40022335574031e-05 6.80354227370117e-05 8.03334172815085e-05 6.29503170785028e-05 5.89078015764244e-05 7.14398534910288e-05 7.43565411539748e-05 6.06446767051239e-05 0.000106208929355489 5.56465922272764e-05 8.35484366689343e-05 4.40780589997303e-05 6.1476324844989e-05 0.000114531195868039 0.000178581397995003 0.000219753633609798 0.000115353676907071 6.36787293842644e-05 4.24686952101183e-05 3.21221559715923e-05 3.35085100232391e-05 4.57050544355297e-05 0.000496097817085683 0.000334155160089722 0.000131849891477032 0.000239728300039133 9.48150569456629e-05 2.63257781625725e-05 1.01051356068638e-05 2.83945102637517e-05
0.000139202665013727 0.000111775152618065 0.000125288956041913 0.000122529157670215 0.000124555642833002 0.000224651230382733 0.000223227002425119 7.54676810174715e-05 8.10846759122796e-05 7.22537013643887e-05 6.88817228365224e-05 0.000311739058815874 7.68108162446879e-05 6.24174426775426e-05 6.12104260653723e-05 6.09853494097479e-05 6.52646529488265e-05 0.00015871786599746 5.63890956982505e-05 6.10958930337802e-05 5.91206582612358e-05 5.60965861950535e-05 7.22733777365647e-05 9.40941288718022e-05 0.000178258954838384 4.43470700702164e-05 9.78712007054128e-05 0.000149702574708499 8.3085622463841e-05 4.61908759461949e-05 8.13797705632169e-05 6.63551156322773e-05 5.30153165527736e-05 4.22214816353517e-05 4.31494838267099e-05 5.24113085702993e-05 4.76643086585682e-05 0.000136701198061928 0.000263256359903608 0.000517918984405696 6.40340247628046e-05 2.70794565949473e-05 2.73509347607614e-05 1.41000285111659e-05 9.82871847554634e-06
0.000311860156944022 0.000126268753956538 0.000110918782593217 8.30861295980867e-05 0.000196355453226715 0.000156856067769695 0.000223767876741476 0.000287422543624416 0.000172072603891138 0.000271871421136893 0.000186002404370811 0.000221134023740888 0.000127884214452934 7.76752756792121e-05 6.11280454904772e-05 8.88168200617656e-05 7.99295601609629e-05 6.07485584623646e-05 6.48456400085706e-05 6.4772892073961e-05 8.59330561070237e-05 7.6562230970012e-05 8.20426677819341e-05 5.01789429108612e-05 2.45622610236751e-05 3.16308585752267e-05 0.000118435484182555 0.0632786777885485 4.68322799861198e-05 3.66071377357002e-05 4.21189026383217e-05 4.32180884672562e-05 7.49945886127534e-05 7.51086658056011e-05 6.36524255241966e-05 4.38122973719146e-05 7.32909880753141e-05 5.62466870178469e-05 0.000471743050729856 5.51593631826108e-05 4.92760169436224e-05 0.000126545225066366 0.00020687342112069 9.35929430852411e-05 0.00010534178436501
0.000238407691358589 0.000138808664632961 0.000354152344516478 0.000248532868863549 9.88081163086463e-05 0.000144551575067453 0.000138995105226059 0.00014698158192914 8.65335772687104e-05 8.10193501820322e-05 9.30144065932836e-05 7.68163918110076e-05 9.77105504716747e-05 0.000140228352393024 0.000351583247538656 5.00701255077729e-05 8.63907371240202e-05 6.47255910735112e-05 8.25033021101262e-05 6.18422513070982e-05 6.21114231762476e-05 5.0452563300496e-05 6.93144400429446e-05 5.93334785662591e-05 4.33450844866456e-05 3.71355639799731e-05 0.0001090274163289 0.000177273558801971 0.00057558132102713 0.000203872502606828 7.07592058461159e-05 6.59756638924591e-05 7.57344620069489e-05 7.249767427564e-05 0.000152879173583642 0.000126788555462554 0.000178511346985033 0.000111741504952079 0.00055912645184435 0.000115475864731707 3.98017980842269e-05 0.000227802395602339 8.92993356188754e-05 7.202454507933e-05 6.22299961833051e-05
0.000273003229813185 0.000137109597562812 6.56861957395449e-05 0.000118883994582575 0.000158820435171947 0.000178104612859897 0.000443318346515298 0.000138794841768686 0.000167313757992815 0.000146759318886325 8.79820763657335e-05 0.000259125730372034 7.72911706008017e-05 9.63010141276754e-05 7.09370608092286e-05 0.000135200288787019 0.000111660361289978 0.000150254344043788 9.57678224949632e-05 0.000345431250752881 5.32820035004988e-05 6.66002866637427e-05 3.71382971934509e-05 4.94940853968728e-05 8.33434969536029e-05 6.60189944028389e-05 5.07463759277016e-05 8.52748002216686e-05 7.32542102923617e-05 3.10702913338901e-05 2.6575325136946e-05 2.89649020487559e-05 9.84086073003709e-05 9.01964434888214e-05 5.06583914102521e-05 8.20178756839596e-05 0.000102800170134287 0.00024238545956905 0.000601839751470834 6.71400252031162e-05 3.21482126310002e-05 9.16069351660553e-05 0.000210391324071679 8.98144782695454e-05 5.96661288000178e-05
0.000377441907767206 0.000176860092324205 0.000132595919421874 0.000179080260568298 0.000201861534151249 0.000204335490707308 0.00118491625180468 0.000145397677260917 9.68890934018418e-05 0.000187608195119537 0.000185038859490305 8.46108567202464e-05 0.000123330576752778 7.94779814896174e-05 8.06546369858552e-05 8.55661077366676e-05 0.000109838473144919 0.000166306477331091 0.000160680073895492 0.000536457769339904 5.97086269408464e-05 6.27549343334977e-05 5.77138263906818e-05 9.59798519033939e-05 4.66216912172968e-05 4.11828088545008e-05 5.69251511478797e-05 4.31518878031056e-05 0.000158144980377983 0.000120196836360265 2.89222089122632e-05 8.14270811133611e-06 9.78715739620384e-05 0.000222583666618448 0.000318502209847793 0.000531389977550134 1.87537955753214e-05 0.000322679201781284 0.000182970066089183 0.000148685598833254 0.000164065444550943 0.000184557992906775 5.43827185538248e-05 6.22679101070389e-05 0.000331485681817867
0.000296047059237026 0.000255279935663566 0.000349464316968806 0.000451265362789854 0.000550137821119279 0.000124096946092322 0.000285992177668959 0.000120517135655973 0.00011228877629037 9.46948217460886e-05 0.000227933353744447 8.60809290315956e-05 0.000203853934362996 0.00012790026521543 8.53200232086237e-05 8.90464594704099e-05 0.000127582637651358 3.42385850672144e-05 8.2500204371172e-06 3.18323729970871e-06 3.7751866329927e-06 3.61983043148939e-06 1.34260700178856e-05 0.000217386006261222 5.58218256628606e-05 4.50696421467001e-05 5.2585012599593e-05 4.11400164011866e-05 4.78414840472396e-05 2.63611404079711e-05 5.31680700078141e-05 5.67657116334885e-05 7.42910480767023e-05 0.00026470439042896 0.000101441456354257 0.000130354621069273 5.82509019295685e-05 0.000102307042106986 9.72660426778016e-05 0.000120937558131118 2.16180858842563e-05 2.63783136688289e-05 3.84200694725223e-06 2.06485615308338e-05 1.51078153066919e-05
