Maxent_result_files_2/B_norvegicus_2.asc
NCOLS 594 
NROWS 330 
XLLCORNER -15 
YLLCORNER 23 
CELLSIZE 0.166666666666667 
NODATA_value -9999 
[rows 200 to 219 of 330, columns 405 to 449 of 594]
6.75184280396479e-07 5.73667908554398e-07 7.57600155765203e-07 5.88762081576988e-07 7.05001792056237e-07 1.0186355360986e-06 1.33468619765154e-06 8.10745646049327e-06 1.14460291626983e-06 1.16735617297081e-06 6.92299433069366e-07 7.80838546177165e-07 9.67561432929642e-07 8.16247978008278e-07 9.04736620555013e-07 6.1688648429481e-07 8.34066142374468e-07 4.96180691378356e-07 5.55333745211328e-07 9.21746872961648e-07 7.29500069596156e-07 1.0017380745353e-06 9.14228251858162e-07 1.15829355706865e-06 1.23008544079539e-06 1.89882560590604e-06 2.13670278697009e-06 2.20056652722178e-06 2.51881331507775e-06 2.42976339279721e-06 2.59383877221353e-06 2.681057392806e-06 2.77627266598302e-06 2.7997527666912e-06 1.41953264503059e-06 1.76110764641635e-05 1.46407616625766e-06 1.17593093023061e-06 1.14074394943486e-06 1.25258764143155e-06 7.14557815406636e-07 8.00579196038598e-06 9.6371420113428e-06 1.41336335843789e-06 1.76339842141715e-06
8.67238520640967e-07 6.55179306363607e-07 5.34150102282638e-07 6.81931766877142e-07 1.48102978130282e-06 2.43943252939971e-06 1.25834728805785e-06 6.84039177940576e-06 4.35298732099909e-06 8.20325226413843e-07 1.07790423626852e-06 3.73797859083425e-06 6.40433277254715e-07 6.95035904740848e-07 8.17568805544511e-07 6.4352626232278e-07 6.26626519206752e-07 7.57136178819451e-07 9.58172461196227e-07 1.16304616284424e-06 6.78098491668777e-07 1.4058995205346e-06 9.78747726776419e-07 1.39376380019485e-06 1.58708872106672e-06 1.69368967419814e-06 1.81643589627356e-06 1.93954920035821e-06 2.15301961645764e-06 2.23109053933968e-06 2.31529935490471e-06 2.88096041174413e-06 2.54060167321768e-06 2.61749744083772e-06 1.33561925288461e-06 1.1872969967186e-06 8.73000131917934e-07 1.15468659487306e-06 1.14223460982998e-06 1.05643942660549e-06 1.04804214942078e-06 1.31703834895802e-06 7.5147366260353e-06 1.18133007234178e-06 1.26111547302798e-06
2.36869914544968e-06 1.30870429018159e-06 5.95215875165422e-07 6.56858419034734e-07 7.90437339759365e-07 5.89745075103565e-06 1.26658104022681e-06 6.29637454494514e-06 4.52974963991437e-06 7.0988938176697e-07 3.75472086489026e-06 3.57154034418272e-06 1.23817585269137e-06 4.29748982000433e-07 5.29687668304746e-07 4.04002010512272e-07 6.98643517438313e-07 1.19267921974142e-06 1.15099830324539e-06 9.7776622993706e-07 9.67605664214943e-07 1.01422181870703e-06 1.09116819402288e-06 1.21602621447892e-06 1.33764736176545e-06 1.40819062153241e-06 1.50151645215146e-06 1.53166784144787e-06 1.77159662086979e-06 1.87630878514256e-06 2.0259349639673e-06 4.85424181988492e-06 2.11193030708046e-06 2.28550015037854e-06 2.4944105234681e-06 7.74212697152166e-07 9.14601979928875e-07 1.1915964918785e-06 1.28008783661926e-06 1.01949560473713e-06 1.15597622354358e-06 1.21837578674899e-06 9.84620234945055e-07 1.0757114203841e-06 1.22366690504805e-06
4.941393945046e-06 2.29874372195127e-06 6.08640213428657e-07 5.48191019333899e-07 6.61060253648316e-07 1.38532137228253e-06 1.05308038911289e-06 9.13550978509647e-07 9.47888743496605e-07 8.16524362790005e-07 7.6470911167803e-07 6.21523097379395e-06 7.03858897566079e-07 7.8729625911933e-07 5.33436540806065e-07 3.68075703960358e-07 5.4890531142604e-07 1.12884140435199e-06 7.92794783421868e-07 9.1679755342966e-07 8.36327414077687e-07 8.39619872294861e-07 9.32575492385013e-07 1.53341593858158e-06 1.12210639287014e-06 1.2507195393141e-06 1.40620401936076e-06 1.52552692185282e-06 1.54802255849518e-06 1.67272143158925e-06 1.93545715205801e-06 5.35033590836065e-06 1.85306564048915e-06 1.86358497273886e-06 2.36750540238972e-06 1.40545234970091e-06 1.39846739699578e-06 1.24571276600705e-06 1.19451196027853e-06 8.98750779754209e-07 1.0921408183151e-06 9.89939088213987e-07 7.36105663534659e-07 6.77224438661028e-07 8.47017524563398e-07
1.94098973764767e-06 1.20105010594784e-06 6.66096025270235e-07 5.55210438690779e-07 4.36526799241221e-07 2.39441039617816e-07 4.70012020770127e-07 6.2923629364775e-07 1.51227219689076e-06 2.1124219493629e-06 1.95430108220762e-06 1.04034955299426e-06 7.23770302357707e-07 8.19996124690192e-07 7.78227624920191e-07 1.06240078565634e-06 1.02669713015757e-06 8.24739592886203e-07 7.56507074584078e-07 9.0160016839036e-07 8.00331098105289e-07 8.46175357338552e-07 8.92426854193218e-07 9.77391533041327e-07 1.06185032606732e-06 1.13710481173257e-06 1.27839819583642e-06 1.38920319159297e-06 1.31788278991962e-06 2.35805569701597e-06 1.88455776992669e-06 1.5835809747955e-06 1.66622969999253e-06 1.69248094152863e-06 1.81594645454197e-06 9.77968269566531e-07 1.04594409169323e-06 1.04125679385447e-06 1.18160275732748e-06 1.9098624910896e-06 7.22172016232037e-07 1.06387057385859e-06 1.44258439416234e-06 1.38044963478023e-06 8.14306697449751e-07
3.12404737599081e-06 2.08268036914205e-06 9.26561938285886e-07 9.05257434169471e-07 4.76753065647983e-07 4.3238521421074e-07 4.44408267341601e-07 2.84020675600516e-07 5.81642397179394e-07 2.07549312989386e-06 2.09145511291808e-06 1.87748106981189e-06 7.93056565129291e-07 1.04037422019587e-06 9.90998598382475e-07 9.33820553683518e-07 6.70966264593176e-07 1.0391890178596e-06 1.03982245320822e-06 7.61824531281263e-07 8.40239959387645e-07 8.54819116113958e-07 8.56116192693435e-07 9.23713221823164e-07 1.02622172448719e-06 1.08597972356961e-06 1.18403286961666e-06 1.17867583355746e-06 1.17018932854762e-06 8.66058839221751e-07 1.58521534956435e-06 1.58570383490542e-06 1.52483279691751e-06 1.58892179626946e-06 1.61845340045375e-06 9.02786075940298e-07 9.37139813927956e-07 1.11262628763598e-06 7.77137233853864e-07 1.99706177141934e-06 3.59821290487616e-06 8.13341564054326e-07 8.82090266429714e-07 2.13909108452981e-06 1.65480860374601e-06
1.76384777148542e-06 1.8367812657516e-06 2.16967666801793e-06 1.64184099560316e-06 7.05433011916057e-07 4.19278238616982e-07 4.00658806043452e-07 5.43363017158072e-07 3.2244030059303e-07 9.98874133628647e-07 2.43870086933384e-06 2.42586705638814e-06 1.06185043478035e-06 7.97401067131887e-07 9.07975591246668e-07 9.17421003521213e-07 1.00076744775635e-06 9.75400926961356e-07 1.10728084834477e-06 9.35776846944236e-07 8.01153324658799e-07 8.33816462630921e-07 8.77044872993338e-07 9.27298626152151e-07 1.00311742698977e-06 1.09445343099424e-06 1.09465514555041e-06 9.99615873098492e-07 1.06194848399355e-06 1.02372871495504e-06 1.21421968799496e-06 1.16629195403561e-06 1.25495103873163e-06 1.44464910647457e-06 1.44433278137512e-06 1.55228976836952e-06 2.24966188824283e-06 1.20215296632864e-06 1.11161554254835e-06 1.51385102959978e-06 1.04884937526251e-06 1.43467377000661e-06 8.38553097182171e-07 5.41989559277312e-07 1.08246727307915e-05
1.29189001825125e-06 1.01058405306276e-06 1.80033577095173e-06 1.19396345041878e-06 1.38420498458913e-06 6.2176403226033e-07 3.72409653692785e-07 5.7760410250296e-07 5.66475701546665e-07 7.70160360019645e-07 1.09703616715251e-06 7.77972704213426e-07 5.85828319188408e-07 6.74392104826893e-07 1.19625224783704e-06 1.45884152686904e-06 1.01277922688325e-06 1.03768855765907e-06 9.68555511349223e-07 8.89078438603974e-07 7.68280617080563e-07 8.50579042577237e-07 9.20696430739554e-07 1.00565381018214e-06 1.01777652190549e-06 9.92359484541794e-07 9.81453433013257e-07 9.28078405593169e-07 8.98464515586284e-07 7.03882857777671e-07 6.10642943499329e-07 6.69962687283032e-07 7.4730750583285e-07 1.17767823510917e-06 1.13954122582527e-06 7.02845630939919e-07 2.18263773774652e-06 1.25225702554133e-06 1.18071181951507e-06 1.3436305639658e-06 8.67396893795558e-06 9.21412129883947e-07 4.94286919838771e-07 1.60348413054123e-06 8.5602778661098e-07
1.18484206694802e-06 1.1729095021451e-06 2.08891478479245e-06 9.69837897457637e-07 1.03905165218521e-06 8.36104936752235e-07 9.39441886771419e-07 1.10831152184687e-06 2.56949273325091e-07 3.24359859860124e-07 3.35675478702058e-07 2.55786657188395e-07 2.90433787331068e-07 5.34748562586174e-07 1.29260559198485e-06 1.48053998501041e-06 1.03011225647265e-06 6.62204860901738e-07 6.70428596549755e-07 7.21870152631254e-07 7.42861241320725e-07 7.55870581059526e-07 8.1389282158284e-07 9.34962375964687e-07 9.40564342499783e-07 9.03934120088934e-07 8.64362474572999e-07 8.557049625324e-07 8.26496985695258e-07 8.585287190499e-07 5.92113017461315e-07 5.39572773661234e-07 6.25681344246232e-07 9.77871754770376e-07 9.61155978984607e-07 1.00371145848044e-06 7.84500622863504e-07 1.00325527192524e-06 4.87913469071621e-07 1.05082639469956e-06 1.3284862063756e-06 4.64708904424072e-07 7.57172013710061e-07 2.38116710260528e-07 5.17955765477751e-07
9.72954838118767e-07 7.7016414294917e-07 7.73040358836852e-07 7.96687989890188e-07 8.14566796947247e-07 8.39302246191664e-07 8.20745135854395e-07 7.39199636967669e-07 5.74548119658402e-07 3.88567921660865e-07 3.25353915187065e-07 1.5304681491024e-07 2.67218039695649e-07 3.81485054745667e-07 1.47025143348856e-06 1.6471751145275e-06 6.93720183164714e-07 6.33295285723534e-07 5.94545151244574e-07 6.13888272127383e-07 5.96660053631126e-07 6.31510410897818e-07 6.75336946898142e-07 7.55831607079926e-07 8.23998467325282e-07 9.73324942066256e-07 8.94651950744674e-07 8.45770378532507e-07 7.9451811529907e-07 8.23753958911766e-07 7.67727514272565e-07 5.71273708516173e-07 6.15680128746021e-07 8.4537198077328e-07 7.70779636383168e-07 7.45619422559685e-07 1.0041259752569e-06 1.00077285285494e-06 5.37951531185854e-05 5.30121990038879e-07 6.41213632990301e-07 3.6455849419248e-07 3.55389030282094e-07 1.75574823400026e-06 1.00697248122117e-06
9.59350265361536e-07 5.22648520373536e-07 4.78318226626584e-07 6.01248692078116e-07 5.96182071177509e-07 5.51585310759606e-07 6.82640727234229e-07 7.35668353257779e-07 7.22097726679749e-07 4.84772191811089e-07 3.13451717914859e-07 2.33184657716379e-07 4.38250211232116e-07 4.01953537831901e-07 6.98444201319148e-07 6.68592420183245e-07 6.54189895854529e-07 5.71254384951203e-07 5.09455070130116e-07 4.59301447008897e-07 5.26034047609869e-07 4.99240379880916e-07 4.98029097428798e-07 5.00346773080196e-07 5.35826107750381e-07 6.59169745631516e-07 8.35277225519349e-07 7.66050196432388e-07 7.65527347112993e-07 8.14987757280505e-07 8.08518851158624e-07 7.24241665750469e-07 6.5016244867877e-07 6.78662463116098e-07 6.87358829054574e-07 6.90421607885128e-07 6.88499565626444e-07 6.23410521272128e-07 5.29697638462778e-07 1.22346671895812e-06 2.69087280901914e-07 2.3676248968485e-06 2.39732328459752e-06 7.58948439511187e-05 3.56508948495815e-07
-9999 1.70536266210775e-06 4.76266974658301e-07 3.48727721899422e-07 5.21586277812958e-07 3.8092377607768e-07 4.54277204653408e-07 5.55340796637438e-07 4.43982288445e-07 2.99049574969956e-07 2.13702657436698e-07 2.94913180987066e-07 3.67530281764061e-07 4.11395821764415e-07 4.44364700591393e-07 4.2234569477273e-07 3.86027415189005e-07 4.19685266095371e-07 4.23053715081778e-07 3.60344590788486e-07 3.87404493551458e-07 3.96943873681721e-07 3.93626568850891e-07 3.83524649194555e-07 4.06446557121853e-07 4.5992978243703e-07 4.66189505843317e-07 5.35050114436331e-07 5.6989848680189e-07 6.58459226343666e-07 7.3877151578472e-07 7.95050222990312e-07 6.91689309206822e-07 6.18788195794195e-07 7.39620469758506e-07 5.80055580456929e-07 7.92645721503504e-07 7.28941651928494e-07 7.34131412816197e-07 8.50910863503529e-07 4.28660612001863e-06 8.56852137864905e-07 2.47172131819795e-06 8.69294746280502e-05 1.68753490448204e-07
-9999 2.8245526380033e-06 4.37305705247582e-07 3.81935576854175e-07 5.26789452948151e-07 3.68631729941171e-07 2.57991104390953e-07 2.78838385980862e-07 2.74395695321061e-07 1.83487002480831e-07 1.95606633113243e-07 3.06793825366469e-07 3.49765844553929e-07 3.2336111850384e-07 3.19914371971208e-07 3.61663838432946e-07 3.21341929065966e-07 2.85148077594499e-07 2.87520477115777e-07 2.70112003875056e-07 2.78495371830445e-07 2.67418838006961e-07 2.75882034017627e-07 3.03313305138886e-07 2.92597053075383e-07 3.22864229040931e-07 3.20279439414151e-07 3.39284618888769e-07 3.79874330391772e-07 4.88408699084175e-07 5.49867840504703e-07 5.647255601815e-07 4.65011949302152e-07 4.12389302084648e-07 4.20186419347601e-07 6.30510006871532e-07 6.46501375101138e-07 2.30434385510847e-06 6.32353196152735e-06 5.21905818580137e-06 4.01617819569822e-06 1.45216030000839e-06 2.55176159562609e-06 6.59525228741131e-07 1.8953101754704e-07
-9999 1.05222065485577e-05 5.18538566041116e-07 4.45569693141579e-07 3.87229622589302e-07 3.16731263083625e-07 3.89677832401958e-07 1.59315244374625e-07 1.61329330872206e-07 2.05766607308533e-07 1.86032927018687e-07 3.01471584229773e-07 2.99870304942829e-07 2.93440285759061e-07 2.94920408983046e-07 3.17851848308237e-07 2.75424025275583e-07 2.44723490183674e-07 2.24581344632213e-07 2.31156785268638e-07 2.26041747986017e-07 1.92822061251263e-07 1.77806632173372e-07 2.05745592118944e-07 2.30927638789069e-07 2.08111516997178e-07 2.41355727936821e-07 2.96188550663601e-07 3.92705466012444e-07 4.3002107208423e-07 3.24855875177832e-07 4.45486863043243e-07 2.77345597510248e-07 2.47677096609777e-07 3.00761559124396e-07 3.92630436429897e-07 7.37840407367685e-06 7.19946374658775e-06 8.06267314885645e-06 1.2616093061979e-05 6.53241970098861e-06 3.3382325148068e-05 8.13939554518583e-05 2.83616585505797e-07 2.04553882987568e-07
1.86416742053552e-05 2.18098491586716e-06 5.54962121412927e-07 1.56806079871785e-06 3.49043307323882e-07 7.57502239423502e-07 7.01766347432908e-07 3.27573783387436e-07 2.32347235495922e-07 2.24009511029521e-07 2.23697328216588e-07 2.68476821752017e-07 2.92485998976133e-07 2.67383385654796e-07 2.63742977857362e-07 2.78584529489478e-07 2.9435609985029e-07 2.45150062028188e-07 2.13486516642547e-07 2.0482542097966e-07 1.84163828986783e-07 1.77446184856933e-07 1.73028177208323e-07 1.87184775413129e-07 2.18875645785488e-07 2.34830867462676e-07 2.47893768978713e-07 2.9324743522352e-07 9.58836966447052e-07 1.15471341359807e-06 5.23813185537847e-07 2.96930525323091e-07 2.22836984065111e-07 2.18855505806914e-07 2.75824745266107e-07 3.515445040847e-07 5.9574134443352e-07 8.99502865969737e-07 4.78714630958166e-06 5.80338245015355e-06 6.01542508320563e-06 5.72517022874308e-06 1.69292997725279e-05 9.29535138638471e-07 2.1445250908414e-07
8.40103932659986e-06 1.95711512560592e-06 9.70961554003225e-07 1.66494746736134e-06 1.86125369836532e-06 -9999 -9999 -9999 1.12096450379795e-06 2.54794020015936e-07 3.0493235598783e-07 3.41672808445992e-07 3.19176279006683e-07 2.61741999807441e-07 2.35595224218343e-07 2.59166244731546e-07 2.72061409134494e-07 2.74871045391478e-07 2.33771856628096e-07 1.93616515176132e-07 1.74517063911139e-07 1.77992975025631e-07 1.7368312574817e-07 1.70009016375872e-07 2.02189851350454e-07 2.35501533474292e-07 2.3924314014323e-07 2.58884027726225e-07 4.5969862696893e-06 5.0642692542624e-06 1.17527943110929e-06 2.23644754626662e-07 1.59504741059635e-07 1.71694066875006e-07 1.78632685710056e-07 3.09172524737278e-07 4.73434346837109e-07 5.54705685473778e-07 3.49319703900619e-06 3.50279107692586e-06 3.88997924289924e-06 9.11293543026659e-06 3.10952258359976e-06 6.43405609253023e-06 6.33809800376639e-06
2.6956168852621e-06 1.83989175752686e-06 1.87879925732659e-06 -9999 -9999 -9999 -9999 -9999 -9999 4.71561278558852e-07 2.44480109401479e-07 2.53542208383806e-07 3.70520034742583e-07 2.84953431339829e-07 2.6429510402437e-07 2.54313185443777e-07 2.60803259166664e-07 2.47991603608e-07 2.29188665379354e-07 1.90102438324402e-07 1.81709132807129e-07 1.87305793364345e-07 1.76468261514628e-07 1.73211126330841e-07 1.90253573784105e-07 2.26327589025743e-07 2.17536567781451e-07 3.11224747751027e-07 3.76161879103165e-06 4.01222500840959e-06 8.326469249198e-07 3.97975350141522e-07 8.86748999562315e-08 1.47065994315909e-07 1.54057323520362e-07 1.57852866244923e-07 2.33019925577338e-07 5.10870017222942e-07 2.28557502168769e-06 6.0757418189894e-07 3.75650087747204e-07 6.87483585792847e-07 6.95202881502155e-06 2.8326835581538e-05 0.00022485725316983
3.7519939695585e-06 2.62649325009079e-06 -9999 -9999 -9999 -9999 -9999 -9999 -9999 8.36163592055072e-07 3.42333117409055e-07 2.46839346651484e-07 2.77316745744827e-07 2.63680816736667e-07 2.69441987832408e-07 2.72238418652648e-07 2.91945193353627e-07 2.49503657734351e-07 2.34961006562173e-07 1.90527005905494e-07 1.7762683377498e-07 1.80847151742825e-07 1.83479665150088e-07 1.79792726839878e-07 1.75310733840917e-07 2.05055437696444e-07 1.89204832956591e-07 2.11433790431315e-07 8.03540987259765e-07 3.55543351986398e-06 3.61475036072534e-06 7.21115939938954e-07 1.00602815145123e-07 1.0004265904584e-07 1.11723571460942e-07 1.10189692215101e-07 1.36523936156152e-07 1.1123243339739e-07 1.99428465652574e-07 2.2114566071707e-07 1.56707688958591e-07 2.03525070485711e-07 2.67942961329481e-07 1.42728201808495e-06 3.10026630785387e-06
7.35581502908644e-06 1.66877393041887e-06 -9999 -9999 -9999 -9999 -9999 -9999 -9999 1.08350368392962e-06 3.8624707556778e-07 4.81315196765308e-07 3.00123461904889e-07 2.31654998472663e-07 2.21619112572569e-07 2.74001338596008e-07 2.87091515538407e-07 2.86114480196886e-07 2.28587594897078e-07 1.95566977190254e-07 1.73084926125e-07 1.56597856992846e-07 1.72276450971509e-07 1.90212679207491e-07 1.77537783319082e-07 1.8587879466736e-07 1.6742194093311e-07 1.06371790842275e-07 1.61846619617378e-07 1.5116681018057e-07 1.84317506102261e-07 1.12149841324793e-07 7.51774072327294e-08 7.35379235727862e-08 7.92957666195804e-08 8.43450076004615e-08 1.10267058417435e-07 8.32381254145531e-08 6.34588432912864e-08 5.70742925809498e-08 5.73287088689867e-08 5.71537101645703e-08 6.46659227054869e-08 1.77429879677504e-07 1.15178052980669e-06
-9999 3.15669085182435e-06 -9999 -9999 -9999 -9999 -9999 -9999 -9999 -9999 8.95826420688195e-07 7.71583341574455e-07 5.85222952942388e-07 3.4030510356331e-07 6.84599119082918e-07 6.73105387249961e-07 4.11391866173005e-07 2.48395397761669e-07 2.11376861081192e-07 1.75426743709295e-07 1.36633070990655e-07 1.24444951055125e-07 1.46922771282476e-07 1.83073707837877e-07 1.82020930328264e-07 1.57957615609661e-07 1.25803531680901e-07 9.77912460342623e-08 8.1331898149628e-08 9.01202299452564e-08 7.81049071418849e-08 7.45019296033433e-08 6.33182111187125e-08 8.36403617920922e-08 8.12488043955284e-08 6.16150386489878e-08 5.38225734203479e-08 3.98045025051808e-08 4.00668884403821e-08 4.00214818729872e-08 4.31619603280531e-08 4.80407717051712e-08 5.1063268968754e-08 6.7477602483379e-08 7.22805136188498e-08
