Maxent_result_files_2/B_pascuorum_3.asc
NCOLS 594 
NROWS 330 
XLLCORNER -15 
YLLCORNER 23 
CELLSIZE 0.166666666666667 
NODATA_value -9999 
[rows 180 to 199 of 330, columns 230 to 275 of 594]
0.0251824054867029 0.0962734818458557 0.0786026313900948 0.184989957511425 0.131869032233953 0.215687929093838 0.215128493309021 0.760239541530609 0.913053077459335 0.481117656826973 0.303038209676743 0.245091237127781 0.208467784523964 0.0739421792328358 0.0477104600518942 0.0150595710612834 0.0192325870506465 0.00967089654877782 0.0111681716516614 0.0235590953379869 0.0254929091781378 0.027069734968245 0.075608467310667 0.121440407633781 0.044124673306942 0.0448606517165899 0.102801883220673 0.058815673738718 0.0461028628051281 0.070880438387394 0.130635719001293 0.0386639792472124 0.0866462409496307 0.0197000605985522 0.068175008893013 0.0535402376204729 0.0184710403904319 0.041789473220706 0.0538354460150003 0.0130914956331253 0.0273422263562679 0.029991552606225 0.0197036532685161 0.017846617847681 0.0198117587715387 0.0256050437688828
0.0401147291064262 0.0297677192837 0.126098611205816 0.116278926283121 0.125838796794415 0.0984609767794609 0.123203733563423 0.427547970414162 0.498404434323311 0.737071478366852 0.399905586242676 0.227478070557117 0.340196073055267 0.143239186704159 0.051818361133337 0.0248495867475867 0.00972837316803634 0.0117401732131839 0.0153299231082201 0.0104531114920974 0.0323801258578897 0.00807090671733022 0.0289389502257109 0.0232163889333606 0.0497557789087296 0.04840341322124 0.0531039465218782 0.169137978553772 0.101953995227814 0.0564513668417931 0.0683318469673395 0.0220197215676308 0.0323052890598774 0.0719786576926708 0.0878839872777462 0.0482569709420204 0.0570395857095718 0.100778581947088 0.0117487143725157 0.0351046955212951 0.0246127707883716 0.0222151946276426 0.0195626443251967 0.0177518410608172 0.0162456642836332 0.0150368541479111
0.0167746131308377 0.035255072824657 0.0437089566141367 0.0945912316441536 0.113026744872332 0.234526194632053 0.0745231650769711 0.475611016154289 0.553307098150253 0.440671935677528 0.732931488752365 0.157704330980778 0.104825802892447 0.0915695339441299 0.115830428153276 0.0125727933831513 0.0196250729262829 0.0223970979452133 0.0348527332767844 0.00580537165515125 0.00365960479248315 0.0166138046421111 0.0271265592426062 0.0521730367094278 0.0135424143634737 0.0311693133786321 0.0428496301174164 0.0470015980303288 0.0554099339991808 0.0567815836519003 0.0799397751688957 0.107795182615519 0.0575132556259632 0.0351557513698936 0.0333140179514885 0.0425458814948797 0.0381832964718342 0.0470631789416075 0.0315196990966797 0.0146253388375044 0.0233015790581703 0.0199549403041601 0.0181618225760758 0.0176365346647799 0.0155652142129838 0.0138688414357603
0.031958276592195 0.0325875652953982 0.0374179106205702 0.0626788068562746 0.0679410230368376 0.134248331189156 0.178678934276104 0.123600527644157 0.209221367537975 0.179286515712738 0.346071743965149 0.191012321412563 0.126968225091696 0.12535837367177 0.132838004082441 0.0931185528635979 0.0370813569054008 0.0263778794556856 0.00986132528632879 0.00848223348148167 0.0123260748572648 0.0135620044544339 0.0204725284129381 0.0679461318999529 0.0538566514849663 0.0439625263214111 0.0464509546756744 0.10024606063962 0.0289639715105295 0.0261434672400355 0.0363206837326288 0.0222657481208444 0.0524516202509403 0.0840878292918205 0.134342394024134 0.0499357707798481 0.0366103358566761 0.0261533571407199 0.0276928508654237 0.0239487998187542 0.0204071937128901 0.0187975313514471 0.0170491338707507 0.0194970494136214 0.0141081104055047 0.0126763422973454
0.0294387057423592 0.0395525757223368 0.0281730923801661 0.0391941241919994 0.0266452357172966 0.0274562293663621 0.0346809336915612 0.0709757801145315 0.116594745963812 0.179336029291153 0.187003317475319 0.168416184186935 0.0758839912712574 0.180898842215538 0.130089238286018 0.173021639883518 0.0497865807265043 0.0360710671171546 0.00700582703575492 0.00708156418986619 0.0209077246487141 0.0288454519584775 0.0206457795575261 0.0203199775889516 0.0299360765144229 0.0836754500865936 0.0396187923848629 0.118069887161255 0.0327868221327662 0.0242937654256821 0.0258389331400394 0.0235292376950383 0.028571549244225 0.0197143949568272 0.167132130265236 0.0735339540988207 0.0328646138310432 0.0299426449462771 0.0266284076496959 0.0221161633729935 0.0199548179283738 0.0181391838937998 0.0167930595576763 0.0147313105873764 0.0124326015822589 0.0111412811093032
0.0398267898708582 0.0323882574215531 0.0260504122823477 0.042711054161191 0.0313505824655294 0.0726038631051779 0.0353924255818129 0.0490009445697069 0.114641963690519 0.444704177975655 0.750678956508636 0.465170523524284 0.133363858610392 0.235159063339233 0.248023770749569 0.163110388815403 0.171080705523491 0.109643388539553 0.00980891180224717 0.00810112436302006 0.0366118226200342 0.022669780626893 0.00949563314206898 0.00508750169537961 0.0130109488032758 0.0372933305799961 0.0211228242143989 0.0976290948688984 0.0751373659819365 0.0231990301981568 0.0218039883300662 0.0244471473619342 0.25418833643198 0.164674478769302 0.0435797773301601 0.0282033188268542 0.0547994263470173 0.0287836069241166 0.0259022375568748 0.0217506278306246 0.0200486762449145 0.0163063836283982 0.0140921758487821 0.0130082069896162 0.0108545104973018 0.0256440034136176
0.0359286574646831 0.0301259811967611 0.0922972604632378 0.0201082421466708 0.0442243877798319 0.0615472581237555 0.0314543165266514 0.0202837210148573 0.0320148151367903 0.0699934154748917 0.108990389853716 0.115253107994795 0.0273154024034739 0.129496068507433 0.129598355293274 0.143712793290615 0.0941152215003967 0.02532600145787 0.0258836068212986 0.0189082422293723 0.0165771975181997 0.0395363565534353 0.0138043822720647 0.0158100659959018 0.0270122172310948 0.0166152611374855 0.0280147295445204 0.0329495672136545 0.0597364954650402 0.0385937169194221 0.0261520175263286 0.0257017685100436 0.0501450061798096 0.0813109658658504 0.0181409485638142 0.0846004895865917 0.0148495897650719 0.122950015217066 0.0574870277196169 0.0208375265821815 0.0266406323760748 0.0166661003604531 0.0264986235648394 0.0106549545191228 0.00938818217255175 0.0163606976158917
0.0370708387345076 0.0742852948606014 0.087776592373848 0.0495786231011152 0.0509008884429932 0.0519782338291407 0.0552619390189648 0.0819991327822208 0.0345273084938526 0.0262699937447906 0.0892887867987156 0.547776001691818 0.0619180601090193 0.108684584498405 0.165559647977352 0.1114093542099 0.286562313139439 0.112925533950329 0.0593001984059811 0.00536145893856883 0.00408372823148966 0.0340477863326669 0.0376352025195956 0.0136971263214946 0.0199374513700604 0.0395956821739674 0.106446471810341 0.0602885860949755 0.0385786935687065 0.0505259580910206 0.0273920144885778 0.0187865774147212 0.0140872413292527 0.0192137033678591 0.0298742732033134 0.031384888291359 0.0410104807466269 0.0430639982223511 0.0356581235304475 0.0260906904935837 0.0198021171614528 0.0178466162644327 0.0505290247499943 0.124523793160915 0.021890702098608 0.00638523981906474
0.0287470733746886 0.023992432653904 0.0543019093573093 0.0555746931582689 0.0435180444270372 0.0455599430948496 0.0639962632209063 0.0893723890185356 0.0520785827189684 0.0333440698683262 0.0436165101826191 0.0656364571303129 0.085430671274662 0.0814143814146519 0.0474111419171095 0.091984174400568 0.0973496273159981 0.148983979225159 0.0543850835412741 0.0146187958307564 0.00643190615810454 0.022329936362803 0.0141681850887835 0.0430977545678616 0.0409238994121551 0.0214698750525713 0.0344345634803176 0.0288970345631242 0.0165675296448171 0.0325164791196585 0.0346886927261949 0.0375711224973202 0.0330795060843229 0.0356021365150809 0.0352920988574624 0.0291205840185285 0.0311048684641719 0.0332911873236299 0.0214363226667047 0.108562622219324 0.0450191255658865 0.0177559831179678 0.0387144086882472 0.0490767650306225 0.343816596269608 0.0276729539036751
0.0620532210916281 0.0231883278116584 0.0186932133510709 0.0663836508989334 0.0556072432547808 0.0745115540921688 0.0697199650108814 0.0795238971710205 0.0158440877683461 0.0179678374901414 0.0286277001723647 0.0441018879413605 0.0447369553148746 0.102077973634005 0.0299578160047531 0.0916658341884613 0.103152979165316 0.193954415619373 0.0755567692220211 0.0236145606264472 0.0110904798842967 0.019313577003777 0.0349373644217849 0.0149698860011995 0.0164313676767051 0.0487181343138218 0.0461785018444061 0.0593733958899975 0.029403880611062 0.0721625965088606 0.0243055105209351 0.0653313562273979 0.0634844142943621 0.0569095931947231 0.0341319136321545 0.0393313575536013 0.0310258354991674 0.0287139851599932 0.0293516986072063 0.0275198109447956 0.0658675726503134 0.0580928448587656 0.0274917623028159 0.0239464746788144 0.136142934858799 -9999
0.0743058010935783 0.0209875252097845 0.0164153693243861 0.0382422383874655 0.0155579466372728 0.0190108728595078 0.0338979084044695 0.0201690331101418 0.0235768785700202 0.0210337620228529 0.0193390373140573 0.022139091975987 0.0230529133230448 0.0678783737123013 0.055199121311307 0.0654266495257616 0.0366065412759781 0.145263887941837 0.140838469564915 0.0388989761471748 0.024026601575315 0.0118889133445919 0.0289183782413602 0.0998197011649609 0.040567022562027 0.0782991267740726 0.025626266002655 0.0144073110073805 0.0572307955473661 0.0303035497665405 0.01405213708058 0.0287491030991077 0.0544676575809717 0.032389167509973 0.0340447552502155 0.0307226322591305 0.0310893664136529 0.0305087685585022 0.028984740935266 0.0262149723246694 0.064616684615612 0.15056299418211 0.231384582817554 0.0204182541929185 -9999 -9999
0.0313912780955434 0.0344686226919293 0.0246101181954145 0.0481061693280935 0.024087724275887 0.0271502720192075 0.0241619393229485 0.0217179531231523 0.0212083946913481 0.0274928709492087 0.0246334271505475 0.0135401316918433 0.0201754065230489 0.0138425561599433 0.0500989209860563 0.0662138838320971 0.0385353054851294 0.0382330173626542 0.418442913889885 0.165032304823399 0.0683705683797598 0.00553059657104313 0.0289868049323559 0.00595002346672118 0.0277745962142944 0.0261942066252232 0.0344663282856345 0.0383400626480579 0.0498136390000582 0.0385924395173788 0.0313246073201299 0.0356039211153984 0.0288226496428251 0.06944545134902 0.0321876155212522 0.0285658791661263 0.056357579305768 0.0270197782665491 0.0235551983118057 0.0194892769679427 0.0158457727171481 0.0114896165207028 0.0946576938033104 -9999 -9999 -9999
0.0306033173575997 0.029950780980289 0.0271173626184463 0.0214718971401453 0.0555243320763111 0.0217766247689724 0.0216903168708086 0.0161525325849652 0.0251532640308142 0.0248128868639469 0.0208133492618799 0.0196442721411586 0.00214193938300014 0.016316347848624 0.0385317467153072 0.0368449158966541 0.0377761101350188 0.146521386504173 0.555559742450714 0.139434798061848 0.0622918676584959 0.0039559084456414 0.0153007732704282 0.0565627284348011 0.0205183941870928 0.0273081382736564 0.0299657341092825 0.023411937430501 0.0485175509005785 0.0259040389209986 0.0218848530203104 0.0663289852440357 0.0541008207947016 0.0775239758193493 0.0242218883708119 0.0250975092872977 0.0480516131967306 0.0261518416926265 0.0188945604488254 0.0477778375148773 0.0701636221259832 0.00675942040979862 -9999 -9999 -9999 -9999
0.124335017800331 0.220814155042171 0.146147578954697 0.115959160774946 0.0888561867177486 0.024829800054431 0.0244824517518282 0.0602587144821882 0.0615365400910377 0.0917059354484081 0.0459654036909342 0.0221006732434034 0.0290821311995387 0.0776466958224773 0.00950944977812469 0.0405831135809422 0.0193301111459732 0.298870000243187 0.28763590157032 0.231604836881161 0.0754947084933519 0.00142936679767445 0.0134577450342476 0.0468504548072815 0.0248691216111183 0.014272846467793 0.016401194781065 0.0190975354984403 0.0225345324724913 0.0721241302788258 0.0207889026030898 0.0385647244751453 0.0221946254372597 0.0221856081858277 0.0515826769173145 0.0504584927111864 0.0193946639075875 0.00519539699889719 0.0121089098975062 0.0764320719987154 -9999 -9999 -9999 -9999 -9999 -9999
0.347308504581451 0.858816057443619 0.472017061710358 0.559383833408356 0.237657129764557 0.0837054662406445 0.208299846947193 0.579100048542023 0.424332302808762 0.304806852340698 0.369938892126083 0.128341569751501 0.063236615806818 0.258316832780838 0.0849735595285892 0.14626689106226 0.0846304856240749 0.404960259795189 0.208876948058605 0.121431271731853 0.0941784292459488 0.0261842848733068 0.0123730725608766 0.0302505549043417 0.0136652604676783 0.0136357987299562 0.0118120735511184 0.01383261308074 0.0163806113414466 0.0146600707434118 0.00843000398017466 0.118419241160154 0.0160148115828633 0.0275933425873518 0.0452625721693039 0.0740072727203369 0.0195534203201532 0.0033833512570709 -9999 -9999 -9999 -9999 -9999 -9999 -9999 -9999
0.223216183483601 0.640419894456863 0.830056977272034 0.752436435222626 0.7382932305336 0.140732850134373 0.184414476156235 0.201783064007759 0.250981739163399 0.256287132203579 0.189824113249779 0.0940823800861836 0.0940603584051132 0.12475296035409 0.120702906697989 0.136299222707748 0.100162829458714 0.0781490340828896 0.103375747799873 0.0785856574773788 0.0365845171734691 0.0329085620120168 0.0248110022395849 0.0139320578426123 0.00887365960516035 0.012178969848901 0.0106456734240055 0.0609427977353334 0.142926032841206 0.0595930445939302 0.100562561303377 0.085616546869278 0.058733306825161 0.132141344249249 0.0470195669680834 0.0335198363289237 0.0116954097524285 0.00106873766635545 -9999 -9999 -9999 -9999 -9999 -9999 -9999 -9999
0.0164605447091162 0.286676771938801 0.340845263004303 0.280872324109077 0.333577778935432 0.0552575461566448 0.0860006086528301 0.0455387156456709 0.0323690252378583 0.0170319503173232 0.0498012755066156 0.133819880336523 0.122110371291637 0.0972278647124767 0.0918287351727486 0.0978673353791237 0.044428339600563 0.024067709222436 0.016313860565424 0.0149265083484352 0.0289076859131455 0.0278920641168952 0.0121099973097444 0.0267801627516747 0.0164040883071721 0.00698061268776655 0.0063737862277776 0.0400574512779713 0.0127618564292789 0.00505179152823985 0.00863277101889253 0.0237915586680174 0.148239617049694 0.0213546577841043 0.0123678432777524 0.00464431643486023 0.00461671892553568 0.00601134905591607 -9999 -9999 -9999 -9999 -9999 -9999 -9999 -9999
0.0500529706478119 0.0491117406636477 0.0340867046266794 0.046363477781415 0.0648593001067638 0.0465864311903715 0.0475859694182873 0.0329747077077627 0.00799557659775019 0.0186889512464404 0.0173002040944993 0.0259713813662529 0.0399587392807007 0.00410706992261112 0.0419631667435169 0.0219137186184525 0.0221775395795703 0.0204116083681583 0.017082885466516 0.0114292336627841 0.0208487473428249 0.0182362898252904 0.0110524009913206 0.0219280816614628 0.0075217132922262 0.00642094323411584 0.00563929970376194 0.00703065907582641 0.00783969019539654 0.00651344917714596 0.00492901499383152 0.00438997969031334 0.015992842335254 0.00506128075066954 0.0161976213566959 0.00630140015855432 0.00168016208917834 0.000807177106617019 -9999 -9999 -9999 -9999 -9999 -9999 -9999 -9999
0.0127785420976579 0.0228674678131938 0.0284369524568319 0.0292885234579444 0.0276648085564375 0.0181258400902152 0.0427948001772165 0.0476139053702354 0.0408316645771265 0.102120636403561 0.0330683011561632 0.0164633848704398 0.0573639821261167 0.0220120703801513 0.0135500459000468 0.0198698634281754 0.079033450782299 0.0166717821732163 0.0342726249247789 0.0129404903389513 0.0118595365434885 0.011307564843446 0.010815143212676 0.00964274480938911 0.00785802169702947 0.00690990444272757 0.00696337935514748 0.0191984966397285 0.00699141859076917 0.0478305231779814 0.0043665254721418 0.00362536085303873 0.00770273790694773 0.020945146586746 0.0114113318733871 0.00655987886711955 0.00212385910563171 0.0150776579976082 -9999 -9999 -9999 -9999 -9999 -9999 -9999 -9999
0.00544932661578059 0.0169246622361243 0.0208882914856076 0.0142408414743841 0.0163241761736572 0.0449179876595736 0.0128386734984815 0.0663655661046505 0.0771210923790932 0.0860911674797535 0.0250846324488521 0.0161997973918915 0.0134196256287396 0.0225242994725704 0.00663983779959381 0.00845013535581529 0.00932734645903111 0.00776678659021854 0.0174469017423689 0.0108871176838875 0.0273977518081665 0.0109767934307456 0.0108131323009729 0.00955153256654739 0.00771494884975255 0.0135469660162926 0.0201651852577925 0.0222216639667749 0.00715006333775818 0.024895359762013 0.0115615790709853 0.00912598525173962 0.0200787573121488 0.0104657344985753 0.0198097448796034 -9999 -9999 -9999 -9999 -9999 -9999 -9999 -9999 -9999 -9999 -9999
