Maxent_result_files_2/B_pascuorum_3.asc
NCOLS 594 
NROWS 330 
XLLCORNER -15 
YLLCORNER 23 
CELLSIZE 0.166666666666667 
NODATA_value -9999 
[rows 220 to 239 of 330, columns 506 to 551 of 594]
0.000780782650690526 0.000294088060036302 0.000730151581228711 4.27241508987208e-05 0.00735211805440486 0.00528271100483835 0.00398982861079276 0.0036771222949028 0.00394427536521107 0.0271676175296307 0.0389653356745839 4.59353441328858e-05 0.000184782710857689 0.0018771517672576 0.00127351082628593 0.000485295301768929 0.000521148802363314 1.41475150883252e-06 4.91673263240955e-05 0.05335528627038 0.0532949484884739 0.0754212062805891 0.087658029794693 0.0171480178833008 0.00350962511729449 1.75533920810267e-05 5.35807499773e-06 1.67961500210367e-06 2.50882170007571e-06 0.000131265820527915 6.64719991618767e-05 2.03081429390295e-05 5.15139145136345e-06 1.78592009181244e-08 1.03129814874592e-06 3.8935635160442e-07 2.71934974538368e-10 8.35477617755487e-08 2.90896849941547e-09 2.00968838726112e-07 3.81514486669232e-11 1.62735935838043e-11 2.1942973993383e-09 6.29634666626799e-10 5.34278643549158e-10 5.13414155633995e-10
0.00012937420324306 0.000352728299912997 5.05957466884865e-05 0.000146286237577442 0.261396171152592 2.9016523694736e-05 0.013785694912076 0.0302827470004559 0.0495960462838411 0.0178393943235278 0.000468101797741838 0.000760792463552207 3.82140546207665e-05 0.000518547621322796 0.000662875644047745 0.000100912305060774 0.000102028710534796 0.000186391755414661 0.000868682010332122 0.0011215893260669 0.00424978076480329 2.40156610743725e-05 0.00436414368450642 0.0108457623515278 0.0229338943958282 0.0972849883139133 1.37619985707715e-05 2.30902796261034e-07 3.87324062245398e-07 8.83734355738852e-05 2.46503091148043e-05 2.81584767662935e-06 1.42710872523821e-06 5.07887388323525e-07 1.8428905477208e-07 1.07681816174932e-07 2.40185838995544e-09 3.95523905183381e-07 4.61858800093751e-08 7.96354225229834e-08 9.84936465719954e-11 1.72515335350454e-12 1.0376293158032e-10 3.50777407120972e-11 9.30474808313875e-11 3.33855165735031e-13
7.86546806921251e-05 0.000402111097355373 9.653186025389e-05 0.00229996079578996 0.0689226508140564 0.000134890753179207 0.0171665165573359 0.00311873783357441 3.24538257245877e-06 6.53703289117402e-06 5.29810135049047e-05 2.96302321658004e-05 3.76673251594184e-05 3.7396320476546e-05 2.17378791603551e-05 4.0904677916842e-05 4.10272612498375e-05 6.35305917967344e-05 0.000207031068566721 0.000535460622631945 0.000396042192005552 0.00907472278922796 0.0137118421494961 0.0379373429343104 0.0436910297721624 0.0507235519587994 0.00739090531133115 6.73061069846881e-06 1.20873553299816e-07 1.19534616260353e-05 4.26471924583893e-06 1.67470686278648e-06 8.88141863697456e-07 2.29086894876218e-07 7.43511186840351e-08 7.56790434763843e-08 8.73649305788149e-08 2.19166107484625e-10 3.91349765926918e-09 6.97003565974796e-12 3.55030094212339e-10 3.76918163347284e-11 5.96744875736022e-14 8.72330319090509e-11 1.45683887176062e-09 8.94487595104465e-11
2.18903593122377e-05 0.000551363272825256 1.99019582851179e-05 0.000887100683758035 0.000431127205956727 0.0222318547777832 0.00146262509515509 6.75959588988917e-05 6.00047658281255e-06 2.0894930275972e-05 1.40230227771099e-05 1.49319630509126e-05 8.96947940418613e-06 1.55063611600781e-05 1.93256352758908e-05 8.97630739018496e-06 3.37304289132589e-05 5.16726318892324e-05 0.00116785838617943 0.000868756591808051 0.000777567765908316 0.00256913362536579 0.0165584952570498 0.00414581724908203 0.00329991774633527 0.028284690156579 0.0131759748794138 1.78497641059039e-06 1.75962849624511e-07 3.30223334010782e-08 8.68311178514602e-09 9.10964331524156e-08 3.88709505472207e-08 1.39620947248176e-08 1.73169221184821e-08 4.5174128260328e-08 1.04088138552783e-08 2.19671127954513e-09 1.10204743108966e-09 4.64877025763144e-12 6.77857769915136e-13 4.05969424743802e-10 4.99918995089388e-12 3.35101835169382e-11 3.0591151833903e-11 7.88538123686067e-12
7.79838883318007e-06 5.13470715191033e-07 2.4908826162573e-05 0.00497238337993622 0.000531297925044782 1.30133529729903e-08 1.92466334738128e-05 4.43735902990738e-06 1.22097669645882e-05 1.6791799771454e-05 7.17866509148735e-05 8.16117303656938e-06 9.02130163922266e-06 1.60985577167594e-05 1.48889741467428e-05 1.49242744555522e-05 3.2102102159115e-05 0.000219300542084966 0.000274013553280383 0.00338440062478185 0.00820138086564839 0.00478705589193851 0.00014365750575962 0.0127849468961358 0.00657369685359299 0.017816752474755 0.00337750687031075 1.09455367919509e-05 4.2277067358043e-08 7.22130043868674e-06 6.94111141896769e-09 1.43232606205856e-05 1.59321763959497e-07 4.17542462827214e-08 1.67021286578972e-08 4.20915969856495e-09 1.2175691210814e-08 1.34433686405089e-11 4.35990132885422e-12 6.02110583614035e-12 1.34503015392085e-09 3.44073658453681e-12 4.24562699441466e-09 3.08688853367656e-09 8.07948152825588e-11 1.27048135345476e-09
5.22111565715022e-06 3.4960073325152e-08 8.55903918406398e-08 1.97142323486332e-05 1.15730636480293e-05 1.06211306956538e-05 2.39998762481264e-05 3.72624022929813e-05 1.57904388288443e-05 4.85425809529261e-05 4.91892871650634e-05 1.65923849635874e-05 2.78435938525945e-05 8.97785444976762e-05 0.000139233988011256 0.000124536122166319 5.08172641275451e-05 8.53586265293416e-05 1.70258888374519e-05 3.20904985528614e-05 0.000328173582965974 0.000197702060540905 0.172984233498573 0.0906947381794453 0.0583435606211424 0.0144360977225006 0.000155707725934917 2.98866817072252e-08 9.29449041109365e-07 2.06520626306883e-05 1.50541326888742e-06 6.12508962438696e-09 1.32028428190267e-09 2.29008612073756e-10 1.68083380547301e-09 2.84895366187143e-09 3.71400588061732e-10 1.80622550249865e-10 7.8226165101114e-09 4.28355796389113e-09 5.10983215740168e-09 6.79313618690003e-09 6.20320239619332e-11 1.30716759638716e-10 6.33157246632265e-09 4.13309633184866e-09
1.28490036331641e-05 3.31160536006792e-05 3.34137312165694e-05 6.70392975621326e-07 2.89108869289123e-08 4.66208832676784e-06 2.04010973902768e-05 3.58643279469106e-05 1.03658009891205e-06 1.06474644878674e-08 1.57374541231547e-05 1.34234138840839e-05 1.58990892487054e-06 2.56054740930267e-05 0.00012815343652619 7.57794434321113e-05 0.00163414280395955 0.0133095127530396 0.317971268296242 0.728884840011597 0.000180734133755323 0.120654479414225 0.0186919615603983 0.00134474685182795 0.0200191876851022 0.00374558041803539 4.04713166801685e-07 3.85312216621969e-06 5.02117350151821e-06 2.02159493589704e-08 2.14402099345534e-06 1.00317173234998e-07 3.82601239579117e-10 1.78573400511084e-10 3.36353478402884e-10 2.14838968837228e-09 7.87943832403215e-10 1.94228366723337e-10 1.59990867221182e-09 5.34408917118867e-10 1.91636919666394e-09 5.25290422270785e-10 8.68087490779601e-11 1.87141519170098e-08 8.56571727325672e-08 2.41073156104221e-08
7.63061575526081e-06 1.80215964064701e-05 3.40608579790569e-05 1.4863003130472e-07 1.73730747832224e-07 1.79967469193798e-07 2.0595253786837e-07 3.50543778040446e-05 2.25814680561598e-05 7.51247960579349e-05 3.26969894359763e-07 7.78001849539578e-06 8.89200184701622e-06 7.3793876254058e-06 1.59584707546401e-06 0.000885716683114879 0.000135402466185042 0.0478258065879345 0.0223233451135457 0.0795361537486315 5.98860026002512e-05 0.000130487135902513 1.1966385454798e-05 4.3880415177e-07 6.43770486021822e-06 3.86072098308432e-06 2.5297660899426e-08 3.2547678441297e-09 3.2289233842242e-09 3.87877167895567e-07 3.43968670790673e-07 1.20694364502683e-09 6.70700928129264e-10 1.99279729162782e-08 2.61890271247012e-08 3.22075290881685e-08 2.58661149388217e-08 2.66115274261125e-10 1.76488559322507e-08 3.1587483206863e-08 1.27657495596623e-07 9.04269398915858e-08 5.29514490921201e-08 2.98864652137354e-08 2.29775186433301e-08 3.08903383761106e-08
1.56235280002193e-07 8.06277603260241e-07 1.08082012957311e-06 9.48952089174782e-07 7.53100928250206e-06 1.06559378991733e-06 0.000514502346049994 0.000632746683550067 6.1402204892147e-06 6.16816461160852e-06 5.73224367599323e-06 0.000127320814863197 0.000141709587478545 0.00010953248347505 0.000837640865938738 0.000371450434613507 0.000121830109856091 0.000152325660019415 1.97711450766747e-06 0.00232086835894734 1.35121778839675e-05 1.63005821832485e-05 1.58713678217737e-06 4.6772159549846e-07 0.000186760057113133 5.29903260826359e-08 3.92561163575778e-09 1.01135111396644e-08 4.28810062658158e-07 1.24982607871971e-06 1.39454105010373e-06 2.08693168701757e-07 8.26461484138008e-08 3.36163870073847e-08 6.87820303824083e-08 4.54726363230407e-08 3.94529829916834e-09 4.75124034338137e-08 5.7520218987861e-08 7.56916104904803e-08 1.52345266712928e-07 3.12124740275976e-08 2.47320411261853e-08 1.73813268666834e-08 5.02911290389818e-09 1.22188802631484e-08
3.36625175805239e-06 3.82430643185216e-05 6.96806760061008e-06 0.000705598286003806 0.00349126972723752 0.000143330188802793 0.0119430522434413 0.0107207519002259 6.17076388152782e-05 6.00856828896212e-05 0.000255111148726428 5.31944751855917e-05 1.9701000655914e-05 7.12402024873882e-05 2.3681417815169e-05 1.90595500271229e-05 0.000282725685974583 1.15460233473641e-05 6.80823318361945e-06 9.76597474391383e-06 2.55880194970359e-06 2.16076272607779e-07 9.11281837034039e-05 2.88071685645264e-05 2.77104262202954e-08 1.54597165291648e-08 2.58320372870102e-09 3.28430240870148e-07 3.13203327095835e-07 4.94474480206009e-07 8.04837333134856e-07 8.48687102461554e-07 7.25414784596978e-07 5.90972658187638e-07 2.15569038175545e-07 2.07893747727894e-07 3.66638063908908e-08 1.18950187300015e-07 1.50441729118711e-07 4.54794060189556e-08 2.72707268322847e-08 5.52478935489376e-08 2.98211109139856e-08 5.36037907394871e-09 1.03650779958997e-08 1.4229504063934e-08
1.72262183696148e-05 0.000176537863444537 9.28205185118713e-05 0.00185231179348193 0.226902449131012 0.0237008404918015 0.119325555860996 0.0752168444916606 0.0521172912791371 0.00240749206859618 0.00203450976405293 0.016616387013346 0.0745423438027501 0.0272787493653595 2.80603899682319e-05 0.00157798390137032 1.20429746857553e-05 1.67639057508495e-05 0.000366344906797167 7.18808561117612e-08 1.85202133451412e-07 1.44534267747076e-05 9.79692890723527e-07 3.69474381756163e-08 1.73833365035847e-08 2.13440101106244e-05 1.81983351126291e-06 8.04371711637941e-06 5.91397832749863e-07 7.60190306436925e-07 4.42766869923616e-07 8.13032676205694e-07 4.32569666486415e-07 5.03994132827756e-07 3.09202783910223e-07 1.3767482869298e-07 1.173748685801e-07 2.05460244018241e-07 3.66467574508533e-08 6.37418963833625e-08 6.55413181505082e-08 2.03567291912066e-08 6.89988199908953e-09 6.10153065849772e-08 1.12120839048657e-06 9.28656508136783e-08
1.54368078710831e-05 2.42604663071688e-05 1.41910063121031e-05 1.58067865413614e-05 0.0102785835042596 0.0186093006283045 0.0264824718236923 0.0193792100995779 0.0119221304077655 0.0606341131031513 0.0536299932748079 3.26035272792069e-05 9.38003113333252e-06 6.70612313115271e-05 3.47686413988413e-06 1.17731083264516e-05 0.01764981681481 1.69319245628685e-06 0.00846059382893145 0.00324765158584341 0.00310199813684449 0.0146352903917432 0.0146857646293938 0.000129709228349384 0.000488177267834544 0.000524666867568158 6.67842821712838e-05 3.55695484358876e-05 1.79717745822927e-06 4.68663384367574e-07 2.88663267156153e-07 3.73330510683445e-07 1.5607114676186e-07 3.51403865295197e-07 1.3419468984921e-07 5.05553705565376e-08 4.24315301117417e-08 2.72188879435475e-08 2.79133003289189e-07 1.47745311551262e-05 5.31338750988652e-06 1.16271128831613e-06 2.89672973963206e-07 1.80081450906755e-07 1.28061200754814e-08 1.21985870293884e-09
1.76628555664138e-05 9.44475361848163e-06 5.94611803990119e-06 2.04583446020479e-05 1.74574861603105e-05 2.3276896712332e-06 0.000231605249427957 4.47872372205893e-05 1.35320218760171e-05 7.43640825930925e-05 1.10644896267331e-05 6.56538511975668e-05 2.36769249568169e-05 2.84051149719744e-05 0.0046164651052095 0.0403824141249061 0.00418073046021163 0.000344740641594399 0.000519312769756652 0.00167565643787384 0.0062780738575384 0.00266952752135694 0.00232292922446504 5.79873310925905e-05 1.01388580787898e-05 0.000252541698864661 5.80166626605205e-05 2.31964897920989e-06 1.63533898103196e-06 9.07934763745288e-06 1.55578001340473e-05 1.68997371474688e-06 2.09251231808594e-07 1.65374029847953e-07 3.89996225536038e-08 2.58375749240258e-08 3.39100073354359e-08 7.5835541935021e-08 5.24876466556634e-07 1.75209192434522e-06 2.29759781404937e-06 2.00348353018853e-06 5.94588959756948e-07 2.060519626923e-07 1.60369605151089e-08 8.56061188603263e-10
0.000402923247020226 8.47567395112492e-06 0.029210464656353 8.67495243710437e-06 2.44145879150892e-05 2.44467887569044e-05 6.78691935718234e-06 2.42487316427287e-05 7.7202266538734e-06 0.00270372881786898 2.00241341303808e-06 1.34719274171857e-06 0.00374008293729275 0.00264726396999322 0.00206085116951726 0.00620058125350624 0.018048861855641 0.00312299195211381 0.00132192665478215 0.00171828890452161 0.00288338651880622 0.00271546409931034 0.000116709563008044 6.6509777752799e-05 6.3795155540447e-07 1.44539131952115e-06 0.000527731221518479 1.68936330737779e-05 2.11312511964934e-05 1.06485589981276e-06 2.22223688695067e-07 2.83424118663334e-07 3.43756790243788e-05 2.15228666888834e-07 2.95350588430665e-08 1.86197802953814e-08 2.32798281096791e-08 9.02962868920554e-09 6.4810371469548e-08 8.84064279560448e-09 1.89273229977971e-08 4.60797352275222e-08 4.17152246967589e-08 8.24666401832985e-09 1.21630275851103e-09 2.13698602147261e-09
0.000769806426251307 6.44051879561403e-07 0.000770457540056668 6.34179534699797e-06 0.00150705412379466 3.68708732821688e-05 6.77075379371672e-06 8.55039648968159e-06 9.25228461710503e-05 1.59768935873217e-05 8.29803174156041e-06 0.00856082150712609 0.0119510534219444 0.00141818195697851 0.00863693589344621 0.00824896222911775 0.00507814351003617 0.0111695621628314 0.00494576802011579 0.00334172777365893 0.00123719438561238 0.00181198552018031 0.000521857971034478 8.39920630824054e-06 2.49648887802323e-06 1.82458676135866e-05 0.000129659593221731 4.68298574560322e-05 1.51474545191377e-06 1.54413071413728e-06 3.66545485519509e-07 1.99631451636151e-07 2.28410020497449e-07 1.84341479325667e-06 4.89424280658568e-06 4.99547798682443e-09 7.4288871498851e-09 1.26405301337229e-08 5.86521560208553e-09 2.65989602565853e-09 3.61080696009708e-08 1.70990149594985e-08 1.10223276061916e-09 2.74973377401011e-10 2.67710686951972e-10 3.02222957770937e-10
1.62770491272113e-06 7.1866679292043e-07 2.18928714275535e-05 5.9044792237728e-06 9.58596524469613e-07 2.11916200441919e-05 1.22728598853428e-05 9.1918290763715e-06 5.04115889725654e-06 2.71600938717143e-07 0.00499114224221557 8.07474991404433e-07 0.0104870202485472 0.00456923660822213 0.00665252907201648 0.00763101931661367 0.00745855248533189 0.00181641021044925 0.00150968554662541 0.000707522910670377 0.00192597250570543 0.00085719395428896 3.80935342036537e-05 1.46691362715501e-05 1.09150301796035e-05 6.73873780669965e-06 9.53421149461065e-06 4.56899531400268e-06 4.46818869477283e-06 1.99996277387982e-06 3.12278693854751e-06 4.68551743892931e-07 3.1314478405875e-07 1.04732284000875e-07 3.95923075302562e-07 1.8084057629153e-08 1.54245734407255e-08 1.09311201201834e-09 1.33792315004655e-09 3.07042274938496e-09 1.91051039433177e-09 1.85243528294521e-09 1.17033127633448e-09 2.67160848999026e-10 1.87312176880283e-10 1.84060100494321e-10
5.84375943191162e-07 4.34479122901621e-07 5.43550175962082e-06 2.91905041649443e-06 3.16969819778024e-06 0.000422639930911828 0.00028910292458022 1.43633391758158e-06 5.96099694121222e-06 3.98139311386103e-07 0.00230661429231986 0.00439546115230769 0.0160577861126512 0.0215594912413508 0.00145877536269836 0.00116410535993055 0.00496649481356144 0.0022752700606361 0.00425863307900727 0.00103093142388389 0.000109586111648241 6.56709133181721e-05 1.33826345518173e-05 0.000187010505760554 0.00020871344677289 6.87429558183794e-06 4.41800382304791e-06 3.32396964495274e-06 1.72301826069088e-06 1.18266958679669e-06 6.66049623987419e-07 4.00840991687801e-07 1.29573564322527e-07 8.61390279993657e-08 4.38822210924172e-07 4.87559321300068e-05 1.39781500934077e-06 1.53007154946039e-08 2.29205480151151e-09 8.32189128718852e-10 2.46468886411222e-09 2.88862588293526e-09 6.76598221893698e-10 3.0347060420155e-10 3.34203664742461e-10 2.04773797918278e-10
6.31146524483484e-06 0.000175374034733977 5.26091531355632e-05 0.000578361752559431 0.000444290129235014 3.36624257357698e-07 0.000143881731492002 4.4868470432391e-07 2.72957881293223e-06 2.61016826925697e-06 3.08919104554661e-06 0.000137414407072356 0.00132242006366141 3.636400169853e-05 0.000856512883910909 0.000589497445616871 0.00088856830552686 0.00279306811280549 0.00123359324061312 0.000381934015604202 0.000121384108206257 4.00818560592597e-05 1.28127131119982e-05 0.000510860621579923 0.000328631035517901 6.5260860901617e-05 1.35263513584505e-05 2.50395037255657e-06 6.08665075674253e-07 5.01684209552877e-07 1.86636903976023e-07 1.87740218393628e-07 3.76034599014474e-07 2.79643546718944e-07 1.03417583829923e-07 3.70409274808026e-07 5.28776160635402e-08 2.09318778310319e-08 3.46973390019656e-09 2.87033532497816e-09 1.12297188215038e-09 1.15205744943836e-10 1.54211008407401e-09 6.05448768897787e-10 2.92365520682125e-10 2.44145533789819e-09
2.5297339016106e-05 2.28132442316564e-05 0.000128976789710578 8.39500735310139e-05 9.9764893820975e-05 1.33083680680102e-06 0.000125084735191194 5.69952626428005e-08 8.10261676420509e-08 2.37624273324855e-07 0.00172692814958282 1.63289038255243e-06 0.000141506498039234 1.00577762623288e-05 0.000413460735580884 0.00165843521244824 0.00112564311129972 3.05334076983854e-05 2.30194412324636e-05 3.10219997118111e-05 0.000332306181371678 4.02540090362891e-05 4.07896031902055e-05 4.25465123043978e-05 5.6027377013379e-06 6.06761273047596e-06 3.71990349776752e-06 2.26698026608574e-06 3.73685709575966e-07 3.36474009543508e-07 5.58289244168009e-07 1.11577550683251e-06 2.68903782796315e-07 1.36088704039139e-07 2.46349971348536e-05 1.68090628903883e-05 9.92776854502608e-08 9.72768798845891e-09 8.06569144806701e-10 1.89526871974266e-10 2.00518146531437e-10 1.33098720933589e-10 7.84036502388119e-11 1.85355104598273e-09 7.48764217295417e-10 6.87203993710028e-10
1.33893183829059e-05 1.45053864798683e-05 8.43682523736788e-06 1.14670473067235e-05 4.76682384942251e-07 7.84777240880885e-07 1.4045033168486e-06 2.7308108982993e-07 0.000626552713220008 0.00142434221343137 0.00115611917863134 6.44119789683373e-07 8.83958446706856e-07 0.000238692334824009 0.000488047057297081 1.3694632161787e-05 1.95833259567735e-05 0.000136294808544335 0.00111673448700458 0.000723513812408783 0.000582234736066312 0.000161574907178874 0.000300444336608052 0.000149112402505125 2.8581495371327e-05 4.05803048124653e-06 2.28584275419053e-06 6.55712366892658e-07 7.42571540968129e-07 1.56455583777415e-07 8.66717311254206e-08 5.91265166605126e-08 3.37583374232509e-07 5.32408790832051e-07 1.92804440501959e-07 1.27279203354647e-07 3.298594197787e-09 6.49253890649959e-09 2.83589287608521e-09 8.35766256201964e-09 9.50122791554264e-10 2.14253703667566e-09 4.47415771098747e-10 3.12017850445656e-09 1.82870474318975e-09 9.68280611246541e-10
