Maxent_result_files_2/B_pascuorum_3.asc
NCOLS 594 
NROWS 330 
XLLCORNER -15 
YLLCORNER 23 
CELLSIZE 0.166666666666667 
NODATA_value -9999 
[rows 200 to 219 of 330, columns 414 to 459 of 594]
2.19399920453611e-09 3.53099524064149e-09 1.1782474240718e-08 1.18438330254378e-08 1.85737960567423e-09 1.44975770126621e-06 2.11136217842522e-08 2.01095831542375e-08 1.15489080521058e-08 1.70732952220476e-08 1.11109517142438e-08 1.46843470716362e-08 2.78066632830587e-08 3.45820888369985e-08 4.14540563653532e-08 4.17119483842043e-08 4.38748921638421e-08 4.50341056890124e-08 3.6028715122427e-08 4.57543530174576e-08 2.82523099137677e-08 2.88479292898103e-08 2.84730615973672e-08 2.7196451402034e-08 2.74307486058945e-08 4.73648725574094e-08 3.10336203028783e-06 3.13003477359075e-08 1.5828265809148e-08 1.51097814260481e-08 1.72934972120231e-08 2.12071458172147e-08 1.06129884613893e-06 1.15617871188078e-06 1.15766609409818e-08 2.84546909590233e-08 1.69824086349024e-08 8.93857794448394e-09 1.59167974800312e-08 1.37908073849502e-08 1.56118279193151e-08 1.55804941393001e-08 1.46090734620685e-08 6.43724229476561e-09 2.73530163852342e-08 2.50597168793831e-08
7.04095786119296e-08 1.7664353094915e-06 1.24901771414443e-06 9.05664199191136e-09 1.80466380728106e-09 2.1791900728374e-08 1.57866272942897e-08 1.92151785149974e-08 1.69121230797487e-08 2.48546907499758e-08 1.41479568949165e-08 1.28721904246731e-08 2.85124619914257e-08 2.57551918458887e-08 2.98669956322328e-08 3.97167948307242e-08 3.32783589129804e-08 3.11587770696065e-08 2.90981526873679e-08 2.92097924514678e-08 2.52223507857252e-08 2.52827034863401e-08 3.43033736527332e-08 2.5460630936891e-08 2.57186828278577e-08 1.76745308166915e-08 2.23534383891888e-08 1.07309638064379e-08 1.46831081515586e-08 1.43790328088755e-08 1.64949928826985e-08 1.67092092162591e-08 1.0220776758274e-07 1.09196886910468e-06 3.69032758129606e-08 2.64444683928389e-08 2.27865722735032e-08 1.83842824519331e-08 1.50359987571846e-08 1.14028982700631e-08 1.27683909223464e-08 1.22624073117805e-08 1.27920476877819e-08 1.28201224303126e-08 2.49906638316588e-07 2.02408445204583e-07
3.09761619687876e-09 1.47140290209791e-06 1.24021131000518e-06 8.31301588277711e-07 1.15503798525651e-08 1.82326753694895e-08 2.16064210967204e-08 1.14827424457786e-08 2.69431466470849e-08 1.36073132317449e-08 2.41121973942882e-08 2.0672139378064e-08 1.24993746908331e-08 2.27221799597999e-08 2.17126403079249e-08 2.34866907256048e-08 2.33555082829184e-08 2.2216253103835e-08 2.06429289661969e-08 2.2815212386007e-08 2.294623939747e-08 2.21747038509079e-08 3.71417495870219e-08 2.04846102747069e-08 2.30224332042894e-08 2.94694501690174e-08 8.64517346599314e-09 2.67559943978313e-08 1.77464954731477e-08 1.67985073851185e-08 1.50562954104316e-08 1.73020941574009e-08 2.32551948364801e-08 3.09174175150417e-08 2.54674404231992e-08 2.18523147132998e-08 1.43435501698264e-08 5.00146683179992e-08 1.77786100508115e-08 1.11072925079725e-08 1.00863738694557e-08 1.04000493994505e-08 3.66312979949157e-09 1.41800555741867e-08 1.78327515953924e-07 1.13019416403404e-07
3.65777695909841e-09 1.7852074618574e-08 1.14810073004179e-08 3.52970753070281e-08 1.00966791816148e-08 1.11290623827642e-08 1.61213772997826e-08 1.61710577373242e-08 2.90798733537656e-08 1.50507357243868e-08 2.36906783968038e-08 1.48722199444506e-08 1.4380654578261e-08 1.51590722641259e-08 1.98509407134395e-08 1.70243755981403e-08 1.8397795464864e-08 1.99561422498107e-08 2.16033640754176e-08 1.96898075621732e-08 1.87947264862487e-08 2.29846788712962e-08 4.1424688035363e-08 2.00608909928235e-08 1.99019827284985e-08 2.97859314102311e-08 2.5186668661803e-08 6.78702019030197e-08 1.98346768343072e-08 1.62923726954034e-08 5.80409997841258e-09 1.30401681897041e-08 1.62802404446438e-08 1.34388686401365e-08 1.38550481310062e-08 3.01141250602655e-08 1.73529838498609e-08 4.76808674321205e-08 1.45843860543948e-08 9.76566338906082e-09 8.75705721270492e-09 6.56615719574205e-09 9.31231471934524e-09 1.18055429876307e-08 6.67319081770756e-08 1.12826793952081e-07
3.88254076142403e-06 1.84701362968553e-06 1.07474596777735e-08 3.480027430669e-08 1.54765569249093e-08 1.17930521348342e-08 1.53897247834323e-08 2.14973632672866e-08 1.06058190674219e-08 1.671704339401e-08 2.32227620244885e-08 1.41193694069841e-08 1.45824989861154e-08 1.41118072782831e-08 1.49276795369246e-08 1.57701778746855e-08 1.58997897070634e-08 1.82447692509413e-08 1.86209877739429e-08 1.74094394900237e-08 2.3562619411166e-08 2.49954635656025e-08 1.83999539160595e-08 1.91727429488253e-08 1.99230895781e-08 2.34245613128792e-08 3.10887850574204e-08 1.13737732565511e-08 3.06206404232512e-08 1.55484486619173e-08 1.39486473926809e-07 2.19522861222288e-08 2.41837408054835e-07 4.44445879566047e-06 6.12121024090584e-08 3.26793982985407e-08 2.06261876023461e-08 4.79257289853763e-08 3.2174915798322e-08 6.81627843057697e-09 5.81446037983824e-09 3.57004442674835e-09 2.75728230247907e-09 6.10946562229486e-09 8.98961345363602e-09 1.26662500932184e-08
6.33872556932147e-07 3.27309387371244e-09 8.38403419578526e-08 3.20878218218468e-08 2.27544821207459e-08 1.79167421787696e-08 1.33934841883843e-08 9.55854755346763e-09 1.44643980792836e-08 1.48247690123782e-08 1.44008615698965e-08 1.55476579166702e-08 1.40605338039279e-08 1.32074617908984e-08 1.40206693810541e-08 1.54230023863278e-08 1.56794015993e-08 1.65523626804998e-08 1.53566250826742e-08 1.58218422807721e-08 1.20296778316487e-08 1.98244458182728e-08 1.96939813790209e-08 1.85349483317054e-08 2.00640567271648e-08 2.16295748423079e-08 2.5406049264376e-08 2.40972200415968e-08 1.44708704130636e-08 4.37282656662319e-07 1.24708324733547e-06 3.72404061010911e-07 2.1499160118843e-09 1.34236460835879e-09 3.3782039054131e-06 8.59831128963151e-08 1.09245402502012e-08 7.44894457227474e-09 1.14809272755423e-08 5.5016449840295e-09 4.68656713437099e-09 4.04107503015894e-09 4.6856127422501e-09 2.35598774933621e-09 2.52927622179655e-09 4.21455562671369e-09
1.03124443739944e-07 5.80498715407884e-07 6.70776157107866e-07 1.1345380187322e-06 4.31511256238082e-07 3.49441525493432e-08 1.36044605358876e-08 1.36111648618709e-08 1.42522827761837e-08 1.28650951225495e-08 2.28863946460933e-08 1.40831394546126e-08 1.37624442952955e-08 1.42972975680777e-08 1.49742642285844e-08 1.61611292792685e-08 1.7248458306085e-08 1.5474171277674e-08 1.24396241307778e-08 1.4120830771347e-08 1.35985277704975e-08 1.5616326498602e-08 1.42228133270805e-08 1.6102840705301e-08 1.96946166930445e-08 1.94389434327036e-08 8.18182467554607e-08 3.95885464854473e-08 4.23373176516861e-09 1.23328430845504e-07 5.6800612879826e-09 2.14472803605759e-07 2.38086589661179e-06 7.66504415494751e-10 6.82503273452539e-08 3.27579556369528e-08 9.43945024367565e-09 4.06682091336208e-09 3.66662538553442e-08 4.93696382664055e-09 2.31654895266331e-09 1.0991397925153e-08 3.0860764277385e-09 3.22747825132197e-09 3.38841100733234e-09 3.28268083826799e-09
2.52984613702267e-08 1.72122081920634e-07 1.51244105950354e-07 1.47565847186115e-07 2.39923183187329e-07 1.40566650230767e-07 1.73968368955002e-07 1.74388232743183e-08 2.14712411406026e-08 2.54286600664955e-08 2.29767862514052e-08 1.33477081387667e-08 1.48535657995552e-08 1.5316839574453e-08 1.6922741341574e-08 1.65760252635039e-08 1.41668345943202e-08 1.22581982786585e-08 1.07305802021784e-08 1.07932573989444e-08 8.16405831827183e-09 7.30143152605223e-09 8.59225168792221e-09 9.77645520094939e-09 1.54730143808735e-08 1.4787668822791e-08 7.19887347511161e-09 1.77146494451108e-07 4.40879257723736e-07 2.7440680582913e-06 1.37102422854696e-06 8.77902414231357e-07 1.28285871259237e-08 1.00807712177797e-09 2.64460385324128e-07 3.31397335129324e-09 4.07150968495529e-09 2.41882600615639e-09 1.83997875602415e-08 7.91366980834596e-09 9.48372083087179e-09 2.02014553973839e-09 2.35223849287536e-09 2.19011417890158e-09 2.74468040517561e-09 2.76709861690705e-09
1.14424528963042e-08 6.54078122774848e-09 1.16512170578176e-08 1.76310533284152e-08 5.15888540775222e-08 1.7196960726551e-07 1.90454608173241e-07 1.70317224768013e-08 1.25559842967249e-08 1.21897728355691e-08 1.26041633130569e-08 1.31341896469905e-08 1.28004423949335e-08 1.30040455292857e-08 1.58554854134962e-08 1.44792706713304e-08 1.1708614877648e-08 1.00068835440226e-08 9.91251831727879e-09 9.5041997383305e-09 1.02551600100753e-08 7.0884806468996e-09 6.00021579089116e-09 7.83611882049229e-09 1.3143793964332e-08 1.30087093541675e-08 1.85844584166261e-08 3.46075756496589e-08 1.6034108298868e-07 7.65567568805636e-07 1.16971520114362e-07 6.12581322911865e-07 7.42617134452672e-09 1.17922195741471e-07 1.64754729858885e-08 1.38787712433697e-08 7.81849735176365e-08 8.94080578461853e-09 8.03259425197211e-08 1.39966076506681e-09 1.35893553077082e-09 2.72897265896077e-09 2.75354814505135e-09 1.67140318252379e-09 2.43097881824639e-09 2.13147839378536e-09
1.9720257427025e-08 2.67255964025992e-08 9.53146956916839e-09 4.01419578466289e-08 6.83046515348451e-08 2.21443865200399e-07 3.02446456146299e-07 1.01462338530922e-08 1.10013417931043e-08 1.03741954582404e-08 7.41587982133751e-09 6.22135072347874e-09 9.47360856429214e-09 9.83746297755772e-09 1.1257376586471e-08 1.16511721159895e-08 1.49183822628629e-08 1.23147644082167e-08 1.16860995102996e-08 9.36757205138861e-09 9.72978329016882e-09 9.55306154182267e-09 7.29174052249704e-09 7.67049701533296e-09 1.15058000904611e-08 1.04444941140258e-08 1.02010611069403e-08 8.64016711510374e-09 1.18670993742853e-06 5.28801579093852e-06 2.26000873126964e-08 1.46967972369794e-07 8.7940286164212e-08 3.94764622058119e-07 1.44685027407832e-06 1.13697346364461e-06 1.68339940955775e-06 5.39791525966393e-07 9.90858970340014e-07 1.01966147170174e-07 2.341254490279e-09 1.03073640733697e-09 2.1321902132776e-09 9.06327723981804e-10 1.69542112571364e-09 1.57917825482912e-09
1.16205339750763e-07 6.98543953348008e-08 1.03760861680513e-08 3.33622764969732e-07 7.0458076208979e-07 1.24333954687472e-07 8.2904705323017e-08 7.29666942422824e-09 9.42164857242744e-09 7.98953281311299e-09 6.91488177828603e-09 7.74487611820973e-09 6.75472686673118e-09 7.0716064337617e-09 6.9337600994146e-09 6.94278841084639e-09 8.74622645419265e-09 1.20804845238354e-08 9.99371763121815e-09 9.75800831248819e-09 1.08205923332605e-08 1.08114256658354e-08 9.3425595704133e-09 8.22842971537341e-09 9.47775333770551e-09 9.09049107100657e-09 9.81713652592475e-09 1.3200716475481e-08 2.43859921056355e-07 2.71131282261194e-06 2.84338115079663e-06 8.44991831172592e-07 1.7549969072661e-06 1.23360323982524e-06 3.22296968988667e-06 4.56591961039976e-07 4.30813301477428e-07 1.86060642448638e-08 5.6142722293373e-08 2.75321553111496e-08 8.63511195881017e-10 7.39360039858639e-10 1.0607952183328e-09 8.67901739365351e-10 1.38711535591085e-09 1.14415920071664e-09
7.5572835456228e-08 1.18324430253836e-08 9.43111949425202e-08 1.21299961719501e-07 2.9718429228609e-08 8.31800233136448e-09 4.0533166600909e-09 6.53490468405238e-09 6.93550177288671e-09 6.57642091894672e-09 6.27970833111391e-09 6.1124563410786e-09 6.21330431549438e-09 5.7183486168455e-09 5.43445255463126e-09 5.58456090260506e-09 6.26386624791309e-09 6.70224908905226e-09 7.61497989110183e-09 7.53933260266848e-09 9.11166671002661e-09 1.08051417591071e-08 1.26194597882545e-08 1.0498161850947e-08 8.65818989836953e-09 9.79119190169797e-09 6.692517096063e-09 2.92084740394216e-08 2.27964652594892e-06 1.48343176533672e-06 1.47223884710002e-06 1.85439078137506e-07 1.11729333980293e-06 6.14124772368996e-07 2.11146674473639e-06 6.43410680822853e-07 4.90567367839034e-09 9.22918530488204e-10 8.26866131120596e-10 4.80180295525656e-10 9.20014409100389e-10 7.89409937418384e-10 7.68562713471255e-10 4.23218760037258e-10 1.36941304962335e-09 1.03380045635149e-09
5.22098712707475e-08 5.93534071668955e-08 1.72777757256881e-07 4.10893546742841e-08 2.83143347656889e-09 5.63387414498351e-09 5.7649555351702e-09 4.34974960494827e-09 4.78764758948813e-09 4.73730448202758e-09 4.46587209435023e-09 4.30388549244043e-09 4.39664500362369e-09 4.71335064311518e-09 5.05510442394552e-09 5.01650925244235e-09 5.51320211705786e-09 5.58901402936129e-09 5.65928481854883e-09 5.99023946001864e-09 4.50491242087736e-09 8.26743189463741e-09 8.03839754759395e-09 9.56039420962895e-09 5.81421755185829e-09 3.37688139673276e-09 9.75710428008369e-08 6.62047085597806e-08 2.29472323809432e-07 1.56467597633991e-07 1.16216598655683e-07 1.74028883748178e-07 1.38939112730441e-06 6.92209687258583e-07 4.63981013609782e-08 1.46000583844952e-09 1.01972239541226e-09 7.47013295665511e-10 8.50205639224555e-10 6.09576511489962e-10 4.05913347378828e-10 7.09361736017655e-10 6.75003242189831e-10 5.55465684559664e-10 9.88798198875429e-10 5.83439216939041e-09
9.16206033707567e-08 2.53287427653959e-07 3.3499419060945e-08 3.00219032967064e-09 5.86317676631864e-09 5.41251345964611e-09 5.3144463718624e-09 3.29632956486137e-09 4.45989700725846e-09 3.70195445409394e-09 3.86362311033395e-09 3.67806655132696e-09 3.28488917178404e-09 3.4449919250612e-09 3.88246846894091e-09 4.02843189917235e-09 4.14600345166605e-09 4.76158739104449e-09 4.92784948402658e-09 8.33675297684522e-09 8.8205277304354e-09 6.06161454363985e-09 9.46420413150406e-09 5.23064562774067e-09 3.12094111665218e-09 5.16942306738599e-09 1.65084231618096e-08 2.4246865848454e-07 5.91199036392709e-08 4.80126697510741e-08 1.53957130777371e-07 7.36083407559818e-08 1.17441540510299e-06 2.55458594438096e-06 7.90881689027856e-09 3.69939985311873e-09 1.22265684243672e-09 1.83477066872939e-09 1.15208544926304e-09 5.12355480264404e-10 3.58123597443694e-10 3.7902659899558e-10 4.7743705655634e-10 6.05353711602419e-10 3.83620424315723e-10 3.67221784092209e-09
1.69290346008211e-07 2.77989654762223e-07 7.66449655742463e-08 5.14011904151346e-09 5.02921420064695e-09 4.57988382773777e-09 5.33817519077218e-09 2.75459596243977e-09 3.95909328654298e-09 3.85028403604437e-09 3.46668750372814e-09 3.10371071066129e-09 3.16878224770889e-09 3.21206996556356e-09 3.52097113687222e-09 3.97400794494018e-09 4.27948594339256e-09 4.80137634095712e-09 7.66512324723578e-09 2.07336623816445e-06 3.066342966207e-08 2.2818266476321e-08 3.22709688971301e-09 2.97678174332461e-09 3.32802604363636e-09 3.42054132795866e-09 5.79676915357652e-09 1.16055186794028e-07 1.03054000177849e-07 9.10383985086583e-08 1.17777081598547e-07 1.39501362639294e-07 3.12296199922457e-07 2.80729192070339e-07 1.37662862442767e-07 6.51849578758856e-08 1.24353403663235e-07 3.08510932356398e-08 8.25069887966379e-09 1.6745721365119e-09 8.8260119213146e-10 7.13502823490586e-10 5.92656812514747e-10 6.10052364180547e-10 5.08045550073888e-10 3.45200207307883e-09
4.73951706680964e-07 1.76336247648123e-07 3.24673020912769e-08 7.01366476008047e-09 5.97738345486931e-09 5.47129439532057e-09 5.98453298028545e-09 5.92417197520234e-09 5.56922947758665e-09 4.74082431090039e-09 3.6495756638999e-09 3.28492700818472e-09 3.34185079609028e-09 3.37531036453953e-09 3.35003211837659e-09 3.84915399553876e-09 4.39227212378768e-09 4.80928039614525e-09 1.05513039194705e-08 1.96201135622687e-06 2.05252064233719e-06 2.41243677256975e-09 2.6728638524709e-09 2.41270828871265e-09 2.45230862283563e-09 2.77416396521346e-09 3.12710262129201e-08 2.05971083744316e-07 1.11050930939882e-07 2.17903920685103e-07 6.32708793801839e-08 9.13322256934634e-08 1.6268577311962e-07 1.24730404138518e-07 2.0196183072585e-07 1.9480027475538e-07 9.17770881869728e-07 3.54959883708261e-08 1.33641447686017e-08 2.11696281837703e-08 7.06031659802875e-08 2.1884921430626e-09 8.17078342763011e-09 1.02986883465661e-09 8.65699241181517e-09 3.00570138778156e-09
1.42389642974194e-06 9.20246458235852e-07 4.85335459643466e-07 6.63650951970851e-09 3.67849983806678e-09 5.22487009213535e-09 3.50584589137171e-09 4.2409121769893e-09 5.65007383102056e-09 5.47708884912623e-09 4.15577353640728e-09 3.77045903388051e-09 3.72632703582454e-09 3.68574262221699e-09 3.59433182106628e-09 3.92940380233853e-09 4.48661727769917e-09 4.71609049590427e-09 1.96841853927765e-08 1.35971350800901e-06 1.6626805688702e-06 4.59612635728135e-09 1.01423918152932e-07 2.96396877041971e-09 1.96120114592802e-09 3.91357297679917e-09 3.14615217211767e-09 9.49364684643683e-09 3.10008046255916e-07 6.49589765089331e-08 2.839814257527e-07 1.05778901016151e-07 3.39322059517144e-07 4.9942976602324e-06 8.97084527196057e-07 3.14818391871086e-06 2.55091587177958e-06 5.66129409662608e-07 5.25733238987414e-07 5.85367368444167e-07 1.37782956954879e-07 1.6439851577843e-07 2.97284950079302e-07 1.5871217939889e-07 2.1782803116821e-07 1.40355100874956e-09
4.50283855002453e-07 1.16360251922742e-06 6.77312749530756e-07 2.2443710463449e-07 9.67327764556103e-08 1.7054179757281e-08 4.46533906517388e-09 1.44144047808936e-08 5.64170530292785e-09 5.60599138221818e-09 4.53846591419449e-09 4.12017558959477e-09 4.06479233605594e-09 4.01743028843882e-09 3.8971151306022e-09 3.89861939398273e-09 4.32115021542501e-09 4.33700033664053e-09 4.68623855276462e-09 5.12714399292236e-07 1.4939625941679e-06 1.43790359743434e-06 5.08024144973973e-10 2.11781983061599e-09 2.23041751734598e-09 1.12778620886544e-09 1.56354730274089e-09 1.54931660834023e-09 3.49352643524981e-07 2.81571574589634e-07 6.52060808903343e-08 3.34865150719565e-08 4.35650775898466e-08 6.27342723191759e-07 2.36116262897212e-07 1.69851559803647e-06 8.58943496950815e-07 3.26757322000049e-07 5.02982402394991e-07 3.08541631000026e-07 2.01170064428879e-06 7.38353020324212e-07 4.8501458991268e-07 1.35775045606579e-07 8.73508714249738e-09 3.22179601885963e-09
1.14456091893089e-07 3.7497615750226e-07 8.85106209125297e-07 3.98592111139351e-07 8.48835804845294e-07 3.46888462843253e-07 4.91398575164226e-08 5.85782802264845e-09 5.35812638702282e-09 5.76962495557609e-09 4.15093188710358e-09 4.38772820299249e-09 3.81105175195628e-09 4.05477739162663e-09 4.23587755982169e-09 4.05999611707841e-09 4.28749820091667e-09 4.087443861156e-09 3.04201811518467e-09 4.78509607493294e-09 6.4880586680971e-09 5.04262411826772e-09 1.99619129004347e-09 1.66408367086035e-09 1.32137907282726e-09 1.35984383753396e-09 1.20781841195239e-09 1.35405642254227e-08 2.60367388982274e-08 2.1062648181136e-09 6.62492172232021e-10 6.99351554445116e-10 5.87764636961197e-10 7.23408113412205e-09 2.13012690863934e-07 7.74523306290575e-07 9.39680128908549e-07 8.44851308556827e-07 6.91979550992983e-07 1.15265785893826e-06 9.42753740673652e-07 5.11294601324153e-07 4.7669853699972e-07 2.17942305980046e-08 5.47286569396732e-09 9.24289800252609e-10
-9999 7.75197911195846e-08 1.83591981084419e-07 1.73556659177621e-07 7.90583307264114e-08 2.78202536208028e-07 3.91316947911946e-07 1.55119189315656e-07 3.79012170981241e-08 2.55504944979279e-09 4.79919464169143e-09 3.96191918161648e-09 3.78607128981301e-09 4.06220714843641e-09 4.6087140104234e-09 4.36923153213087e-09 3.94681932691654e-09 3.17135764316134e-09 3.20521570396082e-09 2.03550969413158e-09 1.7118097050961e-09 1.22986351103194e-09 1.06869884053395e-09 1.35753929209059e-09 1.74590867318969e-09 1.16148900497492e-09 6.75092692858925e-10 7.50393147619377e-10 2.61422339331574e-10 3.92654608827314e-10 3.19168558249316e-10 5.31422139626869e-10 4.30265090223259e-10 7.31074090154493e-10 2.51360741110318e-09 2.40281948116206e-08 1.63982375056548e-07 3.65292555670749e-07 1.14923627734242e-06 2.85800390997792e-07 2.68074610403346e-06 3.08515191136394e-06 9.65057222401811e-07 1.20056556340842e-07 1.69640729241749e-09 8.81526940332833e-10
