Maxent_result_files_2/B_pascuorum_3.asc
NCOLS 594 
NROWS 330 
XLLCORNER -15 
YLLCORNER 23 
CELLSIZE 0.166666666666667 
NODATA_value -9999 
[rows 60 to 79 of 330, columns 184 to 229 of 594]
0.0384901791810989 0.0283544585108757 0.183170399069786 0.048565199226141 0.0963502816855907 0.0854154478758574 0.0261582875624299 0.0654690012335777 0.00951829822733998 0.05320337228477 0.0827391989529133 0.00990366265177727 0.00579981412738562 0.0087741447146982 0.00408228267915547 0.00592244169674814 0.0220909956842661 0.245762544870377 0.0141492739319801 0.0347287079319358 0.00541449524462223 0.00945524265989661 0.0360298765823245 0.0251561041921377 0.00901169860735536 0.00586085678078234 0.0154834900982678 0.0356586521491408 0.0314427627250552 0.0843889020383358 0.00990079161711037 0.0997571669518948 0.100367049127817 0.0430821351706982 0.0536819364875555 0.058509911224246 0.0599355410784483 0.132040549814701 0.124848643690348 0.0678235054016113 0.104601989686489 0.115370605885983 0.15228822901845 0.152435376495123 0.100788669288158 0.0589997157454491
0.0733301933854818 0.225249502062798 0.160460232198238 0.00117080609197728 0.00815665232948959 0.0255745450034738 0.0136262227781117 0.0310569297522306 0.0538990285247564 0.0193595222197473 0.0196600002236664 0.0369517475366592 0.0562535919249058 0.0334277583286166 0.0100058783311397 0.0315508579835296 0.0234311711043119 0.0174044595099986 0.00949013857170939 0.00503041623160243 0.0152467096224427 0.0267241667956114 0.0129216154105961 0.0226347157731652 0.0446728654205799 0.00537565504200757 0.0167894125916064 0.0144522585906088 0.0657130658626556 0.0848423510789871 0.0850142136216164 0.050164395570755 0.0863374125212431 0.0430717658251524 0.0237311968579888 0.0214778952300549 0.0255424475297332 0.0365754460915923 0.188414672017097 0.13828139975667 0.0912562854588032 0.0434585938230157 0.0378473918884993 0.0897452168166637 0.0821726113557815 0.0331642089411616
0.101486282795668 0.297493523359299 0.0267457951791584 0.000108829962118762 0.000212797458516434 0.0070571240503341 0.00855340221896768 0.0133964479900897 0.0219587906263769 0.0447525203227997 0.282398591935635 0.00787563927005976 0.0158767633140087 0.00912382183596492 0.0196693885140121 0.0103180433623493 0.010330210160464 0.00748883238993585 0.0192654622718692 0.0302917232736945 0.0216711768880486 0.0326833246275783 0.0165863233618438 0.0101059173233807 0.00970103573054075 0.00703183989971876 0.00946953659877181 0.00901378495618701 0.0128286994993687 0.0851703770458698 0.114603108912706 0.0647224638611078 0.0837454881519079 0.178584086894989 0.115555392950773 0.0734983965754509 0.0827935837209225 0.0966591663658619 0.0999068178236484 0.198306247591972 0.153761559724808 0.223396129906178 0.0498575154691935 0.0923661179840565 0.105979561060667 0.0992297023534775
0.182877939939499 0.0361089140176773 0.0162163984030485 0.112999813258648 0.213837118446827 0.000187270655442262 0.0116681377403438 0.0530187148600817 0.0372496949508786 0.00678965265396982 0.0353883489966393 0.0446289833635092 0.135267345607281 0.0434664810076356 0.0144440031144768 0.035229005292058 0.0134458385407925 0.0469415441155434 0.0199779335409403 0.0177692074328661 0.0406157661229372 0.0429441973567009 0.046176040917635 0.0375383410602808 0.0420220173895359 0.0266035355627537 0.0334356332197785 0.0331963989883661 0.0491973962634802 0.115292272716761 0.158520278334618 0.197487360239029 0.323961766064167 0.251431396603584 0.268023812770844 0.185952867567539 0.154720798134804 0.119924897700548 0.225471234321594 0.320210283994675 0.240346321463585 0.0933453567326069 0.088222774118185 0.075071145221591 0.22417103946209 0.210316403210163
0.117927769571543 0.0861208215355873 0.165354711562395 0.140936437249184 0.429584547877312 0.0147685701027513 0.0234625392593443 0.0162468724884093 0.0606495954096317 0.0046642660163343 0.0346175940707326 0.102513173222542 0.00532857768703252 0.0523189118131995 0.00485290798824281 0.00235457085072994 0.00332082177046686 0.00737047283910215 0.00652798726223409 0.0681653544306755 0.00764448172412813 0.0112639655359089 0.0302696451544762 0.0763686791062355 0.130976079404354 0.0656824521720409 0.0533564899116755 0.0665299259126186 0.0540505181998014 0.118660625815392 0.239667589962482 0.204099495708942 0.0913980484008789 0.366856518387794 0.334337797760963 0.341160920262337 0.334070061147213 0.387580242753029 0.373872947692871 0.226041124761105 0.161938585340977 0.196535021066666 0.0837259635329246 0.0568996835500002 0.148813909292221 0.151467989385128
0.0377592017874122 0.150005242228508 0.056512264162302 0.204774171113968 0.0928207583725452 0.00894291326403618 0.00557596124708652 0.000153460868023103 0.0216824647039175 0.0302827328443527 0.0253828829154372 0.0122344866860658 0.0217194585129619 0.050629423186183 0.0242337675765157 0.00891190953552723 0.0335528263822198 0.0334870610386133 0.105350008606911 0.0441282168030739 0.0408077791333199 0.0519977580755949 0.013815095089376 0.00552091775462031 0.0173834796994925 0.145157617330551 0.131369613111019 0.0960394080728292 0.125771138072014 0.134646194428205 0.173762634396553 0.188921315968037 0.261157251894474 0.185594800114632 0.0777084000408649 0.0683102685958147 0.253837551176548 0.105929408967495 0.440409567952156 0.246113821864128 0.171367985010147 0.197351816296577 0.176217846572399 0.205608548223972 0.182701654732227 0.178767281770706
0.00898470261599869 0.0346245530992746 0.0111654348205775 0.00941271898336709 0.0166035987436771 0.00720314965583384 0.00532518238760531 0.0166153430938721 0.0154984096065164 0.00446143364533782 0.0302813598886132 0.192139695584774 0.115784556418657 0.11251592040062 0.0918044231832027 0.199145479500294 0.136298080533743 0.047126941010356 0.0185813197866082 0.0651419956237078 0.0360551545396447 0.0464484035968781 0.0701323546469212 0.150641503930092 0.239026749134064 0.210765473544598 0.0992520362138748 0.0976743243634701 0.174721176922321 0.248333735764027 0.0359442615881562 0.0457184109836817 0.213290844857693 0.251463055610657 0.151538643240929 0.201910838484764 0.0320069631561637 0.198331065475941 0.269860684871674 0.20613788664341 0.176738448441029 0.113032452017069 0.15464780330658 0.165067891776562 0.223988837003708 0.169071008265018
0.0535254947841167 0.0248813755810261 0.0274702787399292 0.00709543512202799 0.000361811168841086 0.0126402508467436 0.0212249248288572 0.0122354409191757 0.01395168825984 0.0642110083252192 0.0359595796093345 0.0321767659857869 0.0762395419180393 0.079426434636116 0.188679099082947 0.154441293329 0.1659423366189 0.0335482362657785 0.0170478622429073 0.0826923094689846 0.00619712704792619 0.00710116140544415 0.026125144213438 0.200715236365795 0.0708962924778462 0.159578409790993 0.0744964249432087 0.139725161343813 0.0600477796047926 0.434188628196716 0.0735081940889359 0.0517919111996889 0.0920657083392143 0.361785501241684 0.348791733384132 0.311877098679543 0.299936008453369 0.2961436226964 0.142138598114252 0.118719059973955 0.182603821158409 0.11925013512373 0.106624483317137 0.160906001925468 0.0712680276483297 0.139324471354485
0.0179729677736759 0.0115289149805903 0.0468880422413349 0.118913020193577 0.0822659030556679 0.0377101920545101 0.0916529260575771 0.070836490765214 0.0230463659390807 0.0367244115099311 0.0843898624181747 0.0638011265546083 0.057796211913228 0.073147339373827 0.0444187883287668 0.0269603798165917 0.0536567810922861 0.114262040704489 0.0916733875870705 0.207367788255215 0.0802555203437805 0.0924462459981441 0.0445465810596943 0.0483240339905024 0.0532704871147871 0.151575480401516 0.15421222448349 0.153100040555 0.155694068968296 0.29062896668911 0.308796870708466 0.123894092440605 0.270223499834538 0.252257592976093 0.203465244174004 0.142380257695913 0.359912803769112 0.320068135857582 0.17231093943119 0.173165629804134 0.125881593674421 0.156596694886684 0.164432656764984 0.158799132704735 0.1604451790452 0.110860872268677
0.0147361847572029 0.0140906073153019 0.0284241056069732 0.0868477284908295 0.158211041986942 0.0942831121385097 0.225691586732864 0.237110905349255 0.0171310029923916 0.0148151446133852 0.19225398004055 0.0732662424445152 0.0483330670744181 0.17887856066227 0.0269880948588252 0.0661250069737434 0.078620146214962 0.0557228956371546 0.078363972902298 0.0756018284708262 0.165024401247501 0.101930567622185 0.252331544458866 0.116853443533182 0.119206091761589 0.284479655325413 0.247108413279057 0.302519184350967 0.236278647184372 0.151143239438534 0.0982528246939182 0.160365280508995 0.250329528748989 0.238628393411636 0.317131140828133 0.147843220829964 0.168814843893051 0.257898136973381 0.193984918296337 0.166230742633343 0.149512965232134 0.15422729998827 0.0930857308208942 0.106550116091967 0.167426033318043 0.184670466184616
0.0366441259160638 0.0214896488003433 0.0252269515767694 0.0301134340465069 0.0922750368714333 0.146386110782623 0.205872538685799 0.165965223312378 0.113868729025126 0.236973352730274 0.0319087633863091 0.0278476906940341 0.0661487452685833 0.107436078041792 0.120789155364037 0.1419259339571 0.154135605692863 0.271866489946842 0.0262781089171767 0.105308036506176 0.0369613032788038 0.121564350277185 0.14708294197917 0.292401427030563 0.212599113583565 0.204593744874001 0.325227078795433 0.207559935748577 0.0722623836249113 0.127992613613606 0.0931803084909916 0.122072156518698 0.177203099429607 0.146768053621054 0.23830049186945 0.310190662741661 0.287423264980316 0.147005924582481 0.15713602155447 0.185974298417568 0.141454907506704 0.0725957471877337 0.187097230553627 0.158327648043633 0.189720334112644 0.0829916462302208
0.01609031339176 0.0251130217686296 0.146353758126497 0.142194478958845 0.0327225396409631 0.0377844721078873 0.0759150214493275 0.123961810767651 0.266436773538589 0.265096548199654 0.0188741195015609 0.0140636920463294 0.00514908127952367 0.0221773542463779 0.00595014151185751 0.0143509116023779 0.0834435701370239 0.154641383886337 0.15673139244318 0.0610596492886543 0.0225577583536506 0.0266457129269838 0.0803207278251648 0.205354134738445 0.0867682352662087 0.0890624210238457 0.141021934151649 0.0951849780976772 0.182364369928837 0.176330517232418 0.147651515156031 0.04533208347857 0.266138598322868 0.192459547519684 0.224685099720955 0.270059192180634 0.252329401671886 0.161417463421822 0.131570683419704 0.140887594223022 0.108629505336285 0.166363909840584 0.107986479252577 0.133700366318226 0.126575911045074 0.200248570740223
0.0772592671215534 0.0853051692247391 0.16199619024992 0.253705301880837 0.282473710179329 0.108956576138735 0.0930235669016838 0.240386153757572 0.216353034973145 0.177670280635357 0.185868859291077 0.454949158430099 0.00403354212176055 0.0100529191084206 0.0301985267549753 0.0990440338850021 0.285728372633457 0.247864718735218 0.0613104172050953 0.212845580279827 0.0728785905987024 0.162565465271473 0.0604729976505041 0.143839086592197 0.148753610253334 0.0559812672436237 0.0546426199376583 0.0814413897693157 0.119793439656496 0.149914735555649 0.166163742542267 0.169806824624538 0.189654234051704 0.138944943994284 0.130976912379265 0.0899840444326401 0.167893561720848 0.167271953821182 0.161296434700489 0.183957242965698 0.0644519932568073 0.177058860659599 0.0647354457527399 0.179154124855995 0.0999169483780861 0.114839308708906
0.196859759092331 0.101539494842291 0.155850566923618 0.0965043604373932 0.229108798503876 0.261630548536777 0.245383787155151 0.288394257426262 0.0789268147200346 0.249103282392025 0.216253246366978 0.19523002654314 0.24912019520998 0.200722510367632 0.00343253809260204 0.00244828986469656 0.0124417062848806 0.24196505844593 0.374673894047737 0.0802326869219541 0.316298794746399 0.254295398294926 0.128795070946217 0.134396407008171 0.328910943865776 0.108782260119915 0.231180952489376 0.219241784512997 0.16887609064579 0.134663137048483 0.161076843738556 0.0967024631798267 0.154901400208473 0.157360017299652 0.203674982488155 0.114245895296335 0.0498606592416763 0.272472935914993 0.0914214298129082 0.118400171399117 -9999 -9999 -9999 -9999 0.0292058182880282 -9999
0.45138728916645 0.315398585796356 0.182686942815781 0.315103596448898 0.24208709448576 0.22406495064497 0.420274138450623 0.278473757207394 0.145709046721458 0.190869644284248 0.0950781054794788 0.155351720750332 0.33786056637764 0.367808282375336 0.205635410547256 0.263633680343628 0.241768707334995 0.345230394601822 0.391460716724396 0.321334373950958 0.446047586202621 0.223493538796902 0.254799938201904 0.164787252247334 0.18266496360302 0.228297197818756 0.428067606687546 0.397868505120277 0.197918772697449 0.118048701435328 0.132749604433775 0.201483842730522 0.134460045397282 0.241038866341114 0.245191249251366 0.28119669854641 0.248743392527103 0.0721439518034458 0.0503600891679525 0.0214242389425635 -9999 -9999 -9999 -9999 -9999 -9999
0.499272218346596 0.356834623217583 0.543957898020744 0.532664021849632 0.108305111527443 0.449565556645393 0.435866260528564 0.360613179206848 0.136465732753277 0.334403532743454 0.319709903001785 0.324066370725632 0.412377369403839 0.348368135094643 0.386101090908051 0.408504813909531 0.321072140336037 0.339157131314278 0.349129125475883 0.287924739718437 0.354502749443054 0.480600902438164 0.401217564940453 0.151070711761713 0.284895384311676 0.407821840047836 0.385390362143517 0.22389879077673 0.32549801170826 0.371291556954384 0.249265506863594 0.262613163888454 0.186031313240528 0.0944279856979847 0.150938625633717 0.0270117919892073 0.0453697085380554 -9999 -9999 -9999 -9999 -9999 -9999 -9999 -9999 -9999
0.706268048286438 0.334895247220993 0.503167551755905 0.528789857029915 0.475103628635407 0.129467534273863 0.0221280132420361 0.07798753939569 0.20591051876545 0.0952186740934849 0.422972592711449 0.37294656932354 0.489426338672638 0.420109814405441 0.194453121721745 0.316063380241394 0.399468737840652 0.384814471006393 0.165342317521572 0.309410068392754 0.331381094455719 0.357519274950027 0.468173974752426 0.423749327659607 0.523772808909416 0.24500717073679 0.130436310172081 0.213107657432556 0.256829373538494 0.243977034091949 0.317647951841354 0.199048811197281 0.169945773482323 0.248675192892551 0.191848765313625 0.0531348653137684 -9999 -9999 -9999 -9999 -9999 -9999 -9999 -9999 -9999 -9999
0.17266955524683 0.468103498220444 0.538331261277199 0.393252572417259 0.171965456008911 0.369134747982025 0.328038236498833 0.317040312290192 0.0759863849729299 0.294566075503826 0.337148344516754 0.417706009745598 0.362880656123161 0.225008596479893 0.246654912829399 0.291847455501556 0.3951475918293 0.436908757686615 0.485991737246513 0.499001955986023 0.517597422003746 0.275444084405899 0.285331186652184 0.269688586890697 0.225556044280529 0.235722729563713 0.225612859427929 0.289238123595715 0.208990128338337 0.38423202931881 0.331402888894081 0.210114453732967 0.19912726432085 0.185630136728287 0.199720178544521 -9999 -9999 -9999 -9999 -9999 -9999 -9999 -9999 -9999 -9999 -9999
0.539921870827675 0.444514402747154 0.586670166254044 0.241295138001442 0.497732231020927 0.185790765285492 0.356965947151184 0.67437852025032 0.200498104095459 0.550897318124771 0.543554890155792 0.439426559209824 0.32687221467495 0.50009990632534 0.384395304322243 0.243761605024338 0.223479907214642 0.195396310091019 0.256903919577599 0.350938251614571 0.375347027182579 0.430894473195076 0.273970998823643 0.445373579859734 0.336353039741516 0.285471618175507 0.207568046450615 0.242896473407745 0.273691962659359 0.415112695097923 0.329029202461243 0.128904600441456 0.178601855039597 0.0194884647615254 -9999 -9999 -9999 -9999 -9999 -9999 -9999 -9999 -9999 -9999 -9999 -9999
0.643925213813782 0.194288639724255 0.0975467566400766 0.138551967591047 0.199692121148109 0.378198185563087 0.510573893785477 0.501815554499626 0.588957399129868 0.655055594444275 0.563358050584793 0.551078867912292 0.485536473989487 0.194957304000854 0.446783849596977 0.270450676977634 0.257877026498318 0.322920033335686 0.296445176005363 0.210050749778748 0.232646171748638 0.215982592105865 0.452323690056801 0.37859782576561 0.531694170832634 0.320905083417892 0.203197281062603 0.238706688582897 0.230622836947441 0.266945788264275 0.316736176609993 0.363261884450912 0.188955719769001 -9999 -9999 -9999 -9999 -9999 -9999 -9999 -9999 -9999 -9999 -9999 -9999 -9999
