Maxent_result_files_2/B_polaris_3.asc
NCOLS 594 
NROWS 330 
XLLCORNER -15 
YLLCORNER 23 
CELLSIZE 0.166666666666667 
NODATA_value -9999 
[rows 300 to 319 of 330, columns 352 to 395 of 594]
4.11126688248942e-13 3.87889720343537e-13 3.24396065565224e-13 3.48587825271807e-13 3.08952863292689e-13 2.95152791096598e-13 2.94742008577487e-13 2.27273755371016e-13 1.71451741692863e-13 1.39777078800307e-13 1.42985623341474e-13 2.054023617859e-13 1.56730184386333e-13 1.63513647066793e-13 1.89059878863418e-13 1.55653268052447e-13 1.54520840567329e-13 1.5084600235582e-13 1.26509913656037e-13 1.08990594327452e-13 9.28812582401406e-14 8.5176310449242e-14 8.35775892937818e-14 8.80073791620362e-14 8.76854144848949e-14 8.77964367873574e-14 8.83071393786849e-14 8.26783086438354e-14 7.87703235971549e-14 7.61057883380545e-14 6.74781341913899e-12 -9999 -9999 -9999 -9999 -9999 -9999 -9999 -9999 -9999 -9999 -9999 -9999 -9999
4.84046136506322e-13 4.11082279327957e-13 4.06530364926994e-13 3.74722475271483e-13 3.65996122297929e-13 3.21820348148094e-13 2.90922841372776e-13 2.13307149721231e-13 1.37057032389976e-13 1.75526260193237e-13 1.39643852037352e-13 2.18158824338843e-13 1.37767575125736e-13 1.66466840312296e-13 2.12307948999069e-13 1.58661972449181e-13 1.29929400571882e-13 1.1411982470122e-13 1.11088915843993e-13 1.07980291375043e-13 8.98947583038989e-14 8.82183215367149e-14 8.95394869360189e-14 8.94839757847876e-14 8.72191208145523e-14 9.66560165238661e-14 9.26925203259543e-14 9.00501895273464e-14 7.06323888266525e-14 7.56616991282044e-14 1.59516844178142e-13 -9999 -9999 -9999 -9999 -9999 -9999 -9999 -9999 -9999 -9999 -9999 -9999 -9999
5.15321119110013e-13 4.77040629220937e-13 4.13480361061147e-13 3.91697785318001e-13 3.22264437357944e-13 2.60969024168389e-13 2.18014495345642e-13 1.96620497661115e-13 1.64046554118613e-13 1.13709042182109e-13 1.67510449955444e-13 2.05091499339005e-13 2.24820162486594e-13 1.27742261213371e-13 1.28674848554056e-13 1.44118050826592e-13 1.24500409981465e-13 1.11177733685963e-13 1.01108010852613e-13 9.60009849393373e-14 1.14774856285749e-13 1.16573417585641e-13 1.02484687403148e-13 8.83071393786849e-14 7.92255150372512e-14 8.87401263582888e-14 8.10129741068977e-14 8.4865448002347e-14 6.75459688181945e-14 6.90891788224235e-14 8.52096171399808e-14 1.34334432466687e-11 -9999 -9999 -9999 -9999 -9999 -9999 -9999 -9999 -9999 -9999 -9999 -9999
5.4204418731274e-13 4.8061554736023e-13 4.22206714034701e-13 3.5242919693701e-13 2.60103050209182e-13 2.26452190332793e-13 2.2429835766502e-13 2.52675658174439e-13 2.81619172426417e-13 1.77013959046235e-13 1.71918035363205e-13 1.64668279012403e-13 2.25741647597033e-13 1.46449519178304e-13 1.30551125465672e-13 1.16828768881305e-13 1.11388676060642e-13 1.15696341396188e-13 1.18705045792922e-13 1.3864465131519e-13 1.42363898447684e-13 9.36584143573782e-14 8.13127343235465e-14 1.07891473533073e-13 1.10855769008822e-13 1.06104014463426e-13 1.00086605669958e-13 9.40580946462433e-14 8.870681966755e-15 7.20978832191577e-14 9.43911615536308e-14 8.97060203897126e-14 1.2552181516412e-13 5.319433782347e-12 -9999 -9999 -9999 -9999 -9999 -9999 -9999 -9999 -9999 -9999
5.33539878944111e-13 4.79327688651665e-13 4.25670609871531e-13 3.74056341456708e-13 2.88968848849436e-13 2.47180054202545e-13 3.08664205306286e-13 2.98638891393921e-13 3.01569880178931e-13 2.91322521661641e-13 2.6585400547674e-13 1.83630888273001e-13 1.98052685362882e-13 1.52544643583497e-13 1.43862699530928e-13 1.38489220091742e-13 1.08746345262034e-13 1.05926378779486e-13 1.35169653248113e-13 1.63724589441472e-13 1.76092473935796e-13 1.12465592394528e-13 1.19715348745331e-13 1.24888988040084e-13 1.25621735236336e-13 1.15507603482001e-13 1.03939079565407e-13 9.49018641449584e-14 1.19237952844742e-14 7.39075467492967e-14 8.61866134016509e-14 8.04023514433538e-14 9.67559365960824e-14 1.6242562850266e-13 -9999 -9999 -9999 -9999 -9999 -9999 -9999 -9999 -9999 -9999
4.94215779411888e-13 4.84801088163067e-13 3.76920716860241e-13 3.65218966180691e-13 2.82140977247991e-13 2.62179167265231e-13 3.15636405900932e-13 3.45590223105319e-13 3.11717318624005e-13 2.93520763250399e-13 2.89412938059286e-13 2.54918308684182e-13 2.03081995664434e-13 1.77924341926428e-13 1.26576527037514e-13 1.52600154734728e-13 1.3363754547413e-13 1.14508402759839e-13 1.2525536163821e-13 1.45483625146881e-13 1.60682578353999e-13 1.35103039866635e-13 1.27853283515833e-13 1.1873835248366e-13 1.08812958643512e-13 1.11322062679164e-13 1.00308650274883e-13 9.53015444338234e-14 5.75095526755831e-14 6.22502049907325e-14 8.39217584314156e-14 8.02802269106451e-14 9.66005053726349e-14 1.02773345389551e-13 3.82816001121e-13 1.852539233127e-11 -9999 -9999 -9999 -9999 -9999 -9999 -9999 -9999
7.13540337926588e-14 6.61581900374131e-14 3.75544040309705e-13 3.06143999040387e-13 2.7423618931266e-13 2.76789702269298e-13 3.29247740182836e-13 3.64230867688775e-13 3.28037597085995e-13 3.31690230837012e-13 3.06243919112603e-13 2.78710388101899e-13 2.24487095579207e-13 1.6494583476856e-13 1.2250200853714e-13 1.44040335214868e-13 1.74438241629105e-13 1.2516654379624e-13 1.17905685215192e-13 1.35869093753627e-13 1.53566048766152e-13 1.39477318583658e-13 1.22890586595759e-13 1.13919984556787e-13 1.04094510788855e-13 1.03894670644422e-13 9.18709552877317e-14 7.29194482573803e-14 5.03597163969971e-14 6.37601083042227e-14 7.89035503601099e-14 7.95141730236537e-14 1.34892097491957e-14 1.04827257985107e-13 1.06104014463426e-13 1.41542333409461e-13 1.3429604983628e-09 -9999 -9999 -9999 -9999 -9999 -9999 -9999
5.37003774780942e-13 4.7249981705022e-13 5.78204151224781e-14 2.86382029202059e-13 2.84361423297241e-13 2.93887136848525e-13 3.29425375866776e-13 3.7881919823235e-13 3.70370401014952e-13 3.30335758746969e-13 2.99282820748203e-13 3.03324032557839e-13 2.38731256985147e-13 2.02615701994091e-13 1.58462132304749e-13 1.34359190440136e-13 1.35824684832642e-13 1.27453603226968e-13 1.34603439505554e-13 1.46449519178304e-13 1.73827618965561e-13 1.71995750974929e-13 1.5404344466674e-13 1.08646425189818e-13 1.04927178057324e-13 1.04893871366585e-13 9.00168828366077e-14 7.08877401223162e-14 8.75521877219398e-14 7.28417326456565e-14 7.46069872548105e-14 7.98694443915338e-14 1.32449606837781e-14 9.37472321993482e-14 9.23483511883205e-14 1.51545442861334e-14 1.41109346429857e-14 2.93653990013354e-14 -9999 -9999 -9999 -9999 -9999 -9999
8.78186412478499e-14 4.46664927267193e-13 3.64430707833208e-13 2.86115575676149e-13 3.120281810709e-13 3.03723712846704e-13 3.45967698933691e-13 3.87834209192306e-13 3.84281495513505e-13 2.81752399189372e-13 3.31612515225288e-13 3.54616336295521e-13 2.67774691309342e-13 2.02970973361971e-13 1.83564274891523e-13 1.65012448150037e-13 1.58029145325145e-13 1.5395462682477e-13 1.47548639972683e-13 1.51534340631088e-13 1.69753100465186e-13 1.58417723383764e-13 1.47626355584407e-13 1.23501209259302e-13 1.08857367564497e-13 1.04571906689443e-13 1.02573505245118e-13 9.83213510608039e-14 1.06603614824508e-13 8.25672863413729e-14 7.96696042471012e-14 7.90922882742961e-14 8.46656078579144e-14 8.94284646335564e-14 8.51985149097345e-14 8.835154829967e-14 6.99551527816311e-14 3.96460642093643e-14 -9999 -9999 -9999 -9999 -9999 -9999
1.26831878333178e-13 9.76407843467087e-13 3.47488704477428e-13 3.44257955475769e-13 2.90090174104307e-13 3.19688719940814e-13 3.42248451801197e-13 3.58191254434814e-13 3.99003052820035e-13 3.43680639502963e-13 2.6327828805961e-13 2.91200397128932e-13 2.98705504775398e-13 2.24542606730438e-13 2.28195240481455e-13 1.82109882729264e-13 1.64501745558709e-13 1.57673873957265e-13 1.60171875762671e-13 1.67055258515347e-13 1.61659574615669e-13 1.52011736531676e-13 1.36179956200522e-13 1.28486110639869e-13 1.16107123915299e-13 9.38471522715645e-14 1.02207131646992e-13 1.02273745028469e-13 1.01463282220493e-13 7.72715225139109e-14 8.05355782063089e-14 7.23532345148215e-14 7.9569684174885e-14 8.5043083686287e-14 8.08575428834501e-14 8.14792677772402e-14 8.64197602368222e-14 1.46771483855446e-14 2.76055844850021e-12 -9999 -9999 -9999 -9999 -9999
1.7421619702418e-13 5.40256728243094e-13 5.05817610019221e-14 4.69291272509054e-14 3.05988567816939e-13 2.86848322872402e-13 5.12589970469435e-14 6.14175377222637e-14 3.12883052799862e-13 3.95694588206652e-13 3.10296233152485e-13 2.7761126730752e-13 2.7565727478418e-13 2.97484259448311e-13 3.56059626227534e-13 2.67330602099491e-13 1.85507165184617e-13 1.63502544836547e-13 1.69764202695433e-13 1.7670309659934e-13 1.61703983536654e-13 1.59605662020112e-13 1.46038736659193e-13 1.22213350550737e-13 1.16739951039335e-13 1.0316192344817e-13 1.13331566353736e-13 1.14286358154914e-13 1.05637720793084e-13 1.08857367564497e-13 1.00475183728577e-13 7.61168905683007e-14 7.5950357114607e-14 9.0116802908824e-14 8.62199200923897e-14 7.63278329429795e-14 9.05497898884278e-14 1.05715436404807e-13 2.94431146130592e-14 -9999 -9999 -9999 -9999 -9999
4.47641923528863e-13 1.00675023873009e-13 6.77125022718883e-14 4.76507722169117e-14 3.0320190802513e-13 2.56683563293336e-13 4.32431868091498e-14 5.00155472593633e-14 3.98436839077476e-13 3.79551945428602e-13 4.96946928052466e-13 3.56314977523198e-13 2.60336197044353e-13 2.86859425102648e-13 2.64677169070637e-13 2.36666242159345e-13 1.72339920112563e-13 1.91413551675623e-13 1.93500770961919e-13 1.89848137210902e-13 1.80155890205924e-13 1.62192481667489e-13 1.363908985752e-13 1.1562972801471e-13 1.19237952844742e-13 1.11310960448918e-13 1.15429887870278e-13 1.15751852547419e-13 1.11932685342708e-13 1.15318865567815e-13 8.98725538434064e-14 8.0102591226705e-14 8.67528271442097e-14 9.9609209769369e-14 8.12128142513302e-14 8.44324610227432e-14 9.79105685416926e-14 1.11999298724186e-13 -9999 -9999 -9999 8.57602877601948e-13 -9999 -9999
6.66688926287407e-14 4.21562784680418e-13 4.45854464459217e-13 5.6976645623763e-14 2.7361446441887e-13 2.92466051377005e-13 2.78277401122295e-13 2.52786680476902e-13 4.6939119258127e-13 3.31390470620363e-13 4.1741055056832e-13 3.312794483179e-13 3.08553183003823e-13 2.54762877460735e-13 2.91955348785677e-13 3.54538620683797e-13 2.69873012825883e-13 2.2921664566411e-13 2.12485584683009e-13 2.01172412062078e-13 1.85240711658707e-13 1.6761037002766e-13 1.31761268562514e-13 1.19348975147204e-13 1.14996900890674e-13 1.22468701846401e-13 1.20947696302665e-13 1.21391785512515e-13 1.11877174191477e-13 1.07458486553469e-13 8.58868531850021e-14 7.79931674799172e-14 8.70525873608585e-14 1.02584607475364e-13 9.72000258059325e-14 9.2192919964873e-14 9.70779012732237e-14 1.09579012530503e-13 1.1343770367489e-11 -9999 -9999 4.94843188647565e-10 -9999 -9999
4.35351754646263e-13 6.87672141452822e-14 4.28790336570728e-13 3.64086538695574e-13 2.67252886487768e-13 2.71804800888731e-13 2.59192667328989e-13 2.72415423552275e-13 2.48923104351206e-13 5.00788299717669e-13 4.7546411252597e-13 3.42303962952428e-13 4.47508696765908e-13 3.58391094579247e-13 1.80722103948483e-13 1.85951254394467e-13 4.34907665436413e-13 4.62063720618744e-13 2.07056594092592e-13 1.96553884279638e-13 1.9204637879966e-13 1.76203496238259e-13 1.46083145580178e-13 1.26620935958499e-13 1.21136434216851e-13 1.25632837466583e-13 1.31061828057e-13 1.36446409726432e-13 1.35524924615993e-13 1.2436718321851e-13 1.0476064460363e-13 9.87543380404077e-14 1.06525899212784e-13 1.19804166587301e-13 1.14397380457376e-13 9.28479515494018e-14 1.38888900380607e-14 1.10789155627344e-13 1.49191770049129e-13 -9999 -9999 -9999 -9999 -9999
4.48274750652899e-13 4.22117896192731e-13 5.85864690094695e-14 4.22295531876671e-13 4.86388707088281e-14 2.96018765055806e-13 2.8279600883252e-13 3.07687209044616e-13 2.47901699168551e-13 2.66264787995851e-13 4.94337903944597e-13 3.96693788928815e-13 2.61513033450456e-13 2.15782947066145e-13 1.85906845473482e-13 1.64568358940187e-13 3.44313466627e-13 2.77869949272258e-12 2.77466938314319e-13 2.01505478969466e-13 1.88116189292487e-13 1.62447832963153e-13 1.48603351846077e-13 1.36823885554804e-13 1.25011112572793e-13 1.27609034450416e-13 1.23001608898221e-13 1.24056320771615e-13 1.3212764216064e-13 1.39077638294793e-13 1.2955192474351e-13 1.04538599998705e-13 1.05493391799882e-13 1.20470300402076e-13 1.22479804076647e-13 1.53210777398272e-14 1.61759494687885e-14 1.17794662912729e-13 1.35991218286335e-13 2.09603001621872e-11 -9999 -9999 -9999 2.14824824595894e-12
5.18718401565366e-13 4.36373159828918e-13 3.75555142539952e-13 9.18154441365004e-14 6.41819930535803e-14 3.1605829065029e-13 3.08575387464316e-13 3.05666603139798e-13 3.21465076780214e-13 2.32247554521337e-13 2.70516942180166e-13 3.43125527990651e-13 2.79609668751846e-13 2.05857553225997e-13 2.01161309831832e-13 1.79511960851642e-13 1.57995838634406e-13 2.0078383400346e-13 2.90945045833269e-13 2.34023911360737e-13 1.91879845345966e-13 1.62914126633495e-13 1.45627954140082e-13 1.39876998872523e-13 1.33393296408713e-13 1.26276766820865e-13 1.21924692564335e-13 1.18782761404646e-13 1.38533629012727e-13 1.28130839271989e-13 1.43129952334675e-13 1.12843068222901e-13 1.08790754183019e-13 1.16262555138746e-13 1.15651932475203e-13 1.27342580924505e-13 2.61235477694299e-14 1.16640030967119e-13 1.34481314972845e-13 1.33215660724773e-13 2.87816437349875e-12 -9999 -9999 1.75859327100625e-13
5.47206724377247e-13 4.39759340054025e-13 3.64031027544343e-13 6.68576305429269e-14 6.62137011886443e-14 3.74023034765969e-13 3.2192026822031e-13 3.02990965650451e-13 3.01314528883267e-13 3.0714319976255e-13 2.08599804096821e-13 2.01749728034883e-13 2.30149233004795e-13 3.31001892561744e-13 3.3921754294397e-13 2.22899476653993e-13 2.02426964079905e-13 1.56541446472147e-13 2.28761454224014e-13 2.42539321959612e-13 2.3090418466154e-13 1.82254211722466e-13 1.50557344369417e-13 1.48725476378786e-13 1.37823086276967e-13 1.28774768626272e-13 1.25144339335748e-13 1.17150733558447e-13 1.26154642288157e-13 1.33626443243884e-13 1.49891210554642e-13 1.37290179225147e-13 1.05127018201756e-13 1.30762067840351e-13 1.08513198426863e-13 9.45354905468321e-14 8.97615315409439e-14 1.13120623979057e-13 1.21824772492118e-13 1.27220456391797e-13 1.29862787190405e-13 -9999 -9999 1.38866695920115e-13
5.01521046913922e-13 3.81561449103174e-13 3.59545726524857e-13 3.89577259340967e-13 4.6020964816762e-13 3.67683661295359e-13 3.10007575166082e-13 3.22475379732623e-13 2.80409029329576e-13 2.83040257897937e-13 2.54740673000242e-13 2.16793250018554e-13 2.25897078820481e-13 3.62443408619129e-13 4.25448565266606e-13 3.0480062918059e-13 2.26541008174763e-13 1.86728410511705e-13 1.65456537359887e-13 2.45670150889055e-13 2.68662869729042e-13 2.04902761424819e-13 1.67155178587564e-13 1.51656465163796e-13 1.41231470962566e-13 1.34714461808017e-13 1.33737465546346e-13 1.22657439760587e-13 1.22601928609356e-13 1.38622446854697e-13 1.46016532198701e-13 1.47148959683818e-13 1.14308562615406e-13 1.2356782264078e-13 1.02851061001274e-13 1.03383968053095e-13 9.90207915663177e-14 1.0706990849485e-13 1.11533005053843e-13 1.21325172131037e-13 1.36013422746828e-13 -9999 -9999 1.50213175231784e-13
5.03419528286031e-13 4.04287714417251e-13 3.57602836231763e-13 3.56004115076303e-13 4.19220214098459e-13 3.93196586401245e-13 3.12549985892474e-13 3.15070192158373e-13 2.88347123955646e-13 2.77755596300722e-13 2.32969199487343e-13 2.34123831432953e-13 2.14916973106938e-13 2.1600499167107e-13 4.27702318006595e-13 3.52984308449322e-13 2.69895217286376e-13 2.10043094028833e-13 1.74693592924768e-13 1.95365945643289e-13 2.17614815056777e-13 2.05546690779101e-13 1.87339033175249e-13 1.66389124700572e-13 1.47770684577608e-13 1.39988021174986e-13 1.29296573447846e-13 1.23079324509945e-13 1.19071419391048e-13 1.33670852164869e-13 1.4210854715202e-13 1.44828593562352e-13 1.214361944335e-13 1.06947783962141e-13 9.26703158654618e-14 8.72191208145523e-14 9.52793399733309e-14 1.02728936468566e-13 1.14286358154914e-13 1.22513110767386e-13 1.29030119921936e-13 1.35258471090083e-13 -9999 3.02091685000505e-13
5.5051518899063e-13 3.96604971086845e-13 3.55682150399161e-13 3.82849307811739e-13 4.09594580474959e-13 3.91364718410614e-13 3.28015392625502e-13 3.00692803989477e-13 2.67863509151311e-13 2.41762165842374e-13 2.12529993603994e-13 1.89925852822626e-13 1.7599255386358e-13 1.82176496110742e-13 2.5104363032824e-13 3.83770792922178e-13 2.4980018054066e-13 1.46138656731409e-13 3.93702070944357e-11 1.37738709327095e-12 1.77657888400518e-13 1.8401946633162e-13 1.70197189675036e-13 1.79656289844843e-13 1.58129065397361e-13 1.44029232984622e-13 1.35347288932053e-13 1.26709753800469e-13 1.19104726081787e-13 1.15751852547419e-13 1.39133149446025e-13 1.41653355711924e-13 1.17073017946723e-13 1.02862163231521e-13 8.66862137627322e-14 8.40771896548631e-14 9.33808586012219e-14 9.91762227897652e-14 1.06303854607859e-13 1.11999298724186e-13 1.17827969603468e-13 1.25122134875255e-13 2.66289768013905e-11 2.31559216246069e-13
