Maxent_result_files_2/B_portschinsky_3.asc
NCOLS 594 
NROWS 330 
XLLCORNER -15 
YLLCORNER 23 
CELLSIZE 0.166666666666667 
NODATA_value -9999 
[rows 200 to 219 of 330, columns 88 to 131 of 594]
5.22079867254499e-06 6.50597989526602e-06 1.38786049163286e-05 1.50241685554775e-05 7.06080946194509e-06 7.41296671704639e-06 7.31306683205979e-06 7.57560346476005e-07 3.48582220632832e-07 1.84935598079861e-07 1.15816937836799e-06 8.25288499584076e-07 2.76041994906606e-07 3.4370765739089e-07 1.54587953629104e-06 1.84316751887792e-06 5.99288012050891e-06 2.93692609275809e-05 3.14571988269563e-05 2.90678259716515e-05 7.99630321125733e-05 1.41695135880582e-05 1.43999445299414e-05 1.2279066208265e-06 8.64546945322786e-07 5.07532970650537e-08 5.06707488634461e-08 1.38457539433645e-08 3.54598655434302e-06 1.35880171363567e-06 2.6910700781535e-06 3.45565047055185e-06 1.13979999383229e-07 8.3045409493554e-08 1.53297881100301e-07 1.40084125410667e-07 2.69846479241664e-06 0.00186922436114401 0.00245387304748874 0.00271841596404556 0.0561705073341727 0.0264580673770979 0.700989770889282 0.381920805573463
4.94834685893508e-08 2.73192066813088e-07 6.74361519249489e-06 1.09445512006534e-05 8.14398597106525e-06 8.67750076518625e-06 1.91406696303353e-05 7.5940612852321e-06 4.08500399471379e-06 1.77626452192436e-06 2.71211464131227e-06 1.85685768550048e-07 6.02075777733635e-07 6.46156729855463e-07 1.04066146249693e-05 5.61389872302698e-05 2.38770235426955e-05 2.6670178999666e-05 9.5398554321946e-06 7.29835903996445e-06 3.37213691921079e-06 1.29163185969006e-07 2.76577319084481e-05 1.11657510672103e-05 2.41386645569719e-06 2.98662469422339e-08 1.2843082042302e-09 1.26472008984413e-06 4.34892648559781e-09 2.08693008985072e-08 2.90553376485203e-06 1.46484036654959e-06 4.90517352980113e-07 9.93352486933219e-06 9.81339563566053e-07 3.62116893892761e-07 1.35013457438049e-05 0.000423078131973398 1.09396578391596e-06 3.7209927791082e-05 0.0285747800953686 0.202639725804329 0.229304000735283 0.106645110249519
3.87813544611149e-09 8.80837847105909e-10 3.38993355608608e-09 2.38154648246613e-07 8.67627711844676e-06 2.00200682421325e-05 2.1411116468073e-05 1.12838800609083e-05 1.20554513672211e-05 1.37102420198154e-05 8.2814471416448e-06 4.60608962131737e-06 8.3386648046524e-07 1.87814101426653e-06 2.13682084236666e-05 7.69187184005205e-05 0.000116923360974397 6.40483983033846e-05 9.91816739315254e-05 0.000171183286147425 5.77349179309294e-06 2.29109101501646e-07 0.000537504407293454 1.54920231238975e-06 1.28128443743769e-08 6.48913589529343e-10 1.37803509714374e-09 4.57548614596348e-07 3.27135599720307e-09 2.38187505230414e-07 6.83066693751844e-07 1.3494702923178e-05 6.23571586788607e-07 9.00747779530864e-07 5.33591526327371e-05 1.32446866302871e-05 1.38470525087087e-05 5.27961243250274e-05 6.51791969460192e-05 0.00105236881281598 0.00918278878089041 0.158496996760368 0.361783373355865 0.39730615913868
2.43242767927754e-08 9.87271243646504e-09 5.27786517823259e-09 4.51497544196044e-07 8.79463612473152e-06 1.01506704640375e-05 9.97568780167768e-06 9.76766893239223e-06 1.51213592675781e-05 2.0548376187568e-05 2.43288317705037e-05 1.01837349283151e-05 1.94836730438297e-07 3.92927111692032e-06 5.25739147256843e-05 3.469456374674e-05 4.68306817467123e-05 7.22278266493959e-05 1.53472818283262e-05 6.45033040100884e-06 7.55928303533437e-05 2.77548291890639e-05 1.93822276672861e-07 5.61967329337776e-09 3.33791856377275e-09 4.41630298997353e-10 6.53623095270284e-07 7.16122889321547e-08 3.20551721277873e-08 3.35806947249218e-08 1.47785552705448e-06 9.86057509864136e-06 2.76876406333226e-06 8.50496581650262e-06 0.000547884992943182 0.00263441905135551 5.77860778207651e-05 2.63949305839617e-05 0.000175634359078458 3.68799437410416e-05 0.0241554312524386 0.0122197956312448 0.0212179567664862 0.0191124152392149
2.60533540906716e-06 4.32449992234796e-06 5.77101581260564e-06 6.31503416523849e-06 7.28466532393668e-06 8.55505018555469e-06 1.02657512557336e-05 1.19667061612372e-05 1.16873554703911e-05 8.1407559165414e-06 1.17546917598244e-05 1.47507500225519e-05 1.31267360613752e-05 3.27987518835116e-05 1.59253314947705e-05 1.0684458687038e-05 1.40128394603423e-05 5.31895949320571e-06 2.04234635208245e-06 1.06364629188782e-06 3.01866539906825e-06 4.1579373487366e-06 3.54283740236383e-05 4.23384689351991e-07 2.98109678054104e-09 1.29051223041188e-09 1.9647476046103e-08 2.97048165620595e-08 2.55029962370479e-08 6.31925156868718e-07 1.59736450033865e-07 1.17278938547294e-06 1.81888915506967e-07 1.11133430951149e-06 3.37243207124693e-06 2.67362798331838e-06 5.87708667350029e-06 3.15250141054157e-06 0.00026569374476253 4.59500401575497e-05 0.000161700899116113 3.23470413036375e-05 7.48615640056016e-07 1.43604800050268e-06
2.65960684571187e-06 3.23538324817907e-06 3.99672694205711e-06 5.26961451647878e-06 6.15406646720107e-06 7.55420021607556e-06 9.09610284463014e-06 9.96830641106783e-06 1.31664863476821e-05 1.09935630426605e-05 1.51183326545734e-05 2.70449528296801e-06 1.19414913813953e-05 1.45487608843808e-05 1.58098370354187e-05 4.9747619428997e-06 2.50157260586192e-06 2.59793498003091e-07 5.3973653102446e-07 7.01825273452528e-08 3.15605778178352e-09 8.9422195093114e-09 1.17138581342546e-06 1.84528835933673e-07 7.40812127197898e-09 6.52246523458189e-10 6.70266485536253e-08 2.70194123741518e-07 1.61701590641883e-06 1.18623728420086e-06 1.85189826462651e-07 9.75843302719603e-08 3.51468764092644e-08 3.32397036451049e-08 1.9456417003072e-07 7.72087051403858e-08 4.90646627215874e-08 1.12958237463712e-07 1.1252074097301e-05 9.40406683668016e-05 0.000137607057939704 0.00018249807014854 2.14642020814892e-05 0.000134385544708948
1.80791719641693e-06 2.34293170627842e-06 3.10004668611086e-06 3.66768727052547e-06 3.01535537529096e-06 3.23006497877643e-06 8.82184410602171e-06 9.61187548802478e-06 1.09795345729857e-05 4.20343482061547e-06 9.95307848157268e-06 2.66306585519516e-05 1.4265414623793e-05 1.3834310911065e-05 1.18699562165592e-05 3.02714618820588e-06 1.80486923739842e-08 5.56099957194078e-09 1.1927193410699e-08 1.72583147772798e-09 6.01116822984693e-10 1.61525185449207e-09 3.08156700157269e-08 9.59387825627544e-08 1.0237806913338e-08 7.75941685173809e-06 9.82743436239275e-05 9.12136000205121e-06 2.36364570838088e-07 0.000100778661296774 1.37852236253955e-05 6.48914233186693e-06 3.5554758322287e-06 1.86333343199507e-09 1.79192372706805e-07 2.89490606042442e-08 2.01150642809012e-09 3.48721491683079e-09 2.65980627522922e-09 4.39731755785822e-08 1.38983586450703e-07 1.35679441348735e-08 1.25529577843508e-09 5.81940774457834e-09
1.81606669135137e-06 1.44122916534428e-06 2.336701658745e-06 2.2866578301084e-06 5.03374424938308e-06 4.30369209264425e-06 1.74930497758297e-06 2.08713833531604e-06 1.17313933297947e-05 1.9571868995838e-05 2.31780593323627e-05 1.29184468625088e-05 1.30630072289861e-05 1.17348129562433e-05 7.04498462711367e-07 1.35345473717408e-08 4.25696703443279e-09 2.09723980404419e-09 3.11977906841676e-09 3.59733109966953e-09 1.8851787253471e-08 9.28685687795472e-08 1.66675586932286e-07 1.02663710342954e-06 -9999 -9999 -9999 -9999 -9999 -9999 6.09829469310208e-06 3.46679137686046e-07 9.87689348119769e-06 3.91229492186063e-05 3.8711963556981e-08 2.49397986595845e-08 1.1661163923371e-09 2.95147610795965e-09 6.50988088990445e-09 6.90325785424051e-10 1.89646979231739e-09 1.72293043165794e-09 1.05868093580597e-07 -9999
2.96867686799818e-07 4.24950510136135e-06 8.8252080970852e-07 1.70911184385059e-06 5.11020426594566e-06 2.55510088917887e-06 1.6439634207055e-06 1.05795261807762e-06 7.34069844295915e-06 1.11597908557304e-05 1.28370253266175e-05 1.21402130284443e-05 1.46054626664949e-05 1.29608907212919e-05 7.77121364956557e-06 8.42120224431309e-07 1.32526575158387e-07 2.28608518382245e-07 7.27861344973491e-08 9.79276300494547e-08 4.22797357235716e-08 3.38605851162299e-06 -9999 -9999 -9999 -9999 -9999 -9999 -9999 -9999 -9999 -9999 -9999 -9999 1.5960532924808e-05 1.07486839429072e-08 6.48868754282717e-09 7.05530445177516e-10 5.09227744416307e-09 2.29104957227833e-11 1.35630173758727e-11 1.11811663261463e-09 -9999 -9999
5.25434199150077e-08 3.6044901929877e-08 7.17880307776753e-07 9.1487144204816e-08 6.94462554906572e-07 9.53968719019649e-08 1.52979847212187e-07 4.25734384634779e-07 9.81861974602705e-07 1.21081831417902e-06 3.32563869832603e-06 2.34543361412598e-06 4.88829675386882e-06 1.52430130004877e-06 3.20184002644552e-07 6.63167966763467e-08 8.03778221758478e-10 2.5711923701266e-10 9.46773126564437e-10 2.16306379585696e-08 1.4256362617715e-05 -9999 -9999 -9999 -9999 -9999 -9999 -9999 -9999 -9999 -9999 -9999 -9999 -9999 -9999 -9999 -9999 -9999 1.11938549416379e-06 -9999 -9999 -9999 -9999 -9999
0.00235734741436318 3.46666874747825e-05 0.000278309622808592 0.00011891817302967 1.37159794100228e-07 7.55808458152707e-08 2.91295890741949e-08 7.90655385163319e-08 1.55977768723226e-07 1.0599427413549e-08 6.20766983372434e-08 6.8452073898051e-09 9.08115215247918e-09 6.77458241726825e-09 3.31708178702428e-09 5.76697919418834e-09 2.07989461209479e-09 6.36234986917117e-10 3.94250943003271e-10 4.19907781179507e-07 -9999 -9999 -9999 -9999 -9999 -9999 -9999 -9999 -9999 -9999 -9999 -9999 -9999 -9999 -9999 -9999 -9999 -9999 -9999 -9999 -9999 -9999 -9999 -9999
0.00228675130638294 0.0203903091605753 0.019021622557193 0.000431560074503068 0.00512222024844959 7.97638710082538e-05 8.7198148008838e-06 0.00247651060344651 0.00109854351612739 7.61657935072435e-05 1.19458292147101e-05 8.1544462929628e-06 2.69229027303197e-06 1.97765379728043e-07 6.39693446546907e-08 1.06098647312258e-08 2.76912203167612e-09 1.97539923307843e-09 3.09427996558753e-09 3.72883668240398e-06 -9999 -9999 -9999 -9999 -9999 -9999 -9999 -9999 -9999 -9999 -9999 -9999 -9999 -9999 -9999 -9999 -9999 -9999 -9999 -9999 -9999 -9999 -9999 -9999
7.41709500573506e-07 5.03539159666389e-06 0.00012780450470018 0.00273614735051524 0.00622243164107203 0.0173855359200388 0.0106188805541024 0.0428555958904326 0.00333345768158324 0.00293800715880934 0.191821214184165 0.123706768080592 0.0109303988981992 0.0128774020355195 0.00137552689266158 2.53347765095668e-06 4.19888261422585e-06 4.18045542627254e-09 3.93396042408511e-09 2.17566310412032e-08 -9999 -9999 -9999 -9999 -9999 -9999 -9999 -9999 -9999 -9999 -9999 -9999 -9999 -9999 -9999 -9999 -9999 -9999 -9999 -9999 -9999 -9999 -9999 -9999
3.34040684606407e-06 8.21893396718565e-07 8.91680579684362e-07 2.90496210464397e-06 6.56111308728669e-05 4.97706034025214e-05 2.44615474542798e-06 0.00158618854475208 0.000518023090990027 0.000379191467072815 1.34148022425507e-05 0.0038407078711316 0.000685760099440813 0.00246082258672686 0.00304451290285215 0.00253563517471775 1.36549552188114e-05 2.40508106763571e-09 1.85168413935344e-10 1.02658126444055e-10 8.65891573997857e-09 -9999 -9999 -9999 -9999 -9999 -9999 -9999 -9999 -9999 -9999 -9999 -9999 -9999 -9999 -9999 -9999 -9999 -9999 -9999 -9999 -9999 -9999 -9999
2.92167100273133e-06 4.02494979845347e-07 6.40463925449808e-08 5.35774141519063e-07 1.22122102819144e-07 1.40399312670292e-06 0.000155095042838305 6.685543883167e-07 0.000615670333490925 0.000276813950722499 0.000120711646673044 0.0167841853573918 0.000296725783482543 3.62864723868483e-06 1.91983058217549e-07 5.88203995954828e-08 1.94705334077838e-09 1.67017695229532e-09 5.86408455127696e-10 7.36002221390919e-09 1.7015810693799e-08 -9999 -9999 -9999 -9999 -9999 -9999 -9999 -9999 -9999 -9999 -9999 -9999 -9999 -9999 -9999 -9999 -9999 -9999 -9999 -9999 -9999 -9999 -9999
3.61704875251334e-07 1.18597010689836e-07 1.23196231993639e-08 1.93834258643832e-09 1.5025952215808e-08 1.48579689551731e-08 7.34376257666147e-06 6.06393038894426e-06 3.83246228563561e-07 2.46782306423388e-07 1.1733977163253e-07 7.54374754530218e-07 4.9198434193265e-08 3.60142712985123e-08 8.68664857822665e-09 1.31949492554462e-08 5.16160937324983e-09 3.63717511664419e-10 2.48841094396823e-09 9.51772094470726e-10 3.55930414919214e-08 -9999 -9999 -9999 -9999 -9999 -9999 -9999 -9999 -9999 -9999 -9999 -9999 -9999 -9999 -9999 -9999 -9999 -9999 -9999 -9999 -9999 -9999 -9999
1.19324806913124e-07 1.41851617979638e-06 3.14356569508512e-07 3.06483974992222e-06 3.99631176228876e-07 2.59481381637006e-07 6.47675448828267e-08 2.53609203371141e-07 2.69262985630458e-07 1.02253511458095e-07 1.32089640103583e-07 3.20384754814995e-07 1.77119514943591e-08 1.54776655270084e-08 5.64521805967999e-09 1.17414027309692e-06 5.23977883304383e-10 7.6208425126012e-10 2.08474349339127e-08 9.18288822759905e-10 1.34493300940619e-09 -9999 -9999 -9999 -9999 -9999 -9999 -9999 -9999 -9999 -9999 -9999 -9999 -9999 -9999 -9999 -9999 -9999 -9999 -9999 -9999 -9999 -9999 -9999
6.00394940541982e-08 5.33669295199601e-08 5.77936142387436e-08 6.03724075409762e-07 5.29055488684982e-07 8.95090769503781e-07 1.59485802987414e-06 1.04489680082809e-06 2.47121560135177e-06 8.15267887144255e-06 4.29026618542494e-06 1.06861423543325e-07 1.67959646191207e-08 8.90723262703119e-08 3.64983008482866e-08 7.81008880901268e-09 1.23824124287353e-09 3.19304183094005e-10 2.31149566154443e-09 4.8203538394187e-08 -9999 -9999 -9999 -9999 -9999 -9999 -9999 -9999 -9999 -9999 -9999 -9999 -9999 -9999 -9999 -9999 -9999 -9999 -9999 -9999 -9999 -9999 -9999 -9999
5.5340779159252e-08 1.66816617186427e-08 1.83480843873873e-07 4.33129451860026e-08 3.57353173152664e-07 7.08019276374205e-07 4.98496632728163e-07 2.26854565167356e-06 7.54507415995365e-06 4.4374862972818e-06 7.48292566177255e-07 4.28918562223046e-08 1.4023150096687e-08 1.18789423853016e-08 5.04490284902737e-07 6.99578400764622e-09 2.60189167100577e-08 -9999 -9999 -9999 -9999 -9999 -9999 -9999 -9999 -9999 -9999 -9999 -9999 -9999 -9999 -9999 -9999 -9999 -9999 -9999 -9999 -9999 -9999 -9999 -9999 -9999 -9999 -9999
1.81929874054632e-08 3.04962577080126e-08 1.11919427059348e-09 2.03345554838918e-09 3.26314294252228e-08 9.64101049438781e-08 4.63504601477815e-08 8.24853673475623e-08 1.47012609086339e-08 9.27035476272486e-08 2.6781865725134e-09 3.95655637031034e-08 8.47831304939817e-08 1.10753500814909e-09 1.72686497701413e-07 -9999 -9999 -9999 -9999 -9999 -9999 -9999 -9999 -9999 -9999 -9999 -9999 -9999 -9999 -9999 -9999 -9999 -9999 -9999 -9999 -9999 -9999 -9999 -9999 -9999 -9999 -9999 -9999 -9999
