Maxent_result_files_2/B_pomorum_2.asc
NCOLS 594 
NROWS 330 
XLLCORNER -15 
YLLCORNER 23 
CELLSIZE 0.166666666666667 
NODATA_value -9999 
[rows 180 to 199 of 330, columns 506 to 551 of 594]
7.10045844925844e-05 7.3661705152972e-05 8.26464508463687e-05 9.98968513385989e-05 0.000126489962212872 0.000163825464755973 0.000191526483945381 0.000211717536285505 0.000226117821739535 0.000256514426428112 0.000270414875694769 0.000274177877145121 0.00030727681451026 0.000470219130147598 0.000649835881085892 0.00067367893680057 0.000901187167619355 0.000630758308216173 0.000876559860626003 0.00092450382107927 0.00091752901316795 0.000637901996742585 0.000643848643449019 0.000490581778012711 0.000248311789891886 0.000154385580685812 0.000113762862133626 0.000115322427484443 0.000229812916768424 0.000154136107971681 0.00014170714073316 0.000292415440844707 0.000428746438956296 0.000330103453006814 0.000346572997477779 0.000268971386276462 0.000195170349729779 0.000221715387351651 0.000144756815416258 0.000130797410065497 0.000222454058894073 0.00020615744456336 0.000335178242130496 0.000333492931531509 0.000500390944034734 0.000473060441072448
7.29267453777993e-05 7.61646328157894e-05 8.39690769566914e-05 9.54962186142438e-05 0.000120996991358879 0.000158114329497039 0.000195337863010536 0.000218433474719859 0.000251160164452813 0.00025610702123231 0.000271804414569488 0.000286240914192604 0.000287801925287567 0.000331475629809574 0.000368582669216266 0.000401963023159624 0.000474245858367794 0.000551463913689076 0.000803134536545258 0.000638803599576931 0.000563176090327033 0.000574088586472499 0.000696431016331189 0.000413786980425357 0.000351782966845349 0.000280303531417303 0.000164104232476348 0.00012449983175884 9.28970715904143e-05 0.000107995574956021 0.000155019640510545 0.000291843894319754 0.000300926277623148 0.000277163797500179 0.000380607476381556 0.000182859159303916 0.000127882482593122 0.000117253269047524 0.000127277826436512 0.000239052380220528 0.000208900839515991 0.000174975458890003 0.000199047379101103 0.000235454391622625 0.00031379096699311 0.000557992706308141
7.46448635936758e-05 8.36548138750004e-05 9.10335664798367e-05 0.00010000955844589 0.000115788278492346 0.000137584648587108 0.000164964731402506 0.000196487107905341 0.000240312255164099 0.000214342359549846 0.000245147823397929 0.000316239143012353 0.000311144320858148 0.000320658199234458 0.000420510614185332 0.00049426655696152 0.000386431633796747 0.000426169799084164 0.000500018533875846 0.000350942184195446 0.000352175167972746 0.000317477929274901 0.000364840072506922 0.000222523534876018 0.000181222700825856 0.000159332072712459 0.000163877633667653 0.000115708427267691 8.01686516410882e-05 9.51988354472633e-05 0.000104204034414579 0.000158578533410036 0.000195928022617409 0.000175530372348476 0.000233166344105484 0.000162842473423552 0.000135191030153692 9.67230356422988e-05 0.000126234710296558 0.000187712372053284 0.000180152281518531 0.000154009429320467 0.00018513042991799 0.000236404144470725 0.000298186384679866 0.000358136838258361
7.59565097041559e-05 8.4141384263603e-05 9.32513556222148e-05 0.000104217341254298 0.000111362280506455 0.000122421059677436 0.000143617946355334 0.000170455848001438 0.000179454210774566 0.000191057455731425 0.000212831591898066 0.00024370356518375 0.000282453611680467 0.000335829426603595 0.000354662757763435 0.000379897508719296 0.000288004168533007 0.00030701080563631 0.000293275564536089 0.000287481423765712 0.000304420543352535 0.000204184737731339 0.000201709911380021 0.000222516006670048 0.000207438787970204 0.000133597824242315 0.000154432775457281 0.000131152272706458 0.000127368422181462 0.00010310407394627 0.000140824704089937 0.000210736647113663 0.000289882180913992 0.000183200244509862 0.000140365538914011 0.000133313858827933 0.000106336098428983 9.50671572923056e-05 0.000146305935732016 0.000182172602444552 0.000168170934239242 0.000137469944002078 0.000191694692239253 0.000240085226505471 0.000289491542207543 0.000383674965451064
7.5626218239222e-05 8.53492449095938e-05 9.28991355976905e-05 9.87534669775414e-05 0.000106707066549916 0.000118187765247058 0.000137133865632677 0.000163992163265902 0.000186068620223523 0.000193535269909262 0.000204538325897374 0.000215732714741534 0.000234209734571778 0.000235258907923708 0.000218402673954188 0.000208355625454715 0.000209828803735945 0.000255815384934976 0.000243529976705759 0.000368023699229525 0.000361897069615225 0.000200883327738666 0.000154055762027383 0.000169037417072104 0.000141034216721891 0.000112315977878552 0.000131269159987824 0.000114015565691261 9.05380064068595e-05 9.47663237752749e-05 0.000120991171581863 0.000160390574956182 0.000148114860235182 0.000132086135192822 0.000108026335760769 0.000124746827884792 9.64437056723e-05 0.000106346138056779 0.000136912412813217 0.000141554951051148 0.000126399775581376 0.000155252821014074 0.000245943571462703 0.000274353203349165 0.000246042937669699 0.00024868197970136
8.13265057558965e-05 9.0288456340204e-05 9.68993660421802e-05 0.000101777056920582 0.000109943915879285 0.000118342248424597 0.000134532368269902 0.000160607172097116 0.000188277886536525 0.000205008548618935 0.000193159315585945 0.000178036165789308 0.000157761849914095 0.000162829885016436 0.00015673822822464 0.000171456219027277 0.000176406107061666 0.000178857866035287 0.000199982613344218 0.000284079037055562 0.000307160546617524 0.000173927391665529 0.000152435980476184 0.000134599411103409 0.00011320400619752 0.000122252548203505 0.000108096240671784 9.82162810487353e-05 0.000102309411397528 9.38891102578054e-05 0.00010527480141036 0.000113795085133006 0.000116084011165185 0.000101573654922049 9.51748122474783e-05 0.000100753467495451 8.57706606325337e-05 0.000111453489262203 0.000112219542859293 0.000108033770686689 0.000107132609718974 0.000169391073131919 0.000236281960496854 0.000227255016488925 0.000206353862722608 0.00021378610094871
8.76917215236972e-05 9.59392555500926e-05 0.000106270585536095 0.000110636742522274 0.000130581911753325 0.000130562968433878 0.000134401941204487 0.000148719936646557 0.000159648420685699 0.000168453244555167 0.000165482536681338 0.000143347368589275 0.000138875525658477 0.000148025358134873 0.000151519425685365 0.000152525659473213 0.000147618977666752 0.000147921564825992 0.000154703696784964 0.000175902284786389 0.000183179180135085 0.000152596196267041 0.000140299749818951 0.000121963903222877 0.000111875281743323 0.000109842993447273 0.000106809824444554 0.000103114449370878 0.000100122292326432 8.14837184861972e-05 9.13919170386635e-05 9.94586407614406e-05 8.95513905334155e-05 2.4061749172799e-06 8.75195305525267e-05 7.4734810272048e-05 7.8711929131714e-05 8.37803013382654e-05 9.52942577896465e-05 0.000112904189074925 0.000146093781086165 0.000178412734589983 0.000191672670871412 0.000155158214761286 0.00017226577706424 0.000231626074446467
9.56251098841676e-05 0.00010243282290503 0.000110941778120832 0.000117164328605668 0.000131999195127719 0.000145564213403304 0.000151750834447739 0.00015756882023652 0.000164463137821258 0.000152116599451801 0.00014116231106982 0.000128731820927896 0.000150215385792762 0.000164921771806803 0.000191301443214797 0.000176717272665883 0.000162822105835403 0.000154982040021423 0.000157502291517631 0.000152222371093558 0.000136927543189813 0.000122945361476923 0.000116833537185812 0.000113174226794399 0.000112997512769653 9.38209670266588e-05 9.66142911124734e-05 9.37460770956022e-05 8.70407441254883e-05 7.77576531106661e-05 8.57295258299473e-05 1.9954692106805e-06 2.58651871264393e-06 3.00662095470416e-06 1.1081806951585e-05 5.22779388745676e-05 1.40267228587732e-05 4.05129439969842e-06 1.56408092153115e-05 3.8164285797504e-06 4.98615390825963e-06 1.07002219011165e-05 2.07608500205625e-06 6.75749524819969e-06 0.000170130141759728 0.000191159636915472
0.000107230335106578 0.000109212984989426 0.000115287274843467 0.000123060185683244 0.000133956229910837 0.000134594360224582 0.000143313437979486 0.000151453503167431 0.000153127536623288 0.000134873130809865 0.000124082686693328 0.000145856013318735 0.000154652385822374 0.000159968152752299 0.00015388409501611 0.00014346945251873 0.000143084905539581 0.000143311473766516 0.000152290137998534 0.000148674832598772 0.000126668632549354 0.000125483235001411 0.000115402898973116 0.000100915823634296 9.72052881138552e-05 9.13963659058936e-05 9.48286807101795e-05 7.96029821856337e-05 8.24309912729859e-05 3.84890172427932e-06 1.81002169483691e-06 4.29946194345776e-06 0.0003316120652471 0.000312595222112577 0.000290529060225708 1.59888615598902e-05 1.63188249190371e-06 5.43401865800153e-06 5.11309408469662e-06 4.32212946182009e-06 4.56354500786294e-06 3.95247298002888e-06 3.1146987748909e-05 1.69276623638193e-05 3.24647580783877e-06 2.92332615573487e-06
0.000115580260978732 0.000124513095590828 0.000133859230413691 0.000143167143642131 0.000146076205714962 0.000143218720768346 0.000134285965850722 0.000134156169315247 0.000131961572265027 0.000135374194542237 0.00014130284116618 0.000142684167349216 0.000136158205850734 0.000133625469584331 0.000135493718971702 0.00013270829533667 0.000143205206541097 0.000145649060232245 0.000148976658533684 0.000136812930304586 0.000121652264851946 0.00011082692706168 0.000102265232305854 9.13431172875789e-05 8.73427913234082e-05 8.7030550810141e-05 8.45187648735646e-05 4.807884215563e-06 1.98497227756889e-06 3.43652100128766e-06 0.00033562995668035 0.000329019171704203 0.000316687052418274 2.93402245007401e-06 1.27199911730935e-05 2.62956928055447e-06 3.11653811878587e-06 5.17393755217199e-07 1.31981181766938e-05 1.91943940991424e-06 0.000113728792325674 1.09411175800433e-06 2.63680267381661e-06 0.000118973207008821 2.11951220991047e-05 1.10179680633093e-05
0.00014134295988697 0.000147129104504984 0.000152064798430729 0.000154205299850219 0.000150310235585494 0.000155736539750251 0.000149588473232143 0.000136593326203638 0.000141102843122098 0.000144376887215003 0.00013722398803111 0.000127569139181105 0.000129881456382464 0.000139894928838658 0.000152615984757176 0.000142766220369595 0.000149730531484238 0.000140919840350762 0.000132345575252657 0.000129054026626818 0.000130424585768196 0.000132378788225651 0.000109770275025767 9.56138021820152e-05 8.95396552891725e-05 8.17472347080184e-05 2.27047257795876e-06 1.28726619550434e-06 3.11285484714263e-06 0.00034175357636741 0.000336029306481578 0.00031880612095847 3.82488051401397e-06 9.59311500992044e-07 3.38059026036008e-06 7.91219856296266e-05 1.12238894871552e-06 2.89315830742654e-06 9.15952130412734e-05 1.54016605513618e-06 9.44442676775736e-07 1.24554242528774e-06 1.37722682254093e-06 4.16365933944007e-06 1.57399105091827e-05 3.63474202117686e-05
0.000148529194871116 0.000143172131868141 0.000152259880053407 0.000152727224644877 0.000152770472755037 0.000158408054517167 0.000163690097588187 0.00015876061183917 0.000146524027991291 0.000141162035242814 0.000142101805090533 0.000138998370357513 0.00015124208925954 0.000155387498762138 0.000157732226557528 0.0001687065814167 0.000157526365137528 0.000131383377174643 0.000128744629932953 0.000127205616115589 0.000116804434969708 0.000111325278237473 0.000109884233393132 9.69629609130607e-05 9.25050734736033e-05 1.34058136609383e-06 5.91349999015112e-06 5.42962559848981e-05 0.000341502453920839 8.38725118231798e-06 8.63192653928202e-06 0.000160675542713307 6.67388376316302e-05 8.45043482740948e-05 8.04281580258248e-05 6.92332941982787e-06 1.1762038411689e-06 1.26733693832648e-06 5.97341240793359e-06 0.000105017734426838 1.91274638190464e-06 2.35559240877592e-06 0.00012455718331239 1.55845640563257e-05 0.000147549249959411 0.000159103872510968
0.000139134052551526 0.000140349852961208 0.000139167182601341 0.000138198078082041 0.000142150947999653 0.000147892109703207 0.000164987784978621 0.000162828048087249 0.00015667320715238 0.000165798895704938 0.000172178664774947 0.000169043338655683 0.000150739078026163 2.44971910433933e-05 0.000162481296729311 0.000165916209812167 0.000152800532396213 0.000136577766147639 0.000132578916418424 0.000132737603371424 0.000120001682830662 0.000109685809150051 0.000102736324470243 1.63228956808203e-05 9.41891938396111e-05 1.40059160003148e-06 5.695634536107e-06 0.000336535622273004 0.000323764365521129 1.78852637874316e-06 1.81729701581035e-05 2.65347152891282e-06 8.26442655011306e-05 8.23172954596885e-05 8.44403564997265e-05 1.43739693158174e-05 8.05757772471827e-06 2.13950079342995e-06 1.39521530400089e-06 0.000120549846769791 0.000129236257066623 0.000131734091360158 2.27713941910679e-05 5.17079242513319e-05 0.000163483768665174 0.000182309662250191
0.000140838189361148 0.000144178666130301 0.00014475531397693 0.000141015954341128 0.000138312476826741 0.00014790245520544 0.00016973775243514 0.000187424832915895 0.000206531202002225 0.000206146077812264 0.000193535663947841 0.000179959589354439 0.000163068252641096 0.000164350301338345 0.000162500342344174 0.000161512634554128 0.00014629639042596 0.000143288360709448 0.000147014701883563 0.00015325300907989 0.000138375240521782 0.000122609343486602 0.000115312159164205 0.000106867189708737 1.86239914910735e-05 4.12031695306014e-06 0.000391229493743595 0.000358336137060178 0.000343510583388706 1.28720628254086e-06 9.15316354621609e-07 7.11922891269978e-06 0.000161737339703905 1.14247050220229e-05 0.000101252722015488 0.000107088947981993 1.78752452484887e-05 7.19135423427053e-06 3.4661844438455e-06 0.000141413183337136 0.000151097380376086 0.00016100584148262 0.000170044539800074 0.00018214527804048 0.000194862501666648 0.000210515902108455
0.000124648410098871 0.000127420066496597 0.000138130312552676 0.000136040870677334 0.00013391892390473 0.000146361594920563 0.000172322696266747 0.000197581890915899 0.000197504566563111 0.00020456765007566 0.000200232964016323 0.00018341297961797 0.000167268094787687 0.00017658755850789 0.000168725634011935 0.000194765978380929 0.000182597363914283 0.000176926311269199 0.00016283319807826 0.000157642206818309 0.000146485234085958 0.000138614403385873 0.000127405979765172 0.000119633867598168 2.02380297196214e-06 2.9790315602507e-05 4.96566644870744e-05 0.000402575839734709 2.51556455623914e-05 3.1450286769652e-06 2.76930928677643e-06 6.10057938217778e-05 6.50412546974621e-05 0.000151354050262853 4.58385243064186e-05 0.000130542324609451 0.00013302389729688 0.000139397865609681 1.69179453224144e-05 0.000164681649903287 0.000180229392844922 0.000182539504476154 0.000189246861373249 0.000202242218892934 0.000217839777178597 0.000238143771457544
0.000126450318680327 0.000127071206838991 0.000131847107195426 0.00013272579437853 0.000143397511851617 0.000147265802957008 0.000156294655971578 0.000174733725111764 0.000197071336310728 0.000202286074113545 0.000200846070288208 0.000201182203704775 0.000186781746992892 0.000204273396593635 0.000214307911619471 0.000215517062997606 0.000202094729093005 0.000198073508136076 0.00019730901915409 0.000204524490027325 0.000170919423840132 0.000151991678512786 0.000140320527907534 0.00014233651147606 0.000133283770901471 3.23841677528636e-06 2.5587414711592e-06 5.26050844201764e-06 3.64241306671009e-05 2.03237764254682e-06 8.32426642176642e-06 1.5429533809197e-05 0.000263034135741691 0.000136707710839801 0.000163680700825353 0.000191724710703056 0.000165856897774574 0.00016610064908491 2.14095207412557e-06 3.10036513839207e-05 0.000210229906588211 0.000220892712877685 0.000216592335527821 0.000226414501139516 0.000240992919134442 0.000256303818514425
0.00010487396333474 0.000108194463291511 0.00010428163357119 0.000106967794908996 0.000112343537489323 0.00011509616344938 0.000126050022026902 0.000137187896984869 0.000152147128665092 0.000173307100567399 0.000196003957216817 0.000228017230892874 0.000230300655675819 0.000235967194930708 0.00024580019885434 0.000255793038832053 0.000269961831008914 0.00028411938969839 0.00027148977815159 0.000236045148267294 0.000236329803919944 0.000201425009163358 0.000188459207765845 0.000173741281923867 0.00016915954884098 0.000152417980143582 3.15083316310139e-06 3.50389591404765e-06 6.04042634225754e-06 5.58747309007401e-06 0.000141540069830626 0.000177143925679957 0.000288101014666609 2.15691846790378e-05 0.000408026817603968 0.000259717819153593 0.00025226988718714 0.000227235101647238 0.000234590923355427 0.000240559038775245 0.000259320577970357 0.000276289624616766 0.000272204898647033 0.000271175065063289 0.000279349585616728 0.000284418047885993
8.29650836749352e-05 9.16212196784727e-05 9.13286469085506e-05 8.47661954253454e-05 9.68530046748128e-05 9.60122630772275e-05 1.61145049787814e-05 0.000107829947637583 0.000123137500827397 0.000131242451334401 0.000140755959228045 0.000150045874488569 0.000174061418829297 0.000220023267388569 0.000226386499116416 0.00022862201017233 0.000237071489118534 0.000243848889795117 0.000292619319679943 0.00033339993115078 0.000308809951366129 0.000237572508467565 0.00024498918601239 0.000231453113519819 0.000214555128468419 0.000197750479128445 0.000192086445122186 0.000182240654748966 5.61455799473753e-06 1.6739688362688e-06 0.000228234948372119 0.000263887361415982 0.000297576108459907 0.00035725425086639 0.000432536208245438 0.000999251597022521 0.000565279464899504 0.000391251997098152 0.000340693604812259 0.00034919792378787 0.00105549855798017 0.000419045306989574 0.000354958902244107 0.000326290763405268 0.000316273123280553 0.000323136567567417
6.57103172898132e-05 6.74753921316551e-05 7.08176725197518e-05 7.27124122704481e-05 7.56126317241978e-05 0.000115998838100495 4.69321457786109e-05 0.000293819109970173 0.000111209377075738 0.000373320950166089 0.000133909349574424 0.000128853948854157 0.000148324715837589 0.000151066399416777 0.000171191177628316 0.000186352284640634 0.000192524273393246 0.0002137025513548 0.000241217538405181 0.000264807769690378 0.000308956759818102 0.000392312324856903 0.000360824313884223 0.000319604605920176 0.000281023556635773 0.000268606880945299 0.000250930346373934 0.000237085618891797 1.18528332678336e-05 2.32338861679837e-06 1.78424397745403e-06 4.37065740699349e-05 0.000281088241172256 0.000311106309436582 0.0003966841413785 0.000428084295890585 0.000440215660091781 0.000447031671683362 0.000517957703050342 0.000555374515533913 0.000522343923512381 0.00248282997490605 0.000481070844762144 0.000406027034114231 0.000360411309156916 0.000394604968823842
4.74603591783307e-05 5.31979286108708e-05 6.2123810664616e-05 6.82676718213315e-05 6.70015453238193e-05 7.31954601974394e-05 7.59572192350788e-05 8.67048896907363e-05 8.93795763204253e-05 9.07112695472279e-05 0.000102606763311996 0.000395601177069693 0.000134079414738153 0.000146417687597022 0.000179510994485099 0.000209775470420936 0.000205502249400524 4.30764810062101e-05 0.00023014425846668 3.28985288434724e-06 3.3637581509649e-06 1.95935630472932e-05 0.000614656564539473 0.000479313912182988 0.00036908944730385 0.000347567198969045 0.000312856829623342 0.000116348663573262 0.000312375702378631 7.88322935022734e-05 4.50518746222261e-06 3.89277833166224e-05 3.55207535905344e-05 0.000319236280483892 0.000337954546557739 0.000363080099123181 0.000396481871030119 0.000438145321277261 0.00048823507167981 0.000530981065458036 0.000631278391665546 0.000126559291788908 0.000708700397080975 0.00191960168958758 0.000408948120093555 0.00049853867458296
