Maxent_result_files_2/B_portschinsky_3.asc
NCOLS 594 
NROWS 330 
XLLCORNER -15 
YLLCORNER 23 
CELLSIZE 0.166666666666667 
NODATA_value -9999 
[rows 80 to 99 of 330, columns 176 to 219 of 594]
2.18604234873965e-06 1.19042581445683e-06 3.33270166379407e-06 3.41717065111879e-05 0.000297940819109499 1.23622059049922e-05 0.000126472958936574 6.25599564614276e-06 2.90950907881893e-06 3.84118754368501e-06 0.000584367503688554 0.00144233613091274 3.38355062240225e-05 9.74005375780962e-05 1.25094680640814e-05 1.30121497932123e-05 5.03942075965824e-05 2.53777589236393e-06 3.92680360334907e-05 0.000302583144593882 0.0135149514768273 0.00024891535849747 0.00125307316338876 9.9045591923641e-05 0.000575918119284324 0.000733175918867346 0.000856887700501829 0.000896341721090721 0.000831168936565518 0.000795734942948911 0.000648178107803687 0.000401270761358319 0.00079221904015867 0.00110238299967023 0.000270672315309639 0.000964608360663988 0.00143610918312334 0.000496997825393919 0.0148148401640356 0.00445220475667156 0.00483303894870915 0.00483490207698196 -9999 -9999
4.4972720752412e-05 0.000110469517630918 4.14591209846549e-05 8.18791040302358e-06 0.000141828649339004 0.000128919615508494 5.27934810861552e-05 8.76341839102679e-05 1.03785430383141e-05 6.6932006211573e-05 0.00505648304097122 1.37028267147343e-05 9.45746385696111e-05 0.000262464409843233 5.90123363053863e-05 0.00103252215121756 0.000334316584121552 0.000238491319396417 7.01633195149043e-05 0.000227717000780103 0.000174817316565168 0.000182776371366344 0.00244961973803584 6.2969907594379e-05 0.000708834090619348 0.00071343686140608 0.000693373469403014 0.000543090071005281 0.000555670161702437 0.00103275511646643 0.000538890910684131 0.000372634830273455 0.000426867438363843 0.000425202502083266 0.00145837233576458 0.000929395010462031 0.0421843969263136 0.00384186818264425 0.00243297120905481 0.0127773091662675 0.00351378741906956 0.0172976900823414 0.000718415896699298 -9999
1.01560070930873e-06 1.72725792779715e-06 9.60086218242395e-06 0.000257759024498228 0.0147532077040523 0.00411232460901374 0.000116090736264596 0.000271068638357974 0.00281763371021952 0.00106761407932936 0.000264901746595569 0.00020234224593878 0.00021729343025072 7.99803492100182e-05 0.000301872887212085 0.000555327771871816 0.000508019659901038 0.00174728741840227 0.000146496989509615 0.000361619046452688 0.000927168049383909 0.000450599981559208 0.00050620406109374 0.000617227776092477 0.00121659112337511 0.000510751346882898 0.000778250511211809 0.00056502184306737 0.000819495545874815 0.000793571192480158 0.000581453087215777 0.000513543012493756 0.00127688069478609 0.000976477965014055 0.00119701159419492 0.0011923181504244 0.00150371034687851 0.00345493266358972 0.00326150764594786 0.012404043180868 0.00658897154498845 -9999 -9999 -9999
2.04067941922403e-06 1.8366566507666e-06 2.70654826692862e-06 5.07187169489498e-06 9.94514064416307e-06 0.000625130268599605 0.00628899211296812 0.000253485497523798 0.00393799382145517 0.0101883698720485 0.00110938702418935 0.000502644301741384 0.000580722129961941 0.000478245058911853 0.000813482089142781 7.6587027797359e-05 0.00074676548683783 0.00041464234891464 0.00103978130209725 0.00129194403416477 0.000857286964310333 0.000915940591949038 0.000114508992919582 0.000404652293946128 0.0142978863616008 0.000668382980802562 0.00114092897856608 0.00185895339236595 0.00296388497808948 0.000983137235743925 0.00110689351567999 0.00127640351420268 0.00103227846848313 0.00074958162731491 0.00899997705128044 0.00223342069657519 0.00203302219742909 0.00180715082387906 0.0021419154596515 0.000274320031894604 -9999 -9999 -9999 -9999
0.00148033773730276 1.14124449197561e-05 1.52721933403654e-05 5.89063059521777e-06 4.48215027518017e-05 4.13627351917967e-05 0.00572742254007608 0.000549969450366916 6.70242186970427e-05 0.00180422460252885 0.00128875326481648 0.00142878047190607 0.00101758420350961 0.000845371696050279 0.000748480530455708 0.000634406281460542 0.000442702198051847 0.0134861589584034 0.00123248277523089 0.000122708439812413 0.000805487731122412 0.00278857505181804 0.00101403221779037 0.000958105156314559 0.00107507850334514 0.0011709806334693 0.00119070737855509 0.000997895840555429 0.00125472314539365 0.00124837956682313 0.00228892900631763 0.000689915346447378 0.00196988357929513 0.00148771510866936 0.00615464635193348 0.0468314806930721 0.00199603565270081 0.00115786470705643 0.00231366062071174 -9999 -9999 -9999 -9999 -9999
1.58715096631568e-05 0.00431771234725602 0.000567011747625656 8.26392033559387e-05 0.000267420163618226 2.34649320645985e-05 5.78684273477847e-06 0.00865302325692028 0.0117555173346773 0.000357544150028843 0.000711268704617396 0.00145638223621063 0.001270819696947 0.000966772937681526 0.00641325592296198 0.0201369646005332 0.000942183633742388 0.000805457327805925 0.00113063074677484 0.000385207516956143 0.000788424781057984 0.00102004548825789 0.000841154917725362 0.00116388868627837 0.00179763994528912 0.00183508908667136 0.00635909435804933 0.00773803952615708 0.00165182177443057 0.00222308319644071 0.0022528087196406 0.00149301597266458 0.00227679123054259 0.00321521149016917 0.00188231682404876 0.436718735098839 0.00301149951992556 -9999 -9999 -9999 -9999 -9999 -9999 -9999
9.44105446251342e-05 0.000118913393089315 0.00276168951531872 2.67547122348333e-05 0.000141379897104343 8.45220383780543e-06 0.000205462137273571 0.000458701253228355 0.00255032994318753 0.0013973968103528 0.0450643869116902 0.0589945985935628 0.00261184963164851 0.0012445157248294 0.0011735976106138 0.00385700882179663 0.0168794028460979 0.00186081824358553 0.00518022980540991 0.0124142569489777 0.00105073067534249 0.0054703337023966 0.000772166365641169 0.000976633079699241 0.00274864957900718 0.00243199605029076 0.00307160062948242 0.00538534421939403 0.00544900163076818 0.00265771262347698 0.00143031045445241 0.00320637553813867 0.00339498784160241 -9999 -9999 -9999 -9999 -9999 -9999 -9999 -9999 -9999 -9999 -9999
0.000278169456214528 6.34084716693906e-05 0.000169330621429253 1.97034072698443e-05 4.01949017032166e-05 1.81535506271757e-05 0.00498584054876119 0.000998603631160222 0.00204888241714798 0.00154875226435252 0.000439436572196428 0.00100189687218517 0.00554814357310534 0.00074927872774424 0.00168480463617016 0.00181945253279991 0.00333276318851858 0.00562023348174989 0.00488391000544652 0.0065249435021542 0.00591593958670273 0.00301828546216711 0.00229337436612695 0.00184958253521472 0.00214540508459322 0.0035050357808359 0.00164599411073141 0.00470452555455267 0.00237060752697289 0.00202556101139635 -9999 -9999 -9999 -9999 -9999 -9999 -9999 -9999 -9999 -9999 -9999 -9999 -9999 -9999
0.00120463786297478 0.00774426404386759 0.000988306813815143 3.5332811603439e-05 0.00131963014719076 0.00111258436809294 0.00185943370452151 0.000509590085130185 0.00235181233147159 0.00363333971472457 0.00146584348403849 0.00125922135775909 0.00160669161123224 0.000577749816875439 0.00610719749238342 0.000898503381176852 0.00337398039409891 0.000517372156900819 0.00414592397864908 0.00221795451943763 0.00581341488286853 0.00607821402372792 0.0245931803248823 0.00050260330317542 0.00055887118796818 0.00475148861296475 0.0807321016676724 0.00902700047008693 -9999 -9999 -9999 -9999 -9999 -9999 -9999 -9999 -9999 -9999 -9999 -9999 -9999 0.000392471261147875 -9999 -9999
0.00135421725572087 3.13402999466916e-05 0.000450672477381886 9.46781904431759e-07 0.000155969072511652 0.00254163759527728 0.000867610948625952 0.00142354915151373 0.0014214156253729 0.153874517977238 0.00922737037763 0.00025200913878507 6.13252215771354e-05 0.000505050653009675 0.00985212929081172 0.00119051107030828 0.00725990919163451 0.000947545672534034 0.00153154560248367 0.000534443228389136 0.0256092413561419 0.00711922664195299 0.00196369919576682 0.000427015834429767 0.0349234174005687 -9999 -9999 -9999 -9999 -9999 -9999 -9999 -9999 -9999 -9999 -9999 -9999 -9999 -9999 -9999 -9999 -9999 -9999 0.00963042296934873
0.00105889993719757 0.000585285641864175 3.9614146862732e-05 0.000305293077690294 0.00147296902141534 0.00728494555223733 0.00177623011986725 0.0189910618122667 0.000906398647930473 0.00152293442515656 0.00172620319062844 0.000212082439611549 0.00155689715757035 0.000722049610340036 0.00188296215492301 0.00255699043627828 0.014655876904726 0.00466384075116366 0.00129295506048948 0.00382298121694475 0.00580157523509115 0.00195040837861598 0.016503778193146 0.00102396995935123 0.00184376573306508 -9999 -9999 -9999 -9999 -9999 -9999 -9999 -9999 -9999 -9999 -9999 -9999 -9999 -9999 -9999 -9999 -9999 0.000376104978204239 4.64358881430371e-05
0.000339582137166872 0.00561122230719775 0.0019091168011073 0.00479999652598053 0.000538909912575036 0.00646556760184467 0.0134895755443722 0.00401143216295168 0.00374397818814032 0.00233401971054263 0.0032114778412506 0.0023700334597379 0.0350712701212615 0.00032552555348957 0.000227283178537618 0.00616590457502753 0.0036492979619652 0.0198132251854986 0.00203584943665192 0.000893885418190621 0.00194323705509305 0.0319994260556996 0.0588696053251624 -9999 -9999 -9999 -9999 -9999 -9999 -9999 -9999 -9999 -9999 -9999 -9999 -9999 -9999 -9999 -9999 -9999 -9999 1.97928681631154e-06 1.28211349739171e-06 3.69815100690118e-05
2.46485083152947e-05 0.000260594034625683 0.000133714151888853 0.00100728123798035 0.00395199563354254 0.00530654503963888 0.00121060171513818 0.000280534954799805 9.72271145656123e-05 0.000800039753085002 0.00119351744069718 0.000703511488973163 0.00728333132574335 0.000618990515067708 0.0390858069527894 0.000679380269139074 0.00289317773422226 0.0124183184001595 0.0115705038420856 0.00037454342818819 0.000109567826984858 0.0154895525425673 -9999 -9999 -9999 -9999 -9999 -9999 -9999 -9999 -9999 -9999 -9999 -9999 -9999 -9999 -9999 -9999 -9999 -9999 -9999 6.73459249687092e-06 0.000157236605627986 3.69688856494577e-05
0.0010228796658339 0.00137348222197033 0.00239027673378587 0.00219097493682057 0.00097180787124671 0.00942537495866418 0.0137128751026466 0.0018280599382706 0.000567968803807162 8.06951381491672e-05 3.9857882893557e-05 0.000360439744690666 2.28107096688746e-05 0.000332268174224737 0.00275336549093481 0.000145142609835602 0.000148772156171617 0.000270585709949955 0.0417173536494374 -9999 -9999 -9999 -9999 -9999 -9999 -9999 -9999 -9999 -9999 -9999 -9999 -9999 -9999 -9999 -9999 -9999 -9999 -9999 -9999 -9999 -9999 0.00605998197570443 1.91511422912072e-05 1.17369162556002e-05
0.00129629828879843 0.0737859107553959 0.000610233918996528 0.0015975708141923 0.00738892122171819 0.000318552854150766 0.000899866595864296 0.000852756609674543 0.00200710722128861 0.00633750525303185 0.0073043224401772 0.000224394399992889 0.000408852823602501 0.000446707790251821 0.000306484535394702 0.000563245597004425 0.00152849030855577 0.000100358294139369 0.00168173746496905 -9999 -9999 -9999 -9999 -9999 -9999 -9999 -9999 -9999 -9999 -9999 -9999 -9999 -9999 -9999 -9999 -9999 -9999 -9999 -9999 -9999 -9999 -9999 0.0021216774097411 0.000347613036137773
0.000637585477670655 0.000565513763285708 0.000875152510707267 0.000699805479962379 0.00112620086292736 0.00192452339688316 0.00180311477743089 0.00277043302776292 0.0296422442886978 0.0314086212776601 0.000404730107402429 0.00306593595305458 0.000849581218790263 0.000414828266366385 0.00139271218504291 0.000149401604539889 0.000647749853669666 0.000425003400960122 0.00170582110877149 -9999 -9999 -9999 -9999 -9999 -9999 -9999 -9999 -9999 -9999 -9999 -9999 -9999 -9999 -9999 -9999 -9999 -9999 -9999 -9999 -9999 -9999 -9999 2.5317381147083e-06 0.000134402832190972
0.00150001583097037 0.00110866725444794 0.00207275682478212 0.0017379828466801 0.00112574359518476 0.00114472380955704 0.00349622140056454 0.00357099019456655 0.00101682865642942 0.0318772112252191 0.0033928683726117 0.000645750292460434 0.00053844180656597 0.360613258183002 0.0415665877051652 0.0002428135543596 0.00552862744079903 0.000305969807232032 -9999 -9999 -9999 -9999 -9999 -9999 -9999 -9999 -9999 -9999 -9999 -9999 -9999 -9999 -9999 -9999 -9999 -9999 -9999 -9999 -9999 -9999 -9999 -9999 -9999 1.83002603421301e-05
0.00119151237886399 0.0039849215070717 0.00193640033830889 0.00497898145695217 0.00326780154719017 0.00588952775578946 0.00189812126918696 0.00297971098916605 0.0078107831068337 0.00312133654952049 0.000536844680027571 5.28365973877953e-05 0.0272913082502782 0.0261690645478666 0.0935976520180702 0.00145496165496297 0.00131115296971984 0.000167800887720659 -9999 -9999 -9999 -9999 -9999 -9999 -9999 -9999 -9999 -9999 -9999 -9999 -9999 -9999 -9999 -9999 -9999 -9999 -9999 -9999 -9999 -9999 -9999 -9999 -9999 5.16528247317183e-05
0.00104965762293432 0.00170174855738878 0.00302215717674699 0.00393282945733517 0.0163956762291491 0.00308555069495924 0.00385868115117773 0.0065955534344539 0.00550026316195726 0.00215843454934657 0.000702619380899705 0.00301956943003461 0.0026254649652401 0.0072798146866262 0.00319966069655493 0.00111039874900598 0.020968827791512 -9999 -9999 -9999 -9999 -9999 -9999 -9999 -9999 -9999 -9999 -9999 -9999 -9999 -9999 -9999 -9999 -9999 -9999 -9999 -9999 -9999 -9999 -9999 -9999 -9999 -9999 -9999
0.00136318168370053 0.00154498050687835 0.00274252066155896 0.0015087674924871 0.00640204300871119 0.0109129932010546 0.00543682153220288 0.00299870372400619 0.0123739714734256 0.0107835207600147 0.00383664267137647 0.00826658741571009 0.00231614566291682 0.0143712427001446 0.0136551239760593 0.000459995974961203 0.00044733419053955 -9999 -9999 -9999 -9999 -9999 -9999 -9999 -9999 -9999 -9999 -9999 -9999 -9999 -9999 -9999 -9999 -9999 -9999 -9999 -9999 -9999 -9999 -9999 -9999 -9999 -9999 0.00451212285552174
