Maxent_result_files_2/B_polaris_3.asc
NCOLS 594 
NROWS 330 
XLLCORNER -15 
YLLCORNER 23 
CELLSIZE 0.166666666666667 
NODATA_value -9999 
[rows 300 to 319 of 330, columns 132 to 175 of 594]
2.56172860702009e-13 2.63400412592318e-13 2.90723001228343e-13 2.84439138908965e-13 2.75679479244673e-13 2.82684986530057e-13 3.02291525144938e-13 2.78899126016086e-13 2.7610136399403e-13 3.14492876185568e-13 3.63409302650553e-13 3.9815928332132e-13 3.86712883937435e-13 4.56557014416603e-13 5.06317210380303e-13 5.11313213991116e-13 4.9086290587752e-13 5.42144107384956e-13 5.92359494788752e-13 6.0972338289389e-13 7.0681238639736e-13 8.14193157339105e-13 7.95441490453186e-13 8.50441939093116e-13 9.79039072035448e-13 1.07861497511408e-12 1.15579767978602e-12 1.07849285058137e-12 9.39193167681651e-13 9.07984798459438e-13 1.17332810134485e-12 1.12936326956969e-12 1.12373443883484e-12 9.66693392001616e-13 1.33836275395538e-12 1.74381620254849e-12 1.8064216789071e-12 2.20652385252151e-12 2.54339882488353e-12 2.61682897573223e-12 2.55925280967517e-12 2.84368084635389e-12 3.39778205571406e-12 3.94004828763173e-12
2.51532128459075e-13 2.78721490332146e-13 2.7805535651737e-13 2.50310883131988e-13 2.49078535574654e-13 2.45170550527973e-13 2.46735964992695e-13 2.47557530030917e-13 2.52564635871977e-13 2.64854804754577e-13 3.41027206474109e-13 2.73336908662714e-13 2.48179254924708e-13 2.23099316798425e-13 2.31092922575726e-13 3.01547675718439e-13 3.80917519748891e-13 3.92419430284008e-13 4.22917256770461e-13 4.75564032598186e-13 4.78017625482607e-13 4.95992136251289e-13 6.4055427628773e-13 6.90814072612511e-13 7.46636086290664e-13 6.74105216091903e-13 7.04980518406728e-13 7.31004146103942e-13 7.80553399692963e-13 8.0416784342674e-13 9.24127441237488e-13 1.04593000926911e-12 9.86788428747332e-13 8.80440165218488e-13 1.05275788087056e-12 1.31595845331844e-12 1.56457069522276e-12 1.68294267410829e-12 1.91994198317502e-12 2.13434825369063e-12 2.10198525252281e-12 2.15344408971418e-12 2.09094963565803e-12 2.29926078176845e-12
2.25408580689646e-13 2.25319762847676e-13 2.28073115948746e-13 2.26840768391412e-13 2.24142926441573e-13 2.20190532473907e-13 2.21433982261487e-13 2.16870965630278e-13 2.33202346322514e-13 2.58015830922886e-13 3.07864844728556e-13 2.58615351356184e-13 2.40274466989376e-13 2.29827268327654e-13 2.55195864440338e-13 3.1371572006833e-13 3.40738548487707e-13 3.50741657939579e-13 3.39595018772343e-13 3.47477602247182e-13 3.54405393920842e-13 4.26658708363448e-13 5.18762810486351e-13 4.85567142050059e-13 4.69546623804717e-13 5.05073760592722e-13 5.21893639415794e-13 6.04494232447905e-13 6.74538203071506e-13 6.94033719383924e-13 7.24520443640131e-13 9.41702271717304e-13 8.84192719041721e-13 8.53395132338619e-13 8.09652345168388e-13 9.75830527494281e-13 1.06852304782024e-12 1.15986109605615e-12 1.31301636230319e-12 1.26015864410078e-12 1.33716371308878e-12 1.3442247315254e-12 1.8517409827723e-13 1.22898358156931e-12
1.90603088867647e-13 1.97508676080815e-13 2.03725925018716e-13 2.00928162996661e-13 2.0176083026513e-13 2.0229373731695e-13 2.03548289334776e-13 2.08422168412881e-13 2.14706030732259e-13 2.27451391054956e-13 2.5471846853975e-13 3.13593595535622e-13 2.73225886360251e-13 2.42150743900993e-13 2.36211050719248e-13 2.8904656446116e-13 3.30291349825984e-13 2.94886337570688e-13 2.61946020430059e-13 2.23299156942858e-13 2.69484434767264e-13 3.4848790519959e-13 3.92397225823515e-13 3.79307696363185e-13 4.09849931770623e-13 4.86310991476557e-13 5.36581890031584e-13 5.80580028497479e-13 5.61672930388113e-13 5.86208859232329e-13 5.86430903837254e-13 6.13054051967765e-13 7.96862575924706e-13 8.21931411820742e-13 8.36053448693974e-13 8.3046902688011e-13 7.47046868809775e-13 8.09041722504844e-13 8.31235080767101e-13 8.08986211353613e-13 7.1617156649495e-13 6.80699940858176e-13 7.94753152177918e-13 1.60393920367596e-13
1.45183864930232e-13 1.58129065397361e-13 1.72395431263794e-13 1.83808523956941e-13 1.89859239441148e-13 1.81177295388579e-13 1.7696955012525e-13 1.82254211722466e-13 2.01116900910847e-13 2.19457785277655e-13 2.15150119942109e-13 2.31847874232471e-13 2.60036436827704e-13 2.74669176292264e-13 3.04101188675077e-13 3.09474668114262e-13 3.13749026759069e-13 2.62101451653507e-13 2.01383354436757e-13 2.11797246407741e-13 2.88469248488354e-13 3.25339755136156e-13 3.4928726577732e-13 3.30946381410513e-13 4.00346422679831e-13 5.35327338013758e-13 5.91782178815947e-13 6.05526739860807e-13 5.5246918151397e-13 5.30453458935654e-13 5.38469269173447e-13 6.32371932596243e-13 7.69206920381293e-13 8.14537326476739e-13 8.51263504131339e-13 8.8875573567293e-13 9.57345314134272e-13 9.62452340047548e-13 9.74287317490052e-13 1.06854525228073e-12 1.11134434988003e-12 1.20093934796728e-12 1.34988686895099e-12 1.44217970898808e-12
1.14308562615406e-13 1.35891298214119e-13 1.43773881688958e-13 1.47881706880071e-13 1.78668191352926e-13 1.71140879245968e-13 1.62581059726108e-13 1.56508139781408e-13 1.70530256582424e-13 1.7910117833253e-13 1.92168503332368e-13 2.12252437847837e-13 2.22000196004046e-13 2.25663931985309e-13 2.43793873977438e-13 2.76090261763784e-13 3.00837132982679e-13 2.69650968220958e-13 2.24975593710042e-13 2.40407693752331e-13 2.91477952885089e-13 3.24629212400396e-13 3.21809245917848e-13 3.83459930475283e-13 4.45299352946904e-13 5.04540853540902e-13 5.20716803009691e-13 5.33884048081745e-13 5.13222797593471e-13 5.121014723386e-13 5.45630207682279e-13 6.81144030068026e-13 7.64632801519838e-13 8.0780937494751e-13 8.49464942831446e-13 9.07585118170573e-13 9.74120784036359e-13 9.92950166534001e-13 1.04205533091317e-12 1.11153308779421e-12 1.19498855255529e-12 1.29507515822525e-12 1.4025780536997e-12 1.40844003126972e-12
1.31905597555715e-13 1.15174536574614e-13 1.09268150083608e-13 1.47171164144311e-13 1.61548552313207e-13 1.65045754840776e-13 1.57218682517168e-13 1.48137058175735e-13 1.54787294093239e-13 1.61515245622468e-13 1.7027490528676e-13 1.81299419921288e-13 1.99906757814006e-13 2.17637019517269e-13 2.31303864950405e-13 2.5613955401127e-13 3.01947356007304e-13 2.81541456814693e-13 3.05544478607089e-13 2.86537460425507e-13 3.07842640268063e-13 3.19677617710568e-13 3.1943336864515e-13 3.18778337060621e-13 3.79640763270572e-13 3.94684285254243e-13 4.11781719833471e-13 4.5147219296382e-13 5.06183983617348e-13 5.12379028094756e-13 5.31419352967077e-13 5.62461188735597e-13 7.75335351477224e-13 8.17979017853077e-13 8.86746231998359e-13 9.27946608442198e-13 9.91973170272331e-13 1.02401420676301e-12 1.08129061260342e-12 1.18363097101337e-12 1.29035671037059e-12 1.39611655569638e-12 1.44056988560237e-12 2.09454675825782e-13
1.16795462190566e-13 1.27930999127557e-13 9.86100090472064e-14 1.21103127526112e-13 1.1438627822713e-13 1.45716771982052e-13 1.72883929394629e-13 1.54198875890188e-13 1.32271971153841e-13 1.35291777780822e-13 1.54787294093239e-13 1.5851764345598e-13 1.98230321046822e-13 2.19257945133222e-13 2.21889173701584e-13 2.34012809130491e-13 2.38964403820319e-13 2.78388423424758e-13 2.68129962677222e-13 2.24187335362558e-13 2.16304751887719e-13 2.84583467902166e-13 2.75879319389105e-13 2.5480728638172e-13 3.22308846278929e-13 3.53994611401731e-13 4.21040979858844e-13 4.56890081323991e-13 4.59376980899151e-13 4.92150764586086e-13 5.22637488842292e-13 5.5481175209593e-13 7.71138708444141e-13 8.08053624012928e-13 8.12983014242263e-13 9.29845089814307e-13 9.86566384142407e-13 9.92816939771046e-13 1.05148112439224e-12 1.18761667167178e-12 1.16864296018093e-12 1.15697451619212e-12 1.30366828443584e-12 1.43237643968064e-12
7.77933273354847e-14 1.3115064589897e-13 9.25703957932455e-14 1.04083408558608e-13 1.16029408303575e-13 1.24977805882054e-13 1.20359278099613e-13 1.29696253736711e-13 1.40998324127395e-13 1.43240974637138e-13 1.53210777398272e-13 1.66522351463527e-13 1.88571380732583e-13 2.11630712954047e-13 2.2190027593183e-13 2.26207941267376e-13 2.5720536811491e-13 2.35478303522996e-13 3.06377145875558e-13 2.19491091968393e-13 2.22211138378725e-13 2.7219337894735e-13 2.43416398149066e-13 2.46092035638412e-13 3.24684723551627e-13 3.57125440331174e-13 4.06130684638129e-13 4.34252633851884e-13 4.39304148613928e-13 3.83149068028388e-13 3.09352543581554e-13 3.2985836284638e-13 2.84372525527488e-13 4.15067979986361e-13 5.06883424122862e-13 5.50481882299891e-13 6.81465994745167e-13 8.48643377793223e-13 9.51994039155579e-13 1.00977004535707e-12 1.11936016011782e-12 1.22462040508253e-12 1.25660593042198e-12 1.28549393352273e-12
1.02362562870439e-13 1.41775480244632e-13 1.2161383011744e-13 2.35389485681026e-13 1.3997691894474e-13 1.32205357772364e-13 1.62814206561279e-13 1.32316380074826e-13 1.3399281684201e-13 1.47770684577608e-13 1.56519242011655e-13 1.68076663698002e-13 1.84274817627283e-13 2.05380157325408e-13 2.05280237253191e-13 2.27939889185791e-13 2.78488343496974e-13 2.68995936636429e-13 2.51521026228829e-13 2.24198437592804e-13 2.26973995154367e-13 2.56639154372351e-13 2.48223663845693e-13 2.58570942435199e-13 3.37962990926144e-13 3.46767059511421e-13 3.69770880581655e-13 3.82216480687703e-13 2.74191780391675e-13 2.12796447129904e-13 2.21600515715181e-13 3.70625752310616e-13 4.88875606663441e-13 9.79227809949634e-13 9.17810272227371e-13 9.07751651624267e-13 9.37339095230527e-13 8.28315194212337e-13 1.44695366799397e-13 1.02171604510204e-12 1.06267217248046e-12 1.09799946912403e-12 1.08023590073003e-12 1.05776498671162e-12
2.26474394793286e-13 2.10031991798587e-13 1.06836761659679e-13 3.9306335963829e-13 1.55553347980231e-12 2.86282109129843e-13 2.68285393900669e-13 2.21533902333704e-13 2.85882428840978e-13 2.9073410345859e-13 2.8039792709933e-13 2.36344277482203e-13 2.56539234300135e-13 2.74957834278666e-13 1.80000458982477e-13 2.23376872554581e-13 3.03745917307197e-13 3.15325543454037e-13 2.08244532728941e-13 2.04669614589648e-13 2.12951878353351e-13 2.30415686530705e-13 2.17348361530867e-13 2.36999309066732e-13 3.17368353819347e-13 3.28204130539689e-13 3.73046038504299e-13 4.03832522977154e-13 3.22664117646809e-13 5.6568083550701e-13 1.15766285446739e-12 8.15192358061267e-13 9.01001495634546e-13 9.0649709960644e-13 8.49487147291939e-13 7.25131066303675e-13 7.29560856171929e-13 8.76143602113189e-13 8.78364048162439e-13 9.74698100009164e-13 9.65927338114625e-13 9.86222215004773e-13 1.00386365886607e-12 1.03846931054363e-12
2.1183055309848e-13 3.76820796788024e-13 4.13313827607453e-13 1.0951350937205e-12 1.70934377763388e-12 8.07820477177756e-13 1.45037315490981e-12 1.00320862728154e-12 5.71820368833187e-13 6.45661302201006e-13 5.18363130197486e-13 4.53148629731004e-13 4.57545112908519e-13 2.64643862379899e-13 1.88160598213472e-13 2.40574227206025e-13 2.86071166755164e-13 3.05688807600291e-13 2.50366394283219e-13 1.9444446053285e-13 2.01305638825033e-13 2.04436467754476e-13 2.20012896789967e-13 2.11164419283705e-13 2.5139890169612e-13 3.18711723679144e-13 3.85136367242467e-13 4.75375294684e-13 1.03264063966435e-12 1.0717315923614e-12 8.09730060780112e-13 5.9411364716766e-13 7.15116854621556e-13 6.2906346798286e-13 5.5220272798806e-13 1.10200737424293e-13 1.17295062551648e-13 8.56159587669936e-13 9.02733443552961e-13 8.21109846782519e-13 7.76945174862931e-13 8.30535640261587e-13 9.32820487520303e-13 9.89130999329291e-13
7.11064540581674e-13 6.56474874460855e-13 6.73039401988262e-13 1.21008758569019e-12 1.20902177158655e-12 2.64066546407093e-12 1.44532164014777e-12 1.41539002740387e-12 9.76552172460288e-13 2.39891440045881e-12 8.10806977113998e-13 6.17461637375527e-13 5.28388444109851e-13 1.73261405223002e-13 2.26707541628457e-13 2.75879319389105e-13 3.3021363421426e-13 2.67785793539588e-13 2.35578223595212e-13 1.79622983154104e-13 1.92867943837882e-13 1.78057568689383e-13 1.96187510681511e-13 2.1032064978499e-13 2.39364084109184e-13 3.22986082323951e-13 3.82704978818538e-13 6.88749057786708e-13 1.20107257473023e-12 7.66198215984559e-13 4.11848333214948e-13 3.99502653181116e-13 4.20585788418748e-13 4.76985118069706e-13 4.91118257173184e-13 8.04645239327328e-13 8.16113843171706e-13 8.62532267831284e-13 9.40358901857508e-13 1.00676134096034e-12 9.78339631529934e-13 8.56092974288458e-13 8.12261369276257e-13 7.55673301711113e-13
2.62878607770745e-13 3.36319860849699e-13 4.71056527118208e-13 5.36026778519272e-13 5.94879701054651e-13 1.52166057532099e-12 4.45006254068403e-12 1.18748344490882e-12 1.36329836308846e-12 7.99771360249224e-13 4.33930669174742e-13 3.56081830688026e-13 3.73778785700551e-13 2.79420930837659e-13 3.45368178500394e-13 3.02358138526415e-13 2.69551048148742e-13 2.18758344772141e-13 1.94200211467432e-13 1.62492241884138e-13 1.66788804989437e-13 1.7776891070298e-13 1.80999659704639e-13 2.09365857983812e-13 2.30915286891786e-13 3.18467474613726e-13 4.26969570810343e-13 8.12971912012017e-13 7.40729699799658e-13 4.78495021383196e-13 3.73656661167843e-13 4.41979786103275e-13 4.76996220299952e-13 5.61817259381314e-13 5.09092767941866e-13 5.31341637355354e-13 6.18571860400152e-13 8.20654655342423e-13 8.99402774479086e-13 9.77429248649742e-13 1.00829344873432e-12 9.9387165164444e-13 9.91329240918049e-13 1.03768105219615e-12
5.85487214266323e-13 6.05093752881203e-13 1.08890674255235e-12 9.85234116512856e-13 1.17276188760229e-12 2.48462361795987e-12 8.46844816493331e-13 9.49695877494605e-13 2.19750884156156e-12 9.05719943489203e-13 5.42965672423179e-13 5.00044450291171e-13 3.87934129264522e-13 3.91320309489629e-13 3.71536135190809e-13 3.20654613972238e-13 2.34801067477974e-13 1.58739688060905e-13 1.59117163889277e-13 1.45250478311709e-13 1.66777702759191e-13 2.18902673765342e-13 2.02093897172517e-13 2.22633023128083e-13 1.94833038591469e-13 2.60558241649278e-13 5.59641222253049e-13 7.73503483486593e-13 5.9127147622462e-13 4.62563320979825e-13 4.15689704880151e-13 4.31432667369336e-13 4.56479298804879e-13 3.99635879944071e-13 4.17554879561521e-13 3.61366492285242e-13 3.72135655624106e-13 4.8917536688009e-13 6.10644868004329e-13 7.48823225649176e-13 8.20599144191192e-13 8.69992966556765e-13 9.65139079767141e-13 9.05187036437383e-13
7.0100591997857e-13 1.25013333018842e-12 1.54712909150589e-12 1.26239019238028e-12 1.15336629136209e-12 4.82025530601504e-12 1.2855827513647e-12 1.91338056509949e-12 3.14551718005873e-12 1.2133072324616e-12 1.10468301173228e-12 1.14487308522371e-12 8.53195292194187e-13 4.63440397169279e-13 4.37649916307237e-13 4.06052969026405e-13 2.86604073806984e-13 1.6109336087311e-13 1.20348175869367e-13 1.01552100062463e-13 1.60715885044738e-13 2.25441887380384e-13 2.2243318298365e-13 1.84507964462455e-13 1.62270197279213e-13 1.97208915864167e-13 5.48960876756155e-13 6.19160278603204e-13 5.34750022040953e-13 4.59821070109001e-13 4.30222524272494e-13 4.05664390967786e-13 4.7821746562704e-13 3.48376882897128e-13 3.52051721108637e-13 3.69748676121162e-13 3.626765554543e-13 3.79896114566236e-13 3.94717591944982e-13 4.92061946744116e-13 5.5809801224882e-13 5.5596638404154e-13 5.14988052202625e-13 4.3772763191896e-13
5.77304870574835e-13 6.46216413713319e-13 8.50086667725236e-13 7.98638932764106e-13 1.11423092974405e-12 3.89710486103922e-12 4.39028813303821e-12 3.36974892434228e-12 1.58030255548169e-12 1.57573953885048e-12 1.64172009320396e-12 1.74795733443034e-12 1.6753598508501e-12 1.37571065650377e-12 8.55171489178019e-13 5.96889204729223e-13 4.48996395618906e-13 2.76201284066246e-13 1.40076839016956e-13 8.39217584314156e-14 1.70297109747253e-13 2.83217893581877e-13 1.97353244857368e-13 1.7617018954752e-13 1.75792713719147e-13 2.01483274508973e-13 2.42172948361485e-13 3.69582142667468e-13 4.77962114331376e-13 4.56479298804879e-13 4.85156359530947e-13 4.09905442921854e-13 3.84303699973998e-13 2.71471733981343e-13 3.08908454371704e-13 3.64597241286901e-13 3.6658454050098e-13 3.82338605220411e-13 4.07052169748567e-13 4.34874358745674e-13 4.50395276629934e-13 4.71001015966976e-13 4.74731365329717e-13 4.17565981791768e-13
4.684141963196e-13 6.55031584528842e-13 7.85282949777866e-13 6.51512177540781e-13 1.73490111166075e-12 6.45438147373056e-12 8.12849787479308e-12 4.29253299571997e-12 2.80369061300689e-12 1.805966487467e-12 2.1576962438985e-12 3.10562686678395e-12 3.28856941678168e-12 2.9091173914253e-12 2.75028888552242e-12 1.15112364085235e-12 7.02116143003195e-13 3.88511445237327e-13 1.37390099297363e-13 9.21818177346267e-14 3.33211236380748e-13 3.23663318368972e-13 1.96187510681511e-13 1.44451117733979e-13 1.38500322321988e-13 1.54554147258068e-13 2.62034838272029e-13 3.83393317093805e-13 3.52540219239472e-13 4.88342699611621e-13 4.70690153520081e-13 3.23152615777644e-13 3.6241010192839e-13 3.08630898615547e-13 3.32034399974646e-13 3.74500430666558e-13 3.95738997127637e-13 4.1581182941286e-13 4.37094804794924e-13 4.56601423337588e-13 4.64772664798829e-13 4.71322980644118e-13 4.37005986952954e-13 5.23969756471843e-13
3.60855789693915e-13 5.81457104686933e-13 6.05526739860807e-13 5.91215965073388e-13 1.14049880650668e-12 1.86330950668889e-12 2.2997270754388e-12 1.0194511901318e-12 4.5156101080579e-13 5.60562707363488e-13 7.37776506554155e-13 9.28312982040325e-13 1.78439485409854e-12 2.67345034998812e-12 3.71211950067618e-12 2.72822875402312e-12 1.68608460526798e-12 5.64381874568198e-13 1.17728049531252e-13 1.20559118244046e-13 3.89932530708847e-13 2.75679479244673e-13 1.83186799063151e-13 1.05637720793084e-13 1.25133237105501e-13 1.58439927844256e-13 5.97155658255133e-13 4.04198896575281e-13 3.3030245205623e-13 3.70636854540862e-13 3.89910326248355e-13 3.95994348423301e-13 4.09261513567571e-13 3.10540482217903e-13 3.03834735149167e-13 4.05675493198032e-13 4.39459579837376e-13 4.59898785720725e-13 4.7555293036794e-13 4.82702766646526e-13 4.66859884085125e-13 4.36206626375224e-13 4.88342699611621e-13 6.5296656970304e-13
4.47630821298617e-13 5.7335247660717e-13 5.24458254602678e-13 5.22182297402196e-13 5.59208235273445e-13 6.14586159741748e-13 8.02147237521922e-13 3.54793971979461e-13 3.03779223997935e-13 3.28603810828554e-13 4.26458868219015e-13 4.42712533299527e-13 5.30397947784422e-13 7.18736181681834e-13 1.06155084722559e-12 3.2590485865569e-12 1.84425807958632e-12 8.16569034611803e-13 2.00661709470751e-13 1.50590651060156e-13 3.75866004986847e-13 2.23743246152708e-13 1.28197452653467e-13 1.04771746833876e-13 1.43740574998219e-13 1.65700786425305e-13 1.7572610033767e-13 3.15847348275611e-13 3.49709150526678e-13 3.22675219877056e-13 3.2103208980061e-13 3.32500693644988e-13 2.80986345302381e-13 2.87703194601363e-13 2.80808709618441e-13 3.1712410475393e-13 3.41615624677161e-13 3.47588624549644e-13 3.70659059001355e-13 3.93785004604297e-13 4.56623627798081e-13 4.58599824781913e-13 6.22768503433235e-13 6.62814247931465e-13
