Maxent_result_files_2/B_portschinsky_3.asc
NCOLS 594 
NROWS 330 
XLLCORNER -15 
YLLCORNER 23 
CELLSIZE 0.166666666666667 
NODATA_value -9999 
[rows 180 to 199 of 330, columns 528 to 571 of 594]
0.00108414840360638 0.000633410993759753 0.000175003912045213 6.64694635815977e-05 3.62081340654186e-05 3.48972351730481e-05 0.000125369237321138 5.97456558807608e-05 5.11360751715983e-05 0.000185726770541805 0.000336439226521179 0.000200718396627053 0.000214387426967733 0.00012687125163211 6.93885500822944e-05 8.34086770737485e-05 3.92171473777125e-05 3.04821033751068e-05 7.73870616285421e-05 6.15954785644135e-05 0.000146405786654213 0.00014721730403835 0.00029974307071825 0.00026652228916646 0.000564384301105747 0.000412003057135735 0.00034797354528564 0.000264779293138417 0.000176040142105194 0.000116526602869271 0.000134501389038633 0.000119847946007212 0.000104825927519414 9.88092106581462e-05 0.00018405372302368 0.00046907631221984 0.000310553652161616 0.000459668127950863 0.000653850923845312 0.000951711495872587 0.00166610528540332 0.00160503561783116 0.000868666080350522 0.000599272856925381
0.00142502703238279 0.000500704760634107 0.000336071766287205 0.000203176122158766 7.59527158152196e-05 4.5158567809267e-05 2.89205365788803e-05 3.83276563525214e-05 7.83433542892453e-05 0.000228785336003057 0.000218502579446067 0.000188187935054884 0.000317287003053934 8.44275647068571e-05 4.19497908296762e-05 3.58981909130307e-05 4.18895100892769e-05 0.000127776265617285 8.48842093546409e-05 5.88203575716761e-05 6.99285084465373e-05 9.34863979637157e-05 0.000155089829240751 0.000385256391746225 0.000437120888818754 0.000258804150871583 0.000473213502118597 0.000241280387854204 0.000310133930543088 0.000262366372771794 0.000360338188693277 0.000285901837560232 0.000240128200312029 0.000216758060923894 0.000111054068929661 0.000249015645385953 0.00019354144569661 0.000270249277127732 0.000323713264515391 0.00034367817461316 0.00038701049707015 0.000398691617738223 0.000492547672183718 0.000498439458169742
0.000427262017910834 0.000162199603255431 9.78866000878043e-05 7.71624246226565e-05 8.18520965367497e-05 4.70646883059089e-05 2.39136941672768e-05 3.28206477433923e-05 4.0019914149525e-05 8.43402137434168e-05 0.000117209143991204 9.76442583123571e-05 0.000169805155019276 8.63609489897499e-05 6.27628822712722e-05 3.23380682175411e-05 4.67493819996889e-05 0.000104022344294208 8.19676532046287e-05 5.7774110155151e-05 7.24712393093796e-05 0.000114283007496851 0.00015637252581655 0.000203215136025392 0.000165636263955093 0.000174616393451288 0.000248316947181593 0.00030046264801058 0.000371567373440485 0.000387625714574824 0.000523805900593288 0.000318223956855945 0.000215075706546486 0.000153112955831602 9.54026911131223e-05 0.000108210350299487 0.000102920619974611 0.000129679930887505 0.000191066088154912 0.000262362707690045 0.000416477340331767 0.000343937099751201 0.000267732722750225 0.000316049835237209
0.000144094113602478 0.000155527996321325 0.000135503669480386 6.23268746039685e-05 8.21800981611887e-05 6.40912178369035e-05 5.92670627156622e-05 4.02610815399385e-05 7.24339211501501e-05 0.00015377628042188 0.000311441890880815 0.000131221714400454 8.06620987077622e-05 7.5198434660706e-05 5.1508910883058e-05 3.52743152234325e-05 7.2421986669724e-05 9.68080394159188e-05 8.01674806098163e-05 5.16358320055588e-05 8.7732671863705e-05 0.000124514297749556 0.00016489143436047 0.000252957675184007 0.000167622842491255 9.76044460912817e-05 0.000196962918562349 0.000222815584857017 0.000324134416950983 0.000414257564261789 0.0004430541783222 0.000334906360149034 0.000263288615497004 0.000162286192880856 0.000121441690407664 0.000141424556386482 9.30204083033459e-05 0.000102597700652041 0.000176346423086215 0.000217798033372674 0.000211847098216822 0.000218136573130323 0.000277394007935072 0.000336936677558697
9.28609097172739e-05 0.000103882968869584 7.32670756406151e-05 4.71287615255278e-05 6.50020942430274e-05 5.18217640546936e-05 3.31627852574456e-05 3.82925790290756e-05 6.58358803775627e-05 0.000114039834988944 0.000104956287304958 8.2413931568226e-05 6.17334986145579e-05 7.84105311140593e-05 4.57749486031389e-05 5.24545815551392e-05 7.48190279864502e-05 7.05983602074411e-05 5.71059217691072e-05 7.04089847658906e-05 0.000146622842476063 0.000163630242786894 0.000139857175327052 0.000130338458438928 0.000139258022409194 0.000185606650848058 0.000295872229617089 0.000371339671255555 0.000454708966208273 0.000523471437190892 0.000616938735765871 0.000628558521566447 0.000279833738750312 0.000257686622353504 0.000238379946495115 0.00018710540543907 0.000127228886321973 9.66190043527604e-05 0.000130629018076434 0.000158941118752409 0.000159418722887494 0.000166530936803611 0.000228242213233898 0.000229888977992232
8.90961549885105e-05 7.11450915787282e-05 5.0505278932178e-05 5.75302948163881e-05 4.87362953663251e-05 4.30684701541395e-05 4.67352793975806e-05 4.13662458868203e-05 5.51234797057987e-05 6.51251119506924e-05 7.20787866612227e-05 6.18699717506388e-05 5.34538734882517e-05 5.90147255479678e-05 4.15648083162523e-05 5.84054286264291e-05 5.33382463800081e-05 4.75758974971541e-05 4.47660138661377e-05 9.77869025518885e-05 0.000148547752633021 0.000127475131921528 0.000103220826895267 0.000103798964573798 0.000191121814168582 0.000251319999006228 0.00022946320095798 0.000291019064752618 0.000417220943199936 0.000423229332591291 0.000582541424228111 0.000487293705737102 0.000412115833751159 0.000383047193099628 0.000270676433683548 0.000171570302427426 0.000119104513123602 8.36843632896489e-05 0.000105364639011896 0.000683378912799526 0.000120322299426334 0.000117513286659232 0.000149792977254037 0.000158825015569164
7.71651836657838e-05 5.66956970033061e-05 4.85213575529997e-05 4.86058331716777e-05 4.63827155726904e-05 4.38950536363336e-05 4.75421713645119e-05 3.52309330310163e-05 4.85288332811251e-05 5.32595490767562e-05 4.70355878860573e-05 1.73685814672808e-05 4.77524464713497e-05 3.49944573599714e-05 3.55235618599181e-05 3.63438194881383e-05 4.40601453192357e-05 5.46551496881875e-05 8.35852418276772e-05 0.000111356045817956 0.000117718910405529 7.56224853375898e-05 8.6795484094182e-05 0.0001306644372562 0.000234438502047851 0.000240041620781994 0.000195144077406439 0.000212694058245688 0.00028567712433869 0.00024220716131822 0.000259422629278561 0.000332389693539881 0.000440539146802621 0.000355146944457374 0.000299422794523707 0.000205729714980407 0.000135589201590847 9.93722211660497e-05 0.000120645020797383 0.000154121810646757 0.000111447524022878 0.000112924441918949 1.29482767619038e-05 1.51057758955631e-05
5.41644059921964e-05 4.98914258969307e-05 5.21315757850971e-05 3.94497054685417e-05 3.92356118027237e-05 3.8334992404998e-05 3.54663611688011e-05 2.93526348173145e-05 3.67815972140306e-05 8.49569378402748e-06 3.08086147015274e-05 5.31892621893348e-05 3.62450179409279e-05 6.84706450556405e-05 5.77145403894974e-05 2.36923616625972e-05 3.29297321513877e-05 4.95227599913051e-05 6.52952139716945e-05 7.10780198915017e-05 9.61618919177454e-06 9.43071660230999e-06 8.16337314063276e-05 9.12148373572563e-05 0.000127300949907294 0.000157022791336203 0.000118718201929369 0.000140437303798535 0.000137774488712239 0.000125919543006603 0.000125472527361126 0.000174096914543043 3.0323886289807e-05 6.17368805933438e-05 0.000107615861634258 0.000125729248520656 0.000128688543372846 3.63093193072928e-05 8.29460864451903e-05 7.19050169664115e-05 6.22513007556336e-05 4.75066412946035e-05 5.38902655648599e-05 0.000100749913713116
4.99497325336051e-05 4.19101266516009e-05 3.92601734802156e-05 3.59678797849483e-05 3.89726294315551e-05 2.92608384711457e-05 2.99448220062004e-05 3.2075190915748e-06 6.02901554174196e-06 4.9209237931791e-05 0.000733246465097181 0.000689393959328299 0.000596839414356509 0.000404528725630371 1.65167768884089e-06 1.53404859133843e-05 4.16285511732895e-06 1.51345776430389e-05 4.62615666947386e-05 3.7302123655536e-05 2.90765281079075e-05 2.8685753022728e-05 1.882155546582e-05 1.94823693163926e-05 0.00021371950624598 1.82651627085306e-05 3.23358740615731e-05 9.48957924265415e-05 0.000949855512590148 0.00012434092204785 0.000525569279488991 0.000163391913429223 0.000105368491904301 0.00338674675149377 0.000320861538421013 0.000185660009265121 0.000104062606078514 0.000327140591616626 6.15233164467099e-05 0.000173244462030198 0.000240929843039339 0.000114160909151906 7.72483874015961e-05 7.28053818647822e-05
3.8128806113491e-05 3.37898430416317e-05 3.15526678491551e-05 3.12421332182566e-05 3.08467420836678e-05 3.42242040574092e-06 6.8018028230199e-06 2.16292573327337e-05 0.000641968746640487 0.000696065043302951 0.000604276697413297 2.92036988184918e-05 4.217960799906e-05 6.11256842049102e-06 1.05798095937359e-06 3.59374491729625e-06 1.54121966716048e-05 4.91077727531319e-06 3.89718033488862e-05 6.48135269543104e-07 4.20283867583748e-06 3.35933828750967e-05 4.69877020066178e-06 8.11650383809592e-06 0.000247392827623116 9.94862432889931e-05 9.14736798222293e-05 0.00035957613872597 6.26597909558768e-05 0.000104728725909808 0.00168940008297795 9.83436774276924e-05 0.000143998462954187 0.000973907044681255 0.00128155402489938 0.00102933440066408 1.55546909354598e-05 8.57321069815953e-05 0.000133159600545696 0.00027327480729582 0.000380814404707053 0.0003675176663819 0.000202917193564645 8.17996302203028e-05
4.14076269407815e-05 3.45101917218926e-05 3.25479354728486e-05 2.69849236246955e-05 4.62767848574686e-06 6.27311283949439e-06 3.51688508317238e-05 0.000635980618244503 0.000608934212505119 0.000562613365036668 3.85805934001837e-05 2.32520003038417e-06 3.04044011514293e-06 2.25158422381355e-05 2.89579459362699e-06 3.00876842516118e-06 2.52266462211992e-05 2.55111425460086e-06 1.45265412996309e-06 2.02821252628382e-06 2.24833459370188e-06 4.55294974557319e-06 5.43515619142454e-06 6.03739305375939e-06 4.82591522313669e-05 0.000415886035989388 5.85280996801885e-05 5.32751516743701e-05 5.8586505247149e-05 7.20646733753938e-06 8.7025328184609e-05 0.000558552142319968 0.000339984732454468 6.72318760280177e-05 7.52875568423406e-05 6.20930920263163e-05 8.79842140193432e-05 0.000196476610835816 0.00044787992756028 0.000353472805909405 0.000358670840432751 0.000208181440302724 0.000136737529010134 0.000103160277762981
3.87522863434242e-05 3.25523045376031e-05 3.13372158643688e-05 4.27546485468611e-06 5.26650906522264e-05 7.70868763993349e-05 0.000634326536965091 4.31457227932697e-05 5.38519401516169e-06 0.000270797022312763 1.20114548849415e-05 2.50173989854829e-05 2.35441566303507e-05 2.8453947578555e-06 2.75663075299803e-06 2.86031674221476e-06 3.0440082426253e-06 2.39311024358813e-05 2.71207127937601e-06 3.3521568994388e-06 2.8046150987393e-05 4.81426346823355e-06 3.22129983487685e-05 3.57064634499693e-05 4.93121484737458e-05 6.50984509775299e-05 4.72510069471355e-05 5.13278118546623e-05 4.83074792896332e-05 4.17388299979393e-05 6.5160343115167e-05 0.00011217668907193 0.000700996867089998 5.7583592570154e-05 5.38964442853285e-05 6.04676280772765e-05 8.7265052593466e-05 0.000131016378122695 0.000233130032029294 0.000156009074498797 0.000106119466659038 9.50672862245483e-05 0.000329585203598981 8.36642990179826e-05
3.26659051779643e-05 3.33048743001996e-06 2.69392740904095e-05 4.84804306637443e-06 5.65414198717917e-05 0.000591967494256096 0.000518933263083454 4.98211773418689e-06 6.11924236011419e-06 5.10539144755739e-06 2.30802903331551e-05 2.10671197407919e-05 2.14878985275391e-05 2.61618802568364e-06 2.89074435926295e-06 2.99491281410269e-06 3.13065613966046e-06 2.50977123016582e-05 2.55320743974607e-05 2.6760569119233e-05 4.66879118761199e-06 5.0321176018997e-06 3.51550902848885e-05 3.86929024330129e-05 4.70906546183869e-05 6.3698284225211e-05 5.0415855173469e-05 5.6853889316244e-05 6.06084359446868e-05 4.51280592187686e-05 3.8028614187624e-05 5.87374728979739e-05 7.54089069687325e-05 6.78544921242974e-05 5.33840949174191e-05 6.02993318011613e-05 7.96648426103275e-05 0.000130952415429419 0.000115721794031742 0.00043195046382607 7.62252826689291e-05 6.64712641537335e-05 0.000426375086317421 0.00158722013147781
3.63541027240899e-05 3.052181041312e-05 4.04884879472434e-06 4.03964444330995e-05 0.000600260615465231 0.00056020225820248 0.000484200139180757 1.22689823811584e-06 3.76738685616829e-06 0.000142761614051778 0.000124276852602634 2.80768962113598e-05 2.40444421933716e-05 2.28177997485091e-05 2.91478010048252e-06 3.23359609026852e-06 3.44249045483025e-06 2.73306416886498e-05 2.78019644497363e-05 3.06200816510227e-05 3.41906724941055e-05 3.64097727640456e-05 3.97940423511045e-05 4.37764408502517e-05 5.13020532707742e-05 7.6900719477635e-05 6.97433253208146e-05 7.09471415348162e-05 0.000168295189587297 0.000118411722019118 5.30804412619545e-05 3.92488279942427e-05 4.46309590074634e-05 5.12749984864058e-05 6.16543598198405e-05 0.000596058950031875 9.86832371836499e-05 0.000262315251893597 9.8029325454263e-05 9.44414253353898e-05 0.000753063567026402 0.000225118542766722 0.00174978967115749 0.00321508815395646
3.57628118194953e-05 2.96223719999489e-05 5.93270291773251e-06 4.07993020189679e-05 7.02946656019776e-05 0.000535738348116865 3.14909697635812e-05 1.022488782354e-06 0.000266370764461499 0.000358362081078667 0.000208678122362471 0.000163353057905624 4.71720707437839e-06 2.59947516212833e-05 2.68204110057013e-05 2.79900334192007e-05 3.72573051663494e-06 3.27058639925326e-05 3.17239965568206e-05 3.34209433106025e-05 3.58024112074418e-05 3.86357338527432e-05 4.28086139265815e-05 4.85080467910848e-05 5.17108312919845e-05 5.77832218596086e-05 7.78073227252207e-05 9.00238143685783e-05 0.000169439981118558 0.000338129242845753 0.00017694126522656 5.57088710252174e-05 5.68625710116066e-05 8.06200155352599e-05 9.59487521640767e-05 0.000115863667497251 0.000119086293739201 0.000289963772047486 0.00108632596238749 0.00205534494889434 0.00225196667015553 0.00239149913250003 0.00116137860568415 0.00768301471835002
3.55156539512791e-05 3.60590006152961e-05 3.35478750912444e-05 4.35907178371053e-06 1.38471399509399e-05 4.21852704675985e-05 2.04997833520792e-05 2.35365663820986e-06 4.53297112926521e-05 6.21478133780329e-05 0.00030773095350014 7.0247647636279e-05 0.000340003944620548 4.04216313768302e-05 3.2957295320557e-05 3.11103027570425e-05 3.85597096652646e-06 4.24949834609833e-06 3.6960372096928e-05 3.64316243576468e-05 3.58006831675084e-05 3.91243112346729e-05 4.31636101325239e-05 4.73731075771866e-05 5.07752304145015e-05 5.70939296494544e-05 6.41441384345853e-05 7.6133912136811e-05 0.000119584671097073 0.00021093298219057 0.000167244425756508 0.000168510425964996 0.000173064913906273 0.000165010268483456 0.000294563965690031 0.00384870645066258 0.000528865529486211 0.000976793162408285 0.0152591263875365 0.00512138666817918 0.00501806909451261 0.0112237377441488 0.0392399909906089 0.0200623381417245
4.51403770398429e-05 4.37026684494413e-05 4.24509540380313e-05 3.6401965951427e-05 4.83487205826805e-06 1.49979764984209e-05 1.2411433127113e-05 7.20837740999514e-06 2.96195169255498e-05 3.89002841188812e-05 7.30832816884686e-05 0.000102927647753859 0.000832309753604932 0.000307831823920424 4.89153598437042e-05 4.09973846331013e-05 3.80825957279285e-05 3.64707728692792e-05 4.23898575263593e-05 4.27182171620188e-05 4.11358037013088e-05 4.16484609445433e-05 4.50312165696687e-05 4.52192351133363e-05 5.12941507565756e-05 5.91937883882565e-05 6.71151199640008e-05 7.30265434867761e-05 8.68552428983094e-05 0.00247790984867606 0.00131736134899256 0.00100696746121685 0.000870974230929278 0.00133664239729114 0.00326755796559155 0.0584605399519205 0.0127338422113098 0.00791555776959285 0.0898175649344921 0.263954670727253 0.526315003633499 0.160372751578689 0.155873627588153 0.0480895629152656
6.04194968786942e-05 5.87450599596195e-05 5.49764590800805e-05 4.85886857404694e-05 4.49682816338282e-05 3.7883568217012e-05 8.19744806079825e-06 2.74956182284569e-06 4.26450236659548e-05 4.79851752061222e-05 5.11880579210811e-05 6.91961856887247e-05 9.46028103157914e-05 0.000565297018692945 0.000146367721777096 6.49789305839477e-05 5.07779512417983e-05 4.94167835313419e-05 0.000441646376566496 6.3106130869528e-05 4.22222469097733e-05 3.80977363306556e-05 4.02343959791551e-05 4.34051759839349e-05 5.85442274257275e-05 7.15481834276943e-05 8.17488574966774e-05 8.70109137508734e-05 9.30195355863361e-05 0.000998663394057075 0.00266538038413273 0.0151292679598555 0.00715414588921703 0.0174308608868159 0.113692604750395 0.696890789270401 0.781770145893097 0.273920637369156 0.923724913597107 0.158550560846925 0.0582907002710272 0.0131313446967397 0.000412723319482211 6.40813814313468e-05
8.475961167278e-05 7.55652844645738e-05 6.53017281138091e-05 5.72894807191915e-05 4.65616550172854e-05 3.82277869732661e-05 7.22842761717857e-06 4.53492365188879e-06 4.45547240381927e-06 4.52255322827e-06 3.86178295855189e-05 4.49268257540325e-05 6.47852719964703e-05 6.86129904579502e-05 6.51695633678173e-05 5.57245939319273e-05 6.61990883941144e-05 6.76626662368562e-05 0.000427639049485151 0.000715943329487345 5.20988268476685e-05 4.10956369307769e-05 3.48811473713795e-05 4.97626355866032e-05 6.8846455747007e-05 9.05979652884525e-05 0.000106345673646047 0.000144944848739215 0.000162234664094285 0.000190893622198018 0.00257790754549205 0.00176099787495332 0.0114513249136508 0.00672881852369756 0.398701317608356 0.794908553361893 0.70436352044344 0.00170162940912633 0.000445373324878062 0.000849425322502384 0.0086642632454641 0.00462757081724021 0.00321182806728757 0.123472458776087
0.000171736772040276 0.000109574024463654 8.00725772819533e-05 6.96710910460752e-05 4.7775886588397e-05 9.29505144313225e-05 3.98143659424477e-05 6.10431996506122e-06 5.29242770177518e-06 5.31055161303584e-06 4.73103970062283e-06 3.80815983461957e-05 4.04631220362717e-05 4.27391293698065e-05 4.64903593169197e-05 4.93438074329333e-05 5.49184194142072e-05 5.90935704650519e-05 7.15495343570183e-05 0.000189105031199688 6.71914812926389e-05 0.000371415102745232 0.000243310066480262 5.08520919936473e-05 6.63193518562366e-05 0.00011625723468569 0.000223910086060641 0.000505610296022496 0.000709056782125117 0.00111479738061462 0.00337347775930539 0.00532146517798537 0.0289957637898624 0.057922856323421 0.784189414978027 0.788276720046997 0.511298787593842 0.216402806155384 0.140801177732646 0.000594513480928072 0.000416905035234549 0.000149683593217187 0.000244571239729652 0.00366348807865506
