Maxent_result_files_2/B_pomorum_3.asc
NCOLS 594 
NROWS 330 
XLLCORNER -15 
YLLCORNER 23 
CELLSIZE 0.166666666666667 
NODATA_value -9999 
[rows 240 to 259 of 330, columns 276 to 321 of 594]
0.47423902451992 0.768811190128326 0.00104000547435135 0.0271876880899072 0.0922560185194015 0.0972855214029551 0.0274630741216242 0.00781773610506207 0.00238444927381352 0.0065360743436031 0.00353728481568396 0.00368910480756313 0.000807749520754442 0.00121221890440211 0.000467684396426193 5.28019303601468e-05 3.98339760067756e-05 0.000368202911340632 0.000298330614168663 0.000147545521031134 0.00267309480695985 0.0455719858407974 0.0519328257068992 0.430872541666031 0.420749241113663 0.739620739221573 0.0743917018175125 0.0543808670714498 0.20451123714447 0.00822236123494804 0.0399721451103687 0.247004151344299 0.307322806119919 0.396336399018764 0.0898937169462442 0.0392924449406564 0.107061964087188 0.310367128252983 0.0805532641708851 0.0026636743627023 8.58404790051281e-05 0.00718323620967567 0.000406616420514183 0.000652629119576886 3.77410735836747e-05 2.1977887115554e-06
0.215551473200321 0.0968891646713018 0.0670600975863636 0.0553958173841238 0.106813801825047 0.0840404953807592 0.0359723312780261 0.0095547396922484 0.00834341701120138 0.00617480119690299 0.00373229538090527 0.093166259676218 0.00241499389521778 0.00138654246984515 0.00134844314306974 4.66691222754889e-05 0.000146043962740805 4.63870715975645e-05 4.13276271501672e-05 0.000451029524265323 0.000886345842445735 0.00282274500350468 0.0275985510088503 0.283609041571617 0.143327861651778 0.505411469936371 0.010674183210358 0.0169319240609184 0.000320232369631412 0.000144529434328433 0.0948462568223476 0.722019231319427 0.612942492961884 0.0205482927151024 1.48236038768346e-06 1.54430331633648e-06 0.00467860753415152 0.0433724611997604 0.000878388028650079 5.47309029570897e-05 1.87948280654382e-05 3.03658313896449e-05 8.38475663158533e-06 5.18658075634448e-06 1.42740558999321e-06 3.10884955752044e-06
0.0145138349384069 0.00874106020783074 0.121175399795175 0.109251745045185 0.030514863692224 0.078844066336751 0.395311523973942 0.0296226053964347 0.0134345657192171 0.0161874529905617 0.0360450578853488 0.0221867344342172 0.00147658095229417 0.00118084583955351 0.000240027572726831 1.02867212035562e-05 3.22158613926149e-05 4.50299849035218e-05 0.0041176492581144 0.00808181341271847 0.00384091450832784 0.00866497680544853 0.000685915304347873 0.0298833502922207 0.00711601739749312 0.000319664862036007 0.000123187049030093 0.000167878148567979 9.05950781543652e-05 3.9238600106728e-05 0.000664213725394802 0.00326490319566801 0.040624818392098 0.00333573450916447 2.07919866682005e-05 6.6390122174198e-05 0.000266914364328841 7.64223262194719e-05 3.39095529852784e-05 2.93065854179986e-06 3.49704506561466e-06 4.22619933715396e-06 4.12270695164807e-06 3.05072990869348e-07 2.16197253166683e-06 9.86489742444974e-06
0.0247612345032394 0.000521132614812814 0.0295923741534352 0.0251010470092297 0.0530439279973507 0.0462511025369167 0.12898220717907 0.0171812776010484 0.00500611043535173 0.00310455631115474 0.00516998985549435 0.00244141012080945 0.00233031209791079 0.000731830764561892 0.000527146080275997 0.000326177827082574 0.000321429125324357 0.00117624003323726 0.0111352358013391 0.0150267973076552 0.0173339878208935 0.0351782557554543 0.0570240586996078 0.00526268193498254 0.000958496786188334 7.69471268995403e-06 3.12519708245418e-06 0.000163485702796606 1.60851318014465e-05 0.000134174517006613 0.000151455641025677 0.000873233703896403 0.000881255873537157 0.138164862990379 0.000356229465978686 2.97403803983798e-06 7.34436849825215e-06 1.52931007050938e-05 3.32482168232673e-06 1.43899255817814e-06 5.88768712361798e-07 1.2323215017318e-07 1.34845264199157e-07 9.14290345654933e-08 1.06117485358936e-06 9.28861435767203e-08
7.36895192858356e-05 7.40941757584324e-06 0.0200139104388654 0.0702144790440798 0.00442466447129846 0.428185352683067 0.0190267660422251 0.00489929373143241 0.00400813994929194 0.00081515985657461 0.00324817416258156 0.0043281820951961 0.00322362068691291 0.00358604423236102 0.000499352269980591 5.39796999873943e-05 8.67877970449626e-05 0.000217277736373944 0.00806633038446307 0.337059305608273 0.179983977228403 0.250532556325197 0.000479629142500926 0.00420246210414916 0.000310932606589631 1.99501434281046e-05 2.92313692170865e-05 5.00390669913031e-05 9.06441059669305e-06 8.27168364594399e-06 4.42858725364204e-05 0.000234456585894804 0.000189528321425314 0.00631936087738723 6.74734850690584e-05 3.75567586274883e-06 4.60871478935587e-06 2.78393903272445e-06 1.58828184737558e-06 4.40362411069373e-07 7.01509108580467e-08 3.75231670179943e-09 3.6058358632296e-09 3.54384160239363e-08 5.53192321950391e-09 5.52027619171724e-09
2.34373223904072e-06 6.67812316379468e-07 7.8465906335623e-05 0.00105085654358845 0.000547949971223716 0.0902473766356707 0.315792942047119 0.154364355653524 0.00403784167720005 0.00045429177916958 0.000156608629913535 0.00014793874543102 0.00176636055693962 0.000792553939390928 0.000821687084680889 0.00015538206716883 0.00580514080356806 0.00508505336474627 0.522844994068146 0.506075778603554 0.00400085386354476 3.50556438661442e-05 3.21129330131953e-05 8.70522178502142e-06 1.92946387869597e-05 8.62200807887348e-06 3.82056466150971e-05 4.56181691333768e-05 1.42567642797076e-05 2.1532038681471e-05 1.24732109085812e-06 0.000141908871228225 0.0645419731736183 0.00124697209976148 7.21098429039557e-06 2.34265690437496e-06 6.34704606454761e-06 2.29206106894253e-06 2.3521669866966e-06 3.31252359320189e-08 1.03484190105974e-08 3.21954517712442e-08 1.03201101775419e-08 1.51141844995095e-07 7.94691121797086e-08 4.52474139933656e-08
1.4009482538313e-05 4.1746918213903e-06 3.49498051335218e-06 2.61612492749919e-05 3.50624113025333e-05 0.00664405329152942 0.18545583859086 0.347845458984375 0.242136929929256 0.00888901294674724 0.00507570730987936 0.000231867557522492 3.19464015774429e-05 0.000121692927314143 0.000134986015109462 0.0002501101083908 0.00446878221118823 0.00515746201854199 0.00392543845809996 0.00443260492174886 4.95883009989484e-05 0.000136454270977993 2.27056450057717e-05 1.20882992860061e-05 2.80969843515777e-05 1.53580293499545e-05 1.29743653360492e-05 1.94276751244615e-05 9.04928496311186e-05 6.27028908638749e-05 2.26104236162428e-05 0.00258286279276945 0.153026734292507 4.50532704689976e-06 1.83086288707557e-07 1.74892864606591e-05 1.79094782197353e-05 4.65752488594262e-06 2.0320409987562e-06 4.86849806691225e-07 3.89191955108004e-08 2.84883305834427e-08 4.38462312679633e-08 4.9213975739093e-08 5.7281686594024e-08 1.19300135326128e-09
-9999 -9999 -9999 9.08681320197502e-06 7.29252123363722e-06 3.35893512328767e-06 8.42525139887584e-05 0.0328436577692628 0.11896295696497 0.21548363417387 0.00150856361433398 0.0454462313093245 0.00017304829088971 2.95322041665713e-06 0.000106639307341538 0.00139197710668668 0.00143891912011895 9.07723706404795e-05 4.48300645075506e-05 1.65862128653771e-06 7.08101426425856e-05 -9999 -9999 0.00141931655816734 3.31066813430425e-07 9.89754335023463e-06 9.59410554060014e-06 1.0353687684983e-06 -9999 -9999 -9999 0.000285237425850937 0.00110960025631357 2.37144691084268e-07 5.15313980713472e-06 4.39495403981027e-07 1.15326640610647e-06 5.74983097294535e-06 2.57332312685321e-06 8.81190231893925e-07 7.99243572657815e-08 5.2571759168174e-09 3.23575330796189e-07 1.7940095498048e-08 2.94807153800036e-08 6.24177618480104e-09
-9999 -9999 -9999 -9999 -9999 0.000152628205250949 0.000120562163283466 0.00106850797892548 0.0267795642837882 0.00406410649302416 5.98116676883365e-05 7.52256493797177e-05 1.85319529691697e-05 1.35556236386947e-06 7.10593725727904e-07 1.82765305680732e-06 4.21421631472185e-05 1.63080267157056e-05 1.24747249543589e-06 4.72614882710332e-05 -9999 -9999 -9999 -9999 -9999 -9999 0.000368561026698444 -9999 -9999 -9999 -9999 0.000287434408892295 4.50835765150259e-05 3.34845523184413e-06 2.76836669854674e-06 1.44970484825535e-06 4.06936990202667e-06 3.54686705577478e-05 1.10246609210662e-06 1.71886723876469e-07 2.32469516969758e-09 4.22009147627023e-09 4.35379117202928e-09 1.77888755947819e-09 1.22325782836441e-10 8.2641904430858e-11
-9999 -9999 -9999 -9999 -9999 -9999 -9999 6.1835615284167e-06 1.27119783854823e-05 0.0201657064259052 0.0328822893090546 0.000821653561433777 0.000252498179906979 9.63870381383458e-05 4.17447834024642e-06 4.36043002309816e-06 2.75193530541173e-07 2.12978814317921e-06 7.21925700418069e-05 -9999 -9999 -9999 -9999 -9999 -9999 -9999 -9999 -9999 -9999 0.000326280860463157 2.67883930064272e-05 1.23745313430845e-05 6.39746092474525e-06 2.49131396117264e-06 1.97502465084654e-06 2.82010116734455e-06 4.21634948679639e-06 1.45161490650025e-06 2.55540723514969e-07 8.84539160139752e-08 2.37718269513465e-09 2.01882077721649e-10 1.21557885979229e-10 2.03968031353696e-09 1.05875486156037e-10 6.334610613834e-11
-9999 -9999 -9999 -9999 -9999 -9999 -9999 -9999 2.32192734159753e-06 0.000206027918829932 5.41758287226912e-05 3.64090085440694e-06 2.93468814582809e-07 1.89060135724617e-07 3.21616041887296e-07 1.54896342863253e-07 1.39616482073279e-06 -9999 -9999 -9999 -9999 -9999 -9999 -9999 -9999 -9999 -9999 -9999 -9999 0.00334064394046436 0.000348456769279437 3.5213048067817e-05 8.96564320100879e-06 1.45352509832719e-06 2.23881845897722e-06 3.07275962541098e-07 7.94904975265354e-07 3.16313942150259e-08 5.48015377077604e-08 8.43204015055221e-08 4.29319194861222e-08 3.41111772161895e-10 4.33376725617052e-09 2.35740994503075e-09 1.23538690388614e-10 1.01986441514157e-10
-9999 -9999 -9999 -9999 -9999 -9999 -9999 -9999 -9999 0.000489534741791431 1.43100614877767e-06 2.81969688330719e-05 -9999 -9999 -9999 -9999 -9999 -9999 -9999 -9999 -9999 -9999 -9999 -9999 -9999 -9999 -9999 -9999 -9999 -9999 0.000640584481880069 0.000110529828816652 1.16607935069624e-05 1.9958204404702e-06 8.86686264038872e-06 1.2009771069188e-06 6.22983475295769e-07 1.99367574182929e-07 1.25672169417612e-06 4.34698749884888e-08 3.37015762852388e-08 2.95247727599701e-08 1.37896488006106e-08 1.01795372131619e-10 6.67695787548439e-11 3.9312286759241e-11
-9999 -9999 -9999 -9999 -9999 -9999 -9999 -9999 -9999 -9999 -9999 -9999 -9999 -9999 -9999 -9999 -9999 -9999 -9999 -9999 -9999 -9999 -9999 -9999 -9999 -9999 -9999 -9999 -9999 0.000278384684497723 0.0051234561833553 0.000161258530715713 1.075036916518e-05 4.62537641396921e-06 3.74178900983679e-06 3.13408349938982e-06 1.01519992767862e-06 3.40391511644e-09 7.10294328909455e-09 4.47517900514782e-10 3.11549863685201e-10 4.60981086636281e-09 1.91634507373806e-08 7.86067555491599e-09 2.3420178685285e-09 1.562705598257e-09
-9999 -9999 -9999 -9999 -9999 -9999 -9999 -9999 -9999 -9999 -9999 -9999 -9999 -9999 -9999 -9999 -9999 -9999 -9999 -9999 -9999 -9999 -9999 -9999 -9999 -9999 -9999 -9999 -9999 1.84999714178957e-06 0.000342026359430747 0.000393495515163522 4.19917815293047e-06 1.68937725106844e-06 5.0688677930566e-07 1.55748485042295e-07 7.10828377492589e-08 2.33446706410234e-10 1.59859558923614e-10 1.46787382249158e-10 1.10776909867383e-10 1.02724362349704e-10 1.14783704763255e-09 7.91540688549475e-10 2.37795594326684e-10 4.31130242617428e-11
-9999 -9999 -9999 -9999 -9999 -9999 -9999 -9999 -9999 -9999 -9999 -9999 -9999 -9999 -9999 -9999 -9999 -9999 -9999 -9999 -9999 -9999 -9999 -9999 -9999 -9999 -9999 -9999 -9999 2.27848643589823e-05 0.000545396521920338 0.00072959678072948 6.2830081787979e-06 3.59853473952398e-07 2.78975120693303e-07 1.20855497982575e-06 2.33224661805309e-09 2.87376400454065e-10 1.30422050936829e-10 9.06129948852197e-11 1.021984719074e-10 1.14727094491229e-10 1.12211995251243e-10 7.26402749062771e-10 5.62540281023871e-10 4.36703173622988e-10
-9999 -9999 -9999 -9999 -9999 -9999 -9999 -9999 -9999 -9999 -9999 -9999 -9999 -9999 -9999 -9999 -9999 1.16837312816642e-05 1.13001765612353e-05 -9999 -9999 -9999 -9999 -9999 -9999 -9999 -9999 -9999 -9999 0.000133496749549522 0.000153264576510992 0.000217183580389246 4.41488115029642e-05 4.22544542288961e-06 2.73250672222503e-07 9.10431307232784e-08 2.26072849329739e-10 2.0617060281225e-10 1.90725946147552e-10 1.47223244706396e-10 1.70170799673741e-10 1.60002355809041e-10 1.07637112556347e-09 8.2270047441213e-10 6.09282502228581e-10 4.66680982746936e-10
-9999 -9999 -9999 -9999 -9999 -9999 -9999 -9999 -9999 -9999 -9999 -9999 6.51268399209926e-08 3.18628914142138e-08 5.69032129638103e-08 6.10584912852374e-08 4.04935280418073e-08 9.08076019641158e-06 -9999 -9999 -9999 -9999 -9999 -9999 -9999 -9999 -9999 -9999 -9999 -9999 0.000215131064760499 0.00184494061395526 4.80904387586634e-05 6.76145431270925e-06 5.0495661412242e-07 9.43077816373261e-07 7.4821781104184e-09 5.20326959296824e-10 3.78199094264176e-10 2.7795254986529e-10 2.83500489750566e-10 2.80075707070893e-10 1.5996894919823e-09 1.35406287293804e-09 1.06379063335993e-09 7.78705200321639e-10
-9999 -9999 -9999 -9999 -9999 -9999 -9999 -9999 -9999 5.17362430563217e-08 1.3711222854873e-07 5.30388463459985e-07 3.49710334646147e-07 1.15131551670089e-07 7.80063108329898e-08 4.1724432975343e-07 1.85254459239559e-07 9.72514868635699e-07 -9999 -9999 -9999 -9999 -9999 -9999 -9999 -9999 -9999 -9999 -9999 0.000110000839777058 0.000139616104934248 0.00283605185104534 1.75944555849128e-06 1.08618211811518e-06 2.60568116914328e-06 1.91306769536936e-07 1.41417844323755e-08 7.65099772426225e-10 7.50324791187751e-10 6.61864796303035e-10 6.3378789993962e-10 8.21332257761043e-10 6.14534657605859e-09 3.41880299625785e-09 2.1239581649013e-09 2.43098027263855e-09
-9999 -9999 -9999 -9999 -9999 -9999 -9999 -9999 1.00897488664486e-05 4.62414178855397e-05 7.76095433607793e-07 9.61875986682514e-07 5.41507454321355e-08 1.48583901005139e-07 1.94198998570982e-07 7.70496055224612e-07 -9999 -9999 -9999 -9999 -9999 -9999 -9999 -9999 -9999 -9999 -9999 -9999 -9999 1.11634298491481e-05 3.90868124668486e-05 0.000366897629282903 0.000145869147672784 3.82817994250217e-05 1.01674536608698e-05 1.26770457953285e-07 1.33750432240731e-07 1.10122494456633e-09 1.33481155017989e-09 2.30397665390569e-09 2.46229254763364e-09 4.98486855127211e-09 2.66736435161619e-09 5.25944915397147e-09 2.18134745821885e-08 7.51894987383039e-09
-9999 -9999 -9999 -9999 -9999 -9999 -9999 -9999 -9999 1.37765689487424e-06 2.74178541417314e-06 8.72009904639981e-07 5.20966904460352e-07 4.54410244401515e-06 -9999 -9999 -9999 -9999 -9999 -9999 -9999 -9999 -9999 -9999 -9999 -9999 -9999 -9999 -9999 -9999 1.13196483425781e-05 5.82033815589966e-05 6.682567181997e-05 0.000161829565331573 3.03396906886633e-06 3.39873150068115e-08 1.68221436780414e-09 3.17506548830337e-09 2.85380892250942e-09 1.36562314789757e-09 1.00489762178135e-08 1.39133698118243e-08 1.36707505760114e-08 7.33914763406673e-09 4.27347957021595e-09 1.36320060795114e-09
