Maxent_result_files_2/B_portschinsky_3.asc
NCOLS 594 
NROWS 330 
XLLCORNER -15 
YLLCORNER 23 
CELLSIZE 0.166666666666667 
NODATA_value -9999 
[rows 280 to 299 of 330, columns 528 to 571 of 594]
6.8557381993628e-13 7.68096697356668e-13 8.71469563179517e-13 1.01111341521687e-12 4.74609240797008e-13 1.19223519945422e-12 1.34952049535286e-12 1.88127291522733e-13 2.29800622975063e-12 1.4785506152748e-12 2.13052908648592e-12 6.07619510262225e-12 3.08025827067127e-12 3.12011527725531e-12 3.51617623906009e-12 6.41846575888394e-12 9.05997499245359e-12 9.57761647768507e-12 4.62092586417384e-12 1.80401249494366e-12 3.85084186760309e-12 5.83449955016135e-12 3.26072502332408e-14 6.65822952328199e-13 1.27570176644554e-12 1.72540304266278e-10 1.38784316261464e-09 7.79405451289961e-10 2.64673822525374e-08 1.85867093901448e-06 0.00028726728478432 0.0176219250424765 0.000278667772881125 3.47541583954669e-05 4.09973703586752e-06 2.5740218384418e-05 1.77427934250463e-05 1.57795261831462e-06 7.9046405716543e-06 0.00442396786929464 0.00975762161492639 0.000787633148036093 0.000250450583905604 0.000382645367033185
6.37967456640354e-13 6.83897383169096e-13 2.84428036678719e-13 3.14759329711478e-13 8.11795075605914e-13 9.70556968127312e-14 5.01487740223183e-14 5.26334531514294e-13 1.21415100196032e-12 2.24164020679041e-12 1.46885836826982e-12 1.86489712561411e-12 2.10689243829165e-12 2.20311546783591e-12 5.24424947911939e-12 2.81514811462102e-12 7.76169128968718e-12 4.23204804533839e-12 8.97408813926859e-12 9.55563406179749e-12 2.18416396080556e-12 4.07046618633444e-12 3.65152352799214e-14 4.15223411209809e-15 5.54001289287953e-14 5.58074031431488e-11 3.54570393268361e-08 2.36541644382804e-08 1.81106104890638e-08 2.42801287964056e-09 1.28166608437397e-09 4.91729229807447e-05 0.0024486852602422 0.000243076381205498 0.0124709502968471 0.00271547732659201 8.29529561248266e-05 3.44301848110851e-06 6.02358709245188e-08 4.03528767733974e-07 3.86794548358216e-06 0.000525775927087757 0.00227882483645487 0.000122171592040843
2.20945484130652e-13 2.19169127291252e-13 4.79138950737479e-13 5.10524955643632e-13 2.44981812613787e-13 7.16537940093076e-14 9.16378084525604e-14 9.54969436861575e-13 6.11621864265999e-14 1.32104327477123e-12 1.07212017042002e-12 2.70994338080754e-12 3.18099990792575e-12 3.55676599284038e-12 1.84608994757696e-12 2.21407336908896e-12 4.53662662991405e-12 4.93169949322692e-12 3.83595377684287e-12 3.83466591813431e-12 4.13292733369985e-12 9.0072171943234e-12 2.60250709871457e-12 4.4619863359685e-14 5.03819208574896e-14 4.72525352179787e-12 7.96426635751857e-10 5.79264665678814e-08 2.73242533377349e-08 1.03698827302878e-11 5.05476771550661e-12 6.58464728298114e-09 2.05727288142832e-06 0.000689890227613432 0.000823702010075067 0.000116859345920073 6.572888840507e-05 6.18862062706782e-08 1.42881110438031e-05 1.92776183904897e-10 6.0008398945266e-06 9.03814839955275e-05 0.000601318584668919 0.000643328515117147
2.27362573212986e-13 1.54465329416098e-13 2.40829578501689e-13 3.67417207769449e-13 4.28934665563929e-13 2.34001706900244e-13 3.0364599723498e-14 3.38395977905748e-14 9.35096444720784e-13 5.19329024228909e-13 1.41702205525007e-12 8.22486523333055e-13 2.03851380220499e-12 2.49650300432336e-12 3.01576541517079e-12 1.91359150747417e-12 5.87141446573014e-12 3.86549681152815e-12 3.92407217830737e-12 7.74907915612744e-12 8.77052874770356e-12 9.44193612184563e-12 3.88521437244549e-12 3.34587912931283e-13 5.47339951140202e-14 3.06765723934177e-13 9.66204538599413e-10 3.29697691370257e-09 2.1398869787248e-09 9.11481432552819e-09 3.55741325286374e-10 1.59158475288024e-10 5.91959814499887e-13 5.07234195756823e-09 1.01416680026389e-05 0.00036725590335891 0.000405344416645903 3.49970973941183e-05 0.000184084856914435 0.00180188240375401 0.000780106467396458 0.00407624747375621 0.00162287873430103 0.000102273654682261
1.85784720940774e-13 9.04165631254727e-14 1.02529096324133e-13 1.26565424807268e-13 3.5544900356399e-13 4.05508959744338e-13 2.17048601314218e-14 5.29853938502356e-13 2.9490854203118e-13 3.84370313355475e-13 1.03708153176285e-12 5.48483480855566e-13 6.0972338289389e-13 7.65199015262397e-13 1.06258335463849e-12 3.3519187425668e-12 1.98187022348861e-12 5.1182058591337e-12 3.50748319277727e-12 3.82750497962547e-12 7.84127207609231e-12 3.79308806586209e-12 8.63030757969341e-12 3.40493189199265e-12 1.77887704566615e-12 6.06181771445335e-15 1.75859327100625e-14 4.24198454140878e-12 8.11839484526899e-13 7.60321916537521e-11 3.89074816808943e-10 1.17005205524379e-10 2.26493379607007e-11 5.72296654510751e-12 2.37316322149184e-10 7.84660325603426e-10 2.79507417211278e-11 3.62507385084143e-05 0.000544252735744521 6.89167498124643e-07 0.0120812722587289 0.000170469913590365 4.69697125911828e-05 1.75906287579686e-05
6.3904437297424e-14 7.59614593448532e-14 1.62936331093988e-13 9.19819775901942e-14 2.30404584300459e-13 1.23734356094474e-13 3.48920892179194e-13 2.10920170218287e-13 6.26299012651543e-13 6.70552502413102e-13 3.50652840097609e-13 8.38595859420366e-13 4.0082381858042e-13 5.37925259891381e-13 7.89590615113411e-13 2.43323139414997e-12 1.5054846258522e-12 4.07112121791897e-12 5.03211916580426e-12 3.51892959216116e-12 4.710787315787e-12 6.91652290996103e-12 5.02701213989099e-12 5.49026379914608e-12 2.91855428713461e-12 1.83320025826106e-12 2.95874436062604e-14 4.81836792687318e-15 3.96682686698568e-14 1.97508676080815e-14 6.9289018966856e-13 1.03313135824123e-11 2.58978916090058e-10 3.25528493050342e-13 4.38421521309351e-12 8.05033817385947e-13 1.41471279135885e-12 1.3696976886024e-11 4.54687254514141e-10 1.05554918702344e-06 0.00544142835196908 0.00010196808725712 0.000816841149623038 0.000483515319474748
1.0946799022804e-13 5.313527395856e-14 5.06150676926609e-14 1.34636746196293e-13 6.61137811164281e-14 6.61581900374131e-14 1.2605472221594e-13 4.08684197594766e-13 4.72255567984803e-13 5.56110713034741e-13 2.61390908917747e-13 4.04243305496266e-13 3.04845038101576e-13 8.9269702741035e-13 5.80091530366644e-13 1.79714021442123e-12 2.24577023644201e-12 2.59029464544369e-12 3.39021033468612e-12 4.70842254074455e-12 5.80682169015745e-12 2.9390267997087e-12 2.93269852846834e-12 6.27813356857132e-12 2.6543878206553e-12 4.75343098216285e-12 1.73089320654185e-12 4.11959355517411e-13 1.73305814143987e-14 2.52020626589911e-15 1.4299672557172e-13 6.62248034188906e-14 1.94289029309402e-14 9.64783808399261e-14 1.40887301824932e-14 1.34470212742599e-13 2.39738229268482e-12 3.22430970811638e-13 3.52231133149417e-11 1.10906402809308e-06 3.65098223451987e-05 0.000383980233072201 0.00775455861376031 0.0135179234270254
2.76667577736589e-14 5.39124300757976e-14 3.84137166520304e-15 1.22124532708767e-15 4.02011757216769e-14 7.29416527178728e-15 9.59232693276135e-14 2.24065210829849e-13 1.48603351846077e-13 1.86572979288258e-13 1.96032079458064e-13 2.26285656879099e-13 2.69895217286376e-13 3.31934479902429e-13 9.48330303174316e-13 5.49649215031423e-13 1.45805589824022e-12 7.57116591643126e-13 8.69737615261101e-13 2.55473420196495e-12 1.61838320522634e-12 2.39995801010195e-12 2.60019783482335e-12 2.6292079624568e-12 2.42135200778648e-12 4.54392079518584e-13 1.67612590473709e-12 3.67877950324669e-12 1.58596469290728e-12 1.69908531688634e-13 5.21804821573824e-16 3.73034936274053e-15 6.66133814775094e-16 3.8968828164343e-15 2.1462043253706e-11 4.61473859125761e-11 2.49412671626814e-09 5.8304439054524e-11 1.77567960335523e-12 1.6909140754251e-12 2.29819134833775e-09 4.48922055085177e-10 1.54315029310403e-08 2.55324323350514e-08
1.90625293328139e-14 4.65183447317941e-15 2.26485497023532e-15 2.683409050519e-14 3.3761882178851e-14 8.29336599394992e-15 4.9737991503207e-14 6.64801547145544e-14 8.96949181594664e-14 1.21003207453896e-13 2.97983859809392e-13 4.21218615542784e-14 2.04836148043341e-13 2.54973819835413e-13 7.20423720679264e-13 8.59334825520364e-13 4.36894964650492e-13 4.93338703222435e-13 5.51814149929442e-13 6.32127683530825e-13 9.22184550944394e-13 2.88415957783172e-12 4.24825730149792e-12 4.44032588475807e-12 2.07306394273132e-12 1.79966042068713e-12 1.64168678651322e-12 2.2613466654775e-12 1.38852263020794e-12 2.32063257499249e-12 8.28803692343172e-13 2.44249065417534e-16 1.45439216225896e-15 7.22755189030977e-15 1.3944401189292e-14 4.08617695235591e-11 9.64493129806954e-10 2.48513543077422e-11 4.99489338778858e-14 3.32578409256712e-13 3.28737037591509e-14 7.86566367594332e-12 3.98658883682401e-13 1.0556000518136e-13
1.50324197534246e-14 1.87183601951801e-14 2.48689957516035e-15 2.79776202205539e-15 2.57016630200724e-14 2.88769008705003e-14 3.3673064336881e-14 4.36206626375224e-14 1.29063426612674e-13 7.35633776116629e-14 8.56537063498308e-14 1.0831335828243e-13 1.41375799955767e-13 1.85951254394467e-13 2.35100827694623e-13 6.43529673993726e-13 3.37740946321219e-13 7.8775874712278e-13 3.88566956388559e-13 4.26936264119604e-13 9.97379956402256e-13 8.26050339242101e-13 1.25434107545175e-12 3.22396553897875e-12 3.24622551062248e-12 3.52463613850773e-12 1.52351464777212e-12 1.33639765920179e-12 2.74751332796086e-12 2.44638753699178e-12 8.06399391706236e-13 1.0680345496894e-14 5.88418203051333e-16 1.70974345792274e-15 1.35447209004269e-15 1.60622626310669e-12 2.72964628678096e-10 4.9471537977297e-14 1.81399339993504e-13 2.15812145931693e-11 1.03261843520386e-13 2.76889622341514e-13 2.89102075612391e-14 1.68642877440561e-14
2.70783395706076e-14 2.22044604925031e-16 3.66373598126302e-16 1.88737914186277e-15 1.90958360235527e-15 2.99760216648792e-16 6.65356658657856e-14 1.0769163338864e-15 1.16018306073329e-14 6.12065953475849e-14 7.34967642301854e-14 8.93618512520788e-14 2.29261054585095e-14 1.46183065652394e-13 3.93396426545678e-13 2.17303952609882e-13 5.77393688416805e-13 6.35036467855343e-13 6.04694072592338e-13 3.11928260998684e-13 3.71813690946965e-13 5.35305133553266e-13 8.22286683188622e-13 1.29938282356079e-12 1.32936994745592e-12 1.37123645771453e-12 2.90889534682037e-12 2.64104293989931e-12 2.26614282894388e-12 9.21263065833955e-13 8.8840046430505e-14 1.48976386782351e-12 1.38826727891228e-12 3.24185123190546e-15 4.51971793324901e-14 2.44249065417534e-15 1.90958360235527e-15 1.41586742330446e-13 1.99619210050628e-12 4.40208092200578e-11 2.43944864308787e-12 5.79110093212876e-12 2.33146835171283e-14 5.298784744312e-11
3.33066907387547e-16 1.66533453693773e-16 1.22124532708767e-16 8.32667268468867e-16 1.18793863634892e-15 1.99840144432528e-15 2.02060590481778e-15 2.35367281220533e-15 2.99760216648792e-15 9.09272657168003e-15 3.28626015289046e-15 6.72795152922845e-15 7.73825448163734e-15 9.20374887414255e-14 1.18716148023168e-13 3.44957395981282e-13 1.80688797257744e-13 4.77073935911676e-13 2.20456985999817e-13 5.20850029772646e-13 3.1238345243878e-13 4.00057764693429e-13 6.11388717430827e-13 1.13901110765369e-12 2.4196533665588e-12 2.15534257108629e-12 1.07416298078533e-12 2.16043849476932e-12 1.39602773785441e-12 8.09163847037553e-13 1.59749991013314e-13 1.5165979583287e-12 1.24148469282659e-12 8.13982214964426e-13 6.11644068726491e-13 9.99200722162641e-17 1.10689235555128e-14 5.44009282066327e-16 1.62581059726108e-13 2.30471197681936e-13 1.81066273086117e-13 1.71307412699662e-13 6.30917540433984e-13 2.33257857473745e-14
5.55111512312578e-16 9.99200722162641e-16 4.9960036108132e-16 1.55431223447522e-16 2.22044604925031e-17 2.22044604925031e-17 1.11022302462516e-17 5.55111512312578e-17 4.09672296086683e-15 3.77475828372553e-16 8.88178419700125e-17 1.08801856413265e-15 3.68594044175552e-15 7.29416527178728e-15 8.59423643362334e-14 1.11299858218672e-13 2.647881913731e-13 1.64523950019202e-13 1.84319226548268e-13 4.37239133788125e-13 2.43327580307096e-13 3.21853654838833e-13 4.33231228669229e-13 6.19460038819852e-13 1.97930560830173e-12 9.80648895421154e-13 1.90604199090671e-12 7.78210829111003e-13 1.55722101879974e-12 1.53532742075413e-12 6.20836715370388e-14 5.42610401055299e-13 1.13874465412778e-12 8.62621085673254e-13 3.51085827077213e-13 6.55964171869527e-13 1.88793425337508e-13 3.99680288865056e-16 6.77236045021345e-16 1.33226762955019e-15 1.2490009027033e-14 5.51780843238703e-15 7.8381745538536e-15 9.99200722162641e-16
2.22044604925031e-17 3.33066907387547e-17 0 0 0 0 0 0 1.11022302462516e-17 1.11022302462516e-17 0 1.11022302462516e-17 2.22044604925031e-16 1.18793863634892e-15 2.85327317328665e-15 7.28084259549178e-14 1.68387526144897e-13 2.83695289482466e-13 1.57229784747415e-13 1.79845027759029e-13 2.16893170090771e-13 2.46258569092106e-13 6.48292530769368e-13 9.34763377813397e-13 1.10558229238222e-12 1.59323665371858e-12 6.90092427646505e-13 1.28258514919821e-12 6.95798973993078e-13 1.19121379427156e-12 5.47561995745127e-14 9.44078148990002e-13 9.64395230340642e-13 8.75555183910137e-13 3.01925151546811e-13 2.60458321577062e-13 5.7734927949582e-13 4.29034585636146e-13 3.10862446895044e-16 2.77555756156289e-16 1.77635683940025e-16 9.99200722162641e-17 1.99840144432528e-16 7.105427357601e-16
0 0 0 0 0 0 0 0 0 1.11022302462516e-17 1.11022302462516e-17 1.11022302462516e-17 1.11022302462516e-17 2.22044604925031e-17 1.22124532708767e-16 1.00364161426114e-14 6.05737682235485e-14 9.04831765069503e-15 2.51965115438679e-13 1.38855593689868e-13 3.98636679221909e-13 2.82096568327006e-13 2.54340992711377e-13 3.14437365034337e-13 6.23512352859734e-13 1.15114584531284e-12 1.17118537090732e-12 7.58815232870802e-13 5.29964960804818e-13 1.00488506404872e-12 4.37871960912162e-14 7.16915415921449e-13 6.79600820063797e-13 3.24329452183747e-13 3.92330612442038e-13 5.37492272911777e-13 2.08610906327067e-13 1.33215660724773e-13 4.09094980113878e-13 9.71556168849475e-14 5.24946752733513e-13 6.40509867366745e-13 2.66453525910038e-16 5.55111512312578e-17
0 0 0 0 0 0 0 0 0 0 2.22044604925031e-17 1.11022302462516e-17 4.44089209850063e-17 3.33066907387547e-17 3.33066907387547e-17 3.30846461338297e-15 6.12621064988161e-14 6.01851901649297e-14 1.34714461808017e-13 9.98090499138016e-14 1.40654154989761e-13 4.32232027947066e-13 2.19713136573318e-13 3.90609766753869e-13 3.1570301928241e-13 4.08151290542946e-13 3.79585252119341e-13 6.53965770425202e-13 5.73674441284311e-13 7.63211716048318e-13 7.05413505386332e-13 6.28219698484145e-13 6.54332144023328e-13 2.63211674678132e-13 4.45377068558628e-13 2.09732231581938e-13 3.6161074135066e-13 1.70297109747253e-13 3.81294995577264e-13 1.6207035713478e-13 1.37945210809676e-13 3.14193115968919e-15 3.50830475781549e-15 4.55191440096314e-16
0 0 0 0 7.7715611723761e-17 0 0 0 0 1.11022302462516e-17 1.11022302462516e-17 1.11022302462516e-17 1.11022302462516e-17 1.06581410364015e-15 7.21644966006352e-16 3.39728245535298e-15 7.51843032276156e-14 8.35664870635355e-14 9.21374088136417e-14 2.05591099700086e-13 1.20259358027397e-13 3.13560288844883e-13 1.5931700403371e-13 3.33466587676412e-13 5.73652236823818e-14 1.65079061531515e-13 3.03712610616458e-13 5.48250334020395e-13 6.42652597804272e-13 2.93076674040549e-13 6.36979358148437e-13 2.4944490917278e-13 2.09854356114647e-13 3.68727270938507e-13 4.666378394802e-13 1.92912352758867e-13 1.61404223320005e-13 1.51678669624289e-13 1.44584344496934e-13 3.16779935616296e-13 2.53708165587341e-13 9.2148511043888e-15 1.60316204755873e-13 5.77315972805081e-16
0 0 0 0 0 0 0 0 2.22044604925031e-17 1.11022302462516e-17 1.11022302462516e-17 1.11022302462516e-17 1.11022302462516e-17 4.75175454539567e-15 3.40838468559923e-15 1.28019816969527e-13 7.43072270381617e-14 9.49351708356971e-14 9.37583344295945e-14 1.02995389994476e-13 1.25899290992493e-14 1.03550501506788e-13 1.20137233494688e-13 3.46611628287974e-14 4.19664303308309e-14 2.8679281172117e-13 2.67668109898978e-12 2.08577599636328e-13 4.73610040074845e-13 4.12581080411201e-13 4.614530979552e-13 5.41011679899839e-14 1.65456537359887e-13 3.52617934851196e-13 3.36231043007729e-13 1.47259981986281e-13 1.30817578991582e-13 1.1607381722456e-13 1.47259981986281e-13 1.09134923320653e-13 1.03927977335161e-13 2.61901611509074e-14 1.90070181815827e-14 3.74478226206065e-14
0 0 0 0 0 0 0 9.99200722162641e-17 1.11022302462516e-17 5.55111512312578e-17 2.22044604925031e-17 6.66133814775094e-17 1.11022302462516e-16 2.97539770599542e-15 1.16684439888104e-14 1.66311409088848e-13 7.65720820083971e-14 8.73301431170148e-14 2.31481500634345e-13 1.29063426612674e-13 1.09745545984197e-13 1.69175784492381e-13 1.09279252313854e-13 1.56341606327715e-13 1.35724764760425e-13 2.82851519983751e-13 1.97675209534509e-13 2.06523687040772e-13 1.89714910447947e-13 3.79418718665647e-13 1.75737202567916e-13 4.413136522885e-14 1.45072842627769e-13 1.26065824446187e-13 1.25843779841261e-13 2.73159272978774e-13 2.5051072327642e-13 1.00153219051435e-13 9.0694118881629e-14 1.97042382410473e-13 2.00295335872624e-13 7.82596210058273e-14 8.04689648248313e-14 5.47339951140202e-14
0 0 0 0 3.33066907387547e-17 1.11022302462516e-17 0 3.33066907387547e-17 1.66533453693773e-16 3.21964677141295e-16 4.44089209850063e-17 1.87849735766576e-14 3.85014242709758e-13 2.4757973449141e-15 1.4344081478157e-14 1.21569421196455e-14 2.11841655328726e-13 7.83928477687823e-14 2.53974619113251e-13 1.57973634173914e-13 1.30306876400255e-13 1.14097620240727e-13 1.23556720410534e-13 1.46571643711013e-13 7.54285522930331e-14 1.93445259810687e-13 2.78599365799437e-13 3.48521211890329e-13 1.62292401739705e-13 1.42963418880981e-13 3.18467474613726e-13 3.04511971194188e-13 1.29085631073167e-13 1.20325971408874e-13 2.19513296428886e-13 2.16371365269197e-13 1.91546778438578e-13 8.8751228588535e-14 8.19566636778291e-14 7.52176099183544e-14 1.76481051994415e-13 7.51620987671231e-14 1.7125190154843e-13 5.14255305006372e-14
