Maxent_result_files_2/B_pomorum_3.asc
NCOLS 594 
NROWS 330 
XLLCORNER -15 
YLLCORNER 23 
CELLSIZE 0.166666666666667 
NODATA_value -9999 
[rows 300 to 319 of 330, columns 368 to 413 of 594]
5.29465360443737e-14 5.36237720893951e-14 4.8150372577993e-14 4.48530101948563e-14 4.13669098975333e-14 4.13113987463021e-14 4.32320845789036e-14 4.83835194131643e-14 5.24802423740311e-14 5.64992497231742e-14 5.84643444767607e-14 5.53668222380566e-14 5.42121902924464e-14 5.16586773358085e-14 1.59970814372912e-11 -9999 -9999 -9999 -9999 -9999 -9999 -9999 -9999 -9999 -9999 -9999 -9999 -9999 -9999 -9999 -9999 3.40530936782102e-12 9.55568957294872e-14 6.02518035464073e-14 1.29191102260506e-12 1.42863498808765e-12 1.14053211319742e-13 5.52335954751015e-14 3.0909719228589e-13 8.005818230572e-14 6.62470078793831e-14 1.73283609683494e-13 1.11310960448918e-13 2.5534019343354e-13 3.00437452693814e-13 2.10609307771392e-13
4.64739358108091e-14 4.24882351524047e-14 4.24771329221585e-14 4.43645120640213e-14 4.11670697531008e-14 4.33986180325974e-14 4.74287276119867e-14 5.05817610019221e-14 5.26800825184637e-14 6.28719298845226e-14 5.92415005939984e-14 6.38267216857002e-14 4.56523707725864e-14 5.22026866178749e-14 8.44213587924969e-14 -9999 -9999 -9999 -9999 -9999 -9999 -9999 -9999 -9999 -9999 -9999 -9999 -9999 -9999 -9999 -9999 -9999 -9999 -9999 -9999 8.54438741981767e-13 4.66382488184536e-12 1.53004275915691e-12 4.51327863970619e-13 3.73179265267254e-13 9.81326131466176e-14 2.367994689223e-13 1.38422606710265e-13 1.4889200983248e-13 2.97817326355698e-13 1.64597224738827e-12
4.77395900588817e-14 4.35984581770299e-14 4.06341627012807e-14 4.15556478117196e-14 5.23248111505836e-14 5.71986902286881e-14 5.16031661845773e-14 4.50972592602739e-14 4.14335232790108e-14 5.40234523782601e-14 5.1547655033346e-14 5.8386628865037e-14 4.24882351524047e-14 4.51194637207664e-14 6.21946938395013e-14 1.88891458030582e-11 -9999 -9999 -9999 -9999 -9999 -9999 -9999 -9999 -9999 -9999 -9999 -9999 -9999 -9999 -9999 -9999 -9999 -9999 -9999 -9999 -9999 1.66034852533414e-11 2.0172974402044e-12 1.83769666151079e-12 4.41102709913821e-13 5.82756065625745e-14 3.888889210657e-13 9.80548975348938e-14 7.35711491728352e-13 1.66435754067606e-12
4.34874358745674e-14 4.74287276119867e-14 4.95492535890207e-14 6.25832718981201e-14 6.74460487459783e-14 4.43201031430362e-14 3.99125177352744e-14 5.61106716645554e-14 6.74460487459783e-14 7.16759984698001e-14 6.97886193279373e-14 6.79567513373058e-14 5.44009282066327e-14 4.85944617878431e-14 7.71160912904634e-14 6.99218460908924e-14 9.779954623923e-14 3.44557715692417e-13 -9999 -9999 -9999 -9999 -9999 -9999 -9999 -9999 -9999 -9999 -9999 -9999 -9999 -9999 -9999 -9999 -9999 -9999 -9999 -9999 3.71702668644502e-14 9.24293974691181e-13 9.83013670463606e-13 1.66622271535743e-13 2.61912713739321e-13 5.97899507681632e-13 6.6285865685245e-12 1.9025336861489e-12
4.24216217709272e-14 4.38316050122012e-14 5.96633853433559e-14 8.1334938784039e-14 9.53681578153009e-14 5.71764857681956e-14 6.87672141452822e-14 8.10018718766514e-14 8.97837360014364e-14 8.41660074968331e-14 7.58615392726369e-14 6.95332680322735e-14 5.08326714054874e-13 5.09481346000484e-14 6.71462885293295e-14 6.09401418216748e-14 8.59978754874646e-14 1.08746345262034e-13 -9999 -9999 -9999 -9999 -9999 -9999 -9999 -9999 -9999 -9999 -9999 -9999 -9999 -9999 -9999 -9999 -9999 -9999 -9999 -9999 -9999 2.91655588569029e-14 7.15594250522145e-13 1.04825037539058e-12 5.87452309019909e-13 2.72804001610893e-13 1.37034827929483e-13 3.32839311667499e-12
5.62550006577567e-14 4.89608353859694e-14 5.84865489372532e-14 7.4806827399243e-14 9.22151244253655e-14 7.51065876158918e-14 7.90700838138037e-14 7.72382158231721e-14 7.31970040135366e-14 8.11128941791139e-14 7.35744798419091e-14 7.2908346027134e-14 3.13193915246757e-14 3.81250586656279e-14 6.57363052880555e-14 6.19726492345762e-14 8.56092974288458e-14 8.83404460694237e-14 1.19715348745331e-13 2.91232593596646e-12 -9999 -9999 -9999 -9999 -9999 -9999 -9999 -9999 -9999 -9999 -9999 -9999 -9999 -9999 -9999 -9999 -9999 -9999 -9999 -9999 -9999 6.76004807687036e-12 1.37190259152931e-13 1.04617425833453e-12 9.13569220273303e-13 1.08524300657109e-13
8.4776630160377e-14 5.8475446707007e-14 5.8697491311932e-14 7.30526750203353e-14 9.53681578153009e-14 8.91731133378926e-14 7.80819853218873e-14 7.45070671825943e-14 6.90447699014385e-14 7.36410932233866e-14 6.47149001054004e-14 4.68070027181966e-14 2.56017429478561e-14 4.01789712611844e-14 5.98299187970497e-14 6.13065154198011e-14 2.55440113505756e-13 1.01274544306307e-13 1.02351460640193e-13 6.59694521232268e-14 1.34158372189219e-09 -9999 -9999 -9999 -9999 -9999 -9999 -9999 -9999 -9999 -9999 -9999 -9999 -9999 -9999 -9999 -9999 -9999 -9999 -9999 -9999 -9999 -9999 2.88435941797616e-14 2.08244532728941e-13 4.80726569662693e-14
6.5669691906578e-14 6.30717700289551e-14 7.1098682496995e-14 8.53761505936745e-14 1.23767662785212e-13 1.31872290864976e-13 1.15707443626434e-13 7.15094650161063e-14 7.28750393363953e-14 7.70827845997246e-14 6.33271213246189e-14 4.53415083256914e-14 6.78901379558283e-14 5.20583576246736e-14 5.51336754028853e-14 6.34714503178202e-14 2.482014593852e-13 8.64308624670684e-14 8.78075390176036e-14 2.53941312422512e-13 7.82629516749012e-13 6.85673740008497e-14 -9999 -9999 -9999 -9999 -9999 -9999 -9999 -9999 -9999 -9999 -9999 -9999 -9999 -9999 -9999 -9999 -9999 -9999 -9999 -9999 -9999 -9999 2.97015412265012e-11 1.53768775490448e-11
8.24007528876791e-14 8.45101766344669e-14 8.31112956234392e-14 9.43356504023996e-14 1.23290266884624e-13 1.19082521621294e-13 1.12132525487141e-13 8.58868531850021e-14 7.93143328792212e-14 7.87703235971549e-14 8.07909295019726e-14 7.99027510822725e-14 9.61009050115536e-14 6.44484465794903e-14 6.3504757008559e-14 6.34048369363427e-14 7.34634575394466e-14 8.41438030363406e-14 7.8115292012626e-14 8.41771097270794e-14 4.68625138694279e-14 1.10456088719957e-13 -9999 -9999 -9999 -9999 -9999 -9999 -9999 -9999 -9999 -9999 -9999 -9999 -9999 -9999 -9999 -9999 -9999 -9999 -9999 -9999 -9999 -9999 -9999 -9999
9.32254273777744e-14 9.08162434143378e-14 9.92872450922277e-14 1.14463993838854e-13 1.17650333919528e-13 1.20159437955181e-13 1.03239639059893e-13 9.99644811372491e-14 8.98392471526677e-14 6.66910970892332e-14 8.07243161204951e-14 8.63531468553447e-14 8.82849349181925e-14 5.72764058404118e-14 6.49591491708179e-14 5.4811710725744e-14 6.75459688181945e-14 7.94919685631612e-14 7.4451556031363e-14 7.41740002752067e-14 6.64246435633231e-14 1.66211489016632e-13 1.44440015503733e-14 -9999 -9999 -9999 -9999 -9999 -9999 -9999 -9999 -9999 -9999 -9999 -9999 -9999 -9999 -9999 -9999 -9999 -9999 -9999 -9999 -9999 -9999 -9999
1.20181642415673e-13 1.02085007114283e-13 1.15962794922098e-13 1.32194255542117e-13 1.20303766948382e-13 1.25854882071508e-13 1.16484599743671e-13 9.30255872333419e-14 9.2104102122903e-14 7.90589815835574e-14 9.79216707719388e-14 1.04272146472795e-13 9.65783009121424e-14 1.06781250508448e-13 9.64672786096798e-14 6.05848704537948e-14 6.28275209635376e-14 8.93507490218326e-14 8.16124945401953e-14 6.3549165929544e-14 8.57314219615546e-14 8.47544256998844e-14 8.72413252750448e-14 -9999 -9999 -9999 -9999 -9999 -9999 -9999 -9999 -9999 -9999 -9999 -9999 -9999 -9999 -9999 -9999 -9999 -9999 -9999 -9999 -9999 -9999 -9999
1.1527445664683e-13 1.47026835151109e-13 1.51967327610691e-13 1.55897517117864e-13 1.5129009156567e-13 1.33448807559944e-13 1.06259445686874e-13 8.64641691578072e-14 9.64783808399261e-14 9.14490705383741e-14 1.03028696685215e-13 1.09090514399668e-13 1.07969189144796e-13 1.20015108961979e-13 7.86815057551848e-14 6.5492056222638e-14 7.75379760398209e-14 1.03583808197527e-13 7.03881397612349e-14 7.38631378283117e-14 9.71667191151937e-14 8.19788681383216e-14 -9999 -9999 -9999 6.06592553964447e-13 -9999 -9999 -9999 7.96251953261162e-14 -9999 -9999 -9999 -9999 -9999 -9999 -9999 -9999 -9999 -9999 -9999 -9999 -9999 -9999 -9999 -9999
1.35358391162299e-13 1.59416924105926e-13 1.87627691161651e-13 1.79667392075089e-13 1.65290003906193e-13 1.4835910278066e-13 1.02451380712409e-13 9.11826170124641e-14 9.0605301039659e-14 1.08957287636713e-13 1.15396581179539e-13 1.22024612636551e-13 1.0982326159592e-13 1.05782049786285e-13 6.84785561588797e-14 6.00075544809897e-14 7.54618589837719e-14 1.08724140801542e-13 1.01940678121082e-13 6.79567513373058e-14 8.68638494466722e-14 8.92064200286313e-14 6.41173780735471e-12 -9999 -9999 5.67421809538615e-10 -9999 -9999 6.88338275267597e-14 5.77871084317394e-14 8.34442515085243e-12 -9999 -9999 -9999 -9999 -9999 -9999 -9999 -9999 -9999 -9999 -9999 -9999 -9999 -9999 -9999
1.96631599891361e-13 2.09499084746767e-13 1.87172499721555e-13 1.79467551930657e-13 1.81799020282369e-13 1.66144875635155e-13 1.2649881142579e-13 1.03139718987677e-13 9.9564800848384e-14 1.14142029161712e-13 1.3345990979019e-13 1.50324197534246e-13 1.53677071068614e-13 1.37467814909087e-13 1.02617914166103e-13 9.57900425646585e-14 1.12898579374132e-13 1.43685063846988e-13 1.35669253609194e-13 8.68860539071648e-14 5.70521407894375e-13 9.9475983006414e-14 6.71906974503145e-14 -9999 -9999 -9999 -9999 -9999 6.36490860017602e-14 5.36459765498876e-14 6.69797550756357e-14 -9999 -9999 -9999 -9999 -9999 -9999 -9999 -9999 -9999 -9999 -9999 -9999 -9999 -9999 -9999
1.46227474573379e-13 3.57247564863883e-13 1.94932958663685e-13 1.88338233897412e-13 1.69608771471985e-13 1.47959422491795e-13 1.33448807559944e-13 1.20425891481091e-13 1.08069109217013e-13 1.1882717032563e-13 1.19426690758928e-13 1.28008714739281e-13 1.47337697598005e-13 1.6530110613644e-13 1.51867407538475e-13 1.06115116693672e-13 1.12121423256895e-13 1.44073641905607e-13 1.41542333409461e-13 7.12352399290239e-13 6.3984373355197e-13 1.10778053397098e-13 1.18804965865138e-13 8.47255599012442e-12 -9999 -9999 -9999 8.23230372759554e-14 6.74571509762245e-14 5.13478148889135e-14 5.28133092814187e-14 -9999 -9999 -9999 -9999 -9999 -9999 -9999 -9999 -9999 -9999 -9999 -9999 -9999 -9999 -9999
1.09945386128629e-13 1.55586654670969e-13 2.4900081996293e-13 2.05790939844519e-13 1.89392945770805e-13 1.51045842500253e-13 1.32149846621132e-13 1.26831878333178e-13 1.23456800338317e-13 1.1731726701214e-13 1.14452891608607e-13 1.16895382262783e-13 1.6251444634463e-13 1.45872203205499e-13 1.85762516480281e-13 1.22535315227879e-13 1.16329168520224e-13 1.33426603099451e-13 1.16506804204164e-13 3.06754621703931e-13 8.18534129365389e-13 1.0689227281091e-13 1.25288668328949e-13 9.64117674584486e-14 5.65791857809472e-13 -9999 -9999 4.91606755304019e-14 5.56554802244591e-14 4.92828000631107e-14 1.14130926931466e-14 -9999 -9999 -9999 -9999 -9999 -9999 -9999 -9999 -9999 -9999 -9999 -9999 -9999 -9999 -9999
1.82032167117541e-13 1.17739151761498e-13 2.47590836721656e-13 2.7805535651737e-13 2.52597942562716e-13 1.80244708047894e-13 1.39366296281196e-13 1.3935519405095e-13 1.32938104968616e-13 1.22635235300095e-13 1.20237153566904e-13 1.13631326570385e-13 1.36168853970275e-13 1.56596957623378e-13 1.98252525507314e-13 1.74738001845753e-13 1.0884626533425e-13 1.3855583347322e-13 1.16184839527023e-13 8.07465205809876e-14 6.97997215581836e-14 1.09079412169422e-13 1.10611519943404e-13 1.01441077760001e-13 7.68385355343071e-14 -9999 -9999 6.86672940730659e-14 5.59552404411079e-14 5.24913446042774e-14 5.69544411632705e-15 1.9873203083165e-10 -9999 -9999 -9999 -9999 -9999 -9999 -9999 -9999 -9999 -9999 -9999 -9999 -9999 -9999
2.32969199487343e-13 1.71385128311385e-13 1.40099043477449e-13 3.21642712464154e-13 3.76521036571376e-13 2.4168445023065e-13 1.69042557729426e-13 1.5359935545689e-13 1.38988820452823e-13 1.32915900508124e-13 1.30151445176807e-13 1.2134737659153e-13 1.30118138486068e-13 1.70774505647842e-13 1.89481763612775e-13 2.0069501616149e-13 1.27431398766475e-13 1.28841382007749e-13 1.06858966120171e-13 1.05726538635054e-13 9.26703158654618e-14 1.04194430861071e-13 9.93982673946903e-14 9.75219904830737e-14 9.13824571568966e-14 -9999 -9999 8.02802269106451e-14 6.12510042685699e-14 2.08333350570911e-13 4.52637927139676e-14 3.55936946583313e-11 -9999 -9999 -9999 -9999 -9999 -9999 -9999 -9999 -9999 -9999 -9999 -9999 -9999 -9999
2.85227397256449e-13 2.29505303650512e-13 1.37279076994901e-13 1.76003656093826e-13 2.62290189567693e-13 2.48090437082737e-13 2.13717932240343e-13 1.7856827128071e-13 1.49857903863904e-13 1.42164058303251e-13 1.31106236977985e-13 1.21935794794581e-13 1.19138032772526e-13 1.58051349785637e-13 1.80955250783654e-13 1.96254124062989e-13 1.41786582474879e-13 1.10478293180449e-13 8.53872528239208e-14 7.76156916515447e-14 8.74855743404623e-14 9.37472321993482e-14 9.89541781848402e-14 9.61786206232773e-14 8.37330205172293e-14 5.57998092176604e-14 -9999 6.56918963670705e-14 5.8475446707007e-14 5.58664225991379e-14 4.97490937334533e-14 -9999 -9999 -9999 -9999 -9999 -9999 -9999 -9999 -9999 -9999 -9999 -9999 -9999 -9999 -9999
2.78488343496974e-13 8.89399665027213e-14 3.48013551310089e-10 6.1828320241375e-14 1.79223302865239e-13 2.05502281858116e-13 1.81266113230549e-13 2.13729034470589e-13 1.72806213782906e-13 1.50557344369417e-13 1.41142653120596e-13 1.28785870856518e-13 1.16451293052933e-13 1.20681242776755e-13 1.76847425592541e-13 1.89304127928835e-13 1.30651045537888e-13 1.03084207836446e-13 7.37854222165879e-14 7.20867809889114e-14 8.51430037585033e-14 8.59978754874646e-14 8.58535464942634e-14 8.21342993617691e-14 7.4762418478258e-14 6.43041175862891e-14 3.78095665887201e-11 3.77253783767628e-14 6.11177775056149e-14 5.24358334530461e-14 3.94795307556706e-13 -9999 -9999 -9999 -9999 -9999 -9999 -9999 -9999 -9999 -9999 -9999 -9999 -9999 -9999 -9999
