Maxent_result_files_2/B_pomorum_2.asc
NCOLS 594 
NROWS 330 
XLLCORNER -15 
YLLCORNER 23 
CELLSIZE 0.166666666666667 
NODATA_value -9999 
[rows 160 to 179 of 330, columns 184 to 229 of 594]
0.95101113319397 0.987120926380157 0.606367543339729 0.823819324374199 0.969532519578934 0.964043694734573 0.942330360412598 0.948574829101563 0.974624067544937 0.954011344909668 0.861191123723984 0.945766359567642 0.945582741498947 0.944962882995605 0.96631492972374 0.921581125259399 0.934199923276901 0.931728953123093 0.841844308376312 0.959084177017212 0.914650040864945 0.695683373510838 0.738418155908585 0.954909706115723 0.805780434608459 0.869664597511292 0.929919159412384 0.880502641201019 0.828768122196198 0.555629962682724 0.799047034978867 0.958499211072922 0.910151314735413 0.912600439786911 0.910415321588516 0.918902003765106 0.938059502840042 0.871265411376953 0.917331063747406 0.757471150159836 0.883428692817688 0.775989513099194 0.953120875358582 0.933766961097717 0.927158391475677 0.941680133342743
0.936637341976166 0.964844101667404 0.972019279003143 0.987782406806946 0.988156604766846 0.984744471311569 0.983044707775116 0.305593765003141 0.201761162083879 0.94980731010437 0.946657431125641 0.92549734711647 0.936156076192856 0.935192692279816 0.922521108388901 0.94525111913681 0.912062722444534 0.892354756593704 0.678978383541107 0.92120703458786 0.8216324031353 0.903314340114594 0.68716437369585 0.932678782939911 0.947766554355621 0.816204482316971 0.818596637248993 0.826293957233429 0.570266124606132 0.585526847839355 0.484748110175133 0.482647692412138 0.519522004574537 0.746097505092621 0.8855120241642 0.92288544178009 0.939399951696396 0.934916859865189 0.912725496292114 0.91527424454689 0.920318669080734 0.919061845541 0.923634070158005 0.966700929403305 0.931543165445328 0.951984184980393
0.909863245487213 0.839413446187973 0.943031907081604 0.939310872554779 0.861950314044952 0.924901902675629 0.963188141584396 0.981994414329529 0.925222086906433 0.92430368065834 0.706374129652977 0.909471106529236 0.870403569936752 0.720622283220291 0.779946094751358 0.797091639041901 0.664054942131042 0.884547853469849 0.893876200914383 0.912437981367111 0.690920545905829 0.954906433820724 0.947075313329697 0.813880980014801 0.856783944368362 0.799803656339645 0.800068980455399 0.804202765226364 0.901073861122131 0.511308684758842 0.85503945350647 0.863693785667419 0.92543106675148 0.926176953315735 0.559770559519529 0.915905261039734 0.920783722400665 0.936398845911026 0.884475606679916 0.934027802944183 0.941110569238663 0.945738816261292 0.95482342839241 0.875168967247009 0.956056773662567 0.947198462486267
0.47718078494072 0.715721964836121 0.900548911094666 0.308822350390255 0.783020776510239 0.607478148490191 0.965086483955383 0.986447513103485 0.939351171255112 0.980122703313828 0.97990825176239 0.958072996139526 0.923209995031357 0.482227894291282 0.68512105345726 0.629416289925575 0.734074127674103 0.876120775938034 0.643780067563057 0.661758637428284 0.670112606883049 0.620772355794907 0.85876447558403 0.900671261548996 0.780976068973541 0.821950370073319 0.887387669086456 0.857579642534256 0.869631195068359 0.944787240028381 0.783573591709137 0.643857711553574 0.860975790023804 0.889176279306412 0.952422678470612 0.861228752136231 0.957495975494385 0.829967051744461 0.541684088110924 0.749517112970352 0.806472843885422 0.939566028118134 0.948226368427277 0.967145121097565 0.923520183563232 0.982705003023148
0.795843440294266 0.703347903490066 0.724054050445557 0.847075998783112 0.90347700715065 0.797458809614181 0.889092254638672 0.95710426568985 0.973679083585739 0.958451563119888 0.979175561666489 0.8856400847435 0.518455824255943 0.604172544926405 0.854624617099762 0.84565321803093 0.639210569858551 0.403716698288918 0.317399704456329 0.431639230251312 0.644093078374863 0.767769086360931 0.724457898736 0.830490338802338 0.873007464408875 0.857879084348679 0.883967810869217 0.917638224363327 0.902329111099243 0.906245148181915 0.871273297071457 0.857978141307831 0.846058517694473 0.74652556180954 0.900173789262772 0.88936265707016 0.84291700720787 0.760270297527313 0.469595374539495 0.691687870025635 0.478592151403427 0.525961783528328 0.552320227026939 0.491400608420372 0.609317871928215 0.874813550710678
0.923193049430847 0.948552304506302 0.722525012493134 0.675110822916031 0.422650820016861 0.892157995700836 0.857876765727997 0.62748027741909 0.924303805828094 0.795517575740814 0.895225036144257 0.971776884794235 0.963555991649628 0.883159196376801 0.672355474531651 0.689703385531902 0.888328278064728 0.722838443517685 0.539110871404409 0.195928410245373 0.628510197252035 0.389316570386291 0.443012617528439 0.587890884280205 0.9001136302948 0.858946698904038 0.825814348459244 0.851966822147369 0.848650908470154 0.877699363231659 0.847913891077042 0.900064706802368 0.927222287654877 0.895652484893799 0.931962871551514 0.851627343893051 0.667382627725601 0.514749851822853 0.764067333936691 0.776728928089142 0.79349639415741 0.802829480171204 0.866076201200485 0.750455212593079 0.379957944154739 0.640645790100098
0.813112616539001 0.436174932122231 0.958751195669174 0.960244476795197 0.50090346634388 0.596062782406807 0.620512622594833 0.379668217897415 0.385783717036247 0.441771531105042 0.523640322685242 0.87980660200119 0.943448740243912 0.866295492649078 0.95270944237709 0.864066278934479 0.653886553645134 0.317170881782658 0.200827845462933 0.199460649218204 0.19860514189926 0.199654397738142 0.354286051052623 0.503634296357632 0.806468725204468 0.869253122806549 0.873351377248764 0.878628987073898 0.861615628004074 0.879603534936905 0.892439496517181 0.878044575452805 0.862243610620499 0.889414358139038 0.569610302895308 0.615958341956139 0.873350661993027 0.883178919553757 0.881611061096191 0.871797078847885 0.889190858602524 0.912314409017563 0.697631233930588 0.795784693956375 0.896603512763977 0.752715617418289
0.215075286211504 0.95634857416153 0.79026141166687 0.919949060678482 0.949980574846268 0.84555606842041 0.717289930582046 0.630238384008408 0.349950148165226 0.247848160564899 0.564028245210648 0.751603013277054 0.838598841428757 0.947958356142044 0.948087841272354 0.674618783593178 0.258948315290036 0.202151729870485 0.352356318663806 0.217813647771254 0.0969698733544988 0.0745083495586428 0.199467208539136 0.799214380979538 0.799951332807541 0.214401424584639 0.232430211482824 0.792965960502624 0.786488395929337 0.81662500500679 0.776665252447128 0.489180947095156 0.752065271139145 0.84829483628273 0.662474645674229 0.877369302511215 0.858557188510895 0.776872822642326 0.793758970499039 0.867434060573578 0.89393362402916 0.925959593057632 0.778298208117485 0.836446970701218 0.769607734680176 0.818281716108322
0.850075370073318 0.984557074308395 0.982764047384262 0.993262940645218 0.588816784322262 0.945139127969742 0.742685151100159 0.483680379576981 0.762370622158051 0.702716267108917 0.757226085662842 0.793384820222855 0.867039376497269 0.600977402925491 0.554716381430626 0.148398070578401 0.277536557964049 0.288497326197103 0.501275387406349 0.0697133759094868 0.0269412102050296 0.435659004747868 0.508449971675873 0.812595367431641 0.748281705379486 0.793887972831726 0.687885770201683 0.828204923868179 0.697735518217087 0.721861162781715 0.824976217746735 0.7983991086483 0.820820164680481 0.83482700586319 0.760418474674225 0.829999458789825 0.839386987686157 0.834522980451584 0.8302166223526 0.813199305534363 0.860365206003189 0.849099093675613 0.933082669973373 0.976056784391403 0.904621148109436 0.842862010002136
0.73074916601181 0.743283116817474 0.619527223706245 0.960503572225571 0.879701364040375 0.911622214317322 0.794999676942825 0.879167181253433 0.876794904470444 0.842285031080246 0.774142807722092 0.652989441156387 0.776894718408585 0.832823204994202 0.535372337698936 0.170786706580232 0.311570761608891 0.555850350111723 0.643567401170731 0.575287052989006 0.786758169531822 0.556711199879646 0.479139071702957 0.516227629780769 0.548922356963158 0.606905570626259 0.699558848142624 0.757602155208588 0.77081852555275 0.741998034715653 0.736833798885346 0.818746954202652 0.870744067430496 0.862601768970489 0.728459331393242 0.854192191362381 0.646168980002403 0.784655672311783 0.81123434305191 0.716343706846237 0.516689550876617 0.52179040312767 0.674556478857994 0.910618430376053 0.858074760437012 0.882767069339752
0.953815084695816 0.720058426260948 0.787312513589859 0.929191505908966 0.915505450963974 0.854529750347137 0.756642758846283 0.901382267475128 0.960792249441147 0.280999472888652 0.68607177734375 0.687036824226379 0.776200953125954 0.854876780509949 0.63416214287281 0.768331557512283 0.705286312103272 0.390999206900597 0.575860142707825 0.28596311211586 0.455686837434769 0.380679002404213 0.33130768686533 0.469116985797882 0.489221161603928 0.732866984605789 0.480130630731583 0.573394823074341 0.586169245839119 0.718525305390358 0.298827599734068 0.628857231140137 0.604521176218986 0.462501505017281 0.572641554474831 0.71911227107048 0.803103065490723 0.818479508161545 0.88736018538475 0.514755619317293 0.430858537554741 0.584057879447937 0.715017414093018 0.815348559617996 0.825692284107208 0.879073709249496
0.94398028254509 0.927221101522446 0.914984571933746 0.935818934440613 0.690806812047958 0.493784113973379 0.62461596429348 0.669397604465485 0.702509108185768 0.949260926246643 0.567004849016666 0.878816455602646 0.708705571293831 0.415546422824264 0.467030945420265 0.317265211045742 0.0176659724209458 0.298602151870728 0.461992394924164 0.275066767632961 0.231113105267286 0.283874116837978 0.429379081726074 0.751589930057526 0.634718388319016 0.839187610149384 0.875741362571716 0.540205061435699 0.370372973382473 0.335430738329887 0.319614815711975 0.330338545143604 0.514197897911072 0.345189237594605 0.520074111223221 0.372422148287296 0.302142004668713 0.260959373414516 0.599191921949387 0.601627618074417 0.401503962278366 0.481982403993607 0.364557473361492 0.512612649798393 0.681348499655724 0.775438243150711
0.906116682291031 0.927123326063156 0.970808488130569 0.881258976459503 0.74935502409935 0.20007250058925 0.586023905873299 0.853448802232742 0.920768761634827 0.900032448768616 0.419286377169192 0.508796627819538 0.619776977598667 0.571140024065971 0.522521620988846 0.521903955936432 0.372778031229973 0.451533469557762 0.912127941846848 0.356291027367115 0.190257290005684 0.710118937492371 0.401403084397316 0.496856960654259 0.342548453807831 0.432219058275223 0.306737989187241 0.20820013359189 0.646799057722092 0.448967263102531 0.658248603343964 0.623419994115829 0.306183998286724 0.68912664949894 0.705726563930511 0.693377590179443 0.265918537601829 0.261469808220863 0.347424522042274 0.50151384472847 0.594708666205406 0.45082790851593 0.532694062590599 0.635099527239799 0.386773987114429 0.444347929954529
0.937114351987839 0.953024250268936 0.967516404390335 0.952924865484238 0.8514752805233 0.710508161783218 0.942047274112701 0.871804213523865 0.818206107616425 0.777263051271439 0.386293958965689 0.808230412006378 0.82430032491684 0.653746929764748 0.441914203763008 0.75839900970459 0.471796549856663 0.372458651661873 0.261952014267445 0.979617494344711 0.372672349214554 0.569557306170464 0.523922875523567 0.909854382276535 0.755674123764038 0.33837021291256 0.395936138927937 0.907953119277954 0.928506398200989 0.388650321960449 0.465591838955879 0.563224151730537 0.812817561626434 0.726053574681282 0.820109272003174 0.311286649107933 0.480604523420334 0.162372579285875 0.14771379455924 0.0575007916195318 0.0520630003418773 0.215162587910891 0.313278494775295 0.429189422726631 0.632054170966148 0.558089050650597
0.876506996154785 0.905484426021576 0.705526924133301 0.915137434005737 0.886801475286484 0.657226872444153 0.595666462182999 0.774030441045761 0.388748050294817 0.294763463921845 0.649881368875504 0.794978904724121 0.698771816492081 0.709804606437683 0.681490969657898 0.287337579578161 0.222051150351763 0.333491413295269 0.320948402583599 0.587243562936783 0.13601076155901 0.2072947897017 0.520434573292732 0.230268074572086 0.192642658948898 0.289124758541584 0.225820983946323 0.246032786369324 0.361849251389503 0.561046013236046 0.528815656900406 0.397702105343342 0.274261437356472 0.554584613442421 0.203596137836576 0.742843401432037 0.630509290099144 0.371980277821422 0.197778019122779 0.0629027983348351 0.0440069102685811 0.077861506678164 0.340199755132198 0.306057381629944 0.41301189661026 0.268792184442282
0.93829448223114 0.906916707754135 0.861976283788681 0.059063184272232 0.774994146823883 0.662067228555679 0.546164321899414 0.308753979485482 0.376009090989828 0.649365782737732 0.805430245399475 0.793998831510544 0.724454444646835 0.62676627933979 0.391378946602345 0.652845615148544 0.336428996920586 0.909571295976639 0.529479706287384 0.36639342457056 0.646306392550468 0.595081403851509 0.219845351576805 0.413493326306343 0.325011277198792 0.412574188411236 0.178420670330524 0.990670770406723 0.290839336812496 0.237423286587 0.254782778024673 0.167168567329645 0.134239151328802 0.175075205159374 0.825360631942749 0.214799450524151 0.500617101788521 0.32117163464427 0.267366655170918 0.47057001888752 0.0402076679456513 0.114750754646957 0.101377758849412 0.0759196667000651 0.331752069294453 0.420624807476997
0.877128857374191 0.900868117809296 0.733492231369019 0.761156922578812 0.640417242050171 0.559188902378082 0.548406091332436 0.444666188955307 0.286085407063365 0.460983833670616 0.965505170822144 0.498635548353195 0.528515127301216 0.607649481296539 0.572102752327919 0.511046969890595 0.383891595900059 0.2584751278162 0.437202712893486 0.333918277546763 0.666000577807426 0.575524404644966 0.728430074453354 0.351819311082363 0.220155348628759 0.0942726311972365 0.0146083785318297 0.13778453762643 0.0972568543511443 0.0918658746173605 0.251910654269159 0.734997570514679 0.776713621616363 0.400737756397575 0.410131552070379 0.646225336194038 0.430266088247299 0.328362956643105 0.268583503365517 0.555482415854931 0.382693533599377 0.386911152303219 0.168796607479453 0.239165873639286 0.165683060698211 0.0963548328727484
0.757644176483154 0.748143702745438 0.751705521345139 0.482042047381401 0.481193116307259 0.394755578041077 0.37456474006176 0.38130084425211 0.300148831866682 0.0945236555649899 0.525295573472977 0.436290045082569 0.477163229882717 0.443226718902588 0.415504851937294 0.378157515823841 0.411931596696377 0.126027024281211 0.0651268015091773 0.303381481766701 0.520785370469093 0.46846142411232 0.0946684669470415 0.3774066016078 0.839621913433075 0.891790515184402 0.842267376184463 0.794302290678024 0.483970548957586 0.173874811083078 0.483658826351166 0.798023790121078 0.726659345626831 0.72298167347908 0.012849240626656 0.293623405322433 0.420882475376129 0.318151246011257 0.311135524511337 0.323484138399363 0.202291330695152 0.270789635181427 0.572840256989002 0.418922504782677 0.378624388575554 0.355296944826841
0.732315140962601 0.753595793247223 0.548943465948105 0.124004891322693 0.185170951820237 0.342552427761257 0.353197935223579 0.304998895525932 0.146307690721005 0.306455267779529 0.361779889464378 0.377731478214264 0.289515468105674 0.381208515167236 0.376686193421483 0.277669212222099 0.232050514221191 0.244872060418129 0.28710620701313 0.409522756934166 0.500303021073341 0.573871332406998 0.59193802177906 0.493445694446564 0.536106173694134 0.316432765498757 0.543418262898922 0.535536381602287 0.266152614168823 0.140011619171128 0.394775872677565 0.622124361991882 0.520215326547623 0.521283295750618 0.402969278395176 0.361455646157265 0.358482187986374 0.334602726995945 0.159944233717397 0.320725154131651 0.152505958080292 0.247615125030279 0.13384140431881 0.125687745958567 0.263064037263393 0.613314388692379
0.529830834269524 0.82340322136879 0.526074928045273 0.180392635817988 0.282373923045816 0.38011768758297 0.321691636741161 0.277050469815731 0.377327453438193 0.0823932513361797 0.293748340010643 0.320454956591129 0.330375243723392 0.315321127325296 0.274305717647076 0.248905189335346 0.183169740438461 0.145962651073933 0.108082856610417 0.229927663505077 0.373115427792072 0.2342220723629 0.383351317048073 0.570389455556869 0.267210386972874 0.223597843945026 0.125573288684245 0.223310313513502 0.0561629296367755 0.00749531735902096 0.112992213188201 0.324878478050232 0.395235106348991 0.28322951644659 0.348368772864342 0.31839382648468 0.353049871325493 0.385883557796478 0.314820103347301 0.276729679852724 0.203734414279461 0.180108490586281 0.15064095184207 0.131500701606274 0.230725012719631 0.221780560910702
