Maxent_result_files_2/B_polaris_3.asc
NCOLS 594 
NROWS 330 
XLLCORNER -15 
YLLCORNER 23 
CELLSIZE 0.166666666666667 
NODATA_value -9999 
[rows 100 to 119 of 330, columns 352 to 395 of 594]
1.6066048601715e-05 0.000617749321463634 0.000614520137241925 0.000646863708243472 0.000577390776379616 2.17639578295348e-05 0.00031544416124234 1.97863330640757e-05 0.000398059371218551 0.000449227180433809 0.00053043396655994 0.000565852127692779 0.000729349652829114 0.000699208196238033 0.000491296529071406 0.000454103371157544 0.000310499550687382 1.88879953384458e-06 1.21575924723061e-06 4.78892764022021e-06 6.87199042204156e-06 1.6653935085742e-05 1.74296408886221e-05 6.51318124482714e-06 2.10133579798821e-06 0.000351923893504136 0.000256497141162981 1.15214021889187e-05 1.40644320254069e-05 0.000201716465744539 0.000142835451515566 0.000172628654217988 0.000142838863121142 3.08268005937862e-05 8.23088610559353e-05 0.000304870550280611 0.000282543837965932 0.000445970599685097 2.13286084317588e-05 1.12571161366759e-05 2.00865067199629e-05 3.38269718334061e-06 1.24761464178391e-05 7.86983541729569e-05
0.000388548511182307 0.000585230433716788 0.000630204905974097 0.000602895618430921 0.000498878191137919 0.000446918445959454 0.000353304653799569 0.000256105088556069 0.00012226691151227 0.000400988183173467 0.000469979453191627 0.00030654865258839 0.000533381639252184 0.000537817336953594 0.00046751427325944 0.000296562099720177 1.29940128772432e-05 2.75926790038739e-06 0.000242596428870456 0.000236361965653487 0.000460721249692142 0.000471141997695668 0.000467352583655156 0.000407228365293122 1.63668311870424e-05 1.55605564259531e-05 1.62836843628611e-05 5.45838249763619e-06 1.64759445397067e-05 0.000333275718003279 0.000320411481880001 0.000172118338014116 0.000104045206990122 0.000320120484866493 0.000419982293715293 0.000428507761171204 0.00045734110462945 2.25600325165942e-05 8.31680182500349e-06 9.13821267545245e-07 6.04582197638592e-06 0.000241902741254307 0.000221040589804034 0.000268687866810069
0.000422203951166011 0.000460419046430616 0.000459724461688893 0.00128974499020842 3.2692568697712e-05 0.000150694806143292 0.000390846663685807 0.000119879472913453 0.000147950635710004 0.000152508963947184 0.000305342230967653 0.000332314344996121 0.000367877424105245 0.000414702898160613 0.00032699336134101 0.000247320442576893 6.3328233068205e-06 3.68635463132705e-06 0.000267361194892146 0.000241031719633611 0.000350127808087564 0.000370135831872176 0.000200939605201711 2.00474537905393e-05 1.48430897752405e-05 0.000304764046995842 0.00029561984083557 1.55637604393632e-05 1.75665130882408e-05 0.000271410398090666 0.000150568936896889 0.000138242066259409 1.5324363948821e-05 0.000122030996317335 0.000309406210180896 1.75458906824133e-05 1.27870116784834e-05 1.78026024059363e-05 2.03865002276871e-05 6.31941040118988e-07 0.00020747722737724 0.000459105914706015 0.000375377507589292 0.000333334615424974
1.36666992830214e-05 2.0522422164504e-05 0.000356612915857113 7.56733329581039e-06 0.000110274737471627 0.000325749972944323 0.000122303113130329 0.00013949869589851 0.000133810852548777 0.000281210663706588 0.000275851743390376 0.000104189011562994 0.000120367398540111 0.00022623328568443 0.000169594904218684 3.40812616741459e-06 1.94791025620589e-06 0.000217032660657424 0.000267002009786665 1.49845035593899e-05 1.50378781881955e-05 1.42801323590902e-05 1.35929116595435e-05 1.76183172698074e-05 0.000201715679668268 0.000224945765967277 7.19759126468489e-06 0.000320269087569613 0.000155878418081556 0.000288804122283182 0.000201491615371197 1.49447366311506e-05 0.000153495055292296 2.28433574875453e-05 0.000189958640112309 0.000364748763058742 0.00036713095196319 0.000304394848717493 2.11674870342904e-05 2.14743318451838e-06 3.54895841155667e-05 0.000130180397081858 6.17875435636961e-05 2.74184149247958e-05
2.03603795398521e-05 0.000181960967165651 1.81489856004191e-05 8.09429898254166e-06 6.70515185902332e-05 8.19221293568262e-05 9.51212701693294e-05 9.85910209237773e-05 0.0018197146600869 0.000131445635270211 0.000194709863990283 0.00362005674833199 8.62595494254492e-05 8.19785822386621e-05 1.00483967571563e-05 5.54203202227654e-06 8.33944660598718e-06 2.84631983618056e-06 0.000171192901325412 1.08712690234825e-05 1.26490224829467e-05 9.13488510150273e-06 9.96202252281364e-06 0.00023748624662403 0.000259104512406338 1.22537890092644e-05 1.08482870473381e-05 0.000189339538155764 7.49728449591203e-05 6.56676277372981e-06 2.10795576094824e-05 1.04953350273718e-05 8.38079686218407e-06 0.000192048998997052 3.5271171873319e-05 6.21159636466473e-05 0.000145918360794894 0.00016461233371956 6.09154838002723e-05 0.000170779036398017 1.63754315167353e-05 7.39082358904852e-06 1.38230219590696e-05 4.85501288949308e-07
1.53709288952086e-05 1.6022556428652e-05 1.161001039236e-05 1.55367697288966e-05 0.000273611866032297 0.0002121021718267 0.000206736724794609 0.000284777142951498 0.000243092088749108 0.000315543390570383 0.000295924911006296 0.000210235977101547 0.000121073344143952 5.12697027943432e-06 0.000193462406332401 0.000173998730315361 9.12373119490439e-06 1.86493527252196e-06 9.85163990208093e-06 9.95238797258935e-06 1.13082173811563e-05 0.000259068263403606 0.000250023774424335 0.000107910922724841 6.04510337552711e-05 0.000236273854170577 0.00020987413245166 7.45739495187081e-06 0.000109494560729217 0.000181254165636346 7.93560293004703e-05 0.000128547192343831 0.000250602881715167 0.000235760093710269 0.000213830188658903 2.82915867160227e-06 0.000139301103899925 0.000261206768118427 0.000110525594936917 0.00010289856008967 0.000170414694457577 3.6779953416044e-05 6.99592371660174e-06 2.8564417675625e-07
6.420642989724e-06 0.00026174470094702 1.57004569700803e-05 1.66226691817428e-05 2.45072436882765e-05 0.000323879517782188 5.61944065793796e-05 0.000160994645921164 0.000271617830367177 0.000226954277968616 0.000300023588897602 0.00029698299622396 0.000278525510839245 0.000251439130443032 0.000208530495729065 0.000217184785469726 0.000208652251058083 1.07688387060989e-05 9.03981497231143e-06 1.11315010144608e-05 4.65094823084655e-05 1.31505165199997e-05 1.1376480074432e-05 1.10548506199848e-05 7.2643723569854e-06 0.000214025439345278 9.22693763641291e-05 4.69532385523053e-06 8.27281663987378e-05 9.3424464466807e-05 2.16958377450283e-05 7.00638074704329e-05 6.846644032521e-05 0.000204691687940795 0.000184309387714166 4.88305037151804e-06 2.6142661022277e-05 0.000196937685359444 3.6846732837148e-05 2.56964094376144e-06 9.50610943618813e-05 8.03586146503221e-05 8.56224807648687e-05 1.70018823659746e-06
0.000253728627831151 0.00014835560505162 0.00011657547302093 0.000152872410035343 0.00300942600297276 0.000977384561701911 5.69455750110137e-06 0.00010518010612941 1.84676036951714e-05 1.34027643525769e-05 1.18076119406396e-05 1.16645951720784e-05 1.04054191297109e-05 1.05013289612543e-05 9.45075937579531e-06 8.97374134183337e-06 8.61278131196741e-06 7.95197983052276e-06 0.000193043402941839 0.00013068752386971 8.3868771980633e-05 4.25759387780999e-06 4.88512343963521e-06 0.000207161304933834 0.000203127787426638 0.000217748061368184 0.000217073484964203 0.00021664332562068 0.000226024926269019 0.000200107968885277 0.000187708520297747 0.000190982227195491 0.000117277672416094 0.000182301793847728 1.03853667496878e-05 9.92151342416037e-06 0.000174000933748175 0.000230966555136547 0.000189052152290969 0.00204968136495154 6.44498059955367e-05 0.000117891060199327 4.78774251860159e-05 7.38584325972624e-05
1.44051412917179e-05 0.000171902450347261 0.000118433939587703 0.00222054176265374 0.000113836561558855 0.000270989702221414 1.69148828263133e-05 1.45905439239868e-05 1.95081465335534e-05 1.30834221636178e-05 1.07550463553707e-05 9.29979701140837e-06 8.27478077098931e-06 8.15175096704479e-06 0.000172813890731049 1.04230106899195e-05 9.6748166015459e-06 1.26349422998828e-05 7.8535507327615e-06 0.000202735756192851 0.000197586685590068 1.06505746998664e-05 1.00330051736819e-05 0.000191446569988329 0.000201834307517856 0.000221766489084985 0.000215915878834494 1.1387570361876e-05 0.000198232401180576 0.00018235194575027 9.06844875316892e-06 0.000169905774509971 0.000172331985959318 0.000170588020318974 0.000170975151559105 0.00186644211862586 0.000205274996187654 9.18580754841969e-05 0.000144792747687461 5.06491423493571e-05 0.000243672776741732 0.000201539125646377 0.000264452844567131 0.000260902348236414
0.000231529177472112 0.000193174453670508 9.71467637100432e-05 1.7501323191027e-05 1.95273220469971e-05 0.000321460089253378 0.000310833124240162 0.000261131179104268 1.49179500567698e-05 1.54334478338569e-05 8.80898398918362e-06 1.03370412489312e-05 0.000191394764442521 1.20025879368768e-05 0.000261000952559698 0.000221221143510775 0.000203539391077356 0.000181501535007555 0.000206693432664906 0.000233760880837508 0.000232166567730019 0.000214732780841587 0.000194236599236319 9.91167836446039e-06 0.000200200551444141 0.000199936323224392 0.000199561708541296 0.000189397263693536 1.0731622160165e-05 1.03763082506703e-05 0.00018670314375413 0.000196074584528105 0.000202673491912719 0.000175144790864579 9.69267923665029e-06 9.30482491412477e-06 0.000144719990839803 0.00017070689727916 0.000221514836994174 0.000127378138131462 0.000192478799181117 0.000196111967397883 8.5687320370198e-05 4.10234372338891e-06
9.07943363017694e-05 0.00022400119669328 0.000216625056418707 0.000242894308030372 0.00033932513815671 0.000293890484681469 0.00025185034282913 0.000261593514187553 0.000227144175914873 1.16541553097704e-05 1.67601789144101e-05 9.43423408443778e-06 1.19371577739003e-05 0.000225230926480435 0.000203801027055306 0.00194947212803527 0.000198566978906456 0.000183432539597561 0.000601186175117618 0.00022868664964335 0.000249967826493958 0.00441278958605835 0.000213078320666682 0.000169352529428579 0.000188466472536675 1.01819364090261e-05 0.000213007367528917 0.000200732141001936 0.000195806232022733 0.000193129536364722 0.000202733534206345 0.000220177642404451 0.000165346297399083 0.000160339280864719 9.11477225145063e-06 9.30644505388045e-06 0.000190593775187153 0.00015845696989345 0.000164729641983286 0.000161876544552797 0.000144912585346901 7.33744269609815e-06 0.000131467237952165 0.00017799614724936
0.000196258582764131 0.000176546297188906 0.000181374327621597 0.000192771140063996 0.000206402352523583 0.00022719602802681 0.000231797156993707 0.000235469849940273 0.000231473585336062 0.000216337398705946 9.41219529977389e-06 9.24539986044692e-06 0.000173126095069165 1.05346044620092e-05 0.000191709051796352 0.000200502522966417 0.000183840839781624 9.40436611926998e-06 0.000155140822516842 0.00018035942575807 0.000202275806168473 0.000193567702717701 0.000173218298368738 0.000190659032614349 9.86715579074371e-06 0.000153226578004251 0.000173759181780042 0.000194136333084316 9.00334673588077e-06 0.000178628316007234 0.000179801661488455 0.000112948934383894 8.41668110069804e-06 0.00015620400026819 8.92650880359724e-06 8.71265260684595e-06 0.000134936198992364 0.000172767145704711 0.000160963731832453 0.000152147766493727 8.51303814215498e-06 8.1177078300243e-06 3.40928176569832e-06 7.86801150525207e-06
0.00015595294371451 0.00163333984746714 0.000191095639638661 0.000188839924521744 0.00329880065692123 0.000174169409001479 0.000174184920615517 0.000186861725705967 0.000204334265072248 0.000193327645683894 0.000182462557677354 0.000176729425947997 0.00017546912549733 0.000179911507075303 0.000182301547647512 0.000184690463811421 0.000175660278000578 8.67457849835773e-06 8.32754222983567e-06 0.000156883136969554 0.000200900405616267 0.000202669747159234 0.000177355930554768 0.000181306706144824 1.18929548989399e-05 8.49684040531429e-06 0.000149691497699678 8.03693747002399e-06 7.43023954328237e-06 9.06558271935865e-06 0.000146430159202282 7.13518829797977e-06 6.24768247234897e-06 0.000130961693412246 7.13647709744691e-06 7.54984184823115e-06 6.12640885719884e-06 6.73169785159189e-06 0.000133748634561925 0.000158768428991607 7.84806112505976e-06 0.000111754595400271 5.21716705179642e-06 3.48135415606521e-06
0.000154200314500486 0.000150078170008783 0.000152936011363636 0.000161414189460629 0.000190191856381716 0.000570546237213421 0.00017051378472388 0.000171452681570372 0.000164627381127502 0.000174222875648411 0.000175452778057661 0.000132557450251625 0.000165490124345524 8.07935732609621e-06 1.01317519238364e-05 1.1514499169607e-05 9.42909566674643e-06 8.88274030330649e-06 1.17187843443389e-05 8.03200339305477e-06 7.84714723067736e-06 0.000135020555990195 0.000162212884515611 0.000162038488088001 7.37324520514449e-06 7.31116385850328e-06 7.37226262117474e-06 0.000214897468504205 0.000121773956925608 0.000153838453297794 0.000122564998400776 5.76621691834589e-06 6.33765117754592e-06 7.46873458865593e-06 5.15474815756534e-06 0.000100186911640776 0.00011437731791375 5.52469911099251e-06 5.36580556627086e-06 8.91973838406557e-05 9.53220138399047e-05 5.51019990098212e-06 5.40046717105724e-06 6.16402296600427e-06
0.000155364553575055 0.000153148564641015 0.00013821011834807 8.5874761452942e-06 9.93410712908371e-06 0.000155299912694318 0.000160539202624932 0.000142218273504113 0.000136285346070508 0.000153631236753426 0.000151030661254481 6.80965819128687e-06 6.53082369126423e-06 6.57457530905958e-06 6.32302190979317e-06 5.86322880735679e-06 6.95548494604736e-06 1.48395281030389e-05 2.31594665820012e-05 6.4893920580289e-06 6.72870365860945e-06 6.2296737496581e-06 6.5575822077335e-06 0.000140341952192102 7.38273778324583e-06 9.17148893222475e-06 7.17553350568778e-06 6.23022275476615e-06 6.07932412322043e-06 0.000129744667901832 0.000110275900351553 8.49853901854658e-05 4.33238373034328e-06 4.861120487476e-06 4.8019420773926e-06 5.56463118073225e-06 8.74046675562568e-05 5.11432439225246e-06 5.06258909354074e-06 3.99277178075863e-06 4.5816780811947e-06 5.50642348571273e-06 5.43316904213498e-06 6.03415725919376e-07
0.00015848830298637 0.000156523783516604 0.000160389143456996 1.09081016944401e-05 7.08932698216813e-06 6.30066801932117e-06 7.27816632206668e-06 6.30531750402952e-06 6.38475167988872e-06 6.42168610056615e-06 7.81363903570309e-06 4.84681063426251e-06 9.38181398851157e-05 5.45937483593661e-06 0.000100354288406379 9.49334345023089e-05 5.4688382419954e-06 0.000100738904529862 5.47442440392842e-06 0.000112470896601735 0.00011130353441331 6.70731129730484e-06 7.16297124654375e-06 6.54895874276917e-06 7.93560157035245e-06 8.16881222363008e-06 8.74003951594204e-06 9.10463272703055e-06 5.49693447737809e-06 7.70899293911498e-06 6.03745153284763e-06 5.25717465507114e-06 8.04092367161502e-06 3.79960176815075e-06 7.00790519658767e-06 2.70223815732606e-06 3.94549892916984e-06 5.4628774705634e-06 5.81347418346923e-06 6.16091692151599e-07 6.19784631226139e-06 5.65108033470096e-06 4.35906581515155e-06 4.59724984693821e-06
0.000113878854244831 0.000104233539332199 5.65619513963611e-06 0.000111978659970191 0.000109168863582454 5.41298417147118e-06 6.12655042004917e-06 5.86338253469876e-06 4.96475544196073e-06 9.7326150535082e-05 6.22418865532381e-06 4.01668266931665e-06 4.38854475532935e-06 5.05779470358903e-06 9.34864990995266e-05 0.000101199948585418 7.04813883203315e-06 5.86798223594087e-06 7.23833737765744e-06 1.07966695168216e-05 6.61256001421862e-06 6.77858105291307e-06 6.31823874073234e-06 9.43728666698007e-06 6.49250871447293e-06 5.85770156931176e-06 1.33950662984716e-05 2.31861601605488e-05 1.0003317720475e-05 7.82227800755209e-06 6.73132922202058e-06 5.84130297909269e-07 7.74479444487497e-07 8.20417812974483e-06 6.42307670659648e-06 3.24561634101883e-06 4.76521687176046e-07 2.53446013402936e-06 4.72649142011505e-06 3.44691960663113e-06 5.87247734529228e-06 4.72313893169485e-06 4.44029031996251e-06 4.71941182240698e-06
7.069943821989e-05 7.19635157111043e-05 6.69590517645702e-05 7.64747200264537e-05 8.22753824650135e-05 4.67143096329892e-06 6.79170318562683e-06 4.00725824647452e-06 4.10311552059284e-06 6.88922578774509e-05 3.90315217373427e-06 8.66436071191856e-06 7.25149647223589e-05 4.30477538202467e-06 8.52465960633708e-05 4.92977640078607e-06 5.41126190682917e-06 9.07801269022457e-05 5.76199175839065e-06 6.07079368819541e-06 9.13950889298576e-06 6.78479476619032e-06 8.50409448958089e-06 1.78439750015968e-05 1.35833913191163e-05 1.60525312821846e-05 2.3231913746713e-05 3.49530548191979e-05 1.22170516760889e-05 7.02321809953332e-07 4.47621804369191e-06 5.44383988199115e-06 9.6292575562984e-06 6.45459028874029e-06 3.15369445615943e-06 5.58886729322694e-06 6.92643554884853e-06 4.68345166382278e-06 3.63257536264427e-06 6.17155290001392e-06 9.33095370783121e-06 1.00035160812695e-05 9.33067203732207e-06 1.51646452650311e-05
3.1586159593644e-06 3.10768555209506e-06 6.74078760312113e-05 6.91864320288005e-05 4.20897539470388e-06 4.4757638761439e-06 3.86707511097484e-06 5.82691408453684e-05 6.73857774927456e-05 3.17837343573046e-06 4.72948481274216e-05 5.2867318618155e-05 4.80943240290799e-06 3.63575538813166e-06 6.39838467577647e-05 6.60166984744137e-05 8.08058089205588e-05 8.39538797663408e-05 4.98057689810594e-06 5.4585048133049e-06 8.40223349314329e-06 5.32843972678165e-06 9.24829630548629e-06 9.35622056204011e-06 6.33733091035538e-06 6.45540173991321e-06 8.70993817443377e-06 7.89659014799327e-06 2.59133954898516e-06 2.58830322081849e-06 6.27075735337712e-06 6.52448088658275e-06 4.05741103577384e-06 3.9260692346943e-06 4.65123199546724e-06 3.99423223598205e-06 4.02646621751046e-06 5.35479397285599e-06 1.15863481369161e-05 1.04074852970371e-05 7.4501455628706e-06 9.341162376586e-06 8.01169883288821e-06 1.1644799997157e-05
3.05041354522473e-06 2.87850076574614e-06 1.74726665704839e-06 1.42767050306247e-06 2.39492680407238e-06 3.93965242437844e-05 4.73718811008439e-05 5.5163182241813e-05 5.54894724700716e-05 5.02663725455932e-05 3.54564559756909e-06 6.91004329382849e-06 5.06856463289296e-06 5.35728995600948e-06 5.14898123583407e-05 3.39060380838418e-06 6.46630855953845e-05 6.69297422973614e-05 7.44146645047294e-05 8.50441984766803e-05 4.34526044728045e-06 3.39661389148205e-06 6.66248861307395e-05 3.60322338792685e-06 6.15085258687032e-05 3.5232372624705e-06 6.23985123638704e-05 3.2368269444305e-06 1.09383662731943e-06 5.20559326560033e-05 3.40011919206518e-06 4.40994294876873e-06 4.33571393614329e-06 4.49963263235986e-06 5.01717942142932e-06 7.86286125276092e-06 1.13720770968939e-05 3.93696781429753e-05 1.73091618307808e-05 8.54713755416014e-06 1.00617127372971e-05 5.94349621678703e-06 7.99923598151508e-06 7.46346288451605e-06
