Maxent_result_files_2/B_pomorum_2.asc
NCOLS 594 
NROWS 330 
XLLCORNER -15 
YLLCORNER 23 
CELLSIZE 0.166666666666667 
NODATA_value -9999 
[rows 300 to 319 of 330, columns 46 to 91 of 594]
2.66344946098229e-11 2.46239140189175e-11 2.52660559141304e-11 2.12891593243114e-11 1.97883376351626e-11 1.86019644132784e-11 1.65236935245616e-11 1.34423472353262e-11 1.12288622844403e-11 9.52901091366698e-12 8.30413515728878e-12 7.60772556063216e-12 6.62803145701218e-12 5.46321876626621e-12 4.69395633473368e-12 4.35013136623752e-12 4.24159596335016e-12 3.83981735296857e-12 3.15768522440862e-12 2.77087242039897e-12 2.42771358571758e-12 2.15009121617982e-12 1.98627780889637e-12 1.95703453442775e-12 1.82542869708868e-12 1.84198212238584e-12 1.75216507969367e-12 1.76816339347852e-12 1.75760517251433e-12 1.71271885562874e-12 2.04208872034428e-12 2.43453035508878e-12 3.33371108496294e-12 3.48204798328311e-12 3.53185258816779e-12 3.61408680760178e-12 3.64595020840852e-12 4.3759551537903e-12 4.64170923919482e-12 4.1545655804498e-12 4.43464154287199e-12 5.32889288251681e-12 7.77944375585093e-12 6.41402486678544e-12 6.14630568662733e-12 2.12000417221248e-12
3.04022584884933e-11 3.03223668396413e-11 2.90157564641902e-11 2.28164265259068e-11 1.87283966113228e-11 1.66635705234341e-11 1.40184530650345e-11 1.17594822768297e-11 1.02683972436068e-11 8.83501050097379e-12 7.40412176014615e-12 7.4158457152862e-12 6.33550989448395e-12 5.09617903432513e-12 4.50983694832985e-12 4.13664658083235e-12 3.78430620173731e-12 3.18620685391124e-12 2.61618504637795e-12 2.3670843063428e-12 2.20500284697778e-12 2.00173211339916e-12 1.61129998232923e-12 1.43199896385227e-12 1.52877710490884e-12 1.69700919983029e-12 1.68262070943115e-12 1.66748836960551e-12 1.69764202695433e-12 1.92250659836191e-12 2.26637597577906e-12 2.44135822669023e-12 3.05135916534027e-12 3.44965167542455e-12 3.48422402041137e-12 3.41718875418451e-12 3.61130014780997e-12 4.08102440729863e-12 4.38393765733736e-12 2.77162737205572e-12 3.47144535339794e-12 3.29971605594892e-12 3.74572595163158e-12 5.46047651539538e-12 5.49321699239158e-12 5.43218803272794e-12
3.39673622562486e-11 3.20472204329292e-11 2.51544451934649e-11 2.11141548689397e-11 1.69730340893182e-11 1.01952668529748e-11 1.02827635295455e-11 1.00354169418893e-11 8.66906546548307e-12 7.59955431917092e-12 7.01809721448399e-12 6.23441298586158e-12 4.8077875014485e-12 3.85360632293441e-12 3.58856278026565e-12 3.14988035654551e-12 2.5209723197861e-12 2.25032215084298e-12 2.09895434366558e-12 2.13057349540691e-12 1.98694394271115e-12 1.84997572816314e-12 1.8452128713875e-12 1.55458979023138e-12 1.4881762488983e-12 1.61743951565541e-12 1.69949609940545e-12 1.56660240335782e-12 1.76194614454062e-12 2.00481853340762e-12 2.12732054194476e-12 2.33271180150041e-12 2.83389978150694e-12 3.27581295422874e-12 3.18967074974807e-12 3.35926841898981e-12 3.53502782601822e-12 3.66926489192565e-12 3.47699646852107e-12 2.35650388091813e-12 2.3475443811094e-12 2.75036660113415e-12 2.94004820489135e-12 3.93959309619163e-12 4.4696912837594e-12 3.98894250963622e-12
3.10648173851291e-11 2.53370546765552e-11 1.76915482263951e-11 1.22818311076855e-11 8.82289796777513e-12 7.20418169564141e-12 8.3387519111966e-12 8.39598390811602e-12 6.3155258800407e-12 6.23709972558117e-12 5.348332887678e-12 3.37152528118168e-12 2.60400589979781e-12 2.41003883516555e-12 2.32652785925325e-12 2.05864214564144e-12 1.96448413092298e-12 1.97976079974183e-12 2.30511165710823e-12 2.70404809654679e-12 2.91662249907176e-12 2.77243783486369e-12 2.15515383317211e-12 2.21139773159962e-12 1.7982615396761e-12 1.38649092207288e-12 1.91472393495928e-12 2.02768912771489e-12 1.96981320144118e-12 1.95871097119493e-12 2.0436763392695e-12 2.16854312284909e-12 2.70079514308463e-12 2.98265856457647e-12 2.97951663341678e-12 3.15680814821917e-12 3.17829096374567e-12 3.08448822039509e-12 2.76623168815604e-12 2.29154473174731e-12 1.56055168787361e-12 1.53855816975579e-12 1.95802263291966e-12 2.58481014370204e-12 3.12749826036907e-12 3.03238545384943e-12
1.44024570047918e-11 9.24501586396786e-12 6.81467104968192e-12 6.42564890185326e-12 5.41191536029828e-12 5.04403185885849e-12 6.1758487213126e-12 6.20254958505484e-12 5.11827247251517e-12 4.33105773467446e-12 3.17822435036419e-12 2.7691515747108e-12 2.45726772263311e-12 1.9579116106172e-12 1.85127468910196e-12 2.23354668094089e-12 2.34079422511968e-12 2.39051001216239e-12 2.92273982793745e-12 3.53305162903439e-12 4.06564781840757e-12 3.26695337449223e-12 2.71066502577355e-12 3.14700487891173e-12 3.1118552179521e-12 2.00910399428267e-12 2.1193380383977e-12 2.06347161579856e-12 1.93102200896078e-12 1.98343563795333e-12 2.00974792363695e-12 2.06361594479176e-12 2.54430920776372e-12 2.68152167137714e-12 2.73167044539946e-12 2.8679281172117e-12 2.90144575032514e-12 2.71493938441836e-12 2.66596744680214e-12 2.0951906876121e-12 1.11026743354614e-12 1.17593712545272e-12 1.17162946011717e-12 1.92251770059215e-12 2.26381136059217e-12 2.45218290118032e-12
1.02625130615763e-11 6.85820289447747e-12 5.56813484209329e-12 5.01254593388012e-12 4.51992887562369e-12 4.15109058238272e-12 4.07912592592652e-12 4.84366990960439e-12 4.55295801060629e-12 3.80354636675406e-12 3.14395176559401e-12 2.89768209427166e-12 2.89184232116213e-12 2.79782863543687e-12 2.46341835818953e-12 2.48344678155377e-12 2.47845077794295e-12 2.41279218826662e-12 3.66138230845081e-12 4.32780478121231e-12 4.68184380153502e-12 4.21310764053828e-12 3.55618867686758e-12 3.66310315413898e-12 3.48474582523295e-12 2.63802313327233e-12 1.77773351595079e-12 1.81085146877535e-12 1.81969994628162e-12 1.91228144430511e-12 1.88651316790356e-12 1.97911687038754e-12 2.33421060258365e-12 2.37202479880239e-12 2.44290143669446e-12 2.37952990644885e-12 2.1686652473818e-12 2.12938555677056e-12 2.04711803064583e-12 1.7788659434359e-12 1.23570043086829e-12 8.54349924139797e-13 6.97675250904695e-13 1.16717746578843e-12 2.12694306611638e-12 2.30458985228665e-12
1.11656794921089e-11 7.96320787088689e-12 6.21117601795618e-12 4.8150372577993e-12 4.61376492566501e-12 4.97496488449656e-12 4.8005377450977e-12 5.57449642002439e-12 5.23656673578898e-12 3.54215545783632e-12 2.82712742105673e-12 3.73024944266831e-12 3.32286420601235e-12 2.77622369537767e-12 2.48064901953171e-12 2.01396677113053e-12 1.78899117742048e-12 2.17446061157034e-12 4.37823111099078e-12 5.32327515401221e-12 5.0785042837731e-12 4.36918279334009e-12 3.84748899406873e-12 3.62363472561356e-12 3.24640314630642e-12 2.82104339888178e-12 1.96616056769017e-12 1.73108194445604e-12 1.82753812083547e-12 1.76575420951508e-12 1.69754210688211e-12 1.74218417470229e-12 1.97292182591013e-12 1.94193550129285e-12 2.16443529765797e-12 2.08680850377618e-12 1.84848802931015e-12 1.6991963391888e-12 1.82408532722889e-12 1.6546208847501e-12 1.3510415008966e-12 1.16089360346905e-12 6.39210906427934e-13 6.48514575374293e-13 1.53741464004042e-12 1.8587020811367e-12
8.81716921696807e-12 9.53890300081639e-12 7.85450593454584e-12 7.50566275797837e-12 7.16059433969463e-12 6.0979776783654e-12 4.74003059025563e-12 4.27347046638715e-12 3.24147375607708e-12 2.82346368507547e-12 3.18681747657479e-12 3.04533065431656e-12 2.88449264473911e-12 2.4509283491625e-12 1.17873488747477e-12 1.72496461559035e-12 1.76877401614206e-12 2.09028350184326e-12 3.932576486676e-12 4.06458200430393e-12 4.81897854953672e-12 4.43458603172075e-12 3.83671983072986e-12 3.33905125771139e-12 2.91554558273788e-12 3.06978886754905e-12 2.42673658945591e-12 2.03337346960097e-12 1.94492200122909e-12 1.59363633400744e-12 1.51776369250456e-12 1.5752621429499e-12 1.66502367449084e-12 1.72946101884008e-12 1.73557834770577e-12 1.72744041293527e-12 1.51668677617067e-12 1.4894974142976e-12 1.65669700180615e-12 1.58352220225311e-12 1.40017997196651e-12 1.11549658399213e-12 7.865152973352e-13 6.1549654262194e-13 7.17104153835635e-13 1.24846799565148e-12
1.23963284082151e-11 1.15915499421249e-11 9.48456868599123e-12 8.18480838660207e-12 7.3161809943656e-12 4.86424234225069e-12 3.18770565499449e-12 3.45096173859361e-12 2.8670621432525e-12 3.38247208020448e-12 3.1450064774674e-12 2.80135914465518e-12 2.70946598490696e-12 2.61597410400327e-12 2.33665309323783e-12 2.40938380358102e-12 2.09005035500809e-12 2.20740092871097e-12 3.06302760932908e-12 3.70555808260065e-12 4.24164037227115e-12 3.79648534831745e-12 2.92557089665024e-12 2.49303910848653e-12 2.69021471765996e-12 2.56159538025713e-12 2.61572985493785e-12 1.94751992310671e-12 1.66225921915952e-12 1.61111124441504e-12 1.43746126113342e-12 1.55473411922458e-12 1.54632973092816e-12 1.59683377631836e-12 1.57708290871028e-12 1.53377310851965e-12 1.49801282489648e-12 1.54337653768266e-12 1.47769574354584e-12 1.36843869569248e-12 1.32981403666577e-12 1.15328857575037e-12 9.0729646018417e-13 6.97486512990508e-13 6.75492994872684e-13 7.39497352242324e-13
1.00545349823733e-11 9.8409724813564e-12 9.73922054114951e-12 8.31287261249258e-12 5.56833468223772e-12 3.40755201833076e-12 3.67870178763496e-12 3.26890736701557e-12 3.37814221040844e-12 3.49409390310029e-12 3.1869396011075e-12 3.62994079239343e-12 3.17772475000311e-12 2.44579911878873e-12 1.57392987532035e-12 2.58474353032057e-12 2.18817186592446e-12 2.198430326672e-12 2.48264742097604e-12 2.19784190846895e-12 1.2799650228601e-12 2.64321897702757e-12 2.41399122913322e-12 2.66304756024738e-12 2.58969512501039e-12 2.73560063490663e-12 2.24924523450909e-12 1.90198967686683e-12 1.52109436157843e-12 1.59398050314508e-12 1.53833612515086e-12 1.46826995006677e-12 1.48321355197822e-12 1.61678448407088e-12 1.6500356636584e-12 1.62846403028993e-12 1.76388903483371e-12 1.70621294870443e-12 1.55324642037158e-12 1.54199986113213e-12 1.22273302594067e-12 1.08214548433239e-12 1.06289421708539e-12 1.06609165939631e-12 1.02127195589219e-12 1.12184705969298e-12
1.24443677584907e-11 1.02787223177359e-11 9.82869341470405e-12 6.82991441181002e-12 3.52926576852042e-12 3.13191694800707e-12 3.69456687465686e-12 2.78665979180914e-12 3.49298368007567e-12 3.42222916671631e-12 3.30994121000572e-12 2.93999269374012e-12 2.76735301341091e-12 2.27976526545604e-12 2.09422479358068e-12 2.61236587917324e-12 2.42904585334713e-12 2.44547715411159e-12 2.16684448162141e-12 1.78754788748847e-12 2.31283880935962e-12 2.75720557496584e-12 2.16940909680829e-12 2.38591368884045e-12 2.43612907624424e-12 2.47374343231854e-12 2.33127961379864e-12 2.02414751626634e-12 1.72344361004662e-12 1.81211712302343e-12 1.55272461555001e-12 1.56572532716837e-12 1.61430868672596e-12 1.64253055601193e-12 1.69140257355593e-12 1.69717573328398e-12 1.7171264410365e-12 1.68141056633431e-12 1.64707136818265e-12 1.48573375824412e-12 1.32585054046785e-12 1.39181999259108e-12 1.25506272041775e-12 1.25452981336593e-12 1.32802657759612e-12 1.63936642039175e-12
1.42787226486973e-11 1.30052968394523e-11 1.04065867034819e-11 7.02752300796305e-12 3.86840559585266e-12 4.21194190636243e-12 3.37671002270667e-12 2.39204211993638e-12 2.8128388507298e-12 3.3125058251926e-12 3.07078806827121e-12 3.1827873669954e-12 2.75803824223431e-12 2.57238674805649e-12 2.2871260441093e-12 2.4029223055777e-12 2.06278327752329e-12 2.33681962669152e-12 2.33121300041717e-12 1.84937620772985e-12 2.11665129867811e-12 2.19437801263211e-12 2.52540210965435e-12 2.26313412454715e-12 2.09484651847447e-12 1.84342541231786e-12 2.12390105502891e-12 1.75092162990609e-12 1.56047397226189e-12 1.63271618447425e-12 1.63008495590589e-12 1.61793911601649e-12 1.55887525110643e-12 1.50137680066109e-12 1.51580969998122e-12 1.5351053761492e-12 1.57494017827275e-12 1.6079804154856e-12 1.6840973060539e-12 1.59858792869727e-12 1.73214775855968e-12 1.6404100300349e-12 1.59428026336172e-12 1.58950630435584e-12 2.02562411288909e-12 2.18961515585647e-12
1.34263267170809e-11 1.13882125951648e-11 8.86740680883236e-12 5.49067458166519e-12 4.65431027052432e-12 4.41653380534035e-12 3.11597414537346e-12 2.42693642960035e-12 2.53773668745794e-12 2.67028621436793e-12 2.4301893830625e-12 2.49575915489686e-12 2.29624097514147e-12 2.42754705226389e-12 2.2825408230176e-12 2.54188892157003e-12 2.24906759882515e-12 1.99664729194637e-12 1.60333968324267e-12 1.79706249880951e-12 1.65267799445701e-12 1.67692526531482e-12 2.2264190491228e-12 1.92457161318771e-12 1.74772418759517e-12 1.67709179876852e-12 1.6657342172266e-12 1.2211565092457e-12 1.30386812458028e-12 1.4161893879816e-12 1.45822243169391e-12 1.43756118120564e-12 1.35379485399767e-12 1.3411272092867e-12 1.34675604002155e-12 1.34060540446512e-12 1.44231293575103e-12 1.53759227572436e-12 1.56773483084294e-12 1.75763847920507e-12 1.78423942287509e-12 1.75851555539452e-12 1.76384462591272e-12 1.87143633922915e-12 2.23674412325181e-12 2.50472975693583e-12
1.12537201779617e-11 1.19139254017853e-11 9.67933511120123e-12 7.64662777541503e-12 5.85477222259101e-12 4.61325422307368e-12 3.85969034510936e-12 3.30144800386734e-12 2.48293607896244e-12 2.40866215861502e-12 2.07425188136767e-12 2.58807419939444e-12 2.52405873979455e-12 1.98282501528979e-12 1.73669967296064e-12 1.99616989604579e-12 2.00737204636425e-12 1.8489099140595e-12 1.67310609811011e-12 1.03763664327516e-12 8.43147773821329e-13 8.70092886628981e-13 1.16875398248339e-12 1.31350486043402e-12 1.42379441570029e-12 1.17506004926327e-12 1.11542997061065e-12 1.13270504087382e-12 1.05618847001665e-12 1.10812470310862e-12 1.06408215572173e-12 1.20671250769533e-12 1.22242216349377e-12 1.17765797114089e-12 1.05787600901408e-12 1.15174536574614e-12 1.29036781260083e-12 1.42021949756099e-12 1.56012980312425e-12 1.78955739116304e-12 1.69023683938008e-12 1.60887969613555e-12 1.75316428041583e-12 1.8592793971095e-12 2.07900363591307e-12 2.32704966407482e-12
7.21177562112985e-12 7.86593012946923e-12 7.88682452679268e-12 6.88378243296484e-12 5.80442360842426e-12 5.44954081860283e-12 3.75562914101124e-12 2.79947176551332e-12 2.45247155916672e-12 2.28603802554517e-12 2.08850714500386e-12 2.23290275158661e-12 1.95590210694263e-12 2.51395571027047e-12 1.46055390004562e-12 1.57309720805188e-12 1.74366077132504e-12 1.61454183356113e-12 1.47808432160446e-12 1.10729203584015e-12 6.52822240709838e-13 6.10100858722262e-13 5.29709609509155e-13 7.08311187480604e-13 1.04325437177977e-12 1.06156194945584e-12 9.95659110714087e-13 1.12885256697837e-12 9.07973696229192e-13 1.03418384966858e-12 1.02351460640193e-12 1.03478337010188e-12 9.84534676007343e-13 9.76030367638714e-13 9.48841005765644e-13 1.02708952454122e-12 1.09074971277323e-12 1.45234935189364e-12 1.73072667308816e-12 1.70972125346225e-12 1.64103175492869e-12 1.71663794290566e-12 1.67438285458843e-12 1.67809099949068e-12 1.79538606204233e-12 2.08144612656724e-12
5.22409893122244e-12 6.3435146024915e-12 6.02667915572397e-12 5.47979439602386e-12 5.28305177383004e-12 5.08566522228193e-12 3.56537022128123e-12 2.5421442728657e-12 2.18484119685058e-12 1.94392280050693e-12 2.25408580689646e-12 1.75949255165619e-12 1.24387167232953e-12 1.40503164658412e-12 1.30254695918097e-12 7.40918437713845e-13 1.14451781385583e-12 1.24188437311545e-12 9.15800768552799e-13 8.89788243085832e-13 6.99562630046557e-13 5.68678437673498e-13 5.43853850842879e-13 4.82880402330466e-13 4.6788128926778e-13 5.37092592622912e-13 8.94395668638026e-13 9.89519577387909e-13 9.77473657570726e-13 9.64317514728918e-13 9.78328529299688e-13 9.64206492426456e-13 9.16966502728655e-13 9.01134722397501e-13 9.31887900179618e-13 9.59199386585397e-13 1.07577280417104e-12 1.41684441956613e-12 1.56387125471724e-12 1.58391078031173e-12 1.51813006610269e-12 1.60186308661991e-12 1.50488510541891e-12 1.5243029061196e-12 1.68098868158495e-12 2.1787238679849e-12
3.82240905594244e-12 4.71082062247774e-12 4.87153650752248e-12 4.10304012987694e-12 3.98401311940688e-12 3.98694410819189e-12 3.84838827471867e-12 2.45652387320661e-12 2.14093187622666e-12 2.27191598867194e-12 1.6765366872562e-12 1.15585319093725e-12 8.02813371336697e-13 6.92124135781569e-13 6.0409455215904e-13 4.57534010678273e-13 7.44571071464861e-13 6.67754740391047e-13 5.7885918280931e-13 6.45616893280021e-13 6.04671868131845e-13 4.60453897233037e-13 4.07252009893e-13 4.4317882696987e-13 4.88920015584426e-13 5.2563509100878e-13 6.61803944979056e-13 7.594147533041e-13 8.75655103982353e-13 9.02622421250499e-13 9.49595957422389e-13 9.4340091294498e-13 8.27515833634607e-13 7.48401340899818e-13 8.2706064219451e-13 9.73610081445031e-13 1.24552590463622e-12 1.28619337402824e-12 1.50770507190146e-12 1.49844581187608e-12 1.43473011249284e-12 1.48306922298502e-12 1.66451297189951e-12 1.75900405352536e-12 2.00035543684862e-12 2.64397392868432e-12
2.8645419369866e-12 3.52244899914922e-12 3.4672820170556e-12 3.2449820608349e-12 2.80170331379281e-12 3.22943893849015e-12 3.06331626731549e-12 2.237654506132e-12 2.07481809511023e-12 1.81795689613296e-12 1.2116974090759e-12 1.05329078792238e-12 7.21844806150784e-13 5.02020647275003e-13 5.72064617898604e-13 4.70035121935553e-13 4.01489952395195e-13 3.72579744833956e-13 4.8713255651478e-13 5.0656145944572e-13 5.16331422062422e-13 5.07016650885817e-13 5.01509944683676e-13 4.73154848634749e-13 5.09026154560388e-13 5.44875256025534e-13 6.49036380195867e-13 7.55895346316038e-13 9.10937991704941e-13 1.05857544951959e-12 1.10119691143495e-12 1.01417763076483e-12 9.1390228718069e-13 8.98192631382244e-13 9.55791001899797e-13 1.09584563645626e-12 1.33444366667845e-12 1.40568667816865e-12 1.59573465552398e-12 1.59963153834042e-12 1.58055790677736e-12 1.66754388075674e-12 1.89244175885506e-12 1.95486959952973e-12 2.16104911743287e-12 2.35145236615608e-12
2.64174238040482e-12 3.53680418285762e-12 3.21659365809523e-12 2.57605048403775e-12 2.08655315248052e-12 2.16635598349058e-12 1.99051886085044e-12 2.00888194967774e-12 8.53572768022559e-13 1.04192210415022e-12 8.49886827580804e-13 8.0040418737326e-13 7.35378424820965e-13 7.43582972972945e-13 4.57256454922117e-13 3.43314265904837e-13 4.4326764481184e-13 3.80029341329191e-13 4.15256717900547e-13 4.05797617730741e-13 4.20219414820622e-13 4.71289673953379e-13 4.46775949569655e-13 4.52848869514355e-13 6.0622618036632e-13 7.45348227582099e-13 8.20665757572669e-13 9.27713461607027e-13 1.01630925897211e-12 1.12660991646862e-12 1.122524295738e-12 1.03365094261676e-12 8.91586804385724e-13 9.59066159822441e-13 1.17712506408907e-12 1.17750253991744e-12 1.2416068173593e-12 1.4502732348376e-12 1.44422251935339e-12 1.46993528460371e-12 1.60668145454679e-12 1.79799508615019e-12 1.89163129604708e-12 2.19312346061429e-12 2.28985719274988e-12 2.51640930315489e-12
2.65271138388812e-12 3.03208569363278e-12 3.68947095097383e-12 2.52672327505366e-12 1.75005565594688e-12 1.32351907211614e-12 1.64692703918945e-12 1.84707804606887e-12 1.4634293776794e-12 7.54785123291413e-13 4.57112125928916e-13 4.03954647509863e-13 4.74242867198882e-13 5.3955728773758e-13 3.77664566286739e-13 3.77875508661418e-13 4.60531612844761e-13 4.52815562823616e-13 4.61086724357074e-13 5.40845146446145e-13 5.4749538236365e-13 6.17172979389125e-13 7.10176362161974e-13 7.43705097505654e-13 8.1787909778086e-13 8.17745871017905e-13 8.32889313073792e-13 9.39526234589039e-13 1.04984909654604e-12 1.1060818927433e-12 1.0246359316568e-12 9.50250989006918e-13 9.36406507889842e-13 1.10963460642211e-12 1.22305499061781e-12 1.1863732218842e-12 1.33538735624938e-12 1.36736177935859e-12 1.31835653505163e-12 1.33690836179312e-12 1.30249144802974e-12 1.58454360743576e-12 1.74720238277359e-12 1.98209226809354e-12 2.13690176664727e-12 2.2377988351252e-12
