Maxent_result_files_2/B_polaris_3.asc
NCOLS 594 
NROWS 330 
XLLCORNER -15 
YLLCORNER 23 
CELLSIZE 0.166666666666667 
NODATA_value -9999 
[rows 100 to 119 of 330, columns 132 to 175 of 594]
0.018189692433225 0.00892869059753139 0.268724562413991 0.813021861761808 0.406464758515358 0.859107846021652 0.792470014095306 0.906309914588928 0.86720684170723 0.664902022480965 0.875560712814331 0.586738947033882 0.410845932364464 0.708865007758141 0.881020599603653 0.851358717679977 0.0440930782933719 0.00206206297376639 3.82470355565934e-05 1.49604219844557e-06 1.27131819336435e-05 0.0170536338206148 0.00904679700197448 0.0341510102618486 0.0186192710418254 1.61049666058677e-07 8.57234884854563e-08 3.35639901904994e-07 1.20519342469372e-05 4.72141030377626e-06 1.09911250964934e-05 2.97078324196232e-07 4.00012679491191e-07 1.02458369753977e-06 4.7786277579398e-07 1.06292009397713e-05 2.055515669519e-06 2.03171408885705e-07 1.23377480254483e-07 2.16742266145875e-07 9.43774010719878e-08 1.0163884135439e-07 9.51806481741535e-08 8.96828636798297e-08
0.0166085193923209 0.558782652020454 0.906263495981693 0.182503007352352 0.370140607655048 0.794608390331268 0.912615150213242 0.868376487493515 0.717401432991028 0.680883550643921 0.0231599450693466 0.00501398271735525 3.51375521464248e-05 0.00153283969691529 0.0167679639853304 0.00304583463303061 0.0358290918346029 0.00362527253109874 0.000120273654730041 2.02943460002603e-06 5.51891755495859e-07 2.5242752106891e-05 0.000839574550203892 1.52244932166812e-05 4.42143102153958e-06 2.87081826622071e-07 1.02985621719398e-07 7.72207398136437e-08 5.58985892396002e-07 1.12158514620209e-06 4.15092566308228e-07 5.23658700646301e-07 1.74888602111345e-07 8.04614617266886e-08 6.3596267252386e-08 1.06796829653089e-06 1.054781446852e-06 3.25906146958488e-07 5.7354649951602e-08 2.77599307019205e-07 9.79057641514736e-08 7.58445522830442e-08 6.34698800183742e-08 9.40765564338975e-08
0.908529564738274 0.36023692637682 0.99994415640831 0.466504953801632 0.67320439517498 0.514105907082558 0.532446883618832 0.937518626451492 0.463886034488678 0.279035463929176 0.60672972202301 0.863797146081924 0.0435799068887718 0.000307086402694701 0.000833391176843179 1.53030767048645e-05 1.75820345738043e-06 2.22462730581352e-06 5.93597606601826e-07 9.77767270970986e-07 5.84487023180813e-07 9.28044124376415e-06 0.000148502336850243 3.91740344554137e-06 5.24272819446559e-07 2.11705173014387e-07 3.17673080951764e-08 1.28630941631513e-07 1.16992593812704e-07 2.21223982055374e-07 2.5423070101338e-07 1.68700925395893e-07 2.18169967647341e-07 1.77530981237961e-07 2.04805641912387e-07 3.53966332448108e-06 1.50352566558043e-06 1.55670838819511e-07 2.11947153705427e-07 4.58720833640403e-07 7.12377046019341e-08 4.94272408668728e-08 1.65696505614044e-06 1.21985323897622e-07
0.979486131668091 0.809833285212517 0.958799189329147 0.594191201031208 0.383882098644972 0.102700285706669 0.442003977298737 0.878275060653687 0.258610646426678 0.15443615578115 0.00885220422060229 0.000526440675363915 0.00093470328249623 0.12747338488698 0.00232944518418208 1.79219156732913e-06 2.43496925889097e-07 4.35213115212996e-07 3.24659356287782e-08 3.26897395379611e-06 9.47074302815043e-07 6.79023407113011e-07 0.000631731264638802 0.00283591402803722 2.2358302943104e-05 2.74294699345035e-06 5.15583327254099e-08 1.16622485002438e-08 2.97644488611581e-08 4.0186912175777e-08 1.44382562572432e-08 8.3676746154282e-08 1.24364471232319e-07 2.49857020828692e-07 2.03120735808859e-07 1.60892220091302e-07 1.87936234086195e-07 1.25749098972561e-06 1.24029210812893e-07 1.05667260286157e-07 3.17165661622987e-07 2.99957787718297e-06 1.45198950252112e-07 1.24262579781487e-07
0.721082219481468 0.868239575624466 0.709730920195579 0.681562432646751 0.85819057226181 0.885204368829727 0.618043300509453 0.0455583942122757 0.0110276865423657 0.00656387279595947 0.00838623654271942 4.16339907512664e-05 1.74733368194513e-06 0.000224673264514319 0.000303593463273621 0.000136336867737175 1.10277861445907e-06 1.63123906105067e-07 6.17100124400416e-07 3.3031010950868e-07 5.05546529183665e-07 9.64824134774833e-07 5.95405176273545e-07 6.00126708716342e-07 6.9044643302596e-06 5.21044140591176e-06 1.59619905515385e-08 8.63303419196271e-08 1.48355436602188e-08 6.54067949690251e-08 6.49291908128014e-08 4.53104119779724e-08 5.99904512954552e-08 1.41691943356115e-07 1.81627086692782e-07 6.63401851008771e-08 7.16672414857733e-08 4.55299652846186e-07 3.07474044658473e-07 1.41396604003141e-07 9.97005262792783e-08 1.70194022641734e-07 1.19684413435461e-07 1.70435831114979e-08
0.773059624060988 0.79587110877037 0.927468383312225 0.944558721780777 0.880774879455566 0.783122533559799 0.604335880279541 0.198282522708178 0.101351274549961 0.16278497800231 0.188472335040569 0.416285240650177 0.15634481292218 0.000187207597489802 7.99436658526886e-05 0.000342411918379071 6.38955461565338e-05 1.5394240462141e-05 6.12037068303817e-07 1.15404159428678e-07 5.78939640014653e-06 1.03011983433321e-06 2.02159998519136e-07 1.258229220924e-07 6.82155989806255e-07 2.68377982759471e-07 9.81126746735228e-08 2.22011330763827e-07 2.79750421938729e-07 1.23405792584741e-08 1.73204671716221e-08 8.65551596729297e-08 9.74866344316538e-08 2.70990397910342e-07 6.12798304766571e-08 4.63950269424807e-08 3.53594132085355e-08 6.41888668551083e-08 8.16396936831332e-08 2.79892405496973e-07 2.95198528454943e-07 1.07026151663359e-07 8.61746303870703e-08 1.12461595702662e-07
0.818626648187637 0.756985110044479 0.981319493055344 0.944458955526352 0.892931771278381 0.746096462011337 0.725315475463867 0.70189580321312 0.330773633718491 0.0591381259262562 0.000739839895868499 0.000234323720539464 9.77255426107382e-05 0.000232989355984081 0.0020807370869079 3.49806036778144e-05 2.22618786460682e-07 1.64417465886579e-07 6.45724502312817e-08 1.15616132101426e-07 2.2365170230243e-07 7.32721645579915e-08 6.8900608118927e-08 1.44659021983351e-08 2.11537154382047e-07 4.12060979559925e-08 2.8984925459774e-08 3.07817469291649e-08 2.98438642798438e-08 8.95837030778779e-08 1.56641509285738e-07 5.01191433355253e-08 6.42193064059882e-08 4.91716848793899e-08 5.91326432930472e-08 4.28102919891593e-08 9.74224195759987e-09 4.41734629763602e-08 5.01612674175256e-08 6.11127112026821e-08 1.26881058992723e-07 5.45538758711661e-07 7.04900059433911e-08 1.46270706580243e-07
0.166992885340005 0.414910613000393 0.96912470459938 0.858523172140121 0.805319362878799 0.795051324367523 0.752271354198456 0.640518128871918 0.624859330058098 0.0198021741351113 0.000455600929660704 0.0244451231788844 4.05185689873466e-06 9.48070076300933e-07 1.54836204391273e-07 1.56088187885928e-07 1.44009937963485e-07 7.81674148297995e-08 2.02168300683647e-06 5.16761679456579e-06 2.35006489934797e-08 1.4303732348564e-07 7.75828469246065e-08 7.44477108849395e-09 6.32038586101391e-07 9.3715652493831e-08 5.38541036321227e-08 4.43653799364618e-08 3.62793709962617e-08 3.42673283526551e-08 1.11305875682977e-07 5.48367034669539e-08 7.48450551646407e-08 5.18444529973294e-08 3.24673364082706e-08 4.41437891129937e-08 7.26184043231548e-08 6.73073596080265e-08 1.81367384222142e-08 9.82464831267293e-08 6.80683357234812e-08 7.41221776623391e-08 4.47073375209328e-08 2.35081283328498e-08
0.91878713965416 0.643049848079681 0.926488673686981 0.899818903207779 0.961709672212601 0.634472328424454 0.152158070821315 0.746753817796707 0.150530692189932 0.0119741213158704 0.000604764712295491 0.000171738192246984 1.94853814975415e-06 3.39859172428625e-05 1.88741232554079e-07 1.63572781974874e-07 6.9415950021412e-08 1.58918779402661e-07 1.39269358911953e-07 3.08926579373203e-07 3.08457713593668e-08 1.85575707702945e-06 1.05693885432689e-05 8.08562935494805e-09 3.92962952178166e-08 5.08961214507053e-08 9.63453404834169e-09 6.72173080973337e-08 6.02928536430625e-08 7.97495715021412e-08 6.61274124902356e-08 1.73123537394737e-08 9.08416279865598e-08 8.25614842825395e-08 1.49742874178127e-07 2.4770162809773e-08 7.16780479748102e-08 6.66667688609124e-08 1.05743874512232e-07 7.64402879438464e-08 1.58506352820886e-08 2.53025706276055e-08 6.02157378737367e-08 5.87735318857696e-08
0.216245739348233 0.914447617530823 0.427903164923191 0.103735187649727 0.0990511626005173 0.330700707435608 0.027241574722575 0.10339780296199 0.143338070809841 0.00113809847255197 2.02640412588218e-05 2.45671744629083e-05 1.06019369260357e-06 1.316786774197e-05 4.18865793316847e-07 9.01724837354401e-08 8.11610511797234e-08 4.98980449847863e-07 1.29975413254435e-07 1.19072588355973e-07 5.96191567214799e-07 2.59458850159433e-05 7.07292211798993e-08 2.21904914776694e-08 3.34888198505467e-08 6.99179264018746e-07 1.13838552584511e-08 6.81487102638378e-08 9.24710957250774e-08 5.25804956241771e-08 1.73657506596925e-08 1.26403175948475e-07 2.61496872255851e-07 3.10603192388292e-08 6.23444350700275e-08 6.43835197045029e-08 1.25882773338581e-07 2.51600668876861e-07 6.40809759056005e-07 5.38032568053737e-08 4.90970434197102e-08 4.91616584552546e-08 4.89447154694567e-08 3.94831693861786e-07
0.845423340797424 0.552850925922394 0.321839501708746 0.777620434761047 0.00991636483813636 8.95824346350826e-06 1.17188622475117e-05 2.8882227065874e-06 3.07964657833004e-06 1.63919386606315e-05 5.3990362911982e-05 4.43125821878443e-06 1.95715258222151e-08 1.55256362321943e-08 6.30872209694822e-08 1.08188674097232e-07 5.7164312886604e-07 6.42173325504647e-07 4.77030803036627e-07 6.47552264043672e-07 9.4347129057315e-06 9.15008936521744e-06 5.79029622804761e-08 5.87297860565883e-08 8.7409186122489e-08 5.32087294324857e-07 6.0494635467645e-08 1.94268964925914e-07 4.80937956237604e-08 6.47279065790762e-08 2.83484610119622e-08 4.49714007588753e-08 2.24538742232827e-07 3.57168764308913e-07 9.79481533225357e-07 1.07758707361683e-06 2.84888559964891e-08 3.00470310132805e-07 1.67954631535849e-08 1.07833699869442e-07 1.67930137606742e-07 2.89962116983844e-08 4.16390010027357e-08 2.37397990032751e-07
0.0946030658204109 0.195601363480091 0.131452944129705 0.29536135494709 0.0136377044138499 1.97679969640263e-05 2.93073531804078e-06 1.7164966631622e-06 6.65434111546404e-07 1.36690856388233e-06 2.69279174506254e-06 1.53627718393334e-06 1.13648396360411e-08 3.61628852196816e-08 1.10194957636534e-07 1.47129752858799e-07 9.1672483637506e-08 7.08172353192094e-07 2.78203240866581e-07 1.28141233837198e-06 2.70282443821657e-06 -9999 1.86117988343337e-07 1.43471646341098e-08 1.74545793818481e-08 2.93005527951529e-08 1.02096469734025e-07 5.25517324101443e-08 6.82586429046061e-08 6.85687977819427e-07 1.28621186246125e-07 1.51826503413943e-07 6.5976070517948e-08 3.13659704875846e-08 2.61000970946945e-08 4.44159465462501e-07 1.88992478777905e-07 3.24773463822314e-07 2.21218073892526e-07 1.34607547885857e-07 7.11691610488785e-07 2.92364370935161e-07 2.52352998386662e-08 2.67288281785572e-07
0.275352979451418 0.0449684384977445 0.00139602504987124 0.0117410908918828 0.00377663776816917 8.43965671424307e-06 1.31172196318197e-06 3.14403435813793e-05 4.29250583874108e-05 1.00182495799683e-05 1.10077925102869e-06 3.8333783006772e-07 4.13398939413945e-08 3.28337580346449e-08 2.81935982493486e-07 5.83164501799516e-08 2.79913167422485e-08 6.35425737471884e-08 4.06588955428333e-06 1.89803563188651e-07 6.51858526379279e-08 -9999 -9999 8.85469678468809e-08 5.07261950222215e-08 1.80078798650563e-08 1.01107251571086e-08 4.24603123883038e-08 1.58447302978093e-07 1.27780944314537e-07 4.11621007734286e-07 1.42396951385848e-07 7.82791208076006e-08 4.45152560368811e-08 1.28666687571055e-07 1.45778943261288e-07 1.27331676491593e-07 8.14349643292189e-05 3.52175604239946e-05 9.99136689188163e-05 3.89548723246591e-05 0.000109460273324657 8.45833004925467e-07 1.55974028137607e-08
0.167146534845233 0.650321424007416 0.0886127470061183 0.000205628137214831 0.0354486235883087 0.000611243540265605 4.22228722287699e-05 5.90531793923543e-05 6.89787365408812e-06 8.30794001624113e-05 3.38609769212628e-07 3.86087571135896e-08 3.18926960951593e-08 5.79075547957331e-08 3.5827688238399e-08 6.47259109753939e-08 3.20963721023304e-07 8.6896059348085e-08 1.22842330552153e-07 2.58320098863729e-06 -9999 -9999 -9999 -9999 -9999 4.74843938946812e-08 3.45733939366433e-08 4.19243631810673e-08 4.95663956656678e-08 1.64624951481951e-07 4.68467269865158e-08 8.8611762683044e-08 5.78106696291769e-08 1.16417607809449e-07 1.07346922484375e-07 1.87436902749916e-06 3.92611508570617e-07 8.48665414228123e-06 4.53454151120525e-05 4.53111860569067e-05 4.48430536970079e-05 0.000110159374139585 8.01384528514859e-07 1.27209908882264e-06
0.0897286009741947 0.259961769729853 0.0913200225681066 0.000577425906863027 1.91521044438425e-05 3.30176171623009e-05 2.25778473967875e-06 1.48203798113755e-06 1.52129933095324e-07 2.67882069637793e-08 5.91291132168159e-08 7.07320188642058e-08 7.86157818288835e-08 9.11322070806797e-08 3.11464205626777e-07 -9999 -9999 -9999 -9999 -9999 -9999 -9999 -9999 -9999 -9999 3.14336364415357e-07 7.50788266556945e-08 5.34747873093266e-08 7.28991678689006e-08 2.87210932370385e-08 5.50111902364314e-08 1.61555249900136e-07 1.03777831661489e-08 2.13289424988439e-07 4.14181577639283e-05 4.30987605700039e-05 6.09658354505882e-05 1.21813309306162e-05 4.43346953037604e-05 3.97751046737227e-05 3.57699509770271e-05 3.64394954189606e-05 5.77447509186868e-07 1.49919388512387e-06
0.166577082499862 0.212438942492008 0.0141610291437246 0.000245814812136302 3.305677243991e-05 6.71114597898814e-06 1.45020003859964e-06 1.33947340041907e-07 9.83313587110679e-08 5.27502593716811e-08 1.82177763974334e-07 9.14537024665485e-08 2.17021632720193e-07 2.24484146925663e-06 -9999 -9999 -9999 -9999 -9999 -9999 -9999 -9999 -9999 -9999 -9999 1.73255569757558e-07 2.24830628003936e-08 1.53326721075153e-07 1.1310370551243e-08 5.88409317048288e-08 1.61725114722344e-07 1.37202483485588e-08 2.59323574480774e-07 6.87167327004801e-06 4.36952651963196e-05 4.50134770076716e-05 1.11859955245208e-05 5.67517259142392e-06 4.45291698724759e-05 1.48019821022416e-05 3.85263807132219e-06 2.30819521256365e-06 1.9537688501714e-06 1.25062523725905e-07
0.000310639850616212 0.0309964844491333 4.02185161717528e-05 2.57601964781529e-06 5.49120216652987e-07 9.36323756384194e-07 1.25697282471471e-07 3.83801789238802e-08 4.36277273752061e-08 6.10777245335647e-08 2.92659414413698e-07 1.03794159932447e-06 -9999 -9999 -9999 -9999 -9999 -9999 -9999 -9999 -9999 -9999 -9999 -9999 -9999 -9999 3.15671738775336e-06 3.99661939209928e-08 3.27510172204448e-08 6.44429897334042e-08 2.61687863156723e-08 4.86512452235743e-07 1.56193606869692e-05 1.57322266204574e-05 4.40157000191732e-05 4.29045451284082e-05 2.01701943698396e-05 3.83194989922231e-05 1.13246009618706e-05 7.76757001830219e-07 3.79745428702449e-07 5.02118276131114e-06 1.14142086431457e-06 9.67410943175651e-07
9.25220215322042e-05 1.76007359591779e-05 1.4163625238206e-07 2.61911623977706e-07 1.00049544349279e-07 1.20327441344159e-07 4.24413821198399e-08 5.66070181950984e-08 1.03647677995866e-08 2.70667224933074e-07 0.000108204143378998 -9999 -9999 -9999 -9999 -9999 -9999 -9999 -9999 -9999 -9999 -9999 -9999 -9999 -9999 -9999 2.88384338653636e-07 4.97397572585268e-07 7.15230887182727e-08 2.12044644654075e-07 5.16477042911134e-08 2.41016327240384e-07 2.35290112065023e-06 4.88950264423416e-06 1.85434158709086e-05 1.41682775037566e-05 1.56847045502673e-05 7.12307504784349e-06 2.08629535478622e-06 2.35735648885793e-06 4.91563832483166e-07 3.85072456481339e-06 1.1187948988578e-06 5.0057413765181e-07
2.2250855022321e-05 7.48622912305486e-07 4.14171166052135e-07 1.49995328724284e-07 3.52435351502756e-07 2.32856680504323e-07 4.32557953977675e-07 6.40569607246455e-07 2.88145202766987e-05 -9999 -9999 -9999 -9999 -9999 -9999 -9999 -9999 -9999 -9999 -9999 -9999 -9999 -9999 -9999 -9999 -9999 -9999 2.76334271565037e-07 7.24318794498302e-07 1.83828400595054e-06 2.49233540250415e-08 2.08259637601849e-07 1.42975559891401e-07 1.5996079941738e-07 3.25453739975501e-06 1.00191532794724e-05 2.02936649657204e-05 1.86201922360851e-06 4.68391746721863e-07 6.63503574855895e-06 1.30721574805648e-05 6.19185534134203e-07 5.66242609068013e-07 7.30440147762579e-06
1.17752020737383e-05 9.08098294896131e-06 2.11268271178566e-06 1.2847399411986e-06 8.39365576090767e-06 -9999 -9999 -9999 -9999 -9999 -9999 -9999 -9999 -9999 -9999 -9999 -9999 -9999 -9999 -9999 -9999 -9999 -9999 -9999 -9999 -9999 -9999 7.74007246240327e-07 9.97569496619111e-07 1.02713533556287e-07 1.8206569274426e-08 4.16164323335799e-08 1.2080995123176e-07 1.62233864353656e-07 5.83572005119493e-07 8.22235974240471e-07 2.94376054510437e-07 1.07427696747209e-06 9.88552500302831e-06 1.90822393051349e-05 7.9100302173174e-06 2.57237648026987e-07 1.31920661416984e-07 3.13531704534853e-05
