Maxent_result_files_2/B_pomorum_3.asc
NCOLS 594 
NROWS 330 
XLLCORNER -15 
YLLCORNER 23 
CELLSIZE 0.166666666666667 
NODATA_value -9999 
[rows 80 to 99 of 330, columns 184 to 229 of 594]
0.000182094497722574 0.000641437662125099 0.000723279413068667 0.000377693889822694 0.00470204916200601 0.000846942006319296 0.00158977857936406 0.00189736869069748 0.00204817391349934 0.000698920330614783 0.00130561784244492 0.000673513460787945 0.00339560262254963 0.0016021147966967 0.00381187030579895 0.00365617503412068 0.0124325226759538 0.013344668247737 0.0127740606665611 0.0331760722212493 0.0116757125360891 0.0116698350990191 0.006372638954781 0.00607097991742194 0.00860354267060757 0.0088983609341085 0.0129314900841564 0.0234183432534337 0.0119056507479399 0.00755056778434664 0.0280481322668493 0.0282177246175706 0.0231538021471351 0.0377892689779401 -9999 -9999 -9999 -9999 -9999 -9999 -9999 -9999 -9999 -9999 -9999 -9999
0.00126612753956579 0.00268955944338813 0.00811245692893863 0.000383769308973569 0.000763471836398821 0.00216201582516078 0.00283028329722583 0.00412653008243069 0.00344326834892854 0.00771869849413633 0.00257315009948798 0.00256167308543809 0.00249412127886899 0.00490286293206736 0.00529429479938699 0.00427480922080576 0.012023736583069 0.0151178773958236 0.0174690715037286 0.0151251668808982 0.0271043907850981 0.0138550190953538 0.012349890335463 0.0070269467541948 0.00687286211177707 0.00888778485823423 0.00533011953812093 0.00724814217537642 0.0827553670853376 0.0205342734232545 0.0105568498838693 0.0173216058406979 0.0126049197744578 0.0235472709871829 0.0302493531256914 -9999 -9999 -9999 -9999 -9999 -9999 -9999 -9999 -9999 -9999 -9999
0.115592389553785 0.0432870587334037 0.0139399788342416 0.00500563458772376 0.00281766219995916 0.00133263884054031 0.00244651173707098 0.00469894036650658 0.00366236867848784 0.00965981124900281 0.00303751001483761 0.00447493660030887 0.00825321539305151 0.0067248590872623 0.0118290001060814 0.00756040166597813 0.0148387616267428 0.0104007065063342 0.0156195206800476 0.0151453490369022 0.0146255154162645 0.0115213925950229 0.0088879823917523 0.00722168381325901 0.00792875064071268 0.00762109442148358 0.00814893150236458 0.00663204654119909 0.0102735952008516 0.0109363946132362 0.00765677182935178 0.0201274051330984 0.025779315829277 -9999 -9999 -9999 -9999 -9999 -9999 -9999 -9999 -9999 -9999 -9999 -9999 -9999
0.138294336572289 0.1766721829772 0.00910371458157897 0.00949473949149251 0.00576579773332924 0.00439116558991373 0.0127953799441457 0.00153899962024298 0.0095806899946183 0.00490347520681098 0.00740389807615429 0.00789230149239302 0.0099867244483903 0.012192678404972 0.00502978675067425 0.00667451594490558 0.0212337674107403 0.0111539815086871 0.012719958415255 0.0174199759494513 0.0228293259628117 0.0120148059446365 0.00723331581102684 0.00587743315845728 0.00566424566786736 0.00701484377495945 0.0310847094282508 0.00633494606008753 0.00487635355675593 0.00716526783071458 0.00843680955003947 0.0572202412411571 -9999 -9999 -9999 -9999 -9999 -9999 -9999 -9999 -9999 -9999 -9999 -9999 -9999 -9999
0.0819180749356747 0.0379259407520294 0.0179702669847757 0.0174637828953564 0.0105369888711721 0.00514311734586954 0.00542938272701576 0.00500331348739564 0.0132698007393628 0.0297247378155589 0.00347992675378919 0.00211498466669582 0.0088240775745362 0.0133354729041457 0.0122971794800833 0.0142565087648109 0.0166292870184407 0.0118284128373489 0.011587166110985 0.00942801733035594 0.01155151554849 0.0097917095059529 0.00580104129621759 0.00659388462081552 0.00505775220226496 0.00623787776567042 0.0128264258615673 0.0242558664176613 0.00727099515497684 0.00937730288133025 0.047522129304707 -9999 -9999 -9999 -9999 -9999 -9999 -9999 -9999 -9999 -9999 -9999 -9999 -9999 -9999 0.0158580029383302
0.054762564226985 0.0337777030654252 0.0141446048393846 0.0118721598293632 0.01055409736 0.00698576675495133 0.0142536247614771 0.0290212954394519 0.00469896832946688 0.00774631607346237 0.0091158875497058 0.0101094476878643 0.00757707769516855 0.00699727039318532 0.00943806483410299 0.0121127444552258 0.0128054009517655 0.0117054006783292 0.0205708933994174 0.017237350018695 0.0096524144988507 0.00777347460389137 0.00704265732783824 0.00775846417527646 0.00854108617641032 0.0140053000301123 0.0202751448843628 0.160952329263091 0.0456954373046756 -9999 -9999 -9999 -9999 -9999 -9999 -9999 -9999 -9999 -9999 -9999 -9999 -9999 0.0142285274807364 0.0385339963249862 0.100451451912522 0.225602511316538
0.0379718087613583 0.0387286214157939 0.0620376551523805 0.0449992869049311 0.0193238887470216 0.0129671291215345 0.0116313587874174 0.00992086466867477 0.014697318058461 0.0105748655740172 0.00757807014742866 0.0154002906754613 0.0122614479390904 0.0111116633983329 0.0140550349839032 0.0130054206354544 0.0136520189698786 0.0124126898823306 0.0104110899847001 0.017265889281407 0.0157900232356042 0.0075436688028276 0.0285718406550586 0.0207975835539401 0.0351156322285533 -9999 -9999 -9999 -9999 -9999 -9999 -9999 -9999 -9999 -9999 -9999 -9999 -9999 -9999 -9999 -9999 0.00373037570388988 0.0774615470319986 0.136608435958624 0.309071895480156 0.0246952288784087
0.0245500409975648 0.0193539925850928 0.0250299397855997 0.0258525059558451 0.0195317948237062 0.0147894533816725 0.0155545830726624 0.0145682338392362 0.0145149229327217 0.0103394718142226 0.00826102198334411 0.0102895415155217 0.0128986638505012 0.0138649944216013 0.0123212898615748 0.0157414831686765 0.0105255949543789 0.0116372202988714 0.0156483623199165 0.0209976120851934 0.0111189399845898 0.0432119989767671 -9999 -9999 -9999 -9999 -9999 -9999 -9999 -9999 -9999 -9999 -9999 -9999 -9999 -9999 -9999 -9999 -9999 -9999 0.150505931675434 0.21267057210207 0.154816129803658 0.032828033529222 0.0348127944394946 0.0118863824522123
0.0199028548318893 0.022219669027254 0.0189976119436324 0.0127766427583992 0.01330361883156 0.0142217880580574 0.0296755486633629 0.0160739191342145 0.0436919609084725 0.0139625043608248 0.0162178599275649 0.013689558301121 0.0113759690895677 0.012600192707032 0.0329817663878202 0.0277108361944556 0.0122928275726736 0.0266457921825349 0.0163308593444526 0.0177005482837558 -9999 -9999 -9999 -9999 -9999 -9999 -9999 -9999 -9999 -9999 -9999 -9999 -9999 0.0223432282917202 -9999 -9999 0.0195379486307502 0.0296864362433553 0.0103086814284325 0.194073893874884 0.0384833374992013 0.931636071205139 0.234088173508644 0.105918477103114 0.133774776011705 0.0199441044125706
0.0202066575642675 0.047063159942627 0.0269063014537096 0.0063111896510236 0.00617574697826058 0.0104148647747934 0.0222176731564105 0.0146019011735916 0.0254343965090811 0.0168235332239419 0.0187814455013722 0.0141579142306 0.0148733873851597 0.0120677869301289 0.0162914177402854 0.015269602322951 0.0290696948766708 -9999 -9999 -9999 -9999 -9999 -9999 -9999 -9999 -9999 -9999 -9999 -9999 -9999 -9999 -9999 -9999 -9999 -9999 0.400688207149506 0.329570010304451 0.58766685128212 0.90946581363678 0.999608492851257 0.999986439943314 0.582032549381256 0.852277970314026 0.484772807359695 0.107523065805435 0.0914785098284483
0.0174564281478524 0.0125656097894534 0.010075877700001 0.00671936139697209 0.00995952929370105 0.0134364207275212 0.0116850207792595 0.0108937355224043 0.0178264679852873 0.0131800847128034 0.0124760834965855 0.0162836411036551 0.00995455905795097 0.0107011980377138 0.0411649654619396 0.0112920001149178 0.0291683007031679 -9999 -9999 -9999 -9999 -9999 -9999 -9999 -9999 -9999 -9999 -9999 -9999 -9999 -9999 -9999 -9999 -9999 0.00611633537337184 0.315020011365414 0.156603768467903 0.28992285579443 0.448133864998817 0.268103103339672 0.928057569265366 0.959171891212463 0.881649303436279 0.636404305696487 0.823487693071365 0.432108655571938
0.022339459694922 0.0117953980574384 0.0116079788655043 0.0117147926241159 0.0152952631004155 0.012352231098339 0.00852456402499229 0.0120640537235886 0.0125979114323854 0.0199975653551519 0.0120814241468906 0.0130319739691913 0.0148652439005673 0.0183699219487607 0.0238565919920802 -9999 -9999 -9999 -9999 -9999 -9999 -9999 -9999 -9999 -9999 -9999 -9999 -9999 -9999 -9999 -9999 -9999 -9999 0.018900837842375 0.0324445502832532 0.0570220619440079 0.0573820438235998 0.473766797780991 0.0184403947554529 0.280793508887291 0.961929768323898 0.945696061849594 0.654775476455688 0.843037679791451 0.0800116645172238 0.33680477887392
0.011824218230322 0.0155226370785385 0.0181194145232439 0.0120241840137169 0.0226478111930192 0.00937459382694215 0.0234285951592028 0.0102453520521522 0.0118493648245931 0.0229216718114913 0.020662041939795 0.00995696713216603 0.0111258965916932 0.0285153236240149 -9999 -9999 -9999 -9999 -9999 -9999 -9999 -9999 -9999 -9999 -9999 -9999 -9999 -9999 -9999 -9999 -9999 -9999 -9999 0.0525995582342148 0.410556814074516 0.191594734042883 0.32874419093132 0.26731614023447 0.30849287211895 0.489163687825203 0.931654924154282 0.9813008248806 0.819151473045349 0.997696995735168 0.503992566466332 0.0937612991780043
0.0127486231271178 0.00915040590334684 0.00819418125320226 0.0235618540551513 0.00733762425370514 0.00887544977013022 0.0137956202961504 0.00924540397245437 0.0107492450159043 0.00852553031872958 0.0461560800671577 -9999 -9999 -9999 -9999 -9999 -9999 -9999 -9999 -9999 -9999 -9999 -9999 -9999 -9999 -9999 -9999 -9999 -9999 -9999 -9999 -9999 -9999 0.490558168292046 0.830721390247345 0.207528130710125 0.203893461823463 0.942904621362686 0.756019163131714 0.52734976708889 0.122935528308153 0.295778036117554 0.350000683963299 0.302774901688099 0.263527160137892 0.136947972327471
0.0149360552895814 0.0170488310046494 0.01239024088718 0.00737146239262074 0.0104134471854195 0.0130730392877012 0.0134669218678027 0.0161820813082159 0.0161428884603083 0.0160024260170758 0.12199901342392 -9999 -9999 -9999 -9999 -9999 -9999 -9999 -9999 -9999 -9999 -9999 -9999 -9999 -9999 -9999 -9999 -9999 -9999 -9999 -9999 -9999 -9999 -9999 0.204813984036446 0.176745983213186 0.323179452121258 0.0602045895531774 0.0304209011606872 0.720983386039734 0.143606702983379 0.980976682901382 0.188206098228693 0.0326196962967515 0.0480268461629748 0.0104427648708224
0.0539541359990835 0.0639984052628279 0.0141161576379091 0.016401886427775 0.0138998552691191 0.0137428558897227 0.0154935333877802 0.0106993407942355 0.0392134737223387 0.0333740583620965 0.0803223680704832 -9999 -9999 -9999 -9999 -9999 -9999 -9999 -9999 -9999 -9999 -9999 -9999 -9999 -9999 -9999 -9999 -9999 -9999 -9999 -9999 -9999 -9999 -9999 0.0149234092794359 0.0364631514064968 0.0658681118860841 0.0887369440868497 0.0400179691612721 0.108974564447999 0.0524748656898737 0.257727999985218 0.0994384258985519 0.0611349293962121 0.0187810364179313 0.0256254742853343
0.022677752841264 0.0665417211130261 0.0282675402238965 0.0246391378343105 0.0207350916229188 0.293598282337189 0.0541235337033868 0.0161490791477263 0.0824382781982422 0.0569880349561572 -9999 -9999 -9999 -9999 -9999 -9999 -9999 -9999 -9999 -9999 -9999 -9999 -9999 -9999 -9999 -9999 -9999 -9999 -9999 -9999 -9999 -9999 -9999 -9999 -9999 0.0150537807494402 0.00921362801454961 0.0456739980727434 0.0410057421773672 0.154621322453022 0.0314081739634275 0.00878309230320156 0.0137333625927567 0.0126966127660125 0.00532680726610124 0.00902826893143356
0.214473039656878 0.0404960124753416 0.0104312363779172 0.034809531737119 0.05717644225806 0.295747993886471 0.194246578961611 0.304834738373756 0.233299434185028 0.0271320840343833 -9999 -9999 -9999 -9999 -9999 -9999 -9999 -9999 -9999 -9999 -9999 -9999 -9999 -9999 -9999 -9999 -9999 -9999 -9999 -9999 -9999 -9999 -9999 -9999 -9999 0.0117657158989459 0.0338610390201211 0.0182332983240485 0.0107398247811943 0.152549953013659 0.0102797910571098 0.211907424032688 0.0141299408394843 0.00574383039493114 0.0064568791189231 0.014969406183809
0.0187137533212081 0.0204237626399845 0.0225285247899592 0.032948743365705 0.0145271214190871 0.0163955261465162 0.0182810598053038 0.0199595544487238 0.0198176391422749 -9999 -9999 -9999 -9999 -9999 -9999 -9999 -9999 -9999 -9999 -9999 -9999 -9999 -9999 -9999 -9999 -9999 -9999 -9999 -9999 -9999 -9999 -9999 -9999 -9999 -9999 -9999 0.306323547661304 0.134034334123135 0.0234074728563428 0.022138692624867 0.022278918325901 0.0175140857696533 0.0254368021152914 0.01178915835917 0.0462165370583534 0.00536091458052397
0.114838764443994 0.297685325145721 0.303205578029156 0.125773383304477 0.353934788703918 0.0808838713914156 0.0290233932435513 0.0212811949662864 0.0306246362626553 -9999 -9999 -9999 -9999 -9999 -9999 -9999 -9999 -9999 -9999 -9999 -9999 -9999 -9999 -9999 -9999 -9999 -9999 -9999 -9999 -9999 -9999 -9999 -9999 -9999 -9999 0.0624911691993475 0.624084934592247 0.313056641817093 0.173954403400421 0.0175957361236215 0.0319214221090078 0.0923241939395666 0.130497201904654 0.03977289814502 0.081821118760854 0.00622315045911819
