Maxent_result_files_2/B_pomorum_2.asc
NCOLS 594 
NROWS 330 
XLLCORNER -15 
YLLCORNER 23 
CELLSIZE 0.166666666666667 
NODATA_value -9999 
[rows 120 to 139 of 330, columns 230 to 275 of 594]
-9999 -9999 -9999 -9999 -9999 -9999 0.19724323451519 0.184656164050102 0.18982147872448 0.165321853011847 0.124622786045074 0.146410728245974 0.208109284192324 0.0565967660397291 0.121127014607191 0.117277239263058 0.0536802180111408 0.245964804291725 0.203852173686028 0.153628844767809 0.0870866697281599 0.213743285834789 0.141845466941595 0.131678963452578 0.0744858834892511 0.0732090352103114 0.220453908294439 0.468191240727901 0.446055521070957 0.666150534152985 0.0690224662423134 0.0740433605387807 0.0762664493173361 0.0670799082145095 0.0838974932208657 0.0468747885897756 0.0218740630894899 0.0210273971781135 0.0217337635345757 0.0722486667335033 0.0501552106812596 0.0447603283450007 0.0193569791503251 0.0522751413285732 0.0883540347218514 0.0215852345339954
-9999 -9999 -9999 -9999 -9999 -9999 0.161857470870018 0.0928629107773304 0.0680303685367107 0.0980032041668892 0.164081285893917 0.184555969387293 0.0544911434873939 0.105367254465818 0.197908549010754 0.0862644694745541 0.235678154230118 0.147678280621767 0.104738332331181 0.0936831787228584 0.0925196386873722 0.14702057428658 0.184101139008999 0.124335959553719 0.0987901106476784 0.194977998733521 0.199577379971743 0.324779108166695 0.29288347363472 0.305345493555069 0.283053500950336 0.0413395846262574 0.0853647969663143 0.0699582647532225 0.0488532289862633 0.0543325332924724 0.0372217789292335 0.0766476206481457 0.0445168377831578 0.0499002819880843 0.0729362577199936 0.0576006647199392 0.0183542965911329 0.0183045414276421 0.0253560840617865 0.0155089826323092
-9999 -9999 -9999 -9999 -9999 -9999 0.126909935101867 0.127514955401421 0.218593262135983 0.11515377163887 0.0648696068674326 0.134935295209289 0.23380264043808 0.117173405736685 0.13068326190114 0.101800218969584 0.10143443569541 0.178267359733582 0.110864034295082 0.159082226455212 0.0804894108325243 0.0868170287460089 0.12297639362514 0.110118997097015 0.101521272584796 0.103569140285254 0.0250430405605584 0.283203186094761 0.187046712636948 0.117196799814701 0.199814303219318 0.265420537441969 0.0694066785275936 0.0887192450463772 0.0667410990223289 0.0178510556928813 0.0215379051864147 0.0330151978414506 0.140057218074799 0.150807358324528 0.0942840371280909 0.0294527463614941 0.0194055519998074 0.000467869241288099 0.0240241437917575 0.0312298767268658
-9999 -9999 -9999 -9999 -9999 -9999 0.212158170342445 0.222101923823357 0.106022988259792 0.118344861268997 0.0493160653859377 0.0720094595104456 0.083551824465394 0.225409206748009 0.173403689265251 0.164942853152752 0.130068720877171 0.111574955284595 0.124957478791475 0.164133229851723 0.079402007907629 0.107584968581796 0.130203650146723 0.102000618726015 0.0926537226885557 0.0778118662536144 0.0674285639077425 0.246691210567951 0.193508484959602 0.240349054336548 0.185929223895073 0.11698681153357 0.102734492719173 0.0296684371307492 0.0241338381543756 0.0289103902876377 0.0248220303095877 0.0066515875980258 0.0626781709492207 0.0927468098700047 0.0208500965498388 0.0106544593232684 0.011371336155571 0.0259129350073636 0.141974458657205 0.0259203653782606
-9999 -9999 -9999 -9999 -9999 -9999 0.18585459664464 0.154686840623617 0.152439046651125 0.0626156106591225 0.0500934489071369 0.0948267549276352 0.0733512137085199 0.0811306718736887 0.0459397656843066 0.04998311214149 0.0641419857740402 0.0980099935084581 0.0882547132670879 0.141881182044744 0.293065446615219 0.194200631976128 0.0906763773411512 0.124187365174294 0.06886234767735 0.0779022883623838 0.172930913418531 0.421212649345398 0.315234319865704 0.218627926707268 0.139320962876081 0.292859311401844 0.0716126397252083 0.0356620812788606 0.0362654205411673 0.0350900849327445 0.0317168592475355 0.0270743573084474 0.0607239412143826 0.086372733861208 0.0165960563346744 0.0296034588012844 0.027606072742492 0.0176507246447727 0.000665600799402455 0.00428784845862538
-9999 -9999 -9999 -9999 -9999 0.464528721570969 0.220101742446423 0.131512393057346 0.094390107691288 0.161451752483845 0.078296771645546 0.0969700559973717 0.124088445305824 0.031772942468524 0.0522255461663008 0.0584448505192995 0.0562498880550265 0.0749115634709597 0.205979683995247 0.321288011968136 0.248564058542252 0.117466367781162 0.132918295264244 0.196222265064716 0.219988507032394 0.249674601852894 0.254491622745991 0.453274416923523 0.270406749099493 0.1860357247293 0.149068317562342 0.2369380235672 0.143814902752638 0.0908191673457623 0.0477725688368082 0.074054972268641 0.0745253678411245 0.226970303058624 0.150562039390206 0.0922131672501564 0.0335360124707222 0.0260821329429746 0.0119112960062921 0.0295789747964591 0.0140740849077702 0.00321342865354381
0.556664296984673 0.347684201598167 0.275988587737083 0.486326205730438 0.697038188576698 0.0564362525707111 0.222096142172813 0.171569968014956 0.121186770498753 0.107698403298855 0.128511423617601 0.0694483537226915 0.0390252195298672 0.0357820997014642 0.067377170920372 0.0314703091979027 0.0540177632123232 0.126104964315891 0.14346868917346 0.0938160285353661 0.122234325110912 0.292171110212803 0.313351386785507 0.178882467746735 0.165458508580923 0.242750662565231 0.289130032062531 0.188090173900127 0.0828629970550537 0.10677083209157 0.167771395295858 0.071340948343277 0.130099224299192 0.0959541037678719 0.036550691537559 0.0376704554073513 0.0635250156745315 0.0285120169632137 0.0733604047447443 0.131665527820587 0.478914055973291 0.0279301203787327 0.0186498880386353 0.0298115577548742 0.0347466558218002 0.00416057224501856
0.642510008811951 0.357579052448273 0.288250489532948 0.22299642264843 0.21719084084034 0.126483017206192 0.151313713937998 0.148811160027981 0.201803517341614 0.220275186747313 0.210466310381889 0.0687028508633375 0.0659355483949184 0.0783951621502638 0.0685648705810308 0.0504281930625439 0.064616709575057 0.101125397905707 0.304177092015743 0.183261568844318 0.351177038252354 0.152437177672982 0.337734322249889 0.245929528772831 0.273833356797695 0.308903683722019 0.29529934078455 0.100895373895764 0.0475356444716454 0.0605759873986244 0.0697618257254362 0.0398998346179724 0.107673433050513 0.0246862185187638 0.0389593824744225 0.00470600135740824 0.090212007984519 0.00450944124604575 0.0317657509818673 0.0734956707805395 0.139700401201844 0.0644621992483735 0.0162039709277451 0.0452443765476346 0.0582827111706138 0.0570281393826008
0.706979966163635 0.525250753760338 0.690627366304398 0.427364647388458 0.42310163974762 0.342704449594021 0.334861245751381 0.295208828151226 0.177744384109974 0.064409489557147 0.127396389096975 0.191520181298256 0.111813835054636 0.061263869330287 0.0545717590488493 0.330144694447517 0.0450638132169843 0.107819850742817 0.554580398648977 0.526418600976467 0.209035128355026 0.201281516253948 0.230194751918316 0.345235285162926 0.489620932936668 0.376615899801254 0.436902616918087 0.251504999399185 0.0544699696823955 0.136058109253645 0.0834002438932657 0.052847308292985 0.0612736586481333 0.0453098595142365 0.0586689323186874 0.0412862616591156 0.00463885756325908 0.0854675697162747 0.0338304353877902 0.129239290207624 0.186072742193937 0.155233547091484 0.0613512294366956 0.049629482999444 0.0378281677141786 0.0151860231067985
0.746569520235062 0.664073288440704 0.661489996314049 0.453899896144867 0.540582421422005 0.441081902384758 0.440875917673111 0.33654777109623 0.287017899751663 0.155335079878569 0.280397367477417 0.24314157217741 0.083333432674408 0.0871070239692926 0.114630023390055 0.127410433441401 0.128542055934668 0.182637093961239 0.269863720238209 0.544201469421387 0.186824072897434 0.203734143823385 0.283669856190681 0.203317206352949 0.251787401363254 0.217711609601974 0.23994806855917 0.272269080579281 0.222215232253075 0.0843958429992199 0.0549965117126703 0.0733571458607912 0.0369274482131004 0.0620174843817949 0.00885378018720076 0.0460579870268703 0.0489550720900297 0.0497584229335189 0.0363547932356596 0.0400541357696056 0.201630493253469 0.344520814716816 0.287804105877876 0.873756009340286 0.0844585947692394 0.0332039704546332
0.74238788485527 0.799459803104401 0.788487774133682 0.730091065168381 0.566655758023262 0.494910308718681 0.544414481520653 0.458369785547256 0.424525326490402 0.240066911280155 0.149045810848475 0.233472535014153 0.128340066969395 0.103153192996979 0.111420433223248 0.125608913600445 0.158226511627436 0.26426787674427 0.325921882688999 0.218043449521065 0.211414165794849 0.138857148587704 0.234062129259109 0.0652601417154074 0.104939412325621 0.0999793466180563 0.0662063792347908 0.0792141288518906 0.0697263866662979 0.0766624752432108 0.0407743802294135 0.0351128162816167 0.0388863688334823 0.0175562632270157 0.00278926778119057 0.0131912695011124 0.0273989552631974 0.0736755579710007 0.0535290833562613 0.0770960813388228 0.0823996584862471 0.0245062186382711 0.244980326294899 0.267161129415035 0.145972393453121 0.0848785690963268
0.662411493062973 0.694232314825058 0.673199474811554 0.764663308858871 0.673918834328651 0.645048135519028 0.615279248356819 0.516649746894836 0.469534236192703 0.330118164420128 0.316371363401413 0.272806718945503 0.241073173284531 0.156033703684807 0.207754868268967 0.192631123960018 0.223262442648411 0.129577022045851 0.206000880897045 0.214843203127384 0.240382429212332 0.180003079771996 0.209123370051384 0.409958671033382 0.267048101872206 0.142405217140913 0.0725487928837538 0.195536851137876 0.269361340999603 0.117837055027485 0.00426504337228835 0.00250517601962201 0.0362542307004333 0.0425458924844861 0.0292180554009974 0.0308492708019912 0.00299785378447268 0.0574353327974677 0.0290910478681326 0.151986546814442 0.20411084741354 0.0885616146028042 0.0613785300403833 0.123447862267494 0.0435104284435511 0.0772343125194311
0.656585484743118 0.697750949859619 0.643614867329597 0.669329130649567 0.647083723545074 0.638142415881157 0.585262510180473 0.366765984892845 0.40550933778286 0.32211270481348 0.342512612044811 0.307454232871532 0.308001485466957 0.287570562958717 0.269528567790985 0.290122643113136 0.240871177613735 0.205064479261637 0.276174362003803 0.772647574543953 0.2693633466959 0.22955032736063 0.191445216536522 0.349085366725922 0.393790739774704 0.265514786541462 0.186602179706097 0.200566148012877 0.234875139594078 0.078456100076437 0.116461114212871 0.0771447073668241 0.0308304995298386 0.0893052982166409 0.0393637167289853 0.030364403873682 0.0535802077502012 0.0863932212814689 0.0397477013990283 0.264594807848334 0.0951901961117983 0.0991402883082628 0.0426322700455785 0.0586295194923878 0.0466050399467349 0.0353468626737595
0.623725560307503 0.675056582689285 0.631180855631828 0.758394879102707 0.642473587393761 0.866342812776566 0.98563084602356 0.337323838472366 0.360269632935524 0.3671755194664 0.320355561375618 0.254355627298355 0.500397726893425 0.304042403399944 0.176617243140936 0.230355256795883 0.218245638906956 0.259326106309891 0.242003775760531 0.280131424963474 0.285987500846386 0.120185489952564 0.47736599445343 0.159557985886931 0.245481207966805 0.276240496337414 0.235758198797703 0.264950327575207 0.260988421738148 0.192310644686222 0.0374394375830889 0.0383490361273289 0.0384999046102166 0.00537829441600479 0.07408092841506 0.0551274700090289 0.0115315843606368 0.0076106587308459 0.039192464388907 0.0526674844324589 0.0728219255805016 0.038271233253181 0.117944765090942 0.113878248631954 0.0968592245131731 0.0141818923642859
0.40087828040123 0.503420627117157 0.559024679660797 0.672329485416412 0.623546010255814 0.603619211912155 0.576922228932381 0.412908565998077 0.363128934800625 0.334959127008915 0.270430433750153 0.283937901258469 0.31284831315279 0.481934085488319 0.381467148661613 0.230677816271782 0.142662380635738 0.270740208029747 0.322553336620331 0.421410728991032 0.444793003797531 0.145748666673899 0.404112906754017 0.249360172450542 0.44379720389843 0.250826717913151 0.637890535593033 0.290640722215176 0.228284206986427 0.184912901371717 0.0713021095842123 0.112180595844984 0.0684294853359461 0.0449058033525944 0.0236395483836532 0.0537819720804691 0.0106514759827405 0.0450021665543318 0.217158000171185 0.127498156949878 0.0865390598773956 0.047068864479661 0.110488463565707 0.0957793639972806 0.0336017318069935 0.0343475149944425
0.429465854167938 0.485547837615013 0.550357285141945 0.646921902894974 0.650745519995689 0.590698289871216 0.485528498888016 0.369827605783939 0.393664765357971 0.384701181948185 0.36388200968504 0.385079301893711 0.359574964642525 0.34396513402462 0.316298501193523 0.245151680707932 0.19575072824955 0.225209449231625 0.306956396996975 0.227493201196194 0.299276182055473 0.0672331139445305 0.0809738058596849 0.693224543333054 0.335568284988403 0.273200197517872 0.21569789648056 0.344934163987637 0.562187007069588 0.203850494325161 0.150890373438597 0.043213071487844 0.1283586114645 0.0689844455569983 0.110542510077357 0.0874148722738028 0.106332492083311 0.132512222602963 0.15473939999938 0.0906501004472375 0.188198438286781 0.0494161600247025 0.0524488598108292 0.103794635459781 0.135364410281181 0.0304027087986469
0.469396498799324 0.558783912658691 0.568507820367813 0.739455360174179 0.682722365856171 0.637943258881569 0.406944757699966 0.396397338807583 0.680978471040726 0.378640425205231 0.398525740206242 0.340158103406429 0.324942894279957 0.224095663428307 0.126616529375315 0.137883047014475 0.261636781692505 0.18842715471983 0.256833381205797 0.227314410358667 0.00655059963552974 0.225162499397993 0.13277845159173 0.160046944022179 0.227768351137638 0.304581679403782 0.312865519523621 0.227530884742737 0.180533775687218 0.111587870679796 0.134710991382599 0.0819746367633343 0.09823412373662 0.202911673113704 0.185995145887136 0.132684969902039 0.104714820533991 0.218421872705221 0.196771809458733 0.203343536704779 0.639885315299034 0.945305407047272 0.151856702566147 0.165538944303989 0.182368961721659 0.187618450075388
0.574836727976799 0.55219107568264 0.53761091530323 0.494181424379349 0.523688197135925 0.600052165985107 0.132060562819242 0.289477962255478 0.461080479621887 0.360909676551819 0.335251389443874 0.373712813854218 0.287168344855309 0.194969491660595 0.0864223193377256 0.0961489494889975 0.16785326898098 0.147318248450756 0.183060259371996 0.219312526285648 0.271999679505825 0.258068758249283 0.291977183520794 0.176320288330317 0.21998134329915 0.280673262476921 0.292811150848865 0.219959497451782 0.045795976370573 0.0670829512178898 0.127369033545256 0.101000549271703 0.165234906226397 0.566506180167198 0.28612712547183 0.148806814104319 0.12892400175333 0.165559440851212 0.395199221372604 0.24598203971982 0.204793627560139 0.183671423047781 0.180328570306301 0.122459400445223 0.232633339613676 0.215271396189928
0.500534674525261 0.390191379189491 0.72828015089035 0.999884033203125 0.601966753602028 0.26533599793911 0.353878742456436 0.373365144431591 0.352045568823814 0.332274316251278 0.34461628049612 0.308547085523605 0.267687721550465 0.212930133938789 0.143928955495358 0.172058158367872 0.117180572450161 0.124581387639046 0.118002309650183 0.0773213025182486 0.345502629876137 0.304962392151356 0.232423858344555 0.551392139494419 0.274390195310116 0.241121528297663 0.293187534809113 0.187378656119108 0.0709269341081381 0.0546411149203777 0.0291670374572277 0.0892531715333462 0.170925632119179 0.152477326244116 0.168216853588819 0.145362547785044 0.359086234867573 0.196208990365267 0.293133114278317 0.125384674593806 0.144065767899156 0.105269877240062 0.0362579764798284 0.0475731134414673 0.10913387387991 0.136618182808161
0.544013690948486 0.404692259430885 0.523392018675804 0.54595655798912 0.487607577443123 0.397751680016518 0.384195421636105 0.417385932803154 0.380248817801476 0.207753138244152 0.37755740582943 0.992980313301086 0.275549201667309 0.160194276273251 0.148057781904936 0.206582988798618 0.219723042845726 0.136706899851561 0.238578522205353 0.155452137440443 0.175457402318716 0.0610010512173176 0.103959682583809 0.302890208363533 0.146679553389549 0.23802505210042 0.149048561602831 0.0417069314047694 0.0472493257373571 0.0183003901038319 0.084940536506474 0.0459558418020606 0.03884382750839 0.0991826377809048 0.225953929126263 0.241575430333614 0.196966304630041 0.171978753060102 0.238894788920879 0.135135228931904 0.206409198045731 0.139508916437626 0.0421268424019218 0.0466413557529449 0.0549566727131605 0.119935248792171
