Maxent_result_files_2/B_pomorum_3.asc
NCOLS 594 
NROWS 330 
XLLCORNER -15 
YLLCORNER 23 
CELLSIZE 0.166666666666667 
NODATA_value -9999 
[rows 300 to 319 of 330, columns 460 to 505 of 594]
1.48527724563863e-09 1.72225762540279e-09 5.01138585073946e-09 2.4084042538064e-10 8.49389447665771e-12 5.63149527010864e-13 2.67519340013678e-13 2.73459033195422e-13 2.80042655731449e-13 1.99129601696768e-13 1.37323485915886e-13 1.08435482815139e-13 9.90985071780415e-14 9.93205517829665e-14 1.03195230138908e-13 1.48725476378786e-13 2.13895567924283e-13 2.69340105774063e-13 3.12161407833855e-13 3.7784220197068e-13 6.97908397739866e-13 2.3137936011608e-12 4.02922917253079e-11 3.74002073755264e-10 1.98964522635237e-10 1.10487008431193e-10 1.0556361340619e-10 1.38176159403258e-10 8.72048655509161e-11 4.61810478746827e-11 1.6112896572551e-10 6.98470170590326e-12 6.86598777832614e-11 6.19670981194531e-13 4.57922588736892e-13 1.27020616247364e-13 4.92667018292536e-12 3.37350147816551e-12 1.43586365020099e-11 9.23136234121102e-11 4.51955362024137e-11 3.49013484779448e-11 1.19469423243146e-10 3.30662386360814e-11 6.25264839904105e-11 1.65781022243294e-10
1.51352863575482e-10 2.54956200596013e-10 8.93473875995809e-09 6.04391536818127e-10 4.5654469094103e-11 1.23132615215127e-12 9.79971659376133e-13 9.21618337201835e-13 5.40678612992451e-13 4.36950475801723e-13 3.34354766096112e-13 2.08721928629529e-13 1.92190707792861e-13 1.38311584407802e-13 1.7910117833253e-13 1.73294711913741e-13 2.0522472610196e-13 3.55560025866453e-13 6.24711393726329e-13 1.57938107037126e-12 5.85843595857227e-12 5.5693660794276e-11 6.87793089149125e-10 5.19964937772954e-10 6.78792355657265e-11 5.03341590629702e-11 1.5441448120157e-11 1.80355952394962e-11 4.0680792068315e-11 5.04826958014348e-11 3.94719257279519e-11 5.39632782903254e-12 1.92621474326415e-12 1.08271391852099e-11 4.49196235763338e-14 2.57016630200724e-14 6.53310738840673e-13 2.6346225201479e-11 3.60236729335384e-11 3.98614141694509e-11 4.70541716701689e-11 1.8523993450259e-11 1.77621362063007e-11 1.1055045767705e-12 5.42094258371151e-11 3.84706710931937e-12
3.82138098942164e-11 1.42619138721045e-10 1.43429124133121e-10 5.90533988376052e-10 9.20292841932735e-11 3.67047503502249e-12 9.55932000223925e-12 2.94764213037979e-12 2.4469204440436e-12 1.27360344492899e-12 7.84972087330971e-13 5.42599298825053e-13 4.40814051927418e-13 4.4513281949321e-13 4.93227680919972e-13 6.729283796858e-13 2.35563790695892e-12 5.48149303725154e-12 5.09937647663605e-12 4.93199703299751e-11 3.46436301867925e-10 4.88360929473686e-10 8.52427395336974e-10 3.45190220851777e-10 1.39572942092769e-10 3.71657593589703e-11 3.58488128071599e-11 1.06192266091654e-10 4.24098756113267e-11 4.6768200423486e-11 3.24233750959024e-11 1.18402287974106e-11 7.5883499484064e-11 1.76042291855083e-10 2.27595720048157e-15 1.14908083048704e-14 6.30935304002378e-12 1.02297781356953e-10 9.77404712720897e-11 2.15476192444442e-11 1.26836985359091e-11 2.04998207298246e-10 4.35564584400083e-11 5.82967008000423e-13 8.22764079089211e-13 4.14224210487646e-14
2.43813969014184e-11 3.76579656347076e-11 9.1803564750137e-11 2.95803825878238e-11 1.69670055782944e-10 1.01980879296804e-10 1.22173937633363e-11 1.2298351226292e-11 1.38289824036519e-11 8.47069081544305e-12 3.10258485569648e-12 1.63041802281327e-12 1.66704428039566e-12 2.25348628646316e-12 3.15640846793031e-12 5.00489649724045e-12 1.31219146659589e-11 7.74240782597246e-11 3.0725413324717e-10 3.38626604534653e-10 2.63251631604788e-10 5.39252897890918e-10 2.94965851743712e-10 5.41641198559262e-10 1.56828994235525e-11 2.74162359481522e-11 1.95963467675142e-11 2.60582999622727e-11 3.43889527965047e-10 1.61894564421061e-10 1.60492619194486e-11 1.05086050972147e-11 1.94426696964456e-12 8.23380252867878e-12 1.18793863634892e-15 1.0769163338864e-14 7.51321227454582e-13 1.25672738882088e-10 1.10427911259592e-10 1.36660682770184e-12 7.63846097484588e-11 8.53571768821837e-11 1.23901999771192e-12 3.65041330496751e-14 4.30988578159486e-14 3.78586051397178e-15
8.65990057441479e-11 3.19443360652372e-11 1.46077483442753e-11 1.88272175627446e-11 7.27841120706785e-12 4.5630799139218e-11 1.32694200072336e-10 3.02088798420641e-10 3.25891902352993e-10 4.35661506870133e-11 3.47912809672835e-12 1.25620291946404e-11 2.31735408640077e-11 1.48131285016007e-11 2.50246934285769e-11 9.19480269701012e-11 1.7482620906506e-10 1.23910315341647e-10 1.11591536011701e-10 1.56819202068448e-10 2.25522045482762e-10 1.00313646278494e-10 1.59997048942984e-10 6.35804298099174e-11 1.30863986314012e-11 4.25770529943748e-12 2.09426920250166e-12 2.60327426282458e-11 5.93749160948676e-11 2.89677282161449e-11 3.13332138013322e-11 5.59541302180833e-13 1.66529012801675e-12 1.08378861440883e-12 6.88338275267597e-16 1.96731519963578e-14 7.48044515219703e-11 5.33713295780558e-11 1.11011755343782e-11 2.18394635709274e-11 1.8261780976303e-10 4.28649227224298e-11 2.24709140184132e-14 1.38777878078145e-14 4.37094804794924e-14 3.1863400806742e-15
2.24365304113405e-11 1.00904062882989e-11 1.55044976857255e-11 9.44441191919054e-12 6.47684128551873e-12 4.76018113815258e-12 5.66622304631892e-12 5.18751708256104e-12 3.32208704989512e-12 1.73615566367857e-12 1.62492241884138e-12 3.10698133887399e-12 6.3297367347559e-12 2.11560657881193e-11 7.67794050560156e-11 5.01991448409456e-11 5.05903319236722e-11 7.81227527113515e-11 1.60349733491216e-10 9.53265577585682e-11 3.08768899337508e-11 2.69766875504729e-11 7.8080397702962e-11 2.99610336540468e-12 5.19231324602742e-11 9.53448431317838e-13 4.34356994816199e-12 1.13259845946345e-11 3.383893165676e-12 4.606596215595e-11 1.2898115908655e-11 9.1647800459782e-13 3.67395003308957e-13 4.45876668919709e-13 5.6621374255883e-16 3.0142555118573e-14 2.94788526922218e-11 5.83089687644645e-11 1.26759047702762e-11 1.00107677702965e-10 3.302650375403e-11 1.8142709556912e-12 2.56461518688411e-15 1.25233157177718e-14 9.31477117660506e-15 2.90878432451791e-15
1.66332014828186e-10 8.26247847918182e-11 4.67825778116548e-11 5.79929326782747e-11 5.08132980137077e-11 2.5796775826592e-11 3.14944736956591e-11 2.20297557973481e-11 6.32914831655285e-12 3.24851257005321e-12 2.30959695812771e-12 3.53844731293407e-12 6.0141558400062e-12 7.01866342822655e-12 8.59149862364461e-11 4.0962211400597e-11 6.45394737652794e-11 8.76101857727463e-11 5.34234212423712e-11 4.53476145523268e-11 4.2337799932568e-11 2.51219045566131e-11 1.3260059716913e-12 1.48696166490936e-11 9.23072729364094e-13 1.6399770430553e-12 9.06102970432698e-12 1.27326149623741e-11 2.89120949403809e-12 2.4623847405536e-11 1.14533382777893e-11 5.20652410074263e-12 1.58170143649272e-12 6.85007606193722e-15 5.01820807130571e-15 1.02806652080289e-14 1.25988997012882e-11 1.64346536379867e-11 6.86782186676282e-11 8.88223383732623e-11 1.72160175004876e-11 2.04170014228566e-14 2.4980018054066e-15 3.0275781881528e-14 3.44169137633799e-16 8.88178419700125e-16
1.60698676587856e-11 7.295730686252e-12 2.4596435999058e-12 8.48994208269005e-12 4.82149209446447e-11 2.68750133258777e-11 1.22228560606175e-11 8.54744053313539e-12 1.03783981408867e-11 7.7041817370116e-12 6.51435572152081e-12 9.55587831086291e-12 1.43614231618017e-11 1.24139809543067e-11 1.20884746657168e-11 2.90186541462845e-11 6.9842343020099e-11 8.78734085496546e-11 6.0829241643745e-11 1.75180758787974e-11 1.38601130572624e-11 6.42654818250321e-12 3.60345087102587e-13 2.92356139297567e-12 1.29829480499666e-13 4.1604719669408e-12 1.06168407398854e-12 5.49417178419276e-12 2.55717669261912e-13 5.73792013902619e-11 9.06118513555043e-12 2.64411825767752e-12 4.24571489077152e-13 4.2632564145606e-15 1.28785870856518e-15 2.58681964737661e-14 4.26669810593694e-13 1.21024301691364e-11 4.19168799670189e-10 1.45210765634118e-10 4.46420678201775e-14 2.99760216648792e-16 2.4757973449141e-15 4.07895939247282e-14 3.66373598126302e-16 3.33066907387547e-16
1.23342447366781e-11 5.26446664039781e-12 2.19392282119202e-12 3.58657548105157e-13 3.98492350228707e-13 6.63114008148114e-13 1.4739653941831e-12 3.96563892834934e-12 7.13530345919366e-12 6.17152995374681e-12 7.5562223145198e-12 7.90361109892501e-12 7.779987765133e-12 8.64905924657933e-12 1.4287770966348e-11 1.86970883220283e-11 1.32508004568876e-11 1.30898292205472e-11 1.27614474543236e-11 6.67264021814162e-12 2.07917016936676e-12 4.719669099984e-13 4.66482408256752e-13 4.51416681812589e-13 4.30322444344711e-14 1.16640030967119e-13 2.32924790566358e-13 2.15849560447623e-13 1.4388490399142e-14 9.18667364402381e-12 1.05813913187092e-11 1.09801057135428e-13 8.93285445613401e-14 8.95949980872501e-15 4.65183447317941e-15 1.72972747236599e-14 6.76000366794938e-12 4.95455898530395e-12 4.68238114947894e-11 3.1197044947362e-12 6.169509347842e-14 3.21964677141295e-16 4.10782519111308e-16 4.26103596851135e-14 4.21884749357559e-16 4.21884749357559e-16
9.41580147184595e-13 1.41147094012695e-12 7.17514936354746e-13 2.48845388739483e-13 2.63699062585943e-12 3.32134320046862e-12 8.44413428069402e-13 8.78941364135244e-13 9.10815867172232e-13 6.00375305026546e-13 8.49709191896864e-13 1.00636166067147e-12 1.11414211190208e-12 9.08073616301408e-13 1.55262469547779e-12 1.22850618566872e-12 3.01907387978417e-12 1.21891274851293e-11 1.85268134167416e-11 1.22613030839602e-12 2.24398277737237e-13 1.85851334322251e-13 4.9293902293357e-14 6.08069150587198e-14 6.51256826245117e-14 3.11861647617206e-14 2.51354492775135e-13 5.46118705813114e-14 1.10911280160053e-14 8.61613003166894e-12 1.8817858382647e-11 3.74011932535723e-13 3.49276163547074e-14 7.03659353007424e-14 2.88657986402541e-15 1.25455201782643e-15 2.75446332409501e-14 1.54631862869792e-13 1.32558408694194e-11 1.42737599517773e-11 1.59922741715945e-11 4.81170658872543e-14 1.51545442861334e-14 1.38330458199221e-12 5.55111512312578e-16 5.6621374255883e-16
1.92168503332368e-13 1.19071419391048e-13 1.02662323087088e-13 6.67466082404644e-14 2.23088214568179e-13 5.87796478157543e-13 5.26001464606907e-13 3.46667139439205e-13 9.80993064558788e-14 2.60635957261002e-13 1.57163171365937e-13 2.77733391840229e-13 4.9968917892329e-13 8.02569122271279e-13 1.20484733301396e-12 2.3916868485685e-12 4.55196991211437e-12 1.37633238139756e-12 4.21074286549583e-13 3.94173582662916e-13 4.84545736867403e-13 1.43862699530928e-13 9.84767822842514e-14 3.25850457727483e-14 1.29452004671293e-14 2.64011035255862e-14 7.2553074659254e-14 1.23057120049452e-13 1.19548815291637e-13 7.28750393363953e-14 2.41189290761668e-12 1.98607796875194e-13 2.94764213037979e-14 6.69797550756357e-14 3.93129973019768e-14 9.1926466438963e-15 2.14273043752655e-15 3.63931107472126e-14 1.09912301482495e-11 5.24746690544475e-11 9.7056362946546e-12 3.55122264927843e-11 3.3738345450729e-12 6.55504539537333e-12 1.46793688315938e-13 7.7715611723761e-16
5.39013278455514e-14 4.7795101210113e-14 4.5807801996034e-14 9.0205620750794e-14 4.43645120640213e-13 2.74336109384876e-14 5.7708282596991e-13 3.15514281368223e-13 1.84674497916149e-13 1.57018842372736e-13 2.31648034088039e-13 7.64766028282793e-13 2.23533414001054e-12 1.03153041663973e-12 3.66684460573197e-13 7.49922346443554e-13 7.69229124841786e-13 5.95956617388538e-13 4.92506035953966e-13 3.82738285509276e-13 1.47770684577608e-13 7.98250354705488e-14 9.53570555850547e-14 1.02795549850043e-13 3.95905530581331e-14 2.23376872554581e-14 5.1370019349406e-14 1.2401191185063e-14 6.43929354282591e-14 2.67230682027275e-14 2.09996464661799e-12 1.18860477016369e-13 5.57220936059366e-14 1.17255094522761e-12 7.21533943703889e-14 3.82138765075979e-14 9.13713549266504e-15 4.57411886145565e-15 2.40807374041196e-14 3.24442028798444e-11 1.33197797236306e-10 7.14922454569944e-11 6.27362717331437e-11 2.72201927664639e-11 8.93951579428176e-13 4.56523707725864e-14
6.5847327590518e-14 6.34825525480664e-14 6.12843109593086e-14 9.14268660778816e-14 8.98503493829139e-14 3.78141962187328e-14 3.03534974932518e-14 3.0453417565468e-14 4.16333634234434e-14 1.49813494942919e-13 1.06489261852971e-12 1.27894361767744e-12 2.34541275290212e-12 2.63987720572345e-12 1.19627974193293e-11 3.61801699710895e-12 7.77122810546871e-13 5.05628872105035e-13 2.06612504882742e-13 1.69930736149126e-13 7.83928477687823e-14 7.87592213669086e-14 2.30426788760951e-13 2.76223488526739e-14 2.10609307771392e-14 4.00457444982294e-14 9.52127265918534e-14 1.35336186701807e-14 5.72875080706581e-15 5.50670620214078e-14 1.02806652080289e-14 2.01072491989862e-13 1.30562227695918e-14 1.54543045027822e-14 1.73749903353837e-14 3.33510996597397e-14 1.76192394008012e-14 7.29416527178728e-15 1.99840144432528e-15 5.3002047195605e-14 6.62562116282572e-11 1.03277075780284e-10 2.48589582252379e-10 1.99204874817838e-11 2.8941538054994e-11 2.06964001492338e-11
4.98046048846845e-14 3.39950290140223e-14 3.17190718135407e-14 4.92605956026182e-14 4.43645120640213e-14 4.86277684785819e-14 5.65103519534205e-14 3.47610829010137e-14 4.81614748082393e-14 5.16475751055623e-14 7.76156916515447e-14 1.19804166587301e-13 2.76734191118067e-13 7.3835382252696e-13 1.19061427383826e-12 4.14435152862325e-13 3.33577609978875e-13 4.57334170533841e-13 3.102518242315e-13 1.19326770686712e-13 7.48512363202281e-14 4.73288075397704e-14 3.88578058618805e-14 2.6629809468659e-13 3.00759417370955e-14 1.9506618542664e-14 1.6242562850266e-14 6.81898981724771e-14 5.37125899313651e-14 6.96331881044898e-14 5.22915044598449e-15 3.61932706027801e-14 8.19622147929522e-13 1.53543844305659e-14 1.96509475358653e-14 1.80300219199125e-14 9.95870053088765e-15 7.36077865326479e-15 1.85407245112401e-15 9.6034291630076e-15 1.3499235063108e-11 2.54441323566113e-10 1.06208131178676e-10 3.71305319823989e-11 2.10975792391821e-11 8.40313374439461e-12
3.13082892944294e-14 3.49720252756924e-14 4.00679489587219e-14 6.02295990859147e-14 8.27227175648204e-14 4.36206626375224e-14 5.03819208574896e-14 6.34714503178202e-14 7.53175299905706e-14 6.42597086653041e-14 5.19917442431961e-14 6.44484465794903e-14 9.16822173735454e-14 1.28941302079966e-13 7.96029908656237e-14 4.84945417156268e-14 5.1636472875316e-14 1.87816429075838e-13 1.93967064632261e-13 1.14408482687622e-13 8.37441227474756e-14 2.7423618931266e-13 2.55817589334129e-13 9.98090499138016e-15 8.41104963456019e-14 1.28563826251593e-14 4.27879953690535e-14 1.42352796217438e-13 3.38173933300823e-14 2.34257058195908e-15 3.54161144855425e-15 5.90860693705508e-14 3.97559762888022e-13 1.47215573065296e-14 2.57349697108111e-14 1.48214773787458e-14 9.38138455808257e-15 5.14033260401447e-15 2.36477504245158e-15 1.48769885299771e-15 1.17528209386819e-12 1.29143614691074e-09 3.58249641063679e-10 2.75153455575605e-11 1.30695898548083e-11 2.50995557671274e-11
4.46975789714088e-14 2.78888023785839e-14 2.56794585595799e-14 2.39142039504259e-14 3.1596947280832e-14 5.50226531004228e-14 3.49609230454462e-14 4.00235400377369e-14 3.66817687336152e-14 3.81250586656279e-14 3.03757019537443e-14 6.52822240709838e-13 6.84308165688208e-13 2.47468712188947e-14 2.11053396981242e-14 2.69118061169138e-14 3.87800902501567e-14 3.16635606623095e-14 2.91655588569029e-14 7.56061879769732e-15 6.86117829218347e-15 1.99951166734991e-13 1.54611656810744e-11 9.29256671611256e-14 2.19481099961172e-12 4.01909316938287e-10 -9999 -9999 -9999 3.18745030369882e-14 3.59112739545253e-13 5.73985303731206e-15 7.06767977476375e-14 1.13575815419154e-14 2.35589325825458e-14 1.87738713464114e-14 8.870681966755e-15 4.84057238736568e-15 2.75335310107039e-15 1.94844140821715e-14 9.15045816896054e-14 8.51467996110245e-10 1.20178589302355e-10 1.66251246103144e-10 2.07261541262938e-11 3.49698603407944e-11
9.00390872971002e-15 1.6064927166326e-14 7.26974036524552e-14 4.15256717900547e-13 4.37661018537483e-13 -9999 -9999 1.28223875961453e-11 2.29300800569376e-10 1.34439237520212e-11 1.30225386030247e-11 -9999 -9999 -9999 -9999 -9999 -9999 3.48332473976143e-13 -9999 -9999 -9999 -9999 -9999 -9999 -9999 -9999 -9999 -9999 -9999 -9999 8.79074590898199e-14 3.67927910360777e-14 2.27595720048157e-15 1.03916875104915e-14 1.46105350040671e-14 1.16240350678254e-14 8.57092175010621e-15 5.62883073484954e-15 3.17523785042795e-15 9.74220704108575e-14 1.89059878863418e-13 2.15024342775649e-10 4.17877843439385e-11 8.87249163028514e-11 2.49112064309998e-11 3.34498095888591e-11
-9999 -9999 -9999 -9999 -9999 -9999 -9999 -9999 -9999 -9999 -9999 -9999 -9999 -9999 -9999 -9999 -9999 -9999 -9999 -9999 -9999 -9999 -9999 -9999 -9999 -9999 -9999 -9999 -9999 -9999 1.97057259399003e-11 4.04487554561683e-13 1.76303416310475e-14 8.4776630160377e-14 3.03423952630055e-14 7.21644966006352e-15 4.91828799908944e-15 4.48530101948563e-15 4.42090808405737e-14 5.58109114479066e-14 1.24230403741876e-11 2.44774978064299e-11 5.92786597586326e-11 8.43750069812188e-11 3.36404348821873e-11 4.6920545226925e-11
-9999 -9999 -9999 -9999 -9999 -9999 -9999 -9999 -9999 -9999 -9999 -9999 -9999 -9999 -9999 -9999 -9999 -9999 -9999 -9999 -9999 -9999 -9999 -9999 -9999 -9999 -9999 -9999 -9999 -9999 3.9190872769268e-15 8.88178419700125e-17 1.61026747491633e-13 2.26263452418607e-14 4.50750547997814e-15 1.75859327100625e-14 2.45137243837235e-14 2.01727523574391e-14 8.81295036947449e-14 1.53333234997888e-11 2.35367281220533e-11 6.42541242434902e-11 1.49956524975181e-10 5.63216140392342e-11 2.88473245291243e-11 1.23651089367627e-11
-9999 -9999 -9999 -9999 -9999 -9999 -9999 -9999 -9999 -9999 -9999 -9999 -9999 -9999 -9999 -9999 -9999 -9999 -9999 -9999 -9999 -9999 -9999 -9999 -9999 -9999 -9999 -9999 -9999 -9999 -9999 -9999 -9999 1.88737914186277e-16 7.7715611723761e-17 3.65929508916452e-14 8.3411055840088e-13 3.21809245917848e-13 4.00403044054087e-12 6.19786666433697e-11 1.29631527734375e-11 5.54010060049848e-11 3.96336297114885e-12 4.25435353612613e-11 1.67973412956712e-12 1.65286562214817e-11
