Maxent_result_files_2/B_pratorum_2.asc
NCOLS 594 
NROWS 330 
XLLCORNER -15 
YLLCORNER 23 
CELLSIZE 0.166666666666667 
NODATA_value -9999 
[rows 280 to 299 of 330, columns 230 to 275 of 594]
5.19405752075208e-07 5.32583158030509e-07 5.81933176335703e-07 6.82288934183983e-07 7.56773106003195e-07 7.93643437491109e-07 8.3594542236165e-07 9.42501795897499e-07 1.06098641304841e-06 1.12886377005017e-06 1.23451546834019e-06 1.43074696382639e-06 1.46292744845899e-06 1.35771778019267e-06 1.52807247125741e-06 1.4497623517018e-06 1.40360982754384e-06 1.40873304301792e-06 1.36466624042209e-06 1.35585378120417e-06 1.35890390885463e-06 1.29532768957663e-06 1.17235444150321e-06 1.17185410796194e-06 5.78680653139596e-05 -9999 -9999 -9999 -9999 -9999 -9999 -9999 -9999 -9999 -9999 -9999 -9999 -9999 -9999 -9999 0.000929414795245975 1.58925638858998e-06 2.69826523435768e-05 4.12216722907033e-05 2.69469261183986e-05 2.67633738985751e-05
4.34460465603692e-07 5.03765066650619e-07 5.42617120269373e-07 5.62200165432625e-07 6.09309415300352e-07 6.70137921077174e-07 7.56742807761501e-07 7.96028370741997e-07 8.81905608118849e-07 9.60770837588054e-07 1.04277987500456e-06 1.17970088168162e-06 1.94980749138596e-06 1.35489558772406e-06 1.41212919059219e-06 1.56247282492306e-06 1.30214629229242e-06 1.29393389622923e-06 1.28540181882908e-06 1.33318160636664e-06 1.2636305928182e-06 1.15072502407942e-06 1.04138970759005e-06 9.06873785078144e-07 7.9034494547825e-07 7.03553073755359e-07 5.76192019530186e-07 2.62433953976959e-06 2.23337114567124e-05 -9999 -9999 -9999 -9999 -9999 -9999 -9999 -9999 -9999 3.12291065842185e-05 6.38500649585705e-07 5.14151535753626e-05 2.7234447952651e-05 6.2344487014343e-05 5.84413253818639e-05 3.9102071968955e-05 6.94890313752694e-05
3.95751711013137e-07 4.45446818642115e-07 6.0859006940639e-07 5.61208582605666e-07 5.48185432824866e-07 6.42563944752705e-07 6.77973461382653e-07 6.77610652466409e-07 7.46222970215982e-07 8.02588680992589e-07 8.97667359600618e-07 9.31310385465789e-07 9.96833646371709e-07 1.09744963663339e-06 1.08591142385928e-06 1.06264690330482e-06 1.07701621855361e-06 1.1200036304615e-06 1.10138348912159e-06 1.10662029420006e-06 1.05827654127699e-06 9.63096853179302e-07 8.95046746185457e-07 7.99655274530409e-07 7.04582999455639e-07 6.02335405130994e-07 5.10202399606197e-07 4.38404855718222e-07 4.49439360794557e-07 4.77172937907167e-07 4.86520005626989e-07 4.74432785391166e-07 1.16275776564923e-06 -9999 -9999 -9999 -9999 3.88299347364729e-07 2.74522324628101e-07 1.24210624963261e-07 1.89754094208183e-05 4.5019771096122e-05 3.08435037368326e-05 3.61665423042723e-05 4.80393146062852e-05 5.63696405151859e-05
5.10376488183084e-07 5.51221114408751e-07 4.52548570573086e-07 5.60027245344319e-07 7.00262282515851e-07 5.89921985871822e-07 6.12887886108915e-07 6.11313973242211e-07 5.97784743305851e-07 6.24963903383957e-07 6.95352253243797e-07 7.5110905021214e-07 7.66589827072561e-07 8.16552515414681e-07 8.39353768700146e-07 8.53910893894305e-07 8.52868344181079e-07 8.58344459919724e-07 8.6883085813616e-07 8.46154798672671e-07 7.85231987221469e-07 7.56295460413447e-07 7.1182747077847e-07 6.47236657114192e-07 6.16992988489162e-07 5.35723320926884e-07 4.76016238537547e-07 4.08500971260661e-07 3.97948869645948e-07 3.9219915873856e-07 4.0965421164163e-07 3.89925074817388e-07 3.49737948124318e-07 3.59712319852878e-07 3.49209257310967e-07 3.02776482863365e-07 3.33670767149741e-07 2.6953719747258e-07 2.65560068879456e-07 2.89498585737125e-07 1.11660755557352e-06 3.93654814645483e-07 2.79139354461222e-05 4.31612679676618e-05 0.000105913310108008 0.000150933154509403
5.55900367660289e-07 6.19185387085164e-07 6.04303098172831e-07 4.80129179702971e-07 5.56755132541387e-07 7.19179935582126e-07 6.73757626301619e-07 6.50102712318468e-07 5.47821224106126e-07 5.49924303105964e-07 5.59882332262784e-07 6.1706072347345e-07 6.92531298740473e-07 7.35153220821072e-07 7.45707429727904e-07 7.88704501664128e-07 8.01537242756112e-07 8.16413813231609e-07 7.61283327965767e-07 7.19844744179188e-07 6.97256948578584e-07 6.45909549379375e-07 6.01283781631601e-07 5.77653935340816e-07 5.55911738109316e-07 5.26991758198481e-07 4.89129317249315e-07 4.34430698570409e-07 3.70819043682413e-07 3.47928602040248e-07 3.71953082911602e-07 3.53495971905371e-07 3.7618204432599e-07 3.61526923975397e-07 3.33213336178861e-07 3.08573344842689e-07 3.12275582170507e-07 2.8642210044838e-07 3.31360188177143e-07 3.23326872475604e-07 2.04137611381494e-07 2.49330674939596e-07 2.83690113311863e-07 5.06850632064904e-07 4.04805696234689e-05 6.25106986262836e-05
5.90437884351314e-07 4.95965844993229e-07 4.84554545254756e-07 4.8901644226218e-07 5.00088640142948e-07 6.04543910687205e-07 6.15991550756423e-07 6.62627007075312e-07 5.29457698583702e-07 6.16723706070577e-07 4.95876586292798e-07 5.15414624424615e-07 5.54885645276393e-07 6.1289057342595e-07 6.43790472654171e-07 6.60695350185314e-07 6.96461579596797e-07 7.3002094974628e-07 7.04533533979479e-07 6.7661270393149e-07 6.15854274854666e-07 6.04388375180509e-07 5.97180465244929e-07 6.02099989432947e-07 5.44662781198912e-07 5.00311394213693e-07 3.67184239780105e-07 2.3287434970376e-07 2.23500201290694e-07 2.40714855392898e-07 2.31987710352932e-07 2.91640846983299e-07 3.17965316587454e-07 3.35022261044315e-07 3.24230840920148e-07 2.73748053825074e-07 2.43092859320004e-07 3.14516597033077e-07 3.42517379681162e-07 3.0339007248692e-07 2.23113545216869e-07 9.70953735857094e-08 1.69842666442044e-07 3.46325783717738e-07 6.47474572756934e-07 9.83129884843947e-05
5.60515120273664e-07 5.63725639635138e-07 5.6259360023958e-07 5.41259468800348e-07 5.38948885708823e-07 5.16583887166799e-07 5.04846820370552e-07 4.59158577259533e-07 5.16023156604817e-07 5.0764660731728e-07 4.88453919256226e-07 5.40105749224917e-07 4.39863516832339e-07 4.89680099613476e-07 5.55912543820369e-07 5.57081897356593e-07 5.81962188794805e-07 6.17068169772583e-07 6.32584744386655e-07 5.43263812380346e-07 5.01763670335276e-07 4.82068983309603e-07 4.14110332747075e-07 3.62856733926442e-07 2.06080182962864e-07 9.59611380357828e-08 8.36914849755566e-08 7.32015849380652e-08 8.39592170343018e-08 8.3108743287319e-08 1.36257876104384e-07 1.65272584318199e-07 2.17383604017574e-07 1.60399568349678e-07 2.09794077210557e-07 2.12871281879412e-07 2.27994625112693e-07 2.38050999523676e-07 2.50451091154957e-07 2.32731846117051e-07 3.00249479223691e-07 1.50485998040573e-07 1.86814997349405e-07 2.76313251024174e-07 6.51932831985391e-07 1.22035131512321e-06
5.96178897616095e-07 5.90886855389439e-07 6.52496385211698e-07 5.81907176100405e-07 4.9003239055434e-07 4.74943257278149e-07 4.09069756657221e-07 3.82564131617968e-07 4.17739144153995e-07 4.68034605893841e-07 4.5256852387876e-07 4.50521232153722e-07 4.85979099340561e-07 4.44869354232491e-07 5.61394010034633e-07 6.23250826659039e-07 6.44879191769032e-07 5.54046693379551e-07 5.82211201693994e-07 4.09326015371469e-07 3.71644154195661e-07 3.41110593604643e-07 1.36072706335977e-07 1.07764967605117e-07 9.340765676491e-08 8.46392652631422e-08 9.04814964841627e-08 1.12453195544315e-07 1.31700407379753e-07 1.65819943398482e-07 1.82943617854647e-07 2.29391835127046e-07 2.63520343246615e-07 2.86867424492687e-07 2.88122355673881e-07 3.17811216132835e-07 2.92642351140682e-07 2.87483097993757e-07 2.56883667759666e-07 2.40124177841583e-07 2.33584761621941e-07 2.5032431048011e-07 3.06308116215792e-07 4.72100003001685e-07 8.36455153918614e-07 8.78637662082848e-07
4.79586599033688e-07 4.53635597730262e-07 4.29550099145803e-07 3.81465308596507e-07 3.70407871552736e-07 3.88306231391411e-07 3.4302475092618e-07 3.46554154140311e-07 3.26637102099347e-07 3.65653115097508e-07 4.03600470899601e-07 3.85028348992567e-07 4.19346080060556e-07 4.381576800494e-07 4.90852003309783e-07 4.82879629137845e-07 5.25328116229851e-07 5.32805029418437e-07 5.56039414778553e-07 4.1567438797685e-07 2.82719780830831e-07 1.71621125000243e-07 1.03365975734349e-07 1.06850935177594e-07 9.62227667322679e-08 1.2001609700496e-07 1.39861290604504e-07 1.48170550684501e-07 1.73189546237573e-07 2.06153157389366e-07 2.52351009488727e-07 2.84672547268272e-07 3.18834321222372e-07 3.43588809315065e-07 3.85209974462786e-07 4.14028174711145e-07 4.00079482210103e-07 3.34984128524951e-07 3.29492684436605e-07 3.47618289076035e-07 3.48256814886039e-07 3.7444161118394e-07 4.09619849606191e-07 5.30592143455078e-07 6.2722479329258e-07 8.93780370914143e-07
4.67637988521563e-07 3.89938588352123e-07 3.82831422807151e-07 3.58794763977155e-07 3.13145242314405e-07 2.65233272223053e-07 2.6231785937858e-07 3.07223489259822e-07 2.17298780580411e-07 2.77443793483823e-07 3.34511184096886e-07 3.37246888693077e-07 4.51083348851355e-07 4.64282999235177e-07 4.44189098447456e-07 4.72012834484836e-07 4.51718549898672e-07 5.18525008175175e-07 3.92356527767479e-07 2.5323857064663e-07 1.90017807288889e-07 1.39786760045002e-07 1.15258611022018e-07 1.34200966506182e-07 1.44819358460779e-07 1.51540677462147e-07 1.74954852338871e-07 2.02549084060699e-07 2.40560768793863e-07 2.94072391338052e-07 3.31516830365253e-07 3.19844812513015e-07 3.96130460045274e-07 4.15631582539877e-07 4.19485167801881e-07 4.16840602956992e-07 4.05740188502701e-07 4.03950560246002e-07 4.26631701933022e-07 4.61827516606839e-07 4.91073224972993e-07 5.32781219497735e-07 6.43861522720002e-07 8.1809056807769e-07 8.24687093259335e-07 8.52281122942777e-07
3.70341031963317e-07 3.20135724507509e-07 3.19598659981324e-07 3.25917164256673e-07 3.06658245774472e-07 2.35610726673219e-07 2.0278091679149e-07 1.95966004412629e-07 1.67622274149792e-07 1.67288766339535e-07 2.77149099892071e-07 3.05855087789908e-07 3.84747900661342e-07 5.8555115369785e-07 3.93591159686402e-07 3.6090630969321e-07 4.30140123575118e-07 4.7058731779126e-07 3.8653798206667e-07 1.87937114282111e-07 1.55657895994921e-07 1.35173490756202e-07 1.29298711215586e-07 1.28607072080733e-07 1.28777705887817e-07 1.65307636001977e-07 2.00453772758458e-07 2.31852476584304e-07 2.63850835402479e-07 3.14466791506707e-07 3.60537966603847e-07 4.27583877538051e-07 4.74635726666062e-07 5.240147476826e-07 5.06254363719094e-07 5.27510838010947e-07 5.58157724328545e-07 5.74669945030415e-07 6.09177815846795e-07 6.36324414637901e-07 7.08836676510671e-07 7.91954215051405e-07 7.9810412337844e-07 9.00273243709115e-07 7.69411858025926e-07 4.29928744605235e-07
3.42200448522068e-07 3.31083267191001e-07 3.23522822665012e-07 2.97975002228057e-07 2.2670874473274e-07 2.33753326395192e-07 1.96475641323079e-07 1.72826094835266e-07 1.54993229173339e-07 1.75009653480274e-07 2.00242492620628e-07 2.23325370263261e-07 2.5140109023436e-07 2.86448683650686e-07 2.56334385284607e-07 2.09293985831138e-07 3.27087504137236e-07 3.68712431630946e-07 2.78706301015674e-07 1.86623207742986e-07 1.10939675113109e-07 1.07350964839714e-07 1.18443586327732e-07 1.18127125292578e-07 1.43173618705195e-07 1.27653702330921e-07 1.55901256948532e-07 2.60260761497655e-07 3.18225328177491e-07 3.75532371599263e-07 4.40785701061319e-07 5.2759441833139e-07 5.59247344311675e-07 5.87952284669679e-07 6.3753273312761e-07 6.83866137651812e-07 7.24173870747524e-07 7.5959554097782e-07 8.06833331101764e-07 8.96112465598176e-07 7.50141052408004e-07 5.98733512413574e-07 7.21061193109662e-07 2.79043014616009e-06 1.39593848444974e-05 0.000155789132986683
3.72576555052184e-07 3.73440855172547e-07 3.65155151882401e-07 3.05865098582103e-07 2.61781067922851e-07 2.21000560984841e-07 2.06988110262873e-07 1.75642366628814e-07 1.65288524534013e-07 1.8634971993281e-07 1.73547734427792e-07 1.76968969844982e-07 3.76774374799549e-07 3.40561672629303e-07 1.69525247117885e-07 1.21682065856721e-07 1.4410306187207e-07 3.02067668833672e-07 2.49079116576567e-07 1.31285949866999e-07 9.72577901880989e-08 8.72934811879667e-08 8.80247443268978e-08 1.01639632088535e-07 1.38548166339625e-07 1.85722022016943e-07 2.43286953760524e-07 3.01369902333537e-07 3.42095036143242e-07 3.81097021873167e-07 4.77242402241451e-07 5.37711651915629e-07 6.3980562564625e-07 7.29220756190418e-07 8.29130996060634e-07 9.38326688704194e-07 1.00391895708762e-06 1.03536483376798e-06 1.05493691081593e-06 9.94747155225184e-07 6.73730216160795e-07 7.16094779562582e-07 9.22869676556193e-07 7.69454897242561e-07 4.94179175607457e-06 9.33810767034249e-07
4.16124030300224e-07 3.84263068498036e-07 3.83458839181561e-07 3.053331558589e-07 2.57571063311257e-07 2.47620498683432e-07 1.91803731464102e-07 1.87396306439158e-07 1.70887962791522e-07 1.86766705656538e-07 1.73779551748687e-07 1.80501542612621e-07 1.85618469705773e-07 1.83752878057941e-07 1.61138084309176e-07 1.75796630008662e-07 1.86863092732636e-07 2.19323495675994e-07 1.59930653675922e-07 1.42178170814411e-07 1.36784297299908e-07 1.30179579127532e-07 1.40357942712832e-07 1.51132187564684e-07 1.73658397251142e-07 2.10357528795946e-07 2.75391455262231e-07 2.84610757350645e-07 4.23253405601454e-07 5.19118990394141e-07 5.80002420602632e-07 7.15244938187531e-07 8.03624724121654e-07 8.96922691451252e-07 1.11688618856798e-06 1.19373509498422e-06 1.29319070846234e-06 1.13389821584375e-06 1.14554886098128e-06 9.78480773061729e-07 9.3292484456553e-07 9.78232835879833e-07 9.61982037961384e-07 1.31426966025749e-06 1.25904639091123e-06 1.74035283654339e-06
4.83662851524791e-07 3.70960349715954e-07 3.72318782870806e-07 2.88134902703963e-07 2.74142235034969e-07 2.40744730328757e-07 1.93551759286592e-07 1.94868281744309e-07 1.70709181923634e-07 1.66828957726128e-07 1.82791177560926e-07 1.84069692676925e-07 1.90196871086012e-07 1.95335601393953e-07 2.01556287326987e-07 2.14155814026729e-07 2.39390174172627e-07 3.1141695016057e-07 1.89007904927152e-07 2.094655145779e-07 2.01676875177803e-07 2.48488307463823e-07 3.05207521622553e-07 2.86072833111106e-07 3.33000695607044e-07 3.11684681220115e-07 3.82149740651982e-07 4.58800122649095e-07 5.6787376784273e-07 7.07228847784958e-07 8.68706125234375e-07 9.82198486521035e-07 9.13563330728895e-07 9.57274863411239e-07 1.00904749459341e-06 1.23222039041249e-06 1.09412466271497e-06 1.03348633024858e-06 1.05304711126575e-06 1.13785084078222e-06 1.1905869083062e-06 1.23141214312117e-06 1.41989920052765e-06 2.05670791173507e-06 1.37757467465471e-06 2.39962221985079e-06
5.41228963468754e-07 4.06045323875226e-07 3.91818573086677e-07 3.52235492451225e-07 3.11166675004415e-07 2.42160606944708e-07 1.98166976406178e-07 1.97103017307576e-07 1.95499406163702e-07 2.0239232085828e-07 1.96224554571689e-07 1.89621191770684e-07 1.88416460489282e-07 1.94562924593633e-07 2.08270654200593e-07 2.24210295118876e-07 2.43924425924469e-07 2.8065634175567e-07 2.40796154082901e-07 2.40473178159117e-07 2.43949187972436e-07 2.43735015381663e-07 2.30789094812778e-07 2.29886229630161e-07 3.28302906371647e-07 4.14292071804212e-07 4.88503417273023e-07 5.96344585501729e-07 7.85779160461519e-07 8.91700523342198e-07 1.12415313148206e-06 1.36565779711439e-06 1.5748911762703e-06 1.41311155640311e-06 1.17096513321258e-06 1.10163373997496e-06 1.12031393653123e-06 1.26433296019357e-06 1.48658038389149e-06 1.54515840931069e-06 1.72913544158604e-06 1.89498516018904e-06 1.9129922440797e-06 2.4708445541588e-06 1.66413837151547e-06 2.07455347178698e-06
5.31071577603015e-07 5.2538034600591e-07 4.50928062822875e-07 4.01941610805867e-07 3.10945985260158e-07 2.48171952588194e-07 2.28639733279579e-07 2.29170896903774e-07 1.99744195139573e-07 1.87327988399044e-07 2.13534307513807e-07 2.07622357639714e-07 2.06621301968024e-07 2.10121987975764e-07 2.15072596965182e-07 2.26302782935228e-07 2.53066135058599e-07 2.00829524255042e-07 1.97841473303928e-07 2.33530416360317e-07 2.48899658961133e-07 2.64970356977923e-07 2.94212018681073e-07 3.18334543736309e-07 3.9599086514297e-07 4.49042450212378e-07 6.42111606619089e-07 7.73831705591643e-07 9.11673368908517e-07 1.28590242681748e-06 1.75923775300735e-06 1.88307993728154e-06 1.75156476748262e-06 1.63157341632747e-06 1.49328716162467e-06 1.54933516083311e-06 1.99869768812144e-06 2.14603246915246e-06 2.0687019672172e-06 2.15393960819599e-06 2.17674188086603e-06 2.20148961587174e-06 2.15138501024059e-06 2.46900728855248e-06 0.000303570424148347 2.51463297954446e-06
5.14769470805199e-07 6.12629804674914e-07 4.71727171036385e-07 4.27439688166498e-07 3.10516081225565e-07 2.75244720493451e-07 2.38490410220393e-07 2.28557519865724e-07 2.09604450396306e-07 1.95140065095689e-07 1.98313716581744e-07 2.20255775207345e-07 2.29607314428115e-07 2.32187126980588e-07 2.36182216284408e-07 2.26463178476521e-07 2.11334455257894e-07 2.40252044181322e-07 2.95466671795808e-07 3.2601002524224e-07 3.47433972303079e-07 3.32943903169625e-07 3.88619402535983e-07 4.44673879418378e-07 5.0457474061183e-07 7.08203133659158e-07 8.23034032892966e-07 1.05445403258964e-06 1.34860961615857e-06 1.68179197732599e-06 1.98974119026696e-06 1.95786887950966e-06 1.78204828094053e-06 1.28805860574177e-06 2.53374490807312e-06 2.51679888630951e-06 2.31860586422661e-06 2.0448476431012e-06 1.82379498265828e-06 1.86874827918793e-06 1.82906205525857e-06 1.90054015171137e-06 1.92376786601889e-06 1.31449575185849e-06 1.58237168998987e-06 1.19024082321229e-06
4.86104383390362e-07 5.91402350502701e-07 5.32296317778957e-07 4.13986079383921e-07 3.43838389427198e-07 2.93637394521706e-07 2.59385377521237e-07 2.24883916222218e-07 2.18943789209725e-07 2.12024938484046e-07 2.02224032741505e-07 2.02013288586045e-07 2.11964713270341e-07 2.07376284178107e-07 1.96896610404895e-07 2.03752663441303e-07 2.20594502819971e-07 2.40984268207178e-07 2.5809356495321e-07 3.31010314191804e-07 3.86426424647812e-07 4.39821895015235e-07 4.9244884589017e-07 4.82607122620493e-07 5.70666654575724e-07 7.15009417073809e-07 8.33941700661978e-07 1.02753392732247e-06 1.07118628822622e-06 1.41072546668841e-06 1.749262159223e-06 1.90759486251579e-06 1.97702163517999e-06 1.73466362008989e-06 1.89194910623636e-06 2.43599628720892e-06 2.33344474626085e-06 2.00484163276338e-06 1.70894902167262e-06 1.69595996353245e-06 1.63539164471649e-06 1.68073068311791e-06 1.77736440249987e-06 1.28778825649878e-06 2.12470180757096e-06 1.88803076193178e-06
6.19371031007621e-07 5.90598007399468e-07 5.90882199469345e-07 4.21770830683066e-07 3.87884094277258e-07 2.91960712428541e-07 2.92423852088497e-07 2.52001593437079e-07 2.15268298264792e-07 2.21739278383204e-07 2.19341365759185e-07 2.24823542760433e-07 2.23119690345719e-07 2.19817113777943e-07 2.30044993665413e-07 2.22995807963589e-07 2.28477428576568e-07 2.45050983260775e-07 2.51482669610947e-07 2.91294987841972e-07 3.36946882295575e-07 3.92569922147423e-07 4.21529973371193e-07 4.90020595278473e-07 5.97489315878885e-07 6.13893144374433e-07 9.03713940125783e-07 9.75474675923849e-07 1.22799873070178e-06 1.70504561167739e-06 2.02915346785293e-06 1.83924990001527e-06 1.57666062935435e-06 1.92053083735155e-06 2.22673791910877e-06 2.2744350916537e-06 2.1314044130305e-06 1.9806612882034e-06 1.75654378550272e-06 1.70128002975334e-06 1.65210907105973e-06 1.58300907715514e-06 1.6606835982258e-06 1.57727733353097e-06 1.73732404393778e-06 1.66638407886888e-06
