Maxent_result_files_2/B_pratorum_2.asc
NCOLS 594 
NROWS 330 
XLLCORNER -15 
YLLCORNER 23 
CELLSIZE 0.166666666666667 
NODATA_value -9999 
[rows 140 to 159 of 330, columns 184 to 229 of 594]
-9999 -9999 -9999 -9999 -9999 -9999 -9999 0.837125605344772 0.564607352018356 0.469525793194771 0.382622200250626 0.358818402886391 0.521491929888725 0.452757832407951 0.476774668693542 0.707905006408691 0.765853863954544 -9999 -9999 -9999 -9999 -9999 -9999 -9999 -9999 -9999 -9999 0.504599422216415 0.368660262227058 0.271429359912872 0.290305310487747 0.290216009318829 0.327533361315727 0.27272332161665 0.360534784197807 0.318915379047394 0.300407463312149 0.245894764363766 0.169884982705116 0.206535531580448 0.116384181380272 0.106806430220604 0.193854530155659 0.213279062509537 0.15566124767065 0.193980452418327
-9999 -9999 -9999 -9999 0.595233112573624 0.387941819429398 0.432015958428383 0.409488916397095 0.5508316218853 0.471051707863808 0.451282277703285 0.486598783731461 0.478546062111855 0.480069044232368 0.42856248319149 0.403585261106491 0.446337044239044 0.9536048412323 -9999 -9999 -9999 -9999 -9999 -9999 0.559436124563217 0.244091773033142 0.274743020534515 0.322193697094917 0.382244539260864 0.309547924995422 0.260628706216812 0.25796599984169 0.253487259149551 0.24789375513792 0.267336459457874 0.22730854600668 0.209742546081543 0.210048845410347 0.149332924187183 0.205492627620697 0.325646695494652 0.348008462786675 0.424690163135529 0.165001457929611 0.190861766040325 0.112003312259912
-9999 -9999 0.900601190328598 0.587823206186295 0.453561213612556 0.357121577858925 0.492137390375137 0.499374896287918 0.497439348697662 0.525933814048767 0.525984919071197 0.529625779390335 0.526410058140755 0.372136458754539 0.403072628378868 0.443333366513252 0.428839993476868 0.487660846114159 0.175988882780075 0.183004525303841 0.144639053940773 0.231007067859173 0.719475793838501 0.369097152352333 0.33054291009903 0.273533482849598 0.271731048822403 0.283267116546631 0.299869307875633 0.265063339471817 0.335053351521492 0.219966369867325 0.21361468732357 0.152195602655411 0.198972100019455 0.330270078778267 0.329531380534172 0.335085740685463 0.251641587913036 0.255943593382835 0.246127060055733 0.207827009260654 0.239553871750832 0.2243652805686 0.184447653591633 0.204788589477539
0.299723109602928 0.399500927329063 0.324318674206734 0.449249842762947 0.558834713697433 0.431825822591782 0.427250835299492 0.509777948260307 0.521853145956993 0.383907616138458 0.519865870475769 0.604345762729645 0.580012303590774 0.803709274530411 0.346876087784767 0.294600424170494 0.401731869578361 0.301553228497505 0.38588407933712 0.129088795930147 0.292071360349655 0.134848370403051 0.325299641489983 0.237734372913837 0.245834366977215 0.259975464642048 0.258051499724388 0.33476120531559 0.414349400997162 0.296018517017364 0.234497261047363 0.252752694487572 0.0969114646315575 0.176859100162983 0.244370406866074 0.335512366890907 0.49559862613678 0.29369293153286 0.351583677530289 0.31307148039341 0.167407612502575 0.232321757078171 0.167202891409397 0.474058121442795 0.29189580976963 0.289169922471046
0.372609782218933 0.357336968183517 0.429801353812218 0.410246077179909 0.401519238948822 0.441727131605148 0.59612038731575 0.437452983856201 0.520886269211769 0.587071287631989 0.577759885787964 0.717615962028503 0.432049411535263 0.520594134926796 0.689739799499512 0.484605875611305 0.36551656126976 0.40608985722065 0.245958557724953 0.26824664324522 0.237973585724831 0.230761387944221 0.247795933485031 0.264897954463959 0.283485026657581 0.369122317433357 0.397677430510521 0.250620694458485 0.382909110188484 0.184851016104221 0.388330981135368 0.492713153362274 0.290381693840027 0.35453742146492 0.160886827111244 0.211871157586575 0.226937472820282 0.171030621230602 0.209876005351543 0.383196726441383 0.346888077259064 0.197947163879871 0.16246665418148 0.390428394079208 0.761716037988663 0.502691107988358
0.343466114997864 0.339456743001938 0.347433146834373 0.401809471845627 0.330865415930748 0.347013378143311 0.7128662109375 0.743634521961212 0.489316302537918 0.410600849986076 0.680570846796036 0.636196720600128 0.506920573115349 0.702811652421951 0.489832448959351 0.643656569719315 0.605539608001709 0.331214681267738 0.264686085283756 0.359762662649155 0.243395985662937 0.359950107336044 0.366211399435997 0.329196110367775 0.41582932472229 0.585166186094284 0.347108039259911 0.386518588662147 0.616084963083267 0.506925967335701 0.344525560736656 0.245759190618992 0.227519398927689 0.25099501311779 0.280192682147026 0.403180685639381 0.273822988569736 0.41359338760376 0.290777385234833 0.188246200978756 0.40786657333374 0.280858862400055 0.162329517304897 0.218517465889454 0.299657368659973 0.287817381322384
0.376657143235207 0.352256551384926 0.526325508952141 0.534190955758095 0.532864746451378 0.570296406745911 0.400623258948326 0.484790745377541 0.318174147605896 0.29729268848896 0.344245168566704 0.233911125361919 0.234002506732941 0.556799495220184 0.558074873685837 0.370365405082703 0.5400644749403 0.475375935435295 0.272121915221214 0.332143259048462 0.244986535608768 0.180165342986584 0.205059324204922 0.489633527398109 0.248102250695229 0.254347237944603 0.248555080592632 0.444590982794762 0.601255017518997 0.560680186748505 0.325101089477539 0.58229638338089 0.392733755707741 0.250583963096142 0.317681956291199 0.386902728676796 0.495278665423393 0.185517548024654 0.177387794852257 0.141391289979219 0.225564078986645 0.190327905118465 0.225212046504021 0.169975733757019 0.207799553871155 0.186872859299183
0.646420270204544 0.505762940645218 0.532207506895065 0.503064224123955 0.54124031662941 0.494792011380196 0.497651702165604 0.326442283391953 0.335092851519585 0.377459651231766 0.311442163586617 0.305919885635376 0.249106776714325 0.390062361955643 0.263142061233521 0.192006401717663 0.410610136389732 0.242404675483704 0.345879083871841 0.213843028247356 0.139076708257198 0.22705597281456 0.374868416786194 0.325064688920975 0.213602980971336 0.259870851039886 0.238526886701584 0.257435843348503 0.409310379624367 0.455368965864182 0.399524286389351 0.309193587303162 0.2255062058568 0.148226423561573 0.0983472228050232 0.118968817591667 0.116762301325798 0.137948723882437 0.116692206263542 0.118573554605246 0.17831052839756 0.372363230586052 0.193146313726902 0.1008266068995 0.150659812986851 0.238729438185692
0.455494377017021 0.533841323852539 0.433159047365189 0.454455128312111 0.462275287508965 0.336412259936333 0.713076776266098 0.354917755723 0.234978982806206 0.225133648514748 0.206252390146255 0.201821534335613 0.113397898525 0.347441858053207 0.385471665859222 0.242700688540936 0.176669661700726 0.169904141128063 0.148922380805016 0.213548454642296 0.187568175792694 0.219490224123001 0.356744235754013 0.194087754189968 0.313199990987778 0.255006623268127 0.265734359622002 0.266547290980816 0.205199488997459 0.174090780317783 0.275265192985535 0.166258496046066 0.135144667327404 0.112698663026094 0.125725541263819 0.118715443462133 0.134822184592485 0.134979986399412 0.182483652234077 0.128415974229574 0.157954229414463 0.176880216598511 0.153974771499634 0.169476556777954 0.426105600595474 0.504350039362907
0.441303572058678 0.517462626099586 0.490779560804367 0.522504866123199 0.535216468572617 0.284088686108589 0.498175087571144 0.255539332330227 0.229952384531498 0.314384880661964 0.292646926641464 0.294309559464455 0.224117888510227 0.594021248817444 0.817426246404648 0.466932746767998 0.205057473480701 0.540847101807594 0.310053446888924 0.202470925450325 0.237532638013363 0.202743257582188 0.248700036108494 0.248505489528179 0.275775483250618 0.26404377669096 0.196207876503468 0.195205529034138 0.302203959226608 0.132634934037924 0.119712863862514 0.196030831336975 0.14554059356451 0.117661096900702 0.141696467995644 0.208303672075272 0.0861471801996231 0.0892180770635605 0.233462832868099 0.12284612134099 0.181541913747787 0.191398598253727 0.165834337472916 0.206546118855476 0.425188007950783 0.399057376384735
0.450505343079567 0.526695543527603 0.429181498289108 0.455667439103127 0.302314564585686 0.321766781806946 0.321893963217735 0.353154712915421 0.328345048427582 0.181047260761261 0.118052517622709 0.102389988303185 0.268684692680836 0.226854050159454 0.151060935854912 0.180814543366432 0.250580352544785 0.431742605566978 0.394951575994492 0.228419469296932 0.159727372229099 0.23073978126049 0.296299424767494 0.311501958966255 0.182024881243706 0.117071671783924 0.168442569673061 0.206205423176289 0.213577349483967 0.235824842751026 0.069134858623147 0.0559392966330051 0.12704094722867 0.0943984001874924 0.143355961889029 0.0782271854579449 0.0908720538020134 0.120915597677231 0.146807999908924 0.152194568514824 0.114143375307322 0.183881242573261 0.161399653553963 0.272201859951019 0.16496751755476 0.16211119145155
0.432917076349258 0.499769920110703 0.567557948827744 0.450956493616104 0.507138058543205 0.430015808343887 0.331697553396225 0.290149706602097 0.323020854592323 0.330687832832336 0.202840180695057 0.188494443893433 0.118913490325212 0.184511411190033 0.0743690930306911 0.187121821939945 0.182968221604824 0.0772134132683277 0.0915871828794479 0.276736307144165 0.302270451188087 0.162834393978119 0.180759671330452 0.165865775942802 0.0894674368202686 0.155050693452358 0.154265043139458 0.153544370830059 0.176757091283798 0.143080931901932 0.113533233106136 0.0949470683932304 0.149601981043816 0.0880008734762669 0.0981966756284237 0.143548336625099 0.18410362303257 0.258470442891121 0.131357504427433 0.0922261193394661 0.146986652910709 0.151442781090736 0.186671096086502 0.148012842237949 0.170026595890522 0.252719765901566
0.373029610514641 0.48601516187191 0.366714727878571 0.278552982211113 0.237005157768726 0.270312920212746 0.25498284548521 0.287015864253044 0.452403244376183 0.214018324017525 0.17953077852726 0.355905178189278 0.229594524204731 0.16867890805006 0.196570494771004 0.144675329327583 0.0452590629458427 0.0918372325599194 0.0873703993856907 0.141795012354851 0.417095655202866 0.258665661513805 0.34396685063839 0.393914395570755 0.357116761803627 0.0830365315079689 0.0849190421402454 0.124662829935551 0.183706094324589 0.120797900855541 0.133171850442886 0.0900007620453835 0.145973969995976 0.096192891150713 0.176700231432915 0.205519057810307 0.16218505948782 0.178161711990833 0.145074173808098 0.135239501297474 0.14246990531683 0.142140612006187 0.153769318759441 0.187545418739319 0.238677038252354 0.215833880007267
0.393984371423721 0.576799160242081 0.34036537706852 0.235157661139965 0.199483470618725 0.264486020803452 0.405324524641037 0.896209764480591 0.393081021308899 0.250189800560474 0.285613149404526 0.229851575195789 0.165662936866283 0.418081626296043 0.237222038209438 0.223051954805851 0.161013053357601 0.153557901084423 0.135078970342875 0.121598794311285 0.132361893355846 0.0796119153499603 0.273255550861359 0.253823710978031 0.211886750161648 0.138165095448494 0.115908385813236 0.114396230876446 0.173099331557751 0.241730245947838 0.26442527025938 0.277901531755924 0.269960054755211 0.191259367763996 0.115727845579386 0.163746270537376 0.116931681334972 0.11590373441577 0.186796991527081 0.174874866008759 0.131524939835072 0.156520967185497 0.144732524454594 0.279340502619743 0.295083612203598 0.24643219858408
0.348977518081665 0.487697759270668 0.394677278399467 0.329559135437012 0.294506451487541 0.141433494538069 0.294365936517715 0.405688482522964 0.184467045962811 0.228758831322193 0.18082998842001 0.211702691018581 0.171104417741299 0.0839618362486362 0.142605990171432 0.521107366681099 0.162260131537914 0.213429333269596 0.12907841950655 0.0838779836893082 0.117827889323235 0.164991572499275 0.198044839501381 0.0747051864862442 0.0660231493413448 0.0620901383459568 0.09196672514081 0.209769254922867 0.167949490249157 0.227683846652508 0.290574491024017 0.847410267591476 0.875733703374863 0.432434877753258 0.191539941728115 0.24223538339138 0.162905661761761 0.118464498966932 0.146860860288143 0.216861814260483 0.126719926297665 0.140783475339413 0.134882716834545 0.145637463033199 0.209195086359978 0.20107132345438
0.295046523213387 0.332846066355705 0.353713074326515 0.245593419671059 0.193680748343468 0.25955620855093 0.193680086731911 0.212942098081112 0.276998889446259 0.200737111270428 0.177693469822407 0.17921040058136 0.167857792973518 0.198314076662064 0.148020400106907 0.190359190106392 0.274559670686722 0.29052554666996 0.130681554228067 0.0980675853788853 0.110554260760546 0.099408433586359 0.114953336119652 0.100464095175266 0.128535225242376 0.180471317470074 0.155307453870773 0.18108493834734 0.227147136628628 0.238697342574596 0.29253132045269 0.303219357132912 0.478998139500618 0.209542074799538 0.238129602372646 0.11666447520256 0.143200621008873 0.119928762316704 0.156422209739685 0.215206977725029 0.130424942821264 0.0711462683975697 0.123321879655123 0.120818416029215 0.252602057158947 0.197861769795418
0.352463260293007 0.375480681657791 0.350869950652123 0.311725100874901 0.308848822116852 0.383362919092178 0.215812240540981 0.188390631973743 0.29584609568119 0.178239850699902 0.248676486313343 0.252372361719608 0.207668732106686 0.223707713186741 0.177614349126816 0.191933196783066 0.167536102235317 0.146858130395412 0.261775736510754 0.209904985129833 0.133263359218836 0.252176557481289 0.337883722782135 0.165290467441082 0.202649103105068 0.159239037334919 0.218475666642189 0.196623654663563 0.155254650115967 0.158975599706173 0.160271960496902 0.189393356442451 0.128881195187569 0.196993127465248 0.19364515542984 0.210552211105824 0.120135191828012 0.126790173351765 0.132024901360273 0.155618299543858 0.20879170447588 0.150407394766808 0.171117103099823 0.132113526016474 0.139239649474621 0.132935452461243
0.461474215984344 0.394744917750359 0.415375229716301 0.312570762634277 0.21402740329504 0.277064141631126 0.207061582803726 0.179400123655796 0.169340699911118 0.17111708521843 0.259562224149704 0.198825694620609 0.252000598609447 0.168134039640427 0.311899754405022 0.164181986451149 0.0918938979506493 0.196413432061672 0.306663456559181 0.182557940483093 0.158903135359287 0.260117787122726 0.799948126077652 0.469221937656403 0.263203279674053 0.188598868250847 0.129932731389999 0.179408559203148 0.131411266326904 0.119027905166149 0.136775678396225 0.0737270247191191 0.140962567925453 0.222928521037102 0.341457143425941 0.228046110272408 0.122260092943907 0.118096747994423 0.132168976217508 0.15377242565155 0.113758897036314 0.165256562829018 0.113276872783899 0.122399877756834 0.105021890252829 0.10039521753788
0.44126099050045 0.24694426804781 0.394483378529549 0.00666150922570523 0.240420307219028 0.262576580047607 0.1922711789608 0.245248274505138 0.232277123630047 0.281522077322006 0.34567474424839 0.239683009684086 0.338339537382126 0.309562972187996 0.196126714348793 0.227831493318081 0.235609623789787 0.191952596604824 0.312628707289696 0.334960913658142 0.263104444742203 0.297317171096802 0.300329279899597 0.203343985974789 0.0967640809714794 0.245126888155937 0.426748397946358 0.306176000833511 0.164476165175438 0.232433453202248 0.18330997377634 0.198535408079624 0.149569667875767 0.138170859217644 0.231601348519325 0.338141447305679 0.151599599421024 0.248146449029446 0.133221212029457 0.132388745248318 0.127490562200546 0.141852028667927 0.0614993985742331 0.229738099873066 0.16234220713377 0.16348289847374
0.480280527472496 0.390970367193222 0.55156871676445 0.42481717467308 0.194544968008995 0.270601898431778 0.197693622112274 0.185631196200848 0.224050711095333 0.302550601959229 0.290873783826828 0.304776275157928 0.260538214445114 0.377537256479263 0.217783366143703 0.271004383265972 0.25915973931551 0.230027097463608 0.235541215538979 0.18829862177372 0.270915815234184 0.333706432580948 0.295447304844856 0.182521414756775 0.333620336651802 0.382900217175484 0.189444382488728 0.253737653791904 0.222167859971523 0.293230405449867 0.146611055731773 0.207488664984703 0.323961108922958 0.262939085066319 0.217055787146091 0.243390288949013 0.0595290619879961 0.362741768360138 0.16325973123312 0.0881352931261063 0.107172527164221 0.234037625789642 0.129012656211853 0.093484615534544 0.16094514131546 0.140783850103617
