Maxent_result_files_2/B_pratorum_2.asc
NCOLS 594 
NROWS 330 
XLLCORNER -15 
YLLCORNER 23 
CELLSIZE 0.166666666666667 
NODATA_value -9999 
[rows 160 to 179 of 330, columns 92 to 137 of 594]
0.972302156686783 0.981118255853653 0.758257329463959 0.968721759319305 0.961169445514679 0.556682533025742 -9999 -9999 -9999 -9999 -9999 -9999 -9999 -9999 -9999 -9999 0.960021936893463 0.829065430164337 0.489739212393761 0.574902153015137 0.564941865205765 0.528941091895103 0.58573659658432 0.18211474865675 0.637624508142471 0.677758347988129 0.786268204450607 0.71083859205246 0.755687713623047 0.928248697519302 0.800492298603058 0.884554046392441 0.714126628637314 0.776695477962494 0.76251403093338 0.725276690721512 0.784201484918594 0.754126328229904 0.563291299343109 0.80749009847641 0.826832437515259 0.823288935422897 0.786692970991135 0.724766033887863 0.748147219419479 0.748300021886826
0.988969504833221 0.97117183804512 0.83003591299057 0.801349824666977 0.945827156305313 -9999 -9999 -9999 -9999 -9999 -9999 -9999 -9999 0.977595341205597 0.820180815458298 0.561991649866104 0.675765085220337 0.709665828943253 0.65243524312973 0.545080968737602 0.793521308898926 0.553384876251221 0.677289879322052 0.716664081811905 0.815661579370499 0.669110035896301 0.727969372272491 0.782362186908722 0.67831444144249 0.911593401432037 0.923432517051697 0.843100041151047 0.807158017158508 0.722191816568375 0.638136166334152 0.688404434919357 0.725406193733215 0.712578642368317 0.7483189702034 0.595269727706909 0.763087165355682 0.80094079375267 0.759094226360321 0.747609561681747 0.751045387983322 0.791569364070892
0.996779268980026 0.977684277296066 -9999 -9999 -9999 -9999 -9999 -9999 0.900564187765121 0.892997294664383 0.766011589765549 0.772130817174911 0.585895037651062 0.475881651043892 0.591289794445038 0.612612241506577 0.58324493765831 0.612122893333435 0.514855226874351 0.501216745376587 0.423104134202003 0.451081594824791 0.611561018228531 0.61146399974823 0.30427842438221 0.741056752204895 0.735879558324814 0.525142961740494 0.535319459438324 0.62119140625 0.743866294622421 0.777829140424728 0.82508003115654 0.80035742521286 0.830658453702927 0.740034955739975 0.871375805139542 0.806221282482147 0.726595681905746 0.467473405599594 0.579872810840607 0.703149676322937 0.681105214357376 0.687701964378357 0.591010409593582 0.672721767425537
-9999 -9999 -9999 -9999 -9999 -9999 -9999 -9999 0.724914675951004 0.777933847904205 0.742165273427963 0.808802634477615 0.545432233810425 0.771658331155777 0.538739302754402 0.644238817691803 0.721815627813339 0.686478048563004 0.530929785966873 0.615435993671417 0.399327275156975 0.560759162902832 0.525303509831428 0.756911641359329 0.810251611471176 0.7515509724617 0.634130996465683 0.546076440811157 0.465303727984428 0.510269820690155 0.514833217859268 0.614521896839142 0.77969656586647 0.789761132001877 0.894360947608948 0.919731026887894 0.870428651571274 0.631876903772354 0.505753734707832 0.654193204641342 0.553392612934113 0.718112510442734 0.724528431892395 0.67375962138176 0.620935708284378 0.663388222455978
-9999 -9999 -9999 -9999 -9999 -9999 -9999 -9999 0.416928061842918 0.457851049304008 0.468303027749062 0.450215339660645 0.738825345039368 0.870552998781204 0.770502400398254 0.710600143671036 0.760899096727371 0.594741767644882 0.676336830854416 0.692694479227066 0.702076011896133 0.624875807762146 0.773057508468628 0.733784395456314 0.704098516702652 0.779039204120636 0.604608327150345 0.51496587395668 0.709143996238708 0.738397425413132 0.767975878715515 0.81628041267395 0.811225485801697 0.940094888210297 0.93444864153862 0.892011320590973 0.815900588035584 0.881602382659912 0.851685518026352 0.827103233337402 0.778077644109726 0.695442354679108 0.768485927581787 0.741215759515762 0.787104278802872 0.698969453573227
-9999 -9999 -9999 -9999 -9999 -9999 -9999 0.920166939496994 0.465887039899826 0.411275368928909 0.630259966850281 0.460526406764984 0.657852762937546 0.845353776216507 0.719339895248413 0.76445717215538 0.837789511680603 0.76734961271286 0.759888571500778 0.886482971906662 0.769061893224716 0.834797161817551 0.789272230863571 0.85570821762085 0.877628356218338 0.832696163654327 0.817231476306915 0.862149786949158 0.787858694791794 0.698533195257187 0.69671140909195 0.770749324560165 0.841899567842484 0.855630016326904 0.905490553379059 0.8073794901371 0.833451211452484 0.72659450173378 0.749911570549011 0.747474604845047 0.733058488368988 0.799785208702087 0.701718109846115 0.743583089113235 0.757427603006363 0.727757376432419
-9999 -9999 -9999 -9999 -9999 -9999 -9999 0.922736191749573 0.501761683821678 0.502380380034447 0.376189544796944 0.444371291995049 0.73069931268692 0.507188472151756 0.744566464424133 0.647741216421127 0.762627184391022 0.769468140602112 0.697205072641373 0.625284457206726 0.935960680246353 0.837178987264633 0.859137135744095 0.792596709728241 0.784808188676834 0.887633061408997 0.846971696615219 0.843645226955414 0.873489373922348 0.867077219486237 0.90326983332634 0.792933183908463 0.894513362646103 0.796681886911392 0.816375827789307 0.702925890684128 0.83087797164917 0.787550401687622 0.727022713422775 0.676976400613785 0.760084056854248 0.697449344396591 0.63153218626976 0.664211529493332 0.693076056241989 0.730255645513535
-9999 -9999 -9999 -9999 -9999 -9999 0.943739771842957 0.43773298561573 0.624752980470657 0.745685112476349 0.615855312347412 0.469794583320618 0.508388406038284 0.606742686033249 0.532397058606148 0.558277040719986 0.576576799154282 0.675547260046005 0.746479219198227 0.743731397390366 0.920464211702347 0.968350321054459 0.937450397014618 0.924951183795929 0.975592076778412 0.882631677389145 0.931918954849243 0.86508612036705 0.858198100328445 0.861634600162506 0.896147114038467 0.878705328702927 0.897596496343613 0.660500711202621 0.677973192930222 0.66418377161026 0.67844335436821 0.653223717212677 0.626495218276978 0.620729643106461 0.72677281498909 0.69223992228508 0.761135333776474 0.626951122283936 0.571172446012497 0.584937191009521
-9999 -9999 -9999 -9999 0.967451989650726 0.748377948999405 0.574194413423538 0.590408283472061 0.418265727162361 0.462248048186302 0.586390709877014 0.742231565713882 0.608552700281143 0.496381571888924 0.513398233056068 0.605765527486801 0.529148262739181 0.771835625171661 0.646645563840866 0.784195065498352 0.778973615169525 0.877560085058212 0.947007524967194 0.927885466814041 0.938781666755676 0.938589602708817 0.788042765855789 0.890208691358566 0.885043543577194 0.860155248641968 0.939650237560272 0.834587645530701 0.61655660867691 0.577870160341263 0.691462051868439 0.669657897949219 0.680068463087082 0.675630736351013 0.762956792116165 0.742593055963516 0.744697761535644 0.833280980587006 0.690812522172928 0.702646315097809 0.58937149643898 0.552794253826141
0.916908848285675 0.671379762887955 0.517093616724014 0.489047431945801 0.464083957672119 0.554611933231354 0.626281785964966 0.549757832288742 0.57152139544487 0.440064489841461 0.510859379172325 0.486174696683884 0.481429541110992 0.502622783184052 0.506953197717667 0.533407413959503 0.671714317798614 0.784260791540146 0.794004547595978 0.482265675067902 0.583890628814697 0.569136947393417 0.736268270015717 0.874236685037613 0.837854671478272 0.628454011678696 0.800619226694107 0.875807613134384 0.788058269023895 0.766441297531128 0.775454795360565 0.725345188379288 0.804024642705917 0.536389631032944 0.672882062196732 0.665726572275162 0.77298492193222 0.733581811189651 0.733588624000549 0.628336226940155 0.731109064817429 0.756900072097778 0.755006039142609 0.603909784555435 0.413742512464523 0.466762453317642
0.51602411866188 0.578721970319748 0.699526232481003 0.461139586567879 0.643521726131439 0.435886496305466 0.55163865685463 0.624565595388412 0.445647031068802 0.439512860774994 0.476634448766708 0.482569152116776 0.460362991690636 0.480786129832268 0.496895316243172 0.703155493736267 0.764499801397324 0.817692071199417 0.789191633462906 0.811255043745041 0.727369195222855 0.618546426296234 0.446331888437271 0.446845054626465 0.689967906475067 0.622124058008194 0.691744893789291 0.741204786300659 0.683901506662369 0.582346570491791 0.570897901058197 0.661996567249298 0.669980365037918 0.608273589611053 0.628964823484421 0.599361795186997 0.621268045902252 0.680545151233673 0.720895093679428 0.680705404281616 0.617052245140076 0.679122960567474 0.660652709007263 0.626742917299271 0.56189152598381 0.569024348258972
0.616995716094971 0.783849841356277 0.621179854869843 0.86556196808815 0.856995111703873 0.562502831220627 0.54563444852829 0.614060407876968 0.443883556127548 0.685756957530975 0.716448134183884 0.533030182123184 0.584664177894592 0.654559630155563 0.731178522109985 0.618057006597519 0.708031642436981 0.789493334293365 0.837724936008453 0.762653303146362 0.690005451440811 0.633770573139191 0.432266411185265 0.451011410355568 0.437073603272438 0.398110112547874 0.70411696434021 0.635228216648102 0.611638754606247 0.507960247993469 0.524924322962761 0.458738967776299 0.382480806112289 0.604809504747391 0.599183768033981 0.554985392093658 0.520913988351822 0.653966861963272 0.656399369239807 0.626127469539642 0.681862187385559 0.661970978975296 0.640846562385559 0.707030516862869 0.630777096748352 0.624356520175934
0.472909075021744 0.444454696774483 0.617086964845657 0.571086829900742 0.66617146730423 0.700768148899078 0.67198731303215 0.414169615507126 0.590512102842331 0.435157161951065 0.585013896226883 0.484167408943176 0.738813728094101 0.779070687294006 0.680500715970993 0.667800712585449 0.685385149717331 0.696795761585236 0.57500524520874 0.682566595077515 0.690068405866623 0.718977963924408 0.595826691389084 0.628710740804672 0.534227210283279 0.670401757955551 0.615409153699875 0.825686156749725 0.662470006942749 0.56805956363678 0.751401090621948 0.534496939182281 0.432147794961929 0.494954869151115 0.604697942733765 0.643668675422668 0.546980214118957 0.432933032512665 0.679805546998978 0.637888211011887 0.630372053384781 0.595583468675613 0.581851691007614 0.711456036567688 0.45474619269371 0.624432790279388
0.51838484108448 0.457516950368881 0.472780925035477 0.365882083773613 0.614769232273102 0.551366633176804 0.604636573791504 0.673976892232895 0.683802300691605 0.710258013010025 0.800184142589569 0.656710767745972 0.752641868591309 0.782373797893524 0.633185464143753 0.445038989186287 0.644717311859131 0.472792246937752 0.706933611631393 0.598322981595993 0.661540442705154 0.757277822494507 0.522490721940994 0.383111873269081 0.434612515568733 0.520751202106476 0.396740671992302 0.589530420303345 0.404329362511635 0.48003049492836 0.38670172393322 0.232947443425655 0.441809126734734 0.531489726901054 0.599934935569763 0.603227978944778 0.399083098769188 0.497975650429726 0.607383686304092 0.474976387619972 0.475003370642662 0.416548624634743 0.644424253702164 0.522361159324646 0.633575755357742 0.587220788002014
0.614110541343689 0.373781198263168 0.393734490871429 0.367054006457329 0.458515512943268 0.308613193035126 0.474257698655128 0.383875021338463 0.727208822965622 0.733400535583496 0.708825397491455 0.344265708327293 0.351069915294647 0.617264080047607 0.742115253210068 0.734633749723434 0.648675161600113 0.617271339893341 0.55169118642807 0.562215715646744 0.538517823815346 0.462853965163231 0.30157199203968 0.329240617156029 0.387382501363754 0.338214373588562 0.376839819550514 0.464371505379677 0.370454201102257 0.388238409161568 0.196037863194942 0.195640468597412 0.473993960022926 0.363932138681412 0.522464236617088 0.288546806573868 0.267678940296173 0.32318440079689 0.334185227751732 0.349099403619766 0.411224266886711 0.521716338396072 0.58084277510643 0.519320577383041 0.499243149161339 0.389601948857307
0.659135776758194 0.535706013441086 0.525170457363129 0.413454103469849 0.337246975302696 0.365383440256119 0.580414032936096 0.42089963555336 0.577900016307831 0.76778090596199 0.776309233903885 0.679563730955124 0.392403426766396 0.76109744310379 0.773685157299042 0.55375924706459 0.570538818836212 0.376636344194412 0.3605877161026 0.301444220542908 0.435554230213165 0.282269874215126 0.299556976556778 0.326822152733803 0.282654890418053 0.505687642097473 0.41826691031456 0.162325716763735 0.42917397916317 0.389237773418427 0.308375331759453 0.203612631559372 0.213303865492344 0.503558766841888 0.281521181762218 0.488944217562675 0.387982234358788 0.350338742136955 0.378935140371323 0.517605146765709 0.477934044599533 0.588106614351273 0.527029258012772 0.157719719409943 0.450820133090019 0.479655635356903
0.338971984386444 0.529060074687004 0.440923461318016 0.359684988856316 0.425116485357285 0.488535118103027 0.425244656205177 0.429214641451836 0.647137242555618 0.557630097866058 0.533716642856598 0.761579304933548 0.757223826646805 0.728920179605484 0.668201172351837 0.484165742993355 0.526198178529739 0.519374743103981 0.445671528577805 0.265522484481335 0.367067405581474 0.231404642760754 0.28346745967865 0.295640155673027 0.327316799759865 0.434827014803886 0.602903950214386 0.352034214138985 0.383857834339142 0.223823638260365 0.219977222383022 0.183965675532818 0.118913120776415 0.233357180655003 0.35518664419651 0.56774542927742 0.588086724281311 0.392738619446754 0.333079373836517 0.521718263626099 0.655186927318573 0.646289175748825 0.440519496798515 0.255008162558079 0.631475919485092 0.369104215502739
0.464600124955177 0.372876557707787 0.515514501929283 0.577513581514358 0.409009844064713 0.436400106549263 0.606581395864487 0.551410114765167 0.348069018125534 0.350195655226707 0.404311150312424 0.472078096866608 0.574007415771484 0.618443959951401 0.693521773815155 0.500632929801941 0.504968526959419 0.481977355480194 0.300463661551476 0.247866056859493 0.233383232355118 0.260281190276146 0.30843286216259 0.313885092735291 0.55712651014328 0.399432012438774 0.240520161390305 0.259691858291626 0.33535820543766 0.23171198964119 0.216291949152946 0.125109602510929 0.283201456069946 0.224065980315208 0.261493515968323 0.540040773153305 0.384674766659737 0.388928323984146 0.6492411673069 0.683228212594986 0.735497462749481 0.7616639316082 0.589582699537277 0.322407832741737 0.471009540557861 0.490759202837944
0.294537553191185 0.380045789480209 0.347750994563103 0.37220895588398 0.384044590592384 0.391502174735069 0.384187537431717 0.35595828294754 0.316937464475632 0.30784872174263 0.319784355163574 0.333774521946907 0.431606370210648 0.543841150403023 0.645166581869125 0.363957044482231 0.370192223787308 0.492303767800331 0.351627027988434 0.364283457398415 0.471154069900513 0.443909484148026 0.483566600084305 0.482646098732948 0.336306911706924 0.413417622447014 0.312684559822083 0.178643289208412 0.223542022705078 0.140967939794064 0.188667865097523 0.247375386953354 0.295793551206589 0.373163625597954 0.46536650955677 0.424238762259483 0.596973311901092 0.566305047273636 0.653761887550354 0.762074440717697 0.72697828412056 0.700520771741867 0.433587336540222 0.367284324765205 0.397295337915421 0.500744596123695
0.478852209448814 0.273586851358414 0.324467903375626 0.439996832609177 0.335507836937904 0.335226014256477 0.3342757999897 0.336214795708656 0.276774680614471 0.311242789030075 0.272695609927177 0.313055071234703 0.310212484002113 0.314322707056999 0.539745685458183 0.457452857494354 0.456207978725433 0.562722724676132 0.342173165082931 0.3072231143713 0.349189189076424 0.376861235499382 0.241393223404884 0.369385972619057 0.476842761039734 0.269437970221043 0.165928849577904 0.183136862516403 0.273967534303665 0.228603613376617 0.411306795477867 0.410486090183258 0.196746008098125 0.374501463770866 0.417177531123161 0.540785321593285 0.67930149435997 0.74501925110817 0.745663261413574 0.93878852725029 0.909533828496933 0.642290127277374 0.362995180487633 0.473200958967209 0.374733239412308 0.557476961612701
