Maxent_result_files_2/B_pratorum_2.asc
NCOLS 594 
NROWS 330 
XLLCORNER -15 
YLLCORNER 23 
CELLSIZE 0.166666666666667 
NODATA_value -9999 
[rows 240 to 259 of 330, columns 506 to 551 of 594]
0.00042617314029485 0.00023089124733815 0.0004463928489713 0.000787705054972321 0.00266766800777987 0.00171361723914742 0.00740395095199347 0.00656329961493611 0.0111809837631881 0.00769401813740842 0.00575775709148729 0.00442138325888664 9.41722295064729e-05 8.32774649229484e-05 7.94922809654208e-05 0.0001545674875854 0.0011654869825428 0.00214361724614649 0.000744847761766754 0.000293178594010213 2.40273862698537e-05 2.92555933596561e-05 3.1839350731e-05 1.86693239795255e-05 1.84721026620149e-05 2.54172378169715e-05 3.40239268911691e-05 3.59996701423504e-05 3.41067688249153e-05 3.11994699575102e-05 2.0383433715121e-05 1.50741068046467e-05 9.94270718572832e-06 1.76048853546718e-05 3.32589518276638e-05 1.08819518848224e-05 2.33684586793514e-05 6.06130739639887e-06 5.4105442151231e-06 4.49647222728888e-06 4.17622667417961e-06 2.47845295296978e-06 2.51287577610615e-06 2.1702512349564e-06 1.17460771564826e-06 7.28412466355355e-07
0.000246167654404417 0.000195908875321038 0.000295249179180246 0.00110081427264959 0.00375353468116373 0.000821921194437891 0.0039296209346503 0.0074689382687211 0.0115054955007508 0.00618274574517272 0.0048509553540498 0.00393826998770237 0.000170270610742829 4.87943539932423e-05 0.00021060165865241 0.000123388792919388 8.11862972467825e-05 4.60712079549563e-05 3.23816701413016e-05 3.65739765371909e-05 1.9853675997672e-05 2.70479886340436e-05 4.97649999022132e-05 4.34741349754408e-05 3.6998645215458e-05 2.97745636946178e-05 3.43436544649967e-05 2.20297407553249e-05 2.32463443412323e-05 1.98639345433294e-05 1.79256049003929e-05 1.45626813159883e-05 1.12181459213878e-05 5.09668457765455e-06 3.12524144548965e-06 1.23130488923429e-05 9.6373021276297e-06 8.75324605810191e-06 1.15060266648537e-05 3.91816545316503e-06 3.47823724600183e-06 3.59130115780149e-06 2.80742052425342e-06 1.77233500341378e-06 1.4308555560727e-06 1.16411454440524e-06
4.02380348532461e-05 0.000160540357319405 0.000118693481636001 0.000400878343498334 0.000317360655753873 0.000517373959883116 0.00217820212710649 0.00288159421179444 0.0072192829567939 0.00302477551158518 0.00423162069637328 7.35228435520319e-05 7.63076177147548e-05 6.24613499458304e-05 5.67193661871523e-05 0.000107381209929025 0.00104061906347818 0.000633575205998704 2.09885206783333e-05 2.49629579616162e-05 5.68970309186567e-05 0.000108091778369124 7.00843603087975e-05 7.08204737494e-05 1.72482590517609e-05 6.28445045718351e-05 6.91038191570903e-05 3.16052291554736e-05 2.52282156081529e-05 1.70841374633524e-05 1.28925834682936e-05 1.22044973258628e-05 1.63614507138199e-05 9.88464976550141e-06 2.08993265675694e-06 3.87476417498256e-06 1.18467215547091e-05 1.28697237999797e-05 1.52638846431685e-05 4.34045890560508e-06 6.10762695432143e-06 4.22830061205248e-06 3.84846408784112e-06 2.89721157969991e-06 3.93332598174201e-06 3.66442954315982e-06
6.92178065946791e-05 0.000163479681214085 0.000261525268433616 0.000813078950159252 0.000802216795273125 0.00136574578937143 0.00257279773941264 0.00279202749952674 0.0034640843514353 0.00153090830426663 0.00320409385021776 0.00573885003104806 0.00186844584532082 1.98294566621016e-05 5.13853078205728e-05 5.6556620545356e-05 6.50807319304669e-05 5.35059325055598e-05 2.37444717946733e-05 3.31852640993335e-05 2.29836391124838e-05 5.12290684041794e-05 8.49702027791555e-05 4.05089885819554e-05 3.2091570791215e-05 3.46488093724173e-05 1.29610551216852e-05 2.91339758774045e-05 7.06385461040071e-06 8.64617479744423e-06 3.72389528357164e-05 2.79776276891019e-05 9.03034148556081e-06 6.15872891482905e-06 1.48051198312071e-06 2.55134172697513e-06 2.56928632138775e-05 1.7698813708944e-06 1.24689830835689e-05 2.92862989602183e-05 8.16306225807084e-06 5.29680476698546e-06 5.81091835533121e-06 4.4402797012566e-06 2.91596753783097e-06 2.67034328622628e-06
8.94352026080014e-05 0.000112305794027634 0.000178490123653319 0.000731236470164731 0.000678207672899589 0.000438921409659088 0.000626635030494072 0.00128576815477572 0.00209873095154762 0.000813315383857116 0.00165033995872363 0.00902603054419161 4.15533638424836e-05 0.000100263668771994 7.45667652963578e-05 0.000101498182213755 4.35833645790806e-05 4.70506580266261e-05 1.94088591252251e-05 4.94874047303528e-05 2.01995200299732e-05 7.78914406071363e-05 3.74412403661095e-05 3.57474646534683e-05 6.51827109114489e-05 2.37817356298686e-05 1.61346914809291e-05 1.51472096229011e-05 1.24918545155728e-05 1.53556692798262e-05 6.27645842519176e-06 4.57929341762808e-06 4.17151169772589e-06 2.58434080083747e-06 2.33215525129449e-06 2.69336192395553e-06 1.32229691968799e-05 2.61848407626664e-06 2.59041927934689e-06 1.32732798147739e-05 1.06055512693382e-05 5.73272210884213e-06 1.70269834295356e-06 3.84236932921e-06 2.97308944353647e-06 2.27128935915699e-06
8.07517400971847e-05 8.98180966032669e-05 0.000281522548175417 0.000455874379258603 0.000131665785011137 0.000223208288662136 0.000613751146011055 0.000486969502526335 0.00095631827134639 0.00249145865673199 0.0042234746273607 0.00162700163200498 3.76990102838426e-05 9.25699402093305e-05 0.000181744325385647 4.17576611220216e-05 0.000148210326363973 0.000250215055374448 0.000164807284470236 8.83007492397225e-05 5.98633386201142e-05 3.75149661207774e-05 0.000150343772207939 0.000101826627591783 3.36918793016672e-05 1.14018868903387e-05 1.38977277152508e-05 1.06097592097343e-05 8.34533936442394e-06 1.36905874703164e-05 4.81464643229401e-06 5.74433758923076e-06 3.99946315995381e-06 2.90527942791163e-06 1.91792039085925e-06 1.94036621763427e-06 8.93200006365502e-06 1.48677009280673e-06 1.6450372054666e-06 2.95867440691433e-05 1.08172593919154e-05 6.73129140423834e-06 9.35093930075626e-06 1.94642717895932e-05 4.91293425037842e-06 5.24361835010367e-06
7.95933734480059e-05 7.30121428205166e-05 7.32796728698304e-05 0.000141225816332735 0.000137955855461769 0.000323619546543341 0.00088615053682588 0.00196640620706603 0.00230006617493927 0.00152028766460717 0.0011764922994189 0.0125547996472278 0.000123668707532465 0.000118807325703241 0.000784426226582524 0.000161632274585344 0.000186100967189151 8.97422543138182e-05 3.46892509944019e-05 9.66774983325647e-05 7.34391844972371e-05 6.02070991712056e-05 4.94254667650074e-05 6.72110157930894e-05 2.95908258668209e-05 1.92639188355104e-05 2.24199837675299e-05 1.91507523683243e-05 5.99245943153637e-06 1.50342112118618e-05 1.33517202108524e-05 8.82776205530789e-06 6.55111578110601e-06 5.14276273007042e-06 3.46126502106525e-06 2.34287326679183e-06 9.97172146943725e-07 1.14829568097496e-06 1.12925656313712e-06 3.24584307837106e-05 1.8088893015078e-05 1.07643175110139e-06 1.37015112372518e-06 8.85544256989945e-07 2.11623884283085e-06 1.31365200177758e-05
0.000125340639351634 0.000320454980828799 0.000162711652228609 0.000494344043545425 0.000409200057038106 0.000972406903747469 0.00142660168930888 0.00442116619087756 0.00417470911052078 0.000966337905265391 0.00153267402201891 0.000173667295335633 0.000243577955533802 4.16954056254748e-05 0.000132900726090035 0.000119472291527967 7.65757687729018e-05 0.0015466344620424 0.000839941203319383 0.000105135482376928 0.000135648771760921 5.96045114688915e-05 8.11276769510538e-05 9.87771165796514e-05 6.65118771857265e-05 4.05848643371232e-05 5.40627579339592e-06 1.86789421718347e-05 2.7817670273711e-05 1.29641717585893e-05 1.18071285470034e-05 1.00640990297052e-05 4.94677203336624e-05 1.07841766527561e-05 4.05961499446716e-06 2.25801574890161e-06 1.7393007356814e-06 5.06409586897849e-07 1.24206652631909e-06 1.38811878943601e-06 3.0804916655025e-05 7.01304870021069e-07 5.1960940090634e-07 7.67652563038457e-07 4.93114614064094e-07 9.55195719876123e-07
7.60475038987352e-05 0.000115086225559935 0.000206328902277164 0.000534669784246944 0.0020969545817934 0.000879396212985739 0.00219952159095556 0.00945050274021924 3.29100519275816e-05 0.000571992984623648 0.00013704440852047 0.00012852222024955 0.000100701061299691 9.33839079025001e-05 0.000118887210609642 0.00146357260759169 0.00324602744303686 0.000507719710646803 6.67124767722127e-05 4.50128333041921e-05 0.000152382388395866 6.20013278361475e-05 0.000163834999763357 7.18851040772517e-05 3.64163861746536e-05 6.85078777938109e-05 2.22370026778496e-05 7.19607906870201e-05 2.11383510828278e-05 9.7956068588867e-06 2.03462326346937e-06 7.55504210181446e-06 1.70321715060595e-05 1.86977485553297e-05 8.90911268527361e-06 3.80811600346753e-06 2.40066200678513e-06 1.83161625944006e-07 7.26160756303606e-08 6.43625850395013e-06 4.02127839655431e-05 1.19454320226864e-05 6.53517670923254e-06 2.76059459680678e-07 2.28243932376415e-07 2.22106635394681e-07
0.000197116502386052 0.000425841481774114 0.001826252322644 0.000882793572964147 0.00289000384509563 0.00416434218641371 0.0078017053194344 0.00120469302491983 3.62799973004258e-05 0.000189842442366461 8.48390928334108e-05 0.000346081964852951 0.000206461069263386 0.00119697991914109 0.00478747949225635 0.0052861777815906 0.0002060474444044 8.21949766778296e-05 7.36036010667074e-05 0.000114743759158253 8.05488326610537e-05 0.000245696054749223 9.65027401707674e-05 0.000106660374506407 0.000114816379885652 5.75751752197151e-05 3.75783280601061e-05 0.000107466548655155 5.76157277765055e-05 3.35673629406341e-05 3.39186029125083e-05 1.87882395824679e-05 1.40912966412055e-05 1.57069425822609e-05 4.36793900187027e-06 4.98911259741996e-06 1.20610679458455e-05 2.16892161358784e-06 1.94949787397647e-06 1.73245683644518e-06 3.87078828953946e-06 7.47971852643747e-07 7.58349413898518e-07 1.20452005195615e-06 1.30406915490489e-05 3.88051287636415e-07
0.00120728930342011 0.000814373209141195 0.00592050508130342 0.00133440630161203 0.00211896642576903 8.53196304320569e-05 0.000336705932078019 0.000149693292414232 0.000118047752997108 0.000527859580266998 9.99627170070849e-05 0.000168590613604358 0.00176280725960503 0.000161607512966699 0.000204520343922421 0.00404825352622336 0.0001441236550213 7.64972633384486e-05 5.43466859517006e-05 0.000112624411719509 7.90887519689254e-05 9.17489772599533e-05 0.000129343907360746 5.50272488078929e-05 0.000430616546841045 0.000175663612623844 0.000941783155663067 5.12850369785545e-05 3.88380769938301e-05 9.66595311040042e-05 0.000259612237304685 6.21003664960762e-05 3.9212534420896e-05 1.6169962283763e-05 3.9204833890083e-06 1.80274970662531e-07 1.9942917609983e-06 1.77325004625528e-06 1.15281112198495e-06 8.81426426513343e-07 6.34441663538432e-08 1.40519905680314e-06 3.06954728723774e-07 5.10126555552937e-07 3.92470927046418e-07 3.96771527599871e-07
0.00089372840593569 0.000631580938352272 0.00144631958683021 0.00485540591180325 0.00438032578676939 0.00025171600836984 0.000112662852404788 0.000128489529554077 0.000206666233892117 0.000265157967984209 0.000125139727105117 0.000108875435723688 0.000138578096201436 0.000280197200187215 8.53674625555634e-05 0.00032467798705178 0.000123341661219412 0.000446320000057576 0.000197976691196955 0.00021136713792298 0.000246746945641296 8.2402495987155e-05 0.000206683570091792 0.000199966176704891 0.000129990409875091 0.000187013735231378 0.000163950970241267 0.000290484230651522 0.000306081763081534 0.000229101544789501 0.000107263483078923 4.48040322104326e-05 1.21592566634021e-05 7.4668208415174e-06 1.36692205404909e-05 4.48621735512633e-06 2.68852165075106e-06 7.28669702054763e-07 3.03052443906271e-07 3.43466165386719e-07 2.3426406114968e-08 2.52550166923715e-07 1.7495724597083e-06 4.58368940181586e-07 1.18131627302454e-07 9.71418591344531e-08
0.00116105154738761 0.00106948532629758 0.0022093434818089 0.00546333785168827 0.00647540132170549 8.97992393624869e-05 0.000124471939306603 0.000133605324250619 0.00020814753230507 0.000302634525555556 0.00472812963744218 0.000228579066914125 0.00050895787414329 0.000315410718524223 0.000238887162407941 0.000134310641202529 0.000467834921802368 0.000537759968295992 0.000385049543078519 0.0013936195182973 0.000352264907467781 0.000354142330344398 0.000187108591672269 8.12712422985529e-05 0.000178804825658396 0.000118411318264222 0.000176937832338808 0.00195028943724416 0.00638523292727768 0.000440736225607452 0.000138607699678817 0.000244176963962284 0.000346746380006357 1.85644269108609e-05 2.2499293327205e-06 7.09519472689157e-06 7.50944297549516e-06 4.79067281344836e-07 2.78820476884434e-07 4.6804734575856e-07 1.41287837318593e-07 1.82498597456338e-08 1.7152279119248e-08 3.31238860784566e-09 2.71188222777941e-07 7.44309637257246e-08
0.00111870157998055 0.000827749144851619 7.50914585646134e-05 6.80451178963093e-05 5.43354137772067e-05 0.000102896232484062 0.000138710837952583 0.00010682479881442 0.000128440053035861 0.000136214736758378 0.000114514454694892 0.00040364683972729 0.000139673271571628 0.00044803687725361 9.01187273111392e-05 0.00056286211432135 0.000469753939382511 0.00858574364894622 0.00154698302253982 0.000759239512808529 0.000610687600480142 0.000255890974362583 0.000169006709298369 0.000187646187582469 0.000349369631262242 0.000670364655923095 0.0389755977317691 0.0304635735228658 0.00402038558423256 0.0073689604178071 0.0173059816472232 0.000152002056546685 0.000287979573034391 9.25997426804104e-05 3.04445753151805e-05 3.31056257675044e-05 1.67188636864823e-05 1.24162051818866e-05 6.43179560226859e-06 8.06736687458676e-06 1.356519279061e-06 1.25167914093449e-06 5.93893588640704e-08 2.23494656670375e-08 1.21358494253876e-08 8.90939192532692e-08
0.000783751995186321 0.00202634093584493 5.80524679550165e-05 1.99709227645783e-05 5.80234995561368e-05 0.0001269780149731 9.66522390523528e-05 0.000145862407318387 9.8571098626532e-05 0.000142021621591482 0.000246173115121495 5.90696106670618e-05 0.000147971940608738 0.000341208359560241 0.00462145931087434 0.0023507239356085 0.00115271430804542 0.00832057703592 0.000692775375977317 0.00171595723207929 0.00211878003296704 0.000899515683902674 0.020605524846178 0.00313515688058033 0.0184133969221648 0.0124827900901437 0.00321428291499615 0.00717225805856287 0.0177854594774544 0.0584755524356297 0.0164898119866848 0.000353313896093077 0.000237451849649128 0.000419884826098826 0.000320249540253403 9.24986238936887e-05 2.44774961254524e-05 2.77238350358755e-05 1.0545016457586e-05 2.46412326468937e-06 2.89878961016177e-06 1.31425397642548e-07 7.14061900164431e-07 3.47807983080983e-08 2.52402589828726e-08 1.02983745198237e-08
0.00487306560389698 5.51021306407051e-05 1.62218388700675e-05 6.31678673721825e-05 6.43246732419778e-05 6.46650124991099e-05 8.00430610289116e-05 7.81688164678052e-05 0.000250715229814347 0.000340471313131729 0.00353729215008023 0.000315499213866133 0.00666731707751751 0.00731513225473464 0.0129229911603034 0.0877886429429054 0.167870686948299 0.153065618872643 0.0724906343966722 0.085634945333004 0.0165221060189651 0.0692754634085785 0.036001417323132 0.00156966282738722 0.0377191336941997 0.0346042292537595 0.0485598102211952 6.17055316855186e-05 5.1814832893271e-05 5.4661453814675e-05 0.000435104007849318 0.0038800081687441 0.00203578097030004 0.0013265680452605 2.05343190821106e-05 2.07882049418129e-05 6.7674814382257e-05 0.000151490245257424 7.2427428163635e-05 3.42595446392036e-06 3.37561129053476e-06 2.14587974481928e-06 2.873921883495e-06 2.28324384599077e-07 2.85907796226947e-07 1.8060025308575e-08
3.20347386264075e-05 8.41476352889003e-05 8.24860991656351e-05 0.00442862757481635 3.15764850393974e-05 1.71618591302325e-05 0.00011000044892171 0.0100130565464497 0.00253547473112121 0.013373454567045 0.014370951615274 0.0134145314339548 0.0067973013035953 0.00604580361396074 0.0518586594611406 0.0100949080195278 0.0763935327529907 0.178201559185982 0.163176477700472 0.369840137660503 0.0456281404476613 0.10008801985532 0.0289670245503063 0.0214215440675616 0.112302085128613 0.0595997076481581 0.0680781967937946 0.0622247669845819 0.0763736560940742 0.102719443448586 0.00397504266181841 5.30553898919872e-05 0.000130208566666845 9.353895905031e-05 1.85705146185655e-05 1.02076163068898e-05 6.46545680106358e-06 0.000298980178908614 3.37994977228973e-05 5.38073870951505e-05 9.42953621254627e-06 2.27165811573671e-05 4.11102598108726e-05 6.87916181471015e-06 1.13179305483158e-06 1.18304422069837e-07
0.000885761261451989 0.00170197472907603 0.00291045600315556 0.00467654927633703 0.00446520876139402 0.00234211437636986 0.00124665038310923 0.00316122778458521 0.00345082132844254 0.00520864264108241 0.0165753218345344 0.00505043715238571 0.00357384127564728 0.0114530751015991 0.00304809301160276 0.0083443854469806 0.0112889407202601 0.112939224392176 0.0187290975823998 0.0581128906458616 0.262456035614014 0.0107970483135432 0.016476227901876 0.475408479571342 0.0700185299851 0.0218875253660372 0.0216742148157209 0.03082111524418 0.0341904107481241 0.00823751931584411 0.00227178968752568 0.00452856977121314 0.0106383187463507 0.000185235354276259 6.98707328386727e-05 0.000235444400641427 1.36198072127502e-05 1.29459129585507e-05 1.74989798294778e-05 4.47048837822872e-05 4.09419207275663e-05 3.7176152058227e-06 8.36212222697918e-06 2.36575243447446e-06 1.17183039328728e-06 1.96309993560906e-07
2.80821756526439e-06 0.000198547290347051 0.00218577518826351 3.84379696737325e-05 0.00250783630181104 0.00276313828071579 0.000296955317026004 0.00546520126517862 0.00839666528627276 0.00284303613007069 0.00222984526772052 0.00128642020281404 0.00244518923573196 0.0020619353512302 0.00104520648601465 0.00221149568678811 0.0113237311132252 0.0038010740885511 0.00227603138191625 0.00981351309455931 0.0160023861564696 0.00368300734553486 0.0703884467482567 0.176656211912632 0.0301292581949383 0.0726965865002466 0.0397859118878841 0.0136166940144903 0.0192885953350924 0.0580449055880308 0.0400112732662819 0.0146674416454516 0.00394930314082558 0.000284647168348329 0.000737762160679267 0.00238451407058164 5.45173814907596e-06 1.89001232501318e-05 3.5758034179656e-06 3.5639147196953e-06 1.88106708594371e-05 4.53686095213235e-05 1.67525031193883e-06 3.87483562882207e-05 7.00683689088044e-05 8.02331156224412e-07
5.90852933783026e-05 6.09835011415982e-05 0.000700771156698465 0.00198717211605981 0.000134286401589634 0.000109983922084211 0.000690075813326985 0.0105181120336056 0.0112110037822276 0.000931798695819452 0.000383018027059734 0.00167784463847056 0.000569902602001093 0.000392287861905061 0.00051214839622844 0.00286892678122967 0.0010531873209402 0.000884369720006362 0.0016346103977412 0.00932866395451129 0.00310939743649215 0.00147046929923818 0.00809746780432761 0.198865523934364 0.313413539560281 0.163019332289696 0.211252734810134 0.941059303283691 0.266065726801753 0.152499955147505 0.104853511601686 0.116448161005974 0.106017105281353 0.0349909856915474 0.00846947231329978 4.5614058775989e-05 3.0011455703649e-05 2.32324132930728e-05 1.96343534108467e-05 7.99314804150741e-06 4.2159442195544e-05 1.79525619403154e-05 2.06264884115015e-06 6.00295431685272e-07 3.90941396033462e-07 3.04009150516871e-06
