Maxent_result_files_2/B_pyrenaeus_2.asc
NCOLS 594 
NROWS 330 
XLLCORNER -15 
YLLCORNER 23 
CELLSIZE 0.166666666666667 
NODATA_value -9999 
[rows 60 to 79 of 330, columns 450 to 494 of 594]
3.12327971263571e-09 2.81845891070276e-09 2.0502564312963e-09 2.19163509562748e-09 2.29470122903308e-09 1.91092600632103e-09 2.10054610372268e-09 1.7864879353624e-09 2.41990221194754e-09 2.55138991045456e-09 2.77655323177584e-09 3.29024629763808e-09 2.96143327638276e-09 2.73187290567023e-09 2.25423577582262e-09 2.02065869592261e-09 1.59191435589179e-09 1.67386672300651e-09 2.20849374343857e-09 3.6043464768376e-09 4.66241253382904e-09 1.23460528467234e-09 1.10670544950509e-09 4.36161118333445e-09 4.63583164078685e-09 5.52300455369803e-09 5.66059584761192e-09 5.83690253908031e-09 3.15334697242875e-09 3.07218973594203e-09 3.07958958334353e-09 1.93160940575865e-09 1.5648052631434e-09 1.40390125635825e-08 2.18022517151084e-08 9.55799344115604e-09 2.00662403360141e-09 3.92684571761892e-05 1.92221061290354e-10 1.37800841959468e-08 5.50962316880899e-09 2.27651703044174e-09 1.60314385100335e-09 7.59974183583978e-10 4.56048621089167e-10
7.01062630170668e-10 1.79411138168106e-09 1.97704292936862e-09 1.96783692674174e-09 1.77126849854048e-09 1.89762355828904e-09 1.9372156989661e-09 2.29714566257755e-09 2.48119482737508e-09 2.75963774054588e-09 3.06503453728624e-09 2.89525425856141e-09 8.20597534367806e-10 2.51809000317849e-09 7.39951755424073e-10 6.48339315567625e-10 1.6623439291763e-09 1.97407905577762e-09 9.02898167343125e-10 1.18677077054485e-09 3.99550923457781e-09 3.55830073184293e-09 9.93134141591412e-10 3.44679575992046e-09 3.23891575781943e-09 3.40291100853207e-09 2.88473896992159e-09 2.61333565898525e-09 2.58299693856046e-09 2.05257019159077e-09 1.71278207172776e-09 1.16075513645342e-09 8.75274219769295e-10 4.45608040466894e-09 1.61113168362093e-08 3.29854898950543e-07 0.0986466049509485 5.42924138757783e-08 1.73978940254393e-08 9.22853754525832e-09 1.07670782734104e-08 4.28561951482109e-09 8.047052801885e-10 4.01930788651583e-10 2.37192931962227e-10
5.91627469237466e-10 6.81974965388577e-10 5.81703907265307e-11 1.87315719601955e-09 1.61461720660228e-09 1.5790351692857e-09 1.78079966328681e-09 1.89325731758672e-09 2.23617454553349e-09 2.36989512458763e-09 2.21367401076478e-09 1.90791938914359e-09 1.51220278521436e-09 1.79267127808913e-09 1.56197728085061e-09 1.52700264655081e-09 1.15144435097747e-09 5.71013305528112e-09 9.42587141672391e-10 3.55773465132714e-09 3.79973476016815e-09 4.10067325651298e-09 7.97835894017496e-09 3.20251758445522e-09 7.23551927261923e-09 2.26217742316237e-09 2.31216258361755e-09 2.41825932612016e-09 1.56161682474121e-09 1.62043384266397e-09 1.37508465725134e-09 3.38733407989622e-10 1.25044188337142e-09 2.37325685215062e-08 0.00159471639919719 0.0229814517043087 0.0404700583493263 4.92849182465171e-08 5.82767376466897e-08 1.61177195701079e-08 2.31788901738916e-08 6.11347168444354e-09 2.95717061948864e-10 2.32612185069314e-10 4.16722067964059e-10
1.52378391016228e-09 1.74432187582951e-09 1.61852869995371e-09 1.46387117982982e-09 1.3480489613471e-09 1.19664078646053e-09 1.54758850179348e-09 1.74781605855046e-09 1.83960159327867e-09 1.76287976438871e-09 1.67759141023183e-09 1.35217321783898e-09 1.05289693630439e-09 1.07735330656666e-09 3.60802676624417e-10 1.39317967162711e-09 4.76347683520117e-10 6.08375860799981e-10 2.68608673081872e-09 3.15351720292512e-09 3.03984960536852e-09 3.68750975310306e-09 2.79509373424247e-09 1.11347038256326e-09 4.84467737038585e-09 2.03846246549233e-09 1.68071007111692e-09 1.80190525833623e-09 2.16313530421175e-09 5.42482887500029e-09 4.58318596407992e-09 1.26912229614362e-09 1.78090593383473e-09 1.48625176388251e-08 2.76148090838646e-08 1.36292834462814e-08 2.44527845749687e-08 2.06480496367512e-08 5.01167631838939e-09 3.07664835830224e-09 2.95756886870002e-08 4.14886293764738e-08 2.05461445634825e-09 5.53319112750472e-10 3.52435214345803e-10
1.31980930628828e-09 1.26802773836587e-09 1.1949623845986e-09 1.24307450999339e-09 1.14197400424843e-09 1.27363672941527e-09 1.20458027996762e-09 1.15118116150725e-09 1.20996515029503e-09 1.10444635659235e-09 8.39466274271672e-10 6.62509413995593e-10 7.64736862723936e-10 8.74368788483793e-10 1.15798202138251e-09 1.41250383611791e-09 1.38304232510933e-09 1.32155622001306e-09 4.89320239882574e-10 1.91205231647729e-09 2.22578940833884e-09 2.826946998713e-09 2.60094054072013e-09 2.96236891683677e-09 2.78789209495756e-09 2.97713341756989e-09 2.50268127333086e-09 4.29272773994072e-09 2.62828059316433e-09 3.13298467169432e-09 9.4068382194834e-09 0.0242071867507822 6.9186945061972e-11 8.07292873661325e-09 2.75894638246399e-09 1.21346773740427e-08 5.5391810471761e-09 4.07495972298833e-08 4.33005740152481e-08 7.29352043205012e-09 3.89721709348478e-09 1.90122392274006e-09 7.83062314990701e-10 8.44896508311876e-10 5.93498938883386e-10
6.24963858442129e-11 1.11346156739245e-09 1.23506674887253e-09 1.27509516278934e-09 1.06157855839228e-09 8.66703719903938e-10 1.71389036296432e-10 2.4282643673601e-10 2.81707468463566e-10 1.14139298013072e-10 3.01956126769198e-11 4.20854795457615e-11 7.996485695827e-10 1.05312693010617e-09 1.3214944916129e-09 1.26058036231669e-09 1.15770568687168e-09 8.08167199828347e-10 9.40757138856441e-10 2.8600064538864e-10 4.19962942199703e-10 6.32961238977714e-11 1.15927611954447e-10 2.2294218693375e-10 2.39704864846146e-09 2.05156784893745e-09 1.81637110907573e-09 1.57722727101017e-09 1.08183147995433e-09 2.27861031154575e-09 3.32146754544738e-11 0.00335692987994288 7.93012108202262e-09 4.31023086111537e-09 1.65913504490689e-08 1.15649948506658e-09 1.64453206608073e-10 6.31241271475957e-09 2.38191408818977e-09 5.02487085274339e-10 2.76776845886673e-10 2.77809364401804e-10 2.2142688793636e-10 1.89033655395576e-10 1.79657211329953e-10
1.28372914520725e-09 1.42390427226857e-09 1.08985211966228e-09 8.46507131058161e-10 1.28121036002682e-10 1.98999816625189e-10 9.45858391609988e-11 1.84896742361218e-10 8.89152973471141e-11 1.95137483949281e-10 1.15648080001307e-10 1.34231425974463e-10 7.8890166621548e-10 2.61657251421354e-10 1.10473483694307e-09 1.16510842085304e-09 1.1327217719348e-09 1.63273428110955e-10 1.38580247277531e-10 2.35873542919762e-12 6.88454770969571e-10 8.05687250249321e-10 1.21671847042037e-09 1.97658671652334e-09 2.40839037601859e-09 2.93585027399956e-09 3.03840941295874e-09 2.59414227876675e-09 4.48785386630846e-09 1.40294916350925e-08 0.0870872857264502 0.0999994387962553 0.0999803558015603 1.38220968004532e-09 6.72694122627604e-11 1.49189882669987e-11 1.17019699485965e-09 3.07670400268023e-10 1.55869395168651e-10 7.16398051991973e-11 7.9217887805072e-11 1.13294917891693e-10 1.29812505189619e-10 1.47313905518587e-10 2.13265649584571e-10
6.66565469487068e-11 3.71996788928186e-10 3.86631016091599e-10 7.61205709576274e-10 1.12873599356078e-10 3.21955284654507e-10 1.87411808294513e-10 9.12207309688995e-11 2.80888534653911e-11 3.91856547210523e-11 4.97847685299035e-10 4.60554594461371e-11 2.54293164303476e-10 8.30923996275601e-11 1.4241645640567e-10 1.14746434576318e-11 3.5520641983311e-11 8.73000560730475e-12 1.37070244043969e-11 3.23448945405147e-10 6.05454353319601e-11 1.28735844207029e-10 4.20028096748126e-09 1.12976782484786e-08 3.19748770905015e-08 1.31937996528109e-08 0.100000018939387 0.100000001459378 2.0065409711556e-08 3.78699495984236e-08 5.31240762491336e-10 2.46601072895203e-11 2.01519911868786e-12 2.75334199884014e-12 7.4806827399243e-13 7.78062059225704e-12 4.14296152939642e-11 3.33193805879262e-11 2.60466093138234e-12 2.17211804098838e-12 2.10121253729767e-11 4.16086054499942e-11 1.12006481867155e-10 1.5502582551008e-10 4.62865301642523e-11
1.31274102699308e-10 6.28026814997185e-09 1.58249702231217e-10 3.97649047023663e-10 6.66886323941185e-10 2.52877940809526e-11 1.24849353078105e-11 5.4368842761221e-12 4.46727843605999e-10 1.25087384894584e-11 1.48145939959932e-12 2.26553997784151e-11 2.31055063970587e-11 1.71852732044897e-10 1.34205646595831e-11 3.67151864466564e-12 4.27878399378301e-11 2.62589616717435e-11 1.65131797125184e-11 4.19027690323759e-10 5.1496030772924e-09 4.69177352524497e-09 0.0559697281615098 0.000988014593129638 0.0955261477487658 0.0120826103570682 3.75099951099855e-13 6.82139275065552e-09 8.84611273122005e-12 1.06320396930926e-11 2.35679253890453e-12 5.0537796170147e-12 5.51469980791808e-13 2.33335573085469e-13 4.53670434552578e-13 2.27359242543912e-12 3.48365780666882e-13 1.7842172184146e-12 2.92840418580909e-11 1.38854483466844e-12 6.1050609012625e-12 1.00234265332233e-12 6.28450624873267e-12 4.21568335795541e-12 7.62077068117151e-12
2.42932515215344e-09 7.52017825789153e-10 4.03859456987732e-10 1.40241471768832e-09 1.57571067305184e-11 2.15618178867061e-10 2.86468293531073e-11 8.19718970479499e-10 1.92989846325986e-10 1.82047377172978e-10 1.01698094390201e-11 3.92150423245141e-11 2.28987384609525e-11 2.59957610992956e-12 1.84237991529557e-10 1.7853308831306e-10 2.4622583971734e-10 1.61710560497852e-09 2.86690468032091e-09 2.08805053247829e-09 0.000311786860417962 1.59653969933338e-07 2.71780144167622e-08 8.06253843688154e-09 1.43468570357186e-11 1.84376183209878e-09 7.19950654648471e-11 2.69986699663605e-11 1.89146476259339e-12 2.64810395833592e-13 1.54282142617035e-12 1.7510437544388e-13 5.06616970596951e-13 6.02706773378259e-12 4.70790073592298e-13 1.38532518789702e-12 7.39953653905445e-12 2.64143151795793e-12 1.91777971281226e-10 1.03181463373403e-11 5.90886228835075e-12 2.31791252858216e-11 2.22803997473875e-12 9.86988268891764e-13 8.81927864071486e-13
5.43321621027104e-10 5.9976279498386e-11 1.59761948115289e-10 9.43982669809884e-12 8.16427958572063e-10 4.33409816924524e-09 1.06334809180098e-08 2.91227197912747e-10 6.38181170131702e-09 5.53540664416374e-09 1.60260660297951e-10 1.78655212845769e-10 6.73062827694082e-11 6.3438032604779e-10 1.50056034264878e-10 1.03391184502755e-10 5.53396806157735e-10 5.27637578073836e-09 3.85529167923337e-08 9.02194404339696e-07 1.80420841011664e-06 2.43631492757856e-10 1.10874920355997e-10 3.43435091476607e-10 4.0580885318775e-10 5.45778977567579e-11 3.45814488156293e-12 2.41493491870415e-12 6.0305760385404e-12 9.95037385820297e-13 1.8527734901852e-12 3.89388521426781e-13 2.89157586763622e-13 1.25250920746112e-12 7.16451342697155e-12 1.38631661705801e-11 5.73213698729091e-12 1.65267244334188e-11 7.79718511978444e-12 8.02125033061429e-13 1.84191550900437e-12 9.41280386967946e-13 6.80910883232855e-13 9.5169427893893e-13 3.7338243608076e-12
9.25855558886468e-10 1.67897884484347e-10 5.92756927986216e-09 6.76950341227389e-08 6.41364213960216e-09 4.99612240467684e-10 2.08924666456056e-10 6.46542519522342e-10 2.29983443400528e-10 1.0804598327141e-10 3.84819731635844e-11 2.99746297782733e-09 3.54332552188197e-10 8.64027183133942e-10 5.80766779112452e-10 3.18052413295078e-09 1.08862274861288e-08 2.65250084563462e-08 1.71352129152424e-08 6.74259859057003e-10 4.0474485984987e-10 3.53039819600554e-11 3.45890180941666e-09 1.79278468515065e-08 1.89684890017361e-10 1.17358345264051e-12 5.33979305217258e-11 7.61991580944255e-12 5.82162651419083e-11 5.33770805333234e-12 3.04558356312157e-10 4.02371513885669e-09 9.89283543972874e-11 1.61867963477391e-11 1.1426637414047e-12 2.74025246937981e-13 2.80010459263735e-12 2.92327273498927e-12 1.09866560293881e-12 2.59448018624653e-13 2.57298293782071e-11 4.12858636167357e-13 1.35278233059921e-11 1.25049970378655e-12 1.01790798012757e-11
4.29460493833744e-09 1.97190234141331e-09 1.97488936315438e-10 5.09634645595725e-10 1.27648016601256e-09 6.19276030455751e-10 4.6986359691914e-09 5.63373259265809e-08 8.26315117441467e-09 7.4930674998086e-10 1.2026898366102e-09 1.62106075229929e-08 3.06189767873555e-08 1.79058458060766e-09 7.7270077780689e-09 2.95493691182536e-08 7.11044808587857e-08 2.83687920543674e-07 6.63351149787772e-08 3.85481616627104e-09 7.52482409716038e-11 3.81620146594486e-10 9.93383153513605e-13 2.82683543240125e-11 2.44355646827898e-12 1.38536293547986e-11 8.4135887146175e-11 2.33176811192948e-11 5.1323945093884e-11 4.14229728296078e-10 6.58688369403748e-09 3.52049500662588e-12 3.18812642952082e-11 7.04680758190079e-13 3.29931637566006e-12 4.30622870695174e-11 1.9152612829032e-11 1.56338275658641e-12 2.54565257762351e-12 1.1367573549137e-13 5.35127497869325e-13 1.53521639845167e-13 3.10096393008052e-13 1.89792626059671e-12 3.23918669664636e-13
1.04675781564811e-07 2.82385266459073e-06 1.77678904322853e-07 1.43849519573802e-07 2.86497976453859e-09 5.7272767972627e-09 5.86059101248537e-10 5.10087618810218e-09 1.38953215600424e-09 7.58594154159908e-10 3.13531219875429e-09 2.03702599232969e-10 6.97803437255118e-10 3.47280567858377e-08 4.66498894624579e-08 3.5112336149723e-09 4.9936976553866e-09 3.79131694927537e-08 5.18960562301274e-09 1.04918085330752e-10 1.45423750819162e-10 2.67078248405994e-11 6.68251010083054e-12 2.0429369307351e-11 2.85800272337156e-12 6.25877127902186e-13 9.9621333404798e-11 1.04543373957711e-11 1.00951136339233e-11 3.10573788908641e-13 1.97795113621169e-12 7.19977411023365e-12 7.52586881702655e-12 7.55573381638897e-13 8.24296186863194e-13 1.24569243808992e-12 2.06628936183506e-11 7.48049955312524e-11 2.22488694134881e-13 1.65689684195058e-13 4.07298639260034e-12 1.10059739100166e-12 7.13723524725651e-12 6.34733376969621e-12 3.57591734001517e-13
2.8077965584794e-07 3.38614247752389e-11 1.28377428687543e-09 3.63802319380824e-09 2.83259793398827e-10 4.62884219842863e-10 4.43158398866217e-11 2.94576273374147e-09 2.71359030801221e-09 2.62216752866529e-08 1.95406390302022e-07 5.19755083083773e-08 2.10699827585259e-08 8.07716260542435e-10 1.70543232869136e-09 9.5277944422989e-10 4.55362081375199e-11 3.95246058104703e-11 2.37946329306737e-12 2.56474841364707e-12 8.41774427939868e-12 3.31022986799212e-12 3.0426994257482e-12 9.57978141258309e-13 4.80608886022083e-12 9.19503362339924e-12 9.59547996615129e-12 6.44472253341633e-12 1.26486598972519e-12 1.65903957238811e-12 1.31870070418927e-12 1.09966924455307e-11 3.35715899524303e-12 1.12972964316782e-12 1.52176382606228e-11 8.43980441089798e-13 1.04893871366585e-13 1.24964483205758e-12 3.30868665798789e-13 1.52478030202019e-13 3.48143736061957e-13 3.29791749464903e-13 2.65173438762645e-12 9.02833363625177e-14 4.04909439311041e-13
8.07163288762958e-08 1.11372662536802e-08 9.01649455986586e-08 4.46203664128397e-08 6.87419343670115e-11 1.50335278670255e-09 5.79894378072154e-09 4.86487933382129e-08 2.08038916993392e-07 3.14184822047814e-08 5.63919457796658e-09 8.28806179242747e-09 2.12786583908553e-09 5.6284409355456e-10 1.14689846508753e-10 9.88857884465233e-12 6.58140208997793e-13 1.67266200890026e-13 3.79829501184759e-13 1.76015868547097e-12 3.35276251206551e-13 1.12384546113731e-11 1.19991572233857e-11 2.41028308423097e-12 7.15199011125378e-12 1.90929827503794e-11 3.72521391511782e-10 2.00538149419671e-09 3.98081567709596e-13 2.36854980073531e-13 2.92457169592808e-12 7.83750842003883e-13 3.25794946576252e-13 3.92996746256813e-13 4.56120030634111e-10 5.59685631174034e-13 5.09037256790634e-14 2.96229707430484e-13 5.13922238098985e-14 4.25071089438234e-13 7.63367147271765e-13 2.51634268977341e-12 5.79525316624085e-13 2.09210426760365e-13 3.46844775123145e-13
1.23875612167978e-07 5.21214804904968e-07 1.68371243947085e-08 1.53918051637447e-09 1.67351260293991e-08 4.08538847196382e-10 1.01824323417432e-09 2.34904390583601e-07 8.14285414652005e-09 6.25228476769379e-09 4.28437743060783e-09 6.13775696933772e-11 1.7646639705049e-11 2.44981812613787e-13 3.55493412484975e-13 2.63533639355273e-13 5.33506572253373e-13 8.39273095465387e-13 1.06691100398848e-11 2.79105627498666e-12 6.90565382654995e-12 3.77037290277826e-12 1.70500391583062e-11 5.19476683891185e-12 4.0748737717422e-11 2.33752994738268e-10 3.45047324046277e-11 1.98913108206966e-12 4.77717865265959e-13 7.97495403048742e-13 2.95431457075779e-12 2.99316127438942e-13 7.89479592810949e-14 4.86420903555995e-12 6.40648645244823e-12 9.2059693201918e-14 1.30695454458873e-13 5.39135402988222e-13 1.98003835549798e-12 5.30377963769979e-12 1.29962818284923e-11 6.42672581818715e-12 1.16404774708201e-11 1.14419584917869e-12 3.88644672000282e-13
8.59166412211509e-06 4.73883896006111e-06 3.87664796752674e-07 6.00273251882832e-08 1.4359846034484e-08 1.40421551941827e-08 5.40654492731107e-08 2.49820817810331e-08 1.03498887238374e-10 1.32633259930515e-10 8.12501954605693e-10 3.98157429248869e-09 2.46068199150073e-10 4.80369077848764e-12 8.45856718001414e-13 9.18362053070609e-12 7.98339172547458e-13 7.60869145466359e-13 2.37327935082021e-12 3.66129349060884e-13 6.23389340148606e-11 1.34538269414008e-11 1.21802568031626e-13 1.24300569837033e-13 1.56086255032051e-13 4.98691088424152e-12 9.55879819741767e-13 1.71366254519967e-12 1.4666934333718e-12 7.71382957509559e-13 4.48736603431144e-12 2.61124455391837e-14 4.94673080275732e-11 1.53210777398272e-14 1.74574465994226e-11 1.2498937440597e-09 8.56759108103233e-14 1.78101977610368e-13 5.90116844279009e-12 8.19622147929522e-13 3.04558600561222e-12 5.3481663542243e-13 6.30940300005989e-11 9.1926466438963e-13 2.37914132839023e-12
5.76045379296897e-07 7.20593977487916e-08 4.07978446581581e-09 9.07904117475322e-07 1.75829947268724e-09 1.94464400138372e-10 6.79186817897914e-11 1.71422276373789e-09 4.11122491605909e-10 7.22280034670675e-09 1.53651820156142e-09 1.54114831563135e-08 4.99885022264834e-11 2.38121411477721e-11 7.61135598992269e-13 1.90465421212593e-12 5.34872146573662e-13 5.051403739742e-12 1.5801271402438e-11 2.36694219779565e-11 7.53265749775522e-10 5.3932329713291e-10 1.12613252056803e-12 4.49196235763338e-14 4.35285141264785e-13 2.45946596422186e-12 3.57872620426747e-12 1.33810740265972e-12 7.12463421592702e-13 7.13962222675946e-13 4.16300327543695e-13 8.95949980872501e-14 3.39184236253232e-13 9.02833363625177e-14 1.75364167631642e-11 1.75689773840304e-10 6.82398582085852e-13 4.16600087760344e-13 1.12986286993078e-12 1.76399894691315e-11 4.36565228412178e-11 2.14752660099293e-12 3.90993903920389e-12 3.67756491925775e-11 2.02244110347749e-11
4.10095838399016e-08 7.83755238265016e-08 1.69935000626786e-08 1.40743322070147e-06 6.84850910537271e-08 8.08402298990707e-08 7.95211332338397e-09 7.5035497815179e-10 2.80194090152008e-08 8.32596769306804e-11 3.10589332030986e-11 2.13062623100058e-10 3.93899357575833e-12 1.47875045541923e-12 3.70825592455049e-13 2.82359691183842e-12 2.68867150765573e-12 2.63328248095718e-12 1.802269444795e-12 2.75251599290982e-11 9.34562760512847e-11 2.47727283131383e-11 1.19729226533138e-11 5.28414201284022e-11 1.67743596790615e-13 9.87739778857133e-11 3.14455128602731e-12 6.30039354021505e-12 1.27965160690024e-10 2.90683033199457e-12 2.4491519923231e-14 3.63153951354889e-14 5.59774449016004e-13 1.2303491558896e-12 1.02459629669482e-10 1.23185817102467e-10 5.67534907958134e-11 1.05999764521414e-11 2.91693447174168e-11 2.14893880468026e-10 5.04373209864184e-12 6.29395424667223e-12 5.00204322406717e-11 1.19655396702001e-12 2.40365283232791e-11
