Maxent_result_files_2/B_pyrenaeus_2.asc
NCOLS 594 
NROWS 330 
XLLCORNER -15 
YLLCORNER 23 
CELLSIZE 0.166666666666667 
NODATA_value -9999 
[rows 180 to 199 of 330, columns 405 to 449 of 594]
1.96850313827213e-12 1.79420922563622e-12 1.61001212362066e-12 1.62259095048967e-12 1.52581280943309e-12 1.54071200242356e-12 1.54982693345573e-12 1.44169121085724e-12 1.58230095692602e-12 2.08050243699631e-12 2.27804441976787e-12 2.67602606740525e-12 2.73402411821166e-12 2.82575074450619e-12 2.89196444569484e-12 3.14860360006719e-12 3.25092175401664e-12 2.61547450364219e-12 1.86769488763616e-12 5.7092108818324e-13 2.88493673394896e-12 2.53000953520655e-12 2.06575867522929e-12 1.13251630295963e-12 3.30860894237617e-12 4.80777639921826e-12 4.92675900076733e-12 5.32386357221526e-12 3.80392384258243e-12 2.38691288956261e-12 1.49714685093727e-12 1.38219435896758e-12 1.09755537991418e-12 7.69251329302278e-13 5.01965136123772e-13 2.87692092371117e-13 1.56952228991258e-13 1.31084032517492e-13 1.23911991778414e-13 9.10937991704941e-14 8.57758308825396e-14 8.34665669913193e-14 7.31303906320591e-14 1.54798396323486e-13 1.68076663698002e-13
1.92222904260575e-12 1.89894766577936e-12 1.55759849462811e-12 1.44054768114188e-12 1.54951607100884e-12 1.62351243560011e-12 1.29517507829746e-12 1.33419941761304e-12 1.32863720025966e-12 2.19682050328629e-12 2.3869350940231e-12 2.1434853891833e-12 2.54030130264482e-12 2.74730238558618e-12 3.18760573492227e-12 4.69584371387555e-12 3.4731884035466e-12 2.9324986883239e-12 3.32329719299196e-12 2.66541233528983e-12 2.57079912913127e-12 2.16652251694427e-12 2.75512945790979e-12 5.14310816157604e-12 1.05420450147165e-11 6.55092646795197e-12 5.09229325373894e-12 3.91813248512563e-12 4.03937994164494e-12 2.99186231345061e-12 2.15618634058501e-12 1.68907110520422e-12 1.51056944730499e-12 1.28993482562123e-12 7.17981230025089e-13 2.77711187379737e-13 1.66422431391311e-13 1.30340183090993e-13 1.14874776357965e-13 1.30484512084195e-13 1.19626530903361e-13 1.01652020134679e-13 3.12638803734444e-13 4.10405043282935e-13 2.47146747511806e-13
2.19093632125578e-12 2.14238626838892e-12 7.54196705088361e-13 1.52156065524878e-12 1.79866121996497e-12 6.37601083042227e-13 1.32740485270233e-12 1.58363322455557e-12 1.63828950405787e-12 1.53977941508288e-12 1.65197855395149e-12 2.11071160549636e-12 2.68918221024705e-12 2.9447888572065e-12 3.05163672109643e-12 4.58336701925077e-12 3.99665855965736e-12 3.3864133719419e-12 3.65947272484846e-12 2.3242852087435e-12 2.31591412713783e-12 2.60895749448764e-12 4.10161904440542e-12 6.7962302452429e-12 4.01826349971657e-12 3.06836778207753e-12 3.51826345834638e-12 3.50754980615875e-12 2.68989275298281e-12 3.20029558409374e-12 3.63931107472126e-12 3.351297017673e-12 2.49277265496062e-12 1.52867718483662e-12 6.46316333785535e-13 2.80797607388195e-13 1.78357328906031e-13 1.18527410108982e-13 1.20159437955181e-13 1.25499610703628e-13 1.39155353906517e-13 2.48523424062341e-13 4.87809792559801e-13 3.92874621724104e-13 3.54061224783209e-13
3.02557978670848e-12 3.0182634169762e-12 9.94326843084536e-13 9.55491241683148e-13 1.86893833742374e-12 1.78591585964227e-12 1.7166712495964e-12 1.67464930811434e-12 1.51891832445017e-12 1.60581548058758e-12 2.09405826012699e-12 3.09120506969407e-12 2.70025113380257e-12 3.31626948124608e-12 2.97201152577031e-12 4.19295709264134e-12 3.25099946962837e-12 2.95276025852331e-12 2.39881448038659e-12 2.51924037186768e-12 1.26889609930458e-12 5.74184033652614e-12 7.16491310726042e-12 6.26141360982047e-12 4.26024771016387e-12 2.46759279676212e-12 2.40505393378498e-12 2.0547674672855e-12 2.13120632253094e-12 2.86828338857958e-12 2.99569258288557e-12 2.35209629551036e-12 2.36517472274045e-12 1.14658282868163e-12 6.80322465029803e-13 5.99853500204972e-13 2.53819187889803e-13 2.05691019772303e-13 1.03761443881467e-13 7.66053886991358e-15 1.02584607475364e-14 9.48241485332346e-13 6.78967992939761e-13 6.46349640476274e-13 4.99189578562209e-13
1.70455871639774e-12 4.96103158553751e-13 1.04560804459197e-13 6.90447699014385e-14 8.48265901964851e-13 1.66545666147044e-12 1.84057213914457e-12 9.04787356148518e-13 1.7228884985343e-12 1.66160418757499e-12 1.65739644231166e-12 5.10758102478803e-13 2.50749421226715e-12 2.5764945732476e-12 3.09550163279937e-12 4.31692459557098e-12 3.97418764563895e-12 3.13258308182185e-12 3.22745163927607e-12 3.11050074586205e-12 2.95392599269917e-12 3.92005317095823e-12 4.17216261539011e-12 4.27985424877875e-12 3.44749784275677e-12 2.1076473899484e-12 1.8937962309451e-12 1.57223123409267e-12 1.94182447899038e-12 1.60124136172612e-12 1.63524749297039e-12 1.78159709207648e-12 1.90732984961528e-12 1.00333075181425e-12 9.53814804915965e-13 5.83133541454117e-13 2.87547763377916e-15 3.47855078075554e-13 4.06041866796159e-13 3.65396601864632e-13 1.71984648744683e-13 7.65387753176583e-13 4.31221724994657e-13 4.09972056303332e-13 4.42179626247707e-13
5.27757837431864e-12 3.64545060804744e-12 3.75601771906986e-12 3.02066149870939e-12 1.22436505378687e-12 2.17184048523222e-12 2.16342499470557e-12 2.36752839555265e-12 2.20636842129807e-12 1.77121650679624e-12 1.77767800479955e-12 2.18296491993897e-12 2.86901613577584e-12 3.27515792264421e-14 3.32841532113548e-12 2.83593148964201e-12 3.07635028562458e-12 3.31199512260127e-12 3.22294413379609e-12 3.36903838160651e-12 3.00567348787695e-12 2.795219611329e-12 2.61507482335332e-12 2.62081467639064e-12 2.56602517012539e-12 2.48041587269654e-12 2.10657047361451e-12 1.63362656735444e-12 2.08968398140996e-12 2.10476081008437e-12 1.81886727901315e-12 5.39457367665364e-14 2.53379539572052e-12 1.48122625276415e-12 8.86102302644076e-13 8.61766213944293e-13 1.40354394773112e-13 1.02251540567977e-14 7.70272734484934e-14 8.9598328756324e-13 8.45878922461907e-14 6.77458089626271e-14 8.38551450499381e-13 7.27717885951051e-13 6.94155843916633e-13
1.41331391034782e-14 4.55080417793852e-14 7.14017733827177e-13 3.36475292073146e-13 1.17483800465834e-13 3.0478619628127e-12 3.10759196153754e-12 1.56654689220659e-12 2.64922528359079e-12 4.44300152224741e-13 2.45574671708937e-12 2.87436741075453e-14 1.44984024785799e-13 1.17861276294207e-12 2.61577426385884e-12 2.67709188150889e-12 3.06239478220505e-12 3.1518454512991e-12 3.17140758099299e-12 2.80303558142236e-12 3.08323366837726e-12 3.02902147808481e-12 2.658973041747e-12 2.34815500377294e-12 2.10500505914979e-12 1.90492066565184e-12 1.89288584806491e-12 2.12109219077661e-12 2.48426834659199e-12 1.46871403927662e-13 2.51021425867748e-14 2.7334801089296e-12 2.91439095079227e-12 1.62670987791103e-12 9.87010473352257e-13 1.15155662783195e-12 9.50517442532828e-13 9.10038711054995e-13 1.22368781774185e-12 1.45121692440853e-12 2.92654789291191e-14 2.01393346443979e-12 1.41393563524161e-12 9.84801129533253e-13 1.00823793758309e-12
-9999 1.40998324127395e-15 1.63646873829748e-14 3.8835601401388e-14 7.46583905808507e-12 3.77180509048003e-12 3.54288820503257e-12 4.85611550971043e-14 2.38891129100693e-12 5.94302385081846e-14 1.17461596005342e-14 9.44744282804777e-13 7.79076803070211e-13 2.34211539051898e-12 2.32628361018783e-12 2.69653188667007e-12 2.8272162388987e-12 2.98226998651785e-12 2.69617661530219e-12 2.75260925164389e-12 2.40718556199226e-12 2.03020933398079e-12 2.27839969113575e-12 1.99867900008144e-12 1.95411464787298e-12 1.85080839543161e-12 1.71058722742146e-12 1.84843251815892e-12 2.04091188393818e-12 3.32007754622055e-12 4.14408507509734e-12 3.26531024441579e-12 2.74466005478757e-12 2.35070851672958e-12 2.06755723652918e-12 1.97049043748621e-12 1.7814083541623e-12 1.50097712037223e-12 1.6285750525924e-12 1.51354484501098e-12 1.68147717971578e-12 2.36826114274891e-12 2.58432164557121e-12 1.37820865830918e-12 2.665645482125e-14
-9999 -9999 -9999 1.92623694772465e-14 5.76305669852672e-13 4.43998171562043e-12 4.25441903928459e-12 7.0242700545009e-13 4.74498218494546e-13 1.3568035583944e-13 2.92099677778879e-14 4.21884749357559e-14 2.35700348127921e-14 2.05661043750638e-12 1.84188220231363e-12 2.01786365394696e-12 2.61713983817913e-12 2.76730860448993e-12 1.72295511191578e-13 3.14082093666457e-14 2.14591677760723e-12 1.48633327867742e-12 1.68948188772333e-12 3.22619708725824e-13 1.92866833614858e-12 2.2594259796449e-12 3.30624416733372e-14 3.85580456452317e-14 4.77284878286355e-14 2.51467735523647e-12 3.67927910360777e-14 2.41777708964719e-12 1.69563252327976e-12 1.79205539296845e-12 2.26263452418607e-14 2.10165218561542e-14 3.77198272616397e-13 2.23016050071578e-12 2.78415068777349e-12 2.65115707165364e-12 1.24922294730823e-13 2.78181921942178e-12 3.63153951354889e-14 1.4912959755975e-12 2.24154028671819e-14
-9999 -9999 -9999 2.42028619368284e-14 1.32671651442706e-14 1.15518705712248e-13 8.82627304576999e-14 7.52287121486006e-14 8.93063401008476e-14 1.25278676321727e-12 1.02235997445632e-12 2.25900409489554e-12 1.99894545360735e-12 1.71418435002124e-12 7.15760783975838e-14 1.10966791311284e-13 3.02979863420205e-14 5.27689003604337e-14 2.88457036035084e-12 2.57994736685418e-12 1.7614132374888e-12 1.60681468130974e-12 2.43021158752299e-12 1.0902390101819e-12 2.9455549110935e-12 3.38754579942702e-12 3.53856943746678e-12 3.30471205955973e-12 3.6332714614673e-12 3.48968631769253e-12 3.1829316959886e-12 2.43737252603182e-12 2.12538875388191e-12 2.34411379196331e-12 2.7262081481183e-12 2.81304979310448e-12 2.99068547704451e-12 3.08967296192009e-12 2.96609403704906e-12 2.64631649926628e-12 1.42685863124825e-13 1.05354613921804e-12 1.47371004288743e-13 2.22423190976428e-12 2.30226948616519e-13
-9999 -9999 -9999 2.16526796492644e-13 1.5709655798446e-14 4.31876756579186e-14 2.5135560299816e-12 2.00839345154691e-12 4.29767332832398e-14 3.24308357946279e-12 3.30845351115272e-12 1.14352971536391e-15 2.52908805009611e-14 1.78598247302375e-12 3.82471831983366e-13 1.40566447370816e-12 1.69874114774871e-12 1.91580085129317e-13 1.63860036650476e-12 1.57067692185819e-12 1.45845557852908e-12 1.73435710237868e-12 5.35438360316221e-13 2.44363418389071e-12 1.95133909031142e-12 2.15645279411092e-12 2.13997708442548e-12 2.15071294107361e-12 1.77228232089988e-12 1.53596024787817e-12 1.99791294619445e-12 2.00705008168711e-12 2.18386420058891e-12 2.34154917677643e-12 2.380573516092e-12 2.71078715030626e-12 2.37984076889575e-12 2.50905962673187e-12 2.79798406666032e-12 3.22156745724556e-12 3.4480085453481e-12 5.12589970469435e-14 4.45199432874688e-15 3.15747428203395e-13 3.89133170131117e-14
-9999 -9999 3.7070346792234e-14 1.71381797642312e-12 7.45514761035793e-14 8.24743606742118e-12 2.88105095336277e-12 6.44263531413003e-12 3.63086227750387e-12 3.29336558024806e-12 3.06510372638513e-13 4.23328039289572e-14 3.89022147828655e-14 1.12232445559357e-13 1.72875047610432e-12 5.02375918642883e-14 9.54791801177635e-16 8.77076189453874e-16 5.52580203816433e-13 1.14145359830786e-12 1.06511466313464e-12 1.92734717074927e-14 2.08832950931992e-14 4.9782400424192e-14 1.42529321678353e-12 1.47282186446773e-12 1.54842805244471e-12 1.5648704554394e-12 1.43934864027528e-12 1.57465152028635e-12 1.60569335605487e-12 4.24116297637056e-13 2.72128986011921e-12 2.53759235846474e-12 2.51273446494338e-12 2.94947399837042e-12 2.41734410266758e-12 2.60900190340863e-12 2.73625566649116e-12 3.19698711948035e-12 4.22439860869872e-14 3.26960680752109e-14 3.50830475781549e-15 1.40998324127395e-15 4.05231403988182e-13
-9999 -9999 5.57945911694446e-12 1.12287956710588e-13 2.3170354523927e-13 2.1547208461925e-13 2.0264900868483e-13 2.42594833110843e-13 4.56279458660447e-13 2.77722289609983e-12 2.34251507080785e-12 2.20945484130652e-12 1.82250881053392e-12 1.68797198440984e-12 9.43689570931383e-16 1.22124532708767e-15 5.02931030155196e-15 7.19535542259564e-14 7.10165259931728e-13 1.43218770176645e-15 1.35670363832219e-12 2.23709939461969e-14 1.7430501486615e-15 5.50559597911615e-14 4.42756942220512e-14 1.22258869694747e-12 5.09181585783836e-13 5.26567678349465e-13 4.77395900588817e-15 1.30950805754537e-12 3.42392780794398e-14 2.21045404202869e-14 1.96397342833166e-12 2.47021292310023e-12 2.83018053437445e-12 2.99412716842085e-12 3.34201555318714e-12 2.26596519325994e-14 3.53606033343112e-14 9.27036225562006e-15 1.55431223447522e-14 1.14352971536391e-15 5.10702591327572e-16 7.13984427136438e-14 1.40998324127395e-14
-9999 -9999 2.22621920897836e-13 1.38444811170757e-14 6.58362253602718e-15 1.62436730732907e-13 1.38000721960907e-14 3.04201108747293e-15 2.42028619368284e-15 5.59552404411079e-15 1.40998324127395e-15 5.10591569025109e-14 3.99347221957669e-14 2.47690756793872e-14 6.21724893790088e-16 6.99440505513849e-16 9.76996261670138e-16 1.20570220474292e-14 1.48643319874964e-12 1.29043442598231e-12 1.33194566487305e-12 4.95714580495132e-14 1.72972747236599e-14 2.81441536742477e-14 6.60360655047043e-14 1.41511247164772e-12 4.81392703477468e-14 2.65343302885412e-15 2.68451927354363e-14 1.46243017695724e-12 2.39697151016571e-14 1.06692432666478e-14 2.21059837102189e-12 2.49097409366073e-12 2.5086821509035e-12 2.70570232885348e-12 1.22646337530341e-13 8.84303741344183e-13 1.09356967925578e-14 9.43689570931383e-16 9.65894031423886e-16 4.06341627012807e-15 6.55031584528842e-16 2.18713935851156e-15 1.60982338570648e-15
-9999 -9999 5.23248111505836e-14 1.15130127653629e-14 3.41171535467311e-14 1.05582209641852e-14 4.25215418431435e-15 2.87547763377916e-15 1.25455201782643e-15 2.40918396343659e-15 1.17683640610267e-15 1.32116539930394e-15 7.21644966006352e-16 7.66053886991358e-16 9.4135810257967e-14 5.21804821573824e-16 9.99200722162641e-16 7.7715611723761e-16 4.01234601099532e-14 9.70334923522387e-15 2.76778600039052e-14 7.98294763626473e-13 2.56739074444567e-13 2.4980018054066e-15 1.04360964314765e-15 1.97841742988203e-14 3.1818991885757e-14 8.54871728961371e-16 7.88258347483861e-16 1.54321000422897e-15 2.55240273361323e-14 2.33242314351401e-12 2.89864798830308e-12 2.75318656761669e-12 2.83709722381786e-12 3.22663007423785e-12 1.4273027204581e-13 2.59847698913518e-13 1.69864122767649e-15 3.33066907387547e-16 3.77475828372553e-16 8.59312621059871e-15 1.9213519664163e-13 4.06341627012807e-15 3.03090885722668e-15
5.95745675013859e-14 5.89750470680883e-14 8.53428439029358e-13 3.28403970684121e-14 1.39555034195382e-14 9.05941988094128e-15 7.56061879769732e-15 3.34177130412172e-15 1.68753899743024e-15 5.59552404411079e-15 6.21724893790088e-15 8.65973959207622e-16 1.08801856413265e-15 6.21724893790088e-16 5.28799226628962e-14 4.9960036108132e-16 3.99680288865056e-16 1.09356967925578e-14 2.34257058195908e-15 1.15463194561016e-15 4.66293670342566e-16 1.11022302462516e-15 3.34177130412172e-15 4.06341627012807e-15 2.36477504245158e-15 2.27595720048157e-15 2.72226685638088e-14 1.99062988315291e-14 3.98370225695999e-13 1.76423320397134e-12 4.59343674208412e-13 1.88676851919922e-12 2.16694440169363e-12 1.95548022219327e-12 2.40023556585811e-12 4.07895939247282e-14 8.99613716853764e-13 1.57651669496772e-15 4.10782519111308e-16 4.32986979603811e-16 3.5527136788005e-16 9.65894031423886e-16 1.46549439250521e-15 6.63572530257284e-12 1.37667655053519e-15
4.16888745746746e-14 5.70099523145018e-14 1.40665257220007e-14 1.13020703906841e-14 8.10462807976364e-15 9.50350909079134e-15 6.79456491070596e-15 4.46309655899313e-15 1.95399252334028e-15 4.34097202628436e-15 1.33226762955019e-16 0 6.32827124036339e-16 6.77236045021345e-16 7.66053886991358e-16 6.32827124036339e-16 7.21644966006352e-16 1.55431223447522e-16 3.88578058618805e-16 6.10622663543836e-16 5.6621374255883e-16 5.6621374255883e-16 5.77315972805081e-16 7.7715611723761e-16 9.42579347906758e-15 6.32149887991318e-13 1.50820467226254e-12 1.70474745431193e-12 1.71571645779522e-12 1.75239822652884e-12 2.90323320939478e-14 1.85141901809516e-12 2.00454097765146e-12 1.97255545231201e-12 2.45777842522443e-12 1.60360613676858e-13 1.1268208588433e-12 1.40998324127395e-15 6.77236045021345e-16 5.77315972805081e-16 4.20774526332934e-15 3.97459842815806e-15 2.07167616395054e-14 7.75011166354034e-12 2.17603712826531e-15
2.56905607898261e-14 2.24043006369357e-14 4.50750547997814e-15 1.85962356624714e-14 4.20552481728009e-14 9.41469124882133e-15 2.37587727269783e-15 5.76205749780456e-15 8.8484775062625e-15 1.77635683940025e-16 3.10862446895044e-15 0 4.44089209850063e-17 1.0325074129014e-15 5.99520433297585e-16 4.55191440096314e-16 2.26485497023532e-15 8.88178419700125e-16 3.66373598126302e-16 2.33146835171283e-16 7.54951656745106e-16 6.43929354282591e-16 7.88258347483861e-16 1.15463194561016e-15 3.14526182876307e-14 1.32990285450774e-12 3.98348021235506e-14 1.7602141966222e-12 2.16360263038951e-13 4.84312590032232e-13 5.06039654624146e-13 1.38744571387406e-13 2.14084305838469e-12 3.77475828372553e-14 1.40809586213209e-13 4.53792559085286e-13 4.56712445640051e-13 1.22124532708767e-15 5.55111512312578e-16 7.21644966006352e-16 1.87627691161651e-15 4.36317648677686e-15 1.21158638677343e-13 5.3856363813054e-12 5.99520433297585e-15
4.69624339416441e-15 3.60822483003176e-15 2.41695552460897e-14 1.81077375316363e-14 1.91724414122518e-13 4.13002965160558e-15 3.33066907387547e-17 6.44928555004753e-14 9.34807786734382e-14 3.33066907387547e-15 2.93098878501041e-15 1.73194791841524e-15 7.66053886991358e-16 4.73399097700167e-14 3.37507799486048e-15 6.10622663543836e-16 6.88338275267597e-16 5.99520433297585e-16 4.88498130835069e-16 5.99520433297585e-16 4.17443857259059e-15 8.43769498715119e-16 1.5620837956476e-14 3.64042129774589e-14 5.79536418854332e-15 2.22821761042269e-14 4.56856774633252e-14 3.2041036490682e-14 2.45470310744622e-14 1.11022302462516e-15 1.27675647831893e-15 4.59521309892352e-14 3.13304937549219e-14 2.81308309979522e-12 1.84574577843932e-13 4.57732074465866e-11 3.78030939884866e-14 1.22124532708767e-15 6.32827124036339e-16 8.10462807976364e-16 7.32747196252603e-16 1.40998324127395e-15 4.71858108141987e-12 4.83489914770985e-12 1.4210854715202e-15
1.67532654415936e-14 1.55209178842597e-14 2.46358489164322e-14 1.69642078162724e-14 3.5527136788005e-15 2.64233079860787e-15 1.13353770814228e-14 7.99305066578881e-12 6.39355235421135e-12 5.99176264159951e-13 3.6664449254431e-12 6.08557648718033e-13 1.55098156540134e-14 8.06021915877864e-15 2.80553358322777e-14 6.65245636355394e-14 5.10702591327572e-16 1.13242748511766e-15 1.53210777398272e-15 2.95319324550292e-15 2.56461518688411e-15 4.67403893367191e-15 1.52100554373646e-15 7.54951656745106e-16 1.33308919458841e-12 5.1725290717286e-14 2.26485497023532e-15 1.52100554373646e-15 6.45039577307216e-15 2.30926389122033e-15 1.66533453693773e-15 2.80886425230165e-15 2.96429547574917e-15 1.67643676718399e-15 7.83895170997084e-13 3.05333314187806e-11 6.03961325396085e-15 1.0547118733939e-15 6.99440505513849e-16 8.77076189453874e-16 1.34336985979644e-15 3.20079518445482e-12 4.0283776314709e-12 3.02764480153428e-12 1.95399252334028e-15
