Maxent_result_files_2/B_pyrenaeus_2.asc
NCOLS 594 
NROWS 330 
XLLCORNER -15 
YLLCORNER 23 
CELLSIZE 0.166666666666667 
NODATA_value -9999 
[rows 280 to 299 of 330, columns 270 to 314 of 594]
1.4122636168068e-06 4.57733850822706e-13 0.00013421513563685 0.590574227749312 0.039187962707279 0.0311665747092526 0.0149447274522 6.26630787303406e-05 4.52719281011649e-05 6.52739707754479e-05 3.10264278637895e-06 3.28775307645302e-08 -9999 -9999 -9999 -9999 -9999 -9999 -9999 -9999 -9999 -9999 -9999 -9999 -9999 1.0075484890848e-11 2.78437828349354e-11 1.51191281716478e-12 5.14699394216223e-14 1.00364161426114e-14 4.12225809043321e-14 1.93178806284777e-14 3.11972669919669e-15 3.93463039927155e-14 4.03010957938932e-15 8.28226376370367e-15 1.47659662275146e-14 3.0320190802513e-14 2.18325357792537e-13 7.57838236609132e-14 2.79887224508002e-14 7.75379760398209e-14 6.51811937757429e-14 2.11863859789219e-13 2.40807374041196e-14
0.000513167082840316 0.0194835988558714 0.000253430217358297 0.000291371077280655 9.74853315717339e-05 0.000163027766506962 0.00974421489753046 2.87585012761382e-05 3.37161668542918e-05 1.36583500673804e-05 0.00223022336144435 4.47414997717388e-08 1.36409605833165e-10 9.46686062874846e-12 1.01463282220493e-13 -9999 -9999 3.53606033343112e-14 1.80300219199125e-14 -9999 5.99520433297585e-15 3.76365605347928e-15 9.71778213454399e-14 1.7874590696465e-15 1.08468789505878e-14 5.7065463465733e-15 4.76285677564192e-15 7.24975635080227e-15 1.99174010617753e-14 5.21804821573824e-15 2.00506278247303e-14 3.33510996597397e-14 2.34701147405758e-14 1.28785870856518e-14 5.88418203051333e-15 6.80566714095221e-15 8.37774294382143e-14 1.35880195983873e-13 2.60413912656077e-13 1.71451741692863e-13 8.33888513795955e-14 1.44806389101859e-13 5.54889467707653e-14 2.55462317966249e-14 1.16717746578843e-13
0.015103822729046 5.28349243499204e-05 0.00674245679617761 0.00871728919482504 2.57486100186499e-05 0.00561589407251302 3.51759756758274e-05 2.97053449025753e-05 1.08617819183254e-05 0.00163927346533194 0.0017681885586026 7.79431454545065e-07 2.07216852343706e-08 3.89677956569301e-11 7.60073115557702e-12 6.15618667154649e-14 4.6207482284899e-14 3.22852855560996e-14 2.656763697928e-14 2.11053396981242e-14 1.89626092605977e-14 1.56541446472147e-14 1.51656465163796e-14 1.06026298851702e-14 1.0946799022804e-14 1.34892097491957e-14 1.29118937763906e-14 1.32338584535319e-14 1.04249942012302e-14 5.1680881796301e-14 1.16906484493029e-14 2.16493489801906e-15 3.40838468559923e-15 2.64122057558325e-14 1.09801057135428e-14 4.46309655899313e-15 8.93729534823251e-14 8.41104963456019e-14 2.2412072198108e-13 1.85496062954371e-13 1.61171076484834e-13 1.73849823426053e-13 2.13562501016895e-13 7.64943663966733e-14 2.62256882876954e-13
1.29319986385323e-05 1.4143577545811e-07 1.38964908369066e-05 6.5957446173659e-06 2.24310604756583e-05 5.93445520118196e-05 5.76282981841758e-05 3.07468957596591e-05 0.00163946619787445 6.70702953494695e-06 1.32526163039159e-05 0.000167930573260711 4.86783282793724e-08 8.17671484965032e-09 2.89246404605592e-13 9.14046616173891e-14 8.18900502963515e-14 7.49511563924443e-14 6.60249632744581e-14 6.18061157808825e-14 5.52224932448553e-14 3.27293747659496e-14 2.8643754035329e-14 2.60125254669674e-14 2.58904009342586e-14 2.38364883387021e-14 1.18571819029967e-14 2.48800979818498e-14 2.71116462613463e-14 2.29261054585095e-14 6.38267216857002e-14 1.21014309684142e-15 1.11910480882216e-14 9.64117674584486e-14 2.66009436700188e-14 1.29207755605876e-13 2.51987319899172e-13 2.29316565736326e-13 2.37554420579045e-13 2.96085378437283e-13 3.00137692477165e-13 1.69941838379373e-13 3.27582405645899e-13 3.99069666201513e-13 7.08155756257156e-13
1.59294148982525e-09 2.04726036123759e-09 8.61603044466364e-09 4.7419335491572e-08 2.66862444827654e-06 0.00192909245046782 2.23341269705135e-05 2.01395171790186e-05 1.51210184925032e-05 1.97366013570233e-05 0.000306277628061191 2.78935923470058e-08 2.57806824444096e-08 2.32136581068687e-09 2.98916447150077e-13 1.37190259152931e-13 1.19537713061391e-13 1.38344891098541e-13 1.51145762572469e-13 1.52478030202019e-13 1.04660724531414e-13 8.07021116600026e-14 6.74238442854858e-14 6.14508444130024e-14 4.15667500419659e-14 4.62740956663765e-14 4.48863168855951e-14 6.03073146976385e-14 1.80189196896663e-14 3.29403171406284e-14 5.58775248293841e-14 2.77555756156289e-15 1.27342580924505e-14 1.21180843137836e-13 2.93987056920741e-14 2.66797695047671e-13 3.63664653946216e-13 7.5520700804077e-13 8.1574746957358e-13 4.36350955368425e-13 4.27580193473887e-13 5.51014789351711e-13 3.13726822298577e-13 3.08097991563727e-13 2.63677968348475e-13
6.96109836439973e-15 3.05133696087978e-13 3.66362495896055e-13 8.12784617387763e-11 2.81675969882045e-08 3.80207112686826e-06 3.68083751440817e-06 1.70993490483995e-05 8.6021490874888e-08 4.94298502684565e-08 4.10269853645673e-09 3.3618951400527e-09 1.08749120819596e-11 3.73542419218609e-11 1.10005859976781e-10 1.92257321174338e-13 2.29849472788146e-13 2.52176057813358e-13 2.86470847044029e-13 2.44204656496549e-13 2.30482299912182e-13 1.97797334067218e-13 9.24704757210293e-14 8.61977156318972e-14 7.48845430109668e-14 9.08717545655691e-14 8.16569034611803e-14 8.28781487882679e-14 2.54440912783593e-13 1.2999601395336e-13 1.68975944347949e-14 6.33937347060964e-15 1.19648735363853e-13 6.99440505513849e-14 6.68753941113209e-13 5.97633054155722e-13 5.30564481238116e-13 2.45015119304526e-13 2.88002954818012e-13 1.9887314017808e-12 2.35054198327589e-12 1.33981714611764e-12 1.03346220470257e-12 3.66817687336152e-13 4.34563496298779e-13
1.46105350040671e-14 2.94153590374435e-13 2.96651592179842e-14 2.27927619000923e-09 1.27787010972824e-09 1.04151520741169e-09 6.65140770518269e-06 1.0450279039953e-05 2.01556105139389e-11 7.49378337161488e-13 1.35464972572663e-12 2.74913425357681e-13 2.68052247065498e-13 7.36943839285686e-13 1.07405639937497e-11 5.08214581529387e-12 2.80531153862285e-13 3.62021523869771e-13 3.87812004731813e-13 4.29201119089839e-13 3.62276875165435e-13 2.12707629287934e-13 1.94821936361222e-13 1.56363810788207e-13 8.26894108740817e-14 1.11721742968029e-13 1.07236441948544e-13 8.1690210151919e-14 5.1680881796301e-14 2.09721129351692e-14 2.02615701994091e-14 1.76414438612937e-14 3.72712971596911e-13 1.71984648744683e-13 2.32691643731187e-13 1.08464348613779e-12 1.5163093003423e-12 1.60726987274984e-13 4.26170210232613e-13 2.98383540098257e-13 1.66493485664887e-12 2.13589146369486e-12 9.68469748841017e-13 1.33377753286368e-12 4.40703029624956e-13
2.28261853862932e-14 3.12749826036907e-14 5.45896661208189e-14 1.46260781264118e-13 4.43389769344549e-13 9.78772618509538e-13 7.48386476123741e-09 1.82314163765795e-11 1.23672183605095e-12 2.17625917287023e-13 2.39208652885736e-13 3.80473430539041e-13 3.48288065055158e-13 2.84783308046599e-13 2.2136736888001e-13 7.86331000313112e-12 2.95063973254628e-13 3.48687745344023e-13 5.57587309657492e-13 4.47297754391229e-13 3.51441098445093e-13 2.74880118666943e-13 1.95832239313631e-13 2.6381119511143e-13 1.81321624381781e-13 1.82986958918718e-13 1.24877885809838e-13 1.20226051336658e-13 2.19724238803565e-13 3.95572463673943e-14 3.53717055645575e-14 2.67019739652596e-13 1.7421619702418e-13 3.06721315013192e-13 2.01059169313567e-12 2.50773846133256e-12 5.89817084062361e-13 6.73450184507374e-13 3.56992213568219e-13 2.26385576951316e-13 1.15254472632387e-12 1.51861856423352e-12 1.76757497527547e-12 1.29889432542996e-12 1.52055035229637e-12
7.069900220813e-14 9.57123269529347e-14 1.30651045537888e-13 2.34778863017482e-13 3.42015304966026e-13 2.69922972861991e-12 1.20019549854078e-12 1.58791435556083e-10 8.78519479385886e-13 2.81652479117156e-13 5.68423086377834e-13 5.40756328604175e-13 3.60600438398251e-13 2.62845301080006e-13 3.34787753075716e-13 3.22997184554197e-13 2.45681253119301e-13 3.72046837782136e-13 7.52931050840289e-13 7.891798325943e-13 7.57349738478297e-13 5.15043563353856e-13 2.60480526037554e-13 3.77264885997874e-13 2.06490380350033e-13 2.39419595260415e-13 1.85507165184617e-13 1.10378373108233e-13 1.59650070941098e-13 1.60693680584245e-13 3.17523785042795e-14 1.26709753800469e-13 2.19635420961595e-13 4.1465719746725e-13 8.81528183782621e-13 9.91529081062481e-13 2.79665179903077e-13 4.94404517326075e-13 4.39415170916391e-13 4.42923475674206e-13 4.89019935656643e-13 2.0655699373151e-13 1.14673825990508e-12 8.28004331765442e-14 2.46003217796442e-13
1.8025581027814e-13 2.21522800103457e-13 3.39972494600715e-13 5.22626386612046e-13 5.98388005812467e-13 5.92137450183827e-13 3.00581781687015e-13 5.79141068435263e-11 7.65476571018553e-13 3.34188232642418e-13 6.64579502540619e-13 5.02753394471256e-13 2.18902673765342e-13 2.04813943582849e-13 -9999 -9999 3.48698847574269e-13 3.8219427622721e-13 7.24853510547518e-13 1.07628350676237e-12 9.25315379873837e-13 7.55984164158008e-13 2.50455212125189e-13 1.59539048638635e-13 2.76645373276097e-13 3.9004355301131e-13 4.08417744068856e-13 2.68984834406183e-13 9.80293624053275e-13 7.2899464242937e-13 1.0635936575909e-13 9.06275055001515e-14 1.7439383270812e-13 3.70514730008154e-13 1.69846359199255e-12 2.29360974657311e-12 5.71298564011613e-13 3.55371287952266e-13 5.85365089733614e-13 7.57427454090021e-13 8.5194074017636e-13 4.15945056175815e-13 3.51085827077213e-13 3.18056692094615e-13 2.68851607643228e-13
3.91575660785293e-13 4.78461714692458e-13 5.47872858192022e-13 1.09078301946397e-12 2.48858711415778e-12 1.45812151242097e-10 3.38199468430389e-12 1.88329285499833e-09 6.05904215689179e-13 4.52105020087856e-13 9.49751388645836e-13 7.53030970912505e-13 4.46798154030148e-13 1.66900937514924e-12 -9999 -9999 3.87923027034276e-12 4.13036271851297e-13 7.59714513520748e-13 1.31920030455035e-12 1.11470832564464e-12 8.8831164646308e-13 4.03721500674692e-13 3.20155013611156e-13 5.27344834466703e-13 4.13369338758685e-13 6.42563779962302e-13 5.77371483956313e-13 1.78924652871615e-12 1.2065126675509e-12 3.67983421512008e-13 1.70752301187349e-13 2.67441624401954e-13 3.1256108812272e-13 1.86550774827765e-13 2.92188495620849e-13 3.07376346597721e-13 2.07200923085793e-13 2.37132535829687e-13 2.44082531963841e-13 3.51663143050018e-13 6.3984373355197e-13 1.55144785907169e-12 6.16795503560752e-13 2.26274554648853e-13
5.32618393833673e-13 4.92395013651503e-13 2.76656919595553e-11 9.16940690043333e-10 1.12931915707826e-08 1.84388203511299e-06 3.30806149140272e-10 1.31805122483009e-08 3.4591218778246e-13 5.93258775438699e-13 8.42770297992956e-13 1.2652989767048e-12 2.24772422896535e-12 2.66250355096531e-12 2.91647817007856e-12 -9999 -9999 4.98256991221524e-13 7.91000598354685e-13 1.64910307631771e-12 1.02221564546312e-12 1.02269304136371e-12 1.23963062037546e-12 1.11267661750958e-12 1.04900532704733e-12 7.67952368363467e-13 3.10481640397597e-12 6.3966609786803e-13 6.06718009166229e-12 -9999 1.96909155647518e-13 8.46500647355697e-13 4.47675230219602e-13 6.3877791944833e-13 1.93045579521822e-13 9.59232693276135e-14 1.3864465131519e-13 1.05460085109144e-13 1.41620049021185e-13 1.93811633408814e-13 2.70661271173367e-13 1.4071632747914e-12 1.64877000941033e-12 1.12961862086536e-12 1.1758372053805e-13
6.18616269321137e-13 6.76225742068937e-13 1.73337122433281e-11 1.57157675761965e-10 9.1151862724459e-10 1.04873012052309e-08 4.49711019534504e-09 6.05266403663762e-10 6.27620178050847e-13 7.76689823567267e-13 7.19213577582423e-13 1.03757002989369e-12 2.15172324402602e-12 2.3558488493336e-12 4.23722168463314e-12 7.40381089769926e-12 -9999 8.97082408357619e-13 9.0685237097432e-13 1.29427579764751e-12 1.98172589449541e-12 1.4619638832869e-12 1.74379399808799e-12 2.19700924120048e-12 2.14335216242034e-12 1.45344847268802e-12 2.90070190089864e-12 2.51463294631549e-12 -9999 -9999 1.96342941904959e-13 1.09824371818945e-12 3.04275493689943e-12 8.22475421102808e-13 2.94775315268225e-13 9.48463529937271e-14 5.00488539501021e-14 6.50812737035267e-14 9.61564161627848e-14 1.07980291375043e-13 1.87605486701159e-13 2.1405099914773e-13 1.50257584152769e-13 3.62743168835777e-13 3.62043728330264e-14
1.09990905272639e-12 1.23989707390137e-12 1.31317179352664e-12 1.34023792064397e-11 1.83318993318693e-10 2.59030785709768e-10 1.18590838815713e-08 9.33053634355474e-13 1.0822454044046e-12 6.9262373614265e-13 6.33681995765301e-13 6.86417589434996e-13 8.56714699182248e-13 9.53703782613502e-13 1.14188658528747e-12 1.3129719533822e-12 -9999 -9999 5.04907227139029e-13 3.03652658573128e-12 2.68942645931247e-12 7.43615169440659e-12 2.21999085781022e-12 3.12372350208534e-12 2.05264694130847e-12 1.13395959289164e-12 9.43467526326458e-13 7.12818692960582e-13 -9999 5.39668310040042e-12 1.55914170463234e-12 2.33277841488189e-12 2.5344393250748e-12 1.28858035353119e-12 4.14090983724691e-13 1.54953827546933e-13 3.9190872769268e-14 4.03788114056169e-14 5.78093128922319e-14 5.59774449016004e-14 7.20201676074339e-14 9.79771819231701e-14 1.20803367309463e-13 7.43960448801317e-14 3.90021348550818e-14
1.5925705199038e-12 1.69083635981337e-12 2.31504815317862e-12 4.22498702690177e-12 1.42283840265378e-10 3.90924825843797e-10 1.16541887251742e-11 1.85492732285297e-12 1.17506004926327e-12 1.038125141406e-12 9.95059590280789e-13 1.03206332369155e-12 1.04490860408646e-12 1.49806833604771e-12 2.90210078190967e-12 1.84313675433145e-12 -9999 -9999 -9999 2.55583332275933e-12 2.06449302098122e-12 2.29075647339982e-12 3.5718206170543e-12 1.45320089295353e-11 2.45646836205538e-12 1.4197643061209e-12 2.39916975175447e-12 1.36366473668659e-12 -9999 3.7785663487e-12 1.5983547818621e-12 8.56814619254465e-13 1.94135818532004e-12 1.06414876910321e-12 5.36148903051981e-13 1.73638881051374e-13 5.96855898038484e-14 1.75071068753141e-13 3.7025937871249e-14 2.70228284193763e-14 3.03312930327593e-14 3.30291349825984e-14 5.74540415243519e-14 6.30384633382164e-14 3.26849658449646e-14
3.01940694669156e-12 3.44595463275255e-12 3.59234864077962e-12 5.28250776454797e-12 2.40529196560146e-10 1.99218419538738e-10 3.60821372780151e-12 3.51026985256908e-12 1.55501167498073e-12 1.10462750058105e-12 1.17573728530829e-12 1.4200529641073e-12 1.40298883621881e-12 4.68007854692587e-12 4.7232218136628e-12 1.92478255556239e-12 2.51392240357973e-12 -9999 -9999 4.1129433192566e-12 6.5000227422729e-13 5.56643620086561e-13 7.48401340899818e-13 9.95337146036945e-13 7.4718231601878e-12 1.26241239684077e-12 2.29944951968264e-12 1.6166412653007e-10 -9999 4.11086720220055e-12 8.33744184802754e-13 2.58645327377849e-12 7.72195640763584e-12 2.44049225273102e-12 3.07509573360676e-12 2.11664019644786e-13 6.99995617026161e-14 9.45621358994231e-13 1.38367095559033e-13 2.46469511466785e-14 1.9684254226604e-14 2.09721129351692e-14 3.27071703054571e-14 4.34430269535824e-14 2.98649993624167e-14
4.37293534716332e-12 4.4026005063813e-12 4.28956870024422e-12 1.00791597290595e-11 7.09110337293595e-07 9.48667144839988e-11 3.05858671723058e-12 2.45040654434092e-12 2.37618813514473e-12 1.48200340888138e-12 2.43161046853402e-12 3.38471473071422e-12 3.02747826808059e-12 6.18601836421817e-12 1.61872737436397e-11 1.00108477063543e-11 1.49508183611147e-12 -9999 -9999 1.09234843392869e-13 3.43947093028873e-13 4.02300415203172e-13 9.62818713645674e-13 4.99340568893558e-12 1.0646261650038e-11 2.86846102426352e-12 2.18777218563559e-12 -9999 -9999 2.22408758077108e-12 3.42370576333906e-13 5.37914157661135e-13 2.55722110154011e-12 4.53848070236518e-13 1.6426415783144e-12 9.24904597354725e-13 3.94240196044393e-13 5.15801512612768e-11 7.61741780763714e-12 2.16593409874122e-13 1.66755498298698e-14 2.05058192648266e-14 2.88324919495153e-14 3.59379193071163e-14 2.31925589844195e-14
3.25951488022724e-12 3.50414142147315e-12 3.59103857761056e-12 3.09491554606467e-10 4.9682761238401e-10 1.03153596775485e-11 3.065503406674e-12 2.32798225141551e-12 1.97596383699761e-12 1.95053972973369e-12 2.93350899127631e-12 3.61677354732137e-12 3.69670960509438e-12 2.5661250901976e-12 9.76769776173114e-12 7.69425634317145e-12 9.16916542692547e-12 8.17734768787659e-13 -9999 -9999 1.91493487733396e-12 5.31463761888062e-14 3.60145246958155e-13 2.65845567781753e-11 3.18199910864792e-12 6.87772061525038e-13 2.89062995761924e-11 -9999 2.04947170345804e-14 5.37303534997591e-13 4.89785989543634e-13 3.04756220259605e-13 1.83082438098836e-12 2.15498729971841e-12 8.21720469446063e-13 4.38860059404078e-13 5.97566440774244e-13 3.21409565628983e-14 1.00919272938427e-14 2.29349872427065e-13 1.0397031013909e-09 8.24873502835999e-12 1.59539048638635e-14 3.89355214736042e-14 2.24487095579207e-14
2.71793698658485e-12 2.8535729335033e-12 3.15574233411553e-12 2.14980677704091e-10 6.50460274531639e-10 3.64640539984862e-12 3.32259775248644e-12 3.06097369673353e-12 2.87605494975196e-12 2.62242449977634e-12 2.91197066459858e-12 2.0777157772045e-12 2.34594565995394e-12 2.40267805651229e-12 1.01479158409745e-11 6.87720991265905e-12 3.12495584964267e-12 1.28164145962728e-12 4.10900202751918e-12 -9999 -9999 -9999 1.20625731625523e-13 3.04275493689943e-12 1.3961265477036e-11 8.21120949012766e-13 5.4944937488699e-14 -9999 1.16570086916568e-12 1.06341602190696e-12 1.05271347194957e-12 2.32924790566358e-12 3.61499719048197e-13 6.09593486800009e-12 1.30945254639414e-12 3.85835807747981e-13 2.94853030879949e-13 2.62057042732522e-13 1.11277653758179e-13 1.54987134237672e-14 6.26870777509225e-12 2.62678767626312e-14 1.85296222809939e-14 2.07056594092592e-14 2.35034214313146e-14
2.82931456041524e-12 2.61008992197276e-12 2.83246759380518e-12 2.30202412687674e-11 8.36268470028045e-09 1.63897673211011e-11 3.77097242321156e-12 3.82713860602735e-12 3.5436875656103e-12 4.25602886267029e-12 5.49916778780357e-12 3.91818799627686e-12 2.64721577991622e-12 3.67007535473363e-12 2.69918531969893e-12 2.87372348140025e-12 1.77706738213601e-11 1.05110919967899e-11 8.02213850903399e-13 1.36772815295672e-12 -9999 -9999 2.37232455901903e-13 2.60692578635258e-12 4.51698678460843e-12 2.78502776396294e-12 1.10134124042816e-13 -9999 -9999 -9999 -9999 6.16307005429917e-13 3.09330339121061e-13 1.52484691540167e-12 8.85314044296592e-13 1.45697898190633e-12 4.96025442942027e-13 5.5220272798806e-13 1.73416836446449e-13 1.06614717054754e-13 2.4891200212096e-14 2.19380069665931e-14 2.30926389122033e-14 9.41136057974745e-14 2.06390460277817e-14
