Maxent_result_files_2/B_pyrenaeus_2.asc
NCOLS 594 
NROWS 330 
XLLCORNER -15 
YLLCORNER 23 
CELLSIZE 0.166666666666667 
NODATA_value -9999 
[rows 140 to 159 of 330, columns 225 to 269 of 594]
0.0221672203741036 0.00288795917876996 0.00178152422158746 0.00136379418181605 0.00219930983439554 0.00491282436414622 0.00160606121062301 0.0132008322281763 0.00122494196761878 0.00697766953380778 0.001534449213068 0.0026344357560447 0.000192044993296836 0.000429962847238485 0.000254046933795615 0.00129533141981436 0.000699125713236182 0.00174176203563547 0.00772939950693399 0.00120270090968688 0.0113959137699567 0.00808876828523353 0.00011778728318903 0.000380387554670303 0.00135282041883329 0.00153374659066685 0.00386870332167746 0.000435492957964811 0.000411229489101217 0.00159861458741943 0.0056114089267794 0.00152628859423203 0.000199406364114418 8.26515983485265e-06 5.94834830494162e-05 9.1555457735204e-07 9.58471618055512e-06 0.00114012649537472 0.00171703529267688 0.000155369304618347 0.000141142854881426 0.001724362931418 0.00188098208309384 0.0017678859156149 0.0014564045577572
0.00333632141846465 0.0152956764533883 0.00102668618637836 0.00289180261897855 0.00078228683269117 0.000828775294212392 0.00101862183255435 0.000380736500937928 0.00152613761165412 0.0057912456257327 0.000142168533743003 0.000316076183069569 0.00262128423528338 0.000609583512865242 0.000581391916757479 3.7173877469443e-05 0.000571073287255786 0.00204362049880729 0.0108070118702017 0.0104940149234608 0.000446845707028842 0.00195826219242008 0.00141636723483316 0.00184287631082043 0.000259025614931607 0.000558854942629461 0.000180165182589587 0.000150013189817066 0.000124759695780641 0.000778390408981977 0.000392944879745016 0.000111270427270604 0.000138301311121736 7.78796006573157e-05 0.000120466783873985 0.000565035264480684 4.37518167510698e-05 0.000612452628092797 0.00108934295458312 0.0011898560795089 0.00159010613206192 0.00138597124182525 0.00164197120011522 0.000399780964221463 0.00213757376041031
0.00616930831456557 0.0028195599486935 0.000175256466356899 0.00278181581525132 0.000187049935822969 0.000248427233054826 0.00234820074183517 0.00110854912609284 0.00122267944927614 0.00135521910880847 0.00342691159530659 0.00059943005196581 0.000137253197367215 0.00132021050785625 0.00248790233163163 0.00926238481188193 0.00067544537072024 0.00949124766048044 0.00171604823279949 0.0025581338966731 0.00232836530194618 0.00261591410962865 0.00132566161337309 0.00135229514635284 0.00157504150993191 0.000914882346697254 0.00211170193397265 0.00148839650992159 0.000679627297023444 0.000975131190074308 0.000533609060133244 0.00263968837389257 0.000932331735469916 0.000238138890081885 4.19190580428497e-05 0.000103737524927949 8.45967901838995e-05 0.00549977963673882 0.000221522461401924 8.95378428369398e-06 1.36069140510786e-05 7.36885013953303e-06 0.00154152908980905 4.29438538479765e-05 0.00168199825384363
6.87675225955586e-05 0.00232363678805996 0.00730074390012305 0.00125533205680295 0.000104266188190061 0.000102498482814894 0.000126375348131857 0.000376948792145015 0.000639579172547866 0.000425175456530014 0.000132991523689785 0.000122078981956564 2.71858529353852e-05 0.00211221647996354 0.00148962829480297 0.00191784027774702 0.00206052139255917 0.00246850667754188 0.00194946771516697 0.0045916773735371 0.00130051166097473 0.000803244026269567 0.000406737871102791 0.00372700154039194 0.00809865036280826 0.001438745221094 0.00140528710981016 0.00195252076664474 0.000768182256706496 0.000929123160312884 0.00252798724541208 0.000284099052418973 0.000134521555980882 0.000127517477225769 0.00149535993032259 0.000499746718626337 0.000170285907308232 0.000145920628794061 0.000231858820868425 1.84708505980402e-05 2.67350237352582e-05 1.91873508121887e-06 0.000571332181948492 0.00172799757710891 0.00208077758725267
0.0126102520618588 0.0022500272913021 0.000958451392852222 4.27535320167705e-06 6.3824401985968e-05 0.000174950274802044 0.000153970732549402 0.000146794766002789 9.54152441407286e-05 2.54866834635159e-05 0.000183432184908061 0.000140393434616859 0.000991834617479981 0.00168454220038257 0.00134873196730041 8.87416570201971e-05 0.00331925795908319 0.00271710736924433 0.00521488573867828 0.00566405880381353 0.00183870619330264 0.000243950551372052 0.000257045255067112 0.000117265665046917 0.000225735348541367 0.00450330888488679 0.0078544701449573 0.00825391329126433 0.000689465544398971 0.000482486065106968 2.6894854630477e-06 2.61128649662323e-06 7.36639759929103e-05 0.0016397221202169 0.00320353756324039 0.000204046059751284 7.59514588731358e-05 0.000405181595425574 2.17221425326874e-05 0.00190068543070083 2.42355512892645e-05 9.74785713636628e-07 9.64608884342355e-05 0.00214977323194034 0.00145190008588543
0.000533302306377514 0.00161286367074354 0.0168508696835488 0.00223627562042656 0.00303121287174761 0.00536643404266215 0.0087217558408156 0.0121576748788357 0.00428776591234055 0.00084800132036662 6.34503935043051e-05 0.000477767667809559 0.00184118757169927 0.0011924791506317 0.00250492729392136 0.00145191357078147 0.002133132138988 0.00569172805262497 2.71060295516157e-05 0.0018137849683626 0.00254432383881067 0.00205677678204665 0.00255413422964921 0.000395396333055942 0.00137664383655647 0.00133731375453863 0.00174686807877151 0.00114924490444537 0.017577229818562 0.00150694250987726 0.000408800481568505 0.00315210678454605 0.00169682871783152 0.000322708022580276 6.3815194422101e-05 9.03229869152589e-05 0.000311574959678751 0.00079925974418984 0.000237104737686877 0.00378185274312273 6.70442151341266e-05 5.96783543699297e-06 2.1968526271321e-05 4.18591833609927e-05 0.00111996730702231
0.00449430848493648 0.00255654950797179 0.00232471963827265 0.00148839263656555 0.0021615362715238 0.00187293413528096 0.000779678283743124 0.0185224530054256 0.00350171664067602 0.00180084462481318 0.00695386532315752 0.00167102237046493 0.00113144463794015 0.00234489776958071 0.00114854837338498 0.002290473712128 0.00629533040337265 0.000910325247273391 0.000867742766930135 0.00259452288701141 0.00052032469934602 0.000823998325176944 0.00283427232352551 0.00279023300718109 0.00133229147159 0.00400146917672828 0.000281387929809396 0.00497642459231429 0.00323350230901269 0.00443177715060301 0.00104691223177724 0.000249975509212064 7.49914694123888e-05 0.000457642632773059 0.000816457901555623 4.96724796884562e-05 0.00031879770567258 0.000290286882150781 0.000173507458608491 0.000904656871898624 0.00139936353971279 2.05424326784387e-05 8.55015654636082e-06 1.39461518544493e-05 4.41556577757241e-05
0.00150283891078402 0.00288496162647789 0.000494575661832641 0.00276567402179353 0.00509594704708434 0.00189615059648531 0.00311903773053928 0.000803253312278684 0.000875045404882258 0.000268576728825565 0.00157255639351206 0.0077151857141871 0.000339436301994489 0.0021425394698781 0.0013888763921841 0.000161833963890068 0.00214140113193935 0.00161427611164982 0.00813230646890588 0.00170371263593552 0.000479217001839061 0.00174365872662747 0.00056133827965823 0.0012238838506164 0.00131393385963747 0.00292137854194152 0.000286805540255919 0.00150162383724819 0.00549384651239961 0.000122024634734408 0.000425362198254753 0.00257062692435284 0.000196311091168777 0.000560483393212508 0.000188583593220137 3.80306927375562e-05 0.000159754424181857 1.51780605493479e-05 6.26271167529446e-05 5.84021190394912e-05 0.00124368407978181 3.11196347262288e-05 4.04216593035134e-05 9.84406044766684e-05 1.73659820018712e-05
0.00350495860566298 0.00257651191168407 0.00085038135157447 0.000950131424020972 0.00231862324380927 0.000488395121009333 0.000977008979392924 0.00377105365259922 0.000784762950843287 0.00113042208390652 0.00187182703448343 0.00562077778558887 0.00193654217582662 0.00188942419772502 0.00198549120250391 0.0107927059056237 0.000915987657890582 0.00244643562255078 0.00426345084924833 0.00179845614693477 0.00232041353228851 8.41588053409059e-05 0.00127998678290169 0.00183894875226542 0.00182243077870226 0.00293894608330447 0.00444944318733178 0.00128986599156633 0.000981647476328362 0.00121142704465456 0.000276516047188835 0.0005071717780325 0.00043623002776485 5.01583346286805e-05 0.000518877919883209 0.000269278139207785 0.000200468507370766 8.13866428033272e-05 7.79843118819845e-05 0.000237553872205609 0.00158296789163614 0.00119976890910038 0.00144814930172288 6.66138360745583e-05 0.000261665524344323
0.00870834800880402 0.000881174750475111 0.00225239603205409 0.00332157506345538 0.0116998455952853 0.00168194524495453 0.00107334233483076 0.00269949474100031 0.00119749665713016 0.00135950305543702 0.0019919062833651 0.00052762809103335 0.00243580684109475 0.000421817731694318 0.000374475013248343 0.00146053699209006 0.00494743560047937 0.00129601423187182 0.000278568300646698 0.000109738465495324 0.00859577569790417 0.00236275433562696 0.000484103774215328 0.000484820083511295 0.00205627891991753 0.00168269760033581 0.00124630749560311 0.00049357397674612 0.0129137878604524 0.00108041487837909 0.0009108629241382 0.000943202648340957 0.00265208704731776 0.00134600285341548 0.000634982752387714 0.00338349371304503 0.00024489484389143 0.000496543211107436 0.00242694378703163 0.000358233520367435 4.34215124588411e-06 0.00406163999286946 0.0100523068562325 0.000657683072040527 0.000661371245041664
0.00224401324458086 0.000915639619506692 0.000324651893735961 0.00190520435753569 0.00186915534359287 0.0080337816150859 0.0103201335819904 0.000569630136199351 0.000706817544761407 0.000865643943206695 0.00150252781771245 0.00122798253924969 0.0183956668246537 0.016356003517285 0.0112381048616953 0.00196147910319269 0.00188171486533975 0.00218037501172148 0.00120665258921839 0.000508989809205362 0.00935952198924497 0.00213288106569962 0.00062423156646787 0.00187849722087776 0.00235395158269966 0.00189763185589982 0.00308345561352326 0.00121299326638109 0.00161716941511258 0.0117061762619414 0.000161129556651396 0.000919660282488621 0.00124132113487576 0.000109812023219347 0.000174997670096921 0.000412050023183497 0.00045083093614835 0.000537757209335865 0.000299882179034316 0.000142824944621367 0.000334763481289357 0.00169444399725762 0.000846063074004633 0.000815711274663045 0.00117391801904887
0.00105111221600964 0.00115946903388249 0.00221630043524783 0.00165746882921667 0.00366372980934102 0.000160388494522223 0.0034745977662169 0.00042776013857484 0.000758266132862673 0.0032716869511205 0.0039689704637567 0.00874604667769745 0.0085670295462478 0.000239339399075811 0.000985990040012563 0.0099284136435017 0.00313090529216424 0.00421343859343324 0.000662895979435518 0.00125244167002023 2.75065063000457e-05 0.000275907645242057 4.9900211926901e-05 0.000558053983159823 0.0039997907475481 0.00106362125118267 0.000631676146736027 0.000982706215376084 0.00178453032021935 0.00666050424915738 1.40227618165567e-05 0.00159121773413062 0.000778404708671587 0.102104903343896 0.00125744223423681 0.00244150896396604 0.000749556334756107 0.000414456302979715 4.30305480243476e-05 0.000142989298035801 0.00128113355976893 0.00221046100014064 0.000407025693594676 9.02235136320262e-05 0.000794397854861018
0.00189091730608197 0.00184714752431319 0.00418918341893004 0.00357194358221022 0.000978756146309934 0.00219051934736854 0.00476774707203731 0.00058592880367998 0.000317658633551243 0.000783416842293616 0.00538192497042473 0.00748308810725575 0.00283496682532132 0.00219850071507608 0.000336586653066462 0.00215694253847687 0.000110133070305896 0.00205877094231255 0.00257142691298213 0.000661088190075532 0.000605183627641992 0.000188759885220602 0.00208918613443529 0.000448952955423465 0.000297808231384167 0.000164257264909318 0.000206742961829676 0.000272044559500273 0.00612553655155352 0.00166255084332079 0.00314671121377614 0.00107806194687328 0.00137069104025613 0.000790680369912877 0.00171169591726539 0.00118294394151235 0.000580773407801871 4.69383417686431e-05 0.000412129366850156 0.00115766881792752 0.000885330785195038 0.000372698684009265 0.000140430394236546 2.68943170604663e-05 0.000136850892610596
0.000830633424266125 0.00196399518536055 0.0178398284886498 0.00283863306576677 0.0102055057650432 0.00054082590663711 0.0004482518259465 0.0011926190183658 0.00406464148691157 0.00231697179472263 0.00144871560473669 0.0014694006123932 0.00222060944324767 0.00174536922372681 0.00253425414193771 0.0165665482636541 0.000376728529877957 0.00112353336505748 5.78216848772684e-05 0.000232189885193701 0.00320409975415714 0.00108380523498255 0.00205996881945794 0.000495319000063432 0.000371832119749627 0.000383893018602777 0.00378146095135889 0.00379037334350869 0.00206760487271822 7.07842132227299e-05 0.000122477776044416 2.45203255802573e-05 0.000143070969099135 0.000185797007642829 0.000119446721344063 0.000200360867767557 0.00250089559704065 0.00013310528636703 0.000909578309187964 0.000252888770206994 0.00192412024334772 0.00179603886826953 0.00262154133306467 0.000855889850481617 0.000885025418853047
0.0022143567832245 0.000681216550992758 0.0023666383291129 0.00580418525642017 0.0020330028663011 0.00119214911901508 0.00142429974366678 0.00167453323083464 0.000564216815587315 0.0051818779844325 0.000166855181518599 0.00267624210973736 0.000805010189014865 0.00128060615702452 0.00182193461296265 0.00493080044780072 0.00416828414909105 0.00380647539859638 0.00401838766301807 0.00584844167533447 0.00212962430107382 0.00298800011005369 0.0106554587142929 0.00603043378796428 0.00223646984668449 0.00149794469853646 0.00350644955469761 6.11159783780124e-05 0.000828453392455231 0.000327897258608856 6.57468801160133e-05 0.000148655792898023 4.83751565504176e-05 0.000300673878392743 0.000162352000056032 0.00040907314012486 0.000474381477787666 0.00171907687881685 7.87621785078851e-05 0.000154151199830999 0.000216793902846035 0.000983622981448207 7.95078776170466e-05 0.00387465113817598 0.00022260860718859
0.00051603034917207 0.0022976969514275 0.00217505768123374 0.00384659413975896 0.00220734839790566 0.00329751818389923 0.0102870828239247 0.000202186618149947 0.000923383937450239 0.0106498363777064 0.000262734260831365 0.00798987778834999 0.00186429976929503 0.00216161449498031 0.00165895144091337 0.00149013061218284 0.00109092641853294 0.00245833642966318 0.00285398575888394 0.00522892903973116 0.00238900943354565 0.000405240403136276 0.00139074290527788 0.00168061952426797 0.00129276044153812 0.00194184771116852 0.000462765804469001 0.000785172111102383 0.00047487674806348 0.000134055683884071 0.00029284924738846 0.000206313575316841 0.000125943104626658 1.26715064093119e-05 3.45318173899045e-05 7.58322350672524e-05 6.64321223565634e-05 1.27329196057735e-05 0.000137295989688413 0.000109048074471541 3.92857507361288e-05 0.000831734448075849 0.00037257529936312 0.000112123140656095 5.36668244359273e-05
0.00505705493487767 0.00307751104619456 0.00199878341009025 0.00634807827373152 0.00119068446599613 0.00312445375893731 0.0127247554715723 0.00259526533045573 0.0029447030130541 0.00139362989132223 0.00601371283410117 0.0133784994017333 0.00551275676407386 0.0133637238410302 0.00147581856447232 0.000188762507666018 0.00152429787458459 0.000299555228735926 0.00111535211635783 0.000245308102875086 0.000367704462573215 4.78761833218599e-05 0.00230984113004524 0.000373455089855312 0.00825936069013551 0.00205056844079081 0.00264447630252107 0.000236835819798387 3.09669544012903e-05 5.04920094192007e-05 3.06925520052737e-05 9.53554960165692e-05 1.1231996661154e-05 2.07163035533142e-05 1.23018120345098e-05 0.000681629266281902 3.05007988491313e-05 3.5304210190934e-05 3.90751873628026e-05 0.00018582846728723 0.000288565183118816 1.49370012122452e-06 0.000417215765268963 0.000883889003307559 0.000758116743736537
0.00230074611733926 0.00156712379102828 0.00264530663589539 0.00204055927461013 0.000249370067137988 0.00444618162073311 0.006161816920212 0.00173302550990968 0.0132971446029842 0.0183132378268056 0.00113032557073893 0.00328595628743642 0.00586957579798764 0.00146781905355056 0.00674226981936954 0.00151614268761477 0.00888301245868206 0.00295155362982769 0.00245256536718443 0.00435343259132424 0.000593922934748026 0.00183562344207076 0.00520080378628336 0.000453188339596267 0.00190093402736693 0.00637209283886477 0.000883783082680623 1.83142923203539e-05 0.000238905056020799 5.75955186746802e-06 3.81380258906106e-05 8.28257622315087e-06 8.790364447675e-05 0.000100534012071063 0.00113834504797978 0.000834962546903739 0.000842494681145922 0.001201029767617 0.000686015392562922 0.00180684511506115 0.00118646304995309 0.00104320614972266 2.86803432368643e-05 7.16215928135089e-05 0.000960756711310751
0.000615133625893804 0.00512167671404313 0.00409165315022619 0.0108464763266966 0.00409926206339151 0.00605596272071125 0.00312546357617975 0.000742226855764638 0.000240832241268762 0.00189567308113965 0.000188259967784521 0.00452776257952792 0.00145366568210648 0.00333179451081378 0.00145025354732518 0.000753637772948679 0.00176361303165322 0.000800033177290516 0.000103003405906466 7.99797400687252e-05 0.00497885086588212 0.0015923925201605 0.00173984348239173 0.00092026681071502 0.00407312765601091 0.000112468246877706 0.000184846441489839 0.00011668708570779 7.45000929316397e-06 0.000100074916723858 0.00133685688826972 0.000122569615227874 3.55436082892901e-05 8.27874954681396e-05 0.000181281796063892 0.000241836006907548 6.47670236690656e-05 0.000229271123850383 6.56726687864428e-05 4.87243477996668e-05 0.000187666991081947 8.49070249069661e-05 0.000103653770412171 1.24153792852022e-05 1.41664725627932e-05
0.00419916532327988 0.00176897321671277 4.03942272026114e-05 0.000698470561951581 0.0015050464306114 0.00852650623419322 0.00408788097229262 0.00515529591648374 0.000272268624425553 0.0046831161940645 0.00117853528943215 0.00351625701650846 0.00237714809852605 0.000152707615261249 0.00530229784053518 6.56434625738944e-05 0.00028382041885342 0.000286682699219476 0.000275704793128995 7.10004869059588e-05 0.00532396241615061 0.00233573585792328 0.00134971900276923 0.00271365670450905 0.00211785139172207 0.000203273650268521 0.000290497809143453 0.000203877391417251 8.77621175440213e-06 0.00081530959432925 0.000274640444707153 0.000102696112254808 0.000162038789523222 9.72015834648676e-05 0.000838275509016739 0.00260159035588003 0.000265935626986269 0.000228458908495499 7.22295025626263e-05 3.80776779428493e-05 5.20049090290464e-05 8.47243580341606e-05 3.69555904230823e-05 0.000107876980780652 1.45664599988771e-05
