Maxent_result_files_2/B_quadricolor_3.asc
NCOLS 594 
NROWS 330 
XLLCORNER -15 
YLLCORNER 23 
CELLSIZE 0.166666666666667 
NODATA_value -9999 
[rows 220 to 239 of 330, columns 322 to 367 of 594]
-9999 -9999 -9999 -9999 -9999 -9999 -9999 -9999 -9999 -9999 -9999 -9999 -9999 -9999 -9999 0.0981559820473194 0.705068045854569 0.359249410033226 0.138144214823842 0.775073862075806 0.342359101772308 0.414686769247055 0.441384974122047 0.258585351705551 0.14506074488163 0.103866616636515 0.0302217571414076 0.322691703195187 0.0287869156891247 0.0260242216696497 0.131414729822427 0.020530202719965 0.0266715677978937 0.00832082727574743 0.00549911144407815 0.00422694643166324 7.52865522194668e-05 0.000318368507214473 0.00131279428751441 0.000979264895431697 3.76942295133631e-05 1.55726932348443e-05 0.000141629851623293 0.00462232332683925 0.000161198879436597 0.000518008092649325
-9999 -9999 -9999 -9999 0.0215160483960062 -9999 -9999 -9999 -9999 -9999 -9999 -9999 0.179089783132076 0.13078881688416 0.183240236341953 0.633461302518845 0.317768768966198 0.316394817829132 0.285666692629457 0.426930259168148 0.903889280557632 0.483184584975243 0.322247103601694 0.0930368782021105 0.0760142914485186 0.0861799063626677 0.0217239074569079 0.0164529163506813 0.0233184542157687 0.0198618291586172 0.0161821147601586 0.0187516193574993 0.0231683533493197 0.0819347251206636 0.10635773697868 0.0476407366804779 0.0220168932341039 0.00856570387086322 0.00086559599735665 0.000569516976247542 0.000176714804729272 5.72973438465851e-05 4.13096266527191e-05 0.000627206216029208 9.81530285443455e-05 5.89213029357438e-05
0.0461657301522791 0.0192751536611468 0.109336455538869 0.0429409416392446 0.326054936647415 0.175483001768589 0.0451115500181913 0.0966680370271206 0.00778623945989239 0.124469478428364 0.0291575303301215 0.0909941190853715 0.218968952447176 0.678488671779633 0.611181798577309 0.216916927322745 0.487532487511635 0.293226249143481 0.523222443461418 0.323354564234614 0.318224425986409 0.046702764564543 0.344562223553658 0.0216829701108509 0.0167871652440226 0.01404780726225 0.0196687523726723 0.0112180327902024 0.015473596159427 0.0124680468397855 0.00765922572390991 0.0121211986246635 0.0223344624275342 0.0190900372777833 0.0713072468526661 0.0034295679832212 0.00496664444819999 0.0305247189186048 0.00516115255122713 0.000648330881761439 0.000847967207664624 0.000560828940069769 0.000408079368207837 2.06424671830519e-05 2.66419158521103e-05 4.66701378314838e-05
0.167695992439985 0.285765542089939 0.339039579033852 0.65266620516777 0.534162020683289 0.288662311434746 0.481689587235451 0.129827243834734 0.170431660860777 0.106048536673188 0.723974740505218 0.439953207969666 0.445857547223568 0.165869003534317 0.0163501690607518 0.198262215405703 0.197746937349439 0.00805580708019988 0.0134527937072562 0.0783665582537651 0.0625760244205594 0.115251520089805 0.409305046498775 0.20062231272459 0.016203002439579 0.0151777164064697 0.00493272618150513 0.00170978931691934 0.00143752445255814 0.001571800446618 0.00153367846187393 0.00225440847480058 0.0109625707409577 0.0136208000694751 0.111412424501032 0.0746737947221845 0.0591086019296199 0.0211227207750198 0.00992262125364505 0.0143546273402762 0.00489235662786438 0.0117184300193912 0.0300652980804443 0.0110747406957671 0.000718472012522398 0.000474445631607523
0.117355682328343 0.0871751442551613 0.416966210305691 0.0616389907896519 0.180060990527272 0.114538056030869 0.0828125366941094 0.355284334719181 0.218933557718992 0.379999069869518 0.272128084301949 0.271430256962776 0.12199070956558 0.0354629570676479 0.274798167683184 0.242633768357337 0.0313267242861912 0.0113848416418477 0.0209358618798433 0.0473379320435924 0.116326748766005 0.0608315880526789 0.429165986180305 0.119962609279901 0.0130186952017539 0.00454839501162496 0.00234268184703978 0.00435317117880913 0.00365543277348479 0.00112304545805273 0.141839960898506 0.00433033702411194 0.0118579619382217 0.0105309040867724 0.0577745834365487 0.0836560091003776 0.0146182633849094 0.0251389345707139 0.0484570692788111 0.0284219247754663 0.0285652708931593 0.03220219546929 0.105978239700198 0.019673471711576 0.0300500641576946 0.00466514579893555
0.0116764723919914 0.322361600399017 0.0644816560670733 0.00830802646814846 0.136058418080211 0.093948151730001 0.0680278915911913 0.0668726671487093 0.016515085240826 0.0141326445631421 0.0529684025794268 0.0123554218298523 0.0600331202149391 0.0263125146630045 0.107466311380267 0.0315196116775041 0.0344631150714122 0.0324563504284015 0.0344234143165522 0.0121144095774071 0.0288573114856263 0.0382461305474862 0.0191175249397929 0.0148117961896787 0.00616862201313779 0.00240931164225913 0.00485248345303262 0.0100283019219205 0.00505925500365265 0.00154919341439381 0.00235585398040712 0.00448137727016729 0.0475446969270706 0.0141024020624172 0.00467643294814479 0.0250219320645556 0.00597893876074522 0.0156990386050893 0.110807817103341 0.0240239223930985 0.0208581015031086 0.124894644133747 0.0596425248193555 0.0258131667043017 0.153894349560142 0.0185292459862467
0.00818052106769756 0.0197253051272128 0.049448599293828 0.0114297671756503 0.0179639615147607 0.0159928249042423 0.00455495855985646 0.00295631707667781 0.0174976077396423 0.00376601972693606 0.0384703040122986 0.0152945325920882 0.0555992353707552 0.0647316757589579 0.0727713083848357 0.0907694702968001 0.0213342926377663 0.0216562683664961 0.0187456615283736 0.0164634997068788 0.056186742708087 0.00745272118383582 0.0129745641170302 0.00367483068703223 0.00594510776572861 0.00793607865889498 0.00525144001421722 0.00803373669350549 0.00468723919666445 0.000522583618169392 0.000171877568936907 9.74307700900567e-05 0.000139806106029994 0.000100620313799027 0.000292368527186682 0.000774252078736026 0.0042400679025377 0.00721155316059594 0.0190126932240673 0.122382141277194 0.0894650891423225 0.254401344060898 0.0123430911829928 0.0149347394704819 0.167628155276179 0.116802441235632
0.00930021338281222 0.0043128471053933 0.00496744311130897 0.0453657570295036 0.00192538489172875 0.0170223253313452 0.030032817972824 0.0311645198613405 0.0387742575723678 0.0463029255159199 0.042600448615849 0.0438496474176645 0.0446423823013902 0.0473096253350377 0.0111583197009168 0.0100987838002766 0.00910598240898253 0.0559733213856816 0.0343289674259722 0.0272644565440714 0.0016905710809624 0.00146848973233773 0.0144414983689785 0.00516118330733661 0.00590482031238935 0.0585008450667374 0.0111011332621274 0.0134967407517252 0.00252923770285633 0.000333675925611487 0.000100848775666407 2.47661588502979e-05 1.7177957526826e-05 1.79523784964886e-05 6.92208488999313e-05 0.00013945848808703 0.000884140250241217 0.00957155203213915 0.00925800903933123 0.0728661266155541 0.0909178028814495 0.0120120960084023 0.0131789897553972 0.0209917125899665 0.21773484647274 0.0864107478410006
0.00366116422992491 0.093185499124229 0.0402490966953337 0.0405567421577871 0.0406879573129117 0.0153816308928072 0.0114367399779439 0.0100659663443366 0.00280034907464142 0.0218778746668249 0.0307485071476549 0.0211324285017326 0.00649424885250482 0.00673515207818127 0.00525065730589631 0.00594528618512413 0.00894598242030042 0.00634354878911836 0.00515036801507449 0.0135258455760777 0.0197448276914656 0.00748421835633053 0.0112152257948765 0.0452523839659989 0.0344270028173923 0.0301240774802864 0.00861331870783033 0.00875489596619445 0.039960996247828 0.00701371448412829 0.000506780602961499 4.59905590972198e-05 2.06647509337188e-05 3.1507624903071e-05 2.67629785000167e-05 1.41601256459012e-05 0.000107696348180752 0.00127562595857853 0.0083145114909712 0.00914391382029862 0.0556683282833546 0.008427904380369 0.00796147270302754 0.00952933662410942 0.0122943825583206 0.177935995161533
0.00499509845903958 0.00546346433475264 0.00491659690378583 0.0392535324208438 0.000365552506411859 0.00284973212365003 0.0124610784841934 0.0361325869802386 0.00851703936205013 0.00115576441180565 0.00788172374013811 0.0267434245208278 0.0349060640204698 0.0374771624337882 0.0106335625394422 0.0456467682495713 0.0385282492265105 0.0355090610682964 0.00892059079797036 0.00966578383595334 0.0441745638847351 0.0127980250610563 0.012450110196005 0.00843545773332153 0.00515009856817414 0.00461824129961315 0.00509269206422687 0.00606308662108859 0.030276388861239 0.0103786937561381 0.00744934436970652 0.0222169436980039 0.000823013319859456 4.15633781813085e-05 0.00382511197822168 1.0852292711494e-05 1.52914684589334e-05 0.000138635786541386 0.00119835670629982 0.000226091558670305 0.0014227954181024 0.00673275232475135 0.0116907271771197 0.00676432089785521 0.0360200013034046 0.180274647846818
0.00583026150707155 0.00224920663167723 0.0115509376861155 0.023984545096755 0.0386052071116865 0.011158209759742 0.00567984635781613 0.0273879858199507 0.0043003807295463 0.0278954090550542 0.0281576125416905 0.0274026849772781 0.0271497776731849 0.0246229494456202 0.0347691185306758 0.0339852398727089 0.0283012415282428 0.0276061019860208 0.0234277502866462 0.029601941164583 0.0282626070547849 0.0249609106685966 0.0211979916552082 0.0185631609987468 0.00189126593472793 0.0224576898384839 0.0201892404351383 0.00729644112998358 0.00629983740509488 0.00632152770522225 0.00231606167899372 0.00460287830792367 0.00057730898513455 0.00148086789906756 0.0440633159700596 0.000214112715912052 1.89604349754902e-05 1.48929194555336e-05 4.48451370374414e-05 0.0173174878116697 0.00607309842289396 0.00976720058642968 0.0120442436898884 0.0179873710854736 0.0207334115708363 0.0227243861387251
0.0244139760266989 0.0304908878169954 0.0300825309474021 0.00689972094987752 0.0279224454425275 0.00775695421907585 0.0318171229213476 0.0315111855044961 0.0314702787902206 0.0287187728565186 0.00659275012876606 0.00758711776506971 0.00787284760081093 0.0277047200594097 0.0261831717099994 0.0309082963969558 0.0357347728684545 0.0302811745554209 0.0236090392107144 0.0261328251333907 0.00710308935686044 0.0117640524171293 0.0163094921037555 0.00645755600417033 0.0111912387888879 0.0209961904212832 0.0318327912129462 0.0428645794279873 0.0126257627780433 0.00757098600115569 0.00723094664099335 0.0234474557451904 0.0164266768377274 0.00211750821827081 0.0117185337350747 0.000155009452413424 0.000251380410554702 9.31393213452481e-06 0.00071055204209266 0.00121984489940091 0.00574455190726538 0.00145440305641387 0.0104552170545503 0.0131681121551082 0.0156558437098283 0.103549460880458
0.0332543931901455 0.0307258478365839 0.00286190200822602 0.00587275888901786 0.0186371832620352 0.0621689731255174 0.0121328160399571 0.0250613396987319 0.00291251536255004 0.000374397602081444 0.000846309186727012 0.0239031795412302 0.0258724229875952 0.0240156508050859 0.0185288194101304 0.0180957761360332 0.0241437386255711 0.0246475049993023 0.0191740175941959 0.0219624715158716 0.00798070149030536 0.0011617437808809 0.00611162109998986 0.00673795217880979 0.00252092968630677 0.00487536811388054 0.0296767252031714 0.0315371630713344 0.00942773035130813 0.0326656824909151 0.0206091492436826 0.0173011052887887 0.00574230392467143 0.00576337826223607 0.00101214879475719 0.000262137509764671 1.963274225254e-05 9.81906992070236e-06 7.43454028730994e-06 0.000101107635267239 1.23347468885981e-05 7.92726773710228e-05 0.00240100076189265 0.0226090666372329 0.0735058069229126 0.118760803015903
6.73020470571828e-05 0.00041794832004598 0.000408679022302749 0.00544816124020144 0.000334143377358487 0.000106292981251954 0.000947064891806804 0.00033926587420865 0.0001240200547727 0.0034137010203267 0.00586809158558026 0.00668687177094398 0.0117058477597311 0.0236901462543756 0.0205305132083595 0.019040146889165 0.0073126440634951 0.00571827698731795 0.0125950529705733 0.00549075390445068 0.00126399189980475 0.00140552053130705 0.00394547517644241 0.000626839752112574 0.00827408342156559 0.00397024548601621 0.0178171677980572 0.00410604834760306 0.00300889826812636 0.0196626514662057 0.00257975294734933 0.0142663135426119 0.00455604089584085 0.0220568678341806 0.00196569857266695 0.00624133609235287 0.00174490514327772 0.000106570243224269 2.92117772914935e-05 1.11653764884423e-05 1.3712451713932e-05 2.26138697474454e-05 0.000123039791287738 0.00495910675963387 0.0056321894579014 0.0525516908615828
0.00195050500436045 0.00117625002633182 5.16100854724755e-05 0.00896177428414103 0.000164130112557359 4.06397380800172e-05 6.39501683963317e-05 4.74534208933619e-05 0.000102987214609129 0.0067285482538864 0.000214039343836703 0.000121948261289617 0.000864025091868825 0.00109098555985838 0.000309650804638295 0.00165269650169648 0.00030952126601278 0.000358425404692753 0.00539296661736444 0.00534842185443267 0.0058453046483919 0.0053648064036679 0.0242448063101619 0.0244657082017511 0.0292781956028193 0.0301691611297429 0.00439796505961567 0.0908167872390018 0.000905017947252418 0.00653464763890952 0.00345952652869528 0.017020732909441 0.0123176257824525 0.0141071758233011 0.0162658462766558 0.0111642979085445 0.00046294367457449 6.06295967450876e-05 1.29440550349358e-05 0.00010760706027213 0.000105002315831371 3.68884309653872e-06 8.63828703074887e-06 1.72731073753596e-05 0.0028198051819345 0.000820192355968175
3.23036796174847e-05 0.000113784359496094 1.60233356652384e-05 0.000109156611154049 0.00501913089474098 4.6404041461301e-05 5.74116840084571e-05 1.60785926027529e-05 0.000115266423404137 0.00103589342033956 0.000167505615559094 8.86800772263996e-05 0.00411581050138921 0.0288434031419456 0.00200866033810598 0.0015444020888026 0.000994803757384943 0.000164845500103183 9.96154379890868e-05 0.000283937475842322 0.00251900994298921 0.0234384689014405 0.00289981365458516 0.00742487914394587 0.00185660751139949 0.00155847778241878 0.00257754783378914 0.00108119612500559 0.000727400237838083 0.00301549853738834 0.0140402996446937 0.0143086758907884 0.0109775533899665 0.0127145288046449 0.015923976409249 0.00932676875963807 0.00415279985172674 0.000600198049505707 2.25159120880392e-05 5.49110891241433e-06 5.89977374147566e-05 2.8091162656807e-05 0.000645822082094583 0.0021941333077848 9.08991293073313e-05 2.13411415288078e-05
0.000104071199848477 0.000303896882087429 1.8055448447285e-05 7.4292150088695e-06 4.33328001918198e-05 0.00013323002301604 6.270531963537e-05 0.000208650361355467 0.000176206986634497 4.4281701593718e-05 5.03139105148875e-05 0.000338317620480666 0.000127056271321635 0.00112225376942661 0.0009732847858686 0.00919223597738892 0.0157051008893177 0.00351467346408754 0.000939417330664583 0.000434149650027393 0.000625728780505597 0.00316099041810958 0.0180681323399767 0.00486517894314602 0.00429084814386442 0.00289739669533446 0.000272749349824153 0.00052047654346552 0.00125885325701347 0.00153284422603974 0.014823472360149 0.0122915060026571 0.0114196965238079 0.0120523088611662 0.0126961316913366 0.0019482336024339 0.00018266635506734 1.62746422134319e-05 6.40599635932659e-06 5.36765924294969e-06 1.50976927249857e-05 1.83739543999195e-05 2.88967908918636e-05 0.00141643535780531 0.00595785982441157 0.00107477075944189
5.62974890267465e-05 2.88447682692095e-05 0.000519668635661219 0.000509574732313922 0.00163526400210685 0.000186992672888664 7.49636437490153e-05 2.40143113614977e-05 3.032950035049e-05 1.83406688250898e-05 2.16538670599675e-05 3.54965869632906e-05 2.0319389125234e-05 7.48557435912289e-06 1.20933744881313e-05 9.18378013011534e-05 0.000174033924690775 0.010016457666643 0.000443006678870006 0.00518346323951846 0.00163115460090921 0.00397186727204826 0.0122096594277536 0.0147862080251798 0.003642429597312 0.00316652912042628 0.00061228176291479 0.00055405383291145 0.00189566431054118 0.0153903054073453 0.0156746656168252 0.0116832527564839 0.0132944919867441 0.0132112675346434 0.0122804161161184 0.0101103409659117 0.00069710147799924 1.86528855003587e-05 3.78059045871737e-05 0.000362074992153794 0.0019838722318454 2.83408356942516e-05 1.80180144539577e-05 3.29867460976629e-05 0.000857857998926192 0.00235751784639433
0.000152260958793704 0.000170263604513821 0.000188069787168388 7.61809106336386e-05 4.43548160490081e-05 1.35022621577718e-05 3.19034663220918e-06 8.22600341763291e-06 1.28681141347897e-05 5.32414689189409e-06 2.52633140718217e-06 3.13613237707955e-06 7.73204025961149e-06 1.23265104747361e-05 0.000546399542553244 0.000102604617478341 1.98762662023455e-05 6.87951923737273e-05 4.00313931322671e-05 0.000280963398336098 0.000758190624219424 0.0124640449183062 0.00299372939771274 0.0163074958603829 0.0213298553135246 0.00609318235401588 0.00642934170500666 0.190719031347544 0.147829036306983 0.0159033495699987 0.0145656919106841 0.0126591096632183 0.0147445262642577 0.0101554896915331 0.0111044867429882 0.00112185699417751 6.90753322032833e-05 1.94225311389573e-05 0.00039991358632514 0.00107972328342443 0.000674212479574987 0.000137894873296318 5.09071478674628e-05 3.04010706685176e-05 2.76735598308875e-05 3.20304670992755e-05
8.89832186658168e-05 0.000285529962093278 3.01988615774462e-05 1.26645892663646e-05 9.89474556334358e-07 8.0417623777862e-07 8.05365840950145e-07 5.64792454710195e-05 1.16076444669488e-06 6.91502905425523e-07 5.41427183264887e-07 6.20378158799895e-07 5.85458766622082e-07 6.18490827264395e-07 8.12309587416848e-07 1.89195656332686e-06 8.91401477787213e-07 1.72514539826807e-06 4.32764115245732e-06 2.38876305207469e-06 2.28193506018215e-05 0.00170440642978065 0.00196542606572621 0.00381824771175161 0.0127305182861164 0.0191291032359004 0.018017384596169 0.0168195047415793 0.0150966984219849 0.0174700273666531 0.0146064827451482 0.0157775232568383 0.00794091203715652 0.00953161779325455 0.0108919941820204 0.00118758929893374 0.000136160862024326 7.55902042556045e-05 0.000939635056517885 0.000773135478267994 0.00022293094777841 0.000203012546461423 1.12609491043969e-05 7.23961220359115e-06 1.15102401863965e-05 3.733237389838e-05
