Maxent_result_files_2/B_quadricolor_2.asc
NCOLS 594 
NROWS 330 
XLLCORNER -15 
YLLCORNER 23 
CELLSIZE 0.166666666666667 
NODATA_value -9999 
[rows 100 to 119 of 330, columns 460 to 505 of 594]
7.66220040077314e-05 0.000348032731017156 0.000432454827023321 0.000113229766247969 0.000332190134395205 0.000640209012999549 0.000166423562382079 0.000445570786723692 0.00146578470885288 0.000819241867066012 0.000359745707783077 0.000375022141543013 0.000856729555380298 0.000295021298734355 0.000125399950161409 0.000171825371398882 0.0002645386113727 0.00020492774210652 2.83671775349603e-05 8.10760083140849e-05 8.4510670274085e-05 7.96883185330444e-05 0.000559141539906705 0.000385995203487255 5.4982346669874e-05 0.00115287061234994 0.000286116037932516 0.000341993627989723 0.000619548877511988 0.000295195758735645 0.000426132062602846 0.000874392456171336 0.000226011838140039 0.000360633572654478 0.00100139070764271 0.0020949035158992 0.0340574490604922 0.000238414013714028 0.0210582255909685 0.0115684373769909 7.26955404161345e-05 0.000138041111586062 0.000207302760691164 0.00109959772216826 0.00633853112340148 0.0051846331145498
0.00014716013083671 0.000149546917782573 0.00015833725497032 0.000712753970219637 0.000279153039628 0.000201557502487049 0.000308475194742641 0.000284897419487606 0.000296839091015499 0.000227110008017917 0.000414348591630187 0.000377877470054955 0.000338117029059504 0.000217012716802856 0.000384726364063681 0.000350698449574338 0.000212475761384212 0.000130106420954235 0.000100678754694172 0.000104141854461659 0.00036230067107681 0.000395662865389568 0.000537834605438547 0.000213907005149849 0.000214570561377059 0.000445149584402316 0.000535152911379555 0.000621005483571935 0.000652830487888423 0.000870207484695129 0.000817939672197099 0.000409429406295203 0.000790927198613645 0.000176688641030864 9.47319819442294e-05 0.000654803487032041 0.000326812798175524 0.0135706586646847 0.0253767594695091 0.00442017807072261 0.00321792166942032 0.0303468342870474 0.00368504209036473 0.00186419844758348 0.0632344900397584 0.0247039241483435
0.000513304037485796 7.65095292535989e-05 0.000130114902867717 0.000497319296846399 0.000486513584564818 0.0005478525910803 0.000378722972482137 0.000240226471123606 0.000107227264606991 0.000366510162166378 0.000969712291043834 0.000487065027664357 0.000658638508389231 0.000463930388104927 0.000324301401906268 0.000343728350810579 0.000121654278634864 0.000393953555521875 0.000138149260715181 0.000195322730854741 0.000124264664682983 0.00176370609588048 0.000585897815244607 0.000623675199699392 0.000271243206680083 0.000752693364194101 0.000322252909131748 0.000663089005729489 0.00142417425231542 0.000631790690567868 0.00137533124216134 0.000819538065843517 0.00023248567738392 0.000845327463093781 0.000371267224340954 0.000286752346801222 0.000121040116619042 0.000309973019193421 0.000221931934902386 0.0004394487305035 0.00224100882187486 0.00263899095734814 0.00394958982506068 0.00558043395867571 0.0113868763612118 0.00241753306254395
0.000121950379752889 0.000373370272791362 1.07476020360764e-05 5.27372534406823e-05 6.83421880239621e-05 5.23376080991511e-05 0.000368993609345125 0.000136271452038272 0.000134622168900478 0.000142983979617384 0.000347379756385635 0.000182405481291426 0.000173220690294329 0.000392378127253323 0.000189013859301213 0.000180259893215862 0.000112399990371159 0.000317853766625831 0.000192782992326102 0.000733841181863681 0.000700412590595079 9.42410398797833e-05 0.000207269591673054 0.000519291367686492 0.000198615898480625 6.03979192376869e-05 6.01629971199058e-05 0.00027757833428268 0.000205543984435508 0.000492521285877956 0.00100548841483032 0.00010979639365587 0.000245840057414171 0.000366247215583826 0.000380771812342573 0.000599018431330478 0.00072533956188181 0.00113834609592232 0.000174605553979745 0.00031419709204954 0.00032868561821715 0.00023447839353139 0.000184050026985005 0.000601130239169834 0.000136193364605219 0.00113295944197489
0.0001536407040021 0.000160955811679742 0.000276401420251204 7.50547103280041e-05 7.27569747596135e-05 0.000104459075646446 4.25963578436495e-05 0.000134684766908322 0.000125436679172708 0.000667633136981749 9.03833908296292e-05 9.53941524244328e-05 0.000228389741130286 0.00324845873765298 0.000221442093049973 0.000177884567844444 0.000168538146721175 0.000132914883207036 0.000187983625841071 9.09130620670329e-05 0.000416816250040597 0.000425087961977511 3.72989708894989e-05 0.000253538463658742 0.000243567167660785 1.51131825224193e-05 4.13599100241968e-05 0.000302240360144879 0.000103149890763088 5.31494251223563e-05 0.000164117547023324 0.000165831786467052 6.12347697000359e-05 2.30292078136074e-05 0.000259441287585105 0.00022141399811062 0.000441074019551024 0.00105115278092853 0.000101830043352891 0.000140968966789501 0.000155611613490692 0.000188466149984379 0.000320434906717537 4.50434177536874e-05 0.000210010573366048 3.47036370526355e-05
0.00012062670598425 8.68916796662234e-05 9.38706840770465e-05 9.27464426240476e-05 0.00011134801135313 0.000428499187319176 0.00017359977293836 8.88616858446767e-05 0.00017285122477233 8.22696476916462e-05 7.41451693443196e-05 0.000158849993931653 0.000152025860643334 9.47348850559138e-05 0.00161679436441773 0.000486148446611878 0.000101742572252306 0.000110237869051844 0.000137430004241423 0.000196451822105814 0.000307892608543625 0.000197865160251354 6.97058995771438e-05 0.000276978381327808 0.000262167735661478 0.000163934039466085 2.19424485781272e-05 0.000250671960318982 0.000278762505300278 0.000129497792706701 0.000382301344905045 3.82043478268201e-05 2.25674658729247e-05 3.64516451313079e-05 0.00015138818308742 0.000566068389343855 0.00012970489935924 0.000617064225934882 0.000895448731716897 0.000221781920026842 0.000178376074225639 0.000210380311449398 0.000419904154580308 0.000259721409156555 0.000739865945206475 0.000659317156964789
6.01156736252051e-05 0.000131377074831107 6.27515951464375e-05 7.6142164562043e-05 9.41842544307292e-05 0.000101166254444252 0.00140895839576842 0.000178901286244582 3.90661631740841e-05 0.000176486095597284 9.66200564789688e-05 8.32302550634267e-05 6.28973917628173e-05 0.000947931568953209 0.000363214896606223 0.000226979322587795 6.68899865445383e-05 6.41120319386346e-05 9.24203202089302e-05 0.000318466081353108 0.000137328427433658 0.000170740822488824 0.000515173490657617 0.000140895073161573 0.000138362727733465 0.000201831499055061 0.000157392665778389 7.36711191144934e-05 0.000192750065184555 2.92891387353222e-05 5.14912372754139e-05 0.000107147583463529 7.0023514445694e-05 8.03673742254318e-05 5.61817388131658e-05 0.000301374099944951 0.000173331457335735 9.041534170251e-05 0.000324986512873693 0.000400530002661981 0.000378981393555478 0.000231184313935273 0.000248759600464155 0.000181686422428129 0.000320003993374485 0.000313652185732849
0.000246455951764801 0.000172076096532692 0.00105034804473689 0.000143425545502396 5.53925003600852e-05 0.000167013880445666 0.000138366604642215 0.000449153989757178 0.00121551151678432 0.000143087964420374 9.55980576009097e-05 0.000368020111727674 8.99515827541109e-05 6.03507483447174e-05 9.94062365407444e-05 0.000114129136954944 7.12969134951891e-05 1.65193393513618e-05 0.000782122288546816 0.00103036845357565 0.00037251041694617 0.000186820164935853 0.000324161697426462 0.000277225665604419 0.000130856613333208 0.00107253627966202 0.00011270442359006 7.61712360556999e-05 0.000235663025071631 0.000120777572135466 4.85210732783514e-05 5.30305482492111e-05 7.71557593658656e-05 9.73746911824946e-05 0.000273592045186888 0.000481682279860252 0.000227445971410134 0.000120054934376412 0.000284979127195584 0.000384538009507196 0.000124885197467961 0.000134022434679082 0.000783363364917022 0.000252401875218311 0.000211441939359247 0.00034862520092247
1.70323517764359e-05 0.000100094251320115 7.70449397805351e-05 0.000197599946977789 0.000394784285072092 9.0131503725388e-05 0.000135011775273597 3.16013178476737e-05 8.23308796839228e-05 0.000891897715337109 0.000509180947392451 3.88826950882049e-05 6.74257590389971e-05 0.000138158757317797 5.55587162352822e-05 9.96950141598063e-05 6.07121957955314e-05 0.000398204120938317 0.000783652280733804 8.39427302253171e-05 0.000231370834626432 8.48765548653319e-05 0.000357126078597503 8.72918101777032e-05 0.00027483057392601 0.000336021283533228 0.00087357756219717 0.000134860077554322 0.000282974448373352 0.000720663859237902 0.000447482102390495 0.000367056389427489 0.000208295565585104 8.62480238993157e-05 0.000116331808908399 0.00103183866981453 0.00039155734830274 0.000177917794405857 0.000303870979593057 0.000132724939234663 0.000243388535659506 0.000117658954559374 0.000402838438367326 0.000303356350048034 0.000689518113631493 0.000135134294421979
7.07676207866825e-05 3.68462925962376e-05 9.51153246660397e-05 8.929543882914e-05 0.000158719213618497 7.46355881574345e-05 0.000111868663202586 4.25104917439967e-05 7.58471662720694e-05 0.000418586279374722 5.42085953611604e-05 8.7254147058502e-05 0.000122069896019639 3.35276025339226e-05 4.362717809272e-05 5.23705871046332e-05 5.26141309137529e-05 6.18558847918393e-05 0.00020768485028384 0.000706716480272007 0.000966180186878773 0.0010927199076832 0.000314402847470774 0.00231844156805892 0.000469997001891898 0.000828462790195772 0.00015907858215769 0.000217060178511019 5.82457276578907e-05 0.000117678643641739 0.000673019526539065 0.000256364374399709 0.00323136566912581 0.00633137764089042 0.000439378276587377 0.000127144683608549 0.000212790128981055 0.000181042680230803 2.08015396553018e-05 0.000603333453909727 0.000849781412716766 0.000208200888982901 0.00048382530269464 0.000251709880626549 0.000264805614347097 0.00112736006303749
1.61355143916353e-05 1.73702389162145e-05 0.000120048801636585 0.00088040513874148 0.000215739268332982 0.00149977835826576 0.000107780848702532 0.000347337446874008 9.11672574488875e-05 0.000195217511736701 0.00023667457717238 0.000102285129059965 0.000152411165049671 7.32743878074871e-05 0.000485619722348929 6.96318869813695e-05 0.000118923621266731 9.66486226388952e-05 0.000100709608068428 9.84397607680876e-05 3.93117969224477e-05 4.30155195317639e-05 9.31014848447376e-05 8.39000758332986e-05 0.000792158834155998 0.00344182272674516 0.0032548633083934 0.000853460487269331 0.00549404865305405 0.00425772238377249 0.00184026047736552 0.00111511778177373 0.00351237383219996 0.00347492674554815 0.000901355488076661 0.0012153421939729 0.000601766040290386 0.00140228156415105 0.00340460444313067 0.000644514749410519 0.00021780720658171 0.000169527193600061 0.000310862107858156 7.61818269779724e-05 0.000314876360016569 0.00092917145229876
1.72305356073821e-05 6.63540743516933e-05 4.95309014127088e-05 0.000414776927436833 0.000646599001629511 0.000115765616601493 0.000124185156209933 0.000300365242128464 0.000232791607686522 8.99251265764178e-05 0.000195262606757751 4.24714943051185e-05 0.000319320765584052 0.000779879288711527 0.000250003337805538 0.000167872464271568 9.30146110022179e-05 9.10591130718785e-05 4.66872581000644e-05 0.000231437508318777 0.000168250440401607 0.000228539574163733 0.000562791186530376 4.98178903399094e-05 0.000103340403848051 0.000101309300134744 0.000115492966506281 0.000117769477446927 3.41197731700049e-05 2.14139850925221e-05 0.000262129643761 0.00100670888477907 0.000638015503682254 0.000254604797146385 8.07057289307522e-05 8.47228427687696e-05 0.000100372946292282 5.07648169786989e-05 6.13843747260034e-05 7.00669674188248e-05 0.000210378417125412 4.63384135002798e-05 0.000182739553747524 0.00078769221327093 9.49805920527069e-05 2.42780175938151e-05
2.21205332991303e-05 0.000776350028172601 0.00032546678212384 0.000436223129509017 6.20437258703532e-05 0.000185433460410422 0.000130764036975961 0.000129643742138796 0.00012882986798104 0.000127376317004746 0.000415511215942388 0.000352277223464625 9.66487326763854e-05 0.00109926865761736 8.80317624250893e-05 8.89727502908499e-05 8.84986989603931e-05 5.71145142203022e-05 0.00012501294932008 7.62313081395405e-05 8.25191694730165e-05 0.000121023037854684 3.1487099528249e-05 0.000302274628666055 0.000185710845880749 7.43965787478373e-05 0.000285604650434834 0.000263022780654865 4.29535615012355e-05 5.28069698589206e-05 6.12760944250113e-05 0.000304558160314627 0.00030418897722484 0.000605306315537746 0.000658072309420277 0.000109084914970481 0.000113824244021998 0.000132648937110957 0.000165737126235399 0.000603568247515795 0.00019279436198758 4.14771650838475e-05 0.000825921308387478 0.0008468359024846 9.91699524092837e-05 0.000120842733576865
0.000599665781919612 0.000537902681026026 0.00012446440241547 6.27996241746587e-05 0.000110879711473899 0.000133599469518231 0.000147272698814049 0.000137457896789783 0.000137388289840601 0.000130043493027188 0.000258085090717941 0.00026005455183622 0.000230322794777749 6.20530461446833e-05 1.94506652633208e-05 3.97802919394508e-05 1.48922443187871e-05 0.000111945303660832 4.26719621145821e-05 0.000865388211695972 0.000276872090455527 0.000203167443044094 0.000301962772300612 6.32041272979222e-05 6.52382381531424e-05 0.00012259744196399 6.83385725324115e-05 0.00339650490204804 0.000512495100974775 0.000565346356916052 0.000196944012986933 0.000367666599868244 0.000154607633788828 0.000124908822871961 0.000187476009500642 0.00050018875627984 2.35873624541583e-05 6.72295950664647e-05 4.74796341563888e-05 4.54711371844496e-05 3.66550224043749e-05 2.8029911612748e-05 0.000296454868566798 0.00109161416185088 7.43455085057576e-05 7.19764067980577e-05
0.000138966035683552 9.95127190890344e-05 0.00014341877795232 2.52209774714629e-05 0.000126785898601156 0.000126108152335291 0.000140639404708054 0.000232317353311373 9.73213585439225e-05 0.000136758472945075 0.000139696164023917 0.000139532143475662 0.000265269487681508 0.000223328307947668 0.000274152738620614 1.80039139138444e-05 0.000204516292615153 0.000229412445696653 0.000159913420975499 0.000188679434359074 0.000245888310473674 0.000473773889234508 0.000457341304354486 3.85714102549173e-05 5.09020009985761e-05 4.04139189640773e-05 0.000317940812419693 0.00034601807983563 0.000413643977026368 0.000401651818174287 0.000203277393120516 0.00118596899246768 0.000484966178282775 0.00293817100755405 0.000379465467131013 0.000334931437828345 0.000186971654875379 8.26034407964471e-05 5.2588860052083e-05 0.000107614628859665 5.34265452984073e-05 0.000138517258255888 0.00037009691586718 0.000375891708245035 0.000127915371922427 4.98682022453067e-05
0.000412706680617703 0.00031511899560428 0.000251623398798984 4.48449177156363e-05 9.57731849211996e-05 0.000125309588702294 0.000127606458408991 0.000130823714880535 0.000144719334093679 0.000150367614696734 0.000126572967110405 0.000146915568620898 4.52564284842083e-05 0.000111103878180074 5.56987746222148e-05 6.37502453628258e-05 0.000202989733134018 4.01990038085387e-05 0.000155051450065002 5.83938835234221e-05 0.000142374544702761 5.79831955974441e-05 0.000718596229671675 0.000345672150660903 0.00015186525598665 0.000111754921817919 0.0001030808752148 0.000118816108215469 0.000467678202130628 0.000183676521692178 0.000113873652708207 0.00105078747255902 0.000227911803244751 0.001167950848685 0.000445861623393284 3.84431776353722e-05 0.000128694426825859 0.000207060344109777 0.000106309486443479 2.70011421605432e-05 2.14193947044805e-05 0.00063258949721785 8.51447255854509e-05 0.0001490543856562 8.20311979396138e-05 5.62960756496977e-05
0.0001205664103054 0.000155631931374955 0.000287294300505891 0.000289624236756936 0.000133219731060308 0.000204742461119167 0.000147241733338888 0.00014602688343075 0.000293401315866504 0.000142980468990572 0.00014991999250924 9.69165517744841e-05 0.000128498783215036 0.00010220764843325 0.000107349075597085 9.03902260688483e-05 0.000169526541685627 0.000349465584713471 0.000400407107463252 0.000292720989909867 0.000154948015460832 8.85823671751496e-05 0.000640590809598507 0.000634231980438926 0.000601443731011386 0.000533921266924153 0.000290321961460904 0.00033717205742505 0.00127178055627155 0.000395951010432327 0.000108363174217629 7.24400341567844e-05 0.000496989018301974 3.89930814549189e-05 0.000546394002412853 0.000231523019215274 0.000437262578725495 3.44284037964826e-05 7.94319407532384e-05 0.000186204322017147 0.000159044371730488 0.000249269951291353 5.97805335701196e-05 5.31750463551361e-05 2.27118506018087e-05 3.23567894042753e-05
0.000596335159207229 0.000346366152007249 0.000161577790186129 0.000326196353307751 0.000154317064334464 0.000314259865626809 0.000545609678010806 0.000403110286970332 0.000278529160732432 0.00014552895338511 0.000195806398005516 0.000130558392356761 8.79985732808564e-05 0.000127010748110479 0.000165133415794116 5.99246452566149e-05 0.000127035157765931 0.00013605438552986 0.000998219164466718 0.00011786866177772 0.000253969219647843 0.00042613566338332 0.000251096660940675 5.7622369058663e-05 0.000293205418529396 6.24821143446752e-05 0.000485110906083719 0.00104840801068349 0.002356661182057 0.000284770572397974 5.06576787302038e-05 0.00016284560533677 0.000269349243444594 0.0002247348646506 0.000647040661897336 0.000620814206195064 4.67219475012826e-05 9.83838455169916e-05 0.000182146132920025 0.000891888650949113 0.000213595647574039 0.000123767981494893 6.81572455278001e-05 2.54858856806095e-05 0.000240222778302268 3.83729459940696e-05
0.000516441849686089 0.000173978521706886 0.000312497356571839 0.000169858540812129 0.000177479923968349 0.000203031480668869 0.000366986430162797 0.000546427097651758 0.000416855893308821 0.000713636043474253 0.000151840108173928 0.000172987065343477 0.000215534036215104 0.000314116607842152 0.000120690073708829 0.000106157532900397 0.000192216796494904 0.000171252680956968 0.00019265509588422 0.000846445275601582 9.52234139390384e-05 0.000161628854402807 0.000175793007429093 0.00103760071469878 0.00125890632807568 0.000491690486524021 0.00069934790235493 0.00586569613078609 0.000299045255133024 0.000334885063284673 0.000393887435802753 0.00220997911383165 0.000973228599650611 0.000270759829095368 0.000249410583046483 0.000324094953430176 0.00113618317591317 7.77618727170193e-05 0.00029493712945623 4.62836475321637e-05 0.0001965984880826 0.000177756701532417 7.39667028938129e-05 2.30522138963352e-05 2.42744184163257e-05 2.10468388615936e-05
0.000371303890278796 0.000251512469912996 0.000487175559646857 0.000287015384310507 0.000190829523489811 0.00021037546775915 0.000372248286294052 0.000470566496369429 0.000744199458131334 0.000516106006398331 0.000545360986143351 0.000586252857465297 0.000791523663065163 0.000385129026471986 0.000244269998074742 0.000123551349270201 0.000279473981208866 0.000256237212852284 0.000618538507842459 9.7773302513815e-05 8.74010235065725e-05 0.000756166785140522 0.000170332881134527 0.00129158272939094 0.000786791081009142 0.000346819365404372 5.21418608741442e-05 0.000583072424797137 0.00162335940767662 0.000721143050213868 0.00168969233054668 0.000886376888593077 0.000171147948685757 0.000220583370696659 0.000606234748920542 0.00059746691458713 0.000507629643652763 0.000133574504434364 0.000279860368618756 7.63204324016442e-05 0.000440700330909749 0.000241283749346621 0.000288477205322124 0.000770521653248579 0.000823470083923894 0.000164871656852483
