Maxent_result_files_2/B_quadricolor_2.asc
NCOLS 594 
NROWS 330 
XLLCORNER -15 
YLLCORNER 23 
CELLSIZE 0.166666666666667 
NODATA_value -9999 
[rows 160 to 179 of 330, columns 460 to 505 of 594]
0.00324521840666421 0.00308641850133426 0.00283024030504748 0.010123934794683 0.00264911256381311 0.00265307327499613 0.00250198987778276 0.00249985147383995 0.00258334367536008 0.00263673451845534 0.00268094894126989 0.00267712221830152 0.00249991673626937 0.00252290813368745 0.00248251149314456 0.00213271256070584 0.00215117674088106 0.00228220333228819 0.00252756637055427 0.00249502551741898 0.000693724222347214 0.00273599322536029 0.00278714327723719 0.000941681058679933 0.000856995010178707 0.000793252865267391 0.000902023482399272 0.000720475727314351 0.000886096035873152 0.00321218655444682 0.000975252908600055 0.000892328628688688 0.000801904775806861 0.000727210971859904 0.000747612950036114 0.00285355031373911 0.00284455337678082 0.00276492258999497 0.00267297110985965 0.000832221930315313 0.000807723463381649 0.00250111209461465 0.0023295341670746 0.00227933418354951 0.000571153357378762 0.000460241560753616
0.00322512085549533 0.00308596444665454 0.0028661539661698 0.00267127460683696 0.0026145942392759 0.0025834591651801 0.00258766679908149 0.00273809305508621 0.00286784881027415 0.00284953120280988 0.0026741125038825 0.0026704871095717 0.00266910128993914 0.00249885208904743 0.00242810000781901 0.00237133585033007 0.00222449178108945 0.0020672951504821 0.000687053797230419 0.000739134529911212 0.00239808186888695 0.00270153892342933 0.00290855223429389 0.0032406251411885 0.00354925547726452 0.000915477639694018 0.000862528300814347 0.000499326748044382 0.000931543304147908 0.000747326065152265 0.000807649147932921 0.00103897812470564 0.000876488714314405 0.000810804634284068 0.00295110394363292 0.00296876841457561 0.000945275963476888 0.0028336723393295 0.00277661802247167 0.00283974630874582 0.00305481372633949 0.000893050784796401 0.000853442867716581 0.00259103160933591 0.0022652629064396 0.000581137391846198
0.00325972823193297 0.00304585308185779 0.00271561696426943 0.00276908371015452 0.00278221414191648 0.00284305172390305 0.00288125071674585 0.00280541119282134 0.00273435598937795 0.00280819721519947 0.00293172337114811 0.00288118094322272 0.00265019231010228 0.00249181090039201 0.00244127252371982 0.00244162371964194 0.00239367653848603 0.00222585641313344 0.000707523054609283 0.00255519031197764 0.00267502659116872 0.00296982976724394 0.00346454933751374 0.00355946345953271 0.00105322622972039 0.00113326890526082 0.000990502612279443 0.000774190513783424 0.00080080708278274 0.000669538076698473 0.000701275339713447 0.000932536325097999 0.000847842723715075 0.00107925988605189 0.00364610909018666 0.0033249122207053 0.00324791417224333 0.00302929828758351 0.00313986549153924 0.00307719549164176 0.00318188788951375 0.00330882666166872 0.0030324321356602 0.00279821006697603 0.00271299561718479 0.00241318341577426
0.00317142978310585 0.00291403379524127 0.0026901081437245 0.00277484597172588 0.00277980127139017 0.00278711910359561 0.00291002683807164 0.0029965149005875 0.00266368761076592 0.00262276278808713 0.00284112269873731 0.00268936838838272 0.00265446901903488 0.00259435742627829 0.00254169614636339 0.00240631256019697 0.00221276708180085 0.00237906169495545 0.00232360862428322 0.00249772027600557 0.00264579932554625 0.000813750666605984 0.00307501303614117 0.00353734673699364 0.00116408738825839 0.00103695721167583 0.00108922649422993 0.00124601863894327 0.00104864038111145 0.000859209914938219 0.000831272514858483 0.00105798580152054 0.00123657661588368 0.0011893356182668 0.00050541045133059 0.00375156343216076 0.00334110195399262 0.00331418855930679 0.00332174189388752 0.00329555268981494 0.00330413050833158 0.00329547286964953 0.00300099032465369 0.00285813116352074 0.00256091417977586 0.00011072584365992
0.00297895593685098 0.00284956289688125 0.00276786400354467 0.00254234042949975 0.00252270204364322 0.00247730557457544 0.00263287390116602 0.00265616640681401 0.00254299312946387 0.00254569886019453 0.00275926297763363 0.00253636612324044 0.00250739743933082 0.00272668328252621 0.00244815779151395 0.00248421661672182 0.00233356977114454 0.00238928132457659 0.000841323442003272 0.00266731646261178 0.00264559874194674 0.00299698196467943 0.00344260222045705 0.00333204264752567 0.00317908904980868 0.00379926406312734 0.00413648767862469 0.00429697167128325 0.00120973387188315 0.000845955360080097 0.00109013663217752 0.00117987242277309 0.00133986795246983 0.00120311537511384 0.00412260559387505 0.00392256795894355 0.00367374840425327 0.00349109519738704 0.0033413294237107 0.00327382622635923 0.00324927264591679 0.000929068555711865 0.000159647230833559 0.000212278651421194 0.000128597632648075 0.000117259037290129
0.00293293700087816 0.00289099752553739 0.00276819307473488 0.00243337010033429 0.00237644136650488 0.00246240595006384 0.00243292641243897 0.00246917926706374 0.00243452595896088 0.00247986294561997 0.00253939340473153 0.00241679990431294 0.00244552879594266 0.00251010053907521 0.00146954705728604 0.000661147147508245 0.00227760326815769 0.00229582036263309 0.000846995526399041 0.00260410706396215 0.00297280842787586 0.0031741023529321 0.00312517109559849 0.000946301139384786 0.00317573646316305 0.00360523308627307 0.00410715347388759 0.00459162783809006 0.00134510666878214 0.00492560239508748 0.00144352382693569 0.00143136629715173 0.00481302780099213 0.0014127232399801 0.00437062524724752 0.00432558354223147 0.00404808954335749 0.00377052727853879 0.00373248353134841 0.00364193747518584 0.00359477355377749 0.00354964003199711 0.000150898378773345 0.00491049159318209 0.000117423231524216 0.00157668355322471
0.00316127070691437 0.00285512983100489 0.00263931068475358 0.00242458367720246 0.00243365010828711 0.00239422649028711 0.00244313689763658 0.00246416088193655 0.00242552871932276 0.00255534755415283 0.00247083535068668 0.00220315716578625 0.00218476338195615 0.00228197489632294 0.00297905296320096 0.00254116214928217 0.002064279577462 0.00222482693498023 0.00234705094480887 0.00257312799803913 0.00255999426590279 0.0028019025165122 0.00090626240672691 0.00290107172913849 0.00397723127389327 0.00407181261107326 0.0043859665398486 0.00491929745767266 0.00512775313109159 0.00546279619447887 0.00556193029042333 0.000445896794599321 0.00144883901820094 0.00138101257691687 0.0047479041153565 0.00457299676490948 0.00450278281932697 0.00441934545524418 0.00414104517549276 0.00393638581736013 0.00382004079874605 0.00350002172635868 0.000227556302669107 0.00491843926720321 0.000153795814083868 0.000186743922667709
0.00266527015483007 0.00247518717660569 0.00232625446515158 0.00227764018345624 0.00233411247027107 0.00234781719045714 0.00223450238700025 0.00217331706662662 0.00216404825914651 0.00214318475918844 0.00204974518273957 0.00202858943375759 0.00200296783586964 0.0020194425189402 0.00258765550097451 0.00201497803791426 0.00204314395668916 0.00237956914352253 0.000837464424046175 0.00104479414653724 0.00101575925738189 0.000947641168033897 0.0024192507728003 0.00267865745117888 0.00332426229724661 0.00398758484516293 0.00467030014842749 0.00523968597408384 0.00544027364812791 0.00571528058499098 0.00594921326264739 0.00598328420892358 0.005732591310516 0.0051902917213738 0.00504819704219699 0.0049748822581023 0.00510838085319847 0.00484886483754963 0.00457885657669976 0.00437921757111326 0.00434827118879184 0.00393840040778741 0.000373736886903231 0.00363097998779267 0.00340659237699583 0.000184176057125995
0.00252391709364019 0.00243474051821977 0.0023940172046423 0.00232044137082994 0.00235042180283926 0.00243476772448048 0.00216048799920827 0.00208875205134973 0.00211204528459348 0.00197287687333301 0.00182708724460099 0.00186354180332273 0.00186603780311998 0.00197395624127239 0.00202687932178378 0.00219796468736604 0.00205832144711167 0.00218948094989173 0.000812003785898696 0.0010892748433605 0.00080277814265628 0.00212861269828863 0.00200233219075017 0.0020230988797266 0.00246992054744624 0.00274039144278504 0.00346284277038649 0.00447966833598912 0.00566612009424716 0.00616703135892749 0.00623100802768022 0.00586005649529397 0.00563779578078538 0.00555311725474894 0.00557111697271466 0.00564716486260295 0.0057791045634076 0.00554355140775442 0.00532265857327729 0.00522066247649491 0.00502127546351403 0.00437136595137417 0.00436042179353535 0.00387081949738786 0.00370973602402955 0.000403170360196725
0.00252213876810856 0.00253345516393892 0.00244341100333259 0.00228671592194587 0.00231123795965686 0.00228297755820677 0.00220059326966293 0.0021657495002728 0.00212322804145515 0.00207722965278663 0.00206362890894525 0.00201014137710445 0.0019871479657013 0.00219820472411811 0.00215010442188941 0.000668486005278623 0.00206994963227771 0.00221183315734379 0.000164655671356329 0.00222873935708776 0.00231079328805208 0.00201127339387313 0.00198576669790782 0.00215920892078429 0.00262033832259476 0.00318858666578308 0.00310695591615513 0.00462738457135856 0.00583375592250377 0.00672912613954395 0.00719164072070271 0.00640160567127168 0.00640343374107033 0.00660013898741454 0.00609639277681708 0.00653764354065061 0.00618418685626239 0.00592896800953895 0.00605155860539526 0.0055244286544621 0.00498134877998382 0.00495710801333189 0.00503029252868146 0.00434008915908635 0.00393247496103868 0.0036887945025228
0.00248399315751158 0.00231156733352691 0.000273119743525285 0.000317259636695155 0.00233987678657286 0.00234945869306102 0.00236473775003105 0.00221376973204315 0.00219906081911176 0.00222335823928006 0.00208038804121315 0.000643674885589007 0.00210978765389882 0.00213617234257981 0.00219262015307322 0.00226466634776443 0.0022399540990591 0.00229475279920734 0.00224615304032341 0.00226289064739831 0.00232658951426856 0.00229688615072519 0.00234852546127513 0.00248615719610825 0.00271081159589812 0.00335691090440378 0.00330582946771756 0.00400179893476889 0.00526111098006368 0.006865956611 0.00764865470118821 0.00715881804935634 0.00692497256677598 0.00728116664104164 0.00691385078243911 0.00740096466615796 0.00714793538209051 0.0072403775062412 0.00659071758855134 0.0057779987109825 0.00572973666712642 0.00541941456031054 0.00489929525647312 0.00439052762230858 0.00404782274272293 0.00376117331907153
0.00254867420881055 0.00237096188939177 0.00233599546481855 0.00239074159762822 0.00241454103961587 0.0023632226686459 0.00239845439209603 0.00236414024257101 0.00220389738678932 0.00215512217255309 0.00229798404034227 0.00209715239470825 0.00217675187741406 0.00186149758228566 0.00228135783690959 0.00232877127709799 0.00226588938385248 0.00225132649065927 0.002327584347222 0.00255919359624386 0.0028222915250808 0.00279016945278272 0.00253527988679707 0.00257138857850805 0.00293205518973991 0.00329436231404543 0.00337098288582638 0.00382731567369774 0.00521777523681521 0.00685726434458047 0.00725253766868264 0.00739334623795003 0.00776817291043699 0.00820771958678961 0.00727920136414468 0.00785671751946211 0.00755655618850142 0.00697462940588593 0.00659491058904678 0.00614243859890848 0.00595449183601886 0.00541660157032311 0.00507680324371904 0.00457035333383828 0.00460973910521716 0.00391794963506982
0.00250805877149105 0.000155862240598204 0.00234978325315751 0.00240870771813206 0.00244257280719466 0.00240727959317155 0.00214051638031378 0.00222200321732089 0.00212285279412754 0.00200825750944205 0.00219178183469921 0.00229858323000371 0.0023230608087033 0.00219427378033288 0.00239363422733732 0.00236386683536693 0.00244271123665385 0.00253428052528761 0.00272062562289648 0.00276321724522859 0.00269138803705573 0.00259304528008215 0.00284350099973381 0.00285003078170121 0.00306264027021825 0.00362193500623107 0.00348717365413904 0.00413635408040136 0.00500274950172752 0.00637708781287074 0.00701191797852516 0.00721371425315738 0.00823126984760165 0.00700116413645446 0.00718326272908598 0.00703333532437682 0.00686177988536656 0.00734608375933021 0.00660340692847967 0.005741869029589 0.00514916623942554 0.00513544287532568 0.00512582429219037 0.0049834847683087 0.00461057072971016 0.00415511527098715
0.00264050073456019 0.000280705947709947 0.00236941477633081 0.000179508801614325 0.000201411123222073 0.0022443191614002 0.0022863568214234 0.00233468226506375 0.00231006398098543 0.00212224269052967 0.00205451540532522 0.00199025229085237 0.00182543341361452 0.00219244022155181 0.00233059293823317 0.00244824977708049 0.00260768741718493 0.00269072376540862 0.00287526457104832 0.0027700716513209 0.00272057327674702 0.0025405700027477 0.00246572587639093 0.00269819902605377 0.00303272299934179 0.00370144512271509 0.00370468304026872 0.00384500293293968 0.00500203270930797 0.00635482245124877 0.00780221070162952 0.00797263695858419 0.00745854754932225 0.00662428690120578 0.00694477716460824 0.00699469943065196 0.00605306732468307 0.00611594817601144 0.0063689032336697 0.00572611950337887 0.0050513407215476 0.00548034021630883 0.00507372182328254 0.00496974640991539 0.00487689648289233 0.00483784845564514
0.00254122945480049 0.000231293190874737 0.00216982597485185 0.000278413807388489 0.00222961975960061 0.00240377956070006 0.00221355222165585 0.00228857061592862 0.000300605155695877 0.00200328312348574 0.000133550663830473 0.00197339483420365 0.00221118385670707 0.00217490562354214 0.00232967016054317 0.00268806392559782 0.00292807212099433 0.00294171563582495 0.00289814457064494 0.00272002861020155 0.00274294130504131 0.00270801706355996 0.00263974035624415 0.00263859208207577 0.00289708455093205 0.00332773476839066 0.00415296801365912 0.00443200662266463 0.00448304883902892 0.00599899843800813 0.00711872586980462 0.00770379542373121 0.00776287545450032 0.00714144404046238 0.00675097471103072 0.00684701688587666 0.00623486405238509 0.00570317143574357 0.00559645420871675 0.00563123566098511 0.00510553820058703 0.00493391340132803 0.0047820177860558 0.00474817606154829 0.0048327969154343 0.00503146515693516
0.00208683023229241 0.00203703417791985 0.00030246325097778 0.002163028891664 0.0023249393037986 0.00256910732714459 0.00228011013241485 0.00226411217590794 0.00236559304175898 0.00220801784307696 0.00219537832308561 0.00223387340665795 0.0024671331862919 0.00228453704621643 0.00243710855138488 0.00261676251539029 0.00274132559425198 0.00288465760531835 0.00269109989749268 0.00263245810638182 0.00273959545884281 0.00277643785229884 0.00277152447379194 0.00271989153698087 0.00297652060398832 0.00312791884643957 0.00364097937708721 0.00448318144772202 0.00496413591317832 0.0060072940774262 0.00710892647039145 0.00878180456347764 0.00818619080819189 0.00701936010736972 0.00614272900857031 0.00630586044862866 0.00633921455591917 0.00593287628144026 0.00526472257915884 0.00537149200681597 0.00547852567397058 0.00484592139255255 0.000244277070401733 0.00475833551026881 0.00464898601640016 0.00455305653158575
0.00215452219708823 0.00216821821522899 0.000245082021268672 0.00219797551981173 0.00238008453161456 0.00274075092165731 0.000342897160399502 0.00029082117052468 0.00228198239346966 0.0023014240025077 0.00223985386546701 0.00232975364197046 0.0023415130446665 0.00236505328211933 0.00234258772106841 0.00233781395945698 0.00241055963560939 0.00265221347217448 0.00258592400932685 0.00254128434462473 0.00261591986636631 0.00279753062641248 0.00280054082977586 0.00257487308117561 0.00300086176721379 0.00335564215201885 0.0038287524250336 0.00468305358663201 0.005174051807262 0.00607462010812014 0.00762518937699497 0.00943126552738249 0.00759660515468568 0.00660123778507113 0.00597602054476738 0.00561673026531935 0.00598506315145642 0.0058901340002194 0.00528866811655462 0.00525915094185621 0.00503684186842293 0.000626364969400583 0.00482241271529347 0.00480149546638131 0.00447687646374106 0.00415984771680087
0.00212073268485256 0.00220966872293502 0.00233088274253532 0.00232831496978179 0.00253581995493732 0.000244792359098156 0.000303826990208478 0.000158325086820454 0.000148228089297042 0.00011890577401904 9.41579854704e-05 0.00204775348538533 0.00230284129502252 0.00231341820326634 0.00232401519897394 0.00229737284826115 0.00227599099744111 0.00250438774237409 0.0025605064467527 0.00255011078552343 0.00253679685411043 0.00257970420643687 0.00277889980352484 0.00260563007323071 0.00281540918513201 0.00349924850743264 0.00458959480747581 0.00566394496709108 0.00605639971327037 0.00702859924640506 0.00724564413540065 0.00707201142795384 0.00698873449582607 0.00638585293199867 0.00594370269682258 0.00563706173561513 0.00521471046376973 0.00499903622549027 0.00500768525525928 0.00499043883755803 0.00492365078534931 0.00506584250833839 0.00494148263242096 0.00463607870042324 0.00424856240861118 0.00392474464606494
0.00224125975510105 0.00228932853788137 0.00231634934898466 0.00230195308686234 0.00224010324454866 0.000292260853561288 0.000252993453519679 0.000197159249750456 8.03501072746737e-05 4.99040414942198e-05 6.29404667593314e-05 0.000111186372103134 0.000333214881773358 0.000215663656691234 0.00215232388582081 0.00205274012405425 0.00217622081981972 0.00241899454849772 0.00252873525605537 0.00255588645813987 0.00246846157242544 0.00250917104422115 0.00250156546244398 0.00261732942890376 0.00313943462679163 0.00357449516886845 0.00481255729682744 0.00625704468693584 0.00692979146260768 0.00718983104452491 0.00659075563307852 0.00622314100619406 0.00616811981890351 0.00568865537643433 0.00488684421870858 0.00530035567935556 0.00474673024145886 0.00443499726243317 0.00503985742107034 0.0052125992719084 0.00488097057677805 0.00519710902590305 0.00479952727910131 0.00427056440385059 0.00405287070898339 0.00389399995328858
0.00227208515862003 0.00224073632853106 0.00224725591251627 0.00218076955061406 0.00221526580862701 0.00206706530880183 0.000149692745112162 7.61787976530037e-05 2.44056454562602e-05 2.23080576511325e-05 8.55759091421437e-05 0.00176481432863511 0.00199098555021919 0.00197359329322353 0.0019890904892236 0.00189105034223758 0.00193501273170114 0.00200232759816572 0.00206172888865694 0.00218328167684376 0.00227690937463194 0.00232747109839693 0.00240827343659475 0.00276465772185475 0.00312719045905396 0.00373632198898122 0.00497469629626721 0.00572675515431911 0.00643509624060243 0.00636020370293409 0.00601587768178433 0.0053515633335337 0.00486697417218238 0.00495042153634131 0.00446625218028203 0.00404040570138022 0.00428851818433031 0.00472232734318823 0.00471594021655619 0.00431559105636552 0.0041826261440292 0.00411251416662708 0.00404727854765952 0.00397510346956551 0.00371526682283729 0.00334947474766523
