Maxent_result_files_2/B_quadricolor_3.asc
NCOLS 594 
NROWS 330 
XLLCORNER -15 
YLLCORNER 23 
CELLSIZE 0.166666666666667 
NODATA_value -9999 
[rows 80 to 99 of 330, columns 230 to 275 of 594]
-9999 -9999 -9999 -9999 -9999 -9999 0.310787698626518 0.0424579823389649 0.0531474974006414 0.0705822203308344 0.0156258878414519 0.0653209885582328 0.103380736708641 0.0302112942561507 0.113466304540634 0.0798710364848375 0.0604897845070809 0.0332661553751677 0.119919854868203 0.0280638051452115 0.0034600144480919 0.094631995074451 0.0438660251649708 0.0213582523597054 0.00375296333241018 0.00248441860139896 0.00136467532952382 3.24346468830505e-05 7.39186303379213e-05 0.00136121044965876 3.61605998858927e-05 3.29117908770105e-05 0.00103317802843327 0.000614133000968309 0.000595950768135367 0.00046183982051673 0.000258318074968822 0.000365985662207147 5.18023576408844e-05 8.5108476487783e-05 0.00032352277883092 0.000524949758422533 8.14776060934275e-05 0.000894197366480509 0.00800881517097878 6.26655150881561e-08
-9999 -9999 -9999 -9999 0.397574660927057 0.0478305078111589 0.0154890200123191 0.0515180816873908 0.0349985962733626 0.0266556419432163 0.108487919718027 0.159603136777878 0.0420950063504279 0.0968216482549906 0.079660914465785 0.120364850014448 0.332960219681263 0.222359426319599 0.0361802073195577 0.275418575853109 0.0212707521626726 0.404867371916771 0.105418840609491 0.138870869576931 0.164516869556974 0.103713177039754 0.335030149668455 0.0902428991990746 0.0160874143254064 0.000425622731762587 0.000490274530193346 0.000391842148610522 0.00159678612067278 0.000338372578030122 0.000640053340660529 6.57428693491724e-05 0.00105798583727045 0.00379519309143969 4.31486971631756e-05 0.000364834892213328 0.00339024751185181 0.0118399593454853 0.00510839125213654 0.00411565869362676 0.000771659430824911 0.00193102011571682
-9999 -9999 -9999 0.623267742991447 0.13217463158071 0.022638351470232 0.0183243765495718 0.0129472827538848 0.0357379276305437 0.168795876204967 0.0295867945998907 0.0675899492576718 0.0924797188490629 0.079631644487381 0.0177451346069574 0.0257104300893843 0.0722485791891813 0.0348354365676641 0.0712981931865215 0.0108674253337085 0.099632516130805 0.0646539245266467 0.516984239220619 0.33490214496851 0.501133072376251 0.0541719191707671 0.0247458960395306 0.0208459184039384 0.12149860933423 0.00459049674249594 0.0336948387357495 0.0211632122964488 0.00241621752704584 0.00016863898502778 0.00070909120613889 0.000977270626890481 0.00512755661263303 0.023211351116366 3.96589403231395e-05 9.94460612013359e-05 0.000274981281926046 0.00137184744372081 0.00089705914515168 0.00233351697821718 0.000698094381368719 0.000987371476730914
-9999 -9999 0.208981418609619 0.228693304955959 0.0923611413687468 0.0726089727133512 0.093794472143054 0.133482074737549 0.0712476674467325 0.0225505844689906 0.0833488963544369 0.0939910896122456 0.0325307039543986 0.0363192358054221 0.110276320204139 0.0110252681188285 0.064664264395833 0.0830356691032648 0.0120184833998792 0.0580158295109868 0.0210141039453447 0.058923476561904 0.231853176653385 0.0350338112562895 0.0523010136559606 0.0493090527132154 0.0309808592086483 0.0285116298246066 0.0739207980009269 0.0190652764867991 0.0957783294841647 0.141131241159746 0.0555668232934295 0.000669119699145282 0.0167389979369902 0.095035000108328 0.0010080857370213 0.0011457320843982 0.000359403007684866 0.00018043860638759 0.000152285309056588 9.86455658829932e-05 0.000535755515407188 0.00150033004119905 0.00190683442774109 0.00351061098787913
0.540175652503967 0.150864594429731 0.178555534407496 0.211282262206078 0.155912717431784 0.177312408015132 0.0481124663725495 0.0430165996775031 0.0173773382790387 0.0694475665688515 0.0880931984633207 0.0267685552127659 0.0537521423771977 0.0240499773994088 0.0444988017901778 0.015152607858181 0.00570359531557187 0.0359170628711581 0.164895943552256 0.0121430895291269 0.062732994556427 0.0356138519011438 0.042224145680666 0.0616670517250896 0.0623968731611967 0.117913227155805 0.0685171552933753 0.149524369847495 0.00714900269522332 0.0136714259274825 0.0812879804521799 0.048109949962236 0.00967700982037059 0.0281752463673001 0.00450482099547997 0.00530979115773567 0.00403503863774584 0.00462377410576864 0.00355405956222142 0.00333218191455772 7.05114918489347e-05 0.00480228870235999 0.0107284194295261 0.000141967644340013 0.000396999699086398 0.000837054223301159
0.143101002275944 0.127349283546209 0.129858987778425 0.130468205362558 0.115073144156486 0.0642619056627154 0.0448757773265243 0.0917036334052682 0.0667062647640705 0.0178676277515478 0.02424047999084 0.0445199703797698 0.0257056212052703 0.0432141281664371 0.0811335066333413 0.0353658896870911 0.0240703591145575 0.0171603658236563 0.121499057114124 0.0913738057017326 0.0796659840270877 0.0228327141143382 0.267960803210735 0.158549925684929 0.0598015569150448 0.0244948629289866 0.114217335730791 0.0236566329374909 0.00689214130111395 0.0337543142412187 0.0455391731869895 0.0672840483486652 0.0780438702553511 0.0758172256872058 0.0640452995896339 0.0122859557799529 0.0284107791179849 0.00650276934493892 0.0239605448348811 0.0436095645738533 0.0396836501953658 0.0018257632963869 0.00357435063737677 0.00130668467979547 0.000541215497544445 0.476703588012606
0.157766228914261 0.144142021983862 0.172971496731043 0.0854199682828039 0.187165571004152 0.0668031471315771 0.0084541576099582 0.0276094932574779 0.486703869700432 0.199000682681799 0.148682551831007 0.194583149254322 0.0258057564496994 0.0204843913204968 0.109669236838818 0.626473897695541 0.182249145954847 0.0478512553498149 0.0342324631288648 0.185249286144972 0.216471841931343 0.0634882386773825 0.281457407772541 0.295059732347727 0.125000111758709 0.0209411645773798 0.0855692490935326 0.10915813781321 0.113645936176181 0.063895897846669 0.0921726992353797 0.0695598838850856 0.084655842743814 0.0158204541774467 0.170668774843216 0.0905793126672506 0.0507962671777932 0.00905570405011531 0.11583509594202 0.112310448288918 0.0199521128088236 0.0134163488586637 0.0246889876044804 0.273718312405254 0.000115603344211124 0.000342567687981998
0.2571224167943 0.181086298823357 0.535984098911285 0.10523044122383 0.0932655817829073 0.0713147183414549 0.115478793345392 0.0810844989493489 0.146733438037336 0.0911590218544006 0.121158936619759 0.111896692961454 0.234726914763451 0.3307508289814 0.0638606116175651 0.100076935440302 0.0850678816437721 0.107320524379611 0.0967292595654726 0.0895792655646801 0.0858748910948634 0.111138027533889 0.0250753503292799 0.1063954686746 0.0586673147976398 0.0845743000507355 0.192007544636726 0.171667544543743 0.101269244030118 0.108891019225121 0.0794429592788219 0.15728415697813 0.0381368358619511 0.101262043975294 0.0482276495546103 0.337142001092434 0.478234997391701 0.26891029253602 0.210236963583156 0.0168324795289664 0.00506459304647251 0.00311303673028078 0.0044462268128882 0.00468023487914517 0.0101022462571407 0.000194067622104477
0.128712577372789 0.162775546312332 0.325081381201744 0.408041055500507 0.195011224597692 0.12856098972261 0.0613836749922484 0.206152816861868 0.120158975571394 0.104643601551652 0.416605180501938 0.176801656186581 0.0736305048689246 0.177401835471392 0.296059156954288 0.183695540577173 0.0963268084451556 0.0775430865585804 0.114026902243495 0.464895224571228 0.155734670907259 0.114479317143559 0.121777249872684 0.50487165749073 0.17822691090405 0.153923600912094 0.099448948353529 0.110857735201716 0.232237140089273 0.195327326282859 0.131438692286611 0.129608631134033 0.0506121085927589 0.0189298912556858 0.0627233134815469 0.0367875894065946 0.430674877762795 0.628463622927666 0.181240542978048 0.446565425395966 0.0401606636121869 0.0857579533010721 0.1147988460958 0.0556653631501831 0.0489267680328339 0.0531846535392106
0.13846964687109 0.64486218392849 0.730665120482445 0.284760425984859 0.267029654979706 0.0807921889238059 0.0562340865842998 0.321567489951849 0.138828296214342 0.146684027090669 0.30732384622097 0.381104820966721 0.166302860528231 0.235471270978451 0.214408394694328 0.0978874463587999 0.111442556604743 0.118921577557921 0.15061646848917 0.578712663054466 0.343479615449905 0.1440474152565 0.137987735122442 0.128782390523702 0.481724415719509 0.243898844718933 0.364266473799944 0.46810312345624 0.344996865093708 0.186427648807876 0.0381485066842288 0.117727353051305 0.12186035849154 0.101054762722924 0.0297149952576547 0.0648993498587515 0.041314079798758 0.149625113606453 0.106745143420994 0.41396399140358 0.0269760791677982 0.122264910116792 0.0622053219005465 0.0157746297498306 0.00938274021609686 0.00195289526593001
0.229370985925198 0.144651429355144 0.27983595430851 0.321216654777527 0.120082696899772 0.159973078221083 0.172225412167609 0.208948096632957 0.161066312342882 0.0547127917408943 0.132343821972609 0.2085523404181 0.258532327413559 0.226400830596685 0.176389481127262 0.297928705811501 0.320354162156582 0.214307877421379 0.131172182410955 0.344560351967812 0.391581089794636 0.539798408746719 0.169962012767792 0.11382309012115 0.280910643935204 0.623513928055763 0.169783467054367 0.36167049407959 0.232974994648248 0.170113343000412 0.109695414826274 0.200712210312486 0.239140627346933 0.109020145004615 0.105516143888235 0.11326106749475 0.0455250441096723 0.0930977797135711 0.226011846959591 0.0729042195947841 0.171899610385299 0.0195409566629678 0.0926262123510242 0.123242431133986 0.0683267403393984 0.00583049522756482
0.401921735703945 0.2834522344172 0.148748244345188 0.157207404822111 0.276220278441906 0.183865032345057 0.198168204724789 0.198922850936651 0.170325599610806 0.147761984914541 0.461326865851879 0.339446277916431 0.302481184899807 0.221232855319977 0.222094914317131 0.361401835083962 0.155995824560523 0.221379739046097 0.370484042167664 0.347450599074364 0.356707784533501 0.503560450673103 0.149463976919651 0.252822798490524 0.176104857027531 0.188800249993801 0.706803196668625 0.404334707558155 0.375934754312038 0.350225205719471 0.182730025798082 0.37464614212513 0.324210320413113 0.166009127348661 0.12600053884089 0.950745815038681 0.152726764790714 0.432658796012402 0.151690308377147 0.113185665011406 0.123368977382779 0.133627658337355 0.153315477073193 0.0895516039803624 0.00581284296931699 0.00449423973841476
0.225746807456017 0.207672212272882 0.318229903280735 0.189261845499277 0.235024718940258 0.209054273366928 0.27975791990757 0.238571086525917 0.185968425869942 0.290700650215149 0.204573319852352 0.164718014746904 0.275870612263679 0.181172296404839 0.213090580701828 0.173502439633012 0.368635061383247 0.159485448151827 0.195946669578552 0.0470281094312668 0.180225917324424 0.183120723813772 0.133959513157606 0.195247738063335 0.227591567486525 0.211293938010931 0.0545178055763245 0.125330471992493 0.1383620262146 0.0180799096822739 0.18000876493752 0.184059573709965 0.401927402615547 0.239261327683926 0.14701828584075 0.687892308831215 0.166622181236744 0.170063719153404 0.393906292319298 0.0302370209712535 0.0781996261328459 0.116299912706017 0.0586185112595558 0.103021118044853 0.0880943963304162 0.0139737107558176
0.219082300364971 0.435323758423328 0.227766022086143 0.268222899734974 0.288052245974541 0.337692888081074 0.242344562709332 0.12621064260602 0.0916526596993208 0.200356189161539 0.288725659251213 0.087327828258276 0.162787179648876 0.134530791267753 0.233072492480278 0.203721551597118 0.115280082076788 0.327855345606804 0.0694957466796041 0.202234119921923 0.152019976079464 0.196167565137148 0.187565913796425 0.176881524175406 0.171967681497335 0.339919859170914 0.160473255068064 0.32441241890192 0.268062925338745 0.256700733304024 0.130012499168515 0.161534576117992 0.34112481623888 0.162958685308695 0.178725192695856 0.29370531886816 0.641603177785873 0.230953274667263 0.476489382982254 0.487588864564896 0.225184118747711 0.060240297857672 0.0429052535444498 0.162691556662321 0.109197509661317 0.120512636005878
0.273136131465435 0.504944404959679 0.327192203700542 0.15269768089056 0.171610109508038 0.141114959865808 0.217713248729706 0.147894172370434 0.212920866906643 0.150782462954521 0.123718522489071 0.103230742365122 0.151652643084526 0.0632270518690348 0.422919252514839 0.319083841145039 0.256691399216652 0.163590476661921 0.173000404238701 0.155542622506618 0.18408607468009 0.112979812175035 0.219762159883976 0.191671246290207 0.170664882659912 0.240748862177134 0.384931330382824 0.500930401682854 0.378763779997826 0.574677705764771 0.0260619968181013 0.415450163185596 0.227556131780148 0.303636062145233 0.262652958184481 0.232419155538082 0.448405462503433 0.601292529702187 0.350377744436264 0.115141863003373 0.150373004376888 0.0444666679017246 0.115951069816947 0.0061038596497383 0.0620782004669309 0.200912182033062
0.432013514637947 0.301821427047253 0.387284678220749 0.348092053830624 0.328689296543598 0.231583496928215 0.0944577254354954 0.197182236611843 0.214410637319088 0.278023402392864 0.0689848313108087 0.05848283264786 0.0720305263996124 0.247255036979914 0.678660184144974 0.221108782291412 0.187769560515881 0.0575890442356467 0.19493645131588 0.165976518392563 0.206019165366888 0.122626166418195 0.324036604166031 0.23520627990365 0.277662412822247 0.174103604257107 0.215379673242569 0.216378332674503 0.497783242166042 0.552722309529781 0.914610379934311 0.655461895465851 0.020886866748333 0.225247679650784 0.19655749052763 0.213985648751259 0.470524948835373 0.255395722389221 0.197870735824108 0.569306880235672 0.229727649688721 0.310125620663166 0.0626311736181378 0.0554633899126202 0.063089725188911 0.248854880034924
0.447141766548157 0.366218827664852 0.402516201138496 0.266012687981129 0.296263043582439 0.160598477721214 0.0628591079264879 0.167822011187673 0.280362692475319 0.081998797506094 0.376399019360542 0.091178759932518 0.105995800346136 0.507388186454773 0.345831775665283 0.105281321331859 0.231825242936611 0.0659045005217195 0.230386552214623 0.311302919685841 0.463489493727684 0.250821212679148 0.313826394081116 0.160740243643522 0.215928556025028 0.104011110216379 0.212386848032475 0.215808767825365 0.26020165681839 0.239254720509052 0.18602646291256 0.255038942396641 0.55366079211235 0.424405813217163 0.17710664793849 0.167069393768907 0.649722319841385 0.424438753724098 0.111715430207551 0.719922038912773 0.267051285505295 0.075288001447916 0.0561713743954897 0.0479865508154035 0.15911745429039 0.0720418073236942
0.152184558659792 0.230527848750353 0.647674611210823 0.233057284355164 0.0984581027179956 0.166070228070021 0.173500872775912 0.230592276901007 0.187068775296211 0.125657571107149 0.178039642423391 0.248836359381676 0.466972023248672 0.624429562687874 0.240058101713657 0.222187415510416 0.252496679127216 0.32030682861805 0.25094391554594 0.536329999566078 0.687907880544662 0.381838315725327 0.228371758759022 0.121351174637675 0.116628538817167 0.286833454668522 0.205779714882374 0.238631612062454 0.255618384480476 0.274885201454163 0.33902435451746 0.670826932787895 0.754222917556763 0.916048187017441 0.387134174443781 0.454084718227386 0.517143055796623 0.240116986632347 0.0431428952142596 0.204097958654165 0.281820684671402 0.18070235028863 0.071718860603869 0.126571261510253 0.125969561934471 0.309756153821945
0.551298722624779 0.410154116153717 0.427293817698956 0.40915894806385 0.403487819433212 0.470346128940582 0.533323031663895 0.547787292301655 0.419188407063484 0.103979430347681 0.093553801625967 0.282577766478062 0.590256574749947 0.647530490159988 0.0482518244534731 0.275335152447224 0.53839376270771 0.20014815106988 0.0966097317636013 0.235421831905842 0.229081888496876 0.216973440349102 0.0933770664036274 0.252090546488762 0.22098895907402 0.306192281842232 0.54411141127348 0.478937098383904 0.307567453384399 0.486586767435074 0.328064542263746 0.433418124169111 0.222646000981331 0.269394671916962 0.329971551895142 0.0797157362103462 0.63090355694294 0.424303537607193 0.241679699718952 0.0663654498755932 0.104410354420543 0.26420801654458 0.378615492582321 0.841361963748932 0.899378699064255 0.744938826560974
0.518397948145866 0.61658305823803 0.440095348656177 0.336309394240379 0.301828587055206 0.26418519243598 0.563394159078598 0.183382094651461 0.649394109845161 0.199114409834146 0.180186363309622 0.254026764631271 0.362514727562666 0.423742234706879 0.326754126697779 0.245359414070845 0.0611911350861192 0.0428738822229207 0.215256955474615 0.221965774893761 0.233054544776678 0.0991562318056822 0.172349525243044 0.223317099362612 0.294203720986843 0.537129819393158 0.403138975985348 0.908389437198639 0.965425211191177 0.714632928371429 0.341551636904478 0.327523206174374 0.172206524014473 0.105219860747457 0.24359805136919 0.0896508552134037 0.0804207498207688 0.0641909666359425 0.0779391072690487 0.0428511242382228 0.0528535969555378 0.737813088297844 0.865369856357574 0.15752221159637 0.160411832109094 0.629937699437141
