Maxent_result_files_2/B_quadricolor_3.asc
NCOLS 594 
NROWS 330 
XLLCORNER -15 
YLLCORNER 23 
CELLSIZE 0.166666666666667 
NODATA_value -9999 
[rows 260 to 279 of 330, columns 506 to 551 of 594]
6.21820188470679e-05 8.29439629967954e-07 1.44191672326599e-05 2.65347193861842e-07 4.17232506444432e-07 3.54566640770049e-07 1.49764815627784e-05 1.61136674270423e-07 4.99935073161595e-07 6.43427618385317e-07 0.000102554360546381 2.70669367807841e-07 2.59366266242012e-07 7.44685045077631e-06 1.18303149037047e-06 3.15477088985716e-07 6.50015099346035e-07 4.81337912674462e-06 4.35463188352969e-06 2.15730472518771e-05 2.87143888422214e-07 0.000181166932043197 5.91202068335406e-05 0.000542449811473489 0.00206031464331318 0.787835493004241 1 1 0.0821499403566122 0.00993296504020691 0.01915547628887 0.106249016150832 0.0778793761506677 0.00249701545708376 3.83292544370306e-09 2.73044065579597e-07 1.75500005639151e-08 1.69842309105661e-08 1.0272244708176e-07 2.25155054067727e-07 0.00322049363221053 0.00250695740147362 0.00346812976712639 0.00358002613139657 1.10033290923184e-08 2.16216250237267e-08
0.00100857624147724 0.00152090896824788 1.31320044602035e-05 5.68697918268413e-06 9.54351945914311e-07 1.08763235662224e-07 2.66463839172504e-06 8.98736011178958e-07 9.18157171336809e-07 4.92785660287653e-06 4.64133437461101e-07 6.34115354891662e-07 3.0091211176142e-07 3.8688767833861e-07 1.62494716393624e-07 1.00887336496047e-07 4.13471584970182e-08 2.78514681184561e-07 6.17051750140263e-07 3.60781580610592e-07 9.10504521334232e-08 1.16974256570757e-05 9.77872124394708e-06 7.22001914823522e-06 5.43028378885424e-06 0.00115491425676737 0.0116186287952587 0.0858919981867075 0.0471539977937937 0.00098889240907738 0.00276219061342999 0.00232064614829142 0.177825430780649 0.000293337274342775 0.000187512452248484 1.81487712325179e-07 2.61124951066449e-05 5.27989470811008e-08 7.21804171917029e-06 0.00160553330616532 1.11428516902379e-06 0.00208773995723479 0.00278209160947162 0.00389684976625267 0.00416034543993088 1.76828621079039e-08
0.000307945998451942 0.000439402320921545 0.000239415259989073 5.24712888363865e-05 9.28312491055294e-06 8.52946233820262e-07 1.29793176601667e-05 1.46660099009654e-07 1.95463746965885e-08 4.55718285441442e-08 1.79119119603222e-07 3.08041992180819e-07 5.18828312756625e-07 1.12064653023936e-07 2.78416892474098e-07 1.00470360575589e-07 1.07344906119522e-07 5.08137488308691e-08 4.40957492409133e-08 1.3445400264267e-07 5.58911602865919e-06 3.75999881399913e-05 3.45715717230632e-05 0.000315153725568962 0.000143358083187195 8.00668085958023e-05 0.00360622380976565 0.0584433026611805 0.355657887458801 0.0100480057066306 7.3319424291185e-05 0.000585178227629513 0.00190391483192798 0.0168511492200196 0.00206349045038223 3.34535315005269e-08 1.21506062100707e-08 1.7495799693279e-05 1.50239357026294e-05 1.12177212940878e-07 6.54678842693102e-08 0.000734919507700993 2.92478653136641e-06 0.000521244251477671 0.000981315551706607 0.00364733769756291
0.00244525195788448 0.00024581487505001 0.000963018822039885 0.00469373465805358 0.00242054387654207 0.000740552611339229 0.000602099971107706 9.96146645775298e-06 2.28641592094903e-06 1.44233508763136e-06 1.02470583556169e-06 5.91485689538374e-07 1.28746170879879e-07 2.88966673434032e-07 6.39609418850995e-07 1.55281393965367e-07 1.46216794982834e-07 1.60479712230099e-07 2.34974167812041e-07 2.9273597217383e-07 2.41809875767274e-07 2.69665319763135e-06 5.64743547499802e-06 6.40355554423877e-05 0.00067163805506425 7.87031025538454e-05 0.00182595567966928 0.0113054914749227 0.0130222352221608 0.157611281424761 0.00924828698625788 0.0011423498071963 0.00108239253459033 0.00262312387640122 0.201398554444313 6.24874610366533e-07 1 1.78747031895909e-06 6.60424586385489e-05 2.70024474957609e-07 1.00504757938324e-06 3.84663138675023e-08 2.34201138482604e-08 3.25522506727793e-09 4.95908416553448e-09 3.01589898299426e-07
0.00458897677884946 0.00228111138130771 0.000223029504915218 0.00119687887563487 0.0100035999130341 0.00150417277836823 0.205125609878451 0.0805665303021669 0.00303188597790722 0.000936961359656152 0.00103267717477138 5.21560350086214e-05 8.58204774689675e-08 1.32012533216042e-07 9.66599583485106e-08 1.1611399564071e-07 2.26667271263636e-07 1.10116398932547e-07 1.06078054029624e-07 4.09923222255415e-08 3.52255895452735e-08 6.10084972318958e-08 4.5256418512718e-08 2.21963819512894e-05 0.000905488690477796 2.11752369394524e-07 0.000263995786372107 0.0110478640999645 0.00842554289847612 0.0782735090702772 0.152834142372012 0.0218129884917289 0.000259508476119663 0.000172256029145501 0.00206877866294235 0.0144934941083193 6.60849946143571e-07 6.87834181007929e-06 8.29164346214384e-05 0.000527650490403175 6.78144802805036e-05 2.13542825804325e-06 5.99327506733971e-08 5.02317391237739e-08 5.36431024045214e-09 0.000554064056037695
0.0042801543553852 0.000713453296657462 0.00117415742715821 0.000269508446061195 0.000135094455436047 5.4133804110279e-05 0.00429487605433678 0.00253604521858506 0.000607041626790306 0.0013196156694903 0.000170707991674135 1.69707342024594e-05 1.42383239882804e-06 2.97419414874156e-08 4.88245018637201e-07 1.23902036808232e-07 9.24810887870109e-09 1.71848831784782e-06 2.48023487081639e-08 1.16459613952458e-08 4.4478469851672e-08 1.79567707832007e-06 5.71706936014493e-07 3.77984516717333e-06 3.46914382953756e-06 1.31052553369315e-06 4.02686407142028e-05 1.16739757569206e-05 7.33506552023755e-05 0.00255753481760621 0.331064599007368 0.0664056185632944 0.0180067643523216 6.62012851989857e-05 1.82367082175006e-05 0.000924346370447893 0.174516272172332 0.0186321462504566 0.000103687553200871 1 0.000113978597801179 2.25610623601824e-05 2.25914868678956e-07 7.47672288525791e-08 7.06960392449219e-09 0.000718968265815867
0.000370162654752448 0.00121027899876935 0.000349061813176377 2.7493960612901e-05 3.85912494493823e-05 1.01281072147685e-05 3.08934320855769e-05 0.00148296295574255 0.000851447403692873 3.79629452247343e-06 5.31737849485125e-06 7.45585869132981e-07 1.64864446094981e-07 8.84832588088358e-08 6.53864093003165e-07 1.10108173312362e-07 1.28616615580057e-08 1.66109253796343e-08 5.1499217756934e-08 1.24320456929006e-08 3.58752046625277e-08 8.47260413050499e-08 9.50761168461156e-08 1.56604738621446e-08 1.80105378220219e-06 3.6576952098244e-07 2.29623985958938e-07 3.65177636352243e-08 1.4720203739671e-05 0.000543574172479566 0.0357356844469905 0.0376236599870026 0.23265680000186 0.024232110241428 0.00711060899775475 0.00338162386906333 0.0980138065293431 0.151095055788755 0.206171197444201 1 0.000221449229866266 0.000278419884853065 3.46046814229339e-05 1.10830133053241e-06 1.56118773020353e-08 2.93687492103345e-08
0.000160437664666802 0.000164615446738026 9.37534348622648e-05 8.81399834611329e-06 7.32613584730757e-07 3.66817778143513e-06 3.41785896438296e-06 4.93713866855927e-07 4.47928223579197e-07 3.41535383938663e-06 1.198885672693e-06 7.80815744505503e-08 8.53474817041899e-08 8.27103312950328e-08 2.04572231776723e-07 7.68009297491545e-08 3.6690741789247e-08 1.11080618925286e-08 2.46168985973405e-08 3.96369129407326e-08 4.65472037913806e-08 7.28303690689103e-09 4.42385145182911e-08 2.15846088225113e-08 1.74525576879248e-08 1.90555902168654e-08 7.49156875423651e-09 1.32826616994208e-07 1.77509721652314e-05 2.79493464859115e-05 0.000330880814726697 0.129573950357735 0.0221067572943866 0.342370853573084 0.552580153942108 0.0119762144517153 0.228967972844839 0.0737218154594302 0.00731890944034603 3.43185797646584e-07 1 0.000202315510250628 2.13007811389332e-10 3.68828536011279e-05 2.00775648409035e-06 2.15931748925868e-08
0.00063884847349982 1.81936435889374e-05 1.48330768894311e-05 5.38471236666282e-06 2.22927741674539e-05 1.39291317822199e-06 7.99497989589781e-07 3.72521987301866e-07 5.83683625166032e-07 5.49874343036549e-07 1.54142658903567e-07 1.45466577450293e-07 2.90699360938618e-07 2.03557368827489e-07 5.69374353887042e-08 2.91330191748429e-08 7.70112659642663e-08 1.52727851254753e-08 8.46869933068817e-09 1.45532330964038e-08 1.90649877107596e-08 2.84544968698341e-08 8.98933376625166e-09 1.21020074295153e-08 8.5005921302006e-09 1.16299517857188e-06 6.52538556522586e-07 4.77285610145373e-08 5.48830821855972e-07 1.94661854668876e-07 8.36729386222146e-07 5.45138119321109e-05 0.000130557184754354 0.000141751927045419 0.000226693398030875 0.000860155786540417 0.0656573471613228 0.0909930074587464 0.0122273012762889 0 0.0149761199951172 0.000109766609966755 0.000110475393012166 2.50772223807871e-05 2.29568031500094e-05 1.30462251490826e-07
0.000141786520540066 0.000324381618435154 0.000156402151696966 1.09092601178418e-05 2.03451845059988e-06 4.06722770884826e-07 1.30494859040819e-07 8.75415138934521e-08 6.53464350297561e-08 5.62461360376076e-08 9.42709903806183e-08 1.85976205635541e-07 6.85656525689637e-07 1.94789959939712e-07 5.02394605361722e-08 1.29359207345914e-08 7.8828263916364e-09 1.01044779654558e-08 6.82172968113903e-09 3.45315507299659e-09 4.66970534462874e-09 1.66617871499852e-08 4.45936561566107e-08 8.04659829434229e-08 6.26613745335902e-09 6.35890680000806e-08 4.12874274435815e-08 2.52488816943064e-07 2.90681083314759e-08 9.30238449825538e-08 3.8896535003996e-08 6.34892821693711e-07 1.28781857995364e-06 1.30000678947306e-06 1.34164725145491e-05 0.000177393619674149 2.26854376705887e-07 0.00213792641761756 0.00571664462577246 0.012535251560621 0.00234921276569366 0.420870044827461 6.587942413816e-11 0.0874761287957682 2.17780470848083e-05 1.91193073987961e-05
0.00253783233947615 3.58254933246371e-05 0.000170674361724621 7.30037595673139e-06 1.82576236973375e-06 1.69596515098291e-07 1.09987524576916e-07 3.25485769447909e-09 2.68139632719766e-09 2.36008043441593e-08 1.53648252210203e-07 8.93061908868731e-09 6.81533235957765e-08 1.91839404273253e-07 4.1071917156188e-08 1.08433441559086e-08 4.68706409240127e-09 7.53441531387011e-09 1.66198436124532e-08 7.19616846112103e-09 5.03566892962048e-08 2.76971957369199e-08 2.84520317750392e-08 2.40505196869023e-08 1.15121535748663e-08 5.06748382145261e-09 1.08635566986592e-08 3.27724519744166e-09 4.11662804955526e-09 2.96749044448319e-07 4.58503190747805e-07 6.01448401749138e-07 1.19732315639887e-07 2.86535553151168e-07 8.5040693456051e-07 2.34884216185893e-06 0.00654299280140549 0.369616034626961 0.149330209195614 0.224724242091179 0.32411380559206 4.48515987955034e-05 0.00164968110620976 0.00349244363605976 3.65935236914083e-05 5.77235623495653e-06
0.000230940204647823 0.000849712096351141 0.0166910870758898 0.016150651784119 7.43590597949151e-06 6.1992913549247e-07 1.36728657051943e-07 9.2139362029009e-09 1.7010595043665e-09 2.11417465978414e-08 7.20881455529287e-08 1.7174502264794e-09 1.19128693509829e-07 1.2678031069413e-09 6.08959493941796e-09 2.61033027415536e-09 2.29208861002306e-08 2.96693760115652e-08 1.43505940908284e-08 3.41513139989758e-08 4.7031493777272e-08 1.28084443440368e-07 1.11879948594407e-06 1.33165980686911e-08 1.45171764276419e-08 9.46456779682414e-07 2.42892935764516e-09 6.4935987253989e-09 2.53736338606814e-09 2.84960212093566e-09 7.32350643783963e-07 3.79787665760745e-09 1.06399575150462e-08 9.74670178344184e-07 1.65572314418938e-06 8.15983052326885e-07 9.87183480027909e-06 0.002241142040657 0.0245520163327456 0.0255224185297266 0.000162807007105936 0.0626352628692985 1.53466128693935e-13 0.00100899050012231 6.70574706873595e-15 4.35313646448776e-05
0.000419438620338375 0.0237891294036672 0.00364910220705497 0.000183458146238991 8.35469587343596e-06 3.59128778484319e-06 1.06205627481426e-07 2.83103180453992e-08 1.22083977278642e-06 1.73365577449403e-08 4.21240699433056e-08 8.90894757965555e-09 3.89866437744413e-07 1.1078187145408e-09 1.32610202818739e-09 2.58862836721718e-08 4.33416166956135e-08 4.40954014635508e-08 1.0515221904317e-08 5.79194151528739e-09 2.51966491005007e-09 4.08059096512758e-09 9.6657396642108e-09 1.68076762174785e-08 8.33035521674574e-09 3.55668264839792e-09 3.48996829213633e-09 3.04588656518945e-09 8.95646927734362e-09 9.24336855945285e-09 7.35223101289151e-09 6.52653321386865e-09 3.39426270423715e-09 1.06261236476612e-08 4.78278442717084e-07 1.49152129491625e-06 3.62371337132572e-06 2.66500832708516e-06 3.33049151091114e-07 3.94913913660533e-06 1.71779289692697e-07 0.0280182543210685 2.72405886789784e-05 1.36682749143802e-05 0.676698007434607 6.13953332617712e-15
0.000360592409629135 0.0153656374002068 0.0181992323152372 6.63337782640383e-06 4.35087850370053e-07 1.26095575658791e-07 6.47157162858569e-08 2.43041391723153e-06 1.01935020535571e-06 7.7980703161451e-08 8.91072900355283e-08 7.6401966309092e-09 1.8983150740226e-08 6.82350964620326e-10 8.29724600137638e-10 1.50509629204265e-09 5.00221912780319e-09 4.47976258310945e-09 1.63924391838322e-09 2.87264864118342e-09 2.46238003320798e-09 6.92460794260441e-09 2.92435388127288e-09 1.61479262184017e-09 4.43540260075537e-09 5.08118465081253e-09 4.89300275852145e-09 2.43837266933333e-08 1.02306129790009e-08 2.79168245187478e-09 6.00117401328149e-09 5.8077367914855e-09 2.40671943485538e-09 2.69704949484861e-09 3.4248041735907e-09 4.5290713845958e-09 5.0175537054109e-07 1.73037475317273e-06 1.168773574034e-06 9.36947568384028e-06 7.48170751246002e-05 0.0244454126688652 0.000310713751241565 0.000387859111651778 8.84185370523483e-05 0.000408800505101681
0.000168611040353006 4.29198008135789e-05 1.21596196109408e-05 9.49909661418502e-07 1.15958675483974e-07 3.29163116985498e-08 9.50586828141198e-09 1.8801644763311e-08 5.45586349698368e-07 4.67552258132109e-08 7.22678961118106e-09 4.78776476131593e-08 1.41076722526279e-09 1.0381637549628e-09 7.11745617998361e-10 1.14008680274225e-09 1.78583320353809e-09 4.60830856807704e-09 3.96077661779515e-09 4.97985797043299e-10 6.00749550105917e-10 1.39903435503186e-09 8.36668323511702e-10 9.32044508239471e-10 7.46848994870319e-09 1.34563875597848e-08 2.09942488949011e-09 1.84810561298931e-09 5.598782304439e-09 5.52938007603032e-09 2.51294309805417e-09 2.98780011842581e-09 1.95277666259486e-09 2.07035047994353e-09 2.72457049144137e-09 2.62367362280358e-09 3.36460020955442e-09 1.1833779434145e-08 6.31519403526681e-07 2.65969918409326e-06 2.16945090053544e-06 3.8760033768126e-07 4.31808712164639e-07 0.000902788713574409 0.000427005020901561 3.69631132343784e-05
8.58679777842042e-06 4.15522905087284e-06 1.63695291970356e-06 8.49593699498996e-06 4.21788732607453e-08 7.43930633761991e-09 1.11983059936094e-08 1.21468312408446e-08 2.38326098966901e-08 1.28565414980741e-09 4.08729573964095e-08 4.37283009135925e-08 6.07533123808679e-10 6.85098400232675e-10 1.29003185911358e-09 2.40880398960641e-09 9.70638780461997e-10 1.13682638858137e-09 6.61667887147388e-10 3.26416849105726e-09 3.08948796545749e-09 5.53898871213931e-10 6.20502560444436e-10 2.93581293719924e-09 4.30298932041495e-09 1.22270163993576e-09 3.43844737127341e-09 1.40352958144518e-09 4.53936310762515e-09 5.03025039400029e-09 1.94037481637821e-09 1.81052649539382e-09 1.71759179101727e-09 2.14421358446515e-09 1.73659017166372e-09 1.98645173643541e-09 3.47230462161008e-09 2.98537395915233e-09 3.70801051241543e-07 1.65077244105305e-06 2.64647587968625e-06 1.21400470028732e-05 1.03168309995016e-07 2.3783423117596e-07 0.0291522792831529 0.0250138463924014
2.25155141712063e-06 4.90313169754231e-06 2.74008897747091e-06 2.17739606860334e-06 6.68123565916723e-08 1.79857260529381e-08 2.98446957369691e-08 8.34362611223938e-09 4.5683050342582e-09 3.15101064907175e-08 2.89040583467681e-08 5.65853452982878e-10 6.207626468413e-09 7.37902937641977e-09 5.96247596851285e-09 8.31231716791336e-09 1.02345981134455e-08 1.34427614595367e-09 1.32166760868913e-09 3.74758324372948e-10 1.75170635774435e-09 3.92736809740057e-10 3.74421827986637e-09 3.1971784109075e-09 5.96255533835688e-10 1.00016687154536e-09 9.05941344164773e-10 1.46488767782671e-09 1.23734023027566e-09 3.5187112445989e-09 1.55283027547526e-09 1.49188370546227e-09 1.59538010580107e-09 1.4932233449727e-09 1.61471417348125e-09 2.28131245005869e-09 2.004318810922e-09 2.36774164719122e-09 1.74996704593866e-07 2.3710615886241e-07 9.17863035043709e-07 9.35628045173331e-07 5.93072046477516e-06 1.54459903313864e-05 6.32620060569966e-07 3.71990083575024e-05
3.65606720862388e-06 4.43775864032991e-06 1.5149424831562e-05 1.03460943194023e-05 9.9178290069446e-08 3.50543860716535e-08 1.69190822907339e-08 1.52689193733124e-08 7.53718665258418e-10 2.66676282612011e-08 4.12101230917727e-10 6.88062995468641e-10 6.20395523842632e-10 5.4746977617981e-09 5.63940582010147e-09 4.99903242134891e-09 1.11469887209559e-08 3.63932306512993e-10 9.51196332810156e-10 1.37846900560845e-09 1.35395727962617e-09 1.73197145514337e-09 1.89643590831068e-09 4.22182511172764e-10 1.41755596150261e-09 5.7892091120948e-10 1.04501028941328e-09 2.19577037663399e-09 2.66318394004372e-09 2.88397178360711e-09 3.31588636548474e-09 1.34935775886191e-09 1.40028888484522e-09 3.87136915858122e-09 1.44652119171695e-09 3.35736609624604e-09 1.82191477460236e-09 1.86619948383537e-09 6.82451770761539e-08 2.65181256651204e-06 2.88974230033823e-07 1.20528936944364e-06 3.97621642918011e-06 4.83997462765728e-06 3.37511053564166e-06 8.87120887960169e-07
9.48908793070302e-06 6.20886242107543e-06 0.000434349402253564 3.89849665680231e-05 9.85576643852681e-08 6.50955176539902e-08 1.25745570733748e-08 2.5477771226079e-09 1.31206917119986e-07 1.34712427324324e-08 6.69883315485009e-10 2.3399026050086e-10 3.9012948205297e-09 4.67859528896497e-09 5.26906759334977e-09 4.94313683319092e-09 3.43345835096542e-09 1.62537805437069e-10 8.40268121748977e-10 1.19306934331931e-09 3.13675019292248e-10 3.01090818943806e-10 2.48786493628472e-09 9.34573074484746e-10 1.08304384349722e-09 4.35513147767352e-10 6.92702062377037e-10 7.95272236953082e-10 6.9347130260411e-10 3.49222818440964e-09 2.16775698280713e-08 1.16492220314512e-09 3.56929638067882e-09 3.29580055469236e-09 1.24473343854348e-09 1.19131876585854e-09 1.25477308543509e-09 1.39114281205721e-09 1.65162833409838e-09 2.0003186207429e-07 3.24706284793308e-07 4.93931783251966e-09 1.81996600523426e-06 1.10147568799235e-06 4.37848545642439e-08 2.5906748957194e-08
4.29104085956089e-06 1.6662184916183e-05 0.000291281084951667 1.29205043094771e-05 9.19218666073363e-07 2.77128341719113e-08 9.27085449520249e-09 2.22733927968122e-09 1.11154909276934e-08 1.23015498898482e-09 4.62210425489218e-10 2.0952627410864e-10 4.01664207450025e-09 5.86465203067377e-09 4.0990417504716e-09 4.24069979132469e-09 7.30198301823748e-10 7.56711127092302e-10 6.1738917311871e-10 1.79044024051223e-10 2.00729100008346e-10 6.53103815473344e-10 2.85810495270766e-09 6.9123690105144e-10 8.72774685856115e-10 3.64530350349668e-10 7.05291491875926e-10 5.30067190140926e-10 1.298851026732e-09 2.08695501990874e-09 1.99117416999073e-09 9.40885114264489e-10 1.27337418387441e-09 1.52180126278267e-09 1.01470855051744e-09 9.83861681014275e-10 2.64394681703806e-09 2.76173870439322e-09 1.39747950989033e-09 1.68601976824334e-09 1.64363653976096e-07 7.4949841155636e-08 1.81182782421629e-07 4.18347637367589e-06 6.04489025624044e-07 6.68056646491166e-07
