Maxent_result_files_2/B_quadricolor_2.asc
NCOLS 594 
NROWS 330 
XLLCORNER -15 
YLLCORNER 23 
CELLSIZE 0.166666666666667 
NODATA_value -9999 
[rows 200 to 219 of 330, columns 46 to 91 of 594]
-9999 -9999 -9999 -9999 -9999 -9999 -9999 -9999 -9999 -9999 -9999 -9999 -9999 -9999 -9999 -9999 -9999 -9999 -9999 -9999 -9999 -9999 -9999 -9999 -9999 -9999 -9999 -9999 -9999 -9999 -9999 -9999 -9999 -9999 -9999 -9999 -9999 0.0134658647235483 0.0226972484961152 0.0193094400689006 0.126354972273111 0.0842094557359815 0.0299549540504813 0.00124826855158062 0.00132673907191361 0.00132249496682562
-9999 -9999 -9999 -9999 -9999 -9999 -9999 -9999 -9999 -9999 -9999 -9999 -9999 -9999 -9999 -9999 -9999 -9999 -9999 -9999 -9999 -9999 -9999 -9999 -9999 -9999 -9999 -9999 -9999 -9999 -9999 -9999 -9999 -9999 -9999 -9999 0.00532941051060334 0.0648329822346568 7.90793102396492e-06 0.0176632695598528 0.0155219153035432 0.158292760699987 0.0615338804200292 0.0696072639897466 0.0147065045312047 0.0276015962008387
-9999 -9999 -9999 -9999 -9999 -9999 -9999 -9999 -9999 -9999 -9999 -9999 -9999 -9999 -9999 -9999 -9999 -9999 -9999 -9999 -9999 -9999 -9999 -9999 -9999 -9999 -9999 -9999 -9999 -9999 -9999 -9999 -9999 -9999 -9999 -9999 0.0257885839790106 0.155406975746155 4.40415396525395e-06 0.000211400498119474 6.41786202777439e-05 9.17220456358336e-05 0.0442897537723184 0.205291059613228 0.116754252836108 0.0526627615094185
-9999 -9999 -9999 -9999 -9999 -9999 -9999 -9999 -9999 -9999 -9999 -9999 -9999 -9999 -9999 -9999 -9999 -9999 -9999 -9999 -9999 -9999 -9999 -9999 -9999 -9999 -9999 -9999 -9999 -9999 -9999 -9999 -9999 -9999 -9999 -9999 0.164251324534416 0.03988999244757 1.18831073791625e-05 2.38668390633023e-06 3.18721451094461e-05 0.00640663960948586 0.0147275387775153 0.0171205161139369 0.0794444561004639 0.0507856540381908
-9999 -9999 -9999 -9999 -9999 -9999 -9999 -9999 -9999 -9999 -9999 -9999 -9999 -9999 -9999 -9999 -9999 -9999 -9999 -9999 -9999 -9999 -9999 -9999 -9999 -9999 -9999 -9999 -9999 -9999 -9999 -9999 -9999 -9999 -9999 -9999 0.342179845273495 0.00588299800583627 0.000227096999151399 0.00045435245592671 2.28675062260208e-05 0.00067115608981112 0.0594237078912556 0.0309172729961574 0.00166055025881633 0.00132508961322628
-9999 -9999 -9999 -9999 -9999 -9999 -9999 -9999 -9999 -9999 -9999 -9999 -9999 -9999 -9999 -9999 -9999 -9999 -9999 -9999 -9999 -9999 -9999 -9999 -9999 -9999 -9999 -9999 -9999 -9999 -9999 -9999 -9999 -9999 -9999 0.00274861627985956 0.0155969142913818 0.00193135041627102 0.000277344894129783 0.000858759291060096 0.000791785814294599 0.00135288131509697 0.0147113358369097 0.00196128063676042 0.0139982311287895 0.00151955089361309
0.000428530707085883 -9999 -9999 -9999 -9999 -9999 -9999 -9999 0.000619572906907706 0.000419291402886301 -9999 -9999 -9999 -9999 -9999 -9999 -9999 -9999 -9999 -9999 -9999 -9999 -9999 -9999 -9999 -9999 -9999 -9999 -9999 -9999 -9999 -9999 -9999 -9999 -9999 0.00296193836838938 0.00857625256758183 0.00257198422332294 0.00326213071821257 0.000430956509200087 0.000553028522108434 0.000907764111201459 0.00205191757772809 0.00271007206213199 0.00218814538070546 0.0028550179456488
0.011170053051319 0.00679194311378524 0.0271117012482136 0.015886675263755 0.0245973392855376 0.0122081181500107 0.00791627401486039 0.00272060032002628 0.00204676089342684 0.000871225482842419 0.00270645067212172 0.00413348566507921 0.00260782183031552 0.00176677917334018 0.00113493241078686 0.000913466687234177 -9999 -9999 -9999 0.000477130447507079 0.000921970581111964 0.000957004156589392 0.00123587913112715 0.00123252474877518 -9999 -9999 0.000718951418093638 0.000937646667807712 -9999 -9999 -9999 -9999 -9999 -9999 0.00085841764084762 0.00160224033752456 0.000167480578843993 0.0039594582747668 0.00441270080627874 0.0047554203949403 0.00308344035875052 0.0140391389839351 0.00180358397892633 0.0269698428921402 0.0647323880344629 0.0477783316746354
0.0211499227210879 0.0374400002881885 0.0739745926111937 0.259569573402405 0.064868788421154 0.0440996564924717 0.0648140545934439 0.0508247202262282 0.0712566221132875 0.0158813538262621 0.022801526915282 0.0342346331104636 0.0658403916284442 0.0600883280858397 0.285151289403439 0.260832835733891 0.0549747705459595 0.0106595848221332 0.00615447491873056 0.00752675712574273 0.00398060199804604 0.0155563778243959 0.056914615817368 0.0148675004485995 0.0265211701393127 0.0175962777575478 0.00758489682048094 0.0211057837121189 0.0235913169570267 0.00711222374811768 0.00769929439993575 0.00402569395373575 0.00863515645032749 0.0171032155863941 0.0184765298850834 0.0238983662799001 0.0141959351254627 0.00726127295056358 0.00766374943777919 0.0120307901175693 0.0115393576910719 0.0117880625184625 0.0323832820169628 0.0770648607984185 0.0038177841459401 0.0696911290287971
0.0403443535789847 0.0681927103549242 0.214388709515333 0.630777871608734 0.272300252318382 0.857214713096619 0.820495992898941 0.49287623912096 0.519034564495087 0.562406304478645 0.728173190355301 0.754936909675598 0.610300579667091 0.566180115938187 0.897077077627182 0.860655772686005 0.442510282993317 0.671007341146469 0.278856094181538 0.121210652589798 0.215201778709888 0.396960687637329 0.299819967150688 0.278685563802719 0.0802192103117704 0.0438485899940133 0.0885687358677387 0.15700850263238 0.0862844459712505 0.0742169274017215 0.0707330906763673 0.046687832288444 0.0913326185196638 0.0529135739430785 0.0300085287541151 0.0536989064887166 0.130302827805281 0.214958836138248 0.105583373457193 0.0987242422997952 0.215672123432159 0.195659525692463 0.217723633348942 0.125884445756674 0.103139947354794 0.110318341478705
0.0701130736619234 0.154941213876009 0.477048532664776 0.938326609134674 0.74138326048851 0.972270238399506 0.486164334416389 0.670531567931175 0.955833405256271 0.894083052873611 0.611411134898663 0.957096344232559 0.816029405593872 0.937483590841293 0.846992039680481 0.785551691055298 0.942931187152863 0.586456942558289 0.539269542694092 0.303565080463886 0.309408582746983 0.109886031970382 0.0879856456071138 0.143503045290709 0.347990268468857 0.245976044237614 0.222847837209702 0.167117791622877 0.0985518664121628 0.115034495294094 0.0663254156708717 0.0264375882223248 0.0633711196482181 0.0587635779753327 0.146677179634571 0.393515981733799 0.211840200424194 0.331645403802395 0.510191649198532 0.99657341837883 0.793141263723373 0.99851815700531 0.99981769323349 0.956618994474411 0.999980413913727 0.993946135044098
0.17555281072855 0.31852130740881 0.375075352191925 0.830384415388107 0.128445152938366 0.265263021737337 0.333360317349434 0.529484149813652 0.442657317221165 0.0758733877912164 0.0751474251970649 0.323888909816742 0.587261062860489 0.294020678848028 0.503014385700226 0.394651702046394 0.726211315393448 0.479677593708038 0.349964679777622 0.437122257053852 0.516229686141014 0.67512341439724 0.851363486051559 0.209830945730209 0.215520484000444 0.165681321918964 0.0797797562554479 0.0790574632585049 0.187406459450722 0.0656313851475716 0.0602607689797878 0.122558352351189 0.143209882080555 0.0430362461134791 0.0735280836001038 0.0613402206450701 0.038777213357389 0.671462601423264 0.656665551662445 0.848272401094437 0.992987328767777 0.997411280870438 0.936774432659149 0.999330061674118 0.999180537462234 0.986226224899292
0.333334028720856 0.957437360286713 0.276364550739527 0.000422383370460011 0.000553944789862726 0.0336684717796743 0.0241828036494553 0.00422670224797912 0.00271841580138243 0.000463552854455429 0.00270688310321248 0.00647047055663279 0.0656047739088535 0.217180103063583 0.386353816092014 0.337017638981342 0.345519542694092 0.0153373962406476 0.0828747443854809 0.110313967429101 0.0196441134437919 0.0238280645125997 0.123654095828533 0.00575843468391213 0.00292707982239335 0.11740663535893 0.0673167740926146 0.104071875661612 0.0539554316550493 0.0310196422040462 0.0484406547620893 0.034664155729115 0.000736956748227158 0.000906422346946556 0.00717082057381049 0.021507303789258 0.0166465241927654 0.138328744471073 0.0127158319344744 0.0143442786298692 0.258029778301716 0.265718594193459 0.8579081594944 0.931586802005768 0.93947845697403 0.926319670677185
0.0751400360837579 0.00119475419269293 0.010382219980238 0.0146513011772186 0.104762329906225 0.161700521036983 0.0144604170345701 3.96637880312412e-05 0.000584872480004606 0.0081054892822749 0.00592588759335513 0.0031768704058095 0.00326920687919028 0.00370319381909212 0.0650569420307875 0.00632529978647653 0.0167923233937472 0.00368500018037139 0.00375321687658925 0.00144262143110154 0.00295275418370693 0.00477618427084963 0.00699262648981858 0.168076267838478 0.195722813904285 0.0856965843588114 0.0475383812561631 0.0240195848047733 0.0408824052661657 0.000436963012828073 0.000592986510520177 0.000316085736977811 0.000264464239957363 0.000556180666538353 0.000734926017676685 0.000318707367114257 0.000882703698516707 0.0261379732750356 0.413519911468029 0.320319657027721 0.0441151920706034 0.00529543163720518 0.336443043500185 0.545399928092957 0.04115782501176 0.0396195293404162
0.000151469873640053 0.000213138258550316 0.00614003610098734 0.00798814707086421 0.00025624142435845 2.70765419145391e-05 0.0114180163713172 5.06579982634481e-05 9.23128792479133e-05 0.00127210898322119 0.00159111921479962 0.00315634525343285 0.00263582487422127 0.000792694246661085 0.000707323161918794 0.000725155134261968 0.000730841535289528 0.000701854319754602 0.000837772714965013 0.00112497796760636 0.00117357712906596 0.00142146176997358 0.00519163444423612 0.551273679733276 0.896731293201447 0.884219413995743 0.928830027580261 0.619149965047836 0.62078258395195 0.287190791964531 0.0964738389477134 0.00178576936924628 0.00177441060659476 0.000445549015766744 0.000541375448531767 0.000570508866596242 0.000487987059258899 5.39496584984533e-05 0.0505316164344549 0.00231665480532683 0.0138779171742499 0.0120310830650851 0.180515962094069 0.034922817023471 0.00107960452442057 0.0194594842614606
4.59594361927884e-05 5.9636239120664e-05 7.65288821071408e-05 0.00390173261403106 8.57457278470974e-05 9.52336376485619e-05 6.32679041839834e-06 1.73131931127335e-05 1.90469090521894e-05 0.000921601047124909 0.00197893773225246 0.002130730170785 0.000689357130704593 0.000966383230780821 0.000499082192089873 0.000414322184599314 0.00114160942284798 0.00055577833040843 0.000617304892637094 0.000740467495268149 0.000812051478567355 0.00129271503001291 0.0932590015232563 0.562073695659637 0.348902563750744 0.866687315702438 0.703431740403175 0.761188089847565 0.887193238735199 0.692125833034515 0.0436361050233245 0.0128395980689675 0.0269164794124663 0.000353175431938269 0.00024505721705026 0.000579068867019572 0.000219753551093049 0.000542939847036905 0.000148166841540132 0.000378600429174725 0.000141007963042128 0.00011073903353207 0.000224726230315042 0.000327982833533724 7.11826960468898e-05 2.06120355755957e-05
1.91402687521602e-06 9.26952498314648e-08 3.08586841608616e-06 3.47275954049042e-07 4.6683331183961e-06 2.70725977558062e-06 0.000839623869978823 1.60606939268004e-05 5.18770204564589e-05 0.000836890541135915 0.00143469594987664 0.000494483573996263 0.000483351634971996 0.000611132417253657 0.00221214281190214 0.00221115940499885 0.00121707987059949 0.000732144930231016 0.00063093976386881 0.00118034974012744 0.000832631404114181 0.0025728625551892 0.000739287731153126 0.00277686188092048 0.208502799272537 0.301219694316387 0.970627838373184 0.37707000374794 0.529248517751694 0.0239327241510182 0.250255571305752 0.0438722895458341 0.0132814992102794 0.00420501917833462 0.000483071315922246 0.00016617456453929 0.000119953900043157 0.000291599637053963 0.00050036759347023 0.000189982501919417 0.00021664106571464 0.000217986332544484 0.000169740716352607 9.04258409615721e-05 8.14693964141355e-05 0.000116787744036628
1.67731823652595e-08 1.57253111499056e-07 1.62269886402555e-05 1.86677730873441e-07 3.53206470959933e-07 5.10352253295654e-06 1.42186302844682e-05 0.000122459711379186 0.00046864577697221 0.00165831576376263 0.00121592005237403 0.00109562799088678 0.000483170369867025 0.0006036821620512 0.0012269565130282 0.00138479749205658 0.000854629918887895 0.000399614689808914 0.000482708378109464 0.000572511555594701 0.000787394300243705 0.000713935693818257 3.32135607308715e-05 0.000890890365553787 0.000406209860977924 0.000605326481104385 0.0168366061756387 0.0461676247417927 0.0169027920641383 0.00212882947898834 0.00378409573054341 0.0214584675617516 0.195910252630711 0.136297033727169 0.000228054789445409 0.000288319560494443 0.000123112100495604 8.56295496914683e-05 0.000171904522686006 0.000116524146097419 4.84703027398226e-05 0.000433059967722471 0.00015828349451219 0.000124881697754553 0.000113503251291291 4.53669393259304e-05
1.31641820555473e-08 2.05242575157527e-09 5.47884586810099e-08 7.04198717005333e-08 7.66066070467808e-07 4.94511519966157e-07 7.12399488136395e-06 0.00036519699291766 0.0011967807210695 0.0019919741114137 0.00186674116338281 0.000573143679115162 0.00123679208275576 0.000429584831397278 0.00113574698435741 0.000329733540787913 0.00037061378676384 3.10598498003856e-05 0.000404619264173789 0.000625996016452746 0.000803152207220137 0.00131698208535909 0.00024633623598902 0.000819099899945286 0.00111257296166514 5.65819577047932e-05 5.13078779164289e-05 8.71794716715613e-05 0.000226217394711625 0.000140933253845787 0.00238156500649893 0.00239084750955953 0.00680704353540023 0.000738011619365864 0.00149428954430562 0.000249815274176868 0.000113531988922588 8.85557528723879e-05 0.000167927507705024 8.76044291389988e-05 8.40516047606599e-05 0.000152993297261972 0.00014532603011439 0.000138635712703206 0.000110821794406846 7.02034043266408e-05
1.46972421899427e-08 1.96115292494525e-07 1.59254125264852e-06 2.28348263409117e-08 4.25895677491628e-07 8.16412144377665e-07 0.000520589964118301 0.00113854169024137 0.000899542379597307 0.00116402843106584 0.0013341699157877 0.00171446312024557 0.000938042158142593 0.000865749865144494 0.000925763187274242 0.000404755057769535 0.000237325195141125 3.13775844993813e-05 1.27901705820221e-05 0.000403419241541769 0.00141326094851593 0.0422657228453318 0.000790307328429662 0.00155496448601298 0.000958155026387431 0.005406103062478 0.000710453324859372 0.00178013955837741 0.00227906414288555 0.00230745487081094 0.00270044993225156 0.000915967991676325 0.000803971782271162 0.00107017492843227 0.000679439122739467 0.00158583020674996 0.000366788617091629 0.000434243938897083 0.00053255014832132 0.000118099366943092 6.48210169284624e-05 5.43317868641147e-05 7.987008396384e-05 9.66018653338452e-05 7.45365741033233e-05 6.68929412535491e-05
