Maxent_result_files_2/B_quadricolor_3.asc
NCOLS 594 
NROWS 330 
XLLCORNER -15 
YLLCORNER 23 
CELLSIZE 0.166666666666667 
NODATA_value -9999 
[rows 120 to 139 of 330, columns 138 to 183 of 594]
-9999 -9999 -9999 -9999 -9999 -9999 -9999 -9999 -9999 -9999 -9999 -9999 -9999 -9999 -9999 -9999 -9999 -9999 -9999 -9999 -9999 -9999 0.8986512362957 0.596915909647942 0.842934948205948 0.925692451000214 0.786553579568863 0.968870180845261 0.680896186828613 0.635006430745125 0.750835481286049 0.756670743227005 0.545531538128853 0.66164325773716 0.455932268500328 0.446015644073486 0.828336006402969 0.611738651990891 0.659621620178223 0.419905422627926 0.548738512396812 0.504534456133843 0.933267885446548 0.430966593325138 0.864925587177277 0.536653006076813
-9999 -9999 -9999 -9999 -9999 -9999 -9999 -9999 -9999 -9999 -9999 -9999 -9999 -9999 -9999 -9999 -9999 -9999 -9999 -9999 -9999 -9999 -9999 0.852769854664803 0.834768554568291 0.918121725320816 0.613969087600708 0.668401053547859 0.649482572078705 0.766669277846813 0.743044114112854 0.607309365272522 0.757275435328484 0.861691904067993 0.595224913954735 0.586734068393707 0.833344310522079 0.769772410392761 0.599322864413261 0.506722682714462 0.413121746480465 0.691411653161049 0.867798781394958 0.592506715655327 0.491628384590149 0.538752436637878
-9999 -9999 -9999 -9999 -9999 -9999 -9999 -9999 -9999 -9999 -9999 -9999 0.124167202971876 0.425976091623306 0.943726021051407 -9999 -9999 -9999 -9999 -9999 -9999 -9999 -9999 0.983493357896805 0.65627164542675 0.597675347328186 0.720947861671448 0.932133370637894 0.638951569795609 0.613472041487694 0.945360654592514 0.628632074594498 0.940869754552841 0.64223920404911 0.604958176612854 0.641023620963097 0.823554319143295 0.623335760831833 0.612694436311722 0.612074762582779 0.477814355492592 0.658680480718613 0.584956562519073 0.457472226023674 0.602546590566635 0.538359266519546
-9999 -9999 -9999 -9999 -9999 -9999 -9999 -9999 -9999 -9999 -9999 0.0836321092792787 0.412456898391247 0.454630556702614 0.46887890547514 -9999 -9999 -9999 -9999 -9999 -9999 -9999 -9999 -9999 0.901663511991501 0.676745292544365 0.841076266765594 0.761892801523209 0.932622998952866 0.664279478788376 0.684554633498192 0.609768915176392 0.706493848562241 0.624636387825012 0.652682411670685 0.594024416804314 0.658910751342773 0.638522863388062 0.651237681508064 0.855088144540787 0.82765286564827 0.581784299015999 0.394874013960361 0.585030421614647 0.827235060930252 0.635845205187798
-9999 -9999 -9999 -9999 -9999 -9999 -9999 -9999 -9999 0.185383283253759 0.329814240336418 0.329769945144653 0.159931170195341 0.380222967267036 0.42182551920414 -9999 -9999 -9999 -9999 -9999 -9999 -9999 -9999 -9999 -9999 0.749033641815186 0.63391914665699 0.745424646139145 0.632104426622391 0.624035385251045 0.717372381687164 0.687717705965042 0.679758983850479 0.819604057073593 0.886478972434998 0.844786882400513 0.9726109623909 0.684739875793457 0.518784856796265 0.555948114395142 0.571609151363373 0.581300041079521 0.526124238967896 0.614432552456856 0.470112717151642 0.674023163318634
-9999 -9999 -9999 0.0517552244840772 0.116910163988359 0.982132983207703 0.592532725632191 0.519992446899414 0.375178663432598 0.509103736281395 0.353413546085358 0.42183820605278 0.466094408929348 0.526978960633278 -9999 -9999 -9999 -9999 -9999 -9999 -9999 -9999 -9999 -9999 -9999 -9999 0.519776329398155 0.56545994579792 0.81211513876915 0.691229301691055 0.685390967130661 0.623590832948685 0.705064934492111 0.909715014696121 0.839408826828003 0.834741896390915 0.997625482082367 0.871297991275787 0.683013635873795 0.716548156738281 0.824192672967911 0.689511901140213 0.816812241077423 0.567853710055351 0.628699100017548 0.607520163059235
-9999 -9999 0.62613340318203 0.414808863401413 0.495561018586159 0.0226245795217437 -9999 0.663750383257866 0.413252232968807 0.472036129236221 0.38961733430624 0.377428571879864 0.298936423659325 0.706516891717911 -9999 -9999 -9999 -9999 -9999 -9999 -9999 -9999 -9999 -9999 -9999 -9999 0.132471085898578 0.512976098060608 0.492332431674004 0.915272343158722 0.704841548204422 0.671198335289955 0.742990827560425 0.582248497009277 0.664677605032921 0.674169316887856 0.757079723477364 0.795017263293266 0.850296372175217 0.771120679378509 0.813437765836716 0.897345459461212 0.586284038424492 0.738839727640152 0.937358170747757 0.716938892006874
-9999 -9999 0.00880948379635811 0.31950316876173 0.392563511431217 0.554450681805611 0.251485633291304 0.391148805618286 0.248861292749643 0.115699447132647 0.375662887096405 0.494516828656197 0.435544081032276 0.804730588197708 -9999 -9999 -9999 -9999 -9999 -9999 -9999 -9999 -9999 -9999 -9999 -9999 -9999 -9999 0.503241407871246 0.496959573030472 0.842218482494354 0.672123438119888 0.688313841819763 0.65590880215168 0.468217119574547 0.754752141237259 0.733673629164696 0.463151800632477 0.607643181085587 0.767208987474442 0.913826316595078 0.766546660661697 0.609942778944969 0.709952825307846 0.698762995004654 0.648449337482452
-9999 0.437259931862354 -9999 0.432563543319702 0.341131737083197 0.444485023617744 0.541772282123566 0.564147746562958 0.522189226746559 0.539060688018799 0.485035666823387 0.542662712931633 0.388202241063118 0.413235194981098 -9999 -9999 -9999 -9999 -9999 -9999 -9999 -9999 -9999 -9999 -9999 -9999 -9999 -9999 -9999 -9999 0.437015670537949 0.736791110038757 0.5614955753088 0.540822964906692 0.573768627643585 0.567172020673752 0.762565511465073 0.936724823713303 0.83861700296402 0.654252365231514 0.486133009195328 0.752731937170029 0.664177519083023 0.483181181550026 0.482968544960022 0.59084050655365
-9999 0.265377871692181 0.204074185341597 0.357808256149292 0.291146367043257 0.313872085511684 0.31702152043581 0.397140431404114 0.587499755620956 0.511303609609604 0.382472382485867 0.560291817784309 0.260821226611733 0.44969839155674 0.238457459956408 0.343428310751915 0.323763650655746 0.0292331363227277 -9999 -9999 -9999 -9999 -9999 -9999 -9999 -9999 -9999 -9999 0.617122110724449 0.782717597484589 0.303774832189083 0.716803753376007 0.463555452227592 0.661314046382904 0.680073603987694 0.551661020517349 0.420750883221626 0.595647448301315 0.676101243495941 0.649519619345665 0.704771465063095 0.666497811675072 0.513094648718834 0.630038446187973 0.499330785870552 0.374520985782146
-9999 0.202244937419891 0.17912762388587 0.212250638008118 0.25212978720665 0.399945499002934 0.440830144286156 0.347421637177467 0.516988986730576 0.606672209501266 0.416409477591515 0.308681625127792 0.369373279809952 0.686793771386147 0.61863357424736 0.603724813461304 0.319091013073921 -9999 -9999 -9999 -9999 -9999 -9999 -9999 -9999 -9999 -9999 -9999 -9999 0.449070988595486 0.495717167854309 0.788171911239624 0.570098057389259 0.686168253421783 0.492213776707649 0.422699844837189 0.454921209812164 0.717498269677162 0.841795963048935 0.450345513224602 0.57599056661129 0.596685141324997 0.608186018466949 0.609641048312187 0.517582315206528 0.694324237108231
-9999 0.0605371836893028 0.216029301285744 0.110318094491959 0.250169721245766 0.316092300415039 0.432159411907196 0.400543814897537 0.467809045314789 0.442293712496758 0.440432485938072 0.507731983065605 0.457097318768501 0.000341170420870185 -9999 -9999 -9999 -9999 -9999 -9999 -9999 -9999 -9999 -9999 -9999 0.45008918941021 0.23923797570169 -9999 0.050843482487835 0.343202278017998 0.305405363440514 0.322603137791157 0.673032638430595 0.528567776083946 0.72120201587677 0.350764821469784 0.355721275508404 0.425200274586678 0.633561810851097 0.545001348853111 -9999 -9999 -9999 -9999 -9999 -9999
-9999 -9999 0.249870099127293 0.21414172872901 0.381178870797157 0.371012356877327 0.346260549128056 0.389946903288364 0.409748065471649 0.419799588620663 0.362494322657585 0.455282340943813 0.496999198198319 -9999 -9999 -9999 -9999 -9999 -9999 -9999 -9999 0.136250737961382 -9999 -9999 0.0270543413120322 0.274130616337061 0.411189194023609 -9999 -9999 0.341189989447594 0.351941502094269 0.390905351936817 0.360554321110249 0.689255529642105 0.333382692933083 0.446520242094994 0.388219572603703 0.685763809084892 -9999 -9999 -9999 -9999 -9999 -9999 -9999 -9999
-9999 0.302776154875755 0.10152032840997 0.141253902763128 0.377127093076706 0.316906712949276 0.380622604489326 0.413425712287426 0.4188546910882 0.503451135754585 0.391358529031277 0.340206491947174 -9999 -9999 -9999 -9999 -9999 -9999 -9999 -9999 0.298441556841135 0.267087517678738 0.725174117088318 0.309044043719769 0.558410966396332 0.273731076717377 0.722893971204758 0.847683817148209 -9999 -9999 0.143288524006493 0.0478792102425359 0.461485274136066 0.641407039761543 0.475851917266846 0.333467268943787 0.26898924857378 -9999 -9999 -9999 -9999 -9999 -9999 -9999 -9999 -9999
-9999 0.84025946855545 0.242225127667189 0.244117116928101 0.223204479366541 0.374834406375885 0.407907953858376 0.367453056573868 0.374247102439404 0.500247538089752 0.716399812698364 -9999 -9999 0.202729804813862 0.00918089306961747 -9999 -9999 -9999 -9999 0.246097769588232 0.247807803750038 0.215808720141649 0.251716375350952 0.211757083982229 0.279571835696697 0.194772177189589 -9999 -9999 -9999 -9999 0.0498408212559298 0.351630984246731 0.271176542341709 0.382695358991623 0.337143869698048 0.221297535300255 0.38613798469305 0.715597462654114 -9999 -9999 -9999 -9999 -9999 -9999 -9999 -9999
-9999 -9999 -9999 -9999 0.047570941306185 0.0150983872939833 0.261539982259274 0.349565127491951 0.335779991745949 0.663207104802132 -9999 0.452358761429787 0.251855443418026 0.252286328375339 0.0663838684093207 0.178274746239185 -9999 -9999 -9999 0.0408497863914818 0.171176558732986 0.252194561064243 0.126030794531107 0.196924021840096 0.194863083958626 0.0389662444684628 -9999 -9999 -9999 -9999 0.0814304744242691 0.436673989892006 0.509675803780556 0.0095297615632262 -9999 -9999 0.151310035120696 -9999 -9999 -9999 -9999 -9999 -9999 -9999 -9999 -9999
-9999 -9999 -9999 -9999 0.306065215170383 0.312361724674702 0.306314282864332 0.20563812032342 0.455237939953804 0.405541591346264 -9999 -9999 0.325155104696751 0.16674373075366 0.0117011459951755 0.280291352421045 0.40869008153677 -9999 -9999 0.492866596579552 0.296919293701649 0.199829729646444 0.24666453897953 0.200506388396025 0.42224480509758 0.117467853426933 -9999 -9999 -9999 -9999 -9999 -9999 -9999 -9999 -9999 -9999 -9999 -9999 -9999 -9999 -9999 -9999 -9999 -9999 -9999 -9999
-9999 -9999 -9999 -9999 0.276200836896896 0.285235360264778 0.0165975705604069 0.142557486146688 0.541741728782654 -9999 -9999 -9999 -9999 0.526437348127365 0.531831204891205 0.3688211992383 -9999 -9999 -9999 -9999 -9999 -9999 -9999 0.303892205655575 0.265423339605331 -9999 -9999 -9999 -9999 -9999 -9999 -9999 -9999 -9999 -9999 -9999 -9999 -9999 -9999 -9999 0.022181362302581 0.217268820106983 0.395103476941586 -9999 -9999 -9999
-9999 -9999 -9999 -9999 0.0473564323619939 0.298870578408241 0.208074341714382 0.449996083974838 0.488084304332733 0.53844647705555 0.742762458324432 0.691542541980743 -9999 -9999 -9999 -9999 0.317981898784637 -9999 -9999 0.16523523889482 -9999 -9999 -9999 0.429572880268097 0.461364614963531 -9999 -9999 -9999 -9999 -9999 -9999 -9999 -9999 -9999 -9999 -9999 -9999 -9999 -9999 -9999 -9999 -9999 -9999 -9999 -9999 -9999
-9999 -9999 -9999 -9999 0.0288580510066822 0.249572090804577 0.320034550130367 0.392298172414303 0.428275090456009 0.267788968980312 0.495817147195339 0.14882660866715 -9999 -9999 -9999 -9999 -9999 -9999 -9999 0.329836848378181 0.271819916367531 0.285766809433699 0.366039994359016 0.235626256465912 -9999 -9999 -9999 -9999 -9999 -9999 -9999 -9999 -9999 -9999 -9999 -9999 -9999 -9999 -9999 -9999 -9999 -9999 -9999 -9999 -9999 -9999
