Maxent_result_files_2/B_quadricolor_2.asc
NCOLS 594 
NROWS 330 
XLLCORNER -15 
YLLCORNER 23 
CELLSIZE 0.166666666666667 
NODATA_value -9999 
[rows 80 to 99 of 330, columns 414 to 459 of 594]
0.000760782868383103 0.00333320686331717 0.000803492787963478 0.000506160272834677 2.59693185961085e-06 9.65670499297744e-06 2.29718333222273e-06 3.96172088059643e-05 9.34215837902208e-06 5.48630467862576e-06 8.62286551550628e-07 2.49195193541274e-06 3.33200633717556e-07 3.74628079669037e-05 0.000131946519491066 0.00240346594873699 6.59716400150501e-05 4.81862584423842e-06 1.58295608447823e-06 1.11690137050147e-06 1.70172393176848e-07 3.04115132776506e-07 1.61385252627211e-06 3.06711423235129e-05 3.28523181236662e-07 2.08538112200785e-07 7.26958824392998e-07 1.42910701561583e-07 2.40458401901122e-07 9.39449989900698e-07 2.71659549537229e-05 0.000121147919516229 0.000600014225089041 0.0013364225134751 0.000445345053009305 3.76613849178975e-06 1.73848697610168e-05 1.33352286257882e-07 8.88227492801263e-07 0.000174202217203856 3.68159484651187e-05 6.38971821347312e-06 0.000135334309874224 7.59955224921782e-05 1.34510192120629e-05 2.6311798423273e-06
0.00466081199119799 0.000413725656562747 0.000579254600597778 0.000673533800636505 0.000655521109729307 6.59342362144821e-06 3.67126645642202e-05 5.52486404679087e-06 9.30521900727399e-05 7.58882321744148e-06 1.57701946190914e-05 0.000515286954851035 3.24741655352012e-06 5.4774163320559e-06 6.22959082701158e-06 3.6474905527939e-05 2.52251388630498e-05 3.04545805472789e-05 6.8464479106245e-06 5.17823608936485e-07 4.18712873822003e-06 7.62642917822021e-06 0.000278521109339636 1.62508587290944e-05 8.90089991156806e-08 1.18606919918829e-06 5.27970715886727e-06 2.18762128408878e-06 5.95726189034362e-07 9.42201007991805e-07 1.86466393707452e-05 0.00199795052537297 0.0014683381951329 0.00154091377480086 5.99442103934811e-05 2.3738964884501e-05 9.19607655125443e-07 1.89536444509031e-05 7.6898646263146e-06 9.7283149057148e-05 1.31288305425414e-05 9.28809571443256e-07 2.44025098957934e-05 1.08878691767345e-05 5.43444252087966e-07 1.66983080464034e-06
0.00085029385118105 0.000617470180895907 0.00116618777938129 0.000707504206729936 1.43232239709246e-05 0.000167917527187456 0.000575840612327738 0.00050339271847406 2.02273326438629e-05 7.62896692094728e-05 0.000213440860716219 0.000106735940789804 3.32545436236842e-05 1.14058623989166e-05 3.52086845567534e-06 8.84871813833232e-06 3.75632174288709e-06 3.35450937969384e-06 4.66119043096569e-05 1.30309763538561e-06 1.3163505973246e-06 3.76656154969623e-05 0.000670294986048248 0.000114185665358946 2.75961758046339e-05 5.49187780122251e-06 8.51889333619571e-07 9.09608594182876e-06 1.33111284102982e-06 4.52940582407191e-07 8.07023132864515e-05 0.000416424386408387 0.00323932752694418 5.08315604150766e-05 1.35236614279277e-06 1.24780386598911e-06 2.49181491312811e-05 4.86473522514075e-06 8.32881516089401e-05 3.8663650241233e-05 1.70905288769063e-05 3.69273693978656e-06 1.93756135015377e-05 0.000159031503295637 7.60571551721156e-06 7.79451087105088e-06
0.000895458657851123 3.43311773817412e-05 0.000652011029615096 0.000925866173383838 0.000215312932141387 1.50142962861199e-05 9.57753404577488e-05 1.01752646122666e-05 0.000651685859156714 0.00201990196947008 0.0012033110800985 0.000396283376221618 0.000124476734947621 4.60348478384276e-05 0.000901402274485008 2.07824896148789e-05 0.000139702983153711 5.6466352950868e-06 0.000120994335111391 4.24719124652029e-06 0.000110697206873922 4.01326612320396e-05 0.00226664587971754 2.89500229850859e-06 0.000149424221683603 6.60192451362729e-07 2.36675524126762e-06 1.92420136727378e-05 0.000170573851801237 2.4236760663654e-06 3.47069017792023e-07 0.000769391290305066 2.19223315972572e-06 2.14301820662399e-06 0.000175321717185284 6.37048512260208e-05 1.80690108464887e-05 2.13138666032009e-06 0.000384442676750041 0.00014423305492528 5.41205808897161e-06 1.88766848330246e-06 4.25414429212623e-06 2.30607387027959e-05 2.4841213629756e-05 1.08819285950634e-05
0.00088303096308664 0.00100564219765147 0.0026903120255156 0.00063856608048809 3.02410828839861e-05 3.36529054755008e-05 0.000436153727878263 0.000862347673319164 4.99381319968961e-05 2.88016984754336e-05 5.86773125291984e-05 0.000167986547512555 0.000146497854393601 0.000307152685491019 2.66656706523705e-05 0.000681830823941709 0.000186444039991329 0.000224992568382731 0.000589557819330366 0.00126370009766106 0.000258120993703415 7.37236140366804e-05 0.00165420379125862 0.000521906072117417 3.81335377790393e-05 5.61730687479667e-05 1.23147429184067e-06 4.84936583411422e-06 1.76700310623001e-05 4.13255137051705e-06 0.00170564486870717 0.000137067822663184 1.28805871606352e-05 1.3911903407493e-06 4.29703860220343e-05 1.53418670606698e-05 4.05221096173136e-05 0.000299342336438713 0.0012917479936732 0.000142267273440666 3.04485140475208e-05 9.49820596467532e-06 4.62547710720074e-06 2.20866992366453e-06 2.46126127791513e-05 3.10735820416852e-05
0.00423424744076328 0.0023777358874213 0.00195575021261902 0.000765916083946649 0.000475004616691876 4.01237666892484e-05 9.78467415961859e-05 0.000415758670078503 0.000172965228239264 0.00042736127434182 6.31060305574804e-06 3.1318684117343e-05 0.000837945572311583 0.000915168804931454 3.62453918061334e-06 0.000499192726783804 0.000376353416049824 0.000458307357621379 0.000109602109124296 0.000571570466490812 0.000122384405449338 8.77414678598143e-05 0.000146046523013865 2.6095559735495e-05 3.90159943110646e-05 3.2432258110271e-05 8.24815014905056e-05 6.32454634285295e-05 2.40950718762178e-05 4.25224002248648e-05 0.00055190033344239 0.000196300572179187 2.42245392119145e-06 2.75203756120224e-05 0.000100168529161238 0.000340519757628499 0.00102603929808538 0.000390545592381386 0.000581936194066657 6.34693430697553e-05 3.50977389615537e-05 1.28905172260829e-05 0.000210115326626692 0.000462485500065668 5.963158753719e-06 5.97308174450362e-06
0.00396341371815652 0.000314701093914493 0.000149402111242836 0.000954473400270217 0.000228275074893247 0.000164818028429181 1.91308254077205e-06 1.10336495362517e-05 7.24172427226222e-05 0.000409121657276046 0.000178381548721518 1.82369402422333e-05 0.000382676448634811 9.99841971406568e-05 0.000703202978547779 0.000803317117242841 0.00112172954031848 0.00431268525644555 0.00157759222856839 0.000206093683391373 0.00335768047807505 6.12470768988516e-05 5.3148222348387e-05 1.83947221139569e-06 2.40198160085248e-06 2.1833145918837e-05 2.31352878043323e-05 0.000118162832666258 1.1272165860865e-05 9.0752776257208e-05 0.000246104403737934 0.00332708366913721 3.10001319143494e-05 0.000427090284938458 0.000347670688370272 0.00127190138737205 0.000324411080964637 7.27567356761938e-05 7.95988252775715e-05 4.09116228610174e-06 2.67158847464088e-05 0.000106509910438035 0.00407617323508021 0.000160461661835143 5.1382498558894e-05 2.8768407001678e-05
0.00643598510068841 0.0058259159384761 0.00150939367777028 0.000916168059848132 0.0105793150956742 0.00860977843403816 0.000916027402854525 0.00190503674966749 0.00182960088859545 0.00163695061528415 0.000254433207351212 0.00894848025636747 0.00105253285728395 0.00475964373908937 0.00091353012539912 0.00379431174660567 0.00758742693578824 0.00411584144167136 0.00219875151378801 0.00164794773590984 0.000121002329930953 0.000264920642354838 0.000674131928008137 3.54020683810408e-06 1.14687464197516e-05 1.01175470526016e-05 3.26778149275508e-05 0.000267578230659637 0.000152330632863595 0.000879564945626044 0.000174328664287682 1.07228593957842e-05 2.05387818700054e-05 0.000131173010721497 0.000709824377190671 0.00138506262592273 0.000810425232339185 0.00151520827494096 0.000158494265997433 0.00175128671835409 0.000832035398343578 0.000672363915509777 0.000753886099118972 0.000155613913557318 0.000166856439227558 0.00030213454956538
0.00527191666769795 0.00255277113174088 0.0123269856674597 0.0100440865615383 0.00875836497871205 0.0135558653855696 0.000440557651706541 0.00297403743170435 0.00433622454947908 0.00594786119327182 0.00585799663385842 0.00215983438538387 0.00498710095125716 0.00357515823852737 0.00639691717515234 0.0089671068941243 0.00746921275276691 0.0106232570018619 0.0124893799831625 0.000786561616587278 0.00131382029103406 0.000671048126878304 0.000173364362002459 3.93561589254077e-05 0.000138353864144847 0.00117197708223102 0.00103540871805308 0.0010251438292471 6.30432577120921e-05 7.92608560642893e-05 0.000860065373500873 5.00383678483707e-05 6.67997823019295e-05 0.000986005115191801 0.00201127244508825 0.00167814174637897 0.000439203660243948 0.000888451628270559 0.000764668933697976 0.00142032561561791 0.000976930443721358 0.00079211543306883 0.000134264665439332 0.000295290078838661 0.000722681233310141 0.000762876126100309
0.00767786020878702 0.008226852043299 0.00642355629533995 0.0245565876830369 0.00670309426495805 0.0187636170070618 0.0319872065447271 0.00627391408197582 0.0103808266925625 0.00827603484503925 0.0103354417020455 0.00644691505585797 0.0115396714070812 0.00644436346483417 0.00618998637073673 0.00450395217631012 0.00443758565816097 0.0113428569748066 0.00335324951738585 0.000775513025109831 0.002378287071042 0.000402354493780876 0.000155104316706911 1.29017099518736e-05 4.61860391183677e-05 8.40949030329163e-05 0.000916380571834452 0.0007520950090111 0.000329298863789518 0.000489004907467461 0.000542427653908817 0.000416373163416495 0.000306454136174494 0.000787039389615529 0.000363037815623102 0.00383205488906242 0.00255098296765937 0.000770693106460385 0.000359713795205607 0.001289132853708 0.000654807333194185 0.00131369796290528 0.000213457501240555 0.000314765337134304 0.000273635238818315 0.000341155040769081
0.0130054427892901 0.0256406442727894 0.0163060050224885 0.0151576517615467 0.0114961581071839 0.0112855003564619 0.0137643587309867 0.0164268103195354 0.0308030777610838 0.0128937998902984 0.00811398092773743 0.00388107219478115 0.00997245305916294 0.00979755732696503 0.00433216336532496 0.0127414684277028 0.00223428910830989 0.00213292393673328 0.00039238940711428 0.000162477291332586 0.00219519241145463 0.00204843881074339 0.000168834606835944 0.000295334238136036 0.00046701160745215 1.10967424847508e-05 4.8826369402466e-05 0.00664112989325076 0.00433261729776859 0.000530193588815564 4.23488452988563e-06 1.74791158660148e-05 9.990342682209e-06 0.000944932202037307 0.000555123176854977 0.00196061536262278 0.00351427680870984 0.000853665079921484 0.000836341144895414 0.000296115467426716 0.000193544273224688 0.00155441401002463 0.000706290515518049 0.000779737029733951 0.000201436806310085 0.000218146305769551
0.0232422955334187 0.0124354725470766 0.0368664369452745 0.0314780398271978 0.00795250778901391 0.0102466783719137 0.0177672503981739 0.00896696484414861 0.00783627504133619 0.0120813992805779 0.00899027055129409 0.0106865702546202 0.0112512853578664 0.0119446697528474 0.0153924405341968 0.00592886449303478 0.0123626494081691 0.0135079439729452 0.0133236930589192 0.00210686289065052 0.00466921345214359 0.00235015262296656 0.00131320264736132 0.00115821814106312 0.000284808382162538 7.59983550820742e-05 8.80919449163464e-05 0.00109328622238536 0.00742988595739007 0.000963731717274641 0.00019089057277597 7.76970903249019e-06 3.38323325422607e-05 0.000741365523572313 0.000736008980311453 0.002748997908202 0.00286768854566617 0.00084592564671766 0.000951060414081439 0.000599618775777344 0.000693022099585505 0.00022077703793002 0.000393049217746011 0.000528546222085424 0.000186389034547574 0.000457519028532261
0.0144196119043045 0.00848557472927496 0.0155716642737389 0.00338645971496589 0.0092939323047176 0.0124075723928399 0.0107261813245714 0.00779328558128327 0.0102802259614691 0.0124629523255862 0.0100272881682031 0.0279391326475888 0.0099387752241455 0.0203384696505964 0.0189749723765999 0.019004273484461 0.00216341084887972 0.00911279497668147 0.00601029066601768 0.00620052245794795 0.00177267525941716 0.00443248666124418 0.00337101022596471 0.000749563364962569 0.00129396666525281 0.00128333150714752 0.00176887423949665 4.76058525893386e-05 4.84276198366107e-05 0.00193970201944467 0.000603557045542402 0.000101509749822526 9.99179074256062e-05 1.78272718944217e-05 0.000617834896911518 0.00162558428273769 0.00140045897423988 0.00119327962311218 0.00269214262953028 0.00140509728262259 0.00174251139542321 0.000684264566370985 0.000564962434145855 0.000521309735268005 0.000187348498229767 0.000169669761817204
0.0115558283869177 0.0103205899009481 0.0137962560867891 0.0175820687552914 0.00365682911797194 0.0131023230263963 0.00826842314563692 0.00290950552080176 0.00677017155103385 0.0126309525105171 0.0319408958312124 0.0114965552813374 0.00789098003297113 0.00847336300648749 0.0276339262025431 0.00670172057580203 0.0122023496427573 0.0126040871720761 0.0132519148522988 0.0105055822758004 0.00926508557749912 0.00682020584936254 0.00185896119219251 0.000102232230799171 0.0028140688307758 0.000978967389892205 0.000103888658566476 0.000417925901401617 0.000307398208424559 0.000202449722076636 0.00155512140772771 0.00104656457187957 0.000177996107822764 0.000259814165110583 0.00253315152076539 0.0020506409520749 0.00110692062007729 0.00124205313113634 0.000473666274592688 0.000950821076185093 0.000498478979170613 0.00158102533496276 0.00065425379179942 0.000534073469862051 0.000700156494349358 0.000114831294513351
0.0539926954545081 0.0651816280558705 0.0137757614953443 0.0412710805423558 0.0107870739419013 0.0176353112561628 0.0142933079041541 0.00793275065370835 0.012512467475608 0.0133156123571098 0.014038463239558 0.0061980324331671 0.00588203826337121 0.00633608658099547 0.0193449167069048 0.0144121513701975 0.0250501393806189 0.0173628011718392 0.0127752136206254 0.0178248913260177 0.00615226833615452 0.000428934475923626 0.00257849808622268 0.00129641194689611 0.000102739645711836 0.00132821956722182 6.4701834456482e-05 0.00260710388247389 0.000133850276709069 4.02801412691778e-05 0.000688107066525845 0.000162259279987254 0.000660777341499852 0.00128608426384744 0.00128268438420491 0.00147962871560594 0.00404391926131211 0.00141428972201538 0.000653833970500273 0.000510926560491498 0.000577750376578479 0.000962022674139007 0.000453913337514678 0.000276207804836304 0.00062612985202577 0.000310329850890412
0.0132619667798281 0.0132099190028384 0.023548826854676 0.0122990349074826 0.00888480496359989 0.00699133980087936 0.0143106675706804 0.020517744938843 0.00682572763762437 0.00995854260399938 0.0150834020925686 0.011422501609195 0.021377947833389 0.0195199902867898 0.0230827868217602 0.00418085962010082 0.0218315272126347 0.00634222063235939 0.0230591460131109 0.0110058842576109 0.00536097925214563 0.00748188376892358 0.000413563026356911 0.000167164905429829 0.00107708171381091 0.00148474505585909 0.00311916579958051 0.00211359897512011 0.00179625737218885 0.000135782126871398 0.000577536261698697 0.000493444178937352 0.000384577424529198 0.00253384881070815 0.00154328268254176 0.00157122949167388 0.00440365847316571 0.00159102830803022 0.00108309445458872 0.000295560654376459 0.000369242296346783 0.000354127797982073 0.00164463300752686 0.000741627884417539 0.000596977224995499 0.000286693192538223
0.0160636652028188 0.0139824934536591 0.0176511259982362 0.0107123978552409 0.00993463286431506 0.0155874985735863 0.0433180194348097 0.0168471922399476 0.014624028140679 0.0305040104314685 0.0176862484775484 0.00984600809169933 0.0151866139378399 0.0100589774432592 0.00877376877469942 0.0209356567822397 0.00957171535119414 0.00226822763808059 0.018406185368076 0.0181075330125168 0.00229317129560513 0.00482431016862392 0.0129634595941752 0.00975113967433572 0.00020051626462525 7.86990811063593e-05 0.000741966100576974 6.57263797294583e-05 0.00165518861322198 0.00172865092026768 0.00135187553896685 5.700873859531e-05 0.000636440905554991 0.00101912804802851 0.00205411975912284 0.00200947332341457 0.00107607880490832 0.000726475092596957 0.000773404259234667 0.000653036903895554 0.000514946088151191 0.000213164816432254 0.0011884902130987 0.000268616159701196 0.000686602170844708 0.00089125502272509
0.00516637819819152 0.00980359099339694 0.0174316816497594 0.012063246476464 0.0152833171538077 0.00280076315975748 0.00984870966058224 0.0154714434174821 0.00950869845692068 0.0147094063460827 0.0121067843516357 0.0088655644794926 0.0107881658477709 0.00515997468028218 0.0118762643076479 0.00263762308459263 0.0158065081108361 0.016197087103501 0.00696924967924133 0.00546291314531118 0.00509310625493526 0.0154389479430392 0.00190125009976327 0.00307421531761065 0.000396542212200757 0.000307501511007047 9.92869984187905e-05 0.000271262288812579 0.00029816471945594 0.000172110189530628 0.000389225680237359 0.00166430339013459 0.000341600625120009 0.00476481789955869 0.00203362206812017 0.00553113624337129 0.00452651160594542 0.000784433046283084 0.000706496733255335 0.00215951929567382 0.000382267952591064 0.000196376496523953 0.000288272516263532 0.000184595723203529 0.000735246223666763 0.00013129714761817
0.0114642809610814 0.00519539971137419 0.00373335886979476 0.0243691210402176 0.0224817758891732 0.0210562965716235 0.0105032866937108 0.00977203176589683 0.0290610019583255 0.0206610165536404 0.0309574917890131 0.0277810974977911 0.0256448024883866 0.023763415357098 0.0184516829438508 0.00705180385848507 0.0115169688826427 0.00376956687832717 0.00910789897898212 0.00635742797749117 0.00440084933943581 0.0085262848297134 0.00358921129372902 0.003850394586334 0.00213414125610143 0.00161996746464865 0.000250759403779099 0.00240488495546742 0.000123171588547066 0.000198144293335645 0.00196345249933074 0.0011471166391857 0.000626806422951631 0.00163332154625095 0.000978793030662928 0.000479943544905836 0.000579846479377011 0.00121985858568223 0.00109089316829341 0.00253050096798688 0.000332752063877706 0.000825779291153594 0.000555859264386527 0.000348325891172863 0.000655633779751952 0.000150852445426608
0.00797620163066313 0.0247461321298033 0.0309002866968513 0.0222043690737337 0.00828774749534205 0.0286868585273623 0.00935273159993812 0.0167986766900867 0.0103826928068884 0.0094209287664853 0.0137836598558351 0.0153762266039848 0.0116508040810004 0.00584596255212091 0.00263017306278925 0.0058083989424631 0.00474260395567399 0.00730499267228879 0.00272936339315493 0.00310957274050452 0.00713647059164941 0.0063051475037355 0.00438356720842421 0.00446369322016835 0.00360560155240819 0.00250460736569948 0.00185054776229663 0.000229607714313218 0.000150470232095223 0.000266986137152969 0.000396360102877225 0.000122780899766894 0.000591736033311463 0.00116456680261763 0.00107119409804 0.000691227434435859 0.000502024137313128 0.000360793706840923 0.000377196660792833 0.000493217370240018 0.00122766135937127 0.000202538554640341 0.000170304442417546 0.000329474197314994 0.00073884504417947 0.000445497383225302
