Maxent_result_files_2/B_ruderarius_3.asc
NCOLS 594 
NROWS 330 
XLLCORNER -15 
YLLCORNER 23 
CELLSIZE 0.166666666666667 
NODATA_value -9999 
[rows 60 to 79 of 330, columns 460 to 505 of 594]
0.000111119947541738 4.10135797210387e-05 3.88539444429625e-05 3.79044788132887e-05 3.5137378199579e-05 3.28002612150158e-05 2.93121310278366e-05 2.93232172225544e-05 3.22227196193126e-05 3.76231278096384e-05 4.03316558731603e-05 4.81229721117415e-05 4.63781183498213e-05 3.63395321983262e-05 3.63832256880414e-05 3.80588332518528e-05 3.65559250894876e-05 3.57065229763975e-05 2.81502991128946e-05 2.8826089692302e-05 3.12256439428893e-05 2.78847847766883e-05 2.65539651991276e-05 0.000115743434071192 0.000168312257301295 0.000207940699328901 0.000399566059058998 0.000483521619753446 0.000303429763152963 0.00010019764667959 3.02754790027393e-05 1.46021944601671e-05 1.04440874338252e-05 5.85439248652619e-06 5.6672129630897e-06 2.81819089877899e-06 2.51399092690008e-06 2.165215551031e-06 2.10547106576087e-06 2.00544444908246e-06 1.82056065796132e-06 1.470572297535e-06 1.42186798939292e-06 1.34006688483623e-06 1.31270328438404e-06 1.20710469388996e-06
4.02008859055059e-05 3.8355705964932e-05 5.0456884491723e-05 3.64089834874903e-05 4.49856588602415e-05 4.51249958132394e-05 2.95353916044405e-05 3.10388170873921e-05 4.65481612991425e-05 5.08593957420089e-05 3.70108833521954e-05 3.46465094480664e-05 4.31999207648914e-05 3.26771534673753e-05 3.09472105982422e-05 3.0892576342012e-05 2.72034225417883e-05 2.58487572864396e-05 2.59610541434085e-05 2.41159926190448e-05 2.38432331570948e-05 2.16537659071037e-05 2.00491413124837e-05 7.3296587470395e-05 0.000137906747841043 0.000320313552219886 0.000600306656269822 0.00025090057097259 0.000159980099851964 5.77236281969817e-05 9.01718631212134e-05 3.82403621188132e-05 1.11621721543997e-05 7.17922071089561e-06 3.17345299549743e-06 4.07400907533884e-06 3.05642519720095e-06 2.87311162878723e-06 2.65746086824947e-06 2.56026989404745e-06 2.20116234004308e-06 1.85203797400391e-06 1.56663449502048e-06 1.45138600942118e-06 1.28780845898291e-06 1.16957722013922e-06
3.46311778230302e-05 3.2379106960434e-05 2.92667256871937e-05 0.000119063044257928 0.000108406245635706 8.05134641268523e-05 5.19235316460254e-05 9.55222734773997e-05 3.92492818718892e-05 4.94060095661553e-05 3.61668472578458e-05 3.65117169167206e-05 0.000275121536105871 3.17190412715718e-05 0.00114394975462346 2.58222568845667e-05 2.56599377280509e-05 2.59520147665171e-05 2.16616621401045e-05 2.32086576943402e-05 2.27395046749734e-05 2.64682902525237e-05 2.33902612308157e-05 0.00015619995247107 0.00026063865298056 0.000270292045024689 0.000380228521680692 0.000290880260581616 0.000270589003775967 0.000158568510960322 0.000148980008452781 5.0108639516111e-05 5.33744288304661e-06 5.37517801149079e-06 7.66713671964681e-06 1.17260211482062e-05 1.0818898067555e-05 7.26710526350871e-06 5.15856280571825e-06 2.535097269174e-06 2.3558239945487e-06 2.09181623063159e-06 1.72853136746198e-06 1.48592389734858e-06 1.34733297727507e-06 1.85188445982476e-06
3.15124697408464e-05 2.86629860056564e-05 2.56798733971664e-05 2.54288961514249e-05 3.52518274667091e-05 2.73629490948224e-05 3.80074244276329e-05 3.93426316804835e-05 3.26148631756951e-05 3.38997917424422e-05 3.27113540151913e-05 3.49457205629733e-05 3.05575435959327e-05 3.54072018126317e-05 0.000132156915242376 2.4746174676693e-05 2.27615375479218e-05 2.38162180721702e-05 2.60940320913505e-05 5.67597398912767e-05 6.91274406563025e-05 2.4060532450676e-05 2.91210522846086e-05 0.000122082679808955 0.000169802128948504 0.000114287748147035 0.00018625766315381 0.000164149641204858 7.38539931262494e-05 5.65383064895286e-05 0.000188779589370824 0.000356026162626222 2.57821770901501e-05 7.55898340685235e-06 7.19027074183032e-06 3.96755615383881e-06 5.26877149695793e-06 7.16811022130059e-06 4.00237422581995e-06 2.33070097692689e-06 2.38904588059086e-06 4.5952444111208e-06 1.74506351129367e-06 1.5093140262934e-06 1.34344230673378e-06 1.19615243647786e-06
2.43064759160916e-05 2.20116374293866e-05 2.29640121688135e-05 2.37779097005841e-05 2.62867210039985e-05 2.78140122645709e-05 2.67733751570631e-05 2.57283010796527e-05 3.45220372764743e-05 2.84180904600362e-05 2.93115739623317e-05 3.08086177938094e-05 2.97871024486085e-05 3.07649166643387e-05 2.94303926239081e-05 2.97795978440263e-05 2.75019990112924e-05 3.41196518093056e-05 2.76247538749885e-05 4.41281128587434e-05 8.81354528246447e-05 0.000133309604643728 0.000189315839088522 5.31755613337737e-05 5.02807957673213e-05 9.6829892572714e-05 0.000152733138384065 0.000205597981403116 0.000176566546724644 8.46639377414249e-05 3.76936314751219e-05 2.99789398923167e-05 1.1967667319368e-05 1.1243523158555e-05 8.20937368644081e-06 5.97056797460027e-06 3.83517025284164e-06 2.47054167630267e-06 3.34774890689005e-06 2.88121216840409e-06 2.43945252123012e-06 6.1613631032742e-06 1.74445199263573e-06 1.51376908092971e-06 1.30782930511941e-06 1.14954852676874e-06
1.91877231372928e-05 2.19156006096455e-05 2.33131901950401e-05 2.55971159276669e-05 2.7369568033464e-05 2.65209794633847e-05 2.52932389230409e-05 2.13472640098189e-05 2.20550791709684e-05 2.91942427793401e-05 2.37447621657338e-05 2.02043766876159e-05 2.12109081076051e-05 2.24101544517907e-05 2.84711629319645e-05 2.71699616860133e-05 2.61979181232164e-05 2.47823399149638e-05 2.13130347219703e-05 2.85365166746487e-05 7.33279122869135e-05 8.39449510749546e-05 0.000101004221505718 6.49745734335738e-05 0.000139430624403758 0.000160819120355882 0.000266240327619016 9.83109945082106e-05 3.99442225898383e-05 1.5185337042567e-05 9.41491582580056e-06 8.05769197995687e-06 6.46167550257815e-06 5.24139258004652e-06 4.67516197204532e-06 3.84147781460342e-06 4.10456982535834e-06 4.13600208730713e-06 4.00222387497706e-06 4.46873975761264e-06 3.14687569016314e-06 2.22111710854733e-06 3.67495450177557e-06 1.20424740828184e-06 1.37485951086092e-06 1.14783647973127e-06
1.54652152104973e-05 1.80590088803001e-05 2.3050720574247e-05 3.16897917400638e-05 2.5542656021571e-05 2.56918910963577e-05 2.50978270742053e-05 1.22927272514062e-05 1.60392171892454e-05 1.80890850970172e-05 1.82631991265225e-05 1.91631378129387e-05 2.25870086069335e-05 2.7122575284011e-05 2.92973612886271e-05 3.23366208249354e-05 3.38560957061418e-05 3.19436649078852e-05 6.10088758548954e-05 0.000101809918487561 0.000257409392361296 0.000806492278934456 0.000552778941346332 0.000292000283661764 5.80131019887631e-05 4.05508486437611e-05 3.0142334253469e-05 1.69596823525353e-05 1.01475489373115e-05 5.44656460306214e-06 4.64346210264921e-06 5.05068692291388e-06 4.81826220948278e-06 4.57835583347332e-06 4.88748747784484e-06 6.11275171422676e-06 5.59800924975207e-06 6.38566622228609e-06 3.82174417836723e-06 8.86766374605941e-06 5.24980902127936e-06 8.01648733386173e-06 2.68077862983773e-06 5.44826798432041e-06 3.85092370152051e-06 3.35789808332265e-06
2.00487599613552e-05 1.87386677225732e-05 1.1009948480023e-05 2.31279202125734e-05 3.12082239361189e-05 1.18276178454835e-05 8.91929771569267e-06 5.74621808482334e-06 1.02498927844863e-05 1.42629313359066e-05 2.24432412323949e-05 2.88260803245066e-05 3.92085779822082e-05 0.000101995599106885 0.000158189934154507 0.000215960393688874 0.000622641545487568 0.000465450550836977 0.000268788252287777 0.000177285172685515 0.000108742066731793 3.89726127650647e-05 2.37837894928816e-05 6.99788022302528e-06 1.15227083142599e-05 1.13907807644864e-05 6.80851321703813e-06 5.21872577792237e-06 6.01623380589444e-06 6.03413444650869e-06 5.75169419789745e-06 1.41300789664456e-05 9.28993299567082e-06 1.32267231720107e-05 1.49322976994881e-05 1.63670922802339e-05 1.78464101736608e-05 9.86308752999321e-06 1.81816338681529e-05 3.78321855350805e-05 4.46309451945126e-05 0.000147464772453532 1.07338127463663e-05 5.08852307348206e-06 5.19344991971593e-06 -9999
2.65514653619903e-05 2.2772927331971e-05 9.984455959966e-06 1.56396254624269e-05 1.26007858398225e-05 1.14855782157974e-05 1.54344289057917e-05 1.43364893119724e-05 1.44971694680862e-05 2.65429534920258e-05 6.23002551947138e-05 0.000150588881660951 0.000567416918056551 0.000889754507807083 0.00048523959267186 0.00025784991303226 0.000144357901081094 8.16420739283785e-05 4.4037599764124e-05 1.9917240479117e-05 1.04360972954964e-05 1.96032712210581e-05 1.96910768863745e-05 7.16864792593697e-06 7.94155037056043e-06 6.93910101290385e-06 4.97673019026479e-06 5.29131042412701e-06 5.91119254750083e-05 5.26794527104357e-05 1.36531994940015e-05 1.05193195167885e-05 7.21180502978314e-06 1.48340142004599e-05 1.45824625178648e-05 1.33949231894803e-05 1.4863587034597e-05 2.16370594898763e-05 2.02890616492368e-05 8.00293728389079e-06 1.01527262586387e-05 1.18400281280628e-05 2.13873926213637e-06 1.79809155724797e-06 3.26737163618418e-06 -9999
1.00173696182537e-05 7.56913095756317e-06 8.92126752205513e-06 1.49281578615046e-05 7.59083877710509e-06 1.11859245407686e-05 2.26961276894144e-05 2.96823055577988e-05 3.6772168277821e-05 0.000102115616755327 0.000425925980380271 0.000502625232911669 0.00015940539597068 8.53892575833015e-05 3.28444536535244e-05 2.46322957536904e-05 8.09563873644947e-06 2.08402046155243e-05 1.1580711861825e-05 1.81405909643217e-05 8.20597242636722e-06 1.20201090567207e-05 1.25646752394459e-05 4.86054199200225e-06 4.88282267951945e-06 1.10211651190184e-05 4.4630841784965e-06 3.12680865135917e-05 3.63974231731845e-05 1.13216547561024e-05 1.02064454495121e-05 9.26784684907034e-06 4.98244644404622e-06 6.67882986817858e-06 6.61165989868095e-06 6.48953175641509e-06 4.42385679662038e-06 4.03503850066045e-06 1.13493310664126e-05 2.96329131970197e-06 2.86397669810867e-06 2.50265065346866e-06 2.02619175979635e-06 1.67341704297996e-06 1.53430834473056e-06 1.60508502062839e-06
3.27155323134321e-06 6.3600160160604e-06 6.22205195668357e-06 5.8929326200996e-06 1.98481001916662e-05 2.66091719822725e-05 3.15217183015193e-05 6.38653860733029e-05 0.000185952385072596 0.00104576488956809 0.00156091955723241 0.000148678342520725 6.49284475002787e-05 1.62156191436225e-05 2.46003742631729e-05 1.02433776874022e-05 5.22899338193383e-06 1.14956930701737e-05 3.04494615193107e-05 1.5221727971948e-05 1.22897504752473e-05 3.45160751749063e-06 7.45125462344731e-06 5.91169448398432e-06 9.02180513548956e-06 7.99293520685751e-06 2.35079291996954e-05 1.30022240682592e-05 1.57862864398339e-05 1.14369567427275e-05 5.15458947347724e-06 3.39678937280041e-06 3.74897865640378e-06 2.66212560973145e-06 1.24774893720314e-05 1.75775019215507e-05 4.0144593185687e-06 5.87321399052598e-06 5.33310351329419e-06 3.4649831434308e-06 2.72416869506742e-06 3.41277744837498e-06 1.42736959389822e-06 1.41384026335345e-06 1.59619137036771e-06 1.75132421702529e-06
4.443320210612e-06 6.65027064314927e-06 5.68030344538784e-06 6.67050870788444e-06 2.21261900151148e-05 3.96867411836865e-05 0.000110561020846944 0.00015111234242795 0.000130905099649681 0.000132151434445404 8.81910891621374e-05 7.49811941886946e-06 1.78079863417224e-05 2.57006041010754e-05 5.55800577785703e-05 1.93255939848314e-05 1.5041901724544e-05 3.90917246022582e-06 2.00188511030319e-06 2.04436785793405e-06 1.76166658548027e-05 7.27514158143094e-06 4.10916051123422e-06 6.98846113209584e-06 1.34307987536886e-05 1.54163352817704e-05 3.59121983706245e-06 3.16319358830697e-06 3.15523548124474e-06 7.11629643319611e-06 3.0539084832526e-06 2.45519226496072e-06 1.33177712484667e-06 3.8373441384465e-06 4.18881905943636e-06 3.0182708258053e-06 4.97610496950074e-06 3.65349767434964e-06 3.57762266958161e-06 2.69189201844711e-06 5.38867752197802e-07 1.42496878936527e-06 1.07874195123259e-06 1.19849846953457e-06 1.20940033809802e-06 1.3689940118411e-06
6.52150159794473e-06 6.13703979297497e-06 1.19013448284022e-05 3.22872161632404e-05 8.48060251882998e-05 0.000160181074170396 0.000253563423029846 0.00069874593464192 0.000421664385066833 7.51958863475011e-05 7.4831648134932e-06 5.97960166714984e-06 5.73916152006859e-06 4.12003814744821e-06 4.68451220285715e-06 4.0685713372568e-06 1.95257637187751e-06 2.15908100926754e-06 2.35863918760515e-06 5.53767512201375e-06 8.70960922839004e-05 7.43487542422372e-05 1.14802922780655e-05 1.5329183133872e-05 9.57271226980083e-06 2.18505672933134e-06 6.47352666760526e-07 5.99084168584341e-07 1.08164904730756e-06 2.34976061506131e-06 1.51275350503965e-06 2.27556166692011e-06 2.0207360250879e-06 8.54505053382582e-07 2.19809925852132e-06 2.4859881023076e-06 5.74751944668606e-06 3.34680021865097e-06 3.06920804860056e-06 4.73469357302747e-06 4.19533744207001e-06 3.89088452834585e-06 1.74771976446664e-06 6.820128781726e-07 1.22529763757484e-06 1.75435994549389e-06
5.29858478330425e-05 0.000144292729964945 0.000432541950431187 0.000378642177383881 0.000207799392956076 0.000246257225808222 0.0001336659759545 0.000172495112201432 3.11307898300583e-05 8.39079934848996e-06 4.51505073897351e-06 7.06473983882461e-06 6.02865109158301e-06 2.21806930085222e-06 4.27700487080074e-06 4.41198454268488e-06 1.92044150935544e-05 9.27035664517462e-06 1.18480267701671e-05 1.73490635916096e-05 1.59685345806793e-05 3.23261157291199e-06 8.64015055412892e-06 4.33735288538628e-06 1.14495211846588e-05 3.51531389242155e-06 4.05216458148061e-06 4.03625791705053e-06 2.90230111659184e-06 1.48414958687226e-06 4.08187481326649e-07 8.27674539038981e-07 2.7148019910328e-06 3.60184067176306e-06 1.56124237946642e-06 1.29734223435207e-06 2.25345687567824e-06 2.93749281468081e-06 3.511728561989e-06 2.47889892648345e-06 2.07108182621596e-06 2.27816948950021e-06 1.69644010838965e-06 7.3060272143266e-07 1.26040054908572e-06 1.2849025694095e-06
0.000547335503506474 0.000241764806560241 0.000164704750932287 3.5278643554193e-05 2.57525447977969e-05 1.41066094101916e-05 4.31982864483871e-06 5.26960697015966e-06 3.08159670794339e-06 2.07676745276331e-06 3.06132280343263e-06 2.06885412126212e-06 3.55139035832508e-06 2.98180225968281e-06 3.36755518901555e-06 4.3812273020194e-06 6.27465906291036e-06 7.58438945922535e-06 8.23089094410534e-06 8.02406630100449e-06 1.00961049724901e-06 8.81879684584419e-06 3.15970032715995e-06 1.0659669328561e-05 1.55131335759506e-06 7.72110249158686e-07 1.11600288903446e-06 4.52338066025959e-07 6.94503545162206e-07 6.28821430836979e-07 1.11561164146678e-06 1.73837664760867e-06 2.07511574785713e-06 2.0971206026843e-06 1.34159726599137e-06 1.79529078536689e-06 4.77109332308601e-07 3.21684140089928e-06 2.66469089638122e-06 3.28063414372082e-06 2.65265526309122e-06 2.33393029134277e-06 9.26157558467366e-07 6.48052173346514e-07 8.13680802025374e-07 1.06235443979585e-06
3.32827492457e-05 2.84787057353242e-05 1.31572847976713e-05 3.73028456124302e-06 4.22596515363693e-06 1.20436450743e-05 4.16282545074864e-06 4.85656232740439e-06 2.92485048589697e-06 4.56520970146812e-06 2.60443507613672e-06 1.26824210155974e-06 1.08942797680811e-06 1.68148581281002e-06 1.50209195339812e-06 1.53553514223859e-06 6.59528745927673e-06 6.83793473399419e-06 5.43166179340915e-06 4.31827552347386e-06 2.86834336407082e-06 3.86672307968183e-06 8.27181436307001e-06 1.06685873930701e-06 1.64594893306003e-06 2.08784529718287e-06 8.49591907581271e-07 4.33660456167217e-07 9.0329415627366e-07 1.07928391912537e-06 1.93707874984739e-06 1.06826979049401e-06 2.79644266925061e-06 2.81315685697336e-06 9.48229481423368e-07 1.43778678136641e-06 1.4303142307881e-06 1.33685132368555e-06 1.07227699572832e-06 2.96264985877315e-06 2.30073359261951e-06 2.0446749886105e-06 1.61401586922238e-06 1.69192988721534e-06 1.99430750171814e-06 4.54822902185015e-07
1.1331681230331e-05 1.13855230210902e-05 2.48305600507592e-06 4.85319241079196e-06 5.5711328968755e-06 4.21102802192763e-06 7.89818234352424e-06 4.39856016782869e-06 1.55791348674938e-06 1.87225478214259e-06 1.33138364333263e-06 1.31901804536483e-06 1.26611862185655e-06 1.41307404817326e-06 2.07774949672057e-06 1.84668525662346e-06 1.77759951611733e-06 8.84820761370975e-07 2.94301204348812e-06 3.71333521798078e-06 4.78515422628334e-06 2.37919175560819e-06 2.74037101277713e-07 4.68854250357253e-07 6.55823185269355e-07 5.24524669742732e-07 6.48302047068228e-07 5.27055349408556e-07 1.21142439866162e-06 5.92489547557307e-07 3.66619175906635e-07 1.33247456517438e-06 1.87039074148743e-06 7.90193658417593e-07 1.40151697394231e-06 8.13446220604419e-07 8.51918306921107e-07 8.85999075705968e-07 8.44194580906787e-07 1.86333522265159e-06 1.82502951133756e-06 2.22221061676464e-06 1.54556597635747e-06 1.3330881785123e-06 1.39269390331265e-06 2.32756005402734e-06
1.44460316732875e-05 5.00162534535775e-06 4.27776726610318e-06 1.43882733141254e-06 3.19181534109703e-06 1.27104821103785e-06 5.21520555594179e-06 2.87437118231537e-06 3.23746450590079e-06 3.94204906797313e-06 2.25668977691384e-06 1.18085506812804e-06 2.06819798904689e-06 2.29078636380109e-06 2.3863704541327e-06 8.47751098831395e-07 7.66172921373709e-07 1.21260939351941e-06 4.13503962590767e-06 5.7006968290807e-06 6.95201719054239e-06 2.27645420523004e-06 2.58719906014449e-06 4.90344397974241e-07 1.14913186166632e-06 3.52046241687276e-06 3.82171281643195e-07 2.58155425925111e-07 3.21988196816392e-07 3.90193449106846e-07 7.7457152514171e-07 1.0822560369661e-06 3.63862459380471e-06 1.60745925654737e-06 2.33540552585509e-07 2.11987853617757e-06 3.62443690704595e-07 2.69537900621231e-07 1.76757656618065e-06 2.21701876057523e-06 1.46359102188853e-06 1.40814858582416e-06 6.86416309747528e-07 7.47929470890085e-07 7.95461141933629e-07 1.62145751403386e-06
4.34492644671991e-06 1.00347917168619e-05 2.05703462086149e-06 1.62113451835921e-06 4.48248302973298e-06 4.09213306511447e-06 5.23271622796528e-06 3.05051103737242e-06 1.83441492254133e-06 1.7583306259894e-06 6.17603714090365e-06 2.28127241257425e-06 1.04101071087825e-06 2.36360618259823e-06 2.66459149429465e-06 1.49326963310159e-06 2.61740077576178e-06 2.13062795637597e-06 4.83247281408694e-06 3.29281876929599e-06 2.15603875517445e-06 2.47527205488041e-06 3.08916371523082e-06 7.89720449745346e-07 3.3395245822021e-06 2.6760545210891e-06 1.44460427407012e-06 1.72159453200038e-06 3.33272291754838e-06 2.65571890736283e-06 2.67453112314797e-06 5.95565035155232e-07 3.69691333901301e-07 5.4115717773584e-07 8.09426565240301e-07 1.58296134600278e-06 8.07440902406142e-07 9.54054652879677e-07 1.33550306600227e-06 5.70383409126407e-07 1.52046250434523e-06 1.18146739112035e-06 1.37355032734376e-06 2.21400730424648e-06 9.73127762904369e-07 1.91332634926766e-06
1.28847566145396e-06 2.17959529038581e-06 8.52216061275612e-07 1.24036791646631e-06 2.90040609911557e-06 1.97756046418363e-06 1.4046030969439e-06 1.79816449303871e-06 1.31010362167672e-06 9.2256210564301e-07 5.25390713619345e-06 8.71557269022105e-07 1.39049953133963e-06 1.49178452204524e-06 2.64198221771039e-06 1.49335388357486e-06 2.58747490420319e-06 2.11978355650899e-06 1.34346171449806e-06 8.33780485720581e-07 3.43138009384347e-06 1.97596950499701e-06 8.8155130015366e-06 7.73004426264379e-06 6.46214802202394e-07 5.47218963902196e-06 1.88640580063293e-06 9.01542929909738e-07 7.2235159933598e-07 2.51110964768486e-06 2.26488776320366e-06 2.27411809419209e-06 3.32722647726769e-06 1.54661682074675e-06 8.376501142493e-07 4.17314014100612e-07 2.10897212014061e-06 2.29043128570083e-06 1.78476996666177e-06 2.38152785527745e-06 1.96070733977649e-06 2.27729991024717e-06 1.28609739249441e-06 1.14438343814527e-06 2.26022904143974e-06 1.86654421554522e-06
