Maxent_result_files_2/B_rupestris_2.asc
NCOLS 594 
NROWS 330 
XLLCORNER -15 
YLLCORNER 23 
CELLSIZE 0.166666666666667 
NODATA_value -9999 
[rows 120 to 139 of 330, columns 414 to 459 of 594]
0.0160870162770152 0.0172853257507086 0.00987946456298232 0.011417918279767 0.00982709527015686 0.00985746416263282 0.0136152064427733 0.0199692418813356 0.0366505846381187 0.0100081185810268 0.014621352776885 0.0229462265968323 0.0198832083493471 0.0268678133143112 0.00893246596679092 0.00729740252718329 0.00794541230425239 0.00831784269539639 0.00289351006504148 0.0108898521400988 0.00655609297100455 0.00698649282567203 0.00260044585447758 0.00263201841153204 0.00262198052369058 0.00259771060664207 0.00259286158252507 0.00265465276315808 0.00271048133727163 0.00513807605020702 0.00231334816198796 0.0023419002071023 0.00285825897008181 0.00229676763992757 0.00110817576060072 0.00232215864234604 0.107595222443342 0.00172031818656251 0.00184424603357911 0.000826042494736612 0.000499699352076277 0.000500178820220754 0.000518617196939886 0.000679930835030973 0.000540991127490997 0.0019218813162297
0.00928362216800451 0.0105404482223094 0.0161696067079902 0.0159622196108103 0.0109246334061027 0.0194014761596918 0.0158621806651354 0.0211035820131656 0.0191319722682238 0.00961334726307541 0.00607960778288543 0.014240082167089 0.0121015328913927 0.0106377637013793 0.00973932994529605 0.013482640683651 0.0149149887263775 0.0122936749568908 0.009218231565319 0.0160650366917253 0.0137064004316926 0.0130316132679582 0.00806179596111178 0.00810588486492634 0.00261233567725867 0.00769387613981962 0.00261139241047204 0.00264330271165818 0.00268034108448774 0.00270705614238977 0.00258957357145846 0.00238854624330997 0.00246472985018045 0.00364894717931747 0.00211169177200645 0.00188183775171638 0.0027538841124624 0.000520997965941206 0.0015733698150143 0.0010650093856384 0.00116859824338462 0.00120160370133817 0.00203594311606139 0.00191798987798393 0.00178068273235112 0.0012375536840409
0.0119832201860845 0.0125817234395072 0.0121672202367336 0.0196081850677729 0.0119975257664919 0.0102023328654468 0.0103913189843297 0.0113270545378327 0.0115008357097395 0.0227703612297773 0.0104797973297536 0.00341374929994345 0.0149861164391041 0.0130508041009307 0.00875755744054913 0.0131958211073652 0.0118508644169196 0.0123409495688975 0.0157428234815598 0.0161984298378229 0.0148678299505264 0.01408323161304 0.00852590226568282 0.00376993448007852 0.00286473874002695 0.00886819446459413 0.0027964138193056 0.00265058903023601 0.00263855503872037 0.00272137089632452 0.00633201510645449 0.00235086386092007 0.00385651355609298 0.00670361490920186 0.00107398544205353 0.000968370737973601 0.0031708478461951 0.00171652656281367 0.00134238106838893 0.00136971963802353 0.00137593587860465 0.00282176886685193 0.00143073690123856 0.0012146586086601 0.0016550442087464 0.00162514285184443
0.0127393936272711 0.0116631548851728 0.0186026239767671 0.0121802161447704 0.0196278225630522 0.0106362963579159 0.018966843187809 0.0205718718469143 0.0238618493080139 0.0121797118335962 0.0110497200861573 0.00927072679623961 0.00341941467486322 0.00755302011966705 0.0108508439036086 0.0127487730234861 0.0110334007069469 0.017542002722621 0.0114085518755019 0.0139189073815942 0.0118200624361634 0.010438999789767 0.00861171190626919 0.00305926124565303 0.00771357687190175 0.0140473769977689 0.00306123357731849 0.00294318178202957 0.00643423800356686 0.00274210972711444 0.00287472635973245 0.00997181758284569 0.00177440491970628 0.00198082770220935 0.00392482653260231 0.00175434146076441 0.00363108469173312 0.0037588816601783 0.00265274825505912 0.00260953617980704 0.00124900743830949 0.00161274808342569 0.00114607272553258 0.00129207097925246 0.00140360149089247 0.000985319912433624
0.0170326244086027 0.0172991817817092 0.0115487604402006 0.0118655153550208 0.0105325015727431 0.015290676802946 0.0104606655182579 0.024576994869858 0.0305140726268291 0.012887477199547 0.00978991910815239 0.00352957546710968 0.00998345278203487 0.0106867885217071 0.0154913552105427 0.0125771320424974 0.0118922576773912 0.0113308482803404 0.0148217415437102 0.0127462039701641 0.0157170420512557 0.0149469157680869 0.00895326156169176 0.0147687656804919 0.00323312128894031 0.00317254632245749 0.0030276330653578 0.00290947330649942 0.0130710016936064 0.00565763283520937 0.002774015115574 0.0104030257090926 0.0104869551956654 0.00149921539705247 0.00122417852981016 0.00341536845080555 0.00144528388045728 0.000816241913707927 0.0659336103126407 0.00426142979413271 0.000547804910456762 0.00138208722928539 0.000494607246946543 0.00114277570974082 0.000539861159631982 0.000736868867534213
0.0158861604053527 0.0282773062586784 0.013708616020449 0.0106771101738559 0.0128051275387406 0.0114584406779613 0.0262922957539558 0.00825527561828494 0.0104019241873175 0.0207674207165837 0.0100466447882354 0.0111911083571613 0.00332760652527213 0.0141530018299818 0.00997375342994928 0.0162071403115988 0.00868416279554367 0.0162977304309607 0.0140538169071078 0.0158026348799467 0.0162473667412996 0.0174009097740054 0.0191314996685833 0.0128817934542894 0.01402897387743 0.00304684389848262 0.00408095386810601 0.00305714402347803 0.00285125796217471 0.00291597251780331 0.00277206227183342 0.00237672661896795 0.00467435428872705 0.00491723860614002 0.00125136718852445 0.00426957639865577 0.00166478548198938 0.001066515086859 0.193052412755787 0.00239231213927269 0.00285913809202611 0.00273235645145178 0.000618469051551074 0.000940293027088046 0.000497549524880014 0.265113976865672
0.0172022514045239 0.0143368385732174 0.0191698052920401 0.020587271079421 0.012369903549552 0.0133033100515604 0.0194085076451302 0.0122155350167304 0.012575626373291 0.0170173175632954 0.00968513353727758 0.0109034313587472 0.0086073603015393 0.00848886463791132 0.00879709885921329 0.00948325535282493 0.0193450082093477 0.0137363269925117 0.0147516803815961 0.0169530531391501 0.00834926478564739 0.0194626875221729 0.010497624007985 0.0110636500641704 0.0100966491736472 0.0129032449796796 0.00325076873414218 0.0133779846131802 0.0078366290545091 0.0138955321162939 0.00732064084149897 0.00997083093971014 0.0083859933540225 0.00884745568037033 0.00924281142652035 0.00384182082489133 0.00131748238345608 0.000940264703240246 0.0034868030808866 0.00672668344341218 0.00202959688613191 0.00184246737044305 0.000838639342691749 0.00171794097404927 0.265119440783019 0.000803643488325179
0.0306341230869293 0.016423680819571 0.012916216859594 0.0197952471673489 0.0196798104792833 0.0125238523585722 0.0195035338401794 0.0131077769910917 0.0120861675357446 0.0111958175897598 0.0123342385981232 0.0110939904116094 0.0115442343289033 0.0143501928076148 0.00913295219652355 0.010037849843502 0.0148189555853605 0.0185492649674416 0.0132705604657531 0.00987626351416111 0.0144662722945213 0.0108006215654314 0.0193617198616266 0.0146150014363229 0.0148003179579973 0.00879305535927415 0.0139959873631597 0.0133103104308248 0.00698648311663419 0.00684647497255355 0.00246541129890829 0.00345827548298985 0.0136530011892319 0.00443075534421951 0.00130627887556329 0.0047501103952527 0.00118695629062131 0.00157046914100647 0.00232468461617827 0.00624744789674878 0.00270792316878214 0.00207838430069387 0.00184139113407582 0.00482033658772707 0.0021694362629205 0.00192278639879078
0.00759088471531868 0.0100869058165699 0.0126356816850603 0.0123508427292109 0.0120436985045671 0.0217628758400679 0.0199509274214506 0.0227544456720352 0.0190623730421066 0.0129768990678713 0.0115011878311634 0.0186000719666481 0.0175889914855361 0.0157134213019162 0.0121302918996662 0.00824159509502351 0.00985655072145164 0.0216635707765818 0.00847757682204247 0.0074403022415936 0.00660256198607385 0.00311469670850784 0.0124384254217148 0.0168617298826575 0.0125746725127101 0.0153015784919262 0.008384102396667 0.0102077949792147 0.00291551221162081 0.00261636511422694 0.00255084086675197 0.00293655395507812 0.00311082291882485 0.00691261310130358 0.00128400840330869 0.0052609896287322 0.000995902041904628 0.00177178669255227 0.00183472903445363 0.00202869446948171 0.00159232640871778 0.00164388810517266 0.00359690291807055 0.00169339675921947 0.00276888520456851 0.00137997749261558
0.021159465238452 0.0120402626693249 0.00985660823062062 0.0139453466050327 0.0189554460346699 0.0237072113901377 0.0159093739464879 0.017755538225174 0.0223499804735184 0.0206256490200758 0.0204295095056295 0.0186196165625006 0.021813303604722 0.0200464982539415 0.0113815263845026 0.00980088748037815 0.0109906527213752 0.00847590458579361 0.00792167624458671 0.00888413591310382 0.00292911366559565 0.00254180384799838 0.00923406509682536 0.0161902081221342 0.0144703573547304 0.0153313936665654 0.0142284905537963 0.00841908636502922 0.00283602548297495 0.00649259258061647 0.0125268653035164 0.00562486356357113 0.00181816658005118 0.00176239861175418 0.00481556840240955 0.00413338281214237 0.00138924777274951 0.00264696888625622 0.0005912666907534 0.000637818389805034 0.00101086221402511 0.00296502271667123 0.00254025454632938 0.00128712806617841 0.000945158176364203 0.00153442517184885
0.0183582916856887 0.014687986053832 0.0150512216612697 0.0256183653138578 0.0267626304012083 0.0223306756466627 0.0136886332184076 0.021029619500041 0.0261340856552124 0.0193892048671842 0.0208857726305723 0.020129475556314 0.0180869404226542 0.0181826429441571 0.0103434131480753 0.00984645928256214 0.0116895094513893 0.00965731106698513 0.00674120523035526 0.00721129584126174 0.0124592155218124 0.00244690885301679 0.00248973907437176 0.0118406165391207 0.00723010273650289 0.0103722007013857 0.0109002308920026 0.0139030458405614 0.0126381762325764 0.00978241022676229 0.012149861920625 0.0123112887144089 0.00931803081184626 0.00181053571868688 0.00174840069375932 0.00505563365295529 0.00102196130901575 0.00281536160036922 0.00147595138987526 0.00123884712811559 0.00211598880123347 0.0016629248537356 0.00203154860064387 0.00167144376318902 0.00119961938180495 0.00051578921807599
0.0106985427439213 0.0280860972590745 0.018048589117825 0.0144762758165598 0.0152674281969666 0.0146018834784627 0.0141513895243406 0.0122862013056874 0.01517089959234 0.017834079451859 0.0174746279139072 0.0207823287695646 0.0206891503185034 0.0125592483440414 0.0189552497118711 0.018270088173449 0.0152835585176945 0.0131921762600541 0.00871216133236885 0.00970336487516761 0.00269414070062339 0.0024768189759925 0.0023733313428238 0.00694997068494558 0.0121900025755167 0.0137164676561952 0.0116015253588557 0.012450691871345 0.00639778934419155 0.00646299514919519 0.0107592729851604 0.0102134419139475 0.0090884892269969 0.00564974448643625 0.00506303342990577 0.00171174085699022 0.00150135348085314 0.00379144372418523 0.00104836057289504 0.000969629472820088 0.00158594010863453 0.00262333243153989 0.00216417880728841 0.00131283087102929 0.00165424249134958 0.000928999970992095
0.0211627060547471 0.018562794663012 0.0238995514810085 0.0169768629595637 0.0130528557114303 0.0231148943305016 0.0288837622851133 0.0187102992087603 0.018696198053658 0.0180722758173943 0.0144479503855109 0.017094231210649 0.0213305348530412 0.0215872403234243 0.0173391844145954 0.0128089382313192 0.0145951703190804 0.0164210595190525 0.0124867329373956 0.00307276262901723 0.00711085321381688 0.00263513929676265 0.0020422572735697 0.0109197042882442 0.00923923570662737 0.0124918963760138 0.00919744642451406 0.00423776903189719 0.0102852249518037 0.0125331973657012 0.0075011579785496 0.00920299452263862 0.00673100613057613 0.00515617690980434 0.00947944279760122 0.00445795231498778 0.00200936557957903 0.000953037885483354 0.00130148889729753 0.00233301538974047 0.000574473070446402 0.00189966326579452 0.00311671001836658 0.00172237437218428 0.000952416747895768 0.000979900417223689
0.00657457206398249 0.012939044995146 0.0150800984850775 0.0205227394588292 0.0100356939714402 0.0171858271583915 0.0197242867201567 0.0171976040117443 0.0231775861233473 0.0162590773776174 0.0234865110367537 0.0205779563635588 0.0192344943061471 0.0220464877784252 0.0124067427590489 0.00735181556083262 0.0193806448951364 0.0178913719020784 0.013135976344347 0.0110456233844161 0.00339728849940002 0.00539944334886968 0.00235380101948977 0.00843527792021632 0.00628558797761798 0.00965559128671884 0.00697235427796841 0.00389789757318795 0.0121691305190325 0.0119484398514032 0.0111392721533775 0.0085273222066462 0.00541927251033485 0.00452909473096952 0.00546622360125184 0.00196431630756706 0.00206080960342661 0.000985188246704638 0.00106836339109577 0.00101022906601429 0.100755285983905 0.000887483199130656 0.000676784177982737 0.00046360010007902 0.00143065054804197 0.000135555322050507
0.0145186757668853 0.00838004043325782 0.00852765776216984 0.0174909886904061 0.0197491914825378 0.0200884597381403 0.015413759635976 0.0138378392770392 0.0313825815916061 0.0154765440151095 0.0191923528909683 0.022910125926137 0.0189485438168049 0.0154513221234083 0.0130826852051541 0.0271785948425531 0.0179816273972392 0.0142455268651247 0.0154068307951093 0.00337983202189207 0.00264116730540991 0.00513767376542091 0.00959407072514296 0.0104151992127299 0.00321696188766509 0.00770293204113841 0.00779306800104678 0.00969769936054945 0.0101632557809353 0.00749638061970472 0.00877077737823129 0.0049697965150699 0.00486996446270496 0.0060547104338184 0.00391863556578755 0.0011985014542006 0.000968683429528028 0.00230325721204281 0.000645373476436362 0.00122259927447885 0.00305303186178207 0.00152544253505766 0.00207010999511112 0.00181087558157742 0.00101762744016014 2.92948382366376e-05
0.0183475933969021 0.0134617522358894 0.0133628126233816 0.0107892190106213 0.00912584932520986 0.0204272443428636 0.0101276965811849 0.0181682659313083 0.0219306997954845 0.0211935099374386 0.0357352428138256 0.0227587259374559 0.0261788077652454 0.0303943172097206 0.0163787099067122 0.0171194110065699 0.0053510176949203 0.0177540995180607 0.00355867678299546 0.0032783139962703 0.00265621307771653 0.00231137438677251 0.0069873227737844 0.0078191502019763 0.00783911626785994 0.00813568443991244 0.00588287687860429 0.00762165929190814 0.00890622762963176 0.00686339144594967 0.00841474449262023 0.00484973217826337 0.0050210221670568 0.00501353493891656 0.00564437517896295 0.00183814845513552 0.00104563549393788 0.00598194347694516 0.000671633798629046 0.00480469053145498 0.00167634508106858 0.00112971797352657 0.00189601673628204 0.000386225980879829 0.00133231825893745 0.000571884685086843
0.014293061196804 0.0164638705551624 0.00757572166621685 0.00782132335007191 0.00878375777974725 0.0169576838612556 0.0134005896747112 0.0104150091763586 0.0229428844060749 0.0205025842413306 0.027518368139863 0.0218499132432044 0.0226474449038506 0.027027565985918 0.0201683215796947 0.0301693215966225 0.0131147333653644 0.0109586509875953 0.0140928732231259 0.0038705987855792 0.00537350755184889 0.007516816444695 0.00835709329694509 0.00538420311640948 0.0108837815001607 0.0095327727496624 0.00933707933872938 0.0102735944092274 0.00882599363103509 0.00858911089599133 0.00461251240922138 0.0064002800732851 0.00696268705651164 0.00367761089000851 0.0010159618454054 0.00112155380193144 0.00192564812023193 0.00135791557841003 0.00631762323901057 0.00232710903510451 0.00197740397416055 0.0012669286923483 0.00101155556039885 0.00170310946414247 0.00188549799392344 0.000199504884357393
0.0123460464179516 0.012834620475769 0.00678113959729671 0.00762493601068854 0.00850025825202465 0.00917629078030586 0.00973372375592589 0.0165473949164152 0.0264145066961646 0.0223453816026449 0.0365502193570137 0.0235572770237923 0.0229112483561039 0.0181126229465008 0.0166671968530864 0.0245694030076265 0.0135007142554969 0.010831026500091 0.0188088946044445 0.00694896671921015 0.00414448538795114 0.0132164724171162 0.00832990375347436 0.0103815020993352 0.00930394562892616 0.00473411881830543 0.00430975321214646 0.00805169530212879 0.0040832694619894 0.00620483988896012 0.204773720726371 0.00365404993062839 0.0043964927084744 0.00161077328957617 0.00367613276466727 0.00391450366005301 0.00358326983405277 0.000845573277911171 0.00443988776532933 0.00253616945774411 0.00166809625225142 0.00105206575244665 0.000901206757407635 0.000611912815293181 0.00120529189433984 0.00113311037356141
0.0134224914014339 0.0225202582776546 0.0103590877726674 0.00579123692587018 0.00742916082963347 0.00830899933353066 0.00938962958753109 0.010616660118103 0.0110760758630931 0.010870664101094 0.0175263315439224 0.0228911451995373 0.0334660097956657 0.0168638280127197 0.0218534601852298 0.0228831175714731 0.0211186319589615 0.0130326449871063 0.0131788379745558 0.00994412710424513 0.00355205519590527 0.00407873904332519 0.00425426447764039 0.0102550001814961 0.00527219511568546 0.00452998862601817 0.00463036327855662 0.00532060349360108 0.00521226392593235 0.00170455515617505 0.00115587236359715 0.00202522333711386 0.00113520307932049 0.00110886753536761 0.00324997743591666 0.00588108645752072 0.00311205334728584 0.003286344895605 0.00432841066503897 0.00252913680451456 0.00152271727565676 0.00152818503556773 0.00104842795117293 0.000726085278438404 1.41040312762186e-10 0.000697177091205958
0.0113855311647058 0.00963875195011497 0.00995438005775213 0.0095131860114634 0.00656199101358652 0.00724416645243764 0.00899915155023336 0.0100131462328136 0.0212930619716644 0.028186421468854 0.0344199120998383 0.0569309957325459 0.0306430861353874 0.0235638489946723 0.0198765359818935 0.0239283617585897 0.0200687073171139 0.0152482212521136 0.00848306219559163 0.00841147843748331 0.00366114652715623 0.002725186716998 0.00284011866897345 0.00652257893234491 0.00558201605454087 0.00187781665008515 0.0024311461718753 0.00165322790853679 0.00147611952852458 0.0017518603708595 0.0015591683681123 0.002397520840168 0.00125595779391006 0.00358795837964863 0.00387089056894183 0.0029466609004885 0.00508043318986893 0.00358889424242079 0.00294716018252075 0.00208652662113309 0.00122399026877247 0.00163514090818353 0.00121971402259078 0.00102051582654151 0.000490283698309213 9.72836247882469e-05
