Maxent_result_files_2/B_ruderatus_2.asc
NCOLS 594 
NROWS 330 
XLLCORNER -15 
YLLCORNER 23 
CELLSIZE 0.166666666666667 
NODATA_value -9999 
[rows 60 to 79 of 330, columns 368 to 413 of 594]
0.00119832188938744 0.000903502997243777 -9999 -9999 -9999 -9999 -9999 -9999 -9999 -9999 -9999 -9999 -9999 -9999 -9999 -9999 -9999 -9999 -9999 1.06901290564565e-05 2.99386191272788e-05 5.97482183366083e-05 8.19882627183688e-05 7.75676668126835e-05 7.31194239051547e-05 6.73514379741391e-05 6.15226079389686e-05 6.01771202127566e-05 5.53607758774888e-05 5.37234416697174e-05 5.22672584338579e-05 5.22790895047365e-05 5.23948099726113e-05 6.27045934379566e-05 4.24795220169472e-05 3.65886875442811e-05 8.48618241434451e-05 1.05472332052159e-05 2.77914828075154e-05 3.17838773558066e-06 4.7492319197362e-05 2.58243404111624e-05 2.45804255160298e-05 2.77314900298364e-05 5.7592421399022e-06 5.51322000319487e-06
-9999 -9999 -9999 -9999 -9999 -9999 -9999 -9999 -9999 -9999 -9999 -9999 -9999 -9999 -9999 5.22757505677873e-05 0.000129019998712465 0.000116403535503196 9.89408879831899e-05 8.58485327626113e-05 7.81799371907255e-05 7.68188729125541e-05 7.92912760516629e-05 7.23405952157918e-05 6.27114684903063e-05 7.57303667342057e-05 7.79017762397416e-05 5.930236329732e-05 5.53852867597016e-05 5.18028562510153e-05 5.17603843036341e-05 5.20049932674738e-05 5.13240294822026e-05 4.60432976979064e-05 2.64143967797281e-05 3.28563960920292e-05 3.96192632251768e-05 0.000115149116754765 7.67997155890043e-05 6.53595830954146e-05 7.32391737869875e-06 6.47892381948623e-06 4.62407419945521e-06 5.73305411307956e-05 4.67396901512984e-05 4.18744501075707e-05
-9999 -9999 -9999 -9999 -9999 -9999 -9999 -9999 -9999 3.743001152543e-05 3.31548584654229e-05 1.80267177711357e-05 2.22999356083164e-05 4.98296361911343e-05 0.000118882957758615 4.37912035522459e-05 4.00395188080438e-05 0.000132122751529096 9.47990858549019e-05 8.56877486512531e-05 0.000108416842704173 4.55782728749909e-05 3.03589089526213e-05 6.99083997460548e-05 3.76994680664211e-05 6.43573515844764e-05 6.25266337010544e-05 8.02205362560926e-05 5.80987449211534e-05 5.69283212826122e-05 5.79855499381665e-05 5.69407111470355e-05 5.19448178238235e-05 3.13286144773883e-05 2.92434762741323e-05 0.410222404805245 3.90977881789212e-05 0.000150607502473576 0.00018767401779769 1.9450169082802e-05 5.9593805235636e-05 8.54417223308701e-05 5.93059117818484e-05 5.35676161234733e-05 4.80916281958343e-05 4.96631560963579e-05
-9999 -9999 -9999 -9999 -9999 -9999 -9999 -9999 -9999 4.46228237706237e-05 0.000123902466293657 0.000113700732617872 0.000105288141639903 9.46312749874778e-05 0.000105673638245207 0.000123627128778026 0.000127058540965663 0.000137486607127357 0.000137048937176587 5.34957677700731e-05 4.82084793020476e-05 8.93402533392873e-06 6.19595888565527e-05 1.23529629036057e-05 1.07427756574907e-05 1.25787745901107e-05 3.38971814926481e-05 6.17243247688748e-05 4.32721310062334e-05 1.15642942319027e-05 2.14827335184964e-05 7.57708463424933e-05 2.56262859693379e-05 0.000106933198952674 0.000197375649258902 0.0010496642556973 5.13452538143611e-05 8.34123322420055e-05 0.000104919165278261 5.98843562329421e-05 9.12471812625881e-05 2.06785055979708e-05 8.90751256520161e-05 8.73902976309182e-05 7.57915349822724e-05 4.86900320538552e-05
-9999 -9999 -9999 -9999 -9999 -9999 -9999 -9999 -9999 8.35310886031948e-05 0.000112666894710856 7.65857812439208e-05 0.000164869807485957 9.2421820590971e-05 9.704573021736e-05 0.000109622730815317 0.000113825767402886 0.000122697246115422 0.000121993314678548 0.000117753612721572 5.44428410648834e-05 8.27699526780634e-05 0.000246892924155873 6.1836752763611e-06 5.93924911527211e-06 1.88206885468389e-05 3.40235622388718e-05 3.86087347578723e-05 5.04224582982715e-05 5.45839350706956e-05 3.94235479689087e-05 2.94604622467887e-05 6.36012973700417e-05 9.41481164772995e-05 0.000167636878745725 0.00125138345174491 2.90195614070399e-05 0.000133528789228876 2.29883279644127e-05 9.11531510610075e-06 3.51188969943905e-05 2.47808667609206e-05 7.17268103471724e-05 3.32655549755145e-05 5.30138528120006e-05 5.29942266439321e-05
-9999 -9999 -9999 -9999 -9999 -9999 -9999 -9999 1.34071943051595e-05 4.8980318752001e-05 4.9124080396723e-05 8.16848147223936e-05 6.68643087919918e-05 0.000116701791921514 8.72610915394034e-05 8.81931449839613e-05 8.82503827597247e-05 9.32006347284187e-05 9.71006164036226e-05 0.000154695696983254 5.4939841174928e-05 3.4176277813458e-05 9.32894434299669e-05 8.13103920336289e-05 5.9223186235613e-05 5.14428134010814e-05 2.95968596219609e-05 5.89221568588982e-05 0.000103112247234094 7.74876119976398e-05 5.36206867764122e-05 9.70164823229425e-05 0.000143989542266354 0.000213145952147897 0.000604929524706677 4.19096051700763e-05 0.00085921054123903 0.000277298590663122 0.000115174046732136 6.91015135089401e-05 4.34208492151811e-05 3.89796497984207e-05 5.02528453580453e-05 3.43618863553274e-05 6.74211230034416e-05 2.40085722907679e-05
-9999 -9999 -9999 -9999 -9999 -9999 2.60208676991169e-05 1.8425809321343e-05 2.24249181883351e-05 1.51240338254865e-05 4.8110636362253e-05 0.000126334303058684 0.000520725990645587 0.000137459335383028 0.0001025430210575 8.60461932461476e-05 0.000136191729689017 4.09942175792821e-05 6.43357343506068e-05 0.000647523922089022 0.000387071068689693 0.000347882359346841 0.000618466314335819 0.000145104291004827 0.000186602224130183 0.000358553553815 0.000186446848965716 5.36843441295787e-05 8.23991074867081e-05 4.86137272673659e-05 0.000153506568312878 0.000508775222988334 0.000790709254215471 0.00127745838835835 0.000100360996839299 0.000441283785039559 2.85802629832688e-05 0.000373935062089004 2.88452384211269e-05 6.87864179781172e-05 9.07907049167989e-06 6.8106152866676e-05 2.99038822959119e-05 3.93215148505988e-05 3.52078155628988e-05 2.77117412451844e-05
7.60938406529021e-05 1.19032224915827e-05 1.73793984458825e-05 4.94743093895522e-05 5.87854456171044e-05 3.45181479133316e-05 1.79964330527582e-05 2.99451320643129e-05 0.000108407008065115 0.000100156564985809 2.34720859452864e-05 0.000259647723578382 0.000719352636951953 0.000774558167904615 0.000268168344337028 0.000135232716638711 0.000612498860573396 6.92448297741066e-05 0.000553834857419133 0.000891638253233396 0.000353206352156121 0.000310431957768742 0.000264617281209212 0.00012033056918882 0.000646739236253779 0.0001413771922671 0.000638907673419453 0.00065385958441766 0.000401810003677383 0.000265390392451081 0.000235633231932297 0.00054454650671687 0.000381226772151422 0.00038290960364975 0.000119882793296711 0.000118363428555313 6.70863874802308e-05 0.000108000595355406 6.6693032385956e-05 6.14707631029887e-05 0.000421817517781165 2.88535377876542e-05 0.00029222650337033 0.000676627307257149 0.000365270709153265 0.000313721100974362
0.000117259554099292 0.000103709413087927 2.92591283141519e-05 3.06060429466015e-05 3.83201689601265e-05 0.000156162996609055 0.00012642820183828 0.000152603503374849 7.90512863659387e-05 0.000241866048236261 0.000518140595522709 0.000744262045191135 0.000232242720812792 0.000638881503255107 0.000665043544722721 0.000868234792142175 0.0010443011240568 0.000433017269824632 0.000506632847827859 0.000900810697930865 0.000365617200441193 0.000141710250682081 0.000182437531111646 0.000378579787502531 0.000426206213887781 0.000480135605903342 0.000637964610359632 0.000398419851262588 9.76082482338825e-05 0.000256366663961671 0.000421113317133859 0.000604568957351148 5.68014640521142e-05 0.000234357594308676 0.000567746791057289 9.70622362729046e-05 6.15597613887076e-05 4.77997927646356e-05 6.93621866048488e-05 0.000227008458750788 0.000350317409902345 0.000419889835757203 0.000620721375162248 0.000160810753004625 7.18995776878728e-05 0.000399316507355252
0.000116982431791257 0.000410648676916026 7.67980420278036e-05 8.41598741317284e-05 1.96590161976928e-05 6.1992875271244e-05 0.000106821708322968 0.000131740867072949 0.000183597156137694 0.000350826492649514 0.000102746797574582 0.000246757882678139 0.000247480688631185 0.000189348572894232 0.000317441296647303 0.000640484862378798 9.8336269002175e-05 0.000174512669764226 0.000103932135243667 0.000170513412740547 8.63314417074434e-05 0.000111405915231444 0.000249046974204248 7.52983471102198e-05 0.000310552863811608 9.11499777430436e-05 0.000230731835472398 0.000275100121507421 0.000433229096233845 7.30424902030791e-05 0.000382927579630632 6.12216730587534e-05 0.000113323063487769 0.000394479038368445 0.000174072767549671 0.000376852182671428 0.415807684059837 2.396669456175e-05 6.64122909583398e-05 5.34781651481353e-05 7.29415737055206e-06 3.66609187949507e-05 2.07728746318026e-05 2.93034985134e-05 9.74116559518734e-05 0.000273438270960469
6.65343615537495e-05 0.000107264916914573 6.67547996272333e-05 5.20291997418099e-05 5.86295733228326e-05 5.56544571736595e-05 7.38279162760591e-05 7.29011568182614e-05 0.000119048314991232 7.85847876954904e-05 5.95632518525235e-05 0.000123847314353043 0.000675384912756272 6.75313076499151e-05 0.000207115984085249 0.000142522906389786 3.60886195949206e-05 1.59186810833489e-05 2.96698750616997e-05 1.53383580709487e-05 5.59071428142488e-05 9.80040569629637e-05 6.65411571389996e-05 0.000113232809417241 1.71552557389987e-05 0.000238919387629721 0.000157707912876504 4.29144620284205e-05 2.46905069616332e-05 0.000266248708066996 3.86803628316557e-05 0.000143047673918772 0.000116128067747923 8.1656137626851e-05 2.52074155298487e-05 4.56755051345681e-05 3.01833329103829e-05 0.500022777444974 4.5030204091745e-05 4.20766655452098e-05 3.75572512211875e-05 6.65176808979595e-05 2.22196228264693e-05 2.77123220939757e-05 8.8058655092027e-05 0.000276576006581308
0.000320590668707155 0.000120359657194058 0.000196803895232733 4.92098154154519e-05 3.15071175919002e-05 6.12788073340198e-05 2.91451379780483e-05 0.000294406812463421 0.000359135276812594 5.18970471603097e-05 2.68828557658196e-05 2.17549167246034e-05 3.86958433296059e-05 2.28762601182098e-05 0.000164165123715065 0.000292580050881952 3.68131069990341e-05 2.90083894924464e-05 1.13060545643862e-05 3.24311707061042e-05 1.96382661105332e-05 1.90819222698146e-05 3.40710742079864e-05 1.8217342767457e-05 1.15008834654873e-05 0.000283812716952525 0.000125261670473265 8.83594224433182e-05 7.28679449821357e-05 2.35139590358813e-05 8.47232066007564e-05 3.82772146622301e-05 8.71078100317391e-05 0.000218441424658522 0.000136638099866104 0.000107976773324481 3.74131646667442e-05 0.42214956918906 0.000144170329076587 0.000372496302588843 0.000289288155909162 0.000143298365946976 0.000139143355227134 0.000209622323836811 0.000123307186731836 0.000122155312419636
3.01167894576793e-05 1.4848919954602e-05 6.43629478872754e-05 1.61649340668646e-05 3.74016708519775e-05 5.31962218701665e-05 2.32633202870147e-05 4.02721989303245e-05 1.09551076350911e-05 2.8229195777385e-05 2.17863981561095e-05 1.63250948844507e-05 2.10557586171944e-05 1.35650039396751e-05 4.99353892791987e-05 6.75747345667332e-05 4.83976484247251e-05 2.7002869410353e-05 2.5236570965248e-05 2.43973987380741e-05 3.22805379141755e-05 2.25712229394048e-05 2.13532195787902e-05 2.24199299083239e-05 0.000161369683337398 0.000251268588908715 4.85395545183565e-05 0.000175471691181883 0.000278141617309302 9.65363638897543e-05 3.171806311002e-05 0.000288531450496521 1.58893302341312e-05 0.00055830312485341 0.00025237921072403 4.3759067159499e-05 0.000179130644108316 0.000549667369341478 0.000291431708319578 0.000338700880092802 0.000157620031313854 0.000122365875176911 0.000114870977631654 4.79946864288649e-05 3.91087653042632e-05 2.43084524754522e-05
2.5010659533109e-05 8.28539376982462e-06 1.40129346164031e-05 1.41429989525932e-05 1.5063209730215e-05 8.34789200894193e-06 8.50056048875558e-06 3.17608027344818e-05 1.76216542989494e-05 8.42816739563546e-06 1.12169908643489e-05 9.03222988259955e-06 1.18991736255292e-05 7.82560215388806e-06 8.7833429752715e-06 1.05130652456209e-05 1.30239589785197e-05 1.05130412673904e-05 8.52083672668868e-06 1.19290125532245e-05 1.73326034889065e-05 3.80093855710584e-05 1.50712356372651e-05 2.15891584948169e-05 1.93310902146249e-05 2.43246910500483e-05 1.05503845180155e-05 2.73545644631668e-05 1.69603700395204e-05 5.72889523027698e-05 2.47716103785933e-05 6.0936514637433e-05 5.42263060197001e-05 0.000554952048696578 0.000152283223542327 0.500005453337508 6.00627069928805e-05 0.000213155290839495 0.000145335164779681 0.000227716624794994 0.000272488540213089 0.000162788031957461 0.000107686217779701 6.83875809045276e-05 0.000110191287603811 5.67123144719517e-05
1.77095264575655e-05 1.949040731688e-05 4.85346168716205e-05 4.97493289230988e-06 7.04730800862308e-06 1.37743207446306e-05 9.51842581765616e-06 8.9231358249009e-06 3.38468365157496e-06 8.185477504008e-06 5.16386917334133e-06 4.4892713034983e-06 5.12946544077852e-06 9.08727107854501e-06 9.90458517512449e-06 3.98574709834065e-05 3.11356206712521e-05 7.38205792583102e-06 0.000170466126292013 2.83434050743381e-05 2.92909710059686e-05 2.36824710270866e-05 3.591188629255e-05 6.05504781560739e-05 2.66569796963267e-05 1.05509392364866e-05 1.9611599013114e-05 1.36028985885162e-05 2.22930905401597e-05 6.52791336930303e-06 6.1839173952305e-06 1.82042785013437e-05 2.26527873564919e-05 3.85747163370809e-05 0.400901610963047 0.434035879073781 0.000221526987297693 6.11035812653426e-05 0.000719795387703925 0.000272871516062878 0.000169395946431905 9.33585382881574e-05 0.000532957928953692 0.000498748656536918 0.000361107130447635 7.19298659532797e-05
2.82115457998167e-05 1.17924469066111e-05 2.55819347330544e-05 9.99518564412938e-06 4.24267523312372e-05 3.80943511899545e-05 5.13870486429369e-05 7.46062464003217e-06 7.77218521688106e-06 1.1201079076717e-05 2.35267418538299e-05 3.11831986292255e-05 2.38169813091993e-05 2.54369636508045e-05 4.13509977079229e-05 8.9409553038422e-05 2.03366982909792e-05 1.71129908157597e-05 1.88877313121338e-05 2.73055255412658e-05 3.12116205805069e-05 4.18796408666822e-05 0.000168257604309474 3.94718101688341e-05 3.10905468495548e-05 4.77180771767394e-06 5.36244930117391e-05 2.41444518565004e-05 0.000131117839100625 0.000328209519648237 0.000174559309016342 0.000320167362224311 0.00032374075080952 7.94249505588596e-05 4.10380832255752e-05 0.000236801802748232 8.4109372983221e-05 5.32581501829554e-05 0.000429294115747325 0.000242862323648307 0.000294371876225341 6.19538146565901e-05 4.24989506427664e-05 6.93533507728716e-05 8.75138150149724e-05 0.000249967798299622
2.23351490717505e-05 1.66211414750705e-05 4.59773228385529e-05 1.17562954869754e-05 7.17837297088408e-06 3.41105360348593e-05 2.97039039679481e-05 4.91577614173622e-05 8.71125229622294e-05 8.32598150736885e-05 9.41842147767602e-05 8.54207621159731e-05 0.000596090864564758 0.000531157024670392 0.000183794796612347 3.4997663107994e-05 1.18221266791507e-05 1.81770858944219e-05 3.90921845109915e-05 0.000156609314581146 2.36588141888205e-05 2.17690396098646e-05 3.55703948571318e-05 0.000364841124974191 0.000237616051163059 4.45688413492462e-05 0.000368542718933895 3.10945536739382e-05 5.49472142665763e-05 5.11520939539878e-05 2.08980653326307e-05 2.75363884156832e-05 0.000476550491293892 0.00089412730303593 5.45072076420183e-05 2.22482108682698e-05 2.15105859297182e-05 0.00014634162071161 4.45539781594562e-05 8.74588572935764e-05 5.98150284588428e-05 5.04404689263716e-05 5.69575980989612e-05 3.33711523239799e-05 0.000316485960502177 5.34419349150994e-05
9.04322562199411e-05 7.96116934033364e-05 3.19123299050261e-05 5.51161355531349e-05 5.23371360941383e-05 0.000654727872461081 0.000723656106856652 1.09533239083248e-05 3.11258529109182e-05 7.97271596638893e-05 5.11623792622373e-05 7.64745946071343e-05 0.00010931898286799 0.000453460008429829 4.85271055367775e-05 8.6590857245028e-05 2.63612344291175e-05 4.04755230192677e-05 0.000110236477485159 0.000225570570182754 2.5367483616634e-05 1.4134778697894e-05 2.7838076518627e-05 1.52620054677755e-05 0.000224216379865538 0.000266681653010892 0.000428918044781312 0.000124642839364242 0.00030051165522309 0.000376583956676768 0.000214853195939213 6.59217501379317e-05 0.000272424052673159 0.00158648368669674 0.000385470806213561 5.26322748669372e-05 5.23689185456533e-05 0.000209041810740018 9.21648108487716e-05 3.21295385674603e-05 2.02071687226635e-05 8.82399374351195e-06 0.000178849144867854 4.72273925879563e-05 0.0001058586119143 0.000104287153271798
0.000350983110183745 0.00017253671976506 3.72942634726314e-05 8.22526159936388e-05 0.000109240360325202 8.14311279100366e-05 3.70592726540053e-05 1.07790039010069e-05 4.14068567096137e-06 5.62363595236093e-05 0.000141043144685682 0.000356641574762762 0.000137820278177969 7.71155793700018e-05 0.000435340197873302 7.40368428523652e-05 0.00022727629984729 0.000409284126362763 0.000370982890308369 0.000219361180643318 3.27403986347008e-05 4.84353187857778e-05 4.04838914391803e-05 2.68449469672305e-05 6.87202795234043e-05 0.000134786379931029 0.000382650071696844 0.000118958598250174 0.000178120026976114 0.000424939804361202 0.000343157249153592 0.000428994282265194 0.000180923759762663 9.48331100516953e-05 6.60074158076895e-05 0.000107505550113274 0.000178500021138461 0.000203181760298321 0.000177267136314185 6.7823252402377e-05 8.69390609295806e-05 2.22630662847223e-05 3.21246869816605e-05 4.65561197415809e-05 8.55838363349903e-05 0.00065173357288586
3.8325079549395e-05 3.5210330679547e-05 8.24151025881292e-05 0.000108184618147789 5.00530646604602e-05 2.77130779068102e-05 3.84956259949831e-05 5.62087523576338e-05 1.41947164706835e-05 2.95196929073427e-05 5.26418079971336e-05 6.58378734215148e-06 8.55886773933889e-05 0.000348792756267358 0.000331528251990676 4.20570366259199e-05 0.000411653268383816 0.000139431026036618 0.000390207965392619 4.19950857803997e-05 2.43331198817032e-05 4.45875975607635e-05 3.78589283172914e-05 0.000159549658565084 3.76814503397327e-05 0.000118070101052592 0.000315718787169317 0.000157251114433166 9.87335635727504e-05 7.51804684114177e-05 0.000153254267934244 0.000182892430893844 0.000101140470724215 0.000405174332263414 8.04252478701528e-05 6.56931315461406e-05 0.000106159590723109 0.000185017620242434 0.000442963749810588 0.00028671904001385 0.000641265149170067 0.000303904174506897 3.60801526198884e-05 6.17255389698812e-05 4.82342964460258e-05 0.000431834859773517
