Maxent_result_files_2/B_ruderarius_3.asc
NCOLS 594 
NROWS 330 
XLLCORNER -15 
YLLCORNER 23 
CELLSIZE 0.166666666666667 
NODATA_value -9999 
[rows 280 to 299 of 330, columns 368 to 413 of 594]
4.96269692007445e-15 4.48530101948563e-15 3.49720252756924e-15 5.6621374255883e-15 1.11355369369903e-14 2.61124455391837e-14 1.29118937763906e-14 3.63598040564739e-14 1.10911280160053e-14 2.65010235978025e-14 2.41362485553509e-14 4.90718576884319e-15 6.81898981724771e-14 1.11542886038762e-11 1.07580611086178e-14 1.11244347067441e-14 2.85327317328665e-15 3.00870439673417e-15 3.86357612569554e-15 2.81841217031342e-13 8.08242361927114e-15 1.88216109364703e-13 1.9302067721938e-10 3.628089983998e-09 1.01016343512228e-08 1.60182789366026e-08 2.99331650133183e-08 4.79423037269555e-08 8.20329906225936e-08 4.10166307318605e-07 2.82824482500388e-08 8.61574044108693e-08 9.64667774105976e-08 4.81754543280033e-07 1.73069362929823e-07 9.81596008386987e-07 2.65132467647256e-08 6.25713756363666e-09 2.43717850345604e-09 4.21274803930061e-10 1.10835085553873e-10 1.73752123799886e-10 2.01719863035521e-11 4.84646767162644e-12 3.29976046486991e-12 5.78880166024476e-11
1.94733118519252e-14 1.27009514017118e-14 1.92179605562615e-14 5.95079541199084e-15 2.44582132324922e-14 5.295763827462e-15 5.99520433297585e-15 4.40758540776187e-15 2.53574938824386e-14 2.06279437975354e-14 1.96620497661115e-14 5.07816011463547e-14 4.5031756101821e-13 4.28324042900385e-13 5.65103519534205e-15 1.86961557346876e-14 1.0502709812954e-14 1.2223555501123e-14 4.46309655899313e-15 1.31450406115619e-14 1.01807451358127e-14 3.37840866393435e-14 1.53473678210503e-11 1.44592544604194e-09 1.4198739850535e-09 2.56933718745245e-10 4.24540686161379e-08 2.73340885259543e-08 6.15048778573879e-08 1.61307728063775e-07 8.31440197757161e-07 2.66532684634058e-07 2.40843761289966e-07 3.35473377699458e-07 1.26972339664633e-07 2.28759827747282e-08 1.57737417239012e-08 1.32751605264048e-08 1.31378949941308e-09 1.23409772401217e-09 9.78471748069865e-11 6.36595665071127e-11 6.2958105395694e-11 2.00002236994123e-12 1.39310785129965e-12 6.7446936924398e-12
1.95621296938953e-14 1.59611213135236e-12 9.60009849393373e-14 9.27036225562006e-15 6.27276008913213e-15 7.97140131680862e-15 3.61932706027801e-15 3.14193115968919e-15 1.69086966650411e-14 1.57429624891847e-14 1.75082170983387e-14 2.13107309576799e-13 6.47593090263854e-14 8.43325409505269e-14 4.6296300126869e-15 1.19126930542279e-14 1.58317803311547e-14 1.04360964314765e-14 2.16049400592055e-14 8.55981951985996e-15 2.28705943072782e-15 8.54871728961371e-15 1.24966703651808e-13 6.67366162332428e-13 2.86126677906395e-13 1.7596146761889e-12 2.12584616576805e-08 1.57418037183277e-07 2.62847694720847e-08 4.54899389268348e-08 4.06355239874756e-06 2.41340828850412e-06 8.28995895290063e-06 2.11413219908252e-07 3.07254582487815e-07 2.27998011692598e-08 1.39293211498526e-07 1.16547087669616e-07 1.81380510722029e-08 1.82664884329498e-09 5.48394774035899e-10 6.11009243201011e-11 1.01604946678435e-11 2.03984606983454e-12 1.73393521762932e-12 2.67676991683175e-12
3.52495810318487e-14 3.54605234065275e-14 6.95776769532586e-14 3.38284955603285e-14 1.76858527822787e-14 1.67088565206086e-14 1.05693231944315e-14 1.13575815419154e-14 2.69784194983913e-15 1.44440015503733e-14 2.30260255307257e-14 1.00475183728577e-14 3.1863400806742e-15 1.55897517117864e-13 2.98649993624167e-15 8.8928864272475e-15 1.2090328738168e-14 1.93400850889702e-14 3.54716256367738e-14 6.13953332617712e-15 1.63202784619898e-15 3.37507799486048e-15 6.22946139117175e-14 5.15332221340259e-13 1.6672219160796e-13 2.06668016033973e-13 3.35442784660245e-13 8.44021916801552e-09 3.20808095555236e-07 2.74667324551281e-08 1.81557535583465e-07 8.25026159034792e-07 5.27349265766475e-07 2.09221962848005e-06 1.20257284663694e-07 2.27892711635036e-07 2.3006474836329e-07 1.7085488845936e-07 4.16034952888111e-07 1.46003289724916e-07 1.79376926112695e-07 3.59731378019035e-09 6.70276179004503e-10 3.05080960494308e-11 3.78150066815408e-11 5.24896792697405e-12
1.04249942012302e-14 1.52211576676109e-14 1.06026298851702e-14 8.73745520379998e-15 9.32587340685131e-15 1.00919272938427e-14 3.22075699443758e-14 3.61932706027801e-15 2.55295784512555e-13 8.61533067109121e-15 5.04041253179821e-14 8.21565038222616e-15 3.04201108747293e-15 9.9165120559519e-14 4.9737991503207e-15 5.40678612992451e-15 2.56461518688411e-14 2.02393657389166e-14 1.3855583347322e-14 7.86037901434611e-15 7.27196081129478e-15 2.8421709430404e-15 7.04991620636974e-15 1.40043532326217e-13 3.58935103861313e-14 4.92716978328644e-14 9.52163903278347e-12 1.68937213551601e-08 2.35930565972708e-08 1.86204631824616e-08 3.65224775089601e-08 2.22742236100082e-08 1.09304742945682e-07 3.58449867565724e-09 8.40203349117274e-09 1.14881782167231e-06 1.38357494083863e-07 2.87409624810664e-07 7.32305523998278e-08 9.49458663912495e-09 2.35880702748048e-09 7.9049547241361e-09 1.95087191734444e-08 2.38420517773008e-09 3.40266126386268e-10 2.78763456762476e-11
1.02362562870439e-14 1.01696429055664e-14 1.0413891970984e-14 1.04027897407377e-14 1.07802655691103e-14 1.11577413974828e-14 1.4432899320127e-14 1.75304215588312e-14 5.32907051820075e-14 6.55031584528842e-16 3.41948691584548e-15 6.91779966643935e-14 7.57172102794357e-15 7.37188088351104e-15 6.7612582199672e-15 4.50195436485501e-14 4.00757205198943e-13 2.1923574067273e-13 1.03472785895065e-14 1.02140518265514e-14 2.98649993624167e-14 9.68114477473137e-15 2.27595720048157e-14 7.88258347483861e-15 1.28785870856518e-14 3.18745030369882e-14 2.12060369264577e-12 1.3605257809246e-09 3.51689899424912e-11 4.92117857575636e-10 1.84354628229855e-09 7.78432237558135e-09 4.44740714256042e-08 8.94374806392761e-07 2.74738058436696e-07 6.93143681473884e-07 1.50340446793962e-06 5.85268978170461e-07 5.03272097773788e-07 1.19329623848863e-08 4.45184860087267e-09 6.71075326419412e-09 8.66414462397103e-09 1.11539036762309e-07 5.93188009823109e-09 3.25900195718987e-11
9.5812247025151e-15 9.9031893796564e-15 9.78106484694763e-15 1.0369483049999e-14 1.07136521876328e-14 1.13686837721616e-14 1.44106948596345e-14 1.64201985342061e-14 1.35114142096882e-14 1.47437617670221e-14 7.88258347483861e-15 2.58681964737661e-15 2.59792187762287e-15 1.66977542903624e-14 7.50510764646606e-15 -9999 -9999 3.25295346215171e-14 8.93729534823251e-15 1.08468789505878e-14 1.45106149318508e-14 2.1369572777985e-13 1.17550413847312e-13 5.00710584105946e-15 7.88258347483861e-15 1.31228361510694e-14 2.65454325187875e-14 9.5767838104166e-14 6.15729689457112e-14 8.92452778344932e-13 1.89878113232567e-11 1.59375894703828e-09 6.74389530885833e-08 2.83727916605692e-08 1.02190072652775e-06 2.44278433569889e-07 1.32418753295838e-07 3.46203028911418e-08 3.50660670278558e-07 2.19870196005445e-07 4.08634535098429e-09 2.86079336886402e-09 5.33438493377503e-10 3.4971555651353e-09 3.76425167591954e-08 3.03706231274958e-09
9.43689570931383e-15 9.63673585374636e-15 9.2370555648813e-15 9.88098491916389e-15 1.06470388061553e-14 1.09134923320653e-14 1.14797060746241e-14 1.14130926931466e-14 1.16462395283179e-14 9.14823772291129e-15 1.15019105351166e-14 1.02695629777827e-14 6.61692922676593e-15 3.28626015289046e-15 1.37223565843669e-14 6.87947920852139e-11 -9999 -9999 -9999 3.15081294388619e-14 -9999 -9999 -9999 5.51780843238703e-15 2.72004641033163e-15 1.2667644710973e-14 2.08166817117217e-14 6.08069150587198e-13 9.27979915132937e-13 4.75486316986462e-13 9.96946969422652e-13 9.61140667055105e-10 8.46911296648045e-09 8.94486885671952e-09 1.1804694359796e-07 4.44342947769627e-08 3.34529312473464e-08 5.96416485088014e-08 1.48290819623753e-07 5.52596959302321e-09 1.69172897734882e-07 8.56089377165858e-10 1.69521515713811e-09 9.20130682757758e-10 1.6551346959659e-09 4.75457257564926e-08
8.95949980872501e-15 9.03721542044877e-15 1.01585406753202e-14 1.03028696685215e-14 8.91509088774001e-15 9.20374887414255e-15 8.63753513158372e-15 7.4495964952348e-15 7.02771174587724e-15 7.0832228971085e-15 1.23789867245705e-14 1.05448982878897e-13 -9999 -9999 -9999 -9999 -9999 -9999 -9999 -9999 -9999 -9999 -9999 4.67270666604236e-13 6.0063065632221e-15 2.28705943072782e-15 6.42819131257966e-15 1.46105350040671e-14 8.01581023779363e-14 4.37586633594833e-12 2.64139821126719e-12 5.82610160115848e-10 8.53801797262577e-08 2.17482383657597e-08 1.54839061350387e-08 2.42465322930485e-08 8.01453436949373e-10 1.30423425392934e-09 7.04980435140001e-09 2.54098202567832e-07 2.67467430425938e-07 4.64491662910405e-08 2.56115018970604e-08 4.03930202175218e-08 4.1970528608104e-09 1.01572548372175e-08
1.07025499573865e-14 1.03028696685215e-14 1.06914477271403e-14 1.11688436277291e-14 8.68194405256872e-15 8.67084182232247e-15 7.68274333040608e-15 6.61692922676593e-15 5.12923037376822e-15 5.72875080706581e-15 3.96349619791181e-15 3.68594044175552e-15 -9999 -9999 -9999 -9999 -9999 -9999 -9999 -9999 -9999 -9999 -9999 -9999 1.39777078800307e-14 1.98729921407903e-15 2.22044604925031e-15 3.34177130412172e-15 7.09432512735475e-15 1.232125512729e-13 9.78161995845994e-13 3.3100078233872e-12 8.16135448111765e-10 1.31395918145927e-07 2.87955423949882e-08 4.20012834290162e-08 3.83420701854931e-08 1.15082791296572e-08 4.35609204263443e-10 6.24870166721081e-10 1.18908694002329e-10 2.72645750420963e-10 2.97459112896803e-10 6.70633393262676e-10 1.21427834454124e-10 4.86692264267674e-10
1.28452803949131e-14 1.30451205393456e-14 1.41886502547095e-14 1.30118138486068e-14 1.19571019752129e-14 1.0502709812954e-14 8.24895707296491e-15 6.89448498292222e-15 5.75095526755831e-15 6.6658900621519e-13 7.6695205741828e-12 -9999 -9999 -9999 -9999 -9999 -9999 -9999 -9999 -9999 -9999 -9999 -9999 -9999 -9999 4.48974191158413e-14 1.14686038443779e-14 1.65423230669148e-15 1.77635683940025e-15 1.69531055860261e-14 1.87894144687562e-13 2.2292279133751e-12 7.40184580294567e-12 4.36990068575227e-09 2.11044192965915e-07 2.52565223402001e-08 5.9323127477029e-08 4.60142080849213e-07 5.28451427062038e-10 9.16600362277364e-10 1.21545673525958e-10 1.1490655094093e-10 7.371337984452e-11 6.33108121483872e-11 1.77230563558339e-11 2.17666773494329e-11
1.48769885299771e-14 1.56319401867222e-14 1.73083769539062e-14 1.4255263636187e-14 1.2712053631958e-14 1.13575815419154e-14 9.29256671611256e-15 7.14983627858601e-15 1.05582209641852e-14 -9999 -9999 -9999 -9999 -9999 -9999 -9999 -9999 -9999 -9999 -9999 -9999 -9999 -9999 -9999 -9999 -9999 3.0186964039558e-14 3.574918139293e-15 3.93352017624693e-14 5.06483743833996e-14 1.99840144432528e-14 1.98063787593128e-14 8.4954265844317e-14 3.87401222212702e-13 1.23252196448931e-08 7.8780968415515e-08 1.68791531862666e-09 1.16351530632386e-09 7.05926295196946e-10 2.82810708185366e-10 3.28221216872038e-10 1.99473759732172e-10 5.23320542455963e-10 3.36590133542813e-10 1.48312062631106e-10 3.45368178500394e-11
1.74527059471075e-14 2.00173211339916e-14 1.75859327100625e-14 1.71973546514437e-14 1.48880907602233e-14 1.16462395283179e-14 8.73745520379998e-15 6.12843109593086e-15 1.49547041417009e-14 5.52002887843628e-14 4.26738044900787e-10 -9999 -9999 -9999 -9999 -9999 -9999 -9999 -9999 -9999 -9999 -9999 -9999 -9999 -9999 -9999 2.70450328798688e-14 1.26565424807268e-14 1.47992729182533e-14 3.02202707302968e-14 7.68081154234324e-12 2.35289565608809e-13 3.58157947744076e-14 1.40787381752716e-13 1.52328150093695e-12 1.60139982163798e-08 2.39168987281602e-08 1.75470335150862e-08 5.07010631700666e-08 1.07077291477964e-10 6.22760731872063e-12 1.15085063701059e-10 2.31666519301399e-10 2.26672637326786e-09 1.54332913115951e-10 4.8224443327527e-10
2.1271873151818e-14 2.09277040141842e-14 2.3170354523927e-14 1.9417800700694e-14 1.61759494687885e-14 1.37112543541207e-14 8.32667268468867e-15 5.47339951140202e-15 3.530509218308e-15 2.4757973449141e-15 1.90958360235527e-14 -9999 -9999 -9999 -9999 -9999 -9999 -9999 -9999 -9999 -9999 -9999 -9999 -9999 -9999 -9999 -9999 3.74145159298678e-13 8.8928864272475e-15 2.05391259555654e-15 5.61772850460329e-14 3.32478489184496e-13 9.69890834312537e-14 5.03708186272434e-14 1.13242748511766e-13 2.64660681148499e-09 4.08393506790006e-09 2.61262034229048e-09 5.36672017936723e-10 3.17855741727158e-11 4.81718887002103e-11 8.92633744697946e-11 4.99721264368702e-10 8.02778066244514e-11 2.74112423870321e-09 7.96271004688265e-10
1.783018177548e-14 2.11719530796017e-14 1.91291427142914e-14 1.71196390397199e-14 1.55098156540134e-14 1.26121335597418e-14 8.1601392309949e-15 4.49640324973188e-15 3.47499806707674e-15 2.22044604925031e-15 3.74145159298678e-15 -9999 -9999 -9999 -9999 -9999 -9999 -9999 -9999 -9999 -9999 -9999 -9999 -9999 -9999 -9999 -9999 2.93851609711737e-12 7.82707232360735e-15 1.12909681604378e-14 5.71209746169643e-14 4.25659507641285e-14 2.67230682027275e-14 1.85962356624714e-14 6.55475673738692e-14 2.47442288880961e-11 1.32068712410671e-08 2.79732286223577e-08 6.89698109734849e-10 2.50096739762284e-08 2.90813617631613e-10 3.78741038531416e-11 1.9418655572423e-11 1.9136514595175e-11 1.81016757139218e-11 8.09252664879523e-12
2.03392858111329e-14 1.86628490439489e-14 1.67865721323324e-14 1.49213974509621e-14 1.34892097491957e-14 1.08801856413265e-14 8.31557045444242e-15 4.65183447317941e-15 4.64073224293315e-15 3.69704267200177e-15 2.4757973449141e-15 2.52575738102223e-14 -9999 -9999 -9999 -9999 -9999 -9999 -9999 -9999 -9999 -9999 -9999 -9999 -9999 -9999 -9999 -9999 1.7827295195616e-12 1.67643676718399e-15 6.18061157808825e-14 5.48927570065416e-13 9.771072839726e-14 1.91846538655227e-14 1.79600778693612e-13 9.67337321355899e-14 5.86164450311344e-12 3.22058768542632e-10 5.77355907527277e-10 1.14080542790163e-09 2.37454500506829e-13 1.1905032515358e-11 3.46139783502508e-12 1.13680176383468e-12 8.25024493167348e-12 1.63672408959314e-12
2.06057393370429e-14 1.79856129989275e-14 1.74527059471075e-14 1.41886502547095e-14 1.21125331986605e-14 9.24815779512755e-15 6.7390537594747e-15 4.56301663120939e-15 4.31876756579186e-15 2.72004641033163e-15 7.04991620636974e-15 2.17603712826531e-15 -9999 -9999 -9999 -9999 -9999 -9999 -9999 -9999 -9999 -9999 -9999 -9999 -9999 -9999 -9999 -9999 -9999 9.1926466438963e-15 1.7874590696465e-15 7.31636973227978e-15 1.06725739357216e-13 8.94839757847876e-15 4.91273688396632e-14 5.09037256790634e-14 2.50133247448048e-14 7.6527673087412e-13 1.71294867179483e-11 3.09047343272084e-11 2.74513745068816e-13 5.549005699379e-13 1.0419665130712e-12 2.39852582240019e-12 6.00486327329008e-13 1.23876464641626e-12
2.12829753820642e-14 1.73971947958762e-14 1.54543045027822e-14 1.29674049276218e-14 9.98090499138016e-15 8.1601392309949e-15 6.38378239159465e-15 5.04041253179821e-15 4.00790511889682e-15 3.56381590904675e-15 2.80886425230165e-15 2.38697950294409e-15 3.14193115968919e-15 -9999 -9999 -9999 -9999 -9999 -9999 -9999 -9999 -9999 -9999 -9999 -9999 -9999 -9999 -9999 -9999 1.23234755733392e-14 5.61772850460329e-15 1.26565424807268e-15 1.23234755733392e-15 1.02917674382752e-14 4.37427871702312e-15 4.2854608750531e-15 3.77586850675016e-14 5.17808018685173e-14 4.74253969429128e-13 3.34299254944881e-13 3.3539837573926e-13 5.13844522487261e-13 1.20687904114902e-12 4.37309521927887e-11 2.44470044208356e-10 8.66219318496064e-12
1.89293025698589e-14 1.50768286744096e-14 1.29563026973756e-14 1.10245146345278e-14 8.63753513158372e-15 7.03881397612349e-15 5.99520433297585e-15 4.89608353859694e-15 4.32986979603811e-15 4.2410519540681e-15 3.574918139293e-15 2.1316282072803e-15 1.7430501486615e-15 -9999 -9999 -9999 -9999 -9999 -9999 -9999 -9999 -9999 -9999 -9999 -9999 -9999 -9999 -9999 -9999 -9999 1.26343380202343e-14 2.4535928844216e-15 1.73416836446449e-14 2.16493489801906e-15 5.12923037376822e-15 5.37347943918576e-15 5.12923037376822e-15 1.68753899743024e-14 3.39617223232835e-14 1.25510712933874e-13 2.13951079075514e-13 9.9253938401489e-14 2.58471022362983e-13 6.85118628496184e-14 2.42961206708969e-13 1.11155529225471e-13
1.49213974509621e-14 1.28008714739281e-14 1.02362562870439e-14 9.41469124882133e-15 7.48290318597356e-15 6.18394224716212e-15 5.25135490647699e-15 4.47419878923938e-15 4.45199432874688e-15 4.06341627012807e-15 3.83026943495679e-15 2.68673971959288e-15 2.52020626589911e-15 5.18318721276501e-13 -9999 -9999 -9999 -9999 -9999 -9999 -9999 -9999 -9999 -9999 -9999 -9999 -9999 -9999 -9999 -9999 2.8554936193359e-14 6.90558721316847e-15 4.00790511889682e-15 3.81472631261204e-14 4.62851978966228e-14 5.78426195829707e-15 2.52020626589911e-15 6.91668944341472e-15 1.13353770814228e-14 1.3988810110277e-14 1.81965553736063e-14 2.22710738739806e-14 1.87816429075838e-13 1.44695366799397e-13 2.29738450485684e-13 6.16839912481737e-14
