Maxent_result_files_2/B_ruderarius_3.asc
NCOLS 594 
NROWS 330 
XLLCORNER -15 
YLLCORNER 23 
CELLSIZE 0.166666666666667 
NODATA_value -9999 
[rows 80 to 99 of 330, columns 322 to 367 of 594]
0.0348241843283176 0.00792193370871246 0.136492240428925 0.0240931824315339 0.00310921483905986 -9999 0.00505542806349695 0.0456218174658716 0.00765159614384174 0.00238022816483863 0.00438644837122411 0.109781689941883 0.0461283033713698 0.0145085562951863 0.00768661210313439 0.0406275007873774 0.0226958710700274 0.00651321057230234 0.0620310757309198 0.00750643559731543 0.00339081925339997 0.00291156998719089 0.00175724492873996 0.00290318957995623 0.00160951085854322 0.00440451841568574 0.0239678110927343 0.0723332017660141 0.0368026347830892 0.00749359067995101 0.00383927210932598 0.00740898195654154 0.00679819011129439 0.00174898059340194 0.00460014031268656 0.00639393525198102 0.00579185972455889 0.0061728079803288 0.00430513801984489 0.00689043249003589 0.00371444845804945 0.00397725645452738 0.00524640132207423 0.00930249183438718 0.00404097225982696 0.00438008409691975
0.00767158735543489 0.00357929030433297 0.00345553089864552 0.0024247475899756 0.00244337415788323 0.00416269593406469 0.00593804977834225 0.00456474601523951 0.00883256322704256 0.016313302796334 0.0689355365931988 0.0963578723371029 0.0423761839047074 0.0551716525107622 0.108052590489388 0.0658989481627941 0.0212602802552283 0.0955148875713348 0.104178466647863 0.0413268510252237 0.0177494007628411 0.00813436836469919 0.0183585495688021 0.00601501571945846 0.00472127138637006 0.00501591397915035 0.0113849050365388 0.0178166558034718 0.0111452761571854 0.00938695063814521 0.00703127544838935 0.00410956580890343 0.026333730481565 0.00357944776769727 0.00243524003308266 0.00299680402968079 0.00223161334870383 0.00801054248586297 0.0120645640883595 0.0300490271300077 0.0197882260195911 0.0111250974237919 0.0162629632279277 0.0167782868258655 0.0122465488500893 0.00205440184799954
0.00469889487139881 0.00210153054213151 0.00501851785229519 0.00628128671087325 0.00470009052660316 0.0104182742070407 0.00580828280653805 0.0012002158066025 0.00457902798661962 0.00775953033007681 0.00404595634900033 0.00592612149193883 0.00374508136883378 0.0165016463026404 0.0506861740723252 0.0697547808289528 0.0522600704804063 0.0267768176272511 0.0245545360259712 0.0477205475792289 0.0155270799063146 0.0182783780619502 0.0234653688967228 0.0173542870208621 0.0121218614280224 0.0256490889936686 0.0149514292366803 0.0248431287705898 0.00932009783573449 0.00322593721793964 0.00130334599525668 0.0043846545740962 0.0226952606812119 0.00715727519709617 0.0116367245092988 0.00407463095616549 0.00666061027441174 0.00460686992155388 0.01476871939376 0.0206871235743165 0.0172702913172543 0.00919173639267683 0.0142866710200906 0.00495548078324646 0.00693524801172316 0.00401277339551598
0.0166851989924908 0.0089440539944917 0.011848559929058 0.00775608033873141 0.00993042653426528 0.0210292527452111 0.0202136779204011 0.00981323746964335 0.00975872180424631 0.00915471436455846 0.0318353708833456 0.0463453823700547 0.0357249148190022 0.0343097588047385 0.0132848991081119 0.00600879162084311 0.00459208218380809 0.00449080504477024 0.0188977057114244 0.0123309500981122 0.0224164445884526 0.00697694180998951 0.0110028781462461 0.028509521856904 0.0134799484163523 0.00787742552347481 0.0865670286118984 0.0286815229803324 0.0128433685284108 0.00286494251340628 0.00106337814358994 0.00220866408781149 0.008831532811746 0.00949978928547352 0.0251475027762353 0.00564158069901168 0.00105096968472935 0.0157144804950804 0.00401735632913187 0.000682268566743005 0.013780920393765 0.0207427849061787 0.00511942792218179 0.01156259868294 0.0148046371527016 0.0106003704946488
0.0672216661274433 0.036791056394577 0.0338790895417333 0.0216474163345993 0.0560410257428885 0.0743062227964401 0.0121357951546088 0.00451238213572651 0.00824583931826055 0.00627138908021152 0.00431955825770274 0.0194956040941179 0.0217086306773126 0.0473746962845325 0.00842184559442103 0.0312757667154074 0.00957054127939045 0.0271605833433568 0.0388045625761151 0.010326826479286 0.0102922117337584 0.0131457195617259 0.0215787645429373 0.0827253349125385 0.0142711994238198 0.0134218896273524 0.0197365961968899 0.0225486103445292 0.0138725065626204 0.0228653087280691 0.0084509558044374 0.00452163268346339 0.00550159772392362 0.01367800203152 0.0238227230496705 0.049576411396265 0.0273650941438973 0.00593615502584726 0.0141728506423533 0.00581618275027722 0.00751470876857638 0.00837250617332757 0.0106930982787162 0.013287063036114 0.00774511247873306 0.0145939427427948
0.0136269444599748 0.00856069684959948 0.0218971721827984 0.0111228533554822 0.0169890343211591 0.0244914975017309 0.011400185059756 0.0120072592515498 0.014041297417134 0.00535972581710666 0.00442267479375005 0.00839026332832873 0.0132892383262515 0.00870954026468098 0.0107721330597997 0.0261383302509785 0.0291936248540878 0.0305171879008412 0.0149252058938146 0.0200209761038423 0.0093816673848778 0.00726144982036203 0.0188598221167922 0.014278752496466 0.01140166670084 0.00787529989611357 0.00888580752070993 0.0285851227119565 0.0370087742805481 0.0144385308027267 0.0251325936987996 0.025814413651824 0.0208830209448934 0.01213223868981 0.0085012071300298 0.00542072469834238 0.00413099697325379 0.00315503642195836 0.00433079274371266 0.00677062387112528 0.00388889857567847 0.00628789383918047 0.019358541443944 0.0115961854346097 0.0143430021591485 0.00928037553094327
0.0184484523721039 0.0131675180513412 0.0122751950286329 0.0471112538129091 0.0143257587216794 0.0176542670466006 0.0190142627805471 0.0236704358831048 0.0077228338457644 0.00536352153867483 0.00675475676544011 0.0103221864439547 0.00872422861866653 0.00511022447608411 0.00886870753020048 0.0145007765851915 0.0131811823695898 0.0301950013265014 0.0619810622185469 0.0547831077128649 0.00853644167073071 0.0149928682483733 0.0198440882377326 0.00793543644249439 0.00798415248282254 0.0134013876784593 0.00806990726850927 0.0225282395258546 0.0253718674182892 0.0116979701444507 0.0248343595303595 0.02811981420964 0.0854682091623545 0.0150491847656667 0.0137912571430206 0.00971810934133828 0.0146884202957153 0.0124716524034739 0.0121469047851861 0.00702572036534548 0.005746805598028 0.0439347514882684 0.0339136492460966 0.0165270796045661 0.0207599415443838 0.0129050016403198
0.0258093727752566 0.0235980518162251 0.0279776373878121 0.0222989110276103 0.00792941697873175 0.0182460997253656 0.00741031114012003 0.00288445309270173 0.00688064461573958 0.0061579677509144 0.00487734053749591 0.00348869495792314 0.00465993352700025 0.00461637293919921 0.00312198480824009 0.0025567798409611 0.00385732238646597 0.0210694666951895 0.0383980667218566 0.00644497014582157 0.00703047036658973 0.00816364311613143 0.00869168820790947 0.036612606421113 0.0415081407874823 0.00459542316384613 0.0140919372439384 0.00652475538663566 0.00552475699223578 0.00593876279890537 0.0101993674878031 0.0132815196178854 0.0678940143436193 0.0158229233697057 0.0173896298743784 0.0216293661855161 0.0333335297182202 0.0183319436386228 0.012792216334492 0.0166452731005847 0.0139276469126344 0.0188090200070292 0.0149630158208311 0.0128622034564614 0.00901771495118737 0.0105293234344572
0.046244627609849 0.00902641816064715 0.0272132705897093 0.009624640410766 0.00292883709771559 0.0054400222375989 0.00543021198827773 0.00296352979494259 0.00468657650053501 0.00350547853158787 0.00328099108301103 0.00154012654675171 0.00562773132696748 0.00284737512702122 0.00573737628292292 0.00696788663044572 0.00605582562275231 0.00342706752708182 0.00181957399472594 0.00307627172442153 0.00182957403012551 0.00660032648593187 0.00959565606899559 0.0224798122420907 0.00995398708619177 0.0209019090980291 0.0172433210536838 0.0176635973155498 0.0242079026997089 0.0123003255575895 0.00436614390928298 0.0175665817223489 0.0117310798726976 0.0121326539665461 0.0089238568674773 0.00648066052235663 0.0214520812034607 0.0112746065482497 0.0192228607833385 0.0191212008707225 0.0128288622014225 0.0135334855876863 0.0179200069047511 0.0116130845621228 0.00933195692487061 0.0187168599106371
0.028967791236937 0.01011988283135 0.0128291341476142 0.0847700349986553 0.00443750699050724 0.00932000423781574 0.00730261201970279 0.00613314942456782 0.00405915160663426 0.00763682154938579 0.00962917492724955 0.00140147200436331 0.00357266291975975 0.00484591647982597 0.0206947086378932 0.00753294881433249 0.00446793111041188 0.00437735996674746 0.00241452191257849 0.00311909858137369 0.0166029728483409 0.00493431533686817 0.00201673156116158 0.019634495023638 0.00630469026509672 0.0106166898272932 0.0255886493250728 0.00744678531773388 0.033799621462822 0.0112326575443149 0.0240946526639164 0.0155550026334822 0.0106329633388668 0.0122948357835412 0.00946359015069902 0.0110319232102484 0.00617003517691046 0.010804104199633 0.012101655267179 0.0077267284039408 0.0108476620633155 0.00557011063210666 0.0100863935425878 0.00875716041773558 0.0136504488997161 0.0114090946502984
0.0449442703276873 0.0298836981877685 0.0405897986143827 0.00325874742120504 0.00380899109877646 0.00766467694193125 0.0104868267662823 0.00541838179342449 0.0179683457128704 0.0030873516574502 0.00687713520601392 0.00152459914097562 0.00163044802611694 0.00275647407397628 0.00232229626271874 0.00169166114064865 0.0168639249168336 0.00706993392668664 0.0102264418266714 0.00417103075888008 0.00407415037043393 0.0039291579509154 0.00217829475877807 0.0192247393541038 0.0118961789179593 0.00531046006362885 0.00196995238075033 0.00444115914870054 0.0157243716530502 0.0193729281425476 0.0174931257031858 0.0294583536684513 0.00852724546566606 0.0232684880495071 0.0081941993907094 0.00533863082528114 0.0058383418712765 0.00469202669337392 0.00990313859656453 0.0094577569514513 0.00497744132298976 0.00591157872695476 0.00957369836978614 0.00334044112823904 0.0108203293755651 0.00687583880499005
0.0690447475761175 0.0598449219018221 0.0123391609638929 0.00329932984896004 0.00233026961795986 0.0047269806265831 0.00434619337320328 0.00710504124872386 0.00208386454032734 0.0126406860537827 0.0154541039839387 0.00201761547941715 0.00271416893228889 0.00177624080097303 0.00686048064380884 0.00242158777546138 0.00433091926388443 0.00157233836362138 0.00134820798411965 0.00147213533055037 0.00287941431161016 0.00465629100799561 0.0017483162228018 0.0085754141677171 0.00431467050220817 0.0358464160002768 0.0238995932042599 0.00288225187687203 0.00252405039500445 0.00331316590309143 0.00708465524949133 0.0144366169348359 0.021566548384726 0.0487950604408979 0.0821667924523354 0.0263289699330926 0.0391392059624195 0.0156566312536597 0.0113345077261329 0.0248020006343722 0.00652254265733063 0.0121512493118644 0.0184674919582903 0.0124714409932494 0.0288212722167373 0.0582380674779415
0.0462193347513676 0.0157609092071652 0.0133851520717144 0.0108567820861936 0.00878741256892681 0.00457335284445435 0.00463405488990247 0.0062232387252152 0.00520929771009833 0.00124800271587446 0.0169125651940703 0.0229423280805349 0.00358237698674202 0.00190251241438091 0.0012223269965034 0.00176871346775442 0.0036165835801512 0.00688039413653314 0.00227936980081722 0.00210816622711718 0.00215383026516065 0.00421285275369883 0.00638126358389854 0.00951797040179372 0.00294801520649344 0.0135938173159957 0.00134420336107723 0.00150427860207856 0.00411704148864374 0.00770035642199218 0.0283282304182649 0.011635759472847 0.00440892078913748 0.00463518109172583 0.0292571343481541 0.0118095602840185 0.0167964372783899 0.00850934353657067 0.0154650683514774 0.0130074425600469 0.0171657094731927 0.018961807154119 0.0136129582300782 0.0124782480299473 0.00991358933970332 0.0123083767481148
0.00359356964472681 0.00289773342665285 0.00703711453825235 0.00531705827452242 0.0042118857614696 0.00470193272922188 0.0309404293075204 0.0110740252304822 0.00393835068680346 0.00271857130574062 0.00185071728774346 0.00345339105697349 0.00237290271325037 0.0017736689420417 0.00458110871259123 0.00303905457258224 0.0100007703527808 0.00749505385756493 0.00431951903738081 0.0117380027659237 0.0103425558656454 0.00959795461967588 0.0177215194329619 0.0035167871741578 0.00565462338272482 0.0148662750609219 0.00721922884695232 0.00220039055566303 0.00210755140869878 0.00223469912307337 0.00692352885380387 0.00560065365862101 0.0172355034854263 0.0200707014650106 0.00417926069349051 0.0172544387169182 0.00399553454481065 0.00259352423017845 0.00874794069677591 0.051424703374505 0.00898880367167294 0.00462151626124978 0.00894425977021456 0.0114743314683437 0.0113438843749464 0.0111076779663563
0.00367206581868231 0.00502520564477891 0.00652052168734372 0.0203428562730551 0.00676298583857715 0.00495169355999678 0.00505412893835455 0.00184638437931426 0.00192022053524852 0.0082532009575516 0.00289099693764001 0.00158087368472479 0.00552473831921816 0.00480715841986239 0.00352073714602739 0.00459540791343898 0.00408819944132119 0.00915507934987545 0.00307522490620613 0.00370405027642846 0.0106218965724111 0.0175779076293111 0.0176016060635448 0.00795510094612837 0.00168785637943074 0.0161462211050093 0.0104374893475324 0.0024076561210677 0.00289721058215946 0.00195204959600233 0.00249083209782839 0.00163721281569451 0.00382723084185272 0.0139964519068599 0.0140720693394542 0.00246847530361265 0.0133083842229098 0.020118369627744 0.0520588349550962 0.0048008271958679 0.0134910873137414 0.00438368115574121 0.0511081103235483 0.0326884042471647 0.0135492499917746 0.00521852695383132
0.00392567687667906 0.015264196228236 0.003437061724253 0.0104132030159235 0.00956831690855324 0.00552332478109747 0.00150276120984927 0.00138682075194083 0.00175342408474535 0.00235288860276341 0.00194129274459556 0.00175661073299125 0.00460906259249896 0.00170719193993136 0.00179063060786575 0.00284147346392274 0.0283626314252615 0.0106249193660915 0.00963998362421989 0.00305098046083003 0.00216298722662032 0.00253305067308247 0.00135662995744497 0.00167971262708306 0.0405554350465536 0.0251560052856803 0.00576309191528708 0.0031113974750042 0.00548754879273474 0.00428653904236853 0.00280470713041723 0.00234880245989189 0.00327368909493089 0.00299641627352685 0.00432366533204913 0.00287636362481862 0.00184059350867756 0.00146114995586686 0.00737695880234242 0.0169897220097482 0.00295149300945923 0.00644687837921083 0.00685492125339806 0.0040892465505749 0.0156348864547908 0.00975085450336337
0.0134907430503517 0.00883165164850652 0.0458526816219091 0.00999234402552247 0.00595247389283031 0.0035303933895193 0.00474963271990418 0.00240958830108866 0.00259906405117363 0.00290727911051363 0.00247258543968201 0.00284816204803064 0.00424589840695262 0.0156397426500916 0.00495735569857061 0.00276432629907504 0.00488419570028782 0.00806703795678914 0.00252816001884639 0.00158911472535692 0.0107268629595637 0.00177662054775283 0.00150251023587771 0.00815842621959746 0.00670415540225804 0.00167118991957977 0.00133504235418513 0.00893808300606906 0.0149862558580935 0.017383795324713 0.0212173013016582 0.0161694651469588 0.00824125180952251 0.00527805252932012 0.00427914676256478 0.00616620532236993 0.00837809932418168 0.00697785411030054 0.0167188622057438 0.00132949484977871 0.00454582122620195 0.0100216153543442 0.0135218836832792 0.00559947500005364 0.00497794793918729 0.0133217170834541
0.0100682789459825 0.00273761621210724 0.0177465508691967 0.0232852764427662 0.0048943197587505 0.00305489331949502 0.00452730436809361 0.00934351710602641 0.00588410310447216 0.0261825043708086 0.00254564043134451 0.00143313644803129 0.00655798153020442 0.0268828053027391 0.00950285843573511 0.00938181150704622 0.00191046203253791 0.002692697243765 0.00281370710581541 0.00218547052936628 0.0014440301049035 0.00113582336343825 0.00175695276120678 0.0142990129999816 0.00445163366384804 0.00788481696508825 0.00797934480942786 0.00209244708530605 0.0057677601929754 0.0142587798647583 0.0214259689673781 0.00669905482791364 0.00510983136482537 0.0447160862386227 0.00651833135634661 0.00316956869792193 0.00939823342487216 0.0142183248884976 0.0142618861980736 0.0205024443566799 0.0597722548991442 0.0356713341549039 0.0238343949429691 0.00125295123434626 0.00124690033844672 0.00986487683840096
0.00861744335852563 0.0421247437596321 0.0109886138234288 0.0162876679562032 0.0041820241138339 0.00425916542299092 0.00491735346149653 0.00854423688724637 0.00932965050451457 0.0050517441239208 0.00235441286349669 0.00170495831407607 0.00174587100045755 0.00841949954628944 0.00372775048017502 0.00244868812151253 0.00139078961801715 0.00700164576992393 0.00226575336419046 0.00794463232159615 0.0062995380256325 0.00167598954867572 0.00557379424571991 0.0277107317000628 0.00560133480466902 0.00243563416879624 0.00328548843972385 0.0033668160205707 0.0015183279349003 0.00269668007967994 0.00566438823007047 0.003436209121719 0.0017399983596988 0.011398988077417 0.00113384381402284 0.00202199313789606 0.00292436721501872 0.00161490321625024 0.00161351044662297 0.00481151903513819 0.0016350471531041 0.0221475532278419 0.0201593481935561 0.0685061987489462 0.0112534621730447 0.00981691055931151
0.0611938040703535 0.0229180986993015 0.0105455522891134 0.012121213413775 0.00590199292637408 0.00443795896135271 0.00615984892938286 0.0105987226124853 0.0189685318619013 0.00262279919115826 0.00334720677928999 0.00177922851871699 0.00311631362419575 0.00288700914243236 0.00160363519680686 0.00160456373123452 0.00160956776817329 0.00154282517032698 0.0021824294468388 0.00146364290849306 0.0103054590057582 0.00202725322451442 0.026960333622992 0.0793705686926842 0.00860311966389418 0.00132479218882509 0.00147524861968122 0.00211627840762958 0.0014008543046657 0.00688729560934007 0.00926568298600614 0.0019764591474086 0.00133694202522747 0.00171342875109985 0.00172979517374188 0.00109732529963367 0.00122142905602232 0.00105731345829554 0.00150693777832203 0.00231051211012527 0.00271342223277315 0.000960801140172407 0.000958381814416498 0.00258999823126942 0.00307242937851697 0.0386251520365477
