Maxent_result_files_2/B_rupestris_2.asc
NCOLS 594 
NROWS 330 
XLLCORNER -15 
YLLCORNER 23 
CELLSIZE 0.166666666666667 
NODATA_value -9999 
[rows 220 to 239 of 330, columns 322 to 367 of 594]
-9999 -9999 -9999 -9999 -9999 -9999 -9999 -9999 -9999 -9999 -9999 -9999 -9999 -9999 -9999 0.0115480795333351 0.0746606953442097 0.136462643742561 0.0707454442977905 0.106133455783129 0.00608953729338282 0.10761329755187 0.1413529753685 0.0802593575790524 0.0458888197317719 0.0589733377099037 0.0359916366636753 0.00900732695590705 0.0271054703742266 0.0346702694892883 0.0234397353604436 0.0207487611100078 0.0216681238263845 0.0273033013567328 0.0154944317415357 0.0129024317488074 0.0109621464507654 0.00573100820183754 0.00287856895010918 0.00269810259342194 0.000930082843115088 0.000453950550883064 0.000607983002555557 0.000164558299547934 0.00144031930249184 0.0013210509205237
-9999 -9999 -9999 -9999 0.100736689567566 -9999 -9999 -9999 -9999 -9999 -9999 -9999 0.0556893318892212 0.0264947804622352 0.114076501131058 0.0930258814245462 0.114256127178669 0.107763130962849 0.00484264828805863 0.000145347323508838 0.190419328212738 0.125231548026204 0.0724801026284695 0.051466429233551 0.0370555676519871 0.0371924392879009 0.0188452981412411 0.00964836049824953 0.0313058856874704 0.0102795911021531 0.0154922269284725 0.0106164994183928 0.00870604068040848 0.0178769912570715 0.0218519009649754 0.0176867220550776 0.0192839665338397 0.01219124160707 0.0128141808323562 0.00180037136888132 0.00300048086501192 0.00118927856601658 0.000571337097790092 0.000201917183949263 0.000262137936078943 0.000243867551762378
0.0314551048025153 0.0499765735119581 0.216061192750931 0.0839270733296871 0.128896476328373 0.0740594748407602 0.0333992767031305 0.0605323672294617 0.0937095195055008 0.0411045521497729 0.022687098942697 0.118265581130981 0.0683503104373813 0.0884436883032322 0.0810521144419909 0.104995391145349 0.0718624472618126 0.00366849028505385 4.02388253388675e-05 0.00022502377565593 0.000217441656643191 0.0663214780390263 0.0270908070728183 0.0178976383060217 0.0122356342151761 0.00778950517997146 0.0219744894653559 0.003470269148238 0.00544375292956829 0.00388423977419734 0.00114674621727318 0.00190861408482306 0.0102964286692441 0.0039957975037396 0.0119334239512682 0.0203605782240629 0.0148070544935763 0.00816033175215125 0.0216593904420733 0.0158057286404073 0.0200116895837709 0.00294692288152874 0.00221677487716079 0.000928605161607265 0.0012538607174065 0.000448464054352371
0.232035854458809 0.201228816062212 0.21311628818512 0.128065270185471 0.164230647683144 0.138061897456646 0.174152907729149 0.207675755023956 0.190204310417175 0.174223253130913 0.165723514556885 0.168319889903069 0.142842220515013 0.138477866351604 0.0576690128073096 0.0547524146735668 3.98213269874548e-05 2.81385093268915e-05 0.000225152216247326 1.8549745701002e-05 1.20354586461091e-05 0.0238136015832424 0.037766806781292 0.0214474243111908 0.0118026373907924 0.00895470399409532 0.00220425464212894 0.000291040123556741 0.000230642037058715 2.39309018070344e-05 4.96378503157757e-05 0.000442451015987899 0.00488988542929292 0.00179856698960066 0.00621826881542802 0.00605030208826065 0.00631337552331388 0.0204738844186068 0.0371870994567871 0.0108357206452638 0.0124630490317941 0.0151970524340868 0.00525949872098863 0.00207533584907651 2.4625387293975e-06 0.000131289521414146
0.0176895851269364 0.0159128407016397 0.080604499578476 3.73161952024081e-05 0.002051710721571 0.0150547619909048 0.0179899509064853 0.0503644071519375 0.0764824196696281 0.0958209969103336 0.0927340984344482 0.0969922497868538 0.0148255985230207 0.0210509617812932 0.0729857966303825 0.00339680147590116 0.0258598424494266 0.0218184823170304 0.0283164521679282 0.0221997562795877 0.00481586456298828 0.0020686064613983 0.0224728096276522 0.0281527236104012 0.0104495909065008 0.000914122560061514 0.00027156857540831 0.00829365327954292 0.00151146436110139 6.39232375760912e-06 1.41215325129451e-05 0.000507050065789372 0.00550624197348952 0.00504476269707084 0.003620540862903 0.00381288160569966 0.00510941119864583 0.014243638352491 0.00896082893013954 0.0212190747261047 0.0104628941044211 0.0105812167748809 0.00623394399881363 0.00427374010905623 0.00941872671246529 0.00185749037773348
0.00138382004224695 0.00553124994039536 0.00680872625671327 0.00681192241609097 0.0100803431123495 0.00314036714844406 0.00144830579811241 0.00144184954697266 0.00171329649165273 0.00164291574037634 0.00124525409773923 0.00134076813119464 0.00219976326916367 0.00681450446136296 0.00949531574733555 0.0229622645769268 0.00977137302979827 0.0165678210556507 0.0274673525243998 0.00245193172013387 0.00911660101264715 0.00391965296585113 0.0122275285422802 0.0124690532684326 0.0038663003128022 0.00219008922576904 0.00372585786972195 0.00364957097917795 0.000820842396933585 4.80705687095906e-06 8.89328499624753e-06 0.000264929563854821 0.00108713982044719 0.0045412071980536 0.00121872681193054 0.000662133732112125 0.00451245186850429 0.00587945162551478 0.0567419469356537 0.00945315603166819 0.00665636202320456 0.0135072788223624 0.00631342360284179 0.00671871323138475 0.00787318367511034 0.00660342648625374
0.000946781196398661 0.000740660168230534 0.000377462289179675 0.00411859974265099 0.000955242436612025 0.00117506105452776 0.000456568163644988 0.000294516176654724 0.000104793751233956 0.000792151706991717 0.000508914228703361 0.00157996081979945 0.00139184293220751 0.00281574273249134 0.00413544037146494 0.012133769178763 0.00782648357562721 0.0226538088172674 0.0161766747012734 0.0060765462461859 0.00211276435875334 0.0021025937050581 0.00559800826013088 0.00338780074380338 0.00193938572192565 0.00409142225980759 0.000915541622089222 0.00277658100239933 0.000429888244252652 1.97484190721298e-05 1.47523134955918e-05 1.50479815602012e-05 1.19563471798756e-05 0.000123983335925004 0.000687264206317195 0.00246467401884729 0.000559376907767728 0.00227592302835546 0.0153008738998324 0.00942705166526139 0.00424111564643681 0.0130612548440695 0.00957299508154392 0.00393919032067061 0.0123496018350124 0.00995554318651557
0.000907598284538835 0.000370404074055841 0.000323571315675508 0.000397948327008635 0.000288069754606113 0.000145140390304732 0.000150603889414924 0.000187220744555816 0.00026149892291869 0.000466445712663699 0.000366486671555322 0.000548235733003821 0.000609581559547223 0.000888889856287278 0.00170992962084711 0.00452031861059368 0.00547146126627922 0.00233605218236335 0.00111557186464779 0.000802058013505302 0.00011207213938178 7.75710025664011e-05 0.000135931107433862 0.000982760661281645 0.000209540469222702 0.0014878201414831 0.00609390763565898 0.00110598228638992 0.000284010622999631 1.97224185171763e-05 3.95852321446455e-06 3.82174804599344e-05 0.000178319526276027 0.000179500135459421 0.000786872335629596 0.000265020209371869 0.000108779611764476 0.00277825663797557 0.0074568466283381 0.0269991397857666 0.0336404088884592 0.00859627611935139 0.0061282753944397 0.0099611840210855 0.019548224657774 0.0420744031667709
0.000539643381489441 0.00178870838135481 0.000177555602931534 0.00015602549938194 0.000112341840576846 0.000256240364979021 0.00034874887787737 0.000267720283591189 0.000114598746586125 8.26937357487623e-05 8.28934833407402e-05 7.9920313146431e-05 0.000275742379017174 0.000508399942191318 0.000334665129776113 0.00931755662895739 0.00157613590126857 0.00230688955634832 0.000555620453087613 0.000100060691511317 0.000321650647674687 0.000765369518194348 0.00156182138016447 0.00109581688593607 0.00067599696922116 0.000548865443852264 0.000895951339043677 0.00211991888936609 0.00153116762812715 0.00117269607726485 1.69224421142644e-05 7.06761169340098e-06 1.18287455649124e-05 4.95575937975445e-06 2.8155624363535e-06 6.23561865495503e-05 5.47350498436572e-05 7.73419591496349e-05 0.00164301097393036 0.00111029091640376 0.00785325476899743 0.00228662564186379 0.0017177764500957 0.0102381519973278 0.00343255257466808 0.019620006531477
8.09847420896403e-05 7.67972436733544e-05 7.9670206469018e-05 5.84690045798197e-05 0.000351611920632422 0.000948569510364905 0.000422184108174406 0.000101114298013272 4.80333095765673e-05 7.22554603271419e-05 3.16727222525515e-05 4.38033772297786e-05 0.000154257442409289 0.00024028959160205 0.00106678528245538 0.0012169429595815 0.000407854783406947 0.000351880155358231 0.000482782766630407 0.000607353341183625 0.00078423250670312 0.00557492729276419 0.00330949537456036 0.000714896782301366 0.00162354093044996 0.0019016137579456 0.00554795661009848 0.00194444819353521 0.000882455671671778 0.00720032909885049 0.00107514592818916 0.000308434046746697 2.18718575979437e-05 0.0632427432940148 1.41803246947347e-05 8.96534326244591e-07 2.27431761175012e-06 3.23037744237809e-05 2.34649764024653e-05 6.06216051892261e-05 0.00018557486764621 0.00198321905918419 0.00789894843474031 0.00125442484277301 0.00171429386246018 0.0292050247080624
1.38117537517246e-05 8.48266045068158e-06 1.9715891994565e-05 2.81308803096181e-05 5.28616552401218e-05 0.000376948999473825 0.000222532448242418 1.44012345572264e-05 1.95786961739941e-05 1.14710840080079e-05 2.03096871246089e-05 2.51802400271117e-05 3.64120765880216e-05 3.88461772672599e-05 0.000193286568173789 0.000170100356990588 0.000129002170797321 0.000138527272792999 0.000119490000361111 0.000179934923653491 0.000182176045200322 0.000165237991313916 0.000149722107016714 0.000145240388519596 0.000234731551609002 0.000286040065111592 0.000298609145102091 0.00154377110302448 0.0016511106165126 0.00041747070645215 0.000196109246826381 3.13402794063222e-05 1.97086062144081e-05 3.56849888476063e-05 6.01135379838524e-06 1.10630476033435e-06 6.107783327991e-07 1.12792383632154e-05 1.85942706536935e-05 0.000212115101930976 0.00054538371914532 0.00551001662388444 0.00731969801709056 0.0163790382444859 0.0042104538762942 0.0116904575377703
1.51191468830802e-05 7.42244290449889e-05 4.91347605930059e-05 9.49896073052514e-06 8.49330822347838e-06 9.18487614399055e-05 9.19209198855242e-06 5.07974142465173e-06 1.04384175756422e-05 4.74251297646333e-06 8.3908338638139e-06 2.18131180190539e-05 2.37578786254744e-05 3.10838269797387e-05 3.27273755829083e-05 9.43190316320397e-05 0.000280506547278492 8.06369458587142e-05 3.95797484088689e-05 5.66483086004155e-05 7.97820921434322e-05 4.9175150161318e-05 6.66199433908332e-05 7.68342988521908e-05 0.000102700589195592 0.000155952761997469 0.000389634104794823 0.00118632785743102 0.002203961298801 0.00314888209104538 0.00505259307101369 0.000611393981671426 0.00012968395894859 6.19151672253793e-05 7.5278220947439e-06 1.37263592023373e-05 1.68731952747692e-06 7.527111753447e-07 0 0 0 4.31314241723157e-05 0.00249997444916517 0.0152676217257977 0.0149407697841525 0.0274393625557423
1.2057465437465e-05 1.37815528887586e-05 1.46272501297062e-05 1.08848965282959e-05 4.16079828937654e-06 9.75785490027192e-06 2.01557348873393e-06 2.14711927242206e-06 2.75330780823424e-06 1.38285884645484e-06 1.67306259868383e-06 2.70658820227254e-06 8.69572693318332e-06 8.02484898940747e-06 5.73177348996978e-06 6.37289638234506e-06 1.74118027189252e-05 2.16267800169589e-05 1.4245178681449e-05 2.05951737370924e-05 1.65918067978055e-05 3.66330661563552e-05 2.92086973786354e-05 3.305225936856e-05 0.000108996198832756 0.000325986801180989 0.00018269360953127 0.000265548841707641 0.000531476517789997 0.00111993303580675 0.000472062223707326 0.000229755839245627 0.000356136374466587 0.000247032674087677 6.06222845817683e-05 1.98743203327467e-05 1.0418660977507e-06 5.18102759983208e-07 4.03334677834266e-07 0 3.53449938188533e-06 4.36274383730506e-06 5.2816853258264e-05 0.000384699509595521 0.0156266605481505 0.020516917295754
2.95581839964143e-06 1.79380319877964e-06 1.04084013514694e-06 8.72611676072665e-07 4.60442097960367e-07 1.90330154481444e-07 1.7463186736677e-07 7.78204203299993e-08 2.57576618878375e-07 1.00881149762699e-06 3.48994865362329e-07 2.6014572654276e-06 1.3091500761675e-06 4.24916979682166e-06 5.2400682420739e-06 4.65798077584623e-06 2.48981299364459e-06 2.66404452986535e-06 4.58346639788942e-06 3.53847210590175e-06 9.20006459637079e-06 5.88592942222022e-05 9.40490763241542e-06 2.64814444562944e-05 2.38801480008988e-05 5.07214275785373e-05 5.10723948536906e-05 0.000370071915676817 0.000642164796590805 0.000192438132216921 0.000276478032174055 0.000116904312744737 0.000136097993163276 0.000357179251295747 0.000242598270415328 2.66262748937152e-05 6.24938907094474e-06 2.65593371207018e-07 7.18056537785117e-08 3.20224256178392e-07 5.5186606324753e-07 4.77994330694287e-07 1.01406396648684e-06 3.28156496152587e-05 0.00305797732435167 0.00528543319087476
4.05545690840281e-07 1.77025061276481e-13 1.53670941926976e-06 1.92148274191783e-07 2.50955585556767e-07 6.14524626740831e-08 8.17745696934935e-08 1.030547068126e-07 1.84388404989022e-07 3.43851424133845e-07 3.8134853923566e-07 6.74821728807729e-07 1.54646046723883e-07 2.13504371515683e-07 8.77834335710759e-07 5.78892553448895e-07 5.11270991410129e-06 6.22424104221864e-06 1.32837228079552e-06 1.53642400277931e-06 2.00085921733262e-06 1.85356382644386e-05 1.45223241361236e-05 2.38343191085733e-05 6.28308895102236e-05 5.85017465709825e-05 3.79223232812365e-05 9.24005171261122e-06 8.17056243249681e-05 5.13884946485632e-05 0.000578889879398048 0.000171295950713102 6.75909299388877e-05 9.71290450252127e-05 0.000110981500074558 4.64178666334192e-05 8.17160491806135e-06 1.80394198707745e-06 7.63124970859508e-07 2.87216591043915e-07 3.01974081651224e-07 5.65266934482445e-08 3.09817700028248e-07 7.06033968711495e-07 7.75560432373368e-06 2.61882263743463e-06
5.46382389643441e-07 1.6379306316594e-06 4.62553575744096e-06 1.26057470879459e-06 9.25968369669405e-07 3.65177302841246e-09 1.5110685609443e-07 3.77534763629228e-07 7.73604909909409e-08 9.38371133685223e-08 9.27706828690589e-08 7.9984128475985e-08 3.37834798358472e-07 2.01963796371274e-06 1.29470774368201e-06 1.76880892013287e-06 5.86595187996863e-06 1.77224969320378e-05 8.10244200692978e-06 2.8749898319802e-06 4.12274366681231e-06 5.44006170457578e-06 2.60255728790071e-05 2.68933026745799e-05 0.000142697978299111 0.000105837879527826 4.11559876738465e-05 3.28989396621182e-05 2.14069927096716e-05 7.91613059845986e-05 6.35868100289372e-05 8.06861749879317e-05 4.72471123430296e-05 6.39464291452896e-05 0.00012376787562971 2.81885725144093e-05 9.56108248715282e-06 1.50449822484688e-06 7.76885977415986e-07 1.21853640422387e-07 1.02881450236847e-07 3.57047435439739e-07 3.62632929977735e-06 3.05310232704414e-06 1.55198681355273e-06 4.75439648894849e-07
6.57835025208442e-07 2.70319278570241e-06 6.52313055979903e-06 1.47758957609767e-05 2.08968772312801e-06 5.10486000848687e-07 2.67771565631847e-07 3.16398080713043e-07 1.58131230776348e-07 3.98085408193083e-08 2.08431559123312e-08 3.22058839152817e-08 1.51639682144378e-07 1.41540647646821e-07 1.49019755468771e-07 6.85278973833192e-07 1.1362658597136e-06 5.20753746968694e-06 9.14887405087939e-06 4.07326362619642e-05 2.59351161275845e-06 7.77390555413149e-06 3.12227020913269e-05 1.43656184718566e-05 2.32956836043741e-05 3.61755046469625e-05 3.75190266822756e-05 1.43635599215486e-05 0.000104820852720877 5.86725975153968e-05 6.09171673204401e-05 4.55099590908503e-05 3.9144716993178e-05 4.21383082539251e-05 5.35651778591273e-05 5.77947404053702e-05 7.13522135811218e-06 1.11026504555412e-05 5.85074069547886e-07 3.01329200369516e-08 7.37234489900373e-08 3.79966403230014e-07 6.44711838404532e-07 2.37523702537601e-06 3.9787471465047e-06 2.0183663693274e-06
2.59806980466237e-05 8.51742409935241e-10 5.3060090863255e-07 1.82763064913161e-06 3.22534884844572e-07 2.57475377907213e-07 7.33371898320456e-08 3.68061851219181e-08 4.08515358429895e-08 5.89387504135175e-08 5.39034196833654e-08 4.74550606810453e-08 4.89512292034533e-08 5.61658886510941e-08 6.56841734780755e-08 1.04703011061247e-07 2.69611211933807e-07 6.37151579496731e-07 1.86074785233359e-06 2.7453672601041e-06 1.31320070977381e-06 1.46484675497049e-05 2.35450703257811e-05 2.24988089030376e-05 2.23984767217189e-05 2.91540654870914e-05 3.29072070599068e-05 6.9535149668809e-05 7.93495571997482e-05 4.5400217641145e-05 5.60657570531475e-05 3.06211459246697e-05 5.05898870869714e-05 4.43707760496181e-05 2.87110809495061e-05 1.65823523047948e-05 1.03977018142132e-06 5.3303687614914e-07 1.75839874927419e-07 3.26324914379228e-07 1.34181251887355e-08 6.71389177497872e-07 1.18117610270474e-06 3.73375018014599e-07 3.38682673817203e-07 7.23476928499167e-07
9.58014095431281e-07 1.94879532955383e-06 6.10491166508353e-09 4.22963335466875e-09 1.16944713823841e-07 2.83918350874046e-07 1.46476284044184e-06 8.40032114979294e-08 2.79988395135433e-08 7.71605904503758e-08 4.06114804718527e-07 7.25465199025166e-08 7.89777736542874e-08 6.8756770588152e-08 2.70157937132254e-09 4.98633131051918e-07 3.89285037272202e-07 1.75931324974954e-07 5.81365643625986e-08 6.12128013699476e-07 5.41773002282753e-07 9.74000730025182e-07 1.30384294152464e-06 1.96671719550068e-06 5.76708614516974e-06 4.38539893366396e-05 2.60333785263356e-05 2.3084701388143e-05 1.4589428195988e-06 2.64028897618118e-05 3.54772187165509e-05 2.90859023152734e-05 5.01947803059011e-05 1.68578190368862e-05 2.3612438053533e-05 8.36950039229123e-06 4.04683587476029e-06 9.11190636543324e-07 0 0 0 1.62099361773471e-06 2.35846776508453e-07 2.0349586105084e-07 1.21700362276655e-07 1.26720462256813e-07
4.55692611467384e-07 6.33750840961511e-07 5.94130699482776e-07 6.39034692540008e-07 7.54940601837006e-06 1.37907536554849e-05 9.64293649303727e-06 2.4757973449141e-15 9.01224175322568e-06 9.08025676835678e-06 4.79784921481041e-06 5.57427474632277e-06 5.45526299902122e-06 1.68475171449245e-06 4.03107687816373e-06 4.18835452364874e-06 5.23689195688348e-06 1.98782622646831e-06 3.52967113315117e-08 1.32660893381598e-10 3.07775323449277e-08 1.62843541318125e-07 2.39424836934177e-07 5.03953995689699e-07 1.28689151210892e-06 4.76702340392876e-06 2.79242702845295e-06 4.17116556263863e-06 4.98244814934878e-06 1.24933149891149e-05 1.85603523277678e-05 2.88044718217861e-05 1.17326450435939e-05 9.85937167570228e-06 1.30001767956855e-05 1.82575556664233e-06 3.01893294363254e-06 6.27091975502481e-07 0 0 0 0 1.22719292861007e-07 1.16031369135072e-07 2.11846185180775e-06 5.21289642989586e-05
