Maxent_result_files_2/B_rupestris_2.asc
NCOLS 594 
NROWS 330 
XLLCORNER -15 
YLLCORNER 23 
CELLSIZE 0.166666666666667 
NODATA_value -9999 
[rows 100 to 119 of 330, columns 506 to 551 of 594]
0.000613952956246067 0.000807924653085479 1.99116076734618e-05 0.000464428759596558 2.98901029611498e-05 0.000823823129758239 0.000756169622763991 3.60303726854028e-08 5.91320876267787e-05 7.59283516649223e-07 6.85054202254065e-09 1.86368716295071e-05 4.634088978972e-06 0.000543199526206772 0.000892181648497281 2.70910453814555e-07 0.000159764304544296 0.00165394531281891 0.000173110027704482 1.08782313394062e-05 4.32257543248049e-07 6.75123005699163e-05 0.00292453763249796 0.101299215143081 0.130727298557758 0.117957004439086 0.000112740651162513 5.08363281526147e-06 1.41915616252764e-05 1.86343011730372e-05 5.3613709536382e-07 3.34776513597035e-05 5.97342894248509e-07 0.00103540196744554 0.000765436111196927 2.17659453632946e-06 2.60893797499051e-05 0.000940178101882339 0.000576124084182084 0.000353791122324765 0.000556654552929103 0.000307097588724226 0.000364282436203212 0.00034220649395138 0.000440472550690174 0.000323881348595023
0.00154318707063794 0.00143113511985575 0.0017892069690788 0.000158366530446052 0.00119593054987844 0.00103050190981422 0.000687188236045377 0.000170300304549365 0.00054781216868145 9.26805956724674e-07 1.29819235022977e-06 2.19837631596498e-06 0.000275405289721675 2.24694270451797e-05 0.000984447235532571 0.000514825870050117 5.46805937119643e-05 0.000383715407224372 1.13042062525048e-05 0.00108201327966526 4.53738020951278e-05 0.000650338781179016 0.000136461037727642 0.00067653672050193 5.34037590781411e-06 7.59129691695337e-05 0.00163991248655293 1.54967005776552e-06 9.70047192595303e-05 2.44770798925487e-05 0.00309087311051108 0.00148374820157723 0.000834681326523423 0.000948599213734269 9.16297024422197e-05 3.50263173454213e-07 1.06545945177672e-08 1.22907716186837e-06 9.82072238420173e-07 3.67557581721911e-06 6.66133814775094e-17 6.28156753919029e-05 0.000742271565832198 0.000273708911456261 7.26861903999065e-12 0.000910475414275425
0.000997079478111118 0.00106444732180648 0.000829600385424789 0.000349058466963481 0.000319986173417519 0.000406639517357577 0.000580380365140343 0.000406600092537734 0.000313480278596401 0.000317068258318809 0.000394517590757459 0.000700182071887812 0.000606911303475532 0.000307244865689427 0.00127091998020887 0.000319623097311705 0.000476285640615992 0.00057277490850538 0.00146754467897059 0.000749655969451402 0.000608987685043161 0.00117679248940196 0.000415692806495338 0.000420399607172917 0.0011189104989177 0.00106565719470383 0.00136502086731962 0.000546994036994874 0.000689428206533194 0.0025136598807876 0.00138695573651196 0.000438459392171353 0.000483513029757887 0.000438941817265004 0.00052613711450249 0.000397110008634627 0.000868003908544868 0.000171547671106964 0.00266799087520333 1.43250708958265e-06 7.23427092097495e-07 8.33017827883697e-07 6.23976725234732e-06 7.7715611723761e-17 0.000502049364149582 0.000536738662049818
0.00126678117808594 0.000433819007780101 0.00174419655813836 0.000465208761814084 0.000469837151467822 0.000378304871264845 0.000271664292085916 0.000350347929634265 0.000737775943346719 0.000483241071925411 0.000391161721199751 0.000290915587186191 0.000294694537296891 0.000373584928458026 0.000512066367082298 0.000316670211032033 0.000353812670800835 0.000273628532886516 0.000865235016681298 0.00112516754332309 0.000450206082349269 0.00108222086073511 0.000406906579155475 0.00045468577882275 0.000615029234904796 0.000504013244062662 0.00155815201528924 0.000453956250566989 0.000645662355236709 0.000669106072746217 0.000986132095567893 0.0055198103808948 0.00351213072426617 0.00554814795032144 0.00267496391443274 0.00121576436795294 0.000654876627959311 0.000443041929975152 0.000978266494348645 0.00299849584698677 0.0011935664806515 0.00530487783817917 0.00216850323261666 0.00108474419233744 5.49168241947839e-07 1.15163434344367e-13
0.000424522004908567 0.000993714481592478 0.00136469686486048 0.00266312293224473 0.00051254592990001 0.000266625336371362 0.000309886294417083 0.000400926510342503 0.000381373451091738 0.000379595742560923 0.000362862809561204 0.000271568383323029 0.000273252464830875 0.000519943877588958 0.000358395103830844 0.000351101683918387 0.000487755425274372 0.000555315683595836 0.00155220305158862 0.00247195271513192 0.00150471516753896 0.000529671181258995 0.000428367487696757 0.00165436458773917 0.00370998879661784 0.00389973327983171 0.000377011531963944 0.000894564436748624 0.00129616195335984 0.000924756447784603 0.00152469105087221 0.0013883582316339 0.00305293822093518 0.00293192267442393 0.00250327580502017 0.00273329350166023 0.00108594915363938 0.000975775695405901 0.00102706437464803 0.00429022607490879 0.00442449576221406 0.00608314564451575 0.00389156512243858 0.00367836051889299 0.00347307594493031 0.00216909423470515
0.00127720003972484 0.00054742599210158 0.0033634782768786 0.010744901956059 0.0019319191807881 0.00296862097457051 0.00263527384668123 0.00357729215174913 0.00218010939424858 0.00188617618987337 0.00194339943118393 0.000258542911618942 0.000398047734051943 0.000600686715915799 0.001941114141664 0.000481904344664508 0.00302026013378054 0.00355697453487664 0.00137878369939699 0.00159332424227614 0.00179670636207447 0.00317188112530857 0.00207316487794742 0.00164719681924907 0.000841705850325969 0.000690425490029156 0.00101080145686865 0.00144075127318501 0.00160552267916501 0.000725029106251895 0.000808724574744701 0.00186912757344546 0.00629963094199505 0.00344977919683822 0.00329854016534767 0.00515574726700834 0.00431166086361688 0.00104786816518754 0.000694414810277522 0.00200932580046356 0.00588824954836014 0.00157378790900111 0.00169209353625774 0.00594496028497815 0.00180562359003034 0.00238154814578593
0.000431283955060735 0.00280735548585657 0.00358904749155045 0.00749948248267174 0.00139462584047578 0.000422517489652585 0.000414469023235475 0.00399928735569119 0.00369013147428632 0.00146265258954372 0.0037504798732698 0.00030283029191196 0.000437036994844675 0.00087551458273083 0.00328850205987692 0.000877575296327748 0.00063401081133635 0.000388541200663906 0.000705903233028948 0.000427695829421282 0.000456177117303014 0.000529130618087947 0.000431753578595817 0.000646343198604882 0.000592577294446528 0.00115270363166928 0.00130523080006242 0.00145044685341418 0.000738240056671202 0.00260492768342828 0.00461818594485521 0.0011796054430306 0.00381193431094289 0.00361615978181362 0.00179243325255811 0.00497573057769642 0.00538839558139443 0.0048981565846077 0.00161957773379982 0.000927477469667792 0.00103531866334379 0.0015609263908118 0.00273393010720611 0.000648651411756873 0.00178240379556975 0.00329506564885378
0.0045537393540144 0.0037000134587288 0.0043313460424547 0.00545375456422335 0.00330070680938661 0.00185321314143039 0.000393281923606992 0.000369365059304982 0.000676354825959802 0.00202817374374717 0.000525952177122235 0.000418276782147586 0.000668257405050099 0.000503838760829944 0.000359599816147238 0.000342731177806854 0.000380960444454104 0.000461680465377867 0.000378434511367232 0.000298162342642172 0.000275100066301093 0.00162393643986434 0.000280462981302421 0.000379578198771924 0.000704889907501638 0.000852556410245597 0.00335016355459858 0.00113252704031765 0.00155816888436675 0.000920845521613955 0.00560869684155882 0.00190101782791317 0.000906584714539349 0.00162191484123468 0.00162156759761274 0.00139566943980753 0.00208946852944791 0.00568851586431265 0.00329976545726822 0.00379730804478413 0.00216583028392595 0.000993538764305413 0.00207447493448853 0.000752523634582758 0.00228110048919916 0.000568442104853073
0.00247440065722913 0.000432797702841325 0.00410930402576923 0.00818325890049998 0.00202938177390024 0.00339148407801986 0.000383646704722973 0.000280563079286367 0.000444573286123962 0.0013500465594916 0.00062149940058589 0.00050181238912046 0.000305557041428983 0.00113343899138272 0.000367096578702331 0.000306429737247527 0.000319010170642287 0.000336081034041347 0.000365593913897788 0.000352734315674763 0.000339803437236696 0.000383028096985072 0.00108897727914155 0.0004848672891967 0.000771705945953727 0.00127924880944192 0.00156659288331866 7.35567050469399e-05 0.000896137091331184 0.00130417309701443 0.00344676359445657 0.00214946521446109 0.00520647376251873 0.00365544911473989 0.00263085132464767 0.00223667393438518 0.00168206607922912 0.00382240461185579 0.00135253015905619 0.00115305683575571 0.00103725460357964 0.000767164397984743 0.00111007443629205 0.00295415624812065 0.000929050007835031 0.00307454010471702
0.0020083230920136 0.00263483338057995 0.00407472625382727 0.00143710509873927 0.00035076518543069 0.000465337688863865 0.00076015547393824 0.000390495639294386 0.0002574143698439 0.000317650358192623 0.00148757629696163 0.000530653630900946 0.000268340217701468 0.000326932711323025 0.000326278829015791 0.000311032135505229 0.000301156868226826 0.000823985936668237 0.00036381690297288 0.000346880895089563 0.00135565424375272 0.000310681946575653 0.000980072654511055 0.000595693429931998 0.000372358504682779 0.000713419984124386 0.000963654369115829 0.000464281486347329 0.00101182824000716 0.00444847256876528 0.003789805461623 0.00139316567219794 0.00254660062491894 0.00121547086164355 0.000490039866417646 0.00441061454640128 0.00311211766675115 0.00133905857801437 0.00176352951675653 0.000874626869335771 0.000677673355676234 0.000559774064458907 0.000900356704369187 0.00107923746109009 0.00107471452511163 0.00218260115943849
0.00660255653783679 0.00151917391231109 0.00107419098821993 0.000543717742255923 0.000348529708571732 0.000364879402332008 0.000658182450570288 0.000547301932238076 0.000333561899614621 0.000340039003640413 0.000355017825495452 0.000341182004194707 0.000237756269052625 0.000242946133948874 0.00030927547486499 0.000357475935015827 0.000350950670397032 0.000826843469400229 0.00041007602121701 0.000358727667480718 0.000354642077651757 0.0003683369490318 0.00392059804871678 0.000956048676744103 0.000449651305127419 0.000649368413724005 0.000994037743657827 0.00107748317532241 0.000545217143371701 0.00108554731123149 0.00341475938912481 0.00247624193538455 0.000442509702406824 0.000947555294260383 0.00111076994799078 0.000832654489204287 0.00282074110582471 0.00175766763277352 0.00403380729771925 0.00155301997438073 0.000758321932516992 0.000320054497569799 0.000516595062799752 0.000318010139744729 0.000681938324123621 0.000578063121065497
0.000520593670936431 0.000281800038646907 0.000361625106401098 0.0011375619296814 0.00098350003224823 0.00176704593468457 0.00252934969030321 0.000277914421167225 0.000276930863037705 0.000251658511115238 0.00160367820499232 0.000295876245945692 0.00029311761027202 0.000302952132187784 0.000326829624830316 0.000332818717201755 0.00041947333374992 0.00034642891259864 0.000271665322361514 0.000396868656389426 0.000359659618698061 0.000551441893913829 0.00346203532535583 0.000724110775689391 0.000662765141438604 0.000584295787848532 0.00166186336428362 0.000700933230135803 0.00122424336152481 0.000700158881954849 0.000868630898185074 0.000825678813271224 0.000476050900761038 0.000515955907758325 0.000706038041971624 0.000487095140852034 0.000261036958545446 0.00035125077702105 0.000573039636947215 0.00042424543062225 0.00051473209168762 0.000454972393345088 0.000505276548210531 0.000603113509714603 0.000538703799247742 0.00023308492382057
0.00163287372561172 0.00165750418091193 0.00148802022449672 0.00539844208396971 0.00171394807985052 0.000276543770451276 0.000262932537592697 0.000267563225076328 0.000246268464252386 0.000241901050321758 0.000261004234198481 0.000553830697865898 0.000335765164345503 0.000331252603791654 0.000387783732730895 0.000302907882723957 0.000301739876158535 0.000535614974796772 0.000397569709457457 0.000441523978952318 0.00301241987331196 0.000419102399640114 0.00139686714392155 0.00137561885793825 0.00130530154303814 0.00358257910191832 0.00206025848165154 0.000371798221021891 0.000686118355952203 0.000664371554739773 0.000613774405792356 0.0015888474881649 0.000400463666301221 0.000705115427263081 0.001047976128757 0.00111315487883985 0.000927769858390093 0.000668977689929306 0.00043323989957571 0.000355333287734538 0.000333723344374448 0.000336403213441372 0.000203944195527583 0.000192221452016383 0.000230123405344784 0.000224882480688393
0.00153464158065617 0.00149004169506952 0.000283862894876374 0.000234115682542324 0.00027729474240914 0.000255378370638937 0.000212795641293662 0.000216228305384858 0.000240208068867831 0.000165648118127137 0.000205451581859961 0.000501303749908644 0.0026757865678519 0.00136797262923558 0.000407889054671362 0.00137763586026267 0.000311557389797767 0.000301072327420115 0.000250057998346165 0.00036694360896945 0.000475652457680553 0.000314097176414652 0.000625299359671771 0.00051329912384972 0.000522604794241488 0.00110495695844293 0.00068845474161231 0.000615483871661127 0.00052445946494214 0.000659926468506455 0.000481874323570863 3.11532434725592e-05 0.00535328052937984 0.0041991699690513 0.0025091802701354 0.00108038521121073 0.00137751982547346 0.000674132071435452 0.000210556050501753 0.000249525194521993 0.000639341864734888 0.000367924920284823 0.000280614080838859 0.000310018041636795 0.000523614908854508 0.000461355852894485
0.00149380462244153 0.000404980117186682 0.0014064515125483 0.000218289869371802 0.000192354602040812 0.000187850770271325 0.000185772986151278 0.000130450993310671 0.000180954625830054 0.000219818530604243 0.000240229099290956 0.000179074454354156 0.000193195405881852 0.000303794012875624 0.000598825013381088 0.000290967827113187 0.000263691390864551 0.00021359119572768 0.000308055687207798 0.00162107213982381 0.000305587495677173 0.000345246028155088 0.000247936425919848 0.000461987871676683 0.000447617657482624 0.000350886967498809 0.000507450173608959 0.000808341964147985 0.00118172224611509 0.000646568136289716 0.00221846243366599 0.00216099750250578 0.00263763954893499 0.00127304042689502 0.00325901904971033 0.00315410746997417 0.00185822448693216 0.000479333219118416 0.000312556175049394 0.00025523918448016 0.000280372297856957 0.000391325622331351 0.000200878694886342 0.000211387086892501 0.000928615226881213 0.000632067653350532
0.000791435095015913 0.000831035617738962 0.0002278436004712 0.000300034501320678 0.000183240126491835 0.000161665491759777 0.000149552524089813 0.000200221367413178 0.000150285445852205 0.000270341977011412 0.000152424647587823 0.000176223383505203 0.000206299577816704 0.000194329593796283 0.000220953056123108 0.000210025807609782 0.000590926854103602 0.000237739190924924 0.000186388264410231 0.000257921009329498 0.000270894839209645 0.00038380813785146 0.000508032762445665 0.000392169563571276 0.000280151009792462 0.000353332539089024 0.000412564363796264 0.000349779799580574 0.000457785115577281 0.000531150144524872 0.000445097871124744 0.00219598044413953 0.00346343386926287 0.00140175828710198 0.00084212061483413 0.00104816323146224 0.000641917996108532 0.000772284786784128 0.0010909331496805 0.000494947365950793 0.000869135155207612 0.000415983190760016 0.000172371079679579 4.89798330310265e-05 0.00032160703563372 0.00145559873781167
0.000588993193377973 0.000578236186993308 0.000689130503451452 0.000673658701998647 0.000933558301767334 0.00042263616887297 0.000229153152172989 0.0001207563909702 0.00012765827705169 0.000158458203818024 0.000137148809153587 0.000157199951354414 0.000135587382822 0.000134770898148417 0.000163673865608871 0.000795264552107255 0.000229348347056657 0.000199309695745065 0.000227157381596099 0.000248679297510535 0.000304194772616029 0.000284246040973812 0.000329362228512764 0.000415023183450103 0.000416256813332438 0.000286047463305295 0.000317439762875438 0.000430612615309656 0.000602215505205095 0.000314512930555721 0.000538965058512986 0.000515080196784312 0.00112593310170723 0.000688446407953347 0.000905511365272105 0.000346792337950319 0.000587741052731872 0.000214239489287138 0.00031411366071552 0.000242936168797314 0.000228235888080097 0.000250186375342309 0.000234472646843897 0.00111650679573359 0.000821034948603483 0.00104588140140365
9.76525421719998e-05 0.000522400868794648 0.000917007669340819 0.000188842014425672 0.000660471102310112 0.00016198643258285 9.15754993911833e-05 0.000129194004694 0.000101591972634196 0.000108205038122999 0.000203700171550736 0.000100819233921356 9.25830262135108e-05 0.000115702155744657 0.000122473918600008 0.000132076593581587 0.000155538931962163 0.000132061546901263 0.000240851589478552 0.000226938811829314 0.000287730444705259 0.00100454383064061 0.000573225342668593 0.00136664612218738 0.000522368378005922 0.00028956268215552 0.000319331558421254 0.00103059457615018 0.000230501469923183 0.000278749328572303 0.00028259075479582 0.000317612814251333 0.00182679988793097 0.000925037188430711 0.000280864723026752 0.000424495088448174 0.000422441726629597 0.000370674696750939 0.000378775433637202 0.000268618483096639 0.000211377296363935 0.000296985125170812 0.000996637828939129 0.00276851668022573 0.000671184505335987 0.00301059028279269
9.07282897969708e-05 9.18509671543943e-05 0.000245656780747083 8.2188955275353e-05 8.77792714164771e-05 0.000418920849551796 0.000891483714804053 0.000109467771835625 7.97840359155089e-05 8.03776580141857e-05 7.02622608514503e-05 0.000105613542282912 0.000147709617158409 0.000131583480114017 0.000146725028753281 0.000124026264529675 9.71290399320424e-05 0.000111605966230865 0.000170963368145749 0.000153120577761001 0.000180372354905156 0.000226080592256039 0.00103773355825894 0.000175035209395003 0.000583702395670116 0.000544721889309585 0.000256160669960082 0.000546677778802973 0.000267370935805433 0.000382574810646541 0.000276363478042208 0.000266640039626509 0.000275315274484456 0.000271424825768918 0.000273933575954344 0.000259703141637146 0.000344819168094546 0.000333682273961033 0.000399954535817904 0.000310442212510909 0.000284099765122292 0.000931152851467232 0.00302599023561925 0.00226417323574424 0.000628157632770154 0.000808516663784076
0.00187163962400518 0.00124461725354195 0.000649746150884312 0.00160921234637499 8.86156863998622e-05 4.85693075461313e-05 6.43582694465294e-05 6.02779560722411e-05 6.10893854173344e-05 7.32730462914333e-05 8.53537116199732e-05 7.3603424243629e-05 8.6160097271204e-05 0.000110340026659639 9.00771294723879e-05 8.98410187801346e-05 9.88656247500441e-05 0.00027035025996156 0.000417296914383769 0.00013577972801837 0.000132956885515656 0.000139668368501622 0.000160098221385852 0.000238199741632472 0.000234480667859316 0.000172716804081574 0.000198351312428713 0.000213065516436473 0.000247680727625266 0.000231409037951391 0.000250089995097369 0.000229255500016734 0.000231343333143741 0.000269093699330736 0.000268902914831415 0.000230662664398562 0.00091394039517354 0.00166285579325631 0.000368614596517314 0.000419379735831171 0.000265577662503347 0.00173557759262621 0.000703248929693601 0.00247323219664395 1.64062285138433e-06 0.00179400441702455
