Maxent_result_files_2/B_ruderatus_3.asc
NCOLS 594 
NROWS 330 
XLLCORNER -15 
YLLCORNER 23 
CELLSIZE 0.166666666666667 
NODATA_value -9999 
[rows 120 to 139 of 330, columns 230 to 275 of 594]
-9999 -9999 -9999 -9999 -9999 -9999 0.0897126451134682 0.0230772813782096 0.0241619911044836 0.028185061365366 0.0162932736799121 0.0189787972718477 0.0324045963585377 0.0133347710594535 0.0131349978968501 0.0276282086968422 0.0175816863775253 0.0399281039834023 0.0439142867922783 0.0234683830291033 0.0287721436470747 0.05072997584939 0.0331999097019434 0.0322442270815372 0.0204760868102312 0.00935674393549562 0.021287427097559 0.00195018310332671 0.0033174459123984 0.121494564414024 0.0397257417440414 0.00951404217630625 0.00497989221476018 0.0039303857833147 0.00343863666057587 0.00277900118380785 0.00427418770268559 0.00422662869095802 0.00423810612410307 0.00830909945070744 0.00857608988881111 0.00945768086239696 0.00403698100708425 0.00691082095727324 0.00973360324278474 0.00433058445341885
-9999 -9999 -9999 -9999 -9999 -9999 0.0991253226995468 0.0417983993887901 0.0223796539008617 0.0204159293323755 0.0217770952731371 0.0312835283577442 0.0130997125059366 0.0177781561389565 0.048901441693306 0.0131616163998842 0.0316210955381393 0.0341528180986643 0.0247554320842028 0.0244895942509174 0.0237672578543425 0.0113964200951159 0.0097546068020165 0.0106374159455299 0.0227951668202877 0.031751424446702 0.0589549124240875 0.0594509690999985 0.0828423827886581 0.0304993059486151 0.0127479657530785 0.0101618684828281 0.0126055583357811 0.0104276739060879 0.0092057678848505 0.00436657811515033 0.00372828585095704 0.00714027881622314 0.00598118584603071 0.00568649414926767 0.0102020991966128 0.00530127957463264 0.00263014943338931 0.00401520426385105 0.00195845414418727 0.0122319210320711
-9999 -9999 -9999 -9999 -9999 -9999 0.0289917789399624 0.033204510435462 0.036953192576766 0.0213157344609499 0.0452880091965199 0.0198298597708344 0.0250235997140408 0.0205058235675096 0.0189544357359409 0.0234866615384817 0.0181444048881531 0.0352934807538986 0.0204675823450088 0.0398787550628185 0.0173412218689919 0.00862509403377771 0.00676189167425036 0.00780108729377389 0.0201859325170517 0.0430244646966457 0.0123785736039281 0.0555091880261898 0.0308124929666519 0.0261302791535854 0.040765081346035 0.0191899854689837 0.00936391400173306 0.0104777321219444 0.0101158205419779 0.00207001299131662 0.00179561474360526 0.0018236338859424 0.0100854406133294 0.026622810959816 0.0129167817533016 0.00413687746040523 0.00278473738580942 0.000991811585845426 0.00121112255146727 0.00524060395546258
-9999 -9999 -9999 -9999 -9999 -9999 0.0379884541034698 0.0389841794967651 0.0330937221646309 0.0649392358958721 0.0168942237272859 0.0142977431416512 0.0232802677899599 0.0352898944169283 0.0273046389222145 0.0231419011950493 0.0325092725455761 0.0402098067104816 0.0244237873703241 0.0390642687678337 0.0232803728431463 0.0189043130725622 0.0329235628247261 0.0187236007302999 0.0216919004917145 0.01545664742589 0.0180822899565101 0.0402203574776649 0.0457097202539444 0.0492753677070141 0.0719108894467354 0.0141799269244075 0.0147169139236212 0.00262503307312727 0.00152475105132908 0.00218664819840342 0.0068105747923255 0.00258467812091112 0.00422029080800712 0.00774998245760798 0.00634104758501053 0.00217577773146331 0.00258747478947043 0.00403081346303225 0.00184510815888643 0.00163894882425666
-9999 -9999 -9999 -9999 -9999 -9999 0.0601103760302067 0.0413492634892464 0.0362382613122463 0.0174371637403965 0.0122520556673408 0.0175840139389038 0.0172027992084622 0.0226998649537563 0.00997722074389458 0.0141129618510604 0.0160307943820953 0.0172445643693209 0.0284984573721886 0.0355253577232361 0.0514154940843582 0.042267856746912 0.0286453153938055 0.027020587772131 0.0190649339929223 0.0179299794137478 0.0347963087260723 0.0838904112577438 0.0605574250221252 0.0423841260373592 0.0311449337750673 0.0350475072860718 0.0112163621932268 0.00298251868225634 0.00254191760905087 0.00395403169095516 0.0034646563231945 0.00242608902044594 0.00504305297508836 0.00671154567971826 0.00201969677582383 0.00277808094397187 0.00258046207018197 0.00119971300009638 0.000780312658753246 0.00174407782033086
-9999 -9999 -9999 -9999 -9999 0.156480175256729 0.0739411562681198 0.0232934962958097 0.0166536206379533 0.0315025173127651 0.0195294531062245 0.00728481570258737 0.00701253283768892 0.00932882986962795 0.0130933724343777 0.0149741725996137 0.0116609139367938 0.0210874643176794 0.0330597326159477 0.058462405949831 0.0463555693626404 0.0159220011904836 0.0243157453835011 0.0332923132926226 0.0363065425306559 0.0419625662267208 0.0433527104556561 0.0819572418928146 0.0589564636349678 0.027018016949296 0.0541765682399273 0.0267075352370739 0.0177619721740484 0.0341582201421261 0.00783130852505565 0.0105729399248958 0.0110767288133502 0.0252469446510077 0.0137369753792882 0.00675401194021106 0.00392263755202293 0.00887872064486146 0.003019436635077 0.00217480496503413 0.00241089698392898 0.00284983050078154
0.128989079594612 0.181826263666153 0.140904361009598 0.198950070142746 0.346843814849853 0.250137415528297 0.102087058126926 0.0304698664695024 0.0114588899537921 0.0242821738123894 0.0206094872206449 0.0208077438175678 0.0114949172362685 0.00864131171256304 0.00685384143143892 0.00793450251221657 0.0132008215412498 0.0266013339161873 0.024793590977788 0.0340601000934839 0.0324839763343334 0.0281428266316652 0.0439925841987133 0.0308893192559481 0.0312995452433825 0.0336726002395153 0.0560554690659046 0.0319180566817522 0.0169538520276546 0.0167639927938581 0.0266378629952669 0.00844543939456344 0.0200302943587303 0.00677585164085031 0.00358154871501029 0.00198651950340718 0.00648935381323099 0.00439105750992894 0.00563213219866157 0.00993706304579973 0.0092381632886827 0.0162787165492773 0.0038883036468178 0.0130476532503963 0.00428948309272528 0.00463247851002961
0.158914616703987 0.168733823299408 0.139731296896935 0.0769256576895714 0.0358616169542074 0.0514635249972343 0.0247822515666485 0.0261965401470661 0.0474916025996208 0.0407823301851749 0.0359862975776195 0.0426825776696205 0.0216364026069641 0.0240687437355518 0.0179168535396457 0.0103452416136861 0.0159947324544191 0.0167895190417767 0.0387200437486172 0.0689160592854023 0.11331041008234 0.00451323972083628 0.0340761557221413 0.0431749165058136 0.0472934156656265 0.0609864443540573 0.063000575453043 0.0386020254343748 0.0135545833036304 0.0268514439463615 0.0155329881235957 0.0100688626989722 0.0262413751333952 0.00222403092775494 0.00170947895385325 0.00302031405735761 0.00613340884447098 0.00244787675328553 0.00479157352820039 0.00751542495563626 0.00726279532536864 0.0129429291933775 0.00518603273667395 0.0054937572684139 0.0106835888698697 0.00917073637247086
0.227097707986832 0.164718833565712 0.150329172611237 0.12377635538578 0.104430249333382 0.0748971819877624 0.0546704463660717 0.05707633420825 0.0389925472438335 0.013439535535872 0.0248486574739218 0.122814503312111 0.0354928944259882 0.0150395736098289 0.0123800156638026 0.0229298315942287 0.0100043673068285 0.0202211182564497 0.0287161856889725 0.0124824361875653 0.0898714005947113 0.0380339302122593 0.0473709173500538 0.0657309696078301 0.0692678660154343 0.187464961409569 0.118547265231609 0.0733617939054966 0.0149814143776894 0.0100964489392936 0.0129393197596073 0.00495178666897118 0.00852814158424735 0.00442603887058794 0.00701419981196523 0.00309015547391027 0.00336525058373809 0.00430869036354125 0.00710810096934438 0.0126857487484813 0.0145219001919031 0.0232216328382492 0.0056352608371526 0.00646971492096782 0.0104141641408205 0.00336539454292506
0.283493530750275 0.22801208794117 0.220133975148201 0.142392779886723 0.157851579785347 0.141212032735348 0.136266341805458 0.064322093129158 0.0588000446557999 0.0416343383491039 0.0156559722498059 0.0139000855386257 0.0210986312478781 0.0221419591456652 0.0602664433419704 0.0294160421937704 0.0331001102924347 0.024468394741416 0.0348943773657083 0.0325327195227146 0.0349778763949871 0.0436818979680538 0.0651329822838306 0.0313853356987238 0.100646077096462 0.0493508785963058 0.0627339117228985 0.0665931485593319 0.0385236442089081 0.0112165363505483 0.00615804959088564 0.00498090139590204 0.0043757145293057 0.00327745554968715 0.00339786016847938 0.00539220618084073 0.00389372576028109 0.00879130735993385 0.00630053617060184 0.00680850567296147 0.013328680768609 0.0628921240568161 0.0390106320381165 0.0707663290202618 0.0145619433373213 0.00701448740437627
0.296631973981857 0.321318882703781 0.271809205412865 0.22992202937603 0.204591652750969 0.162864992022514 0.186879241466522 0.131839586794376 0.23817580640316 0.0495229847729206 0.0408676311373711 0.0451220162212849 0.0377073176205158 0.0267234522849321 0.0310621462762356 0.026878235861659 0.0287087496370077 0.057053866237402 0.0407367747277021 0.0692375607788563 0.0456796519458294 0.0454334750771523 0.125960871577263 0.0151802046224475 0.0377696663141251 0.0185825100168586 0.0156584592536092 0.0224533002823591 0.0172917036339641 0.0164161253720522 0.0161474712193012 0.0042461936827749 0.00377808148041368 0.00271126055158675 0.00669457474723458 0.000886202417314053 0.00949599398300052 0.0127143098041415 0.00793470861390233 0.00480909119360149 0.00781187461689115 0.00556077961809933 0.0214651733636856 0.0342173747718334 0.0235476829111576 0.0128242157399654
0.220791739225388 0.263254263997078 0.209910869598389 0.248290413618088 0.242949897050858 0.168743780255318 0.196019852161407 0.154439690709114 0.12640747576952 0.0748502567410469 0.0860117450356483 0.0560509853065014 0.0475498057901859 0.0400413148105144 0.0373832874000073 0.0346220832318068 0.0392930470407009 0.0319977451115847 0.0286798916757107 0.0319230500608683 0.0778010159730911 0.0443856567144394 0.0843383237719536 0.0819199368357658 0.0568471357226372 0.0323038965463638 0.013158143311739 0.031794049590826 0.0516201607882977 0.0277283143252134 0.00923383962363005 0.00531408088281751 0.00443552029319108 0.00466584847308695 0.00558312758803368 0.00501133352518082 0.00395152436103672 0.00376353072933853 0.00654269168153405 0.0605801299214363 0.0949267394840717 0.00921713365241885 0.0106949206441641 0.0317851740866899 0.0126104859635234 0.00822871178388596
0.427583295106888 0.226038801670074 0.227607369422913 0.257371672987938 0.212146347761154 0.193147978186607 0.162854200601578 0.0915780499577522 0.128408393263817 0.122776259481907 0.103432121872902 0.065742015093565 0.075822913646698 0.069853387773037 0.069321995973587 0.0668115667998791 0.0428760692477226 0.036221918463707 0.0648681566119194 0.0672830462455749 0.0501846931874752 0.030380766838789 0.0308288507163525 0.0637260571122169 0.0914919570088387 0.0499491162598133 0.0256846904754639 0.0332425594329834 0.0480793721973896 0.0153020642697811 0.00596279925666749 0.00439228508621454 0.00534535059705377 0.00460210544988513 0.00672954553738236 0.00694961166009307 0.00693923141807318 0.00472191693261266 0.00552929379045963 0.0269357997924089 0.0244256112724543 0.0312883891165257 0.0142179250717163 0.0153975360095501 0.00394056858494878 0.00477976780384779
0.222451972961426 0.15760378241539 0.212062022089958 0.243181729316711 0.245521846413612 0.292620807886124 0.219894006848335 0.0793631926178932 0.0816442161798477 0.0978364214301109 0.068377610296011 0.0435699231922626 0.113672477006912 0.0800005406141281 0.048221405595541 0.0650334298610687 0.113471293449402 0.0433245949447155 0.0438155122101307 0.0933599039912224 0.0886904835700989 0.0378450695425272 0.0632803812623024 0.016399590857327 0.043498170375824 0.0573656216263771 0.0410112664103508 0.0507201947271824 0.126061490178108 0.0366146501153708 0.00934723038226366 0.00637492826208472 0.00712964050471783 0.0038787082536146 0.00544940852560103 0.0056009363848716 0.0274874329566956 0.00884966691955924 0.00968006923794746 0.0184724206104875 0.0128038978204131 0.00549563262611628 0.038227179646492 0.0178205791860819 0.0379230335354805 0.00183014022186399
0.0871709674596786 0.158115240931511 0.190367504954338 0.221117627620697 0.205179825425148 0.171698224544525 0.180863612890244 0.0976458415389061 0.0825691103935242 0.0728538244962692 0.048620667308569 0.150673380494118 0.0837005272507668 0.106813061237335 0.181483754515648 0.033768930286169 0.0382963828742504 0.0677526094019413 0.0800019830465317 0.0937203735113144 0.244042852520943 0.0754550084471703 0.0836114272475243 0.1702691167593 0.101971450448036 0.0447884693741798 0.0194327909499407 0.0105718960985541 0.0491605803370476 0.032841844856739 0.0282161340117455 0.00576266646385193 0.00544987479224801 0.0109710881486535 0.00786754069849849 0.0170691162347794 0.0107028617523611 0.014659408479929 0.0176244458183646 0.0157312048599124 0.00983632989227772 0.00653067752718925 0.00801930781453848 0.00581150404177606 0.0058603698387742 0.0080261598341167
0.126521126925945 0.131655739247799 0.183643534779549 0.22850875556469 0.246968668699265 0.177149510383606 0.136256290972233 0.0925735458731651 0.100242023169994 0.114296212792397 0.104815165698528 0.199658858776093 0.0916747391223907 0.101722636818886 0.0508736155927181 0.0361214950680733 0.0306267019361258 0.0511725410819054 0.0994638964533806 0.0656909756362438 0.104008373618126 0.0233636353164911 0.0214195258915424 0.091925685107708 0.0706790417432785 0.0618387289345264 0.0457225315272808 0.108000218868256 0.0782930888235569 0.0419608071446419 0.0233554340898991 0.0165037538856268 0.0124319810420275 0.0143256729468703 0.0488479502499104 0.0153370074927807 0.0176363924518228 0.0151857623830438 0.0129470501095057 0.010127847827971 0.0500807747244835 0.01858867444098 0.016834232211113 0.0164525222033262 0.0204560942947865 0.00776733998209238
0.150110632181168 0.177838072180748 0.163613277673721 0.26030949652195 0.372802734375 0.205063822865486 0.113547670841217 0.111306722462177 0.264331817626953 0.0988904610276222 0.115954346954823 0.0836352780461311 0.112318699061871 0.0414222709834576 0.0133888456970453 0.0125147877261043 0.0765253096818924 0.0301782097667456 0.0527595341205597 0.103339260816574 0.0194884974509478 0.0511597268283367 0.0241244398057461 0.0876252830028534 0.0406313143670559 0.12967244386673 0.0674869991838932 0.0432488784193993 0.0293386269360781 0.0249135326594114 0.0248597931116819 0.0202081087976694 0.0588920690119267 0.045180007070303 0.062673918902874 0.0311320722103119 0.0141879137605429 0.0476828560233116 0.0364661805331707 0.0356877941638231 0.0344643037766218 0.0529276080429554 0.0231590073555708 0.062458074092865 0.046609565615654 0.0340616557747126
0.184080100059509 0.177039074897766 0.171069186925888 0.146963492035866 0.166337025165558 0.112667408585548 0.047341737896204 0.0621680237352848 0.130487158894539 0.0812184616923332 0.0712976574897766 0.101113474369049 0.099770475924015 0.0431669965386391 0.0182192152366042 0.0108881238847971 0.0225402720272541 0.0235334448516369 0.0307849533855915 0.0507649943232536 0.123411944508553 0.0380922108888626 0.0552438393235207 0.0279708247631788 0.0390882760286331 0.0738911516964436 0.0625356398522854 0.0481528796255589 0.0173771984875202 0.0055425108410418 0.0205193169414997 0.0264585699886084 0.028214406222105 0.0841738633811474 0.083818256855011 0.0251842457801104 0.0215746235102415 0.0161191292107105 0.0551364980638027 0.102021570503712 0.0428021647036076 0.032598926872015 0.0320797938853502 0.0244687367230654 0.0441489584743977 0.0358722452074289
0.065369787812233 0.105448371171951 0.165668317675591 0.243674600124359 0.125339372456074 0.0983764350414276 0.0758897677063942 0.100935021042824 0.0683579631149769 0.055328805744648 0.0823170870542526 0.0640885539352894 0.053725753724575 0.0335877120494843 0.0260124679654837 0.0266205355525017 0.0167211130261421 0.0181388463824987 0.0492934606969357 0.0135073756799102 0.0360781822353601 0.0718289718031883 0.0362436436116695 0.0502089805901051 0.0435848951339722 0.0452890612185001 0.0575576454401016 0.0299311149865389 0.0193883160129189 0.00476100016385317 0.0089581704698503 0.0511237300932407 0.0468570925295353 0.0285974621772766 0.0339496944099665 0.0882631167769432 0.0939064726233482 0.0393738478422165 0.0581726141273975 0.0172942420467734 0.0229780077934265 0.0185488803312182 0.00826679868623614 0.0129951914772391 0.0109078083187342 0.020167994312942
0.161571076512337 0.0969405844807625 0.157569363713264 0.354441112279892 0.142604723572731 0.170113289356232 0.108457420766354 0.145452097058296 0.122778756916523 0.0594602078199387 0.0664069212973118 0.0898664087057114 0.0466452918946743 0.0194231107831001 0.0201979577541351 0.0292844712734222 0.0418000027537346 0.0194702442735434 0.0801587998867035 0.0701826795935631 0.0371620826423168 0.00907184593379498 0.0147246042266488 0.0363552019000053 0.0234726846218109 0.0921517863869667 0.0244349531829357 0.011392985843122 0.00854742154479027 0.00431836638599634 0.0102476762607694 0.00684376750141382 0.00998549778014421 0.0170504355803132 0.134910288453102 0.0831655934453011 0.0314879577606916 0.0278605755418539 0.111421318352222 0.0224597591906786 0.0404204845428467 0.0226962778717279 0.00719400495290756 0.0171422468498349 0.0183799788355827 0.0194089386612177
