Maxent_result_files_2/B_ruderatus_2.asc
NCOLS 594 
NROWS 330 
XLLCORNER -15 
YLLCORNER 23 
CELLSIZE 0.166666666666667 
NODATA_value -9999 
[rows 160 to 179 of 330, columns 230 to 275 of 594]
0.450098541378975 0.316177045181394 0.322231207042933 0.457442021369934 0.524098163843155 0.460360431671143 0.465799635648727 0.499919033050537 0.528856110572815 0.18902380913496 0.313211932778358 0.116540122032166 0.113681884855032 0.0967419136315584 0.213465341925621 0.338391214609146 0.260369625687599 0.341922077536583 0.234988735616207 0.324218094348907 0.289355909824371 0.230044889450073 0.0845384411513805 0.287083768844605 0.110665646195412 0.113871210813522 0.109585000574589 0.0791646935045719 0.0941156625747681 0.0436718251556158 0.0898434653878212 0.14015094190836 0.174709460139275 0.196132320165634 0.145314745604992 0.111960786581039 0.122689945995808 0.168729208409786 0.127252832055092 0.128631626069546 0.0965969242155552 0.042640406917781 0.251401500403881 0.165096628665924 0.0617658987641335 0.112782306224108
0.455076000094414 0.539818298816681 0.505563938617706 0.383435842394829 0.447944849729538 0.478076416254044 0.423951601982117 0.492457044124603 0.439769440889359 0.278910622000694 0.408653032779694 0.371970045566559 0.326385366916656 0.290330994129181 0.239947172999382 0.162414994835854 0.294373235106468 0.322048136591911 0.200921303033829 0.335350105166435 0.265381799638271 0.133812852203846 0.0879667147994041 0.215089872479439 0.0938565254211426 0.123615497350693 0.101366323977709 0.178743223845959 0.170301945507526 0.170218499004841 0.0819177866913378 0.0631580795161426 0.165608438104391 0.125408568233252 0.142698469758034 0.125748313963413 0.130262732505798 0.208813190460205 0.202711814641953 0.187436372041702 0.132435600459576 0.168021419644356 0.0351517111063004 0.0089495092048312 0.164211692661047 0.124788722395897
0.502699643373489 0.490309101343155 0.362605455517769 0.377587422728539 0.508638298511505 0.520958948135376 0.414551413059235 0.247193469852209 0.333057880401611 0.302072408795357 0.284792497754097 0.446507716178894 0.263099783658981 0.116598216816783 0.0854690616950393 0.0640268631279469 0.222231170535088 0.236577315628529 0.175097198411822 0.216542957723141 0.163891465961933 0.226473002135754 0.108996513485909 0.108152334392071 0.101664721220732 0.188460889458656 0.215841297805309 0.166216099262238 0.0964324742555618 0.113853733986616 0.191612614691257 0.196789139509201 0.210370501875877 0.201585131883621 0.112038716860116 0.196431285142899 0.202470472455025 0.174243502318859 0.107798020541668 0.21874432861805 0.0942832730710506 0.0742774575948715 0.042510786652565 0.0458390647545457 0.120867384597659 0.151410427689552
0.358237279951572 0.358998681604862 0.413373410701752 0.388482251763344 0.527222895622253 0.450267428159714 0.439731806516647 0.433671587705612 0.422426474094391 0.135404275357723 0.400286990404129 0.514728444814682 0.558313643932343 0.240713158249855 0.273502841591835 0.202093382179737 0.298240721225739 0.188998267054558 0.170066136866808 0.30313823223114 0.155267418548465 0.270783700048923 0.257462927699089 0.146476873010397 0.0647843095473945 0.103851302340627 0.222088052332401 0.183767873048782 0.211751777678728 0.158084128051996 0.13688724450767 0.228091910108924 0.278701028972864 0.142900368198752 0.149627880007029 0.0825692318379923 0.114420560002327 0.0990363232791424 0.101936125010252 0.103226268291473 0.122983238101006 0.253294613957405 0.007473433483392 0.0923872642219067 0.128068159520626 0.127629036456347
0.296615460887551 0.347630447149277 0.500926923751831 0.412229412794113 0.331327790021896 0.411366403102875 0.453089261054993 0.389466673135757 0.380149304866791 0.430827432870865 0.392330533266067 0.382090824842453 0.252205310761929 0.328564050793648 0.178397932648659 0.307825854420662 0.253066393733025 0.453113713860512 0.239359360933304 0.269230069220066 0.230132389068604 0.225593367218971 0.249377027153969 0.142357093468308 0.0598957386799157 0.310036501288414 0.235124510526657 0.146404698118567 0.146750702336431 0.134849500656128 0.181545085459948 0.179039195924997 0.187445129081607 0.195307149738073 0.205281013250351 0.223181533813477 0.153009887039661 0.0894788794219494 0.216546815633774 0.146530769765377 0.158055551350117 0.206441283226013 0.224193878471851 0.320996090769768 0.201199217140675 0.162765035033226
0.451679056882858 0.474171096086502 0.375621145963669 0.462769067287445 0.48609054684639 0.574263173341751 0.22257090061903 0.422286200523376 0.243531728535891 0.234975611418486 0.421580368280411 0.333727595210075 0.319769221544266 0.122507532220334 0.37431672513485 0.191116715967655 0.19708153642714 0.118700274010189 0.0598928462248296 0.284013650566339 0.252529749274254 0.226606727391481 0.236365632712841 0.17670174986124 0.17048576772213 0.192350494861603 0.209592325240374 0.174215748906136 0.197402840852737 0.141814849898219 0.173544490151107 0.177164105512202 0.18371966406703 0.185655489563942 0.211428685486317 0.13253630772233 0.303486293554306 0.223436763882637 0.22528487443924 0.215951299667358 0.169737845659256 0.224056312441826 0.329782617092133 0.14525561183691 0.374888664484024 0.253939688205719
0.325271864235401 0.353487627208233 0.458178886771202 0.455511611700058 0.382902574539185 0.300536017119884 0.357175183296204 0.479898750782013 0.435380613803864 0.409687805175781 0.389358669519424 0.372447606921196 0.247828551754355 0.212470228224993 0.266205440461636 0.0513372806541156 0.0993434327654541 0.0797891196212731 0.137459149584174 0.269592164084315 0.0707175061106682 0.152364791557193 0.109173855464906 0.073737164773047 0.0456831307616085 0.110591621603817 0.0706601556390524 0.0299478981178254 0.0467768485657871 0.169784553907812 0.0330941881518811 0.117559520585928 0.293751877173781 0.162892505899072 0.0721263086423278 0.167627429962158 0.22904626429081 0.233959603309631 0.223522394895554 0.182221381366253 0.227560937404633 0.228281408548355 0.192908562719822 0.188814695179462 0.0802753305062652 0.0767209656536579
0.395372648537159 0.169809267111123 0.308308788388968 0.263483032211661 0.373528146743774 0.429371136426926 0.415770393610001 0.309152264893055 0.418525546789169 0.250442707538605 0.383433321118355 0.488720840215683 0.357515801489353 0.248491080477834 0.079930924763903 0.0898882819339633 0.203296371549368 0.188255103304982 0.111553426249884 0.162558096274734 0.170291074365377 0.103920644661412 0.115171984396875 0.161379481106997 0.158415771275759 0.123664614185691 0.0811341792345047 0.144632456079125 0.117156974971294 0.095504419086501 0.102536695776507 0.166780662536621 0.0942187231499702 0.150067488849163 0.186971214413643 0.138069518655539 0.157476575672626 0.235598024725914 0.0921587955206633 0.159728063642979 0.188900604844093 0.158967658877373 0.189337268471718 0.166525097191334 0.155456057190895 0.0957229286432266
0.442470213770866 0.337893126904964 0.205443684756756 0.152920538000762 0.523752987384796 0.43982580602169 0.410506358742714 0.521118372678757 0.414380741119385 0.152651428431272 0.0238094586180523 0.18094865437597 0.205114667862654 0.196217301487923 0.176650950685143 0.247131745144725 0.169297032058239 0.181309771165252 0.167566539533436 0.156297695077956 0.160214104875922 0.184697384387255 0.0974961415398866 0.195694094523787 0.10223707202822 0.12418327704072 0.142398931086063 0.0989932692609727 0.0949683416634798 0.0452932672458701 0.087335009383969 0.284387858211994 0.103355275373906 0.179792933166027 0.102938605938107 0.181364041566849 0.296255391836166 0.157813112437725 0.169382117688656 0.143661932647228 0.0820374488830566 0.140139821171761 0.141238290071487 0.139997453987598 0.174994012713432 0.15356272906065
0.257675471017137 0.441527155041695 0.270652196370065 0.532290208339691 0.202567098475993 0.207062443438917 0.0717728046700358 0.107852268312126 0.0635640650521964 0.249671456962824 0.175967373140156 0.247026990354061 0.266510538011789 0.17805257178843 0.186599520221353 0.117514066398144 0.17939645703882 0.16589111238718 0.161373444087803 0.118052366375923 0.118151972349733 0.123325411695987 0.179932027310133 0.203181817755103 0.131320325471461 0.128811091184616 0.133250959590077 0.130883808061481 0.126236198469996 0.122291509434581 0.131777874007821 0.131342339143157 0.168691281974316 0.124972266703844 0.164722582697868 0.10757736377418 0.130424227565527 0.21443202495575 0.168980686366558 0.087641192600131 0.226180773973465 0.104526473581791 0.117451801896095 0.224784815311432 0.139318449795246 0.14614118039608
0.237468332145363 0.313107658177614 0.242578470334411 0.370434938371181 0.0156654498277931 0.0488192487275228 0.054191056266427 0.0843911277595907 0.0869558403268456 0.044621601793915 0.164868732448667 0.243317187577486 0.220143586397171 0.353467770665884 0.223792253062129 0.178154649958014 0.17183832898736 0.158200450055301 0.145847827848047 0.140700318012387 0.110075050545856 0.130752884317189 0.116956402920187 0.084687782288529 0.0946872955188155 0.129588152095675 0.0678913272800855 0.0525212459848262 0.128750807791948 0.123242514580488 0.154668297618628 0.119256691262126 0.119841146469116 0.135579953342676 0.137942177057266 0.176059670746326 0.221341827511787 0.173125113546848 0.151128603518009 0.0825240485370159 0.136077991127968 0.125649720430374 0.0607372764497995 0.0206721365451813 0.181721618771553 0.0603105966001749
0.294974042102695 0.327966282144189 0.235789834382012 0.276888715242967 0.173730080900714 0.230396893434227 0.270782124251127 0.0809090454131365 0.0587260400410742 0.0593623740365729 0.154184908419847 0.281094144284725 0.213448520004749 0.124012785288505 0.125818611122668 0.202037198655307 0.0873245166498236 0.165673372894526 0.148812010232359 0.141645649448037 0.126434797793627 0.251125228218734 0.147167609189637 0.0536857354454696 0.0106869637307685 0.273153744265437 0.0744806754169986 0.0481329497182742 0.0278941898024641 0.0116525398916565 0.0349355355487205 0.085106163751334 0.187034208327532 0.126414544135332 0.155732852220535 0.102373726293445 0.18282595127821 0.157535740733147 0.146920327842236 0.0980224959552288 0.0603303616866469 0.121397027373314 0.145171482861042 0.150964829325676 0.0919802442193031 0.0227497218176723
0.24717959612608 0.221245197858661 0.254021151736379 0.142770393830142 0.108813888567965 0.178832454001531 0.0708342540136073 0.229866192443296 0.365064951777458 0.0723582378530409 0.083982592029497 0.212529917061329 0.207471594959497 0.110161170130596 0.137704230588861 0.175591482594609 0.0634806107089389 0.018730365645024 0.158091249316931 0.110411119577475 0.140988484118134 0.124366091936827 0.106866942113265 0.11524739228189 0.138412722572684 0.0888079230673611 0.0769197039073333 0.12118799649179 0.111332004703581 0.10449275849387 0.0483322534942999 0.143360525555909 0.0854611361399293 0.128052654862404 0.145360280573368 0.163267029821873 0.17560269087553 0.193937113881111 0.141502872109413 0.124877995252609 0.145331044495106 0.121126528084278 0.130602771043777 0.150360490381718 0.153498056530952 0.0542928159236908
0.065374837256968 0.06961098437896 0.107724931591656 0.200832750147674 0.146259201355861 0.210225337970769 0.105904386058683 0.0355807412513968 0.15110756198701 0.184445374505594 0.0499889483115112 0.161678513581865 0.127907292556483 0.17521777190268 0.0756351192161674 0.0805006699578371 0.162077254150063 0.138226722134277 0.102625625085784 0.0873497205902822 0.153751863446087 0.141620344948024 0.0947080329759046 0.0792896605562419 0.148848353326321 0.0746475784108076 0.167033444344997 0.0707820051116869 0.0991462617414072 0.0382197808357887 0.0876579582691193 0.0426003967528231 0.0620811939937994 0.130897710472345 0.0706849823705852 0.0367448124103248 0.171821780502796 0.12886526286602 0.184061574935913 0.228061196208 0.0283343416638675 0.19335253983736 0.16226329356432 0.110165540128946 0.154907564818859 0.241962948441505
0.0856750726699829 0.0519258476793766 0.0743662813678384 0.217241120664403 0.210856368602253 0.191478699620347 0.195892119093332 0.122658343952935 0.208561949682189 0.0683408028333361 0.189260643324815 0.102705824335135 0.104319853136258 0.191522600804456 0.162325464049354 0.0857884021213977 0.053083085254184 0.134595258254558 0.149658861942589 0.176595811825246 0.11633624995593 0.159013758320361 0.141195172816515 0.217701697349548 0.131536584347486 0.185768458247185 0.106082845223136 0.0990467530209571 0.181306217983365 0.095580823533237 0.145991527289152 0.100296015106142 0.16634438931942 0.217140728235245 0.0733505575917661 0.0713602640666068 0.0636921215802431 0.0813505131751299 0.264602726697922 0.174035094678402 0.153638261556625 0.15303121060133 0.0888684503734112 0.155333477258682 0.197008122503757 0.206763890385628
0.027025168389082 0.0374083157628775 0.0123749560676515 0.013907290995121 0.0446413702331483 0.180976727465168 0.154427040013252 0.156588382224436 0.124606699476135 0.185825086117256 0.0791825245235486 0.113440693391021 0.156065933528589 0.083466366767243 0.190350452228449 0.0934091318980791 0.0761373266999726 0.17161536286585 0.0889845325989882 0.22088008960709 0.106090906867757 0.189351969398558 0.260798216611147 0.23889048397541 0.130390032450669 0.202744874358177 0.221080861240625 0.114164057560265 0.173276843130589 0.10779162151739 0.135772237926722 0.0528082683682442 0.110362707730383 0.166375168412924 0.041692600713578 0.304371517896652 0.170503960549831 0.151617255806923 0.24880673289299 0.262784653902054 0.151637253165245 0.125178045779467 0.184959077835083 0.182403145730495 0.174790261685848 0.150682483613491
0.00631589989643544 0.0272218465805054 0.0156089261174202 0.00558579419739544 0.00753901088610291 0.040255880728364 0.0728523880476132 0.147543947699887 0.125963124170448 0.0941275361883527 0.130127819385689 0.102250084687694 0.104172547819326 0.105510318116285 0.18701501453761 0.147003148170188 0.0631115602445789 0.0478589364880463 0.160349376383238 0.132858007051982 0.168531312048435 0.227239929325879 0.202000854164362 0.16191973220557 0.180057995766401 0.178417982161045 0.153979902341962 0.14187566395849 0.137662352249026 0.12800868190825 0.117001714557409 0.162718246877193 0.058043229742907 0.141804245300591 0.0969630347564816 0.235505890846252 0.273945653438568 0.216443344950676 0.199334973096848 0.132528096437454 0.183777004480362 0.0894951954483986 0.162411975860596 0.0628309171646833 0.14052554666996 0.122101807594299
0.00187900053497287 0.00525253506493755 0.0166563000995666 0.0066671026404947 0.00592808309011161 0.0233634937554598 0.0273910541087389 0.0491135907359421 0.0644542471236491 0.0243750393547316 0.0273297836845813 0.0487078509506773 0.0897061229712563 0.134284366850625 0.11952507236565 0.0419330046173855 0.00643865396200454 0.0283323632613246 0.0883132284274325 0.150696093612351 0.130933068855666 0.1822798255831 0.141175533982459 0.192679330706596 0.158245870890096 0.134131223894656 0.278548178821802 0.199825577065349 0.142851062864065 0.12078206166625 0.109670601831749 0.149308960884809 0.246147140860558 0.0987731195986271 0.12609410956502 0.0985697856172919 0.0895014548674226 0.110434255003929 0.254064497351646 0.302296194434166 0.0790565449744463 0.156916546821594 0.0715750969946384 0.0903470702469349 0.0879741415381432 0.0926724977791309
0.0057489397819154 0.00570816732943058 0.00462093508685939 0.00621000292012468 0.00921321394853294 0.0208216942846775 0.0754699930548668 0.0378980424255133 0.0486513531766832 0.126106778380927 0.0534781903174235 0.102585861534385 0.0825593833777475 0.0334807736100629 0.0120815767217323 0.175069512009941 0.0754802717186976 0.169538259349065 0.0553445161629497 0.130135375098325 0.121719279605895 0.0876576693524839 0.102527962555178 0.216641570162028 0.115356043307111 0.213832271844149 0.131289913877845 0.176306105218828 0.148577723279595 0.212525879591703 0.151675334572792 0.161874100193381 0.093161583901383 0.096319492161274 0.0273156123002991 0.0667445714585483 0.298818796873093 0.13664835318923 0.0837851963937283 0.148754072189331 0.154739306867123 0.113996811211109 0.119914336502552 0.089028500020504 0.093199747800827 0.0854043297469616
0.01083730510436 0.0117893842281774 0.0331562336534262 0.0105122835142538 0.00538478425005451 0.0171551793348044 0.0408249173313379 0.0228580422699451 0.0538923098705709 0.112349174346309 0.07796881252616 0.0372407949352237 0.100942295805589 0.104423849541354 0.0715509472564918 0.0176603745590967 0.0285961719929105 0.00777823991455193 0.0312921790253313 0.100187623206875 0.100917268212652 0.11115647534607 0.139957106974907 0.0902619638131 0.154323426727206 0.160888328682631 0.216453764215112 0.179610844887793 0.149852129630744 0.182234549149871 0.158956530876458 0.19059732593596 0.225693452358246 0.143955416418612 0.188482533767819 0.0306443036999553 0.168784960359335 0.0506322056055069 0.146480092406273 0.0833108238875866 0.0299136014655232 0.0358380934223533 0.0892378360033035 0.0759949445724487 0.0960827678442001 0.146886500716209
