Maxent_result_files_2/B_rupestris_2.asc
NCOLS 594 
NROWS 330 
XLLCORNER -15 
YLLCORNER 23 
CELLSIZE 0.166666666666667 
NODATA_value -9999 
[rows 100 to 119 of 330, columns 322 to 367 of 594]
0.0113256844691932 0.00307180043175777 0.00505651226195596 0.0068678455427289 0.00573518155142665 0.00336162256426178 0.00347532422747463 0.00661123506724834 0.0023255059199073 0.00586798162548803 0.00561786685138941 0.00365475188009441 0.0036756731569767 0.00374739193357527 0.00805944483727217 0.00508058900013566 0.01385786999017 0.0136026557534933 0.00736882165074348 0.0107269879430532 0.0100698923692107 0.0060629247687757 0.0253032542765145 0.00337318815290928 0.00378684255992994 0.00548637192696333 0.00894483271986246 0.00373570024967194 0.0037858325522393 0.0198633845895529 0.00615207478404045 0.00390750784426928 0.00393383568152785 0.00390055784955621 0.00380452419631183 0.00774655770510435 0.00415638531558216 0.00555635318160057 0.00338084474205971 0.00340441414155066 0.00401665372774005 0.00335977347567677 0.00334531078115106 0.00335436733439565 0.00323281930759549 0.00318163684569299
0.0062633258828555 0.00112282522022724 0.000879011116921902 0.00934583693742752 0.0076052593998611 0.00434642378240824 0.0101100590080023 0.00689630843698978 0.00368129848502576 0.00435765935108066 0.00602104142308235 0.0035747526679188 0.00352420643903315 0.0242035210132599 0.00371761326678097 0.00742533868178725 0.00817458909004927 0.00395302241668105 0.0130670323967934 0.0137446187436581 0.0110944345593452 0.00241278652101755 0.00341796325519683 0.00438921568261326 0.00691479109227657 0.00647145994007587 0.00557665918022394 0.00855791573412716 0.0118620162829757 0.00356861655600369 0.00642672721296549 0.00379099086858332 0.0039553920738399 0.00390044124796987 0.0037349424790591 0.00363332638517022 0.00346133480779827 0.00498239528387785 0.00256485029822215 0.00344891780987382 0.00348468376323581 0.0072557576932013 0.00337405642494559 0.00339076230302453 0.00340721337124705 0.00350935342721641
0.000578987156040966 0.000558709679171443 0.000641296454754992 0.000782514560915071 0.00333581793238409 0.0166155051440001 0.0066383833065629 0.00463692722842097 0.00384391658008099 0.00638035000301898 0.00381259154528379 0.00605858294293284 0.0084469286724925 0.0160965923219919 0.00500828800722957 0.00403538979589939 0.00422040810808539 0.00422475263476372 0.00852575665339828 0.0110397910699248 0.0105832848697901 0.00824790094047785 0.0110300144180655 0.00983069725334644 0.00999742168933153 0.00620755739510059 0.0108049564063549 0.00701566487550735 0.00863233814015985 0.00443420363590121 0.00354980560950935 0.0037302493583411 0.00374290072359145 0.0045237073674798 0.000829601751263453 0.00191934267113538 0.00358777977526188 0.00185824920863524 0.00557285314425826 0.00819579418748617 0.00369669813662767 0.00420144037343562 0.00343628288246691 0.00347159467637539 0.00357060236856341 0.00373485623858869
0.00109545729108326 0.000853131463009049 0.00179748127877754 0.00350493177538738 0.00433069290593266 0.00744800809770823 0.00409005414694548 0.00911641530692577 0.00423040883615613 0.00631856117397547 0.0062251172028482 0.00386260864324868 0.010543997399509 0.00878822077065706 0.0106606660410762 0.00411207973957062 0.00599104929715395 0.0249509505927563 0.0174778673797846 0.017783971503377 0.0116175528615713 0.00517285205423832 0.00625084936618805 0.0121641419827938 0.00597937293350697 0.000922066782595676 0.0153043873608112 0.0194677148014307 0.0035168869420886 0.003575051529333 0.0223239056766033 0.00889516128227115 0.00361760440282524 0.00151655034193583 0.00180598346378247 0.00347398538142443 0.00150689130593946 0.0027532281819731 0.0026584914769046 0.00340770571492612 0.00422417768277228 0.0040378553327173 0.00862366268411279 0.0040200050920248 0.00397879513911903 0.0047412596903996
0.00857881368137896 0.000875258603585394 0.00157973058521748 0.00172049067305586 0.00955664925277233 0.0171903111040592 0.015219796448946 0.00558395590633154 0.00387907605618238 0.0167013436555862 0.00372050302685238 0.00530820133208181 0.00383909889496863 0.00638599172234535 0.0104415385052562 0.00647916803136468 0.00389770031906664 0.0185632411390543 0.0156075164675713 0.0146140817552805 0.0236272025853395 0.00298497366020456 0.0042773156426847 0.0109212964773178 0.0103667104616761 0.00545318285003304 0.0105260733515024 0.00830938592553139 0.0101069105789065 0.00723854526877403 0.00761630209162831 0.00754259955137968 0.008177275583148 0.00308702075562906 0.00497445305809379 0.00108045983688108 0.000473785703070573 0.00118181468433818 0.00705846166238189 0.00843337932601571 0.00520919021219015 0.00440799868665636 0.00307294204831123 0.00401425189338625 0.00963684469461441 0.00150553557032254
0.00258515577088805 0.000564419757574797 0.000727049939013114 0.00503006801317057 0.0149675201624632 0.00493834456428885 0.0152056042104959 0.0140533875674009 0.00887914523482323 0.0171005845069885 0.00611362420022488 0.00385638475418091 0.00734861008822918 0.0176724467426538 0.00980558395385742 0.0118465440347791 0.0038957682903856 0.0158427931368351 0.00932940309867263 0.00908462610095739 0.00404565157368779 0.00398929491639137 0.00601674113422632 0.00278725075768307 0.00346894087269902 0.00794459157623351 0.0157037004828453 0.00912154451943934 0.0144118264317513 0.00784077467396855 0.00854222737252712 0.0148499123752117 0.0157567042857409 0.00927663743495941 0.0034688709769398 0.00498761981725693 0.00524522988125682 0.00343948635272682 0.00497885318472981 0.00337747344747186 0.00341181559488177 0.00494334287941456 0.00842725690454245 0.00654946640133858 0.00375867644324899 0.0038761381059885
0.00341268974075319 0.000548834749497817 0.000762294861488044 0.0127894911915064 0.0052347993478179 0.0164964579045773 0.0115474320948124 0.0173022134229541 0.0171223223209381 0.0128026429563761 0.0038503679446876 0.00510105434805155 0.00383926820941269 0.0130419481545687 0.00850702710449696 0.00383685473352671 0.00390591775067151 0.0171101253479719 0.00373138790018857 0.00382438879460096 0.00281477680109674 0.0252576541155577 0.00136654072138356 0.00435835886746645 0.00799487922340631 0.00257934585388284 0.0038548035081476 0.00372393084689975 0.00369173754006624 0.00357865933328867 0.0125238196924329 0.00351621140725911 0.0160127032548189 0.010128516331315 0.00786416595801711 0.00349294985644519 0.00450385613366961 0.00849276455119252 0.00332339745946229 0.00482872314751148 0.00331012676469982 0.00332022961229086 0.00335407606326044 0.0034236288163811 0.0035557949449867 0.00360216833651066
0.00921215284615755 0.00226571589087143 0.00324035092780832 0.0353164542466402 0.011002166941762 0.0239956293255091 0.013881254196167 0.00383015284314752 0.0113397160544991 0.00874108269345015 0.0146106111817062 0.015886339917779 0.0108674364164472 0.0156219437718391 0.0177182298153639 0.00382947232574224 0.010296842455864 0.0075421457644552 0.00764300720766187 0.00389762204140425 0.00838040448725224 0.00747725013643503 0.0133054956793785 0.00388542432337999 0.0105416391044855 0.00360523601993918 0.00693579316139221 0.00222149994515348 0.00346875581890345 0.00352689237333834 0.00355060645379126 0.0089963847771287 0.00760225569829345 0.00893501788377762 0.00825633145868778 0.00102292350567443 0.000920669462351231 0.00327150211669505 0.000545537221291292 0.0100153665989637 0.00656914012506604 0.0151436988264322 0.0139492969959974 0.0157402373850346 0.010985373146832 0.0148823225870728
0.00851323949173093 0.01780179515481 0.00899218041449785 0.00571220823112526 0.0102443130686879 0.00595820663438644 0.0174932856112719 0.00629971157759428 0.00378273790702224 0.0254660688340664 0.00972612630575895 0.00585597287863493 0.00612417431548238 0.00379598545841873 0.017257534712553 0.000814217259144012 0.00128836349560815 0.0116437772288918 0.00378373614512384 0.00387932597659528 0.00388620025478303 0.0162569306790829 0.0158022668212652 0.00983523912727833 0.0137198666110635 0.00360728902742267 0.0086013525724411 0.00185220641005799 0.008796850964427 0.00361227910034358 0.00796666452661157 0.00738925486803055 0.00751225659623742 0.00789161846041679 0.0106001937761903 0.00756716318428516 0.0100406276062131 0.0122079942375422 0.00755373742431402 0.00986242331564426 0.00650894390419126 0.00772999171167612 0.0138889880850911 0.00863910568878055 0.00343205155804753 0.0153036579489708
0.0190345004200935 0.0144452854990959 0.0121556142345071 0.0184825716540217 0.00820021703839302 0.0799638329073787 0.0112750589847565 0.0124197628349066 0.0134898936375976 0.00363961784169078 0.00946382582187653 0.00838056318461895 0.00377216534689069 0.00395648730918765 0.00387580809183419 0.00385193158872426 0.0038527094759047 0.00380597710609436 0.00829686652868986 0.0155255682766438 0.00938378674909473 0.00771080832928419 0.0091600339859724 0.00767144579440355 0.0164218205958605 0.00365476566366851 0.00868551563471556 0.00357557749375701 0.00359307648614049 0.00762212891131639 0.00341038657352328 0.0049449616111815 0.00225336783914827 0.0101372646167874 0.00663283374160528 0.00324547225609422 0.00323356059379876 0.00317362635396421 0.00644421896431595 0.00776866562664509 0.0138414416462183 0.00733341220766306 0.00346948220394552 0.00736603820696473 0.00313886441290379 0.00323535045608878
0.00875161662697792 0.0105598296970129 0.0164652360603213 0.0131393731571734 0.00755702964961529 0.00425266809761524 0.0157673683017492 0.00838088952004909 0.00517598904261831 0.016929897479713 0.0156606405973434 0.0158582620322704 0.0136490631848574 0.00812941007316112 0.012080798484385 0.00509959992778022 0.0225228685885668 0.0154281262308359 0.0118214236572385 0.000713688595066142 0.000439251400530616 0.00145414816215634 0.0112703185528517 0.00944607108831406 0.0087782209739089 0.00434012860059738 0.00361613919958472 0.00361018292605877 0.00723363310098648 0.00838191118091345 0.00171428821922746 0.00319031542167068 0.00311117633245885 0.00324109536595643 0.00335196009837091 0.00325166741386056 0.0031199196819216 0.0030845339410007 0.00306596946902573 0.012182192504406 0.00621141465380788 0.0148521322757006 0.00623761536553502 0.00311698806472123 0.00320046367123723 0.00414569606073201
0.00909977806732059 0.0105943670496345 0.0174936417490244 0.00811604149639606 0.00964479725807905 0.0163813758641481 0.0105507868312998 0.00894623715430498 0.00827674986794591 0.00117181028850575 0.00121341920745065 0.00461001689727709 0.00352703896351159 0.0175999589264393 0.0110660638660192 0.000832969361602309 0.000885866015992232 0.000490820314735352 0.000458506064023823 0.000450941594317555 0.000456753734033555 0.00179830099968967 0.00420853523537517 0.00910603906959295 0.0158260650932789 0.00550142917782068 0.0035383933223784 0.00352404834702611 0.00841425303369761 0.00324787343852222 0.00316949337720871 0.00308619253337383 0.00307622188702226 0.00309261791408062 0.00307991662994027 0.0030908390879631 0.00305660115554929 0.00300271417945623 0.00300998245365918 0.00297675901092589 0.00395746985450387 0.0124417666345835 0.00307806716300547 0.0141021013259888 0.00311536923982203 0.00310779754072428
0.0126555806025863 0.00848455037921667 0.00400204649195075 0.0144568078219891 0.00726589914411306 0.00877581881359219 0.0274822447448969 0.0274901188910007 0.0533596746623516 0.00763954296708107 0.00334984041401185 0.00807539755478501 0.0083846103399992 0.00628129974938929 0.00758830993436277 0.00346506997011602 0.00219652893283637 0.0052127730101347 0.00350846834480762 0.00756105007603765 0.0144240107387304 0.00354089587926865 0.00360388425178826 0.00747791789472103 0.00753553165122867 0.00344565371051431 0.0033924147952348 0.0033530437387526 0.0092785244807601 0.00417048940435052 0.00311420173384249 0.00394979030825198 0.00309004466980696 0.00311775775626302 0.004227892216295 0.00303924139589071 0.00300923911854625 0.00299374065361917 0.00298591270111501 0.00294772209599614 0.0029001837130636 0.00298027228564024 0.00299230399541557 0.00301614333875477 0.00305295567959547 0.00306825120933354
0.00911878813058138 0.00936116706579924 0.0142141800373793 0.00621887380257249 0.016994071751833 0.0107971824705601 0.00735485102050006 0.00763245075941086 0.00824138289317489 0.00819779098965228 0.0081793075427413 0.00371828088536859 0.00342074893414974 0.00514790462329984 0.00349045204930007 0.00351524674333632 0.00355841172859073 0.00506503116339445 0.00341082131490111 0.00346212303265929 0.00347415702417493 0.0115847818553448 0.00340616926550865 0.0136357992887497 0.00346818207763135 0.00841833241283894 0.00324921365827322 0.00417250404134393 0.00314269252121449 0.00312802740372717 0.00316069419495761 0.00311454241164029 0.00306128156371415 0.00303158978931606 0.00307297902181745 0.00369707318022847 0.0029875110834837 0.00297153620049357 0.00292786411009729 0.00292619103565812 0.0029052603058517 0.00303003485314548 0.00295626218430698 0.005261698551476 0.00667210118845105 0.0077878219075501
0.0179091241210699 0.0176194943487644 0.0170360695570707 0.0167682349681854 0.0153463412076235 0.0136921875178814 0.0154735185205936 0.00992486677132547 0.00730643908027559 0.00806284435093403 0.0151530746370554 0.00745757035911083 0.00706804469227791 0.0153957203030586 0.0110122399404645 0.00700986634474248 0.0269584018737078 0.00342427790164948 0.00340751777403057 0.00586015740409493 0.00709310853853822 0.00348945655860007 0.00841632317751646 0.0139707457274199 0.00287660306667021 0.00326429652050138 0.00322190094739199 0.00315361130051315 0.00319995484314859 0.00316339838318527 0.00317869549617171 0.00309282690286636 0.00305062299594283 0.0127195678651333 0.00496688913553953 0.00300707165151834 0.00299894982017577 0.00291513679549098 0.0029211497399956 0.0029471205547452 0.00295165297575295 0.00690612914040685 0.0133922632783651 0.0114616705104709 0.0137834757566452 0.00929550174623728
0.0160305641591549 0.00977585390210152 0.0139895509928465 0.00774849206209183 0.00804296627175063 0.00792547119781375 0.00522595309303142 0.007141919946298 0.00756908860057592 0.0109136519953609 0.015115662664175 0.00338230561465025 0.0155606228858232 0.00839664693921804 0.0079422983340919 0.0149741888046265 0.00452670278027654 0.00439842995256186 0.0157638773322105 0.0147088196128607 0.00818252824246883 0.00361705324612558 0.00861761532723904 0.00862620361149311 0.0116590674035251 0.0105894273146987 0.00515947127714753 0.00307687460444868 0.0039321375079453 0.00302523095160723 0.00307722575962543 0.00303447148762643 0.00307802916504443 0.00605748640373349 0.00596311073750258 0.00596071556210518 0.00387416244484484 0.0072445155121386 0.00902066212147474 0.00382845001295209 0.00643524520564824 0.00892108213156462 0.00308497524820268 0.0040561321657151 0.00316266501322389 0.00323178037069738
0.0158548191189766 0.0166562330909073 0.0132365006953478 0.0130982674658298 0.0121085166931152 0.00745834512636065 0.00470460156971058 0.00893741585314274 0.0156829956918955 0.0147253699600697 0.00673399334773421 0.00330089833587408 0.00327561260201037 0.0033039512578398 0.00343940551392734 0.0112258285284042 0.00851026680320501 0.00896978471428156 0.0131473440676928 0.0118530713021755 0.0152987942099571 0.00775490701198578 0.00974335372447968 0.00447389287874103 0.00332085606642067 0.00322133046574891 0.00312579781748354 0.00301788351498544 0.0059334565885365 0.00588426534086466 0.00299854842014611 0.00298306387849152 0.00395403057336807 0.00302543682046235 0.00300622670911253 0.00595673536881805 0.00813549812883139 0.0132774025201797 0.0078624396584928 0.0029158104211092 0.00632187654264271 0.00412134849466383 0.00408176355995238 0.00499873273074627 0.0030717455316335 0.0030929955188185
0.00130257073324174 0.0077242354862392 0.00948744078632444 0.00617519542574882 0.0085755699314177 0.016272646933794 0.00799709893763065 0.0153126567602158 0.00690787471830845 0.0111963931471109 0.00918848002329469 0.0122186589986086 0.00811439207755029 0.00759100411087275 0.0114777013659477 0.00872305179946125 0.00816743825562298 0.0074487934820354 0.0104127749800682 0.0079379228875041 0.00769477072171867 0.01904017329216 0.0163913637399673 0.0116687208414078 0.00355491410009563 0.0127607218921185 0.0100091394037008 0.0124490316957235 0.00965504925698042 0.00560244796797633 0.00292916428297758 0.00294327433221042 0.00293520977720618 0.00298435147851706 0.00299636363051832 0.00602473160251975 0.00685584582388401 0.0115154987201095 0.0134450927376747 0.00296039930544794 0.00561514506116509 0.00888467896729708 0.00301413899287581 0.00870262179523706 0.00300678801722825 0.0135966219007969
0.00277183637954295 0.0148613687604666 0.0150726623833179 0.0105342730879784 0.00701464302837849 0.00727297309786081 0.00845264196395874 0.0139427471905947 0.0073831852292642 0.0111949203535914 0.00863863620907068 0.0112538445740938 0.00998930707573891 0.00955604650080204 0.0208240829408169 0.00829111505299807 0.0055658271536231 0.00753782968968153 0.0087130609434098 0.005949019594118 0.00728852595202625 0.0151431016623974 0.00563539266586304 0.00445114942267537 0.0102943036705256 0.00743935899809003 0.0117486450821161 0.00862592123448849 0.00295465337112546 0.0094868728891015 0.00659169587306678 0.0130520105361938 0.00290332222357392 0.00296933515928686 0.013634841889143 0.00616302955895662 0.00671981817577034 0.00294793006032705 0.00291568427346647 0.00593040613457561 0.00304430946707726 0.00299573745578527 0.00720747821033001 0.00782516845501959 0.00298688267357647 0.00308360927738249
0.0490091651678085 0.0241454675793648 0.00751739582046866 0.00959830572828651 0.0139195278286934 0.00732134149875492 0.00650842320173979 0.0070906666573137 0.00831483900547028 0.00834936005994678 0.00965493600815535 0.00833390783518553 0.0102206696756184 0.00805167988874018 0.0130445577204227 0.0123257484287024 0.00733899171464145 0.00763588473200798 0.00759981060400605 0.00571233504451811 0.0118784675374627 0.010916605964303 0.0103505901060998 0.0112604845315218 0.00727763567119837 0.0103969736024737 0.00680654242169112 0.00313469604589045 0.00309614716097713 0.01398736089468 0.00760866645723581 0.00928798001259565 0.00635001705959439 0.0052901424234733 0.00870262775570154 0.00362341427244246 0.00297845336608589 0.00292886318638921 0.00292864828370512 0.00292970505543053 0.00612621130421758 0.00775331445038319 0.00772533770650625 0.00746285740751773 0.00297010079957545 0.00608755359426141
