Maxent_result_files_2/B_ruderatus_3.asc
NCOLS 594 
NROWS 330 
XLLCORNER -15 
YLLCORNER 23 
CELLSIZE 0.166666666666667 
NODATA_value -9999 
[rows 240 to 259 of 330, columns 92 to 137 of 594]
-9999 -9999 -9999 -9999 -9999 -9999 -9999 -9999 -9999 -9999 -9999 -9999 -9999 -9999 -9999 -9999 -9999 -9999 -9999 -9999 -9999 -9999 -9999 -9999 -9999 -9999 -9999 -9999 -9999 -9999 -9999 -9999 -9999 -9999 -9999 -9999 -9999 -9999 -9999 -9999 -9999 -9999 -9999 -9999 -9999 -9999
-9999 -9999 -9999 -9999 -9999 -9999 -9999 -9999 -9999 -9999 -9999 -9999 -9999 -9999 -9999 -9999 -9999 -9999 -9999 -9999 -9999 -9999 -9999 -9999 -9999 -9999 -9999 -9999 -9999 -9999 -9999 -9999 -9999 -9999 -9999 -9999 -9999 -9999 -9999 -9999 -9999 -9999 -9999 -9999 -9999 -9999
-9999 -9999 -9999 -9999 -9999 -9999 -9999 -9999 -9999 -9999 -9999 -9999 -9999 -9999 -9999 -9999 -9999 -9999 -9999 -9999 -9999 -9999 -9999 -9999 -9999 -9999 -9999 -9999 -9999 -9999 -9999 -9999 -9999 -9999 -9999 -9999 -9999 -9999 -9999 -9999 -9999 -9999 -9999 -9999 -9999 -9999
-9999 -9999 -9999 -9999 -9999 -9999 -9999 -9999 -9999 -9999 -9999 -9999 -9999 -9999 -9999 -9999 -9999 -9999 -9999 -9999 -9999 -9999 -9999 -9999 -9999 -9999 -9999 -9999 -9999 -9999 -9999 -9999 -9999 -9999 -9999 -9999 -9999 -9999 -9999 -9999 -9999 -9999 -9999 -9999 -9999 -9999
-9999 -9999 -9999 -9999 -9999 -9999 -9999 -9999 -9999 -9999 -9999 -9999 -9999 -9999 -9999 -9999 -9999 -9999 -9999 -9999 -9999 -9999 -9999 -9999 -9999 -9999 -9999 -9999 -9999 -9999 -9999 -9999 -9999 -9999 -9999 -9999 -9999 -9999 -9999 -9999 -9999 -9999 -9999 -9999 -9999 -9999
-9999 -9999 -9999 -9999 -9999 -9999 -9999 -9999 -9999 -9999 -9999 -9999 -9999 -9999 -9999 -9999 -9999 -9999 -9999 -9999 -9999 -9999 -9999 -9999 -9999 -9999 -9999 -9999 -9999 -9999 -9999 -9999 -9999 -9999 -9999 -9999 0.913521409034729 -9999 -9999 -9999 -9999 -9999 -9999 -9999 -9999 -9999
-9999 -9999 -9999 -9999 -9999 -9999 -9999 -9999 -9999 -9999 -9999 -9999 -9999 -9999 -9999 -9999 -9999 -9999 -9999 -9999 -9999 -9999 -9999 -9999 -9999 -9999 -9999 -9999 -9999 -9999 -9999 -9999 -9999 -9999 -9999 0.496518868207932 0.736219680309296 0.866094094514847 0.913521617650986 -9999 -9999 0.912187528610229 0.12531444132328 0.48584930896759 0.913521617650986 -9999
-9999 -9999 -9999 -9999 -9999 -9999 -9999 -9999 -9999 -9999 -9999 -9999 -9999 -9999 -9999 0.307008022069931 0.499999767541885 0.493400341272354 0.493845516443253 0.0755909621715546 0.00873396806418896 0.00494526866823435 0.0049643280915916 0.0680251318961382 0.0183967124670744 0.838895177841187 0.0252531498670578 0.913486528396606 -9999 -9999 -9999 0.913521617650986 0.913445740938187 0.91274521946907 0.899434047937393 0.768198782205582 0.830317723751068 0.83638898730278 0.74604959487915 0.87336391210556 0.882669323682785 0.869626849889755 0.00406171050854027 0.0667859005508944 0.0511159755289555 0.814780795574188
-9999 -9999 -9999 -9999 -9999 -9999 -9999 -9999 -9999 -9999 0.112959173321724 0.224367815256119 0.171850875020027 0.256412887573242 0.0433924175798893 0.0942737847566605 0.0594827145338058 0.0228322222828865 0.0188942801207304 0.0408706028014421 0.00873156627640128 0.00888143656775355 0.0178784634917974 0.0591929920017719 0.0242604576051235 0.0363837510347366 0.0351398050785065 0.0627454362809658 0.913521599769592 0.161095744371414 0.146007795631886 0.909134536981583 0.0127068554982543 0.012163579557091 0.00410339832305908 0.00550894080661237 0.00870180986821651 0.0130226779729128 0.0147390494123101 0.893487679958344 0.025947817414999 0.0303318899124861 0.023690926656127 0.0527877405285835 0.075113245844841 0.913521498441696
-9999 -9999 -9999 0.0564218252897263 0.0832177937030792 0.0418183483183384 0.116698348522186 0.178345492482185 0.223713275790215 0.242911621928215 0.161839325726032 0.0471401356160641 0.0301466509699821 0.0320125006139278 0.0712713479995728 0.138113333284855 0.110107991099358 0.11497587710619 0.0551006726920605 0.154386803507805 0.0255882263183594 0.0205856151878834 0.0359794095158577 0.0501067742705345 0.0462387919425964 0.0723041698336601 0.0984580621123314 0.11360469609499 0.0687027163803577 0.0376013733446598 0.062977758795023 0.0175240648910403 0.0343177299946547 0.0249960768967867 0.0143307508900762 0.0228465132415295 0.0213219169527292 0.0819053664803505 0.0492825053632259 0.0449407294392586 0.0431052096188068 0.0417794309556484 0.115113420784473 0.0574017241597176 0.77957102060318 0.837022125720978
-9999 0.083714135736227 0.119287349283695 0.0641031093895435 0.0242248294875026 0.0192400880157948 0.0145335717126727 0.0143754884600639 0.0235693721100688 0.0472536027431488 0.0282667145133019 0.050318693369627 0.00871301852166653 0.0325858488678932 0.0991302385926247 0.0345615860074759 0.0976546123623848 0.0448741585016251 0.0357231516391039 0.0373244971036911 0.0299925584346056 0.0361646514385939 0.0227546136826277 0.0168769320473075 0.0758538007736206 0.200431150197983 0.295748031139374 0.404465627670288 0.323409169912338 0.221882262825966 0.341034954786301 0.0650998070836067 0.0711183875799179 0.0283619418740273 0.0420045256614685 0.0920686691999435 0.10068865865469 0.119495485723019 0.0871458917856216 0.0492662064731121 0.0436180844902992 0.0374997407197952 0.0347111281007528 0.0335026189684868 0.0681641884148121 0.135253101587296
0.0118505688384175 0.0161665054038167 0.00819984218105674 0.0123666319996119 0.0104277882725 0.0116158391349018 0.0357040803879499 0.00948319965973496 0.0205192865803838 0.0201132159680128 0.0281361229717731 0.0285284008830786 0.0295813374221325 0.0290598310530186 0.0887196198105812 0.0486937180161476 0.0533857055008411 0.0328983653336763 0.0754979908466339 0.0406932219862938 0.0719744384288788 0.157131519913673 0.0497873142361641 0.047243732586503 0.0492332510650158 0.106974503397942 0.0231602700427175 0.0260390657931566 0.0520247749984264 0.0464628539979458 0.0759872913360596 0.0162125572562218 0.0236318740993738 0.0420263916254044 0.157642942667007 0.129162400960922 0.121752695739269 0.190381062030792 0.226347830891609 0.116462385654449 0.0674164436757565 0.114447282254696 0.104082654416561 0.183579638600349 0.12558466643095 0.0629392750561237
0.00504493843764067 0.00036046382447239 0.00375585565343499 0.00567593611776829 0.0184562454000115 0.019257627427578 0.133218704164028 0.122563694417477 0.0311645433306694 0.0933896705508232 0.103880183398724 0.0657679550349712 0.0596434630453587 0.0414535872638226 0.0261565200984478 0.0210635453462601 0.00429082703776658 0.0368574239313602 0.00316275258082896 0.0016693503363058 0.00125661753118038 0.00110675867181271 0.00101651751901954 0.00177742248633876 0.00120412647956982 0.00575763527303934 0.0426306135952473 0.0778993681073189 0.230202797055244 0.0318001568317413 0.0278494957834482 0.00686474349349737 0.0109354397282004 0.0118652511388063 0.0944964602589607 0.0718970380723476 0.0566050641238689 0.00616348437033594 0.0845088131725788 0.105555555224419 0.115926639735699 0.0795447789132595 0.10304418951273 0.0923433601856232 0.0580765649676323 0.0361437357962131
0.00284024346619844 0.00419099749997258 0.00773003259673715 0.00934939170256257 0.00600502034649253 0.0612870052456856 0.187717106938362 0.0191213674843311 0.0144744869321585 0.0346701707690954 0.0250087857246399 0.0180449403822422 0.0112789038568735 0.00136142342817038 0.00123136340407655 0.00105560383526608 0.000990737619576976 0.00105449265101925 0.00104456984554417 0.000792743114288896 0.000632580387173221 0.000374863864271902 0.00016616698121652 0.000106357589538675 0.000108124321559444 9.26383654586971e-05 0.000162636964523699 0.00415865979157388 0.0366404645144939 0.0671634808182716 0.10021403580904 0.0541466347873211 0.0121087680570781 0.0421080365777016 0.0650091975927353 0.0203444421291351 0.0126719167456031 0.0343721743673086 0.00810519345104694 0.00424676253460348 0.00625682990066707 0.00410526185296476 0.0779264397919178 0.148945134878159 0.030435511469841 0.00547582991421223
0.00712760100141168 0.00334371896460652 0.00969301294535399 0.0162261145189404 0.0163618721067905 0.0073671530932188 0.00991172483190894 0.00967401182278991 0.0191249024122953 0.0102419075556099 0.00651565818116069 0.00615045549347997 0.00603423519060016 0.00706309471279383 0.00610276898369193 0.000957061338704079 0.000683827116154134 0.00557227842509747 0.00071002195472829 0.000988551799673587 0.000387456850148737 0.000135356491955463 8.37878073070897e-05 6.03206688538194e-05 3.18254202284152e-05 2.69413496425841e-05 2.63776040810626e-05 3.80219433282036e-05 7.43030475859996e-05 0.000157822719484102 0.000713996804552153 0.00205527939833701 0.0493790596723557 0.411025184392929 0.407494968175888 0.0938841044902801 0.120037965476513 0.00475219828076661 0.00933976890519261 0.0106705604121089 0.0107299851253629 0.01277269218117 0.0327616255730391 0.0356304626911879 0.0081205565482378 0.0179712552577257
0.00747312186285853 0.00851684026420116 0.00603009173646569 0.0102059277705848 0.0257457094267011 0.0472955748438835 0.0204686323180795 0.0110006086528301 0.0125065691769123 0.0100811803713441 0.00643192157149315 0.00538861751556396 0.00100540684070438 0.000887506746221334 0.00719737196341157 0.0102629468776286 0.00678106574341655 0.00489024519920349 0.00960737410932779 0.00159978736191988 0.000425808862200938 0.000291814398951828 0.000145874991721939 5.7055386423599e-05 2.6338936004322e-05 1.56049359247845e-05 1.95240565517452e-05 1.18090070373e-05 4.15318754676264e-05 4.99986108479789e-05 0.000159791875921655 0.000496199695044197 0.00587970800697804 0.0068621726706624 0.0866718962788582 0.494413012266159 0.135258518159389 0.181102722883224 0.277470964193344 0.449059361219406 0.0835920073091984 0.0302611488848925 0.00758334239944816 0.0374835908412933 0.0150251542218029 0.0348409663885832
0.0235960502177477 0.0133810307830572 0.0188890513032675 0.0192184362560511 0.0195802008733153 0.0349669858813286 0.0391151074320078 0.015692869015038 0.0135948581621051 0.00729857627302408 0.00464827194809914 0.00610158061608672 0.000956409471109509 0.00614607483148575 0.00560735398903489 0.00632441062480211 0.00775469271466136 0.00126669328892604 0.000943366828141734 0.000225567143934313 0.000326752790715545 0.000356047169771045 0.000260580683243461 0.000110817753011361 4.4446371612139e-05 5.37722098670201e-05 3.46861921570962e-05 2.42742233240278e-05 2.02607818209799e-05 3.61703179805772e-05 7.18807379598729e-05 0.00057833013124764 0.00122020739363506 0.00392180420458317 0.00722997067496181 0.0942542389035225 0.178384992480278 0.473520308732986 0.0997021608054638 0.0542249977588654 0.00273357213009149 0.0358666565269232 0.00438939379528165 0.00318308130372316 0.00337022179737687 0.00832170872017741
0.0153041262179613 0.0162657717242837 0.017704345099628 0.0178019041195512 0.0308609589934349 0.0437564462423325 0.0362638391554356 0.0273441512137651 0.0263936586678028 0.0121562274172902 0.0050395889673382 0.00438118469901383 0.00434277853928506 0.00501396511681378 0.00677413437515497 0.00113576032454148 0.00207397385966033 0.000887534255161881 0.000707496341783553 0.000703636056277901 0.00482352813705802 0.00256402988452464 0.000429123878711835 0.000393865801743232 0.000295091513544321 6.80649180139881e-05 5.53365458472399e-05 4.42615055362694e-05 2.72545154075488e-05 2.64258404058637e-05 1.95003371118219e-05 2.84298479527934e-05 8.84707937075291e-05 0.000974288501311094 0.00193570903502405 0.00135477822041139 0.0123180884867907 0.0276870042085648 0.00494917342439294 0.000846870441455394 0.00178809503559023 0.00237449880223721 0.00917440243065357 0.00106059558456764 0.000437667168444023 0.00113883500453085
0.0151627479121089 0.0137326607480645 0.0118548108264804 0.017082236520946 0.0418918706476688 0.0278231985867023 0.0195467064157128 0.0215805415064096 0.0147760892286897 0.00969210052862763 0.00585016333498061 0.00462989960797131 0.000624596851412207 0.000520831617177464 0.0012535378918983 0.00121689378283918 0.00093296798877418 0.000890629756031558 0.0139644561335444 0.000868001661729068 0.000602118938695639 0.000549464282812551 0.000420155547908507 0.000201349884446245 0.000194502504018601 5.6781223975122e-05 5.8879675634671e-05 3.51259299350204e-05 1.86937246326124e-05 1.07082909380551e-05 8.21060561975173e-06 8.80475490703248e-06 3.25413389873575e-05 4.2350219518994e-05 0.000121495615167078 0.000190141306666192 9.37754652113654e-05 8.88346527062822e-05 7.50709936255589e-05 0.000275147444335744 0.000144376477692276 0.000171684646920767 0.000325776572572067 0.000164602931181435 7.19144161848817e-05 0.000106304176733829
0.0141096416860819 0.0111686768010259 0.00968875614926219 0.0162251733243465 0.0178191661834717 0.0114906808361411 0.00865776967257261 0.00945506384596229 0.00562940314412117 0.00405514035373926 0.00392020284198225 0.00436003892682493 0.000550570100313053 0.000366223062155768 0.000463309010956436 0.000855953432619572 0.00589017253369093 0.00329815205186605 0.00849205665290356 0.00095208011334762 0.000588245096150786 0.000410381046822295 0.00021417717798613 0.000107426106114872 0.000123816028644796 6.01289448241005e-05 3.07446116494248e-05 1.51719124914962e-05 7.90679328019905e-06 9.35987945922534e-06 2.13500077734352e-05 8.1211258930125e-06 7.06714454281609e-06 6.51869590910792e-06 6.15176013525343e-06 6.74857983540278e-06 8.27156732157164e-06 7.98165488049563e-06 7.17145940143382e-06 7.93723725109885e-06 1.10214028609334e-05 9.11448105398449e-06 2.09329695280758e-05 3.67533681128407e-05 5.716472005588e-05 8.0673408228904e-05
