Maxent_result_files_2/B_ruderarius_3.asc
NCOLS 594 
NROWS 330 
XLLCORNER -15 
YLLCORNER 23 
CELLSIZE 0.166666666666667 
NODATA_value -9999 
[rows 160 to 179 of 330, columns 460 to 505 of 594]
2.21136349864537e-05 2.01685770207405e-05 1.56755911120854e-05 2.45648219333816e-05 1.3275390074341e-05 1.28968972376242e-05 1.14032309738832e-05 1.09065936158004e-05 1.05825443142749e-05 1.01555507399098e-05 1.05056389884339e-05 9.79265632850002e-06 8.54554843954247e-06 8.80353425145586e-06 7.90952110492071e-06 5.69572123367834e-06 6.19589023926892e-06 6.80077348533814e-06 8.02811133553405e-06 7.88186425779713e-06 1.88382451142388e-05 8.54294178225245e-06 9.73740445715521e-06 2.66267873939796e-05 1.9413150539549e-05 9.41226672921403e-06 2.36324220622919e-05 2.64371341529568e-06 2.54396142281621e-05 1.44821691492325e-05 3.70141332496132e-05 2.18109808884037e-05 6.38793162579532e-06 7.24068279396306e-06 1.87284212415761e-05 1.41526677680304e-05 1.51087752328749e-05 1.42126446007751e-05 1.39535805146807e-05 3.69652657354891e-05 3.91721325286198e-05 1.71818733178952e-05 1.95685165181203e-05 2.12621782793576e-05 3.58365738065913e-05 5.6912779200502e-06
1.74357910054823e-05 1.50561211739841e-05 1.28461656458967e-05 1.1792668169619e-05 1.08301135469446e-05 1.04175339174617e-05 1.04294987067988e-05 1.0973859752994e-05 1.14042327595598e-05 1.11818316554491e-05 1.10038386765154e-05 1.02293348390958e-05 9.15511266157409e-06 6.7400410330265e-06 5.96512929860182e-06 5.64340697337684e-06 4.92296901484224e-06 5.02912089359597e-06 1.00223670528976e-05 1.36685820962157e-05 6.11794296219159e-06 7.10625233750761e-06 8.1017669231187e-06 9.88587944448227e-06 1.12627200223869e-05 5.75922201733192e-06 5.21992598692123e-06 6.71469798589897e-06 2.09101135624223e-05 2.1858438401523e-06 3.0816430808045e-06 3.0926011459087e-05 2.02729333068419e-05 1.67460382044737e-05 1.20925861438081e-05 1.23630795314966e-05 3.34211457811762e-05 1.29753831743074e-05 1.31009407823512e-05 1.47071647461416e-05 1.71475579463731e-05 4.52900888376462e-05 5.0293197909923e-05 1.91721407190926e-05 1.80560468834301e-05 4.71048349027114e-05
1.38192101303503e-05 1.1600319567151e-05 1.01155125548758e-05 9.75760424353211e-06 9.67956839303952e-06 9.5326982318511e-06 1.03917714795898e-05 9.37123556923325e-06 7.5261651090841e-06 7.75659150349384e-06 1.0243907468066e-05 9.38929156291124e-06 7.24061414985044e-06 5.93054651290004e-06 5.25329139691166e-06 4.93578439773046e-06 4.35104072948889e-06 4.47603403017638e-06 1.11612854425402e-05 5.34097501940778e-06 5.84031751031944e-06 7.13351079184577e-06 8.81080286490032e-06 9.79866501893412e-06 2.70790862487047e-05 2.37517382629449e-05 1.7172045636471e-05 1.85450002163634e-06 2.04945148993829e-06 1.62760390765015e-06 1.62415070974475e-06 7.02690495018032e-06 3.03284428468942e-06 2.9396929039649e-05 1.39829752697551e-05 1.27374294379479e-05 1.28445118889431e-05 1.32825970013073e-05 1.44970973678937e-05 1.49202903230616e-05 1.57187958393479e-05 1.81052042989904e-05 1.74814229012554e-05 1.63611876359937e-05 1.61347378252685e-05 1.51227897049466e-05
1.18770446761118e-05 9.45319534366717e-06 8.51072525165364e-06 8.1014202123697e-06 6.55629580705863e-06 6.0042680161132e-06 7.40024220249325e-06 8.04543042249861e-06 6.04168361633128e-06 6.4381970219074e-06 7.27213307527563e-06 5.70098148955367e-06 5.37427989684147e-06 5.74733926441695e-06 5.22125566249088e-06 4.19217191733878e-06 3.50239423596577e-06 4.18007100506657e-06 4.04514272531742e-06 4.07747465942521e-06 4.38219568081877e-06 1.29416260506332e-05 6.11322484473931e-06 7.08689264001805e-06 2.21192307435558e-05 2.09535892281565e-05 1.57285124032569e-05 2.29447707624786e-05 2.96829705916934e-06 1.93317156629291e-06 1.90227539178522e-06 1.79670918441843e-05 3.40933309416869e-05 3.47803981640027e-05 1.39387227363841e-05 1.404046342941e-05 1.203718979923e-05 1.15926999797011e-05 1.19024896548581e-05 1.30916823309235e-05 1.29404175595482e-05 1.42391865210811e-05 1.37186773599751e-05 1.37394662715451e-05 1.28841734294838e-05 3.16996352012211e-07
9.47778939917043e-06 7.88926414543312e-06 7.24215529999128e-06 6.14448979376903e-06 5.33216776830159e-06 5.40469217185091e-06 5.51264796513351e-06 5.50123506855016e-06 4.70296822641103e-06 4.36462207176191e-06 5.77128807890404e-06 4.22674048650151e-06 3.68601572517946e-06 4.24800199994024e-06 3.41846923106459e-06 3.21051775244996e-06 2.74164621600903e-06 2.94722715921125e-06 9.13631230332612e-06 3.59884826934831e-06 3.42886763178285e-06 4.51939420145209e-06 6.70038436965115e-06 5.98418818071877e-06 4.85045161440212e-06 7.21838994195423e-06 8.56112563951683e-06 9.05913352653442e-06 1.6543569768146e-05 1.55202908729279e-06 1.0770062976917e-05 1.87002620805288e-05 3.7829733446415e-05 2.83899276382726e-05 1.34283463012252e-05 1.20808220799518e-05 1.05773855466396e-05 9.87845987765468e-06 1.06167381545674e-05 1.09592931721636e-05 1.03624270423097e-05 2.98661189845006e-05 4.11935977417954e-07 1.20873066080662e-06 2.28061573892546e-07 1.46817446822212e-07
7.25333959508134e-06 6.55824020441287e-06 5.71325758755847e-06 5.00462680292912e-06 4.37918323541453e-06 4.33319327157733e-06 4.37581531969045e-06 4.10265216146399e-06 3.36690427502617e-06 3.52095560174348e-06 3.7651566913155e-06 3.06540840142588e-06 3.03707013813437e-06 3.03681259765654e-06 8.59233192613829e-06 2.60278108328293e-06 2.35820685929866e-06 2.40414755694474e-06 8.84440167965295e-06 3.24847634374237e-06 4.11148724310806e-06 4.48822631824442e-06 4.04252438102048e-06 8.54466669579779e-06 4.01029324734736e-06 5.14958773010221e-06 6.74702819196682e-06 8.23944542389654e-06 2.52787442150293e-05 1.13524215066718e-05 2.36701191170141e-05 3.12093138290948e-05 1.31075930994484e-05 3.2444329417558e-05 1.14778994202425e-05 1.16959750357637e-05 1.05112459095835e-05 9.34494744342373e-06 9.44990172229154e-06 9.62707556482201e-06 1.02263191138263e-05 1.05570172763692e-05 2.01010448419581e-07 1.56626663510906e-05 1.72704038403637e-07 1.18952490765878e-05
5.97025604065493e-06 4.89500504272655e-06 4.44848494680627e-06 3.98381406512272e-06 3.52370167320259e-06 3.10851817744151e-06 3.43942140261788e-06 3.69232034813649e-06 2.99410091315622e-06 3.08774880863893e-06 2.96915617354898e-06 2.39149622984769e-06 2.19267676300205e-06 2.29819702042278e-06 3.73464411609348e-06 2.81082679407518e-06 2.10739889041633e-06 2.34613231953062e-06 2.49302723318578e-06 2.89378836555443e-06 2.94382168135598e-06 3.35765508907571e-06 6.54650674505319e-06 3.73632504420129e-06 5.93208333157236e-06 5.88686596074695e-06 6.52502661750987e-06 7.89238747529453e-06 9.18178238862311e-06 1.063610784513e-05 1.23054438518011e-05 1.34365483518195e-05 2.53319034982269e-05 3.6651227674156e-05 1.22080756455034e-05 1.07596275483957e-05 1.00837203035553e-05 1.04783404367481e-05 1.08040460645498e-05 1.01010606613272e-05 1.03213478723774e-05 9.19433571198169e-06 6.92218197073657e-07 1.30406784592196e-05 1.67182974264435e-07 6.14963619582909e-07
4.35759305332795e-06 3.6785328006772e-06 3.58795338115669e-06 3.6003731963774e-06 3.06609574067807e-06 2.75347102274281e-06 2.39279467848519e-06 2.52400120359653e-06 2.85769831407379e-06 3.02644546650299e-06 2.88760351736528e-06 2.23429936170305e-06 1.97821528900022e-06 1.95090863996938e-06 3.06041386011202e-06 1.94880005892628e-06 1.89182371741481e-06 2.4926520865165e-06 7.06538736494622e-06 9.46090386833021e-06 1.40245713851073e-06 7.59841232138569e-06 3.26119789519908e-06 4.42681499635e-06 6.38852594647688e-06 6.79324662087311e-06 7.38663035235732e-06 8.70711551215209e-06 9.38485588903859e-06 1.11337319594895e-05 1.32396346771202e-05 1.54133685100533e-05 1.47077616475144e-05 1.1832039467663e-05 1.07366417296362e-05 1.1236212071708e-05 1.23234422062524e-05 1.16892867254137e-05 1.18022864171508e-05 1.1386875826247e-05 1.08623356027238e-05 9.47179914874141e-06 3.34683934397617e-06 9.1835205012103e-06 8.81733442383847e-06 5.56962698361474e-07
3.26987419043689e-06 3.06728919667876e-06 2.9295004424057e-06 2.68860455321374e-06 2.67833135296769e-06 2.40475056045852e-06 2.13496045375905e-06 2.04975371218552e-06 2.05634870269478e-06 2.58640443462355e-06 2.62197804659081e-06 2.57559644865069e-06 2.19940402530483e-06 1.80613349414216e-06 1.76088386467654e-06 1.98490861009759e-06 1.84138201575479e-06 2.12213555812468e-06 6.46019519763286e-06 9.88678673365939e-06 5.81258035481369e-06 3.73617954210204e-06 5.39424252110621e-06 4.23735430672423e-06 4.59936153447416e-06 3.97760889541132e-06 4.04081294504977e-06 6.08154086876311e-06 8.92983221092436e-06 1.07796998690901e-05 1.27659845020389e-05 1.27592752505734e-05 1.22055008432653e-05 1.18964055218385e-05 1.16375230845733e-05 1.20948507174035e-05 1.28571597770133e-05 1.2187246807116e-05 1.20247854056288e-05 1.35327505631722e-05 1.27994290096467e-05 1.11817171500661e-05 1.15197453851579e-05 9.25494734929089e-06 8.60021627886454e-06 4.85408586428093e-06
3.11810294988391e-06 2.50872676019753e-06 2.26874450106607e-06 2.11342581053486e-06 2.08229764666612e-06 2.07066398445477e-06 1.96162013139656e-06 1.94156740462859e-06 1.85900437372766e-06 1.90644226449876e-06 2.20344615513568e-06 2.14377725740178e-06 1.73415590438708e-06 1.93971395390236e-06 1.79816221361762e-06 5.04322634355958e-06 1.95907077227275e-06 2.16743005410081e-06 2.1674233128266e-07 2.73915688921988e-06 3.58372620326008e-06 4.47882109710918e-06 6.12871987186736e-06 6.07160584422672e-06 5.84635233735753e-06 4.50768548603264e-06 3.50630230627758e-06 6.27430853228361e-06 9.1073906787642e-06 1.19996565672409e-05 1.52351662791261e-05 1.34900096099955e-05 1.34903264324748e-05 1.53240304371138e-05 1.28528729192112e-05 1.46898738648815e-05 1.3868103292225e-05 1.3680865617971e-05 1.43932007176772e-05 1.31801716406699e-05 1.18749628654768e-05 1.25670880606776e-05 1.33891311634216e-05 1.05924283616332e-05 8.61510185359293e-06 8.07108048093141e-06
2.87308444057999e-06 2.65345141201578e-06 1.30163715112985e-06 1.9626490598057e-06 1.79605534924576e-06 1.78317341408274e-06 1.84357906505284e-06 1.7803827319085e-06 1.91014274264489e-06 1.92346559231282e-06 1.89271421788817e-06 4.7235332431228e-06 1.78327143203205e-06 1.87452655779907e-06 2.01797493559752e-06 2.11340221767387e-06 2.12870812674737e-06 2.1993267552034e-06 2.27709336115822e-06 3.03805750263564e-06 4.16073898463765e-06 5.25963193922507e-06 6.05475037218639e-06 6.23404297357411e-06 6.08107492325871e-06 5.36413025429283e-06 4.02967204991001e-06 5.03896591226294e-06 7.56303645630396e-06 1.21953849429701e-05 1.62353119776526e-05 1.50878795466269e-05 1.46647153087542e-05 1.65254419698613e-05 1.59694149260758e-05 1.85508140020829e-05 1.76970969278045e-05 1.86859677341999e-05 1.59349122441199e-05 1.23811480307268e-05 1.29383830653751e-05 1.25705903428752e-05 1.11097748231259e-05 9.23120278457645e-06 7.9714058188074e-06 7.22491823808014e-06
2.05863114217664e-06 2.13566476077176e-06 1.7793204648342e-06 1.65078695886223e-06 1.61475430502378e-06 1.58586603618005e-06 1.69512094885249e-06 1.68802787641198e-06 1.88335605457723e-06 1.59678074282965e-06 1.89868588051922e-06 1.70054766783778e-06 1.81422477396609e-06 2.12229305134315e-06 2.16377628703412e-06 2.11264782024045e-06 2.17993883495637e-06 2.07029691239313e-06 2.33429881006941e-06 3.3164282854159e-06 4.45376397806285e-06 4.9889354215793e-06 4.83552134369347e-06 4.7899443075039e-06 5.35652591224789e-06 5.6377383657491e-06 4.40858742081218e-06 4.85191484926872e-06 7.28898966144698e-06 1.17491945957227e-05 1.38685439196706e-05 1.48878399841124e-05 1.70297538716113e-05 2.0898056209262e-05 1.83389236553921e-05 2.12804246984888e-05 2.04283743187261e-05 1.73239016021398e-05 1.5384208973046e-05 1.35310254790966e-05 1.31116211605331e-05 1.11371565708396e-05 1.02058452284837e-05 8.83704763054993e-06 8.84959708855604e-06 6.87671335981577e-06
1.85620693855526e-06 1.21276982545382e-07 1.49500865802565e-06 1.48913181874377e-06 1.5289712109734e-06 1.56828951674015e-06 1.45087222023221e-06 1.57080464191495e-06 1.56403089874857e-06 1.71987808244012e-06 1.92882575902331e-06 1.63046512113851e-06 1.78342712899848e-06 1.89917433317532e-06 1.92724815235579e-06 1.93656394742447e-06 2.09895351304112e-06 2.31540414290521e-06 2.72081024945692e-06 3.15314654244503e-06 3.42146812499777e-06 3.63704359642725e-06 4.25325987407632e-06 4.168535451754e-06 4.30285954848841e-06 5.6421138992846e-06 4.42907798401393e-06 5.21176796155487e-06 6.72500610789939e-06 9.63136803875386e-06 1.15277900704314e-05 1.28891603026204e-05 1.93103462152067e-05 1.55059330836593e-05 1.63549158969545e-05 1.80693821221212e-05 1.62251566052873e-05 1.91379545867676e-05 1.44841529845507e-05 1.08213202793195e-05 8.88731192389969e-06 8.88269723873236e-06 8.90396229351609e-06 8.85811991793162e-06 7.90552004445999e-06 6.28884648676831e-06
2.02753695646152e-06 9.18439523900361e-07 1.40153386638531e-06 2.30995241334853e-07 3.20207242943127e-07 1.4250373240543e-06 1.54863625141388e-06 1.54615079708265e-06 1.559834763043e-06 1.51845526943362e-06 1.63791725924511e-06 1.65526058992782e-06 1.66139655846109e-06 1.52920403593271e-06 1.68941649292265e-06 1.90293349646709e-06 2.13733041505293e-06 2.47450713573016e-06 2.88494235860526e-06 2.95688604410316e-06 3.22906486189822e-06 3.07177178910933e-06 2.92735667244415e-06 3.15010711346986e-06 3.61870029337297e-06 5.08644992578411e-06 4.58412470152325e-06 4.65250881234169e-06 6.54885664062022e-06 9.45939141274721e-06 1.44297160204587e-05 1.55884543346474e-05 1.49922026821514e-05 1.26072258581189e-05 1.44833791182464e-05 1.52209953739657e-05 1.09828238464615e-05 1.13160285081904e-05 1.25986348621154e-05 9.95746449916624e-06 8.03638787374439e-06 9.14127961095801e-06 7.79602962666104e-06 7.58696232878719e-06 7.44395796345998e-06 7.34031212914488e-06
1.66256655234065e-06 4.64945522793414e-07 1.27629892432424e-06 7.99253427175017e-07 1.46168652150891e-06 1.47954710598697e-06 1.51044071827755e-06 1.50753085677025e-06 1.42169636490053e-06 1.51984612557499e-06 1.82795760128585e-07 1.58863942800735e-06 1.70630959814844e-06 1.62553054963155e-06 1.80551323580858e-06 2.1763073590364e-06 2.32977915572974e-06 2.52327884311399e-06 2.55900942534026e-06 2.54600429059337e-06 2.83352248118263e-06 2.99881061778251e-06 2.92481821588808e-06 2.81366169190278e-06 3.08992615032366e-06 3.69779380662294e-06 5.01602630151865e-06 5.3658263482248e-06 5.32258585508316e-06 8.28707169375775e-06 1.10918676909932e-05 1.3479371386893e-05 1.47492910400615e-05 1.39237681196391e-05 1.22738636036956e-05 1.31525534698085e-05 1.08663336732207e-05 8.99924950772402e-06 8.7560592646696e-06 8.81678786299744e-06 7.06984631051455e-06 6.58871294945129e-06 6.06763211408179e-06 6.04687700160866e-06 6.28077699502683e-06 7.03217721138571e-06
1.21466110982738e-06 1.1805810075316e-06 1.26893029914754e-06 1.34136203513435e-06 1.46141116346143e-06 1.61099258946251e-06 1.48445598284752e-06 1.49367345159135e-06 1.48033214202314e-06 1.46522777981772e-06 1.44390148477669e-06 1.4973615833469e-06 1.88305652955023e-06 1.62041202997898e-06 1.84229569129002e-06 1.99682848176508e-06 2.23635587985882e-06 2.32244199480647e-06 2.22372379425906e-06 2.34091161814831e-06 2.65310308407152e-06 2.85338007017799e-06 2.87127133731246e-06 2.77386393179313e-06 3.04375430459913e-06 3.20888776172978e-06 3.83325850066285e-06 5.13194213453971e-06 5.82593312401514e-06 7.9401608218177e-06 1.08745416127931e-05 1.80728993200319e-05 1.68262501119898e-05 1.25850237282066e-05 9.20486115774111e-06 9.92525865513017e-06 1.02944092532198e-05 9.11109032131208e-06 6.90754295646911e-06 7.21988310488086e-06 7.46657937042983e-06 5.93888527191666e-06 1.98017994001987e-07 5.70803092614369e-06 5.51747224335486e-06 5.21546709251197e-06
1.23203615203238e-06 1.21822518508452e-06 5.45242837901583e-07 1.31863266261689e-06 1.49165252310013e-06 1.92358277786298e-06 1.44802275769962e-06 8.48064591707498e-07 1.41087051162003e-06 1.51179785916611e-06 1.53080586358101e-06 1.63304636373596e-06 1.64041096013534e-06 1.71879009940312e-06 1.69582930880097e-06 1.7620135395191e-06 1.98983989889712e-06 2.17827639232837e-06 2.03978909496527e-06 2.15182505769462e-06 2.37863631582513e-06 2.61727039685411e-06 2.80352331287759e-06 2.52869388930321e-06 2.91370639047273e-06 3.38554342533826e-06 4.12806255098985e-06 5.41523999117999e-06 6.19706556790334e-06 7.94723267745212e-06 1.25454954286397e-05 2.227471381957e-05 1.37122416390412e-05 9.93902810932923e-06 7.95797241153195e-06 7.08135719378333e-06 8.09912504564636e-06 7.96799085946986e-06 6.28018897259608e-06 6.22562587295761e-06 5.82254584742259e-06 5.22758417673686e-06 5.31512420138824e-06 5.36816352223468e-06 4.59577622109464e-06 3.95794342011868e-06
1.36483440940083e-06 1.36728954913679e-06 1.45339017905144e-06 1.3337495659016e-06 1.75256597856333e-06 4.61282577290945e-07 1.19740011115255e-06 1.18002942195439e-07 1.30941268006168e-07 7.13750787029177e-08 5.47075411971854e-08 1.47860258863375e-06 1.71250621860963e-06 1.66436053348207e-06 1.67465411493595e-06 1.75208787140946e-06 1.80284456803292e-06 2.0125413726646e-06 2.04426059440266e-06 2.19048899623431e-06 2.24311402234889e-06 2.36833012081661e-06 2.64950014923215e-06 2.53395016045488e-06 2.80046120622046e-06 3.60389306024445e-06 5.30796229440966e-06 7.2093793392014e-06 7.83098175816122e-06 1.01998911986811e-05 1.10979900455277e-05 1.09490601971629e-05 1.07271977412893e-05 8.77784885915389e-06 7.60587234935883e-06 6.8423439529397e-06 5.60249770842347e-06 5.27035173263357e-06 5.37737730610388e-06 5.49480394056445e-06 5.32365515937272e-06 5.76110561496534e-06 5.43429199524326e-06 4.74608840477231e-06 3.97054079144254e-06 3.42490916409588e-06
1.40693892234367e-06 1.35472655671265e-06 1.41672465332476e-06 1.43113948780638e-06 1.3882347047911e-06 1.32512040096344e-06 7.95884930937518e-07 5.39027299595318e-07 4.99951977817048e-08 5.27325218602215e-08 4.99922094832073e-08 6.82564258114304e-08 1.88944331398488e-06 5.64168869132686e-07 1.66438783537615e-06 1.73437321677739e-06 1.73197716435425e-06 1.78771713024162e-06 1.88316345202111e-06 1.98246056299922e-06 2.14909726992119e-06 2.2879505166884e-06 2.3799946006875e-06 2.59678877796432e-06 3.23351570159502e-06 3.92777207594008e-06 5.68437902757069e-06 8.54559817753398e-06 9.93554990600387e-06 1.12336730580864e-05 9.65854567311908e-06 8.11572103884828e-06 8.05010724889144e-06 6.72287808356486e-06 5.04852598623984e-06 5.88312074114583e-06 4.51226339919231e-06 4.01623185553035e-06 5.2512413049044e-06 5.65088583925899e-06 4.90444407432733e-06 5.54953421669779e-06 4.8064730265196e-06 3.80858258495209e-06 3.41085639092853e-06 3.12226695768914e-06
1.40066370164504e-06 1.52806516950932e-06 1.52365757770667e-06 1.52948135365705e-06 1.39314444140837e-06 1.33849939345509e-06 2.03682686716888e-07 6.99051459940314e-08 2.97055702591642e-08 2.46671593706616e-08 4.54899488522287e-08 1.54019002849282e-06 1.68981744366192e-06 1.70287029561678e-06 1.69290933058619e-06 1.65641120020155e-06 1.72321894069682e-06 1.67632410921215e-06 1.85939608172703e-06 1.97456770933968e-06 2.10567066858403e-06 2.26757610448658e-06 2.42633435902917e-06 2.92570445310503e-06 3.51195035932506e-06 4.43474739313388e-06 6.17038950849746e-06 7.38532465902608e-06 8.83114164480503e-06 9.3071345872886e-06 7.99282245225186e-06 6.15154518754935e-06 4.99784870839903e-06 5.08380983319512e-06 3.99507882775652e-06 3.20385265126788e-06 3.47137475387171e-06 4.27580088739887e-06 4.27550706376678e-06 3.54868531076136e-06 3.46294270343606e-06 3.30811323010494e-06 3.23582719943261e-06 3.13549672341651e-06 2.82000724780573e-06 2.38310239240036e-06
