Maxent_result_files_2/B_ruderatus_3.asc
NCOLS 594 
NROWS 330 
XLLCORNER -15 
YLLCORNER 23 
CELLSIZE 0.166666666666667 
NODATA_value -9999 
[rows 140 to 159 of 330, columns 322 to 367 of 594]
0.0212546877563 0.0313459150493145 0.0391918256878853 0.0390786312520504 0.0338916398584843 0.0632746040821075 0.103880020976067 0.0357738241553307 0.0233156565576792 0.0161227997392416 0.00881123235449195 0.00981123559176922 0.00783591419458389 0.0447732836008072 0.0520195409655571 0.00754754208028316 0.0016254601534456 0.00403860379010439 0.021405166387558 0.0465472310781479 0.0383134186267853 0.00974228465929627 0.0124257635325193 0.0204870041459799 0.0027549177641049 0.0020230692345649 0.00398887968622148 0.0265718057751656 0.031287119910121 0.0374377705156803 0.0264988329261541 0.0260588325560093 0.0152621760964394 0.00146883178967983 0.00419439468532801 0.019049533456564 0.019789295271039 0.0235026758164167 0.0206577755510807 0.0216647155582905 0.021848520450294 0.0170461926609278 0.0227223029360175 0.0226392168551683 0.0241119794547558 0.0193697731941938
0.0337752025574446 0.0332038056105375 0.0333176128566265 0.0334587078541517 0.0332177057862282 0.0322655163705349 0.0311124965548515 0.0326712533831596 0.0327605571597815 0.0600717768073082 0.0312286905944347 0.0403580725193024 0.0392327293753624 0.0129645831882954 0.0278300508856773 0.00777990827336907 0.00381876770406961 0.0196011532098055 0.0221137469634414 0.0417032480239868 0.0263131741434336 0.00804903004318476 0.00524414405226707 0.0042296277359128 0.00173436386976391 0.00224585775285959 0.00327657628804445 0.012969122454524 0.0258819308131933 0.0253274615854025 0.0302958380430937 0.0230949521064758 0.0178680308163166 0.00221496690064669 0.00220752323511988 0.0144070073962212 0.021153143979609 0.0212185259908438 0.0217434268444777 0.0221126632764935 0.0212333085015416 0.019589864090085 0.0115895075723529 0.00633334862068295 0.0207064537331462 0.0178049080073833
0.0331663433462381 0.0396189913153648 0.0371775917708874 0.0357737954705954 0.0344610638916492 0.0391607232391834 0.0212059184908867 0.0341137282550335 0.0350300040096045 0.0410566240549088 0.0116036478430033 0.0184406463056803 0.0201626602560282 0.0356200084090233 0.0173647882416844 0.00578197306022048 0.0275947250425816 0.025458961725235 0.0228319393470883 0.027129802852869 0.00736227938905358 0.00220818682573736 0.00562988119199872 0.0100056434981525 0.00266638260800391 0.00203148806467652 0.00421526520512998 0.0213783927261829 0.0241661049425602 0.0241282545030117 0.0283760782331228 0.00346863977611065 0.0025908600538969 0.00198028867598623 0.0117115668952465 0.0186723202466965 0.0242497995495796 0.0130484685301781 0.041814099252224 0.0631356537342072 0.0260098766535521 0.0211632113903761 0.00706204744055867 0.00742328520864248 0.00815731519833207 0.00928419893607497
0.0919205874204636 0.0332560677081346 0.0282761551439762 0.0359106134623289 0.0221280604600906 0.0406961061060429 0.0619371972978115 0.0407614096999168 0.0356572594493628 0.0180019874125719 0.00641366755589843 0.00854227673262358 0.0105198990553617 0.0107421485707164 0.00528288139030337 0.013732004724443 0.0166308265179396 0.0151115044951439 0.025640169903636 0.024975897371769 0.0120919927954674 0.00581868337467313 0.00384761728346348 0.00481767412275076 0.00168688169214875 0.0137696711346507 0.0164962099865079 0.0221644902601838 0.0224861996248364 0.0228627992793918 0.0233917767181993 0.00618747090920806 0.00595762152224779 0.0084705451503396 0.0110457237809896 0.0133858598768711 0.00735711921006441 0.0360974129289389 0.0238848861306906 0.0285112794488668 0.00746838236227632 0.000900634319987148 0.0014315789565444 0.00281901387497783 0.00114288367331028 0.00222225992474705
0.0320062104612589 0.0221597496420145 0.0340288490056992 0.0386023744940758 0.0344527013599873 0.0431337870657444 0.0345202319324017 0.035321918874979 0.0349206782877445 0.00458522867411375 0.0107822762802243 0.0335542008280754 0.0386734522879124 0.0323846243321896 0.00481690266169608 0.00165487218182534 0.0256826210767031 0.0221264697611332 0.0259548928588629 0.00948540829122066 0.00437101991847158 0.00151793484110385 0.00157195531064644 0.00126210491871461 0.00520990723744035 0.0241641458123922 0.020959734171629 0.0211511263623834 0.0219208918511868 0.0222189133986831 0.0210957795381546 0.0137374002486467 0.0221642971038818 0.0111527536064386 0.0098116148263216 0.0185771819204092 0.0184809034690261 0.0177129957824945 0.0172940168529749 0.015924670919776 0.00822780542075634 0.000606686802348122 0.00286979121156037 0.000662554299924523 0.00280742980539799 0.00544035891070962
0.0299158770591021 0.033270076289773 0.0322090849280357 0.0338090248405933 0.035039371624589 0.0294388234615326 0.0415584892034531 0.0314999260008335 0.0501749932765961 0.0153504541143775 0.0289404973387718 0.0272944804280996 0.0311826810240746 0.0254995223134756 0.0378210112452507 0.0555160723626614 0.0204841677099466 0.0237331297248602 0.0246534213423729 0.00630500940605998 0.00151466680690646 0.00132616774644703 0.00147465816698968 0.00291124116629362 0.0215477302670479 0.0219965003430843 0.0571965560317039 0.0208750888705254 0.0188613085076213 0.0206251541152596 0.00821121698245406 0.000914135831408203 0.00283127292059362 0.00178335062228143 0.00192884642165154 0.0093090757727623 0.0172176750376821 0.0195483522489667 0.0159239701926708 0.0147374531254172 0.0138537369668484 0.000622451497474685 0.00195557652041316 0.0034903162624687 0.00393729861825705 0.00356504134833813
0.0350581631064415 0.0332820512354374 0.0334987323731184 0.0320893310010433 0.0323666032403708 0.0321829594671726 0.0383481360971928 0.0369962841272354 0.0301432803273201 0.0284821357578039 0.0268284771591425 0.025633354857564 0.0248726308345795 0.0239773653447628 0.0219756241887808 0.0212466035038233 0.0197699353098869 0.0149081835523248 0.0237872797995806 0.00601743264123797 0.00154074762249365 0.000813908409327269 0.00657653193920851 0.0094883143901825 0.0146338695660234 0.0164603406563401 0.00863195601850748 0.0060776749625802 0.0155401354655623 0.0302691366523504 0.0221393991261721 0.00660024434328079 0.00847294870764017 0.00682517290115356 0.00141285110730678 0.000882996455766261 0.00852566733956337 0.0213011406362057 0.0186745136976242 0.0129906116053462 0.00071162327658385 0.000347689545014873 0.00079613293055445 0.0024427369935438 0.00202380977571011 0.0184349175542593
0.0329783320426941 0.032782045379281 0.0286845877766609 0.0308438617736101 0.0299987308681011 0.0292777933180332 0.0292324256151915 0.028931013122201 0.02753766477108 0.0259329427033663 0.0240918464958668 0.0233209066092968 0.0124759884551167 0.0209537714719772 0.0135717747732997 0.0193180426955223 0.0186099998652935 0.0204925321042538 0.045911879837513 0.00930651612579823 0.00145510477013886 0.00803029658272863 0.012369498796761 0.0187630124390125 0.0216186657547951 0.0158663840964437 0.00489351758733392 0.0043656388297677 0.00402492894791067 0.00667463410645723 0.0102438012138009 0.0101455273106694 0.00563067384064198 0.0198061292991042 0.0128563420847058 0.00917754536494613 0.0165731260553002 0.0159749524667859 0.014321455731988 0.000253808847628534 0.00131532601080835 0.000963062164373696 0.000657894468167797 0.00123724753502756 0.00142304145265371 0.00351078328676522
0.0318675741553307 0.031676559150219 0.0511886321008205 0.0392170511186123 0.0282702721655369 0.0268164820969105 0.02695142775774 0.0261355347931385 0.024337787553668 0.0227618984878063 0.0218612000346184 0.0209472328424454 0.020223306119442 0.0190720539540052 0.0188525833189487 0.023411213606596 0.00885277148336172 0.0138398205861449 0.00656893169507384 0.00303535293787718 0.0172405879944563 0.0177874196320772 0.0177936499938369 0.0175906643271446 0.0231355562806129 0.0181715643033385 0.0139556275680661 0.0292487103492022 0.00489122197031975 0.00550421616062522 0.0166631584987044 0.0111857956275344 0.0117621954530478 0.0154328864067793 0.0201390840113163 0.0160261517390609 0.0194620057940483 0.0170941885560751 0.00850014612078667 0.00910122506320477 0.00756204966455698 0.000868671538773924 0.00102083408273757 0.00177239845506847 0.00103114722296596 0.00253182360902429
0.0335850164294243 0.0200578171759844 0.0317470364272594 0.0299229804426432 0.026806190982461 0.0244476348161697 0.0270864609628916 0.0187344111502171 0.0042892353143543 0.00267666853033006 0.00608039200305939 0.0111131211742759 0.0184578392654657 0.0187597831711173 0.0191328259184957 0.0106262609362602 0.0176616070792079 0.0075309150852263 0.00126526344101876 0.00526314973831177 0.0175673805177212 0.0172008890658617 0.0164995662868023 0.0160879394039512 0.0154927836731076 0.0147289104759693 0.00835687723010778 0.00890597281977534 0.0138525826856494 0.0103333905339241 0.00642864564433694 0.0102807387709618 0.0153073454275727 0.0146954907104373 0.0148989951238036 0.0162878770381212 0.020275978371501 0.0131713951006532 0.0127395797520876 0.00125592938275076 0.00309688658453524 0.00567049607634544 0.00196154066361487 0.00435128347016871 0.00414820718578994 0.00681640096008778
0.0310468249022961 0.0317597031593323 0.0315331343561411 0.0275652926415205 0.0297525152564049 0.0161315515637398 0.0143304072320461 0.00393467680551112 0.00267143053933978 0.00481351809576154 0.0325046673417091 0.0324834208935499 0.0185081409290433 0.02527090087533 0.0193823723122478 0.0198206204921007 0.0203023849055171 0.00280592022463679 0.00145388841629028 0.0229002732783556 0.0173976451158524 0.0166391925886273 0.0161475915461779 0.0159537041559815 0.0156516436487436 0.00784277794882655 0.00132608814164996 0.00865843938663602 0.01281483694911 0.0141883501783013 0.0143449788913131 0.00911400280892849 0.0146161027252674 0.0149055920541286 0.0132333105430007 0.0119979470968246 0.016815816424787 0.008875064086169 0.0210848908871412 0.0223247077316046 0.0218070473521948 0.0015413322718814 0.00131300794892013 0.0141333507373929 0.00624195439741015 0.00396439637988806
0.0338194552809 0.0192404009401798 0.0171714019030333 0.0264460925012827 0.026534877717495 0.0328608129173517 0.0532065004110336 0.0201885286718607 0.0196792658418417 0.0181167338043451 0.0178277092054486 0.0219456527382135 0.0190604798495769 0.0189540795981884 0.0198807282373309 0.0207576269283891 0.0807104289531708 0.0017391400411725 0.00217300443910062 0.00752620082348585 0.0171683641150594 0.0164079761132598 0.0158039828762412 0.0157275414094329 0.021247586607933 0.00866414718329906 0.0147325679659843 0.014555143751204 0.0146321453154087 0.0142703268676996 0.0141280628740788 0.0144196452572942 0.0151647487655282 0.0148004068061709 0.0175976978614926 0.0095598379150033 0.016253031976521 0.0164643671363592 0.0162317426875234 0.0114431733265519 0.0120962990447879 0.00194864475633949 0.00131569323129952 0.00686532137915492 0.014380401186645 0.00708059603348374
0.0318670306354761 0.0406446620821953 0.0327230207622051 0.0263155348598957 0.0384224765002728 0.189328023791313 0.0146736886352301 0.0700512707233429 0.0191860133782029 0.0222190789878368 0.0241478100419045 0.0190180882811546 0.0196522235870361 0.019694984331727 0.0202471192926168 0.0215546105057001 0.021213361993432 0.00754069220274687 0.00868857046589255 0.0296028818935156 0.0165400611236691 0.0157880952581763 0.0153379261493683 0.00573639683425427 0.0351224061101675 0.00896080154925585 0.0148827515542507 0.0147403011098504 0.0148858793079853 0.0146298803389072 0.00971328755840659 0.00460017030127347 0.00727474084123969 0.00836874460801482 0.0157725751399994 0.0192010069265962 0.0159364262595773 0.0143974704667926 0.00987385120242834 0.00796971386298537 0.018438908457756 0.00980317378416657 0.0118787596002221 0.00894918227568269 0.011793464794755 0.00831625955179334
0.0409432269632816 0.0445857413113117 0.0182358264923096 0.0296432923525572 0.0421784557402134 0.0157759929075837 0.0251507978886366 0.0386045545339584 0.0550563894212246 0.0199301525950432 0.0196219876408577 0.0201008832082152 0.0206814985722303 0.0206113658845425 0.0212486105039716 0.0212251489982009 0.0148173937574029 0.0244208991527557 0.018994009308517 0.0173840049654245 0.0163932487368584 0.0163429690524936 0.0156058939173818 0.0134058276191354 0.0356766931712627 0.0155763432383537 0.0154026173055172 0.0155360015109181 0.00807332191616297 0.00778798116371036 0.00559804886579514 0.0159516241401434 0.00919781103730202 0.0206234276294708 0.014097610861063 0.00982675906270742 0.0163176096975803 0.0101147836074233 0.0083819879218936 0.0067204512655735 0.0133706880733371 0.00866659600287676 0.0104210423305631 0.013167829066515 0.00994753390550613 0.0113125201314688
0.0324152454733849 0.0416347235441208 0.0272214747965336 0.0338937487453222 0.0308009628206491 0.0166928278282285 0.023442617431283 0.0227313559502363 0.0222951229661703 0.0216474395245314 0.0210945025086403 0.0210458017885685 0.0211031317710876 0.0209208838641644 0.0213616788387299 0.0218581512570381 0.0215927366167307 0.0212187774479389 0.0192801682278514 0.017518131621182 0.0169700356200337 0.017053036019206 0.032048474624753 0.0195662580430508 0.0162424178794026 0.0160892624408007 0.0157984333112836 0.00888092331588268 0.00508092679083347 0.0174730455502868 0.0320713151246309 0.0167333839461207 0.0160088619217277 0.0164434155449271 0.0166848909109831 0.0167292764410377 0.0161678882315755 0.0151770405471325 0.0144480543211102 0.0138046007603407 0.0223079942166805 0.0180958105251193 0.0123159030452371 0.0122705481015146 0.00652415864169598 0.00247347997501492
0.0311522018164396 0.0338173475116491 0.0382836103439331 0.0215799670666456 0.052693185210228 0.0345370147377253 0.0441634871065617 0.0241973910480738 0.0230883784592152 0.0229289159178734 0.0220033403486013 0.0177162546664476 0.0224541515111923 0.0221426125615835 0.0224058635532856 0.0228708636015654 0.022421458363533 0.0214089758694172 0.0201215494424105 0.0185798559337854 0.0175986794754863 0.0099062854424119 0.0179575938731432 0.0168658630922437 0.0164139747619629 0.0164555598050356 0.0168067188933492 0.0172289811074734 0.0118964472785592 0.01836415566504 0.0177515378221869 0.0173926766961813 0.0167559260502458 0.0165256986394525 0.0161648698151112 0.0159987028688192 0.014615810289979 0.0136604310944676 0.0129416972398758 0.0123328845947981 0.0122448740527034 0.00350477690808475 0.00669641643762589 0.011164481472224 0.00575751084834337 0.00376862362027168
0.0291711337864399 0.0317576173692942 0.0416748955845833 0.0233259554952383 0.0174215327948332 0.00451594633050263 0.0072542330250144 0.0251766961067915 0.0241433765739202 0.0242507304996252 0.0241755858063698 0.0238897297531366 0.0234376024454832 0.0231444906443357 0.0234313428401947 0.0228970654308796 0.0310215409845114 0.0250612694770098 0.0209615562111139 0.0187285730615258 0.0178475759923458 0.0258781298995018 0.0093251084908843 0.0175080040469766 0.0174458518624306 0.0182044522836804 0.0185261076316237 0.0188872745260596 0.00432281284593046 0.0185148410499096 0.0174095764756203 0.016601201146841 0.0157324511557817 0.0155316796153784 0.0143951941281557 0.0139392429962754 0.013227885402739 0.0191368529573083 0.0181663712486625 0.0108628331683576 0.0105359436944127 0.00291262767277658 0.00195242988411337 0.00524834878742695 0.0117986243218184 0.0140577582642436
0.0284184709191322 0.0296239919960499 0.110538432002068 0.020898633915931 0.0262621738016605 0.0401699222624302 0.0277159292250872 0.0268425669521093 0.0259899493306875 0.0264076974242926 0.0263691317290068 0.0256229553371668 0.0244590979069471 0.0244162429124117 0.0242930389940739 0.0221805434674025 0.0207458909600973 0.0188135571777821 0.0210043996572494 0.0189690178260207 0.0178268412128091 0.0181696450337768 0.0222422581166029 0.0182587953284383 0.0216531962156296 0.019361874833703 0.0195278625935316 0.0103765739127994 0.0119631804525852 0.0179039081558585 0.0166704706847668 0.0158706529065967 0.0149106398224831 0.0139980288222432 0.0134806446731091 0.012422211933881 0.0113651244901121 0.00945602944120765 0.0105705539695919 0.00988659160211682 0.00759472921490669 0.00844472758471966 0.0109973389655352 0.0107498876750469 0.0111871644854546 0.000556051096646115
0.0269577529281378 0.0417524121701717 0.168652886152267 0.116238789260387 0.0251310210675001 0.0306412160396576 0.029374186694622 0.0269171100109816 0.0262299973517656 0.0262498989701271 0.0393393367528915 0.0279465664178133 0.0267535742372274 0.025934436544776 0.0246628738939762 0.022358588129282 0.0213072841987014 0.0259118095040321 0.0225483782589436 0.0195516277104616 0.00670531550422311 0.0234110526740551 0.0215108241885901 0.0221402458846569 0.0145594159141183 0.0161209823563695 0.015267657674849 0.0250103566795588 0.019045103341341 0.0175388120114803 0.0165324613451958 0.0152668062597513 0.0140961239114404 0.0135916620492935 0.0213453210890293 0.0162414068356156 0.00791798802092671 0.0071306643076241 0.00927964458242059 0.00854765959084034 0.00811090748757124 0.0076695041731 0.00898375194519758 0.00939940344542265 0.00222594335209578 0.000179669554199791
0.0243552811443806 0.02563336789608 0.044440733641386 0.0363279521465302 0.0284486904740334 0.0294427663087845 0.0290021777153015 0.0284156512469053 0.028088915348053 0.028753013536334 0.012233324162662 0.0298242900520563 0.0281844101846218 0.0263832904398441 0.0248960617929697 0.0230023548007011 0.0301666904240847 0.00707426415756345 0.0233057577162981 0.000862157845403999 0.00134426456643268 0.0239857941865921 0.0294278413057327 0.0754063755273819 0.0201872475445271 0.0202305911108851 0.0205927200615406 0.0197125175967813 0.0182796187698841 0.0168935425579548 0.0157612470909953 0.0144599504768848 0.0133483050391078 0.012385243922472 0.0167144648730755 0.0101542285643518 0.0126108357682824 0.0140204768627882 0.00832610074430704 0.00748072899878025 0.00900948941707611 0.00685957497917116 0.00796528002247214 0.000883840554160997 0.00246080906363204 0.00997271593660116
