Maxent_result_files_2/B_ruderatus_2.asc
NCOLS 594 
NROWS 330 
XLLCORNER -15 
YLLCORNER 23 
CELLSIZE 0.166666666666667 
NODATA_value -9999 
[rows 140 to 159 of 330, columns 138 to 183 of 594]
-9999 -9999 -9999 -9999 -9999 0.226795396208763 0.436420327425003 0.349423530697823 0.288881501555443 0.329211242496967 0.244541580975056 0.123667497932916 -9999 -9999 -9999 -9999 -9999 -9999 -9999 -9999 -9999 -9999 -9999 -9999 -9999 -9999 -9999 -9999 -9999 -9999 -9999 0.191095309704542 -9999 -9999 -9999 -9999 -9999 -9999 -9999 -9999 -9999 -9999 -9999 -9999 -9999 -9999
-9999 -9999 -9999 -9999 -9999 0.397736304998398 0.411391812562942 0.31151208281517 0.274347914755344 0.279556097090244 0.262292340397835 0.169498700648546 0.207064102590084 -9999 -9999 -9999 -9999 -9999 0.176783962547779 -9999 -9999 -9999 -9999 -9999 -9999 -9999 -9999 0.200360107421875 -9999 -9999 -9999 0.279613959789276 0.422790795564651 0.265760765969753 -9999 -9999 -9999 -9999 -9999 -9999 -9999 -9999 -9999 -9999 -9999 -9999
-9999 -9999 -9999 -9999 -9999 0.184854161739349 0.401038113236427 0.346557688713074 0.283468641340733 0.342664933204651 0.362811180949211 0.30483864992857 0.390681800246239 0.297415682673454 0.363665698468685 0.338295422494411 0.196289740502834 0.371982318162918 -9999 -9999 -9999 -9999 -9999 -9999 -9999 0.111061902344227 0.175076201558113 0.361981150507927 0.357626003026962 0.346833035349846 0.197752834483993 0.236402627825737 -9999 -9999 -9999 -9999 -9999 -9999 -9999 -9999 -9999 -9999 -9999 -9999 -9999 -9999
-9999 -9999 -9999 -9999 -9999 -9999 0.257621343433857 0.285462361574173 0.266003309190273 0.286662024259567 0.328168681263924 0.359824377298355 0.270958837866783 0.35070131123066 0.266200053691864 0.318284775316715 0.426009583473206 -9999 -9999 -9999 -9999 -9999 0.269760997593403 0.334917674958706 0.424777147173882 0.373525413870811 0.367044028639793 0.376815909147263 0.379933041334152 0.369813850522041 0.359712910652161 0.364417830109596 0.422799137234688 0.246898804605007 0.271770310401917 -9999 -9999 -9999 -9999 -9999 -9999 -9999 0.160870639979839 0.18025978282094 0.365340065956116 0.293477752804756
-9999 -9999 -9999 -9999 -9999 -9999 0.123000878840685 0.147991447150707 0.315998966991901 0.322777980566025 0.261616308987141 0.305161798000336 0.220703826844692 0.321199810504913 0.256655412912369 0.408023211359978 0.429521414637566 0.189766998589039 0.330073535442352 0.286368781328201 0.296403510868549 0.33680764734745 0.360687708854675 0.372056439518929 0.378368696570396 0.363902279734612 0.403118771314621 0.391716253757477 0.392945355176926 0.412685200572014 0.426806500554085 0.399411827325821 0.416281640529633 0.369608816504478 0.391298151016235 0.09731135815382 0.157081650197506 -9999 -9999 0.165588184446096 0.195204026997089 0.286894084513187 0.280964866280556 0.301553356647491 0.210609999299049 0.197165878117084
-9999 -9999 -9999 0.350755581259728 0.36205390393734 0.353567612171173 0.363918200135231 0.259160298109055 0.147782588005066 0.285811291635036 0.382312476634979 0.4195183634758 0.466669374704361 0.339421227574348 0.303127294778824 0.293787606060505 0.293190780282021 0.323655322194099 0.327710384130478 0.326576232910156 0.278782513737679 0.286458480358124 0.269926096498966 0.2983761921525 0.343467929959297 0.356743025779724 0.399225321412086 0.46459573507309 0.468245548009872 0.427718538045883 0.419445380568504 0.439972993731499 0.454913717508316 0.482280457019806 0.45908185839653 0.168904709070921 -9999 -9999 -9999 0.0866313233971638 0.145533119142056 0.213969507813454 0.298668241500854 0.286789068579674 0.290738448500633 0.265361316502094
0.257372036576271 -9999 -9999 0.456636938452721 0.384580475091934 0.350477731227875 0.284701752662659 0.281256215274334 0.384164530038834 0.220665219426155 0.340819139778614 0.0486377075314522 0.118591096252203 0.386625224351883 0.294134101271629 0.307043215632439 0.23243018835783 0.275892899930477 0.327165162563324 0.320203498005867 0.47089416384697 0.27475858181715 0.260728004574776 0.300903877615929 0.385683891177177 0.310846588015556 0.280841979384422 0.35641475468874 0.440741094946861 0.380686146020889 0.42930848300457 0.53942563533783 0.463314682245255 0.468317383527756 0.423555517196655 0.375992050766945 0.390032333135605 0.264866559207439 0.154621404409409 0.199615629017353 0.249223673343658 0.229610003530979 0.294680246710777 0.290566509962082 0.227977782487869 0.30318894982338
0.257284596562405 0.11353469025344 0.14213305413723 0.322456279397011 0.333843633532524 0.305488188564777 0.350716471672058 0.295463071763515 0.270912007987499 0.320439192652702 0.321386831998825 0.326420341432095 0.41921734213829 0.328601881861687 0.29982390999794 0.332134322822094 0.30669718682766 0.30149202644825 0.3099105656147 0.326551428437233 0.248431244492531 0.24124551564455 0.298786152899265 0.351830035448074 0.344475899636745 0.387042391300201 0.357164335250855 0.25208336263895 0.135249311476946 0.179206703603268 0.379161953926086 0.471285283565521 0.377849438786507 0.405301710963249 0.528358793258667 0.552902287244797 0.472711277008057 0.424543088674545 0.448226112127304 0.299076566100121 0.246741032600403 0.247422307729721 0.400692817568779 0.304302367568016 0.288076677918434 0.213932497799397
0.316512060165405 0.409454455971718 0.32959389090538 0.444066253304482 0.438434067368507 0.348420894145966 0.296153675019741 0.328362926840782 0.29275538623333 0.274048373498954 0.2423972427845 0.168407846987247 0.242270547151566 0.229907242953777 0.355140057206154 0.241018113493919 0.252036130428314 0.225450426340103 0.30295245796442 0.200057002902031 0.25131222307682 0.246512661874294 0.288062457740307 0.283038860559463 0.297919800877571 0.307322980463505 0.353199723362923 0.31293980628252 0.194212006032467 0.177201384305954 0.206155523657799 0.140140873193741 0.239166507124901 0.354527941346168 0.487266117334366 0.58597611784935 0.508196914196014 0.451202100515366 0.41863842010498 0.316365668177605 0.321575272083282 0.27434619218111 0.346489688754082 0.318326762318611 0.333877936005592 0.296491980552673
0.305398425459862 0.445688998699188 0.350839293003082 0.451908469200134 0.529641264677048 0.476094841957092 0.360428759455681 0.296452480554581 0.324378076195717 0.272663623094559 0.322827360033989 0.248502321541309 0.238213020563126 0.216209052503109 0.244518435001373 0.32155570089817 0.227918417751789 0.18009781613946 0.272145760059357 0.236648473143578 0.215925653278828 0.242227838933468 0.290907561779022 0.257292939722538 0.302462051808834 0.27543219178915 0.270788134634495 0.181650446355343 0.208310244977474 0.139865688234568 0.245525173842907 0.208916960656643 0.228647249937057 0.248430690169334 0.294816842675209 0.360783234238625 0.3941043227911 0.511209738254547 0.262577250599861 0.297178265452385 0.411324089765549 0.330477911233902 0.335428461432457 0.363733267784119 0.326767057180405 0.226672232151031
0.377195104956627 0.307635712623596 0.350822529196739 0.316451066732407 0.372991406917572 0.341317439079285 0.265206010639668 0.364891439676285 0.269784718751907 0.327689251303673 0.237273955345154 0.27729861587286 0.241739369928837 0.135610993951559 0.196903689205647 0.279208873212338 0.229903218150139 0.232701939344406 0.314012674987316 0.351257595419884 0.251409058272839 0.216781382262707 0.22951602190733 0.228300160169601 0.246818616986275 0.277771516144276 0.323332330584526 0.322250765562058 0.314948660135269 0.260449604690075 0.21398795992136 0.276042185723782 0.280338481068611 0.189240765571594 0.458629506826401 0.312206953763962 0.298069331049919 0.248846505582333 0.322024920582771 0.374771076440811 0.352925100922585 0.298771077394485 0.263572224974632 0.112591770291328 0.204367534816265 0.304769495129585
0.264773325622082 0.377230587601662 0.286689771711826 0.307449221611023 0.319099393486977 0.28341306746006 0.276509445905685 0.311226734519005 0.268400643765926 0.240855364501476 0.24978212416172 0.225915655493736 0.184221036732197 0.187187674641609 0.148392627388239 0.220585337281227 0.225435972213745 0.303871250152588 0.315783135592937 0.307464277744293 0.300139425694942 0.297727727890015 0.293004521727562 0.286087825894356 0.262288476526737 0.288555057346821 0.271021638810635 0.253481344878674 0.334674778580666 0.341403259336948 0.230684259533882 0.206871072947979 0.195077297091484 0.239534215629101 0.359796053171158 0.267299026250839 0.412270325422287 0.354055899381638 0.28355151116848 0.334037134051323 0.273757135868072 0.201287990808487 0.263357211649418 0.430052709579468 0.267200881242752 0.198016405105591
0.346250388026237 0.423068669438362 0.373342347145081 0.280306376516819 0.354715120792389 0.271483705937862 0.233169133961201 0.334376975893974 0.317962557077408 0.277207943797112 0.2531624391675 0.206184506416321 0.380034673213959 0.242467477917671 0.22549270093441 0.253362402319908 0.175951533019543 0.226896899938583 0.252492959797382 0.194040711224079 0.284439627826214 0.260137785971165 0.279742237925529 0.442984265089035 0.304276242852211 0.442342707514763 0.211922939121723 0.22811449021101 0.334021642804146 0.351814594864845 0.303867873549461 0.126319654285908 0.255272397398949 0.47563351392746 0.481983423233032 0.262837240099907 0.247738175094128 0.279118169844151 0.423320412635803 0.460055190324783 0.471683633327484 0.365556639432907 0.271330198645592 0.17012677937746 0.201535566151142 0.264011895656586
0.320474633574486 0.279601943492889 0.29515123963356 0.334974977374077 0.267907167971134 0.280677974224091 0.2560866355896 0.328295841813087 0.457891398668289 0.463193106651306 0.308507952094078 0.431272640824318 0.354887071251869 0.360439750552177 0.243638600409031 0.356982949376106 0.425685784220695 0.362217554450035 0.302256147563457 0.242171886563301 0.213597099483013 0.234496107697487 0.262018993496895 0.239063674211502 0.252520850300789 0.235128073394299 0.272787845134735 0.30320233553648 0.211621010303497 0.330682671070099 0.103041295893497 0.286766459047794 0.409288823604584 0.313290445506573 0.167388847470284 0.138392715901136 0.315868492424488 0.245725524425507 0.39764219224453 0.528569811582565 0.424961137771606 0.326962485909462 0.315627551078796 0.226223692297935 0.308583444356918 0.324900072813034
0.342997321486473 0.235579195618629 0.324751269817352 0.389254009723663 0.41922635436058 0.322297841310501 0.353220704197884 0.282346308231354 0.33878418803215 0.348023822903633 0.358362835645676 0.444334989786148 0.235354679822922 0.408741420507431 0.461183124780655 0.48434032201767 0.334085243940353 0.333469399809837 0.401836049556732 0.311499308049679 0.323875379562378 0.341506057977676 0.317077678442001 0.263021409511566 0.213567946851254 0.244172967970371 0.144393569976091 0.191428829729557 0.250306871533394 0.131736222654581 0.183311565965414 0.319488431513309 0.299011714756489 0.270603117346764 0.117965423315763 0.143062356114388 0.251994156837463 0.22711743414402 0.193255984783173 0.339854809641838 0.354371988773346 0.288003388047218 0.16287889778614 0.199039897322655 0.318062791228294 0.461242747306824
0.312198248505592 0.295902156829834 0.391713279485703 0.460511910915375 0.405989533662796 0.312589702010155 0.216318956017494 0.265719386935234 0.394458064436913 0.261025169491768 0.216565963625908 0.279873338341713 0.286175498366356 0.334228566288948 0.369853577017784 0.349196034669876 0.24745008200407 0.293846324086189 0.326441916823387 0.422662931680679 0.322820055484772 0.526640641689301 0.460691982507706 0.337832728028297 0.304688477516174 0.166188119351864 0.129591286182404 0.209793962538242 0.187336850166321 0.216884161531925 0.329826578125358 0.414530015736818 0.249318271875381 0.16258624792099 0.0864173397421837 0.164721977710724 0.191954323649406 0.309117004275322 0.100077875703573 0.377035617828369 0.38717677295208 0.338169756531715 0.366495624184608 0.266373685002327 0.302374118566513 0.472183459997177
0.348085722327232 0.387331253290176 0.435289710760117 0.323158392310143 0.331140071153641 0.282889276742935 0.246372547745705 0.273846650123596 0.29001297056675 0.260012900829315 0.272286200523376 0.202601873874664 0.301928803324699 0.233769890666008 0.178607453405857 0.334344047307968 0.326015853881836 0.243685047328472 0.539484536647797 0.493677365779877 0.428953868150711 0.468215900659561 0.417674845457077 0.350156968832016 0.380995664000511 0.323946240544319 0.230580717325211 0.258329343795776 0.244668909907341 0.214001317322254 0.237275640666485 0.237958189845085 0.226365184783936 0.314449813961983 0.285659369826317 0.317804709076881 0.213124683499336 0.120465340465307 0.258746302127838 0.293502926826477 0.514005267620087 0.249823808670044 0.22251297980547 0.244737684726715 0.373889711499214 0.378969576954842
0.460574162006378 0.275378359854221 0.339006179571152 0.298600217700005 0.323065719008446 0.24511314034462 0.306107044219971 0.293184235692024 0.308653447031975 0.14231790304184 0.251762717962265 0.394712224602699 0.307929229736328 0.223749352991581 0.0210773214697838 0.0024478123174049 0.0611291591078043 0.21336200684309 0.35259240269661 0.464585208892822 0.504333931207657 0.445223009586334 0.522922939062119 0.461034947633743 0.353028333187103 0.390586671233177 0.21260462552309 0.163055321574211 0.217100282013416 0.264624141156673 0.237745608389378 0.3043725669384 0.183981689810753 0.177489537000656 0.259448707103729 0.216801211237907 0.272294515371323 0.283433295786381 0.352226057648659 0.386169293522835 0.238201400637627 0.373945748806 0.376510274410248 0.300818362832069 0.410670107603073 0.49019433259964
0.300690554082394 0.243492180109024 0.276657190918922 0.273402306437492 0.24120090007782 0.250660887360573 0.361757576465607 0.306254106760025 0.33044855594635 0.215648439526558 0.319939529895782 0.369762617349625 0.181771320104599 0.330443421006203 0.280640286207199 0.234469473361969 0.219640083611012 0.122903404384851 0.23470698595047 0.178075844794512 0.433743387460709 0.53339210152626 0.405290526151657 0.542262601852417 0.390487217903137 0.447691762447357 0.346060207486153 0.232024502754211 0.220516003668308 0.300270083546638 0.279586446285248 0.257986694574356 0.205793093144894 0.23202700316906 0.339230895042419 0.404304039478302 0.259484139084816 0.236700701713562 0.212853017449379 0.294290122389793 0.287786009907722 0.284782528877258 0.319177946448326 0.326886621117592 0.459487497806549 0.483083325624466
0.140721543133259 0.145706026256084 0.162884901463985 0.207299973070621 0.226304957270622 0.396062171459198 0.387863275408745 0.365587267279625 0.448625862598419 0.292389297485352 0.303990745544434 0.272165566682816 0.337061366438866 0.288267278671265 0.202935782074928 0.15555169172585 0.196718015521765 0.352536749839783 0.169460080750287 0.465879619121552 0.350820034742355 0.483410781621933 0.497160798311233 0.595584219694138 0.489497268199921 0.536468929052353 0.50236428976059 0.391258177161217 0.398379397392273 0.31929976940155 0.232448361814022 0.295483294129372 0.290092176198959 0.293233329057694 0.297142520546913 0.184691071510315 0.229097680747509 0.304186980426311 0.106957371532917 0.277004568278789 0.242050418257713 0.407781833410263 0.104423889517784 0.126308061182499 0.1883594840765 0.222900176048279
