Maxent_result_files_2/B_ruderatus_3.asc
NCOLS 594 
NROWS 330 
XLLCORNER -15 
YLLCORNER 23 
CELLSIZE 0.166666666666667 
NODATA_value -9999 
[rows 160 to 179 of 330, columns 276 to 321 of 594]
0.0285893071442842 0.0398391969501972 0.0215184208005667 0.0371251370757818 0.0197091903537512 0.0410366907715797 0.0152626603841782 0.0286007534712553 0.0400044277310371 0.039164924621582 0.0518926404416561 0.0426062427461147 0.0311189390718937 0.0750638090074062 0.0226305689662695 0.0269097283482552 0.0281970541924238 0.0372846454381943 0.0139033824205399 0.0518507078289986 0.0287604402750731 0.0279716685414314 0.02715666256845 0.0254384532570839 0.023243473097682 0.022227119281888 0.0199219293892384 0.0184826027601957 0.0110531797632575 0.0108031271025538 0.0169212520122528 0.0170175047591329 0.01551299598068 0.0172529062256217 0.0183615259826183 0.0189139354974031 0.0186099417507648 0.0191454499959946 0.0203877720981836 0.0177106400951743 0.0142038177698851 0.110675436258316 0.00868955720216036 0.0240572415292263 0.023515098169446 0.0239290535449982
0.055919111520052 0.0546660535037518 0.0168837297707796 0.0234123632311821 0.0259195886552334 0.070915199816227 0.0274589154869318 0.0178492363542318 0.0393369004130363 0.0307107385247946 0.0355887919664383 0.0280710358172655 0.0268625471740961 0.0263521119952202 0.026019924134016 0.0261209134012461 0.0273924466222525 0.0280602514743805 0.0280341412872076 0.0515312217175961 0.0544096820056438 0.041240981221199 0.0219550430774689 0.00346238599158823 0.00538717871531844 0.0263774368911982 0.0260223310440779 0.0289146199822426 0.0232563022524118 0.0166322764009237 0.0213989038020372 0.0179287346079946 0.0152040774002671 0.0180798700079322 0.0183389090001583 0.0188537130132318 0.0190995275974274 0.0192754961550236 0.0209375590085983 0.0225132051855326 0.0242790669202805 0.0436089314520359 0.027011439204216 0.0343912497162819 0.0257716927677393 0.0263751067221165
0.0781970337033272 0.0493417255580425 0.0137465517967939 0.0397325433790684 0.0348674882203341 0.0343029949814081 0.0323088496923447 0.0388847105205059 0.0262449350208044 0.0358945962041616 0.0223357401788235 0.0280041553080082 0.0273068536072969 0.0267641294747591 0.0211715035140514 0.0257148321717978 0.0159814771264791 0.0156062100082636 0.017324011772871 0.0294614944607019 0.0293011449277401 0.0282699879258871 0.0548194013535976 0.0158462760969996 0.00192323923110962 0.0123671479523182 0.0199812442064285 0.0199305541813374 0.0181589391082525 0.0179221779108047 0.0329058386385441 0.0147772248834372 0.0181124640628695 0.0157337268814445 0.0195748429745436 0.0194441426545382 0.0202118955552578 0.0207161035388708 0.0214654397219419 0.023195556551218 0.0200916893780231 0.0340312872081995 0.0258179407566786 0.0256625611335039 0.0249565497040749 0.0142730252817273
0.0504398174583912 0.041845715045929 0.0497547879815102 0.0523216240108013 0.0467504344880581 0.0396606311202049 0.0358711950480938 0.0272393491119146 0.0180075269192457 0.0368255186825991 0.0187866978347301 0.0261222247034311 0.0285218257457018 0.028273319080472 0.0475911177694798 0.0448093101382256 0.0322200112044811 0.0275623966008425 0.0288263835012913 0.0289820626378059 0.0292582888156176 0.0128314035013318 0.0145296668633819 0.0230237659066915 0.017942563071847 0.0119642797857523 0.0108877131715417 0.0202275149524212 0.022602492198348 0.0167416455224156 0.0168810643255711 0.0156110676005483 0.0192791122943163 0.0156650608405471 0.0206219006329775 0.0118523517623544 0.00347185377031565 0.0213772337883711 0.0216568410396576 0.0235118892043829 0.0149445837363601 0.0378210619091988 0.0253315452486277 0.00666088191792369 0.00756807876750827 0.0262937247753143
0.0937688142061233 0.0395144604146481 0.0512287504971027 0.0391955368220806 0.056095939129591 0.0462523736059666 0.0403184160590172 0.0353354085236788 0.0624581031501293 0.019521214812994 0.0196980163455009 0.0315519854426384 0.0310749653726816 0.0204432088881731 0.0229768462479115 0.0287842456251383 0.0283820502460003 0.0277989462018013 0.0265366598963738 0.0293922133743763 0.0290234841406345 0.0403422974050045 0.0161831997334957 0.0257734254002571 0.0242149230092764 0.0122290823608637 0.0205977283418179 0.0127950491383672 0.0115618892014027 0.0123903788626194 0.00937527697533369 0.0185775857418776 0.0199242182075977 0.135143692791462 0.022185454890132 0.00185997970402241 0.00649646027013659 0.00945332031697035 0.0221669264137745 0.0228401608765125 0.0144385868683457 0.0252095125615597 0.0249837182462215 0.0191274903714657 0.0253224167972803 0.0373149216175079
0.102456270158291 0.107798002660275 0.107394790649414 0.0756261065602302 0.0868243843317032 0.0394445262849331 0.0671003021299839 0.10895379781723 0.0372148677706718 0.0290957603603601 0.0195310320705175 0.0314609196037054 0.0333788402378559 0.035667323321104 0.0421286888420582 0.0323510691523552 0.0299890108406544 0.0443176187574863 0.0277851488441229 0.0344521779567003 0.0277862466871738 0.0289671443402767 0.00757373506203294 0.00306635973975062 0.022116556763649 0.0195508770644665 0.0253309305757284 0.0141956770792603 0.0227147623896599 0.0207984615117311 0.0188585851341486 0.0275671482086182 0.0199317302554846 0.0704734332859516 0.0208998389542103 0.00800166055560112 0.00732220495119691 0.0160849958658218 0.022457080334425 0.023395249992609 0.024636011198163 0.0292305342853069 0.00400277962908149 0.00249171787872911 0.0109940323978662 0.0250818803906441
0.110659417510033 0.0982210025191307 0.10122999548912 0.10578351765871 0.19031967818737 0.0641965441405773 0.0533161915838718 0.0463048428297043 0.0419385477900505 0.0585819326341152 0.0334995191544294 0.0283797465264797 0.0201059840619564 0.0378327064216137 0.0326928194612265 0.0337523635476828 0.0190848786383867 0.0224682372063398 0.0428656913340092 0.0297256898134947 0.0303548444062471 0.0286969158798456 0.014417627826333 0.0424807138741016 0.0254496529698372 0.0251367416232824 0.0238463144749403 0.0355439513921738 0.0188624229282141 0.0626603379845619 0.0216699883341789 0.0119170516729355 0.0129162786528468 0.0229877021163702 0.00291183977387846 0.0132017457857728 0.0351368181407452 0.0225904732942581 0.0223173763602972 0.0231743261218071 0.0235696226358414 0.0152082616463304 0.0101027384400368 0.0103760842233896 0.0206351570785046 0.0250110294669867
0.230249765515327 0.326346477866173 0.166942888498306 0.202774211764336 0.096878807246685 0.0684686996042728 0.0572645179927349 0.0506423614919186 0.0643251240253448 0.039484591782093 0.034050764888525 0.0291057523339987 0.0187929652631283 0.0338733125478029 0.0362319756299257 0.0356239326298237 0.0193868443369865 0.0359815753996372 0.0227114267647266 0.030564159154892 0.0303846947848797 0.0287893731147051 0.016711725667119 0.0270406268537045 0.014296537078917 0.00523805385455489 0.0162458432838321 0.0514774948358536 0.030148146674037 0.0799271792173386 0.00404457137919962 0.00969356084242463 0.0183150947093964 0.0308622997254133 0.00668522361665964 0.0232786118984222 0.0249023653566837 0.0316188748925924 0.025360444188118 0.0231066357344389 0.0238793734461069 0.0256688266992569 0.0322042226791382 0.0262895219027996 0.0253108706325293 0.0251998916268349
0.158058187365532 0.0241450656205416 0.0314282566308975 0.010868929605931 0.0732598222792149 0.0654943071305752 0.0752862051129341 0.0507990941405296 0.0643120020627976 0.0396399967372417 0.0335960105061531 0.0308590486645699 0.0309715531766415 0.0347260884940624 0.0372126832604408 0.0619434781372547 0.0524911627173424 0.0326857227832079 0.0382914662361145 0.0318512640893459 0.0304795816540718 0.0161672368645668 0.0222226776182652 0.0280141226947308 0.0300246451050043 0.0149701209738851 0.0270077209919691 0.0286806307733059 0.0178545657545328 0.0240275137126446 0.02464404925704 0.145615164935589 0.0718559890985489 0.0369380332529545 0.00233333585783839 0.181173003558069 0.0961859703063966 0.0388482041656971 0.0297968767815919 0.0328677203865053 0.0226030673831701 0.0294431373476982 0.0253480965037488 0.0265489232576021 0.0258968219171568 0.0267815586234213
0.0959798842668533 0.111321750283241 0.0884638197720051 0.0219611548818648 0.0872456237673759 0.0626020163297653 0.0797379285097122 0.0514268070459366 0.0459294952452183 0.0397361353039742 0.0446656905114651 0.0438825681805611 0.0360443152487278 0.06162538677454 0.0403401501476765 0.0383249200880528 0.0366938091814518 0.0343231044709682 0.0350464355200529 0.0338918145745993 0.0324410274624825 0.012123504653573 0.0316359419375658 0.0292470470070839 0.0317702859640121 0.0139551674947143 0.0289964165538549 0.0354930736124516 0.0424648322165012 0.0207059696316719 0.0373874336481094 0.0152748219668865 0.00455108880996704 0.00432181949727237 0.0471837036311626 0.0454985707998276 0.0312187470495701 0.0279176359763972 0.0263948153705142 0.0717479586601257 0.033560960739851 0.0262422095984228 0.0264008782804012 0.0275241319090128 0.0280851420015215 0.0283972603991128
0.081446048617363 0.0292391564697027 0.0134780196473002 0.0436523463577032 0.0148632002994418 0.0111765671521425 0.0341488614678383 0.105638052523136 0.12957227230072 0.0681410387158394 0.0189435573294759 0.0371500633656979 0.053304747492075 0.0823638498783112 0.0590840891003609 0.0399546355009079 0.0401705250144005 0.0355288438498974 0.0330398347228765 0.031745801193169 0.0629908785223961 0.0544669702649117 0.0380659982562065 0.0310581722715469 0.0307992413857982 0.0318451080471277 0.0330471333116293 0.0342044536024332 0.0348926529288292 0.0453943781554699 0.0438554100692272 0.00266848793253303 0.00207990168128163 0.078379887342453 0.0512160792946815 0.0373796567320824 0.0486668624013527 0.0285727456212044 0.0269190788269043 0.0956991508603096 0.11498347222805 0.0275999289005995 0.0285849835723639 0.0294588800519705 0.0294260740280151 0.0299419806899095
0.0620320647954941 0.0599149502813816 0.0401123337447643 0.0130609109997749 0.00251347285229713 0.0401009455323219 0.190484756231308 0.000437902132398449 0.000947482633637264 0.0248239194974303 0.000704950449289754 0.037721199542284 0.0430679902434349 0.0572062149643898 0.0544630713760853 0.0391684539616108 0.0434711128473282 0.0398968555033207 0.0310126388703246 0.0294059049338102 0.0435344763100147 0.0110080115497112 0.0298186652362347 0.0306364774703982 0.0469610437750816 0.0330649960786104 0.0583464443683624 0.0335088763386011 0.0422592923045158 0.034862831607461 0.0354174893349409 0.0532039076089859 0.0420104630291462 0.0420208007097244 0.0369901247322559 0.0224395040422678 0.0272244557738304 0.0286603935062885 0.027272280678153 0.0736977480351925 0.051240686327219 0.0290508799254894 0.0550582498311996 0.0444057270884514 0.0307600900530815 0.0305755041539669
0.0503108933568001 0.0408730924129486 0.0883108600974083 0.0214992608875036 0.00899152979254723 0.0704491317272186 0.0149948012083769 0.0465015608817339 0.0601947270333767 0.00177615288994275 6.868331838632e-05 0.000129235409258399 0.0120026682503521 0.055776297301054 0.0594007775187492 0.0475061975419521 0.0420502454042435 0.0320732329040766 0.0294732373207808 0.0270360440015793 0.0286093793809414 0.0276435740292072 0.0347796645015478 0.0368685066699982 0.0377927824854948 0.0376370027661324 0.0505376897752285 0.0345773909240961 0.0340380400419235 0.0338674329221249 0.0327776331454515 0.032590489089489 0.0325814709067345 0.0330066356807947 0.0341999996453524 0.0110130308195949 0.0225341724231839 0.0797233462333679 0.0248608723282814 0.0250281495973468 0.0294257927685976 0.0305275589227676 0.0304528806358576 0.0312909338623285 0.0307769507169724 0.0307171456522622
0.0954895213246345 0.0524336986243725 0.127833865582943 0.0673406578600407 0.0467382788658142 0.0739855609834194 0.105831786990166 0.0142879186198115 0.0262435715645552 0.00728307208046317 0.116992172598839 0.00196702505927533 0.00162789423484355 0.06644207239151 0.224550625681877 0.0393166266381741 0.0174459166824818 0.032134036719799 0.0302065921743361 0.0333871584385633 0.0273579571396112 0.0327455166727304 0.0327254682779312 0.0278654865920544 0.0391311824321753 0.0304070226848125 0.0318459816277027 0.0334274515509605 0.0331978753209114 0.048543032258749 0.0383540734648705 0.0443258255720139 0.204239059984684 0.0298930060639053 0.0297902513295412 0.0296446211636066 0.0160307701677084 0.0187901370227337 0.00441423270385712 0.0112943686544895 0.0360911700874567 0.0693121857941151 0.0373372290283442 0.0903286397457123 0.218617615103722 0.0460720106959343
0.0804381355643272 0.0839894846081734 0.0649096123874187 0.0406803533434868 0.029888079315424 0.0778712064027786 0.0204928699880838 0.0210690474137664 0.0706577233970165 0.0059476182796061 0.0403967291116714 0.040104878693819 0.056603004783392 0.0456500224769115 0.0314525652676821 0.036617761105299 0.00949646877124906 0.0382037423551083 0.124727810546756 0.0593207739293575 0.0342231366783381 0.0374493051320314 0.0257162801921368 0.0267185166478157 0.0280186489282119 0.0300557363778353 0.0318723477423191 0.0322809755802155 0.0332450639456511 0.0397290483117104 0.0427564330399036 0.0560144990682602 0.0419404536485672 0.0397598370981857 0.0292868085205555 0.0285439822822809 0.0432213678956032 0.0345765210688114 0.014349670521915 0.00887235766276717 0.0411731652915478 0.0118241022340953 0.00435296185314655 0.00907134646549821 0.0522171758115292 0.157967785000801
0.103164738416672 0.0699089460074902 0.0767465509474277 0.0813565894961357 0.0594242684543133 0.0798352092504501 0.0485479146242142 0.026216933876276 0.0437062226235867 0.00559179875999689 0.0687351293861866 0.0420342162251472 0.083475124835968 0.0386839665472507 0.0454472199082375 0.035815405100584 0.0364874467253685 0.104961490631104 0.0280830973759294 0.00792000289075077 0.129725091159344 0.0339343227446079 0.0253225214779377 0.0257866512984037 0.0268186211732655 0.0251409485936165 0.0223288472741842 0.0185980623587966 0.0335554972290993 0.0403980389237404 0.0318303782492876 0.0304606061428785 0.0293223142623901 0.0295512616635063 0.0362474352490853 0.0296800622226474 0.029566391184926 0.0293276209384203 0.0293475572019815 0.0416459836065769 0.0296682301908731 0.028741604834795 0.0264132272452116 0.0270872097462416 0.0463336735963821 0.0191530141979456
0.0635593309998512 0.0624608211219311 0.0684680446982384 0.0748083777725697 0.0705570630729198 0.0755692183971405 0.0719276942312717 0.154720464348793 0.0617798559367657 0.0519950799643993 0.0467398151755333 0.0439448133111 0.0686637833714485 0.0446899734437466 0.0391623921692371 0.0380609966814518 0.0373601779341698 0.0342232689261436 0.0182313425466418 0.0370148897171021 0.0496746119111776 0.181788490712643 0.0633777938783169 0.132166297733784 0.068594803661108 0.047438570857048 0.0287965539842844 0.0260952111333609 0.0260176181793213 0.0605520255863667 0.0747207820415497 0.0305019937455654 0.0298688620328903 0.0295725964009762 0.0306580167263746 0.03084826618433 0.0307469636287843 0.0308277886370817 0.0428873368176875 0.0650902703404427 0.066094696521759 0.061223854124546 0.0509116560220718 0.0254235286265612 0.0506758220493794 0.243078523874283
0.050472741574049 0.0503407381474972 0.0527513697743416 0.0563783161342144 0.061832083761692 0.0668142020702362 0.0662287704646587 0.116355521976948 0.0580642499029636 0.0531292244791985 0.0465769149363041 0.0449931189417839 0.0428258903324604 0.0397447131574154 0.0588826909661293 0.0662934616208077 0.0585890799760818 0.0991473630070686 0.0675011202692986 0.0441977813839912 0.0294533170759678 0.051261979341507 0.0428144492208958 0.0381093248724937 0.391633057594299 0.0624003447592258 0.0317175358533859 0.0525369331240654 0.0308716598898172 0.0511811569333076 0.0305965393781662 0.0311244301497936 0.0420421957969666 0.0367805689573288 0.0309791050851345 0.0311253860592842 0.0609138496220112 0.0412326641380787 0.0302789151668549 0.0294882217106888 0.054280461370945 0.0464719079434872 0.0437131687998772 0.0838495776057243 0.0471401445567608 0.0401616528630257
0.046247760206461 0.0452009543776512 0.0442109353840351 0.0483385108411312 0.0516637563705444 0.0554151587188244 0.0546425528824329 0.0502719141542912 0.046800771355629 0.0475642047822475 0.0462871544063091 0.0431273601949215 0.039605225622654 0.045769239962101 0.0459879137575626 0.015122015029192 0.0374274760484695 0.0458835676312447 0.0323408186435699 0.0302493542432785 0.0297575447708368 0.0266596757288198 0.0246919363737106 0.0249714635312557 0.0399406008422375 0.126825596392155 0.0300355266779661 0.0528942033648491 0.0302318658679724 0.0290752626955509 0.0304249480366707 0.031359051540494 0.0320028603076935 0.0314778182655573 0.0320949357002974 0.0311770405620337 0.0552936725318432 0.0766807913780212 0.0438326604664326 0.0292025055736303 0.0536183401942253 0.04613171890378 0.0367052137851715 0.140146669745445 0.0237716209143661 0.0412663877010345
0.0443452633917332 0.0441883742809296 0.0457618743181229 0.0474608287215233 0.0475867196917534 0.0470732100307941 0.0431072473526001 0.0385701142251492 0.0377420596778393 0.0382645979523659 0.060770320892334 0.0357080601155758 0.0308797441422939 0.00865800380706787 0.0602137744426727 0.0512904509902 0.0260522611439228 0.0275691393762827 0.0258798453956842 0.0258323978632689 0.0272481054067612 0.0244419481605638 0.0242563191801339 0.0249801337718964 0.0560022313147783 0.0930518463253975 0.0284590262919664 0.0315303180366755 0.0310601603239775 0.0285186901688576 0.027493005618453 0.0321389902383089 0.0332398969680071 0.0369792029261589 0.0300775118172169 0.0300898171961308 0.030598321557045 0.0722728930413723 0.0676245369017124 0.0695326417684555 0.189882098138332 0.229663744568825 0.0611120492219925 0.071560213714838 0.0602016568183899 0.0199903367087245
