Maxent_result_files_2/B_ruderatus_2.asc
NCOLS 594 
NROWS 330 
XLLCORNER -15 
YLLCORNER 23 
CELLSIZE 0.166666666666667 
NODATA_value -9999 
[rows 60 to 79 of 330, columns 184 to 229 of 594]
0.00359594426117837 0.0182569555938244 0.00933769207913429 0.00424840920604765 0.00486384439282119 0.00130664366297424 0.000122569843370002 0.000107434496021597 0.000164966485317564 0.000122197846940253 0.000126116457613534 0.000124567989405477 6.39091045741225e-05 6.56435982818948e-05 4.12934226005746e-05 3.96793693653308e-05 1.3212659769124e-05 3.00503704238508e-05 0.000155777147301706 0.000262180260324385 0.000203344607143663 0.00018481337101548 0.000123867927504762 0.000124155667435843 0.000132370293704298 0.000112175736535391 0.000160964259259799 0.40183082241565 0.000653639140682571 0.000242677636106237 0.000558007493873447 0.000104291953175562 0.00032491872771061 0.000584923736096243 0.000407298747813911 0.000307272352802102 8.25532821181696e-05 6.70768177769787e-05 7.16357917553978e-05 0.000137215050926898 0.000363974380888976 0.00131154012051411 0.000527930044336244 0.000214412939385511 0.000728773005539551 0.00140523493755609
0.00346653233282268 0.00507895560003817 0.00677879126742482 0.000106038248668483 0.000259135929081822 0.000545454595703632 0.000253466681169812 0.00013455278449328 0.00103034015046433 0.00152999456040561 0.000864459865260869 0.000118919667875161 8.24143004138023e-05 7.14033742042375e-05 0.000159076239651768 9.92780584056163e-05 0.00020876177950413 0.000119897713739192 0.000146758543269243 0.000130376552988309 9.0402358546271e-05 0.0001402570924256 0.000127942709514173 0.000122393307538005 0.000256284868873991 0.000268909524237415 0.000219541748674601 0.000177532755432708 0.000666042453121918 0.000166544751755282 0.000505504536704393 0.000317282287596754 0.000180495373206213 0.00026462153873581 0.000369704341574106 0.000154384064990154 0.000104470563837822 0.00012280581381674 0.000148561182868434 9.78889962425455e-05 0.000148434066795744 0.000450667453696951 0.000662201410159469 0.000745149800786749 0.000996861309977248 0.000416792323812842
0.0056438185274601 0.0079195611178875 0.00101054561382625 8.56720731462701e-05 6.99135687682428e-05 0.000135949441755656 0.000130681899463525 0.000120237987357541 0.000155295010335976 0.000342230319802184 0.000397397244082087 0.000739058118779212 0.000730938560445793 0.000428800223744474 0.000168269393907394 8.67244063556427e-05 0.000531177455559373 8.49517557075519e-05 0.000419405873981304 0.000203396909637377 0.000163327701739036 0.000116431337664835 0.000113384723044874 0.0001235382131199 0.000132663274507649 9.02142183804244e-05 8.1128501683736e-05 7.70923252318312e-05 0.000752210484461102 0.000749563975114143 0.000136548713089724 0.00037636056804331 0.000204271388065536 0.000304975720064249 0.000135771853820188 0.000159499888104619 0.000147132293932373 0.00033801418467192 0.000260925009206403 0.000180132122477517 0.000208303482213523 0.000263232240104117 0.000404947157949209 0.000282396997499745 0.000452210681396537 0.000270265176368412
0.00455932361073792 0.000638878747122362 0.000124390071869129 8.63934346853057e-05 0.000128421328463446 0.000408134405734018 0.000428444514182047 0.000159148279090005 0.000133073641154624 8.85707222550991e-05 3.80897155991988e-05 2.13298287690122e-05 2.38056923080876e-05 6.0836833108624e-05 7.35032534976199e-05 0.001971294201212 0.00128430078621028 0.00243498274357989 0.00175271964108106 0.00079159028900907 0.000617063066420087 0.000452753112767823 0.000471677076711785 0.000202194180747028 0.000356263867433881 0.00018074158260788 0.000415418858847261 0.000385002336815887 0.000356850309253787 0.000863842145190574 0.000369340214820113 0.000374769596965052 0.000213691574026598 0.000131444355065469 0.000160395436250838 0.000577139863162301 0.000823925796430558 0.00034866060159402 0.000285491604881827 0.000489812373416498 0.000355672842124477 0.000576368044130504 0.000570533575955778 0.000292229639308061 0.0003986460287706 0.000212548760464415
0.00318631856935099 0.000336155451077502 3.53204045495659e-05 3.17439038553857e-05 3.22504421092162e-05 0.000519866481772624 0.000340213727758965 0.000167688598594395 7.75665237597423e-05 7.4791390397877e-05 2.97286295335653e-05 2.92560769139527e-05 3.89795613045862e-05 8.40452907141298e-05 9.98010931652971e-05 0.000132801574363839 0.000393369706580415 2.77843946605572e-05 4.77596124255797e-05 0.000668713860795833 0.00135096561680257 0.000517987487273808 0.00106374936149223 0.000725538993719965 0.000179664548340952 0.000934687710832804 0.000106779391171585 0.000189630962995579 0.000187284541607369 0.000327363688484184 0.00122947467025369 0.000363758997991681 0.000483152270317078 0.000199405875173397 0.000277172807545867 0.000736367626814172 0.000421066353737842 0.00041492915188428 0.000485713506350294 0.000965471239760518 0.00161207769997418 0.000489206280326471 0.00151826245128177 0.0014084781112615 0.000957213877700269 0.000887587273609824
0.00039368608413497 0.00068259950785432 0.00053200537658995 2.98532193028223e-05 3.32623031681578e-05 8.15843106465763e-05 3.92020970139129e-05 2.46093216446752e-05 0.000109364676609403 0.000165695989562664 0.000191534150508232 0.000638296021497808 0.000823650386882946 0.000401501973101404 0.000554346034186892 0.00124591330531985 0.00119750378653407 0.00115745859802701 0.00085916044190526 0.000145125381823163 0.00025070042029256 0.00089653903269209 0.000548913932288997 0.000310450338292867 0.000787447695620358 0.000136006946559064 0.000113249863352394 0.000224192225141451 0.000344131396559533 0.00109949898906052 0.00143151038791984 0.402186561655253 0.00122841519769281 0.00114191770844627 0.00153430093778297 0.0020851758425124 0.000695794745115563 0.000537915786844678 0.000220647663809359 0.000526431971229613 0.00137752396985888 0.00181271057808772 0.000600981101160869 0.000642350548878312 0.000304847299412359 0.000361800941755064
0.00016087193871499 0.000290198831498856 4.52580530691193e-05 0.000151575636846246 0.000266535448463401 4.42155321820792e-05 9.6988908626372e-05 0.00038014395540813 0.00022837205324322 0.000164822411170462 0.000222842317452887 0.00130695263505913 0.000998221256304532 0.00105545792612247 0.00242859098361805 0.00143798956414685 0.00102475657477044 0.000727636386000086 0.000611350559847779 0.000297301699902164 0.000166428298871324 0.000203925101959612 0.000140153184111114 0.000669530202867463 0.00109705129289068 0.000286810299439821 0.000315797526855022 0.000351100447005592 0.000180840480607003 0.000515927754167933 0.00208920852164738 0.00175830645021051 0.000442702602595091 0.00148763982579112 0.00176293884869665 0.0021097982651554 0.00353991367155686 0.00147261677775532 0.00079685723176226 0.000742061011260375 0.00136334086419083 0.00161220295121893 0.0025852024438791 0.000494334648828953 0.000475228251889348 0.000342899879615288
0.000365487435919931 0.000103675015088811 6.10341599895037e-05 7.19386713171843e-05 2.50772893195972e-05 0.000190742576523917 6.02341654484917e-05 0.000114716629832401 0.000154883306095144 0.000953118555480614 0.00152343866648152 0.000268559066171292 0.000570483168121427 0.000771989527856931 0.00194651966448873 0.0011535944766365 0.00118844421231188 0.00113685603719205 0.000525220471899956 0.000376851753026131 0.000393707599596382 0.000180082252927605 0.000492257591395173 0.000323529355227947 0.000796771189197898 0.000806875177659094 0.0013347640138818 0.000713050083140843 0.00126291845808737 0.000420106085948646 0.00193463534815237 0.00133608707692474 0.00112172166118398 0.000654256241978146 0.000909532164223492 0.0017176502617076 0.00157424695789814 0.0024999879184179 0.00165635934681632 0.00186375596094877 0.000963189196772873 0.00120157758938149 0.00146896379301324 0.00148259919369593 0.00117203561239876 0.000617622220306657
0.00015657426774851 0.000127237770539068 8.32135749078589e-05 0.000172684238350485 0.000905829446855932 0.000367793969053309 0.000292647295282222 0.000389380387787241 0.00156816074158996 0.00139606049051508 0.000113625075118762 0.00248807080788538 0.00202253843890503 0.000427924425457604 0.000188454884118983 0.000225442633382045 0.000202895278926007 0.00124775479198433 0.00116229300620034 0.000227515575534198 0.000512962301581865 0.000500879773608176 0.00039258183533093 0.000485747292805172 0.000636688093436533 0.000946949595527258 0.00145250952919014 0.00124889018479735 0.00165050218929537 0.00182116144569591 0.00257159054744989 0.00237590450560674 0.00160601016832516 0.0012069255230017 0.001714088243898 0.000701804243726667 0.0018316252680961 0.00176178516703658 0.00175943714566529 0.00166355682304129 0.00101886229822412 0.00103580127179157 0.00130590221961029 0.00109470027382486 0.000710960704600438 0.000252594480843982
0.00012742386352329 0.000117469030737993 0.000116987308865646 0.00038571857221541 0.00115585710736923 0.0036014792858623 0.00352613739669323 0.00304365853080526 0.00882593239657581 0.00105973699246533 0.00310837466968223 0.00130033405730501 0.00129291834891774 0.000999529223190621 0.00127185638993978 0.00046270436650957 0.00124708258081228 0.000815291627077386 0.000868575350614265 0.000702927639940754 0.000158569226186955 0.000547633020323701 0.000654240522999316 0.000734822680533398 0.000487829478515789 0.000913998601026833 0.000968860281864181 0.00154864867799915 0.00187594305025414 0.00247700278414413 0.00157546785485465 0.00198946036398411 0.00236119093606248 0.00174603962223046 0.0013669180800207 0.00156416510581039 0.000940786075079814 0.000905199151020497 0.000705624491092749 0.000984030909603462 0.000999482709448785 0.00105333700485062 0.00105137528153136 0.000501763699139735 0.00139639200060628 0.000622876526904292
6.60786980006378e-05 9.86231261776993e-05 0.000179267204657663 0.000281214284768794 0.000291067000944167 0.00154481061617844 0.00230659546796232 0.00236297089140862 0.00368818341521546 0.000137017332599498 0.000362226061406556 0.00150568796088919 0.0023317749844864 0.000358471331128385 0.000494341712328605 0.00143407620489597 0.00127113311318681 0.000383229882572778 0.00126140498323366 0.000227718426322099 0.000565321862814017 0.000581436033826321 0.000677189650014043 0.000774600199656561 0.000694995907542761 0.00122853406937793 0.0016667457530275 0.00177748914575204 0.00145784101478057 0.00120369663345627 0.000962666963459924 0.00241144059691578 0.00287471597548574 0.00116439182311296 0.00189326531835832 0.00224110652925447 0.00117681249394082 0.000985900551313534 0.0007425713527482 0.000708278676029295 0.000559639785205945 0.000892499258043244 0.00089004134060815 0.00147770053590648 0.000930244836490601 0.000706601224374026
0.000103170207148651 0.000124197532204562 0.000436608935706317 0.000850187696050853 0.00012894409665023 0.000219935111090308 0.000387628712633159 0.00142550764721818 0.00193306672153994 0.00154196084477007 0.00117365267360583 0.00120207923464477 0.000450837485550437 0.000420394515094813 0.00153101208852604 0.00217410185141489 0.000596783144283108 0.000971884262980893 0.000959440186852589 0.000832518303650431 0.00259125124575803 0.00102383499124699 0.000871047140390147 0.000986750111405854 0.000892157560156193 0.000695276720216498 0.00133637586695841 0.00172905612853356 0.00178266274160706 0.00140403175610118 0.00142053596500773 0.00142567220609635 0.00377078985329717 0.00255589643493295 0.00227401072625071 0.0022225278778933 0.00228083560941741 0.00135676289210096 0.00102064985549077 0.000956054648850113 0.000366791304986702 0.000952057959511876 0.00131984962208662 0.000837900368787814 0.000703156598319765 0.000904707959853113
0.00028147817356512 0.000463517309981398 0.000614010042045265 0.00490752193145454 0.00271459948271513 0.00291245883563533 0.00181539669865742 0.00139983096159995 0.0014541607524734 0.00128237861790694 0.00124680192675442 0.000363596228999086 0.00018232051661472 0.000429316502413712 0.00275436020892812 0.000202199273917358 0.000277084160188679 0.000844283006154001 0.00141800545388833 0.000943227601237595 0.00117644903148175 0.000889660233224276 0.000823901213425415 0.000929546701081563 0.00140510525961872 0.00107433922821656 0.00028041539771948 0.00115693632978946 0.000799670876585878 0.00100419167429209 0.000686315502389334 0.000942066969582811 0.00222788161481731 0.00223325766855851 0.00204237726866268 0.00135157805634663 0.00246890190755948 0.00131195062422194 0.00159870215575211 0.00212209192686714 0.000663906110276002 0.00131274779560044 0.000398205599049106 0.00156927820062265 0.00103516336967004 0.000888892260263674
0.000503010713146068 0.00196806250605732 0.0037763312458992 0.00469017734285444 0.00230613515595905 0.0017500932328403 0.000788477115565911 0.00128573308466002 0.000987310765776783 0.000556693028192967 0.000478546903468668 8.95233657502104e-05 0.000534304560278542 0.000380126305390149 0.000239749326647154 0.000683204474626109 0.000691673363326117 0.00044376966834534 0.00154745928011835 0.0011304197658319 0.00106037835357711 0.000739928093389608 0.00116734975017607 0.00112560070410836 0.00220787847647443 0.00114456890732981 0.00177289138082415 0.00138021265738644 0.000911463327065576 0.0021684022853151 0.00136661530123092 0.00160676237719599 0.00306058919522911 0.00287489144830033 0.00139243362355046 0.00140019169484731 0.0012292064842768 0.00269144391641021 0.00200907617690984 0.00112862453970592 -9999 -9999 -9999 -9999 0.0019831764511764 -9999
0.00607799151912332 0.00965717011131346 0.00679185003973544 0.00294738750671968 0.00254317155340686 0.00171673442237079 0.00120113064767793 0.000227294195792638 0.000378217914840206 0.000560516794212162 0.00140917559619993 0.00074334415839985 0.000212795881088823 0.00017988743056776 0.00100345445098355 0.000128523817693349 0.0013068147469312 0.000784834852674976 0.000952159706503153 0.00151920308126137 0.00179645258467644 0.0013455651132972 0.00117314930757857 0.00273788779450115 0.00253728039097041 0.00180574497207999 0.0026485284906812 0.00293041013646871 0.00491048666881397 0.0017536437837407 0.00259243788314052 0.0010998664656654 0.00096934957546182 0.00539337093941867 0.00183168543735519 0.00254223207011819 0.00428578779101372 0.00117458138265647 0.00112562769209035 0.500117168971337 -9999 -9999 -9999 -9999 -9999 -9999
0.0109057540073991 0.021809077821672 0.00172657179646194 0.000564936819137074 0.00309088712092489 0.000634023390011862 0.00020949872705387 0.000980262539815158 0.00086439658771269 0.000964781359652989 0.000548302113747923 0.00101010188518558 0.000569399853702635 0.000968463302706368 0.000949456577654928 0.000707908299227711 0.00151604288257658 0.00163238595705479 0.00239886302733794 0.00129882920300588 0.00162998935556971 0.00196331450715661 0.00173935566563159 0.00188502026721835 0.000633212181855936 0.00417171675944701 0.00308489550370723 0.00214242797810584 0.00203971922164783 0.00240664141019806 0.00475849038921297 0.00246498505584896 0.0018194611184299 0.00189416364300996 0.00272321255179122 0.00120072919817176 0.000992489128839224 -9999 -9999 -9999 -9999 -9999 -9999 -9999 -9999 -9999
0.0155291322618723 0.00555923143401742 0.00270898186136037 0.000441213839803822 0.00167592481011525 0.00136710297156242 0.000669922015231383 0.00126024296987453 0.00168360522075091 0.00165061383740976 0.00077671684557572 0.000659484267089283 0.00064026631807792 0.000479452154831961 0.000624335912289142 0.00126441917964257 0.00182746071368456 0.00312041118741035 0.00204142601578496 0.00248951948015019 0.00182613432407379 0.00248436400434002 0.00312508170027286 0.0030826187110506 0.0048458001576364 0.0040704965707846 0.00295229527982883 0.00147153878351673 0.00245359636610374 0.00325996113242581 0.00446775744203478 0.00164011761662562 0.00164464231347665 0.00337682409444824 0.00304982790257782 0.00157960380893201 -9999 -9999 -9999 -9999 -9999 -9999 -9999 -9999 -9999 -9999
0.0145566021092236 0.00297695790650323 0.00221792329102755 0.00199620152125135 0.00148995199415367 0.00209143063984811 0.0018192584568169 0.00175303139549214 0.00124086284322402 0.00146899327774008 0.00179933380786679 0.00211350371828303 0.00205346135189757 0.000527447473950815 0.00112242677423644 0.00241112696239725 0.00264299467671663 0.00264700773986988 0.00302611283259466 0.00297696224879473 0.00442836605943739 0.00305073552299291 0.00325352132786065 0.004547797027044 0.00283127354923636 0.00184630811563693 0.0022706635762006 0.00343924857443199 0.0013164518692065 0.00556993400678039 0.00479264270979911 0.000844431726727635 0.00246148940641433 0.00223521464504302 0.00283339984016493 -9999 -9999 -9999 -9999 -9999 -9999 -9999 -9999 -9999 -9999 -9999
0.0136957383714616 0.00825828947126865 0.00108826233772561 0.000580361024185549 0.00269827134907246 0.00263823994901031 0.00123875716817565 0.000847590700141154 0.00125945586369202 0.00288803146686405 0.00419520976720378 0.00334616617765278 0.00323937750072218 0.00358263975940645 0.0033396509999875 0.00205016857944429 0.00151421335176565 0.00389001434668899 0.00181310772313736 0.00364841250702739 0.00455332376295701 0.00480102831497788 0.00329169490141807 0.00525035148020834 0.0038180849282071 0.00265476189088076 0.000977300456725061 0.00144433302048128 0.00137177055003122 0.00462295061443001 0.00353080751374364 0.00180707306135446 0.00295412701088935 0.000649809012065827 -9999 -9999 -9999 -9999 -9999 -9999 -9999 -9999 -9999 -9999 -9999 -9999
0.0246706881560385 0.00506476408336312 0.00253731749253348 0.00361470084171742 0.00216338537284173 0.0034544199006632 0.00139068139251322 0.00165306713897735 0.00405007338849828 0.00325091105187312 0.00510927904397249 0.00431171028758399 0.00463616585184354 0.00141978229548849 0.008140520149027 0.00270308361796197 0.00134099404094741 0.0035208183224313 0.00269947081105784 0.00123233027406968 0.00128213173011318 0.00242183109512553 0.00699569350108504 0.00545945093035698 0.00889848177321255 0.00518857778515667 0.00224376778351143 0.000960613833740354 0.000991456600604579 0.00124886163976043 0.00256959981052205 0.00149294085567817 0.00311175982933491 -9999 -9999 -9999 -9999 -9999 -9999 -9999 -9999 -9999 -9999 -9999 -9999 -9999
