Maxent_result_files_2/B_semenoviellus_3.asc
NCOLS 594 
NROWS 330 
XLLCORNER -15 
YLLCORNER 23 
CELLSIZE 0.166666666666667 
NODATA_value -9999 
[rows 200 to 219 of 330, columns 180 to 224 of 594]
9.15523623461922e-05 4.52861529993243e-05 7.27648895690436e-05 6.83785819006744e-06 8.84335886439658e-05 6.90030991790991e-05 2.42809165751368e-07 9.32233431740315e-05 0.000123323567640909 9.58406946665491e-05 6.31640697974945e-05 3.99232287236373e-05 0.000140817216379219 0.000290692529961234 0.000263839170656865 0.000246783124748617 0.00104349087341689 0.00073948384670075 0.00233487725490704 0.000492568888148526 0.0037835720111616 0.00286101050442085 4.73099815962996e-06 3.42050719837061e-05 0.000156523814803222 0.00545334997586906 0.0014576360816136 0.000242629768399638 0.00428526357281953 0.0946644861251116 0.00498523882124573 0.00650132888695225 0.000620332742255414 0.000485457546892576 0.00407773473998532 0.00534867979586124 0.0115885364823043 0.0038677696720697 0.000854072053334676 0.0106099610449746 0.000979063252452761 5.28413549091056e-05 0.000362808389763813 0.00397793240845203 9.1931242195642e-06
3.88688409316273e-06 6.78639565698802e-07 1.29720853408344e-05 6.22023457253818e-05 2.2063928577154e-05 0.000327040694537573 0.000108841941801074 0.000223927911792998 0.00123196509666741 0.00187861912418157 0.000141172646908672 2.69252490397776e-05 0.000238814885960892 0.00077182142122183 0.000878001772798598 0.000364477794209961 0.000399887323146686 0.000683241675142199 0.000671886003692634 0.000524744539870881 0.000725630708620884 0.00543261968996376 0.000127625603272463 7.04320610793729e-06 0.00081108765443787 0.000149725515439059 0.00114513452281244 1.98142312456184e-05 0.000455079854145879 0.000297901610611007 0.00229296215984505 0.00080461739707971 0.0579621852375567 0.000601036596344784 0.00702569889836013 0.00614827359095216 0.0478393553756177 0.0104770780308172 0.00222337169689126 0.000292916961188894 3.21723430715792e-05 3.42525184123588e-05 2.46477636210329e-05 0.00184911008109339 0.000537376402644441
-9999 0.000862055546167539 1.37559688823785e-05 1.01774529497334e-05 3.0743366767183e-05 3.4618697463884e-05 1.27144980865523e-05 0.000316880377795314 0.000976008048746735 0.0013940267439466 0.00115660800074693 0.00147705561830662 0.000689052187954076 0.000412452346063219 0.000547448822180741 0.000556122795387637 0.000908838520990685 0.00267827101051807 0.000417647477297578 0.000375259499560343 0.000404341448665946 0.000394313920696732 0.000184861319576157 0.000156468867862714 8.87766327650752e-05 8.60296711834962e-05 0.000212351154914359 0.000254519845475443 1.62521826496231e-05 0.000240582551487023 0.0066549937822856 0.0011348378880939 0.00157030409318395 7.27936770999804e-05 0.00671842824667692 0.00753896085079759 0.00894884951412678 0.000294409786874894 0.000802849531464744 0.000233255763305351 7.02021452525514e-06 7.18854730621388e-06 2.58474660768115e-05 3.4706738551904e-05 0.00682771052233875
-9999 0.00102533664539806 0.0025321697758045 3.25693556987972e-05 0.000123645745952672 2.9962303915454e-05 0.000254208133628708 0.000781979112070985 0.000802370911696926 0.00158690477837808 0.0208302792627364 0.0211546470411122 0.0195394460577518 0.001175937167136 0.00225937673822045 0.000433538082870655 0.000606564036570489 0.000330354725883808 8.35224107504473e-05 0.000402061120257713 0.000413418022799306 0.000564866498461925 0.000655235987505876 0.000537799345329404 0.000299428420839831 0.000242107819212833 3.41769416991156e-05 0.000293289255932905 0.000144423754318268 0.00191445503733121 0.00997436144389212 0.00465563067700714 0.000839189325779444 4.14174091019959e-05 0.000500124829704873 0.0042444649967365 5.89886576563003e-05 0.000506256715743803 0.000110983886406757 9.84914810032933e-05 1.00930674875599e-06 5.60494690944324e-06 0.0694617196917534 0.00230433685937896 0.00694188303314149
-9999 -9999 -9999 0.000169102396216658 2.23575321342651e-05 2.76551542356174e-05 1.23184700441925e-05 0.000270470614304941 0.000730928885241155 0.000829924299614504 0.00243550954619423 0.0277441664133221 0.0187868703622371 0.035860456712544 0.00236268029548228 0.00253757983446121 0.00118274529813789 0.000687090630526654 3.05386570289556e-05 3.95006608869153e-05 0.00334718455560505 0.00154467002721503 0.000735497180721723 0.000467792371637188 0.000483276913291775 0.000294219436182175 0.000332888933189679 0.000829834563774057 7.37918286176864e-05 1.69314888808003e-05 0.00112047691363841 0.00552383179310709 0.00222371036943514 6.05132063355995e-05 0.000258802747703157 1.91668358638708e-05 1.23229841847206e-05 0.000101066924253246 0.00159092709363904 7.10119088580541e-05 1.84278267624904e-05 7.87227468208585e-06 0.00366478564101271 0.00485176632646471 0.0102919631171972
-9999 -9999 -9999 -9999 0.000598207861730771 0.000761094027438958 2.62842447909861e-05 0.000172315287636593 0.000768616037385073 0.002247401731438 0.000159830065786082 0.00173969006864354 0.00082008211829816 0.00938315215753391 0.00270067896926776 0.00170813216245733 0.000409844622481614 0.000377799711714033 0.000549894629511982 0.00222974757198244 0.00036244721559342 0.00040083026397042 2.55838200757807e-06 6.72971964377211e-05 0.000108469235055964 0.000223989400546998 0.000357827973493841 0.00828109432477504 0.00390329733490944 0.00134021648555063 0.000653760155546479 0.000610798812704161 0.00107994620339014 0.0154794775880873 0.002142863109475 3.0498699288728e-06 8.46534174343105e-05 1.1067266586906e-05 0.000926617829827592 0.000164205611508805 8.61795567743684e-06 6.39525500446325e-05 0.000180285365058808 0.000349900813307613 1.71267796758912e-05
-9999 -9999 -9999 -9999 -9999 -9999 0.000543146860945853 0.00100832504231221 0.000501240517041879 9.44982228247682e-05 0.0137604513787664 0.000547385717072757 0.000356703793841007 6.56426788737008e-05 0.00305617654230446 0.00236422451562248 0.00102586249995511 0.000595299262204207 0.000370212715642992 0.000756464403821155 0.000755226213368587 1.91056641597243e-05 3.34846565237967e-05 1.22027817042181e-05 9.06522916920949e-05 7.07129716829513e-05 0.000150425220272155 0.00377416322007775 0.0016250285319984 0.00148169556050561 5.68027684494155e-05 7.43099300962058e-05 0.00104148215323221 0.00187042548786849 0.00151146658463404 0.00132674357737415 0.000139191935886629 0.000235486499150284 0.000143694214784773 5.87307516980218e-05 0.000131728111591656 5.76926217036089e-05 0.00269263717345893 0.00622867138590664 0.00102790587407071
-9999 -9999 -9999 -9999 -9999 -9999 -9999 -9999 -9999 -9999 0.00224034535931423 0.00153563973144628 0.0173625192139298 0.000472505701691261 0.00104804963193601 0.00125177615409484 0.00184494822169654 0.00140954035450704 0.000894738972419873 1.48668518932027e-05 9.76695815552375e-05 0.000694211907102726 6.82357111145393e-05 0.000136509005824337 0.000202060818992322 0.000208326017309446 0.00114461394259706 0.000536052710958756 0.00101793925859965 0.0123999239876866 0.000104402088072675 0.00146929495967925 0.00262661422602832 0.0119586859829724 0.00415453515015543 0.00259884661063552 0.000577798961603548 4.56904188922636e-05 7.22389851944172e-05 2.67461014118453e-05 3.71500728761021e-05 0.000897198714665137 0.00142682228470221 0.00831896446179599 0.000269018051039893
-9999 -9999 -9999 -9999 -9999 -9999 -9999 -9999 -9999 0.00187714531493839 -9999 -9999 0.00644524949602783 0.0134563453146256 0.00952616211725399 0.00158902395633049 0.00249068875855301 0.000115194906038596 0.000227653826368623 0.00119461502472404 0.000756823230767623 2.85830720258673e-05 0.000576780771370977 0.000409767137898598 0.00107973848935217 0.00044999934034422 0.000632150308229029 0.000720576447201893 0.00053966642008163 0.0111019316595048 0.00909035326912999 0.0017480266164057 0.002288147888612 0.00505502058658749 0.00626407754607499 0.00178027140209451 1.10308303021611e-05 1.38201945901528e-05 0.000108133503454155 2.04531139388564e-05 0.00230120099149644 0.000109127516043372 0.000526431479374878 0.00340725900605321 0.00281344316899776
-9999 -9999 -9999 -9999 -9999 -9999 -9999 -9999 -9999 -9999 -9999 -9999 -9999 -9999 0.00524609365966171 0.00757522895582952 0.0029190288958489 0.000328737271229329 0.00160463718930259 0.00261079128831625 0.00638530347496271 0.0015949881519191 0.00112838764325716 0.00150922577595338 0.00455930033931509 0.00148706068866886 0.000477492331992835 0.000742682287818752 3.72974232050183e-06 0.000317380329943262 0.0300193004310131 2.86072527615033e-05 1.06865498764819e-05 0.0026258145342581 0.00418269627261907 0.00446161612635478 6.53155979307485e-05 2.86096802483371e-05 2.12996414461486e-06 4.13754175951908e-06 0.000555312252254225 0.000104340499092359 1.00710201422771e-05 1.98337907932e-05 0.00135155322495848
-9999 -9999 -9999 -9999 -9999 -9999 -9999 -9999 -9999 -9999 -9999 -9999 -9999 -9999 -9999 0.00220838448076393 0.00122194201103412 0.000431234092138766 0.00113920967633021 0.00387957355123945 0.000235556308143714 0.0018892307052738 0.0121822685003281 0.000849683510023169 0.000653725849406328 0.00032869227725314 0.000608157238457352 0.000754312388016842 0.0013381676399149 8.61121712659951e-05 0.00475639812648296 0.00212740357965231 0.00415813189465553 0.000533151475246996 0.000385453691706061 0.00467455661855638 3.46124856150709e-05 0.000101802349308855 1.36551398668416e-06 5.25102680057898e-06 1.56276967118174e-05 5.27429225257947e-05 9.56384219534811e-06 2.85624484490654e-06 2.18614684627028e-05
-9999 -9999 -9999 -9999 -9999 -9999 -9999 -9999 -9999 -9999 -9999 -9999 -9999 -9999 -9999 -9999 -9999 0.000346785718284082 0.000452395370120939 0.000367345527956786 0.00349012809310807 0.00693288737675175 0.00152041273686336 0.0046005139767658 0.000752289884258062 0.000630362663650885 4.8172126253121e-05 0.000531001386116259 0.00114370536175556 0.00284458477981389 0.00226057476829737 0.00470558109227568 0.0205677332356572 0.000166610607266193 2.67908610112499e-05 2.27853580327064e-05 0.000539588107494637 2.24519352741481e-05 2.55996593523378e-06 2.18880667262056e-06 6.26103862941818e-06 2.51306058771661e-06 1.32875207327743e-05 7.94279743786319e-05 0.0073938843794167
-9999 -9999 -9999 -9999 -9999 -9999 -9999 -9999 -9999 -9999 -9999 -9999 -9999 -9999 -9999 -9999 -9999 -9999 -9999 0.000859375684376573 0.000153971818235732 0.0019897826743545 5.35052206259934e-05 0.000391313078716848 0.00107985241193092 1.90291893176209e-05 0.000482839660980972 0.000818294833879918 0.000939912963076495 0.001485875522485 0.000606070960930083 0.00339846480637789 0.0010773092508316 0.000450073572574183 0.00011478455417091 2.38455295402673e-05 0.00093991034082137 5.06731667883287e-05 4.90120413815021e-05 6.42920345853781e-05 1.56891723690933e-05 3.02348991681356e-05 3.80695723833924e-06 2.33740209750977e-05 0.00133671004441567
-9999 -9999 -9999 -9999 -9999 -9999 -9999 -9999 -9999 -9999 -9999 -9999 -9999 -9999 -9999 -9999 -9999 -9999 -9999 -9999 -9999 8.52677916554967e-05 3.10678245000418e-05 1.4384349105967e-05 9.21504175039445e-05 2.67840280612219e-06 0.00109496244185721 0.00100673131237272 0.000416091989609413 0.000698543366161175 0.00163181467214599 0.00145780020684469 0.00114681903942255 0.00380584333324805 0.00223293070448562 2.22103826672537e-05 1.29292878227716e-05 2.96422575956967e-05 0.000140390778688015 0.000129550445308269 0.0035329453414306 0.0016417730395915 0.000119569847265666 0.000255467231181683 0.00222284129122272
-9999 -9999 -9999 -9999 -9999 -9999 -9999 -9999 -9999 -9999 -9999 -9999 -9999 -9999 -9999 -9999 -9999 -9999 -9999 -9999 -9999 -9999 -9999 0.000111293358622788 2.83947033352661e-06 3.91727206565662e-06 5.10515006233447e-06 0.000173712401738157 0.000227254022502166 0.000820013655174989 0.00207594544044696 0.0157438236521557 0.00060680910537485 1.73780555996927e-05 0.00280455359024927 0.00294194301823154 0.000911710649961606 7.87079134170199e-06 8.03547263785731e-06 1.75079750079021e-05 0.0137903013266623 0.000747640017652884 0.00135692802432459 0.000125056250180933 0.00758966444991529
-9999 -9999 -9999 -9999 -9999 -9999 -9999 -9999 -9999 -9999 -9999 -9999 -9999 -9999 -9999 -9999 -9999 -9999 -9999 -9999 -9999 -9999 -9999 -9999 -9999 1.07449950689897e-05 8.88440562007986e-08 9.44503621610693e-05 0.000549781811787398 0.00154483738297131 0.00230624270334374 0.00382227964000776 0.0068812845274806 0.0045777949038893 0.00131941856816411 0.00964742819778621 0.00308004196267575 0.0231436669826508 0.00178048284724355 0.000545688255806454 0.00769965006038547 0.022237803786993 0.0904871732927859 0.00161323193460703 1.50809146362008e-05
9.26221005101979e-05 0.000130755654026871 -9999 0.00782699139672332 0.00141606819670415 0.00627064789878204 0.0088440419989638 -9999 -9999 -9999 -9999 -9999 -9999 -9999 -9999 -9999 -9999 -9999 -9999 -9999 -9999 -9999 -9999 -9999 -9999 8.42618293972919e-05 9.55344917770162e-06 7.2120912841811e-08 0.000786650382724474 0.00700104930438101 0.0069488110835664 0.00383038674481213 0.00123311456409283 0.0020493907679338 2.2952626204642e-05 0.000254164545913227 0.018871193844825 0.0336458642035723 0.250011616945267 0.000181982015783433 0.138162909634411 0.00226455364609137 0.00955934510566294 0.00440338116604835 0.00739979071076959
0.000200209477770841 2.0702330198219e-05 2.04913287689124e-05 0.00301243685535155 0.00194091900484636 0.0253336444497108 0.0218428497901186 -9999 -9999 -9999 -9999 -9999 -9999 -9999 -9999 -9999 -9999 -9999 -9999 -9999 -9999 -9999 -9999 -9999 -9999 -9999 -9999 -9999 0.000112560684783602 0.000403358468611259 0.00342049541068263 0.0252087495289743 0.0190710338298231 0.000483961847203318 0.00135702240513638 0.0337500799447298 0.00384301217272878 0.0155142532661557 0.00175366600160487 0.00448584214318544 0.0132485812529922 0.00057570267963456 0.000258523869706551 0.00329530400922522 8.78621387528256e-05
0.0147931843530387 1.38764957000603e-05 9.4757875558571e-05 0.000497513289155904 0.000991971365874633 -9999 -9999 -9999 -9999 -9999 -9999 -9999 -9999 -9999 -9999 -9999 -9999 -9999 -9999 -9999 -9999 -9999 -9999 -9999 -9999 -9999 -9999 5.99914378085487e-06 0.000239193615561817 0.00115951059706276 0.000997542963159503 0.00210166042088531 0.000365718746616039 0.000484380163106835 1.07342271121524e-05 0.00147343123098835 0.000223955559340538 0.0204822869971395 0.00282544334186241 0.0341887878254056 0.00681088832789101 0.0005711352583603 9.51775567955338e-05 0.0100671890424564 0.00282720466493629
0.0708391113206744 0.0039193195203552 0.000532688581733964 0.000144141393138852 0.00022471310403489 4.58536114820163e-05 -9999 -9999 -9999 -9999 -9999 -9999 -9999 -9999 -9999 -9999 -9999 -9999 -9999 -9999 -9999 -9999 -9999 -9999 -9999 -9999 -9999 1.63594896093855e-05 0.000306274603735801 0.000668373457301641 0.000884646964550484 0.00198868000588845 0.000962180791248102 0.00254252969752997 2.72983680531524e-06 3.83842892006214e-05 0.00394584557507187 8.40554464957677e-05 0.0148472723551095 0.00880858665332198 0.0329596281982958 0.0437314283102751 0.0312091484665871 0.0230692533776164 0.015401491522789
