Maxent_result_files_2/B_semenoviellus_3.asc
NCOLS 594 
NROWS 330 
XLLCORNER -15 
YLLCORNER 23 
CELLSIZE 0.166666666666667 
NODATA_value -9999 
[rows 180 to 199 of 330, columns 135 to 179 of 594]
0.0138769752811641 0.0145322390832007 0.000801605575543363 0.000128049486374948 0.000380753324134275 0.0131514395587146 0.0322307934053242 0.0523294799029827 0.0464138638228178 0.0576001370325685 0.0592412570491433 0.0276996491476893 0.0469633164815605 0.0253096332773566 0.0184187108185142 0.0421608098782599 0.057506840955466 0.00818811205681413 0.0544737068004906 0.0230663663242012 0.0276168862357736 0.103991219773889 0.045354926167056 0.117259808629751 0.0132696029962972 0.0152569053694606 0.0452020865865052 0.183206305094063 0.0575360047630966 0.0206434304593131 0.0629662794061005 0.00772278668591753 0.0104017615201883 0.0646476392634213 0.011398591985926 0.00537990885204636 0.0108500179718249 0.0238063262309879 0.0102121426956728 0.0110727216117084 0.0209255509544164 0.0251751353032887 0.0374614917673171 0.0661838857457042 0.0321727719157934
0.0251927984878421 0.000105467158937245 3.6939055212315e-05 6.86980863065401e-05 0.000402245591612882 0.00534027954563498 0.0114817595575005 0.0648222519084811 0.375996609032154 0.100050307065248 0.272517900168896 0.152952281758189 0.0651017191819847 0.00499524474726059 0.00530018815188669 0.00245839685376268 0.0179660527734086 0.00661667404347099 0.00858514456194825 0.0123359647463076 0.0235867365496233 0.023297736258246 0.0255074383690953 0.0121327563887462 0.0126528059365228 0.00998870033072308 0.0028691702260403 0.00581570594222285 0.00807908648857847 0.00680873837554827 0.00276520845945925 0.00319265411817469 0.0106405839091167 0.0877858927473426 0.0029899380839197 0.00167026855851873 0.00123025610228069 0.000545806441732566 0.000650016978397616 0.00329570918111131 0.0107898882590234 0.0148031422169879 0.00471530098584481 0.00705340406857431 0.00545706800185144
0.201957860635594 0.0322891279123724 0.00124095508508617 0.00104997513408307 0.0113859662320465 0.00491881184279919 0.0314622652716935 0.104480567574501 0.121285421401262 0.0319546834100038 0.019120561843738 0.000360560353874462 0.00460017744917423 0.00808507617330179 0.00158956890954869 0.000410438894323306 0.00420253202173626 0.00189693516440457 0.00357163404696621 0.0102310454356484 0.00178374147690192 0.0109969415527303 0.00400164662569296 0.00248595465600374 0.00176436158071738 0.00247562922595534 0.00326084287517006 0.0101755000767298 0.0308574787341058 0.0115893507609144 0.00461047825810965 0.00358099096920341 0.00113712116071838 0.000880521611543372 0.00201336969766999 0.00166108885605354 0.00075351040395617 0.00095999314362416 0.002226506875013 0.00490857361292001 0.00869577457779087 0.0248139108531177 0.00943667709361762 0.01467091483064 0.00728832357563078
0.00337803766014986 0.00106783620285569 0.00026297108597646 0.002087267144816 0.0239522200077772 0.0358211408369243 0.248458488099277 0.218788123875856 0.00826947333989665 0.0116258595138788 0.0228338389890268 0.0348254909040406 0.0730554069858044 0.0143937363813166 0.000793429325494799 0.000248288271995989 0.00052957018451707 0.000295301124242542 0.00208974557972397 0.00583673176588491 0.00217598035742412 0.00706631852081045 0.00290906780282967 0.000195941495258012 0.00122807634106721 0.0171577956294641 0.0168415351770818 0.0256794313900173 0.00799070838838816 0.00527460561133921 0.00310333883680869 0.00589969150023535 0.00236721783294342 0.00152911684417631 0.00995371182216331 0.00522511786257382 0.000933024850564834 0.000555671499387245 0.00461018506612163 0.00311566794698592 0.000131471899294411 0.00210636570409406 0.00142375889954565 0.00326793034037109 0.0196147742914036
0.0089820085442625 0.00234930057777092 0.00317650155629963 0.00286530396551825 0.00346774460631423 0.00735628115944564 0.0804223205894232 0.0258937589358538 0.013509599363897 0.000813689027563669 0.000635495536334929 0.00120043167626136 0.0189271313138306 0.00166526794928359 0.000234778795311286 0.000124934817267786 0.000156341456113296 0.00022812024653831 0.00063526231169817 0.0210735507658683 0.00972976822522469 0.00582003415911458 0.0324531531194225 0.114568764157593 0.0165292161516845 0.00118918453954393 0.00798631723737344 0.000233100832338096 0.00203850044053979 0.00424777346779592 0.00345366762485355 0.00702983027440496 0.00661422702251002 0.00511466530733742 0.00213548737519886 4.82946402371454e-05 7.35814515792299e-05 9.29424363221187e-05 3.90681200656218e-05 0.000155599171921494 0.0014134779543383 0.00366339185566176 0.0136439149267972 0.246400240808725 0.026449925545603
0.00729208880802616 0.00105052181606879 0.00142896770848893 0.0015814611047972 0.0155614232411608 0.00212738523405278 0.00094704339207965 0.000503435584505496 6.99592678984118e-05 0.000189793028221175 2.88270023588666e-05 0.00208987700461876 0.00109923451891518 0.000180186753505041 0.00206346700142603 0.000144824286689982 2.24092369307982e-05 0.000307479819457512 0.0281155650969595 0.00479008633410558 0.00259543503634632 8.45221301659649e-07 0.00179212282819208 0.0183828437409829 0.000704631461121608 0.000271469699509908 0.000164955534819455 1.71321635889399e-05 4.2885548623417e-06 3.68145911579631e-05 0.000104358859198328 1.0835911052709e-05 6.13682653693104e-05 0.000102871695571594 6.80905675380927e-06 2.58195090793834e-05 0.000289583580706676 0.00197314234246733 0.00106008581278729 0.00202007402331219 0.00172911814879626 0.00748069199034944 0.0015065294886881 0.0178746061399579 0.0018318874281249
0.00462995202396996 0.000947746195015498 0.000785785735934041 0.000537682649883209 0.000652564260963118 7.74556880060118e-05 0.00015116885469979 1.92518967310207e-05 1.89958710592464e-06 2.72758493409242e-06 1.80905433211365e-06 3.42822325592351e-05 0.010879856464453 0.00147780655679526 3.70003459920554e-05 1.95232614714769e-05 6.16367839825216e-06 0.00216368596884422 0.00490898088319227 5.61730541415173e-08 1.12090035102597e-06 0.000143910012275228 0.000303589145551086 0.0442478701006621 0.00310263397987001 0.000979253210243769 0.016742954775691 5.67857285659557e-05 1.6897408386285e-05 6.21408938513923e-05 0.003593789646402 0.00024444706941722 0.00269402359408559 0.000752266256131406 0.000885534311964875 0.000420357576331298 0.00100319264602149 5.58231595221059e-05 0.000139931548073946 0.00182735895796213 0.00375151220068801 0.0207039959030226 0.00104399461124558 0.0113412294303998 0.00754356833058409
0.0536811294034123 0.00267300590930972 0.000706979436654365 0.000399696032400243 0.00014893911757099 3.28409521671347e-05 6.03164307904081e-06 1.38271636558329e-06 9.01093660559127e-06 2.08874454358465e-05 0.000187923900557507 0.00105652052880032 0.000294436865442549 0.000291495921192109 2.17006194063174e-06 0.000381812908744905 0.000969295605318621 0.000101354908110807 0.0604147551581264 1.15423817192095e-05 0.000624710356350988 0.0241038878215477 0.107462559640408 0.00541902508120984 0.178878508135676 0.0800135106313974 0.109213420934975 0.0312440704088658 0.00999804091989063 0.00337736159563065 0.00302582007570891 0.00670302901999094 0.0056058527668938 0.00242264700500527 0.003929966573196 0.00572743703378364 0.00934942491585389 0.00191815030557336 0.000915471749249264 0.00542031335644424 0.0143415702972561 0.0878533637151122 0.0251890603918582 0.0169685144675896 0.0431782058440149
0.00130463835375849 0.00125738745555282 0.000247591586958151 0.00229823524714448 6.34222429653164e-05 5.38447487201665e-06 5.55979693785957e-06 1.42040645556563e-06 1.18272254155727e-05 1.9172038356885e-07 3.30137921764617e-06 3.66933961231553e-05 0.000225466555275489 1.57933665832388e-05 9.17522188501607e-05 3.5186340880955e-05 9.19207702452241e-06 0.00589095632894896 0.16825560964644 0.343430990725756 0.361993283033371 0.519683884084225 0.354041042923927 0.374477480351925 0.171951164677739 0.0110728204017505 0.0105461369967088 0.00158972751814872 0.00205697278142907 0.00641213383350987 0.00558081492781639 0.000882962849573232 0.00160599862210802 0.00174455832166132 0.000838990779448068 0.000927628433419159 0.00118425886830664 0.00485529497964308 0.0258294481551275 0.0145736757083796 0.290045042708516 0.0479294015094638 0.0156822692835703 0.0102320396574214 0.0111197052727221
0.000112927078589564 0.000360088382876711 0.000892168708378449 0.0023945379187353 0.000197594408382429 1.17668533079041e-05 0.000134351811902889 7.42325495139084e-05 0.00047414231376024 6.03308456675222e-05 3.28153754253435e-05 2.96649823212647e-05 0.00016334780229954 5.37948815008349e-05 4.33167468827378e-06 0.00166578156931791 0.00215996851256932 0.0892239853739738 0.000762297768596909 0.0219799087324645 0.357607375085354 0.619157633185387 0.549609133601189 0.150373090803623 0.0208975207060575 0.0100029173248913 0.0210069485940039 0.00938882327172905 0.0126579176168889 0.0287590613588691 0.00169557823974174 0.000601384445326403 0.000329880979916197 0.000210139614409854 8.21280028731053e-05 0.000122503546162989 0.000107065191446054 5.39804399807053e-05 1.29234034261572e-05 0.000179917076047786 0.000225941458074885 3.44456317861841e-05 5.93700513491058e-05 0.000130707446442102 0.00101183373844833
0.00776495793834329 0.00305132300127298 0.0424123106524348 0.000911414503934793 0.000509119255002588 0.000631142045313027 0.000121155664237449 0.000175391526136082 8.99041281627433e-05 0.000259985098637117 4.93600691243046e-05 0.000536313447810244 0.000141702044493286 0.00713546827901155 0.0128288839943707 0.0526850370690227 0.464237168431282 0.186814677342772 0.0519279604544863 0.600458368659019 0.657670021057129 0.464209362864494 0.422045826911926 0.310900865495205 0.127851108089089 0.0246659234631807 0.0164286516606808 0.0491615710780025 0.00636477370280772 0.00690130987204611 0.00271891831071116 0.000485534682229627 2.33467305179147e-05 4.09096843782208e-05 3.61181145720479e-06 6.14651807717692e-07 3.6545064497906e-07 1.12944593335662e-06 1.98400781661334e-06 3.51769368975852e-06 0.000207309758434349 0.00175938087922987 0.000548940072258119 0.000185380104767319 0.000663926948982407
0.000209832730979542 0.000541050379615626 0.001601016427594 0.000197929201385705 0.0042274558916688 0.000381638810358709 0.00014453859294008 0.000112944476495613 0.00106718468523468 0.000105194910429418 0.000165653261774423 0.000634413049556315 0.00917812460102141 0.0288899115286767 0.0304310569539666 0.0874568786472082 0.237956570833921 0.296208809316158 0.127897660620511 0.572746998071671 0.485540950298309 0.998685383796692 0.769532197713852 0.0767518918961287 0.113884437642992 0.0890710484236479 0.0198239433579147 0.00282258780207485 0.0102963716723025 0.00152870614838321 0.0119110230356455 5.72358128920314e-05 3.55849857555768e-05 0.000122746589556755 6.64910133934882e-05 2.22588451066485e-06 5.18806175353603e-08 9.02394578727872e-08 1.97115288025351e-07 1.18633033228122e-06 5.69878066471574e-05 0.00170112554260413 0.0198693526675925 0.000906059009867022 0.00128912000946002
0.000171622473681055 0.000166533538777003 0.0030526879359968 0.000798118085367605 0.00106876053032465 0.00195123191515449 0.000629172059780103 0.000812359082192415 0.00088041458002408 0.000648576171442983 0.000519356889708433 0.00567430885275826 0.00117974084569141 0.00725778955966234 0.0418831069022417 0.14394583851099 0.0722363911569119 0.370479947328567 0.429882125556469 0.0758982097730041 0.301208235323429 0.622877955436707 0.0490652805194259 0.291660051047802 0.0763401292264461 0.010718863690272 0.00332726427586749 0.00339959579287097 0.00423780408455059 0.000208333499176661 9.74824733020796e-05 6.87853580984665e-05 4.01319847924242e-05 3.30658805523854e-05 1.99644942313171e-05 0.000116155547004837 0.00022159767231642 4.05731847124002e-06 7.21642242584863e-07 6.13958163997452e-07 2.9783686841256e-05 0.000238802629428392 0.00023279191700567 0.000111774500328465 0.000308174234305625
0.0104393043089658 0.00567144569940865 0.00227640363737009 0.00178667962318286 0.00118899309600238 0.006985969026573 0.00476041951915249 0.091360547952354 0.0249789799796417 0.00294548399979249 0.0194309126120061 0.0137961472617462 0.00747628731187433 0.0121193944709375 0.0310739164240658 0.0072599308565259 0.0408995937556028 0.0214128393679857 0.0215976914390922 0.00787149944808334 0.0733609285205603 0.671510428190231 0.0274481793865561 0.0252843857742846 0.00840464576613158 0.0033245729515329 0.00421685839537531 0.000491610367316753 0.000893158867256716 0.000317562732379884 0.000236245632186183 0.000160389119810134 6.42756185243343e-05 2.92175841877906e-05 -9999 7.09977428670072e-07 -9999 0.000275419195895665 6.53974737474528e-06 2.46573538618122e-06 7.61730272529348e-06 1.82025355684345e-05 7.83980366577453e-05 4.76182428883476e-05 6.95046922373876e-05
0.000204562828730559 0.0215894480235875 0.00625395178794861 0.0739962108433247 0.00411202656105161 0.00264344438910484 0.00889105742098764 0.270435521751642 0.00615624579804717 0.00352398959229024 0.00709929098309809 0.000218318471888779 0.000225628305634018 0.000215817520984274 0.0351781537756324 0.0395513212308288 0.0298433821648359 0.00640456043183804 4.98668168802396e-05 0.0133433434646577 0.0888476021587849 0.00274988494347781 0.0953410487622023 0.026821772987023 6.87276685312099e-05 0.00012615420127986 0.000268240423247335 0.000212526098039234 0.000340768066962482 3.79523732590314e-05 0.000113548100307526 8.43885034555569e-05 -9999 -9999 -9999 -9999 -9999 0.0670717032626271 3.38684707685388e-05 2.57501090068502e-06 1.22182287043415e-05 7.8580822304275e-06 1.12505344930014e-05 1.09622562831646e-05 3.16573490977134e-05
0.00236594185698777 0.0139686057344079 0.0159089252352715 0.0111813456751406 0.00182075805496424 0.00124597033573082 0.000529972239746712 0.0386373607441783 0.0758360553532839 0.000381162154735648 0.000378829354758636 0.000648774988076184 0.000732743008120451 0.00059400725949672 0.000727899905177765 0.00074163252429571 0.000469582361256471 0.000510767667583423 0.00128378545632586 0.000461589070619084 0.000686531019164249 0.000477937715186272 0.0012083123830962 0.00993466270156205 0.00456861644051969 0.00730442779604346 0.000368769746773978 0.00057410053559579 -9999 -9999 -9999 -9999 -9999 -9999 -9999 -9999 0.000797161749505904 5.22920110597624e-05 3.54593352767552e-05 6.96167147680171e-06 9.09303950606954e-06 0.000130914628925893 1.06464319799215e-05 1.24740319222383e-05 1.04238459073258e-05
0.014480569306761 0.00125419539690483 0.0643514465540647 0.00304333863314241 0.0343259444460273 0.00130132031044923 0.00166843550105114 0.00151043996738736 0.0906761925667524 0.00973300460609607 0.00153280872909818 0.00138841694279108 0.00116524049954023 0.0010923947149422 0.00103614893305348 0.00101795403461438 0.00117273230862338 0.00136066038394347 0.00186723635415547 0.0110541160334833 0.00151829105452634 0.000813358956656884 0.000437721851631068 0.00045084255252732 0.000445207034499617 0.0363052777945995 0.000818225892726332 0.00021330730705813 -9999 -9999 -9999 -9999 -9999 -9999 -9999 -9999 -9999 0.00422836822690442 0.000632297593983822 0.000783908586890902 9.9525268888101e-05 -9999 3.31920670873842e-05 3.80053046001194e-05 6.42887986543883e-06
0.0031584971576752 0.115739456145093 0.0882241081446409 0.0160173795185983 0.0969313696026802 0.00153077253780793 0.00200431580888107 0.00252334423712455 0.00278121222509071 0.00306458699633367 0.00235522584989667 0.00196867677732371 0.00153975100547541 0.000664171441167127 0.00314290824753698 0.000733475039305631 0.00157588227884844 0.00163686995510943 0.00328159845084883 0.00196123479981907 0.0015856048965361 0.00143868806189857 0.000847317895386368 0.00101072146499064 0.000835358205949888 0.000643696301267482 0.00152948356699198 0.00109720888140146 0.00115953490021639 -9999 -9999 -9999 -9999 -9999 -9999 -9999 -9999 0.0023939470644109 0.00936253333929926 0.000844753968704026 -9999 -9999 0.000125914129239391 -9999 6.53178940410726e-05
0.0176747064222582 0.0019446321122814 0.000903004594147205 0.00332514202455059 0.00947880782186985 0.00277302207541652 0.00105754365358735 0.00206343675672542 0.0023540281545138 0.00977720762602985 0.00129865157068707 0.00428627070505172 0.0145985907292925 0.0038694284245139 0.00247304215154145 0.00155824331159238 0.00182129362365231 0.0012094609613996 0.00109701119654346 0.000992287512053735 0.00207127892062999 0.000761946171405725 0.00135567756660748 0.000957055046455935 0.00104406645987183 0.00243837317684665 0.00216706960927695 0.0019398805568926 0.0279094186611474 3.56758105226618e-05 -9999 -9999 -9999 -9999 -9999 -9999 -9999 -9999 0.0230248934822157 -9999 -9999 0.00481511049438268 -9999 -9999 0.000362034126010258
0.00212091167923063 0.00299462472903542 0.00234398920729291 0.00466487419325858 0.00904064859496429 0.0140688415092882 0.00149369846039917 0.000453615669903229 0.00198461333638988 0.000185919197610929 2.80086380826106e-05 0.000150933146323951 0.000145809658170037 0.000205050568547449 0.000666234729578719 0.00852049630484544 0.00597400619881228 0.0010794608067954 0.000849066470982507 0.00105919360357802 0.000907929448294453 0.00172053832211532 0.001532029628288 0.00163586156559177 0.00181271434994414 0.00278462754795328 0.00251233979361132 0.00187783705769107 0.00118412934534717 -9999 -9999 -9999 -9999 -9999 -9999 -9999 -9999 -9999 -9999 -9999 -9999 0.00369266025954857 -9999 -9999 0.000140338563141995
