Maxent_result_files_2/B_semenoviellus_2.asc
NCOLS 594 
NROWS 330 
XLLCORNER -15 
YLLCORNER 23 
CELLSIZE 0.166666666666667 
NODATA_value -9999 
[rows 120 to 139 of 330, columns 450 to 494 of 594]
0.217479380220175 0.0101273813284934 0.00978626837022603 0.00993101201020181 0.0422064365819097 0.0415954693569802 0.042975965316873 0.00943796075880527 0.0392374536488205 0.00758036347106099 0.0155063480138779 0.00667423526756465 0.00529886255972087 0.00579838810954243 0.00854652151465416 0.00613424046896398 0.00716557335108519 0.00527137769386172 0.0220673297386384 0.00456647048704326 0.00392733305925503 0.003429572773166 0.00277305992785841 0.00262623603921384 0.00249907009419985 0.00207390810246579 0.00720839360583341 0.00126300119736698 0.000162510702284635 0.000278626378349145 0.000266254385496723 0.000240069488063455 0.00020778794423677 0.0012275052809855 0.000896773056592792 0.00203428300446831 0.0021762236719951 0.000741566502256319 0.00384641038253903 0.000408240263641346 0.000425478776742239 0.000314278649602784 0.000266591062245425 0.000151172507321462 0.00016916889580898
0.0135300872381777 0.0469353135093115 0.00895056370645761 0.0231497398577631 0.0096446540672332 0.00944132865406573 0.00990802459418774 0.0118955357465893 0.00903453382197767 0.00933263034094125 0.0108518248191103 0.00839340970851481 0.00728702945634723 0.00825288074556738 0.00843367406632751 0.00796199580654502 0.00711428821086884 0.00627081689890474 0.00950984102673829 0.00471416915534064 0.00406600141432136 0.00366494916379452 0.00330713972216472 0.00280144877615385 0.00252650551847182 0.00225346762454137 0.00176376884919591 0.00159870223142207 0.00580347687282483 0.00517931915237568 0.000450781593099236 0.00112766608071979 0.00158239041920751 0.00200858332100324 0.00153690629522316 0.00297938560834154 0.00442132004536688 0.00488744026515633 0.00222819271730259 0.00458979862742126 0.004410201869905 0.00117644453130197 0.00376599503215402 0.00305217148270458 0.000342135851678904
0.0150091679301113 0.0203643016517162 0.0107347482815385 0.0103560873307288 0.0102286237757653 0.00781130748800933 0.0094283907674253 0.0100290425121784 0.00820135734975338 0.00844382527284324 0.0077381671173498 0.0102386366110295 0.0100812640273944 0.0094687330769375 0.00862935860641301 0.00697763594798744 0.00568115380592644 0.00555225370917469 0.00567010843660682 0.00283484825340565 0.00477327883709222 0.00418214298551902 0.00224857461871579 0.00251420768909156 0.00239579981425777 0.00219146758317947 0.00193095368449576 0.00454421427566558 0.00243643712019548 0.00521491337567568 0.00173601999413222 0.00208809499163181 0.00210616026306525 0.00181943846400827 0.00157724223099649 0.00182403346989304 0.001832875108812 0.00222236204426736 0.000963763322215527 0.00502441294956952 0.00205257431371138 0.00312278842320666 0.00189631123794243 0.00150401997962035 0.00116823894204572
0.0118687453214079 0.0267789060249925 0.00669060021173209 0.0117525938432664 0.0140252199489623 0.0101567497942597 0.0108269186224788 0.0103426659014076 0.00940267138648778 0.0122824478428811 0.00789693449623883 0.0238582781516016 0.0111415008548647 0.025233206897974 0.0089870247291401 0.0065395048353821 0.00714147104881704 0.00625506597571075 0.00562429144047201 0.00594318192452192 0.00474039365071803 0.00388053158530965 0.00405557812191546 0.00314611567882821 0.00294445258332416 0.00268014336470515 0.00238979454152286 0.00234601030824706 0.00287415526108816 0.00338732649106532 0.00278976903064176 0.000528907398984302 0.000642637771670707 0.000810977088985965 0.00249739807331935 0.000920100108487532 0.000919248966965824 0.00328105449443683 0.0050005067139864 0.000715593370841816 0.00254435667302459 0.00162575093563646 0.00161352851428092 0.00166846840293147 0.00390118035720661
0.0169528630096465 0.00931739888619632 0.0111281420104206 0.00322328659240156 0.0559115479467437 0.0132995185442269 0.0556456148275174 0.0118032259866595 0.0565804748679511 0.00814784241374582 0.0076985877356492 0.010769364470616 0.0169683066662401 0.00599604276940227 0.00980954668484628 0.00782054122537374 0.00818464893382043 0.00851714736782014 0.00740734748542309 0.00617146827280521 0.00511262726504356 0.00476874758023769 0.00485619944520295 0.00420027365908027 0.00349535476416349 0.00326229177881032 0.00207825359539129 0.00245207717525773 0.00258907686220482 0.00237157722003758 0.00236736792139709 0.00335158886155114 0.00366652819793671 0.00590160040883347 0.0025487523060292 0.00251424452289939 0.00153036697302014 0.00292780488962308 0.00284665827639401 0.00463870482053608 0.00462520730216056 0.00224969213595614 0.00152225634083152 0.00167957051889971 0.000854448832251364
0.0191925681196153 0.0393625458702445 0.00475512924604118 0.017333069909364 0.0136401962954551 0.0138885996304452 0.058713665837422 0.0140017962548882 0.0256880907341838 0.0129730920773 0.00714090748224407 0.0113721939735115 0.0111278783529997 0.0140411725267768 0.0112336725462228 0.0100226891692728 0.00903721509966999 0.0057627267902717 0.00548122224863619 0.00582680136431009 0.00458672642707825 0.00392684431280941 0.0042139915865846 0.00377639345824718 0.00373002887936309 0.00346050331136212 0.00314293563133106 0.00296174868708476 0.00276193773606792 0.00249414790887386 0.00315335552440956 0.00344141618115827 0.00188528196886182 0.00251332336338237 0.000371605395048391 0.00103027278091758 0.00128392307669856 0.00102315458352678 0.00153801252017729 0.00332605957519263 0.001852941053221 0.00179311262327246 0.0017648266046308 0.000217149317541043 0.000606344403058756
0.0115606630919501 0.0168196850456297 0.00842054933309555 0.265180848538876 0.0181435621809214 0.0134069951251149 0.0140181861352175 0.0170658115763217 0.0209865832701325 0.00531652498757467 0.0175650437362492 0.0128119116649032 0.0247109672054648 0.010079356841743 0.0114580641500652 0.00978059256449342 0.0137545598205179 0.0066508469870314 0.00545804135035723 0.00600590850226581 0.00641121878288686 0.0260465479397681 0.00519818941829726 0.00453237009933218 0.00393973992904648 0.00375795403961092 0.00327432312769815 0.00275326839764602 0.00244383246754296 0.00215190688031726 0.0023271661659237 0.0024646561476402 0.00248995157307945 0.00190100858453661 0.00196046801283956 0.00306488063652068 0.00239691635360941 0.00174723471864127 0.00103034022904467 0.00277308501536027 0.0019525826559402 0.00199858059640974 0.00840904769866029 0.00185942405369133 0.00196091588004492
0.00547578289406374 0.019812589045614 0.0214212662540376 0.124065201729536 0.0435751959681511 0.0162066290155053 0.014217293728143 0.0177507686428726 0.0124679121654481 0.0148997524287552 0.0122314349748194 0.0136684366967529 0.00842887558974326 0.0112525733187795 0.0101808933541179 0.00985830426216125 0.00896755997091532 0.00856210053898394 0.00749735501594842 0.00948893493041396 0.00724802725017071 0.0064385493285954 0.00531518573407084 0.00491152316099033 0.00420351348584518 0.00406506978906691 0.00374441113090143 0.00344785492634401 0.00291600072523579 0.00268463600077666 0.00258036151062697 0.00259450234589167 0.00216273824917153 0.00249841446056962 0.00334139155456796 0.00125469277263619 0.000391587170452112 0.000150128667337412 0.00286754646804184 0.0019912181480322 0.00181875166599639 0.00198592853266746 0.00220539885340258 0.00288983911741525 0.0018711026001256
0.0715058478759602 0.0275324400514364 0.0196971686556935 0.016140349721536 0.0163451239001006 0.0142313537187874 0.00956140703056008 0.0144933676812798 0.0117914810311049 0.00495611789810937 0.00191762386239134 0.000457104619999882 0.0407960144802928 0.0142018272541463 0.0124699683394283 0.00801776181906462 0.00184247028082609 0.00583090845611878 0.00563937077531591 0.00133675784163643 0.00272563826292753 0.00244938181713223 0.00724704097956419 0.00663846607785672 0.00576946830842644 0.00509360395371914 0.00489342720247805 0.00523955884855241 0.00380900474265218 0.00299057628726587 0.0026446035830304 0.00131281800313445 9.94565094515565e-05 0.000778729970988934 8.12060410680715e-05 0.00153370950138196 0.000701743294484913 0.00233889959054068 0.00204121711431071 0.0023902618966531 0.00210674311383627 0.00131984940671828 0.00292489593848586 0.00304409618256614 0.00127185371165979
0.0113814778160304 0.0141073580831289 0.0824772641761228 0.0187401955015957 0.00785536915063858 0.0194268025457859 0.0147211210802197 0.0187867058441043 0.0122414378914982 0.0230918877758086 0.00297481950838119 0.01112220287323 0.0127093120012432 0.0137948332820088 0.0129883083049208 0.011054040491581 0.00034454930209904 0.0052124805864878 0.00027943274617428 0.00667596149723977 0.00146383149549365 0.000964682913036086 0.00603945313487202 0.00600857136305422 0.00728933524806052 0.00649521201848984 0.00408162516541779 0.00206060067284852 0.00126515284428024 0.00266846047597937 0.00261617208598182 0.00348179781576619 0.00323798408498988 0.00365923645440489 0.00231385019724257 0.000437584857718321 0.000475751010526437 0.00261028794338927 0.0022512529976666 0.000391010646126233 9.42856451729313e-05 0.00168855579104275 0.000425069230914232 0.000115006441956211 0.00205134772113524
0.0684266223805025 0.014301777491346 0.0229569082148373 0.0246143637225032 0.022616112511605 0.00497182675171644 0.0142890838440508 0.0138428062200546 0.00494145283009857 0.00379311959259212 0.00581684694625437 0.0147378448396921 0.00975283775478602 0.00908093918114901 0.0115266763605177 0.00716456258669496 0.000267336123943096 0.00425172568648122 0.00395436830876861 0.00625844318419695 0.00324572760728188 0.00312124305637553 0.00239937069127336 0.00266959786240477 0.00562084175180644 0.0046499360119924 0.00438884175382555 0.00468273923033848 0.00347590438323095 0.00266362533438951 0.00265014061587863 0.00130652788211592 0.00199589754920453 0.0022459328873083 0.00340778499958105 0.00157684948644601 0.00269398377276957 0.00214490800281055 0.00214973242254928 0.00235154033871368 0.00221848897635937 0.00211844383156858 0.0027625550632365 0.00346378800459206 0.00297154017025605
0.014866419415921 0.0258340612519532 0.0103633761871606 0.010873802844435 0.0226996742188931 0.0173531601205468 0.0146839818451554 0.0182640073820949 0.0116648141294718 0.000579080548777711 0.00419455531518906 5.0578352102093e-05 0.000297307609434938 6.20723216343322e-05 0.00048697417951189 0.000343325531866867 0.0114224727731198 0.00173743863415439 0.000306880776770413 0.00025554334060871 0.00515620794612914 0.0118020773865283 0.00481433966197073 0.00465048011392355 0.00471812775358558 0.00357412591110915 0.00232792824390344 0.00332956076599658 0.00359166614944115 0.00184294328792021 0.00243107425631024 0.00282281300751492 0.00289859890472144 0.0022701739682816 0.00257135987048969 0.00190578341134824 0.00296012799954042 0.00153467254131101 0.000817156838820665 0.00161521810223348 0.000922380698102643 0.000105308210368094 0.000114603978363448 0.000105469706068106 9.62706608333974e-05
0.00795265287160873 0.0580403546453454 0.0180612057447433 0.0104755902662873 0.00634475364349782 0.00680631881114095 0.012328666029498 0.0177912898361683 0.00563811815809459 0.00122264988604002 3.89907915632648e-05 3.27447483414289e-05 0.00136473012389615 0.000482746312627569 0.000483202681061812 0.0076014150865376 0.000499242017394863 0.000324142750469036 0.000514710427523823 0.000274420536879916 0.000257546739885584 0.000209087015900877 0.000205081277454155 0.000206514623641851 0.000182098387449514 0.000130139046450495 0.00318890967173502 0.00335508356802165 0.000185915159454453 6.93926530402678e-05 3.86105419352134e-06 0.000125604605091212 0.000102091251028469 8.29731305202586e-05 0.00135793886438478 0.00267900581820868 0.00218979272176512 0.00122591115359683 0.00267975367605686 0.000191359531709168 9.1864877504122e-05 0.000107753827614943 2.50748421422031e-05 3.47468931920503e-06 1.21234249945701e-05
0.00858258625958115 0.0650843831710517 0.0126349897356704 0.0155287801288068 0.0173320323694497 0.00155587265326176 0.00340999042382464 0.000754373801464681 0.00045222273474792 0.000127087660075631 2.11555766782112e-05 2.69660869889776e-05 0.000564707994635683 0.00280407543759793 0.000513939667143859 0.000402044889051467 0.00249505960382521 0.000546099036728265 0.000174135776978801 4.84142634377349e-05 1.13414297402414e-05 0.000167397933910252 0.00317035363113973 0.000170355494628893 0.000150167389801936 0.000695133750559762 0.00210461840033531 0.00325131443096325 0.00387763424078003 0.00328925622161478 0.00126244102139026 0.00276633489411324 3.51805866557697e-05 1.85856632924697e-05 0.00271592756034806 0.00273744300939143 0.00200531082227826 7.88443052442744e-05 6.92550604071585e-05 0.000102708820486441 7.73900264903205e-05 0.000107761024628417 3.53885150445876e-06 2.90596360343898e-06 2.88898616247479e-06
0.0832593693397939 0.0252884274348617 0.0107930629746988 0.00608918131329119 0.0083572915289551 0.0141879818867892 0.00185765656642616 0.000822998399962671 0.0032436155132018 1.80091737320254e-05 0.00400472100591287 0.00282103676872794 0.0100593585520983 0.000306977267609909 0.000164070677419659 3.88465201467625e-05 0.0105746138840914 0.00126975338062039 3.84076585646653e-06 0.000162277555500623 0.000354158206755528 0.00329865489620715 0.00469266673317179 0.0030500102264341 0.000615092522275518 0.00275507293990813 0.00133663029409945 0.000829637571587227 0.00782448567915708 0.00923122307285667 0.00389381753047928 0.00570284394780174 0.00114599787921179 0.0025995510222856 0.00246483877417631 0.000112812024235609 2.41640855733749e-06 8.84979606780689e-05 1.13683767494877e-05 3.75555213395273e-05 7.78855521275545e-05 8.60254740473465e-05 6.87878382450435e-06 9.71535982898786e-06 8.99601063508726e-07
0.0114303525304422 0.0067098256200552 0.00724144254345447 0.0143333279993385 0.0122053644154221 0.000219625166937476 0.000225683335156646 1.09396663560801e-05 0.0114525403827429 6.02138043177547e-05 4.49093758106756e-05 0.000300311297905864 0.000370329673751257 0.00469780758430716 0.000272283942467766 0.000212491610727739 8.31631976325298e-05 0.000240805475186789 0.000173155970696826 0.00214365419524256 0.00286617568926886 0.00198820966761559 0.00511885043233633 0.00426630121655762 0.00420602986123413 0.00390362137695774 0.00193261817912571 0.00349690549774095 0.00305036350619048 0.00230781857389957 0.000320461835508468 8.17068564629153e-06 0.00890400451608002 0.00189703477662988 9.87558785709552e-05 0.000103066045267042 7.14581066176834e-06 7.86668039154392e-06 8.15338391930709e-06 4.5614049724918e-06 5.93878377799228e-06 3.88198388918681e-06 2.11152923270674e-06 2.68945565551348e-06 1.60401314417413e-06
0.0137707454618067 0.0131167373387143 0.0157704474870116 0.0076240268535912 0.012433681730181 0.00554067278280854 0.0053550617012661 0.00405501747736707 0.099472501128912 1.47178617680765e-05 8.03450735475053e-05 0.000311528440579423 0.00137704747903626 0.000147558343996934 6.08481973358721e-05 0.00358834950602613 0.00192396658821963 0.00425625186180696 0.0041937273228541 0.000378009041378391 0.000174009522015695 2.52058689056867e-05 0.00012778158634319 0.000123833705947618 9.70859058725182e-05 0.00109070906182751 0.00256110500195064 0.000100227123948571 9.22275854463805e-05 6.71450977279164e-05 8.56074201465162e-06 0.0002787741512293 0.000414932371495524 8.92073378054192e-05 0.000108931534668955 4.00288919081504e-05 2.61214378838304e-06 4.20497809727749e-06 1.72415942074622e-06 7.15675352012113e-06 3.42438791562927e-06 1.55717736788574e-05 1.45978944374292e-05 3.47330537806556e-06 3.63272072831933e-06
0.0733830507844686 0.0121971383690834 0.0206262737512589 0.00412156992824748 0.00771159140858799 0.00431345826946199 0.00858237207867205 0.000662315989029594 0.00669941602973267 4.00874030219711e-05 3.823232295872e-05 0.000312893280352 6.3746291402822e-06 0.000316599752113689 0.000166733182413736 5.96778312683455e-05 0.00223244614317082 2.99247208658926e-05 1.20494383963887e-05 9.99085084913531e-05 0.000165900553474785 0.000132772122015012 4.53781221040117e-05 0.000134505003734375 0.00104549353563925 0.00290475334622897 0.000886679016184644 0.000124543983110925 9.6125631898758e-05 3.41106686391868e-05 0.000159916661323223 8.33274774777237e-05 7.64722801250173e-05 9.44672490732046e-05 8.00894131316454e-05 2.04847488021187e-05 7.45611357615417e-06 4.46859642124764e-06 2.64258064817113e-06 4.48608172405329e-06 3.23295944895108e-06 2.39541323310277e-06 3.11254139887751e-05 1.0876481564992e-05 2.82791876884403e-06
0.00431310380809009 0.0336487136781216 0.00173685702029616 0.00543762291781604 0.00768128593917936 0.00826566456817091 0.0134535346180201 0.00219266699568834 0.000103535352718609 0.00385339351487346 0.00152086926391348 8.18748250139834e-06 9.5476140268147e-05 1.34099373326535e-05 2.76337946615968e-05 0.000118405861940118 0.000102153451007325 2.27991256451787e-05 0.000149395157859544 4.71696539534605e-05 7.66990375268506e-05 0.000832321384223178 3.27259998812224e-05 0.000116527741556638 0.00095432914677076 0.00269904636079445 0.00179215251991991 0.00210790726123378 0.0012036059059028 0.000708072497218382 0.000865616598457564 8.67221320731915e-05 8.44875301481807e-05 9.48215532844188e-05 9.92723267700057e-05 3.64195565452974e-05 9.2304211307237e-06 2.45476608142781e-06 4.70704970325642e-06 4.31697286558119e-06 7.57140831410652e-05 1.45385811975984e-06 7.74730591501793e-06 2.84043197780193e-06 8.31474906135554e-06
0.0150624650996178 0.00845666686072946 0.0122118087485433 0.0100966445170343 0.00812042898032814 0.00777303336653858 0.00380045761121437 0.000213228749635164 8.09541996204643e-05 0.00085567650385201 0.00795674852561206 0.00205149756511673 0.0127159567549825 0.000237617436505388 0.000191946952691069 0.000171816077272524 1.92230084621769e-05 1.20710244800648e-05 7.79680783580261e-06 4.41088946558921e-06 3.55609032339999e-05 4.25143749680501e-06 2.74277120297484e-05 4.3665417797456e-05 0.00124031264276709 0.00179404952214099 0.00181677745422348 2.46409309511364e-05 0.000460164817923214 0.000863688155368436 0.000913860892615048 6.46678934572265e-05 7.45181769161718e-05 8.6379383901658e-05 8.52755598316435e-05 2.16545887724351e-05 1.39952707399971e-05 7.363637596427e-05 9.7934513405562e-07 5.92373687027248e-06 3.02067891425395e-05 4.12896444004218e-06 4.76636486155257e-06 2.68421663918161e-06 8.17404807094135e-06
