Maxent_result_files_2/B_semenoviellus_2.asc
NCOLS 594 
NROWS 330 
XLLCORNER -15 
YLLCORNER 23 
CELLSIZE 0.166666666666667 
NODATA_value -9999 
[rows 160 to 179 of 330, columns 450 to 494 of 594]
5.2484042356582e-07 5.05294635644304e-07 5.23961529808048e-07 6.33543772465828e-07 1.03940945876957e-06 3.8749057971188e-07 7.76408457170419e-07 3.83100070777687e-07 4.27129675983906e-07 3.87701929582818e-07 3.29181367320075e-07 2.97220122114084e-07 2.57392752089913e-07 1.23138509735554e-06 2.23764745399535e-07 2.1307852522412e-07 1.7595485495292e-07 1.69124809978882e-07 1.86395780410464e-07 1.86429955739698e-07 1.94922295815303e-07 1.86090451936849e-07 1.79111640452589e-07 1.91813715932909e-07 1.95846420769641e-07 1.04794623467797e-07 1.08965844036746e-07 1.28104571217591e-07 1.27137960603818e-07 1.23343576152735e-07 2.19678118185129e-07 1.46791202926266e-07 1.56268841866591e-07 3.13942334173589e-07 4.58089630939185e-07 5.3743829511177e-07 4.53314351034351e-07 9.82689007855697e-07 3.77062234591108e-07 2.28735059870644e-07 4.21793827598549e-07 4.40936669576786e-07 5.94568484046931e-07 4.73178553050957e-07 4.02727354753551e-07
6.45726574077798e-07 5.14715181409997e-07 5.18348245392986e-07 5.91137091277005e-07 5.57878508544718e-07 4.56177941288161e-07 4.6701000329108e-07 4.88937834219882e-07 4.59026970744958e-07 3.53467357427917e-07 3.13479358560187e-07 3.05608091011322e-07 2.37649165057974e-07 1.83171079548572e-07 1.73549444948407e-07 1.73838916062152e-07 1.8738186184919e-07 2.11720166021223e-07 2.15109770351773e-07 1.96768146931703e-07 1.90260888111027e-07 2.00209624523495e-07 2.03121984476695e-07 1.50809744425828e-07 1.37004272193764e-07 1.18065116350152e-07 8.61855002920464e-08 8.40239319677138e-08 2.60133333718215e-07 2.22497645552266e-07 9.71389213955121e-08 1.13391359013448e-07 1.30569560052862e-07 1.61176458934875e-07 1.57884212725889e-07 5.40288026229518e-07 5.57629213204791e-07 7.58860939242822e-07 3.97846355681963e-07 1.06971313584836e-06 7.59074084299982e-07 3.35997610534378e-07 3.87850864669303e-07 3.89178831028403e-07 1.44371299803936e-07
6.52212239060646e-07 6.49661349427788e-07 5.51489522493398e-07 5.0285418922158e-07 5.03183903433069e-07 5.7932494073043e-07 4.77013283983752e-07 3.40013985322685e-07 2.93950024676803e-07 3.465837096428e-07 2.73801408923191e-07 2.09189803968002e-07 1.64519411960384e-07 1.72734393455443e-07 1.80406776895126e-07 1.86627304810116e-07 1.9861724007697e-07 1.84102673372877e-07 1.35976797910331e-07 1.38139253813563e-07 1.81220967832019e-07 1.86208130514842e-07 1.62350511256903e-07 1.28787975040012e-07 1.04477124818203e-07 9.7417216959883e-08 7.91607705163955e-08 7.40814423139113e-08 1.57925733201836e-07 9.9518730589665e-08 1.11336809105467e-07 1.23523967676675e-07 1.54763998949647e-07 1.69062597610292e-07 3.34603233298481e-07 3.23955940828569e-07 3.09207102944242e-07 8.11855777982373e-07 1.11148933257255e-06 1.8189827670767e-06 1.43905100884467e-06 6.188590859324e-07 9.9131000865782e-07 3.85638183786341e-07 1.83392925379167e-07
5.54839040489696e-07 5.47126267136378e-07 4.09972790649249e-07 3.5636189466004e-07 4.34686913308724e-07 7.38466836480711e-07 3.56056368744362e-07 2.56089682615368e-07 2.88299674089387e-07 2.62385066562842e-07 1.9929634307303e-07 1.70254686615579e-07 1.41695276134612e-07 1.46740131334866e-07 1.15922128740564e-07 1.03060376321906e-07 1.51470516662755e-07 1.6166173653076e-07 1.13276821966934e-07 1.18567264095759e-07 1.51991468388957e-07 1.21707299394203e-07 1.16837001762349e-07 1.21455233959011e-07 1.08156258527004e-07 7.82904808538376e-08 5.23260692997241e-08 6.95976325015835e-08 6.54547605893896e-08 7.12229854649138e-08 6.9579126726893e-08 1.60774146973353e-07 1.2179346313701e-07 1.44083501218972e-07 2.82947643981402e-07 2.48135030744834e-07 3.49729481996519e-07 3.73990438262695e-07 8.67667264969896e-07 9.66271592517387e-07 1.44162567323747e-06 5.90643406894742e-07 4.82391973122276e-07 5.2704384216895e-07 6.90602627528847e-08
3.97761341019987e-07 3.56097902809438e-07 3.54174775907268e-07 3.04344539614476e-07 2.84826646890224e-07 3.02989843170565e-07 2.54112537234619e-07 2.22411558681301e-07 2.44509425151307e-07 1.86117597422708e-07 1.56488133828958e-07 1.56870056144953e-07 1.27659088944299e-07 9.79830820924121e-08 8.37949014176331e-08 8.87296268459181e-08 1.09120253188877e-07 1.18547411753767e-07 9.06852550386361e-08 8.53688799651309e-08 1.30420736210723e-07 9.3551045665663e-08 7.96899219279723e-08 9.96081424009532e-08 6.48895209121036e-08 5.98660057971045e-08 4.24502040963226e-08 4.49112583567057e-08 1.25809191153792e-07 6.24663708981288e-08 5.94383003260646e-08 9.26964925263007e-08 1.45116023286818e-07 9.86820698933855e-08 7.10048669194663e-08 1.30039598911225e-07 1.51362027622781e-07 1.5922429357218e-07 4.64429810165257e-07 2.01825967849345e-06 6.87122300035981e-07 7.05130499767392e-07 5.28952691070117e-07 5.52635326300788e-07 2.25508842888189e-07
2.46066671039102e-07 2.37277561510041e-07 2.16670126462759e-07 1.87648485994174e-07 1.86028910675873e-07 1.99730516481367e-07 2.49906346105888e-07 1.73517461909967e-07 1.64909796041002e-07 1.46683160373584e-07 1.35330722805804e-07 1.24528623057785e-07 1.05353820956111e-07 8.92762364035349e-08 7.9954020759665e-08 7.1096412446181e-08 7.80818901091607e-08 8.10180185828457e-08 6.23482187656066e-08 7.26719497023964e-08 9.32877738613058e-08 6.56207366223072e-08 6.74895930696806e-08 6.30426939096651e-08 1.5255737615405e-07 2.17288395099047e-07 3.7299043487149e-08 3.73863759173254e-08 1.17588291903559e-07 5.60217446210487e-08 9.14631086423867e-08 7.94092261946489e-08 6.52321905825204e-08 1.29779387325613e-07 6.40437273435879e-08 8.96624348101227e-08 1.36352520296867e-07 1.82874751253337e-07 4.34882194610964e-07 2.1621800954108e-07 5.72498738904414e-07 5.18275472671803e-07 1.93402646075924e-07 4.31006256462751e-07 1.98289579422806e-07
1.3648749961348e-07 1.58795000526624e-07 1.64802625413074e-07 1.46464330441631e-07 1.40637547563216e-07 1.42241107603525e-07 1.34481053404301e-07 1.36818536056182e-07 1.44284310987786e-07 1.22759797793748e-07 1.11382897571843e-07 9.35416018865709e-08 7.93631044881948e-08 8.1544301711034e-08 6.84025314612313e-08 5.64313075601675e-08 5.9442081434824e-08 6.36902183437371e-08 5.32007240039434e-08 5.94700866329845e-08 6.26684629523311e-08 5.21533347286329e-08 4.64029026758794e-08 5.05870140776743e-08 8.77884975825083e-08 6.06152787074876e-08 3.48906921354697e-08 3.69826175128374e-08 3.98480121122091e-08 4.61544120478052e-08 4.09506756171574e-08 4.80805052771593e-08 1.44581395922216e-07 6.46764180434189e-08 1.4809397286264e-07 1.39619637939958e-07 1.5202698007144e-07 2.1530570206707e-07 2.25574724410649e-07 2.59189977569463e-07 2.4961188316297e-07 4.82453992134424e-07 5.84618744881027e-07 4.68157206512387e-07 2.05577037348803e-07
1.20635018729942e-07 1.08076502414178e-07 1.14111267635053e-07 1.06864652771321e-07 1.00850482098735e-07 1.12417603048698e-07 1.03395745121304e-07 1.16161154917194e-07 1.13059733619636e-07 9.40480566313795e-08 8.4797088639732e-08 6.26523947833135e-08 5.8638297018021e-08 6.06252926749207e-08 5.67535165973965e-08 5.33201010899376e-08 4.73158933034234e-08 5.53429319039012e-08 6.07123386675568e-08 6.50807433277833e-08 6.7444038487352e-08 4.93350370778245e-08 4.29207489105465e-08 4.24053289926896e-08 7.53651826723711e-08 3.86390695550354e-08 3.25692098512853e-08 4.75138451583312e-08 1.43467963731325e-07 1.83633179240417e-07 6.50323154616217e-07 1.97430833548395e-07 5.35718309158106e-08 8.75914296205593e-08 1.86398855106518e-07 1.89370563052904e-07 2.20189957556016e-07 2.50804157708728e-07 2.7953274344128e-07 3.07463792204032e-07 3.13431003640119e-07 2.96558070722597e-07 2.64367293745238e-07 1.99079085838605e-07 2.1555611962043e-07
9.32494732097666e-08 8.83202475598921e-08 8.39339012070894e-08 8.40061824103344e-08 8.37837031308908e-08 8.59790614704536e-08 9.4400620431756e-08 9.78968122122836e-08 8.07748006037556e-08 7.31828789568567e-08 6.00785112325752e-08 5.13446099192905e-08 5.13314934447173e-08 4.75487776929739e-08 4.88999827963355e-08 4.72059308642692e-08 4.99734492898085e-08 5.26347928020421e-08 5.20385582070126e-08 6.00214055346271e-08 6.41799277278921e-08 6.26848819962333e-08 5.30916489216438e-08 4.25891742539264e-08 3.76760063924841e-08 4.33461904592036e-08 3.66014600627906e-08 4.54419432749376e-08 1.24898507092297e-07 3.37609426281915e-07 2.06971587513038e-07 9.22743359943468e-08 1.38954203654507e-07 8.20390652744862e-08 9.7405883625612e-08 7.84037906598201e-08 8.78269557746947e-08 1.81289505629678e-07 3.10927850755149e-07 3.66872255952444e-07 3.3093005580298e-07 2.6494725045012e-07 2.42823357687882e-07 2.43807225785986e-07 2.58779132700226e-07
7.57501128489935e-08 7.98068348739633e-08 7.39984110875724e-08 6.88344366839289e-08 6.58780364926059e-08 6.75536772076768e-08 6.39603299656954e-08 6.79640564271722e-08 6.92169837446244e-08 6.46990278463377e-08 5.73865905906246e-08 5.1282399171626e-08 5.15829899128129e-08 5.14303356569101e-08 4.97667818399883e-08 4.88514312557697e-08 4.80124487944877e-08 5.00741393127946e-08 5.36049747368317e-08 5.946844774396e-08 6.86260820170759e-08 6.67155332756408e-08 4.75532426880143e-08 5.2583360354852e-08 4.15861225233627e-08 8.69118323976181e-08 4.57632776562633e-08 5.60387196424372e-08 5.90745882322885e-08 6.81465643914692e-08 9.43411085030377e-08 1.25717125243341e-07 1.92200471094139e-07 1.79697950475344e-07 1.69101752955925e-07 1.1495412994833e-07 7.16968381331284e-08 2.28246755273886e-07 3.43754764386972e-07 4.90411627751541e-07 5.86036351180042e-07 3.79479972423269e-07 3.62618989768748e-07 4.02563428636427e-07 3.30479529964123e-07
7.55920701145385e-08 6.28393930668381e-08 6.35143942329108e-08 5.63343371728919e-08 5.63455181623596e-08 6.04232354373124e-08 5.94224067507199e-08 5.27110528558694e-08 5.64592554930243e-08 5.62544385296349e-08 5.77723158867727e-08 5.8532617108753e-08 6.87176469504891e-08 6.01097613905921e-08 4.66608157223547e-08 4.59591882329136e-08 4.78140956494677e-08 5.31920029800403e-08 6.45863314829853e-08 7.01657451918081e-08 7.28391904791792e-08 1.2238562048239e-07 5.71658436476774e-08 6.19174360227959e-08 6.40255227501996e-08 6.57338018239528e-08 5.99533935718988e-08 5.81535549604162e-08 5.86661182411241e-08 8.22931495170209e-08 1.33054402917665e-07 1.88691286950871e-07 2.09992517863355e-07 2.18478029800906e-07 2.00272284622827e-07 1.67340647028169e-07 1.09695978833813e-07 1.67635940329092e-07 2.84430042007955e-07 5.45759748504793e-07 6.84818321161629e-07 5.10257788022273e-07 4.30514778315683e-07 5.24067519691585e-07 4.25794107528077e-07
7.36138362711358e-08 6.1257931260883e-08 5.23309340305644e-08 5.33297601190696e-08 5.93069628962439e-08 5.34691452669378e-08 4.75986300152442e-08 4.90897608895757e-08 4.91777932043469e-08 4.97590730397235e-08 5.05855716759207e-08 5.52440878820448e-08 4.99279654953e-08 4.53868668204294e-08 4.24520271491424e-08 4.11007838652111e-08 4.87982913632834e-08 4.91319195550233e-08 5.91184662113164e-08 5.33440266958785e-08 6.64228547053725e-08 6.25199921611141e-08 6.49743337355346e-08 1.00891570364858e-07 8.02270279987027e-08 7.1904929166422e-08 6.86606756117314e-08 5.79636403097439e-08 6.36894432970436e-08 1.15382474374925e-07 2.01004191335841e-07 2.23464527593364e-07 1.63405050113141e-07 1.58894616575367e-07 1.7759721435695e-07 2.02446741681683e-07 1.43420850085008e-07 1.50361963413559e-07 2.91963412912821e-07 5.68109770071601e-07 5.95862509911171e-07 5.73739249531968e-07 6.42604162237603e-07 6.5061812151157e-07 4.40040414062537e-07
6.2985787163683e-08 4.91425336424101e-08 4.60652088141167e-08 4.61094810666474e-08 5.0529457573667e-08 4.87894242562348e-08 5.06451786064233e-08 4.73289989644243e-08 4.66586850267348e-08 4.64516632825429e-08 5.51704173901157e-08 5.61210599880901e-08 4.02229071605475e-08 4.08269120288907e-08 4.4526030262837e-08 4.58163249672516e-08 5.0266264950416e-08 5.08423429246285e-08 5.7355250082658e-08 6.30756673558608e-08 6.53644971482237e-08 5.87705350385548e-08 6.61281871927599e-08 7.58922582333454e-08 7.00400725195394e-08 6.06234042965781e-08 6.96834477231789e-08 8.7083646072017e-08 1.0517879629468e-07 1.28445847469294e-07 1.36469390765726e-07 1.43298483967769e-07 1.87328811840359e-07 1.37256978938183e-07 1.24818053626186e-07 2.07576720168134e-07 1.54575195088213e-07 1.99883640039644e-07 2.79664456392936e-07 4.4400928693733e-07 5.21465867464599e-07 5.74794308505488e-07 6.22284918705418e-07 3.42964100497056e-07 3.52602611286557e-07
3.65832916848774e-08 4.01476974665194e-08 4.74003604367113e-08 4.98822212868788e-08 5.25630297953938e-08 5.35115849409351e-08 5.318814371158e-08 5.92163337476137e-08 5.40311838603813e-08 7.16106496101432e-08 8.18977524019715e-08 5.45729269552098e-08 4.18358641285366e-08 7.02730945434382e-08 5.5420006206397e-08 5.05801810435358e-08 6.10692197033913e-08 6.09398347783951e-08 6.47643093820705e-08 6.78062068715235e-08 8.11773893660828e-08 8.86195922644717e-08 9.28819287260296e-08 6.67908623519509e-08 7.36309471616181e-08 7.62907128581958e-08 9.27563729824499e-08 1.14661682237838e-07 1.26852139414879e-07 1.29130154036261e-07 1.34847661303894e-07 1.26314887927137e-07 1.12181971978487e-07 1.05688149565353e-07 1.07085498912696e-07 1.98016198549311e-07 1.68739202699442e-07 1.74976986855313e-07 3.06875748457003e-07 4.71594475826009e-07 7.43825830795686e-07 6.89809400711283e-07 4.40995205863715e-07 2.93391608963134e-07 3.59021255391667e-07
3.59970207863825e-08 4.88592481584504e-08 5.3006830613711e-08 4.95458453930731e-08 5.56227522707786e-08 5.82850948838143e-08 6.14202438686817e-08 7.29184107317593e-08 8.67644697866155e-08 1.02561560888503e-07 6.18399128571312e-08 4.66592150472067e-08 4.77958868150274e-08 5.21532713460005e-08 5.83471516102385e-08 5.6470665477093e-08 6.44422606832506e-08 6.7930465030841e-08 7.7178231938646e-08 8.32456138244453e-08 1.65773560523164e-07 9.69625055802226e-08 9.1176049155095e-08 8.18796077162176e-08 1.03865980305429e-07 1.17864490700725e-07 1.08793228870141e-07 1.2023683519935e-07 1.26440956282892e-07 1.06177024328247e-07 1.16491277779573e-07 1.38603999655373e-07 1.33275679026212e-07 1.17161982737812e-07 1.13496659670531e-07 1.37544465683703e-07 2.43136226707463e-07 2.61408384538697e-07 2.39337662666372e-07 4.05411753057194e-07 5.39881892791527e-07 6.07833871058006e-07 5.27651249626615e-07 3.99195209865866e-07 3.23880926700326e-07
3.44138147201356e-08 3.90944743466903e-08 3.95985170653645e-08 4.78815150861678e-08 5.17579785697109e-08 5.60787251302486e-08 6.89405781573171e-08 6.90783892087765e-08 7.20369164319834e-08 6.26727094665824e-08 5.16826142882287e-08 4.94240377069133e-08 6.69160590938134e-08 5.74909515549393e-08 6.93747873814488e-08 7.46237623250323e-08 6.87468847848649e-08 7.2618760382781e-08 7.00568561384784e-08 7.80842357439582e-08 8.10169054510368e-08 8.7674422499795e-08 1.28532878962417e-07 1.03063609646625e-07 1.19591887326465e-07 1.1399901351794e-07 1.32883334558187e-07 1.38390967041602e-07 1.1817631704325e-07 1.183114458847e-07 1.26825335922121e-07 1.3557081137705e-07 1.4039494264928e-07 1.29862472819653e-07 1.33581697081553e-07 1.31124846403097e-07 1.69782571468602e-07 2.61821249392113e-07 2.88350180532859e-07 4.4043198776933e-07 5.84876185172334e-07 7.90344805068344e-07 6.06189085772257e-07 3.99562758701677e-07 2.48123124713118e-07
4.29501574972235e-08 5.50495994788847e-08 5.63384726426364e-08 4.45007801164188e-08 4.69532396962791e-08 7.5087954476416e-08 8.83393712403091e-08 9.29332971466579e-08 7.42273103426783e-08 6.16867305014424e-08 5.45780410310392e-08 6.29300181298476e-08 1.01486216208535e-07 7.10127655789705e-08 7.99592350553269e-08 1.05863521016047e-07 7.40998322701358e-08 7.34900142296269e-08 7.19997382381266e-08 8.55541056665743e-08 9.41779806584719e-08 1.04091034325293e-07 1.07342252064768e-07 1.19774609519396e-07 1.15714694981506e-07 1.21117326701281e-07 1.49117810011035e-07 1.50293262723977e-07 1.10898873373344e-07 1.18037349672306e-07 1.30687644706029e-07 1.31862268215599e-07 1.49371578839208e-07 1.40922424307632e-07 1.44414499203549e-07 1.65767340476464e-07 2.29471219448385e-07 3.44582337064026e-07 3.9758559307046e-07 5.10452726842914e-07 7.30024461859102e-07 9.62967430240269e-07 5.18497108714655e-07 3.33041880651308e-07 2.29109527616345e-07
5.47229239256097e-08 7.03744654106941e-08 6.32911157705251e-08 7.8737417119612e-08 9.06317199733664e-08 1.33499932353232e-07 9.71446959763256e-08 9.13727526086205e-08 8.93105679189432e-08 8.01702090935663e-08 7.8026360372796e-08 9.18700787444493e-08 1.00165124417018e-07 8.35982015168213e-08 1.2706925978101e-07 1.64083483422672e-07 1.52622841609329e-07 1.76670275831015e-07 1.62002496972846e-07 2.1673429664304e-07 2.2334608726915e-07 1.13294460790669e-07 1.40032269912993e-07 1.26913216069724e-07 1.21407740705237e-07 1.28254521269966e-07 1.36453743992959e-07 1.45316644051263e-07 1.47112701709418e-07 1.48189633542017e-07 1.45607054768959e-07 1.58417502582608e-07 1.63170119371614e-07 1.67103191284212e-07 2.03219587646686e-07 2.25892787231174e-07 4.0889623207363e-07 6.49671617480863e-07 6.23082316764112e-07 7.35488752923175e-07 6.67988736324787e-07 5.58609788825493e-07 4.76234913548979e-07 3.57073141898923e-07 2.90687824033853e-07
8.28348281523006e-08 8.39146237163746e-08 6.98723075620578e-08 1.06765036456125e-07 1.1929480088213e-07 1.22638874433534e-07 9.15882236274257e-08 8.46160997047818e-08 8.49165772143223e-08 9.55985058226361e-08 9.10539276421929e-08 8.98930947901277e-08 1.00875913511267e-07 1.0593025683292e-07 9.91259574201209e-08 9.77346716890537e-08 1.06656653198201e-07 1.49106748503769e-07 3.21861559449133e-07 3.23923309952789e-07 3.16902775132633e-07 2.06949441849957e-07 1.89919451720755e-07 1.51131214476408e-07 1.53285237836087e-07 1.67336236867044e-07 1.54068988234002e-07 1.341059181037e-07 1.36064123124058e-07 1.49252156145252e-07 1.67611686530122e-07 1.79341614758854e-07 1.93595658348755e-07 2.10023456403974e-07 2.59355858478472e-07 3.27405061817387e-07 5.55717692662938e-07 9.54550977638746e-07 9.84214477739442e-07 9.11246603862992e-07 6.34088453566051e-07 4.79587897572742e-07 4.20383479848852e-07 3.09483086091689e-07 2.10764978181288e-07
9.68344684437739e-08 6.29801032658861e-08 6.26797062031059e-08 8.03497210322135e-08 9.30496025342009e-08 9.04840540494334e-08 8.86969975244511e-08 9.9900147665366e-08 1.02828068815342e-07 1.09121914393384e-07 1.13173649740617e-07 1.30655912844446e-07 1.34318828060032e-07 1.28982552460855e-07 1.11870647856449e-07 1.0935959036118e-07 1.57485008234204e-07 3.41538577863787e-07 1.05454663010818e-06 1.41839707161751e-06 2.56040362600629e-07 1.78172841813762e-07 1.84192343333223e-07 1.78725771204924e-07 1.76504512161557e-07 1.88550916258023e-07 2.04920446389423e-07 1.79475063921686e-07 1.94912686346527e-07 1.87618030578207e-07 1.88806349932236e-07 2.11451316278755e-07 2.40315233135391e-07 2.86939967608646e-07 3.46921838101366e-07 4.49815595437997e-07 7.70248117021311e-07 8.62347155816678e-07 9.00946106696665e-07 8.41733139367307e-07 6.33698152441298e-07 4.43249509984867e-07 2.67646661100684e-07 2.50532129442149e-07 1.58453442100637e-07
