Maxent_result_files_2/B_semenoviellus_2.asc
NCOLS 594 
NROWS 330 
XLLCORNER -15 
YLLCORNER 23 
CELLSIZE 0.166666666666667 
NODATA_value -9999 
[rows 300 to 319 of 330, columns 225 to 269 of 594]
4.05540740757715e-06 3.71892953765496e-06 3.88727075701922e-06 3.92487008387121e-06 3.70924361909886e-06 3.22712632918609e-06 2.36850498609442e-06 2.49414728337172e-06 2.39774689418937e-06 1.88106497169827e-06 1.69633334223818e-06 1.39392961671092e-06 1.39093694002668e-06 1.22360761238838e-06 1.14322273532252e-06 1.14978745990868e-06 1.20480210838991e-06 1.19609275230914e-06 1.20216348307167e-06 1.19804443592386e-06 1.14038326515242e-06 1.22476416137829e-06 1.30389007857445e-06 1.45773116884129e-06 1.72760217580503e-06 2.19798144129868e-06 2.60275176344749e-06 2.77743088190618e-06 3.27500309253992e-06 3.49490480004988e-06 4.99874021357982e-06 5.08364545197537e-06 6.06623050458666e-06 7.94541899864498e-06 8.75159601321229e-06 1.23485797843159e-05 8.13477007781671e-06 1.1000339040379e-05 1.26345155123886e-05 1.20390489811939e-05 1.2047073741428e-05 1.14476276849018e-05 1.03361194007334e-05 9.46299879487356e-06 8.51894822346822e-06
4.28241963632559e-06 4.52471359579931e-06 3.69736569769685e-06 3.62666963642511e-06 3.61674453461802e-06 3.56115111124211e-06 2.82772933157815e-06 2.29681252488234e-06 2.43647679543102e-06 2.27097263874043e-06 1.70908672654235e-06 1.54189342271849e-06 1.41673071691883e-06 1.32455898729233e-06 1.26305661112269e-06 1.30109338059015e-06 1.26978434664693e-06 1.19793308144267e-06 1.21786698805693e-06 1.26337078505401e-06 1.31781454477675e-06 1.47038495903473e-06 1.50654750541435e-06 1.64930061359314e-06 1.8496765349596e-06 1.95970583263261e-06 2.35760277078612e-06 2.65375215562358e-06 3.2514940912165e-06 4.17061958586373e-06 4.26960607740057e-06 6.08115943663279e-06 7.21514234243159e-06 6.74345304219059e-06 9.23643444536992e-06 1.14545859304371e-05 9.98335494699631e-06 1.13930326747891e-05 1.25430324899867e-05 1.36200849169654e-05 1.24968953855387e-05 1.26992710931972e-05 1.19121609372996e-05 9.51307363550313e-06 1.07193690126905e-05
4.19316688518023e-06 4.84254729880007e-06 4.70859432120108e-06 3.62739725172645e-06 3.53700575939087e-06 3.62509461115934e-06 3.2611634821933e-06 2.83800600353601e-06 2.33725196476797e-06 2.38143397215396e-06 2.34424963316826e-06 1.69794495690212e-06 1.62963874377198e-06 1.42073683111477e-06 1.30208491775363e-06 1.32459027177845e-06 1.40490575688546e-06 1.45805413360733e-06 1.63698235766674e-06 1.51003823454232e-06 1.55455946533323e-06 1.60942659306329e-06 1.81009154829326e-06 1.70997250634741e-06 1.83981783088427e-06 1.93336447189552e-06 2.21375613023156e-06 3.10174445772304e-06 3.82058153078901e-06 4.20093778359387e-06 6.07205228106977e-06 7.84773860829091e-06 8.59182293879712e-06 8.05971811388417e-06 9.7350908589533e-06 1.00085144424611e-05 9.79103317035879e-06 1.0845253953562e-05 1.03291799490535e-05 1.35714154282596e-05 1.40625006338269e-05 1.21178765226659e-05 1.10995228311594e-05 9.47101108081938e-06 8.19256610071761e-06
4.16949738522021e-06 4.61419272230756e-06 4.94318885486678e-06 4.27880276774317e-06 3.46505949622156e-06 3.60656908995338e-06 3.7581837890599e-06 3.14968525305659e-06 2.56010265484718e-06 2.53094294073719e-06 2.58987075110184e-06 2.39072329364376e-06 1.68042963508697e-06 1.59832793897863e-06 1.63822899974519e-06 1.59930277359166e-06 1.49261873012563e-06 1.58751614272035e-06 1.86654427309918e-06 1.63621945716841e-06 1.80233147943909e-06 1.7144834661309e-06 1.9040844158269e-06 2.19078362917458e-06 2.00875836533498e-06 2.22646340191091e-06 2.84322759327438e-06 3.4738186279526e-06 3.88412491361123e-06 4.44776007668679e-06 6.17851001294412e-06 6.71401041500985e-06 8.06324650213242e-06 6.74917321177304e-06 5.4607672980822e-06 6.39097669008493e-06 9.92412673639365e-06 1.06852049526651e-05 1.07044812523327e-05 1.12860322431629e-05 1.33222555277257e-05 1.321406120951e-05 1.08214902304837e-05 9.39857947059863e-06 8.06449911721074e-06
3.95857689419188e-06 4.53853416644279e-06 4.8665622809807e-06 4.85598216339866e-06 3.56713463496305e-06 3.69392595640505e-06 3.95222773992288e-06 3.75149857649859e-06 3.11157446422072e-06 2.27158798686844e-06 2.62618869815157e-06 2.57432922072809e-06 2.34244824017793e-06 1.76017125657069e-06 1.54018107778597e-06 1.58844454105633e-06 1.73437727362113e-06 1.59975319675709e-06 1.86328089668564e-06 2.27843557496499e-06 2.58318680792513e-06 2.3304962709858e-06 2.25336454988678e-06 2.17323555276039e-06 2.55603310677088e-06 3.00224687137529e-06 3.02452236695672e-06 2.05171098155432e-06 1.88620881829138e-06 2.78748711650678e-06 4.31160455995894e-06 7.88419340409519e-06 1.47678768669834e-05 4.94007765627913e-06 5.59791177288105e-06 6.37629292015163e-06 5.47072415493233e-06 1.01314966030941e-05 1.3434820243674e-05 9.80546525894965e-06 1.34915636621713e-05 1.39469598238406e-05 1.11592323847276e-05 9.97442707131313e-06 8.0856414935937e-06
3.79939788164307e-06 4.25851204184369e-06 4.76855987443514e-06 5.00691232065975e-06 4.78961249381626e-06 3.71693261627115e-06 4.02754064783295e-06 4.0752369109498e-06 3.53152098639953e-06 2.98253999666542e-06 2.18633388193723e-06 2.25300911314008e-06 2.27917547270806e-06 2.18030095648913e-06 2.08393743132973e-06 1.80314229538681e-06 1.65394075928305e-06 1.93316609156113e-06 2.08001334378594e-06 2.28742116945568e-06 3.05222642893455e-06 2.34444269366918e-06 2.39345212165176e-06 3.11786077134002e-06 4.10182005197157e-06 3.39113528937673e-06 3.57360901652726e-06 2.16028855390959e-06 2.73304292015553e-06 4.94703943658692e-06 8.75643441844431e-06 1.05936462219347e-05 1.14149488027238e-05 4.85136983829904e-06 5.94196773153754e-06 7.54907756395085e-06 1.11855160469077e-05 9.99350342354433e-06 1.32758970423197e-05 1.39543202720915e-05 1.13015136300021e-05 1.35489137662148e-05 1.07590742608465e-05 9.95919415771596e-06 8.16733480561993e-06
3.80770911654338e-06 4.06727121031736e-06 4.40453360699422e-06 4.84652864169988e-06 5.06729918701154e-06 4.60224681635424e-06 3.94441687454616e-06 4.04099029172045e-06 3.95375539916643e-06 3.31287143158221e-06 2.80815826396719e-06 2.23338859512978e-06 2.25704538792115e-06 2.23125540443903e-06 2.15434973434014e-06 2.26289222187148e-06 2.17886323774508e-06 2.09822509198432e-06 1.94897881620193e-06 2.22742867990178e-06 2.80114791024744e-06 3.14687781823864e-06 4.032374483387e-06 4.96540884995511e-06 4.34205448556213e-06 4.74387822677613e-06 4.54149361175382e-06 3.76269037545285e-06 4.60477973263096e-06 7.6906211916139e-06 1.14446916242628e-05 6.35065195133677e-06 1.12073028930126e-05 5.16528799892058e-06 6.40499857738064e-06 6.93396300057714e-06 7.62444672410822e-06 9.06670924649688e-07 1.21287233085354e-05 1.24415455239557e-05 1.27335415143648e-05 1.30038149151801e-05 1.0581591397596e-05 1.10686128870441e-05 1.03088729474621e-05
3.7194511635974e-06 3.83368613654511e-06 4.27959389348587e-06 4.51597192743236e-06 4.73998913683715e-06 5.15295255674175e-06 4.76943535563379e-06 3.7645203533998e-06 3.9785634532663e-06 3.88078186261964e-06 2.95752274723782e-06 2.96091938558618e-06 2.55317061235161e-06 2.22440573054428e-06 2.06412573469095e-06 2.31851809751049e-06 2.83439592720924e-06 2.63186607334376e-06 2.53835696604199e-06 3.36376192819898e-06 4.00890046421409e-06 4.40444774980619e-06 3.84450556438765e-06 4.96536377028178e-06 4.60413947891425e-06 4.51040850748541e-06 4.18635390886379e-06 5.03675961667227e-06 6.63078952385376e-06 9.81095552887723e-06 8.36840580191733e-06 1.23815781520875e-05 5.18398464723901e-06 5.65504198082323e-06 7.08112880651868e-06 6.81699931828206e-06 7.29124237821566e-06 1.11160393725385e-06 1.39292769141264e-06 1.17126731851158e-05 1.37111824727754e-05 1.67046928709169e-05 1.24952740108597e-05 1.10707554618728e-05 1.29988267744352e-05
3.5589312100015e-06 3.8152877554154e-06 4.15593656875046e-06 4.40989340937392e-06 4.49225418357457e-06 4.75291838490932e-06 5.19342529159417e-06 4.0711329811316e-06 4.13287817373487e-06 3.79827146250733e-06 3.42871761507269e-06 3.53728859536773e-06 2.86120308459203e-06 2.91357704256257e-06 2.65356318607246e-06 2.75414758021952e-06 2.96739199860951e-06 2.51275627363157e-06 3.29137894929943e-06 4.02146229774303e-06 4.03441742733435e-06 3.39285206791828e-06 3.94171960849121e-06 4.77597435946109e-06 5.03486807090781e-06 4.66086010675326e-06 5.50381307036218e-06 5.59430850373133e-06 1.01303610350101e-05 9.4527974155767e-06 1.76699376751799e-05 8.8494041150966e-06 6.46272948614524e-06 6.60637161864486e-06 6.46239698713913e-06 4.13361208799756e-06 2.30546726553982e-06 1.03432270877057e-06 4.79870548342198e-07 3.95817548657362e-06 7.96297164100679e-06 1.43887179092417e-05 1.63548447034145e-05 1.12134095907379e-05 1.0212650992969e-05
3.82043857829473e-06 3.83823529315208e-06 3.97725809726523e-06 4.35044581408306e-06 4.29863403148545e-06 4.54193992212026e-06 5.44053777531417e-06 5.01986174654689e-06 4.66977635831256e-06 4.12263952451752e-06 3.37511657502176e-06 3.46016085099876e-06 3.02572491950315e-06 2.98109737801866e-06 3.78134728755697e-06 3.00529705832275e-06 2.71589559162066e-06 3.01496166486004e-06 3.84425204273953e-06 4.14266513288908e-06 3.95790870264534e-06 4.25535979147185e-06 5.08499957518893e-06 5.59871383458699e-06 5.18893499616979e-06 6.13108787916872e-06 6.0387187915012e-06 8.60266545856803e-06 9.12564445840758e-06 7.81896024903972e-06 6.31119549581172e-06 6.5598780835785e-06 1.08452957121585e-05 1.02059809329091e-05 6.93546042569437e-06 7.02488475301521e-07 6.23912770070234e-07 5.30718654800921e-07 5.00374680734161e-07 1.47397580043673e-06 1.02293394483866e-05 9.9834992774106e-06 1.7368321300637e-05 1.52972750612435e-05 1.14628165945874e-05
3.89881961959659e-06 3.8181691843775e-06 3.94461183983452e-06 4.27223270449417e-06 4.65083897100982e-06 4.74255605755758e-06 5.3520882275393e-06 4.55496741764705e-06 3.40491766142037e-06 3.19563503445863e-06 2.56467217276679e-06 3.04467927163543e-06 3.13711891486435e-06 2.81975596587714e-06 3.78817415267463e-06 4.65348991660619e-06 3.82512197631968e-06 4.15666750654964e-06 4.43013102326972e-06 5.2129870361739e-06 5.2039252160796e-06 5.89127574812665e-06 6.46876407088826e-06 6.18338986697609e-06 6.05108427578216e-06 5.95575528450354e-06 6.19833213875154e-06 9.82445432100576e-06 9.24409212359478e-06 8.82582758130468e-06 7.55975725397207e-06 7.6581557770794e-06 1.26933637417892e-05 1.37224533546032e-05 1.28537845235144e-05 2.67718360067448e-06 5.59110576681121e-07 5.30734690240564e-07 5.37358124663712e-07 4.68963898470065e-07 7.59035326547419e-07 2.4127728355694e-06 1.01213774357234e-05 1.53988937057647e-05 1.42425604281016e-05
3.85984688175967e-06 3.79898025295589e-06 4.08197513817044e-06 4.40084108142003e-06 5.20984095793153e-06 5.01998414570437e-06 4.93548113329467e-06 4.028251779431e-06 3.01518690175584e-06 2.18502105298057e-06 2.19529832263809e-06 3.09658877579722e-06 3.23857692983154e-06 3.11105821619861e-06 3.35174858943077e-06 4.56973242997094e-06 5.87090014185776e-06 5.83505477891322e-06 6.16256281986693e-06 6.34173143296835e-06 6.87249729693917e-06 6.84463911824196e-06 6.16511696591715e-06 5.60396692961262e-06 6.1543338233605e-06 6.02368831721378e-06 8.20905962655161e-06 9.87431956360751e-06 9.42607266622986e-06 7.26325482816037e-06 6.80952696754389e-06 7.86546209461392e-06 8.3526105868259e-06 9.43623051341547e-06 1.17195006644977e-05 1.26043958715627e-05 5.27351952825939e-06 1.79360513232751e-06 1.35066115003468e-06 1.11662268746926e-06 1.00962382099112e-06 9.71437647390161e-07 1.64718925868002e-06 3.25151124904721e-06 1.35789691356081e-05
3.89501394817415e-06 3.89963755065281e-06 4.16065289261525e-06 4.00116073464574e-06 4.1794337727552e-06 5.95655659587635e-06 4.63909961627706e-06 3.88051973807535e-06 2.82526165387154e-06 2.41289268143596e-06 2.65417622422603e-06 3.00916028397324e-06 3.9747314168892e-06 3.3508950826544e-06 3.50755555658111e-06 3.74190192236057e-06 5.58008799913523e-06 6.45539637460502e-06 6.17650517042989e-06 6.28496359240671e-06 6.39463011822272e-06 6.38764444360618e-06 6.32844768659879e-06 5.980198633182e-06 6.38666268031329e-06 6.92328620814919e-06 8.60591171161218e-06 8.56298204610084e-06 1.01449950328458e-05 9.67405244765018e-06 7.9488889870305e-06 8.00695195977141e-06 5.64512925453897e-06 1.25687823331333e-06 3.26360722491259e-07 5.03779493810086e-07 6.56326407195706e-06 1.95682992710999e-05 1.51336159788684e-05 1.36801522884866e-05 1.27001675778615e-05 1.13288023477764e-05 1.17011496023167e-05 1.22069680664083e-05 9.30051268355214e-06
3.94033243296121e-06 4.03732279448121e-06 4.43791996538323e-06 3.71290578051742e-06 4.20738804098875e-06 5.61550262414556e-06 4.20142356123421e-06 3.17785862389286e-06 2.20819292384711e-06 2.34866722657046e-06 3.92196364407127e-06 3.56571050046384e-06 3.72132534476322e-06 3.44130628100459e-06 3.70649971301873e-06 3.6425250829808e-06 4.52229199154885e-06 5.90273354035276e-06 5.84209066190056e-06 5.81250590983018e-06 6.02509075875446e-06 6.32447814510328e-06 6.40481552949268e-06 6.30091201685445e-06 8.76871336288332e-06 9.08856415051673e-06 9.22298280841005e-06 1.0064125113729e-05 1.08909591759243e-05 1.047675695105e-05 8.09722829373527e-06 8.52059672737937e-06 4.25988577470449e-06 2.10524936035128e-06 3.42153142829371e-07 3.00000702180281e-07 2.55786932079616e-07 3.05642944589124e-06 7.37117483424754e-06 1.93243538888055e-05 1.96715975448569e-05 1.86073625201288e-05 1.95600093036319e-05 1.54467202889919e-05 1.29608242687596e-05
3.87308359481864e-06 4.02998466784155e-06 4.3653615772854e-06 4.3381141903609e-06 3.89829018319077e-06 3.80870363319019e-06 3.61136058053546e-06 2.49151686797511e-06 2.56678596075588e-06 3.14084450634411e-06 4.03444917509432e-06 4.7619504337959e-06 3.99227017453541e-06 4.15640417088525e-06 4.22728507523118e-06 3.90207630260875e-06 3.76983149728005e-06 4.96617524277099e-06 5.50980064701889e-06 5.74704607814169e-06 6.01543752907219e-06 6.4246035528015e-06 6.7431666622042e-06 6.8892739363946e-06 9.75153626256997e-06 1.14903770025876e-05 1.08774012453239e-05 1.03594939083962e-05 1.00311719393176e-05 1.00099304511048e-05 9.79800148712684e-06 9.32933561621496e-06 8.19064450574558e-06 2.9494692776133e-06 3.45779953725422e-07 3.17422640205844e-07 2.9500085748646e-07 2.75423930184981e-07 2.50983621141732e-07 2.37949958874495e-06 5.8568999734554e-07 5.37813818120014e-06 1.30635074910401e-05 1.63022536582957e-05 1.15318904633455e-05
4.1299973945641e-06 2.79501976545582e-06 3.12188950482017e-06 4.24119360378228e-06 4.44179572127723e-06 4.12016309159213e-06 4.14200245177909e-06 3.89062762788939e-06 3.54574507275274e-06 3.63158879626013e-06 4.51562777996628e-06 4.5703538102515e-06 5.26308936876774e-06 4.18977995195746e-06 3.97260183397918e-06 3.4296629253916e-06 3.31534644608666e-06 4.33481377548617e-06 5.58004121415934e-06 6.31512381801258e-06 6.20245748947923e-06 6.52089449673099e-06 8.17836519786397e-06 1.04470552173552e-05 1.27217211073116e-05 1.2967199927516e-05 1.18124305416245e-05 1.09765478597978e-05 1.05480668452174e-05 1.04369385063308e-05 1.16093079697066e-05 1.19144953174555e-05 9.47598006781902e-06 5.93607535392948e-06 3.52233759259857e-07 3.21728560548351e-07 3.33269853014517e-07 3.41399388426034e-07 5.2854309573469e-07 6.02272535110693e-07 1.90594219617868e-07 1.5874736679633e-07 1.15088262644392e-06 1.33812985097848e-05 1.02122582831043e-05
4.12138315475374e-06 3.919533984309e-06 3.92484529116999e-06 3.92128159871774e-06 3.61585816479604e-06 4.66774679388493e-06 4.71000146688993e-06 4.63661632608137e-06 3.70990901945589e-06 3.0799365866585e-06 3.92816109515692e-06 4.04679866283786e-06 4.19600053174207e-06 4.86111392774546e-06 3.73831663935675e-06 3.30989387649083e-06 3.19432034192602e-06 4.34627186685077e-06 7.94811908733095e-06 1.02233436898302e-05 1.06770886965535e-05 1.15943923361783e-05 1.13997548226052e-05 1.23435817144468e-05 1.31537691004269e-05 1.39356229510668e-05 1.24265803421508e-05 1.14260529386456e-05 1.01756881917936e-05 1.07020579122263e-05 1.18878840936532e-05 1.04882550175489e-05 1.00511900544831e-05 5.64331251347028e-06 5.53769818556482e-07 2.86526091231032e-07 4.56518318847632e-07 2.28493680936026e-06 4.14910830226489e-07 2.7490365074323e-07 2.74375713815722e-07 2.45609269511338e-07 1.53487489573667e-07 1.06572918212589e-07 1.18687245065363e-07
4.01987450100449e-06 3.72053728368016e-06 3.59620218279844e-06 3.53040802512083e-06 3.20700183396028e-06 4.45107651447785e-06 5.14647171705462e-06 4.23693698525796e-06 3.22323268937552e-06 2.89683903331728e-06 3.4584838149776e-06 3.78437229890949e-06 3.88600460858868e-06 4.67479786703251e-06 5.26226395223262e-06 3.99109348911964e-06 3.84314553727449e-06 5.31528706737561e-06 8.24860011050532e-06 9.80056025667864e-06 1.0247028738064e-05 1.19524940444649e-05 1.30020101934747e-05 1.37075264888153e-05 1.44586448570294e-05 1.53038937781957e-05 1.42550618875248e-05 1.3144283745703e-05 1.156265526987e-05 1.06151030337287e-05 9.96188306388035e-06 1.00408775669081e-05 9.11971320647353e-06 6.60783772037377e-06 6.76196889415337e-07 3.58820194279463e-07 4.1926586437091e-07 3.34594239792541e-07 3.65292711212994e-07 4.36368376610652e-07 3.39408679350672e-07 2.91956431752727e-07 2.26993558083421e-07 1.74604992475569e-07 1.60644150182243e-07
4.04886828624385e-06 3.99120916414475e-06 3.70469019133068e-06 3.58087197946944e-06 3.26430930650545e-06 3.48063628461404e-06 3.74558960833937e-06 3.42794486289932e-06 2.87200612323346e-06 2.77141108075973e-06 3.44658653448349e-06 3.9523218262616e-06 4.35218728345177e-06 5.06466054588373e-06 5.37107596478847e-06 5.9247380381322e-06 5.75471319805843e-06 7.16918260579291e-06 8.26261258453087e-06 9.01097734598011e-06 1.11734197673741e-05 1.24924194139453e-05 1.54693088234126e-05 1.45814908989905e-05 1.61458834497807e-05 1.6678163970596e-05 1.42577141616584e-05 1.19694047569396e-05 1.09252464483234e-05 1.07497829780812e-05 9.30478215082076e-06 9.09105204343064e-06 9.84449876000326e-06 9.34389398672408e-06 9.93089903422728e-07 3.99264983785841e-07 3.69094021068772e-07 3.40342808780036e-07 1.25899568015342e-06 1.25447934120615e-06 5.91433099073058e-07 2.82628845582611e-07 2.37536584424269e-07 2.39296061421701e-07 2.1397430972625e-07
4.29591080415292e-06 4.59759979358765e-06 4.68666026165465e-06 4.44173287990068e-06 4.47522215614171e-06 3.64795706939702e-06 3.41266941887852e-06 3.04481704604953e-06 2.56181345288375e-06 2.82966612101809e-06 3.71757467894085e-06 4.17120762783441e-06 3.89056684602096e-06 4.10249449362965e-06 4.55201470224154e-06 4.81762363584437e-06 5.56797395319109e-06 7.86264692251848e-06 7.8810450169442e-06 8.80221990442465e-06 1.19117435559701e-05 1.26503456968408e-05 1.32102592402816e-05 1.49975397278013e-05 1.6369315716247e-05 1.43456693265875e-05 1.3843752668663e-05 1.27357314070764e-05 1.0096791241665e-05 9.46213387180705e-06 7.56867612032863e-06 7.34597085951805e-06 7.59418331917061e-06 7.65321428524146e-06 3.01826139059713e-06 5.67198835810245e-07 6.91386956130913e-07 3.9937115498212e-06 6.57299841950731e-06 2.76140692516691e-06 4.67229190215246e-07 2.51132278372701e-07 2.75874533961495e-07 2.52362143482454e-07 2.06384817924565e-07
