Maxent_result_files_2/B_semenoviellus_2.asc
NCOLS 594 
NROWS 330 
XLLCORNER -15 
YLLCORNER 23 
CELLSIZE 0.166666666666667 
NODATA_value -9999 
[rows 220 to 239 of 330, columns 540 to 584 of 594]
1.64873025596535e-05 2.67355074811348e-05 6.02703425101936e-05 3.69762366517534e-05 7.84195090091089e-05 5.60657873393211e-05 5.28118873262429e-05 3.56244543127104e-05 5.24642017580845e-06 1.92247488115527e-06 1.65699974061795e-06 1.67155588890466e-06 2.17190030982195e-06 3.86183629124126e-06 2.02718678727898e-06 1.2732051370179e-05 5.45161056010102e-05 6.96123778197943e-05 0.000394720083022548 0.000347372870783147 0.000292400037142215 0.000413200162438443 0.000689241115469485 0.00203357880236581 0.000541055087887798 0.000579294406270492 0.000873954160488211 0.000542571923870128 0.000336434054406709 0.000390466946919332 0.000258264829608379 0.000596498618688202 0.000135863940249692 0.000294478197429271 5.64576958595353e-05 4.66205342263493e-05 2.63041416246779e-05 1.86262900456313e-05 1.35956645635815e-05 1.0491547050151e-05 1.3544645850061e-05 8.85224330602341e-06 7.86260310974285e-06 1.09846072334108e-05 2.50819448865514e-05
1.44857036730173e-05 1.46078048601339e-05 9.94014901152696e-05 0.000195856509526493 0.000155340584024088 5.94740434735286e-05 1.52214248970495e-05 2.48944304566123e-06 3.08567702589357e-07 1.58174938835742e-07 5.51480624366718e-07 2.0219958068779e-06 3.37499414166942e-06 7.85058456038712e-06 1.82922882861591e-05 1.10760822915168e-05 4.99812007527467e-05 0.000100013791865194 0.000134093894291709 0.000385432778421091 0.0003722296358319 0.00155464423005469 0.000987804808391957 0.000852402352029458 0.000573843629535986 0.000448064959346084 0.000325852954847505 0.000235940277525515 0.000193342735838087 0.000308137654064922 0.000194857996211795 0.000290995949035278 9.63596299243363e-05 0.000110775769462634 3.55049620679893e-05 1.54450292313868e-05 2.30041775068912e-05 1.81313530561056e-05 1.10389003509681e-05 7.2434299781321e-06 5.29920587695187e-06 4.10151964658212e-06 3.62290361763939e-06 5.65736696103158e-06 6.55795378463608e-06
9.02901454082894e-06 1.99743726625456e-05 3.09054193394331e-05 1.32261669136824e-05 1.07269713254254e-05 3.81294076063909e-06 9.27527278804519e-07 1.77680575319528e-07 1.53335946162514e-07 4.97148314693163e-07 1.08886112030859e-05 0.000110446110466 0.000394142188088153 0.00030712712505192 0.000201944257412379 0.000498829031130299 0.00101680116204079 0.00274654090753756 0.00268609807244502 0.00166488383838441 0.000723667813872453 0.00107890716171823 0.000678173291089479 0.000289481418440118 0.000220150160748744 0.000225864782987628 0.000630375546461437 0.000242338539283082 0.000208336162268097 0.000239831402268464 0.0001085818550564 0.00237668437766843 0.0002127541716618 7.49758048186777e-05 2.7729313353575e-05 1.49867532172721e-05 1.21794365725236e-05 1.06124779165384e-05 1.02447581554088e-05 7.82985817977533e-06 4.50607767348288e-06 5.45663382354178e-06 8.31694762695179e-06 1.63882545848537e-05 7.75479874164375e-06
4.25203648433126e-06 1.04816979273892e-05 4.192718738949e-06 2.15598175188347e-06 2.39416407978865e-06 1.99096239583696e-06 1.1757868804807e-06 1.87456531293151e-06 8.56736056960017e-06 1.51871990539121e-05 2.99209218582064e-05 6.75955117458216e-05 0.000202356357840472 0.00015837844912312 0.000621456673252396 0.00198084976291284 0.00023451475208276 0.00104481056623627 0.000328911966062151 0.00034365592582617 0.000278768871066859 0.000205364533030661 0.00068088683183305 0.000366863440649468 0.000216083883606188 0.000420179310094682 0.00025072495391214 0.000187213235949457 0.000142224384080691 0.00011294194682705 6.38254546856842e-05 0.00161952516937163 0.00158041563990992 8.48254248012381e-05 4.04210754595624e-05 2.61039893871384e-05 2.31693100317898e-05 2.29384482963724e-05 2.17130876762894e-05 2.96516087132659e-05 2.92858742227509e-05 1.85369794138524e-05 5.53661117095317e-06 1.27707105662012e-05 3.43431528051497e-06
6.1556569704635e-06 3.21809717576116e-06 9.27170514728459e-06 8.10669296669175e-06 8.59884466279936e-06 1.19368078344451e-05 7.54449608137975e-06 1.06991929634148e-05 1.86677995671403e-05 2.3418134699682e-05 8.63722238136688e-05 0.000341663443032303 0.000294712224058458 0.000681626328150742 0.00277598236571066 0.00322799620917067 0.00372307467623614 0.000589598339865915 0.00065836951835081 0.000955598069413099 0.00176087060244754 0.000656898156739771 0.00033915951698873 0.00019808417537206 0.000235815947235096 4.92650748810775e-05 9.45824745940627e-05 6.77669763717859e-05 0.000154571070470411 0.000111589250172983 3.50269184536955e-05 7.71826129494002e-05 0.00234996803337708 9.83634238764353e-05 9.35296788611595e-05 8.18484458250168e-05 7.42790834920015e-05 7.86899953709508e-05 0.000229154050794023 4.40194509337743e-05 2.44500572023298e-05 9.99824455334419e-06 3.53785905176096e-06 5.7110667910365e-06 4.72412865377692e-06
7.02549073025693e-05 7.65394340987768e-05 0.000154049123193545 4.50774905061735e-05 1.658295929019e-05 2.11039506751831e-05 2.77965417353698e-05 3.36847317385036e-05 6.84440215763971e-05 0.000146238124534648 0.000473100668750703 0.00177762405364774 0.000439202548295725 0.00102282474908861 0.000712781582842581 0.00099372158292681 0.000917541111266473 0.000959049604716711 0.00130117849330418 0.000460359811040689 0.000835258869483369 0.000322097580828995 0.000242789593721682 7.92778085269674e-05 9.24470239624497e-05 1.6690317386292e-05 4.17048344843352e-05 1.98651382333992e-05 4.51431926194346e-05 6.7318576748221e-05 5.13387097498708e-05 5.4204359889809e-05 8.84823220530961e-05 4.9385248848921e-05 6.9263343266357e-05 4.31599072044264e-05 2.77271443678728e-05 2.54450928423466e-05 1.49506369808705e-05 8.00327378556176e-06 6.62685054066969e-06 5.94450638686794e-06 5.12978161992805e-06 4.63803410468699e-06 4.11842277188157e-06
0.000115931638401889 0.000838826770632295 0.000494404929486336 0.000472832063678652 0.000345483064484142 0.000453880576606025 0.00079642346536275 0.00074430420063436 0.000413072924129665 0.0034199831134174 0.0023591316799866 0.000875203238683753 0.000718417646567104 0.00051732111714955 0.000427113819023361 0.00040920268620539 0.000342954660845862 0.000397767656249925 0.000362087237772357 0.000893055130291032 0.000674012616946129 0.000189760195917188 0.000152089429502666 8.17067172647512e-05 1.43027349508884e-05 2.12048437333578e-05 1.02155323901343e-05 1.14920783659045e-05 1.91641902858919e-05 4.07265283229208e-05 2.16048037884775e-05 2.07502921625746e-05 2.72253915113652e-05 2.19660895254492e-05 1.07541027205116e-05 1.27702343547753e-05 9.48318992186614e-06 8.49757076650803e-06 7.77665917155446e-06 6.88046080625782e-06 6.32757640914861e-06 5.5281505012772e-06 5.12092083368998e-06 4.48677723312585e-06 3.90308011972706e-06
0.000870422153820982 0.000412684122056817 0.00064136538276216 0.000497875710425433 0.00138822375447489 0.00200750357471406 0.00281493404472712 0.00338531375164166 0.00407252477598377 0.000783014929038473 0.000884232648240868 0.000733782761381008 0.000228697673628631 0.000179727424892917 0.000262409373681294 0.000403090480722312 0.0002831868996509 0.000216691869991337 0.000192154757769458 0.000165386756634689 0.000475558850303059 0.000466136091927183 0.00010411481725896 4.82419408626811e-05 2.66612386894849e-05 3.16944687256182e-05 5.5796471656322e-05 2.97823951541432e-05 8.62833529424734e-06 1.76912501160587e-05 1.74746336426779e-05 1.57628401154852e-05 1.24052082469461e-05 1.02379743651682e-05 1.32158624126077e-05 1.18540980793114e-05 7.59336355713458e-06 7.31781025535838e-06 7.0665580309992e-06 6.40826440729825e-06 5.60216051610496e-06 5.21237283521714e-06 4.92464363190948e-06 4.50939792386862e-06 4.16314693438835e-06
0.00209435058641247 0.000914099835790694 0.0004512852159678 0.00255327823688276 0.00280729923979379 0.00196421918226406 0.00234245333122089 0.00155030989990337 0.000510587469761958 0.000453830121114152 0.000173132183226699 0.000495859931106679 0.000641810431261547 0.00122047502518399 0.000521890837262617 0.000785482182982378 0.000211564620167337 0.000140963470039424 0.000121202280934085 0.000121575470529933 0.000134689142487332 6.69765446673409e-05 0.000100126979759807 9.0009037148775e-05 0.000204136381398712 9.10447839032713e-05 6.48478018774767e-05 4.48556076435125e-05 9.49544121056078e-06 1.44720006687749e-05 1.20003218910369e-05 1.10005609400332e-05 1.00069276641079e-05 8.11657475026095e-06 7.39494598747115e-06 1.03161992427658e-05 6.71499742708193e-06 6.17713769486272e-06 6.17423594206912e-06 5.62876615646246e-06 5.57155647697982e-06 5.20378537345323e-06 4.88145784913741e-06 4.42582746700282e-06 3.77888965772399e-06
0.00419628528761677 0.00573481686878949 0.00228161438717507 0.00439612611662596 0.00337291529285721 0.000738044257741422 0.000598260267724981 0.000648864118556958 0.000313228233426344 0.000106817668711301 0.000111593817928224 0.000108585533962469 0.000116333257756196 0.000156419736049429 0.000112558195814927 8.14511036878684e-05 7.33009934265283e-05 4.59938144786065e-05 5.22022301538527e-05 8.4573912590713e-05 0.000122947075851698 0.000319267947634216 0.000106176879944542 0.000129710628971225 9.92960153780587e-05 3.65580716220393e-05 9.68974590591642e-06 1.54086489430938e-05 1.23613613084217e-05 1.1358535459749e-05 1.0334176147353e-05 1.02180609673042e-05 9.06475436579512e-06 7.88071819783909e-06 6.41502657288129e-06 8.92441332496219e-06 6.4908774774608e-06 6.45850882960986e-06 6.03710918340994e-06 5.59162359081711e-06 5.56209529776197e-06 5.57717997224927e-06 4.81738180297953e-06 4.0703611432491e-06 3.51718591318217e-06
0.00305403683451004 0.0029612758604344 0.00278693695436232 0.00432445158367045 0.00113652595173335 0.000557439485419309 0.000492243095504819 0.000220234772132244 0.000114922672401008 0.000145676825741248 0.000380448287614854 0.000146715752634918 6.54139255857444e-05 7.38954901862599e-05 6.75722171763482e-05 5.68950731121731e-05 4.95290110166025e-05 2.97066396342416e-05 5.93971564740059e-05 0.00010599373763398 9.19402671570424e-05 3.99548963287089e-05 5.20406476425706e-05 6.68331681936252e-05 3.58715858965297e-05 1.6291089502829e-05 1.28433781583226e-05 1.10251012074514e-05 1.10615184269136e-05 1.09414212147385e-05 1.0212055002512e-05 9.51419710304435e-06 8.50231339200036e-06 6.9460937339727e-06 6.23218136439618e-06 8.12260346663152e-06 6.23837724447185e-06 6.20819323273736e-06 5.78372962110052e-06 5.2185220781098e-06 5.17879595918203e-06 4.99639939022245e-06 4.2651127145632e-06 3.46471256378322e-06 2.88777705677035e-06
0.00250350734277163 0.00104504256014479 0.00155174834653735 0.00094186363130575 0.00098024495964637 0.0044683251529932 0.00241468369495124 0.000861247087595984 0.000257589467219077 0.000219525723878178 0.000127361288014072 6.04365229264658e-05 3.15245888714344e-05 2.92367914425995e-05 2.89666370463237e-05 4.59558446209485e-05 7.09014102085348e-05 0.000142834874350228 0.000150089212365856 8.39793950945023e-05 4.34228182029983e-05 1.24454055765e-05 1.7548888786223e-05 1.5692258875788e-05 1.62628440193657e-05 1.23089337080273e-05 1.12436149095174e-05 1.06209708576444e-05 1.03800193755887e-05 1.06858491562889e-05 1.03365782052833e-05 9.55836212881422e-06 8.12250430612949e-06 6.59821910460323e-06 6.62762370211567e-06 9.92480929369322e-06 6.96224087448627e-06 6.01353470983668e-06 5.58776304444564e-06 5.43566747523982e-06 4.94116274580847e-06 4.36125945526555e-06 3.95183423833601e-06 3.40239625415961e-06 2.87024232719091e-06
0.00455218348070048 0.00083129312042729 0.000749254146649037 0.000838302198098972 0.00108837073785253 0.0141466940985993 0.00161434219917282 0.000342271838599117 0.000257294194670976 0.000177228757820558 0.000227013124822406 6.51702990580816e-05 4.25612675371667e-05 3.13747601012437e-05 1.63660553653244e-05 0.000138810065800499 0.000318325756961713 0.000208625387676875 6.96485219123133e-05 2.35179997275736e-05 1.74037098531699e-05 1.45124722337187e-05 1.37865910801338e-05 1.33524995476364e-05 1.31154115990739e-05 1.18785760037099e-05 1.14654689753024e-05 1.11823897839258e-05 1.06518503343978e-05 1.07453056500617e-05 1.04641821707219e-05 9.50182416659118e-06 7.62020175955058e-06 6.19613464749591e-06 6.63377462757353e-06 8.55380768598479e-06 6.29499940743017e-06 5.99431996164412e-06 5.8557535453474e-06 5.86494560934625e-06 5.32413007761079e-06 4.47519978052924e-06 3.83358622286778e-06 3.42034303599803e-06 3.00019616688019e-06
0.00297763718990609 0.0034595285425894 0.00146040818945039 0.0013574024909758 0.00117872508853907 0.000385052557248855 0.00020860869117314 0.000130936841742368 0.00013592874747701 9.74325789684372e-05 6.51497516628297e-05 6.90787651365099e-05 0.000100011193080718 5.52838902876829e-05 5.41845015959552e-05 0.000226042576832697 0.000210535605947371 0.000171109128314129 5.7205193934351e-05 1.92429489970891e-05 1.76407501271569e-05 1.59991811415239e-05 1.56464730537209e-05 1.43274947618011e-05 1.18050692947236e-05 1.1661822327369e-05 1.21788112892318e-05 1.25936190784159e-05 1.2136021302922e-05 1.16727826593888e-05 1.119402409131e-05 9.67314001059094e-06 7.80298838947147e-06 6.59030395695481e-06 6.54770545338579e-06 8.23751080645252e-06 6.00264211811918e-06 6.09843087175932e-06 5.84686579543359e-06 6.26166375923276e-06 4.93899815978693e-06 4.38122235806304e-06 4.14709460727636e-06 3.61812135381001e-06 3.04889849687129e-06
0.000355788563308579 0.00256190874497406 0.00369252315722406 0.00390791324316524 0.000671694225820829 0.000707255395536777 0.000331042297693784 0.000229220237088157 5.87863835335156e-05 1.90107777825688e-05 1.91046010172613e-05 2.01550859287636e-05 1.2880184954156e-05 4.73581766982534e-05 8.52758644214191e-05 0.00032665246144461 0.000144062639810727 5.03292912981124e-05 2.24844000058511e-05 1.92476877714398e-05 1.68514354413674e-05 1.47720929987827e-05 1.51292723046481e-05 1.5896295087714e-05 1.34006600546854e-05 1.24805054610988e-05 1.39534620529957e-05 1.41141878486906e-05 1.32614025858402e-05 1.2542098954782e-05 1.17619306024608e-05 9.57370996275131e-06 8.3941391665121e-06 7.33457819137584e-06 7.77135911107507e-06 1.06003994886805e-05 6.57700320658705e-06 5.79345558406885e-06 5.5433486977563e-06 5.59360287155641e-06 4.85393265421408e-06 4.69525473505428e-06 4.51025239271985e-06 3.64086395094887e-06 3.29705201878028e-06
0.000722346031579946 0.00205737137584947 0.00264036717126146 0.00242563160718419 0.00307440433534794 0.00193723850534298 0.000469441387394909 0.000223259294034506 9.1868893832725e-05 3.67632623238023e-05 9.33938438834048e-06 1.40733505759272e-05 1.37494429054641e-05 0.000165042617663858 0.000153611228233785 0.000257637543109013 5.02787374443869e-05 1.10097934680198e-05 1.96713805166837e-05 1.62278135803717e-05 1.49371149632316e-05 1.40834921467103e-05 1.41201563110371e-05 1.48699252179085e-05 1.57434504899356e-05 1.56529311595932e-05 1.59404756061576e-05 1.5724831348507e-05 1.49127919030434e-05 1.46615890173507e-05 1.36144489715662e-05 1.38685020090179e-05 1.22684718917299e-05 1.01085551762026e-05 8.76712588251394e-06 9.38001879262629e-06 6.63296610952102e-06 6.10470338955338e-06 5.07424795728184e-06 5.11048402955794e-06 4.68066114791554e-06 5.21036871390379e-06 4.67124142460307e-06 3.9400489605157e-06 3.52151991194205e-06
0.000917630422190996 1.59755719530419e-05 0.000567372551836343 0.00396760441944934 0.0010512618770008 0.00239947227528319 0.00205418204277521 0.000723155663581565 0.000174878414327395 0.000112689030083857 1.911094108209e-05 1.8163860227105e-05 3.32655452211839e-05 0.000202785144210793 0.000201127110267407 0.000128983745707956 4.05867341669364e-05 1.89226206998683e-05 1.63621439014605e-05 1.4223663993107e-05 1.41862102680079e-05 1.42160229074761e-05 1.47959093737882e-05 1.4803660542384e-05 1.4648580992116e-05 1.48156755926721e-05 1.54259847363392e-05 1.65091021983699e-05 1.65371098205469e-05 1.46613903154957e-05 1.27601303006486e-05 1.23550080218138e-05 1.19080730087262e-05 1.24447737164246e-05 9.70307447403229e-06 8.99455401963678e-06 7.31878116368989e-06 6.47185132720551e-06 6.05498371299973e-06 5.40346609909648e-06 5.45236403155513e-06 5.96114776527656e-06 5.30171918455835e-06 4.7399495841205e-06 4.22511540847381e-06
0.00659820834407583 0.000336683410364458 0.000520248912175703 0.00152790543797892 0.00314531678450294 0.00946854245848954 0.00315923675661907 0.00150700773519929 0.00209310244244989 0.000300945610615599 4.47427070412232e-05 6.72125154778769e-05 0.000148901492502773 0.00255742440931499 0.000450045277102618 6.47426402792917e-05 1.89844515602999e-05 1.81941023583931e-05 1.59438566356584e-05 1.52193605799766e-05 1.58225148652491e-05 1.61658246611296e-05 1.51841111460271e-05 1.42105090617406e-05 1.47848425683605e-05 1.50682780713396e-05 1.59681861418903e-05 1.61637006897308e-05 1.60056880133652e-05 1.41708579235456e-05 1.39490793799268e-05 1.2736232338284e-05 1.1772274700661e-05 1.11133084431003e-05 1.03462681465771e-05 1.23726574258853e-05 7.34384876750482e-06 6.96179329793267e-06 6.30359055548979e-06 6.09930778949774e-06 6.54926496252983e-06 7.99459758837884e-06 6.5649622285946e-06 5.21008160205838e-06 5.10107710454122e-06
0.000134055225219387 0.000294792201339433 0.000555048287730386 0.000937579869787442 0.00199650892318459 0.0014472563896561 0.00162012453656644 0.00131294127204455 0.00158191630907822 0.000779169696033932 0.000293765307287686 0.000253928166785045 0.000166794608958298 0.000736732254154049 0.000869471317855641 4.59825789675961e-05 1.93968011444667e-05 1.70432822642397e-05 1.73241909465105e-05 1.83056650143953e-05 1.87246577183942e-05 1.8715746136877e-05 1.69100612879447e-05 1.54936625563096e-05 1.49458322596274e-05 1.50152930359582e-05 1.55604723090619e-05 1.64156620485301e-05 1.56839991973357e-05 1.3804850169663e-05 1.38943834940619e-05 1.3401923638412e-05 1.29612205967078e-05 1.61753055579084e-05 1.37326491028489e-05 1.02592727046158e-05 8.58962800691643e-06 8.42437549408714e-06 7.9167887975018e-06 7.99016148107512e-06 8.39642881942382e-06 3.80397906596386e-06 5.98214778619877e-06 5.85223667712853e-06 6.1117938301436e-06
0.0233286150731146 0.0028864724226878 0.00020923313198864 0.00121466005730326 0.00952096427790821 0.0153712789993733 0.00465782006504014 0.0075462247361429 0.005691026779823 0.00265419399947859 0.000982765031949384 0.000249789394729305 0.0001978794722163 0.00163449290557764 0.000551276865007822 5.83632507186849e-05 2.19569250475615e-05 1.81749023340672e-05 1.82868995921126e-05 2.05838382726142e-05 2.13995990407057e-05 2.12718920465704e-05 1.77624960542744e-05 1.72382714936248e-05 1.57831566866662e-05 1.55690418068843e-05 1.65635480357196e-05 1.64027533401168e-05 1.53441687700706e-05 1.41730867426304e-05 1.43312649299787e-05 1.36018913167391e-05 1.51228144204651e-05 1.96139964600661e-05 1.19986586526011e-05 1.05812210961176e-05 1.00801354903979e-05 9.47955892343089e-06 9.06822457409362e-06 1.0806338070779e-05 8.792889985898e-06 7.52866642415029e-06 6.81729987661583e-06 7.16199827195396e-06 7.40001171379845e-06
