Maxent_result_files_2/B_semenoviellus_3.asc
NCOLS 594 
NROWS 330 
XLLCORNER -15 
YLLCORNER 23 
CELLSIZE 0.166666666666667 
NODATA_value -9999 
[rows 260 to 279 of 330, columns 135 to 179 of 594]
3.87357773874442e-06 7.31245108909206e-06 1.16107331621151e-05 1.2243947440993e-05 1.38678945461379e-05 7.56477975016878e-06 6.8581494360842e-06 1.56942831608831e-05 2.89373018858896e-05 2.1952443503892e-06 1.19490215070073e-05 1.52447515347376e-05 1.02758390312374e-05 1.68682917376373e-06 4.55951192535053e-07 2.69218169535179e-06 6.95688459018129e-07 3.26642851860015e-06 1.85518070111357e-05 -9999 -9999 -9999 -9999 -9999 -9999 -9999 -9999 -9999 -9999 -9999 -9999 -9999 -9999 -9999 -9999 -9999 -9999 -9999 -9999 -9999 -9999 -9999 -9999 -9999 -9999
2.2213725888065e-06 4.48626025644217e-06 4.97210897378864e-06 6.94221781998294e-06 6.22846151259182e-06 4.00034316072606e-06 2.21357527223631e-06 3.66645009535205e-05 4.10009487495699e-05 2.98310675646007e-06 1.27799443589538e-05 5.26230616770817e-07 3.60883528749412e-07 1.90588105297707e-07 2.26291259597389e-07 1.86919283962084e-07 3.32493944021905e-07 -9999 -9999 -9999 -9999 -9999 -9999 -9999 -9999 -9999 -9999 -9999 -9999 -9999 -9999 -9999 -9999 -9999 -9999 -9999 -9999 -9999 -9999 -9999 -9999 -9999 -9999 -9999 -9999
1.94377511704147e-06 1.38311960249382e-06 1.26115806651228e-06 1.08771072619973e-06 1.61773125952891e-06 9.06788408805426e-07 1.7813168391001e-06 1.4525529675069e-06 5.37547059025201e-06 1.1051319653177e-06 7.35154577213848e-07 3.82389382558301e-07 3.22499792737574e-07 2.37531242497369e-07 1.66508136612009e-07 -9999 -9999 -9999 -9999 -9999 -9999 -9999 -9999 -9999 -9999 -9999 -9999 -9999 -9999 -9999 -9999 -9999 -9999 -9999 -9999 -9999 -9999 -9999 -9999 -9999 -9999 -9999 -9999 -9999 -9999
9.42748719801045e-07 5.85306654521389e-07 4.72025697462186e-07 2.10676132397225e-06 1.99242267271416e-06 6.11507209669071e-07 5.84019728755436e-07 6.01215324458337e-07 1.02320224542041e-06 5.04778541987605e-07 7.1058698356552e-07 2.63983606707541e-07 2.49177542688273e-07 2.73844164144776e-07 1.23050699851746e-07 -9999 -9999 -9999 -9999 -9999 -9999 -9999 -9999 -9999 -9999 -9999 -9999 -9999 -9999 -9999 -9999 -9999 -9999 -9999 -9999 -9999 -9999 -9999 -9999 -9999 -9999 -9999 -9999 -9999 -9999
1.18352926268273e-06 9.34849529521387e-07 5.6115223372899e-06 9.82904336126467e-06 1.58647355945618e-06 2.80388989226665e-07 2.55888706401919e-07 2.35676014370689e-07 2.09668079409475e-07 1.92092473394467e-07 2.24518665881135e-07 2.11097328595145e-07 6.80509488226733e-07 1.15603899217831e-06 3.00848657808217e-07 0.000832635867845966 -9999 -9999 -9999 -9999 -9999 -9999 -9999 -9999 -9999 -9999 -9999 -9999 -9999 -9999 -9999 -9999 -9999 -9999 -9999 -9999 -9999 -9999 -9999 -9999 -9999 -9999 -9999 -9999 -9999
1.03251669880677e-06 5.74414295906323e-07 3.33432240573472e-07 2.68058328734e-07 2.22411032102521e-07 2.08540906943e-07 1.83960456867638e-07 7.98694398618238e-07 1.93369168322022e-06 5.12019610710013e-07 2.58786610629613e-07 3.21475686249073e-07 3.27797684818165e-07 2.50795157619166e-07 1.98878350410325e-07 3.34699937942773e-07 7.44217055625995e-06 -9999 -9999 -9999 3.08101203660982e-07 -9999 -9999 -9999 -9999 -9999 -9999 -9999 -9999 -9999 -9999 -9999 -9999 -9999 -9999 -9999 -9999 -9999 -9999 -9999 -9999 -9999 -9999 -9999 -9999
7.14127602385872e-07 5.71059327558743e-07 3.79390548577163e-07 2.73648305126883e-07 2.15663116387432e-07 1.74668362706853e-07 1.44334522667044e-07 1.34552223607365e-07 6.59722797546891e-07 9.05060088562948e-07 3.42593190794105e-07 3.68797105210206e-07 3.22127658414217e-07 3.16153852786272e-07 1.67044538024186e-07 7.57726112077251e-08 1.43749289405193e-07 1.71866592424408e-07 1.61392318354103e-07 -9999 -9999 -9999 -9999 -9999 -9999 -9999 -9999 -9999 -9999 -9999 -9999 -9999 -9999 -9999 -9999 -9999 -9999 -9999 -9999 -9999 -9999 -9999 -9999 -9999 -9999
6.31854283827948e-07 5.08228293139013e-07 4.01856065046502e-07 3.54057691254184e-07 2.56337686455055e-07 1.8358469031643e-07 1.76893575032366e-07 9.9138575464508e-07 1.11486046439069e-06 1.95634131117117e-06 2.74909168584969e-07 3.02732672086137e-07 2.87373988250295e-07 1.80190068643782e-07 2.22540780292491e-07 2.21765436059229e-07 4.53950041778839e-08 1.02254262879242e-07 3.74746638942547e-08 1.16191222465645e-07 3.87907422294553e-08 6.97962180140621e-07 -9999 -9999 -9999 -9999 -9999 -9999 -9999 -9999 -9999 -9999 -9999 -9999 -9999 -9999 -9999 -9999 -9999 -9999 -9999 -9999 -9999 -9999 -9999
4.11709742653699e-07 3.79563196872823e-07 3.25044647819794e-07 3.11433175959053e-07 2.86974245966576e-07 2.5237744303297e-07 2.17896632515036e-07 2.15626417210402e-07 1.96522181550307e-07 1.94196641967181e-07 2.10298456870817e-07 2.88733415843012e-07 3.11946923581274e-07 2.88706651652149e-07 1.89982453768778e-07 2.20898375324907e-07 1.18530623360869e-07 6.32484992824089e-08 6.17554147819277e-08 7.17770045177701e-08 6.5340020216631e-08 1.99173863268953e-07 -9999 -9999 -9999 -9999 -9999 -9999 -9999 -9999 -9999 -9999 -9999 -9999 -9999 -9999 -9999 -9999 -9999 -9999 -9999 -9999 -9999 -9999 -9999
2.78478584636588e-07 2.51313242349838e-07 2.27734391300416e-07 2.0880023989811e-07 2.00883283030251e-07 1.89544480821979e-07 1.60478854338564e-07 1.36825377783367e-07 1.35239631804396e-07 1.54790306972075e-07 2.0114273500127e-07 2.79573893724461e-07 3.08922356673236e-07 2.58192256907819e-07 1.70693855583437e-07 1.87325537304162e-07 1.80344364508755e-07 8.71103261079753e-08 1.05481547807429e-07 9.75877393116775e-08 9.34869694102503e-08 9.42299856809825e-08 9.47105659676595e-08 4.75532762722608e-08 1.63022517618572e-07 2.40290972612911e-06 -9999 -9999 -9999 -9999 -9999 -9999 -9999 -9999 -9999 -9999 -9999 -9999 -9999 -9999 -9999 -9999 -9999 -9999 -9999
2.12788526332552e-07 1.90448314763003e-07 1.61808307841405e-07 1.44272646451782e-07 1.43268742802682e-07 1.28850029978977e-07 1.21165758359965e-07 1.08791100661421e-07 1.07662886161819e-07 1.32296251553754e-07 1.70218122885757e-07 2.25854223678823e-07 2.63192917238086e-07 2.47565201849653e-07 2.9812351431957e-07 2.2208463583695e-07 2.25197029735114e-07 3.40041822077808e-07 9.87256397522174e-08 1.22153912140988e-07 9.77140772739915e-08 1.15357654273396e-07 1.03211457602725e-07 6.68649299040425e-08 4.22713184899948e-08 3.56898006592665e-08 1.34668766360591e-08 4.75287182553075e-06 -9999 -9999 -9999 -9999 -9999 -9999 -9999 -9999 -9999 -9999 -9999 -9999 -9999 -9999 -9999 -9999 -9999
1.6369914219716e-07 1.60944079929948e-07 1.36742812029134e-07 1.2068486188177e-07 1.05372243575097e-07 1.00582535766947e-07 9.04091366216164e-08 8.41287398190005e-08 8.61072464886092e-08 1.06393252341519e-07 1.40797876779786e-07 1.9229983250213e-07 2.22134922100992e-07 2.51189003908081e-07 3.0280922214132e-07 2.55514582470084e-07 2.32759581919595e-07 1.6974598633368e-07 1.29543888327532e-07 1.38576055164208e-07 1.20795974467569e-07 1.17424849488401e-07 9.85126920038937e-08 5.953974282491e-08 5.41544074028621e-08 4.78413972881953e-08 3.69451249260244e-08 7.51573475121781e-08 7.04723395972273e-08 5.56052210143321e-07 4.99520810421927e-06 1.7528128822164e-06 9.00372247536474e-08 9.33976668671121e-08 2.48850605988338e-07 2.57015414617534e-08 4.44304831037634e-08 3.88024389064157e-08 3.01057602882793e-06 -9999 -9999 -9999 -9999 -9999 -9999
1.07117131498136e-07 1.0823451790376e-07 9.57821572611373e-08 9.06933313782332e-08 8.40480973041124e-08 7.38715330239614e-08 6.68106345025343e-08 6.584277051358e-08 7.09192496617384e-08 8.93120181810758e-08 1.21230511007653e-07 1.61734586434648e-07 1.94609103587595e-07 2.32484687945345e-07 3.25880740170703e-07 3.70278509720379e-07 2.33284519168819e-07 1.7929625304447e-07 1.78408517115258e-07 1.44748265906713e-07 1.29274361526654e-07 1.16484863177391e-07 9.52871198833805e-08 7.15690149810655e-08 6.09595475653535e-08 5.6021242578197e-08 4.70419855291837e-08 4.12721634091007e-08 1.08130516018878e-07 1.55442808580375e-07 6.55884205258417e-07 2.76210421090717e-07 1.9675091711413e-07 3.21361303345924e-07 1.04897802555293e-07 3.93872836834674e-07 1.25448727406052e-07 1.42213955434123e-07 1.56197911005407e-07 1.32608842240423e-07 1.22791365608776e-07 -9999 -9999 -9999 -9999
8.3351591806391e-08 8.19410040597823e-08 7.20940714571405e-08 6.75700753349773e-08 6.2638716924468e-08 5.60843794294996e-08 5.24517251188072e-08 5.47545220386247e-08 6.14381080121795e-08 7.95717687962494e-08 9.93517778935526e-08 1.32329963875577e-07 1.82687761363098e-07 2.34606764681899e-07 3.61993697595153e-07 4.11464722915866e-07 2.53957521501036e-07 1.68441369030603e-07 1.51367881517928e-07 1.40146252380902e-07 1.19019841537948e-07 1.05506042658021e-07 8.75392348831383e-08 7.54890054022184e-08 7.0053442069451e-08 6.27057644031481e-08 1.62493014865817e-07 5.14305854792951e-08 4.68676300213744e-08 4.42948288714717e-08 1.71004837001831e-07 2.55603880283672e-07 1.5180986567831e-07 1.28781739627826e-07 1.37887738071996e-07 3.7399958721096e-07 1.84926937123464e-06 7.2253674119338e-07 7.87366070342799e-08 3.56296151249325e-08 5.8220193333014e-09 2.54868328442015e-08 8.30452069000565e-08 7.87751892517008e-07 7.85678381589605e-06
6.69409652820363e-08 6.56661261921876e-08 6.11390573834747e-08 5.69600914435142e-08 5.19201259208124e-08 4.78894025879306e-08 4.53213971685074e-08 4.59414134956759e-08 5.46241287646687e-08 7.35711983779197e-08 9.60782245984504e-08 1.25139631590443e-07 1.83183537982856e-07 1.97992169415073e-07 2.45395932374493e-07 3.23368911203659e-07 3.11530552465911e-07 2.05083720672405e-07 1.37549142831261e-07 1.17653996900557e-07 1.03770197990016e-07 8.37674296150226e-08 6.98173017177339e-08 6.08804848534206e-08 6.61018525027757e-08 6.22790662596628e-08 6.35629718637176e-08 5.91534203842059e-08 5.72381899877072e-08 6.72826182990249e-08 4.73685624058362e-08 5.03548598596026e-08 2.11911542713494e-07 9.3744444651378e-08 5.76581101086049e-08 2.36849138257611e-07 6.98661110831722e-07 5.37106061404558e-08 3.47938942324433e-08 1.91085178902206e-08 3.35237612891781e-08 8.01455001253615e-09 5.90058824023743e-09 1.84114242407496e-08 1.8830564263439e-08
6.13827330964156e-08 5.40616293398521e-08 5.5424210754218e-08 5.26219796515015e-08 4.84919216225954e-08 4.63071183065544e-08 4.5357962874526e-08 4.28430838028682e-08 5.13997095108465e-08 6.07427800947136e-08 6.65834854696179e-08 9.70535784627913e-08 1.78242518655836e-07 1.81973251711653e-07 1.92763655126882e-07 2.54155816392654e-07 3.5311871755539e-07 3.25408117518577e-07 1.58912561776248e-07 1.14939422868332e-07 9.87046887779286e-08 7.54515166789815e-08 6.13331683663176e-08 6.14735245818565e-08 7.83673917092997e-08 6.65093826235363e-08 3.95870961122924e-08 4.01807405348009e-08 4.36747652710068e-08 5.37707279146815e-08 9.25056742673291e-07 1.03377331583943e-07 3.20275885883348e-06 7.74404170300613e-07 2.32013119472185e-07 2.23505487895181e-07 1.27141307437739e-07 1.12032485510838e-07 7.03805765667198e-08 4.14428066530803e-08 2.36979842527241e-08 1.29701872575438e-08 8.37192487557203e-09 5.54749501890939e-09 3.88367245029997e-09
4.94957369201465e-08 4.88071199344908e-08 4.37972420552768e-08 4.29116462363766e-08 4.28996798640391e-08 4.54774932490132e-08 4.37700499955618e-08 4.21696235708424e-08 4.35357723760355e-08 4.86545482569767e-08 5.7668688768775e-08 8.17206381453772e-08 1.289860592113e-07 1.7463504837778e-07 2.19580056537438e-07 2.37487741294729e-07 2.72593068828542e-07 3.09701953149499e-07 1.97133939572325e-07 2.59132863966727e-07 3.05331471750492e-07 1.57245640686199e-07 1.16905613367635e-07 7.89694727831858e-08 8.54690687113191e-08 8.39268371244373e-08 2.57979217010984e-07 4.24508837326698e-07 2.09436188391976e-07 3.81401301652318e-07 2.49456783407709e-07 1.11906080206836e-06 5.47095316250079e-07 4.9480887795994e-07 5.11882470988212e-07 3.52718216944936e-07 1.91610959987543e-07 1.68495406605018e-07 1.33233181021097e-07 6.64049840892744e-08 1.03997600620076e-07 2.4533317355413e-08 1.51771721190741e-08 1.01757499648691e-08 6.89462694714038e-09
4.34396183024433e-08 4.33474330208128e-08 4.30999754663652e-08 3.89537153089314e-08 4.0248379418184e-08 3.88811925433608e-08 4.11826403423632e-08 3.98312166249859e-08 4.12889815559758e-08 4.73201994366512e-08 5.60515981296028e-08 7.79305894704763e-08 1.40380001756313e-07 1.78284592289302e-07 2.26193351604564e-07 2.45182020819357e-07 2.53771387193069e-07 2.6158921677677e-07 3.12307929206668e-07 2.78747627291409e-07 6.01537725941625e-07 6.70356848786469e-07 6.35500096990427e-07 5.97358764764522e-07 3.39854237552117e-07 3.50029886675429e-07 5.97287870363061e-07 6.19908814769587e-07 5.30674941501275e-07 5.24127175793865e-07 6.12679913558623e-07 5.22373403555321e-07 6.99328298026103e-07 7.47420509839003e-07 6.78132149545263e-07 4.28886254155714e-07 1.04801366944685e-06 7.13224818227332e-07 2.10296864011639e-07 3.96343283526335e-07 4.2510734843404e-08 2.77607285936732e-08 1.50517306618525e-08 9.54006722508893e-09 7.64828517185734e-09
4.39188208356534e-08 4.1078192902777e-08 4.07093956100724e-08 3.98791948796884e-08 3.75747572833873e-08 4.05641342737795e-08 4.19025627973468e-08 4.38254902923596e-08 4.62834788828026e-08 5.41108107099397e-08 5.93479624444448e-08 8.68185332625338e-08 1.31212146081694e-07 1.66017111524752e-07 2.3007835814326e-07 3.03604951312764e-07 3.58952223855624e-07 3.68631178560008e-07 4.07748763819882e-07 5.90018638035872e-07 6.50602908081055e-07 7.45914022104444e-07 7.73974011991641e-07 6.01477266570782e-07 6.07738135727232e-07 6.7825652791953e-07 6.69175380352272e-07 7.48179540011051e-07 8.29416639192004e-07 8.24862443948859e-07 9.615171130406e-07 3.48349101955137e-06 2.69607385519066e-06 2.40940587303839e-06 2.24920644740223e-06 1.40593112618603e-06 6.68806959680524e-07 5.92330047766154e-07 9.17049905169165e-07 5.29061043685886e-07 2.29590426581439e-07 2.59861150819773e-08 1.47292891328199e-08 1.06903348728871e-08 9.73028925210784e-09
4.0236685838746e-08 4.17271232011629e-08 3.73213882687296e-08 3.72697553374657e-08 4.11757198781615e-08 4.17716989331574e-08 3.62397265973868e-08 3.68899816804991e-08 4.54532519733597e-08 5.68303685555271e-08 8.02905846475355e-08 1.26003574751898e-07 1.69924761994622e-07 1.96938986629647e-07 2.78579318457872e-07 3.2477701203959e-07 4.30216669755623e-07 4.76684445160913e-07 5.28533890786775e-07 6.21560184299597e-07 6.11549795337396e-07 6.31998702260717e-07 6.81447436079452e-07 6.55271339411456e-07 7.03669365265114e-07 6.76329746340798e-07 6.98075169225376e-07 8.89449987084845e-07 1.00646232112922e-06 1.06910809023475e-06 1.2370186368571e-06 1.49454084024114e-06 3.22156476926239e-06 1.90028852458113e-06 1.4022241387579e-06 5.2756793920139e-07 7.90363563041296e-07 2.52888695495557e-07 5.54697817278793e-07 2.21911703768285e-07 2.02988690745087e-07 1.01641074223835e-07 1.59402051003177e-08 1.68429863278696e-08 1.1206398076169e-08
