Maxent_result_files_2/B_semenoviellus_3.asc
NCOLS 594 
NROWS 330 
XLLCORNER -15 
YLLCORNER 23 
CELLSIZE 0.166666666666667 
NODATA_value -9999 
[rows 100 to 119 of 330, columns 450 to 494 of 594]
5.33528265805217e-05 0.000199968340166379 5.97509868384805e-05 0.000131869384676975 0.000137471292146074 0.000134670172883489 0.000441966144717298 5.3629163903679e-05 6.43759373815556e-05 3.37756860972149e-05 4.3911398279306e-06 2.53109418508757e-05 6.36081693301094e-05 1.60920726330005e-05 0.00011649583466351 2.23676792188598e-05 7.11753167706775e-05 4.81875654259056e-05 0.000357451512172702 0.000101285788969108 1.12187181684931e-05 1.24334178053687e-05 1.28164204284076e-05 4.80608556756579e-06 5.16905458312067e-06 2.96270844046376e-05 1.16631625246555e-05 1.7899101464991e-05 3.73687278624857e-05 5.56076026896335e-05 1.76404365674898e-05 3.32382265355591e-05 3.04198421758883e-06 2.07350691198371e-05 1.02211044712419e-06 5.47503165080343e-06 1.43520594519941e-06 2.55352640579076e-06 5.48903327626249e-06 1.54481514300642e-06 1.49363318087126e-06 3.69068986856291e-06 9.91470759004187e-07 1.11750615019446e-06 1.23016869792991e-05
5.77269881432585e-05 0.000209852502302965 0.000251504731932073 5.09291646267229e-05 0.000159730471568764 0.000149933443935879 4.85637082419998e-05 7.1916565320862e-05 6.86682431478403e-05 0.000124206229884294 4.14109118537453e-05 3.82676978006202e-05 3.74194296455244e-05 0.000120545538447914 4.09854115787311e-05 5.694812909951e-06 3.41177254085778e-05 3.16188910801429e-05 1.40407392223096e-05 4.70222645390095e-06 2.88423684651207e-06 3.77443579964165e-06 4.39286717579535e-06 1.98095832502077e-06 2.53749709244744e-08 3.25309925841566e-07 2.36156076880434e-06 1.47943268871131e-06 1.025158761081e-06 2.93473151202761e-07 6.18357640860268e-06 1.96948827237975e-06 2.49692857778427e-05 4.85161481265095e-06 5.17202216769874e-06 2.76990384463716e-05 6.03095943461085e-06 2.31721717796063e-06 2.17047189607911e-06 1.25371285776055e-05 6.55259588029367e-06 4.36716271678961e-06 4.98117052529778e-06 3.55387502182225e-07 3.32948112635734e-08
7.9790732706897e-05 0.000254375897930004 0.000181784369488014 8.11917132523376e-05 0.000102847910784476 5.77630375119043e-05 5.50381104403641e-05 8.0002083996078e-05 7.33769456928712e-05 5.47006101442093e-05 0.000452356255118502 0.00242265095585026 6.41526243271073e-05 0.000234038546113879 0.000377565584494732 6.3864117328194e-05 1.14416064434408e-05 1.31302237377895e-05 1.06987524191027e-06 2.61458623640465e-06 1.682935626377e-05 2.90386842607404e-06 4.72181857169573e-08 2.51581431243153e-07 2.67520533014931e-07 9.46824009195879e-09 9.10118023167428e-09 4.3768633304353e-07 5.96663929286478e-07 2.97893330127863e-06 1.02894753659655e-06 9.61175533831238e-07 2.04831005934381e-07 1.08402187493084e-06 4.26115508389557e-06 5.18114558811789e-08 4.35267218268365e-08 1.00796679362247e-05 2.94469802156527e-05 3.08570394054186e-06 3.7799104302394e-05 5.10482578874871e-06 5.22372238265234e-06 2.48755010829882e-06 7.09344105871423e-06
0.00317768153036013 0.000252634059870616 0.000255419318636996 5.94594557696837e-05 0.000159627375614946 0.00017117073348345 0.00108197036897764 0.000156098009938432 0.000843552327933139 0.000229972865417949 8.05052666692063e-05 0.000146311794924259 3.68348810866337e-06 1.0235571130579e-05 1.08262993080643e-05 3.45866919815307e-06 5.21855793977011e-05 1.27899009839894e-05 1.30299928287059e-05 2.99311372486954e-06 9.31149488678784e-06 2.37790719666009e-06 1.25927357608191e-07 5.5275110923958e-06 8.75526500010437e-07 3.18248122876952e-07 8.51210191221696e-08 2.30679012069857e-07 1.06921735181231e-06 3.27502783648015e-06 8.0916271123499e-07 4.68189728763946e-08 2.46181235397103e-08 9.26892459673923e-08 3.87241408645878e-06 4.98009062321891e-08 1.07053688358505e-08 2.05500262762115e-07 1.63490962368229e-07 4.62936413114789e-07 3.27589793300831e-06 8.02517101305966e-07 2.08388216833555e-06 6.56604236155545e-06 6.65851498524717e-06
0.00034886220964836 0.000154806248247041 0.000139727473651874 7.5406359610497e-05 1.32887390918768e-05 4.92712220875546e-05 9.54763050685869e-05 0.000202765534777427 5.50005298464384e-05 0.000655781364184804 5.6894988847489e-05 5.89372198191995e-05 6.64105696159822e-05 3.8358549682016e-05 8.05616236903006e-06 6.44764111257246e-06 3.74254961457154e-06 1.11832630409481e-05 9.04996988992934e-06 1.32276103613549e-05 2.43697912765128e-06 1.0572832408684e-06 1.05833809357136e-05 1.15063850927299e-06 8.15386520685024e-06 1.60021737087845e-06 7.87083909159492e-08 2.09977964686914e-06 7.33809631370264e-07 5.941349030536e-08 2.11870963884309e-08 2.38118858408853e-08 1.16947819650548e-08 1.60196908893795e-06 2.2797356166393e-06 6.59794279211923e-09 2.23911952534905e-08 2.38793523887892e-07 5.01608515612872e-08 1.07732080589784e-08 1.16097876978749e-08 7.17752905998736e-09 2.13219017837218e-06 2.45701655501307e-06 4.90392815777341e-06
0.00427390872500837 0.00632588141597807 6.01728451329109e-05 0.00037051932013128 0.000107585984005709 2.71275276418237e-05 8.39320287923329e-05 1.05917498785857e-05 0.00342979141860269 0.00369776171864942 0.000122260777970951 0.00380737442756072 0.00402330301003531 0.00409578882390633 3.17598817218823e-05 0.000194748642752529 1.88031335483174e-05 4.45562683353273e-06 5.85126761052379e-06 4.08500328603623e-06 3.50722758071242e-06 1.0946364091069e-05 2.60097507407409e-06 2.70858549811237e-06 4.30611941283132e-05 3.16264049615711e-05 2.02793333130558e-06 1.91156556184069e-06 1.05654123245813e-06 1.3219604625192e-06 5.75191867113745e-07 2.3258110273261e-07 3.30641388046615e-08 3.10340851825686e-06 5.48878728068303e-06 7.62545575838658e-07 2.17809204894337e-08 1.95599315588879e-06 9.06321256266551e-08 1.84219227872262e-08 3.2556187470334e-07 3.01660931540937e-06 5.60020650937076e-06 1.2107834265862e-06 8.24730249746608e-06
0.000651971973275067 0.00614348149392754 0.000179497220960911 0.00510143430437893 0.00014554722711182 3.88181549624278e-05 0.00099519809409685 9.32666034714202e-05 7.16377698154247e-05 5.94259588979185e-05 1.79245107119641e-05 8.60067614667059e-05 1.31989738292759e-05 1.57213026341196e-05 0.00442337875720114 0.00427547194994986 0.000473220532512642 1.49719548744542e-05 4.54615266107794e-06 1.34667072643424e-05 1.19473554832439e-05 4.09591679044752e-06 4.43232961515605e-06 3.59908519385499e-05 1.41790100542494e-05 3.52134885588384e-06 2.38183329202002e-06 2.3430525573076e-06 2.17839829304012e-06 5.51708863838485e-06 7.72719683936884e-06 1.82566271860196e-06 6.16257077901139e-07 6.2656948955464e-06 6.74500583954796e-06 3.59080262057887e-06 1.52889738114226e-07 1.93274970361479e-08 6.1309330021686e-06 8.76869849264494e-07 2.31083064905491e-09 2.44573080721011e-07 9.94320037506213e-07 4.22851123857981e-06 9.47472535983707e-07
0.00272392043552827 0.00818283774424344 0.000208598215976963 8.05994661277509e-05 1.75140597093559e-05 3.70374093563441e-05 0.00608364903600886 0.000135909601885942 9.3630648098042e-05 2.25189251978009e-05 4.8128260368685e-05 0.000132888361804362 0.00013694167992071 1.97163628399721e-05 9.6207156161654e-06 2.70294215624745e-05 2.25293004405103e-05 5.16669188073138e-05 8.7060331406974e-05 1.75343229329883e-05 1.40482395636354e-05 1.53469804445194e-05 5.1094321634082e-06 5.09407469735379e-06 6.3394762128155e-05 3.20787756663776e-05 4.0423346604257e-06 1.25044729628598e-06 0.000223584133891563 3.86641409932054e-05 3.30636661601602e-05 2.71676129273146e-06 2.6391533072001e-05 4.7770046890605e-06 7.4953734895189e-06 7.56342480485728e-06 2.06283434422971e-07 1.59160660615498e-06 1.09377401571464e-06 6.23743668484167e-06 1.44545632423387e-06 4.08343850466508e-07 5.28353741735543e-07 6.46625216660368e-07 3.11981642653336e-06
0.000600228016264737 0.000882751093013212 0.000295904903396149 0.00055804455987527 0.00711575394961983 6.82529160258127e-05 0.00681655455846339 5.10817029862665e-05 3.03423629247845e-05 2.66890294369659e-05 8.72012732315852e-06 3.46532648109132e-05 2.40382703850628e-05 2.19161800032452e-05 0.000260817536036484 1.9169467896063e-05 2.71691226089388e-05 6.79787460740044e-06 2.6796395763995e-05 0.000400419184734346 7.06026672560256e-05 2.15480218912489e-06 5.94998177803063e-06 0.000106630714617495 4.89133684595799e-06 1.40149776598264e-05 4.56814939298056e-06 0.0001409426346072 4.37219845480286e-05 7.86805292136705e-06 4.48789079428025e-06 1.50468972037743e-06 1.27149457284759e-05 4.04866018470784e-06 1.54001758346567e-05 3.26825716001622e-05 8.49484068794482e-06 3.47373042757226e-06 8.42239442135906e-06 1.30915434510825e-05 1.60143511038768e-05 1.70073739695908e-05 1.57507334961338e-05 1.415683627215e-06 1.28891615247539e-06
0.00144496211141814 0.0111682844697498 0.0102689934894443 0.00087961571480264 0.00103997631304082 0.000353263172655716 0.00788922553183511 0.000313169350920361 1.64307683917286e-05 6.28831173344224e-05 2.85883666492737e-05 9.7507709938327e-06 3.77547821472035e-05 4.2663487874961e-05 2.94807894306359e-05 2.77011532034521e-05 2.29540539748996e-05 7.42941954285925e-06 7.24718091760224e-06 9.01543005966232e-05 1.33991220764074e-05 8.38137998471211e-06 5.38846572908369e-06 5.55440304879085e-06 8.91576980848185e-06 5.07346760514338e-06 1.49340128700715e-05 1.12196775717166e-05 0.000136297052449663 0.000446867833306897 0.000212098078827694 9.51655011704133e-05 4.58210804026749e-05 0.000228788852382422 2.47056148964475e-05 4.67287744413625e-05 8.0219023175232e-06 1.02296008208214e-05 3.97923429602542e-06 7.71194513617957e-06 1.11295738633999e-05 4.96521523700721e-06 4.24516932071128e-05 1.53492215076767e-05 1.15432659413273e-05
0.0120316473767161 0.00105013598658843 0.010824200604111 0.0152852219296619 0.000453190219559474 0.00919171801069751 0.00870794036891311 0.000154826439529643 0.00772037432761863 0.000124480107842828 3.88204786361257e-06 1.08658920794369e-05 0.000147370056583895 0.000387786274586688 4.32499264206854e-05 0.00166440776665695 9.42415030294797e-05 9.83051756520581e-05 2.92331775881394e-05 2.84832667148294e-05 2.78093239785449e-05 0.0040969246532768 2.14318595226359e-05 6.22059050101598e-06 0.000191073454698198 1.64200158451422e-05 5.01527445521788e-05 8.63533071424172e-05 0.000135341366876673 0.00323555330978706 8.5282693589761e-06 5.77799204393159e-06 0.00360620509600267 0.00345373793970793 0.000142029305243341 0.000137864246971731 7.38731954697869e-05 3.32316418280243e-05 2.82467365195771e-05 0.000106469542333798 8.90080000317539e-05 0.000174751893428038 0.000130304295453243 9.77502846581046e-05 3.21117432122264e-05
0.0129179816925898 0.0117200702894479 6.58929760902538e-05 0.0106327007524669 0.001165208369639 0.000910831484361552 0.00101049065124243 0.00862558122025803 1.20535252790432e-05 1.82054120841713e-05 4.12044208246698e-06 2.45945573851714e-05 3.93940837511764e-05 0.000165687308981433 0.000868321241432568 0.00610897551523522 0.00611742663895711 0.000440740198973799 0.000111385052150581 1.78857965011048e-05 0.000159132706176024 3.92902256407979e-05 3.33502822286391e-05 6.26628985628486e-05 3.5295158977533e-05 1.81335593197218e-05 2.18813557467001e-05 2.01173898744855e-05 7.22195247249147e-06 8.80341448464606e-05 5.89287750472067e-06 6.1789129722456e-05 0.00011232794568059 2.19577781535918e-05 0.004253971693106 0.00419411062030122 7.92833747027544e-06 3.59090144002039e-06 4.14294614188293e-06 1.35761325452677e-06 8.97407909405956e-06 9.07691890461137e-05 2.32168260936305e-05 1.99842342226475e-05 1.93713955809471e-06
0.0152904258808121 0.0123619049089029 0.00313351600198075 0.0113504960667342 0.000179081796522951 0.000101424036256503 0.000102121812415135 0.000112664861808298 0.000108464719414769 0.000255874932190636 4.44085125650417e-06 0.00130923784308834 0.000120391806012776 0.000139098968429607 1.44739908023439e-05 0.000222882809612202 0.00647581855300814 0.00633176061091945 0.00578945365268737 0.00536366982851177 0.000459160986065399 0.000527290523677948 2.53177104468705e-05 7.12562071385037e-05 1.80767777692381e-05 5.76766333324485e-05 5.35698528437933e-05 4.96804869385414e-06 4.85980006942555e-05 7.07868744029838e-06 8.7932090718823e-05 5.69112529547056e-06 2.24035539986289e-06 1.84355260444136e-05 1.50378420357811e-05 2.25571346845754e-05 1.85423824405007e-05 1.45096046935578e-05 4.17789045172867e-06 4.02049270178395e-06 1.06176223425791e-05 3.2867268987502e-05 2.09237296076026e-05 1.81673502538615e-05 1.70503677622946e-05
0.0161732768174261 0.000239156473617186 0.00139776293217437 0.000339802894086461 0.0012373885474517 0.0102238834137097 0.0100961872842163 0.00981491573620588 0.00110876984981587 0.00246401055628667 0.000639802750083618 0.000339901264669606 4.61598181573208e-05 1.19114041353896e-05 0.000120728857655195 0.00745013010455295 0.00743763308273628 0.000149086188321235 0.00643597916932777 0.00585188091499731 0.000612752491724677 0.00053665805971832 0.000469476552825654 2.60618128322676e-05 7.21739943401189e-06 6.0933130612284e-06 1.84765323467673e-06 2.39021131392292e-05 5.98321964844217e-06 4.85847630443459e-05 2.40248428667655e-05 2.07400549584236e-05 5.73491397290127e-05 5.27590098045039e-06 5.15558122629045e-06 1.75572735997775e-05 2.65154838416493e-05 9.34138321554201e-05 4.08822694225819e-05 2.93347792194254e-05 1.15647955453824e-05 0.000120942753528652 8.0895164614958e-06 6.99463957865021e-08 5.50410700128623e-06
0.0157961545977741 0.0139967146795243 0.00149178901265259 0.000388462783303112 0.00105110179574694 0.000864545282092877 0.000140954205380694 0.010496894386597 0.00119416308807558 0.00992724953684956 0.00933778748149052 6.84809106132889e-05 3.85909330361756e-05 2.05791940970812e-05 0.00762819373048842 0.00759034518850967 0.00759914465015754 0.000185864039303851 2.67329750386125e-05 0.00627552127698436 0.00575090216007084 0.0050635825144127 0.000506537027104059 0.00013541532389354 0.000334568131802371 3.13439427941375e-06 0.00037100433910382 7.49667904528906e-05 5.6375013809884e-05 2.04070770450926e-05 4.04702132982493e-05 5.92074250107544e-05 0.000192463567873347 2.39930603129324e-05 7.16204243644825e-06 1.15378971713653e-05 0.000156964976122254 0.000666855199960992 1.75929180159073e-05 1.68169468906854e-05 4.72773925139336e-05 2.68352406465056e-05 2.44666429352947e-05 6.38430583421723e-05 4.31159424163496e-07
0.00152943728608079 0.0161345650441945 0.0142331107985228 3.45494794601109e-05 0.000959822547156364 0.00277725968917366 0.00103527702012798 0.000946078520792071 0.000978443790518213 0.000892629305599257 0.00290478793904185 0.000875305985391606 0.000515867556532612 1.95917137943979e-05 3.75155703295604e-05 0.0001439832343749 0.000330175767157925 0.00740148151526228 0.00743465936975554 0.00681733919773251 0.000154241023847135 0.000602545333822491 4.71775255846296e-05 0.000117141456212266 1.18682691891081e-05 1.26699043676126e-05 0.000561312466743402 2.05113969968806e-05 5.68708866921952e-05 1.16596231691801e-05 0.000271189301929553 3.74554608697508e-05 0.000177661009183794 7.13193154297187e-05 6.91455109517847e-05 5.00412024393881e-05 5.53574012883473e-05 0.00472289499593899 0.000197907527035568 5.91009390518593e-05 1.82765750878389e-05 0.0001687843563559 1.09902201984369e-05 9.76412899035495e-05 0.00010720574628067
0.0021792607702082 0.0184601447079331 0.000469241370956297 0.000247440274688415 0.0135205623926595 0.000482965221817722 0.00138206162300776 0.00136975423665717 0.0126713763922453 0.0119767133146524 3.25882656170506e-05 0.0116943948669359 0.00129160021679127 0.0010470215085661 0.00026271469432686 0.000291936252324376 0.000394278912062873 0.00861949630780146 0.000958928725594888 0.00694204217288643 0.00637263368116692 2.1805696451338e-05 0.000206638627423672 3.33601234615344e-05 0.0037677472573705 0.0031106368987821 4.46683059635689e-05 0.000122721766092582 0.000722139832214452 0.000528795977152186 0.000218820225018135 0.00018700610853557 0.000233494854910532 0.000215848662992357 0.000236999523258419 0.000188719758443767 6.08667834057997e-05 0.000139765834319405 9.35735691200534e-05 6.8071785972279e-05 1.67558879184071e-05 5.92511165109499e-06 0.000203976715056342 4.07165124443054e-06 0.000122396534061409
0.0133041461929679 0.0186208215542138 0.000731808610726148 0.017721194238402 0.00191237684048247 0.00151767484785523 0.00186725263192784 0.0017161416602903 0.00148585508577526 0.00149057689268375 0.00149719046603423 0.0011225994763663 0.0124175856821239 0.00144747680460569 0.011113770515658 0.000367418312453083 0.00128431677512708 0.00262851091683842 0.000226055257735425 0.000502404381404631 8.2298926099611e-05 6.41408885712735e-05 1.84784572866192e-05 0.00442845763172954 2.66251550556262e-05 3.39816196628817e-05 4.32636563346023e-05 6.68579743432929e-05 0.00029877584456699 9.58621318204678e-05 0.000108442997043312 0.000100478651802405 5.57482256226649e-05 9.40879523113836e-05 0.00028860402344435 2.12710405094185e-05 0.000146644776214089 9.73231492025661e-05 0.000100249828665255 9.11080276637222e-05 7.24578807194121e-06 5.24099372796627e-05 5.34957447143825e-05 6.27644260021043e-05 0.000206444567811559
0.00194787329528481 0.000797984187374823 0.0207242170814425 0.00227461095782928 0.00198743707878748 0.00156102397304494 0.00553889207949396 0.00213316778826993 0.0166349265724421 0.00156141972838668 0.00172737763496116 0.0143280142918229 0.00196654208848486 0.0133877669461071 0.013457834161818 0.0131057962076738 0.00131510531427921 0.00192299450864084 0.000623774078849237 0.00194895190361422 0.00708466158248484 0.00660277350107208 7.35026274014672e-05 0.000547423713942408 0.00412195844110101 0.00341791737009771 0.000324117734817264 0.000299195793377294 0.000645015964255435 0.00261829425871838 4.47111171524739e-05 5.32168926838494e-05 0.00015876673933235 0.000456789042436867 0.000331739410285081 0.000428268221003236 0.000191048845954356 0.00112408545974176 0.000269208827012335 7.85541073128115e-05 8.2004128034896e-05 0.000128255132221966 5.26064811765536e-05 4.98540402986691e-05 0.00027264839700365
0.00222303926711902 0.00253705855284352 0.00212437190930359 0.0041687716729939 0.00374297526432201 0.0204121612943709 0.00199569907563273 0.020508081279695 0.0196768624242395 0.0169499512063339 0.0015539807965979 0.000198294668007293 0.00172345069295261 0.000205992655901355 0.0147112732520327 0.0154051001183689 0.0014031493323273 0.00141342988936231 0.00141031507810112 0.00121959864045493 0.0011229037627345 0.00799948833882809 0.00494748593773693 0.000491031875571934 0.000541508912283462 0.00388718206668273 0.000145883117784251 0.000318846568916342 0.000742173064645613 0.000201287191794108 0.000100903993006796 0.00514299977221526 0.000129654426018533 0.00132130014098948 0.0039517167955637 8.49111012939829e-05 2.22934417934084e-05 0.00158582115254831 0.000826480776595417 0.000353952036675764 0.000190303147246595 0.000160566130944062 2.21385415443365e-05 0.00011854442745971 8.35667864521383e-05
