Maxent_result_files_2/B_sichelii_2.asc
NCOLS 594 
NROWS 330 
XLLCORNER -15 
YLLCORNER 23 
CELLSIZE 0.166666666666667 
NODATA_value -9999 
[rows 140 to 159 of 330, columns 440 to 483 of 594]
0.000999791471758726 0.00127429467238471 0.000158729670317825 0.00121450237757017 0.000129319660693028 0.000109921239254618 4.01631941725711e-05 4.25239948378397e-06 3.73556207786563e-05 7.04569752716377e-06 2.24931184789057e-14 4.37875399406096e-07 2.75508782443534e-07 4.19977823629125e-07 2.466990026051e-06 1.34222103242987e-07 1.3862793156183e-06 7.7715611723761e-17 3.75875982450147e-07 5.11854100750497e-05 3.30278118917393e-06 4.00375354536742e-08 1.17082825338288e-06 0 2.56603991632964e-06 1.02077617679663e-06 1.8978601926789e-06 1.04596777641408e-06 1.99380417742478e-06 6.28338968262643e-06 0.000361950014285672 3.09999817436069e-06 5.76587827427755e-07 1.7466793224008e-07 1.42587329066135e-07 5.73320628238783e-07 8.05928625746688e-07 1.07361311528775e-06 1.16453907672565e-07 9.83281462696439e-08 1.02055073281093e-08 1.24835424353265e-07 1.69355294776796e-07 2.27070460714351e-06
7.23278947766914e-05 0.000166012204024923 1.62488629089408e-05 4.31630428202823e-05 1.10434017466798e-05 5.5201346259981e-05 0.000301242624834686 5.30909592676432e-06 7.21585446605832e-07 3.01383963374757e-07 2.75147746486848e-07 1.00820730844386e-05 6.59254763670791e-06 7.82229833784509e-07 4.2939576962997e-07 6.66198916741134e-06 1.22192214607741e-06 4.49772185108221e-06 1.3763552730417e-06 0.363214040496243 2.45529562137303e-06 3.30686333355201e-06 1.46764509523223e-07 5.62820055782787e-08 0 3.89826736346688e-07 1.32737397159355e-05 1.36921574345195e-07 1.26597908116644e-06 8.35410825794636e-07 2.2981517607823e-07 2.29233096593617e-07 1.55778344668178e-07 7.37831341024453e-08 1.7118674626726e-07 2.27550576492597e-07 8.29914836375512e-07 1.15574216863479e-14 3.82191676171484e-06 1.12038213706533e-08 8.44894342710845e-08 8.2609735437833e-07 5.10541871779679e-05 3.1750877995762e-05
0.000102010232556182 0.000474438273340638 7.64417769644199e-06 1.21693719752902e-05 2.19642232951456e-06 8.56095973965631e-06 0.000518317232660892 5.92157842854713e-06 1.26474088359085e-05 2.80700280903545e-06 1.19700938083778e-07 1.2533340348897e-07 1.62026298063722e-05 1.46314865752117e-06 2.06092682941694e-07 3.8745534497453e-07 7.40155940737175e-07 4.99721719438018e-07 5.26972217074206e-07 1.64780483913329e-07 1.80905337727744e-06 4.41756136115856e-07 0 3.75063858537583e-07 1.673937348734e-07 1.00848908934914e-06 5.13328506909994e-05 6.49185931878016e-07 7.56281158365013e-07 4.97061084392403e-07 1.76850236655035e-06 2.05480008625969e-06 1.28862207460223e-07 8.1172008625785e-07 6.97570340058018e-07 1.30209357664945e-06 4.30172440855081e-06 0.00012012659372368 3.16007606613766e-05 1.88152861814173e-06 1.8215282860945e-07 1.46185293169454e-06 1.3255843844262e-06 1.75690746278434e-05
6.07211941996866e-05 5.67191686717372e-05 0.000212358622823672 2.11593607554295e-05 6.65503802571576e-06 1.12169693224917e-06 3.70682286684465e-06 3.86766987132692e-05 3.66011961681068e-06 1.43532243065403e-06 3.21047538753838e-07 6.16795705299378e-07 2.285043679362e-06 5.55558012268476e-06 3.68829933999892e-06 3.34227966147793e-07 4.89886239196657e-07 3.91800215149285e-07 3.14845172921796e-07 5.44667533297627e-10 7.12720056605942e-07 4.84457541238825e-07 1.92249675312617e-07 9.87978149291635e-07 1.22616499165229e-06 6.59625691623589e-08 1.34509388020065e-06 7.057232078167e-07 1.46084745751285e-06 1.21068874802122e-06 6.47036233758502e-07 6.83231893283676e-08 2.93098092649657e-06 4.04539896083911e-06 7.01544674464039e-08 2.90955657117342e-06 3.4487522783877e-05 9.03186587549731e-06 0.000143089405872843 4.9916906027514e-07 6.54589433080055e-07 5.27994713328539e-07 2.81368160206519e-06 1.55690764582772e-05
0.000144109194709585 2.61352883420329e-05 7.92324841288217e-05 2.31195457549127e-05 4.97999700055374e-07 9.72253647213428e-07 1.25741674629198e-06 1.05919383041053e-06 5.0677771368246e-08 8.28448283440863e-07 4.45082567910315e-06 1.27678584672664e-06 5.0191131286681e-07 1.93021310015418e-06 6.67709160007135e-07 6.25799135578475e-07 0 1.44750793497073e-06 1.50528526207117e-06 2.77288408434551e-07 1.29149935084172e-06 9.89880347801453e-08 8.56171499585834e-08 2.23903650198309e-07 3.83842402762458e-07 3.01174308436902e-07 1.98667682138609e-07 2.89748933401945e-08 1.11431587005439e-06 3.84917734785883e-07 4.38258768498123e-08 9.49457911736395e-08 3.51862294799332e-05 4.81818148377888e-06 8.82653801603794e-08 8.61116291661634e-07 0.000139976659613694 0.000663867240200489 0 5.90010395171703e-06 1.14248871424527e-06 1.813565558062e-07 1.29085744940971e-06 4.89478590992576e-08
3.05307967774837e-05 2.52785535923117e-05 1.42112334781896e-05 1.31616141805235e-06 5.97529332768687e-07 1.11822937250095e-05 6.46956853134206e-07 6.5991662864251e-07 5.39526860476869e-07 8.79223405247931e-07 0.363213687505575 0.149740481139868 7.96819261172921e-07 4.6200380066086e-08 6.42642241432956e-07 1.60228418658592e-06 0 2.13095317259659e-06 1.3631221346122e-06 1.48521652205691e-06 3.68048105214847e-07 3.84966407829257e-07 2.53057337724627e-06 1.02961531678325e-07 1.92042495683609e-08 5.95271854841872e-07 8.63907663017915e-07 1.58410446765345e-05 1.91687570323396e-06 5.445756815603e-07 1.01291784853075e-06 1.25567695333784e-06 0.000193555994951566 0.000145114538184998 1.37342847079669e-06 2.89164178809642e-05 3.19733525884658e-05 0.000190592075261975 0.00033947083907151 0.001730345769658 0.000178919317147574 1.42472800298776e-05 8.967745565025e-07 1.1877902810653e-06
5.52394219646146e-05 0.000900270721285779 6.19459019619573e-06 2.02968485751853e-07 1.05693231944315e-14 4.17272269646829e-05 2.44344002042762e-07 5.61968646539679e-07 3.18390793163648e-07 3.9741576473018e-07 1.6058341463232e-06 8.00335744011171e-08 1.99007558321362e-07 4.41010030971523e-07 1.80487074674662e-07 1.24831920500501e-07 4.06306022904257e-07 2.6983471036468e-07 4.46842472420217e-06 9.12689137333445e-07 3.52737702807859e-06 8.70586906145832e-05 8.27257379887314e-07 3.33066907387547e-17 2.47248057213545e-06 9.67739230084419e-07 6.65191884721139e-06 8.9891392514474e-06 9.24757902787121e-06 1.45438727530145e-06 2.04890767172561e-06 1.01246558664725e-06 3.87663058539767e-06 0.000424474675264719 0 4.32936441118192e-06 4.16958618676411e-07 8.38916027579018e-06 0.000103950553648247 8.85335537532228e-05 0.000235028586621411 7.08622944273429e-05 1.77734863929802e-06 1.11816776622309e-06
1.58295277203346e-05 6.27198290435782e-05 4.40699903119235e-06 6.44906350544261e-13 0 2.71741385554636e-06 2.3826349616618e-07 3.1695467216375e-07 9.87475949787431e-08 8.33522776688689e-08 1.06333654594781e-06 8.04478094496019e-07 2.84211933659906e-06 2.78640268581709e-06 1.15791967456591e-06 2.95202180755627e-07 8.4396973565326e-07 7.91756969503732e-06 1.96523637240986e-05 0.00490307439417904 5.07000122354384e-05 9.02695771912931e-05 0 5.32907051820075e-15 1.84986233399798e-05 1.18159902115167e-05 1.55160641858387e-05 0.0044433993975004 0.000168560613394675 3.72798350610992e-05 1.83454590773069e-06 4.98179627937745e-05 2.16962492761041e-05 0.000225530673196772 3.17770747257917e-06 9.4558923910526e-06 1.81220745733013e-06 1.06622262654454e-06 8.06800271249131e-05 0.000520048878024681 0.000265475691628581 7.76551917056167e-05 1.81754832433434e-06 6.6191385052039e-06
9.32472135602325e-05 0.00013345785517842 1.42680166705267e-05 2.19401462087099e-07 1.94518089724482e-06 3.83085732336141e-07 6.4646564734705e-08 5.30113862640125e-07 1.58793640347987e-08 7.68836226683334e-07 2.14028934244492e-06 4.35791458142099e-08 3.02164831915697e-06 1.34446924956899e-05 2.65982497841266e-06 9.98810451768861e-07 6.05016711410222e-06 6.1627335227854e-05 0.000170012000569386 2.45650520220408e-05 0.000209018215105061 0.000358699441358112 0.000572723757431959 0.000424671674500132 5.32057426951837e-05 0.000111201714662457 0.000217239346181941 0.000334329202041772 0.0070399070880138 9.25504864689119e-05 0.000175007891448331 1.19722615536944e-06 2.55176768799603e-05 7.34748692792664e-05 0.000826200502319807 5.07601641582589e-05 0.000128962117105402 0.00020735685117188 2.00778420545333e-05 0.000141166795788195 0.00569233408849437 0.00020997517261776 6.2598662529112e-07 1.69772783547018e-05
0.00191062111221072 4.64254876106018e-05 4.00650459239094e-06 2.76433683155108e-07 3.9772697267515e-06 2.48556488905427e-06 2.33466180070696e-06 1.65675424869116e-06 2.05010640385028e-06 1.95713648931672e-06 1.02917674382752e-14 5.47452428409923e-06 3.12337210849334e-06 8.00629224761984e-07 2.74519778422189e-05 4.83366095009874e-06 2.24085384004979e-05 2.40923173482344e-05 0.000277233738552241 0.000490625979273318 0.000245077517638492 0.00038531987256647 0.000208116433941541 8.48684678658174e-05 8.40965106817748e-05 0.000331485196920767 0.000123407558231747 0.00025554173130331 9.56568158017035e-14 0.000234243788599997 0.000340305989925582 0.00010881319208238 0.000432921237006667 0.000294981536637806 0.000471892831865262 0.00015048916046112 0.000176195484800701 0.00029414210861205 0.000311168270036433 0.000530680625433888 0.000693766279664487 0.000172198037694216 2.83321287347649e-06 2.59754585818506e-07
0.000485121898987018 1.25121043351051e-05 4.02715441953916e-06 1.2805732080956e-06 8.09397887074903e-06 1.17869247707736e-06 9.27832482056079e-07 3.95162085137235e-06 5.5978340830487e-06 1.69802363948479e-06 6.05709380363528e-06 1.8022482645641e-05 4.96120306394232e-05 0.00051839448165083 0.00069412843504324 0.000400657380987468 3.82889693327115e-05 0.000303120393073186 0.00010398928341715 0.000588242691719643 6.2984747438577e-05 1.68633855107458e-05 0.000108719014582448 0.000139986507775802 0.000318934125129999 0.000193274492482942 0.00010606622623186 0.000382211577789349 3.76975681604108e-07 6.73232869047524e-05 2.0079406087703e-05 0.000110856986083263 0.000238039335533813 0.000592345766244762 0.000747570408157117 0.000320489954071945 0.000399963135419057 0.000194976202834596 0.000185654686686121 0.000668133907174706 0.000258192791977763 0.00079329178606713 6.06475404779872e-05 1.65563952801984e-06
0.000102326925075324 0.000160021552010869 3.72536622945674e-06 1.66914850697752e-06 7.34937610544773e-06 5.40690707339309e-05 7.32536502399128e-06 3.78797380832907e-05 0.000119230779210966 1.52673625003708e-05 7.66277097431489e-06 1.11402065202215e-05 0.00015974898847162 0.000324310646465165 0.00019818022558411 8.89817337679233e-05 0.000194387201122481 0.000626137006383942 0.000119100581758858 0.00140443547061295 0.000567682842665818 0.000407847059250344 0.000497441638481177 0.000390964148573403 0.000377984689180266 0.000396805742866491 0.000288721152037397 0.000327713517242501 0.000103368911703683 0.000286992746168835 0.00021066266501748 0.000912226987929898 0.00062756574566265 0.000823161435391739 0.000795766043529511 0.000330542904862341 0.000382386811224933 0.000489779324630035 0.000237265544319598 0.00528599658321159 0.000503430967410168 0.000272016718543 1.10013148567845e-05 6.26532891814691e-05
7.71910599876691e-05 8.24612440183614e-05 2.13935822462874e-06 7.93811559497426e-06 2.36061884951511e-05 2.63414928170391e-05 7.48362031799843e-05 0.000196001661868195 0.00061310804594541 4.66362932841635e-06 0.00061922958075229 0.0013545850495575 0.000697806085827324 0.000555492337025498 0.00102787986234034 0.000640659500822949 0.000598432332390075 0.000485426313207427 0.000466811127125766 0.000114655330889946 0.000101151829761648 0.000487283884149292 0.000964574245699623 0.000880324653553544 0.000204872245002474 0.0007726026582759 0.000501540797131383 0.0101586132501271 0.00048146289707347 0.000920404282987874 0.000912932973369607 0.00101426355254262 0.000267777851559003 0.00128157798044413 0.000791826908198345 0.000404109632290783 0.000359295722978459 0.000213874513519841 0.000485376308017749 0.000225884431574741 0.000192434630568528 0.000202491949158912 0.00016520006831513 3.90392003935203e-05
0.000128079671870296 2.8040186512257e-05 1.0043927063963e-05 1.49675815706019e-05 0.00046121172790663 3.09566289672603e-05 0.000115947111021342 3.90226539323635e-05 0.000444010389492178 0.00165859030221327 3.2067511439493e-05 7.90656300523551e-05 0.000969617314149218 0.000649024851190916 0.000846340172938653 0.00072311008516408 0.000721452208381379 0.000708588438646984 0.000626697994812275 0.000407874990787604 0.00151988528250513 0.00055116527410064 0.000536530883982789 0.000761194502820217 0.000479575706106061 9.66795839506318e-05 0.00097192086120137 0.000375635409591268 0.000465096660400377 0.000883474264901452 0.000255695717532944 0.00237811278852291 0.105785954865786 0.0091793189326199 0.00975122638973953 0.000150511512859985 0.000103391849700074 0.000167597491537208 0.000456867572279407 8.71033827110068e-05 0.000197641930751047 2.40034634579445e-05 8.64736030933955e-05 5.94310560897426e-07
0.000325440418419021 4.06014789639642e-05 0.000413955494650509 0.000822735542715236 0.00116989979869686 0.000946977849889663 0.000636231617863814 0.000773866967392678 0.000822507301018049 0.0012129212704167 0.00034038440171571 0.00115387227560859 0.00130555545474635 0.00183637259688112 0.00115336682611087 0.00195511920246645 0.00135612670310365 0.000151800257839607 0.000999176796722168 0.00172545170717058 0.00117012657365194 0.00151899800348474 0.00137766435063895 0.00111946426172835 0.000830781197646502 0.000824328719045298 0.00031655013267482 0.000303216087468172 0.000281379972807372 0.000438419319652894 0.000345471559228372 0.000196100119467246 0.00021078543094859 0.000438196782488376 0.000170294391358539 0.00017264257246552 0.000142892039065146 0.000509994456933782 0.000168008269866959 0.000280173265437611 0.000157605864137622 0.000116475177425457 3.45464538668239e-05 2.04527512757124e-06
0.000206092909229483 0.000841691103232733 0.0277945444376219 0.00336461814003997 0.00117087773396634 0.00172301531711128 0.00115833813688369 0.00107962516940461 0.000974534025226603 0.00178608093992807 0.00129267692191206 0.00322572638833662 0.00303825587470783 0.00321202747509233 0.00331077171576908 0.000995541388329002 0.00238653489941498 0.000411058969984879 0.00065821742391563 0.000502928372043243 0.000507663686221349 0.000452171878100671 0.000747738412792387 0.00128749841351237 0.000315831273178446 0.000328603700688745 0.00029402774441678 0.000278891649179514 0.000254386876440549 0.000233815024336081 0.000211373375344692 0.000210612861854997 0.000200771236222863 0.000185001174776289 0.000175135650027869 0.000163980169645583 0.000138890573953177 0.000131464519611768 0.00014874679504544 0.000461612234471431 0.000150422731556432 6.27809465107987e-05 1.0076953136462e-05 6.47771450736911e-05
0.00331601683283225 0.00316370972941513 0.00164105998919695 0.0025942806591047 0.00242233165336074 0.00235991081572138 0.00152080830594059 0.00150029996693775 0.0010484534130228 0.00199414742310182 0.00113485206384212 0.00111154178302968 0.00189765210452606 0.00101214774585969 0.00305423423196771 0.00106352891034476 0.000880580148714216 0.000666229112175643 0.00054137471638569 0.000458488703907278 0.00068683633735418 0.000372874092465736 0.000269765028389202 0.000528133507918938 0.000319470544707201 0.000311316271279338 0.000284257336397786 0.000256278493486661 0.000245447373168872 0.000229058718343822 0.00022166917353843 0.000203538270545778 0.000195343665072301 0.00019932226018966 0.000163695187038115 0.000144583317242564 0.000131503759044449 0.00031245359362515 0.00050224067202862 0.000419426947183865 0.000183218422688469 6.61842792688105e-05 5.62512833677253e-06 4.68923187654013e-05
0.00139317762041173 0.00234561305096577 0.0936682509603794 0.00210059117089258 0.00102956332248141 0.000946202384693606 0.00314149851401453 0.00347671137060388 0.00185252144183323 0.00172815906407777 0.00106457941637927 0.000933019647891342 0.000868610575162165 0.000921022152760997 0.00277095748424472 0.000852255196878104 0.00215298755429103 0.00121228143561893 0.000542283343429517 0.000428401083536301 0.000394104541146589 0.00035828478436315 0.000341661372817725 0.00049579491901568 0.000632535261297562 0.000649706285480534 0.000632225429330901 0.000255556584352235 0.00023608918914988 0.000762027060272885 0.000153444748750076 0.000388578662949612 0.000197744351666529 0.000161659464195907 0.000128792849295678 0.000127077128209407 0.000121956394788469 0.000129933905232349 0.000157908876670376 0.000397679862675204 0.000567252781036132 7.23144020469135e-05 0.000154257275367797 8.19884718090691e-05
0.00330737070107716 0.00185643572531262 0.00431823520411854 0.00322808660566807 0.00229700254785712 0.00153763421585609 0.000974133442286984 0.000974700880578894 0.00109080691545387 0.000923509992298932 0.000845403728999372 0.000891049749225203 0.000896063509117084 0.000927908024004864 0.00134324078726422 0.00215619729951868 0.0016601600258582 0.00145537325097393 0.000885669861054339 0.00132998335666343 0.000827360976836644 0.000524378949785387 0.000318560879713914 0.000936017289018309 0.000541971193104018 0.000255731100611456 0.000243697315715963 0.000216027923733009 0.000579487772654375 0.000520785526771306 0.000164487844028827 0.000162781850369242 0.000154238327309031 0.000148198389382515 0.000137600701093277 0.000125580975571893 0.000108549919197287 0.00011191088547875 0.000157170430149733 0.000231543037349979 0.000605070859126044 0.000239647051064651 0.000157451507040207 0.000321643279679051
0.000615064898387108 0.00592857367155375 0.000720821050526865 0.000849137368231823 0.00236541749000025 0.00105255161670357 0.000933027036626299 0.00126266808292712 0.000698075897889794 0.00256326874732622 0.00095333921724432 0.00093619511126235 0.000953893464156863 0.000935209364070033 0.00112318314086224 0.000571741639805623 0.000493837280077969 0.000464252560414025 0.000403837684530117 0.000587647254133117 0.000348956214054397 5.79175384878283e-05 0.000275131550563401 0.000235147420863768 0.000218657636821717 0.0002050330139582 0.000187666775700279 0.00016638434663605 0.000164812744920084 0.000156956813853526 0.000149172696387723 0.000143680531857626 0.000133303057934597 0.000121972261810299 0.000109364255568778 0.000101079844587559 0.000112410334821789 0.000113449080694039 0.000143639910879756 0.000142916811478244 0.000204073987966069 0.000149850148496 0.0002709210702875 0.00041256702136252
