Maxent_result_files_2/B_sichelii_2.asc
NCOLS 594 
NROWS 330 
XLLCORNER -15 
YLLCORNER 23 
CELLSIZE 0.166666666666667 
NODATA_value -9999 
[rows 180 to 199 of 330, columns 396 to 439 of 594]
7.93196750125125e-06 8.50411304957888e-06 7.24833998558827e-06 7.56372194038457e-06 6.9796794558985e-06 4.77695370342257e-06 3.41197698975337e-06 2.90741837989383e-06 2.04426704343286e-06 2.17454950643958e-06 2.33789074188806e-06 2.86841435159779e-06 3.81824451315405e-06 3.48874682249978e-06 5.09079892915265e-06 6.87245284254345e-06 6.72448841214646e-06 7.97164474285461e-06 1.0753242510364e-05 1.18046934098448e-05 1.41177884169119e-05 9.64324748282675e-06 1.44872428727516e-05 1.26645015105176e-05 3.0897926443163e-05 2.95469646229729e-05 1.16795008513138e-05 1.43319370709882e-05 7.98426837770316e-05 1.63422317582485e-05 1.63896900632898e-05 1.77639983389044e-05 0.000396241759187954 3.06923004267268e-05 3.66407281394254e-05 2.99799818094582e-05 2.68402680288937e-05 2.08053224151183e-05 9.03937771282726e-06 5.81228173271997e-06 5.05638521408613e-06 3.82424894295186e-06 2.32183102591987e-06 1.17644855023302e-06
4.72716056283406e-06 9.39898734487743e-06 1.02321360518243e-05 8.59627828536658e-06 4.76561751792115e-06 7.14563521190259e-06 3.67867972578262e-06 4.37044829899591e-06 3.39773240720653e-06 1.4539206978248e-06 2.09928953809335e-06 1.73314956142256e-06 1.86996123013872e-06 3.18037371850322e-06 4.24313786960839e-06 2.40045751787044e-06 3.4301777765755e-06 3.38822775307612e-06 9.67304618949561e-06 9.174890128405e-06 9.2556202947236e-06 9.24629476339867e-06 1.5242393546222e-05 1.92068527410383e-05 2.88225978766543e-05 2.59077938291941e-05 2.19611656085306e-05 2.65202101597861e-05 2.8009031922116e-05 2.6123630940289e-05 2.80686913108563e-05 3.56246156372642e-05 6.07858508501979e-05 9.43970985871956e-05 6.24573292792641e-05 5.52083766595768e-05 3.87135361019308e-05 2.28482181295231e-05 1.62631050153683e-05 1.27781296462515e-05 8.99516619998764e-06 5.3595115771965e-06 3.48195209332047e-06 2.49651799223427e-06
3.56170890407626e-06 5.67083345841546e-06 4.58209162514933e-06 8.42921673106512e-06 5.92160274413001e-06 8.09143145859004e-06 5.7700540243899e-06 3.59287693590948e-06 2.30178383096025e-06 1.72256982758912e-06 2.7957668923384e-06 1.73709295719915e-06 1.64429838395153e-06 2.68333211470573e-06 1.72420292601227e-06 1.84089786274821e-06 4.94514188000839e-06 5.2651918126978e-06 5.10905281637664e-06 5.59506093759099e-06 1.29438653470815e-05 2.14188149558314e-05 1.83100003536274e-05 2.80901776027798e-05 3.2985312209155e-05 2.87626794204687e-05 3.53643443511631e-05 4.62248888674965e-05 2.82791371066127e-05 3.07612500460186e-05 3.21959237073788e-05 5.43707830834128e-05 8.34410963047261e-05 5.10873882470064e-05 4.11332135503373e-05 4.61764220343164e-05 4.31015811502733e-05 3.12039848376244e-05 3.2210354913631e-05 2.84459213874544e-05 1.8150024071073e-05 1.03241599049064e-05 5.89675938367229e-06 3.47887971504646e-06
5.54691389860196e-06 4.93047422619464e-06 6.73762247034304e-06 1.11215889297744e-05 1.50953211547233e-05 1.36379522592822e-05 8.34319385121241e-06 4.83552304422208e-06 5.69675263560887e-06 5.31367133846938e-06 5.8790860530733e-06 4.43920440403867e-06 4.89789527973183e-06 2.50471170800681e-06 2.55886585993625e-06 3.51315746042191e-06 5.53346430306467e-06 5.02818213079514e-06 5.721619853849e-06 9.06353227725365e-06 2.38064082227263e-05 2.98599391959531e-05 3.92922276054475e-05 3.46801499853888e-05 0.000104091456310518 2.94031432173103e-05 4.04854435122726e-05 3.67376862195234e-05 3.43807123255768e-05 0.000538670145684728 6.72781276933154e-05 8.38766426846882e-05 7.21960488455409e-05 5.11857690747686e-05 3.7219756826623e-05 4.04069382361483e-05 2.9303176424833e-05 3.28322150472515e-05 4.014191519498e-05 3.33448220360744e-05 2.66673752088442e-05 1.70163609016005e-05 8.65736960292685e-06 3.34823097309922e-06
9.24705000234782e-06 1.60096391739417e-05 1.31817780643528e-05 2.08560571309913e-05 7.51874731765079e-05 2.3554153100358e-05 1.46228782940239e-05 7.17845262701022e-06 5.99507730544291e-06 8.62989070615772e-06 1.09786520567923e-06 2.38842693767172e-07 4.87345374611259e-08 2.25946919970577e-06 2.161908020748e-06 4.08255749487774e-06 1.84731833648977e-05 7.59362712202671e-06 9.18849018157752e-06 9.49451396417e-06 3.47608795002285e-05 3.04207710986715e-05 3.35589938100456e-05 3.72090200313258e-05 4.70265287776939e-05 4.32436200917707e-05 4.31635519852591e-05 4.41807633192903e-05 4.20400177581493e-05 4.14233830498989e-05 5.3911784980043e-05 5.26943504567168e-05 5.32373871414804e-05 4.6438269651583e-05 3.46140578076359e-05 3.84077944997618e-05 3.28935291686094e-05 3.51339760914282e-05 2.89394590696435e-05 2.81584569300497e-05 2.64680248327931e-05 2.53877084772536e-05 1.25067910332843e-05 8.44520843854557e-06
1.83216021243382e-07 9.00262335790103e-09 0 9.67297723553084e-07 1.99847623353233e-05 6.84830304464867e-07 2.89159971060826e-06 9.84279819872258e-06 1.54716432518853e-06 7.38331150956784e-06 3.74907690691151e-06 4.71348912307601e-06 3.71734953635849e-06 4.6343683350103e-06 3.55340345562505e-06 6.81455372946171e-06 1.09790730215442e-05 8.56042767819476e-06 1.01296408943297e-05 1.54844156960765e-05 2.84030109912958e-05 3.84568495444881e-05 1.97693015603351e-06 4.37967606507717e-05 3.6124268242177e-05 4.0088776327063e-05 4.03909513270406e-05 4.11834592095262e-05 4.42479548940944e-05 4.18566819027077e-05 3.96986799280574e-05 3.99802893395029e-05 3.89918553551305e-05 4.21269870943486e-05 4.15611789106318e-05 3.81891390462741e-05 3.0953939771361e-05 3.76514175675746e-05 3.7397579570364e-05 3.51005029863072e-05 5.04574310902228e-06 3.38645166778395e-05 2.46215366837887e-05 1.55397133876578e-05
-9999 -9999 -9999 -9999 7.56998488213867e-06 2.79925984614238e-07 7.67083165964522e-07 1.2012665528971e-09 0 7.23882457309699e-09 3.0608259138365e-08 1.6725746641022e-07 8.4868435457075e-08 2.27870918811934e-07 5.08680575739273e-06 4.94921225585587e-06 2.54314226334484e-05 1.7406133040887e-05 8.36629201327876e-05 2.87479865539453e-05 1.95014965501672e-06 3.64486575392675e-06 0.00032158200481105 4.68068477309846e-05 4.08056001956147e-05 4.19707994637863e-05 4.54584269000247e-05 4.73586915267443e-05 5.02226148977547e-05 4.77323200598345e-05 4.59990825817935e-05 4.4225871488357e-05 4.504559321028e-05 4.62647489878676e-05 4.52020720422275e-05 4.14345122119575e-05 4.06520521156972e-05 4.8168325054998e-05 7.06546312017053e-06 3.62116116739974e-06 4.35784971029696e-05 4.24897503810251e-05 2.72358272433104e-05 1.2967240833639e-05
-9999 -9999 -9999 -9999 -9999 -9999 -9999 -9999 -9999 -9999 3.168412510135e-09 3.0877628898196e-09 1.79014766898966e-08 1.28611085490782e-05 5.11051765410553e-06 5.83485078755608e-06 3.96245740075241e-07 7.26709541656323e-06 8.32198147271423e-07 1.11323826290644e-07 0.000131274279020055 0.000147897900001004 3.09031319763897e-05 4.4559787348486e-05 4.51651211363702e-05 4.04010517532027e-05 4.3569574789426e-05 4.24859215836015e-05 4.18743802975352e-05 4.16886207737721e-05 4.38362417547467e-05 4.07574812269607e-05 4.21362868889719e-05 4.08252816930688e-05 3.90106340199314e-05 4.16307155308937e-05 4.32553945108216e-05 4.62048000986592e-05 5.55169080580842e-05 6.30885790970925e-05 5.83245358194651e-05 5.14117702440919e-05 4.1981053393314e-05 3.60275449757252e-05
-9999 -9999 -9999 -9999 -9999 -9999 -9999 -9999 -9999 -9999 -9999 -9999 1.72863330094586e-08 6.6166774199683e-07 7.13866501401705e-06 8.53943402079338e-06 2.94104017951602e-06 3.25228052148185e-06 1.34152091035844e-06 2.19344287111234e-07 1.00148235759878e-06 1.3838055692772e-06 3.30792418769765e-05 3.55935032574473e-05 4.07282173707002e-05 4.97923254373256e-05 5.17103693437382e-05 4.68246915374948e-06 2.58476166885568e-06 4.74474141478609e-05 4.66054630396062e-05 4.86406229715408e-05 4.68412989019007e-05 4.27001315443487e-05 4.84082274375908e-05 2.18270449218183e-06 6.27898553184902e-07 4.10894735018985e-06 4.88337870209521e-05 3.85464600825003e-06 5.12445663759964e-05 4.29887832018805e-05 4.68510475022388e-05 2.52330282367597e-06
-9999 -9999 -9999 -9999 -9999 -9999 -9999 -9999 -9999 -9999 -9999 -9999 3.21896719168713e-08 7.00064630709818e-08 4.4543493880056e-07 6.07615631165181e-07 8.05393762726148e-07 1.52865285718562e-06 0.000181968157860235 0.000188807162761617 3.41350739706647e-05 3.29867403774164e-05 3.23001497567477e-05 7.73612203708307e-07 3.53872125060661e-06 2.64976001441708e-06 3.71820416797952e-06 6.71333052611467e-05 6.13071153269695e-05 5.02393857269245e-05 4.85928009868242e-05 6.05445786256209e-05 0.000613632247300455 7.57951438351889e-05 7.49574882905613e-05 8.23662000541736e-05 7.1617876158192e-05 6.92965898421161e-05 7.03739290527694e-05 6.27754563871319e-05 5.42882840775527e-05 5.12864178846773e-05 5.23297405898848e-05 4.56068634971385e-05
-9999 -9999 -9999 -9999 -9999 -9999 -9999 -9999 -9999 -9999 -9999 -9999 3.05156470137291e-07 8.05713806673047e-08 2.00376486392262e-07 1.81210115643871e-05 0.000143480915521399 1.07578904372518e-06 3.72923040615758e-05 3.8403147713062e-05 2.65305173718922e-08 1.32464873852101e-06 3.80191385355166e-05 2.96594233090031e-05 4.25248773975651e-05 5.12763138657779e-05 1.24255284390529e-05 5.56782609564599e-05 5.52119614837587e-05 5.56145524582607e-05 6.64891327934569e-05 7.60021117494403e-05 7.33228297892907e-05 7.41908292089866e-05 7.53803429905386e-05 7.97375918928811e-05 8.10805803480919e-05 7.15463812428041e-05 6.73660526011699e-05 5.6235366251034e-05 6.1091733859564e-05 5.65101049198047e-05 5.44918191061616e-05 5.1766622277527e-05
-9999 -9999 -9999 -9999 -9999 -9999 -9999 -9999 -9999 -9999 -9999 1.31840681660833e-07 2.39269907281736e-06 2.50546279112474e-07 4.86210892863825e-05 0.000187509365682648 4.7072281989391e-05 3.09864984452846e-05 3.13173048216542e-05 5.67291103834577e-06 1.08095284748755e-06 1.09084558088668e-06 3.00460960716009e-06 5.05282113960615e-05 1.08627327169986e-06 8.31385528199391e-08 9.0096912164217e-08 0.000630162265761547 6.20510928115658e-05 6.08313275587746e-05 2.66110756739213e-06 4.18052649013845e-06 5.59515256171039e-06 8.7275402573328e-05 8.77066153706418e-05 8.85093069093679e-05 7.8587824029408e-05 6.86844743353454e-05 5.815829075978e-05 5.97250818179074e-05 5.09785822963904e-05 6.14215658894524e-05 6.48198679980783e-05 7.02509209119961e-05
-9999 -9999 -9999 -9999 -9999 -9999 -9999 -9999 -9999 -9999 -9999 1.74326246887846e-06 3.78064427963842e-07 7.78929629907665e-07 1.10399504694714e-06 1.12645481805673e-06 6.46078971022757e-07 4.92313247377751e-06 4.23602853443672e-05 4.60946585411071e-05 4.64986393511113e-05 4.33355730229956e-05 4.39611139557594e-05 3.67153270119935e-08 6.24438097229785e-08 2.11443015496471e-07 1.73830584793144e-06 0.000647992302985212 1.2710283947559e-07 7.15689261483576e-05 2.46192049468963e-06 1.76165597431943e-07 1.34256604795713e-06 2.32304523410942e-06 7.90230261110581e-05 0.000964424013713527 0.00094201966270111 2.66378339675022e-07 7.24808089758278e-05 2.7404161429101e-06 8.07000643010536e-07 7.50160638609221e-05 7.46354727861997e-05 7.88809839575411e-05
-9999 -9999 -9999 -9999 -9999 -9999 -9999 -9999 -9999 -9999 -9999 5.06360632157588e-07 1.44057001127962e-07 2.18218449643537e-08 1.56272974628502e-06 1.34844242816179e-07 1.4975249273963e-08 2.74705497238514e-09 1.05912933301422e-07 9.85922077312296e-09 9.87366678906199e-07 1.03485783032875e-06 5.32651805784656e-07 2.01418856038416e-08 3.78792065491851e-09 1.29831536632707e-08 4.0630041979739e-07 8.53063701761747e-05 8.39072444727917e-05 8.24120577226251e-05 1.32773624619276e-06 6.78124664277302e-07 1.99800873112999e-06 1.40924787426222e-06 9.10762836916046e-05 1.21759356477291e-06 2.73842565234883e-07 1.03073021624489e-06 9.27288377011948e-05 3.6222916476536e-06 5.19703336399058e-07 9.77145833752191e-05 9.06863293715587e-05 9.42304271630334e-05
-9999 -9999 -9999 -9999 -9999 -9999 -9999 -9999 -9999 -9999 -9999 1.72293648648125e-07 3.57887435575854e-08 1.84276357284574e-08 3.64121128804129e-09 1.34736189760787e-08 5.37115441012759e-10 1.71080594135731e-11 5.97517957334759e-10 2.21622498131069e-11 9.96320859147914e-10 1.43979427047469e-08 9.6468591426202e-08 8.47176042952924e-06 3.65198882468221e-08 1.28815553779305e-09 3.8345717368049e-08 1.1915183796507e-06 4.59842962774459e-07 1.5792704010531e-06 7.26907084947159e-05 6.61474055976274e-05 2.2944215126719e-07 1.04620673846423e-07 7.329683073376e-07 3.09243586300578e-06 7.8241947643054e-08 6.17662226476412e-08 2.35881665255899e-07 4.0604884236406e-06 0.000105194425988131 0.000101668716501668 0.000106311151151595 0.000108063250032409
-9999 -9999 -9999 -9999 1.06832550694769e-08 -9999 -9999 -9999 4.22736475824692e-09 1.7532086837857e-08 5.61681611777054e-08 1.19066673656132e-06 1.96619693959565e-07 1.60781285507561e-08 1.60588672359907e-09 9.01350786230992e-09 5.37990496596308e-10 2.76518363762079e-11 2.94363652342255e-09 1.75152686798796e-09 1.77260983669214e-11 5.39653666198347e-10 3.17907227764813e-08 3.48123649587251e-06 4.05294997563033e-09 1.32946305075876e-09 5.39894009332631e-07 2.24209972887746e-07 1.65146741604172e-07 2.74383215259633e-08 5.64110507195181e-08 7.84165930634018e-08 4.48240850992043e-08 2.62097202530232e-07 2.69688892129416e-07 1.07451852757734e-06 4.06595224398121e-06 8.01945047005481e-05 0.00011284993496834 8.37770392555282e-05 0.000112456811044526 0.000111433762527946 0.000110200994632492 0.000110137681746059
-9999 -9999 8.80161642236032e-08 2.4158828382248e-09 5.82433545837091e-11 4.30997126876775e-11 1.96483400438652e-08 2.69293933663484e-07 1.24761721209676e-07 1.73437869022131e-07 1.15975149261871e-08 3.70060064813771e-09 3.71671384780115e-09 1.97282185032677e-09 2.31121720650762e-09 7.54416095150035e-09 1.14269321782601e-09 3.49041906488878e-11 2.63091559649098e-09 3.78650815946457e-07 1.00601327268635e-10 1.5371792727592e-11 6.33652019743636e-11 4.48435077959886e-09 1.2323634779321e-09 3.86492948756256e-11 3.93602176407271e-09 1.45577648824613e-08 1.21411303233288e-09 4.52790671623404e-10 5.07730238963333e-09 6.79611812381964e-09 3.09056571445865e-09 6.05812935927652e-07 0.00084506494852864 0.000127204887181409 0.000129321143686989 0.000124213150112584 0.000120601703180512 3.86966821664947e-06 0.000121151767437888 0.000116120322082902 0.000114127574967404 0.000120325269895594
-9999 1.46784913324094e-07 1.66414396374215e-08 1.22436127902859e-10 3.26463733824056e-10 2.62338014644925e-09 4.15560942435e-08 6.07974045629955e-07 2.72075166829477e-07 5.5250415346153e-07 4.51760110575794e-07 4.61711892940642e-08 4.82399621026808e-08 4.08277830932224e-07 2.35736432008249e-07 1.21474421754808e-07 6.14923472141982e-09 1.60372151780663e-08 3.22692153531534e-07 1.67485939261969e-07 3.57536400485969e-09 4.33850599890206e-10 1.87265382090018e-09 2.36796378727533e-08 6.16166471179014e-09 6.96881191641907e-09 1.29641125534707e-07 4.85516864601188e-08 1.29849797581016e-09 1.41567976230661e-09 3.08305759477712e-08 3.87936164858438e-08 2.04090774635901e-07 1.28244579928882e-06 0.000132763051487994 3.45624546208567e-06 0.000145512743603771 1.98224543055403e-05 8.52090510322756e-05 8.31252822551809e-05 8.1216361877523e-06 0.000126994036093997 3.50306707165293e-06 2.37083088923118e-06
6.40442832000598e-07 4.80679145054008e-07 6.56611100124937e-07 1.00570171674974e-06 3.79232923342077e-07 2.47371808514973e-07 2.09578595811166e-08 2.53380289416683e-08 1.46615970375574e-07 8.19992107548018e-10 4.60975702054611e-11 3.95521287943623e-09 5.3451781589775e-08 1.48061883304962e-06 3.02706947397091e-08 7.59480144552072e-08 1.41769924363322e-06 1.23883179785622e-06 3.87803048451651e-08 3.54371276767296e-09 1.50294931389183e-08 1.45670785478558e-07 1.01815982050946e-06 2.27412029862872e-07 1.38902998103596e-08 2.79621484855497e-08 1.49949825223317e-08 7.37229497893566e-08 8.7005389337591e-09 6.1485023183927e-09 1.20730435204663e-08 7.62859630143442e-07 2.30085412108449e-06 4.98681791449851e-07 4.87197318155275e-06 2.95092705077105e-06 1.34465652906757e-06 1.1682979567551e-06 7.63031210770926e-08 6.44389719028915e-08 1.34267277606126e-06 9.69684775775637e-07 0.000146932385348653 2.35117132340035e-06
-9999 3.24616978164549e-07 6.01235420549795e-07 3.88427745943165e-06 5.13426567805286e-07 1.53813901870858e-07 3.60486448025554e-08 2.99484484989065e-09 3.12605663577159e-10 1.71206544496982e-09 7.19820647532288e-11 3.11861503288213e-09 2.8211803415612e-08 1.18121623171596e-07 3.11074472847395e-07 1.39920004615934e-07 0.000223110338748655 0.000194419097646725 1.85916793270735e-05 0.000149501486578063 5.56931052424714e-05 4.84228857122737e-07 3.58671804323585e-07 1.50647948258253e-06 3.20354020578728e-06 5.71579515495912e-08 2.25235564643711e-09 8.84094231157206e-10 9.91423910634559e-08 2.68692282112681e-07 4.82791371325675e-09 1.157125628648e-09 1.42232968836087e-07 0.000137457545884601 2.51943556824896e-06 3.20845602330699e-07 1.65299137266928e-08 1.41068143633127e-07 9.8271808468553e-10 3.91335297500461e-11 1.03460566780456e-09 1.79618528939329e-09 4.99836946388221e-08 6.44573549570815e-06
