Maxent_result_files_2/B_sichelii_3.asc
NCOLS 594 
NROWS 330 
XLLCORNER -15 
YLLCORNER 23 
CELLSIZE 0.166666666666667 
NODATA_value -9999 
[rows 144 to 167 of 330, columns 440 to 494 of 594]
5.89949866736106e-10 3.46108317899052e-06 0 0 0 0 0 0 0 0 0 0 0 0 0 0 0 0 0 0 0 0 0 0 0 0 0 0 0 0 0 0 0 0 0 0 5.55111512312578e-16 1.30161899036807e-09 0 0 0 0 0 0 0 0 0 0 0 0 0 0 0 0 0
9.36659271246754e-06 1.50006673749203e-12 0 0 0 0 0 0 0 0 7.48692229990411e-08 0.0486480684718118 0 0 0 0 0 0 0 0 0 0 0 0 0 0 0 0 0 0 0 0 1.01252339845814e-14 1.88737914186277e-16 0 0 0 5.90638649100583e-15 3.63889740562229e-10 0 7.81485987033648e-14 0 0 0 0 0 0 0 3.33066907387547e-17 0 0 0 0 0 0
1.00660799944308e-06 0 0 0 0 0 0 0 0 0 0 0 0 0 0 0 0 0 0 0 0 0 0 0 0 0 0 0 0 0 0 0 0 9.16375597626029e-10 0 0 0 0 6.66133814775094e-17 0 4.60928539780525e-09 0 0 0 0 0 0 3.33066907387547e-17 0 0 0 0 0 0 0
0 0 0 0 0 0 0 0 0 0 0 0 0 0 0 0 0 0 0 0 0 0 5.55111512312578e-17 4.44089209850063e-17 0 0 1.11022302462516e-17 0 7.98328070317211e-13 0 0 0 0 5.10469444492401e-13 0 0 0 0 3.33066907387547e-17 4.23834671892109e-07 3.45198891693599e-10 1.11022302462516e-17 0 0 0 0 0 0 0 0 0 0 0 0 0
0 0 0 0 0 0 0 0 0 0 0 0 0 0 0 0 0 0 0 0 2.22044604925031e-17 3.96349619791181e-15 2.86178858388553e-12 2.26085816734667e-12 0 0 0 4.3719472486714e-13 0 0 2.1316282072803e-15 3.61266572213026e-14 1.04616315610428e-13 0 3.2085445411667e-15 7.72062191956024e-11 4.94049245958195e-15 1.24379062604874e-11 0 1.13642045107554e-08 0 1.19670939824346e-13 0 0 0 0 0 0 0 0 0 0 0 0 0
0 0 0 0 0 0 0 0 0 0 0 0 0 0 0 0 0 0 3.77475828372553e-16 7.35944638563524e-13 5.99520433297585e-16 1.30195854097792e-13 2.88657986402541e-16 0 0 1.21735954650148e-13 3.33066907387547e-17 4.06119582407882e-14 0 0 5.56721513333969e-10 1.73698158079105e-09 8.12994205290352e-10 1.79688897095076e-10 6.91215518600075e-08 5.76649838990306e-14 1.59289248458094e-12 8.38319813567523e-10 1.17082548101166e-09 1.97143945115386e-06 1.48490448736993e-07 5.97966121063109e-14 0 0 0 0 0 0 0 0 0 0 0 0 0
0 0 0 0 0 0 0 0 0 0 0 0 0 2.22044604925031e-16 1.30828681221828e-13 2.05391259555654e-15 0 1.77635683940025e-16 0 6.41893205255428e-11 0 0 0 7.7715611723761e-17 1.65449876021739e-12 3.31956684362922e-15 3.99680288865056e-16 4.48453718604469e-11 1.0508705017287e-12 0 0 4.32986979603811e-16 7.72747754673731e-11 2.93364337267121e-07 2.33171795116505e-07 3.16957127211026e-09 1.27324994991795e-07 2.65311106417698e-11 1.75285230774591e-11 1.51324957187171e-07 4.9263949364331e-09 3.06974334307597e-07 0 0 0 0 0 0 0 0 0 0 0 0 0
0 0 0 0 0 0 0 0 0 0 0 0 0 5.55111512312578e-17 0 0 2.22044604925031e-17 1.51434531581174e-11 0 1.03434969787486e-05 4.67372718304659e-10 7.15916215199286e-13 5.19959719724739e-10 6.03525007747407e-12 5.85659298835139e-12 1.28246646635688e-10 1.02107322597078e-11 4.40619762898109e-12 5.55111512312578e-17 2.12295558910114e-10 2.8186231126881e-12 2.13631346923648e-07 2.42929218075005e-06 1.00499676136678e-07 1.30587602598098e-07 9.97571021343901e-09 1.1664429848679e-07 1.15559523692355e-06 2.08341248253419e-07 0 2.89365762000671e-06 2.91598345469879e-10 0 0 0 0 0 0 0 0 0 0 0 0 0
0 0 0 0 0 0 0 1.11022302462516e-17 1.93955962402015e-14 0 1.22124532708767e-16 1.98808747242651e-12 6.21724893790088e-15 3.28626015289046e-15 6.47334807979405e-10 1.06703534896724e-13 1.72182268443066e-12 3.73956421384491e-13 5.65547608744055e-14 0 0 5.74433722810852e-11 1.10064229374984e-06 1.2535895621113e-06 3.41902523359749e-06 1.00446326541714e-05 3.03880796082012e-09 0 2.16733482716336e-08 1.19503533824172e-07 2.25025519284827e-07 4.04993123481745e-09 3.55244922367604e-10 8.78198625287041e-07 2.69512474915246e-07 2.68597977992613e-07 1.71132762716297e-07 1.48808817357349e-07 4.7190756049531e-07 4.0705860904211e-11 1.60674806792827e-12 1.4835910278066e-12 5.88973314563646e-14 1.11022302462516e-17 0 0 0 0 0 0 0 0 0 0 0
0 0 0 0 1.36557432028894e-15 0 0 0 2.22044604925031e-17 8.43769498715119e-16 0 0 1.28830279777503e-13 7.39519556702817e-14 3.52248674673206e-11 8.55476800509791e-12 9.08113140241085e-10 7.56254703304648e-10 4.09915834609365e-10 5.40645306301712e-13 9.68178574112244e-07 8.60262480273377e-07 0 6.76138597555109e-08 1.21902505867411e-09 0 0 1.72041492163544e-09 3.79465177502425e-07 1.633180090721e-07 2.29060833589756e-07 6.81397160917641e-10 1.67748943624701e-09 9.38127353578011e-12 8.21798074035485e-11 6.55445837765001e-06 3.72270733350888e-07 8.620031621831e-08 2.05003470910015e-07 3.44169137633799e-16 1.78321357680034e-11 0 1.33226762955019e-16 0 0 0 0 0 0 0 5.19184695235708e-13 0 0 0 0
0 0 7.7715611723761e-17 3.94217991583901e-13 1.36575799558614e-09 8.11145706158811e-11 1.16262555138746e-13 6.19115869682219e-13 4.85555595730602e-10 1.63206237413505e-10 1.22124532708767e-16 1.70197189675036e-13 2.60142893893089e-09 4.75413935419056e-07 6.5367423474072e-09 1.11139263026416e-05 2.06020213227021e-06 9.61694877332775e-07 1.09059164969949e-06 3.19002174364869e-07 4.91135397169273e-06 8.63800141814863e-07 4.92766639581532e-07 6.00695921093575e-07 7.34529658075189e-07 7.66271205066005e-07 3.22700475408055e-07 3.0003488973307e-07 2.48064293373318e-07 2.7535390927369e-07 3.296446720924e-07 3.10129871650133e-07 1.62639321388269e-07 1.98895827452361e-07 1.01115551842668e-07 1.02480703390029e-07 6.5497084733579e-08 1.96421706277761e-07 9.98380301098223e-08 2.02563636975128e-09 2.95563573615709e-13 6.49480469405717e-15 0 0 0 0 0 0 8.65864047128184e-12 9.79919145827068e-11 0 0 0 0 0
0 3.23074900165921e-15 0 3.41260310960934e-06 5.41685096777655e-10 7.01367844158085e-07 4.11718410475714e-09 2.57038070827775e-09 1.49305815284606e-06 2.34196886594873e-07 1.36404247896849e-09 3.00735900964355e-06 1.23614399853977e-06 2.13826806430006e-06 1.30074558910565e-06 1.8235692550661e-06 1.82001767825568e-06 0 9.55889481701888e-07 6.05669447395485e-07 6.67062295178766e-07 5.78019671593211e-07 8.24635662866058e-07 4.66806932308828e-07 9.74083104665624e-07 3.65703090210445e-07 3.01638124255987e-07 2.66039569396526e-07 2.3199334009405e-07 1.94183371604595e-07 1.6390558812418e-07 1.54013980591117e-07 1.45480305491219e-07 1.22074823138973e-07 1.30911314499826e-07 1.02287538084056e-07 6.89917669660645e-08 6.66205494326277e-08 8.63954369378917e-08 3.91325556847733e-07 2.15970574757307e-12 4.44089209850063e-17 0 3.33066907387547e-17 1.99840144432528e-16 9.40691968764895e-14 1.90436555413953e-13 1.67950431340103e-11 3.13638004456607e-13 3.31821392585141e-10 0 0 0 0 0
1.19529568110011e-06 4.47935144620715e-07 1.13060769635354e-09 2.90785155812046e-06 2.67296163656283e-06 5.83052460569888e-06 2.0690215023933e-06 2.16131775232498e-06 1.9906781744794e-06 2.97670285362983e-06 2.03530107683036e-06 1.91227209143108e-06 2.56333587458357e-06 1.71312076417962e-06 2.24108443944715e-06 2.32707607210614e-06 1.85357348527759e-06 1.10423234218615e-06 7.03526075085392e-07 5.24964525538962e-07 6.40991538602975e-07 4.56565339845838e-07 9.28010024381365e-09 4.71650491817854e-07 3.48289881912933e-07 3.23617973663204e-07 2.68069561570883e-07 2.33688251682906e-07 2.15976365325332e-07 1.90933860721998e-07 1.7416634818801e-07 1.64151254011813e-07 1.59061357862811e-07 1.7221012740265e-07 1.20180175144924e-07 8.16695887806418e-08 6.21750530171994e-08 9.32665614072903e-08 7.92195407939289e-08 3.42535963682167e-07 1.33475884922518e-07 9.99200722162641e-17 0 1.11022302462516e-17 0 0 0 7.30519089664483e-11 5.39266293344554e-06 2.99401281544931e-11 1.26373134179403e-11 4.08900691084568e-12 1.11022302462516e-17 9.66338120633736e-14 9.5501384578256e-14
3.37739836098194e-12 1.7434290100482e-08 0 4.07365878345445e-06 2.00351223611506e-06 1.64594148372998e-06 2.27770360652357e-06 1.14587492134888e-06 3.51376365870237e-06 3.1003979529487e-06 2.18834975385107e-06 1.66847239597701e-06 1.39807452796958e-06 1.55642737809103e-06 2.04455172934104e-06 1.58407128765248e-06 1.4960799489927e-06 1.62375326908659e-06 8.25815004645847e-07 4.79270374853513e-07 3.88813577956171e-07 3.95372717321152e-07 3.68238261216902e-07 3.98848078475567e-07 3.97353323933203e-06 3.95769075112185e-07 3.48316780218738e-07 1.9443461951596e-07 1.65617450420541e-07 1.03016907360143e-07 5.38857847232066e-12 1.18526768346783e-06 1.55262421230873e-07 1.27919770420704e-07 7.44983481126837e-08 7.24172309674032e-08 6.6112971808252e-08 6.97392863457935e-08 1.06977972791356e-07 2.10557618629537e-07 1.87897501291445e-07 2.44249065417534e-16 2.92424973125094e-12 5.99520433297585e-16 0 9.14268660778816e-14 1.92201810023107e-13 8.75450290038771e-10 1.5649015949748e-07 2.4956971174106e-06 5.20848253415807e-11 9.32587340685132e-16 5.29838395380011e-12 3.33066907387547e-17 1.82466891374133e-08
1.69716950040311e-06 2.87024199963071e-09 1.6020807379391e-06 6.69924702378921e-07 2.11041024158476e-06 1.91865856322693e-06 1.66432782862103e-06 2.00388021767139e-06 2.68683343165321e-06 1.89906277228147e-06 1.6170271919691e-06 1.81141149369068e-06 1.75789373315638e-06 1.964598595805e-06 2.27611963055097e-06 9.22201979847159e-07 3.75397280549805e-07 9.14211705094203e-07 1.08284120869939e-06 3.26464760291856e-07 5.70529755350435e-07 4.41047268395778e-07 2.98806412502017e-07 1.34221318148775e-07 3.15752149617765e-06 2.25924009100709e-07 1.84645909939718e-07 1.59752073614072e-07 1.54755935000139e-07 1.42499425237474e-07 1.14557087727007e-07 1.09524194158439e-07 1.03458512512589e-07 1.00492684396158e-07 7.8557690130765e-08 6.82491361203574e-08 6.05349271154409e-08 6.72160126669041e-08 1.11665099211677e-07 1.85075403891233e-09 6.96911797604116e-08 2.48584797191143e-09 1.37046307635558e-10 1.08281903976604e-07 7.70127655869146e-08 1.359666490508e-10 1.54831703014224e-12 3.26956092067121e-07 1.97773920262989e-07 4.05592254537623e-07 2.53920404702512e-09 1.36946039219765e-07 1.82153137018304e-09 1.36390340799153e-08 7.15482117996658e-11
1.94041462009409e-08 1.95187421923038e-06 1.1043055359039e-12 1.20120251523304e-09 5.76175043534022e-06 1.93981541087851e-06 1.62915839609923e-06 1.7199932699441e-06 1.12070492832572e-06 1.34858173623797e-06 5.68017455293557e-10 2.16236421692884e-06 2.08589881367516e-06 2.16990447370335e-06 1.63431141118053e-06 9.51818037719931e-07 7.64844480727334e-07 6.9659176915593e-07 5.84504277867381e-07 5.85020507060108e-07 3.84124996344326e-07 8.39239788774648e-09 2.89992840407649e-07 1.94733797798108e-07 1.90212176676141e-07 1.82388350822293e-07 1.63919332862861e-07 1.27484031509084e-07 1.21685741305555e-07 1.17724380288564e-07 1.02750402675156e-07 1.07141181615589e-07 9.35644891342235e-08 8.48105003115052e-08 6.5011073502319e-08 5.56267195861437e-08 8.32446971799072e-08 7.57413829433062e-08 1.03760453384893e-07 9.75894295152102e-08 1.16264538974065e-07 1.17708293601027e-07 2.06676213565515e-07 1.6011435945984e-06 1.39921696451495e-10 1.26211263662412e-10 1.82960624428574e-10 2.11593101084873e-07 7.65521804169111e-08 2.55336999543943e-07 3.47368359143729e-07 5.82739723142822e-09 2.54193628279609e-07 6.32506134934374e-07 4.62823527414002e-07
3.03224987874273e-07 1.33996067575026e-09 4.86016782375032e-12 1.25816557172698e-09 4.28349958383478e-06 9.0514013209031e-07 1.11570843728259e-06 1.09875663838466e-06 1.0254411790811e-06 1.47056198329665e-06 1.59512910613557e-06 1.54731042130152e-06 1.6189658708754e-06 1.9800778318313e-06 6.16533588981838e-07 7.76392607804155e-07 8.91573472472373e-07 6.51997561362805e-07 6.54215591566754e-07 4.90612956127734e-07 3.84397162633832e-07 3.16326759275398e-07 2.20281208385131e-07 5.23310859534831e-08 1.60503100232745e-07 1.47337698308547e-07 1.09397421965696e-07 1.05178924059146e-07 1.17726881398994e-07 1.21059667890222e-07 1.29295506212657e-07 1.23376094052219e-07 9.75512080003682e-08 1.04457114957768e-07 8.85294014096871e-08 3.93488846839318e-08 4.27295361760116e-08 5.31489433797105e-08 7.5832906532014e-08 7.52415189708699e-08 7.67192148032336e-08 1.06774962205236e-07 1.22744211239478e-07 2.46111244450731e-07 3.00109713862184e-06 1.9225431913128e-09 9.75343482423341e-07 1.19074305970912e-11 8.41703410969785e-08 2.58723002843908e-07 3.10364794131601e-07 3.57926728611346e-06 5.91154947215955e-10 8.03424082818083e-10 2.10590351343853e-06
3.62950049748179e-06 2.70952059509e-06 1.76585053850431e-06 4.1492462514725e-07 6.76570971336332e-07 9.14961492526345e-07 1.75986151589314e-06 1.67235866683768e-06 1.7381644283887e-06 2.7624028007267e-06 1.64550401677843e-06 1.21813209261745e-06 1.17196341307135e-06 1.23027675726917e-06 1.06674660855788e-06 0 6.74947432344197e-07 7.02649958839174e-07 5.53426298210979e-07 3.96362520405091e-07 3.15798888550489e-07 2.71743169832916e-07 1.88261481071095e-07 1.30837565848196e-07 1.16778721803712e-07 1.12037639610207e-07 1.19534399800614e-07 1.4714527196702e-07 1.66104587151494e-07 1.5427848438776e-07 1.27140731365216e-07 1.23313884614618e-07 1.11181168449548e-07 7.33167212274566e-08 6.05188176905358e-08 5.05427749430964e-08 3.4973817264472e-08 2.92439239046871e-08 2.1508380996238e-07 4.53086130391966e-08 4.87861143483315e-08 7.59793806537345e-08 1.02919489108899e-07 1.60759782374953e-07 2.23099368668045e-07 6.49248610429254e-10 4.69864325225444e-10 1.89847035869661e-09 4.60875571661745e-07 2.18101092741563e-12 8.24071366700707e-11 2.94646861220826e-07 1.94840376934735e-06 1.53158034663647e-06 1.66341851581819e-07
3.52701172232628e-06 4.47807615273632e-06 1.66962727234932e-06 9.40585232456215e-07 7.92688751971582e-07 8.21490630187327e-07 7.75386797613464e-07 9.02911142475205e-07 1.30807202367578e-06 2.23779697989812e-06 1.84106138476636e-06 1.6173147741938e-06 1.17253566713771e-06 8.96940127859125e-07 9.69926713878522e-07 1.08294352685334e-06 7.36276524548884e-07 4.35708898294251e-07 3.3353608159814e-07 4.04571846956969e-07 2.74282524515002e-07 1.88452054317167e-07 1.16712556064158e-07 1.26473867112509e-07 1.29264435599907e-07 1.38464667998051e-07 1.53960081661353e-07 1.27656755921635e-07 9.20948593829962e-08 9.8924363101105e-08 1.39664621201518e-07 1.28672627397464e-07 8.73009241786349e-08 6.11014513651753e-08 4.83407745832665e-08 4.40446342508949e-08 3.50755868794295e-08 2.93155096642295e-08 3.59833649099528e-08 4.87164925289107e-08 5.97144662606297e-08 9.20500440315664e-08 1.62994388119841e-07 1.95365646504797e-07 2.76834657597647e-07 1.13768635401357e-07 1.54425742948661e-06 2.74246181319882e-12 2.46681564064488e-12 4.05231403988182e-15 3.77697872977478e-14 1.34062032586257e-09 4.16781831269475e-11 1.9549431726773e-07 3.04625609715004e-07
1.43122611916624e-05 3.53718605765607e-06 1.56196892930893e-06 1.13556616270216e-06 8.80474817677168e-07 1.05533636087785e-06 8.13591032056138e-07 8.40701795823406e-07 1.11328936327482e-06 1.4319974980026e-06 1.88795329449931e-06 1.58994807861745e-06 9.15675445867237e-07 6.79705544825993e-07 8.54344489198411e-07 1.83232041308656e-06 5.41276085641584e-07 3.47839431924513e-07 3.49930155607581e-07 2.93184189104068e-07 2.01751117856475e-07 1.34428239562112e-07 9.05922377114621e-08 9.85763108474202e-08 7.82669133059244e-08 7.16094177732884e-08 1.07935159121553e-07 1.22776543776126e-07 6.66056450882024e-08 6.5588892539381e-08 9.48275953760458e-08 6.75654121096159e-08 6.3237001768357e-08 6.16952661403047e-08 5.10701795519708e-08 3.39008863647905e-08 2.0467467720664e-08 3.02814356700765e-08 2.69198920932467e-08 3.28385539205556e-08 3.87355356679109e-08 6.26578923856869e-08 8.79781509866007e-08 1.46981813031744e-07 2.79254891211167e-07 1.9867741229973e-07 9.30753230932169e-07 1.54963015575049e-07 9.69045732546192e-11 3.49523743281566e-12 7.44582173695108e-13 5.08858538523782e-06 6.62000638840254e-07 5.22958862347878e-07 2.77835177087127e-09
7.48791062505916e-06 2.78581028396729e-06 1.31877932290081e-06 8.34991988085676e-07 9.33472438191529e-07 1.29618156279321e-06 1.37601646201801e-06 1.20135100587504e-06 1.23924082799931e-06 1.66468344104942e-06 1.17413319458137e-06 8.82649601408048e-07 8.93437118065776e-07 6.3809329731157e-07 4.74013995699352e-07 4.96980010211701e-07 3.46386036653712e-07 2.39979067373497e-07 3.30784200741618e-07 1.9580552361731e-07 1.29694524275692e-07 1.05411163531244e-07 8.05851357199572e-08 5.22481968801003e-08 4.46782280505431e-08 4.43663424221086e-08 5.91226694268698e-08 6.35539095128479e-08 4.51416497071477e-08 4.22388922061145e-08 7.28362124391424e-08 4.31269825185154e-08 3.59028632601621e-08 4.94283312946209e-08 2.77461708719784e-08 2.68584329887744e-08 1.80405820060514e-08 1.98119664673868e-08 4.78126537473145e-08 3.20483081850398e-08 3.05607187556234e-08 5.62914237889345e-08 1.24137659440748e-07 9.67019445852202e-08 6.56392785458593e-08 1.59597868787387e-07 2.4418184239039e-07 2.89863783109467e-07 2.77417620964115e-06 6.36157793110215e-15 4.0878799723032e-08 2.19768262468278e-06 5.54030702915043e-07 4.43709677711013e-07 4.68202370029758e-07
7.40180336062934e-06 3.95328061131295e-06 2.56188723142259e-06 1.13409878395032e-06 8.61761509440839e-07 1.26025388453854e-06 1.07016958281747e-06 9.39798974286532e-07 7.61243700253544e-07 6.15780891166651e-07 5.27978136233287e-07 5.17025364388246e-07 3.66201220458606e-07 2.8948932140338e-07 2.69161432697729e-07 2.49164918386668e-07 3.31709475176467e-07 1.82226199285651e-07 1.82170299467543e-07 1.20797915315052e-07 9.64903961175878e-08 8.3921128180009e-08 6.54010193557042e-08 4.13607295968177e-08 3.39522614467569e-08 3.36907334030911e-08 3.44142506492062e-08 3.59521578729982e-08 2.79154164672946e-08 3.16587517090738e-08 3.90978158293365e-08 2.60326174839065e-08 2.66946926785749e-08 2.66429822204373e-08 6.98665246545715e-08 8.30480395563882e-10 1.42253497870115e-08 1.40103963985894e-08 4.11880790807118e-08 2.5402428605048e-08 4.99780185236887e-08 5.85386771945196e-08 5.07185916376329e-08 2.39282542224828e-08 5.17169041813759e-08 9.42237420531455e-08 1.87221371561463e-07 3.16608225148229e-07 5.30831084688543e-07 5.43958094567643e-07 2.18151471926831e-06 4.63852620669059e-07 6.06259072810644e-07 8.66530353960115e-07 4.67260542791337e-07
9.35531221330166e-05 4.23799538774583e-06 2.01862367248395e-06 1.53243618115084e-06 9.33278715820052e-07 1.29146137624048e-06 9.69553002505563e-07 6.62068896417622e-07 5.42250427315594e-07 3.88110311178025e-07 2.69714632850082e-07 3.28361466017668e-07 2.74127182819939e-07 2.18833474718849e-07 2.16572698263917e-07 1.52675056597218e-07 1.32107595618436e-07 1.34047536448634e-07 1.01788714346185e-07 9.46129944168206e-08 9.29311340769345e-08 6.01129556798696e-08 4.35381821262126e-08 3.53982471779091e-08 3.05934861444257e-08 2.43399369992403e-08 2.63357492258365e-08 2.81079962860531e-08 2.2686008094297e-08 2.73300798880882e-08 2.53349810463988e-08 1.60954172656602e-08 1.42584880791219e-08 1.6800564139885e-08 4.97531914334104e-08 2.41122762645318e-08 9.6088157874874e-09 1.21379486017759e-08 1.46050638250017e-08 2.0693605051747e-08 1.92921447705885e-08 2.74817153922413e-08 8.77151933309506e-08 3.69557824342337e-08 1.48204242123029e-07 1.60161016538041e-07 2.14409533327853e-07 3.76712182514893e-07 4.8160277401621e-07 7.57356747271842e-07 8.96900473890128e-07 4.38097777077928e-07 2.49308086495148e-06 8.64818321133498e-07 5.76768388782512e-07
4.51971465031953e-06 2.49852225279179e-06 2.78016287169613e-06 2.53189151408151e-05 9.66372863331344e-07 1.53451383084757e-06 1.06668412627187e-06 7.59905560698826e-07 6.61197464069119e-07 3.89687966162455e-07 2.39346331909474e-07 1.7631853097555e-07 1.79866742655577e-07 1.56391570271808e-07 1.29522834413365e-07 1.1896185014848e-07 1.01974762856116e-07 1.02802425772097e-07 8.8762084260452e-08 6.53648157822317e-08 4.38120309809165e-08 2.91329001811391e-08 2.36717738744119e-08 2.27800597940586e-08 2.20453458155134e-08 2.08197675988231e-08 1.61284035016251e-08 1.64939550018062e-08 1.77884260210703e-08 1.82668728143653e-08 1.63463553803922e-08 1.20523964142194e-08 1.01490876147636e-08 1.00566829530635e-08 2.82770884041383e-08 9.28038659253616e-09 8.59390993923626e-09 1.66083580666054e-08 1.85181576739524e-08 8.52793391459272e-08 9.37815491930394e-11 6.70023212023807e-08 2.50433117798821e-08 4.98254905778595e-08 1.42080739351513e-07 1.90722528259357e-07 3.13618033942475e-07 5.1355204959691e-07 6.44432520857663e-07 8.67344715516083e-07 1.15544680738822e-06 1.20906834126799e-06 1.10198125184979e-06 7.06141645423486e-07 6.21100480202585e-07
