Maxent_result_files_2/B_sichelii_2.asc
NCOLS 594 
NROWS 330 
XLLCORNER -15 
YLLCORNER 23 
CELLSIZE 0.166666666666667 
NODATA_value -9999 
[rows 300 to 319 of 330, columns 88 to 131 of 594]
1.95266025571073e-13 3.0678792839467e-13 3.08530978543331e-13 1.74027459109993e-12 4.45232739565427e-13 5.80469006195017e-13 6.09057249079115e-13 6.20870022061126e-13 6.64968080599238e-13 3.30358629341276e-11 8.48920855833768e-10 2.43947342326578e-09 1.89698639019298e-09 1.15183416138365e-09 1.16564091712235e-11 3.87190279838023e-13 3.73023834043806e-13 2.49222864567855e-12 4.23397206184006e-11 4.15234513440055e-13 3.2147617901046e-13 1.62730939834432e-12 5.17428322410751e-12 1.48633327867742e-12 1.47566403541077e-12 1.00488506404872e-12 7.13751280301267e-13 7.39130978644198e-13 6.46560582850952e-13 8.86257733867524e-13 1.05770947556039e-12 1.24110721699822e-12 1.15435438985401e-12 1.05486730461735e-12 8.38495939348149e-13 8.04245559038463e-13 6.92335078156248e-13 6.21991347315998e-13 6.18449735867443e-13 4.75586237058678e-13 4.91084950482446e-13 3.80184772552639e-13 4.06574773847979e-13 4.03621580602476e-13
1.55442325677768e-13 2.65076849359502e-13 2.77744494070475e-13 3.08253422787175e-13 4.35007585508629e-13 4.80504525057768e-13 5.0638382376178e-13 6.33193497634466e-13 1.51866630382358e-11 4.67159755324076e-11 8.91133611347072e-10 7.16367549724595e-09 8.59170639078144e-09 9.42388944658035e-11 4.01745303690859e-13 2.89901436190121e-13 2.64133159788571e-13 2.76390021980433e-13 2.73148170748527e-13 2.5374147227808e-13 2.42772468794783e-13 3.2591929155501e-12 1.03755670721739e-11 2.41835440561999e-12 7.94186938435359e-13 6.49635900629164e-13 5.45519185379817e-13 5.40234523782601e-13 5.92270676946782e-13 6.54143406109142e-13 7.93920484909449e-13 9.3736129969102e-13 1.12064801882639e-12 1.02233776999583e-12 7.27939930555976e-13 7.51554374289753e-13 6.44528874715888e-13 6.81832368343294e-13 7.78865860695532e-13 5.37414557300053e-13 5.25846033383459e-13 4.4987347180836e-13 4.52671233830415e-13 4.73099337483518e-13
1.03350661362356e-13 1.69930736149126e-13 2.36022312805062e-13 2.37765362953724e-13 2.99504865353128e-13 4.25148805049957e-13 4.44433378987696e-13 5.39324140902409e-13 6.30995256045708e-13 6.02077276923296e-12 1.09145803506294e-11 1.6906887001511e-11 3.11025427635059e-11 1.24188437311545e-12 3.66795482875659e-13 2.27895480264806e-13 2.26574314865502e-13 2.36366481942696e-13 2.65909516627971e-13 2.31459296173853e-13 2.14972484258169e-13 2.63555843815766e-13 3.23530091606017e-13 3.6999292518658e-13 5.02731190010763e-13 4.98867613885068e-13 4.80426809446044e-13 4.98212582300539e-13 6.26543261716961e-13 7.06645852943666e-13 6.85895784613422e-13 7.16737780237509e-13 9.02045105277693e-13 8.60522764156713e-13 8.13860090431717e-13 7.78010988966571e-13 7.24176274502497e-13 7.37321315114059e-13 7.74613706511218e-13 5.65636426586025e-13 5.09570163842454e-13 4.67303973294975e-13 4.30078195279293e-13 4.47453185614677e-13
8.10240763371439e-14 9.50350909079134e-14 1.33060229501325e-13 1.29352084599077e-13 1.48436818392383e-13 2.01483274508973e-13 3.17335047128609e-13 4.83124651395883e-13 4.990674540295e-13 6.40343333913052e-13 6.96220858742436e-13 6.60360655047043e-13 5.00288699356588e-13 3.65407704094878e-13 2.84683387974383e-13 2.05557793009348e-13 1.25455201782643e-13 1.43918210682159e-13 1.71795910830497e-13 1.58417723383764e-13 1.74649184003783e-13 2.04369854372999e-13 2.45392595132898e-13 2.62534438633111e-13 4.47530901226401e-13 4.6850301416157e-13 4.8615556025311e-13 5.37569988523501e-13 6.71940281193884e-13 6.93811674778999e-13 7.31614768767486e-13 6.9111383282916e-13 6.83197942663583e-13 8.95683527346591e-13 8.38351610354948e-13 9.40525435311201e-13 7.65676411162986e-13 7.61402052518179e-13 8.14281975181075e-13 6.22402129835109e-13 5.53557200078103e-13 4.94282392793366e-13 5.32640598294165e-13 5.07760500312315e-13
5.43787237461402e-14 7.74824648885897e-14 8.38662472801843e-14 8.84514683718862e-14 8.70414851306123e-14 1.14686038443779e-13 1.72639680329212e-13 3.06654701631714e-13 4.26614299442463e-13 4.50683934616336e-13 5.07760500312315e-13 5.16464648825377e-13 4.35995684000545e-13 2.64321897702757e-13 2.15349960086542e-13 1.27919896897311e-13 6.24722495956576e-14 7.30082660993503e-14 1.32605038061229e-13 1.42208467224236e-13 1.4747092436096e-13 1.94733118519252e-13 2.71005440311001e-13 1.75948144942595e-13 2.64366306623742e-13 4.13347134298192e-13 4.66937599696848e-13 6.13142869809735e-13 7.89701637415874e-13 8.05577826668014e-13 7.89679432955381e-13 7.76545494574066e-13 7.41984251817485e-13 7.36322114391896e-13 7.18447523695431e-13 7.0375927307964e-13 7.23721083062401e-13 7.28528348759028e-13 7.43782813117377e-13 6.00020033658666e-13 6.52300435888264e-13 7.25497439901801e-13 6.09090555769853e-13 6.082134795804e-13
2.72448730243013e-14 4.92605956026182e-14 7.93365373397137e-14 8.37663272079681e-14 8.30224777814692e-14 1.15463194561016e-13 1.23878685087675e-13 1.46138656731409e-13 2.62556643093603e-13 4.15623091498674e-13 4.4863002202078e-13 4.4202419502426e-13 3.38917782727322e-13 2.56017429478561e-13 1.97053484640719e-13 9.76885239367675e-14 8.95283847057726e-14 1.0680345496894e-13 1.21680443498917e-13 1.33471012020436e-13 1.34636746196293e-13 1.49757983791687e-13 1.80588877185528e-13 2.07489581072196e-13 2.83961743008376e-13 3.76110254052264e-13 4.38715730410877e-13 6.08790795553205e-13 8.04833977241515e-13 8.63220606106552e-13 8.84803341705265e-13 8.78963568595736e-13 8.24074142258269e-13 8.00903787734342e-13 6.94599933126483e-13 6.82087719638957e-13 6.89581725055177e-13 8.35687075095848e-13 8.01725352772564e-13 7.55906448546284e-13 8.95472584971912e-13 9.18887188561257e-13 7.26996240985045e-13 9.12536712860401e-13
2.5113244817021e-14 2.77666778458752e-14 6.16173778666962e-14 7.31525950925516e-14 7.30526750203353e-14 1.00941477398919e-13 1.20237153566904e-13 1.03728137190728e-13 1.27586829989923e-13 3.71180863822929e-13 3.69404506983528e-13 3.50930395853766e-13 2.98550073551951e-13 1.52367007899556e-13 2.0060619831952e-13 1.49680268179964e-13 9.08717545655691e-14 9.06719144211365e-14 1.00008890058234e-13 9.735545702938e-14 1.19582121982376e-13 1.31317179352664e-13 1.5922818619174e-13 2.4482638139034e-13 3.56548124358369e-13 3.92863519493858e-13 4.63307170406324e-13 5.74584824164503e-13 7.80386866239269e-13 8.3650864013407e-13 9.08573216662489e-13 8.57502957529732e-13 9.0489837845098e-13 8.62332427686852e-13 3.57263107986228e-12 8.10584932509073e-13 7.18447523695431e-13 1.11218811937874e-12 6.30706598059305e-13 7.2034600506754e-13 8.81084094572771e-13 9.42623756827743e-13 8.39150970932678e-13 8.95850060800285e-13
3.08530978543331e-14 2.30704344517108e-14 2.16271445196981e-14 4.09339229179295e-14 5.73430192218893e-14 7.32525151647678e-14 8.40105762733856e-14 9.89541781848402e-14 1.50834900125574e-13 2.60713672872726e-13 2.99693603267315e-13 3.38629124740919e-13 2.40851782962181e-13 1.33171251803788e-13 1.25555121854859e-13 1.32682753672952e-13 1.25843779841261e-13 1.07225339718298e-13 9.84878845144976e-14 1.08602016268833e-13 1.12287956710588e-13 1.34392497130875e-13 1.45961021047469e-13 2.12951878353351e-13 3.78219677799052e-13 4.06730205071426e-13 4.65605332067298e-13 5.58553203688916e-13 5.90760773633292e-13 6.08990635697637e-13 7.17814696571395e-13 8.37885316684606e-13 4.08961753350923e-12 9.96502880212802e-13 2.94424484792444e-12 9.85855841406646e-13 1.49349421718625e-12 1.76685333030946e-12 9.33886301623943e-13 6.28985752371136e-13 7.66342544977761e-13 9.22839582528923e-13 1.01992858603239e-12 8.58346727028447e-13
3.99014155050281e-14 3.00870439673417e-14 2.79554157600614e-14 4.01456645704457e-14 5.75983705175531e-14 6.99773572421236e-14 9.20818976624105e-14 1.0937917238607e-13 1.23434595877825e-13 1.44351197661763e-13 1.34958710873434e-13 1.96431759746929e-13 1.91069382537989e-13 1.54554147258068e-13 1.06237241226381e-13 1.2339018695684e-13 1.26287869051112e-13 1.04549702228951e-13 1.0778045123061e-13 1.15352172258554e-13 1.32804878205661e-13 1.9391155348103e-13 1.84485760001962e-13 2.2039037261834e-13 2.9153346403632e-13 2.99804625569777e-13 3.44513306771432e-13 3.98192590012059e-13 4.59443594280629e-13 4.59488003201614e-13 7.9246609274719e-13 1.52698409472407e-11 2.22962759366396e-12 9.45876710289895e-13 1.15085718732644e-12 1.64739333285979e-12 2.49613663072523e-12 2.05052641533143e-12 9.90529880340318e-13 7.51576578750246e-13 6.21191986738268e-13 7.54785123291413e-13 9.66127178259058e-13 8.15847389645796e-13
4.36983782492462e-14 5.11257702839885e-14 5.37569988523501e-14 6.65800747867706e-14 7.25641768895002e-14 8.75743921824323e-14 1.19593224212622e-13 1.16440190822686e-13 9.86322135076989e-14 1.16384679671455e-13 1.41997524849558e-13 1.51756385236013e-13 1.66977542903624e-13 1.76336723001214e-13 1.2720935416155e-13 1.02562403014872e-13 1.49047441055927e-13 1.52111656603893e-13 1.5075718451385e-13 1.65012448150037e-13 1.82565074169361e-13 1.90059079585581e-13 2.08910666543716e-13 4.04742905857347e-13 2.95541369155217e-13 3.00504066075291e-13 2.98350233407518e-13 3.74067443686954e-13 3.90276699846481e-13 4.31010782619978e-13 6.73627820191314e-13 9.1944230007357e-13 9.52837808654294e-13 8.85880258039151e-13 2.57364130007431e-12 2.26555441074083e-12 2.53934651084364e-12 1.62238000811499e-12 1.10861320123945e-12 7.50433049034882e-13 8.11650746612713e-13 5.28554977563545e-13 6.84219347846238e-13 7.17614856426962e-13
5.64992497231742e-14 5.8386628865037e-14 6.65356658657856e-14 9.13047415451729e-14 1.11188835916209e-13 1.25399690631411e-13 1.24000809620384e-13 1.47604151123915e-13 1.50990331349021e-13 1.56141766183282e-13 1.46549439250521e-13 1.49436019114546e-13 1.46016532198701e-13 1.60149671302179e-13 1.72406533494041e-13 1.2339018695684e-13 1.34625643966046e-13 1.64546154479694e-13 1.66122671174662e-13 2.40363284831346e-13 2.68751687571012e-13 2.54818388611966e-13 2.4509283491625e-13 4.11615186379777e-13 3.91620069706278e-13 3.17290638207623e-13 3.33322258683211e-13 3.66062735679407e-13 3.99946742390966e-13 2.62128097006098e-12 5.50910428387397e-12 9.98667815110821e-13 8.0558892889826e-13 8.20488121888729e-13 7.98150434633271e-12 1.31771260569735e-12 2.30715446747354e-12 3.46543904683472e-12 2.29762875392225e-12 4.5003578641456e-11 1.13635767462483e-12 9.02267149882618e-13 6.51778631066691e-13 6.56563692302825e-13
1.09579012530503e-13 1.04438679926488e-13 1.68198788230711e-13 1.64357416565508e-13 2.00728322852228e-13 1.93611793264381e-13 1.87694304543129e-13 1.72661884789704e-13 1.61026747491633e-13 1.63058455626697e-13 1.5377699114083e-13 1.53377310851965e-13 1.51445522789118e-13 1.72883929394629e-13 2.21966889313308e-13 2.20878870749175e-13 2.14994688718662e-13 2.24109619750834e-13 2.3152590955533e-13 2.72404321322028e-13 2.94453350591084e-13 2.53619347745371e-13 2.41251463251047e-13 4.5736747722458e-13 4.885536419863e-13 3.04167802056554e-13 3.18889359363084e-13 4.41124914374313e-13 6.42730313415996e-13 7.82984788116892e-13 2.17210693875813e-12 3.43036710148681e-12 8.03312971697778e-13 8.28925816875881e-13 9.43423117405473e-13 6.05304695255882e-13 7.79265540984397e-13 1.13223874720347e-12 1.45352618829975e-12 2.14774864559786e-12 2.40288899888696e-12 2.20583551424625e-12 2.54440912783593e-12 2.64005484140739e-12
1.45639056370328e-13 1.54531942797576e-13 2.0575763315378e-13 2.31781260850994e-13 2.35877983811861e-13 2.26663132707472e-13 2.25608420834078e-13 1.84297022087776e-13 1.58728585830659e-13 1.44695366799397e-13 1.55175872151858e-13 1.52278190057586e-13 1.58817403672629e-13 1.93889349020537e-13 2.30626628905384e-13 2.20823359597944e-13 2.45126141606988e-13 2.32025509916411e-13 2.26962892924121e-13 2.48900899890714e-13 2.80164780264158e-13 2.56328291925456e-13 2.7610136399403e-13 4.15822931643106e-13 8.09419198333217e-13 3.8906655674964e-13 3.92630372658687e-13 5.98898708403794e-13 6.10844708148761e-13 1.56352153446448e-11 3.52107232259868e-12 4.55568915924687e-13 5.21738208192346e-13 8.69315730511744e-13 7.18081150097305e-13 6.34625685336232e-13 6.08446626415571e-13 5.75850478412576e-13 5.55311352457011e-13 9.85467263348028e-13 8.34443625308268e-12 1.20470300402076e-12 1.4182766072679e-12 1.65466529367109e-12
1.47082346302341e-13 1.51123558111976e-13 1.79622983154104e-13 2.19302354054207e-13 2.26862972851904e-13 2.0033974479361e-13 1.72029057665668e-13 1.75959247172841e-13 1.59272595112725e-13 1.40498723766314e-13 1.47015732920863e-13 1.5789591856219e-13 1.70785607878088e-13 1.97752925146233e-13 2.22666329818821e-13 2.25963692201958e-13 2.38775665906132e-13 2.57782684087715e-13 2.30748753438093e-13 2.28395080625887e-13 2.51232368242427e-13 3.21231929945043e-13 3.55582230326945e-13 4.00712796277958e-13 4.73976413672972e-13 4.44211334382771e-13 4.76485517708625e-13 2.57417420712613e-12 7.52662265846027e-11 1.3067458226601e-11 2.15233053602049e-11 3.11305425881869e-12 2.82684986530057e-13 1.93332017062176e-12 4.42035297254506e-13 5.50592904602354e-13 6.11544148654275e-13 1.25959243035823e-12 7.28150872930655e-13 7.41950945126746e-13 3.51729756431496e-12 9.63035207135476e-12 2.57156518301826e-12 2.54900545115788e-12
1.41375799955767e-13 1.40842892903947e-13 1.57140966905445e-13 1.96909155647518e-13 2.02848848829262e-13 1.88704607495538e-13 1.56263890715991e-13 1.40842892903947e-13 1.37967415270168e-13 1.41742173553894e-13 1.40232270240404e-13 1.38178357644847e-13 1.50723877823111e-13 1.74904535299447e-13 1.87416748786973e-13 2.12829753820643e-13 2.30937491352279e-13 2.37831976335201e-13 2.37121433599441e-13 2.47923903629044e-13 2.7299273952508e-13 3.51074724846967e-13 3.55970808385564e-13 3.48510109660083e-13 3.56015217306549e-13 3.75566244770198e-13 4.43067804667407e-13 5.1698645364695e-13 1.00065733477095e-11 3.54158924409376e-12 2.4596435999058e-12 4.48374670725116e-13 3.23241433619614e-13 1.63213886850144e-13 4.96280794237691e-13 6.26321217112036e-13 9.43367606254242e-13 7.99382782190605e-13 5.79518655285938e-12 6.95254964711012e-13 7.98583421612875e-13 1.23979715382916e-12 2.64765986912607e-12 6.41983133320423e-12
1.16595622046134e-13 1.12798659301916e-13 1.20481402632322e-13 1.80933046323162e-13 2.07467376611703e-13 2.48812082048744e-13 2.02959871131725e-13 2.17548201675299e-13 2.06568095961757e-13 1.59039448277554e-13 1.58595359067704e-13 1.40343292542866e-13 1.40343292542866e-13 1.55842005966633e-13 1.71629377376803e-13 1.7688073228328e-13 1.86350934683333e-13 1.54876111935209e-13 2.24109619750834e-13 2.36566322087128e-13 2.64321897702757e-13 2.54685161849011e-13 3.33666427820845e-13 3.90620868984115e-13 3.37319061571861e-13 3.75854902756601e-13 1.64089852816574e-12 3.29252181074935e-12 1.01035846356012e-12 1.0325074129014e-12 5.19306819768417e-13 4.60642635147224e-13 5.07494046786405e-13 5.03319608213815e-13 5.56577006705083e-13 5.40079092559154e-13 3.06896730251083e-12 7.01194657892756e-13 2.35030883644072e-12 6.60360655047043e-13 7.88524801009771e-13 9.66360325094229e-13 2.36801689368349e-12 4.10158573771469e-12
1.30329080860747e-13 1.4122036873232e-13 1.58328905541794e-13 2.37310171513627e-13 2.39430697490661e-13 2.29360974657311e-13 2.21622720175674e-13 2.40762965120211e-13 2.18691731390663e-13 1.74960046450678e-13 1.4978018825218e-13 1.33326683027235e-13 1.47037937381356e-13 1.42785783197041e-13 1.56352708557961e-13 7.18203274630014e-14 1.53677071068614e-13 9.89541781848402e-14 1.80866432941684e-13 1.86373139143825e-13 1.94011473553246e-13 1.42363898447684e-13 6.96243063202928e-13 2.43227660234879e-13 2.98472357940227e-13 4.1341374767967e-13 4.99611463311567e-13 9.44710976114038e-13 6.99529323355819e-13 3.96271904179457e-13 4.52349269153274e-13 5.69455593790735e-13 7.05424607616578e-13 6.41220410102505e-13 6.87105927710263e-13 4.73343586548935e-13 3.97016863828981e-12 4.40633085574404e-12 5.56816814878402e-12 6.38500363692174e-13 8.2359674635768e-13 1.17463816451391e-12 1.49188439380055e-12 3.30233618228704e-12
1.57940327483175e-13 1.60049751229963e-13 1.8739454432648e-13 2.32180941139859e-13 2.38686848064162e-13 2.22244445069464e-13 2.13762341161328e-13 2.02093897172517e-13 1.8712809080057e-13 1.61948232602072e-13 1.6162626792493e-13 1.78879133727605e-13 1.62292401739705e-13 1.45861100975253e-13 1.29452004671293e-13 1.4024337247065e-13 9.87765425009002e-14 1.08557607347848e-13 1.29840582729912e-13 1.17161835788693e-12 1.84796622448857e-13 1.82509563018129e-13 2.19446683047408e-13 2.96840330094028e-13 4.37239133788125e-13 1.21945786801803e-12 3.42648132090062e-13 4.32875957301349e-13 3.94317911656117e-13 5.57232038289612e-13 6.28030960569959e-13 7.01905200628516e-13 6.76225742068937e-13 8.18833889582038e-13 1.94735338965302e-12 9.3217655816602e-13 3.9929948236761e-12 4.2212011663878e-12 2.99640312562133e-12 1.45445877564043e-12 1.15912834885989e-12 1.4807599590938e-12 1.82963644235201e-12 2.319844316645e-12
1.53310697470488e-13 1.88959958791202e-13 1.96731519963578e-13 2.1138646388863e-13 2.33235653013253e-13 2.1967982988258e-13 2.11097805902227e-13 1.87905246917808e-13 1.93989269092754e-13 1.82465154097144e-13 1.78912440418344e-13 2.15949480519839e-13 2.47546427800671e-13 1.84185999785313e-13 1.48348000550413e-13 1.62214686127982e-13 1.71107572555229e-13 2.2403190413911e-13 1.44210199337635e-12 1.6110779377243e-12 1.01435526644877e-12 3.26116911253393e-13 3.64164254307298e-13 4.47031300865319e-13 4.17310630496104e-13 1.88674631473873e-12 4.63362681557555e-13 4.90540941200379e-13 5.6182836161156e-13 7.38054062310312e-13 6.98840985080551e-13 7.06479319489972e-13 5.59996493620929e-13 6.21080964435805e-13 1.44237954913251e-12 7.74658115432203e-13 6.83775258636388e-13 8.17490519722242e-13 1.08643094520744e-12 1.39008804467267e-12 1.51817447502367e-12 1.506827995712e-12 1.66422431391311e-12 2.13231654555557e-12
1.14719345134517e-13 1.35447209004269e-13 1.39632749807106e-13 1.40787381752716e-13 2.02904359980494e-13 2.07711625677121e-13 2.08777439780761e-13 1.98874250401104e-13 1.92890148298375e-13 1.93889349020537e-13 2.08733030859776e-13 2.02271532856457e-13 2.31503705094838e-13 2.31181740417696e-13 1.88293824976427e-13 1.78279613294308e-13 1.81965553736063e-13 2.51298981623904e-13 2.8168423149566e-11 4.73753258845022e-12 8.44905256869311e-12 3.35786953797879e-13 3.9297454179632e-13 4.36517488822119e-13 5.87707660315573e-13 3.30169225293275e-13 5.81401593535702e-13 3.84015041987595e-13 7.95741250669835e-13 8.6861629000623e-13 8.67961258421701e-13 9.0605301039659e-13 1.09388054170267e-12 1.02692299108753e-12 2.08604244988919e-12 3.78205244899732e-12 2.68184363605428e-12 9.41680067256811e-13 1.36118893934167e-12 1.72805103559881e-12 1.74347203341085e-12 1.92371674145875e-12 2.16716644629855e-12 2.31538122008601e-12
