Maxent_result_files_2/B_sichelii_3.asc
NCOLS 594 
NROWS 330 
XLLCORNER -15 
YLLCORNER 23 
CELLSIZE 0.166666666666667 
NODATA_value -9999 
[rows 120 to 143 of 330, columns 275 to 329 of 594]
2.04468109110678e-11 0 0 9.87708803634746e-12 2.07871583715047e-06 3.65449687137476e-06 3.06302148089799e-09 1.75021224180227e-09 4.64238785524707e-08 2.23665323574096e-05 3.00204305858642e-14 5.16558493757202e-09 3.39167131950147e-05 2.99294880929946e-06 0.00012487000785768 0.000762049330872883 6.96562754823216e-05 5.27384794217767e-06 8.93567824741259e-06 4.68537431075333e-12 3.10252289636992e-06 8.52916457461106e-08 1.23618884018128e-09 3.72299208211135e-06 2.56777149543197e-09 4.50990433886744e-10 5.60552226858135e-10 7.77525201556273e-06 6.34714503178202e-14 9.82325673248852e-08 8.05217423476279e-05 8.35700272842077e-06 1.05264807665595e-05 6.10232362419083e-09 8.3135720529981e-13 0 0 0 0 5.55111512312578e-17 2.6030742446892e-06 3.85247389544929e-14 3.63685193072172e-11 1.11022302462516e-17 1.11022302462516e-17 9.59168914960173e-08 7.25844816770405e-05 4.2490455598454e-12 3.3448588343532e-11 3.17230529617518e-05 2.41732180938925e-08 1.14737441769819e-11 0 1.59696700308132e-12 3.22852855560996e-14
1.28066748317224e-09 6.91680046571719e-13 3.82249787378441e-14 7.4111414141953e-05 1.55341658683028e-06 2.13489694615987e-06 3.04156390484422e-05 2.12664712273547e-06 3.50277623972772e-06 1.62107326673322e-08 3.26280460285489e-06 1.69856255524792e-05 0.000243751635048628 1.83653683052398e-06 0.000159960417163918 0.000182734464762491 5.84238648571045e-08 1.18342714805486e-07 0.000123092904687472 0.000391001114621781 6.3218132709153e-06 2.34097478823969e-06 2.73491401458159e-05 7.30690771888476e-08 3.66671649820738e-06 2.10094630581636e-10 6.82454093237084e-14 2.1094237467878e-16 3.66373598126302e-16 3.97459842815806e-15 2.86270873672834e-10 2.22044604925031e-17 4.38834462102022e-08 0 0 0 0 4.10782519111308e-16 1.4432899320127e-16 0 0 0 0 0 3.44169137633799e-16 7.57540474793927e-11 3.46249522408471e-05 2.09232730626896e-06 1.54520840567329e-13 1.65827429565724e-10 5.66400748525098e-10 2.00234126168652e-08 0 0 0
1.17173604152754e-11 0.000451427418738615 6.23886255879391e-08 3.01342495327983e-06 1.91577314239133e-06 2.68317504535931e-06 2.37617499010412e-08 1.61474645210546e-08 3.77709142518334e-08 3.04965524264844e-06 1.17894582984945e-13 4.61700636833484e-08 0.000328645273152384 8.15397885162605e-05 4.11417033774342e-08 0.000834951084107172 2.58677593745205e-06 3.08501912262171e-05 2.40805495960172e-06 0.0050790876703104 7.1440627710917e-06 3.35756376443896e-06 3.64229535421146e-11 2.57729552686214e-06 5.73355755477678e-06 1.78238144599163e-07 4.38528513768688e-06 0 5.56981127886047e-12 4.53262760657935e-10 5.96992366652671e-10 1.8834416550817e-07 1.24904499898548e-06 3.10197066255569e-08 1.24862999655306e-06 4.28329594015509e-12 5.55111512312578e-17 1.46627154862244e-13 0 0 0 0 0 1.11022302462516e-17 3.33066907387547e-16 5.21119858376551e-10 3.45112726790831e-05 1.99241054360755e-05 1.71640829648823e-05 3.4006964832245e-06 2.28966397116892e-05 5.10702591327572e-16 0 0 1.05859765398009e-13
4.4588219338948e-09 1.35232913756056e-10 1.71532548165487e-08 2.19663896132261e-05 2.00103952596731e-06 9.06752750773343e-08 2.72083511276833e-09 2.43171029978839e-08 1.60049195983447e-05 3.52428177474717e-06 2.73225051811155e-06 2.83968694223535e-06 1.41262449505186e-05 0.103697055922063 6.08588266004517e-08 7.46747537050396e-06 5.15569126946502e-08 6.69209202897036e-07 1.52887409399227e-08 6.81614110362716e-06 2.51777532021435e-05 0.000318982824683189 4.83964757158617e-11 1.58249182646841e-09 1.68761671304196e-11 1.38650202430313e-12 4.72284789054811e-10 5.17275111633353e-13 3.66373598126302e-16 4.20000151279964e-07 1.03062669509768e-11 4.44089209850063e-17 8.88178419700125e-17 5.21116483298556e-13 6.05885341897761e-12 2.5855055696411e-08 6.35490096101421e-09 0 0 0 0 0 0 6.86006806915884e-14 2.40948150320719e-09 3.36562955283171e-09 1.68021331774071e-05 4.54560853540897e-05 6.71893701564841e-08 1.51575529905301e-11 2.94253510446651e-13 2.22044604925031e-17 4.47419878923938e-15 0 2.78665979180914e-15
6.70907169819657e-09 1.05841936601792e-06 5.24165066462246e-08 4.50761186799875e-06 5.74338002934383e-08 6.80951603659885e-08 2.42249989594878e-06 2.64251976067609e-06 5.5434936250931e-06 2.69217599629945e-06 7.91461080512645e-06 0.000220421561971362 3.51333765138406e-06 6.85954524669796e-05 0.000144622707739472 6.34516647551209e-05 2.87282517774656e-08 2.03370218514465e-05 5.10279986382089e-06 7.16892318450846e-06 8.24318746595054e-09 4.53348353934846e-06 3.74511532896804e-12 1.37589939441796e-12 7.62994112335491e-12 1.71236747004144e-10 3.01939280689112e-08 8.88178419700125e-17 0 1.20550867066527e-09 0 0 5.24659204970135e-12 0 9.60265200689037e-13 0 1.24668952938833e-10 1.14311116128363e-11 8.19344592173365e-15 5.37347943918576e-15 0 0 3.99680288865056e-16 2.63344901441087e-14 2.22044604925031e-17 5.40786800229398e-08 5.10702591327572e-16 2.23154827949656e-15 2.22044604925031e-16 1.66533453693773e-16 0 0 0 1.22124532708767e-16 2.88559576233638e-10
1.99361203637727e-06 4.664426569434e-08 4.55186477447134e-06 2.24030719672141e-06 2.626994322108e-06 3.25074116828139e-06 3.92472051989889e-06 2.61486512436182e-06 2.62668182502424e-06 2.67522301287126e-06 0.000417591585001542 0.000362824648618698 0.000109442905522883 3.7674508348573e-07 7.48216523788869e-05 3.26761465885284e-08 5.30044082552195e-05 7.07718588954798e-08 2.52714582037461e-06 5.71299424336757e-06 7.50664952420266e-10 3.06554315265828e-10 0 2.68118860446975e-14 2.1094237467878e-16 0 1.22736787400157e-10 0 0 8.88766837903177e-13 3.06421554796543e-15 6.53088694235748e-13 7.69670293720992e-08 7.46647899063646e-10 1.93849452045924e-09 5.28199706195665e-13 1.15187404503558e-08 1.24678045665405e-14 2.08437640480952e-08 3.26299323205603e-07 8.33028345368803e-05 5.87534414080437e-06 0 0 2.22044604925031e-17 2.56090260108977e-08 3.11547017190605e-05 7.63197727238207e-11 2.58237875527811e-14 1.76858527822787e-14 0 2.23043805647194e-14 0 0 2.33146835171283e-15
1.06176634229183e-07 6.8215388193682e-08 2.30172955734131e-06 2.59166810180345e-06 0.000125898400405355 2.74577851918645e-06 1.04217662132533e-05 0.000230844598265212 3.56989406924413e-07 5.11409041337174e-08 3.30805013144753e-05 1.14826057361239e-05 0.000482602464324799 0.00016336654080078 3.1410529572895e-07 4.15226963923487e-11 6.57866678466235e-08 2.52834726094386e-06 5.44657440593177e-08 7.15261425088265e-08 0.00012037482811138 1.08725251024566e-12 5.77448089345012e-12 1.00364161426114e-14 5.55111512312578e-15 0 1.07980291375043e-13 7.46862571787687e-12 8.93772806875859e-09 8.72635297355373e-14 0 8.19933543283469e-10 2.2462387505584e-11 7.63119567537274e-12 4.4126813314449e-12 7.59192886334858e-09 6.46761873213109e-07 2.71449529520851e-14 0 7.69384556065233e-15 1.83648263263336e-10 3.12800896296039e-11 1.58761892521397e-13 1.33704158855608e-13 0 5.51399743642378e-09 3.90991507123184e-06 1.06549725842342e-07 5.95146666458879e-06 1.25407059385907e-06 2.42508235714922e-12 0 0 0 0
2.0092802515137e-07 5.34737551682873e-08 3.68052437568211e-06 2.62173872088711e-06 0.000128876862910321 2.80929762843662e-06 0.000433165396196555 2.79791275453745e-06 1.84523022300542e-05 8.36161575534788e-09 1.09236665934986e-08 3.06977966602062e-08 1.31097422126913e-06 2.70341498287419e-06 7.78271044055145e-08 6.81544712278992e-05 5.02092807437293e-06 3.1164163374342e-05 1.88899168279022e-05 2.44512011708942e-06 7.20079810889729e-08 2.33408847805094e-12 3.46700772979602e-08 2.42028619368284e-15 0 1.33226762955019e-16 3.80828701906921e-13 2.25323439906333e-09 1.33831195014977e-09 7.7715611723761e-17 4.44089209850063e-17 6.66133814775094e-17 2.22044604925031e-17 0.000420239008963108 0.00150558268651366 0.000210211798548698 7.80409692424655e-09 3.37501958711073e-05 5.66892766062921e-10 7.79541409201556e-09 3.1641356201817e-15 0 4.66293670342566e-16 5.74126595154212e-09 0.00042231478728354 2.12844184716232e-05 1.22849451145157e-05 2.47982878676112e-09 0 0 0 2.33146835171283e-16 6.17201512120857e-11 4.35921805319595e-09 1.28129173937452e-11
1.26003484979265e-08 2.18763780140963e-06 3.54078188690155e-06 5.9620855076159e-06 2.01502507479745e-07 0.0155702120799106 0.000536550871629526 2.87519397415004e-06 2.78987855040214e-09 1.22428872373348e-08 7.48914104065079e-09 2.09389691008255e-07 3.32389663526556e-07 2.68104159495408e-06 3.80290402972605e-06 6.36241679896621e-08 2.46206292328077e-06 4.52242536316261e-06 9.43450868362561e-06 1.10340847570001e-11 0.000104072166141123 1.10986775325728e-12 1.27306831743113e-11 4.97423213730031e-12 0 1.80966353013901e-15 3.2084002121735e-12 6.62704223941546e-08 7.5314119385439e-08 2.7805535651737e-13 0 1.93178806284777e-15 4.74986272536171e-11 7.34249283596e-08 2.97162294771169e-13 5.00401675651574e-10 7.86104514816088e-13 4.2187575655106e-11 8.83521061041392e-06 4.66824509203434e-05 6.09516916938446e-09 0 0 0 1.29344202015602e-11 2.40371278437124e-11 6.57372254408983e-09 2.26621055254839e-11 7.7715611723761e-17 0 0 0 0 0 0
8.1348150438032e-12 4.30357810218274e-06 5.59554152911312e-06 1.60291048814543e-05 0.00010168170556426 0.0779899962309667 0.000152423457130146 3.78352598182641e-06 5.97420406530658e-06 2.76546234638797e-06 2.73827263873594e-06 6.19230776655044e-08 3.59127408519067e-06 2.67115156754594e-06 2.2542741135112e-06 1.41608659760095e-05 0.000106722093187273 2.59734544670209e-05 3.90167720354384e-09 5.77315972805081e-16 1.42007516856779e-12 3.99968946851459e-13 1.4709224949172e-10 1.3537764607463e-05 3.33066907387547e-17 0 0 0 7.34410310343492e-12 2.96739077754182e-11 4.60498625898254e-08 4.04380195995202e-11 0.000120222382247448 3.14085468744452e-07 1.8854917627209e-13 3.40838468559923e-15 0 3.33066907387547e-16 0 0 5.32907051820075e-16 4.23530055471133e-10 7.65134622326968e-10 2.53614598477725e-06 2.44070151311782e-08 1.29750377109161e-10 1.97619698383278e-14 0 0 0 4.5852210917019e-15 0 0 0 0
1.11022302462516e-17 1.912350633404e-09 4.32422893936746e-08 0.0010720285587016 4.25695994636044e-05 2.16190164792351e-05 0.000449984929052905 6.62464663037099e-06 2.35276369494386e-05 7.34582863515243e-07 6.68269954595679e-08 3.67866523447447e-06 6.47424940325436e-08 1.39860617309751e-08 2.1611723521886e-11 9.2148511043888e-15 5.55111512312578e-17 6.52145004664817e-14 0 3.96127575186256e-14 0 0 1.11022302462516e-17 2.02060590481778e-15 8.86553053192074e-12 0 0 0 0 0 1.11022302462516e-17 8.8996654312723e-08 3.99902333469981e-14 8.4501161623507e-11 1.31373454337336e-08 9.96536186903541e-14 1.86157116388586e-09 7.28661575521983e-08 8.75298500346844e-10 4.22303081393238e-11 1.61037849721879e-13 1.10320637759287e-05 0.000171604775823653 1.42176304063213e-10 8.3536037709564e-05 1.04216857366168e-11 5.40232072410163e-09 8.19559653475466e-10 1.61402979870218e-10 5.19140286314723e-14 2.37562204574715e-08 4.10782519111308e-16 0 0 0
0.000295618455857039 0.000229996582493275 8.55805046739988e-07 3.42122405072587e-08 1.31728083987315e-05 4.65914638425602e-08 1.54796143760905e-06 3.95790991214451e-07 1.52020766108762e-06 3.43070034602988e-09 3.68552605323202e-08 3.19808691529033e-08 4.38421299264746e-10 4.03796783209343e-06 3.29148577293381e-05 3.89059423469007e-05 1.57163171365937e-13 1.4011769053468e-06 1.72590389411198e-06 3.08642000845794e-15 0 1.93178806284777e-15 0 9.14601727686204e-14 0 9.39248678832882e-15 1.11022302462516e-17 1.4521717162097e-14 0 0 0 1.11022302462516e-17 2.22044604925031e-16 1.28738875559975e-08 5.86106718714063e-12 3.48610029732299e-15 2.01902608520932e-07 1.24222162418586e-05 4.02177756768651e-06 4.96373644409687e-09 1.26540937344655e-05 0.000420350348576914 3.98897839204437e-08 1.7224381736014e-06 1.22433732485661e-08 3.50829083117787e-08 8.50292058984792e-12 1.07665382529376e-06 4.99481700444449e-08 1.41624489913283e-10 1.44167235703208e-05 2.00158610823564e-05 2.11153317053459e-13 1.23714034572231e-09 0
1.15175339487905e-07 0.000110644230153412 2.0041687093908e-06 0.000163594703190029 6.5956544403889e-08 7.71195936977165e-07 2.65554881807573e-06 5.55303813709607e-08 1.11579350203783e-09 3.9054310896347e-10 1.2690735218257e-08 0.000120027095545083 2.10360067143256e-09 2.4158767431004e-09 2.19871450099163e-05 1.35461180050811e-09 8.27526673674583e-05 5.14424921155276e-06 4.77921945275739e-05 2.22044604925031e-17 0 0 0 4.15865564207252e-11 2.32037308478539e-08 7.47381307064643e-08 9.73600364773119e-09 4.44089209850063e-17 0 0 1.79856129989275e-15 9.38804589623032e-14 8.2767059872424e-11 9.13974140814844e-10 3.92642220958805e-09 5.91580295861149e-10 4.54160087315358e-09 6.89024955136119e-07 8.92629148438573e-05 0.100000000872384 0.633325636590354 0.162733118028549 1.12300983801106e-07 2.42372232615695e-05 1.68535851940987e-10 2.61365329379259e-08 2.7589406981221e-09 9.4652506388293e-09 0.000209792586974822 1.04466256743763e-05 3.12109960987073e-08 2.91385282569223e-10 9.34017378995122e-09 6.94631996367434e-10 5.62538904347321e-13
2.20963940478214e-08 9.77650074673875e-08 2.90559909466026e-11 4.45492309708584e-10 3.05652656606981e-07 3.43937354799761e-06 2.57723950534139e-06 0.00103374030441046 1.26853934489635e-05 1.00398676750046e-07 5.24277529621031e-06 2.12689155887347e-06 2.88654655733467e-12 2.92432744686266e-14 5.31792175024748e-05 2.52465398298263e-06 4.70450833766067e-06 6.45794989395654e-07 3.33066907387547e-17 0 0 0 0 0 0 1.58884860823605e-10 0.000128616625443101 1.03644602233999e-08 2.99760216648792e-16 6.10622663543836e-16 8.4732221239392e-14 1.2134737659153e-14 3.1522020549346e-09 5.80153027840424e-08 8.89930117409676e-05 7.64714735979055e-10 1.10680975495825e-06 0.200000018301656 2.65127491788641e-06 0.461884412862129 2.25346667548365e-08 1.43395129725832e-07 0.19823062016321 9.23598992841335e-09 1.50546242139171e-14 2.8996449685792e-11 2.0843926584746e-11 7.105427357601e-15 1.11022302462516e-17 1.83186799063151e-15 7.62145901944677e-13 0.00173582844436501 1.54316253997422e-08 0.00406331466741114 8.04116967083712e-05
5.78245987981063e-08 9.44821221260384e-11 1.00441877037838e-13 1.11022302462516e-17 2.93435675757792e-10 1.27963139675558e-05 0.00425443239510059 6.38167767297304e-08 8.5586822251571e-08 4.73689798496935e-10 7.83945530713481e-10 3.83154173277944e-08 4.59632332194815e-15 3.22712985507678e-06 6.81802612234605e-07 0 1.56541446472147e-14 0 2.22044604925031e-17 0 0 0 0 0 0 0 1.5449647605692e-08 1.32184840850869e-10 3.83101550482934e-11 1.11022302462516e-16 0 0 1.51816337279342e-12 3.59339428541716e-06 4.21045125431618e-09 7.20795302186161e-05 5.18195338372607e-07 7.20242951535166e-07 5.98160410342774e-05 1.27505117575311e-11 0.100000000338695 5.13243891830939e-12 6.61743083663069e-09 0.00174765642732393 1.16573417585641e-15 1.81875070559556e-10 2.41016873125943e-11 1.11267894897793e-10 7.44826089693618e-10 1.66119240585516e-10 0.000166032719425857 4.79748907267208e-11 4.39384024275569e-08 1.63965063748606e-11 3.41580812346365e-07
2.99869817865783e-10 2.89425852173508e-09 0 3.33066907387547e-16 6.4098393259826e-12 6.37344608549029e-05 0.000281892488526314 3.60862470812906e-06 2.59328231777545e-08 7.4663676059572e-07 2.38192433243967e-07 0.00114307878538966 1.20335963416096e-12 1.41306081786752e-05 2.4758861400187e-06 1.31083751853112e-08 0 0 2.7096330512677e-09 5.26106305187568e-07 7.17204073907851e-13 3.33066907387547e-17 0 0 0 0 6.84747258894447e-11 1.01725731838087e-08 5.96339244651745e-10 5.74906788841645e-13 4.37434644062762e-11 2.9171109972026e-13 9.25400867046733e-12 9.59488044571799e-13 7.63264509373585e-09 1.04924794868566e-05 9.76879499026473e-05 1.00681154435733e-07 4.44858594406128e-12 2.22044604925031e-17 0 8.88178419700125e-17 8.88178419700125e-17 0 0 0 0 1.22686305559228e-12 9.70745706041498e-13 6.61426469150683e-13 2.24223750677766e-10 1.62473414105135e-05 0.000251485523767825 1.07687092167907e-06 1.57351021101704e-10
0 0 0 0 1.01053831969011e-11 6.08787930104881e-05 7.5664313044399e-06 5.85634028377191e-06 2.29543888963235e-07 0 6.10951733648335e-11 3.59978713504461e-13 1.11022302462516e-17 8.04190047887232e-13 8.57336424076038e-13 4.44089209850063e-17 0 4.11024032587193e-09 4.46315152657917e-07 1.59246504871646e-11 0 0 4.53139747946807e-12 0 4.51860771022439e-15 1.33226762955019e-15 1.76803016671556e-13 3.81012998929009e-12 1.36363214053858e-09 1.82076576038526e-15 1.51489931710103e-13 2.55351295663786e-16 1.11022302462516e-17 3.12860848339369e-14 0 2.31002217354614e-11 8.12180211973157e-11 9.23109366723907e-12 4.08562073062058e-14 8.32545143936159e-13 3.02022851172978e-12 0 0 0 0 0 0 6.66133814775094e-17 3.65422165486962e-05 1.62244319312776e-08 0 0 7.22088444855329e-05 1.82613368870932e-10 1.01996226931078e-07
0 0 0 3.42672223929696e-11 3.77955444719191e-12 1.52279226313112e-06 9.30185928282867e-12 5.18984855091276e-13 2.8643754035329e-15 2.93687296704093e-13 0 1.52335921654867e-12 0 0 0 9.64783808399261e-15 1.1189937865197e-13 6.03220541961491e-08 1.73988490281829e-11 8.43934144789671e-11 5.40334443854817e-13 0 1.14545040119651e-12 3.74010710402217e-08 3.26405569239796e-15 4.89608353859694e-15 3.72236574897045e-10 7.62630879762582e-06 1.51981394136413e-10 1.32815980435907e-13 2.86427104256859e-11 1.4432899320127e-16 0 9.52846690438491e-12 4.40758540776187e-15 1.87448212507491e-10 3.52950335624769e-11 1.0020617668971e-11 1.30722099811464e-12 1.05138120432002e-14 3.29691829392686e-12 2.41251463251047e-14 0 0 0 0 0 0 8.89144846638601e-10 0 0 4.19648335082456e-05 3.09009874399635e-07 4.34360998724514e-08 4.34700893947593e-08
0 0 0 0 0 0 1.11022302462516e-17 0 0 0 0 1.11803524305287e-07 7.4882173066726e-07 0 0 1.55542245749984e-13 2.87332500192861e-07 0.00016495295567438 2.3730845281511e-06 4.51403156760399e-06 1.00486277005984e-06 3.33066907387547e-17 9.54614165493695e-13 2.28153701755218e-05 3.77701566321775e-05 2.66846927843289e-07 3.75477426928228e-14 1.45628845871215e-08 1.13908882326541e-14 0 0 3.33066907387547e-17 0 2.62012633811537e-15 1.17516347017954e-06 9.10382880192628e-16 6.93080037805771e-12 1.73909636691505e-09 3.16513482090386e-13 0 9.74875092651928e-08 2.83324252947637e-10 4.26547686060985e-13 1.50324197534246e-14 6.66133814775094e-17 0 0 0 0 0 0 8.35494531981063e-07 4.09672296086683e-15 1.03179687016564e-12 3.07899910012566e-08
0 0 4.41977565657226e-12 3.89799303945892e-13 0 0 0 0 0 0 1.11022302462516e-17 8.77047659741947e-07 1.59090518536686e-12 0 0 2.85327317328665e-15 2.13155749406724e-07 2.27131405797776e-06 2.2694046714733e-06 4.21617733081803e-06 5.86112961173058e-05 8.58631319715641e-06 2.02146166115025e-06 2.36597590341781e-06 1.95704760876936e-06 4.02421079343185e-05 1.58072510636487e-10 5.78364165448875e-08 4.44604104643531e-09 6.37390140667549e-13 5.83977310952832e-15 0 2.37012631743028e-12 1.04949382517816e-13 0 0 0 1.22124532708767e-16 0 0 0 0 0 0 0 0 0 0 0 0 3.37580877696197e-09 0 0 0 1.34572267773692e-09
0 0 0 0 0 0 0 0 1.49916745684209e-12 0 8.88178419700125e-17 0 0 0 0 0 0 8.55402415567141e-12 2.87561965706118e-07 4.65884688310325e-05 4.51257583335973e-06 2.26457559630022e-06 7.66453354117402e-09 1.58650870218935e-14 0 0 0 0 0 0 0 1.48903112062726e-13 4.66293670342566e-16 7.7715611723761e-17 3.52717854923412e-13 4.44089209850063e-17 0 0 0 0 0 0 2.45217134375864e-08 0 0 0 0 0 0 0 0 1.56058612699184e-09 0 0 0
0 0 0 0 0 0 0 0 0 0 0 0 6.86117829218347e-15 1.60549351591044e-13 2.4047606572708e-09 7.68274333040608e-15 0 0 5.3179682879545e-15 1.11022302462516e-17 0 6.30606677987089e-15 0 3.84137166520304e-15 0 0 0 0 0 0 0 0 1.1018075340985e-12 1.6020518245341e-14 0 0 0 0 0 0 0 0 0 0 4.10351228552486e-09 2.23850153968641e-09 0 2.87104973129004e-09 5.77308969518242e-09 5.14593830880372e-09 3.92870440624193e-09 4.70621458470433e-09 1.27251803538897e-09 6.27438034861427e-10 1.37768640939839e-10
0 0 0 0 2.87792012443333e-13 0 0 0 0 0 0 0 1.11022302462516e-17 8.76965167151411e-14 0.000272767595017287 1.13449978016433e-06 1.3203882431867e-13 4.99933427988708e-14 1.57358404084817e-10 2.22044604925031e-17 0 0 0 2.88657986402541e-16 1.12065912105663e-13 0 0 0 0 0 0 0 0 0 0 0 0 0 0 0 0 0 0 0 2.42748260381731e-09 2.72995089867223e-09 0 7.01150201232181e-09 0 6.89000809739326e-09 2.51768710324285e-09 2.30260095435142e-09 0 0 3.68637342873512e-11
0 0 0 0 0 0 0 0 0 0 0 0 4.44089209850063e-16 1.11022302462516e-17 0 0 0 0 0 2.71775935090091e-12 1.98663308026426e-13 2.88657986402541e-16 1.4432899320127e-16 0 1.51545442861334e-14 0 0 0 0 0 2.48715270600997e-11 5.55833814530615e-09 0 0 0 0 0 0 0 0 0 0 3.29050353631288e-10 6.65530508481282e-10 0 0 1.1704317848249e-09 0 1.26934328048556e-08 0 1.04462423711205e-08 0 0 0 0
