Maxent_result_files_2/B_sichelii_2.asc
NCOLS 594 
NROWS 330 
XLLCORNER -15 
YLLCORNER 23 
CELLSIZE 0.166666666666667 
NODATA_value -9999 
[rows 180 to 199 of 330, columns 352 to 395 of 594]
0.0331905485363677 0.0394100611563772 0.012260949134361 0.0132208302587969 0.0105928830816993 0.00875405462911658 0.00726938994207558 0.00548426539312459 0.00538362363431588 0.00744911275666027 0.00831394623032793 0.00324365532136426 0.00293904591761702 0.00389735642693836 7.29091801618509e-05 8.12631115001405e-06 0.0118300277661765 0.00108873187709229 0.000345499336480515 0.00025386427103804 0.000176143557697372 0.000122715664811857 6.52934667410787e-05 3.44168143228574e-05 4.65591208020366e-05 5.77520678386567e-05 5.06224901081098e-05 3.62904826107124e-05 2.5939916545481e-05 1.53399247423414e-05 1.31690227259784e-05 1.3686668588031e-05 1.44633281787043e-05 9.25259185950988e-06 9.09125682351242e-06 7.6228759652186e-06 8.69789515066666e-06 5.41368452032787e-06 6.23681667004661e-06 6.60570111598036e-06 5.31242954522337e-06 4.71163916471173e-06 4.04842406100947e-06 5.20254418899802e-06
0.0237097002420342 0.0486494752927683 0.0437731581623666 0.0206601970239717 0.00961040402271465 0.00837114206678962 0.00627531505326715 0.00860276149765014 0.00869766680939392 0.00743567871683126 0.022079835118052 0.0064337931883756 0.00293170132293881 0.00287871153361152 0.00254329768876573 0.00841404502941145 1.33232837515984e-05 1.10775231297877e-06 0.000293598341046508 0.000570245758658228 0.000174108448509336 0.000104224720124679 7.65924812924479e-05 6.04586438307408e-05 6.8035067103267e-05 8.0117535901103e-05 6.83914628965332e-05 3.12513843464202e-05 1.28880641937279e-05 1.82849754829406e-05 1.26876155632782e-05 3.84282688905446e-05 2.97594306131077e-05 1.85711883329609e-05 1.12191671691853e-05 1.07120477855327e-05 5.98166908234443e-06 5.37851891382335e-06 5.87731005509129e-06 5.54251525703986e-06 5.97117306401218e-06 5.91851955921152e-06 4.18442801343177e-06 3.92986224900804e-06
0.0429666574753355 0.0306193372205598 0.0259610370761948 0.0204009769226104 0.00936732865138765 0.00771621344665618 0.00634360735907649 0.00576746415489424 0.00543677389497361 0.00463560810286481 0.00391056799149965 0.00342683932425416 0.00339352511350057 0.00318476748056327 0.00287912964060624 0.00246220390184249 0.00207749855541763 0.000612456002334316 0.000829450950626487 0.000410549761771795 0.000844257300768092 0.000183109937565606 0.00012278919541362 8.41189709827495e-05 8.76933362534027e-05 9.17345577926443e-05 6.79226671541966e-05 2.27327000684174e-05 1.39106620916096e-05 1.05536302987042e-05 1.23128234140513e-05 2.19445063628143e-05 1.431816573505e-05 3.2527009759975e-05 2.77578929956501e-05 1.11031226398772e-05 6.64692688120416e-06 5.59165546504259e-06 6.53499663550994e-06 5.43471286293951e-06 4.45186789646002e-06 4.59346759409396e-06 4.29692626024991e-06 3.61599615155139e-06
0.0289226233493537 0.0445564196270425 0.0463041684794007 0.0127476019541064 0.0110525370857431 0.00755510473295544 0.00607444669601591 0.00546486234837857 0.00514817070276763 0.00482967854594563 0.00404919050364469 0.00373356799216253 0.00363766239500762 0.00346636150419783 0.00312474466307293 0.00282729968920741 0.00233783964437286 0.001859801384105 0.00168143915961593 1.54628912696353e-07 2.48060223384527e-07 0.000144029261175027 0.000457364476332189 0.000315454382948299 0.000607601389750201 0.00023270899365494 9.13328983156325e-05 3.49325559622082e-05 2.15090378819061e-05 1.27418078634145e-05 1.07242121541673e-05 1.5837682803943e-05 1.88209674930495e-05 2.79941180082566e-05 1.70920706502042e-05 9.77884040569421e-06 7.6286278963722e-06 5.51299764577351e-06 5.02204017499563e-06 4.83466190610571e-06 4.70443475292237e-06 5.98963278113374e-06 4.91844313675882e-06 4.55768314537863e-06
0.0519795315572992 0.0157852961732715 0.0135144891097298 0.0122924649815104 0.010981875708967 0.00744599945628579 0.00639542253193213 0.00551636396226058 0.00520776293045913 0.00518186051115208 0.00366911980682705 0.00421845774771583 0.00387905509137241 0.00367276575785738 0.00348343689551491 0.00698205461518739 0.00295389702409175 0.002530521205634 0.00188069008562373 0.00276203912524053 1.15102202471462e-06 1.27638871805225e-08 0.000165270800139361 0.00050129109171686 0.000323567628592047 0.00018325371213298 6.45133388480268e-05 4.5351650140224e-05 2.95057534148935e-05 2.14296967016359e-05 1.85683152687965e-05 1.64501081582058e-05 2.08838127024769e-05 1.59819396338245e-05 1.25095151730203e-05 8.03966899791675e-06 8.59053268200682e-06 7.00729539006018e-06 6.40921322273558e-06 1.24607097254592e-05 1.07742699050895e-05 6.52529634795895e-06 7.24088835516445e-06 8.0783580215571e-06
0.0294607255695155 0.0166070453509747 0.0152543891079404 0.0128393621256691 0.00954534319716913 0.00952172954193884 0.0066350765590073 0.012208832400529 0.0120012231082796 0.00382134598601649 0.0101532433562625 0.00776783512406212 0.00418735021506151 0.00383724921290778 0.00688221446335895 0.00333988388675195 0.00316532060486265 0.00294361697650674 0.00205328475546143 0.00153381127716066 0.0005801183004988 3.70955626749492e-07 2.13294654827223e-08 5.94563246103519e-07 0.000262707655304928 0.000184038904129868 5.00285686780622e-05 6.73544085715072e-05 6.97470375343734e-05 3.03786518778271e-05 1.73451610960274e-05 1.32893987217608e-05 1.5305145369271e-05 9.70997508225047e-06 8.88043053671739e-06 9.5406815699639e-06 1.35799345765353e-05 1.80724437279456e-05 1.58525587718117e-05 8.44556259795848e-06 9.46165405933952e-06 1.42332913726451e-05 1.7153178471141e-05 8.91655407619929e-08
0.0405711064115167 0.0173054992599646 0.0429061801594798 0.0133563450797737 0.00971539505662804 0.00782849452252776 0.0068046704324388 0.00729504466122535 0.0260505567374594 0.00145947998664688 0.00115093790714221 0.00339947041577209 0.00416491261058809 0.00110366969669954 0.00332853352231457 0.00704955593962744 0.00464693668420573 0.00462133353247363 0.00456200221520344 0.00438957795200534 0.0018794445204914 0.00216839986714463 0.00103151204945341 7.39604365830315e-06 2.47458382869326e-06 0.000123355365233335 6.51851935653869e-05 9.98639053823136e-05 5.96990149191678e-05 3.62054682439328e-05 2.69465040534489e-05 1.74681709209201e-05 2.22312672430558e-05 1.46832540085184e-05 1.04129781879236e-05 1.12912749784089e-05 1.47695833981554e-05 1.39116275752471e-05 1.54321940571966e-05 1.31974051374439e-05 1.1204194287906e-07 1.14542676721285e-07 7.9178564149629e-09 -9999
0.0402325591538101 0.0607044954260346 0.025423365720053 0.0228067658397777 0.0104499671581834 0.00890822401584046 0.00925877654783562 0.0109049201033145 0.010703173037399 0.00820266594461572 0.000762882029323198 0.00120445820346882 0.00343299554852283 0.000202747967320693 0.000148171500558414 0.00515415504341998 0.0023873164395436 0.00151593015115777 0.00429642084872754 0.0016035975396356 0.0029528126491059 0.00449055272158425 0.000931614073609999 0.00233477796389246 0.00013769344665544 3.82769667339744e-07 0.000172047220107996 0.00103950677708456 9.88154899411176e-05 4.80197063058796e-05 3.72564998995073e-05 3.41294514704882e-05 4.2668027715731e-05 1.97110937946388e-05 3.13869061060346e-05 3.8939387711634e-05 1.94173476025461e-05 1.61990470729401e-05 2.53527776128415e-07 2.66939110815656e-09 -9999 -9999 -9999 -9999
0.0457568080513738 0.0641352297621779 0.0162901675786998 0.0133971811312222 0.0108897158318541 0.00871514769194164 0.0072292850884196 0.0108313324143239 0.00439420787941689 0.00425878078186139 0.000116442143854201 0.000211717200126083 0.000178556119554119 0.000109488297531701 0.000286178571779283 0.000648499482862241 0.00355482271108567 0.00541897597049585 0.004849100854869 0.0040607998567677 0.0017745834346531 0.00285308778264975 0.00173956977579399 0.00077881957022492 0.000472439343880238 2.54151863392726e-05 9.59176701189612e-06 9.55585333789477e-06 4.83759700260378e-05 0.000178849296128158 0.000127239957876035 0.000126054655819097 5.77794457965575e-05 3.11556695393511e-05 3.02788730643932e-08 1.0828068533375e-05 0.000456855222817076 1.77966597902923e-08 -9999 -9999 -9999 -9999 -9999 -9999
0.0312521588813979 0.0235423544683727 0.019170083642166 0.0103388543703204 0.00993775615743289 0.0177000283013513 0.00711048840734065 0.0156349034438676 0.0252497909675867 0.00115318063601324 3.40371695935704e-05 6.69657648330713e-05 0.000111366376314304 2.64255104964084e-05 0.000120505557845829 0.000427016645003897 0.000639147057863842 0.00263314700257035 0.0029984128058882 0.00415150388185883 0.00438007843428845 0.00164653908756971 0.000789564934776277 0.000377804088134237 0.0010486908253765 7.97935847015374e-05 0 2.64362173543198e-06 3.23550707675979e-06 2.74413690940722e-05 6.81072434338681e-06 2.77244774823382e-06 1.66572715920577e-06 2.26561143679138e-07 5.78802367390274e-07 0.00047698295403612 1.88516201425903e-06 -9999 -9999 -9999 -9999 -9999 -9999 -9999
0.0203266967495438 0.0166502097737975 0.0329184306654497 0.00151735634572105 0.0107888963357254 0.00833226091403958 0.00687802517975342 0.00606326693634571 0.0250864283605551 0.00147716772006189 5.46358899055188e-05 0.000571988110189558 0.00018602453149803 9.94437880855847e-05 0.00158409745126602 0.00190376139798165 0.00142938957513217 0.00179843273296988 0.00381122413146517 0.00411381769967996 0.00217750927330899 0.000657552270934403 8.26935925293926e-05 2.82426653830381e-07 8.55255372759212e-06 0 1.56767203520758e-05 0.000285283691386107 1.43269842646343e-05 1.87867980202538e-05 3.03149827325377e-06 6.37600161592644e-06 4.44994776027663e-08 -9999 -9999 -9999 -9999 -9999 -9999 -9999 -9999 -9999 -9999 -9999
0.061857586610131 0.015493715897901 0.0429147123126313 0.0217999910972139 0.0189369901340797 0.00873915789723014 0.00699819118978553 0.00595233952338106 0.00930996774451387 0.0117985433272768 0.000497775873276829 0.00312887415838115 0.000315440143389023 0.000311156093793574 0.00428031885072158 0.00397260095423473 0.00473246708253008 0.000384921993216725 0.00019122855742828 0.000520577198601679 0.00252670427735343 0.00102163993717093 2.42886539020715e-05 6.0772783483376e-08 1.1840174105604e-07 2.44592202111038e-06 4.10116923394877e-05 2.52683627725125e-05 2.89764491638755e-05 1.32813815860722e-06 5.83405395104819e-09 -9999 -9999 -9999 -9999 -9999 -9999 -9999 -9999 -9999 -9999 -9999 -9999 -9999
0.0199921454928699 0.0432552887563361 0.0250461460425868 0.0159687306469095 0.025012388709456 0.00882994309404239 0.00750687112902142 0.00623501504068429 0.00969353006518929 0.0025210850554321 0.000442567721836551 0.000166903002651586 0.00178136112136271 0.00284760262486345 0.00197532641498209 0.0026924048899008 0.0056536466858113 0.00435724400539241 0.00491979951114716 0.000567843279037927 0.0012758756285648 0.00922153494020625 7.42795815481534e-05 3.26871783484783e-07 8.46694926925906e-06 4.90497192716766e-05 5.80619359221712e-06 2.44367688475466e-05 1.91909146974978e-05 3.75997984969345e-09 1.65420006026373e-08 -9999 -9999 -9999 -9999 -9999 -9999 -9999 -9999 -9999 -9999 -9999 -9999 -9999
0.00152904902552109 0.0281875410291832 0.0413100718855276 0.0262014614465443 0.0131136584836895 0.0280329968809383 0.0150230052794541 0.00672092697682558 0.00534169061404341 0.000839055433105362 0.00147508694376496 0.000258212066667163 0.00129613466934302 0.00266987842075522 0.00371283408760119 0.00309695061513591 0.0051332947092726 0.00143957254115836 0.00102567569768242 0.00116846916801465 0.00381358354299375 0.000741232611433384 4.79869809540068e-05 1.77135150741914e-05 1.70978874760586e-06 3.02453239814371e-06 2.03483305782903e-07 2.70059746010354e-08 2.28070123786672e-08 -9999 -9999 -9999 -9999 -9999 -9999 -9999 -9999 -9999 -9999 -9999 -9999 -9999 -9999 -9999
0.0133259615220595 0.0194061956819496 0.0164998195999942 0.0301412442087894 0.0261970271523751 0.000445013357166035 0.00776478014913096 0.00626478554545145 0.00522961943363001 0.00871750204427286 0.0077790203389192 0.00676959720244437 0.0033443578380057 0.00415400960532653 0.00684034247328516 0.00487275018036548 0.00183964391827075 0.00186688600100906 0.0014754574363662 0.00103629460281727 0.00188449236376916 0.00115404581439366 0.00411904689637754 4.23927017422221e-06 -9999 3.12249360812089e-09 -9999 -9999 -9999 -9999 -9999 -9999 -9999 -9999 -9999 -9999 -9999 -9999 -9999 -9999 -9999 -9999 -9999 -9999
0.000594579045241517 0.0006644815585787 0.00192588343170428 0.01627671710703 0.0124203691885214 0.00534808450334481 0.0109928597256669 0.006575668320977 0.00575941697212414 0.00496499021017449 0.000644686109440495 0.00425089379935777 0.00692522061527825 0.00695538198253498 0.00660586962360679 0.00484211304520703 0.00375315241614432 0.00493877092469951 0.00279531127233673 0.00311679258679465 0.00357742068892498 0.00397427081640236 0.0116119112234252 -9999 -9999 -9999 -9999 -9999 -9999 -9999 -9999 -9999 -9999 -9999 -9999 -9999 -9999 -9999 -9999 -9999 -9999 -9999 -9999 -9999
3.15385954147596e-05 2.28585359217104e-05 8.31806621823805e-05 0.000172017307412275 0.00384900590279358 0.0134676516234777 0.0108101412465089 0.0196168206680113 0.00319889262618673 0.00513407868364055 0.00201440133451833 0.00459382478380732 0.00420522166941026 0.00436028414250806 0.006842684790203 0.00354763695809608 0.00325076638436493 0.00395970367984605 0.0041839107818788 0.00337150266749679 0.00955925127896404 0.033911098649612 1.13385142224365e-05 -9999 -9999 -9999 -9999 -9999 -9999 -9999 -9999 -9999 -9999 -9999 -9999 -9999 -9999 -9999 -9999 -9999 -9999 -9999 -9999 -9999
3.5126795014162e-05 2.79439202699239e-05 0.000543974088662935 0.005626337562353 0.0174634496215731 0.0149060523141088 0.0135030706147518 0.015292044320222 0.00702959136891082 0.00578448951494011 0.0150350232335825 0.00880708367375966 0.0108699401077402 0.0145650531403861 0.00547806477334403 0.00601986445697618 0.00541504499533163 0.00284678804042071 0.00337307753113993 0.00615700381417412 0.00411118030883216 1.99308049518843e-06 -9999 -9999 -9999 -9999 -9999 -9999 -9999 -9999 -9999 -9999 -9999 -9999 -9999 -9999 -9999 -9999 -9999 -9999 -9999 -9999 -9999 -9999
3.00986113153878e-05 0.000116740104682966 0.000431071638624303 0.00582452558301156 0.00673800202139319 0.00639308199693455 0.0147949274383791 0.0111464908138259 0.00431699272913727 0.0137955078946334 0.0091616513379364 0.0188495256305302 0.0171227136628175 0.00500873553119261 0.00507498930087902 0.00362694925580381 0.00515375606305373 0.00234506998270025 0.00249852768490952 0.00221177283014132 0.00185619188499394 -9999 -9999 -9999 -9999 -9999 -9999 -9999 -9999 -9999 -9999 -9999 -9999 -9999 -9999 -9999 -9999 -9999 -9999 -9999 -9999 -9999 -9999 6.1864702578518e-07
6.81910348062642e-06 3.17038413973902e-05 7.31044396466984e-06 4.80066919107625e-05 0.00191673985793841 0.000715067406875391 0.000278309334076998 0.00100062275741948 0.007111773441015 0.000976201186368453 0.00661149435422885 0.0169636202556273 0.00875090422817593 0.00703282698118777 0.00384393700804257 0.00602257021643036 0.00311108669353035 0.00259386987840158 0.000641534566588098 9.44384457635117e-08 -9999 -9999 -9999 -9999 -9999 -9999 -9999 -9999 -9999 -9999 -9999 -9999 -9999 -9999 -9999 -9999 -9999 -9999 -9999 -9999 -9999 -9999 -9999 -9999
