Maxent_result_files_2/B_sichelii_3.asc
NCOLS 594 
NROWS 330 
XLLCORNER -15 
YLLCORNER 23 
CELLSIZE 0.166666666666667 
NODATA_value -9999 
[rows 216 to 239 of 330, columns 495 to 549 of 594]
7.91589016557737e-15 5.10702591327572e-16 0 0 3.44169137633799e-16 6.77236045021345e-16 6.21724893790088e-16 7.32747196252603e-16 4.69624339416441e-15 3.99680288865056e-16 1.92479809868473e-10 1.47863873280585e-05 0.000110298930667341 6.4153375569731e-05 0.0077346071600914 5.04868803545833e-05 0.0408730210856865 0.00210639511081439 0.276994381078134 0.456104481965303 0.176427763304673 0.142581369704567 0.0173562086982486 0.0213884429617053 0.285341331269592 0.00996914750386868 0.0510704703751701 0.0893907644717729 0.919796231389046 0.933439442515373 0.000486986037203574 0.000229668541940331 0.000463220616802573 0.00475369285385813 0.000508092893842826 0.00456274011621753 0.907484285533428 1.18280081551347e-07 0.00554945951470097 0.00224789285274404 0.0434669736153373 0.000278136693323872 0.000303524782341946 9.59949222790524e-05 0.000422115158289671 1.84184988073488e-05 8.17291511340246e-06 1.01592646387871e-05 4.48070895799901e-06 1.63658842211589e-06 2.95782319881255e-06 2.31559333769837e-06 2.37753101828275e-06 3.58016295649577e-06 3.77632369819025e-12
1.83086505955998e-09 6.43041175862891e-14 0 2.22044604925031e-17 3.99680288865056e-16 1.34336985979644e-15 6.72351063712995e-14 8.28248580830859e-13 2.96873636784767e-14 2.93098878501041e-14 4.23756745249193e-09 1.77635683940025e-16 1.80353893597385e-08 0.00171987060457468 0.0652582228184164 0.00159099381417036 0.00662621950219943 0.209118133984727 0.00232615252750901 0.00131524918017559 0.00167909114902157 0.00309421361970587 0.102012901540729 0.494095897674561 0.921848337352276 0.00329413765091153 6.18139074504143e-07 8.10230849310756e-05 0.824028781056404 0.358002329409127 0.301556006274607 6.43986569069943e-06 0.0221794247627654 0.00257457531988621 0.201255762956011 0.000911612249910831 0.00885087458383272 0.706336345892123 0.911219053715467 0.0706047894877697 0.236352613151394 0.110079487743713 0.000325864088600414 0.000682910951968241 4.74163011009332e-05 1.10351051263113e-05 6.7851651692763e-06 4.35649017163087e-06 3.14282187900972e-06 3.23552048939746e-06 1.92934330698336e-06 1.5521329260082e-06 1.63014865393052e-06 1.68419246620033e-06 1.29239315356244e-06
1.27378797287747e-08 2.59318344575377e-11 1.11022302462516e-17 3.77475828372553e-16 2.55351295663786e-16 3.21964677141295e-16 4.41424674590962e-14 4.09339229179295e-14 1.33226762955019e-16 4.11892742135933e-15 1.11022302462516e-17 0 1.02243735700114e-10 6.4655640841238e-10 1.29245900097885e-06 0.0041720949113369 0.0148563759567684 0.0700331638695904 0.0031625247219319 0.00376276318336811 0.0996534684672952 0.0338389937429838 0.910702988505363 0.625665563210106 0.00141185805164826 1.91886763786897e-05 0.203312284956746 0.100415263948981 6.40969300121919e-06 0.000838729168714281 3.85488422072089e-05 0.345825452436344 0.00756553387083769 0.0248357608403985 0.191759175401384 2.79867959196434e-07 0.00446539660901587 0.375643475892505 0.289582001264898 0.000565112641261645 0.204242716170847 0.000500014514619129 0.000307777826337718 0.00016117158929877 7.26584695314281e-05 3.65336105582315e-05 1.86473480426108e-05 8.01939386292361e-06 3.30261500494089e-06 1.6100599168567e-06 3.6442355485633e-05 3.1227038562065e-06 3.40514088748023e-05 7.11491452420887e-08 1.2344928109087e-06
2.34394619269551e-08 3.08495515355389e-08 3.77475828372553e-16 1.73749903353837e-13 1.88737914186277e-16 2.22044604925031e-16 6.10622663543836e-16 2.22044604925031e-17 0 0 0 0 0 5.43008304987325e-09 0.000485162787754367 0.00345563861631089 0.00800052466788123 0.341316664271289 0.292627969628666 0.165706279850565 0.0324809986956097 0.752309688180685 0.197002803570608 1.24987403978594e-05 3.17999481922016e-05 1.03309930636897e-06 4.40636882560241e-05 2.26227756318309e-05 1.31463690195233e-05 0.00606562542522496 0.00241677887621833 0.163135100312474 0.80718536823988 0.000192015986148242 0.0969513400529751 0.0557644390748216 0.0126471600242395 0.00940737426284832 9.69406065771117e-05 8.04854006554834e-05 0.000320964534533863 0.000540153132318677 0.00275127202803104 1.55302113853506e-05 7.10869644535705e-06 1.63324875757098e-05 1.14934900921071e-06 7.30100611690432e-05 3.44087166013196e-06 4.99239074997604e-05 1.82776111614658e-06 1.99723053810885e-06 1.17893332571839e-06 2.22110130287945e-10 1.16530154627981e-06
3.48464141097793e-08 5.92479842964622e-11 1.80733206178729e-13 5.25209653545744e-11 1.63979940737136e-13 4.44089209850063e-16 5.88418203051333e-15 0 0 0 3.33066907387547e-17 0 0 7.22314985601713e-11 0.0189055040483837 0.0042473403543665 0.00636711190653193 0.00870048520447978 0.00369775357360387 0.189317055942956 0.00346838722753517 0.000700747140477231 5.56206449681462e-05 4.30692671216093e-07 1.8016699243617e-13 0 1.60685806349647e-07 2.27545206143986e-06 1.11762383312453e-06 1.10835480882088e-06 3.66247623356575e-05 3.46156436847878e-13 1.46336051353169e-06 1.11022302462516e-17 1.4370005185782e-11 2.71160129905468e-08 0.00298003215438117 0.00102986984731144 0.000436545775670305 0.00154659832586865 0.000965282838469805 0.000537952894348592 0.000166649004900132 5.60391178430764e-05 3.5811666748764e-05 3.18469783365027e-05 2.0466896285265e-05 1.15181777802897e-05 6.16083343629725e-06 1.87164059752831e-06 2.99941049775043e-09 1.35571326609352e-06 1.4930409633962e-06 8.0899080785457e-07 4.69906444777735e-07
4.2854608750531e-15 9.60898027813073e-14 9.14490705383741e-14 0 1.79525283527937e-12 1.75415237890775e-15 0 0 0 0 0 0 0 3.99941782234459e-05 0.000198052532234061 4.90603099478903e-08 0.000430872201698573 0.000283852615455438 0.001125188695301 0.000636795829944403 5.02405164317654e-05 3.96797594781617e-11 0 2.44249065417534e-16 0 4.34097202628436e-15 0 0 3.5527136788005e-16 4.01900734914307e-15 1.4432899320127e-16 8.88178419700125e-17 4.65600642201025e-06 4.8007002817485e-10 1.27314962872216e-07 0.100025687416322 2.44182065216592e-06 0.00352102118112863 0.00141805391309804 0.000597384157228709 0.000681617742290996 0.00036510933786148 0.000121504338148348 7.40878368285069e-05 3.62241029889687e-05 1.93915257120758e-05 1.25858263345546e-05 8.88999784365296e-06 4.69259475721628e-09 0.8 1 1.8961316960997e-10 3.15401038619711e-10 1.03181548638531e-07 2.4955247113212e-08
0 7.24975635080227e-15 1.49195211740505e-11 0 0 0 0 0 0 0 0 0 4.44089209850063e-17 6.35735908360857e-13 4.25394830472214e-09 1.12054767669179e-06 0.0111182577443694 0.00121157389241486 9.57800293690525e-06 6.0909529394193e-05 1.39436295398809e-08 1.4432899320127e-16 0 0 0 0 0 0 0 0 0 1.0440537323575e-13 1.15241149956091e-14 1.24716464711128e-08 1.23704978705064e-08 0 4.19981705634953e-08 4.29290339525323e-06 0.0157908752560618 0.000930446263017015 0.000348590675129024 0.000222467516845204 0.00013938852482358 7.42093834898649e-05 3.70726425906853e-05 1.18962409033085e-05 8.95539633347653e-06 8.13676379038952e-06 3.60337315541415e-11 7.93387577857629e-13 1.28773414154182e-10 4.82706627735752e-07 2.11691272511416e-08 0 9.80890490609454e-08
0 7.30526750203353e-15 0 0 0 0 0 0 0 0 0 0 9.74993419333714e-10 0.000808871723711491 0.0010128297448162 0.000712073167184624 8.95963399718203e-05 6.44790270598605e-06 1.12369002991386e-09 4.01900734914307e-15 0 0 0 0 0 0 0 0 0 2.22044604925031e-16 0 0 0 3.79848415832385e-08 6.65684662948252e-10 1.21961232224521e-09 2.34257058195908e-15 2.36187861446524e-07 0.000435807361362306 0.000772747211168667 1.51327945729918e-09 2.18663420703535e-11 1.32641827810032e-05 8.58718485717835e-06 5.80030318863001e-06 6.62406673659355e-06 1.15250222734176e-05 5.43704372830689e-06 2.01223174371989e-06 1.05767612694763e-06 0 0 5.44046315553715e-07 3.029300144064e-11 1.88271620515934e-12
0 0 0 0 0 0 0 0 0 0 0 1.48274725830788e-12 3.70004381693434e-06 2.0724804198835e-05 1.1360265489202e-05 2.88469582301332e-06 6.63169703329913e-07 0 0 0 0 1.11022302462516e-17 0 0 0 0 0 0 0 0 8.88178419700125e-17 1.58761892521397e-15 2.04525285596446e-13 7.4981088982895e-05 2.07551131836681e-10 1.35538096301957e-09 3.29490879025229e-12 5.95344229470385e-10 0.000727945612786296 0.000747182164609361 0.000172473377627291 6.10079187168822e-10 5.65492097592823e-12 4.18110605278299e-05 1.33152265335834e-05 7.57038287703127e-06 3.22303567372728e-06 5.57389394089114e-06 0 0 0 1.06340767160873e-06 4.25556745398126e-10 1.47545351865119e-06 9.07090179680381e-07
0 0 0 0 0 0 0 0 0 0 0 7.43849426498855e-16 5.93423976624763e-10 1.21600999136717e-07 0 0 0 0 0 0 0 0 0 0 0 8.65973959207622e-16 0 1.92914431096369e-09 1.40514377910961e-11 0.000104857177939266 0.000251876888796687 4.70070663141087e-05 0.000134072123431517 3.52924053004244e-07 2.3813784260307e-06 5.46570252496492e-06 1.10356168647741e-14 2.91254546030073e-05 0.000572052644565946 0.00489956318524867 0.000177095975031061 7.31853070848332e-05 0 5.28229127105817e-11 0 0 0 0 0 3.1463863706449e-06 1.54722656589001e-06 1.46851589306607e-06 1.39037738335901e-06 0 0
4.22994972382185e-15 0 0 0 0 0 0 0 0 0 0 3.41848771512332e-13 0 0 3.06444980502363e-11 2.50842759896841e-08 7.46847028665343e-14 1.32758248838627e-12 1.48977846947673e-07 6.78757351124659e-06 3.48646099155303e-06 1.86360821885501e-08 5.25688426122883e-10 5.08031199331072e-09 1.18705045792922e-13 0 2.05058192648266e-14 4.05156121985328e-09 1.50976450280504e-06 3.35728249792e-05 0.00386327088983111 9.26022442297225e-05 1.52844407781738e-05 0.104672611447933 3.58513674303396e-08 1.15197181006499e-05 7.83575686711613e-05 0.00228064819249629 0.000233853873913936 0.000114260696059532 0.000108618954799677 6.29399030885214e-05 2.0005453557792e-05 0 0 0 0 0 0 0 0 0 0 0 0
4.44089209850063e-17 0 0 0 0 0 4.20774526332934e-15 6.00264282724083e-13 1.47959422491795e-13 1.16584519815888e-13 7.31320426439197e-10 2.75190981113838e-13 2.88657986402541e-15 1.01767501092809e-09 1.53269598006656e-06 2.67553550656885e-06 9.3561684479937e-06 0 9.16629232960986e-07 2.531923559701e-11 2.28830657533763e-08 3.95604234654456e-05 7.55160000516897e-05 1.97007480892353e-05 9.81140401651315e-06 2.53448175499216e-05 3.7601756055794e-05 3.45951774648023e-05 0.000367547275454583 0.000644571718995346 0.00477459551254482 0.565451259422116 0.00108304097383979 0.282375515831739 0.223995014045795 9.07382345758823e-05 0.000637458263913115 2.01158400159329e-07 2.33535729421419e-08 0 0 0 0 0 0 0 0 0 0 0 0 0 0 0 0
0 3.81883413780315e-13 1.71934228576642e-07 1.47881706880071e-14 3.41611139376141e-10 9.98280347275227e-12 8.3068769640704e-10 1.19216656457866e-06 1.8055270345485e-08 2.09264836570355e-09 2.08456839345672e-08 4.98225801948138e-08 1.31901524582645e-06 1.84859402452275e-07 1.23071251442619e-05 2.76095795141762e-05 2.10836864425801e-05 3.98205265810248e-06 1.75950874108821e-05 0.000117499739243776 3.01557334337676e-05 5.77748542127665e-06 0.000174294819589715 0.317101355410085 0.00110187485465144 0 0 0 0 2.93204284389503e-06 0.681873531546444 8.28582487883978e-06 6.98470671522955e-08 0 0 0.00030130130403162 0 0 0 0 0 0 0 0 0 0 0 0 0 0 0 0 0 0 0
0 7.04325486822199e-13 5.98193921064194e-09 1.72634463524446e-06 5.40649489266798e-07 2.23906390601769e-06 1.65937344718259e-06 1.15748574899044e-05 8.63433524500579e-07 2.12803079193691e-06 4.43591015937272e-06 6.8192085048524e-05 4.28884784923866e-05 0 0 2.10800411878154e-05 0 0.201616066126618 0.3431401294901 0.000522717481233159 0.000173851167292904 0.00159028757807593 4.371027534944e-06 0 4.34609574995193e-08 2.09444280585558e-08 4.22504444941296e-07 0 1.23101752251387e-05 0 1.09250288460316e-07 1.15517946142063e-07 3.88658372685313e-07 0.102583683854823 0.000739845039214637 0 0 0 0 0 0 0 0 0 0 0 0 0 0 0 0 0 0 0 0
4.71030143671669e-06 4.05097758630846e-05 4.17907111114335e-05 8.37112776952198e-05 0.000189402043472142 0 0 0 0 0 0 0 0 0 1.77985540972259e-08 0 0 0 4.02975874891354e-11 0 0 0 0 0 6.7502348155557e-11 0 0.00920650191649202 0 0 0 0 0 0 0 0 0 1.59348312323004e-11 0 0 0 0 0 0 0 0 0 0 0 0 0 0 0 0 0 0
5.45734906154394e-08 1.73103962879395e-06 1.14317572297296e-07 1.4796297182329e-05 0.000140370812746116 0.000230199839684309 0 0 0 0 0 0 0 0 0 0 0 0 0 0 0 0 0 5.54146524223142e-09 3.3414894460293e-07 0.00154612277727786 1.44530091006345e-08 1.32037261124651e-09 0 0 3.75002806585201e-11 0 0.1 0.1 0 0 0 0 0 0 0 0 0 0 0 0 0 0 0 0 0 0 0 0 0
0.000218526297382393 8.82102991478395e-05 0.00357552395726791 0.0590612753911331 0.289970158052165 0.0362333586753197 0 0.0909502959463879 0 0.00107402398976153 4.57866065062262e-08 7.68303394238501e-09 0 1.33093456256006e-09 4.27414974524254e-09 4.81415213471337e-08 4.00916377429894e-08 2.35740760246017e-10 3.12953440939623e-10 0.00069264272456836 0 0 0 0 0.0060251370076994 5.1539585932403e-10 0 0 0 0 0 0 0 0 0 0 0 0 0 0 0 0 0 0 0 0 0 0 0 0 1.4432899320127e-16 0 0 0 0
0.161783989462209 0.559890288114548 0.461246323445812 0.377477053692564 0.0191424074336204 0.00086587722359075 0.00186960968918003 0.000592523509991805 1.58520526838402e-07 4.50389592288047e-09 0.000656207524425867 0.000320626446075567 1.94875084957857e-09 1.41031619715903e-10 9.89682646945767e-10 0 0 0 0 0 0 0 0.00447562262734034 4.05819289284182e-10 1.35934286049633e-09 0 0 0 0 0 0 0 0 0 0 0 0 0 0 0 0 0 0 0 0 0 0 0 0 0 0 0 0 0 0
0.181355087248153 0.000973771639802146 0.00461651086774252 0.00299857742024461 1.79756329998781e-07 2.34086286354795e-08 2.79891310128733e-09 8.13177146483213e-05 1.6741059027936e-08 4.9890928721652e-08 4.55840461654589e-05 0.000172024266794324 1.79263409449959e-08 0.000212843902409077 0.000686419988051057 0 0 0.000395364221185446 1.53064441121842e-09 2.84267276384753e-10 7.78724498218253e-09 3.6280994208937e-09 3.49194562154764e-11 0 0 0 0.0014001308940351 0.2 0 0 0 0 0 0 0 0 0 0 0 0 0 0 0 0 0 0 0 0 0 0 0 0 0 0 0
0.00224014326845724 6.34723692201078e-06 7.45584547985345e-05 0.000493563339341696 6.02630840148777e-05 6.4923100580927e-06 3.49396104866173e-06 3.164805320921e-07 2.66590832325164e-06 1.14306414616294e-05 2.35549250646727e-06 8.56849306728691e-05 0.00121158212423325 1.9382756727282e-05 0.000136253796520647 0.000514194136501633 0.000325258174396326 7.12322478648275e-05 0.00213465194618965 0.00033908523646915 5.46988167116069e-07 2.11507700242919e-10 6.03212811256526e-08 0 0 0 0 0 0.2 5.55111512312578e-17 0 0 0 0 0 0 0 0 0 0 0 0 0 0 0 0 0 0 0 0 0 0 0 0 0
2.6745066861622e-05 1.10893706732895e-06 7.3183191489079e-07 4.53275195155811e-12 2.57571741713036e-15 7.32747196252603e-16 0 6.66133814775094e-17 1.4255263636187e-14 6.31716901011714e-15 2.70930722763296e-06 3.71741116396151e-06 0.000428108312189579 5.80413980060257e-06 2.42427326156758e-05 8.65269161295146e-05 8.70532996486872e-05 0.00020741568878293 0.00065134116551796 0.00407646372914315 0 4.94321916733043e-11 6.54921672449404e-12 0 0 0 0 0 4.24178006142029e-07 0.600004820354786 0 0 0 0 0 0 0 0 0 0 0 0 0 0 0 0 0 0 0 0 0 0 0 0 0
0.000385518232361537 6.55031584528842e-16 0 0 0 6.66133814775094e-17 0 0 3.35165228904089e-13 3.66373598126302e-15 7.59270424310898e-13 2.16956008713964e-11 6.09016802627593e-05 1.2287304507197e-11 1.38777878078145e-14 1.72309944090898e-12 0.000178231380414218 0.000226585799828172 2.31203841849492e-08 0.000950704032410399 0 0 0 0 0 0 0 0 0 0 0 0 0 0 0 0 0 0 0 0 0 0 0 0 0 0 0 0 0 0 0 0 0 0 0
1.99729122130066e-14 0 0 0 4.44089209850063e-17 1.11022302462516e-17 6.66133814775094e-17 0 0 0 1.50102152929321e-14 1.66533453693773e-16 1.11022302462516e-17 0 2.03947969623641e-14 4.50620092351528e-09 0.000295430654659867 0.000177139311563224 0.000193390587810427 7.23147309145133e-08 0 0 0 0 0 0 0 0 0 0 0 0 0 0 0 0 0 0 0 0 0 0 0 0 0 0 0 0 0 0 0 0 0 0 0
0 0 0 1.11022302462516e-17 1.99840144432528e-16 1.99840144432528e-16 0 0 0 0 0 0 0 5.85087533977458e-15 2.30260255307257e-14 6.83529942762107e-06 1.78346326720202e-06 0.000163752806851014 1.43905208460637e-07 2.43776998587464e-11 6.5957062034272e-11 6.51137255225365e-11 0 0 0 0 0 0 0 0 0 0 0 0 0 0 0 0 0 0 0 0 0 0 0 0 0 0 0 0 0 0 0 0 0
