Maxent_result_files_2/B_sichelii_3.asc
NCOLS 594 
NROWS 330 
XLLCORNER -15 
YLLCORNER 23 
CELLSIZE 0.166666666666667 
NODATA_value -9999 
[rows 48 to 71 of 330, columns 275 to 329 of 594]
-9999 -9999 -9999 -9999 -9999 -9999 -9999 0.0992273849219698 -9999 -9999 -9999 -9999 -9999 -9999 -9999 -9999 -9999 -9999 -9999 -9999 -9999 -9999 -9999 -9999 -9999 -9999 -9999 -9999 -9999 -9999 -9999 -9999 -9999 -9999 -9999 -9999 -9999 -9999 -9999 -9999 -9999 -9999 -9999 -9999 -9999 -9999 -9999 -9999 -9999 -9999 -9999 -9999 -9999 -9999 -9999
1.01870071489429e-08 0.100080807402372 -9999 -9999 -9999 4.22459524997976e-06 2.59633470705012e-06 7.23682052921504e-05 3.14256438286975e-05 0.00331371240317826 0.000923805958181856 0.801201257105276 0.102456773006936 -9999 -9999 -9999 -9999 -9999 -9999 -9999 -9999 -9999 -9999 -9999 -9999 -9999 -9999 -9999 -9999 -9999 -9999 -9999 -9999 -9999 -9999 -9999 -9999 -9999 -9999 -9999 -9999 -9999 -9999 -9999 -9999 -9999 -9999 -9999 -9999 -9999 -9999 -9999 -9999 -9999 -9999
4.02978805880139e-10 2.43038922320693e-13 2.06917816214514e-12 1.90682634126915e-09 5.05136304127518e-06 5.96243899053661e-07 4.15939979347968e-08 4.26740189141128e-07 1.75031542312354e-05 -9999 -9999 3.96745178932178e-09 1.29581158034853e-06 -9999 -9999 -9999 -9999 -9999 -9999 -9999 -9999 -9999 -9999 -9999 -9999 -9999 -9999 -9999 -9999 -9999 -9999 -9999 -9999 -9999 -9999 -9999 -9999 -9999 -9999 -9999 -9999 -9999 -9999 -9999 -9999 -9999 -9999 -9999 -9999 -9999 -9999 -9999 -9999 -9999 -9999
0 1.82490689226711e-12 1.47741130440693e-10 1.15589315896614e-11 1.70466418758508e-11 8.41786285121771e-10 4.2893966156754e-11 5.47667999839518e-10 7.97350452330647e-09 1.35363151798629e-09 3.25420579372349e-11 7.26992766431067e-08 5.18678780281334e-07 -9999 -9999 -9999 -9999 -9999 -9999 -9999 -9999 -9999 -9999 -9999 -9999 -9999 -9999 -9999 -9999 -9999 -9999 -9999 -9999 -9999 -9999 -9999 -9999 -9999 -9999 -9999 -9999 -9999 -9999 -9999 -9999 -9999 -9999 -9999 -9999 -9999 -9999 -9999 -9999 -9999 -9999
1.96134553043237e-11 3.18919335384749e-12 5.53685142179461e-10 5.78000713957749e-10 1.29723110031676e-10 7.0680115094035e-10 3.22031290522773e-13 6.80813494469135e-10 6.94838631076777e-12 6.28959107018545e-12 4.34097202628436e-15 1.18069332089021e-11 6.31269330142459e-09 2.22444285213896e-13 2.23654428310738e-13 8.77957791090012e-07 -9999 1.9294899011868e-12 1.32025501642374e-12 1.28039285840487e-09 2.86207324506904e-09 7.29113036612716e-10 -9999 -9999 -9999 -9999 -9999 -9999 -9999 -9999 -9999 -9999 -9999 -9999 -9999 -9999 -9999 -9999 -9999 -9999 -9999 -9999 -9999 -9999 -9999 -9999 -9999 -9999 -9999 -9999 -9999 -9999 -9999 -9999 -9999
3.34014105263236e-10 3.29853371283662e-09 2.52804444045296e-12 1.28385080344628e-12 7.77677922059183e-13 1.32767796756639e-11 7.56148210712126e-10 2.7281510384114e-13 5.95079541199084e-15 3.15279780060962e-10 6.82917056238352e-12 1.51378181101336e-09 6.17728090901437e-14 1.12900394810822e-08 5.9990523659792e-11 5.07640596225656e-11 7.53919948692783e-10 1.31743176368104e-09 4.41625083169583e-09 1.48343364259063e-09 2.25020446720237e-11 1.27483659184691e-09 3.21408926140521e-09 5.60959954043483e-09 0 2.76230878171191e-09 1.14621559532679e-07 5.92729131152603e-05 7.42516135687765e-08 1.99124383470917e-07 1.38917050662712e-07 0.00021138796582818 1.35038158077805e-07 -9999 -9999 -9999 -9999 -9999 -9999 -9999 -9999 -9999 -9999 -9999 -9999 -9999 -9999 -9999 -9999 -9999 -9999 -9999 -9999 -9999 -9999
1.27431398766475e-13 4.10782519111308e-14 8.19122103479231e-10 1.02782024669068e-08 1.70446185165929e-07 1.79800103694561e-09 3.33678307207208e-11 6.82934864215667e-10 1.28137567223519e-10 6.47042641688245e-11 1.96630054460911e-08 6.63771288600401e-07 4.58766820088385e-09 0.899989205598831 6.25987104285741e-07 1.10991198454258e-09 7.93880516880563e-12 7.78267450485259e-12 1.07831077400533e-11 2.68329980457338e-10 1.94377935969214e-10 4.75058969939823e-10 3.16555937018848e-10 9.04499231069167e-10 8.45633894641651e-07 4.23426026827656e-06 1.76488242686901e-07 1.00318850115855e-08 2.53482190792909e-10 1.16114979391568e-06 6.96512302056362e-08 0.111278213679877 0.100217796125467 0 0.000288114574508747 5.34946366315125e-07 -9999 -9999 -9999 -9999 -9999 -9999 -9999 -9999 -9999 -9999 -9999 -9999 -9999 -9999 -9999 -9999 -9999 -9999 -9999
5.16113929371897e-11 1.04832997838145e-10 1.78615788826164e-11 3.97176762589879e-09 2.3015857664177e-09 4.411405463145e-10 2.18453255484974e-10 9.94720323888032e-09 9.7815029675985e-08 1.63254003382463e-07 1.60685175387698e-08 6.6172884949367e-10 4.66230787310451e-09 6.95550340878981e-08 1.91824778994487e-07 4.15740775139284e-12 1.15746301432296e-12 7.53361817373843e-12 7.69538388567526e-10 5.98229332737787e-10 9.43866096392298e-12 8.88414852795449e-10 3.33442651268001e-10 5.44484102249498e-10 8.11443134907108e-12 1.51760393141132e-10 3.10083825283414e-10 4.20379109300484e-10 2.18750351166364e-10 3.78957087932008e-10 1.12883535852148e-10 2.89794002128474e-09 5.95248073054222e-10 6.2180931514888e-10 1.17256471199312e-09 5.850652087247e-06 0.120060754456936 0.92391742169857 2.44716993620386e-06 2.33320020015526e-07 -9999 -9999 -9999 -9999 -9999 -9999 -9999 -9999 -9999 -9999 -9999 -9999 -9999 -9999 -9999
5.42154454663546e-10 2.31757795177145e-09 5.71054314946196e-12 3.23579718575218e-11 2.63002391420741e-08 4.62613058971328e-09 3.78954965185585e-09 6.75893829793495e-09 1.25438059939142e-10 1.4042951988813e-06 1.59217961481772e-08 2.84452266186008e-09 7.3405470857324e-08 1.55405945889697e-09 7.82166296176001e-09 2.50235610010918e-10 1.18902188095404e-10 2.69839706135144e-13 1.15081277840545e-11 2.72337707940551e-14 1.37883038320297e-12 3.12860848339369e-14 8.02313770975616e-12 1.70097780305412e-10 7.50372430857738e-11 1.35425004543777e-13 4.69541294734199e-10 2.66877853150049e-11 6.95417501361817e-11 1.38253508641384e-10 2.00842320552397e-10 9.47710354637366e-10 8.98488483613846e-10 1.87835746956466e-10 1.85163990806814e-09 6.82065515178465e-12 1.25642363180134e-10 2.2897408413769e-10 1.2503950763687e-09 3.44384204709058e-08 8.98073903954355e-07 4.66454184788745e-06 3.25801394751579e-09 -9999 -9999 -9999 -9999 -9999 -9999 -9999 -9999 -9999 -9999 -9999 -9999
6.89217145577459e-09 7.39822837658721e-08 1.49842938057532e-10 4.97628604989586e-12 1.99862348893021e-13 1.11324993667949e-07 1.09869851883104e-08 4.12881924205522e-09 1.21878116488006e-08 8.76539374417007e-09 7.88710451615771e-08 9.13606470476225e-09 2.63232379893452e-08 5.5321667247199e-10 4.14634342860154e-08 1.65824616260579e-09 5.29619114786328e-08 8.09901590237416e-11 4.14087875100222e-11 4.68331062819516e-10 1.52701176148184e-09 4.73773242859465e-12 1.55042609861766e-09 1.17277254574333e-09 1.29608164201045e-09 6.24337248567031e-11 1.19571019752129e-14 6.36664276854049e-11 5.34723709755269e-11 2.28109930944242e-10 7.13319736611595e-11 7.32776506140453e-11 8.23071721889335e-11 0 7.39560523932425e-11 1.04476882700766e-10 3.93285848332425e-10 2.07612371738719e-11 4.68393102082132e-12 1.31348920628938e-10 7.80353448526228e-11 2.58558419119481e-10 9.46602796148e-11 1.98967620157475e-11 1.19133558573736e-10 -9999 -9999 -9999 -9999 -9999 -9999 -9999 -9999 -9999 -9999
4.23257517923048e-09 4.82627285691706e-08 2.57111082646588e-07 1.99302485626163e-10 3.1947055845194e-08 5.62043760510278e-07 1.1286829249002e-07 1.78510290993472e-08 1.62663358338477e-09 4.102816975049e-11 2.33632047041965e-10 3.1546543155514e-12 1.98037142240537e-12 2.26907337363969e-10 2.97195468235145e-10 6.09961414710369e-11 1.02435997177963e-06 1.11309428341144e-10 1.72117875507638e-13 4.09839273629586e-11 1.97220018094413e-11 3.44991812895046e-12 1.42464928742925e-12 5.95079541199084e-14 2.3866417731e-10 7.84405873588412e-13 1.36857192245543e-13 6.637175253843e-11 1.98554594987854e-10 3.53988283130491e-10 7.65166818794683e-12 1.06819530998337e-10 3.94242416490442e-12 0 0 1.96946903230355e-12 9.80771019953863e-14 2.63733435090785e-10 7.24157622755683e-11 3.47576323278531e-10 1.36665034844441e-10 5.83167958367881e-12 5.30794297404213e-12 3.20294968325641e-10 1.54258628093373e-10 7.250727129815e-10 1.66955493874354e-10 3.24629612080685e-10 1.02096189280587e-09 -9999 -9999 -9999 -9999 -9999 -9999
2.15258850744249e-09 1.08768114515101e-09 6.00543671680498e-07 3.2271507688364e-11 2.30927934552483e-09 3.06816394513021e-10 3.1095783725732e-10 1.12209863800672e-06 1.23696750620184e-09 3.4112823676935e-11 1.27023491724998e-10 0 4.325761970847e-12 6.40117470140922e-10 0 4.92398344320577e-12 8.84376731846714e-09 1.51421488681081e-07 1.76374712168581e-08 8.88435991441838e-12 7.17781389880656e-13 5.99300609138709e-12 9.20152176675515e-11 4.23123758253041e-12 3.58244545139996e-12 4.42978986825437e-15 2.25375273998907e-15 1.0256684390697e-12 1.01832116072842e-09 6.20399620565593e-11 1.33290489756632e-11 6.01851857240376e-10 5.90967275115872e-12 4.70531169582955e-11 1.62957647376061e-11 0 3.48498652158469e-10 3.43137918079606e-10 8.44456726767362e-12 8.79775141626737e-12 4.50030013254832e-12 1.79360193364175e-11 1.08109854402016e-11 2.18363105375374e-11 5.31155475158585e-10 8.08898503734667e-12 5.77204950502619e-14 1.89304127928835e-13 6.13032957730297e-11 2.69617661530219e-12 3.3053282333384e-10 1.25059571587371e-08 -9999 -9999 -9999
8.3842968123804e-10 6.55966942986197e-09 6.51114942229469e-07 2.03912424723285e-09 5.48714185200083e-10 3.34561267578692e-12 3.0007392126663e-10 1.02540165247689e-10 1.51726089825388e-07 2.29594334655303e-09 6.56363852158393e-14 9.17220646101669e-09 0 5.39796984888596e-11 6.22733796262764e-07 9.06668105926656e-08 3.76853022316936e-06 2.43827180668177e-10 2.84827050833769e-11 1.20414642879041e-07 4.02829641643621e-08 5.45533040963164e-10 4.94228515890427e-08 4.71800820633916e-10 1.03634167913924e-10 9.55020507120707e-12 4.13063716564466e-09 8.3357765134906e-13 4.75021244561447e-11 4.55105952923418e-12 8.23785484271866e-15 3.1641356201817e-14 3.24015703156988e-10 1.58705715236351e-11 6.74293954006089e-13 1.46135326062335e-12 3.31944471909651e-12 2.9424351843943e-12 2.13166595486314e-11 8.02536925803565e-12 7.04449276689445e-11 4.60616389474922e-10 3.64685703857504e-10 8.79141204279676e-12 9.05692187913587e-12 1.72861724934137e-13 1.07677111671478e-10 2.40203701373787e-10 3.71853925429377e-10 4.16690015825338e-10 3.55297125054221e-10 1.84156312421635e-10 2.94729352035006e-10 3.43811734637711e-10 1.28206512073348e-10
1.05615349799137e-10 1.51296912775933e-09 5.98860472322826e-10 8.4338633854486e-10 2.93379831539653e-10 2.34151661970827e-07 1.366744754705e-07 4.16498524558051e-10 1.55897180320608e-07 8.07520272871898e-10 1.00819343984426e-09 9.92663395926741e-11 4.83414730467757e-09 5.45042857993394e-06 3.57969128117475e-08 8.83539314600057e-08 5.07063703025779e-08 3.41586448485032e-05 1.10664984731557e-08 1.59845281455517e-10 5.75834746996406e-06 1.12289058051829e-07 1.90282648304674e-08 1.85610062430896e-08 2.19611720240209e-06 1.29975941121074e-10 5.77126901823988e-11 2.33074093358709e-10 1.1260992138773e-13 4.36547464843784e-12 1.6208286268693e-09 2.39752111497182e-09 2.58671306596625e-11 3.41642492074357e-10 1.86737847407414e-11 3.13653969463701e-10 4.45909487112317e-10 1.77579695392893e-10 3.17912962621847e-10 3.44102057958651e-10 7.7023831757117e-12 4.22651602605129e-10 7.56015250402697e-12 7.58874074691107e-12 7.40131289589385e-12 7.34043936745366e-12 7.14058812079088e-12 7.14732717455036e-12 7.22872872671587e-12 7.33525462592866e-12 7.28866966781538e-12 7.30243643332074e-12 7.08353375955539e-12 4.07818756542611e-10 7.04473146484474e-12
2.56144448940177e-07 1.13668519929888e-08 7.80883135931276e-11 1.78234094150298e-12 5.29952748351548e-12 1.23006556052019e-09 5.1047516080871e-08 2.50173116000951e-08 2.9571238790993e-10 1.04924751553881e-08 1.52053014623732e-10 1.19709353540998e-11 4.97865748627646e-10 1.93683248994603e-08 5.69074787293289e-12 1.15052529281456e-08 7.06556058105434e-10 2.3473956112241e-11 3.9581063759897e-09 1.76904876525441e-08 2.73652767113219e-11 4.7121588409027e-09 6.75643985204033e-12 2.11144924833206e-07 3.66078420483973e-06 2.70857299256022e-08 6.5132010895752e-12 8.99613716853764e-14 7.17673476202663e-11 1.14757092717355e-12 5.75717251649621e-13 1.69740888011916e-11 1.33125621637475e-11 3.68056918276238e-11 5.7939208986113e-13 8.75549632795014e-12 2.26985097384613e-13 6.76536604515832e-13 2.15568345396377e-09 1.08648645635867e-12 2.57674370729433e-10 1.35139177626087e-10 3.50433460027944e-10 7.66612329172744e-12 3.28542393290832e-10 4.28076241121289e-10 7.36646299515087e-12 4.02510380581589e-10 7.36820604529953e-12 7.42054195868036e-12 7.34217131537207e-12 7.19809767346646e-12 7.07184311110609e-12 6.86308787578582e-12 6.6983196767012e-12
1.54620124703797e-08 8.87872261046141e-08 5.44284937120665e-09 1.3993867469253e-07 9.51438196352683e-06 1.66838365345257e-09 6.22128538907418e-08 1.03769559700595e-07 6.23952889355905e-10 8.20558767600232e-09 3.60268792576335e-10 2.54497564355916e-08 2.37590502827345e-11 1.58845936404362e-11 6.91671061758825e-08 2.07190907985932e-08 7.14868690465664e-08 2.43760325702169e-08 1.47720854215549e-08 5.55242536393052e-08 5.25679097336251e-06 2.11751283174522e-11 1.70328977588952e-09 1.84165016570148e-11 1.60622590783532e-09 6.0525460199301e-10 1.33675541746925e-07 1.6565637750432e-13 6.63030741421267e-12 9.61009050115536e-13 1.18564047468794e-12 2.22044604925031e-17 4.04787314778332e-14 7.69362351604741e-13 1.32227562232856e-13 6.78346268045971e-14 1.30151445176807e-13 1.2525536163821e-13 7.11254433127806e-10 3.93254317998526e-12 2.67941224763035e-13 2.96862534554521e-13 2.83646439669383e-12 3.89910326248355e-13 4.69890792942351e-13 7.31451565982866e-12 7.21169790551812e-12 7.20149495592182e-12 7.27835569591662e-12 3.64639474170758e-10 7.14227565978831e-12 7.06184000165422e-12 6.99220681354973e-12 6.8372307815423e-12 1.73439040906942e-13
3.33539946950623e-07 3.07389029785554e-09 2.30666730161033e-10 1.09060358965962e-08 2.63604050587674e-08 1.79742960426665e-07 2.59911388411638e-08 1.72299209566518e-08 4.63280821350054e-07 3.57900660219457e-09 2.72627431741057e-08 5.46396528022797e-09 2.17850611079484e-05 3.78847812498861e-07 3.97619123759796e-07 4.37365815741941e-07 7.27044877635308e-09 2.58536161368283e-09 1.08217979022385e-10 2.14922191155154e-11 2.63650630216716e-09 3.38365602203794e-10 3.38274901423574e-09 1.17499645568842e-09 3.40215038363567e-09 5.62977788831631e-08 3.30681837468205e-10 5.04465127448839e-09 4.09605682705205e-12 2.30219021624123e-10 2.17013762515705e-10 2.36685115950763e-12 1.80365100632685e-10 6.72134126133983e-11 1.24800170198114e-13 2.26485497023532e-15 1.21247456519313e-13 3.91575660785293e-14 9.72777414176562e-14 2.09418038465969e-12 4.24327240011735e-14 1.09610098775192e-12 2.34257058195908e-15 1.18882681476862e-13 1.22695187343425e-12 1.47182266374557e-13 3.91475740713076e-13 2.62945221152222e-13 7.08019198825127e-12 1.46216372343133e-13 3.10818037974059e-13 5.4044546615728e-13 1.40198963549665e-13 1.37678757283766e-13 6.39561736903715e-12
2.297540413565e-06 3.57454518962186e-07 3.68628718661057e-08 2.46629298317202e-08 1.32359025428741e-07 3.04828154185088e-07 3.30251646118995e-07 8.29062901175348e-07 5.12696169607807e-07 3.88657372241141e-07 -9999 6.68579902551869e-10 4.79607115266845e-07 8.74129227668163e-08 5.2803915906452e-09 1.7091283943671e-11 6.3877791944833e-13 5.42338227660366e-09 2.33574604102671e-11 1.21820553644625e-11 7.08321667985956e-10 4.35041762614219e-09 1.1903213817277e-06 5.32531281294268e-09 2.99674411508022e-08 4.69495127219943e-09 3.20693738231625e-10 1.41963827360314e-09 3.07259533371962e-09 1.38019942141909e-09 1.93182803087666e-11 5.41963141031943e-12 3.18454151937431e-12 1.0493828028757e-13 5.62425661598809e-12 1.38970390750615e-11 6.2728489069741e-12 2.61031196657768e-12 1.31662580837855e-10 1.27864385746079e-13 8.61644089411584e-14 7.83993980846276e-12 5.96055427237729e-12 8.38329405894456e-14 5.21804821573824e-15 3.86330967216963e-12 8.33000335376255e-14 4.04243305496266e-13 1.17905685215192e-13 2.05191308388919e-11 2.48012721471014e-13 6.88477053145675e-12 1.06156194945584e-12 1.11671782931921e-12 5.53551315896073e-11
1.35338879658775e-08 1.0000000116861e-08 2.78336731440731e-09 1.84327964003472e-10 2.12740360439057e-07 2.93561104314222e-09 3.50492328493601e-09 5.76133363239251e-11 7.87324552220525e-07 9.79777360043954e-07 -9999 -9999 -9999 1.94639593331658e-10 6.59550732962089e-07 2.9329854100979e-10 4.30743218871044e-11 8.14297296258815e-11 1.17412604083711e-08 1.60256263814773e-10 2.63996868810068e-10 4.0652072819114e-10 1.39181636882313e-08 6.27191321100895e-10 4.37384573004351e-12 6.15251183333498e-12 2.04749661669723e-11 1.1421674717127e-10 1.982270170231e-09 9.81249526077477e-12 2.90681032311113e-07 2.63658650467846e-11 1.60235003043852e-10 1.61426427780498e-14 1.87516668859189e-14 1.88737914186277e-14 2.17603712826531e-15 1.6938672686706e-13 8.60433946314743e-13 3.29070104498896e-14 5.83927350916724e-12 2.08499884024604e-14 5.51625412015255e-13 1.71307412699662e-14 8.4044993187149e-13 1.27688970508189e-12 1.16038290087772e-12 4.47175629858521e-13 1.11366471600149e-12 1.43741463176639e-11 6.80665523944413e-12 6.70622446463653e-12 6.62132570994345e-12 6.43497477526012e-12 6.22442097863995e-12
1.12458174328367e-08 2.62086950897356e-07 1.06999024751531e-08 5.12546739628306e-07 1.0758985524717e-08 7.63962543715024e-07 1.03662500805513e-08 3.27321686199866e-07 7.82148603661881e-09 1.86172803751106e-07 3.24151088193503e-09 3.18185038850061e-07 -9999 -9999 -9999 3.24594005007839e-09 -9999 -9999 5.15109066512309e-12 2.67928186303834e-09 3.43156375492981e-07 2.63213761897418e-10 2.91959537435105e-08 4.79636885764023e-11 5.18081037625961e-08 4.1596646127573e-09 7.23666971680359e-08 1.64676009717368e-08 9.56972612264906e-11 9.43689570931383e-16 1.05951392104231e-10 1.37130118371687e-10 7.88258347483861e-16 9.88653603428702e-14 7.21644966006352e-15 2.16626716564861e-13 1.85784720940774e-13 2.22710738739806e-14 1.32767241645126e-11 1.54121160278464e-13 5.25135490647699e-15 2.82340817392424e-13 1.24000809620384e-13 2.12052597703405e-15 1.10883413562135e-11 7.99455435185337e-10 7.69539987288681e-13 3.76703224169717e-11 3.08330028175874e-11 3.34516858657707e-12 1.10361719762864e-12 1.00845998218801e-12 4.38815650483093e-13 3.92533783255544e-11 1.8284818104064e-12
4.35863678482917e-11 7.78110589294556e-09 1.42025146487867e-07 5.01598378832568e-07 2.89784480855815e-09 1.31115336898802e-07 4.13415524036509e-11 7.63998104957864e-07 1.11091100762906e-09 6.79772571565707e-11 3.58650169118846e-08 2.12490635931317e-07 5.231753220869e-07 1.91175035979541e-07 -9999 -9999 -9999 -9999 -9999 -9999 -9999 -9999 2.0482045783865e-07 -9999 6.22250029280735e-11 3.92502697010855e-12 2.41995645744453e-11 1.35087905306364e-09 9.58074437562573e-09 4.90698481847574e-11 7.04947211715989e-13 6.74420963520106e-11 1.26969557090462e-10 4.9515946898282e-15 1.14630527292547e-13 6.37543351444947e-12 7.43530792490787e-12 1.72273306731086e-13 1.89293025698589e-13 1.06692432666478e-14 1.97841742988203e-14 1.39891431771844e-12 3.75248720985155e-11 1.27631238910908e-13 9.35673760693589e-13 1.65325531042981e-11 1.48925316523219e-13 4.69452254847624e-12 4.17544088193722e-10 4.27358148868962e-13 4.95381513587745e-11 4.09695055658688e-11 4.88117435359925e-11 1.09147468840831e-11 7.81084086298733e-12
6.84251244820189e-07 1.41463524414576e-06 2.07335529012198e-07 1.96611136260572e-09 2.42792225435551e-07 1.99353813457037e-09 5.77302080273512e-07 1.19420818123217e-08 2.09960077768301e-08 8.76496926593973e-08 9.21934306674643e-11 1.05373806036368e-07 2.17527326640266e-07 1.92300824153335e-09 7.67832162296145e-09 7.89853942251284e-09 -9999 -9999 -9999 -9999 -9999 -9999 -9999 -9999 -9999 -9999 -9999 2.73021050212208e-11 7.50313144948223e-12 4.2167558333972e-11 1.35002187207078e-10 9.48945189094275e-10 2.49386178374778e-10 2.77379541557821e-10 3.02572411570168e-12 4.44625847251245e-10 2.7091579113403e-08 1.13480666641408e-07 2.0886847806878e-12 5.83977310952832e-14 8.55826520762548e-13 1.11965992033447e-13 6.06181771445335e-14 2.84106072001578e-14 6.46260822634304e-14 1.68908220743447e-12 3.05017122670392e-12 1.75748304798162e-14 4.96411800554597e-12 3.30846461338297e-15 9.05553410035509e-13 5.04507435827861e-11 1.27067245614398e-12 2.63693511470819e-11 1.56805457507403e-11
4.28129510510189e-08 2.49177873001827e-08 3.02178770894557e-10 4.0141304680219e-08 6.52091824981937e-11 1.76943885321634e-08 1.62931982572445e-08 1.14109433013709e-10 1.17795991627645e-08 2.10263067401684e-08 1.94907215700368e-07 4.39809522134738e-10 7.33302499611454e-08 6.95846074449946e-07 3.66092223202941e-09 1.21400078878509e-10 1.73713421425248e-10 1.4994591310824e-07 -9999 -9999 -9999 -9999 -9999 -9999 -9999 -9999 -9999 -9999 -9999 -9999 -9999 -9999 -9999 -9999 -9999 -9999 -9999 4.33623164042274e-09 1.30391331065738e-10 3.29523075492943e-11 2.05260919372563e-11 1.02473585172902e-12 5.55466783680458e-13 5.23581178413224e-14 4.69846384021366e-14 8.35664870635355e-14 1.15774057007911e-13 2.1094237467878e-15 9.8987484875579e-14 2.30926389122033e-15 9.12492303939416e-14 2.8421709430404e-15 2.30038210702332e-14 2.12631023899235e-12 4.62457849792486e-11
8.48159252200276e-05 3.68297841494947e-05 3.20826698541055e-11 8.76555986906169e-07 2.98209723581522e-10 3.77105209281581e-09 2.47383500351361e-09 9.47990713484614e-08 1.44695690096341e-08 6.50898623888452e-10 3.46569748899128e-08 1.40061784392742e-09 9.88248372024714e-11 2.04558725513948e-10 3.23470175089824e-09 1.1936329258333e-08 8.21441403786594e-09 8.07345622888533e-07 5.77419889680186e-10 1.09419055149829e-08 1.23602660551114e-08 4.31088498231702e-13 -9999 -9999 -9999 -9999 -9999 -9999 -9999 -9999 -9999 -9999 -9999 -9999 -9999 -9999 -9999 -9999 -9999 -9999 -9999 -9999 7.67497176923371e-14 5.90938675770758e-10 1.27314736531048e-09 5.06981789882843e-11 4.46895853656315e-12 6.50087272902056e-10 -9999 -9999 -9999 -9999 -9999 -9999 -9999
