Maxent_result_files_2/B_soroeensis_3.asc
NCOLS 594 
NROWS 330 
XLLCORNER -15 
YLLCORNER 23 
CELLSIZE 0.166666666666667 
NODATA_value -9999 
[rows 200 to 219 of 330, columns 460 to 505 of 594]
8.79176953461069e-11 6.55554832640348e-11 4.62626714714531e-11 3.07891864537169e-07 1.70041203340077e-10 3.93047261404433e-11 4.64737248684344e-11 6.87647161434768e-11 5.86990456241665e-11 7.86649079209667e-11 9.1556007220106e-11 1.04858621785553e-10 9.46171141436025e-11 6.12541128930388e-11 6.74945765943846e-11 7.41528838332783e-11 7.717049221867e-11 4.04729694203354e-11 5.76702574583976e-11 8.01450794618574e-11 7.32449212392794e-11 8.54358583879389e-11 1.21132848196481e-10 4.04106583640207e-08 1.87174575838611e-10 8.41747249680225e-10 2.2786904585459e-10 1.0271159467834e-06 1.88430393510686e-10 9.81118963849781e-11 2.91660084972278e-10 1.11329684343242e-05 1.24651137444198e-05 1.59944866549244e-05 1.03443744491338e-05 5.61239139688086e-06 4.56980748149149e-06 2.99963780323598e-06 2.85671618771577e-06 2.74245892912806e-06 2.77239715560373e-06 2.79033224617198e-06 3.24163003144751e-06 3.5239000198084e-06 3.64592132203745e-06 4.27412142023353e-06
6.23377016673032e-11 6.02751293321546e-11 7.12864656193801e-11 4.8051229661894e-11 3.96386035106389e-11 4.24752344407864e-11 4.79119521834548e-11 7.91969489988276e-11 1.03944575169379e-10 6.72294664383344e-11 6.33467278632338e-11 8.6915097341489e-11 8.39970870636364e-11 5.71284242134595e-11 6.1816418650551e-11 4.31606972384202e-11 2.38630781801419e-11 2.72022737668465e-11 2.01942018662749e-11 5.0262149997593e-11 3.05025227298472e-11 2.9447888572065e-11 4.60688043268931e-11 6.59695742477595e-11 4.72678229890278e-11 4.31521258439371e-06 5.09306293172695e-06 1.14652749240496e-05 5.65102598490963e-06 5.81551992899776e-06 2.04857565115457e-05 9.29102416282745e-06 1.16777941631452e-05 1.66192311422564e-05 2.80002584921446e-05 1.17525185246881e-05 3.33787237405403e-07 5.24478205126133e-06 4.02466965320203e-06 3.65085195451753e-06 3.37438477819862e-06 3.31785512932559e-06 3.66650850803785e-06 4.23847161034052e-06 5.4231326445886e-06 6.21554978827987e-06
5.69806979378029e-11 6.74427957925161e-11 3.68975960896023e-11 6.14591599834569e-11 3.24614113367261e-11 9.04300412329917e-11 8.20388756928025e-11 9.49230138935775e-11 6.93335722168342e-11 9.08719099967925e-11 6.83131773371315e-11 4.92298202203756e-11 4.92217600012168e-11 4.65128380255919e-11 2.35152119998361e-11 1.60492619194486e-11 1.61607727200419e-11 6.18015971731722e-11 9.01155816634969e-11 3.59003382577328e-11 1.72834191403126e-11 1.95866541902179e-06 2.60387889916558e-07 3.14126957778882e-07 1.94980209189399e-06 2.14147194133041e-06 2.54447021758031e-06 6.02585681008794e-06 9.67193994068083e-06 2.7740592307135e-05 3.04044922803781e-05 1.11359464836536e-05 4.19806659990307e-08 7.61116736416323e-06 1.50129176502589e-05 3.06253456860639e-05 3.64594449271283e-05 1.50339785711551e-05 8.70806338496566e-06 9.29611111986084e-06 5.092847690924e-06 4.65582023937428e-06 3.71329758861449e-06 3.58996538372125e-06 5.53156065413729e-06 6.87644481366378e-06
2.57159737948598e-11 3.48207129796663e-11 5.26003351986049e-11 6.62637500425944e-11 8.68621063965236e-11 7.68478725099442e-11 7.3276329448646e-11 6.34999386406321e-11 5.2276449835631e-11 5.11593101215624e-11 3.61305430018888e-11 3.7304881406186e-11 2.62783461657534e-11 2.24485985356182e-11 2.0541857104206e-11 5.13287257142281e-10 1.60209818966806e-08 2.6962121211227e-07 2.2815175782398e-06 1.71764890098958e-06 1.81257730674789e-06 1.8626196066629e-06 1.94046848496221e-06 2.02685114919499e-06 2.10676728337189e-06 2.06473962416354e-06 2.25634786110707e-06 2.59048676463092e-06 8.02677597872004e-06 1.82163337703267e-05 2.09462256591797e-05 2.24079844213909e-05 8.35505204843656e-06 6.96322731243981e-06 8.87124852395616e-06 2.72104017343122e-05 4.97874989582869e-05 8.76273356673951e-05 5.89301093047778e-05 1.95892882040138e-05 2.78140925318193e-05 8.66920720118403e-06 5.71658863247615e-06 4.35577642728946e-06 5.02726287336941e-06 5.96468917675175e-06
4.96503504976431e-11 6.59429733040895e-11 6.69107103057343e-11 8.20141843327349e-11 8.0681838987573e-11 6.75983713449568e-11 4.38474367925323e-11 3.83090226208083e-11 1.85875093094978e-11 1.47688195006879e-11 3.86480625280683e-11 1.16310738818015e-11 9.64290869376328e-12 3.40615182725656e-09 7.25928809286458e-08 4.87936377968623e-09 4.6066336523154e-07 1.52398024512168e-06 1.66965551501308e-06 1.75306134766462e-06 1.78681202388509e-06 2.25446984251088e-06 1.9186322561815e-06 2.02176511280294e-06 2.16150351403099e-06 2.22527561994923e-06 2.87852208834538e-06 2.97011066093811e-06 4.30505929563951e-06 1.13911263797672e-05 1.09368898854934e-05 5.62831941658404e-06 5.94057065010922e-06 5.29818401354687e-06 8.49500105599699e-06 1.13516873817998e-05 3.64454250971757e-05 4.95262632148608e-05 9.05884009058888e-05 0.000174789002966236 0.000156435118833542 4.85336931562719e-05 2.79119826795293e-05 1.18743865339166e-05 7.73291814942789e-06 7.03353881019719e-06
8.18855983020228e-11 8.84029294212496e-11 8.0995810058937e-11 7.71370523011683e-11 6.58180399071284e-11 5.07500930169158e-11 1.68002722844562e-11 1.10847442336137e-11 1.18455689701591e-11 7.93404120180696e-11 3.97460730994226e-11 1.82349921828973e-07 1.36229343583594e-07 2.02109957214702e-07 2.8001781835485e-07 9.973078633152e-07 9.0122983067431e-07 1.51993526886773e-06 1.59118074238851e-06 1.72101059948693e-06 1.7969728987266e-06 2.55188205087187e-06 2.00273797495987e-06 2.11988519570605e-06 2.23361117041021e-06 2.34277858430776e-06 2.76238086031055e-06 2.62821910310684e-06 3.19007488938095e-06 2.71787296033388e-06 2.84307239960535e-06 3.47981457451407e-06 7.32174007066488e-06 7.67512274627569e-06 4.57141964484986e-06 3.01270830137534e-06 9.83086555143009e-06 1.23706095675136e-05 3.6436863322864e-05 6.39896495159831e-05 0.000232503206825641 0.00172481467016041 0.00154507984407246 4.50122516621243e-05 2.42103723171461e-05 1.7431545256763e-05
8.11877343132039e-11 7.20752457716856e-11 6.72212174812614e-11 5.50222867268246e-11 3.1273239553542e-11 1.1707512737047e-11 2.12050754733184e-10 2.12823358936021e-10 4.55219865136414e-09 5.62021651773215e-08 1.99945579559824e-07 2.91908472149771e-07 2.77899896161671e-07 3.22296656207754e-07 4.52380641036143e-07 1.13808217180322e-06 1.47714447538139e-06 1.48931222984094e-06 1.58488090852282e-06 1.83757474033763e-06 1.92560879120895e-06 2.09730408221587e-06 2.13773673801709e-06 2.32364854289013e-06 2.47624324357654e-06 2.50697321130255e-06 2.59328668663628e-06 2.69323518206077e-06 2.64846485057424e-06 2.8165653593426e-06 2.79198501497158e-06 2.71681761908615e-06 1.01415041120489e-07 8.78875767273968e-08 1.09094257326303e-05 4.76622929448389e-06 1.44171387620462e-06 1.61101223608018e-06 8.07549820776021e-06 2.04981771426804e-05 6.67358498099624e-05 7.04498628309125e-05 8.87660046117844e-05 0.000110277290519889 4.8948929125181e-05 2.56492618392667e-05
7.27592652793874e-11 5.08615038974369e-11 3.21071946807194e-11 2.47005083053864e-11 1.12551967745844e-11 1.31687438731376e-11 1.75063075147364e-11 2.33054804255062e-07 2.7698722817604e-07 1.98598095035862e-07 1.97938334522973e-07 3.10189785857062e-07 2.4063669084029e-07 2.37663294910817e-07 1.82050148467283e-07 7.19587367470353e-10 1.77284489107921e-06 1.59112872509803e-06 1.69941927504746e-06 1.91628643666508e-06 2.13883692580241e-06 2.2594635552986e-06 2.30355797313786e-06 3.4868572390101e-06 2.62516513130917e-06 2.78599078650243e-06 2.95075797160926e-06 2.97644854327928e-06 3.09354805073658e-06 3.29416615086897e-06 3.20533468292084e-06 3.17673467919999e-06 4.26540949465259e-06 3.12206653430014e-07 8.93067356301236e-06 3.45374331869319e-06 2.53006486148344e-06 1.78001773889491e-06 4.00695649360738e-06 1.05742495587924e-05 5.56740336216111e-06 9.10176308620558e-06 3.68130007556422e-05 3.7298328388502e-05 4.46855105025179e-05 5.1060766590838e-05
6.25677287757753e-11 3.1373148523528e-11 3.07621927930768e-11 2.17480033981587e-11 1.1177991865452e-11 1.15791487509398e-11 3.07774450369891e-10 1.3433653300865e-09 1.72547438648252e-07 1.17925558207332e-11 6.69770317429652e-08 5.90419705459588e-08 2.72031270232009e-07 2.33227071089193e-07 3.92811742966348e-07 1.71001894112566e-06 5.2874573416295e-07 2.40066703482977e-06 1.785752886585e-06 2.03554666978745e-06 2.23793138244277e-06 2.36810032859802e-06 3.0543562723695e-06 2.62647214542833e-06 2.76467837247996e-06 2.94655290530299e-06 3.20881980511167e-06 3.31026604292184e-06 3.38782090728573e-06 4.91001933996538e-06 3.56802001979517e-06 3.56995648396197e-06 4.59008238459235e-06 7.53379402274046e-07 1.63882221492218e-06 2.89115641779469e-06 2.79406908516577e-06 5.73915532171565e-06 2.51218734851344e-06 4.96097315203503e-06 5.72524212323344e-06 6.09949938042975e-06 3.86700558892006e-06 5.15844989575909e-06 1.99501492522014e-05 2.729728719989e-05
4.76576000885132e-11 3.02481484304451e-11 2.60994559297956e-11 2.18820739306125e-11 8.07452993356605e-12 6.70097486388244e-08 8.52846682164454e-12 6.801780250143e-11 1.14808784701381e-10 1.32321707257965e-08 2.5635056568607e-07 3.61161406958743e-07 2.6893186950705e-07 4.0276764681213e-07 4.4413508819563e-07 3.00052747825852e-07 4.44351484019112e-07 1.81183122885953e-06 5.7846653779281e-07 2.08509124627332e-06 2.21012919308095e-06 3.31750611016757e-06 2.57692617292582e-06 2.77742533033587e-06 3.73428276851939e-06 4.2246493663467e-06 4.02819988332137e-06 4.28675834335257e-06 4.18504907080397e-06 3.32534614427837e-06 3.85670121560988e-06 5.49607973823196e-06 3.39316481027252e-06 4.72952095453838e-07 4.40244690935732e-07 7.35164751097805e-07 1.56104588600048e-06 4.30554352869317e-06 6.68077387931953e-06 2.97436882291668e-06 8.97748981318891e-06 1.86221894129535e-05 1.29528724677419e-05 1.55960756147322e-05 2.34120766633983e-05 2.02225137733492e-05
2.80591994084034e-11 1.86696769155503e-11 1.76854864086806e-11 1.423465789685e-11 6.8634431471537e-12 9.60002077832201e-12 2.06743222719297e-07 8.75448886716867e-09 1.6908749814748e-07 2.96799734034181e-07 3.24129807938167e-07 4.53040860237675e-07 2.93751794844255e-07 5.36704284626044e-07 4.22727696103298e-07 3.38256648346746e-07 2.65670763699433e-07 3.33653675854695e-07 5.1260071561865e-07 1.48943029111281e-06 1.47114380674163e-06 2.25299653640043e-06 3.68585726513437e-06 2.34841893851367e-06 2.74320034026054e-06 4.20366629733104e-06 3.25688625572029e-06 8.39634172555837e-07 1.26767340798972e-06 4.73228569483064e-06 5.52082374657425e-06 5.84123898847988e-06 4.64444510384077e-07 4.36825664418272e-07 4.49148730752302e-07 7.92150473238884e-07 1.76282127177796e-06 1.74733548939932e-06 3.39467943158978e-06 2.13611269580527e-06 3.52697319019324e-06 1.49991074726241e-05 1.49850034109389e-05 2.29444642045218e-05 2.8137578460552e-05 2.81308796345137e-05
1.38590805498495e-11 8.08934030871455e-12 8.78296324557937e-12 7.34161087478924e-10 1.25254528970942e-10 2.4567625711569e-11 1.59292145707202e-07 2.62334171541312e-07 2.71805324947305e-07 5.6328070785483e-08 2.8308883570638e-08 7.59618862311573e-07 2.59906906774354e-08 2.98891825600833e-07 2.51621051172712e-07 3.68766323222136e-07 1.23960370306264e-06 5.76889903414202e-07 1.98039863660293e-06 1.85213783068239e-06 1.45574333585419e-06 1.33212140041028e-06 3.18123743809906e-06 2.47958281921479e-06 2.17510160749335e-06 1.35159112796268e-06 7.56246690492013e-07 7.08927816450711e-07 6.86273234218326e-07 6.76842527391752e-07 1.17631006709695e-06 1.37057114344419e-06 5.48029755786938e-07 5.58396891037205e-07 5.8285626859389e-07 5.0054871864047e-07 3.39483453100087e-06 4.46174885496697e-06 1.56375425941491e-06 2.74619344952098e-06 3.48362997396601e-06 5.55998711380124e-06 1.13153992080006e-05 2.24268294787833e-05 1.84755151229177e-05 4.48224396465302e-05
2.10632733477212e-11 7.82273135158107e-12 8.27752311138852e-12 9.07564023933105e-12 3.09447060753421e-08 1.91891165401969e-08 2.15392939040271e-09 1.71267801940544e-08 5.34237638105672e-07 8.2282439806125e-08 2.39574043002788e-06 2.23775617971267e-06 2.91117206896452e-08 2.03961120781582e-07 3.21029698258091e-07 2.7246653897528e-07 2.89267239306223e-07 5.99536454637395e-07 1.73068309693436e-06 2.20674299484802e-06 1.16431328579525e-06 1.52059926865622e-06 3.01722896227652e-06 3.89995577425584e-06 3.80769592244201e-06 1.81889386728917e-06 8.32577313847338e-07 6.54154164037024e-07 6.67417566924122e-07 7.04374689797227e-07 8.69269087133695e-07 7.07738735716834e-07 6.98624506245693e-07 7.18148462819368e-07 9.44014396841997e-07 5.86343014064017e-06 5.01942982910064e-06 4.93388510325321e-06 1.40124677848741e-06 4.00960405321227e-06 1.8541552675333e-06 3.35366479622401e-06 2.9454961504638e-06 4.55857486217903e-06 1.17873235881971e-05 1.99611923633825e-05
1.16070930644696e-11 5.65224533843889e-12 6.09621242375624e-12 8.63643601078934e-12 8.74141869999789e-12 7.47933937006451e-12 8.7736817810935e-12 1.51512469237502e-11 1.55417123615109e-11 1.09397446657056e-10 5.38759802992672e-08 1.12486322479954e-06 8.31146243285286e-07 5.69176918074898e-07 4.91356605014648e-07 3.24558957409682e-07 3.82246977537193e-07 4.55226805173847e-07 3.80966791346804e-07 8.71213674136229e-07 1.74363071285821e-06 2.31083401446286e-06 2.02909117196226e-06 9.68249279298394e-07 1.67502973503764e-06 1.11538996377947e-06 2.14682634328556e-06 3.31828866564354e-06 1.02203685916624e-06 7.26349011448413e-07 7.44078304804052e-07 9.38675804973421e-07 8.66304668811768e-07 8.69576411333117e-07 9.7639024491114e-07 1.28816898308237e-06 4.08213355743703e-06 6.32638844401123e-06 6.91600663598191e-06 1.72949384631416e-06 2.58743181679177e-06 7.07161715151061e-06 4.1024332890105e-06 8.93840795567202e-06 1.50464336027056e-05 5.11153968773215e-05
1.34788513683759e-11 7.24523774309205e-12 7.98811017332923e-12 5.93172178042778e-12 1.22617783671064e-07 1.5745935733058e-08 9.2965857234617e-12 9.0195295676665e-12 9.24275100899763e-12 1.47702183816989e-11 2.7489488463317e-11 4.63331006894663e-10 1.89038840137101e-10 2.62220356539444e-11 5.39238791219532e-07 5.99261502709503e-07 5.41088545624735e-07 3.34463074991298e-07 5.66916358546443e-07 5.8097679352942e-07 4.9332543371472e-07 4.80627056498317e-07 4.78207795351349e-07 6.02065328347834e-07 8.78634335443884e-07 1.02011609622865e-06 7.89613804774714e-07 8.65950489392642e-07 8.87152055184526e-07 7.75788135920497e-07 8.07538734182156e-07 8.84200163686621e-07 9.40570708130029e-07 1.07444474173324e-06 1.51604596073662e-06 1.36792631160176e-06 1.3717654836376e-06 2.25834788589729e-06 3.45961807267647e-06 2.18515490214566e-06 1.61822967338354e-06 1.94140388362074e-06 3.15327576814184e-06 3.52390694343674e-06 1.63092957293998e-05 0.000116802490538248
1.32266197994113e-11 6.00923755200711e-12 7.65527641277686e-12 1.18233423052061e-11 8.30460145095913e-12 9.86918324841213e-12 1.03619002267408e-11 9.59423651636371e-12 1.55173318638902e-11 1.03734132395061e-11 1.63053792689993e-11 1.35037536708182e-11 1.50351620042954e-11 1.227166146478e-11 1.20254251001484e-11 2.85923154119683e-07 2.92299236548388e-07 3.57399775807732e-07 2.87699906464933e-07 3.21037730033336e-07 5.27963606722359e-07 7.84895445182787e-07 5.10349995752612e-07 7.04165554132885e-07 7.6394522279255e-07 6.99050178964988e-07 7.61004947369415e-07 9.6930886347435e-07 8.55609867478346e-07 9.93101039525879e-07 9.73161155781721e-07 1.29579082441822e-06 1.27281394283196e-06 1.36505436959533e-06 1.33634465808719e-06 1.72020826268993e-06 1.60060156079167e-06 2.46410500367444e-06 4.94652833638032e-06 2.57738921954909e-06 2.27149804490345e-06 2.75098228992299e-06 5.51425403862993e-06 9.31985356302789e-06 4.74611643312528e-05 9.8349266590958e-05
8.11820610735481e-12 9.5479069095461e-12 7.48654471749433e-12 8.36850588825655e-12 8.05453481689256e-12 5.1270876433307e-12 1.92886817629301e-11 1.01349262315864e-11 1.89663396099604e-11 9.46639433507812e-12 1.12336362434462e-11 1.05118580506769e-11 1.38825617668203e-11 1.37557853996384e-11 1.04170783110646e-11 9.67588231759464e-12 2.39526416878633e-07 3.01571605887396e-07 2.67705253875761e-07 2.63041248904639e-07 1.54074937697146e-08 2.40579882349046e-08 4.62960493607945e-07 8.41655592931367e-07 1.27378626090247e-06 1.67443314030846e-06 7.66868361623541e-07 7.45698639192938e-07 9.01446955325902e-07 1.30531752333685e-06 1.38800076724399e-06 1.43326133449362e-06 2.1618118889899e-06 2.04679474471448e-06 1.59762335122382e-06 2.61634174522074e-06 1.61318006847155e-06 5.99799403211421e-06 7.20979018797863e-06 2.34215826552253e-06 3.56696308955184e-06 4.85110587042925e-06 7.33037811286863e-06 1.4860075151546e-05 9.90754815575201e-05 0.000875814724713564
8.39882607905906e-12 1.18609455590502e-11 9.76461134172268e-12 7.78138664614403e-12 8.89702755912936e-12 7.98386912137516e-12 4.85410024175792e-08 1.60772217761007e-10 9.6292085416394e-12 1.63690505594616e-11 1.78328463107391e-11 1.38956735007412e-11 1.17820642131505e-11 8.45681302763523e-12 1.11788245327205e-11 1.95362820254452e-08 3.56110941901466e-07 1.38202624977435e-07 3.5803191482664e-07 3.52906569467404e-07 1.51363071466681e-06 2.47978940259852e-07 7.44757197912449e-08 1.87773980876438e-06 7.17049194076669e-07 6.94533557032973e-07 8.38886722309695e-07 7.77682445862737e-07 9.09136834081892e-07 1.10917623180606e-06 1.49586606620344e-06 2.22792111754799e-06 1.85949790557638e-06 1.79329180469701e-06 3.16291135074032e-06 9.83452803874352e-06 3.80469091192381e-06 6.91632994680447e-06 7.25429927648236e-06 2.79782014772634e-06 4.0915919475637e-06 8.59784577613709e-06 2.62389056331358e-05 5.21163201710806e-05 7.06431924299977e-05 0.000842280045617372
1.8546175706291e-11 9.93266580096019e-12 1.11641584865652e-11 9.72906200047419e-12 9.52689038768995e-12 7.79077913293236e-12 9.31513755020319e-12 7.66453567280223e-12 1.256246218162e-11 1.70991776293761e-11 1.2768364143767e-11 1.25031540676446e-11 3.11184163781508e-07 1.01170960498109e-11 8.57283577460066e-11 9.2081472715666e-07 1.60871016755548e-06 2.04960233229912e-09 4.56341989363285e-07 1.06944495492645e-07 6.17550757864294e-07 6.48537548830763e-07 6.63288070623658e-07 4.86839961744145e-07 4.82382896338507e-07 8.03171122842894e-07 7.70673928573995e-07 1.14214197008966e-06 9.81059264548723e-07 1.23912584121255e-06 1.77262549124757e-06 1.77210373236703e-06 3.82233480048511e-06 4.09538906102069e-06 3.19590599074937e-06 1.32574104387495e-05 8.14161134043978e-06 7.12987295337086e-06 9.69862538298116e-06 2.55388154514202e-06 3.03805819301672e-06 7.04110274156733e-06 7.52173796172428e-06 2.21939181244579e-05 4.00759753347302e-05 0.000238153284590226
8.51655412859031e-12 8.607070611788e-12 9.45485911785227e-12 1.12498899085267e-11 1.26262666988453e-11 1.09666054015634e-11 9.93589654996185e-12 9.87343540259644e-12 1.08022146783071e-11 1.55690571546074e-11 6.46307843910066e-09 1.87879888763343e-06 5.69033266140106e-07 1.48198564531299e-11 2.54398502264053e-11 2.36107319251388e-09 1.06081166184602e-08 3.4892477795978e-11 4.11607836703354e-10 6.99656221847533e-11 5.01927597751361e-07 4.72357112046851e-07 4.75148561229766e-07 5.12608904967848e-07 5.564911039313e-07 7.6520499080468e-07 7.98485827047113e-07 1.08600784086699e-06 1.17815295458401e-06 1.22180784235537e-06 1.52634560930398e-06 1.58512895602758e-06 5.4427779656363e-06 5.94333902812494e-06 4.24350287904218e-06 1.77319791344388e-05 2.03436000369095e-05 6.751127089899e-06 1.74308299506265e-05 2.26348960516987e-06 2.52053196829749e-06 3.0842126397701e-06 6.78082410914271e-06 2.67691551925964e-05 0.00017131387066911 0.00166994912433438
