Maxent_result_files_2/B_soroeensis_3.asc
NCOLS 594 
NROWS 330 
XLLCORNER -15 
YLLCORNER 23 
CELLSIZE 0.166666666666667 
NODATA_value -9999 
[rows 240 to 259 of 330, columns 460 to 505 of 594]
2.61558426917219e-08 1.73061276420583e-10 7.72763615941585e-07 4.06503275485193e-11 1.77063586015436e-11 1.22609367103621e-11 7.51820827815664e-12 1.66750806496196e-09 2.93330443601469e-08 1.80989556675115e-10 7.85086995414019e-11 9.51342584820658e-08 1.10555188093109e-07 7.60585841086403e-08 1.9234307480076e-10 7.08144355154872e-08 1.43686791220787e-07 1.0518969095763e-07 1.17338352167984e-07 1.26854347337613e-07 9.24220869080727e-07 4.86340947514208e-09 1.10191855640096e-11 1.45675291829406e-09 1.16780705217145e-08 5.64000568470391e-10 8.32372104042633e-07 1.92438560304708e-06 2.15793502604811e-06 0.000100987725454615 6.13849451838178e-05 1.87261462656352e-06 7.46270514184744e-07 1.59774155719106e-06 7.24979016908378e-07 1.55279919340501e-06 2.8393093714385e-06 6.71514655437022e-07 1.67968344612746e-05 2.16756083091241e-06 3.3621973307163e-05 6.53721887147185e-06 1.33177730958778e-05 1.66291834375443e-05 1.58125606503745e-05 1.217605945385e-05
1.31071029301211e-06 9.13289654391747e-07 1.04202765740524e-06 6.70386353363028e-07 1.63623662396972e-09 3.23950922975769e-08 1.94683319465483e-08 2.2826169798762e-07 1.99164965763998e-07 1.54527345730404e-07 3.73074986459443e-09 1.79447953829737e-07 4.66326547043927e-08 2.69080790982201e-10 9.37126293232282e-08 7.35418392849852e-12 5.9715010714001e-12 9.32720380930618e-09 3.01179217121472e-09 2.87439634760744e-08 1.09377849111247e-07 2.6484075348332e-07 4.05880884457588e-11 2.9276248092458e-11 8.98070506849535e-12 1.06348818640356e-11 2.1032127039966e-09 9.37931898814526e-10 2.68074632856496e-06 0.000135637777566444 1.81099908402871e-09 1.64628333187977e-10 6.96243174225231e-11 1.84300403205384e-06 6.12135120370283e-11 2.18249128351999e-06 5.22285399284783e-07 8.45695954865278e-07 3.34523697631539e-10 1.04360613164545e-06 1.20062698409917e-06 3.54652394776167e-06 3.14592189738505e-06 2.20419607330768e-06 1.54995757100096e-06 1.35676414743102e-06
1.41414271155327e-06 2.42094582745267e-06 1.40009924649576e-06 1.35922485782203e-06 3.21511864087576e-07 2.10822652224607e-07 1.60497810974825e-07 1.45125600614637e-07 1.31465461927771e-07 2.17505463917522e-07 9.91450594511889e-08 1.36505129422204e-09 4.10913592818751e-08 7.1926692157831e-09 2.11576292930005e-08 4.58028059924231e-12 5.74995606683615e-12 1.19345278104532e-10 4.46016557020812e-12 7.86921638962213e-12 5.38407873840185e-11 2.7246970475403e-07 1.08056121483902e-07 3.19864468245612e-11 3.70646069391967e-11 2.44977260699386e-11 1.24160792758232e-11 6.71279698494232e-12 5.41416007582285e-09 1.00730657148773e-10 2.69397837371343e-11 1.82041124396903e-09 7.62820013378018e-07 3.83226339550902e-11 4.20246615284725e-11 3.73197805991765e-11 8.37603320036351e-12 9.16865321110016e-08 3.40538153231762e-11 2.62339999324013e-07 3.56383733635113e-10 2.23165114618951e-06 6.30932359513281e-07 3.12022366699694e-07 2.78153805766124e-06 4.66786364086147e-06
5.3101201800132e-07 1.94332149328069e-07 1.51230033225147e-06 1.41501727881632e-06 5.64660207480472e-11 5.35401079027054e-10 1.87150702624095e-07 1.7453588454508e-07 1.67037998299868e-07 1.49720349340576e-07 1.08198430193163e-07 3.15821633289914e-09 5.43244630391015e-09 1.10021499388768e-07 5.42186850971405e-11 7.69181385251727e-12 7.72025776640817e-12 5.84420289939658e-12 3.75558473209026e-12 8.873657364461e-12 1.92537985554964e-11 2.81782375211037e-11 2.33108199410026e-11 6.51448894828377e-12 9.53414014404075e-12 2.08197348250394e-11 2.56852650259987e-11 1.94867566527535e-11 1.38906774971304e-11 2.57825205629558e-11 4.13685086186888e-11 8.16754774923822e-11 1.49055399134568e-09 1.99030236736064e-11 2.45191422720836e-11 6.9616423736818e-12 3.44031469978745e-12 3.75311298705938e-08 2.52774468023631e-11 5.16979348219593e-11 2.0257506783139e-11 4.85627786805942e-07 5.05184708643469e-07 3.36741267759066e-07 3.23614788158011e-06 1.20863388019643e-05
1.84566484762172e-08 2.32733499139215e-11 2.23849716540769e-11 4.32689439833212e-11 4.17937684460412e-11 7.86640752536982e-12 1.97149519909345e-07 1.95996094998208e-07 1.31772957923104e-07 1.29932073500427e-07 1.35932816380802e-07 1.40266338677364e-07 1.17017833389799e-07 9.96210859249835e-08 1.25974319864497e-10 4.69677630121623e-12 6.85187462323711e-12 4.34303704111016e-12 3.9341863100617e-12 4.67209604337882e-12 7.26829707531351e-12 1.00915942269353e-11 7.10368430745234e-12 4.16842116379712e-12 1.022120166283e-11 6.41867670125862e-12 5.98243676819266e-12 1.06258890575361e-11 1.11524123269646e-11 8.69978533657445e-12 1.17199472349228e-11 7.49555972845428e-12 1.5174095313597e-11 5.76851233446973e-11 2.21943463607488e-11 1.72763359174155e-11 1.19482312932462e-11 2.62885144231006e-07 2.33575381258788e-11 2.67596108938228e-08 7.28874738342711e-12 1.27943206029713e-09 4.37121167573551e-07 1.78127405234818e-06 3.77401307218861e-06 2.42410267787818e-06
1.65655665451681e-07 1.8020660146334e-07 1.55611137486744e-07 1.04504380438186e-07 6.29315133338082e-08 2.48114441170344e-07 1.32737415858841e-07 1.46535930589664e-07 1.61083063687784e-07 1.69756702739221e-07 1.69164318375437e-07 1.60910089785915e-07 2.39518484779211e-07 1.34062060919149e-07 9.44498736998867e-08 1.27277009187576e-07 2.09102679060713e-08 3.9678149654776e-12 3.73243658202682e-12 1.06553099676887e-11 6.89995838243362e-12 6.23225915319381e-12 1.13340337115631e-11 9.34244903660897e-12 7.98237032029192e-12 6.67114141705838e-12 4.92883511782338e-12 4.04706268497534e-12 5.50737233595555e-12 4.95204988126829e-12 4.06427114185703e-12 5.66297009285677e-12 5.86942716651606e-12 6.88821222283309e-12 5.01906294303467e-12 4.38487024467804e-12 4.14168699336415e-12 3.88821197461198e-12 7.56640305965561e-12 1.04877662110425e-11 1.12036824262418e-11 9.76546621345165e-12 8.15785217156417e-12 2.61950739943728e-07 1.04423568245693e-06 1.98096671510939e-06
1.74657044738069e-07 1.84417335979958e-07 2.13856132624812e-07 2.05026182342749e-07 1.72224599204185e-07 8.92135780916625e-08 1.7868756252426e-07 3.1980235597473e-07 2.28502615229331e-07 2.69181749779079e-07 2.71322846856492e-07 2.47309533030204e-07 2.87496381545793e-07 2.78108443829694e-07 2.52047611226658e-07 2.11249491854915e-07 1.09099246436983e-07 7.51529673936879e-08 5.36277688922837e-12 8.44185832349353e-12 1.50448542513004e-11 1.09875664122683e-11 8.96109852988047e-12 6.07361938520512e-12 3.44316797296074e-12 5.61745094884714e-12 5.45468115120684e-12 7.26513293969333e-12 6.74361677610591e-12 4.59025040200345e-12 6.68980426610233e-12 9.0273788444506e-12 6.47895070926552e-12 7.1789019173707e-12 4.88913354246279e-12 5.03002084428772e-12 3.63928887026077e-12 3.43656214596422e-12 1.05795150417975e-11 3.79641873493597e-12 6.74730271654767e-12 1.27868160504363e-11 8.15759682026851e-12 1.2634146753232e-07 2.07497261728307e-07 8.37376153839386e-07
1.61228598116736e-07 1.78405464801301e-07 2.40141538476735e-07 1.97298038973059e-07 2.96805497157493e-07 1.05395486671434e-08 3.61790861092004e-07 3.29909307339449e-07 3.53658606400131e-07 3.74889398457867e-07 4.35642291307659e-07 4.71173662219826e-07 5.44509991584619e-07 8.37843828094265e-07 5.95892259980246e-07 6.52820878599414e-07 3.07026549606348e-07 3.07205420568835e-07 6.05289152133537e-12 7.60872476135432e-12 1.2977197094699e-11 7.84844411683139e-12 7.29952764899622e-12 1.00234931466048e-11 7.69923014232177e-12 6.62221388836315e-12 3.01461078322518e-12 2.69672062458426e-12 4.8517634354539e-12 9.50098888452544e-12 7.70310123465734e-09 1.03142957541547e-07 2.29490981773495e-11 5.02214936304313e-12 2.91783264216861e-12 3.84275944398382e-12 7.01226854360471e-12 4.13188372405671e-12 1.99515959309338e-12 2.22207807709651e-12 3.78791442656734e-12 1.22490684262289e-11 4.63804815664659e-09 1.09809456745325e-06 2.273445437595e-06 7.86467026046012e-06
1.0904971876613e-07 1.64425504500798e-07 2.73142874362975e-07 1.77725310557264e-07 2.84975475750571e-07 1.90859401838495e-07 3.48615349921033e-07 5.72768619377939e-07 2.07628043891184e-07 6.93049202027396e-07 7.01720482254586e-07 7.45957738956804e-07 9.98866229906525e-07 9.72309499047697e-07 8.98918594316456e-07 6.76876896932299e-07 4.8216221699704e-07 1.77497269460147e-07 1.42512135381523e-07 2.77708652740571e-09 8.8554049382239e-08 1.76746401625572e-08 1.24193322292854e-10 2.9144692215155e-10 1.17066689675482e-11 5.18604048593829e-12 3.94440036188826e-12 3.16298098823609e-12 6.07528471974206e-12 3.29850036173696e-11 2.19851692406792e-11 2.13915329894121e-11 2.00558791796368e-11 3.05605951655963e-10 1.8691411829419e-08 2.36493957750383e-10 1.18113729907776e-10 1.80977455244147e-11 6.15878459342412e-12 3.38860828286158e-11 7.69975749825846e-11 7.78388484334869e-08 1.73238534628695e-11 5.70335993543836e-07 3.84085323048566e-06 3.86794692531112e-05
2.63434655423112e-07 2.58260371666097e-07 3.82883252925126e-07 4.43535547134388e-07 3.63117485235875e-07 6.82511605010205e-09 2.95953703499663e-07 7.69202510753075e-07 1.02537346577947e-06 1.17083225461556e-06 1.11458134171016e-06 1.19057388161536e-06 1.21351229580569e-06 1.35742570819275e-06 9.98324610179679e-07 4.32970518460252e-07 1.9473318959573e-07 1.06301631452865e-07 1.02816431912789e-07 1.80305231634037e-07 1.01393681317674e-07 1.30263010245102e-07 1.00577348216557e-07 8.74311042675657e-08 9.3649119614625e-08 1.57783734611172e-07 1.3925346857846e-07 3.44589021850084e-07 2.86074732969155e-07 2.4326329839397e-11 7.27596871641367e-12 1.76876069346577e-11 2.80457676482548e-07 1.54180012300609e-06 2.66148380334563e-07 2.25400575981638e-10 3.92385790526362e-11 2.18251750006004e-11 3.73146801235791e-09 2.06297525835453e-06 1.60587445208193e-07 7.19912518265531e-08 7.56493254372437e-08 7.55571132060595e-07 1.68894847774936e-05 8.40672564663691e-05
3.06916086501019e-07 4.22373933162135e-07 3.53544848863407e-07 4.19830636744223e-07 2.74354646379038e-07 4.51106900456466e-07 1.78619281676617e-07 2.83353277730214e-07 6.01181847770249e-07 1.17826638614815e-06 1.55397446519601e-06 1.81036239439436e-06 1.34393041264502e-06 1.14807031366126e-06 3.3912136583325e-07 1.69860731369376e-07 1.19974298073977e-07 1.06992758863722e-07 2.53019040652447e-07 1.95246886960376e-06 7.28200690502945e-07 3.06018567997057e-07 5.07035548480417e-07 2.14254612629361e-07 3.07145755940041e-07 6.79209059484265e-07 9.56052715395117e-07 3.94856972434354e-06 2.52409930112663e-06 9.39236277019972e-07 2.28775220989519e-11 1.05996245114426e-10 1.67565244453272e-06 4.67251346378816e-06 2.25767186268211e-06 1.12916398848029e-05 1.1945111566547e-10 1.24758869901598e-10 4.64711640568716e-07 4.83427801327707e-06 2.0257514847799e-06 2.08189576289541e-07 8.76049638520726e-07 2.70640991857363e-06 4.13865460359375e-05 0.000207571033388376
3.02111675054562e-07 4.37745944026346e-07 2.90331053776072e-07 5.65165422017344e-07 2.28064093121816e-07 1.37317743309495e-07 4.72662377148936e-07 3.3503212080177e-07 4.00780118781086e-07 5.51186335684406e-07 5.09585042607341e-07 3.57568414699472e-07 3.21506275291483e-07 3.75667865881724e-07 5.07115137082792e-07 4.56765744871746e-07 5.69804699068754e-07 5.14380980121132e-07 8.89951215299334e-07 1.89506535548389e-06 2.05994942632515e-06 4.35347512848239e-06 5.46772161555964e-06 2.83794308488794e-06 4.78838793469549e-06 3.05103040432186e-06 1.88510037872902e-06 1.88961734579607e-06 1.89252839675191e-06 1.25757921409786e-06 1.47682174826969e-06 2.39516341764556e-06 2.40834969247317e-06 3.59238737246415e-06 1.96012115793565e-05 2.01389374069549e-05 2.88984187591268e-05 7.19653027772438e-05 1.10955733134688e-05 2.25882751692552e-05 2.17833718124894e-05 5.06173545034017e-07 2.25416394528111e-06 8.21820476630819e-06 2.59286083746701e-05 0.000384880647470709
1.09822253477887e-06 1.07364033965496e-06 7.08462422238654e-07 5.75805947988783e-07 2.98362234119054e-07 1.18306401164503e-07 3.27259424892645e-07 7.70984317455259e-07 5.98004976382072e-07 1.38263507487579e-07 1.46804961853597e-07 1.81142993094241e-07 2.27571863220533e-07 3.67443045767857e-07 7.30602662457613e-07 1.3010914528877e-06 1.4493850414965e-06 2.95046714313685e-06 6.42775630694814e-06 9.05634599348559e-06 2.02056754005753e-05 2.20946145873313e-05 3.66734071576502e-05 0.000129145368373429 2.03412294422667e-05 2.28919656992899e-05 1.55685919708048e-05 1.37142332505391e-05 1.85383045391063e-05 1.3542148644774e-05 1.04773963926164e-05 1.6275399548249e-05 3.02611243569118e-05 1.58228707505259e-05 5.89078373671725e-06 0.000470766436774284 0.000332751579844626 0.000105746842746157 3.55874240085541e-05 0.000757585788960569 5.8641599935072e-05 1.05520369544365e-06 2.08415299880471e-06 2.65440507973835e-05 0.000342777904006653 0.00126714329526294
1.7824392283261e-07 1.61939017750967e-10 8.76237857738715e-07 5.57976723314368e-07 3.6931063007728e-07 1.99996115846091e-07 2.30764332798117e-07 1.37142322209627e-07 7.83512352597882e-07 4.51251386301976e-07 1.06019695689241e-07 1.88319354110789e-07 1.03352595886008e-06 1.62418473337311e-06 6.10144981010308e-06 7.94133843555755e-06 1.17713159397681e-05 8.73702826993394e-06 2.29388330353686e-05 4.61478445686225e-05 8.16316562122665e-05 2.5104136830123e-05 7.13496085154475e-05 0.00184717327356338 6.77386126853863e-06 0.00116684160311706 0.000488353435503086 0.00126821766898502 0.000655973139510024 0.00066744266950991 0.000950126300449483 6.82263789713033e-05 1.59432802924186e-06 4.78607388174623e-05 8.51825815232132e-05 0.00103132590302266 3.01169927693357e-06 1.85826057212068e-05 0.00229743571253493 0.00441635120660067 9.61930109042441e-05 9.4405248091789e-06 1.00715496955672e-05 0.000107983903581044 0.000778390697087161 0.00185231609502807
5.7743439114688e-07 4.24377515884089e-07 9.77624105757968e-07 1.19011748580533e-06 6.58177694390361e-07 3.54789350254237e-07 3.09181957547366e-07 2.42842676101418e-07 1.98256021377574e-07 2.52386857191311e-07 5.8446728488093e-07 1.05364484710435e-06 6.38439452131934e-06 1.43461184507032e-05 4.21701619416126e-05 6.85577369949897e-05 0.000247002596734092 0.000181750703995931 0.000613008612708654 0.000856504439434502 0.000149188350042095 0.000113942439202219 0.000679564700112678 1.78208416468095e-08 0.00115784519293811 0.0012756242940668 0.00231711853994057 0.000720493962171531 0.000133725985680833 0.0005142381190125 0.000257830262683001 0.00171215640148148 1.06465993757743e-06 3.39326522769134e-08 0.00045483202925487 0.00143033634521998 0.00129852756217588 1.26253431566026e-06 0.000569185951298934 0.00397566955070943 7.37444101105211e-05 2.2877137780597e-05 2.96227345643274e-05 0.000102982510361471 0.000807870025164448 0.00125805754796602
1.94000965620944e-06 4.23862264287145e-08 1.10392776946355e-06 7.79787676208343e-07 9.40189298148653e-07 5.12649862116632e-07 5.72299546774957e-07 3.91337137983783e-07 9.65162546151532e-07 3.45490971085383e-06 1.98748373350099e-06 1.7405250991942e-05 0.000170400417482597 0.000203206768492237 0.000311442232487025 0.00178361443686299 0.00133440926729236 0.00167331724951509 0.00121837691986002 0.00152226159989368 0.000941079403855838 0.00114412560651544 0.00109749048133381 1.05964860042107e-07 0.00136204539885512 0.00167407134722453 0.00347865000367165 0.000140714822095944 5.34976459243275e-08 0.00146822735550813 3.07965792307741e-06 0.000787412896663042 3.57024731334477e-08 0.000122493189597561 0.000145513447547674 4.74347898082872e-07 1.34397831974553e-08 3.64801634011869e-08 0.000785614925553091 2.48074627961614e-05 0.000387399013561662 0.00332930512959138 0.00883671315386891 0.0072900002123788 3.96335949632398e-05 4.56805015303097e-07
8.67393325165722e-07 1.76463053236375e-06 1.70412144484544e-06 1.77361065709647e-06 9.69639083336915e-07 7.9334219904581e-07 6.7026535361947e-07 5.29630946033421e-07 1.11680752326038e-06 1.12198643620331e-06 1.031881355118e-06 2.98436807497637e-06 4.75823771921569e-06 1.21006236440735e-05 3.58572879122221e-05 7.39383825930418e-05 6.92728985086433e-05 2.24884334329545e-05 5.086271203254e-05 0.000219736680935512 1.09687773441891e-07 4.36278116697997e-05 0.00100852759642294 0.00142507762939204 0.000531850442348514 6.73875074786223e-05 1.60749606719079e-06 1.08898539596947e-07 8.99664217055451e-05 0.00394829213619232 2.45795266606841e-07 6.64896391056047e-08 2.47685862375668e-08 5.11049334184221e-08 0.000108753354191482 1.62854733476436e-08 1.4179438578843e-08 9.19707621171995e-10 0.00012212629781061 0.000703124128631316 0.00528073301538825 0.00906468988396227 0.0185882920864969 4.18948671465635e-07 0.000134260893233051 7.22676439024461e-08
1.63728156081788e-06 1.63925766258899e-06 1.49920365970502e-06 1.49318181570379e-06 1.61564941549841e-06 7.73270232912182e-07 9.68017765501372e-07 1.21845348957095e-06 1.12517375896459e-06 2.15913726151484e-06 2.08448597049937e-06 6.61548892821884e-06 9.29072277813248e-06 6.25843426860229e-06 9.74202118868561e-06 1.58683160861983e-05 7.85926305979956e-05 0.000226120651132078 0.000356910735172278 2.14978398011212e-05 1.16417045781247e-08 4.56205078602778e-08 8.81931276675019e-08 1.35246460830629e-07 8.65445716318303e-05 0.0012693707132712 0.0030457470100373 4.31837525960432e-08 3.4367066814589e-08 7.91324467386278e-07 0.000512306745333735 0.000767418495125405 4.96794001159095e-08 8.89475506440363e-06 0.000661949273398932 5.08429598948368e-05 0.00114564779214561 0.00153495452250354 0.00211349460296333 0.00658981949090958 0.00697380909696221 0.00179005280738025 1.40149740701645e-07 6.68577390672276e-08 0.000548725825501606 2.3542660073872e-05
4.15957745190099e-06 3.49742452385726e-06 5.00631422255537e-06 2.6218276104828e-06 3.04706807128241e-06 2.74951738674645e-06 3.82386865567241e-06 3.8473381039239e-06 5.21394787256213e-06 3.62817322638875e-06 2.82599139609374e-06 7.79614249495353e-06 6.62279853713699e-06 3.84726116635648e-06 1.10161999600678e-05 7.76424942159792e-05 0.000874936484615318 0.000750408732346841 0.000765406683785841 0.000161379672743722 9.434762517333e-05 2.58940131003804e-08 3.81371498492378e-08 4.27503952793451e-08 5.75052859291936e-05 0.00116811669431627 0.00100208619260229 0.00168486200273037 1.17058383531932e-06 1.91281343542293e-08 1.77512405350466e-06 1.74445073297669e-07 2.85700791922916e-05 0.000263116936724872 0.00126029267557897 4.9130382741791e-06 3.4921410960731e-07 0.000693829456895401 0.000527833141882184 0.00207113781943917 0.00232991930097342 0.00107037562993355 0.000725740331108682 0.000621634823416972 0.000318172777770087 5.07975250307879e-08
6.6984658644742e-06 1.12036950554284e-05 1.77573889004634e-05 2.13526048355561e-05 1.94383744201332e-05 1.32268929746715e-05 2.21091587945921e-05 3.90022607462015e-05 3.46903706486046e-05 3.49131122675317e-05 1.22974300211354e-05 3.47776907801745e-05 2.48165693847113e-05 7.18647926987615e-05 0.000488249566842569 0.000838867340644356 0.000153589354442141 8.71346912068027e-08 7.64320640592509e-05 0.000612860974797513 0.000633408419525949 6.09363946053598e-06 0.000296694271787601 0.000153966581315612 6.23838277591382e-08 5.69735998601217e-08 1.4339905135774e-06 1.34804596485516e-08 2.51130024553348e-08 0.00250443100230768 1.83026228062211e-08 2.71873682122781e-08 1.21157044619125e-08 2.04234832385186e-05 2.17776353506061e-07 4.46056058533983e-08 6.47957270727417e-08 0.00013522516903044 0.00249443552456796 0.00340016654226929 5.07680809875066e-05 6.35879567856268e-07 1.05686550133655e-07 0.00489591295481659 9.90346596125846e-06 4.40983720650934e-08
