Maxent_result_files_2/B_soroeensis_3.asc
NCOLS 594 
NROWS 330 
XLLCORNER -15 
YLLCORNER 23 
CELLSIZE 0.166666666666667 
NODATA_value -9999 
[rows 280 to 299 of 330, columns 138 to 183 of 594]
2.5591817554016e-11 2.37024511129391e-11 2.10066519734653e-11 2.15620965526853e-11 2.2433621627016e-11 2.47166176414737e-11 2.95055979648851e-11 3.70869113197614e-11 4.75779193820358e-11 6.55787757430915e-11 8.5545148742483e-11 1.06958053525119e-10 1.28146537825558e-10 1.80783421566133e-10 2.23803942045464e-10 2.52267451372745e-10 2.49853271405698e-10 2.93242075066757e-10 3.21730397878639e-10 3.0252516047824e-10 2.74423783697131e-10 2.90675294944975e-10 2.93051671818034e-10 2.93589830224761e-10 3.34471861318519e-10 3.81979126107268e-10 4.33623170703612e-10 4.69846905826188e-10 5.07777975222723e-10 7.01684521597912e-10 5.02698704885063e-10 3.72293884609576e-10 3.81225262469087e-10 2.16614659542813e-10 1.87887083669125e-10 2.23407981003731e-10 2.077553351576e-10 2.95517510462417e-10 2.14290774014358e-10 1.97237226551294e-10 1.87767745796208e-10 1.82115389435467e-10 2.54198517790627e-10 2.23654728070954e-10 2.41529607425406e-10 2.40068398493776e-10
2.69997801893851e-11 2.36888175741967e-11 2.27177054945571e-11 2.2584745185128e-11 2.44852249586813e-11 2.88201573717117e-11 3.51944473564458e-11 4.33481028849769e-11 5.42041744822086e-11 6.98946678312495e-11 8.69928351576732e-11 1.06765807306175e-10 1.37476363626376e-10 1.91918514413914e-10 2.22954488204863e-10 3.36718608551223e-10 2.48329912189149e-10 2.71840694399117e-10 2.9896753961367e-10 2.74909139896806e-10 2.54819831901898e-10 3.33110350414501e-10 3.29131366605395e-10 3.16396842059419e-10 3.45293649228751e-10 3.59008101025182e-10 4.2514619602585e-10 4.92584051325906e-10 5.56425883146971e-10 6.90014867466005e-10 7.75286890242199e-10 5.59137558475698e-10 3.36308314530243e-10 2.29129426543295e-10 1.98932570416588e-10 2.22851259668033e-10 2.68641187073371e-10 1.95538429892395e-10 2.15214246424011e-10 1.55288459868785e-10 1.5719754387078e-10 1.54418156039782e-10 1.62270230585904e-10 1.97088789732902e-10 2.21713669645851e-10 2.3166252249851e-10
1.8900314646686e-11 1.82385884173186e-11 1.84896431498771e-11 2.12305728553019e-11 2.49582354783229e-11 2.96802471488888e-11 3.25086957353449e-11 3.7279002107482e-11 4.27985868967085e-11 6.23615714623327e-11 8.63240701143297e-11 1.18154908079759e-10 1.45049272592956e-10 1.78340808787425e-10 2.28169183547067e-10 2.64354638179753e-10 2.90844648365152e-10 2.83850654092532e-10 3.16592019267148e-10 3.17410786543348e-10 2.93886770474927e-10 3.10749681542433e-10 3.58346030626677e-10 3.63542518311277e-10 4.35872127280135e-10 4.57195215020079e-10 4.56113158353588e-10 5.66653746147949e-10 7.37644545445448e-10 7.83037878981929e-10 1.06862836357635e-09 7.06739566869174e-10 2.46392906078086e-10 2.1796257021478e-10 1.89515159121356e-10 1.76347014768652e-10 1.54991608436461e-10 1.49167223018054e-10 1.59347501860196e-10 1.51423296124165e-10 1.40958500427502e-10 1.30917032770128e-10 1.65801339324645e-10 1.82480475174884e-10 2.55172682983584e-10 2.20019436003582e-10
1.93262517100834e-11 1.85202186919753e-11 1.72410974386139e-11 1.72745706628064e-11 2.09264161554756e-11 2.50667819834405e-11 2.87409873678257e-11 3.29984928271188e-11 4.25954160832021e-11 6.04040262253136e-11 9.52892320604803e-11 1.22969767701875e-10 1.56657276040306e-10 2.00631822266928e-10 2.21605811479009e-10 2.53427168139808e-10 3.1586037119169e-10 3.16530324173669e-10 2.93495250325293e-10 3.03892688791052e-10 3.21863569130443e-10 3.09459147196378e-10 3.58485319207347e-10 3.79060727251357e-10 4.55728066395267e-10 5.00821362159343e-10 5.32329869074033e-10 5.65443858402404e-10 5.79142211964978e-10 6.15441886342438e-10 8.15216727456658e-10 4.41382574933868e-10 2.19497464648555e-10 2.05875128056476e-10 1.83027759614873e-10 1.5484503679275e-10 1.59051094517082e-10 1.88228665987111e-10 1.64683544578992e-10 1.53756130050198e-10 2.51465004375007e-10 1.33977662297724e-10 1.53571222405446e-10 1.60546953509311e-10 1.6391070722932e-10 2.13361339707063e-10
1.81195614068486e-11 1.91060056664583e-11 1.99569138992217e-11 2.0919443954881e-11 2.1026025365245e-11 2.36516251028718e-11 2.98942537391156e-11 3.43691186621697e-11 3.86987775158332e-11 6.05352323823638e-11 9.55731493945677e-11 1.18398346682369e-10 1.73142378212532e-10 2.13375916935377e-10 2.09981410037585e-10 2.58914245598874e-10 3.22396465080033e-10 3.19568471685017e-10 3.0934248496095e-10 2.99175173523736e-10 3.25611060336684e-10 3.41098060907541e-10 3.33580763012264e-10 3.75232345195542e-10 4.54807036476268e-10 5.1657075283984e-10 5.29969590434831e-10 5.33379007627843e-10 5.38600064547978e-10 5.12839648525443e-10 4.60097193677456e-10 4.49511783351397e-10 3.60514662567368e-10 2.1579801279259e-10 1.97470695351143e-10 1.5883461212951e-10 1.96368488136756e-10 1.95243532452594e-10 2.81728629314415e-10 2.75652101144885e-10 2.63938060296454e-10 1.41657074959056e-10 1.5491086191588e-10 1.86924142830946e-10 1.62203428466512e-10 2.21403129163633e-10
1.81725745562744e-11 1.83037807133246e-11 1.95528593316396e-11 2.08871142604039e-11 2.3740676091677e-11 2.64396948779222e-11 2.93893909208975e-11 3.31439320433446e-11 4.04094868677873e-11 5.88760373787522e-11 8.08607625302216e-11 1.1559951884621e-10 1.63454283441666e-10 1.88785953536552e-10 3.11868397773196e-10 2.21123619414954e-10 2.75727340959264e-10 2.90648638490154e-10 3.24578708355006e-10 3.13455816858266e-10 2.97676616689557e-10 3.10576275808216e-10 3.27562466040376e-10 3.50277662430898e-10 3.78555442548389e-10 4.44761549811545e-10 4.54029058793992e-10 4.58020465998743e-10 4.48672143882334e-10 4.35415503652337e-10 4.0934483580557e-10 5.56765844539342e-10 4.32113134163359e-10 3.52571882800135e-10 2.45826992095743e-10 2.13822748396098e-10 2.18621210024139e-10 2.15606688058756e-10 3.4189783226779e-10 2.81316714367819e-10 2.44870068666359e-10 1.76006298424625e-10 1.49392043180541e-10 1.60119695280514e-10 1.65852853672988e-10 3.19715198759951e-10
2.24396834447305e-11 2.06874073427343e-11 1.91584859088323e-11 1.93292049033289e-11 2.2298185520242e-11 2.57217358523576e-11 3.0948310580925e-11 3.97932908846599e-11 4.1964676178452e-11 4.98929786374447e-11 7.84253884056341e-11 9.52478651505828e-11 1.29535382420443e-10 1.62073465759249e-10 2.71672506713116e-10 2.18706630583654e-10 2.42097486502502e-10 2.90438029182383e-10 3.31713267964773e-10 3.28069227339967e-10 3.15192294486621e-10 2.97267155335845e-10 2.97696522988389e-10 3.47406581280296e-10 3.73339870129996e-10 4.16177869944079e-10 4.22743129391279e-10 4.19413692664961e-10 4.17961343313067e-10 4.11384426524108e-10 3.84961340582635e-10 3.65064101170987e-10 3.34966809845127e-10 3.13483550229421e-10 2.77542855364743e-10 2.75935085891632e-10 2.8060355150572e-10 2.48521725421114e-10 3.37623706769818e-10 3.20788839935915e-10 3.54866769303186e-10 3.00274916043008e-10 1.81834081125487e-10 1.47779910530943e-10 1.69800862259706e-10 2.10507689057948e-10
2.29199104140321e-11 2.33562946760912e-11 2.49060883028562e-11 2.32776020681058e-11 2.36158981259393e-11 2.78523648589157e-11 3.33134408947444e-11 4.5119719072062e-11 6.27182195067633e-11 5.48719514270601e-11 8.8719576130103e-11 1.0961811458543e-10 1.14920728488954e-10 1.35892408437144e-10 1.57885382545686e-10 2.01949612588237e-10 2.53208354283885e-10 2.76007550148449e-10 3.22064253044374e-10 3.42002570707933e-10 3.41388217695027e-10 3.31551919252604e-10 3.38621131135142e-10 3.40321493208506e-10 3.45505346555086e-10 3.85556386817143e-10 4.38669334190678e-10 4.43627812263259e-10 4.16505152589508e-10 4.10824163576962e-10 3.97307498012367e-10 3.92120058645418e-10 3.80430631441442e-10 3.55330675994026e-10 3.42629891125767e-10 3.3788886133479e-10 3.18964610279693e-10 2.64503752234191e-10 4.03524313963288e-10 4.04356170768949e-10 4.85559181750972e-10 4.04999622727331e-10 2.81860879081108e-10 2.06389672019469e-10 1.92852389613307e-10 2.59295784843516e-10
2.36374697593078e-11 2.46338283105274e-11 2.71895728154448e-11 2.89463231162301e-11 2.94384960852767e-11 3.50499407275606e-11 4.1030290276467e-11 4.71732430895599e-11 7.93690335676445e-11 6.91440460443005e-11 1.0247350745729e-10 1.20116772084344e-10 1.20201448794432e-10 1.42261025182222e-10 1.62414925952703e-10 2.07682693265099e-10 2.55103249635624e-10 3.00377278605879e-10 3.36085070884451e-10 5.52957668542575e-10 4.56899174050562e-10 3.34388727818435e-10 3.14411330304409e-10 3.60632146367834e-10 3.70863495469109e-10 3.55593876566473e-10 3.67983432614238e-10 3.93596744086011e-10 4.13903156193385e-10 4.33719316017545e-10 4.04139166576556e-10 4.06183342516186e-10 4.28764035387275e-10 4.07829248150193e-10 3.86352039249971e-10 3.71509367713685e-10 3.54940288271877e-10 2.87208090643531e-10 5.24780097155286e-10 3.61199781195864e-10 2.96066282601259e-10 3.88913123927637e-10 3.94781118906451e-10 3.08718894892479e-10 2.23887364203534e-10 2.59313348571766e-10
2.55693466399975e-11 2.72848743598786e-11 3.17800230575926e-11 3.76480735475582e-11 4.45069203713899e-11 4.79642103812239e-11 5.14856268729602e-11 5.48585510351529e-11 6.54044818304555e-11 7.40480232686025e-11 1.03157382635999e-10 1.34588773459399e-10 1.37868239047378e-10 1.50020995626221e-10 1.60573376817297e-10 2.19420548397409e-10 2.84142487316785e-10 2.90748380926686e-10 5.17212117578936e-10 5.77159620096523e-10 5.86675708014184e-10 3.78308506743252e-10 3.66091001957614e-10 3.64679542119717e-10 3.58545759748807e-10 3.63617347343137e-10 3.94968857619915e-10 4.23696067120005e-10 4.21496670899302e-10 3.97942523377992e-10 3.92303978191677e-10 4.04563493816568e-10 4.01814859163352e-10 6.114456385653e-10 6.52138720802498e-10 6.32606378392353e-10 6.0017352199182e-10 3.31257565822085e-10 3.87480092456371e-10 3.91523935494575e-10 3.55697205023375e-10 5.69953884088648e-10 4.96741536792911e-10 4.07102207500287e-10 3.71874031568353e-10 2.87843626711748e-10
3.59472118738324e-11 3.98116650757174e-11 4.27164636995769e-11 4.59395077534452e-11 4.87585860575734e-11 8.10287392738473e-11 5.89037485454469e-11 9.74708425083293e-11 8.61210103231258e-11 9.17862008620318e-11 1.01688346632045e-10 1.37813827016942e-10 1.52482826365485e-10 1.60983459895903e-10 2.41904629660894e-10 2.86409884697747e-10 2.93015656183115e-10 4.49493509080412e-10 2.87954460276296e-10 5.04412600577098e-10 5.04670705225863e-10 5.22183796203279e-10 3.56100782195057e-10 3.78332776218571e-10 4.08749001312714e-10 4.52412352025533e-10 4.41746261792275e-10 4.19909018667397e-10 4.03340771892857e-10 3.86777954108908e-10 4.01933375471231e-10 4.16057066576769e-10 6.45799724807716e-10 6.40617092706464e-10 4.1665494387999e-10 6.36445141033448e-10 6.18878659430777e-10 3.66129859763475e-10 4.0853060934154e-10 3.96802324331702e-10 3.87040688387685e-10 5.38364863800211e-10 4.76036687846459e-10 5.23128473872703e-10 4.61123805806096e-10 4.23937263072105e-10
4.99778218809865e-11 5.40138267446366e-11 5.1441750859027e-11 4.99494556827074e-11 5.0593296219148e-11 5.60664292770241e-11 9.81850933889916e-11 8.47628078837204e-11 7.70652319737053e-11 9.12767528227221e-11 1.08819064870147e-10 1.16525422644287e-10 1.45746559265802e-10 2.18274831542686e-10 2.63502109021374e-10 3.59608398614597e-10 4.42621661544962e-10 4.59451543477485e-10 4.26780144557881e-10 5.87770310200852e-10 5.476301856433e-10 5.638512878825e-10 5.01585173395824e-10 4.06209010872516e-10 4.16418421966824e-10 4.20814849633189e-10 4.16631529276401e-10 4.21283008478213e-10 4.13294776180351e-10 4.18885781616751e-10 4.38467040453361e-10 4.33831048862743e-10 4.36406899506636e-10 4.36186342600564e-10 4.25787960445234e-10 4.22732249205637e-10 3.90114629489347e-10 3.33682492748011e-10 3.89444054782473e-10 4.26236923534162e-10 4.19108980853622e-10 5.80955994422538e-10 6.22918583381704e-10 6.46025288819629e-10 5.20470977427578e-10 5.79474701556393e-10
5.25590349020888e-11 5.56203860746507e-11 5.90038129466564e-11 5.69749913914563e-11 5.44803091528934e-11 5.75042902184464e-11 7.73796471342791e-11 9.08590647163976e-11 9.89574866494536e-11 1.05880448852957e-10 1.99759808694466e-10 1.45340062207566e-10 1.69508662661855e-10 1.9061628941941e-10 2.03065453341367e-10 2.48005049829914e-10 2.85163537228073e-10 4.69000882574733e-10 3.13415804420458e-10 3.92129084758608e-10 4.48464332336584e-10 7.59423146590166e-10 4.50817827513106e-10 3.96153154724743e-10 3.94606347597914e-10 4.03656130743002e-10 3.92482735200872e-10 3.98816568658589e-10 4.45015668759652e-10 4.72156591602158e-10 4.62736182704759e-10 4.50448467415043e-10 4.53405213374225e-10 4.54445325814845e-10 4.48119930052115e-10 4.40696079628822e-10 3.79272380168771e-10 3.76610320707016e-10 3.42503692074558e-10 4.1852503684936e-10 4.2404387778916e-10 5.21709830891837e-10 6.81463130369764e-10 6.25415863542145e-10 6.27533003338954e-10 6.9823453685558e-10
5.08387776321229e-11 5.33753707898654e-11 5.59705060076965e-11 5.91584559117564e-11 6.34651775577311e-11 5.47638712156129e-11 7.1467565199157e-11 9.35701072179995e-11 1.15975240522204e-10 1.66404046098023e-10 1.40471279053145e-10 1.40682232530054e-10 1.74389525042784e-10 1.91354854184311e-10 2.09411266105519e-10 2.28251895162401e-10 2.70321287576536e-10 4.66911942442749e-10 3.11268766317596e-10 4.20160428671323e-10 4.67628935574282e-10 4.85176154807476e-10 4.80721351614477e-10 4.11428868751784e-10 3.76672126822797e-10 3.71307273816512e-10 3.74291053706344e-10 4.47796077995832e-10 4.75587003112565e-10 4.6859319757786e-10 4.54659421222914e-10 4.35280700372687e-10 6.49023068621801e-10 5.55809753777226e-10 5.86742066044366e-10 4.1746058832004e-10 4.17162959731598e-10 3.0518698679316e-10 3.71171693380745e-10 3.78160869285438e-10 3.98204180740436e-10 3.85722276341482e-10 5.69824043505918e-10 5.29116728209544e-10 6.13427919571308e-10 5.62853830210486e-10
5.19526199838083e-11 5.38994848753305e-11 5.84166159889321e-11 6.63824772928478e-11 6.58870735747996e-11 6.21806717227002e-11 7.85727705121531e-11 1.06854569636994e-10 1.10187003965478e-10 1.25100219072749e-10 1.76812842145324e-10 1.67339375689579e-10 1.70508118735313e-10 1.86297366422394e-10 1.99995420224752e-10 2.24140683791063e-10 3.55343854341328e-10 3.22741366964863e-10 3.43361306054391e-10 3.69484209894466e-10 3.78576514581397e-10 3.95057597746273e-10 4.82309581162355e-10 4.91910523425787e-10 4.42726755256473e-10 3.92190613318633e-10 4.26352986249157e-10 4.3678489713983e-10 4.39841962851517e-10 4.36346037080426e-10 4.32914382120231e-10 4.08947053998077e-10 4.13019030087725e-10 5.6634132938882e-10 2.28200702778736e-10 2.90186807916371e-10 2.06185846174378e-10 1.3392204012419e-10 2.70585620576469e-10 3.72241526491734e-10 4.61598459455814e-10 4.37864244862141e-10 4.71024319548263e-10 2.75408618133355e-10 2.9905725673629e-10 2.28859853290686e-10
6.36536712228519e-11 7.23618498454925e-11 6.65530519583513e-11 6.73071820500581e-11 6.55361431789458e-11 6.78637368523027e-11 7.98693777781523e-11 1.20813070658698e-10 1.169962571268e-10 1.33405519964214e-10 1.94332339109593e-10 1.73621939048019e-10 2.4119616304219e-10 1.60675206473115e-10 2.68659283708672e-10 2.0990270632737e-10 2.58445065348667e-10 2.96489421902635e-10 3.06086744839007e-10 3.06852343534558e-10 2.8277120645015e-10 3.3333305005101e-10 4.05127564828689e-10 3.8652556710872e-10 3.23894921994139e-10 3.0139126749873e-10 3.17786452708191e-10 3.21363780031447e-10 3.53344153936064e-10 3.54075568864687e-10 3.68614583301508e-10 3.72378605728585e-10 3.79892906021695e-10 3.72519215474654e-10 2.2445028058371e-10 3.88105303450459e-10 3.95871480041166e-10 2.32857499948835e-10 3.66569341547773e-10 4.44824554968193e-10 4.45095438283971e-10 4.98247243463368e-10 2.27669438856992e-10 2.50600251661126e-10 2.63678789913513e-10 2.62918609106322e-10
6.47578990431441e-11 6.60703269872442e-11 6.78681000287895e-11 7.28898386093135e-11 7.16001924416787e-11 7.28366811308945e-11 9.85116543894549e-11 1.18885989941475e-10 1.32371680283683e-10 1.40854028440884e-10 1.86822779468798e-10 1.87721738154067e-10 2.01091698848188e-10 1.60110735780705e-10 2.01235084151818e-10 2.13469819598799e-10 2.35757635635991e-10 2.41950681711955e-10 2.71026512344008e-10 3.37168182262815e-10 2.70343158970121e-10 2.10386574828192e-10 2.11726058907402e-10 2.30432295467153e-10 2.29905194881752e-10 2.56472509896355e-10 2.71776001703472e-10 2.53472287603529e-10 2.77045197893955e-10 2.80093326310293e-10 2.8496909276754e-10 3.12621173392813e-10 3.21788540258439e-10 3.55270568519472e-10 3.65743635377669e-10 4.32847835352135e-10 2.80745449110498e-10 3.70265351712362e-10 4.13871792392939e-10 4.89837836958884e-10 5.37953748214193e-10 5.42521960689157e-10 5.43145017850577e-10 3.7835301558431e-10 2.65447541725194e-10 2.62924548799504e-10
5.14438269760831e-11 5.9257987405914e-11 5.81521164555454e-11 6.24761797851647e-11 6.74119204902013e-11 6.79196920927438e-11 7.35466909596028e-11 7.77309328015008e-11 9.12113828910321e-11 9.72888880568235e-11 1.07345166089345e-10 1.28369315177679e-10 1.39000022603142e-10 1.67062941258678e-10 1.7864717483107e-10 1.86871407237277e-10 1.9449584165443e-10 2.08353645447801e-10 2.33903751922782e-10 2.90546531278579e-10 2.87256218811649e-10 2.10139561307443e-10 2.29546426311344e-10 2.24412521898643e-10 2.12130879528871e-10 1.97038885207945e-10 2.03413563770738e-10 1.93119231717276e-10 1.97702898496743e-10 2.73990141685942e-10 2.71170708110446e-10 3.02077585168092e-10 2.94231117248245e-10 2.75451361719803e-10 3.05765557317983e-10 4.42186243176934e-10 4.03100397505796e-10 3.86788912010161e-10 3.99539834550211e-10 4.08071954005607e-10 5.76180414491034e-10 4.45542769345053e-10 5.90853932447288e-10 6.12704276203857e-10 5.58240287329426e-10 6.58160015376552e-10
5.7943760900514e-11 6.7260108593814e-11 6.01046878934142e-11 5.9200278013094e-11 6.40221875514158e-11 7.0784933470236e-11 8.14236011947855e-11 8.90781559625964e-11 8.56298920659526e-11 9.62580792851497e-11 1.01605901470236e-10 1.01172581423725e-10 1.0628182778305e-10 1.13556508640755e-10 1.27026766882921e-10 1.57935342581794e-10 1.94808880138453e-10 2.20374019033187e-10 2.44443365549074e-10 2.70694588966336e-10 2.53614762524279e-10 2.04597672137652e-10 1.8737424944959e-10 2.35910380119719e-10 2.09668404860253e-10 2.03972116974427e-10 2.00842054098871e-10 1.75603331875607e-10 2.21152285373449e-10 2.52124321420411e-10 2.2433755964002e-10 2.49952003539278e-10 2.65318966796713e-10 2.58140964159992e-10 2.7622130138738e-10 4.11808087630305e-10 4.33639180119627e-10 3.61830920780903e-10 2.93335344903056e-10 3.33746419389769e-10 3.04261937866812e-10 2.94271518264111e-10 3.80480025263807e-10 5.54852275236328e-10 7.14660497447284e-10 7.77654141081996e-10
6.48055609175913e-11 6.88178514174353e-11 6.16084960824992e-11 6.42082942370337e-11 6.54777565500808e-11 6.26000251635617e-11 6.47961129196517e-11 7.29589166859057e-11 7.48444528575476e-11 8.63585203347839e-11 7.90071563727679e-11 8.78547679050712e-11 1.14536591322434e-10 1.22714438610672e-10 1.49704770802117e-10 1.81719306269201e-10 1.84889537013788e-10 1.75491543519257e-10 1.7796186746466e-10 1.86796655921029e-10 1.78141057460834e-10 1.94362526073633e-10 2.00983196751991e-10 2.16799700414327e-10 1.89637039405e-10 1.84789761270565e-10 1.78180470378209e-10 1.73554659532726e-10 1.9175966370355e-10 2.37020225668516e-10 2.78803635733738e-10 2.5035018502706e-10 2.68647315504467e-10 2.70038691407848e-10 2.62325472455416e-10 3.60911711627665e-10 3.94943455717112e-10 3.26201676781324e-10 2.90969115468442e-10 2.8777292770954e-10 3.2035849528711e-10 3.33864003110307e-10 3.44460604484453e-10 4.63867610989155e-10 5.2943256445559e-10 6.92877466512698e-10
