Maxent_result_files_2/B_soroeensis_3.asc
NCOLS 594 
NROWS 330 
XLLCORNER -15 
YLLCORNER 23 
CELLSIZE 0.166666666666667 
NODATA_value -9999 
[rows 80 to 99 of 330, columns 414 to 459 of 594]
0.0161904333980162 0.0166947831617883 0.020805665171025 0.0341785753665542 0.0240637872431255 0.00639311031268337 0.00467379596618117 0.0136921584491319 0.0113223032633017 0.00745616306106176 0.014316266902911 0.00543691393429953 0.00641173265282479 0.0105950829922946 0.00474669819238684 0.0133498914524878 0.00435793709432204 0.00982733469653813 0.00689895049794416 0.00706344356930018 0.00354794235062652 0.00466838191023697 0.00148073088388143 0.00388336559501932 0.00581631030941736 0.0020393480719715 0.00058940912087877 0.002159943368504 0.00230564771096144 0.00108312276220897 0.00795020312674046 0.0106474279160466 0.0144669383764267 0.0121308031957597 0.00577374796848744 0.00731336521990844 0.00724020152933902 0.00294591829965327 0.00396857532302519 0.000932600537320383 0.00194500335839204 2.79408003285186e-05 9.64128964370481e-05 0.00023402917868246 3.33559574073994e-05 0.00014447958528776
0.0211503941878398 0.0155003595101139 0.0398202430987931 0.0479759617729658 0.00988197938033867 0.0145772707471964 0.00585062329665225 0.0133407735311609 0.0131833222264163 0.009639148629131 0.00913777633597306 0.0187210547005037 0.00368352897414646 0.00295114668270227 0.0111379683467675 0.00607911744206575 0.0108405925884711 0.00762607766636739 0.0107237001868498 0.00922929531551944 0.00777608443480169 0.000804391735115528 0.00807663849483582 0.00458577032971306 0.00378564611297509 0.00378706996091296 0.00637713275998166 0.00572642487075399 0.00538489982576209 0.00187725134431957 0.00569760296911491 0.0139293772808742 0.0122807323525194 0.0167464646161534 0.00927062633438709 0.00394131336130394 0.00233988048787417 0.00277438966940835 0.00206445233207981 0.000458003699636955 0.000201533134175114 6.64560481937193e-05 4.21984404283871e-05 3.91212590784895e-05 0.00011646923503762 4.22754435942418e-05
0.0208643893884766 0.0183709038487548 0.0174948073062758 0.0172466495692794 0.021252610990499 0.00768481202613322 0.026415841462773 0.00976614379085845 0.00899382712175623 0.00819019556158267 0.00621619864195289 0.00493109611844975 0.0140229446889457 0.0174398404612518 0.00767247651094181 0.0121950031263765 0.00819538316808632 0.0104839368365532 0.00908418213087714 0.0102357987800502 0.0191391891973193 0.00309209321967807 0.0133811633235251 0.00777178449850666 0.0101258804841024 0.00730521806714535 0.00720417064074041 0.00819507692555419 0.00410113705148945 0.00394810288660281 0.0058844703208763 0.0124272658418874 0.0148550557706585 0.010012879307216 0.00898467536295977 0.00538194764654124 0.00361404261445605 0.00203714673098121 0.000688358595918126 0.000761199863865014 0.000109855597306308 0.000185798669191051 8.99073064829614e-05 9.92498193227442e-05 4.28117338060807e-05 5.68401948386144e-05
0.018237222537203 0.0144213461350691 0.0131070796147955 0.0359691817730906 0.0144935175409399 0.0142018199743156 0.0120802287967998 0.00957345730570296 0.00324007981231915 0.00403268104561825 0.00563921929426243 0.00383302439389155 0.000860210374214443 0.00225026499660501 0.011401212315279 0.00836049999415494 0.0177117114649633 0.00635406632864459 0.00194322334660431 0.001554126100947 0.00345101969201459 0.00391327071328886 0.00197870925874071 0.00869991171249751 0.0119467190965864 0.0138741939976299 0.00628281959908534 0.00472297944082492 0.00841332253134368 0.00403797946300699 0.00235458273200084 0.00572078730209719 0.00579581403221431 0.00560495673494789 0.00478476058904836 0.00659796149881273 0.00431702137494625 0.00230694791835808 0.00102872335606043 0.000407331340610839 0.000778962714977494 0.000578978402132835 0.000181948202046234 0.00015319862159251 0.000114669174263393 9.97761536837394e-05
0.037487026787366 0.0165260309586106 0.0266666939034847 0.00237656074669133 0.00288230888463092 0.0316096955710845 0.0543305872625541 0.0184595582363967 0.00907448001258918 0.0253759085970395 0.010403168423062 0.0127241591783246 0.0210168626017591 0.00997270853875172 0.00404443831886034 0.0347487557127373 0.00217714236715443 0.00283112485534125 0.00347372424535788 0.00133943087715691 0.00269371139521027 0.00230525059121964 0.00764397044066101 0.0120050790588351 0.0125810010874602 0.00828254101253663 0.00302371509301373 0.00506423947893229 0.0094350618074543 0.00427429095605873 0.0115791886815763 0.0209307012372847 0.00571582364596491 0.00531317065451004 0.00449081737552698 0.00433510243890396 0.0046253079628372 0.000567162864193538 0.000270290641818971 0.000359954152178188 0.000395615930415616 0.00055802826936131 6.63811723102481e-05 8.72877334133437e-05 0.000100442792700128 9.41610573591767e-05
0.035781888859691 0.0392499381799704 0.0261427811481319 0.0110129602210053 0.00202939735336843 0.0150667540198089 0.0124101239604697 0.0150829642163224 0.0120255217658723 0.00764279523196762 0.0102472802791283 0.012011172954965 0.0232191419289507 0.0120482584137847 0.00891388391497401 0.0125437332476068 0.00320589175389108 0.00150680372651752 0.00721615460497382 0.00345166393176362 0.00172841844414995 0.00600146161387549 0.00785465988657137 0.0106732370142596 0.015271585789344 0.0127524357594012 0.00784734970567627 0.00444037478708807 0.00980295046043409 0.00679400184169282 0.0100844455446349 0.0224061812675039 0.00575501992611294 0.00769912175734233 0.00463448670693225 0.00263752717904673 0.00138686213388555 0.000379851925833408 0.000226354623211755 0.00256784267478684 0.00177685251046953 0.000213548425280896 0.000176426344526581 9.53534936611433e-05 9.42694516655962e-05 4.89430297876625e-05
0.0172551724730975 0.0542836562266894 0.00387384281718856 0.0104281493668189 0.00325707670726846 0.0101763746822634 0.00177368126115881 0.0141887828834347 0.00898612425975244 0.0147495827087938 0.00636160207102421 0.0101901332307875 0.0142915380130717 0.00541771416617394 0.00426844758877287 0.00342372655373016 0.00453439893250209 0.0031641343092744 0.00276672976912113 0.00201279086705704 0.015473158636857 0.019800945930706 0.0159048688718997 0.0114824578815901 0.0103246822681697 0.00946624646757641 0.0101852659083669 0.00386079257632845 0.00879837511961057 0.0071140241004538 0.00698774870650567 0.0130320692598326 0.0116068165859361 0.00474312357283113 0.00398762572305031 0.00102703264473659 0.00126156445374647 0.000198942385226708 0.00242472663640623 0.00109472654285437 0.000624906831533301 0.000708056184530625 0.000223289160445284 6.86565530432226e-06 8.54828269442609e-05 0.000145404103024438
0.00633138003000113 0.0321434928182192 0.0169217981888753 0.00409476355321232 0.00376308575478106 0.00201910525884585 0.00290379304532564 0.00215152823720501 0.0031691395916539 0.00295401730426477 0.00932515986729925 0.0449727587620828 0.006644052576749 0.00999970503256122 0.00593241892459631 0.0046447138751752 0.0094260101292079 0.00561558934343758 0.00616643816537366 0.012851182924642 0.0347855171308311 0.0528280578415831 0.023978368579651 0.00982091886028233 0.0029581114555242 0.0027211795439726 0.0128039314372813 0.00512107586086863 0.0048117238716145 0.0145348264953405 0.00887809143485607 0.00378716824564271 0.00890162945168515 0.00703874409900038 0.00441310648491111 0.00104449132169721 0.000684638716039809 0.000541032208331238 6.65122460665968e-05 0.000337223859426561 0.000104056454068424 8.51727062412655e-05 5.65791387221126e-05 3.45456115385945e-05 8.1623117694618e-05 0.000106261335558533
0.002696980444057 0.0020572832286862 0.00667660169743476 0.0012761697559995 0.00546826167892508 0.00461876802037864 0.00674926028063538 0.0072810368581532 0.00430124764984292 0.00600922899684164 0.00576890098492555 0.0129611908530336 0.00889413134463268 0.0118406785017882 0.00691984607229372 0.00683887808275045 0.00543403897865318 0.00594132374531995 0.0629578333895267 0.0264653475460193 0.0391556244233087 0.0206971027224824 0.0284364372840287 0.0167622740509842 0.0242973750937836 0.0272527994732059 0.0117707948436646 0.0127689715970135 0.0289620123699024 0.0208411743104334 0.00506170818272595 0.00672106929726208 0.0104615678975559 0.00743484748936113 0.0022310006058154 0.0015713414629455 0.00291178845188581 0.000820158037631735 0.000288568896077823 0.000144392650180547 7.1102737622164e-05 8.94276560571616e-05 5.9258609054047e-05 3.99948063436906e-05 8.49899987792835e-05 9.58382525910406e-05
0.00278954680445238 0.00443203179810729 0.0167475126012696 0.00681128572483405 0.000805850295831234 0.00519711669800874 0.00671595748346763 0.00203810737669107 0.00402650220754379 0.0160583399320461 0.0060380975699788 0.0611404989731909 0.00521559481379086 0.0108638500386206 0.00611571523730561 0.0109218971660994 0.00974702234146747 0.0258550838134028 0.014576300915931 0.00578178125008435 0.0132436528096292 0.00923999135320344 0.0240895166907649 0.00951760327149036 0.0144574674518992 0.0254369263152796 0.0122463856852882 0.00277489220302547 0.0109314417430596 0.00908862236020803 0.00889530313128445 0.00837567025031017 0.0130459718269322 0.00333272554318214 0.00111632670102062 0.00241539986520105 0.00761497426366613 0.00259895893507385 0.00145233853667149 0.000656984446227882 0.000410817881314907 0.00104731895080993 6.05514383886785e-05 1.12656457953775e-05 4.75869945160468e-05 5.10255237731405e-05
0.00468434963897455 0.00390718971994269 0.0103427605688372 0.00541058621433573 0.0180402669791481 0.013120483193005 0.0153042955255418 0.0169243036726871 0.0263785021822479 0.0247837033067405 0.0167433399844875 0.0139558237816246 0.0101722109977118 0.00769759142699797 0.0078103974604943 0.00236432635438959 0.00390919783999735 0.0113120625920018 0.00638778207530599 0.00512685963131552 0.00538050069895171 0.0234278018813797 0.0227485750243915 0.0451269554797818 0.019813351704147 0.0110603108878877 0.0169573774708681 0.0160559944871356 0.00445485155458556 0.0269670710307768 0.00592143203441823 0.00692868159660804 0.00840608594152741 0.00589067328690902 0.00184228173163632 0.00123870230610821 0.00201758158471339 0.000479907715706074 0.001431784735959 0.000910521483144189 0.000300903406223574 0.000560819610125329 0.000395846204208583 4.2218781931358e-05 6.76551207617671e-05 1.53088743919838e-05
0.0136571971415299 0.0402906209766547 0.0572813416458658 0.0275677754598481 0.0154547586337544 0.0144038431454713 0.0102823925228078 0.0247268097767283 0.0219296372725677 0.0087889737578149 0.0123080877618339 0.00551071024787311 0.00450356925437071 0.00552978357543594 0.0045686497826388 0.00290552922983309 0.00397716077303514 0.0061381874202592 0.00286500197357196 0.00282706394694561 0.00308434830541788 0.00210253669275833 0.0171006132182626 0.0239484899371604 0.0314234567120536 0.0247372311663526 0.0195755125712651 0.0144457913635836 0.00872626185046355 0.00414609082465462 0.0109852772825789 0.00896723664069725 0.00634454326292656 0.0113302385754935 0.00882036230107843 0.00556337987206064 0.000200786367847183 0.000245730412466172 0.000886797018566432 0.000254836006196735 0.000744383058299769 0.000131886227769107 0.000105272357213826 0.00022252102834962 1.25680150133256e-05 1.71992761935913e-05
0.0263376003641731 0.0377673485257617 0.0144839782935488 0.0336380554268471 0.0372064367464498 0.0269146230435825 0.0380480952771124 0.0366819179634358 0.0322709296936939 0.0142166491916781 0.00832488889719533 0.00943857926417958 0.00624914462557342 0.00486844709452967 0.00250727980598171 0.0049454026311734 0.00458954756306884 0.00589551399206201 0.00471605539052504 0.00405612403045659 0.00267118086665861 0.00624354332508363 0.00788612368457127 0.015941132223886 0.0118253309425775 0.00661489912651456 0.0175703145972989 0.0144737612468589 0.0136979256495408 0.00888624323429941 0.0151043914783777 0.00893728805840368 0.00711467880766179 0.0191954822038042 0.0168184517031505 0.00134517488309973 0.00202721607700743 0.000799195721195822 0.00174288725099376 0.000119415164119663 0.000505832088570024 0.000766396134502811 0.000197510605353612 0.000120024813055197 1.34711296030043e-05 4.2421416313565e-05
0.0122851368439927 0.0101915860005102 0.0135342771196464 0.0253939174094808 0.0109092826148082 0.0214839981657346 0.052763842847872 0.0777402244046418 0.0265247365039589 0.0125249919070998 0.00802965167981766 0.00671593658091753 0.00383187648810264 0.00259612290129496 0.0194009901496969 0.0179074748466689 0.02308595465758 0.0108332498584147 0.00726138774631249 0.0061219076787058 0.00444753495668895 0.00383427857727687 0.0183892676954166 0.0214638521546647 0.067610372332588 0.0130880487286621 0.0134870414966418 0.00887189173473217 0.00942694844314218 0.0110740029668079 0.00553627113563913 0.00884540248368779 0.0118452623883897 0.0132657664578347 0.0107435475631007 0.00236362967939376 0.000535888114750271 0.000788045057773368 0.000149151472559372 6.47502803210576e-05 9.11220542359814e-05 0.000181978677888039 0.000144914799321283 0.00011475073911964 3.11912218997623e-05 2.83566258504897e-05
0.0198817444233599 0.0199876252728843 0.0165151568290686 0.0779305734632254 0.0147404073864931 0.00920646392554834 0.0136363245705351 0.0188822093394129 0.0200873961395625 0.0230622828298632 0.012262182132874 0.00363298159475677 0.00302934764033864 0.003849560363264 0.0158356650283679 0.00352575758967362 0.0211739029342837 0.0104044386404588 0.00764136033193346 0.0170930027252155 0.00586798418803092 0.0136294991528125 0.0148010385423525 0.0241648517899151 0.0332661042243856 0.03349438436246 0.0157633884454281 0.0160544189028009 0.0120469899868297 0.02815553743485 0.0197754317199667 0.0116927517021736 0.0170596903970597 0.0154761032409868 0.00140856637043747 0.00250430486656446 0.000555628925535556 0.000590180681979224 0.000312311327723835 2.07332656548598e-05 5.78951398130134e-05 8.99024681258909e-05 0.000355364354775289 9.20741834941063e-05 7.0478344432956e-05 6.75523997679561e-05
0.00517040114794148 0.00220071077404644 0.0167851155103757 0.0105362048630863 0.00342168765640855 0.00820019070244002 0.00498537875469479 0.00312539689717354 0.00158021558474504 0.00807336564008847 0.00761496337994542 0.00333034455008487 0.00634101199983661 0.00797463136387933 0.023755438180217 0.00803604254115271 0.0091043108137491 0.00853318926655007 0.0130905557704764 0.00414486961758449 0.0108542759573258 0.0262416630416741 0.011220335535679 0.0108276396697271 0.0110091114872967 0.0151433138339939 0.00887062705072186 0.00656351330327061 0.0109765711492017 0.00822306648363309 0.0183855001372137 0.0180603086366659 0.0195289676335292 0.00742826358145419 0.00174186813942931 0.00182218129313307 0.00177364451512916 0.000260380222396384 0.000535089122636478 4.33285539887862e-05 9.84429620599747e-05 0.00022551353117628 0.000240104796253071 5.14659905656467e-05 2.85245033833537e-05 3.32107899867706e-05
0.00461607536027238 0.00208607577232375 0.00405814804922726 0.00697360480075664 0.00437589353551727 0.00859390557740204 0.0336187833039737 0.019753198584986 0.00156091315622019 0.00699466633274145 0.00333906579587619 0.00257752982433885 0.00771815261808231 0.00481883645242078 0.0117609153202352 0.00459780912760834 0.0103957335662699 0.0130497746336076 0.0061215847536964 0.0524483632588328 0.00909126236683244 0.0445193173614257 0.0219476498626999 0.00765791943987963 0.00865914820192932 0.0212483931153216 0.0132652157490224 0.0180642892515316 0.00882424319205732 0.0119306490743611 0.0185420475768524 0.0157755798099318 0.0292517970466188 0.0229092250676468 0.00614685668683707 0.00322485548224636 0.00140391652096121 0.000382638731792717 0.000982157311813769 0.000376959058442505 0.000248160920459106 0.000307938567553112 0.00049875463964405 6.76376758829589e-05 7.95744308821566e-05 0.000176336229600338
0.000812166410273385 0.00513143708522326 0.00697453305283429 0.00680109699805518 0.00606734049925756 0.000598326932012583 0.00735046547001736 0.0124852494940282 0.00648443984919516 0.00828381734523878 0.00706546185734284 0.012532902662133 0.00578639046057674 0.00120842363111677 0.00979992245279959 0.00583942901878913 0.00718623249036057 0.0105364377844129 0.00748791165581366 0.00429556356759377 0.0107668008399665 0.0501692730730085 0.0114730231395523 0.00767709460565156 0.0111253314559612 0.0113432636882237 0.0139771989011553 0.00984213402224867 0.0123757729764876 0.0198557838407851 0.0194384740760195 0.0162089007361035 0.0500662278877329 0.0181655190960321 0.00304911180824234 0.00624115169967433 0.003045566209047 0.00045245751939027 0.00049846294910022 0.000228268299805201 0.000111004240478141 3.09024784225564e-05 5.58039762476148e-05 9.20994879297088e-05 4.39942845137598e-05 3.34536338918889e-05
0.00149624377626019 0.000533214604654131 0.000339546134589019 0.00104256282189831 0.00190197202286558 0.00107959812625076 0.00422126571475703 0.0102269561668352 0.0112526766840812 0.00642238578544757 0.0189852310144265 0.0141535267797735 0.00835491300827584 0.00456276109325131 0.00239743121363425 0.00206554106873096 0.0140731527135429 0.00462571310839728 0.0104525350587267 0.00389342351227526 0.00264154315326337 0.00968924206709119 0.0102051454784565 0.0079601782745252 0.012865464479076 0.0107153905914373 0.0145615015383065 0.0103931833365991 0.0162886997072178 0.0128142997540698 0.00849825896073306 0.0183293460666229 0.017037216166793 0.00948594367512239 0.00327787551291017 0.000807172957886415 0.000196294488449755 0.000391932874323031 0.00040824839735325 0.00058510920415662 6.8133605868359e-05 0.000104171176531498 0.000158547360435435 0.000108262601399278 0.000217086850732173 3.71822300882396e-05
0.00120222250379539 0.00096756214122351 0.00169550155084082 0.00301615827250004 0.0037841891037961 0.00395054277690059 0.00452955611499393 0.00657482691643863 0.0068208982489277 0.00440039166275592 0.00185786426401364 0.00425084321339853 0.00914889791934004 0.0033161382020154 0.000852965558274832 0.000552336997272251 0.00148955956273689 0.00289045861691264 0.00206960976396005 0.00237525421883475 0.00248963698585207 0.0020941668565797 0.00319829842882839 0.0100370009256579 0.00851650303920017 0.00929042954091628 0.0270462174580985 0.0147401713505779 0.0180614445956763 0.010307408348428 0.0126325175582053 0.0109459107979224 0.00792389443929944 0.0117456380958403 0.00376713917398994 0.000341256383195976 0.000216454596451066 0.000124198486208971 0.000101905437426286 3.69207264461102e-05 0.000111248890700189 5.66510009856414e-05 3.66567446245636e-05 2.67339648052367e-05 7.40600747748621e-05 6.59204134589642e-05
