Maxent_result_files_2/B_sporadicus_2.asc
NCOLS 594 
NROWS 330 
XLLCORNER -15 
YLLCORNER 23 
CELLSIZE 0.166666666666667 
NODATA_value -9999 
[rows 160 to 179 of 330, columns 88 to 131 of 594]
1.30790107576217e-05 1.13857283594143e-05 8.84126981873123e-05 9.2224096931659e-06 6.22774800085324e-07 4.11279755674343e-07 3.01799381361434e-06 4.02713811524791e-06 1.26958623916096e-06 2.54857373533923e-06 -9999 -9999 -9999 -9999 -9999 -9999 -9999 -9999 -9999 -9999 1.81358036162038e-06 8.34976355168493e-08 1.00426299098899e-06 4.2233402268721e-07 1.68416015045025e-07 1.81060393977805e-07 1.9203803204304e-07 2.98729295966638e-07 1.96616514336556e-05 1.4152643591836e-06 1.32241397445831e-06 3.79592841992515e-07 1.05027812703495e-06 0.00010144817553055 2.76445197595621e-06 2.66832536185424e-06 2.58196273672517e-07 1.14611503702067e-05 1.50758221020286e-06 5.61100897378264e-07 4.0222726082062e-07 6.24604579058108e-07 0.000730887109365597 5.61078348715327e-07
0.000508291230653413 0.00304115734761581 0.00782053614966571 0.00169603317626752 7.34976943931542e-05 8.47752757522358e-06 3.95155533396974e-06 4.38232264166061e-07 9.24776043049747e-06 -9999 -9999 -9999 -9999 -9999 -9999 -9999 -9999 3.11390893591446e-06 4.32298917962814e-07 1.10008268414674e-06 6.36709392409784e-07 4.11061638250221e-07 5.38792202475769e-07 2.77056177300228e-07 8.80518833434873e-07 1.8734867134329e-07 1.22896096188541e-07 3.16222496521412e-07 2.9578865609059e-07 1.95603665886779e-07 3.24395848261272e-07 1.36843325977409e-06 6.85600106875572e-07 9.70480886650638e-06 2.40191518149357e-06 2.36583670081281e-06 1.05931701901429e-06 5.89277717211179e-07 5.52945286569351e-07 4.04701451295342e-07 1.75879243313748e-07 1.62505708611871e-07 2.12875558369685e-07 0.000135842036355704
5.58405289474706e-07 1.49451348434582e-06 7.30529981751715e-06 4.22382091073814e-05 2.89768593120243e-05 3.57993537363654e-05 -9999 -9999 -9999 -9999 -9999 -9999 6.99219801489903e-06 7.17986354381583e-07 7.49244525621862e-07 5.86918070855091e-07 8.34465201648982e-07 1.29448458210391e-06 7.83266957515849e-07 5.05131518568902e-07 2.00417430351596e-07 9.4156820551472e-08 1.36574666997902e-07 1.25130684047736e-07 6.47437116674254e-07 6.02956538697796e-07 1.14700330655637e-07 9.91253475302045e-08 3.44522079297471e-06 1.05413220607975e-07 1.84158425298175e-07 8.57000053500201e-07 4.54845003750037e-07 3.30979825757805e-07 2.25236487050307e-07 6.25296558425248e-06 3.49326246507076e-07 2.27211131220706e-07 3.71552854672164e-07 1.57645851006638e-07 1.91627954548856e-07 2.22924473036734e-07 6.60866762791645e-07 0.00183024063153425
-9999 -9999 -9999 -9999 -9999 -9999 -9999 -9999 -9999 -9999 -9999 -9999 1.24965758914186e-05 3.21580728837034e-06 1.79753779576686e-06 1.57843250536693e-07 1.26385625947023e-06 7.70846652686785e-07 9.64606503472965e-07 1.57353865315457e-07 1.65947392516408e-07 1.5475268305698e-07 3.53553507692617e-07 3.14721004379681e-07 1.15776949289881e-06 4.60025028770072e-07 5.55266398316601e-07 1.43939637475832e-07 3.1232427293304e-07 4.70382468509278e-07 1.74689648559934e-06 3.46697394937312e-07 5.92427464007894e-07 2.91531372009768e-07 3.31562586108891e-07 1.40984970009583e-07 6.64878450573614e-07 1.42174694373054e-06 3.90900514823933e-07 3.43022047635255e-06 2.03340361499826e-06 5.26091167263321e-07 3.22080277037617e-07 5.62350410315826e-07
-9999 -9999 -9999 -9999 -9999 -9999 -9999 -9999 -9999 -9999 -9999 -9999 3.96198136058956e-06 2.73456013530904e-06 2.02116727905377e-06 1.58714269531401e-06 1.82500538714603e-07 1.62011642146354e-07 1.1507919202014e-07 1.07728589893163e-07 4.35658385677939e-07 2.78701187927943e-07 1.03386633953928e-07 4.54437866426183e-07 1.15694131226363e-06 1.50108519001435e-06 2.37029323923998e-07 1.56821301200427e-07 2.71753189373669e-07 3.78916795207296e-07 6.70176038142234e-07 1.02562623900404e-06 5.72843303014992e-07 9.76996229440363e-07 4.62817372959279e-07 4.21287177543306e-07 2.52026926648163e-06 2.24953251507509e-06 3.00834327219945e-05 7.10952136643073e-05 0.00010152672048207 7.0802043752316e-06 5.24166313091712e-06 2.47623898577132e-05
-9999 -9999 -9999 -9999 -9999 -9999 -9999 -9999 -9999 -9999 -9999 2.75510044076555e-05 2.58431761608335e-06 2.00471574629546e-06 1.84662031301741e-06 1.44784655091712e-06 6.61782576316661e-07 1.28218645811806e-07 6.84627370128865e-08 2.16385695128718e-07 1.93906182666126e-07 1.16461799037904e-07 2.95045757492396e-07 3.8726757626284e-07 2.64713191278076e-07 1.6508869553622e-07 1.33408891977993e-07 1.74326921986712e-07 5.79086147611818e-07 2.25793289010401e-07 1.41273336327075e-06 1.68040252175317e-06 5.1352424456752e-06 4.98593941813397e-06 7.74428729570786e-06 3.40859592697029e-05 2.26006891544728e-05 1.64064618694226e-05 2.15912821047937e-05 2.49571428298623e-05 6.20576250184968e-05 7.32437986300738e-05 0.00010501112257657 4.45979997778068e-05
-9999 -9999 -9999 -9999 -9999 -9999 -9999 -9999 -9999 -9999 -9999 1.15318739247527e-05 2.00738595310668e-06 1.67338271808148e-06 1.31529483979875e-06 1.2301347133814e-06 1.42560278852955e-06 1.12146332149621e-06 1.25124676042532e-07 5.89786857008168e-07 5.58590730470598e-07 1.60480115196648e-07 1.39126303300152e-07 6.47113812224376e-07 8.13895791900165e-06 1.6477789080982e-07 5.24123596223891e-07 2.02606998485066e-06 2.1164983293076e-06 8.27069159257121e-06 1.50209457792982e-05 1.61508898543161e-05 1.53304423491818e-05 8.60067961738764e-06 4.92840011233397e-05 4.97945527101251e-05 6.26409383187365e-05 2.7704035224474e-05 2.64202964274318e-05 4.20746307355557e-05 4.9781607310706e-05 7.93046729199887e-05 9.4697121619447e-05 0.000210102014943914
-9999 -9999 -9999 -9999 -9999 -9999 -9999 -9999 -9999 -9999 1.01792874891871e-05 1.62539485586422e-06 9.16206141532427e-07 6.28906367161619e-07 1.03390877423948e-06 1.13052360237731e-06 1.14183714927663e-06 1.15591730076581e-06 9.99897435427499e-07 1.01251748878539e-06 1.14203086942766e-06 5.58067945233276e-07 3.67506049303579e-07 1.25358923721564e-06 4.06582355481078e-06 1.50679303523304e-06 1.14797951770385e-05 5.77943819180859e-05 8.42864125758069e-05 0.000157786253907943 5.39849276975701e-05 6.13762419398256e-05 4.29487321341071e-05 6.71866045180991e-05 3.19494519864349e-05 3.60060564304376e-05 3.20787572292147e-05 3.57733514306346e-05 8.19797937992917e-05 4.24347227976796e-05 5.49580469339617e-05 7.8009926875211e-05 0.000232891182349704 0.000148203660091895
-9999 -9999 -9999 -9999 -9999 -9999 -9999 -9999 4.84397191047314e-06 2.21584000286157e-06 1.48868138367675e-06 2.38599955650898e-06 1.21070815488622e-06 1.14685464147612e-06 1.07410058642898e-06 1.25334067158089e-07 5.70520592879653e-07 8.77625015061057e-07 9.71471694599657e-07 7.24539974372718e-07 8.9584352243044e-07 1.80039082264827e-07 6.74904767994367e-07 1.15872208614753e-06 2.08950402065255e-06 1.65443650796959e-06 4.87453177644426e-06 1.67929705966685e-05 5.55755864596108e-05 6.52339838637772e-05 8.9397307437622e-06 2.66653866091815e-05 7.54288370814038e-05 5.57502794237052e-05 2.67000573373366e-05 3.38027088957915e-05 8.58699267155316e-05 0.000225133097592334 8.95282254361973e-05 5.52109320551608e-05 4.47297819619052e-05 9.77265712158726e-06 0.000137007858643301 8.36476453516255e-06
-9999 -9999 -9999 -9999 8.21066642799906e-06 2.22130653355634e-06 1.85642350061244e-06 1.48954987508887e-06 1.36426606047735e-06 1.37975261083056e-06 1.43379396426724e-06 1.41232889383502e-06 1.44287101520035e-06 1.14865283968868e-06 1.09055568291438e-06 8.92736720725651e-07 8.65203613997778e-07 8.50002598706823e-07 8.75363143393315e-07 9.46717429428645e-07 5.01742811509498e-07 4.21388657756427e-07 6.22462485955211e-07 8.28038479117055e-07 1.00891233101308e-06 1.07720463207173e-06 1.50499115001423e-06 6.30303029325319e-06 1.07571948078089e-05 1.06541262709925e-05 1.14870699607916e-06 5.96091299405188e-06 6.4567851909203e-05 7.63478258988925e-05 6.77236400633774e-05 9.49603105709684e-05 1.7442956323066e-05 3.82782862743625e-05 1.29174235468099e-05 6.45286787062105e-05 1.31399655884934e-05 1.22858546987015e-06 4.19617883880008e-06 0.000111381898523177
-9999 -9999 -9999 3.84842164979915e-07 1.69292899556694e-06 1.728704515358e-06 2.08105682304449e-06 1.44258920258267e-06 2.42239554637536e-06 1.33045224046668e-06 1.4420898775569e-06 1.72861117313516e-06 1.17178114944494e-06 1.00992196152561e-06 1.02683538028003e-06 9.33610382158889e-07 8.27875249598264e-07 8.53948241452684e-07 9.04201077212008e-07 1.8513594945091e-06 1.8940042617821e-06 2.90595723262399e-07 4.91560953630454e-06 7.84410833376548e-07 4.73369364240028e-06 9.8178824972095e-07 9.70198465832794e-07 8.25236477641766e-07 9.21843302936765e-07 2.12245842963199e-06 1.15269478783375e-05 1.12879751448247e-05 9.74293342679289e-06 4.78769520029232e-06 1.98269623126635e-05 2.70958866963156e-05 1.35025826266677e-06 5.78422263131095e-07 6.57388635461054e-07 7.96546673136333e-06 6.27106985966464e-06 5.50363863794701e-05 3.25203455247447e-05 0.000118616753570677
-9999 -9999 -9999 5.08776199870109e-07 9.34812366182314e-07 2.32000647681918e-07 6.79924017390476e-06 9.04739530938059e-06 8.41728837885913e-07 1.15490183780764e-06 9.77704518589917e-07 1.15067644568256e-06 9.43928098173785e-07 1.43395181702033e-06 2.55209687405333e-07 1.04024332028274e-06 8.86683554623957e-07 1.52090222247381e-06 2.83368085396418e-07 4.81148578955981e-05 8.98674238758446e-07 3.39490678302745e-07 1.89942634232221e-07 1.1064270000638e-06 2.19855438112759e-06 1.09066666604818e-06 8.24755471029448e-07 7.85089918653448e-07 8.13836108459753e-07 8.46841924451169e-07 1.52765493240281e-05 3.11133058623625e-06 6.23813354607705e-06 8.00127298390407e-06 3.65767086982771e-06 3.11271419519699e-06 4.45616695685658e-06 2.33504024291786e-06 5.7974381741932e-07 1.00626746849519e-06 2.30135148115096e-05 4.15850317248001e-06 1.10727150602896e-06 2.97779489506489e-06
7.01337810105063e-07 1.69711203028555e-06 1.393286092366e-06 1.31440808246452e-06 1.16314993832134e-06 1.16012077953087e-06 1.60332672578534e-06 2.96334498273154e-06 3.85874237285311e-07 1.35573282822321e-06 1.05374738978981e-06 8.61057132972576e-07 8.95349059781836e-07 8.36706276974297e-07 9.36421205377513e-07 9.07329847166238e-07 4.45079859867636e-07 3.77676497738122e-06 7.80943500711118e-07 1.88132701488541e-06 5.78306844900567e-06 1.62959879084212e-06 9.15654794764187e-07 1.09030161352663e-06 1.02439216642658e-06 5.04921365795941e-07 1.16400036576092e-07 1.21216700490479e-06 1.18253645038369e-06 7.13075751122005e-06 5.42538685266436e-06 2.11699387499209e-05 1.23760704227038e-05 7.91477167609855e-06 8.45291573128293e-06 1.32854650388481e-05 3.14433238948197e-06 1.12650346648646e-06 4.67969548767488e-07 8.08982099220756e-07 2.06347406788154e-05 7.77973876466831e-06 6.26795022251603e-07 1.01663812029917e-06
6.74933087552176e-07 8.72657830086609e-07 1.03181157982135e-06 7.11459878210974e-07 1.18803561584002e-06 1.04542788044171e-06 1.2782507923248e-06 1.10830910742266e-06 7.17079329604076e-07 1.6089545301412e-06 4.83965426822941e-07 6.6993252798575e-07 2.900976301623e-07 2.65892521478239e-07 9.11056621144546e-08 2.24459484021722e-07 5.59508252595542e-07 1.02804124595401e-06 1.33043177776848e-06 9.7143235588959e-07 1.81782972923372e-06 9.54038379763489e-07 3.8218460600703e-07 2.70002140503323e-06 6.69458482178698e-06 4.58469267279327e-06 8.60156871169693e-06 1.06115572773291e-06 1.34529578197373e-06 1.1386614400255e-06 9.03929523943248e-07 9.00030562718257e-06 7.56795748984018e-06 1.63630731844222e-06 2.28364302410355e-06 2.72970867484901e-05 2.14736548578287e-06 1.93224962012906e-06 4.22654689080648e-07 3.30557633398953e-07 2.73298155555324e-06 1.907855606742e-06 7.8690201162912e-07 2.32698358448857e-06
1.28624769786256e-06 1.04699741712011e-06 1.09816451718814e-06 1.20931679958858e-06 1.27489220673738e-06 1.03055975486654e-06 1.13826443399745e-06 3.6435971537685e-06 1.70551494917959e-06 1.53544259617888e-06 1.27317119265058e-06 7.6890703155641e-07 9.2744456159366e-08 8.34008670125286e-08 6.86098408642088e-07 0.000292379785696539 9.53934274651402e-05 1.34802709107484e-06 1.32086165949286e-07 1.85830421695066e-07 1.05134503547433e-06 1.20449052958271e-06 1.26000924862701e-06 1.27554655717788e-06 2.70765922749661e-06 4.93674841948177e-06 1.47921069419965e-06 1.08754027925428e-06 2.76905547869077e-07 1.02245695305925e-06 9.32694824129499e-07 4.55811145414486e-06 2.40432209750452e-06 2.17481912230255e-06 1.95750776356363e-05 6.69396388559562e-06 3.86950619954973e-06 3.45094859177664e-06 4.54292200502415e-07 2.12331569109381e-06 1.87181857249641e-06 2.17141451663849e-06 2.19666269494212e-06 1.39380367841113e-05
1.38442723596199e-06 1.23825789728471e-06 2.05049369697008e-06 1.13453858929802e-06 7.71234536784959e-06 1.15451023674495e-06 1.1248575361833e-06 9.36561377962164e-07 9.74284485621979e-07 1.04852275306655e-06 1.04067487303183e-06 9.42083072974498e-07 2.10828299586296e-05 4.13002840993215e-07 1.46672695133798e-07 5.85546835263351e-07 2.1669140854419e-05 2.55664884407647e-07 4.83908459161242e-06 4.11844517280713e-06 7.70018753204482e-07 1.09479370591359e-06 1.25962391805956e-06 1.85389859073126e-06 1.27177424751324e-06 1.47239449219683e-06 1.38786939487545e-06 1.71566528290867e-06 1.30650406422461e-06 2.5500031926029e-07 9.07229547131294e-07 3.10675509416214e-06 7.32986662432822e-07 1.41268212630052e-06 6.09838925242911e-06 5.31129189482726e-06 1.00042014580026e-05 3.27710508629675e-07 4.7819790376713e-06 2.13255519132538e-07 2.31315895362627e-06 2.12615275998473e-06 9.51788003646925e-06 2.05523196200375e-05
4.80871796071369e-06 9.20714181802396e-06 1.32748107375846e-05 9.04841521176536e-07 9.17616936746413e-07 4.8813777794976e-06 2.64420468596427e-06 1.96775705738617e-06 8.29288037440534e-07 9.06940679135104e-07 8.18689659309868e-07 9.61109769370694e-07 8.73571502335579e-07 5.25080476538875e-06 7.79639705550395e-07 1.75788836365154e-07 1.4343988229415e-07 7.88653672645356e-07 5.74745522230469e-07 1.0522200389218e-06 9.1991137605163e-07 8.09678538060688e-07 1.3749133282559e-06 1.60668439335154e-06 9.07383356318903e-07 1.47917316688506e-06 1.30051279914056e-06 1.11889245282271e-06 1.1012074755179e-06 9.00386021029931e-07 2.0567037861241e-06 7.17010791517758e-07 1.16030771195597e-06 3.24167948448917e-06 3.70272145744366e-06 5.94057967759909e-06 1.15669518507389e-05 8.71990080497653e-06 1.38905338664674e-06 5.65434006583043e-07 2.37170119387065e-06 1.09995864207235e-05 4.6359769825699e-06 4.3342211813524e-05
2.69109348209895e-06 1.48483617294914e-06 3.40958834477156e-07 2.87656876309939e-06 8.43484143864259e-07 6.94788487543008e-07 7.02113814199379e-07 7.77829436149347e-07 8.47461123898441e-07 7.24764446680126e-07 1.71228766088216e-07 4.23935775495377e-07 9.14609663649202e-07 8.93707609606054e-07 7.95200495695703e-07 9.23832915455947e-07 1.47612486007809e-06 1.39822374890741e-05 1.07228807871174e-05 8.86846047565282e-07 1.62295685210978e-06 9.45982104649801e-07 1.33302931448753e-06 1.44005744218134e-06 1.54392855975516e-06 1.39181800467014e-06 1.19690707958142e-06 9.64085686661065e-07 7.47669918066407e-07 5.25270667672828e-07 9.40504867941172e-07 3.11194122843972e-06 2.10424312427904e-06 3.32683218573493e-06 5.53068205704221e-06 2.44682164577625e-05 2.67305455885491e-06 4.47847483115993e-06 2.12834733872569e-06 3.66135533749201e-06 1.33412005880018e-05 9.90406105358943e-06 6.38560118431997e-05 9.72706485868002e-05
1.32382064350622e-06 2.59104899100748e-06 7.75000176744811e-07 6.97900051527256e-07 5.89971686615343e-07 7.53092602057137e-07 6.55197565802013e-07 6.979167092247e-07 6.31726700595081e-07 6.98467256698976e-07 7.22398045782668e-07 8.02882295936058e-07 8.96073844902645e-07 9.03982170630258e-07 8.41652228888989e-07 7.93710296287387e-07 8.87330480914272e-07 2.73081118375984e-06 2.40570945417851e-06 9.02654606393938e-07 8.47865107234114e-07 2.19579059779207e-07 9.37581514381947e-07 1.04870740322838e-06 1.50678352639488e-06 1.13462792636909e-06 1.45421976549542e-07 1.84736251647166e-06 8.43788986770733e-06 9.86750857201457e-07 1.43407630268655e-06 5.35189601009733e-06 5.647392595165e-06 1.09904745215772e-05 2.07861602405046e-05 7.2265849198061e-06 2.96407749864613e-06 2.41262903930561e-06 2.61161440775481e-06 8.58871862021715e-06 1.12539778852616e-06 4.15028645591065e-05 0.000116121346701448 1.41607680905764e-05
1.08268295662128e-06 8.38950791859361e-07 8.88295841505737e-07 1.42152765592041e-07 1.74250985907065e-06 6.71038471011798e-07 6.71642909555459e-07 7.58990738436438e-07 7.08157969775414e-07 7.9687190934763e-07 7.34622414499952e-07 7.30478410071456e-07 8.97856374848516e-07 1.01355154811245e-06 1.85113466706355e-06 5.74534951311989e-06 7.52372378753918e-07 8.14253025893663e-07 3.73649254514774e-07 7.5696777344092e-07 8.98673326155119e-07 4.61440286592119e-07 9.76150639147022e-06 4.41582531927054e-06 1.1195832568589e-06 1.24457318886329e-06 7.45262133996505e-06 1.29238138288912e-06 1.22682209271474e-06 2.5670834677527e-06 1.44215341023823e-05 5.46959676057668e-06 2.20397173009701e-06 1.49314500504261e-05 2.37104907014896e-06 2.09781039206547e-06 2.91287862594913e-05 1.15425186251628e-05 3.94617210417891e-05 2.34453554952552e-05 3.50115973589027e-05 1.05336852691096e-05 2.26240337013905e-05 3.29778820628235e-05
