Maxent_result_files_2/B_sporadicus_2.asc
NCOLS 594 
NROWS 330 
XLLCORNER -15 
YLLCORNER 23 
CELLSIZE 0.166666666666667 
NODATA_value -9999 
[rows 60 to 79 of 330, columns 308 to 351 of 594]
0.0299675708636641 0.0944348338991404 0.079491919465363 0.06780168954283 0.0628565846011043 0.101868996024132 0.0784407295286655 0.108522394299507 0.0871676173061132 0.127500370889902 0.118501973897219 0.130173593387008 0.209053711593151 0.106462397798896 0.128850654512644 0.100223866850138 0.100016303732991 0.125004065036774 0.14851453229785 0.184943661093712 0.175067394971848 0.173825164884329 0.10644940584898 -9999 -9999 -9999 -9999 -9999 -9999 -9999 -9999 -9999 -9999 -9999 -9999 -9999 -9999 -9999 -9999 -9999 -9999 -9999 -9999 -9999
0.132032230868936 0.113672553002834 0.0841442164033651 0.0834388177841902 0.100352666899562 0.125635952502489 0.11669003739953 0.0765891768038273 0.0843091104179621 0.0691534604877233 0.0719534073024988 0.0856312680989504 0.0815459731966257 0.0679466608911753 0.0628867082297802 0.0572114828974009 0.0718283109366894 0.0684367783367634 0.0704486820846796 0.0820961382240057 0.110095446184278 0.123724772781134 0.133937425911427 0.348212176188827 0.0755929607897997 0.0909452904015779 -9999 -9999 -9999 -9999 -9999 -9999 -9999 -9999 -9999 -9999 -9999 -9999 -9999 -9999 -9999 -9999 -9999 -9999
0.13779209330678 0.412950837612152 0.528286227583885 0.563526421785355 0.319530268013477 0.219438472390175 0.3761908441782 0.0810622781515122 0.0719108864665031 0.0857774436473846 0.0632051944732666 0.102522196993232 0.0732168789952993 0.0574607118964195 0.0686692945659161 0.0566813785582781 0.0611008521169424 0.0603765044361353 0.0595582846552134 0.0602472122758627 0.067376310005784 0.0725294332951307 0.0934385593980551 0.100074195861816 0.123736236989498 0.122785501927137 0.145291305333376 0.103160599246621 -9999 -9999 -9999 -9999 -9999 -9999 -9999 -9999 -9999 -9999 -9999 -9999 -9999 -9999 -9999 -9999
0.284552255272865 0.28681672513485 0.274483811855316 0.436371356248856 0.693433004617691 0.165539617091417 0.0611583318561316 0.220899768173695 0.312744419276714 0.369399076700211 0.227247036993504 0.104041440784931 0.0337413195520639 0.0347947044298053 0.0340669577941298 0.0436676373705268 0.0661126650869846 0.0480197232216597 0.0467909056693315 0.0459890019148588 0.051244530826807 0.0528044510632753 0.0560524396598339 0.060816777125001 0.0782127240672708 0.081541134417057 0.111758797243237 0.160852643847466 -9999 -9999 -9999 -9999 -9999 -9999 -9999 -9999 -9999 -9999 -9999 -9999 -9999 -9999 -9999 -9999
0.267498637735844 0.62798065841198 0.650029563903809 0.54238056242466 0.509200337529182 0.0810391888022423 0.170723577588797 0.238047315180302 0.299382117390633 0.68793383538723 0.681997150182724 0.25458060503006 0.0815825335681439 0.326332311332226 0.0569739151746035 0.0293583463877439 0.0466844445094466 0.122211693227291 0.291776305437088 0.0456017687916756 0.0526897832751274 0.0457308368757367 0.0444774260744452 0.0483400234952569 0.0506246812641621 0.0561655858531594 0.0681741993874311 0.119149537011981 0.100130435451865 -9999 -9999 -9999 -9999 -9999 -9999 -9999 -9999 -9999 -9999 -9999 -9999 -9999 -9999 -9999
0.264613305032253 0.20854466855526 0.179670006781816 0.331988540291786 0.629770463705063 0.351724360883236 0.541337212920189 0.338966646790504 0.446586585044861 0.398077136278152 0.831999430060387 0.835426110029221 0.81545734256506 0.714900183677673 0.586894953250885 0.207825609669089 0.389384436607361 0.825023652613163 0.512624071538448 0.543426993489265 0.144051376730204 0.116447784751654 0.129274447634816 0.0403746301308274 0.0570253297686577 0.0441934263333678 0.0515043126419187 0.0745459774509072 0.077551231533289 0.193098335340619 -9999 -9999 -9999 -9999 -9999 -9999 -9999 -9999 -9999 -9999 -9999 -9999 -9999 -9999
0.386669054627419 0.190360920876265 0.3211221575737 0.291153401136398 0.329170596599579 0.110205910354853 0.288411536812782 0.399445736408234 0.393340954184532 0.781675039231777 0.828104580938816 0.15472910925746 0.133419623970985 0.128958009928465 0.149151772260666 0.0965885438024998 0.0558764105662704 0.0261142913252115 0.0242281588725746 0.029126294888556 0.0304536703974009 0.0337604159489274 0.037658004462719 0.0333618870005012 0.0322904232889414 0.0367440840229392 0.0532930733636022 0.0447604162618518 0.111802488937974 0.0419807152822614 -9999 -9999 -9999 -9999 -9999 -9999 -9999 -9999 -9999 -9999 -9999 -9999 -9999 -9999
0.0933370657265186 0.989704269170761 0.0532635271549225 0.0289440972264856 0.161416775733232 0.213059104979038 0.336966821551323 0.290594172477722 0.304083015024662 0.730273789167404 0.582400703430176 0.442080068588257 0.165855993330479 0.134156103432178 0.0930460602045059 0.0827775955200195 0.142452275007963 0.110800426080823 0.138368690758944 0.0612898025661707 0.103245975077152 0.0380940174683928 0.0671036217361689 0.0543377606198192 0.0377770870923996 0.0557332322001457 0.0834715891629458 0.1785027038306 -9999 -9999 -9999 -9999 -9999 -9999 -9999 -9999 -9999 -9999 -9999 -9999 -9999 -9999 -9999 -9999
0.100410593673587 0.0914054449647665 0.0903780229389668 0.0941395793110132 0.132523807138205 0.197342397272587 0.110112741589546 0.118716105818748 0.195244234800339 0.181941831856966 0.217127315700054 0.220952512323856 0.237869234383106 0.37798330783844 0.61875484585762 0.2138497158885 0.12922206223011 0.0952382765710354 0.11355989612639 0.0969708822667599 0.140074259787798 0.0605120589956641 0.0882019232958555 0.035621645860374 0.153968293592334 0.14314559660852 0.0202172795776278 -9999 -9999 -9999 -9999 -9999 -9999 -9999 -9999 -9999 -9999 -9999 -9999 -9999 -9999 -9999 -9999 -9999
0.300123231112957 0.811504590511322 0.441040024161339 0.603037264943123 0.618109565973282 0.427541333436966 0.265040516853333 0.131340357661247 0.479094198346138 0.184060258418322 0.0707578901201487 0.0482919424772263 0.0306765235960484 0.187243288010359 0.196548187732697 0.335387912392616 0.316527876257896 0.0830981561914086 0.11383399926126 0.0592314206063747 0.184886883944273 0.107514584064484 0.164913640916347 0.165373048186302 0.0393080716021359 -9999 -9999 -9999 -9999 -9999 -9999 -9999 -9999 -9999 0.0776437498629093 0.034066336043179 0.0296837741276249 0.0332304455572739 -9999 -9999 -9999 -9999 -9999 -9999
-9999 -9999 -9999 -9999 0.039114676695317 0.231322822719812 0.293643999099731 0.41701617911458 0.47744657099247 0.325701877474785 0.198042098432779 0.136571333184838 0.225773454457521 0.330662757158279 0.238049782812595 0.567253017425537 0.285744778811932 0.516299477219582 0.2038774240762 0.103071402385831 0.0686896655708551 0.0233046910725534 -9999 -9999 -9999 -9999 -9999 -9999 -9999 -9999 -9999 -9999 -9999 0.0608584895730019 0.0594772660173476 0.0431213101837784 0.037102618906647 0.0590590012259781 0.0454882783815265 0.0309749357867986 0.0406243087723851 0.0536002160981297 0.0819192156195641 0.0885132191702724
-9999 -9999 -9999 -9999 -9999 -9999 -9999 -9999 -9999 0.00290812000530423 0.047271304577589 0.248523662984371 0.340908354520798 0.191177326068282 0.119746749103069 -9999 -9999 -9999 -9999 -9999 -9999 -9999 -9999 -9999 -9999 -9999 -9999 -9999 -9999 -9999 0.0298883838811889 0.0513161703012884 0.120359618961811 0.141185766458511 0.111592449992895 0.0441616896539927 0.0332327817566693 0.0210171138867736 0.0340338352136314 0.0293838013429195 0.0206612516194582 0.0317305333912373 0.0399453286081553 0.0463464152999222
-9999 -9999 -9999 -9999 -9999 -9999 -9999 -9999 -9999 -9999 -9999 -9999 -9999 -9999 -9999 -9999 -9999 -9999 -9999 -9999 -9999 -9999 -9999 -9999 -9999 -9999 0.125182432308793 0.1179751932621 0.430765101313591 0.269239671528339 0.279930333793163 0.104798653721809 0.0936300948262215 0.105957968533039 0.346652537584305 0.456513100862503 0.100101323798299 0.0799641788005829 0.0323442218825221 0.0120359980966896 0.0176745215896517 0.0145222462248057 0.0420376548543572 0.0371197172440588
-9999 -9999 -9999 -9999 -9999 -9999 -9999 -9999 -9999 -9999 -9999 -9999 -9999 -9999 -9999 -9999 -9999 -9999 -9999 -9999 -9999 -9999 -9999 -9999 0.68502671122551 0.739069828391075 0.450800135731697 0.361785510182381 0.283148618042469 0.333663442730904 0.157192973047495 0.0404189851135015 0.0267776829190552 0.0272839483805001 0.268894039094448 0.32159156948328 0.0617053221911192 0.363810953497887 0.683665412664413 0.692968487739563 0.0705819129943848 0.0625738702714443 0.0315691805910319 0.0464617487043142
-9999 -9999 -9999 -9999 -9999 -9999 -9999 -9999 -9999 -9999 -9999 -9999 -9999 -9999 -9999 -9999 -9999 -9999 -9999 -9999 -9999 0.571744030714035 0.144497694820166 0.0730412058532238 0.451970842480659 0.225162819772959 0.0965282466262579 0.270232157409191 0.189759200811386 0.0766603447496891 0.199829892814159 0.0665376853197813 0.37585346698761 0.3477175116539 0.260118338465691 0.301692882180214 0.518459936976433 0.504436203837395 0.750310379266739 0.714914882183075 0.744798147678375 0.140699936449528 0.0124040334951133 0.0390211553312838
-9999 -9999 -9999 -9999 -9999 -9999 -9999 -9999 -9999 -9999 -9999 -9999 -9999 -9999 -9999 -9999 -9999 -9999 -9999 -9999 0.417433658242226 0.727708047628403 0.423892170190811 0.102496617287397 0.29322452545166 0.450890645384789 0.253039328753948 0.452248287200928 0.487912926077843 0.407089903950691 0.317130216956139 0.26992876380682 0.240095511078835 0.0292364847846329 0.035235382989049 0.0489489698782563 0.680998593568802 0.640059888362885 0.735452777147293 0.661234849691391 0.708189809322357 0.239365869760513 0.0152151950635016 0.0425347783602774
-9999 -9999 -9999 -9999 -9999 -9999 -9999 -9999 -9999 -9999 -9999 -9999 -9999 -9999 -9999 -9999 -9999 -9999 -9999 -9999 -9999 0.481873562932014 0.420200848579407 0.362211644649506 0.0425767669454217 0.0888551253825426 0.0367274720221758 0.201043128967285 0.499257215857506 0.436964389681816 0.430275917053223 0.341900658607483 0.0410693874582648 0.0772142045199871 0.226223559677601 0.556746113300324 0.210351727902889 0.0525738514959812 0.431775665283203 0.568445420265198 0.246944361925125 0.0281706675421447 0.026523736375384 0.0388987242244184
-9999 -9999 -9999 0.435213965177536 0.632773292064667 0.367506352066994 0.0869091849774122 -9999 -9999 -9999 -9999 -9999 -9999 -9999 -9999 -9999 -9999 -9999 -9999 -9999 -9999 -9999 -9999 0.0230237185489386 0.0256620914675295 0.0471058320254087 0.143613433837891 0.317745541036129 0.595610588788986 0.543402507901192 0.172378682345152 0.314069227874279 0.0949631415307522 0.0839666794985533 0.0758474178612232 0.313047444820404 0.17623797133565 0.649201190471649 0.742749178409576 0.681331211328506 0.0846781138330698 0.034026409778744 0.0162792301736772 0.111025526374578
-9999 -9999 0.148400690034032 0.270304924249649 0.313700221478939 0.289825110882521 0.0689189579337835 0.223963203281164 0.218978264927864 -9999 -9999 -9999 -9999 -9999 -9999 -9999 -9999 -9999 -9999 -9999 -9999 -9999 -9999 -9999 0.454388400912285 0.158393906801939 0.0676137320697308 0.0508821742609143 0.526186636090279 0.186616672575474 0.044846297474578 0.0403137510176748 0.364195856451988 0.0713266525417566 0.581229138374329 0.156180415302515 0.161538618803024 0.355853475630283 0.268226642906666 0.36039559841156 0.27868440002203 0.104229652881622 0.176468969881535 0.30275252610445
-9999 0.0834241230040789 0.26774223446846 0.314956186711788 0.234275037795305 0.339673759043217 0.465477249026299 0.167003713920712 0.294130837917328 0.239301650226116 0.627732819318771 0.162096585333347 0.16563623175025 0.354836764931679 0.0774224201682955 -9999 -9999 -9999 -9999 -9999 -9999 -9999 -9999 -9999 0.181423752754927 0.133332616090775 0.481061455607414 0.0873605122789741 0.0316727340919897 0.408285105228424 0.281181240081787 0.343540135025978 0.0408211076632142 0.0546754630282521 0.0603742865845561 0.0565622868016362 0.0335068231448531 0.0742815494537354 0.186902076005936 0.136627675592899 0.278490318357944 0.310408411920071 0.123714194446802 0.256093512475491
