Maxent_result_files_2/B_sporadicus_2.asc
NCOLS 594 
NROWS 330 
XLLCORNER -15 
YLLCORNER 23 
CELLSIZE 0.166666666666667 
NODATA_value -9999 
[rows 260 to 279 of 330, columns 88 to 131 of 594]
0.000315652963763569 1.81261258603627e-05 0.000121505549941503 0.000268610284547321 0.000129576121798891 0.000206630147295073 0.000287225953798043 0.000316199863300426 0.000329045781109016 0.000274177872779546 0.000404612204874866 0.00042605215421645 0.000339066355081741 0.000317556284426246 0.000434937958198134 0.000239731655892683 0.000371518429165008 0.000415217323461547 0.000100708051104448 2.48251563789381e-05 7.63895150157623e-06 2.49942362984257e-06 2.40844898144132e-05 6.34826528767007e-05 0.000111748844574322 0.000223925376485568 8.50278835059726e-05 0.000160874331049854 5.22974676641752e-05 2.53632498242951e-05 1.31555829739227e-05 7.76153758579312e-06 1.04927181610037e-06 7.46648117910809e-06 7.15077246127294e-07 2.40314229813521e-06 2.6063473569593e-06 1.94206475967462e-07 6.72872909035505e-07 3.387587855741e-06 2.93401669182458e-06 3.7910045875833e-06 5.98188403273525e-06 5.94484898783776e-06
0.000233887475769734 0.000294889065844473 0.000305809745623264 0.000256871496094391 0.000293486584268976 0.000289586246799445 0.000254007237526821 0.000205919866129989 0.000270291863125749 0.000431796229531756 0.000291484672925435 0.000326286429844913 0.000344200887775514 0.000521099826437421 0.000231122865079669 0.000405873275303748 0.000465600025199819 7.18005978342262e-05 4.69719650936895e-05 0.000114267551180092 2.72743659479602e-05 0.000380904001940507 0.000460407248465344 0.000462242049979977 0.000583700988499913 0.000339083113794913 0.000111268046202895 4.54641490250651e-05 2.22055168251245e-05 1.14497449203554e-05 7.70605745401554e-06 5.97148136876058e-06 2.01004101256785e-06 7.888104300946e-06 6.66944038130168e-06 5.41798519861913e-06 4.38142781149509e-06 3.3229689449854e-06 2.75171037174005e-06 2.70622875859772e-06 3.4346477661984e-06 1.19793653254874e-06 4.8635733151059e-06 5.0269146527171e-06
0.000134319111384684 0.000118048826698214 6.89972883265e-05 0.000121523327834439 0.000185734909609891 0.000216230027581332 0.000275368383881869 0.000271570096811047 0.000296061678091064 0.00015279537801689 0.000274895493203076 0.000172923872378306 0.000421670170908328 0.000605090857425239 0.000210523945861496 2.81064646515006e-05 0.000105593794432934 0.000157876337470952 0.000331627741979901 0.000166214497585315 0.000165878819825593 0.000249848331441171 0.000190383371955249 0.000181702269401285 8.54797166539356e-05 8.92870375537314e-05 4.2381847742945e-05 2.09345558687346e-05 1.17522256005032e-05 1.50940888943296e-05 1.07875347566733e-05 9.42576027682662e-06 1.000478584956e-05 7.51197328554554e-06 5.97030024209744e-06 4.95229832040423e-06 3.55455261455972e-06 3.1866107121914e-06 2.57701103691943e-06 2.38405837080791e-06 2.54341403547187e-06 2.79124281519216e-06 3.55934568005978e-06 3.77953576276013e-06
0.000119724441901781 0.00013045157356828 0.000133475714028464 0.000123661581164924 0.000124688414507546 0.000141316579538397 0.000204970203776611 0.000176119309253409 0.000429316824011039 0.000402178397780517 0.00037976166640874 0.000583605683641508 0.000660267725470476 7.51201730963658e-05 6.50417185852348e-06 0.000162060008733533 0.000305258699518163 0.000286601965490263 0.000386597953183809 0.000241092734358972 0.000125990241394902 8.49794225359801e-05 9.41192583923112e-05 8.2760768418666e-05 5.28213437974046e-05 4.41305844105955e-05 2.81597850062099e-05 1.88997926670709e-05 1.26735587627991e-05 1.99791300929064e-05 1.59096713559848e-05 1.22651596257128e-05 9.91824317679857e-06 6.91029331392201e-06 5.47970745401472e-06 4.3876470840587e-06 2.91825589897599e-06 5.91528057469759e-07 2.16196254427814e-06 2.38995820041055e-06 2.86896423631333e-06 3.62720921316395e-06 4.16041985999982e-06 3.51775759668271e-06
0.00011830327239295 0.000149604661055491 0.000127871938457247 0.000136262531304965 0.000186145390762249 0.000167068407972693 0.000192066350427922 0.000258613566256827 0.000402428866073024 0.000558499158069026 0.00052558581228368 0.00068259839899838 0.000164715242135571 8.03045875727548e-05 0.00023292217447306 0.000283478974597529 0.000127716534916544 5.58075875233044e-05 0.000128280522403657 0.000103076724190032 3.38741921950714e-05 5.11374013512977e-05 4.43551534772268e-05 3.59271669367445e-05 4.12174992561631e-05 3.7768732454424e-05 2.8810354979214e-05 3.171290300088e-05 1.62096521307831e-05 1.74357992364094e-05 1.33695173417436e-05 1.03482656641063e-05 8.06596792699565e-06 6.42134499457825e-06 5.31787048885235e-06 4.17304388520279e-06 2.59117220480221e-06 1.93396444814198e-07 4.13554907652269e-07 2.12391071556795e-06 2.5674469554815e-06 3.31460522033922e-06 3.90238104728269e-06 3.63483626983907e-06
0.000109605022589676 0.000173457224445883 0.000132276371732587 0.000162252313748468 0.000209472348797135 0.00020974537692382 0.000243609402241418 0.000198229889792856 4.63173405478301e-05 7.31860731320921e-05 0.000174255339516094 0.000256902883120347 0.000325128016265808 0.000330806095007574 0.000326535798376426 0.000116712278395426 6.90660865075188e-05 0.000109278028321569 9.34804545977386e-05 2.7717090506485e-05 5.61268816454685e-06 1.44348404091943e-05 6.70695886583417e-05 6.36011607639375e-05 7.66927210861468e-05 7.18669451089227e-05 5.11909259330423e-05 3.65646639693296e-05 1.94442590327526e-05 1.74485458046547e-05 1.18508743526036e-05 9.25583037769684e-06 7.5605922916111e-06 6.43166794134231e-06 5.36016127625771e-06 4.15150436765543e-06 3.11044265686178e-06 2.71916372867054e-06 8.52331884004798e-07 2.42367402165655e-06 2.80786348980655e-06 3.08370646848743e-06 3.39323785283341e-06 3.50719034827307e-06
9.5830609643599e-05 0.000126758843180141 0.0001490985538112 0.000157084429520182 0.000172651646789745 0.000231025667017093 0.000460468340315856 9.14678817935055e-05 0.000145544074985082 0.000305307925009402 0.000118137089157244 0.000162552385154413 0.000301601338287583 9.42878004934755e-05 5.42622658031178e-05 0.000118911442041281 8.73184098963975e-05 8.25033808723674e-05 9.70202107055229e-05 0.000102708988379163 0.00010405996672489 9.4642655858479e-05 7.9748040298e-05 8.10137678854517e-05 6.84135178744327e-05 5.09373269778735e-05 4.14800314501917e-05 2.91560337245755e-05 2.12814251426607e-05 1.64795167620468e-05 1.20693082635626e-05 8.21254589027376e-06 7.10467993485509e-06 5.87906798728e-06 4.60793947922866e-06 3.37847686751047e-06 3.06262869003149e-06 1.13964424173218e-06 2.28117772138603e-07 2.64943565753128e-06 2.80780851085183e-06 3.02717757563187e-06 3.41797927490006e-06 3.47399235351986e-06
8.14085247839102e-05 0.000168466702234582 0.000131064687593607 0.00020326475132606 0.000294116510485765 0.000275408865854843 0.000189119415881578 0.000163268781761872 0.00019143679892295 0.000164435053738998 0.000191805813301471 0.000150643083907198 8.22520712972619e-05 7.09963220288046e-05 8.0040857392305e-05 8.77747483173152e-05 8.23146414404619e-05 8.94619719474576e-05 8.61473072291119e-05 8.07003507361514e-05 7.99209163233172e-05 7.38256290787831e-05 6.29829083663935e-05 6.19204220129177e-05 4.97308416015585e-05 3.6250415178074e-05 2.95260687380505e-05 2.13319445720117e-05 1.76651472429512e-05 1.33445922529063e-05 8.89352772901475e-06 7.28290922324959e-06 5.09210623249601e-06 3.55620005620949e-06 3.3646332610715e-06 3.04204692724852e-06 1.2400064662188e-06 1.45654923926486e-06 1.09694136085636e-06 2.36165736851035e-06 2.51858484148215e-06 2.66868692619937e-06 3.02129568581222e-06 2.50728841706405e-06
7.94000105088344e-05 9.61822730459971e-05 9.19092723052017e-05 9.75011003902182e-05 9.46546329942066e-05 7.18025010428391e-05 0.000104821534841903 6.10723936915747e-05 7.14920250175055e-05 7.18920986400917e-05 5.53599931663484e-05 9.63707605478703e-05 8.12680658782483e-05 5.74104858969804e-05 5.19559683198167e-05 5.92210228205659e-05 6.04454095082474e-05 5.3061743346916e-05 5.25758670846699e-05 4.90934085064509e-05 4.84630784740148e-05 4.54250533039158e-05 4.45158937509404e-05 3.98696066440607e-05 3.03995137073798e-05 2.59459548033192e-05 1.9701795781657e-05 1.66052931035665e-05 1.14463904310469e-05 8.68744857598358e-06 7.46940798990181e-06 6.25965252538663e-06 3.87227647706823e-06 2.59223061220837e-06 2.42446357106019e-06 2.55483561772962e-06 2.06423496251773e-06 1.98472674810546e-06 1.30647515561577e-06 1.91924870023286e-06 2.23512440697959e-06 2.35245499879966e-06 2.40474940369495e-06 2.29631376669204e-06
6.29461246717256e-05 4.91024547955021e-05 6.27203366093454e-05 6.18309664787375e-05 5.28230053532752e-05 3.68946995877195e-05 4.66530438643531e-05 4.77586956549203e-05 3.69842248801433e-05 3.59197299985681e-05 4.76239200907003e-05 5.13138647875166e-05 4.14921694755321e-05 3.47552183484368e-05 3.20678524076357e-05 3.53782270394731e-05 3.64466938663099e-05 3.20869678034796e-05 3.17553197874076e-05 3.08057528400241e-05 3.08018217310746e-05 3.11777972001437e-05 3.35162190822302e-05 2.88675661522575e-05 1.90701816336514e-05 1.54911435629401e-05 1.23484215009739e-05 9.18726198051445e-06 8.47090657316585e-06 7.13377414740535e-06 5.84871698947609e-06 4.21140197204295e-06 3.22046880683047e-06 2.65289096432753e-06 2.28319977395586e-06 2.08013370865956e-06 1.68501310611191e-06 1.5191616625998e-06 1.65796576467869e-07 1.643695736675e-06 1.99528364248636e-06 1.97514863771175e-06 1.83143691288024e-06 1.58661570139884e-06
5.6141780987673e-05 2.45442152845499e-05 3.75312646610837e-05 4.22160836933472e-05 2.14614778997202e-05 3.42539404300624e-05 3.7987738596712e-05 3.74583438315312e-05 3.11412831251801e-05 2.3894753849163e-05 1.89672732176405e-05 2.36969065099402e-05 2.54545306233922e-05 2.34567637562577e-05 2.26733153340319e-05 2.09147438454238e-05 2.32850109568972e-05 2.16618993817974e-05 1.90926130926528e-05 1.90691105217411e-05 2.04319672320707e-05 2.14165221677831e-05 2.66014764747524e-05 1.72390903571795e-05 1.25458869661088e-05 9.50616756654199e-06 8.48046649934986e-06 6.56346581990874e-06 5.75025808302598e-06 5.13155322323655e-06 3.99272748836665e-06 2.7653154802465e-06 2.54254539981957e-06 2.36883597608539e-06 1.99312123072559e-06 1.53326224960892e-06 1.35075801779294e-06 8.98900870538455e-07 1.31542516328409e-06 1.34943308864877e-06 1.66768384985971e-06 1.60013171353057e-06 1.44728235511593e-06 1.20293432814833e-06
4.2403426959936e-05 4.56355257483665e-05 2.60912955127424e-05 1.63308409355523e-05 2.70936208835337e-05 2.59969225226087e-05 2.82996994428686e-05 2.55936030043813e-05 2.4551533988415e-05 2.36747961025685e-05 1.79543389094761e-05 1.92655907994777e-05 1.87116907000018e-05 1.86926795322506e-05 1.64102225880924e-05 1.46045941846751e-05 1.47771579577238e-05 1.40713371365564e-05 1.42216657650351e-05 1.47328134062263e-05 1.56889256686554e-05 1.5017460918898e-05 1.37148677140431e-05 1.11213121272158e-05 8.92874677447253e-06 6.13618404941008e-06 5.38478960834254e-06 3.93617083318531e-06 2.47028216335821e-06 1.16918607488969e-06 3.14722918801635e-06 2.86409220962014e-06 2.29248946084226e-06 1.95304086787473e-06 1.3981047999323e-06 1.18570635549986e-06 1.1803049773107e-06 1.31396819256224e-06 1.29872166212408e-06 1.21985757459697e-06 1.27730029362283e-06 1.2293378688355e-06 1.26776755280389e-06 1.0739956437078e-06
2.65780193331011e-05 1.75448501977371e-05 1.72626150742872e-05 1.82310467153002e-05 2.13108351090341e-05 1.86510430921771e-05 1.79066612872703e-05 1.69997067587246e-05 1.85887375209859e-05 1.79382762325986e-05 1.58143906446639e-05 1.4002849593453e-05 1.2110061175008e-05 1.0402838461232e-05 9.05984206838184e-06 7.47055673855357e-06 7.62676356771408e-06 7.52870364522096e-06 7.73051399391989e-06 7.81826972797717e-06 1.04556496808073e-05 7.22289532859577e-06 7.24632827768801e-06 3.20951403978142e-06 5.65086095321021e-06 4.59176008007489e-06 3.5107979329041e-06 3.26291472561024e-06 2.97500939154816e-06 3.04804422626148e-06 2.7121309415179e-06 2.13179322372525e-06 1.80641742133503e-06 1.60691511723599e-06 1.21826290069293e-06 1.16388877557938e-06 1.04111910417259e-06 1.07339042187959e-06 1.07817157726231e-06 1.07385820342643e-06 1.01452808110025e-06 1.05314703375825e-06 1.16051501919401e-06 1.09589791605913e-06
1.42412745844922e-05 1.25218798757487e-05 1.61200441198162e-05 1.50356567701238e-05 1.59131818691094e-05 1.49858988606866e-05 1.41657338190271e-05 1.3061338222542e-05 1.23159632266834e-05 1.14114970301671e-05 1.01983918511905e-05 9.18357761747757e-06 8.30617566407454e-06 6.8029374233447e-06 5.95849268165693e-06 5.44862308515803e-06 4.97780499699729e-06 5.28875547161078e-06 4.98305299743151e-06 4.35998857710729e-06 5.3409997349263e-06 4.7052585387064e-06 4.65013843040651e-06 3.71593126828884e-06 2.40556123571878e-06 2.77424144314864e-06 2.68736116595392e-06 1.8366047896734e-06 2.14965788245536e-06 1.97525581597802e-06 1.77253047013437e-06 1.74481288865991e-06 1.62893891513249e-06 1.36754602237943e-06 8.56795728054749e-07 9.589425516765e-07 9.65615109294049e-07 8.84371743836709e-07 8.89689323457787e-07 9.71321519216417e-07 9.55517839429376e-07 9.38669747085896e-07 9.35858913919674e-07 9.11810423076531e-07
2.25632985348057e-05 2.05317831841967e-05 1.34690169034002e-05 9.71181143540889e-06 1.13442147721798e-05 1.21393678455206e-05 1.12127930151473e-05 1.02101192851478e-05 9.05745691852644e-06 7.94352417869959e-06 7.41074566121824e-06 6.66969838221121e-06 6.51217658287351e-06 5.6981857142091e-06 4.56407682349891e-06 3.99825751173921e-06 2.85651485683047e-06 3.02055191809814e-06 2.76168827326728e-06 2.46246247570525e-06 3.99606199152913e-06 3.31546971779062e-06 2.59048872521817e-06 2.4747569000283e-06 2.48661636419456e-06 2.30907637046585e-06 2.1604692449273e-06 1.84864246648431e-06 1.70831906984858e-06 1.73621563988036e-06 1.57297667158218e-06 1.47098655531863e-06 1.21039863074657e-06 8.93406316038181e-07 6.51207217572392e-07 7.08285337225334e-07 7.15399653472559e-07 8.71265410751221e-07 8.5990216831533e-07 8.30173715371529e-07 7.80665158117699e-07 8.07825708193377e-07 8.37945881926316e-07 7.72859991116093e-07
1.65122959970176e-05 1.45114077440667e-05 1.32971360926604e-05 1.0732432315308e-05 8.65010108554998e-06 8.99126441709086e-06 8.49857153752964e-06 7.51405941628036e-06 6.46982194894008e-06 5.80291763299101e-06 5.52319385178635e-06 5.0526683253338e-06 5.09418415504115e-06 4.85913493548651e-06 3.9158162962849e-06 2.86146404278043e-06 2.17755517155638e-06 1.85412693838316e-06 1.66744036391719e-06 1.74079315229392e-06 2.4463705983635e-06 2.42738072415705e-06 2.13341098174169e-06 2.13049113995112e-06 1.77671039409688e-06 1.85888062844697e-06 1.69487547623248e-06 1.5497116436336e-06 1.4247566866743e-06 1.25957366776674e-06 1.11004724061559e-06 1.05609640996818e-06 9.22561572735958e-07 7.56939031987258e-07 5.66388911948934e-07 5.88134717816047e-07 7.43865550134615e-07 8.47167349604661e-07 8.29045841044263e-07 7.55630442483834e-07 7.68409438478557e-07 7.60879892425237e-07 7.58935846079112e-07 7.39126464566198e-07
1.15095490627937e-05 1.18565320690323e-05 9.88090405371622e-06 9.00829402326053e-06 8.38570708765474e-06 7.45340491903335e-06 5.92702149333491e-06 5.08775906382652e-06 4.66306239559344e-06 4.38101450299655e-06 4.21050524437305e-06 3.90028428682854e-06 3.43406071010577e-06 2.84068790961101e-06 2.38622646975273e-06 2.04796522211836e-06 1.69297165939497e-06 1.42985440447774e-06 1.29579350982567e-06 1.32759051041376e-06 1.4419317977854e-06 1.34545425396482e-06 1.45762313366049e-06 1.46231779751815e-06 1.47980964015915e-06 1.46683506159206e-06 1.32874531857397e-06 1.22561134503485e-06 1.13147894751364e-06 1.04002242977685e-06 1.01299764452278e-06 9.3605733439972e-07 8.23049944642662e-07 5.85016826448737e-07 1.16067887034887e-07 5.73587362140415e-07 6.43203081551746e-07 7.86931710194949e-07 8.21050306853977e-07 7.44528826146507e-07 6.41811213597521e-07 6.55613145283951e-07 6.59141801406804e-07 6.88215554589533e-07
9.10424846551905e-06 8.45727972773602e-06 7.76228184804495e-06 7.37762911739992e-06 6.69899926606377e-06 5.8812990801016e-06 5.27444010458566e-06 4.67669366344126e-06 3.68066336022821e-06 3.28194887515565e-06 2.93136553182194e-06 2.39919851310333e-06 2.3283641951366e-06 2.24512334625615e-06 2.20798190184723e-06 1.82228343987845e-06 1.51275015412011e-06 1.31632915838509e-06 1.010269851065e-06 8.57934243470027e-07 9.36051922906245e-07 8.87527114912245e-07 1.20292766894181e-06 1.18970632740911e-06 1.09382685167247e-06 1.03708087664245e-06 9.72117395292571e-07 9.68891603747579e-07 9.02373072619866e-07 8.66646676911387e-07 8.71834068050248e-07 7.71951202693799e-07 7.28855815168572e-07 6.57609503207368e-07 5.37238062037204e-07 5.35675508217537e-07 5.6790193596612e-07 6.05423968380592e-07 6.32397701849641e-07 6.3753675263456e-07 5.50524325859669e-07 5.52472823756034e-07 5.92821586309356e-07 5.90933576916086e-07
6.41197962067963e-06 6.27448174554957e-06 5.86306151717508e-06 5.17830851549661e-06 5.0697859705906e-06 4.41859222064522e-06 4.32531704745998e-06 4.21927691149904e-06 3.43419920909582e-06 2.406072917438e-06 2.21962138198251e-06 2.25269877773826e-06 2.2562962669781e-06 2.00765421141114e-06 1.835815061213e-06 1.543093603118e-06 1.20644899368472e-06 1.0771970011092e-06 8.09758726916243e-07 7.53927110963559e-07 7.84708980461346e-07 8.79123352603983e-07 8.00728732031075e-07 8.2606742353164e-07 8.28674582464828e-07 9.35812758484644e-07 8.45037016006245e-07 8.33448558523742e-07 8.68470328896365e-07 8.07123733181925e-07 6.67559523037653e-07 6.36623130390035e-07 6.90275120973638e-07 5.34056939471839e-07 4.71125617451662e-07 5.12272795560875e-07 5.26541484191512e-07 5.40875910814975e-07 5.70206201899737e-07 5.58039746323402e-07 5.45036988341963e-07 5.03224813286351e-07 5.01104123884488e-07 5.08589813108529e-07
4.68371290480718e-06 4.21641791490401e-06 4.04757371370579e-06 3.51467774635239e-06 3.26042812162086e-06 3.13388933363967e-06 2.94221545118489e-06 2.7950327137205e-06 2.63135308955498e-06 2.06967084181997e-06 2.05389522420774e-06 2.087048727617e-06 1.88731681021181e-06 1.70563446317828e-06 1.5014066917729e-06 1.36820639795587e-06 1.18102333885872e-06 1.03977392598154e-06 7.92139070426856e-07 7.53853433366203e-07 7.97182462974888e-07 8.9343830325106e-07 8.68746499804729e-07 7.7580355224427e-07 7.58604130624008e-07 8.00720597737836e-07 7.61269568272382e-07 7.39285097495213e-07 7.76912300182175e-07 6.47382762508641e-07 5.37243369080898e-07 6.01413939449458e-07 5.69775034620079e-07 4.79034238765053e-07 4.49932286983312e-07 5.03551133590463e-07 4.79586609714033e-07 4.66966387335788e-07 5.01727912194383e-07 5.35138278223712e-07 5.7325212452497e-07 5.67779357396603e-07 5.29539516236355e-07 4.40500035381319e-07
