Maxent_result_files_2/B_sporadicus_2.asc
NCOLS 594 
NROWS 330 
XLLCORNER -15 
YLLCORNER 23 
CELLSIZE 0.166666666666667 
NODATA_value -9999 
[rows 60 to 79 of 330, columns 264 to 307 of 594]
0.425288745760918 0.548461332917213 0.858797943592072 0.625149071216583 0.666985613107681 0.561908784508705 0.546442580223083 0.571909987926483 0.682500305771828 0.656812232732773 0.753816258907318 0.592924958467483 0.543486857414246 0.465591189265251 0.703803908824921 0.617496126890183 0.558409062027931 0.540953305363655 0.46277856528759 0.468972027301788 0.153865004703403 0.2078458879143 0.134970719739795 0.124252500012517 0.4801882609725 0.430321630835533 0.506838265061379 0.428127661347389 0.154524902999401 0.181654779613018 0.43269942253828 0.426127308607101 0.47875674366951 0.181202509999275 0.248987329006195 0.358691935241222 0.328958280384541 0.127224662154913 0.376861379295588 0.303721554577351 0.370565769076347 0.160791451111436 0.319902445375919 0.0829585798084736
0.559096443653107 0.623688727617264 0.679689344763756 0.588278624415398 0.69473876953125 0.603130853176117 0.637502413988113 0.468537473678589 0.4028648853302 0.503584769368172 0.454914250969887 0.403867170214653 0.381298059225082 0.712571734189987 0.357479375600815 0.608176600933075 0.545129755139351 0.574728527665138 0.603366646170616 0.579457402229309 0.139356617629528 0.578532296419144 0.451752060651779 0.304265902936459 0.103912095353007 0.337452800571919 0.10690697953105 0.121713680401444 0.0907751139253378 0.1538269944489 0.359507435560226 0.305417712032795 0.409028154611588 0.326266153901815 0.339896196871996 0.292945168167353 0.484669254720211 0.823427927494049 0.461578747630119 0.462489554286003 0.434526842832565 0.198698525130749 0.179687267541885 0.181148058176041
0.602902898192406 0.565273860096931 0.724494433403015 0.661853873729706 0.598172205686569 0.70582586824894 0.460526472330093 0.375756180286407 0.673108372092247 0.657475072145462 0.708066737651825 0.580959492921829 0.728565096855164 0.438138315081596 0.74177166223526 0.341737368702889 0.494785422086716 0.402100642025471 0.42020326629281 0.504980103671551 0.557665166258812 0.395194602012634 0.368904626369476 0.53186596930027 0.44397019892931 0.419963685423136 0.490221740305424 0.255391359329224 0.382297071814537 0.236625143885612 0.406117069721222 0.468484762310982 0.181962928548455 0.558155107498169 0.412398219108582 0.417497560381889 0.468959566950798 0.462105467915535 0.595886906981468 0.459618520736694 0.506513869762421 0.44209688603878 0.262843772768974 0.243192023038864
0.768789118528366 0.80740013718605 0.913237947225571 0.570831397175789 0.717403453588486 0.686976766586304 0.510050114989281 0.478252726793289 0.340079665184021 0.469882082939148 0.535468229651451 0.649147272109985 0.672221082448959 0.419606965780258 0.441038012504578 0.524628299474716 0.78847314119339 0.797097605466843 0.400409470498562 0.435296800732613 0.58215252161026 0.422914013266563 0.809254616498947 0.951371836662293 0.604414883255959 0.88534340262413 0.809748488664627 0.765451914072037 0.738664782047272 0.785447949171066 0.847823911905289 0.542309287190437 0.888972556591034 0.581191489100456 0.458911991119385 0.563766473531723 0.589527428150177 0.540638652443886 0.596871027350426 0.325449755787849 0.285277108848095 0.361661028862 0.260082316398621 0.148885101079941
0.762145549058914 0.607966297864914 0.60939080119133 0.529087224602699 0.284783029556274 0.604529196023941 0.444377672672272 0.664142036437988 0.459134718775749 0.521483927965164 0.366170987486839 0.414462566375732 0.379217430949211 0.525140538811684 0.433659127354622 0.543180653452873 0.649419242143631 0.618013843894005 0.874788117408752 0.706813162565231 0.922401267290115 0.514448562264442 0.667651051282883 0.67510741353035 0.551662304997444 0.570459660887718 0.860051107406616 0.898152965307236 0.774260032176971 0.902385038137436 0.922235667705536 0.570930260419846 0.782995247840881 0.442631369829178 0.493843325972557 0.418353775143623 0.53793009519577 0.470600429177284 0.580782446265221 0.490560135245323 0.481940600275993 0.437274572253227 0.240022240579128 0.264666309952736
0.699767261743546 0.732843464612961 0.79443906545639 0.560177198052406 0.464238286018372 0.570316463708878 0.589577797055244 0.559216392040253 0.651229378581047 0.499278578162193 0.408623862266541 0.470622485876083 0.670077723264694 0.634857457876205 0.533320221304894 0.575967121124268 0.783277058601379 0.683500009775162 0.548638826608658 0.493066874146461 0.5994922041893 -9999 0.403189504146576 0.469670251011848 0.786697208881378 0.93313552737236 0.667958605289459 0.53841148018837 0.496441885828972 0.532251024246216 0.223874853551388 0.188661855459213 0.400188487768173 0.663564574718475 0.404445721209049 0.744364726543427 0.469757577776909 0.690837776660919 0.402489751577377 0.506419602036476 0.540103164315224 0.512925329804421 0.386646589636803 0.313833099603653
0.824577414989471 0.52441101372242 0.940945196151733 0.685974788665771 0.754064148664474 0.691039562225342 0.726948308944702 0.77444030046463 0.474084120988846 0.670840752124786 0.485737687349319 0.456044405698776 0.695871782302856 0.361993969976902 0.810801762342453 0.707903861999512 0.519205448031425 0.668132054805756 0.513149440288544 0.729571753740311 0.80987161397934 -9999 -9999 -9999 0.857136213779449 0.914805561304092 0.954398876428604 0.803737670183182 0.600790619850159 0.804360473155975 0.222103781998158 0.286122053861618 0.652005898952484 0.737261414527893 0.882098489999771 0.580618780851364 0.395022720098495 0.540699020028114 0.410418513417244 0.314649704098701 0.372387364506721 0.31685007661581 0.560250496864319 0.530197268724442
0.520575520396233 0.704101705551147 0.642653906345367 0.58143612742424 0.830279678106308 0.664851981401444 0.630256342887878 0.425034791231155 0.520894142985344 0.612567377090454 0.679073470830917 0.547557234764099 0.629524081945419 0.632478070259094 0.605319547653198 0.588373699784279 0.468778860569 0.342220824956894 0.0388431848026812 0.503218591213226 0.663855475187302 0.750111204385757 0.883942937850952 -9999 -9999 -9999 0.169009587727487 -9999 -9999 0.782381266355515 0.599161285161972 0.760238599777222 0.884210169315338 0.802563899755478 0.938694787025452 0.938309866189957 0.52609835267067 0.356137636303902 0.0911057744175196 0.0861708919517696 0.15807268358767 0.158857251703739 0.249274685978889 0.247138972580433
0.601704859733582 0.635242193937302 0.510329788923264 0.580970945954323 0.500577354431152 0.456276333332062 0.49473178088665 0.587848791480064 0.411933767795563 0.392090213298798 0.318198643624783 0.356208761036396 0.269256599247456 0.387991279363632 0.745950651168823 0.623116162419319 0.626629841327667 0.71143404841423 0.612248209118843 0.329439238458872 0.713028675317764 0.473203510046005 0.70993504524231 0.673938238620758 0.697586238384247 -9999 -9999 -9999 -9999 -9999 -9999 -9999 -9999 0.755378758907318 -9999 0.102815786935389 0.41571296453476 0.561309641599655 0.779993379116058 0.171929030865431 0.055788788665086 0.0692558489739895 0.136868674308062 0.0457802396267653
0.720010739564896 0.512046882510185 0.722322779893875 0.687247633934021 0.522157162427902 0.407652303576469 0.414714807271957 0.601016426086426 0.27520560324192 0.269414110481739 0.297320300340652 0.470420855283737 0.830616694688797 0.384365619719028 0.473028665781021 0.596216732263565 0.617764389514923 0.76283056139946 0.56215700507164 0.614814093708992 0.615497976541519 0.58399623632431 0.535264095664024 0.760191881656647 0.551724180579185 0.7125075340271 0.617801287770271 -9999 -9999 -9999 -9999 -9999 -9999 -9999 -9999 -9999 -9999 -9999 0.108360315207392 0.266900555789471 0.708497440814972 0.58495814204216 0.566053521633148 0.225568784028292
0.830211281776428 0.735543727874756 0.667902320623398 0.577682396769524 0.529264107346535 0.456600221991539 0.525952658057213 0.412998539209366 0.331078246235847 0.221235263347626 0.406659439206123 0.386925011873245 0.59533426463604 0.522063761949539 0.615757545828819 0.589546567201614 0.241228543221951 0.462994050979614 0.287469273805618 0.822685408592224 0.720171898603439 0.690516245365143 0.716753786802292 0.623252707719803 0.784810525178909 0.56583366394043 0.512880778312683 0.536893627047539 0.650821506977081 -9999 -9999 -9999 -9999 -9999 -9999 -9999 -9999 -9999 -9999 -9999 -9999 -9999 -9999 -9999
0.765197324752808 0.800349426269531 0.788820976018906 0.726529598236084 0.551262733340263 0.760057544708252 0.37401672154665 0.574960219860077 0.547210994362831 0.584425616264343 0.0683690965175629 0.0250079083256423 0.00615120336879045 0.473244452476501 0.678301507234573 0.473771360516548 0.340545642375946 0.419361427426338 0.652526450157165 0.698912435770035 0.806070882081986 0.713020652532578 0.484614071249962 0.62114349603653 0.919846403598785 0.317015114426613 0.272113999724388 0.660460877418518 0.874817705154419 0.767820578813553 0.909310001134872 0.904743874073029 0.898078465461731 -9999 -9999 -9999 -9999 -9999 -9999 -9999 -9999 -9999 -9999 -9999
0.848950380086899 0.530563190579414 0.683154761791229 0.240776535123587 0.313563257455826 0.213448178768158 0.603680625557899 0.699342322349548 0.706187975406647 0.69568036198616 0.777218693494797 0.576624083518982 0.295991143584251 0.53231203854084 0.582731413841248 0.185189570486546 0.447983291745186 0.371876966953278 0.92035750746727 0.822422474622726 0.732388347387314 0.215078011900187 0.145891494303942 0.147426690161228 0.110735743492842 0.559854975342751 0.437975868582726 0.679329282045364 0.825375789403915 0.79869869351387 0.956064313650131 0.916428858041763 0.662400323152542 0.737575459480286 -9999 -9999 -9999 -9999 -9999 -9999 -9999 -9999 -9999 -9999
0.745325380563736 0.851096844673157 0.609717729687691 0.766831064224243 0.765354830026627 0.763644462823868 0.681910628080368 0.745211321115494 0.742045497894287 0.603435581922531 0.613066008687019 0.502440640330315 0.519958764314651 0.291635204851627 0.436507731676102 0.504820574820042 0.00308482558466494 0.0186580116860569 0.443933856487274 0.561385135352612 0.54082258939743 0.313125769048929 0.0871125105768442 0.486398294568062 0.45672407746315 0.31156632900238 0.491266846656799 0.363001638650894 0.193726627528667 0.326330117881298 0.918044167757034 0.88489276766777 0.343980279564857 0.260852101445198 0.386025905609131 -9999 -9999 -9999 -9999 -9999 -9999 -9999 -9999 -9999
0.450864332914352 0.626286965608597 0.851420849561691 0.702992570400238 0.735364162921906 0.702282249927521 0.778634232282639 0.3152473077178 0.50721108019352 0.356233668327332 0.440400320291519 0.460063368082047 0.610242301225662 0.207487691193819 0.399561873078346 0.455029502511024 0.572210592031479 0.601154647767544 0.186571149528027 0.504534208774567 0.369801008701324 0.277371227741241 0.567158272862434 0.219409863650799 0.172756215184927 0.286082481592894 0.155788101255894 0.0877831729128957 0.201967588067055 0.38160687983036 0.508701059222221 0.303966023027897 0.188669631630182 0.175775907188654 -9999 -9999 -9999 -9999 -9999 -9999 -9999 -9999 -9999 -9999
0.882604950666428 0.860734313726425 0.800414305925369 0.854215562343597 0.781595492362976 0.450139147043228 0.682021233439446 0.652090615034103 0.75259268283844 0.483114436268806 0.382705897092819 0.593196856975555 0.693314462900162 0.640302419662476 0.64853248000145 0.0768032597377896 0.254573906958103 0.134758638963103 0.374960525333881 0.130827675759792 0.0992711998522282 0.104497529938817 0.541432350873947 0.128822421655059 0.329740652441978 0.113961920887232 0.133357974141836 0.116155075654387 0.139287175610662 0.146315552294254 0.400577056407928 0.288863585889339 0.190182452648878 -9999 -9999 -9999 -9999 -9999 -9999 -9999 -9999 -9999 -9999 -9999
0.91520214676857 0.880354809761047 0.91559744477272 0.844514209032059 0.449315246939659 0.633271872997284 0.464477545022964 0.33704919219017 0.408190554380417 0.309341172873974 0.732632380723953 0.505560258030891 0.359383721649647 0.60876599252224 0.635599917173386 0.544474416971207 0.421454781293869 0.0622676907107234 0.589549198746681 0.129109021276236 0.154381190612912 0.153071242943406 0.31758191883564 0.1673628218472 0.211453706026077 0.0807224560528994 0.0699041349813342 0.0665336625650525 0.178351395577192 0.141688138246536 0.208837062120438 0.142002176120877 0.289602592587471 -9999 -9999 -9999 -9999 -9999 -9999 -9999 -9999 -9999 -9999 -9999
0.664552974700928 0.841420602798462 0.87304847240448 0.885220128297806 0.349277485907078 0.679150438308716 0.33454565256834 0.309149856865406 0.495992144942284 0.71693531870842 0.500510308146477 0.602124136686325 0.61857935488224 0.193507172167301 0.201611357182264 0.395256261527538 0.724293398857117 0.680678915977478 0.109911322966218 0.0574177699163556 0.35238258689642 0.148939193040133 0.366780808568001 0.875729876756668 0.749198931455612 0.355762416124344 0.113264358043671 0.0934170085936785 0.203530194610357 0.139877651259303 0.146411022916436 0.0745256276801229 0.118229639157653 0.196640832722187 -9999 -9999 -9999 -9999 -9999 0.537054079771042 0.728535258769989 -9999 -9999 -9999
0.728729212284088 0.920699214935303 0.918034344911575 0.921122342348099 0.65297224521637 0.378280231356621 0.301471401751041 0.426815935969353 0.514131119847298 0.642530703544617 0.546952545642853 0.494947928190231 0.278861609101295 0.433261892199516 0.777982503175735 0.292377115786076 0.433525249361992 0.151078338176012 0.415806612372398 0.0328946118243039 0.037596320360899 0.248730742931366 0.199166391789913 0.395992705225945 0.169889664649963 0.289055129885674 0.207121298462152 0.20122511535883 0.124762281775475 0.41534583568573 0.263827119767666 0.361303882300854 0.134647362306714 0.124991044402122 0.169347184896469 -9999 -9999 -9999 -9999 -9999 -9999 -9999 -9999 -9999
0.52229640185833 0.71410077214241 0.826361936330795 0.829858440160751 0.749336045980453 0.715932714939117 0.71731950044632 0.189799159020185 0.690612608194351 0.992466026544571 0.939817473292351 0.476992054283619 0.518011239171028 0.195086851716042 0.222288113832474 0.16648326665163 0.24199588149786 0.166281419247389 0.345978800952435 0.149736724048853 0.0298311888240278 0.0818815173581243 0.548161679506302 0.129784304648638 0.0894548766314983 0.12562725879252 0.167951977998018 0.293743048608303 0.832901626825333 0.401623871922493 0.229147885739803 0.305425664782524 0.103830686211586 0.133353547379374 0.0893357859924436 -9999 -9999 -9999 -9999 -9999 -9999 -9999 -9999 -9999
