Maxent_result_files_2/B_subterraneus_2.asc
NCOLS 594 
NROWS 330 
XLLCORNER -15 
YLLCORNER 23 
CELLSIZE 0.166666666666667 
NODATA_value -9999 
[rows 220 to 239 of 330, columns 322 to 367 of 594]
-9999 -9999 -9999 -9999 -9999 -9999 -9999 -9999 -9999 -9999 -9999 -9999 -9999 -9999 -9999 0.0501959912478924 0.438790813088417 0.355849635601044 0.268653157353401 0.651810204982758 0.0405486606061459 0.706096166372299 0.742136895656586 0.433044701814651 0.184515042603016 0.224577806890011 0.640557241439819 0.237881273031235 0.444576033949852 0.455020222067833 0.367938312888145 0.396131592988968 0.759540683031082 0.560168927907944 0.106208350509405 0.0661320794373751 0.0289953149855137 0.0253685167059302 0.0393931398168206 0.0206032369285822 0.00824031289666891 0.000692286316188984 0.000605599803384393 2.08826259950001e-05 0.000266255494352663 0.000288883649045601
-9999 -9999 -9999 -9999 0.107164514064789 -9999 -9999 -9999 -9999 -9999 -9999 -9999 0.150415420532227 0.0475073859095573 0.314684638381004 0.628814876079559 0.485835483670235 0.334520837664604 0.0197176396846771 0.0502273641526699 0.638262405991554 0.854391187429428 0.498967590928078 0.141376310586929 0.170312033593655 0.244518502056599 0.308741635084152 0.376076483726501 0.368838208913803 0.268667463958263 0.189986570179462 0.270045240223408 0.579458776116371 0.894824969768524 0.843836534023285 0.54547258913517 0.304175841808319 0.0878849647939205 0.199702794849873 0.0323077974840999 0.0393561609089375 0.00697929442394525 0.00103466048603877 3.05262919027882e-05 0.000126087478201953 0.000120976771722781
0.0668306365609169 0.0874395702034235 0.315590007603168 0.173479497432709 0.520212954282761 0.299870498478413 0.09759088344872 0.0960092544555664 0.121801844239235 0.112127787619829 0.0657487524673343 0.245032046735287 0.265846741199493 0.619554731249809 0.59074874818325 0.441887137293816 0.828245413303375 0.0393172757700086 0.0421943869441748 0.138870700448751 0.0886128447949886 0.637950506806374 0.418140777945519 0.193654600530863 0.176723704487085 0.162281109392643 0.424885857105255 0.263799248635769 0.278776298463345 0.18722707182169 0.16673426181078 0.23054945319891 0.504267060756683 0.683341580629349 0.714657473564148 0.311829718947411 0.254837881028652 0.392777130007744 0.198213745653629 0.0619025370106101 0.214852192997932 0.0437257772311568 0.0440809350460768 0.0129640277009457 0.0269249247387052 0.00433364489581436
0.467903110384941 0.58074963092804 0.683732831478119 0.847704529762268 0.842514485120773 0.557822090387344 0.568557879328728 0.284782688319683 0.302577812969685 0.231164321303368 0.805765002965927 0.671458846330643 0.854314935207367 0.730344879627228 0.428688286244869 0.591575703024864 0.0280749031342566 0.0179098213557154 0.00739666593726724 0.00987947159446776 0.0238284516148269 0.581219047307968 0.923272252082825 0.618219503760338 0.305803678929806 0.384863694012165 0.216431200504303 0.100548892468214 0.073012001812458 0.0401298621669412 0.0563152607530355 0.185848379135132 0.311260043084621 0.54386827647686 0.836755722761154 0.507364502549171 0.359844480454922 0.369754549860954 0.283583256602287 0.187914155423641 0.0188208009116352 0.130511672794819 0.191414692997932 0.0463817592710257 0.000831874739378691 0.000235605554189533
0.596438950300217 0.543684098124504 0.992241114377975 0.0597486924380064 0.112744498252869 0.578783389925957 0.553985023498535 0.941959154605865 0.898208677768707 0.736819452047348 0.871209216117859 0.866876572370529 0.578010320663452 0.892079955339432 0.816850525140762 0.0585156789049506 0.711770901083946 0.371756924688816 0.694164976477623 0.987228560447693 0.483261421322823 0.754646158218384 0.891950076818466 0.583338642120361 0.207880741357803 0.168235078454018 0.153797087818384 0.170609687268734 0.144575989246368 0.0376781353726983 0.0306165245943703 0.194316536188126 0.37243295609951 0.344488441944122 0.316013799607754 0.404693698883057 0.558695042133331 0.867286711931229 0.448558455705643 0.861871314048767 0.856314224004745 0.41610252559185 0.705090939998627 0.148707891255617 0.130757723003626 0.0241770214401186
0.492710599303246 0.900057291984558 0.480215883255005 0.722076320648193 0.911905974149704 0.55790664255619 0.618263280391693 0.44089090526104 0.612035527825356 0.552299663424492 0.282228328287601 0.263884826004505 0.246796084940434 0.803869265317917 0.58631836771965 0.87097093462944 0.844714963436127 0.837531358003616 0.84204688668251 0.655505737662315 0.839436256885529 0.512313210964203 0.551306512951851 0.439531663060188 0.160581231862307 0.0670528028160334 0.112540644407272 0.249923530220985 0.26269384175539 0.0185284773819149 0.0270738600753248 0.279497668147087 0.279138757288456 0.558151322603226 0.199561062455177 0.239130915701389 0.318861982226372 0.4679457873106 0.998587095737457 0.81833091378212 0.980269759893417 0.881977778673172 0.371685311198235 0.199866880476475 0.838843405246735 0.113150910660625
0.424993696808815 0.606041789054871 0.321675084531307 0.870925241708756 0.794619768857956 0.765305703878403 0.257740052044392 0.134600333869457 0.105203538015485 0.306717121601105 0.219742824137211 0.547507527470589 0.320168152451515 0.430958676338196 0.482312527298927 0.57428485751152 0.758882576227188 0.656371158361435 0.511283880472183 0.707125747203827 0.218683706223965 0.150445538759232 0.335436318814754 0.188591331243515 0.176158129423857 0.320376373827457 0.26955988407135 0.399525755643845 0.23323557972908 0.0521469086408615 0.0266472265124321 0.0143502047285438 0.0242787789553404 0.0409438502043486 0.23060315772891 0.526476065814495 0.235354985296726 0.446174946427345 0.761162292957306 0.988779097795486 0.913935387134552 0.998013025522232 0.88488227725029 0.681339710950851 0.824592077732086 0.574040696024895
0.327368807792664 0.247248512506485 0.220027197897434 0.178681965172291 0.103092277795076 0.0897746481001377 0.153221683204174 0.167831882089376 0.200419673323631 0.260234808921814 0.174449095129967 0.215960173308849 0.205356022715569 0.219865471124649 0.347325041890144 0.242699001729488 0.259799791872501 0.243692888319492 0.132680384069681 0.0958567392081022 0.0407944962382317 0.0324973403476179 0.05345827229321 0.110251040756702 0.164148994535208 0.633483538031578 0.659880685806274 0.451931968331337 0.138776990771294 0.0319384949281812 0.0128485285211354 0.00962712829932571 0.0182075655087829 0.0144616646692157 0.120579059422016 0.0940324382856488 0.0785072211176157 0.42127742767334 0.524171385169029 0.922524070739746 0.951018154621124 0.638217398524284 0.573532289266586 0.694796276092529 0.9330561876297 0.642004257440567
0.304193618893623 0.587826564908028 0.310828170180321 0.244663396477699 0.196936909854412 0.426503276824951 0.440092822909355 0.183630891144276 0.0496300080791116 0.0487439222633839 0.0645928669720888 0.0440885864198208 0.1091293156147 0.122218305617571 0.133197297155857 0.569043236970902 0.24435346275568 0.144204019755125 0.114304412901402 0.0369328511878848 0.0612043416127563 0.162431163340807 0.276615758240223 0.15520828589797 0.105287017673254 0.0757711470127106 0.159665060788393 0.178110063076019 0.197823850810528 0.3975929915905 0.0471222614869475 0.00520220415201038 0.00870170458219945 0.00398503257893026 0.00234061535447836 0.0130956763401628 0.0394790887832642 0.117277541011572 0.60310355424881 0.625227305293083 0.537448093295097 0.463888427615166 0.364912185072899 0.542416539788246 0.854292476177216 0.870736730098724
0.162825301289558 0.084014256298542 0.125045819580555 0.179785993695259 0.0206129226833582 0.160328286886215 0.621340119838715 0.159245613962412 0.0777277607470751 0.0156517150811851 0.00872237249277532 0.034370194002986 0.0833826564252377 0.10000014975667 0.14526693597436 0.235544469952583 0.0834241043776274 0.0723490074276924 0.131319110840559 0.145982164889574 0.105641465634108 0.222638222575188 0.190900833904743 0.127745454013348 0.0559840470552444 0.0250807784497738 0.0685075633227825 0.0687873940914869 0.110681737959385 0.414186292886734 0.43809380531311 0.243849961459637 0.0725710604339838 0.300298291444778 0.045221184939146 0.000729262878303416 0.00207379098283127 0.0244193486869335 0.0143923088908195 0.017151846550405 0.0670050270855427 0.323130913078785 0.458153730630875 0.299872808158398 0.356325733661652 0.91231831908226
0.010413596406579 0.00278955578105524 0.0213531617075205 0.0563240293413401 0.17017108798027 0.284552638232708 0.108133418112993 0.0451086264103651 0.0402776991948485 0.0254153377376497 0.0413642097264528 0.035066294670105 0.0348694516345859 0.0228195851668715 0.0922246873378754 0.062000409886241 0.03286611456424 0.0310927498154342 0.0247769828885794 0.0382876997813582 0.039883746765554 0.0369868651032448 0.0334792616777122 0.0284420832060277 0.0147296159528196 0.0338138840161264 0.0252895252779126 0.0900384251028299 0.101956165209413 0.209366148710251 0.140863782912493 0.0571791090071201 0.0598229307681322 0.154906003177166 0.0135179274133407 0.00257896928815171 0.00180339630460367 0.00920073348097503 0.0115885151550174 0.186000814288855 0.395889221131802 0.489699804782867 0.594264578819275 0.691036409139633 0.762232631444931 0.857197737693787
0.0607951853424311 0.241057235002518 0.17508510351181 0.0613225113600493 0.0581271789968014 0.301000966131687 0.0644933629781008 0.045990339666605 0.0546664394438267 0.030329036526382 0.0450751677155495 0.0721901964396238 0.0612460564821959 0.0378430297598243 0.0308509308844805 0.056255092099309 0.100962924212217 0.036060481891036 0.0144795923959464 0.0239573881030083 0.0327847029082477 0.00713170494418591 0.0153551881667227 0.00420657061040401 0.00859718387946487 0.0334752197377384 0.0673892196267843 0.140256727486849 0.341114456951618 0.166734177619219 0.166431365907192 0.163666975498199 0.177326529473066 0.20738390237093 0.00763126156816725 0.013446097355336 0.00447158992756158 0.000882326235296205 0.000121273543663847 0.000337109181054984 0.000557476287212921 0.00787665112875402 0.574532088637352 0.708169764280319 0.76774320602417 0.617560243606567
0.0996537119150162 0.109346478432417 0.0230152701959014 0.0648936938494444 0.019146341457963 0.111551924049854 0.0114158998709172 0.0183643138036132 0.0154935707338154 0.0016084618982859 0.00292672384530306 0.0112056402955204 0.0242072748020291 0.0195939753204584 0.00879290415905416 0.00675993452314287 0.0224842071533203 0.0223555153235793 0.00833235858008266 0.0135607990901917 0.00236534130526707 0.00201992393122055 0.00255993981845677 0.00386545265791938 0.013242400996387 0.053254172578454 0.0596007581800222 0.0732817485928536 0.213045535236597 0.154084143042564 0.0657926097512245 0.0714928112924099 0.278589925169945 0.491056483983994 0.106607049703598 0.025911975838244 0.0024416035041213 0.00093038662453182 0.000750635395525023 4.43006533714652e-05 0.0029546876787208 0.00570255757775158 0.0146806907374412 0.264487266540527 0.885097700357437 0.816391664743424
0.000464432101580314 0.000554821675177664 0.001989822962787 0.00285642839735374 0.000930791551945731 0.000299095015361672 0.00026990028200089 8.47733910632087e-05 0.000253029156010598 0.00704980057198554 0.000644100626232103 0.020628516562283 0.00444463796447963 0.0179137231782079 0.0129639883060008 0.0102352416142821 0.00166866641375236 0.00155793635640293 0.00450546795036644 0.0017672838177532 0.00180668657994829 0.0033102810732089 0.00113117224827874 0.00184876022394747 0.00493245087563992 0.0284855091013014 0.0364674001932144 0.0741095677018166 0.10425251275301 0.0746427670121193 0.0809275932610035 0.0476693898439407 0.122242410108447 0.222318767011166 0.192189568281174 0.0961920656263828 0.025260360725224 0.00153252622112632 0.000342432560864836 0.00098142969654873 0.00124375335290097 0.00246962322853506 0.00124453213065863 0.0632472645491362 0.561019685864449 0.849810492992401
2.95033782094833e-05 9.35163483291035e-06 6.80515458952868e-05 1.36954278445955e-05 0.000478946020302828 8.30793916975381e-05 0.000146042113192379 9.90489814284956e-05 0.000196162138308864 0.0014308959885966 0.000390694939414971 0.000280380564072402 0.000216513109626248 0.000200887972459896 0.000612295436440036 0.00024413566570729 0.000419444373983424 0.000484115607105196 0.00127130584442057 0.00140316274482757 0.00153544038184918 0.0370722038671374 0.0251597829163074 0.032419484294951 0.0593489449471235 0.0695234458893537 0.0211666724644601 0.00778881634469144 0.0685085393488407 0.035761752538383 0.0903798796236515 0.0845146335661411 0.0602166162803769 0.114060697704554 0.215477582067251 0.165911569446325 0.0491354620084167 0.0047696816502139 0.00189202005276456 0.00172816455597058 0.0017110547167249 0.000513926698477007 0.001062236627331 0.00156811357592233 0.000754591077566147 0.00104472258826718
0.000146678512101062 0.000169511292915558 0.000160044154472416 0.000252591630851384 2.81485505297496e-05 1.9176824821443e-06 6.06704745223396e-05 8.24851696961559e-05 0.000210850510484306 0.00027962435488007 0.00029417821788229 0.000194385104259709 0.00137712802388705 0.0221381104551256 0.00593927181325853 0.00169419997255318 0.00263789437012747 0.000911385088693351 0.000214461089490214 0.000388810558069963 0.00836798688396811 0.0196292162872851 0.0483686242252588 0.0308311808854341 0.111492611467838 0.097939321026206 0.0387934790924191 0.0597272261977196 0.0206265609711409 0.112103331461549 0.0581598358228803 0.0799759957939386 0.045326410420239 0.0860757507383823 0.160126835107803 0.120268656313419 0.0657940179109573 0.00856941398233175 0.00273962875362486 0.000590170393115841 0.000962257414357737 0.00279222525423393 0.104431011155248 0.0617943592369556 0.0114234322216362 0.00107972555560991
0.000307538143533748 0.000559996970696375 0.000249132206954528 0.000170052488829242 0.000123162741510896 0.000233234664483462 6.21385832346277e-05 0.000129201568415738 0.000258432065311354 1.80768299287593e-05 3.90460209018784e-05 8.13073722383706e-05 0.000266826745792059 0.000309669897978893 0.000284176855348051 0.00366707738721743 0.00811356697231531 0.0103904050774872 0.00307448398089036 0.00380294462665916 0.00100688356324099 0.03064492251724 0.0217152761062607 0.0224247550591826 0.0273694698698819 0.0317006712779403 0.036152409017086 0.039285472407937 0.0908010333776474 0.0652820814400911 0.0866646461188793 0.0699879590421915 0.0671255899593234 0.0958460837602615 0.149893746525049 0.220340864360332 0.0128854258917272 0.0140437215566635 0.001685463974718 0.000465241758502088 0.00144244926050305 0.0021946479100734 0.00340691276360303 0.255296450853348 0.24924228489399 0.038422211445868
0.000794858496738016 3.15492686695507e-06 0.000532717831083573 0.00104441048461013 0.000680615424062125 0.000148287084084586 4.33123215771047e-05 1.49655526911374e-05 2.18704065446218e-05 1.38194365263189e-05 1.51730744164524e-05 1.80907474259584e-05 1.02579953818349e-05 1.46988408687321e-05 1.11849207314663e-05 5.70883799809963e-05 0.000459886979660951 0.00416349711595103 0.0013641634141095 0.0102183527313173 0.00628836897667497 0.0350937655195594 0.0987366437911987 0.0565776452422142 0.0598129026591778 0.0724777713418007 0.0579315334558487 0.0478499369695783 0.111213102936745 0.0699486069381237 0.0957441940903664 0.0786440260708332 0.116446971148252 0.12481275498867 0.138348222523928 0.13821896314621 0.00697683284524828 0.00272738209459931 0.00496690794825554 0.00576124370563775 0.000936308239761274 0.00385457258671522 0.00517031336203218 0.00312668133992702 0.0233522044494748 0.0786969967186451
0.000231285588961327 0.000336749813868664 1.39426186251512e-05 4.27439454142586e-06 0.000184039376472356 1.78102646714251e-05 5.43731524885516e-05 1.44822569382086e-05 1.00922153478678e-05 6.58319720514555e-06 1.06648189102998e-05 1.59461436851416e-05 1.54373902205407e-05 1.90967878552328e-05 1.78025047716801e-06 9.2464786121127e-07 4.24822928835056e-05 4.10310984989337e-05 5.19501416420098e-05 0.000757183131645434 0.00332711122464389 0.00895097870379686 0.00957905221730471 0.019889220315963 0.0364985730499029 0.0816213626414537 0.0851049680262804 0.0275845197727904 0.00653937793103978 0.0692510601133108 0.0838790345937014 0.0954351779073477 0.0962720729410648 0.0701125476509333 0.0956745721399784 0.0592797044664621 0.00992401274852455 0.00289532993920147 0.000171437740755209 0.000276372133521363 0.000205876050586085 0.0286093570291996 0.00853950707241893 0.00202951176324859 0.00430811846163124 0.00480249936226755
0.000156799034448341 0.00143673125421628 6.5577032364672e-05 3.85169176297495e-05 4.26461061579175e-05 5.09250268805772e-05 5.54235444724327e-05 4.30877120720652e-06 3.94325501474668e-05 6.85471743054222e-05 4.11754974265932e-05 3.18426800731686e-05 3.0619397512055e-05 2.18899993342347e-05 4.15146196246496e-05 2.66974679107079e-05 1.00819281669828e-05 1.16936662379885e-05 3.06581134736916e-06 4.24334514192992e-08 9.42086426221067e-06 0.00068626678257715 0.00107713433098979 0.00278845940483734 0.0140565252862871 0.0379979319870472 0.0271285366266966 0.0306297115981579 0.0249953806400299 0.0516760110855103 0.0625005800276995 0.0871512405574322 0.0258390369825065 0.0602498583495617 0.0996621247380972 0.00588917215354741 0.00675125457346439 0.00440009834710509 0.000119020943839132 0.000141131646523718 0.000171979025253677 4.4930490707884e-05 0.002829185500741 0.0013513708836399 0.00281813121400774 0.119049436226487
