Maxent_result_files_2/B_subterraneus_2.asc
NCOLS 594 
NROWS 330 
XLLCORNER -15 
YLLCORNER 23 
CELLSIZE 0.166666666666667 
NODATA_value -9999 
[rows 100 to 119 of 330, columns 276 to 321 of 594]
0.723876696825027 0.681562584638596 0.680128687620163 0.563478651642799 0.463553005456924 0.450111830234528 0.537243163585663 0.229298403859138 0.0796852629631758 0.0106410157866776 0.0054048620397225 0.00626081000082195 0.00318625585641712 0.00373537691775709 0.00208038073033094 0.00168618938187137 0.00135073763085529 0.00184774652589113 0.00214762610848993 0.00330090558854863 0.0010231537045911 0.00125678314361721 0.00266894286032766 0.00315712348092347 0.00188681603176519 0.0054592548054643 0.016410618647933 0.0461355534382164 0.222516164183617 0.198510654270649 0.167461927980185 0.13917863368988 0.0592215601354837 0.00551902477163821 0.00606345310807228 0.00850586704909801 0.00230448812944815 0.00364019013941288 0.00210622018203139 0.00200281701982021 0.00233438798459247 0.00453599893953651 0.00355955832637846 0.00134636720176786 0.0085322592407465 0.00844827009714209
0.660902500152588 0.645824158191681 0.635470288991928 0.597193402051926 0.55358898639679 0.527149966359138 0.492171797156334 0.433856031298637 0.422928740084171 0.262201303243637 0.0570862136781216 0.0326257785782218 0.0106709900312126 0.00515583462547511 0.00396139754448086 0.00363416860345751 0.00190761752892286 0.00177185070351698 0.00167474133195356 0.00536978167947382 0.00787962004542351 0.0067710560047999 0.00801187981851399 0.00704411901533604 0.00295886604581028 0.00265167416073382 0.00567399028223008 0.0152249736245722 0.124384514987469 0.161037357896566 0.125924330204725 0.0461389133706689 0.022367756254971 0.00579178740736097 0.00128625537618063 0.00226861735573038 0.00251274403417483 0.00339258790481836 0.00193375297822058 0.00410811000037938 0.00120861662435345 0.00288566292729229 0.00211370933102444 0.00235412531765178 0.000238743239606265 0.00529761468060315
0.60713417828083 0.601123449206352 0.592993256449699 0.566992026567459 0.526644119620323 0.487485203146934 0.471637904644012 0.449028089642525 0.400956979393959 0.267192761600018 0.0464624173939228 0.0045200590814602 0.0106401830911636 0.0093920964282006 0.00777417696081102 0.0013253744575195 0.00323020451469347 0.00200262537691742 0.00173218193813227 0.00903763426467776 0.0077973653562367 0.00147555196308531 0.00211582576157525 0.00235865791328251 0.00160443098866381 0.00793371857143938 0.000596908834995702 0.0597336918115616 0.125764694809914 0.0864198461174965 0.0159376917406917 0.002524008450564 0.00520209167152643 0.0142021765001118 0.0040943935746327 0.00192039753310382 0.00183893830981106 0.00421371635748073 0.00498652725946158 0.00300055260304362 0.00352873702067882 0.00196539555909112 0.00164886873681098 0.00141410498181358 0.0104455627966672 0.00520537367556244
0.577694588899612 0.574892899394035 0.586048766970634 0.568897888064384 0.540039357542992 0.494664964079857 0.447084936499596 0.431007504463196 0.383801713585854 0.327274207770824 0.188683645427227 0.0735941387712955 0.00778746749274433 0.0067917465697974 0.00710909035988152 0.00220350237796083 0.00479701119475067 0.00134405956487171 0.00217821265105158 0.00123028688831255 0.00143888695747592 0.00144871619413607 0.00384081082884222 0.00163642916595563 0.0019231405982282 0.00214830795302987 0.002943461376708 0.00197620543185621 0.00165943041210994 0.0205660645850003 0.00612429587636143 0.00213035079650581 0.00256129794288427 0.00178173957392573 0.0014063875132706 0.00130119844106957 0.00842431228375062 0.00132471133256331 0.00570237273350358 0.0042076186160557 0.00153089918312617 0.0027874584775418 0.00156476462143473 0.00116209670086391 0.000799209548858926 0.00365815191762522
0.519124880433083 0.527809670567512 0.533888497948647 0.517293432354927 0.493273770809174 0.475709718465805 0.445130038261414 0.405285170674324 0.373895812034607 0.189358518272638 0.304510074108839 0.157022921741009 0.0605540971271694 0.0191429294645786 0.00627326839603484 0.0139677664265037 0.00753508780617267 0.00222138977842405 0.00159958478761837 0.00141198670025915 0.00206237650709227 0.00139053361490369 0.00463041870389134 0.0011680229625199 0.00269762891111895 0.00195240540197119 0.00190530306426808 0.00284111761720851 0.00324224745854735 0.00332368595991284 0.00970699936151504 0.00382502225693315 0.00653310946654528 0.00413768240250647 0.00421400279738009 0.00172332236543298 0.00124874612083659 0.00358278400963172 0.00445990831358358 0.00192932242061943 0.00174550021765754 0.00116593729471788 0.00391226448118687 0.0023653224343434 0.00283755866112188 0.00138977427268401
0.464409372210503 0.455215263366699 0.453231483697891 0.446580797433853 0.418898704648018 0.39673987030983 0.360676255822182 0.34906899034977 0.320329460501671 0.18039439022541 0.0381065119057894 0.0711330184759542 0.0163278041407466 0.00342347139958292 0.0139084237627685 0.0042942225234583 0.00997078721411526 0.00317167571047321 0.00728842648677528 0.000900800083763897 0.00250113365473226 0.00138702908298001 0.00343708437867463 0.00311682415194809 0.00156583015923388 0.00181915136054158 0.0030072849127464 0.0048240136122331 0.00346478398423642 0.0028322359896265 0.00534230088815093 0.00428154178662226 0.00286879211198539 0.0013066231040284 0.00431999422144145 0.00179396400926635 0.00240786098875105 0.0026732383063063 0.0024504195083864 0.0174249926581979 0.0163788054138422 0.00419423277489841 0.00230569145642221 0.00153744926792569 0.00229985179612413 0.0140134463552386
0.36029386818409 0.41398458480835 0.401318243145943 0.391206297278404 0.0785916767083108 0.114770431816578 0.190343139693141 0.231690049171448 0.220418608188629 0.196417154371738 0.0196499774581753 0.00658039802219719 0.00326044728280976 0.00434957763645798 0.00353817179566249 0.00471910913474858 0.00238754062447697 0.00288826456526294 0.00149238130543381 0.000936410852591507 0.00151497570914216 0.00166769894422032 0.00159176012384705 0.00156728893052787 0.00152387207490392 0.00124138476094231 0.00161169019993395 0.00314263759646565 0.00292718358105049 0.00263939717551693 0.00160468593239784 0.00492694012355059 0.00264585332479328 0.00359777172561735 0.00211346438154578 0.00636244483757764 0.0109976670704782 0.0543172255391255 0.0350614504888654 0.0401665782555938 0.0606796517968178 0.0654862314462662 0.00397081801202148 0.00183721274370328 0.0183641105890274 0.000944567730766721
0.0788905017077923 0.299238650500774 0.250211407244205 0.130039713159204 0.0312432592734694 0.0488891175016761 0.0651643604040146 0.0723658457398415 0.0500823348760605 0.0774485118687153 0.00547215209808201 0.00432650509756058 0.00143279660260305 0.00348090573679656 0.0140596590004861 0.00263064233586192 0.0016890520520974 0.00186875165672973 0.00131424055434763 0.00145824044011533 0.000730295421089977 0.00467879483476281 0.00219961268594489 0.0023510524420999 0.00186051280470565 0.00076471290376503 0.000767577599617653 0.00120696709491313 0.0064624137012288 0.00570516486186534 0.0188005521893501 0.0129606431350112 0.00624102728907019 0.0059214381268248 0.00152741242200136 0.021676518348977 0.00819518216885626 0.0131482532247901 0.0144599555060267 0.0175208777189255 0.060352773591876 0.0611064918339252 0.00584532039938495 0.00185837633907795 0.0016422476619482 0.000988053006585687
0.196951785683632 0.14476558342576 0.155367302894592 0.102041696757078 0.0421552190557122 0.0275152551010251 0.0313713230192661 0.0474603006616235 0.0519944317638874 0.0415315475314856 0.020914854016155 0.0059228785103187 0.00133815954905003 0.00702398903667927 0.0037639799178578 0.00261752163060009 0.00358637715689838 0.00215825187042356 0.00362739330157638 0.0103824343532324 0.00500580712687224 0.00447073788382113 0.0023382070241496 0.00317765418440104 0.00136268950300291 0.00129316069069318 0.00102248670300469 0.000924366776598617 0.000792226815246977 0.00514090468641371 0.0129324716515839 0.00235618012957275 0.00104948602383956 0.00170183773734607 0.0015023632964585 0.00282781587447971 0.0135353466495872 0.00619582554791123 0.00211834474466741 0.00884506851434708 0.0197737451642752 0.0225701598450542 0.0170470142038539 0.0193214334663935 0.00605315304128453 0.0052584208548069
0.0404728995636106 0.0427727971225977 0.040773725323379 0.0521042175358161 0.0666013225913048 0.0219348253682256 0.0352064404636621 0.029716519638896 0.0288833685219288 0.0121737304609269 0.00146338032791391 0.00262976343510672 0.00858786087483168 0.0138957834336907 0.0135348816402256 0.00648405484389514 0.00263134212000296 0.00192741225473583 0.00325406673364341 0.00941390278749168 0.00237264393363148 0.00108202211558819 0.00150465873884968 0.00399661811534315 0.000746707094367593 0.00104409421910532 0.00460365016479045 0.00177545209298842 0.00144455826375633 0.0100096479523927 0.00721454895101488 0.0022051218431443 0.00342307382961735 0.000787359016248956 0.00117287419852801 0.00568586541339755 0.00157491666032001 0.00180871448246762 0.00149672323022969 0.00135902257170528 0.00776296928524971 0.00465337778441608 0.00329480050131679 0.0140406244434416 0.0141285203862935 0.00676733467262238
0.0787246827036142 0.0210100218653679 0.00722046755254269 0.00818949788808823 0.0176338790915906 0.0257777871564031 0.0433683244511485 0.0231943604536355 0.0242751928046346 0.00457440440077335 0.00170103429118171 0.00886069852858782 0.0197308463975787 0.0158859858289361 0.0171328726224601 0.0184291698038578 0.00807427319232374 0.0121445586439222 0.0184778518974781 0.0114351715892553 0.00346434883540496 0.000867845801985823 0.00126013261033222 0.00268731851829216 0.00164099591202103 0.0012225806247443 0.000545232489821501 0.00109123071888462 0.00630413452163339 0.00162725577247329 0.0121891782619059 0.00434631356038153 0.0144717931747437 0.00428089739289135 0.000988289003726095 0.00430745506891981 0.00504079654347152 0.00403291669208556 0.00526563341263682 0.00544421835802495 0.00491603591945022 0.00281379754887894 0.00647515573073179 0.00139106998103671 0.0198172767646611 0.00439963752869517
0.0516862817108631 0.0370429251343012 0.0352653477340937 0.00541867862921208 0.0301580024883151 0.0328310808166862 0.0248791863676161 0.0043722381349653 0.01521703787148 0.0192918390966952 0.00382739477790892 0.00355635171290487 0.00460532014258206 0.0110892018768936 0.00188685361063108 0.00179304659832269 0.013853149022907 0.0176765293348581 0.00402779830619693 0.00467145389411598 0.00185877233161591 0.00554452666547149 0.00473450967110693 0.000826442026300356 0.00360334671568126 0.00268608256010339 0.00092926929355599 0.000686760412645526 0.00236017004353926 0.00227096363669261 0.00188107094727457 0.00273972046561539 0.00256943023996428 0.00243455353192985 0.00462781912647188 0.000997709616785869 0.00382952482905239 0.00622176558244973 0.00484350901097059 0.00444611518178135 0.00480029608588666 0.00603243394289166 0.00818657926283777 0.00385769745334983 0.00885851848870516 0.00783339873887598
0.0127827215008438 0.0341337127611041 0.0396497014909983 0.0332922184839845 0.0253138058818877 0.0439116211608052 0.0214039438404143 0.00360250759404153 0.0236435767728835 0.0257724043913186 0.0066890392685309 0.00391189407091588 0.00653026611544192 0.00334765433799475 0.00477652393747121 0.00342951833736151 0.010763353202492 0.0180711418390274 0.00545679295901209 0.00835049552842975 0.00303507942007855 0.00557295829057694 0.00546482012141496 0.00628340730909258 0.00551636517047882 0.00161374859744683 0.00132320788106881 0.00267824482871219 0.00123686863225885 0.00170081427786499 0.00609701029025018 0.00471267648972571 0.00150587141979486 0.00103038481902331 0.00136433581355959 0.000954662082949653 0.00197374046547338 0.00126022974327498 0.00530529748648405 0.00316836743659223 0.0172202238813043 0.00601201269309968 0.00921097216196358 0.00857934015803039 0.0122311298269778 0.0218691035173833
0.0264308374375105 0.00654166284948587 0.00708066155202687 0.0248403768986464 0.0203362600877881 0.035619555413723 0.0109529272187501 0.00315975215053186 0.00350658595561981 0.00266545385820791 0.00392717125359923 0.00544754785951227 0.00324758262140676 0.00429976566229016 0.0031525690224953 0.00735259791836143 0.0064488114323467 0.00411445850040764 0.00272982339374721 0.00247219378361478 0.00120187446591444 0.00410751716699451 0.00560615595895797 0.00316378641873598 0.00153189355623908 0.00512657379731536 0.00732474781107157 0.0045756516745314 0.00150685215485282 0.00125330998562276 0.00163436713628471 0.00171513021923602 0.00228463667444885 0.000947223452385515 0.00145101192756556 0.00136386559461243 0.00154714057571255 0.00208066873019561 0.00490856524556875 0.000536761664625374 0.0975054506212473 0.083195298910141 0.0185245760716498 0.0172644827718655 0.0109509910456836 0.00490135357249528
0.0831832885742188 0.00650560553185642 0.0201488655991852 0.0287583058699965 0.0336089545860887 0.00231027894769795 0.00341506174299866 0.0242675630375743 0.00292319133877754 0.00174349318258464 0.00198906607693061 0.00951657448895276 0.0152384447865188 0.0239806271158159 0.0181939349509776 0.00408757685218006 0.00253890475723892 0.00852107522077858 0.00419780979864299 0.00297246907139197 0.00403144985903054 0.00779080144129693 0.00454817044083029 0.00925287595018745 0.00276864329352975 0.00814162385649979 0.00700406276155263 0.0049789170967415 0.00297351713525131 0.00316466592485085 0.00432490138337016 0.00334920503664762 0.00639028854202479 0.00197162585100159 0.00158773126313463 0.0126081318594515 0.00559661451261491 0.00525934360921383 0.0085538275539875 0.00794558847555891 0.00559503259137273 0.025329389795661 0.0798437222838402 0.0285941231995821 0.0048647798364982 0.00714158955961466
0.00727851055562496 0.0271342039108276 0.0284497076645494 0.0256139311939478 0.00415878158528358 0.00354704791679978 0.00318094737594947 0.0128916112706065 0.00346644279779866 0.00272655275184661 0.00469073329586536 0.00255800462327898 0.011840329458937 0.018500822968781 0.0129861531313509 0.0156265239231288 0.00246521556982771 0.00367582915350795 0.0510414792224765 0.00758173097856343 0.0149948900099844 0.004212173842825 0.00801588236354291 0.00735350784379989 0.0144996673800051 0.0049901318969205 0.00788294561207294 0.00697838505730033 0.00131631804979406 0.00231077460339293 0.0047167936572805 0.00889944368973374 0.0160277423448861 0.00725932561326772 0.00702149684075266 0.00526161435991526 0.00507903387770057 0.0236043275333941 0.018084841966629 0.00130972194601782 0.00424845470115542 0.00137990627554245 0.022009424585849 0.135586374998093 0.0369648581603542 0.0136201034125406
0.0338381977751851 0.250315411761403 0.152403263747692 0.0207972624339163 0.0322598289698362 0.00567265467252582 0.00403500660322607 0.0041107795201242 0.00626974154729396 0.00184097907040268 0.00498721443582326 0.00332407299429178 0.00289367919322103 0.0116365828551352 0.0076214395230636 0.0203659350052476 0.0164704062975943 0.0267530559562147 0.0055828173761256 0.0111360083799809 0.0253877879120409 0.00981765817850828 0.00832207519561052 0.0286098160780966 0.01927301408723 0.0111778052523732 0.0093427068553865 0.00893985154107213 0.0128684521652758 0.00891020130366087 0.00561431099195033 0.00623946012929082 0.00949533139355481 0.00797410877421498 0.0124879603739828 0.00786952073685825 0.00568639668636024 0.018208184838295 0.00903872466296889 0.00782815031707287 0.013411347893998 0.00638900492340326 0.0109385520685464 0.044504339247942 0.0395020013675094 0.0769786797463894
0.358994853496552 0.188897755700168 0.0876872166991234 0.0588845917955041 0.046574760787189 0.00303621600614861 0.00235588252544403 0.00756756300106645 0.00133632256183773 0.00136083840043284 0.00178646788699552 0.0023060942767188 0.00855481019243598 0.0327725652605295 0.0183071395382285 0.0255642626434565 0.0208279746584594 0.0986507579684257 0.01873949021101 0.026992710866034 0.0149657013826072 0.011676441365853 0.00754113174043596 0.0160311317071319 0.0233326029032469 0.0204312259331346 0.0054542803671211 0.00696201273240149 0.00932260686531663 0.00856636317912489 0.0130431764759123 0.0119653886184096 0.0161595718003809 0.0135220442898571 0.0142047935165465 0.00891403094865382 0.0120579493232071 0.00991600211709738 0.0081829740665853 0.0197281449342881 0.0720659859478474 0.0485138708725572 0.034527930803597 0.030455721821636 0.0422314247116446 0.0399932738393545
0.347095510363579 0.157424037158489 0.137992403656244 0.115124049037695 0.0563611585646868 0.00265621591825038 0.00267650795867667 0.0018131363147404 0.00127765521174297 0.00459792148321867 0.00357006445992738 0.00918910000473261 0.00234667935874313 0.0592479959130287 0.0264720304869115 0.0252859535627067 0.0232813922688365 0.050389289110899 0.0160454136319458 0.0278236539103091 0.0154422926716506 0.0324432680383325 0.00639201533049345 0.02763517126441 0.0193717969581485 0.0134237560909241 0.0115883721038699 0.00641299453563988 0.00293702643830329 0.00732425642199814 0.00785381763707846 0.0124230543617159 0.0125414395704865 0.00958599639125168 0.0131792796775699 0.0101017127744853 0.0159991697408259 0.0156608197838068 0.0129218735266477 0.00887529184110463 0.00950511828996241 0.0305563025968813 0.0291116857901216 0.048008758854121 0.028703610226512 0.024178577400744
0.167372795939445 0.333556288480759 0.664213469624519 0.0236444691196084 0.0489733785390854 0.00596845052205026 0.00206634536152706 0.00145515503245406 0.000938457626034506 0.00723697980865836 0.0078202398493886 0.0103921457659453 0.00216917970683426 0.0502700071781874 0.025078596547246 0.0126043064519763 0.0173842872492969 0.050474270246923 0.0473126487806439 0.0231305154971778 0.016356357280165 0.018577756267041 0.0152342988178134 0.0239831518381834 0.0254286350682378 0.0189935574308038 0.0150098325684667 0.0159979501739144 0.0161274947226048 0.0127936508972198 0.00919758356176317 0.0206210332922637 0.0163474811241031 0.0160994620993733 0.0152455220930278 0.026046103425324 0.024924336373806 0.0207269759848714 0.0150086701847613 0.0084311896469444 0.00699516565073282 0.00594928404316306 0.00808822619728744 0.0411922968201359 0.0145034594588651 0.0152886251918972
