Maxent_result_files_2/B_subterraneus_2.asc
NCOLS 594 
NROWS 330 
XLLCORNER -15 
YLLCORNER 23 
CELLSIZE 0.166666666666667 
NODATA_value -9999 
[rows 80 to 99 of 330, columns 184 to 229 of 594]
0.00269363062107004 0.00407836800441146 0.000298298752022674 0.000600622312049381 0.00645799280609935 0.00433066347613931 0.00436394613934681 0.00546461198246107 0.0143064831150696 0.00837259357795119 0.000270893429114949 0.00694113047793508 0.00108331399096642 0.00083439807058312 0.000459272804437205 0.00583795285783708 0.00234590055770241 0.00346456515835598 0.00250133004738018 0.00119732494349591 0.0048589875921607 0.00315178618766367 0.007659976859577 0.00412229495123029 0.00356452132109553 0.00330226176884025 0.00803272795164958 0.00746798762120307 0.00424023605883121 0.0149377965601161 0.020739959157072 0.0328673410229385 0.0383375159464776 0.285506841540337 -9999 -9999 -9999 -9999 -9999 -9999 -9999 -9999 -9999 -9999 -9999 -9999
0.00886111133731902 0.0278094441629946 0.0501280656084418 0.00514657656894997 0.00384311800589785 0.000163155061454745 0.00371085628867149 0.00810945967677981 0.0184321854496375 0.00475834421231411 0.0129539921879768 0.0181593232788146 0.0392367069609463 0.0307013373821974 0.00557249432895333 0.0277953723445535 0.00859292601235211 0.00178799141722266 0.0066844405606389 0.00336381972301751 0.00507625786121935 0.00328124120132998 0.00390096355113201 0.00895955278538168 0.012998557370156 0.00314145098964218 0.00750019481638446 0.0081483855843544 0.0613602849654853 0.0366236313246191 0.0160021948628128 0.0433158863335848 0.018852577637881 0.0658171873539686 0.145499928295612 -9999 -9999 -9999 -9999 -9999 -9999 -9999 -9999 -9999 -9999 -9999
0.117700095102191 0.0222351175267249 0.0311306959018111 0.0154154296964407 0.00395968813681975 0.00544121788116172 0.00667150366352871 0.00810198523104191 0.0137746167834848 0.00911970948800445 0.0068303431966342 0.00867913790279999 0.0130813523195684 0.0061262339586392 0.00526532100047916 0.0169630810618401 0.0214742105454206 0.0161721195094287 0.00185453779413365 0.00246518586063758 0.00322047546505928 0.00247059928951785 0.00265606303000823 0.00363796488381922 0.00809207204729319 0.0058090312872082 0.00457696847151965 0.00224048877134919 0.00573234601761214 0.0269124813377857 0.0122382127679884 0.0453214040026069 0.112282812595367 -9999 -9999 -9999 -9999 -9999 -9999 -9999 -9999 -9999 -9999 -9999 -9999 -9999
0.0738369422033429 0.0733360063284636 0.0278529262170196 0.00791419110028073 0.00670897648669779 0.00377080433536321 0.00296470376779325 0.00190810030617286 0.000797051125846337 0.00353306225151755 0.0049849883391289 0.00604247897281311 0.00758200180134736 0.00223341945384163 0.00853029247373343 0.0147225515916944 0.0299452559091151 0.00388291518320329 0.00613515281584114 0.00374174549942836 0.01394318935927 0.0059512501815334 0.00234029287821613 0.00128640842740424 0.00296440691454336 0.0102860102895647 0.0117056636372581 0.00450178101891652 0.00912951813079417 0.00698315175250173 0.0244051311165094 0.28138205781579 -9999 -9999 -9999 -9999 -9999 -9999 -9999 -9999 -9999 -9999 -9999 -9999 -9999 -9999
0.0726568762212992 0.0320594951510429 0.0213185168802738 0.0284105425700545 0.0130987872369587 0.000422545911715133 0.000979910185560584 0.00320766505901702 0.0114868182456121 0.0152796580921859 0.00340712118486408 0.00393771555682179 0.00730358553119004 0.00428957098629326 0.00152750370325521 0.00345052828779444 0.00650826613418758 0.00121656196715776 0.00535310374107212 0.00391720370389521 0.00490244685206562 0.00966710550710559 0.00356624725973234 0.0135214803740382 0.011982805095613 0.0130204649409279 0.0218472796492279 0.651770955324173 0.013519099354744 0.033450492285192 0.247289027646184 -9999 -9999 -9999 -9999 -9999 -9999 -9999 -9999 -9999 -9999 -9999 -9999 -9999 -9999 0.418939289450645
0.0688556388020515 0.0315217394381762 0.00740850334987044 0.00498255895217881 0.00400986702879891 0.00225193678634241 0.00464192759245634 0.0124659851659089 0.000385925784212304 0.00147273130132817 0.00840891315601766 0.00865992391481996 0.00257865875028074 0.00277668639901094 0.00407045889296569 0.00436652735807002 0.00313587907585315 0.00401231977157295 0.0235195909626782 0.0151394427753985 0.0137373407371342 0.00894708377309144 0.0107202275190502 0.0258923491463065 0.0241571131162345 0.0812709882855415 0.046268449537456 0.848576682806015 0.68416713476181 -9999 -9999 -9999 -9999 -9999 -9999 -9999 -9999 -9999 -9999 -9999 -9999 -9999 0.163597403466702 0.285182611644268 0.281611071527004 0.110693189501762
0.0537604529410601 0.0641234502196312 0.0467413008213043 0.0633480805903673 0.0218474827706814 0.00992666967213154 0.0168522419407964 0.00720549686811864 0.0143446217291057 0.00643918242421933 0.00196781069389544 0.00681579003576189 0.011000327533111 0.00372271533124149 0.01742495726794 0.0142400184646249 0.0125238200649619 0.0138403146062046 0.00976892472244799 0.0343550942838192 0.0266222074627876 0.012118336930871 0.16223267801106 0.179149189591408 0.256013778597116 -9999 -9999 -9999 -9999 -9999 -9999 -9999 -9999 -9999 -9999 -9999 -9999 -9999 -9999 -9999 -9999 0.149370139092207 0.396215268969536 0.297934047877789 0.236959455907345 0.0914082244038582
0.0336158255115151 0.0274529660120606 0.065702523291111 0.0461250077933073 0.0106912021525204 0.0381496572867036 0.0265249466523528 0.0149009094573557 0.010780530096963 0.00835669375956058 0.00302884678822011 0.00996074951253831 0.0208006974309683 0.0167996749281883 0.0181297966279089 0.065253134816885 0.0268883427605033 0.0239221373572946 0.0772404547780752 0.0619855601340532 0.0260633083060384 0.540599772334099 -9999 -9999 -9999 -9999 -9999 -9999 -9999 -9999 -9999 -9999 -9999 -9999 -9999 -9999 -9999 -9999 -9999 -9999 0.371936117112637 0.407011678814888 0.431215757131577 0.145839085429907 0.111102267727256 0.0439153647050261
0.0353249881416559 0.0338074674829841 0.029954625852406 0.00935821416787803 0.0135907376650721 0.0301839217543602 0.0564458716660738 0.0685044880956411 0.150229275971651 0.0262845374643803 0.0194168307818472 0.0302221124991775 0.0126013161614537 0.0286871397867799 0.0964790638536215 0.165812958776951 0.141173473000526 0.195009559392929 0.515728124976158 0.691448736190796 -9999 -9999 -9999 -9999 -9999 -9999 -9999 -9999 -9999 -9999 -9999 -9999 -9999 0.353685414791107 -9999 -9999 0.301340371370316 0.503124529123306 0.201175962388515 0.416922959685326 0.160871732793748 0.304858304560184 0.419259315729141 0.275228570401669 0.248026704788208 0.110869778692722
0.0345835827291012 0.0519535899162292 0.0461633073166013 0.0141150733921677 0.0155634955503047 0.019176004268229 0.037002069875598 0.046245495416224 0.125728019326925 0.0496157512068749 0.0404884262010455 0.0401552446186543 0.0083183707203716 0.0334646502509713 0.0662940237671137 0.239934030175209 0.601624482870102 -9999 -9999 -9999 -9999 -9999 -9999 -9999 -9999 -9999 -9999 -9999 -9999 -9999 -9999 -9999 -9999 -9999 -9999 0.584852308034897 0.718239682912827 0.552856865525246 0.454973840713501 0.556065252423286 0.176014482975006 0.0566883956082165 0.348471663892269 0.589867055416107 0.294621139764786 0.179802314937115
0.0205804293975234 0.0124499731231481 0.0383430801331997 0.022335185110569 0.0156174186617136 0.0354466015473008 0.0161147122271359 0.0160404207184911 0.0254398200660944 0.0157559788785875 0.0281114904209971 0.0624460715800524 0.126016042381525 0.16270414441824 0.46451895236969 0.309564150869846 0.610139578580856 -9999 -9999 -9999 -9999 -9999 -9999 -9999 -9999 -9999 -9999 -9999 -9999 -9999 -9999 -9999 -9999 -9999 0.210427029430866 0.715019309520721 0.651293671131134 0.577767568826675 0.25861192047596 0.128987608104944 0.449664303660393 0.235240662097931 0.329159453511238 0.323618660867214 0.335487541556358 0.269465062022209
0.0385175321251154 0.0123315254226327 0.0111722928006202 0.0178419112227857 0.0609864417463541 0.112246733158827 0.062871190533042 0.0210706882178783 0.0234958216547966 0.0572683170437813 0.035175771266222 0.0742588393390179 0.0913397785276175 0.403138762712479 0.6782366335392 -9999 -9999 -9999 -9999 -9999 -9999 -9999 -9999 -9999 -9999 -9999 -9999 -9999 -9999 -9999 -9999 -9999 -9999 0.358353525400162 0.417840698361397 0.693692976236343 0.425641775131226 0.530390110611916 0.129983456432819 0.597758227586746 0.630842745304108 0.584000971913338 0.654352301359177 0.54618564248085 0.1358837492764 0.159145998954773
0.050436233356595 0.0500263668596745 0.0347315108403563 0.0466073924675584 0.151871552318335 0.0794872928410768 0.0680228821933269 0.0553656317293644 0.0660561304539442 0.106797400861979 0.303842806816101 0.0813383750617504 0.193702782690525 0.704051166772842 -9999 -9999 -9999 -9999 -9999 -9999 -9999 -9999 -9999 -9999 -9999 -9999 -9999 -9999 -9999 -9999 -9999 -9999 -9999 0.779114031791687 0.839112573862076 0.644606167078018 0.377833905816078 0.298271796107292 0.402423360943794 0.490044552087784 0.587000274658203 0.533690223097801 0.398537202179432 0.236019665747881 0.319912302494049 0.288481684029102
0.0327504262328148 0.0707803972065449 0.0559666249901056 0.153759194910526 0.0596783313900232 0.183034865558147 0.111554442346096 0.0800201274454594 0.124486584216356 0.0795479383319616 0.813211405277252 -9999 -9999 -9999 -9999 -9999 -9999 -9999 -9999 -9999 -9999 -9999 -9999 -9999 -9999 -9999 -9999 -9999 -9999 -9999 -9999 -9999 -9999 0.588926608115435 0.711775040626526 0.669550228118897 0.582812547683716 0.384409636259079 0.473667988181114 0.651361489295959 0.442997151613235 0.249916272610426 0.35519942343235 0.360894024372101 0.209173531830311 0.148890512809157
0.024575930275023 0.03569315969944 0.0305165395140648 0.0327586308121681 0.044305838085711 0.0623747859150171 0.0863189831376076 0.152435650676489 0.231135287880898 0.301350994408131 0.955420809984207 -9999 -9999 -9999 -9999 -9999 -9999 -9999 -9999 -9999 -9999 -9999 -9999 -9999 -9999 -9999 -9999 -9999 -9999 -9999 -9999 -9999 -9999 -9999 0.775670671463013 0.58171489238739 0.55413743853569 0.195017197728157 0.179987046122551 0.545921263098717 0.236139276623726 0.357614766061306 0.325417947769165 0.0905051879584789 0.145102205872536 0.114985153824091
0.150573531538248 0.184607821702957 0.0432464454323053 0.0386176485568285 0.0909297402948141 0.080773064866662 0.165700226277113 0.178092123568058 0.486166462302208 0.603731292486191 0.75272324681282 -9999 -9999 -9999 -9999 -9999 -9999 -9999 -9999 -9999 -9999 -9999 -9999 -9999 -9999 -9999 -9999 -9999 -9999 -9999 -9999 -9999 -9999 -9999 0.460875475406647 0.24286335259676 0.203050558269024 0.203865817189217 0.159429217129946 0.378626598417759 0.163825535774231 0.266252689063549 0.119941378757358 0.115783947333694 0.164604035764933 0.124551147967577
0.0490063894540071 0.155681997537613 0.103574956208467 0.13126780167222 0.117847266793251 0.522274425625801 0.367703354358673 0.199292795360088 0.906275641918182 0.89374908208847 -9999 -9999 -9999 -9999 -9999 -9999 -9999 -9999 -9999 -9999 -9999 -9999 -9999 -9999 -9999 -9999 -9999 -9999 -9999 -9999 -9999 -9999 -9999 -9999 -9999 0.299354779720306 0.27820343375206 0.159286952763796 0.129987229406834 0.391013312339783 0.156077545881271 0.101902837306261 0.0786040857434273 0.203894782811403 0.0965037479996681 0.0863019295036793
0.214932364225388 0.210425549000502 0.0154568561352789 0.248172076046467 0.14657646343112 0.845701253414154 0.921302109956741 0.942998027801514 0.953427648544312 0.704599410295486 -9999 -9999 -9999 -9999 -9999 -9999 -9999 -9999 -9999 -9999 -9999 -9999 -9999 -9999 -9999 -9999 -9999 -9999 -9999 -9999 -9999 -9999 -9999 -9999 -9999 0.618845796585083 0.437492617964745 0.223864564299583 0.109820917248726 0.534038233757019 0.134726038575172 0.201797586679459 0.159421515464783 0.134118182957172 0.163125640898943 0.0771512661129236
0.0203005220741034 0.0576773911714554 0.116977391391993 0.281700453907251 0.172901428490877 0.104304759204388 0.181573105603456 0.331611128151417 0.639196401834488 -9999 -9999 -9999 -9999 -9999 -9999 -9999 -9999 -9999 -9999 -9999 -9999 -9999 -9999 -9999 -9999 -9999 -9999 -9999 -9999 -9999 -9999 -9999 -9999 -9999 -9999 -9999 0.935590660572052 0.70118659734726 0.35313136279583 0.322013103961945 0.272849263250828 0.227798970043659 0.225021271407604 0.329962667822838 0.408238232135773 0.12666223347187
0.335578446090221 0.241023346036673 0.682954007387161 0.722564327716827 0.812670081853867 0.453691345453262 0.379997117817402 0.310797932744026 0.71954191327095 -9999 -9999 -9999 -9999 -9999 -9999 -9999 -9999 -9999 -9999 -9999 -9999 -9999 -9999 -9999 -9999 -9999 -9999 -9999 -9999 -9999 -9999 -9999 -9999 -9999 -9999 0.972812980413437 0.996532446146011 0.686704993247986 0.604192459583282 0.310039645433426 0.368103918433189 0.604160022735596 0.453019246459007 0.136309686303139 0.504414710402489 0.269636563956738
