Maxent_result_files_2/B_subterraneus_2.asc
NCOLS 594 
NROWS 330 
XLLCORNER -15 
YLLCORNER 23 
CELLSIZE 0.166666666666667 
NODATA_value -9999 
[rows 140 to 159 of 330, columns 322 to 367 of 594]
0.0173376798629761 0.0167488506063819 0.0150110988877714 0.0119262149557471 0.010147297475487 0.019796865619719 0.141629099100828 0.00706323902122676 0.0153567904606462 0.00885705733671784 0.00515721815172583 0.00645048781298101 0.00428195737767965 0.0227175291627645 0.0151397013105452 0.00253392953891307 0.00169486859231256 0.0028556528268382 0.0053716613445431 0.0153705841861665 0.0114763172343373 0.0027709688176401 0.00384131465107203 0.00536383860744536 0.00176386158564128 0.000996329050394706 0.00137829295708798 0.00398713280446827 0.0033246252220124 0.00463587015401572 0.00301887451205403 0.00446162624284625 0.00307541525689885 0.00131417174707167 0.00248659237986431 0.00227263577980921 0.00219676465494558 0.00261058490723372 0.00198940762784332 0.00176685720216483 0.00163530475692824 0.00182875192258507 0.00180268769618124 0.00164036037167534 0.00200775674311444 0.00247463663108647
0.0168004412204027 0.0142668790183961 0.0122260567732155 0.0102010181173682 0.00960393925197423 0.00815146677196026 0.00661283633671701 0.00592530225403607 0.00571741899475455 0.00666846674866974 0.00495441015809774 0.00624987729825079 0.00587992467917502 0.0108525237089296 0.00649388437159359 0.00262840919895098 0.00274906654376537 0.00544416271150112 0.00427993673365563 0.00879782121628523 0.00447398535907269 0.00297973892884329 0.00244125230237842 0.00157983065000735 0.00135534071596339 0.00101358834072016 0.00109629345533904 0.00251001075375825 0.00331367414910346 0.00362141206860542 0.00388375294860452 0.00438382972497493 0.00321352300234139 0.00130745004862547 0.00172697473317385 0.00272826806176454 0.00235139296855778 0.00218991298461333 0.00197319790022448 0.001814832421951 0.00164185360772535 0.00160685505252332 0.0015781250782311 0.00198651627870277 0.0016927614226006 0.00200184539426118
0.0148450593464077 0.015778240095824 0.0126890531741083 0.0112190985120833 0.00933461845852435 0.00807986473664641 0.00791132049635053 0.00564969033002853 0.00634513874538243 0.00968690048903227 0.00686743725091219 0.00724030630663037 0.00478270796593279 0.00625182073563337 0.0039260745048523 0.00312108410289511 0.00509597733616829 0.00445248978212476 0.00435403664596379 0.00408428995870054 0.00203538045752794 0.00169800762087107 0.0016473010473419 0.00233148452825844 0.00165778452064842 0.00120045196672436 0.00169457543524913 0.00314615869428962 0.00301068602129817 0.00322302200365812 0.00333635348360986 0.00166543198865838 0.00165366182336584 0.00134244642686099 0.0021413886686787 0.00239098345628008 0.00245044695911929 0.00242554892320186 0.0146022728644311 0.0235318827442825 0.00244966950267553 0.00179523250553757 0.00167980239493772 0.00162525153136812 0.00234523178078234 0.00190692117903382
0.0391700476408005 0.0135379825718701 0.0120858780108392 0.0109320851042867 0.00845763296820223 0.00880036833696067 0.0319447549059987 0.00581385162658989 0.00531467986293137 0.00813286798074841 0.00441151678096503 0.00534720404539257 0.00517450929619372 0.00523082397412509 0.00465415897779167 0.00432925429195166 0.00495429672300816 0.00434353954624385 0.0041901983320713 0.00521138983312994 0.00355519338045269 0.00174982957541943 0.00169478861498646 0.001629995793337 0.00152844752301462 0.00335732644889504 0.00223878672113642 0.00235334392637014 0.00279168451670557 0.00273052200209349 0.00283718770369887 0.00428761277580634 0.00244466991862282 0.0024873410933651 0.0018554084119387 0.00234754199627787 0.00218212143518031 0.00397688839584589 0.00246810839744285 0.00215053691063076 0.00146997357951477 0.00148591671604663 0.00198310583364218 0.00284426044672728 0.00174968492938206 0.00200152658508159
0.0134846964851022 0.011763325240463 0.0115776059217751 0.00988273490220308 0.00801845560781658 0.00687407534569502 0.0064101972617209 0.0072047873865813 0.00612143115140498 0.00384408996906131 0.00553173734806478 0.00423347768373787 0.00628957320004702 0.00624820939265192 0.00220635266741738 0.00172793185920455 0.00489532931242138 0.00385083847213537 0.0043428068049252 0.00246201645350084 0.00137439212412573 0.00129694983479567 0.000612575726700015 0.000636087212478742 0.00171678215847351 0.00331849094945937 0.00252009192481637 0.00258599254302681 0.00286774374544621 0.00277867872500792 0.00301672727800906 0.00247085895389318 0.00253957826644182 0.00205418915720657 0.00202774474164471 0.00181125344242901 0.00171177746960893 0.00155822248198092 0.00145640492555685 0.00125027644680813 0.000986974348779768 0.00113155656727031 0.00256935179932043 0.00168479773565195 0.00184366611065343 0.00270998722407967
0.0113814795389771 0.0115760453976691 0.0094748982694 0.00892245620489121 0.00783519134856761 0.0124709199182689 0.00665351301431656 0.00638079522177577 0.0101203889586031 0.00623822906054556 0.00415896868798882 0.00487787646707147 0.00540974615141749 0.00512498223688453 0.00433827834203839 0.00674181440845132 0.00362519877962768 0.00380782531574368 0.00370231198612601 0.00154354295809753 0.00137898386456072 0.00119959594449028 0.00114343479217496 0.00192902063135989 0.00397928103338927 0.00306398884858936 0.00318028491456062 0.0025508068036288 0.00232277269242331 0.00247080330736935 0.00249528581043705 0.00140459498506971 0.00141772344941273 0.00121774913277477 0.00154401053441688 0.0015614883042872 0.00151041710050777 0.00168885403545573 0.00118030377198011 0.00104550167452544 0.00360626820474863 0.0021149298409 0.0015291944204364 0.00223486634204164 0.00229386201826856 0.00203033266006969
0.00875015663914382 0.00918655903078616 0.00789338476024568 0.00599296735599637 0.00612163720652461 0.00574704366736114 0.00603399593383074 0.006890635099262 0.00697888247668743 0.0048788960557431 0.00444985192734748 0.00457064220681787 0.00516963170375675 0.004144156887196 0.00409156121313572 0.00364974411204457 0.00371409570798278 0.0039103580173105 0.00512577034533024 0.00158805734245107 0.000583902973448858 0.00140683822683059 0.00327720895875245 0.00403038302902132 0.00296463868580759 0.00270009671803564 0.00347745802719146 0.00256399179343134 0.00250253709964454 0.00480439926031977 0.00317130472976714 0.00263171796686947 0.00240898214979097 0.00141404792084359 0.000969819450983778 0.00122682097717188 0.00121579076512717 0.00167788843391463 0.00137686572852544 0.0014607017103117 0.00150788619648665 0.000776083808159456 0.00134239232575055 0.00116889093769714 0.00119310350855812 0.00240675068926066
0.00624669399112463 0.00614037928171456 0.00530662448145449 0.00494281228166074 0.00521640372462571 0.00499304719269276 0.00507835319731384 0.00594058050774038 0.00533018140122294 0.00434021684341133 0.00390218985266984 0.00405302429571748 0.00712492086291198 0.00365705783478916 0.00315138278529048 0.0035919772926718 0.00364586622454226 0.00365103830117732 0.0134882466611089 0.00268269901375788 0.00138294420903549 0.00325494084972888 0.00336400638334453 0.00350522452499717 0.00373981546144932 0.00268794988514855 0.00302030572202057 0.00173748770030215 0.00165436105453409 0.00294130604015663 0.00223683671792969 0.00331912026740611 0.00177625139476731 0.00206740971188992 0.00202474980615079 0.00184066800866276 0.0013428449688945 0.00118071107426658 0.00290921707637608 0.000943754718173295 0.00186341320513748 0.00117154456675053 0.00109439202642534 0.00132734579383396 0.00114956959150732 0.00118921177927405
0.00510533973574638 0.00555206136777997 0.00787526345811784 0.00530784246511757 0.00484693991020322 0.00475725263822824 0.00483793064486235 0.00471577784046531 0.00469157013576478 0.00411618722137064 0.00295295906253159 0.00337952384725213 0.003563721338287 0.00342894387431443 0.0030291442759335 0.00428754088934511 0.00469846392516047 0.00465542199090123 0.00235696358140558 0.00181929529062472 0.00379697366151959 0.00319395028054714 0.00354775732848793 0.00340430045034736 0.00466478397138417 0.00296248246449977 0.00231777118751779 0.00196463675238192 0.0018172319047153 0.00200735016260296 0.00219887110870332 0.00311474672053009 0.00296930453041568 0.00175822832388803 0.00222463472746313 0.00148698706179857 0.0014964243164286 0.0256014316342771 0.0181711125187576 0.00459095677360892 0.00119112078100443 0.000601639220258221 0.00103592053055763 0.00117880213074386 0.000960910387220792 0.0015425427001901
0.00367306454572827 0.00457529791165143 0.00498260227032006 0.00492231640964746 0.00455966524314135 0.00475821206346154 0.00517645862419158 0.00508468875195831 0.00195094767259434 0.0015453424595762 0.00380706253927201 0.0025305024930276 0.00336955522652715 0.003200061339885 0.00305932394694537 0.00405836291611195 0.00604778020642698 0.0023212228785269 0.000384640626725741 0.00223054462112486 0.00314149421174079 0.0031792800873518 0.00321127211209387 0.00311087125446647 0.00285334719810635 0.00254007533658296 0.00213215796975419 0.00222058286890388 0.00209086510585621 0.00185314539121464 0.00168983761686832 0.00181715433718637 0.00182096047792584 0.00150094610871747 0.00129716075607575 0.00126919559552334 0.00142089070868678 0.00334266293793917 0.00486503252177499 0.000657148107711691 0.000829456080100499 0.00101903226459399 0.00133233277010731 0.000611882455996238 0.000927196195698343 0.000767253388767131
0.00371346541214734 0.00479738644789904 0.00540895075537264 0.00419511815998703 0.00499594372231513 0.00438122714404017 0.00308223615946002 0.00326445747141406 0.00197525815456174 0.00182231225189753 0.00841286540962756 0.005972506897524 0.00308617211412638 0.00459041958674788 0.00326579983811826 0.0046044047223404 0.00331709021702409 0.00298210032051429 0.00179520174278878 0.0041587843792513 0.0029030300443992 0.00316152342129499 0.00299335308372974 0.00297549779061228 0.00271203868323937 0.00250797414919361 0.00144345129956491 0.00183041278505698 0.0017922687693499 0.00181435812264681 0.00176033126190305 0.00165365412831306 0.00159225967945531 0.00145096887135878 0.0012311774014961 0.00118165334570222 0.00115101505653001 0.00154424399952404 0.00137908383621834 0.00183027907041833 0.00346190484706312 0.00123379565775394 0.00083652452158276 0.00131063524750061 0.0004466598664294 0.00067312219471205
0.00464375424198806 0.00608622953295708 0.00763176754117012 0.00570788281038404 0.00524455169215798 0.00863534528762102 0.00708315414376557 0.00368661438114941 0.002779162209481 0.00278379896190017 0.00280087455175817 0.00345468062441796 0.00319374841637909 0.00346019847784191 0.00361949247308075 0.00363161796703935 0.091224679723382 0.00408383444882929 0.00267767624463886 0.00898592839948833 0.00298267358448356 0.00301152034662664 0.00291142109781504 0.00269034832017496 0.00257209378760308 0.00208365556318313 0.00209176857024431 0.00189263232750818 0.00180968375643715 0.00170203695306554 0.00165602021152154 0.00157795448321849 0.00151606448926032 0.00146164618199691 0.00139323397306725 0.00121239865547977 0.000980302487732843 0.000871516752522439 0.000738171959528699 0.00119500993750989 0.00095859172870405 0.000545145088108257 0.00111212472838815 0.000597855733940378 0.000351025008421857 0.000279947456147056
0.00608747778460383 0.00818577948957682 0.00970976771786809 0.00564319808036089 0.0101776697672904 0.623884469270706 0.410081973671913 0.0215752176009119 0.00292255161330104 0.00304409663658589 0.00460875716526061 0.00294442647136748 0.00327324427198619 0.00371900778263807 0.00370020228438079 0.00375595474615693 0.0163808275014162 0.0161963729304261 0.00519626995082945 0.00490240922663361 0.00265623988816515 0.00264862366020679 0.00250871450407431 0.00251361955888569 0.00663717961870134 0.00180916382232681 0.00183602150063962 0.00189737236360088 0.00183806784916669 0.00171202903147787 0.00195036107907072 0.00322391091613099 0.00258076614700258 0.00148654052754864 0.00139381815097295 0.00141404019668698 0.00098273407202214 0.000862506474368274 0.000784171113627963 0.000702993632876314 0.00115646956255659 0.000676547133480199 0.000353674848156516 0.000199243989482056 0.000326567993033677 0.000130748326409957
0.00817498951219022 0.0134367496706545 0.00852562640793622 0.00782935335300863 0.0212622362188995 0.0129591396078467 0.00909997439011931 0.00773319215513766 0.00428099241107702 0.00288002286106348 0.00277202338911593 0.0029033605242148 0.00328385615721345 0.00362127108965069 0.00370665204245597 0.00336516587994993 0.00474109477363527 0.0034422725206241 0.00272766323760152 0.00257111785467714 0.00242433914681897 0.00238642694894224 0.00227398128481582 0.00207439725054428 0.00151640143012628 0.00162778523517773 0.00182639088016003 0.00175301808631048 0.00333065073937178 0.00352238207124174 0.00517009061295539 0.00296792269218713 0.00170066711725667 0.00574340969324112 0.00185104174306616 0.00119090309599414 0.00107446956099011 0.000984736380632967 0.000797857373254374 0.000596127272001468 0.000703950817114674 0.000454653859196696 0.000374227559950668 0.000181629704457009 0.000217094410618301 9.80240958597278e-05
0.00837480071932077 0.0095304639544338 0.0132419772446156 0.00833703204989433 0.0130266227602988 0.00892044357024133 0.00424726787023246 0.00413405855651945 0.00366381444036961 0.00323271141387522 0.00303306088317186 0.00313737071119249 0.00330649027600884 0.00350367110222578 0.00368627780117095 0.00358099425211549 0.00336969969794154 0.00305460295639932 0.00274744646158069 0.00246229365002364 0.00227443350013345 0.00219276213319972 0.00260299529181793 0.00180166345089674 0.00146603684406728 0.00166519785998389 0.00180443500867113 0.0024338862975128 0.00205905510811135 0.00181486291112378 0.00432021587621421 0.00183555096155033 0.00158927700249478 0.00157403529155999 0.00145881861681119 0.00138165390817448 0.00125683431397192 0.00103891981998459 0.000826307293027639 0.000692703845561482 0.000998554192483425 0.000573924015043303 0.00025225163117284 0.000184720301331254 0.00010612525693432 8.36765608255519e-05
0.0111311905086041 0.010885719768703 0.0107110036537051 0.012150024343282 0.0204320493154228 0.0103081389795989 0.0169457589276135 0.00450395517982542 0.00400347821414471 0.00365317617543042 0.00341334939002991 0.00267683777838623 0.00345625749323517 0.00351452580653131 0.00370956363622099 0.0039331424748525 0.00369610094930977 0.00317020954098552 0.00291994640138 0.00248191866558045 0.00227650420274585 0.00360732692060992 0.00174918960547075 0.0016249674023129 0.00147434081882238 0.0014803238096647 0.00158143888693303 0.002255415963009 0.00193460420705378 0.00191382238408551 0.00196807497413829 0.00186308907577768 0.0016794650699012 0.00158139927079901 0.00153668818529695 0.00136159886023961 0.00120130158029497 0.001114094624063 0.00101615437306464 0.000775119918398559 0.000645113416248932 0.000531650708580855 0.000448496143508237 0.00037944527430227 0.000252345513581531 0.000208549155649962
0.0110450418666005 0.00988515364006162 0.0104876457247883 0.0251540625467896 0.0148171437904239 0.00557218950707465 0.006019082874991 0.00497138830833137 0.00456533287651837 0.00414094005245715 0.00379457466769963 0.00365395089611411 0.00363186318427324 0.00370248144026846 0.0038502705283463 0.00389971823897213 0.00418143405113369 0.00391527817118913 0.00299977662507445 0.00257687090197578 0.00220512859523296 0.00487935605924577 0.00239882197929546 0.00156778307864442 0.00139165244763717 0.00141194517491385 0.00158845235127956 0.00177618885645643 0.00281650299439207 0.00211618961766362 0.00216272079851478 0.0020525488187559 0.00189279385376722 0.00166266359155998 0.00152778304181993 0.00149507098831236 0.0014034373103641 0.00211508262436837 0.00191894575254992 0.000824887317139655 0.000653165407129563 0.000441097254224587 0.000375735473062377 0.00043127816170454 0.000393339736911003 0.000430599809624255
0.00911776339635253 0.00835176575928926 0.128257322311401 0.993711638450623 0.0248559581115842 0.0107834628317505 0.00516530717723072 0.00484008856583387 0.00476208601612598 0.00431647500954568 0.00396148662548512 0.00403330645058304 0.00384944346733391 0.00391576564870775 0.00408605274278671 0.00366159172262996 0.00372536228969693 0.00753036784008145 0.00290397452190518 0.00266417855164036 0.00221835626289248 0.00210447383578867 0.00228848223341629 0.00167404671665281 0.00190079404274002 0.00161533892387524 0.00177260977216065 0.00446053380146623 0.00340313061606139 0.00207417409401387 0.00211608158424497 0.00206136626657099 0.00193689138395712 0.00177301337243989 0.00161053376505151 0.00155446612043306 0.00148433353751898 0.00138125154771842 0.0013335048337467 0.00106824045069516 0.00078128584427759 0.000588854716625065 0.000869652052642778 0.000763502912013792 0.000559879103093408 0.000888380944445544
0.0078858130145818 0.00907342345453799 0.0616827558726072 0.814146700501442 0.00582276764325798 0.00545259164646268 0.00529331089928746 0.00504922538530081 0.00455793258734047 0.00427672187797725 0.00491416440345347 0.00414702442940325 0.00382893024943769 0.0038185519631952 0.00408399261068553 0.00379141687881202 0.00385886949952692 0.00734497550874949 0.0028824930312112 0.00264739504782483 0.00212246978189796 0.00304617787478492 0.00190208454150707 0.00495566104073077 0.00248493693070486 0.00294861025176942 0.0105596995446831 0.0236704990267754 0.0020409453776665 0.00206156331114471 0.00205241489456967 0.00201288411626592 0.0019402684411034 0.00195545046590269 0.00383119038306177 0.00202799495309591 0.00244988797931001 0.00190495596034452 0.0012805703910999 0.0010901854315307 0.000907724152784795 0.000757615745533258 0.000802566163474694 0.0876429641619325 0.757004521787167 0.495686513930559
0.00812292518094182 0.00721910702995956 0.0280824834480882 0.0124905872158706 0.0052038982976228 0.00481642107479274 0.00455715977586806 0.00434751189313829 0.00420774910598993 0.00395962973125279 0.00622112138662487 0.00420008758082986 0.00371177189517766 0.00391848681028932 0.00430024866946042 0.00347698086407036 0.00425747006665915 0.00762080792337656 0.00312718038912863 0.00165157208102755 0.0207309822551906 0.00287822291720659 0.00262160246493295 0.00326247361954302 0.00208658479386941 0.00201025333954021 0.00188486713450402 0.00198954786173999 0.002088254224509 0.00212382258614525 0.00209718775004149 0.00212864456698298 0.0020761615363881 0.001945561170578 0.00226411502808332 0.0016318975831382 0.00158772438298911 0.00342172079253942 0.00130629400373437 0.00107241514488123 0.00109457841608673 0.000734653125982732 0.000791404285700992 0.0884470080956817 0.94162432551384 0.000492568254412618
