Maxent_result_files_2/B_sylvestris_2.asc
NCOLS 594 
NROWS 330 
XLLCORNER -15 
YLLCORNER 23 
CELLSIZE 0.166666666666667 
NODATA_value -9999 
[rows 80 to 99 of 330, columns 405 to 449 of 594]
0.0659580785781145 0.0544806301593781 0.0560819935053587 0.0503632476553321 0.0343278388492763 0.0197383252903819 0.0599563501775265 0.0465752359479666 0.0423106612637639 0.0399322839453816 0.0323744611814618 0.0441871648654342 0.036307580396533 0.026194457989186 0.037975830771029 0.0356557147577405 0.0361534813418984 0.033557040989399 0.024848832283169 0.0296275133267045 0.028442720323801 0.0320357158780098 0.0213698458857834 0.0238268760964274 0.0311359062325209 0.031726729683578 0.035296268388629 0.0292165422812104 0.00937100891023874 0.0244699453003705 0.0126234135590494 0.00929713794030249 0.0152493354864419 0.0244665037840605 0.0160609860904515 0.00678669572807848 0.0180433159694076 0.0128379396162927 0.0127078228630126 0.0300087874755263 0.020840748026967 0.0167810286395252 0.00677634873427451 0.0118217776995152 0.0233311101794243
0.0759848520159721 0.0458175482228398 0.0509732220321894 0.0538076121360064 0.0391805717721581 0.0190540733747184 0.0345561819151044 0.0427207622677088 0.0500050332397223 0.0398307451978326 0.0512827832251787 0.0374108614400029 0.0355778189375997 0.014727150183171 0.037086084857583 0.0335111195221543 0.0373113935813308 0.0325603805482388 0.0390272380784154 0.0372998582199216 0.0274792477488518 0.00879940637387335 0.0072689545340836 0.0278072986751795 0.0297845984809101 0.0363618424162269 0.0283964050933719 0.0317142954096198 0.0306387614458799 0.024703848361969 0.00627849716693163 0.0139173923060298 0.0210539606399834 0.0218177125789225 0.0247961011715233 0.0263863248750567 0.0272414850071073 0.0313387101516128 0.016720038279891 0.0151458837091923 0.00888174641877413 0.00858842735178769 0.00765980752184987 0.0227370942011476 0.0228739311918616
0.0566009260714054 0.0519466243684292 0.0369135709479451 0.0585188593715429 0.0462676201015711 0.0226781472563744 0.0302655555307865 0.0543434619903564 0.0510885015130043 0.0531575758010149 0.0536108884960413 0.0409504014998674 0.0406725209206343 0.0406513087451458 0.0170483335852623 0.0539634986780584 0.0206880013458431 0.0167964754626155 0.0177222645841539 0.0149382224306464 0.0113983389921486 0.0325294653885067 0.0284779202193022 0.0383459202945232 0.0258472230285406 0.0286015057936311 0.0333818566054106 0.0369605250656605 0.0255324577912688 0.0204761899076402 0.00754053783603013 0.0216770156286657 0.029919814504683 0.0264608240686357 0.0300846541300416 0.0279844513162971 0.0297546045854688 0.0222644955851138 0.016310397721827 0.0191287621855736 0.00865231747739017 0.0107010715641081 0.0280544586479664 0.0242074515670538 0.0305201010778546
0.0604038849473 0.0378584330901504 0.0511101316660643 0.0219661270268261 0.0500078435987234 0.0245870285667479 0.036215015873313 0.0505230393260717 0.0589141223579645 0.0518313735723495 0.0425657317042351 0.0323579953983426 0.0335859009996057 0.0370962271466851 0.0526635281741619 0.0537441287189722 0.0188581199385226 0.00752104292623699 0.00634113915730268 0.00884795361198485 0.0208863072097301 0.0135889284312725 0.0253403268754482 0.0252301494590938 0.0207214902155101 0.0210718353278935 0.0112043546047062 0.00346200151834637 0.00445512775331736 0.00176299165468663 0.00598443483468145 0.0276648007333279 0.029582498781383 0.0284855933859944 0.0209613650105894 0.0176747668534517 0.0280884549953043 0.0250015845522285 0.0227476770989597 0.0190827363170683 0.0194272498600185 0.0209014331921935 0.0232847694307566 0.0108434405643493 0.031647802144289
0.0618813373148441 0.0613168992102146 0.0575799196958542 0.0451526869088411 0.064773665741086 0.056073497235775 0.0389019040390849 0.0140613302588463 0.0454810256138444 0.0547283846884966 0.0584549862891436 0.0398820234462619 0.011945042014122 0.0154069959186018 0.0438882507383823 0.0465957071632147 0.0430688232183456 0.0519817262887955 0.0437747303396463 0.0468952380120754 0.0359172953292727 0.0272394474595785 0.020915446896106 0.0121430063154548 0.026095075532794 0.00589749324135482 0.00496054855175316 0.00474050282500684 0.00305704083293676 0.00203000771580264 0.029903195053339 0.0307271137833595 0.0333589293062687 0.0297481516376138 0.0352322289720178 0.0225199892185628 0.0174013600684702 0.0262191318906844 0.0283867914229631 0.0155702662654221 0.0198500242084265 0.029842902161181 0.0258828887715936 0.0335109297186136 0.0295989837497473
0.0609421417117119 0.0599164243787527 0.0466456709429622 0.0527182783931494 0.0659443449229002 0.0222919512540102 0.0401360491290689 0.0467638736590743 0.0413070695474744 0.0511481657624245 0.0515967387706041 0.0489239022135735 0.0207146574743092 0.0108919630758464 0.0626984417438507 0.0520193297415972 0.0559368073940277 0.0684334548190236 0.069822034984827 0.0489438153803349 0.0360736396163702 0.030196007154882 0.032695809006691 0.0326801935210824 0.0215877944603562 0.00811144728213549 0.00540641769766808 0.00892547541297972 0.0057397426571697 0.0114637115038931 0.0337088983505964 0.0315642595291138 0.0400389226153493 0.0301230181008577 0.0286625701934099 0.0156710987910628 0.0199333910830319 0.0195120439864695 0.0180381423793733 0.00781648736447096 0.0136573906987905 0.0313283436000347 0.0394766297191381 0.0328430848196149 0.0266059500165284
0.0634077724069357 0.0562281806021929 0.016612924169749 0.0523531801998615 0.0300357321277261 0.012577236443758 0.0409909099340439 0.0835270870476961 0.0856717798858881 0.0305361437611282 0.0332333840429783 0.0137683137319982 0.041137744858861 0.0117157115601003 0.0412779904901981 0.0238598307594657 0.0389700492843986 0.03346624430269 0.0462410593405366 0.0343938913196325 0.033744946308434 0.0347907589748502 0.0427225362509489 0.00822802381590009 0.00651035932824016 0.00590265057981014 0.00328988782130182 0.00314861454535276 0.00786754670552909 0.0295367244631052 0.0376504415646195 0.0283559631556273 0.0458854209631681 0.0186286524869502 0.0227437369525433 0.0176552680321038 0.0142975537572056 0.0262800483033061 0.0228310558013618 0.0116771700792015 0.0215298690833151 0.0221284028142691 0.0242213365621865 0.0150359023362398 0.00944189094007015
0.0650104597210884 0.0251057680696249 0.034869296848774 0.0454373888671398 0.0447098314762115 0.0480181004852056 0.0574049826711416 0.0442820660769939 0.0204055135138333 0.0448855869472027 0.0498918242752552 0.0470504185184836 0.0223218567669392 0.00653435769490898 0.0049059649463743 0.012010048981756 0.00695427791215479 0.0112609228119254 0.0166904161684215 0.0402984337881207 0.0340475659817457 0.0105420257896185 0.0127195423468947 0.0104306204244494 0.00958976033143699 0.00534222291316837 0.00668391375802457 0.00433941853698343 0.0285430669784546 0.0215883220545948 0.0159875412471592 0.0325121143832803 0.0378441324457526 0.0264958248473704 0.0277621883898973 0.0333403246477246 0.014502984425053 0.0231750921346247 0.0179445208050311 0.0151965582743287 0.0220896327868104 0.0438787795603275 0.0169673006050289 0.0148331749252975 0.00731785108800978
0.0542709857225418 0.0340184200555086 0.035580051317811 0.0295990573242307 0.0141686148010194 0.0165331340394914 0.0515939030796289 0.0294989001005888 0.0552861671894789 0.0119057342410088 0.0142650942318141 0.0277552649378777 0.00816863081417978 0.0128522283397615 0.0084164101164788 0.00503890730906278 0.00392238418571651 0.00209130655275658 0.00308316252194345 0.00657375934533775 0.0264312922954559 0.018919265922159 0.0116801540832967 0.00840068785473704 0.0109310815110803 0.0271216101944447 0.0159987113904208 0.0198213031515479 0.0154914328828454 0.0125114740803838 0.0232255587354302 0.0316925967112184 0.0370259625837207 0.0229062489233911 0.0261007742024958 0.0264450347051024 0.0100741638336331 0.0218684296123683 0.0225816046819091 0.00558598192874342 0.022163507156074 0.0510864302515984 0.0237689236178994 0.010419598640874 0.00866645108908415
0.044203857332468 0.0550018019974232 0.0279878394678235 0.0164548547007143 0.0156933827325702 0.0432156270369887 0.06810656003654 0.0564139746129513 0.0554613027721643 0.0152199141681194 0.0237864064052701 0.056296094506979 0.0246357303112745 0.0129018859006464 0.0304056631401181 0.0403039157390594 0.00752319800667465 0.0226069511845708 0.0363706711679697 0.0252217791974545 0.0309834087267518 0.00686990050598979 0.00706227892078459 0.00866827750578523 0.00991929797455668 0.00645174477249384 0.0270259138196707 0.0196211072616279 0.00538795720785856 0.0162116883788258 0.028322980646044 0.0300750090740621 0.0330121345818043 0.0243574584834278 0.0214129447005689 0.0161948977503926 0.0059864760376513 0.0284925768151879 0.0147731525357813 0.0216444083489478 0.0204511801712215 0.0300056356936693 0.0143972861580551 0.00511005604639649 0.00733914999291301
0.00439087846316397 0.0121059055440128 0.0781088449060917 0.0847201406955719 0.0705187890678644 0.0585395593196154 0.0618633724749088 0.0629165999591351 0.0496027734130621 0.0330804225057364 0.017395830526948 0.0493516568094492 0.0306779807433486 0.0440963752567768 0.044889597222209 0.0413141932338476 0.0428920589387417 0.0439570683985949 0.037746056355536 0.0494094535708427 0.0392208648845553 0.0330262050032616 0.0119237401057035 0.0253223527222872 0.00458668984938413 0.00748756094835699 0.0113588351290673 0.0032446468481794 0.00312417179811746 0.00958116156980395 0.0181739593856037 0.0208404920063913 0.0194557074457407 0.0278901260346174 0.0268170215189457 0.0268959711305797 0.0168895351700485 0.015666257403791 0.0213798862881958 0.0234944878146052 0.0242231893353164 0.0281430169939995 0.021691195294261 0.00372237251140177 0.00749457478523254
0.00826173727400601 0.0192745206877589 0.0662316035479307 0.0633130822330713 0.0825154341757297 0.0729202639311552 0.0717806492000818 0.0645958960056305 0.0522591326385736 0.0298698624596 0.0494513496756554 0.048023546487093 0.0360858781263232 0.0190923723392189 0.0554177515208721 0.045371375232935 0.0510184835642576 0.0480164974927902 0.0349438063800335 0.0329724233597517 0.0260724455118179 0.0226239744573832 0.00564309223555028 0.00563552058301866 0.00580792236141861 0.00694889491423964 0.00451625450514257 0.0027855429216288 0.00452478062361479 0.0048319626133889 0.0129740620031953 0.0177184643223882 0.0171325058676302 0.0179127775132656 0.0164409717544913 0.0208275936543941 0.0203033972531557 0.0127031423617154 0.0166091555263847 0.0155999264679849 0.0242711508646607 0.0142709478735924 0.0239819600246847 0.0170555244199932 0.00772709529846907
0.0459261370822787 0.0318256637081504 0.0475671513006091 0.0345159297809005 0.0440307015553117 0.072570551559329 0.067909587174654 0.0700255069881678 0.0639135174453258 0.0487415384501219 0.0560962660238147 0.047221315652132 0.0715196304023266 0.0561224915087223 0.0534455433487892 0.0562443491071463 0.0577242810279131 0.0535788211971521 0.0418411439284682 0.0295659467577934 0.0219486964866519 0.0246368422172964 0.00600511021912098 0.00317424216773361 0.00308027460705489 0.0088865511585027 0.00930478335358203 0.00836215582676232 0.00617099832743406 0.00617232553195208 0.00891115483827889 0.0192241923417896 0.0144373057875782 0.0136433814652264 0.0104794254992157 0.0187190315686166 0.0206944717094302 0.0331120237708092 0.0165156355127692 0.02164506027475 0.0258671853691339 0.0155444904230535 0.0251942655071616 0.0357141006737947 0.00668992332648486
0.0107388424687088 0.0118346985429525 0.0225011300295591 0.022783315833658 0.01839948752895 0.0540751921012998 0.0687281303107738 0.0525365266948938 0.046161718480289 0.0360377276316285 0.0363042265176773 0.0475537605583668 0.039225528202951 0.0397696571424603 0.0500598046928644 0.056634134426713 0.0446880400180817 0.0434094462543726 0.0403911598026752 0.0236918749287724 0.0283300254493952 0.0169991262257099 0.0199660263955593 0.0211008106358349 0.0299029998481274 0.023538482375443 0.0174586968496442 0.00600481845904142 0.00680816895328462 0.00554297692142427 0.00827825553715229 0.0165672473143786 0.0167287317104638 0.0155632081441581 0.0158566047437489 0.0155359253752977 0.00996185948606581 0.0107731994707137 0.0188574536703527 0.0135302845854312 0.0210452266037464 0.0287398894317448 0.020838091429323 0.0236238988116384 0.00992281818762422
0.0389554567635059 0.0444907194003463 0.0359167726710439 0.0381768418475985 0.0576100789010525 0.0536119621247053 0.0397153254598379 0.0332129545509815 0.0496587820351124 0.0467016004025936 0.0450203007087111 0.0464210327714682 0.0398249654099345 0.0396626856178045 0.0460552841424942 0.0412531971931458 0.0417682090774179 0.0444587606936693 0.0488731911405921 0.0382135720923543 0.0188562021590769 0.0186455488204956 0.0208876434713602 0.0241873528808355 0.0152805009391159 0.0211707848124206 0.0111215328332037 0.00622435393743217 0.0170033011119813 0.0142459601629525 0.0219926767982543 0.0249072493985295 0.0210953866131604 0.0144721218384802 0.0213111682794988 0.0118472627364099 0.0160868381150067 0.0187955292873085 0.0403509536758065 0.0247455331496894 0.031617621332407 0.0346040306612849 0.0393749427050352 0.00887492648325861 0.00738207236863673
0.0287044993601739 0.0122368458192796 0.0233254954218864 0.0438122471794486 0.0254686397500336 0.0338429465889931 0.0229158487170935 0.0493274668231607 0.0478191062808037 0.0256145423278213 0.0130990394391119 0.0458662152290344 0.0331091890111566 0.0252180435694754 0.0401132876053453 0.0298312654718757 0.014355434756726 0.0162778706755489 0.0249948980286717 0.0269428264349699 0.0244812333025038 0.0148207521997392 0.0137246648781002 0.0255989886820316 0.0303546050563455 0.0146591467317194 0.0250985563732684 0.0196887255646288 0.0114066530019045 0.0216450828127563 0.0180869984440505 0.0145742796827108 0.0156122629996389 0.0171974173747003 0.0210066097788513 0.0174317602999508 0.0154885638970882 0.0177393463905901 0.014566746307537 0.0319696307182312 0.0299224767833948 0.0408753966912627 0.0215594850480556 0.00912269891705364 0.00713333997409791
0.0281256495974958 0.0378967182710767 0.0246093176305294 0.0319313416257501 0.00888473195955157 0.0379616437479854 0.0260616081766784 0.0313051844015717 0.0355062918737531 0.0253118807449937 0.011373712355271 0.0216818421147764 0.0306946869939566 0.0258061517030001 0.0320750560611486 0.0367764195427299 0.0428092652931809 0.00978963021188974 0.0136185235343874 0.0133859063033015 0.0215130439959466 0.0135533224325627 0.0275372341275215 0.0307816011831164 0.0136174321174622 0.0214684740640223 0.0145808110944927 0.0136102618649602 0.0210134716704488 0.0222404084168375 0.0180707637220621 0.016046731127426 0.0135500545613468 0.0146631850861013 0.0148953038733453 0.0167284828610718 0.0132683204486966 0.0159141795244068 0.0197001345455647 0.0332423318177462 0.0298258883878589 0.0194968454539776 0.0429879115894437 0.0166441220790148 0.00900351007003337
0.0280060404911637 0.020417657867074 0.0196333900094032 0.0140576142817736 0.0178479821421206 0.0262345481663942 0.0207447831518948 0.0144676059950143 0.0157795513048768 0.00399893834255636 0.026394709572196 0.0338258247822523 0.0334066530689597 0.0267143340781331 0.0135492463596165 0.0272419811226428 0.0356203939765692 0.0283931560814381 0.0342299548909068 0.0300213067792356 0.0309037413448095 0.0274002219550312 0.00851564682088792 0.026046596467495 0.0236225676722825 0.0151575255673379 0.0109672926366329 0.0224363476037979 0.0175105897709727 0.0243594188243151 0.0209789177402854 0.0197812927421182 0.0166573822498322 0.0157513577956706 0.0181038482114673 0.0147172152996063 0.0144189445767552 0.021909420657903 0.02910700077191 0.0199826351366937 0.0178206263110042 0.0237903259694576 0.0299008155241609 0.0105721582192928 0.0050187700195238
0.0164875443093479 0.0114164361264557 0.0245496035553515 0.0358136370778084 0.0266444720327854 0.0290587583556771 0.0275267733260989 0.023275741469115 0.00346504533663392 0.00214086379855871 0.0064830010291189 0.00705501853954047 0.0130536393728107 0.00815666066482663 0.00598226496949792 0.0241825678385794 0.0341876786202192 0.0258012278005481 0.0199140221811831 0.0277020188979805 0.0212362117134035 0.0166239387821406 0.00658525051549077 0.00745126120746136 0.00456090152729303 0.0240260402671993 0.0228299168869853 0.0236103548668325 0.0184456096030772 0.0147638340014964 0.0262873267754912 0.021575357299298 0.0188067773357034 0.0195898488629609 0.0156123395077884 0.0209684278815985 0.0158115479629487 0.0298077297396958 0.0122831247746944 0.0063264669617638 0.0062256918521598 0.0108003808651119 0.0185555286705494 0.0131412693299353 0.00526007162407041
0.033636506088078 0.0272336008027196 0.0370699169114232 0.0385746007785201 0.0370349958539009 0.0258664063178003 0.0219160666689277 0.0180964324623346 0.0232337254099548 0.00345780996140093 0.00307144600665197 0.00548164527863264 0.00679657643195242 0.0210371290333569 0.02143419617787 0.0229635830037296 0.0298749167472124 0.0301033128984272 0.022963485121727 0.01056704884395 0.011766047636047 0.0311086009256542 0.0188626592978835 0.00562558430247009 0.00208935640985146 0.0131745906546712 0.0152664978988469 0.00711260545067489 0.00901604662649333 0.015355696156621 0.0134734351187944 0.0162922030780464 0.0232330088503659 0.0202424807474017 0.0180927539709955 0.0243838547728956 0.0203039042651653 0.0222050125710666 0.0190620990470052 0.0311442077159882 0.0155482405796647 0.0213926408439875 0.0276153675280511 0.0198701921850443 0.0022444587550126
