Maxent_result_files_2/B_sylvestris_2.asc
NCOLS 594 
NROWS 330 
XLLCORNER -15 
YLLCORNER 23 
CELLSIZE 0.166666666666667 
NODATA_value -9999 
[rows 300 to 319 of 330, columns 540 to 584 of 594]
2.59036014860214e-10 3.11683601150747e-10 1.52752033244496e-10 1.74438441469249e-10 2.98678681787123e-10 2.04313377327736e-10 1.85803550323271e-10 2.07636907667563e-10 2.31513030968244e-10 2.67000432874198e-10 2.62960042629601e-10 2.6561505217515e-10 1.81413495337068e-10 2.09386319394156e-10 5.07294672935643e-10 2.30187957583894e-10 3.01142311087688e-10 1.46448657645237e-09 3.63725040086749e-09 3.97331789692146e-10 4.00830058033819e-10 5.55116386191656e-10 1.48203662675428e-09 1.42301079808504e-09 8.71539040936398e-10 3.82460015879715e-09 9.62450408259485e-10 1.21727514734715e-09 3.71438726443074e-09 1.34030206155877e-08 2.1269719985284e-09 7.62573518775511e-09 2.44818614270059e-09 2.78239612461206e-09 8.77449676250919e-09 1.07268635085589e-08 9.20856654262892e-09 6.65023167645273e-09 1.40509146984158e-08 1.15375207498936e-08 1.85089501947289e-08 2.69149214027209e-08 3.4134705284572e-08 5.05837597697401e-08 3.93656382380314e-08
2.13487794109568e-10 1.43873657432181e-10 4.1788349447458e-10 1.23379056971018e-09 9.60199331156986e-10 3.92229693169099e-10 2.16549178588821e-10 2.22690055284858e-10 3.1538066602721e-10 1.74283407705644e-09 3.61521723668545e-10 2.31743446654775e-10 1.56392876426992e-10 1.5237530126555e-10 3.42518502449707e-10 8.12209632883309e-10 2.40202591150762e-10 2.91742174862719e-10 3.1599430849738e-10 3.68089192459564e-10 8.35069557947321e-10 1.0201762101758e-09 6.0419956815494e-10 2.3528678338991e-09 1.70772214147519e-09 2.37183417350906e-09 7.25464199824444e-10 3.50869689969002e-09 1.33194333340469e-09 1.83139395870668e-09 2.07590846734718e-09 2.18283362496408e-09 2.47972069544744e-09 2.62753685476014e-09 2.84627897917389e-09 6.95719831744768e-09 1.13377561561379e-08 2.87448683744529e-09 4.06351914339353e-09 3.44069996938146e-09 1.6443426464896e-08 1.30108805618256e-08 1.24206703699947e-08 2.18795122020055e-08 4.25249234159431e-08
3.99296296027529e-10 4.42743963713355e-10 2.88999890685204e-10 1.83582582469199e-10 3.15686976559704e-10 2.99855729135601e-10 2.30960373048816e-10 2.91079382819248e-10 5.46559175695904e-10 2.6038573075482e-09 2.52615151019597e-10 1.83312776069755e-10 1.34512256888542e-10 2.6598432345537e-10 1.21170584677088e-10 4.35414637678377e-10 1.00570012318002e-09 2.72905853471173e-10 9.7755225025864e-10 3.55086304804075e-10 3.67311214777288e-10 1.01543139452431e-09 8.8789596786043e-10 4.7639558964363e-10 5.10899944572429e-10 1.37236194630574e-09 2.84601815447871e-09 3.03524130274013e-09 9.99611948770962e-10 3.27720833803724e-09 1.9420506314205e-09 7.52258302316733e-09 1.00041555817221e-08 6.48980392758958e-09 1.44400954860124e-08 5.67767838299815e-09 2.87340704563377e-09 2.91196203816568e-09 4.24540240739901e-09 1.38869097887628e-08 2.83722656480023e-09 3.49558040291242e-09 3.57608063161763e-09 3.47169480940934e-09 1.77022706604468e-08
1.25560728481133e-10 2.56527465936074e-10 1.20176679718753e-10 1.68366032227141e-10 2.65823885126082e-10 2.48852605189143e-10 3.10119452340274e-10 3.89485610430285e-10 1.84815821535622e-09 5.61167279311547e-10 2.05564953947857e-10 1.46508460918682e-10 1.09956355132113e-10 1.95248806011961e-10 1.12722875478255e-10 3.73205732984161e-10 1.28976201940745e-09 3.46087525304739e-10 1.80756567491613e-09 9.53666146052967e-10 3.99141286688831e-10 3.91023569079607e-10 4.09199751860712e-10 4.38351732690023e-10 4.64649418940866e-10 4.51387038857831e-10 5.1418078683696e-10 4.1616098567232e-09 8.01405253270104e-10 1.06227554530491e-09 4.89156379845923e-09 1.89800166694454e-09 1.63722700952107e-09 2.30430394765335e-09 2.49896378035075e-09 9.64518586110685e-09 2.41935224076784e-09 2.50110752109123e-09 7.62452200264718e-09 2.74777789410763e-09 2.75623125434166e-09 2.72871144568754e-09 7.89210982121702e-09 1.15142674061985e-08 3.99751253210567e-09
1.02353081565809e-10 7.6803186033203e-11 4.18518952827185e-10 1.33993505180285e-10 1.12243896399633e-09 2.48599274499384e-10 3.01043867612094e-10 3.66658570172262e-10 1.47469743083661e-09 2.61868304818336e-10 1.63223190519091e-10 1.22798060608886e-10 4.57357396399516e-10 9.25629461967503e-11 3.91875754068849e-10 4.47484371779439e-10 2.58359222904403e-10 3.81744442723431e-09 5.82555100825388e-09 1.10414631881994e-09 1.50189818359792e-09 4.07628097942592e-10 4.20940216017129e-10 3.96512145339756e-10 1.26512509357468e-09 1.80576795738574e-09 3.93266641474099e-10 5.09651298941094e-10 2.01644875241769e-09 7.6741912824474e-10 3.94208065079837e-09 1.41382688889635e-09 1.50595749204285e-09 1.50648422625466e-09 6.38587447365779e-09 1.97520435563092e-09 6.65195383220407e-09 1.14710449139466e-08 1.72280224530752e-09 8.44727768845033e-09 2.18238694893458e-09 8.47740821985354e-09 1.29617666377868e-08 6.7889318944303e-09 1.44846620586669e-08
5.08267872234569e-11 6.06404926273285e-11 8.63528137884373e-11 1.53912516065446e-10 5.04567554404645e-10 2.30473584661439e-10 2.32379215869827e-10 2.03775152307628e-10 7.19070258892174e-10 5.01903885119503e-10 1.25101917713977e-10 1.09629039179993e-10 1.01709551891815e-10 9.40002520266603e-11 9.99372806731458e-11 1.29739741172585e-10 9.14421338649163e-10 1.20158598626574e-09 1.59204632810273e-09 4.20580748006216e-10 1.3090514450198e-09 8.61925786299622e-10 9.71452396303363e-10 1.55735254692146e-09 3.43575956573972e-10 3.0697190345208e-10 9.20747467159089e-10 1.11615554576616e-09 1.49029123486244e-09 1.97207477015127e-09 2.70617213082858e-09 9.60431933982875e-10 1.12664749751801e-09 2.89809196640789e-09 1.58029422880901e-09 1.81490400485984e-09 2.1985173570549e-09 2.75160114693307e-09 3.51941337184414e-09 4.63562271901807e-09 4.56008802940389e-09 5.16447205001214e-09 2.23972693724761e-09 5.80220295143263e-09 2.86995658349554e-09
1.58811297445993e-11 6.03572081203652e-11 8.23408563555006e-11 1.56369883708152e-10 1.11584092521433e-08 1.14407052720367e-09 2.00575445141737e-10 5.14771114623613e-10 1.34784228222884e-10 1.33065947149902e-10 1.26351440421502e-10 9.85913906070834e-11 1.05391162463775e-10 4.7860475582695e-10 6.59569843186603e-10 1.07778597158159e-10 1.48404832867044e-10 2.23020824030584e-10 2.79069900521733e-10 2.90058532748105e-10 3.10619030496895e-10 3.13214665315087e-10 3.10578518458726e-10 1.38123049664429e-09 3.05649294762844e-10 2.91960067233532e-10 3.13695913689571e-10 3.8941463387232e-10 1.64374118760691e-09 6.03584238145771e-10 1.402169991227e-09 1.78463889222158e-09 9.54719625578804e-10 1.29077529775756e-09 1.62806188530595e-09 3.8203521013358e-08 4.56112588809177e-09 6.01123141263926e-09 2.17310687222749e-09 2.3360940848427e-09 1.98306391308023e-09 3.97813008090608e-09 5.24191405837371e-09 5.9180046307894e-09 2.52191982852423e-09
4.48130754726606e-11 1.33194322238239e-10 7.05734581885054e-11 1.06133624111493e-10 4.33364388818802e-10 1.60424451500774e-10 1.69482938794374e-10 1.4314910368185e-10 2.02921979219894e-10 1.52329127089956e-10 9.65753810255876e-11 8.89578855023387e-11 1.97696270465286e-10 3.94390164970559e-10 3.12954784309483e-10 1.00956565329824e-10 1.23719201550188e-10 3.56527662948025e-10 7.62730179015847e-10 9.61015678146992e-10 2.28100327515079e-10 2.34449404334924e-10 2.60427546194819e-10 2.73344258339137e-10 1.020771434046e-09 1.12570822663471e-09 1.24307351079267e-09 1.14290774622106e-09 4.44187675530117e-10 5.04800712342046e-10 1.64841461591791e-09 2.68153416138617e-09 3.69686464773977e-09 9.75750402698594e-10 1.05604031075401e-09 1.08950328203683e-08 1.43465179736069e-09 1.60557303008346e-09 1.57373570841557e-09 1.27956506501548e-09 4.6093063033048e-09 3.87068906926302e-09 3.75961508591871e-09 5.20751068933123e-09 5.03473149837674e-09
1.23671484164589e-10 1.1166136903995e-10 3.81095166535061e-10 2.70874767061002e-10 1.12243470073992e-10 5.90226456598231e-10 1.19140786125627e-10 1.30827426669811e-10 1.66148939051425e-10 9.45005296237866e-11 9.04650576671884e-11 9.74599512204577e-11 3.86515575101498e-10 8.98075613875449e-11 2.59804200375413e-10 3.72502340084679e-10 3.14394443812205e-10 2.91346169412066e-10 5.88376503074528e-10 1.84023352112206e-10 1.95735483377035e-10 1.94700910949308e-10 5.39487154949114e-10 2.50973397619703e-10 2.83615575469298e-10 3.20302340206524e-10 8.59416438014904e-10 1.11171238881269e-09 1.84403763370256e-09 4.33044500258717e-10 4.87950480021482e-10 2.3214459132781e-09 1.53530492763565e-09 6.859444123819e-10 7.35121419292994e-10 7.91717091885857e-10 1.08784860008981e-09 1.23064555213048e-09 1.12472089419668e-09 1.02200353735427e-09 9.35826383052785e-10 9.66740065777572e-10 1.10741839032258e-09 1.38355353840325e-09 6.34739846239185e-09
5.14518649907814e-11 1.55517454469845e-10 1.71939584792113e-10 8.22606871508924e-11 9.53216505727994e-11 5.37684585744103e-10 1.08733155812502e-10 1.02387143208205e-10 9.27044441212388e-11 8.81292261389888e-11 3.34184613315358e-10 4.70782479666809e-10 3.41335426590206e-10 5.46674239210176e-10 1.88335780304527e-10 2.33445673902821e-10 1.11331854846242e-10 4.00636290809331e-10 5.0501638426681e-10 7.74684283388893e-10 4.14354039968146e-10 1.72811420728891e-10 1.7641139660185e-10 2.22037221941918e-10 2.67460154024235e-10 3.05585923232599e-10 1.19481412541589e-09 7.50532413995586e-10 3.73198305592126e-10 3.76821407410688e-10 4.00484412299562e-10 8.13117315701106e-09 6.43996809213121e-09 2.25378929963327e-09 1.35864499650751e-09 2.80080487691237e-09 7.98542276747583e-10 8.81154504916992e-10 8.47533065950756e-10 3.8573689908894e-09 7.95865562341902e-10 7.76863962048679e-10 8.5107014768937e-10 9.58477808232772e-10 1.20074165055328e-09
1.12759579451449e-11 1.65265801044256e-10 2.14653628205497e-10 7.25462356854223e-11 1.02408515001429e-10 8.82327433338048e-11 8.50522319240099e-11 8.58275894799476e-11 8.04649458174822e-11 4.00122024402094e-10 2.34413832789215e-10 3.08142844573922e-10 3.43634398713988e-10 2.13114403901926e-10 3.6743258435834e-10 3.56086249375664e-10 3.7255242224532e-10 1.4209277088284e-10 1.28384765041289e-09 3.05950764722951e-09 1.95859495288886e-10 3.54725426809921e-10 1.89909199477256e-10 1.06829324275637e-09 2.58641053019204e-10 1.34033260046351e-09 3.09894621075557e-10 1.05708873876509e-09 1.14144025342711e-09 1.4164549200224e-09 1.45187338818076e-09 3.46256479044627e-10 3.78023101710312e-10 7.17401205108104e-10 4.52229853564745e-10 1.80247858860838e-09 6.0486822217598e-10 3.03630105502606e-09 6.91852442002983e-10 6.96650959142175e-10 6.69319866197782e-10 6.62429755493577e-10 1.89383797533083e-09 7.70614272393999e-10 8.98948648853093e-10
1.28279808997434e-10 1.93030746942213e-10 1.89730320343529e-10 1.79147807699565e-10 2.08334094420337e-10 2.14743378634807e-10 7.16306902681652e-11 8.32694357910668e-11 4.21905443914738e-10 1.58613289169551e-10 2.09937689454875e-10 2.3330495313445e-10 1.93614113630503e-10 4.62228655351282e-10 1.32563848787015e-10 3.96955790460396e-10 1.4465302733413e-09 6.37739672182391e-10 2.5945917636605e-10 1.36466349331954e-10 3.89774756914818e-10 4.15814849219487e-10 1.00705833672166e-09 2.32636443442402e-10 7.73218200578185e-10 9.64342294906828e-10 6.64458399413093e-10 2.70595312823474e-10 7.63073371157219e-10 2.69824562693088e-10 1.22139723890413e-09 1.28627003492809e-09 3.05696468139161e-10 1.59009715394731e-09 7.94177135166052e-10 1.92956389755139e-09 1.44519514133634e-09 6.20980500354307e-10 6.00058702726614e-10 5.59617907569532e-10 2.50400585821708e-09 5.72298264334137e-10 5.93893223488351e-10 6.48750386744723e-10 7.4986397091692e-10
2.1476286304889e-10 2.25969454259456e-10 3.58363339003631e-10 7.41572359075349e-11 2.28992158568531e-10 3.51201157045011e-10 2.55743337618242e-10 7.74695974037343e-11 2.76338529836551e-10 1.45085754521546e-10 2.12467887727996e-10 2.44416997752239e-10 1.42394077640162e-09 2.86309909114379e-10 1.02407899937873e-09 3.54339813046778e-10 1.75768199994764e-10 6.64480148682145e-10 1.3614005589524e-09 4.96637597713345e-10 6.42069308831594e-10 2.06570915928239e-10 1.97422977965545e-10 1.04526148847484e-09 1.12217798386993e-09 2.27865526447601e-10 5.08168884749694e-10 2.32772678909754e-10 9.57809420665257e-10 2.25157581468238e-10 5.44041778294258e-10 2.136154697574e-10 6.34543773081475e-10 2.72985156701822e-10 8.97088636708787e-10 3.71819608435686e-10 3.82672260546002e-10 1.5048097101733e-09 5.9179130484921e-10 5.52205692283536e-10 5.43457567836469e-10 1.23404970686636e-09 1.87477676716341e-09 5.63446922452471e-10 6.21720774862666e-10
3.31707228351519e-10 2.78609202375435e-10 6.28612262243422e-10 3.45603856644061e-10 3.89737719874716e-10 3.26734728162137e-10 2.47916676077153e-10 2.78324441271849e-10 6.186146039866e-11 6.71689370790318e-11 8.15980949475659e-11 1.63734212854649e-09 1.21135392827654e-09 1.15379158449613e-09 2.4326376468764e-10 3.03340152996157e-10 7.20020187916504e-10 9.82956716022443e-11 1.32745852088334e-09 2.14147677368715e-10 4.74845718301253e-10 1.88667792500041e-10 1.76934211726376e-10 2.28699503779239e-10 1.90374960240547e-10 1.50685286470775e-10 1.67711267096138e-10 1.76978642851822e-10 1.78726988764311e-10 1.99805094691641e-10 4.11083200813067e-10 1.65888081049559e-10 1.58544133377347e-10 6.92438306693077e-10 2.35334296494472e-10 2.54850385239536e-10 2.87782930818992e-10 3.36523042765435e-10 1.62474785847522e-09 5.63537594366892e-10 5.76092462623023e-10 5.63091706595742e-10 4.99672292431086e-10 4.82635498233463e-10 5.29748478417247e-10
4.76081907230252e-10 3.84341414250144e-10 3.30011817872844e-10 5.86386827983176e-10 1.90573745673106e-10 7.58765161812391e-11 3.20432169687024e-10 5.85055337509743e-11 6.12688344503454e-11 6.75959843654539e-11 9.20936660264715e-11 1.71874687815432e-09 1.24774421905727e-09 9.37338950901534e-10 6.63504529097025e-10 4.61930749207085e-10 8.63333327050242e-10 1.40438916051977e-10 4.97442409486126e-10 1.92208460259025e-10 2.08770323251173e-10 1.94252192109445e-10 1.74445757838981e-10 1.60461854914473e-10 1.26585719684158e-10 4.17107492989288e-10 1.48958101409136e-10 3.56937412959724e-10 1.59789159681623e-10 1.49192014298194e-10 1.44566258963863e-10 6.09021300057577e-10 4.03954003580509e-10 1.53164525507066e-10 7.56543050428604e-10 1.66978986193556e-10 2.22001461658294e-10 3.07478498218217e-10 1.01177163314148e-09 2.38170880795252e-09 1.64908949829012e-09 1.63318489843078e-09 4.47256698343779e-10 4.06468581015673e-10 4.23582546815737e-10
8.09142031155119e-10 1.04158999203463e-09 4.7267068037371e-10 3.29718707892113e-10 8.70142957687392e-11 7.02077507241938e-11 6.79431844119449e-11 6.73242572801769e-11 7.00718816304402e-11 2.21236740038933e-10 3.4489777700486e-11 1.01176583777729e-09 9.48464407013461e-10 2.65238686569802e-10 5.05401775985348e-10 1.71701560747195e-09 6.06292160920674e-10 2.7276731984216e-10 1.00251933421447e-09 2.23769658358464e-10 2.15517093060669e-10 1.10635782757385e-09 1.66711955351673e-10 1.44664280554707e-10 1.13170373072791e-10 1.0769343194994e-10 1.18920306935166e-10 1.0426965957322e-10 6.26272289583341e-10 1.62392088665086e-10 1.50030932122291e-10 3.10401715442055e-10 3.79728237742682e-10 1.73586889307131e-10 1.87612503310675e-10 1.6423757909223e-10 1.91673832361516e-10 2.73229749936377e-10 3.76668851664874e-10 5.00676544668011e-10 5.75438635630476e-09 6.97867822418985e-09 1.08029029055601e-09 3.5414151611235e-10 3.62169683132407e-10
2.24415719340954e-10 7.76401798407989e-10 7.31465077397075e-10 2.5766927480575e-10 2.93287427677313e-10 6.54820375700638e-10 8.28538126995682e-11 2.24824137085022e-10 7.64934116048721e-11 3.64538965680339e-10 1.07642084135051e-10 1.24057875083849e-10 1.97409866231624e-10 1.62603197573219e-10 3.38181249670555e-10 5.35185495920132e-10 4.04851407953544e-10 2.77947886928587e-10 2.90010693237974e-10 1.01173193156612e-09 4.11064871030931e-10 5.71397340554114e-10 1.95961258331323e-10 1.95374738609644e-10 3.59780427672263e-10 1.46700140923883e-10 2.9514027888311e-10 7.29048366121532e-10 6.81160383653179e-10 4.26437596345863e-10 1.65885449820991e-10 1.47779444237273e-10 1.98113092597652e-10 7.55073481517599e-10 1.88468196604674e-10 3.86371867833191e-10 8.93090290610132e-10 2.152353850704e-10 8.24378132424641e-10 1.1905985752847e-09 4.86600981730589e-10 4.54242365943713e-10 9.21273124454558e-10 3.56462193096263e-10 2.08363581943871e-10
1.12875070401586e-09 8.46939696153015e-10 1.29942764326429e-09 5.17857634552144e-10 9.10739150761231e-11 3.12512105082874e-10 3.46565698361445e-10 2.57666032954518e-10 3.86692267095867e-10 1.97013927394352e-10 3.15543480233771e-10 5.9272460273263e-10 2.93821922348059e-10 1.62456925689725e-10 2.2843893443536e-10 1.03570215737037e-09 1.45278004071159e-09 1.43420406661932e-09 6.00163085895389e-10 5.74461678226612e-10 5.40741751375862e-10 1.19003840115539e-09 1.3175983193392e-09 2.71141342711445e-10 7.9324423696292e-10 1.95089711052532e-10 2.15905815448281e-10 2.49455112122376e-10 1.2160397466765e-09 2.16571072186866e-10 1.95720573081815e-10 1.80964465634759e-10 2.00922900539524e-10 3.08767389434195e-10 1.41957368082757e-10 1.08814157684378e-10 2.80929912666039e-10 9.85799553099298e-11 6.79380451895639e-10 3.30957394822917e-10 3.90396026617168e-10 3.70869657206896e-10 3.61013119398734e-10 3.29798810483339e-10 3.422206296122e-10
1.27592585386083e-09 9.55540879754579e-10 6.48864939556404e-10 1.23847099242624e-10 2.42409614603645e-10 2.07329076129525e-10 1.94755167548522e-10 3.77858766498207e-10 2.73535605277431e-10 4.26378732321098e-10 3.83896314737342e-10 3.87759058195769e-10 4.09160227921035e-10 2.12243289610115e-10 1.54676937924592e-10 4.25879620458147e-10 4.86243767472416e-10 5.09976461060546e-10 2.25094631822742e-10 8.7055991304652e-10 8.63958504737639e-10 1.18246759051033e-09 3.38877914618507e-10 6.8693670751685e-10 3.1123691401902e-10 5.35472111096169e-10 3.42331285541064e-10 8.66376514974121e-10 3.00561531219046e-10 2.54687748668658e-10 4.5367100076632e-10 2.75447309405763e-10 1.71850422781006e-10 2.39737052432076e-10 3.83447851248775e-10 2.58589250012875e-10 2.53494059077042e-10 7.34472382912799e-10 5.79171233194842e-10 1.23960505193921e-09 2.24141356586216e-09 7.01644253808809e-10 8.85527906557826e-10 4.10096800962378e-10 1.61962254718873e-09
9.85544990061982e-10 8.66524618725606e-10 3.62147845045513e-10 8.87862006138107e-11 2.91970436716582e-10 4.39620084780046e-10 8.81195005852931e-11 3.52218998411757e-10 3.2326468168975e-10 3.17110659953101e-10 4.664403974175e-10 5.51136269955066e-10 4.62959759417458e-10 4.23112922476321e-10 8.37919367224771e-10 4.57853166491162e-10 5.0329593825893e-10 3.68349806212365e-10 2.01102712260592e-10 7.46952677488366e-10 1.13935660905895e-09 3.30133187453896e-10 9.33105936962164e-10 2.20756922741927e-09 5.1620510088668e-10 4.12771661295608e-10 4.5301635775985e-10 5.28187882320452e-10 7.95945775955431e-10 3.6325803587367e-09 3.112833768526e-10 9.59134038858167e-10 5.66088809161869e-10 7.11125813790403e-10 1.05146087392427e-09 6.44093700596926e-10 6.0215588071344e-10 1.59729270921005e-09 1.680012684524e-09 7.53138895692729e-10 8.54017945250973e-10 9.63584212421154e-10 4.08798696005519e-09 2.10793528188091e-09 7.91489185303362e-10
