Maxent_result_files_2/B_sylvestris_2.asc
NCOLS 594 
NROWS 330 
XLLCORNER -15 
YLLCORNER 23 
CELLSIZE 0.166666666666667 
NODATA_value -9999 
[rows 60 to 79 of 330, columns 315 to 359 of 594]
0.0963971890509129 0.0984418444335461 0.111672343313694 0.101650438457727 0.108361130952835 0.0930799320340157 0.0861849181354046 0.110479840636253 0.0995577991008759 0.117070235311985 0.121679187566042 0.134261525422335 0.156686429679394 0.179514144361019 0.184365329146385 0.164400291442871 -9999 -9999 -9999 -9999 -9999 -9999 -9999 -9999 -9999 -9999 -9999 -9999 -9999 -9999 -9999 -9999 -9999 -9999 -9999 -9999 -9999 -9999 -9999 -9999 0.0325090158730745 0.0714496929198503 0.0405694462358952 0.0401711951941252 0.0385228401049972
0.0673574957996607 0.0878760643303394 0.0620193745940924 0.0666216213256121 0.0747795261442661 0.0723669093102217 0.0596732921898365 0.055559816583991 0.053642974421382 0.0756774161010981 0.0772012237459421 0.0856447540223599 0.093560978770256 0.158451414108276 0.132257088273764 0.133529017865658 0.115560640394688 0.17497123926878 0.0746041253209114 -9999 -9999 -9999 -9999 -9999 -9999 -9999 -9999 -9999 -9999 -9999 -9999 -9999 -9999 -9999 -9999 -9999 -9999 -9999 -9999 -9999 0.0346208786591887 0.0311812793835998 0.0496159255504608 0.0330791801214218 0.0290915820747614
0.0702764365822077 0.0635404217988253 0.0717702072113752 0.0564767025411129 0.0826430134475231 0.0789620820432901 0.0527820087969303 0.074642376601696 0.0556034412235022 0.0656100977212191 0.0677848398685455 0.0664584517478943 0.0704191327095032 0.0766254547983408 0.0833323135972023 0.117157329618931 0.143163003027439 0.153409642726183 0.121478451788425 0.16412698328495 0.0844164788722992 -9999 -9999 -9999 -9999 -9999 -9999 -9999 -9999 -9999 -9999 -9999 -9999 -9999 -9999 -9999 -9999 -9999 -9999 0.0415890431031585 0.0435862923040986 0.0399092700332403 0.016244307346642 0.0173064926639199 0.0154643254354596
0.0462211007252336 0.0424294292926788 0.0508388152346015 0.0374434432014823 0.0334410030394793 0.0284415826201439 0.0291813952848315 0.0308262147009373 0.0420530350878835 0.0666573878377676 0.0447351401671767 0.0447805628180504 0.0475242897868156 0.0558899328112602 0.052868240699172 0.0653507854789495 0.0698733288794756 0.0898299895226955 0.0781681470572948 0.109579073637724 0.0999550297856331 -9999 -9999 -9999 -9999 -9999 -9999 -9999 -9999 -9999 -9999 -9999 -9999 -9999 -9999 -9999 -9999 -9999 0.0694225694984198 0.0561545023694634 0.0384852707386017 0.0383993051946163 0.00464622690924443 0.032045865803957 0.0333685662597418
0.0517706543207169 0.0540562130510807 0.0468484507873654 0.04799684882164 0.040696114115417 0.0280099578201771 0.0403242971748114 0.0284705068916082 0.0270564373582602 0.0287386387586594 0.0416207127273083 0.0558146554976702 0.0311884481459856 0.0394554609432817 0.0432160688564181 0.0429489182308316 0.050255648419261 0.0540179312229156 0.0605156172066927 0.0522009264677763 0.102302940934896 0.0971190795302391 -9999 -9999 -9999 -9999 -9999 -9999 -9999 -9999 -9999 -9999 -9999 -9999 -9999 -9999 -9999 -9999 0.0360395602881908 0.0579295124858618 0.0655346278101206 0.0380011150613427 0.0359540686011314 0.0411312941461802 0.0147001292556524
0.0666686907410622 0.0618181690573692 0.047690618596971 0.051065999083221 0.039480346813798 0.0457182053476572 0.0674027558416128 0.0535917535424233 0.0206881263293326 0.0562627511098981 0.0449326826259494 0.0604933083057404 0.0412295199930668 0.0327586257830262 0.045125519298017 0.0481472922489047 0.0367338949814439 0.0385763449594378 0.0410128148272634 0.048699139431119 0.0501068053767085 0.0696781594306231 0.050182294473052 -9999 -9999 -9999 -9999 -9999 -9999 -9999 -9999 -9999 -9999 -9999 -9999 -9999 -9999 -9999 -9999 -9999 0.0430207848548889 0.0199432203546166 0.0175378315150738 0.0157442460767925 0.0139949482865632
0.0831536620855331 0.0488790184259415 0.0487772954627872 0.0450244929641485 0.048024738393724 0.0389954498037696 0.0405315846204758 0.0344350514933467 0.0329325255006552 0.0354422496631741 0.0255037952214479 0.0228481503203511 0.0293196566402912 0.0286868240684271 0.0336687272414565 0.0360912883654237 0.0302385099232197 0.0321466805413365 0.0336388278752565 0.0396988632157445 0.0322951849550009 0.0429602783173323 0.0548767201602459 -9999 -9999 -9999 -9999 -9999 -9999 -9999 -9999 -9999 -9999 -9999 -9999 -9999 -9999 -9999 -9999 -9999 -9999 -9999 0.0307195013388991 0.0246761507354677 0.0128676922526211
0.0445862129330635 0.0646414596587419 0.0523745708167553 0.0559976760298014 0.064634295552969 0.0606733947992325 0.0414290633052588 0.0360385308042169 0.0364156370982528 0.0232127329334617 0.0343641383573413 0.0410104578360915 0.0358242213726044 0.0543884074315429 0.0401020556688309 0.0479761084541678 0.0456279883161187 0.0428178951144218 0.0375109817832708 0.052134383097291 0.0523881979286671 -9999 -9999 -9999 -9999 -9999 -9999 -9999 -9999 -9999 -9999 -9999 -9999 -9999 -9999 -9999 -9999 -9999 -9999 -9999 -9999 -9999 0.0150500435382128 0.0209607429802418 0.00744371509645134
0.0180331096984446 0.0589698027819395 0.0555178098380566 0.0301784401759505 0.0498474499210715 0.05851209461689 0.0614540785551071 0.0950024072080851 0.0674810893833637 0.0397678604349494 0.0509172610938549 0.0431742805987596 0.0384392701089382 0.0532583352178335 0.0358589790761471 0.0514489524066448 0.0209949968382716 0.064528277143836 0.0302383551374078 0.145879385620356 -9999 -9999 -9999 -9999 -9999 -9999 -9999 -9999 -9999 -9999 -9999 -9999 -9999 -9999 -9999 -9999 -9999 -9999 -9999 -9999 -9999 0.0310740802437067 0.0197092420421541 0.0127734459005296 0.0146556002553552
0.0393261719495058 0.072501303628087 0.0358953895047307 0.0133343107998371 0.00922003528103232 0.0180501654744148 0.0539453405886888 0.0245860272087157 0.0877038165926933 0.0569636605679989 0.0316693333908915 0.0454073127359152 0.0218728025443852 0.0520244520157576 0.0599195756018162 0.0665612667798996 0.0721754342317581 0.0997228696942329 -9999 -9999 -9999 -9999 -9999 -9999 -9999 -9999 -9999 0.0502307409420609 0.00356826696079224 0.00163678590761265 0.0256287639960647 -9999 -9999 -9999 -9999 -9999 -9999 -9999 -9999 -9999 0.0229364598169923 0.00676894939970225 0.00822809124365449 0.0126647031866014 0.0347574165090919
0.0737060725688934 0.071729876101017 0.078450034558773 0.0532242858782411 0.02640435770154 0.0551845565438271 0.0517346037551761 0.0300309574231505 0.104836317896843 0.0325853550806642 0.0768216527998447 0.0157992454245687 0.0308052841573954 0.0775083508342505 0.0499404735863209 -9999 -9999 -9999 -9999 -9999 -9999 -9999 -9999 -9999 -9999 -9999 0.01535361148417 0.0217628445476294 0.0165106569416821 0.0134695759508759 0.0151620118413121 0.0131893436890095 0.0131615462247282 0.014872344955802 0.0188829806633294 0.030035980604589 0.0123194064421114 -9999 -9999 -9999 0.0192676623351872 0.0133067421149462 0.0234177369624376 0.017557287029922 0.0208527033217251
-9999 -9999 0.064584382250905 0.0936736214905977 0.247184851765633 0.246386285126209 0.114455705881119 0.180649028718472 -9999 -9999 -9999 -9999 -9999 -9999 -9999 -9999 -9999 -9999 -9999 -9999 -9999 -9999 -9999 0.107018357515335 0.0182811620645225 0.0438894927501678 0.0503013532608747 0.0575868137180805 0.0368825547397137 0.00823832638561726 0.00891922167502344 0.0115766084752977 0.00909949135966599 0.0112451322842389 0.0180061020888388 0.0351681048050523 0.0200306887738407 0.00879998779855668 0.0189169369637966 -9999 0.0251901283860207 0.0142311684787273 0.0247923359274864 0.019552157074213 0.016470871027559
-9999 -9999 -9999 -9999 -9999 -9999 -9999 -9999 -9999 -9999 -9999 -9999 -9999 -9999 -9999 -9999 -9999 -9999 -9999 0.0270867293700576 0.0321193901821971 0.16378555893898 0.0956629738211632 0.0927575379610062 0.0297925850376487 0.0176850150339305 0.0339790875092149 0.0733303628861904 0.0830525126308203 0.0547592826187611 0.0463685670867562 0.029368413053453 0.01192138181068 0.0100658695213497 0.0206535015255213 0.0339130219072104 0.0220211638137698 0.0108487222809345 0.0189241295680404 0.0117697637528181 0.00198708642856218 0.0222286142408848 0.0491324733942747 0.0309091379866004 0.0271428037434816
-9999 -9999 -9999 -9999 -9999 -9999 -9999 -9999 -9999 -9999 -9999 -9999 -9999 -9999 -9999 -9999 -9999 0.176715006679296 0.101986462622881 0.104646642506123 0.085825876519084 0.0702146667987108 0.0843047402799129 0.0456347558647394 0.0167121993377805 0.0177325036376715 0.0235993741080165 0.0799964025616646 0.0716885562986136 0.0301460845395923 0.115400347113609 0.169055841863155 0.160939674079418 0.0378545017912984 0.0332953484728932 0.0312832934781909 0.0217318057082593 0.00611037558410317 0.0176145855337381 0.0110537187196314 0.0195915470831096 0.0198343514464796 0.0193985664285719 0.0358445353806019 0.0125079225283116
-9999 -9999 -9999 -9999 -9999 -9999 -9999 -9999 -9999 -9999 -9999 -9999 -9999 -9999 0.36934015750885 0.0478698011487722 0.0184313694946468 0.171286751329899 0.0752978432923555 0.0459428986534476 0.138637284189463 0.0716576427221298 0.0500815313309431 0.0581375267356634 0.0398890696465969 0.0862558469176292 0.0727039899677038 0.0539148665964603 0.125853975862265 0.154660248011351 0.212311166524887 0.18688163459301 0.198488441109657 0.209286470711231 0.069317938759923 0.0101618217304349 0.0374529831111431 0.0227939497679472 0.0127539199776948 0.00866028787568212 0.0203226155601442 0.00810014954768121 0.0492245338857174 0.00692686359398067 0.0134759235195816
-9999 -9999 -9999 -9999 -9999 -9999 -9999 -9999 -9999 -9999 -9999 -9999 -9999 0.385148653388023 0.323174938559532 0.231782445311546 0.0570510115474463 0.154633074998856 0.197443972527981 0.0450457647442818 0.158811355382204 0.168885001540184 0.136848535388708 0.22991568595171 0.162603936344385 0.132614021748304 0.0243795087561011 0.0376417653635144 0.0369500609114766 0.193029822409153 0.188384419679642 0.0836376320570707 0.168571691215038 0.23145889043808 0.121124672889709 0.0205952223390341 0.0392508439719677 0.0293797079473734 0.0481860470026731 0.0275455785915256 0.00964383627288043 0.00565901007503271 0.0156018876470625 0.0151887839660048 0.0117538888473064
-9999 -9999 -9999 -9999 -9999 -9999 -9999 -9999 -9999 -9999 -9999 -9999 -9999 -9999 0.348965339362621 0.20128992497921 0.0889523237943649 0.0386570688337088 0.0434217039495707 0.0345167860388756 0.0830670300871134 0.167634101212025 0.206416422128677 0.212739905714989 0.171597254276276 0.0440749391913414 0.0398953884840012 0.073835127428174 0.129602161049843 0.0812266625463963 0.0414744731038809 0.11914179623127 0.259708191454411 0.167035579681396 0.0160162407904863 0.0177197602577507 0.0307274501770735 0.0107995186001062 0.0262843042612076 0.0245792234316468 0.0286188919097185 0.0246171981096268 0.018063588347286 0.0224069237709045 0.0168091550469399
-9999 -9999 -9999 -9999 -9999 -9999 -9999 -9999 -9999 -9999 -9999 -9999 -9999 -9999 -9999 -9999 0.0244245713576674 0.0557223945856094 0.0855979204177856 0.173505190014839 0.196938645839691 0.183540336787701 0.223590841889381 0.171861292421818 0.145914366096258 0.0537770181894302 0.0399127930402756 0.0420867715030909 0.103191991150379 0.0749514222145081 0.148618390411139 0.208959984779358 0.153730220347643 0.0415540346875787 0.0260956786572933 0.0251263130456209 0.0711389698088169 0.0171730906702578 0.0068706464022398 0.0380387835204601 0.0341625977307558 0.0186732766218483 0.0261757070198655 0.0376782931387424 0.0489087522029877
0.223689188063145 0.38883144557476 -9999 -9999 -9999 -9999 -9999 -9999 -9999 -9999 -9999 -9999 -9999 -9999 -9999 -9999 -9999 0.0658447854220867 0.147957088798285 0.0679270025342703 0.0491687182337046 0.161215591430664 0.112591076642275 0.0474107505753636 0.0401818098500371 0.157987248897553 0.0466875240206718 0.178592522442341 0.0683260466903448 0.0673048663884401 0.138895996659994 0.16076553016901 0.138093864172697 0.109650690853596 0.060100644826889 0.11767824664712 0.0858921207487583 0.0342412238940597 0.030605298653245 0.0157479206100106 0.044474820420146 0.024426781386137 0.0292931461706758 0.0339932560920715 0.0165563718415797
0.143957798928022 0.322708566486835 0.283677606284618 0.220258465409279 0.0522229991853237 0.104839776083827 0.220014156401157 0.319661709666252 -9999 -9999 -9999 -9999 -9999 -9999 -9999 -9999 -9999 0.0562266319990158 0.0580197121948004 0.0913410365581512 0.0567754156887531 0.0279390890151262 0.15203822478652 0.0892777636647224 0.132865264266729 0.0374290181323886 0.0293671360239387 0.0435730865225196 0.0389643874019384 0.0335062809288502 0.0493860647082329 0.0933332338929176 0.191314853727818 0.195694549381733 0.129164346307516 0.0824024125933647 0.0900609001517296 0.0331554424017668 0.036727306433022 0.0131354208104312 0.0144809651188552 0.0111442831810564 0.0126674521714449 0.0159868894144893 0.0198002796620131
