Maxent_result_files_2/B_sylvestris_3.asc
NCOLS 594 
NROWS 330 
XLLCORNER -15 
YLLCORNER 23 
CELLSIZE 0.166666666666667 
NODATA_value -9999 
[rows 280 to 299 of 330, columns 45 to 89 of 594]
0.00316846285118757 0.000147162701446557 0.000220140965791415 0.000489432062227024 0.000458039898148854 8.64899723703849e-05 0.000885119843019311 4.30601439360245e-05 0.000483282054320888 0.00118174944694776 0.0003765776855289 0.0220439895572781 0.13892865187081 4.78413808169265e-07 5.53523410617984e-07 1.27610071953832e-08 3.20895375827135e-09 2.53054539545161e-09 1.19561009981339e-09 9.95923343793947e-10 7.37012439966378e-10 6.28725105311645e-10 1.46867626948932e-09 2.53751402112812e-09 5.04321815419928e-09 2.72484139696161e-09 5.55345724961853e-10 5.12132924956887e-10 5.86316084572047e-10 4.92654883554877e-10 4.51127157852227e-10 5.54524925977518e-10 5.10698128231013e-10 4.61533178341966e-10 7.00678481901917e-10 8.28068569269647e-10 1.00074821762774e-09 1.07852444752865e-09 1.12303714105977e-09 9.81833570001811e-10 1.05750863621523e-09 1.13813470870028e-09 1.00429454752415e-09 8.67849669905496e-10 9.56161860798943e-10
0.000360441976786097 4.96131743261685e-06 1.11823573547554e-06 6.87946510119275e-05 1.10682818077468e-07 2.54902228675746e-06 0.000269873375825114 0.000804819154778613 0.024789255445515 0.000590836347691959 0.00821776960069656 0.0859449101975372 1.59430635813251e-06 1.07146887362575e-08 5.16097776737112e-09 1.57501907072088e-09 1.16644160996771e-09 1.35987946459082e-09 7.94261434400312e-10 7.59786034087995e-10 4.29378033128813e-10 3.81670550719804e-10 4.9331415619136e-10 9.76249237005789e-10 9.89221493608028e-10 7.52434181627848e-10 4.56338722365501e-10 4.99772678796972e-10 2.75540146255082e-10 1.64526459123238e-10 1.77742953688664e-10 2.9501987519609e-10 3.83571563400409e-10 5.29563060069904e-10 7.10370917644809e-10 6.63833510383682e-10 8.24002155397352e-10 9.01676322495604e-10 8.35325375536655e-10 6.87511370056626e-10 7.40164651791275e-10 7.60293239476795e-10 7.31275218157634e-10 7.05650271548563e-10 6.80621536908177e-10
0.00256830194630311 5.53905340209937e-05 7.36449812762885e-05 1.54466998381064e-06 9.19698300672067e-07 2.10233309059227e-06 0.000526076315109947 0.00265508781182007 3.6975714110099e-05 2.95209866318924e-07 2.4051569775807e-07 1.05232436897751e-07 9.90014289437013e-09 2.7208434727477e-09 3.00571921796333e-09 8.98329377552187e-10 6.41242459131774e-10 6.24200569010469e-10 5.95407445569407e-10 5.11480313658552e-10 3.56379215027403e-10 3.63884744558618e-10 4.26640278661239e-10 5.49056389242963e-10 5.22742571451573e-10 4.94830576514005e-10 4.09205125340151e-10 2.98821944966221e-10 1.66390501377123e-10 1.63314073375886e-10 1.40087441646841e-10 2.12390716125554e-10 3.08784664504458e-10 4.88789630992414e-10 5.58206447731635e-10 6.31678009899161e-10 7.37550231999506e-10 7.02922597906053e-10 6.01150351720037e-10 5.4646116520729e-10 6.06417127624326e-10 5.76103309501974e-10 5.66834856829956e-10 5.42574984940813e-10 5.01782282391616e-10
0.000899804911320057 0.000125183714324284 8.76390184895826e-05 2.66843153440277e-05 4.48727638655555e-06 1.79743065817917e-06 9.27426836438983e-08 1.98633176107244e-07 1.38812698335933e-08 9.26911398746455e-09 1.40837011164408e-08 1.99049854376909e-09 1.09618959465152e-09 1.21903751537644e-09 8.11941425205021e-10 5.34605060220628e-10 4.54122717208349e-10 3.22487503368052e-10 3.25367166542634e-10 3.88628240699518e-10 6.08145678260286e-10 5.62730673170364e-10 7.26153992491874e-10 4.69677652326084e-10 4.34438274243831e-10 3.86452903011758e-10 3.22517512696407e-10 2.47623632709804e-10 1.75574399463585e-10 1.11061815299962e-10 1.15116394194814e-10 1.63133784258918e-10 2.33869246191176e-10 2.94472668471712e-10 4.34270708282725e-10 4.99720442803664e-10 4.57331239545056e-10 4.44480496852861e-10 4.47351744536917e-10 4.73887562524311e-10 5.19815657185063e-10 4.51885129315599e-10 4.44152903344985e-10 4.3705448149467e-10 4.4716118585697e-10
0.00024334477321547 4.02772857221123e-05 1.98940857182306e-05 1.45748971676407e-05 9.45811686418052e-06 3.76641653332399e-07 6.79291218608213e-08 1.48839503499865e-07 6.05703153189197e-09 4.61775023774535e-09 1.15415871304592e-09 3.94079817667148e-09 8.1783984029471e-10 7.49585682413567e-10 3.89705789860528e-10 3.8808278812752e-10 6.31961383223967e-10 7.14464976070417e-10 3.73265729436412e-10 6.68198252284924e-10 4.94718410681827e-10 4.92533336338141e-10 3.68091934710435e-10 2.61454791150584e-10 2.46009779214518e-10 2.38982678091304e-10 2.14478312887678e-10 1.84884951792696e-10 1.71844449781133e-10 1.46738998729745e-10 1.27477695066602e-10 1.32983535294784e-10 1.92904470175392e-10 2.35185293462337e-10 3.10478720511043e-10 3.04004033058192e-10 3.22730364654689e-10 3.4164986395524e-10 3.47075468365432e-10 3.59357232859736e-10 3.52568640948903e-10 3.41231520817331e-10 3.82321352354609e-10 3.6382350465658e-10 3.05104519426891e-10
2.26302844822612e-05 2.02830086095673e-06 9.59655604340082e-06 9.14601832745498e-06 1.50543676147308e-07 5.47329313094203e-08 6.82341304014678e-08 1.20117060724567e-06 2.12714231784261e-09 4.3483224798635e-10 3.36763517072569e-10 1.34545803387454e-09 1.08025876022211e-09 7.73158281841546e-10 2.92337365426221e-10 5.0427518827334e-10 8.88680284916177e-10 5.77902214971005e-10 3.70558417284172e-10 2.26161644967249e-10 1.98775218507308e-10 2.39219299924542e-10 2.31066965561411e-10 1.65654889805467e-10 1.81239223628893e-10 1.68029723468521e-10 1.66844027482682e-10 1.53114854128944e-10 1.43333600544082e-10 1.40143596727427e-10 1.18905263413183e-10 1.01682284814331e-10 1.62605218179124e-10 1.87485948988098e-10 2.08216854868937e-10 2.17565743199089e-10 2.26934815383828e-10 2.33360153423234e-10 2.27139274056043e-10 2.22430607266233e-10 2.1244775938456e-10 2.2534699661847e-10 2.2699304658147e-10 1.91159643669891e-10 1.85648962869323e-10
1.66061361365988e-05 0.000119135003081272 5.79129436317771e-07 1.01425890464135e-08 9.53979750750733e-10 3.44263409557399e-08 1.14249369198571e-07 4.46225458805571e-09 4.90518936580031e-10 1.46517487031872e-10 1.63485003312758e-10 1.4806108561416e-10 7.40265904131121e-10 2.70141098379639e-10 2.9784942290334e-10 3.82402409737637e-10 3.36405880929647e-10 3.32269889380399e-10 1.56708723775267e-10 1.27644539382743e-10 1.21408461062344e-10 1.56381740890055e-10 1.62253921409672e-10 1.17718723657845e-10 1.16788079207453e-10 1.21050058865535e-10 1.09892561717118e-10 1.05902453473306e-10 1.10502296202242e-10 1.00641894817954e-10 8.07139022285241e-11 6.70019595361282e-11 1.18449372532581e-10 1.40772959955626e-10 1.53842616423816e-10 1.72549829979829e-10 1.78883019508191e-10 1.82213111266094e-10 1.89537330275158e-10 1.93877380816332e-10 1.85941240182785e-10 1.66053093497709e-10 1.50370971230274e-10 1.38471833999176e-10 1.35490685337913e-10
1.00694863158779e-07 7.63019673000187e-09 5.43227063332097e-10 4.12958645057415e-10 4.45833170381604e-10 6.91963975008036e-10 7.75938713282187e-10 5.61332447190921e-10 4.73216388297004e-10 2.09875772316792e-10 1.14961706820793e-10 1.33769006982476e-10 1.36299160846676e-10 1.61318158831136e-10 1.9221997327179e-10 1.75766412535694e-10 2.17023032877961e-10 9.6499430668473e-11 8.14317502317863e-11 7.27272908562782e-11 7.42455763536043e-11 8.31864022110551e-11 8.64888383134144e-11 6.33941010796946e-11 6.48453180041031e-11 1.01898034454706e-10 9.03163877019608e-11 5.39273403710183e-11 6.59758692123091e-11 7.40887906580667e-11 7.35216221237067e-11 6.14984840829891e-11 5.85858361823455e-11 8.9312401918562e-11 1.10666942276794e-10 1.37024469548663e-10 1.52216850235476e-10 1.46849443716235e-10 1.51214651911147e-10 1.41473455173013e-10 1.2371750290896e-10 1.18486442879373e-10 1.12710507593761e-10 1.08827913347653e-10 1.16024767571332e-10
5.37200894878964e-10 2.95968438646099e-10 1.25870858180832e-10 1.14201970102812e-10 9.62423141182001e-11 1.09508369039446e-10 3.32571525873959e-11 3.72045949603717e-11 6.7535077530323e-11 7.08702763141389e-11 5.07598740817627e-11 5.0306603327499e-11 7.01628199983872e-11 9.41420164046747e-11 1.37993771964773e-10 1.19477505666765e-10 7.83433540263445e-11 6.52639164933078e-11 6.07393024765202e-11 4.15420586818982e-11 4.19116963357169e-11 5.23321941336974e-11 5.18208476130155e-11 4.12235023894425e-11 3.266537040858e-11 3.41887851362799e-11 1.59676194488867e-10 8.46272163457229e-11 4.73919570254111e-11 3.38241545883022e-11 4.15384948659892e-11 5.44419509473926e-11 4.32101354697068e-11 4.82306528049037e-11 7.36563587899752e-11 8.75873373828995e-11 1.00286545734463e-10 1.06888375928094e-10 1.0171518072255e-10 9.92604221039528e-11 9.87669279695069e-11 9.84056391928334e-11 1.0204111999812e-10 9.13735642704694e-11 8.12887979151355e-11
2.92637325483014e-10 1.67592140165596e-10 7.4378925241092e-11 5.11122477675485e-11 4.54423165763274e-11 3.70936059645999e-11 3.20913851048488e-11 2.76007994237659e-11 3.27817661904817e-11 3.59716811892952e-11 3.51876972004561e-11 3.98558852587883e-11 4.92894947079492e-11 8.15905676354589e-11 9.20331255649387e-11 7.66457897150019e-11 6.81160905458e-11 6.19889362063475e-11 4.25243062984748e-11 2.5083080057442e-11 3.36107364162785e-11 2.60158561360413e-11 2.35237163082047e-11 2.04680605797591e-11 1.79222081619912e-11 1.73459580032898e-11 2.09214423563253e-11 2.93026602982138e-11 4.32607949463204e-11 4.41251590821423e-11 3.73180597534883e-11 2.07407979679886e-11 2.35149566485404e-11 3.26483617918427e-11 3.37840089237318e-11 5.53681211989954e-11 6.42490727287281e-11 5.38616262701908e-11 5.64775448630428e-11 6.29958640807615e-11 6.33837871077958e-11 6.3233751568248e-11 6.33789243309479e-11 6.19493345510591e-11 6.0685101388458e-11
1.33885458275529e-10 5.94841287337999e-11 5.63083024651689e-11 3.8107528244069e-11 3.6998304420166e-11 3.77930353678835e-11 3.45787953826004e-11 3.20190318703339e-11 3.34260952250531e-11 4.29497881704322e-11 4.72160976983105e-11 3.72604613829708e-11 4.38519331957821e-11 5.27784038695245e-11 6.80485334747516e-11 7.73949015986375e-11 5.75533398716743e-11 3.18579274072306e-11 1.80971571062116e-11 1.69055103249605e-11 1.77092229769471e-11 2.10129691424754e-11 2.0286272661707e-11 1.47151402174472e-11 1.03952069174795e-11 9.24047505179715e-12 1.45268352902406e-11 1.8893597797387e-11 2.03247418895103e-11 2.53566612151701e-11 3.95402821595781e-11 2.05819361553949e-11 2.85132140120936e-11 4.35773417351015e-11 3.68484243118417e-11 2.67810107423827e-11 3.80164677515893e-11 4.33950764211488e-11 4.32659352789244e-11 4.39608904834188e-11 4.6373349604778e-11 4.76185979536581e-11 4.35009250843166e-11 4.23777013480731e-11 4.35131264353572e-11
6.00127281202845e-11 4.73471595263675e-11 5.21284793109089e-11 4.27852864248734e-11 3.73957975696726e-11 4.68663663433233e-11 4.46471637438606e-11 8.15201905979279e-11 9.06906993947132e-11 1.07031494778198e-10 8.52360182435064e-11 6.64055921362206e-11 5.13457276696272e-11 5.13902809196054e-11 5.42049738427863e-11 4.53841964009882e-11 3.85198872798753e-11 2.70594990858797e-11 1.83183579416379e-11 2.0866020022936e-11 2.38353226045263e-11 2.05029659916534e-11 1.49850909458849e-11 9.32970367628627e-12 6.53896936597675e-12 5.72949465649231e-12 7.27241600273487e-12 1.06673336830454e-11 1.76853642841479e-11 2.49907872174049e-11 2.56542342924604e-11 2.31227370584008e-11 3.01584535122856e-11 3.58994167726223e-11 3.23336135643615e-11 2.75733436083669e-11 1.98123517591853e-11 2.75715672515275e-11 3.39131500659562e-11 4.06780942263651e-11 4.2643788500385e-11 3.86295551102478e-11 3.51446760582519e-11 3.29330340775869e-11 3.66314645283694e-11
5.69651215087674e-11 6.45669406829086e-11 1.12521614248351e-10 1.67927083349895e-10 1.1727081528079e-10 1.55751833652573e-10 1.42775191669386e-10 1.13486897657111e-10 1.05327402355471e-10 8.49394998780895e-11 7.27577997849949e-11 5.89152282515215e-11 3.83018949889902e-11 3.57599172495782e-11 3.5782632412662e-11 3.26731641742128e-11 2.46037745732508e-11 2.34907426843733e-11 1.846046648879e-11 2.01024974444408e-11 1.9179480226228e-11 1.65266578200374e-11 8.30023827447235e-12 7.65573160421695e-12 6.16702244826683e-12 5.41292566325069e-12 6.50252074407831e-12 6.78940237364145e-12 1.15772724740282e-11 1.77514336563434e-11 1.96368810101433e-11 2.52704301928475e-11 2.2935553456449e-11 2.09287032149064e-11 1.97384664168965e-11 2.06087369392094e-11 1.40002121007399e-11 4.09789202571176e-11 2.347165795058e-11 3.23992277451168e-11 3.44844708344283e-11 3.32153970994398e-11 3.17663007010083e-11 3.69197339367133e-11 3.68064578815108e-11
5.71003355709365e-11 5.95499982658509e-11 6.00681393514435e-11 9.26256404909509e-11 9.70682756396002e-11 1.44009770775e-10 1.02900710174936e-10 6.90420276505677e-11 6.80787537454819e-11 6.83630041464767e-11 5.87310866606572e-11 4.68720173785186e-11 3.24377857907621e-11 2.98181479507775e-11 2.99275271231636e-11 2.45075515437065e-11 2.20936602346455e-11 2.06468397934145e-11 1.83540405096494e-11 1.47584722220984e-11 1.32502564476056e-11 1.19861010006161e-11 1.13455911332494e-11 6.06805716785175e-12 5.97787375156145e-12 5.11884978848798e-12 6.07173200606326e-12 6.54813980816016e-12 7.20320469937974e-12 1.05793818150346e-11 1.63061120161956e-11 1.87757365210928e-11 1.93945082216374e-11 1.68584368687164e-11 1.56691770669681e-11 1.70648051245337e-11 1.65484848047015e-11 4.21433887787259e-11 2.96347946182607e-11 2.23707052882105e-11 2.51581977472881e-11 2.79844591943856e-11 2.854461111923e-11 3.16245918341451e-11 1.83569048850529e-11
1.78419090612891e-10 1.37463240790225e-10 9.10056474623389e-11 5.94702953549131e-11 8.61610449653938e-11 8.01040123121766e-11 5.38904587621403e-11 4.85652740245257e-11 6.25825946620751e-11 5.93940452375818e-11 4.27478386022528e-11 3.10789838309233e-11 2.53901122349021e-11 2.57349141996599e-11 2.08612127572394e-11 1.69754432732816e-11 1.88877802287379e-11 1.91819005124216e-11 2.04244732238124e-11 1.44301126603352e-11 8.92842466626576e-12 8.73291439162927e-12 6.83211265339878e-12 6.76471101357379e-12 7.10796976832739e-12 6.21956930402234e-12 5.49045253706026e-12 5.30683275101751e-12 5.73062708397742e-12 7.44896366811076e-12 1.4914181001302e-11 1.51518464441835e-11 1.36842537301618e-11 1.57860280403099e-11 1.73688619042878e-11 1.69668723515315e-11 1.78157266716994e-11 2.12537765165166e-11 2.5249580204445e-11 2.46065501308124e-11 2.74637312891457e-11 2.29357421943632e-11 2.95895530300072e-11 1.77139303225715e-11 1.17394649556957e-11
1.93867077946663e-10 1.70474956373567e-10 1.58570023778282e-10 1.41549738597035e-10 1.04750452756264e-10 5.29672306015527e-11 4.14412948401832e-11 4.13407974519941e-11 3.50648510227813e-11 3.40821149080739e-11 2.45954812072569e-11 2.13342454813414e-11 2.37016184456706e-11 2.02111216651701e-11 1.74092629201539e-11 1.75202630181559e-11 1.89877669143357e-11 1.96426208631806e-11 1.86214488273606e-11 1.11259224055971e-11 8.25021162498274e-12 6.04014616101267e-12 4.87435647400503e-12 5.10105291340324e-12 5.35465005668812e-12 5.56131807272209e-12 5.44301270721803e-12 6.62850885291277e-12 6.61009025293424e-12 4.3580472564031e-12 6.07184302836572e-12 8.50375325711639e-12 1.18817178318409e-11 1.41114675500376e-11 1.34401156870467e-11 1.76682446451082e-11 2.24237628465573e-11 2.23213225680752e-11 2.13551620831254e-11 1.78456138755223e-11 2.46556997041125e-11 2.60734434043286e-11 2.63121302523928e-11 1.81407111554677e-11 1.75764514054322e-11
1.62033586548205e-10 1.35459243821856e-10 1.07194497722674e-10 8.06326561075821e-11 6.34784669273358e-11 4.85840589981024e-11 4.2624492824217e-11 3.56074281171459e-11 2.92382895672461e-11 2.44696041207249e-11 2.34341990257292e-11 2.25598761893764e-11 2.15403916925538e-11 2.04786521074141e-11 2.03524197495142e-11 1.99609662132616e-11 1.72475256299265e-11 1.49894319179111e-11 1.14500742220969e-11 8.42947933676896e-12 7.16346981732841e-12 5.06460429150479e-12 4.63621363522293e-12 5.57719426197423e-12 5.65941737917797e-12 5.68085578578348e-12 5.54278845044109e-12 5.26196863859241e-12 4.65595340060077e-12 4.07773814714574e-12 5.80669956562474e-12 6.33407770678218e-12 7.86164466859418e-12 8.50093329063384e-12 1.14922515948024e-11 1.4687129290536e-11 1.98808747242651e-11 2.16963225163624e-11 2.03395300601983e-11 1.6453061135735e-11 1.79597337002235e-11 2.29641305971029e-11 2.54212206840521e-11 2.49351206349502e-11 2.39483211039726e-11
9.177890669676e-11 7.59720841791989e-11 6.45295594736694e-11 5.5772064744275e-11 5.15615994345353e-11 4.42215708496008e-11 3.92587740094541e-11 3.14837711457017e-11 2.53175702624731e-11 2.1635526703534e-11 2.62003418960433e-11 2.47250997453818e-11 2.24485097177762e-11 1.91003324268024e-11 1.81048731562328e-11 1.52592383173555e-11 1.62402868930656e-11 1.30741084625186e-11 1.05677577799668e-11 9.64287538707254e-12 8.96124285887367e-12 6.20267170958755e-12 5.82438541840702e-12 5.2803539318802e-12 4.67823557670499e-12 4.23400203786173e-12 4.05873112896416e-12 4.05140365700163e-12 3.62849750246141e-12 4.7032489014498e-12 4.71317429528995e-12 4.96316321374479e-12 5.79204462169969e-12 7.21980253359789e-12 7.46238626447848e-12 1.26281984869081e-11 1.45081169300454e-11 1.69110170311626e-11 1.83451032143012e-11 1.54955159814563e-11 1.60145008365475e-11 1.84832260607948e-11 1.9831680742044e-11 2.19704476833726e-11 2.85816592615618e-11
5.68517455334927e-11 5.22713206052572e-11 4.64462690530354e-11 4.62735516570945e-11 4.5108627944046e-11 4.00904864861218e-11 3.6272929104797e-11 2.22992180276549e-11 2.10545914036686e-11 2.53476573064404e-11 2.14085194016889e-11 2.21272999922917e-11 2.01697325508121e-11 1.78646430981644e-11 1.90402693611702e-11 1.5834589195407e-11 1.34372735161037e-11 1.10140008224846e-11 1.00307873118766e-11 8.70870042746219e-12 8.00663979561023e-12 6.35126395920338e-12 4.88887819116712e-12 4.55810944544055e-12 4.06994438151287e-12 4.04811739684874e-12 4.51756410058124e-12 3.39454020448215e-12 4.43781678072241e-12 4.50262049866978e-12 4.53939108524537e-12 4.68753924565135e-12 5.02494712506518e-12 8.45914449598695e-12 8.99201824111628e-12 9.59654578025493e-12 9.59822221702211e-12 1.28355992501383e-11 1.31012756199311e-11 1.22246879286081e-11 1.55667145840255e-11 1.87732496215176e-11 2.12992512516053e-11 2.01439753766408e-11 2.9448021798828e-11
4.72007655183404e-11 4.07335831731359e-11 3.92583854313955e-11 4.24059343195893e-11 4.43383663117913e-11 4.20805501555321e-11 3.17046167097601e-11 2.50403142665334e-11 2.38160491328188e-11 2.32022179247338e-11 1.91047844211312e-11 2.14258166764125e-11 1.95884197751184e-11 1.88988158456027e-11 1.66688218783406e-11 1.3548062671731e-11 1.08519526698103e-11 9.89116566429971e-12 9.03189745216082e-12 7.65800756141743e-12 6.6100569462435e-12 5.34693400666697e-12 4.10361744584975e-12 5.34819966091504e-12 5.25178789345659e-12 5.69827518503985e-12 4.71982453120745e-12 4.01870758892642e-12 3.93193255732172e-12 4.02993194370538e-12 3.80722120496557e-12 4.0699998926641e-12 5.52207168880159e-12 7.61514185043666e-12 1.01051167433752e-11 8.49732506580381e-12 7.57143236995716e-12 1.03986041999349e-11 1.19624088412706e-11 1.22906906874221e-11 1.28778543384556e-11 1.64635305388572e-11 2.44669728921565e-11 2.18618123604131e-11 2.32745045458671e-11
