Maxent_result_files_2/B_sylvestris_2.asc
NCOLS 594 
NROWS 330 
XLLCORNER -15 
YLLCORNER 23 
CELLSIZE 0.166666666666667 
NODATA_value -9999 
[rows 180 to 199 of 330, columns 360 to 404 of 594]
0.00121408839477226 0.00193901726743206 0.00156478495337069 0.000761107177822851 0.000674504888593219 0.000767678246484138 0.000154152037612221 0.000109085927033448 0.000200885543745244 0.000957590917823836 0.000580767235078383 0.000526954165252391 0.000501902052201331 0.000490196266036946 0.000472933337732684 0.000458571092167404 0.000393310702929739 0.000363363877113443 0.000359452850534581 0.000340331146435346 0.000310189774609171 0.00031759730700287 0.000336875485663768 0.000312429195037112 0.000299823287059553 0.000280067174026044 0.000271779074682854 0.000238059093680931 0.000223264339001616 0.000225829694682034 0.000208951185777551 0.000182601244887337 0.000182958949153544 0.000158499260942335 0.000156984946806915 0.000133880488647264 0.000110706120176474 0.000106127806247969 0.000111138611464412 0.000113800135295605 0.000101850493774691 8.95059647518792e-05 8.17643753180164e-05 7.35578856620123e-05 7.1064142503019e-05
0.00140356073970906 0.0019463604898192 0.00174259377527051 0.00122462519211695 0.000729942775797099 0.000719592024688609 0.000660575981601141 0.00150070408126339 0.0011749736731872 4.83631366023474e-05 0.000456425658194348 0.00101066948554944 0.000566365098347887 0.000553643025341444 0.000530337360396516 0.000489329638367053 0.000458067467843648 0.000408938933105674 0.000390093047462869 0.000389427806658205 0.000387028671684675 0.000341861375636654 0.00036015856458107 0.000398623841465451 0.000367542172898538 0.000322955858428031 0.00028616394920391 0.000275869553297525 0.000250191587838344 0.000225107352162013 0.000213848100975156 0.000183119254506892 0.000194380322500365 0.000185645806050161 0.00016120751897688 0.000139847018363071 0.000125128014769871 0.000109956514279475 0.000111123676106217 0.000129288521566195 0.000112461317621637 9.00950195500627e-05 8.54778343637008e-05 7.22380147635704e-05 6.87661622578162e-05
0.00111321716685779 0.00101826551835984 0.000925244309473783 0.000794666953152046 0.000769373931689188 0.000775945748318918 0.000751791638322175 0.000706966573488899 0.000684108494897373 0.000138726762088481 0.000212329593523464 0.000864308356540278 0.00133905113616493 0.000589017731545027 0.000554248456319328 0.000541908646118827 0.000523592250829097 0.000473898221389391 0.000442480767378584 0.000449357714387588 0.000444610202976037 0.000393192570481915 0.000359318757546134 0.00039025446458254 0.000360068741429131 0.000388765284151304 0.000355264804966282 0.000299970260675764 0.000267653158516623 0.000248314435884822 0.000217012125358451 0.000190046057105064 0.000189020164543763 0.000171926027906011 0.00015321094506362 0.000147870458386024 0.00015099968877621 0.000140863459091634 0.000147061570896767 0.000130592260757112 0.000118695897617727 9.44453231568332e-05 8.49307056341786e-05 7.79075096943416e-05 7.74438543885481e-05
0.0010710486327298 0.00100576108670793 0.000903497482067905 0.000847316384897567 0.00082231645938009 0.000835098267998546 0.000772734923521057 0.000791203166591004 0.000772031894302927 0.000753815381904133 0.000212957343319431 9.96186916381703e-05 6.50744027552719e-05 0.000895941705675796 0.000814292664290406 0.000591979516320862 0.000550853223830927 0.000526361390075181 0.000496105397178326 0.000481052213581279 0.000464425073005259 0.000455891493766103 0.000409746325749438 0.00041037470655283 0.000393791789247189 0.000396546893171035 0.000361189284012653 0.000320575821388047 0.000286894101736834 0.000252215388900368 0.00023129860201152 0.000219714063132415 0.00020390005374793 0.000172035630384926 0.00017610057402635 0.000180276298488025 0.000177558408176992 0.000163120350771351 0.00014602608862333 0.000114547790508368 0.000115287218432059 0.000109172642260091 9.03285668755416e-05 8.2708134141285e-05 7.30919404304586e-05
0.000948580558178946 0.000921329006087035 0.0012486791878473 0.00086318225658033 0.000842993654077873 0.000833524874178693 0.00081282258615829 0.00116420299746096 0.000835940640536137 0.000837807747302577 0.000814202753826976 0.00101694456243422 4.59884237443475e-05 1.35253121811729e-05 0.00148018692852929 0.000645815968164243 0.000599809666164219 0.000562872082809918 0.00056189252063632 0.000515044572239276 0.000500907772220671 0.000480067725584377 0.000481196852342691 0.000441668393614236 0.000432747838203795 0.000402266245509963 0.000365747016621754 0.000330683625361416 0.000292364070628537 0.00028215254569659 0.000248691943124868 0.000211257914634189 0.000194687131443061 0.000190850164653966 0.000199411861831322 0.000198022540280363 0.000182889006828191 0.000140031725095469 0.000134045284357853 0.000112153156078421 0.000131156976203783 0.000127038913342403 8.76376960150083e-05 8.53661109431414e-05 8.12406549812295e-05
0.00149547551991418 0.00122175259748474 0.00142205485608429 0.00107502558385022 0.0008506443555234 0.000838060249225236 0.00136726147029549 0.000904155356693082 0.000917832888080738 0.000901551445713267 0.000871259413543157 0.000851060342392884 0.00190198707859963 9.3363978612615e-05 2.9916647781647e-05 8.61036340211285e-05 0.000731332259601913 0.000612448295578361 0.000645087219891138 0.000516948867880274 0.000464620956336148 0.00048687997914385 0.000485454880981706 0.000453666195971891 0.000413063309679274 0.000406964360445272 0.000377952218696009 0.000363650008512195 0.00029297909422894 0.000261030175897758 0.000237515279877698 0.000243645086447941 0.000223833214113256 0.000208844630105887 0.000210305189830251 2.61656261272947e-05 3.47489647992916e-05 2.77782831744844e-05 1.72743593566338e-05 2.82680844065908e-05 0.000143721803760855 0.000562349341635127 2.02725154167638e-05 9.65634440944996e-05 1.22035266258536e-05
0.00144484103075229 0.00107576618902385 0.00104005692119244 0.00118031896417961 0.000859565788414329 0.00109849961590953 0.00124410886783153 0.00120344776660204 0.00134036992676556 0.00137133176904172 0.00106678267475218 0.00130500984960236 0.000804964569397271 0.00120531453867443 0.00112892433535308 0.000237196574380505 5.76253190956777e-05 0.00116527341888286 0.000705509036197327 0.0005814654257847 0.000543945834215265 0.000515681490651332 0.000486343661032151 0.000461705114867073 0.000406079617096111 0.000397485782741569 0.000397834362229332 0.00037458237784449 0.000324985969928093 0.000293404930562247 0.00026344201687607 0.000258500759082381 4.78798837775685e-05 4.11039741265995e-05 3.21395517858036e-05 -9999 -9999 -9999 -9999 -9999 2.31595152627051e-05 2.61563144022148e-05 3.36603870437102e-05 2.56860699664685e-05 1.21816377372852e-05
0.0014155761571601 0.00128107418422587 0.000966192569467239 0.00102795090642758 0.00123279297840782 0.000877396020223387 0.000859804431092925 0.0013255639874842 0.00119852123316377 0.00118585702730343 0.00135942983906716 0.00114714195951819 0.000912296114256606 0.00132852449896745 0.00105736075202003 0.00138843549066223 0.00173454188043252 5.7780871156865e-05 0.00165033328812569 0.00117644063720945 0.000595969488495029 0.000577944674296305 0.000519206216267776 0.000482439788174815 0.000413884312729351 0.000429397432890255 0.000383874401450157 0.000618236305308528 0.00043072944827145 0.000360365372034721 5.1538283832997e-05 3.39919177804404e-05 -9999 -9999 -9999 -9999 -9999 -9999 -9999 -9999 -9999 -9999 -9999 -9999 -9999
0.00125704798847437 0.00114502545911819 0.00083962616045028 0.000843864362104796 0.000857568994979374 0.000828307669144124 0.000903346372069791 0.00105756651610136 0.00100431279279292 0.00149522017454728 0.00142980788950808 0.00108982060337439 0.00116756825591438 0.00128576150746085 0.00143016597139649 0.000933429985889234 0.000810041287331842 0.000319118331935897 0.000228720105951652 7.95568158991955e-05 0.00128751774900593 0.0015892333642114 0.00126023452612571 0.00124750635586679 0.00109373553423211 0.00120443495106883 0.00165966054773889 0.00138570335693657 0.00115065608406439 4.14162083870906e-05 -9999 -9999 -9999 -9999 -9999 -9999 -9999 -9999 -9999 -9999 -9999 -9999 -9999 -9999 -9999
0.00142434451263398 0.000966246763709933 0.000865468685515225 0.000805589949595742 0.000813842526986264 0.000887394099845551 0.00086050923273433 0.00097682403284125 0.0010450087254867 0.000929301686119288 0.00104857395053841 0.00109578108531423 0.0012020809808746 0.00102302457089536 0.000930490350583568 0.00092557693424169 0.000872735955636017 0.0011516857521201 0.000281731685936393 0.000251144397770986 0.000336723020882346 0.000798382528591901 0.000404102822358254 0.000628989050164819 0.00245502722682431 0.000974201411008835 0.00209734289092012 0.00141293540946208 0.000643934126128443 -9999 -9999 -9999 -9999 -9999 -9999 -9999 -9999 -9999 -9999 -9999 -9999 -9999 -9999 -9999 -9999
0.00146597434650175 0.000865916651673615 0.000693051845883019 0.000777212411048822 0.000765973964007571 0.000767327882931568 0.00101629802375101 0.00109137229155749 0.00106157808331773 0.00120101128122769 0.00139310090453364 0.00111576316994615 0.000964452867629006 0.00133731019450352 0.00143508770270273 0.0010218933573924 0.000557196310546715 0.000273916493279103 0.00525460834614933 0.00113431757781655 0.000501196215918753 0.000672724115429446 0.00039152370300144 0.000687641397234984 0.0011262116371654 -9999 -9999 -9999 -9999 -9999 -9999 -9999 -9999 -9999 -9999 -9999 -9999 -9999 -9999 -9999 -9999 -9999 -9999 -9999 -9999
0.00110849991906434 0.000992982339812443 0.000685617330600508 0.000859649135963991 0.000712428064434789 0.000709995109355077 0.00113761827233247 0.000913109636167064 0.00122643867507577 0.00100170251098461 0.00096003474900499 0.00110645373351872 0.00106791851576418 0.00201727730454877 0.0011669265339151 5.10866919285036e-05 0.000379929496557452 0.000996856205165386 0.00129322470165789 0.000901830071234144 0.000935533401207067 0.000932111998554319 0.577647619940308 -9999 -9999 -9999 -9999 -9999 -9999 -9999 -9999 -9999 -9999 -9999 -9999 -9999 -9999 -9999 -9999 -9999 -9999 -9999 -9999 -9999 -9999
0.00115630471264012 0.000900321576045826 0.000759183039190248 0.000667432535556145 0.000873216195032001 0.00104175688466057 0.00109610104118474 0.00117022905033082 0.00133002703660168 0.00113540025195107 0.00153561276965775 0.00118530968902633 0.0013504687754903 0.00231104067061096 0.00283111289609224 0.000555842468747869 0.00113480739528313 0.00199531817343086 0.00136297600693069 0.0020515100681223 0.00567771650385112 0.0013221750894445 0.000700093291379744 -9999 -9999 -9999 -9999 -9999 -9999 -9999 -9999 -9999 -9999 -9999 -9999 -9999 -9999 -9999 -9999 -9999 -9999 -9999 -9999 -9999 -9999
0.000858319958206266 0.000923112779855728 0.000966443057404831 0.000756554474355653 0.000910259509691969 0.00113843833096325 0.000949451926862821 0.000870558177120984 0.00151868338580243 0.00129278356325813 0.00126635701162741 0.00129938096506521 0.0014344651310239 0.00200796739663929 0.00185616964008659 0.000848790068994276 0.00177909295307472 0.00474189742235467 0.00147851633664686 0.000893564092984889 0.00121891814706032 -9999 -9999 -9999 -9999 -9999 -9999 -9999 -9999 -9999 -9999 -9999 -9999 -9999 -9999 -9999 -9999 -9999 -9999 -9999 -9999 -9999 -9999 -9999 -9999
0.000862910045543686 0.00109405152034014 0.00126604032120667 0.00119428630569018 0.00105161388055421 0.00115120448754169 0.00150146741070785 0.00135159667697735 0.00122047369368374 0.00125967082567513 0.00128856682567857 0.00126791595248505 0.00134580704616383 0.00128804484265856 0.00169802046148106 0.00282775879604742 -9999 0.00315959445433691 -9999 -9999 -9999 -9999 -9999 -9999 -9999 -9999 -9999 -9999 -9999 -9999 -9999 -9999 -9999 -9999 -9999 -9999 -9999 -9999 -9999 -9999 -9999 -9999 -9999 -9999 -9999
0.00103572643711232 0.000864776142407209 0.00205093189142644 0.000866223685443401 0.00141947522643022 0.00132053334382363 0.00142463668016717 0.00147277385694906 0.0013855820056051 0.00161831410368904 0.00142700477153994 0.00151014408329502 0.00145270547945984 0.00159851911012083 0.00276601029327139 -9999 -9999 -9999 -9999 -9999 -9999 -9999 -9999 -9999 -9999 -9999 -9999 -9999 -9999 -9999 -9999 -9999 -9999 -9999 -9999 -9999 -9999 -9999 -9999 -9999 3.3695997808536e-05 -9999 -9999 -9999 3.5092479947707e-05
0.00149320478667505 0.000914931908482686 0.00119770529563539 0.000847706850618124 0.000922806857852265 0.00104621152277105 0.00137058655964211 0.00114020336186513 0.00115120041882619 0.00155439371010289 0.00140352773014456 0.00162250351859257 0.00152899210224859 0.00196074867853895 0.00176013585296459 -9999 -9999 -9999 -9999 -9999 -9999 -9999 -9999 -9999 -9999 -9999 -9999 -9999 -9999 -9999 -9999 -9999 -9999 -9999 -9999 -9999 -9999 -9999 2.74853371138306e-05 1.75696912947387e-05 9.62793800454165e-06 9.89466291230201e-06 1.22107137372041e-05 1.06858457684211e-05 1.10379175339403e-05
0.00128087954362854 0.00101006314507686 0.00192918793763965 0.0020645210519433 0.00209178697550669 0.00164101667469367 0.00152561423601583 0.00172584376996383 0.00146056359517388 0.00120926460367627 0.00138221703236923 0.00189503603614867 0.00143381257657893 0.00110205051023513 -9999 -9999 -9999 -9999 -9999 -9999 -9999 -9999 -9999 -9999 -9999 -9999 -9999 -9999 -9999 -9999 -9999 -9999 -9999 -9999 -9999 -9999 -9999 3.98078817397618e-05 1.56357867581391e-05 1.31934474325135e-05 1.19186522624659e-05 1.20157191759063e-05 8.59986421346548e-06 8.59692748917951e-06 8.11270679150766e-06
0.0044093296630308 0.00277525804704055 0.00191566905705258 0.00221160560613498 0.00173365715891123 0.00163744381279685 0.00135450756060891 0.00162850663764402 0.0015764138486702 0.00119671410066076 0.00204973702784628 0.00155782935325988 0.00328037986764684 -9999 -9999 -9999 -9999 -9999 -9999 -9999 -9999 -9999 -9999 -9999 -9999 -9999 -9999 -9999 -9999 -9999 -9999 -9999 -9999 -9999 -9999 5.80813063606911e-05 4.56757373285654e-05 2.96050804308834e-05 1.14090541160294e-05 7.33086988020659e-06 7.67952788578441e-06 6.66402831939195e-06 8.23849347852956e-06 7.44185338703573e-06 6.57212330565926e-06
0.00510794501751661 0.00291124135255814 0.0011189536540769 0.00224789051571861 0.00125855079386383 0.00176694972906262 0.00110392127535306 0.00170624134480022 0.0011914883099962 0.00125001244014129 0.00387536343187094 0.00143259910983033 -9999 -9999 -9999 -9999 -9999 -9999 -9999 -9999 -9999 -9999 -9999 -9999 -9999 -9999 -9999 -9999 -9999 -9999 -9999 -9999 -9999 -9999 -9999 -9999 -9999 3.30538289290416e-05 9.58312316470256e-06 7.17947360158178e-06 5.99601173689734e-06 6.47702483433932e-06 6.71254039730229e-06 8.3840477884678e-06 6.10679717283347e-06
