Maxent_result_files_2/B_sylvestris_3.asc
NCOLS 594 
NROWS 330 
XLLCORNER -15 
YLLCORNER 23 
CELLSIZE 0.166666666666667 
NODATA_value -9999 
[rows 200 to 219 of 330, columns 45 to 89 of 594]
-9999 -9999 -9999 -9999 -9999 -9999 -9999 -9999 -9999 -9999 -9999 -9999 -9999 -9999 -9999 -9999 -9999 -9999 -9999 -9999 -9999 -9999 -9999 -9999 -9999 -9999 -9999 -9999 -9999 -9999 -9999 -9999 -9999 -9999 -9999 -9999 -9999 -9999 0.162176564335823 0.120018979161978 0.191098770499229 0.143933361768723 0.126484739035368 0.0294333655387163 0.0105351051315665
-9999 -9999 -9999 -9999 -9999 -9999 -9999 -9999 -9999 -9999 -9999 -9999 -9999 -9999 -9999 -9999 -9999 -9999 -9999 -9999 -9999 -9999 -9999 -9999 -9999 -9999 -9999 -9999 -9999 -9999 -9999 -9999 -9999 -9999 -9999 -9999 -9999 0.113507257401943 0.181409449875355 0.0444535813294351 0.0809595329221338 0.118112798780203 0.144724338501692 0.0756750982254744 0.0969072446227074
-9999 -9999 -9999 -9999 -9999 -9999 -9999 -9999 -9999 -9999 -9999 -9999 -9999 -9999 -9999 -9999 -9999 -9999 -9999 -9999 -9999 -9999 -9999 -9999 -9999 -9999 -9999 -9999 -9999 -9999 -9999 -9999 -9999 -9999 -9999 -9999 -9999 0.238032492995262 0.201290658116341 0.0363088347483426 0.0398826606135117 0.0401328891282901 0.0548975016921759 0.132569321990013 0.262189322710037
-9999 -9999 -9999 -9999 -9999 -9999 -9999 -9999 -9999 -9999 -9999 -9999 -9999 -9999 -9999 -9999 -9999 -9999 -9999 -9999 -9999 -9999 -9999 -9999 -9999 -9999 -9999 -9999 -9999 -9999 -9999 -9999 -9999 -9999 -9999 -9999 -9999 0.19436399191618 0.0886913815513253 0.0266144398599863 0.0411702893674374 0.0436643733642995 0.0561371929943562 0.0942903138697147 0.111527497321367
-9999 -9999 -9999 -9999 -9999 -9999 -9999 -9999 -9999 -9999 -9999 -9999 -9999 -9999 -9999 -9999 -9999 -9999 -9999 -9999 -9999 -9999 -9999 -9999 -9999 -9999 -9999 -9999 -9999 -9999 -9999 -9999 -9999 -9999 -9999 -9999 -9999 0.276964919269085 0.0416336160211358 0.0454188778065145 0.032561544328928 0.0366596926469356 0.0384151106700301 0.0466114323586225 0.0404987437650561
-9999 -9999 -9999 -9999 -9999 -9999 -9999 -9999 -9999 -9999 -9999 -9999 -9999 -9999 -9999 -9999 -9999 -9999 -9999 -9999 -9999 -9999 -9999 -9999 -9999 -9999 -9999 -9999 -9999 -9999 -9999 -9999 -9999 -9999 -9999 -9999 0.330045756697655 0.0667518097907305 0.0560492858290672 0.0262451049871743 0.16786418966949 0.0143664628267288 0.0150166995823383 0.170544534921646 0.0154126500710845
0.0332612102851272 0.114692594483495 -9999 -9999 -9999 -9999 -9999 -9999 -9999 0.44018032848835 0.39202835559845 -9999 -9999 -9999 -9999 -9999 -9999 -9999 -9999 -9999 -9999 -9999 -9999 -9999 -9999 -9999 -9999 -9999 -9999 -9999 -9999 -9999 -9999 -9999 -9999 -9999 0.130598030984402 0.0627938525751233 0.0226796709932387 0.0304354011081159 0.0157656345516443 0.0164554938673973 0.017592263314873 0.0168045662343502 0.015782745461911
0.094757460244 0.0357928191311657 0.0162853150162846 0.241689856350422 0.0995740413665771 0.254057471454144 0.167966227978468 0.0988950002938509 0.0434130480512977 0.0718933371827006 0.0785989344120026 0.0757246252149344 0.0583143033087254 0.043509591370821 0.0366737186908722 0.0826098401099443 0.086043334659189 -9999 -9999 -9999 0.1222531452775 0.017015265673399 0.0143654971849173 0.00806530450936407 0.087982290238142 -9999 -9999 0.132167939841747 0.136483908444643 -9999 -9999 -9999 -9999 -9999 -9999 0.208978646248579 0.0477291811257601 0.00927386260591447 0.024505028501153 0.0309411601163447 0.04531663171947 0.0715256683528423 0.0537665650248528 0.0214864779263735 0.056727235391736
0.0582743658218533 0.0851760614663362 0.230256395414472 0.271980037540197 0.762985044717789 0.511858543753624 0.464584761857986 0.593294632434845 0.626202440261841 0.676361674070358 0.220762783288956 0.373987311124802 0.544387674331665 0.682320427894592 0.769185185432434 0.798234927654266 0.799184882640839 0.738120317459106 0.235539115965366 0.137467075139284 0.13608817756176 0.0922112140804529 0.260879890620708 0.683107537031174 0.163647863268852 0.160078189522028 0.133702432364225 0.103629949688911 0.0910315595567226 0.114057760685682 0.0367958448827267 0.0482855390757322 0.0994114898145199 0.166477628052235 0.154038174450397 0.150608794391155 0.24273074567318 0.0911486525088549 0.0543257050216198 0.0539109673351049 0.0910734642297029 0.1235133074224 0.366200548410416 0.103275889158249 0.0805826541036367
0.147287624003366 0.221251170523465 0.335785801336169 0.429980379343033 0.736255586147308 0.702690529823303 0.698937314585783 0.788374787569046 0.799933618307114 0.789826375246048 0.79370499253273 0.769171643257141 0.69298774600342 0.79005309343338 0.782504864037037 0.700194420292974 0.77926362156868 0.796702939271927 0.790935933589935 0.746658885478973 0.520468744635582 0.752732020616531 0.776448631286621 0.737970346212387 0.722505855560303 0.43729188144207 0.407030454277992 0.248905330896378 0.426969963312149 0.388791808485985 0.417742589116097 0.463904395699501 0.296578159928322 0.193985229730606 0.112195158749819 0.0923731628805399 0.151932970434427 0.284346708655357 0.52054757475853 0.33307678103447 0.282330538332462 0.553809398412704 0.395209246873856 0.37385516166687 0.373986360430717
0.0873652943759225 0.26588969277218 0.257532222289592 0.473724547028542 0.778376281261444 0.786438781023026 0.798120355606079 0.798263549804688 0.786371284723282 0.791430687904358 0.791145086288452 0.747058260440826 0.799340981245041 0.771776837110519 0.777822852134705 0.779888612031937 0.780498260259628 0.798087584972382 0.788016456365585 0.777305191755295 0.6759147554636 0.702871912717819 0.753316557407379 0.629892319440842 0.371684321761131 0.527509781718254 0.63277685046196 0.49699904024601 0.535317611694336 0.182715065032244 0.28771902769804 0.161730902642012 0.197529438138008 0.27969584017992 0.123904794454575 0.314357177913189 0.368569423258305 0.338960628211498 0.422340261936188 0.652399432659149 0.788593417406082 0.746014964580536 0.792633563280106 0.798637402057648 0.791286438703537
0.114670391881373 0.479026119038463 0.439786911010742 0.643233531713486 0.593833088874817 0.372147837653756 0.730525624752045 0.782645082473755 0.754894238710403 0.698324280977249 0.521635541162755 0.567802421031229 0.748623394966126 0.571766775846481 0.545910316705704 0.66981418132782 0.532199090719223 0.551075488328934 0.648009407520294 0.55439815223217 0.504385203123093 0.533016157150269 0.550603181123734 0.662639576196671 0.370861214399338 0.397688806056976 0.363016052544117 0.101330452412367 0.140301397442818 0.488685646653175 0.22454145103693 0.308641730248928 0.332649250328541 0.239641916751862 0.0933067455887795 0.221866634488106 0.16575028449297 0.290217185020447 0.467261528968811 0.684930777549744 0.777700567245483 0.777691853046417 0.795416766405106 0.798004287481308 0.799865108728409
0.0566898940305691 0.315625398978591 0.62851153165102 0.383914066851139 0.0382040576892905 0.160200285958126 0.295356495678425 0.531922936439514 0.187911662288525 0.264920335449278 0.112243434949903 0.180648925155401 0.202654167264715 0.281372119486332 0.184875147324055 0.337173800170422 0.336207986202343 0.383193831145763 0.0716833667829633 0.115295641310513 0.136712696403265 0.209012135863304 0.27446236461401 0.171145449578762 0.0593948900699615 0.0152566734701395 0.0645539198070764 0.141000923514366 0.178671937435865 0.0589287105947733 0.151968704909086 0.0469678955152631 0.0136758388951421 0.00248109211679548 0.00394645445048809 0.24609770225361 0.239308205246925 0.068587776273489 0.404501201957464 0.139154164493084 0.14046124368906 0.524354183673859 0.616371726989746 0.782580244541168 0.76602948307991
0.0886202362831682 0.053033556297305 0.100760840394651 0.0599078338644176 0.0657453862950206 0.510587576031685 0.597095383703709 0.282160979509354 0.0374927226019395 0.115724333794788 0.0765899136662483 0.0523064425719382 0.0100637652445752 0.0137889766134322 0.0193243993446231 0.0738798387348652 0.0203223412390562 0.0110273610661089 0.0125874545850589 0.0134596958060179 0.00283189870791603 0.0350540078652557 0.0182096099830233 0.0390296460129321 0.109483842551708 0.204813103377819 0.126697351410985 0.0315235582180321 0.0130851868117617 0.0236829565567135 0.00751868529956447 0.00163425937673397 0.000784532049670095 0.000392941063805807 0.00257950044433528 0.00357255296548828 0.00930400479119271 0.152159794023771 0.377050092928262 0.509715673327446 0.265680329501629 0.302423772215843 0.1692218542099 0.451867005228996 0.653317314386368
0.275939951092005 0.253700787154958 0.0482024371623993 0.46791984885931 0.266712772659957 0.176024007250089 0.0960895705968142 0.434525323752314 0.049882949641767 0.0182576050487114 0.00982085997238755 0.0133891152938304 0.023648462863639 0.010979960532859 0.00283408975470389 0.0010943040993672 0.00936829192600433 0.000983162756068723 0.000902358734657727 0.00110219227165574 0.0015716794718763 0.00165792347169155 0.00222475744209837 0.043242893593154 0.276669271290302 0.745653510093689 0.660840857028961 0.75749819278717 0.541112247109413 0.52900455892086 0.204588128998876 0.227900642435998 0.0195460726041347 0.0021407902438682 0.000922633580553978 0.000779843001055269 0.00117869682144374 0.00440035135726475 0.0163449023850262 0.189134553633721 0.0172834979835898 0.0278508324641734 0.0809362582862377 0.317506097257137 0.254958158731461
0.0663363520034181 0.0394518648321537 0.193824611068703 0.298660395201296 0.395915804803371 0.1046899295412 0.150752172776265 0.0704319910146296 0.0113217000153119 0.00545872984811363 0.0147467535920441 0.0289375550028046 0.00731058805249635 0.00269233205040227 0.00206418801136857 0.00262278373159245 0.00445710942594086 0.00206595034148318 0.000697158135702514 0.000722679003821081 0.000837703207301477 0.000872483575586591 0.00643445993701588 0.03633081361047 0.0339131973852145 0.260039786621928 0.681007260084152 0.372179797291756 0.595101416110992 0.754330617189407 0.535961425304413 0.129594149440527 0.219218904716534 0.00562388263061134 0.000203800107529106 0.000462250622200755 0.000888880393358704 0.00127485294551128 0.000961265420846758 0.00205401117636939 0.00116411367689579 0.000531164921932714 0.000335720564656405 0.000706619720371293 0.00173121483376235
0.00290168364613237 0.0167440202162652 0.0156187092608889 0.0275964446700527 0.0278410848273779 0.0209266126259763 0.0495157071927679 0.0801065801886207 0.0486023435479136 0.0068915279727662 0.00615388438891387 0.0207162188820281 0.00127765267520772 0.000856201603667583 0.00198542432136083 0.00189784047435495 0.00306550625815332 0.00309229364712422 0.00101565993254565 0.00678284425011961 0.00374207570876408 0.000913578900963552 0.00371297346346221 0.0153483620867918 0.0916601811809228 0.074542413565254 0.184020164039248 0.580067604780197 0.414199438691139 0.48277296461165 0.301561171934009 0.269417880716082 0.111983203142881 0.0334956968203187 0.0039950165870323 0.000519651087581974 0.000159538671695714 0.000134789292462756 0.00109696619774469 0.00757130778461459 0.000171370355716949 0.00180885561858304 0.000281895270841392 0.000283791840169023 0.00011803481349747
0.00270993133458433 0.00587422037904162 0.0119477960808581 0.0516802341269795 0.0168728280808864 0.00816195653262284 0.0191565381062105 0.0105027246057271 0.00447421351470894 0.00316397159876942 0.00566993233660469 0.0157575963471126 0.00746283868793398 0.00800539310012027 0.00576889244548511 0.00234746759207787 0.00374822629606797 0.00156196145217752 0.000454625080953985 0.00054851959827148 0.000630372464456752 0.00123748933457364 0.00308913497101458 0.00284606347316867 0.00441623064534724 0.012567514851656 0.070580288934574 0.21907290879135 0.196689273638719 0.183661776036024 0.0923635288141668 0.0789109497796744 0.08448844626546 0.41710638999939 0.392262116084747 0.00308992413515852 0.000507552191305438 0.000160177498906933 0.000127462993987171 0.00157721715295386 0.000123114195093998 0.000413543348558676 0.000866305487857488 0.000278868920923891 0.000195320598714632
0.00660790645814586 0.00245539711188485 0.00364750565407235 0.00884654949268224 0.00442145565497079 0.00143720793858158 0.0183973467408515 0.00333920606744869 0.00259476757601078 0.00249011791968229 0.0201465586736329 0.0202198919840157 0.00430515776388347 0.00244324249929377 0.00533262300307339 0.00108507465330536 0.402415571594611 0.00151820752700073 0.00118828223967872 0.00195201452993389 0.000559704209229039 0.00337199466248421 0.00610386278604014 0.00959535447765318 0.00300296406653615 0.00195007483066547 0.0054738333595254 0.0309469883936195 0.0225590792059201 0.0643624700696832 0.0295514556895796 0.0238723006903927 0.0411161251133308 0.0626492649326661 0.0349787880591066 0.120880699856207 0.000240805137104871 0.000109598097515118 0.000177710880932092 0.0053668342001572 0.000203854796803782 0.000174271283342042 0.000149853037511405 0.000338048241917566 0.000369916024613026
0.0022142819127339 0.00181945836779585 0.00457554806519235 0.00620580868727258 0.00316498207683779 0.00250843467211753 0.00126210899325254 0.00217849779251082 0.00613271948342593 0.00138980528936392 0.00697053587066154 0.00711063568014652 0.00474962297594175 0.00151371471602033 0.000605968508614119 0.00113267913598665 0.00118260598594697 0.00180469877056936 0.0016655427018192 0.00194312026560554 0.00241721567079177 0.0129223657918847 0.0631581395769091 0.0177400823933489 0.0104887098932989 0.0253881794041945 0.0341842279092816 0.0238347843691599 0.013812705670383 0.00550858123539468 0.00608276262718594 0.00629607143465734 0.00856356773974767 0.00590412167948745 0.160927687865434 0.0092627025092952 0.00249786229688748 0.000678138352669377 0.00122601696282728 0.0104560435458552 0.000179725445241274 0.00016008736993216 6.08100983868098e-05 0.000131785987288791 0.000168309586481319
