Maxent_result_files_2/B_sylvestris_3.asc
NCOLS 594 
NROWS 330 
XLLCORNER -15 
YLLCORNER 23 
CELLSIZE 0.166666666666667 
NODATA_value -9999 
[rows 300 to 319 of 330, columns 405 to 449 of 594]
3.42642469952637e-11 3.64080532389011e-10 3.67344710205941e-11 7.38261674015916e-12 1.09793063529651e-10 7.93412002764171e-12 3.07475822580727e-11 2.5356117205888e-11 1.32397093288716e-11 4.35761648986954e-11 1.85818949116623e-10 1.17896314932864e-10 4.36039315765413e-11 1.68209224327143e-11 7.38078487216853e-12 8.28468404989735e-12 1.78943526663033e-11 4.56192306153014e-11 1.0570968544954e-10 1.9770995951518e-10 1.1183143144855e-08 3.33706402289025e-08 1.17293710690802e-06 4.28653948159052e-07 6.57472110532353e-08 4.19260920425657e-09 9.66865543183815e-10 1.02024477754981e-10 8.66910210284289e-11 9.56528523055056e-11 2.10870676475849e-10 7.34074245833938e-11 5.78651571103705e-12 9.16251519100797e-12 5.17527132259943e-12 2.57017740423748e-12 1.74773528982541e-12 2.68961519722666e-12 1.1244494224627e-11 4.39900671445059e-11 3.74709485662095e-11 5.25384957761332e-11 2.48075793241043e-10 4.26595447855505e-10 1.19883628579842e-09
1.72794156760858e-10 3.47470430206442e-10 1.82603787646229e-10 1.70064740068199e-11 3.64576036027131e-11 2.54023246881729e-11 2.03159933320762e-11 1.82470927256873e-11 8.43189962296265e-11 5.29536192672708e-11 3.35335426093764e-11 8.71431593552074e-11 8.30904878235117e-10 5.76602099400247e-12 8.40861824613626e-12 1.53160262250651e-11 9.2826812903013e-11 3.54680484981884e-10 7.9552328058341e-10 2.28483820752245e-10 5.1400565470594e-09 5.11856781404418e-09 7.69797003918882e-10 3.75819548814604e-09 5.2301955100198e-09 2.09487370783634e-09 8.7454494757111e-10 1.51011625426634e-10 1.00143382475437e-10 1.07709785535093e-10 6.81170875260761e-10 2.85007351052968e-10 2.07346473324321e-11 1.00011332548888e-11 4.28524993267843e-12 2.3644419755442e-12 3.19346771249229e-12 9.96225324456646e-13 2.21717089132767e-12 2.2656432285828e-12 5.22476506503722e-12 4.99913443974265e-12 2.83278844825929e-11 1.77541648049839e-11 2.02297401052931e-11
1.25106551007725e-08 3.15529007366422e-09 1.18537767379578e-09 1.54180701539275e-10 9.64371915657125e-12 7.86568588040382e-12 1.59312785186216e-11 2.66066046972213e-10 1.61362412320898e-10 6.46861919584296e-10 3.45887141151024e-10 9.7179309044293e-11 5.95715587969892e-11 1.31117394719382e-10 2.78424838739966e-11 1.76384684635877e-11 6.60078769421091e-11 1.01694530574292e-10 1.63661173502305e-10 8.10987943467012e-11 1.69045666353895e-11 8.79141315301979e-11 1.09616404841972e-10 1.77968927372874e-09 8.87771456348219e-10 2.9332572926144e-09 3.36376881904243e-10 3.2019716100784e-09 1.58168912411938e-09 2.46660669667165e-10 2.78912726248137e-10 6.07044148281943e-10 2.02524663706072e-11 7.1122441269722e-12 3.18434167922987e-12 1.8551493674579e-12 1.32815980435907e-12 1.25761623337439e-12 1.53930201918229e-12 9.46731582018856e-13 2.29107843807697e-12 3.25389715172264e-12 2.22480922573709e-12 2.42643682923926e-12 4.50869341861448e-12
-9999 1.17016951683979e-11 9.15395903522409e-10 4.11672917977057e-11 2.6049384871385e-11 3.78405418111072e-11 6.2533089817407e-11 3.28519571546337e-09 6.75007960637686e-10 5.83335602044599e-11 6.7751126930915e-11 1.18071281640653e-09 2.50931719847358e-10 1.39275257993177e-10 4.10786848981104e-11 9.06455366322945e-10 1.6283107839854e-08 3.83335141407315e-11 4.98231678136563e-11 8.20172263438224e-11 2.51752396707161e-11 7.66716623523678e-10 1.03113908522801e-09 9.901413022817e-12 1.27527766125013e-11 7.22483184389944e-12 3.95258825669487e-11 1.26706387604258e-09 1.40321865238491e-09 1.14305380716218e-09 4.69931527025125e-10 1.9740201695484e-10 2.95260926819196e-11 1.11646802913867e-11 4.52708981413252e-12 2.32067698391347e-12 1.59756652351462e-12 1.40628619860195e-12 1.18742793375759e-12 1.24831256442803e-12 1.43888234660494e-12 1.22913901279276e-12 3.01501046351405e-12 1.585320763553e-12 4.07086586662331e-12
-9999 -9999 9.26559939884442e-12 1.18970389095807e-10 2.22286333784183e-10 3.94403509851315e-11 5.14816189678413e-11 3.03786773514503e-11 5.54263446250758e-10 1.52502158679013e-09 2.26387331103695e-10 5.71773250968022e-10 1.17018916778733e-10 1.53382861967089e-11 7.40816075150974e-11 1.36973543618524e-11 1.31779254175513e-11 7.40499883633561e-12 8.15071343751583e-12 2.77536882364871e-11 9.42992350871918e-12 3.26285665153137e-12 1.28151822487155e-11 8.80580053319591e-12 4.6010639742633e-12 4.06255029616886e-12 1.35465860751083e-11 1.48755918694121e-10 3.49320339321224e-10 1.11155096238491e-09 2.60035670773817e-09 7.28847315834003e-10 1.96121496820467e-10 2.73445599496824e-11 6.56406040633328e-12 2.92315061045656e-12 1.11504139255203e-12 1.21928023233409e-12 1.45637946147303e-12 1.62030389105894e-12 1.68766112196295e-12 1.60352842115685e-12 1.75865988438773e-12 1.85250703665929e-12 1.79762871255207e-12
-9999 -9999 -9999 -9999 1.03359627523503e-09 3.09945069609796e-11 6.618960934901e-11 2.07421924081075e-10 3.11923487039678e-11 4.71923944367347e-11 1.1661482890446e-11 1.65380265038095e-11 6.89044710178166e-11 1.74058167878854e-10 1.15641529685462e-10 4.05783384671565e-10 4.09128841916129e-11 7.3357975249877e-11 2.18195239654051e-11 3.1111113685256e-12 2.94635427167123e-12 -9999 -9999 -9999 -9999 -9999 1.00671249114725e-11 2.96925484200017e-11 2.25912022422392e-10 3.80285403167591e-10 9.7513929153692e-10 1.87036722998357e-07 2.57208623288818e-09 1.26941857025997e-10 2.61306642990178e-11 4.25537383108576e-12 2.51453302624327e-12 1.57582835669245e-12 1.66360258901932e-12 5.36533040218501e-12 1.94925187102513e-12 1.87566628895297e-12 2.17851292561022e-12 2.07526218432008e-12 2.43672859667754e-12
-9999 -9999 -9999 -9999 -9999 -9999 1.03617892044383e-11 7.14167613935501e-12 1.76562653386725e-11 2.84118395477151e-11 2.04845029827538e-11 5.30243848828604e-11 2.18721485367723e-11 1.0019987062293e-10 2.53216003720524e-11 4.04204447690404e-12 2.15100159906001e-12 2.26589857987847e-12 4.05998568098198e-11 -9999 1.00557052140626e-07 1.80298442842286e-11 -9999 -9999 -9999 -9999 -9999 8.75370886888049e-12 2.02705852103691e-11 9.10422404132305e-11 1.31714344986378e-09 7.2213375312824e-08 8.26141046017526e-08 4.91836285032576e-09 3.95386595686276e-09 1.55619950259478e-10 7.66100516358392e-11 1.39372624552436e-11 1.71041847352171e-11 5.07385244929992e-12 9.45655775907994e-12 2.01655248055488e-11 2.70270028579489e-11 9.54433199140681e-12 7.26572135789638e-12
-9999 -9999 -9999 -9999 -9999 -9999 -9999 5.33881698849825e-09 2.57713634432832e-08 2.11887456569304e-07 2.87579146052153e-09 2.11447526154984e-12 1.76344494562386e-12 1.99735783468213e-12 4.68561855981875e-12 7.86449794176747e-12 -9999 -9999 2.44770449464582e-09 1.93757232480607e-12 2.92256774336863e-11 -9999 -9999 -9999 -9999 -9999 -9999 7.61510454694303e-10 4.09427491909753e-11 9.98079952019282e-11 2.47160799604629e-09 8.50576237998446e-08 2.34799727438784e-09 9.48051070981393e-10 5.53742747211317e-09 1.60156050643678e-09 1.32308011213667e-09 7.12904402178083e-10 2.51018694719107e-10 7.64641350237127e-11 1.16534359939635e-10 1.77880998819546e-10 2.95068436351187e-10 1.26976740233431e-10 1.5514576290343e-10
-9999 -9999 -9999 -9999 -9999 -9999 -9999 -9999 -9999 -9999 -9999 -9999 2.50115150812746e-09 3.79822839846611e-12 3.25789714428204e-08 -9999 -9999 -9999 -9999 -9999 -9999 -9999 -9999 -9999 -9999 -9999 -9999 3.35298028453224e-08 3.40269479259803e-11 1.60636715040852e-10 8.4850301229622e-10 2.91692126452858e-08 7.51823892031211e-10 5.52288192956496e-10 2.88265300518731e-10 1.89051319043898e-10 5.49256706783296e-10 5.0831030495857e-10 9.18773446212384e-10 7.69507990661111e-10 1.33434189253379e-09 2.88561904371321e-09 6.71155342413243e-10 4.51128978617987e-10 5.09562745332204e-09
-9999 -9999 -9999 -9999 -9999 -9999 -9999 -9999 -9999 -9999 -9999 -9999 -9999 -9999 -9999 -9999 -9999 -9999 -9999 -9999 -9999 -9999 -9999 -9999 -9999 -9999 -9999 6.77186537956231e-09 7.08511027625036e-12 9.87436021837596e-11 1.03041569721185e-09 4.18631680432213e-09 5.3233696339916e-10 4.85535300853712e-10 1.10191238356094e-09 4.09212630447797e-10 1.451526898677e-10 1.96762062198985e-10 1.20269905146131e-10 1.10312703416326e-10 1.68825520230342e-10 1.28677968280755e-10 1.34945254970376e-10 2.45433651180349e-10 6.59218168941322e-10
-9999 -9999 -9999 -9999 -9999 -9999 -9999 -9999 -9999 -9999 -9999 -9999 -9999 -9999 -9999 -9999 -9999 -9999 -9999 -9999 -9999 -9999 -9999 -9999 -9999 -9999 -9999 -9999 9.17947939882424e-12 5.77266345835881e-11 8.56991899667037e-10 4.36887537258457e-10 5.61508939345146e-10 4.19683299224261e-10 7.73017883037852e-10 2.74472733430287e-10 1.83633863670707e-10 2.36661468200339e-10 1.31845367956629e-10 9.82883219258213e-11 6.45224651485421e-11 7.08498038015648e-11 6.0839022708592e-11 5.21071852332966e-11 1.27224253354541e-10
-9999 -9999 -9999 -9999 -9999 -9999 -9999 -9999 -9999 -9999 -9999 -9999 -9999 -9999 -9999 -9999 -9999 -9999 -9999 -9999 -9999 -9999 1.95937466251905e-10 -9999 -9999 -9999 -9999 -9999 7.84173059820148e-11 2.13583151165153e-11 1.46133316558661e-10 1.55681401103891e-10 1.66076052909858e-10 5.47096945524572e-10 9.66833502147324e-10 6.36770203232828e-10 3.29477900518071e-10 4.01868638366665e-10 2.19576778981434e-10 1.18011245220373e-10 1.08141784416205e-10 1.40849387708641e-10 9.49439638020522e-11 6.03515792896303e-11 5.09216890876019e-11
-9999 -9999 -9999 -9999 -9999 -9999 -9999 -9999 -9999 -9999 -9999 -9999 -9999 -9999 -9999 -9999 -9999 -9999 -9999 -9999 -9999 3.39963945883426e-10 1.55366235432552e-09 -9999 -9999 -9999 -9999 -9999 -9999 6.06403816050261e-12 2.74320344217926e-11 7.24513671279681e-11 1.03043462651442e-10 6.70018374115955e-11 1.28220867257056e-10 9.48714773407744e-11 1.46052814287145e-10 1.74176062461839e-10 1.28226251838726e-10 1.08625808348251e-10 1.38991007592182e-10 7.72203745391664e-11 6.87230938822836e-11 1.23600429891013e-10 9.18305986807866e-11
-9999 -9999 -9999 -9999 -9999 -9999 -9999 -9999 -9999 -9999 -9999 -9999 -9999 -9999 -9999 -9999 -9999 -9999 -9999 -9999 1.23784310579467e-09 2.86676793415097e-11 3.24076108171312e-09 -9999 -9999 -9999 -9999 -9999 -9999 -9999 -9999 3.022325612001e-10 4.64170479830273e-11 2.07137973440297e-11 2.47428633137758e-11 2.84769430258791e-11 3.3527891574181e-11 4.64461247240422e-11 7.15489556490922e-11 6.16908635286961e-11 4.96673369099199e-11 8.28609625358467e-11 1.33717281691759e-10 1.27219579315607e-10 1.62385760393846e-10
-9999 -9999 -9999 -9999 -9999 -9999 -9999 -9999 -9999 -9999 -9999 -9999 -9999 -9999 -9999 -9999 -9999 -9999 -9999 1.17200693594555e-12 1.40177869312197e-12 2.22429630269971e-11 1.22531895740963e-10 -9999 -9999 -9999 -9999 -9999 -9999 -9999 -9999 -9999 -9999 -9999 -9999 -9999 -9999 4.03356871236937e-09 5.79572501102632e-11 3.50056428288781e-11 7.29551641320825e-11 1.25521093519154e-10 1.48597389948435e-10 2.07972450372296e-10 1.07823638906268e-10
-9999 -9999 -9999 -9999 -9999 -9999 -9999 -9999 -9999 -9999 -9999 -9999 -9999 -9999 -9999 -9999 -9999 -9999 1.15787379684207e-12 6.95110635717811e-13 1.09933173675358e-12 3.22255333529142e-11 6.54759912954717e-11 -9999 -9999 -9999 -9999 -9999 -9999 -9999 -9999 -9999 -9999 -9999 -9999 -9999 -9999 -9999 -9999 -9999 -9999 -9999 5.61671900101146e-08 4.18901527909909e-09 1.40493627842631e-10
-9999 -9999 -9999 -9999 -9999 -9999 -9999 -9999 -9999 -9999 -9999 -9999 -9999 -9999 -9999 -9999 -9999 1.50738310722431e-12 1.02780006727698e-12 1.05779829340236e-12 1.22856169681995e-12 2.31229480007755e-11 6.73080591262476e-11 -9999 -9999 -9999 -9999 -9999 -9999 -9999 -9999 -9999 -9999 -9999 -9999 -9999 -9999 -9999 -9999 -9999 -9999 -9999 -9999 -9999 -9999
-9999 -9999 -9999 -9999 -9999 -9999 -9999 -9999 -9999 -9999 -9999 -9999 -9999 -9999 -9999 -9999 1.29599664333568e-12 7.98039412330809e-13 1.47141188122646e-12 1.12470033286627e-12 1.34042776878118e-12 6.84330925260213e-11 3.0769597980651e-11 -9999 -9999 -9999 -9999 -9999 -9999 -9999 -9999 -9999 -9999 -9999 -9999 -9999 -9999 -9999 -9999 -9999 -9999 -9999 -9999 -9999 -9999
-9999 -9999 -9999 -9999 -9999 -9999 -9999 -9999 -9999 -9999 -9999 -9999 -9999 -9999 4.6044549617541e-09 1.17356124818002e-12 8.58346727028447e-13 1.21924692564335e-12 1.68757230412098e-12 1.02325925510627e-12 5.98552318820111e-12 4.99189800606814e-11 1.78459358401994e-11 -9999 -9999 -9999 -9999 -9999 -9999 -9999 -9999 -9999 -9999 -9999 -9999 -9999 -9999 -9999 -9999 -9999 -9999 -9999 -9999 -9999 -9999
-9999 -9999 -9999 -9999 -9999 -9999 -9999 -9999 -9999 -9999 -9999 -9999 -9999 8.68116689645149e-13 6.82076617408711e-13 9.56323908951617e-13 1.09925402114186e-12 1.38181688313921e-12 1.50386370023625e-12 1.30878641257937e-12 1.67789893090742e-11 1.99292393698869e-10 6.6523464514745e-11 3.45348749597463e-11 -9999 -9999 -9999 -9999 -9999 -9999 -9999 -9999 -9999 -9999 -9999 -9999 -9999 -9999 -9999 -9999 -9999 -9999 -9999 -9999 -9999
