Maxent_result_files_2/B_sylvestris_3.asc
NCOLS 594 
NROWS 330 
XLLCORNER -15 
YLLCORNER 23 
CELLSIZE 0.166666666666667 
NODATA_value -9999 
[rows 260 to 279 of 330, columns 45 to 89 of 594]
-9999 -9999 -9999 -9999 -9999 -9999 7.51266129395134e-05 2.39170083831231e-05 4.67168607591884e-06 3.82661665093265e-05 2.71861634010273e-06 2.56547981259958e-06 3.0570578556377e-06 1.00883601927726e-05 3.79301787686415e-05 1.32185157533882e-05 9.47318724682234e-06 1.85464349883091e-05 4.04080159512432e-05 5.27046261993291e-05 0.000846212218074638 0.000599002211499899 0.000189753839730311 0.000248228301643394 0.00045325642691415 0.000220115824276945 2.99180485877848e-05 3.15056249746704e-05 0.00129012553461401 0.00234395004827093 0.00106037218479288 0.000368382468024497 0.00108763088901469 0.000383860890860888 0.000634707835195059 0.000405131888510468 0.000290013308950354 0.000279087288447855 0.000572973061207449 0.000804009985856624 0.00678829304524697 0.000389929841912995 0.00440933921492515 0.00232198749582917 0.000648053490853651
-9999 -9999 -9999 -9999 -9999 -9999 3.44071050812578e-05 6.68340596223782e-06 1.41629284079903e-05 2.74497503031101e-06 2.86898759968013e-06 2.99200246719478e-06 2.86388557809714e-06 2.33535316786826e-05 2.13352903931652e-06 2.07353895950169e-06 1.61513084430132e-06 1.79301851181979e-06 7.22276808300393e-06 5.26122929102257e-05 0.000119823086879478 3.38647043690798e-05 2.05161229388295e-05 0.000145920411523548 2.87830687476287e-05 0.000115137622583461 0.000494728349110685 0.00116301366110747 0.00232013374956391 0.00141665317489363 0.00127457252500971 0.000990427293215745 0.000936445955539966 0.000409578924063436 0.000338449875541613 0.000455196739188324 0.000399981076167433 0.00027477127818013 0.000736344977433723 0.0021116421291687 0.0109647375007626 0.00698218629040639 0.00527408266898419 0.116887614211009 0.0119182144917431
-9999 -9999 -9999 -9999 -9999 4.04694284134699e-05 2.04912200305052e-05 9.14468142735325e-06 3.58082401310522e-06 6.34021876454449e-06 1.0319301925954e-05 3.93908361027151e-06 2.53404641177291e-06 2.11219319368183e-06 2.50961411869532e-06 1.70168737688714e-06 1.07370980350074e-06 1.44620775042181e-06 5.50999512904937e-06 1.03152899511016e-05 3.35660235151636e-05 3.83482985418793e-06 3.12354835472206e-06 1.34143532477538e-06 2.15154536594042e-05 2.95783254387061e-06 5.23731352771506e-05 0.000325385353039565 0.000189330717262237 0.000406594275286798 0.000588112408514985 0.00113094137303369 0.000896571946165003 0.000731935690526475 0.00079804162576006 0.0010310345554899 0.000535104744164883 0.000116284981970693 0.00355708576971665 0.168688441009726 0.00199159062249237 0.000266466810876409 2.46753172163494e-05 1.5342231289317e-05 6.43265608232468e-05
-9999 -9999 -9999 -9999 6.49644074294131e-05 1.22084686044466e-05 2.50279228941386e-05 1.27434281885774e-05 6.59646651725021e-06 8.71305858546334e-06 6.76506814892841e-06 2.46307584549021e-05 2.57523864499731e-05 2.06294730830336e-05 3.93172673685882e-05 2.06926575256006e-05 5.37429448468352e-06 5.32506876161909e-06 1.26130024529658e-05 0.000626872562463632 0.00230871440727516 0.000133125556834557 3.72764488966726e-05 1.40222431028292e-05 2.7838172692185e-05 3.94962357056272e-05 0.000116412400951604 0.00013879980309851 0.000566124368847787 0.00141993044131465 0.000259044760213112 0.000195723449905927 0.000121239223767589 0.000539873095112853 0.000738247472907005 0.00100054579425048 0.00272455985870573 0.000244298828847422 4.91018302639645e-05 7.76815625265215e-05 2.75134660910004e-05 1.12449763711497e-05 7.36426580765226e-06 2.57117270507479e-05 3.15699018074156e-05
-9999 -9999 -9999 4.5217472710668e-05 1.77427826715371e-05 0.0632356609281185 1.40327498539428e-05 2.40871754613181e-05 1.89703805975605e-05 1.74283641313222e-05 6.83163725544445e-06 0.0633201995987498 2.09195980643284e-05 1.12494916243988e-05 1.09873077650757e-05 1.00010413277896e-05 9.55940586957471e-06 7.82301998962787e-06 5.11744136588277e-05 0.00208618987962853 0.119796287512872 0.000729736837341388 0.00112486523031814 0.000307510066843053 6.02398420113559e-05 0.00050131329555354 0.0217983262613416 0.00103850239247549 0.000252241078027215 0.000165231576397673 8.32743413639037e-06 6.80593963835463e-06 9.49576852917744e-06 7.76537300106739e-06 4.33711573350592e-05 0.000115100239333166 0.000108378688128163 0.000146209016475052 3.08162428055425e-05 7.40906771523608e-06 6.33604319357772e-06 3.52449759692952e-06 2.73004760430462e-06 1.63110434394653e-06 1.58464857431539e-06
-9999 2.24000380215639e-05 1.00003539678872e-05 1.63263948327663e-05 7.61118452073939e-06 2.31950114635393e-05 2.59638005048579e-05 9.99429899491977e-06 1.98414637626043e-05 3.32574345369818e-05 4.17388943435792e-05 3.87153397323869e-05 3.20040774861141e-05 6.93741770106726e-05 0.00110836883613956 0.00340449416576779 0.00379156721901381 0.00152343829468009 4.53151014539799e-05 0.00807235922016236 0.121487462192929 0.0418810181086883 0.0145444112399673 0.000209655790672514 0.000181601222266181 0.00202431463767587 0.000765704733487382 3.81347029360768e-05 5.29085981622046e-06 5.52428329783083e-06 3.54035802985209e-06 4.26321724438239e-06 5.04901893920717e-06 2.2479844665213e-05 3.48154223069885e-06 1.16754192134749e-05 2.89733913404477e-06 3.11255869195337e-06 2.54396969870951e-06 2.719728934375e-06 3.07709953301094e-06 1.81284195015508e-06 1.19729217663567e-06 1.22828390017871e-06 5.77707724080945e-07
1.57428410570759e-05 1.4610661811898e-05 1.59741259686541e-05 2.28296632165836e-05 2.2842857584382e-05 6.46433240643063e-06 2.99989771429199e-05 2.50841389426104e-05 0.000140264367372112 0.000155142884567283 0.000260426853540707 0.000172945151854265 0.000106043597679673 0.00354991635695399 0.00572562117595226 0.178225445381783 0.0636143065312353 0.00662842549064066 0.0045739679887113 0.482358442991972 0.291983467712998 0.58298653177917 0.0909296946134418 0.00345667261880578 0.00680524523004351 0.00195639668236254 1.87738320464037e-05 5.72816352101269e-06 3.40003040409931e-06 3.37309252100848e-06 5.75440014981554e-06 3.80893182154729e-06 4.99622562103452e-06 7.60793955126848e-06 5.27846205083948e-06 6.20492655958316e-06 2.47768011477634e-06 2.45605466080434e-06 1.974635163704e-06 1.50042296014341e-06 2.05745987662542e-06 1.61339538894412e-06 1.25739058789431e-06 1.77865730099924e-06 1.42187096929813e-06
2.96855037300592e-06 4.03475629839889e-06 2.09435596332241e-05 2.83348904474789e-05 2.07878329500311e-05 8.3857148905353e-06 2.77391222075485e-05 0.00010000500630003 0.000205775017207088 0.000228141135818838 0.000164514388780435 2.04540198836867e-05 5.64220642823354e-05 0.000349542994354357 0.00756289399287198 0.0348371641208758 0.133342745504342 0.381371160410345 0.0121712819876848 0.0173676152946427 0.0337591276504099 0.0383982610642306 0.0133049075426243 0.000386339824069282 0.0006571083997021 1.2678091621865e-05 8.37267588221779e-06 6.22955752040966e-06 2.70393504692157e-06 2.88442258826738e-06 3.39918656773186e-06 3.63612483939013e-06 5.74553122422161e-06 4.83841419475217e-06 5.90024831100822e-06 3.9693529787499e-06 2.39714904040067e-06 3.36424830036375e-06 2.93176361347847e-06 2.12285366880671e-06 1.92508982633788e-06 2.20835657979146e-06 1.17269298095524e-06 1.02395864333138e-06 1.2346841802291e-06
2.72132830477778e-06 2.91656309054922e-06 1.09289940837698e-05 4.68643847035377e-05 1.44933562188254e-05 1.50347490563973e-05 1.79405546877787e-05 9.1911357645813e-05 0.00012066714446064 0.000280799613483396 0.000165776988092148 0.000350397296649074 0.000317815844846336 0.0250455449199871 0.0594492862466723 0.0985537741335052 0.00834941587305522 0.00014785778366786 0.0106582744774641 0.0136002659943188 0.000237698377895867 0.00348919299467525 2.37591182212782e-05 5.66967276043329e-06 6.4862772919505e-06 7.09881925162748e-06 7.27873098292919e-06 4.28023689443835e-06 2.70220984051051e-06 2.32926839999203e-06 3.12235960996388e-06 2.8103390210088e-06 3.97218582831593e-06 3.22660852474233e-06 3.18285173979138e-06 2.47578017129602e-06 1.27760318385794e-06 1.60488804074044e-06 2.7535617039165e-06 2.32379930110715e-06 1.07850883708238e-06 2.01394274197408e-06 1.62439098719824e-06 8.74667827788223e-07 2.32533761099774e-06
2.36466156868786e-06 2.58485075107728e-05 1.07505878027325e-05 2.60600678892664e-05 2.58076523373951e-06 1.07317792281902e-05 1.4687300251337e-05 3.3675377449105e-05 2.06756865046231e-05 0.00015242289790991 5.45783832640812e-05 0.000555948423610175 0.00169197622468289 0.0017954967705009 0.15792696351749 0.174878266267478 0.0126836703449953 0.00136902406940175 0.00943033565563383 0.00459286622044601 0.00152924134827117 0.00107993989686292 1.94871947720721e-06 8.19441497696971e-06 4.67685158409559e-06 9.86448776826299e-06 7.63995704524678e-06 8.60224778274077e-06 3.83917054548322e-06 2.09868333467256e-06 9.71362701507328e-07 2.43380174163033e-06 1.73676001758993e-06 2.34133361709521e-06 2.29772296851394e-06 2.43562594984814e-06 2.29862046111862e-05 1.64950052284896e-06 2.05853779612353e-06 1.47059889396006e-06 1.69369886982018e-06 1.71384720548673e-06 2.386399935983e-06 1.2520124140214e-06 1.72995044813717e-06
1.91180728617013e-06 6.82185344000885e-06 1.82582223118288e-06 7.86141694002485e-06 4.53635020113419e-06 7.38418726904388e-06 2.40635551492119e-05 8.59839361240233e-06 2.37877634759798e-05 1.86670652478238e-05 1.691772670398e-05 0.00033236250437767 0.00521540661973816 0.00645482494438013 0.0138607197943497 0.00751568515552208 0.0125941625710535 0.115988534738426 0.00070646305277835 6.77481753292852e-06 0.000723703184098667 9.32712919171186e-05 0.00247411777036177 2.51790698692078e-06 6.58337112191543e-06 8.59275413052085e-06 3.17559943624701e-05 3.63700532445277e-06 2.58072892530548e-06 2.26900977070565e-06 1.9998710860003e-06 1.32620899244706e-06 9.06669414157957e-07 7.58330251893202e-07 9.22848567641577e-07 8.22784287723977e-07 1.19890412589863e-06 1.42083337627552e-06 1.42068289505914e-05 3.15372962240712e-06 2.11749651327864e-05 1.38421222217744e-05 0.000892574508452526 0.000630638537057848 1.23855361579217e-05
5.10262022068719e-07 2.08305404001408e-06 7.33436840654189e-06 2.55484483867585e-06 4.20596341261792e-06 4.49255064280951e-06 1.44480466510721e-06 4.3542832881549e-06 9.71886346061712e-06 1.05645355775064e-05 3.880906420477e-05 0.000222250184686434 0.00478713791817427 0.0192239612350932 0.000382348860148585 0.000116909063581261 0.00548719082580647 0.00749410716744023 0.00262233861012646 0.00155244630423113 0.0057784559116044 0.0146289383476336 0.00435806856075942 9.46090296565671e-05 2.50742214245037e-05 6.03201612193516e-05 9.08591564439121e-06 1.78528925678378e-06 9.88265329404658e-07 1.50258422026983e-06 1.30805407961843e-06 1.09815053027651e-06 6.95326536193086e-07 3.58353344098727e-07 3.47831288183276e-07 3.99735547140789e-07 1.06982921920462e-05 2.62550484990243e-05 7.60051924793004e-06 2.89233472452466e-06 2.47260815001482e-05 0.000112623228778852 0.000543669916010003 1.87806990311401e-05 1.85476348065094e-05
1.23193759904439e-06 6.25996971104215e-07 1.41582739811019e-06 6.30190931083519e-07 2.33352974268186e-06 2.6920123164742e-06 3.195530660971e-06 2.85834006473751e-06 4.32556257237593e-05 0.00117603930916973 0.00277081962871691 0.0125226771130997 0.00199257024213466 0.035379508882761 0.0125716491020285 0.0688049352727855 0.0519065413624048 0.0771964547224343 0.189910290343687 0.0747649999686487 0.0201291735778796 0.0376860419637524 0.0505398336181315 0.0092557516953093 3.58599633727863e-05 6.44623898097052e-05 2.25565398933369e-05 1.47758768607176e-06 6.61402647827991e-07 3.22370201422117e-07 2.5624124324608e-07 2.69862773694118e-07 2.79580844675387e-07 3.40923394359649e-07 8.5615711908904e-07 4.5975078412086e-07 8.11972835601527e-07 7.53793692247484e-06 0.00220406420247454 0.000115037996329215 4.04187236199505e-05 7.74990388094921e-06 7.41387640772473e-06 1.99845122290654e-06 3.24706543541886e-08
5.37557158253321e-07 4.71674093205365e-07 4.29631760994198e-06 9.88012016978068e-07 1.44986907074651e-06 3.06295255670941e-06 3.40686659617839e-06 3.87653303171476e-05 0.000273352512522251 0.00171339384160092 0.000713440511583496 0.0257470873417333 0.314819733612239 0.0914041061885655 0.117207587882876 0.00234057103807572 0.00821494390376927 0.0629283399743144 0.014417480269185 0.0297858878591668 0.009099206161045 0.00200074295337345 1.80683683311145e-05 2.86600123123315e-05 7.43354002352703e-07 2.40609719115437e-07 1.73466694919355e-07 4.60105917277076e-07 5.88326863493194e-07 1.85907819871822e-07 3.9307350296891e-08 2.71317476041588e-08 2.90232322508466e-08 1.12240278511422e-06 3.041989348751e-07 2.37310434982874e-06 0.000239603917671616 0.000434430620907733 0.00161297056862701 0.000315872264545192 1.15748897400181e-06 3.91277788058808e-07 3.19784865143724e-08 3.09790582742053e-08 1.75581330363883e-08
7.48996616284359e-07 6.06993538809775e-07 1.14205432048209e-05 5.06238288056071e-07 1.02052696031585e-06 7.78214158531076e-06 7.72542279701582e-05 0.000661383601925891 0.00206042282175076 0.129647714272141 0.195645878834694 0.178089056909084 0.112166038068748 0.287704475416103 0.0563661747379228 0.0289680214511463 0.016986589256358 0.0127623422300242 0.00219997490212336 0.00345087942882856 0.00142758293818588 1.28064894397539e-05 5.91314023949963e-06 2.47867579750149e-07 2.24534296489054e-07 1.77698638470503e-07 2.8552073318977e-07 2.95923431647971e-08 7.16968544867136e-08 1.92056760006665e-07 3.79779513726142e-08 4.19171129362184e-08 1.61617780947143e-07 4.0784501230462e-06 2.90426289806245e-07 8.62996087107604e-06 0.000305462939408585 1.65569168446567e-06 1.31493845685782e-05 2.50500429466172e-07 4.49552721160096e-08 2.44430592100109e-08 1.21431339539235e-08 1.58867021093911e-08 2.14108549001502e-08
1.62504067022673e-05 5.51355877309589e-07 2.13030553215532e-06 5.89773847768926e-06 1.00306227068359e-05 5.42823227533629e-05 0.000104582590440983 0.00101639529129898 0.01674129870662 0.119353947434593 0.00656510951742109 0.00701336031907017 0.00139829061808996 0.00935195712040997 0.0229212394598107 0.105197591178876 0.4174413841567 0.0015289003888029 1.24250113188396e-05 8.25255244336631e-06 2.29340510800036e-06 2.67286232824571e-07 6.76510087616045e-08 9.86864560070799e-08 2.11405648875562e-08 1.24989762984029e-08 9.87654248385539e-09 7.72984533048415e-09 1.72310912760487e-08 3.21308884498883e-08 2.69150381315697e-08 3.64802214991577e-08 6.52545959378692e-08 3.35183065802713e-07 7.23192469520573e-07 2.63923702314983e-07 3.11819895137955e-07 1.06963712442898e-08 2.01888195383582e-08 1.23541574414965e-08 1.16600420319024e-08 1.09676125736868e-08 8.04742112947565e-09 1.06456105708475e-08 2.15078283627435e-08
1.65492039769788e-06 7.9343992158698e-07 1.96434235917309e-06 1.09567659143828e-05 3.97323838598362e-05 0.000516101299558613 0.00113282622579404 0.0399906987324357 0.0118241455988184 0.0796057390200158 0.00274720719280595 0.00272150514924192 0.00288869450741913 0.0054443578235805 0.000525627165870901 1.31020674388083e-05 3.68064715061678e-06 1.60483279421086e-07 8.07243482947584e-08 2.90706392735984e-08 3.17373318847736e-08 5.58043337317571e-08 2.82706658305543e-08 1.6416618175974e-08 1.04210331586252e-08 6.32652888965524e-09 2.08942358970177e-09 1.7559445009141e-09 1.80330214094582e-09 4.18938026491844e-09 2.80209677683274e-09 4.24168113966061e-09 1.01440988831136e-08 6.03798150478063e-08 4.47050262364357e-09 4.31723642391191e-09 4.96828361784551e-09 3.01887309595017e-09 9.69543747508794e-09 5.02952371972398e-09 9.2028356823981e-09 8.40087344133877e-09 7.34624573395237e-09 6.06304502159816e-09 1.04125010835787e-08
7.04437296183968e-07 1.09300858436301e-06 4.28812133070888e-06 1.09086353617727e-05 4.86123438459884e-05 0.00969192880763785 0.0733766665420262 0.0155293384915694 0.0294630442370437 0.00593621026855544 0.00368327964970376 0.00379305300011765 0.000255603892890122 1.15305089892104e-05 8.92333756952191e-07 6.21117069887767e-08 5.74064137448538e-08 1.88436537373882e-08 4.47517608859194e-08 1.22277835190587e-08 6.5851342490042e-09 1.47546431183976e-08 3.14982785409867e-08 5.08127838805272e-08 2.15967020267271e-08 9.82201585619791e-09 4.52608752699035e-09 1.31404434000615e-09 1.07389461767582e-09 1.24066015239066e-09 1.63696454169582e-09 1.67762240765867e-09 2.12844740721252e-09 3.71163281220888e-09 1.8246325117488e-09 1.86162790738464e-09 1.88060117478628e-09 3.60047884839787e-09 1.2737587440359e-08 1.42881495412972e-08 9.11841785411482e-09 8.62328540796042e-09 3.70372876812297e-09 4.06110376438562e-09 3.82933261766638e-09
1.44883868870349e-05 5.55058923883411e-05 0.000809079636474053 0.00156780075346603 0.00753758519131225 0.316038848273456 0.00566371202165179 0.103367405321842 0.0090629326878191 0.00613764535992232 0.00569236904557329 6.22056667339166e-05 1.66004013867349e-06 2.41061219119487e-07 5.93101393664419e-08 1.80654878723097e-08 1.37380296361123e-08 7.19918239466821e-09 5.49342682454323e-09 5.2660233063051e-09 1.16909435465828e-08 1.35844887561021e-08 3.22169072863865e-08 3.26219888546753e-08 1.54367643778741e-08 4.36739138187647e-09 1.31843670425624e-09 9.95571480810753e-10 3.1899144881109e-09 9.48116540833155e-10 9.78280811914089e-10 3.51829195777142e-09 3.94498242961561e-09 1.01018501341699e-09 8.32043955956152e-10 1.70882432648511e-09 1.67571423403956e-09 4.45620912392641e-09 8.29171633576209e-09 8.57656402564189e-09 2.92190530659653e-09 2.8063588231042e-09 1.67645153315021e-09 2.40368465131979e-09 2.34879757865514e-09
0.00119222167995758 0.0108000364387364 0.0138561387844189 0.00786349410617007 0.00462825986542184 0.00414841542442447 0.0064124147990169 0.0122726703441003 8.16294905234827e-05 0.000139926762132925 2.52930449811117e-06 2.10711671926322e-06 2.06763576109381e-06 2.01944071120952e-07 2.72291739089603e-07 1.48439866638483e-06 1.945229468725e-07 5.27707643138697e-09 2.06487889009566e-09 1.80560812967911e-09 1.78590331412209e-09 1.98395919692729e-09 4.26943470577257e-09 1.15916939935623e-08 1.08547635879752e-08 7.15444122834086e-09 1.83689136123988e-09 6.40310837685121e-10 8.11457856464415e-10 5.06166986102841e-10 8.94837037801466e-10 1.11230396004913e-09 7.74115704871292e-10 4.70806049701622e-10 8.07570177396855e-10 1.20082811472244e-09 1.25308052822959e-09 1.68237461739551e-09 1.8856942340939e-09 3.30087102096144e-09 1.70325537007798e-09 3.07511096586666e-09 1.17759297868503e-09 1.43825190646041e-09 1.23952279551531e-09
