Maxent_result_files_2/B_veteranus_3.asc
NCOLS 594 
NROWS 330 
XLLCORNER -15 
YLLCORNER 23 
CELLSIZE 0.166666666666667 
NODATA_value -9999 
[rows 120 to 139 of 330, columns 138 to 183 of 594]
-9999 -9999 -9999 -9999 -9999 -9999 -9999 -9999 -9999 -9999 -9999 -9999 -9999 -9999 -9999 -9999 -9999 -9999 -9999 -9999 -9999 -9999 0.4938621789217 0.468587151169777 0.329555009305477 0.181586197018623 0.187656283378601 0.243346998095512 0.149846205115318 0.356858423352241 0.562097743153572 0.355196312069893 0.291443563997746 0.536377581954002 0.527839481830597 0.458977174758911 0.496467944979668 0.105560684204102 0.60754246711731 0.66921152472496 0.66145898103714 0.520203682780266 0.678791439533234 0.608527582883835 0.428107467293739 0.377802234888077
-9999 -9999 -9999 -9999 -9999 -9999 -9999 -9999 -9999 -9999 -9999 -9999 -9999 -9999 -9999 -9999 -9999 -9999 -9999 -9999 -9999 -9999 -9999 0.959255784749985 0.665095767378807 0.17155037894845 0.0345543172210455 0.0270620202645659 0.0283929022029042 0.295541134476662 0.49259327352047 0.491377067565918 0.54951710999012 0.326070719957352 0.0885227143764496 0.0844930175691843 0.594039589166641 0.627730000019074 0.541119563579559 0.468185484409332 0.590778654813766 0.731921970844269 0.5460584461689 0.449687618017197 0.142340140789747 0.230705995857716
-9999 -9999 -9999 -9999 -9999 -9999 -9999 -9999 -9999 -9999 -9999 -9999 0.539360648393631 0.703055512905121 0.676938629150391 -9999 -9999 -9999 -9999 -9999 -9999 -9999 -9999 0.814077401161194 0.643380117416382 0.0511550955474377 0.128109114617109 0.111221764981747 0.064126068726182 0.029946587421 0.230440507829189 0.378667053580284 0.379433420300484 0.15929314494133 0.0640531782060862 0.0229103351011872 0.0810176637023687 0.190377117693424 0.174598278105259 0.26846721470356 0.588648915290833 0.625587844848633 0.536819824576378 0.526572811603546 0.623224049806595 0.582922098040581
-9999 -9999 -9999 -9999 -9999 -9999 -9999 -9999 -9999 -9999 -9999 0.775094783306122 0.980176782608032 0.886249601840973 0.931609332561493 -9999 -9999 -9999 -9999 -9999 -9999 -9999 -9999 -9999 0.600783437490463 0.501924699544907 0.33695957660675 0.480540224909782 0.152711098641157 0.0257888166233897 0.194720008969307 0.0677599221467972 0.0190171186812222 0.0383468931540847 0.0247400272637606 0.0345314899459481 0.235745723545551 0.171285402774811 0.229664966464043 0.407545435428619 0.607705450057983 0.51469618678093 0.691251176595688 0.580889150500298 0.548918294906616 0.397369137406349
-9999 -9999 -9999 -9999 -9999 -9999 -9999 -9999 -9999 0.384538194537163 0.964451599121094 0.928984522819519 0.922997081279755 0.857851773500443 0.849380940198898 -9999 -9999 -9999 -9999 -9999 -9999 -9999 -9999 -9999 -9999 0.503318655490875 0.482687014341354 0.183879578113556 0.0366705305874348 0.0358740178868175 0.0977665528655052 0.11729494407773 0.120856660604477 0.194127736985683 0.092817272618413 0.329480043053627 0.360699889063835 0.263060429692268 0.31730235517025 0.394860917329788 0.401544788479805 0.312393228709698 0.426078489422798 0.176923005282879 0.393983966112137 0.250007052719593
-9999 -9999 -9999 0.424622681736946 0.661190974712372 0.702607005834579 0.358902834355831 0.820234805345535 0.711147856712341 0.681147354841232 0.28083960711956 0.982185912132263 0.768784373998642 0.891489750146866 -9999 -9999 -9999 -9999 -9999 -9999 -9999 -9999 -9999 -9999 -9999 -9999 0.830243337154388 0.545167323946953 0.383936804533005 0.227656479179859 0.322621151804924 0.269195951521397 0.129506333172321 0.321059133112431 0.434473919868469 0.452600553631783 0.481076821684837 0.509765964746475 0.288231490552425 0.598893338441849 0.501818081736565 0.545006087422371 0.371285909414291 0.101136922836304 0.0610633537173271 0.0786743275821209
-9999 -9999 0.993947160243988 0.992547631263733 0.48723072707653 0.043042153865099 -9999 0.636017045378685 0.976728928089142 0.914746469259262 0.98678372502327 0.929340142011643 0.956156557798386 0.36475712954998 -9999 -9999 -9999 -9999 -9999 -9999 -9999 -9999 -9999 -9999 -9999 -9999 0.346064412593842 0.809612381458283 0.676265597343445 0.27000227868557 0.210086858272552 0.0794649384915829 0.143532068282366 0.253200747072697 0.351435777544975 0.552309918403626 0.560356938838959 0.509028998017311 0.359237176179886 0.600643396377563 0.815869688987732 0.494329059123993 0.052159371972084 0.0281808093190193 0.0179433450102806 0.0262086416594684
-9999 -9999 0.911815857887268 0.492818692326546 0.76068931221962 0.748559379577637 0.460162749886513 0.437999156117439 0.99174427986145 0.960276901721954 0.902136832475662 0.859649723768234 0.893366342782974 0.736235994100571 -9999 -9999 -9999 -9999 -9999 -9999 -9999 -9999 -9999 -9999 -9999 -9999 -9999 -9999 0.808053529262543 0.780350369215012 0.408854293823242 0.233799859881401 0.14230879098177 0.341408202052116 0.435551029443741 0.339830765128136 0.492590090632439 0.504995003342628 0.344155874848366 0.470841804146767 0.430343478918076 0.427531188726425 0.263466954231262 0.207131247222424 0.129485171288252 0.132741591334343
-9999 0.918257564306259 -9999 0.263849382102489 0.294988444447517 0.960115081071854 0.606244966387749 0.58692612349987 0.918600505590439 0.955650335550308 0.963042634725571 0.931248652935028 0.867830473184586 0.965384489297867 -9999 -9999 -9999 -9999 -9999 -9999 -9999 -9999 -9999 -9999 -9999 -9999 -9999 -9999 -9999 -9999 0.835651957988739 0.359518951177597 0.394808095693588 0.386266896128655 0.320028692483902 0.451780635118484 0.412772178649902 0.50476185977459 0.447392416000366 0.133398679643869 0.258912354707718 0.494449478387833 0.395980504155159 0.467256566882133 0.439668172597885 0.373817047476768
-9999 0.723800599575043 0.951302820444107 0.991701233386993 0.8015529692173 0.866543620824814 0.969284075498581 0.89760365486145 0.884168529510498 0.878749722242355 0.783593547344208 0.868505722284317 0.732271099090576 0.86545991897583 0.66068542599678 0.764222884178162 0.743953084945679 0.376859246194363 -9999 -9999 -9999 -9999 -9999 -9999 -9999 -9999 -9999 -9999 0.573296594619751 0.748509299755096 0.700470626354218 0.287304303050041 0.392999765276909 0.23059888035059 0.202078326046467 0.432860714197159 0.430086636543274 0.30397069901228 0.188578096032143 0.272204691171646 0.309456492960453 0.237419767677784 0.436430788040161 0.266699749231338 0.368283075094223 0.356207570433617
-9999 0.577799260616302 0.800108915567398 0.911515092849731 0.970272672176361 0.923373776674271 0.937784487009048 0.883225381374359 0.83523456454277 0.833041596412659 0.793007779121399 0.739028781652451 0.867615115642548 0.930160015821457 0.340922829508781 0.566484999656677 0.519226723909378 -9999 -9999 -9999 -9999 -9999 -9999 -9999 -9999 -9999 -9999 -9999 -9999 0.87721431851387 0.620084416866302 0.2983891710639 0.281397871673107 0.319113576412201 0.380908405780792 0.356629368662834 0.39853837788105 0.467037653923035 0.285701757669449 0.277522873878479 0.477159523963928 0.470245611667633 0.554883617162705 0.559292867779732 0.384011587500572 0.612697088718414
-9999 0.370758378505707 0.946359246969223 0.975761008262634 0.90383288860321 0.979488778114319 0.941756409406662 0.967480427026749 0.777747440338135 0.652940988540649 0.611520648002625 0.940498226881027 0.90760605931282 0.228606357425451 -9999 -9999 -9999 -9999 -9999 -9999 -9999 -9999 -9999 -9999 -9999 0.657784384489059 0.402768507599831 -9999 0.465055269002914 0.814967489242554 0.589325076341629 0.495885863900185 0.322658494114876 0.273240375518799 0.518379339575768 0.334421586990356 0.591916489601135 0.823014235496521 0.415254560112953 0.515130743384361 -9999 -9999 -9999 -9999 -9999 -9999
-9999 -9999 0.809959602355957 0.985643810033798 0.942964774370193 0.907027095556259 0.918733030557632 0.91313351392746 0.878935372829437 0.832479125261307 0.893025982379913 0.743038731813431 0.535465762019157 -9999 -9999 -9999 -9999 -9999 -9999 -9999 -9999 0.397173222899437 -9999 -9999 0.28117236495018 0.697008085250854 0.432741394639015 -9999 -9999 0.642627483606338 0.80646910071373 0.839889681339264 0.614190489053726 0.473518854379654 0.48758719265461 0.444047930836678 0.620200681686401 0.902250146865845 -9999 -9999 -9999 -9999 -9999 -9999 -9999 -9999
-9999 0.757233768701553 0.9804054915905 0.985570013523102 0.944055664539337 0.960794866085052 0.988451355695725 0.938894152641296 0.977705937623978 0.8945836186409 0.800522232055664 0.691062462329864 -9999 -9999 -9999 -9999 -9999 -9999 -9999 -9999 0.622144472599029 0.519028657674789 0.494212853908539 0.456225007772446 0.546624368429184 0.628398364782333 0.979377216100693 0.976098620891571 -9999 -9999 0.4542166441679 0.453002032637596 0.830499374866486 0.761498522758484 0.903716838359833 0.589473843574524 0.508632147312164 -9999 -9999 -9999 -9999 -9999 -9999 -9999 -9999 -9999
-9999 0.460746717453003 0.957015800476074 0.987203752994537 0.992808783054352 0.935739594697952 0.940619075298309 0.988080114126205 0.972645431756973 0.908949518203735 0.841512703895569 -9999 -9999 0.566093027591705 0.296290452778339 -9999 -9999 -9999 -9999 0.49501785337925 0.490883627533913 0.486293387413025 0.530572190880775 0.564997059106827 0.559742075204849 0.631657722592354 -9999 -9999 -9999 -9999 0.336501342058182 0.669014716148376 0.693012380599976 0.731661766767502 0.697454684972763 0.868487840890884 0.75921191573143 0.687281465530395 -9999 -9999 -9999 -9999 -9999 -9999 -9999 -9999
-9999 -9999 -9999 -9999 0.89410228729248 0.812826669216156 0.994441735744476 0.989500606060028 0.943459457159042 0.910391050577164 -9999 0.619840955734253 0.770560294389725 0.632327574491501 0.362203922867775 0.385363739728928 -9999 -9999 -9999 0.191770902276039 0.480869942903519 0.375644698739052 0.539879232645035 0.494197323918343 0.436525222659111 0.375227119028568 -9999 -9999 -9999 -9999 0.475828829407692 0.527884268760681 0.79923580288887 0.254817236959934 -9999 -9999 0.459047773480415 -9999 -9999 -9999 -9999 -9999 -9999 -9999 -9999 -9999
-9999 -9999 -9999 -9999 0.92673956155777 0.9466492831707 0.993640232086182 0.98699180483818 0.980291974544525 0.753554481267929 -9999 -9999 0.547254967689514 0.633965957164764 0.293014879524708 0.667272067070007 0.506166043877602 -9999 -9999 0.389152523875237 0.295028522610664 0.368444883823395 0.48489356637001 0.406294295191765 0.368165144324303 0.569330582022667 -9999 -9999 -9999 -9999 -9999 -9999 -9999 -9999 -9999 -9999 -9999 -9999 -9999 -9999 -9999 -9999 -9999 -9999 -9999 -9999
-9999 -9999 -9999 -9999 0.964886873960495 0.991645306348801 0.80104615688324 0.973117154836655 0.914256477355957 -9999 -9999 -9999 -9999 0.329489657282829 0.539059779047966 0.571394258737564 -9999 -9999 -9999 -9999 -9999 -9999 -9999 0.374908947944641 0.349693650007248 -9999 -9999 -9999 -9999 -9999 -9999 -9999 -9999 -9999 -9999 -9999 -9999 -9999 -9999 -9999 0.273230369389057 0.531944042444229 0.81906019449234 -9999 -9999 -9999
-9999 -9999 -9999 -9999 0.535081344842911 0.994296586513519 0.99026911854744 0.947643625736237 0.877857393026352 0.554700103402138 0.643498861789703 0.57927910387516 -9999 -9999 -9999 -9999 0.280871286988258 -9999 -9999 0.553748816251755 -9999 -9999 -9999 0.564859130978584 0.164383505284786 -9999 -9999 -9999 -9999 -9999 -9999 -9999 -9999 -9999 -9999 -9999 -9999 -9999 -9999 -9999 -9999 -9999 -9999 -9999 -9999 -9999
-9999 -9999 -9999 -9999 0.636622250080109 0.646764746308327 0.872467195987701 0.972214132547379 0.943846625089645 0.886608588695526 0.743547874689102 0.476181319355965 -9999 -9999 -9999 -9999 -9999 -9999 -9999 0.650823724269867 0.37507426738739 0.427737063169479 0.3492052257061 0.466120499372482 -9999 -9999 -9999 -9999 -9999 -9999 -9999 -9999 -9999 -9999 -9999 -9999 -9999 -9999 -9999 -9999 -9999 -9999 -9999 -9999 -9999 -9999
