Maxent_result_files_2/B_veteranus_3.asc
NCOLS 594 
NROWS 330 
XLLCORNER -15 
YLLCORNER 23 
CELLSIZE 0.166666666666667 
NODATA_value -9999 
[rows 120 to 139 of 330, columns 322 to 367 of 594]
0.397284284234047 0.282909272611141 0.169780768454075 0.191137689352036 0.24920883923769 0.334603536128998 0.248858311772346 0.25293078571558 0.24408141374588 0.258304454386234 0.266329833865166 0.116850823909044 0.130632598698139 0.199463397264481 0.242236053943634 0.144677810370922 0.25182344019413 0.268459688127041 0.142574127018452 0.134612397104502 0.137415782362223 0.163622990250587 0.178879107534885 0.14195905700326 0.136674351245165 0.14706184566021 0.158638325333595 0.15582517683506 0.157864429801703 0.187937664985657 0.165547332167625 0.181549260020256 0.204914613068104 0.15106148198247 0.144866272807121 0.149930012226105 0.15113128349185 0.152783338725567 0.143331619352102 0.16070197224617 0.206222788989544 0.14831854403019 0.200115048885345 0.214252737164497 0.139823494851589 0.132815513759851
0.182842002809048 0.323141244053841 0.259245681762695 0.317289909720421 0.192639061808586 0.231601023674011 0.860227686166763 0.446876758337021 0.42081778049469 0.238843329250813 0.255513954162598 0.282658888399601 0.31094828248024 0.604660445451736 0.277034588158131 0.186583961546421 0.201069623231888 0.2207454636693 0.137977991998196 0.13029593154788 0.128931425511837 0.217312875390053 0.215356886386871 0.145695021003485 0.151956629008055 0.189174556732178 0.156467584520578 0.158409194648266 0.19056740552187 0.174086612462997 0.291783720254898 0.125206242501736 0.158077304065228 0.158774776011705 0.16140893548727 0.15795119330287 0.159453285485506 0.160404546558857 0.163730938732624 0.182426238059998 0.235497182607651 0.15309544801712 0.152388519048691 0.219877946376801 0.201783233880997 0.185061274468899
0.17604054659605 0.177297273278236 0.179513110220432 0.172043426334858 0.279606628417969 0.287694042921066 0.474155026674271 0.999975818395615 0.251585501432419 0.300996005535126 0.26329343765974 0.260313361883163 0.213906353712082 0.262670591473579 0.265665265917778 0.302564656734467 0.276561750471592 0.225340847671032 0.147958436608315 0.156242795288563 0.212020756304264 0.156414256244898 0.13871273547411 0.142561710625887 0.150732549279928 0.147661155462265 0.144331346452236 0.212455432116985 0.267508149147034 0.282558415830135 0.195031237602234 0.195808872580528 0.165982435643673 0.161199043691158 0.161275921016932 0.167087344825268 0.170184545218945 0.170470170676708 0.162697343528271 0.169101110100746 0.170058023184538 0.154673127830029 0.227272669970989 0.256711134314537 0.206139017641544 0.192922446131706
0.17510176897049 0.19436087757349 0.285975174605846 0.283486953377724 0.337565979361534 0.142834111303091 0.29076065570116 0.263702356815338 0.214945749938488 0.254819498956203 0.273811921477318 0.311522912979126 0.358534437417984 0.382585582137108 0.364076340198517 0.317448629438877 0.256071826815605 0.225820238888264 0.247578343749046 0.206148861348629 0.434478250145912 0.328147038817406 0.233104018867016 0.226385283470154 0.222146278619766 0.177120909839869 0.177208730578423 0.159162136912346 0.268226918578148 0.163442653417587 0.201120333373547 0.165331289172173 0.168235400319099 0.15878279954195 0.168636985868216 0.173784145712852 0.164469867944717 0.257043039798737 0.247116029262543 0.170334052294493 0.173422193527222 0.153189623355865 0.22693422883749 0.193057136237621 0.204878114163876 0.205765099823475
0.304005715250969 0.301688542962074 0.297438496351242 0.288204273581505 0.406164601445198 0.508582100272179 0.268858778476715 0.282129630446434 0.256926181912422 0.296761456131935 0.280470715463161 0.259452198445797 0.288157090544701 0.258461222052574 0.315014001727104 0.262277385592461 0.249085679650307 0.264503329992294 0.245878578722477 0.315523567795753 0.230030956864357 0.220106907188892 0.234533813595772 0.225027732551098 0.189364624023438 0.179840968549252 0.0766905806958675 0.110996278747916 0.140559086948633 0.143368484824896 0.162634351849556 0.168391139805317 0.162547372281551 0.254280012845993 0.163420890271664 0.16720260232687 0.174892735481262 0.174301105737686 0.298658215999603 0.170568725466728 0.156739245355129 0.159029622375965 0.168045425415039 0.16764563024044 0.202273513376713 0.211971308290958
0.274174156785011 0.336765763163567 0.290599256753922 0.323602265119553 0.243228125572205 0.297167301177979 0.288371519744396 0.264483428001404 0.238921105861664 0.267463763058186 0.21736832857132 0.291024243831634 0.24197203963995 0.997413164377213 0.221396179497242 0.2411436393857 0.251089812815189 0.251163689792156 0.308569830656052 0.281366181373596 0.244388119876385 0.235339079797268 0.230570079386234 0.188687589764595 0.132371336221695 0.204716725647449 0.124022661149502 0.143585842102766 0.195383851230145 0.20763123780489 0.224225358664989 0.178745646774769 0.183173678815365 0.165497113764286 0.171850745379925 0.195541769266129 0.167781032621861 0.167166827619076 0.293237063288689 0.297622436285019 0.155785878002644 0.15943196117878 0.162826454639435 0.161006174236536 0.158911379426718 0.150798394531012
0.216876125335693 0.176130667328835 0.279003611207008 0.281551595032215 0.204253941774368 0.293957817554474 0.319543401896954 0.395155981183052 0.239744228124619 0.250502403080463 0.265615601837635 0.298994944989681 0.15549353659153 0.406876480579376 0.416512715816498 0.247372524440289 0.372967287898064 0.272009088099003 0.264965505897999 0.284756979346275 0.235411423444748 0.244154205918312 0.231295488774776 0.227087672054768 0.16321251988411 0.20923108458519 0.241198606789112 0.115609756857157 0.303760670125484 0.214122903347015 0.227787403762341 0.17519878745079 0.163984598219395 0.174833504855633 0.232242123782635 0.24458874464035 0.251093736290932 0.251211522519588 0.247427189350128 0.24040864855051 0.227828127145767 0.216197496652603 0.141194804757833 0.13745536133647 0.130514682084322 0.127035391330719
0.275517500936985 0.540973442792893 0.325266540050507 0.308871540427208 0.330299219489098 0.257712632417679 0.202947886288166 0.254432351887226 0.209646372497082 0.253272591531277 0.288401943445206 0.290470752120018 0.147966730594635 0.244518221914768 0.202841763198376 0.176712265610695 0.269341640174389 0.25206638276577 0.210909122228622 0.171706067025661 0.255595283210278 0.399349695444107 0.294234842061996 0.163256467878819 0.141028762608767 0.144227412343025 0.183202600479126 0.102055710926652 0.211941049993038 0.221119476854801 0.137645567208529 0.164666123688221 0.233938935399055 0.177704794704914 0.184264621138573 0.19377426058054 0.18849424123764 0.159149265289307 0.191945819556713 0.154202771186829 0.221514403820038 0.268182167410851 0.183391928672791 0.141541377454996 0.136873099952936 0.100433101505041
0.29374506175518 0.291689038276672 0.408910471200943 0.361070361733437 0.307952362298965 0.367029997706413 0.405406531691551 0.389512255787849 0.392842531204224 0.267103829979897 0.267847289144993 0.301690866053104 0.209848637878895 0.212272228300571 0.249396285414696 0.242559027671814 0.237607154250145 0.259922711551189 0.31521151214838 0.30649009346962 0.19259502440691 0.528564965724945 0.528685507178307 0.182464177906513 0.212917093932629 0.241436003148556 0.228532342612743 0.327915118634701 0.408030515909195 0.269163203239441 0.235819378495216 0.222832523286343 0.220012447237968 0.167731679975986 0.169602235406637 0.166331204771996 0.171062102913857 0.168159244954586 0.174090455472469 0.207001152634621 0.149671766906977 0.138545518368483 0.134530125558376 0.153106288611889 0.138529268652201 0.146981866657734
0.405027213692665 0.341163125634193 0.331896713376045 0.287979975342751 0.438326308131218 0.310454025864601 0.257717983424664 0.311709007620811 0.413414001464844 0.256587389111519 0.145491861552 0.264104729890823 0.250983002781868 0.245974367856979 0.267583219707012 0.239848127216101 0.289328153431416 0.24414536356926 0.22700466811657 0.148090871982276 0.407498320937157 0.91343041062355 0.884638381004333 0.371960046887398 0.403037518262863 0.312801085412502 0.260217241942883 0.219434723258018 0.301225969195366 0.365060868859291 0.491424885392189 0.277800534665585 0.968140405416489 0.325578513741493 0.158884970843792 0.168644486367702 0.16673773303628 0.210419648885727 0.141767886281013 0.221928998827934 0.178911860287189 0.21081757247448 0.135878625512123 0.141509164124727 0.124078982323408 0.222329667210579
0.291455879807472 0.351696914434433 0.290316936373711 0.199593256413937 0.431515437364578 0.287489503622055 0.322852078080177 0.309650894999504 0.438268294930458 0.433456549048424 0.370958638191223 0.28073965460062 0.351402539014816 0.28558941334486 0.357729724049568 0.265340068936348 0.188235284388065 0.155682566761971 0.155398373305798 0.237257811427116 0.0871424917131662 0.186821684241295 0.317689394205809 0.264509522914886 0.308082574605942 0.340804623067379 0.21996206343174 0.414415112137794 0.766284221410751 0.207410944998264 0.455952832102776 0.99070827960968 0.242848284542561 0.177030174434185 0.292913591861725 0.243263456225395 0.16014246493578 0.168016158044338 0.138748367130756 0.201228874921799 0.188276892900467 0.291977475583553 0.3526919901371 0.319407171010971 0.18660869076848 0.130444274842739
0.254702712595463 0.287547893822193 0.261508074402809 0.169626866281033 0.167639370262623 0.270865319669247 0.223488755524158 0.377114307880402 0.335794189572334 0.314310246706009 0.629728332161903 0.163013018667698 0.233052164316177 0.163083148002625 0.166186963021755 0.154711403697729 0.271084091067314 0.164411042630672 0.187406931817532 0.234214122593403 0.21942725777626 0.209749746322632 0.199461172521114 0.154692560434341 0.31639190018177 0.315949359536171 0.181612446904182 0.216738903522491 0.260157607495785 0.276532849669456 0.198951409757137 0.257672716677189 0.310757055878639 0.236574433743954 0.168245729804039 0.268918837606907 0.221304306387901 0.0912083894014359 0.314380702376366 0.148524618893862 0.144772351533175 0.0514167917892337 0.124596890807152 0.13778807669878 0.0773661904036999 0.109246923774481
0.305906009674072 0.265234404802322 0.219894912838936 0.233004932105541 0.255149811506271 0.226527945697308 0.227647669613361 0.270215500891209 0.218428702652454 0.244208353757858 0.188812677562237 0.255525566637516 0.239699040353298 0.228337348997593 0.164686439931393 0.162485611438751 0.245138871669769 0.174895614385605 0.209621922671795 0.22463019490242 0.176089252531528 0.236016464233398 0.335491538047791 0.145298904925585 0.204154781997204 0.31754287481308 0.303111785650253 0.405873101949692 0.285808254778385 0.216932785511017 0.202303583920002 0.224734419584274 0.263439328968525 0.331723791360855 0.255551069974899 0.245421069860458 0.295074678957462 0.327589291334152 0.312657359242439 0.30239714384079 0.269352473318577 0.290116170048714 0.28252047598362 0.097921547293663 0.0902159616351128 0.203882652521133
0.383132326602936 0.330649277567863 0.323823001980782 0.245535762608051 0.198403346538544 0.386016261577606 0.181457132101059 0.322186182439327 0.253190031647682 0.255091390013695 0.231961561739445 0.400587832927704 0.170145255327225 0.166500236093998 0.160715951025486 0.161016623675823 0.209767815470696 0.251178441941738 0.272109021246433 0.139165323227644 0.253626541793346 0.14342875406146 0.317622500658035 0.230549964308739 0.23033113181591 0.221404115855694 0.27957973331213 0.314594754576683 0.147346109896898 0.149422614276409 0.144125859439373 0.221037198603153 0.222894741594791 0.329450047016144 0.29697385430336 0.261556030809879 0.186705316603184 0.298220457136631 0.304053798317909 0.232806427776814 0.298447884619236 0.096418122947216 0.0961048975586891 0.195655201375484 0.0860305272042751 0.0909707233309746
0.313904649019241 0.307740595936775 0.297561597824097 0.216955532133579 0.266396225988865 0.643213522434235 0.350485709309578 0.434811878204346 0.241763155162334 0.172821569442749 0.802246668934822 0.475212463736534 0.289343357086182 0.400671362876892 0.461857897043228 0.201945081353188 0.255937995016575 0.223150718212128 0.253927198052406 0.313253289461136 0.597857972979546 0.19606199413538 0.143199303001165 0.175337110459805 0.146533513069153 0.155548647046089 0.150198236107826 0.139510563760996 0.150894386321306 0.183269876241684 0.206623178720474 0.209001749753952 0.216536608338356 0.254750172793865 0.106659191101789 0.296488857269287 0.106332813203335 0.102296808362007 0.31064518392086 0.118643558770418 0.105255880951881 0.172381477802992 0.0829716730862856 0.112670332193375 0.0893902279436588 0.0962709732353687
0.254702164232731 0.277548004686832 0.366116705536842 0.363034814596176 0.17157731205225 0.200937509536743 0.286238342523575 0.509299165010452 0.377266135811806 0.329749397933483 0.192624862492084 0.173730850964785 0.160514767467976 0.168799358606338 0.172468519210815 0.17122645676136 0.271417804062366 0.228912132978439 0.247758622467518 0.342346653342247 0.3071537733078 0.319464935362339 0.1705103546381 0.29375034570694 0.143455693125725 0.155169241130352 0.215812729299068 0.208910647034645 0.202719877660274 0.199330365657806 0.303095331788063 0.288852824270725 0.139614287763834 0.102336597442627 0.106943415850401 0.331945386528969 0.259691539406776 0.104629194736481 0.277893483638763 0.262527544796467 0.1627665117383 0.249059142172337 0.0925805434584618 0.0953769981861115 0.0956143096089363 0.204987409710884
0.359867992997169 0.176988479495049 0.202013783156872 0.281041105091572 0.276103194057941 0.174116928875446 0.241904449462891 0.249502623081207 0.137057728692889 0.404298469424248 0.192593504488468 0.172541755437851 0.188044637441635 0.173388205468655 0.222161434590816 0.170581234246492 0.186504213511944 0.263184915482998 0.363466554880142 0.245006862282753 0.33330899477005 0.451571530103683 0.151017741858959 0.18118035197258 0.204967471957207 0.22260933816433 0.26999729424715 0.096994224190712 0.0931115679442883 0.0876571528613567 0.0870268411934376 0.287351906299591 0.217197571694851 0.225913056731224 0.237734220921993 0.112826902419329 0.108518912643194 0.23607574403286 0.208653856813908 0.169883093982935 0.24911824464798 0.0919805184006691 0.0941801011562347 0.0958411708474159 0.0955457173287868 0.206309339404106
0.835848265886307 0.431797981262207 0.400576135516167 0.220405794680119 0.218358664214611 0.584660373628139 0.622196158766746 0.424104937911034 0.438323782384396 0.289376109838486 0.236376358568668 0.256113141775131 0.236636385321617 0.251106612384319 0.267403088510036 0.179670464992523 0.252151101827621 0.246356165409088 0.259941440820694 0.311877378821373 0.142937877029181 0.148619992285967 0.168815177679062 0.14937137439847 0.181921291351318 0.224950069189072 0.171221899986267 0.272180005908012 0.299105924367905 0.208435492217541 0.20409420132637 0.213887894153595 0.226743249595165 0.223160716891289 0.303737173974514 0.106589736789465 0.171559899300337 0.10351412370801 0.314045868813992 0.0971018992364407 0.258848640322685 0.281202062964439 0.093658334761858 0.0952623754739761 0.0948485396802425 0.0949794963002205
0.29843687415123 0.312033414840698 0.431045180559158 0.387472873926163 0.584758704900742 0.26493608802557 0.225192055106163 0.272723253071308 0.678581392765045 0.206723628938198 0.192147135734558 0.20201078504324 0.198988887667656 0.234296070039272 0.356382179260254 0.14883443787694 0.468926510214806 0.195852044224739 0.275156685709953 0.298084509372711 0.161183676123619 0.185736218094826 0.161489073187113 0.130739898234606 0.252591601014137 0.181082607805729 0.211412668228149 0.328736759722233 0.120766039937735 0.184299072623253 0.236615312099457 0.219252109527588 0.242960999906063 0.122859305888414 0.253081142902374 0.0800792045891285 0.0779981087893248 0.180404311418533 0.0996632158756256 0.115873550623655 0.0893911898136139 0.100698520243168 0.167485089600086 0.113062205165625 0.0945475779473782 0.0693494725972414
0.396392774581909 0.243038657307625 0.248735772073269 0.142561838775873 0.326813945174217 0.128154931217432 0.3716661632061 0.259373708069324 0.324805325269699 0.171352625638247 0.241876447200775 0.207981367409229 0.278304523229599 0.275048633664846 0.214172859489918 0.243561254441738 0.142993249744177 0.148694778233767 0.20316596776247 0.180785965919495 0.238692730665207 0.334441012144089 0.186743454635143 0.290529511868954 0.222342100739479 0.21223331540823 0.214082787930965 0.308205011487007 0.218002818524837 0.143621623516083 0.125892399996519 0.210459892451763 0.145480347424746 0.106281261146069 0.0787730202078819 0.288074593245983 0.258011576533318 0.21995687186718 0.213025976717472 0.139123270660639 0.169455873966217 0.112814342975616 0.25632101893425 0.259697376191616 0.205050601065159 0.256159883737564
