Maxent_result_files_2/B_velox_2.asc
NCOLS 594 
NROWS 330 
XLLCORNER -15 
YLLCORNER 23 
CELLSIZE 0.166666666666667 
NODATA_value -9999 
[rows 80 to 99 of 330, columns 322 to 367 of 594]
1.35939186796108e-08 1.14472153978085e-10 2.11042294750996e-13 7.29308381797189e-08 0.0341709986329079 -9999 0.0108410885790363 2.13833241673456e-05 3.93586238445209e-06 5.79039024173333e-08 2.20860236210818e-08 0.000118480863316683 7.1564590491402e-07 8.85875577338879e-09 6.32621792107102e-07 1.67358710112531e-08 1.05096980470565e-06 2.00890178359003e-07 3.92451626751722e-12 1.80010706340994e-10 1.96921520201343e-09 5.24659204970135e-12 1.86349824460308e-12 9.44880840236806e-12 6.12340511629839e-11 7.88430223663816e-08 8.76036241592715e-07 8.46139266064139e-07 8.87370196434034e-08 1.13195514384046e-07 1.31276532977509e-09 4.84017017470251e-06 2.09034261633434e-07 6.35635723186256e-06 0.000139617713653417 0.00465725059383857 0.000346243919542166 4.39053929657263e-08 2.48002647529333e-08 0.000242079864619926 3.42048301945397e-05 2.32210860318105e-08 1.32193943499725e-05 2.86883977651531e-05 1.03688026001691e-05 8.47840262853117e-06
6.69601659766261e-06 2.27678487174643e-10 3.16530135435755e-12 2.86144051786508e-09 2.18746443181317e-10 5.51551408358719e-06 1.46994842498138e-07 8.11411806957985e-06 4.76272560037683e-05 6.25500508089072e-07 1.84721805147614e-06 1.39815180594249e-06 4.11672064102309e-06 7.57207434531892e-09 3.61184633668854e-05 3.14050706243796e-06 4.58092896060691e-08 1.15617818208236e-08 1.16554554896453e-10 7.09347840466279e-09 7.71927903819858e-09 1.48452661274945e-10 2.33648655978413e-12 3.50688811323607e-11 2.70088729159568e-11 4.43083960137702e-06 2.9666124760297e-05 2.4922633906499e-05 6.06760611162827e-05 5.6792334498823e-05 0.000472469393572861 2.25492517870407e-05 3.37062902246998e-06 7.2149488659079e-07 0.000335155551879851 0.00572735293872189 0.000171610058545479 2.61065189577359e-08 5.99405588497248e-09 3.16245977882712e-07 8.00435099114205e-06 3.67802125765593e-05 1.01612870366807e-06 1.92347074521315e-05 5.3024199041829e-05 0.000802223444043981
4.54603847899193e-09 1.91093030288414e-11 1.30953635713027e-09 3.47532030597897e-08 9.78428116304997e-10 1.50285603184308e-08 4.28748473502161e-08 5.47184519916755e-13 5.46105938248331e-11 4.95374997799836e-07 0.000931069390247785 0.00486788525970496 2.76904228473041e-05 1.40859952040273e-06 2.43584603705216e-06 1.7600414400254e-05 9.34931083773627e-07 3.97663574631224e-05 2.95027419156213e-05 4.15101064632495e-11 1.08966508038932e-09 5.23884618686132e-08 1.4826836680637e-08 1.23407286617638e-05 0.000118767673666653 0.000120551859072338 7.41851335988031e-05 0.000250270261312935 1.48989211425143e-05 0.000239463600883183 0.000227148780207476 0.000264118438390548 4.40478476397277e-05 6.08525063853782e-05 0.00137307382780474 7.73346743585535e-06 0.000113095437518751 5.6674975490445e-09 2.7958332976008e-05 0.000129069109152624 0.00013390049589368 9.46365927120496e-05 0.000414633591572466 0.000114062693410233 0.000144644041665742 4.38675805014554e-06
1.22079519577767e-06 2.15585772900262e-08 7.03164434251446e-06 2.04161610328768e-07 1.67329941984651e-06 4.1514181758906e-08 6.45323847481283e-07 0.000194698911470681 0.000694018214113967 0.00396584066750876 4.57792703745241e-09 6.71444788657993e-10 4.1235447501009e-09 1.11237455524549e-07 1.98234580228718e-07 2.12765566466877e-05 0.000144790976445108 3.75672560707363e-06 1.47005563277958e-09 9.55039796801671e-08 2.62991369792687e-09 1.75007605185407e-07 3.64347707559887e-10 3.67760768149594e-07 6.69651486679967e-06 2.60265044205177e-06 1.90813772560361e-09 5.03781488747634e-09 4.94164293596278e-08 2.80087632031911e-07 1.5835958556254e-06 1.02890559849911e-08 1.41414929885508e-05 4.45525687155612e-05 8.74148483764547e-05 0.000158402910172939 8.85175112611547e-06 2.74033795655271e-11 1.81556880640699e-11 6.28895695520271e-09 6.65682267936063e-05 0.00010286844667462 6.21323963969189e-05 0.000115163892223791 0.000117064645655773 0.000104195679273289
8.38730573882174e-10 1.52392661822986e-09 2.95345291556615e-09 1.2233484110169e-07 7.6214715094558e-09 1.06906314911726e-09 0.000235639329966375 0.0146685319603421 0.000372908557346818 0.000589549760618979 0.00546504452659065 1.20717703611106e-09 1.66382182142932e-08 2.12984690584062e-07 5.74223013583008e-10 1.71193089095745e-06 1.62999706435851e-05 1.32363889099762e-05 1.01803590298877e-06 1.75460016095585e-05 0.000293594189891166 2.50019433023496e-07 2.21607711070604e-09 2.11447226394768e-10 5.17231165986232e-06 2.67519996416388e-06 1.42644029429428e-06 1.36290183583299e-09 1.07225404177846e-07 3.65458435680921e-05 6.15020801597588e-07 2.77752362393913e-05 0.00156728491439848 0.00112374144963413 0.00105298588092613 0.000624669469107497 4.33435637606783e-06 0.00071490244226895 8.12790336723879e-07 1.26398006301542e-05 4.6646637304093e-05 0.000100312161293914 0.000129248754683431 0.000138018198958889 6.7034861922366e-05 0.000134269375348595
0.000435323681475153 0.0011683822628286 1.99901413903802e-05 6.61568997633588e-05 2.29040150956372e-07 2.49511241272482e-05 0.000355184087340155 5.08655268186997e-05 4.19875067914077e-07 1.48236439949656e-05 0.000189055690862006 1.33980614371865e-06 1.15526226451834e-07 2.70506051891495e-07 2.08786061883792e-07 1.788532524305e-08 6.51433043064031e-09 3.32886773701802e-08 1.30659317809645e-09 2.99977025441933e-09 5.34672407281889e-07 0.000459528639476792 5.63036994890354e-05 1.91547937191672e-06 6.35093905664186e-05 7.40487637813203e-05 2.73820698794447e-05 9.92150012146809e-09 3.46377555977106e-05 0.000424935006595428 4.97928759346511e-07 0.000131480817871676 3.26671784288579e-05 2.60381811036492e-05 8.82590937212324e-05 0.000341962799585116 3.48941610354814e-05 0.000186727906293549 0.000352304154876126 0.00147682327083976 0.000298589280828321 6.74639579528957e-05 0.00025641089414421 0.000124077428426972 0.000248193528932461 5.1208428976679e-05
8.72425294388246e-05 0.000294227385665913 1.06634965283403e-06 0.000216797380045353 2.30640426013284e-07 1.47834627506338e-07 2.41758695370908e-05 3.04159057940012e-07 4.04568907264036e-09 7.7753076976883e-09 1.53338289521798e-05 0.000293435959222776 1.24371534737655e-08 1.60501052945961e-06 5.15783179407814e-06 4.56765738676701e-08 5.92271393584642e-07 6.76606178250605e-05 7.1329976368828e-07 2.81928476866256e-06 6.80578529932419e-07 0.000251397998640823 0.000488163581030754 0.00012301858050705 0.000167306585717597 0.000211868787118874 3.0310869249206e-05 1.13783351253005e-05 4.38115167980868e-05 9.5689028353263e-05 1.30922446766046e-06 4.28870853275143e-09 1.36666813863595e-06 8.84220044173434e-05 0.000413357957586447 0.000122444847102088 0.000358161337505625 0.000312172574923697 0.000419890452764726 0.00120955500169917 0.00121013961907086 0.000563153438997832 0.00139303948963333 0.000131589494685613 0.000387482720554877 0.000257555680592814
6.56477789992782e-05 4.8498705696276e-05 5.36547922919128e-06 1.30550109134209e-06 2.22561551410649e-09 6.36384527723521e-06 2.8453299135478e-06 3.21021109694897e-10 4.31638942033352e-08 1.12816967934304e-07 1.27497631341456e-09 8.50705634936055e-08 1.7432117982441e-08 7.19744947446088e-06 1.12122236032519e-05 1.75925205816441e-06 1.45223984782117e-07 2.0275580014939e-08 7.53080102455783e-07 9.98789019526214e-06 0.000201517815477104 1.68235895769975e-07 1.29702025696288e-06 3.08191733466856e-08 6.26739061431181e-06 5.51362923673082e-07 0.000151265332260664 8.95899642500808e-05 7.62307925469941e-05 9.74331098177572e-05 5.02212466130913e-05 5.38822159370511e-06 0.000146466407750401 0.000166543446630385 0.000404567740042738 0.000117671069165226 0.000419731289869529 1.52652372566009e-05 0.000500599257066359 0.000283220494020497 0.000213771664857632 0.000285222436953025 0.000377314648358196 0.000260944481487968 0.000226165315871185 0.000424483629467809
2.9855177379412e-05 2.36249610652273e-07 1.42731419239261e-08 1.72970152312324e-08 1.83738002590417e-10 8.21840201297164e-05 4.16876371867048e-07 5.17700767810325e-09 1.5660912237081e-05 5.64445781918721e-06 5.80806455152683e-09 9.74939906583927e-11 3.95359945337681e-08 7.06668355032747e-06 3.66506180815573e-05 9.624547820275e-07 1.70461242898767e-09 1.14176422645329e-06 4.73271932754926e-10 1.15106606701776e-07 1.47348175943307e-05 0.00207307422460872 3.85343434199825e-05 3.13470079338352e-08 4.51456922800908e-07 1.74397158493989e-05 2.49611183252507e-05 0.00025032077392394 0.00031281234805649 0.000124518149368669 9.93710427110273e-05 0.000317305830685655 0.000120283145088251 0.000138303655330674 0.000166147052277665 0.000102134855728764 0.000340570057597034 0.000264307378347439 0.000226389885392564 0.000355533763649896 0.000309425743788883 0.000463172484910457 0.000184968519303663 0.000451110716676639 0.000155109165098111 0.000444662936206519
9.58372650017303e-07 3.86103345961786e-09 1.66399589329735e-08 1.49964763940247e-08 2.30088396113715e-09 1.20722073004842e-08 2.3606628984929e-09 1.89871726119506e-09 2.16180489065465e-09 1.32963279164677e-08 1.63132113928377e-08 9.40463928955637e-11 3.09043308721613e-09 1.56788568128619e-08 6.88850763309601e-06 9.90970190350993e-09 4.30125859374186e-09 2.14088491801157e-07 2.17345814901293e-08 4.05090538833974e-05 5.31057310581673e-05 1.17478132864335e-05 5.056276245341e-05 2.94952079982203e-08 3.09557940503247e-08 4.5207748966547e-08 0.00016989967105564 1.35015384333581e-05 3.25857383359551e-05 0.00012084647564734 0.000376119417342968 8.19974965907022e-05 0.000103796434405012 0.000290325541209313 0.000146849943257621 0.000108300238252923 9.05090734249825e-05 0.000170223397617519 0.000344924478122288 8.89220149474568e-05 0.000157820349477333 8.99651751751662e-05 0.000160403791778663 7.70683339169409e-05 0.000463236018549773 0.000334488256703502
4.52288652086352e-09 7.11066299174945e-09 3.28309793795611e-09 2.96786961673234e-10 2.84831913610617e-10 8.99289489186828e-07 3.35030841180917e-08 8.5060572840856e-08 2.20385508731269e-09 8.28974453526143e-09 2.75806028349201e-08 1.06274455902167e-10 1.46289935720745e-10 1.69728645582623e-09 4.61263127693456e-10 2.00414550510786e-09 6.65958502676922e-08 1.06602506999565e-07 0.000120513163943292 9.71553469764075e-07 1.5077144885467e-06 2.84400809458241e-08 1.34404780205433e-07 7.69566897744767e-06 0.000646942252933513 3.49482656503142e-06 2.3132462390052e-09 7.79758189461965e-08 8.69930236868655e-06 3.98831401366984e-06 3.7357144526684e-07 8.65274817225537e-06 2.56301453901431e-06 0.000246904454982533 7.56734437800333e-05 9.64885962957851e-05 0.000127124575919879 8.90002374262622e-05 0.000100218805050645 0.000148259273146323 8.53274764949674e-05 9.42257949645864e-05 0.000168576524083619 8.08315701306128e-05 9.30433769226191e-06 0.00010404020167698
1.13085670894186e-07 1.82208449583943e-07 1.0861023314046e-08 5.06437081160271e-10 1.2670799964809e-10 7.45508942023854e-08 6.90912560497026e-10 3.11414684928124e-08 2.74614220252545e-09 6.66490833967082e-08 2.47361697791604e-09 3.41738048970086e-10 2.80954404185962e-10 1.18891374523145e-10 4.86373818997521e-10 2.08335360074585e-10 1.85510365957597e-09 2.31539842854289e-10 1.53224333221402e-10 1.02356239040091e-09 2.0719191129448e-08 6.28309370087621e-09 3.65005325964063e-10 1.22135406122048e-08 2.02964178686038e-08 4.5667601094479e-06 7.42409350884543e-08 7.54234802400333e-06 1.09581888008137e-09 8.55871832072808e-08 4.59205992138223e-06 1.86968397142273e-07 1.64034222758236e-06 9.28427976498725e-08 0.000973296733105844 0.000494143725154594 0.000872375343170118 0.00023573787893838 0.000266028319492762 0.000628455460543997 9.58727691113381e-05 0.000437735048035459 0.000376407211319818 0.000272697128864519 0.000450053261738625 0.000533793756061707
5.81031775513052e-05 3.99890558577809e-07 5.99082480290392e-09 4.83936847262001e-09 1.4355799837773e-08 2.72843220350261e-08 6.72013106273184e-09 1.09767323008825e-09 1.53094981136803e-10 8.9028906469224e-11 1.07816112864256e-06 1.94207107395705e-08 5.97876048669121e-10 1.06169184554972e-10 8.66823057776855e-11 2.06210970521425e-10 3.47212791851348e-10 2.57451256979735e-08 6.91112018391671e-08 5.70578490011187e-09 0.000141734628869017 5.70378124873372e-06 1.23107520666466e-07 1.00813666192856e-08 1.05333020083975e-09 1.37918375664459e-07 0.00318507025949657 0.000385558543348452 0.000440818454808323 1.58032132731023e-05 0.00146713024902141 1.4245227586418e-08 3.47815408030527e-08 8.31420041702557e-09 4.44854598235955e-05 6.6057757672211e-06 1.77004150055171e-05 6.91057088220148e-08 1.37274924145281e-05 3.75029632162516e-05 0.00046515423891873 3.80292148773109e-05 0.000191232493084925 0.000164943013247132 0.000299186698248399 0.000453556098364183
5.52317978019801e-09 6.12949757616832e-10 6.41952935254153e-10 3.78546098911414e-09 6.15352946375935e-10 7.44769023119929e-09 1.4160534469454e-07 5.95688440625963e-05 5.53656069768316e-08 1.4557240968216e-10 1.16215573831013e-09 2.30196998129983e-09 1.78058279232118e-10 1.23126620010794e-10 6.8717249668282e-10 6.42269526451855e-10 1.87667209250453e-07 1.65356886405732e-08 1.74024925581051e-09 3.40424081749502e-06 7.88163890130811e-07 1.28145108286848e-06 2.49823104914171e-07 7.04247105076661e-10 1.5289571719812e-09 1.36102058168053e-07 8.79888709448551e-06 0.0558143803849816 0.018495509121567 0.000136396336802136 0.000148425581119227 0.000268974509526743 0.000115191766235512 0.000165161890276977 1.21696807795502e-06 2.22590070109163e-07 1.71662312142828e-09 7.49586903658894e-10 1.8274175401789e-07 7.36750061288705e-06 5.24948280400395e-09 2.68282449589208e-09 8.12160009665552e-06 0.000484016511473428 0.00043307468149606 0.000452778256294761
1.13552945935069e-09 1.51012117477478e-08 4.91024398918682e-10 2.39214258401788e-09 1.72925140873303e-10 4.98050645170167e-10 3.29523696152023e-06 0.00473139676032588 3.51952556229662e-05 9.68804460832473e-07 4.24789609780873e-06 9.35574284710583e-11 1.91743206867656e-09 1.13683620295291e-09 6.0519598221731e-10 7.52587081542799e-10 1.22375232169958e-09 3.77244485649797e-09 1.24731780459797e-10 1.11763958088318e-09 3.2501028013332e-08 2.83256512355612e-06 1.9807777262848e-07 9.53586160812314e-08 2.41565456526871e-10 5.2313916840685e-07 1.3236399175609e-07 0.0341163808479905 0.0333930647931993 0.00663980022072792 0.000275311555196822 1.36208887173694e-06 1.72244242094166e-05 2.30477245537486e-06 5.57888840944543e-05 0.000467287336505251 0.0193599655147409 1.11122264776498e-06 1.62452422685977e-05 5.17954531487064e-09 8.24418378009284e-10 7.09480663108053e-10 1.74721326938743e-06 0.000883584871202248 0.000151494878991798 8.18185058051313e-05
2.70476030461708e-10 1.13326318329499e-09 2.99607982867656e-10 6.31557433017349e-09 1.00784709378132e-07 1.73520786628245e-10 9.93560900219848e-11 9.74840319578618e-11 1.71833314244196e-10 2.05946504294729e-10 3.10412050508191e-09 5.31938032288792e-08 1.39645383256948e-08 1.12673648189343e-10 1.04759456664993e-10 1.62076108090048e-10 6.45170423752006e-09 1.43255711626544e-08 4.26987000201606e-09 4.46531045472653e-10 2.51871190570796e-10 1.02525299361389e-10 1.04404562772942e-10 6.07450512113417e-10 2.48418707160525e-08 0.000303364108003734 1.79960243599453e-05 0.000243854320797254 0.00204754591840697 0.00587654421605066 5.69792021451576e-05 0.000281532538792817 0.00316243131021992 1.26234104484979e-06 0.00106535871200322 0.0496534339152277 4.0222369671028e-05 2.25554943611428e-09 0.00016369490250554 4.31039726755955e-07 3.87163482273856e-08 3.06095308433285e-08 5.06240437458949e-08 3.26517201054699e-09 2.60566285104069e-07 4.98353404178031e-06
1.45110878979615e-08 4.18197182439073e-09 9.14392603679204e-07 2.37703012828661e-10 4.02912650465659e-08 0.000345075099903625 1.37270378814947e-06 1.3861989334174e-10 2.44053444120595e-10 3.02599445500817e-10 1.38523681414426e-10 2.66380406621636e-10 1.85270964381257e-07 2.69012819797965e-09 7.789919709289e-10 1.27503674285379e-10 2.69651661000125e-09 3.15268958717141e-09 2.59339905106515e-10 9.83723102976342e-11 4.4695985246257e-09 1.06269670840931e-10 8.12239608904974e-11 3.65972108173906e-09 2.72434370618413e-09 2.76621111595432e-05 0.00166964358068071 1.41097308006266e-06 1.97614364061405e-07 7.99955543547837e-06 5.43018116430316e-05 0.000365269782573519 1.07909523812122e-06 6.50357663278811e-09 5.23224468196304e-09 4.27900744028875e-06 1.01384075324118e-05 6.43994828594119e-06 2.16649315598616e-08 0.000618718353507575 2.23637425094125e-06 7.76192746627658e-06 1.4870965540581e-05 1.58933976507569e-05 6.57991602892594e-07 1.49086810000698e-06
3.11074165315617e-09 2.37007957704094e-10 9.16140596718407e-10 2.66107894386636e-08 1.72073022497443e-09 4.8633288396438e-09 3.16811632483649e-10 1.97237658428051e-09 7.10888914401409e-10 4.90368617844794e-07 1.42002187786261e-10 1.01666508545151e-10 2.96594604431988e-10 8.55745461159074e-09 3.26107207904158e-10 3.32629157107078e-08 3.02076841318666e-10 4.25252832947365e-10 3.48582429587907e-10 1.22063292806729e-10 9.22161347283179e-11 7.94972310202979e-11 2.18642748350817e-10 2.1915654735416e-09 2.18404951475293e-06 0.000242685193091519 8.48645262618852e-08 1.21959986554288e-10 1.07896028778143e-09 5.36160177606604e-06 7.16869367478612e-07 7.82749346450728e-09 3.25717182114715e-09 8.93625042852619e-08 2.29745905633294e-09 8.17802092711872e-10 1.86054669826241e-07 2.08275178071871e-06 3.3337544891765e-06 1.85270729843978e-05 5.45011257226946e-06 0.000341629211342165 0.0016609601424168 2.27444890197104e-05 0.000217262894117809 3.18161948698048e-07
1.54660317885913e-10 2.80259842122543e-07 3.3353909634215e-10 2.97444081032161e-08 5.39045356795498e-08 1.1982395609067e-08 2.33321828524424e-10 2.36066506231758e-08 1.66853275640477e-10 8.05267841297308e-10 1.65251823336376e-10 1.11733633456623e-10 1.11814868475335e-10 2.26213003884368e-10 1.81289875333945e-09 3.68079222656803e-10 9.66065893948098e-11 3.74844921768869e-10 1.78234760284113e-10 3.40449735070081e-10 1.96221838777433e-10 1.30592814340247e-10 1.92016713640442e-10 5.49540068739418e-07 3.96051116292595e-06 1.40610700860577e-10 1.34598110435036e-10 1.3747696314681e-10 9.26522303323907e-11 1.42677136771852e-10 1.28792199127759e-10 1.43028333621231e-10 1.26002219769106e-10 8.84646855769944e-10 8.25840840157355e-11 1.51371648549059e-10 1.72742643522739e-09 1.03730180001094e-10 1.87046433897109e-10 6.54852904125036e-09 2.25605456538602e-10 5.7654042318056e-09 1.98256098871141e-07 7.38599042182653e-07 0.00160871045322892 2.13200262999536e-08
0.067941876500845 0.0002809805682773 8.69656683111231e-08 0.000132600084118906 8.60410622749441e-09 2.79566420124944e-08 1.06241489095105e-07 1.19267475018336e-07 1.93394152947501e-07 3.7181934198216e-10 1.34306965549058e-10 1.13391118716777e-10 4.23503099256095e-10 3.03641212173744e-10 1.06400255273087e-10 1.05358344271167e-10 1.04375386111855e-10 1.00584540696502e-10 1.33830257986745e-10 9.41350219996195e-11 3.35996519496007e-10 2.45393605435851e-10 3.48845583253432e-07 0.000498158881603727 9.30286335742991e-09 8.50240655658752e-11 9.17579345838249e-11 9.89671011808468e-11 9.02618091380702e-11 2.69744893088841e-10 3.16290427182508e-10 1.0451629561814e-10 8.89881723864505e-11 9.00005958648364e-11 1.36296429698035e-10 8.03423994000241e-11 1.83947690413078e-10 7.91991472404163e-11 8.46030023815558e-11 2.96964297596958e-10 8.4492191021468e-11 7.44061368074256e-11 7.32219396226696e-11 8.09201705642693e-11 1.80363024515628e-10 3.0246658266897e-08
