Maxent_result_files_2/B_velox_2.asc
NCOLS 594 
NROWS 330 
XLLCORNER -15 
YLLCORNER 23 
CELLSIZE 0.166666666666667 
NODATA_value -9999 
[rows 240 to 259 of 330, columns 506 to 551 of 594]
3.7514436002084e-14 8.57818305277647e-10 1.29084987143813e-10 1.14332663997629e-05 0.000738214372540824 8.98323753062869e-05 0.449778085947037 0.378478184342384 0.733317339420319 0.111968324333429 0.270647315680981 0.254182548820972 0.0350402550771832 0.00609229535330087 4.2187367967017e-06 6.82574765846766e-06 1.20631615807554e-11 4.47419878923938e-15 1.11022302462516e-17 1.37112543541207e-14 9.55874268626644e-12 9.47336176171376e-10 1.28785870856518e-13 3.24328341960722e-12 1.1236197527964e-10 2.04297806449816e-09 2.84281312934453e-09 5.64774933486945e-09 7.96433309302458e-09 9.49206272471415e-09 5.39229765283977e-09 6.03950883748539e-09 3.02586414813177e-09 3.53493445626185e-10 6.77434527363019e-09 8.67158971296078e-09 3.18391557563302e-09 1.95299841188046e-08 0.000124185854656389 0.000435341149568558 4.13973688409897e-05 1.80866515098188e-09 2.80185636913899e-09 1.11762377130731e-11 1.42371670008856e-12 1.43398626306634e-12
0 9.55748813424861e-12 6.23745487482452e-09 3.36492042151804e-05 0.00554978582076728 8.9098550597555e-05 0.0962928161025047 0.570195558667183 0.520012766122818 0.376718187332153 0.449099320173264 0.417972308397293 0.0115057023242116 0.00432718256488442 2.46608123575243e-06 1.10770659134118e-07 1.40019654315537e-08 4.43641693381736e-09 2.62070460887998e-09 3.36463944483611e-09 9.97296467630804e-11 3.98639496079767e-08 1.28794694131962e-08 1.38403593474834e-08 8.95224645525161e-09 5.98560507825141e-09 9.30999481951744e-09 3.63857030061254e-09 2.76742851967882e-09 3.69847861225736e-09 4.52019817132054e-09 4.37231191252607e-09 3.94170934781002e-09 5.34453037381866e-11 1.90776539010784e-10 1.31310190276679e-08 3.65086814113624e-09 3.65036906257998e-09 3.51046955984202e-05 0.0097385982517153 2.04844545805827e-05 1.05886095980168e-06 0.000839170977997128 6.53971261588282e-09 5.99289506908462e-12 1.34107169813547e-12
3.62969876377406e-11 2.65376609576151e-11 1.45245937499539e-10 3.27680105272066e-12 3.8733665746804e-06 5.74808609599131e-05 0.00339460499817505 0.0654076032340527 0.591184443235397 0.282724553346634 0.526112076640129 0.0041720958892256 0.00904119429178536 0.0156598545610905 0.0232378262095153 7.18554399981031e-08 3.7070346792234e-14 2.36810571152546e-14 1.31303376726954e-08 2.59231336396937e-09 4.34818847594443e-13 1.01633744864493e-08 1.23915924743478e-08 4.16155888638414e-09 4.57931470521089e-11 5.01170582811739e-10 1.85811741548747e-09 5.48521583709771e-10 3.2746482525603e-09 3.15103478865097e-09 2.8893298864574e-09 1.49702623630787e-09 9.65138384767528e-09 7.15760484215622e-10 2.39285258274435e-12 6.69254474061631e-10 5.39655264919503e-09 1.24533580891928e-08 1.16157781282489e-08 5.00214700878132e-05 0.00139149505994283 7.98652490630047e-06 0.0655491229146719 0.00345358814811334 1.88894289099295e-09 9.38310984466284e-11
8.6282514466518e-11 1.23707044608068e-11 3.76987330241718e-12 2.57714657436736e-05 0.000329630256601376 0.0051619132515043 0.0558327905833721 0.0774912375956774 0.210075569152832 0.19002967774868 0.487510189414024 0.267686873674393 0.541336300969124 0.184424856305122 0.00219793040305376 2.45520273978173e-07 3.7198112607939e-07 1.06530843035912e-08 8.14816150107589e-09 9.51125644910178e-10 8.85056472554879e-12 5.59114909925995e-10 4.39934526585972e-09 1.43659133144958e-08 9.23636718219711e-09 2.9255219236024e-08 7.34128365209585e-08 3.38445043102098e-09 1.27608568156745e-10 8.18420775594575e-11 2.26612689724348e-09 2.65307141811277e-09 1.21743451764189e-08 7.01059095220558e-09 1.57637236597452e-12 1.60691904227406e-11 5.20705911721819e-09 3.11954873044584e-10 3.93858865521679e-07 3.44823388287452e-08 0.000103922232665354 1.73035916191111e-06 0.000235555443214253 0.0129219430498779 1.0485018037798e-06 2.15198081576773e-11
2.22044604925031e-17 5.00444130580036e-13 3.03432536696846e-07 0.000391499605029821 0.000204270565154729 0.000101373617872014 6.60135190628353e-05 0.00162981480825692 0.0723985008895397 0.107677811011672 0.342791058123112 0.294550876319408 0.448164048790932 0.119805986434221 0.0124367522075772 2.54659279335101e-06 1.66438418047754e-08 1.54732814894309e-08 6.07594285995106e-10 5.06505948294489e-13 3.56853957494963e-10 1.1881299488703e-08 2.1628878132951e-09 3.01236813271544e-13 3.21964677141295e-16 1.88404847278889e-14 4.2277292777726e-14 2.59681165459824e-14 3.29985594405002e-11 1.56702838483014e-09 1.2596002019194e-11 1.39777078800307e-14 1.04738440143137e-13 5.50559597911615e-14 2.12774242669411e-13 9.79776038079194e-11 6.23053920678629e-09 7.80978393066789e-11 2.96466551308328e-10 8.5317821030273e-09 6.31822655305925e-09 7.77993474912364e-05 1.99410015397916e-06 0.00110856094397604 7.04609708918724e-05 9.46258882322582e-05
2.50405252089081e-12 2.34842234547727e-10 2.05727616844342e-06 0.000142574482379132 1.36011352935839e-06 1.75598514488229e-05 0.000205102390464162 0.000100821779778926 0.00102641648554709 0.0211059854365885 0.250504882633686 0.454435113072395 0.0519095592200756 0.00212395286653191 7.063613194358e-09 5.84636261464766e-06 1.41610168036266e-11 9.40109101676967e-12 3.56899176878756e-11 7.08965786078153e-10 7.99279623597826e-09 4.31408686552004e-11 1.18793863634892e-15 1.88737914186277e-16 6.32283114754273e-13 2.39668318524622e-10 7.54055595741932e-11 7.26903071068818e-10 7.70234209745979e-11 2.1360690993788e-14 6.66133814775094e-17 6.77236045021345e-16 4.2748027340167e-13 3.0875002554609e-11 4.60254057088605e-13 8.57536264220471e-14 7.58186586846676e-09 7.20122406150381e-11 7.82888198713749e-12 1.11967355276299e-08 1.7560539244954e-09 8.11927208133056e-07 3.45948318681621e-05 0.0591808940283954 0.000330001800466562 0.000919828066253103
2.2258284104737e-11 1.46493806862935e-08 4.35739551996051e-08 1.07670248894465e-06 2.02085553269171e-07 3.0622419762949e-05 0.000708606887201313 0.0558908408507705 0.0114970104768872 0.00149842746614013 0.0744064040482044 0.374377298355103 0.00384708791971207 8.84861343024568e-06 5.64579494266582e-12 1.27403469996068e-09 4.43536908423248e-08 4.75805071897817e-08 9.77853298333997e-10 3.46067619005908e-13 1.39260825093857e-12 5.60240742686346e-12 4.08993061640217e-11 9.27147247864468e-14 3.41463977426848e-08 5.76534375795745e-12 1.27176047470812e-13 1.86206605690131e-13 3.33066907387547e-17 2.77555756156289e-16 2.24487095579207e-14 1.41942013698326e-13 6.51290132935856e-13 2.18713935851156e-15 1.04651509680309e-11 2.14162021450193e-14 1.11022302462516e-17 2.39459019280019e-10 1.95621296938953e-13 7.10168288620139e-09 4.71279255620516e-09 1.85239268368775e-11 7.45468312635111e-09 2.39427504045153e-08 0.00172007136279717 0.000306671550788451
1.94526761365665e-10 4.07232266796953e-09 2.47062009748333e-06 0.000101757087577425 2.12826892948215e-05 0.00137511416396592 0.0141194200608879 0.400714595615864 0.249680951982737 0.00649461250286549 0.124518682435155 0.0129400956444442 1.00296312780301e-05 4.55811173138976e-08 2.10972598169157e-08 2.93446506094419e-08 1.65421530917698e-09 6.21724893790088e-16 2.22044604925031e-17 2.50665044276843e-12 7.21127602076876e-12 8.62632076881198e-11 2.65565347490337e-13 3.03979064142368e-14 4.72344385826773e-13 1.2267964422108e-14 0 4.21884749357559e-16 3.18300941160032e-14 3.49720252756924e-15 8.44768699437282e-14 3.11906056538191e-12 1.15133370059972e-08 2.15851859719507e-09 2.76747513794362e-12 2.21267448807794e-14 4.44089209850063e-17 0 1.6372903033357e-12 1.11033404692762e-13 7.11955330245928e-09 3.73034936274053e-15 1.69864122767649e-15 2.13300488383084e-12 1.52867385416755e-11 4.24642545571174e-09
6.68018597771436e-08 2.95237945238114e-06 2.16211961287627e-05 0.000111955123065854 0.0792368091642857 0.00143674432765692 0.128404116630554 0.517377349734306 0.0675845792517066 0.0201816179323941 0.126609028875828 0.00109878439106978 2.62248755067418e-07 1.92661283016093e-07 1.00354065057928e-09 1.25011112572793e-14 0 3.12061487761639e-13 1.10670436814786e-08 1.99641797538064e-09 8.28832558141812e-11 6.87782730768305e-10 1.28965726986507e-12 8.54343706890859e-11 6.22184759269118e-10 1.66781033428265e-12 4.21979116094207e-09 3.7518941287118e-10 4.44175033420535e-09 1.99840144432528e-16 0 8.21565038222616e-16 1.78640147119324e-10 1.81612859195823e-09 8.55582271697131e-13 3.10196313080269e-14 1.97175609173428e-14 0 0 8.98591612230604e-10 1.18213601352224e-08 2.3812677385493e-09 7.392284340213e-10 1.11022302462516e-17 1.2134737659153e-14 7.85815856829686e-14
3.7173112389155e-06 0.000408312491344986 0.0857271887362003 0.00452388279372826 0.246214824914932 0.386958210170269 0.3106590077281 0.0502423472702503 0.0646589059382677 0.0292098667472601 0.000590776547323912 3.23762394316418e-07 1.34604072199451e-07 6.15426598571389e-12 2.77555756156289e-16 0 7.25568694015521e-10 5.00646288870143e-09 2.7903762789272e-08 1.06738878757895e-07 8.78642381074712e-09 1.996269816118e-12 5.35667621370806e-11 1.51462283337622e-07 3.07869163052032e-07 3.42581294443534e-09 5.08585276115525e-08 3.8916591158511e-07 9.59488044571799e-13 2.27246765405198e-07 1.68139946410406e-12 2.04800620906553e-12 1.41624489913283e-12 8.44945083899873e-09 8.45767900159444e-14 2.95063973254628e-13 1.70613502215033e-09 7.27418125734403e-14 2.85327317328665e-15 4.11259915011897e-13 3.22730264734616e-10 1.6207035713478e-13 2.79032352779041e-13 5.49326584220466e-11 1.43363847460165e-09 6.20758999758664e-12
0.0336965754628181 0.00586088786367327 0.305350984632969 0.0309475250542164 0.103992922604084 0.197705619782209 1.48980736369708e-07 0.0371644020080566 0.00260145592037588 6.15112246693528e-09 1.15887291052275e-07 1.75735490604012e-09 5.51949597138446e-12 3.93424476330395e-09 1.00144592618534e-10 2.99871238951255e-14 3.67491099417805e-07 5.24290741168443e-06 1.55170235149882e-07 8.60056823981381e-08 9.91985071863155e-09 2.47439589373677e-08 5.59868668092989e-09 2.12658933751442e-07 2.15596432440179e-06 9.34441445679113e-06 1.26557056390197e-08 6.22166019184078e-06 7.04221451375275e-08 2.07660142628185e-06 1.77555656692974e-06 2.73477411116829e-07 1.2422170261317e-07 6.32767862551731e-09 0 0 1.11022302462516e-17 1.55431223447522e-16 2.1094237467878e-16 1.22124532708767e-16 0 4.77333728099438e-12 1.11022302462516e-17 5.32074384551606e-13 6.68642918810747e-13 2.45974351997802e-12
0.00625601327046752 0.000301899012265494 0.0593140812590718 0.305673605203629 0.337839739024639 0.295102062821388 0.000194041647773702 7.20543815724284e-08 6.036812610688e-07 9.64503651612603e-08 4.13595732329242e-08 1.49866583143421e-07 1.87486943836745e-07 7.11631559724424e-07 2.96002109223537e-07 2.73596118560704e-07 9.14691218767416e-08 7.92106646940738e-10 1.09756965915864e-07 3.98816161577997e-05 6.23648262489951e-06 5.86677698493077e-06 2.17748416162067e-05 0.000471894333895762 0.0169976217672229 0.114119290560484 0.0815060496330261 3.10301606099017e-07 2.7775866051627e-08 1.76116343730826e-11 1.36287492011888e-06 1.44667600121551e-09 3.67483821150927e-15 6.66133814775094e-16 4.28657109807773e-14 3.29736238313671e-15 0 0 0 0 0 0 9.61097201823691e-11 1.07835962381841e-13 0 2.42028619368284e-15
0.0359161982312799 0.00298440951737575 0.173013917729259 0.102961285412312 0.0899174962192774 0.000908492063172162 1.82080669446805e-05 7.51421783320438e-06 1.35937507138806e-05 1.07494409803621e-05 6.99861280040182e-12 2.01229503772993e-05 8.04266944669507e-06 3.36774726747535e-05 7.11362035943353e-09 8.37808575226973e-07 1.1424354539713e-05 1.11863425300562e-08 9.46931677514584e-09 1.58357693624822e-10 7.71698762669359e-08 4.41765266590011e-08 0.000130286661078571 0.00102283454325516 0.0700148802250624 0.489775875210762 0.294319269061089 0.449669480323792 0.715092331171036 4.24232959872484e-10 1.2170264795941e-13 5.08428800838345e-08 1.16264227671081e-05 3.30513394430909e-14 9.88098491916389e-16 2.13758975187162e-08 9.02771462030216e-09 4.44089209850063e-17 0 9.99200722162641e-17 0 0 0 0 2.1449508835758e-14 4.44089209850063e-17
0.0117086870362982 0.212857913225889 0.0363608142361045 0.00141070093377493 0.000915216124849394 0.00120084774680436 0.000843033147975802 6.97128234605771e-07 7.27093065506779e-06 1.78497890601648e-06 1.33965002291347e-07 0.000355787788430462 0.0141444444656372 0.0822959143246408 5.64599419439205e-09 0.00576685843217319 0.00186871970072389 5.35918642796673e-11 1.24476517093797e-08 4.25355742095235e-06 1.57212260774031e-05 0.0192849665880203 0.0042841752525419 0.00812916762661189 0.0273668238522987 0.0612171629793011 0.115195344059612 0.00772263145292982 0.485633596777916 0.569543021917343 0.204006243031472 1.05460085109144e-13 4.1609766743278e-09 8.13791887921411e-07 7.24212171121508e-06 7.01468447772413e-09 1.57357835632865e-05 3.31906234691814e-06 4.35937397291752e-11 2.40023334541206e-10 1.77635683940025e-16 5.76205749780456e-15 0 0 0 1.11022302462516e-17
0.0169964477885515 0.165553095564246 0.07322714664042 0.00626272920053452 0.00310245170257986 0.00384584909770638 3.73624497569836e-05 0.00120252750930376 0.000444357606465928 0.00926080299541354 0.0841385141015053 0.0947906717658043 0.332473893649876 0.202874129200063 8.71299432603223e-09 0.00908892483391277 0.280714895948768 0.235536948052868 0.179892440140247 0.112043900368189 0.192301473859698 0.135693521704525 0.0369110899046063 0.0113627054757671 7.13115130701603e-07 1.59916524467008e-13 4.66959804157341e-14 6.66133814775094e-17 1.40798376291329e-09 0.041805103502702 0.689132499694824 1.84575712491863e-09 0.000271765574143501 0.00089463468757458 0.00158111274940893 0.00601498212199658 1.25567926261283e-05 8.47284299965167e-07 1.49603263110976e-10 6.15840711759574e-13 4.73565631153861e-13 0 4.66293670342566e-16 0 0 0
0.156876239925623 0.173427586629987 0.0649704527109861 0.0385406585410237 0.00708077040035278 0.0019104354956653 0.00669803754426539 0.126732663810253 0.300399407744408 0.353567457199097 0.493107828497887 0.0618828650927753 8.87977580354971e-08 2.12217443618101e-10 1.13861370409918e-07 0.350395832863512 1.39161291778933e-07 0.0129742356038197 0.574352185614407 0.0120249121140608 2.37571098935518e-06 0.0270728822949906 0.000508907493159749 9.26518632926587e-09 0.102490595466355 0.0116868208613432 8.25140537008551e-08 2.52575738102223e-14 5.55111512312578e-17 9.99200722162641e-16 8.24511459107669e-11 0.000444958202388079 0.0320349227753468 0.116431964188814 2.40196000511617e-07 3.08179486374627e-09 6.56648879157728e-05 5.43729549917771e-06 2.92862631368074e-08 3.06860009624543e-09 1.48446033243488e-11 1.02584607475364e-14 1.13515086219707e-11 6.66133814775094e-17 2.22044604925031e-17 0
0.0051626447122544 0.0681745974346995 0.145950537547469 0.102111501246691 0.0721819154918194 7.24149725783718e-07 0.000466992865767679 0.341629612445831 0.0303390559678519 0.00198311131709672 0.086547465258775 0.00565107535174307 6.22010620787705e-10 3.61137786342169e-12 0.0177524203757457 3.0896196712149e-10 3.10205507842221e-05 0.781207700259984 0.552825906034559 0.000102857914135801 0.00438345076981932 0.0473268362722592 0.000249789931964628 1.23296008069929e-08 0.217017368355289 0.797854280471802 0.623717567231506 0.705886118113995 0.00166960531380482 0.00831313133239746 0.00599841595394537 5.35509858679006e-11 0.0145870334468782 0.0281173912808299 0.000326020576176234 9.89930082084811e-07 9.03947966435226e-05 3.70258017028391e-06 1.34157294723991e-05 2.4496070394342e-08 1.23533543949783e-08 2.39233567622676e-08 5.79581783677341e-09 5.54889645343337e-10 8.90221230065435e-13 0
8.37601721759285e-08 0.003025335771963 0.178237301856279 0.0531282007694244 0.0258713542483747 2.82990525901639e-08 1.47808754125123e-10 0.000168924209935994 1.24862674898418e-06 4.92182905542649e-10 0.116497794598399 5.37057409655262e-10 7.22311099821127e-13 0.000140673408446856 6.11041343079322e-09 2.14358686356775e-10 5.23549137376733e-10 0.000685284416805532 5.71213628479672e-06 0.000360172348184917 0.0723005827108864 3.63936715763735e-08 1.07285257389123e-07 0.0195559912018051 0.00594935740227811 0.0010359238483943 0.430788335204124 0.600683057308197 0.706094896793365 0.00221307228785008 2.46567029549283e-07 6.91192958157671e-07 0.490092837810516 0.142132505774498 0.170101326704025 0.0186726117506623 0.0257096415385604 0.00649595218710601 1.08180206780162e-05 1.61320249780772e-07 4.05092579702782e-08 1.74626292315239e-09 8.73305660009649e-09 1.6325831797559e-10 1.21231913396969e-12 8.88178419700125e-17
1.60038648999716e-13 1.80461279253308e-10 3.28781643332832e-07 0.000723948740778724 3.33066907387547e-17 3.74236308608999e-11 0 8.79800687303423e-07 3.07290614065536e-09 3.1863400806742e-14 0 2.22044604925031e-17 3.76785302957927e-10 1.05926378779486e-13 8.31046342852915e-13 3.30846461338297e-15 3.27315952119989e-13 4.36227713507265e-08 3.41270948167605e-09 8.69105021250594e-07 1.48194989513239e-07 7.75697506227857e-11 0.00562055662807381 0.696663404908031 0.051031252136454 0.0232155286495981 0.679611122608185 0.0989481776952744 0.203369346261024 0.0367215590551496 0.27289577499032 0.000127710538799874 0.000609182698826771 0.646669441461563 0.245175011456013 0.212134629487991 0.0724948350340128 0.000289764598710462 4.03344944999162e-08 8.71749050723736e-10 8.54337270794758e-07 4.33816888190108e-08 7.94009058502354e-10 1.29180024899256e-08 1.15690815372105e-08 2.04735117748101e-12
7.15126299510871e-08 4.44089209850063e-17 3.33066907387547e-17 5.44009282066327e-16 0 0 6.66133814775094e-17 4.93444776150653e-09 1.6146531889305e-10 1.11022302462516e-17 0 7.7715611723761e-17 1.79856129989275e-15 3.69704267200177e-15 7.7715611723761e-17 1.87960758069039e-14 1.32119215567883e-10 1.17474208138901e-10 1.35365781916974e-09 3.98155543035461e-07 1.61485449456933e-09 2.21145657341992e-11 3.09758632566215e-06 0.012168306712465 0.138085316796787 0.0275573846937098 0.0012857371737482 0.000801082982786738 0.0302829953427062 0.0116423647725786 0.0164117717912062 0.282447470183251 0.467803314205958 0.719341897964478 0.702493545413017 0.270059509575367 0.0602495905011892 8.3014857955277e-05 5.45410955155035e-07 2.35921949753859e-09 2.65135307042641e-08 7.18995916137999e-09 5.40917199920443e-11 1.99185112847999e-13 1.00419672577345e-13 3.53264528740738e-10
