Maxent_result_files_2/B_veteranus_3.asc
NCOLS 594 
NROWS 330 
XLLCORNER -15 
YLLCORNER 23 
CELLSIZE 0.166666666666667 
NODATA_value -9999 
[rows 80 to 99 of 330, columns 368 to 413 of 594]
0.012975644832477 0.0241943651810288 0.0135151611641049 0.00187019162112847 0.00365121795330197 0.00243995565688238 0.00291684751864523 0.00439623352140188 0.00556248091161251 0.00383438393473625 0.0656012115534395 0.0096401488641277 0.00337645735125989 0.00525610086042434 0.00216237633721903 0.0186189974658191 0.00403770569246262 0.00111748934723437 0.00199865255272016 0.0430019017425366 0.0133590945159085 0.00051940931007266 0.000946422126435209 0.000298676270904252 0.00300062656169757 0.00958569690119475 0.0253682756796479 0.0050621148198843 0.00771252568811178 0.00623736456036568 0.0142661614343524 0.010628531081602 0.0106153443455696 0.00207917462685145 0.0139780382625759 0.0182914170436561 0.00816008979454637 0.0121778421103954 0.0243794037029147 0.0194786946289241 0.00590622434392571 0.0171724312007427 0.0302203179802746 0.00690570827573538 0.00915302832145244 0.0150168644497171
0.0433977566659451 0.0842375803738833 0.032468032091856 0.00268172378418967 0.00172993566957302 0.00419767280109227 0.00160273094079457 0.00318541105370969 0.00167305549839512 0.00166661572293378 0.00221949998522177 0.00166621155804023 0.00341487552504987 0.00396641021361574 0.00320221281144768 0.00240159928798676 0.00884563294239342 0.0018965772818774 0.00191046508261934 0.00137423285050318 0.0093078397505451 0.00142752010724507 0.00038023620727472 0.000726737956574652 0.000282927450098214 0.00171257718757261 0.00196766841399949 0.00229624388739467 0.00455495524220169 0.00539821248967201 0.0894741915166378 0.0340263676829636 0.00749581889249384 0.00179144627181813 0.00153762367554009 0.00395666391123086 0.00706493705511093 0.0231659132987261 0.0301991034299135 0.0302552921697497 0.0349269144237041 0.0115155803505331 0.00540611972101033 0.0103017752990127 0.00596038135699928 0.00618426976725459
0.138043745607138 0.0389029639773071 0.386432838998735 0.00208785391878337 0.00196983729256317 0.0024108330719173 0.00429601406212896 0.00545416154200211 0.00277849829290062 0.00324211700353771 0.00505467352923006 0.00435413543600589 0.00252694484079257 0.00248951100511476 0.00577458031475544 0.0372833641711623 0.00369126060977578 0.00768844727426767 0.00257961043389514 0.00446708898525685 0.00453875390812755 0.0109306043945253 0.000854767879354767 0.00312758908839896 0.00453251682920381 0.00360913384938613 0.00242490447126329 0.00250926710432395 0.00368292789207771 0.00963424728251994 0.00301213655620813 0.00803079104516655 0.00488833150593564 0.00340628640260547 0.000308371269784402 0.00510213118977845 0.00834699622355401 0.0167708515189588 0.0283912219107151 0.0142988002859056 0.00936257042922079 0.0105303691700101 0.0157161914743483 0.0129706347128376 0.00283493523020297 0.00928226229734719
0.00251228989800438 0.00848535536788404 0.00875676309224218 0.00201764163211919 0.00697668008506298 0.00339939703699201 0.00221850025700405 0.0032422776799649 0.00528187877498567 0.0098818680504337 0.00276828972855583 0.00652011558413506 0.00859819771721959 0.0738580287899822 0.0104588316287845 0.00989121161401272 0.00520853018388152 0.00648339504841715 0.00677419351413846 0.00696887825615704 0.0294485872611403 0.00429662727983668 0.013391158694867 0.00314543077256531 0.00672870767302811 0.00265297737205401 0.00156851935316809 0.00176374831935391 0.00186998911667615 0.00151275363168679 0.0178377511212602 0.0143465077970177 0.264204065222293 0.00324250002158806 0.000734233079128899 0.00195167964557186 0.00196917613502592 0.00165268150158226 0.00599401914514601 0.010260193888098 0.103260268084705 0.0189835266210139 0.0368163814768195 0.00688488949090242 0.0200905351899564 0.00536222001537681
0.00774376662448049 0.00249599707312882 0.00644976906478405 0.00237234190572053 0.00724996170029044 0.00424352583941072 0.00568009330891073 0.0167136973701417 0.0508491937071085 0.0442731043323874 0.0219723445363343 0.0266947099938989 0.0134695334360003 0.0153750512748957 0.0137463348917663 0.0390583581291139 0.290026518329978 0.00630378141067922 0.00874759862199426 0.0735047243069857 0.0494137225672603 0.018064942676574 0.00672734172549099 0.0219791316892952 0.00212632867041975 0.00339477255474776 0.00251924794865772 0.00175541428034194 0.00324033763026819 0.00277269398793578 0.00388227738440037 0.0244315533898771 0.0638693328015506 0.070657362928614 0.00527004406321794 0.00142534214246552 0.00164066280703992 0.00251862944569439 0.00467588731553406 0.00472783201839775 0.0124939069151878 0.0203843115828931 0.0179177445359528 0.044325720705092 0.0831747733056545 0.0334765315055847
0.00285127655370161 0.00398801662959158 0.00385342082008719 0.00470585152506828 0.0111219900660217 0.00843247519806027 0.00936590232886374 0.0196425081696361 0.0174872134812176 0.023788392264396 0.0219114921987057 0.0166301334276795 0.00923753925599158 0.0197049912065268 0.140001939982176 0.016160077881068 0.0353291136678308 0.00692999195307493 0.00666634847875684 0.0114579267334193 0.0091722113545984 0.00136477256892249 0.0201017851009965 0.00697783408686519 0.00342647933866829 0.00865859838668257 0.018502713739872 0.0253734689205885 0.0031940815737471 0.133277361327782 0.0130147217772901 0.0289123182184994 0.00635181865654886 0.0259685853729025 0.00628667881246656 0.00558452387340367 0.0470307162031531 0.0189396007917821 0.0188241668976843 0.0144625048153102 0.0356548637151718 0.0267237199470401 0.0298362934961915 0.0765404492616653 0.0049111352302134 0.0116268721409142
0.0435627490282059 0.00488632004708052 0.00595039995387197 0.00500108608976006 0.00468289499985985 0.004989527532598 0.00700389841804281 0.00781734995543957 0.00507269861409441 0.0515791767276823 0.0245324762538075 0.0504285000264645 0.0511261448264122 0.0106024190783501 0.0256593039259315 0.0760685339570046 0.0502598730847239 0.160934707522392 0.0094675344415009 0.0105796815827489 0.0109727282077074 0.00479179301764816 0.00276509753894061 0.00812386320903897 0.00803561797365546 0.00878961067646742 0.00949005060829222 0.0143399405758828 0.0102949738036841 0.0060732149053365 0.367849828954786 0.104696428030729 0.0181845988612622 0.0535754567012191 0.0767082016915083 0.0543258842080832 0.00810825945809484 0.0210835662670434 0.0113795189186931 0.0104108607396483 0.0110406622756273 0.0258090250194073 0.00573953192215413 0.0180232362821698 0.990134054422379 0.0236362799070776
0.021867772936821 0.00951512884348631 0.0122946438379586 0.0123332486487925 0.0245037412270904 0.100624999403954 0.0968727122992277 0.115963434427977 0.0586806926876307 0.0302811094559729 0.0733652073889971 0.0978355504572392 0.0777399159967899 0.0783078543841839 0.0228550440631807 0.0137466075830162 0.021875225007534 0.043830637447536 0.0143954045604914 0.0062584901927039 0.00826028203591704 0.0112493949010968 0.00568423895165324 0.024774763174355 0.00691219982691109 0.0194847858510911 0.0230540518648922 0.00594424190931022 0.0943343166261911 0.0122081076260656 0.00907593143638223 0.132596880197525 0.194816008023918 0.0464128635823727 0.16413152962923 0.0481836583465338 0.0115284400992095 0.019757373444736 0.00525621892884374 0.0128951874561608 0.0168887514621019 0.00614079067017883 0.0334261439740658 0.0286895725876093 0.071958551555872 0.0139780835481361
0.0238101255148649 0.0383033372461796 0.00808131257072091 0.0118932185228914 0.0181116691790521 0.0708333499729633 0.0405303847044706 0.0560289602726698 0.0310847835615277 0.335615727957338 0.0899592163041234 0.0289020287804306 0.0404643822461367 0.0288225511088967 0.0862228017300367 0.132359794713557 0.0307451834902167 0.0171497960574925 0.00499915125546977 0.0232836161740124 0.0714116636663675 0.00743391853757203 0.0622261364012957 0.0759305581450462 0.0235215716995299 0.0184923840686679 0.0518974585458636 0.00625257899519056 0.125649655191228 0.0965673003345728 0.0160687050782144 0.099211815930903 0.101322599221021 0.0338748587295413 0.062020300142467 0.0184672404080629 0.0238467862829566 0.0136058176867664 0.0576625794172287 0.238073454238474 0.0528007924556732 0.0301454618573189 0.0628113567829132 0.0584247980266809 0.0641158953309059 0.0374364482238889
0.0127892789430916 0.0418782878667116 0.0111403426155448 0.00752554107457399 0.0128490787930787 0.00793258417397738 0.039160268008709 0.041533219255507 0.0430185141041875 0.0170615657232702 0.0690961070358753 0.0606807120144367 0.0661069497466087 0.181329153478146 0.253426630795002 0.142571850121021 0.136707592010498 0.10237924605608 0.0458151806145906 0.0243954162113369 0.0914404839277267 0.0462071875110269 0.00456424816511571 0.256584788858891 0.073101606592536 0.0854118529707193 0.043418562412262 0.0485843183472753 0.0900876179337502 0.0960166312754154 0.0574699571356177 0.0388155702501535 0.132126417756081 0.0899615574628115 0.049024623259902 0.0252762492746115 0.0614226683974266 0.224065855145454 0.115261772274971 0.113316811621189 0.0175995585508645 0.0215902427211404 0.0179971083067358 0.0481288462877274 0.0139099055435508 0.0208115200512111
0.0153862768784165 0.0241166249848902 0.0175388449802995 0.0141843896359205 0.01201415322721 0.00563512484077364 0.0179568012244999 0.0649382911622524 0.0813895791769028 0.0141546212136745 0.00594674056628719 0.0327979085966945 0.015740830078721 0.125639274716377 0.339577820897102 0.287740030884743 0.225038166344166 0.105947245657444 0.0848842557519674 0.0677757952362299 0.104189216345549 0.0888412997126579 0.0444644156843424 0.02284035095945 0.0371300036087632 0.0753810182213783 0.0425298482179642 0.0337950081564486 0.0505272570066154 0.0551534354686737 0.108033070713282 0.0675715327262878 0.111167252808809 0.137482292950153 0.232829542458057 0.117821513861418 0.0852827324531972 0.0390155084431171 0.0273747505620122 0.0393157888203859 0.0469857152551413 0.0982608981430531 0.135284382104874 0.0278483469039202 0.00794714507646859 0.0200686637312174
0.0259657833259553 0.0672463241964579 0.0295641513541341 0.017822640389204 0.0163575189188123 0.00423609230201691 0.0131584905553609 0.0251991266384721 0.017066060565412 0.0456374919041991 0.0206510086543858 0.0180476560257375 0.094105115160346 0.19977597668767 0.0880042251199484 0.120147036761045 0.203249181807041 0.111968804895878 0.136237763613462 0.115519011765718 0.0667914062738419 0.0680028185248375 0.0771617453545332 0.0985234841704369 0.0933834820985794 0.0699420200660825 0.0937688671052456 0.0355227986350656 0.0161599555518478 0.0542738493531942 0.109348853677511 0.102466650679708 0.276644284278154 0.127221060544252 0.0397937953472137 0.00713053541257977 0.0602118212729692 0.0382889233529568 0.014120222395286 0.193612384796143 0.0429334493353963 0.0104842528700829 0.00716373326722533 0.00715543003752828 0.0167715612798929 0.0349048824980855
0.184377899765968 0.0234059654176235 0.0094433203805238 0.0597898554056883 0.0482256032526493 0.013972298335284 0.00819380860775709 0.00963233592920005 0.00805381992831826 0.00706084170378745 0.00698230927810073 0.089037174731493 0.0168691338039935 0.0484759671613574 0.128855850547552 0.163112396746874 0.171566060185432 0.108035233616829 0.100595427304506 0.0584746867418289 0.0531856276094913 0.0516761098057032 0.0433577712625265 0.124885637313128 0.0484883140772581 0.069041270762682 0.0710766166448593 0.165539322048426 0.102687092125416 0.0756462123245001 0.123026573657989 0.0358551491051912 0.0188104430213571 0.0332134670577943 0.00918123815208674 0.180949550122023 0.210560286045074 0.190123496949673 0.0660707946866751 0.0352047711610794 0.0144861107692122 0.0875211538746953 0.00364615756552666 0.0146088559180498 0.0111872515641153 0.00319559380877763
0.0468101501464844 0.0114501017611474 0.0202325130812824 0.0574771858751774 0.0380143450573087 0.00970267583616078 0.00658076633699238 0.0056066398974508 0.0122386850882322 0.0245122788473964 0.0473581494763494 0.142167271673679 0.126048343628645 0.0762731973081827 0.13741857483983 0.0472805362194777 0.11098365187645 0.11141772121191 0.0514758698642254 0.05275585539639 0.0670448526740074 0.0483928337693214 0.130006822943687 0.187389805912971 0.126224588602781 0.106977175921202 0.202537848800421 0.140233069658279 0.0623295493423939 0.063226268813014 0.0780623413622379 0.0614456068724394 0.0301242899149656 0.0367416210472584 0.0847634945064783 0.0667069736868143 0.0965539414435625 0.0476027688011527 0.0418071726337075 0.056315178796649 0.0242988687939942 0.0324702879879624 0.00619364897720516 0.0114198788069189 0.00799845706205815 0.0151852639392018
0.0169468355365098 0.0275691894814372 0.00858598044142127 0.00683532916009426 0.0035664485883899 0.0103050408884883 0.00465249342378229 0.00791291417554021 0.00600851732306182 0.0180862764827907 0.0138558801263571 0.0205956139601767 0.0634581208229065 0.130584461241961 0.0730729032307863 0.0884841814637184 0.153979637473822 0.097243644297123 0.0537287928164005 0.0489443928003311 0.0670845899730921 0.0987142719328404 0.0301672141067684 0.107344325631857 0.179095318168402 0.145377630740404 0.161423191428185 0.108100838959217 0.0920300133526325 0.123292259126902 0.117513073980808 0.0653630193322897 0.0831944219768047 0.111457819491625 0.109170679003 0.0288531623780727 0.0301841828040779 0.0300149383023381 0.0200122545473278 0.0148027581162751 0.0295078366994858 0.020758746098727 0.0200462646782398 0.0107513273600489 0.0060500756604597 0.0063956193625927
0.120422226935625 0.121421156078577 0.0447102680802345 0.0584991762414575 0.0260443577542901 0.00567781839054078 0.00594202093780041 0.0089238622225821 0.0135649939533323 0.144050544500351 0.0288879092782736 0.143175984174013 0.1407699868083 0.190601000934839 0.173230163007975 0.131782305985689 0.275747862458229 0.0754523914307356 0.183070783317089 0.203782656788826 0.145549099892378 0.123645304143429 0.161638150364161 0.27070290595293 0.103043291717768 0.166936186701059 0.074382721632719 0.0839360099285841 0.0706169441342354 0.0527665823698044 0.0916247002780437 0.113134999573231 0.0964702196419239 0.118100847303867 0.121494039148092 0.039631755463779 0.0322947145439684 0.083866298943758 0.0431054232642055 0.0540476901456714 0.0701348997652531 0.0918892033398151 0.0758391499519348 0.0775823008269072 0.0326450018212199 0.0478558119386435
0.155058543384075 0.067804653570056 0.17970012947917 0.0936723612248898 0.144650630652905 0.126333098113537 0.125196897238493 0.140672750025988 0.143013702332973 0.121824140846729 0.128815814852715 0.201633391529322 0.221083657443523 0.0957100465893745 0.0680493667721748 0.0604516882449389 0.0671828892081976 0.060346482694149 0.059632658585906 0.0875696882605553 0.142631042003632 0.0850287370383739 0.0658355887979269 0.0755129471421242 0.188078435510397 0.15670605301857 0.303772358596325 0.0457365084439516 0.128961695730686 0.104524549096823 0.161862841248512 0.0614977864548564 0.0672627728432417 0.108071824163198 0.0772752091288567 0.135207681357861 0.0930789723992348 0.195105368643999 0.0761989574879408 0.0780544113367796 0.0546693556010723 0.0576756343245506 0.0516483379527926 0.102851990610361 0.0903949983417988 0.0863833129405975
0.111060354858637 0.0784766215831041 0.163248296827078 0.16777675151825 0.144312006980181 0.0967681907117367 0.0888299904763699 0.0606930516660213 0.0699081383645535 0.0667022790759802 0.071270839124918 0.128418040275574 0.243459339439869 0.17394882068038 0.118932716548443 0.066957763582468 0.0655825335532427 0.0709326185286045 0.0662770744413137 0.143760723620653 0.166145845502615 0.0765928082168102 0.0665943913161755 0.0741285443305969 0.0499677546322346 0.067200056836009 1 0.508765782415867 0.152867658436298 0.158222861588001 0.116942450404167 0.155456788092852 0.182854415476322 0.126457552611828 0.109872504323721 0.0981229707598686 0.0834932066500187 0.161528188735247 0.107299834489822 0.0583637442439795 0.0413412969559431 0.0945213511586189 0.0771902397274971 0.0249512963928282 0.102161027491093 0.0507602484896779
0.215737463533878 0.0267815171275288 0.048685366101563 0.0783591616898775 0.048309888318181 0.0631845396012068 0.0621792860329151 0.0615775786340237 0.104872254282236 0.0818400453776121 0.118213216215372 0.0396897463127971 0.187688986957073 0.210394424200058 0.0896570436656475 0.116106075793505 0.095934697240591 0.0608552902936935 0.0590597502887249 0.0595091249793768 0.0876338265836239 0.0657712180167437 0.0447935927659273 0.0681357458233833 0.0533729661256075 0.0514185111969709 0.0627069130539894 0.0272912798449397 0.157508355379105 0.129304491728544 0.11189227476716 0.0871352210640907 0.190650486946106 0.0653239272534847 0.0396736422553658 0.0926051236689091 0.0245096863247454 0.0313405955210328 0.0238283708691597 0.0713692635297775 0.106585518270731 0.0935404025018215 0.116252453625202 0.12151527479291 0.12966271713376 0.03481655260548
0.0846405550837517 0.139999945089221 0.0342700751498342 0.0287603260949254 0.0651569914072752 0.14269688129425 0.0725167952477932 0.136729847639799 0.0214299037121236 0.0363635636866093 0.0541239537298679 0.0624416168779135 0.203783869743347 0.109567601233721 0.0821433410048485 0.112311262637377 0.0871882431209087 0.0854170553386211 0.0779503166675568 0.0892489016056061 0.0619535703212023 0.0565014839172363 0.0726346094161272 0.0717627298086882 0.0524826094508171 0.0419099422171712 0.113450684398413 0.0545270379632711 0.0540270302444696 0.0611965950578451 0.0582048669457436 0.060749589651823 0.119266631454229 0.148527611792088 0.0957450240850449 0.0529843218624592 0.0567650761455297 0.124415409564972 0.0795187514275312 0.107819155603647 0.106347262859344 0.102616811543703 0.0796976186335087 0.0595797330141068 0.0516624961048365 0.0239668469876051
