Maxent_result_files_2/B_velox_3.asc
NCOLS 594 
NROWS 330 
XLLCORNER -15 
YLLCORNER 23 
CELLSIZE 0.166666666666667 
NODATA_value -9999 
[rows 160 to 179 of 330, columns 322 to 367 of 594]
0.027286456245929 0.0246224598493427 0.0208799804095179 0.0186026933519315 0.0188547323457897 0.018080325378105 0.0178954661823809 0.0197770658880472 0.0159978223498911 0.00732770745265512 0.00619082689518109 0.0209884783718735 0.019166253041476 0.0193457592278719 0.017735565174371 0.0200530339963734 0.0204550010152161 0.0123897559707984 0.00289854261013716 0.00291140329791233 0.0164532534312457 0.0177830859087408 0.020951999630779 0.0199950329493731 0.0208655195776373 0.0225491050630808 0.0217430644202977 0.0215161946136504 0.0221661298535764 0.0226890943944454 0.0234012805856764 0.0252569459378719 0.0261716535314918 0.0269357948563993 0.0257483042776585 0.0213173633441329 0.0220089635811746 0.0203167173545808 0.0218905492685735 0.0227090548723936 0.0204130125232041 0.020854926109314 0.0654485661536455 0.10369323566556 0.00604099477641284 0.00465062562725507
0.0236901234369725 0.0206540144048631 0.0189241429790854 0.0152448606790244 0.0181281295124791 0.0165255833417177 0.0202871552668512 0.0178890676703304 0.00653752126654581 0.00488334198780649 0.0178153310436755 0.0165553180500865 0.0185215418227017 0.0213184005580843 0.0187673205975443 0.0181185744702816 0.0182480786927044 0.0196704253554344 0.0232606390374713 0.0206594325602055 0.0176825684029609 0.0145602053722541 0.0188016728963703 0.0186047325376421 0.0183735743165016 0.019732399797067 0.0202108366880566 0.0204923500772566 0.0202540106140077 0.0199596649967134 0.0205305909272283 0.0223988499492407 0.0240475591272116 0.0244347607716918 0.0217909372411668 0.019830457912758 0.021312536066398 0.0223478774540126 0.0195304464548826 0.0241246323101223 0.0189944444224238 0.0358896718360484 0.0453215828165412 0.0673093286342919 0.0200211138930172 0.00810256431577727
0.0181522658094764 0.0124096791259944 0.0219238771125674 0.018478098558262 0.0152259335387498 0.0162237476091832 0.0135059599291708 0.0163634342141449 0.0139773937407881 0.0166525844484568 0.0138724212069064 0.0181472154334188 0.0197403313126415 0.0223092529922724 0.0212314466945827 0.0211149310227484 0.0212419866584241 0.0199420337565243 0.0182833291590214 0.0173616772983223 0.0165442064870149 0.0163416056893766 0.017577266599983 0.0165092641953379 0.0161201588343829 0.0168800306506455 0.0165241259615868 0.0165854176040739 0.0181245098356158 0.018019944941625 0.0183192417956889 0.0202779021114111 0.019077687850222 0.0189963256940246 0.0186914870515466 0.0187981257215142 0.021277468977496 0.0193230519536883 0.0223443799652159 0.0216515050269663 0.0426473336294293 0.0638680148869753 0.0482304410077632 0.0592468596994877 0.0606885453686118 0.0144449522485957
0.00666731952223927 0.0199602977372706 0.0186471748165786 0.0194002987351269 0.021307742735371 0.0190046365838498 0.0182711579836905 0.0155962654389441 0.0156298732385039 0.00362160219810903 0.00299167482880875 0.0185346410609782 0.019348620204255 0.0194830545224249 0.0195069418288767 0.0209163894876838 0.0222966681234539 0.0216736410278827 0.0178779931273311 0.0188824897632003 0.0197126051876694 0.0150675422977656 0.014860851271078 0.0150042521767318 0.0141193497693166 0.0143917244626209 0.0133529287064448 0.0130850397050381 0.0143116159597412 0.0148353945463896 0.0166889471001923 0.0161429879721254 0.016355709079653 0.0184051746502519 0.0185064032208174 0.0202386172488332 0.0260314472019672 0.0213686508592218 0.0222791923210025 0.0240616403520107 0.0823170701041818 0.0503270981833339 0.0254837730666623 0.0486852154135704 0.0540266654454172 0.0413305294699967
0.0252533643506467 0.0202697384171188 0.0213252360466868 0.0193433874752372 0.0200847537722439 0.0187762521207333 0.0192835029214621 0.0172298517776653 0.014657549909316 0.00394503540592268 0.0141163909574971 0.0186221535783261 0.0195301202591509 0.0190462509635836 0.0190355638042092 0.020735398074612 0.0203232842497528 0.021284010540694 0.0188608705066144 0.0144138253992423 0.0132448626914993 0.0139609494246542 0.0130280869780108 0.0138519800733775 0.0139958909247071 0.0119333140552044 0.0121611307607964 0.0129371242132038 0.0137957813916728 0.0144234686624259 0.0141240547643974 0.0161709371488541 0.0178288454655558 0.0178117025177926 0.021044901991263 0.0193796041887254 0.0144800378009677 0.0165472451597452 0.0195466883014888 0.0295708918012679 0.0749969683587551 0.0390026837587357 0.0293247859692201 0.0383976611774415 0.0450524388812482 0.0454618850722909
0.0206343497615308 0.019998207455501 0.0185671488754451 0.0166381483431906 0.0178395325317979 0.0147764559369534 0.0164119484834373 0.0169588251970708 0.0143465530360118 0.0135837230831385 0.0160261161159724 0.0184146327432245 0.0168434279505163 0.0169829649850726 0.0194297291804105 0.0180734643246979 0.0190849733073264 0.0190201602876186 0.017155599500984 0.015098026371561 0.013061961485073 0.0126972103083972 0.0114570930367336 0.0108787906588987 0.0110549313249066 0.011762412567623 0.0115977689391002 0.0127515755128115 0.012300570262596 0.0127288018586114 0.0141212651506066 0.0147101059556007 0.0193400165531784 0.0228092071600258 0.0196502324193716 0.0236723612528294 0.0179355064406991 0.0217119053471833 0.0257962247356772 0.0280068938620389 0.0565579880960286 0.0730174872092903 0.0683996387757361 0.0706874499097467 0.0462146064266562 0.0473000213503838
0.0215834597591311 0.0188549806363881 0.0159444393357262 0.0148478031158447 0.0137385992333293 0.0216406340710819 0.0141906035132706 0.0140659351600334 0.0131177789880894 0.013499696762301 0.0129212933592498 0.013982567912899 0.0163224326912314 0.0139532456407323 0.0167826076503843 0.0174096504226327 0.0186997978948057 0.0199196772649884 0.0168798607308418 0.0143523962469772 0.0117683203425258 0.0137890472309664 0.0104658980388194 0.0106853397097439 0.0113314572488889 0.0097138927783817 0.0106853335862979 0.00935656467918307 0.0196131460368633 0.0262587307021022 0.0136663917917758 0.0135156110394746 0.0183027272112668 0.0174344126600772 0.0203526946716011 0.0241576686035842 0.0581712896004319 0.0694877580739558 0.0403112757951021 0.0446770595386624 0.0686868674121797 0.07172113917768 0.0605310052633286 0.0483020959887654 0.0444914237596095 0.0361182121559978
0.0195505688432604 0.0167275953572243 0.016862655011937 0.0171785199549049 0.0145665389951319 0.0124113521305844 0.0124921540729702 0.0113648123107851 0.012525853094121 0.0118642814952182 0.0138521594635677 0.00932483450742438 0.0130911053158343 0.0138799763342831 0.0150736476294696 0.0180986191611737 0.0175101236440241 0.0170041923411191 0.0182332654483616 0.0146979263518006 0.0133015880826861 0.0135685445275158 0.0103224658872932 0.00889073176076636 0.00865713629173115 0.00887642703019082 0.00831202997360378 0.0160446634981781 0.0190011317376047 0.00964791300939396 0.010402799770236 0.0100100196897984 0.033582738507539 0.0259425017051399 0.0261851036455482 0.0750751152634621 0.0572150457650423 0.0409386130981147 0.0643653208389878 0.0633099436759949 0.0714885253924877 0.0543742511421442 0.0468850168865174 0.0476843606680632 0.0474674137309194 0.0446026658173651
0.0166388630401343 0.0146090683992952 0.0156308913370594 0.01496816072613 0.0132596873212606 0.013208203506656 0.012846006732434 0.0119417154928669 0.0107727640075609 0.010153226100374 0.00914809476817027 0.0103763952967711 0.0110522570834291 0.0143072842844049 0.000844730839895369 0.016889261873439 0.00491987214190885 0.016230872599408 0.0170381327159703 0.0152313345577568 0.0138634071918204 0.0122358635999262 0.0118863582843915 0.0129137103096582 0.0157166325487196 0.0105070678167976 0.0123316182754934 0.0329271449241787 0.0115203442517668 0.0224746748339385 0.0110979853197932 0.0199963642284274 0.0230598848778754 0.0136478707194328 0.0349840910173953 0.0351435166783631 0.0491065918002278 0.0716703328303993 0.0726361670531332 0.061581864580512 0.0558074983302504 0.0364193713758141 0.0433888595551252 0.0440049592405558 0.0445304951164871 0.0454350736923516
0.0169031267985702 0.0140967702493072 0.0129099507117644 0.0122424090979621 0.0128087979974225 0.0133755304384977 0.0117820105049759 0.0103480332880281 0.0113285412779078 0.0109147127717733 0.0100959606585093 0.0121258857659996 0.0132253766525537 0.0136918525910005 0.0141044727293774 0.0238229956012219 0.0307642050553113 0.00431640372808033 0.0105410060234135 0.023506291443482 0.0184232507308479 0.011417558346875 0.0200119714485481 0.0375253709498793 0.0150197871029377 0.00691256263526157 0.0275471238186583 0.0438499303068966 0.0453323582187295 0.0486119564622641 0.0300511857494712 0.0247690316755325 0.0428035988938063 0.0601097606122494 0.0418410783167928 0.0219910477055237 0.0588900088332593 0.0624515519943088 0.0575949543621391 0.0745673490688205 0.0462593756616116 0.0401482295710593 0.0404744232539088 0.0406317808665335 0.0410421168897301 0.0417449281550944
0.0145708710653707 0.0142855359474197 0.011365167517215 0.0117733878782019 0.012237869668752 0.0120938269654289 0.0110698068281636 0.0107910737860948 0.0113959982991219 0.0108693136367947 0.0107505397172645 0.0121188271092251 0.0122268109815195 0.0125823304988444 0.0133090232731774 0.0127097446005791 0.0214212859049439 0.0132366752892267 0.00507905927952379 0.016673057503067 0.0235464331461117 0.0164782006759197 0.0325352560728788 0.0231109713204205 0.0142010069219396 0.0496991515159607 0.0510358965024352 0.0565743564628065 0.0509604582563043 0.0472952315118164 0.0558192730415612 0.0473875384777784 0.0538613479118794 0.0568662553094327 0.0408923782408237 0.0563169720582664 0.0602741471026093 0.0512670813128352 0.0515426722355187 0.0481559867039323 0.0332069203490391 0.0380654560402036 0.0369682965567335 0.0362125338055193 0.0362368426751345 0.0360426773782819
0.0131511450512335 0.0115556518314406 0.0104040314792655 0.0116990005597472 0.0112445479491726 0.00945602897554636 0.010225151211489 0.00909034507349133 0.0102422524942085 0.00852230907185003 0.0106069697183557 0.0112398801604286 0.0116618810920045 0.0134516575373709 0.014262434374541 0.0157246936345473 0.015618581790477 0.0154046999057755 0.0169204347068444 0.0149821524741128 0.0135382171720266 0.0119204421993345 0.0130285831168294 0.0093635548488237 0.00713157705031335 0.01484596778173 0.0396759321913123 0.0442045555915683 0.0279630817472935 0.0447302378714085 0.0319046621443704 0.0464526797644794 0.0431700482964516 0.0464137756731361 0.0495335514657199 0.0505368201062083 0.047258042357862 0.0476855368819088 0.055452440911904 0.0362435172311962 0.0346714519197121 0.034127739793621 0.0334797222632915 0.0307553936960176 0.0297444114461541 0.0277754908893257
0.012333581247367 0.0100872658076696 0.0105985691538081 0.0113989639328793 0.0100849720998667 0.00827640215866268 0.0095805952209048 0.00769002818269655 0.00902839890914038 0.00954785865033045 0.0102088177809492 0.0100097949849442 0.010825141472742 0.0131041007582098 0.0126330086262897 0.01375298849307 0.0183129023294896 0.014521909924224 0.0126643555238843 0.0155828667804599 0.0130659800255671 0.0094458399573341 0.0135941507527605 0.0128269138745964 0.00662922265473753 0.0102129197213799 0.0283143588807434 0.0541845359373838 0.0559785218443722 0.0537282194942236 0.0330458585638553 0.038503599492833 0.0412331234896556 0.0458093508845195 0.0457496211398393 0.0517058387864381 0.0480830211192369 0.048406394617632 0.0403295799391344 0.0322547313058749 0.0312611405504867 0.0309572220779955 0.028643783647567 0.0252841811976396 0.0241002392023802 0.0206495538121089
0.0105926783755422 0.00832388673443347 0.00940325130941346 0.00850449316203594 0.00964951438363642 0.00751423704205081 0.00809805658645928 0.00780759790213779 0.0100947295315564 0.0104695064481348 0.0109645649325103 0.00872043115086854 0.0098315468756482 0.0109414943028241 0.0102412327425554 0.0110125638078898 0.0113437160849571 0.0130430571269244 0.0133411489194259 0.011996044497937 0.0151066338410601 0.0125282984925434 0.0146185879129916 0.00929147842107341 0.0206264196895063 0.0160333241568878 0.0227383211720735 0.0458947098813951 0.0615569682791829 0.0531801792792976 0.0554531850386411 0.0276833640411496 0.0380449052201584 0.040600878582336 0.042960770521313 0.0418697864050046 0.0402589615900069 0.0578394867479801 0.0314513493794948 0.0288126524304971 0.0283418354578316 0.0265637121279724 0.0237681193859316 0.0214037058758549 0.01905295799952 0.0178205625212286
0.000161098951088323 0.00642209871657542 0.00420419122092426 0.00735343800624833 0.0060961639683228 0.00827062709722668 0.00660588935716078 0.006676283251727 0.0076645850436762 0.00873016784898937 0.0139326823642477 0.00932033760473132 0.00892654977506027 0.00866552179213613 0.00902978915255517 0.00789339446928352 0.00806671704631299 0.00919052851386368 0.00929948298726231 0.00988171647768468 0.0156840135343373 0.0116429553600028 0.00798144040163606 0.0201933606527746 0.0186032330384478 0.0424859299324453 0.0455797747243196 0.0440251894760877 0.0349411982111633 0.0195497963228263 0.0168614600901492 0.0260916437837295 0.0386313585564494 0.0370810870314017 0.0398583182133734 0.043049770151265 0.0468696439638734 0.027318940195255 0.0275383007479832 0.0253746332600713 0.0248017204226926 0.0234630248509347 0.0221262418082915 0.0186515575856902 0.0164076901623048 0.0152203233155888
0.00240913058544807 0.00200520989483266 0.00268098519591149 0.00227434613625519 1.38261066729317e-05 0.000829341984913867 0.00201362380175851 0.00652345744310878 0.00702494150027633 0.00766839113784954 0.0077270899200812 0.00898999706842005 0.00772356957895681 0.00778315953211859 0.00747115388512611 0.00664490797789767 0.0070203842013143 0.00712886156979948 0.0067160684382543 0.00812869324581698 0.010740642354358 0.00995400703977794 0.00810551100876182 0.0119608400156721 0.0250019085593522 0.0297775308135897 0.0299338718876243 0.0390405426267535 0.00950402512389701 0.00959473488910589 0.0330046377377585 0.0362685379572213 0.034621422435157 0.037885572318919 0.0542252218478097 0.0199173560886265 0.0282227959563897 0.0258522843709216 0.0266782271792181 0.0227203809656203 0.0219341181451455 0.0190358029445633 0.0193407080951147 0.0180201418639626 0.016430583409965 0.014645616535563
0.0173384400433861 0.0065696662699338 0.00496999467723072 0.0240248639544006 0.0120093499135692 0.00040876264383769 0.00027095441473648 0.00310831309325295 0.00575514647644013 0.00597673814045265 0.00588027994381264 0.00606136014685035 0.00744994309497997 0.00810681272996589 0.00623950483859517 0.00560649906983599 0.00552195975324139 0.00583619763492607 0.00582613217411563 0.00609418300446123 0.0109349950915202 0.0159794679842889 0.0210974385845475 0.017902236955706 0.0375034420751035 0.0340249635046348 0.030938731005881 0.0362036466132849 0.0220549505203962 0.00381102363026002 0.0319768252898939 0.0332434619544074 0.0287833691807464 0.0351351690944284 0.032376804749947 0.0112939491606085 0.00750725901452824 0.00443944401922636 0.00467802947387099 0.00701971026137471 0.00774452681653202 0.0125525520066731 0.0178562611574307 0.014421905472409 0.013061150314752 0.0115537799487356
0.0223341818578774 0.00406223997706547 0.00518382007721812 0.00476946493727155 0.00506138788769022 0.00533755453652702 0.00535784740932286 0.000163479096499941 0.00285331157792825 0.005757747287862 0.00449462804826908 0.00471994168765377 0.00527693671756424 0.00462658802571241 0.00511680414201692 0.00456648908730131 0.00447895993711427 0.00554367313743569 0.00806570909917355 0.00685680951573886 0.00454509223927744 0.00641534405294806 0.00772821061545983 0.0131478305906057 0.0285383910406381 0.0313272040802985 0.0269453775254078 0.0298309719190001 0.0310761932982132 0.02995484090643 0.0324321261956356 0.0333911771420389 0.0356693877605721 0.0327438059728593 0.0289472100441344 0.0193013481271919 0.0166879347059876 0.0207605583593249 0.0193960685865022 0.00880248926696368 0.00224972127944056 0.0156636679254007 0.0049976871610852 0.00738345334830228 0.0132843076949939 0.00989253336738329
0.00666128690936603 0.0106052086921409 0.00603361473768018 0.00489103775471449 0.00428613086987753 0.00417244142154232 0.00595187239232473 0.00527694936026819 0.00672693129163235 0.00793020067503676 0.00457096282625571 0.00373544662434142 0.00608426495455205 0.00455733794369735 0.00421805852965917 0.00416971981758252 0.00425583350588568 0.00421883911185432 0.00519675924442708 0.0049133479304146 0.00646747292485088 0.00667581615271047 0.00690252739004791 0.0110206175246276 0.0288625803776085 0.029434443032369 0.034163868939504 0.0291820569662377 0.0273155536036938 0.0304303654585965 0.0315912326565012 0.0346357509028167 0.0366145516978577 0.0341696345480159 0.0273791879299097 0.0213396266801283 0.0180710140848532 0.0173183506994974 0.0165538488305174 0.0131841811467893 0.011392919885111 0.0111484690161888 0.0105549546162365 0.00875673427653965 0.000769882731037796 0.00405166322816513
0.00581354730820749 0.00412360040645581 0.000493735905638459 0.00261294680822175 0.00365145770774689 0.00469086341327056 0.00469868963118643 0.005973287607776 0.00862004134105518 0.00522959420341067 0.00487362398998812 0.0046341743436642 0.0038087689812528 0.00355453277297784 0.00300917602871777 0.00369372702843975 0.00382994482934009 0.00379441636614501 0.00496428818441927 0.00380096933513414 0.00507324913342018 0.00605739289603662 0.01271770138992 0.02679934122134 0.00975172452745028 0.0213988486502785 0.0271712686284445 0.024799693422392 0.0278949012630619 0.0274867811123841 0.0291775629739277 0.0303510516532697 0.0297213475452736 0.0291600753786042 0.0255088156205602 0.018352673528716 0.0145917707879562 0.0140571656171232 0.0119475269922987 0.0108226148993708 0.00973320080083795 0.00950495481665712 0.00849586926196935 0.00857513377995929 0.000679114433569339 0.00537060216302052
