Maxent_result_files_2/B_veteranus_3.asc
NCOLS 594 
NROWS 330 
XLLCORNER -15 
YLLCORNER 23 
CELLSIZE 0.166666666666667 
NODATA_value -9999 
[rows 220 to 239 of 330, columns 414 to 459 of 594]
-9999 -9999 -9999 6.75288854381506e-06 6.22947761712567e-06 6.07513266004389e-06 7.8486206348316e-06 8.80485781635798e-06 9.2794995453005e-06 9.3833141727373e-05 3.22075192343618e-05 3.32177090740515e-06 5.42924759429297e-05 6.25782533461461e-05 0.000108754631946795 0.000126055486907717 0.000117361258890014 9.66204010182992e-05 7.83074116043281e-05 4.30946043707081e-05 1.69312894286122e-05 5.62030141736614e-05 4.24594860533034e-06 7.7882348705316e-06 3.93822433579771e-06 3.401726132779e-06 1.28907697671821e-05 3.14252384896463e-06 5.74575540213118e-06 3.09546979906372e-06 3.08142392668742e-06 2.99613535617027e-06 3.617810830292e-06 3.06021146343483e-06 3.44609572948684e-06 2.83054680494388e-06 3.3614985454733e-06 3.62456258926613e-06 4.45395126007497e-06 4.71808632482862e-06 8.16281485640502e-06 4.26238186719274e-06 7.63172636197851e-06 7.29217792923009e-06 3.98133228145525e-06 8.18105011148873e-06
-9999 -9999 -9999 -9999 7.94962545569433e-06 5.61647771064599e-06 7.57253185383888e-06 6.77817677114945e-06 7.51311854401138e-06 6.00697862864763e-06 4.60972651126212e-06 3.11464062860978e-06 2.98913827236902e-06 6.76957377436338e-05 5.90029205341125e-05 4.79377022202243e-05 8.13318183645606e-05 8.23261936602648e-05 6.87106898112688e-05 6.03749580477597e-05 3.98073611904692e-06 3.33185698764282e-06 1.97599321381858e-05 1.50396008848475e-05 3.35855571620414e-06 2.40627730363485e-06 7.65173294894339e-06 2.52114297154549e-06 2.15052610883504e-06 2.14561550819781e-06 2.3817865098863e-06 2.23893564452737e-06 2.57348921195444e-06 2.46190944608315e-06 2.46787732294251e-06 2.18623747514357e-06 2.48359267516207e-06 2.1032053041381e-06 2.60387103026005e-06 2.14579538351245e-06 3.02924480592992e-06 3.19097780447919e-06 2.87126222247025e-06 3.34582235836933e-06 7.31234047179896e-06 1.01513450772472e-05
-9999 -9999 -9999 -9999 7.24374860965327e-06 4.58392651125905e-06 4.79928864933754e-06 1.11460172774969e-05 6.05347452165006e-06 6.7281822566656e-06 5.8094764881389e-06 1.96793076611357e-05 7.17110774530738e-06 3.65383700682287e-06 3.2599703786218e-06 6.96778688507038e-06 5.25224451848771e-05 7.62038946504617e-06 6.14019470958738e-05 5.55331367650069e-05 6.43190037408203e-06 1.67804991633602e-05 2.76194306252364e-06 2.92924605673761e-06 2.59453271382881e-06 2.18619638303608e-06 1.86744503025693e-06 4.81104062828308e-06 1.470227914524e-06 1.64282118930714e-06 1.68476785802341e-06 1.61697675480355e-06 1.7067934379611e-06 1.84828220994859e-06 1.8582785230592e-06 1.90970118865152e-06 1.71547607692446e-06 1.84217832384093e-06 1.87765031114395e-06 1.86319110184741e-06 2.26389267368177e-06 2.7360010335542e-06 2.51796911925339e-06 2.4223049081229e-06 2.23998071646747e-06 4.56861705515621e-06
-9999 -9999 5.91825532865187e-06 5.27010540736228e-06 1.30270542740618e-05 4.68956812255783e-05 1.22211060443078e-05 5.24767574461293e-05 2.07328545911878e-05 8.53780889883637e-05 5.8026924079968e-06 4.6284411155284e-06 4.191155414901e-06 2.87216962533421e-06 3.05979691574976e-06 1.94642399947043e-05 3.55733522155788e-05 4.218729236527e-06 3.4828650768759e-06 3.06583308884001e-05 4.14985988754779e-05 9.00524050848617e-06 2.691438896818e-06 9.79424721663236e-06 2.99003741019987e-06 7.84540625318186e-06 7.26868945548631e-06 1.33966309476818e-05 1.40951710818626e-06 1.49247304079836e-06 1.45437173273422e-06 1.42221634291673e-06 1.48528290537797e-06 1.5565362673442e-06 1.42646770768806e-06 1.44167284474861e-06 1.81333342652579e-06 1.58684418920529e-06 2.00117105464415e-06 1.65173298114496e-06 1.95612613538287e-06 2.14867396266527e-06 2.55683816021701e-06 2.13182700576908e-06 1.97216161268443e-06 1.78843051799049e-06
5.47842400919762e-06 4.43082755055002e-06 4.73040738597774e-06 5.78536012199038e-06 5.27822680851386e-06 8.36605595395668e-06 6.85407640048652e-06 4.93144891152042e-05 5.07357121932728e-06 2.20322640416271e-05 1.95182584320719e-05 1.26164540233731e-05 1.25137366467243e-05 2.95887817856055e-06 2.76396688150271e-06 9.62618114499492e-06 3.5956193733e-05 7.91664485859655e-06 3.09666454541002e-06 3.25337898630096e-06 2.52223601364676e-06 3.53170355083421e-05 2.50647138955173e-06 1.77291165641691e-06 8.41732507979032e-06 1.82514087896379e-06 1.3137804728558e-06 1.2093089821974e-06 1.13842448854484e-06 1.12825897247149e-06 1.31007258232785e-06 1.36378210413568e-06 1.18440933079e-06 1.22243363307462e-06 1.46508024840841e-06 1.30868979795196e-06 1.5863015960349e-06 1.59938384172165e-06 1.63181327934581e-06 1.45686116752586e-06 1.67200226428577e-06 1.78158861672273e-06 1.9515904398304e-06 2.05743848482598e-06 1.60615189770397e-06 1.54269442305122e-06
5.93098325225583e-06 3.29333727222547e-06 3.686041338824e-06 5.3562804714602e-05 2.83453351585194e-05 7.78118123889726e-06 7.95006187672698e-06 4.86110623114655e-06 4.16301641962491e-05 5.69612718663848e-06 4.1752557081054e-06 3.33787338604452e-05 1.33260343773145e-05 4.12427717719766e-06 2.86279932879552e-06 9.9556699524328e-07 2.0970285504518e-06 3.27175964685011e-06 2.60471940691787e-06 1.20935257655219e-05 7.90222127307061e-06 2.17455710185277e-06 1.74679927908983e-06 1.4343215241297e-06 2.20104182631076e-06 1.2350243309811e-06 1.07664644701799e-06 9.97188547557926e-07 9.15227292352938e-07 1.01974664232785e-06 1.06118594942473e-06 1.04633802777698e-06 9.32190502567209e-07 2.07769219855436e-06 1.02761911193738e-06 1.30657862769112e-06 1.32967709305376e-06 1.34473823436565e-06 1.40707815035057e-06 1.47381618944564e-06 1.49070903034954e-06 1.56253968270903e-06 1.50441533719459e-06 1.29448217194295e-06 1.33344568666871e-06 1.51206891700895e-06
2.4314454776686e-06 4.08853193221148e-06 7.49572830045508e-06 2.70606734375178e-05 2.99976463793428e-05 2.90849576231267e-05 2.40469955315348e-05 2.88832512524095e-05 1.08266793631628e-05 2.73371580306048e-06 6.55536643989763e-06 2.45332941631204e-05 2.99836968224554e-05 4.08502738764582e-06 3.00017458130242e-06 2.58621357716038e-06 2.1763979248135e-06 2.55570740819167e-06 2.71770807103167e-06 2.70189532329823e-06 3.30642549215554e-06 7.88173326782271e-06 7.89308771800279e-06 1.30766911752289e-05 1.75760738784447e-05 2.25876260628866e-06 8.84901470499244e-07 8.11658750876632e-07 7.41807883741785e-07 6.69284474952292e-07 6.47643918227914e-07 6.68554895355555e-07 7.72693149997394e-07 1.55756889057557e-06 8.44557550294667e-07 8.34927644177696e-07 1.11236650752744e-06 1.19008011267852e-06 1.1178952888713e-06 1.32558506038549e-06 1.336303307653e-06 1.26382200278385e-06 1.29375792994324e-06 1.38380885346123e-06 1.2904222103316e-06 1.14224904166349e-06
1.86655932793656e-05 1.31126590076747e-05 3.82763007110043e-05 1.13116230750165e-05 1.40844776979065e-06 1.23317979614512e-06 2.24871886985056e-05 2.56787455327867e-05 2.86914962089213e-05 2.85830334178172e-05 3.21798056575062e-05 2.18890749238199e-05 2.86358363155159e-06 3.96738533936514e-06 3.61963942623333e-06 2.86853634179352e-06 2.0130063887791e-06 2.04495681828121e-06 1.97912116846055e-06 1.95730563063989e-06 1.80787104113733e-06 1.87211846878199e-06 2.06964227800199e-05 1.82482101081405e-05 7.49166240439081e-06 1.35118497382791e-05 1.14080627554358e-05 9.84536986834428e-06 6.18206503588681e-07 7.61183353006345e-06 5.55013770053847e-07 6.11020431051656e-07 6.43695631197261e-07 6.79984282214718e-07 6.99766590628315e-07 7.65761893717354e-07 8.7190410056337e-07 9.15048522642792e-07 8.95899239594655e-07 1.13772436804993e-06 1.17904649243883e-06 1.18825088293306e-06 1.14829543065298e-06 1.06978695271209e-06 1.0642397370475e-06 9.18441116937174e-07
1.20883827889884e-06 1.66988742194007e-06 3.58071679329441e-06 2.49136378442927e-06 2.83700774161844e-05 2.4542720620957e-05 2.24973966396647e-05 1.96640429294348e-05 1.69270352671447e-05 1.29281756017008e-05 2.58831452811137e-05 2.40425073570805e-05 2.40441505411582e-05 2.59212719129209e-06 1.97011223690424e-06 1.60874683388101e-06 2.8437823175409e-06 3.64223045608014e-06 1.434761480823e-06 1.68129417943419e-06 1.75474724528613e-06 1.41960151154308e-06 1.28063122133426e-06 5.98886897478224e-06 1.63052049174439e-05 1.42431491894968e-05 1.2614416255019e-05 1.00092291177134e-05 7.99187660049938e-06 7.41788451250613e-06 7.97279653852456e-06 7.7912134656799e-06 6.6513356955511e-07 6.78282373201e-07 7.11317767354558e-07 5.93098178569562e-07 6.13279397043698e-07 6.49163138177755e-07 7.64121227803116e-07 1.00041883399626e-06 9.85380398788038e-07 1.00021246680626e-06 9.11314097606919e-07 1.01961277323426e-06 1.04490988519501e-06 8.08589766165824e-07
9.06986520021746e-06 2.65176253151367e-06 3.13935926214981e-06 6.22652507900057e-06 3.07332148850037e-06 2.42425452370298e-06 1.58643462100372e-06 1.91805524991651e-05 5.30831207470328e-06 5.39950799520739e-06 4.54825453743979e-06 6.67824081119761e-06 3.23795479744149e-06 4.05104915444099e-06 1.94992334172639e-06 3.52838279127354e-07 8.17571657307781e-07 3.14432570576173e-06 3.2188681984735e-06 6.99953288858524e-06 8.15441383110738e-06 1.2002375387965e-05 5.76836848722451e-06 5.5404834483852e-06 1.5691203498136e-05 1.42941371905181e-05 1.29329453557148e-05 1.00419602858892e-05 8.6323718278436e-06 7.94384154687577e-06 6.94362840931717e-06 7.0748320695202e-06 1.02197209344013e-06 4.61674984819638e-07 4.87333851140193e-07 5.16905447511817e-07 6.41990891381283e-07 5.46442069548903e-07 6.98619217587293e-07 1.13933438115055e-06 1.35885659915402e-06 8.11962249258613e-07 9.34396027219009e-07 9.5690421630934e-07 9.50376355035587e-07 8.96792045068651e-07
1.0067895254906e-05 1.07204324990562e-06 6.17282296389021e-06 1.54991719227837e-05 4.04798183808452e-06 2.20413875240411e-06 1.31703181409648e-06 1.70120177244826e-05 2.30258517035509e-06 5.59862023692403e-06 1.36594315790717e-05 1.46522219893086e-05 1.47978791574133e-05 9.68802160059568e-06 4.57513718856717e-06 2.46867650730564e-06 5.72486969758756e-06 1.07378811549097e-06 7.96728863861063e-06 1.29052481838698e-06 1.92269859326188e-05 9.02732001577533e-06 1.90154828487721e-05 1.65109809131536e-05 1.41286582220346e-05 1.36593611841818e-05 1.18818560167711e-05 6.10601173320902e-06 9.02078400031314e-06 2.20118971583361e-06 7.20809157428448e-06 1.16298254226876e-06 4.36337478504356e-07 4.31641140608008e-07 4.25325956143752e-07 4.24437585877513e-07 4.3675561443024e-07 5.40074044863559e-07 5.52425936461987e-07 6.48336407493844e-07 5.97767041199404e-07 6.91189507051604e-07 7.54863859242505e-07 7.84918097451737e-07 7.19237655744109e-07 7.60272368438564e-07
1.24898896501691e-05 6.66681700067784e-07 8.69247230639303e-07 1.09971302322265e-06 7.5313411798561e-06 1.10059694407028e-06 3.95366764678329e-06 1.95716893358622e-05 3.74949718207063e-06 1.13990319050572e-06 1.25398868817683e-06 1.1519695590323e-06 1.11355851686312e-06 1.04695664049359e-06 1.11414356638306e-06 8.93916052291388e-07 9.44295547355978e-07 3.98042691358569e-06 9.98701082721709e-07 9.63945072385286e-07 9.42298788686458e-07 7.98774200916341e-07 1.46300367873664e-06 3.703859624693e-06 1.24651545775123e-05 1.22775491490756e-05 1.14646116344375e-05 1.00032606042078e-05 9.00960285434849e-06 8.13656724858447e-06 6.88069903844735e-06 6.44660615307657e-06 6.68986324399157e-06 6.45067514142283e-06 5.04652979316234e-07 4.00060713445782e-07 4.05684069448853e-07 4.25943754578384e-07 5.19671537801969e-07 5.53073986964137e-07 5.83142463028707e-07 5.18793433457176e-07 5.13233288756965e-07 5.37085152529926e-07 5.16606458234037e-07 5.19622858519142e-07
9.68179251685797e-06 1.01064406862861e-05 1.09532913029398e-05 1.24632585539075e-05 9.79776294229851e-07 1.49979892398733e-06 1.6832993310345e-06 2.46935468908305e-06 1.2583771649588e-06 1.63374207318157e-06 1.37270142204216e-06 1.24346454413171e-06 1.12059537968889e-06 9.29033348029407e-07 1.23065746606699e-06 8.61290709508467e-07 7.34655785095129e-07 7.38773471198328e-07 7.12651601020298e-07 6.99635589285208e-07 3.16245480007638e-06 2.47974753619928e-06 6.0153765701898e-07 1.15019396105254e-06 6.97755499459163e-06 2.9639618787769e-06 6.24871706804697e-06 9.3594242571271e-06 8.46873631417111e-06 7.91025049693417e-06 6.47947467768972e-06 6.15337003182503e-06 5.96942752508767e-06 7.11139725808607e-06 7.09957118942839e-06 7.0150157853277e-06 1.44284746284029e-06 4.186877021084e-07 7.26976796272538e-07 4.43547608597328e-07 3.11274803266315e-06 1.91467580634708e-06 5.2532473375777e-07 4.78930037672853e-07 6.77370010748746e-07 4.71501616061687e-07
9.42990582188941e-06 1.07495798147283e-05 1.1079651540058e-05 1.34320943288913e-05 1.88059191714274e-05 2.07009598852892e-05 1.47953281839364e-06 1.98206907384701e-06 1.92599331398924e-06 1.7963829634482e-06 2.36230853261077e-06 1.96581578393307e-06 1.39130768843643e-06 1.42287144626607e-06 1.1543058207053e-06 7.45299078630524e-07 6.61445346850087e-07 6.36701508938131e-07 6.98233262141912e-07 5.93750597488452e-07 5.37436743286435e-07 1.67825564290069e-07 4.76732296306182e-07 6.83891452979424e-07 6.10362803854514e-07 1.59959796519615e-06 8.88681456672202e-06 7.46289622384211e-06 7.18525907359435e-06 6.8088596663074e-06 6.6274207256356e-06 5.92292099099723e-06 5.58898457256873e-06 5.44752113000868e-06 5.48759539924504e-06 6.69352468776196e-06 1.42346241318592e-06 8.47208283971668e-07 4.34897414436364e-07 3.79062298350163e-07 4.09995402606e-07 8.02642891812866e-06 4.4739209670297e-07 1.73347014538194e-06 3.11022421328744e-06 4.7620273164739e-07
1.08463648302859e-05 1.04342185295536e-05 1.22860202282027e-05 2.07693439733703e-05 2.66544146143133e-05 1.9816845360765e-05 7.90177448379836e-06 1.58884725465214e-06 2.60863949961276e-06 3.08157704012046e-06 2.92597326279065e-06 2.29316295303761e-06 1.80072132138775e-06 3.55308711732505e-06 1.71210731423344e-06 1.09352962169851e-06 7.41733114750787e-07 5.4138291432082e-07 2.96643226960214e-07 4.60928187351328e-07 4.45109193947246e-07 1.02818934877291e-07 9.18268708005598e-07 6.53069118925487e-06 8.20771599592263e-06 6.68131851853104e-06 7.26791893157497e-06 6.91185616688017e-06 6.86782211687387e-06 6.65622633277962e-06 6.48152781650424e-06 5.63318199056084e-06 5.33092529622081e-06 5.17437720191083e-06 4.95670030886686e-06 4.99257912451867e-06 5.13852169206075e-06 4.52696325226043e-07 4.2163653120042e-07 4.16320882834498e-07 3.56979199978014e-06 6.25881800715433e-06 7.42311481189972e-06 6.14776486145274e-06 1.33364798386992e-06 6.71920745389798e-06
9.2747734470322e-06 9.5765750756982e-06 1.10164681245806e-05 1.70891578818555e-05 1.91343535334454e-05 1.67824337950151e-05 1.79965548340988e-05 1.64257280061975e-06 2.34772208500544e-06 2.19860609718125e-06 2.2672435648019e-06 2.71631330406308e-06 3.09589258904452e-06 3.22788222320014e-06 1.13700833026087e-05 6.84784727127408e-06 1.48162940263319e-06 6.73940616024993e-07 5.03565803455786e-07 1.1179109193904e-07 1.23083623648768e-07 5.85116374622885e-06 7.04994533862191e-06 6.56863649055595e-06 7.17637115030811e-06 6.28908089765901e-06 2.41277235204507e-06 4.00100811930315e-06 6.31176421848068e-06 6.45267041363695e-06 6.27733265901043e-06 6.86142254835431e-06 3.83114429780562e-07 7.4414683268742e-07 3.42265003894227e-07 3.63524549129579e-07 6.06687001436512e-06 5.95198173414246e-06 3.99630515346416e-07 4.56693535966224e-07 4.3489187362411e-07 4.79208574688528e-07 4.57199956827026e-07 4.0760999269196e-07 4.20577006821077e-07 5.22783850556152e-06
9.21853884392476e-06 1.06614421838458e-05 1.4418140062844e-05 1.66327005899802e-05 1.57978778588586e-05 1.61486987963144e-05 1.16353849364259e-06 1.93309020914967e-06 2.83730259980075e-06 5.85509708344034e-06 3.12096333345835e-06 3.60078914809492e-06 3.69615572708426e-06 8.99989709068905e-06 1.89164675248321e-05 2.61021116784832e-05 4.48403348855209e-05 1.01820993222645e-05 1.42205925044436e-06 5.09440629059554e-07 2.35739058496165e-07 1.82806061843621e-07 5.35591765071786e-07 5.25601590197766e-06 1.40878630077168e-06 5.19294273999549e-06 2.20827720909256e-06 9.53927758473583e-07 6.87261733673949e-06 6.97743878390611e-06 6.12815701970249e-06 6.30260549314698e-06 6.99395020546945e-06 5.32334688614355e-06 1.5651392629934e-06 3.43067731023439e-07 1.89129169712032e-06 5.9857168025701e-06 4.97121213811624e-06 2.173172407538e-06 1.81700688699493e-06 5.36420529897441e-06 3.29976991508829e-07 4.35180268709701e-07 3.53437107492027e-07 3.36221178542928e-07
9.43791842473729e-06 8.72742662068049e-06 1.12847479613265e-05 1.23350261219457e-05 1.28969992601924e-05 1.05986094695254e-05 5.59966332502881e-07 9.98465367274548e-07 2.27733585234091e-06 2.74649522680193e-06 3.43955721291422e-06 4.18560889556829e-06 5.60097712423158e-06 1.01111872027104e-05 1.34340561999124e-05 2.26453666982707e-05 6.08028163696872e-05 0.000201481332624098 2.02568892746058e-05 2.64353499233039e-06 1.04555101927417e-06 1.57081148017824e-06 3.09097032413774e-07 1.16635687064104e-07 1.09878297749333e-07 3.37276638617823e-07 3.94208991565392e-06 5.17195005613757e-06 6.30696749794879e-06 1.4868267271595e-06 4.99272825891239e-06 6.02844088462007e-06 1.64378889166983e-06 3.6422582780915e-07 3.01900794852372e-07 3.29010546806785e-07 3.19935404036187e-07 5.01332990552328e-06 4.5699925522058e-06 6.2649319971797e-07 4.11608024819543e-07 3.60063162929691e-07 1.32966333126205e-06 3.79710981235348e-07 3.20036625112152e-07 2.96856345727292e-07
8.85452705006173e-06 1.16501050342777e-05 1.1850656437673e-05 1.19336553780158e-05 3.18906265306396e-06 4.25578440399477e-07 5.26462072514278e-07 5.68680927415244e-07 1.03138885947374e-06 1.14148837724315e-06 1.61397304623279e-06 3.42629767828839e-06 1.34813199110795e-05 1.89943851182761e-05 3.39914768119343e-05 3.12843409119523e-05 3.09376402583439e-05 6.75932646117872e-05 0.000188579631503671 0.000213163889566204 4.61083152458741e-06 3.29383107100512e-06 1.66217982950911e-06 3.33114543593638e-07 5.45409831431698e-07 2.48799018720547e-08 3.87888389852265e-08 4.76196335341683e-07 2.49652118782251e-06 3.05476567774576e-07 3.90898181024113e-07 5.10037507410743e-06 5.72226434769618e-07 2.64675254157964e-07 3.10036035244821e-07 3.12090552512245e-07 3.09245708507433e-07 3.19183320129923e-07 2.6938678772126e-07 2.51510721227533e-07 2.57537812586861e-07 3.24249441518987e-07 3.46057790068244e-07 3.15693396402139e-07 2.80540272257213e-07 2.93342510815364e-07
1.21815161037375e-05 1.2136842997279e-05 1.24364297789725e-05 1.22887087854906e-05 2.50550837108676e-06 4.98929830428096e-07 4.44127371679315e-07 4.6232001267299e-07 5.10216831628441e-07 7.2281181218159e-07 1.87943807077318e-06 4.90197328417707e-06 7.31769437152252e-06 2.16739637835417e-05 2.56539849942783e-05 1.59424908815708e-05 2.90791386987621e-06 8.48462357680546e-05 1.04574629403942e-05 0.000117248876085796 1.73156957316678e-05 1.93359124750714e-05 1.57548279844377e-06 2.13606697343494e-06 1.46582174238574e-06 7.29428100498808e-07 2.86565980900377e-07 4.7240595790754e-07 9.35768635912382e-08 2.55101207358166e-07 2.53848693887448e-07 2.75641877323096e-07 1.92204892073278e-06 2.8411696035846e-07 2.25297997502594e-07 2.3380464284628e-07 2.54097420082644e-07 2.75225812629287e-07 2.79909172462567e-07 2.73972747777407e-07 2.26642230671814e-07 2.19114938460052e-07 2.49074138025662e-07 2.80672847452479e-07 2.74739669237078e-07 2.75624652346096e-07
