Maxent_result_files_2/B_velox_3.asc
NCOLS 594 
NROWS 330 
XLLCORNER -15 
YLLCORNER 23 
CELLSIZE 0.166666666666667 
NODATA_value -9999 
[rows 220 to 239 of 330, columns 460 to 505 of 594]
0 0 9.32587340685132e-16 6.55031584528842e-16 5.55111512312578e-17 0 0 0 3.49720252756924e-15 4.05853128881972e-13 1.11022302462516e-17 0 0 0 0 0 0 0 0 0 0 0 0 0 0 0 0 0 0 0 0 1.11022302462516e-17 2.22044604925031e-17 6.87747081506984e-11 7.72744067623066e-09 8.69555027760427e-08 1.87991558986411e-09 3.56384921573749e-12 4.83585276267462e-09 7.68429764264056e-12 0 0 0 6.68750665955287e-09 1.91794860293637e-07 6.41162622805336e-07
0 0 4.44089209850063e-16 2.91988655476416e-15 7.39408534400354e-15 5.17363929475323e-15 0 8.88178419700125e-17 1.66533453693773e-16 4.55191440096314e-16 0 0 0 1.22124532708767e-16 1.11022302462516e-17 1.11022302462516e-17 0 0 0 0 0 0 0 0 0 0 0 1.4432899320127e-16 9.01834162903015e-14 0 0 0 3.94129173741931e-15 0 5.63993296509579e-15 1.04338759854272e-13 4.35700364675995e-12 1.0354606061469e-12 1.33297893678552e-07 5.17637588737241e-07 8.80562622818104e-11 2.44249065417534e-16 9.14490705383741e-14 3.75941584529471e-08 6.61926002343272e-08 6.19034371762695e-08
0 0 0 7.03881397612349e-15 7.8159700933611e-15 7.66053886991358e-16 1.11022302462516e-17 1.43329792479108e-14 2.22044604925031e-16 0 0 0 0 9.84212711330201e-14 7.43849426498855e-16 2.77555756156289e-16 1.11022302462516e-16 6.66133814775094e-17 0 0 0 0 0 0 0 0 6.3549165929544e-14 3.45279360658424e-15 6.66133814775094e-17 1.62661106806183e-11 1.5300794964368e-09 3.41137390869051e-07 3.71871522730771e-07 1.07589145592613e-08 1.11022302462516e-17 0 5.99520433297585e-16 6.97859769971387e-11 1.55437818172288e-10 2.08813624946735e-08 2.3478357968898e-08 2.84154059837505e-08 4.62114573274164e-09 2.19707550597192e-08 3.00743828729466e-08 5.40260135628579e-08
0 0 0 3.33066907387547e-17 6.32827124036339e-15 2.74225087082414e-15 4.9960036108132e-16 4.19664303308309e-15 4.50750547997814e-15 1.765254609154e-15 3.33066907387547e-16 0 0 0 0 0 0 5.93969318174459e-15 0 0 0 0 0 0 0 0 0 0 0 0 0 0 1.11022302462516e-16 3.19151705063803e-11 3.85704261329778e-07 3.93819543642593e-09 0 1.71596070686064e-13 1.72263661668559e-08 2.14033180179207e-08 1.75935156998541e-08 1.67947575624439e-08 1.54688137632419e-08 1.59352399720092e-08 2.23180949499024e-08 4.31247362153719e-08
0 1.11022302462516e-17 0 0 4.34097202628436e-15 5.32907051820075e-15 4.03010957938932e-15 3.94129173741931e-15 3.35287353436797e-15 3.33066907387547e-17 1.50990331349021e-15 3.01980662698043e-15 4.55191440096314e-15 8.21565038222616e-16 1.83186799063151e-15 5.10702591327572e-16 0 0 0 0 0 0 0 0 0 0 0 0 0 1.08243636276484e-11 1.11022302462516e-17 0 0 0 3.34538396984385e-11 7.46858264122352e-09 1.11022302462516e-17 1.44126050205529e-08 1.65247585393047e-08 1.43927609830286e-08 1.17657692366713e-08 1.12329591406279e-08 1.67261876349301e-08 1.1861796855861e-08 1.55710547788956e-08 1.65284109177044e-08
0 3.33066907387547e-17 2.24265050974282e-15 0 0 4.17443857259059e-15 3.64153152077051e-15 3.15303338993544e-15 2.63122856836162e-15 1.11022302462516e-17 0 1.59872115546023e-15 1.06581410364015e-15 4.5852210917019e-15 5.58442181386454e-15 3.21964677141295e-16 0 0 0 0 0 0 0 0 0 0 0 0 0 2.70894418008538e-15 2.33146835171283e-16 6.77236045021345e-16 0 0 0 0 1.71443748087086e-10 1.4105028656175e-08 1.43478918079865e-08 1.28710008318045e-08 9.98617044611905e-09 8.2178299720681e-09 2.79109047651716e-08 1.06799144750092e-08 1.24862382322455e-08 1.1992716486553e-08
1.22124532708767e-16 2.1094237467878e-16 3.44169137633799e-16 3.77475828372553e-15 0 3.07531777821168e-15 2.98649993624167e-15 2.50910403565285e-15 1.83186799063151e-15 1.4432899320127e-15 1.16573417585641e-15 1.37667655053519e-15 5.55111512312578e-17 4.21884749357559e-16 1.33226762955019e-15 0 0 0 0 0 0 5.72875080706581e-14 0 0 0 0 0 0 0 0 0 0 0 2.66453525910038e-16 0 0 3.00755276239073e-10 2.18179335931268e-08 1.2968797113988e-08 1.24319603944656e-08 1.06341831007661e-08 8.70602896441142e-09 1.59569083946209e-08 1.83413773391372e-08 3.15321389776635e-08 3.61879164301193e-08
0 0 5.88418203051333e-16 2.07611705604904e-15 0 2.25375273998907e-15 5.77982106619857e-14 1.82076576038526e-15 1.33226762955019e-15 1.15463194561016e-15 5.77315972805081e-16 1.29896093881143e-15 1.37667655053519e-15 4.44089209850063e-16 0 2.2534428434362e-09 2.09704538844946e-08 8.045988947325e-08 3.70334094390579e-08 0 0 0 2.1094237467878e-16 2.25857110791594e-12 3.6591860652635e-10 2.8611111257959e-10 1.63291602461868e-13 1.11022302462516e-17 0 1.92290627865077e-14 1.92068583260152e-15 0 1.22124532708767e-16 2.62168065034984e-13 2.48492637577868e-10 4.70956607045991e-14 2.39142039504259e-14 3.84792451901816e-08 1.9655906935423e-08 5.70591382142993e-08 7.55276532427018e-08 2.01867031979219e-09 7.27466513028574e-08 3.33480751679716e-08 6.16646023132716e-10 2.83774068687848e-09
4.44089209850063e-16 0 9.99200722162641e-17 1.99840144432528e-15 3.33066907387547e-17 9.99200722162641e-17 1.35780275911657e-14 1.40998324127395e-15 1.11022302462516e-15 6.77236045021345e-16 8.21565038222616e-16 1.02140518265514e-15 1.06581410364015e-15 6.21724893790088e-16 2.33146835171283e-16 1.75320755690933e-08 1.47520487492336e-08 1.42449430029501e-10 1.11022302462516e-17 4.95048446680357e-14 0 0 0 0 0 3.18345350081017e-13 3.53717055645575e-13 1.47244219150799e-08 4.84096930319922e-08 2.37264088243094e-07 2.3238921246227e-07 3.27226542407022e-07 8.94839757847876e-15 8.88178419700125e-17 2.83606471640496e-13 5.62921315294673e-07 4.48343974002174e-06 6.77828440007744e-06 2.20490063984613e-09 4.82524235012605e-08 1.86449372330255e-07 2.20375005438589e-06 1.10210874627814e-05 1.94164018036513e-05 5.00440748027131e-05 2.82801437979652e-06
0 0 0 5.88418203051333e-16 3.33066907387547e-17 1.66533453693773e-16 1.72528658026749e-14 1.84297022087776e-15 1.04360964314765e-15 4.21884749357559e-16 2.22044604925031e-17 8.94617713242951e-14 8.88178419700125e-17 0 2.91259238949237e-12 2.16346385251143e-11 1.8882251207053e-09 1.14686038443779e-14 0 0 0 0 0 0 0 0 0 0 2.50577336657898e-14 1.32355281801111e-07 1.82104635504388e-07 5.20074925747238e-07 1.37418320844684e-07 5.56884106706068e-07 1.1061004826729e-06 1.20930492157001e-05 0.000223689566610119 0.00133411537867687 0.000709111765763737 0.0016941821168075 0.000286039387935944 0.00274051936633732 0.00114826082876789 0.00165322369507521 0.00170533140294538 0.00266672190591635
0 0 0 6.77236045021345e-16 8.54871728961371e-16 1.0325074129014e-15 7.94919685631612e-15 6.66133814775094e-17 3.33066907387547e-17 5.44009282066327e-16 4.88498130835069e-16 1.99840144432528e-16 1.73582259677119e-12 4.44089209850063e-17 0 0 2.22044604925031e-17 0 0 0 0 0 0 0 0 0 0 0 0 1.21513910045223e-13 1.11022302462516e-17 1.3418757216499e-10 7.20622689887041e-07 9.90171201975532e-07 6.4039652105663e-06 0.000803811041259905 0.0286974396905862 0.104795191343874 0.266498727351427 0.570417079329491 0.343767640856095 0.657172387035098 0.0901946827733663 0.573953140048252 0.300740797139588 0.701504037156701
7.99360577730113e-16 9.43689570931383e-16 8.32667268468867e-16 1.14352971536391e-15 1.09912079437891e-15 8.77076189453874e-16 8.10462807976364e-16 6.66133814775094e-17 6.12843109593086e-15 2.07611705604904e-15 2.88657986402541e-16 8.32667268468867e-16 8.37195313074801e-11 2.96429547574917e-13 9.99200722162641e-17 1.11022302462516e-17 2.22044604925031e-17 3.44169137633799e-16 0 0 0 0 0 0 0 0 0 0 0 0 7.22037762912464e-11 1.12844504851495e-09 1.41100909337055e-05 3.95721980968489e-05 0.000117509956579198 0.00149224129272625 0.000680437349114982 0.00392420662028599 0.0106788606659393 0.184280781075358 0.321924279630184 0.133644351363182 0.636472278833389 0.653421545028687 0.309215548634529 0.386166521906853
6.10622663543836e-16 5.55111512312578e-16 7.99360577730113e-16 5.88418203051333e-16 1.0325074129014e-15 6.32827124036339e-16 5.44009282066327e-16 3.5527136788005e-16 1.59838808855284e-13 4.29198054874291e-10 1.90649607212379e-11 5.62772051182492e-14 1.11022302462516e-17 0 5.12145881259585e-14 1.27675647831893e-15 1.11022302462516e-17 0 0 0 0 0 0 0 0 0 0 2.55351295663786e-16 2.22044604925031e-16 8.90398865749376e-15 1.02513185717967e-09 1.84243967553677e-05 0.000121709563907046 0.00706511372991372 0.0764144252054393 0.30189518481493 0.160546572692692 0.995318806171417 0.922406286001205 0.791409108042717 0.992883968353272 0.443439356982708 0.985771703720093 0.977930623292923 0.967552864551544 0.907948672771454
1.88737914186277e-16 1.33226762955019e-16 6.32827124036339e-16 5.55111512312578e-16 5.99520433297585e-16 6.77236045021345e-16 0 2.44249065417534e-16 1.11799458579753e-14 1.65423230669148e-15 1.67971192510663e-12 4.80151651771621e-10 4.51527704115051e-14 2.1094237467878e-16 1.58295598851055e-13 1.79934989130714e-10 3.99680288865056e-16 0 0 0 0 0 8.73745520379998e-15 1.25570220887994e-11 8.77999895010362e-12 0 0 0 4.21884749357559e-16 1.87000247509062e-09 1.12079074576776e-08 4.25188006913935e-08 8.48774434455413e-06 0.00683627435792005 0.274232717603445 0.992312306165695 0.922477471828461 0.955880081653595 0.90520390868187 0.883420234918594 0.98225981593132 0.957825148105621 0.978769606351852 0.953249979019165 0.371815601736307 0.95134899020195
3.5527136788005e-16 1.11022302462516e-16 3.10862446895044e-16 5.6621374255883e-16 2.33146835171283e-16 3.99680288865056e-16 3.44169137633799e-16 2.44249065417534e-16 2.44249065417534e-16 2.1094237467878e-16 1.22124532708767e-16 1.11022302462516e-17 1.47681866735638e-13 1.4432899320127e-15 0 0 0 0 0 0 0 1.15907283770866e-14 8.1143869401501e-11 5.6532695191791e-10 2.52988630045081e-10 0 0 1.25713217613566e-11 2.76344558347574e-10 3.16921933141145e-10 1.35174708204566e-08 6.04636196221975e-07 2.41768055301961e-05 0.0151986729993951 0.969100338220596 0.988441532850265 0.881550484895706 0.987212425470352 0.985581290721893 0.744612827897072 0.824004900455475 0.56824865937233 0.534177562594414 0.571132889389992 0.944874423742294 0.271648566424847
1.99840144432528e-16 2.22044604925031e-16 9.99200722162641e-17 1.11022302462516e-17 0 1.55431223447522e-16 1.55431223447522e-16 1.66533453693773e-16 1.55431223447522e-16 1.11022302462516e-16 1.33226762955019e-16 8.88178419700125e-17 6.66133814775094e-17 1.08801856413265e-14 0 5.55111512312578e-17 0 4.44089209850063e-17 0 0 0 0 2.34651520436557e-11 9.43234379491287e-13 1.34981836819037e-10 0 0 2.04503081135954e-12 0 0 1.59658422083098e-07 0.0642635999247432 0.172925504669547 0.490088433027267 0.978069722652435 0.976447802782059 0.00407908211964241 0.173669244349003 0.871202212572098 0.187178332731128 0.0382418783614412 0.0267148089013062 0.00128436962868363 0.0278052491135895 0.0829449278302491 0.00747078216663795
1.11022302462516e-16 1.77635683940025e-16 7.7715611723761e-17 3.33066907387547e-17 2.22044604925031e-17 4.44089209850063e-17 5.55111512312578e-17 5.55111512312578e-17 4.44089209850063e-17 1.11022302462516e-17 3.33066907387547e-17 0 0 0 4.70734562441066e-15 0 1.7874590696465e-15 0 0 0 0 0 0 1.52100554373646e-15 1.16107123915299e-13 0 0 0 0 0 9.55715506734123e-12 0.000858864488236577 0.0771788385696709 0.648616215586662 0.480722236633301 0.147774504125118 4.47563531110973e-05 9.18525232599166e-05 8.02145538528754e-06 1.68858140953132e-06 3.36717290366773e-06 1.56155040320627e-06 6.81956876458223e-07 2.36717699665379e-06 4.47451145124678e-06 5.39194044247182e-05
0 0 6.66133814775094e-17 0 0 0 0 0 1.11022302462516e-17 0 0 0 0 0 0 0 3.07653902353877e-13 1.27675647831893e-15 0 0 0 0 0 0 0 0 0 0 0 0 7.23456872187001e-10 7.65169293828194e-06 9.26294271039296e-05 0.280510368943214 0.183125800639391 0.137658648192883 5.66211522112781e-12 1.81897281681387e-09 3.15476333945242e-10 4.89608353859694e-15 1.06621833584342e-10 7.79029063480152e-12 3.6602366777494e-07 3.00764792748875e-07 2.91424628551251e-07 1.05650321284845e-06
0 0 2.22044604925031e-17 0 0 0 0 0 0 0 0 0 0 0 0 0 4.27324842178223e-14 3.69326791371805e-13 0 0 0 0 0 0 0 0 0 0 0 0 1.38584810294162e-11 3.32511795875234e-14 2.78808798270802e-10 7.78033861670302e-08 1.22508669875288e-12 3.32517346990358e-12 2.53948639894475e-11 7.87208964680985e-11 0 0 0 2.23689857969944e-08 2.78325318348038e-10 1.97699536741425e-09 1.48658862997308e-14 5.81046764956961e-06
0 0 0 1.11022302462516e-17 0 0 0 0 0 0 0 0 0 0 0 3.48907569502899e-12 3.13582493305375e-13 2.16808793140899e-12 0 0 0 0 0 0 0 0 0 0 0 0 0 1.11022302462516e-17 0 1.67088565206086e-13 1.0547118733939e-15 0 1.16727427723617e-10 0 0 0 0 0 0 7.69495578367696e-14 0 6.31716901011714e-15
