Maxent_result_files_2/B_velox_2.asc
NCOLS 594 
NROWS 330 
XLLCORNER -15 
YLLCORNER 23 
CELLSIZE 0.166666666666667 
NODATA_value -9999 
[rows 180 to 199 of 330, columns 92 to 137 of 594]
0.000419097921985667 0.00232897911919281 0.00219783476786688 0.00243724216707051 0.00248235877370462 0.00213807126274332 0.000909091948415153 0.00240299972938374 0.00209537179907784 5.96491323676673e-06 0.00207735035801306 0.000397066514415201 0.000670330651337281 0.00304709137417376 0.00134176844730973 0.00393900447525084 0.00473774010315537 0.00426703148987144 0.00205317412037402 0.001490184571594 0.00428148070350289 0.00458123695570976 0.00569389308802784 0.00741625754162669 0.00369772766716778 0.0033284088363871 0.00157344468170777 0.00137292994259042 0.00151837136618269 0.0136977741494775 0.0164759210310876 0.00523784002289176 0.00277407568646595 0.00370527546619996 0.00130649642087519 0.000369220648281043 0.000128915317145584 2.24537469395436e-08 1.14510989968064e-07 1.38069399246987e-09 6.94444046711595e-10 0.000459284381940961 0.001302160625346 0.00223698207410052 7.37675641175883e-05 4.47523323066079e-08
0.000874404577189125 0.00143857944058254 0.00156717630452476 0.00173886172706261 0.00111013530986384 0.00187132675200701 0.00172333826776594 0.00195834286278114 8.31028401080403e-06 3.9988293378812e-07 1.01752756265228e-06 0.000523119058925658 0.00198851375607774 0.00015407124592457 0.00308750970289111 0.00417016574647278 0.00432948879897594 0.00175891064573079 0.00622098539024591 0.00151927545666695 0.0055964273866266 0.00569169360678643 0.00592331718653441 0.00372189681511372 0.00521651920862496 0.0035510809335392 0.00131905892994837 0.00618523814482614 0.00139334505656734 0.00911444667726755 0.00637469966895878 0.00492466858122498 0.00366541220573708 0.00259552703937516 0.00265546853188425 0.00156838756520301 0.000262282205949305 3.01587424544891e-07 9.89551307006842e-08 1.1040884729141e-06 0.00301523882662877 3.63907129212748e-05 2.74429218052319e-06 0.000715578929521143 3.63982011197805e-10 4.83039433840649e-07
0.00110281092347577 0.00135110181290656 0.00178584420355037 0.00132580031058751 0.00143623393378221 0.000342577765695751 0.000350580002123024 8.26651433953884e-06 2.30795056722855e-05 8.73108806365153e-09 6.08870785754334e-06 3.66672944096536e-07 0.00258212630869821 0.00275702144717798 0.00222937205107883 0.00250528095057234 0.00141693141340511 0.0069364330265671 0.0050353932660073 0.00339707233943045 0.0024043184123002 0.00415647856425494 0.00875575398094952 0.00648580426350236 0.0078598013613373 0.013718603271991 0.0121940413489938 0.00195032111150795 0.0021026791917393 0.00449320839252323 0.00478855238761753 0.00465097513515502 0.00311059104278684 0.00298832922708243 0.0013180825044401 0.00257423834409565 0.00396298051346093 0.000331050557724666 0.000319574431341607 0.000993218435905874 0.00423201841767877 0.00665473323315382 0.00851891613565385 2.35420797025654e-06 1.15125587356601e-06 9.66630057519069e-05
0.000192943003639812 0.00035847547405865 1.97312839645747e-05 0.000627466134028509 0.000555211275059264 0.00100619621225633 0.00149143760791048 0.000518641376402229 2.47841770942614e-05 8.19450489908391e-08 1.1101752850351e-11 2.61310972859974e-12 0.00226177977165207 0.0021685772924684 0.00435087454970926 0.00177690909476951 0.00367415780201554 0.001154671763652 0.00382576312404126 0.0010011894039053 0.00274783400818706 0.00304858346935362 0.00293025295250118 0.00985840475186706 0.0107255314476788 0.0168130524456501 0.0125168906990439 0.00108740157720604 0.0011147023004014 0.00349998008459806 0.00265428845304996 0.00149476946680807 0.00244863664265722 0.00208754506893456 0.00124532754416578 0.00139012531144544 0.00155787498224527 0.000196884826436872 5.38107139504973e-06 0.000226375221973285 0.00237132391775958 0.000299492656995426 4.04097852069185e-06 4.64683722896098e-06 7.13654927722018e-05 0.00033403075649403
0.000153588113607839 0.00100929569453001 0.00104768330347724 0.00104004035820253 0.000855196494376287 0.00127791321719997 0.00130265628686175 0.000877171911997721 0.00126609932631254 0.00129870149539784 4.8788823914947e-05 4.08933466111705e-07 0.00118324258655775 0.00273548295954242 0.00342774770688266 0.00272047424223274 0.000868037130567245 0.000466730577045382 0.00434541676659137 0.00395700086373836 0.00514058934058994 0.000550300798204262 8.64839221903502e-08 0.00955594009719789 0.0135857162065804 0.012098797224462 0.00212393631372834 0.00239725016290322 0.00019333043237566 0.0015040016558487 0.000822614814387634 0.00214211907004938 0.00274230624781922 0.000943852937780321 4.79830813674198e-05 7.70792657021957e-05 0.0100207688985392 0.00395111485267989 0.00654393072472885 0.00261249252071138 0.00919444075552747 9.34192158563718e-07 3.70154051552163e-05 0.000654386890528258 8.31546642984904e-05 0.000442598774679936
0.000846948986873031 0.000842732103774324 0.000932861014734954 0.00114866978256032 0.000628028620849364 0.00123179855872877 0.00122209883993492 0.000792432637535967 0.00123898983583786 0.00129089938127436 0.00107888727798127 0.00107595377485268 0.000144839436688926 0.00188997394870967 0.00226018390385434 0.00143375155748799 0.000576666099368595 0.000358215512733295 0.00232494562515058 0.00531268625054508 0.0034720323048532 0.000150193674380716 1.13225245013115e-07 0.00157541590742767 0.00681822677142918 0.00712033095769584 0.0010798954841448 0.000935840973397717 0.000655527532217093 0.00162888612831011 0.000627012178301811 0.000277879033455974 0.000210661884739238 5.90201287309355e-06 0.000788070986163802 0.00308439795626327 0.0182621442712843 0.00788998970529065 0.00908570603933185 0.0209027760662138 0.010663034603931 0.00119469640194438 0.00454190713353455 0.00246130015002564 0.0317870933562517 0.00357957817614079
0.000971509353257716 0.000912232976406813 0.00082553934189491 0.00100177343119867 0.0010244382545352 0.000926320010330528 0.000873010524082929 0.00103241775068454 0.00122336552594788 0.0010285789903719 0.000604396153357811 0.00108340930892155 0.0013346413965337 0.00101059946173336 0.00228519536321983 0.00143701981869526 0.000656583790259901 0.00104935983545147 0.000737794508313527 0.00206055693561211 0.00137381525419187 0.00818741745315492 0.00370372546603903 0.00340949515812099 0.00352470313664526 0.00659092599526048 0.00281047564931214 0.000959454209078103 0.00141688693547621 0.00146806429838762 0.00133051380398683 0.00019748634294956 0.000199139762116829 7.7716603391309e-05 0.000115279606870899 0.0118971546879038 0.000309158878917515 6.65743042247868e-05 0.0203192002605647 0.00949602220207453 0.0154586176387966 0.0172949644736946 0.000862516870256513 0.015525728976354 0.00128359278896824 7.84599735368374e-06
0.000824562978232279 0.000507462746463716 0.00090897175250575 0.000872506527230144 0.000876504322513938 0.000380693396255083 0.000715131690958515 0.000865919474745169 0.000189138094719965 0.000894173298729584 0.000999139016494155 0.00153774948557839 0.00105628884630278 0.000469957198220072 0.0014746546454262 0.00171905814204365 0.00244594508549199 0.000985363499785308 0.00226383463013917 0.00253251411486417 0.00169786477927119 0.00430296196136624 0.00496027530170977 0.0059599282220006 0.000362158434290905 0.00434686762746424 0.000468154210830107 0.000107956823558197 0.00176492418395355 0.00132324213045649 0.00124875387409702 0.000769569398835301 6.37969114450243e-05 4.29435347768958e-05 0.00750698879128322 3.19778515456282e-07 3.26929698161393e-05 0.00852116788737476 0.0191457528620958 0.0178600707091391 0.0102908805012703 0.00443902962724678 0.000627483892640157 0.00260786340804771 0.00228885772521608 0.000381573696540727
0.000253269616223406 0.000770952476887032 0.000786606493056752 0.000720854819519445 0.000667612301185727 0.000559955180506222 0.000743863239767961 0.00105997478822246 0.00126929437974468 0.00145065448596142 0.0015977738366928 0.00192985442699865 0.00186083209700882 0.00135692211915739 0.000675713122473098 0.00183857646770775 0.0016375855600927 0.000601890243706293 0.00113719325163402 0.0024143711430952 0.00240628275787458 0.00308393437881023 0.00175400846637785 0.0036642151651904 0.00428114212118089 0.00273609953001142 0.0015416877809912 0.00100491780322045 0.00133839735062793 0.00108233388746157 0.00114234217326157 0.00146473057684489 1.8109804091182e-05 1.50681371613448e-07 5.01472707914452e-08 5.8489664300776e-08 0.00775115387514234 0.000254248034616467 0.015299256099388 0.0214489541016519 0.000837663167840219 0.00251622286959901 0.00588233866437804 0.0103999769024085 0.00349262284580618 0.000108484244083229
0.000632208396564238 0.000713810871820897 0.000653742731083184 0.000559283254551701 0.000840854161651805 0.000954586948500946 0.00125335202319548 0.00148451038985513 0.00181983755901456 0.00207875067135319 0.00229436618974432 0.00272815445205197 0.0027899797540158 0.000441272699390538 0.00213742797495797 0.00224670557072386 0.00474607264623046 0.00267569575225934 0.00158214989933185 0.00211593054700643 0.00272704063681886 0.00188341777538881 0.00163544111419469 0.00275495591340587 0.00485179731622338 0.00386080830357969 0.00202669803984463 0.000522020005155355 0.00114187766448595 0.00111927546095103 0.00124734973651357 5.56464609076102e-06 1.21672205644074e-10 1.20514054380294e-07 7.17513146153426e-07 0.0074454931076616 0.0064893311355263 0.00680518606677651 0.0192228959873319 0.000295884679871961 9.35091571705016e-05 0.00174275060780928 0.201891853660345 0.30776349902153 0.0932720096316189 0.000429972243728116
0.000579223633394577 0.000628060818416998 0.000752279657172039 0.000967331579886377 0.00104754228959791 0.00131935026147403 0.000975616660434753 0.00169685758883134 0.00230528900865465 0.00164844028186053 0.00293743009679019 0.00302580860443413 0.00326486675767228 0.00284798126667738 0.00378122839611024 0.00470811270643026 0.00307331020012498 0.00204411590239033 0.00149999627028592 0.00253521426348016 0.0047340985853225 0.00232010864419863 0.00238129957579076 0.00431005216669291 0.000274952944528195 0.00355611613485962 0.000257831841008738 0.000812838255660608 0.00105382944457233 0.00021400485857157 4.14986073337786e-05 1.55571661641929e-07 3.33970157084806e-09 3.73775091475181e-05 5.43956230103504e-05 0.000509319741104264 3.78520154640682e-05 2.92961479297915e-08 3.35002293114783e-06 7.70316506617519e-06 0.000949624371605751 0.0380095625296235 0.00758588685566792 0.107981762473355 0.433312703482807 0.226147608653264
0.000559830793645233 0.000672615444636904 0.000618652897537686 0.00120268493774347 0.00130173861398362 0.00155493799829856 0.000384753641264979 0.000907910818932578 0.00275062501896173 0.00122880499693565 0.00379336811602116 0.00392075062263757 0.00510806096717715 0.00699794613756239 0.0150994196534157 0.0084675102494657 0.00479331174865365 0.00239638318307698 0.000243585076532327 0.00380650698207319 2.07958368996231e-06 0.00131556536071002 0.000102076799885253 0.00344105556141585 0.000102834024255571 0.000671334224171005 0.000187263834959595 0.00127659094869159 0.000761272097588517 0.000700516617507674 2.76597311994919e-05 3.03768638731938e-07 0.000227647314022761 0.00237074046162888 0.00655967423226684 0.00968358772806823 3.7228054247862e-05 5.15907040954389e-07 0.000490052309942257 0.0935593928210437 0.000493426815751263 0.031903793476522 0.496029344201088 0.00972863626666367 0.00652825820725411 2.19029027675788e-05
0.000422355471528135 0.000618022153503262 0.000663345877546817 0.00074850840610452 0.00127725098282099 9.38893321290379e-05 0.00133899108623154 0.000923422776395455 8.1914640031755e-05 1.09439972515446e-06 0.00243592010810971 0.00906497095711529 0.0167309144511819 0.0171498540788889 0.00183267741813324 0.0103061218746006 0.000329224015877116 0.00102115767076612 0.00139841619529761 1.54527304085939e-07 4.60295153237311e-07 0.0155810318887234 0.00234542860416695 0.00540874649304897 0.000223677599205985 0.00154816762078553 1.43073221806844e-05 0.000202775953221135 0.000313263561110944 0.000743873580358923 9.40918792835532e-07 7.3817758561745e-06 0.000105551420347183 0.00182695492403582 0.000292066174733918 4.00111160487882e-06 2.42004577359012e-05 9.50620059938956e-05 0.000409093930284143 1.64609627518075e-05 0.00102050191781018 0.0450656372122467 0.0349290942423977 0.0168269221670926 0.000214684137245058 0.00287794027244672
0.000328996087773703 0.000611649864003994 0.000980841182172298 0.00126125456881709 0.000981180765666068 0.000256751113920473 0.00161099376273341 0.00208151704864576 2.04910537490832e-05 1.74461209923038e-09 1.63806095713426e-05 8.86454121107327e-08 0.0147777157835662 0.00242093435372226 0.021693285740912 0.00151868916436797 8.24131024046437e-06 0.000166260598052759 0.00331875114934519 0.000470790275721811 2.04408815207557e-08 5.29428340314553e-05 0.00228695005644113 0.00161579175619408 0.00862439447082579 0.00398628723341972 5.25823360675304e-07 2.69738241742701e-09 7.66858229326317e-06 0.000246932914888021 0.000829853536561131 4.00497112423182e-05 5.44994270967436e-05 0.00063145088206511 6.79953769662234e-06 6.67123481576937e-06 6.67903273097181e-06 0.00037744855726487 0.0540831888094544 0.339489476010203 0.581397558766184 0.0206982987897391 0.401552557537798 0.0676348053609217 0.118445406854153 0.071682065539062
0.00033275218156632 0.000155324815568747 0.000797204923583195 0.00121281789033674 0.00165275338222273 0.000584816728951409 0.00186222302145325 0.00272028055042028 0.000529141449078452 4.36092868594251e-08 4.52041814735793e-07 3.86649993515675e-06 0.000585162892821245 0.00129599384526955 0.0765348568558693 0.0508048046380281 0.00897695496678352 0.00112043570843525 0.00194682123255916 3.41880922571924e-08 2.18936466254149e-06 0.000184519248659853 0.00277228390332311 0.00019055127268075 0.00715922373346984 0.000810552446637303 7.40546469160108e-06 7.16108701453777e-05 0.00027925352769671 0.000204001358360983 0.00118154249503277 0.00112210608203895 0.00034957883763127 1.21310288022869e-05 3.89501841709716e-05 1.75142047055488e-05 9.40034992069627e-07 0.0785248738713562 0.0901545757427812 0.347739429026842 0.320319552719593 0.17884555758792 0.784162721037865 0.651603049039841 0.000381789247512643 0.0334386258386076
0.000265687885985244 0.00038852273428347 0.000205150531837717 0.000142619255348109 0.000743335508741438 0.00116176580777392 0.00144600513740443 0.00175632416503504 0.00272291768342257 8.65226657822404e-06 1.32156239729397e-08 9.10451681157554e-08 0.00258570866426453 0.000259210908188834 0.0333321377635002 0.212410718202591 0.0525827262550592 0.0031910972786136 2.28182111300157e-05 7.75715935930066e-11 5.07148822634917e-06 0.000267185520351632 0.00307917485479265 9.03975314940908e-05 4.11510375784019e-06 4.6136479852521e-06 1.32046589442325e-05 0.000688050471944734 0.00106803099042736 0.00201590741053224 0.00200912036234513 0.00153789909090847 4.35163644993963e-06 2.1250293869457e-06 3.7187531169991e-07 6.33203693496398e-06 0.310579166561365 0.0383273685816675 0.250336003303528 0.856896901130676 0.439652681350708 0.780252248048782 0.229969248175621 0.00273895998252556 0.00078059452935122 4.87621922729886e-05
0.000244970897620078 0.000154198986274423 6.63435638159626e-07 2.86886681351461e-05 0.00045970196952112 0.000601565683609806 6.34132578852587e-05 0.000573087824159302 0.000379048282047734 6.43296639402102e-08 2.93331633871574e-08 0.00032457282213727 0.00763655728660524 0.0481406360864639 0.0996519282460213 0.175111924111843 0.0131321295164526 0.0107597323134542 0.00227328765904531 3.98851092264785e-08 6.75607880111784e-05 0.000153257548481633 1.08864634910333e-05 0.000191578718295204 4.5286896459551e-07 7.57696427058363e-06 1.62639999871317e-05 0.000436123483814299 0.00108249292825349 0.00120546963298693 0.00088676018640399 3.87116233735441e-08 1.77814328550241e-07 1.17471973837269e-06 0.120712161436677 0.165145367383957 0.0271151904948056 0.549484234955162 0.50267119279888 0.813925564289093 0.99035781621933 0.271045033633709 0.000156525992861134 0.000157494980521733 6.50826874334598e-05 6.05675968472497e-05
8.98138514457969e-06 4.20830643861336e-06 4.8946800052363e-05 5.35950443008915e-05 5.5743948178133e-05 5.21627873240504e-05 1.77948065811506e-05 6.37942270259373e-05 0.00125808387529105 6.03755227075453e-06 0.00154819983872585 0.0014820521697402 0.0195767297409475 0.0475114408880472 0.156186553090811 0.114617745578289 0.0303195238113403 0.0223897348158061 3.42538688302696e-07 0.00162239818891976 0.0417589578777552 0.00239814766682684 0.001985630436684 0.000302983537585533 2.64525638060675e-09 9.26329918371493e-07 7.46195735700894e-05 5.3364673476608e-05 4.58295498901862e-05 0.00041722558089532 2.91155102805085e-08 3.42173882650343e-06 2.42496970486172e-06 0.00480198301083874 0.0512990593910217 0.48725714944303 0.964144146442413 0.891182932257652 0.482870866102166 0.578176765388344 0.000263160189024347 0.000709132832707837 2.66844532461619e-06 4.34404526794552e-09 4.12286889961422e-08 0.000120615417108638
3.02836475384538e-05 6.15998087596381e-05 7.47379053791519e-06 1.20005270218826e-05 3.51555263478076e-05 1.40105238642718e-05 3.7362705029409e-06 1.86078895580977e-07 1.96133037775326e-06 6.54091159958625e-05 0.00347817034926265 0.00634431228972971 0.00587890441529453 0.0233401503413916 0.0582350272685289 0.0483172226697206 0.0138874028809369 0.0279168993234634 0.000212826321694592 0.000682376832264708 0.00567624518880621 0.00672309249639511 0.0211786178871989 2.15577162947511e-05 9.91302484543155e-11 1.72321174662926e-08 1.25065894565068e-06 3.77125450157223e-07 0.000223634865687927 3.78115359023212e-08 3.20128282416121e-07 8.099493491045e-05 2.46985639591912e-05 0.0216377891600132 0.703404937312007 0.981731754541397 0.885787564516068 0.28158842459743 0.643138962588728 0.86016329228878 0.0160094087128527 7.29061031961464e-05 4.1521431376168e-05 6.31612440429308e-06 1.73195338959431e-06 0.000102368765510619
0.000150911319360603 0.000133819689654047 0.000127882800006773 6.57974665955407e-05 8.73120112373726e-05 1.21590243651326e-06 1.61858810315607e-05 1.26568611147349e-10 2.33310726294178e-10 0.000124300298921298 0.00334793035872281 0.00260380139807239 0.0094885925296694 0.00140657385345548 0.0285049073398113 0.116415026038885 0.129890270158648 0.0945906441658735 0.0392394235357642 0.00615854604984634 0.000128074185931837 0.000167063116850841 1.90454153514708e-07 5.12146229736388e-07 9.22904336064789e-08 1.59007629174646e-08 2.19281492377377e-06 8.83235672517912e-05 8.53521635235666e-06 1.69371972003063e-10 4.49503406230178e-06 5.09041797087661e-06 0.000467887573722692 0.0280034683644772 0.258625114150345 0.920202076435089 0.835641887784004 0.0717636288075028 0.745911877710023 0.831932885944843 0.856245785951614 0.000606090654036962 0.000124532138579525 8.44761216285406e-05 6.32271428912645e-05 5.24822533407132e-05
