Maxent_result_files_2/B_velox_3.asc
NCOLS 594 
NROWS 330 
XLLCORNER -15 
YLLCORNER 23 
CELLSIZE 0.166666666666667 
NODATA_value -9999 
[rows 160 to 179 of 330, columns 92 to 137 of 594]
0.00417202592725516 0.00515626433043508 0.00425532839362859 0.00339863240733393 0.00356410225722357 0.00191151234666904 -9999 -9999 -9999 -9999 -9999 -9999 -9999 -9999 -9999 -9999 0.0221359635295812 0.00628992176789325 0.0021900494772126 0.00210898792120133 0.00269115497030725 0.00200738176317827 0.00247026979159273 0.00555443506054871 0.0162472931698169 3.9349403992972e-07 8.63288387407124e-06 0.0008825358332615 0.000406406932597747 1.02968432835748e-07 0.00162311953099561 0.0010240883249935 0.00628443610621616 0.00435429525668951 9.29106673481783e-06 0.00431412210455164 0.0221638954769332 0.019745513327598 0.0166941103953107 0.00867962954635004 0.0138277120868679 7.09973206625136e-06 5.83203441095748e-10 1.23653309813676e-12 5.43454170554014e-14 1.20254251001484e-11
0.0161178842521622 0.00695238911357592 0.00244532656743104 0.00242463720242085 0.157811600342393 -9999 -9999 -9999 -9999 -9999 -9999 -9999 -9999 0.296158573031425 0.00459131004972733 0.00269971863308456 0.00274286966887303 0.00307669974972669 0.00262852516352723 0.00215046269258892 0.0149089331310279 0.00204829685244476 0.00548964077315759 0.00243522956297966 0.0151857258466862 0.00327436002116883 0.00237001742025313 0.000153911986308231 0.00129283110290999 0.000666942706629925 0.000719459305582859 2.13831660374808e-05 0.00514950523065636 0.00610060254111886 0.00406092542689294 0.00551723879179917 0.00771210505627096 0.00949310274008894 0.0101373401263118 0.0113997404869224 7.1843425462248e-05 5.32383293005978e-10 4.82411016688999e-09 3.2445268693948e-12 3.7452263512705e-13 7.11696257482686e-12
0.00744436571621918 0.00541130568781227 -9999 -9999 -9999 -9999 -9999 -9999 0.0988783346489072 0.00241625430953718 0.00167358356939076 0.00206561436625634 0.00249493503397389 0.00271405418934592 0.00290507673817046 0.0027797151451523 0.00322124875383452 0.00580502017837716 0.00294663201202638 0.00317756919757812 0.00200354157950642 0.00201687847256835 0.00434670243848814 0.00542188069812255 0.017134094935011 0.00532298486505169 0.00524157124891644 0.0015344533154348 0.00159224739491037 0.00290679997233383 0.00592494170268765 7.70287144575832e-06 0.0226805130628236 0.0191074030291929 0.0288870952714205 0.00953719009121414 0.0100141390372301 0.0089656002674019 0.0218182750025335 0.0203828428973324 0.000627147895378499 6.11552186668973e-10 8.981626997695e-10 3.21614623821631e-11 3.1730174043787e-14 2.76622058592579e-12
-9999 -9999 -9999 -9999 -9999 -9999 -9999 -9999 0.00154874792115152 0.00355883428346715 0.0034734471460979 0.00408035153668607 0.00265309404967411 0.00355742342435406 0.00315760123958171 0.00408736086028512 0.0134290469564803 0.0114463304023957 0.00221099531117943 0.00290372923227551 0.00294138800782093 0.00250220747948333 0.00239617729748716 0.0071339870315569 0.000490608634629552 0.00182822796014079 0.00321030722734577 0.0025024077258422 0.00232002399898192 0.00320925714331679 0.00385461096957442 0.00776914604066405 0.00490221790823853 0.00796382029657252 0.00255253431168967 4.388474282635e-07 5.59938565025675e-07 0.00528943661338417 0.00538983532169368 0.00142436117603211 0.00906832494114695 1.4762286573955e-05 2.65431795432036e-09 7.14759207376403e-10 1.92669213916474e-12 3.35731442646647e-13
-9999 -9999 -9999 -9999 -9999 -9999 -9999 -9999 0.00176251463180961 0.00420606436673552 0.00442874612417654 0.00394834340477246 0.00454502621869324 0.00545777310035192 0.00468450685584685 0.00847484338737559 0.0161524217350006 0.00278812890064728 0.00454019591415999 0.00308242575665645 0.00331659309158567 0.00333262040803675 0.00407991846077493 0.00521629393770127 0.00485476366884541 0.00477547088230494 0.00514429354807362 0.00485138822550653 0.00517287461843807 0.00338932552622282 0.00363738966407254 0.000243279611208891 0.00194464741289266 0.000146249886802252 1.33120736656167e-10 1.00533158526872e-06 1.84240289691218e-11 0.000115776273742085 1.36357395206232e-05 4.67723095365358e-08 1.42087978304062e-05 2.57341437048808e-10 6.16159345767642e-12 1.48507872665959e-12 2.1514526049593e-09 0.000269984139049484
-9999 -9999 -9999 -9999 -9999 -9999 -9999 0.15557929398492 0.00110527587166871 0.00222507344042242 0.00350241748674307 0.00414244644271093 0.0052548294494045 0.00764529825537466 0.00921335934181116 0.0159330030847741 0.0152697623965651 0.00557343101536389 0.00260714475080022 0.00534656129530049 0.00417823153402423 0.00868858777248533 0.00488630759064108 0.0143123457324691 0.00999154758410441 0.0109291208849754 0.0041591082859668 6.32277417551563e-06 0.00556102318805642 0.00786426124104764 0.00516641581925796 7.34277511238446e-08 5.57709434190201e-13 3.5651481766763e-13 2.63806757629936e-05 0.000278101732692448 2.3073571875365e-08 6.40972176113586e-08 2.17328867124778e-08 1.66755498298698e-14 4.51888526598054e-12 5.77098143281773e-06 0.00269450486503047 1.1768351409458e-05 2.84209988876682e-11 1.41273902021233e-08
-9999 -9999 -9999 -9999 -9999 -9999 -9999 0.0579933339264244 0.00108433621958284 0.00191298899499088 0.00278300263998972 0.00364769259249442 0.0053577213169774 0.00491666288653505 0.00672286915942095 0.00363194190940703 0.00306720841617789 0.00437935130030382 0.00487839813285973 0.00407095560949529 0.000125899119166206 0.00972177376970649 0.00773013672151137 0.00799240833439399 0.00727921504585538 0.00681444039219059 0.000475014188214118 9.62343913556651e-05 0.000142222114186552 2.21741862503677e-05 9.27525545257879e-09 1.83051351854147e-12 4.19565537868039e-10 3.08016665595545e-07 0.000102089119445736 2.57513354284811e-07 2.91198580093521e-07 6.86032190722052e-08 5.52196379510761e-08 2.52279630519325e-10 3.31005370335369e-08 0.00144270821037935 2.46881801260201e-06 5.23803223018149e-14 1.61965099332306e-08 4.52411366480554e-08
-9999 -9999 -9999 -9999 -9999 -9999 0.326918651163578 0.0013059028445241 0.00162683011931222 0.0023314661852055 0.00304842094228661 0.00380940380637185 0.00402857640365255 0.0046696622397576 0.00464147720631445 0.00460961858552764 0.00427442288491875 0.00419266915196204 0.00520063928270247 0.00576240811496973 0.0081331753579434 0.0166822242783383 2.0845099991007e-06 1.19579710733397e-07 2.07776061689202e-08 4.88378226748409e-11 1.63860813806593e-11 5.02694548210059e-09 2.0413668211372e-08 1.42951206427711e-12 1.0772271963333e-12 1.52247551056917e-05 0.000209025470303459 0.000535392979509197 1.15868354122473e-07 8.9322883695786e-05 1.82040245420012e-06 4.58055844476668e-08 1.2777379154727e-11 2.39319477235433e-08 2.55460763654014e-11 1.41542333409461e-13 2.71931312454399e-06 6.63398236566692e-08 4.96326424404003e-11 2.49467113633273e-14
-9999 -9999 -9999 -9999 0.318046437576413 0.00212794705639681 0.00211807484611199 0.00228961947614152 0.00268431942567986 0.00263511328776076 0.00265392430155771 0.00283120996500656 0.00253876617061906 0.00282809440395795 0.00311449429500499 0.00298564044351224 0.00362025627691764 0.00541979109111708 0.00409042953906464 0.00483282290006173 0.00601352392550325 0.00999606688274071 0.00239112613053294 0.000135216419880635 3.58389370758161e-07 1.26149091173033e-11 9.10382880192628e-16 1.3150591726685e-13 3.81692411011159e-10 7.24877832203319e-09 5.80723795110316e-05 7.51643832700211e-05 2.56204508608526e-08 1.36567868125326e-11 1.27895515289467e-08 3.59504249587417e-06 6.70171435331213e-05 0.0030815323421848 2.85447712133902e-09 1.04360088846178e-06 9.4472096812126e-12 4.49921365608397e-08 0.000318851396514219 3.77184312760903e-07 2.54762937998976e-06 0.00684190258616582
0.0295236380246934 0.00128533667793818 0.00142752722867954 0.00156005379440103 0.00175605891017767 0.00191761598471203 0.00268082785296428 0.00379546527328785 0.00453226840327261 0.00430681088910205 0.00343116773401562 0.00287337453664804 0.00260836808556633 0.00280790010328928 0.003033061511087 0.00290205972087278 0.00297614375813282 0.00303494435829634 0.00307273163707578 0.00272209131144336 0.00321360381203704 0.0039773262651579 0.00559262024471536 0.00413253299848293 0.000587424623790866 0.00157599488557025 5.13463338393194e-05 3.9618074563208e-07 2.0457912031091e-10 2.50199527762618e-11 1.5983500856187e-09 1.6012527404019e-08 3.63645989622796e-06 0.0017354174538923 6.3682503707696e-06 5.82029519762273e-06 0.000979407182603609 0.000392236720290384 8.12127466609525e-08 3.34767769061273e-12 1.47782741599656e-10 8.83757955705278e-11 4.52837223274827e-10 0.00124543232232099 0.00666479354549665 0.000719776855657983
0.00123890614586344 0.00150948717991923 0.00144693156007634 0.00166648998356322 0.00213387900148518 0.00253354214437422 0.00320979840107611 0.00335384073296154 0.00377803854134982 0.00357217242781189 0.00363504189663217 0.00318226966774091 0.00283389899268514 0.0025671082574263 0.00249691310782509 0.0025434037524974 0.00232279124684283 0.0028729111130815 0.000250443838331194 0.00258215653193474 0.0019300830854263 0.00276734354447399 0.00263470869722369 0.0024802364045172 0.00270293388821301 0.00393997035935172 8.52782644869876e-05 0.000577554958545079 0.00103419110437244 0.00443707196245668 7.12003037051545e-05 9.83375965191158e-07 0.000815853643871378 0.022989246295765 0.0191517818951979 0.00493539379676804 0.0037432991201058 2.02503092072703e-10 1.39760751860507e-09 7.62408913779211e-11 3.5041572976624e-10 1.32498907312595e-06 5.53707790800217e-06 0.00378534769988619 0.00331818222912261 8.70807789965511e-07
0.000807168039477801 0.00100130614064255 8.83900040406615e-05 2.64438256687427e-06 0.000619311943671619 0.00203099585742166 0.00197027092399367 0.0030713382679096 0.00248628502449719 0.00344227725618111 0.00250731524938601 0.00182062769217737 0.00198639814807393 0.00225118305133947 0.00176511339195713 1.13161510828519e-08 0.00297294119554863 0.0028991357277846 0.00336183490144322 0.00306865428101446 0.00264778102027776 0.00213765814387443 0.0018898353097029 0.00201363704800315 0.00214190809729189 0.00200220894039376 5.63823155118826e-05 0.00391167814086657 0.00167810027160158 0.000547219158943335 0.0031900050387776 0.00619378859410062 0.00902064091933425 0.00614887845003977 0.00195653486880474 0.00340876522823237 0.000827245432810741 0.000491195668109867 6.47207430688468e-06 0.00167787432728801 0.00019108504657197 0.000147730888420483 0.00223657480964903 2.40800651567952e-05 4.61985072419679e-10 6.42819131257966e-15
0.00142058417668522 0.00143509927083869 0.00157544963685723 0.0014430451100452 0.000695132492000994 0.00124967937681504 0.00157482487229572 0.00181225106553029 0.00179751070063503 0.0020154834679488 0.00242891691777913 0.00193463060149952 0.00124485791329789 4.23057665486226e-06 0.00210174415115034 0.00183325220095867 0.000729271376167162 0.00301869942704798 0.00292948900023475 0.00308928048361849 0.00285976912127808 0.00277282141250907 0.00387414385477314 0.00229571242562088 0.00222139274992514 0.00134891396137391 0.00154067962630506 1.92103744522942e-07 0.000382913253133665 0.00182020934444154 2.30415337054701e-07 0.00221706005722808 0.0050296651039389 0.00406284003693145 0.00143883391247073 0.00648534143983852 0.000136597069899835 0.00673047082091216 0.00012768230859308 0.000656903542179066 0.00018931792268404 0.000223465955423308 0.0166402125032619 6.76186186410632e-05 6.66133814775094e-16 1.57651669496772e-15
0.00172130352093518 0.00158399969495804 0.00128768459362618 0.00163273303751339 0.00166969948131737 0.00151248347110595 0.00145212463157804 0.00130290848992445 0.00161808111188293 0.00166818032375886 0.00490832394607423 0.000464187659144955 0.00115826360397477 0.00075656761036953 0.00192834323897841 0.00200933461474051 0.002302261447403 0.00285814662129269 0.00301921208883869 0.00244375465335907 0.0019237210679421 0.000197655216129533 0.000416826418631899 0.00145380025824124 0.0019650767388157 0.00231718262803042 0.00216154279933107 8.39928734080786e-05 0.000942381129607384 0.00524886307830457 0.00246497065745643 0.000609132024692371 0.00389723824773682 0.00458645286562387 0.00180244596267585 0.00634892457164824 0.00527828117046738 0.00790631299605593 0.0118310224846937 0.00734693032572977 0.00633731147681829 0.012119807099225 8.32114770643599e-08 6.56141807553468e-15 1.52100554373646e-15 5.28100452257263e-11
0.0023338247961874 0.002010828919083 0.00126147885157479 0.000904295083455509 0.00157340178466256 0.00145326391939307 0.00129665687945817 0.00137948988949574 0.00217433951875137 0.00198697284904483 0.000384385788893837 0.00480015673346461 0.00479613813557549 0.00771123373383773 0.00179356078988349 0.00208275304066774 0.00211614190593536 0.00256565169220266 0.00318473228762741 0.00335141379036941 0.00329427257747739 0.00182200729468605 0.00160048196939897 0.00146497017012734 0.00174335437441187 0.00179265865663183 0.00206991369141178 0.00072287174698431 0.0017096449399105 0.00466605254914612 0.00149270446490846 0.00199900965963025 0.0030124190809147 0.00402227182057686 0.00373293434386142 0.00374180834551225 0.00476424443768337 0.00490214506426128 0.00506188338185893 0.00145843108475674 0.00455880662339041 1.29519618042195e-05 8.74078587287386e-13 1.373424720299e-05 1.70878257783613e-06 3.17210056635986e-05
0.00135321912330255 0.00245461566955782 0.00194164849672234 0.00156387006190926 0.00153353638079352 0.00138559025544964 0.000837185228510862 0.00138001632458327 1.05734386792733e-06 0.00189880101133895 0.00320924461484537 0.00505588436138851 0.00443526115144719 0.0012707025729469 9.33142602889347e-05 0.000975299973470101 0.00178558625830192 0.00209715557302843 0.00246102986129699 0.00151760444350657 0.00220153988011589 0.00173763790789963 0.00193611399317888 0.00201737025054172 0.00176238433523395 0.00140555565594696 0.00115511576186691 0.000241622522980833 0.00185900451033376 0.00412534119532211 0.00578826982091414 0.00228829138723086 0.00122146534340573 0.00493851884966716 0.00100485911643773 0.00577463026857004 0.00420326802704949 0.00374512140406296 0.00307092387738521 5.92489114410455e-05 0.00718724475591443 9.02900102461857e-08 0.00173893635292188 0.00231550950338715 0.0013067300318653 3.79499637581659e-06
0.00130488056665854 0.0011345792816428 0.00110144219788708 0.000964195025881054 0.00120151040118799 0.00178565269980027 0.00149305790591825 0.00123862847394776 0.00155205547598598 0.000347419238050861 0.00126544393688164 0.00157024791406002 0.00283664591224806 0.000522629032411714 0.0013243135376797 0.00119877885863389 0.00155422582993197 0.00176497032425686 0.00176793358205032 0.00107652897622756 0.00121413737069815 0.00114120297494082 0.00130872141307918 0.00147230665388633 0.00152778858864622 0.00120157681340061 0.000883963646720076 0.000553369488989119 0.00212710991800122 0.00270757507241797 0.00479602435370907 0.00312839328398695 0.00097450900975673 0.00159616264572833 0.00210583474836312 0.00517877302336274 0.00294534370841575 0.000328747203093371 0.00434029749303591 7.06834007246471e-05 1.94833038591469e-13 3.97459842815806e-15 2.00952602170901e-05 0.00162823985556315 0.00555306011972618 0.00101495299622911
0.000877946586524558 0.000803792573651663 0.00108052078667242 0.00143029849514278 0.00109871940294397 0.00137767758251357 0.00150451828267251 0.00127380072563028 0.00116733964632658 0.00120321989516015 0.00111942997100414 0.00108932827524768 0.00108439831392388 3.19942596982425e-07 6.36702161438407e-08 0.000675924421148011 0.000903280091188208 0.00110510213626185 0.00116915059343228 0.00128816746473603 0.00137961458049176 0.00129572528348945 0.00146377887585913 0.00159986635953828 0.0013507571646187 0.00102285034927263 0.000790965711712488 0.000947790613099642 0.00284065584055497 0.0029088871080603 0.0039943733238033 0.00087343883496942 0.00375538456282811 0.00330151629023021 0.00545813106145943 0.00475805082824081 0.000737994157498179 0.00271847495387192 4.62414922686172e-08 1.09472431120139e-12 4.06341627012807e-15 5.73097125311506e-14 2.77802475512345e-07 0.000948250490819191 5.07624030831266e-05 4.77891521541096e-05
0.000457746777578905 0.000713454117067158 0.00081467616705595 0.00127195672839662 0.00119622856882415 0.00100063205572951 0.000930432289487726 0.000967529233867026 0.000941887677390696 0.000938756434834431 0.000910689247348273 0.000931532127333412 0.000913006255859727 0.000907885668448216 0.000637395360172377 0.00113847306793104 0.00131670521750493 0.00134538941128994 0.00132760992200929 0.00152526329366083 0.00218496002307802 0.00194764449988725 0.00192081695786328 0.00112030349782799 0.000377682332282347 0.00204815949291515 0.0018124337111658 0.00153909650434798 0.00223712880761013 0.00123884315362375 0.00124231340305414 0.00314882080710959 0.00439491687284317 0.00483852527686395 0.00632120036316337 0.00349850537895691 0.00103290653642034 3.59000000607068e-06 1.04631958652845e-10 3.07654471565222e-08 8.66097193963356e-12 2.45581333047085e-14 1.40596342163235e-05 0.000137528282948551 0.000505968139941615 6.63646915199934e-13
0.000361700243132645 0.000486665569565048 0.000498919486290106 0.00091911325403089 0.000857881556157736 0.000759238060800271 0.00069733096543132 0.000748270293479436 0.000736820114389047 0.000598736379242837 0.000459703847195669 0.000249951402190618 0.000744031246176746 0.000680852619984762 0.000552030381550139 0.00106001610583917 0.00144288245792268 0.00126582508719366 0.000293138345273292 0.000821083960909164 0.00131265786458243 0.00132220237701404 0.000355340956548389 0.00158202274869836 0.00262723817941151 0.00152227445578319 0.00048325981679227 0.0014700254323543 0.00243108489376027 0.00197120415978134 0.00725965077290311 0.00602131509076571 0.000498824196438363 0.00071930367321329 4.94339302008484e-06 0.000100563979935941 4.65644626723716e-07 1.11230837873677e-09 2.53941312422512e-13 1.22223342557959e-11 7.36776195608968e-12 1.80515073999743e-07 0.0010749954954008 0.00024124454705543 0.000696873874767334 7.22661387397849e-09
