Maxent_result_files_2/B_velox_2.asc
NCOLS 594 
NROWS 330 
XLLCORNER -15 
YLLCORNER 23 
CELLSIZE 0.166666666666667 
NODATA_value -9999 
[rows 140 to 159 of 330, columns 460 to 505 of 594]
0.0267051678150892 0.016895738709718 0.0265158843249083 0.0146872737910599 0.0192961890250444 0.017037305328995 0.0191818143241107 0.0153540339786559 0.0173853988293558 0.0238686863332987 0.0245171964168549 0.0186091117560864 0.0125213561113924 0.00919518598821014 0.0108960206620395 0.0118442347273231 0.0191970369778574 0.0133487341459841 0.0146230421960354 0.0105585212702863 0.00891261165961623 0.010753139690496 0.0106645142426714 0.0192071629222482 0.0219730333425105 0.0217698268592358 0.0169209719169885 0.0158469830173999 0.0169313681311905 0.0167703668121248 0.0142016297206283 0.0195485423784703 0.0153644688427448 0.0183958229608834 0.0116251791827381 0.0105195384006947 0.0121412741951644 0.0257921762764454 0.0124851167201996 0.0117297078482807 0.0123155653011054 0.0110785774420947 0.010393741982989 0.010627745767124 0.0107721799751744 0.00925000587012619
0.020171471266076 0.0184955916833133 0.0135488537605852 0.0113991425838321 0.0145738544873893 0.0192732765804976 0.0152194602414966 0.0137897554319352 0.0146910045761615 0.0166485284920782 0.0112293552607298 0.0113510530441999 0.00984265136066824 0.00992562251631171 0.0104927419684827 0.0194149632938206 0.0142436560592614 0.0145695876795799 0.0175301369745284 0.00963504465762526 0.00906368184369057 0.0126287546474487 0.0500621614977717 0.0428905375301838 0.0313749751076102 0.0211485328152776 0.019281231565401 0.0160556559916586 0.015062493737787 0.0310014588758349 0.0406634049490094 0.0376377659849823 0.0155881156679243 0.0139750668779016 0.0116000294219702 0.0109362847870216 0.0167352529708296 0.0122260060627013 0.0105310715734959 0.0146483978722244 0.0112022601766512 0.0103899331763387 0.0104029376059771 0.00975911079440266 0.00956425925251097 0.0108503264375031
0.0154442636296153 0.013156765466556 0.0145313622895628 0.0125968293752521 0.0126391014549881 0.01367890634574 0.0217234212905169 0.0130857803393155 0.0124617556575686 0.0128280977252871 0.015476659219712 0.0169102838728577 0.00959204151295126 0.0124545433092862 0.0126525172032416 0.0148663019761443 0.0212943458929658 0.0266486088745296 0.0373847359791398 0.014629013556987 0.00934173872228712 0.0150700461119413 0.0147562948521227 0.0338974002748728 0.020094399433583 0.0501207984983921 0.0370926667004824 0.0565932359546423 0.0585029374808073 0.0447289569303393 0.0444592412561178 0.0164323354139924 0.0297680866904557 0.0155294738709927 0.0110151661327109 0.0103418147191405 0.01108296753373 0.0121537513099611 0.0121126580052078 0.0106118176365271 0.00989161897450686 0.00943706042598933 0.0100918671116233 0.0133635974954814 0.0111532539362088 0.0697865881025791
0.00573827088810504 0.0125303693581373 0.0111668416298926 0.0127012595999986 0.0136008164379746 0.0100780567387119 0.0138918888755143 0.0119773849844933 0.0145436524413526 0.0143792824819684 0.0125688210595399 0.00990156484767795 0.0178136169910431 0.0212298915721476 0.0101553568616509 0.0192353243473917 0.0416578395292163 0.0616257458925247 0.0664087753742933 0.0107113770674914 0.0128079989925027 0.0118275258224458 0.0195257917046547 0.0333529877476394 0.0356851836666465 0.0400713933631778 0.0417053867131472 0.0658551728352904 0.0333762989379466 0.0230529167689383 0.0247467233799398 0.0186427078675479 0.0182753868866712 0.0141514821443707 0.0134342256467789 0.0135284238960594 0.0122900037560612 0.0115612776717171 0.0103185155661777 0.0110675166593865 0.0275964273139834 0.0106022193096578 0.0088100602151826 0.0104652277659625 0.00834173660259694 0.0261985035613179
0.0140646224841475 0.0113387370947748 0.0108583377441391 0.0104217924876139 0.010774624440819 0.0111326595768332 0.011810620687902 0.0095357604091987 0.0136394027154893 0.0105862529715523 0.00945910837035626 0.00828565564006567 0.0377438049763441 0.022351064812392 0.0119875493459404 0.0138329215813428 0.0594264520332217 0.0905852116644383 0.0680714692920446 0.034603757597506 0.0138152050320059 0.00944520260673016 0.0153209235984832 0.00943037315737456 0.0116705251857638 0.0278062032535672 0.0198925130534917 0.0207715884782374 0.0177828554995358 0.0137908400036395 0.0172668680548668 0.013249278254807 0.0130473908036947 0.0177210287190974 0.0168432609178126 0.0128180714324117 0.0118620540015399 0.0108955504139885 0.0110371196176857 0.0118483170866966 0.0116427780594677 0.0104695980669931 0.00887253619730472 0.0083765909075737 0.00800917390733957 0.00781249762512743
0.011820028629154 0.0111709502525628 0.0167333342134953 0.0106377433752641 0.0113626082893461 0.0121719183865935 0.0134402212221175 0.0329031926579773 0.0164210507180542 0.0117446111515164 0.0135078055784106 0.0139915721025318 0.0637527085840702 0.0606011739000678 0.0159245927352458 0.0437981737777591 0.0402170090004802 0.0681773889809847 0.086154193431139 0.0692163322120905 0.0663259889930487 0.0317949418909848 0.0138594313990325 0.0152045014314353 0.0165490863379091 0.0271073408424854 0.0140501584857702 0.0108517463086173 0.0758703663945198 0.0572769291698933 0.0415846541523933 0.0246358982287347 0.0144820504821837 0.0381946852430701 0.0323828928172588 0.0127649516332895 0.0254436197690666 0.0118277095723897 0.011015136889182 0.0110400522127748 0.0111444037174806 0.00692350082099438 0.00929315525572747 0.0085810994496569 0.00771650276146829 0.00717284135753289
0.0189232806675136 0.0605568816885352 0.0129796219058335 0.0145064697600901 0.0177883562166244 0.0147197027225047 0.0270254900678992 0.0260159325785935 0.0277584897354245 0.0159878604579717 0.0171013439074159 0.0133387719746679 0.0202816888224334 0.0848540335893631 0.0290656759403646 0.0225948018953204 0.0107557092793286 0.0274059174582362 0.0576860586181283 0.0625899091362953 0.0716295260936022 0.052038492821157 0.0174995289184153 0.0152551969978958 0.0130695276428014 0.0136976776644588 0.0180641435552388 0.0652981042861938 0.0175989356823266 0.0171237979084253 0.0104032014729455 0.0105728526599705 0.0139156514313072 0.0299128699116409 0.011903173988685 0.0123696286696941 0.0130205515772104 0.0111264140345156 0.0119579432299361 0.0119093638611957 0.0108550785109401 0.0120601224713027 0.0102541539119557 0.00921516404487193 0.00786948890890926 0.0072862557368353
0.0505983788520098 0.05752431768924 0.0693111162632704 0.0506897557526827 0.0321503692306578 0.0305697579868138 0.00899778357706964 0.0691683668643236 0.0677060846239328 0.0420809604227543 0.0164668732322752 0.0552751407027245 0.0379446433857083 0.0734670273959637 0.0209318115375936 0.013216563151218 0.0168679787777364 0.0141232772730291 0.0534238046035171 0.084501489251852 0.0800984043627977 0.0547052912414074 0.018218461656943 0.0239880995824933 0.0185255003161728 0.0134442551527172 0.0129173837602139 0.0127559784799814 0.0175089117605239 0.0130346524063498 0.010660552745685 0.0102407231228426 0.0136083138175309 0.0128821788355708 0.0133354696445167 0.0141468273010105 0.0136168057098985 0.0150589631870389 0.0156368488911539 0.0137665262445807 0.00730217124801129 0.00755762218032032 0.010304973856546 0.0218048706185073 0.00854645867366344 0.0250396536663175
0.0733776584267616 0.0889271710067987 0.109254337847233 0.0788176875561476 0.0402025187388062 0.0667861415073276 0.0594127662479877 0.0915170960128307 0.100431505590677 0.0644008625298738 0.068816763907671 0.00220600701868534 0.03157998342067 0.0559192795306444 0.0402878074906766 0.0152718175722839 0.0622703168541193 0.0760139539837837 0.0354871994815767 0.0479901101440191 0.0824554860591888 0.0769101727753878 0.0132705283816904 0.0380430820398033 0.0137661511078477 0.015568468067795 0.0310038056224585 0.0109764234162867 0.0111705539748073 0.0109561756253242 0.0119022582657635 0.0116288401186466 0.0120274297427386 0.0128634540829808 0.0131311503704637 0.0130612986162305 0.0128676617052406 0.0127551912795752 0.0166478358209133 0.0176187207922339 0.0261287560686469 0.0118653816403821 0.0099531686399132 0.00932434657588601 0.00922882950399071 0.039478435087949
0.0755524329841137 0.0894432112574577 0.072689501568675 0.0556337684392929 0.0578106634318829 0.088669166713953 0.0624698286876082 0.0803211972117424 0.0675198841840029 0.0958749383687973 0.0885145306587219 0.0492668900638819 0.0869383543729782 0.0952208235859871 0.092895832657814 0.064990358799696 0.0699486076831818 0.0818708788603544 0.0825704760849476 0.0817834213376045 0.0815415717661381 0.0714923866093159 0.0212520112283528 0.0109309751540422 0.0191697160713375 0.0528268571943045 0.011522900313139 0.0115355281624943 0.0107552722096443 0.0108401143457741 0.0118986080866307 0.0125557998195291 0.0132015858776867 0.0144915072713047 0.0147767359390855 0.0146016975864768 0.0146908854600042 0.0170033358037472 0.0138668961357325 0.0269703201949596 0.0144520516536431 0.0210575580131263 0.0119358298135921 0.010086290538311 0.0323811206035316 0.0242543089669198
0.0494646770879626 0.0335246212780476 0.0587299941107631 0.0623033676296473 0.0852511703968048 0.0712806899100542 0.0583770792931318 0.0964562997221947 0.0161753567866981 0.0506020985543728 0.0347578759305179 0.0579409779980779 0.0823119029402733 0.0892899595201015 0.0884108990430832 0.0829268485307693 0.0847741708159447 0.0764610797166824 0.0726128470152616 0.0803799457848072 0.0825835958123207 0.0912605926394463 0.0528658287599683 0.0178835752420127 0.0164740431588143 0.0097617516759783 0.011615449283272 0.0102877614321187 0.0106497892178595 0.0237662472762167 0.0150597888510674 0.0202069306746125 0.0141986314207315 0.0152405284810811 0.0156652559526265 0.0161016172263771 0.0129386970307678 0.0131701611448079 0.0139595103915781 0.01897513626609 0.0178961594123393 0.0158677449915558 0.00786578630795702 0.0163077873527072 0.0170086587808214 0.00971937030553818
0.110757438838482 0.0936495136469603 0.106730612367392 0.094053540751338 0.0924251284450293 0.0982202738523483 0.0972025252878666 0.103880480676889 0.059588260948658 0.0864416670054197 0.0755940474569798 0.0915669769048691 0.0936940141022205 0.0902382746338844 0.0859286241233349 0.0812899760901928 0.0803553283214569 0.0787940420210362 0.0836761489510536 0.0912931449711323 0.0859105207026005 0.0871011048555374 0.0233439243398607 0.0608673647046089 0.0188597853295505 0.0229950495995581 0.0103248956846073 0.0107374411541969 0.016569463070482 0.0407378289848566 0.0143662069458514 0.0141484047751874 0.0144289831165224 0.0156307352241129 0.0157543864566833 0.0135835892055184 0.0117468548472971 0.0138053757604212 0.0181245232000947 0.0145679431501776 0.0170641183853149 0.0116510970517993 0.0175166344735771 0.0141563838347793 0.0173903606366366 0.013370504649356
0.0586725186556578 0.103980263322592 0.116953168809414 0.128890819847584 0.0840157531201839 0.111513008922338 0.10210208594799 0.0957752302289009 0.0967919997870922 0.0914742805063724 0.0908277936279774 0.0824392303824425 0.0872772641479969 0.0883331082761288 0.0885176301002502 0.0830455467104912 0.0730399280786514 0.0775212191045284 0.0960885711014271 0.0840039636939764 0.0777216706424952 0.0806351486593485 0.0754651170223951 0.0627907171845436 0.0251559609547257 0.015847682626918 0.013019933598116 0.0107293516863137 0.0207931913435459 0.0397460984066129 0.063693630695343 0.0251633587293327 0.0165814685635269 0.0146849094890058 0.0193586967885494 0.0137509174179286 0.0156989370938391 0.0159666083287448 0.0221737437881529 0.0263961482793093 0.0122673423495144 0.0126539513468742 0.00574573916674126 0.00503647694185929 0.0128157608676702 0.000221258076597231
0.119189584255219 0.121668335050344 0.105107638984919 0.121367334574461 0.110563289374113 0.064853822812438 0.0946916028857231 0.0936921343207359 0.095181293040514 0.0908944129943848 0.08957834020257 0.0401565060019493 0.023268939225256 0.00372595151888441 0.00513600569453445 0.0183990999939851 0.0449070949107409 0.0704364791512489 0.0805789560079575 0.0610890828073025 0.0824946030974388 0.0423746479675174 0.0619930904358625 0.0132023686543107 0.0469365024939179 0.0164435375481844 0.0100812316639349 0.0137481487356126 0.0119529905728996 0.019548389269039 0.0961314491927624 0.0237545911222696 0.019548280723393 0.0153471389319748 0.0174348487984389 0.0853510733693838 0.0343124671839178 0.0151952055748552 0.013266524579376 0.025076003652066 0.0189703634008765 0.0157653540372849 0.005639557732502 0.0178998557385057 0.0130148000549525 0.0107691373093985
0.125672419369221 0.122630572319031 0.115729488432407 0.111674661934376 0.11116343960166 0.11161477342248 0.100621162354946 0.0990130178630352 0.0951822265982628 0.086813323944807 0.07715705037117 0.0676678229123354 0.0862948834896088 0.0799793072044849 0.0737712159752846 0.0737076446413994 0.064829545840621 0.0665242400020361 0.0748687006533146 0.0869480043649673 0.0790568340569735 0.0710452891886234 0.0488222528249025 0.020555383618921 0.0245470909401774 0.0135851752944291 0.0147209479939193 0.0518443433567882 0.100252272933722 0.110555354505777 0.0450142158195376 0.029484561085701 0.05188591144979 0.0156905739102513 0.0184137764852494 0.0266027939505875 0.0155620789155364 0.0259486146271229 0.0489168992266059 0.0668251849710941 0.0540702437981963 0.040372883901 0.055322240665555 0.0213271931745112 0.0179253676440567 0.0125897407531738
0.124646472930908 0.12242027670145 0.121198460459709 0.12057800963521 0.10636895224452 0.10896275267005 0.103541471064091 0.100374032557011 0.0957192324101925 0.090877315402031 0.0870576106011867 0.0853512488305569 0.0847380876541138 0.0801202483475208 0.0825213380157948 0.0748526610434055 0.0683363191783428 0.0686436973512173 0.0722567923367023 0.0852560423314571 0.0800236072391272 0.0598337216302752 0.0343972264789045 0.059181615896523 0.064981397613883 0.0805825240910053 0.0821897186338902 0.0934951778501272 0.0952506836503744 0.121249399334192 0.0596582276746631 0.0236572837457061 0.0302381196990609 0.0671574560925365 0.0303973041474819 0.056601495295763 0.0476198634132743 0.0391157163307071 0.0210513732396066 0.108297181874514 0.08210185803473 0.0642461251467466 0.0479697005823255 0.0564590290188789 0.0322339904494584 0.011811642581597
0.122214314341545 0.119778274744749 0.11879194304347 0.114973863214254 0.11177017018199 0.108378095924854 0.101612379401922 0.0979520671069622 0.0974599339067936 0.0930257029831409 0.0909600980579853 0.0908626966178417 0.0903273358941078 0.0911075569689274 0.0819710671901703 0.0720691345632076 0.0675946425646543 0.0683428905904293 0.0746127553284168 0.0815464571118355 0.086412039399147 0.0625129349529743 0.0300025683827698 0.0554330043494701 0.0408130807802081 0.0297677394002676 0.0252115673385561 0.0961024761199951 0.118427997082472 0.109797931462526 0.109855365753174 0.116577649116516 0.0811141185462475 0.11915295496583 0.119248896837234 0.0289914751425385 0.0999044004827738 0.0782377392053604 0.0615604992955923 0.0788464970886707 0.0893993943929672 0.09752257168293 0.104042450338602 0.109198798984289 0.106018090248108 0.0742708671838045
0.116510138660669 0.119131307303905 0.117951252311468 0.113221805542707 0.109549691528082 0.105415235459805 0.101271457225084 0.0975343130528927 0.0943193487823009 0.0915493108332157 0.0788536094129086 0.0901474878191948 0.0922882974147797 0.0853896483778954 0.0724903300404549 0.0703825324773788 0.0698432676494121 0.0713079251348972 0.0800900243222713 0.089717011898756 0.0933660671114922 0.0655336998403072 0.0852122470736504 0.0673570416867733 0.0516325995326042 0.0809838492423296 0.0837150175124407 0.0978956811130047 0.107956887036562 0.123451855033636 0.121259352564812 0.0951582800596952 0.122577192634344 0.0774792019277811 0.123208512365818 0.134490553289652 0.117197676002979 0.119097348302603 0.0945219852030277 0.0768620692193508 0.0503450486809015 0.110485673695803 0.0998355746269226 0.0934350654482841 0.0816092230379581 0.0735394679009914
0.11915100440383 0.117636711895466 0.112635620683432 0.108030779659748 0.106572543084621 0.104055596888065 0.0979158364236355 0.0946324072778225 0.088236353546381 0.0868819020688534 0.0860893748700619 0.0853415593504906 0.083497728407383 0.0814290225505829 0.0736748166382313 0.0688815698027611 0.0667005892843008 0.0691703289747238 0.0804591648280621 0.0882112048566341 0.0952029071748257 0.0901233144104481 0.0866189904510975 0.0958302654325962 0.0996631801128387 0.097114622592926 0.0874593604356051 0.102977787703276 0.101053144782782 0.118544709682465 0.127453739196062 0.136206196248531 0.124539475888014 0.112724288552999 0.0979700863361359 0.104200249165297 0.106317310035229 0.107504379749298 0.107543064653873 0.109596472978592 0.109959203004837 0.106404747068882 0.107854250818491 0.102656669914722 0.095473725348711 0.101443158090115
0.120842526853085 0.0968768380582333 0.112751160562038 0.0994896575808525 0.100440220534801 0.0987377360463142 0.0947670668363571 0.0873904041945934 0.0840867795050144 0.0832702599465847 0.0796943813562393 0.0815209954977036 0.0783046826720238 0.0747129067778587 0.0669850904494524 0.0636836852878332 0.0711066350340843 0.0685795616358519 0.0762194328010082 0.0786646544933319 0.0778389401733875 0.0834961123764515 0.0951642625033855 0.0989324003458023 0.0927275948226452 0.0942831330001354 0.0955287143588066 0.0991948314011097 0.0968254610896111 0.108229988068342 0.116937493532896 0.120383068174124 0.11486841365695 0.0983791716396809 0.0994626417756081 0.101608034223318 0.109977258741856 0.114678701758385 0.115537549555302 0.0992617540061474 0.110586659610271 0.107693739235401 0.109346217662096 0.111156299710274 0.11185552701354 0.110731627047062
