Maxent_result_files_2/B_velox_3.asc
NCOLS 594 
NROWS 330 
XLLCORNER -15 
YLLCORNER 23 
CELLSIZE 0.166666666666667 
NODATA_value -9999 
[rows 220 to 239 of 330, columns 230 to 275 of 594]
1.0211638690194e-08 3.03862274586564e-06 0.000274973952673463 4.39994955890199e-05 0.000657871597240955 3.34229811604914e-09 9.38714712712674e-06 3.48591202936621e-07 2.59383676608493e-06 8.63653039246515e-05 3.75801429353118e-07 7.569069931046e-07 1.64820588255399e-07 3.65154020687264e-08 5.41365772782854e-05 2.76820320701532e-05 2.8354324665969e-09 2.69781303186001e-08 1.53768316341063e-06 1.05061213182545e-06 1.0742448890988e-06 1.1379024011049e-06 8.99872149973113e-07 9.66218337816738e-07 1.37921008720454e-06 1.75362355683273e-06 2.91808631580626e-06 3.92292020144902e-06 2.17155264962132e-06 1.18763114470566e-06 6.70409122449644e-07 7.49552892231886e-07 2.82904669690609e-09 2.48619974507758e-07 -9999 -9999 -9999 -9999 -9999 -9999 -9999 -9999 -9999 -9999 -9999 -9999
4.91600011642834e-07 8.138339462338e-08 2.63749639644928e-05 2.40890131228966e-06 3.7917702850887e-07 1.2029956976134e-07 4.47950343485104e-11 1.99748817486523e-10 4.20613318397045e-08 9.00634396028277e-07 9.54579845169334e-09 4.99143241738942e-08 2.92121563383319e-07 2.72742182394481e-08 3.36744965245828e-10 8.14299857876399e-08 2.89435142519778e-14 9.82689141171278e-10 5.26518240717699e-07 7.03459077344704e-07 8.46106566609883e-07 1.243945514251e-06 8.20392800138237e-07 1.24606607160294e-06 2.40738571392063e-06 2.18035606438516e-06 2.52948077752446e-06 1.89911895939199e-06 0.000634654179378913 0.00711453283911396 0.000157483967941374 4.14355617820439e-06 1.27417133005681e-06 1.49925593850853e-07 3.22569580946119e-07 1.27052812715078e-12 1.23721033418178e-12 3.5527136788005e-16 5.07485165002208e-12 1.92664220244332e-08 6.47644363749311e-07 5.493047323335e-07 3.01007897474115e-07 7.97363257309947e-08 0.00129424838978593 -9999
2.57532577818687e-08 3.02279055897081e-08 8.22739219974444e-08 7.77193397527576e-08 3.00614957482459e-08 3.54334439567339e-10 -9999 -9999 8.12680788220277e-08 -9999 -9999 -9999 0.00155090476614532 2.935388598857e-11 1.33992705819708e-11 5.43203815261961e-10 2.26581964302142e-10 2.02705276253212e-07 4.34021558426423e-07 8.05876990916943e-07 8.80544875470068e-07 1.04850581874594e-06 1.24043249078998e-06 2.23118274239598e-06 8.32913644500666e-06 -9999 -9999 -9999 -9999 -9999 -9999 -9999 -9999 -9999 -9999 2.72147959595737e-06 2.75874922905928e-10 1.74782410766738e-13 2.97390370107564e-09 2.95292430729788e-08 1.40676520388183e-07 1.88680863882906e-06 5.86463120955116e-07 2.37102350878482e-06 1.8990531369667e-11 9.10344323257206e-09
3.60848405600578e-09 2.54141452327161e-10 6.76138784342584e-05 -9999 9.51761397727235e-07 -9999 -9999 5.99613682816802e-08 -9999 -9999 -9999 -9999 -9999 -9999 -9999 -9999 1.49390734316412e-07 1.55650131206109e-07 1.3545991452979e-07 1.53949574532852e-08 4.49593917650759e-11 9.34335186886237e-08 1.27018679130231e-08 8.24961737033725e-07 -9999 -9999 -9999 -9999 -9999 -9999 -9999 -9999 -9999 -9999 -9999 -9999 7.36594627177567e-05 2.49634383425734e-06 7.35817246688697e-08 3.06013937523275e-09 1.19140630694403e-10 2.05950187259774e-07 1.0362682888454e-06 1.53889969813914e-06 2.68540867214284e-06 5.14152331820839e-10
3.01257045975944e-09 1.96725968848455e-12 7.37411703921609e-09 -9999 -9999 -9999 -9999 -9999 -9999 -9999 -9999 -9999 -9999 -9999 -9999 -9999 -9999 -9999 -9999 -9999 -9999 4.43974941538583e-06 -9999 -9999 -9999 -9999 -9999 -9999 -9999 -9999 -9999 -9999 -9999 5.30574853954135e-06 1.87720177180495e-09 8.46478626082003e-09 1.50718992841803e-11 1.50041756796782e-11 6.69540268782853e-09 3.36732914885118e-08 2.50793780187664e-09 3.28201955612784e-09 2.89918877793838e-10 5.21602019021294e-08 2.77073158327923e-07 8.01094957836312e-07
4.91573448613281e-13 5.65547608744055e-14 7.67408359081401e-13 -9999 -9999 -9999 -9999 -9999 -9999 -9999 -9999 -9999 -9999 0.000877703433388888 -9999 -9999 -9999 -9999 0.000212437410561961 8.42582619231536e-09 1.22781227536062e-05 -9999 0.000113448144326611 1.64523352254031e-06 -9999 -9999 -9999 7.87511427735588e-08 -9999 -9999 -9999 -9999 -9999 -9999 1.72433349554524e-07 3.74476893938436e-11 9.93699312934471e-07 6.4991830159844e-07 7.6061268394767e-11 1.09659392677486e-11 4.33383329223602e-11 3.07251213360615e-10 7.25459101780235e-07 1.84125519270828e-05 9.13914312339337e-08 1.50075748602818e-06
-9999 1.74267360542046e-09 -9999 -9999 -9999 5.23622873493945e-07 -9999 -9999 -9999 -9999 -9999 -9999 -9999 -9999 -9999 -9999 -9999 -9999 1.6420420578811e-11 9.58315293786427e-09 5.52780043960865e-14 6.86323220477902e-12 1.32613608982979e-09 1.53069261044081e-08 4.02910604879736e-10 1.26594594807017e-09 2.90456576479414e-07 1.62125963810711e-06 7.42764135219787e-07 4.71771734567028e-08 7.94845230411845e-08 9.46583595728967e-08 5.36543985907301e-09 8.18373423472352e-09 9.01389785035178e-10 3.90419918616658e-12 4.29710356186774e-10 2.21567909129972e-06 5.40980408580971e-08 2.53520793247475e-10 3.27728955085149e-12 3.22840699729099e-09 5.04632651776582e-08 0.000162170952688712 2.4079235450003e-08 1.64509906475097e-08
6.01940556288483e-09 -9999 -9999 3.59501317603872e-12 -9999 -9999 -9999 -9999 -9999 -9999 -9999 -9999 -9999 -9999 -9999 -9999 -9999 -9999 1.38211442290981e-11 2.28705943072782e-15 3.21964677141295e-15 1.76695524878312e-10 2.17305839989024e-11 5.83533221742982e-14 5.02011765490806e-12 1.14325593436604e-10 3.57101087811174e-08 1.91670366223029e-07 4.58794476854152e-07 1.44850714700606e-07 1.09663819414241e-07 2.00513777803835e-09 3.2112089654035e-10 1.26571531033903e-11 3.06086356260948e-10 3.17803447273946e-06 3.95683230547395e-07 7.1492213565838e-07 3.65917467692878e-07 6.26474585341263e-07 5.52300427614227e-12 3.68423180852062e-11 1.11181008843886e-10 2.71429335674256e-09 1.51120154168183e-09 1.06592823456708e-10
-9999 -9999 -9999 -9999 -9999 -9999 -9999 -9999 -9999 -9999 1.90427275012173e-05 2.08186080152828e-08 -9999 -9999 -9999 -9999 -9999 1.31748334464277e-10 0 2.04281036531029e-14 8.80406858527749e-15 1.63846713974181e-13 1.26565424807268e-15 2.51021425867748e-14 4.37982983214624e-13 1.94377847151372e-13 4.9432180571074e-11 6.23638451990871e-10 2.58397757635365e-09 5.14844222809785e-10 1.37197245786425e-09 5.92215165795551e-13 1.71649394697937e-09 2.52988741067384e-12 5.00572916450892e-12 1.18178518415668e-07 4.2097660117868e-07 5.36409496252333e-06 3.39305165641957e-07 5.98067194141905e-06 0.000830114702364426 0.00309497103853573 0.00472731385452789 0.00163704106830664 4.85016930405369e-05 9.29563396823152e-07
-9999 -9999 -9999 -9999 -9999 -9999 -9999 -9999 -9999 -9999 -9999 -9999 -9999 -9999 -9999 -9999 -9999 2.04725125740879e-13 4.91949814218629e-12 2.32739383321245e-12 5.93969318174459e-14 6.66466881682481e-14 0 8.32667268468867e-16 1.35724764760425e-13 2.78777001483377e-14 4.62885492158449e-09 3.07137287347548e-07 1.37868284566522e-09 4.0449865679193e-13 7.25033366677508e-12 1.1211868322647e-09 3.65596442009064e-14 2.42871430744529e-08 2.37907749056632e-09 2.88533178460781e-09 2.59914366917968e-08 2.22717307707399e-07 0.000225974572657406 0.00561530355057585 0.00219275531812855 0.000880142206460732 9.74611504083178e-06 1.68011949284619e-05 6.39894388498874e-06 3.88255426306827e-06
-9999 -9999 -9999 -9999 -9999 -9999 -9999 -9999 -9999 -9999 -9999 -9999 -9999 -9999 -9999 -9999 -9999 8.88178419700125e-17 3.44169137633799e-16 1.03095421088995e-11 2.81338866892078e-07 2.77655167524316e-08 5.55111512312578e-17 5.27355936696949e-15 6.79059253272385e-11 1.41512986884251e-09 7.19807780047432e-10 1.48013907397271e-07 9.34380227635145e-09 2.28705943072782e-15 2.12663220366949e-13 5.20861132002892e-13 7.21644966006352e-16 1.0502709812954e-14 2.22033502694785e-13 2.11510609027243e-10 2.26434103131057e-06 1.52798742381055e-07 0.00100161371516378 0.000173882649697532 5.96607879458588e-05 1.14546178496266e-05 0.000240370259152911 0.000467783345970929 0.000438129668350484 6.78650040164541e-08
-9999 -9999 -9999 -9999 -9999 -9999 -9999 -9999 -9999 -9999 -9999 -9999 -9999 -9999 -9999 -9999 -9999 -9999 -9999 -9999 -9999 8.88178419700125e-17 2.66453525910038e-16 2.33102426250298e-13 8.24917911756984e-13 1.8875156992948e-11 2.78443934575989e-14 3.8237191191115e-13 2.22716569631132e-09 2.75085774159578e-09 1.92945659449606e-13 6.7001362236141e-10 1.01756381098994e-10 6.30226981712667e-12 4.90574980638314e-10 2.62516200999485e-09 3.24805272677864e-09 1.1244002783295e-07 0.00119636667438208 0.00433125695599301 7.68308683896102e-08 0.000112350773906389 0.000786483682473993 1.57632482633119e-05 5.7867299063652e-09 3.23107732791428e-09
-9999 -9999 -9999 -9999 -9999 -9999 -9999 -9999 -9999 -9999 -9999 -9999 -9999 -9999 -9999 5.50196348322318e-06 1.60760293965723e-14 2.77555756156289e-16 2.54628540474755e-12 -9999 1.08211659632929e-09 0 8.61533067109121e-15 3.7159164634204e-14 7.89812659718336e-13 3.5527136788005e-15 3.21964677141295e-15 1.52322598978571e-14 6.36249941621259e-12 5.94185811664261e-12 3.0231372960543e-14 3.94317911656117e-13 3.46513198135057e-09 3.44087485615319e-08 1.10102833517089e-09 1.99905290099167e-09 0.000109989309684266 2.6648461443024e-05 0.000137477145008802 0.00239990652453344 2.10959090738427e-05 0.000775074195325942 0.00710682049084426 1.22382991581405e-05 0.000133264213911843 1.17969967128317e-11
-9999 -9999 -9999 -9999 -9999 -9999 -9999 -9999 -9999 -9999 -9999 -9999 -9999 -9999 -9999 -9999 -9999 6.46149800331841e-15 5.55111512312578e-17 -9999 -9999 1.62787561208688e-12 3.77475828372553e-15 3.88578058618805e-15 2.33146835171283e-16 5.21804821573824e-16 6.00852700927135e-14 0 1.4432899320127e-16 3.20512505425086e-11 2.06590300422249e-13 4.32118341109344e-11 7.26624936886466e-09 6.07022750220842e-07 3.41615394860995e-09 8.70788086748675e-08 1.90740955678947e-05 4.17650412327664e-06 0.000166024532701836 0.000475720456199724 8.57970013171894e-05 0.000228101105483347 2.92086651532131e-08 1.58475081753151e-05 0.014805703431125 5.84532422465145e-14
6.47406039777643e-08 -9999 -9999 -9999 -9999 -9999 -9999 -9999 -9999 -9999 -9999 -9999 -9999 -9999 -9999 -9999 -9999 -9999 -9999 -9999 -9999 -9999 1.3988810110277e-15 1.11022302462516e-17 0 2.1094237467878e-16 1.02829549319949e-09 5.55111512312578e-16 1.11022302462516e-17 7.7715611723761e-17 0 1.11022302462516e-17 0 5.19007059551768e-13 2.6496582705704e-13 3.53392093366267e-11 1.0361800906189e-08 6.81521898915349e-09 3.22555687592985e-06 5.55194157340622e-05 2.87568558356099e-05 2.3623212441759e-08 4.01850639619283e-05 1.04815014180915e-05 5.75754252052363e-09 4.94160268260657e-14
2.61901611509074e-13 3.44405426400129e-10 -9999 -9999 -9999 -9999 -9999 -9999 -9999 -9999 -9999 -9999 -9999 -9999 -9999 -9999 -9999 -9999 -9999 -9999 -9999 1.55728330231142e-10 1.22124532708767e-16 1.11022302462516e-17 6.07847105982273e-14 1.70024283541181e-10 1.84607884534671e-12 1.37589939441796e-13 0 3.93018950717305e-15 1.63262736663228e-12 0 0 2.74265599120582e-10 7.40428829359985e-12 6.66133814775094e-17 2.09020578623154e-12 2.69011769341576e-06 1.64496667398595e-09 0.00021116805689303 0.00110029642744003 4.24746791274799e-05 0.00547169903838949 2.06489290970779e-05 8.87870932535506e-06 2.75206840649744e-08
-9999 3.25597326877869e-12 8.88178419700125e-17 1.36557432028894e-15 1.99840144432528e-16 -9999 -9999 -9999 -9999 -9999 -9999 -9999 -9999 -9999 -9999 2.9146964819482e-08 -9999 -9999 1.21014309684142e-15 -9999 -9999 4.02453481651577e-10 2.37587727269783e-13 1.99840144432528e-16 2.12607709215717e-14 3.3914315800132e-12 1.49658063719471e-13 1.04150865709585e-10 2.16364588467854e-09 1.37588429538482e-09 3.28630941348607e-09 1.60320867692576e-11 3.30674894133409e-09 9.99132998558139e-12 2.63111754605916e-13 9.2041929633524e-13 4.39747255509548e-07 2.59843668803938e-09 4.86820819212142e-09 5.60107663472031e-08 4.68625712706228e-06 0.00402372183507396 0.011781162173429 2.49203318980484e-08 2.48929765689354e-11 9.19927460330428e-05
4.61886084934804e-13 3.88766130399176e-11 2.85614258910272e-09 7.58660141597645e-08 3.02080582770259e-13 -9999 -9999 -9999 -9999 -9999 -9999 -9999 -9999 -9999 -9999 -9999 3.33688632281337e-13 -9999 -9999 8.54871728961371e-16 -9999 -9999 1.23160923015675e-08 2.00950367457153e-15 2.30926389122033e-15 5.08038056068472e-14 1.66533453693773e-15 3.33066907387547e-17 4.56745752330789e-14 7.32047755747089e-13 1.78768111425143e-13 1.69479430489616e-09 1.15315030857488e-09 3.67116015365099e-09 2.00814291861917e-09 9.01312258161369e-09 2.86765911017284e-10 1.28821942002588e-10 6.2454730276329e-11 3.41217432531238e-08 2.44767289658832e-08 7.64683378548625e-05 0.00826570049539441 3.68275484841085e-07 3.59198814803285e-08 0.00051073907038699
2.50699461190607e-13 1.738609256563e-14 1.75415237890775e-15 6.03113115005272e-12 -9999 2.98716075208816e-09 -9999 -9999 -9999 -9999 -9999 -9999 -9999 -9999 -9999 -9999 2.17958617820813e-10 -9999 1.48647760767062e-13 0 5.72875080706581e-15 0 0 7.90478793533111e-15 4.44089209850063e-17 2.04281036531029e-15 5.10702591327572e-16 3.48676643113777e-13 3.33056138224208e-11 1.08070156934481e-08 3.29203042603865e-10 1.22124532708767e-16 3.34490213305116e-12 7.72826247441571e-14 5.89528426075958e-15 0 1.11022302462516e-17 9.99200722162641e-17 6.16592233471103e-07 4.33766957008697e-06 0.000209672754135681 1.99206460618218e-06 6.06532375069246e-07 3.75509253691675e-09 4.56146577228367e-05 5.52963298378728e-05
9.54791801177635e-16 1.60162993978474e-12 1.84140247494469e-10 2.11713646613987e-11 -9999 -9999 5.55711032745876e-13 -9999 -9999 -9999 -9999 -9999 -9999 -9999 -9999 -9999 -9999 -9999 -9999 -9999 -9999 8.92337537194976e-11 4.45199432874688e-15 0 5.89528426075958e-15 9.10382880192628e-16 1.29118937763906e-14 1.29229960066368e-14 2.66213717736719e-12 2.09808281859125e-11 5.37251354515433e-12 6.43929354282591e-16 6.76236844299183e-14 0 0 0 0 1.45539512663717e-09 2.64211985623319e-12 9.82009820538199e-07 3.17463045851341e-08 9.02941301728077e-09 1.8341266308175e-06 0.000215634779749507 4.10474309773257e-05 0.00015185420539936
