Maxent_result_files_2/B_wurflenii_2.asc
NCOLS 594 
NROWS 330 
XLLCORNER -15 
YLLCORNER 23 
CELLSIZE 0.166666666666667 
NODATA_value -9999 
[rows 300 to 319 of 330, columns 450 to 494 of 594]
3.15427209329755e-07 1.44251836253773e-07 2.58928139018622e-07 4.96694332952075e-07 6.11934471805853e-07 6.19045214023117e-07 7.39033605157147e-07 7.7116718699699e-07 7.40342667882032e-07 6.14347200666998e-07 9.64649299817211e-07 1.02291171799607e-06 1.61435727079606e-06 6.11321122789832e-07 1.65651818662127e-07 3.71517659303322e-08 2.6045727996582e-08 2.54338905159024e-08 2.22362019020039e-08 1.77002574708318e-08 1.542472728433e-08 1.36155086982725e-08 1.27310939568304e-08 1.27553839712746e-08 1.33632723331445e-08 1.68540466582989e-08 2.00525721583134e-08 2.33550483619283e-08 2.85348702444566e-08 3.57131756167917e-08 4.92815670494196e-08 8.27673525716222e-08 3.20713298762598e-07 7.79864793543084e-07 6.49366297977849e-07 7.22007677467218e-07 3.21860575240862e-06 2.23574643598567e-06 3.89418082704651e-06 2.93651442859755e-06 6.00972881557027e-06 1.72347363616154e-06 8.5880665494642e-06 7.38568678215756e-07 4.76804799554031e-07
1.1159146899864e-07 3.30567525352876e-08 9.1924060363624e-08 2.0311315900301e-07 2.85043305936483e-07 2.84469708944357e-07 3.72975305396039e-07 1.17998713875522e-06 5.50973933144405e-07 4.99500854544976e-07 3.87570094417811e-07 4.62509859744387e-07 2.16278378672996e-06 6.67330239423336e-07 2.36452093993478e-07 5.16068903166911e-08 5.08435108237393e-08 5.08695429779493e-08 3.92316470865239e-08 3.39238073632231e-08 2.89017411558845e-08 2.2143810174402e-08 2.10669199973701e-08 1.80933024784835e-08 1.95669964897505e-08 2.1064660404857e-08 2.45552873590071e-08 3.46131193929011e-08 5.07330945920259e-08 7.63369501388667e-08 1.34635493864721e-07 3.61524600833718e-07 9.9818067127444e-07 9.23594456025967e-07 1.00063087842273e-06 5.12131175156583e-07 7.35427563114399e-07 3.97170273558345e-07 3.04346692274748e-06 3.11298714450459e-06 1.36335756479866e-06 1.32453330721205e-06 9.42449534235834e-07 1.9552417597879e-06 3.56210822438641e-07
3.20547667964632e-08 3.19851315988551e-08 4.71515640754205e-08 4.91714587491643e-08 1.36128415739734e-07 2.44484334288586e-07 4.71051399486555e-07 5.15927030875218e-07 6.4110408857232e-07 3.49016022482829e-07 2.35969224959831e-07 3.88842774867726e-07 3.73126458086404e-07 6.82215996050672e-07 3.23811928737427e-07 8.08418834541413e-08 1.28281415268106e-07 8.97214515127587e-08 8.48629425398428e-08 6.552691398376e-08 5.25260396511129e-08 4.5353094835221e-08 4.43359608137683e-08 4.1532317096582e-08 4.29472602148095e-08 5.06616511408708e-08 9.18998647847502e-08 1.32071688074831e-07 1.26935632671632e-07 3.27153222201559e-07 7.19626540046647e-07 8.45827354112316e-07 1.14397813320011e-06 8.29248714495634e-07 6.32711918768791e-07 9.10312454038831e-07 1.26763388763607e-06 1.55156903147713e-06 3.16133992726009e-06 3.85269723039983e-06 6.06348333747064e-06 1.88466447212932e-06 8.1485305258866e-06 2.13231955513038e-05 1.04886942153826e-07
2.81156869452737e-08 2.91849193145843e-08 3.4553272643123e-08 5.48435798108926e-08 2.76084761829942e-08 8.50898841608938e-08 4.51615004593009e-07 6.10755283503295e-07 9.28460359261862e-07 3.21862842511678e-07 2.80221163784233e-07 2.36812884679694e-07 3.39327601395212e-07 3.61893505029798e-07 6.56941105603437e-07 3.27772950470262e-07 1.49697991247422e-07 1.50875214366408e-07 1.59506653396591e-07 1.36123317062697e-07 9.78210463742357e-08 8.02837395230682e-08 8.22923176269086e-08 9.34577903066725e-08 1.08804315068767e-07 1.31552711213345e-07 1.9179097545674e-07 3.77507393523047e-07 6.80706216371618e-07 7.31403245879392e-07 8.7206357122227e-07 9.40153061890214e-07 7.93143706800947e-07 1.10454058841469e-06 3.11458792978669e-07 1.14807247513227e-06 1.29745470616172e-06 1.55847311376078e-06 1.56510557332012e-06 5.37091262913236e-06 4.66828607841308e-06 4.06449053969027e-06 1.27669392639973e-06 5.91930310065436e-06 6.66950845773506e-08
2.57778500101225e-08 2.59085984333218e-08 4.05782944690181e-08 5.91593222853959e-08 8.94876734491845e-08 3.79103293091099e-08 8.75756821727691e-08 4.01731232457792e-07 4.89910335943478e-07 6.83239895948873e-07 3.65000241941971e-07 3.40134630505418e-07 2.15213584908724e-07 2.57574693485196e-07 1.6658590418217e-07 2.53146833451012e-07 4.01858993370752e-07 5.71306073737787e-07 6.0081132815526e-07 2.69106126538077e-07 1.06002172017838e-07 1.71530954595767e-07 2.17386317302726e-07 1.8871811509058e-07 2.3880636081941e-07 4.06078740766702e-07 5.49120800741321e-07 4.76314747288598e-07 4.65273000216371e-07 5.48308536707509e-07 6.8229486842597e-07 5.09743406951202e-07 6.64135399119914e-07 9.08855452053103e-07 5.47608745904427e-07 3.45900966713941e-07 3.86396728480065e-07 1.49530865272141e-06 3.16534184037209e-06 2.99362750126875e-06 5.68660822466427e-06 7.31395236996946e-07 8.40229469645237e-07 1.9555859218201e-06 1.18364444245955e-08
3.12335377339323e-08 3.17194116306041e-08 3.21997967955845e-08 4.30758207659032e-08 6.72658052813802e-08 8.61892936132591e-08 3.11651021078774e-07 6.22163541663667e-07 5.63434481648528e-07 3.58821753465577e-07 7.40892360795442e-07 4.41245743942886e-07 1.85234715033289e-07 1.47368358227595e-07 1.27789435833137e-07 1.14180572197142e-07 1.21221604310051e-07 1.18277417193724e-07 1.02666613077673e-07 8.49270872738117e-08 8.43257351057503e-08 1.07827245088288e-07 1.43657031248523e-07 2.31491319624411e-07 3.62373381079806e-07 3.39322647491258e-07 3.42130520181172e-07 4.11261526878093e-07 5.73657786162585e-07 4.80044287343162e-07 3.24516505045835e-07 3.23607252994407e-07 5.40777449486995e-07 2.22060773502619e-07 5.87571671673004e-07 1.23163798626535e-07 8.3994211941274e-07 2.53032721957425e-06 4.44119543772104e-06 6.78981091368769e-06 4.19602903889427e-06 8.66484916173249e-07 4.36944329251787e-07 7.96712691908397e-07 7.38079015683013e-09
5.19276926791434e-08 5.4371294599953e-08 9.80178625376027e-08 1.28406577815099e-07 1.56536292461595e-07 3.88698661524245e-07 6.62181972188591e-07 5.52526331887293e-07 5.8323611753508e-07 6.32756102447729e-07 5.6727350781216e-07 4.1945333215665e-07 3.31680182696914e-07 3.55368467097605e-07 3.25526128364118e-07 2.73305250431122e-07 2.61884551022717e-07 2.27143603126478e-07 1.39840852408923e-07 1.12175612443366e-07 1.01156174370232e-07 1.19601414283466e-07 1.49144627670239e-07 1.61675651177973e-07 3.08284548822257e-07 3.29903394913345e-07 4.09684004765154e-07 4.67835325324017e-07 3.85272916147983e-07 3.72958303529458e-07 3.94399180336791e-07 3.54717628781032e-07 2.25868111236593e-07 4.1395394525523e-07 1.70006447763882e-07 1.70507487950999e-07 1.34686784925009e-06 2.88857200132497e-06 2.62128444603604e-06 5.10135062654626e-06 3.72529082284245e-06 2.9032279456942e-06 6.31530813244296e-07 1.67676574847064e-07 1.03110187166244e-08
1.49295057738641e-07 2.31417071283602e-07 5.45682826214033e-07 1.03855461048852e-06 9.60704406338664e-07 9.77155968939769e-07 4.58281840565178e-07 3.35351170477338e-07 3.64055988377743e-07 2.86151003692225e-07 3.94182098517604e-07 2.00949738626832e-07 1.2844712760085e-07 2.06821609793906e-07 4.01987815479288e-07 3.16587086146569e-07 2.24670578496955e-07 1.90327437721294e-07 2.00737231814685e-07 1.7917593329031e-07 1.6607738260177e-07 1.86954971859166e-07 2.17265982627168e-07 2.16478549575072e-07 2.3852661072965e-07 3.38031125579619e-07 4.67291418715377e-07 5.17362749263839e-07 4.63005924089543e-07 3.15477657153451e-07 3.11753751880417e-07 5.5298913608226e-07 1.80130938964851e-07 2.15946771486841e-07 7.46013275598756e-08 4.42693825597473e-07 6.08064981655332e-07 1.89638730887509e-06 1.57654249761663e-06 5.84654460169531e-06 3.30727433492939e-06 2.26262749620787e-06 5.86011192638125e-07 1.00029242577904e-07 8.14550924488344e-09
1.0944451837247e-06 2.44289817885601e-06 1.80579140760528e-06 7.96938848424134e-07 3.90049850729213e-07 4.1398266947823e-07 4.21898123548203e-07 1.8984332932348e-07 2.39320456429937e-07 4.0672455448032e-07 2.74635794639266e-07 1.98219833791313e-07 1.4355357400575e-07 7.50535162019617e-08 7.79357842262129e-08 8.89994737462985e-08 1.17881754047033e-07 1.67309402243632e-07 2.03555703492952e-07 1.96238195826481e-07 2.09961849151341e-07 2.12759427675735e-07 2.17876535657524e-07 2.39547769709247e-07 3.01676761083058e-07 3.42681076404006e-07 3.05972333514148e-07 3.01925927459479e-07 2.98052904135204e-07 2.4679538999095e-07 1.78178762499925e-07 1.08865873116315e-07 1.13869508977515e-07 1.1686074596895e-07 7.79971154329928e-08 6.43315624326846e-08 8.54610506584308e-08 6.34987699399403e-07 9.66350368258872e-07 2.86416466650508e-06 2.9334849259044e-06 3.52661936275922e-07 2.773174465176e-07 1.32417707021659e-07 1.03947950802485e-08
3.00092518124018e-07 4.46008562704492e-07 3.59865919641322e-07 4.45840412410803e-07 4.33033293845142e-07 2.00595683264027e-07 1.35130972145348e-07 1.18876668819823e-07 1.47794014093705e-07 1.37140155942461e-07 1.09388535740607e-07 1.21886484105715e-07 9.55825824711098e-08 6.57105000190228e-08 1.60205451749107e-07 1.84312404893916e-07 1.15130092659399e-07 1.16749638667812e-07 1.21699210442472e-07 1.09922200319801e-07 1.25676319129298e-07 1.32000849184521e-07 1.34650888572452e-07 1.25496856462348e-07 1.52178381274126e-07 1.36953669560569e-07 1.93496489675482e-07 3.24627150227741e-07 3.91651069264753e-07 1.52077177784093e-07 8.28011638809301e-08 8.0423148229869e-08 1.11357269672041e-07 1.79068198580268e-07 5.95158842209287e-08 4.15634944461729e-08 4.27854639273306e-07 2.41864006600423e-07 2.92206024177233e-07 3.58811544458604e-06 2.61998525417084e-06 1.10558195238752e-06 2.01929094068021e-07 7.56239293853156e-08 2.62866231337533e-08
1.35930279832053e-07 2.18734375945218e-07 1.88351176788615e-07 1.80951586870037e-07 5.05846107845542e-07 1.77635911935425e-07 1.17657284581796e-07 8.65677022732214e-08 6.65882634365289e-08 5.94927026309477e-08 6.50732387530439e-08 5.23086040704612e-08 4.95029244484968e-08 4.47352252352928e-08 7.24447723809973e-08 1.07855325071071e-07 1.09916395274468e-07 9.4293626462516e-08 1.98666642825529e-07 8.88703704404747e-08 7.41437640394693e-08 9.08272346222816e-08 1.09329084896359e-07 1.26127570343471e-07 1.51402834802639e-07 1.98723319577709e-07 2.39122831491301e-07 1.51182460417232e-07 1.02532371393238e-07 1.02671880197747e-07 1.14194317024641e-07 7.37025481978293e-08 6.46887493793713e-08 8.75366163111124e-08 6.86384403536522e-08 3.86145058484111e-08 5.60072620170438e-08 3.92074982702439e-08 8.63398991857167e-08 3.69505099406808e-07 4.8378965455953e-07 3.13330831502867e-07 1.92713162583402e-07 5.98980180677167e-08 4.77605252791058e-08
8.42149196600417e-08 1.0028959103181e-07 1.19353067828953e-07 1.23444420063734e-07 2.73027742103693e-07 2.04926629265856e-07 1.38836246454943e-07 1.14552836372184e-07 1.00617374276801e-07 4.71875960639245e-08 5.68254104549304e-08 4.19520022276743e-08 4.08228154835655e-08 5.57033742687452e-08 7.2629113567757e-08 3.52856942886781e-08 5.82328475662308e-08 6.04505530299448e-08 1.39471545912429e-07 6.91564344901252e-08 8.04442709334552e-08 1.22581833306157e-07 1.81776686680735e-07 1.38316467568345e-07 1.94926833341214e-07 1.26342942641244e-07 1.27183382669926e-07 1.12680849984059e-07 1.06557649104388e-07 9.53877360210242e-08 6.8072026193633e-08 5.34065964674646e-08 5.72596933423597e-08 6.26201404951843e-08 4.29658377543163e-08 3.17690286522065e-08 5.41426245614929e-08 2.48566528027183e-08 3.96763742638306e-08 9.28773391972726e-08 4.35919383789951e-06 1.9439235092733e-07 1.92589941550025e-07 1.24381844823773e-07 8.93029473925111e-08
9.42391311875568e-08 1.10637809891401e-07 1.30784734952982e-07 8.7487799871333e-08 9.23480476089367e-08 6.74406985368137e-08 5.7623223470582e-08 5.5895309269971e-08 4.64997615079454e-08 5.36850762844487e-08 5.03482928571053e-08 4.81937837859547e-08 4.70726016610357e-08 5.68985789817233e-08 5.32758644866682e-08 3.88664057937582e-08 3.57498916137011e-08 3.91317731551766e-08 5.67366152948168e-08 6.79035741857348e-08 1.33457370576906e-07 1.40061619724463e-07 1.73300286832045e-07 1.86762966336573e-07 3.68894074576076e-07 2.1859418923853e-07 1.16808995542783e-07 9.77949046188087e-08 7.28143978889761e-08 6.65551915801643e-08 5.00175607376363e-08 4.80944439273934e-08 7.20558541722482e-08 6.99047260410701e-08 6.7010900572928e-08 4.01669869476429e-08 5.98886948366406e-08 5.33537546587581e-08 1.71914270263862e-08 1.79114048970419e-07 3.15862666777633e-07 3.18921512665327e-07 1.37831942725875e-07 1.24382063360073e-07 2.16398660368711e-07
1.44614740893445e-07 1.19862646119628e-07 1.38663205895284e-07 1.54803450103103e-07 1.18626994627391e-07 9.42534704950759e-08 7.73395357311912e-08 7.74414671500523e-08 8.42764587893896e-08 6.14374363272496e-08 8.06700710453967e-08 4.81052158440853e-08 3.512451099974e-08 3.8990833217678e-08 3.96327562768306e-08 4.24627810580169e-08 4.60877926711234e-08 4.06470275438053e-08 4.52922210403273e-08 4.62469491036011e-08 5.1498738362632e-08 5.82521889391785e-08 8.50340871938471e-08 1.55594790207658e-07 1.85274979180861e-07 1.21325252289139e-07 1.16723445175992e-07 1.09638634882003e-07 7.60132594201934e-08 5.35575353621809e-08 4.54660895266024e-08 3.77095748183009e-08 3.5715215485066e-08 7.44261644758382e-08 3.74982245254785e-08 3.4352774769264e-08 4.34314828101634e-08 4.5079899002598e-08 3.81378620017969e-08 6.92177365535507e-08 1.99346186402494e-07 3.07983069625095e-07 1.01768247837697e-06 1.62050169150163e-07 1.2461095868499e-07
9.43849722379042e-08 5.07358193901908e-08 4.31997592142963e-08 3.33638013327864e-08 3.66994963307832e-08 6.05428561173404e-08 6.43523059729034e-08 9.48036921410989e-08 9.2522883909929e-08 8.16378421308883e-08 8.07276808512114e-08 6.05344459669865e-08 6.15271463999534e-08 9.26821432045699e-08 1.16852028275716e-07 6.32147106216507e-08 6.47004441356458e-08 7.12906643496325e-08 7.30503195267573e-08 5.74814318698991e-08 5.94705670264872e-08 7.5548595557251e-08 1.03410841312268e-07 1.30731345659996e-07 1.16576048103667e-07 9.93573308072371e-08 8.63070209522476e-08 1.5375403052964e-07 1.27595226739885e-07 1.02179091143739e-07 9.14519629802157e-08 1.7022032219316e-07 1.30749094529037e-07 7.09075676841309e-08 8.04597283909914e-08 9.20889063227293e-08 7.06046945797567e-08 1.11111320855173e-07 3.24268984996934e-08 2.5591190999652e-08 1.94670808983943e-07 1.07922622945011e-06 1.31624868195956e-06 1.56491902369993e-07 1.4013918043787e-07
1.42907392475244e-08 1.25444277854214e-08 1.71404919369067e-08 1.39635262130788e-08 1.6483347453633e-08 2.35186923047692e-08 4.13315627167954e-08 6.92961197090725e-08 8.96435686126296e-08 6.7848451412722e-08 8.35353949124595e-08 7.27879030826273e-08 7.00043183421428e-08 5.04706909598696e-08 5.44700415550103e-08 5.64953632986587e-08 7.89220757191345e-08 8.82041621075302e-08 8.10566160858173e-08 8.30512262961491e-08 7.32170805761712e-08 4.75833129565117e-08 3.8792176004776e-08 4.56048681929389e-08 5.65918708339552e-08 1.0686527263104e-07 7.60332082405668e-08 8.08612004243869e-08 7.43982280670963e-08 7.25069265961054e-08 6.94544371904193e-08 2.51356554015203e-08 4.35888107386262e-08 4.84567109992895e-08 4.07506845601091e-08 3.7038214895091e-08 -9999 -9999 -9999 5.04002852230734e-08 2.19054510637307e-06 2.66913020219306e-07 9.93006594818269e-07 1.58415652240507e-07 1.67988530774821e-07
-9999 -9999 -9999 -9999 -9999 1.42380797818475e-08 1.23685551023378e-08 3.19758961531136e-08 2.3696531170625e-08 1.54677655239688e-08 1.85958987652945e-08 3.48986438081234e-08 2.07999435231088e-08 2.18349702540976e-08 1.93524726355143e-08 -9999 -9999 2.31978703579827e-08 2.34594919934494e-08 2.29270799678716e-08 2.40264560247283e-08 -9999 -9999 -9999 -9999 -9999 -9999 1.09854321417302e-08 -9999 -9999 -9999 -9999 -9999 -9999 -9999 -9999 -9999 -9999 -9999 -9999 3.98335286000417e-07 7.03981204530635e-07 5.56967752629589e-07 2.75270206717693e-07 2.10617969953475e-07
-9999 -9999 -9999 -9999 -9999 -9999 -9999 -9999 -9999 -9999 -9999 -9999 -9999 -9999 -9999 -9999 -9999 -9999 -9999 -9999 -9999 -9999 -9999 -9999 -9999 -9999 -9999 -9999 -9999 -9999 -9999 -9999 -9999 -9999 -9999 -9999 -9999 -9999 -9999 -9999 2.74038866976412e-07 1.69795662259276e-06 5.86526353352213e-07 2.67145768351185e-07 3.60308257185693e-07
-9999 -9999 -9999 -9999 -9999 -9999 -9999 -9999 -9999 -9999 -9999 -9999 -9999 -9999 -9999 -9999 -9999 -9999 -9999 -9999 -9999 -9999 -9999 -9999 -9999 -9999 -9999 -9999 -9999 -9999 -9999 -9999 -9999 -9999 -9999 -9999 -9999 -9999 -9999 -9999 9.57598454198738e-08 1.02499210785645e-08 1.06322696513672e-07 1.10986226786736e-06 2.79175531403553e-07
-9999 -9999 -9999 -9999 -9999 -9999 -9999 -9999 -9999 -9999 -9999 -9999 -9999 -9999 -9999 -9999 -9999 -9999 -9999 -9999 -9999 -9999 -9999 -9999 -9999 -9999 -9999 -9999 -9999 -9999 -9999 -9999 -9999 -9999 -9999 -9999 -9999 -9999 -9999 -9999 -9999 -9999 -9999 7.60946639033477e-11 1.42049827456248e-10
