Maxent_result_files_2/B_wurflenii_2.asc
NCOLS 594 
NROWS 330 
XLLCORNER -15 
YLLCORNER 23 
CELLSIZE 0.166666666666667 
NODATA_value -9999 
[rows 60 to 79 of 330, columns 540 to 584 of 594]
1.17087492625956e-06 7.19037658925004e-07 4.49569224514335e-07 1.68066689454349e-07 1.50443127555633e-07 1.40279946680977e-07 2.20422048968771e-07 6.25954341693102e-07 1.07432180751488e-07 9.71413818717792e-08 9.57914709331931e-08 7.8241341627816e-08 2.51787105831625e-07 -9999 -9999 2.47080215176609e-09 3.44006833019606e-09 4.84470262795966e-09 2.81841845417574e-09 2.80891871984323e-09 7.85011105008948e-09 6.59853911511021e-09 8.43983769982515e-08 8.9528263114147e-08 8.71953705683381e-08 8.6808891319734e-08 8.71980327055155e-08 8.68442186607865e-08 8.17474471670465e-08 8.14969324469672e-08 7.61440242413869e-08 1.62039834705752e-07 8.31025739334024e-08 7.63207432585844e-08 7.45436250060294e-08 7.36039505344621e-08 7.67831449310918e-08 8.07798566704321e-08 8.5380732040008e-08 8.17283995147022e-08 7.50709688412954e-08 7.11082367210736e-08 7.65828775062261e-08 8.09714570504383e-08 2.62438844655932e-08
2.34202808613304e-07 2.07291775300433e-07 3.40457493663848e-07 2.42794573601657e-07 2.15564670913437e-07 1.17431548529723e-07 1.20030559003226e-07 1.11352211762394e-07 9.59181956972088e-08 8.67090319101038e-08 8.75021719526359e-08 3.20880131354784e-07 1.27938167295838e-06 -9999 -9999 8.9751285976547e-07 1.03533055240135e-07 1.7832325394096e-09 1.59263701116075e-09 1.83669633946337e-09 8.0181045802874e-09 5.62250696001243e-09 2.11206895706084e-07 9.74973300316151e-08 9.70001274414045e-08 9.34107222683167e-08 9.13362534049611e-08 9.12988470158638e-08 9.55396015189791e-08 1.00222385368554e-07 9.23055966772779e-08 9.03754159953252e-08 9.64429643701692e-08 8.61467472024202e-08 8.99478745264304e-08 8.64140649259326e-08 8.15245838392542e-08 8.16927445246307e-08 7.69367192177128e-08 7.52160353334474e-08 6.76865454352082e-08 6.89689076516231e-08 6.70207757291763e-08 7.2034508358243e-08 6.99648344371084e-08
3.18831940937514e-07 1.88457646288498e-07 1.74164952682077e-07 1.55924520672812e-07 1.46830351344107e-07 8.0381625515713e-07 2.3831938653629e-07 1.0796697229587e-07 1.02653179112622e-07 8.94308104015806e-08 8.5434291952069e-08 8.21581675580774e-08 8.08115786288255e-08 1.74499096772252e-07 2.070548528188e-08 1.77039385707012e-08 -9999 -9999 -9999 -9999 -9999 2.35602567455473e-09 -9999 8.10663125516697e-10 2.12401215504698e-09 6.05892436222888e-09 7.64490828419895e-08 7.8259227187516e-08 7.87263543688965e-08 8.31503909282105e-08 7.57837227638447e-08 8.01577927589392e-08 8.63307613396813e-08 8.31081274910161e-08 7.8458365093681e-08 8.02284574330514e-08 7.67388133038338e-08 4.51748620733383e-09 6.80665343200104e-08 6.2758891639092e-08 2.3390896863873e-08 7.77703295540277e-08 9.78680403385113e-08 6.33265933025484e-08 1.21803495400918e-08
4.73635990871912e-07 1.85499478178031e-07 1.57406088607814e-07 3.53423391530328e-07 2.62081595003849e-07 1.24031835158078e-07 2.06189083229447e-07 1.64380359279903e-07 2.9050639831496e-07 2.02603139598523e-07 9.4685628893032e-08 8.15580915691783e-08 1.42543225933878e-07 6.66908865909477e-09 3.54616983555545e-09 3.31768665873255e-09 9.07953412454532e-10 1.68566043345919e-09 9.62338206456082e-08 9.04488944630799e-08 8.15722029923194e-08 8.25832969120199e-08 4.72436765264206e-09 3.97386865635951e-09 1.20068798237227e-09 2.02321958076013e-09 3.58237063347033e-09 1.93067438702954e-09 3.17838988461716e-09 6.50715911376665e-08 6.02545350947281e-08 7.16430905711718e-09 2.8158277254331e-08 6.84665514505412e-08 7.1211351837519e-08 7.69017804991279e-08 9.56005207219945e-09 2.42057089927528e-09 3.3410597843897e-09 4.80041361772265e-08 6.66496942081096e-08 6.62133631479378e-08 6.21463251748722e-08 1.74205098124602e-09 3.17224556622975e-09
3.02402856711126e-07 2.85397267596466e-07 1.72895198247147e-07 4.30329540357377e-07 3.8571467229076e-07 1.37049205584106e-07 1.30300439860065e-07 2.70289373816013e-07 6.4192928128648e-07 3.46473869328179e-07 3.24455802314105e-07 2.29679561503104e-07 6.41951000979191e-07 2.3306703491599e-07 5.72374235785489e-09 4.2165384961379e-09 6.9229325605491e-10 9.94679250077013e-10 6.60479151370907e-09 9.29848827713187e-08 8.77817043942741e-08 8.10371180381964e-08 8.23148117667927e-08 4.04517928709325e-08 3.06379229764175e-09 3.02864916479351e-09 1.36724148669387e-09 8.85226059121891e-10 9.23791376727934e-10 1.07973591179089e-09 9.83010306487841e-10 1.44831974191462e-09 2.10683865908834e-09 1.27332931976198e-09 3.55592939538241e-09 3.23877256125371e-09 1.62574245177183e-09 2.36618155069479e-09 4.11409133427298e-09 4.37283844689773e-09 5.75843778438667e-08 3.07446046732274e-08 5.04893603370249e-08 8.02487486462056e-08 4.8374528205386e-08
2.17826782922259e-07 4.60891152442855e-07 1.91495946388898e-07 1.69970225893934e-07 1.61320143465815e-07 2.24245940572132e-07 1.4262214831362e-07 3.07898195828216e-07 1.40187466612929e-07 1.37059990024113e-07 3.19733996434479e-07 5.26894218033647e-07 2.42572072473024e-07 1.1604777108154e-07 1.07285968375948e-07 5.25091755188001e-08 3.29685791999879e-09 6.85481627016316e-10 1.57914147314031e-09 7.40155422507272e-09 8.71508241129249e-08 7.75497845495465e-08 7.70875808075999e-08 7.80185088977703e-08 7.31108465323871e-08 6.86578974562479e-08 6.75400061656006e-08 5.1506013010183e-09 1.7979824629144e-09 1.61847361068723e-09 1.09550739590958e-09 9.21823994914917e-10 6.20199003265043e-10 7.15094872205668e-10 6.18444362388004e-10 6.49724463119838e-10 1.59559526702324e-09 2.22886272771561e-09 2.02685072059339e-09 2.88677785009739e-09 1.71163435092048e-08 5.46654875588359e-08 1.04191163186051e-07 6.14364285445035e-08 1.00707409411704e-08
2.22529230775592e-07 2.15306371842416e-07 2.0093249313291e-07 1.78378648740818e-07 1.73123455837754e-07 1.64584881190422e-07 2.55793458059372e-07 1.49011941363852e-07 1.40889934652222e-07 1.33041119987354e-07 2.72261888412118e-07 3.00540686914985e-07 4.65517643810642e-07 5.15301981707239e-07 2.19711201587813e-07 2.6676067363951e-07 1.26519413279347e-08 9.83480774596757e-10 1.56507434789788e-09 8.0957736625642e-09 7.84109392970578e-08 7.839928768405e-08 7.7857108227164e-08 7.34742858110593e-08 7.24061128387632e-08 6.89368583994821e-08 6.17551009440831e-08 5.72711627011557e-08 8.37476910930945e-08 7.52266227088683e-08 7.70010822881417e-09 6.69939865804992e-09 8.41666936146623e-09 2.45707327817257e-09 2.95995308263741e-09 1.56881964086253e-09 1.23982449862226e-09 1.40059890352262e-09 9.30703314416803e-10 5.46323830619144e-10 9.32054200486476e-10 2.99242570722669e-09 2.70058790885486e-09 2.45402590470789e-09 2.6853831047724e-09
5.72070662485658e-07 1.8245263104788e-07 1.69170511288286e-07 2.29441002197461e-07 4.82397144274671e-07 1.15717906190582e-07 5.76746738545353e-07 1.10767286010116e-07 1.06632801211148e-07 2.19685489533106e-07 2.63255109445026e-07 1.9705206018017e-07 4.67477776311398e-07 6.60399192931038e-07 2.34336697602089e-07 7.5092072227001e-09 1.2676414817836e-08 1.80827180007448e-08 5.58498149949571e-09 1.50209993665662e-08 9.10418240795963e-09 5.87241107963266e-09 7.63676378578992e-08 1.02910773569498e-07 9.77105543142898e-08 8.70591531976217e-08 6.98394852172157e-08 6.03349461947289e-08 6.7745502141392e-08 2.5416065496664e-08 6.96304726099939e-09 1.64121925161353e-08 6.66699354834321e-08 6.73339117351901e-08 9.50244674946532e-08 6.59898478971854e-08 1.50263849030274e-08 2.68681571102825e-08 3.58450372717201e-09 7.93385755981646e-09 2.38851527445405e-09 7.0339767344052e-10 5.30180439550776e-09 8.25072687948847e-10 1.80968400265158e-08
1.88547338275669e-07 1.78791932015088e-07 1.61149818733719e-07 1.40366696310679e-07 6.28647121914128e-08 1.13629359432821e-07 1.05504481595631e-07 8.78357512501538e-08 8.51047255778781e-08 3.51665678444135e-07 1.69411918005125e-07 9.81249995479771e-08 4.24676590071726e-07 1.05277927886505e-07 1.75270792190929e-07 3.96702271032723e-08 1.332428180012e-08 7.04106557836148e-08 1.63273922826335e-08 7.16790018451263e-09 5.31629090305685e-08 9.64954292026476e-09 4.73852327376179e-09 6.81234383792528e-08 6.61448952943289e-08 6.62017987540509e-08 6.33140198491589e-08 7.60444522684978e-08 6.90723197305232e-08 1.87791820316363e-07 1.37888181050982e-07 1.02903096887985e-07 7.06439175157669e-08 1.44477964170164e-07 1.36658585248028e-07 1.0389507285602e-07 2.35344323917808e-08 1.6703264926754e-08 2.7916237654857e-09 6.23107512254251e-09 3.39445584973674e-09 4.11339062811322e-09 2.62461803401948e-09 4.14541337923069e-09 9.07679755801638e-09
1.32033040767254e-07 1.53308608297209e-07 7.8885989029942e-08 1.47591204324726e-07 1.28314054048673e-07 1.23723396860953e-07 1.20940762471378e-07 1.20119145474717e-07 1.61588191005535e-07 2.13432394424728e-07 2.12123455156643e-07 1.021986809846e-07 8.43354695412302e-08 1.27749740208571e-07 8.54162242269752e-08 1.6939207192479e-07 5.53992654239721e-07 2.56604205550737e-08 9.21170231982238e-08 8.90176853340918e-09 1.74331731894739e-07 9.85040704559736e-08 2.55875499988179e-07 1.84567712180339e-07 5.30569503665035e-08 2.05052199442335e-08 6.409436630328e-08 1.2956107287021e-08 7.08403189886297e-08 7.47360352271187e-08 6.94697826819635e-08 6.57621515465223e-08 6.59319107310097e-08 8.52194341760537e-08 6.34069975635754e-08 7.41713995111581e-08 9.08001783983536e-08 1.20259257574418e-07 1.29289525752085e-07 5.99026866998642e-09 1.20709527373641e-08 8.74291555819084e-09 1.07853891373466e-09 5.42706449779828e-09 8.05983322305082e-09
1.49579300057212e-07 1.84821347559705e-07 1.64074951403137e-07 2.61690207103982e-07 3.93134272869133e-07 5.44932617785321e-07 2.06518589962457e-07 1.39075094462982e-07 1.1795445375995e-07 1.1382658211545e-07 1.2302626561933e-07 1.1570928268867e-07 4.08618491043455e-08 8.37215995419527e-09 1.81650351382956e-07 9.49737529509775e-08 4.15379874674215e-07 7.24046720357308e-09 6.83077535645893e-08 1.73676903525433e-08 2.75947911365648e-07 3.17719161557761e-07 6.57499313883036e-09 6.87816116062834e-08 2.36467135539264e-08 7.39594490983819e-08 8.92822385356595e-08 5.53628545230112e-09 6.22887723622512e-09 5.50543640676082e-09 7.36972622039644e-08 1.94151770549489e-08 9.88982099547897e-09 5.83493434680449e-09 1.31694721794418e-07 5.05122447425066e-08 1.76684578190311e-08 3.68089921654047e-08 4.31187979765824e-09 3.02924388906334e-09 7.0100948046381e-09 2.60179936484306e-09 7.85007177039887e-09 7.27485471863076e-09 2.29849440014362e-07
1.14984611876423e-07 1.21976868250329e-07 1.6193944238907e-07 3.77982287602663e-07 1.76633077941801e-07 2.85729227478271e-07 1.27711102848593e-07 1.18204678667411e-07 2.15182960339177e-07 2.15146441640002e-07 9.97234274535685e-07 5.11936906733013e-07 9.94329294456975e-08 9.0090600979309e-08 1.60936542403789e-07 1.64794160895099e-07 2.20872023959373e-07 2.02279799133009e-08 2.60761906401008e-08 1.17646106245761e-07 4.25975425244474e-07 6.07085238080174e-08 1.42093940613819e-08 6.39244868150257e-08 1.39994511272334e-07 1.06165773505751e-08 2.85288158430319e-08 8.04686161037793e-09 8.47893883992867e-08 2.23303412538733e-08 1.08429076339789e-07 1.49095212531591e-07 1.54035233101979e-07 3.71389198416949e-07 2.47678761500225e-07 4.06857613022282e-07 1.8033735571521e-07 1.37637406751878e-06 7.15220850722176e-07 2.99498315037283e-09 4.2379163200934e-08 1.18828765494072e-08 2.92057477757623e-08 2.84805621975082e-08 1.64458819629232e-07
1.69035118702254e-07 1.85270673824789e-07 1.95285903892284e-07 1.95076837172792e-07 1.8176482257104e-07 1.61159180045445e-07 1.46464960248949e-07 1.38843791752663e-07 1.37573707181815e-07 2.41963120828359e-07 1.34978634491745e-07 2.5899008146979e-07 9.33075641196268e-08 2.79769592737011e-07 6.15180538066085e-08 3.73393631036834e-07 3.91397876775557e-07 2.16839403766045e-08 2.03494685879768e-08 1.36662926450981e-06 6.52644184695461e-08 5.19645960217474e-07 3.36051813576432e-07 1.02640923271835e-07 6.37903441180754e-08 1.18591419351333e-07 8.39320395407128e-08 1.39002934362864e-07 4.16834258776255e-08 1.10336191028182e-07 1.65499154647364e-07 6.07076521053074e-08 6.07087923931715e-08 3.83652901669862e-09 1.30261951136745e-07 1.60218638445286e-07 1.53777751421558e-07 2.91411819564047e-07 1.5409526310517e-08 1.88035142478782e-07 3.15967045749765e-08 5.94366082906639e-08 6.12250419251836e-09 3.31522670204976e-08 3.12980885652792e-07
1.75780600208952e-07 2.09650977289755e-07 3.55481367009247e-07 1.93229674749773e-07 1.45363551595779e-07 1.11791763224289e-07 1.09895276168004e-07 1.16873028321862e-07 1.02649075373051e-07 1.21570301114815e-07 2.05749310566716e-07 1.63811236930655e-07 7.57161471298673e-08 1.58572667441348e-07 3.54772532595859e-07 4.51038663840109e-07 5.9940439323114e-08 3.86386997419663e-07 8.2964277026143e-08 7.17325425512172e-06 3.46886530611101e-08 4.7648907264275e-08 3.01401120594846e-07 3.21576741235674e-07 4.75894886875494e-07 3.7565546255891e-07 7.76067643482037e-09 1.4105313996815e-07 5.32716371903774e-08 5.30318043923117e-09 1.9852075388016e-07 1.36191787181161e-07 3.55998543977165e-08 5.20224700650829e-08 1.17136186350564e-07 9.02892158372026e-08 8.98071017552127e-08 5.5035838775197e-08 3.55142113761531e-07 5.99947962420799e-09 1.32715410883222e-08 1.78471710521322e-08 8.52885237989653e-09 4.90730021618369e-08 5.33407711245104e-07
2.17765935417447e-07 2.17758561937842e-07 1.63250230578171e-07 1.30572452139432e-07 1.23789677886066e-07 1.16517199000299e-07 1.00229723187795e-07 9.87076276715015e-08 1.08170869062008e-07 6.37484283583234e-08 2.79241154865772e-08 7.07360845897398e-08 8.22295887381586e-08 7.4888390266814e-09 1.12977074584464e-08 1.72677481824479e-07 2.00491813551196e-07 5.80915132886162e-08 5.30758958205979e-07 1.08413043093947e-06 4.62977787218932e-09 5.54548786890763e-09 4.88380444974013e-09 1.742920483494e-08 1.82815446225781e-08 1.35127491973641e-08 1.65234370519407e-08 1.31190727170605e-07 4.19669258233668e-09 4.881925930178e-09 9.11169331097028e-08 1.01261221852056e-08 2.66318417319056e-08 6.41080071694944e-08 3.04112725402206e-07 3.16082257612038e-07 2.59290517945487e-06 1.12351169399005e-06 5.88700721593227e-07 1.87916069105398e-07 9.03829162623992e-09 5.49084400702782e-07 3.47536456324349e-07 4.17472693636789e-08 7.94055726283105e-08
2.05192280944289e-07 1.78046655818775e-07 1.67173568499379e-07 1.11957253334793e-07 1.15538774103641e-07 3.98337900620049e-07 1.35180194504869e-07 3.76413311542478e-07 2.94077215468036e-08 2.18969171328354e-07 1.12006281316468e-07 1.73397558267396e-07 1.34069350066213e-08 1.52609890613498e-08 2.82540430496248e-08 1.43878286351651e-07 1.16539393069104e-07 1.21052277224365e-07 1.48023521617802e-06 1.31461140639999e-07 9.42376219725816e-08 1.78369659309396e-07 1.33245327660347e-08 6.1499667469711e-09 6.5039052588034e-09 1.25507249815193e-08 9.73256689684732e-09 4.36622865640501e-09 5.06330539717936e-09 9.73546286919813e-09 6.0471123575212e-08 9.23376115125052e-08 9.05273984663779e-09 1.68195822380923e-08 3.09624672834019e-07 2.96783821784885e-07 2.94217030560873e-07 1.37955023848946e-07 4.45428455897456e-08 8.15906951334711e-08 1.15782439746859e-08 1.93208154364299e-07 3.95456293156293e-08 2.44968536566859e-08 1.42004992564893e-07
1.79075821371555e-07 1.78227095481986e-07 1.6570660577031e-07 8.20376289567548e-08 2.94322559835081e-07 2.11610823264152e-07 2.10687804624854e-07 1.41424066057994e-07 9.24562537818474e-07 1.2487565625996e-08 1.28852511682709e-07 2.45823618905128e-08 2.02936889293071e-08 1.29132528670084e-08 9.83358816597502e-09 2.86802610327541e-08 3.77826290809402e-08 3.18905147480564e-06 5.50194978110596e-07 7.497501481879e-08 6.03315835512319e-08 1.10989653379079e-07 6.47888575677769e-08 1.78012100615632e-07 1.32976566469267e-07 1.17118752473999e-07 7.9806391051207e-08 2.47378461715186e-08 1.5313973200648e-07 8.37770977923924e-08 3.87217380604099e-08 6.96583243309235e-09 1.03366981640818e-08 5.66955359326826e-09 6.51402023432723e-09 8.96240156533779e-09 7.29525317932911e-08 2.73299437481e-07 1.06959875068036e-08 8.56094307444266e-08 1.83847931101155e-08 1.19146232657741e-08 2.0008238343916e-08 1.06986291270594e-08 3.19172583029825e-08
3.45463531004064e-08 2.60692470055446e-08 1.64030802984882e-07 8.86187327076016e-08 1.67209240231614e-08 1.19785827212837e-07 6.86924548887191e-07 7.9036721558623e-07 7.76059647655813e-08 1.11734349994563e-08 1.85627132598398e-07 7.02451546708005e-08 1.19624567140875e-08 5.65932793405999e-08 3.08544162130886e-07 2.13843491247978e-08 8.56918169755971e-09 5.27493147615132e-06 1.8267648922432e-07 2.59738560259848e-07 1.45608103885309e-07 3.71972109114438e-08 2.33843970631753e-08 1.32863444135545e-08 3.8750261976972e-08 7.85046767148856e-08 4.82795483591758e-07 1.60181662933745e-08 1.92851827485185e-07 1.96652071959846e-08 6.48751564469308e-08 1.84707211414725e-08 5.52771491801884e-08 2.13507405000257e-07 9.12786265461207e-09 1.68585935100829e-08 2.05497682204125e-08 9.69216236157422e-09 1.71548342180472e-06 7.72416626881878e-08 1.5911038566685e-07 3.9155223685583e-07 1.29041323959633e-08 5.19945489774187e-08 5.1524163495742e-07
3.24895546555126e-07 1.29808731874625e-08 3.4979687679737e-08 1.89978483433606e-07 1.87643980886776e-07 2.20563282837816e-07 1.22636939003939e-07 1.03388278915872e-07 2.58618295667645e-07 2.52986619742046e-07 4.81505759708512e-08 1.0065646538493e-08 1.14297713627032e-08 1.00978671757623e-08 2.90416702242169e-08 2.61219383990152e-07 1.83812925858007e-07 8.59763276239711e-08 4.35363288531221e-07 7.87005347557823e-08 7.42628479599716e-08 9.66525345091895e-08 8.22767955099835e-08 3.0153631924712e-08 1.70835333435093e-08 1.7949914898896e-08 2.28937907298388e-08 3.66477667990139e-08 9.86790873458432e-09 2.56200928649974e-07 3.92515928093751e-08 5.90170330827533e-08 1.34287540864975e-08 2.98582227498123e-08 6.03392064535413e-08 4.56619966393568e-08 1.49204503752109e-08 4.12198222554672e-08 2.46930878056162e-07 6.17798739632747e-07 8.19495010517812e-08 1.08035780432836e-08 4.68287540966728e-09 1.52265641650828e-08 1.92317685776544e-08
2.45801295051251e-07 1.92425628320336e-08 1.92932010922853e-08 2.30284855406993e-08 1.76975402865764e-07 2.00369774638887e-07 8.2618208052665e-09 8.26490766492327e-08 8.04392187525593e-08 5.80946397210624e-08 7.6547033422969e-08 2.01347824302367e-08 1.37983533710084e-08 5.37150744772674e-08 7.29511124575311e-07 4.81589484735423e-08 1.07980832186882e-07 5.78952246854669e-07 3.13595697520874e-08 8.24517376152301e-08 1.03126701223033e-07 1.01499354432377e-07 2.99913050394451e-08 2.23529731724348e-08 4.70251706907732e-08 8.29895389742319e-08 6.6817014143794e-08 2.74856297277637e-08 2.5242797629943e-08 3.18092342332932e-07 3.88851878252439e-08 3.96594340923428e-08 4.08875967528033e-09 1.67649945592707e-08 5.18403515892274e-08 2.02648294811425e-08 8.18819410053351e-09 5.88827435477057e-08 5.22492936312346e-06 1.25044445287159e-07 6.8689875343253e-09 6.5041044994274e-09 6.67400266163298e-09 5.68620012408871e-08 1.13222989597261e-06
