Maxent_result_files_2/B_wurflenii_2.asc
NCOLS 594 
NROWS 330 
XLLCORNER -15 
YLLCORNER 23 
CELLSIZE 0.166666666666667 
NODATA_value -9999 
[rows 300 to 319 of 330, columns 225 to 269 of 594]
2.6413652154389e-07 2.74055993010336e-07 2.80881525149823e-07 2.80685594766794e-07 2.75259617765755e-07 2.69956313658781e-07 2.62379369075916e-07 2.72463323724992e-07 2.75684314310354e-07 2.68416787996273e-07 2.6295590433989e-07 2.606443278097e-07 2.73666656624982e-07 2.79457018947937e-07 2.82678524854418e-07 2.96496342855335e-07 3.09668336484492e-07 3.17026280072241e-07 3.23278554148487e-07 3.22822534926104e-07 3.17925366744021e-07 3.20052586033626e-07 3.19338986187745e-07 3.23434382920595e-07 3.42292500832286e-07 3.66534947104924e-07 3.84970605082913e-07 3.77899262815617e-07 3.89006293843863e-07 3.90526517435319e-07 4.27198816765895e-07 4.26205906833843e-07 4.30423758857046e-07 4.41726705702195e-07 4.49585430928323e-07 5.36319739552482e-07 3.92942637716942e-07 4.69093387067687e-07 5.06979912984207e-07 4.89173465112458e-07 4.85188711962792e-07 4.65956864559303e-07 4.27385503698474e-07 3.99486665969562e-07 3.6405091918823e-07
2.64979883013439e-07 2.77946517712735e-07 2.71569908072422e-07 2.69752046122562e-07 2.67889505245478e-07 2.65612376892932e-07 2.64617964162994e-07 2.5862111883157e-07 2.62662707406491e-07 2.61043638261071e-07 2.46470831832823e-07 2.44773928059772e-07 2.5052410670412e-07 2.5832276335791e-07 2.67446035806529e-07 2.85539029221127e-07 2.9805070695943e-07 3.03450736893751e-07 3.07440494040634e-07 3.11301412736498e-07 3.1316891764277e-07 3.16811507516945e-07 3.13477012880981e-07 3.16150338264265e-07 3.24357872116821e-07 3.26365730884959e-07 3.35487131764012e-07 3.52867030528614e-07 3.69012434475735e-07 3.87131600376733e-07 3.84857845503461e-07 4.17478276659722e-07 4.28517531148032e-07 4.00040439885174e-07 4.34887541800322e-07 4.66051961112157e-07 4.38273614022933e-07 4.70552289755233e-07 4.93341501694999e-07 5.16062592481603e-07 4.76081817168961e-07 4.60547531488942e-07 4.43302084818242e-07 3.91728352866494e-07 4.17492140769582e-07
2.59448119699357e-07 2.76850708935683e-07 2.8003117336084e-07 2.6584459043022e-07 2.62975032327972e-07 2.6512473016993e-07 2.5689001112994e-07 2.50354967690214e-07 2.48259130053441e-07 2.56897550876545e-07 2.5977443005587e-07 2.49454233092195e-07 2.49996698720167e-07 2.46540407644602e-07 2.49026411580644e-07 2.61269837764644e-07 2.83373364240447e-07 3.01317822604119e-07 3.18049325898073e-07 3.09561840694528e-07 3.11091119442608e-07 3.10372848488782e-07 3.1451143662764e-07 3.05240914855176e-07 2.9501880511873e-07 2.93464466238902e-07 3.10186736385276e-07 3.42708425549176e-07 3.60470179572303e-07 3.78348823204533e-07 4.22039405734154e-07 4.66331151827148e-07 4.67623014088758e-07 4.09122388944638e-07 4.17588420731363e-07 4.22934177279899e-07 4.23322272524729e-07 4.5169176381421e-07 4.35634671092089e-07 5.07395084170525e-07 5.01743990000136e-07 4.41755706859226e-07 4.22036047709184e-07 3.87573759752513e-07 3.55530474394072e-07
2.56379143337426e-07 2.69652639417473e-07 2.78655408258999e-07 2.73900907110658e-07 2.58247046858173e-07 2.6126693963846e-07 2.65073517091707e-07 2.63049311399755e-07 2.61315485339253e-07 2.63898911967431e-07 2.70323779361092e-07 2.64034655472756e-07 2.47051000457077e-07 2.45549417243751e-07 2.49045750244647e-07 2.57304896145172e-07 2.67980684043323e-07 2.91694552956301e-07 3.2921330941349e-07 3.05265572464464e-07 3.10736952258139e-07 3.03069525386945e-07 3.07149305456278e-07 3.09331517200917e-07 2.95768449021239e-07 2.92278811997448e-07 3.13557041309309e-07 3.34732410678384e-07 3.43580026296308e-07 3.52720028828912e-07 4.14888445021688e-07 3.96903057620079e-07 4.01591181642402e-07 3.3897888229717e-07 2.8545937524882e-07 3.09110937379842e-07 4.27131311653284e-07 4.4178409837059e-07 4.39788630401949e-07 4.50815773689328e-07 4.7551430171211e-07 4.60029463411615e-07 4.12042093600462e-07 3.82990243963377e-07 3.51554884048255e-07
2.49615210989873e-07 2.65263433796292e-07 2.73888851154425e-07 2.77460906872307e-07 2.57706075856845e-07 2.63164005076533e-07 2.73671277284393e-07 2.74054734106244e-07 2.63215309104226e-07 2.5046315990096e-07 2.67935402220587e-07 2.66272785154342e-07 2.58449970225172e-07 2.46890479260742e-07 2.44347076439055e-07 2.54761921780755e-07 2.68276075487961e-07 2.76931211828924e-07 3.02255237727422e-07 3.33574879718412e-07 3.51653504893079e-07 3.22945720299117e-07 3.10225784616591e-07 3.03367506759855e-07 3.03025205639074e-07 3.08878939492274e-07 3.11671517394529e-07 2.36817616361407e-07 2.28702722004925e-07 2.77124961378661e-07 3.06545224404431e-07 3.93126737563421e-07 3.89724680971426e-07 2.64378530623333e-07 2.85514546405352e-07 2.79810076087017e-07 2.35989757957356e-07 4.00466765171359e-07 4.96983997066991e-07 4.13018861422643e-07 4.71617656216949e-07 4.73443122928074e-07 4.16564229865912e-07 3.91874844751783e-07 3.47407734224703e-07
2.43828654866718e-07 2.57017968330331e-07 2.68743037246111e-07 2.74245279285878e-07 2.70866739171538e-07 2.59645135436415e-07 2.73596658750819e-07 2.80674077934862e-07 2.76548761846129e-07 2.60715713906734e-07 2.50021463443772e-07 2.54025387746992e-07 2.54690959344828e-07 2.52545718204544e-07 2.5331754827107e-07 2.54240250185944e-07 2.60255322359626e-07 2.87861741199436e-07 3.0060336619897e-07 3.08877783794514e-07 3.49234746011007e-07 3.15255786986768e-07 3.10456796981384e-07 3.42453222046402e-07 3.50208076227432e-07 3.13564202159e-07 2.94686517321452e-07 2.42910823367026e-07 2.69612958447851e-07 3.40549457078509e-07 4.50220441550186e-07 4.19602056211943e-07 4.05487723398323e-07 2.61259433287364e-07 2.82115085425971e-07 2.71744291957532e-07 2.7592632863005e-07 3.30675952930903e-07 4.65083038037051e-07 4.00090896590655e-07 4.14503566759095e-07 4.66437855095592e-07 4.06314260459339e-07 3.8823831225443e-07 3.46666972106391e-07
2.41765913422398e-07 2.49334388335853e-07 2.57141629056434e-07 2.67458875669035e-07 2.70827950288322e-07 2.67268157116973e-07 2.65029436086195e-07 2.7243099669505e-07 2.76996510883976e-07 2.65345755501301e-07 2.46571386242067e-07 2.44220528600181e-07 2.52014438473225e-07 2.49114695449748e-07 2.43529276922061e-07 2.54568453073034e-07 2.73467865774535e-07 2.89082259641305e-07 2.78441401846408e-07 2.92274633295619e-07 3.26191776522933e-07 3.27185642490235e-07 3.4897492149355e-07 3.81170740837433e-07 3.4811290241521e-07 3.35345575308565e-07 3.384735268952e-07 3.20895863836768e-07 3.26476383705199e-07 4.01488388135363e-07 4.75053557025262e-07 2.9417064517645e-07 4.96519119153049e-07 2.65024164392003e-07 2.43875876115851e-07 2.52836193759265e-07 2.70199823759754e-07 1.71728779818636e-07 4.34669959403777e-07 3.72981744867218e-07 3.80660491927642e-07 4.34512131519682e-07 4.01339078592855e-07 4.12510480174433e-07 3.83070053189272e-07
2.35326909425737e-07 2.39955461189822e-07 2.50674702328979e-07 2.56339418847062e-07 2.60020978082309e-07 2.67994266245353e-07 2.66995853337448e-07 2.55548333427669e-07 2.6299123589979e-07 2.61243272703382e-07 2.32547864342791e-07 2.46773451273441e-07 2.42259983274096e-07 2.30228589437331e-07 2.29102710136431e-07 2.49885511749426e-07 2.87309944546621e-07 2.85317641690597e-07 2.73854484866831e-07 3.17838128438552e-07 3.38834969682011e-07 3.47257913801968e-07 3.26016222373937e-07 3.663688396216e-07 3.34130039902902e-07 3.26026807329072e-07 3.22411433018033e-07 3.25687429381105e-07 3.74234187816569e-07 3.80268292587971e-07 3.35619854929803e-07 4.0043049764904e-07 2.55822673445039e-07 2.66885824551366e-07 2.50785314470647e-07 2.4785359915569e-07 2.57404419734542e-07 1.15417572121856e-07 1.15562751901166e-07 3.5796505049035e-07 3.99449362831206e-07 4.49638919164386e-07 4.33572027347395e-07 4.12070495059425e-07 4.58467478381408e-07
2.23065196891525e-07 2.36113287677142e-07 2.4312755098066e-07 2.48760637866496e-07 2.48875215547173e-07 2.56736917947364e-07 2.66784021185629e-07 2.5557055973735e-07 2.61837100978823e-07 2.49192547663313e-07 2.35656965585918e-07 2.49241673699885e-07 2.28129547430456e-07 2.3593615665618e-07 2.4640448579305e-07 2.6493071896283e-07 2.82995880596104e-07 2.64390524051805e-07 3.00300834155109e-07 3.29248542385585e-07 3.29634394091727e-07 3.07381868580592e-07 3.31193075098213e-07 3.39651019132248e-07 3.35742186763355e-07 3.24504165405415e-07 3.33666739393834e-07 3.28022852613685e-07 3.84870664049686e-07 3.47832474645315e-07 4.54824940732124e-07 3.44861437895361e-07 2.89316717605459e-07 2.67883093840737e-07 2.35909430834624e-07 1.5753218942649e-07 7.09527148590183e-08 1.47615195578155e-07 3.71092766382475e-07 1.29252179092987e-07 2.77712224949767e-07 4.11052650406418e-07 4.67675858217831e-07 4.14424869887853e-07 3.93546293864233e-07
2.22378193015516e-07 2.33809150884667e-07 2.35538429294024e-07 2.44016347217269e-07 2.4168839676264e-07 2.48637249633532e-07 2.72326262518163e-07 2.85335717897794e-07 2.80010377196049e-07 2.59506212429983e-07 2.31611123879816e-07 2.37476861286723e-07 2.23210965444309e-07 2.27157888943452e-07 2.69067575686677e-07 2.69551630260878e-07 2.62409766627059e-07 2.82750436753076e-07 3.17936785165784e-07 3.28255315551473e-07 2.9928218090447e-07 3.15214717971912e-07 3.40565160428241e-07 3.43175842942856e-07 3.32692462379214e-07 3.45171273963274e-07 3.42945864417743e-07 3.37029761254826e-07 3.30345728372095e-07 2.98990807401367e-07 2.61716918714683e-07 2.75008770955765e-07 3.90455444687632e-07 3.52734293329604e-07 2.52682801082926e-07 2.26220452992365e-07 2.94138494538743e-07 3.77618506774979e-07 3.63874748154913e-07 9.9265243092006e-08 3.28770217983276e-07 3.36852088089756e-07 4.95397681632426e-07 5.10363201300379e-07 4.29087083375634e-07
2.23994472925426e-07 2.30098565978665e-07 2.32080895479214e-07 2.40556894404165e-07 2.52385044774428e-07 2.56241843388239e-07 2.76350843542161e-07 2.64217829126778e-07 2.34795488296413e-07 2.24960877837077e-07 2.00924578130923e-07 2.19703520798475e-07 2.21889810880782e-07 2.0732923644573e-07 2.45729944481354e-07 2.85300575164626e-07 2.70577728400667e-07 3.0582061469886e-07 3.23339352803487e-07 3.37820468132577e-07 3.30960679661985e-07 3.4472397345553e-07 3.5256721702126e-07 3.4321084179112e-07 3.42742939452023e-07 3.38646240294338e-07 3.2984745175213e-07 3.43165716998328e-07 3.26663117533599e-07 3.20624839389438e-07 2.91623435799693e-07 3.02427323539689e-07 4.27545078096614e-07 4.77877632576451e-07 3.83991412533646e-07 7.90440854103736e-08 3.849741080586e-07 3.73481222348815e-07 3.75081920278575e-07 3.50196762433086e-07 1.76213679337067e-07 7.78813515456278e-08 3.3833359012192e-07 5.11853006912588e-07 4.97531338439217e-07
2.2402409793898e-07 2.26165798800082e-07 2.35438318263448e-07 2.46806395409749e-07 2.78682217746962e-07 2.70544970071285e-07 2.65356141326834e-07 2.40341612567363e-07 2.14608044757369e-07 1.74251474849285e-07 1.76592339684589e-07 2.19133480250377e-07 2.23515157671272e-07 2.203740086415e-07 2.27645752026717e-07 2.70453929651637e-07 3.17940450500487e-07 3.23074990404848e-07 3.38657059373304e-07 3.47323726757054e-07 3.56608092744182e-07 3.57593004451928e-07 3.43415664971758e-07 3.24887206204494e-07 3.43049212858659e-07 3.4073600652107e-07 3.53481590309457e-07 3.53693350518824e-07 3.32106861300474e-07 2.85071035754925e-07 2.73070948608734e-07 2.73182124210791e-07 2.71318042521784e-07 3.30613099563948e-07 3.44912098171335e-07 4.28889104142627e-07 1.56323995259555e-07 1.04211458440417e-07 1.22286307036035e-07 1.51076319365728e-07 1.40960288597114e-07 1.40980775986677e-07 7.74291199601151e-08 1.06228938090425e-07 4.02137651178691e-07
2.23852551251014e-07 2.25750668469971e-07 2.31790924409836e-07 2.36720439872329e-07 2.43504292107843e-07 2.88964196570873e-07 2.47519771257032e-07 2.28486458553334e-07 1.94103471695684e-07 1.67934963535288e-07 1.88318654270603e-07 2.12363841001206e-07 2.47027233513109e-07 2.34198375181904e-07 2.44315239861237e-07 2.52782814769148e-07 3.12418040948614e-07 3.35653280458814e-07 3.36363464370493e-07 3.43058697183096e-07 3.48485502854601e-07 3.48552363860222e-07 3.48239654357485e-07 3.3648171857692e-07 3.2503991000965e-07 3.26661236726977e-07 3.31252729601772e-07 3.16490326390806e-07 3.42595531321876e-07 3.3365098470739e-07 2.9249373412199e-07 2.47500288175217e-07 2.06401949753854e-07 4.60911806055009e-08 2.87306877755356e-07 1.60596703713267e-07 1.38713728947693e-07 5.62518246027821e-07 4.4930389186959e-07 4.132589470629e-07 3.51147754074077e-07 3.34280405667187e-07 3.50558076078755e-07 4.17383714435005e-07 3.2057353642756e-07
2.24061789744212e-07 2.26024913985157e-07 2.2955233784927e-07 2.21770522301767e-07 2.39302279680942e-07 2.71013690067434e-07 2.33629416435122e-07 1.96905124028035e-07 1.58933445248977e-07 1.64840061689375e-07 2.22488600876147e-07 2.14478253113271e-07 2.39840872140462e-07 2.34614922867138e-07 2.47603554903719e-07 2.52332365135999e-07 2.83895769470632e-07 3.28100328417236e-07 3.31383910179284e-07 3.3115179114418e-07 3.39907243684934e-07 3.48269432848269e-07 3.50339098531549e-07 3.46902174186425e-07 3.55444649358105e-07 3.42389714447222e-07 3.44906449356586e-07 3.56808966017752e-07 3.75335350000228e-07 3.48495349911104e-07 2.92794853429257e-07 2.55476682120559e-07 1.65145697472724e-07 7.86463075108657e-08 2.97194819509627e-07 2.75166502472501e-07 2.42891992030536e-07 1.85328451518529e-07 1.71214832711541e-07 5.00080830434513e-07 6.44957447804018e-07 6.19292848824671e-07 6.49088382687069e-07 5.50773791729853e-07 3.95182413370776e-07
2.20057239630478e-07 2.1744167977289e-07 2.23976527990999e-07 2.23741196592187e-07 2.17617058062558e-07 2.13385895975193e-07 2.05073091574803e-07 1.65590662870585e-07 1.73193055452714e-07 1.89565525765545e-07 2.18247038574759e-07 2.37482143816692e-07 2.3698409137296e-07 2.60315098365993e-07 2.64998349130963e-07 2.58582285539433e-07 2.5960433926997e-07 3.04854806287835e-07 3.23344143993154e-07 3.29916221986082e-07 3.37069729994255e-07 3.51912072815708e-07 3.63355096411055e-07 3.63694883631638e-07 3.92378082025857e-07 3.9803473264044e-07 3.84168741973667e-07 3.72397567716121e-07 3.61462357290065e-07 3.50194235210211e-07 3.17041967434761e-07 2.7634716168734e-07 2.51769510128952e-07 1.05331444277823e-07 2.82210510915704e-07 2.76909595475772e-07 2.55315489328112e-07 2.39774148447225e-07 3.64431820809585e-07 1.06105623620678e-07 2.13547049110474e-07 1.42501732458555e-07 4.70189638335228e-07 5.91097649760286e-07 4.71870708551592e-07
1.98253814875926e-07 1.73187058205571e-07 1.85945076047744e-07 2.19360985198591e-07 2.28847754613071e-07 2.196493539941e-07 2.20649670801265e-07 2.15670443104443e-07 2.03389005548615e-07 2.01848015546346e-07 2.26082032028785e-07 2.26056457286461e-07 2.48062371177582e-07 2.54364943508278e-07 2.61714392735257e-07 2.46427674532868e-07 2.46728343000768e-07 2.84001355765895e-07 3.22180903467029e-07 3.31708680789689e-07 3.38058249838014e-07 3.53772659522633e-07 3.71600711446263e-07 3.95890727133974e-07 4.24847378610593e-07 4.32295593100207e-07 4.05566527206247e-07 3.85666337265889e-07 3.74250556944844e-07 3.76267125545837e-07 3.69931112587096e-07 3.2118395303371e-07 2.80659095608371e-07 2.11325688059816e-07 2.79726874330422e-07 2.69203887182101e-07 2.75004965066827e-07 2.78425890209988e-07 3.26847738296721e-07 4.15795026498245e-07 1.91668591620342e-07 1.75713119343612e-07 4.61920153016493e-08 4.67933733006021e-07 4.3607157138581e-07
2.09029495312763e-07 2.05052791812932e-07 2.02423237816163e-07 2.07712319255648e-07 2.04814279314292e-07 2.36001963216381e-07 2.36264045661017e-07 2.33891851664225e-07 2.0508827738297e-07 1.85504249206048e-07 2.09276282880921e-07 2.11100936020614e-07 2.13106831914445e-07 2.33773088176292e-07 2.47089073646123e-07 2.39716188765726e-07 2.42005602224538e-07 2.77390001990341e-07 3.40563091683066e-07 3.67710223869722e-07 3.7893520925536e-07 4.01207208255983e-07 3.96701075189299e-07 4.17165307453615e-07 4.35288517763865e-07 4.58458788799021e-07 4.21198386391097e-07 3.97060234291757e-07 3.63819769688689e-07 3.65654521061742e-07 3.85768786159701e-07 3.26490978430627e-07 2.95815944184596e-07 2.01762995022392e-07 1.84621622789649e-07 2.37517512635677e-07 1.48613882666737e-07 7.82636316198904e-08 2.24060278508631e-07 2.44099952917409e-07 2.46791491242959e-07 2.23465558479852e-07 1.72680387588997e-07 1.47893304203173e-07 1.58223535262625e-07
2.11297710972502e-07 2.00615367873525e-07 1.95083164378218e-07 1.94716440837794e-07 1.90908220609742e-07 2.30182913618648e-07 2.46853079133302e-07 2.2090623534865e-07 1.90545069500558e-07 1.79459640836654e-07 1.95931253088588e-07 2.01510489183931e-07 2.0491408445622e-07 2.2818425176041e-07 2.45495077777491e-07 2.51890099178809e-07 2.66726937780959e-07 3.006830974428e-07 3.35215208835393e-07 3.58732567917741e-07 3.684367133161e-07 4.06056884827422e-07 4.33461601190288e-07 4.49748503683622e-07 4.6586693969175e-07 4.92932451479078e-07 4.73809222967247e-07 4.50468903423484e-07 4.02525722265068e-07 3.62002619525015e-07 3.42951246423695e-07 2.88802550230116e-07 2.74577570102963e-07 2.3161006925676e-07 1.96388017847937e-07 2.8466016241957e-07 2.176184964231e-07 2.70749250619318e-07 2.93032654274938e-07 2.305414116055e-07 2.82249385596955e-07 2.54404567545663e-07 2.13939132920338e-07 1.82318252761604e-07 1.72864608116718e-07
2.12059481441429e-07 2.06175502714956e-07 1.93216723687328e-07 1.88429275560509e-07 1.86063254048463e-07 2.01089633833362e-07 2.07417825137668e-07 1.96734822655031e-07 1.79912597264575e-07 1.75084773168521e-07 1.97272124236036e-07 2.10746369866399e-07 2.24618379363051e-07 2.47146575560464e-07 2.55004143312476e-07 2.69408337416621e-07 2.96602284599601e-07 3.28880141964305e-07 3.38802406218974e-07 3.44470891988635e-07 3.88658213879012e-07 4.21432655883791e-07 4.90602473846025e-07 4.71416091940569e-07 5.02151626236014e-07 5.16935338978897e-07 4.72258619410582e-07 4.19672896256884e-07 3.91797357224277e-07 3.97933132134654e-07 3.56586444638651e-07 3.48588728371624e-07 3.2940443013274e-07 2.8319199056881e-07 1.29095953704805e-07 3.07737803373342e-07 2.91295289622795e-07 2.74828454971399e-07 6.13432988405549e-08 6.18928523099527e-08 1.43938177155079e-07 2.51068788914566e-07 2.21190733062926e-07 2.24883814192722e-07 2.08452439331985e-07
2.1887352446015e-07 2.25577844936709e-07 2.21962555713162e-07 2.11719019738155e-07 2.14350643190642e-07 2.00354365897937e-07 1.95117031953629e-07 1.85006679132016e-07 1.70160048984513e-07 1.78964244046398e-07 2.07879005564848e-07 2.22261521720668e-07 2.16513113038275e-07 2.26915510204151e-07 2.37520539236868e-07 2.53855627363464e-07 2.89084117888194e-07 3.24702386933495e-07 3.32678177272783e-07 3.42058873314954e-07 4.14644997448477e-07 4.34004105898111e-07 4.52454390398316e-07 4.89287831229035e-07 5.15288802205305e-07 4.74768549452165e-07 4.63770129499608e-07 4.37461218183444e-07 3.76809083135754e-07 3.64892919080262e-07 3.16258869759167e-07 3.16176192072248e-07 3.21238476175267e-07 3.0486416147113e-07 1.03889487590436e-07 1.92630668305327e-07 1.1061210947183e-07 1.67642163884096e-07 2.27742238045892e-07 1.07876776178628e-07 1.21398607388912e-07 2.30495665998198e-07 2.4948068193531e-07 2.34369741791696e-07 2.05850139933794e-07
