Maxent_result_files_2/B_wurflenii_2.asc
NCOLS 594 
NROWS 330 
XLLCORNER -15 
YLLCORNER 23 
CELLSIZE 0.166666666666667 
NODATA_value -9999 
[rows 100 to 119 of 330, columns 270 to 314 of 594]
0.0403779663145542 0.295085710287094 0.0256372081115842 0.0248012714087963 0.0274426816031337 0.0260677033104002 0.0251212310045958 0.0266537222079933 0.022601205855608 0.0778927925974131 0.0686987088993192 0.189270434528589 0.134242126345634 0.0395056126639247 0.00382765962276608 0.0248549080453813 0.0361274783499539 0.00864085773937404 0.000159911911759991 0.000834049380500801 0.00139580295654014 1.06784493709711e-05 3.75785749383795e-05 0.000303937284479616 9.32317187107401e-05 1.53458287513786e-05 0.00412470775190741 0.0038000273576472 0.000735119599266909 1.11972255126602e-05 1.07882453676211e-05 0.00517580231535248 0.000482688764168415 0.119736875221133 0.00959196279291064 0.00857957978732884 0.00719826695276424 0.00593277188017964 0.000365904490172397 6.22900424787076e-05 0.00634474474936724 0.00165608290699311 1.22346616763025e-05 0.000673118320992216 4.68393685878254e-05
0.12149766087532 0.233440868556499 0.0237699801102281 0.026535330619663 0.0271749529987574 0.0271003424189985 0.0267680683173239 0.0262758155353367 0.0253930190578103 0.0246922508813441 0.0228413332253695 0.0205635815858841 0.0173158125486225 0.0153844465967268 0.0326908019371331 0.0920952841639519 0.0188699861057103 0.00495425541885197 0.000167162132856902 1.59909770900413e-05 0.00128744266112335 0.000196549073734786 1.12869447320918e-05 1.20629191769694e-05 0.00752414516173303 0.000831427858793177 0.00167381903156638 6.97034962513499e-06 0.00122116189450026 5.28144812051323e-05 1.11322386601387e-05 1.02964253755999e-05 1.85662803232844e-05 3.24514352087135e-05 0.027851508371532 0.00702592543093488 0.000787874932575505 0.000149155605868145 6.75623408824322e-05 1.73459670577358e-05 5.93780419876566e-05 1.51582398075334e-05 1.56202133666739e-05 1.92723326790656e-05 0.000851469369081315
0.0174879247322679 0.0179941093549132 0.118426999077201 0.111070143803954 0.022863738052547 0.0241360506042838 0.0255368427373469 0.0258485645987093 0.0258763618767262 0.0247578082606196 0.0228422329761088 0.0208337860181928 0.0184254142455757 0.0158327736891806 0.0146010329015553 0.0440017974004149 0.00568566112779081 0.0001121554083511 4.85340392515354e-05 0.000608873818418942 2.92616742626706e-05 9.20712998322415e-06 0.000857209181413054 0.000709155792719685 0.000420560006750748 0.000387967942515388 0.00222691011731513 7.59444088544114e-05 0.000506597898493055 2.48105811351706e-05 0.00710320487851277 0.00472535075386986 0.000691640572040342 0.000409887955174781 0.000498177263216348 0.000189287074135791 0.00168880014680326 0.0119195449631661 0.0015136189351324 4.96540742460638e-05 0.000164184771711007 1.68428185133962e-05 9.57116428708105e-06 0.000257738586515188 0.00022408497534343
0.00127307496150024 0.0156382395885885 0.00914728613570332 0.141120581701398 0.0193343119695783 0.019920848403126 0.0216799207963049 0.0231945216655731 0.0220213434658945 0.0214095586910844 0.0206371433101594 0.0198250119574368 0.0175902018789202 0.0153076979797333 0.0142635013908148 0.0126326627563685 0.0407710768282413 0.000157797551946715 6.12660717706603e-05 6.34408779660589e-05 3.45584242495534e-05 2.74757238912571e-05 0.00154404544155113 0.005432908621151 0.00170462048263289 3.81784062483348e-05 8.83437938682618e-05 5.43058597031632e-05 1.21737475865302e-05 8.46848404307821e-06 0.00701559952576645 0.00686484582256526 0.00772009278880432 0.00225607252068585 0.00264569270948414 8.10501429441501e-05 0.0082299250527285 0.012471223436296 0.0183311717235483 0.00225043080572505 8.99020441238463e-06 8.9409607539892e-06 1.33981018052509e-05 0.00178420698503032 0.0001656221866142
0.0392633683979511 0.0158368908800185 0.0170206017792225 0.0378889407962561 0.101804998144507 0.0158658364787698 0.016616362053901 0.0168335220776498 0.0175525277853012 0.0172056176234037 0.0164906578138471 0.0158586379606277 0.0150454103481025 0.0140820843633264 0.0137194611132145 0.0535355544649065 0.056744460016489 0.00185100081434939 0.000386076069116825 6.4011440736067e-05 3.02248311527364e-05 0.0123701052740216 0.00315040587447584 0.0124427124974318 0.00586959400097839 0.000669033469603164 0.00023792814463377 7.4710277090162e-06 9.62808091571787e-05 0.00509445290081203 0.00125958776334301 3.40976955158112e-05 1.27849840282579e-05 2.07806890102802e-05 0.00132289198227227 0.0015311561874114 0.00289351246319711 1.32089343424013e-05 3.09335473048122e-05 1.79929461410211e-05 0.0061471916444134 6.7636835524354e-06 3.78259383069235e-06 1.05998365370397e-05 7.08483122480175e-06
0.0172574238851666 0.0185871375724673 0.00599532464984804 4.61773358438222e-05 0.000112208189966623 0.050102633330971 0.0147376871667802 0.0143249964341521 0.0146257921122015 0.0147899268195033 0.0137795182876289 0.0133348865900189 0.0123654009774327 0.0122192183509469 0.0119772356702015 0.0171453444752842 0.000401475335092982 0.00136122619151138 0.00102340608718805 2.53307368438982e-05 2.51669307090197e-05 0.00071865294885356 0.000296806001279037 0.00149984856252559 2.94686826237012e-05 0.000549284040607745 0.000653890120156575 0.00203389638627414 0.000965499342419207 0.000190176224714378 1.99951822651201e-05 6.81326337144128e-05 7.69299545936519e-05 0.00174219399923459 3.02137958897219e-05 2.01047766040574e-05 1.52189080381504e-05 2.80616377040133e-05 9.22614701721614e-06 0.00393270705244504 1.29362841335023e-05 0.00124137179227546 1.62857270197492e-05 9.50149699292524e-06 1.06939686816077e-05
0.00442856589797884 0.0100368272513151 0.0107985485345125 0.00993182125966996 9.67410394878243e-05 0.00144354478979949 0.0424005541019142 0.0136264112778008 0.0129691575653851 0.0529255950823426 0.00172004421474412 0.00054940038753557 0.00280824572546408 0.00861171383876353 0.0086963202804327 0.0303551523946226 0.0244608825276373 5.05252830407699e-05 4.44918024186336e-05 2.29299750117207e-05 2.3769742983859e-05 3.28848359913536e-05 0.000512144246022217 0.00374755334341899 3.04141000924574e-05 0.00374652284663171 0.00939400382339954 0.000828200072282925 8.07702821475687e-05 2.08568755169836e-05 2.83926833617443e-05 1.44623472806416e-05 2.32179399972665e-05 2.80267979178461e-05 2.25419066282484e-05 1.3801124305246e-05 0.00110296400380321 1.70887588865298e-05 1.66133757375064e-05 9.93809585452254e-06 0.00698771926690824 0.0049516795668751 2.31035999604501e-05 0.00010608645479806 0.00410597266163677
0.000236626915284432 0.11041426435113 0.0755149010568857 0.00884198190178722 0.0208601891994476 0.0104448619298637 0.0239882535301149 0.0102892600931227 0.00860743192024529 0.0242026708088815 0.000105470128983143 9.72838572124601e-05 0.000227193816681392 0.000330654906429118 0.000220725835242774 0.00636007857974619 2.71254332346871e-05 2.73916574769828e-05 2.19535728774645e-05 1.67349872299383e-05 7.27203972928692e-05 0.00213714357814752 9.07521803128475e-06 0.00930640628794208 0.00597369999159128 0.009205663704779 4.88648070131603e-06 2.44841195126355e-05 0.000382806416018866 0.0010402851505205 1.75047671064021e-05 1.93191202015441e-05 9.49191371546476e-06 8.23034447421378e-06 7.7945152384018e-06 0.00116038303240202 0.00212543649831787 0.00106912910123356 1.35659212674e-05 7.56375511627994e-06 0.000234763596017729 6.10247891017934e-05 0.000759766034025233 0.000565219248528592 0.00308356632012874
-9999 0.0293551455717534 0.328307548165321 0.0598269928246737 0.0146727222483605 0.00960948853753507 0.0200402478687465 0.0163578606210649 0.0456359764561057 0.0115861052181572 0.00273349232738838 0.00286675406387076 0.00642353044822812 0.0197882590815425 0.00726280021481216 0.0112478175666183 0.0202677768655121 3.08176357521006e-05 0.000136229222698603 3.28830141370418e-05 1.8463324613549e-05 1.29561376070342e-05 6.81150919263018e-05 1.6353509045075e-05 0.000147293382906355 4.70653067168314e-05 1.55598947003455e-05 1.51286714299204e-05 1.60811657224258e-05 0.000361560622695833 8.37426298403443e-06 1.19531963036934e-05 1.4689904332954e-05 1.4349029333971e-05 7.94661269765129e-06 1.35632410319886e-05 0.00198393513564952 0.000945611955830827 1.37797020443031e-05 5.82569936113941e-06 1.81047166734061e-05 8.50800083753711e-06 6.18938865954988e-05 0.00117640005482826 0.00422845917346422
0.026517766341567 0.0566550385206938 0.0517046373337507 0.0599945722147822 0.0116924358531833 0.021073389891535 0.0112312342971563 0.00387995229102671 0.00018575102876639 0.00257863641018048 0.00842946786433458 0.033925748243928 0.00626172758638859 0.000303635862655938 0.00571969104930758 6.54171557471273e-05 0.000113601370321703 5.13332239279407e-05 4.34546757787757e-05 3.17499921948183e-05 0.00211303940741345 0.000728801908553578 1.27056052633634e-05 2.93879106720851e-05 0.000633577864209656 0.000328036876453552 8.2301773772997e-06 1.28716102153703e-05 7.86850660006166e-06 5.8400062016517e-06 1.19223790079559e-05 6.82810859871097e-06 6.22786890289717e-06 7.56031779474142e-06 2.09057235679211e-05 1.50092308103922e-05 0.00541312521090731 6.14496988191604e-06 5.41411068866182e-06 8.67406431552808e-06 4.24903572593394e-06 0.0013593392301118 0.00417025758652017 6.13326582424634e-05 0.00306848220061511
0.0620656240731478 0.0161418938077986 0.0184020734392107 0.000799050580826588 0.0106695623602718 0.000149189618605305 0.000380737819796195 0.000499533191759838 2.09686192192748e-05 5.04820480273338e-05 4.78028196994273e-05 0.00525096857454628 0.00664274557493627 4.03279945203394e-05 6.13981543210684e-05 2.93911630251387e-05 0.000107952330654371 3.31055761307653e-05 4.83071926282719e-05 0.0269029336050153 5.71561973629287e-05 0.000139154552744003 2.08620749162947e-05 0.0013360467273742 0.00157838261802681 0.00282848799834028 0.0029217702744063 0.00313227032893337 6.0023224023098e-06 1.44121613629977e-05 7.42000779609953e-06 7.41496178306988e-06 8.04811397756566e-06 4.79586617530003e-06 1.70780259168168e-05 1.56420220037035e-05 2.67364480350807e-05 1.40904823410892e-05 1.99944327732737e-05 1.30148557673238e-05 1.21670776934479e-05 5.17811153599723e-06 0.00471461021807045 0.00398253274033777 0.0052337626053486
0.0293643817305565 0.018345731543377 0.0151933991815895 0.00829993216320872 0.0237969370558858 4.26568211878475e-05 0.0067696891259402 0.00759686115197837 0.00446995757520199 0.0131248872261494 0.00423304941505194 0.0048275186913088 0.000157997101996443 1.74616057392996e-05 0.0261893265880644 3.7289106148819e-05 2.38613473356963e-05 3.3606058514124e-05 5.66315191463218e-05 2.20725269173272e-05 2.11042124647065e-05 1.57263119490381e-05 0.00402615425409749 7.08058541931678e-05 2.12462871786556e-05 1.25934571769903e-05 9.38351431614137e-06 1.06670531067721e-05 0.00150599562912248 5.66361529763526e-06 1.09622702439083e-05 8.58524755358303e-06 8.37858710838191e-06 1.16063856012261e-05 6.6828890112447e-06 1.37059439566656e-05 6.51072107302753e-06 7.09618534529e-06 6.62103517470314e-06 0.000672995604691096 5.50198614064357e-06 6.14175310147402e-06 1.16221686312201e-05 0.000853700068546459 0.00439127217396162
0.011491994606331 0.00748492923448794 0.000186284508527024 3.7150847765588e-05 0.000311578264518175 3.1004295215098e-05 3.20130606723978e-05 0.00410009652841836 0.00429243980906904 4.93112253025174e-05 4.38625012066041e-05 0.00305681381141767 0.000133031225777813 0.0107148991432041 0.000121734513231786 0.000127877918930608 3.05602142361749e-05 0.00014287345293269 3.03986243579857e-05 0.00229179397865664 3.00566678561154e-05 0.000316756663232809 0.0276359763927758 0.00188446566462517 0.00140469711623155 1.35859732836252e-05 1.22850491607096e-05 1.11480919031237e-05 8.5987632337492e-05 1.74043633251131e-05 5.62313637146872e-06 1.13369185328338e-05 7.9848641917124e-06 7.92914360090435e-06 6.25450607003586e-06 1.0758748248918e-05 1.15360827066979e-05 8.94710906322871e-06 1.41421822036136e-05 9.26212742342614e-06 7.21434722663616e-06 5.21201586707321e-06 9.25966412523849e-06 2.20463569746698e-06 7.08517063685576e-06
7.19160732842283e-05 0.000218762128497474 7.42433860068559e-05 5.21702940204705e-05 3.67392452517379e-05 6.06723109740415e-05 0.00178970095439581 0.00360754321445711 6.15901908986416e-05 0.00352350978646427 0.0113661367562599 0.00126422829926014 1.61168880367768e-05 0.00953565959353 2.47822208621074e-05 2.67109923697717e-05 1.9904996997866e-05 2.58953881711932e-05 0.0138168512145057 8.69467256052303e-05 0.013117800350301 0.0178815769962966 0.0290814900770783 0.000177671273195301 1.8692196590564e-05 1.05971313132613e-05 5.36492024139079e-06 3.97317786564599e-06 9.26704490211705e-06 9.01586113286612e-06 5.45910754681245e-06 8.96551891855779e-06 5.32532797024032e-06 7.58026642415643e-06 5.55393980903318e-06 5.37733936880613e-06 1.45609710898498e-05 5.2397985598418e-06 9.95059555179978e-06 1.19233146961051e-05 1.51908571524473e-05 3.19664791732066e-05 1.85623358447629e-05 9.77550994321064e-06 1.68500261452209e-05
7.54600203435984e-05 0.000186653503260459 6.18566487901262e-05 0.0150006428360939 0.000113625404082995 0.000142979129304877 0.00487603209912777 0.0103350813034922 0.00388666715589352 0.002642213832587 0.00178178434725851 0.000166346481637447 0.00149695900036022 0.0048955611884594 1.84545770935074e-05 5.63728312044987e-05 2.19243488118082e-05 3.60378624918667e-05 0.000694672290410381 0.000411774942767806 0.00868475046008825 0.0200023614102975 0.0108725146390498 0.00322462534531951 0.00389093637350015 1.10220212491186e-05 1.25906831726752e-05 1.74083789943325e-05 0.00482025446835905 8.41136393319175e-06 8.43886462007504e-06 0.000972243817523122 5.32932243004325e-05 0.000132713745733781 7.55258217850496e-06 1.24251037050271e-05 1.35665473180779e-05 7.45983023762165e-06 1.03764970617704e-05 4.06304960165471e-06 6.59443851418473e-06 6.95041244398453e-06 3.78372481009137e-06 3.74731099554992e-06 4.63292825543249e-06
0.000738725933479145 0.0152698868419975 0.000394086426240392 0.00198149996576831 0.00984350829385221 4.21015071879083e-05 0.0107261432451196 0.00133674969547428 0.000951500434894115 0.000562944033299573 9.21976111385448e-06 1.24529883578361e-05 1.27418619740638e-05 0.00547033647308126 2.09255483241577e-05 0.00227547689573839 2.15184602893714e-05 0.0102505832444876 0.011483391514048 0.00316681015538052 0.00414026700891554 0.00538922264240682 0.00866405522683635 0.00815426857443526 0.00348951134365052 0.0112275429884903 1.65477073323927e-05 1.35459867578902e-05 1.31523095433295e-05 1.06510736031851e-05 0.00298591388273053 0.00522840418852866 0.00101436641998589 1.06436461351223e-05 3.33654677433515e-06 1.90869090602064e-05 7.47220863104303e-06 0.000972314240061678 0.00230084193171933 0.000795625394675881 1.37077021463483e-05 1.32377561612884e-05 1.66588080446672e-05 7.52991372792167e-05 2.44741906499257e-05
0.0275730036199093 0.0119009665679187 0.0610418084543198 0.000400726289080922 4.64512814687623e-05 6.85928243910894e-05 6.85659077134915e-05 0.000564119611226488 0.000128185295397998 0.0117117820424028 0.00270423432812095 1.0933574151295e-05 1.11241279228125e-05 0.00165164620266296 0.00693087262334302 0.00601517037721351 0.0105433436110616 0.0216415466275066 0.0128147001378238 0.00851019097026437 0.00861087809316814 0.00478086601942778 0.00458538203965872 0.00278748297132552 9.06894623767585e-05 2.52803445619065e-05 0.00160806124913506 4.35235820987145e-05 1.4618217323914e-05 0.000332564550626557 2.32848725318036e-05 1.51954698139889e-05 0.00159383003483526 0.00102534926845692 0.000870211262372322 0.000951951881870627 0.00358565054484643 0.00294451957452111 0.00127709145308472 0.00152718377066776 0.00104433719534427 0.0014308596146293 1.86921722615807e-05 1.16269061209096e-05 2.44261938405543e-05
0.0581248557195067 0.010869182087481 0.0101220921613276 5.41501942279865e-05 6.18901476627798e-05 0.00408521910430863 0.00518202306702733 0.00127398093463853 0.0170828622300178 0.0171702831983566 0.00257071109954268 0.00426536946906708 0.00394448279985227 0.00686777523369528 0.00266443483997136 0.00352875517564826 0.00619862634921446 0.00973336237948388 0.00490875534014776 0.00192007183795795 0.00477118545677513 0.00344773747492582 0.00277773460838944 0.00936303650960326 0.00383477173745632 0.0026062156422995 6.23811956756981e-05 0.000618266357923858 8.92186271812534e-06 0.00114852815167978 0.00537765985354781 0.00231728837825358 1.93771366411966e-05 4.51543985036551e-05 0.000928283634129912 1.38997615295011e-05 0.000703287791111507 0.00238412554608658 0.00158444231492467 0.00112052045878954 0.000738774752244353 0.000916311208857223 0.00239935079589486 0.00214985843049362 0.00162204256048426
0.0192478600889444 0.013697197381407 0.0106225868221372 0.0161965640261769 0.000180913291842444 0.0162865350022912 0.016615937021561 0.0029892556660343 0.0026653082401026 0.0093506459146738 0.00630100560374558 0.00347903737565503 5.70560550841037e-06 0.00310248107998632 0.00227818671264686 0.00467127395095304 0.00506861263420433 0.00999297602102161 0.00874771574744955 0.00136634857626632 0.00728015180211514 0.00465180811006576 0.0046811384614557 0.00431354437023401 5.12651332428504e-05 1.89245242836478e-05 0.00208489460637793 0.00290171846281737 1.95242698737275e-05 0.000248017955163959 0.0017632452188991 0.00490490033989772 0.00099773149122484 2.44528358052776e-05 1.21155740771428e-05 0.00344080695649609 0.00552279718103819 0.00122101810993627 0.000626393663696945 0.00153130144462921 0.00212112991139293 0.00180359836667776 0.00203779507428408 0.00107022602460347 0.00135160216595978
0.0276228804141283 0.0223931588232517 0.0200180669315159 0.0168508999049664 0.0160257883369923 0.0154988411813974 0.0164145966991782 0.0145433215424418 0.0244502869434655 0.00658689546398819 0.00192512746434659 0.00363042331882752 1.21189385708931e-05 0.00209049400000367 0.00124966003641021 0.000672322555328719 0.00163547921692953 0.00175455223652534 0.00697897460777312 0.00411597399506718 6.24050889200589e-05 0.00836245133541524 0.0133546238997951 0.00236984530929476 3.53160847225809e-05 3.98794582906703e-05 2.49570953201328e-05 0.00688285130308941 0.00805348600260913 0.00293720866320655 0.00226887091994286 0.00468148103682324 0.00151785382768139 0.00167065141140483 0.00134069169289432 0.00199985587969422 0.0097087525529787 3.03990600514226e-05 0.0016190373164136 0.00199173232540488 0.00189756295876577 0.0015555850288365 0.000976888806326315 0.00152919180691242 0.00138120251940563
