Human_pop_density.asc
NCOLS 642 
NROWS 378 
XLLCORNER -19.0000644 
YLLCORNER 18.9999684 
CELLSIZE 0.1666666 
NODATA_value -3.4e+38 
[rows 147 to 167 of 378, columns 528 to 575 of 642]
0.728378625959158 0.728411969840527 0.728378625959158 0.728350683748722 0.725023012533784 0.728378625959158 0.728378625959158 0.663631182003919 0.728243229016662 0.973161509037018 1.1448359797895 1.16573175340891 1.17546814858913 1.16578511655331 1.16573175340891 1.1617961025238 0.911586987571791 0.900329925164115 0.842675727846899 0.806348072250839 0.93821030780673 0.906304263234488 0.850834804948609 0.78370528051164 0.829410557023948 0.841038191616535 1.07664531225339 1.97019565045834 2.15860147476196 1.44193847104907 0.721757866442204 0.721790907979012 0.721757866442204 0.721757866442204 0.721790907979012 0.721757866442204 0.721757866442204 0.721790907979012 0.722245845645666 0.748182598799467 0.847426327764988 0.976193885989487 0.222737552113831 0.171475479453802 0.171467629820108 0.171467629820108 0.171475479453802 0.171467629820108
1.15751633748412 1.31848969951272 1.07700597584248 0.810243296921253 0.731707410514355 0.731673914939165 0.731673914939165 0.731707410514355 0.824260774105787 1.41095563560724 1.29521253615618 1.78453324496746 1.70357135236263 0.843517121225596 0.681510252207518 0.556992508471012 0.520677031576633 0.524285846799612 0.542467582374811 0.562198457717896 0.581882039904594 0.601595087945461 0.62134121671319 0.545510553692584 0.599572246718744 0.675154078737833 1.73611096863926 2.02000959642231 2.03005111561157 2.07027950838208 1.46485245779157 0.975686734318733 0.725023210793734 0.725023210793734 0.725056402981281 0.729432516843081 0.919722387939692 1.14543436020613 1.19563129350543 1.21000452637672 1.21005991816521 1.21000452637672 0.951027902774513 0.469379796087742 0.442492274418473 0.41562211137265 0.38876439101994 0.361866336204112
2.01139866113663 2.01149074554443 2.01139866113663 2.00319156974554 1.318745316118 0.984727525562048 1.14675618201494 1.43849669083953 1.99835401520133 2.07875622808933 2.07419967353344 2.07875622808933 2.07875622808933 1.80826925680041 0.865854765325785 0.523017560690641 0.523041504919529 0.523017560690641 0.523017560690641 0.523041504919529 0.523017560690641 0.523017560690641 0.523041504919529 0.523017560690641 0.523017560690641 0.568265655487776 1.86045130670071 2.17617259919643 2.09892188754864 1.63644562929869 1.9475295877796 1.20274247543246 0.72831563949585 0.72831563949585 0.728348982334137 0.986866465061903 1.21549929380417 1.21555494070053 1.21549929380417 1.21549929380417 1.21555494070053 1.21549929380417 1.21487244307995 0.906114408373833 0.864073067903519 0.864073067903519 0.864112626314163 0.864073067903519
2.02042857408524 2.02052107095718 2.02619091153145 2.12434733510017 2.15410448133945 2.14815077483654 2.11670935451984 2.10203048527241 2.08904441177845 2.08808855116367 2.08818414092064 2.08808855116367 2.08808855116367 2.08818414092064 2.07402983784676 1.24475301682949 0.525389633774757 0.525365583598614 0.525365583598614 0.525389633774757 0.525365583598614 0.525365583598614 0.525389633774757 0.525365583598614 0.525365583598614 1.36000491634011 2.18541654616594 2.1456571751833 1.21580627843738 0.83299953892827 1.06101859824266 19.7821567426482 46.9994956741296 0.690643322723336 0.731618795692921 0.844727622717619 1.22095613479614 1.22101202726364 1.22095613479614 1.22095613479614 1.22101202726364 1.22095613479614 1.22095613479614 1.01574704781175 0.867952226102352 0.867952226102352 0.867991959452629 0.867952226102352
2.02939478456974 2.02948768734932 2.03045244038105 2.15686116099358 2.1651864862442 2.16508737206459 2.16508737206459 2.1651864862442 2.03676929908339 2.05404153851792 2.09745105862617 2.09735504686832 2.09299953192472 2.07722242921591 2.06099742054939 1.24221884846687 0.527721195816994 0.527697038650513 0.527697038650513 0.527721195816994 0.527697038650513 0.527697038650513 0.527721195816994 0.527697038650513 0.527697038650513 0.58773237362504 1.55515300065279 1.63732069090009 1.20539202734828 1.03130327090621 0.757938670814037 0.735069958269596 0.735036308318377 0.658333222330548 0.734865566790104 0.776063845604658 1.45277204811573 1.51764396309853 1.51963590234518 1.52169724673033 1.52382836997509 1.52581996709108 1.5278812494874 1.29708964452147 0.87180400043726 0.87180400043726 0.871843910217285 0.87180400043726
2.63878248230547 2.77824291646481 2.62571307420731 2.37578728914261 2.18383203089237 2.1747340798378 2.1747340798378 2.11408286042511 2.26279913946986 2.53400991141796 2.84579747915268 3.15400100708008 2.57213070333004 1.94453405380249 1.94444504380226 1.78850900560617 0.759300415664911 0.865442737936974 1.04714100793004 0.658903273195028 0.5300482198596 0.5300482198596 0.530072482824326 0.54169571518898 0.990491162985563 1.60021343663335 1.71123135834932 1.71123135834932 1.71130969107151 1.71123135834932 1.39508759662509 1.7822069914639 2.42981668233871 2.89902008424513 2.81528414577246 2.31665147945285 2.18167129158974 2.18177115917206 2.18167129158974 2.18167129158974 2.18177115917206 2.18167129158974 2.07152864918113 1.05580806717277 0.875688371807337 0.875688371807337 0.875728457868099 0.875688371807337
3.41428667426109 3.41083449006081 3.41067835986614 3.41067835986614 3.33862092852592 3.08316699504852 3.08070313990116 3.30900069355965 3.40989136517048 3.30930576865794 3.39415562570095 2.56681676000357 1.95797340631485 1.95309887111187 1.90880142382812 1.95300946980715 1.88514771785238 1.95300946980715 2.01248070478439 2.23540174528956 1.78520833715796 1.26799421921372 1.77424869254231 2.01708668246865 1.71876854300499 1.71884722471237 1.71876854300499 1.71876854300499 1.71884722471237 1.71876854300499 2.14809292644262 4.28286126613617 4.1586180151999 4.23977801665664 3.01480736274272 2.19128063619137 2.19128063619137 2.19138094305992 2.19128063619137 2.19128063619137 2.19138094305992 2.19128063619137 1.84661158397794 0.931823092103004 0.87954538539052 0.896096529662609 0.943385162949562 0.87954538539052
3.4255274951458 3.42568431138992 11.3836130315065 17.0252833330631 3.42568431138992 3.4255274951458 3.42711936473846 3.42802700281143 3.42787007689476 3.42787007689476 3.42802700281143 3.17228750914335 1.99226544290781 1.9116923301015 1.95148011330515 1.87521503025666 1.58779117954895 1.64794949527131 2.34129089619964 2.62798557758331 2.62786527872086 2.62786527872086 2.62798557758331 1.97185318559408 1.72625160366297 1.72633062779903 1.72625160366297 1.72625160366297 1.72633062779903 1.72905062794685 2.29778998315334 4.30150757551193 4.30131067633629 4.28844593763351 2.78522319868207 2.20082080662251 2.20082080662251 2.20092155814171 2.20082080662251 2.20082080662251 2.20092155814171 2.19126588821411 2.13575606793165 1.82834976479411 1.63100308746099 1.81495501756668 1.79470492842199 1.49090821455888
3.44050456881523 3.06948782221254 78.3402256329171 58.3314943099022 3.44066206455231 3.44050456881523 3.44137552320957 3.44301508188248 3.44285748004913 3.44285748004913 3.09445909764385 3.06852701932192 1.97008847147226 1.96899095863104 1.88722102481872 1.21077603893109 1.13619566882098 1.23038576424558 2.2850974322285 2.63947562932968 2.48918495107442 2.5314695359394 2.6371664339304 2.2127383095026 2.1280896601174 2.21539822693914 2.41440800011158 2.52944911122322 2.92819236695766 4.03993642777205 4.32011705636978 4.32031481266022 4.32011705636978 4.18951782896183 2.7529876375827 2.21044333875179 2.21044333875179 2.21054453015327 2.2097878909111 2.04852412760258 1.77972007958684 1.78263046830893 1.54924902456114 1.77732840180397 1.83594568103552 1.85825926065445 1.85834432601929 1.85825926065445
3.25022289991379 3.26758252124535 4.20728046569973 3.45537424385548 3.45553242087364 3.42180166780949 2.99819877505302 2.86640861213207 3.0087255012989 3.0994480073452 2.45340048571117 2.02726878494024 1.82500750482082 1.83912664055824 1.85308083325624 1.97081376343966 2.00513702839613 2.40364577919245 2.65076155424118 2.65088332533836 2.65076197683811 2.65076197683811 2.65088332533836 2.70164734005928 3.04899410426617 3.15058869600296 3.15044447183609 3.15044447183609 3.25434255540371 4.3323959261179 4.33878831863403 4.33898693561554 4.33241079211235 3.6347752796975 3.34663030012045 2.62117941737175 2.45597861945629 2.38813596308231 1.90908519566059 1.78492819815874 1.78500991046429 1.78492819815874 1.76640122517943 1.80907185316086 1.79640250946744 1.8662906229496 1.86637605905533 1.8662906229496
3.44842151641846 4.05866483911872 4.20137234210968 4.16866510748863 4.12710948348045 2.9249637824297 2.40051307380199 2.40062296509743 2.40051307380199 2.32815056890249 1.92060360640287 1.5786088122941 1.69476178735495 1.73962594211102 1.73954630643129 1.82761777460575 1.89360483437777 2.28909220963717 2.66208566427231 2.66220752716064 2.66208566427231 2.66208566427231 2.66220752716064 2.67444643437862 2.91839018987226 3.14352662950754 3.16390263736248 3.16390263736248 3.16404748082161 3.37069622181356 4.24276426658034 4.50724410407245 4.45664078839123 3.96804685235024 3.52078882932663 3.5201917886734 3.31979221999645 1.90029800951481 1.79255317002535 1.79255317002535 1.79263523042202 1.79255317002535 1.68977776593994 1.81076929709547 1.72747252665868 1.87426308989525 1.87434888958931 1.87426308989525
4.02861666291952 4.08131897182204 4.22626581788063 4.22626581788063 4.22645927190781 2.57205313652754 2.41081368327141 2.41092404842377 2.41081368327141 2.40839864909649 1.87457380473614 1.7470106869936 1.7470106869936 1.74709066271782 35.8692669379711 1.7470106869936 1.74709066271782 1.96042104870081 2.65162060439587 2.6704303497076 2.28620360329747 1.9706375464797 2.43814912363887 2.98166787207127 3.1774789839983 3.17762444138527 3.09339259782806 3.32152932922821 4.07429751526564 4.90400989659131 5.15337775349617 5.15361366510391 4.82553632497787 3.8043748998642 3.53545875787735 3.53529692292213 3.53529692292213 2.50435018181801 1.7865575876832 1.79801553070545 1.80032739937305 1.79998012691736 1.7957170176506 1.83111822515726 2.11269658595324 2.30441248118877 2.4160780236125 2.52748556047678
3.91594488084316 4.04647711711936 4.14255435585976 4.17927327394485 4.24079372048378 2.54444622218609 2.27960240127519 2.42114992856979 2.40742636531591 1.98783342897892 1.77113749176264 1.75442063957453 1.75442063957453 1.75450094997883 1.75442063957453 1.75442063957453 1.6942373550497 1.75442063957453 1.60845354512334 0.967280109524727 0.705058971047401 0.705058971047401 0.706379904299974 1.23405141934752 2.17566893938929 2.17735664863139 1.34869949713349 2.09615820094943 2.86615410521626 3.86298251464963 5.17523573637009 5.17547264575958 5.16507877290249 4.22574491322041 3.55045436501503 3.55029184520245 3.51879369050264 2.01057241141796 1.77966060191393 1.78324554234743 1.7864386588335 1.78100718379021 1.77966060191393 2.44485452830791 3.03709925547679 3.32962346374989 3.32977588772774 3.32962346374989
3.53162405371666 3.51983434915543 3.37082238174742 3.51967322826385 3.65303834617138 3.0200096846791 1.8915555938525 2.46824029803276 3.08162823438644 3.20823458045721 3.59760623455048 2.07453443944454 1.83047753721476 2.27915637612343 2.77376982152462 2.52353797733784 2.39057473391294 3.46591868132353 2.7044228592515 0.904285287559032 0.708014605939388 0.708014605939388 0.708047017455101 0.702171166427433 5.3979889234202 14.4101973510534 1.46245952382684 0.707888086140156 1.51633177354932 3.57562036886811 4.94461314107175 5.62204579591751 5.04878553152084 4.53572986066341 4.0692405205965 3.80282828629017 3.79557942986488 3.14478768855333 1.78712103068829 1.78712103068829 1.78720284104347 47.0523573616147 29.2866462871432 1.90013147801161 3.20170875430107 3.3435814589262 3.34373452067375 3.3435814589262
3.53449759185314 3.53465938687325 3.80253666996956 4.0342373752594 3.57294854283333 3.31141753918491 3.65000061700819 4.0449157088995 4.22651802301407 4.22651802301407 4.22671149730682 3.9929400870204 3.10755064414196 3.98139067398384 2.99680371726863 3.32720619678497 6.30522463321686 6.68965415358543 6.68965415358543 6.37255105674267 1.77461883023381 1.51132607042789 1.97074729859829 17.2731582376361 180.219689292461 675.379813072085 555.128418025374 82.932950694263 6.20960724800825 6.44638780087233 6.83196228742599 6.18410842776299 12.8713121569157 34.2752766656876 19.7411275339127 8.0395654129982 4.19458796262741 4.20559240996838 1.93636608988047 1.79464812874794 1.79473028063774 4.13607027441263 1.79464812874794 1.79473028063774 2.29801772087812 2.80167695701122 2.82580783247948 3.19803071737289
373.048683838248 178.730961915851 4.64334686338902 4.51409603178501 3.90492081224918 4.09200131813064 3.99703168150038 4.02464371419512 4.19021803814918 4.10498369039909 4.17972895928309 4.13007613882655 3.31873253850266 49.4152784080803 22.8645207726955 3.75724075213075 6.34254747546802 6.71750311851501 6.71750311851501 5.61706380188465 3.64508269548416 3.59311148822308 3.57847057551146 37.8496612237394 33.1035959801078 447.570714186439 940.843642845154 137.216624907963 2.5050527305901 5.56570832058787 6.75635229408741 6.86071767807007 6.23374509811401 5.70528519332409 3.69618016183376 3.12582528889179 3.11002740383148 3.24207848548889 2.66729326695204 1.84377459287643 1.80220174372196 1.80211924761534 1.80371174901724 1.92147543400526 2.2309045407176 2.1368109679874 2.09506839365698 1.53158981488552
24.1031990027428 30.1177624040842 4.62022330343723 4.02457878394111 3.84898744821548 3.87915080888197 4.15487144529819 4.22098592340946 4.2596129822731 4.16951277911663 4.16884444713593 4.21325221955776 3.71324918806553 3.25355001628399 3.2639602959156 3.26260387420654 4.8460912936402 6.74514066576958 6.50535620331764 3.75904793977737 3.72187844157219 3.85333193838596 3.98492683291435 4.7880800896883 7.14332361295819 8.05587936401367 24.6755303676426 5.32244343742728 3.12715571187437 1.05385768964887 4.44830895125866 6.60129407465458 5.26973799586296 4.11812742471695 3.14140646159649 3.12091036736965 3.12091036736965 3.12105323433876 3.12091036736965 2.88140338718891 2.07090790778398 2.07565992444754 2.20784630805254 2.13047322990875 2.1844136490213 2.17022862100508 1.13342752647586 0.557871379829958
4.324402333498 3.93223656594753 4.01516506612301 3.86267646431923 3.8623216342926 3.86214483380318 3.89889417648315 4.12569009423256 3.71941375613213 3.20450252532959 3.1926311981678 3.19450572669506 3.0953322075092 3.43554784238338 3.40148500323296 3.65034191325307 3.15988348052371 5.37355002760887 6.2232627415657 5.29383790493011 5.23870825171471 5.23870825171471 5.23894806146622 5.2306367623806 8.73300619006157 10.8440003168583 6.80707236409187 6.61856448054314 6.47494942724705 5.97854262456298 3.68677322626114 2.49183218304068 4.11021351069212 4.21182968378067 4.16838655591011 3.69607648551464 3.13597428500652 3.13395773530006 3.13381427824497 3.14427490592003 2.63229279339314 2.26050286494195 2.24573041192994 2.26507341384888 1.78499358501576 2.2649697303772 2.13172022023238 2.1532076479448
3.89997473657131 3.87810499310493 3.704740604572 3.87792748510838 3.87810499310493 3.87792748510838 4.32353051185608 3.52589086472988 3.19672600328922 3.19672600328922 3.19687233090401 3.19672600328922 3.22088290572166 4.09687903165817 4.4652287364006 4.4652287364006 4.46543312549591 4.4652287364006 4.32187019884586 5.12958716452122 5.26011611223221 5.26011611223221 5.23538047075272 4.78563044786453 5.77981489181519 10.592694464922 8.01894786953926 6.58764304041862 6.41535270690918 6.21289352178574 6.64561128020287 6.57444870710373 4.9005323426798 4.04273056343198 4.13092403411865 4.1307349562645 4.07547989010811 4.0939517480135 4.11745986938477 3.95994310490321 2.70732534861192 2.25723573373631 2.11004035135731 2.23036040168256 2.20692131090909 2.27078676402569 2.29264766156673 3.08399943876313
3.90785241961479 2.40514696328028 3.74862465751901 3.89358785748482 3.88250229775906 3.66779135294491 5.11429189324379 4.78077336370945 3.87137309666723 4.29818236291409 3.62843632936478 3.20963544547558 3.8213730853796 4.42794566273689 4.39260316133499 4.48326088786125 3.86175270557404 3.54352045178413 3.54426009893417 3.01459403336048 5.11385076165199 5.17939942240715 4.7786609005928 4.61639938950539 4.61639938950539 4.73754264950752 5.50648746132851 5.54965459704399 5.54990863084793 5.58316110253334 6.0151955473423 6.3597431576252 6.16819689154625 5.67188141197898 4.3691981728375 4.1474161028862 3.88558334853034 4.02937619742006 4.02914345080731 4.12381025090814 2.79052628466394 2.27378042161465 2.25636591613293 2.15361341588199 2.15090634872206 2.21991019487381 2.40849847197533 3.58550501391292
3.60475365459919 3.37186359543121 3.71895524680614 4.06209468185902 2.52076635223813 2.03886836292053 4.1259805688262 5.05318076372147 4.85336700201035 4.21946166813374 3.643178409338 3.16251932024956 2.36839290499687 2.27222798953764 1.85476891955361 2.96947054624557 2.55027103245258 1.92648762260003 2.32606312191114 2.2948982822895 3.49254204034805 3.67400972485542 2.73288104355335 3.10692441821098 4.38691392302513 4.91332520723343 5.52068114161491 4.95354008495808 4.75551942408085 5.27419847726822 5.44122990012169 6.12051896929741 6.17907260656357 6.17907260656357 5.95544869063422 4.49443548617302 4.16425219774246 4.16444283008575 3.73139193236828 2.6347891301295 2.34261160373688 2.22665760815144 2.22665760815144 2.22675953507423 2.49770840406418 3.68922979474068 3.80347874104977 3.89834235310555
