Human_pop_density.asc
NCOLS 642 
NROWS 378 
XLLCORNER -19.0000644 
YLLCORNER 18.9999684 
CELLSIZE 0.1666666 
NODATA_value -3.4e+38 
[rows 210 to 230 of 378, columns 336 to 383 of 642]
4.47359741717577 -3.4e+38 -3.4e+38 -3.4e+38 -3.4e+38 -3.4e+38 -3.4e+38 -3.4e+38 -3.4e+38 -3.4e+38 -3.4e+38 4.03284949421883 5.49034177541733 5.51387434005737 5.51400055408478 5.51400055408478 7.50865450978279 11.8884737078846 12.2751402425766 44.1231640648842 26.7916832542419 8.98858635425568 9.32826053380966 9.20533311605453 9.78216235160828 9.2956678750366 10.7593956137716 13.4331594995596 13.1671376156807 6.77173198699951 6.71047197818756 6.55057690143585 5.12847588300705 5.10908225178719 5.1089653134346 5.10908225178719 3.57353526175022 2.18092986404896 2.25319897770882 2.65873098492622 2.65867012739182 2.65873098492622 2.62988029405475 1.51822950467467 1.29837944954634 1.41070296987891 1.43048438429832 1.39764377236366
-3.4e+38 -3.4e+38 -3.4e+38 -3.4e+38 -3.4e+38 -3.4e+38 -3.4e+38 -3.4e+38 -3.4e+38 11.7649461722374 15.1860080552101 9.3934993493557 5.53100372195244 7.63466661095619 14.0565454602242 14.291365250349 14.7623957169056 14.8246934461594 12.0230281352997 22.4999965882301 15.0345390987396 9.46611069917679 8.90605254173279 9.94169940948486 10.1970510959625 10.0069925141335 9.50660840004683 10.3544724420323 12.9817647737172 8.0416382932663 6.73116448760033 6.73101042509079 5.92940040230751 5.36745119690895 5.12621361851692 5.08584862947464 5.12483674645424 4.52303264856338 3.17516415476799 2.99300387084484 2.81018577873707 2.59489644303918 1.38136152893305 0.850638754665852 0.850658224970102 0.862395624220371 0.9667007394135 1.03817365780473
-3.4e+38 -3.4e+38 -3.4e+38 -3.4e+38 -3.4e+38 8.99142651081085 10.2369105577469 82.2167146086693 28.3605220615864 14.4533033299446 15.3743236470222 14.4030938732624 15.3397904288769 16.8920982146263 15.8044068285823 15.6903954693675 16.2660470938683 16.3424889564514 12.6752350831032 8.93376336097717 9.29136820316315 17.4082487416267 15.8296731686592 10.5085732102394 10.2287789392471 10.0447123241425 11.965232064724 44.8337529339641 8.84145667341538 7.40227958140895 6.03105545136845 6.07779372592573 5.72698213978147 6.51859168571536 6.57816923975945 5.05602252602577 4.4449759542942 4.47695243835449 4.28523497581482 4.28523497581482 4.28513689041138 2.81245598822832 0.853305010050535 0.853285478055477 0.853305010050535 0.853305010050535 0.853264280408621 0.833198079913855
-3.4e+38 -3.4e+38 -3.4e+38 -3.4e+38 -3.4e+38 -3.4e+38 7.37634642362595 11.0162427985668 11.2164049887657 14.701572740078 18.1461869859695 19.1145119905472 18.4067282629013 19.2946017217636 19.9635698747635 18.701436612606 15.8009968197346 16.7976479756832 17.4982079076767 14.0909619736671 14.2574667668343 17.6291151952744 16.3385853767395 10.2601864290237 10.0293481642008 9.62651200830936 36.4172656913102 99.3692900419235 9.44003486633301 9.02131143305451 8.04824738144875 5.07665544986725 4.27957189644883 2.74501862803532 4.42752569206525 4.65424961344572 4.204102460742 4.2982945561409 4.29839293122292 4.29839293122292 4.03383503377438 2.30098377093673 1.39026115775108 60.6774584957957 6.25812684774399 0.855925113856792 0.847407584786415 0.828860905319452
-3.4e+38 -3.4e+38 -3.4e+38 -3.4e+38 -3.4e+38 -3.4e+38 -3.4e+38 -3.4e+38 7.48262419260544 16.3922408007912 20.9039172148868 22.0628659749031 22.6344046545029 23.630184173584 23.6307250213623 23.5991149091721 19.3221802663803 18.4290040028095 18.5382174897194 17.9737933987379 15.1685503530502 14.2140139865875 15.3229565620422 13.2481870007515 11.7977190351486 11.933046412468 11.9210902357101 9.90823782444 9.46863486766815 9.53537667989731 9.84708235383034 5.41608724355698 4.09524787739222 4.41821211006958 3.64535000419943 2.79471817521437 2.13084702004533 3.57691022966988 4.30928073823452 3.51380372941494 2.37686213046312 1.45861481562257 1.96096765398979 141.402803297192 12.8740466085076 0.870885459184647 0.835447875410318 0.831372088044882
-3.4e+38 -3.4e+38 -3.4e+38 -3.4e+38 -3.4e+38 -3.4e+38 -3.4e+38 79.7222294272015 2.47599872319668 14.0575207658485 22.1182534882426 22.1866004776955 22.3497741031647 23.1231555417925 23.1421846473217 22.0285987234116 20.4691624164581 20.4696309232712 20.439626159668 18.7865248727798 13.2229968571663 12.3543716526031 12.4509386491776 15.9511333537102 14.4512461352348 11.9695350408554 11.9698090004921 11.707116458416 10.3453823709488 10.0465394496918 10.0645476663113 6.59485387563705 4.86068449258804 5.06699396729469 6.51514565110207 7.53448271155357 6.25560251451243 3.48970493886853 2.27843213441258 2.27988176450133 2.33510982990265 2.33516327619553 2.33516327619553 1.50860629320145 1.1732608447969 1.2134296926856 1.00081373587251 0.835718800127506
-3.4e+38 -3.4e+38 -3.4e+38 -3.4e+38 -3.4e+38 2.23908332376959 3.93487655803561 3.74651284159452 5.10170674845576 6.55790468335152 19.3035736131668 19.9711059750617 22.2576043891907 22.2094076299667 22.1158417654037 20.6373945713043 20.3738830089569 19.8057651948929 102.122385792732 53.8317095565796 16.800741918087 13.0683052277565 12.0221882820129 12.9732684922218 16.4677557659149 13.0538300776482 12.8280924844742 12.8931577754021 12.6725055193901 12.2967731142044 9.28082243204117 7.00936377644539 6.46057292280602 6.99590671658516 7.1478385078907 7.4516185426712 7.56522854208946 7.57956304550171 6.63287158995547 5.10999440496787 3.51244493365288 2.35456302881241 2.30525748617947 1.61952046722174 1.24194499909878 1.24194499909878 1.23164585798979 1.21094839647412
-3.4e+38 -3.4e+38 -3.4e+38 -3.4e+38 -3.4e+38 5.93953879088163 7.90291975821252 4.07361984357219 5.60614359636093 8.38879742264748 19.9169774127007 22.7472327041626 19.9130474749207 20.9429728794098 29.4114516353607 23.3816092538834 19.8260409832001 19.7527089500427 46.7557745409012 30.320984749794 18.9220783615112 14.7661393165588 12.0579740524292 12.7472094511986 15.2245356535912 13.3929587674141 13.2099924325943 13.0264223598118 12.7280594878271 12.5190468883514 10.3363287389278 7.05087824463844 7.03162657856941 7.03162657856941 7.03283468365669 77.33457914114 7.22084989905357 7.19829977631569 7.60229863524437 7.60229863524437 7.60212463140488 6.80924937009811 3.1870062542893 1.42131041646004 1.24564183741808 1.24564183741808 1.24561332762241 1.24564183741808
-3.4e+38 -3.4e+38 -3.4e+38 -3.4e+38 15.7150109771127 18.6878875422478 18.033082947731 16.5680920004845 17.6877133584023 17.8683884334564 18.263141002655 115.289158854485 48.8582678508759 31.1075962400436 49.0031395673752 30.3968163728714 19.8856204509735 20.2479862594605 20.8541718530655 19.571103605777 9.81014430597424 10.4892805208266 2.03346474900842 6.10607185274363 13.8601681017876 37.4935582280159 13.2908065056801 15.567881333828 14.077498755455 12.1351496529579 11.8420164167881 10.017446180582 8.43914962768555 7.9318569290638 7.67627966403961 7.33139381766319 6.8634582555294 6.73306219816208 6.84821531057358 6.58341589808464 6.31860932707787 6.09806930065155 5.88957141041756 2.43095224724151 0.974997582942488 0.94754414545183 1.24935656487942 1.24938516169786
-3.4e+38 -3.4e+38 -3.4e+38 10.8204273235053 15.789940418459 19.2260335445404 17.0526005506516 15.3808992862701 15.4465109395981 17.5798228764534 17.9411444807053 18.0061001968384 22.2030296230316 43.280492105484 266.212697620392 120.778233642578 22.4610038232803 22.8976633930206 24.0706925845146 24.0095020997524 52.0871630690992 244.447964607626 109.081796496212 19.0082596872747 17.862697095871 46.7784039545059 13.1608750009537 26.5949328804016 91.6641276073456 12.7853337645531 12.3328642630577 12.0134838151932 11.506600883007 10.7927130007744 30.2902170705795 49.0768874311447 6.1014410674572 6.22635344982147 6.09226745486259 6.09226745486259 6.09212800264359 6.13414394497871 6.42596697449684 6.41474231541157 5.33138543627225 4.55236944778822 4.31357550352812 2.70174637228251
20.4230392814055 34.1958372196942 88.4866531256831 22.6356124488951 19.8009890556335 25.5250443410873 185.987985992432 50.9956003880501 15.4262358832359 16.1867018198967 20.2214003944397 29.381265206337 25.6981470918655 17.6321105194092 24.244791097641 57.4191846013069 88.29661683321 24.3675975894928 24.1836385464668 24.316801404953 17.06098736763 17.085116314888 20.1517869758606 16.0397362478077 8.8315711428225 10.2288132567704 12.7593429458141 16.1920529801713 20.6301484295726 28.7229519724846 41.0340188886225 3.41650300428271 10.7318954843283 10.8644005417824 24.2666281437874 36.6433107972145 9.95542421936989 9.17985311031341 7.45590273976326 6.91594828009605 8.2443626499176 7.29861985325813 6.44476050496101 6.4446130156517 6.44476050496101 6.38243688583374 5.7949717438221 5.70107356667519
5.81330433753668 35.3371657000837 52.1141365921497 19.3880977034569 12.3205266714096 15.7292171168327 27.1806666183472 12.4257481682301 12.6237916064262 13.0239561343193 127.064794121906 524.224292896837 627.056699159741 233.928633707445 14.8097731992509 24.5000271296257 29.1124462461472 27.1741636323929 22.6817804813385 19.8677629756927 18.5490902137756 17.9192750072479 15.7787406174839 41.9760554307699 225.918622499108 19.5797198796272 10.0505396229029 10.5092881339494 24.4196088428155 687.615960880816 233.856145362854 41.508822824508 11.3209394401312 11.3095825099945 11.0928793406487 10.8562461543083 10.8562461543083 10.8098084998131 90.9858524298668 13.4455273580551 10.7096186852455 9.53582404613495 7.74701286673546 6.4636465549469 6.44483367681503 5.89377589583397 5.71778031587601 5.71791118264198
-3.4e+38 -3.4e+38 115.484290237427 86.0827985334396 32.1379933702946 40.3212106370926 92.9438002562523 63.8584918808937 52.9981284713745 38.9845711748302 99.8782742268345 190.353917337256 95.0935186593514 17.1661218250866 27.6377070317045 26.5063507509232 21.4401291704178 19.1861655712128 22.9100973367691 22.8358828306198 35.5959327363968 122.917759823799 18.5137494198978 19.8557268673182 270.401068870574 69.7716892418265 15.4876263895631 5.00025422081351 0.929401061758399 91.2453571231663 34.8822945442796 0.879311819374561 7.28119035109878 9.95948845148087 13.0426100945473 15.6425636029243 15.8417980217934 10.2735779666901 9.21419039487839 9.76182142972946 10.6434461140633 12.0229627251625 34.1318219041824 19.4076084959507 6.95237604141235 5.73456998109817 5.73443872928619 5.73456998109817
-3.4e+38 -3.4e+38 38.778442029953 135.533315067291 337.886349687576 131.349697896242 10.4185099172592 22.6775120377541 17.5230023318529 13.4431000252068 4.23281584262848 2.13832525461912 19.9004320880771 36.1934898710251 14.8947909367084 17.6960400867462 73.3399024391174 124.390402140617 46.6914500594139 22.8970626544952 25.0313909006119 22.2554224705696 51.1803063797951 13.4021961458027 1.28064028859138 13.7404736241698 17.0944838859141 2.001222589463 23.7987517276406 77.5899220262468 3.81098672971129 1.52785086154938 8.07621828094125 8.93488129138947 12.8935882139206 18.7963431453705 16.2107837820053 9.09121977567673 8.18742609977722 7.99023730307817 8.21728843212128 11.4778166842461 61.0981548035145 76.1317159080505 11.432880769968 6.4839507818222 6.12283641457558 39.521789380312
-3.4e+38 -3.4e+38 -3.4e+38 -3.4e+38 -3.4e+38 -3.4e+38 124.718576725721 9.97219476699829 7.23628363236785 1.06114549890161 0.884440468251705 1.59791219726205 29.7332503736019 19.9936587369442 6.91222612887621 7.52059817165136 17.1957091975212 25.7654743045568 225.641767220497 84.4391235876083 13.1184204483032 14.7616654205322 130.308427371979 13.8346075987816 9.87605993241072 5.03621673583984 13.3581027919054 5.62641142621636 11.3235739026964 384.849251749367 27.4269339980185 7.92493405297399 8.96081500291824 8.96081500291824 9.67081338465214 16.3672568714619 18.8437125015259 17.6354498171806 12.8625045466423 14.5646309685707 9.89516450643539 12.1312806296349 12.170586950779 12.1703553676605 12.1706339502335 10.1741037940979 8.31533370733261 8.33103796243668
-3.4e+38 -3.4e+38 -3.4e+38 -3.4e+38 -3.4e+38 -3.4e+38 -3.4e+38 4.50137558341026 4.5378359913826 5.69924112603068 22.7202959507704 20.7920200543106 12.2449806034565 15.4216350778937 17.8952578768134 53.7404386353493 125.061353253126 8.76267360687256 22.9323138356209 30.4819500088692 12.6171665883064 10.4668591451645 51.2600085520744 26.8162093377113 14.452349922657 15.8496643400192 15.851524169445 16.9056860470772 23.2215953741968 22.1296111935377 3.06520817682147 2.06405717581511 8.60557575345039 8.98646950483322 6.03531999886036 3.39279246091843 5.37829239606857 16.7350075650215 29.8696139621735 30.3449476528168 25.5593402290344 99.1894269514084 12.0419986510277 10.4095872950554 9.14413895845413 8.45897254467011 8.35876300573349 8.35488898515701
-3.4e+38 -3.4e+38 -3.4e+38 -3.4e+38 -3.4e+38 -3.4e+38 -3.4e+38 -3.4e+38 -3.4e+38 -3.4e+38 -3.4e+38 29.9240562820435 33.867730550766 33.923220539093 32.5820840394497 7.05007257461548 1.42105331420898 1.95742691814899 9.87493441015482 12.6570550918579 12.6030432271957 10.5436680340767 10.6441502261162 13.2687113237381 15.0413981413841 15.8959136724472 15.896277487278 16.5769236135483 26.1335436320305 32.798594712168 348.013743372113 0.986656937041807 1.97022590607405 2.23513639479876 2.9126724652946 10.2471458086371 206.592982103229 78.9808842563629 82.5147556877136 43.0340332365036 17.3205028033257 12.0417298150063 12.0417298150063 9.48658482789993 8.46799846887589 8.46799846887589 8.46485557317734 8.30159208536148
-3.4e+38 -3.4e+38 -3.4e+38 -3.4e+38 -3.4e+38 -3.4e+38 -3.4e+38 -3.4e+38 -3.4e+38 -3.4e+38 -3.4e+38 -3.4e+38 16.6496027421951 36.439673242569 27.3900318312645 4.35899356812239 4.37328402370214 7.8554436942935 11.8268034136295 12.6931607723236 11.9111737537384 10.4376554179192 10.4374165296555 9.67361869215965 10.0663871634007 13.2761939930916 15.0501702129841 14.6410903739929 20.4240321874619 101.084622121155 67.8581762240827 0.891978747099638 0.892178319990635 0.892217415571213 29.9674023793638 342.65283749491 728.955707051605 22.3076625433564 80.789096955955 44.8559981584549 20.7838956856728 15.3392271161079 15.7195865750313 10.5575758624077 8.23226664066315 8.25022061824799 8.2679877614975 8.16953111886978
-3.4e+38 -3.4e+38 -3.4e+38 -3.4e+38 -3.4e+38 -3.4e+38 -3.4e+38 -3.4e+38 -3.4e+38 -3.4e+38 -3.4e+38 -3.4e+38 -3.4e+38 -3.4e+38 9.58677631258965 10.6198217824101 9.52162934660912 11.6912445211411 12.3077884364128 12.7238819646835 11.0135955691338 10.4670192623138 10.3656581199169 5.45637559771538 4.72836569428444 4.72825747728348 10.5502782177925 12.7901637482643 18.8021680927277 10.7950847007334 1.20515803873539 0.89443907007575 31.1271019744873 69.2926116120815 356.156595399082 6.97044767543674 14.1296523219347 8.72673360466957 16.9067372666299 60.8385740113258 32.3085872030258 21.1978081274033 22.37484552145 21.5271446633339 10.4759640431404 8.15621164798737 8.15602498054504 8.15621164798737
-3.4e+38 -3.4e+38 -3.4e+38 -3.4e+38 -3.4e+38 -3.4e+38 -3.4e+38 -3.4e+38 -3.4e+38 -3.4e+38 -3.4e+38 -3.4e+38 -3.4e+38 -3.4e+38 -3.4e+38 140.648680815697 61.3137483596802 11.1113911867142 11.1113911867142 11.342141020298 10.310384375155 10.3738017344475 8.37271235942841 4.74148178219795 4.74148178219795 4.74137326478958 8.00751317024231 12.8128902649879 12.4154605197906 10.889263510704 10.6057971327007 8.53619216263294 1.98305418223143 1.22048647969961 9.08953298956156 12.2888741071522 12.7207959985733 12.7272570824623 25.1628955793381 39.9470207810402 25.0890739369392 58.6170558929443 134.005687732697 29.1698723483086 23.7325145888329 81.9314173960686 49.949906001091 8.21491647854447
-3.4e+38 -3.4e+38 -3.4e+38 -3.4e+38 -3.4e+38 -3.4e+38 -3.4e+38 -3.4e+38 -3.4e+38 -3.4e+38 -3.4e+38 -3.4e+38 -3.4e+38 -3.4e+38 -3.4e+38 -3.4e+38 225.668616645336 103.366784257889 11.4081582999229 9.23730643630028 9.78044848799706 9.16400237858296 5.43878157794476 4.75477475166321 4.82259125709534 7.45803560137749 11.3786966073513 12.8488115763664 11.746793346405 10.9197920489311 10.9197920489311 10.9195420980453 7.21532003968954 10.3336045384407 12.7561671733856 12.8048006701469 12.8225193786621 19.0429965575039 33.3703191904724 205.720448309481 111.997087466419 77.9018076515198 95.22977394104 41.5059437465668 29.1398428440094 89.5653584480286 23.0285414218903 21.6998229908943
