Human_pop_density.asc
NCOLS 642 
NROWS 378 
XLLCORNER -19.0000644 
YLLCORNER 18.9999684 
CELLSIZE 0.1666666 
NODATA_value -3.4e+38 
[rows 189 to 209 of 378, columns 288 to 335 of 642]
18.3571768712997 17.2216691112518 17.0532091236114 18.3627590942383 17.7875983524323 17.7438013505936 5.81654344677925 463.898761200309 1258.24883392334 1601.25102338314 1146.84227761149 200.306594240069 7.56710545420647 23.9774441331625 29.0136606264114 21.5679246687889 15.663901216368 17.3627343845367 18.4618861436844 17.6946148777008 18.8744423484802 17.7645724916458 17.6373297977448 14.6314243173599 16.5754255032539 17.3162667703629 28.108490524292 34.7449895310402 23.9852502536774 18.1864329409599 18.2228657913208 17.802580473423 16.3116540551186 14.7025125074387 15.733462896347 30.1808619570732 18.0512997412682 17.1976751756668 16.6034863901138 18.9639689016342 20.3562625026703 18.6441351461411 18.2505892270803 43.1680588781834 49.7015385341644 47.2673281669617 35.6733092737198 104.219441483021
19.5033504772186 19.4307743263245 19.3619798851013 19.2796723031998 19.3686763286591 18.9313217353821 6.89514943897724 204.887569449544 84.2490575689077 223.817013915963 11.3045907978981 26.427434450388 2.87271642923355 23.1125078999996 25.56235632658 22.3843497347832 23.6082954594493 26.4736012268066 23.4576519632339 21.6691334104538 21.7348615884781 21.3251682138443 15.1962360620499 11.4710753750801 12.2824672150612 16.8887580490112 17.3056408715248 15.6330174469948 16.9159833884239 18.2931146144867 18.1065736269951 15.8828832435608 15.3479324579239 14.0082165503502 13.6789361953735 109.012107496262 17.82518481493 11.6993939507008 4.48979416072369 4.20599091053009 13.4877233409882 17.6369946146011 11.7350247776508 7.90736204981804 186.943364213705 154.957705206871 28.7688777959347 15.3435596370697
20.2786044168472 19.5081471395493 18.4174026298523 17.9882718467712 22.2595908117294 127.453032746315 25.8655969929695 16.7704249465466 28.3968573188782 49.8898974990845 43.4678733476251 17.4655320028029 2.34416613476642 10.5988378608786 81.9194133251579 15.0218359586276 15.6054531264305 22.1084253239632 18.2467740106583 19.5721990919113 22.4330453491211 20.0319145321846 15.7436333942413 58.0192225217819 51.8479578375816 15.9201003456116 14.8885663723946 14.161127781868 14.3526606082916 14.8354223704338 15.9634498977661 15.6829509806633 15.6400485920906 14.6267154216766 13.5599235796928 14.1496319389343 15.2576592159271 13.4346277976036 4.89184553444386 18.8071652889252 97.4324177742004 63.7723548531532 119.388237251043 406.017408450842 407.196020196676 179.418175981045 21.7645098729106 15.1329977160692
19.4358520841599 18.7661815071106 18.0108478689194 18.4072808742523 21.8409653663635 22.9291236245632 77.4505069196224 19.093389223218 26.0276585376263 32.1826462411881 24.8647921085358 24.7327553319931 21.6549402987398 14.0544753618611 7.61172882512212 8.6239535064972 19.5375597715378 22.5555655097961 18.5592844486237 18.4834200143814 17.7436344718933 15.6231864094734 15.5460310673714 27.6933787274361 43.8556753015518 17.7461014342308 16.1738774228096 110.941595497131 14.3570468878746 15.0093625736237 16.2644116663933 16.1646204781532 16.0306543636322 15.8391152238846 13.6638462018967 14.5791532087326 15.3421094465256 13.1608444344997 4.80465538263321 19.1361228591204 108.394858171344 405.496818627715 602.14679775238 699.65635017395 584.009935421944 124.572724127769 69.4791775178909 15.0339363292186
17.553963599205 17.4983802127838 18.290665397644 22.0044868183136 22.1225254487991 27.5545764732361 285.326282763481 144.05572781086 27.7430583000183 28.0820262336731 25.3382158184051 23.0575507736206 22.5386562919617 14.1059653019905 67.813823768124 12.5087528463081 27.3726481175423 30.0584964036942 29.4768477487564 27.3374484300613 19.8728393959999 17.2155248737335 14.7000657296181 15.2697919893265 18.6830982136726 20.5622937202454 20.5627643680573 16.0279916286469 14.5365932226181 15.5950789237022 15.7821075510979 21.9657363271713 33.982479300499 38.6341080594063 28.6907083129883 18.2749066448212 15.5050176095963 8.7159518289566 2.64928750813007 3.10903425216675 14.2433870255947 31.6931772112846 225.838038213253 84.1048147344589 113.071806354523 21.6549701499939 47.1742082071304 18.9751820778847
16.8628704833984 16.7003221035004 16.382368273735 20.4787767410278 20.5560441160202 19.9699042463303 23.1765761756897 26.2783056402206 25.4635062265396 25.8941815137863 26.2627916193008 25.3738510656357 24.824647731781 13.536977930069 15.125914452076 24.2126700019836 23.3086883588228 23.7961230388284 19.5259942230117 21.0968426214787 20.2936162161827 20.3252445077896 14.8595198547747 13.4420247411728 13.5021466350555 14.1622547078133 15.140568780899 14.8881861805916 14.6165508556366 15.1495357608795 15.2273531794548 59.4532733678818 307.188506002426 340.007632045746 81.1887973499298 21.4817473196983 20.3544319081306 21.4626956820488 21.6298767840862 21.4834466302395 15.82635242939 15.8433300352097 19.199326467514 22.4122115468979 22.4766246175766 21.8837272200175 22.6760158634186 21.7085181593895
17.0048763895035 16.2038856649399 16.1724708843231 22.6006323671341 23.5740256738663 22.0624694061279 21.9531376504898 22.1987854623795 23.5985245370865 24.3984727191925 26.5717886209488 27.2415037918091 28.936474571228 29.1159043741226 29.0627486848831 27.7962977552414 26.5688250017166 46.8080051726103 692.807955901995 2.90515885539353 5.06241679606028 14.3382612706535 6.3654998182385 11.8845783133619 14.8745460510254 14.6337441682816 15.0350973558426 15.0572619366646 14.4425882577896 14.6498725914955 15.4591897273064 16.0676689934731 24.3315706992149 25.0866609334946 15.6946854186058 13.432808816433 22.7856121444702 24.7756390237808 27.2221947431564 27.1323683547974 19.697228937149 15.6466024804115 21.439438726902 21.8995755672455 22.1720469141006 23.8407437944412 24.0255873680115 24.0261372661591
22.7880567026138 19.8943794870377 16.1474220991135 17.8248423719406 23.9262193059921 24.7131974506378 23.9083494663239 23.403168129921 22.7779076576233 20.7866941261291 20.9677237081528 25.0060953950882 34.0498398971558 29.0238570976257 28.8955657625198 27.2082095384598 21.2827216815949 190.254603991508 22.6725347614288 24.2826295931824 15.8052054606704 6.456654482577 0.394197085499764 0.930967493936514 7.82745572676795 20.963525132332 55.9021224242449 18.5513608074188 11.869076281786 13.7803219056129 16.6475197100639 17.2346429610252 16.0832812714577 15.4866298437119 14.0567723846436 12.8702236247063 13.3724932932854 13.7912615776062 21.2186122012138 21.1460036420822 14.9309994697571 13.4463402080536 15.5175506639481 21.9147092199326 21.6882262802124 21.8121069502831 19.6442302751541 23.6304012322426
23.874828209877 23.9349990701675 21.5377528095245 20.0077304649353 28.0891768074036 28.8314484643936 24.4898006772995 23.5810922861099 22.89294008255 28.7446018743515 33.9036129808426 37.2490225553513 37.0897743844986 29.9330067014694 26.5461589431763 23.6881865119934 19.8955713224411 23.1219099140167 26.234707942009 21.3738771247864 18.4829369974136 19.2975375175476 14.7595961020328 1.28417353350902 10.9777735032092 164.489401750981 561.597540158033 108.872654151171 42.973639805913 15.4884946030378 16.5312446737289 17.5476614952087 12.2818105399609 8.55034275949001 11.6912674027681 12.4283216381073 12.3867541241646 10.5933222860098 10.9970397603512 12.7811759853363 11.3967572307587 11.3647314071655 13.0244407081604 19.6396357154846 21.0419038534164 18.9496557283401 11.6046758759022 14.0231143641472
23.7718425416946 26.5764230012894 28.9503979873657 28.0214170503616 31.5155608510971 31.5981208896637 28.568672375679 22.0453095817566 22.8115632724762 24.4401431751251 24.7937852716446 24.9303080749512 24.7647364854813 24.7078880739212 25.9619756031036 23.0379687213898 19.2194148302078 21.6552483272553 20.9126411151886 16.1143659925461 15.9879257917404 14.9823252725601 10.8666765683889 3.57614230751991 2.39153546616435 6.47795095637441 13.8198023688793 16.3826890727505 18.0961233701406 11.4017631348433 13.2449319440871 14.9710745606693 2.87781614303589 2.44622988343239 7.49345043301582 12.457190310955 11.0702144747972 5.44595106482506 2.61603518724442 4.02392940700054 10.621627805233 12.61729429245 20.1687455654144 110.82633007288 62.2886658751965 8.96544649839401 8.78367689609528 11.7216506528854
28.6356504631042 33.4005075263977 31.8369983673096 30.3678542470932 25.2042542886734 31.4537245416641 51.8684592676163 195.897321949005 20.5925326347351 21.6188883519173 18.1310814130306 17.4265551432967 17.8686540341377 18.979371342659 21.3112568569183 18.854391336441 17.5779780340195 16.7426565390825 13.3125283551216 12.9793537431955 13.0493848896027 46.567806031704 38.7144267582893 12.758168002367 152.064580313563 12.1711652511358 8.35506267130375 10.0134081423283 13.7668373543024 13.9653683808446 8.8048261011974 7.38336712329881 2.23104949871777 2.4543473803997 3.89178720355034 8.05698638737202 6.56902538895607 36.8522485762835 10.8706624221802 3.13461220681667 11.8344603830576 12.5780743122101 13.2152046012878 7.59739932656288 6.78371841073036 6.78371841073036 10.7843338620663 11.939466354847
34.0396230363846 36.752666015625 29.4330178880692 24.1950697755814 24.5265629291534 26.0558760976791 22.3501725721359 20.4757713508606 20.0935333776474 16.0607438135147 13.3248193502426 14.1603811120987 15.9459101819992 19.785742521286 21.2287538409233 21.9518944120407 21.4833087730408 14.4785951077938 20.0102720320225 466.422356557846 19.2680177944899 17.4563149219751 8.90769585728645 6.04971715331078 161.784866939187 5.24040529966354 3.83105208992958 9.31527317285538 13.8318668365479 15.4140719056129 12.4728254723549 13.734392002821 173.020977054983 370.219865065739 79.3482799386978 352.687855408713 339.840012493134 263.650568542288 47.610518977046 9.24177905619144 49.5054849147797 126.661651744843 70.8747106122971 13.5121987962723 19.229472053051 20.1166850376129 17.0094615793228 28.1816463661194
33.0542252206802 35.3748865175247 30.3358229112625 28.9622691202164 29.3003588581085 32.2083662986755 27.5919304513931 20.675220413208 19.533401350975 18.6971221804619 14.8866644358635 15.871375772953 17.5395455622673 17.1495363354683 16.5985502910614 18.522103395462 18.3379533863068 11.0490848773718 7.48212749481201 200.20426107049 15.6307155829668 7.084344368577 9.25598759829998 8.1694061923027 9.18514244139194 8.54908247351646 53.0903835105896 90.85029712677 16.8621111869812 16.3774139904976 5.83576097965241 6.80032468080521 6.97097073316574 186.899115049243 363.442722989749 675.114691435695 715.938548347523 505.476204842329 6.25940158188343 37.2488746452332 9.82806450605393 45.011608812809 40.0275130057335 26.5296888113022 27.0926671648026 20.9083492088318 12.1556926131248 11.8069766330719
22.748995475769 19.6275595331192 21.7168354940414 25.869221572876 27.0925586557388 28.3329822731018 29.8792027521133 20.8229167318344 20.0787999296188 19.4637364292145 14.0783334565163 13.3771570158005 15.7951853656769 17.7404294157028 17.0750004220009 15.8491010189056 15.8492824077606 13.5037051987648 9.73883157968521 9.73860867023468 9.91960294723511 12.5005703687668 13.8379494071007 14.727863137722 13.9990213322639 8.55209999382496 24.7144354233891 60.3759864777327 12.4642052602768 9.06393637418747 2.51843325614929 2.4784252166748 4.89077199935913 9.38287852108479 11.0293185549974 7.84925696492195 11.2891414779425 12.4637008281193 5.13280188798904 115.264783403873 9.55457556247711 14.9957905626297 15.9703480577469 18.2303291416168 19.8719857597351 12.9207577943802 12.3095389056206 13.4373568511009
20.1351386499405 19.8335764455795 18.8712354230881 18.657965388298 18.474765253067 18.6742129516602 19.7939422464371 18.8608134269714 18.5030897140503 18.2615464019775 54.4967468905449 109.539000759125 16.3356701517105 14.5604756832123 13.5606475758553 12.5514023470879 12.9245420193672 11.9969099450111 11.4246280241013 11.2380474638939 10.2490315556526 11.4497336816788 14.91834597826 15.015380282402 12.1539225578308 16.7186070597172 254.531270090342 206.089406496286 8.14560154259205 8.93902833461761 7.04831396758556 7.38406715154648 11.6330100566149 12.7386388677359 12.5304149079323 7.36792929828167 4.79088949609933 2.76158666408926 3.477087328583 3.64908257961273 8.45411465346813 13.1276659226418 15.5052732396126 16.8205907249451 17.871960041523 14.9860300445557 12.765130302906 13.5174698853493
13.9380987071991 18.2116977667809 18.3232372570038 18.4340963745117 18.4937015390396 17.6991726160049 17.0453612089157 17.36091173172 16.8082294726372 15.9316783046722 34.7429148340225 25.381074681282 43.63148434937 13.6110817289352 12.5955928969383 10.5530099773407 10.7028235173225 11.735872964859 11.8197668433189 11.435588760376 9.92707002162933 9.90505591392517 10.0483649563789 9.9457369863987 3.77649190129712 340.059671860104 799.544287252426 35.6460902583599 10.950083899498 9.5335588914156 5.01433144569397 4.68537928581238 6.27866788387299 3.84705610632896 2.59737260043621 109.630914663672 732.055497033952 729.696372813582 23.2499952113628 4.90871319413185 9.49856807172298 10.8215610575676 14.1815132021904 18.0592840027809 18.2452409362793 16.0410151076317 13.5884887218475 13.5887997293472
141.17769313693 15.0215629243851 16.873524184227 108.437003030777 17.4005282497406 17.7766816520691 17.1880160903931 16.7744700193405 14.2265770554543 13.4200548028946 11.9575905108452 10.4649763321877 65.5771795749664 14.147262249887 13.0823897910118 10.6863977861404 9.71313734054565 9.71024406433106 9.99340285778046 13.9135548400879 13.7908344244957 13.722996430397 10.9415102744102 9.08837418437004 3.68635277748108 149.741004011035 56.4532541006804 22.3416183097661 26.4113384699821 22.1413344740868 105.975314041376 18.4859412574768 5.43413056194782 51.7793470740318 21.4717036885023 37.7607099276781 273.564117893642 290.727225011499 16.3703850531578 17.3813819742203 17.0781516122818 13.8995503592491 12.4131654381752 13.8722250032425 14.0436382627487 13.7854759430885 13.6485692000389 13.6322122883797
12.6714722095802 12.096377966404 12.69627597332 13.4926156616211 16.6537092638016 17.7013706851006 17.0478322172165 14.4453740644455 12.3190208792686 10.8064763140678 10.5377098679543 10.4913642191887 10.7199584269524 85.6748568060994 36.7465702176094 13.3450266647339 8.90589119066019 7.00992242276669 8.16298259556294 13.4569173622131 14.342665169239 14.0690408015251 11.5718964648247 9.30309467852116 7.28385524392128 4.72366264283657 8.91644963026047 21.0475996924937 26.4478720617294 21.706357784979 44.8830100885679 145.567156156486 218.001402812868 230.430475612795 32.378129447285 1.62376736921622 0.721042546491371 8.2818783453938 31.4833323025703 18.7337388896942 17.4369832038879 17.3147149705887 15.5764903259277 15.3823316884041 16.7871897411346 16.7176122140884 12.0761112189293 12.6981048035622
20.6474200902879 12.1621738003567 12.1353514075279 13.3103060388565 12.0063302707672 12.8721092772484 10.9362365794182 10.7993214941025 10.4999081897736 10.118002910614 10.6296733856201 10.8677193808556 11.7770467233658 12.5770383620262 12.86635389328 9.55790110826492 3.3983748216927 2.51888051211834 7.75023734986782 12.7729455471039 12.9718734145164 12.2754439067841 9.80552368164063 9.80867149114609 10.7784102058411 12.2870035111904 12.8730609321594 13.724947206974 13.7698151659966 9.93328894337639 3.40086939766305 3.19158462474821 27.2535434435016 51.5754547435045 20.7564701249823 15.7426627672592 21.0144892071281 21.8973454408348 24.860927541256 15.2406689190865 12.4595971608162 15.5497314763069 18.7260592603683 18.8888697624207 18.4394013977051 12.8723835778236 11.0371390342712 11.0373916769028
72.3123697291088 69.0278297114372 26.6220657944679 21.4367350006104 12.0756564068794 11.8845165061951 11.3471078181267 10.8611920452118 10.8601924753189 11.6181307792664 11.9395064926147 11.8441524457932 11.6792694687843 11.474082942009 10.763584728837 4.88309190928936 2.39871159039438 2.4887969494611 6.80269589006901 12.420114261508 12.8083450627327 13.6730375504494 12.2563556694984 9.87225063085556 10.3680882024765 11.0158368349075 11.1511943912506 12.1440369129181 12.8709292528033 7.02272056510279 11.3286233493919 9.78518694862723 9.10387650251389 2.57480205714703 10.0287988179922 34.3506773412228 20.3100659799576 16.430438375473 15.3646280431747 56.6578841972351 67.8280043196678 10.0075973320007 9.4500342297554 12.3956810975075 11.4188744330406 11.0884309720993 11.0245167803764 11.2403684061766
14.8333257579803 21.2354976463318 37.233926179409 21.4325840497017 12.2248463201523 12.2246988534927 12.2480913448334 12.4581944942474 12.4257399892807 12.6981323218346 10.5089584159851 9.92103057049215 11.643787131533 11.7512692523003 6.71564698159695 3.13400219142437 3.38183452159166 156.884078423306 105.558584017754 7.11730960965157 4.3651614356041 10.1889688307047 18.3025778436661 15.8684860277176 11.8919881367683 11.3970983624458 13.4083176279068 13.5969727529585 7.21654346266715 11.2480895418441 12.2089839172363 11.8218901634216 9.77830784797668 9.95258862972259 11.6523375546932 14.6457511782646 13.9453826332092 17.363006002903 17.7481560444832 15.7927762341499 10.7695841193199 9.6818137049675 9.40491805315018 10.7514662909508 11.3058177709579 10.861782476902 10.7895844554901 10.3411617094278
