Human_pop_density.asc
NCOLS 642 
NROWS 378 
XLLCORNER -19.0000644 
YLLCORNER 18.9999684 
CELLSIZE 0.1666666 
NODATA_value -3.4e+38 
[rows 147 to 167 of 378, columns 288 to 335 of 642]
4.37135349750519 4.92368448495865 3.95148538589478 3.5687390857935 3.56877992033958 3.28343975007534 3.30583359062672 3.41001312255859 3.51417119503021 1.64023935109377 1.05655538678169 1.0571845766902 1.05654916733503 1.05655538678169 1.05654329776764 1.27210785806179 1.88862721353769 1.84082786858082 1.82012475252151 1.76470964610577 1.93897272795439 2.19558581888676 2.24586436539888 2.08209240406519 1.56782575661229 2.33985385447741 2.39461605611927 3.15135956406593 3.28469894528389 3.28477413117886 4.17416660010815 4.5749506354332 4.57505535006523 7.69585862755775 4.58036831974983 4.64095782995224 4.6609640610218 4.96147406220436 6.37597625255585 7.86033848881721 8.33824265003204 6.10413096189499 3.24902064323425 3.12597232341766 2.97949276208878 2.83256391704082 2.78387805402279 5.03469737291336
2.93246671468019 4.00972273975611 3.97372446298599 3.54459425568581 3.23802487075329 2.79645622551441 2.71140625059605 2.71143727660179 2.27664593114401 2.29333068668842 1.4329668840766 1.54887572898064 1.51279130905867 1.2814059779048 1.27930667430162 1.28106510818005 1.74895887762308 1.76967187404633 1.76967133283615 1.76307371169329 1.62344042897224 1.44438544193748 1.37222446041342 1.25253211412128 0.904563459685414 1.48063822478056 1.43698518723861 2.10910881280899 3.46678247690201 3.53339747905731 4.40088940918446 4.59228258132935 4.43075460910797 4.15134667396545 3.97182995736599 3.74204092621803 4.10838004231453 7.56951909661293 8.37615796804428 8.37615796804428 8.31916527926922 4.04068386733532 3.20571505606174 3.20564168095589 3.20571505606174 3.15170793145895 2.00381139144301 2.59564717054367
4.23700849473476 3.95792479634285 3.95787949621677 3.67122261166573 2.72375017285347 2.7237190002203 2.7237190002203 2.592675000038 2.70147708386183 2.94986506164074 1.83306121826172 1.72599414795637 1.72599414795637 1.72601390302181 1.72599414795637 1.72599414795637 1.86858061373234 1.93828526556492 1.77284442186356 1.77206520438194 1.7707193377614 1.61083560087951 1.35910271082837 4.88036919963553 47.3001378748775 4.86521917245867 1.49353766471148 1.66553545683622 4.13482542842627 4.60118734717369 4.60118734717369 4.60108202695847 4.47911223113537 3.33038298785686 3.16658827066421 61.1680280488729 51.9510773777962 4.03160269021988 7.69866977140307 6.39710295289755 4.29916141763329 6.11005839884281 2.44308571487665 2.70322439908981 2.91757272638381 2.38700671173416 0.736235560327768 0.67499084725976
4.95432397246361 3.97579909384251 3.78529132895172 2.83125607393242 2.73597806692123 2.7198890581727 2.78505773889068 3.17614777803421 3.0238870818913 3.33377403378487 2.91513512760401 2.91814405709505 3.08294879227877 2.93258288711309 2.75052661627531 2.48031038448215 2.66207119584084 2.58936529559258 2.04578283768758 1.78449480444193 1.78006141334772 1.76071029879153 1.60384977560258 1.48436659603845 4.31115337357667 2.89808330041141 2.35761846721172 2.57142764151096 2.7668523311615 4.29838452756405 4.62184379696846 4.62173801660538 4.50444378137589 3.76638826608658 3.18080423474312 12.4218761271238 10.0393172049522 2.35193541124463 0.739705357402563 0.925104173570871 68.4134730188549 455.16842968002 37.1703069661558 0.678019772469997 0.655487178359181 0.683417903922964 3.02202350400388 1.35224888509023
6.64974782586098 6.33578159272671 3.32986956804991 2.76400320142508 2.76528189752775 3.12702968271391 3.35520300745964 3.35524140357971 3.35520300745964 3.46547176897526 3.9806660670042 4.30350537478924 4.28765081524849 4.28769987344742 4.28765081524849 4.13780628795736 2.73558054804802 2.55826123701409 2.67452181756496 2.42282203942537 1.98488592123613 1.83993110135198 1.78792004287243 2.08656250536442 2.59302832841873 2.59296897649765 2.59302832841873 2.59302832841873 2.59296897649765 2.84448148190975 3.90538022696972 3.86756844043732 3.5621832048893 3.33900571227074 3.41827523350716 3.19513206839561 3.19499314129353 3.19235434472561 1.75915832415223 1.15127809971571 93.2982988502085 302.713972050995 169.450006322265 3.43822180999443 2.40724486453924 6.93269619063474 88.9617696546623 23.392293114215
5.6137389317248 3.94412090361118 3.26223475813866 4.33631743431091 5.09717242173851 4.8491396699287 4.57676706850529 4.23409460961819 4.22337913572788 4.66754600644112 4.70532379388809 4.65091130137444 4.34603891611099 4.30680386543274 4.30675458669662 4.25316278537211 2.84517011043417 2.71944959387183 2.68643821358681 2.68637672662735 2.68643821358681 2.68070789664984 2.79845217168331 3.29761247187853 2.68620915174484 2.60452207922935 2.55722137665376 2.52925985032693 2.27648239642382 1.83780754327774 2.17799668133259 3.19270710796118 3.79123955488205 3.79582563519478 3.79573875665665 3.58573306322098 3.67281822502613 3.79249981105328 3.27880752891302 0.684078702777624 0.684063045680523 0.684078702777624 0.684078702777624 9.11740935294059 10.3932703679323 11.3207015486248 24.1592582130432 13.6389260530472
3.49799913287163 3.1500844169734 3.20772893592715 3.00133309427416 4.50531852669839 5.31449722647667 5.31449722647667 5.24516237258911 67.4285475230217 96.6184519910812 19.4031903189421 3.92922120571136 2.97053267121315 3.72713399410248 4.31841817855835 4.1350067390874 4.1739604230439 4.29961890399456 3.918451192379 3.7374495267868 5.39689722418785 6.04190077424049 6.39276802182198 6.39448040723801 4.840775578022 2.90205127477646 2.87672765493393 2.8381874358654 1.62158714979887 1.46435968637466 1.46435968637466 3.4510080063343 1.87977222681046 2.8909978812933 3.72868127405643 3.8125445330143 3.8125445330143 3.81245727539063 3.80947350621223 3.56002586036921 2.36191817641258 1.05983313336968 5.06240576550364 12.9259825098515 13.1932529878616 43.9644011640549 92.1384822797775 15.1955300140381
3.84596806138812 3.2450655785203 3.19198344469536 2.98760019430483 3.60366211236455 4.42474704265594 4.80804636001587 5.10468197286129 32.3021131777763 64.0948841094971 10.7905333817005 2.72572334647179 2.71936875253916 1.83422082296199 3.25589763548225 4.17414769530296 4.15531691074371 4.03060446720687 4.10356726408005 4.79778774619102 6.42232022404671 6.42232022404671 6.42217322587967 6.42232022404671 4.44246580064297 2.95734998583794 2.95741767585278 2.95741767585278 2.50735252052546 1.47134958475828 33.0313698282838 83.543260909915 58.6709474235773 3.16260595738888 3.67546051710844 4.28838603436947 4.30285882771015 4.31716253757477 6.18703468799591 11.6528094387054 11.6964298725128 12.3475100457668 14.4420627510548 13.7407709932327 13.5552243328094 56.8951275134087 72.6919076418877 16.8005145084858
4.00125717648305 3.28464957967401 2.97121599059552 2.92232815682888 2.88838617324829 41.4388818192109 6.78535817759512 3.8153753310442 4.72126214394346 4.6751804202795 4.66002772688866 2.97808876395226 2.61551085712388 2.09072520510294 3.00887572407722 4.12072388768196 4.12077104330063 4.1181567978859 3.74988138794899 3.06762511789799 5.26006849646568 6.45039986371994 6.45025222301483 6.45039986371994 4.42291488468647 2.97028011083603 2.97034809708595 2.97034809708595 2.97028011083603 2.15013861000538 1.74656069040298 1.60603019565344 2.44631017253036 4.20430591506418 4.46060365438461 4.46070575118065 4.46070575118065 4.88031980872154 10.8179861235619 11.5197395658493 14.4988620781899 16.5500598168373 16.5761884641647 16.0108575367928 17.9514559864998 19.4344637131691 12.601389695839 5.3467190243816
2.80101478083903 3.26816932141781 2.98450445918366 2.92538494348526 2.81873210512102 9.35997280900105 3.65612072092481 3.11554980814457 3.79988191945478 3.97341217711568 3.81672055780888 3.20296707510948 2.63951509552076 2.74229234158993 2.92397489964962 4.13853355407715 4.12692747712135 3.27715089678764 2.28513139545917 2.23843631744385 2.2396473890543 3.30764036893845 3.89586032032967 3.51217704176903 2.40203869760036 2.61610105633736 2.81201440513134 2.86296393930912 3.21170075595379 3.61872907400131 3.85198182523251 3.85189365744591 3.27898407169909 3.27600492866157 3.42724137615412 2.9835694434261 2.89212193859305 9.42955425441265 11.5299618172646 11.7174123358727 15.7844560694695 16.2249893884733 17.7366422653198 22.6492928981781 28.6996642905474 29.8940884572268 56.5912765526772 68.1804036806524
5.26544313192368 5.72580869436264 4.66298437416553 4.10026609659195 4.26257007718086 4.70978398382664 4.61290152728558 4.67267270088196 4.29429064109921 3.89384798228741 3.19260198008269 3.38800339639187 3.03593378245831 3.15762213766575 3.35925579369068 4.36794327676296 3.04366143405437 2.35163824141026 2.19362291085767 2.18936047745869 2.24805007219315 2.31433345615864 2.40843145191669 2.41175416886807 2.41175416886807 2.42601489007473 2.59543430507183 3.25041024804115 3.85836765766144 3.8684368699789 3.8684368699789 3.86834833025932 3.76861694106832 2.54635422050953 2.37246439584589 2.45001763403416 2.45001763403416 4.35763628125191 9.37088064432144 11.1485569667816 14.2294308543205 19.5148495992646 22.7413983200118 22.6144786756858 25.2838049572706 16.9938339364529 29.4051401254535 55.4137260432541
7.13876855492592 7.12710203528404 6.867023447752 5.72242995977402 4.74290204524994 4.65459671981633 4.74284776687622 4.74290204524994 4.70206627577543 5.10137177591212 5.57111012220383 5.60081175267696 5.0022524189949 5.15621348381042 5.15615143537521 4.56693809151649 3.6926998269558 3.64416786730289 3.68214434325695 3.6060968542099 3.47383773803711 3.1758302795887 2.63122793495655 2.65556774258614 2.67983836650848 2.69397629797459 2.90496684372425 3.32117646992207 3.46917625188828 3.56467967629433 3.66430163860321 3.64630309939384 3.58259108126163 3.16097080409527 2.47232616901398 43.3264239221811 37.4565909850597 3.45642249286175 8.68902272462845 8.68712852597237 7.82358189286439 23.6343156787978 44.3909882116318 24.6475993275642 19.4164527252316 0.670919006112963 0.702348448038101 158.177166899294
6.89301469326019 6.49559822678566 6.23564517378807 6.18392371296883 5.24251230359077 5.41212386280298 5.17545883987099 12.5044090355374 11.5728456816077 7.74603698015213 8.05912234306335 6.71734348773956 5.17802404046059 5.12765419483185 4.244781498909 3.65962449014187 3.65966636538506 3.66323216557503 3.7134201413393 3.71437487006187 3.71445988714695 2.71462115228176 2.58202324807644 2.70556159198284 2.70556159198284 2.70549966692924 2.70556159198284 2.71547946155071 3.12605122864246 3.46363675951958 3.43886031508446 3.41037662923336 3.38206075191498 2.82299713015556 2.47091042399406 3.13415843486786 2.47096697747707 3.04876379609108 8.72587705135346 8.72587705135346 8.72567734718323 14.4064094507694 30.0243478234112 9.25497762396932 4.30421621739864 4.74776150733233 74.662606202662 35.3598032207787
6.29900289177895 6.70217499732971 6.26178537964821 6.26178537964821 6.55160732030869 8.07671050190926 180.107815387249 349.286317155361 131.275981841087 8.08717770338058 7.52167804598808 7.3179645383358 8.67772610485554 4.76324721753597 3.67496593594551 3.67496593594551 3.6544906450808 3.68016607388854 3.73003115594387 3.72994578480721 3.73003115594387 2.43286194205284 1.79313651412725 2.86638828068972 4.13351943731308 19.6340825682878 3.34653321027756 3.33733017325401 3.28540224850178 3.19428420364857 3.19064297676086 59.5409974700212 53.2317076283693 3.10285773217678 3.04201970279217 2.53381177961826 2.55671996951103 2.73240685582161 7.08489207267761 6.61153339326382 7.35833076953888 4.75968010783196 0.937796782255173 0.707706453353167 8.87270474389195 45.3099474716186 13.8973145617545 0.707833292782307
7.80388246363029 7.96008049368858 7.26197632551193 7.39925198197365 7.57565912976861 8.04229875206947 94.6006697690487 151.910442159176 12.4321972131729 6.78089875340462 6.54775717258453 6.80425726532936 9.70188719034195 4.87479685544968 3.69044435620308 4.38108248174191 8.20698692914564 8.27473157823086 3.74574153602123 3.74565580487251 3.5021989312768 35.3323621693254 106.473519586623 6.59052923768759 18.3071109777689 97.4861728423834 8.45195060014725 3.71854842662811 3.54196923077106 3.20408153831959 3.20408153831959 25.6934624236822 19.8700787568092 3.09464551448822 2.85185503363609 2.85192030847073 2.83800862193108 2.56498014628887 2.40615133225918 2.98956320881844 5.39458968818188 5.45347137928009 2.47508172869682 0.710671578496695 33.0761503569782 163.644181140065 154.844777785987 0.710782327950001
11.7500385212898 11.556622479856 8.50825384672265 7.63235435843468 7.30537548542023 7.30382496595383 7.33212431311607 7.67986708760262 6.95116866230965 6.57024549245834 6.81899057984352 9.22973907232284 10.0334189367294 10.0420664852858 18.7010320430994 22.3489573276043 22.827708439827 90.689810013175 97.2008264668286 4.65185493156314 1.417911850214 1.75288091436028 1.93825817763805 5.13229062080383 6.07205664932728 6.25735755085945 5.46066651463509 3.99368752419949 3.25976143300533 3.21742008924484 3.21742008924484 3.14284490823746 2.96307517290115 2.78276289343834 2.84200072944164 2.94548037409782 2.94263183236122 2.52290274381638 2.41616812288761 2.7864090681076 4.39331190735102 5.60877308189869 1.79525293260813 0.7137495175004 17.5492764739692 5.95719257235527 0.713726748973131 0.713741303384304
10.9902628884057 12.0772777423263 10.645033609271 7.59624673008919 7.25883002281189 7.25874695777893 7.25874695777893 9.94241385340691 12.1284204018116 10.5889150810242 7.70460076451302 8.72656547307968 9.87458502888679 10.0374154102802 19.7949294829369 38.0753409481049 109.134160757065 161.219461269379 206.938369884491 18.0553083267808 0.716862954348326 1.26772700026631 6.12372597724199 9.22838448882103 9.25982017755508 9.25960824489593 9.25982017755508 8.0996776175499 3.11842763662338 2.79244766116142 2.7069958281517 2.61082770884037 2.6101220458746 2.6101220458746 2.64744580447674 3.54556281805038 3.93517258882523 3.92904028773308 3.70852330207825 2.17731592223048 0.778909183144569 46.3419194944203 27.7426863762736 0.774732244759798 0.716702350080013 0.716697794944048 0.716817855983973 0.716859963536262
6.96532894819124 9.09332460701466 9.51668552756309 9.78065287590027 9.48473826885223 10.6760026454926 12.2917899119854 38.6299683046341 116.684534006119 29.4407659626007 7.58838773012161 7.58830090880394 7.73995286107063 8.77070776939392 14.3322064614296 14.9986478924751 22.4898657083511 22.9439106798172 35.2144030094147 33.4683133052289 1.86241388186812 3.00887861967087 3.06978993415833 4.28844119310379 6.48012393593788 7.24919682621956 8.01908551931381 6.69564984917641 3.1615212649107 2.77450738608837 2.80459173500538 2.71359781563282 2.73052213668823 3.20172953605652 3.68135329723358 3.79481387317181 3.84189198076725 3.92449666023254 3.95611739039421 3.7231490842998 1.52489121213555 5.98535092711449 179.326737144589 316.608937155455 45.9151981429756 0.719616760313511 0.71963959813118 17.9317246636748
6.70122431576252 6.71922734975815 8.42644361495972 10.0695429873466 10.0792362976074 10.0743755173683 10.9725232410431 65.9262638521194 118.960571835041 40.3713545703888 8.8741503071785 8.02803973197937 8.09707937002182 8.38335596323013 8.53824075222015 8.49155506849289 11.8383515870571 16.3112135648727 13.2038667857647 9.09806404113769 8.08416453123093 4.52966663181782 3.09111133933067 3.921418851614 4.31537142276764 4.3152726650238 4.31537142276764 4.2973770570755 3.81903411567211 3.78706224739552 3.78706224739552 3.43181125640869 2.95850614666939 3.25797616422176 3.59722467720509 3.91932393968105 4.24569188117981 4.52353795588017 4.67779771447182 5.34406967759132 5.63454086780548 8.42659749343991 118.058040280342 145.479520705938 11.2755699253653 2.25515912566334 0.692671599050518 18.0172540824441
6.7462847173214 6.74636191129684 8.63133874416351 9.43708193778992 9.42075908184052 9.54199165582657 10.3615540838242 10.7283741354942 10.8276858091354 10.222994389534 8.88672664880753 53.3397121453285 51.17089366436 8.43242801308632 8.9367163848877 8.01748814225197 7.95091702222824 7.95082603335381 8.83153054475784 9.13480505943298 9.13501412391663 9.10973617494106 7.07946574687958 4.62503353595734 3.36823820119025 2.641756724976 3.4445791362226 3.84893087089062 3.98403434991837 3.85825656414032 4.98671704947948 7.40040058255196 5.49740221142769 3.33059344828129 3.02758641183376 8.24067109227181 6.14245336771011 5.82601021766663 5.50977564573288 5.03304047346115 5.50752683162689 5.58048077225685 6.07984143137932 6.14590745210648 11.0783336770535 10.9389203584194 5.49892861947417 8.54059915482998
6.8930250120163 6.83678809642792 7.69296850562096 8.67957437515259 8.44893751144409 8.60914584875107 10.2318258607388 11.0097129774094 13.0042091560364 10.7877190709114 10.2993644857407 8.47412063479424 8.33724516391754 9.10694620847702 9.98106200933456 9.75509132504463 9.21302057266235 9.74413230538368 10.0604307305813 10.0697509789467 9.17209695339203 9.17209695339203 22.866047013104 12.9312557995319 31.0838691098988 8.59971356831491 0.899185271412134 3.51881624594331 4.27063497304916 4.2707327234745 14.8948910880089 20.9446985721588 19.0546283186972 17.4012978330255 14.1023890140653 8.38195262670517 9.44813761852682 11.4781320095062 11.6660087227821 6.82283314704895 38.6911825728416 16.4094387090206 7.30640899777412 13.5551021254063 38.9196337223053 22.2953442144394 9.26579717278481 9.9745891058445
