WorldClim_2.0_rasters/WC2.0_bio_12_16.asc
NCOLS 642 
NROWS 378 
XLLCORNER -19 
YLLCORNER 19 
CELLSIZE 0.166666666666667 
NODATA_value -1.7e+308 
[rows 261 to 289 of 378, columns 325 to 389 of 642]
392.375 420.6875 425.75 429.8125 446.8125 481.5625 523.3125 508.6875 528.625 504.875 464.5 463.25 459.1875 475.875 477.625 487.4375 488.9375 451.9375 441.6875 444.375 457.5 516.4375 590.9375 653.0625 730.3125 742.3125 759.375 732.1875 678.1875 726.3125 712.1875 739.125 760.5625 728.6875 722 730.125 798.3125 862.0625 943.9375 919.1875 963.5625 948.9375 858.125 781.6875 719.6875 654.8125 576.5625 496.1875 465.4375 488.8125 501.4375 490.8125 459.5625 464.875 462.9375 441.0625 426.0625 381.375 309.6875 297.625 318.875 283.3125 282.8125 273.1875 270.25
421.25 424.6875 439.4375 461.5 489.4375 525.3125 519.3125 525.5625 558.625 532.8125 484.125 463.75 446.5 466.9375 499.25 556.0625 501.5625 499.0625 526.5625 591.1875 585.75 594 581.625 608.875 648 672.6875 619.4375 634.25 664.8125 651.375 633.875 647.1875 701.375 751.625 773.375 721.25 704.3125 799.375 836.125 875.375 926.6875 972.8125 906.375 833 763.0625 717.1875 658.6875 607.3125 553.5625 526.625 531.75 489.9375 481.9375 515.5625 458.25 474.3125 438.4375 388.4375 335.8125 302.8125 278.4375 279 313.8125 305.9375 260.3125
463 457.0625 472.9375 516.9375 544.4375 543.0625 552.3125 569 568.875 553.5 536.25 492.125 503.5 544.0625 547.0625 539.9375 522.3125 583.375 590.375 613.6875 592.0625 607.375 658.375 597.6875 565.875 553.1875 563.5 569.25 571.625 574.25 565.75 590.125 621.5625 637.125 664.0625 687.8125 663.25 667.125 709.6875 706.3125 756.6875 852.5 890.625 828.4375 786.6875 739.125 708.125 653.3125 610.5625 572.9375 567.5625 535.3125 550.75 493.4375 475.4375 472.9375 449.25 414.1875 374.1875 325.9375 278.5 267.125 261.5 252.3125 247.75
566.5 513.375 520.375 552.4375 587.375 592.8125 595.3125 597.9375 601.1875 592.5 581.3125 565.1875 549.25 522.25 523.1875 533.6875 566.3125 570 571.4375 565.8125 550.5 588.25 533.8125 534 560.3125 597.875 627.0625 620.3125 594.125 551.0625 526.5625 552.75 573.8125 593.25 613.5 630.9375 671.3125 664.75 707.875 690 710.3125 759.5625 813.25 824.0625 781.5625 753.0625 715.125 680.9375 644.75 604.1875 577.3125 580.5625 555.0625 535.625 510 496.3125 482.375 455.375 399.75 323.875 287.0625 278.6875 266.75 255.9375 255.0625
587.375 566.5 580.3125 635.5625 661.375 624.5 635.3125 640.8125 643.4375 646.625 613.25 587.625 573.8125 548.5625 535.75 537.3125 562.625 584.0625 608.5625 588.375 555.625 526.125 501.5 514.8125 540.875 588.8125 646.75 727.25 738.9375 594.8125 547.3125 544.625 567.3125 583.375 601.875 646.75 676.9375 688.0625 666.8125 664.625 715.3125 783 837.375 846.75 815.5 778.625 743.875 709.5625 680.8125 656.375 634.3125 625.625 608.9375 592.6875 565.5625 553.75 516.1875 462.6875 415.9375 339.9375 302.4375 283.4375 279.25 269.5625 275.0625
618.1875 646.625 712.875 732.5625 757.5625 747.0625 732.1875 710.25 700.0625 694.8125 654.0625 620.25 584.875 559.8125 545.375 546.1875 550.3125 551.8125 569.9375 551.25 531.4375 523.375 510.875 508.875 529.5625 558.75 607.5625 701.5 746.875 625.0625 617.0625 632.9375 656.25 679.25 699.9375 745.3125 720.4375 732.9375 752.5625 704.375 695.5625 792.75 806.375 799.8125 783.125 781.375 767.9375 753.25 712.625 691.625 686 672.625 639.625 626.5 638.75 593.125 556.125 498.0625 428.3125 346.125 314.125 294 287.3125 288.75 296.6875
732.5 770.5625 791.4375 787.875 783.0625 786.4375 792.5 768.125 707.1875 702.5 675.625 629.8125 586.375 556.5625 533.875 520.5625 515.75 511.6875 511.25 514.25 512.875 524.5 528 515.4375 520.875 534.8125 550.6875 586.9375 594.375 565.875 666.8125 699.5 732.875 716.6875 726.8125 699.75 678.75 685.25 677.125 658.0625 650.25 695.0625 708.4375 761.5625 790 779.75 793.1875 786.875 758.125 751.25 740.0625 700.4375 704.3125 686.4375 640.5 630.25 591.5625 552.375 461.625 389.9375 339.8125 320.875 317.875 313 316
753.0625 762.8125 783 763.5 771.6875 796.875 817.5625 811.75 745.6875 716.25 670.625 618.1875 579.625 545.3125 513.4375 484.3125 470.0625 481.75 481.4375 487.375 500.6875 496.25 485.25 473.1875 493.5625 497.5 489.5 493.8125 488.25 461.8125 471.125 540.1875 553.375 550.125 614.0625 631.5625 626.625 652 644 621.5625 624.3125 621.125 648.8125 694.9375 748.25 775.5625 794.6875 800.4375 805.625 816 824.5 780.125 767.5625 731.75 686.375 644 597.875 579.5 478.8125 460.625 404.5625 355.75 347.8125 345.5 341.25
709.9375 737.9375 782.5 752.125 778.125 825.3125 835 796.9375 766.8125 720.875 656.125 609.375 572.25 531.5 490.375 452.625 412.0625 442 448.25 436.625 450.4375 440.0625 408 406.9375 446 448.5625 446.625 434.75 429.0625 412.625 412.875 419.4375 437.5 443.9375 442.875 455.1875 465.9375 473.875 487.4375 519.5625 537.1875 556.625 579.4375 641.5 727.1875 768.9375 779.125 787.3125 823.4375 847.5 855.5 832.9375 803.5625 744.1875 706.6875 671.1875 630.4375 600.375 572.375 490.5625 442.25 397.5625 386 379.5625 377.625
695.0625 716.6875 758.5 791.375 707.8125 622.75 866.375 806.375 772.5625 692.125 626.875 573.6875 527.625 477.0625 432.875 398.9375 371.125 375.1875 393.9375 382.5625 388.875 387.0625 365.375 361.4375 398.125 399.125 397.0625 402.25 382.5 365.0625 363.125 379.125 398.5 398.1875 395.8125 399.8125 400.875 414.75 437.0625 455.8125 469.5625 489 516.75 583.0625 695.625 793.4375 767.6875 754.5625 813.125 861.875 876.4375 862.0625 832.25 782.125 741.375 716.8125 667.0625 601.8125 601.375 511.5625 463.3125 446.125 433.8125 426.5625 414.0625
720.9375 746.375 794.125 497.625 -1.7e+308 -1.7e+308 856.625 817.9375 731.0625 661 577 526.125 462.3125 407.9375 369.8125 349.875 340.1875 324.875 344.875 355.125 348.75 336.75 327.8125 327.75 346.6875 349.5625 356.4375 360 345.3125 329.125 335.8125 346.875 360.3125 361.875 363.0625 364.125 375.875 388.125 404.25 422.5 432.75 437.9375 446.125 501.0625 641.3125 799.375 802.125 752.75 761.625 778.4375 780.25 843.3125 842.25 792.875 758.8125 743.625 724.0625 659.25 631.6875 575.9375 518.625 507 490.3125 469.75 453.5625
461.75 481 491.8125 -1.7e+308 -1.7e+308 422.6875 883.3125 778.5625 701.4375 617.625 526.9375 461.875 391.75 349.4375 331.875 316.625 309.125 305.875 304.5 314.3125 313.875 304.1875 297.5 300.3125 309.6875 310.3125 319.4375 331.5 336.0625 337.0625 333.375 329.25 322.125 320.1875 335.4375 349.8125 363.25 378.0625 403.8125 423.9375 428.25 425.8125 430.3125 464.25 565.3125 663.75 685.0625 665.1875 663.25 674.0625 672.6875 730.3125 737.875 752.5625 765.75 794.5 760.875 726.25 657.625 629.5625 590.1875 579.9375 544.0625 520.875 502.0625
-1.7e+308 -1.7e+308 -1.7e+308 -1.7e+308 742.625 975.25 885.125 750.1875 659.375 560.125 480.1875 402.875 347.375 320.8125 299.5 292.1875 287.75 284.625 278.8125 285.375 278.8125 276.6875 268.75 265.25 277.4375 284.75 298.375 315.3125 342.0625 363.25 374.5625 369.375 329.8125 300.9375 312.625 342.8125 373.9375 398.8125 449.5 476.0625 472.875 438.125 424.125 456.75 508.875 550 558 534.875 543.125 604.4375 605.0625 626.125 644.5625 729.25 817.9375 829.1875 786.3125 751 714.5 698.75 656.3125 637.375 601.9375 575.5 557.0625
-1.7e+308 -1.7e+308 -1.7e+308 -1.7e+308 1066.9375 999.25 903.125 752.9375 633.4375 532.3125 443.625 352.1875 303.625 286.3125 276.8125 269.625 266.25 254.375 251.125 255 247.25 239.4375 225.6875 231.4375 243.4375 260.4375 276 290.1875 312.1875 321.9375 315.3125 307.5625 289.8125 276.75 297.6875 327.875 354 374.625 391.0625 390.25 387.4375 382.1875 381.8125 400.375 436.6875 472.5 481.875 462.375 462.5 501.25 518.6875 550.625 570.6875 648.25 778.3125 829.25 807.375 771.5625 760.9375 746.5 715.1875 693 682.3125 633.6875 604.75
-1.7e+308 -1.7e+308 -1.7e+308 -1.7e+308 494.3125 1004.625 901.875 746.75 620.25 475.25 381.875 312.625 275.1875 265.875 256.1875 246.375 242.3125 225.4375 228.5625 226.625 214.4375 197.75 191.75 195.0625 201.1875 212.5625 232.25 241.75 250.625 258.6875 262.8125 261.375 258.75 263.75 281.4375 296.0625 309.4375 324.0625 331.75 338.5 343.0625 346.375 353.625 365.5 379.75 396.5625 415.875 418.9375 422.8125 438.9375 456.5 484.5 509.625 569.75 665.3125 690.625 736.4375 755.3125 750.5 758.6875 751 732.6875 740.375 723.125 667.875
-1.7e+308 -1.7e+308 -1.7e+308 -1.7e+308 804.125 1063.4375 873.4375 681.4375 562.8125 431.125 343.9375 291.125 270.25 265.5 242.75 231.125 222.875 208.75 195.1875 187.4375 184.9375 175.75 170 166.375 168.6875 174.8125 192.25 204.0625 219.9375 228.25 237.75 240.9375 246.75 251.5625 254.6875 272.75 290.6875 298.8125 305.3125 314 321.6875 330.4375 332.5 338 343.75 354.875 366.1875 372.9375 377.875 392.25 431.3125 445.4375 470.375 500.25 548.5625 566.3125 612.25 669.625 724.3125 766.5625 779.3125 785.375 795.6875 793.625 762.625
-1.7e+308 -1.7e+308 -1.7e+308 -1.7e+308 983.6875 991.0625 905.125 661.1875 604.25 411.1875 326.6875 275.5 251.8125 237.875 227.125 216.5625 206.25 195.5 190.375 181.125 174.8125 168.625 173.25 171.4375 170.3125 169.875 174.9375 183.1875 198.9375 208.0625 212.875 219.4375 225.875 231.5 239.0625 253.125 259.1875 264.5625 274.3125 281.625 287.5625 300.75 308.8125 312.6875 319.8125 323.125 333 338.3125 341.375 360.8125 387.8125 411.75 418.6875 435.5 451.75 527.4375 608.125 643 687.5625 733.5 785.375 800.8125 840.125 881.125 912.3125
-1.7e+308 -1.7e+308 -1.7e+308 513.875 867.25 1057.75 901.1875 659.3125 527.75 392 318.1875 269.875 238.5 220.1875 205.8125 199.1875 193.625 184.5 179.5 170.3125 161 157.375 157 159.0625 166 173.75 180.5625 176.875 170.875 184.3125 191.125 199.9375 206.3125 211.3125 221.75 226.625 227.375 237.4375 254.6875 253.8125 257.8125 277.25 281.1875 280.0625 294.3125 296.4375 303 308.5625 309.0625 324.9375 336.625 356.4375 365.375 375.9375 375.875 440.0625 531.9375 592.3125 625.25 688.6875 706.125 767.6875 866.1875 930.625 959.8125
-1.7e+308 -1.7e+308 -1.7e+308 -1.7e+308 608.5625 1010.4375 870.75 553.875 439.25 359.5625 306.5625 266.375 233.9375 210.875 198 192.625 182.5625 171.875 165.625 155.4375 147.0625 147.375 156 167 188.4375 199.125 192.25 172.5625 165.0625 159.5 171.5 178.8125 187.5625 193.25 197.375 198.25 209 219.9375 231.0625 230.5 236.6875 241.375 249.625 260.625 268.375 274.125 272.375 283.375 285.375 291.75 299.4375 304.125 309.875 313.8125 317.4375 356.4375 455.375 548.6875 533.5 583.1875 696.6875 731.625 742.8125 786.8125 787.5625
-1.7e+308 -1.7e+308 -1.7e+308 -1.7e+308 419.0625 1080.875 1048.5625 562.0625 449.375 370.75 332.875 276.1875 242.1875 210.875 190.5625 183.9375 175.5625 168.375 164.9375 158.4375 152.3125 152.125 157.9375 164.1875 181.1875 169.3125 158.5625 154.875 155.8125 154.5 151.8125 160.1875 170.9375 177.5 179.75 179.6875 193.25 202 214.0625 223.1875 226.625 228.6875 236.125 240.9375 253.5625 250.9375 248.4375 251.9375 263 256.75 265.375 268.4375 269.0625 271.75 280.5625 312 365.125 419.375 466.3125 550.0625 660.3125 710.25 723 700.5 702.5
-1.7e+308 -1.7e+308 -1.7e+308 -1.7e+308 699 1136.5625 1067.8125 756.375 520 390.8125 328.5 280.5625 236.9375 211.4375 194.8125 183.75 182.9375 172.625 164.4375 157.3125 160.9375 151.125 138.4375 134.875 137.1875 135.375 129.3125 135.1875 137.0625 141.0625 145.9375 148.9375 154.3125 161.6875 166.1875 166 174.5625 184.375 196.1875 206.6875 214.1875 214.875 216.0625 220.75 230.4375 228.375 227.5 225.125 231.625 236.375 235.8125 245 245.9375 248.75 258.0625 274.8125 311.4375 374.5 425.3125 471.9375 533.375 641.8125 653.625 692 743.0625
-1.7e+308 -1.7e+308 -1.7e+308 -1.7e+308 740.875 1037.9375 1023.0625 786.875 545.0625 411.375 321.4375 263.5 225.25 205.8125 200.375 189.8125 197.8125 186.375 184.0625 187.75 171 139.375 128.75 121.9375 120.3125 117.3125 120.25 125.0625 130.125 131.375 134.4375 140.3125 143.8125 148.8125 155.375 155.8125 163.25 171.875 184.875 196.6875 203 201.375 200.0625 201.0625 210.3125 210.1875 205 206.5 213.4375 211.0625 213.4375 225 229.9375 232.8125 239.4375 253.4375 282.25 328.5 377.75 422.75 516.8125 544.125 528.375 676.375 704.1875
-1.7e+308 -1.7e+308 -1.7e+308 -1.7e+308 448.0625 817.25 829.75 708.9375 518.4375 382.6875 296.3125 242.625 218.6875 196.5625 173.3125 160.9375 162.9375 161 152.5625 145.75 131.875 122.5 118.25 113.3125 112.5625 111.75 116.3125 119.375 121.8125 126.25 128.25 133.875 138.125 140.5 143.9375 149.4375 154.4375 167.5625 180.25 189.25 193.9375 194.8125 187.6875 188.9375 196.25 192.9375 181.6875 187.0625 197.875 201.3125 198.375 201.375 206.1875 216.6875 223.375 237.1875 261.375 288.75 321.75 368.4375 412.9375 434.0625 496.375 564.1875 637.25
-1.7e+308 -1.7e+308 -1.7e+308 -1.7e+308 -1.7e+308 754.6875 772.0625 607.1875 434.0625 320.4375 255.125 210.3125 178.6875 155.25 139.25 127.0625 120.0625 115.5625 117.4375 106.375 106.8125 105.4375 105.25 106.625 109 112.625 115.75 120.375 121.625 123.375 126.4375 127.125 130.4375 133.125 135.25 140.8125 147.75 159.8125 164.6875 166.75 176.6875 182.1875 180.4375 181.5625 179.9375 176.75 168.3125 171.9375 184 187.5 188.5625 184.1875 190.5625 195.8125 205.3125 217.625 236.6875 261 282 313.3125 345.8125 391.375 441.625 512.1875 600.3125
-1.7e+308 -1.7e+308 -1.7e+308 429.875 822.375 901.4375 747.9375 520.75 363.125 270.4375 211.6875 176.875 150.8125 129 119.4375 111.25 111.4375 105.75 97.1875 97.375 99.3125 103 103.8125 109.6875 116.375 118.875 117.25 119.375 122.1875 124.5 125.4375 126.5 127.5 129.8125 133.5 138.5625 145.5625 148.375 152.375 159.5 159.625 158.4375 160.0625 164.0625 162.1875 158.3125 155.375 163.375 169.1875 176.375 176.5625 173.875 180.0625 182.375 186.625 200.3125 220.0625 238.9375 254.4375 278.375 304 355 403.375 482.125 536.25
-1.7e+308 -1.7e+308 -1.7e+308 1041.75 1044.25 841.1875 655.0625 450.625 384.375 235.375 175.875 146.125 124.0625 115.3125 110.1875 117.5625 107.1875 97.4375 93.9375 93.625 95.75 102.8125 110.5625 115.3125 117.3125 120.125 119.125 119.375 120.25 121.375 123.8125 123.25 126.9375 129.9375 132.875 136.75 144.1875 147.25 148.75 151.0625 153 151.625 142.625 143.3125 155.125 149.0625 145.4375 144.75 159.0625 163.4375 165.8125 164.5625 165.6875 170.25 182.875 192.6875 211.1875 224.3125 233.375 250.375 285.125 333.75 377.375 463.875 518.8125
-1.7e+308 -1.7e+308 -1.7e+308 1168.75 972.8125 781.8125 575.75 555.875 400.75 199.8125 173.8125 129.9375 115.3125 119.5 111.375 104.75 98.3125 93.8125 91.4375 92 102.1875 110.25 112.75 114.8125 114.625 118.25 121.5625 121.4375 121.5 123.0625 121.375 122.125 125.1875 128.5625 131.3125 131.625 139.375 142.75 144.75 145.4375 144.5625 143.125 140.25 135.75 140.0625 138.9375 137.125 133.9375 135.25 150.0625 156.6875 157.3125 157.3125 160.25 173.6875 190.75 204.3125 209.8125 217.3125 239.8125 270.6875 300.9375 339.0625 427.5625 488.3125
-1.7e+308 -1.7e+308 697.625 1083.125 880.9375 653.25 600.4375 480 266.0625 169.75 130.1875 111.0625 107.875 108.125 109.0625 106.875 100.6875 95.5 95.8125 97.1875 100 103 106.3125 110 112.375 117.75 121.1875 124.9375 124.5 123.125 121.0625 124.1875 122.375 125 126.125 130.375 135.0625 136.4375 135.4375 135.75 134.5 133.4375 130.4375 126.25 126.9375 126.0625 130.75 127.9375 132.5625 129.5 142.5625 150.25 154.1875 157.8125 162.9375 175.75 187.3125 197.375 210.5625 225.5 251.5 278.5 312.9375 370.5 440.8125
-1.7e+308 -1.7e+308 1006.3125 973.875 704.1875 664.8125 572.25 348.375 209.4375 154.5 127.625 106 91.9375 89.3125 90.375 92.8125 92.8125 92.8125 92.625 94.4375 98.1875 99.25 103.875 107.0625 111.9375 116.8125 120.0625 124.3125 122.9375 123.375 123.0625 123.625 123.0625 123.6875 123.4375 124.0625 127.3125 130.875 130.3125 127.4375 126.1875 126.0625 123.375 121.3125 119.125 119.9375 123.625 130.625 127.625 127.5625 141.5 143.3125 148.625 155.25 158.1875 170.25 179.0625 189.3125 201.8125 216.1875 235.8125 261.9375 291.9375 315.875 395.4375
