WorldClim_2.0_rasters/WC2.0_bio_11_16.asc
NCOLS 642 
NROWS 378 
XLLCORNER -19 
YLLCORNER 19 
CELLSIZE 0.166666666666667 
NODATA_value -1.7e+308 
[rows 63 to 83 of 378, columns 517 to 563 of 642]
-1.7e+308 -1.7e+308 -14.1709962884585 -19.9549940427144 -22.9290937980016 -23.0270832777023 -23.1058748761813 -23.1822500228882 -23.2651666005452 -23.3581250508626 -23.4549167354902 -23.5473333795865 -23.6400835712751 -23.6979585488637 -23.8288333415985 -23.9141250451406 -23.9823751449585 -24.1257917284966 -24.2040415406227 -24.2836665709813 -24.3599998752276 -24.4536249836286 -24.5614581902822 -24.6649997631709 -24.7489166855812 -24.8250416119893 -24.8796666463216 -24.9232060710589 -12.4778894583384 -1.7e+308 -1.7e+308 -1.7e+308 -1.7e+308 -1.7e+308 -1.7e+308 -20.250748693943 -24.9178152084351 -24.9140417774518 -24.934208214283 -24.9428335229556 -24.9462915857633 -24.9819165070852 -24.9857916434606 -24.932958483696 -24.8410833477974 -24.7453333934148 -24.7000416517258
-22.3890312512716 -22.549624979496 -22.675291677316 -22.7585416634878 -22.8692500193914 -22.9655834436417 -23.0377084612846 -23.1080833077431 -23.1895418365796 -23.2530830899874 -23.3479583660761 -23.466083029906 -23.5641249616941 -23.6345416704814 -23.7228332161903 -23.8222499291102 -23.8992499510447 -24.0305417577426 -24.148833433787 -24.2062500317891 -24.2984996438026 -24.4128329753876 -24.5034582217534 -24.5947079261144 -24.6865834196409 -24.7648333907127 -24.8359166582425 -24.8912083903948 -24.9208749930064 -18.6815084815025 -1.7e+308 -1.7e+308 -1.7e+308 -1.7e+308 -1.7e+308 -1.7e+308 -1.7e+308 -1.7e+308 -23.4706718722979 -25.0058749914169 -25.0309166709582 -25.0434999863307 -25.0513332684835 -25.0177500844002 -24.9702081481616 -24.8847082058589 -24.930500070254
-22.3907916943232 -22.4816665450732 -22.5757500926654 -22.6659582654635 -22.7132501602173 -22.7917915383975 -22.8666665256023 -22.964625030756 -23.0852082769076 -23.1601667006811 -23.2323751747608 -23.3387083013852 -23.4296666582425 -23.5029999514421 -23.6125418841839 -23.7018752296766 -23.8035414814949 -23.9408749739329 -24.0476251045863 -24.1419169108073 -24.2682914535205 -24.351541141669 -24.4413748383522 -24.510041475296 -24.5937082568804 -24.697583536307 -24.7701667745908 -24.8205833037694 -24.8582917849223 -24.8895417253176 -24.8986667195956 -24.9074166814486 -17.0975996454557 -1.7e+308 -1.7e+308 -1.7e+308 -1.7e+308 -1.7e+308 -1.7e+308 -23.5319197773933 -25.0972918272018 -25.1129167675972 -25.1291665236155 -25.1352915565173 -25.1122500101725 -25.0642082691193 -25.0620834628741
-22.2415000597636 -22.3324584166209 -22.424499909083 -22.5230001409849 -22.5860834618409 -22.660166422526 -22.7334582308928 -22.8507918318113 -22.9597498973211 -23.0431666076183 -23.1421250998974 -23.2319167057673 -23.2937916417917 -23.4144580662251 -23.5359584589799 -23.614500105381 -23.7261250019073 -23.8570418357849 -23.9690417249998 -24.0751251777013 -24.1967502037684 -24.2942079901695 -24.388832906882 -24.438333272934 -24.5167082150777 -24.5920416712761 -24.6845001777013 -24.7535416483879 -24.8137498299281 -24.8558749357859 -24.8745000561078 -24.8908750017484 -23.3484639922778 -12.4416620731354 -1.7e+308 -1.7e+308 -1.7e+308 -1.7e+308 -1.7e+308 -1.7e+308 -19.3276003996531 -25.2089583675067 -25.2285417715708 -25.221083343029 -25.2706250150998 -25.2935416897138 -25.255416850249
-1.7e+308 -22.1738087534904 -22.2638332645098 -22.3616250058015 -22.405291646719 -22.5259999632835 -22.6151667634646 -22.6917918423812 -22.7973748743534 -22.8945000271002 -23.0096250673135 -23.1579581896464 -23.2531666656335 -23.3567085067431 -23.4482086499532 -23.5222497880459 -23.6482913096746 -23.7848334014416 -23.8716670870781 -23.9754168987274 -24.103958149751 -24.207624912262 -24.2843330303828 -24.3302915493647 -24.4066668152809 -24.5030000607173 -24.5922082861265 -24.678208510081 -24.7406251827876 -24.7741668224335 -24.7945416371028 -24.8360001643499 -24.8603751858075 -17.0984437863032 -1.7e+308 -1.7e+308 -1.7e+308 -1.7e+308 -1.7e+308 -1.7e+308 -1.7e+308 -14.2431931694349 -23.7280087272326 -25.304166773955 -25.3096663355827 -25.2384999394417 -25.3336250185967
-10.6598317027092 -21.9248854617278 -22.0409999291102 -22.1412917971611 -22.2399166723092 -22.3490415513515 -22.4417500098546 -22.5267083247503 -22.6347084144751 -22.7529583175977 -22.8635417024295 -22.9731251398722 -23.0906247496605 -23.2355416814486 -23.3602088193099 -23.4429169396559 -23.5284581283728 -23.6457081635793 -23.770083407561 -23.8785004218419 -23.9724584619204 -24.0610414743423 -24.1572915911674 -24.2403749028842 -24.2874579826991 -24.4005413452784 -24.4649165074031 -24.542166630427 -24.5790416995684 -24.6461665829023 -24.7067500750224 -24.7746665477753 -24.8304999868075 -1.7e+308 -1.7e+308 -1.7e+308 -1.7e+308 -1.7e+308 -1.7e+308 -1.7e+308 -1.7e+308 -1.7e+308 -1.7e+308 -25.3895833492279 -25.3796249628067 -25.3700832525889 -25.355999926726
-12.2043942908446 -21.7760298252106 -21.8790416220824 -21.9759583274523 -22.0523750682672 -22.1378335356712 -22.2412916719913 -22.3442082007726 -22.444041510423 -22.5664585928122 -22.6919582982858 -22.8351669609547 -22.9729167521 -23.0946246087551 -23.2126249770323 -23.3240835567315 -23.4694167673588 -23.5732913414637 -23.6869998772939 -23.8040418326855 -23.907458782196 -23.9860834678014 -24.0846245487531 -24.1922914584478 -24.2459998925527 -24.2610831459363 -24.3276249567668 -24.3980835080147 -24.4722916483879 -24.5494167407354 -24.6743751366933 -24.7358751694361 -23.1260416706403 -1.7e+308 -1.7e+308 -1.7e+308 -1.7e+308 -1.7e+308 -1.7e+308 -1.7e+308 -1.7e+308 -1.7e+308 -20.691117922465 -25.4582916895549 -25.4862499435743 -25.4984582066536 -25.4838330944379
-21.6004306077957 -21.6800833642483 -21.7605415582657 -21.8505832950274 -21.9313750565052 -22.0208752353986 -22.1050416231155 -22.1837918460369 -22.2873750726382 -22.4071663518747 -22.5105830828349 -22.6431665519873 -22.7654583056768 -22.9059583644072 -23.046874811252 -23.1845416327318 -23.2927084465822 -23.3865002791087 -23.500166674455 -23.5518748561541 -23.6367084483306 -23.7843336562316 -23.9226251045863 -24.0419580936432 -24.1384581526121 -24.2357915639877 -24.2778332630793 -24.3257084488869 -24.4127085010211 -24.5077916582425 -24.6196668148041 -21.5227387944857 -1.7e+308 -1.7e+308 -1.7e+308 -1.7e+308 -1.7e+308 -1.7e+308 -1.7e+308 -1.7e+308 -17.3661827047666 -25.4670514464378 -25.5190000931422 -25.5112499992053 -25.5222083131472 -25.5288333495458 -25.5021664500237
-1.7e+308 -20.2216850419839 -21.6802083551884 -21.7718334496021 -21.8454583883286 -21.8920001884301 -21.9821667869886 -22.0661668380102 -22.2096250653267 -22.304749806722 -22.4305832485358 -22.5716668168704 -22.6892917851607 -22.7889997959137 -22.9054580529531 -23.0344583789508 -23.1676667730014 -23.1931249797344 -22.908333381017 -22.9205000400543 -23.1384999553363 -23.2895837028821 -23.1016667087873 -23.8251253763835 -23.9951667984327 -24.1108335653941 -24.2240833441416 -24.3081249594688 -24.3908331592878 -24.4694582621256 -24.5240417321523 -24.5274377067884 -1.7e+308 -1.7e+308 -1.7e+308 -1.7e+308 -1.7e+308 -1.7e+308 -1.7e+308 -18.9116451342901 -25.3822499314944 -25.4803749918938 -25.4860417048136 -25.515375037988 -25.5140000581741 -25.5397915442785 -25.5774166584015
-21.2679140468438 -21.3662917216619 -21.4674168527126 -21.5879999101162 -21.7085832854112 -21.7994167705377 -21.9096252421538 -21.9982918401559 -22.099291831255 -22.1811252137025 -22.2844164967537 -22.4070833226045 -22.5171250502269 -22.6317502558231 -22.7240418096383 -22.8280416230361 -22.9365416566531 -22.9949584205945 -23.1462916731834 -23.1336249510447 -23.2085834145546 -23.4954999486605 -23.4987499117851 -23.6707915862401 -23.8284585277239 -23.9888334671656 -24.1055418054263 -24.2160832484563 -24.2889580925306 -24.3678333361944 -24.4493750333786 -24.5270105799039 -16.8447319070498 -1.7e+308 -1.7e+308 -1.7e+308 -1.7e+308 -1.7e+308 -1.7e+308 -22.0063093701998 -25.2524998982747 -25.3858749866486 -25.4495417873065 -25.4758334557215 -25.5185000697772 -25.5489166378975 -25.5054998397827
-21.2573335667451 -21.3198750813802 -21.3877917726835 -21.4847081998984 -21.6181249419848 -21.7175000409285 -21.8184583584468 -21.9060417215029 -21.9897917012374 -22.0200001498063 -22.1272916297118 -22.2242499490579 -22.3965416252613 -22.5148333509763 -22.6326669255892 -22.7436667482058 -22.8747080564499 -22.6849168042342 -22.8537916739782 -23.052374958992 -23.313166598479 -23.486458281676 -23.2379999756813 -23.6887499690056 -23.7209582726161 -23.7636666695277 -24.0824582775434 -24.2291249036789 -24.3207497994105 -24.4177082975705 -24.4792918364207 -24.5287086367607 -21.447448750337 -1.7e+308 -1.7e+308 -1.7e+308 -1.7e+308 -1.7e+308 -21.95951684316 -25.1594164768855 -25.274833381176 -25.4034999410311 -25.4279167056084 -25.4721668759982 -25.5047084291776 -25.5471664865812 -25.5385831793149
-15.8142573436101 -14.585701773564 -12.0168438951174 -20.0646798312664 -21.4857915441195 -21.560398777326 -21.6630000372728 -21.7695415914059 -21.8825000822544 -21.9756668806076 -21.9692917366823 -22.0782916347186 -22.2707498570283 -22.3959999183814 -22.5227499802907 -22.6445001562436 -22.7644999027252 -22.8412500222524 -22.9687084158262 -23.2121251026789 -23.3642916083336 -23.4481249451637 -23.6290418505669 -23.746833384037 -23.8197083075841 -23.9077916542689 -24.0485419034958 -24.1862497528394 -24.2792081832886 -24.3831251064936 -24.462249994278 -24.5245834986369 -13.7561685641607 -1.7e+308 -1.7e+308 -1.7e+308 -1.7e+308 -1.7e+308 -1.7e+308 -18.8822549184163 -25.2652082840602 -25.3791249791781 -25.4275000492732 -25.4723750948906 -25.5307916601499 -25.5828748941422 -25.5915832718213
-15.700923204422 -1.7e+308 -1.7e+308 -1.7e+308 -1.7e+308 -13.3963148593903 -21.5270832578341 -21.6333333055178 -21.769833356142 -21.891041825215 -21.8886666695277 -21.9032499690851 -22.03779159983 -22.2342081268628 -22.3837915758292 -22.5309167702993 -22.6439584294955 -22.7802915374438 -22.9083749850591 -23.0692082842191 -23.239874958992 -23.3387499252955 -23.5245000123978 -23.6483750740687 -23.7800833185514 -23.8348749478658 -23.9345001975695 -24.086500008901 -24.2417915066083 -24.3225415349007 -24.3590833544731 -24.4572421511014 -19.8732514381409 -1.7e+308 -1.7e+308 -1.7e+308 -1.7e+308 -1.7e+308 -1.7e+308 -1.7e+308 -20.5053942402204 -25.3690417011579 -25.4364166061083 -25.4752916296323 -25.5365414420764 -25.5958750247955 -25.6282083590825
-1.7e+308 -1.7e+308 -1.7e+308 -1.7e+308 -1.7e+308 -13.3554540574551 -21.4426353176435 -21.5417916476726 -21.674916724364 -21.780666867892 -21.8597500622272 -21.9656250278155 -22.0499582886696 -22.1599165697893 -22.2982082565626 -22.417916794618 -22.5647083918254 -22.5977083245913 -22.7040416995684 -22.9119166135788 -22.9831250508626 -23.1216666499774 -23.3050414919853 -23.4968752463659 -23.63245844841 -23.7708333532015 -23.837500055631 -23.9781249960264 -24.1701667308807 -24.2041667103767 -24.2010417381922 -24.3453021645546 -12.2107903162638 -1.7e+308 -1.7e+308 -1.7e+308 -1.7e+308 -1.7e+308 -1.7e+308 -1.7e+308 -25.1709999243418 -25.2913333574931 -25.3820417324702 -25.4360001683235 -25.4766664902369 -25.5147082606951 -25.5537916620572
-1.7e+308 -1.7e+308 -1.7e+308 -1.7e+308 -1.7e+308 -1.7e+308 -1.7e+308 -20.1482064525286 -21.5831665496031 -21.66704155008 -21.6871250768503 -21.8790834943453 -22.006375014782 -22.1375415325165 -22.2345414956411 -22.3631250460943 -22.5188751220703 -22.5574583113194 -22.7899582584699 -22.9495417674383 -23.1022917230924 -23.2632915973663 -23.4091251293818 -23.5242918332418 -23.6754581928253 -23.790999909242 -23.8574167092641 -24.0081248879433 -24.1080000003179 -24.175833483537 -24.2802916963895 -24.3041854898135 -1.7e+308 -1.7e+308 -1.7e+308 -1.7e+308 -1.7e+308 -1.7e+308 -1.7e+308 -1.7e+308 -18.8375764886538 -15.7357937097549 -1.7e+308 -1.7e+308 -1.7e+308 -17.4435098965963 -14.3195833563805
-1.7e+308 -1.7e+308 -1.7e+308 -1.7e+308 -1.7e+308 -1.7e+308 -1.7e+308 -1.7e+308 -10.7464474042257 -16.2024724086126 -13.5554343561331 -21.7667750914892 -21.9305904606978 -22.064583281676 -22.187416613102 -22.3004583219687 -22.4386250972748 -22.6223331888517 -22.7956667343775 -22.9732084671656 -23.1135832071304 -23.2399582664172 -23.4092084765434 -23.5586249430974 -23.6358748674393 -23.7579166094462 -23.8340416948001 -23.9310415387154 -23.967374821504 -24.0039166609446 -24.1201667785645 -24.2446665565173 -18.1377356052399 -1.7e+308 -1.7e+308 -1.7e+308 -1.7e+308 -1.7e+308 -1.7e+308 -1.7e+308 -1.7e+308 -1.7e+308 -1.7e+308 -1.7e+308 -1.7e+308 -1.7e+308 -1.7e+308
-11.6832577784856 -1.7e+308 -1.7e+308 -1.7e+308 -1.7e+308 -1.7e+308 -1.7e+308 -1.7e+308 -1.7e+308 -1.7e+308 -1.7e+308 -20.3675522605578 -21.852666636308 -21.9895000259082 -22.0910414954026 -22.24454164505 -22.3039584557215 -22.4730001489321 -22.6380832195282 -22.7579999963442 -22.9030835429827 -23.0193749467532 -23.1696249445279 -23.3590835928917 -23.4937917192777 -23.6357915401459 -23.7722500165304 -23.9185000061989 -24.0377500454585 -24.0686250130336 -24.0223334829013 -23.9057916800181 -24.2173331181208 -24.3659512797991 -16.8108849128087 -1.7e+308 -1.7e+308 -1.7e+308 -1.7e+308 -1.7e+308 -1.7e+308 -1.7e+308 -1.7e+308 -1.7e+308 -14.0866592129072 -18.8427710533142 -25.1548287471135
-19.9417500694593 -18.784043431282 -12.5007008016109 -1.7e+308 -1.7e+308 -1.7e+308 -1.7e+308 -1.7e+308 -1.7e+308 -1.7e+308 -17.5257614453634 -21.6714999179045 -21.7800835072994 -21.90462504824 -22.0484583278497 -22.1827500065168 -22.2852500577768 -22.4248333970706 -22.5633749167124 -22.6463750203451 -22.7819169163704 -22.9613747795423 -23.1304580966632 -23.2035417755445 -23.2674584587415 -23.3848334550858 -23.5960833827655 -23.7404582301776 -23.8334582249324 -23.9759166439374 -24.0604583223661 -24.1269166270892 -24.1952080925306 -24.3512499928474 -24.469375093778 -24.5333335002263 -24.4877454837163 -16.874745508035 -1.7e+308 -1.7e+308 -1.7e+308 -1.7e+308 -1.7e+308 -1.7e+308 -25.0737082163493 -25.1568333903948 -25.1741668979327
-19.7243333359559 -19.8910415867964 -20.1248333652814 -20.2645589411259 -15.5288938085238 -11.7088518242041 -1.7e+308 -1.7e+308 -1.7e+308 -20.10596220692 -21.5682499408722 -21.6629583040873 -21.7678750554721 -21.8811665674051 -22.0322082638741 -22.1310832202435 -22.234583457311 -22.3832500676314 -22.533541460832 -22.6806667248408 -22.818625330925 -22.9224998752276 -23.071583032608 -23.1740418672562 -23.2264168461164 -23.3231665094693 -23.5079167087873 -23.6833332578341 -23.7819995880127 -23.8918750683467 -23.973833322525 -24.0737498402596 -24.1959998607635 -24.3072917262713 -24.3902917504311 -24.4659167726835 -24.5241252382596 -19.9387807250023 -1.7e+308 -1.7e+308 -1.7e+308 -1.7e+308 -1.7e+308 -20.2244268655777 -24.9832499027252 -25.0740833878517 -25.1206251382828
-20.164916574955 -20.2056250472864 -20.3523750404517 -20.5944166282813 -20.8625417252382 -21.0578333437443 -15.7123113870621 -10.6041466196378 -19.9725248515606 -21.4194582204024 -21.5395000080268 -21.6300000150998 -21.7407917181651 -21.846874922514 -21.9739999274413 -22.082666695118 -22.158708413442 -22.3395418922106 -22.4628748893738 -22.5778747797012 -22.6847082972527 -22.8566667437553 -22.9169166088104 -23.0098332762718 -23.208624958992 -23.2913330992063 -23.4544168512026 -23.5048750837644 -23.65045829614 -23.7342915733655 -23.8030829826991 -23.9526249567668 -24.0942083597183 -24.1924581726392 -24.2371666828791 -22.7166529297829 -1.7e+308 -1.7e+308 -1.7e+308 -1.7e+308 -1.7e+308 -1.7e+308 -1.7e+308 -1.7e+308 -18.6722143888474 -24.9958334167798 -25.0880417227745
-20.7085834443569 -20.8341252009074 -20.9152082999547 -20.7678750554721 -21.023333410422 -21.1243751347065 -21.1499167780081 -21.2157501081626 -21.2846251527468 -21.3408332268397 -21.4714166224003 -21.5659583806992 -21.6665834188461 -21.7875001430511 -21.8937082688014 -22.0252501269182 -22.1507082283497 -22.2980002164841 -22.4364167451859 -22.5537081956863 -22.6345414320628 -22.820791721344 -22.8800000349681 -22.7225833733877 -22.9304999411106 -23.0420416394869 -23.2634580930074 -23.3913332819939 -23.6287082632383 -23.6544583241145 -23.7248331308365 -23.8215000828107 -23.9201251864433 -24.05212499698 -24.1294165651003 -15.013135433197 -1.7e+308 -1.7e+308 -1.7e+308 -1.7e+308 -1.7e+308 -1.7e+308 -1.7e+308 -1.7e+308 -1.7e+308 -20.2585860689481 -24.9827499190966
