WorldClim_2.0_rasters/WC2.0_bio_01_16.asc
NCOLS 642 
NROWS 378 
XLLCORNER -19 
YLLCORNER 19 
CELLSIZE 0.166666666666667 
NODATA_value -1.7e+308 
[rows 273 to 293 of 378, columns 576 to 623 of 642]
-4.89583333570044 -6.46319793566605 -6.6010624901246 -9.73364584580607 -7.33070833226278 -4.09919792352594 -5.74165625160133 -9.01583334024569 -4.3593333204044 -4.14407294231205 -8.51695833754881 -1.75044792983196 2.92740626532274 2.02556250205574 -1.53019791645541 2.07894793123705 5.4408020574095 6.47044791029718 6.0556458339585 1.78297916079949 3.64087501138177 8.46524999830096 9.22660416260866 10.3681874990774 10.7173854090894 10.6059270760355 10.1429791577781 8.85260415857192 8.86767708188078 6.97198960265572 2.01405209072982 -3.12257292290451 -3.82995831813605 -6.841218727602 -2.27483332809061 -4.34491665936851 -7.49094791379563 -6.98802085305215 -6.29330213498906 -7.95293747487206 -7.2162083213528 -8.23212499111105 -9.10403124413764 -7.71933336491929 -6.99985417806602 -6.72436455703185 -6.55883334313209 -6.20054166882377
-9.6208020815975 -10.1205520810036 -9.75339582328646 -6.55958332908146 -8.6124791475983 -8.9314791795332 -8.25998958665878 -4.98517707349674 -5.52089584278292 -5.81556251026147 -7.01675000115453 -6.37877082353468 -8.33694789280707 -7.47793750478498 -5.89536458008418 -0.106770851663896 4.37182291412028 4.45220833599645 2.52628125771783 2.38412501788359 4.98798958056432 5.56879167666678 7.28078127726136 7.54262499517548 8.13631249127987 7.22029166358213 6.63038542804619 5.94366666449787 3.7599479460041 -1.92892707686163 -9.76935418025823 -7.27360418338018 -9.71404168606387 -9.38448956632783 -7.04168750075041 -9.11923956378208 -8.60326043204016 -8.41771876854667 -8.76821876834341 -8.75923959546102 -8.79664582559417 -8.70535413602678 -8.22189582828044 -8.29235419537872 -7.63967708835844 -7.10902083846546 -7.47231251131355 -8.22726043058841
-12.8102187421949 -10.0008437639262 -9.66948956709045 -7.17194793116262 -6.91219791498346 -6.92182293111303 -9.35393750446868 -11.5249896003709 -10.0337812845149 -9.01242708884092 -9.13064585122386 -8.67108334817143 -6.15460415977092 -12.5435104141943 -15.2719271183402 -11.6810625326082 -4.56111456804501 -0.797156269118811 -7.30020831078097 -6.60879170254217 -0.414770799776306 -0.753885443302958 2.01598959235707 3.56479165238852 1.21205207033238 0.686395827952462 -0.481135420695258 -4.78619793529894 -4.0723020908966 -4.07778125390663 -5.40732290654618 -8.05401041269458 -5.22460419673977 -5.3984270951308 -5.98715625220211 -7.55469794210512 -7.9659895816197 -8.96553123623986 -10.4748645844908 -10.0986249985096 -9.71312499886456 -9.9214062425599 -9.07791666863098 -8.6864687637814 -8.55139587267089 -7.9501666710324 -8.12612498369223 -8.64801038974353
-13.5193854127234 -13.373500011711 -9.4631250089927 -7.28383334124616 -9.62226039527256 -9.10761456894882 -5.97838541007756 -7.28577082107465 -8.56751041059033 -6.91685414856814 -9.129822904506 -10.0186666414714 -8.35244791851922 -7.0903958633462 -12.1131666731477 -13.0981354310255 -10.5332499926832 -9.97791667750183 -3.53190623771419 -5.73937500051882 -8.40812501416076 -6.17448958817598 -8.16451044434992 -8.7238020664275 -10.2704687347674 -10.0809999731039 -7.91131245728805 -10.2873958413644 -7.66421876308353 -8.11180206001639 -5.13136458460697 -4.74409375319374 -6.41378123313189 -8.77523958050733 -9.44312497966166 -8.69006251058696 -9.61645834703571 -9.49741667582324 -9.42410418594955 -8.59513541501171 -9.00531251507346 -9.19550000882979 -8.76416665170836 -8.31301041995175 -8.69870833109599 -9.03523958363803 -8.69238539160142 -8.55494788909952
-12.4479895848611 -14.4468437533166 -16.3933437656572 -11.7529791498091 -9.43731249495856 -9.22014584801703 -8.94407291440681 -10.0448958434669 -10.0170625422228 -10.8309583307321 -12.5131875035974 -10.0070103981197 -9.51661457479349 -10.5070208414302 -8.03801041088203 -13.1989271041239 -13.8822291548131 -11.8885416466704 -9.9257187559815 -11.5725937622095 -16.1178020877996 -10.1501354185457 -7.37456250393491 -6.58751045056852 -10.615468759097 -10.9922083248353 -6.59807294463584 -5.78519790991171 -6.51459375427415 -8.1653020724237 -7.74420836309825 -8.33984374703141 -12.8046041598233 -10.1913541772519 -10.5372604092699 -10.0730833454363 -9.52767705147077 -8.07147917106825 -7.14935415859024 -7.26993749151006 -7.85575001764422 -7.16487499629147 -6.62859375021071 -7.18797918129955 -7.52574996183588 -8.08416665081555 -7.9142812465628 -7.71078127420818
-15.9382292006048 -15.0702916519367 -15.5083124937858 -11.6260833517881 -10.7453854189565 -12.1094062365786 -12.8583750093045 -11.6705416965609 -9.88342708913842 -8.6601146152243 -11.3824374872396 -10.0066770742415 -8.58066666900413 -6.77592707502966 -6.35723958315793 -7.40046874121617 -10.9623854154391 -14.5280312561275 -13.6917708317184 -13.5399687510411 -13.3624687612755 -14.4685416995004 -12.0634375204875 -10.7719687380983 -10.5423645930896 -9.7484375165659 -9.02253127262763 -10.50637498789 -11.1323958650658 -10.9331354181777 -8.72685415998179 -15.7974061969047 -12.6226562551456 -10.003458322996 -9.44387500839609 -9.4919479272891 -8.36564586963505 -8.60082287447585 -7.36782294364336 -6.93266663067819 -6.70998959209101 -6.59040625963947 -6.77801038955416 -7.01464581274195 -6.42510415304181 -6.84517706252033 -7.5252916640602 -7.67893749227126
-12.3182812318846 -16.9422291341471 -17.5364791431057 -12.6730104291443 -11.3638854230133 -10.5725208166987 -10.4634375089081 -10.1172395825367 -10.9230000183064 -11.1018020967798 -8.34407289299998 -7.61234374303119 -7.65589580198866 -7.46551042573992 -6.8450729418546 -6.08279168598043 -7.35914585071926 -8.38609373445312 -10.1873437615383 -9.90604169596918 -15.6611145750697 -19.5407396141575 -19.0972916445947 -19.9029270905691 -20.93901035957 -19.1058958114833 -16.1883124550125 -15.7946979025243 -11.7277812333984 -11.9025729094477 -13.8222499982852 -11.35160419147 -8.98397917605083 -8.118302100047 -7.58886458087363 -8.6760312828701 -8.07262499035278 -7.48653124769529 -6.95779167246655 -6.65596875769552 -6.59605205447103 -7.03192710472892 -6.79214587566094 -6.57901041735507 -6.105989623679 -6.02685416725581 -6.59685414558044 -6.55332290513616
-12.0004791700436 -7.59005205322561 -15.2144270839563 -15.7494479467374 -10.4011875275367 -11.9424999934854 -10.484906247914 -11.865937483332 -12.556114574351 -12.8323541697949 -11.1163229295732 -10.8028020705654 -10.429520868347 -8.86960415821522 -7.30422919554015 -6.17088540658976 -5.94104165125949 -6.22936457306302 -7.1483229008348 -7.91333330143243 -8.96969792205345 -11.941458375329 -16.833635451893 -16.5931979246864 -15.8809166283075 -12.3710833215446 -14.9973020873731 -12.4572916550096 -13.5552604044109 -14.4027812980736 -11.2195104028409 -11.3243021004249 -11.4059582998258 -7.92668746889103 -6.93444789526984 -6.64508334935332 -6.75213540027228 -6.91584372031502 -7.28151042650764 -7.42743750886681 -6.7827499761673 -6.50295832904036 -6.35282294684051 -6.22909377231069 -6.17017703559638 -6.3113541691079 -6.59217708950503 -6.67336457643129
-13.1943125035614 -7.00594791490585 -11.0896249691141 -14.8801354169069 -11.6009687932092 -11.1718333527412 -11.1546250108319 -11.7280208494485 -11.9831354650911 -12.2776770793522 -10.2426457885498 -12.8873854494304 -10.7363437281844 -8.90553128301205 -8.39663543268883 -6.98106250066 -7.41183332922325 -6.27147917357797 -5.79537497984711 -5.9749999862009 -6.43624996999279 -7.48879167833365 -8.93235416363071 -10.8411979327793 -8.57719794465326 -8.83224999008477 -10.1794999787041 -8.76346876565367 -8.50868747026349 -8.1377395974705 -9.93280207136801 -9.97509375280545 -10.0080833571265 -7.83099999961754 -7.3020312388738 -7.32662496467431 -7.26251040494225 -7.18753123593827 -8.00571873217511 -8.02862503266078 -8.13206250172031 -8.22491668921915 -7.36261458499454 -6.70309376554602 -6.61736456300059 -6.82938543520868 -6.96394791345423 -7.14075004231806
-7.74124998560001 -10.5016458352353 -4.66518751770491 -10.6071562574458 -15.5416458339314 -12.6514999764137 -8.24368749956678 -13.911572905335 -14.6731979750378 -12.233260436682 -11.3061666881743 -11.2433645745817 -9.73413541383343 -9.11846872954629 -9.01354169645735 -8.568208322123 -7.36769790466254 -7.58163540371849 -7.70502081940261 -7.29863539539898 -7.61067709062869 -7.23860418633558 -7.79303126710389 -10.1239895835364 -9.59760417529227 -8.74479168081113 -6.90622918187485 -6.6560520650916 -7.70096876118138 -7.5349062429741 -8.45233333857323 -8.60117710081007 -9.5781979605866 -8.58308334950319 -7.93105206479474 -7.09180208000665 -7.51542707317276 -8.711906250217 -8.85872915771324 -8.49827081911499 -8.2245625017531 -7.76568750358031 -7.71642707319309 -8.41736459296468 -7.58344791969285 -8.19569788027244 -7.67554167634807 -7.67706247682994
-3.20003123722078 -2.20713541106428 -5.40088540329695 -2.35565626089616 -15.1021562394841 -14.4017083442692 -9.06269793179429 -8.49508332527087 -10.2539479009962 -10.6991979301917 -11.0102396169677 -10.3200104133866 -9.52829165352159 -9.00706247686564 -8.70454163476825 -8.79976044055851 -9.41379164055009 -10.3494166518164 -9.30692710671913 -10.032062494487 -10.0720312607979 -9.60588541213656 -8.4161979094691 -9.47987499841838 -8.28011456583044 -7.45016665337607 -7.89534375882552 -8.076322935541 -7.86393747198357 -7.75855207563776 -8.21778125344766 -11.8974062796721 -13.3282812532028 -8.51196876831818 -8.00006250705822 -7.87397915431454 -8.56966667493301 -8.25788540428039 -7.2170208474466 -6.91861456508438 -6.5138333356784 -6.31918750346328 -8.91120833686242 -9.46379163475164 -9.47515623507206 -9.66067709083048 -7.92296875805672 -8.95614583491624
-9.26875001279404 -7.50696873108003 -1.54981250808729 2.71128125252357 -7.97812501053947 -15.4523020782799 -13.4796145688257 -9.23540623169295 -14.1970208068524 -11.2943437640967 -11.2697812400681 -11.8386770801929 -11.9230728931725 -10.3458646018892 -10.051729138749 -10.0592083487766 -9.69796874118038 -9.1988124945395 -8.24962497436597 -8.04063541562452 -7.60861459100609 -8.48457288136706 -9.8624895709169 -9.14319789259268 -8.67038544450285 -9.15095833786957 -11.9253437611236 -8.74146873036322 -7.46327082378169 -8.57398960007898 -8.89511458336104 -9.78866664800444 -9.49099997594021 -7.97105211904272 -10.5639062636377 -9.57740625021203 -10.4832187364033 -7.95454169648777 -7.11612500382277 -7.6958750116343 -7.79358333036847 -7.61644790694118 -9.4532291473976 -5.95551043039692 -8.02876041734514 -8.19177081125478 -7.33005208087464 -8.23827082023975
-8.61315626291859 -10.7666458526995 -9.26407292378523 -8.26616667610748 -0.967416694032484 -8.7537395872508 -13.5134687810981 -6.80571875932704 -12.498468794535 -13.2380104323784 -10.6685208455504 -8.79430208018554 -11.0128750028865 -11.0586249906725 -11.0081562545965 -12.0908437426745 -10.8996354227517 -10.5844999904706 -10.7341145721148 -11.9011146004583 -8.42097912358198 -10.1204478754711 -12.0224166628129 -12.6100208396965 -11.5809062491268 -10.6287603891105 -12.6243229166139 -11.57072916852 -8.82131252445591 -8.13257291338717 -7.5633957995257 -8.43864582758639 -8.34534378735892 -8.22551043436397 -9.1811041853313 -8.17819793809516 -9.5971562716295 -8.99720832463936 -7.62232293060515 -5.71285416899385 -5.70614582435519 -6.72706250370053 -6.31491668663026 -4.80762499707877 -8.78271876300763 -8.80039584148714 -8.03364582182257 -7.27461455576122
0.224458340924078 1.70741668132299 -2.23594790729112 -4.87719791683291 -6.47058335889596 -4.81728128699615 -5.66616669098585 -7.24163538209783 -10.5358228962383 -11.5746250011725 -8.10528125467924 -9.5608020896713 -8.90879168602017 -9.49544789744599 -10.1546250108319 -14.7527500011493 -8.5788541463747 -12.6699478985017 -12.5845729211966 -10.1765833555643 -8.81966666784138 -8.31276041816697 -8.95010417917122 -13.3435729034245 -12.2347708568365 -9.5291354261523 -9.23074996638267 -8.49826039274922 -10.6077604292465 -11.3289062650971 -9.84853123279754 -6.19273960380815 -7.09588543559463 -6.27583333197981 -7.0356458145349 -6.86369791828717 -6.38914585943955 -6.97081248128476 -8.00504167500185 -7.76281251835947 -5.81485413940876 -5.4691875053395 -7.18385415776478 -8.23918748618841 -8.89068750688845 -7.73715624612911 -6.5180520669334 -5.60478123981738
-4.94430207539699 0.29996875312645 -0.667104162857868 4.47219789986654 -1.5759062745977 -9.33236455284835 -4.60181250219466 -5.85412499905215 -7.1426249946453 -10.0450729237588 -12.0943958442658 -10.830999991255 -9.5282291508435 -9.60705206099738 -12.1846458552536 -8.89631251404838 -7.9570625059229 -12.5303853963269 -9.82196876115631 -8.07607288939592 -6.80818749261865 -5.85653123947365 -3.88004167896967 -7.61820833478123 -8.44327081220069 -7.00986458745319 -6.71031248716948 -5.49608335415057 -5.96055205627325 -7.64705209980214 -10.8777604368224 -8.46367705355321 -5.78786457538566 -6.0151666951521 -5.97449999428742 -5.74670833465643 -6.21431249232652 -6.47451040909315 -6.47671873961129 -5.45905207910497 -6.03763542008043 -7.90148962657743 -9.11337498998425 -9.25838545400378 -7.97367710470523 -5.97589584550102 -5.50323956124097 -5.45786458345174
-1.86344794409039 -0.072802101582056 -4.06811458603382 -4.58039582560014 2.92205209894261 -6.7217083487194 -8.94878123584689 -6.25584374181926 -6.38766665469545 -3.82393748560571 -11.3893645672943 -7.66166668907681 -9.15849999204874 -6.54873960074717 -10.3629791175869 -8.90751041594194 -11.1979374962636 -11.8026770952856 -8.52471875119954 -6.7434583499368 -5.39462501031327 -5.73162499720153 -5.94795834139222 -3.81793751027483 -5.12342707759914 -6.46999998969841 -5.28765624125663 -6.11929166246167 -6.64491670070371 -5.43312500746106 -6.2344687576527 -8.91127084532733 -5.85736456910187 -7.41520835369981 -7.29871875738414 -6.2876562498083 -5.82512497965945 -5.51044791596534 -5.51512503212265 -6.02685416793004 -6.59879168196737 -6.1911041793428 -7.09394791250331 -4.64303127190137 -4.44389586761342 -4.87517707232231 -4.94725000564843 -5.15696874326871
-7.32023957605513 -3.97966668411391 -5.85245833027875 -8.73598959533653 -1.57773956243298 -1.86053127665461 -8.94604166200952 -11.4443854001001 -8.39514582889873 -6.67786459138733 -3.54211458552648 -3.63262501188486 -4.03297917293579 -3.61748957503005 -3.72847919113701 -2.95794790495832 -7.44897918293524 -6.07609374211461 -4.77389583905097 -3.94080203333093 -3.09346874928936 -3.52903124817385 -4.67735414755104 -6.04563541846195 -8.54547916335287 -8.33024998161515 -5.87597918527899 -8.01793749872498 -8.05631251027323 -6.75084374552413 -5.13334375409371 -9.09212498832494 -11.6777916642119 -7.71310416663376 -7.18652084931576 -7.22395832766779 -7.16691666352563 -7.68193750510303 -8.75451043275583 -9.25301043523723 -6.09587500379227 -4.51635415349544 -4.07876044011816 -2.99349998422743 -3.16700004216788 -3.83164582674605 -4.79808331916987 -5.02311460102249
-5.01112499186129 -7.68384376213362 -5.48235416379369 -8.58416665844076 -6.08283335944482 -7.55890625790198 -4.33951039686508 -10.5760937899953 -12.7680312489392 -6.90115622754092 -2.97247915201782 -4.48171873466345 -5.5071458304883 -5.92316665762337 -3.97192708212242 -2.2185833347418 -0.281718763810204 -2.33842709424653 -3.6377707956611 -3.19892708580786 -3.77171875247892 -4.14217711119272 -5.82454167164785 -7.23296873199676 -6.93180208647391 -4.98311457701493 -5.29280207428868 -7.10706245220111 -8.63114584072415 -10.0346979382302 -7.91139584209304 -8.73048957476567 -8.93734374601627 -7.96397917335465 -6.33680211335256 -5.21365628579224 -8.02860415874359 -9.97631247675357 -8.07486457823931 -7.00123958871215 -4.9908541832127 -5.59155209683255 -5.59351041230567 -3.88868751453507 -4.32023960563432 -2.95288540535451 -5.19423961992531 -6.33391666036914
-7.7883854425163 -5.71188544196775 -6.99873958165214 -6.80018751113676 -7.37965622577758 -6.63506250879727 -6.27338540358566 -5.70025001259598 -9.26419793344879 -10.0253437662323 -7.55473958561197 -7.80237501994513 -6.38400002173148 -4.42852081945845 -4.91200001721154 -3.0407291421919 -0.898000016546575 -2.68026040894135 -2.28419791355069 -2.17269790463615 -1.8281666673344 -3.27314581879182 -4.67120835016249 -5.06534373658845 -6.13144790933802 -6.58045835672723 -7.30267708702013 -7.6776770723518 -7.88951045424134 -4.48493748237646 -7.72571873154569 -9.24238543507333 -5.8664896026991 -4.69480211101472 -4.45905210186844 -4.42462501892199 -6.20103121022597 -7.13882291371313 -8.31121873292917 -5.80217709425294 -3.89500002025549 -2.29951043097147 -2.09960412957298 -2.16748957359232 -6.31528125431699 -6.71474999076842 -4.22466668593309 -5.97514586342731
-5.49118747738733 -5.48933332759043 -5.06715622365785 -5.72382292429878 -5.81905208167639 -7.0346250270765 -7.47836461369297 -8.40444793957673 -5.38556250292459 -4.30611459311331 -7.22037502250169 -1.92879168742608 -9.29949999648185 -11.1125521008895 -10.5788645955715 -9.90563540188305 -5.03779164326261 -4.52828122555123 -4.19061459432608 -4.23563540371833 -4.49611456761947 -2.36206247745334 -1.55505208385875 -2.77168748803282 -5.33105207096863 -3.38023955303167 -3.56318748145713 -2.93554167546245 -3.06659376605724 -3.88844790315488 -5.48308329663026 -5.40258333379704 -4.10656251035592 -3.61410416930933 -2.76581251518413 -4.04623959126426 -3.60961458283903 -5.09536459763573 -6.83701040168914 -3.73096877351054 -2.47689584448623 -2.03556247014785 -1.95664581576178 -2.81465625092581 -3.68555210533911 -6.05829166459929 -6.16985419357661 -4.39295831997394
-9.01150004184029 -7.00855209638636 -7.47867707605474 -6.13220831855384 -7.052635421455 -8.0776874961836 -10.5056978979846 -7.99955208168588 -10.8972187588806 -5.41637502079054 -0.345697909627537 -3.96855206051623 -2.72380208573304 -4.17118748519958 -8.21334377266855 -10.0631458215066 -4.66612500006886 -8.24777082145132 -4.70477082586634 -3.83156251752128 -1.40411455650853 -1.44723960463307 -1.33684375802598 -2.23122917302923 -3.72898958776204 -3.44136458994641 -3.06154166274913 -2.22643749499305 -3.20001041460394 -1.92858333249266 -1.11406248216129 -1.9995729434595 -1.68228128420985 -2.78915627197906 -2.30719790539297 -1.75521872128515 -1.31439584648857 -1.23317708360264 -2.19778126709086 -4.02721872946131 -2.65173957469718 -2.73903124924618 -2.22910414714715 -2.90676042815418 -3.01949997673122 -3.10103121534727 -4.06871873566221 -4.19062498019775
