WorldClim_2.0_rasters/WC2.0_bio_06_16.asc
NCOLS 642 
NROWS 378 
XLLCORNER -19 
YLLCORNER 19 
CELLSIZE 0.166666666666667 
NODATA_value -1.7e+308 
[rows 84 to 104 of 378, columns 470 to 516 of 642]
-24.101499915123 -24.2059998512268 -24.5504999160767 -24.7252503633499 -24.8717498779297 -25.1517499685287 -25.3704997301102 -25.3682498931885 -25.4900000095367 -25.6480002403259 -25.5877501964569 -25.616250038147 -25.6345002651215 -25.6017501354218 -25.4857498407364 -25.4744997024536 -25.4007499217987 -25.285249710083 -25.180500626564 -25.1757502555847 -25.4317499399185 -25.407999753952 -25.09274995327 -24.9414998292923 -25.0797500610352 -25.5327498912811 -25.7595000267029 -25.4859999418259 -25.3277497291565 -24.8752496242523 -24.8277499675751 -24.9664998054504 -25.2102497816086 -25.4320002794266 -25.3159999847412 -25.5369997024536 -25.7312498092651 -25.0957499742508 -25.379499912262 -25.3800002336502 -25.0129998922348 -24.645250082016 -24.4682501554489 -24.8422501087189 -24.8012499809265 -25.4002500772476 -25.7669999599457
-24.3824994564056 -24.4924998283386 -24.8089997768402 -24.9164999723434 -24.9882498979568 -25.2137500047684 -25.2132503986359 -25.2869999408722 -25.4814997911453 -25.5314999818802 -25.5670003890991 -25.5027500391006 -25.4749999046326 -25.4997500181198 -25.4762499332428 -25.5165002346039 -25.4389997720718 -25.3077498674393 -25.3074998855591 -25.3045001029968 -25.5417499542236 -25.2812502384186 -24.9194999933243 -24.9924998283386 -25.2800000905991 -25.5577503442764 -25.5234998464584 -25.4972498416901 -25.4549999237061 -25.0892499685287 -25.4304999113083 -25.4564999341965 -25.3099998235703 -25.8175003528595 -25.9745000600815 -26.2547500133514 -26.4597501754761 -25.436999797821 -25.4249999523163 -25.2159999608994 -24.0845000743866 -24.8347499370575 -25.0267499685287 -24.7789999246597 -24.4605000019073 -24.8612499237061 -26.4982497692108
-24.6499999761581 -24.7687497138977 -25.06350004673 -25.0932503938675 -25.1462502479553 -25.1407505273819 -25.0425001382828 -25.3274998664856 -25.4032496213913 -25.4569997787476 -25.493499994278 -25.4904999732971 -25.5505000352859 -25.5535000562668 -25.5995007753372 -25.548250079155 -25.6592506170273 -25.6567499637604 -25.3437497615814 -25.4324998855591 -25.3824996948242 -25.269749879837 -25.0552501678467 -25.1067497730255 -25.0039999485016 -24.9472498893738 -24.9949998855591 -25.5034999847412 -25.2365000247955 -25.8947499990463 -25.738499879837 -25.4587498903275 -25.9324997663498 -25.5975000858307 -25.6667499542236 -26.0102500915527 -25.8652501106262 -25.0962499380112 -25.275750041008 -25.3115000724792 -24.7234996557236 -24.9055001735687 -24.4795001745224 -24.1345000267029 -24.2155001163483 -24.850250005722 -27.2887498140335
-25.1117496490479 -25.1785000562668 -25.3367500305176 -25.3594998121262 -25.3327494859695 -25.3322499990463 -25.2799998521805 -25.4044997692108 -25.4639998674393 -25.5660002231598 -25.4339996576309 -25.4262497425079 -25.4367498159409 -25.4664999246597 -25.4912499189377 -25.5342500209808 -25.6892501115799 -25.7512497901917 -25.6295002698898 -25.4492495059967 -25.3759996891022 -25.2342499494553 -25.0814999341965 -24.9872499704361 -25.2420001029968 -24.9667501449585 -25.3195000886917 -25.2760000228882 -25.8807499408722 -26.0792500972748 -26.0499997138977 -25.6432501077652 -25.0514999628067 -24.3122498989105 -24.5865001678467 -25.4317499399185 -25.1202502250671 -24.4970000982285 -25.1509997844696 -26.2310000658035 -25.9510000944138 -25.019500374794 -25.4060000181198 -25.5419999361038 -24.78125 -24.1897503137589 -25.0767501592636
-25.4892501831055 -25.6655000448227 -25.5165001153946 -25.4407497644424 -25.4362498521805 -25.5620001554489 -25.6950002908707 -25.6582498550415 -25.547749876976 -25.4724998474121 -25.5595002174377 -25.6372499465942 -25.5742502212524 -25.6267502307892 -25.7615004777908 -25.8799998760223 -25.7312496900558 -25.6079995632172 -25.3225001096725 -25.291249871254 -25.465499997139 -25.5080003738403 -25.3472497463226 -25.29075050354 -25.3107500076294 -25.587749838829 -25.3519999980927 -25.2710000276566 -25.234249830246 -25.0099999904633 -25.1509997844696 -24.4917501211166 -25.1280002593994 -25.1892501115799 -24.4675000905991 -23.9582499265671 -23.8292502164841 -24.6405003070831 -25.8427500724792 -25.5400000810623 -24.5305000543594 -24.0014997720718 -23.7327497005463 -24.5980000495911 -24.6682497262955 -25.1902500391006 -25.9332499504089
-25.7577496767044 -25.7065000534058 -25.7622498273849 -25.8160002231598 -25.7252502441406 -25.5480005741119 -25.5074998140335 -25.5184999704361 -25.6130002737045 -25.6992505788803 -25.9754996299744 -26.0754997730255 -26.0987498760223 -26.2532497644424 -26.3817498683929 -26.0594999790192 -25.7694998979568 -25.5394998788834 -25.3795000314713 -25.4670001268387 -25.6100001335144 -25.9994999170303 -25.9344997406006 -26.0090003013611 -26.0224999189377 -26.2622499465942 -25.8860000371933 -25.5172498226166 -25.1090002059937 -25.1345000267029 -25.0812503099442 -25.2152500152588 -25.5874999761581 -25.0680001974106 -24.6700000762939 -24.5394999980927 -24.7755000591278 -25.0435001850128 -24.3947499990463 -23.9212499856949 -23.4377501010895 -24.5434998273849 -24.9619997739792 -26.6784998178482 -27.4120001792908 -27.2892501354218 -27.4777497053146
-25.7517502307892 -26.0125000476837 -26.099750161171 -25.843249797821 -25.5977499485016 -25.509999871254 -25.8025000095367 -25.9845000505447 -26.0097500085831 -26.3642503023148 -26.345499753952 -26.2535001039505 -26.0352498292923 -26.0732501745224 -26.1057503223419 -25.9550001621246 -25.8397498130798 -25.8212496042252 -25.6370003223419 -25.6117497682571 -25.6072499752045 -26.610750079155 -26.3237497806549 -26.4057496786118 -26.6092500686646 -26.3644999265671 -25.6945000886917 -25.0822501182556 -24.8544998168945 -24.5562500953674 -24.4287499189377 -24.5937501192093 -24.3714997768402 -24.03225004673 -23.7485001087189 -23.6332497596741 -23.5219999551773 -23.7070000171661 -24.8937500715256 -24.6657499074936 -25.5977499485016 -27.0754998922348 -27.8107497692108 -28.2797499895096 -27.8022500276566 -27.7777500152588 -27.7102500200272
-25.8947503566742 -25.9989995956421 -25.857250213623 -25.7120000123978 -25.8305000066757 -25.9514998197556 -25.9749999046326 -25.8672498464584 -26.0214999914169 -26.2077502012253 -26.1359997987747 -25.9737498760223 -25.8072499036789 -25.9729998111725 -26.0335001945496 -26.256249666214 -25.7609997987747 -25.8309997320175 -25.8299998044968 -26.149249792099 -26.5354999303818 -27.141499876976 -26.6272498369217 -26.0222500562668 -25.5849999189377 -24.9312500953674 -24.4347500801086 -24.1337502002716 -23.7627495527267 -23.7167496681213 -23.5057499408722 -23.5052500963211 -23.4430000782013 -23.856999874115 -24.4925001859665 -25.5285003185272 -26.585000038147 -27.4685002565384 -27.6740001440048 -27.7814999818802 -28.125500202179 -28.2627499103546 -28.4600003957748 -27.9377498626709 -26.733500123024 -25.9267503023148 -26.0249998569489
-25.9872500896454 -26.0057499408722 -25.7872498035431 -26.0745002031326 -26.149749994278 -26.1024996042252 -26.1572499275208 -26.3177496194839 -26.2852500677109 -26.098749756813 -25.9532499313354 -25.74899995327 -25.7832502126694 -26.0015000104904 -26.3917499780655 -26.4695000648499 -26.4172500371933 -25.9450002908707 -26.5484999418259 -27.030500292778 -26.9680000543594 -26.7755000591278 -26.1342500448227 -25.2192498445511 -24.2602500915527 -23.90249979496 -23.821249961853 -23.8137497901917 -23.91000020504 -24.1217501163483 -24.4322497844696 -25.2887500524521 -25.9544999599457 -26.1759997606277 -27.0414998531342 -27.5812495946884 -27.6975003480911 -27.7694997787476 -27.6877502202988 -27.6057504415512 -27.5980002880096 -27.3549998998642 -26.9869999885559 -27.7682499885559 -27.2727499008179 -27.0555001497269 -26.6037497520447
-25.5310000181198 -25.720999956131 -25.9434999227524 -25.6592501401901 -25.7230001688004 -25.9435002803802 -25.9882501363754 -26.023500084877 -25.9300000667572 -25.8187499046326 -25.6165001392365 -25.7014998197556 -26.0417500734329 -26.3169996738434 -26.8462500572205 -26.7020001411438 -26.5169999599457 -26.4085000753403 -25.9179998636246 -25.6104999780655 -25.5142500400543 -25.0457501411438 -24.7122501134872 -24.2442499399185 -24.3642501831055 -24.4297498464584 -24.5617501735687 -24.9394996166229 -25.3379999399185 -25.8820000886917 -26.9300000667572 -27.3322497606277 -27.6167500019073 -27.7842500209808 -27.8034994602203 -27.796249628067 -27.7582499980927 -27.8154991865158 -27.7330002784729 -27.4295001029968 -27.3352499008179 -26.8572499752045 -26.8667501211166 -26.0249997377396 -26.254499912262 -26.4809998273849 -26.2245000600815
-25.4132503271103 -25.8089996576309 -25.7062503099442 -25.7280000448227 -25.8464996814728 -25.6380000114441 -25.8232496976852 -25.8694998025894 -25.7360001802444 -25.640750169754 -26.2382501363754 -26.7347501516342 -25.7922500371933 -26.1165000200272 -27.2237496376038 -26.9839998483658 -26.4082502126694 -25.8314999341965 -25.530749797821 -25.3284999132156 -25.060250043869 -24.5480002164841 -24.6912500858307 -24.4435000419617 -24.229000210762 -24.7437497377396 -25.6564999818802 -25.6535000801086 -26.1769999265671 -27.1452499628067 -27.62975025177 -27.8447494506836 -27.6177499294281 -27.9464997053146 -27.7335000038147 -27.9144996404648 -27.9199998378754 -27.8079994916916 -27.6204998493195 -27.158499956131 -26.8452501296997 -26.6134997606277 -26.2492501735687 -26.3249998092651 -27.0352500677109 -26.97250020504 -26.930499792099
-25.932000041008 -25.9394999742508 -25.5667498111725 -25.7497500181198 -25.8254996538162 -26.1075001955032 -26.1572499275208 -25.7399998903275 -25.7724997997284 -26.3615000247955 -26.4957501888275 -26.3860000371933 -26.926500082016 -27.4222501516342 -27.5772502422333 -26.5925000905991 -26.1395001411438 -25.7214999198914 -25.1822500228882 -24.817999958992 -24.5882499217987 -24.769749879837 -24.8809999227524 -24.6125000715256 -25.0704998970032 -26.3195000886917 -26.0657496452332 -26.8435000181198 -27.1077500581741 -27.8960001468658 -27.4725000858307 -27.7187501192093 -27.9137502908707 -28.2077499628067 -27.7257499694824 -27.6072498559952 -27.8544996976852 -27.5654999017715 -27.2527498006821 -27.1397497653961 -27.2945001125336 -27.0819997787476 -26.6247500181198 -26.6245000362396 -26.7580000162125 -26.8555001020432 -26.8317499160767
-25.7420001029968 -25.8427498340607 -25.9282504320145 -26.0507501363754 -25.9927499294281 -25.9072501659393 -26.0694996118546 -25.8195000886917 -25.9884997606277 -25.9177497625351 -26.1545000076294 -26.4702500104904 -26.3355000019073 -26.1034998893738 -26.0862500667572 -25.4969999790192 -25.2522498369217 -24.9092499017715 -24.6787501573563 -24.8102496862411 -24.9114999771118 -24.8332499265671 -24.4715000391006 -24.8955001831055 -25.5592501163483 -26.700000166893 -27.7542501688004 -27.9187499284744 -28.0587501525879 -27.9295002222061 -27.8385001420975 -27.8839999437332 -27.7159999608994 -27.838750243187 -26.8925001621246 -27.134250164032 -27.4652497768402 -27.2675001621246 -27.2032500505447 -27.6450001001358 -27.7795001268387 -27.4549998044968 -27.3614996671677 -27.3079999685287 -27.2992500066757 -27.2004997730255 -26.9787499904633
-25.2570000886917 -25.3974996805191 -25.4470000267029 -25.2827498912811 -25.1127498149872 -25.285249710083 -24.9262499809265 -24.81350004673 -25.1542500257492 -25.3727501630783 -25.6447502374649 -25.8377499580383 -25.3767503499985 -25.0660002231598 -24.899749994278 -24.6267502307892 -24.5517503023148 -24.7324999570847 -24.8622500896454 -24.8655000925064 -24.5595000982285 -24.7467501163483 -25.1972497701645 -26.3522500991821 -26.6822499036789 -27.7807500362396 -28.0279995203018 -28.2204998731613 -28.3334996700287 -28.1852499246597 -27.9129998683929 -27.9379999637604 -27.512500166893 -27.039999961853 -27.0715000629425 -27.1777499914169 -27.171749830246 -27.277999997139 -27.6057499647141 -27.8259997367859 -27.6437500715256 -27.3314999341965 -27.2167499065399 -27.5375001430511 -27.5725002288818 -27.3462499380112 -27.3062500953674
-24.8732497692108 -24.5054998397827 -24.2525000572205 -24.7674999237061 -24.3899998664856 -24.7432497739792 -25.1730000972748 -25.2334998846054 -25.8272500038147 -25.9810003042221 -25.5540001392365 -25.0537499189377 -25.0197501182556 -24.828999876976 -25.185250043869 -25.2525000572205 -24.7354998588562 -24.9705001115799 -25.0255000591278 -25.773500084877 -26.493499994278 -26.9967498779297 -27.7717499732971 -28.1434998512268 -28.2162499427795 -28.3517503738403 -28.4270004034042 -28.3157502412796 -28.1540001630783 -28.2732498645782 -28.0865000486374 -27.5309998989105 -27.0199999809265 -26.9812498092651 -27.0717504024506 -27.0582500696182 -27.264750123024 -27.4157499074936 -27.6410001516342 -27.8747500181198 -27.7455002069473 -27.814999461174 -27.6492499113083 -27.6677502393723 -27.592000246048 -27.6000001430511 -27.5615004301071
-24.83999979496 -24.577999830246 -24.6412502527237 -24.1887499094009 -24.5447500944138 -25.2909997701645 -25.5587501525879 -25.2987500429153 -25.572750210762 -25.2974997758865 -25.0575000047684 -24.8232496976852 -24.6970000267029 -24.9767500162125 -24.9824998378754 -24.9132500886917 -25.458750128746 -26.4277499914169 -27.3327502012253 -28.0117502212524 -28.2949997186661 -28.3872500658035 -28.4357498884201 -28.6962500810623 -28.8179996013641 -28.7009997367859 -28.6182502508163 -28.4122498035431 -28.0482497215271 -27.8292499780655 -26.9155000448227 -26.9072496891022 -27.1557502746582 -27.104500412941 -27.1532499790192 -27.1865005493164 -27.4712499380112 -27.5917502641678 -27.8529998064041 -27.9184995889664 -27.8802496194839 -27.863999247551 -27.7674996852875 -27.766499876976 -27.6342500448227 -27.5150002241135 -27.4124997854233
-24.8320000171661 -25.1207499504089 -24.8567500114441 -24.4662498235703 -24.8069998025894 -24.6539999246597 -24.662750005722 -24.7567499876022 -24.7120001316071 -25.0022501945496 -25.1025000810623 -24.8237498998642 -24.4535001516342 -24.9175001382828 -25.0512499809265 -25.252249956131 -28.2102500200272 -28.9452502727509 -28.9009997844696 -28.6997497081757 -28.3347498178482 -28.2472500801086 -28.2559999227524 -28.2490000724792 -28.37975025177 -28.6227501630783 -28.4727500677109 -28.230250120163 -27.3460001945496 -26.741250038147 -27.5375001430511 -28.335000038147 -27.3755003213882 -27.1840003728867 -27.4094998836517 -27.3307501077652 -27.4397500753403 -28.1290001869202 -28.2687499523163 -28.215750336647 -28.1590000391006 -28.0377497673035 -27.9857497215271 -27.7357499599457 -27.4907504320145 -27.5910001993179 -27.5432498455048
-24.7372499704361 -24.7977501153946 -24.9830001592636 -24.917750120163 -24.6295000314713 -24.613499879837 -25.0302498340607 -25.4940001964569 -25.4650000333786 -25.4889998435974 -25.2535001039505 -25.195500254631 -25.0074998140335 -25.0065001249313 -25.1124999523163 -26.1887497901917 -28.7864997386932 -29.06725025177 -29.0060002803802 -28.7777497768402 -28.6027503013611 -28.5315002202988 -28.5377503633499 -28.1567499637604 -28.1147500276566 -28.6230001449585 -28.8942496776581 -28.8274999856949 -28.7544997930527 -28.5495001077652 -28.5747504234314 -28.3982501029968 -27.283499956131 -27.2150000333786 -27.4347500801086 -27.0140001773834 -27.4969997406006 -27.8317500352859 -27.7350000143051 -27.8557498455048 -27.9094998836517 -27.9044995307922 -28.0342497825623 -27.863499879837 -27.8319996595383 -27.9577496051788 -27.7790004014969
-24.9467500448227 -25.066999912262 -24.9324998855591 -24.7745001316071 -24.7697501182556 -25.2119998931885 -25.1147500276566 -24.9420001506805 -25.5022501945496 -25.7150001525879 -25.8892502784729 -25.7490000724792 -25.6865001916885 -25.5419999361038 -25.898249745369 -27.24524974823 -28.9207496643066 -28.6852498054504 -28.2919999361038 -28.231250166893 -28.3539999723434 -27.9767497777939 -27.9677500724792 -28.0112498998642 -28.0572499036789 -28.1052500009537 -28.6732499599457 -28.9807502031326 -28.7689995765686 -28.5727500915527 -28.1759999990463 -28.1362497806549 -27.8067500591278 -27.7047499418259 -27.347000002861 -27.5077501535416 -27.5122501850128 -27.1594998836517 -27.5070000886917 -27.8054999113083 -28.2259999513626 -28.1705003976822 -27.983749628067 -27.842999458313 -27.7072503566742 -27.8702496290207 -28.0410002470016
-25.1165000200272 -25.0647497177124 -24.925999879837 -24.8977500200272 -25.18850004673 -25.3007500171661 -25.2622497081757 -25.4317499399185 -25.5544999837875 -25.6730000972748 -25.6869999170303 -25.9487498998642 -26.9612499475479 -27.6837500333786 -28.0257499217987 -28.8722503185272 -28.7432498931885 -28.74624979496 -28.8034998178482 -28.5187505483627 -28.1694997549057 -28.0722500085831 -28.1784999370575 -28.2057501077652 -28.0094999074936 -28.5220001935959 -28.8204998970032 -28.7085005044937 -28.725250005722 -28.716249704361 -28.7035003900528 -28.4509997367859 -27.8244999647141 -28.3774999380112 -27.822499871254 -27.2789995670319 -27.4312497377396 -26.9624998569489 -27.7325000762939 -27.7000000476837 -27.9350001811981 -28.1140002012253 -28.1442502737045 -28.1865000724792 -27.9840002059937 -28.095250248909 -28.0634999275208
-25.1162501573563 -25.0695000886917 -25.1717499494553 -25.2019999027252 -25.143000125885 -25.518500328064 -25.4044997692108 -25.494500041008 -26.8294998407364 -29.0317496061325 -29.2554996013641 -29.2312498092651 -29.1620006561279 -29.0392501354218 -28.8667503595352 -28.8929998874664 -28.747499704361 -28.9562500715256 -28.704500079155 -28.2867500782013 -28.2252498865128 -28.2887500524521 -28.1465001106262 -27.8132500648499 -27.8155000209808 -28.1120002269745 -27.8125 -27.6762501001358 -28.2525001764297 -28.5165001153946 -28.4264997243881 -27.9355001449585 -26.9017497301102 -27.8902499675751 -28.0375000238419 -27.4172502756119 -27.6325002908707 -27.5074999332428 -27.2602499723434 -27.5960001945496 -27.8300002813339 -28.0239999294281 -28.1570003032684 -28.2572499513626 -28.1800001859665 -28.106250166893 -28.1452497243881
