WorldClim_2.0_rasters/WC2.0_bio_11_16.asc
NCOLS 642 
NROWS 378 
XLLCORNER -19 
YLLCORNER 19 
CELLSIZE 0.166666666666667 
NODATA_value -1.7e+308 
[rows 126 to 146 of 378, columns 329 to 375 of 642]
-8.58425003041824 -9.311916641891 -9.33333325386048 -9.29750001927217 -9.30962502459685 -9.58529164393743 -9.67400000492731 -9.85845836500327 -9.69912499189377 -9.82008332014084 -9.922333329916 -10.0060000419617 -10.0687083254258 -10.1127500186364 -10.0612083375454 -10.0733332683643 -10.1697916289171 -10.3090416789055 -10.4163750658433 -10.2825416624546 -10.4447916696469 -10.5192083021005 -10.5999999394019 -10.4742916027705 -10.5838333566984 -10.7208333313465 -10.7430833280087 -10.7929167350133 -10.8655833154917 -10.8901667147875 -10.8993750313918 -10.8729166338841 -10.8205833087365 -10.7726249396801 -10.6977499822776 -10.6758749981721 -10.6451667447885 -10.6582916975021 -10.7431665807962 -10.8043750325839 -10.8192916810513 -10.8726249237855 -10.8626249432564 -10.9924166997274 -10.9855000078678 -10.9922083119551 -11.0572916418314
-9.4390833179156 -9.41737496852875 -9.41862495491902 -9.37450000892083 -9.43795833985011 -9.71741676330566 -10.0464999775092 -9.87324998279413 -9.50304172436396 -9.7639166911443 -9.89050001899401 -10.0062083055576 -9.90641654034456 -9.9287915378809 -10.0600416461627 -10.0995833724737 -10.0530833353599 -10.1643332888683 -10.019041677316 -10.2371666928132 -10.3034166544676 -10.2472082873185 -10.417041644454 -10.5182917416096 -10.5996250808239 -10.6162083595991 -10.6476666778326 -10.7329584161441 -10.7517917354902 -10.7513750493526 -10.7807083576918 -10.8251250733932 -10.7849583079418 -10.7673333883286 -10.7502499322097 -10.7053333371878 -10.6645833154519 -10.7081666539113 -10.7023750344912 -10.7099583297968 -10.7706666340431 -10.8024166276058 -10.9228332936764 -10.9222499330839 -10.9398333330949 -10.9175416777531 -10.9395832667748
-9.44433337946733 -9.50300002594789 -9.65124999235074 -9.62091660996278 -9.56712497274081 -9.46966666479906 -9.68749997516473 -9.79558332264424 -9.68504167596499 -9.72766668101152 -9.68100003898144 -9.8012916892767 -9.88045834501584 -9.90625 -9.87745832403501 -9.9854166607062 -9.98212499916553 -9.98958331346512 -10.1287499964237 -9.73670828342438 -10.3553749819597 -10.2833333015442 -10.3745417098204 -10.4737916986148 -10.5103333393733 -10.583250015974 -10.6770833233992 -10.6927916705608 -10.7423750360807 -10.665083343784 -10.718458339572 -10.7147916903098 -10.6782500495513 -10.673625032107 -10.6689583758513 -10.6522917499145 -10.6279167185227 -10.6162499288718 -10.6567083398501 -10.7103751103083 -10.7069165855646 -10.721874922514 -10.7607083320618 -10.7674583047628 -10.9250416010618 -10.909458309412 -11.0313333719969
-9.57083324839671 -9.64500001321236 -9.42070828626553 -9.54191663861275 -9.49512505034605 -9.50174999733766 -9.44820831219355 -9.55562488238017 -9.58866663277149 -9.68608329693476 -9.67158334453901 -9.74533334871133 -9.76541665196419 -9.86408326526483 -9.89616673688094 -9.92233336965243 -9.85466674466928 -10.0282500187556 -10.3001250177622 -10.095791682601 -10.2872083286444 -10.1870000809431 -10.2118749668201 -10.327583283186 -10.4402916828791 -10.4790833940109 -10.5413333227237 -10.5653749853373 -10.5507499625285 -10.634250069658 -10.6874583562215 -10.7096666395664 -10.6640417079131 -10.5954166998466 -10.5837083111207 -10.6642499615749 -10.6437500317891 -10.6472916553418 -10.6725833515326 -10.7779999375343 -10.8303749163946 -10.7139165997505 -10.7859999487797 -10.8136249234279 -10.8452500005563 -10.8578750739495 -11.0115833580494
-9.59824998180071 -9.40550003945827 -9.44729165484508 -9.44695841521025 -9.3922917197148 -9.2945833876729 -9.25620833039284 -9.38954162100951 -9.33524996538957 -9.12637500961622 -9.05637498696645 -9.19541667898496 -9.40529165168603 -9.75166662534078 -9.83070835471153 -9.83558341364066 -9.88758337001006 -10.0048333108425 -10.2955416341623 -10.1529999723037 -10.0904166450103 -10.1517083396514 -10.2356666376193 -10.3056667496761 -10.3221667657296 -10.3669167508682 -10.4004165778557 -10.4530416975419 -10.5007082472245 -10.5322916160027 -10.5811249961456 -10.6362916578849 -10.529541661342 -10.5583333323399 -10.6135833114386 -10.6020000129938 -10.6215000549952 -10.7015000134707 -10.7515832831462 -10.9003749589125 -10.745250026385 -10.7103332877159 -10.762666657567 -10.7263750632604 -10.7627915839354 -10.7660416464011 -10.8353749662638
-9.4942083209753 -9.40358332544565 -9.2677499105533 -9.41516671081384 -9.36191672583421 -9.20833337058624 -9.27666664123535 -9.21720838050047 -9.11075003445148 -8.98158331215382 -8.97970834374428 -9.11187500754992 -9.2801666756471 -9.74020838240782 -9.73987497886022 -9.73391658067703 -9.80520823597908 -9.86945825318495 -9.96104158461094 -10.0062916080157 -10.0585833738248 -10.1189166655143 -10.2115833312273 -10.2483749737342 -10.2876667579015 -10.3961250185966 -10.3713749448458 -10.4528749734163 -10.5445417165756 -10.5557083239158 -10.4965833028158 -10.4454582979282 -10.4441249122222 -10.5364999373754 -10.5868333329757 -10.5687500884136 -10.5915833115578 -10.5902916888396 -10.6285000493129 -10.6842916657527 -10.6132917056481 -10.7170834193627 -10.7237083762884 -10.6925000051657 -10.7162499974171 -10.7082500259082 -10.7136250038942
-9.53237493584553 -9.54262504229943 -9.22458337744077 -9.47291673719883 -9.38362505286932 -9.53183330843846 -9.30308331052462 -9.20154164234797 -9.27037497858207 -9.26779164373875 -9.30041667819023 -9.37720834215482 -9.4515416820844 -9.47250002125899 -9.53716662526131 -9.748208279411 -9.79704165458679 -9.8952500174443 -9.87570835649967 -9.88550001382828 -10.0449583083391 -10.0606667250395 -10.1286667038997 -10.1814165810744 -10.2553333540758 -10.3342499236266 -10.3875000327826 -10.4463749925296 -10.4740416159232 -10.4357915818691 -10.4236248582602 -10.4096250236034 -10.4075417270263 -10.417999992768 -10.4284583032131 -10.4201666762431 -10.452999929587 -10.4578749040763 -10.5097500483195 -10.5799583295981 -10.4922499855359 -10.5784167001645 -10.5493333091338 -10.5530833154917 -10.601041679581 -10.6049583107233 -10.6424583544334
-9.29866668581963 -9.16395835826794 -9.21174998333057 -9.251249961555 -9.31808337569237 -9.37608338395754 -9.28479167073965 -9.2627916932106 -9.29712499181429 -9.30983337263267 -9.3548333644867 -9.33162498970827 -9.6244166692098 -9.66937504212062 -9.51616668701172 -9.54633330802123 -9.48283336063226 -9.71429168184598 -9.79804159204165 -9.69929166138172 -9.61391670505206 -9.79224995772044 -10.0537083844344 -10.1742500414451 -10.2088750948509 -10.2816666662693 -10.2922082195679 -10.3288334061702 -10.3472084005674 -10.3758749912182 -10.3877082963785 -10.3725000272195 -10.3053751339515 -10.2951250821352 -10.3216250389814 -10.3560416996479 -10.3629166682561 -10.4040833463271 -10.3876250038544 -10.4287083248297 -10.407416721185 -10.4248334467411 -10.4246250540018 -10.5394583046436 -10.5501666565736 -10.584833363692 -10.6576666732629
-9.22274996091922 -9.10479168097178 -9.2583749939998 -9.13195829341809 -9.20220831036568 -9.36895837138097 -9.21912504484256 -9.19883338610331 -9.28341665615638 -9.31983332335949 -9.33941664298376 -9.48279165724913 -9.68370831012726 -9.47345837950706 -9.38908344010512 -9.3605417261521 -9.40616672237714 -9.62216666837533 -9.61545833945274 -9.63779158890247 -9.84316667417685 -9.73616668581963 -9.65562503536542 -9.96891670425733 -10.1170833408833 -10.1565416008234 -10.1809166769187 -10.1922916720311 -10.1792915910482 -10.1729999432961 -10.2042499532302 -10.2542915741603 -10.3015832702319 -10.2790416727463 -10.2771666646004 -10.2860832512379 -10.3448333442211 -10.5169166227182 -10.5879584401846 -10.4536667366823 -10.4284167637428 -10.4472916573286 -10.4332500149806 -10.4827498892943 -10.5616249938806 -10.6087916443745 -10.6306666731834
-9.10849995911121 -9.12208334604899 -9.0690833106637 -9.22387500603994 -9.07970831294854 -9.14354164153337 -9.22870840132236 -9.31429162124793 -9.29762494564056 -9.24841667711735 -9.30320835610231 -9.35849999884764 -9.57333331803481 -9.42841671407223 -9.39016668498516 -9.56079164147377 -9.67120831708113 -9.63395836949348 -9.60112499197324 -9.68937502801418 -9.82941674192747 -9.94387509425481 -9.97908332447211 -9.986166720589 -10.0886249939601 -10.0944167027871 -10.0995833625396 -10.1462500070532 -10.1514166047176 -10.136458342274 -10.1312499642372 -10.1534166137377 -10.2022916724284 -10.2087500244379 -10.2828750411669 -10.3742916360498 -10.4064583927393 -10.4465416371822 -10.3789166559776 -10.3590416659911 -10.39412505428 -10.4547916601102 -10.4511250158151 -10.491250043114 -10.5415000021458 -10.5865833659967 -10.5640000253916
-9.26162504156431 -9.16441674778859 -9.15633329004049 -9.2425833021601 -9.26112502316634 -9.22350000093381 -9.21112502117952 -9.20958335449298 -9.22287497669458 -9.17866670588652 -9.26212497552236 -9.42841674635808 -9.39229172468185 -9.49841662744681 -9.5543749332428 -9.47658336907625 -9.66741660237312 -9.6253750026226 -9.65487502018611 -9.729541644454 -9.7925833016634 -9.8578333457311 -9.94712504247824 -9.97562504311403 -10.0024166852236 -10.0512084017197 -10.0553333709637 -10.0640417188406 -10.0658750409881 -10.1258333275716 -10.120541686813 -10.17833335946 -10.2106249779463 -10.2167500555515 -10.222124983867 -10.2023332913717 -10.2213749686877 -10.2955832729737 -10.3280832866828 -10.3407083998124 -10.3855417768161 -10.4561251004537 -10.44933347404 -10.4263750414054 -10.4377500712872 -10.4877500534058 -10.4285416603088
-9.15008328855038 -9.14670832951864 -9.12349994232257 -9.08141663173834 -9.21687499930461 -9.1992916688323 -9.28316662957271 -9.2970833281676 -9.33612496902545 -9.20783333480358 -9.13950003931919 -8.8333333954215 -8.99204168717066 -9.32195837299029 -9.32150000333786 -9.48037497450908 -9.52845836679141 -9.61149995028973 -9.74204162259897 -9.72924998899301 -9.73962498207887 -9.82025002439817 -9.87420829633872 -9.92437500754992 -9.97274998575449 -10.0199583917856 -10.0364166970054 -10.0154999469717 -10.0412082970142 -10.0867499460777 -10.0907082979878 -10.1738750090202 -10.1822083890438 -10.1533750643333 -10.1990417689085 -10.2138334115346 -10.2088749657075 -10.2148749331633 -10.2376250326633 -10.2740834256013 -10.3822917093833 -10.365833312273 -10.4238333304723 -10.3962498853604 -10.4161250193914 -10.3716666499774 -10.2970000207424
-9.1439998721083 -9.10200002292792 -9.09475003679593 -9.10449991375208 -9.06975000103315 -9.04558336486419 -9.01558330406745 -8.97245835761229 -9.08329169700543 -9.07220837722222 -9.08104166388512 -9.05562497178713 -8.73687498768171 -8.7878333479166 -9.2242083499829 -9.37795833746592 -9.54320835570494 -9.5352084239324 -9.54900002479553 -9.55495835343997 -9.64395833015442 -9.74999991556009 -9.81887497504552 -9.88804166018963 -9.85520836462577 -9.96904172499975 -9.95920836925507 -10.0120417078336 -9.99462496240934 -10.0158332859476 -10.0381249810259 -10.0023333306114 -10.0528334503372 -10.1023750131329 -10.1236666540305 -10.1547082960606 -10.1447916527589 -10.1791250109673 -10.191000059247 -10.1759167412917 -10.2397083342075 -10.3727915982405 -10.2939582864443 -10.3079166511695 -10.2189582933982 -10.170708283782 -10.2427499641975
-9.06558341781298 -9.11795831968387 -9.09820831070344 -9.13004165887833 -9.00000000993411 -8.98895834634702 -9.02383329470952 -8.93170834332705 -8.73562502115965 -8.94524997472763 -9.12179164340099 -9.18458333611488 -9.12420832614104 -8.71354167660077 -8.52787498633067 -9.07016666481892 -9.3265000184377 -9.38574996093909 -9.46845830976963 -9.52958339701096 -9.66783341020346 -9.69508329530557 -9.77570826808612 -9.81624998648961 -9.83387507001559 -9.93941663702329 -9.90591670324405 -9.94479165474574 -10.0517916878064 -10.0054583425323 -10.0037500609954 -9.96554168562094 -9.99104168266058 -9.98608332872391 -10.0865416675806 -10.1236249705156 -10.0577083180348 -10.1077499985695 -10.1144583026568 -10.1840833326181 -10.2229583263397 -10.3160416334867 -10.3080416570107 -10.3190415302912 -10.2687916407983 -10.3068332870801 -10.3231666137775
-9.11212500433127 -9.12208332369725 -9.08679163952669 -9.08537498116493 -9.01800006628036 -9.04195836186409 -9.01800000170867 -8.94066671530406 -8.81550002843141 -8.73737499614557 -8.81620836009582 -8.76358325779438 -8.93058330565691 -8.79075000435114 -8.34137504796187 -8.53462498386701 -8.70716668913762 -9.08158334841331 -9.27008333305518 -9.40904168287913 -9.53608331829309 -9.57650000602007 -9.68104163060586 -9.71512501686811 -9.77845823764801 -9.81129165738821 -9.85825000703335 -9.94383330146472 -9.95704171061516 -10.0732500553131 -10.1040417825182 -10.0407500614723 -9.83562493572632 -9.92400001734495 -10.0454166854421 -10.0515416612228 -9.99254176020622 -9.98883334050576 -10.0300417145093 -10.1259167194366 -10.1499583224456 -10.1739583512147 -10.1851250529289 -10.2730833192666 -10.2618749489387 -10.2827083220085 -10.1892083585262
-9.04966670026382 -9.01824998607238 -9.05816659579675 -9.13687491913637 -9.02883333712816 -8.9837917064627 -9.01312500238419 -9.0365833491087 -8.91958341250817 -8.82983336597681 -8.84983333696922 -8.34304169813792 -8.11670829852422 -8.20929166177909 -8.25587497651577 -8.34141665200393 -8.39312503238519 -8.49749992787838 -8.88987498482068 -9.28745836764574 -9.43970828751723 -9.53754171480735 -9.53445834914843 -9.5926666383942 -9.61262505501509 -9.6675832743446 -9.63591665277879 -9.66487509508928 -9.67458344002565 -9.73858333875735 -9.78095827251673 -9.85175003111362 -9.76862496385972 -9.81270837783813 -9.95391670117776 -9.99595840026935 -9.92608331392209 -9.93391664574544 -9.93375001351039 -10.0257500236233 -10.0786250059803 -10.1340000927448 -10.2082500358423 -10.2142916669448 -10.2566250512997 -10.2015833556652 -10.1592083175977
-8.7230416238308 -8.67170833299557 -8.82212492575248 -8.89645831783613 -8.95904163271189 -8.97054171313842 -8.99079169084628 -9.01270834356546 -8.77162500719229 -8.61916668713093 -8.71112501124541 -8.61662502090136 -8.59633337706327 -8.42833333462477 -8.3430000046889 -8.21124996741613 -8.32575000325839 -8.49229164421558 -9.02741657942533 -9.2226666311423 -9.32220843682686 -9.40045831600825 -9.46791670223077 -9.53162497530381 -9.52795825898647 -9.53924996157487 -9.56762499858936 -9.56604173282782 -9.67133341232936 -9.77758341282606 -9.64862493425608 -9.81891661137342 -9.83387496074041 -9.92650001247724 -9.93137499441703 -9.93575008710225 -9.92154171566169 -9.94795836508274 -10.0208333333333 -9.98633333543936 -10.0337083786726 -10.0324583897988 -10.1284584452709 -10.0607499380906 -10.015999947985 -9.99912498891354 -10.0114167084297
-8.49633335073789 -8.55683339635531 -8.66670836756627 -8.78445831437906 -8.87595833092928 -8.91479169080655 -9.04204166183869 -9.21316667397817 -9.17691667377949 -9.04216665774584 -8.77699997276068 -8.79966666301091 -8.87770835558574 -8.92949997882048 -8.717041708529 -8.47679165005684 -8.49029161284367 -8.70095834136009 -8.92975004265706 -9.04654162377119 -9.24241667985916 -9.28170830756426 -9.41041663537423 -9.49941663195689 -9.56079169859489 -9.57237496227026 -9.52154160290956 -9.48512495557467 -9.48458334803581 -9.50337505588929 -9.68208327392737 -9.97233332693577 -9.92437495787938 -9.93541665375233 -9.92924999197324 -9.92445839693149 -9.92645833392938 -9.97091673314572 -9.96354167660077 -9.98366665095091 -9.99283331135909 -10.041458333532 -10.0282499939203 -9.98287491997083 -9.84662512441476 -9.81454165776571 -9.89529164135456
-8.35458330065012 -8.34620836128791 -8.37741670260827 -8.6695000131925 -8.77716666460037 -9.0107083345453 -9.0721666564544 -9.0191666757067 -9.12591674923897 -9.06841665754716 -8.95374997953574 -8.96045835316181 -8.83137499541044 -8.87099998195966 -8.81012504299482 -8.59833333392938 -8.67912504573663 -8.74083341906468 -8.76104166607062 -8.92037499696016 -9.04183332373698 -9.14012498408556 -9.25408327827851 -9.36558329065641 -9.36945823083321 -9.49541655679544 -9.43837494154771 -9.408208347857 -9.52945829431216 -9.44299993664026 -9.50729170441628 -9.79529174168905 -9.95108326524496 -9.77545825888713 -9.85595833261808 -10.0360000779231 -10.1588749537865 -10.0447083562613 -9.92333327482144 -9.94274993737539 -9.99237505594889 -9.98804176350435 -9.96541665991147 -9.89595832924048 -9.8553333034118 -9.71279167632262 -9.84645828853051
-8.2078749636809 -8.29025005797545 -8.22391672432423 -8.59004165728887 -8.79425003131231 -8.95820836474498 -8.91770829508702 -8.88262497385343 -8.83579163004955 -8.98433328668276 -9.07820830245813 -9.05841665466627 -9.05349991470575 -8.81170832614104 -8.77250007043282 -8.5895416388909 -8.53383332242568 -8.62029164036115 -8.81091670443614 -8.92437501748403 -8.96070832510789 -9.00833333532015 -9.07920836905638 -9.14991663148006 -9.23712500184774 -9.2616249298056 -9.29520832002163 -9.45404175172249 -9.5754583577315 -9.27320831765731 -9.62616667896509 -9.60400001953045 -9.95133329182863 -9.86795839418968 -9.93408328791459 -10.1738333205382 -10.2314999947945 -10.1094165345033 -9.89924996594588 -9.91829168548187 -10.0075417011976 -9.92062513033549 -9.89425003528595 -9.80666665732861 -9.75354168315729 -9.69341669480006 -9.80616670598586
-8.0268750389417 -8.00487499684095 -8.01920827229818 -8.21112495660782 -8.22099998841683 -8.45100002735853 -8.80812499672174 -8.76462500790755 -8.97145831833283 -9.03695835669835 -9.02308332175017 -8.99079169829686 -8.9562916358312 -8.75074994067351 -8.56908331314723 -8.50041667868694 -8.52183338006338 -8.55354169011116 -8.66904168576002 -8.70820836474498 -8.7811666354537 -8.87762503325939 -8.98358331372341 -9.12091666460037 -9.23395831882954 -9.31304170439641 -9.46341666082541 -9.3730833431085 -9.60375002523263 -9.75762504587571 -9.53837497532368 -9.59829171250264 -9.56999998042981 -9.73612504452467 -10.0027499993642 -10.1437917202711 -10.1042500262459 -10.0654583474 -9.92799997329712 -10.0405833125114 -9.96870827674866 -9.7815417945385 -9.78816666205724 -9.77979163080454 -9.76920834432046 -9.77645836025477 -9.83358334253232
