WorldClim_2.0_rasters/WC2.0_bio_19_16.asc
NCOLS 642 
NROWS 378 
XLLCORNER -19 
YLLCORNER 19 
CELLSIZE 0.166666666666667 
NODATA_value -1.7e+308 
[rows 270 to 299 of 378, columns 335 to 401 of 642]
332.6875 299.6875 272.0625 246.8125 226.625 208.625 190.9375 191.3125 200.0625 192.5625 194.25 191.6875 181.25 178.8125 196.25 197.75 196.875 197.5 185.4375 173.875 172.25 179.1875 188.625 189.625 189.8125 193.6875 196.875 204.9375 216.8125 226.9375 234 243.25 258.0625 294.75 353.9375 403.1875 389.25 382.625 403.625 412.375 421.8125 426.1875 409.5 379.3125 357.375 343.1875 296.125 229.125 204.125 178.8125 162.3125 158.375 155.0625 153.625 146.5625 144.125 136.875 125.5 114.5625 107.875 102.1875 97.25 94.3125 94.25 97.5 97 94.5625
310.125 276.25 243.375 218.9375 202.0625 189.6875 180.1875 169.5 177.25 179.75 175.1875 168.1875 163.6875 163 172.125 172.25 175.4375 175.4375 166.6875 156.8125 158.6875 163.375 169.25 170.4375 172.4375 176.3125 184.5 192.1875 201.875 212.1875 217.6875 220.5 226.1875 254.75 326.1875 405.8125 410.5625 390.125 396.6875 409.25 412.25 446.5625 439.4375 404.125 383.125 360 346.5625 266.9375 226.0625 213.8125 200.125 186.8125 179.625 173.875 159.375 162.4375 151.25 143.6875 133 119.625 112.375 106.75 102.0625 97.1875 98.125 99.5625 101.25
283.9375 248.4375 214.875 193.6875 184.25 175.1875 168.0625 162.4375 157.5625 160.0625 158.5625 151.875 148.25 149.1875 153.4375 153.3125 156.4375 160.8125 160.9375 159.5625 156.5625 153.9375 149.6875 148.8125 158.5 168.5625 177.875 187.6875 202.6875 214.625 216.5625 215.6875 218.75 236.3125 287.5 335.9375 347.75 339.875 343 352.625 355.6875 391.5625 397.5 404 407.8125 402 369.25 339.625 267.3125 233.75 240.0625 218.4375 211.1875 201.4375 187.75 182 171.3125 151.8125 147 133.125 122.5 118.75 110.5625 106.875 107.75 108.5625 104.375
259.6875 219 190.75 177.375 166.75 161.5 156.375 151.1875 144.875 146.875 141.5 138.1875 133.4375 131.9375 137.8125 140.375 144.75 152 163.875 171.625 175.625 172.6875 153.9375 139.5 148.3125 165.3125 183.0625 197.1875 221.625 234.375 235.0625 222.6875 216.3125 232.8125 258.5 277.5 280.875 268.6875 276.25 315.3125 319.3125 334.4375 347.125 393.75 433.375 430.4375 384.5625 354.3125 318.375 296.8125 270.3125 268.875 244.25 237 228.125 208.4375 184.6875 171.125 163.75 149.1875 139.375 131.6875 119.625 112.9375 110.8125 108.875 110.3125
235.75 184.5 159.125 155.875 153 148.0625 143.6875 133.8125 130.6875 131.1875 125.5 120.625 112.5625 115.0625 121.875 129.25 134.8125 140.375 149.4375 153.5 149.75 145.0625 136.375 130.25 142.25 158.9375 173.875 186.0625 195.8125 197.4375 197.75 196.5625 195.75 204.5 222.875 239.125 242.75 231.1875 232.1875 256.5625 270.25 291.5 305.1875 351 423.3125 444.875 435.5 426.5625 419.5 408.3125 340.625 311.6875 311.5 265.4375 252.25 229.25 208.5625 195.6875 182.3125 160.375 143.875 134.75 131.0625 124.1875 121.0625 120 118.0625
199.4375 161.5 143.5 145.1875 142.9375 135.3125 129.9375 119.3125 119.875 117.125 109.1875 98.75 94.8125 96.6875 100.0625 105.8125 114.5625 117.375 120.5625 124.125 125.8125 124.625 123.25 126.1875 136.0625 143.8125 152.0625 161.625 167.375 171.75 175.6875 177.4375 180.6875 186 192.75 200.4375 209.75 210.875 213.25 223.1875 235.4375 253.375 269.5 306.1875 363.5 381.5 410.5625 423.0625 429.4375 415.4375 379.8125 342.375 360.8125 334.375 283.625 250.3125 237.8125 219.8125 198 172.625 156.0625 149.5625 142.5 137.0625 129.3125 126.125 122.9375
183.4375 153.875 143.3125 142.5 132.375 125.625 118.9375 109.5625 101.3125 96.5625 93.6875 87.75 84 81.375 82.3125 86.4375 94.875 100.4375 106.3125 110.125 114.625 116.3125 118.8125 121.5 123.625 134.125 143.625 149.75 155.0625 160.625 165.25 168.8125 169.875 172.1875 174.25 179.5625 185.1875 188.6875 191.8125 199.625 222 230.6875 245.625 265 296.625 311.75 343 380.5625 409.5625 405.8125 381.5625 401.1875 389.5625 384.625 358.4375 279.3125 270 244.5625 210.625 184.6875 174.625 162.875 152.25 143.5625 132.875 129.3125 126.875
177.625 148.0625 134.6875 127.25 121.375 116.5625 109.8125 102 97.9375 92 88.625 84.4375 86.5 85.5625 84.3125 83.5625 85.8125 89.5625 97.5625 102.375 105.0625 106.5 109.1875 112.5 117.3125 125.1875 129.875 134.1875 140.3125 144.4375 147.5625 153.75 157.6875 159.5 162.25 164.5 169.4375 172 173.375 184.625 200.0625 211.375 214.1875 223.9375 237.375 284.5 332.875 356.9375 380.125 393.0625 401.125 416.5 433.75 449.0625 468.9375 414.75 315.125 249.3125 210.4375 199.9375 182.0625 169.25 155.75 148.5 139.25 133.75 130.5625
175.75 146.75 127.9375 117.375 109.75 105.9375 102.0625 95.5625 92.125 86.3125 80.3125 77.8125 78.0625 78.375 81 85.6875 89 87.1875 82.9375 91.5625 94.9375 97.625 100.625 103.375 110.5 112.8125 114 119.5 129.375 129.25 131.625 142 143.6875 143.625 149.5625 150.9375 154.625 157.25 156.8125 166.875 172.75 182.3125 184.5625 189.3125 191.375 230.875 288.4375 324.5625 343.8125 370.5625 376.375 401.625 450.3125 487.0625 506.25 465.9375 384.9375 303.9375 256.5 213.0625 192.5625 180.875 164.6875 150.9375 145.375 141.0625 134.4375
171.375 146.3125 126.4375 112.625 104.5 100.375 94.25 87.5 83.625 77.9375 73.1875 71.75 75.3125 79.5625 89.9375 95.125 92.625 84.6875 81.625 77.875 84.5 88.875 91.375 96.125 98.1875 99.4375 104.75 110.6875 117 117.0625 121 123.1875 126.875 133.625 136.6875 139.5 139.625 145.1875 145.5625 150.25 153.8125 154.25 156.5625 159.25 161.0625 183.6875 244.6875 297.125 295.5625 322.8125 369.4375 385.375 395.8125 420.5 418.125 419.6875 407.8125 294.4375 279.1875 235.4375 209.25 187.75 171.5625 162.125 152.6875 145.875 136.5
184.875 151.9375 131 112.3125 99.125 94 88.6875 84.5 81.875 77.625 73.6875 74 76.125 78.8125 85.5 79.8125 76.5 76.3125 77.4375 77.125 73.1875 78 83.75 88.0625 89.25 88.4375 95.625 101.3125 107.625 111.5625 114.375 115.5625 120 122.5625 128.9375 127.5 127.1875 129.875 135.5625 131.625 136.375 136.8125 138.0625 139.9375 146.4375 166.1875 199.0625 230.8125 258.875 301.8125 351.4375 375.125 386.25 377.3125 377.25 411.875 344.0625 323.875 278.5 228 216.25 192.4375 175.375 165.875 156.625 147.875 141.6875
181.25 154.1875 127.5625 110.25 99.1875 91.5625 89.25 83.125 78.3125 74.25 74.8125 71.1875 67.6875 66.4375 65.75 64.375 62.625 66.4375 66.875 69.5625 71.625 70.5 75.25 80.0625 82.0625 80.8125 85.375 91.125 97.3125 102.625 107.1875 107.4375 108.5 111.6875 117.25 116.3125 117 116.25 121 123.625 122.5625 127.5625 129.625 132.1875 138.75 150.5625 172.875 207.3125 235.5 260.75 291.75 342.8125 350.8125 370.9375 394.1875 402.375 364.25 295.25 279.3125 241.875 221.3125 199.6875 182.3125 169.375 156.5625 148.375 143.6875
177.25 143.25 118.875 104.875 99 91.9375 93.25 87.0625 84.125 84.9375 77.25 65.375 61.5 58.625 57.625 56.375 58.0625 61.625 64.625 64.875 65.625 67.375 67.3125 71.75 75.75 75.6875 79.0625 83.75 90.3125 96.9375 100.4375 100.0625 99.625 100.875 106.4375 106.875 105.25 106.9375 111.9375 110.6875 111.375 118.9375 121.875 125.5625 131.75 141.9375 158.75 185.0625 210.625 234.25 280.3125 295.3125 287.9375 356.5 370.5 373 333.3125 306.3125 262.25 247.125 223.75 204.125 188.75 175.3125 163.6875 153.4375 144.5625
161.125 127.5625 110.8125 97.9375 86.625 78.8125 77.6875 75.25 71.0625 66.75 60.6875 56.375 54.75 52.5625 51.875 51.6875 54.0625 55.75 57 58.6875 60.5625 62.875 64.0625 64.75 68.4375 71.875 73.875 80.875 87.375 92.0625 94.6875 95.875 92.8125 94.5625 98.6875 98.375 93.9375 96.9375 103.1875 105.1875 103.3125 106.6875 111 118.6875 123.375 132.8125 147.9375 163.6875 181.6875 205.9375 227.9375 237.9375 268.0625 300.1875 333.25 344 319.5 304 278.75 251 231.6875 206.125 188.8125 179.9375 168.125 157.0625 153.4375
135.625 109.5 90.875 78.1875 70.125 63.0625 58.25 54.6875 55.5625 50.0625 49.75 48 47.4375 48 49.4375 50.8125 52.3125 54.5625 55.0625 56.0625 57.5625 57.875 60.3125 62.1875 60.875 66.6875 70.25 76.5 79.375 80.8125 86.25 89.5 89.375 90.5 90.375 89.9375 86.875 88.875 95.5625 97.625 99 96.4375 102.1875 107.625 113.6875 121.6875 134.0625 149.1875 160.8125 176.5 191.0625 212.375 236.625 270.5625 307.9375 299.625 302.5625 285.625 270.375 250.5625 231.6875 207 193.9375 187.125 176.8125 162.5625 163.375
110.8125 91.875 76.0625 65.0625 58.25 53.125 51.875 49.1875 44.875 44.5625 44.5625 45.625 45.0625 47.875 51.25 52.5625 52.6875 53.1875 54.3125 54.9375 55.4375 56.5625 57.875 59.9375 60.375 63.4375 67.3125 69.375 71.9375 76.4375 77 76.6875 78.25 81.0625 81.6875 80.25 79.6875 83.8125 87.125 91.875 92.75 90.375 95.6875 99.625 102.8125 111.0625 124.4375 136.125 143.3125 155.375 166.0625 189.875 213.625 252.375 275.125 295.875 282.0625 271.875 257.3125 243.1875 226.75 213.1875 197 192.5625 184.875 174.1875 169.8125
86.625 71.75 60.875 55.125 51.3125 53.5625 47.75 43.4375 41.375 41.3125 40.625 43.75 47.375 49.875 50.5625 52.4375 52.25 52.625 53.3125 53.25 53.9375 54.4375 56.25 58.125 60.0625 62.4375 67.125 69.25 70.75 72.3125 74.4375 72.6875 68.125 69.625 77.5625 75.375 74.3125 72.3125 81.875 85.125 86.1875 84.0625 85.75 90.5625 99.6875 105.6875 119 127.6875 131.375 140.3125 156.4375 177.375 198.625 240.1875 263.3125 274.5625 271.5 260.75 247.125 234.6875 223.1875 210.75 201.25 194.6875 183.25 172.1875 162.625
84.375 62.4375 54.375 55.0625 50.6875 46.5 42.375 39.9375 38.5 39 42.75 46.5625 46.6875 47.4375 48 50.5625 52.375 52.625 52.75 53.3125 52.5 53.1875 54.375 55.875 57.375 59.25 63.25 65 67.1875 68.5625 69.5625 69.4375 69.125 66.8125 69.75 70.875 70.3125 67.4375 68.25 77.5625 81.375 80.8125 80.5 82.75 92.9375 105.5625 114.875 116.875 121.25 133.9375 149.5 162.4375 180.125 221.375 246.9375 258.8125 256.8125 249.125 239.75 229.5 219.125 209.8125 201.625 195.5 187.625 178.125 169.375
64.625 53.4375 50.625 50.375 49.375 47.3125 43.8125 40.5 39.75 39.8125 40.375 41.75 42.625 44.4375 46.0625 48.8125 50.75 53.1875 52.8125 52.6875 52.3125 53.5 52.5625 53.5625 54.5 56.4375 59.4375 60.4375 60.0625 62.0625 63.5 64.375 63.8125 63.1875 64 64.25 67.8125 65.5 64.5625 65.375 73.6875 77.0625 79.8125 81.625 85.375 94 102.4375 108.625 117 125.6875 140.125 153.3125 169.125 194.5625 223.5 238.375 242.625 239.125 232.875 227.0625 218.4375 213.0625 206.5 200 195.75 184.625 182.3125
64.9375 52.4375 44.0625 40.6875 40 40.0625 39.125 38.4375 37.75 37.75 38.25 38.625 40.875 42.5625 45.625 48.0625 49.75 52.4375 51.5625 51.5 52.375 52.1875 52 52.5 52.25 53.25 55.4375 56.8125 57.875 57.8125 57.8125 59.75 60.375 61.125 61.5625 61.75 64.875 68.9375 65.0625 64.5 73.4375 74.3125 77.4375 81.1875 82.3125 90.4375 96.625 103.8125 111.5625 119.8125 133.125 146.25 161.625 170.4375 202.9375 223.625 229.0625 230.625 224.625 218.8125 216.1875 214 210.9375 210.1875 200.375 200.625 189.6875
61.3125 48.25 42.6875 38.625 37.125 36.25 36 36.5625 36.1875 36.8125 37.5625 38.6875 40.4375 42.5625 45 46.4375 49.625 50.5 51.0625 49.6875 47.6875 48 49.3125 51.5 51.1875 51.5 53.4375 54.3125 54.3125 54.9375 54.8125 55.5625 56.4375 57.1875 57.9375 57.9375 61.5625 67.3125 70.4375 72.75 72.625 72.3125 76.1875 77 79.6875 87.3125 94.5 100.5625 109.1875 116.1875 127.1875 139.25 146.3125 156.875 171.625 191.3125 209.8125 220.875 218.75 211.8125 210.6875 210.9375 207.75 206.4375 209.8125 207.3125 216.375
57.75 50 42 38.625 37.3125 35.375 35.25 35.4375 36.5625 37.5 38.625 40.5625 41.8125 42.8125 44.4375 46.75 50.0625 51.125 51.625 50.75 50.25 51.125 51.3125 51.0625 50.8125 50.8125 50.875 50.875 51.375 51.625 52.25 53.5625 55.125 56.0625 56.9375 56.6875 59.3125 60.9375 61.375 62.1875 65.1875 67.5 70.8125 73.125 78.5 85 89.75 99.75 104.6875 112.375 119.9375 132.0625 132.625 141.0625 153.5 172.625 183.1875 204.4375 211 209.25 205.625 207.0625 210.25 211 213.6875 216.5 223
58.3125 49.9375 41.6875 37.625 36.125 35.25 35 35.3125 36.25 38.75 39.125 40 42.1875 44.3125 45.75 48.125 50.375 51.4375 52.1875 52.25 51.125 50.6875 49.75 49.625 49.875 49.875 48.9375 49.8125 49.375 49.125 49.3125 50.8125 52.5 53.75 54 56.375 56.6875 59.625 60.4375 58.9375 61.375 64.25 67.25 70.25 75.125 81.5625 84.9375 94.0625 99.9375 106.1875 110.25 117.25 125.625 128.1875 138 153.9375 164.5 185.0625 199.6875 200.5625 203.9375 203.1875 204.375 210.625 214.0625 223.125 222.5
65.6875 50 42.375 38.3125 35.875 36.25 36.0625 35.6875 37.25 39.4375 40.625 41.125 43.1875 44.5625 46.0625 48.8125 51.75 53.375 53.25 52.4375 49.875 48.625 48 48.3125 47.9375 46.625 47.625 47.8125 47.75 47.1875 47.4375 47.9375 48.9375 51.5625 51.75 52.375 54.0625 55.1875 57.5625 57.8125 58.25 61.5625 65.5625 69.3125 72.8125 77.625 81.3125 85.9375 93.5625 97.25 102.625 107.625 112.5 121.875 128.375 140.25 150.0625 158.5 175.375 182.4375 191.8125 199.625 202.5 205.75 212.375 221.9375 225.375
86.25 58.375 45.4375 40.125 37.375 37 36.125 36 36.75 39 40.5 42.1875 43.125 45.375 48.1875 50.5 53.0625 54.3125 52.875 51.625 50.1875 49.3125 48.125 47 46.375 45.75 46.8125 46.6875 47.0625 47.125 45.75 45.5625 46.5 48.6875 50.125 50.125 50.5625 51.125 54.25 54.5625 56.5 57.25 60 66.125 71 74.4375 78.25 81.125 85.0625 89.375 96.8125 99.5 103 113.0625 123.1875 126.5625 130.5625 140.0625 150.5625 173.0625 183 187.375 198.1875 204.1875 210 217.4375 225.9375
107.5 64.875 51.5 46.6875 39.6875 36.75 36.75 36.75 37.5 39.25 41.4375 43.1875 44.4375 46.6875 49 50.9375 52.1875 52.75 50.9375 51.5625 51.125 50.5 49 47.4375 46.75 46.5 46.125 45.4375 45.3125 45.625 44.6875 43.8125 44.5625 46.125 47.6875 48.75 48.25 48.125 50.0625 48.625 49.625 54.625 55.5 59 66.375 70.5625 73.5625 77 79.8125 82.375 87.3125 90.6875 93.375 98.9375 104.875 112.25 124.375 127.4375 140.75 149.8125 160.6875 178.625 191.5625 198 205.625 214.4375 222.25
138.375 73.4375 53.875 52.4375 46.1875 38.9375 37.4375 36.75 38.5625 39.9375 42.875 44.875 46.3125 47.875 49.625 50.875 50.625 50.75 50.5625 50.875 50.875 49 47.4375 46.375 46.25 45.5625 45 44.375 43.8125 43.8125 42.375 42.4375 42.3125 43 44.9375 45.875 46.125 46.5625 47.1875 48 45.5625 49.125 52 53.25 59.5625 65.5 68.6875 71.4375 75.25 78.25 81 82.875 85.9375 88.9375 94.375 100.1875 110.375 120.9375 130.875 144.8125 150.75 160.0625 173.625 182.25 192 202.9375 213.6875
133.3125 76.25 51.5 51.75 49.8125 40.625 37.25 37.875 38.8125 40.875 43.3125 45.3125 47.5 48.6875 50.0625 49.75 49.0625 49 49.1875 49.25 49.4375 47.375 47.125 46.375 45.4375 44.3125 43.5 43.875 44 43.5 42.4375 42.5625 41.25 41.25 41.9375 42.8125 43.625 43.8125 44 44.8125 45.4375 46.75 50.875 53.25 53.8125 58.3125 61.25 64.875 69.125 73.0625 77.125 80 81.875 83.5 86.25 91.6875 100.875 107.6875 116.8125 127.1875 139.3125 150.75 162.25 171.5 182.0625 195 208.4375
99.0625 61.1875 44.5625 44.875 48.125 40.875 36.9375 37.6875 39.1875 41.6875 43.5 46.25 47.3125 48.25 49.375 48.0625 47.9375 48 46.4375 46.3125 46.1875 46.125 45.8125 44.75 43.75 43 42.4375 42.4375 42.4375 42.25 40.1875 39.5 40.375 40.125 40.75 41 41.375 42.9375 43.25 43.625 43.3125 45.6875 47.5 48.125 50.5 49.125 54 59 63.375 68.25 72.875 75.1875 78.5 80.1875 80.25 84.6875 94.3125 102.375 112.25 120.5 132.9375 143.4375 154.625 162.375 173.375 184.6875 199.5
58.375 44.375 38 37.8125 42.375 41.1875 36.4375 37.75 39.1875 41.8125 44.75 46.4375 45.5 47.25 48.6875 48.0625 47.75 46.125 45.0625 44.625 44.4375 44.4375 44.0625 43.6875 43.0625 42.5625 41.875 41.4375 40.75 39.375 38.9375 38.375 38.5625 39 39.625 40.75 40.8125 41.5 41.625 42.6875 43.8125 44.5625 42.9375 40.1875 42.25 42.9375 48 53.875 59.625 65.125 69.625 73.3125 75.5625 79.25 81.0625 84.8125 93.125 101.125 110.6875 114.5 122.9375 132.6875 142.1875 152 166.3125 173.3125 185.9375
