WorldClim_2.0_rasters/WC2.0_bio_12_16.asc
NCOLS 642 
NROWS 378 
XLLCORNER -19 
YLLCORNER 19 
CELLSIZE 0.166666666666667 
NODATA_value -1.7e+308 
[rows 290 to 318 of 378, columns 130 to 194 of 642]
152.9375 151.8125 150.8125 148.1875 144.6875 142.25 139.25 132.625 127.625 120.8125 116.125 110.375 103.5 97.125 93.8125 89.875 84.8125 80.5 75.9375 77.0625 72.9375 73.5 73.125 72.9375 70.875 70.5625 69.9375 72 73.125 71.25 69.125 67.9375 68.625 71.1875 74.9375 78.5625 85.125 97.3125 105.3125 120.0625 135.625 149.5 172.25 200 203 197.375 196.9375 199.0625 -1.7e+308 170.625 116.1875 -1.7e+308 -1.7e+308 -1.7e+308 -1.7e+308 -1.7e+308 -1.7e+308 -1.7e+308 -1.7e+308 -1.7e+308 -1.7e+308 -1.7e+308 -1.7e+308 -1.7e+308 -1.7e+308
143.4375 141.125 138.75 136.6875 133.75 130.75 127.25 122 117.6875 112.125 108.0625 102 95.625 90.875 83.4375 78.25 77.4375 75.5625 71.5625 71.9375 69.875 70.0625 67.875 68.3125 67.625 66.5625 66.875 68.125 68.625 69.0625 68.5 68.75 69.625 70.9375 73.3125 78.125 87.25 95.25 104.4375 112.375 125.25 142.0625 163.125 199.125 224.3125 200.4375 194.375 189.5 189 190.375 169.1875 -1.7e+308 -1.7e+308 -1.7e+308 -1.7e+308 -1.7e+308 -1.7e+308 -1.7e+308 -1.7e+308 -1.7e+308 -1.7e+308 -1.7e+308 -1.7e+308 -1.7e+308 -1.7e+308
127.0625 125.6875 124.3125 123.0625 120.5 117.5625 113.8125 111.0625 105.5625 101.9375 96.6875 92.875 88.125 84.5 76.6875 70.5625 70.875 72.1875 68.375 66.9375 65.8125 66.9375 67.0625 66.9375 66.5 64.0625 64.0625 65.6875 66.25 66.375 67.375 67.9375 70.0625 73.375 76.0625 80.6875 88.0625 93.9375 99.5 107.3125 121.1875 137.875 153.9375 176.0625 199.3125 201.375 184 178.25 176.375 177.3125 181 115.5625 91.125 -1.7e+308 -1.7e+308 -1.7e+308 -1.7e+308 -1.7e+308 -1.7e+308 -1.7e+308 -1.7e+308 -1.7e+308 -1.7e+308 -1.7e+308 -1.7e+308
113.75 112.125 111.0625 111.8125 113.125 109.375 102.1875 98.875 95.4375 90.4375 88.8125 84.625 80.9375 76.125 72.3125 68.125 67 64.5625 64.3125 63.75 63.9375 64.5625 63.3125 63.75 62.6875 60.25 61.0625 62.375 62.75 63 63.5 65.125 67.5625 71.125 74.5 78.4375 82.5625 88.0625 95.375 105.75 117.375 129.9375 141.1875 156.625 170.75 180.1875 166.875 159.6875 161 162.1875 167.3125 169.125 164.9375 153 128.3125 -1.7e+308 -1.7e+308 -1.7e+308 -1.7e+308 -1.7e+308 -1.7e+308 -1.7e+308 -1.7e+308 -1.7e+308 -1.7e+308
102.1875 100.375 100.875 103.375 104.25 98.0625 93.125 88.6875 87.125 81.4375 80.125 78.375 73.75 68.0625 66.625 66.125 63.875 60.9375 61.8125 60.875 60.4375 60.25 61 60.1875 58.5625 57.4375 57.125 58.875 59.75 61 61.625 62.375 64.5625 67.9375 71.0625 75.75 80.3125 85.6875 92.6875 100.8125 110.4375 118.9375 128.3125 141.75 154.75 165.8125 152.5625 151.125 146.25 147.25 151.625 151.6875 148.1875 149.75 161.75 191.75 168.625 -1.7e+308 -1.7e+308 -1.7e+308 -1.7e+308 -1.7e+308 -1.7e+308 185.5625 -1.7e+308
91.125 90.75 93.3125 93.3125 93.25 89.25 85.8125 79.25 77.4375 71.9375 71.25 69 67.0625 65.1875 64.5625 62.4375 57.6875 56.75 58.1875 57.75 57.0625 57.125 58.1875 57.3125 56.875 56.5 56.0625 56.4375 57.875 59.25 59.8125 60.625 62.1875 64.6875 67.8125 71.75 76.5 81.5625 88.4375 95.25 103.125 108.3125 118.125 129.0625 142.4375 149.5 142.5625 140.875 132.375 135 138.1875 136.8125 132.25 136.25 150.0625 171 195.875 204.5625 209.8125 192.8125 218.3125 273.25 298.9375 317.5625 323
80.0625 79.9375 83.625 80.5 81.875 80.125 78 74.0625 71.1875 68.6875 66.375 64.9375 63.1875 61.1875 58.9375 58.25 55.0625 54.5625 53.6875 53.75 53.5625 54 55.5625 55.1875 55.4375 54.875 54.375 53.9375 54.25 54.8125 56.0625 57.9375 59.75 61.5 64.8125 68.1875 72.0625 77.25 82.75 89.875 94.8125 97.6875 106.9375 117.5 127.75 120.75 118.125 119.6875 119.875 123.4375 126 124.875 121.9375 122 129.8125 145.125 160.6875 167.6875 184.625 210.75 236.5625 258.25 276 285.8125 282.125
70.4375 69.4375 74 72.25 72.9375 74.25 69.75 67.0625 64.0625 62.5 59.6875 58.75 57.5625 56.75 55.9375 54.5 51.625 51.75 51.0625 51.6875 50.4375 51.5625 53.3125 53.25 52.25 52.75 52.625 51.625 51.625 51.875 52.5625 54.8125 56.125 58.6875 60.5 62.5 67.5 72.375 77.9375 82.4375 86.875 89.375 98.125 108.8125 118.8125 113.125 108.625 109.125 111.5 115.625 119.0625 117.5625 114.4375 111.875 112.8125 124.6875 137.4375 144.375 149.8125 168.875 187.375 208.9375 229.625 246 253.5
60.4375 59.25 66.9375 64.8125 62.875 66.1875 63.125 62.0625 60.25 57.1875 55.1875 54.0625 54.0625 53.625 52.1875 49 47.625 47.9375 47.4375 48.625 48.75 50.625 50.4375 50.8125 50.375 50.4375 49.4375 49.1875 49.8125 51 51.75 52.1875 53.5 55.125 56.9375 59.1875 62.625 67.25 71.75 77.375 81.25 83.9375 87.0625 93 100.9375 108 106.3125 102.375 104.375 107.5625 110 110.6875 108.4375 108.1875 109.5 116.8125 123.5 129.625 137.1875 151.3125 162.625 200.4375 247.0625 230.125 238.1875
54.25 54.5 57.125 58.1875 57.9375 58.75 55.5 55.5 54.4375 52.875 51.3125 49.1875 49.0625 49.0625 48.4375 47.5625 47 45.1875 47.75 48 48.0625 48.375 48.6875 48.6875 48.375 48.5 48.3125 48.375 47.6875 47.5625 48.5625 49.5625 50.5625 52.375 53.5625 55.875 58.6875 62.1875 65.4375 70.4375 73.375 76.375 77.5 80.3125 87.625 97.4375 105.875 101.1875 100.0625 103.9375 106.75 108.9375 110.3125 109.75 112.625 116.75 127.0625 134.875 151.1875 199.625 193.875 275.6875 273.4375 266.5625 237.8125
50.5625 49.6875 48.8125 48.6875 51.0625 50.75 50.3125 50.375 49.9375 49.1875 47.9375 46.5625 46.1875 47 46.9375 46.9375 46.4375 44.875 46.5 45.9375 46.5 45.9375 47.125 47 46.875 46.375 45.9375 45.4375 45.4375 45.4375 46.3125 47.3125 47.375 50.0625 51.8125 53.125 55.4375 57.375 60.5625 64.25 67.1875 66 70.375 76 77.625 83.25 91.8125 102.625 110.9375 128.0625 122.25 123.6875 130.125 136.5 135.25 158.8125 183 186.4375 194.0625 194.75 205.5625 237.4375 234.125 232.5625 204.4375
44.6875 44.25 43.9375 43.625 46.0625 45.3125 44.5625 45.3125 43 43.125 44.1875 43.625 43.3125 42.75 43.0625 42.875 42.375 42.9375 43.5625 44.3125 44.8125 44.0625 44.875 45.25 45.875 45.5 43.9375 43.375 43.1875 43.375 43.5625 43.8125 44.9375 46.0625 48.625 50.1875 50.875 53.375 55.0625 58.3125 61.0625 62.3125 64.8125 67.5625 69.5625 72.9375 78.125 88.5625 104.5625 124.625 138.5625 147.4375 152.25 152 153.9375 158.4375 166.5 166.5 159.375 154.4375 159.5625 179.5625 173.75 168 145.625
41.5625 40.9375 40.0625 41.4375 41.125 39.25 39.6875 41 40.9375 40.8125 40.1875 40.5625 39.3125 38.1875 39.25 39.9375 41.0625 41.5625 41 41.625 41.625 42.3125 43.875 44.3125 43.625 43.8125 42 41.6875 41.3125 42.0625 42.75 43 43.75 44.625 45.125 47 49.125 49.6875 50.75 52.25 55.4375 55.6875 56.0625 60.625 64.875 69.9375 73.9375 80.6875 95 105.9375 119.25 128.8125 130 132.1875 136.375 137.875 142.3125 144.5 134.6875 125.9375 117.6875 123.1875 120.75 119.375 105.125
39.8125 39.375 38.4375 38.25 37.4375 36.6875 37.25 37.25 36.8125 37.25 37.9375 36.8125 36.5625 37.625 38.0625 38.125 39.125 39.5 39 38.6875 39.625 40.6875 41.1875 41.9375 41.1875 39.8125 39.9375 40.0625 40.1875 40.625 41.1875 41.8125 42.0625 41.6875 42 42.1875 43.1875 45.625 46.1875 47.25 49 52.3125 51.375 54.4375 56.5625 62.5 66.5 71.5625 80 87.5625 97 105.875 110.125 115.25 115.5 116.25 120.5 119 110.625 103.1875 97.0625 90.1875 83.5 83.8125 78.1875
37.6875 35.75 36.8125 36.3125 35.375 33.4375 33.875 33.4375 34.0625 33.9375 33.5 32.625 32.625 33.375 34 34.875 36.25 37.5625 38.25 38.0625 38.1875 39.5625 40.4375 39.375 38.625 38.875 38.9375 38.875 38.4375 38 38.375 39 40.125 40.8125 40.0625 40.125 40.3125 42 43.375 43.8125 44.6875 46.625 48.5625 49.0625 49.25 52.625 56.375 60.5 65.75 74.6875 83.5625 88.6875 93 97.625 98.6875 98.0625 98.75 97.3125 93.5 86.125 81.625 80.875 73.5 69.1875 64
34.8125 32.8125 33.3125 33.1875 31.25 31.6875 32.5625 31.9375 31.875 31.6875 31.1875 31.1875 31.5 31.625 32.375 33.0625 34.5625 35.5 35.3125 36.375 36.9375 36.875 38.3125 37.0625 37.0625 36.6875 37 37.25 37.0625 37.4375 37.6875 37.75 38.375 37.875 38.6875 39.5 39.8125 40 41 42.0625 42.375 42 43.3125 44.5625 44.5 45.6875 47.3125 50.0625 55.8125 63.8125 71.3125 75.8125 78.1875 85.875 88.25 84.6875 85 80.3125 78.375 79.1875 77.5 82.125 78.8125 63.8125 60
32.75 32.375 30.9375 30 30 30.3125 30.125 28.5625 28.8125 30.125 30.9375 31 31 31 31.625 32.1875 32.625 33.5 34.4375 34.8125 34.75 34.6875 35.3125 34.75 34.375 34.0625 35.4375 36.1875 35.8125 35.75 35.9375 36.125 35.5625 34.8125 34.5 35.1875 36.375 37.5 37.0625 37.625 37.5 37.25 38.9375 39.9375 40.5 40.5625 41.5625 45.875 51.0625 57.5625 64.375 68.375 69.9375 72.9375 75.6875 75.625 77.625 75.75 69.8125 73.375 76.625 74.4375 70.75 63.625 51.5625
30.5625 30.1875 29.875 29.6875 29.8125 29.375 28.25 27.8125 28 28.625 30.625 30.8125 30.875 30.75 31.3125 31.875 32.125 33.4375 32.875 32.6875 33.5 34 33.75 33.125 32.9375 33.0625 33.0625 32.8125 32.6875 33 32.8125 32.3125 32.25 33.125 33 33.125 34.0625 34.625 34.5 33.9375 34.75 35.75 35.875 36.5625 35.875 37.375 38.875 42.125 47.5625 51.875 55.75 58.125 61.125 62.8125 65.125 65.0625 67.3125 67.875 66.875 65.3125 63.8125 62.8125 58.75 49.5625 44.625
29.9375 30.125 28.6875 27.875 29.1875 28.75 27 26.625 27.125 26 27.8125 27.8125 29.1875 29.0625 30.1875 30.75 31.625 32 31.9375 31.8125 31.8125 32.1875 32 31.4375 32.5 32.4375 32.1875 31.3125 30.8125 30.8125 31.125 31 31.125 31.5 32 31.4375 32 32.9375 33.375 33.5625 32.9375 33.75 34.5625 34.5 33.875 34.75 36.125 39.6875 44.0625 46.8125 49.375 51.6875 54.1875 55.5625 55.5625 56.4375 58.625 59 57.875 55.875 54.8125 53 50.625 46.125 42.375
28.4375 28.625 27.4375 27.75 28.875 27.0625 26 26 25.125 24 24.8125 26.6875 27.4375 27.6875 28.5625 29.375 29.375 31.125 31 30.875 30.875 30.625 29.8125 29.125 30.0625 30.625 30.875 29.8125 29.3125 29.5 29.25 29.6875 29.9375 30.25 30.9375 30.625 30.6875 30 30.75 31.75 30.9375 31.25 32.1875 32.1875 32.875 32.5625 34.5 35.9375 38.5 41.125 44.625 46.125 47.375 48.1875 48.875 49.375 50 51.125 49.625 48.6875 47.125 45.875 43.625 42.375 40
28 28 27.875 26 27.0625 25.5 25.5625 25.1875 23.875 23.5 23.8125 24.6875 26.125 26.8125 27 27.0625 27.5 29.25 29.625 29.8125 29.3125 29.0625 29 28.9375 28.5625 28.6875 28.875 28.8125 29 29 29 29.0625 29.0625 29.25 28.8125 28.875 29.0625 29 29.25 30 29.375 28.8125 29.0625 28.3125 30.625 31.25 32.5 33.5625 35.8125 38.0625 40.5625 41.5625 42.75 42.625 43.4375 45.1875 45.375 45.4375 44.9375 44.0625 43.1875 42 40.8125 39.625 38.4375
27.3125 27.5625 26.625 27.1875 25.5625 24.8125 24.125 23.3125 23 23.125 23.25 23.6875 25.0625 26.0625 26.8125 26.75 27.3125 27.125 27.1875 27.0625 27.5625 28.0625 28.5625 28.625 28.125 27.1875 27.0625 27.6875 28.25 28.6875 28.625 29 28.875 28.125 26.6875 28.1875 29 29 29 29.3125 29.625 29 29.125 28.875 26.8125 27.125 29.75 32.375 33.875 35.625 36.875 37.9375 39.3125 39.5 39.6875 40.25 40.8125 41.3125 40.9375 39.8125 39.5 37.9375 37.3125 37.1875 36.8125
26.5 24.875 25.5 26 24.0625 23.75 23.1875 23.25 23.4375 23.875 24 24.1875 25 25.625 26.875 27 27 27 27 27 27 27 26.875 26.625 27.0625 27 27 27.0625 27.5 28.75 28.625 29 28.4375 28.125 28.75 28.0625 28.3125 28.375 28.5625 29 29.8125 29.875 28.25 28 25.4375 25.75 26.875 31.5625 33.0625 34.375 35.5 36.3125 36.5 37.1875 37.25 37.25 36.625 35.9375 36.25 37 36.875 36.5625 35.6875 35.5 34.9375
24 25.3125 25.125 24.5625 23.8125 22.1875 23.125 24 24 23.8125 24 24 25.875 26.6875 27 27 27 27 27 27 27 27 26.9375 26.125 26.4375 26.4375 26.8125 27 28.0625 28.625 28.0625 28.6875 28.25 27.5625 26.375 26.25 26.5625 26.875 27.0625 28.25 30.125 30.125 28.9375 28.1875 27 25.6875 28.1875 30.625 32.125 32.25 33.25 34.0625 34.0625 34 34 34.375 34.75 34.3125 33.4375 33.1875 33.125 33.875 34.3125 33.6875 33.75
25.3125 26.5625 25.4375 24.875 23.1875 23.125 22.875 24.5625 24 23 24.1875 24.5 25.5625 26.375 26.1875 26.125 26.6875 26.875 26.9375 27 27 27 26.875 26.125 26.125 26 26 26.75 27.5625 27.125 28 28 27.1875 26 25.9375 26.625 26.75 26.6875 27.3125 29.0625 30.75 30.375 30 29.125 28.625 27.8125 31 31.6875 31.4375 31.3125 31.6875 32.75 33.25 33.25 32.875 32.375 31.9375 31.875 32 31.625 31.625 32.0625 31.5625 32.0625 32.5
26.6875 26.6875 26.1875 24 23 23.25 24 24.0625 24.4375 24.0625 25.1875 24.75 23.8125 23.625 25.1875 25.5 26 26.125 26.0625 26.125 26.5 26.625 26 26.0625 26.5 26.375 26.0625 26.3125 26.3125 26.625 27.4375 27.625 26.25 25.3125 25.6875 25.8125 26.375 27 29.1875 30.625 29.9375 29.6875 29.5 30.25 30.6875 30.6875 31 30.5 30.3125 30.3125 30.8125 31.6875 30.9375 31.0625 29.1875 28.9375 30.1875 31 30.375 30.25 30.0625 30.25 30 30.1875 31.0625
27.375 27.0625 26.375 25 23.125 23.6875 24.0625 25.0625 25.75 25.5625 25.3125 24.125 23.625 23.25 23.9375 24.375 25 25.3125 25.125 25.6875 25.5 25.625 25.9375 26.1875 26.9375 26.875 26.6875 26.375 26 26 26.375 27.9375 27 25.125 25 24.9375 25.875 26.8125 27.9375 30.125 30.125 28.5625 29 29 29 29.125 28.5625 29.375 29.6875 29.5 29.375 28.75 28.75 29 28.5625 28 27.9375 27.375 27.0625 27.9375 28.0625 26.6875 26.5625 27.6875 28.6875
27.8125 26.5 25.3125 24.25 24.875 23.75 25.1875 25.0625 25.125 25.0625 25 24.5 23.375 23.3125 23.9375 23.875 24.9375 24.9375 25.6875 25.375 24.5 25.375 26 26.125 26.8125 26.5625 25.8125 25.875 26 26 25.875 25.75 26.0625 25.9375 25 25 25 25.9375 28.0625 30.1875 30.0625 29.875 29.625 29 29 28.875 28.3125 28 28.125 27.875 27.8125 28 28.75 28.9375 28.4375 27.5 27 27 26.6875 26 26.0625 26 26 26.4375 27.125
27.375 26.9375 26.0625 26 26 24.625 24.75 25.6875 25 25 25 24.5625 24 23.5625 23.5 24.625 24.125 24.5 24.4375 24.4375 24 24.8125 25.625 26.0625 26.625 25.4375 24.625 24.5625 25.25 25.375 25.25 24.625 25.625 26.25 25 25.75 26.25 26.3125 28.1875 29.9375 30 29.875 30.4375 29.0625 28.3125 28.25 27.8125 27.6875 26.75 26.625 26.375 26.6875 26.6875 27.0625 27.8125 28 27.5625 26.3125 25.125 25.125 25.75 25.875 26.1875 26.8125 27.0625
