WorldClim_2.0_rasters/WC2.0_bio_06_16.asc
NCOLS 642 
NROWS 378 
XLLCORNER -19 
YLLCORNER 19 
CELLSIZE 0.166666666666667 
NODATA_value -1.7e+308 
[rows 63 to 83 of 378, columns 282 to 328 of 642]
-1.7e+308 -1.7e+308 -1.7e+308 -1.7e+308 -1.7e+308 -1.7e+308 -1.7e+308 -1.7e+308 -1.7e+308 -1.7e+308 -1.7e+308 -1.7e+308 -1.7e+308 -1.7e+308 -1.7e+308 -1.7e+308 -1.7e+308 -1.7e+308 -1.7e+308 -1.7e+308 -1.7e+308 -1.7e+308 -1.7e+308 -1.7e+308 -1.7e+308 -1.7e+308 -1.7e+308 -1.7e+308 -1.7e+308 -1.7e+308 -1.7e+308 -1.7e+308 -1.7e+308 -1.7e+308 -1.7e+308 -1.7e+308 -1.7e+308 -1.7e+308 -1.7e+308 -1.7e+308 -1.7e+308 -1.7e+308 -1.7e+308 -1.7e+308 -1.7e+308 -1.7e+308 -1.7e+308
-1.7e+308 -1.7e+308 -1.7e+308 -1.7e+308 -1.7e+308 -1.7e+308 -1.7e+308 -1.7e+308 -1.7e+308 -1.7e+308 -1.7e+308 -1.7e+308 -1.7e+308 -1.7e+308 -1.7e+308 -1.7e+308 -1.7e+308 -1.7e+308 -1.7e+308 -1.7e+308 -1.7e+308 -1.7e+308 -1.7e+308 -1.7e+308 -1.7e+308 -1.7e+308 -1.7e+308 -1.7e+308 -1.7e+308 -1.7e+308 -1.7e+308 -1.7e+308 -1.7e+308 -1.7e+308 -1.7e+308 -1.7e+308 -1.7e+308 -1.7e+308 -1.7e+308 -1.7e+308 -1.7e+308 -1.7e+308 -1.7e+308 -1.7e+308 -1.7e+308 -1.7e+308 -1.7e+308
-4.72120502591133 -1.7e+308 -1.7e+308 -1.7e+308 -1.7e+308 -1.7e+308 -1.7e+308 -1.7e+308 -1.7e+308 -1.7e+308 -1.7e+308 -1.7e+308 -1.7e+308 -1.7e+308 -1.7e+308 -1.7e+308 -1.7e+308 -1.7e+308 -1.7e+308 -1.7e+308 -1.7e+308 -1.7e+308 -1.7e+308 -1.7e+308 -1.7e+308 -1.7e+308 -1.7e+308 -1.7e+308 -1.7e+308 -1.7e+308 -1.7e+308 -1.7e+308 -1.7e+308 -1.7e+308 -1.7e+308 -1.7e+308 -1.7e+308 -1.7e+308 -1.7e+308 -1.7e+308 -1.7e+308 -1.7e+308 -1.7e+308 -1.7e+308 -1.7e+308 -1.7e+308 -1.7e+308
-10.3284999132156 -9.6488741338253 -8.13291126489639 -1.7e+308 -1.7e+308 -1.7e+308 -1.7e+308 -1.7e+308 -1.7e+308 -1.7e+308 -1.7e+308 -1.7e+308 -1.7e+308 -1.7e+308 -1.7e+308 -1.7e+308 -1.7e+308 -1.7e+308 -1.7e+308 -1.7e+308 -1.7e+308 -1.7e+308 -1.7e+308 -1.7e+308 -1.7e+308 -1.7e+308 -1.7e+308 -1.7e+308 -1.7e+308 -1.7e+308 -1.7e+308 -1.7e+308 -1.7e+308 -1.7e+308 -1.7e+308 -1.7e+308 -1.7e+308 -1.7e+308 -1.7e+308 -1.7e+308 -1.7e+308 -1.7e+308 -1.7e+308 -1.7e+308 -1.7e+308 -1.7e+308 -1.7e+308
-6.77963101863861 -5.23065656423569 -1.7e+308 -5.56380638480186 -10.5706621110439 -11.2942498922348 -10.7315000295639 -8.30076596140862 -1.7e+308 -1.7e+308 -1.7e+308 -1.7e+308 -1.7e+308 -1.7e+308 -1.7e+308 -1.7e+308 -1.7e+308 -1.7e+308 -1.7e+308 -1.7e+308 -1.7e+308 -1.7e+308 -1.7e+308 -1.7e+308 -1.7e+308 -1.7e+308 -1.7e+308 -1.7e+308 -1.7e+308 -1.7e+308 -1.7e+308 -1.7e+308 -1.7e+308 -1.7e+308 -1.7e+308 -1.7e+308 -1.7e+308 -1.7e+308 -1.7e+308 -1.7e+308 -1.7e+308 -1.7e+308 -1.7e+308 -1.7e+308 -1.7e+308 -1.7e+308 -1.7e+308
-9.61678886413574 -5.63469642400742 -5.41103392839432 -11.7280733585358 -12.7457499504089 -12.970999956131 -11.8869999647141 -11.1698892116547 -11.5107499361038 -11.269750058651 -9.80417570471764 -10.4825441837311 -10.068854868412 -7.93432641029358 -1.7e+308 -1.7e+308 -1.7e+308 -1.7e+308 -1.7e+308 -1.7e+308 -1.7e+308 -1.7e+308 -1.7e+308 -1.7e+308 -1.7e+308 -1.7e+308 -1.7e+308 -1.7e+308 -1.7e+308 -1.7e+308 -1.7e+308 -1.7e+308 -1.7e+308 -1.7e+308 -1.7e+308 -1.7e+308 -1.7e+308 -1.7e+308 -1.7e+308 -1.7e+308 -1.7e+308 -1.7e+308 -1.7e+308 -1.7e+308 -1.7e+308 -1.7e+308 -1.7e+308
-13.8034000396729 -14.34444886446 -14.1698730587959 -14.0696175694466 -14.2757499814034 -14.0117499828339 -13.9965000748634 -13.5950000882149 -13.3367499709129 -12.9077500700951 -11.898000061512 -11.3034999966621 -10.8345000743866 -10.9982499480247 -10.6295000314713 -10.1541249155998 -8.43719100952148 -6.95812273025513 -3.91145831346512 -1.7e+308 -1.7e+308 -1.7e+308 -1.7e+308 -1.7e+308 -1.7e+308 -1.7e+308 -1.7e+308 -1.7e+308 -1.7e+308 -1.7e+308 -1.7e+308 -1.7e+308 -1.7e+308 -1.7e+308 -1.7e+308 -1.7e+308 -1.7e+308 -1.7e+308 -1.7e+308 -1.7e+308 -1.7e+308 -1.7e+308 -1.7e+308 -1.7e+308 -1.7e+308 -1.7e+308 -1.7e+308
-16.0422500371933 -16.0242499709129 -15.7229999899864 -15.3530624508858 -14.8053630590439 -14.4175000786781 -14.3542499542236 -14.3112499713898 -14.1357501149178 -14.0507499575615 -13.6342501044273 -12.533999979496 -11.1215001344681 -10.4810208678246 -8.70260792970657 -6.73991668224335 -4.85717540979385 -4.53388965129852 -1.7e+308 -1.7e+308 -1.7e+308 -1.7e+308 -1.7e+308 -1.7e+308 -1.7e+308 -1.7e+308 -1.7e+308 -1.7e+308 -1.7e+308 -1.7e+308 -1.7e+308 -1.7e+308 -1.7e+308 -1.7e+308 -1.7e+308 -1.7e+308 -1.7e+308 -1.7e+308 -1.7e+308 -1.7e+308 -1.7e+308 -1.7e+308 -1.7e+308 -1.7e+308 -1.7e+308 -1.7e+308 -1.7e+308
-16.5607501268387 -16.2897500991821 -15.7767499685287 -14.659126162529 -11.7915140092373 -10.4960542917252 -8.72774016857147 -9.87551191449165 -8.10360446572304 -6.40451043844223 -8.00987493991852 -8.16435718536377 -7.72005957365036 -1.7e+308 -1.7e+308 -1.7e+308 -1.7e+308 -1.7e+308 -1.7e+308 -1.7e+308 -1.7e+308 -1.7e+308 -1.7e+308 -1.7e+308 -1.7e+308 -1.7e+308 -1.7e+308 -1.7e+308 -1.7e+308 -1.7e+308 -1.7e+308 -1.7e+308 -1.7e+308 -1.7e+308 -1.7e+308 -1.7e+308 -1.7e+308 -1.7e+308 -1.7e+308 -1.7e+308 -1.7e+308 -1.7e+308 -1.7e+308 -1.7e+308 -1.7e+308 -1.7e+308 -1.7e+308
-16.9180001020432 -16.6782501935959 -16.1779999732971 -15.7625000476837 -15.8052498698235 -15.7797496914864 -14.8129999637604 -13.8417500257492 -12.4591078162193 -11.2958077192307 -5.32330927252769 -5.08587503433228 -1.7e+308 -1.7e+308 -1.7e+308 -1.7e+308 -1.7e+308 -1.7e+308 -1.7e+308 -1.7e+308 -1.7e+308 -1.7e+308 -1.7e+308 -4.57434803247452 -7.56988263130188 -5.19581979513168 -1.7e+308 -1.7e+308 -1.7e+308 -1.7e+308 -1.7e+308 -1.7e+308 -1.7e+308 -1.7e+308 -1.7e+308 -1.7e+308 -1.7e+308 -1.7e+308 -1.7e+308 -1.7e+308 -1.7e+308 -1.7e+308 -1.7e+308 -1.7e+308 -1.7e+308 -1.7e+308 -1.7e+308
-16.7570000886917 -17.1417500972748 -17.0730000734329 -16.1602498888969 -16.2745000123978 -16.0682497620583 -15.9575001597404 -15.6607500910759 -15.1759999990463 -14.1841776967049 -12.3326221108437 -12.0416380167007 -10.9091051220894 -12.4030968546867 -10.7752570509911 -11.4154462814331 -9.36745619773865 -8.14024186134338 -7.87304228544235 -4.98500311374664 -1.7e+308 -1.7e+308 -8.55034083127975 -9.13787204027176 -10.1247895359993 -9.98993736505508 -10.4495938420296 -8.50087440013885 -8.17706274986267 -8.35812509059906 -1.7e+308 -1.7e+308 -1.7e+308 -1.7e+308 -1.7e+308 -1.7e+308 -1.7e+308 -1.7e+308 -1.7e+308 -1.7e+308 -1.7e+308 -1.7e+308 -1.7e+308 -1.7e+308 -1.7e+308 -1.7e+308 -1.7e+308
-17.2409999370575 -17.3107500076294 -17.182000041008 -17.0775002241135 -16.7522500753403 -16.4350000619888 -16.2914998531342 -16.1182502508163 -15.5969999432564 -14.986750125885 -15.0459999442101 -14.7444999814034 -14.6807500123978 -14.6207500100136 -14.2147499918938 -14.191250026226 -13.6992498636246 -13.5602499246597 -13.3515000939369 -12.5729999542236 -11.2777264714241 -11.156695663929 -10.9742758870125 -10.0408645868301 -9.19158869981766 -8.36655485630035 -9.740249812603 -5.31818181276321 -6.86628121137619 -7.9167388677597 -1.7e+308 -1.7e+308 -1.7e+308 -1.7e+308 -1.7e+308 -1.7e+308 -1.7e+308 -1.7e+308 -1.7e+308 -1.7e+308 -1.7e+308 -1.7e+308 -1.7e+308 -1.7e+308 -1.7e+308 -1.7e+308 -1.7e+308
-17.6677500009537 -17.5385003089905 -17.6817499399185 -17.5842500925064 -17.1057498455048 -16.7395000457764 -16.5020000934601 -16.2617497444153 -16.0252499580383 -15.8445000052452 -15.7564998865128 -15.534500002861 -15.2837501168251 -15.071249961853 -14.840499997139 -14.68850004673 -14.6334999799728 -14.9867499470711 -14.9204998612404 -14.2867500185966 -14.1850000619888 -14.1314998865128 -14.0312500596046 -13.4084998369217 -12.7815000414848 -11.7020000815392 -10.9370774030685 -11.1114659309387 -11.4105469584465 -9.36025589704514 -8.48921835422516 -7.863276720047 -6.35250067710876 -1.7e+308 -1.7e+308 -1.7e+308 -5.95411366224289 -1.7e+308 -1.7e+308 -1.7e+308 -1.7e+308 -1.7e+308 -1.7e+308 -1.7e+308 -1.7e+308 -1.7e+308 -1.7e+308
-17.6457500457764 -17.5377498865128 -16.8202499747276 -17.7030000686646 -17.4542500972748 -17.109500169754 -16.680499792099 -16.5827502012253 -16.4012501239777 -16.179750084877 -15.8499999642372 -15.9247497916222 -15.9024999141693 -15.8732498884201 -15.7442501187325 -15.8889999985695 -15.9130001068115 -15.2327500581741 -15.9235000014305 -15.9624999165535 -15.203999876976 -15.4677500724792 -15.6647498011589 -15.8092501163483 -15.9739996790886 -15.2447500824928 -14.4759999513626 -14.2460002303123 -13.6976041793823 -13.4553808569908 -14.2409999966621 -13.4590580463409 -11.4912516474724 -9.0092585682869 -12.7108514308929 -13.3633423447609 -13.1296449303627 -12.806046128273 -10.7774681448936 -8.83678948879242 -8.24087500572205 -1.7e+308 -1.7e+308 -5.60887295007706 -6.16008335351944 -1.7e+308 -1.7e+308
-16.3889999985695 -16.4577497839928 -17.3390001058578 -17.8312500715256 -17.7397499084473 -17.7322499752045 -17.0464999675751 -16.8130000829697 -16.4490000009537 -16.3922499418259 -16.8317500352859 -16.8542501926422 -16.6857499480247 -16.837249994278 -17.0567498207092 -16.591500043869 -16.2762498855591 -15.9054999351501 -15.208250105381 -15.4000000357628 -16.419750392437 -16.8442500829697 -16.6327502727509 -16.452999830246 -16.2955002188683 -16.3455000519753 -16.4857499599457 -16.2070000767708 -15.6730000376701 -15.4292499423027 -14.120777964592 -14.1349765658379 -13.9016675949097 -15.4184038043022 -16.7030000090599 -16.3582499623299 -16.1350001096725 -15.1370000243187 -14.5569999814034 -14.7964998483658 -14.7789999246597 -14.1110000014305 -14.0795000195503 -14.1710000038147 -13.9495000243187 -13.6064999699593 -13.1929998993874
-16.6347499489784 -17.6882499456406 -18.2684998512268 -18.2109997272491 -18.3137497901917 -17.8024997711182 -17.1992498636246 -16.9599997997284 -16.8075000047684 -16.734249830246 -16.9557501077652 -16.7444999217987 -16.1612502932549 -16.548250079155 -16.6440000534058 -16.5987502932549 -16.9657502174377 -16.4807500243187 -16.7312498092651 -16.3917499780655 -16.5985001325607 -16.5307499170303 -16.451000213623 -16.7622501850128 -16.7792499065399 -16.7497498989105 -16.8342502117157 -17.1384998559952 -16.9057499170303 -16.4432497620583 -15.1574701666832 -17.2320002317429 -16.8707499504089 -16.6355000734329 -17.6075000762939 -17.1802499294281 -17.1912500858307 -17.0237499475479 -17.3830001354218 -17.0582500696182 -16.5735001564026 -15.8977497816086 -15.4015000462532 -15.6144998669624 -15.5635001063347 -15.1585000157356 -14.9255001544952
-18.0089997053146 -17.7249999046326 -17.5429999828339 -17.9120002985001 -17.7969999313354 -17.7502501010895 -17.5435000658035 -17.1337502002716 -16.987499833107 -16.7490000724792 -16.5919996500015 -16.3504996299744 -16.3279997110367 -16.6097499132156 -16.7579998970032 -16.5177500844002 -16.5854998826981 -16.6922498345375 -16.9120000600815 -17.6759999990463 -17.1374998092651 -16.8312499523163 -17.2162500619888 -17.5107499361038 -17.0007500648499 -17.0192501544952 -17.1302502155304 -17.3912496566772 -17.6280000209808 -17.6639997959137 -17.9140002727509 -18.1629999876022 -18.0392500162125 -18.3894999027252 -18.2747498750687 -17.6632499694824 -17.8297501802444 -18.0562502145767 -18.0659998655319 -17.6729999780655 -17.2147500514984 -17.2577496767044 -17.3777501583099 -17.4887498617172 -16.1725001335144 -15.7092499136925 -16.6717501878738
-18.2394999265671 -18.179750084877 -18.0050002336502 -18.0209999084473 -17.7732501029968 -17.7277501821518 -17.5049999952316 -17.2347502708435 -17.0782502889633 -16.8607497215271 -16.6532500982285 -16.527999997139 -16.3512498736382 -16.1787499785423 -16.2387501597404 -16.2007502317429 -15.9465000033379 -15.5865000486374 -14.6264999508858 -14.9344999790192 -16.2227498888969 -16.8445000648499 -17.0647501945496 -17.1020001173019 -17.3715002536774 -17.1380001306534 -17.2369998693466 -17.4754997491837 -17.4647501707077 -17.6399999856949 -18.2729998826981 -18.6520005464554 -18.7472500801086 -18.2742499113083 -18.9725003242493 -18.9452500343323 -18.7742499113083 -18.4317498207092 -18.4717500209808 -17.7957500219345 -17.5952500104904 -17.8832501173019 -18.0527499914169 -17.7217500209808 -16.8060002326965 -17.1740002632141 -17.2984999418259
-17.929499745369 -18.0817500352859 -17.7964998483658 -17.7432498931885 -17.6565002202988 -17.6049996614456 -17.2302500009537 -17.163499712944 -16.9432500600815 -16.816499710083 -16.6100001335144 -16.2085000276566 -16.3802500963211 -16.2180002331734 -16.4020001888275 -16.4005002975464 -15.7617501020432 -15.2687500119209 -14.4745000600815 -16.1399999260902 -17.0490001440048 -17.5130000114441 -17.4255000352859 -17.1430000066757 -17.2432500123978 -17.2817498445511 -17.0644999742508 -17.7367498874664 -18.0572500228882 -18.4195002317429 -18.200749874115 -18.8622499704361 -19.0670003890991 -19.0292501449585 -18.3505003452301 -17.0067501068115 -17.3442498445511 -18.4762501716614 -18.6622499227524 -18.2080000638962 -18.0972499847412 -18.3435001373291 -18.4977499246597 -18.6185001134872 -18.2885000705719 -18.0847499370575 -17.5687499046326
-17.3855000734329 -17.0502502918243 -16.8747501373291 -17.1394997835159 -17.6030000448227 -17.4434999227524 -17.2457500696182 -17.3352499008179 -17.252249956131 -17.0215002298355 -16.8722498416901 -17.2459998130798 -17.1152501106262 -17.0797500610352 -17.0345001220703 -16.8817502260208 -16.7637500166893 -16.0727499723434 -15.8977498412132 -16.1804997324944 -16.142000079155 -16.6057500243187 -16.945999622345 -16.8810000419617 -17.0802499055862 -17.2024999856949 -16.5122499465942 -17.8860000371933 -18.1164997816086 -18.4820001125336 -18.8420000076294 -18.8625001907349 -18.9802500009537 -19.0720003843307 -18.8777503967285 -18.4097498655319 -17.7517501115799 -18.2567497491837 -18.388249874115 -18.4637498855591 -18.6037499904633 -18.8932501077652 -18.9775003194809 -18.9795002937317 -18.8607501983643 -18.6150000095367 -18.5287500619888
-18.7302497625351 -18.5479999780655 -18.3362498283386 -18.1502500772476 -17.9987498521805 -17.8559999465942 -17.631249666214 -17.2637500762939 -17.1402503252029 -17.1144998073578 -17.3127499818802 -17.2002495527267 -17.2110002040863 -17.5350000858307 -17.6370000839233 -17.3712499141693 -17.8859997987747 -18.0459997653961 -17.7315000295639 -16.9924998283386 -16.6582501530647 -16.3527500629425 -16.8227500319481 -17.1694999933243 -17.3797498941422 -17.4962502717972 -15.9307501316071 -16.9252501130104 -17.9969997406006 -18.8350001573563 -18.8665000200272 -18.6495000123978 -18.5480000972748 -19.0922504663467 -19.1380001306534 -19.0592501163483 -18.9215004444122 -18.6284998655319 -18.4492501020432 -18.5152502059937 -18.8057500123978 -18.9839999675751 -19.0210001468658 -18.2367500066757 -18.8810000419617 -18.6172499656677 -18.3607497215271
