WorldClim_2.0_rasters/WC2.0_bio_11_16.asc
NCOLS 642 
NROWS 378 
XLLCORNER -19 
YLLCORNER 19 
CELLSIZE 0.166666666666667 
NODATA_value -1.7e+308 
[rows 168 to 188 of 378, columns 141 to 187 of 642]
-1.7e+308 -1.7e+308 -1.7e+308 -1.7e+308 -1.7e+308 -1.7e+308 -1.7e+308 -1.7e+308 -1.7e+308 -1.7e+308 -1.7e+308 -1.7e+308 -1.7e+308 -1.7e+308 -1.7e+308 -1.7e+308 -1.7e+308 -1.7e+308 -1.7e+308 -1.7e+308 -1.7e+308 -1.7e+308 -1.7e+308 -1.7e+308 -1.7e+308 -1.7e+308 1.05197618583528 1.58118684704338 1.54695834611387 1.45425000848869 1.36691667263707 1.36358333689471 1.36870833983024 1.22641662290941 1.17866664379835 1.19820832119634 1.23124998621643 1.40330205857754 1.40312673750547 1.24228125903755 1.12589370005298 0.990461325583359 0.895291677676141 0.68249998986721 0.692541680609187 0.603124998509884 0.420000001167258
-1.7e+308 -1.7e+308 -1.7e+308 -1.7e+308 -1.7e+308 -1.7e+308 -1.7e+308 -1.7e+308 -1.7e+308 -1.7e+308 -1.7e+308 -1.7e+308 -1.7e+308 -1.7e+308 -1.7e+308 -1.7e+308 1.24361442526182 1.36418981974324 1.31615057401359 1.16570688039064 1.74143749848008 -1.7e+308 -1.7e+308 -1.7e+308 1.98841420685252 1.99391666116814 1.81406248578181 1.65079166499587 1.604041665288 1.64883333879213 1.6245416818468 1.49845833983272 1.44504168101897 1.38708329914759 1.28645829421779 1.22949995441983 1.25637494834761 1.31687501973162 1.16450000864764 1.06058335242172 0.925166658436259 1.04137500022383 0.807041673610608 0.800541690240304 0.596958324313164 0.568041651820143 0.464208322266738
-1.7e+308 -1.7e+308 -1.7e+308 -1.7e+308 -1.7e+308 -1.7e+308 -1.7e+308 -1.7e+308 -1.7e+308 -1.7e+308 -1.7e+308 -1.7e+308 -1.7e+308 1.38698802143335 -1.7e+308 1.23407302175959 2.3915608258297 2.30787499155849 2.21841664790797 2.15462499689602 2.13825003127567 2.13287371552239 1.39291704383989 1.40203938571115 2.18052723258734 1.90541668476847 1.74404165629918 1.64770830373163 1.64170833164826 1.6142916843916 1.72008331427545 1.74895834441607 1.89074999522806 1.79066666751169 1.36587495744849 1.24654159167161 1.19616664169977 1.16070831008255 1.19995832633382 0.986250001937151 0.888333320617676 1.00316669729849 0.798041670272748 0.621374947329362 0.529249976078669 0.480124972760677 0.389666672796011
-1.7e+308 -1.7e+308 -1.7e+308 -1.7e+308 1.6523822460634 1.5884838104248 -1.7e+308 1.64995513732235 2.4533014226084 2.37946249544621 2.0146314073354 1.75540396136542 1.88682811210553 2.33178984932601 -1.7e+308 2.39646844627957 2.32195830748727 2.25508330917607 2.1740416570877 2.10366665163504 2.06804168627908 1.83702229708433 1.45089751699319 2.17816668407371 2.07962503299738 1.87187504877026 1.74833332343648 1.70354163554536 1.64445831378301 1.53175002771119 1.46112502583613 1.47250002040528 1.57487497637824 1.6922083444709 1.56995834681826 1.36362499526391 1.26904165868958 1.18074999377131 1.13624995201826 1.00858333085974 0.98049997848769 0.872541633124153 0.879166642824809 0.704958333323399 0.64275000244379 0.507499966770411 0.477541659027338
-1.7e+308 -1.7e+308 -1.7e+308 1.69505208136979 -1.7e+308 -1.7e+308 2.51306101555626 2.78663446878393 2.68570833404859 2.59675001973907 2.53662501244495 2.45920834690332 2.40933331971367 2.40179169798891 2.40940935102602 2.08609003635744 2.0218802858144 2.27366666123271 2.20883332736169 2.16241666014927 2.11895832822969 2.0902916683505 2.0834166718026 2.07579169313734 2.00733332599824 1.87674999490264 1.76258335656409 1.674624955204 1.63091663147012 1.55412500351667 1.44808332342654 1.34408335418751 1.2714166737472 1.32958334529152 1.47920835615757 1.45495837919104 1.28787501280506 1.24137500518312 1.26904169594248 1.19116668403149 1.10970836815735 1.05400001009305 0.987249979749322 0.88195830086867 0.660708320637544 0.512541679044565 0.241666672130426
-1.7e+308 2.42283713988339 -1.7e+308 -1.7e+308 -1.7e+308 2.87588814801226 2.8604167016844 2.80533334426582 2.74550001819928 2.67066666150155 2.57141667720862 2.456833349308 2.3940416732803 2.37762502317006 2.38233334695299 2.38212502002716 2.34570831029365 2.29229163254301 2.25679165047283 2.21949998537699 2.16916664511276 2.10087500380663 2.07241667310397 1.97279168704214 1.96087501058355 1.96604169072816 1.92641667704447 1.75183331858716 1.64274996363868 1.5961666420723 1.49170829417805 1.29824999036888 1.18745836118857 1.18683337233961 1.16237501831104 1.17800002886603 1.18624999808768 1.0057916448762 1.02729165802399 1.20162500378986 1.24987498484552 1.22133335471153 1.14737500312428 1.00608332703511 0.839208345860243 0.584499993671974 0.378125031789144
-1.7e+308 3.05485598960271 1.84945741451035 3.15726785501465 4.0528332926333 3.14833331472861 2.87833332138446 2.84129166432346 2.84079168348884 2.82112500187941 2.66295833136246 2.52416664874181 2.44891666489032 2.42366666548575 2.43933332742502 2.43320834512512 2.38866669374208 2.32312501656512 2.28599998789529 2.25616665153454 2.1970833040153 2.11170833441429 2.01399999655162 1.94658333345918 1.91958333396663 1.89212499694744 1.8792083451408 1.84566669144745 1.78170832132067 1.6172916808476 1.5257499984776 1.39020835608244 1.24112504875908 1.20120837291082 1.08399999638398 1.11637499245505 1.23462501106163 1.05104162419836 1.06524996894101 1.22250002622604 1.25745833727221 1.26658333775898 1.20120833131174 1.18187498922149 1.10041665658355 0.969250008463859 0.707833339770635
-1.7e+308 3.38962067415317 3.25991669731836 3.1909166482122 3.36083333753049 3.90425001426289 3.27749999410783 2.92012499428044 2.98154171354448 2.86191669673038 2.66504166073476 2.56854167068377 2.50925000710413 2.5005833391721 2.49750001759579 2.49116667732596 2.45066670359423 2.38975001188616 2.35975003692632 2.32966668942633 2.27154164675934 2.16037500140374 2.04320833932919 1.99191668784867 1.97550002877445 1.96091667203776 1.92445832943486 1.90937502522138 1.89716668075804 1.76520833512768 1.66341665449242 1.48620831500739 1.37725004119178 1.28604168165475 1.11716664458315 1.01587498684724 1.04562498318652 1.0950416525205 1.19612501934171 1.21841666537027 1.21899999802311 1.23487497493625 1.2570416678985 1.20837497587005 1.25899998471141 1.29387499392033 1.16912498200933
-1.7e+308 3.47908335613708 3.30466667190194 3.46954167952451 3.92670834118811 3.67275001465653 2.99083334114403 2.8879999772956 2.84487501454229 2.78925002816444 2.67287497206902 2.61779163731262 2.56904167402536 2.53404167744642 2.53287502129873 2.54466665287813 2.52941668654482 2.46662501338869 2.40979166142642 2.3410416788732 2.29587501566857 2.20533337262653 2.11845832671194 2.06324998899072 2.06766664941097 2.09749998043602 2.09562498132194 2.06487499247305 1.97666665094827 1.8018333396952 1.72958333495383 1.70075002258333 1.65895834398301 1.58554164475451 1.48058329770962 1.38512498574952 1.34158331217865 1.23429169630011 1.19887500753005 1.09466664306819 1.06633334110181 1.12787502383192 1.23179169744253 1.23099995777011 1.37212497989337 1.26941666255395 1.15375001852711
3.20418004357877 3.54241666942835 3.45329169308146 3.23358333064243 3.24620834287877 2.94525001260141 2.90087501518428 2.85895834863186 2.85037503018975 2.78700001661976 2.71950001300623 2.66054162041595 2.63429163660233 2.56545831464852 2.55195832500855 2.59291665597508 2.53470833289126 2.50066668198754 2.43962499964982 2.37754167088618 2.30645836424083 2.25708335428499 2.23683334436403 2.20033333516524 2.19066663443421 2.20920830313116 2.20341662938396 2.16937495760309 2.08058333556013 1.97041667143814 1.9606250358629 1.97433330320443 1.79362501152112 1.68945832333217 1.60658333295335 1.50349996890873 1.40574999836584 1.4109166773657 1.24899999983609 1.15837501175702 1.05341668861608 0.990999976793925 0.948041668782632 1.20950003589193 1.38145827377836 1.34687502682209 1.19720829154054
3.60354167160889 3.4277500025928 3.36962500214577 3.17033337863783 3.03920832338432 2.94749996252358 2.82925000879914 2.76420829848697 2.77483331970871 2.81583334008853 2.76475000195205 2.67787496155749 2.64029163587838 2.62045834461848 2.57829165738076 2.57541666490336 2.55999997661759 2.54812502426406 2.48079170535008 2.38579165687164 2.32608333819856 2.28600000155469 2.25120833314334 2.20133333119641 2.18337499870298 2.23920832000052 2.26416662832101 2.18083330305914 1.79449999490559 1.71604167307184 1.87725001433864 1.93925001097765 1.87083333083137 1.73950000472056 1.69208331798533 1.60029166315993 1.54566668016681 1.20795834468057 1.18458336219192 1.15712498687208 0.972666683296363 1.0336666846027 1.15070833389958 1.30333331972361 1.26233332479994 1.13958334798614 1.01720831170678
3.49908332029979 3.42283328995109 3.24504164420068 3.293708347405 3.06700000042717 2.91749997623265 2.87337500237239 2.74808331066743 2.68670831232642 2.81674999309083 2.8329999903217 2.76108332164586 2.71866668450336 2.64091665080438 2.60995830502361 2.58612499199808 2.52991665837665 2.51570830028504 2.51079165904472 2.46158330577115 2.41058331355453 2.35233333768944 2.29204169474542 2.21816669901212 2.27658332430292 2.1596666641999 1.65529167234975 1.35995833513637 1.66533336194698 1.88212499036066 1.52579166961368 1.73933333785196 1.54129168210784 1.53158333765653 1.52787498617545 1.5488750024233 1.45095830255499 1.29545831494033 1.18254166717331 1.14266664534807 0.951833359276255 0.883291645596425 1.09350003612538 1.2179166978846 1.03604166023433 0.802791645129522 0.716874996821086
3.66120833468934 3.44929163654645 3.29670834541321 3.24275001821419 3.20300001713137 3.20495836685101 3.12983333536734 3.09925001735489 3.15883329696953 3.10012499491374 2.99416664304833 2.9076250170668 2.8329167223225 2.75104167374472 2.6880833239605 2.63566663581878 2.56383332858483 2.53004163969308 2.54787499830127 2.50004163213695 2.4577083112672 2.44049998869499 2.43862498520563 2.36783335253131 2.10883333956978 1.79512499467819 1.55270832559715 1.42070831661113 1.18762498232536 1.3051250026668 1.15004168512921 1.09308335976675 1.17304167089363 1.0383749914666 0.664958318695426 0.68737499245132 0.978416688119372 1.15979163534939 1.10829169179002 1.23091666586697 1.14016666573783 1.12449999650319 1.14116667148968 1.10462499844531 1.11995834174256 0.949458310380578 0.888416665916642
3.65937502558033 3.66383333876729 3.46645837463439 3.3675000295043 3.35874999935428 3.34070836007595 3.17229174698393 3.11941672985752 3.08187500201166 3.02408333308995 3.0604999816666 3.20925001055002 3.0102083273232 2.84608336910605 2.81433336002131 2.77341663992653 2.67274999246001 2.56637500420523 2.52166663133539 2.52795831036443 2.48504163449009 2.41350001376122 2.40075000313421 2.35204169460728 2.22333336590479 2.11045831812468 1.07562500801093 0.998958321598669 1.03350000828505 1.26666664611548 0.565416650846601 1.00454164203256 1.46825002258023 1.03429168711106 0.0240416539212068 -1.04920833061139 -1.66675000141064 -0.578291673834125 0.240041678150495 0.862666643535098 1.00483332388103 1.02354164856176 1.07899998128414 1.22425002294282 1.04020831733942 0.896541648854812 0.898708347852031
3.58133338143428 3.5224166897436 3.36275003912548 3.34520833877226 3.28450001962483 3.30991668937107 3.26375001917283 3.08162503503263 3.05175002415975 3.10108332211773 3.1250833508869 3.08237499619524 3.33545835378269 3.27395835518837 3.09241667265693 3.08216667982439 2.83891667705029 2.70054164839288 2.64716663413371 2.49824997402417 2.38433333020657 2.29087499451513 2.12487501727689 1.87712498529193 1.61858333162187 1.16670830857765 0.704375005637606 0.839666637281577 0.917708311850826 1.18254165227215 1.07512500043958 0.819875000355144 1.34175000526011 1.00799999510248 0.706124989936749 -0.0722916660209497 -0.358333349227905 -0.431958326448997 -0.442958326389392 -0.270958335449298 0.254291648666064 0.522458328555028 0.814041669790943 0.999541656424602 1.08158335431168 0.873166669160128 0.911458340163032
3.51512503872315 3.43270836273829 3.36933338331679 3.32450006032983 3.27112503908575 3.32370834859709 3.24833335292836 3.16379175831874 3.09704169755181 3.21008335923155 3.11191664449871 3.12516666327914 3.47412501213451 3.61949999940892 3.08337498704592 2.8929583436499 2.66470833433171 2.54029169709732 2.37908335914835 2.01895834241683 1.82291666833529 1.63929167642103 1.1908749883684 0.810708321941396 0.587333333988984 0.516458351165056 0.557250017300248 0.753916674604018 0.757624991238117 0.95437499259909 1.02954165327052 0.935999992613991 1.06858333883186 0.517166660477718 0.203999987492959 -0.0856666651864847 -0.0202083314458529 0.228083348522584 0.555416651070118 0.728500001132488 0.849583351363738 0.678416665643453 0.731416656325261 1.00587502184014 1.33704166983565 1.20683335761229 1.03633331072827
3.66175001114607 3.55512497449915 3.51129169017076 3.47420838351051 3.31491672930618 3.19700003166993 3.14770836445192 3.14716671034694 3.27712504938245 3.26337500413259 3.07199996771912 3.22812500658135 3.39604166895151 3.61208333509664 2.98775001925727 2.61875000782311 2.11566667728281 1.50970833686491 1.37166665362505 1.19954166452711 1.14170834608376 0.791374995062749 0.665250000854333 -0.0878750023742517 -0.609958340724309 -0.0848749938110511 0.38183335835735 0.554249978313843 0.62062498430411 0.940708332695067 0.836958297838767 0.157999992991487 0.763833333427707 0.55629165781041 -0.237791668623686 0.206374989201625 0.246250002334515 0.246916664143403 0.418458328892787 0.678583311537902 0.778125014156103 0.768833345423142 0.837499981125196 0.962999995176991 1.3310000229006 1.2337916692098 1.06166660599411
3.70220833520095 3.64891662200292 3.62516661236684 3.59387494126956 3.34687502806385 3.03125000869234 3.02887497811268 3.2319583663096 3.3022500363489 3.18370834303399 3.07583330695828 3.03549998253584 3.12337501347065 3.30208334699273 3.49570835133394 2.71620832694073 1.9998750097584 1.487374987298 1.15358332482477 0.898916663601994 0.945500003173947 0.677916672701637 -0.210791672269503 -0.590541660785675 -0.137583327790101 0.211166693518559 0.190875001251698 0.435874968146284 0.977208344265818 0.997791670883695 0.879166638478637 0.377333322539926 0.473874991759658 0.421500032767653 0.487791656206052 0.342416696250439 0.485833324491978 0.474916664262613 0.652166679501534 0.762499994287888 0.619791650523742 0.613124995181958 0.736916662504276 0.882083324715495 0.819833307216565 0.951041638851166 0.91929165708522
3.68083333472411 3.66291667769353 3.54516669238607 3.52483336006602 3.44583336822689 3.27316667698324 3.14250001000861 3.27175001241267 3.05862500953178 3.05508333134154 3.02283331876 3.15791664769252 3.14870832550029 3.15104167101284 3.57804168326159 3.25170833369096 2.43758334421242 1.93116666400844 1.48529165890068 1.08612501124541 0.9779166970402 0.845833321412405 -0.0990416655937831 0.152666633327802 0.525625012814999 0.833208316937089 0.7588333239158 0.655916665991147 0.886875015993913 0.294374989966551 0.440708342939615 0.796999983489514 0.364083332320054 0.630958338578542 0.282374992966652 -0.149416642884413 0.0118749861915906 0.15066668142875 0.284708326061567 0.216416674355666 0.0939166583120823 0.183583327879508 0.84833335566024 0.488833356648684 0.384833354502916 0.494250000764926 0.0975833274424076
3.54104170451562 3.27433334290981 3.28479164342086 3.11433333655198 3.04916671228906 2.88316665713986 2.96795833328118 2.93258335192998 2.57749999857818 2.57120833188916 2.47504167010387 2.67912499466911 2.85374998860061 2.88333332290252 2.95716665964574 3.24187501023213 2.5950416563234 2.05408332337295 1.61799999664072 1.29262498455743 0.827833323429028 0.341583323975404 0.6443750175337 0.442083367456992 0.820541671787699 1.1732083602498 0.913708329200745 0.728791687637567 0.635250024497509 0.487208355218172 0.714333335558573 0.377999995524685 0.081375020245711 -0.161541661868493 -0.00137498974800111 -0.296041676153739 -1.05266667157412 -0.780041659871737 -0.217374992867311 -0.117041659851869 0.0893333504597346 0.355208343515793 0.56804167603453 0.038541658471028 -0.185208306958278 -0.00799999758601192 -0.153375007212162
3.17770831969877 2.92229166999459 2.85345831202964 2.83270832213263 2.81933332576106 2.73783329688013 2.87450000038371 2.35883334100557 2.08612498951455 1.30599999559733 0.697333320820083 1.43337498450031 1.89166667714987 2.16404167229969 2.22391666479719 2.47645835174868 2.45100001626027 1.72158334567212 1.3087916597724 0.969499985376994 0.57487499465545 0.365833335866531 0.776374981428186 1.21279165086647 1.33179164553682 1.33616668855151 1.014458341524 0.520791677758098 -0.471291657537222 0.102083330353101 0.626375002165635 0.288541662196318 -0.555625010281801 -0.855333335697651 -0.551833337793748 -0.330875006814798 -0.627666649719079 -1.15812501311302 -1.49287500356634 -1.10187499100963 -0.657250003268321 -0.0696666687726975 -0.460083331912756 -0.61737497895956 -0.693250007927418 -0.511624996860822 -0.522208330531915
