WorldClim_2.0_rasters/WC2.0_bio_15_16.asc
NCOLS 642 
NROWS 378 
XLLCORNER -19 
YLLCORNER 19 
CELLSIZE 0.166666666666667 
NODATA_value -1.7e+308 
[rows 273 to 293 of 378, columns 480 to 527 of 642]
89.7489324265226 91.2927005963804 92.5280526698867 92.9325473755313 93.5370947905149 93.5964690715063 93.960625919194 94.3806700318922 95.5775541854771 96.4122902785358 96.1810439570137 95.2843714750134 95.4614458332962 95.4175610029987 95.3917290583498 95.485014848267 95.1135176599327 94.7641733927269 94.6581265876976 94.6452833884813 94.7332329911208 94.6670061529682 95.1968258383251 95.4437000792071 95.4331273848207 95.4807308569642 96.0214109488753 96.3444220094425 96.2683225375123 95.7233577788141 94.8833576112821 94.3134658330299 93.528893544606 91.9029930145938 93.9812603015866 94.3705615017648 90.327723865769 87.4614982026063 87.8978140741882 90.526593693603 92.0129053398564 92.9025534284438 93.3158605919557 94.5876167892671 95.5681277529533 95.6510935255391 95.8136142412951 95.3080758673026
90.3718467372448 91.3103026247877 92.0718170784999 93.1720453451341 93.5448340809635 93.8061224570954 94.9578191243264 95.1608740933141 96.8186065173862 97.8620952181569 97.7019465108224 97.2283750147672 96.9426175406343 96.5931625804403 96.4344447446262 95.8666551682167 95.9578517737681 95.2969609274831 95.9491949136469 95.876739218527 95.7461073774943 95.3065856783524 95.1865608548118 93.671510305193 93.017360522431 94.864310890216 94.6362492073439 95.0621188035177 94.9347748682679 94.9537636438393 93.2851282178139 89.2383916486117 89.7255569724475 91.0362985118228 91.9406948580555 92.6496491635087 90.9211317536613 89.7495927760581 89.9257089467008 90.7458361105658 92.1265269133902 93.2460190828665 93.8453956510807 94.3234986700509 95.7208326848544 96.7142792782205 96.5244723131917 96.858320832555
90.7023314864614 91.5526517119075 91.841794715206 93.2487434779533 94.1349023117079 94.944437033811 95.7221900412663 96.483861917986 97.9330825300234 99.061965236801 99.753643132948 99.3030130687 98.9159016126756 98.9408649587979 98.5586588284896 97.7854866452938 97.3010780773361 96.6756715595776 95.7057997266797 95.4609200177882 95.2066746255583 95.269361106669 94.5849360622243 94.0833201799953 92.9193929653768 91.6899157323343 91.0249508101213 89.578595034809 89.4488859207318 90.4824938633625 92.370294860577 91.9636317400118 90.5405780799877 90.301809197588 90.8944083871972 90.7488190268716 90.985655661393 90.3909130546686 89.9766526883634 90.4620596243633 91.7421808071081 93.1254124010185 94.45960208785 95.4749176285717 96.3800199686005 97.3150650364643 97.6752153259182 97.9681567537112
89.6850323633445 91.9813862323678 92.8168652636659 92.6970449555373 93.3886687491275 94.7299442355597 96.1050925386803 97.4418473542534 98.7128388021748 100.158968746626 101.14148823254 101.51384061621 101.213795604874 100.799624906393 100.258266301609 99.5067851421843 98.6816470651701 97.8434557310849 96.4794182615173 96.1446778331987 95.3603420832287 94.9557516881815 93.6620521555914 92.1858644527743 89.2539821599296 88.1268211432478 86.5961327444931 83.8532758310178 82.4722201185034 84.7043197485281 87.8543440301207 89.4113828246021 89.2205503586582 89.3936632026907 88.8551033983296 88.424231527101 88.3622984293443 89.5921778077142 90.0376031009598 89.9787583113063 91.3014368431326 92.8629824922206 94.650078026153 95.9596154165636 96.980559934117 98.0739948550073 98.9627423819547 98.7382318304011
90.7032420531374 92.0470844970997 91.4139970200611 92.4924798177979 94.0263901115823 96.1074279881254 96.9018816895689 98.3379368375003 99.5340977437863 101.329336212132 101.482199570597 102.611119192932 102.677791416986 102.372790488873 101.860020253611 101.014644783755 99.6952794139845 98.0668269156782 96.196197901504 94.2703763494568 91.9587379146013 91.8583677294559 89.1201221802368 87.3769884616763 86.587407673617 88.2833155723922 85.3359072830313 81.6643230312538 82.1412497977456 82.8533110985657 84.980455620272 84.5227101585863 83.9617995781932 84.9125369216671 85.6430501896117 87.8213564832976 87.4370225231539 88.3513808654778 89.2272206051559 90.1970548962786 91.3813512665733 93.1231416569605 94.9959688669492 96.2801744000959 97.559821363128 98.673783673525 99.4932700829862 99.4410189005991
90.8704292579848 93.0495231734856 93.3886008805454 94.0179994187483 95.4777117424409 97.0129135745616 97.8985081145573 98.8356714419745 100.525584708846 102.431750071282 102.244931084295 102.964108824374 103.264819917265 103.391709243377 102.979238735566 100.6561494048 97.5641522385892 94.5318389503877 91.9983943676377 89.9845992694128 86.6377761152238 86.8531701210135 82.7884764660006 81.7522492516791 84.3238861066285 84.5452791481276 80.6838337137618 82.1726946875995 81.414249825574 81.701403447779 82.2977635847015 82.1379387518951 81.7912329454368 83.3144946706762 85.903937760386 86.3359130861645 86.1912044190854 87.6313317664635 88.9720984122285 90.1402427207066 91.8320050529482 93.3809583891611 95.1995938752232 96.3143680052396 97.7744372435632 99.1762442300479 100.032155388575 99.9023302829166
89.5537638005468 93.4001346954606 94.0176785704735 94.4660040830583 95.7804452472598 97.0659333483623 98.6408011325283 99.9518507514857 101.466681321531 102.702642564745 103.023112582219 103.987761555554 103.559942502735 101.468172597849 102.184379086972 96.1504462320296 90.0918264409129 88.5392078644035 87.4412044928748 83.3204076477803 81.7484365266821 82.5644990263861 82.9629369137958 81.6622399058418 80.1389482646628 79.6160175536842 79.127775742509 79.9358578502117 79.642943095365 79.8897995345572 79.482995377046 81.1618566953088 84.0657338385733 84.6230881766835 84.8542770924357 85.2041419596547 86.5743707450036 87.6948826736215 88.9660562208062 90.0101191178055 90.9235533036315 93.0406464918967 94.7454939578131 96.4280288078126 97.8682031298594 99.8801077040832 98.7589860147612 99.125293694322
92.9133786831775 93.6613200474107 93.5252244916832 95.5257696562467 96.9192974639353 98.1183106598734 98.7995883653006 100.028702559206 101.539429031707 102.556797613777 103.556827415486 104.857610508044 105.261755559572 104.169328165101 104.100516946993 101.172446349761 99.1998605979023 96.476909344748 92.6167828410052 89.5646969591184 88.9038168969883 89.5124243644467 87.6587595739144 83.0883100494258 79.9449437011334 78.5729508774127 77.9891156590494 78.0621312341246 80.4874481034696 80.3576977515873 81.5043077086352 83.7537689869058 84.0489157392104 83.4567750265344 84.1509214278857 86.209707536869 87.1838362494171 88.3678629405101 89.3838698126291 88.2377337455679 89.6035986010924 91.4979461101891 94.0279703053275 96.2400034213845 97.3620650556361 97.3269296098033 94.6094593701424 97.6385395666618
94.2981660819523 94.5220457712628 93.883966298288 95.4922381107315 97.5723735404479 98.523974849229 99.4086691238265 100.328308809338 102.141123126461 102.930225291755 104.067141581571 104.876890422604 105.776035037608 104.756793609671 103.714072607844 99.4026259011544 97.6915345235076 97.398957057015 96.0415775402835 93.5914065818449 90.3379196436423 87.1766490775439 85.0003541681265 82.1206397812036 84.0124818490654 82.0496154198006 78.8669887343288 80.7650739992013 79.2078188584714 79.9447381118704 80.0514904910551 83.8592925706825 85.0035306996176 84.7650013738772 85.7563618068984 86.5255408239094 87.6700129500477 88.5663627584191 89.2485519245382 89.0360878661638 90.8592650593183 93.0802461491554 94.6002334957342 95.3035936043623 96.0874144758299 96.981766909013 99.5944388892485 100.419117135928
95.2482615629738 95.9407142873546 95.8968214180301 94.9913093374974 96.6330565057269 98.0546801274209 99.0847916928464 99.9523300297106 100.95904629262 101.502589984248 101.265108062347 103.146006261813 103.857813346375 103.457239533058 102.961690248913 100.385545094656 99.0378374211238 98.5404664586083 95.8566937654205 92.5751570381106 88.6479659464648 85.6100516765377 81.6623130467864 79.9602957763617 78.242597130495 81.1554796162416 80.9036917093224 81.1512853064217 80.5488493068669 79.8909073524676 81.3395288835463 82.349082354142 83.9610880114052 87.0051718728798 86.6251924697095 86.9549765260259 88.4670502218392 89.4045066346797 90.2835126046912 90.5022786810914 90.9234045004427 92.4595246994436 93.6704156393386 96.6204075930792 97.512998604205 97.8729430552241 98.7142428039986 99.8930332083195
96.3986306306104 96.7053543179656 96.8344312186488 96.8528941399585 96.0633026355847 96.5556400010404 97.0972160370435 97.4993031367569 98.272066642357 99.0743110152034 98.9063460806145 98.9949203890739 99.3766456981364 99.0029299033652 101.07989354637 99.4362915307706 98.9658655793312 96.9302020164135 93.6624395418081 91.7059444447178 90.0225537062568 86.0692792526712 82.1956028960143 80.4786381863755 78.5231896905969 79.3266453724072 78.7415677399225 78.5125241068665 79.6434320287458 80.9011992984858 82.2812751464122 84.4920775135817 86.0020686684403 85.2811600204114 88.7086984529074 89.6712432768935 90.3690856440803 90.4684266636931 90.2551306667449 90.3578894743519 89.5848805895923 90.648067308192 93.8671482362185 94.8832769374673 96.2119131040941 96.9012620047421 97.9919835773096 96.6597324190123
96.2523712333923 97.1117106427024 97.9523537789605 97.9890689089941 98.4767934435472 98.7580837911095 99.3666592262563 98.0000006571709 99.2646649440747 98.7783641062526 99.0230637564693 97.8472069319297 96.9234213060152 98.338601711471 99.1141732723466 97.971050645225 97.0103188134406 96.5120949054114 93.2964599327159 92.6666425934279 87.6904365095861 88.0280625186007 86.278101417583 84.4351644122962 82.1436141568433 81.3348674502001 80.2025504974743 80.0607054767401 81.0913168539149 82.2059853599623 84.0125786405271 85.7406173699795 87.4249423233063 88.08057524283 88.6545460560275 90.8271065033079 89.5637746556576 90.2056817721684 90.6034456514238 90.193611804456 90.5230329580676 90.7285471600452 92.9125680887376 94.5521191219679 95.2532004542649 95.1410497179594 96.1943323257792 96.3239734401185
96.6307314382373 97.5898902457584 98.6516164043423 99.6479078609534 100.321475472359 100.748434725671 101.350828962632 101.885553292002 103.162330695927 103.065510371017 100.491463150553 98.2729427607622 101.287979838339 104.090468338557 103.618076396188 102.052135764174 99.7318084991933 100.6879296679 100.166745041359 97.07327092011 94.9820652245374 92.0962410177701 88.2131551605376 85.5539728187806 82.8096926541395 80.4111511171446 79.7325874444699 79.4002685331925 80.3307961931568 81.7157529709934 83.1730665864038 85.1041804458659 86.689783280512 89.3114326347519 90.8457840151052 91.4749931693349 92.8344822509037 91.3350107646417 91.1031941109264 90.2836481636223 89.1924296635312 90.0067216084985 92.6808931819597 93.6748140804872 94.2320855073707 94.2920316919711 94.7382636556931 94.5402793781688
97.7547947721654 98.3215768024228 99.1875204474034 99.0008050875859 99.1496570160223 101.153385140851 102.701937801745 103.753599202578 104.589526392164 104.816988432494 104.81640962101 105.27827900861 105.396005705886 103.808018619914 103.187716175856 104.510562752839 104.65847985885 104.638336486892 103.419439883069 98.9697538097984 95.5734912543764 93.1771275380074 88.0783780584853 84.8657313495071 82.2694251810838 80.6426111367889 80.0974780060041 80.278701734324 80.9256014299188 82.3766760235932 84.2886013942557 86.5625916803645 88.5226146127806 90.4608872448877 91.7877394150327 93.399421118338 92.4343481278341 91.8903792707706 90.6902676391203 90.5379779222556 90.7741583826026 90.2386155412321 90.8339913289731 90.8453354534264 91.8189353354197 92.8476053287001 93.0346069119144 92.7038770234807
99.2085949510028 99.0615668435874 98.700982855909 97.9266103407188 99.7335076592766 101.234299903624 102.075485627674 102.817135159728 102.652302545396 102.519601708111 102.542523983957 102.798792691666 103.681658219148 104.284836581568 104.985701001417 106.668749723908 106.820602930479 106.179067289428 104.726048982033 103.837050646776 99.7090943344912 96.4477629925876 91.6363776147037 87.7752460946362 85.9692659688837 82.4547687194307 81.3750036811739 81.7548451117188 82.1244425951042 83.1190421599003 84.9611197022498 86.6775281541813 88.914315164721 90.5659394327667 91.2928090805297 91.5726061279722 92.4388186749596 91.5406273994719 91.0074341522448 90.6613408669666 90.3482039950178 89.5395931898308 89.2646658084194 90.301071270867 89.8314558708121 89.8001400632274 90.1031526425209 89.0823366004634
99.1784221158031 98.7191672290701 98.2330609621221 99.2614171610405 100.472388908826 101.042574261528 101.256516651487 101.080408554565 102.080074456463 102.614667124852 102.131023551593 102.65467180544 104.682806028128 106.497763529264 107.552662737001 108.074786125371 106.489982902477 106.582447408928 105.4301528089 103.322950219977 100.746187588057 98.8997210639525 95.4609795886489 91.8027825651714 87.3249200382245 85.24708426715 83.4770701035915 82.8645812464056 84.3182566158351 84.4492274417679 85.688399749154 88.065122885058 88.5967448480648 89.6023729023185 90.6868107161344 91.3732648579462 91.7110977491361 91.3740914951769 90.4614504447532 89.9803081672482 89.5973988327898 89.4033109025234 89.3797982257495 89.6501911824567 88.9378131817309 89.1166569804458 88.8877972080881 85.9155883969524
99.6706272676332 98.9050577366168 99.8354186584368 100.354948151217 100.564138901642 101.070151960836 101.812695551268 103.280271497335 103.541548063691 103.982732295528 104.808251312368 105.487044720859 106.749052437144 106.677456526778 105.853857183819 106.354308498716 108.877742998457 107.501671943117 108.433428252316 107.237689983148 104.611683311928 99.5055358607444 96.4032445027335 93.3805935755188 89.5645681810124 88.7276238647075 87.7614952843337 87.3439157481061 87.1401898998888 85.7261181860976 87.7015629169156 89.838462532256 89.7353854601097 91.5178907893636 92.3830054363403 92.0231590103248 90.9862136620586 90.057948436091 90.3535752690429 88.8441291398076 88.9230775570154 88.7676580649931 88.5842942445159 86.8676172705467 86.4642691370291 87.5687229479427 88.1354765850746 86.1532938782584
100.876642042363 100.638010093652 100.529953962012 100.724742148094 101.385730378359 102.328847641191 103.055934107237 103.704492568852 104.427967539933 104.91453201714 105.784819535124 106.764603173502 107.034673737298 107.082659394807 108.730740537655 110.146309925621 110.90876343519 110.535655859354 109.878572169756 108.358278948209 105.176821213117 102.979413320072 99.0385947161194 94.6507340219262 93.4989315341509 91.04024108304 92.5280935472276 93.1739369221788 91.437369302227 88.0676982884071 91.3499464656928 94.343285927657 94.2201723533964 93.8479304642297 92.0611822492595 90.3613431039711 89.8790380673245 90.9838403917663 89.9160389553372 87.9398138034978 88.5904410180149 87.9837765496713 86.8764903403518 85.9686077874155 84.0803651292419 85.7963715739306 85.7120893301148 84.4383166325546
100.975063645392 100.658036798611 100.64870862748 101.431661752369 101.717366783231 102.876955182417 104.217254286813 105.14089573711 105.6968295271 106.250202300659 107.424722117754 108.037004492899 109.049872933516 109.79982715564 110.62000066282 111.031648879866 110.924053725779 111.378461758117 110.582039310173 108.512647919443 104.567259191899 102.54681449249 101.045590208275 98.5743156398005 97.369314777564 94.4103224483167 94.2290442983565 94.0480726027196 96.7873877226233 90.989589615349 95.035948360839 99.3557609852057 96.0397914007332 95.2059810601678 93.8341497102151 91.9237303405753 92.1825515700182 91.0644065219426 90.4795428787597 88.8685863954205 88.0182924640732 86.7128983884165 86.1202658344825 83.5377480902085 83.5149159844782 83.8203667704297 83.2914984354082 79.7605842087505
101.341244488296 101.022813760053 101.334951728706 102.13502333517 103.003961986948 103.878129765068 105.066384102747 106.217078761219 106.761073353726 106.922031678589 107.875110275327 108.64570255932 109.746063690613 110.422324594437 110.825252677424 111.024485791667 111.036771860248 111.07950247681 110.688629218412 109.656763366241 106.120939332678 103.759873232216 101.824949088026 100.283052866593 99.4089173533414 97.0750778250323 98.0158280888419 100.640801857946 98.849635992523 96.9952195592454 100.741046676126 99.5199429407206 95.896085891425 92.7071301778377 93.4091738371969 93.7921940207963 92.541002587616 91.1562507004513 91.1354618798819 90.3294892986593 88.862049291292 87.9476589198103 86.6253394570406 84.3054354235493 84.4794078723865 83.497458949811 80.9630232155667 78.1072726279983
101.127357565881 100.621143449622 102.397791818852 103.343761941325 103.357554351619 104.455546582665 105.340674859854 106.333625609744 106.790682981626 108.107499304769 108.901261835661 109.598492987185 110.119784085752 110.831695450198 110.403518991593 111.211344421667 111.100642397916 110.206509991255 109.348536874314 106.948482227599 106.149692060091 104.88945692902 104.158651291269 104.207291133451 103.307239147259 98.9965736087247 102.113969668186 104.482739192126 101.116436378038 102.027652208601 101.612868452115 99.7234336362604 96.9964306801757 97.0922941464893 98.7562655789886 94.4702702027671 94.0761699666609 94.0295979342874 94.8651893433697 92.2266775399325 92.3220140391008 92.3945782555724 90.4100532103889 86.8605155597247 85.0164194643406 83.0848863360802 79.7810523423404 77.1698290094313
