WorldClim_2.0_rasters/WC2.0_bio_18_16.asc
NCOLS 642 
NROWS 378 
XLLCORNER -19 
YLLCORNER 19 
CELLSIZE 0.166666666666667 
NODATA_value -1.7e+308 
[rows 348 to 376 of 378, columns 66 to 131 of 642]
4 4 4 4 4 4 4 4 4 4 4 4 4 4 4 4 4 4 4 4 4 4 4 4 4 4 4 4 4 4 4 4 4 4 4 4 4.3125 4.5 4.5 4.8125 5.0625 5.625 6 6 6 6 6 6.25 7.125 7.75 7.75 7.875 8 8 8 8 7.9375 7.4375 7.0625 7.25 7.25 7.5 7.375 7.0625 7.125 7
4 4 4 4 4 4 4 4 4 4 4 4 4 4 4 4 4 4 4 4 4 4 4 4 4 4 4.125 4.3125 4.5625 4.6875 4.375 4.4375 4.0625 4.0625 4 4.25 5 5 5 5.0625 5.875 6 6.0625 6.4375 6.875 7.5 7.75 8 8 8 8 8 8.1875 8.375 8.75 8.9375 8.9375 9 8.75 8.0625 8 8 8 7.9375 7.8125 7.6875
4 4 4 4 4 4 4 4 4 4 4 4 4 4 4 4 4 4 4 4 4 4 4 4.125 4.1875 4.625 4.9375 5 5 5 5 5 4.75 4.6875 4.3125 4.9375 5 5 5.25 6 6.5625 7.1875 7.75 7.875 8 8 8 8.125 8.375 8.5 8.375 8.9375 9 9 9 9 9 9.3125 9.3125 8.5 8.25 8.25 8.25 9 8.125 8
4 4 4 4 4 4 4 4 4 4 4 4.0625 4.125 4.0625 4.25 4.3125 4.1875 4.0625 4.1875 4.5625 4.8125 4.75 4.625 5 5 5 5 5 5 5 5 5 5 5 5 5 6.1875 6.6875 7.3125 8 8 8 8 8 8.0625 8.375 8.75 9 9 9 9 9 9.25 9.3125 9.5625 9.75 9.9375 10 10 9.9375 9.375 9 9 9.5625 9.125 8.875
4.875 4.375 4 4.4375 4.3125 4.0625 4.1875 4.5 4.625 4.6875 4.25 4.8125 5 5 5 5 5 5 5 5 5 5 5 5 5 5 5 5 5 5 5 5 5.125 5.3125 5.125 5.75 7.8125 8 8 8 8 8.0625 8.5 8.6875 8.875 9 9 9.1875 9.375 9.6875 9.875 10 10 10 10.0625 10.1875 10.25 10.1875 10.375 10.25 9.9375 9.25 9.25 9.25 10.1875 9.125
5 4.8125 4.9375 4.9375 5 5 5 5 5 5 5 5 5 5 5 5 5 5 5 5 5 5 5 5 5 5 5 5 5 5.1875 5.25 5.375 6.25 7.625 7.625 7.875 8 8 8.0625 8.5 8.8125 9 9 9 9.3125 9.75 10.1875 10.4375 10.4375 10.375 10.4375 10.8125 10.8125 10.75 11 11 11 11 11 11 11 10.125 10.5625 10.0625 10 10
5 5 5 5 5 5 5 5 5 5 5 5 5 5 5 5 5 5 5 5 5 5 5 5 5.1875 5.25 5.375 5.6875 5.5 5.875 5.75 6.5625 7.9375 8 8 8.4375 8.8125 8.6875 9 9 9 9.125 9.625 10.5625 10.875 11 11.25 11.625 11.75 11.875 12 12 12.25 12.4375 12.3125 11.75 11.8125 11.75 11.8125 11.9375 11.75 12.4375 11.6875 11 11 10.625
5 5 5 5 5 5 5 5 5 5 5 5 5 5.0625 5 5 5 5 5 5 5 5 5 5 5.25 5.9375 6 6 6 6.0625 6 7.9375 8.0625 8.375 8.5625 9 9 9 9 9.375 10.0625 10.8125 11 11.5 11.6875 11.5625 12 12.0625 12.1875 12.4375 12.8125 13 13 13.125 13.25 13.125 12.8125 12.75 12.5 12.8125 12.875 13.375 12.1875 11.75 11.9375 11.25
5.75 5.1875 5.125 5 5 5 5.0625 5.125 5 5.3125 5.625 5.5 5.6875 6 5.75 5.75 5.8125 5.625 5.75 5.9375 5.6875 5.3125 5.1875 5.3125 5.0625 5.5625 6 6.1875 7.4375 7.5 6.9375 7.9375 8.875 9 9 9.125 9.5 9.6875 10.375 10.9375 11.0625 11.3125 11.8125 12 12 12.25 12.6875 13.1875 13.1875 13.25 13.4375 13.8125 13.9375 14.3125 14.375 14.25 14.625 13.6875 13.375 13.625 13.75 14 13.625 12.3125 12.25 12.0625
6.9375 6.375 6.25 6 5.9375 6 6 6 6 6 6 6 6 6 6 6 6 6 6 6 6 6 6 6 6 6 6 6 7.9375 8.9375 8.8125 8.8125 9 9.3125 9.6875 10.3125 10.6875 11 11 11.5625 11.9375 12 12.1875 13 13.5625 13.875 14.125 14.9375 15.3125 15.625 16.125 16.4375 16.25 16.0625 16.25 16.25 16.25 16.0625 15.3125 14.625 14.4375 14.5 14 13.25 13.125 12.875
7 7 7 6.875 6.8125 6.625 6.5 6.3125 6.0625 6 6 6 6 6 6 6 6 6 6.0625 6 6 6 6 6 6.3125 6.25 6.4375 6.8125 8.125 9 9 9 9.4375 10.125 10.6875 11.125 11.5 11.5625 11.9375 12 12.3125 13.3125 14 14 14.4375 15.125 16.0625 16.375 16.625 17 17.125 17.5 17.875 18 17.625 17.375 17.1875 17.1875 16.625 16.25 15.5625 15.4375 15.0625 14.1875 14 13.8125
7.1875 7 7.125 7.25 7 7 7 7.125 7.1875 7.4375 7.0625 7.1875 7 6.5625 6.5 6.125 6.5 7 7.0625 6.8125 7 7.375 7.4375 7.5 8.5625 8.8125 9 9 9 9 9.375 9.8125 10.0625 11.125 11.5 11.9375 12 12 12.4375 13.5625 14 14.0625 14.75 15.75 16.125 17 17.75 17.875 18.0625 18.3125 18.4375 18.6875 18.75 18.875 19.125 19 18.25 18.25 18.3125 17.625 17.3125 16.625 16.4375 15.25 15.125 14.8125
8.3125 8.0625 8 8 7.9375 7.875 7.8125 8 8 8 8 8 8 7.4375 7.0625 6.875 7.875 8.5 8.625 8.875 9 9 9 9 9 9.1875 9.25 9.125 9.375 9.5625 9.9375 10.25 11.4375 12 12 12.0625 12.3125 12.8125 14 14.125 14.625 15.5625 16.75 16.9375 17.875 18.25 18.75 19 19.1875 19.6875 19.8125 20 20.5 20.5 20.1875 20.3125 20.125 19.5 19.3125 18.8125 18.1875 17.875 17.5 16.3125 16.25 16.4375
9 8.625 8.375 8.25 8.0625 8 8 8 8 8 8 8 8 8 7.875 7.8125 8.5625 9.125 9 9.1875 9.6875 9.75 9.6875 9.8125 10 10 10 10 10 10 10.75 11.875 12 12.3125 12.5625 13 13.5625 14.0625 14.5625 14.9375 16 17.625 18 18.0625 18.3125 19.5625 20.1875 20.4375 21.125 21.3125 21.5 21.375 21.4375 21.875 22.0625 21.4375 21.25 20.875 20.4375 20.4375 19.625 19.3125 18.5 17.625 17.4375 17.8125
9.5 9.8125 9.8125 9.625 9.5625 9.375 9.0625 8.5 8.1875 8.375 8.5625 8.5625 8.375 8.6875 8.6875 8.25 9.8125 9.9375 10 10 10 10 10 10 10 10 10.3125 10.375 10.6875 11.25 11.9375 12.3125 12.6875 13 13.125 14.25 14.9375 15 15.375 16.6875 17.875 18.3125 18.5625 18.9375 19.9375 20.875 21.4375 22.1875 23.125 23.125 23.25 23.4375 23.5625 23.75 23.3125 23 22.625 22.5625 22 21.75 21.3125 20.9375 20.25 19 18.6875 18.5
10 10 10 10 10 10 10 10 10 10 10 9.9375 10 9.875 9.5625 9.9375 10 10 10 10 10 10 10 10.125 10.375 10.5625 11 11 11.3125 12 12.8125 13 13 13.3125 14.75 15.1875 15.625 16.625 17.6875 18 18.875 19.8125 20.5625 20.75 21.5 22.5625 23.125 23.875 24.75 24.9375 25.375 25.9375 25.5 25.4375 25.4375 24.875 24.4375 24.0625 24 23.25 23 22.5 22.5 21.4375 20.0625 20.0625
10.9375 11.375 11.375 10.875 10.6875 10.3125 10.25 10.3125 10.3125 10.25 10.3125 10.25 10.375 10.5 10.375 10.625 10.5 10.5 10.625 10.9375 10.6875 10.6875 10.75 10.9375 11 11 11 11.1875 12.375 12.9375 13 13.375 14.0625 15.1875 15.875 16.6875 17 17.9375 18.5 19.125 20.4375 20.875 21.75 22.6875 23.3125 24.1875 25.625 26.6875 27.5 28.375 28.6875 29.125 28.875 28 27.9375 26.8125 26.625 26.0625 25.375 24.875 24.625 23.875 24.0625 22.9375 22.3125 21.875
12 12 12 12 12 12 12 11.6875 11.3125 11.25 11.125 11 11 11 11 11 11 11 11 11 11 11 11.25 11.4375 11.75 11.75 12.0625 12.9375 13.125 13.625 13.875 14.1875 15.6875 16.5625 17 17.5 18.5625 18.875 19.1875 20.3125 21.0625 22.4375 23.1875 23.9375 24.8125 26.25 27.5625 28.4375 29.5 30.5625 31.25 31.4375 31.125 30.625 30.625 30.375 29.25 28 27.5 27.1875 26.5 26.125 25.9375 25.1875 24.75 23.375
12.5625 12.5 12.625 12.5 12.5 12.6875 12.625 12.5625 12.5 12.625 12.5 12.25 12.25 12 11.875 11.875 11.6875 11.5 11.625 11.875 11.75 11.875 12 12 12.25 12.8125 13.125 13.4375 14 14.375 14.75 16.1875 17 17.1875 18.5 19 19.25 19.6875 20.6875 21.1875 22.3125 23.8125 25.375 26.5625 27.5625 28.3125 29.125 30.6875 31.75 33 34.25 33.75 33.4375 33.375 33 32.75 32.0625 31.4375 30 29.125 28.5625 28.1875 27.9375 27.125 26.625 25.5625
13.4375 13.1875 13 13 13.125 13.125 13.0625 13 13 13 13 13 13 13 13 13 12.75 12.5 12.375 12.5 12.5 12.75 13.25 13.5625 14 13.9375 13.875 14 14.5 15.625 16.625 17.125 17.625 18.5 19.125 19.6875 20.625 21.4375 22.0625 23.375 24.875 26.5 27.6875 28.25 28.6875 30.25 31.3125 32.625 34.5 36.1875 36.9375 36.5 36.625 36.375 35.75 35.5 35.1875 34.3125 33.125 31.625 31.0625 30.25 29.875 28.75 28.5625 27.6875
15 15 15 14.625 14.75 14.6875 14.3125 13.9375 13.875 13.8125 13.75 13.875 14 13.8125 13.75 13.8125 13.8125 13.625 13.75 13.8125 14 14 14 14 14.3125 14.625 14.375 15.5625 16 16.4375 17.4375 18 18.4375 19.5625 20 20.875 21.9375 23.125 24.3125 25.8125 27 28.25 29.25 29.8125 30.625 32.1875 34.375 36.375 37.625 38.5 39.3125 40.125 40.8125 40.5 40.0625 39.6875 38 37 36.0625 35.125 33.1875 32.5 31.5 30.75 30.625 30.3125
15.6875 15.625 15.5 15.5 15.5625 15.75 15.5625 15.5 15.4375 15.4375 15.25 14.875 14.6875 14.375 14.5 14.5 14.375 14.375 14.25 14.3125 14.25 14.5 14.6875 14.9375 15.8125 16 16 16.0625 16.625 17.6875 18.0625 18.5625 19.75 20.125 21.0625 22.3125 23.9375 25.3125 26.5625 27.625 28.8125 30 31 32.1875 33.375 35.375 36.9375 38.75 40.5625 41.5 42.5625 44.125 44 44.5 44.375 43.6875 42.25 40.375 38.75 37.25 36.375 35.4375 33.8125 33 32.6875 32.6875
16.375 16.4375 16.4375 16.5625 16.5 16.5 16.25 16.0625 16.125 16.3125 16.1875 16.0625 16.1875 16.25 16.25 16 15.75 15.5 15.25 15.125 15.4375 15.875 16.25 16.25 16.375 16.25 16.4375 17 18 18.375 19 19.625 20.3125 21.5 22.8125 24.4375 25.4375 26.875 28.25 29.375 30.6875 32 34.125 34.875 35.25 37.375 39.375 41.5 43.875 44.8125 45.4375 46.625 48.75 49.625 49.25 47.8125 45.5 43.8125 41.875 40.1875 31.8125 27.25 25 31.5 35.4375 35
18 18 18.0625 18.0625 18.0625 18.0625 17.9375 17.25 17.1875 17.6875 17.75 17.5625 17.4375 17.3125 17.25 17.0625 17.125 17.25 17.875 17.875 17.75 17.5 17.0625 17 17 17 17.3125 18.4375 18.9375 19 19.875 21.125 22.375 23.5625 24.4375 25.75 27.0625 28.75 29.8125 31.75 33.5 33.9375 36.1875 37.5625 38.5625 39.75 42.5625 44.6875 46.5 47.3125 47.875 49.1875 51.3125 52.3125 51.6875 50.375 48.125 44.375 41.5625 35.625 11.25 9.125 7.8125 5.75 11 11.1875
20.0625 19.5625 19.0625 19.25 19.25 19.125 19 18.9375 18.875 19.125 19.25 19.25 19.25 19.4375 19.375 19.375 19.4375 19.25 19 18.875 19 18.9375 19 18.9375 18.5625 18.5 19 19.0625 19.375 20.1875 21.875 22.9375 24 24.8125 25.875 26.9375 28.5625 30.375 32.5625 34.125 35.125 32.375 25.5625 24.4375 32.875 39.875 42.5625 46.625 48.6875 49.75 50.4375 51.75 53.3125 48.5 39.8125 34.875 36.625 26.8125 19.0625 14.9375 12.3125 10.0625 8.125 6 4.9375 3
22.125 21.9375 21.625 22.0625 21.75 21.625 21.4375 21.625 21.75 21.9375 21.75 22 21.875 22 21.4375 21.125 21.25 21.25 20.8125 20.625 20.375 19.9375 19.8125 19.625 19.375 19.625 20 20.3125 20.6875 22.25 23.1875 24.3125 25.1875 26.25 27.375 27.8125 25.5 22.5 30.5625 28.5625 29.5625 21.75 18.875 21.4375 23.0625 24.1875 32.125 36.4375 36.625 41.9375 52.1875 43.3125 38.75 37.375 27.5625 26.5 24.625 21.9375 18.5625 16.125 14.3125 11.0625 9 7 5.625 4.5
23.9375 23.75 23.8125 23.75 24.1875 24 23.875 24 24.0625 24 23.9375 23.75 23.6875 23.75 23.5625 23.25 23 22.75 22.4375 22.1875 22.0625 21.75 21.4375 21 20.875 21.1875 21.5625 22 22.8125 23.125 23.25 23.1875 19.1875 18.9375 17.6875 16.0625 14.8125 15.625 16.625 17.8125 19 20 21.25 23.1875 24.5 25.6875 27.5625 28.625 29.125 29.5625 31.625 30.25 30.125 30.25 29.8125 28.875 26.9375 24.25 21.375 18.25 15.6875 13.6875 10.875 8.6875 7.3125 6.375
25.8125 25.875 26 26.125 26.1875 25.875 25.8125 25.75 25.9375 26 26 25.9375 26 26 25.3125 25.125 24.9375 24.6875 24.5 24.3125 24.25 24.25 24.1875 23.8125 23.25 22.9375 20.9375 17.5625 15.625 12.1875 11 9.8125 11 12.8125 13.875 14.8125 15.625 16.625 18.125 19.625 20.5 21.875 23.125 24.625 26.1875 27.25 29.1875 30.0625 30.25 30.6875 30.9375 31.125 31.875 32.1875 31.75 30.125 28.6875 26.6875 24 20.75 18 15.5 13.5625 10.5 9.125 8.375
28 28.125 28.375 26.25 22.9375 24 22.9375 19.75 16.5625 15.5 15.5 15.3125 14.0625 18.1875 16.9375 10.9375 9.6875 10.8125 11.875 16 17.875 17.5 20.5625 16.6875 15.1875 11 8 8 8.375 9.1875 10.125 11.3125 12.875 13.9375 14.75 15.8125 17.125 18.5 19.4375 20.8125 22.625 23.875 25.0625 26.375 27.5625 29.625 31 31.75 32.25 32.8125 33.25 33.5625 34.375 34.5 34.0625 33.0625 31.3125 29 26.375 23.3125 20.375 18.125 16.0625 13.3125 11.625 10.125
