WorldClim_2.0_rasters/WC2.0_bio_06_16.asc
NCOLS 642 
NROWS 378 
XLLCORNER -19 
YLLCORNER 19 
CELLSIZE 0.166666666666667 
NODATA_value -1.7e+308 
[rows 294 to 314 of 378, columns 564 to 610 of 642]
3.7277499884367 2.49249999504536 -0.962250003358349 -7.51199999451637 -7.45850002765656 -7.52674996852875 -6.83875009045005 -9.04950003325939 -15.028500020504 -20.7789996862411 -23.7565001249313 -24.8772501945496 -26.9240000247955 -27.154749751091 -27.2752499580383 -26.1000000238419 -27.2790002822876 -28.866250038147 -28.1817501783371 -25.5852499008179 -26.6604999303818 -26.9449999332428 -23.6725002527237 -20.1560002565384 -24.4405000209808 -20.1677500009537 -21.0764999389648 -21.7780001163483 -20.9067500829697 -24.6615000963211 -27.7455002069473 -28.9792499542236 -23.9569998979568 -23.0242499113083 -23.1735001802444 -25.9645000696182 -25.1334998607635 -21.9414998292923 -20.7955000400543 -22.0709998607635 -20.5565000772476 -20.5852499008179 -19.6964999437332 -20.633000254631 -20.5530002117157 -20.4589999914169 -20.3277498483658
4.31624999642372 3.86775000393391 2.7902500256896 0.102250015363097 -2.02300001773983 -1.49600000446662 0.656000015325844 -4.86349993851036 -15.3842500448227 -18.2635000348091 -20.1397502422333 -24.6375000476837 -24.865749835968 -24.5942500829697 -27.2647500038147 -28.4192500114441 -27.677500128746 -28.2324999570847 -27.7412499189377 -24.9494998455048 -24.2255001068115 -23.9487500190735 -26.8410000801086 -20.2347500324249 -22.7432501316071 -25.4747500419617 -21.3647500276566 -21.6434999704361 -21.8002496957779 -23.1047501564026 -23.5487498044968 -27.6192499399185 -27.0442501306534 -23.4112499952316 -24.7174998521805 -30.1175001859665 -28.2467502355576 -23.3407502174377 -20.7812498807907 -22.4152501821518 -19.807000041008 -20.5345001220703 -20.856999874115 -20.2530000209808 -20.1097499132156 -19.7552503347397 -20.1179999113083
4.54749992489815 4.3924999833107 4.30050000548363 4.22474998235703 3.88424999266863 3.76849997788668 2.35849997680634 -2.24675000924617 -11.7057499736547 -17.269749879837 -20.0724999904633 -19.7315002679825 -21.5067498683929 -23.349750161171 -27.0064998865128 -27.4900000095367 -28.0660001039505 -28.616250038147 -28.9850000143051 -28.4160002470016 -27.6407500505447 -23.9867497682571 -26.6529998779297 -23.7835001945496 -25.2109999656677 -29.0144999027252 -27.3835000991821 -21.5992503166199 -20.9260001182556 -21.4837502241135 -21.4000000953674 -20.9730000495911 -21.2327499389648 -22.0057499408722 -23.4594999551773 -24.2507500648499 -25.1634999513626 -23.2537499666214 -22.8642497062683 -21.5365002155304 -21.921000123024 -20.1477499008179 -19.9205001592636 -18.7999999523163 -18.5264998674393 -18.4767500162125 -19.6212499141693
4.74249997735023 4.66524988412857 4.65725001692772 4.53649994730949 4.77949994802475 4.54224999248981 1.40500001655892 -4.49399997852743 -5.24725000560284 -9.09599995613098 -17.2624998688698 -19.8499999642372 -19.5477499365807 -20.1829999089241 -25.7134999036789 -25.5497500896454 -26.6059999465942 -25.0442498922348 -27.3224999904633 -29.0442500114441 -28.0245001316071 -24.6482501029968 -24.669499874115 -28.490000128746 -28.8620001077652 -27.2402499914169 -28.5022498369217 -27.7757499217987 -22.0612500905991 -20.4642502069473 -20.6314998865128 -21.5004999637604 -21.9767496585846 -23.1145000457764 -22.3907496929169 -21.8354998826981 -21.9187499284744 -22.776750087738 -24.0832500457764 -24.071750164032 -22.7690002918243 -20.0597499608994 -21.0037499666214 -23.8824999332428 -22.3577500581741 -20.7557499408722 -19.735750079155
4.88875007629395 4.80325004458427 4.86825013160706 4.89950010180473 4.76225003600121 4.69599995017052 4.68025003373623 2.64474995527416 -6.86349996551871 -9.13499999046326 -13.0699999034405 -19.3230001330376 -15.3875001072884 -12.374749943614 -22.9769999980927 -25.0882499217987 -28.8247500658035 -25.8144998550415 -23.4629998207092 -25.2757501602173 -27.4562500715256 -25.9367498159409 -21.3627501726151 -26.6512501239777 -27.1317499876022 -24.4114999771118 -25.1627498865128 -26.5557498931885 -27.4667501449585 -19.7517501115799 -22.9647500514984 -26.3299999237061 -22.2600001096725 -23.6612501144409 -21.2562497854233 -21.8937503099442 -22.8732500076294 -21.6660001277924 -23.7860000133514 -23.6942501068115 -22.7475000619888 -20.522750377655 -20.4645000696182 -19.4404997825623 -20.2409999370575 -22.4547498226166 -21.3802498579025
4.93500009179115 4.94100004434586 4.99125000834465 4.98949998617172 4.90900003910065 4.81775006651878 5.07275000214577 4.97275000810623 5.00149999558926 2.43524999544024 -2.7035000033211 -8.60975002124906 -4.18775003496557 -8.06375001370907 -16.0912501215935 -24.4730000495911 -28.1219999790192 -25.6579999923706 -22.9355001449585 -21.2632499933243 -21.2352498173714 -18.5960000157356 -24.391499876976 -28.5569999217987 -25.0129998922348 -23.0514999628067 -23.4392499923706 -23.9350001811981 -26.8802499771118 -24.9642499685287 -19.6554999351501 -24.9294999837875 -25.5970001220703 -24.427249789238 -22.6880000829697 -20.8259999752045 -21.6864998340607 -22.0582498311996 -23.4262499809265 -23.5717500448227 -21.2800002098083 -20.5347499847412 -21.4734998941422 -22.4409999847412 -23.5052499771118 -23.3177502155304 -24.3185000419617
4.99800002574921 5.08574998378754 5.1917499601841 5.19774994254112 5.06799992918968 5.08974999189377 5.41050001978874 5.03524994850159 5.05750003457069 5.23275002837181 4.88099996745586 2.19875000789762 0.225250004557893 -1.53750001918525 -11.4797500669956 -22.0662499666214 -24.5864999294281 -25.9747500419617 -24.4302500486374 -24.7737498283386 -24.4492499828339 -18.4729998111725 -25.5802499651909 -24.3677500486374 -25.4324998855591 -22.5847500562668 -21.3812500238419 -21.088250041008 -22.7520000934601 -28.3554999828339 -22.630499958992 -21.6969997882843 -27.7897500991821 -26.7239999771118 -23.2549998760223 -21.8072499036789 -22.4547498226166 -22.9032500982285 -22.3424998521805 -23.0820001363754 -21.7849999666214 -21.5747501850128 -20.5099999904633 -21.8569999933243 -24.1374998092651 -26.9290001392365 -24.174250125885
5.07599994540215 5.16024985909462 5.26375004649162 5.33975002169609 5.08099991083145 5.08399990200996 4.82175001502037 5.06550002098083 5.23275008797646 4.87099999189377 4.89649997651577 4.85849995911121 2.31349999364465 1.07399998046458 -4.55675001442432 -16.1657499670982 -21.6900000572205 -22.0847501754761 -23.3860000371933 -22.6189999580383 -16.7527498602867 -15.981999874115 -22.6262499690056 -18.1879999637604 -21.9000002145767 -20.2875000238419 -20.1399999856949 -20.4575001001358 -21.1857500076294 -24.3900001049042 -25.9402501583099 -20.5889999866486 -23.0104999542236 -28.7144999504089 -26.6060000658035 -23.2200001478195 -22.3879998922348 -23.0329998731613 -24.8137499094009 -23.1422499418259 -22.1499999761581 -22.3277499675751 -22.3047498464584 -23.1015002727509 -23.1752499341965 -24.0880000591278 -24.0464997291565
5.16399991512299 5.18049982190132 5.3189999461174 5.44675001502037 5.1834999024868 4.98000010848045 4.97824990749359 4.78600004315376 5.17724999785423 4.96275001764297 4.73049992322922 5.11249992251396 2.54125000163913 -1.60524998232722 -3.17074996978045 -7.24375004321337 -2.71650004386902 -5.09574998321477 -11.3830000013113 -13.0114998817444 -12.9542500376701 -22.1332501173019 -26.2837500572205 -23.5922498703003 -20.9337500333786 -20.9167498350143 -18.5742498636246 -18.1062499284744 -17.085749745369 -19.8887499570847 -26.2487499713898 -23.8090002536774 -20.8812499046326 -23.9882500171661 -28.0117502212524 -26.3385001420975 -25.2710001468658 -22.7552502155304 -24.5955001115799 -25.1744998693466 -23.371749997139 -23.1715000867844 -25.4232498407364 -22.1445000171661 -21.8597499132156 -22.7742500305176 -20.8972498178482
5.12499991059303 5.27175003290176 5.28375002741814 5.2627500295639 5.23299998044968 5.05599999427795 4.98000007867813 4.93775007128716 5.53300002217293 5.42849996685982 5.11324998736382 4.42974999547005 1.19775000819936 1.01749999821186 1.95124997571111 1.75124999694526 -1.88825003360398 -12.6382499933243 -14.7795001268387 -15.0119999647141 -22.0674999952316 -22.4424999952316 -25.8344997167587 -24.4622498750687 -25.1545000076294 -23.138249874115 -20.9457499980927 -19.0645002126694 -18.2784999608994 -17.5937502384186 -20.4515001773834 -24.9607499837875 -22.7345000505447 -22.276750087738 -26.5649998188019 -28.3387501239777 -26.1970001459122 -25.3930000066757 -25.233500123024 -25.085000038147 -26.3822500705719 -26.1614999771118 -24.1089999675751 -21.7302500009537 -22.3577499389648 -21.9577499628067 -20.4170000553131
5.23574993014336 5.33000013232231 5.22399991750717 5.21974995732307 5.29125002026558 5.27725005149841 5.13125002384186 5.00100010633469 5.04300007224083 5.35824996232986 5.2320000231266 4.34800001978874 4.32399994134903 3.67024997621775 1.03150000330061 -0.461250007152557 -0.321249987115152 -3.77249995991588 -7.30274996161461 -16.0645001828671 -22.4024999141693 -25.0207499265671 -26.2054997682571 -25.129499912262 -23.025249838829 -27.2089999914169 -25.9935002326965 -21.9937498569489 -21.6739999055862 -19.62600004673 -18.6119999885559 -21.2752499580383 -24.4077500104904 -22.0867502689362 -21.6902499198914 -25.0240001678467 -27.7582498788834 -27.53125 -28.443500161171 -26.9994999170303 -27.8167500495911 -26.4315000772476 -25.1627498865128 -25.8674999475479 -24.4629998207092 -22.315750002861 -20.6944999694824
5.29850003123283 5.33625018596649 5.33850014209747 5.31575006246567 5.46750006079674 5.5212499499321 5.55799996852875 5.45249995589256 5.53924998641014 5.35775002837181 5.21974995732307 4.8782499730587 4.11299999058247 2.78574996441603 2.45850001275539 -0.326000006403774 0.158500012825243 -1.58124997466803 -0.849500006064773 -5.94449998624623 -15.6714999675751 -21.9857498407364 -14.8349999189377 -16.9197499752045 -23.9710000753403 -27.8592499494553 -29.8557497262955 -28.9557501077652 -27.1327502727509 -22.2710002660751 -20.21875 -19.6087501049042 -20.2627500295639 -20.3404997587204 -20.2497498989105 -20.5194998979568 -23.1877499818802 -25.7030003070831 -27.207249879837 -28.0815000534058 -28.8377501964569 -28.974750161171 -27.7102500200272 -25.0252499580383 -28.9369999170303 -25.3092501163483 -23.1187497377396
5.19224989414215 5.32800009846687 5.36050006747246 5.44750007987022 5.49424999952316 5.56574994325638 5.67899999022484 5.86575001478195 5.76349991559982 5.35974997282028 5.52875000238419 5.01899994909763 4.32574997842312 3.95299997925758 0.878250000532717 1.44975001364946 2.48499999940395 2.68424998410046 1.84100001677871 -1.28724996931851 -5.57724995911121 -10.2464999035001 -14.4055000841618 -22.9890002012253 -23.9904999732971 -29.9007501602173 -25.8554999828339 -30.7522500753403 -27.1707501411438 -24.0007499456406 -21.8519997596741 -21.1412500143051 -21.7925001382828 -21.4507499933243 -21.2260000705719 -21.1790001392365 -20.8580000400543 -19.5097500085831 -20.8482500314713 -24.5060000419617 -24.8364999294281 -27.3702501058578 -26.8934999704361 -24.2402499914169 -26.8857500553131 -28.6275000572205 -27.8497499227524
5.19349989295006 5.35925015807152 5.47425001859665 5.45000001788139 5.44100001454353 5.56474992632866 5.69200000166893 5.72825002670288 5.77050006389618 5.26749995350838 5.74974998831749 5.84124997258186 4.93875001370907 4.37799997627735 3.50299993623048 2.96549998130649 3.74874997884035 2.17100000544451 3.08599998801947 1.81100000347942 2.00300003960729 -1.2437500046799 -9.54050016403198 -14.3515000492334 -17.2137500941753 -23.9337498545647 -19.1779999732971 -17.0202501118183 -20.6887499094009 -17.638249874115 -20.6845000982285 -24.7482500076294 -23.2174999713898 -22.2685002088547 -21.3199999332428 -20.8097501993179 -20.254499912262 -18.2780002355576 -16.1234999895096 -17.2702499628067 -20.8969997167587 -21.5312498807907 -23.4442499876022 -27.3435000181198 -27.5482499599457 -28.2457499504089 -29.0832501649857
5.27525010704994 5.34925013780594 5.48750001192093 5.54299998283386 5.61974990367889 5.68449997901917 5.83825016021729 5.8445001244545 5.70900002121925 5.3772499859333 5.44600003957748 5.56499990820885 5.84900000691414 5.73424994945526 5.36974999308586 5.01925003528595 5.04224996268749 4.31975002586842 3.42125001549721 3.27824998646975 2.9079999960959 1.59599999897182 -0.606000006198883 -2.51625000312924 0.653500011190772 -8.31174991652369 -8.87800006568432 -3.03350001585204 -12.0357499718666 -23.4522499442101 -25.1967502832413 -26.5565003156662 -26.729749917984 -25.942999958992 -23.2709999084473 -20.3987503051758 -18.7814999818802 -18.571249961853 -17.9007499814034 -18.0490002632141 -20.7512500286102 -25.0077496767044 -25.1017501354218 -22.4019998311996 -24.8500000238419 -24.8099998235703 -26.5874999761581
5.3265001475811 5.38900008797646 5.48950001597404 5.54974994063377 5.67149981856346 5.7169998884201 5.82250010967255 5.84400010108948 5.82775008678436 5.53775003552437 5.57550007104874 5.84774997830391 6.17550003528595 6.25124996900558 6.39150008559227 6.50650000572205 6.22824996709824 5.67649994790554 5.03399999439716 3.39650000631809 4.55449996888638 3.9470000192523 2.43375000078231 2.45125000178814 3.68749997764826 2.00524998060428 1.57924999762326 -3.76575003191829 -15.3060001134872 -23.9257501363754 -21.0917500257492 -21.9989998340607 -22.6597501039505 -25.616250038147 -26.2975002527237 -24.4337500333786 -17.0125001072884 -25.5475000739098 -28.2960000038147 -23.8669999837875 -25.2869999408722 -26.4227501153946 -27.399249792099 -24.6134999990463 -25.086000084877 -24.3092501163483 -23.9115000963211
5.49150002002716 5.51024994254112 5.51124995946884 5.58724990487099 5.71099987626076 5.77550008893013 5.86550012230873 5.87750002741814 5.90850004553795 5.77700006961823 5.97549998760223 6.24975004792213 6.32600006461143 6.4097501039505 6.57774993777275 6.45774999260902 6.31450000405312 6.24324998259544 6.23324996232986 5.42825001478195 4.86800003051758 5.17250004410744 5.48625001311302 4.75950001180172 3.53500002622604 4.59325002133846 2.09125000843778 -2.77174997329712 -13.5037498772144 -18.6822500228882 -18.044499784708 -11.309999935329 -20.4402498602867 -15.4600000977516 -20.0189998745918 -20.4837499856949 -19.3835000395775 -17.1005000472069 -23.6107499599457 -23.2624998092651 -24.0009998083115 -26.1524999141693 -26.2467498779297 -27.3420000076294 -25.5744999647141 -23.9442499876022 -23.5017499923706
5.69499987363815 5.59174996614456 5.57799994945526 5.62649986147881 5.75125002861023 5.77900010347366 5.89825010299683 5.90150010585785 6.05524989962578 6.12274992465973 6.29175007343292 6.40400007367134 6.55774992704391 6.58399996161461 6.7775000333786 6.71474999189377 6.72625005245209 6.63500002026558 6.65949994325638 6.73949998617172 6.08324998617172 5.6132500320673 4.38700005412102 3.94500002264977 1.79799998924136 2.11525000818074 2.27000002190471 1.9590000025928 0.0304999954532832 0.507749991957098 -0.602499988861382 0.591250012163073 -7.37099992483854 -4.16799999121577 -8.10624990984797 -16.2995000183582 -23.9767500162125 -21.969499707222 -19.4225001335144 -14.3262500464916 -14.3157498687506 -19.4575000405312 -21.4052502512932 -26.1095000505447 -25.8894996643066 -25.3992500305176 -22.8589998483658
5.81525015830994 5.73400005698204 5.67899990081787 5.64374989271164 5.60674992203712 5.66324996948242 5.90850010514259 6.05374991893768 6.08899992704391 6.09574991464615 6.15849989652634 6.26575005054474 6.5179999768734 6.80025005340576 6.81325009465218 6.71450001001358 6.79600003361702 6.75450006127357 6.90725004673004 7.03275001049042 5.89825004339218 5.30775001645088 5.6129999756813 4.22225002944469 3.70725001394749 4.83474996685982 4.35574997216463 4.24799999594688 4.91025002300739 4.50450006127357 4.45225004851818 3.9269999936223 -0.930499992333353 1.49274999927729 -4.13750000065193 -13.306499928236 -22.1142498254776 -16.5032499432564 -21.3442500829697 -17.7427500486374 -10.8637500405312 -4.57075003534555 -14.2884998321533 -17.5980000495911 -22.9507499933243 -24.0997498035431 -26.2787500619888
5.90525007247925 5.85525012016296 5.79150012135506 5.82800000905991 5.93575000762939 5.98375004529953 5.9240001142025 5.91525000333786 5.98474997282028 6.20174983143806 6.24849998950958 6.28825011849403 6.49974995851517 6.84175008535385 6.91225007176399 6.99424996972084 6.98249995708466 6.93850001692772 7.03099998831749 7.0519999563694 7.09274998307228 6.83499997854233 6.21475002169609 5.25350001454353 4.54550005495548 5.61749997735023 5.09074994921684 4.34624998271465 4.7627499550581 5.43224996328354 5.50025001168251 4.96900004148483 5.90174993872643 3.35774999856949 2.00425002537668 -2.97350002080202 -11.8637500405312 -5.66025008074939 -9.41524987574667 -13.3102498427033 -2.17925001308322 -0.925499995239079 -2.72375000827014 -15.2654997706413 -20.7707501649857 -19.0255000591278 -26.6667499542236
6.04249995946884 6.00824999809265 5.99050000309944 5.98025009036064 5.96650004386902 5.92150005698204 5.93225002288818 5.92250010371208 6.01549997925758 6.27600011229515 6.32500019669533 6.36925005912781 6.60099995136261 6.97974994778633 7.07549992203712 7.12024986743927 7.11774986982346 7.1807499229908 7.25874999165535 7.17799988389015 7.1664999127388 7.37100002169609 7.87900006771088 7.42500007152557 6.76450002193451 5.67250001430511 4.87174999713898 4.95350001752377 4.32824994623661 4.98875001072884 5.83124999701977 4.34875002503395 5.69775006175041 4.35074998438358 2.50274999812245 1.40425002761185 0.213250027503818 1.39275000616908 -1.94175003655255 -4.11949999918579 0.998750009108335 -0.789750002324581 -2.17150001972914 -4.64600002579391 -8.75399997830391 -12.3920001089573 -16.2882498502731
