WorldClim_2.0_rasters/WC2.0_bio_01_16.asc
NCOLS 642 
NROWS 378 
XLLCORNER -19 
YLLCORNER 19 
CELLSIZE 0.166666666666667 
NODATA_value -1.7e+308 
[rows 294 to 314 of 378, columns 528 to 575 of 642]
8.01438541105987 10.2475729553068 13.1818958562605 14.8494999685208 16.7990625020563 17.0303853985582 19.9050208684833 21.9048437109838 23.021208246549 23.4718853998929 23.7049062419683 23.7875208370388 22.7303437044223 23.5882917232811 23.7793437590202 23.6381875226895 23.6084583463768 23.5723958599071 23.2875000548859 22.9669061731547 22.8239374576757 22.5909166429192 22.2483853741239 22.2365312458326 22.3735729555289 22.7781666299949 22.9552917542557 23.2360312702755 23.2710520327091 23.0304688240091 22.8280103119711 22.4646874430279 22.4487707459678 22.344979164501 22.3166666061928 21.5220625226696 20.8324375022203 18.2900312425336 13.882770829999 7.66033333018034 8.32948959665373 8.36440627858974 8.95418748573866 7.06153126339389 3.51460415670105 -1.76445830989784 -6.06892708336818 -6.8647812630467
8.69521874611504 11.9618020987449 10.0575521001204 10.5326979262851 9.90965625486569 13.6020520640498 17.3763853870526 20.4435104328052 22.9150520631423 23.9141457962493 23.953822898368 24.0064896158874 23.520552072674 24.0354686509818 23.4881771504879 23.8589374714841 23.1565937710305 23.4578437010447 23.1203645865122 22.5423333663493 22.2561353910714 21.4990103772531 21.4234583502015 21.5970000078281 21.7949895455192 22.8271666659663 23.1673333458602 23.3160728029907 23.2424895465374 23.2441041842103 23.1797813239197 23.1363958890239 23.0982915870845 22.8964062320689 22.931479178369 22.4350208217899 21.9717499924203 20.4956666560223 17.8490417118495 14.5908854160128 12.4463541750617 13.1333437592063 15.8568645642372 10.5916666303917 2.72015624253982 0.75872917980693 -1.25176042394014 -7.31735418278064
10.8919999921539 11.3226041777913 8.35094789338473 8.72128124917314 11.3073750082403 14.5666666415345 17.2838333495699 18.3462709027032 22.5674270770202 23.8261354677379 24.1056562339266 24.1187083435555 23.9926666753987 23.9790313057601 23.0994791692744 24.1481041374306 23.8466875342031 22.2832916757713 21.155270813033 20.999052060768 22.2445937631031 22.8125520677616 23.5081146402905 23.5023020717005 23.5550833282371 23.4540833917757 23.4076875833174 23.3246041970948 23.2826353063186 23.262958376358 23.2646249495447 23.2035833969712 23.1381250446041 23.0687396451831 23.0337291285396 22.9163437659542 22.6484271424512 22.1605208503703 21.5733228462438 20.7610312861701 19.4978125309572 19.2093958317613 17.5500416800302 12.5570625520001 4.59047914771751 -0.459604135743575 -1.9611666603887 -0.330572942494958
14.1596041427304 11.3406875446672 11.6842499854392 13.8690104177319 14.4694062676863 17.3723750004186 20.9668645905331 22.4420104039212 23.9295103711387 24.0945624299347 23.9272083068887 23.4187083654106 23.1715103747944 23.6325833126903 23.735802102834 24.2553020852307 24.2412500008941 23.7366666533053 22.8488749718914 23.5189895822356 24.049125003318 23.9112813062966 23.8055105122427 23.633552134037 23.506760292997 23.3230833224952 23.3441979226967 23.3869582290451 23.2937604511778 23.2864062736432 23.2289479039609 23.1396875207623 23.1731875079373 23.158708324035 23.111843769749 23.0966458705564 23.0705312254528 23.0181145568689 22.770541643103 22.3111979278425 22.0705937805275 20.8207707994928 15.5976875289246 10.5872812263187 11.0132708254775 7.39814583375119 -0.114510411086182 -1.1690937376358
16.8884583233921 15.5621770859774 16.1556562762174 18.2506354579236 18.3331666406399 19.6407917160541 21.9030937266846 23.8344583113988 24.2592707661291 24.4336667321622 23.9746875005464 23.747864605238 23.6330416575074 23.9871145536502 24.2346457615495 24.4190937541425 24.3770416118205 24.3156042223175 24.2864687206844 24.2190312519669 24.0086353880664 23.9802604454259 23.8097917015354 23.7369272063176 23.5208541378379 23.523541615655 23.5240625391404 23.5406666845083 23.4551458259424 23.3233228462438 23.3386248859266 23.2759269761542 23.2121875000497 23.2243959195912 23.2430729356905 23.2101459999879 23.2317292702695 23.22904174154 23.2075625099242 23.0973750067254 22.593302073578 21.9751353735725 20.8189062060167 17.410062485879 8.17773960332852 6.94401041812186 4.06981250351722 -1.65153124854502
17.4398124601964 18.9362916776445 19.2345729138857 20.4771979786262 21.7253542020917 21.593395849069 23.6214062049985 24.3319479003549 24.4536353722215 24.5262082268794 24.6027812461058 24.4890207834542 24.027187447995 24.4338646121323 24.5311562294761 24.5510833188891 24.4607082692285 24.4751875326037 24.6260417637726 24.3381250227491 24.0343124978244 24.1477604644994 24.0553229115903 23.7544687576592 23.6770416883131 23.7214478986959 23.6299374674757 23.5875730725626 23.538625087589 23.3853645808995 23.3850312506159 23.3496041496595 23.2619790881872 23.2697811623414 23.2882603580753 23.3169791847467 23.3319998991986 23.2996041315297 23.2589374817908 23.2527395387491 23.0280728451908 22.451322901994 22.2183124621709 21.4858020916581 20.2534999915709 17.6556146459964 12.005468728467 6.57569790849811
15.7140416990951 19.4159583669583 20.6942604089466 20.1194478727411 20.7362187600229 18.3992500356981 23.0965103904406 24.5246458773812 24.6475937316815 24.6380208743115 24.5390000157058 24.1427292215327 24.3152500409633 24.6621874707441 24.8281979635358 24.7613437635203 24.7227708486219 24.7279270539681 24.6994583768149 24.4425937558214 24.2933333242933 24.1940208611389 24.1887083513041 23.9599479958415 23.9138749788205 23.8948645715912 23.8280625107388 23.6817499982814 23.5948855678241 23.4773750739793 23.4466457528373 23.4635624103248 23.4184790874521 23.4497707188129 23.428500097245 23.3764584784706 23.3207396529615 23.2965312302113 23.2807187959552 23.2841250138978 22.9835104172428 22.3813750247161 21.9120208285749 21.9829479791224 21.2823541698356 21.0794374980032 19.9637812394649 16.4835728769346
16.0356874971961 16.0577812771662 20.0045521018716 20.0797604257241 18.1918333484403 16.1499791848449 22.4620104636997 24.3892082882424 24.7273333358268 24.7604375183582 24.3284479354819 24.2813645837208 24.4355416707695 24.69766664505 24.8105209556719 24.9278437395891 24.8873958525558 24.9745311712225 24.7892291446527 24.4702812756101 24.4420313003163 24.3296146703263 24.1653125546873 24.1311355307698 23.9543645506104 24.0054270165662 23.9473333048324 23.7988852945467 23.7198333951334 23.682072956115 23.6088645756245 23.5870415779452 23.5956354240576 23.5350728506843 23.4834374897182 23.4458438244959 23.4045416836937 23.3852083707849 23.3309478970865 23.3720833075543 23.2585520943006 22.3805520882209 21.8049478617807 21.7592708803713 21.8511771000922 20.8358124966423 20.0342083542297 19.6433125069986
15.6504375083047 16.6718853743805 18.5443333466537 19.1431875101601 15.1844895479953 14.2919478995415 20.885333285667 23.6909478853146 24.7723646213611 24.7838021020095 24.3583957900604 24.1639895997941 24.6261978639911 24.8342081929247 25.0089166263739 25.0016145097713 24.9249480515718 24.9476562961936 24.7672811957697 24.5259480203191 24.4292814011375 24.3724479985734 24.2080938157936 24.1077084218462 24.0986354698737 24.1445312189559 24.0675415905813 23.947645748655 23.8355311602354 23.7799063324928 23.7174791954458 23.767291619132 23.6983229580025 23.6124895835916 23.5732603992025 23.4896041105191 23.4969584445159 23.4798020285865 23.4714791377385 23.466270857801 23.4157604078452 23.0858333744109 22.464666634798 22.3002186814944 21.5228020809591 20.9029895998538 20.2423541620374 20.2378750306865
15.4813853822804 17.2153854098287 19.3735832963624 17.5686354132874 15.6177395393606 15.5515416852819 19.2597604277156 23.7302812598646 24.8888228610158 24.9159999849896 24.4359999311467 24.449208267654 24.782229108115 24.9826354955634 25.0974167498449 25.1037396254639 25.0948333951334 25.044479260842 24.7693437722822 24.6020416356623 24.5236042179167 24.4303750358522 24.3402708619833 24.3092187990745 24.3312499423822 24.2785417897006 24.1131041571498 23.9864896225433 23.9686458023886 23.8521873553594 23.8265416510403 23.827093715469 23.7453958528737 23.6845415408413 23.636052004993 23.6195208455125 23.5948124577602 23.5828228505949 23.5998124716183 23.5362812690437 23.5158437490463 23.4169374567767 22.918249980857 22.6945208186905 22.2634479018549 21.7329479319354 21.3191979738573 19.2953437057634
16.8895833688369 18.4923854106964 17.8819271251559 16.27349998378 16.0007708381357 16.7631666460657 18.3944270501767 23.4496145918965 24.8480207907657 24.9714583766957 24.5494479400416 24.5859167439242 24.8626249680916 24.9451666089396 25.2343542861442 25.2693541360398 25.259645845741 25.1793750921885 24.7582292184234 24.7155729023119 24.7025000651677 24.5977500466009 24.5030937418342 24.4615521170199 24.3668124775092 24.2643749552468 24.1238125575085 24.0305418421825 23.9881249939402 23.9497499366601 23.9246145101885 23.8589689098299 23.8074687831104 23.7536458248893 23.7214895747602 23.6925520040095 23.6609167580803 23.6713228399555 23.6745729719599 23.6178855113685 23.5638438339035 23.4906563038627 23.408541602393 22.8337083173295 23.0558334104717 22.3773124814034 21.1595416925848 19.1834583083789
17.2405625279054 18.6386770976436 16.7568333334493 16.4662395626074 16.2478020513097 18.5333333050609 19.3479375081273 23.2883124450843 24.6796041242778 25.1328541797896 24.6552084237337 24.592479168127 24.8375104566415 24.9689166160921 25.3868645628293 25.3734479447206 25.3162915818393 25.0311458309491 24.679708344241 24.744895833234 24.7921457948784 24.6790104185541 24.5709375093381 24.4922604796787 24.4047812583546 24.2999478802085 24.2534062663714 24.1636771410704 24.0920833622416 24.0476249915858 24.0166457357506 23.9736667002241 23.9102499708533 23.891333386302 23.861156112204 23.7946562680105 23.730656294773 23.7310729064047 23.7076250836253 23.6250000024835 23.5596768260002 23.5086770666142 23.4583645425737 23.3714583006998 23.0292812002202 23.2151874005794 21.8615416524311 20.3236145724853
18.6217604071717 17.7542916799248 16.6973332844937 16.1493854058305 17.6676666426768 18.4516041627115 18.4739478797807 22.5957187078893 24.4981458956997 25.2712917737663 24.7931145131588 24.6719270584484 24.9160207087795 25.0598749245206 25.3154479476313 25.38684378316 25.2021041164796 24.8076770404975 24.7564165703952 24.8711979662379 24.8737395641704 24.7125519451996 24.608333359162 24.5253126174212 24.4678021781147 24.3592187985778 24.2652500147621 24.2755104713142 24.2733333992461 24.1908437212308 24.1036875632902 24.0425625108182 24.0278542575737 24.0052708660563 23.9798645588259 23.9527395144105 23.8242709971964 23.7686354232331 23.7283959438403 23.6700521111488 23.681270857652 23.6796980065604 23.5042292736471 23.4224895623823 23.3494270940622 23.2538853685061 22.775447934866 20.7219687532634
17.6939895399216 17.5045625053463 17.4307083140731 17.7299792023647 18.9722708735111 19.7456354429596 17.6314375042372 22.8413853608072 24.2691874826948 25.2773124873638 24.8038021127383 24.7886666456858 25.1586145448188 25.1645103891691 25.2476563590268 25.4900623870393 25.0264792094628 24.9002708693345 24.8539375377198 24.9321354292333 24.7936666024228 24.6445102716486 24.6206354213258 24.5749270754556 24.594593702505 24.4801144935191 24.5458437725902 24.4312604479492 24.3003854143123 24.2049061258634 24.2105624514321 24.1906042508781 24.1331458811959 24.1331145366033 24.0838854002456 24.0088541805744 23.9133750610054 23.8044583586355 23.7407187148929 23.7037500652174 23.6564167862137 23.581927071015 23.5057709179819 23.4584479394058 23.4045727749666 23.3768959032992 23.3976458609104 22.4844999884566
18.0485832944468 18.276166710828 18.5634895509769 19.6617291826018 20.1880208561197 20.3570415848323 19.9961874736473 23.2870104629546 24.0774791166186 25.2264583806197 24.940437429895 24.7633645882209 25.1556562023858 25.347823018829 25.3964791807036 25.2364896399279 24.9555835003654 24.8282499139508 24.8411145185431 24.7853644900024 24.7017291225493 24.6405415559808 24.6531561948359 24.6387915189067 24.7413853593171 24.7274166084826 24.6135936168333 24.4402187354863 24.3607813206812 24.3384896616141 24.3785937602321 24.2910208341976 24.2462707671026 24.1858437657356 24.1066771087547 24.029687470446 23.9558124976854 23.8998646276692 23.8157916590571 23.7639062007268 23.7099063346783 23.6526145587365 23.5608543468018 23.4945313123365 23.4833854213357 23.4784791966279 23.4139166325331 23.3749895306925
19.3890728864887 19.249666675382 19.6239374590805 19.6950416672044 19.5322291519648 19.4394479459685 19.6459479206242 22.6547083767752 24.2332916731636 25.3780521290998 25.0406770867606 24.7454166462024 25.106531187892 25.4171770388881 25.4359062748651 24.9935417075952 24.8386874720454 24.9137291212877 24.8665938042104 24.8393645795683 24.8439999582867 24.7536040966709 24.9014166221023 24.886718681703 24.8261145949364 24.6547707555195 24.6266041000684 24.5603644500176 24.5565624311566 24.4908436524371 24.4143540623287 24.3202083185315 24.2399062924087 24.2097916031877 24.1619478911161 24.1331354690095 24.0718436936537 23.9828645400703 23.900822835664 23.8636353462935 23.7631042959789 23.7040000110865 23.6456145942211 23.5711771535377 23.6135937732955 23.5801666366557 23.6022916945318 23.5099479233225
20.2681354234616 20.1188854386564 20.0505937041404 19.1592083158515 18.2053646053343 19.4853124958657 18.5109062304449 23.352156209449 24.7284270947178 25.381572958082 24.891750022769 24.8416667046646 25.171583433946 25.3282082701723 25.2134374429782 25.0469687357545 24.9700000410279 25.1500520544747 25.0823229129116 25.0972395117084 25.053041699032 25.0338436663151 25.0175937612852 24.8488124956687 24.8054583370686 24.7866666776439 24.8409270644188 24.8173749608298 24.7738749397298 24.9067499265075 24.5136979296803 24.3861041627824 24.3425624743104 24.3157812419037 24.2838436489304 24.2514582785467 24.1515833487113 24.0731874667108 24.0138645569483 23.948229222248 23.8570936446389 23.788135352234 23.7268228928248 23.6935625063876 23.695958348612 23.6291874113182 23.5818436443806 23.5334271465739
21.470458344246 20.3480000273945 19.7699166754028 18.1370520700972 19.0022083101212 20.3762812985418 19.8802603802954 24.2603436894715 25.7863021021088 25.483031257987 25.0454791945716 25.1216563420991 25.3426978575687 25.2254375355939 25.1201979294419 25.0588230292002 25.1674583355586 25.1283125107487 25.1377083944778 25.1123958428701 25.086249905328 25.0201353169978 25.0373749223848 25.0076875425875 25.1427814091245 25.200979275008 25.0330000544588 25.0811979422967 25.1039062303801 24.9804271372656 24.6309895602365 24.6175729495784 24.4961250138779 24.3864583012958 24.3923749886453 24.3068750003974 24.2283333428204 24.1763333156705 24.1113020541767 24.0285520541171 23.9589582482974 23.8997707689802 23.8425416015089 23.7991249722739 23.7455208202203 23.7004478772481 23.6404271808763 23.582073032856
19.8305625133992 19.10107296161 18.94940629341 20.3802187768742 20.726760359481 19.8375416525329 22.3242291410764 25.5035625621676 26.2086354133983 25.2697708917161 25.0351145602763 25.1626563034952 25.2720624879003 25.2141146026552 25.1008229504029 25.1181875268618 25.080739715447 25.0483229768773 25.0470207482576 25.0492082784573 25.0894999591013 25.1003438147406 25.1743021160364 25.2283126550416 25.3460937775671 25.4013541663686 25.3262708609303 25.3142083498339 25.200208388269 25.1249062741796 25.043770827353 24.9171979265908 24.7734375136594 24.5710105312367 24.5678646626572 24.4717708441118 24.3747708462179 24.3008957728744 24.2270312992235 24.1788645299772 24.1204167294006 24.0385624940197 23.9604166472952 23.8967292035619 23.8146770286063 23.7870207217832 23.7542395455142 23.7276145542661
20.9694687585967 21.003562496199 21.718854226172 21.8530311988046 21.9319062425444 21.0278750608365 25.5204479297002 26.4597500786185 25.9444167166948 25.1702084342639 25.1651667008797 25.1330521802108 25.1955625526607 25.2028021092216 25.1965312833587 25.139375153929 25.2359479106963 25.1857812578479 25.0433332708975 25.2445937208831 25.2284270438055 25.4271771075825 25.4513749529918 25.6690000034869 25.5234583467245 25.3795415920516 25.471781377991 25.4268334582448 25.2972604607542 25.2226874853174 25.1834999620914 25.0663541294634 24.9613019675016 24.812572941184 24.7641042396426 24.6349062994122 24.5033020724853 24.3917501258353 24.296906311065 24.2358332760632 24.1104166582227 24.0921248905361 24.0593333132565 24.0437084163229 24.046864643693 23.8927603972455 23.8595104602476 23.8789896642168
22.9761665730427 22.3648124722143 22.5641561647256 22.9824375230819 22.5909271035343 23.0967813109358 26.2714374425511 26.3144479108353 25.4113438489536 25.2860937863588 25.2399687642852 25.1829063209395 25.2821874171495 25.391687468936 25.2910936983923 25.2481562395891 25.1837916113436 25.1519062543909 25.329687419037 25.6250729709864 25.8965728394687 25.7406041622162 25.7898333172003 25.8322291299701 25.6072812850277 25.5141979580124 25.6250519963602 25.5125938815375 25.4543230297665 25.3696355521679 25.1367187425494 25.0361145908634 24.9243125195305 24.7293645081421 24.6697395655016 24.6016042195261 24.5706561940412 24.4200936940809 24.3822084019582 24.3177916184068 24.2935834390422 24.257802101473 24.2519167599579 24.2175520670911 24.1725312955678 24.0635104390482 24.00485413149 24.0224792522689
