WorldClim_2.0_rasters/WC2.0_bio_09_16.asc
NCOLS 642 
NROWS 378 
XLLCORNER -19 
YLLCORNER 19 
CELLSIZE 0.166666666666667 
NODATA_value -1.7e+308 
[rows 357 to 377 of 378, columns 329 to 375 of 642]
20.6342081824939 20.7941250006358 20.8770526548227 15.2191932698091 -1.7e+308 -1.7e+308 -1.7e+308 -1.7e+308 -1.7e+308 -1.7e+308 -1.7e+308 -1.7e+308 -1.7e+308 -1.7e+308 -1.7e+308 -1.7e+308 -1.7e+308 -1.7e+308 -1.7e+308 17.990710357825 32.9838333129883 34.1320833563805 34.0505416591962 32.6282499432564 32.167666554451 29.6077082753181 29.8129583398501 31.9832081993421 33.4962917367617 33.6573749979337 33.1557082732519 33.2291248440742 33.83066680034 34.5880833864212 35.0576250155767 35.1097500125567 34.7438332041105 34.1507918437322 34.0214584668477 34.7696250875791 34.921125292778 35.3920417626699 35.5274165670077 35.3451251188914 34.9396666487058 34.5105000535647 34.1002917488416
20.3744167089462 20.0907083153725 20.0483750204245 20.3828472097715 22.2461038430532 -1.7e+308 -1.7e+308 -1.7e+308 -1.7e+308 -1.7e+308 -1.7e+308 -1.7e+308 -1.7e+308 -1.7e+308 -1.7e+308 -1.7e+308 -1.7e+308 -1.7e+308 -1.7e+308 22.0244010090828 33.3608749508858 34.2863750259081 33.8519582947095 33.9130833546321 32.5966665546099 30.0461249550184 29.2996250589689 31.4007083574931 32.8587915897369 33.4927918116252 33.4113332827886 33.2865831851959 33.2790417472522 33.5496667822202 34.8746665716171 34.5846667687098 34.8821249604225 34.0695832769076 33.973208228747 34.4120832482974 35.2232082486153 35.5454584161441 35.6731666525205 35.646041671435 35.519750058651 34.9591250220935 34.31183330218
20.5582500000795 20.2827916344007 18.6634583473206 19.2375416855017 20.559000035127 26.6300742328167 -1.7e+308 -1.7e+308 -1.7e+308 -1.7e+308 -1.7e+308 -1.7e+308 -1.7e+308 -1.7e+308 -1.7e+308 -1.7e+308 -1.7e+308 -1.7e+308 -1.7e+308 32.0059824387233 32.8644167383512 33.9664167563121 34.1292917728424 33.8518334031105 33.1486250162125 31.5717084209124 30.5022082726161 31.2646666765213 32.0977916518847 32.4539582928022 32.7871668140093 32.9229997595151 33.2261668642362 33.9485417207082 34.6576667428017 33.8457500934601 34.7163751920064 34.3644999663035 34.889250099659 35.1060416698456 34.8972918192546 35.4379168748856 35.7020419041316 35.7530834476153 35.6663331786792 35.3573749860128 34.6203750173251
20.3755000134309 20.3234166403612 19.2822916607062 17.1311666220427 19.0340416977803 20.9559583365917 -1.7e+308 -1.7e+308 -1.7e+308 -1.7e+308 -1.7e+308 -1.7e+308 -1.7e+308 -1.7e+308 -1.7e+308 -1.7e+308 -1.7e+308 -1.7e+308 16.091369231542 32.1435506939888 32.9354998866717 33.9916251103083 33.9345834056536 34.1285001238187 33.7445831894875 32.7831250429153 31.7472916841507 31.5299583276113 31.428916712602 31.6644998590151 32.0542084376017 32.4907084107399 32.9906249245008 33.962583343188 34.7322084108988 34.2427500486374 34.4369582136472 34.6115833322207 34.3692499200503 35.2645417054494 35.0490832130114 34.9781665007273 35.47454170386 35.7746249437332 35.602166891098 35.5989166498184 35.083875199159
20.4736666381359 20.4363749921322 19.5892917017142 18.3109167615573 18.8161665598551 20.7524584432443 11.4207694033782 -1.7e+308 -1.7e+308 -1.7e+308 -1.7e+308 -1.7e+308 -1.7e+308 -1.7e+308 -1.7e+308 -1.7e+308 -1.7e+308 -1.7e+308 -1.7e+308 24.0681564211845 32.8662914435069 33.6614165504774 34.9644583066305 34.8830417195956 34.6242916584015 32.8573747674624 31.4194164673487 31.3102083206177 30.5707915623983 30.7354583938917 31.4060417612394 31.8656667073568 32.3800834616025 32.6428332726161 34.1979999343554 34.1898332039515 33.9696249763171 34.8235832651456 34.7468747496605 35.1872915625572 35.5233750939369 35.3459584712982 35.3498749136925 35.7948334018389 35.7647917071978 35.6963334083557 35.4156251549721
20.3726666768392 20.3541666865349 19.3954999943574 18.575083275636 19.2590417464574 20.7622500061989 17.2503645817439 -1.7e+308 -1.7e+308 -1.7e+308 -1.7e+308 -1.7e+308 -1.7e+308 -1.7e+308 -1.7e+308 -1.7e+308 -1.7e+308 -1.7e+308 -1.7e+308 16.1543794473012 32.3942501942317 33.3141667246819 34.2641666928927 35.282500008742 34.6991665561994 33.5465832750003 30.9119583368301 29.3593750397364 29.4899167219798 29.9459167122841 30.6411248644193 31.2713333169619 31.9129167199135 32.1279583970706 33.6029999256134 33.9789582888285 34.4654997388522 34.5866249402364 34.231541732947 34.7856249411901 35.2424584229787 35.1785832643509 35.2588747342427 35.7640833059947 35.897250076135 35.9662498831749 35.8206666310628
20.3931249578794 20.4808333814144 20.1053333083789 18.9654166102409 19.3552083671093 20.2661250332991 22.8403127690156 -1.7e+308 -1.7e+308 -1.7e+308 -1.7e+308 -1.7e+308 -1.7e+308 -1.7e+308 -1.7e+308 -1.7e+308 -1.7e+308 -1.7e+308 -1.7e+308 -1.7e+308 32.4683915575345 33.7614167730014 34.7719583511353 35.2973750829697 35.2478333115578 33.9212915897369 27.7883334805568 27.1182916462421 28.7271666526795 29.2900415062904 30.0305833816528 30.6193333268166 31.3089166680972 31.7406250039736 33.6937082807223 33.8365416526794 34.0713334083557 33.75579170386 33.0119999845823 34.4913750092189 35.2347497542699 35.1108750899633 35.1147081057231 35.6992915471395 35.7447500626246 35.9704166054726 35.9595414201419
20.4056667188803 20.244124998649 20.020249992609 19.0106250445048 18.5745416184266 19.8166666328907 22.2804999947548 25.9622742732366 -1.7e+308 -1.7e+308 -1.7e+308 -1.7e+308 -1.7e+308 -1.7e+308 -1.7e+308 -1.7e+308 -1.7e+308 -1.7e+308 -1.7e+308 -1.7e+308 32.5741608937581 33.076625029246 34.3374999960264 35.0136249264081 35.5452084541321 33.4545417030652 22.183749973774 23.4874583135049 28.2340417305628 29.0067916512489 29.3167499899864 29.8596666256587 30.7050833106041 32.0335415800412 33.4519169529279 33.4744166135788 33.4192081689835 32.549041668574 32.6782084107399 34.4234999418259 35.1423749725024 35.4173334042231 35.6408336361249 35.3692500988642 35.3350418607394 35.5227914651235 35.8439166148504
20.4613748689493 19.2820416291555 19.1959167321523 18.892291645209 18.9344998995463 19.6279582778613 21.6738749245803 24.911458214124 24.119758327802 -1.7e+308 -1.7e+308 -1.7e+308 -1.7e+308 -1.7e+308 -1.7e+308 -1.7e+308 -1.7e+308 -1.7e+308 -1.7e+308 -1.7e+308 26.5852989753087 32.925624926885 33.4394582509995 34.5225831866264 35.0806249777476 31.7042916417122 22.3775832404693 17.4657498896122 24.4805000126362 18.2915000319481 24.4919166763624 29.5454166730245 30.9604999423027 32.1127083897591 32.8492082754771 32.7977082928022 32.1590417027473 31.6544583241145 33.3565415740013 34.9222500522932 35.0789999961853 35.066333313783 35.1455832322439 35.2052502036095 35.1427084207535 35.2631249229113 35.4902083675067
20.8680416742961 19.344375004371 19.5789583921432 19.5350416600704 19.5871667265892 19.4141249557336 19.7945833702882 23.0681119561195 -1.7e+308 -1.7e+308 -1.7e+308 -1.7e+308 -1.7e+308 -1.7e+308 -1.7e+308 -1.7e+308 -1.7e+308 -1.7e+308 -1.7e+308 -1.7e+308 -1.7e+308 32.8366039395332 33.6694582104683 34.7720416784286 34.969000061353 32.7279583414396 33.3730417291323 31.3752084771792 30.4696666002274 14.7525417034825 15.3973750720421 28.7378334800402 31.0517083605131 31.9265832503637 32.0340416431427 32.0082501173019 31.5137500762939 31.970624824365 33.7818333506584 34.7659165461858 34.6379583875338 34.778458237648 35.0019999146462 34.8139582077662 35.0381249785423 35.3714584112167 35.5168749491374
20.6640834212303 20.1515416900317 19.9172083536784 19.9347916841507 19.5770417451859 18.4948750933011 19.1384582767884 22.8791249295076 -1.7e+308 -1.7e+308 -1.7e+308 -1.7e+308 -1.7e+308 -1.7e+308 -1.7e+308 -1.7e+308 -1.7e+308 -1.7e+308 -1.7e+308 -1.7e+308 -1.7e+308 -1.7e+308 33.2275277773539 33.7545833388964 34.7261666854223 33.2917081912359 32.1019167900085 32.9183335105578 32.2060833970706 23.7795833225052 13.4189166774352 20.9519166052341 30.0365416208903 31.2479166587194 31.2659999330839 31.6771666208903 32.1011249820391 32.7099583347638 33.7298334042231 34.5309584736824 34.7286250392596 34.5947500665983 34.7205834190051 34.4116667310397 34.8634166518847 35.0689583619436 35.0976249178251
20.6392500698566 19.9778750439485 20.3133749564489 20.3814167181651 19.3281249602636 19.205625017484 20.5721666415532 21.907791574796 -1.7e+308 -1.7e+308 -1.7e+308 -1.7e+308 -1.7e+308 -1.7e+308 -1.7e+308 -1.7e+308 -1.7e+308 -1.7e+308 -1.7e+308 -1.7e+308 -1.7e+308 -1.7e+308 22.738654812177 33.4627917011579 34.2085000276566 34.4825832247734 34.1093751589457 35.0129167238871 32.1946666836739 30.8019166986148 21.5036250203848 14.9102917810281 21.6565832843383 19.9203750093778 22.5908750196298 27.9426250656446 32.0325833956401 32.9438334306081 33.1244999567668 34.0242499510447 34.5582916339239 34.389625052611 34.5804999272029 33.9074586431185 34.1955416401227 35.0134167472521 34.6723748842875
20.8577499985695 20.7439583837986 20.3520416915417 20.337958385547 19.0696250647306 18.6621249318123 20.6809167166551 22.3025832970937 -1.7e+308 -1.7e+308 -1.7e+308 -1.7e+308 -1.7e+308 -1.7e+308 -1.7e+308 -1.7e+308 -1.7e+308 -1.7e+308 -1.7e+308 -1.7e+308 -1.7e+308 -1.7e+308 -1.7e+308 26.815162062645 33.6129164894422 34.5155418316523 35.1470000743866 35.2751251459122 34.4163333574931 32.865374982357 33.0901250441869 22.0697917093833 15.0303750435511 15.9888333529234 17.5058334271113 18.2199582854907 23.8684999744097 28.3848749001821 30.1282082001368 33.4303750594457 34.008708178997 34.1826249957085 34.2495833436648 33.5119582017263 33.7612081964811 34.7807081739108 34.7155834237735
21.8262083232403 21.0284167031447 20.6322917441527 20.2627500295639 18.6679582695166 18.9803750018279 20.8081666529179 23.6648749609788 -1.7e+308 -1.7e+308 -1.7e+308 -1.7e+308 -1.7e+308 -1.7e+308 -1.7e+308 -1.7e+308 -1.7e+308 -1.7e+308 -1.7e+308 -1.7e+308 -1.7e+308 -1.7e+308 -1.7e+308 -1.7e+308 -1.7e+308 28.874937415123 34.4532715876897 35.3362916111946 35.4343749880791 33.9076248208682 34.2381249864896 33.8697083791097 16.8783334145943 14.2507500201464 16.8602916797002 18.1372500260671 19.0757916967074 21.3464999099573 21.86691664656 28.9735833207766 30.8008749783039 33.4409168362617 32.9068333307902 32.2283748785655 33.1712081432343 34.3840416669846 34.7289999127388
21.9620833992958 21.3510833581289 21.1937500635783 20.050208379825 19.1397083699703 19.4289999405543 21.3079999685287 24.7578333417575 -1.7e+308 -1.7e+308 -1.7e+308 -1.7e+308 -1.7e+308 -1.7e+308 -1.7e+308 -1.7e+308 -1.7e+308 -1.7e+308 -1.7e+308 -1.7e+308 -1.7e+308 -1.7e+308 -1.7e+308 -1.7e+308 -1.7e+308 -1.7e+308 -1.7e+308 29.8331161936124 34.9074998696645 35.2563333710035 34.8000416358312 34.2844998836517 25.7038334061702 13.5474583233396 15.0448332528273 17.3824167748292 18.4492082893848 18.8332917094231 22.5738749404748 23.0942500730356 26.791749984026 24.4092501103878 24.5246248940627 26.3648749689261 29.4327916701635 34.5739166537921 34.5712502002716
21.0660417079926 21.0910000701745 20.9320416649183 19.6259167293708 19.4546250700951 18.6787499984105 21.3110416928927 23.5445417265097 14.6602347691854 -1.7e+308 -1.7e+308 -1.7e+308 -1.7e+308 -1.7e+308 -1.7e+308 -1.7e+308 -1.7e+308 -1.7e+308 -1.7e+308 -1.7e+308 -1.7e+308 -1.7e+308 -1.7e+308 -1.7e+308 -1.7e+308 -1.7e+308 -1.7e+308 -1.7e+308 27.5500052769979 34.8999582529068 34.4855418403943 34.4632917046547 32.0266251166662 27.7781250923872 14.7733750641346 15.6903333514929 17.2021666268508 19.6156666974227 22.578958372275 23.2784166932106 23.6898750166098 23.441875030597 22.7305000027021 22.5032083292802 25.9459582368533 31.9920833110809 34.0330416361491
21.3482916752497 20.8900000254313 20.4032917420069 19.8542916576068 19.7733750144641 20.2072083850702 21.7462916870912 23.8538749118646 22.1011511484782 -1.7e+308 -1.7e+308 -1.7e+308 -1.7e+308 -1.7e+308 -1.7e+308 -1.7e+308 -1.7e+308 -1.7e+308 -1.7e+308 -1.7e+308 -1.7e+308 -1.7e+308 -1.7e+308 -1.7e+308 -1.7e+308 -1.7e+308 -1.7e+308 -1.7e+308 -1.7e+308 27.0413347681363 34.8837915460269 35.1479999621709 32.52800009648 32.9685416420301 29.0386249820391 23.2987083892028 18.2042500426372 18.5951666037242 21.6794166167577 23.1317083040873 23.3592915932337 22.9893750150998 22.5110416511695 22.9288750787576 23.8069583078225 26.5710000395775 30.9357917308807
21.3919999996821 20.8902083535989 20.5457916458448 20.1627083917459 20.3980832695961 20.6472917397817 20.9030833542347 24.8214167157809 16.6995729207993 -1.7e+308 -1.7e+308 -1.7e+308 -1.7e+308 -1.7e+308 -1.7e+308 -1.7e+308 -1.7e+308 -1.7e+308 -1.7e+308 -1.7e+308 -1.7e+308 -1.7e+308 -1.7e+308 -1.7e+308 -1.7e+308 -1.7e+308 -1.7e+308 -1.7e+308 -1.7e+308 -1.7e+308 32.1480558315913 35.1083334287008 34.7357083757718 33.6015834013621 31.7724166711171 30.2845001220703 16.2959165871143 18.4547499865293 21.5672082901001 22.3195832471053 22.6484583119551 22.6785832643509 22.0204999943574 22.7118332882722 23.5937916437785 26.122166633606 27.7390001316865
21.6985833843549 21.3086249728998 20.7216666738192 20.1138749917348 20.2358750104904 20.3863333364328 22.4572499791781 24.0841250618299 26.9726832509041 -1.7e+308 -1.7e+308 -1.7e+308 -1.7e+308 -1.7e+308 -1.7e+308 -1.7e+308 -1.7e+308 -1.7e+308 -1.7e+308 -1.7e+308 -1.7e+308 -1.7e+308 -1.7e+308 -1.7e+308 -1.7e+308 -1.7e+308 -1.7e+308 -1.7e+308 -1.7e+308 -1.7e+308 16.3679270148277 34.5693333347638 35.3912499944369 34.4429582357407 32.9405832489332 27.6747918128967 22.2637083828449 16.8536249746879 19.2912082970142 21.1883333325386 21.722916662693 21.9831666747729 22.2882500290871 22.9296666284402 23.7017084459464 26.9374582767487 27.2608748972416
22.6209166049957 21.6796666880449 21.0707916816076 19.7948333223661 20.1455417076747 20.1743333141009 23.0397499402364 24.1301667094231 28.3662251929442 -1.7e+308 -1.7e+308 -1.7e+308 -1.7e+308 -1.7e+308 -1.7e+308 -1.7e+308 -1.7e+308 -1.7e+308 -1.7e+308 -1.7e+308 -1.7e+308 -1.7e+308 -1.7e+308 -1.7e+308 -1.7e+308 -1.7e+308 -1.7e+308 -1.7e+308 -1.7e+308 -1.7e+308 -1.7e+308 29.3321508963903 34.9007083574931 32.9555831551552 30.405791759491 26.2280834515889 25.2608333925406 16.3011249949535 17.749416783452 20.3696667055289 21.4283333222071 21.8651665846507 21.8850833574931 22.6227084199587 23.8182916442553 26.3262917002042 26.8411249319712
22.9454583128293 22.3040832479795 21.0951249599457 19.9939583142598 20.1212082703908 20.1567916870117 22.0725417037805 23.9206249515216 25.7646666268508 -1.7e+308 -1.7e+308 -1.7e+308 -1.7e+308 -1.7e+308 -1.7e+308 -1.7e+308 -1.7e+308 -1.7e+308 -1.7e+308 -1.7e+308 -1.7e+308 -1.7e+308 -1.7e+308 -1.7e+308 -1.7e+308 -1.7e+308 -1.7e+308 -1.7e+308 -1.7e+308 -1.7e+308 -1.7e+308 -1.7e+308 34.2487082481384 30.0113752881686 28.1803333560626 26.3270833392938 26.7846666971842 19.6997916251421 16.9568750013908 19.7838333249092 21.0843749046326 21.222041507562 21.4292917450269 21.8699165980021 23.9084167182446 25.4223332703114 26.3475001355012
